[[[1.676, 1.677, 1.677, 1.676, 1.677, 1.675, 1.675, 1.676, 1.675, 1.676],
[1.677, 1.677, 1.677, 1.676, 1.676, 1.674, 1.673, 1.673, 1.673, 1.672],
[1.677, 1.677, 1.676, 1.677, 1.677, 1.670, 1.670, 1.670, 1.670, 1.670],
[1.676, 1.676, 1.677, 1.676, 1.676, 1.675, 1.675, 1.675, 1.675, 1.674],
[1.677, 1.676, 1.677, 1.676, 1.677, 1.681, 1.680, 1.679, 1.679, 1.681],
[1.675, 1.674, 1.670, 1.675, 1.681, 2.769, 2.765, 2.758, 2.764, 2.759],
[1.675, 1.673, 1.670, 1.675, 1.680, 2.765, 2.765, 2.757, 2.761, 2.760],
[1.676, 1.673, 1.670, 1.675, 1.679, 2.758, 2.757, 2.747, 2.751, 2.751],
[1.675, 1.673, 1.670, 1.675, 1.679, 2.764, 2.761, 2.751, 2.757, 2.755],
[1.676, 1.672, 1.670, 1.674, 1.681, 2.760, 2.760, 2.751, 2.755, 2.754],
],
[[1.676, 1.676, 1.677, 1.677, 1.676, 1.675, 1.678, 1.677, 1.675, 1.676],
[1.676, 1.676, 1.677, 1.676, 1.677, 1.672, 1.678, 1.677, 1.678, 1.675],
[1.677, 1.677, 1.677, 1.676, 1.676, 1.672, 1.677, 1.680, 1.681, 1.677],
[1.677, 1.676, 1.676, 1.677, 1.677, 1.674, 1.680, 1.675, 1.675, 1.675],
[1.676, 1.677, 1.676, 1.677, 1.676, 1.681, 1.679, 1.682, 1.676, 1.678],
[1.675, 1.673, 1.672, 1.674, 1.681, 2.239, 1.700, 1.689, 1.657, 1.691],
[1.678, 1.678, 1.677, 1.680, 1.679, 1.700, 2.156, 1.698, 1.682, 1.643],
[1.677, 1.677, 1.680, 1.675, 1.682, 1.689, 1.698, 2.159, 1.672, 1.666],
[1.675, 1.678, 1.681, 1.675, 1.676, 1.657, 1.682, 1.672, 2.133, 1.651],
[1.676, 1.675, 1.677, 1.675, 1.678, 1.691, 1.643, 1.666, 1.651, 2.200],
],
[[1.676, 1.676, 1.677, 1.676, 1.676, 1.675, 1.676, 1.678, 1.677, 1.677],
[1.676, 1.676, 1.676, 1.676, 1.676, 1.678, 1.675, 1.675, 1.678, 1.678],
[1.677, 1.676, 1.676, 1.677, 1.676, 1.677, 1.673, 1.680, 1.676, 1.673],
[1.676, 1.676, 1.677, 1.675, 1.677, 1.677, 1.678, 1.676, 1.677, 1.676],
[1.676, 1.676, 1.676, 1.677, 1.676, 1.677, 1.678, 1.674, 1.676, 1.674],
[1.675, 1.678, 1.677, 1.677, 1.677, 1.897, 1.671, 1.694, 1.675, 1.663],
[1.676, 1.675, 1.673, 1.678, 1.678, 1.671, 1.880, 1.684, 1.681, 1.673],
[1.678, 1.675, 1.680, 1.676, 1.674, 1.694, 1.684, 1.873, 1.672, 1.676],
[1.677, 1.678, 1.676, 1.677, 1.676, 1.675, 1.681, 1.672, 1.838, 1.688],
[1.677, 1.678, 1.673, 1.676, 1.674, 1.663, 1.673, 1.676, 1.688, 1.868],
],
[[1.676, 1.676, 1.676, 1.677, 1.677, 1.676, 1.676, 1.676, 1.675, 1.680],
[1.676, 1.677, 1.677, 1.676, 1.677, 1.678, 1.677, 1.677, 1.674, 1.675],
[1.676, 1.677, 1.676, 1.676, 1.677, 1.677, 1.676, 1.677, 1.678, 1.675],
[1.677, 1.676, 1.676, 1.678, 1.676, 1.677, 1.675, 1.674, 1.676, 1.677],
[1.677, 1.677, 1.677, 1.676, 1.675, 1.677, 1.679, 1.680, 1.675, 1.673],
[1.676, 1.678, 1.677, 1.677, 1.677, 1.758, 1.676, 1.674, 1.675, 1.688],
[1.676, 1.677, 1.676, 1.675, 1.679, 1.676, 1.787, 1.677, 1.676, 1.673],
[1.676, 1.677, 1.677, 1.674, 1.680, 1.674, 1.677, 1.808, 1.677, 1.665],
[1.675, 1.674, 1.678, 1.676, 1.675, 1.675, 1.676, 1.677, 1.781, 1.679],
[1.680, 1.675, 1.675, 1.677, 1.673, 1.688, 1.673, 1.665, 1.679, 1.818],
],
[[1.676, 1.677, 1.677, 1.677, 1.676, 1.676, 1.675, 1.677, 1.678, 1.677],
[1.677, 1.677, 1.676, 1.677, 1.676, 1.677, 1.674, 1.675, 1.677, 1.677],
[1.677, 1.676, 1.677, 1.677, 1.676, 1.677, 1.678, 1.676, 1.676, 1.677],
[1.677, 1.677, 1.677, 1.677, 1.676, 1.676, 1.675, 1.676, 1.675, 1.673],
[1.676, 1.676, 1.676, 1.676, 1.677, 1.676, 1.676, 1.675, 1.678, 1.675],
[1.676, 1.677, 1.677, 1.676, 1.676, 1.708, 1.678, 1.674, 1.673, 1.679],
[1.675, 1.674, 1.678, 1.675, 1.676, 1.678, 1.746, 1.680, 1.676, 1.676],
[1.677, 1.675, 1.676, 1.676, 1.675, 1.674, 1.680, 1.705, 1.679, 1.677],
[1.678, 1.677, 1.676, 1.675, 1.678, 1.673, 1.676, 1.679, 1.721, 1.677],
[1.677, 1.677, 1.677, 1.673, 1.675, 1.679, 1.676, 1.677, 1.677, 1.732],
],
]
