1.0	-0.19216424003484833	0.1410682805393274	-0.11508223588838797	0.14263030527609796	-0.21989066442933786	0.14438937435972385	-0.1533131466933612	0.12116702484030305	-0.11078539040733346	0.17744609363214703	-0.16598434444125235	0.14613216317258065	-0.13067748749741398	0.11208377916463373	-0.12751181898434247	0.12055893854422962	-0.13214619596165036	0.12863764670610936	-0.10299643073040961	0.11773160134181339	-0.12339565000114473	0.11436360948947567	-0.12189455749014981	0.10213460462410642	-0.07592089842156276	0.09663962277224528	-0.11885583880194228	0.07984845747237515	-0.08296062428691574	0.08461475327733364	-0.09560033857664368	0.08541380026102445	-0.0795169041038915	0.11713389941865426
-0.19216424003484833	0.9999999999999998	-0.8266947747621023	0.1990017929889935	-0.19627236384104307	0.15093107670903969	-0.3210567550964992	0.26419392704972644	-0.19184796324332729	0.11657225850581665	-0.15680154891362574	0.13478821819465042	-0.1442634648814138	0.13893183413688664	-0.11598533964640019	0.08656411105128127	-0.09932091630637799	0.10968398324694872	-0.11448596741692664	0.08819432278401136	-0.084496330375332	0.08722411306483237	-0.08460013011497151	0.08608342330796617	-0.07734654928677874	0.04984574668296114	-0.06630050702015094	0.07978319019423583	-0.05544939676402261	0.0578392182974199	-0.05614454856201191	0.061917468301062456	-0.05653819290044229	0.05134979424469188	-0.07606355346628399
0.1410682805393274	-0.8266947747621023	0.9999999999999996	-0.26488489541546817	0.17351440100904608	-0.13483944665229552	0.24076209997936526	-0.361952453897742	0.18228347732299896	-0.11156361635975409	0.12842010252047667	-0.12299809415519167	0.12976985417391296	-0.1356600529157915	0.10445412760847005	-0.07792924601150786	0.08797129269555337	-0.10119707647879296	0.10224054699416892	-0.081038279093729	0.07407484455276267	-0.07870915242321848	0.07544723657199169	-0.07882190338237861	0.06939883267397882	-0.04442937005105278	0.05888036013613948	-0.07205485316082207	0.04985709240359534	-0.05232013565826238	0.04951531233631238	-0.05549136152419839	0.05015128804200929	-0.04585252437881013	0.0669357072856217
-0.11508223588838797	0.1990017929889935	-0.26488489541546817	0.9999999999999992	-0.5542477140537381	0.10721964211401742	-0.14554945294583693	0.17017080001867654	-0.6597137663567122	0.228207357366897	-0.10864454703934473	0.1361937168428414	-0.1748969064658523	0.2564858392530524	-0.20503484584523077	0.09366484926705912	-0.1034095809802295	0.13261304015116243	-0.1698555884416057	0.1346828574086469	-0.08798888212095567	0.09851602343808133	-0.09672191344902628	0.11498048643940087	-0.10434975574111496	0.05579130276768154	-0.07403399956259848	0.09427645753607661	-0.06930452992580319	0.07430580771723017	-0.06167665232457444	0.071171401817312	-0.06432870520183176	0.05997536726500833	-0.08627827456209483
0.14263030527609796	-0.19627236384104307	0.17351440100904608	-0.5542477140537381	0.9999999999999996	-0.1339934285640787	0.14283208649597592	-0.1714237951946788	0.29685032081546214	-0.5326338514977542	0.12943151454468693	-0.18767660443945922	0.2023606762231309	-0.32403422644023117	0.27578883814223254	-0.13258353803644046	0.13783963417422537	-0.18083361006197546	0.20847240743514128	-0.19911422070871695	0.11922706708025604	-0.13952608990633428	0.13330410410667345	-0.17510888091947993	0.14761017351415015	-0.07892040694091812	0.10339026263733248	-0.13627768923781636	0.10042991554161791	-0.1096057335285745	0.08550912508195078	-0.10219818450594716	0.09038178511859535	-0.08592807621985676	0.11967450972620736
-0.21989066442933786	0.15093107670903969	-0.13483944665229552	0.10721964211401742	-0.1339934285640787	0.9999999999999996	-0.3678075355250939	0.22918327950239648	-0.12572393677076674	0.09843309433126693	-0.7993449159035656	0.22799477361637774	-0.18246385172015742	0.12858008730048864	-0.10539844999011226	0.13236730926760795	-0.1582224630228066	0.1438861974992318	-0.12349173051157052	0.09250286599735223	-0.13104687617812358	0.12227001507150914	-0.11598547120157666	0.100503216825674	-0.089302820159756	0.06829503251530897	-0.09166715167558831	0.10403621478003945	-0.068465206408284	0.06975324674751748	-0.07763605495960119	0.08223576771321377	-0.07535849433065947	0.06658667575061307	-0.10018296096714238
0.14438937435972385	-0.3210567550964992	0.24076209997936526	-0.14554945294583693	0.14283208649597592	-0.3678075355250939	0.9999999999999997	-0.7615842776444425	0.1582559791769088	-0.10719021188452015	0.23887510102299642	-0.2243149217993168	0.17667820802890605	-0.14462329390378237	0.10637345661493974	-0.10891660121023698	0.13419430801339913	-0.14027983703206912	0.11651715333053814	-0.09066882021133618	0.10266356186736052	-0.1075956024389212	0.10058936138852728	-0.09366822017780038	0.08145575076739436	-0.05796406248573579	0.07766101250236766	-0.09234713125946832	0.06101371821318787	-0.06312057556936071	0.06452306229130095	-0.07116599383364068	0.06411406373252782	-0.057556103444158416	0.0842291338554134
-0.1533131466933612	0.26419392704972644	-0.361952453897742	0.17017080001867654	-0.1714237951946788	0.22918327950239648	-0.7615842776444425	0.9999999999999994	-0.2172960325270962	0.11997030384068767	-0.2441153335125237	0.1903622474339242	-0.2230397250095188	0.16359264044334998	-0.12226517776891091	0.11047029514388379	-0.1375811493002916	0.1473543512992863	-0.13135555700525425	0.09973183071695504	-0.10887730618465592	0.11083016818125271	-0.10758603021322076	0.10014062291103261	-0.089303540073018	0.061323473940866596	-0.08257670119756824	0.09749460185780406	-0.06568085214455918	0.06786879279346192	-0.06915533683597272	0.07528820635737847	-0.06880713549254376	0.06158231391091103	-0.09137612933428554
0.12116702484030305	-0.19184796324332729	0.18228347732299896	-0.6597137663567122	0.29685032081546214	-0.12572393677076674	0.1582559791769088	-0.2172960325270962	0.9999999999999984	-0.26654826606669174	0.1226934198597428	-0.16936209335072477	0.21123420597704548	-0.49795054687643353	0.21812178830861198	-0.11277507456029316	0.12452530990239269	-0.16766441255315898	0.19470693022459076	-0.16315603170188672	0.10323642148287177	-0.11900953278335452	0.11507140695611477	-0.13912545636431134	0.12091785036064372	-0.06593264449460626	0.08735632379811777	-0.11305942604231778	0.08190667907280806	-0.08850061164458144	0.07202342090503222	-0.08442867376699045	0.0754022915643094	-0.07062897375001799	0.09979256123598972
-0.11078539040733346	0.11657225850581665	-0.11156361635975409	0.228207357366897	-0.5326338514977542	0.09843309433126693	-0.10719021188452015	0.11997030384068767	-0.26654826606669174	0.9999999999999978	-0.10171552731162914	0.14246508048096823	-0.1831998828860229	0.2613559091473214	-0.6778367301947282	0.10478286966258984	-0.11330375331872723	0.14836596246476627	-0.24121953305265428	0.21818410162791346	-0.09966619612388719	0.11309874600061331	-0.1140454964248062	0.1515517018011686	-0.1594829718889554	0.06556900051213782	-0.0873398395843918	0.11297373866666953	-0.09135044424456483	0.0989003275859842	-0.07300038652280828	0.08486611228412688	-0.07824261758078008	0.07395812719228136	-0.1080187026979194
0.17744609363214703	-0.15680154891362574	0.12842010252047667	-0.10864454703934473	0.12943151454468693	-0.7993449159035656	0.23887510102299642	-0.2441153335125237	0.1226934198597428	-0.10171552731162914	0.9999999999999979	-0.3510509389611987	0.18348072236632204	-0.1352511309966716	0.10585010865482541	-0.16243152659217047	0.1782212605682062	-0.16463432476581552	0.12589336032248194	-0.09708814738112222	0.1401621832623646	-0.13981246976871733	0.12422872448154088	-0.10829488773932909	0.09264172980611632	-0.0736395709345536	0.09782120030875173	-0.11360873587040814	0.07236770129864424	-0.07404183005636134	0.08128038621396136	-0.08884568696962486	0.07908781951594171	-0.07044830373773922	0.10279348444227529
-0.16598434444125235	0.13478821819465042	-0.12299809415519167	0.1361937168428414	-0.18767660443945922	0.22799477361637774	-0.2243149217993168	0.1903622474339242	-0.16936209335072477	0.14246508048096823	-0.3510509389611987	0.9999999999999984	-0.41695052401534494	0.20507194157362646	-0.16442132978679225	0.23497373987396641	-0.5933174110070987	0.3003569102441498	-0.2120847895231657	0.14990006271696318	-0.24731545466106555	0.24380263035392327	-0.23183112884062126	0.16377612369458755	-0.1473493552074461	0.12103445252586079	-0.17327511270403728	0.18322295349853038	-0.11566228028019769	0.11552514413670252	-0.13810382355326692	0.14305329952677753	-0.1320071004863116	0.1126866139832902	-0.1700735661613215
0.14613216317258065	-0.1442634648814138	0.12976985417391296	-0.1748969064658523	0.2023606762231309	-0.18246385172015742	0.17667820802890605	-0.2230397250095188	0.21123420597704548	-0.1831998828860229	0.18348072236632204	-0.41695052401534494	0.9999999999999982	-0.4469252176519492	0.20067483268151812	-0.20756408076971705	0.27737004981918867	-0.5729573665300385	0.24366227890237047	-0.1884585685707126	0.18348882547356266	-0.2270696946048514	0.21864848212572674	-0.18710828150137002	0.15630944699612934	-0.1096523427080658	0.14936213495444223	-0.1940092458742034	0.11849135085924509	-0.1230176557479695	0.11802913813292619	-0.13697507813442836	0.1208134693413551	-0.10843864357117101	0.15175678011807445
-0.13067748749741398	0.13893183413688664	-0.1356600529157915	0.2564858392530524	-0.32403422644023117	0.12858008730048864	-0.14462329390378237	0.16359264044334998	-0.49795054687643353	0.2613559091473214	-0.1352511309966716	0.20507194157362646	-0.4469252176519492	0.999999999999998	-0.40741898395527953	0.1375915972218893	-0.16488734983055428	0.23309543780301642	-0.38008917158007016	0.23329964118374888	-0.1307706916672276	0.14930272096654096	-0.15237557187177714	0.17464988966998643	-0.16790524989929112	0.08213338063194128	-0.11076526966314408	0.14162422427425697	-0.1055217674217047	0.1133147799972381	-0.09096526817844724	0.1047516381571442	-0.09563365664153223	0.08864998456685551	-0.127980518505888
0.11208377916463373	-0.11598533964640019	0.10445412760847005	-0.20503484584523077	0.27578883814223254	-0.10539844999011226	0.10637345661493974	-0.12226517776891091	0.21812178830861198	-0.6778367301947282	0.10585010865482541	-0.16442132978679225	0.20067483268151812	-0.40741898395527953	0.9999999999999963	-0.11861160482021918	0.1271101976043119	-0.1755085905279944	0.2647463809429422	-0.3832233208026494	0.10896315264914662	-0.12947476441261355	0.12865076801936182	-0.19223134094752664	0.18691638362945756	-0.07331938718633559	0.09741805841753791	-0.13067687131018313	0.1072453611224948	-0.12098677362862707	0.08011143277090005	-0.09603748687313199	0.08701476104726864	-0.08374687758774027	0.1179209957218962
-0.12751181898434247	0.08656411105128127	-0.07792924601150786	0.09366484926705912	-0.13258353803644046	0.13236730926760795	-0.10891660121023698	0.11047029514388379	-0.11277507456029316	0.10478286966258984	-0.16243152659217047	0.23497373987396641	-0.20756408076971705	0.1375915972218893	-0.11861160482021918	0.9999999999999981	-0.35307017558550174	0.2161150215156397	-0.16199839522932327	0.1190220046679591	-0.793587450845978	0.2603428571084109	-0.22082173697152238	0.14813903337456039	-0.12991658772482306	0.1552953424872548	-0.18828382856423354	0.18173030172723004	-0.10969119216071355	0.10796256937707209	-0.17110901676413623	0.1538069594641096	-0.13581658231015795	0.11411123857951233	-0.17123533613087116
0.12055893854422962	-0.09932091630637799	0.08797129269555337	-0.1034095809802295	0.13783963417422537	-0.1582224630228066	0.13419430801339913	-0.1375811493002916	0.12452530990239269	-0.11330375331872723	0.1782212605682062	-0.5933174110070987	0.27737004981918867	-0.16488734983055428	0.1271101976043119	-0.35307017558550174	0.9999999999999962	-0.49711832676265727	0.17888850252408853	-0.13109885239057914	0.25233797001065755	-0.37997189505903367	0.24124970167177184	-0.15175861691029835	0.12789183827344025	-0.1203925081539821	0.17310298691717643	-0.18654969760256893	0.10571099258716334	-0.10506986651885723	0.1278708423051018	-0.14077195391945602	0.12179701388658502	-0.1036185366215778	0.14826888451198772
-0.13214619596165036	0.10968398324694872	-0.10119707647879296	0.13261304015116243	-0.18083361006197546	0.1438861974992318	-0.14027983703206912	0.1473543512992863	-0.16766441255315898	0.14836596246476627	-0.16463432476581552	0.3003569102441498	-0.5729573665300385	0.23309543780301642	-0.1755085905279944	0.2161150215156397	-0.49711832676265727	0.999999999999998	-0.30311373646599304	0.18111280454507253	-0.21861065546361227	0.25879542397223193	-0.35532356960289074	0.18488701573854402	-0.16389044420374538	0.11941787567967103	-0.17358144367764045	0.2118400147145975	-0.126499854267656	0.12581889531889584	-0.1329223341986393	0.14608716859603244	-0.13567721411413428	0.11580544511957853	-0.16883683057061152
0.12863764670610936	-0.11448596741692664	0.10224054699416892	-0.1698555884416057	0.20847240743514128	-0.12349173051157052	0.11651715333053814	-0.13135555700525425	0.19470693022459076	-0.24121953305265428	0.12589336032248194	-0.2120847895231657	0.24366227890237047	-0.38008917158007016	0.2647463809429422	-0.16199839522932327	0.17888850252408853	-0.30311373646599304	0.999999999999994	-0.6470112835272065	0.14679617302904213	-0.18313878377234646	0.18497781611801994	-0.3105682046916652	0.26978434161098214	-0.10092763851876736	0.1349317352857008	-0.1879633659779447	0.15920401010690918	-0.18540441714307446	0.10906538484714018	-0.13406647425221607	0.1211344535095029	-0.11867841238630267	0.16261388479103278
-0.10299643073040961	0.08819432278401136	-0.081038279093729	0.1346828574086469	-0.19911422070871695	0.09250286599735223	-0.09066882021133618	0.09973183071695504	-0.16315603170188672	0.21818410162791346	-0.09708814738112222	0.14990006271696318	-0.1884585685707126	0.23329964118374888	-0.3832233208026494	0.1190220046679591	-0.13109885239057914	0.18111280454507253	-0.6470112835272065	0.9999999999999964	-0.11476969285622901	0.13699978936293938	-0.1475014783838864	0.25863768798848535	-0.4847435504269501	0.08009215001849547	-0.10876504249264393	0.14803226000666722	-0.1535940239220794	0.17381610974168812	-0.08937661108375161	0.10716114303974186	-0.102364289360391	0.10046082957280464	-0.14790895363929185
0.11773160134181339	-0.084496330375332	0.07407484455276267	-0.08798888212095567	0.11922706708025604	-0.13104687617812358	0.10266356186736052	-0.10887730618465592	0.10323642148287177	-0.09966619612388719	0.1401621832623646	-0.24731545466106555	0.18348882547356266	-0.1307706916672276	0.10896315264914662	-0.793587450845978	0.25233797001065755	-0.21861065546361227	0.14679617302904213	-0.11476969285622901	0.9999999999999979	-0.3644738371163605	0.21505525655643207	-0.15337595608076354	0.12327812417398135	-0.19374921428992323	0.19466003423609912	-0.1987029034696631	0.10865552773179245	-0.10829073052215522	0.1689889240655223	-0.1684925399179854	0.1328681369304605	-0.11495300709144762	0.1570093848922927
-0.12339565000114473	0.08722411306483237	-0.07870915242321848	0.09851602343808133	-0.13952608990633428	0.12227001507150914	-0.1075956024389212	0.11083016818125271	-0.11900953278335452	0.11309874600061331	-0.13981246976871733	0.24380263035392327	-0.2270696946048514	0.14930272096654096	-0.12947476441261355	0.2603428571084109	-0.37997189505903367	0.25879542397223193	-0.18313878377234646	0.13699978936293938	-0.3644738371163605	0.999999999999993	-0.553537266840339	0.19334970917966535	-0.16281135552727116	0.1975957353776431	-0.41609231292006266	0.28751290708943716	-0.1509233018214322	0.1414480122736053	-0.21170454014735535	0.22763733732881572	-0.19817995532879074	0.15456965579006934	-0.2244580186054058
0.11436360948947567	-0.08460013011497151	0.07544723657199169	-0.09672191344902628	0.13330410410667345	-0.11598547120157666	0.10058936138852728	-0.10758603021322076	0.11507140695611477	-0.1140454964248062	0.12422872448154088	-0.23183112884062126	0.21864848212572674	-0.15237557187177714	0.12865076801936182	-0.22082173697152238	0.24124970167177184	-0.35532356960289074	0.18497781611801994	-0.1475014783838864	0.21505525655643207	-0.553537266840339	0.9999999999999954	-0.27545103810369265	0.18096317095229109	-0.16424848886597815	0.2514334094634139	-0.552228058316464	0.182540144549723	-0.16862384678437867	0.1686474485725955	-0.21525803807256325	0.1965172781053645	-0.16234310518551204	0.21045947086670763
-0.12189455749014981	0.08608342330796617	-0.07882190338237861	0.11498048643940087	-0.17510888091947993	0.100503216825674	-0.09366822017780038	0.10014062291103261	-0.13912545636431134	0.1515517018011686	-0.10829488773932909	0.16377612369458755	-0.18710828150137002	0.17464988966998643	-0.19223134094752664	0.14813903337456039	-0.15175861691029835	0.18488701573854402	-0.3105682046916652	0.25863768798848535	-0.15337595608076354	0.19334970917966535	-0.27545103810369265	0.9999999999999951	-0.6172139182055787	0.11876622629606806	-0.16984606066137278	0.24038098348702075	-0.4469944261942285	0.2988092165752224	-0.13777099449252533	0.1631254723478226	-0.1725591149968869	0.16897845128870487	-0.2605004249758478
0.10213460462410642	-0.07734654928677874	0.06939883267397882	-0.10434975574111496	0.14761017351415015	-0.089302820159756	0.08145575076739436	-0.089303540073018	0.12091785036064372	-0.1594829718889554	0.09264172980611632	-0.1473493552074461	0.15630944699612934	-0.16790524989929112	0.18691638362945756	-0.12991658772482306	0.12789183827344025	-0.16389044420374538	0.26978434161098214	-0.4847435504269501	0.12327812417398135	-0.16281135552727116	0.18096317095229109	-0.6172139182055787	0.9999999999999952	-0.09783589646634333	0.1334383471208013	-0.2045805374037458	0.26922940713695326	-0.407020102173165	0.10728212924003858	-0.13895599208337564	0.13381079903553528	-0.14320997045907763	0.19662966307489077
-0.07592089842156276	0.04984574668296114	-0.04442937005105278	0.05579130276768154	-0.07892040694091812	0.06829503251530897	-0.05796406248573579	0.061323473940866596	-0.06593264449460626	0.06556900051213782	-0.0736395709345536	0.12103445252586079	-0.1096523427080658	0.08213338063194128	-0.07331938718633559	0.1552953424872548	-0.1203925081539821	0.11941787567967103	-0.10092763851876736	0.08009215001849547	-0.19374921428992323	0.1975957353776431	-0.16424848886597815	0.11876622629606806	-0.09783589646634333	0.9999999999999964	-0.47398754848280567	0.1954202068517852	-0.09987570064570378	0.09646178234424253	-0.7801808567432664	0.26938982495343283	-0.1691923852061725	0.12936236771755905	-0.16756923840876006
0.09663962277224528	-0.06630050702015094	0.05888036013613948	-0.07403399956259848	0.10339026263733248	-0.09166715167558831	0.07766101250236766	-0.08257670119756824	0.08735632379811777	-0.0873398395843918	0.09782120030875173	-0.17327511270403728	0.14936213495444223	-0.11076526966314408	0.09741805841753791	-0.18828382856423354	0.17310298691717643	-0.17358144367764045	0.1349317352857008	-0.10876504249264393	0.19466003423609912	-0.41609231292006266	0.2514334094634139	-0.16984606066137278	0.1334383471208013	-0.47398754848280567	0.9999999999999982	-0.3775714177072543	0.14415897323074764	-0.13892598403432221	0.3014602024745267	-0.5300824741764172	0.23969875208751962	-0.18752349370343724	0.2153073942487816
-0.11885583880194228	0.07978319019423583	-0.07205485316082207	0.09427645753607661	-0.13627768923781636	0.10403621478003945	-0.09234713125946832	0.09749460185780406	-0.11305942604231778	0.11297373866666953	-0.11360873587040814	0.18322295349853038	-0.1940092458742034	0.14162422427425697	-0.13067687131018313	0.18173030172723004	-0.18654969760256893	0.2118400147145975	-0.1879633659779447	0.14803226000666722	-0.1987029034696631	0.28751290708943716	-0.552228058316464	0.24038098348702075	-0.2045805374037458	0.1954202068517852	-0.3775714177072543	0.9999999999999969	-0.30526794622799447	0.21788124637074285	-0.2302924836448911	0.2696067075316126	-0.378443121844131	0.2354182349754386	-0.3326380353330311
0.07984845747237515	-0.05544939676402261	0.04985709240359534	-0.06930452992580319	0.10042991554161791	-0.068465206408284	0.06101371821318787	-0.06568085214455918	0.08190667907280806	-0.09135044424456483	0.07236770129864424	-0.11566228028019769	0.11849135085924509	-0.1055217674217047	0.1072453611224948	-0.10969119216071355	0.10571099258716334	-0.126499854267656	0.15920401010690918	-0.1535940239220794	0.10865552773179245	-0.1509233018214322	0.182540144549723	-0.4469944261942285	0.26922940713695326	-0.09987570064570378	0.14415897323074764	-0.30526794622799447	0.9999999999999963	-0.7460332088799324	0.11102444822009284	-0.15294891855893636	0.1670581529424064	-0.21019347319385825	0.24208603898755854
-0.08296062428691574	0.0578392182974199	-0.05232013565826238	0.07430580771723017	-0.1096057335285745	0.06975324674751748	-0.06312057556936071	0.06786879279346192	-0.08850061164458144	0.0989003275859842	-0.07404183005636134	0.11552514413670252	-0.1230176557479695	0.1133147799972381	-0.12098677362862707	0.10796256937707209	-0.10506986651885723	0.12581889531889584	-0.18540441714307446	0.17381610974168812	-0.10829073052215522	0.1414480122736053	-0.16862384678437867	0.2988092165752224	-0.407020102173165	0.09646178234424253	-0.13892598403432221	0.21788124637074285	-0.7460332088799324	0.9999999999999952	-0.11067351539978354	0.14563051863481757	-0.16443829573118635	0.1879795409315165	-0.33376228619915854
0.08461475327733364	-0.05614454856201191	0.04951531233631238	-0.06167665232457444	0.08550912508195078	-0.07763605495960119	0.06452306229130095	-0.06915533683597272	0.07202342090503222	-0.07300038652280828	0.08128038621396136	-0.13810382355326692	0.11802913813292619	-0.09096526817844724	0.08011143277090005	-0.17110901676413623	0.1278708423051018	-0.1329223341986393	0.10906538484714018	-0.08937661108375161	0.1689889240655223	-0.21170454014735535	0.1686474485725955	-0.13777099449252533	0.10728212924003858	-0.7801808567432664	0.3014602024745267	-0.2302924836448911	0.11102444822009284	-0.11067351539978354	0.9999999999999951	-0.41040915985087556	0.18970680782027968	-0.15722878320276013	0.17502128190025004
-0.09560033857664368	0.061917468301062456	-0.05549136152419839	0.071171401817312	-0.10219818450594716	0.08223576771321377	-0.07116599383364068	0.07528820635737847	-0.08442867376699045	0.08486611228412688	-0.08884568696962486	0.14305329952677753	-0.13697507813442836	0.1047516381571442	-0.09603748687313199	0.1538069594641096	-0.14077195391945602	0.14608716859603244	-0.13406647425221607	0.10716114303974186	-0.1684925399179854	0.22763733732881572	-0.21525803807256325	0.1631254723478226	-0.13895599208337564	0.26938982495343283	-0.5300824741764172	0.2696067075316126	-0.15294891855893636	0.14563051863481757	-0.41040915985087556	0.9999999999999947	-0.5170525262829433	0.25214675972024914	-0.32107800817627064
0.08541380026102445	-0.05653819290044229	0.05015128804200929	-0.06432870520183176	0.09038178511859535	-0.07535849433065947	0.06411406373252782	-0.06880713549254376	0.0754022915643094	-0.07824261758078008	0.07908781951594171	-0.1320071004863116	0.1208134693413551	-0.09563365664153223	0.08701476104726864	-0.13581658231015795	0.12179701388658502	-0.13567721411413428	0.1211344535095029	-0.102364289360391	0.1328681369304605	-0.19817995532879074	0.1965172781053645	-0.1725591149968869	0.13381079903553528	-0.1691923852061725	0.23969875208751962	-0.378443121844131	0.1670581529424064	-0.16443829573118635	0.18970680782027968	-0.5170525262829433	0.9999999999999944	-0.6181071278125523	0.30448946107682784
-0.0795169041038915	0.05134979424469188	-0.04585252437881013	0.05997536726500833	-0.08592807621985676	0.06658667575061307	-0.057556103444158416	0.06158231391091103	-0.07062897375001799	0.07395812719228136	-0.07044830373773922	0.1126866139832902	-0.10843864357117101	0.08864998456685551	-0.08374687758774027	0.11411123857951233	-0.1036185366215778	0.11580544511957853	-0.11867841238630267	0.10046082957280464	-0.11495300709144762	0.15456965579006934	-0.16234310518551204	0.16897845128870487	-0.14320997045907763	0.12936236771755905	-0.18752349370343724	0.2354182349754386	-0.21019347319385825	0.1879795409315165	-0.15722878320276013	0.25214675972024914	-0.6181071278125523	0.9999999999999942	-0.6436895197637026
0.11713389941865426	-0.07606355346628399	0.0669357072856217	-0.08627827456209483	0.11967450972620736	-0.10018296096714238	0.0842291338554134	-0.09137612933428554	0.09979256123598972	-0.1080187026979194	0.10279348444227529	-0.1700735661613215	0.15175678011807445	-0.127980518505888	0.1179209957218962	-0.17123533613087116	0.14826888451198772	-0.16883683057061152	0.16261388479103278	-0.14790895363929185	0.1570093848922927	-0.2244580186054058	0.21045947086670763	-0.2605004249758478	0.19662966307489077	-0.16756923840876006	0.2153073942487816	-0.3326380353330311	0.24208603898755854	-0.33376228619915854	0.17502128190025004	-0.32107800817627064	0.30448946107682784	-0.6436895197637026	0.9999999999999943
