1.0	-0.390284651301927	0.17154076661307222	-0.13905271222462812	0.16084187571276415	-0.8063585802744614	0.2092391414718931	-0.15114019371751303	0.08653261182203703	-0.07558887031355128	0.21444613772448315	-0.17837500448210197	0.1497557237473635	-0.08718220794681202	0.08370206032608897	-0.23286984328596452	0.08115515520578878	-0.08719629590313688	0.07377048933614364	-0.05476230097571073	0.08416167281638724	-0.07378111714120342	0.0692135953000981	-0.059325209633388415	0.05032342257710204	-0.057438439317975605	0.0726650710620237	-0.0673351614319459	0.044760625770580376	-0.043506186611953906	0.044884503485887746	-0.04529756276841041	0.05203053439360305	-0.04366039644771277	0.062296472589566915	-0.020399759932248695	0.02743915305405782	-0.023040302433245965	0.027809341012040793	-0.021638683624268087	0.020666050630527084	-0.028197318722716355	0.021357337780246406	-0.030921598983332035	0.022079660681131597
-0.390284651301927	1.0000000000000004	-0.47143130818578305	0.23130909402696465	-0.2820216631146176	0.2440783537111227	-0.5832106087245237	0.2602470534567572	-0.13705144548271295	0.11590786700813457	-0.1500333591812101	0.2675024292799595	-0.25815426977007827	0.12871051934929856	-0.12523337126103332	0.14806386960369844	-0.076252975651071	0.08095037949810496	-0.09440734869987252	0.07094303434581607	-0.08315984401551059	0.07576826711143066	-0.07724880983187937	0.07260789163564864	-0.06452927567406372	0.05665130070993775	-0.07813381414463745	0.07304054654327832	-0.052225739316720955	0.05059428518789591	-0.047130239485165745	0.04699202335405343	-0.05788665312147515	0.04860760708857677	-0.07153656168243631	0.021842468134305414	-0.029571265048622366	0.02494108125186287	-0.030997100931337056	0.024185661717512522	-0.022407096657836672	0.0302736665952761	-0.023265664016735133	0.034204380018953255	-0.024733265638255883
0.17154076661307222	-0.47143130818578305	1.0000000000000009	-0.5576287292984771	0.2989317640817376	-0.17584401449072976	0.2533126589148457	-0.49443928290090183	0.15424689893736918	-0.1332939979657938	0.11578797957478555	-0.24191022740061527	0.2426667569111979	-0.13999921415269795	0.12723163164529788	-0.12863522015014908	0.06934146226464621	-0.07630912873838334	0.0928499326698071	-0.07189030686756705	0.07528731884067995	-0.07159648530021016	0.07326937772461001	-0.0721823201635518	0.06370724923583092	-0.0523750860447903	0.07241437148797057	-0.07002109602522154	0.05033982306556284	-0.04922948966149633	0.04378597086067595	-0.044052710499707805	0.054793166795168095	-0.046474584958203224	0.06795208646898232	-0.020736476167265313	0.028001211430466827	-0.02375395898413567	0.02959679876654218	-0.02311460150216336	0.021304807276209804	-0.028917035551325805	0.022165524428658906	-0.032800496681847285	0.023612238970834525
-0.13905271222462812	0.23130909402696465	-0.5576287292984771	1.000000000000001	-0.6993977727618597	0.13405643050756133	-0.19975466525445124	0.25271534767882714	-0.16904129823426217	0.1538358052665628	-0.1017798391651205	0.1850816736095145	-0.20667535446532195	0.14003607520606706	-0.1469431210193588	0.11046341089028947	-0.06922624997382386	0.07533486915026887	-0.0992004547798893	0.07743939528220879	-0.07765648659948707	0.07370780845227998	-0.0774978655951988	0.0762126720143752	-0.06936162909370017	0.05386138856710094	-0.07673534243709004	0.07349682963470622	-0.054023212841140415	0.05253287469672476	-0.0460468813150115	0.04601750083139455	-0.05857219727708348	0.049493228863005445	-0.07366409117977551	0.021876276950358063	-0.02963713655502662	0.02513164876301984	-0.031605063753417574	0.02470860693696233	-0.0225875264397964	0.030480869166274207	-0.023514994980557074	0.03486544708889009	-0.025288260192910368
0.16084187571276415	-0.2820216631146176	0.2989317640817376	-0.6993977727618597	1.0000000000000009	-0.1875891389249576	0.21365519824427276	-0.31987082600067446	0.20010901839419676	-0.24839175458538518	0.13716691012897428	-0.25849651136100577	0.22473910953001894	-0.18869222774991265	0.18461924312273725	-0.1634617209414314	0.09701593597718836	-0.10938217651534918	0.13116008964140918	-0.1074749144834031	0.10787033651195999	-0.1044359100692932	0.10693146982555267	-0.10537078378483772	0.09315401588458538	-0.07624374922194098	0.10686284013360442	-0.10544154648836071	0.07553670785845339	-0.07445369267338472	0.06484727346729903	-0.06554737964874428	0.08274118131033718	-0.0706789742621949	0.10398214824815599	-0.03159455605457715	0.04258709897982938	-0.03630338466062022	0.04524909108458277	-0.03540501967930098	0.03264022335233241	-0.04440552045548489	0.03396481293759017	-0.05033558297266651	0.036216070202868184
-0.8063585802744614	0.2440783537111227	-0.17584401449072976	0.13405643050756133	-0.1875891389249576	1.0000000000000013	-0.2296643381639666	0.14879382841936376	-0.0945021612883237	0.08162403233712204	-0.33964842312348925	0.1747721257853527	-0.16741989858113984	0.0933074414859454	-0.09306075825153348	0.22506117090716904	-0.08716969051088554	0.08828206253404078	-0.08038668381864132	0.05892122240115442	-0.09236827375020565	0.0779161700470077	-0.07484251484390997	0.06365304543549981	-0.05474616603654228	0.06093348041363074	-0.07939328090070856	0.07128973974263632	-0.048252339666701664	0.04653602462236935	-0.04849823374692043	0.048183225086943476	-0.05612811179520969	0.046664150410931096	-0.06755123003345065	0.021670189323947098	-0.029289559918849677	0.024489365753216395	-0.029761739456861554	0.023155457458664194	-0.02201501354079246	0.029813891479378313	-0.02274054364361381	0.03288815745382209	-0.023664986312636388
0.2092391414718931	-0.5832106087245237	0.2533126589148457	-0.19975466525445124	0.21365519824427276	-0.2296643381639666	1.0000000000000002	-0.3353985015218403	0.1361675985752682	-0.11610155834913775	0.15925001506296976	-0.5850297597297609	0.2776762471544026	-0.13745609200126704	0.12123104642292451	-0.1679039213794045	0.07795053498435707	-0.08480558347116945	0.09437565347190825	-0.07148046225157373	0.08303975779378633	-0.07710171622972195	0.0770829721995385	-0.0736059552404688	0.06402382340949374	-0.05728472028172935	0.0771931822462616	-0.07363979498506201	0.05191516862234824	-0.05066144957455345	0.04690427722976677	-0.04719443482809686	0.05735234764245499	-0.04847448131679897	0.07030322078120882	-0.02187981988266583	0.029520569308268987	-0.024960280803651126	0.030841027703755235	-0.02405582982474786	0.0223764452380444	-0.03040921342915767	0.023240345174792808	-0.03419696081547578	0.02455861493655056
-0.15114019371751303	0.2602470534567572	-0.49443928290090183	0.25271534767882714	-0.31987082600067446	0.14879382841936376	-0.3353985015218403	1.0000000000000018	-0.2911553408148095	0.18665386468395817	-0.12213641451402907	0.28425745053215024	-0.573284143011878	0.2118789218947076	-0.19024361458965286	0.1289867200097366	-0.08125016727089157	0.0888464433814348	-0.12813446501069065	0.09643136408100376	-0.08782724827734274	0.08594578170167973	-0.09110208198743082	0.09508039228682687	-0.08573420372346692	0.061016386228122554	-0.08631074585589837	0.08416441989345323	-0.06273364848370978	0.061171120182450855	-0.05165569807757255	0.05181968622622883	-0.065819615815089	0.0558758939294635	-0.08192602353604778	0.024395026340102592	-0.03302166564544904	0.028050697046116412	-0.035405064834396406	0.027653331258268507	-0.025093136294556787	0.0339540101630582	-0.02618584670712314	0.03909743048764948	-0.02822161296178323
0.08653261182203703	-0.13705144548271295	0.15424689893736918	-0.16904129823426217	0.20010901839419676	-0.0945021612883237	0.1361675985752682	-0.2911553408148095	1.000000000000003	-0.6500314524261231	0.08328855587265505	-0.16511453311193122	0.208125135026496	-0.5456250039064474	0.3194156217717684	-0.09488980276501394	0.08214469437358299	-0.09544501997877049	0.18434510872817653	-0.15143578783081646	0.08679157155503195	-0.09896020123035404	0.10769271812962997	-0.14141813686326693	0.12143282004550666	-0.06255315954279853	0.08976271175551667	-0.09696981938051821	0.07572849064290746	-0.07604402816314264	0.05331312594812793	-0.05452154146241121	0.07145018352591113	-0.06242275937062892	0.0881388306098683	-0.025851380406713965	0.0348450234545415	-0.030053584264094373	0.03875310150560071	-0.03028546542559378	0.02652495563886558	-0.03627307008308191	0.027969664450318073	-0.043125761473980284	0.0306648022789825
-0.07558887031355128	0.11590786700813457	-0.1332939979657938	0.1538358052665628	-0.24839175458538518	0.08162403233712204	-0.11610155834913775	0.18665386468395817	-0.6500314524261231	1.0000000000000004	-0.0726270266779452	0.13412489941161687	-0.17146172537619517	0.3077855628470166	-0.6031433572101068	0.08220453555506149	-0.07361718763916278	0.0832322517783981	-0.16883235706255273	0.15340812737540196	-0.07864483294890062	0.0874066427345321	-0.09848464207825258	0.12294496904203774	-0.13108775640319317	0.056244836470433296	-0.08171503231800903	0.08658865653755889	-0.07078657855869114	0.070045307348834	-0.048330452575222706	0.04913656566634909	-0.06518921444315774	0.05672763673542703	-0.08142159865360256	0.023284401732040994	-0.031474765788413024	0.02711054458506677	-0.03525041684672941	0.027552655028874946	-0.0239328389010346	0.032575819225930676	-0.02526040151793591	0.03900447377917152	-0.02792888034675471
0.21444613772448315	-0.1500333591812101	0.11578797957478555	-0.1017798391651205	0.13716691012897428	-0.33964842312348925	0.15925001506296976	-0.12213641451402907	0.08328855587265505	-0.0726270266779452	1.000000000000002	-0.22604966486704722	0.15136313612771277	-0.08959260685845637	0.08598212917559211	-0.8274498994063906	0.14397128155610925	-0.14999079275478236	0.09047020125577582	-0.06492261019857158	0.14044072877096103	-0.11564101620811097	0.09693402867004236	-0.0755212334471399	0.060730696026756334	-0.09442738834099001	0.10360587387147106	-0.09414273011340375	0.057845544159045206	-0.05625583208962149	0.06584652682049072	-0.06725191744092178	0.07003933600368499	-0.058511661611531374	0.07984378966450635	-0.028397634454269523	0.03795288588059881	-0.031590150999118966	0.03692017876132798	-0.028597427270439606	0.02816307398575247	-0.03876896847052644	0.028968759600426393	-0.04126522488780886	0.02904560599223234
-0.17837500448210197	0.2675024292799595	-0.24191022740061527	0.1850816736095145	-0.25849651136100577	0.1747721257853527	-0.5850297597297609	0.28425745053215024	-0.16511453311193122	0.13412489941161687	-0.22604966486704722	1.0000000000000013	-0.579166066530864	0.1711364001351473	-0.1569685085007328	0.18234645927468518	-0.09221494936635397	0.09684104240843522	-0.11822287901769918	0.08652083714058138	-0.09885701845426233	0.09023061320298544	-0.09241851909129188	0.08867297465788904	-0.07885830946774662	0.06687901341587416	-0.09195602702128593	0.0860521138633408	-0.06198506992013535	0.06001244416054106	-0.05536435177945363	0.055157464723340204	-0.06783604711986443	0.056972748394986006	-0.0834627848147689	0.02547759493861469	-0.03450269216169758	0.029091417633585685	-0.036217571187907666	0.02824479943638018	-0.02609302897145856	0.03525433168402377	-0.027112072657302897	0.03994322588182999	-0.028856340650209616
0.1497557237473635	-0.25815426977007827	0.2426667569111979	-0.20667535446532195	0.22473910953001894	-0.16741989858113984	0.2776762471544026	-0.573284143011878	0.208125135026496	-0.17146172537619517	0.15136313612771277	-0.579166066530864	1.0000000000000007	-0.28833585680429424	0.18353418077612407	-0.16751929368551974	0.09250991745505628	-0.10442863227231478	0.13735429191834403	-0.10279100985402555	0.09613239965128066	-0.09534329553261083	0.09796498472603501	-0.10433317716937061	0.08947582981185187	-0.06731916209303529	0.09251228197055231	-0.09181748183203489	0.06676006693962065	-0.0657352356365692	0.055837895191840514	-0.056512657962963064	0.07027115851657963	-0.06002975009073912	0.08633481622332208	-0.026433768606080762	0.035641630514219334	-0.030327054002531936	0.037929728812082654	-0.02960466568918556	0.027069974868639317	-0.036876427050327946	0.02823835281845391	-0.04212716365829817	0.030151422670884637
-0.08718220794681202	0.12871051934929856	-0.13999921415269795	0.14003607520606706	-0.18869222774991265	0.0933074414859454	-0.13745609200126704	0.2118789218947076	-0.5456250039064474	0.3077855628470166	-0.08959260685845637	0.1711364001351473	-0.28833585680429424	1.0000000000000018	-0.5563624940990125	0.10002072531773211	-0.10191239589140359	0.11589470162679331	-0.36403811818184495	0.19618349525545248	-0.10392574417016179	0.12103558093329811	-0.14172654269271226	0.19222848822559657	-0.17351996001815767	0.0743206008486782	-0.10845032464391918	0.11683598181713893	-0.09681692172414609	0.09473164772560036	-0.06352752037285614	0.06468652868447135	-0.08628260372291387	0.07509305055227762	-0.10625069628997698	0.03027746737704602	-0.04093974304706099	0.03530237192489346	-0.0462235134045865	0.03607940780884886	-0.031005451529874106	0.04224269330719009	-0.03282041763982767	0.05108597184513332	-0.03647305975668534
0.08370206032608897	-0.12523337126103332	0.12723163164529788	-0.1469431210193588	0.18461924312273725	-0.09306075825153348	0.12123104642292451	-0.19024361458965286	0.3194156217717684	-0.6031433572101068	0.08598212917559211	-0.1569685085007328	0.18353418077612407	-0.5563624940990125	1.0000000000000016	-0.0995483274534037	0.09664781314721685	-0.11316836668502255	0.22586107727270213	-0.29150563428100806	0.10242986524751911	-0.12143096477822386	0.13386789898092943	-0.18545574510589774	0.18679502418505978	-0.07461979581094587	0.10768244362754881	-0.12002693381304579	0.09746262178412336	-0.09966976562171098	0.06384179108793421	-0.06564554936302058	0.08724321796395959	-0.0771447625080185	0.10796622489251939	-0.03117541303084889	0.04199176789161483	-0.03642302380316291	0.04750607382433382	-0.03714651086192594	0.03196638330395779	-0.04382834735643222	0.03386285711358113	-0.05293228932190955	0.03749845140047792
-0.23286984328596452	0.14806386960369844	-0.12863522015014908	0.11046341089028947	-0.1634617209414314	0.22506117090716904	-0.1679039213794045	0.1289867200097366	-0.09488980276501394	0.08220453555506149	-0.8274498994063906	0.18234645927468518	-0.16751929368551974	0.10002072531773211	-0.0995483274534037	0.9999999999999998	-0.2054706630354603	0.16443642887718993	-0.10599461788034029	0.07434516968833882	-0.20127570150107713	0.13648263250524212	-0.11672286002520356	0.0873767765049795	-0.07071533566734597	0.11285049971242016	-0.1281209631074142	0.10832167845756292	-0.06735916440977846	0.06477121696238462	-0.08028473029805132	0.07892444959578744	-0.0824649876428122	0.067668393584839	-0.09346539327858529	0.03285389131980995	-0.04425116095327375	0.0364567229823327	-0.04272870501595626	0.03304567863050673	-0.032608529267223074	0.04443184304492721	-0.03345949979691923	0.0473609871556224	-0.03361663245609964
0.08115515520578878	-0.076252975651071	0.06934146226464621	-0.06922624997382386	0.09701593597718836	-0.08716969051088554	0.07795053498435707	-0.08125016727089157	0.08214469437358299	-0.07361718763916278	0.14397128155610925	-0.09221494936635397	0.09250991745505628	-0.10191239589140359	0.09664781314721685	-0.2054706630354603	1.0	-0.8473182057805901	0.16855854006060372	-0.10711277234808941	0.17212814219610664	-0.3325574633102141	0.2099501772103246	-0.1462016462370333	0.10092312061240687	-0.11913168237811132	0.16406325444915928	-0.15423318656025864	0.09194239008364002	-0.08904665465047135	0.09021125825467759	-0.09206416139067804	0.10565040883668433	-0.0874364487311224	0.11639110163174608	-0.03926083276257562	0.0527554797806923	-0.044300567685289824	0.05395196209720783	-0.041704378971542166	0.03909684717234523	-0.05365283825851158	0.0406618975106061	-0.05999709416591702	0.04213575087772897
-0.08719629590313688	0.08095037949810496	-0.07630912873838334	0.07533486915026887	-0.10938217651534918	0.08828206253404078	-0.08480558347116945	0.0888464433814348	-0.09544501997877049	0.0832322517783981	-0.14999079275478236	0.09684104240843522	-0.10442863227231478	0.11589470162679331	-0.11316836668502255	0.16443642887718993	-0.8473182057805901	0.999999999999999	-0.22797038971290715	0.11846756701453517	-0.18558350536550827	0.245031972103653	-0.25236699481365904	0.16207401841931085	-0.11713796934174621	0.12195110900989495	-0.1824967085797858	0.15953610500237755	-0.10225475467149293	0.09626333385440927	-0.09757306228762552	0.09642527095847223	-0.11603720781170448	0.09375549481910542	-0.129521843077413	0.04137560183992821	-0.05621563338709033	0.046837655628877664	-0.058138960354307975	0.044907322803000915	-0.041545802605896305	0.05611135707280332	-0.04320741631327592	0.06370189814921667	-0.045558400618629216
0.07377048933614364	-0.09440734869987252	0.0928499326698071	-0.0992004547798893	0.13116008964140918	-0.08038668381864132	0.09437565347190825	-0.12813446501069065	0.18434510872817653	-0.16883235706255273	0.09047020125577582	-0.11822287901769918	0.13735429191834403	-0.36403811818184495	0.22586107727270213	-0.10599461788034029	0.16855854006060372	-0.22797038971290715	0.9999999999999993	-0.37588772352784067	0.15297693514444416	-0.22721274444204267	0.2545421539010004	-0.6350808198389871	0.2753132395012338	-0.11421504036441074	0.1640509425881397	-0.2028861769517011	0.16374169198917027	-0.1675905942595926	0.09512339493145112	-0.09954114212865124	0.13323834954433647	-0.11974409344904424	0.1567819478852114	-0.04571819343848754	0.06141808761504546	-0.05365108601038531	0.07113159111186322	-0.05542342519108434	0.046296721441338944	-0.06395206933402733	0.04948291627702192	-0.07946941875215002	0.05535178023841689
-0.05476230097571073	0.07094303434581607	-0.07189030686756705	0.07743939528220879	-0.1074749144834031	0.05892122240115442	-0.07148046225157373	0.09643136408100376	-0.15143578783081646	0.15340812737540196	-0.06492261019857158	0.08652083714058138	-0.10279100985402555	0.19618349525545248	-0.29150563428100806	0.07434516968833882	-0.10711277234808941	0.11846756701453517	-0.37588772352784067	1.0000000000000018	-0.11101787998441123	0.13864638356107004	-0.184531489474293	0.2786288610684699	-0.7824968624666522	0.08040993924922517	-0.12084377219339647	0.13801811985636023	-0.15132273254235223	0.14892436953451818	-0.06993127145711502	0.07163915393007783	-0.10248558835750868	0.09219336781338083	-0.13276202021972344	0.033228493561965375	-0.045120625189719835	0.03951859839785522	-0.05506837011938497	0.043030698884673285	-0.03393088277729453	0.04617079130634556	-0.03663994193567044	0.05997053412363052	-0.04312540729278011
0.08416167281638724	-0.08315984401551059	0.07528731884067995	-0.07765648659948707	0.10787033651195999	-0.09236827375020565	0.08303975779378633	-0.08782724827734274	0.08679157155503195	-0.07864483294890062	0.14044072877096103	-0.09885701845426233	0.09613239965128066	-0.10392574417016179	0.10242986524751911	-0.20127570150107713	0.17212814219610664	-0.18558350536550827	0.15297693514444416	-0.11101787998441123	1.0000000000000007	-0.43347936468807946	0.23511852954150983	-0.14948238559546775	0.10848657319709495	-0.6254778080831132	0.3130936531321389	-0.26606900638720327	0.12949408556724595	-0.12732797110499247	0.23685423219577603	-0.2524389418212896	0.18084013203019816	-0.15056637536885564	0.17770146391398847	-0.08432508022553167	0.1101682991137361	-0.08899191334636454	0.09243719460781505	-0.07068095266400416	0.07753445078111794	-0.10970436152100586	0.07846444640045921	-0.10516533532785663	0.0706994860505224
-0.07378111714120342	0.07576826711143066	-0.07159648530021016	0.07370780845227998	-0.1044359100692932	0.0779161700470077	-0.07710171622972195	0.08594578170167973	-0.09896020123035404	0.0874066427345321	-0.11564101620811097	0.09023061320298544	-0.09534329553261083	0.12103558093329811	-0.12143096477822386	0.13648263250524212	-0.3325574633102141	0.245031972103653	-0.22721274444204267	0.13864638356107004	-0.43347936468807946	1.000000000000001	-0.6025839731034114	0.21696724074196283	-0.14960136429093301	0.23114802083878053	-0.37030419049939245	0.25717886897018444	-0.14040891735608715	0.13046095632997834	-0.16381724345972806	0.1600452425730292	-0.17240191256961868	0.13448503069687884	-0.17291300369629847	0.06151934926914507	-0.08336621291481575	0.06823015994671211	-0.08168723768013415	0.06249064778981175	-0.05986212435512655	0.08156756413034688	-0.06191901696901863	0.08962780524475264	-0.06290704047364407
0.0692135953000981	-0.07724880983187937	0.07326937772461001	-0.0774978655951988	0.10693146982555267	-0.07484251484390997	0.0770829721995385	-0.09110208198743082	0.10769271812962997	-0.09848464207825258	0.09693402867004236	-0.09241851909129188	0.09796498472603501	-0.14172654269271226	0.13386789898092943	-0.11672286002520356	0.2099501772103246	-0.25236699481365904	0.2545421539010004	-0.184531489474293	0.23511852954150983	-0.6025839731034114	1.0000000000000009	-0.42755348391705356	0.18550965305278633	-0.1777777251758645	0.24990917595892478	-0.3935904830520349	0.1673282806798027	-0.1617343339113662	0.13531627586565975	-0.14367131487819562	0.1875795345510195	-0.15314044667844795	0.18536405503012235	-0.06015308633611119	0.08069011206169359	-0.06923849656885529	0.08898323657353564	-0.0683944068022502	0.0594719348373172	-0.08235979839042078	0.06311258594716324	-0.09890007246008137	0.06812998549381094
-0.059325209633388415	0.07260789163564864	-0.0721823201635518	0.0762126720143752	-0.10537078378483772	0.06365304543549981	-0.0736059552404688	0.09508039228682687	-0.14141813686326693	0.12294496904203774	-0.0755212334471399	0.08867297465788904	-0.10433317716937061	0.19222848822559657	-0.18545574510589774	0.0873767765049795	-0.1462016462370333	0.16207401841931085	-0.6350808198389871	0.2786288610684699	-0.14948238559546775	0.21696724074196283	-0.42755348391705356	0.999999999999999	-0.4337420361199457	0.10748519145592533	-0.1609405236365437	0.19421010929473717	-0.20720328393372434	0.17242837285397256	-0.09023031111909885	0.09296168773333442	-0.13137916602939137	0.11566993778696018	-0.1527046817802743	0.041539503629382704	-0.056283811762923124	0.04901551576456701	-0.06732772087941932	0.05212139240790758	-0.041936990504731445	0.05737167706887358	-0.045158728285631076	0.07354724023579151	-0.05195048372846947
0.05032342257710204	-0.06452927567406372	0.06370724923583092	-0.06936162909370017	0.09315401588458538	-0.05474616603654228	0.06402382340949374	-0.08573420372346692	0.12143282004550666	-0.13108775640319317	0.060730696026756334	-0.07885830946774662	0.08947582981185187	-0.17351996001815767	0.18679502418505978	-0.07071533566734597	0.10092312061240687	-0.11713796934174621	0.2753132395012338	-0.7824968624666522	0.10848657319709495	-0.14960136429093301	0.18550965305278633	-0.4337420361199457	0.9999999999999999	-0.08068790234960961	0.11878473784348752	-0.14757824337360953	0.15971201618561814	-0.19136198590303832	0.06927129217218103	-0.07218908862267949	0.10274231638338974	-0.09552439093931286	0.13130036357052707	-0.03348167233225703	0.04524195416322914	-0.039972311139398684	0.05583150377092093	-0.043688614258800475	0.034048817441800466	-0.046758778555184684	0.036915510868915404	-0.06146452102838437	0.04340689199338235
-0.057438439317975605	0.05665130070993775	-0.0523750860447903	0.05386138856710094	-0.07624374922194098	0.06093348041363074	-0.05728472028172935	0.061016386228122554	-0.06255315954279853	0.056244836470433296	-0.09442738834099001	0.06687901341587416	-0.06731916209303529	0.0743206008486782	-0.07461979581094587	0.11285049971242016	-0.11913168237811132	0.12195110900989495	-0.11421504036441074	0.08040993924922517	-0.6254778080831132	0.23114802083878053	-0.1777777251758645	0.10748519145592533	-0.08068790234960961	0.9999999999999992	-0.5108734620010253	0.21524232510042876	-0.10372189696197066	0.09874769065748669	-0.43450767743783175	0.2628678710948441	-0.1658826402065542	0.12454761998988849	-0.14598759181531434	0.07699450439076636	-0.10525337677603856	0.0780381606051681	-0.0767106388095616	0.05772285482908225	-0.06935930841961477	0.09375674033482573	-0.06819863828262865	0.0848388649450988	-0.05783594367377601
0.0726650710620237	-0.07813381414463745	0.07241437148797057	-0.07673534243709004	0.10686284013360442	-0.07939328090070856	0.0771931822462616	-0.08631074585589837	0.08976271175551667	-0.08171503231800903	0.10360587387147106	-0.09195602702128593	0.09251228197055231	-0.10845032464391918	0.10768244362754881	-0.1281209631074142	0.16406325444915928	-0.1824967085797858	0.1640509425881397	-0.12084377219339647	0.3130936531321389	-0.37030419049939245	0.24990917595892478	-0.1609405236365437	0.11878473784348752	-0.5108734620010253	0.9999999999999998	-0.4506518725518203	0.16115606659859602	-0.15697110603836148	0.2568348752386913	-0.32111988386451035	0.23497128815967985	-0.18913251225621575	0.21486465530287494	-0.09861213926603543	0.13009503939448192	-0.1053966427881731	0.11274435942441655	-0.0858594944806677	0.09052807442627897	-0.1281008663101662	0.09256747610886379	-0.12739003419895661	0.08545378508213525
-0.0673351614319459	0.07304054654327832	-0.07002109602522154	0.07349682963470622	-0.10544154648836071	0.07128973974263632	-0.07363979498506201	0.08416441989345323	-0.09696981938051821	0.08658865653755889	-0.09414273011340375	0.0860521138633408	-0.09181748183203489	0.11683598181713893	-0.12002693381304579	0.10832167845756292	-0.15423318656025864	0.15953610500237755	-0.2028861769517011	0.13801811985636023	-0.26606900638720327	0.25717886897018444	-0.3935904830520349	0.19421010929473717	-0.14757824337360953	0.21524232510042876	-0.4506518725518203	0.9999999999999979	-0.28595443230663303	0.21468087626899118	-0.20334711352809945	0.20923602807750907	-0.500780031211308	0.2604252231256475	-0.3207644545496345	0.08309700514085817	-0.11610268388738924	0.09903827059042256	-0.14678355331280346	0.10846759434929576	-0.08282881764633736	0.11031547019465435	-0.09074221618626925	0.1488426849088199	-0.10860903296586938
0.044760625770580376	-0.052225739316720955	0.05033982306556284	-0.054023212841140415	0.07553670785845339	-0.048252339666701664	0.05191516862234824	-0.06273364848370978	0.07572849064290746	-0.07078657855869114	0.057845544159045206	-0.06198506992013535	0.06676006693962065	-0.09681692172414609	0.09746262178412336	-0.06735916440977846	0.09194239008364002	-0.10225475467149293	0.16374169198917027	-0.15132273254235223	0.12949408556724595	-0.14040891735608715	0.1673282806798027	-0.20720328393372434	0.15971201618561814	-0.10372189696197066	0.16115606659859602	-0.28595443230663303	1.0000000000000002	-0.8182668908771134	0.10048932741461103	-0.1094222817933572	0.2011412813703699	-0.2724248128908913	0.2676068462063011	-0.052831327912929806	0.07207232964757643	-0.06917211164759605	0.12009768503552841	-0.09292006913578145	0.05395530164366502	-0.07454784633478218	0.06316734025881898	-0.12900624294607016	0.08711636026527063
-0.043506186611953906	0.05059428518789591	-0.04922948966149633	0.05253287469672476	-0.07445369267338472	0.04653602462236935	-0.05066144957455345	0.061171120182450855	-0.07604402816314264	0.070045307348834	-0.05625583208962149	0.06001244416054106	-0.0657352356365692	0.09473164772560036	-0.09966976562171098	0.06477121696238462	-0.08904665465047135	0.09626333385440927	-0.1675905942595926	0.14892436953451818	-0.12732797110499247	0.13046095632997834	-0.1617343339113662	0.17242837285397256	-0.19136198590303832	0.09874769065748669	-0.15697110603836148	0.21468087626899118	-0.8182668908771134	0.9999999999999999	-0.0975924686799702	0.10298217844516633	-0.1940799519076345	0.21414031390268284	-0.38212873770015304	0.0503714679953318	-0.06942711256605107	0.0657161129690865	-0.11619513455839903	0.09240139961527007	-0.0519410175522534	0.07055047065994394	-0.060752351640323846	0.11925812870726762	-0.08916476066454625
0.044884503485887746	-0.047130239485165745	0.04378597086067595	-0.0460468813150115	0.06484727346729903	-0.04849823374692043	0.04690427722976677	-0.05165569807757255	0.05331312594812793	-0.048330452575222706	0.06584652682049072	-0.05536435177945363	0.055837895191840514	-0.06352752037285614	0.06384179108793421	-0.08028473029805132	0.09021125825467759	-0.09757306228762552	0.09512339493145112	-0.06993127145711502	0.23685423219577603	-0.16381724345972806	0.13531627586565975	-0.09023031111909885	0.06927129217218103	-0.43450767743783175	0.2568348752386913	-0.20334711352809945	0.10048932741461103	-0.0975924686799702	0.9999999999999971	-0.7651783933647227	0.19614329458685614	-0.15013490844811778	0.14831533337128325	-0.12828426758331998	0.1654600057108943	-0.11687811395754198	0.09033496090679342	-0.06688064125537155	0.09970061354596582	-0.1378281070108873	0.09459524994517929	-0.10124989166358454	0.06593744490276711
-0.04529756276841041	0.04699202335405343	-0.044052710499707805	0.04601750083139455	-0.06554737964874428	0.048183225086943476	-0.04719443482809686	0.05181968622622883	-0.05452154146241121	0.04913656566634909	-0.06725191744092178	0.055157464723340204	-0.056512657962963064	0.06468652868447135	-0.06564554936302058	0.07892444959578744	-0.09206416139067804	0.09642527095847223	-0.09954114212865124	0.07163915393007783	-0.2524389418212896	0.1600452425730292	-0.14367131487819562	0.09296168773333442	-0.07218908862267949	0.2628678710948441	-0.32111988386451035	0.20923602807750907	-0.1094222817933572	0.10298217844516633	-0.7651783933647227	0.9999999999999974	-0.289884098829633	0.1653538604788378	-0.1678764055902091	0.13555526566156134	-0.2428209463993876	0.12850191435563219	-0.10079425248625934	0.07259578872057813	-0.11250870528865739	0.1428278952480816	-0.10667212460040007	0.107181913817123	-0.07221587006931965
0.05203053439360305	-0.05788665312147515	0.054793166795168095	-0.05857219727708348	0.08274118131033718	-0.05612811179520969	0.05735234764245499	-0.065819615815089	0.07145018352591113	-0.06518921444315774	0.07003933600368499	-0.06783604711986443	0.07027115851657963	-0.08628260372291387	0.08724321796395959	-0.0824649876428122	0.10565040883668433	-0.11603720781170448	0.13323834954433647	-0.10248558835750868	0.18084013203019816	-0.17240191256961868	0.1875795345510195	-0.13137916602939137	0.10274231638338974	-0.1658826402065542	0.23497128815967985	-0.500780031211308	0.2011412813703699	-0.1940799519076345	0.19614329458685614	-0.289884098829633	0.9999999999999982	-0.6106059755719131	0.287447730846817	-0.09035592467271952	0.1248193136488725	-0.11691674234196557	0.19619352488127997	-0.1418356973720677	0.08683410521301253	-0.12035899317713934	0.1018982351255328	-0.20887674035778211	0.12886820124327283
-0.04366039644771277	0.04860760708857677	-0.046474584958203224	0.049493228863005445	-0.0706789742621949	0.046664150410931096	-0.04847448131679897	0.0558758939294635	-0.06242275937062892	0.05672763673542703	-0.058511661611531374	0.056972748394986006	-0.06002975009073912	0.07509305055227762	-0.0771447625080185	0.067668393584839	-0.0874364487311224	0.09375549481910542	-0.11974409344904424	0.09219336781338083	-0.15056637536885564	0.13448503069687884	-0.15314044667844795	0.11566993778696018	-0.09552439093931286	0.12454761998988849	-0.18913251225621575	0.2604252231256475	-0.2724248128908913	0.21414031390268284	-0.15013490844811778	0.1653538604788378	-0.6106059755719131	0.999999999999996	-0.49735874594393936	0.07763103322611366	-0.11158959777072457	0.11528202601576439	-0.3604029221629102	0.182421286078128	-0.079800377782527	0.10680590040574413	-0.10490217279500805	0.23530121059329956	-0.17119858083135
0.062296472589566915	-0.07153656168243631	0.06795208646898232	-0.07366409117977551	0.10398214824815599	-0.06755123003345065	0.07030322078120882	-0.08192602353604778	0.0881388306098683	-0.08142159865360256	0.07984378966450635	-0.0834627848147689	0.08633481622332208	-0.10625069628997698	0.10796622489251939	-0.09346539327858529	0.11639110163174608	-0.129521843077413	0.1567819478852114	-0.13276202021972344	0.17770146391398847	-0.17291300369629847	0.18536405503012235	-0.1527046817802743	0.13130036357052707	-0.14598759181531434	0.21486465530287494	-0.3207644545496345	0.2676068462063011	-0.38212873770015304	0.14831533337128325	-0.1678764055902091	0.287447730846817	-0.49735874594393936	0.9999999999999968	-0.0922244466846067	0.12379969210653231	-0.12786602689742144	0.2313840688175858	-0.233303261758338	0.0952456023541662	-0.13590653265547037	0.11589324115248767	-0.2740191597608841	0.1843411732994028
-0.020399759932248695	0.021842468134305414	-0.020736476167265313	0.021876276950358063	-0.03159455605457715	0.021670189323947098	-0.02187981988266583	0.024395026340102592	-0.025851380406713965	0.023284401732040994	-0.028397634454269523	0.02547759493861469	-0.026433768606080762	0.03027746737704602	-0.03117541303084889	0.03285389131980995	-0.03926083276257562	0.04137560183992821	-0.04571819343848754	0.033228493561965375	-0.08432508022553167	0.06151934926914507	-0.06015308633611119	0.041539503629382704	-0.03348167233225703	0.07699450439076636	-0.09861213926603543	0.08309700514085817	-0.052831327912929806	0.0503714679953318	-0.12828426758331998	0.13555526566156134	-0.09035592467271952	0.07763103322611366	-0.0922244466846067	0.9999999999999961	-0.5858379832528374	0.22226469598258755	-0.0826968476965422	0.0562562369808714	-0.6840617884881128	0.2918318105211655	-0.22465292072246387	0.09006086883859384	-0.058955770628713905
0.02743915305405782	-0.029571265048622366	0.028001211430466827	-0.02963713655502662	0.04258709897982938	-0.029289559918849677	0.029520569308268987	-0.03302166564544904	0.0348450234545415	-0.031474765788413024	0.03795288588059881	-0.03450269216169758	0.035641630514219334	-0.04093974304706099	0.04199176789161483	-0.04425116095327375	0.0527554797806923	-0.05621563338709033	0.06141808761504546	-0.045120625189719835	0.1101682991137361	-0.08336621291481575	0.08069011206169359	-0.056283811762923124	0.04524195416322914	-0.10525337677603856	0.13009503939448192	-0.11610268388738924	0.07207232964757643	-0.06942711256605107	0.1654600057108943	-0.2428209463993876	0.1248193136488725	-0.11158959777072457	0.12379969210653231	-0.5858379832528374	0.9999999999999956	-0.48963885816635067	0.12198695534457686	-0.08301473267004685	0.29810043618719195	-0.4241869002673937	0.27525483022690456	-0.13394190832638156	0.08276242554253997
-0.023040302433245965	0.02494108125186287	-0.02375395898413567	0.02513164876301984	-0.03630338466062022	0.024489365753216395	-0.024960280803651126	0.028050697046116412	-0.030053584264094373	0.02711054458506677	-0.031590150999118966	0.029091417633585685	-0.030327054002531936	0.03530237192489346	-0.03642302380316291	0.0364567229823327	-0.044300567685289824	0.046837655628877664	-0.05365108601038531	0.03951859839785522	-0.08899191334636454	0.06823015994671211	-0.06923849656885529	0.04901551576456701	-0.039972311139398684	0.0780381606051681	-0.1053966427881731	0.09903827059042256	-0.06917211164759605	0.0657161129690865	-0.11687811395754198	0.12850191435563219	-0.11691674234196557	0.11528202601576439	-0.12786602689742144	0.22226469598258755	-0.48963885816635067	0.9999999999999951	-0.20040992236585478	0.10799784839167614	-0.251938855746632	0.29353826482918094	-0.7156089552503294	0.17090236900198272	-0.11099372147582169
0.027809341012040793	-0.030997100931337056	0.02959679876654218	-0.031605063753417574	0.04524909108458277	-0.029761739456861554	0.030841027703755235	-0.035405064834396406	0.03875310150560071	-0.03525041684672941	0.03692017876132798	-0.036217571187907666	0.037929728812082654	-0.0462235134045865	0.04750607382433382	-0.04272870501595626	0.05395196209720783	-0.058138960354307975	0.07113159111186322	-0.05506837011938497	0.09243719460781505	-0.08168723768013415	0.08898323657353564	-0.06732772087941932	0.05583150377092093	-0.0767106388095616	0.11274435942441655	-0.14678355331280346	0.12009768503552841	-0.11619513455839903	0.09033496090679342	-0.10079425248625934	0.19619352488127997	-0.3604029221629102	0.2313840688175858	-0.0826968476965422	0.12198695534457686	-0.20040992236585478	0.9999999999999946	-0.5028295848330996	0.08813669960644117	-0.12115243406314481	0.1532914773102039	-0.6526927481937531	0.30659390230659833
-0.021638683624268087	0.024185661717512522	-0.02311460150216336	0.02470860693696233	-0.03540501967930098	0.023155457458664194	-0.02405582982474786	0.027653331258268507	-0.03028546542559378	0.027552655028874946	-0.028597427270439606	0.02824479943638018	-0.02960466568918556	0.03607940780884886	-0.03714651086192594	0.03304567863050673	-0.041704378971542166	0.044907322803000915	-0.05542342519108434	0.043030698884673285	-0.07068095266400416	0.06249064778981175	-0.0683944068022502	0.05212139240790758	-0.043688614258800475	0.05772285482908225	-0.0858594944806677	0.10846759434929576	-0.09292006913578145	0.09240139961527007	-0.06688064125537155	0.07259578872057813	-0.1418356973720677	0.182421286078128	-0.233303261758338	0.0562562369808714	-0.08301473267004685	0.10799784839167614	-0.5028295848330996	0.9999999999999949	-0.061400488848082566	0.08198290109063391	-0.1005025550078387	0.3166456865951193	-0.758273467312585
0.020666050630527084	-0.022407096657836672	0.021304807276209804	-0.0225875264397964	0.03264022335233241	-0.02201501354079246	0.0223764452380444	-0.025093136294556787	0.02652495563886558	-0.0239328389010346	0.02816307398575247	-0.02609302897145856	0.027069974868639317	-0.031005451529874106	0.03196638330395779	-0.032608529267223074	0.03909684717234523	-0.041545802605896305	0.046296721441338944	-0.03393088277729453	0.07753445078111794	-0.05986212435512655	0.0594719348373172	-0.041936990504731445	0.034048817441800466	-0.06935930841961477	0.09052807442627897	-0.08282881764633736	0.05395530164366502	-0.0519410175522534	0.09970061354596582	-0.11250870528865739	0.08683410521301253	-0.079800377782527	0.0952456023541662	-0.6840617884881128	0.29810043618719195	-0.251938855746632	0.08813669960644117	-0.061400488848082566	0.9999999999999951	-0.5768304914834962	0.22654571596680892	-0.10123538913592832	0.06328167325059464
-0.028197318722716355	0.0302736665952761	-0.028917035551325805	0.030480869166274207	-0.04440552045548489	0.029813891479378313	-0.03040921342915767	0.0339540101630582	-0.03627307008308191	0.032575819225930676	-0.03876896847052644	0.03525433168402377	-0.036876427050327946	0.04224269330719009	-0.04382834735643222	0.04443184304492721	-0.05365283825851158	0.05611135707280332	-0.06395206933402733	0.04617079130634556	-0.10970436152100586	0.08156756413034688	-0.08235979839042078	0.05737167706887358	-0.046758778555184684	0.09375674033482573	-0.1281008663101662	0.11031547019465435	-0.07454784633478218	0.07055047065994394	-0.1378281070108873	0.1428278952480816	-0.12035899317713934	0.10680590040574413	-0.13590653265547037	0.2918318105211655	-0.4241869002673937	0.29353826482918094	-0.12115243406314481	0.08198290109063391	-0.5768304914834962	0.9999999999999949	-0.5324158196754201	0.132809025806971	-0.08963719974861697
0.021357337780246406	-0.023265664016735133	0.022165524428658906	-0.023514994980557074	0.03396481293759017	-0.02274054364361381	0.023240345174792808	-0.02618584670712314	0.027969664450318073	-0.02526040151793591	0.028968759600426393	-0.027112072657302897	0.02823835281845391	-0.03282041763982767	0.03386285711358113	-0.03345949979691923	0.0406618975106061	-0.04320741631327592	0.04948291627702192	-0.03663994193567044	0.07846444640045921	-0.06191901696901863	0.06311258594716324	-0.045158728285631076	0.036915510868915404	-0.06819863828262865	0.09256747610886379	-0.09074221618626925	0.06316734025881898	-0.060752351640323846	0.09459524994517929	-0.10667212460040007	0.1018982351255328	-0.10490217279500805	0.11589324115248767	-0.22465292072246387	0.27525483022690456	-0.7156089552503294	0.1532914773102039	-0.1005025550078387	0.22654571596680892	-0.5324158196754201	0.999999999999995	-0.1907906645491382	0.1031981674506671
