1.0000000000000002	-0.8564845160153435	0.10226156791287262	-0.08440597647458972	0.05732158339021874	-0.380410334267476	0.25705629886481157	-0.10787526651566762	0.06529001962395706	-0.06479721400192928	0.15549093239920292	-0.13179330852021506	0.1124792867070607	-0.06686839994223713	0.08178876194318285	-0.11236151870380337	0.06997641180129707	-0.07490132652918995	0.0933265410757494	-0.046614715227319165	0.08200572526559165	-0.08284533839888837	0.0746089002633087	-0.08236046988333912	0.055236779547826985	-0.041251244150556664	0.05313284695688552	-0.059118850379163174	0.04593073063588055	-0.04911567053471067	0.035123755065766905	-0.05172264406975284	0.05272149028993345	-0.03621398452339496	0.031668305593696225	-0.030667205690234307	0.04119746686233464	-0.03372045211148693	0.022766195361380043	-0.019456126294979097	0.02802985176028007	-0.04113832289439899	0.034748068344733464	-0.02215028135404892	0.018153206983313325
-0.8564845160153435	1.0000000000000004	-0.12311393388283891	0.08645291704058093	-0.06029622475101742	0.2600255108414554	-0.37053882131336857	0.11113572061811673	-0.07095919098839752	0.06571774293363708	-0.15217297386249087	0.14072554663691897	-0.12877209645421014	0.07089392757698167	-0.08515928493307759	0.10151477968241694	-0.06678398320156245	0.07703700116516207	-0.09713744223757986	0.04792613352827364	-0.08019933785358152	0.07693987982083757	-0.07803285237284023	0.08206949936262423	-0.056827029866770656	0.03926976768104311	-0.050895518040114045	0.05675658292668855	-0.045253811869870104	0.048189823191948374	-0.03369666050866154	0.049268562304838975	-0.05125793147548522	0.035355575996697294	-0.031089405687659253	0.029406957372653964	-0.03977591848362906	0.03254128714682489	-0.022106226680212934	0.01889085676012227	-0.027020602734193183	0.03937366229602127	-0.033669057457471285	0.02146089600367678	-0.017670053392113978
0.10226156791287262	-0.12311393388283891	1.0000000000000004	-0.5246876150075144	0.22369677554767894	-0.11114703529679532	0.12154403584081595	-0.714971786448857	0.17778783379018875	-0.20243684418028604	0.09938492353398236	-0.11417416564671447	0.12109934151945667	-0.17628908566906687	0.19753498540088194	-0.08438393410482081	0.06301525114987472	-0.08879646749671946	0.15579186590437324	-0.0901290730658426	0.09376306613714354	-0.07465995621389883	0.09018288921894473	-0.11959679744204064	0.10397438056401183	-0.04388735640265875	0.05572285622655188	-0.06535364337313163	0.06132221700119284	-0.0670149970839849	0.03802103928751262	-0.05501200284838041	0.060371959745871735	-0.04718123979048305	0.04187239589714431	-0.03405651996764729	0.0462062553344678	-0.03837049940928687	0.027318632957939452	-0.02379504229124675	0.03157625820767667	-0.04596853885742368	0.04004082187109529	-0.026468845244614903	0.022224519221849304
-0.08440597647458972	0.08645291704058093	-0.5246876150075144	1.0000000000000004	-0.5994607644981423	0.10456224429821101	-0.11932756719141571	0.27981680358033434	-0.14504150430305124	0.28475686226765545	-0.11235741076786629	0.10637502122190323	-0.12019949552929887	0.130783177465821	-0.32884888861912404	0.09350715065463959	-0.07257039512952125	0.10192461612849649	-0.21111758069729744	0.13278800591683132	-0.11777737715209825	0.08514088641174693	-0.10787174027654396	0.1488015084610663	-0.15552708914321461	0.05239433382656205	-0.06662888377366341	0.07861733089035192	-0.07788534538355806	0.08492999740368772	-0.04583878562418155	0.06571301167845144	-0.07421655483225979	0.05895451256362026	-0.05315674056056345	0.0411718064948781	-0.056347122471235425	0.046831564763312815	-0.03379011894722915	0.029497606384979908	-0.03847785935044357	0.055472393267232585	-0.04920060451218224	0.032624094861557054	-0.027671224062133584
0.05732158339021874	-0.06029622475101742	0.22369677554767894	-0.5994607644981423	1.000000000000001	-0.08151683219390188	0.08730266212234722	-0.24321616754112962	0.11222869152378512	-0.6543640075855016	0.08433609455426569	-0.08514607518940451	0.0916007712945544	-0.11207035771628189	0.25757929263326523	-0.07433605075279164	0.056953643875506915	-0.07957561968534255	0.1530671644677038	-0.10674604551308167	0.08973946687954845	-0.06820682487488872	0.08262579561420451	-0.1237404278988817	0.11773949626138182	-0.04199459325488144	0.05295850628858106	-0.06311309419188924	0.06256636641895318	-0.06951524677488455	0.036429318126752264	-0.05264386916833012	0.058513470673377636	-0.0481051413347276	0.04269835076108447	-0.03294694199234461	0.04465347364408268	-0.03731180326182035	0.02701689894065053	-0.023716398101940747	0.030582461554704274	-0.04465201672307205	0.038976879859200855	-0.026185734150845987	0.022095917708229718
-0.380410334267476	0.2600255108414554	-0.11114703529679532	0.10456224429821101	-0.08151683219390188	1.0000000000000013	-0.6049235147039457	0.1290935276526282	-0.10876007434389465	0.09545895323180426	-0.48397063879569646	0.22364820663751384	-0.22343205440395097	0.10772257346555204	-0.135701425786098	0.21332033149112908	-0.13633182574282166	0.13596289716064852	-0.16771845997926432	0.07988274673874671	-0.15206006860243704	0.14799477946909695	-0.14016535980095762	0.14056191034498408	-0.0954835827072135	0.07249333643754659	-0.09578346118798614	0.10396248002247613	-0.0801257697848874	0.08442870889047131	-0.06252639105054227	0.09108226211165169	-0.09453292090256246	0.06251287361193604	-0.055137606290328565	0.05385075496551486	-0.073363528803284	0.059576460098524235	-0.040036661918527804	0.03395575471282852	-0.04959401944234518	0.07166927885435317	-0.06170413252227907	0.03880232246935377	-0.03186565855020258
0.25705629886481157	-0.37053882131336857	0.12154403584081595	-0.11932756719141571	0.08730266212234722	-0.6049235147039457	1.0000000000000009	-0.1562886430247218	0.11810612183100086	-0.10515927426946231	0.24665195645309101	-0.4498377090782665	0.24749027191283687	-0.12724276674557972	0.13663189733155875	-0.20312732488813512	0.1274052725693242	-0.1516849577747296	0.16662860094066456	-0.08184465914830322	0.14482082558894624	-0.15346029880629775	0.14295408993255634	-0.1540708156304911	0.09678822821876851	-0.07594663177587183	0.09761931983249436	-0.10958472969276499	0.08443896457907779	-0.09040185901099215	0.06434533558797892	-0.09534160484805045	0.09633519079532982	-0.06660687230509298	0.05796292334564772	-0.05629453195050673	0.07529528689080327	-0.06179583002947611	0.04165155964586609	-0.03563036165712873	0.05126268368727126	-0.07566293858594972	0.06344437883237601	-0.040585102593187164	0.03316111796432443
-0.10787526651566762	0.11113572061811673	-0.714971786448857	0.27981680358033434	-0.24321616754112962	0.1290935276526282	-0.1562886430247218	1.0000000000000002	-0.32554125536531264	0.19495275937060866	-0.1294196892520351	0.14115590499597008	-0.1689748212192861	0.2171455177423159	-0.2777864913584233	0.10616051917643374	-0.0816792957690454	0.11841798302367244	-0.22536841390968101	0.12418594181855545	-0.12585957316593058	0.09499010145632195	-0.12310886777154667	0.15514179217956653	-0.14562637082578497	0.05665084278332832	-0.07241329992410168	0.08474285558590382	-0.08080022528347613	0.0874413221511552	-0.049469741601761416	0.071073014588305	-0.07944081261260816	0.06139396448446003	-0.055090055068549165	0.044177417872097204	-0.06042593704966259	0.05006694065221634	-0.035739910807419034	0.031062381699246584	-0.04120604384837379	0.05941697309923143	-0.052493346322067744	0.03452480211103111	-0.02914220616120431
0.06529001962395706	-0.07095919098839752	0.17778783379018875	-0.14504150430305124	0.11222869152378512	-0.10876007434389465	0.11810612183100086	-0.32554125536531264	0.9999999999999988	-0.1280054316296023	0.0953150334385084	-0.18507725555914406	0.2007851359325678	-0.8528492861380345	0.14625147395196153	-0.08619988261168533	0.06571788670947723	-0.11266960321854762	0.1597055957026748	-0.07970826846748541	0.08433841104313294	-0.0772072946811031	0.1019414543731337	-0.1237810271211217	0.08847890023114315	-0.04329778101884324	0.05579242903314851	-0.06575475246185959	0.06008364621150355	-0.0655120964422535	0.037298793686010315	-0.054606261605473036	0.05901749076877411	-0.04607549154724987	0.04041507129095513	-0.033202359891369125	0.04495557440165259	-0.037409745885417914	0.026452193464104566	-0.022983435379989453	0.030607277244707073	-0.0447794331839112	0.038741376672366025	-0.025672263213237963	0.021383471171259154
-0.06479721400192928	0.06571774293363708	-0.20243684418028604	0.28475686226765545	-0.6543640075855016	0.09545895323180426	-0.10515927426946231	0.19495275937060866	-0.1280054316296023	1.0000000000000009	-0.10725187794694507	0.09963362851708561	-0.11125210378464659	0.11899699870990549	-0.5411201457029617	0.09304095390129077	-0.07336272845947767	0.10511823002576352	-0.2276481006137867	0.1759357458321782	-0.11704692945984141	0.08691838486961102	-0.11129892792537384	0.16830711941812765	-0.19834730049960445	0.05465671504034832	-0.06959931275369237	0.08336452461825214	-0.08687652369899823	0.09611117623015022	-0.047767679342994536	0.06878329043939499	-0.07816256894057559	0.06514192912220304	-0.05884895273591581	0.043146704020306355	-0.058983139854844914	0.04936130319090672	-0.036117340184452874	0.03172370523303138	-0.04027050217705269	0.058305844146618706	-0.05174384554304947	0.03488493989725478	-0.029662626885709302
0.15549093239920292	-0.15217297386249087	0.09938492353398236	-0.11235741076786629	0.08433609455426569	-0.48397063879569646	0.24665195645309101	-0.1294196892520351	0.0953150334385084	-0.10725187794694507	0.9999999999999982	-0.18979767806085238	0.16969114941563992	-0.09951057717089136	0.14583333276759433	-0.5957209262908761	0.24882093194463034	-0.1640122676748165	0.1851569725894767	-0.09134633487740788	0.21104325123084786	-0.29573204936672726	0.1599248296309685	-0.18000797179750963	0.1094871111461279	-0.1187893925298133	0.15824319790835384	-0.16715103895187147	0.11188182475576984	-0.11872652336226293	0.09926125961374196	-0.15062445156822285	0.14188174785639096	-0.08936610447950727	0.07740592876331856	-0.08403857636795965	0.11225289440146892	-0.0910310733701461	0.05900954071967911	-0.04963846684377275	0.07563982219409414	-0.11174004243512686	0.09226320221141804	-0.05760228580274468	0.04618975205942427
-0.13179330852021506	0.14072554663691897	-0.11417416564671447	0.10637502122190323	-0.08514607518940451	0.22364820663751384	-0.4498377090782665	0.14115590499597008	-0.18507725555914406	0.09963362851708561	-0.18979767806085238	0.9999999999999991	-0.7341518724287668	0.1824606142127984	-0.1402718596633999	0.1439234432513684	-0.11287588158311251	0.20173601436243407	-0.19308706020291522	0.08628288934584045	-0.11981238571481934	0.12269664589718407	-0.20102244108167935	0.15455363283699336	-0.10164046764013643	0.0633673184308451	-0.08486245591214552	0.09684203001303399	-0.08033680085249913	0.08414042895720865	-0.05492222800441013	0.08040928531504764	-0.08662874863738967	0.0606206908441197	-0.0536100376009478	0.04773697636966279	-0.06537292394866696	0.05376344022526483	-0.03685178117713695	0.03145039212285681	-0.04407390657219713	0.06368295696305841	-0.05558818019471199	0.03565713440362586	-0.02945169262517804
0.1124792867070607	-0.12877209645421014	0.12109934151945667	-0.12019949552929887	0.0916007712945544	-0.22343205440395097	0.24749027191283687	-0.1689748212192861	0.2007851359325678	-0.11125210378464659	0.16969114941563992	-0.7341518724287668	0.9999999999999969	-0.2945034794992074	0.14551995273836693	-0.15877574707247644	0.12386696564035117	-0.3213744035782594	0.1992391658161319	-0.09250738085335063	0.12626228122081123	-0.14005014857101156	0.2127716093084177	-0.18047916524030655	0.10702887539584972	-0.07050327700430392	0.09362050445108874	-0.10887091643649606	0.08944233055694827	-0.09480850274168516	0.060415184541607665	-0.08958518333196655	0.09430213248534003	-0.06791245831699524	0.059373176349850655	-0.05273402982297051	0.0715103937862332	-0.05914601237950774	0.0405575684636902	-0.034753795851070024	0.04831752544330307	-0.07064479307927041	0.060719083615750354	-0.03937400779644176	0.032361793268846015
-0.06686839994223713	0.07089392757698167	-0.17628908566906687	0.130783177465821	-0.11207035771628189	0.10772257346555204	-0.12724276674557972	0.2171455177423159	-0.8528492861380345	0.11899699870990549	-0.09951057717089136	0.1824606142127984	-0.2945034794992074	0.9999999999999978	-0.16104329640002632	0.08738846959273588	-0.0686484970864523	0.12264807662277973	-0.19452909550361747	0.08685352141497686	-0.08753694746560117	0.07892664095373345	-0.11424550714304225	0.12862202446261564	-0.09644938706817117	0.044430895612243254	-0.05775095164945013	0.06796455047854587	-0.06275678962901315	0.06797484683011676	-0.03846343627090117	0.056131184954773115	-0.06137899712120201	0.047639403409682105	-0.04204359125754708	0.034144241248768616	-0.04647557035354815	0.038641391463423394	-0.027363631053609585	0.023738751489271032	-0.03157333131657064	0.04594688000386614	-0.040093931031088964	0.02650993904686393	-0.022134841373324735
0.08178876194318285	-0.08515928493307759	0.19753498540088194	-0.32884888861912404	0.25757929263326523	-0.135701425786098	0.13663189733155875	-0.2777864913584233	0.14625147395196153	-0.5411201457029617	0.14583333276759433	-0.1402718596633999	0.14551995273836693	-0.16104329640002632	0.9999999999999972	-0.13965224557766404	0.1081975080816494	-0.152958372547836	0.27534736638220975	-0.4103996116173996	0.16475476086200538	-0.13341877787233808	0.1563939492659842	-0.2976464346966097	0.2695840279583086	-0.08499015841727074	0.10652782953465915	-0.13125282898247173	0.13913242090246036	-0.16347413902437577	0.07309502670825035	-0.10694513855466178	0.11809329778949455	-0.1081176859703278	0.0938700520840678	-0.06696435868917061	0.08988133490572461	-0.07622341788771046	0.05655866053046331	-0.050353545255965096	0.06168454233628224	-0.09159682129155894	0.07891011962637973	-0.0550831874156795	0.04632062211513265
-0.11236151870380337	0.10151477968241694	-0.08438393410482081	0.09350715065463959	-0.07433605075279164	0.21332033149112908	-0.20312732488813512	0.10616051917643374	-0.08619988261168533	0.09304095390129077	-0.5957209262908761	0.1439234432513684	-0.15877574707247644	0.08738846959273588	-0.13965224557766404	0.9999999999999972	-0.5510096564431485	0.16954943660337005	-0.18963334485881286	0.08795448831845454	-0.2670664905669283	0.2871514894589986	-0.17626899268777516	0.16230124459974432	-0.10652454538449069	0.1108032010393614	-0.17067364355618833	0.15512636519748854	-0.10632593831697881	0.10770735213764421	-0.09867059000554662	0.14068976712934197	-0.14477862603142655	0.08191898315659617	-0.0730253224502538	0.07909309375921622	-0.11186856092458197	0.0878189588763364	-0.056706245912217026	0.046616097713483795	-0.07345107059788807	0.10237003746487208	-0.09098025604749439	0.05456963185680425	-0.04418111498062729
0.06997641180129707	-0.06678398320156245	0.06301525114987472	-0.07257039512952125	0.056953643875506915	-0.13633182574282166	0.1274052725693242	-0.0816792957690454	0.06571788670947723	-0.07336272845947767	0.24882093194463034	-0.11287588158311251	0.12386696564035117	-0.0686484970864523	0.1081975080816494	-0.5510096564431485	0.9999999999999971	-0.221528765181602	0.15820983943031877	-0.07334834344389839	0.16830991819467897	-0.6768761110473659	0.17836095484081846	-0.14854887995118568	0.08847444657354406	-0.11940070613861352	0.20295045306783863	-0.1808280601106419	0.10244591542688398	-0.10339080747942668	0.10096322214918349	-0.16179794196521596	0.14228343848213307	-0.07717644472097529	0.06777801107107786	-0.07727321522843053	0.1085316182293695	-0.08574620843328781	0.0530626486261243	-0.04298714375559565	0.06955268778063453	-0.09833003837763007	0.08531094725248956	-0.051295391235643806	0.04037781841626891
-0.07490132652918995	0.07703700116516207	-0.08879646749671946	0.10192461612849649	-0.07957561968534255	0.13596289716064852	-0.1516849577747296	0.11841798302367244	-0.11266960321854762	0.10511823002576352	-0.1640122676748165	0.20173601436243407	-0.3213744035782594	0.12264807662277973	-0.152958372547836	0.16954943660337005	-0.221528765181602	0.9999999999999963	-0.34731531570866925	0.12169238794656927	-0.13457567910591414	0.18279296810388418	-0.76435344158921	0.25510893743909363	-0.1412020892947787	0.08504835040838502	-0.12704876676170562	0.14846880122303863	-0.12252577067588695	0.12181564413241434	-0.07488816927143431	0.11109956589177121	-0.12518163904935592	0.08539118003574664	-0.07606963594932348	0.0632841389573391	-0.08892166057560878	0.07358801180842063	-0.05024678816204252	0.042366824003764424	-0.05859313789943678	0.08340204575046382	-0.0753037905683026	0.04833949828124805	-0.039707951746946704
0.0933265410757494	-0.09713744223757986	0.15579186590437324	-0.21111758069729744	0.1530671644677038	-0.16771845997926432	0.16662860094066456	-0.22536841390968101	0.1597055957026748	-0.2276481006137867	0.1851569725894767	-0.19308706020291522	0.1992391658161319	-0.19452909550361747	0.27534736638220975	-0.18963334485881286	0.15820983943031877	-0.34731531570866925	0.9999999999999977	-0.3576239903194471	0.19310371570302207	-0.1903850365391651	0.26705870189892406	-0.5385037679495616	0.27400562078555546	-0.11573617461612704	0.14894208322610764	-0.18673207002586123	0.2021805644791585	-0.23064252572290977	0.09923872300943816	-0.14733291800513018	0.16187185884956076	-0.1528542049347077	0.12996761462141437	-0.09009544368013027	0.1212995600621324	-0.10348709309906981	0.07704689101515032	-0.06833999169091552	0.08259108170702324	-0.12279262773559405	0.10616837326887926	-0.07506977747523817	0.06256756508356343
-0.046614715227319165	0.04792613352827364	-0.0901290730658426	0.13278800591683132	-0.10674604551308167	0.07988274673874671	-0.08184465914830322	0.12418594181855545	-0.07970826846748541	0.1759357458321782	-0.09134633487740788	0.08628288934584045	-0.09250738085335063	0.08685352141497686	-0.4103996116173996	0.08795448831845454	-0.07334834344389839	0.12169238794656927	-0.3576239903194471	0.9999999999999966	-0.09776376838528276	0.08808829000225389	-0.12453607195639725	0.2417815247299553	-0.7782474036259514	0.057080350843176066	-0.0752039937478094	0.09464150802301204	-0.12336191091582785	0.14290063908845135	-0.04984589258354585	0.07320649876202336	-0.08522788134807932	0.08312268766476895	-0.07792988542788415	0.04517631601662145	-0.06201562427748724	0.053099658979413475	-0.040619491494352636	0.0360597646893405	-0.04190856258414511	0.06126836073094193	-0.05493190798631032	0.039136813060102194	-0.033348502853244574
0.08200572526559165	-0.08019933785358152	0.09376306613714354	-0.11777737715209825	0.08973946687954845	-0.15206006860243704	0.14482082558894624	-0.12585957316593058	0.08433841104313294	-0.11704692945984141	0.21104325123084786	-0.11981238571481934	0.12626228122081123	-0.08753694746560117	0.16475476086200538	-0.2670664905669283	0.16830991819467897	-0.13457567910591414	0.19310371570302207	-0.09776376838528276	0.9999999999999937	-0.22666250281590497	0.13962225429143352	-0.18431303381010072	0.11806975781740246	-0.1371043200966939	0.14318823447227041	-0.15442456669989232	0.11154370735225606	-0.1202248812662531	0.10993715314948288	-0.14548137037665787	0.14189606832981763	-0.09228894599608771	0.07999528030783247	-0.08907805748950544	0.11575259988293428	-0.09341593486019448	0.06190275985377072	-0.052871963587397645	0.08076508577581014	-0.11819905342493774	0.09690010919667114	-0.06050967954335548	0.049342085241044845
-0.08284533839888837	0.07693987982083757	-0.07465995621389883	0.08514088641174693	-0.06820682487488872	0.14799477946909695	-0.15346029880629775	0.09499010145632195	-0.0772072946811031	0.08691838486961102	-0.29573204936672726	0.12269664589718407	-0.14005014857101156	0.07892664095373345	-0.13341877787233808	0.2871514894589986	-0.6768761110473659	0.18279296810388418	-0.1903850365391651	0.08808829000225389	-0.22666250281590497	0.9999999999999964	-0.20312801047422815	0.16912091677496052	-0.10784250233933693	0.1504657405984386	-0.39220888075765603	0.22166290188849283	-0.12927488429496548	0.1238945749110286	-0.13800483071312225	0.2033578814833822	-0.1958507684103679	0.09458586049317368	-0.08488683556391477	0.09890294311344407	-0.1472091682078187	0.11148148621570099	-0.06849509335959128	0.054349926857055614	-0.09134646399935102	0.12331980749268578	-0.11294416462203632	0.06547522789108966	-0.05170031880444844
0.0746089002633087	-0.07803285237284023	0.09018288921894473	-0.10787174027654396	0.08262579561420451	-0.14016535980095762	0.14295408993255634	-0.12310886777154667	0.1019414543731337	-0.11129892792537384	0.1599248296309685	-0.20102244108167935	0.2127716093084177	-0.11424550714304225	0.1563939492659842	-0.17626899268777516	0.17836095484081846	-0.76435344158921	0.26705870189892406	-0.12453607195639725	0.13962225429143352	-0.20312801047422815	0.999999999999997	-0.393583945729272	0.14575578677569673	-0.09651323319288146	0.14170342322511903	-0.19265584455906476	0.14830074979837504	-0.1483780745893944	0.08363772150402955	-0.127077491912398	0.14068612346823026	-0.10142603197486696	0.08876675543674376	-0.07120562507983862	0.09907125069007196	-0.08336771485089932	0.057109988725425026	-0.04833918346060323	0.06535355565323055	-0.09420554366902528	0.08414272359420913	-0.055114828536675146	0.04498866446617404
-0.08236046988333912	0.08206949936262423	-0.11959679744204064	0.1488015084610663	-0.1237404278988817	0.14056191034498408	-0.1540708156304911	0.15514179217956653	-0.1237810271211217	0.16830711941812765	-0.18000797179750963	0.15455363283699336	-0.18047916524030655	0.12862202446261564	-0.2976464346966097	0.16230124459974432	-0.14854887995118568	0.25510893743909363	-0.5385037679495616	0.2417815247299553	-0.18431303381010072	0.16912091677496052	-0.393583945729272	0.9999999999999959	-0.36198917710782974	0.11257089027198199	-0.15984590821898373	0.20045355012402657	-0.35728739443393354	0.24877634058281414	-0.10180923806282831	0.14715406684816054	-0.186845872354138	0.16262914462280875	-0.15643200377387148	0.09010404808996604	-0.1287980239877555	0.10926836447283633	-0.08294103731260602	0.07155247780212902	-0.08534384512371337	0.11982977851150345	-0.11454164607894302	0.07846310327412197	-0.0678511855169547
0.055236779547826985	-0.056827029866770656	0.10397438056401183	-0.15552708914321461	0.11773949626138182	-0.0954835827072135	0.09678822821876851	-0.14562637082578497	0.08847890023114315	-0.19834730049960445	0.1094871111461279	-0.10164046764013643	0.10702887539584972	-0.09644938706817117	0.2695840279583086	-0.10652454538449069	0.08847444657354406	-0.1412020892947787	0.27400562078555546	-0.7782474036259514	0.11806975781740246	-0.10784250233933693	0.14575578677569673	-0.36198917710782974	0.9999999999999962	-0.07103185710680503	0.09367268273830458	-0.12053769763352983	0.16285055678974256	-0.21612282214726225	0.06187688865313674	-0.09136487301732768	0.1062743643516448	-0.1108504985430022	0.10160216518461702	-0.05624939511767708	0.0770792928491942	-0.06648851491020029	0.05160932411318339	-0.046060178447648675	0.05206345760297735	-0.076450185872626	0.06847216552303971	-0.04981908841143899	0.04229402532637588
-0.041251244150556664	0.03926976768104311	-0.04388735640265875	0.05239433382656205	-0.04199459325488144	0.07249333643754659	-0.07594663177587183	0.05665084278332832	-0.04329778101884324	0.05465671504034832	-0.1187893925298133	0.0633673184308451	-0.07050327700430392	0.044430895612243254	-0.08499015841727074	0.1108032010393614	-0.11940070613861352	0.08504835040838502	-0.11573617461612704	0.057080350843176066	-0.1371043200966939	0.1504657405984386	-0.09651323319288146	0.11257089027198199	-0.07103185710680503	0.9999999999999969	-0.2996881598504227	0.19380438473542463	-0.10472623664661969	0.10050587830283078	-0.8359412773151477	0.2703409255431092	-0.23487203609331664	0.08495837366228547	-0.07660927643041947	0.168451249341779	-0.20763948575106375	0.13681962220237334	-0.07749347550422049	0.05714687158144172	-0.15507876921086994	0.15390597445793958	-0.14330036987235809	0.07343604873419844	-0.05536466127316338
0.05313284695688552	-0.050895518040114045	0.05572285622655188	-0.06662888377366341	0.05295850628858106	-0.09578346118798614	0.09761931983249436	-0.07241329992410168	0.05579242903314851	-0.06959931275369237	0.15824319790835384	-0.08486245591214552	0.09362050445108874	-0.05775095164945013	0.10652782953465915	-0.17067364355618833	0.20295045306783863	-0.12704876676170562	0.14894208322610764	-0.0752039937478094	0.14318823447227041	-0.39220888075765603	0.14170342322511903	-0.15984590821898373	0.09367268273830458	-0.2996881598504227	0.999999999999999	-0.5646757151244369	0.16913536267315923	-0.16075087129463775	0.22557525062210215	-0.5039751651312946	0.2859950460754815	-0.11843303100326157	0.10299110534331996	-0.14171343207293183	0.2093145418862864	-0.15956348001145915	0.08787435152899199	-0.06706665575991343	0.12244224544696382	-0.16731661519474408	0.14766986176831123	-0.08462980014285354	0.06297115344268511
-0.059118850379163174	0.05675658292668855	-0.06535364337313163	0.07861733089035192	-0.06311309419188924	0.10396248002247613	-0.10958472969276499	0.08474285558590382	-0.06575475246185959	0.08336452461825214	-0.16715103895187147	0.09684203001303399	-0.10887091643649606	0.06796455047854587	-0.13125282898247173	0.15512636519748854	-0.1808280601106419	0.14846880122303863	-0.18673207002586123	0.09464150802301204	-0.15442456669989232	0.22166290188849283	-0.19265584455906476	0.20045355012402657	-0.12053769763352983	0.19380438473542463	-0.5646757151244369	0.9999999999999954	-0.32937295161234464	0.21720150411201666	-0.18648851001080116	0.2885406249292729	-0.5213196359401513	0.15781771515700013	-0.14489131061529864	0.14004851129099796	-0.22323397691834967	0.19388925267569654	-0.1113149805350955	0.08283808677130086	-0.13178324554015491	0.17626746088154682	-0.18651052197419893	0.10390028732056464	-0.07910702300840826
0.04593073063588055	-0.045253811869870104	0.06132221700119284	-0.07788534538355806	0.06256636641895318	-0.0801257697848874	0.08443896457907779	-0.08080022528347613	0.06008364621150355	-0.08687652369899823	0.11188182475576984	-0.08033680085249913	0.08944233055694827	-0.06275678962901315	0.13913242090246036	-0.10632593831697881	0.10244591542688398	-0.12252577067588695	0.2021805644791585	-0.12336191091582785	0.11154370735225606	-0.12927488429496548	0.14830074979837504	-0.35728739443393354	0.16285055678974256	-0.10472623664661969	0.16913536267315923	-0.32937295161234464	0.9999999999999987	-0.7342941679243814	0.094047857957124	-0.1460579081235346	0.19464358927233483	-0.30891106478095354	0.24367937604699338	-0.08220029550541329	0.11968238076427912	-0.11009536771707311	0.09527317225334872	-0.08207655556104443	0.07665988709332257	-0.10936058812309724	0.10911152148088327	-0.08963456864316963	0.0744112155515903
-0.04911567053471067	0.048189823191948374	-0.0670149970839849	0.08492999740368772	-0.06951524677488455	0.08442870889047131	-0.09040185901099215	0.0874413221511552	-0.0655120964422535	0.09611117623015022	-0.11872652336226293	0.08414042895720865	-0.09480850274168516	0.06797484683011676	-0.16347413902437577	0.10770735213764421	-0.10339080747942668	0.12181564413241434	-0.23064252572290977	0.14290063908845135	-0.1202248812662531	0.1238945749110286	-0.1483780745893944	0.24877634058281414	-0.21612282214726225	0.10050587830283078	-0.16075087129463775	0.21720150411201666	-0.7342941679243814	0.9999999999999941	-0.09357484528664915	0.13811784393033275	-0.20109699222887792	0.2658089655268147	-0.3926866875531144	0.08282373726420489	-0.12329816744008575	0.1108872938874775	-0.09889034900753359	0.08883527918299838	-0.07905019501844551	0.10999214797466883	-0.11450475990906211	0.09084785543014992	-0.08313738939706888
0.035123755065766905	-0.03369666050866154	0.03802103928751262	-0.04583878562418155	0.036429318126752264	-0.06252639105054227	0.06434533558797892	-0.049469741601761416	0.037298793686010315	-0.047767679342994536	0.09926125961374196	-0.05492222800441013	0.060415184541607665	-0.03846343627090117	0.07309502670825035	-0.09867059000554662	0.10096322214918349	-0.07488816927143431	0.09923872300943816	-0.04984589258354585	0.10993715314948288	-0.13800483071312225	0.08363772150402955	-0.10180923806282831	0.06187688865313674	-0.8359412773151477	0.22557525062210215	-0.18648851001080116	0.094047857957124	-0.09357484528664915	0.9999999999999937	-0.37686177319934083	0.19985901403337664	-0.07839343970398173	0.0688694255641284	-0.2066717606922328	0.19629939412964018	-0.13043515538735312	0.07080513141179136	-0.05288015526525106	0.14845618551273085	-0.15811152410998108	0.129129084287503	-0.06843531727202826	0.05025041370350258
-0.05172264406975284	0.049268562304838975	-0.05501200284838041	0.06571301167845144	-0.05264386916833012	0.09108226211165169	-0.09534160484805045	0.071073014588305	-0.054606261605473036	0.06878329043939499	-0.15062445156822285	0.08040928531504764	-0.08958518333196655	0.056131184954773115	-0.10694513855466178	0.14068976712934197	-0.16179794196521596	0.11109956589177121	-0.14733291800513018	0.07320649876202336	-0.14548137037665787	0.2033578814833822	-0.127077491912398	0.14715406684816054	-0.09136487301732768	0.2703409255431092	-0.5039751651312946	0.2885406249292729	-0.1460579081235346	0.13811784393033275	-0.37686177319934083	0.9999999999999937	-0.4571547650956543	0.11964132862961932	-0.10687566545734718	0.2005709459368448	-0.4334030227741609	0.2242692141908906	-0.11417211397277253	0.08104908611966204	-0.17797527770926475	0.21904252978567798	-0.20978566332484855	0.10762316531297364	-0.07771416955444288
0.05272149028993345	-0.05125793147548522	0.060371959745871735	-0.07421655483225979	0.058513470673377636	-0.09453292090256246	0.09633519079532982	-0.07944081261260816	0.05901749076877411	-0.07816256894057559	0.14188174785639096	-0.08662874863738967	0.09430213248534003	-0.06137899712120201	0.11809329778949455	-0.14477862603142655	0.14228343848213307	-0.12518163904935592	0.16187185884956076	-0.08522788134807932	0.14189606832981763	-0.1958507684103679	0.14068612346823026	-0.186845872354138	0.1062743643516448	-0.23487203609331664	0.2859950460754815	-0.5213196359401513	0.19464358927233483	-0.20109699222887792	0.19985901403337664	-0.4571547650956543	0.9999999999999949	-0.18634583217591932	0.14743409874747565	-0.1956639086748749	0.2762858749838519	-0.4177412760987356	0.15406148047896337	-0.11176769235202119	0.16850136681795885	-0.27425418665890156	0.25132231024804336	-0.1522337205774862	0.10142010042625048
-0.03621398452339496	0.035355575996697294	-0.04718123979048305	0.05895451256362026	-0.0481051413347276	0.06251287361193604	-0.06660687230509298	0.06139396448446003	-0.04607549154724987	0.06514192912220304	-0.08936610447950727	0.0606206908441197	-0.06791245831699524	0.047639403409682105	-0.1081176859703278	0.08191898315659617	-0.07717644472097529	0.08539118003574664	-0.1528542049347077	0.08312268766476895	-0.09228894599608771	0.09458586049317368	-0.10142603197486696	0.16262914462280875	-0.1108504985430022	0.08495837366228547	-0.11843303100326157	0.15781771515700013	-0.30891106478095354	0.2658089655268147	-0.07839343970398173	0.11964132862961932	-0.18634583217591932	0.9999999999999921	-0.8286223503279282	0.07903990061709829	-0.1172910360806328	0.12302171133229899	-0.20033001229232025	0.1442917941720188	-0.07544559314598334	0.11043499994168912	-0.12567336779277943	0.14987100479700968	-0.13819105188069192
0.031668305593696225	-0.031089405687659253	0.04187239589714431	-0.05315674056056345	0.04269835076108447	-0.055137606290328565	0.05796292334564772	-0.055090055068549165	0.04041507129095513	-0.05884895273591581	0.07740592876331856	-0.0536100376009478	0.059373176349850655	-0.04204359125754708	0.0938700520840678	-0.0730253224502538	0.06777801107107786	-0.07606963594932348	0.12996761462141437	-0.07792988542788415	0.07999528030783247	-0.08488683556391477	0.08876675543674376	-0.15643200377387148	0.10160216518461702	-0.07660927643041947	0.10299110534331996	-0.14489131061529864	0.24367937604699338	-0.3926866875531144	0.0688694255641284	-0.10687566545734718	0.14743409874747565	-0.8286223503279282	0.9999999999999928	-0.07060627627736878	0.10072076757257274	-0.10755239378720048	0.15039685133244782	-0.16188620903333972	0.06604233279464676	-0.10043635668898074	0.10676429041349117	-0.14157405158119205	0.12734941953794032
-0.030667205690234307	0.029406957372653964	-0.03405651996764729	0.0411718064948781	-0.03294694199234461	0.05385075496551486	-0.05629453195050673	0.044177417872097204	-0.033202359891369125	0.043146704020306355	-0.08403857636795965	0.04773697636966279	-0.05273402982297051	0.034144241248768616	-0.06696435868917061	0.07909309375921622	-0.07727321522843053	0.0632841389573391	-0.09009544368013027	0.04517631601662145	-0.08907805748950544	0.09890294311344407	-0.07120562507983862	0.09010404808996604	-0.05624939511767708	0.168451249341779	-0.14171343207293183	0.14004851129099796	-0.08220029550541329	0.08282373726420489	-0.2066717606922328	0.2005709459368448	-0.1956639086748749	0.07903990061709829	-0.07060627627736878	0.9999999999999929	-0.47174149889717154	0.19551540889894162	-0.10150811817785536	0.06881393391892691	-0.7398302741724995	0.29661926193687815	-0.22709309299976482	0.09678369562286974	-0.06751486729570855
0.04119746686233464	-0.03977591848362906	0.0462062553344678	-0.056347122471235425	0.04465347364408268	-0.073363528803284	0.07529528689080327	-0.06042593704966259	0.04495557440165259	-0.058983139854844914	0.11225289440146892	-0.06537292394866696	0.0715103937862332	-0.04647557035354815	0.08988133490572461	-0.11186856092458197	0.1085316182293695	-0.08892166057560878	0.1212995600621324	-0.06201562427748724	0.11575259988293428	-0.1472091682078187	0.09907125069007196	-0.1287980239877555	0.0770792928491942	-0.20763948575106375	0.2093145418862864	-0.22323397691834967	0.11968238076427912	-0.12329816744008575	0.19629939412964018	-0.4334030227741609	0.2762858749838519	-0.1172910360806328	0.10072076757257274	-0.47174149889717154	0.999999999999991	-0.43621906127222876	0.14967077991802075	-0.10337088829755468	0.27680453211388817	-0.4371567009102772	0.2809191500745384	-0.14981236311727616	0.0950098177314192
-0.03372045211148693	0.03254128714682489	-0.03837049940928687	0.046831564763312815	-0.03731180326182035	0.059576460098524235	-0.06179583002947611	0.05006694065221634	-0.037409745885417914	0.04936130319090672	-0.0910310733701461	0.05376344022526483	-0.05914601237950774	0.038641391463423394	-0.07622341788771046	0.0878189588763364	-0.08574620843328781	0.07358801180842063	-0.10348709309906981	0.053099658979413475	-0.09341593486019448	0.11148148621570099	-0.08336771485089932	0.10926836447283633	-0.06648851491020029	0.13681962220237334	-0.15956348001145915	0.19388925267569654	-0.11009536771707311	0.1108872938874775	-0.13043515538735312	0.2242692141908906	-0.4177412760987356	0.12302171133229899	-0.10755239378720048	0.19551540889894162	-0.43621906127222876	0.9999999999999919	-0.2879096436554248	0.12873082276464026	-0.1883667437089493	0.281973214495241	-0.6361033291836222	0.21690300281195982	-0.12407437830394483
0.022766195361380043	-0.022106226680212934	0.027318632957939452	-0.03379011894722915	0.02701689894065053	-0.040036661918527804	0.04165155964586609	-0.035739910807419034	0.026452193464104566	-0.036117340184452874	0.05900954071967911	-0.03685178117713695	0.0405575684636902	-0.027363631053609585	0.05655866053046331	-0.056706245912217026	0.0530626486261243	-0.05024678816204252	0.07704689101515032	-0.040619491494352636	0.06190275985377072	-0.06849509335959128	0.057109988725425026	-0.08294103731260602	0.05160932411318339	-0.07749347550422049	0.08787435152899199	-0.1113149805350955	0.09527317225334872	-0.09889034900753359	0.07080513141179136	-0.11417211397277253	0.15406148047896337	-0.20033001229232025	0.15039685133244782	-0.10150811817785536	0.14967077991802075	-0.2879096436554248	0.9999999999999908	-0.3435719426722224	0.09454547369346343	-0.16162695135221805	0.22445567992411627	-0.797833623591729	0.25599739746872163
-0.019456126294979097	0.01889085676012227	-0.02379504229124675	0.029497606384979908	-0.023716398101940747	0.03395575471282852	-0.03563036165712873	0.031062381699246584	-0.022983435379989453	0.03172370523303138	-0.04963846684377275	0.03145039212285681	-0.034753795851070024	0.023738751489271032	-0.050353545255965096	0.046616097713483795	-0.04298714375559565	0.042366824003764424	-0.06833999169091552	0.0360597646893405	-0.052871963587397645	0.054349926857055614	-0.04833918346060323	0.07155247780212902	-0.046060178447648675	0.05714687158144172	-0.06706665575991343	0.08283808677130086	-0.08207655556104443	0.08883527918299838	-0.05288015526525106	0.08104908611966204	-0.11176769235202119	0.1442917941720188	-0.16188620903333972	0.06881393391892691	-0.10337088829755468	0.12873082276464026	-0.3435719426722224	0.9999999999999908	-0.06741584499839584	0.10481478917687459	-0.1418149731342405	0.2617218626162869	-0.8692016501815035
0.02802985176028007	-0.027020602734193183	0.03157625820767667	-0.03847785935044357	0.030582461554704274	-0.04959401944234518	0.05126268368727126	-0.04120604384837379	0.030607277244707073	-0.04027050217705269	0.07563982219409414	-0.04407390657219713	0.04831752544330307	-0.03157333131657064	0.06168454233628224	-0.07345107059788807	0.06955268778063453	-0.05859313789943678	0.08259108170702324	-0.04190856258414511	0.08076508577581014	-0.09134646399935102	0.06535355565323055	-0.08534384512371337	0.05206345760297735	-0.15507876921086994	0.12244224544696382	-0.13178324554015491	0.07665988709332257	-0.07905019501844551	0.14845618551273085	-0.17797527770926475	0.16850136681795885	-0.07544559314598334	0.06604233279464676	-0.7398302741724995	0.27680453211388817	-0.1883667437089493	0.09454547369346343	-0.06741584499839584	0.9999999999999905	-0.5258127856009505	0.20943368491657843	-0.09539826008229438	0.06409914631297095
-0.04113832289439899	0.03937366229602127	-0.04596853885742368	0.055472393267232585	-0.04465201672307205	0.07166927885435317	-0.07566293858594972	0.05941697309923143	-0.0447794331839112	0.058305844146618706	-0.11174004243512686	0.06368295696305841	-0.07064479307927041	0.04594688000386614	-0.09159682129155894	0.10237003746487208	-0.09833003837763007	0.08340204575046382	-0.12279262773559405	0.06126836073094193	-0.11819905342493774	0.12331980749268578	-0.09420554366902528	0.11982977851150345	-0.076450185872626	0.15390597445793958	-0.16731661519474408	0.17626746088154682	-0.10936058812309724	0.10999214797466883	-0.15811152410998108	0.21904252978567798	-0.27425418665890156	0.11043499994168912	-0.10043635668898074	0.29661926193687815	-0.4371567009102772	0.281973214495241	-0.16162695135221805	0.10481478917687459	-0.5258127856009505	0.999999999999991	-0.5200728368180773	0.15504055034428166	-0.10729338081061704
0.034748068344733464	-0.033669057457471285	0.04004082187109529	-0.04920060451218224	0.038976879859200855	-0.06170413252227907	0.06344437883237601	-0.052493346322067744	0.038741376672366025	-0.05174384554304947	0.09226320221141804	-0.05558818019471199	0.060719083615750354	-0.040093931031088964	0.07891011962637973	-0.09098025604749439	0.08531094725248956	-0.0753037905683026	0.10616837326887926	-0.05493190798631032	0.09690010919667114	-0.11294416462203632	0.08414272359420913	-0.11454164607894302	0.06847216552303971	-0.14330036987235809	0.14766986176831123	-0.18651052197419893	0.10911152148088327	-0.11450475990906211	0.129129084287503	-0.20978566332484855	0.25132231024804336	-0.12567336779277943	0.10676429041349117	-0.22709309299976482	0.2809191500745384	-0.6361033291836222	0.22445567992411627	-0.1418149731342405	0.20943368491657843	-0.5200728368180773	0.999999999999991	-0.28826321006098155	0.1322923354902102
