1.0	-0.6237802846990297	0.31362316504477417	-0.1605599437203471	0.10802785690868183	-0.6206781094591026	0.2778874531853926	-0.2382471297616577	0.15412747114068823	-0.15531617304062623	0.08058524489319387	-0.13757406115459392	0.11575098036091015	-0.12313450173933185	0.11895504334284203	-0.07698901468549496	0.09202306937843877	-0.09422406244875577	0.08086887408696632	-0.07437283493330608	0.06050823723051843	-0.0760495587640243	0.08095827070359475	-0.08159040582841551	0.08234451720094846	-0.0941532501259288	0.010275360783254	-0.010010749764758742	0.04144215612151217	-0.050697620256343834
-0.6237802846990297	1.0000000000000002	-0.625805796301456	0.1437063761036925	-0.0984409617536527	0.31155233382642883	-0.33938381046918575	0.2095069182944561	-0.14131455758093248	0.13025509063592938	-0.06013187797395711	0.1106100739296886	-0.09669676541458808	0.10397015168337105	-0.10291842744042008	0.056979928094058226	-0.07386025201212724	0.07583921095285948	-0.06568561850073347	0.05994754353011408	-0.04723681262372124	0.0596530727191027	-0.0645664638343944	0.06473201553969667	-0.06657594594630516	0.07275549014046566	-0.00815892869982975	0.007943102887621827	-0.03289132592921245	0.03999652084206031
0.31362316504477417	-0.625805796301456	1.0000000000000007	-0.27723811783952285	0.16715516822317378	-0.4326614056745702	0.2918322513402894	-0.3331642823512749	0.21654529331857392	-0.23442640036075377	0.09439836303982148	-0.18175975310797357	0.1539581860236619	-0.1737427648618471	0.16656742489293175	-0.09225919524546508	0.11953074114765286	-0.12601470292756406	0.10836522201893752	-0.10065325043966884	0.0795942552211378	-0.10108984326921754	0.10699648258929892	-0.11012754374961901	0.10924950070232103	-0.12631756143607342	0.013651110609156665	-0.013313027746230364	0.05570673592700806	-0.06860025478750263
-0.1605599437203471	0.1437063761036925	-0.27723811783952285	1.0000000000000002	-0.6742252591227382	0.16158496835598604	-0.21851845463340205	0.23133057286970765	-0.4679268993034873	0.315283766650491	-0.0660975643985403	0.13526624814087726	-0.14997873145757273	0.2062554567682181	-0.256697709009785	0.06284028887293014	-0.09549700859866925	0.10471132642099815	-0.09700688126920282	0.08722737380209938	-0.05708140158307432	0.0735152110615405	-0.08438406026575387	0.08521188020579608	-0.09459113286398992	0.08503038834696386	-0.010526015158611183	0.010229361642171166	-0.043054950571362084	0.0511909105545898
0.10802785690868183	-0.0984409617536527	0.16715516822317378	-0.6742252591227382	1.0000000000000009	-0.11919803466660937	0.14626139573744493	-0.17788254760854857	0.25635022179232403	-0.6186245148801393	0.053795168775387786	-0.11639093515585792	0.1211968079354026	-0.18888993779769295	0.21675923941593944	-0.0520662965786862	0.07866491227285155	-0.08912776024203954	0.08042821608603366	-0.07455780917782731	0.04743046149208717	-0.061658874535979735	0.06914892923396879	-0.07199937258433148	0.07662403969096196	-0.07178185530382077	0.008658783084895772	-0.008430424375173126	0.035821924815159986	-0.043048541681219535
-0.6206781094591026	0.31155233382642883	-0.4326614056745702	0.16158496835598604	-0.11919803466660937	1.0000000000000002	-0.5215512394153479	0.2525168558060194	-0.18851047318138295	0.153934044729461	-0.10889943771586683	0.15002942783530843	-0.13638376781852057	0.13368548349583984	-0.13845745305604581	0.09283877607034163	-0.10791962769580632	0.1049102100776225	-0.09229476355536005	0.08243445167804594	-0.06742162487315315	0.08315686292243735	-0.0925831167351989	0.08862098511654802	-0.0961549745351132	0.09893514228544834	-0.011575476883783437	0.011238147883131686	-0.04561702001150172	0.05446883519473725
0.2778874531853926	-0.33938381046918575	0.2918322513402894	-0.21851845463340205	0.14626139573744493	-0.5215512394153479	1.0000000000000007	-0.5986843679523451	0.24907571312121637	-0.21214059775895197	0.09276025591201865	-0.1975037221895565	0.16085791983557773	-0.17806984235317969	0.16396810296643588	-0.08741131601708987	0.1177361837198084	-0.12125332294233476	0.10167153921801715	-0.09198370861819284	0.07037154110081612	-0.09000476936437853	0.09749142319203702	-0.09727845125662701	0.09984549970395216	-0.10610143414008105	0.012176207290086703	-0.011852493721968883	0.048818475629643684	-0.05901643112009473
-0.2382471297616577	0.2095069182944561	-0.3331642823512749	0.23133057286970765	-0.17788254760854857	0.2525168558060194	-0.5986843679523451	1.0000000000000002	-0.5486551070168418	0.21659913489972457	-0.08294551432840236	0.16856225826590682	-0.1922551143052125	0.20813952261170837	-0.20729972563156665	0.07756060331621432	-0.11576289263593285	0.1237135992072901	-0.10877139116804603	0.09505741849475959	-0.06751856325214638	0.08648620152033874	-0.09843251677039493	0.09686405652193161	-0.10525541066182428	0.09962314440527756	-0.012198996761672054	0.011850969492722765	-0.048962922300117014	0.0582252267999226
0.15412747114068823	-0.14131455758093248	0.21654529331857392	-0.4679268993034873	0.25635022179232403	-0.18851047318138295	0.24907571312121637	-0.5486551070168418	1.000000000000001	-0.3833408534815132	0.07775669296603183	-0.17322114968276414	0.18741909019374112	-0.3932497388817784	0.2665117566288976	-0.07518832756969125	0.11362274183186631	-0.13213821742865237	0.11611487093342944	-0.10434836949637454	0.0668197526760033	-0.08728085625719095	0.09722685102490344	-0.10151990860222576	0.10538578163757416	-0.10052793550414432	0.01210098970475682	-0.011787526715585566	0.04988492544545919	-0.059932231712904044
-0.15531617304062623	0.13025509063592938	-0.23442640036075377	0.315283766650491	-0.6186245148801393	0.153934044729461	-0.21214059775895197	0.21659913489972457	-0.3833408534815132	1.0000000000000016	-0.07327344477820866	0.1529249492254686	-0.17533386730359318	0.2560508872190875	-0.45929504733341375	0.06981807339193051	-0.10850333844014956	0.12104280408956553	-0.11413780895516311	0.10422222153393078	-0.06408862362938668	0.08294018336787501	-0.09583046103435532	0.09768382929880381	-0.11025455928332237	0.09503041416668137	-0.011927404772603827	0.011591852429543274	-0.04917326981274346	0.05828911322643916
0.08058524489319387	-0.06013187797395711	0.09439836303982148	-0.0660975643985403	0.053795168775387786	-0.10889943771586683	0.09276025591201865	-0.08294551432840236	0.07775669296603183	-0.07327344477820866	0.9999999999999986	-0.3133170100139461	0.16904119468754333	-0.09472356425398719	0.09475858121172089	-0.8684132750500902	0.24002680134005847	-0.17795373190865632	0.1181905201711795	-0.1011092986989425	0.15503215815415175	-0.1664880783339523	0.14315206066148667	-0.11867222856979882	0.11417978606120795	-0.19208776362428162	0.016877070797222934	-0.01642885283194495	0.05740274033745675	-0.06741499652791072
-0.13757406115459392	0.1106100739296886	-0.18175975310797357	0.13526624814087726	-0.11639093515585792	0.15002942783530843	-0.1975037221895565	0.16856225826590682	-0.17322114968276414	0.1529249492254686	-0.3133170100139461	0.9999999999999977	-0.5823448556247828	0.22007813360414438	-0.23175363156123513	0.23041590720767274	-0.49026831784195457	0.3017738918422636	-0.21911965639220607	0.17301916380919455	-0.16303486073761342	0.20791146280184059	-0.2339841026580262	0.1864208199186533	-0.20618810128332377	0.19771825191561607	-0.026615337080142236	0.025702025146996463	-0.09324423759078808	0.10588711843113842
0.11575098036091015	-0.09669676541458808	0.1539581860236619	-0.14997873145757273	0.1211968079354026	-0.13638376781852057	0.16085791983557773	-0.1922551143052125	0.18741909019374112	-0.17533386730359318	0.16904119468754333	-0.5823448556247828	0.9999999999999986	-0.39278195731399307	0.24159489144010676	-0.1694145701988978	0.2846265989323008	-0.4933369385037771	0.22663689406040566	-0.1940483670302877	0.13564382800954702	-0.18665989957764087	0.19802582636512214	-0.19657981537562397	0.18415116875238335	-0.19561435095894136	0.023373114165032478	-0.02284150454037887	0.09149666093267422	-0.10950265627060399
-0.12313450173933185	0.10397015168337105	-0.1737427648618471	0.2062554567682181	-0.18888993779769295	0.13368548349583984	-0.17806984235317969	0.20813952261170837	-0.3932497388817784	0.2560508872190875	-0.09472356425398719	0.22007813360414438	-0.39278195731399307	0.9999999999999993	-0.6929583291231064	0.09115484236901149	-0.15286691480994255	0.19024563371966605	-0.19186954064679995	0.14900250924401626	-0.08228238248281697	0.10922480318505942	-0.12602228366725834	0.13335313667696952	-0.1416569362846395	0.12004262842297375	-0.015304003654108219	0.014902730785942593	-0.06402698433187573	0.07547376241635584
0.11895504334284203	-0.10291842744042008	0.16656742489293175	-0.256697709009785	0.21675923941593944	-0.13845745305604581	0.16396810296643588	-0.20729972563156665	0.2665117566288976	-0.45929504733341375	0.09475858121172089	-0.23175363156123513	0.24159489144010676	-0.6929583291231064	0.999999999999999	-0.0941290382563571	0.14688019410587078	-0.18456591146352858	0.1652007250871825	-0.1706566751775963	0.08564194544727795	-0.11421012092167361	0.12562484422745263	-0.13971054728890628	0.14406682646309524	-0.13025100981032195	0.01564989197277535	-0.015280617041586998	0.06673025981990964	-0.08072548390690146
-0.07698901468549496	0.056979928094058226	-0.09225919524546508	0.06284028887293014	-0.0520662965786862	0.09283877607034163	-0.08741131601708987	0.07756060331621432	-0.07518832756969125	0.06981807339193051	-0.8684132750500902	0.23041590720767274	-0.1694145701988978	0.09115484236901149	-0.0941290382563571	0.9999999999999983	-0.32588515789981576	0.17080853306321164	-0.11928988954802346	0.0970752036151078	-0.18371362777895642	0.1652774619804097	-0.14908242051636478	0.11351527914423139	-0.11528863730163177	0.17319516843319893	-0.016976039059043206	0.016448613378068987	-0.055714089113845414	0.06389221588306995
0.09202306937843877	-0.07386025201212724	0.11953074114765286	-0.09549700859866925	0.07866491227285155	-0.10791962769580632	0.1177361837198084	-0.11576289263593285	0.11362274183186631	-0.10850333844014956	0.24002680134005847	-0.49026831784195457	0.2846265989323008	-0.15286691480994255	0.14688019410587078	-0.32588515789981576	0.9999999999999978	-0.5412672297786576	0.22680988583637882	-0.18807540887119858	0.2065708586738237	-0.3805633193095897	0.25325288199875307	-0.2142315216211174	0.19166689607824014	-0.2601282612767527	0.028359902558533025	-0.02773205189426727	0.09771894347523202	-0.11492930866382589
-0.09422406244875577	0.07583921095285948	-0.12601470292756406	0.10471132642099815	-0.08912776024203954	0.1049102100776225	-0.12125332294233476	0.1237135992072901	-0.13213821742865237	0.12104280408956553	-0.17795373190865632	0.3017738918422636	-0.4933369385037771	0.19024563371966605	-0.18456591146352858	0.17080853306321164	-0.5412672297786576	0.9999999999999967	-0.4388004131700232	0.22669710161303513	-0.15573711833438153	0.22048738750996547	-0.29326364056212556	0.23063761731405313	-0.23365576246914252	0.19790683241958393	-0.02907864970073651	0.028281702866269347	-0.10629688847775176	0.11965849926174428
0.08086887408696632	-0.06568561850073347	0.10836522201893752	-0.09700688126920282	0.08042821608603366	-0.09229476355536005	0.10167153921801715	-0.10877139116804603	0.11611487093342944	-0.11413780895516311	0.1181905201711795	-0.21911965639220607	0.22663689406040566	-0.19186954064679995	0.1652007250871825	-0.11928988954802346	0.22680988583637882	-0.4388004131700232	0.9999999999999961	-0.6070246200976579	0.1325486273929367	-0.19094804231870297	0.235583236107672	-0.43194337792048126	0.31076001654127033	-0.20028737208974096	0.02875627531739116	-0.028242538976337144	0.15047218431738987	-0.17698517256671045
-0.07437283493330608	0.05994754353011408	-0.10065325043966884	0.08722737380209938	-0.07455780917782731	0.08243445167804594	-0.09198370861819284	0.09505741849475959	-0.10434836949637454	0.10422222153393078	-0.1011092986989425	0.17301916380919455	-0.1940483670302877	0.14900250924401626	-0.1706566751775963	0.0970752036151078	-0.18807540887119858	0.22669710161303513	-0.6070246200976579	0.9999999999999982	-0.11010191302242743	0.14956226242444548	-0.20006910336572073	0.2670258082986831	-0.6510540189329019	0.16123197488532878	-0.02525714765256064	0.024570059213918097	-0.13614780335543192	0.15238723672741888
0.06050823723051843	-0.04723681262372124	0.0795942552211378	-0.05708140158307432	0.04743046149208717	-0.06742162487315315	0.07037154110081612	-0.06751856325214638	0.0668197526760033	-0.06408862362938668	0.15503215815415175	-0.16303486073761342	0.13564382800954702	-0.08228238248281697	0.08564194544727795	-0.18371362777895642	0.2065708586738237	-0.15573711833438153	0.1325486273929367	-0.11010191302242743	0.9999999999999968	-0.5751280307207903	0.25954639812140873	-0.15744715298017517	0.15019020380978854	-0.7114811509539668	0.02922840925620959	-0.028446524661552335	0.07535429221266557	-0.08376118116420783
-0.0760495587640243	0.0596530727191027	-0.10108984326921754	0.0735152110615405	-0.061658874535979735	0.08315686292243735	-0.09000476936437853	0.08648620152033874	-0.08728085625719095	0.08294018336787501	-0.1664880783339523	0.20791146280184059	-0.18665989957764087	0.10922480318505942	-0.11421012092167361	0.1652774619804097	-0.3805633193095897	0.22048738750996547	-0.19094804231870297	0.14956226242444548	-0.5751280307207903	0.9999999999999964	-0.5413305765609399	0.21984252562023746	-0.20973908241043096	0.31784712116090597	-0.044044036800686207	0.04230620882492937	-0.10533026666476777	0.11231459071088629
0.08095827070359475	-0.0645664638343944	0.10699648258929892	-0.08438406026575387	0.06914892923396879	-0.0925831167351989	0.09749142319203702	-0.09843251677039493	0.09722685102490344	-0.09583046103435532	0.14315206066148667	-0.2339841026580262	0.19802582636512214	-0.12602228366725834	0.12562484422745263	-0.14908242051636478	0.25325288199875307	-0.29326364056212556	0.235583236107672	-0.20006910336572073	0.25954639812140873	-0.5413305765609399	0.9999999999999956	-0.5078992102370248	0.24327421158116827	-0.39174348623497335	0.06801470164684621	-0.07266935334863786	0.16786670744825544	-0.19430202911079894
-0.08159040582841551	0.06473201553969667	-0.11012754374961901	0.08521188020579608	-0.07199937258433148	0.08862098511654802	-0.09727845125662701	0.09686405652193161	-0.10151990860222576	0.09768382929880381	-0.11867222856979882	0.1864208199186533	-0.19657981537562397	0.13335313667696952	-0.13971054728890628	0.11351527914423139	-0.2142315216211174	0.23063761731405313	-0.43194337792048126	0.2670258082986831	-0.15744715298017517	0.21984252562023746	-0.5078992102370248	0.999999999999996	-0.4488298914455261	0.20901469492638058	-0.050244784634138055	0.048743970889736324	-0.37366096594320375	0.2600685585654974
0.08234451720094846	-0.06657594594630516	0.10924950070232103	-0.09459113286398992	0.07662403969096196	-0.0961549745351132	0.09984549970395216	-0.10525541066182428	0.10538578163757416	-0.11025455928332237	0.11417978606120795	-0.20618810128332377	0.18415116875238335	-0.1416569362846395	0.14406682646309524	-0.11528863730163177	0.19166689607824014	-0.23365576246914252	0.31076001654127033	-0.6510540189329019	0.15019020380978854	-0.20973908241043096	0.24327421158116827	-0.4488298914455261	0.9999999999999956	-0.2513716018289308	0.03361030800350214	-0.03311677085078746	0.20181175590641853	-0.2834276860349602
-0.0941532501259288	0.07275549014046566	-0.12631756143607342	0.08503038834696386	-0.07178185530382077	0.09893514228544834	-0.10610143414008105	0.09962314440527756	-0.10052793550414432	0.09503041416668137	-0.19208776362428162	0.19771825191561607	-0.19561435095894136	0.12004262842297375	-0.13025100981032195	0.17319516843319893	-0.2601282612767527	0.19790683241958393	-0.20028737208974096	0.16123197488532878	-0.7114811509539668	0.31784712116090597	-0.39174348623497335	0.20901469492638058	-0.2513716018289308	0.9999999999999958	-0.04389334418657966	0.041509893610849266	-0.11070182602595902	0.11660105838082972
0.010275360783254	-0.00815892869982975	0.013651110609156665	-0.010526015158611183	0.008658783084895772	-0.011575476883783437	0.012176207290086703	-0.012198996761672054	0.01210098970475682	-0.011927404772603827	0.016877070797222934	-0.026615337080142236	0.023373114165032478	-0.015304003654108219	0.01564989197277535	-0.016976039059043206	0.028359902558533025	-0.02907864970073651	0.02875627531739116	-0.02525714765256064	0.02922840925620959	-0.044044036800686207	0.06801470164684621	-0.050244784634138055	0.03361030800350214	-0.04389334418657966	0.9999999999999959	-0.9930987379960328	0.049083184859255995	-0.05091640700838668
-0.010010749764758742	0.007943102887621827	-0.013313027746230364	0.010229361642171166	-0.008430424375173126	0.011238147883131686	-0.011852493721968883	0.011850969492722765	-0.011787526715585566	0.011591852429543274	-0.01642885283194495	0.025702025146996463	-0.02284150454037887	0.014902730785942593	-0.015280617041586998	0.016448613378068987	-0.02773205189426727	0.028281702866269347	-0.028242538976337144	0.024570059213918097	-0.028446524661552335	0.04230620882492937	-0.07266935334863786	0.048743970889736324	-0.03311677085078746	0.041509893610849266	-0.9930987379960328	0.999999999999996	-0.05083110776190441	0.048763643175249206
0.04144215612151217	-0.03289132592921245	0.05570673592700806	-0.043054950571362084	0.035821924815159986	-0.04561702001150172	0.048818475629643684	-0.048962922300117014	0.04988492544545919	-0.04917326981274346	0.05740274033745675	-0.09324423759078808	0.09149666093267422	-0.06402698433187573	0.06673025981990964	-0.055714089113845414	0.09771894347523202	-0.10629688847775176	0.15047218431738987	-0.13614780335543192	0.07535429221266557	-0.10533026666476777	0.16786670744825544	-0.37366096594320375	0.20181175590641853	-0.11070182602595902	0.049083184859255995	-0.05083110776190441	0.9999999999999959	-0.8739572893575684
-0.050697620256343834	0.03999652084206031	-0.06860025478750263	0.0511909105545898	-0.043048541681219535	0.05446883519473725	-0.05901643112009473	0.0582252267999226	-0.059932231712904044	0.05828911322643916	-0.06741499652791072	0.10588711843113842	-0.10950265627060399	0.07547376241635584	-0.08072548390690146	0.06389221588306995	-0.11492930866382589	0.11965849926174428	-0.17698517256671045	0.15238723672741888	-0.08376118116420783	0.11231459071088629	-0.19430202911079894	0.2600685585654974	-0.2834276860349602	0.11660105838082972	-0.05091640700838668	0.048763643175249206	-0.8739572893575684	0.9999999999999958
