1.0000000000000002	-0.8913355247382044	0.1401239530554869	-0.04459972975185193	0.03996404953884389	-0.3081078666064354	0.23164846614875634	-0.1557791770827901	0.08321378518686358	-0.06945370232324649	0.1577156179114066	-0.16615731059408095	0.15191901121869755	-0.0778274800441491	0.06611618337437299	-0.13746455718558528	0.11343965903860434	-0.10441136239373511	0.07739174386904284	-0.08782255659493439	0.048879460793441666	-0.050766313641297314	0.06888930718347323	-0.058876265933804205	0.05676364062047112	-0.05040146876961326	0.048346685245696394	-0.05806570245073632	0.061914937598426395	-0.04447216065487528	0.05866349289913817	-0.04622079155246825	0.08132287934923474	-0.054254850592341204	0.04478749048688357
-0.8913355247382044	1.0000000000000007	-0.16075395707533685	0.04501102954222163	-0.04076709752342056	0.23208699126207902	-0.30140245236851304	0.15206154038173308	-0.08536657270756298	0.06925550502253942	-0.1592032315976604	0.16116159008547631	-0.16430244805827982	0.0778485656147931	-0.0670040092002381	0.1278115093003993	-0.11586436173594845	0.1023391767311398	-0.07840878224729576	0.0870831572208038	-0.048837793892439904	0.05070184546627381	-0.06989002760466297	0.0591929290871718	-0.05755671247764546	0.049958033081235906	-0.04878143983138151	0.05825156201391117	-0.06304811243793557	0.0449076465293367	-0.05999389065845717	0.04684220693108264	-0.08376312850291154	0.05492750278518334	-0.045591345528882374
0.1401239530554869	-0.16075395707533685	1.0000000000000004	-0.17191563967344065	0.13808367543587236	-0.19530916589425595	0.19186512925839427	-0.48274111770502165	0.22477478374568763	-0.2128589350201523	0.16461966979369114	-0.1886783558681204	0.28385273891120627	-0.2098794531574484	0.18540255212277557	-0.2036642192707283	0.17662988117927675	-0.22222946564240784	0.19398797952417787	-0.26428634379106647	0.10787179678427802	-0.11993416930340113	0.15993421271046845	-0.15801236128762203	0.15240155154118679	-0.11721027093032868	0.1172719886208652	-0.1428294257428118	0.15875635847834796	-0.12080935391135852	0.15120471988221781	-0.11845177565556897	0.21839397954857104	-0.14581654572133584	0.1199431046802787
-0.04459972975185193	0.04501102954222163	-0.17191563967344065	1.0000000000000007	-0.9157151460683385	0.06446764107147678	-0.06842885766453632	0.14062355257933937	-0.20358464423863656	0.21230589132723224	-0.06166182417739916	0.06937453507133651	-0.12735284718185497	0.129678577677967	-0.17489341456542878	0.07340055201586387	-0.07198481462702523	0.0916709734875287	-0.11401767422372187	0.1361484604212674	-0.04349288664488294	0.04856177657513548	-0.06967044776816193	0.07652362879452386	-0.0785794273644512	0.04601608385451006	-0.04867390030123602	0.060275251007461395	-0.07282086790339638	0.05496302566718981	-0.06256399957195963	0.048557152040437396	-0.09370555702045752	0.06296132359898218	-0.05596448915987794
0.03996404953884389	-0.04076709752342056	0.13808367543587236	-0.9157151460683385	1.0000000000000013	-0.05942201062056595	0.06223118323426758	-0.1353923472067918	0.17395894514640522	-0.27922850507099745	0.05581433992806396	-0.06322043844834242	0.11148139006920343	-0.1255613722413424	0.16082063054959694	-0.06753810316365108	0.06525332529224569	-0.08509428449683032	0.10388739686873587	-0.13746777264327925	0.03913438770495601	-0.0439262121183713	0.06266244428751169	-0.07133915611241134	0.0718398891013959	-0.04163377981161353	0.043729308871600474	-0.05481492553884898	0.06561575888891792	-0.050406467799531895	0.055388907402980615	-0.04340728861931668	0.08254665256722848	-0.05712497718446746	0.0504288234946948
-0.3081078666064354	0.23208699126207902	-0.19530916589425595	0.06446764107147678	-0.05942201062056595	1.000000000000001	-0.6306626487997931	0.22415106540602908	-0.13184512353385688	0.10255551739006101	-0.5187506732010985	0.30645955377453477	-0.2761392977895529	0.11895969366454835	-0.10177279125016966	0.2411051611990297	-0.21928473793248615	0.16648396072620042	-0.12342988372254413	0.12951229173959117	-0.08104057159893784	0.08111313698904082	-0.11301252673636196	0.09100838808600013	-0.0886671482980761	0.08018631518437608	-0.07764121014200101	0.09173536550213135	-0.09868043033249374	0.06889406184712826	-0.09407174561546108	0.07326890787216386	-0.12975908903306516	0.08460706012064012	-0.07033323733788713
0.23164846614875634	-0.30140245236851304	0.19186512925839427	-0.06842885766453632	0.06223118323426758	-0.6306626487997931	1.0000000000000016	-0.34371221968155546	0.14494140738855252	-0.1122864582864802	0.2930283368584409	-0.4877816353810201	0.25995063572043087	-0.12706102273321798	0.10592314793351731	-0.2346060298572146	0.20106773085599342	-0.17068531268139295	0.1241043143252651	-0.1348454706450573	0.07622705177781869	-0.07848329875815592	0.10774547720573259	-0.09105623623575264	0.0876222146971747	-0.0776306752698726	0.074321622271607	-0.08968796280741415	0.0951895982534019	-0.06782369814757623	0.08893783196545077	-0.0702167553035104	0.12282743217958944	-0.08242125854085602	0.06836081540067906
-0.1557791770827901	0.15206154038173308	-0.48274111770502165	0.14062355257933937	-0.1353923472067918	0.22415106540602908	-0.34371221968155546	1.000000000000001	-0.46277349524886485	0.23366522114822058	-0.20519774173141603	0.2306793074542907	-0.430862127567834	0.24190942101073434	-0.22293191623753528	0.20229329265909834	-0.1995610542120459	0.214953081862483	-0.2248621351575745	0.23352459556749436	-0.10307963367711731	0.1116883684843656	-0.15887964540891905	0.15228465291286844	-0.1517459364443548	0.10722808067862659	-0.11079691463316536	0.13415460691863632	-0.1555826431529411	0.11222776618831745	-0.14195025323966617	0.10937029186346069	-0.20708436884794595	0.13409258238908514	-0.11523888587562435
0.08321378518686358	-0.08536657270756298	0.22477478374568763	-0.20358464423863656	0.17395894514640522	-0.13184512353385688	0.14494140738855252	-0.46277349524886485	1.000000000000001	-0.548903744053963	0.1187595540708316	-0.13781347335159477	0.23103647688618548	-0.48310952977829724	0.2937449251061819	-0.14005802073643087	0.13656632031656588	-0.18359902639144335	0.24733862723029737	-0.28288005403103966	0.07593433197202683	-0.08558650799351847	0.1240099112941125	-0.1523835111401236	0.14361166760458027	-0.0805306299966185	0.08434782287002006	-0.10857013351143859	0.1290272216170973	-0.09887719924695927	0.10326915589954136	-0.08201326055628182	0.15259948026449272	-0.11031332358173683	0.09719114488505873
-0.06945370232324649	0.06925550502253942	-0.2128589350201523	0.21230589132723224	-0.27922850507099745	0.10255551739006101	-0.1122864582864802	0.23366522114822058	-0.548903744053963	1.0000000000000004	-0.0996800231439063	0.11228144694560295	-0.20964287675199325	0.27254368976460264	-0.6173372677615258	0.11772272528098861	-0.11899006537091045	0.1539769191684161	-0.2228414559747585	0.2648674546625093	-0.06999790269362649	0.07851571912811223	-0.11520374190429507	0.13542566610691092	-0.14192440793418817	0.07370403851163626	-0.07881495503264703	0.09920611728089353	-0.12265268994734156	0.09337325486099166	-0.09951365067002028	0.07771424446955755	-0.1501754064348887	0.10385758442513372	-0.09467306833231628
0.1577156179114066	-0.1592032315976604	0.16461966979369114	-0.06166182417739916	0.05581433992806396	-0.5187506732010985	0.2930283368584409	-0.20519774173141603	0.1187595540708316	-0.0996800231439063	1.0000000000000009	-0.5414301784891162	0.2586335292983573	-0.11994023719230483	0.09815603427034733	-0.5112194646112901	0.26592940451420827	-0.1983887571146266	0.12541608026056764	-0.1324446891579146	0.09511171941946217	-0.09092554305781872	0.11987619622484563	-0.09334863160516156	0.08900547713385604	-0.09333949656080436	0.08335204818964789	-0.09815182518059602	0.10015392780956	-0.07008063671491484	0.09579140225107835	-0.0763510151486768	0.12752897066848792	-0.0861502708734704	0.0704831515401988
-0.16615731059408095	0.16116159008547631	-0.1886783558681204	0.06937453507133651	-0.06322043844834242	0.30645955377453477	-0.4877816353810201	0.2306793074542907	-0.13781347335159477	0.11228144694560295	-0.5414301784891162	0.9999999999999984	-0.4458496263353862	0.137373764349172	-0.11181731569911867	0.2917229929285921	-0.36896578682625253	0.21641049234465107	-0.14335477324380408	0.14716167001503558	-0.09210865923064551	0.09353433188385414	-0.1323302069832672	0.10362457777822238	-0.09939314529258168	0.09159913091845395	-0.08815148116174787	0.10625986943328483	-0.11089789959456096	0.07743026682670376	-0.1035788135487454	0.08178402539724308	-0.14123683443317486	0.09476581639946985	-0.07821057369239556
0.15191901121869755	-0.16430244805827982	0.28385273891120627	-0.12735284718185497	0.11148139006920343	-0.2761392977895529	0.25995063572043087	-0.430862127567834	0.23103647688618548	-0.20964287675199325	0.2586335292983573	-0.4458496263353862	1.0000000000000033	-0.2741108137394845	0.19633752509495278	-0.32266174508904877	0.2643728256977776	-0.34009370585841003	0.23271676062926805	-0.2772121061484299	0.12842055947840644	-0.14192584670735944	0.19119077213945104	-0.17657470652885396	0.16411976998612593	-0.13875498175698678	0.1328676073282398	-0.1690835513568436	0.172855245049705	-0.12912330260515298	0.15568746711784012	-0.12657209612686002	0.21513779184822773	-0.15450974974610818	0.12590236656965997
-0.0778274800441491	0.0778485656147931	-0.2098794531574484	0.129678577677967	-0.1255613722413424	0.11895969366454835	-0.12706102273321798	0.24190942101073434	-0.48310952977829724	0.27254368976460264	-0.11994023719230483	0.137373764349172	-0.2741108137394845	0.9999999999999957	-0.40672557069544496	0.1468330306502911	-0.15929058468049126	0.22097746650649142	-0.5964075850571982	0.29146852164102166	-0.08551888439513047	0.09727748838702496	-0.14971099037671773	0.19514015117763472	-0.1864086488633834	0.08977297378612858	-0.09690382175932968	0.12642290493871464	-0.15962449856589644	0.11736016439322511	-0.11670120916891354	0.09273780734370869	-0.17452458299108636	0.12823791931924713	-0.1176046699170451
0.06611618337437299	-0.0670040092002381	0.18540255212277557	-0.17489341456542878	0.16082063054959694	-0.10177279125016966	0.10592314793351731	-0.22293191623753528	0.2937449251061819	-0.6173372677615258	0.09815603427034733	-0.11181731569911867	0.19633752509495278	-0.40672557069544496	1.0000000000000024	-0.12284096157695583	0.12255760158023916	-0.17236826549328207	0.2530332828064146	-0.5166638513414454	0.0726506310103138	-0.08293501572609362	0.12145518933112212	-0.16546581914090788	0.16792246905979533	-0.07734561334027401	0.08250751606970518	-0.10759158346900395	0.13330060507794628	-0.10787029837158955	0.10091448849187828	-0.08052262490501469	0.1523285682520164	-0.11408873712517376	0.10390665671010411
-0.13746455718558528	0.1278115093003993	-0.2036642192707283	0.07340055201586387	-0.06753810316365108	0.2411051611990297	-0.2346060298572146	0.20229329265909834	-0.14005802073643087	0.11772272528098861	-0.5112194646112901	0.2917229929285921	-0.32266174508904877	0.1468330306502911	-0.12284096157695583	1.0000000000000009	-0.6078554556097762	0.27015872096825455	-0.17304403265912147	0.1648403265334858	-0.1721762203972245	0.13739890857970816	-0.18498971144279855	0.12627691570405442	-0.1224970416307102	0.1422546573455303	-0.12666125439923936	0.14046225783706281	-0.1453641980525418	0.0966342785100018	-0.14422084197525664	0.1123889372364415	-0.187280922854007	0.12105953700618269	-0.09933605129724524
0.11343965903860434	-0.11586436173594845	0.17662988117927675	-0.07198481462702523	0.06525332529224569	-0.21928473793248615	0.20106773085599342	-0.1995610542120459	0.13656632031656588	-0.11899006537091045	0.26592940451420827	-0.36896578682625253	0.2643728256977776	-0.15929058468049126	0.12255760158023916	-0.6078554556097762	1.0000000000000004	-0.5347535787912601	0.1871492389198253	-0.1743629872047398	0.12571024096033515	-0.13216959899483788	0.18877956331288936	-0.13017836425469095	0.11978225054514402	-0.12471218863001972	0.11664442758180116	-0.1484380711304854	0.13816407533762204	-0.09444669182558507	0.1254286616282033	-0.10235194155654524	0.1643200809469433	-0.11627164925994246	0.09380170186596834
-0.10441136239373511	0.1023391767311398	-0.22222946564240784	0.0916709734875287	-0.08509428449683032	0.16648396072620042	-0.17068531268139295	0.214953081862483	-0.18359902639144335	0.1539769191684161	-0.1983887571146266	0.21641049234465107	-0.34009370585841003	0.22097746650649142	-0.17236826549328207	0.27015872096825455	-0.5347535787912601	0.9999999999999982	-0.3853047632723687	0.23278180164642304	-0.1493576273568804	0.1738791973102733	-0.400390083875698	0.19328864523488334	-0.1816037773190131	0.14722069995925932	-0.16605839767981037	0.2237279344156311	-0.2185851726485879	0.13677252614792398	-0.17849249391622454	0.1420477429543065	-0.24465973056112372	0.16827469196523415	-0.13943961920668596
0.07739174386904284	-0.07840878224729576	0.19398797952417787	-0.11401767422372187	0.10388739686873587	-0.12342988372254413	0.1241043143252651	-0.2248621351575745	0.24733862723029737	-0.2228414559747585	0.12541608026056764	-0.14335477324380408	0.23271676062926805	-0.5964075850571982	0.2530332828064146	-0.17304403265912147	0.1871492389198253	-0.3853047632723687	0.9999999999999977	-0.43025852602184234	0.09834036735853917	-0.11610282251488084	0.18179069796519068	-0.3488601396487996	0.23194341855357387	-0.10456077045183353	0.11310687852806603	-0.1597129242930871	0.19540226238139397	-0.14702516634576276	0.12847272264346854	-0.10542650842885269	0.19031843880925028	-0.15573042937638554	0.13856349837603305
-0.08782255659493439	0.0870831572208038	-0.26428634379106647	0.1361484604212674	-0.13746777264327925	0.12951229173959117	-0.1348454706450573	0.23352459556749436	-0.28288005403103966	0.2648674546625093	-0.1324446891579146	0.14716167001503558	-0.2772121061484299	0.29146852164102166	-0.5166638513414454	0.1648403265334858	-0.1743629872047398	0.23278180164642304	-0.43025852602184234	0.9999999999999967	-0.11175569222749239	0.12687661213555398	-0.19165435445613457	0.25766857609913046	-0.36945292246268574	0.11739076589487617	-0.1300546361443415	0.16552543393779787	-0.22378453061840503	0.18285275878680118	-0.16486830249538445	0.12887584245886755	-0.2596586778413028	0.18498699222916826	-0.18652235613255463
0.048879460793441666	-0.048837793892439904	0.10787179678427802	-0.04349288664488294	0.03913438770495601	-0.08104057159893784	0.07622705177781869	-0.10307963367711731	0.07593433197202683	-0.06999790269362649	0.09511171941946217	-0.09210865923064551	0.12842055947840644	-0.08551888439513047	0.0726506310103138	-0.1721762203972245	0.12571024096033515	-0.1493576273568804	0.09834036735853917	-0.11175569222749239	0.9999999999999986	-0.5011034927980486	0.19423997301147677	-0.0990451732984274	0.0903161414575387	-0.7503280694578649	0.277291622708216	-0.17832608344714185	0.1287698612745616	-0.0828239853849154	0.21533005396353921	-0.19443951553984246	0.16245526366413224	-0.11363405861871648	0.08121571881183123
-0.050766313641297314	0.05070184546627381	-0.11993416930340113	0.04856177657513548	-0.0439262121183713	0.08111313698904082	-0.07848329875815592	0.1116883684843656	-0.08558650799351847	0.07851571912811223	-0.09092554305781872	0.09353433188385414	-0.14192584670735944	0.09727748838702496	-0.08293501572609362	0.13739890857970816	-0.13216959899483788	0.1738791973102733	-0.11610282251488084	0.12687661213555398	-0.5011034927980486	0.9999999999999988	-0.3754321254369165	0.12085465634307788	-0.11056478808539393	0.30472775119655265	-0.6171661238262169	0.25375368417088334	-0.17374003664155124	0.10138889852885649	-0.27963406758435827	0.23588337426138417	-0.20845341766657075	0.14053632178450998	-0.10092525091215515
0.06888930718347323	-0.06989002760466297	0.15993421271046845	-0.06967044776816193	0.06266244428751169	-0.11301252673636196	0.10774547720573259	-0.15887964540891905	0.1240099112941125	-0.11520374190429507	0.11987619622484563	-0.1323302069832672	0.19119077213945104	-0.14971099037671773	0.12145518933112212	-0.18498971144279855	0.18877956331288936	-0.400390083875698	0.18179069796519068	-0.19165435445613457	0.19423997301147677	-0.3754321254369165	1.0000000000000004	-0.19391900006443524	0.16023119449246045	-0.21195835323300077	0.26204744268601166	-0.6421721699780231	0.2545241752621453	-0.15106842962561765	0.1936053016426344	-0.18383562430667869	0.22444604743271507	-0.20295836521930186	0.13967714685670876
-0.058876265933804205	0.0591929290871718	-0.15801236128762203	0.07652362879452386	-0.07133915611241134	0.09100838808600013	-0.09105623623575264	0.15228465291286844	-0.1523835111401236	0.13542566610691092	-0.09334863160516156	0.10362457777822238	-0.17657470652885396	0.19514015117763472	-0.16546581914090788	0.12627691570405442	-0.13017836425469095	0.19328864523488334	-0.3488601396487996	0.25766857609913046	-0.0990451732984274	0.12085465634307788	-0.19391900006443524	0.9999999999999954	-0.6681506795520891	0.10656498419197684	-0.1277016801122817	0.19495407116976526	-0.44176081998620503	0.24809003744556513	-0.1375572113699988	0.11693293699183704	-0.22698544395748607	0.2294802770493599	-0.2399864061280465
0.05676364062047112	-0.05755671247764546	0.15240155154118679	-0.0785794273644512	0.0718398891013959	-0.0886671482980761	0.0876222146971747	-0.1517459364443548	0.14361166760458027	-0.14192440793418817	0.08900547713385604	-0.09939314529258168	0.16411976998612593	-0.1864086488633834	0.16792246905979533	-0.1224970416307102	0.11978225054514402	-0.1816037773190131	0.23194341855357387	-0.36945292246268574	0.0903161414575387	-0.11056478808539393	0.16023119449246045	-0.6681506795520891	0.9999999999999976	-0.09986783411532889	0.1123961996401922	-0.17131512351605152	0.26553974604164066	-0.4337171520820004	0.12492917044502251	-0.10911441522560207	0.20666151276799938	-0.24241970544274552	0.24780490269041955
-0.05040146876961326	0.049958033081235906	-0.11721027093032868	0.04601608385451006	-0.04163377981161353	0.08018631518437608	-0.0776306752698726	0.10722808067862659	-0.0805306299966185	0.07370403851163626	-0.09333949656080436	0.09159913091845395	-0.13875498175698678	0.08977297378612858	-0.07734561334027401	0.1422546573455303	-0.12471218863001972	0.14722069995925932	-0.10456077045183353	0.11739076589487617	-0.7503280694578649	0.30472775119655265	-0.21195835323300077	0.10656498419197684	-0.09986783411532889	0.9999999999999958	-0.39369367855619325	0.1863862101945502	-0.14688331433745908	0.090899918679689	-0.33659097424120943	0.22683008831008972	-0.19784360928676512	0.12632893495287256	-0.09170920448804781
0.048346685245696394	-0.04878143983138151	0.1172719886208652	-0.04867390030123602	0.043729308871600474	-0.07764121014200101	0.074321622271607	-0.11079691463316536	0.08434782287002006	-0.07881495503264703	0.08335204818964789	-0.08815148116174787	0.1328676073282398	-0.09690382175932968	0.08250751606970518	-0.12666125439923936	0.11664442758180116	-0.16605839767981037	0.11310687852806603	-0.1300546361443415	0.277291622708216	-0.6171661238262169	0.26204744268601166	-0.1277016801122817	0.1123961996401922	-0.39369367855619325	0.9999999999999954	-0.36837429102906627	0.18162599801391627	-0.10825641172209097	0.27843464508508137	-0.4212657494112047	0.2117928444675166	-0.15469536263963238	0.10418856110236377
-0.05806570245073632	0.05825156201391117	-0.1428294257428118	0.060275251007461395	-0.05481492553884898	0.09173536550213135	-0.08968796280741415	0.13415460691863632	-0.10857013351143859	0.09920611728089353	-0.09815182518059602	0.10625986943328483	-0.1690835513568436	0.12642290493871464	-0.10759158346900395	0.14046225783706281	-0.1484380711304854	0.2237279344156311	-0.1597129242930871	0.16552543393779787	-0.17832608344714185	0.25375368417088334	-0.6421721699780231	0.19495407116976526	-0.17131512351605152	0.1863862101945502	-0.36837429102906627	0.9999999999999951	-0.4618730749389558	0.15745525741930796	-0.20665194031268472	0.1888424841654634	-0.26040413468851387	0.2170360000505573	-0.15580528708153532
0.061914937598426395	-0.06304811243793557	0.15875635847834796	-0.07282086790339638	0.06561575888891792	-0.09868043033249374	0.0951895982534019	-0.1555826431529411	0.1290272216170973	-0.12265268994734156	0.10015392780956	-0.11089789959456096	0.172855245049705	-0.15962449856589644	0.13330060507794628	-0.1453641980525418	0.13816407533762204	-0.2185851726485879	0.19540226238139397	-0.22378453061840503	0.1287698612745616	-0.17374003664155124	0.2545241752621453	-0.44176081998620503	0.26553974604164066	-0.14688331433745908	0.18162599801391627	-0.4618730749389558	0.9999999999999947	-0.31128674263364103	0.16721169317142406	-0.16002657592533542	0.2752848270033171	-0.494538584972429	0.2510558413692179
-0.04447216065487528	0.0449076465293367	-0.12080935391135852	0.05496302566718981	-0.050406467799531895	0.06889406184712826	-0.06782369814757623	0.11222776618831745	-0.09887719924695927	0.09337325486099166	-0.07008063671491484	0.07743026682670376	-0.12912330260515298	0.11736016439322511	-0.10787029837158955	0.0966342785100018	-0.09444669182558507	0.13677252614792398	-0.14702516634576276	0.18285275878680118	-0.0828239853849154	0.10138889852885649	-0.15106842962561765	0.24809003744556513	-0.4337171520820004	0.090899918679689	-0.10825641172209097	0.15745525741930796	-0.31128674263364103	0.9999999999999948	-0.122976833386176	0.10750405078254006	-0.24136684159948812	0.27888801807137376	-0.7350270319935261
0.05866349289913817	-0.05999389065845717	0.15120471988221781	-0.06256399957195963	0.055388907402980615	-0.09407174561546108	0.08893783196545077	-0.14195025323966617	0.10326915589954136	-0.09951365067002028	0.09579140225107835	-0.1035788135487454	0.15568746711784012	-0.11670120916891354	0.10091448849187828	-0.14422084197525664	0.1254286616282033	-0.17849249391622454	0.12847272264346854	-0.16486830249538445	0.21533005396353921	-0.27963406758435827	0.1936053016426344	-0.1375572113699988	0.12492917044502251	-0.33659097424120943	0.27843464508508137	-0.20665194031268472	0.16721169317142406	-0.122976833386176	0.999999999999995	-0.7437289765868329	0.2613033315909076	-0.18224073669071925	0.11763057566194199
-0.04622079155246825	0.04684220693108264	-0.11845177565556897	0.048557152040437396	-0.04340728861931668	0.07326890787216386	-0.0702167553035104	0.10937029186346069	-0.08201326055628182	0.07771424446955755	-0.0763510151486768	0.08178402539724308	-0.12657209612686002	0.09273780734370869	-0.08052262490501469	0.1123889372364415	-0.10235194155654524	0.1420477429543065	-0.10542650842885269	0.12887584245886755	-0.19443951553984246	0.23588337426138417	-0.18383562430667869	0.11693293699183704	-0.10911441522560207	0.22683008831008972	-0.4212657494112047	0.1888424841654634	-0.16002657592533542	0.10750405078254006	-0.7437289765868329	0.9999999999999956	-0.3610836352630422	0.16829674280648352	-0.10891969368660495
0.08132287934923474	-0.08376312850291154	0.21839397954857104	-0.09370555702045752	0.08254665256722848	-0.12975908903306516	0.12282743217958944	-0.20708436884794595	0.15259948026449272	-0.1501754064348887	0.12752897066848792	-0.14123683443317486	0.21513779184822773	-0.17452458299108636	0.1523285682520164	-0.187280922854007	0.1643200809469433	-0.24465973056112372	0.19031843880925028	-0.2596586778413028	0.16245526366413224	-0.20845341766657075	0.22444604743271507	-0.22698544395748607	0.20666151276799938	-0.19784360928676512	0.2117928444675166	-0.26040413468851387	0.2752848270033171	-0.24136684159948812	0.2613033315909076	-0.3610836352630422	0.9999999999999958	-0.5365063560417124	0.23148413659602712
-0.054254850592341204	0.05492750278518334	-0.14581654572133584	0.06296132359898218	-0.05712497718446746	0.08460706012064012	-0.08242125854085602	0.13409258238908514	-0.11031332358173683	0.10385758442513372	-0.0861502708734704	0.09476581639946985	-0.15450974974610818	0.12823791931924713	-0.11408873712517376	0.12105953700618269	-0.11627164925994246	0.16827469196523415	-0.15573042937638554	0.18498699222916826	-0.11363405861871648	0.14053632178450998	-0.20295836521930186	0.2294802770493599	-0.24241970544274552	0.12632893495287256	-0.15469536263963238	0.2170360000505573	-0.494538584972429	0.27888801807137376	-0.18224073669071925	0.16829674280648352	-0.5365063560417124	0.9999999999999956	-0.4892760198629943
0.04478749048688357	-0.045591345528882374	0.1199431046802787	-0.05596448915987794	0.0504288234946948	-0.07033323733788713	0.06836081540067906	-0.11523888587562435	0.09719114488505873	-0.09467306833231628	0.0704831515401988	-0.07821057369239556	0.12590236656965997	-0.1176046699170451	0.10390665671010411	-0.09933605129724524	0.09380170186596834	-0.13943961920668596	0.13856349837603305	-0.18652235613255463	0.08121571881183123	-0.10092525091215515	0.13967714685670876	-0.2399864061280465	0.24780490269041955	-0.09170920448804781	0.10418856110236377	-0.15580528708153532	0.2510558413692179	-0.7350270319935261	0.11763057566194199	-0.10891969368660495	0.23148413659602712	-0.4892760198629943	0.9999999999999956
