1.0	-0.6710498360125985	0.30739572901498496	-0.11534372765490866	0.1433445009818433	-0.4247447487944576	0.30611294405465395	-0.2926340301994551	0.12197769912746839	-0.11793005621092176	0.1521625529328978	-0.1314770556145694	0.1964426048458674	-0.13988108451223893	0.10242736854102298	-0.09037249791603029	0.12088571762554896	-0.18086828834783758	0.10486555435119833	-0.11556765198602054	0.1236712739543819	-0.09269516580364903	0.1197910196639301	-0.10388326823470105	0.10120403191356159	-0.07500888814677029	0.07939025414756551	-0.08195868585054472	0.07512199006759168	-0.0500482264552294	0.08076796368385414	-0.04677315302753819	0.04871213507306104	-0.07978018000090108	0.04261399809960639
-0.6710498360125985	1.0000000000000002	-0.5035159889689044	0.10377620067382165	-0.10983919299285613	0.28245568522567926	-0.4460414581860314	0.2521809316734988	-0.10941072265403443	0.08742692334370225	-0.11426836208066354	0.10015800561950491	-0.15646096938805434	0.10210869594785589	-0.07525864019297997	0.064406188540718	-0.08623976784999265	0.12608674106662912	-0.07442129830284507	0.08149238725957407	-0.08704767973242294	0.06513652881048468	-0.08386831611001272	0.0722568319040498	-0.07099073471252716	0.05007212003098249	-0.05383353099769872	0.055467837623755685	-0.05153236871728243	0.03419834821331365	-0.053965962967678756	0.031598411326701985	-0.032999263242945345	0.05422438955665325	-0.029159124087012107
0.30739572901498496	-0.5035159889689044	1.0000000000000004	-0.2222663118661036	0.17935613685914154	-0.3612799436662613	0.30777347339894273	-0.5303855174867793	0.1925975546550963	-0.14850255267943283	0.16679926948812193	-0.15047288508858742	0.24529080788264593	-0.1704297972504785	0.1233739276288545	-0.09845634760168785	0.13179343627008933	-0.205656877249539	0.12118144789077485	-0.13390622869837884	0.13302839461220473	-0.10118141126787775	0.130356674415708	-0.11756988098466033	0.11434208524648667	-0.07866844587946085	0.08460872912792071	-0.08788636560670122	0.0826742111207773	-0.05510814932242235	0.08419144812890236	-0.050001080916360525	0.05217902002345976	-0.0873797313689308	0.04685635034562769
-0.11534372765490866	0.10377620067382165	-0.2222663118661036	1.0000000000000004	-0.33991342534144514	0.12862865437235285	-0.1192164359661788	0.17372083405477193	-0.8670579156160526	0.1872181941814287	-0.08173680514057086	0.0716504703674524	-0.12744961134803748	0.1421553405841996	-0.11608843178405677	0.04953232646726311	-0.06751262795744475	0.10920253568664474	-0.08303464414966995	0.09644561435720937	-0.06806324517178654	0.052077300595639746	-0.06872455333897999	0.07579295457069855	-0.07588199798745865	0.03831496805450725	-0.04429305999786989	0.04634575327736102	-0.049232854294598255	0.03296608577615205	-0.0412468506078483	0.026399420499030955	-0.027875976271122684	0.05099615337488477	-0.027972945628361875
0.1433445009818433	-0.10983919299285613	0.17935613685914154	-0.33991342534144514	1.0	-0.186222461074859	0.14831375143094513	-0.19254753589906384	0.24566268788784115	-0.6739678693760823	0.13232125771398556	-0.11716560147451911	0.20034721738169634	-0.35064347762955517	0.28193391675994794	-0.08725668750772303	0.11990566043065154	-0.21408207554470496	0.18313142509179003	-0.229890619334764	0.12130077461440168	-0.09504340933165825	0.1269791315112329	-0.16717901647773847	0.16302441767308848	-0.06984383005256857	0.08409614320121103	-0.08950375127841265	0.10230836328305852	-0.06939671966989408	0.07490963090138016	-0.05100056206900347	0.05408584353889239	-0.1066765008123259	0.05838602475683628
-0.4247447487944576	0.28245568522567926	-0.3612799436662613	0.12862865437235285	-0.186222461074859	0.9999999999999992	-0.62706140546679	0.2959453076910681	-0.15012370474630848	0.1369007197002163	-0.28467602416010196	0.19948050897230493	-0.2894568296599892	0.16417791359587777	-0.12647352951807084	0.13198916891730636	-0.1770381148589857	0.20785578219988016	-0.12470211233913826	0.13277941855755818	-0.18161618604323915	0.12678190023534683	-0.16474316178679604	0.11955021210291106	-0.1223142250727137	0.08992287026207309	-0.09861496926049132	0.09788670952546008	-0.08810149451527932	0.05722663401097087	-0.10042324322680936	0.056040913587806454	-0.05896252843971601	0.09012560979063056	-0.049393094590181194
0.30611294405465395	-0.4460414581860314	0.30777347339894273	-0.1192164359661788	0.14831375143094513	-0.62706140546679	0.9999999999999987	-0.44398110962296805	0.13129889204528136	-0.12010788587506428	0.1830636607656674	-0.16950185191486927	0.2341267782443696	-0.14649744869693815	0.10674855061774674	-0.09886679615710356	0.1310222606660461	-0.18579860642745866	0.10764667938707825	-0.11705434462148712	0.13088080843009586	-0.09799720206292788	0.12463864262783779	-0.10430035124016791	0.10250488583298009	-0.07315908327732648	0.07870568366437745	-0.08091287724190341	0.07453481625084452	-0.04931273883567006	0.07885252166936757	-0.046035038580345015	0.048081814225818365	-0.07819399879449128	0.04209327745008599
-0.2926340301994551	0.2521809316734988	-0.5303855174867793	0.17372083405477193	-0.19254753589906384	0.2959453076910681	-0.44398110962296805	0.9999999999999968	-0.2245821103865568	0.14811985118730953	-0.22215228660520756	0.19551337494412818	-0.4934170155256751	0.18560259243431942	-0.13775597595807432	0.11098440645987223	-0.14998844457988528	0.2089267731919145	-0.12827444261531123	0.1349650027010271	-0.1462252471705314	0.10893932844327547	-0.14015856291806147	0.11694942388706703	-0.1180680519777236	0.07450259361735762	-0.08290879753605283	0.08501810055753163	-0.08133284508541617	0.05332466161151537	-0.08028183722184992	0.048198987304756045	-0.050660100290902677	0.0834445399876445	-0.04568653442148646
0.12197769912746839	-0.10941072265403443	0.1925975546550963	-0.8670579156160526	0.24566268788784115	-0.15012370474630848	0.13129889204528136	-0.2245821103865568	0.9999999999999958	-0.22591204182092098	0.09373427221816204	-0.08335483053689483	0.14596963893932247	-0.17716195977931454	0.1324344261564532	-0.057686831711982474	0.07849119966566587	-0.13063937865759945	0.09869752302454113	-0.11591176704918879	0.0790799452441276	-0.0609843870457612	0.08031133920984161	-0.0908352290009171	0.08921767775856558	-0.04517419906370031	0.05217150271184292	-0.05486576273833653	0.05843394357747309	-0.03928009787863296	0.04847118849482189	-0.031234964973357142	0.03295020968288613	-0.06093253591694944	0.033228475549755714
-0.11793005621092176	0.08742692334370225	-0.14850255267943283	0.1872181941814287	-0.6739678693760823	0.1369007197002163	-0.12010788587506428	0.14811985118730953	-0.22591204182092098	0.9999999999999962	-0.11617288972126014	0.09936258481834313	-0.18406573163969836	0.2830578059606363	-0.5497756752450232	0.07405260611822587	-0.10319389397563301	0.16609173664082177	-0.1702974864085688	0.19870621609645503	-0.10456430099280978	0.07966763570236018	-0.10876174667007144	0.13720851910696608	-0.15636126871980965	0.055796069351579	-0.06933732205305955	0.07203935353228755	-0.08607303546361904	0.05701424673904924	-0.06089557155159895	0.04115898984632935	-0.04411956020140493	0.08463912064262882	-0.04895879433650903
0.1521625529328978	-0.11426836208066354	0.16679926948812193	-0.08173680514057086	0.13232125771398556	-0.28467602416010196	0.1830636607656674	-0.22215228660520756	0.09373427221816204	-0.11617288972126014	0.9999999999999954	-0.7734323921893439	0.28025239964410353	-0.16506901049299305	0.1115310069540102	-0.24769609404771042	0.231886193096518	-0.2416546508057914	0.12336020024633249	-0.13136730983799993	0.1968889110599705	-0.15617201891702603	0.15816005668747712	-0.11792716166557145	0.11138247359844004	-0.08742979863537263	0.08898524655761035	-0.0949146508558562	0.08194700023995866	-0.05393111546883307	0.08669830010955715	-0.05252256596697758	0.05410433693097236	-0.08626492204981395	0.045787542155009506
-0.1314770556145694	0.10015800561950491	-0.15047288508858742	0.0716504703674524	-0.11716560147451911	0.19948050897230493	-0.16950185191486927	0.19551337494412818	-0.08335483053689483	0.09936258481834313	-0.7734323921893439	0.9999999999999957	-0.4358053102730412	0.14729916082226566	-0.10183126209756004	0.18836383840327836	-0.27724923173844707	0.20493375306731615	-0.10844766831965669	0.11149875197787079	-0.18355851064584378	0.14223976043317482	-0.14859761071175423	0.09944372809358187	-0.0962207747718643	0.0717663079942682	-0.07601553244861982	0.0796960142798543	-0.06916892743169664	0.04502340250030313	-0.07259895075322342	0.04408191030814436	-0.04569177401846631	0.07152862107123112	-0.038411736937108754
0.1964426048458674	-0.15646096938805434	0.24529080788264593	-0.12744961134803748	0.20034721738169634	-0.2894568296599892	0.2341267782443696	-0.4934170155256751	0.14596963893932247	-0.18406573163969836	0.28025239964410353	-0.4358053102730412	0.9999999999999959	-0.34126115186039657	0.18871821004631095	-0.15080957562866046	0.1975575972334038	-0.36584231745128754	0.18903943245633317	-0.1946667605748282	0.17986560398100626	-0.14786128423267156	0.18119954110648373	-0.16458429957855314	0.15804379126453236	-0.09337700451553374	0.103866504223677	-0.10970964094171387	0.10701230215086605	-0.07036450823342826	0.09721908766582252	-0.06137524751616692	0.06430219791272435	-0.11009304979862192	0.05982038015272194
-0.13988108451223893	0.10210869594785589	-0.1704297972504785	0.1421553405841996	-0.35064347762955517	0.16417791359587777	-0.14649744869693815	0.18560259243431942	-0.17716195977931454	0.2830578059606363	-0.16506901049299305	0.14729916082226566	-0.34126115186039657	0.999999999999995	-0.6329622263538613	0.10170308131339229	-0.14314809744768042	0.23565947741471274	-0.36596825042212416	0.27601640328478694	-0.1416685159372793	0.10905900966968615	-0.15080783736120565	0.2013271683893448	-0.22556664320717298	0.07167415874802457	-0.0911146429501024	0.09461273783578035	-0.11960986594254645	0.076664608627571	-0.0781086952008092	0.053772539545492895	-0.05800486713883218	0.11220754410678502	-0.06622358099767034
0.10242736854102298	-0.07525864019297997	0.1233739276288545	-0.11608843178405677	0.28193391675994794	-0.12647352951807084	0.10674855061774674	-0.13775597595807432	0.1324344261564532	-0.5497756752450232	0.1115310069540102	-0.10183126209756004	0.18871821004631095	-0.6329622263538613	0.9999999999999966	-0.07389589160912438	0.10329073720618816	-0.18950276447570807	0.23166105198199174	-0.35239565740041423	0.10304394690032632	-0.08117743373858873	0.11137913556557139	-0.17128766063476486	0.1840995468754926	-0.05471871152009825	0.06986987204734636	-0.0740117914395254	0.09454397694957221	-0.06319673356040574	0.05917236753036772	-0.04201968595407615	0.04521104726780666	-0.09251677634701966	0.053519689613580085
-0.09037249791603029	0.064406188540718	-0.09845634760168785	0.04953232646726311	-0.08725668750772303	0.13198916891730636	-0.09886679615710356	0.11098440645987223	-0.057686831711982474	0.07405260611822587	-0.24769609404771042	0.18836383840327836	-0.15080957562866046	0.10170308131339229	-0.07389589160912438	0.9999999999999966	-0.6145710425041082	0.21074898934667785	-0.09565283094709667	0.09824729807367652	-0.6595506665980556	0.25185171147436664	-0.20950069668849544	0.09354042650261682	-0.08685147342716795	0.10079279711379253	-0.09069263094158798	0.0945835094380517	-0.06882156929489013	0.04408704043317874	-0.0960963932232755	0.05146620103709563	-0.052123027933461824	0.07198286568409219	-0.03756521967940172
0.12088571762554896	-0.08623976784999265	0.13179343627008933	-0.06751262795744475	0.11990566043065154	-0.1770381148589857	0.1310222606660461	-0.14998844457988528	0.07849119966566587	-0.10319389397563301	0.231886193096518	-0.27724923173844707	0.1975575972334038	-0.14314809744768042	0.10329073720618816	-0.6145710425041082	0.9999999999999917	-0.3411840073348073	0.13876818740831792	-0.14284746363048983	0.32635596691368385	-0.44659953910350364	0.26553253734947024	-0.13513979799425635	0.1226438043148655	-0.11648489998838446	0.11898331399812041	-0.130258247369449	0.09615569573307003	-0.06210007693026272	0.10821909700394193	-0.06926725603202726	0.06995699100271235	-0.1013519075494922	0.05266386475997782
-0.18086828834783758	0.12608674106662912	-0.205656877249539	0.10920253568664474	-0.21408207554470496	0.20785578219988016	-0.18579860642745866	0.2089267731919145	-0.13063937865759945	0.16609173664082177	-0.2416546508057914	0.20493375306731615	-0.36584231745128754	0.23565947741471274	-0.18950276447570807	0.21074898934667785	-0.3411840073348073	0.999999999999993	-0.39915305012709795	0.2513581857136952	-0.3129152076768703	0.2544988758510971	-0.4419143714803403	0.23037236029204078	-0.24492788677668903	0.1255756547032024	-0.15987271316628535	0.1602527436483705	-0.15851080012617505	0.09636482349157202	-0.13775839856476454	0.08850268376311629	-0.09568512450672625	0.14710917577746152	-0.08428507938602905
0.10486555435119833	-0.07442129830284507	0.12118144789077485	-0.08303464414966995	0.18313142509179003	-0.12470211233913826	0.10764667938707825	-0.12827444261531123	0.09869752302454113	-0.1702974864085688	0.12336020024633249	-0.10844766831965669	0.18903943245633317	-0.36596825042212416	0.23166105198199174	-0.09565283094709667	0.13876818740831792	-0.39915305012709795	0.9999999999999938	-0.6106598846389819	0.1364388930965207	-0.11349120757150749	0.16459683492819777	-0.46173257852798205	0.3028839297241122	-0.06888816693132202	0.09636922197676855	-0.10485883528628309	0.15994500145673737	-0.0995203320203787	0.07474219259581584	-0.058662350095751326	0.06416622252436083	-0.1470114887444123	0.08329199371843621
-0.11556765198602054	0.08149238725957407	-0.13390622869837884	0.09644561435720937	-0.229890619334764	0.13277941855755818	-0.11705434462148712	0.1349650027010271	-0.11591176704918879	0.19870621609645503	-0.13136730983799993	0.11149875197787079	-0.1946667605748282	0.27601640328478694	-0.35239565740041423	0.09824729807367652	-0.14284746363048983	0.2513581857136952	-0.6106598846389819	0.9999999999999944	-0.144258275115884	0.11252658045171676	-0.16466164391329674	0.2992086674251052	-0.5064810546962072	0.0727048681569626	-0.10128640588148081	0.10648922046902035	-0.16009149213469417	0.10848744807904698	-0.08004301614462916	0.060622627062003956	-0.06652582096208748	0.1441578923796733	-0.09349946518623645
0.1236712739543819	-0.08704767973242294	0.13302839461220473	-0.06806324517178654	0.12130077461440168	-0.18161618604323915	0.13088080843009586	-0.1462252471705314	0.0790799452441276	-0.10456430099280978	0.1968889110599705	-0.18355851064584378	0.17986560398100626	-0.1416685159372793	0.10304394690032632	-0.6595506665980556	0.32635596691368385	-0.3129152076768703	0.1364388930965207	-0.144258275115884	0.999999999999995	-0.4106986910953971	0.25620269330953976	-0.13820681385455238	0.12463320443213985	-0.17423568915612686	0.1302351882457666	-0.14143579258762684	0.10100690570117223	-0.06555358990366998	0.14405399993447737	-0.0765190621383493	0.07625165490639385	-0.10795919992366869	0.05550116338943649
-0.09269516580364903	0.06513652881048468	-0.10118141126787775	0.052077300595639746	-0.09504340933165825	0.12678190023534683	-0.09799720206292788	0.10893932844327547	-0.0609843870457612	0.07966763570236018	-0.15617201891702603	0.14223976043317482	-0.14786128423267156	0.10905900966968615	-0.08117743373858873	0.25185171147436664	-0.44659953910350364	0.2544988758510971	-0.11349120757150749	0.11252658045171676	-0.4106986910953971	0.9999999999999939	-0.6988829217333029	0.11358614461317504	-0.1047507827143768	0.1030505984328024	-0.1457878752321555	0.14285932965419793	-0.08788908887595964	0.05395704535313459	-0.09967322880620316	0.07379430907056178	-0.07519156548852912	0.08919444000043295	-0.04630482174903962
0.1197910196639301	-0.08386831611001272	0.130356674415708	-0.06872455333897999	0.1269791315112329	-0.16474316178679604	0.12463864262783779	-0.14015856291806147	0.08031133920984161	-0.10876174667007144	0.15816005668747712	-0.14859761071175423	0.18119954110648373	-0.15080783736120565	0.11137913556557139	-0.20950069668849544	0.26553253734947024	-0.4419143714803403	0.16459683492819777	-0.16466164391329674	0.25620269330953976	-0.6988829217333029	0.9999999999999936	-0.17012552623248936	0.14654030437506252	-0.12127135118107138	0.1641688728984579	-0.2110203775203368	0.12144449227415251	-0.07514470171508252	0.11554739686492156	-0.09310284235996305	0.09731610332883972	-0.12412963229410262	0.06397530419467841
-0.10388326823470105	0.0722568319040498	-0.11756988098466033	0.07579295457069855	-0.16717901647773847	0.11955021210291106	-0.10430035124016791	0.11694942388706703	-0.0908352290009171	0.13720851910696608	-0.11792716166557145	0.09944372809358187	-0.16458429957855314	0.2013271683893448	-0.17128766063476486	0.09354042650261682	-0.13513979799425635	0.23037236029204078	-0.46173257852798205	0.2992086674251052	-0.13820681385455238	0.11358614461317504	-0.17012552623248936	0.9999999999999937	-0.6588549170409658	0.07682198216770811	-0.1246687174290327	0.1376906077721857	-0.3608433023273503	0.1592990925746274	-0.08452066419592116	0.07707961493805714	-0.08727023706322054	0.22489657230409693	-0.13876983779661342
0.10120403191356159	-0.07099073471252716	0.11434208524648667	-0.07588199798745865	0.16302441767308848	-0.1223142250727137	0.10250488583298009	-0.1180680519777236	0.08921767775856558	-0.15636126871980965	0.11138247359844004	-0.0962207747718643	0.15804379126453236	-0.22556664320717298	0.1840995468754926	-0.08685147342716795	0.1226438043148655	-0.24492788677668903	0.3028839297241122	-0.5064810546962072	0.12463320443213985	-0.1047507827143768	0.14654030437506252	-0.6588549170409658	0.9999999999999917	-0.07460957416436632	0.11637710284117755	-0.1345196757883312	0.23433922909742416	-0.21159733626839153	0.08031053121570265	-0.07718307630885533	0.0848392171902474	-0.24911713063952579	0.15202198906718897
-0.07500888814677029	0.05007212003098249	-0.07866844587946085	0.03831496805450725	-0.06984383005256857	0.08992287026207309	-0.07315908327732648	0.07450259361735762	-0.04517419906370031	0.055796069351579	-0.08742979863537263	0.0717663079942682	-0.09337700451553374	0.07167415874802457	-0.05471871152009825	0.10079279711379253	-0.11648489998838446	0.1255756547032024	-0.06888816693132202	0.0727048681569626	-0.17423568915612686	0.1030505984328024	-0.12127135118107138	0.07682198216770811	-0.07460957416436632	0.9999999999999927	-0.2362524075070334	0.16657657974740964	-0.08293239367546136	0.050285137227000655	-0.9100935046554276	0.12129797871941568	-0.10946410975416224	0.08902170348343867	-0.04384751370219783
0.07939025414756551	-0.05383353099769872	0.08460872912792071	-0.04429305999786989	0.08409614320121103	-0.09861496926049132	0.07870568366437745	-0.08290879753605283	0.05217150271184292	-0.06933732205305955	0.08898524655761035	-0.07601553244861982	0.103866504223677	-0.0911146429501024	0.06986987204734636	-0.09069263094158798	0.11898331399812041	-0.15987271316628535	0.09636922197676855	-0.10128640588148081	0.1302351882457666	-0.1457878752321555	0.1641688728984579	-0.1246687174290327	0.11637710284117755	-0.2362524075070334	0.9999999999999906	-0.7053304481647216	0.18538507308874852	-0.1071770396438082	0.1896680830122852	-0.47085126827287244	0.2981175964389283	-0.20809620838021203	0.09192993907815411
-0.08195868585054472	0.055467837623755685	-0.08788636560670122	0.04634575327736102	-0.08950375127841265	0.09788670952546008	-0.08091287724190341	0.08501810055753163	-0.05486576273833653	0.07203935353228755	-0.0949146508558562	0.0796960142798543	-0.10970964094171387	0.09461273783578035	-0.0740117914395254	0.0945835094380517	-0.130258247369449	0.1602527436483705	-0.10485883528628309	0.10648922046902035	-0.14143579258762684	0.14285932965419793	-0.2110203775203368	0.1376906077721857	-0.1345196757883312	0.16657657974740964	-0.7053304481647216	0.999999999999992	-0.27649353626975237	0.11352282801045567	-0.18543891842715415	0.2909362763997544	-0.4422449085281155	0.21141646061497352	-0.1036603775340415
0.07512199006759168	-0.05153236871728243	0.0826742111207773	-0.049232854294598255	0.10230836328305852	-0.08810149451527932	0.07453481625084452	-0.08133284508541617	0.05843394357747309	-0.08607303546361904	0.08194700023995866	-0.06916892743169664	0.10701230215086605	-0.11960986594254645	0.09454397694957221	-0.06882156929489013	0.09615569573307003	-0.15851080012617505	0.15994500145673737	-0.16009149213469417	0.10100690570117223	-0.08788908887595964	0.12144449227415251	-0.3608433023273503	0.23433922909742416	-0.08293239367546136	0.18538507308874852	-0.27649353626975237	0.9999999999999916	-0.34504030514136197	0.08965928970886934	-0.1342314539698882	0.15560979030055155	-0.7214531957380901	0.25118494069916186
-0.0500482264552294	0.03419834821331365	-0.05510814932242235	0.03296608577615205	-0.06939671966989408	0.05722663401097087	-0.04931273883567006	0.05332466161151537	-0.03928009787863296	0.05701424673904924	-0.05393111546883307	0.04502340250030313	-0.07036450823342826	0.076664608627571	-0.06319673356040574	0.04408704043317874	-0.06210007693026272	0.09636482349157202	-0.0995203320203787	0.10848744807904698	-0.06555358990366998	0.05395704535313459	-0.07514470171508252	0.1592990925746274	-0.21159733626839153	0.050285137227000655	-0.1071770396438082	0.11352282801045567	-0.34504030514136197	0.9999999999999912	-0.05637624103895306	0.06930348600766122	-0.08403351141238138	0.2775897586350311	-0.854473849457364
0.08076796368385414	-0.053965962967678756	0.08419144812890236	-0.0412468506078483	0.07490963090138016	-0.10042324322680936	0.07885252166936757	-0.08028183722184992	0.04847118849482189	-0.06089557155159895	0.08669830010955715	-0.07259895075322342	0.09721908766582252	-0.0781086952008092	0.05917236753036772	-0.0960963932232755	0.10821909700394193	-0.13775839856476454	0.07474219259581584	-0.08004301614462916	0.14405399993447737	-0.09967322880620316	0.11554739686492156	-0.08452066419592116	0.08031053121570265	-0.9100935046554276	0.1896680830122852	-0.18543891842715415	0.08965928970886934	-0.05637624103895306	0.9999999999999916	-0.1353608146919023	0.11081736570335704	-0.10086129453782774	0.048371554262908845
-0.04677315302753819	0.031598411326701985	-0.050001080916360525	0.026399420499030955	-0.05100056206900347	0.056040913587806454	-0.046035038580345015	0.048198987304756045	-0.031234964973357142	0.04115898984632935	-0.05252256596697758	0.04408191030814436	-0.06137524751616692	0.053772539545492895	-0.04201968595407615	0.05146620103709563	-0.06926725603202726	0.08850268376311629	-0.058662350095751326	0.060622627062003956	-0.0765190621383493	0.07379430907056178	-0.09310284235996305	0.07707961493805714	-0.07718307630885533	0.12129797871941568	-0.47085126827287244	0.2909362763997544	-0.1342314539698882	0.06930348600766122	-0.1353608146919023	0.9999999999999918	-0.8065447761278232	0.1452785025296734	-0.067851857882739
0.04871213507306104	-0.032999263242945345	0.05217902002345976	-0.027875976271122684	0.05408584353889239	-0.05896252843971601	0.048081814225818365	-0.050660100290902677	0.03295020968288613	-0.04411956020140493	0.05410433693097236	-0.04569177401846631	0.06430219791272435	-0.05800486713883218	0.04521104726780666	-0.052123027933461824	0.06995699100271235	-0.09568512450672625	0.06416622252436083	-0.06652582096208748	0.07625165490639385	-0.07519156548852912	0.09731610332883972	-0.08727023706322054	0.0848392171902474	-0.10946410975416224	0.2981175964389283	-0.4422449085281155	0.15560979030055155	-0.08403351141238138	0.11081736570335704	-0.8065447761278232	0.9999999999999918	-0.20279542762425573	0.07992167116148544
-0.07978018000090108	0.05422438955665325	-0.0873797313689308	0.05099615337488477	-0.1066765008123259	0.09012560979063056	-0.07819399879449128	0.0834445399876445	-0.06093253591694944	0.08463912064262882	-0.08626492204981395	0.07152862107123112	-0.11009304979862192	0.11220754410678502	-0.09251677634701966	0.07198286568409219	-0.1013519075494922	0.14710917577746152	-0.1470114887444123	0.1441578923796733	-0.10795919992366869	0.08919444000043295	-0.12412963229410262	0.22489657230409693	-0.24911713063952579	0.08902170348343867	-0.20809620838021203	0.21141646061497352	-0.7214531957380901	0.2775897586350311	-0.10086129453782774	0.1452785025296734	-0.20279542762425573	0.999999999999992	-0.4128213429293613
0.04261399809960639	-0.029159124087012107	0.04685635034562769	-0.027972945628361875	0.05838602475683628	-0.049393094590181194	0.04209327745008599	-0.04568653442148646	0.033228475549755714	-0.04895879433650903	0.045787542155009506	-0.038411736937108754	0.05982038015272194	-0.06622358099767034	0.053519689613580085	-0.03756521967940172	0.05266386475997782	-0.08428507938602905	0.08329199371843621	-0.09349946518623645	0.05550116338943649	-0.04630482174903962	0.06397530419467841	-0.13876983779661342	0.15202198906718897	-0.04384751370219783	0.09192993907815411	-0.1036603775340415	0.25118494069916186	-0.854473849457364	0.048371554262908845	-0.067851857882739	0.07992167116148544	-0.4128213429293613	0.999999999999992
