1.0	-0.7923415041566045	0.2065532067198898	-0.15960647013298446	0.1462831060739172	-0.415552627474521	0.2901195416518685	-0.17088217655102436	0.12111976265591144	-0.061334895643731284	0.18241542408969955	-0.210694196574473	0.16003012839371844	-0.12515106240782756	0.05307532553153784	-0.09875461468756516	0.09042552770066678	-0.13373302632114512	0.07607568414719426	-0.09452319305221978	0.09866387010744777	-0.10037826344632203	0.09063362008140555	-0.11059815865033684	0.06958909798330679	-0.07962624293894568	0.07410325995274726	-0.10536564172856029	0.06639624172360108	-0.06402698882391152	0.02308631128731762	-0.022850369611122804	0.0179572343105251	-0.020097768770601186	0.013056162027214767	-0.01910054965028723	0.017564460318807755	-0.013347676679811581	0.013471086738484322	-0.012653624008313932
-0.7923415041566045	1.0000000000000004	-0.27897914665975376	0.15533036624736965	-0.15029216867625145	0.2784555566397235	-0.418266086615006	0.18212839906989048	-0.12650464625754182	0.05811653025785101	-0.16508818565587913	0.1707610613617452	-0.16811088335555424	0.12051600281083288	-0.05115508389262562	0.08342518354054616	-0.07742300380608938	0.12029351703226948	-0.06898394856171598	0.08403924021281088	-0.08812213341796986	0.08348678699885782	-0.0813782834425541	0.09710942911926808	-0.06193499179173283	0.0674028826040575	-0.06431664092399739	0.09197689064686956	-0.05867757588444166	0.056213769883635425	-0.019826263167796728	0.01958879189078647	-0.01562807798517338	0.017495722351137197	-0.011403953774393039	0.01636986253505725	-0.015134474991732014	0.011586953351109833	-0.011745175867621784	0.011015282197165906
0.2065532067198898	-0.27897914665975376	0.9999999999999998	-0.5594329121992214	0.295879663621907	-0.20904621497168477	0.2234396914871286	-0.4864900403592118	0.2389846387817472	-0.11988032761106503	0.15856172411212666	-0.20090917440702724	0.2830423564162673	-0.2561142373835841	0.10188260219206571	-0.09421109322947839	0.10057250941075856	-0.24569071231438877	0.1375958462357722	-0.1733815684303208	0.10231562150899397	-0.11223910012607417	0.15519752493529115	-0.19549982240684768	0.11903749470000764	-0.10209585141646682	0.09599328205814533	-0.18299584581339076	0.11369865675715239	-0.11123676239521826	0.0313142306688045	-0.031265173725664216	0.027736845743648226	-0.032077003957716586	0.021055695590705248	-0.026399400041907883	0.024481284261819426	-0.020551666941324685	0.02122587513128646	-0.02007269562351518
-0.15960647013298446	0.15533036624736965	-0.5594329121992214	1.0	-0.6817638426874641	0.14186196944358012	-0.16219208790376757	0.2317699013180888	-0.23078415519068918	0.11322579363917028	-0.12783043232111962	0.1498330692947484	-0.24583980111393752	0.19775048658573494	-0.10170416719119917	0.0741878530490905	-0.07864299360756778	0.17958069429334203	-0.10719049146820978	0.13101651506879758	-0.08339692458836472	0.08672171248118617	-0.12059326114023416	0.14786884967516645	-0.09406418564244046	0.08115601038351963	-0.07749222293939735	0.1393956834090126	-0.08860447004787957	0.08602698434580577	-0.025377199757265424	0.025275084342871647	-0.022445448599596306	0.025802577691901214	-0.016912575916134067	0.021439823905508713	-0.01996016263801139	0.016592829277014658	-0.017166355988010862	0.01616395640312497
0.1462831060739172	-0.15029216867625145	0.295879663621907	-0.6817638426874641	1.0000000000000004	-0.15794893340012367	0.16241838366753528	-0.22396193131788433	0.20920489661263403	-0.175715451125154	0.1532533765727325	-0.2014977963042115	0.24206344885166833	-0.24747584614616028	0.13594035599162577	-0.09792021998590379	0.10942317316607063	-0.28238016873761457	0.16381574387379697	-0.21493327332597753	0.10875407088537314	-0.12471233948512904	0.18634605512156144	-0.2489423713427452	0.15038983977797987	-0.12752434114597852	0.11670232897942473	-0.2384595378046678	0.1449653783600179	-0.14500979393523308	0.040132552262762015	-0.04028279650627459	0.036874674363049705	-0.043168867198468665	0.028126959468713228	-0.03446519213100649	0.03185183638019563	-0.027412571289299494	0.028384121223688573	-0.02694252216375582
-0.415552627474521	0.2784555566397235	-0.20904621497168477	0.14186196944358012	-0.15794893340012367	1.0000000000000007	-0.6843543882643852	0.20444038839640463	-0.143327662523769	0.061941543389069625	-0.4014241827718421	0.25268073667551577	-0.1999251404811591	0.13024706521601653	-0.05531450817841847	0.14225490494025045	-0.11190328473855034	0.13180029099757767	-0.07547505460441965	0.0901789644648261	-0.14494173773719338	0.11727913352696409	-0.09199608173257756	0.10586963565572592	-0.0689942059682559	0.08868130288051061	-0.08527555377045372	0.10096092461093305	-0.06528027892923852	0.06160025142912384	-0.025232214184576315	0.024741643350558604	-0.018322098403179134	0.020041941755215367	-0.013003639431470664	0.02047993655515093	-0.01889283194139715	0.013599837926641753	-0.013580108641510685	0.012674720170472241
0.2901195416518685	-0.418266086615006	0.2234396914871286	-0.16219208790376757	0.16241838366753528	-0.6843543882643852	0.9999999999999998	-0.3298620674226087	0.16173597555445796	-0.07131378257354343	0.23905944161231027	-0.29084455879391347	0.2136503642810649	-0.1574687720913636	0.062491078925885436	-0.12298151562653277	0.11229044422405599	-0.15123063771090245	0.08530912631764545	-0.10327362061717871	0.12117562207512683	-0.1209807353948185	0.10162514539415883	-0.1193971528189651	0.07604748833090069	-0.08990975010256352	0.08509118628394696	-0.11292716748513429	0.07218378986764352	-0.06870504652813918	0.025783454332053802	-0.02543641191790619	0.019492319370915303	-0.021602615452071223	0.014054843803550475	-0.02113558766593019	0.0194642748146549	-0.014471677563081285	0.014549264390292301	-0.013627773668246121
-0.17088217655102436	0.18212839906989048	-0.4864900403592118	0.2317699013180888	-0.22396193131788433	0.20444038839640463	-0.3298620674226087	1.0000000000000004	-0.4271090412572598	0.10698797762732401	-0.1499722768139519	0.1753052010466949	-0.5638737878476312	0.26818346613815575	-0.09700577759278	0.08206784580376132	-0.08660916589366267	0.20721751747337466	-0.11733144447481379	0.13481618583036767	-0.09007191018911499	0.09312558466192761	-0.13184391141244292	0.14734088970961354	-0.09391133407061096	0.07916151025426346	-0.07710351273299147	0.13528283895130486	-0.08794027056569279	0.08330047498099469	-0.02420844799148588	0.024041108597971136	-0.02098750119892033	0.02397249792642461	-0.015834271134403763	0.020159534166510434	-0.01881093937436938	0.015473433379829257	-0.016002273608275525	0.015037326317806092
0.12111976265591144	-0.12650464625754182	0.2389846387817472	-0.23078415519068918	0.20920489661263403	-0.143327662523769	0.16173597555445796	-0.4271090412572598	0.9999999999999989	-0.1969939290891303	0.11547387447138686	-0.14052663238793509	0.2666659475047304	-0.7556826072632669	0.16991834566824682	-0.06707064286170786	0.0724103880262944	-0.18350797275804495	0.1388358105658201	-0.1574352646263817	0.07440641903991593	-0.07930456880580787	0.11823800467294585	-0.14149765870297146	0.0908585307190896	-0.07023286718715911	0.06825530902887304	-0.12681215031969867	0.08331278761918162	-0.07998638595456495	0.02179812238022822	-0.02169445146571557	0.01949106056593945	-0.022445659031402287	0.014873691346812806	-0.018250363315461354	0.017064318915072235	-0.014358948518080995	0.014943219728249945	-0.014065496179527001
-0.061334895643731284	0.05811653025785101	-0.11988032761106503	0.11322579363917028	-0.175715451125154	0.061941543389069625	-0.07131378257354343	0.10698797762732401	-0.1969939290891303	1.0000000000000009	-0.05962971396250342	0.06845476375351826	-0.1296781249537959	0.20752569058526757	-0.9258474870494525	0.0345995351648272	-0.037247994011938707	0.0888786134062187	-0.07041391595965746	0.07877801712285176	-0.03960593981270765	0.04058605032763474	-0.06115026291580153	0.07252165181472452	-0.0489286266586779	0.03757125542514727	-0.03691309471764072	0.06605931911945351	-0.044234560061694864	0.0422844279278476	-0.011919069837607835	0.011844663706679538	-0.010728013166850865	0.012310100338660614	-0.008143913346875274	0.010022530598011817	-0.00940686923881896	0.007887869046454405	-0.008229310272358882	0.007718948691875259
0.18241542408969955	-0.16508818565587913	0.15856172411212666	-0.12783043232111962	0.1532533765727325	-0.4014241827718421	0.23905944161231027	-0.1499722768139519	0.11547387447138686	-0.05962971396250342	0.9999999999999991	-0.6359377833091383	0.17381333410629257	-0.11902177477922399	0.05255564570719844	-0.42240990387026045	0.2186999080090946	-0.15159355245532896	0.08448595111456533	-0.10242984420641289	0.26927711391524434	-0.23989348852115336	0.11317517500636787	-0.12884588342248135	0.08423518354811957	-0.15833169133270691	0.14271208648990663	-0.12655129272654986	0.0810386860253191	-0.0756152235472114	0.041426811294938796	-0.040474325699935476	0.025909030432790938	-0.027241420176654315	0.017383806096256272	-0.03309405533209476	0.029998270983444125	-0.019399573021539936	0.0186727621701381	-0.01736300161010918
-0.210694196574473	0.1707610613617452	-0.20090917440702724	0.1498330692947484	-0.2014977963042115	0.25268073667551577	-0.29084455879391347	0.1753052010466949	-0.14052663238793509	0.06845476375351826	-0.6359377833091383	1.0	-0.2412375575499232	0.13542783527739186	-0.06184490313810641	0.2541966158699498	-0.37769324596198983	0.1663124992367613	-0.09379684998340704	0.10955578378086983	-0.31222594722334923	0.2553930106498702	-0.1283426985749113	0.13704550909830635	-0.09437895701803507	0.15941527465030503	-0.1737318667715532	0.1345217838632784	-0.0894599997690941	0.08154819117317057	-0.04504900092041356	0.04359738822283725	-0.02850301070811971	0.02966005346702444	-0.01905031126780203	0.035441464440759865	-0.032990732750164634	0.021158625324866596	-0.020531739688173272	0.01893809588873033
0.16003012839371844	-0.16811088335555424	0.2830423564162673	-0.24583980111393752	0.24206344885166833	-0.1999251404811591	0.2136503642810649	-0.5638737878476312	0.2666659475047304	-0.1296781249537959	0.17381333410629257	-0.2412375575499232	0.9999999999999991	-0.3319909387117998	0.11313997595987066	-0.10298402421120104	0.1193308125370712	-0.43606441882084424	0.18198897244931994	-0.21575543864477806	0.1143766289841628	-0.12961546794038792	0.21649707916387198	-0.24505111650297617	0.14635701290103162	-0.11043351500841977	0.10776048741089336	-0.22099160487270192	0.1395165202034689	-0.1323938129531254	0.03395448637142347	-0.0338689565174554	0.030803152275746357	-0.03565152808995361	0.023706251216441054	-0.02832130014864957	0.026474507314165084	-0.022701749743916266	0.023623618124765336	-0.02230591673111389
-0.12515106240782756	0.12051600281083288	-0.2561142373835841	0.19775048658573494	-0.24747584614616028	0.13024706521601653	-0.1574687720913636	0.26818346613815575	-0.7556826072632669	0.20752569058526757	-0.11902177477922399	0.13542783527739186	-0.3319909387117998	0.9999999999999983	-0.27339789429049843	0.06755458547398714	-0.07299336675435113	0.18050414672645282	-0.1752925956732882	0.16183107264223973	-0.07700417542954398	0.07857298427745607	-0.12301644700041532	0.13967929465248832	-0.09488577112107735	0.07002836470780222	-0.06967093723680216	0.12388478642114889	-0.08485594436479088	0.08001838258751078	-0.022064117413851756	0.021899359404408507	-0.019820161853268837	0.02270529459322602	-0.015099646751033249	0.018435495989130322	-0.01733990111564013	0.014542474194597213	-0.015204697709649625	0.014244107113328769
0.05307532553153784	-0.05115508389262562	0.10188260219206571	-0.10170416719119917	0.13594035599162577	-0.05531450817841847	0.062491078925885436	-0.09700577759278	0.16991834566824682	-0.9258474870494525	0.05255564570719844	-0.06184490313810641	0.11313997595987066	-0.27339789429049843	0.9999999999999984	-0.03091086700427827	0.03366174484558391	-0.08414688088229712	0.06912652284604623	-0.07991455040385363	0.03517186121863653	-0.036886894001394756	0.05688680071469355	-0.0687072179652078	0.045528432035621486	-0.03421600808698528	0.033399843053924384	-0.06198338824540796	0.04121376126227749	-0.03965665370661948	0.010819322394103801	-0.010768681446023831	0.009817729929344909	-0.011318415334803454	0.007494380839417514	-0.009106222341784015	0.008535495153817938	-0.007225380303306783	0.007543397799209353	-0.007091640934879149
-0.09875461468756516	0.08342518354054616	-0.09421109322947839	0.0741878530490905	-0.09792021998590379	0.14225490494025045	-0.12298151562653277	0.08206784580376132	-0.06707064286170786	0.0345995351648272	-0.42240990387026045	0.2541966158699498	-0.10298402421120104	0.06755458547398714	-0.03091086700427827	0.9999999999999969	-0.24791955613089264	0.09449527006304594	-0.05241303172756891	0.06198003060210828	-0.8024938273151007	0.21364125492603228	-0.07667966563194768	0.08170270702184164	-0.056032303257121	0.15225814927755585	-0.14856222809217826	0.08330833286063206	-0.054451216625597855	0.0489415634646158	-0.038092957243586814	0.035790584200512336	-0.019946544675701085	0.019789735185804694	-0.012486756143777712	0.02837008564850132	-0.026076208242439083	0.0149476567442478	-0.013869518888807175	0.012754801560705653
0.09042552770066678	-0.07742300380608938	0.10057250941075856	-0.07864299360756778	0.10942317316607063	-0.11190328473855034	0.11229044422405599	-0.08660916589366267	0.0724103880262944	-0.037247994011938707	0.2186999080090946	-0.37769324596198983	0.1193308125370712	-0.07299336675435113	0.03366174484558391	-0.24791955613089264	0.9999999999999954	-0.1361032149134328	0.06668889873546315	-0.07521742985487102	0.22404966892836056	-0.8251923617645576	0.11842601574242416	-0.10864982311910801	0.07081353421885694	-0.16122392087747786	0.1616092321403096	-0.10607697642646198	0.0692646369480688	-0.060708000472937965	0.03949862937246571	-0.03910428017459597	0.02218266476499594	-0.02246216412823935	0.014307291350451421	-0.030596437839622445	0.027572987061417507	-0.016640323037863218	0.015592905249182514	-0.014413428788291261
-0.13373302632114512	0.12029351703226948	-0.24569071231438877	0.17958069429334203	-0.28238016873761457	0.13180029099757767	-0.15123063771090245	0.20721751747337466	-0.18350797275804495	0.0888786134062187	-0.15159355245532896	0.1663124992367613	-0.43606441882084424	0.18050414672645282	-0.08414688088229712	0.09449527006304594	-0.1361032149134328	0.9999999999999938	-0.3356753572302846	0.24390153353157004	-0.11289942773679572	0.13658277811436162	-0.5843859021605465	0.29007648146209636	-0.2059137234775335	0.10817247066460187	-0.11811268950740608	0.24665362357426643	-0.1891150264255153	0.15415577146178333	-0.0351457675186583	0.034895042243627175	-0.034507786925397375	0.039670135765996144	-0.02713754434471302	0.028946477976703903	-0.027770528924714738	0.024905803178852583	-0.0267335732605757	0.024805245317985065
0.07607568414719426	-0.06898394856171598	0.1375958462357722	-0.10719049146820978	0.16381574387379697	-0.07547505460441965	0.08530912631764545	-0.11733144447481379	0.1388358105658201	-0.07041391595965746	0.08448595111456533	-0.09379684998340704	0.18198897244931994	-0.1752925956732882	0.06912652284604623	-0.05241303172756891	0.06668889873546315	-0.3356753572302846	0.9999999999999929	-0.8469988075894846	0.062172396941078914	-0.07163956045836131	0.19582319721190136	-0.26088267249588176	0.1620121894603095	-0.06316740497336822	0.06700743546342294	-0.15640563466476193	0.12668186620265198	-0.12041391493146841	0.02076947920917506	-0.020707679851648265	0.021536695242370424	-0.02567767017282707	0.017861416523649355	-0.01720010922452253	0.016529099812030455	-0.015612660859584243	0.017024592575389547	-0.01606211997907306
-0.09452319305221978	0.08403924021281088	-0.1733815684303208	0.13101651506879758	-0.21493327332597753	0.0901789644648261	-0.10327362061717871	0.13481618583036767	-0.1574352646263817	0.07877801712285176	-0.10242984420641289	0.10955578378086983	-0.21575543864477806	0.16183107264223973	-0.07991455040385363	0.06198003060210828	-0.07521742985487102	0.24390153353157004	-0.8469988075894846	0.9999999999999959	-0.07439440294641779	0.07953621891240968	-0.19800040753148224	0.21657366011577547	-0.20501466997065293	0.07297950731488076	-0.07857106754886536	0.16103854650021093	-0.13978710856030163	0.13206626546766614	-0.02442416430686327	0.024256640892418448	-0.02504330169748471	0.029590138630083786	-0.02058670843135214	0.02025942831661925	-0.01954302654457827	0.018089546192864084	-0.01981177563738811	0.01855232838636387
0.09866387010744777	-0.08812213341796986	0.10231562150899397	-0.08339692458836472	0.10875407088537314	-0.14494173773719338	0.12117562207512683	-0.09007191018911499	0.07440641903991593	-0.03960593981270765	0.26927711391524434	-0.31222594722334923	0.1143766289841628	-0.07700417542954398	0.03517186121863653	-0.8024938273151007	0.22404966892836056	-0.11289942773679572	0.062172396941078914	-0.07439440294641779	0.9999999999999957	-0.2914480471458727	0.09176822908980636	-0.09954994175297682	0.06696968997194147	-0.22984582016399	0.17539889557795305	-0.10193936257825886	0.06553548609106617	-0.059316633004483504	0.048837484223525726	-0.04617185510882351	0.024717273668065306	-0.024444524257217458	0.015338345355798944	-0.03655639547646804	0.03281824222056035	-0.01864046163306011	0.01709465996456145	-0.015772112050903814
-0.10037826344632203	0.08348678699885782	-0.11223910012607417	0.08672171248118617	-0.12471233948512904	0.11727913352696409	-0.1209807353948185	0.09312558466192761	-0.07930456880580787	0.04058605032763474	-0.23989348852115336	0.2553930106498702	-0.12961546794038792	0.07857298427745607	-0.036886894001394756	0.21364125492603228	-0.8251923617645576	0.13658277811436162	-0.07163956045836131	0.07953621891240968	-0.2914480471458727	0.999999999999996	-0.14548898280159758	0.11702775780386998	-0.07935659214596706	0.1762583687413279	-0.22927319938083712	0.11592045577000386	-0.07770541867967898	0.06653196983613117	-0.04488715657625382	0.044186846794999846	-0.024891180646569033	0.02493844794716524	-0.015917912844185814	0.03412860406620902	-0.0313105304332835	0.018593479814793742	-0.017416131691023563	0.016026486629232443
0.09063362008140555	-0.0813782834425541	0.15519752493529115	-0.12059326114023416	0.18634605512156144	-0.09199608173257756	0.10162514539415883	-0.13184391141244292	0.11823800467294585	-0.06115026291580153	0.11317517500636787	-0.1283426985749113	0.21649707916387198	-0.12301644700041532	0.05688680071469355	-0.07667966563194768	0.11842601574242416	-0.5843859021605465	0.19582319721190136	-0.19800040753148224	0.09176822908980636	-0.14548898280159758	0.999999999999995	-0.5531635653589403	0.22404728955412284	-0.10043515455655296	0.10885646597183847	-0.42642064929005546	0.23524622512959348	-0.18730847285540914	0.03170098144632244	-0.03186075932618574	0.03387490634312952	-0.03974658159954392	0.027565187695409853	-0.025893485461190323	0.02482854623395475	-0.024529634889639586	0.026120525973908702	-0.024622767627541918
-0.11059815865033684	0.09710942911926808	-0.19549982240684768	0.14786884967516645	-0.2489423713427452	0.10586963565572592	-0.1193971528189651	0.14734088970961354	-0.14149765870297146	0.07252165181472452	-0.12884588342248135	0.13704550909830635	-0.24505111650297617	0.13967929465248832	-0.0687072179652078	0.08170270702184164	-0.10864982311910801	0.29007648146209636	-0.26088267249588176	0.21657366011577547	-0.09954994175297682	0.11702775780386998	-0.5531635653589403	0.9999999999999947	-0.44721244522717546	0.10545326748243804	-0.11684312077185507	0.30648709219756515	-0.38181323542659384	0.26048219564994346	-0.03582124922312059	0.03579174931264775	-0.040870926868977156	0.05053380944828313	-0.03615536011542872	0.029487974343708437	-0.028752546149971622	0.02928261492126974	-0.033172390055892426	0.031092089057320887
0.06958909798330679	-0.06193499179173283	0.11903749470000764	-0.09406418564244046	0.15038983977797987	-0.0689942059682559	0.07604748833090069	-0.09391133407061096	0.0908585307190896	-0.0489286266586779	0.08423518354811957	-0.09437895701803507	0.14635701290103162	-0.09488577112107735	0.045528432035621486	-0.056032303257121	0.07081353421885694	-0.2059137234775335	0.1620121894603095	-0.20501466997065293	0.06696968997194147	-0.07935659214596706	0.22404728955412284	-0.44721244522717546	0.9999999999999948	-0.08928826148449064	0.09296624305181393	-0.3494852459140714	0.30723085826635077	-0.712064451479494	0.03069287663823094	-0.031185007826844854	0.04043317178140104	-0.05647760131746287	0.04438326709934981	-0.025483455945932976	0.02491579845959295	-0.029871876308394437	0.03475126143622033	-0.03677555248324581
-0.07962624293894568	0.0674028826040575	-0.10209585141646682	0.08115601038351963	-0.12752434114597852	0.08868130288051061	-0.08990975010256352	0.07916151025426346	-0.07023286718715911	0.03757125542514727	-0.15833169133270691	0.15941527465030503	-0.11043351500841977	0.07002836470780222	-0.03421600808698528	0.15225814927755585	-0.16122392087747786	0.10817247066460187	-0.06316740497336822	0.07297950731488076	-0.22984582016399	0.1762583687413279	-0.10043515455655296	0.10545326748243804	-0.08928826148449064	0.999999999999994	-0.8645632121892862	0.13923986962798782	-0.09374741040087464	0.07421887568130027	-0.19613513918488942	0.15077242001177546	-0.05991744229654791	0.04998693169797302	-0.030187732438831442	0.11081779561855634	-0.10392209394769744	0.04512746488112453	-0.03725099404377565	0.033353132433396306
0.07410325995274726	-0.06431664092399739	0.09599328205814533	-0.07749222293939735	0.11670232897942473	-0.08527555377045372	0.08509118628394696	-0.07710351273299147	0.06825530902887304	-0.03691309471764072	0.14271208648990663	-0.1737318667715532	0.10776048741089336	-0.06967093723680216	0.033399843053924384	-0.14856222809217826	0.1616092321403096	-0.11811268950740608	0.06700743546342294	-0.07857106754886536	0.17539889557795305	-0.22927319938083712	0.10885646597183847	-0.11684312077185507	0.09296624305181393	-0.8645632121892862	0.9999999999999939	-0.17651333034419817	0.10099021476903124	-0.08212160228096675	0.1554267715571163	-0.16714598766676383	0.060289610407137297	-0.052607857619082585	0.03129987433047436	-0.11380206712284258	0.09835591768326918	-0.04673328413393579	0.03794771240861944	-0.03481267999610961
-0.10536564172856029	0.09197689064686956	-0.18299584581339076	0.1393956834090126	-0.2384595378046678	0.10096092461093305	-0.11292716748513429	0.13528283895130486	-0.12681215031969867	0.06605931911945351	-0.12655129272654986	0.1345217838632784	-0.22099160487270192	0.12388478642114889	-0.06198338824540796	0.08330833286063206	-0.10607697642646198	0.24665362357426643	-0.15640563466476193	0.16103854650021093	-0.10193936257825886	0.11592045577000386	-0.42642064929005546	0.30648709219756515	-0.3494852459140714	0.13923986962798782	-0.17651333034419817	0.9999999999999947	-0.6246147289620365	0.2732066145464156	-0.04607404148376736	0.046601449925790954	-0.0576670226405139	0.06425511634433603	-0.04487356760911907	0.037205955048271136	-0.03642632508854051	0.04023849600137578	-0.042770944910026885	0.03911668009191372
0.06639624172360108	-0.05867757588444166	0.11369865675715239	-0.08860447004787957	0.1449653783600179	-0.06528027892923852	0.07218378986764352	-0.08794027056569279	0.08331278761918162	-0.044234560061694864	0.0810386860253191	-0.0894599997690941	0.1395165202034689	-0.08485594436479088	0.04121376126227749	-0.054451216625597855	0.0692646369480688	-0.1891150264255153	0.12668186620265198	-0.13978710856030163	0.06553548609106617	-0.07770541867967898	0.23524622512959348	-0.38181323542659384	0.30723085826635077	-0.09374741040087464	0.10099021476903124	-0.6246147289620365	0.9999999999999946	-0.5612578849189328	0.032127662451920565	-0.03281173454041564	0.0457546185288731	-0.06567804221322825	0.046519307486705255	-0.026324977739771657	0.025996530674688833	-0.03281525317129531	0.03871244323420882	-0.037210533320786526
-0.06402698882391152	0.056213769883635425	-0.11123676239521826	0.08602698434580577	-0.14500979393523308	0.06160025142912384	-0.06870504652813918	0.08330047498099469	-0.07998638595456495	0.0422844279278476	-0.0756152235472114	0.08154819117317057	-0.1323938129531254	0.08001838258751078	-0.03965665370661948	0.0489415634646158	-0.060708000472937965	0.15415577146178333	-0.12041391493146841	0.13206626546766614	-0.059316633004483504	0.06653196983613117	-0.18730847285540914	0.26048219564994346	-0.712064451479494	0.07421887568130027	-0.08212160228096675	0.2732066145464156	-0.5612578849189328	0.9999999999999951	-0.027236919940439728	0.027571909763448782	-0.03924013112982369	0.05768863941365088	-0.05072292894853193	0.02251856202632712	-0.022505083289407674	0.028615570440586085	-0.035560041093409114	0.038096313119437154
0.02308631128731762	-0.019826263167796728	0.0313142306688045	-0.025377199757265424	0.040132552262762015	-0.025232214184576315	0.025783454332053802	-0.02420844799148588	0.02179812238022822	-0.011919069837607835	0.041426811294938796	-0.04504900092041356	0.03395448637142347	-0.022064117413851756	0.010819322394103801	-0.038092957243586814	0.03949862937246571	-0.0351457675186583	0.02076947920917506	-0.02442416430686327	0.048837484223525726	-0.04488715657625382	0.03170098144632244	-0.03582124922312059	0.03069287663823094	-0.19613513918488942	0.1554267715571163	-0.04607404148376736	0.032127662451920565	-0.027236919940439728	0.9999999999999956	-0.767098494129348	0.13886076159586774	-0.09800286748524414	0.05317333489507666	-0.4892347024574561	0.30462575386157226	-0.11436168709394241	0.07450538474350488	-0.06834294832141939
-0.022850369611122804	0.01958879189078647	-0.031265173725664216	0.025275084342871647	-0.04028279650627459	0.024741643350558604	-0.02543641191790619	0.024041108597971136	-0.02169445146571557	0.011844663706679538	-0.040474325699935476	0.04359738822283725	-0.0338689565174554	0.021899359404408507	-0.010768681446023831	0.035790584200512336	-0.03910428017459597	0.034895042243627175	-0.020707679851648265	0.024256640892418448	-0.04617185510882351	0.044186846794999846	-0.03186075932618574	0.03579174931264775	-0.031185007826844854	0.15077242001177546	-0.16714598766676383	0.046601449925790954	-0.03281173454041564	0.027571909763448782	-0.767098494129348	0.9999999999999956	-0.20078827410127859	0.10330753787077097	-0.05821992300512386	0.3047794627589541	-0.47566818431288527	0.13108808736799715	-0.08607651788662161	0.07345009706482758
0.0179572343105251	-0.01562807798517338	0.027736845743648226	-0.022445448599596306	0.036874674363049705	-0.018322098403179134	0.019492319370915303	-0.02098750119892033	0.01949106056593945	-0.010728013166850865	0.025909030432790938	-0.02850301070811971	0.030803152275746357	-0.019820161853268837	0.009817729929344909	-0.019946544675701085	0.02218266476499594	-0.034507786925397375	0.021536695242370424	-0.02504330169748471	0.024717273668065306	-0.024891180646569033	0.03387490634312952	-0.040870926868977156	0.04043317178140104	-0.05991744229654791	0.060289610407137297	-0.0576670226405139	0.0457546185288731	-0.03924013112982369	0.13886076159586774	-0.20078827410127859	0.9999999999999944	-0.42101741371108464	0.20570226048797363	-0.1263864124680566	0.14388161442228029	-0.7491152917473005	0.3001216161454163	-0.28961119784594486
-0.020097768770601186	0.017495722351137197	-0.032077003957716586	0.025802577691901214	-0.043168867198468665	0.020041941755215367	-0.021602615452071223	0.02397249792642461	-0.022445659031402287	0.012310100338660614	-0.027241420176654315	0.02966005346702444	-0.03565152808995361	0.02270529459322602	-0.011318415334803454	0.019789735185804694	-0.02246216412823935	0.039670135765996144	-0.02567767017282707	0.029590138630083786	-0.024444524257217458	0.02493844794716524	-0.03974658159954392	0.05053380944828313	-0.05647760131746287	0.04998693169797302	-0.052607857619082585	0.06425511634433603	-0.06567804221322825	0.05768863941365088	-0.09800286748524414	0.10330753787077097	-0.42101741371108464	0.9999999999999943	-0.6471527746992377	0.07954207821419557	-0.10073477318633306	0.25644267669050275	-0.4830489178578041	0.3229210322673885
0.013056162027214767	-0.011403953774393039	0.021055695590705248	-0.016912575916134067	0.028126959468713228	-0.013003639431470664	0.014054843803550475	-0.015834271134403763	0.014873691346812806	-0.008143913346875274	0.017383806096256272	-0.01905031126780203	0.023706251216441054	-0.015099646751033249	0.007494380839417514	-0.012486756143777712	0.014307291350451421	-0.02713754434471302	0.017861416523649355	-0.02058670843135214	0.015338345355798944	-0.015917912844185814	0.027565187695409853	-0.03615536011542872	0.04438326709934981	-0.030187732438831442	0.03129987433047436	-0.04487356760911907	0.046519307486705255	-0.05072292894853193	0.05317333489507666	-0.05821992300512386	0.20570226048797363	-0.6471527746992377	0.9999999999999937	-0.04719403608390782	0.056885466207968735	-0.18204676818972454	0.28604508619727775	-0.6667023023514349
-0.01910054965028723	0.01636986253505725	-0.026399400041907883	0.021439823905508713	-0.03446519213100649	0.02047993655515093	-0.02113558766593019	0.020159534166510434	-0.018250363315461354	0.010022530598011817	-0.03309405533209476	0.035441464440759865	-0.02832130014864957	0.018435495989130322	-0.009106222341784015	0.02837008564850132	-0.030596437839622445	0.028946477976703903	-0.01720010922452253	0.02025942831661925	-0.03655639547646804	0.03412860406620902	-0.025893485461190323	0.029487974343708437	-0.025483455945932976	0.11081779561855634	-0.11380206712284258	0.037205955048271136	-0.026324977739771657	0.02251856202632712	-0.4892347024574561	0.3047794627589541	-0.1263864124680566	0.07954207821419557	-0.04719403608390782	0.9999999999999949	-0.7989067454429741	0.10322988928957094	-0.0719523786515592	0.0577689159623378
0.017564460318807755	-0.015134474991732014	0.024481284261819426	-0.01996016263801139	0.03185183638019563	-0.01889283194139715	0.0194642748146549	-0.01881093937436938	0.017064318915072235	-0.00940686923881896	0.029998270983444125	-0.032990732750164634	0.026474507314165084	-0.01733990111564013	0.008535495153817938	-0.026076208242439083	0.027572987061417507	-0.027770528924714738	0.016529099812030455	-0.01954302654457827	0.03281824222056035	-0.0313105304332835	0.02482854623395475	-0.028752546149971622	0.02491579845959295	-0.10392209394769744	0.09835591768326918	-0.03642632508854051	0.025996530674688833	-0.022505083289407674	0.30462575386157226	-0.47566818431288527	0.14388161442228029	-0.10073477318633306	0.056885466207968735	-0.7989067454429741	0.9999999999999938	-0.1401380299164578	0.08538621234489821	-0.07294062656797135
-0.013347676679811581	0.011586953351109833	-0.020551666941324685	0.016592829277014658	-0.027412571289299494	0.013599837926641753	-0.014471677563081285	0.015473433379829257	-0.014358948518080995	0.007887869046454405	-0.019399573021539936	0.021158625324866596	-0.022701749743916266	0.014542474194597213	-0.007225380303306783	0.0149476567442478	-0.016640323037863218	0.024905803178852583	-0.015612660859584243	0.018089546192864084	-0.01864046163306011	0.018593479814793742	-0.024529634889639586	0.02928261492126974	-0.029871876308394437	0.04512746488112453	-0.04673328413393579	0.04023849600137578	-0.03281525317129531	0.028615570440586085	-0.11436168709394241	0.13108808736799715	-0.7491152917473005	0.25644267669050275	-0.18204676818972454	0.10322988928957094	-0.1401380299164578	0.9999999999999936	-0.5273405364328708	0.22591174496111238
0.013471086738484322	-0.011745175867621784	0.02122587513128646	-0.017166355988010862	0.028384121223688573	-0.013580108641510685	0.014549264390292301	-0.016002273608275525	0.014943219728249945	-0.008229310272358882	0.0186727621701381	-0.020531739688173272	0.023623618124765336	-0.015204697709649625	0.007543397799209353	-0.013869518888807175	0.015592905249182514	-0.0267335732605757	0.017024592575389547	-0.01981177563738811	0.01709465996456145	-0.017416131691023563	0.026120525973908702	-0.033172390055892426	0.03475126143622033	-0.03725099404377565	0.03794771240861944	-0.042770944910026885	0.03871244323420882	-0.035560041093409114	0.07450538474350488	-0.08607651788662161	0.3001216161454163	-0.4830489178578041	0.28604508619727775	-0.0719523786515592	0.08538621234489821	-0.5273405364328708	0.9999999999999933	-0.578252362161134
-0.012653624008313932	0.011015282197165906	-0.02007269562351518	0.01616395640312497	-0.02694252216375582	0.012674720170472241	-0.013627773668246121	0.015037326317806092	-0.014065496179527001	0.007718948691875259	-0.01736300161010918	0.01893809588873033	-0.02230591673111389	0.014244107113328769	-0.007091640934879149	0.012754801560705653	-0.014413428788291261	0.024805245317985065	-0.01606211997907306	0.01855232838636387	-0.015772112050903814	0.016026486629232443	-0.024622767627541918	0.031092089057320887	-0.03677555248324581	0.033353132433396306	-0.03481267999610961	0.03911668009191372	-0.037210533320786526	0.038096313119437154	-0.06834294832141939	0.07345009706482758	-0.28961119784594486	0.3229210322673885	-0.6667023023514349	0.0577689159623378	-0.07294062656797135	0.22591174496111238	-0.578252362161134	0.9999999999999931
