1.0	-0.9016005310156926	0.18131322398616945	-0.10738377507418398	0.11078869591175396	-0.27380121262185037	0.19852507254687674	-0.1689252699714492	0.11656145139522193	-0.09570091480332062	0.12271597569324044	-0.14756650728472437	0.13106967706854034	-0.11356936789822657	0.08877444902237532	-0.07879350438848855	0.09815298191983153	-0.0907151728108834	0.08337499671185432	-0.08555190745645315	0.07757286911309348	-0.09508294119897531	0.08007662884979329	-0.0744603268282383	0.0839125944784078	-0.07670071618833718	0.06431485484575297	-0.11286408089260234	0.05232782725826517	-0.06676506752408709
-0.9016005310156926	1.0	-0.23404824599375929	0.11065006236284289	-0.11898479907537696	0.21123612926291038	-0.2305158117689622	0.16547307933465785	-0.12075994066274341	0.09385537724238138	-0.11908378520816514	0.14069981220314062	-0.13466329888270256	0.10906682717330317	-0.08811718578649748	0.07279736585451152	-0.09557612843105484	0.08573853363610294	-0.08038321631770737	0.08125194444949511	-0.07382031259148229	0.0887299769869574	-0.07637339414433618	0.07012595943959181	-0.08124772923460666	0.07026952656398296	-0.059710003291433694	0.10218900267277747	-0.0483255731317738	0.06112636089218543
0.18131322398616945	-0.23404824599375929	1.0000000000000004	-0.4305440912287515	0.2637087881177405	-0.24168626379051014	0.21064806728083274	-0.6818055326398077	0.266601738599098	-0.21505226501498995	0.16187937629383647	-0.22803006454448668	0.2453872230950547	-0.22634365865860248	0.16915036404579858	-0.111234263506778	0.15135209965012883	-0.1538968190604629	0.14191595328844703	-0.15444317073467725	0.11365148874548145	-0.1509290429015637	0.12950688547735206	-0.12448224637258934	0.14091383266280247	-0.11888101995682306	0.1004441033750827	-0.18114421340577916	0.08530760164607404	-0.1092598453639553
-0.10738377507418398	0.11065006236284289	-0.4305440912287515	1.0000000000000009	-0.705918916384072	0.14572092845351398	-0.12984673800019614	0.2508400915923077	-0.4412791683105826	0.2534808111000482	-0.1204332833645431	0.1471684650955971	-0.16991672001615973	0.19293796344887826	-0.1723398524466565	0.08161806284810384	-0.11236519202749541	0.11731754421197574	-0.11605733934139885	0.13389716193814072	-0.08633809631841134	0.11269051490449727	-0.10246210131733378	0.09954796523246798	-0.1204811008428274	0.08945378904526992	-0.07626097960878889	0.13801080064611226	-0.06671612665071462	0.08500931983386698
0.11078869591175396	-0.11898479907537696	0.2637087881177405	-0.705918916384072	1.0000000000000009	-0.1846976467783855	0.15100960741829753	-0.264711515947386	0.31048883640482233	-0.4117847810711553	0.15288597326336323	-0.18574341216567283	0.19297877097124452	-0.25214211312116347	0.21944544026326504	-0.10850179936174123	0.1447129373176911	-0.1565032247341471	0.15143020527731343	-0.18656914438726696	0.11393080346117258	-0.15221393891937557	0.13600254605581175	-0.1352163524553567	0.1577586954798215	-0.12375412063018873	0.10437289734722426	-0.19584137659572248	0.09262461939938696	-0.11955567402880961
-0.27380121262185037	0.21123612926291038	-0.24168626379051014	0.14572092845351398	-0.1846976467783855	1.0	-0.7176222048356925	0.22767734415277874	-0.19678797539992024	0.1470320913415907	-0.33768115426603706	0.2797770605502466	-0.26411309193528887	0.184400456371819	-0.15508871430964827	0.16004882131201903	-0.19715867158702188	0.1569524036710923	-0.14951412767068686	0.1413536182965659	-0.15806845808724101	0.16702991578758272	-0.14457877706992797	0.12741704164811238	-0.15085207886013585	0.1329014562751621	-0.11384881137892894	0.18252646414030868	-0.08717586412218545	0.10860132522936418
0.19852507254687674	-0.2305158117689622	0.21064806728083274	-0.12984673800019614	0.15100960741829753	-0.7176222048356925	1.0000000000000016	-0.28803572562282237	0.16895056864682167	-0.13214324495652208	0.21282929307969434	-0.46079222833163513	0.24888644423441894	-0.17793184224301667	0.1344796612731011	-0.13079842073002848	0.1830586258323255	-0.14963949552968733	0.13276871437104443	-0.126640072521529	0.12473485765194933	-0.16000664241496212	0.12658352528325367	-0.11438755178468028	0.12817560182674506	-0.11793521307759533	0.10028733094812443	-0.16464359147262733	0.0777738962705058	-0.09777248028999663
-0.1689252699714492	0.16547307933465785	-0.6818055326398077	0.2508400915923077	-0.264711515947386	0.22767734415277874	-0.28803572562282237	1.0000000000000016	-0.34767575986794197	0.2039879239727442	-0.16840314834164694	0.24234273290223915	-0.4049369254880532	0.2289021976772327	-0.17888169034374912	0.10745063194798056	-0.15885206543264851	0.1517005221627357	-0.14492217869046298	0.14749729305422615	-0.11230242646043359	0.14513238936531628	-0.12827307723173167	0.11979738374418603	-0.14158519551810456	0.11014407993800583	-0.09494331330230737	0.16279650776103743	-0.07933515822387865	0.099846808904178
0.11656145139522193	-0.12075994066274341	0.266601738599098	-0.4412791683105826	0.31048883640482233	-0.19678797539992024	0.16895056864682167	-0.34767575986794197	1.0000000000000009	-0.5643554773137038	0.16794844183577376	-0.21104223910348363	0.2354740939036688	-0.3787114042224622	0.28074181200184745	-0.11704316666097242	0.16323426940404592	-0.180102622376528	0.18067150880730337	-0.21860741448214055	0.12428060193644584	-0.16758945754327864	0.1531821217936651	-0.15321837321475043	0.18277136355952764	-0.13194742274994395	0.11254909252895692	-0.2063576333451532	0.10070116991209306	-0.1286790141204805
-0.09570091480332062	0.09385537724238138	-0.21505226501498995	0.2534808111000482	-0.4117847810711553	0.1470320913415907	-0.13214324495652208	0.2039879239727442	-0.5643554773137038	1.0000000000000029	-0.14492327426960272	0.1628052862360881	-0.1997030920193292	0.28304643854304345	-0.5678581013527474	0.09625616614739081	-0.1391605863236143	0.1511624186698846	-0.16763978280929068	0.21672431345106938	-0.10580849998369658	0.13727748765788533	-0.13761497289165506	0.13477586134364192	-0.19657875096208907	0.10611147026479273	-0.09233314210380522	0.16325555196942743	-0.08462534281113775	0.10551103274549221
0.12271597569324044	-0.11908378520816514	0.16187937629383647	-0.1204332833645431	0.15288597326336323	-0.33768115426603706	0.21282929307969434	-0.16840314834164694	0.16794844183577376	-0.14492327426960272	1.000000000000001	-0.27578266484930436	0.20619222813084293	-0.19761944704620246	0.15544475351251352	-0.5877498900150822	0.22276280977395715	-0.2028706715540517	0.17969640840655565	-0.17834389407211013	0.3062350371580112	-0.2609154981334055	0.1977069761474827	-0.18171117161019418	0.18529032566772893	-0.2829602866495817	0.20716933253418565	-0.37413372379033216	0.1513392961913101	-0.19748433045653313
-0.14756650728472437	0.14069981220314062	-0.22803006454448668	0.1471684650955971	-0.18574341216567283	0.2797770605502466	-0.46079222833163513	0.24234273290223915	-0.21104223910348363	0.1628052862360881	-0.27578266484930436	1.0000000000000013	-0.5737663318084487	0.2427121615355314	-0.18747730405029098	0.15618581904638298	-0.3911974732219544	0.21730419735286974	-0.19351346634544697	0.16678828546644173	-0.16277412046992348	0.2254972703828105	-0.17841157463064808	0.15392856978421582	-0.174930910803176	0.1465517577675975	-0.13243523574039934	0.199072052099399	-0.09895250083840579	0.12158256675663139
0.13106967706854034	-0.13466329888270256	0.2453872230950547	-0.16991672001615973	0.19297877097124452	-0.26411309193528887	0.24888644423441894	-0.4049369254880532	0.2354740939036688	-0.1997030920193292	0.20619222813084293	-0.5737663318084487	0.9999999999999998	-0.4598395654617691	0.22103808870207786	-0.14031121545141412	0.23448463777501663	-0.24826753098125512	0.20749669171940885	-0.19323928387337738	0.14393672528298904	-0.21053064251518572	0.1739132514392032	-0.16373673596604404	0.18041694670067826	-0.14575599533687417	0.1264963468856236	-0.21244178098739552	0.10442061752273836	-0.13096952909312976
-0.11356936789822657	0.10906682717330317	-0.22634365865860248	0.19293796344887826	-0.25214211312116347	0.184400456371819	-0.17793184224301667	0.2289021976772327	-0.3787114042224622	0.28304643854304345	-0.19761944704620246	0.2427121615355314	-0.4598395654617691	1.0000000000000018	-0.5386795622082986	0.12669862547494054	-0.2085715871894258	0.22998335428905173	-0.3304164458721724	0.25558684511029667	-0.14164920459163266	0.18631258548908894	-0.19439203457029014	0.18860544004182683	-0.2480094000226071	0.1353655663844201	-0.12074576465706913	0.2016030632306127	-0.11042467737901436	0.13382455343098923
0.08877444902237532	-0.08811718578649748	0.16915036404579858	-0.1723398524466565	0.21944544026326504	-0.15508871430964827	0.1344796612731011	-0.17888169034374912	0.28074181200184745	-0.5678581013527474	0.15544475351251352	-0.18747730405029098	0.22103808870207786	-0.5386795622082986	1.0000000000000002	-0.10715293464340608	0.16008449994567603	-0.19048205943977178	0.21474634306694337	-0.41090991343757505	0.11758468146578646	-0.16179043053624456	0.16181878203697447	-0.16913048788545285	0.2379357687970725	-0.12233931964700376	0.10657661567892768	-0.19172508354331128	0.10121266186459034	-0.12706127790598543
-0.07879350438848855	0.07279736585451152	-0.111234263506778	0.08161806284810384	-0.10850179936174123	0.16004882131201903	-0.13079842073002848	0.10745063194798056	-0.11704316666097242	0.09625616614739081	-0.5877498900150822	0.15618581904638298	-0.14031121545141412	0.12669862547494054	-0.10715293464340608	1.0000000000000013	-0.18916278945353351	0.14003149830932457	-0.12859392757158938	0.11784843412469011	-0.6872709709207033	0.19762854628122478	-0.14716252559672124	0.12298124065680646	-0.13262888443329698	0.21623791883442292	-0.17202547767617327	0.2198317704986793	-0.09494023032813231	0.1177551007986049
0.09815298191983153	-0.09557612843105484	0.15135209965012883	-0.11236519202749541	0.1447129373176911	-0.19715867158702188	0.1830586258323255	-0.15885206543264851	0.16323426940404592	-0.1391605863236143	0.22276280977395715	-0.3911974732219544	0.23448463777501663	-0.2085715871894258	0.16008449994567603	-0.18916278945353351	1.0000000000000033	-0.47048088636851243	0.2520709181326532	-0.19139833225688524	0.19887666362014764	-0.5996229954101787	0.2551962830498046	-0.21503434441531766	0.19596627638467806	-0.20867460812706407	0.1973800248518305	-0.2529127428686756	0.12654798285524776	-0.15371260458945052
-0.0907151728108834	0.08573853363610294	-0.1538968190604629	0.11731754421197574	-0.1565032247341471	0.1569524036710923	-0.14963949552968733	0.1517005221627357	-0.180102622376528	0.1511624186698846	-0.2028706715540517	0.21730419735286974	-0.24826753098125512	0.22998335428905173	-0.19048205943977178	0.14003149830932457	-0.47048088636851243	1.000000000000002	-0.6319043038992398	0.2330695131071394	-0.1655036241839512	0.2686714153090937	-0.36552590928029244	0.26537087727993597	-0.2552554190786044	0.15515472552681117	-0.14972194223763421	0.21903371714578362	-0.1341802964533592	0.15355926006844492
0.08337499671185432	-0.08038321631770737	0.14191595328844703	-0.11605733934139885	0.15143020527731343	-0.14951412767068686	0.13276871437104443	-0.14492217869046298	0.18067150880730337	-0.16763978280929068	0.17969640840655565	-0.19351346634544697	0.20749669171940885	-0.3304164458721724	0.21474634306694337	-0.12859392757158938	0.2520709181326532	-0.6319043038992398	1.0000000000000036	-0.37248024301825744	0.14744824147887567	-0.24572436743860118	0.2814639234708846	-0.4114810065288668	0.27392369532009636	-0.1525289619417091	0.13984770071976793	-0.2337628100177851	0.15361376700802398	-0.18154688861565738
-0.08555190745645315	0.08125194444949511	-0.15444317073467725	0.13389716193814072	-0.18656914438726696	0.1413536182965659	-0.126640072521529	0.14749729305422615	-0.21860741448214055	0.21672431345106938	-0.17834389407211013	0.16678828546644173	-0.19323928387337738	0.25558684511029667	-0.41090991343757505	0.11784843412469011	-0.19139833225688524	0.2330695131071394	-0.37248024301825744	1.0000000000000042	-0.13819850753845264	0.18555746752815475	-0.23865387962038956	0.24967686526951718	-0.6798866937055664	0.13431609423464475	-0.12225015065600618	0.20967300237024378	-0.13286831852446054	0.15680009077296528
0.07757286911309348	-0.07382031259148229	0.11365148874548145	-0.08633809631841134	0.11393080346117258	-0.15806845808724101	0.12473485765194933	-0.11230242646043359	0.12428060193644584	-0.10580849998369658	0.3062350371580112	-0.16277412046992348	0.14393672528298904	-0.14164920459163266	0.11758468146578646	-0.6872709709207033	0.19887666362014764	-0.1655036241839512	0.14744824147887567	-0.13819850753845264	1.0000000000000036	-0.2934532811502089	0.17759026221315338	-0.15235800432899874	0.15282908592090605	-0.407330926278025	0.2388888718801421	-0.31984349903243076	0.12647639003301175	-0.1593166479116886
-0.09508294119897531	0.0887299769869574	-0.1509290429015637	0.11269051490449727	-0.15221393891937557	0.16702991578758272	-0.16000664241496212	0.14513238936531628	-0.16758945754327864	0.13727748765788533	-0.2609154981334055	0.2254972703828105	-0.21053064251518572	0.18631258548908894	-0.16179043053624456	0.19762854628122478	-0.5996229954101787	0.2686714153090937	-0.24572436743860118	0.18555746752815475	-0.2934532811502089	1.0000000000000009	-0.40858092273894764	0.23202924487591287	-0.22466742460717318	0.25295131579530195	-0.3600342194811733	0.2717890344414975	-0.14015080230424942	0.1599954451569992
0.08007662884979329	-0.07637339414433618	0.12950688547735206	-0.10246210131733378	0.13600254605581175	-0.14457877706992797	0.12658352528325367	-0.12827307723173167	0.1531821217936651	-0.13761497289165506	0.1977069761474827	-0.17841157463064808	0.1739132514392032	-0.19439203457029014	0.16181878203697447	-0.14716252559672124	0.2551962830498046	-0.36552590928029244	0.2814639234708846	-0.23865387962038956	0.17759026221315338	-0.40858092273894764	1.0000000000000024	-0.6391344776916031	0.2608717914571631	-0.1963721693453533	0.18730042097669908	-0.32564409186139387	0.20908176387720306	-0.24711525244078708
-0.0744603268282383	0.07012595943959181	-0.12448224637258934	0.09954796523246798	-0.1352163524553567	0.12741704164811238	-0.11438755178468028	0.11979738374418603	-0.15321837321475043	0.13477586134364192	-0.18171117161019418	0.15392856978421582	-0.16373673596604404	0.18860544004182683	-0.16913048788545285	0.12298124065680646	-0.21503434441531766	0.26537087727993597	-0.4114810065288668	0.24967686526951718	-0.15235800432899874	0.23202924487591287	-0.6391344776916031	1.0000000000000022	-0.4126024003709365	0.14818087771068947	-0.14589686752183464	0.2457838114858328	-0.30400300917122003	0.2386322195106247
0.0839125944784078	-0.08124772923460666	0.14091383266280247	-0.1204811008428274	0.1577586954798215	-0.15085207886013585	0.12817560182674506	-0.14158519551810456	0.18277136355952764	-0.19657875096208907	0.18529032566772893	-0.174930910803176	0.18041694670067826	-0.2480094000226071	0.2379357687970725	-0.13262888443329698	0.19596627638467806	-0.2552554190786044	0.27392369532009636	-0.6798866937055664	0.15282908592090605	-0.22466742460717318	0.2608717914571631	-0.4126024003709365	1.0000000000000013	-0.16850727904513485	0.14978893261471588	-0.28911520769944976	0.18250546020436825	-0.23671189329944944
-0.07670071618833718	0.07026952656398296	-0.11888101995682306	0.08945378904526992	-0.12375412063018873	0.1329014562751621	-0.11793521307759533	0.11014407993800583	-0.13194742274994395	0.10611147026479273	-0.2829602866495817	0.1465517577675975	-0.14575599533687417	0.1353655663844201	-0.12233931964700376	0.21623791883442292	-0.20867460812706407	0.15515472552681117	-0.1525289619417091	0.13431609423464475	-0.407330926278025	0.25295131579530195	-0.1963721693453533	0.14818087771068947	-0.16850727904513485	1.0000000000000016	-0.7382922048786598	0.2830877997977881	-0.12387135641328073	0.1351252236090194
0.06431485484575297	-0.059710003291433694	0.1004441033750827	-0.07626097960878889	0.10437289734722426	-0.11384881137892894	0.10028733094812443	-0.09494331330230737	0.11254909252895692	-0.09233314210380522	0.20716933253418565	-0.13243523574039934	0.1264963468856236	-0.12074576465706913	0.10657661567892768	-0.17202547767617327	0.1973800248518305	-0.14972194223763421	0.13984770071976793	-0.12225015065600618	0.2388888718801421	-0.3600342194811733	0.18730042097669908	-0.14589686752183464	0.14978893261471588	-0.7382922048786598	1.0000000000000027	-0.44253438656793037	0.13438490686878354	-0.1487689329405179
-0.11286408089260234	0.10218900267277747	-0.18114421340577916	0.13801080064611226	-0.19584137659572248	0.18252646414030868	-0.16464359147262733	0.16279650776103743	-0.2063576333451532	0.16325555196942743	-0.37413372379033216	0.199072052099399	-0.21244178098739552	0.2016030632306127	-0.19172508354331128	0.2198317704986793	-0.2529127428686756	0.21903371714578362	-0.2337628100177851	0.20967300237024378	-0.31984349903243076	0.2717890344414975	-0.32564409186139387	0.2457838114858328	-0.28911520769944976	0.2830877997977881	-0.44253438656793037	1.0000000000000024	-0.357893595517522	0.2622052415612449
0.05232782725826517	-0.0483255731317738	0.08530760164607404	-0.06671612665071462	0.09262461939938696	-0.08717586412218545	0.0777738962705058	-0.07933515822387865	0.10070116991209306	-0.08462534281113775	0.1513392961913101	-0.09895250083840579	0.10442061752273836	-0.11042467737901436	0.10121266186459034	-0.09494023032813231	0.12654798285524776	-0.1341802964533592	0.15361376700802398	-0.13286831852446054	0.12647639003301175	-0.14015080230424942	0.20908176387720306	-0.30400300917122003	0.18250546020436825	-0.12387135641328073	0.13438490686878354	-0.357893595517522	1.0000000000000027	-0.8348551085543414
-0.06676506752408709	0.06112636089218543	-0.1092598453639553	0.08500931983386698	-0.11955567402880961	0.10860132522936418	-0.09777248028999663	0.099846808904178	-0.1286790141204805	0.10551103274549221	-0.19748433045653313	0.12158256675663139	-0.13096952909312976	0.13382455343098923	-0.12706127790598543	0.1177551007986049	-0.15371260458945052	0.15355926006844492	-0.18154688861565738	0.15680009077296528	-0.1593166479116886	0.1599954451569992	-0.24711525244078708	0.2386322195106247	-0.23671189329944944	0.1351252236090194	-0.1487689329405179	0.2622052415612449	-0.8348551085543414	1.0000000000000027
