1.0	-0.7840764323675722	0.19734548881503355	-0.1758124256641822	0.13979044119300899	-0.3179122732856498	0.2948327462324478	-0.2003762701583154	0.14551630044351685	-0.11210350249785597	0.1939347032231272	-0.26182598933580165	0.1799033594232848	-0.13255106666953734	0.10178424968279418	-0.21679234070294223	0.18292809610150715	-0.1813171401707818	0.14157732586984617	-0.18026145589666184	0.0698380404329207	-0.08788246645414872	0.06790695739208509	-0.08613266725167554	0.11571401848007574	-0.05501250471011418	0.09166848517319359	-0.06159929362137418	0.11829731549675704	-0.05418508047062662	0.055939040024754035	-0.05527996469825332	0.09731290644532518	-0.07615509793355492	0.04316725773546288	-0.049587164333403856	0.048096292424155605	-0.04786075553558528	0.0517815313982122	-0.06785152304700488	0.036549362061140386	-0.03828068308643118	0.050796796138932475	-0.043982030897875696	0.03792705702631696
-0.7840764323675722	1.0000000000000002	-0.19024936616351912	0.13737507886665046	-0.1144769651974549	0.2147509978166738	-0.4800238114784186	0.1792101555296116	-0.13081566914403608	0.09091852893707142	-0.16308769459921493	0.22097532482941298	-0.1659464675567319	0.11008802397466892	-0.08421793062111786	0.16120996213244732	-0.16269980316377802	0.14561606332395255	-0.11946228933902958	0.13897650567559797	-0.05831062142856844	0.07336420207383432	-0.05582444452583405	0.07072018066813489	-0.095135802170688	0.04531308412673808	-0.07779696523938534	0.05021183151144611	-0.09706721946677986	0.04309248535683786	-0.04584345043228204	0.045047339509991104	-0.07772524532796474	0.05986299610249891	-0.03441178011284835	0.039964137197549016	-0.03891763987645754	0.03811614868256402	-0.041002809316549746	0.05348795631172066	-0.029471736688747807	0.030798024235915405	-0.040508519943001725	0.03474390860303881	-0.0300347208431197
0.19734548881503355	-0.19024936616351912	1.0000000000000004	-0.5135777509721299	0.2935143085227438	-0.22029175755549785	0.22689626271272448	-0.43213734426211314	0.26530016341753704	-0.2229608265433535	0.16615950771913443	-0.23019339473656975	0.25911216913853785	-0.24294799443896167	0.1945495863375829	-0.21126873285155878	0.19536644009129636	-0.2987437269901427	0.2453040327001139	-0.38180346496041384	0.09779293280441147	-0.11233313611958182	0.11283552862420583	-0.1551352311811435	0.2108910032159045	-0.0780779739180099	0.1211866856558693	-0.10239868515200282	0.21415021305957574	-0.10031556835273428	0.08567160639500775	-0.0851124672243343	0.1779749794595035	-0.14112660085228598	0.07973320539000221	-0.07933974781432743	0.07818206682861172	-0.08499554582412826	0.09468164442700562	-0.12575007291441018	0.06014253023379923	-0.06300643837545183	0.09059032999360965	-0.08063342123317993	0.06957954680735237
-0.1758124256641822	0.13737507886665046	-0.5135777509721299	1.0000000000000004	-0.6247947112046601	0.15867697585662183	-0.18290812669664683	0.23532402632420432	-0.3000609115583615	0.233336974725	-0.130979038319947	0.17113219637072524	-0.2123591581012321	0.22039516991107333	-0.21577429938392798	0.15734289220822262	-0.16593318429210274	0.2219323762325222	-0.23724265343347528	0.2954832797828899	-0.0904757978460155	0.09927463804213608	-0.1118582780811909	0.15470736266115973	-0.22342050019274073	0.07106269843162329	-0.11135012309051902	0.09856819965276513	-0.22737197784605662	0.09221925880607008	-0.0798259917441915	0.07839780975690189	-0.17283734447134588	0.12271280498689983	-0.07471973795160618	0.07229586987948143	-0.07247805077409578	0.07801291168875889	-0.08556271327646724	0.11092502986509108	-0.0557099006856748	0.05785728381581261	-0.08421700779314757	0.07179589247947832	-0.0630372790831622
0.13979044119300899	-0.1144769651974549	0.2935143085227438	-0.6247947112046601	1.0000000000000007	-0.1455646647799744	0.15103176722701747	-0.19936686325334488	0.23543098455598035	-0.4036748471918371	0.11538575429104742	-0.151186526787344	0.17994489215558504	-0.2301899948754174	0.2501722003334585	-0.14630891513888403	0.1445322391057336	-0.2175636383239525	0.2199484607893444	-0.42513729740466566	0.08136624748109685	-0.08918796939247682	0.10006167905307914	-0.14275674757479373	0.19963689535417162	-0.0647398961986206	0.09882256447201587	-0.08987055844689973	0.20059983784415675	-0.09050007694661578	0.07340383466303955	-0.0727176068527356	0.16249068318792734	-0.12532052242421135	0.07227527789623486	-0.06823780782120874	0.06804597907561438	-0.07568200114168079	0.08464536937208421	-0.11210551181175704	0.05248389700739084	-0.05483241721509895	0.08105743568854817	-0.07183867288847867	0.06229757192072344
-0.3179122732856498	0.2147509978166738	-0.22029175755549785	0.15867697585662183	-0.1455646647799744	1.0000000000000018	-0.3655527719975538	0.1927905873179181	-0.1552963541603764	0.1091001659112707	-0.7034717539368267	0.282232174524809	-0.2105689113471346	0.1318727214446262	-0.10308246531600956	0.28711183492306047	-0.30059746526549813	0.1799840419500847	-0.15400682552458758	0.16608995972109142	-0.09755433488234833	0.12260673016879309	-0.07978289593130349	0.09353918025484859	-0.12751663167019206	0.07359519157766015	-0.13548216288968862	0.07088795189865796	-0.13163952809745266	0.05785569295752698	-0.07257691113967261	0.07027727728234778	-0.10927807678112739	0.08096163000559096	-0.04645375850491797	0.06038257573870622	-0.0589376698026999	0.053908919689526665	-0.05638302221300782	0.07218252765680348	-0.04414482139744473	0.045885565950046725	-0.057262366262307046	0.047528803606770344	-0.04111645300892791
0.2948327462324478	-0.4800238114784186	0.22689626271272448	-0.18290812669664683	0.15103176722701747	-0.3655527719975538	1.0000000000000018	-0.36749000030935797	0.18986771134272587	-0.12881323439570308	0.24043199853186292	-0.5353780748108711	0.261758567658302	-0.16409153351477015	0.1174307139010629	-0.24457739697475467	0.23024510233393236	-0.22207910453051757	0.1674249760551011	-0.18821790156333704	0.07814451185386041	-0.102790888972554	0.07524501640364457	-0.095960503101037	0.1264393490759201	-0.061134112867589685	0.10458838946936	-0.06809836384291335	0.12859421493768855	-0.05708514332201634	0.060965532305196496	-0.060178966375407775	0.10173459960341066	-0.07904955377009627	0.04548254557459859	-0.05321889649464442	0.05160264627853116	-0.05029522237369687	0.05407441050693728	-0.07069666835263204	0.03904596004551999	-0.040879208461259385	0.05337053151766321	-0.045872487118363135	0.03962431584067248
-0.2003762701583154	0.1792101555296116	-0.43213734426211314	0.23532402632420432	-0.19936686325334488	0.1927905873179181	-0.36749000030935797	1.0000000000000018	-0.4751442900954264	0.18249233615612798	-0.16324289187825874	0.2602207071606949	-0.5238821982811068	0.25130224477926105	-0.17277270361711716	0.17468104767969506	-0.18717233583405565	0.27135935384666654	-0.24067530332777778	0.22917025865536916	-0.07431577291591979	0.09096550958440985	-0.08610099853501116	0.12254827655796786	-0.15915665511015695	0.05813740899105426	-0.09685877814007156	0.07724108127670792	-0.1585755544028943	0.06591318081217332	-0.060783723789359555	0.0599296642903687	-0.1128470250816814	0.08775083216534092	-0.05249747493590823	0.05409502938707559	-0.05315455170758427	0.05465105592243798	-0.060017970335363977	0.07928569080771888	-0.04049659932849226	0.04233605188077879	-0.05831625337459291	0.05088667101166723	-0.04422782841858573
0.14551630044351685	-0.13081566914403608	0.26530016341753704	-0.3000609115583615	0.23543098455598035	-0.1552963541603764	0.18986771134272587	-0.4751442900954264	1.0	-0.33974837326531687	0.12420040590026635	-0.18712955346536952	0.2527257848407456	-0.6033743602047407	0.26281630842981285	-0.1476969332665256	0.1484706594429535	-0.2742185982758131	0.26363567442078	-0.2768274866145759	0.06797207450479212	-0.08058266322898248	0.085675782403875	-0.13426482207741133	0.16584722359612064	-0.05370323004457724	0.08631574669257105	-0.07808470880746195	0.16334930036140496	-0.06818944339985815	0.05765791762740781	-0.05704264007292583	0.11405051579416844	-0.0896322599635564	0.05406603579924154	-0.05232353907530232	0.05162594849654172	-0.05489660735533222	0.06105025676518933	-0.08133555224978127	0.03953631503519319	-0.04136343155736551	0.058668363087247946	-0.05184889863301195	0.0451117643136771
-0.11210350249785597	0.09091852893707142	-0.2229608265433535	0.233336974725	-0.4036748471918371	0.1091001659112707	-0.12881323439570308	0.18249233615612798	-0.33974837326531687	1.000000000000002	-0.09025310008915777	0.12360432607945261	-0.16790236564742353	0.27651482625718776	-0.738872717244184	0.10775487916410213	-0.11295559929095486	0.1783832567481668	-0.21736676276783357	0.26601014612743545	-0.05731469416706149	0.06514015533980567	-0.07537940193946226	0.11595644685377712	-0.15705053021218052	0.04514653767042578	-0.07163373501943414	0.06740438043946514	-0.15346742511722353	0.06078249799046804	-0.04974169522029157	0.049058298510911175	-0.10347922790653942	0.07865442720297919	-0.04869810127584272	0.04523096591680976	-0.04503975782223479	0.048609379840635826	-0.054117581147124644	0.07160574340966783	-0.034572648863843966	0.03606583290328114	-0.0522248197470081	0.04572960580162023	-0.04004054740538618
0.1939347032231272	-0.16308769459921493	0.16615950771913443	-0.130979038319947	0.11538575429104742	-0.7034717539368267	0.24043199853186292	-0.16324289187825874	0.12420040590026635	-0.09025310008915777	1.000000000000002	-0.3662050212893174	0.18188050080861548	-0.11079958870037078	0.08419843517028154	-0.49097461457743574	0.2701848815402633	-0.16283998422803164	0.12586797025398472	-0.1392546943198011	0.0803303691694988	-0.10777448788107154	0.06518482133995013	-0.07561835124036169	0.10134153052445	-0.061450107571956555	0.11172097045569741	-0.05856607836122725	0.10459401213564704	-0.04703723923994918	0.059251405608478365	-0.05794633851648911	0.08750374262272556	-0.0663148128182956	0.03762587495183524	-0.04972342154852421	0.0480856569111441	-0.043850131389469214	0.04588330742248675	-0.05901638663398673	0.03600698570382111	-0.0375888990694036	0.04640814317019926	-0.03879858488672295	0.03345506330971357
-0.26182598933580165	0.22097532482941298	-0.23019339473656975	0.17113219637072524	-0.151186526787344	0.282232174524809	-0.5353780748108711	0.2602207071606949	-0.18712955346536952	0.12360432607945261	-0.3662050212893174	0.9999999999999967	-0.44803170280428317	0.1606119249532788	-0.11738311301050565	0.2746784931330643	-0.4105543097410716	0.23772538886665187	-0.18221534634572062	0.181299069277912	-0.09465003354769705	0.13083063257058677	-0.08311944245433198	0.10088812618771639	-0.13294269108200726	0.07216285462853282	-0.1326639152583883	0.07427371130538155	-0.13564657411781156	0.058966177286864804	-0.0696864006933784	0.06841264507164538	-0.1062529478651577	0.0813984754100868	-0.04708262467484484	0.058801492586933304	-0.05704737109774156	0.05309764436977573	-0.0561757723059346	0.07283373314123852	-0.04275482318816869	0.04469752481792533	-0.056258765239506126	0.04755137012337736	-0.04108976047272281
0.1799033594232848	-0.1659464675567319	0.25911216913853785	-0.2123591581012321	0.17994489215558504	-0.2105689113471346	0.261758567658302	-0.5238821982811068	0.2527257848407456	-0.16790236564742353	0.18188050080861548	-0.44803170280428317	1.0000000000000024	-0.25866376040654004	0.15669021029380364	-0.20206921420746063	0.21239137536768252	-0.5211754401345193	0.25194920836585083	-0.23157185507449068	0.07801637257977209	-0.10028462994277342	0.09170041814261501	-0.12635256854408736	0.1574689389206521	-0.0612545381969756	0.10281911847796023	-0.08301005324796117	0.15733387454628053	-0.06618551200807848	0.0626466656215197	-0.061969635736950954	0.11189847971147898	-0.08814413020714242	0.052491804165264194	-0.05553369113638692	0.054239360254315125	-0.05495901008808649	0.06016858419187925	-0.07966934539274889	0.04122670392879873	-0.043178833519042885	0.05848837900078787	-0.051107704632681314	0.044330544058227325
-0.13255106666953734	0.11008802397466892	-0.24294799443896167	0.22039516991107333	-0.2301899948754174	0.1318727214446262	-0.16409153351477015	0.25130224477926105	-0.6033743602047407	0.27651482625718776	-0.11079958870037078	0.1606119249532788	-0.25866376040654004	0.9999999999999988	-0.43620806085362035	0.1292681051078651	-0.13757358818825113	0.2552837624228803	-0.44870433434860696	0.26281147653467435	-0.06403808678905315	0.0752989224110272	-0.08700817107079807	0.15420302433891164	-0.18402382654731786	0.05039779892576515	-0.08143219821904146	0.07886408410447407	-0.17609032020943288	0.06742908957300343	-0.05437164426290279	0.05370454772798028	-0.10818479055811123	0.08502297663471525	-0.05343531820500476	0.04922770054901838	-0.048755131881793645	0.05209697561554703	-0.05825027993401688	0.07793584805924018	-0.037333469151584094	0.039034293275276945	-0.055800601101472225	0.04940372823656511	-0.043206170654495654
0.10178424968279418	-0.08421793062111786	0.1945495863375829	-0.21577429938392798	0.2501722003334585	-0.10308246531600956	0.1174307139010629	-0.17277270361711716	0.26281630842981285	-0.738872717244184	0.08419843517028154	-0.11738311301050565	0.15669021029380364	-0.43620806085362035	0.9999999999999953	-0.1020787661159736	0.10511008019817582	-0.18254575097268638	0.2156557437870404	-0.3557699996916466	0.053337825975817085	-0.06094826499013201	0.0708065800080321	-0.11375927060232535	0.14771752872439023	-0.04213908347140123	0.06659308188136434	-0.06396241007976676	0.14273246265365086	-0.05756382477823405	0.04637133088994818	-0.045819826270267386	0.09640815814647581	-0.07442356487570674	0.04587923358491639	-0.04234042525639026	0.042095457429542224	-0.04562759929690546	0.05097902065624287	-0.06781392562776144	0.0323275405556491	-0.03376382740690668	0.048955736337607955	-0.043175325622733414	0.0377413780244468
-0.21679234070294223	0.16120996213244732	-0.21126873285155878	0.15734289220822262	-0.14630891513888403	0.28711183492306047	-0.24457739697475467	0.17468104767969506	-0.1476969332665256	0.10775487916410213	-0.49097461457743574	0.2746784931330643	-0.20206921420746063	0.1292681051078651	-0.1020787661159736	0.9999999999999923	-0.6591678076915681	0.1879400957490147	-0.1573471286501845	0.16880085852706433	-0.14305680224527104	0.1926693989082747	-0.09550512592811289	0.09861057878587359	-0.13407463452914417	0.10489112523617289	-0.2101648623783677	0.08442949136937457	-0.14065428958896034	0.06410617002515126	-0.09821507373304149	0.09465076069674286	-0.12558411132515723	0.09221485663098719	-0.05150281554926795	0.07802718125275361	-0.07582125895996711	0.0639260048876614	-0.06474586699601476	0.08162323199753657	-0.055941931556680285	0.05811525114594182	-0.067473065705201	0.05452147450677196	-0.04692014442841949
0.18292809610150715	-0.16269980316377802	0.19536644009129636	-0.16593318429210274	0.1445322391057336	-0.30059746526549813	0.23024510233393236	-0.18717233583405565	0.1484706594429535	-0.11295559929095486	0.2701848815402633	-0.4105543097410716	0.21239137536768252	-0.13757358818825113	0.10511008019817582	-0.6591678076915681	0.9999999999999962	-0.23592152079726558	0.1626706854765853	-0.18287140475187794	0.1507244047070744	-0.31936570041088264	0.10303234619319562	-0.10088579141635301	0.13271695615332066	-0.11928093483039678	0.21618047412120128	-0.09461150922909133	0.13968120017306465	-0.06702714821897086	0.10219894825410263	-0.1030364083698627	0.1262381609707537	-0.09804622785867394	0.053432000034548566	-0.0846157872453265	0.07941287502246716	-0.06691999926939046	0.0677704161323267	-0.08641131231249996	0.05871449591264988	-0.06203533666498787	0.06989122451472476	-0.057518308861020155	0.049119929770933754
-0.1813171401707818	0.14561606332395255	-0.2987437269901427	0.2219323762325222	-0.2175636383239525	0.1799840419500847	-0.22207910453051757	0.27135935384666654	-0.2742185982758131	0.1783832567481668	-0.16283998422803164	0.23772538886665187	-0.5211754401345193	0.2552837624228803	-0.18254575097268638	0.1879400957490147	-0.23592152079726558	0.9999999999999905	-0.5616784099527901	0.2662451705588459	-0.09122277024716566	0.1125697709866679	-0.140019795707115	0.19687272134678482	-0.23988900369526722	0.07090984875582368	-0.11999901546423695	0.1189129963962808	-0.2346899518317421	0.0861689417912973	-0.07401271096576326	0.07287569296897703	-0.13657620599637563	0.10724006067008772	-0.06842666707376668	0.06551003189192281	-0.06462409765633734	0.06668835489395283	-0.07390519523699224	0.09856488637380416	-0.04917252191402772	0.051402761307709384	-0.07132455991837174	0.06260554556649851	-0.05481412556242783
0.14157732586984617	-0.11946228933902958	0.2453040327001139	-0.23724265343347528	0.2199484607893444	-0.15400682552458758	0.1674249760551011	-0.24067530332777778	0.26363567442078	-0.21736676276783357	0.12586797025398472	-0.18221534634572062	0.25194920836585083	-0.44870433434860696	0.2156557437870404	-0.1573471286501845	0.1626706854765853	-0.5616784099527901	0.9999999999999921	-0.38894425790699727	0.07935194790312022	-0.09414476953719758	0.12216772868799798	-0.3380359464652364	0.2572044048766537	-0.06303112515637908	0.10009955411391909	-0.11582461814809518	0.24235689420033527	-0.09454330966725943	0.06830891666412484	-0.06787602985459121	0.13788037136606002	-0.11455113681407567	0.07304830069788915	-0.06284023712973547	0.06214721895825985	-0.06810689247015826	0.07755553200610027	-0.10636926632502368	0.047700658329884384	-0.050065989206471595	0.07273801118894492	-0.06629488836187077	0.05785213266476147
-0.18026145589666184	0.13897650567559797	-0.38180346496041384	0.2954832797828899	-0.42513729740466566	0.16608995972109142	-0.18821790156333704	0.22917025865536916	-0.2768274866145759	0.26601014612743545	-0.1392546943198011	0.181299069277912	-0.23157185507449068	0.26281147653467435	-0.3557699996916466	0.16880085852706433	-0.18287140475187794	0.2662451705588459	-0.38894425790699727	0.999999999999992	-0.10488055575081479	0.11478467279610094	-0.15116810935875516	0.2328843331757972	-0.3621583711119881	0.08234261947025069	-0.12893104525012278	0.13248190406218652	-0.33057276366146543	0.11899475002111065	-0.09301043038152844	0.09139809736475174	-0.203495753062389	0.14620666860231332	-0.09681011997858054	0.0843641589840734	-0.08496873853626905	0.09262750502789895	-0.10303142224606195	0.13489270771519235	-0.06535112787395139	0.06788626920137114	-0.10041960737405735	0.08625483014891569	-0.07656948938880018
0.0698380404329207	-0.05831062142856844	0.09779293280441147	-0.0904757978460155	0.08136624748109685	-0.09755433488234833	0.07814451185386041	-0.07431577291591979	0.06797207450479212	-0.05731469416706149	0.0803303691694988	-0.09465003354769705	0.07801637257977209	-0.06403808678905315	0.053337825975817085	-0.14305680224527104	0.1507244047070744	-0.09122277024716566	0.07935194790312022	-0.10488055575081479	0.999999999999988	-0.40706144561068086	0.0930793801045645	-0.06481374265664724	0.08742729693345874	-0.7450735250907513	0.282671214825285	-0.08873081780056967	0.09954305108098889	-0.06963076683486244	0.2603891146973822	-0.25496207632769474	0.15369572491213143	-0.12269465028549748	0.05583380044617334	-0.20230512791575614	0.1563231306994184	-0.10114371349151084	0.08698902608145631	-0.10337131439693228	0.11507669343705931	-0.12841958139816237	0.10088695213659564	-0.07430510955357494	0.06114291697274789
-0.08788246645414872	0.07336420207383432	-0.11233313611958182	0.09927463804213608	-0.08918796939247682	0.12260673016879309	-0.102790888972554	0.09096550958440985	-0.08058266322898248	0.06514015533980567	-0.10777448788107154	0.13083063257058677	-0.10028462994277342	0.0752989224110272	-0.06094826499013201	0.1926693989082747	-0.31936570041088264	0.1125697709866679	-0.09414476953719758	0.11478467279610094	-0.40706144561068086	0.9999999999999913	-0.16308610652725597	0.07516432396615941	-0.09682521361968763	0.246105827533444	-0.7450955870824387	0.1298939361171715	-0.11281810281864499	0.06214948881055967	-0.18552477868786313	0.18307145611498807	-0.13405540148407252	0.09981402591046135	-0.04965991855725953	0.12781870925105343	-0.12272626828240565	0.07927676045090933	-0.07138580447288803	0.08598843510085522	-0.08447736454666561	0.08931944882999736	-0.08087633337466012	0.0603113281991814	-0.050581230339018214
0.06790695739208509	-0.05582444452583405	0.11283552862420583	-0.1118582780811909	0.10006167905307914	-0.07978289593130349	0.07524501640364457	-0.08610099853501116	0.085675782403875	-0.07537940193946226	0.06518482133995013	-0.08311944245433198	0.09170041814261501	-0.08700817107079807	0.0708065800080321	-0.09550512592811289	0.10303234619319562	-0.140019795707115	0.12216772868799798	-0.15116810935875516	0.0930793801045645	-0.16308610652725597	0.9999999999999917	-0.1620476666026378	0.1492545361787221	-0.07381960493651941	0.13222995302050897	-0.9012915946933607	0.21914040155069586	-0.0819561323199005	0.06919226432365301	-0.07028166228107682	0.11165165788569546	-0.09842304610246375	0.06158801424400096	-0.06084228662343536	0.05857284060312427	-0.05908061005749293	0.06571189708918089	-0.09172074866297888	0.04397920994431654	-0.046746814655442274	0.06159975017819619	-0.05687598790735325	0.04899594088039924
-0.08613266725167554	0.07072018066813489	-0.1551352311811435	0.15470736266115973	-0.14275674757479373	0.09353918025484859	-0.095960503101037	0.12254827655796786	-0.13426482207741133	0.11595644685377712	-0.07561835124036169	0.10088812618771639	-0.12635256854408736	0.15420302433891164	-0.11375927060232535	0.09861057878587359	-0.10088579141635301	0.19687272134678482	-0.3380359464652364	0.2328843331757972	-0.06481374265664724	0.07516432396615941	-0.1620476666026378	0.99999999999999	-0.6734139038796201	0.05205988838955393	-0.08008100634911929	0.15200712503579805	-0.554097000718695	0.12010702793289976	-0.05843664964942549	0.05862540922112076	-0.12609291908231726	0.11663040964874423	-0.09035477659521365	0.05564722668128975	-0.05554664221762927	0.06552298305055707	-0.07883235114708353	0.1138913604484446	-0.042897651928998526	0.04530978224637797	-0.07013417490967025	0.06778572990967963	-0.06011486954146286
0.11571401848007574	-0.095135802170688	0.2108910032159045	-0.22342050019274073	0.19963689535417162	-0.12751663167019206	0.1264393490759201	-0.15915665511015695	0.16584722359612064	-0.15705053021218052	0.10134153052445	-0.13294269108200726	0.1574689389206521	-0.18402382654731786	0.14771752872439023	-0.13407463452914417	0.13271695615332066	-0.23988900369526722	0.2572044048766537	-0.3621583711119881	0.08742729693345874	-0.09682521361968763	0.1492545361787221	-0.6734139038796201	0.9999999999999915	-0.07105076370347849	0.10456941109549647	-0.15545302363906632	0.3207046710082169	-0.168276687626383	0.08192592295651772	-0.08253114361100174	0.18391734630511963	-0.1788223131884914	0.11943744715655055	-0.07992075568164023	0.07970018621479476	-0.09690393024859444	0.11718113323443399	-0.17276700836077818	0.06183035869336448	-0.06550276687535234	0.10294261789356593	-0.10245936649478812	0.08897395646404882
-0.05501250471011418	0.04531308412673808	-0.0780779739180099	0.07106269843162329	-0.0647398961986206	0.07359519157766015	-0.061134112867589685	0.05813740899105426	-0.05370323004457724	0.04514653767042578	-0.061450107571956555	0.07216285462853282	-0.0612545381969756	0.05039779892576515	-0.04213908347140123	0.10489112523617289	-0.11928093483039678	0.07090984875582368	-0.06303112515637908	0.08234261947025069	-0.7450735250907513	0.246105827533444	-0.07381960493651941	0.05205988838955393	-0.07105076370347849	0.9999999999999893	-0.3369529195528104	0.06785171201461744	-0.08109551347854786	0.05697051116444003	-0.4465022765753098	0.23755126840561797	-0.14210607772656467	0.10146569664564908	-0.04606441738272101	0.1780483977552641	-0.154988375637336	0.08949107034793168	-0.07466842424186997	0.08543603951031539	-0.11019102708210483	0.11383570274388732	-0.0907712728217125	0.0627476898820132	-0.05197557512664165
0.09166848517319359	-0.07779696523938534	0.1211866856558693	-0.11135012309051902	0.09882256447201587	-0.13548216288968862	0.10458838946936	-0.09685877814007156	0.08631574669257105	-0.07163373501943414	0.11172097045569741	-0.1326639152583883	0.10281911847796023	-0.08143219821904146	0.06659308188136434	-0.2101648623783677	0.21618047412120128	-0.11999901546423695	0.10009955411391909	-0.12893104525012278	0.282671214825285	-0.7450955870824387	0.13222995302050897	-0.08008100634911929	0.10456941109549647	-0.3369529195528104	0.9999999999999872	-0.13061643316144855	0.12009000763525622	-0.0736744093118686	0.21688074331099028	-0.28981977497023637	0.15751395304625726	-0.12316369349293892	0.058804450120553166	-0.16948636264715913	0.15449881324319895	-0.099272718918834	0.08716675579783367	-0.10499449977552798	0.10566977270624162	-0.1174454973980684	0.09902917145396697	-0.07419287389016704	0.06156482575501853
-0.06159929362137418	0.05021183151144611	-0.10239868515200282	0.09856819965276513	-0.08987055844689973	0.07088795189865796	-0.06809836384291335	0.07724108127670792	-0.07808470880746195	0.06740438043946514	-0.05856607836122725	0.07427371130538155	-0.08301005324796117	0.07886408410447407	-0.06396241007976676	0.08442949136937457	-0.09461150922909133	0.1189129963962808	-0.11582461814809518	0.13248190406218652	-0.08873081780056967	0.1298939361171715	-0.9012915946933607	0.15200712503579805	-0.15545302363906632	0.06785171201461744	-0.13061643316144855	0.9999999999999883	-0.29322193876662994	0.07726413419506943	-0.06505456153919571	0.06503929859144765	-0.10539802804144728	0.08752551888685646	-0.05943639550394517	0.05563444585771049	-0.05430996883791282	0.05394693736217162	-0.0596135464777974	0.08213204470490475	-0.040546806264275245	0.04285429363391527	-0.05647470560208244	0.05108120502571142	-0.04453029341314238
0.11829731549675704	-0.09706721946677986	0.21415021305957574	-0.22737197784605662	0.20059983784415675	-0.13163952809745266	0.12859421493768855	-0.1585755544028943	0.16334930036140496	-0.15346742511722353	0.10459401213564704	-0.13564657411781156	0.15733387454628053	-0.17609032020943288	0.14273246265365086	-0.14065428958896034	0.13968120017306465	-0.2346899518317421	0.24235689420033527	-0.33057276366146543	0.09954305108098889	-0.11281810281864499	0.21914040155069586	-0.554097000718695	0.3207046710082169	-0.08109551347854786	0.12009000763525622	-0.29322193876662994	0.9999999999999869	-0.23811904325642624	0.09304615614335648	-0.09405603939107776	0.2079945592329842	-0.20744497207281715	0.1571123953767931	-0.09099483098625816	0.09089210066648598	-0.11165646959887482	0.13731602419076064	-0.20673295388872487	0.07049296306313417	-0.07482142944146805	0.1188983648845425	-0.11976441298548283	0.10535352158278527
-0.05418508047062662	0.04309248535683786	-0.10031556835273428	0.09221925880607008	-0.09050007694661578	0.05785569295752698	-0.05708514332201634	0.06591318081217332	-0.06818944339985815	0.06078249799046804	-0.04703723923994918	0.058966177286864804	-0.06618551200807848	0.06742908957300343	-0.05756382477823405	0.06410617002515126	-0.06702714821897086	0.0861689417912973	-0.09454330966725943	0.11899475002111065	-0.06963076683486244	0.06214948881055967	-0.0819561323199005	0.12010702793289976	-0.168276687626383	0.05697051116444003	-0.0736744093118686	0.07726413419506943	-0.23811904325642624	0.9999999999999846	-0.07777753390104587	0.07843689212587417	-0.2221338503027604	0.18561779399044337	-0.8424519604874547	0.07826975482492964	-0.085664081103103	0.1197124382803728	-0.17939234973036683	0.2567307235588792	-0.06771152476246646	0.07081547754581743	-0.14305642753280243	0.13084153188434408	-0.1564327072297333
0.055939040024754035	-0.04584345043228204	0.08567160639500775	-0.0798259917441915	0.07340383466303955	-0.07257691113967261	0.060965532305196496	-0.060783723789359555	0.05765791762740781	-0.04974169522029157	0.059251405608478365	-0.0696864006933784	0.0626466656215197	-0.05437164426290279	0.04637133088994818	-0.09821507373304149	0.10219894825410263	-0.07401271096576326	0.06830891666412484	-0.09301043038152844	0.2603891146973822	-0.18552477868786313	0.06919226432365301	-0.05843664964942549	0.08192592295651772	-0.4465022765753098	0.21688074331099028	-0.06505456153919571	0.09304615614335648	-0.07777753390104587	0.9999999999999847	-0.6393894429734039	0.1946198650477866	-0.1472378920905785	0.06314178716158163	-0.3998898704931275	0.2701883804362519	-0.14240520488548966	0.10913110097338474	-0.12240942885601196	0.19089441548094166	-0.20909446583323663	0.13840140032995824	-0.0925681029314849	0.0752687525795799
-0.05527996469825332	0.045047339509991104	-0.0851124672243343	0.07839780975690189	-0.0727176068527356	0.07027727728234778	-0.060178966375407775	0.0599296642903687	-0.05704264007292583	0.049058298510911175	-0.05794633851648911	0.06841264507164538	-0.061969635736950954	0.05370454772798028	-0.045819826270267386	0.09465076069674286	-0.1030364083698627	0.07287569296897703	-0.06787602985459121	0.09139809736475174	-0.25496207632769474	0.18307145611498807	-0.07028166228107682	0.05862540922112076	-0.08253114361100174	0.23755126840561797	-0.28981977497023637	0.06503929859144765	-0.09405603939107776	0.07843689212587417	-0.6393894429734039	0.9999999999999839	-0.2658030839667892	0.15038277043509063	-0.06430023022283418	0.2788405530818027	-0.4912655066557149	0.16144101343008518	-0.11835539151066432	0.12452407580365012	-0.20283796919706887	0.21156585475513479	-0.1580583908310883	0.09648524840278835	-0.07930809105334337
0.09731290644532518	-0.07772524532796474	0.1779749794595035	-0.17283734447134588	0.16249068318792734	-0.10927807678112739	0.10173459960341066	-0.1128470250816814	0.11405051579416844	-0.10347922790653942	0.08750374262272556	-0.1062529478651577	0.11189847971147898	-0.10818479055811123	0.09640815814647581	-0.12558411132515723	0.1262381609707537	-0.13657620599637563	0.13788037136606002	-0.203495753062389	0.15369572491213143	-0.13405540148407252	0.11165165788569546	-0.12609291908231726	0.18391734630511963	-0.14210607772656467	0.15751395304625726	-0.10539802804144728	0.2079945592329842	-0.2221338503027604	0.1946198650477866	-0.2658030839667892	0.9999999999999827	-0.45901282532212756	0.17522260890641878	-0.22092621933333717	0.2138641993432394	-0.3599563928057975	0.277570517078009	-0.3506703339795065	0.15835925730449507	-0.18160149454929145	0.26469549385706875	-0.24320733310352421	0.19125977551090445
-0.07615509793355492	0.05986299610249891	-0.14112660085228598	0.12271280498689983	-0.12532052242421135	0.08096163000559096	-0.07904955377009627	0.08775083216534092	-0.0896322599635564	0.07865442720297919	-0.0663148128182956	0.0813984754100868	-0.08814413020714242	0.08502297663471525	-0.07442356487570674	0.09221485663098719	-0.09804622785867394	0.10724006067008772	-0.11455113681407567	0.14620666860231332	-0.12269465028549748	0.09981402591046135	-0.09842304610246375	0.11663040964874423	-0.1788223131884914	0.10146569664564908	-0.12316369349293892	0.08752551888685646	-0.20744497207281715	0.18561779399044337	-0.1472378920905785	0.15038277043509063	-0.45901282532212756	0.9999999999999839	-0.2041481759606575	0.15127991635695306	-0.17333234492286512	0.2690401795999282	-0.6551480405934591	0.28301927698846013	-0.13362307307032822	0.14047232060089102	-0.2985265223023791	0.21866914447167574	-0.21021500081485006
0.04316725773546288	-0.03441178011284835	0.07973320539000221	-0.07471973795160618	0.07227527789623486	-0.04645375850491797	0.04548254557459859	-0.05249747493590823	0.05406603579924154	-0.04869810127584272	0.03762587495183524	-0.04708262467484484	0.052491804165264194	-0.05343531820500476	0.04587923358491639	-0.05150281554926795	0.053432000034548566	-0.06842666707376668	0.07304830069788915	-0.09681011997858054	0.05583380044617334	-0.04965991855725953	0.06158801424400096	-0.09035477659521365	0.11943744715655055	-0.04606441738272101	0.058804450120553166	-0.05943639550394517	0.1571123953767931	-0.8424519604874547	0.06314178716158163	-0.06430023022283418	0.17522260890641878	-0.2041481759606575	0.999999999999982	-0.06556566856833441	0.07147521407682986	-0.10719670959118455	0.16907055715767963	-0.3895231372747239	0.0563603990339343	-0.05991488850807309	0.12274696544250757	-0.13262401813050073	0.14838923305361684
-0.049587164333403856	0.039964137197549016	-0.07933974781432743	0.07229586987948143	-0.06823780782120874	0.06038257573870622	-0.05321889649464442	0.05409502938707559	-0.05232353907530232	0.04523096591680976	-0.04972342154852421	0.058801492586933304	-0.05553369113638692	0.04922770054901838	-0.04234042525639026	0.07802718125275361	-0.0846157872453265	0.06551003189192281	-0.06284023712973547	0.0843641589840734	-0.20230512791575614	0.12781870925105343	-0.06084228662343536	0.05564722668128975	-0.07992075568164023	0.1780483977552641	-0.16948636264715913	0.05563444585771049	-0.09099483098625816	0.07826975482492964	-0.3998898704931275	0.2788405530818027	-0.22092621933333717	0.15127991635695306	-0.06556566856833441	0.9999999999999811	-0.5120922735463458	0.18116845714336105	-0.13026990946417968	0.12815931051588447	-0.5780174150451118	0.31363444974611815	-0.20206902661904508	0.10623230854039499	-0.08874927377005061
0.048096292424155605	-0.03891763987645754	0.07818206682861172	-0.07247805077409578	0.06804597907561438	-0.0589376698026999	0.05160264627853116	-0.05315455170758427	0.05162594849654172	-0.04503975782223479	0.0480856569111441	-0.05704737109774156	0.054239360254315125	-0.048755131881793645	0.042095457429542224	-0.07582125895996711	0.07941287502246716	-0.06462409765633734	0.06214721895825985	-0.08496873853626905	0.1563231306994184	-0.12272626828240565	0.05857284060312427	-0.05554664221762927	0.07970018621479476	-0.154988375637336	0.15449881324319895	-0.05430996883791282	0.09089210066648598	-0.085664081103103	0.2701883804362519	-0.4912655066557149	0.2138641993432394	-0.17333234492286512	0.07147521407682986	-0.5120922735463458	0.9999999999999821	-0.27787426472535365	0.14742828349998174	-0.14426119773586565	0.2933571874984922	-0.500962132207095	0.2199097759597947	-0.12024101481880903	0.09617623341442028
-0.04786075553558528	0.03811614868256402	-0.08499554582412826	0.07801291168875889	-0.07568200114168079	0.053908919689526665	-0.05029522237369687	0.05465105592243798	-0.05489660735533222	0.048609379840635826	-0.043850131389469214	0.05309764436977573	-0.05495901008808649	0.05209697561554703	-0.04562759929690546	0.0639260048876614	-0.06691999926939046	0.06668835489395283	-0.06810689247015826	0.09262750502789895	-0.10114371349151084	0.07927676045090933	-0.05908061005749293	0.06552298305055707	-0.09690393024859444	0.08949107034793168	-0.099272718918834	0.05394693736217162	-0.11165646959887482	0.1197124382803728	-0.14240520488548966	0.16144101343008518	-0.3599563928057975	0.2690401795999282	-0.10719670959118455	0.18116845714336105	-0.27787426472535365	0.9999999999999815	-0.4140120846617195	0.2237435926797729	-0.16619934090539273	0.19731196890723463	-0.7085162809847975	0.2163086426695195	-0.18081293089582995
0.0517815313982122	-0.041002809316549746	0.09468164442700562	-0.08556271327646724	0.08464536937208421	-0.05638302221300782	0.05407441050693728	-0.060017970335363977	0.06105025676518933	-0.054117581147124644	0.04588330742248675	-0.0561757723059346	0.06016858419187925	-0.05825027993401688	0.05097902065624287	-0.06474586699601476	0.0677704161323267	-0.07390519523699224	0.07755553200610027	-0.10303142224606195	0.08698902608145631	-0.07138580447288803	0.06571189708918089	-0.07883235114708353	0.11718113323443399	-0.07466842424186997	0.08716675579783367	-0.0596135464777974	0.13731602419076064	-0.17939234973036683	0.10913110097338474	-0.11835539151066432	0.277570517078009	-0.6551480405934591	0.16907055715767963	-0.13026990946417968	0.14742828349998174	-0.4140120846617195	0.9999999999999808	-0.42335485431823217	0.10989381431973703	-0.12602091834074827	0.2743510702808322	-0.31060649829070075	0.22824876796043897
-0.06785152304700488	0.05348795631172066	-0.12575007291441018	0.11092502986509108	-0.11210551181175704	0.07218252765680348	-0.07069666835263204	0.07928569080771888	-0.08133555224978127	0.07160574340966783	-0.05901638663398673	0.07283373314123852	-0.07966934539274889	0.07793584805924018	-0.06781392562776144	0.08162323199753657	-0.08641131231249996	0.09856488637380416	-0.10636926632502368	0.13489270771519235	-0.10337131439693228	0.08598843510085522	-0.09172074866297888	0.1138913604484446	-0.17276700836077818	0.08543603951031539	-0.10499449977552798	0.08213204470490475	-0.20673295388872487	0.2567307235588792	-0.12240942885601196	0.12452407580365012	-0.3506703339795065	0.28301927698846013	-0.3895231372747239	0.12815931051588447	-0.14426119773586565	0.2237435926797729	-0.42335485431823217	0.9999999999999801	-0.11454673081272662	0.1213202009080041	-0.27550470768954327	0.2877578747300745	-0.4840130001216213
0.036549362061140386	-0.029471736688747807	0.06014253023379923	-0.0557099006856748	0.05248389700739084	-0.04414482139744473	0.03904596004551999	-0.04049659932849226	0.03953631503519319	-0.034572648863843966	0.03600698570382111	-0.04275482318816869	0.04122670392879873	-0.037333469151584094	0.0323275405556491	-0.055941931556680285	0.05871449591264988	-0.04917252191402772	0.047700658329884384	-0.06535112787395139	0.11507669343705931	-0.08447736454666561	0.04397920994431654	-0.042897651928998526	0.06183035869336448	-0.11019102708210483	0.10566977270624162	-0.040546806264275245	0.07049296306313417	-0.06771152476246646	0.19089441548094166	-0.20283796919706887	0.15835925730449507	-0.13362307307032822	0.0563603990339343	-0.5780174150451118	0.2933571874984922	-0.16619934090539273	0.10989381431973703	-0.11454673081272662	0.9999999999999809	-0.701792226971985	0.17947423643697302	-0.0978983810996152	0.07692960673623979
-0.03828068308643118	0.030798024235915405	-0.06300643837545183	0.05785728381581261	-0.05483241721509895	0.045885565950046725	-0.040879208461259385	0.04233605188077879	-0.04136343155736551	0.03606583290328114	-0.0375888990694036	0.04469752481792533	-0.043178833519042885	0.039034293275276945	-0.03376382740690668	0.05811525114594182	-0.06203533666498787	0.051402761307709384	-0.050065989206471595	0.06788626920137114	-0.12841958139816237	0.08931944882999736	-0.046746814655442274	0.04530978224637797	-0.06550276687535234	0.11383570274388732	-0.1174454973980684	0.04285429363391527	-0.07482142944146805	0.07081547754581743	-0.20909446583323663	0.21156585475513479	-0.18160149454929145	0.14047232060089102	-0.05991488850807309	0.31363444974611815	-0.500962132207095	0.19731196890723463	-0.12602091834074827	0.1213202009080041	-0.701792226971985	0.9999999999999807	-0.2774078223176636	0.1098684358233836	-0.08846069967289039
0.050796796138932475	-0.040508519943001725	0.09059032999360965	-0.08421700779314757	0.08105743568854817	-0.057262366262307046	0.05337053151766321	-0.05831625337459291	0.058668363087247946	-0.0522248197470081	0.04640814317019926	-0.056258765239506126	0.05848837900078787	-0.055800601101472225	0.048955736337607955	-0.067473065705201	0.06989122451472476	-0.07132455991837174	0.07273801118894492	-0.10041960737405735	0.10088695213659564	-0.08087633337466012	0.06159975017819619	-0.07013417490967025	0.10294261789356593	-0.0907712728217125	0.09902917145396697	-0.05647470560208244	0.1188983648845425	-0.14305642753280243	0.13840140032995824	-0.1580583908310883	0.26469549385706875	-0.2985265223023791	0.12274696544250757	-0.20206902661904508	0.2199097759597947	-0.7085162809847975	0.2743510702808322	-0.27550470768954327	0.17947423643697302	-0.2774078223176636	0.9999999999999808	-0.34229508893517935	0.2097215062026213
