1.0	-0.14207332122911032	0.09139943795557415	-0.07422617603850609	0.03567376964679597	-0.9219260726847361	0.1198508536544742	-0.0796021327395311	0.06852360841094143	-0.035187690221285595	0.20214699079308687	-0.15733009636161457	0.09004766322678662	-0.049168209079329055	0.03474756554088271	-0.16055288058439776	0.10028745030751544	-0.07995051411733638	0.052630600557853194	-0.03576355111460206	0.10566208365597074	-0.10766131039011444	0.08252761371138562	-0.055304373200037386	0.06491601453972838	-0.05354894535890584	0.054352182428785145	-0.040195638366837524	0.035847760313581105	-0.14612266997513257
-0.14207332122911032	1.0	-0.4860055912477623	0.19933045938053928	-0.08166046516821987	0.11420471742198185	-0.7854604192425914	0.2712607781999569	-0.1829907875911696	0.07992615589127394	-0.08498849926096394	0.10530565730694451	-0.14710368463262166	0.083375480495517	-0.05395040535511558	0.06796298707381888	-0.07871399620833579	0.09995127192636229	-0.08346832230345032	0.054879136475051576	-0.06861944780461304	0.07496304346140188	-0.08473883755670897	0.05795469244114412	-0.06829704420646344	0.035102353536601995	-0.03876804577750738	0.04077785615691913	-0.03647629506948264	0.13832058118479582
0.09139943795557415	-0.4860055912477623	1.0	-0.43907610450213386	0.13107981453791256	-0.08553640029672892	0.306187601991986	-0.6063758700838535	0.27856069935181493	-0.13357026582176834	0.09472857745573601	-0.13472426706820004	0.2077766684644041	-0.12698420133888366	0.08074778845852099	-0.08023585805495903	0.10217809564261643	-0.1498724397005025	0.12118725090143263	-0.08346403569293652	0.08646558107454293	-0.09925566085941687	0.11648644849298091	-0.08256576912320682	0.09534332382650071	-0.04532087736453198	0.050170212933114744	-0.05813285996134022	0.05138536744942768	-0.20257665697466215
-0.07422617603850609	0.19933045938053928	-0.43907610450213386	1.0000000000000007	-0.332023441545866	0.06549781027088616	-0.249756109461744	0.29452658278569077	-0.6694077540701178	0.23859478455382033	-0.09555380882975435	0.12546954202806337	-0.2162282447937668	0.1745536156272581	-0.12259233724816082	0.07846375500872635	-0.10333545570634775	0.14288219150529669	-0.18375198715099142	0.11755478047305074	-0.09012824439685083	0.09913962170267426	-0.12662683042421619	0.08814621941680154	-0.10815380997856223	0.04633758623318763	-0.05249824406083162	0.06030927302006556	-0.05484951182737709	0.1874018399079197
0.03567376964679597	-0.08166046516821987	0.13107981453791256	-0.332023441545866	1.0000000000000002	-0.03199797552306519	0.0935801436656471	-0.13178364297018247	0.232467236133831	-0.8767923329022824	0.052352829498240626	-0.0716461722885553	0.10580843768078702	-0.10435302334031844	0.15495477041159275	-0.04381641452841387	0.05735689415772639	-0.07856968255751783	0.09998923739592311	-0.16546482679606575	0.050781693874877604	-0.0570599782125479	0.07255017709968423	-0.05838942477458388	0.07328458835384229	-0.026679337092149927	0.030067343248234405	-0.03901530612734222	0.03494061447909703	-0.12563552148908486
-0.9219260726847361	0.11420471742198185	-0.08553640029672892	0.06549781027088616	-0.03199797552306519	0.9999999999999999	-0.11853642444820267	0.07207012931736298	-0.0625218263079607	0.03133649097443367	-0.267963214424656	0.1326124042365436	-0.08163477993717756	0.04372575805873024	-0.03074163658606226	0.144750874498484	-0.09046945923113876	0.07078334382151788	-0.04711826832014949	0.03145405843317369	-0.10073962157910814	0.09379821265792425	-0.07363938725949704	0.04819805284391569	-0.05699134166794111	0.0477082984479637	-0.049510930685829735	0.03476826773559196	-0.031239240239857413	0.11965817174120219
0.1198508536544742	-0.7854604192425914	0.306187601991986	-0.249756109461744	0.0935801436656471	-0.11853642444820267	0.9999999999999989	-0.4059822123994902	0.19953429422705007	-0.09729737384064115	0.09688683462962608	-0.1352491520867828	0.17074734059450974	-0.10084759836040301	0.06485763136434293	-0.08023247844409949	0.09597459040837372	-0.1257045194904365	0.0976820295764066	-0.06731918305042318	0.08198583549984996	-0.09188492023099527	0.10250745465432809	-0.07197721792955543	0.08366510455139539	-0.042625955528546894	0.046910123841381046	-0.05106176922715085	0.04523956584966768	-0.18167406202139416
-0.0796021327395311	0.2712607781999569	-0.6063758700838535	0.29452658278569077	-0.13178364297018247	0.07207012931736298	-0.4059822123994902	0.9999999999999997	-0.4509884937153121	0.13165394075707576	-0.09555898100109952	0.13655281482749887	-0.34884806951847624	0.14827647557073823	-0.08564237224686586	0.0811423167039912	-0.11125145266400742	0.1726101384096874	-0.143663964082952	0.08629956530308	-0.09008982582761907	0.10405672813290805	-0.1306504153024473	0.08739711097723664	-0.10060493343959753	0.046465139917541164	-0.0517995599419902	0.06044899326321097	-0.05388546280404552	0.19396667917927113
0.06852360841094143	-0.1829907875911696	0.27856069935181493	-0.6694077540701178	0.232467236133831	-0.0625218263079607	0.19953429422705007	-0.4509884937153121	0.9999999999999991	-0.3051582314197759	0.09479748938325848	-0.13581831044642897	0.21463486010946597	-0.24961439068768224	0.12803889629158122	-0.08054753555220184	0.1068245840292107	-0.15780456540508178	0.19092518254464255	-0.1313610030229314	0.09091390038152647	-0.10416715797427607	0.12778432266520628	-0.09338854738423193	0.11017081688688139	-0.04771838238320151	0.053300034059758375	-0.06455014171897694	0.057421538718542206	-0.21786033361123094
-0.035187690221285595	0.07992615589127394	-0.13357026582176834	0.23859478455382033	-0.8767923329022824	0.03133649097443367	-0.09729737384064115	0.13165394075707576	-0.3051582314197759	0.9999999999999997	-0.051521165309858084	0.06939259431658086	-0.10904924882979122	0.10888761659540012	-0.19922403788822018	0.04292366844792122	-0.05674266188486473	0.07831373824211901	-0.10804278251738406	0.15752343410183403	-0.05005182835818514	0.05593190280040878	-0.07252559374187699	0.05720892788512485	-0.0728692395684073	0.02608725201882373	-0.029505675193964007	0.03790848929067076	-0.034231270006298144	0.11608040502561102
0.20214699079308687	-0.08498849926096394	0.09472857745573601	-0.09555380882975435	0.052352829498240626	-0.267963214424656	0.09688683462962608	-0.09555898100109952	0.09479748938325848	-0.051521165309858084	0.9999999999999997	-0.42792994455553207	0.169699811957691	-0.0881697118078741	0.06247862005779629	-0.6797247021736688	0.2580486085056064	-0.17096769366749584	0.09701611524252648	-0.0646259003847183	0.28026413602323974	-0.2765263407318561	0.17849900566814636	-0.11613023657166066	0.13229356428246125	-0.13578269868808202	0.13129201494141335	-0.08424915398290808	0.07473462963697663	-0.28554716249143675
-0.15733009636161457	0.10530565730694451	-0.13472426706820004	0.12546954202806337	-0.0716461722885553	0.1326124042365436	-0.1352491520867828	0.13655281482749887	-0.13581831044642897	0.06939259431658086	-0.42792994455553207	0.9999999999999999	-0.29369391967181524	0.12809484719946226	-0.08633189750697598	0.2759308334882885	-0.6367981076760112	0.25624093041170143	-0.14944542140052955	0.08659162248553931	-0.3212455419620012	0.29252604487364375	-0.26345567179533036	0.14825722787871015	-0.17995219793679032	0.13770920455864155	-0.1642303581111079	0.10228943617896154	-0.09580462485429694	0.2566825357347514
0.09004766322678662	-0.14710368463262166	0.2077766684644041	-0.2162282447937668	0.10580843768078702	-0.08163477993717756	0.17074734059450974	-0.34884806951847624	0.21463486010946597	-0.10904924882979122	0.169699811957691	-0.29369391967181524	0.9999999999999972	-0.28164683776243093	0.12042492499913152	-0.1570356974363002	0.23657197688648868	-0.6005020228839665	0.23082559227725666	-0.12775906720499774	0.17323611230815678	-0.22376437787419695	0.26838906555935144	-0.184562237532194	0.18788231031556793	-0.09102060135061428	0.09960966379314573	-0.12693251165565975	0.10871604647888186	-0.39458916439198943
-0.049168209079329055	0.083375480495517	-0.12698420133888366	0.1745536156272581	-0.10435302334031844	0.04372575805873024	-0.10084759836040301	0.14827647557073823	-0.24961439068768224	0.10888761659540012	-0.0881697118078741	0.12809484719946226	-0.28164683776243093	0.999999999999998	-0.2204082992383963	0.07694741091713833	-0.11569094480335106	0.19771232874614478	-0.8461985667407174	0.18372790223563343	-0.09026968133994247	0.10681319118387056	-0.1481979512591788	0.10724431549674407	-0.1236319981849724	0.046227830025723754	-0.05198713776507511	0.06809725942346874	-0.06187047679533687	0.18535500161875706
0.03474756554088271	-0.05395040535511558	0.08074778845852099	-0.12259233724816082	0.15495477041159275	-0.03074163658606226	0.06485763136434293	-0.08564237224686586	0.12803889629158122	-0.19922403788822018	0.06247862005779629	-0.08633189750697598	0.12042492499913152	-0.2204082992383963	0.9999999999999954	-0.05347971629183788	0.07180340688612574	-0.1015713618448943	0.18302879728954394	-0.9011885256431028	0.06399986811303572	-0.07485126777387241	0.10164832299815907	-0.10888597150030462	0.1425506981605852	-0.03400805352183861	0.03828966370296997	-0.06413113149796693	0.05654250936054467	-0.1671064413390258
-0.16055288058439776	0.06796298707381888	-0.08023585805495903	0.07846375500872635	-0.04381641452841387	0.144750874498484	-0.08023247844409949	0.0811423167039912	-0.08054753555220184	0.04292366844792122	-0.6797247021736688	0.2759308334882885	-0.1570356974363002	0.07694741091713833	-0.05347971629183788	0.999999999999997	-0.32005717973432224	0.15855033567742505	-0.0865850557824928	0.0548415990955216	-0.5201254840443668	0.2640682324165521	-0.17300395223984713	0.10158717531576648	-0.11696366028513583	0.14248663095442882	-0.1496818529771607	0.07205562105732938	-0.06535921145583093	0.2056902485683625
0.10028745030751544	-0.07871399620833579	0.10217809564261643	-0.10333545570634775	0.05735689415772639	-0.09046945923113876	0.09597459040837372	-0.11125145266400742	0.1068245840292107	-0.05674266188486473	0.2580486085056064	-0.6367981076760112	0.23657197688648868	-0.11569094480335106	0.07180340688612574	-0.32005717973432224	0.9999999999999944	-0.3811978145657127	0.12812907521160244	-0.07456437089252993	0.2705652350145975	-0.4751084624764296	0.24956427046375676	-0.14078015174882375	0.15130764503538952	-0.12192932245110284	0.132330611052288	-0.09542601041296232	0.08554966766282834	-0.24442671517946812
-0.07995051411733638	0.09995127192636229	-0.1498724397005025	0.14288219150529669	-0.07856968255751783	0.07078334382151788	-0.1257045194904365	0.1726101384096874	-0.15780456540508178	0.07831373824211901	-0.17096769366749584	0.25624093041170143	-0.6005020228839665	0.19771232874614478	-0.1015713618448943	0.15855033567742505	-0.3811978145657127	0.9999999999999988	-0.2556968645144331	0.10518484038443808	-0.18783485268527644	0.2411776018681289	-0.49291269669059845	0.1916591159245825	-0.20239347371764016	0.08889086754850976	-0.10026893939763115	0.12130551904279667	-0.11175491014987458	0.27174013897021276
0.052630600557853194	-0.08346832230345032	0.12118725090143263	-0.18375198715099142	0.09998923739592311	-0.04711826832014949	0.0976820295764066	-0.143663964082952	0.19092518254464255	-0.10804278251738406	0.09701611524252648	-0.14944542140052955	0.23082559227725666	-0.8461985667407174	0.18302879728954394	-0.0865850557824928	0.12812907521160244	-0.2556968645144331	0.9999999999999974	-0.2168538128770578	0.09942088712939635	-0.12181106224134453	0.15935913691482495	-0.12563521007822676	0.13401868975772374	-0.05182777660267291	0.05763415696005214	-0.07832937206703261	0.06948810064662304	-0.2229063786947883
-0.03576355111460206	0.054879136475051576	-0.08346403569293652	0.11755478047305074	-0.16546482679606575	0.03145405843317369	-0.06731918305042318	0.08629956530308	-0.1313610030229314	0.15752343410183403	-0.0646259003847183	0.08659162248553931	-0.12775906720499774	0.18372790223563343	-0.9011885256431028	0.0548415990955216	-0.07456437089252993	0.10518484038443808	-0.2168538128770578	0.999999999999996	-0.06668221727280704	0.07687632365472345	-0.11050777250328961	0.11462888117458467	-0.18173968178056288	0.03490988372802514	-0.03963700701913454	0.06570690276377991	-0.05998261741145506	0.15673465158686603
0.10566208365597074	-0.06861944780461304	0.08646558107454293	-0.09012824439685083	0.050781693874877604	-0.10073962157910814	0.08198583549984996	-0.09008982582761907	0.09091390038152647	-0.05005182835818514	0.28026413602323974	-0.3212455419620012	0.17323611230815678	-0.09026968133994247	0.06399986811303572	-0.5201254840443668	0.2705652350145975	-0.18783485268527644	0.09942088712939635	-0.06668221727280704	0.9999999999999954	-0.5729647650627299	0.21768428428910166	-0.13513326258323116	0.1442184472779622	-0.3028596845931698	0.22595986514473332	-0.0968676645136712	0.08491647888996035	-0.28246227681677005
-0.10766131039011444	0.07496304346140188	-0.09925566085941687	0.09913962170267426	-0.0570599782125479	0.09379821265792425	-0.09188492023099527	0.10405672813290805	-0.10416715797427607	0.05593190280040878	-0.2765263407318561	0.29252604487364375	-0.22376437787419695	0.10681319118387056	-0.07485126777387241	0.2640682324165521	-0.4751084624764296	0.2411776018681289	-0.12181106224134453	0.07687632365472345	-0.5729647650627299	0.9999999999999961	-0.4048825878948825	0.1701019245871748	-0.18784420341723942	0.18612110260562262	-0.22899282658296063	0.11278651910663001	-0.10480377755033178	0.25321826220098664
0.08252761371138562	-0.08473883755670897	0.11648644849298091	-0.12662683042421619	0.07255017709968423	-0.07363938725949704	0.10250745465432809	-0.1306504153024473	0.12778432266520628	-0.07252559374187699	0.17849900566814636	-0.26345567179533036	0.26838906555935144	-0.1481979512591788	0.10164832299815907	-0.17300395223984713	0.24956427046375676	-0.49291269669059845	0.15935913691482495	-0.11050777250328961	0.21768428428910166	-0.4048825878948825	0.9999999999999961	-0.45112221854597895	0.278257205314541	-0.11113965146558802	0.12103793643270991	-0.230124276986164	0.18559390865668948	-0.38836130239367694
-0.055304373200037386	0.05795469244114412	-0.08256576912320682	0.08814621941680154	-0.05838942477458388	0.04819805284391569	-0.07197721792955543	0.08739711097723664	-0.09338854738423193	0.05720892788512485	-0.11613023657166066	0.14825722787871015	-0.184562237532194	0.10724431549674407	-0.10888597150030462	0.10158717531576648	-0.14078015174882375	0.1916591159245825	-0.12563521007822676	0.11462888117458467	-0.13513326258323116	0.1701019245871748	-0.45112221854597895	0.9999999999999959	-0.7218737718838182	0.06923350063279911	-0.07933933631800921	0.2361817710139889	-0.3161179779741731	0.2634067993644109
0.06491601453972838	-0.06829704420646344	0.09534332382650071	-0.10815380997856223	0.07328458835384229	-0.05699134166794111	0.08366510455139539	-0.10060493343959753	0.11017081688688139	-0.0728692395684073	0.13229356428246125	-0.17995219793679032	0.18788231031556793	-0.1236319981849724	0.1425506981605852	-0.11696366028513583	0.15130764503538952	-0.20239347371764016	0.13401868975772374	-0.18173968178056288	0.1442184472779622	-0.18784420341723942	0.278257205314541	-0.7218737718838182	0.999999999999995	-0.07927518997688726	0.08824216162850113	-0.2488788379467768	0.20969729005855633	-0.4463784683738427
-0.05354894535890584	0.035102353536601995	-0.04532087736453198	0.04633758623318763	-0.026679337092149927	0.0477082984479637	-0.042625955528546894	0.046465139917541164	-0.04771838238320151	0.02608725201882373	-0.13578269868808202	0.13770920455864155	-0.09102060135061428	0.046227830025723754	-0.03400805352183861	0.14248663095442882	-0.12192932245110284	0.08889086754850976	-0.05182777660267291	0.03490988372802514	-0.3028596845931698	0.18612110260562262	-0.11113965146558802	0.06923350063279911	-0.07927518997688726	0.9999999999999942	-0.9091352447806578	0.060116731954275096	-0.05409284052866408	0.1395681909909069
0.054352182428785145	-0.03876804577750738	0.050170212933114744	-0.05249824406083162	0.030067343248234405	-0.049510930685829735	0.046910123841381046	-0.0517995599419902	0.053300034059758375	-0.029505675193964007	0.13129201494141335	-0.1642303581111079	0.09960966379314573	-0.05198713776507511	0.03828966370296997	-0.1496818529771607	0.132330611052288	-0.10026893939763115	0.05763415696005214	-0.03963700701913454	0.22595986514473332	-0.22899282658296063	0.12103793643270991	-0.07933933631800921	0.08824216162850113	-0.9091352447806578	0.9999999999999931	-0.07136635897762425	0.06113532614551975	-0.17360976776101392
-0.040195638366837524	0.04077785615691913	-0.05813285996134022	0.06030927302006556	-0.03901530612734222	0.03476826773559196	-0.05106176922715085	0.06044899326321097	-0.06455014171897694	0.03790848929067076	-0.08424915398290808	0.10228943617896154	-0.12693251165565975	0.06809725942346874	-0.06413113149796693	0.07205562105732938	-0.09542601041296232	0.12130551904279667	-0.07832937206703261	0.06570690276377991	-0.0968676645136712	0.11278651910663001	-0.230124276986164	0.2361817710139889	-0.2488788379467768	0.060116731954275096	-0.07136635897762425	0.9999999999999929	-0.8978328076554839	0.17434120755394486
0.035847760313581105	-0.03647629506948264	0.05138536744942768	-0.05484951182737709	0.03494061447909703	-0.031239240239857413	0.04523956584966768	-0.05388546280404552	0.057421538718542206	-0.034231270006298144	0.07473462963697663	-0.09580462485429694	0.10871604647888186	-0.06187047679533687	0.05654250936054467	-0.06535921145583093	0.08554966766282834	-0.11175491014987458	0.06948810064662304	-0.05998261741145506	0.08491647888996035	-0.10480377755033178	0.18559390865668948	-0.3161179779741731	0.20969729005855633	-0.05409284052866408	0.06113532614551975	-0.8978328076554839	0.9999999999999929	-0.18290777419982265
-0.14612266997513257	0.13832058118479582	-0.20257665697466215	0.1874018399079197	-0.12563552148908486	0.11965817174120219	-0.18167406202139416	0.19396667917927113	-0.21786033361123094	0.11608040502561102	-0.28554716249143675	0.2566825357347514	-0.39458916439198943	0.18535500161875706	-0.1671064413390258	0.2056902485683625	-0.24442671517946812	0.27174013897021276	-0.2229063786947883	0.15673465158686603	-0.28246227681677005	0.25321826220098664	-0.38836130239367694	0.2634067993644109	-0.4463784683738427	0.1395681909909069	-0.17360976776101392	0.17434120755394486	-0.18290777419982265	0.9999999999999927
