1.0	-0.7419773442751005	0.2961481892290751	-0.13706959951073133	0.12402149947398472	-0.31669048861050475	0.2143802028101299	-0.24299998544277143	0.13049750490066994	-0.15941556484842473	0.21376777818146955	-0.16774400832402006	0.13216647442261523	-0.11026430122553126	0.10888717087368505	-0.19535802765902394	0.1602392513095972	-0.12575965049628887	0.10735600024820129	-0.09286636632531879	0.1137754685263952	-0.14142257532020935	0.11499897261420651	-0.1516459331713658	0.0983787247937486	-0.1049621083142682	0.10982798079859701	-0.1145766592972859	0.09943230125983155	-0.15544100477606332	0.11856884277250593	-0.08835713789361227	0.09452725129801873	-0.0923875454855019	0.05458670299306123	-0.1991063920562301	0.07432327972306854	-0.07899811323501162	0.10011819663169985	-0.048958983897171945
-0.7419773442751005	1.0000000000000002	-0.5266421116647859	0.12438401425250104	-0.11472629738431103	0.18844569920827967	-0.19568158375183564	0.18555184703880045	-0.11071477013441647	0.125038128337143	-0.1824362314267029	0.13026285199266302	-0.1037970970929662	0.0841664951966691	-0.08421432464151002	0.1404552857017867	-0.12860733938309252	0.09321970955888492	-0.08176929054832392	0.06989492615175162	-0.0842061213612752	0.10370291721449994	-0.08605802272663907	0.10913018878737274	-0.0713612361723359	0.07640780108639361	-0.0811119172757892	0.08290354859006292	-0.07235133099694432	0.11081827259329918	-0.08648965711532004	0.06390616471956076	-0.06875975582317399	0.06685450716108365	-0.03968132043277624	0.13991052284938515	-0.053444981935480126	0.0565747057717583	-0.07306078403615976	0.035463931228511145
0.2961481892290751	-0.5266421116647859	0.9999999999999999	-0.303550773714962	0.22061932652595675	-0.16005426697524847	0.17265828122404128	-0.4181173727578308	0.22435031091738225	-0.2649493172569242	0.17378719061058226	-0.14614963554958735	0.2002499263642967	-0.16722665562834454	0.16181400897517573	-0.20750613367192144	0.16966327351907584	-0.17636118243951632	0.1561744287364869	-0.13644186562399416	0.13027617309308187	-0.1605848875994082	0.1596827632659668	-0.21384660488718005	0.13847035774588992	-0.1250356993022911	0.13262008049638918	-0.150985467881764	0.13242657459107648	-0.21928213827164272	0.15000570211310102	-0.11364619851675457	0.12277999741197462	-0.12232611603866948	0.07268858847755888	-0.2622125034732643	0.097158916074652	-0.10361976121206942	0.13222632653096733	-0.06526172009809258
-0.13706959951073133	0.12438401425250104	-0.303550773714962	0.9999999999999999	-0.7297168890960928	0.07197759686897975	-0.08549272416163313	0.22266547362458025	-0.49813558990886275	0.31448077088613297	-0.08666848904986245	0.06969947345747372	-0.13782680635091848	0.11719503333006143	-0.1207300281426843	0.09219304716351781	-0.08568696717832659	0.09712945902212766	-0.10348474336681254	0.08918504928378636	-0.06112943821927325	0.07445068101119379	-0.09065337203369893	0.10569432008018642	-0.07123579556504765	0.05794077689678648	-0.06344388149779073	0.07224875144634975	-0.06503356379849708	0.10387305388477137	-0.0709982023215096	0.05319192519238363	-0.058887512940398845	0.05862424110440993	-0.035484196369300176	0.11145337989809798	-0.0448744816771282	0.04730368807833346	-0.06505660732174712	0.03146892676810453
0.12402149947398472	-0.11472629738431103	0.22061932652595675	-0.7297168890960928	1.0000000000000007	-0.07231948928354288	0.08670793372807398	-0.2441298017082309	0.3134518243344321	-0.521186271151594	0.08868593291734642	-0.07328733642147221	0.14285362644912555	-0.12714993734278174	0.1343104939567287	-0.10249265067232831	0.09192857089162056	-0.11003252979377474	0.1129589681501899	-0.10292719560977744	0.06815115424974208	-0.08329955620432043	0.10088175082511963	-0.12388209819257354	0.08263805459053662	-0.06543286132967437	0.07130191960937461	-0.08326494783694814	0.07463320034839921	-0.1232886536820188	0.08064448395349702	-0.060968319671333	0.06722989261360617	-0.06748836917860027	0.040668713729973396	-0.1309743512377206	0.05168687423615924	-0.05472099701518186	0.07411631386596695	-0.03620197993496645
-0.31669048861050475	0.18844569920827967	-0.16005426697524847	0.07197759686897975	-0.07231948928354288	1.0000000000000009	-0.6144517416972324	0.14199783568670318	-0.07682021579052876	0.08726635750434032	-0.6169511863953002	0.2773530970816739	-0.0891707316444036	0.07026415934979448	-0.07139206249950107	0.2056321056806505	-0.2081102409650301	0.08796569435213787	-0.07167607837672965	0.059655963859454327	-0.11226903467052493	0.13859040948710682	-0.08188449605925148	0.09551510334507728	-0.06296090675612591	0.09334251781113906	-0.09817546103892782	0.08383825333577458	-0.0718305471628244	0.09519650318393397	-0.09438001097408645	0.06713263991777037	-0.07115449495762657	0.06639929479572271	-0.03897502528258468	0.13451272892329008	-0.053713309249518525	0.05627853385278897	-0.07304044062865815	0.034655734597695206
0.2143802028101299	-0.19568158375183564	0.17265828122404128	-0.08549272416163313	0.08670793372807398	-0.6144517416972324	0.9999999999999999	-0.19275852745358457	0.09495319438221282	-0.10720397260020861	0.32614816561075	-0.5467575277541543	0.11426937841747828	-0.08967924834295844	0.09003370288187242	-0.26953278693616933	0.2597338322950855	-0.11360827982042063	0.09076779522761047	-0.07563631747566492	0.14153093200799258	-0.19133478286518674	0.10402740318655136	-0.12141753729604157	0.07981226978550367	-0.12214331967156904	0.12661553198810394	-0.10808858317878765	0.09170803540425486	-0.12062290815411994	0.12020367156645746	-0.08636734645848698	0.09081665124839623	-0.08501108076157335	0.04958152257867486	-0.17338372326440465	0.06874638356910176	-0.07219458961715856	0.09283012833775248	-0.04415843281869217
-0.24299998544277143	0.18555184703880045	-0.4181173727578308	0.22266547362458025	-0.2441298017082309	0.14199783568670318	-0.19275852745358457	1.0	-0.40133475815852226	0.26766468983433994	-0.1729651096243715	0.14191331518259254	-0.5107966996014434	0.25711388063217555	-0.26041441879038507	0.16495739994366806	-0.17279422442917897	0.20457166685646905	-0.23037566570267232	0.17864737638505473	-0.11212700161095639	0.1359831157588497	-0.19775289451446937	0.19099071458694772	-0.1323857636322086	0.10416630742540145	-0.11694238222547389	0.13022915705118643	-0.11944566946146654	0.17809421529528355	-0.12769832420574778	0.09435738018578681	-0.10652861502270809	0.10513341600459361	-0.06451900019235939	0.1797222230177324	-0.07838620099636984	0.08167952839382246	-0.11953170511945758	0.056564578735253924
0.13049750490066994	-0.11071477013441647	0.22435031091738225	-0.49813558990886275	0.3134518243344321	-0.07682021579052876	0.09495319438221282	-0.40133475815852226	1.0000000000000007	-0.6588391623190389	0.09393810778707413	-0.07817589738026683	0.19347635966131366	-0.18714201203137698	0.16798617662295334	-0.10153921787908235	0.0969022964389014	-0.1246273054277681	0.13827734135849	-0.12357357198774116	0.06840459591804164	-0.08361166835919238	0.11294685583730549	-0.12802908324687978	0.08660117413042069	-0.06500718175317312	0.0718846595202152	-0.0838081902998243	0.07597124493095857	-0.12306322626790486	0.07986529423986913	-0.06014684027847823	0.06711283594127825	-0.06748159117339747	0.04092486417613956	-0.12140944827445432	0.050382657118713155	-0.05304222397105671	0.07477996241450419	-0.036205304788215445
-0.15941556484842473	0.125038128337143	-0.2649493172569242	0.31448077088613297	-0.521186271151594	0.08726635750434032	-0.10720397260020861	0.26766468983433994	-0.6588391623190389	0.9999999999999987	-0.10954282886654822	0.08735790981821857	-0.20181112162998419	0.1731779695387098	-0.22715301113991151	0.11222535552626929	-0.1111064980775443	0.13292938267908938	-0.1602309459307721	0.1408347529523277	-0.07684302833582088	0.09283105359471218	-0.12727624476820446	0.1368158712645499	-0.09554343650161508	0.07238888161257143	-0.08074789049007156	0.09194118062710943	-0.08427306908092161	0.1307976075468045	-0.09002147126286242	0.0669420477117862	-0.07531513763155886	0.07483120797238026	-0.045897012703151684	0.13157304865883349	-0.056096719534122215	0.058649132867027665	-0.08465847308939767	0.04036582908681548
0.21376777818146955	-0.1824362314267029	0.17378719061058226	-0.08666848904986245	0.08868593291734642	-0.6169511863953002	0.32614816561075	-0.1729651096243715	0.09393810778707413	-0.10954282886654822	0.9999999999999994	-0.4615500382410242	0.1129500482258335	-0.09094625023910462	0.09264379481575401	-0.3790981922873021	0.26825214348614096	-0.11876019095738052	0.09424932361903458	-0.07862046820422618	0.1732788084076752	-0.21619509870931677	0.11043736918112051	-0.13022822763507358	0.08572528204463756	-0.14442678630535205	0.14546302892861296	-0.12039365774080113	0.10181215181080068	-0.12998809924076457	0.13839175839470597	-0.09821327828900342	0.1026530764713611	-0.09496108296591056	0.055239522199102185	-0.19637310140904732	0.07770321355830256	-0.08146304735363367	0.10385218708580016	-0.04919751569230511
-0.16774400832402006	0.13026285199266302	-0.14614963554958735	0.06969947345747372	-0.07328733642147221	0.2773530970816739	-0.5467575277541543	0.14191331518259254	-0.07817589738026683	0.08735790981821857	-0.4615500382410242	0.9999999999999967	-0.10536406106476208	0.07988773081682872	-0.08112461110464488	0.2497241025715415	-0.578939308475916	0.11249668859261368	-0.08406338164461057	0.0678957213892432	-0.14688877114221968	0.1960100238948299	-0.10312487651459105	0.10713348510346307	-0.07104269880104822	0.11842967753436949	-0.1322080237604257	0.10053098966458894	-0.08576734783553222	0.10409181391014735	-0.11465317857760475	0.0802245083639387	-0.0851004162038229	0.07799371404557687	-0.045624762060408386	0.1499147545883085	-0.06254925711905948	0.06508125139212938	-0.0862432846593899	0.04035731330631226
0.13216647442261523	-0.1037970970929662	0.2002499263642967	-0.13782680635091848	0.14285362644912555	-0.0891707316444036	0.11426937841747828	-0.5107966996014434	0.19347635966131366	-0.20181112162998419	0.1129500482258335	-0.10536406106476208	0.9999999999999968	-0.618414818861121	0.2650789952470172	-0.12944991007358256	0.13047844652817073	-0.3120384056800546	0.25507139955154834	-0.22315360177883872	0.08952668629973048	-0.11216528877384149	0.20797976733715542	-0.21654010496492448	0.13854926571777418	-0.08636296912726063	0.09729320642694049	-0.12468530638175927	0.11265514764000205	-0.19289884764073376	0.10481213502057281	-0.08138463686473046	0.09180292590175765	-0.09587032738564268	0.05740230540256385	-0.1530651484384156	0.06668675789399973	-0.07061082681727154	0.10292525669354263	-0.050821397550217855
-0.11026430122553126	0.0841664951966691	-0.16722665562834454	0.11719503333006143	-0.12714993734278174	0.07026415934979448	-0.08967924834295844	0.25711388063217555	-0.18714201203137698	0.1731779695387098	-0.09094625023910462	0.07988773081682872	-0.618414818861121	0.9999999999999938	-0.5088262313966271	0.10127274077405714	-0.10515668338417485	0.21440332374447305	-0.4240416336763687	0.27551155824521995	-0.07157700663304209	0.08850884089523296	-0.18041307957214717	0.17875387101438941	-0.12502101615087813	0.06877717069836743	-0.07849417465133866	0.0995573394915466	-0.0930250384628604	0.15432709981698517	-0.084780022069514	0.06527183136428423	-0.07463576403150934	0.07757955353399956	-0.047105213733553836	0.1190113968509949	-0.053576084518358706	0.05634257769230797	-0.08499905401918423	0.04135165339034545
0.10888717087368505	-0.08421432464151002	0.16181400897517573	-0.1207300281426843	0.1343104939567287	-0.07139206249950107	0.09003370288187242	-0.26041441879038507	0.16798617662295334	-0.22715301113991151	0.09264379481575401	-0.08112461110464488	0.2650789952470172	-0.5088262313966271	0.9999999999999962	-0.11044002728853725	0.10817764702177547	-0.22145159195654968	0.3195601987645263	-0.6342078867934307	0.07812628664792086	-0.09725874689147006	0.17610062078210187	-0.21758150573887297	0.15622352713006482	-0.07633114995254547	0.08647221296606296	-0.11458808344076934	0.10633329150238993	-0.20186546737739341	0.09399212279967654	-0.07369928168425278	0.08367426751691287	-0.0892064941666939	0.0538459268386595	-0.13667499728894553	0.06044764018187743	-0.064096645827061	0.09517742115738594	-0.047628938369770585
-0.19535802765902394	0.1404552857017867	-0.20750613367192144	0.09219304716351781	-0.10249265067232831	0.2056321056806505	-0.26953278693616933	0.16495739994366806	-0.10153921787908235	0.11222535552626929	-0.3790981922873021	0.2497241025715415	-0.12944991007358256	0.10127274077405714	-0.11044002728853725	0.9999999999999971	-0.4554223951202326	0.1406787300547105	-0.11349245219431527	0.09047221828706653	-0.5367363041341696	0.29561893648951626	-0.14260239801274918	0.14839663674499323	-0.10123489949135056	0.25326864043509817	-0.26310798895546217	0.16660870514673723	-0.14479542406214804	0.14434533198684726	-0.2420467401941718	0.14682027832136166	-0.1578653261195236	0.1315150550071006	-0.07812692513136932	0.22991663703154813	-0.10900107227102243	0.10978927878867747	-0.15212989976884186	0.06808828922775365
0.1602392513095972	-0.12860733938309252	0.16966327351907584	-0.08568696717832659	0.09192857089162056	-0.2081102409650301	0.2597338322950855	-0.17279422442917897	0.0969022964389014	-0.1111064980775443	0.26825214348614096	-0.578939308475916	0.13047844652817073	-0.10515668338417485	0.10817764702177547	-0.4554223951202326	0.9999999999999953	-0.1854433373084419	0.11629790762444817	-0.09401275772488062	0.23563784308743718	-0.4162926720287579	0.15154173005820784	-0.15530138636324697	0.1018183504896492	-0.19611896930506326	0.21176883382929118	-0.1551797160944034	0.128299265028449	-0.14922944036563376	0.17348701304915837	-0.12293078157440633	0.12776239091465652	-0.11700080644661892	0.0672429077185445	-0.22525164786085317	0.0936014476295157	-0.09772680892599053	0.12712238783081078	-0.05964355466874163
-0.12575965049628887	0.09321970955888492	-0.17636118243951632	0.09712945902212766	-0.11003252979377474	0.08796569435213787	-0.11360827982042063	0.20457166685646905	-0.1246273054277681	0.13292938267908938	-0.11876019095738052	0.11249668859261368	-0.3120384056800546	0.21440332374447305	-0.22145159195654968	0.1406787300547105	-0.1854433373084419	0.9999999999999932	-0.36206685867319083	0.2022176432772926	-0.1024520641563309	0.1308832560049615	-0.7351705694966529	0.2546633841604598	-0.166606836319775	0.09763531583809411	-0.11648044626154437	0.15596754423704903	-0.14244047845468794	0.18872043206353364	-0.1179474674469761	0.09133525994740936	-0.10781823540845906	0.10999688658884038	-0.06581964540655595	0.15055984490441152	-0.0729710967744272	0.07621231182482054	-0.12082169656641617	0.05709133618211722
0.10735600024820129	-0.08176929054832392	0.1561744287364869	-0.10348474336681254	0.1129589681501899	-0.07167607837672965	0.09076779522761047	-0.23037566570267232	0.13827734135849	-0.1602309459307721	0.09424932361903458	-0.08406338164461057	0.25507139955154834	-0.4240416336763687	0.3195601987645263	-0.11349245219431527	0.11629790762444817	-0.36206685867319083	0.9999999999999947	-0.6349209321092518	0.0815168057527122	-0.10225743400352846	0.23202376502839153	-0.289650953616419	0.17761236987835224	-0.079806278559436	0.09174354951804381	-0.12597094182012125	0.11901063625565243	-0.21043395851913185	0.09801916371049692	-0.07735510867891321	0.0889332361646291	-0.09587946664504692	0.05741004429390827	-0.13713997309503612	0.0628458570826323	-0.06650391184003654	0.10178012337311443	-0.05048890317845651
-0.09286636632531879	0.06989492615175162	-0.13644186562399416	0.08918504928378636	-0.10292719560977744	0.059655963859454327	-0.07563631747566492	0.17864737638505473	-0.12357357198774116	0.1408347529523277	-0.07862046820422618	0.0678957213892432	-0.22315360177883872	0.27551155824521995	-0.6342078867934307	0.09047221828706653	-0.09401275772488062	0.2022176432772926	-0.6349209321092518	0.9999999999999952	-0.06567961959546059	0.08100008830592333	-0.18078314976870957	0.19584248731114332	-0.18087451952049405	0.06376838086210436	-0.07375355365888353	0.09723410168954229	-0.09455581736125289	0.1713122266639385	-0.0795986773698747	0.061862906589470926	-0.07171052642096547	0.07608482572530394	-0.04676125271307475	0.10853825759636185	-0.05062132542297113	0.05317945149083431	-0.08323079026241204	0.04079226067280235
0.1137754685263952	-0.0842061213612752	0.13027617309308187	-0.06112943821927325	0.06815115424974208	-0.11226903467052493	0.14153093200799258	-0.11212700161095639	0.06840459591804164	-0.07684302833582088	0.1732788084076752	-0.14688877114221968	0.08952668629973048	-0.07157700663304209	0.07812628664792086	-0.5367363041341696	0.23563784308743718	-0.1024520641563309	0.0815168057527122	-0.06567961959546059	0.9999999999999903	-0.48299584602450646	0.1063304282298021	-0.11815198951505597	0.07988848671969061	-0.5529260666049522	0.29670326677681036	-0.16325373811658517	0.1291064625978287	-0.11576479781465729	0.23097048823454822	-0.1495411522211104	0.14157594677053878	-0.11838241547007525	0.06602294694807978	-0.22634081584223398	0.09908056348296101	-0.10204067694715105	0.12773223672613268	-0.05832968959476581
-0.14142257532020935	0.10370291721449994	-0.1605848875994082	0.07445068101119379	-0.08329955620432043	0.13859040948710682	-0.19133478286518674	0.1359831157588497	-0.08361166835919238	0.09283105359471218	-0.21619509870931677	0.1960100238948299	-0.11216528877384149	0.08850884089523296	-0.09725874689147006	0.29561893648951626	-0.4162926720287579	0.1308832560049615	-0.10225743400352846	0.08100008830592333	-0.48299584602450646	0.9999999999999956	-0.1411105411461904	0.1419261057594065	-0.09730976040714541	0.29931516137921177	-0.56607023966657	0.2005007705481839	-0.1690312676839532	0.13630164500182915	-0.23956957671924986	0.15573647089860715	-0.16606663435509328	0.13902008402134527	-0.08001747804752239	0.22184421532258378	-0.10929372089263842	0.11049178784754571	-0.15623667956138365	0.06940889545491585
0.11499897261420651	-0.08605802272663907	0.1596827632659668	-0.09065337203369893	0.10088175082511963	-0.08188449605925148	0.10402740318655136	-0.19775289451446937	0.11294685583730549	-0.12727624476820446	0.11043736918112051	-0.10312487651459105	0.20797976733715542	-0.18041307957214717	0.17610062078210187	-0.14260239801274918	0.15154173005820784	-0.7351705694966529	0.23202376502839153	-0.18078314976870957	0.1063304282298021	-0.1411105411461904	0.9999999999999947	-0.4213930060102615	0.19902020698159303	-0.10615152616679645	0.12664064016801257	-0.218356530202085	0.17359111538259533	-0.24848315543373442	0.1258649323077772	-0.1032850255409944	0.12115695789153748	-0.13103362354341355	0.0747364178461442	-0.16569662627339235	0.08045315987167552	-0.08545489508643647	0.13382128340591953	-0.06555210454646292
-0.1516459331713658	0.10913018878737274	-0.21384660488718005	0.10569432008018642	-0.12388209819257354	0.09551510334507728	-0.12141753729604157	0.19099071458694772	-0.12802908324687978	0.1368158712645499	-0.13022822763507358	0.10713348510346307	-0.21654010496492448	0.17875387101438941	-0.21758150573887297	0.14839663674499323	-0.15530138636324697	0.2546633841604598	-0.289650953616419	0.19584248731114332	-0.11815198951505597	0.1419261057594065	-0.4213930060102615	0.9999999999999976	-0.5708660284699786	0.11753413029735023	-0.14387543295980765	0.21033451052535823	-0.28094426296750374	0.3184864916346396	-0.15348199780994073	0.12145400776957217	-0.14961168394428867	0.16834775647245553	-0.10282694026522385	0.1839275748138843	-0.09884622805702231	0.10256200165044652	-0.18597858931156402	0.0865909570395223
0.0983787247937486	-0.0713612361723359	0.13847035774588992	-0.07123579556504765	0.08263805459053662	-0.06296090675612591	0.07981226978550367	-0.1323857636322086	0.08660117413042069	-0.09554343650161508	0.08572528204463756	-0.07104269880104822	0.13854926571777418	-0.12502101615087813	0.15622352713006482	-0.10123489949135056	0.1018183504896492	-0.166606836319775	0.17761236987835224	-0.18087451952049405	0.07988848671969061	-0.09730976040714541	0.19902020698159303	-0.5708660284699786	0.9999999999999942	-0.08074760426398798	0.09688952088713107	-0.15119825670929293	0.17108376576530143	-0.7168107150620228	0.10396853576287855	-0.08471386974349504	0.10203958574854072	-0.12277132201081586	0.08020146841019549	-0.12992257453559491	0.06830224709038665	-0.07198917191390011	0.12663991278262093	-0.06926668971963644
-0.1049621083142682	0.07640780108639361	-0.1250356993022911	0.05794077689678648	-0.06543286132967437	0.09334251781113906	-0.12214331967156904	0.10416630742540145	-0.06500718175317312	0.07238888161257143	-0.14442678630535205	0.11842967753436949	-0.08636296912726063	0.06877717069836743	-0.07633114995254547	0.25326864043509817	-0.19611896930506326	0.09763531583809411	-0.079806278559436	0.06376838086210436	-0.5529260666049522	0.29931516137921177	-0.10615152616679645	0.11753413029735023	-0.08074760426398798	0.9999999999999946	-0.5672036025340857	0.1892325766326182	-0.1520143330862566	0.11459752993797247	-0.42374325471065105	0.18503534803135033	-0.1757053003200923	0.13162215130152582	-0.07276872149559288	0.23254375536481553	-0.11271231436010178	0.1125668121729235	-0.14264763286526227	0.06367474743203685
0.10982798079859701	-0.0811119172757892	0.13262008049638918	-0.06344388149779073	0.07130191960937461	-0.09817546103892782	0.12661553198810394	-0.11694238222547389	0.0718846595202152	-0.08074789049007156	0.14546302892861296	-0.1322080237604257	0.09729320642694049	-0.07849417465133866	0.08647221296606296	-0.26310798895546217	0.21176883382929118	-0.11648044626154437	0.09174354951804381	-0.07375355365888353	0.29670326677681036	-0.56607023966657	0.12664064016801257	-0.14387543295980765	0.09688952088713107	-0.5672036025340857	0.9999999999999934	-0.3309229236943053	0.19349220931435693	-0.13928062141198	0.2518785155262206	-0.19642460375142223	0.18351405339319546	-0.1600572096603294	0.08315815802627445	-0.25032360095373535	0.11822435289180584	-0.1230454985743531	0.1596166639400233	-0.07343892755751621
-0.1145766592972859	0.08290354859006292	-0.150985467881764	0.07224875144634975	-0.08326494783694814	0.08383825333577458	-0.10808858317878765	0.13022915705118643	-0.0838081902998243	0.09194118062710943	-0.12039365774080113	0.10053098966458894	-0.12468530638175927	0.0995573394915466	-0.11458808344076934	0.16660870514673723	-0.1551797160944034	0.15596754423704903	-0.12597094182012125	0.09723410168954229	-0.16325373811658517	0.2005007705481839	-0.218356530202085	0.21033451052535823	-0.15119825670929293	0.1892325766326182	-0.3309229236943053	0.9999999999999906	-0.6809570478848161	0.19156638437079673	-0.22870726429186786	0.20839010211466266	-0.33448409360868436	0.27460179021419373	-0.1405686584507934	0.22607075600912852	-0.14440803231993382	0.15080801019751144	-0.2754205638143027	0.11725419429544648
0.09943230125983155	-0.07235133099694432	0.13242657459107648	-0.06503356379849708	0.07463320034839921	-0.0718305471628244	0.09170803540425486	-0.11944566946146654	0.07597124493095857	-0.08427306908092161	0.10181215181080068	-0.08576734783553222	0.11265514764000205	-0.0930250384628604	0.10633329150238993	-0.14479542406214804	0.128299265028449	-0.14244047845468794	0.11901063625565243	-0.09455581736125289	0.1291064625978287	-0.1690312676839532	0.17359111538259533	-0.28094426296750374	0.17108376576530143	-0.1520143330862566	0.19349220931435693	-0.6809570478848161	0.9999999999999891	-0.24825922456830368	0.17728129006630325	-0.17834725036739857	0.22611977859029442	-0.4717707214701276	0.1423599699397042	-0.21443204259064325	0.1256016335092383	-0.13988320177924823	0.2542619755219903	-0.12602240602266315
-0.15544100477606332	0.11081827259329918	-0.21928213827164272	0.10387305388477137	-0.1232886536820188	0.09519650318393397	-0.12062290815411994	0.17809421529528355	-0.12306322626790486	0.1307976075468045	-0.12998809924076457	0.10409181391014735	-0.19289884764073376	0.15432709981698517	-0.20186546737739341	0.14434533198684726	-0.14922944036563376	0.18872043206353364	-0.21043395851913185	0.1713122266639385	-0.11576479781465729	0.13630164500182915	-0.24848315543373442	0.3184864916346396	-0.7168107150620228	0.11459752993797247	-0.13928062141198	0.19156638437079673	-0.24825922456830368	0.9999999999999887	-0.1537481916350289	0.12007170512609036	-0.14776721996960093	0.16649680694066296	-0.1258098809256743	0.1817943437590066	-0.09962948055572632	0.10289199698815149	-0.1932006104330016	0.10108418776104908
0.11856884277250593	-0.08648965711532004	0.15000570211310102	-0.0709982023215096	0.08064448395349702	-0.09438001097408645	0.12020367156645746	-0.12769832420574778	0.07986529423986913	-0.09002147126286242	0.13839175839470597	-0.11465317857760475	0.10481213502057281	-0.084780022069514	0.09399212279967654	-0.2420467401941718	0.17348701304915837	-0.1179474674469761	0.09801916371049692	-0.0795986773698747	0.23097048823454822	-0.23956957671924986	0.1258649323077772	-0.15348199780994073	0.10396853576287855	-0.42374325471065105	0.2518785155262206	-0.22870726429186786	0.17728129006630325	-0.1537481916350289	0.9999999999999867	-0.49473128942424616	0.27902938825154994	-0.197561568604413	0.10277733122373588	-0.532813652170576	0.20340815175907773	-0.20845758292260452	0.20109627249955037	-0.09283695823325606
-0.08835713789361227	0.06390616471956076	-0.11364619851675457	0.05319192519238363	-0.060968319671333	0.06713263991777037	-0.08636734645848698	0.09435738018578681	-0.06014684027847823	0.0669420477117862	-0.09821327828900342	0.0802245083639387	-0.08138463686473046	0.06527183136428423	-0.07369928168425278	0.14682027832136166	-0.12293078157440633	0.09133525994740936	-0.07735510867891321	0.061862906589470926	-0.1495411522211104	0.15573647089860715	-0.1032850255409944	0.12145400776957217	-0.08471386974349504	0.18503534803135033	-0.19642460375142223	0.20839010211466266	-0.17834725036739857	0.12007170512609036	-0.49473128942424616	0.9999999999999878	-0.685997238017231	0.20527037183092586	-0.1069703943584995	0.2716524231885443	-0.2992966453834216	0.2304621665192241	-0.21972752785371083	0.09298639192263053
0.09452725129801873	-0.06875975582317399	0.12277999741197462	-0.058887512940398845	0.06722989261360617	-0.07115449495762657	0.09081665124839623	-0.10652861502270809	0.06711283594127825	-0.07531513763155886	0.1026530764713611	-0.0851004162038229	0.09180292590175765	-0.07463576403150934	0.08367426751691287	-0.1578653261195236	0.12776239091465652	-0.10781823540845906	0.0889332361646291	-0.07171052642096547	0.14157594677053878	-0.16606663435509328	0.12115695789153748	-0.14961168394428867	0.10203958574854072	-0.1757053003200923	0.18351405339319546	-0.33448409360868436	0.22611977859029442	-0.14776721996960093	0.27902938825154994	-0.685997238017231	0.9999999999999848	-0.33687158335902667	0.12564501797533775	-0.31283393397006737	0.2312373454547479	-0.28779277593233316	0.24151793533202795	-0.11422228501752682
-0.0923875454855019	0.06685450716108365	-0.12232611603866948	0.05862424110440993	-0.06748836917860027	0.06639929479572271	-0.08501108076157335	0.10513341600459361	-0.06748159117339747	0.07483120797238026	-0.09496108296591056	0.07799371404557687	-0.09587032738564268	0.07757955353399956	-0.0892064941666939	0.1315150550071006	-0.11700080644661892	0.10999688658884038	-0.09587946664504692	0.07608482572530394	-0.11838241547007525	0.13902008402134527	-0.13103362354341355	0.16834775647245553	-0.12277132201081586	0.13162215130152582	-0.1600572096603294	0.27460179021419373	-0.4717707214701276	0.16649680694066296	-0.197561568604413	0.20527037183092586	-0.33687158335902667	0.999999999999985	-0.3138951523071574	0.22286927927255912	-0.167993004853778	0.18255073701386892	-0.6160789749406507	0.2282367817108877
0.05458670299306123	-0.03968132043277624	0.07268858847755888	-0.035484196369300176	0.040668713729973396	-0.03897502528258468	0.04958152257867486	-0.06451900019235939	0.04092486417613956	-0.045897012703151684	0.055239522199102185	-0.045624762060408386	0.05740230540256385	-0.047105213733553836	0.0538459268386595	-0.07812692513136932	0.0672429077185445	-0.06581964540655595	0.05741004429390827	-0.04676125271307475	0.06602294694807978	-0.08001747804752239	0.0747364178461442	-0.10282694026522385	0.08020146841019549	-0.07276872149559288	0.08315815802627445	-0.1405686584507934	0.1423599699397042	-0.1258098809256743	0.10277733122373588	-0.1069703943584995	0.12564501797533775	-0.3138951523071574	0.9999999999999847	-0.14633180415188218	0.090768335248226	-0.10870282279457054	0.2658309232612322	-0.8752054567468626
-0.1991063920562301	0.13991052284938515	-0.2622125034732643	0.11145337989809798	-0.1309743512377206	0.13451272892329008	-0.17338372326440465	0.1797222230177324	-0.12140944827445432	0.13157304865883349	-0.19637310140904732	0.1499147545883085	-0.1530651484384156	0.1190113968509949	-0.13667499728894553	0.22991663703154813	-0.22525164786085317	0.15055984490441152	-0.13713997309503612	0.10853825759636185	-0.22634081584223398	0.22184421532258378	-0.16569662627339235	0.1839275748138843	-0.12992257453559491	0.23254375536481553	-0.25032360095373535	0.22607075600912852	-0.21443204259064325	0.1817943437590066	-0.532813652170576	0.2716524231885443	-0.31283393397006737	0.22286927927255912	-0.14633180415188218	0.9999999999999849	-0.33949634869899215	0.2448696637916571	-0.3116042429363325	0.12470212859583119
0.07432327972306854	-0.053444981935480126	0.097158916074652	-0.0448744816771282	0.05168687423615924	-0.053713309249518525	0.06874638356910176	-0.07838620099636984	0.050382657118713155	-0.056096719534122215	0.07770321355830256	-0.06254925711905948	0.06668675789399973	-0.053576084518358706	0.06044764018187743	-0.10900107227102243	0.0936014476295157	-0.0729710967744272	0.0628458570826323	-0.05062132542297113	0.09908056348296101	-0.10929372089263842	0.08045315987167552	-0.09884622805702231	0.06830224709038665	-0.11271231436010178	0.11822435289180584	-0.14440803231993382	0.1256016335092383	-0.09962948055572632	0.20340815175907773	-0.2992966453834216	0.2312373454547479	-0.167993004853778	0.090768335248226	-0.33949634869899215	0.9999999999999855	-0.8318904577573687	0.20647068582755262	-0.08832873773956837
-0.07899811323501162	0.0565747057717583	-0.10361976121206942	0.04730368807833346	-0.05472099701518186	0.05627853385278897	-0.07219458961715856	0.08167952839382246	-0.05304222397105671	0.058649132867027665	-0.08146304735363367	0.06508125139212938	-0.07061082681727154	0.05634257769230797	-0.064096645827061	0.10978927878867747	-0.09772680892599053	0.07621231182482054	-0.06650391184003654	0.05317945149083431	-0.10204067694715105	0.11049178784754571	-0.08545489508643647	0.10256200165044652	-0.07198917191390011	0.1125668121729235	-0.1230454985743531	0.15080801019751144	-0.13988320177924823	0.10289199698815149	-0.20845758292260452	0.2304621665192241	-0.28779277593233316	0.18255073701386892	-0.10870282279457054	0.2448696637916571	-0.8318904577573687	0.9999999999999856	-0.29797005339846233	0.10191042988152696
0.10011819663169985	-0.07306078403615976	0.13222632653096733	-0.06505660732174712	0.07411631386596695	-0.07304044062865815	0.09283012833775248	-0.11953170511945758	0.07477996241450419	-0.08465847308939767	0.10385218708580016	-0.0862432846593899	0.10292525669354263	-0.08499905401918423	0.09517742115738594	-0.15212989976884186	0.12712238783081078	-0.12082169656641617	0.10178012337311443	-0.08323079026241204	0.12773223672613268	-0.15623667956138365	0.13382128340591953	-0.18597858931156402	0.12663991278262093	-0.14264763286526227	0.1596166639400233	-0.2754205638143027	0.2542619755219903	-0.1932006104330016	0.20109627249955037	-0.21972752785371083	0.24151793533202795	-0.6160789749406507	0.2658309232612322	-0.3116042429363325	0.20647068582755262	-0.29797005339846233	0.9999999999999857	-0.3802785779833059
-0.048958983897171945	0.035463931228511145	-0.06526172009809258	0.03146892676810453	-0.03620197993496645	0.034655734597695206	-0.04415843281869217	0.056564578735253924	-0.036205304788215445	0.04036582908681548	-0.04919751569230511	0.04035731330631226	-0.050821397550217855	0.04135165339034545	-0.047628938369770585	0.06808828922775365	-0.05964355466874163	0.05709133618211722	-0.05048890317845651	0.04079226067280235	-0.05832968959476581	0.06940889545491585	-0.06555210454646292	0.0865909570395223	-0.06926668971963644	0.06367474743203685	-0.07343892755751621	0.11725419429544648	-0.12602240602266315	0.10108418776104908	-0.09283695823325606	0.09298639192263053	-0.11422228501752682	0.2282367817108877	-0.8752054567468626	0.12470212859583119	-0.08832873773956837	0.10191042988152696	-0.3802785779833059	0.9999999999999858
