1.0000000000000002	-0.7060186150965768	0.15405534232391216	-0.05515093861241177	0.040940132744234775	-0.5798675608716933	0.308248570354134	-0.1501293937895141	0.06892556578794701	-0.07148968717274957	0.17571258076196541	-0.2003345055029283	0.09639844363038709	-0.07797342139487264	0.07674006077029126	-0.11435417530331748	0.14378674905492514	-0.0683972898395945	0.05869428571244105	-0.07559970106290562	0.11842571220416524	-0.09267265079618145	0.05198563096086894	-0.04868725601187509	0.033776322041384095	-0.1171903275320462	0.07676141327484738	-0.05251195721178005	0.04643787896509356	-0.04051120838815052
-0.7060186150965768	1.0000000000000002	-0.22890571735627108	0.05839430951372181	-0.04386119237368798	0.32024117900214344	-0.5244826858317022	0.17006203663267072	-0.07642382405098103	0.07534024527778418	-0.19392605855046077	0.20907693683384912	-0.10582059070121502	0.08131275494433678	-0.0813125827493659	0.11864501536181064	-0.16703343288581768	0.0708546540837466	-0.061216226435820593	0.07684634549393753	-0.12832144166722056	0.09440331470122701	-0.05406695684119747	0.05007941188676963	-0.034628109837770184	0.11400914844791257	-0.08013213892049496	0.05389796685204838	-0.04817188378510696	0.041158138051731075
0.15405534232391216	-0.22890571735627108	1.0000000000000004	-0.1944751438843855	0.1342960014573953	-0.15387074164838854	0.16977217904745345	-0.8514230288825573	0.23611861775278867	-0.25486627208132945	0.1024168939435357	-0.1216880331441035	0.12197688084854141	-0.10833463516135697	0.0888967624256901	-0.07091247710679628	0.09558224480515083	-0.07224808514158437	0.06447897795925496	-0.0847848054504374	0.08484745667800671	-0.07175646589590698	0.05162397826719798	-0.05068406351172908	0.035151210826295166	-0.08989557848762506	0.06258845703328002	-0.05195670898203132	0.04634801811296614	-0.04235126474696646
-0.05515093861241177	0.05839430951372181	-0.1944751438843855	1.0000000000000007	-0.7629892106069441	0.051342287654339465	-0.05820728384602799	0.16276626824065665	-0.5091246454000207	0.3224380630749762	-0.04616929409299729	0.04937407157726053	-0.07741560324361836	0.07577452053764938	-0.0636457243204367	0.03247769452115757	-0.04496664622947063	0.040599711238942265	-0.04022539945980137	0.04963992633130281	-0.0427000501246659	0.03581680413023721	-0.02946854683156192	0.0291461023005915	-0.02025921994002107	0.04382360541864323	-0.03279878102954001	0.02889432311972988	-0.026767591400226443	0.023876391362921072
0.040940132744234775	-0.04386119237368798	0.1342960014573953	-0.7629892106069441	1.0000000000000002	-0.03943439818727482	0.043678777738864076	-0.12673685347739105	0.3027174423807179	-0.5553872755972835	0.035375471633717015	-0.03814487250367578	0.05882298079909563	-0.0594009886533357	0.050029728621437716	-0.025130740186567958	0.034639703447746195	-0.03221099515671639	0.03160938764011891	-0.04011135014316044	0.03321584071617493	-0.028248799406973103	0.0232980575159513	-0.023192856397168927	0.01616769216512386	-0.03481787060397702	0.02582688232423956	-0.022998807020683517	0.0211991667679642	-0.019151055637940916
-0.5798675608716933	0.32024117900214344	-0.15387074164838854	0.051342287654339465	-0.03943439818727482	1.0000000000000002	-0.5906064264422434	0.13644223809049272	-0.06827842963889535	0.06594117470919636	-0.3279141634447907	0.2637732841197277	-0.12614286027164087	0.09560676366468827	-0.09911317426003759	0.17140904793718398	-0.22605721772136575	0.08790549886927804	-0.07541550986621193	0.09375261195134815	-0.1775120354963004	0.1237832414538786	-0.06791921821016958	0.06222163043777455	-0.04295194318506356	0.14900100469045435	-0.10446933427036	0.06762598990215667	-0.06041659702039359	0.050923658052169474
0.308248570354134	-0.5244826858317022	0.16977217904745345	-0.05820728384602799	0.043678777738864076	-0.5906064264422434	1.0000000000000009	-0.1871990481054676	0.07749564514249427	-0.07522635364318177	0.2352486229488928	-0.4404637583354362	0.12635761519071742	-0.09874861270361791	0.09272698943445455	-0.15153368004275886	0.20202135133676727	-0.0853703933144984	0.07216406438417866	-0.09093012924853092	0.14620697052576484	-0.11564834337805777	0.06410066354253846	-0.059432725095050466	0.04078403171218874	-0.1387849864083127	0.09395668694165585	-0.06404210583033837	0.056632600046053784	-0.04871823612093527
-0.1501293937895141	0.17006203663267072	-0.8514230288825573	0.16276626824065665	-0.12673685347739105	0.13644223809049272	-0.1871990481054676	1.000000000000001	-0.3351984740892331	0.2069435016106527	-0.10083387435493818	0.11475484264035411	-0.1335682318827555	0.10493160582713579	-0.08670698607506494	0.06790617235953925	-0.09391661508766304	0.06799048352131042	-0.06145897012729498	0.07799870719846012	-0.08179243224037679	0.0667125398227777	-0.04874174035744162	0.047325704015076825	-0.03269119956872249	0.08170450224905601	-0.05888521207667103	0.04833886967547758	-0.043597946814953256	0.03900253504638397
0.06892556578794701	-0.07642382405098103	0.23611861775278867	-0.5091246454000207	0.3027174423807179	-0.06827842963889535	0.07749564514249427	-0.3351984740892331	1.0000000000000007	-0.6914192732985591	0.05908369595443996	-0.0658118885886578	0.1066827157112005	-0.1224248936195367	0.08485354654234888	-0.041864301687024166	0.05777282029723031	-0.0554130635291176	0.05519272349059988	-0.0677109170891027	0.05424525396126539	-0.04683538460928873	0.03949866174854298	-0.03947180568349739	0.027177858642448424	-0.0572124048379274	0.04258510495100245	-0.03874417392273771	0.03572105454544863	-0.03213722686389334
-0.07148968717274957	0.07534024527778418	-0.25486627208132945	0.3224380630749762	-0.5553872755972835	0.06594117470919636	-0.07522635364318177	0.2069435016106527	-0.6914192732985591	1.0000000000000004	-0.05953474874027209	0.06349980088176903	-0.1003835288333439	0.09788349497655041	-0.08430895553538865	0.041805413009559846	-0.05796386782574337	0.052341630296040303	-0.05205947807174342	0.06441033336099111	-0.05494247431043504	0.04602783336039912	-0.03799525585343119	0.0375964364219852	-0.02614819684034744	0.05620223903954895	-0.042185022361915445	0.03722100497980042	-0.03453272313349227	0.030791942299959546
0.17571258076196541	-0.19392605855046077	0.1024168939435357	-0.04616929409299729	0.035375471633717015	-0.3279141634447907	0.2352486229488928	-0.10083387435493818	0.05908369595443996	-0.05953474874027209	1.000000000000002	-0.5370334152185636	0.16451354678063404	-0.1363419132873077	0.1343624035013011	-0.5737546610260531	0.32151102939250487	-0.1342254047959627	0.11017173342464479	-0.14181869188709376	0.2733484648061402	-0.21677964580494807	0.10291165760291131	-0.0947912405721862	0.06501792316348175	-0.2861209110945805	0.16245614073979156	-0.1049699079264645	0.0906357045786021	-0.07855193843594656
-0.2003345055029283	0.20907693683384912	-0.1216880331441035	0.04937407157726053	-0.03814487250367578	0.2637732841197277	-0.4404637583354362	0.11475484264035411	-0.0658118885886578	0.06349980088176903	-0.5370334152185636	1.0000000000000002	-0.2425660350343531	0.15428016143416665	-0.14411081627130337	0.2783610091311285	-0.5104391475866206	0.13848354054158798	-0.11521943683567988	0.13830845327044847	-0.25244391350209444	0.188849048304657	-0.10391377703340317	0.09347336653935881	-0.06324723448571445	0.21137338610772993	-0.15408386768549392	0.10104706499950568	-0.08993741886548139	0.07478315421196588
0.09639844363038709	-0.10582059070121502	0.12197688084854141	-0.07741560324361836	0.05882298079909563	-0.12614286027164087	0.12635761519071742	-0.1335682318827555	0.1066827157112005	-0.1003835288333439	0.16451354678063404	-0.2425660350343531	0.9999999999999989	-0.717671698339001	0.2933010313480878	-0.1276988380718887	0.17865018048358053	-0.34021256538158845	0.2553559139462043	-0.3211178932271576	0.1644944532674506	-0.1747069795376087	0.1892037360992172	-0.19114317579343576	0.12317097537719772	-0.20146822263870473	0.1561368415708078	-0.18461600759475752	0.1595084020889054	-0.15004148659095917
-0.07797342139487264	0.08131275494433678	-0.10833463516135697	0.07577452053764938	-0.0594009886533357	0.09560676366468827	-0.09874861270361791	0.10493160582713579	-0.1224248936195367	0.09788349497655041	-0.1363419132873077	0.15428016143416665	-0.717671698339001	1.0000000000000022	-0.4914534463327254	0.10200159327444311	-0.14754603492729873	0.2340049750335119	-0.30973924875448405	0.277684189588112	-0.140111332710089	0.13792185139445187	-0.1612430575221812	0.1649126750198842	-0.1075450934259237	0.15680936760550707	-0.1309861069833761	0.14752701868480156	-0.143623588594732	0.12249310042460138
0.07674006077029126	-0.0813125827493659	0.0888967624256901	-0.0636457243204367	0.050029728621437716	-0.09911317426003759	0.09272698943445455	-0.08670698607506494	0.08485354654234888	-0.08430895553538865	0.1343624035013011	-0.14411081627130337	0.2933010313480878	-0.4914534463327254	0.9999999999999994	-0.11154047160210809	0.15360034274631648	-0.28639916768226586	0.2855878133499093	-0.6488669263796628	0.16926166478999768	-0.184714679919451	0.1934429559606812	-0.2162405155453552	0.16150680361906386	-0.2336837199628838	0.17232390847073123	-0.20289761414611612	0.17960747433623378	-0.20124670513438075
-0.11435417530331748	0.11864501536181064	-0.07091247710679628	0.03247769452115757	-0.025130740186567958	0.17140904793718398	-0.15153368004275886	0.06790617235953925	-0.041864301687024166	0.041805413009559846	-0.5737546610260531	0.2783610091311285	-0.1276988380718887	0.10200159327444311	-0.11154047160210809	1.0000000000000013	-0.5516017698532579	0.11593363495555346	-0.09383290934553173	0.11361048889443552	-0.4937378726616664	0.20869054912462118	-0.09195722121764026	0.08060620547684651	-0.054643008669310995	0.2506247308717404	-0.15606082260301232	0.09091000980059857	-0.07932564735930533	0.0649670320176218
0.14378674905492514	-0.16703343288581768	0.09558224480515083	-0.04496664622947063	0.034639703447746195	-0.22605721772136575	0.20202135133676727	-0.09391661508766304	0.05777282029723031	-0.05796386782574337	0.32151102939250487	-0.5104391475866206	0.17865018048358053	-0.14754603492729873	0.15360034274631648	-0.5516017698532579	1.0000000000000004	-0.1870819172584318	0.1359060548069024	-0.16214039680558281	0.29472904958487767	-0.3483533453949243	0.1352446768001229	-0.11700068774476569	0.07746741779081667	-0.31808734226549606	0.21223950770603867	-0.1314792961949855	0.11274650227930258	-0.09222991275086218
-0.0683972898395945	0.0708546540837466	-0.07224808514158437	0.040599711238942265	-0.03221099515671639	0.08790549886927804	-0.0853703933144984	0.06799048352131042	-0.0554130635291176	0.052341630296040303	-0.1342254047959627	0.13848354054158798	-0.34021256538158845	0.2340049750335119	-0.28639916768226586	0.11593363495555346	-0.1870819172584318	0.9999999999999994	-0.5415011514372249	0.2673004123654161	-0.16675754010110094	0.1891162718629808	-0.5593810243938242	0.2813056446997748	-0.15555459159949933	0.17518291168217703	-0.19060615040905599	0.26129032490784243	-0.2664580595718803	0.1595077055541841
0.05869428571244105	-0.061216226435820593	0.06447897795925496	-0.04022539945980137	0.03160938764011891	-0.07541550986621193	0.07216406438417866	-0.06145897012729498	0.05519272349059988	-0.05205947807174342	0.11017173342464479	-0.11521943683567988	0.2553559139462043	-0.30973924875448405	0.2855878133499093	-0.09383290934553173	0.1359060548069024	-0.5415011514372249	1.0000000000000013	-0.5029381829780769	0.13842782714148394	-0.16397448386465496	0.27689917407402276	-0.437343595470307	0.17569251644626968	-0.1606787113836492	0.1574207240594432	-0.25022477077288807	0.24142571873757546	-0.1931988403696841
-0.07559970106290562	0.07684634549393753	-0.0847848054504374	0.04963992633130281	-0.04011135014316044	0.09375261195134815	-0.09093012924853092	0.07799870719846012	-0.0677109170891027	0.06441033336099111	-0.14181869188709376	0.13830845327044847	-0.3211178932271576	0.277684189588112	-0.6488669263796628	0.11361048889443552	-0.16214039680558281	0.2673004123654161	-0.5029381829780769	0.9999999999999991	-0.1807460629389232	0.17078178821663212	-0.21565674238515503	0.2302430110754053	-0.20064717513426022	0.18881535911452418	-0.17975850720704772	0.19275718975073258	-0.21461576336546	0.18529442869081306
0.11842571220416524	-0.12832144166722056	0.08484745667800671	-0.0427000501246659	0.03321584071617493	-0.1775120354963004	0.14620697052576484	-0.08179243224037679	0.05424525396126539	-0.05494247431043504	0.2733484648061402	-0.25244391350209444	0.1644944532674506	-0.140111332710089	0.16926166478999768	-0.4937378726616664	0.29472904958487767	-0.16675754010110094	0.13842782714148394	-0.1807460629389232	0.9999999999999997	-0.3973156113822402	0.14102313485606277	-0.1272717340412777	0.08807867801290242	-0.5997089064052213	0.2665735107643869	-0.14827127783364077	0.12558690603055644	-0.10683223792398373
-0.09267265079618145	0.09440331470122701	-0.07175646589590698	0.03581680413023721	-0.028248799406973103	0.1237832414538786	-0.11564834337805777	0.0667125398227777	-0.04683538460928873	0.04602783336039912	-0.21677964580494807	0.188849048304657	-0.1747069795376087	0.13792185139445187	-0.184714679919451	0.20869054912462118	-0.3483533453949243	0.1891162718629808	-0.16397448386465496	0.17078178821663212	-0.3973156113822402	1.0	-0.23599106058740213	0.1592502479447643	-0.10154864480089448	0.314014784545772	-0.6962778985464878	0.20722133134158566	-0.18104818588232524	0.11328257360336202
0.05198563096086894	-0.05406695684119747	0.05162397826719798	-0.02946854683156192	0.0232980575159513	-0.06791921821016958	0.06410066354253846	-0.04874174035744162	0.03949866174854298	-0.03799525585343119	0.10291165760291131	-0.10391377703340317	0.1892037360992172	-0.1612430575221812	0.1934429559606812	-0.09195722121764026	0.1352446768001229	-0.5593810243938242	0.27689917407402276	-0.21565674238515503	0.14102313485606277	-0.23599106058740213	1.0	-0.45100863357875676	0.16331169740593976	-0.16231636280286232	0.19861258164572876	-0.5299554884650374	0.30098562933547945	-0.18252714973520123
-0.04868725601187509	0.05007941188676963	-0.05068406351172908	0.0291461023005915	-0.023192856397168927	0.06222163043777455	-0.059432725095050466	0.047325704015076825	-0.03947180568349739	0.0375964364219852	-0.0947912405721862	0.09347336653935881	-0.19114317579343576	0.1649126750198842	-0.2162405155453552	0.08060620547684651	-0.11700068774476569	0.2813056446997748	-0.437343595470307	0.2302430110754053	-0.1272717340412777	0.1592502479447643	-0.45100863357875676	0.9999999999999999	-0.3253871038823388	0.14217975912010009	-0.1666564542960356	0.3011914756019506	-0.5697376895069753	0.23851786659047292
0.033776322041384095	-0.034628109837770184	0.035151210826295166	-0.02025921994002107	0.01616769216512386	-0.04295194318506356	0.04078403171218874	-0.03269119956872249	0.027177858642448424	-0.02614819684034744	0.06501792316348175	-0.06324723448571445	0.12317097537719772	-0.1075450934259237	0.16150680361906386	-0.054643008669310995	0.07746741779081667	-0.15555459159949933	0.17569251644626968	-0.20064717513426022	0.08807867801290242	-0.10154864480089448	0.16331169740593976	-0.3253871038823388	0.9999999999999993	-0.09910422410309128	0.10337708630409422	-0.15410522657026654	0.18914915742898902	-0.881368398892972
-0.1171903275320462	0.11400914844791257	-0.08989557848762506	0.04382360541864323	-0.03481787060397702	0.14900100469045435	-0.1387849864083127	0.08170450224905601	-0.0572124048379274	0.05620223903954895	-0.2861209110945805	0.21137338610772993	-0.20146822263870473	0.15680936760550707	-0.2336837199628838	0.2506247308717404	-0.31808734226549606	0.17518291168217703	-0.1606787113836492	0.18881535911452418	-0.5997089064052213	0.314014784545772	-0.16231636280286232	0.14217975912010009	-0.09910422410309128	0.9999999999999996	-0.5114797705092557	0.17522394387884882	-0.1608998186631981	0.11248441492681846
0.07676141327484738	-0.08013213892049496	0.06258845703328002	-0.03279878102954001	0.02582688232423956	-0.10446933427036	0.09395668694165585	-0.05888521207667103	0.04258510495100245	-0.042185022361915445	0.16245614073979156	-0.15408386768549392	0.1561368415708078	-0.1309861069833761	0.17232390847073123	-0.15606082260301232	0.21223950770603867	-0.19060615040905599	0.1574207240594432	-0.17975850720704772	0.2665735107643869	-0.6962778985464878	0.19861258164572876	-0.1666564542960356	0.10337708630409422	-0.5114797705092557	1.0	-0.28787711225613527	0.18383313674640422	-0.12243480337757123
-0.05251195721178005	0.05389796685204838	-0.05195670898203132	0.02889432311972988	-0.022998807020683517	0.06762598990215667	-0.06404210583033837	0.04833886967547758	-0.03874417392273771	0.03722100497980042	-0.1049699079264645	0.10104706499950568	-0.18461600759475752	0.14752701868480156	-0.20289761414611612	0.09091000980059857	-0.1314792961949855	0.26129032490784243	-0.25022477077288807	0.19275718975073258	-0.14827127783364077	0.20722133134158566	-0.5299554884650374	0.3011914756019506	-0.15410522657026654	0.17522394387884882	-0.28787711225613527	0.9999999999999998	-0.6466990094698517	0.1582029507026358
0.04643787896509356	-0.04817188378510696	0.04634801811296614	-0.026767591400226443	0.0211991667679642	-0.06041659702039359	0.056632600046053784	-0.043597946814953256	0.03572105454544863	-0.03453272313349227	0.0906357045786021	-0.08993741886548139	0.1595084020889054	-0.143623588594732	0.17960747433623378	-0.07932564735930533	0.11274650227930258	-0.2664580595718803	0.24142571873757546	-0.21461576336546	0.12558690603055644	-0.18104818588232524	0.30098562933547945	-0.5697376895069753	0.18914915742898902	-0.1608998186631981	0.18383313674640422	-0.6466990094698517	1.0	-0.2239854265661931
-0.04051120838815052	0.041158138051731075	-0.04235126474696646	0.023876391362921072	-0.019151055637940916	0.050923658052169474	-0.04871823612093527	0.03900253504638397	-0.03213722686389334	0.030791942299959546	-0.07855193843594656	0.07478315421196588	-0.15004148659095917	0.12249310042460138	-0.20124670513438075	0.0649670320176218	-0.09222991275086218	0.1595077055541841	-0.1931988403696841	0.18529442869081306	-0.10683223792398373	0.11328257360336202	-0.18252714973520123	0.23851786659047292	-0.881368398892972	0.11248441492681846	-0.12243480337757123	0.1582029507026358	-0.2239854265661931	1.0
