1.0	-0.7812017477095025	0.07302446852549725	-0.06648241422639789	0.08849047705033306	-0.5225246233810263	0.2728785734764648	-0.109160591845322	0.1060575794412313	-0.06045820791060067	0.17423513068110316	-0.17217939438392366	0.07375986805516946	-0.06804773616080695	0.060110349128886166	-0.08113245790498301	0.09938010466425648	-0.07755043240522043	0.042384962181245885	-0.0503703734874058	0.043874172190426365	-0.022707779746080795	0.02143806972278171	-0.012733568081576989	0.012857081062885545	-0.04121549285906611	0.01843250347735486	-0.021296232994298683	0.009977869330069701	-0.009840155494898377
-0.7812017477095025	0.9999999999999993	-0.10121861472071086	0.0871566662676928	-0.12363170303532738	0.3149495557789585	-0.4163128018501008	0.14083794737348465	-0.14861778485276997	0.08081866826964774	-0.23841257109042213	0.2012084883681571	-0.09662625883705975	0.0884901801406852	-0.08135499756540315	0.10668270118174032	-0.14051861508416574	0.09861347834188192	-0.0554031523559158	0.06492656597439106	-0.05908119774964986	0.0294531430001427	-0.02791418635338465	0.016585242779821815	-0.016803115998671892	0.0539707139693957	-0.024115307503454003	0.02772659535138732	-0.013039379605601066	0.012831490646086175
0.07302446852549725	-0.10121861472071086	0.9999999999999997	-0.8095063564502767	0.23447845357078584	-0.10694671577659315	0.11830403308587814	-0.41518107077335814	0.25705272283971525	-0.1736935526707238	0.08422411743159103	-0.09663649044403194	0.12916067634898395	-0.15702048006788755	0.13064665656960095	-0.05402010142745352	0.06523182969442302	-0.1446240557900248	0.0886359500324087	-0.11574389697702607	0.037873119747096035	-0.033688646093949594	0.0323473029473409	-0.020321519961166417	0.020342632151702802	-0.03846888835970087	0.02290989455966958	-0.02723742134805046	0.014563540549423038	-0.014487585530952514
-0.06648241422639789	0.0871566662676928	-0.8095063564502767	0.9999999999999997	-0.37329749781101684	0.09275674240616279	-0.10561687320491626	0.2615880626381956	-0.31143449989782096	0.18298373532889167	-0.07987761335296574	0.08685788277810726	-0.12228514317704714	0.15236000549341025	-0.1437586512699657	0.051252133912236604	-0.06300506811482963	0.13133885876880247	-0.08726516243931941	0.11101475864104703	-0.036918150310569185	0.03203518171157527	-0.0308797391771187	0.019592588129451676	-0.01971152860882096	0.037137940546207046	-0.02207851916471923	0.026142229698831787	-0.014113197687451486	0.014013629060118849
0.08849047705033306	-0.12363170303532738	0.23447845357078584	-0.37329749781101684	0.9999999999999999	-0.13425303354445467	0.13168228489167377	-0.2685264861558133	0.2657563851108049	-0.5997783257323877	0.11844686844195462	-0.13363866942325026	0.20987869163165548	-0.35005250383606346	0.2966721101424498	-0.08892127529596933	0.10516061455429541	-0.2746124728591828	0.1929841070271612	-0.27986590096939756	0.06979763910242755	-0.06861736422155004	0.06489466505603927	-0.04304587077321276	0.043046944466831064	-0.07369736437257601	0.046007957373521154	-0.05525074092684515	0.030456687778965562	-0.03056467189989711
-0.5225246233810263	0.3149495557789585	-0.10694671577659315	0.09275674240616279	-0.13425303354445467	0.9999999999999999	-0.6253472328197869	0.16707242605750033	-0.1728751509198968	0.08940559307210946	-0.3514640005007369	0.26708126933179327	-0.11409520668090525	0.10000029056229255	-0.0906808361108202	0.13557707757183018	-0.17268333590121004	0.11476984317482447	-0.06259838546291127	0.07259107685155407	-0.06963555031384781	0.03385920202194504	-0.03206131594405014	0.018865669815153606	-0.019080408266070218	0.0633899885511659	-0.027822942070255843	0.03198688058316724	-0.01485545730305404	0.014618582232715928
0.2728785734764648	-0.4163128018501008	0.11830403308587814	-0.10561687320491626	0.13168228489167377	-0.6253472328197869	0.9999999999999992	-0.2568654759854291	0.1835520640710141	-0.09429947120200718	0.27435208801804395	-0.4724391733136809	0.12733746761877202	-0.10931084597833654	0.09273153853870911	-0.12193108054943301	0.14304159846112882	-0.12821388450579377	0.06635182526263747	-0.07762044616019137	0.06212971110113481	-0.03404002021973493	0.032337674237418304	-0.018981174943057597	0.01908587554527531	-0.05872669630220541	0.026814757501614144	-0.031096772530767116	0.014646885811939363	-0.014444426912285691
-0.109160591845322	0.14083794737348465	-0.41518107077335814	0.2615880626381956	-0.2685264861558133	0.16707242605750033	-0.2568654759854291	0.9999999999999998	-0.716387780006459	0.19876815295481262	-0.13450437360371575	0.15264817322006857	-0.24129381509570652	0.20165928451412765	-0.17942976773142674	0.07808549922526645	-0.09662268457984498	0.19557797874507138	-0.11502036818000949	0.13183777699452146	-0.05154115633431716	0.043173061264658114	-0.042325188678711545	0.02556402714334562	-0.02568734464822979	0.05072702516153969	-0.029616262072895427	0.03487441418780809	-0.018438300976501214	0.018186839615110056
0.1060575794412313	-0.14861778485276997	0.25705272283971525	-0.31143449989782096	0.2657563851108049	-0.1728751509198968	0.1835520640710141	-0.716387780006459	0.9999999999999998	-0.3136055863225838	0.12857073367722552	-0.15374700504155062	0.21029621846422744	-0.29445227822147835	0.21727000602972948	-0.08231088626428028	0.09863148866052705	-0.23083794515766295	0.14347398923253432	-0.17765431198126932	0.056217325834353286	-0.05098791130340912	0.04926538605010118	-0.030641800407074156	0.030638510813212446	-0.05694061363551646	0.03421963416911557	-0.04066721506310552	0.021751814662273345	-0.02159308618475389
-0.06045820791060067	0.08081866826964774	-0.1736935526707238	0.18298373532889167	-0.5997783257323877	0.08940559307210946	-0.09429947120200718	0.19876815295481262	-0.3136055863225838	1.0000000000000009	-0.08468077150531626	0.09169780301266955	-0.1646116718713774	0.27022021358522186	-0.6248010511318186	0.05988921247518603	-0.07377583997010713	0.1774071689558168	-0.14853281408607572	0.18025459093711332	-0.04606918941658009	0.04327183055617683	-0.041992321017594654	0.027837366488372487	-0.02816930717179211	0.046647941449699755	-0.029311755894867036	0.034721476954356234	-0.019626000206095742	0.019482114820658012
0.17423513068110316	-0.23841257109042213	0.08422411743159103	-0.07987761335296574	0.11844686844195462	-0.3514640005007369	0.27435208801804395	-0.13450437360371575	0.12857073367722552	-0.08468077150531626	1.0000000000000004	-0.7178092028084405	0.14334333196237692	-0.11233086981495288	0.09034553359709142	-0.37226361742669023	0.2555736615359784	-0.1588865884387945	0.07178865834478328	-0.08372471281733154	0.10991310897948596	-0.047961198637053025	0.044211680028763356	-0.02517959772363277	0.025190027945672846	-0.10687554092938095	0.04135953615037795	-0.04781050855013923	0.02036724720800865	-0.0201405506089447
-0.17217939438392366	0.2012084883681571	-0.09663649044403194	0.08685788277810726	-0.13363866942325026	0.26708126933179327	-0.4724391733136809	0.15264817322006857	-0.15374700504155062	0.09169780301266955	-0.7178092028084405	1.000000000000001	-0.1859063314842539	0.11947689714206236	-0.10050929683570227	0.21199902387392464	-0.26410761300295366	0.15984712622554767	-0.07578359900463208	0.08460878156220966	-0.09623549510903187	0.04419985948544315	-0.04192588910908491	0.02381179421768891	-0.023963284507808692	0.08635466830717785	-0.03650086936562457	0.041912090895979456	-0.018830055713817274	0.018508516140311487
0.07375986805516946	-0.09662625883705975	0.12916067634898395	-0.12228514317704714	0.20987869163165548	-0.11409520668090525	0.12733746761877202	-0.24129381509570652	0.21029621846422744	-0.1646116718713774	0.14334333196237692	-0.1859063314842539	1.000000000000002	-0.4226827718891847	0.21216155059675132	-0.10870179659338693	0.13203121482592378	-0.7699429896154725	0.19914509747829698	-0.20046033465329013	0.06807689480703925	-0.0853288126143887	0.08656285666173999	-0.04456767359220952	0.042991018244316774	-0.06900625891732266	0.04858658201495272	-0.058470254793503804	0.02979376011002867	-0.02914590117504476
-0.06804773616080695	0.0884901801406852	-0.15702048006788755	0.15236000549341025	-0.35005250383606346	0.10000029056229255	-0.10931084597833654	0.20165928451412765	-0.29445227822147835	0.27022021358522186	-0.11233086981495288	0.11947689714206236	-0.4226827718891847	1.0000000000000018	-0.5591368405483459	0.07954173781054318	-0.10132228222880993	0.2810324912924121	-0.39752686114200037	0.27484990035740164	-0.05952222448101542	0.059652353791667216	-0.06037127755186892	0.04030575504872733	-0.04096759170118914	0.05880190120390508	-0.03911985402774417	0.045978832880030254	-0.02715717534799682	0.026651756461517004
0.060110349128886166	-0.08135499756540315	0.13064665656960095	-0.1437586512699657	0.2966721101424498	-0.0906808361108202	0.09273153853870911	-0.17942976773142674	0.21727000602972948	-0.6248010511318186	0.09034553359709142	-0.10050929683570227	0.21216155059675132	-0.5591368405483459	1.0000000000000018	-0.06861542116314423	0.0829837502319118	-0.24927108677125465	0.21534981030982883	-0.29061456850975853	0.05192618028387703	-0.05482859190902496	0.053106956391984685	-0.03604788381970151	0.036180128100856676	-0.053528944424818675	0.03536207715828216	-0.04228785200306767	0.024305899413001767	-0.024286749054831108
-0.08113245790498301	0.10668270118174032	-0.05402010142745352	0.051252133912236604	-0.08892127529596933	0.13557707757183018	-0.12193108054943301	0.07808549922526645	-0.08231088626428028	0.05988921247518603	-0.37226361742669023	0.21199902387392464	-0.10870179659338693	0.07954173781054318	-0.06861542116314423	1.0000000000000024	-0.8343580557412633	0.12695701935734252	-0.05528787800030131	0.06142233942130309	-0.23176792479913244	0.05581408649389778	-0.04956895242707323	0.02719332314247197	-0.027324648507576724	0.17499442359131578	-0.05633924005713851	0.06344177179435781	-0.023852263107391743	0.02354525670835083
0.09938010466425648	-0.14051861508416574	0.06523182969442302	-0.06300506811482963	0.10516061455429541	-0.17268333590121004	0.14304159846112882	-0.09662268457984498	0.09863148866052705	-0.07377583997010713	0.2555736615359784	-0.26410761300295366	0.13203121482592378	-0.10132228222880993	0.0829837502319118	-0.8343580557412633	1.0000000000000022	-0.18356875906683942	0.07018999823301392	-0.08010457080536434	0.1880732329836638	-0.06893412679323073	0.06073624468713365	-0.03380352165406235	0.03362150955144832	-0.21137406467682446	0.06824535652267286	-0.07888199202669909	0.029467403197382728	-0.02930747007973914
-0.07755043240522043	0.09861347834188192	-0.1446240557900248	0.13133885876880247	-0.2746124728591828	0.11476984317482447	-0.12821388450579377	0.19557797874507138	-0.23083794515766295	0.1774071689558168	-0.1588865884387945	0.15984712622554767	-0.7699429896154725	0.2810324912924121	-0.24927108677125465	0.12695701935734252	-0.18356875906683942	1.000000000000002	-0.25960696209563955	0.20423238895627857	-0.0835547152317085	0.10374845076607833	-0.12422824827007636	0.05540337066938415	-0.0545477423193597	0.08154920594972649	-0.060464969184840345	0.07089760364728309	-0.037288817193679574	0.03582469234087071
0.042384962181245885	-0.0554031523559158	0.0886359500324087	-0.08726516243931941	0.1929841070271612	-0.06259838546291127	0.06635182526263747	-0.11502036818000949	0.14347398923253432	-0.14853281408607572	0.07178865834478328	-0.07578359900463208	0.19914509747829698	-0.39752686114200037	0.21534981030982883	-0.05528787800030131	0.07018999823301392	-0.25960696209563955	1.0000000000000033	-0.8282798411957856	0.04272433500258209	-0.05085039219459163	0.05165923803142212	-0.049298015236858186	0.04922584885382003	-0.04252960017916146	0.03163499521433355	-0.037518644902171244	0.02733105839458733	-0.027378188198880025
-0.0503703734874058	0.06492656597439106	-0.11574389697702607	0.11101475864104703	-0.27986590096939756	0.07259107685155407	-0.07762044616019137	0.13183777699452146	-0.17765431198126932	0.18025459093711332	-0.08372471281733154	0.08460878156220966	-0.20046033465329013	0.27484990035740164	-0.29061456850975853	0.06142233942130309	-0.08010457080536434	0.20423238895627857	-0.8282798411957856	1.0000000000000029	-0.05043489292993488	0.053768447996204664	-0.05491672494955018	0.05337841638915792	-0.05828472188665143	0.04915738515795012	-0.035499978397538816	0.041536882682534006	-0.0313789058082913	0.03137487836555618
0.043874172190426365	-0.05908119774964986	0.037873119747096035	-0.036918150310569185	0.06979763910242755	-0.06963555031384781	0.06212971110113481	-0.05154115633431716	0.056217325834353286	-0.04606918941658009	0.10991310897948596	-0.09623549510903187	0.06807689480703925	-0.05952222448101542	0.05192618028387703	-0.23176792479913244	0.1880732329836638	-0.0835547152317085	0.04272433500258209	-0.05043489292993488	1.000000000000002	-0.16329871715577896	0.1254528319503173	-0.06774759407335551	0.06753121839435837	-0.8843302911328028	0.1990640548395063	-0.22272583103588905	0.06788465349958456	-0.06767554491681725
-0.022707779746080795	0.0294531430001427	-0.033688646093949594	0.03203518171157527	-0.06861736422155004	0.03385920202194504	-0.03404002021973493	0.043173061264658114	-0.05098791130340912	0.04327183055617683	-0.047961198637053025	0.04419985948544315	-0.0853288126143887	0.059652353791667216	-0.05482859190902496	0.05581408649389778	-0.06893412679323073	0.10374845076607833	-0.05085039219459163	0.053768447996204664	-0.16329871715577896	1.0000000000000022	-0.8192975856154656	0.198535512533649	-0.2218779346190823	0.14393815444437383	-0.3620241223559104	0.26281154922272154	-0.13643288855915878	0.11661526388366195
0.02143806972278171	-0.02791418635338465	0.0323473029473409	-0.0308797391771187	0.06489466505603927	-0.03206131594405014	0.032337674237418304	-0.042325188678711545	0.04926538605010118	-0.041992321017594654	0.044211680028763356	-0.04192588910908491	0.08656285666173999	-0.06037127755186892	0.053106956391984685	-0.04956895242707323	0.06073624468713365	-0.12422824827007636	0.05165923803142212	-0.05491672494955018	0.1254528319503173	-0.8192975856154656	1.0000000000000022	-0.289246048444441	0.2043695325374029	-0.12904074675094807	0.24534638217873547	-0.33554680061022957	0.13360067229142486	-0.1260144614631278
-0.012733568081576989	0.016585242779821815	-0.020321519961166417	0.019592588129451676	-0.04304587077321276	0.018865669815153606	-0.018981174943057597	0.02556402714334562	-0.030641800407074156	0.027837366488372487	-0.02517959772363277	0.02381179421768891	-0.04456767359220952	0.04030575504872733	-0.03604788381970151	0.02719332314247197	-0.03380352165406235	0.05540337066938415	-0.049298015236858186	0.05337841638915792	-0.06774759407335551	0.198535512533649	-0.289246048444441	1.0000000000000024	-0.8509644532236532	0.06566629711382145	-0.11773567121360867	0.13673895788548762	-0.3058831370652085	0.2367192122370067
0.012857081062885545	-0.016803115998671892	0.020342632151702802	-0.01971152860882096	0.043046944466831064	-0.019080408266070218	0.01908587554527531	-0.02568734464822979	0.030638510813212446	-0.02816930717179211	0.025190027945672846	-0.023963284507808692	0.042991018244316774	-0.04096759170118914	0.036180128100856676	-0.027324648507576724	0.03362150955144832	-0.0545477423193597	0.04922584885382003	-0.05828472188665143	0.06753121839435837	-0.2218779346190823	0.2043695325374029	-0.8509644532236532	1.0000000000000033	-0.06892862501457801	0.11466466803718485	-0.14561290853242048	0.24513029000822714	-0.3429516647829957
-0.04121549285906611	0.0539707139693957	-0.03846888835970087	0.037137940546207046	-0.07369736437257601	0.0633899885511659	-0.05872669630220541	0.05072702516153969	-0.05694061363551646	0.046647941449699755	-0.10687554092938095	0.08635466830717785	-0.06900625891732266	0.05880190120390508	-0.053528944424818675	0.17499442359131578	-0.21137406467682446	0.08154920594972649	-0.04252960017916146	0.04915738515795012	-0.8843302911328028	0.14393815444437383	-0.12904074675094807	0.06566629711382145	-0.06892862501457801	1.000000000000003	-0.2692821110207721	0.19573149169894763	-0.06647852208874433	0.062356627060342354
0.01843250347735486	-0.024115307503454003	0.02290989455966958	-0.02207851916471923	0.046007957373521154	-0.027822942070255843	0.026814757501614144	-0.029616262072895427	0.03421963416911557	-0.029311755894867036	0.04135953615037795	-0.03650086936562457	0.04858658201495272	-0.03911985402774417	0.03536207715828216	-0.05633924005713851	0.06824535652267286	-0.060464969184840345	0.03163499521433355	-0.035499978397538816	0.1990640548395063	-0.3620241223559104	0.24534638217873547	-0.11773567121360867	0.11466466803718485	-0.2692821110207721	1.0000000000000029	-0.8261779084201701	0.13173961953983582	-0.12829850818880612
-0.021296232994298683	0.02772659535138732	-0.02723742134805046	0.026142229698831787	-0.05525074092684515	0.03198688058316724	-0.031096772530767116	0.03487441418780809	-0.04066721506310552	0.034721476954356234	-0.04781050855013923	0.041912090895979456	-0.058470254793503804	0.045978832880030254	-0.04228785200306767	0.06344177179435781	-0.07888199202669909	0.07089760364728309	-0.037518644902171244	0.041536882682534006	-0.22272583103588905	0.26281154922272154	-0.33554680061022957	0.13673895788548762	-0.14561290853242048	0.19573149169894763	-0.8261779084201701	1.000000000000003	-0.18648154805308553	0.1425618582956948
0.009977869330069701	-0.013039379605601066	0.014563540549423038	-0.014113197687451486	0.030456687778965562	-0.01485545730305404	0.014646885811939363	-0.018438300976501214	0.021751814662273345	-0.019626000206095742	0.02036724720800865	-0.018830055713817274	0.02979376011002867	-0.02715717534799682	0.024305899413001767	-0.023852263107391743	0.029467403197382728	-0.037288817193679574	0.02733105839458733	-0.0313789058082913	0.06788465349958456	-0.13643288855915878	0.13360067229142486	-0.3058831370652085	0.24513029000822714	-0.06647852208874433	0.13173961953983582	-0.18648154805308553	1.0000000000000027	-0.8871617500162781
-0.009840155494898377	0.012831490646086175	-0.014487585530952514	0.014013629060118849	-0.03056467189989711	0.014618582232715928	-0.014444426912285691	0.018186839615110056	-0.02159308618475389	0.019482114820658012	-0.0201405506089447	0.018508516140311487	-0.02914590117504476	0.026651756461517004	-0.024286749054831108	0.02354525670835083	-0.02930747007973914	0.03582469234087071	-0.027378188198880025	0.03137487836555618	-0.06767554491681725	0.11661526388366195	-0.1260144614631278	0.2367192122370067	-0.3429516647829957	0.062356627060342354	-0.12829850818880612	0.1425618582956948	-0.8871617500162781	1.0000000000000024
