1.0	-0.3681289397488643	0.07286867516795009	-0.04988074777086676	0.07079771675599829	-0.7976986521065004	0.2507339299983208	-0.07965983062656205	0.07097011741562159	-0.05525499450537939	0.2578614402731445	-0.25860459624400434	0.08355183795585795	-0.07186703785288281	0.054736183160499996	-0.20986242894059964	0.17786163951691883	-0.09211547273709256	0.0739067100502425	-0.07527483292386704	0.14047521940450738	-0.12876175892969277	0.11989050419924749	-0.038626241997457636	0.03811537201849486	-0.09117847603073755	0.1469244458118932	-0.12161701155772363	0.06545575158787066	-0.0650370266314063	0.09036749203436305	-0.08670385129833717	0.07538987213724954	-0.054398060353507804	0.04999918570414063	-0.06876010757514475	0.06146076943033427	-0.057783982271109695	0.048520213067286086	-0.0534270148629345	0.07322167308447518	-0.05212183201571748	0.0657148253317875	-0.035136587126335495	0.041075510919551056
-0.3681289397488643	1.0	-0.0787289779873077	0.052010473765399114	-0.0731259398324045	0.2623604011337856	-0.7745568045885769	0.08219283192109711	-0.07393763538065673	0.05504161031458609	-0.29573718099167196	0.28214460377862693	-0.09053594687329694	0.07279302583008775	-0.0548253493532977	0.1866102263836365	-0.2324199145336794	0.09542444901902797	-0.07738573556102733	0.07204834008040753	-0.1516170593118561	0.13394587380246303	-0.1273700389456393	0.03776045185863813	-0.03776885625841304	0.09003757266984563	-0.14869049871831383	0.11460497714100372	-0.062311261543043096	0.06005841438607055	-0.09246493633220186	0.08138299594205879	-0.07199310447046921	0.050561364212333405	-0.046836512500190025	0.06568627854029635	-0.05891911667894027	0.05467575621246087	-0.045519930242195986	0.04931057103987693	-0.07114292324723023	0.04971933383501387	-0.06310481898185989	0.03271730700878867	-0.03843684163451958
0.07286867516795009	-0.0787289779873077	0.9999999999999991	-0.5883405850489762	0.29547640901509953	-0.06371364011986719	0.060601139218617615	-0.5784718126253892	0.30837875518038116	-0.2539435836873501	0.07820550359758825	-0.08553279677184719	0.2191007517177918	-0.22596376398844786	0.18299783814126852	-0.08394512860298704	0.09123163166344272	-0.21495869329162706	0.18232939179149152	-0.26668849401247324	0.09569708713103309	-0.09657683061861079	0.12419868775466517	-0.05704529207664612	0.05550330668651065	-0.06651311750719122	0.12182807159043094	-0.12241579233780352	0.06398989012112444	-0.06428472078815822	0.06753043332286982	-0.07024323242890469	0.06297657635483513	-0.0482899338467631	0.04495352181588422	-0.0542227406046431	0.049548716366826326	-0.047875709763191374	0.04166952555651594	-0.04711822203686837	0.05830790507550387	-0.04214912507971049	0.05346560439109334	-0.030253091200604577	0.03533341352918021
-0.04988074777086676	0.052010473765399114	-0.5883405850489762	0.9999999999999989	-0.5706595793011713	0.043138824625376646	-0.040394680013174894	0.28219419955939185	-0.46802311062504404	0.2502832621911163	-0.0533561988177875	0.05747815462074723	-0.14984724319843915	0.17211519551933396	-0.16842238755240388	0.056896998635418104	-0.0621918772022765	0.14042422407613225	-0.14139854317046782	0.21116838114924613	-0.06604615883272723	0.06572414035732878	-0.08536472043411526	0.041370112473430226	-0.040602478353157404	0.04562901459302755	-0.08459047450780798	0.08255327638574426	-0.0440547440107824	0.0439806034324777	-0.046672283804182556	0.048202063043044766	-0.043452628837974586	0.03313293966503226	-0.03091834996578003	0.03729098440385181	-0.03414913330369903	0.03295697355965078	-0.028681013487495674	0.0323136893812339	-0.040319879815161844	0.02905287541186781	-0.03694676716472575	0.020798435745950278	-0.024336168617475003
0.07079771675599829	-0.0731259398324045	0.29547640901509953	-0.5706595793011713	0.9999999999999987	-0.06144780608934811	0.0558965442912812	-0.32040127352597	0.319181838217912	-0.5026476549870649	0.07473536744528442	-0.08035057003240621	0.18100099418277954	-0.22619482527683002	0.25799741172415097	-0.0803906080747592	0.08667986607513782	-0.18854392406069528	0.18715085496894157	-0.37060554481137864	0.09361053324731766	-0.09278424746089643	0.11864124489961986	-0.060628535650868086	0.059079805286477924	-0.06558658113005648	0.12210908546083318	-0.11870823495282427	0.0637863983769925	-0.0641208383715911	0.06716649372908295	-0.07022842515347409	0.06331438090745355	-0.04840658381914208	0.04511143351879886	-0.05422425476077015	0.04970782954931666	-0.04806912161278206	0.04190062020874916	-0.04728773210003129	0.058680192221007045	-0.04234282875287462	0.05385954260613065	-0.03041974856916796	0.035585827046604276
-0.7976986521065004	0.2623604011337856	-0.06371364011986719	0.043138824625376646	-0.06144780608934811	0.999999999999999	-0.31579728378898975	0.06833830837804165	-0.061768017281720294	0.047061169693769694	-0.38155287743217586	0.23590299098299225	-0.07492455403165375	0.06215832612802031	-0.04695802906919099	0.1932675613704217	-0.18022473452099727	0.08122708469604885	-0.065298810528267	0.0630368585983766	-0.1343093364550888	0.11709451934558693	-0.1092977575490276	0.03332578821394537	-0.033130169147068414	0.08129146497562054	-0.1309492140183574	0.10369504501501096	-0.056110505866133864	0.054797649565827805	-0.08209470922867457	0.07415674878375661	-0.06509647980908642	0.046126852752925544	-0.04257276364474849	0.059560071203040084	-0.053274707428742234	0.04963346065800985	-0.04140545268360433	0.04510989849330585	-0.06403299665619855	0.04503330207157819	-0.056997325182714824	0.029842883902115244	-0.0349889417177808
0.2507339299983208	-0.7745568045885769	0.060601139218617615	-0.040394680013174894	0.0558965442912812	-0.31579728378898975	0.9999999999999981	-0.0683182109654113	0.0576383831627707	-0.04299954724557983	0.24319072680409007	-0.44245223762039276	0.07470488887360922	-0.059023663702463085	0.04266976218549848	-0.16981122690941153	0.19463101805484065	-0.07891395601925986	0.06120356651503443	-0.05680409515009934	0.11792253940173981	-0.11162228606724521	0.0989547169567131	-0.029447593533263393	0.029194003426794197	-0.07043943798943605	0.11018640876353754	-0.09111618770970521	0.047986679639301956	-0.046814998852378525	0.06994998076885574	-0.062341294893542	0.05421910630951071	-0.03870784402339448	0.03573980071640012	-0.050093943111123994	0.044561926468029985	-0.04143974544047805	0.03452581609854901	-0.03776225395091989	0.053262874035720574	-0.037558419593636254	0.04730251666805507	-0.024879581966459213	0.029092282308156317
-0.07965983062656205	0.08219283192109711	-0.5784718126253892	0.28219419955939185	-0.32040127352597	0.06833830837804165	-0.0683182109654113	0.999999999999998	-0.4659804422639544	0.22730435297126486	-0.08839667395221501	0.09555894809730098	-0.44139638122711466	0.2478862346249192	-0.19183951158931756	0.09165960130883521	-0.10432514744889601	0.2452010526750807	-0.22694413325388132	0.22540211940063698	-0.10713163687881778	0.10629509200802467	-0.14536491331722506	0.060565201264740645	-0.060297441472521626	0.07132158695507781	-0.13217665957534377	0.12696986404514501	-0.06750834276684849	0.0660520811743738	-0.07316092076066105	0.07322052057902939	-0.06617315125208559	0.04989572265930313	-0.04672057607139941	0.05696702522351409	-0.05211104909582572	0.05001335485957429	-0.043327066521783995	0.048498770793783647	-0.06168322526347979	0.044216902789915566	-0.05628730238987219	0.03132293213484963	-0.03670965462749892
0.07097011741562159	-0.07393763538065673	0.30837875518038116	-0.46802311062504404	0.319181838217912	-0.061768017281720294	0.0576383831627707	-0.4659804422639544	0.9999999999999983	-0.46657209787521386	0.07687008274474211	-0.08364831255942182	0.22700924530444289	-0.3369039862435829	0.25303774820108	-0.08273766356192516	0.09053624963381045	-0.21846307593092326	0.22380037093481864	-0.3306722744148919	0.09524801404246007	-0.09606874395621799	0.12509858356352413	-0.06230793545307569	0.06081032214104645	-0.06576633608195191	0.12098195993540836	-0.12077457097302233	0.06391620925957303	-0.06391417846756127	0.06692522491705272	-0.06917811249871397	0.06224242662268735	-0.047706614007936445	0.04453805684083331	-0.05346365908237954	0.04890772539038222	-0.04724146263560735	0.041161155349776324	-0.04648874848200773	0.05761290551660209	-0.04158754532957115	0.0528160439711544	-0.029854333362137112	0.03490077627954213
-0.05525499450537939	0.05504161031458609	-0.2539435836873501	0.2502832621911163	-0.5026476549870649	0.047061169693769694	-0.04299954724557983	0.22730435297126486	-0.46657209787521386	0.9999999999999967	-0.05875889017795437	0.0621127769791434	-0.15829677554699806	0.20664031816589432	-0.5918991675700798	0.06233937569733977	-0.06859932143577367	0.1489771384636634	-0.1826770678271398	0.3080197620037102	-0.07434573819845874	0.07265629539000391	-0.09546840107914992	0.05039531622195086	-0.05044034788999868	0.05096017370860444	-0.09635873382364121	0.0900497642696929	-0.04959803136281285	0.048992897399133276	-0.0526979254572627	0.05383855237489095	-0.04899246953161956	0.037023836712726035	-0.034701608567561014	0.041799250557476963	-0.038413801308079185	0.03700729620982325	-0.032205616092039833	0.03606553189124234	-0.04559563980217769	0.03268637507675722	-0.04174495483501626	0.023304663653840273	-0.027355009878980503
0.2578614402731445	-0.29573718099167196	0.07820550359758825	-0.0533561988177875	0.07473536744528442	-0.38155287743217586	0.24319072680409007	-0.08839667395221501	0.07687008274474211	-0.05875889017795437	1.0000000000000002	-0.5576852232674341	0.10297956034642738	-0.08301775663839225	0.05882090448527447	-0.546485137059576	0.3013560664391152	-0.11499891746313581	0.08614391941630621	-0.07990991726401234	0.19863362774377993	-0.18383216326111637	0.14847945384832703	-0.04360628360839463	0.04277967007422248	-0.1169005526610859	0.15867561861992063	-0.14239032060905726	0.07218279118271534	-0.07162450070378511	0.10789690489926666	-0.09569452034589361	0.08049608002398953	-0.05840394577731795	0.05357796001165991	-0.07700706351367437	0.06713820151291791	-0.06225965725564226	0.051568359035847486	-0.05698915454071418	0.07905596598060917	-0.05638835157174342	0.06999371081702749	-0.03726996705494924	0.04325046228007491
-0.25860459624400434	0.28214460377862693	-0.08553279677184719	0.05747815462074723	-0.08035057003240621	0.23590299098299225	-0.44245223762039276	0.09555894809730098	-0.08364831255942182	0.0621127769791434	-0.5576852232674341	0.9999999999999967	-0.12872504006594354	0.09104884572113915	-0.06274301746172822	0.29568013122771397	-0.49967897697887553	0.1288712348334321	-0.09657561305157888	0.08278589382192202	-0.20014011667513687	0.19081758377031657	-0.16390330660124974	0.04479571342316348	-0.044431291230065784	0.11048520297730806	-0.166453791474679	0.1396496787525228	-0.07204529625775918	0.06984353358123406	-0.10873735317367182	0.09275731327152427	-0.07989807268708952	0.05707882647961825	-0.052732703248310496	0.07495145147394236	-0.06620763742959025	0.06117112355970707	-0.0507117068176861	0.05550101082492124	-0.07885686277901782	0.055531669664989895	-0.06959663008016424	0.036489759180681834	-0.04256453830986099
0.08355183795585795	-0.09053594687329694	0.2191007517177918	-0.14984724319843915	0.18100099418277954	-0.07492455403165375	0.07470488887360922	-0.44139638122711466	0.22700924530444289	-0.15829677554699806	0.10297956034642738	-0.12872504006594354	0.9999999999999963	-0.4478532483284758	0.1597067224888965	-0.1131133247464127	0.1311655470075434	-0.6410533019173393	0.2951460076158676	-0.20655839170636028	0.11937511964776298	-0.13557347880109605	0.18471213317128918	-0.06890235183333367	0.06658308691752711	-0.07938584630378591	0.1367147785220668	-0.16037306154764885	0.07541984060102164	-0.0748869267383731	0.07765146803952457	-0.07831441810747071	0.06920751405038345	-0.053804350600319246	0.05024398229942799	-0.060511009111768564	0.05469837510452096	-0.052690060367644044	0.04572421267691502	-0.052027758659777254	0.06362465430885766	-0.046225427824175734	0.0581167063731774	-0.03311955296922224	0.038500219123804864
-0.07186703785288281	0.07279302583008775	-0.22596376398844786	0.17211519551933396	-0.22619482527683002	0.06215832612802031	-0.059023663702463085	0.2478862346249192	-0.3369039862435829	0.20664031816589432	-0.08301775663839225	0.09104884572113915	-0.4478532483284758	0.9999999999999977	-0.2747947998901701	0.08880108036590595	-0.1024919542841037	0.29843532541687934	-0.6714872300737211	0.26426851055703804	-0.10242136861131736	0.10588633736847312	-0.14863699877733438	0.08181547253585447	-0.08212428404438193	0.06785027435017393	-0.1233058150193836	0.12639555219998777	-0.06738022593048654	0.06604235150778603	-0.06865359464625471	0.06886283691802064	-0.0620699661549559	0.04773410209613257	-0.044978948796770155	0.0534126210991345	-0.048755991456169344	0.046961215215961694	-0.04095754126652803	0.0462120924033577	-0.05730840640461762	0.04129974179553415	-0.052400317255367736	0.02960423536819962	-0.034628630833346136
0.054736183160499996	-0.0548253493532977	0.18299783814126852	-0.16842238755240388	0.25799741172415097	-0.04695802906919099	0.04266976218549848	-0.19183951158931756	0.25303774820108	-0.5918991675700798	0.05882090448527447	-0.06274301746172822	0.1597067224888965	-0.2747947998901701	0.9999999999999918	-0.06319611553989408	0.06945921152907097	-0.1616519665266845	0.21414464887367896	-0.6584721854736576	0.07466526809826435	-0.07418736178079807	0.09766608776002826	-0.05953337779252271	0.05894148973470801	-0.05133991906939506	0.09609209343048397	-0.09268872263804831	0.05108876686252259	-0.050829545608255436	0.05274019856230804	-0.054206086026638	0.04921452361030484	-0.03762525490880283	0.035323114556810566	-0.04198342934625642	0.038543494955216744	-0.03722967020622541	0.03252343358460246	-0.036614357161202975	0.045575052252050094	-0.03278595442729682	0.04179142425847096	-0.023550453222888658	0.027603786455142318
-0.20986242894059964	0.1866102263836365	-0.08394512860298704	0.056896998635418104	-0.0803906080747592	0.1932675613704217	-0.16981122690941153	0.09165960130883521	-0.08273766356192516	0.06233937569733977	-0.546485137059576	0.29568013122771397	-0.1131133247464127	0.08880108036590595	-0.06319611553989408	0.9999999999999946	-0.601354921876646	0.13120935980629056	-0.0980793881999782	0.08438122356712102	-0.3652452423353247	0.2476816840616498	-0.19314087316272732	0.04988362877266649	-0.04925441147231405	0.15411853564706435	-0.1913454661936129	0.16411297507399292	-0.08295863423272079	0.08080737415655319	-0.14624164971248804	0.11169261717297137	-0.09385168190810828	0.06654523342604281	-0.06116730676723917	0.0924183092673437	-0.07986140978663137	0.07250820837450866	-0.05915176944564214	0.06460546467371453	-0.09493870789531818	0.06643840758973682	-0.0823290971616495	0.042497530936901895	-0.04931290272849493
0.17786163951691883	-0.2324199145336794	0.09123163166344272	-0.0621918772022765	0.08667986607513782	-0.18022473452099727	0.19463101805484065	-0.10432514744889601	0.09053624963381045	-0.06859932143577367	0.3013560664391152	-0.49967897697887553	0.1311655470075434	-0.1024919542841037	0.06945921152907097	-0.601354921876646	0.9999999999999963	-0.17425952913436782	0.11117653059063633	-0.09411399206289868	0.25824249323540704	-0.3843967737353255	0.2104882594273128	-0.054653036615318396	0.053100113344803114	-0.14274339534828487	0.19052429930534057	-0.18585370674868884	0.08774163643701681	-0.08670394029182658	0.1286843563233737	-0.11167616640677164	0.09292191507842303	-0.06826100770451672	0.06272971524256332	-0.08953459257430643	0.07770931534680825	-0.0719382901717562	0.059567503403535144	-0.06623718038966402	0.09068899466416212	-0.06493413417264879	0.08013737141951453	-0.04300768112133206	0.049733138677500635
-0.09211547273709256	0.09542444901902797	-0.21495869329162706	0.14042422407613225	-0.18854392406069528	0.08122708469604885	-0.07891395601925986	0.2452010526750807	-0.21846307593092326	0.1489771384636634	-0.11499891746313581	0.1288712348334321	-0.6410533019173393	0.29843532541687934	-0.1616519665266845	0.13120935980629056	-0.17425952913436782	0.9999999999999928	-0.4850914555783202	0.20148018309619	-0.14912668390037478	0.16894542721023476	-0.3123913446255195	0.08294554450012327	-0.0819689788284174	0.09320208857228489	-0.16316890011368174	0.18532398433318464	-0.08892973704819866	0.0853010704400809	-0.09194344192998385	0.08954617877197926	-0.07964176053145423	0.06122933522701341	-0.05754690586596556	0.06952163277980367	-0.0629135614169796	0.06029511083754789	-0.052190743908012684	0.0589885416064243	-0.07335497443849495	0.053003456504067875	-0.06677319153996947	0.0376724366010042	-0.043894173931063
0.0739067100502425	-0.07738573556102733	0.18232939179149152	-0.14139854317046782	0.18715085496894157	-0.065298810528267	0.06120356651503443	-0.22694413325388132	0.22380037093481864	-0.1826770678271398	0.08614391941630621	-0.09657561305157888	0.2951460076158676	-0.6714872300737211	0.21414464887367896	-0.0980793881999782	0.11117653059063633	-0.4850914555783202	0.9999999999999946	-0.3593259170864113	0.10906827770363732	-0.1206781100491023	0.16591501246736004	-0.10963623661497388	0.09793278609157646	-0.07353184978212393	0.12954116124879753	-0.14771951353107476	0.07493821908280485	-0.07481739644128262	0.07272828205220516	-0.07429298502027604	0.06632359746529574	-0.05219889858015046	0.049144987210191865	-0.0572700870108396	0.05205435241211298	-0.050400709764919144	0.044170585382522484	-0.050425815614752394	0.06059907584464872	-0.04405720878839584	0.055571091793176444	-0.0319866795012808	0.037248446422455714
-0.07527483292386704	0.07204834008040753	-0.26668849401247324	0.21116838114924613	-0.37060554481137864	0.0630368585983766	-0.05680409515009934	0.22540211940063698	-0.3306722744148919	0.3080197620037102	-0.07990991726401234	0.08278589382192202	-0.20655839170636028	0.26426851055703804	-0.6584721854736576	0.08438122356712102	-0.09411399206289868	0.20148018309619	-0.3593259170864113	0.9999999999999942	-0.10369589589040855	0.09985014202113696	-0.1344324213540547	0.0854658619800511	-0.09099411781129625	0.07018879046226137	-0.13525488576807132	0.12147619065772691	-0.07008782763592446	0.0684107219976129	-0.07335041113581127	0.07392376715857044	-0.0680350076287067	0.051135606452733906	-0.048325721504132745	0.05761163877276467	-0.05314980728453621	0.051141546035085875	-0.04460767321358489	0.04967661834337532	-0.06338470534750232	0.04521405445565033	-0.05800549371572019	0.032187606412447875	-0.037920199262688664
0.14047521940450738	-0.1516170593118561	0.09569708713103309	-0.06604615883272723	0.09361053324731766	-0.1343093364550888	0.11792253940173981	-0.10713163687881778	0.09524801404246007	-0.07434573819845874	0.19863362774377993	-0.20014011667513687	0.11937511964776298	-0.10242136861131736	0.07466526809826435	-0.3652452423353247	0.25824249323540704	-0.14912668390037478	0.10906827770363732	-0.10369589589040855	0.9999999999999957	-0.5612178586078864	0.260647384395866	-0.06914465232540086	0.06636485588116982	-0.4440749302008051	0.257812184755645	-0.26580179688049727	0.12268623314434386	-0.12461118716062154	0.24918608783589805	-0.18605825105754567	0.1411830605595667	-0.10218895245666725	0.0922113786314912	-0.15854678762623103	0.12647650631839727	-0.11291120712736825	0.08959050219875361	-0.09928085277160212	0.14426052907881248	-0.10409984744914177	0.12364943412825916	-0.06470825875744445	0.07379848491221963
-0.12876175892969277	0.13394587380246303	-0.09657683061861079	0.06572414035732878	-0.09278424746089643	0.11709451934558693	-0.11162228606724521	0.10629509200802467	-0.09606874395621799	0.07265629539000391	-0.18383216326111637	0.19081758377031657	-0.13557347880109605	0.10588633736847312	-0.07418736178079807	0.2476816840616498	-0.3843967737353255	0.16894542721023476	-0.1206781100491023	0.09985014202113696	-0.5612178586078864	0.9999999999999917	-0.5264322308775871	0.07380337161329117	-0.07233597249451855	0.2052563203498507	-0.3128362402889192	0.26436413072404297	-0.12090344503286371	0.11441164508521368	-0.19012189079648972	0.1477671688363502	-0.12194209670968466	0.08855676659376062	-0.08190625791669771	0.11869868187881051	-0.10301476825135403	0.09380437339352746	-0.07699956128994911	0.08517480277933304	-0.11958693622753755	0.08488097297085866	-0.10439806824966787	0.055262684916686754	-0.06382020534272657
0.11989050419924749	-0.1273700389456393	0.12419868775466517	-0.08536472043411526	0.11864124489961986	-0.1092977575490276	0.0989547169567131	-0.14536491331722506	0.12509858356352413	-0.09546840107914992	0.14847945384832703	-0.16390330660124974	0.18471213317128918	-0.14863699877733438	0.09766608776002826	-0.19314087316272732	0.2104882594273128	-0.3123913446255195	0.16591501246736004	-0.1344324213540547	0.260647384395866	-0.5264322308775871	0.9999999999999925	-0.1221518610251995	0.10858115287419921	-0.17174140463723533	0.2748853265942525	-0.5688649338211613	0.17290036519510607	-0.16842835390755218	0.15316026452070405	-0.1560518016081396	0.13494736625103212	-0.10953309402935227	0.10224748068030436	-0.11860561826224524	0.10572010819407215	-0.10281148105619513	0.08932618229847972	-0.10399226095612919	0.1190895785274015	-0.08851986593231233	0.10930309290265283	-0.06461195645536172	0.07420667265104533
-0.038626241997457636	0.03776045185863813	-0.05704529207664612	0.041370112473430226	-0.060628535650868086	0.03332578821394537	-0.029447593533263393	0.060565201264740645	-0.06230793545307569	0.05039531622195086	-0.04360628360839463	0.04479571342316348	-0.06890235183333367	0.08181547253585447	-0.05953337779252271	0.04988362877266649	-0.054653036615318396	0.08294554450012327	-0.10963623661497388	0.0854658619800511	-0.06914465232540086	0.07380337161329117	-0.1221518610251995	0.9999999999999929	-0.9599635362940151	0.04791594539204763	-0.09056245709280199	0.10616641510221769	-0.12466886155230965	0.12270140727217418	-0.04893381498971072	0.05508273439384554	-0.05462703820605206	0.05459555495843084	-0.05907829182799009	0.04117161112517141	-0.03911088973487542	0.04074266353265037	-0.04147912666152679	0.05049514140528759	-0.04394577397261158	0.03312215736884261	-0.04243137830434878	0.02961536011246446	-0.03491345512161739
0.03811537201849486	-0.03776885625841304	0.05550330668651065	-0.040602478353157404	0.059079805286477924	-0.033130169147068414	0.029194003426794197	-0.060297441472521626	0.06081032214104645	-0.05044034788999868	0.04277967007422248	-0.044431291230065784	0.06658308691752711	-0.08212428404438193	0.05894148973470801	-0.04925441147231405	0.053100113344803114	-0.0819689788284174	0.09793278609157646	-0.09099411781129625	0.06636485588116982	-0.07233597249451855	0.10858115287419921	-0.9599635362940151	0.999999999999991	-0.04732114503776255	0.0877721912289144	-0.10867484690213855	0.11746813593623022	-0.14313441177333316	0.04787764368374989	-0.05535122780977798	0.05448421979459479	-0.056940312183878385	0.06068500067832953	-0.04106464384149894	0.038972459970565566	-0.04098990853500115	0.042082718522225594	-0.052526532495170135	0.043451448899241796	-0.033042166526828315	0.04212010443856366	-0.030178166610786906	0.035244643544875914
-0.09117847603073755	0.09003757266984563	-0.06651311750719122	0.04562901459302755	-0.06558658113005648	0.08129146497562054	-0.07043943798943605	0.07132158695507781	-0.06576633608195191	0.05096017370860444	-0.1169005526610859	0.11048520297730806	-0.07938584630378591	0.06785027435017393	-0.05133991906939506	0.15411853564706435	-0.14274339534828487	0.09320208857228489	-0.07353184978212393	0.07018879046226137	-0.4440749302008051	0.2052563203498507	-0.17174140463723533	0.04791594539204763	-0.04732114503776255	0.9999999999999928	-0.25420157923707903	0.17234737969456893	-0.0967151373910998	0.09539735047303412	-0.7411471389825589	0.20396677268701538	-0.1573589234257019	0.09651102667360872	-0.08610936224126375	0.2101190285175393	-0.16257970414942377	0.12635428092912177	-0.09157150173938017	0.09349127739661446	-0.19813097282033623	0.12580043870172347	-0.14944126292514842	0.06425344967343058	-0.0734782644665406
0.1469244458118932	-0.14869049871831383	0.12182807159043094	-0.08459047450780798	0.12210908546083318	-0.1309492140183574	0.11018640876353754	-0.13217665957534377	0.12098195993540836	-0.09635873382364121	0.15867561861992063	-0.166453791474679	0.1367147785220668	-0.1233058150193836	0.09609209343048397	-0.1913454661936129	0.19052429930534057	-0.16316890011368174	0.12954116124879753	-0.13525488576807132	0.257812184755645	-0.3128362402889192	0.2748853265942525	-0.09056245709280199	0.0877721912289144	-0.25420157923707903	0.999999999999991	-0.47615057455134613	0.19256047944303178	-0.19985066055295653	0.21987149698108246	-0.3296503682234202	0.2136617972783236	-0.15960160369613174	0.14271422005921655	-0.19584238982818147	0.18089438262084073	-0.1677695848931437	0.1362143883969917	-0.15456801777608162	0.18939431815228844	-0.14715194765773743	0.17609320570706727	-0.09920435916805936	0.11267778233394554
-0.12161701155772363	0.11460497714100372	-0.12241579233780352	0.08255327638574426	-0.11870823495282427	0.10369504501501096	-0.09111618770970521	0.12696986404514501	-0.12077457097302233	0.0900497642696929	-0.14239032060905726	0.1396496787525228	-0.16037306154764885	0.12639555219998777	-0.09268872263804831	0.16411297507399292	-0.18585370674868884	0.18532398433318464	-0.14771951353107476	0.12147619065772691	-0.26580179688049727	0.26436413072404297	-0.5688649338211613	0.10616641510221769	-0.10867484690213855	0.17234737969456893	-0.47615057455134613	0.9999999999999898	-0.36183636349809417	0.2277286326266806	-0.17789736553347726	0.1890356405687466	-0.1882497620555712	0.14376632340535309	-0.14238722632223288	0.13882090558980903	-0.13214506130438247	0.1314406396178454	-0.11740723966719087	0.13287907623126072	-0.1484478255737683	0.10978416787704767	-0.14048406078386516	0.08320517980797251	-0.09762888649326161
0.06545575158787066	-0.062311261543043096	0.06398989012112444	-0.0440547440107824	0.0637863983769925	-0.056110505866133864	0.047986679639301956	-0.06750834276684849	0.06391620925957303	-0.04959803136281285	0.07218279118271534	-0.07204529625775918	0.07541984060102164	-0.06738022593048654	0.05108876686252259	-0.08295863423272079	0.08774163643701681	-0.08892973704819866	0.07493821908280485	-0.07008782763592446	0.12268623314434386	-0.12090344503286371	0.17290036519510607	-0.12466886155230965	0.11746813593623022	-0.0967151373910998	0.19256047944303178	-0.36183636349809417	0.9999999999999897	-0.8014561824277028	0.10138513053641203	-0.1422952459599102	0.15235355512987545	-0.2284580582965764	0.22638031693585844	-0.09880194630496583	0.09874670363428835	-0.11572425690688748	0.13592062449264014	-0.19151771014908872	0.10300729103833357	-0.08388084835860396	0.1067926243889413	-0.09734560777416146	0.10958667185363638
-0.0650370266314063	0.06005841438607055	-0.06428472078815822	0.0439806034324777	-0.0641208383715911	0.054797649565827805	-0.046814998852378525	0.0660520811743738	-0.06391417846756127	0.048992897399133276	-0.07162450070378511	0.06984353358123406	-0.0748869267383731	0.06604235150778603	-0.050829545608255436	0.08080737415655319	-0.08670394029182658	0.0853010704400809	-0.07481739644128262	0.0684107219976129	-0.12461118716062154	0.11441164508521368	-0.16842835390755218	0.12270140727217418	-0.14313441177333316	0.09539735047303412	-0.19985066055295653	0.2277286326266806	-0.8014561824277028	0.9999999999999903	-0.10341987654958319	0.13777105547143828	-0.16355800361178255	0.21494937652917034	-0.3542990616142343	0.09867149528604108	-0.10082682202545953	0.11684410598769258	-0.1452561974148322	0.18510422346389893	-0.10731962969252062	0.08527929344020434	-0.11243664266418739	0.09857502844202636	-0.1192144048499003
0.09036749203436305	-0.09246493633220186	0.06753043332286982	-0.046672283804182556	0.06716649372908295	-0.08209470922867457	0.06994998076885574	-0.07316092076066105	0.06692522491705272	-0.0526979254572627	0.10789690489926666	-0.10873735317367182	0.07765146803952457	-0.06865359464625471	0.05274019856230804	-0.14624164971248804	0.1286843563233737	-0.09194344192998385	0.07272828205220516	-0.07335041113581127	0.24918608783589805	-0.19012189079648972	0.15316026452070405	-0.04893381498971072	0.04787764368374989	-0.7411471389825589	0.21987149698108246	-0.17789736553347726	0.10138513053641203	-0.10341987654958319	0.9999999999999905	-0.29817342955589954	0.17504599764667442	-0.10932492879340767	0.09482209689095612	-0.35779785521726304	0.19880597561731933	-0.1507185862783482	0.10282260515339567	-0.10634356280106451	0.21533028980532204	-0.15073242087672747	0.16366914904016322	-0.07279768111593007	0.08129395870839634
-0.08670385129833717	0.08138299594205879	-0.07024323242890469	0.048202063043044766	-0.07022842515347409	0.07415674878375661	-0.062341294893542	0.07322052057902939	-0.06917811249871397	0.05383855237489095	-0.09569452034589361	0.09275731327152427	-0.07831441810747071	0.06886283691802064	-0.054206086026638	0.11169261717297137	-0.11167616640677164	0.08954617877197926	-0.07429298502027604	0.07392376715857044	-0.18605825105754567	0.1477671688363502	-0.1560518016081396	0.05508273439384554	-0.05535122780977798	0.20396677268701538	-0.3296503682234202	0.1890356405687466	-0.1422952459599102	0.13777105547143828	-0.29817342955589954	0.9999999999999885	-0.48984927371711073	0.1970464745609131	-0.17105195655627412	0.28481029438862326	-0.51041396146519	0.2942314418607791	-0.19593599910467915	0.17804203042395061	-0.31446412081845687	0.25141636667668793	-0.32215546536949446	0.1284341792563014	-0.14787195427043898
0.07538987213724954	-0.07199310447046921	0.06297657635483513	-0.043452628837974586	0.06331438090745355	-0.06509647980908642	0.05421910630951071	-0.06617315125208559	0.06224242662268735	-0.04899246953161956	0.08049608002398953	-0.07989807268708952	0.06920751405038345	-0.0620699661549559	0.04921452361030484	-0.09385168190810828	0.09292191507842303	-0.07964176053145423	0.06632359746529574	-0.0680350076287067	0.1411830605595667	-0.12194209670968466	0.13494736625103212	-0.05462703820605206	0.05448421979459479	-0.1573589234257019	0.2136617972783236	-0.1882497620555712	0.15235355512987545	-0.16355800361178255	0.17504599764667442	-0.48984927371711073	0.9999999999999902	-0.38851930170384547	0.22153504410031405	-0.23929402967318286	0.27320915208070096	-0.5477790885522194	0.24453632221791266	-0.2503204517464021	0.21904733430441986	-0.2260769254301529	0.26419497859555735	-0.16563867456233847	0.16749815495019593
-0.054398060353507804	0.050561364212333405	-0.0482899338467631	0.03313293966503226	-0.04840658381914208	0.046126852752925544	-0.03870784402339448	0.04989572265930313	-0.047706614007936445	0.037023836712726035	-0.05840394577731795	0.05707882647961825	-0.053804350600319246	0.04773410209613257	-0.03762525490880283	0.06654523342604281	-0.06826100770451672	0.06122933522701341	-0.05219889858015046	0.051135606452733906	-0.10218895245666725	0.08855676659376062	-0.10953309402935227	0.05459555495843084	-0.056940312183878385	0.09651102667360872	-0.15960160369613174	0.14376632340535309	-0.2284580582965764	0.21494937652917034	-0.10932492879340767	0.1970464745609131	-0.38851930170384547	0.9999999999999861	-0.6670948755290281	0.1319125932372128	-0.15154573123145063	0.21550838845560993	-0.4032359833851619	0.30384230687585656	-0.1407776569190677	0.12510472510942156	-0.1703295524063291	0.1932306452971222	-0.2348308782736191
0.04999918570414063	-0.046836512500190025	0.04495352181588422	-0.03091834996578003	0.04511143351879886	-0.04257276364474849	0.03573980071640012	-0.04672057607139941	0.04453805684083331	-0.034701608567561014	0.05357796001165991	-0.052732703248310496	0.05024398229942799	-0.044978948796770155	0.035323114556810566	-0.06116730676723917	0.06272971524256332	-0.05754690586596556	0.049144987210191865	-0.048325721504132745	0.0922113786314912	-0.08190625791669771	0.10224748068030436	-0.05907829182799009	0.06068500067832953	-0.08610936224126375	0.14271422005921655	-0.14238722632223288	0.22638031693585844	-0.3542990616142343	0.09482209689095612	-0.17105195655627412	0.22153504410031405	-0.6670948755290281	0.9999999999999871	-0.11278097879227911	0.12225666818490867	-0.1711459147890128	0.260921398172902	-0.49485260597531083	0.11601170043907683	-0.10380544137891867	0.13413920606879304	-0.17354219451512812	0.19507609413951998
-0.06876010757514475	0.06568627854029635	-0.0542227406046431	0.03729098440385181	-0.05422425476077015	0.059560071203040084	-0.050093943111123994	0.05696702522351409	-0.05346365908237954	0.041799250557476963	-0.07700706351367437	0.07495145147394236	-0.060511009111768564	0.0534126210991345	-0.04198342934625642	0.0924183092673437	-0.08953459257430643	0.06952163277980367	-0.0572700870108396	0.05761163877276467	-0.15854678762623103	0.11869868187881051	-0.11860561826224524	0.04117161112517141	-0.04106464384149894	0.2101190285175393	-0.19584238982818147	0.13882090558980903	-0.09880194630496583	0.09867149528604108	-0.35779785521726304	0.28481029438862326	-0.23929402967318286	0.1319125932372128	-0.11278097879227911	0.999999999999987	-0.5129444223441931	0.23552255043559733	-0.14011506309547123	0.1301517009480627	-0.6071501281622881	0.2824273458575578	-0.29128401531663	0.09453096786738353	-0.10404068875852772
0.06146076943033427	-0.05891911667894027	0.049548716366826326	-0.03414913330369903	0.04970782954931666	-0.053274707428742234	0.044561926468029985	-0.05211104909582572	0.04890772539038222	-0.038413801308079185	0.06713820151291791	-0.06620763742959025	0.05469837510452096	-0.048755991456169344	0.038543494955216744	-0.07986140978663137	0.07770931534680825	-0.0629135614169796	0.05205435241211298	-0.05314980728453621	0.12647650631839727	-0.10301476825135403	0.10572010819407215	-0.03911088973487542	0.038972459970565566	-0.16257970414942377	0.18089438262084073	-0.13214506130438247	0.09874670363428835	-0.10082682202545953	0.19880597561731933	-0.51041396146519	0.27320915208070096	-0.15154573123145063	0.12225666818490867	-0.5129444223441931	0.9999999999999866	-0.4285604629639705	0.16313251082941538	-0.14997155448336613	0.30426446639161536	-0.4137534937951233	0.2957818003174648	-0.10972070443933471	0.11245055528123905
-0.057783982271109695	0.05467575621246087	-0.047875709763191374	0.03295697355965078	-0.04806912161278206	0.04963346065800985	-0.04143974544047805	0.05001335485957429	-0.04724146263560735	0.03700729620982325	-0.06225965725564226	0.06117112355970707	-0.052690060367644044	0.046961215215961694	-0.03722967020622541	0.07250820837450866	-0.0719382901717562	0.06029511083754789	-0.050400709764919144	0.051141546035085875	-0.11291120712736825	0.09380437339352746	-0.10281148105619513	0.04074266353265037	-0.04098990853500115	0.12635428092912177	-0.1677695848931437	0.1314406396178454	-0.11572425690688748	0.11684410598769258	-0.1507185862783482	0.2942314418607791	-0.5477790885522194	0.21550838845560993	-0.1711459147890128	0.23552255043559733	-0.4285604629639705	0.9999999999999859	-0.33300480239934704	0.20761875876373803	-0.25194863532087125	0.26367572378789506	-0.490864507147161	0.16143623270296156	-0.16321241237815542
0.048520213067286086	-0.045519930242195986	0.04166952555651594	-0.028681013487495674	0.04190062020874916	-0.04140545268360433	0.03452581609854901	-0.043327066521783995	0.041161155349776324	-0.032205616092039833	0.051568359035847486	-0.0507117068176861	0.04572421267691502	-0.04095754126652803	0.03252343358460246	-0.05915176944564214	0.059567503403535144	-0.052190743908012684	0.044170585382522484	-0.04460767321358489	0.08959050219875361	-0.07699956128994911	0.08932618229847972	-0.04147912666152679	0.042082718522225594	-0.09157150173938017	0.1362143883969917	-0.11740723966719087	0.13592062449264014	-0.1452561974148322	0.10282260515339567	-0.19593599910467915	0.24453632221791266	-0.4032359833851619	0.260921398172902	-0.14011506309547123	0.16313251082941538	-0.33300480239934704	0.9999999999999847	-0.5459393813125778	0.1410675507355081	-0.1377862366599385	0.18306838395118344	-0.5084713401333725	0.306584734170737
-0.0534270148629345	0.04931057103987693	-0.04711822203686837	0.0323136893812339	-0.04728773210003129	0.04510989849330585	-0.03776225395091989	0.048498770793783647	-0.04648874848200773	0.03606553189124234	-0.05698915454071418	0.05550101082492124	-0.052027758659777254	0.0462120924033577	-0.036614357161202975	0.06460546467371453	-0.06623718038966402	0.0589885416064243	-0.050425815614752394	0.04967661834337532	-0.09928085277160212	0.08517480277933304	-0.10399226095612919	0.05049514140528759	-0.052526532495170135	0.09349127739661446	-0.15456801777608162	0.13287907623126072	-0.19151771014908872	0.18510422346389893	-0.10634356280106451	0.17804203042395061	-0.2503204517464021	0.30384230687585656	-0.49485260597531083	0.1301517009480627	-0.14997155448336613	0.20761875876373803	-0.5459393813125778	0.999999999999985	-0.1443834506191918	0.12543003513141207	-0.1772869777239472	0.2818032776530943	-0.45589137104695276
0.07322167308447518	-0.07114292324723023	0.05830790507550387	-0.040319879815161844	0.058680192221007045	-0.06403299665619855	0.053262874035720574	-0.06168322526347979	0.05761290551660209	-0.04559563980217769	0.07905596598060917	-0.07885686277901782	0.06362465430885766	-0.05730840640461762	0.045575052252050094	-0.09493870789531818	0.09068899466416212	-0.07335497443849495	0.06059907584464872	-0.06338470534750232	0.14426052907881248	-0.11958693622753755	0.1190895785274015	-0.04394577397261158	0.043451448899241796	-0.19813097282033623	0.18939431815228844	-0.1484478255737683	0.10300729103833357	-0.10731962969252062	0.21533028980532204	-0.31446412081845687	0.21904733430441986	-0.1407776569190677	0.11601170043907683	-0.6071501281622881	0.30426446639161536	-0.25194863532087125	0.1410675507355081	-0.1443834506191918	0.9999999999999847	-0.5373957074584353	0.28728433451476887	-0.10191308240585167	0.1063944474663383
-0.05212183201571748	0.04971933383501387	-0.04214912507971049	0.02905287541186781	-0.04234282875287462	0.04503330207157819	-0.037558419593636254	0.044216902789915566	-0.04158754532957115	0.03268637507675722	-0.05638835157174342	0.055531669664989895	-0.046225427824175734	0.04129974179553415	-0.03278595442729682	0.06643840758973682	-0.06493413417264879	0.053003456504067875	-0.04405720878839584	0.04521405445565033	-0.10409984744914177	0.08488097297085866	-0.08851986593231233	0.03312215736884261	-0.033042166526828315	0.12580043870172347	-0.14715194765773743	0.10978416787704767	-0.08388084835860396	0.08527929344020434	-0.15073242087672747	0.25141636667668793	-0.2260769254301529	0.12510472510942156	-0.10380544137891867	0.2824273458575578	-0.4137534937951233	0.26367572378789506	-0.1377862366599385	0.12543003513141207	-0.5373957074584353	0.9999999999999846	-0.6335863209221049	0.09406938530294238	-0.09895034880793338
0.0657148253317875	-0.06310481898185989	0.05346560439109334	-0.03694676716472575	0.05385954260613065	-0.056997325182714824	0.04730251666805507	-0.05628730238987219	0.0528160439711544	-0.04174495483501626	0.06999371081702749	-0.06959663008016424	0.0581167063731774	-0.052400317255367736	0.04179142425847096	-0.0823290971616495	0.08013737141951453	-0.06677319153996947	0.055571091793176444	-0.05800549371572019	0.12364943412825916	-0.10439806824966787	0.10930309290265283	-0.04243137830434878	0.04212010443856366	-0.14944126292514842	0.17609320570706727	-0.14048406078386516	0.1067926243889413	-0.11243664266418739	0.16366914904016322	-0.32215546536949446	0.26419497859555735	-0.1703295524063291	0.13413920606879304	-0.29128401531663	0.2957818003174648	-0.490864507147161	0.18306838395118344	-0.1772869777239472	0.28728433451476887	-0.6335863209221049	0.9999999999999847	-0.13524497539281477	0.12920515955449907
