1.0000000000000002	-0.690102881643076	0.23879265287626195	-0.16189523027045605	0.06345376669176794	-0.6074537711962761	0.17528960323878687	-0.15704975981363348	0.19748133303644516	-0.05997914243601614	0.10388621365020674	-0.12148487308000065	0.10586049637296904	-0.0991145566392455	0.10504669983370565	-0.07858681770289166	0.07664186501578618	-0.07397652586168638	0.08987190017290142	-0.05262495367104482	0.08173275679698383	-0.05500641994261355	0.06793123823736368	-0.08216973673705764	0.042264299796431204	-0.025665320579852307	0.014311290026276317	-0.022250202676417266	0.03040054447969083	-0.027065166905769395	0.030409145107960757	-0.014555916068441435	0.018764537445063078	-0.029303386013917094	0.025981732138999014
-0.690102881643076	1.0	-0.47149537151543885	0.21843753571882657	-0.08571428761710127	0.31194571783567016	-0.23493132489461852	0.18737269449184868	-0.29363517707208736	0.07867334805132781	-0.1060261530021513	0.13838953040129756	-0.12806611281522903	0.11620231788647203	-0.12319302020285208	0.07856005454331519	-0.08708542848792479	0.08283238165666998	-0.10592762547929273	0.05795133936457337	-0.09080810404116092	0.06008245795372399	-0.07652718526456131	0.09050494921383143	-0.04711303893634764	0.028469599011719717	-0.01577753261027306	0.02453828668096175	-0.033694313500129074	0.029920570308859428	-0.0340601952153776	0.01598093854999336	-0.020785769395762932	0.032258842254710554	-0.02888911788035209
0.23879265287626195	-0.47149537151543885	1.0000000000000004	-0.6242103575987737	0.11520960576452352	-0.34270483244360445	0.20536908539000606	-0.2844045859147781	0.3156471396490322	-0.11490703541368248	0.10576153161426644	-0.1568423445323286	0.14810191798048772	-0.1407079986807985	0.1341584436747678	-0.0834036210781411	0.09355371650541008	-0.09338295189704807	0.11599565795586815	-0.06680675772589938	0.09265447376593261	-0.06418988067212547	0.08021440882206887	-0.10360655803357942	0.05319798530156241	-0.02931701246875532	0.016728703654998015	-0.027739498241987855	0.03806074777783004	-0.033981960951956824	0.03477889102535117	-0.01703570791426979	0.023340288401831284	-0.03676500284954727	0.03248274786334
-0.16189523027045605	0.21843753571882657	-0.6242103575987737	1.0000000000000002	-0.17405794218894893	0.21133781808911897	-0.15063139772346734	0.17801350972139993	-0.6589048714719008	0.14703907447284312	-0.07881836668907605	0.11548870949276238	-0.11626844805638692	0.11853276832004979	-0.11377790638040834	0.061673070132293374	-0.07259804466915733	0.0718572272415816	-0.09660300887021064	0.05149630038743459	-0.07122710209430504	0.04898814480854041	-0.06224486424069599	0.07970365690407517	-0.04136443291342915	0.02249969092236032	-0.012798203341933406	0.021267449931898472	-0.029338285709827234	0.026136989858141443	-0.02679749002631719	0.01300502960880702	-0.01794763766793885	0.028171265867013205	-0.02507471077423076
0.06345376669176794	-0.08571428761710127	0.11520960576452352	-0.17405794218894893	1.0000000000000002	-0.10675904127179284	0.07151744857001593	-0.08279844670879623	0.16833141106590419	-0.9463714242674165	0.0462055177438453	-0.06497687743446491	0.060535864456400405	-0.06858929526536293	0.13680285480454557	-0.03662105241080528	0.04227364533135004	-0.042635510349616455	0.05613106726774874	-0.03901319820582236	0.044859688666987745	-0.03126285119560476	0.04017287184742225	-0.0536562621711951	0.030146940992487905	-0.014313468240959176	0.0082559121786185	-0.014756571225046821	0.020270760155431316	-0.018501014552353368	0.017093084597314713	-0.008394960478194127	0.012438727143201211	-0.019658199646418698	0.017722054159794165
-0.6074537711962761	0.31194571783567016	-0.34270483244360445	0.21133781808911897	-0.10675904127179284	0.9999999999999999	-0.3234514324405101	0.23152642037363674	-0.3627082003579025	0.09698254103255721	-0.21801936234435013	0.19761155189011603	-0.18097119131276015	0.16612998310238333	-0.1934848027686382	0.14360318390473523	-0.13825960037507118	0.12761352089474703	-0.16100519181036207	0.09089107413280038	-0.15888859403085998	0.10156707964886424	-0.12832967202273945	0.14257985659841538	-0.07437578084638177	0.049245038855989666	-0.026680893339531213	0.03908939931556227	-0.0534176008056213	0.04734739781123714	-0.05891993422493566	0.026982934626115538	-0.0331825832687518	0.05106843587866551	-0.045895105604195616
0.17528960323878687	-0.23493132489461852	0.20536908539000606	-0.15063139772346734	0.07151744857001593	-0.3234514324405101	1.0000000000000004	-0.6621117299687314	0.2122676989391452	-0.06864264333995312	0.15780735006591026	-0.48257524201369123	0.28755343994239757	-0.21928275438644643	0.1679012391803403	-0.12804879804941685	0.17581664914899828	-0.17454732823815933	0.186249828902049	-0.09448169458017085	0.13545178053536883	-0.09497499920500688	0.11737724894341234	-0.15160284306838762	0.07620067776068849	-0.04267407894978484	0.024387812041280363	-0.0396925470053485	0.05484245765611843	-0.04853006814617638	0.05036009484208555	-0.02483640085556273	0.033424909295872274	-0.05258503624724637	0.046387965196702186
-0.15704975981363348	0.18737269449184868	-0.2844045859147781	0.17801350972139993	-0.08279844670879623	0.23152642037363674	-0.6621117299687314	0.9999999999999999	-0.28617454350334215	0.07801530177407356	-0.14818591827228086	0.29708235792594895	-0.4669565737729241	0.23030796650033727	-0.17657146347435806	0.11501179366812879	-0.16289797119642832	0.15295023016107523	-0.20591137665070258	0.08900218370706081	-0.13461648515178543	0.0911160729389955	-0.11765834430804632	0.14382898129711646	-0.07398018724084401	0.04213126666163963	-0.023656310912466727	0.03772972587775424	-0.05269924439162573	0.046253262442682255	-0.050343860573326016	0.023935116152350274	-0.03206236039372229	0.049741447200918845	-0.04476158184737204
0.19748133303644516	-0.29363517707208736	0.3156471396490322	-0.6589048714719008	0.16833141106590419	-0.3627082003579025	0.2122676989391452	-0.28617454350334215	0.9999999999999991	-0.19599312481717965	0.12410445022726922	-0.18642037135888997	0.17613907479965332	-0.21204145499262633	0.17225621906583133	-0.09940191997651959	0.11458589462803329	-0.11698650618141306	0.15185980348285763	-0.08512833124745457	0.11207166825963519	-0.07874355858432755	0.09874766310162672	-0.13222670814004814	0.06752277602967761	-0.035553470383384654	0.020498397796875213	-0.03499266859081741	0.04815358613045141	-0.04301431513452099	0.0421549304624362	-0.020893010956765424	0.029403031974922812	-0.04652936588157647	0.041005731427358014
-0.05997914243601614	0.07867334805132781	-0.11490703541368248	0.14703907447284312	-0.9463714242674165	0.09698254103255721	-0.06864264333995312	0.07801530177407356	-0.19599312481717965	1.0000000000000004	-0.04374899630991823	0.061484293016107916	-0.05875067286773351	0.06683895809368179	-0.15891212469584454	0.03456629698193075	-0.040457649105453325	0.04062078555902936	-0.0546975838279022	0.03709237282315579	-0.04260227282824068	0.02959529120490476	-0.03819300936876092	0.050698694240306784	-0.028832051448295756	0.013572871975498243	-0.007810796447327221	0.013914262634776785	-0.019169073461533303	0.01748428726306336	-0.016222595891365144	0.007936193805380869	-0.01174589901931218	0.018530830211232127	-0.01678000550353584
0.10388621365020674	-0.1060261530021513	0.10576153161426644	-0.07881836668907605	0.0462055177438453	-0.21801936234435013	0.15780735006591026	-0.14818591827228086	0.12410445022726922	-0.04374899630991823	0.9999999999999996	-0.25221519911256524	0.15708996981569284	-0.16943537043029938	0.14382832693741218	-0.7916231077483089	0.21687469545628899	-0.21196933234123805	0.16935439194510163	-0.12837079602220317	0.2562537522253313	-0.19274654483961587	0.16701069640576569	-0.21544083489676383	0.09810135596699557	-0.07965676431597962	0.04385746959382851	-0.055276711962705075	0.0736392691411967	-0.06507370568003687	0.08281016634229332	-0.04617515696853792	0.04530990528114658	-0.07272676024768421	0.060155691655595665
-0.12148487308000065	0.13838953040129756	-0.1568423445323286	0.11548870949276238	-0.06497687743446491	0.19761155189011603	-0.48257524201369123	0.29708235792594895	-0.18642037135888997	0.061484293016107916	-0.25221519911256524	0.9999999999999992	-0.5481426179333514	0.26993789437525195	-0.19131556236664382	0.18322675549801784	-0.3724096896716986	0.2470978986016114	-0.28630227293433547	0.11014983492323718	-0.19114546587783185	0.12756002196403807	-0.16006995463198212	0.1848303418925037	-0.09307057298859414	0.0583080874230106	-0.032252841458501	0.04764947943625918	-0.06680540711373391	0.057937338287701645	-0.06918413194450873	0.03259023528145198	-0.040549567609661955	0.06247216727321205	-0.05612758076723107
0.10586049637296904	-0.12806611281522903	0.14810191798048772	-0.11626844805638692	0.060535864456400405	-0.18097119131276015	0.28755343994239757	-0.4669565737729241	0.17613907479965332	-0.05875067286773351	0.15708996981569284	-0.5481426179333514	0.9999999999999993	-0.5262629797422126	0.17434455446191013	-0.12975976639573944	0.20461738288617615	-0.22045955139876844	0.26308306669219717	-0.10212199809664212	0.14029677877728336	-0.10018272811941235	0.12627836299742912	-0.17421951713890726	0.0839918231107648	-0.04383208388283527	0.025296049210169865	-0.04233956104874945	0.059877338911468896	-0.052162806381168596	0.05177398880037766	-0.025718577979645333	0.03571040116422389	-0.05642502842411579	0.04974819949467124
-0.0991145566392455	0.11620231788647203	-0.1407079986807985	0.11853276832004979	-0.06858929526536293	0.16612998310238333	-0.21928275438644643	0.23030796650033727	-0.21204145499262633	0.06683895809368179	-0.16943537043029938	0.26993789437525195	-0.5262629797422126	0.9999999999999981	-0.25456645623276225	0.13458821889528189	-0.22754138638491922	0.2260170134885153	-0.6208905965463957	0.12061242324283235	-0.16738242763047317	0.11637188924902263	-0.1595046179781148	0.21309186896963345	-0.10652672188289648	0.05170017563727208	-0.029512458959989718	0.05008226582539558	-0.07376763350426481	0.062434430096334544	-0.06188899035293874	0.02974843446342188	-0.0428675283727772	0.06657134015834168	-0.060547543493486074
0.10504669983370565	-0.12319302020285208	0.1341584436747678	-0.11377790638040834	0.13680285480454557	-0.1934848027686382	0.1679012391803403	-0.17657146347435806	0.17225621906583133	-0.15891212469584454	0.14382832693741218	-0.19131556236664382	0.17434455446191013	-0.25456645623276225	0.9999999999999989	-0.11454751320764778	0.1346393847163886	-0.13855700217258646	0.18905620668134643	-0.17965902408559212	0.15688075265463058	-0.11050935295124456	0.14592501739321778	-0.20539940755249392	0.12948044891643748	-0.050550244137783515	0.02943975450177624	-0.05763166858728396	0.0794708952435295	-0.07488944244159802	0.06072544713916204	-0.029886811408607567	0.048627227053915756	-0.07741302681601028	0.0716142018770491
-0.07858681770289166	0.07856005454331519	-0.0834036210781411	0.061673070132293374	-0.03662105241080528	0.14360318390473523	-0.12804879804941685	0.11501179366812879	-0.09940191997651959	0.03456629698193075	-0.7916231077483089	0.18322675549801784	-0.12975976639573944	0.13458821889528189	-0.11454751320764778	1.0000000000000002	-0.2731638534231681	0.18808723275842185	-0.14899927481732572	0.09948058576584126	-0.3962975295827907	0.18354272715315248	-0.16965677192912698	0.17207225136973728	-0.07868840799179816	0.08708526619671686	-0.04178711307941954	0.04434055687479637	-0.05911433040525394	0.05145745926913668	-0.09414639592399772	0.04290150030905965	-0.03671653954693606	0.05731227253590002	-0.04811237715091203
0.07664186501578618	-0.08708542848792479	0.09355371650541008	-0.07259804466915733	0.04227364533135004	-0.13825960037507118	0.17581664914899828	-0.16289797119642832	0.11458589462803329	-0.040457649105453325	0.21687469545628899	-0.3724096896716986	0.20461738288617615	-0.22754138638491922	0.1346393847163886	-0.2731638534231681	0.9999999999999994	-0.7696791869609011	0.2535876278045416	-0.10142028306424848	0.1733872542171794	-0.1385642363995709	0.14168118768867088	-0.18088624520381436	0.0828661426089148	-0.05219710690332875	0.03055308299621065	-0.04309256040708805	0.06026424624181907	-0.052075875248936164	0.05905507929450651	-0.03125118534398942	0.03606184677826639	-0.05698739291483443	0.04915198335397847
-0.07397652586168638	0.08283238165666998	-0.09338295189704807	0.0718572272415816	-0.042635510349616455	0.12761352089474703	-0.17454732823815933	0.15295023016107523	-0.11698650618141306	0.04062078555902936	-0.21196933234123805	0.2470978986016114	-0.22045955139876844	0.2260170134885153	-0.13855700217258646	0.18808723275842185	-0.7696791869609011	1.0000000000000007	-0.4216685786822771	0.0992361510060331	-0.17382221517643873	0.12391052176177937	-0.14947289529432253	0.18033470787162664	-0.08555905998842163	0.05158663956386027	-0.029458687480481142	0.04265799121128276	-0.06121282795857831	0.051916815536325996	-0.060140945795278206	0.029780375820645313	-0.03616566199188847	0.05620191367274017	-0.04978296193307461
0.08987190017290142	-0.10592762547929273	0.11599565795586815	-0.09660300887021064	0.05613106726774874	-0.16100519181036207	0.186249828902049	-0.20591137665070258	0.15185980348285763	-0.0546975838279022	0.16935439194510163	-0.28630227293433547	0.26308306669219717	-0.6208905965463957	0.18905620668134643	-0.14899927481732572	0.2535876278045416	-0.4216685786822771	1.0000000000000007	-0.16310813478019306	0.1760311339751796	-0.13700091334852807	0.1821885067797141	-0.3766683601076918	0.1377826678179337	-0.054758685226912567	0.0330986690364268	-0.06381531184161464	0.09669507515019307	-0.08060645772648196	0.06454777383169366	-0.03367269257009718	0.05349486459249025	-0.08732037725098177	0.07508214921322338
-0.05262495367104482	0.05795133936457337	-0.06680675772589938	0.05149630038743459	-0.03901319820582236	0.09089107413280038	-0.09448169458017085	0.08900218370706081	-0.08512833124745457	0.03709237282315579	-0.12837079602220317	0.11014983492323718	-0.10212199809664212	0.12061242324283235	-0.17965902408559212	0.09948058576584126	-0.10142028306424848	0.0992361510060331	-0.16310813478019306	1.0000000000000002	-0.18017168225798158	0.1225525986377293	-0.19716749965407165	0.25796628403056876	-0.8557517774584068	0.05553646569266211	-0.03212117199359399	0.0803617174993489	-0.13732139711316624	0.1599069457702954	-0.06810188968223438	0.03195977416480376	-0.07346567438515804	0.11417344684844702	-0.16548970311044045
0.08173275679698383	-0.09080810404116092	0.09265447376593261	-0.07122710209430504	0.044859688666987745	-0.15888859403085998	0.13545178053536883	-0.13461648515178543	0.11207166825963519	-0.04260227282824068	0.2562537522253313	-0.19114546587783185	0.14029677877728336	-0.16738242763047317	0.15688075265463058	-0.3962975295827907	0.1733872542171794	-0.17382221517643873	0.1760311339751796	-0.18017168225798158	1.0000000000000007	-0.5872987822185263	0.29299305654995994	-0.3264383752893149	0.13647651416980225	-0.23644407115924324	0.09267737726772618	-0.08086425543935527	0.1051985593203167	-0.09173349435783014	0.18712518823771007	-0.09819592466963716	0.06541780861879205	-0.10421814699155399	0.0835631949417322
-0.05500641994261355	0.06008245795372399	-0.06418988067212547	0.04898814480854041	-0.03126285119560476	0.10156707964886424	-0.09497499920500688	0.0911160729389955	-0.07874355858432755	0.02959529120490476	-0.19274654483961587	0.12756002196403807	-0.10018272811941235	0.11637188924902263	-0.11050935295124456	0.18354272715315248	-0.1385642363995709	0.12391052176177937	-0.13700091334852807	0.1225525986377293	-0.5872987822185263	1.0000000000000013	-0.6649186752133631	0.24613742972778627	-0.10478817395497275	0.12264673529962693	-0.11685727825216093	0.06392662185177454	-0.08180965301152944	0.06721185205776586	-0.1361849962316491	0.1046027127628852	-0.053421430091030404	0.07584294496584665	-0.06335195706220226
0.06793123823736368	-0.07652718526456131	0.08021440882206887	-0.06224486424069599	0.04017287184742225	-0.12832967202273945	0.11737724894341234	-0.11765834430804632	0.09874766310162672	-0.03819300936876092	0.16701069640576569	-0.16006995463198212	0.12627836299742912	-0.1595046179781148	0.14592501739321778	-0.16965677192912698	0.14168118768867088	-0.14947289529432253	0.1821885067797141	-0.19716749965407165	0.29299305654995994	-0.6649186752133631	1.0000000000000004	-0.5005127130869461	0.16103963957729356	-0.09466352061396321	0.08279400816363891	-0.10183943015853765	0.1281311838832008	-0.10511555905296263	0.10043467446681228	-0.08710590017336467	0.08061769797694424	-0.12059772440095214	0.09555786597948704
-0.08216973673705764	0.09050494921383143	-0.10360655803357942	0.07970365690407517	-0.0536562621711951	0.14257985659841538	-0.15160284306838762	0.14382898129711646	-0.13222670814004814	0.050698694240306784	-0.21544083489676383	0.1848303418925037	-0.17421951713890726	0.21309186896963345	-0.20539940755249392	0.17207225136973728	-0.18088624520381436	0.18033470787162664	-0.3766683601076918	0.25796628403056876	-0.3264383752893149	0.24613742972778627	-0.5005127130869461	1.0000000000000007	-0.36114840455580977	0.09681543803143368	-0.05842415237803376	0.12553187523348458	-0.25430524627028683	0.16189709498303462	-0.11746323030344699	0.057900364209000084	-0.11016256955585954	0.17106429160739853	-0.1566988911673743
0.042264299796431204	-0.04711303893634764	0.05319798530156241	-0.04136443291342915	0.030146940992487905	-0.07437578084638177	0.07620067776068849	-0.07398018724084401	0.06752277602967761	-0.028832051448295756	0.09810135596699557	-0.09307057298859414	0.0839918231107648	-0.10652672188289648	0.12948044891643748	-0.07868840799179816	0.0828661426089148	-0.08555905998842163	0.1377826678179337	-0.8557517774584068	0.13647651416980225	-0.10478817395497275	0.16103963957729356	-0.36114840455580977	1.000000000000001	-0.0425509625562845	0.026316212176801003	-0.07939183693872481	0.1371595597553277	-0.19751742509184547	0.051323038206208337	-0.026479378617476977	0.06966885997390505	-0.11682270296610497	0.15194699820187485
-0.025665320579852307	0.028469599011719717	-0.02931701246875532	0.02249969092236032	-0.014313468240959176	0.049245038855989666	-0.04267407894978484	0.04213126666163963	-0.035553470383384654	0.013572871975498243	-0.07965676431597962	0.0583080874230106	-0.04383208388283527	0.05170017563727208	-0.050550244137783515	0.08708526619671686	-0.05219710690332875	0.05158663956386027	-0.054758685226912567	0.05553646569266211	-0.23644407115924324	0.12264673529962693	-0.09466352061396321	0.09681543803143368	-0.0425509625562845	1.0000000000000013	-0.10919591853393433	0.026872315523313012	-0.033415322562501994	0.028946010813398388	-0.939891880618809	0.10110970633220716	-0.022186057842292765	0.03302120527243703	-0.026769471665376902
0.014311290026276317	-0.01577753261027306	0.016728703654998015	-0.012798203341933406	0.0082559121786185	-0.026680893339531213	0.024387812041280363	-0.023656310912466727	0.020498397796875213	-0.007810796447327221	0.04385746959382851	-0.032252841458501	0.025296049210169865	-0.029512458959989718	0.02943975450177624	-0.04178711307941954	0.03055308299621065	-0.029458687480481142	0.0330986690364268	-0.03212117199359399	0.09267737726772618	-0.11685727825216093	0.08279400816363891	-0.05842415237803376	0.026316212176801003	-0.10919591853393433	1.0000000000000004	-0.03116715948859484	0.026076735112106043	-0.020296247539826565	0.10277266207146261	-0.9764389544218747	0.027180633869960454	-0.025386448413647948	0.02000200282855296
-0.022250202676417266	0.02453828668096175	-0.027739498241987855	0.021267449931898472	-0.014756571225046821	0.03908939931556227	-0.0396925470053485	0.03772972587775424	-0.03499266859081741	0.013914262634776785	-0.055276711962705075	0.04764947943625918	-0.04233956104874945	0.05008226582539558	-0.05763166858728396	0.04434055687479637	-0.04309256040708805	0.04265799121128276	-0.06381531184161464	0.0803617174993489	-0.08086425543935527	0.06392662185177454	-0.10183943015853765	0.12553187523348458	-0.07939183693872481	0.026872315523313012	-0.03116715948859484	1.000000000000002	-0.3777900551093126	0.17042866231148096	-0.032066108280086984	0.03068974214309339	-0.8458006007691944	0.2842203609483029	-0.20814407066603868
0.03040054447969083	-0.033694313500129074	0.03806074777783004	-0.029338285709827234	0.020270760155431316	-0.0534176008056213	0.05484245765611843	-0.05269924439162573	0.04815358613045141	-0.019169073461533303	0.0736392691411967	-0.06680540711373391	0.059877338911468896	-0.07376763350426481	0.0794708952435295	-0.05911433040525394	0.06026424624181907	-0.06121282795857831	0.09669507515019307	-0.13732139711316624	0.1051985593203167	-0.08180965301152944	0.1281311838832008	-0.25430524627028683	0.1371595597553277	-0.033415322562501994	0.026076735112106043	-0.3777900551093126	1.000000000000001	-0.46621449697558714	0.04013806362933242	-0.02627023059434879	0.26132874020507285	-0.6592603555373275	0.30230230138416436
-0.027065166905769395	0.029920570308859428	-0.033981960951956824	0.026136989858141443	-0.018501014552353368	0.04734739781123714	-0.04853006814617638	0.046253262442682255	-0.04301431513452099	0.01748428726306336	-0.06507370568003687	0.057937338287701645	-0.052162806381168596	0.062434430096334544	-0.07488944244159802	0.05145745926913668	-0.052075875248936164	0.051916815536325996	-0.08060645772648196	0.1599069457702954	-0.09173349435783014	0.06721185205776586	-0.10511555905296263	0.16189709498303462	-0.19751742509184547	0.028946010813398388	-0.020296247539826565	0.17042866231148096	-0.46621449697558714	1.000000000000001	-0.03505743077348996	0.02036379866545216	-0.16369028251778117	0.28878039923672494	-0.7833537730113309
0.030409145107960757	-0.0340601952153776	0.03477889102535117	-0.02679749002631719	0.017093084597314713	-0.05891993422493566	0.05036009484208555	-0.050343860573326016	0.0421549304624362	-0.016222595891365144	0.08281016634229332	-0.06918413194450873	0.05177398880037766	-0.06188899035293874	0.06072544713916204	-0.09414639592399772	0.05905507929450651	-0.060140945795278206	0.06454777383169366	-0.06810188968223438	0.18712518823771007	-0.1361849962316491	0.10043467446681228	-0.11746323030344699	0.051323038206208337	-0.939891880618809	0.10277266207146261	-0.032066108280086984	0.04013806362933242	-0.03505743077348996	1.0000000000000018	-0.11461095384891236	0.02627322118869998	-0.04002474118901203	0.03219695869572304
-0.014555916068441435	0.01598093854999336	-0.01703570791426979	0.01300502960880702	-0.008394960478194127	0.026982934626115538	-0.02483640085556273	0.023935116152350274	-0.020893010956765424	0.007936193805380869	-0.04617515696853792	0.03259023528145198	-0.025718577979645333	0.02974843446342188	-0.029886811408607567	0.04290150030905965	-0.03125118534398942	0.029780375820645313	-0.03367269257009718	0.03195977416480376	-0.09819592466963716	0.1046027127628852	-0.08710590017336467	0.057900364209000084	-0.026479378617476977	0.10110970633220716	-0.9764389544218747	0.03068974214309339	-0.02627023059434879	0.02036379866545216	-0.11461095384891236	1.0000000000000016	-0.027792072451259874	0.025407465353890466	-0.020215865338654927
0.018764537445063078	-0.020785769395762932	0.023340288401831284	-0.01794763766793885	0.012438727143201211	-0.0331825832687518	0.033424909295872274	-0.03206236039372229	0.029403031974922812	-0.01174589901931218	0.04530990528114658	-0.040549567609661955	0.03571040116422389	-0.0428675283727772	0.048627227053915756	-0.03671653954693606	0.03606184677826639	-0.03616566199188847	0.05349486459249025	-0.07346567438515804	0.06541780861879205	-0.053421430091030404	0.08061769797694424	-0.11016256955585954	0.06966885997390505	-0.022186057842292765	0.027180633869960454	-0.8458006007691944	0.26132874020507285	-0.16369028251778117	0.02627322118869998	-0.027792072451259874	1.0000000000000024	-0.42581772200788526	0.17523272396252704
-0.029303386013917094	0.032258842254710554	-0.03676500284954727	0.028171265867013205	-0.019658199646418698	0.05106843587866551	-0.05258503624724637	0.049741447200918845	-0.04652936588157647	0.018530830211232127	-0.07272676024768421	0.06247216727321205	-0.05642502842411579	0.06657134015834168	-0.07741302681601028	0.05731227253590002	-0.05698739291483443	0.05620191367274017	-0.08732037725098177	0.11417344684844702	-0.10421814699155399	0.07584294496584665	-0.12059772440095214	0.17106429160739853	-0.11682270296610497	0.03302120527243703	-0.025386448413647948	0.2842203609483029	-0.6592603555373275	0.28878039923672494	-0.04002474118901203	0.025407465353890466	-0.42581772200788526	1.0000000000000024	-0.4593357121368527
0.025981732138999014	-0.02888911788035209	0.03248274786334	-0.02507471077423076	0.017722054159794165	-0.045895105604195616	0.046387965196702186	-0.04476158184737204	0.041005731427358014	-0.01678000550353584	0.060155691655595665	-0.05612758076723107	0.04974819949467124	-0.060547543493486074	0.0716142018770491	-0.04811237715091203	0.04915198335397847	-0.04978296193307461	0.07508214921322338	-0.16548970311044045	0.0835631949417322	-0.06335195706220226	0.09555786597948704	-0.1566988911673743	0.15194699820187485	-0.026769471665376902	0.02000200282855296	-0.20814407066603868	0.30230230138416436	-0.7833537730113309	0.03219695869572304	-0.020215865338654927	0.17523272396252704	-0.4593357121368527	1.0000000000000024
