1.0	-0.35602894297772525	0.18310829722788066	-0.12947229549285322	0.16792258886454964	-0.8780474723431496	0.1427677085228755	-0.06946187654843124	0.06378190893425793	-0.06032764550489	0.09235325191755199	-0.12435978486946725	0.06992911830706161	-0.04222681035206649	0.04151760911402637	-0.10034870884036248	0.06527135308813134	-0.04802213155699473	0.03479570988373895	-0.03569882525963478	0.021464449044242218	-0.019142247284322726	0.04929035221331093	-0.023558583776122306	0.029537773652873238
-0.35602894297772525	1.0000000000000002	-0.6813073585037985	0.2859508855097	-0.4127008473888769	0.24807342392773526	-0.2189695783501772	0.1259275734526599	-0.13340888223220987	0.12452399373546036	-0.09509737840376606	0.15498533301237047	-0.131132684794879	0.08358200945785739	-0.08577088397998543	0.10189544007394899	-0.09301915287827146	0.07032839934132645	-0.06986508373399447	0.07069641016483805	-0.03127231877945599	0.027238162571608528	-0.07580805326148474	0.04600205147577073	-0.05858026212789245
0.18310829722788066	-0.6813073585037985	1.0	-0.565011223460772	0.3013501635155194	-0.21426687643738476	0.13868360973366425	-0.13434585058016754	0.10764229635011145	-0.10610619798011674	0.07493278880973316	-0.12739595351884364	0.11664951922195577	-0.07017460328734935	0.06811416325313692	-0.08630955730588467	0.07314158646887556	-0.058509253709177506	0.05548692595490495	-0.05855578194887106	0.024651462984986168	-0.02169565400177242	0.06064113055867572	-0.03664056463652385	0.04527256872193839
-0.12947229549285322	0.2859508855097	-0.565011223460772	1.0000000000000007	-0.7121382941185644	0.1407028306797376	-0.10739959505590223	0.10543283584159106	-0.1570492707909801	0.1520396945792101	-0.06066323147737176	0.09383406349696168	-0.10478011497669866	0.09130670640655571	-0.09722760044600912	0.0678974192381392	-0.06956786624544313	0.05512025194751143	-0.07466988919432434	0.07741239398114415	-0.02382592418225876	0.020649673102048405	-0.06003368115243775	0.04754860259596072	-0.06002408676711579
0.16792258886454964	-0.4127008473888769	0.3013501635155194	-0.7121382941185644	1.0000000000000002	-0.22318966866391177	0.14168497066665783	-0.1294292479607184	0.18246901018668724	-0.26298885651749987	0.08747738652715897	-0.13839382739525946	0.12087816483654351	-0.12280647367633737	0.12945070451682367	-0.10342934679591803	0.09633592846933708	-0.0768522369777644	0.09664081046462704	-0.11027482071039199	0.033247854659866315	-0.028999519910288905	0.08257110909446524	-0.06338692065128987	0.07664554471105038
-0.8780474723431496	0.24807342392773526	-0.21426687643738476	0.1407028306797376	-0.22318966866391177	1.0000000000000002	-0.1841456671328743	0.08070293937323801	-0.08126283020603943	0.07540883895751727	-0.11406348522557531	0.13467634998712844	-0.08493877483928387	0.05262730375842393	-0.05287879032565686	0.10841955105594027	-0.07904939144939623	0.056452052808408405	-0.044166335605822615	0.04462571183846329	-0.02596874348155439	0.022884140376800494	-0.05978302693471534	0.029771950357839864	-0.037807176479192725
0.1427677085228755	-0.2189695783501772	0.13868360973366425	-0.10739959505590223	0.14168497066665783	-0.1841456671328743	1.0000000000000002	-0.1733893506697946	0.08398899336533015	-0.07709010669541055	0.2352039758237584	-0.8304217687656413	0.16087465738520146	-0.0613184394991524	0.05263383389732123	-0.2833889734554821	0.13155976727702953	-0.10077822171229028	0.046560396288149425	-0.048581144717783055	0.04123510706389173	-0.03859756131569925	0.09036039915046903	-0.03160607733551997	0.03806202726766193
-0.06946187654843124	0.1259275734526599	-0.13434585058016754	0.10543283584159106	-0.1294292479607184	0.08070293937323801	-0.1733893506697946	0.9999999999999994	-0.24370381683156472	0.15338781228765835	-0.08238456634283045	0.15288671899702128	-0.8922139821576219	0.14408879667778543	-0.10624978843815483	0.08462565719873033	-0.11427269769279844	0.12369155170101029	-0.09682904553185162	0.09609832740828478	-0.03613862958666997	0.03210822737618935	-0.11306835770199015	0.058179912261027436	-0.06905488376119168
0.06378190893425793	-0.13340888223220987	0.10764229635011145	-0.1570492707909801	0.18246901018668724	-0.08126283020603943	0.08398899336533015	-0.24370381683156472	1.0000000000000002	-0.6650053606241652	0.049968717392757045	-0.08037534753556042	0.18650441667130907	-0.5068156341446755	0.28757994828378064	-0.056128721939872644	0.07178686487036645	-0.0708551269846773	0.2353374921936065	-0.27556242695718086	0.02441096672364863	-0.02138726333704415	0.07064329739475514	-0.13524052227165467	0.14757027543437423
-0.06032764550489	0.12452399373546036	-0.10610619798011674	0.1520396945792101	-0.26298885651749987	0.07540883895751727	-0.07709010669541055	0.15338781228765835	-0.6650053606241652	1.0000000000000016	-0.04586267437413739	0.07128897396264809	-0.1609555305533168	0.2889146946763824	-0.5139033119343172	0.05092962776488366	-0.06788581912728361	0.06452471080068907	-0.24457285534760517	0.2539181065171652	-0.023158136252707934	0.02017840139458716	-0.06728761771315625	0.13091714240535912	-0.16873659137046945
0.09235325191755199	-0.09509737840376606	0.07493278880973316	-0.06066323147737176	0.08747738652715897	-0.11406348522557531	0.2352039758237584	-0.08238456634283045	0.049968717392757045	-0.04586267437413739	1.0000000000000018	-0.35258376764459365	0.08768130936565502	-0.03705523289613172	0.032525621307731976	-0.861075042880662	0.16647466422111123	-0.11272967492224663	0.02979137581448567	-0.030397682925292636	0.04740523358936795	-0.047316235397520445	0.09026903174581934	-0.021099639984783904	0.02541832309325796
-0.12435978486946725	0.15498533301237047	-0.12739595351884364	0.09383406349696168	-0.13839382739525946	0.13467634998712844	-0.8304217687656413	0.15288671899702128	-0.08037534753556042	0.07128897396264809	-0.35258376764459365	1.0000000000000016	-0.19067871449419896	0.057688618789901364	-0.049930718747442066	0.2387997688479969	-0.1305579026628952	0.0912472614589306	-0.044342937555884775	0.045187796271513044	-0.039010715304537896	0.035905367397250046	-0.08427175162536837	0.029711404172694526	-0.03621333508587682
0.06992911830706161	-0.131132684794879	0.11664951922195577	-0.10478011497669866	0.12087816483654351	-0.08493877483928387	0.16087465738520146	-0.8922139821576219	0.18650441667130907	-0.1609555305533168	0.08768130936565502	-0.19067871449419896	1.0000000000000024	-0.16126232468445423	0.10559690612452845	-0.0943487662875608	0.11628537975877186	-0.1525480671524697	0.09694441870718548	-0.10195816927471223	0.03676876920532407	-0.0331005461427513	0.11376227143291326	-0.05974456767396409	0.06813034229943754
-0.04222681035206649	0.08358200945785739	-0.07017460328734935	0.09130670640655571	-0.12280647367633737	0.05262730375842393	-0.0613184394991524	0.14408879667778543	-0.5068156341446755	0.2889146946763824	-0.03705523289613172	0.057688618789901364	-0.16126232468445423	1.0	-0.4485016735086189	0.0407633903154718	-0.060253606854004035	0.06232322827364836	-0.5737433528041043	0.30719900444271875	-0.020323924276337113	0.01779780395159445	-0.06298640920847215	0.19646920582239863	-0.24251860622594915
0.04151760911402637	-0.08577088397998543	0.06811416325313692	-0.09722760044600912	0.12945070451682367	-0.05287879032565686	0.05263383389732123	-0.10624978843815483	0.28757994828378064	-0.5139033119343172	0.032525621307731976	-0.049930718747442066	0.10559690612452845	-0.4485016735086189	1.0000000000000004	-0.03650468512280719	0.05036384656082831	-0.05000522614241156	0.2866351573604129	-0.6237391762935237	0.017240107362343354	-0.015060516124299577	0.05133138823857614	-0.1508730867524738	0.16753666493702885
-0.10034870884036248	0.10189544007394899	-0.08630955730588467	0.0678974192381392	-0.10342934679591803	0.10841955105594027	-0.2833889734554821	0.08462565719873033	-0.056128721939872644	0.05092962776488366	-0.861075042880662	0.2387997688479969	-0.0943487662875608	0.0407633903154718	-0.03650468512280719	1.0000000000000007	-0.24352207245791735	0.12197148600454889	-0.03332153920869594	0.033643635652560316	-0.057747588601259156	0.055855335869262744	-0.1031787560911349	0.02354090509608242	-0.028619852372526136
0.06527135308813134	-0.09301915287827146	0.07314158646887556	-0.06956786624544313	0.09633592846933708	-0.07904939144939623	0.13155976727702953	-0.11427269769279844	0.07178686487036645	-0.06788581912728361	0.16647466422111123	-0.1305579026628952	0.11628537975877186	-0.060253606854004035	0.05036384656082831	-0.24352207245791735	0.9999999999999991	-0.590628837237171	0.05238992129808749	-0.05207581961451375	0.1995594504219045	-0.2571696250241219	0.3132971878830251	-0.04019366483917402	0.04631300167073636
-0.04802213155699473	0.07032839934132645	-0.058509253709177506	0.05512025194751143	-0.0768522369777644	0.056452052808408405	-0.10077822171229028	0.12369155170101029	-0.0708551269846773	0.06452471080068907	-0.11272967492224663	0.0912472614589306	-0.1525480671524697	0.06232322827364836	-0.05000522614241156	0.12197148600454889	-0.590628837237171	0.9999999999999986	-0.058498324837435244	0.053324705504221886	-0.14369948738198463	0.13064078010850555	-0.6842758110789655	0.043949978581195544	-0.049429042851311375
0.03479570988373895	-0.06986508373399447	0.05548692595490495	-0.07466988919432434	0.09664081046462704	-0.044166335605822615	0.046560396288149425	-0.09682904553185162	0.2353374921936065	-0.24457285534760517	0.02979137581448567	-0.044342937555884775	0.09694441870718548	-0.5737433528041043	0.2866351573604129	-0.03332153920869594	0.05238992129808749	-0.058498324837435244	0.9999999999999999	-0.5787273561460607	0.017662059672613563	-0.015522035090239049	0.05684788951768999	-0.3789141514949103	0.26449905192380263
-0.03569882525963478	0.07069641016483805	-0.05855578194887106	0.07741239398114415	-0.11027482071039199	0.04462571183846329	-0.048581144717783055	0.09609832740828478	-0.27556242695718086	0.2539181065171652	-0.030397682925292636	0.045187796271513044	-0.10195816927471223	0.30719900444271875	-0.6237391762935237	0.033643635652560316	-0.05207581961451375	0.053324705504221886	-0.5787273561460607	0.9999999999999999	-0.017740174944897484	0.015485999230646743	-0.05555653166842963	0.21085070162639555	-0.27880143638504196
0.021464449044242218	-0.03127231877945599	0.024651462984986168	-0.02382592418225876	0.033247854659866315	-0.02596874348155439	0.04123510706389173	-0.03613862958666997	0.02441096672364863	-0.023158136252707934	0.04740523358936795	-0.039010715304537896	0.03676876920532407	-0.020323924276337113	0.017240107362343354	-0.057747588601259156	0.1995594504219045	-0.14369948738198463	0.017662059672613563	-0.017740174944897484	0.9999999999999996	-0.9376416367248477	0.12316306073493614	-0.014115087742698745	0.01637268826188466
-0.019142247284322726	0.027238162571608528	-0.02169565400177242	0.020649673102048405	-0.028999519910288905	0.022884140376800494	-0.03859756131569925	0.03210822737618935	-0.02138726333704415	0.02017840139458716	-0.047316235397520445	0.035905367397250046	-0.0331005461427513	0.01779780395159445	-0.015060516124299577	0.055855335869262744	-0.2571696250241219	0.13064078010850555	-0.015522035090239049	0.015485999230646743	-0.9376416367248477	1.0000000000000004	-0.12225291493361186	0.012418685129530205	-0.01437436344447992
0.04929035221331093	-0.07580805326148474	0.06064113055867572	-0.06003368115243775	0.08257110909446524	-0.05978302693471534	0.09036039915046903	-0.11306835770199015	0.07064329739475514	-0.06728761771315625	0.09026903174581934	-0.08427175162536837	0.11376227143291326	-0.06298640920847215	0.05133138823857614	-0.1031787560911349	0.3132971878830251	-0.6842758110789655	0.05684788951768999	-0.05555653166842963	0.12316306073493614	-0.12225291493361186	1.0000000000000009	-0.05188737836309765	0.05602726704816573
-0.023558583776122306	0.04600205147577073	-0.03664056463652385	0.04754860259596072	-0.06338692065128987	0.029771950357839864	-0.03160607733551997	0.058179912261027436	-0.13524052227165467	0.13091714240535912	-0.021099639984783904	0.029711404172694526	-0.05974456767396409	0.19646920582239863	-0.1508730867524738	0.02354090509608242	-0.04019366483917402	0.043949978581195544	-0.3789141514949103	0.21085070162639555	-0.014115087742698745	0.012418685129530205	-0.05188737836309765	1.0000000000000009	-0.8742277722881685
0.029537773652873238	-0.05858026212789245	0.04527256872193839	-0.06002408676711579	0.07664554471105038	-0.037807176479192725	0.03806202726766193	-0.06905488376119168	0.14757027543437423	-0.16873659137046945	0.02541832309325796	-0.03621333508587682	0.06813034229943754	-0.24251860622594915	0.16753666493702885	-0.028619852372526136	0.04631300167073636	-0.049429042851311375	0.26449905192380263	-0.27880143638504196	0.01637268826188466	-0.01437436344447992	0.05602726704816573	-0.8742277722881685	1.0000000000000009
