1.0	-0.4690716900789571	0.1664361317411102	-0.11340504596663546	0.08810719607606576	-0.7205232010180238	0.23957492449959916	-0.15862733126195439	0.10718914958241366	-0.0871173758493203	0.2591563750699404	-0.22183289061352005	0.118817386341691	-0.11919375044984787	0.045749676018636755	-0.19611027480840273	0.17413228606071487	-0.1123765716755696	0.12361801515332997	-0.04520041742951081	0.12557833187806106	-0.11899240310800716	0.10783250915703566	-0.09849850530021348	0.1107582319775358	-0.12670200979668433	0.09741179102011178	-0.09735752192507373	0.08045081950903281	-0.08997802058562535	0.09756852381957046	-0.12725767002119767	0.0756169817336047	-0.0751549192080231	0.10157078276440072	-0.10511611059439888	0.08540311285514762	-0.092350083748836	0.06606452424425953	-0.09617094809143342
-0.4690716900789571	1.0	-0.36605501224961523	0.16897481330679348	-0.13708936462079224	0.2535769481534982	-0.6178272544829134	0.25716313321077255	-0.16886581333411807	0.12580759454185664	-0.2145164418632674	0.2566860001595137	-0.15117429401721305	0.13920898152933375	-0.051263741281612464	0.13923346343466753	-0.23425355275565626	0.12906089248722902	-0.14548813072961495	0.05004996059193136	-0.10582012845137878	0.10956222025489165	-0.11171478743320101	0.10085090865982207	-0.11555170654377445	0.10106849321467573	-0.09064836786507462	0.09476221736359264	-0.08006009890762936	0.08770886846706946	-0.08416417554654282	0.1092767554378545	-0.07046136525210593	0.06974610580879664	-0.09963194917192635	0.0892393930896449	-0.07632526752578865	0.08203871127556517	-0.060094603736517135	0.08606229071140122
0.1664361317411102	-0.36605501224961523	0.9999999999999997	-0.4652459283820626	0.22906741005976428	-0.15588913519243214	0.2580549479905393	-0.6564779508931503	0.2737051760920884	-0.2366808539240455	0.1293081758197103	-0.187301935534822	0.15653214577341762	-0.1607657964881236	0.049836865167486984	-0.1000414348502144	0.15114352396646946	-0.1050666268413557	0.11372093151462445	-0.04931076880703231	0.075145682722215	-0.08406221150392115	0.0867738437728333	-0.08080540068391032	0.09105200068628666	-0.07636635204185048	0.06851855093037884	-0.07571959998812383	0.06332520300704181	-0.07036326048769401	0.06338920651978606	-0.08520615931389393	0.05543297976725826	-0.05546770313040476	0.07742283482911883	-0.06986242084534625	0.05891680954272133	-0.0654229564161391	0.047743097996662764	-0.06941400405557856
-0.11340504596663546	0.16897481330679348	-0.4652459283820626	0.9999999999999996	-0.6261532122118698	0.09966650479617686	-0.16618974898529018	0.27203175172697636	-0.47242100344017773	0.30904669117438155	-0.09711080032948387	0.12665144275054183	-0.14135565945711112	0.13979289753093382	-0.04571514287004938	0.0732018694171087	-0.11918957140495968	0.08566882099858605	-0.09811369664129307	0.04393899496250472	-0.05762880108337813	0.06567481331831096	-0.07118329240701887	0.06648726255155411	-0.07706918728737881	0.057880313663339664	-0.0540670215246127	0.06106043389863868	-0.05180788754663755	0.057305842386533114	-0.049180853877588915	0.06592200598300295	-0.04438083706164267	0.04434136470139605	-0.06353321522834894	0.05413410252001636	-0.046437544785690066	0.051516423832780114	-0.03793644075974384	0.05482853891924598
0.08810719607606576	-0.13708936462079224	0.22906741005976428	-0.6261532122118698	1.0000000000000004	-0.08438898671147543	0.1273680611337329	-0.23318677645223487	0.31025822079522436	-0.6488052790383695	0.07879546276743753	-0.10668566361424793	0.11267871442897769	-0.12349385071329208	0.042177874336710997	-0.06259133105541084	0.09498370751526905	-0.0707480284287653	0.07953036552229922	-0.04125199906440636	0.0484226309751089	-0.05564365995092573	0.059171199285203986	-0.05593351427947216	0.06422705671789272	-0.049653950318896654	0.04555391439384472	-0.051777928989037394	0.04360818506639368	-0.04869677222079725	0.04182300131554291	-0.056603065032518926	0.03772238286859844	-0.037849554406556435	0.053304660881745736	-0.046625839848473905	0.039558795647487495	-0.04434378749807988	0.03249014376095499	-0.04732642149744182
-0.7205232010180238	0.2535769481534982	-0.15588913519243214	0.09966650479617686	-0.08438898671147543	1.0000000000000004	-0.24468671755453872	0.13904887172371652	-0.10202506241410114	0.07908699347675874	-0.4818880362945667	0.1985750142783966	-0.11911069702763061	0.1127013442998802	-0.04562593266741087	0.20205739785260388	-0.1868447858987746	0.11280437419166664	-0.12953859813881735	0.04453750666145179	-0.14061447876065275	0.11603348604944828	-0.10936835098907721	0.09810382455377499	-0.11413285103761452	0.12341252132225701	-0.09768971589564386	0.09519714673023089	-0.08018637142942832	0.08853294251251655	-0.0985557204289537	0.12120368912261954	-0.07416558103050744	0.0728720154779408	-0.10308542737633496	0.1003951466306344	-0.08458496901231162	0.08796942770183547	-0.06376042849767355	0.09088989760316116
0.23957492449959916	-0.6178272544829134	0.2580549479905393	-0.16618974898529018	0.1273680611337329	-0.24468671755453872	1.0	-0.38912892216111544	0.17072832967366558	-0.13237949758431664	0.18847195108482598	-0.48206824102852536	0.15481053968395536	-0.14979813211907864	0.05152799009608077	-0.13919033320884006	0.23621677570103639	-0.1355189605607121	0.14122599652656673	-0.0509385389570051	0.10175965012290417	-0.11252189298021023	0.11119477981808801	-0.10141491403442848	0.11220883031316044	-0.10207397782431517	0.09059558337978223	-0.09620126390661186	0.07989787330039326	-0.08809861143716416	0.08363749671751411	-0.11187849867291569	0.07069894661584364	-0.07044815573225846	0.09760528002665515	-0.09067608298661596	0.07616243195775871	-0.08350109362772384	0.06073196428873973	-0.08793150875887948
-0.15862733126195439	0.25716313321077255	-0.6564779508931503	0.27203175172697636	-0.23318677645223487	0.13904887172371652	-0.38912892216111544	1.0	-0.4357180174704579	0.22226322655308223	-0.1308670341297555	0.19440308418607785	-0.206278348133973	0.173938345735327	-0.052845435787328546	0.09647835343607059	-0.16970531949316098	0.11499079126914981	-0.12487448909706127	0.05157836678127495	-0.07500341334776023	0.08542451223886008	-0.09148310423167913	0.08436420040661272	-0.09547680693460642	0.07492733861054275	-0.069827838894919	0.07783123077774183	-0.06553229632604743	0.07212231450703509	-0.06324132324628337	0.08473170356533519	-0.05623421756373743	0.056129113104329185	-0.0796121231263079	0.06914228396629726	-0.05910228092282703	0.06533706065243974	-0.04799997067341455	0.06931732052805512
0.10718914958241366	-0.16886581333411807	0.2737051760920884	-0.47242100344017773	0.31025822079522436	-0.10202506241410114	0.17072832967366558	-0.4357180174704579	0.9999999999999989	-0.6271642527599107	0.09645606863847499	-0.13764147517272537	0.16352904795363576	-0.20320521197633828	0.05467025810075492	-0.07596976652889549	0.12081450190215175	-0.093253841195011	0.10466330668723722	-0.05276577500626712	0.059269755851988334	-0.06916809195639168	0.07504337374743247	-0.07088496992475335	0.08098551678025963	-0.060562606451292245	0.05646044118271453	-0.064885288196326	0.05471534180747014	-0.06075623430265658	0.05126682548708035	-0.06949376879284702	0.04669915575362597	-0.04684011347563585	0.06619813737573695	-0.05701509345939493	0.04858921485541996	-0.05448232713628332	0.04002666317128992	-0.05814977294750241
-0.0871173758493203	0.12580759454185664	-0.2366808539240455	0.30904669117438155	-0.6488052790383695	0.07908699347675874	-0.13237949758431664	0.22226322655308223	-0.6271642527599107	0.9999999999999998	-0.07898782597690732	0.10434194718825347	-0.12856447337997742	0.1314086887121102	-0.04845200446786083	0.060553422104281183	-0.09975148109856147	0.0743708984968855	-0.08593602786552099	0.045283370458288695	-0.048079470399141594	0.055751388525897366	-0.06130928690155555	0.05778691976296831	-0.06747245680749472	0.04856650439065668	-0.04584540090065126	0.052603373353434624	-0.04473661087088008	0.049605322397623094	-0.04146180828192811	0.05584925053048747	-0.037987857555684554	0.03802137151351666	-0.054562103770138544	0.045888167616185145	-0.03942786590486558	0.04399027112142526	-0.03244802467857459	0.046944552893568525
0.2591563750699404	-0.2145164418632674	0.1293081758197103	-0.09711080032948387	0.07879546276743753	-0.4818880362945667	0.18847195108482598	-0.1308670341297555	0.09645606863847499	-0.07898782597690732	0.9999999999999998	-0.2901260283708614	0.13967666258225075	-0.14084857749888152	0.059085310180807836	-0.5692854188116145	0.2167671288388703	-0.14677560326905606	0.16187265275056237	-0.05828093840588691	0.25216535696389625	-0.1917185824013945	0.1563442882571969	-0.14013196322156043	0.15726757102628613	-0.24077890206792832	0.15698043758009342	-0.14302890030501214	0.11713231618114922	-0.1307954257336191	0.16876953097047348	-0.20988887731977807	0.11523889275825605	-0.11343564226102933	0.1499147934356615	-0.1743004055842392	0.136968515225943	-0.14296608530263835	0.10076595487168344	-0.14540594726323558
-0.22183289061352005	0.2566860001595137	-0.187301935534822	0.12665144275054183	-0.10668566361424793	0.1985750142783966	-0.48206824102852536	0.19440308418607785	-0.13764147517272537	0.10434194718825347	-0.2901260283708614	1.0000000000000007	-0.22257152113831477	0.1856356941726651	-0.0696451913341941	0.1764891590925616	-0.6234357348235277	0.22366735134536594	-0.23662828379883938	0.06818076451551275	-0.14051965280079043	0.1644220166013152	-0.17221101667626382	0.15023996727653852	-0.1656248103628677	0.13381482339111825	-0.133091024038958	0.13838425735883006	-0.1164824208870272	0.12477801916431294	-0.11411297069736767	0.1510120499277351	-0.09876729114343595	0.09758356903509673	-0.1394810491990909	0.12022325693290954	-0.1042702351752398	0.11238656516471823	-0.08291704593074978	0.11793950496610672
0.118817386341691	-0.15117429401721305	0.15653214577341762	-0.14135565945711112	0.11267871442897769	-0.11911069702763061	0.15481053968395536	-0.206278348133973	0.16352904795363576	-0.12856447337997742	0.13967666258225075	-0.22257152113831477	0.9999999999999982	-0.7894237899441423	0.13380707836637296	-0.12336854372360755	0.21899748373025185	-0.34528886230143824	0.2570474955872241	-0.13893725889378059	0.10321755519182625	-0.1428125524849552	0.17394997420360536	-0.1667680697652572	0.17192263206302344	-0.10973363990557881	0.1120937423952184	-0.1475300117067098	0.12038589443227275	-0.13257380067091748	0.09610614431764804	-0.1364691238585489	0.09635638044632147	-0.09793649187528626	0.1342146389931026	-0.1104478795872998	0.09462381246952253	-0.1105700936938759	0.08170162845681461	-0.11955384038129532
-0.11919375044984787	0.13920898152933375	-0.1607657964881236	0.13979289753093382	-0.12349385071329208	0.1127013442998802	-0.14979813211907864	0.173938345735327	-0.20320521197633828	0.1314086887121102	-0.14084857749888152	0.1856356941726651	-0.7894237899441423	0.9999999999999989	-0.19179023696855865	0.11625705317281543	-0.22398053504229032	0.24875440441336502	-0.3225362215210943	0.15336210560886376	-0.10098240000899278	0.13501474765860885	-0.17570291206863195	0.16837060344245042	-0.19581218722324048	0.10384505593648735	-0.11008776900514015	0.14137114781243706	-0.12264973998176966	0.1323481007302315	-0.09282125854902482	0.12855542755794275	-0.09504169889694192	0.09549421370651114	-0.14006598193614794	0.10447022466710822	-0.09210198203854165	0.10537786069384358	-0.07919886987197927	0.11359400865159629
0.045749676018636755	-0.051263741281612464	0.049836865167486984	-0.04571514287004938	0.042177874336710997	-0.04562593266741087	0.05152799009608077	-0.052845435787328546	0.05467025810075492	-0.04845200446786083	0.059085310180807836	-0.0696451913341941	0.13380707836637296	-0.19179023696855865	1.0000000000000024	-0.05509115577541084	0.08030336860631754	-0.08764599995905023	0.10769003589718255	-0.9429718857782539	0.04898445960254183	-0.06905609496350655	0.08371016656042946	-0.11040178111197928	0.1592035798592057	-0.05379185159175398	0.0558246117133492	-0.08355930073489626	0.07381495710506172	-0.09733147482632079	0.04905001610696908	-0.07061520980955399	0.055458540357425166	-0.05844409288076249	0.08080984582092797	-0.06017600656476789	0.051774403482612766	-0.06462153725199173	0.048169923306019796	-0.07260488213123917
-0.19611027480840273	0.13923346343466753	-0.1000414348502144	0.0732018694171087	-0.06259133105541084	0.20205739785260388	-0.13919033320884006	0.09647835343607059	-0.07596976652889549	0.060553422104281183	-0.5692854188116145	0.1764891590925616	-0.12336854372360755	0.11625705317281543	-0.05509115577541084	1.0000000000000018	-0.20156471057119452	0.13230187077538838	-0.15782453123500642	0.053223655962684774	-0.6077903617065765	0.18752795740086878	-0.1571594480335324	0.13111290929112948	-0.15895146945539193	0.25667571761715957	-0.16996625110984215	0.1309428159003416	-0.11172328683237831	0.12094120639849525	-0.20337175930821982	0.19103185153802804	-0.1094153562524602	0.10348395679671181	-0.15066083735431426	0.1608723129030911	-0.14113294500984724	0.1265282567159507	-0.09198055621441906	0.12427654725997447
0.17413228606071487	-0.23425355275565626	0.15114352396646946	-0.11918957140495968	0.09498370751526905	-0.1868447858987746	0.23621677570103639	-0.16970531949316098	0.12081450190215175	-0.09975148109856147	0.2167671288388703	-0.6234357348235277	0.21899748373025185	-0.22398053504229032	0.08030336860631754	-0.20156471057119452	1.000000000000002	-0.4313463243166031	0.2691478400048679	-0.08102570226679165	0.15770300854950883	-0.25167047253479385	0.22175985924556904	-0.19819296122041394	0.1923155437297013	-0.16837421326381552	0.1718691832365748	-0.18708014822458546	0.1478364479270115	-0.16040967103138207	0.14085723693381763	-0.20430349018766172	0.1258335883669175	-0.1264019524719088	0.16723147576077452	-0.15518340119942786	0.1300018362296212	-0.14670079746218537	0.106680786851264	-0.155180750739161
-0.1123765716755696	0.12906089248722902	-0.1050666268413557	0.08566882099858605	-0.0707480284287653	0.11280437419166664	-0.1355189605607121	0.11499079126914981	-0.093253841195011	0.0743708984968855	-0.14677560326905606	0.22366735134536594	-0.34528886230143824	0.24875440441336502	-0.08764599995905023	0.13230187077538838	-0.4313463243166031	1.0000000000000002	-0.6565645270769758	0.08737149306658316	-0.11835013231287245	0.191279133684941	-0.36397392321085614	0.2390456478049983	-0.21067236423778643	0.12315195286441523	-0.1460100349028252	0.1990409373469632	-0.16329722820848758	0.1580682676789914	-0.1103678448129117	0.15865890488758977	-0.11622536414199991	0.11591634225612296	-0.15855980037985284	0.12246691846941767	-0.10762490663620347	0.12416388168864678	-0.09329284464070316	0.13217690539944624
0.12361801515332997	-0.14548813072961495	0.11372093151462445	-0.09811369664129307	0.07953036552229922	-0.12953859813881735	0.14122599652656673	-0.12487448909706127	0.10466330668723722	-0.08593602786552099	0.16187265275056237	-0.23662828379883938	0.2570474955872241	-0.3225362215210943	0.10769003589718255	-0.15782453123500642	0.2691478400048679	-0.6565645270769758	1.0000000000000042	-0.11394223401296757	0.13586208089050308	-0.21055462168080935	0.27676411858222877	-0.38601444900899934	0.2469216396109598	-0.14882503906182845	0.15923452368753716	-0.24257594556849507	0.19767662447150658	-0.20417447349833345	0.13167059359733924	-0.19326508682174678	0.1413962742374633	-0.1459499754641101	0.18910030861171617	-0.15373543214148339	0.13158937505399074	-0.15833777202511892	0.11741928648839514	-0.17127192500236524
-0.04520041742951081	0.05004996059193136	-0.04931076880703231	0.04393899496250472	-0.04125199906440636	0.04453750666145179	-0.0509385389570051	0.05157836678127495	-0.05276577500626712	0.045283370458288695	-0.05828093840588691	0.06818076451551275	-0.13893725889378059	0.15336210560886376	-0.9429718857782539	0.053223655962684774	-0.08102570226679165	0.08737149306658316	-0.11394223401296757	1.0000000000000022	-0.04765774840769884	0.06699463993350616	-0.08409849229840496	0.10926734914068796	-0.1997280972821187	0.05167954909128977	-0.05450053752022237	0.08093596360000202	-0.07333664707488811	0.09423364245869628	-0.0472695486935854	0.06756285526328323	-0.0537638122670124	0.056229508075043726	-0.08069477170345431	0.05719215656109462	-0.049749270610431724	0.06132649425357085	-0.046087232282825644	0.06856330034197104
0.12557833187806106	-0.10582012845137878	0.075145682722215	-0.05762880108337813	0.0484226309751089	-0.14061447876065275	0.10175965012290417	-0.07500341334776023	0.059269755851988334	-0.048079470399141594	0.25216535696389625	-0.14051965280079043	0.10321755519182625	-0.10098240000899278	0.04898445960254183	-0.6077903617065765	0.15770300854950883	-0.11835013231287245	0.13586208089050308	-0.04765774840769884	0.9999999999999993	-0.26835522031782366	0.15789543598248404	-0.12834852101049526	0.14662247653415286	-0.562391969626452	0.20164317952963337	-0.13503979449086562	0.11017766914262399	-0.11850004574088151	0.24616149997268102	-0.24477199194214583	0.11370443661613754	-0.10724463861318999	0.1436822970857735	-0.2021290370349171	0.15165686691024005	-0.1365943333096424	0.09529338800047019	-0.12912362222014728
-0.11899240310800716	0.10956222025489165	-0.08406221150392115	0.06567481331831096	-0.05564365995092573	0.11603348604944828	-0.11252189298021023	0.08542451223886008	-0.06916809195639168	0.055751388525897366	-0.1917185824013945	0.1644220166013152	-0.1428125524849552	0.13501474765860885	-0.06905609496350655	0.18752795740086878	-0.25167047253479385	0.191279133684941	-0.21055462168080935	0.06699463993350616	-0.26835522031782366	1.0000000000000029	-0.4280460279514522	0.20882425704620172	-0.222897249347198	0.21430866493189082	-0.6593638413588976	0.21914452563819656	-0.17503580306641714	0.16772949664186418	-0.20470554708179212	0.28876406791122394	-0.1514333298991402	0.13857072509849985	-0.19766215546125498	0.1717941101050396	-0.16159811451889386	0.15240033496062205	-0.11442081416046229	0.1504975908096361
0.10783250915703566	-0.11171478743320101	0.0867738437728333	-0.07118329240701887	0.059171199285203986	-0.10936835098907721	0.11119477981808801	-0.09148310423167913	0.07504337374743247	-0.06130928690155555	0.1563442882571969	-0.17221101667626382	0.17394997420360536	-0.17570291206863195	0.08371016656042946	-0.1571594480335324	0.22175985924556904	-0.36397392321085614	0.27676411858222877	-0.08409849229840496	0.15789543598248404	-0.4280460279514522	1.0000000000000027	-0.45444750683754775	0.2742545270908836	-0.1658536430976512	0.23374880544404122	-0.4912982457678844	0.27031914852010397	-0.2418153646329693	0.15274984947582987	-0.23868529490771137	0.17724118174608974	-0.176324658533004	0.22061237435536124	-0.1669854110675824	0.1485529295877996	-0.17559975315845294	0.13231722217729214	-0.18297506432233057
-0.09849850530021348	0.10085090865982207	-0.08080540068391032	0.06648726255155411	-0.05593351427947216	0.09810382455377499	-0.10141491403442848	0.08436420040661272	-0.07088496992475335	0.05778691976296831	-0.14013196322156043	0.15023996727653852	-0.1667680697652572	0.16837060344245042	-0.11040178111197928	0.13111290929112948	-0.19819296122041394	0.2390456478049983	-0.38601444900899934	0.10926734914068796	-0.12834852101049526	0.20882425704620172	-0.45444750683754775	1.0000000000000033	-0.563425497895426	0.13454208911518564	-0.17155250159539803	0.295893423647206	-0.42324719103908554	0.272191526004182	-0.12750447863823175	0.18222500046192514	-0.1700964088559169	0.17323921613509127	-0.24448542136119655	0.14593785124118294	-0.1345740485627027	0.16209893937981545	-0.1288576062654194	0.1750038174614153
0.1107582319775358	-0.11555170654377445	0.09105200068628666	-0.07706918728737881	0.06422705671789272	-0.11413285103761452	0.11220883031316044	-0.09547680693460642	0.08098551678025963	-0.06747245680749472	0.15726757102628613	-0.1656248103628677	0.17192263206302344	-0.19581218722324048	0.1592035798592057	-0.15895146945539193	0.1923155437297013	-0.21067236423778643	0.2469216396109598	-0.1997280972821187	0.14662247653415286	-0.222897249347198	0.2742545270908836	-0.563425497895426	0.999999999999995	-0.16652106252627266	0.176829164370279	-0.3102491441946141	0.2865408265222784	-0.4589651057451539	0.15499508785927651	-0.22922097529401358	0.19195267347676567	-0.209255993891314	0.28070033446591464	-0.19777551967452495	0.16977751416294595	-0.22220667450329284	0.16633951885632955	-0.2538655598794149
-0.12670200979668433	0.10106849321467573	-0.07636635204185048	0.057880313663339664	-0.049653950318896654	0.12341252132225701	-0.10207397782431517	0.07492733861054275	-0.060562606451292245	0.04856650439065668	-0.24077890206792832	0.13381482339111825	-0.10973363990557881	0.10384505593648735	-0.05379185159175398	0.25667571761715957	-0.16837421326381552	0.12315195286441523	-0.14882503906182845	0.05167954909128977	-0.562391969626452	0.21430866493189082	-0.1658536430976512	0.13454208911518564	-0.16652106252627266	0.9999999999999993	-0.2609384921628059	0.1396011814647091	-0.11951774178087077	0.12737918859560657	-0.579973633055808	0.26930502824836616	-0.1298469151511294	0.11711551774281985	-0.16705304705523527	0.23829681450498388	-0.20473975206856257	0.1495095555498457	-0.10685520077643493	0.13547369434786655
0.09741179102011178	-0.09064836786507462	0.06851855093037884	-0.0540670215246127	0.04555391439384472	-0.09768971589564386	0.09059558337978223	-0.069827838894919	0.05646044118271453	-0.04584540090065126	0.15698043758009342	-0.133091024038958	0.1120937423952184	-0.11008776900514015	0.0558246117133492	-0.16996625110984215	0.1718691832365748	-0.1460100349028252	0.15923452368753716	-0.05450053752022237	0.20164317952963337	-0.6593638413588976	0.23374880544404122	-0.17155250159539803	0.176829164370279	-0.2609384921628059	1.0000000000000002	-0.20320961917326688	0.1469459865193819	-0.14712482246313832	0.22551460185444258	-0.5573582980663633	0.14563672561133711	-0.13358277444488587	0.16885706194468522	-0.184014180290409	0.15891372840393228	-0.14943226169713242	0.10800123471001492	-0.14232250842817668
-0.09735752192507373	0.09476221736359264	-0.07571959998812383	0.06106043389863868	-0.051777928989037394	0.09519714673023089	-0.09620126390661186	0.07783123077774183	-0.064885288196326	0.052603373353434624	-0.14302890030501214	0.13838425735883006	-0.1475300117067098	0.14137114781243706	-0.08355930073489626	0.1309428159003416	-0.18708014822458546	0.1990409373469632	-0.24257594556849507	0.08093596360000202	-0.13503979449086562	0.21914452563819656	-0.4912982457678844	0.295893423647206	-0.3102491441946141	0.1396011814647091	-0.20320961917326688	0.9999999999999983	-0.6070251734786695	0.2780492254100491	-0.13761791099003878	0.19502998262753998	-0.2786427647353562	0.2256445614546895	-0.2937353228115362	0.1535313745003682	-0.15284692899330882	0.18584116891070082	-0.15301998418913518	0.1875358399678527
0.08045081950903281	-0.08006009890762936	0.06332520300704181	-0.05180788754663755	0.04360818506639368	-0.08018637142942832	0.07989787330039326	-0.06553229632604743	0.05471534180747014	-0.04473661087088008	0.11713231618114922	-0.1164824208870272	0.12038589443227275	-0.12264973998176966	0.07381495710506172	-0.11172328683237831	0.1478364479270115	-0.16329722820848758	0.19767662447150658	-0.07333664707488811	0.11017766914262399	-0.17503580306641714	0.27031914852010397	-0.42324719103908554	0.2865408265222784	-0.11951774178087077	0.1469459865193819	-0.6070251734786695	0.9999999999999987	-0.4922530098848187	0.11611053588460458	-0.16947343549293875	0.2146230227637764	-0.27538920766484654	0.27214078337554287	-0.13932848702458983	0.13335712351567056	-0.17659056469464404	0.14793649419272015	-0.18932204279582573
-0.08997802058562535	0.08770886846706946	-0.07036326048769401	0.057305842386533114	-0.04869677222079725	0.08853294251251655	-0.08809861143716416	0.07212231450703509	-0.06075623430265658	0.049605322397623094	-0.1307954257336191	0.12477801916431294	-0.13257380067091748	0.1323481007302315	-0.09733147482632079	0.12094120639849525	-0.16040967103138207	0.1580682676789914	-0.20417447349833345	0.09423364245869628	-0.11850004574088151	0.16772949664186418	-0.2418153646329693	0.272191526004182	-0.4589651057451539	0.12737918859560657	-0.14712482246313832	0.2780492254100491	-0.4922530098848187	1.0000000000000013	-0.12437248327001205	0.1734563368877273	-0.20028034502896774	0.21160733653774766	-0.5936550144386268	0.15136928114486026	-0.1456433101598572	0.18339460056848667	-0.1554419629705616	0.21040770053138785
0.09756852381957046	-0.08416417554654282	0.06338920651978606	-0.049180853877588915	0.04182300131554291	-0.0985557204289537	0.08363749671751411	-0.06324132324628337	0.05126682548708035	-0.04146180828192811	0.16876953097047348	-0.11411297069736767	0.09610614431764804	-0.09282125854902482	0.04905001610696908	-0.20337175930821982	0.14085723693381763	-0.1103678448129117	0.13167059359733924	-0.0472695486935854	0.24616149997268102	-0.20470554708179212	0.15274984947582987	-0.12750447863823175	0.15499508785927651	-0.579973633055808	0.22551460185444258	-0.13761791099003878	0.11611053588460458	-0.12437248327001205	0.9999999999999982	-0.4722558885560513	0.14136194411330746	-0.1265513472933231	0.16272751844945046	-0.479689542020054	0.24038596788811292	-0.1760993756944046	0.11611836864427641	-0.14694647223294666
-0.12725767002119767	0.1092767554378545	-0.08520615931389393	0.06592200598300295	-0.056603065032518926	0.12120368912261954	-0.11187849867291569	0.08473170356533519	-0.06949376879284702	0.05584925053048747	-0.20988887731977807	0.1510120499277351	-0.1364691238585489	0.12855542755794275	-0.07061520980955399	0.19103185153802804	-0.20430349018766172	0.15865890488758977	-0.19326508682174678	0.06756285526328323	-0.24477199194214583	0.28876406791122394	-0.23868529490771137	0.18222500046192514	-0.22922097529401358	0.26930502824836616	-0.5573582980663633	0.19502998262753998	-0.16947343549293875	0.1734563368877273	-0.4722558885560513	0.9999999999999986	-0.22713932519622354	0.1752452463497835	-0.234258420072696	0.2523888370057887	-0.26130549870929115	0.19823859917770573	-0.14656734196088236	0.17755983910491832
0.0756169817336047	-0.07046136525210593	0.05543297976725826	-0.04438083706164267	0.03772238286859844	-0.07416558103050744	0.07069894661584364	-0.05623421756373743	0.04669915575362597	-0.037987857555684554	0.11523889275825605	-0.09876729114343595	0.09635638044632147	-0.09504169889694192	0.055458540357425166	-0.1094153562524602	0.1258335883669175	-0.11622536414199991	0.1413962742374633	-0.0537638122670124	0.11370443661613754	-0.1514333298991402	0.17724118174608974	-0.1700964088559169	0.19195267347676567	-0.1298469151511294	0.14563672561133711	-0.2786427647353562	0.2146230227637764	-0.20028034502896774	0.14136194411330746	-0.22713932519622354	0.9999999999999969	-0.725086847839934	0.24994107926905257	-0.18648083187567638	0.20348824677911542	-0.42200116236473634	0.2639671543793951	-0.2749192671246937
-0.0751549192080231	0.06974610580879664	-0.05546770313040476	0.04434136470139605	-0.037849554406556435	0.0728720154779408	-0.07044815573225846	0.056129113104329185	-0.04684011347563585	0.03802137151351666	-0.11343564226102933	0.09758356903509673	-0.09793649187528626	0.09549421370651114	-0.05844409288076249	0.10348395679671181	-0.1264019524719088	0.11591634225612296	-0.1459499754641101	0.056229508075043726	-0.10724463861318999	0.13857072509849985	-0.176324658533004	0.17323921613509127	-0.209255993891314	0.11711551774281985	-0.13358277444488587	0.2256445614546895	-0.27538920766484654	0.21160733653774766	-0.1265513472933231	0.1752452463497835	-0.725086847839934	0.999999999999997	-0.3388291716718719	0.15813975560118385	-0.18742494327727524	0.2778387038108948	-0.38250459882665505	0.26290416991982307
0.10157078276440072	-0.09963194917192635	0.07742283482911883	-0.06353321522834894	0.053304660881745736	-0.10308542737633496	0.09760528002665515	-0.0796121231263079	0.06619813737573695	-0.054562103770138544	0.1499147934356615	-0.1394810491990909	0.1342146389931026	-0.14006598193614794	0.08080984582092797	-0.15066083735431426	0.16723147576077452	-0.15855980037985284	0.18910030861171617	-0.08069477170345431	0.1436822970857735	-0.19766215546125498	0.22061237435536124	-0.24448542136119655	0.28070033446591464	-0.16705304705523527	0.16885706194468522	-0.2937353228115362	0.27214078337554287	-0.5936550144386268	0.16272751844945046	-0.234258420072696	0.24994107926905257	-0.3388291716718719	0.9999999999999972	-0.22520368133058105	0.20121330889870656	-0.29340560487233897	0.23580540453704762	-0.39487781336241523
-0.10511611059439888	0.0892393930896449	-0.06986242084534625	0.05413410252001636	-0.046625839848473905	0.1003951466306344	-0.09067608298661596	0.06914228396629726	-0.05701509345939493	0.045888167616185145	-0.1743004055842392	0.12022325693290954	-0.1104478795872998	0.10447022466710822	-0.06017600656476789	0.1608723129030911	-0.15518340119942786	0.12246691846941767	-0.15373543214148339	0.05719215656109462	-0.2021290370349171	0.1717941101050396	-0.1669854110675824	0.14593785124118294	-0.19777551967452495	0.23829681450498388	-0.184014180290409	0.1535313745003682	-0.13932848702458983	0.15136928114486026	-0.479689542020054	0.2523888370057887	-0.18648083187567638	0.15813975560118385	-0.22520368133058105	0.9999999999999973	-0.6582422488014927	0.25162047559991774	-0.16915579740196482	0.1850409571374349
0.08540311285514762	-0.07632526752578865	0.05891680954272133	-0.046437544785690066	0.039558795647487495	-0.08458496901231162	0.07616243195775871	-0.05910228092282703	0.04858921485541996	-0.03942786590486558	0.136968515225943	-0.1042702351752398	0.09462381246952253	-0.09210198203854165	0.051774403482612766	-0.14113294500984724	0.1300018362296212	-0.10762490663620347	0.13158937505399074	-0.049749270610431724	0.15165686691024005	-0.16159811451889386	0.1485529295877996	-0.1345740485627027	0.16977751416294595	-0.20473975206856257	0.15891372840393228	-0.15284692899330882	0.13335712351567056	-0.1456433101598572	0.24038596788811292	-0.26130549870929115	0.20348824677911542	-0.18742494327727524	0.20121330889870656	-0.6582422488014927	0.9999999999999973	-0.5112002441137175	0.20965688706744037	-0.25225851511108466
-0.092350083748836	0.08203871127556517	-0.0654229564161391	0.051516423832780114	-0.04434378749807988	0.08796942770183547	-0.08350109362772384	0.06533706065243974	-0.05448232713628332	0.04399027112142526	-0.14296608530263835	0.11238656516471823	-0.1105700936938759	0.10537786069384358	-0.06462153725199173	0.1265282567159507	-0.14670079746218537	0.12416388168864678	-0.15833777202511892	0.06132649425357085	-0.1365943333096424	0.15240033496062205	-0.17559975315845294	0.16209893937981545	-0.22220667450329284	0.1495095555498457	-0.14943226169713242	0.18584116891070082	-0.17659056469464404	0.18339460056848667	-0.1760993756944046	0.19823859917770573	-0.42200116236473634	0.2778387038108948	-0.29340560487233897	0.25162047559991774	-0.5112002441137175	0.9999999999999971	-0.4902227629567808	0.2950719512293756
0.06606452424425953	-0.060094603736517135	0.047743097996662764	-0.03793644075974384	0.03249014376095499	-0.06376042849767355	0.06073196428873973	-0.04799997067341455	0.04002666317128992	-0.03244802467857459	0.10076595487168344	-0.08291704593074978	0.08170162845681461	-0.07919886987197927	0.048169923306019796	-0.09198055621441906	0.106680786851264	-0.09329284464070316	0.11741928648839514	-0.046087232282825644	0.09529338800047019	-0.11442081416046229	0.13231722217729214	-0.1288576062654194	0.16633951885632955	-0.10685520077643493	0.10800123471001492	-0.15301998418913518	0.14793649419272015	-0.1554419629705616	0.11611836864427641	-0.14656734196088236	0.2639671543793951	-0.38250459882665505	0.23580540453704762	-0.16915579740196482	0.20965688706744037	-0.4902227629567808	0.9999999999999971	-0.6944675503301421
-0.09617094809143342	0.08606229071140122	-0.06941400405557856	0.05482853891924598	-0.04732642149744182	0.09088989760316116	-0.08793150875887948	0.06931732052805512	-0.05814977294750241	0.046944552893568525	-0.14540594726323558	0.11793950496610672	-0.11955384038129532	0.11359400865159629	-0.07260488213123917	0.12427654725997447	-0.155180750739161	0.13217690539944624	-0.17127192500236524	0.06856330034197104	-0.12912362222014728	0.1504975908096361	-0.18297506432233057	0.1750038174614153	-0.2538655598794149	0.13547369434786655	-0.14232250842817668	0.1875358399678527	-0.18932204279582573	0.21040770053138785	-0.14694647223294666	0.17755983910491832	-0.2749192671246937	0.26290416991982307	-0.39487781336241523	0.1850409571374349	-0.25225851511108466	0.2950719512293756	-0.6944675503301421	0.9999999999999973
