1.0000000000000002	-0.2621431189407226	0.21893330132098132	-0.16162032265157195	0.14152267949557454	-0.502050497356617	0.23863491646446508	-0.26598408714255306	0.15040424298359745	-0.16030406130818578	0.29499915430528173	-0.3679800729236555	0.22893709371891982	-0.18491215292129592	0.1682530573179584	-0.27920773405008287	0.2093160464868854	-0.23299062809758067	0.19085569655148182	-0.16019877294197188	0.1278778377274408	-0.1266909801595545	0.1394411990814653	-0.17868560293373206	0.15632305838553237	-0.09385242266856388	0.11607101177109624	-0.1237910265681754	0.15147710643638698	-0.13457854156146576	0.10358278464258458	-0.13133866632964322	0.14791551496274158	-0.20892270030418075	0.1102122381519911	-0.11544263165491928	0.09788168525414719	-0.1031651810937376	0.11273519739459474	-0.13754918704449176	0.08728313503038115	-0.07777123169783454	0.1151344394124928	-0.14806588444737437	0.17527452376051011
-0.2621431189407226	1.0	-0.461558359727844	0.17164573609867148	-0.13999297292475446	0.15580449194874949	-0.7722329675544587	0.2280313345221145	-0.12414527744239605	0.12802509159273753	-0.14948926365151544	0.19873530045124516	-0.1429888425231326	0.10177925835670569	-0.0978046254001605	0.11700537351960957	-0.10698925001348844	0.11807052941945766	-0.10342594779979525	0.08067388348276	-0.05726182224203626	0.05757401886600462	-0.06460798360423235	0.0826610012296009	-0.07987149035097471	0.041022493551756266	-0.05268673171080959	0.05502651661213266	-0.07028610324000113	0.05816476301281051	-0.045180024942583094	0.0554221597702307	-0.06444327348652196	0.08779781171560254	-0.048399771762432965	0.04819175389212874	-0.04156780714257124	0.04372523947561822	-0.04786013658563706	0.05671955206901703	-0.037022407991966516	0.032790891931674976	-0.04883945980782602	0.06006351004167537	-0.07195570538621594
0.21893330132098132	-0.461558359727844	1.0	-0.47880200699027686	0.2634512639029276	-0.14279617569004877	0.2806362968744161	-0.49339659009830483	0.22554860016071235	-0.2584542232391692	0.13988245943290623	-0.21472388039943133	0.18156584672088963	-0.15787617395618733	0.14862428122639224	-0.1432953791789795	0.12362665900675096	-0.16209890635688443	0.14453678351739113	-0.11880089272078288	0.07544690641086495	-0.07604458992178449	0.08650839565269942	-0.11847540805325892	0.1140043069762901	-0.054576197846785884	0.06981435838120337	-0.0745211429765672	0.09934566961679944	-0.0836286420918705	0.060436605846074125	-0.07489214298617763	0.0876104858784789	-0.12641392868218626	0.06901166479923929	-0.06551548501149054	0.056423667932924866	-0.05974007092334281	0.06789436621275644	-0.08111018545803124	0.05028733996907282	-0.04462449164445283	0.06658625275363587	-0.08280510032761909	0.09826792397573055
-0.16162032265157195	0.17164573609867148	-0.47880200699027686	0.9999999999999999	-0.7369579502157386	0.09110357759635987	-0.18464644751669515	0.24800946218814598	-0.24752656631018155	0.25177281960730796	-0.09486352966379534	0.12972920765478158	-0.12113641087262018	0.12238676293758204	-0.12699063754517556	0.09016866591317876	-0.0809442628176407	0.10631182769608748	-0.10642832461103902	0.08780219575405143	-0.051402100891769546	0.05125003315337886	-0.059559514671247676	0.08246476304532471	-0.08561711930260776	0.03683258428556503	-0.047569129901193614	0.05057148708698028	-0.06978097669771376	0.05672799605340768	-0.0410999637429971	0.05022719401027641	-0.06024335904131309	0.08436955737352896	-0.04734617931990335	0.0439944061222104	-0.03827067071678573	0.04052366873029628	-0.04591759237962191	0.05396564212821383	-0.03418437136473849	0.030217742332878595	-0.04543051684415171	0.0554042237933388	-0.06697426264012607
0.14152267949557454	-0.13999297292475446	0.2634512639029276	-0.7369579502157386	0.9999999999999989	-0.0834701721326154	0.14145182381199786	-0.29651768687436575	0.251073340839313	-0.46007285916777335	0.08693003909046751	-0.12716319692214537	0.12256585136300788	-0.1371145518779441	0.1352316732900134	-0.09053453686131223	0.07979270914503142	-0.11189774484053426	0.11013869206404057	-0.0951942749632089	0.05146063108672248	-0.05202138055135211	0.06034886276752224	-0.0873247775900482	0.08832653081692303	-0.037152030356066956	0.04797179883541961	-0.05161773860912964	0.07235312931418467	-0.05997911111840647	0.04128791474268956	-0.05093610234321907	0.0605520066429368	-0.08956770118341195	0.04949240283554696	-0.044607186389705525	0.03860700562011623	-0.041041460947535656	0.04784438382655576	-0.05681590422236692	0.03441667322057785	-0.03051870729684941	0.04571971168060475	-0.0564666962582677	0.06695503155896129
-0.502050497356617	0.15580449194874949	-0.14279617569004877	0.09110357759635987	-0.0834701721326154	0.9999999999999994	-0.2116154650427929	0.14743946849908376	-0.08630250931671714	0.08798877514569985	-0.7565413856201764	0.25296993214785785	-0.16109788721171703	0.10081308912348037	-0.09587502682981244	0.16666070873126793	-0.14655193210644366	0.1335503564681066	-0.11235854453431306	0.0853724735909397	-0.06982584301336073	0.06995736602927964	-0.07662145147091656	0.0915069375917288	-0.08590902089635799	0.04967130891010256	-0.06356094510321356	0.06509278046625862	-0.07834148391375138	0.06507325326261422	-0.05412172984712853	0.06619258767278889	-0.07535889338046194	0.09886889351290358	-0.054219919473917515	0.05715985478173246	-0.049086623157462664	0.051292759443332246	-0.054257920199519076	0.06438772940747019	-0.04362641439383311	0.03865620810145258	-0.05720386616205114	0.07038322126491033	-0.08410801008082275
0.23863491646446508	-0.7722329675544587	0.2806362968744161	-0.18464644751669515	0.14145182381199786	-0.2116154650427929	1.0000000000000002	-0.29988498324130464	0.14271899643918912	-0.15237740140146477	0.1782071314544686	-0.3080716905561993	0.1744792264410365	-0.1232712344330575	0.11509614050536954	-0.1501677092801177	0.13305101270110317	-0.14872835317677038	0.12389306923373984	-0.09716447514669134	0.06845299557098466	-0.06986558405030216	0.07743030111857216	-0.09979916661562391	0.094776047395598	-0.04927318422854561	0.06321187925249569	-0.06618535334305553	0.08400531596847075	-0.07007349117928494	0.05384292111463193	-0.0664078314880726	0.07632733472309533	-0.10602858203115322	0.058025947468491094	-0.05756169476452824	0.04945395474240593	-0.05203010459495266	0.05733947233620748	-0.06825539467237784	0.04396362145909646	-0.03900981627138471	0.057865144043464295	-0.07156024883549254	0.08477577150779683
-0.26598408714255306	0.2280313345221145	-0.49339659009830483	0.24800946218814598	-0.29651768687436575	0.14743946849908376	-0.29988498324130464	0.9999999999999999	-0.5065309406589409	0.2828660114657454	-0.16122850308299055	0.22191789227612316	-0.3011553943640259	0.19567718709278809	-0.1976084100015177	0.14762332042811369	-0.13996958537021828	0.1976045664113207	-0.19059980460135323	0.14061341162089885	-0.08423414202321793	0.08414768312348153	-0.09841633807336585	0.1334006731721449	-0.14062650684356934	0.059871063551569056	-0.07811824943606921	0.08224626103552704	-0.11384782052632765	0.08958751108011996	-0.06674390899742669	0.08066478934680202	-0.09763915364372669	0.1321044688772884	-0.07548235215130863	0.07042180216093552	-0.061597895327156635	0.06508416311074379	-0.072702417699268	0.0843675878316636	-0.05502458842576348	0.04852524709282251	-0.07311971630204836	0.08783787468847591	-0.10723995073281875
0.15040424298359745	-0.12414527744239605	0.22554860016071235	-0.24752656631018155	0.251073340839313	-0.08630250931671714	0.14271899643918912	-0.5065309406589409	0.999999999999999	-0.7093461479427401	0.0929777794517405	-0.13647482775098194	0.15309894948877642	-0.23948504220612335	0.1924875164733407	-0.095864043719536	0.08758642066828361	-0.13655097955899606	0.14580295780803146	-0.12059527027512265	0.05534220482947875	-0.056876091070558944	0.06692312174260409	-0.10218576855941439	0.10867218167953491	-0.03980854649228997	0.05219749878701815	-0.056344245095585034	0.08284682199724619	-0.06647415203450487	0.044053463607856905	-0.053966542735036746	0.06483363220626334	-0.09756178825640181	0.054926494886672006	-0.04706628946767317	0.040922472776978025	-0.04361313517202664	0.051846367027278656	-0.06090796497799942	0.03642744440339075	-0.03228430293877666	0.0484466141027157	-0.0591857684673288	0.0699718923587471
-0.16030406130818578	0.12802509159273753	-0.2584542232391692	0.25177281960730796	-0.46007285916777335	0.08798877514569985	-0.15237740140146477	0.2828660114657454	-0.7093461479427401	0.999999999999998	-0.09501766526558984	0.1307616535602878	-0.1413443675284122	0.19138996195722116	-0.2349659341268527	0.09354007600514792	-0.08605914855368413	0.12433624521275986	-0.14137487620039574	0.12227864830233669	-0.05602128268712409	0.056769798260688335	-0.0673180788311712	0.1009285692607806	-0.11338458457306576	0.04010833689107731	-0.05256243176744929	0.05643469053812471	-0.08347925128798331	0.06608084517241417	-0.044658118707580234	0.05438138643952531	-0.06607870375485225	0.09643163757519169	-0.05507663497509062	0.047544118734010064	-0.041520910533357665	0.044193068657581006	-0.051931320508488955	0.06054915750893485	-0.03703596788559938	0.03274929576679335	-0.04935275151961434	0.05981210412664114	-0.0717509209107014
0.29499915430528173	-0.14948926365151544	0.13988245943290623	-0.09486352966379534	0.08693003909046751	-0.7565413856201764	0.1782071314544686	-0.16122850308299055	0.0929777794517405	-0.09501766526558984	0.9999999999999989	-0.4250364590084412	0.18725408677911404	-0.11608398900413479	0.10638880714606508	-0.2364385186279283	0.1822750816607213	-0.16539107826798186	0.12747985696118236	-0.09775635020411115	0.07927079222180819	-0.08177744187901907	0.08724661244569423	-0.10489273755943461	0.09602343983695044	-0.05684469109810658	0.07256285136505639	-0.07442092000117909	0.08812067531018705	-0.0740037426932708	0.06075595876085774	-0.07500390610516677	0.08337128809709732	-0.11276604036836282	0.061172252022224684	-0.06427898723987192	0.054789220485416824	-0.057220731696405666	0.06105001849072555	-0.07292718843669464	0.04850324826613314	-0.04312074508646706	0.06327413317120915	-0.07855727179130076	0.0919299168489017
-0.3679800729236555	0.19873530045124516	-0.21472388039943133	0.12972920765478158	-0.12716319692214537	0.25296993214785785	-0.3080716905561993	0.22191789227612316	-0.13647482775098194	0.1307616535602878	-0.4250364590084412	0.9999999999999991	-0.49991638732611227	0.16819085107744355	-0.16211899562347928	0.2610702638219724	-0.3623516018403355	0.2606165262009287	-0.20944002403997283	0.13877361699641425	-0.10879682810541745	0.11607142191154518	-0.12504589734687346	0.14271882754349444	-0.14141286901361622	0.07598783415582391	-0.10252369211955652	0.10122661266046962	-0.1215541251118978	0.0945563419989577	-0.08133668162300202	0.09703193686333994	-0.11110686494390284	0.14048444611712965	-0.0797213235486528	0.08236773223295082	-0.07135642741610732	0.07427314245147695	-0.07756528387958306	0.0898683877932298	-0.06310303565220937	0.05576729182803204	-0.08230731541669492	0.09794663303872951	-0.11657689238803595
0.22893709371891982	-0.1429888425231326	0.18156584672088963	-0.12113641087262018	0.12256585136300788	-0.16109788721171703	0.1744792264410365	-0.3011553943640259	0.15309894948877642	-0.1413443675284122	0.18725408677911404	-0.49991638732611227	0.9999999999999984	-0.23891361467348102	0.18487528035614081	-0.21069652194657237	0.20834219703617257	-0.6280802671320281	0.26410223431363333	-0.1739096415550261	0.09238825139786423	-0.10263078815121822	0.11537497200129676	-0.16756283052354828	0.15506060181873307	-0.06654748202889851	0.08919467338823674	-0.09536859621697083	0.12924540621198868	-0.10291269918902672	0.07092910677825326	-0.08700952210925068	0.10016520055231995	-0.15256120112423252	0.08408197504771069	-0.07421415318715507	0.06391579258003095	-0.06783197647736976	0.0792748823673047	-0.0935359837510105	0.05636247463447794	-0.05017022338680843	0.07402927499445748	-0.09042640407859126	0.10324724779607196
-0.18491215292129592	0.10177925835670569	-0.15787617395618733	0.12238676293758204	-0.1371145518779441	0.10081308912348037	-0.1232712344330575	0.19567718709278809	-0.23948504220612335	0.19138996195722116	-0.11608398900413479	0.16819085107744355	-0.23891361467348102	1.0000000000000007	-0.6927446926463171	0.1268310286369505	-0.12387280047462267	0.2311506161686541	-0.4732070541096778	0.2667839906414752	-0.07980375360279185	0.08586881082574628	-0.10632566060155568	0.1928636472598826	-0.2407389576653555	0.05735916202462666	-0.07806595308161274	0.08602626184877671	-0.14993248338862394	0.10961563195033444	-0.06286121354838084	0.07653442508510955	-0.09401266454982189	0.15371269407705238	-0.09099391849541993	0.06628844219662064	-0.05799221633655996	0.06252085299865533	-0.08041453127889728	0.09235668272924909	-0.05136975062728498	0.04562401832109362	-0.06864207031248733	0.08297455829601574	-0.0956867252602668
0.1682530573179584	-0.0978046254001605	0.14862428122639224	-0.12699063754517556	0.1352316732900134	-0.09587502682981244	0.11509614050536954	-0.1976084100015177	0.1924875164733407	-0.2349659341268527	0.10638880714606508	-0.16211899562347928	0.18487528035614081	-0.6927446926463171	0.9999999999999976	-0.12689524428213267	0.11554308112962262	-0.2110361491466071	0.28508779533216594	-0.45169473934874477	0.08137335589583833	-0.08961447579584171	0.10884407352182757	-0.21868931022503468	0.24986430469191226	-0.05954076455958936	0.08038239311552223	-0.09139719225972243	0.15655817480378925	-0.1287018207424464	0.06495026593459345	-0.08075616165413951	0.09782188972509015	-0.1832753570759144	0.10192774357042385	-0.07013958613880183	0.060798059969599146	-0.06624615924207014	0.09066862335566622	-0.10785881406121751	0.05371906147603954	-0.0480050404883252	0.07187352171903613	-0.08937503165840682	0.09941957599353536
-0.27920773405008287	0.11700537351960957	-0.1432953791789795	0.09016866591317876	-0.09053453686131223	0.16666070873126793	-0.1501677092801177	0.14762332042811369	-0.095864043719536	0.09354007600514792	-0.2364385186279283	0.2610702638219724	-0.21069652194657237	0.1268310286369505	-0.12689524428213267	0.999999999999999	-0.8118105581609483	0.1951686512782821	-0.16432948375448056	0.11153920484895884	-0.1622467185483061	0.16324161448412264	-0.1566125302337585	0.12408265671046587	-0.11876391967401462	0.10287328869543794	-0.13880148395940103	0.1204415331815354	-0.10748623935728757	0.0812795962757391	-0.10041216769345057	0.1142205805342997	-0.11590791402411198	0.12107993015788625	-0.06946677809756839	0.09140678807898467	-0.07782751778357323	0.07765312483142629	-0.06879614034802066	0.07838068971591287	-0.06747088149383144	0.05964322052563116	-0.0839764214625635	0.09636476847666921	-0.1094908004964503
0.2093160464868854	-0.10698925001348844	0.12362665900675096	-0.0809442628176407	0.07979270914503142	-0.14655193210644366	0.13305101270110317	-0.13996958537021828	0.08758642066828361	-0.08605914855368413	0.1822750816607213	-0.3623516018403355	0.20834219703617257	-0.12387280047462267	0.11554308112962262	-0.8118105581609483	0.9999999999999992	-0.24448543635737727	0.1558134720555437	-0.10707496537037325	0.1318208266065679	-0.1923100885067953	0.1454269921915925	-0.11903273658839755	0.10809736285259061	-0.09264399438970822	0.12917638336870016	-0.11607094319270098	0.09825909474320818	-0.07588376000178565	0.08675040394691452	-0.10418223128539321	0.10121075005003397	-0.11365814834091312	0.06373653654412652	-0.08221634022553548	0.06884200470764232	-0.06924428581106543	0.06265618335842371	-0.07235216316138268	0.05923361812870043	-0.05287790535166285	0.07332504436859681	-0.08616022299452364	0.09398212948430558
-0.23299062809758067	0.11807052941945766	-0.16209890635688443	0.10631182769608748	-0.11189774484053426	0.1335503564681066	-0.14872835317677038	0.1976045664113207	-0.13655097955899606	0.12433624521275986	-0.16539107826798186	0.2606165262009287	-0.6280802671320281	0.2311506161686541	-0.2110361491466071	0.1951686512782821	-0.24448543635737727	0.9999999999999969	-0.5335757065232991	0.19299129399785178	-0.0957310128539108	0.10733906942431617	-0.13004856925088423	0.18260439120801283	-0.18646006907589519	0.06789243282873225	-0.09411692205403685	0.09972811520943958	-0.1460139326641924	0.10355688727825174	-0.07259822892419025	0.08733662732474888	-0.10352235408715713	0.1490805865656069	-0.08686085720974175	0.07431718408432922	-0.0647394200615493	0.0687310244971175	-0.07962569215141137	0.09106469722975974	-0.057095686834189655	0.05064085829277483	-0.07524860968340306	0.08959808270464974	-0.10387983037296271
0.19085569655148182	-0.10342594779979525	0.14453678351739113	-0.10642832461103902	0.11013869206404057	-0.11235854453431306	0.12389306923373984	-0.19059980460135323	0.14580295780803146	-0.14137487620039574	0.12747985696118236	-0.20944002403997283	0.26410223431363333	-0.4732070541096778	0.28508779533216594	-0.16432948375448056	0.1558134720555437	-0.5335757065232991	0.9999999999999964	-0.3801921837326692	0.09400326709927907	-0.10855523989430102	0.13300122245940263	-0.3252415908549651	0.2557942494531489	-0.06861821503961961	0.0946216863234402	-0.10804654845014605	0.19209650019473282	-0.1410591198176329	0.07355863004437295	-0.09093888468274564	0.10932281004108246	-0.20246202194978263	0.11232437500704688	-0.07809112906388477	0.06771244694756345	-0.07365403730467356	0.09901016535347786	-0.11591633205248367	0.059598841379869726	-0.053273621479799575	0.07939824019689969	-0.09759234282641069	0.10826673484696298
-0.16019877294197188	0.08067388348276	-0.11880089272078288	0.08780219575405143	-0.0951942749632089	0.0853724735909397	-0.09716447514669134	0.14061341162089885	-0.12059527027512265	0.12227864830233669	-0.09775635020411115	0.13877361699641425	-0.1739096415550261	0.2667839906414752	-0.45169473934874477	0.11153920484895884	-0.10707496537037325	0.19299129399785178	-0.3801921837326692	0.9999999999999957	-0.07913226441032728	0.08827355946923533	-0.11502912169730072	0.25198717317278646	-0.682072765869111	0.05722143458173542	-0.0798214989863763	0.09065021654819781	-0.18857113740323017	0.13463372949119728	-0.06245947614125706	0.07623420789280067	-0.0959078638836532	0.17242321632649926	-0.11139829794884022	0.06600709125399727	-0.05800365995414974	0.06336511913186908	-0.08917620257318926	0.1006675526378692	-0.05123559473209456	0.04562828954422016	-0.0689952318588652	0.08337050630251729	-0.09435960961320405
0.1278778377274408	-0.05726182224203626	0.07544690641086495	-0.051402100891769546	0.05146063108672248	-0.06982584301336073	0.06845299557098466	-0.08423414202321793	0.05534220482947875	-0.05602128268712409	0.07927079222180819	-0.10879682810541745	0.09238825139786423	-0.07980375360279185	0.08137335589583833	-0.1622467185483061	0.1318208266065679	-0.0957310128539108	0.09400326709927907	-0.07913226441032728	0.9999999999999968	-0.3470580370808415	0.21389475270996114	-0.11278592304910663	0.08956736625950727	-0.6831910955896833	0.24535039665887493	-0.21590009965630327	0.09758240490728452	-0.07635040559682615	0.3015160157382592	-0.3721689561573675	0.17587237211522747	-0.11948904095796482	0.06574433239655075	-0.24555841647335405	0.17385525631375254	-0.13797705104833816	0.07262680643017096	-0.08193739378932002	0.13977387820280765	-0.12823622878990648	0.1377074335838144	-0.1542852394373923	0.13399535240267363
-0.1266909801595545	0.05757401886600462	-0.07604458992178449	0.05125003315337886	-0.05202138055135211	0.06995736602927964	-0.06986558405030216	0.08414768312348153	-0.056876091070558944	0.056769798260688335	-0.08177744187901907	0.11607142191154518	-0.10263078815121822	0.08586881082574628	-0.08961447579584171	0.16324161448412264	-0.1923100885067953	0.10733906942431617	-0.10855523989430102	0.08827355946923533	-0.3470580370808415	0.9999999999999961	-0.5944639325246547	0.14420872317120328	-0.10722064717446793	0.20637282103526117	-0.5818469665355442	0.3145420991684369	-0.11869427714166682	0.07876425542755812	-0.1692688612907231	0.1893739217440255	-0.16671960203728625	0.11882854799814282	-0.06795405626976596	0.13422587180475645	-0.11214745932706248	0.11152520145752919	-0.06840093242083102	0.0757598933554705	-0.09143600426151519	0.08272164663715229	-0.10626376824537886	0.11776385204871512	-0.10755184742962232
0.1394411990814653	-0.06460798360423235	0.08650839565269942	-0.059559514671247676	0.06034886276752224	-0.07662145147091656	0.07743030111857216	-0.09841633807336585	0.06692312174260409	-0.0673180788311712	0.08724661244569423	-0.12504589734687346	0.11537497200129676	-0.10632566060155568	0.10884407352182757	-0.1566125302337585	0.1454269921915925	-0.13004856925088423	0.13300122245940263	-0.11502912169730072	0.21389475270996114	-0.5944639325246547	0.9999999999999939	-0.24434850867691352	0.13780410656278985	-0.17440195452512144	0.3211367490870871	-0.5807107430130206	0.15826763561576893	-0.10510337712858216	0.15016472144319243	-0.19448498527085303	0.19768776659145182	-0.15940470633781334	0.0882849194943627	-0.1467249169031201	0.12143057713379399	-0.13806634453789482	0.08707173527759797	-0.09753166709664902	0.09988219047089641	-0.09267045220558329	0.12332638377481298	-0.14572832356841406	0.1269968603477955
-0.17868560293373206	0.0826610012296009	-0.11847540805325892	0.08246476304532471	-0.0873247775900482	0.0915069375917288	-0.09979916661562391	0.1334006731721449	-0.10218576855941439	0.1009285692607806	-0.10489273755943461	0.14271882754349444	-0.16756283052354828	0.1928636472598826	-0.21868931022503468	0.12408265671046587	-0.11903273658839755	0.18260439120801283	-0.3252415908549651	0.25198717317278646	-0.11278592304910663	0.14420872317120328	-0.24434850867691352	0.9999999999999942	-0.4658892672826388	0.08209374637141027	-0.1256083647109539	0.1521467834250777	-0.6082206184568681	0.19955726130230578	-0.08707903542231338	0.10580245264292587	-0.13783110948011598	0.26485600520711766	-0.17094433671705386	0.09015138364578677	-0.0798093554481425	0.08889408629469318	-0.1337364782001275	0.13994331220091824	-0.06977336240469242	0.06243758684553541	-0.09450673650943286	0.11194804620637137	-0.1228792334323362
0.15632305838553237	-0.07987149035097471	0.1140043069762901	-0.08561711930260776	0.08832653081692303	-0.08590902089635799	0.094776047395598	-0.14062650684356934	0.10867218167953491	-0.11338458457306576	0.09602343983695044	-0.14141286901361622	0.15506060181873307	-0.2407389576653555	0.24986430469191226	-0.11876391967401462	0.10809736285259061	-0.18646006907589519	0.2557942494531489	-0.682072765869111	0.08956736625950727	-0.10722064717446793	0.13780410656278985	-0.4658892672826388	0.999999999999994	-0.06630236647973177	0.0933548447776677	-0.11236529212459508	0.23706549599344381	-0.20241273944268562	0.0713137207441497	-0.08905022224549919	0.11055415662660835	-0.2436025551326535	0.146920287111565	-0.07693435691282384	0.0669886129092109	-0.07447860892921836	0.11471608725727875	-0.13434510874660152	0.058856452250848124	-0.05284623167101229	0.07940298885758029	-0.09879774606403591	0.10644684376058901
-0.09385242266856388	0.041022493551756266	-0.054576197846785884	0.03683258428556503	-0.037152030356066956	0.04967130891010256	-0.04927318422854561	0.059871063551569056	-0.03980854649228997	0.04010833689107731	-0.05684469109810658	0.07598783415582391	-0.06654748202889851	0.05735916202462666	-0.05954076455958936	0.10287328869543794	-0.09264399438970822	0.06789243282873225	-0.06861821503961961	0.05722143458173542	-0.6831910955896833	0.20637282103526117	-0.17440195452512144	0.08209374637141027	-0.06630236647973177	0.9999999999999885	-0.25857349770366933	0.16922221279094518	-0.07248218786470477	0.05480733770226531	-0.5671268429493023	0.27329357378814767	-0.14202234081738638	0.08540846416809261	-0.047738107145851257	0.18544539029645504	-0.14213528570994483	0.10605590318141643	-0.05264224202488019	0.05849412722502045	-0.11461796570838795	0.09883662576591187	-0.10758792515526541	0.11124791934748118	-0.09937306650329344
0.11607101177109624	-0.05268673171080959	0.06981435838120337	-0.047569129901193614	0.04797179883541961	-0.06356094510321356	0.06321187925249569	-0.07811824943606921	0.05219749878701815	-0.05256243176744929	0.07256285136505639	-0.10252369211955652	0.08919467338823674	-0.07806595308161274	0.08038239311552223	-0.13880148395940103	0.12917638336870016	-0.09411692205403685	0.0946216863234402	-0.0798214989863763	0.24535039665887493	-0.5818469665355442	0.3211367490870871	-0.1256083647109539	0.0933548447776677	-0.25857349770366933	0.9999999999999889	-0.6163334912846944	0.10672672984799997	-0.07642058761211672	0.1837749669649375	-0.24347495441160277	0.19316759585045218	-0.11880031853896429	0.06564289532867316	-0.15380933256128695	0.12927732924800805	-0.13570614218756685	0.0691521144252039	-0.07719372178833973	0.10262472414762404	-0.094975155098953	0.11943521512392269	-0.13497518321212404	0.11447202377417176
-0.1237910265681754	0.05502651661213266	-0.0745211429765672	0.05057148708698028	-0.05161773860912964	0.06509278046625862	-0.06618535334305553	0.08224626103552704	-0.056344245095585034	0.05643469053812471	-0.07442092000117909	0.10122661266046962	-0.09536859621697083	0.08602626184877671	-0.09139719225972243	0.1204415331815354	-0.11607094319270098	0.09972811520943958	-0.10804654845014605	0.09065021654819781	-0.21590009965630327	0.3145420991684369	-0.5807107430130206	0.1521467834250777	-0.11236529212459508	0.16922221279094518	-0.6163334912846944	0.9999999999999937	-0.13638719260922577	0.08668773006934147	-0.15905479253205201	0.18676954890559716	-0.3066717965151409	0.13335293943554646	-0.07566453481409299	0.14193850373141997	-0.1282870309268229	0.1565398975809392	-0.07740139017100983	0.0844330752631308	-0.1029613738654101	0.09528043272508958	-0.13487811216721626	0.1425912243073408	-0.12275157987615928
0.15147710643638698	-0.07028610324000113	0.09934566961679944	-0.06978097669771376	0.07235312931418467	-0.07834148391375138	0.08400531596847075	-0.11384782052632765	0.08284682199724619	-0.08347925128798331	0.08812067531018705	-0.1215541251118978	0.12924540621198868	-0.14993248338862394	0.15655817480378925	-0.10748623935728757	0.09825909474320818	-0.1460139326641924	0.19209650019473282	-0.18857113740323017	0.09758240490728452	-0.11869427714166682	0.15826763561576893	-0.6082206184568681	0.23706549599344381	-0.07248218786470477	0.10672672984799997	-0.13638719260922577	0.9999999999999944	-0.36238683082564027	0.07843384944899215	-0.09771936290871946	0.1332218993862349	-0.5276868205943543	0.24160588454479817	-0.0851585248715086	0.07564572878788214	-0.08757805131944209	0.17857046836030124	-0.19674140803542955	0.06632418451824997	-0.05979616732959374	0.09199208899965797	-0.11449085205030196	0.12038816005199066
-0.13457854156146576	0.05816476301281051	-0.0836286420918705	0.05672799605340768	-0.05997911111840647	0.06507325326261422	-0.07007349117928494	0.08958751108011996	-0.06647415203450487	0.06608084517241417	-0.0740037426932708	0.0945563419989577	-0.10291269918902672	0.10961563195033444	-0.1287018207424464	0.0812795962757391	-0.07588376000178565	0.10355688727825174	-0.1410591198176329	0.13463372949119728	-0.07635040559682615	0.07876425542755812	-0.10510337712858216	0.19955726130230578	-0.20241273944268562	0.05480733770226531	-0.07642058761211672	0.08668773006934147	-0.36238683082564027	0.9999999999999873	-0.06251442366755965	0.07563050660492295	-0.1102968244197401	0.28208837754226257	-0.801228161735767	0.06804479177795146	-0.062197047753295716	0.07085735315181912	-0.19938407387161314	0.20200681317853997	-0.05561547407405265	0.0494504564801842	-0.07941427528879398	0.09788282933140814	-0.11095772493461953
0.10358278464258458	-0.045180024942583094	0.060436605846074125	-0.0410999637429971	0.04128791474268956	-0.05412172984712853	0.05384292111463193	-0.06674390899742669	0.044053463607856905	-0.044658118707580234	0.06075595876085774	-0.08133668162300202	0.07092910677825326	-0.06286121354838084	0.06495026593459345	-0.10041216769345057	0.08675040394691452	-0.07259822892419025	0.07355863004437295	-0.06245947614125706	0.3015160157382592	-0.1692688612907231	0.15016472144319243	-0.08707903542231338	0.0713137207441497	-0.5671268429493023	0.1837749669649375	-0.15905479253205201	0.07843384944899215	-0.06251442366755965	0.9999999999999918	-0.5984500795936589	0.1753636386498373	-0.09906136995334205	0.05461178732694574	-0.35314547094428306	0.22381288029829374	-0.14535902313710222	0.06306234504481158	-0.07019224700773394	0.1739242121422201	-0.15389658207818568	0.14632537243824795	-0.14892477608573662	0.12628809796378468
-0.13133866632964322	0.0554221597702307	-0.07489214298617763	0.05022719401027641	-0.05093610234321907	0.06619258767278889	-0.0664078314880726	0.08066478934680202	-0.053966542735036746	0.05438138643952531	-0.07500390610516677	0.09703193686333994	-0.08700952210925068	0.07653442508510955	-0.08075616165413951	0.1142205805342997	-0.10418223128539321	0.08733662732474888	-0.09093888468274564	0.07623420789280067	-0.3721689561573675	0.1893739217440255	-0.19448498527085303	0.10580245264292587	-0.08905022224549919	0.27329357378814767	-0.24347495441160277	0.18676954890559716	-0.09771936290871946	0.07563050660492295	-0.5984500795936589	0.999999999999991	-0.2700711441401111	0.11985356914241357	-0.0672708413636064	0.29248768337703274	-0.42131328497265996	0.20226945931391746	-0.07823410250811925	0.0850175748937628	-0.24046600391913828	0.20502258050299574	-0.2093078980091743	0.18323428043038387	-0.1650902699930236
0.14791551496274158	-0.06444327348652196	0.0876104858784789	-0.06024335904131309	0.0605520066429368	-0.07535889338046194	0.07632733472309533	-0.09763915364372669	0.06483363220626334	-0.06607870375485225	0.08337128809709732	-0.11110686494390284	0.10016520055231995	-0.09401266454982189	0.09782188972509015	-0.11590791402411198	0.10121075005003397	-0.10352235408715713	0.10932281004108246	-0.0959078638836532	0.17587237211522747	-0.16671960203728625	0.19768776659145182	-0.13783110948011598	0.11055415662660835	-0.14202234081738638	0.19316759585045218	-0.3066717965151409	0.1332218993862349	-0.1102968244197401	0.1753636386498373	-0.2700711441401111	0.9999999999999892	-0.2037943381023315	0.09948806687237947	-0.2575490266629235	0.24236179518800574	-0.6241803519019871	0.12215314492961579	-0.13312567822618154	0.1860411491617442	-0.19554512177027863	0.2936499967462152	-0.34416845062098356	0.2198401803788443
-0.20892270030418075	0.08779781171560254	-0.12641392868218626	0.08436955737352896	-0.08956770118341195	0.09886889351290358	-0.10602858203115322	0.1321044688772884	-0.09756178825640181	0.09643163757519169	-0.11276604036836282	0.14048444611712965	-0.15256120112423252	0.15371269407705238	-0.1832753570759144	0.12107993015788625	-0.11365814834091312	0.1490805865656069	-0.20246202194978263	0.17242321632649926	-0.11948904095796482	0.11882854799814282	-0.15940470633781334	0.26485600520711766	-0.2436025551326535	0.08540846416809261	-0.11880031853896429	0.13335293943554646	-0.5276868205943543	0.28208837754226257	-0.09906136995334205	0.11985356914241357	-0.2037943381023315	0.9999999999999868	-0.4010210425378762	0.10917727906396993	-0.10171676046727796	0.1209740663631307	-0.39544339367222114	0.2712536044070138	-0.0903726061702295	0.08071737159770115	-0.13215155242237794	0.15773951454270516	-0.17493095027150932
0.1102122381519911	-0.048399771762432965	0.06901166479923929	-0.04734617931990335	0.04949240283554696	-0.054219919473917515	0.058025947468491094	-0.07548235215130863	0.054926494886672006	-0.05507663497509062	0.061172252022224684	-0.0797213235486528	0.08408197504771069	-0.09099391849541993	0.10192774357042385	-0.06946677809756839	0.06373653654412652	-0.08686085720974175	0.11232437500704688	-0.11139829794884022	0.06574433239655075	-0.06795405626976596	0.0882849194943627	-0.17094433671705386	0.146920287111565	-0.047738107145851257	0.06564289532867316	-0.07566453481409299	0.24160588454479817	-0.801228161735767	0.05461178732694574	-0.0672708413636064	0.09948806687237947	-0.4010210425378762	0.9999999999999859	-0.06108538414051043	0.055661430543244385	-0.06527745255235493	0.21235209793337445	-0.29580923625351907	0.04966220127739007	-0.044545651230049194	0.07186695780631636	-0.09282851279542939	0.09910378448129553
-0.11544263165491928	0.04819175389212874	-0.06551548501149054	0.0439944061222104	-0.044607186389705525	0.05715985478173246	-0.05756169476452824	0.07042180216093552	-0.04706628946767317	0.047544118734010064	-0.06427898723987192	0.08236773223295082	-0.07421415318715507	0.06628844219662064	-0.07013958613880183	0.09140678807898467	-0.08221634022553548	0.07431718408432922	-0.07809112906388477	0.06600709125399727	-0.24555841647335405	0.13422587180475645	-0.1467249169031201	0.09015138364578677	-0.07693435691282384	0.18544539029645504	-0.15380933256128695	0.14193850373141997	-0.0851585248715086	0.06804479177795146	-0.35314547094428306	0.29248768337703274	-0.2575490266629235	0.10917727906396993	-0.06108538414051043	0.9999999999999897	-0.5393952005320118	0.22608973399456214	-0.07518966507189866	0.08083475865929954	-0.5396383042543034	0.30309109977859405	-0.2549445808043582	0.20031286074109197	-0.17251361657959047
0.09788168525414719	-0.04156780714257124	0.056423667932924866	-0.03827067071678573	0.03860700562011623	-0.049086623157462664	0.04945395474240593	-0.061597895327156635	0.040922472776978025	-0.041520910533357665	0.054789220485416824	-0.07135642741610732	0.06391579258003095	-0.05799221633655996	0.060798059969599146	-0.07782751778357323	0.06884200470764232	-0.0647394200615493	0.06771244694756345	-0.05800365995414974	0.17385525631375254	-0.11214745932706248	0.12143057713379399	-0.0798093554481425	0.0669886129092109	-0.14213528570994483	0.12927732924800805	-0.1282870309268229	0.07564572878788214	-0.062197047753295716	0.22381288029829374	-0.42131328497265996	0.24236179518800574	-0.10171676046727796	0.055661430543244385	-0.5393952005320118	0.9999999999999881	-0.3580940589850472	0.07085442362785305	-0.07669615980454662	0.3088358118671909	-0.5035386836736699	0.25860842806279843	-0.21455599641669537	0.1525445922545712
-0.1031651810937376	0.04372523947561822	-0.05974007092334281	0.04052366873029628	-0.041041460947535656	0.051292759443332246	-0.05203010459495266	0.06508416311074379	-0.04361313517202664	0.044193068657581006	-0.057220731696405666	0.07427314245147695	-0.06783197647736976	0.06252085299865533	-0.06624615924207014	0.07765312483142629	-0.06924428581106543	0.0687310244971175	-0.07365403730467356	0.06336511913186908	-0.13797705104833816	0.11152520145752919	-0.13806634453789482	0.08889408629469318	-0.07447860892921836	0.10605590318141643	-0.13570614218756685	0.1565398975809392	-0.08757805131944209	0.07085735315181912	-0.14535902313710222	0.20226945931391746	-0.6241803519019871	0.1209740663631307	-0.06527745255235493	0.22608973399456214	-0.3580940589850472	0.9999999999999879	-0.08770987316753245	0.09000597214000182	-0.20542438342181107	0.2202291321584	-0.5578364078739204	0.2583261762280097	-0.18190822212317725
0.11273519739459474	-0.04786013658563706	0.06789436621275644	-0.04591759237962191	0.04784438382655576	-0.054257920199519076	0.05733947233620748	-0.072702417699268	0.051846367027278656	-0.051931320508488955	0.06105001849072555	-0.07756528387958306	0.0792748823673047	-0.08041453127889728	0.09066862335566622	-0.06879614034802066	0.06265618335842371	-0.07962569215141137	0.09901016535347786	-0.08917620257318926	0.07262680643017096	-0.06840093242083102	0.08707173527759797	-0.1337364782001275	0.11471608725727875	-0.05264224202488019	0.0691521144252039	-0.07740139017100983	0.17857046836030124	-0.19938407387161314	0.06306234504481158	-0.07823410250811925	0.12215314492961579	-0.39544339367222114	0.21235209793337445	-0.07518966507189866	0.07085442362785305	-0.08770987316753245	0.9999999999999865	-0.8351660078658495	0.06462431350800933	-0.058692786393927	0.1040349678840796	-0.17283443927545777	0.14303579189039478
-0.13754918704449176	0.05671955206901703	-0.08111018545803124	0.05396564212821383	-0.05681590422236692	0.06438772940747019	-0.06825539467237784	0.0843675878316636	-0.06090796497799942	0.06054915750893485	-0.07292718843669464	0.0898683877932298	-0.0935359837510105	0.09235668272924909	-0.10785881406121751	0.07838068971591287	-0.07235216316138268	0.09106469722975974	-0.11591633205248367	0.1006675526378692	-0.08193739378932002	0.0757598933554705	-0.09753166709664902	0.13994331220091824	-0.13434510874660152	0.05849412722502045	-0.07719372178833973	0.0844330752631308	-0.19674140803542955	0.20200681317853997	-0.07019224700773394	0.0850175748937628	-0.13312567822618154	0.2712536044070138	-0.29580923625351907	0.08083475865929954	-0.07669615980454662	0.09000597214000182	-0.8351660078658495	0.9999999999999868	-0.0704187769238665	0.06264934818572744	-0.11008739991063214	0.15274817707598967	-0.1695822091704921
0.08728313503038115	-0.037022407991966516	0.05028733996907282	-0.03418437136473849	0.03441667322057785	-0.04362641439383311	0.04396362145909646	-0.05502458842576348	0.03642744440339075	-0.03703596788559938	0.04850324826613314	-0.06310303565220937	0.05636247463447794	-0.05136975062728498	0.05371906147603954	-0.06747088149383144	0.05923361812870043	-0.057095686834189655	0.059598841379869726	-0.05123559473209456	0.13977387820280765	-0.09143600426151519	0.09988219047089641	-0.06977336240469242	0.058856452250848124	-0.11461796570838795	0.10262472414762404	-0.1029613738654101	0.06632418451824997	-0.05561547407405265	0.1739242121422201	-0.24046600391913828	0.1860411491617442	-0.0903726061702295	0.04966220127739007	-0.5396383042543034	0.3088358118671909	-0.20542438342181107	0.06462431350800933	-0.0704187769238665	0.9999999999999867	-0.6928680766441201	0.23494521489277975	-0.21623070668721148	0.1426179524324594
-0.07777123169783454	0.032790891931674976	-0.04462449164445283	0.030217742332878595	-0.03051870729684941	0.03865620810145258	-0.03900981627138471	0.04852524709282251	-0.03228430293877666	0.03274929576679335	-0.04312074508646706	0.05576729182803204	-0.05017022338680843	0.04562401832109362	-0.0480050404883252	0.05964322052563116	-0.05287790535166285	0.05064085829277483	-0.053273621479799575	0.04562828954422016	-0.12823622878990648	0.08272164663715229	-0.09267045220558329	0.06243758684553541	-0.05284623167101229	0.09883662576591187	-0.094975155098953	0.09528043272508958	-0.05979616732959374	0.0494504564801842	-0.15389658207818568	0.20502258050299574	-0.19554512177027863	0.08071737159770115	-0.044545651230049194	0.30309109977859405	-0.5035386836736699	0.2202291321584	-0.058692786393927	0.06264934818572744	-0.6928680766441201	0.9999999999999867	-0.3568770212938689	0.19500069358102987	-0.1340359548464626
0.1151344394124928	-0.04883945980782602	0.06658625275363587	-0.04543051684415171	0.04571971168060475	-0.05720386616205114	0.057865144043464295	-0.07311971630204836	0.0484466141027157	-0.04935275151961434	0.06327413317120915	-0.08230731541669492	0.07402927499445748	-0.06864207031248733	0.07187352171903613	-0.0839764214625635	0.07332504436859681	-0.07524860968340306	0.07939824019689969	-0.0689952318588652	0.1377074335838144	-0.10626376824537886	0.12332638377481298	-0.09450673650943286	0.07940298885758029	-0.10758792515526541	0.11943521512392269	-0.13487811216721626	0.09199208899965797	-0.07941427528879398	0.14632537243824795	-0.2093078980091743	0.2936499967462152	-0.13215155242237794	0.07186695780631636	-0.2549445808043582	0.25860842806279843	-0.5578364078739204	0.1040349678840796	-0.11008739991063214	0.23494521489277975	-0.3568770212938689	0.9999999999999862	-0.5387049859379559	0.23159254575601723
