1.0	-0.5952223795112517	0.18774328238998653	-0.09932294701140419	0.08221149563931762	-0.30139693212272756	0.2835788965966236	-0.17358134400006484	0.13970010177333883	-0.10635137562266662	0.22927914848759043	-0.2734147844328642	0.25157884010369136	-0.13164285130088857	0.10433379200395589	-0.12875475061459485	0.10392066509128742	-0.16975452439207966	0.17380706752541844	-0.22457335932442618	0.08688182449040954	-0.10155022972919836	0.15003325833022144	-0.17864447734715172	0.16540350072936597	-0.09008532520634334	0.09953271851746814	-0.3405058365095681	0.20056505274896225	-0.343768518136753
-0.5952223795112517	0.9999999999999996	-0.2569210296386187	0.08737976459471453	-0.07308941154467423	0.18423946136623892	-0.6026630995413609	0.20355635183404655	-0.1342436139542362	0.08798911359556383	-0.1978107921913355	0.2625649789363419	-0.2908419864303916	0.11374197343292684	-0.0865194152301971	0.07571796804911785	-0.06465156389959323	0.10987227492563101	-0.11773383212169561	0.12664845270701533	-0.05101310195045418	0.060190542719809795	-0.09187687476498407	0.10500569964110612	-0.09396188910802399	0.05050190283717567	-0.05632633068496367	0.1772324347981642	-0.11146630234595478	0.17970070424339488
0.18774328238998653	-0.2569210296386187	1.0000000000000002	-0.21945491312813267	0.14973419640559713	-0.09510816217065224	0.23195034615325036	-0.7892274910299317	0.2551372665396341	-0.18242843652456445	0.09990017605498583	-0.18736607340085984	0.1852267938117174	-0.23145847558626867	0.15438300347295636	-0.07896912306191337	0.06732776000290308	-0.13103734912229126	0.147993091219398	-0.1464484855371835	0.05302616225535089	-0.06337016081130668	0.10249740237754826	-0.12088220927934125	0.10560369049129885	-0.05191230489427869	0.05793284227066148	-0.17720797525152387	0.11810936002351688	-0.184773177869221
-0.09932294701140419	0.08737976459471453	-0.21945491312813267	1.0	-0.8261192588219137	0.04407215012717731	-0.09301045214879698	0.159466209750281	-0.30714164824519674	0.2666632453657122	-0.05064866833148055	0.08062215374994026	-0.10586156450830289	0.20006426426958207	-0.2708260041133851	0.04630349178556802	-0.04140710012456561	0.08780278764492572	-0.11801544770198859	0.09771445585666012	-0.031629868296489574	0.038032863396452	-0.0682353182564642	0.07730667130758181	-0.07196643575630175	0.029635355139671603	-0.0335890685657264	0.09338445930920122	-0.07182788018787363	0.10060870489428123
0.08221149563931762	-0.07308941154467423	0.14973419640559713	-0.8261192588219137	1.0000000000000007	-0.03674247898116115	0.07562448306190839	-0.12939027621158933	0.20940769923757308	-0.4210313168689611	0.042055876807982756	-0.06837015044479706	0.08832166455158505	-0.191550571667647	0.23158140704590138	-0.04209409998284928	0.03733059734339608	-0.08077556370274516	0.10352282760398537	-0.09076280118585062	0.028576843465943375	-0.034471866306315914	0.0613372863228954	-0.07096369312093738	0.06486712960860959	-0.026864399223100136	0.030351943277700945	-0.08498375950079773	0.06465304013272835	-0.09236683852882252
-0.30139693212272756	0.18423946136623892	-0.09510816217065224	0.04407215012717731	-0.03674247898116115	1.0000000000000007	-0.2104459134213463	0.089039547695616	-0.06548026117175423	0.04643129283183594	-0.8978696066771241	0.15896926616717766	-0.14144455972767894	0.059122861981654326	-0.045721391964010684	0.052697153998736965	-0.04327453489348795	0.06817814020733994	-0.07061334715283699	0.08371410892332279	-0.034990866919609946	0.04036548114646305	-0.058658210917927056	0.06819612329551498	-0.06192087995150359	0.034587407870777694	-0.038525870626697066	0.12312049818421003	-0.07466003405073986	0.1241195565223187
0.2835788965966236	-0.6026630995413609	0.23195034615325036	-0.09301045214879698	0.07562448306190839	-0.2104459134213463	0.9999999999999997	-0.30770621231733075	0.1447109485622233	-0.09516685452725876	0.18272413494484066	-0.5256204939389945	0.2819342094494477	-0.12583924520346645	0.0912094665181476	-0.08280931238824435	0.07075314245625537	-0.11874929985956881	0.12332568928121096	-0.13705705145055397	0.055135850483036715	-0.06571721688836978	0.09771748721879217	-0.11305095349018153	0.10090041913449442	-0.05471180459122967	0.060766890991375	-0.19219713150308626	0.11937650474469944	-0.19496342173749964
-0.17358134400006484	0.20355635183404655	-0.7892274910299317	0.159466209750281	-0.12939027621158933	0.089039547695616	-0.30770621231733075	1.0000000000000004	-0.36956274806440875	0.14747622681712996	-0.0959760285983568	0.17267381139860055	-0.18632348330580145	0.20368155069578833	-0.14083956767965602	0.06260062160197997	-0.054524023875156646	0.10686057872058133	-0.1290474833011206	0.11450860828266814	-0.042181741007298205	0.05049815693884784	-0.08316492705510407	0.0958302715853565	-0.08357882336504086	0.04069880533694634	-0.04561822027628408	0.13564730870189678	-0.09280990080427585	0.14099422281347201
0.13970010177333883	-0.1342436139542362	0.2551372665396341	-0.30714164824519674	0.20940769923757308	-0.06548026117175423	0.1447109485622233	-0.36956274806440875	0.9999999999999999	-0.33200230989300383	0.073351777647044	-0.13089077171940278	0.15949030262995134	-0.6734001323772422	0.2728965246155085	-0.0778536915000535	0.06913562789549084	-0.16250921071222799	0.2022785304802281	-0.15741854289373275	0.052161577525742714	-0.06367062785130616	0.11285164496456396	-0.1333763260926911	0.11070744672528518	-0.04874219719376592	0.054852282771106965	-0.15175067547324686	0.11409214072846226	-0.16273110945959152
-0.10635137562266662	0.08798911359556383	-0.18242843652456445	0.2666632453657122	-0.4210313168689611	0.04643129283183594	-0.09516685452725876	0.14747622681712996	-0.33200230989300383	0.9999999999999998	-0.05402405844566555	0.08524159749086438	-0.11787629684740218	0.2709109410974027	-0.7327589439870222	0.05234843490752357	-0.04752223056599757	0.10403324967178942	-0.14888645877556944	0.12259198570342529	-0.035930542563740904	0.04336426670705549	-0.08058936479372651	0.09051435676820664	-0.09055555843362917	0.03324187156046346	-0.03783031632113667	0.10244677560659227	-0.0826752946239809	0.11237600303660254
0.22927914848759043	-0.1978107921913355	0.09990017605498583	-0.05064866833148055	0.042055876807982756	-0.8978696066771241	0.18272413494484066	-0.0959760285983568	0.073351777647044	-0.05402405844566555	1.0000000000000013	-0.1940214975210543	0.15190703590831398	-0.06815695967820704	0.05305581716646686	-0.06602616121767071	0.05319145034570903	-0.08343571951646281	0.08532935070503518	-0.10505760499482643	0.04347349375331457	-0.05018081309918227	0.07236320358974316	-0.08490717843590466	0.07755216244421378	-0.04342424714760618	0.04820981899382694	-0.15677072899337824	0.09382171140139023	-0.15790508749982268
-0.2734147844328642	0.2625649789363419	-0.18736607340085984	0.08062215374994026	-0.06837015044479706	0.15896926616717766	-0.5256204939389945	0.17267381139860055	-0.13089077171940278	0.08524159749086438	-0.1940214975210543	0.9999999999999998	-0.6958990311477259	0.11812622721287477	-0.08666491052311838	0.08430541858177742	-0.07927208131953244	0.12407763086470296	-0.1261239804208812	0.1253372234209291	-0.05582748323481952	0.06767069807802721	-0.09886388266025271	0.10778687187256067	-0.0936350096153184	0.052940328870098266	-0.05925675685287085	0.17232751583503497	-0.11110217453949642	0.17368536077893237
0.25157884010369136	-0.2908419864303916	0.1852267938117174	-0.10586156450830289	0.08832166455158505	-0.14144455972767894	0.2819342094494477	-0.18632348330580145	0.15949030262995134	-0.11787629684740218	0.15190703590831398	-0.6958990311477259	0.9999999999999992	-0.17194265629644875	0.11765881899460046	-0.12774669660027735	0.10961926955585484	-0.2086803794527537	0.18655641604155526	-0.20542579409876843	0.08469876330479756	-0.10196066444755754	0.1542902731529888	-0.17436917982992572	0.15151680526428413	-0.08372748600256814	0.0927995287238155	-0.29058201709782916	0.18012241488942404	-0.2930393299275634
-0.13164285130088857	0.11374197343292684	-0.23145847558626867	0.20006426426958207	-0.191550571667647	0.059122861981654326	-0.12583924520346645	0.20368155069578833	-0.6734001323772422	0.2709109410974027	-0.06815695967820704	0.11812622721287477	-0.17194265629644875	0.9999999999999988	-0.4777254816877441	0.07391827758277368	-0.06815920113223599	0.16674773129634077	-0.3043582902756995	0.15430020490054402	-0.050138760004018075	0.061461635553167346	-0.11620375092508484	0.13062807943932153	-0.11113985235842093	0.045805759370968285	-0.051979559839696675	0.13733348599755787	-0.10970827202094079	0.1475610712539368
0.10433379200395589	-0.0865194152301971	0.15438300347295636	-0.2708260041133851	0.23158140704590138	-0.045721391964010684	0.0912094665181476	-0.14083956767965602	0.2728965246155085	-0.7327589439870222	0.05305581716646686	-0.08666491052311838	0.11765881899460046	-0.4777254816877441	0.9999999999999971	-0.058236518477467344	0.052554516236342726	-0.1221307995363881	0.16401984483409382	-0.1571234681782463	0.039605749976586065	-0.048203828251841566	0.08950698096886273	-0.10397540265770988	0.10323516209554867	-0.03663368410668919	0.04154225091424464	-0.11245574225896635	0.09068108171356082	-0.12644925361934622
-0.12875475061459485	0.07571796804911785	-0.07896912306191337	0.04630349178556802	-0.04209409998284928	0.052697153998736965	-0.08280931238824435	0.06260062160197997	-0.0778536915000535	0.05234843490752357	-0.06602616121767071	0.08430541858177742	-0.12774669660027735	0.07391827758277368	-0.058236518477467344	0.9999999999999979	-0.6630407679088948	0.18059074311148143	-0.16946529322497558	0.10596660541009922	-0.5271911884121928	0.3284393471159969	-0.1709245379740374	0.1351161402466264	-0.09147558924380317	0.23405159852066115	-0.30137182585789246	0.17152865380319482	-0.14225427053483905	0.12462937541652522
0.10392066509128742	-0.06465156389959323	0.06732776000290308	-0.04140710012456561	0.03733059734339608	-0.04327453489348795	0.07075314245625537	-0.054524023875156646	0.06913562789549084	-0.04752223056599757	0.05319145034570903	-0.07927208131953244	0.10961926955585484	-0.06815920113223599	0.052554516236342726	-0.6630407679088948	0.9999999999999966	-0.24782548607019797	0.1611566475942839	-0.10314986598429027	0.2955864395537303	-0.5905683373326549	0.17594767793711852	-0.14089066718306803	0.08659311251755951	-0.20024612944711456	0.21386808575953536	-0.1589728647795783	0.12378526697994086	-0.11726540186913258
-0.16975452439207966	0.10987227492563101	-0.13103734912229126	0.08780278764492572	-0.08077556370274516	0.06817814020733994	-0.11874929985956881	0.10686057872058133	-0.16250921071222799	0.10403324967178942	-0.08343571951646281	0.12407763086470296	-0.2086803794527537	0.16674773129634077	-0.1221307995363881	0.18059074311148143	-0.24782548607019797	0.9999999999999977	-0.6251529997422456	0.21231668914523155	-0.13034409799458366	0.17068828542078288	-0.5447619787564053	0.2844090620703752	-0.18365043413763388	0.10095432203502461	-0.11963239707885198	0.21597085439613756	-0.2116101647474487	0.20754805759972883
0.17380706752541844	-0.11773383212169561	0.147993091219398	-0.11801544770198859	0.10352282760398537	-0.07061334715283699	0.12332568928121096	-0.1290474833011206	0.2022785304802281	-0.14888645877556944	0.08532935070503518	-0.1261239804208812	0.18655641604155526	-0.3043582902756995	0.16401984483409382	-0.16946529322497558	0.1611566475942839	-0.6251529997422456	0.999999999999997	-0.36583192264406816	0.11099131683208946	-0.14369715022168944	0.28772357429716805	-0.3588392279404312	0.22869280899285335	-0.09660393358791079	0.10917259174449742	-0.25622205501203177	0.22301207795050237	-0.2769904082873451
-0.22457335932442618	0.12664845270701533	-0.1464484855371835	0.09771445585666012	-0.09076280118585062	0.08371410892332279	-0.13705705145055397	0.11450860828266814	-0.15741854289373275	0.12259198570342529	-0.10505760499482643	0.1253372234209291	-0.20542579409876843	0.15430020490054402	-0.1571234681782463	0.10596660541009922	-0.10314986598429027	0.21231668914523155	-0.36583192264406816	0.999999999999996	-0.07881156310464948	0.0942916277251281	-0.22684778977890882	0.24835134126143188	-0.7313038073051908	0.0699131258098061	-0.08265840080929567	0.20602214355914486	-0.24661312064957086	0.29740701043401074
0.08688182449040954	-0.05101310195045418	0.05302616225535089	-0.031629868296489574	0.028576843465943375	-0.034990866919609946	0.055135850483036715	-0.042181741007298205	0.052161577525742714	-0.035930542563740904	0.04347349375331457	-0.05582748323481952	0.08469876330479756	-0.050138760004018075	0.039605749976586065	-0.5271911884121928	0.2955864395537303	-0.13034409799458366	0.11099131683208946	-0.07881156310464948	0.9999999999999958	-0.5679526141698107	0.13291518823653925	-0.11035847686002566	0.06739215789656361	-0.4982341369065669	0.30111717538229577	-0.1517505635107358	0.10890485052825057	-0.09411238803453253
-0.10155022972919836	0.060190542719809795	-0.06337016081130668	0.038032863396452	-0.034471866306315914	0.04036548114646305	-0.06571721688836978	0.05049815693884784	-0.06367062785130616	0.04336426670705549	-0.05018081309918227	0.06767069807802721	-0.10196066444755754	0.061461635553167346	-0.048203828251841566	0.3284393471159969	-0.5905683373326549	0.17068828542078288	-0.14369715022168944	0.0942916277251281	-0.5679526141698107	0.9999999999999942	-0.20571734623514595	0.13788596054524854	-0.08201442230534657	0.2622629772537394	-0.3777815278157737	0.1610853844817176	-0.12875573105496302	0.10937531207353467
0.15003325833022144	-0.09187687476498407	0.10249740237754826	-0.0682353182564642	0.0613372863228954	-0.058658210917927056	0.09771748721879217	-0.08316492705510407	0.11285164496456396	-0.08058936479372651	0.07236320358974316	-0.09886388266025271	0.1542902731529888	-0.11620375092508484	0.08950698096886273	-0.1709245379740374	0.17594767793711852	-0.5447619787564053	0.28772357429716805	-0.22684778977890882	0.13291518823653925	-0.20571734623514595	0.9999999999999939	-0.6372125629881579	0.19779164930162846	-0.10963278820186317	0.12678774314902985	-0.28218153805958995	0.247380579266059	-0.2342730761189179
-0.17864447734715172	0.10500569964110612	-0.12088220927934125	0.07730667130758181	-0.07096369312093738	0.06819612329551498	-0.11305095349018153	0.0958302715853565	-0.1333763260926911	0.09051435676820664	-0.08490717843590466	0.10778687187256067	-0.17436917982992572	0.13062807943932153	-0.10397540265770988	0.1351161402466264	-0.14089066718306803	0.2844090620703752	-0.3588392279404312	0.24835134126143188	-0.11035847686002566	0.13788596054524854	-0.6372125629881579	0.9999999999999943	-0.3265690775544351	0.09252731929718841	-0.11200839602649115	0.2636133579575839	-0.43685361483740637	0.2657301911650312
0.16540350072936597	-0.09396188910802399	0.10560369049129885	-0.07196643575630175	0.06486712960860959	-0.06192087995150359	0.10090041913449442	-0.08357882336504086	0.11070744672528518	-0.09055555843362917	0.07755216244421378	-0.0936350096153184	0.15151680526428413	-0.11113985235842093	0.10323516209554867	-0.09147558924380317	0.08659311251755951	-0.18365043413763388	0.22869280899285335	-0.7313038073051908	0.06739215789656361	-0.08201442230534657	0.19779164930162846	-0.3265690775544351	0.999999999999995	-0.06103386040156625	0.07146991397636027	-0.19020672454963958	0.2283388786876987	-0.487052473530849
-0.09008532520634334	0.05050190283717567	-0.05191230489427869	0.029635355139671603	-0.026864399223100136	0.034587407870777694	-0.05471180459122967	0.04069880533694634	-0.04874219719376592	0.03324187156046346	-0.04342424714760618	0.052940328870098266	-0.08372748600256814	0.045805759370968285	-0.03663368410668919	0.23405159852066115	-0.20024612944711456	0.10095432203502461	-0.09660393358791079	0.0699131258098061	-0.4982341369065669	0.2622629772537394	-0.10963278820186317	0.09252731929718841	-0.06103386040156625	0.9999999999999961	-0.7768480624825225	0.16202832657703753	-0.11793783254815422	0.08748909367437778
0.09953271851746814	-0.05632633068496367	0.05793284227066148	-0.0335890685657264	0.030351943277700945	-0.038525870626697066	0.060766890991375	-0.04561822027628408	0.054852282771106965	-0.03783031632113667	0.04820981899382694	-0.05925675685287085	0.0927995287238155	-0.051979559839696675	0.04154225091424464	-0.30137182585789246	0.21386808575953536	-0.11963239707885198	0.10917259174449742	-0.08265840080929567	0.30111717538229577	-0.3777815278157737	0.12678774314902985	-0.11200839602649115	0.07146991397636027	-0.7768480624825225	0.9999999999999966	-0.24738505347954493	0.13676226004559539	-0.1043542599065576
-0.3405058365095681	0.1772324347981642	-0.17720797525152387	0.09338445930920122	-0.08498375950079773	0.12312049818421003	-0.19219713150308626	0.13564730870189678	-0.15175067547324686	0.10244677560659227	-0.15677072899337824	0.17232751583503497	-0.29058201709782916	0.13733348599755787	-0.11245574225896635	0.17152865380319482	-0.1589728647795783	0.21597085439613756	-0.25622205501203177	0.20602214355914486	-0.1517505635107358	0.1610853844817176	-0.28218153805958995	0.2636133579575839	-0.19020672454963958	0.16202832657703753	-0.24738505347954493	0.9999999999999962	-0.6193596206740779	0.29079109739184217
0.20056505274896225	-0.11146630234595478	0.11810936002351688	-0.07182788018787363	0.06465304013272835	-0.07466003405073986	0.11937650474469944	-0.09280990080427585	0.11409214072846226	-0.0826752946239809	0.09382171140139023	-0.11110217453949642	0.18012241488942404	-0.10970827202094079	0.09068108171356082	-0.14225427053483905	0.12378526697994086	-0.2116101647474487	0.22301207795050237	-0.24661312064957086	0.10890485052825057	-0.12875573105496302	0.247380579266059	-0.43685361483740637	0.2283388786876987	-0.11793783254815422	0.13676226004559539	-0.6193596206740779	0.9999999999999964	-0.4919710077437663
-0.343768518136753	0.17970070424339488	-0.184773177869221	0.10060870489428123	-0.09236683852882252	0.1241195565223187	-0.19496342173749964	0.14099422281347201	-0.16273110945959152	0.11237600303660254	-0.15790508749982268	0.17368536077893237	-0.2930393299275634	0.1475610712539368	-0.12644925361934622	0.12462937541652522	-0.11726540186913258	0.20754805759972883	-0.2769904082873451	0.29740701043401074	-0.09411238803453253	0.10937531207353467	-0.2342730761189179	0.2657301911650312	-0.487052473530849	0.08748909367437778	-0.1043542599065576	0.29079109739184217	-0.4919710077437663	0.9999999999999963
