1.0	-0.5965359497541992	0.23583819889194454	-0.12127291241077709	0.148264421046027	-0.5101970792439153	0.3093090766723675	-0.22317939859180555	0.13212904085770663	-0.10380723861320025	0.25922542547499167	-0.3065348619107575	0.22786395421734976	-0.2160720441989908	0.16682228294071655	-0.30728961800121807	0.17852287702541636	-0.24788566996360215	0.12335481695041547	-0.16756378315073625	0.17634935296189455	-0.16026656099747333	0.1496924570956791	-0.14856372024192702	0.11642938152313592	-0.10684571229928684	0.10387649529780764	-0.13088164004542138	0.11637947039884784	-0.08769107872394345	0.09222548767228295	-0.09115445796656986	0.11512665787323516	-0.08953369353994288	0.09654595312265805	-0.08880447883709744	0.08152068533656812	-0.11208774908805119	0.07411401200613457	-0.08742239869106215
-0.5965359497541992	1.0	-0.35604165001923127	0.11574404568559515	-0.13166021228560776	0.25834853149776293	-0.6017917112683207	0.23294146587560624	-0.12368449941644187	0.09069253490327032	-0.19304816594394036	0.2530448993481375	-0.21269320510614417	0.16030554501760091	-0.1388147722671159	0.1980739650276102	-0.134052717534253	0.1799090616671439	-0.09117971071163042	0.12009950809408813	-0.13201107255939248	0.11521094757176774	-0.11069798692748226	0.10708285774670338	-0.08594920528150736	0.07744056712081902	-0.07623494344046715	0.09446469318662694	-0.08544572370044759	0.06389275746832278	-0.06747450533582829	0.06612805377528355	-0.08445394118106524	0.06512987779928796	-0.07082291563890362	0.06389287284886866	-0.05921730621177576	0.0802324907689942	-0.05373434365717023	0.06290986306197552
0.23583819889194454	-0.35604165001923127	1.0000000000000004	-0.2636769664547917	0.19414921945437166	-0.22273777056400076	0.25371539664408754	-0.7119041096967867	0.20812131214613602	-0.14217226877604722	0.1713570811066755	-0.24480814676570659	0.2796805682674907	-0.23093325363242445	0.1809501684708861	-0.22714315087257606	0.15478986172578715	-0.2519180041309255	0.12295548187394159	-0.1642710486706782	0.15082727934924783	-0.13952756946614403	0.1394203447797389	-0.14063097103805622	0.10767472294862031	-0.09406675249810037	0.09236980190398691	-0.11923269417266051	0.1067327492353333	-0.08070709888555198	0.08180018012387132	-0.08149919771027156	0.10390156861323929	-0.08152785395074269	0.08803694126941569	-0.07923268095960542	0.07290856785326517	-0.10102265972241714	0.06716497031778713	-0.07934056600399772
-0.12127291241077709	0.11574404568559515	-0.2636769664547917	0.9999999999999997	-0.5598566169201669	0.11752782989433268	-0.11699890999758425	0.1892396150639184	-0.6916484345069308	0.2853279059689794	-0.09322234709460207	0.11924528975562325	-0.1450163840018486	0.19025183462440579	-0.25079862816220755	0.13493794534318707	-0.09358572168917663	0.1422938308078716	-0.09884461542377262	0.13979056748534485	-0.09874465535461302	0.08931101212519289	-0.09603617679095552	0.10551699836105834	-0.08056693549922554	0.0661802350067883	-0.06506209008014456	0.08575463930310391	-0.07829133313681087	0.060805243948202525	-0.058416519118415534	0.05906740292117837	-0.0754152583633063	0.060467504156064035	-0.0652154430408004	0.05825906354023145	-0.05322989010695297	0.07626027952541287	-0.05012859990654746	0.06004719482249969
0.148264421046027	-0.13166021228560776	0.19414921945437166	-0.5598566169201669	1.0000000000000002	-0.16152779733437359	0.13737242207296085	-0.18593716772847568	0.3261435945516363	-0.5402606178327635	0.12636119139428656	-0.15595492969668473	0.1767703765798993	-0.3048735676201315	0.29927423826607247	-0.19915514411971963	0.13432300021014837	-0.20483017709535678	0.15589618772666947	-0.2332989925816413	0.14489212947564897	-0.13307658453128388	0.14493769519069435	-0.1669315039062508	0.12470713946383652	-0.10167431009759975	0.09930546655649548	-0.13326434258112524	0.12086118967649329	-0.09541812270870198	0.08971789760827077	-0.09169511923880573	0.11612206373073082	-0.09440748935090186	0.10107755970824223	-0.0914045506548402	0.0827913223405266	-0.12119641749999477	0.07862302998456949	-0.09516648054947476
-0.5101970792439153	0.25834853149776293	-0.22273777056400076	0.11752782989433268	-0.16152779733437359	1.0000000000000002	-0.35804287762317716	0.1892949715068223	-0.13748257255634833	0.10870459679064606	-0.6012720001233176	0.29631289198685457	-0.2417254951049988	0.18659308350557854	-0.18505318406929266	0.2891246661604918	-0.1927253236306105	0.21296537092511728	-0.11217707900386911	0.14589750083435957	-0.20156926215829177	0.15681289545286453	-0.14666574729355902	0.13567142126052434	-0.11578642025326731	0.10793053797561268	-0.10702381404719366	0.1251231895300463	-0.11526036094706356	0.08497758324515793	-0.09470464496407122	0.09052917754790886	-0.11617260230187715	0.08748426290613698	-0.09616318230653761	0.08658456216074648	-0.08126172119475678	0.10645834489687975	-0.07224072670495564	0.0834482441783976
0.3093090766723675	-0.6017917112683207	0.25371539664408754	-0.11699890999758425	0.13737242207296085	-0.35804287762317716	1.0000000000000009	-0.2927870889236203	0.12775750447250833	-0.09671315596054512	0.24865673058996585	-0.5046140487659871	0.2516109256787281	-0.18950593277089253	0.15095939897608848	-0.25335676443968586	0.16366049854331394	-0.2220861623609396	0.10623521286045857	-0.1396000061737807	0.15432525929821758	-0.1405081389401361	0.1301128389644796	-0.1256368660642278	0.09931398077964414	-0.09067039934166109	0.0887841385731213	-0.11065948389920835	0.09913049704845221	-0.07406278346516854	0.07837329748781519	-0.07696354469998702	0.09786460680308266	-0.07557593429431594	0.0819144070653758	-0.07436611012702063	0.06875642746625271	-0.09322016449741116	0.06229424355365076	-0.07298677980506182
-0.22317939859180555	0.23294146587560624	-0.7119041096967867	0.1892396150639184	-0.18593716772847568	0.1892949715068223	-0.2927870889236203	1.0000000000000018	-0.22903051402774494	0.13482623750139044	-0.16169538031960765	0.23242532147274253	-0.46643334020796856	0.2046747737986472	-0.17977996551975328	0.19074565788826056	-0.14469150294331723	0.2233246233508841	-0.11143972926388404	0.14144855910140802	-0.13953924038492646	0.12424965879088087	-0.12802389769623368	0.12365126353541357	-0.09767605008408607	0.08424547592855793	-0.08365483575194103	0.10595628256015079	-0.09649300835587767	0.07222009665480578	-0.07383335935665825	0.07292881762838102	-0.09398977341748672	0.07300468261622714	-0.07951390855016768	0.07032991984463371	-0.06530737008181944	0.08909797198463543	-0.05997998481196435	0.07028423130201254
0.13212904085770663	-0.12368449941644187	0.20812131214613602	-0.6916484345069308	0.3261435945516363	-0.13748257255634833	0.12775750447250833	-0.22903051402774494	1.0000000000000027	-0.4739155937414326	0.10849881844674887	-0.13859317029133908	0.16507904906779464	-0.25215052444997504	0.2649071861326878	-0.16302378510002863	0.11196766001623065	-0.17228659916403963	0.1253044292789949	-0.17997407521795594	0.11880498172893998	-0.10852906487676613	0.11759313681157232	-0.1323191056777593	0.0995448942198221	-0.08119054121587552	0.07963657370190233	-0.10598803044721909	0.09653744312172277	-0.07548811861710163	0.0716209489355915	-0.07278019657031941	0.09267228941154582	-0.07480320647760713	0.08043581881176681	-0.07204705373225771	0.06561415018170033	-0.09484190233625422	0.0620653546698677	-0.07465719730816031
-0.10380723861320025	0.09069253490327032	-0.14217226877604722	0.2853279059689794	-0.5402606178327635	0.10870459679064606	-0.09671315596054512	0.13482623750139044	-0.4739155937414326	1.0000000000000036	-0.0860661139644556	0.10668873542143752	-0.12643497401895565	0.21282524730493524	-0.6052065626595046	0.13239655228257832	-0.09105350850252392	0.13760156484512087	-0.10813604399828955	0.1564454535606257	-0.09852953254302581	0.08947895193600328	-0.0985655102220317	0.11256739516310452	-0.08494856042037917	0.06834002333707363	-0.06706828880877695	0.08956369172277268	-0.0820124780696954	0.0644140509348108	-0.06048867604548798	0.06162759649767796	-0.0785508721330745	0.06364039089299926	-0.06846798443551634	0.061157431311908136	-0.05564418182162585	0.08088500761223308	-0.05286032966171955	0.06371912419392278
0.25922542547499167	-0.19304816594394036	0.1713570811066755	-0.09322234709460207	0.12636119139428656	-0.6012720001233176	0.24865673058996585	-0.16169538031960765	0.10849881844674887	-0.0860661139644556	1.0000000000000002	-0.49348394558668285	0.2233736143290791	-0.1648515339325222	0.1458545861107535	-0.4963008791929542	0.1933874934192703	-0.208776194258666	0.0974544935826809	-0.1258410107965417	0.1792391065465034	-0.15373471429822216	0.1305187445142972	-0.11936325412181177	0.0980973098036894	-0.09561016298404167	0.09289446185875974	-0.1099387824500621	0.09869739351013472	-0.07262077672834596	0.08153257890331743	-0.07837552565099197	0.09912905416173891	-0.07496889924331247	0.08164327588618842	-0.07504719349156451	0.06985050398893795	-0.09176921502837636	0.06178748803224216	-0.07157325578877517
-0.3065348619107575	0.2530448993481375	-0.24480814676570659	0.11924528975562325	-0.15595492969668473	0.29631289198685457	-0.5046140487659871	0.23242532147274253	-0.13859317029133908	0.10668873542143752	-0.49348394558668285	1.0000000000000022	-0.45553289057985014	0.2033006969372358	-0.1770407107881991	0.277198752771024	-0.22775936316844733	0.247748574330968	-0.11797947401231308	0.14722327083729175	-0.191144517445712	0.16590950242426034	-0.15189769750341703	0.13781311650642095	-0.11326454559113011	0.10443601921864777	-0.10343609060803347	0.12427221317475144	-0.11309849448513769	0.08321531914421544	-0.09067902040490078	0.08760398858728344	-0.11234109948491651	0.08528989804482157	-0.09330753504641125	0.0836485757373236	-0.07827061423743678	0.10330528726691353	-0.07008051162725328	0.08113931569667035
0.22786395421734976	-0.21269320510614417	0.2796805682674907	-0.1450163840018486	0.1767703765798993	-0.2417254951049988	0.2516109256787281	-0.46643334020796856	0.16507904906779464	-0.12643497401895565	0.2233736143290791	-0.45553289057985014	1.000000000000001	-0.35622630442576897	0.20276299303414957	-0.27501186808446276	0.2188541655665106	-0.47365849426867473	0.16272476412352377	-0.1941967811658234	0.19449976588023468	-0.18439347236271875	0.18843660000891269	-0.1778770528306832	0.13461519481861675	-0.116421482672302	0.1157947213054111	-0.14949721694759546	0.13389484201780738	-0.0991733432775531	0.10105463059196072	-0.09999272708105834	0.12908581181891074	-0.10019743685199571	0.10887582507691737	-0.09559628360991189	0.08901443172753973	-0.12033595141595516	0.0816368582389739	-0.09521438708551191
-0.2160720441989908	0.16030554501760091	-0.23093325363242445	0.19025183462440579	-0.3048735676201315	0.18659308350557854	-0.18950593277089253	0.2046747737986472	-0.25215052444997504	0.21282524730493524	-0.1648515339325222	0.2033006969372358	-0.35622630442576897	1.0000000000000002	-0.4267613572907881	0.22201548372713273	-0.18667205846135163	0.2538048671318958	-0.48656138014345063	0.30982689034519684	-0.22044726261159378	0.17788341926258452	-0.24264724390242576	0.2611544220798651	-0.218362442003193	0.14211118758175872	-0.1479659017726236	0.19092055233778965	-0.20043004271647283	0.1480692402933809	-0.1312490863162248	0.13061239082147286	-0.1806908247670746	0.1427115327823934	-0.16285793967254364	0.12324541318970277	-0.11810995245829725	0.15991289181217727	-0.11478367513793558	0.13193285689717435
0.16682228294071655	-0.1388147722671159	0.1809501684708861	-0.25079862816220755	0.29927423826607247	-0.18505318406929266	0.15095939897608848	-0.17977996551975328	0.2649071861326878	-0.6052065626595046	0.1458545861107535	-0.1770407107881991	0.20276299303414957	-0.4267613572907881	1.0000000000000009	-0.23492608226996436	0.159817590738183	-0.2416063990937218	0.20484090854001533	-0.3064332821134842	0.17536907847506378	-0.1605268207822373	0.17916136251039724	-0.21146777769956784	0.15682072433782257	-0.1249211933878985	0.12224275686638941	-0.16511983178935408	0.15089057123756042	-0.11969943251026441	0.11057948172372253	-0.11336583223018179	0.14397906968613294	-0.11768589723893812	0.12612879261749646	-0.11309400641524431	0.1024624386138035	-0.15073481679170486	0.0979043132129696	-0.11869138773968901
-0.30728961800121807	0.1980739650276102	-0.22714315087257606	0.13493794534318707	-0.19915514411971963	0.2891246661604918	-0.25335676443968586	0.19074565788826056	-0.16302378510002863	0.13239655228257832	-0.4963008791929542	0.277198752771024	-0.27501186808446276	0.22201548372713273	-0.23492608226996436	0.9999999999999979	-0.4252035464092642	0.28246954669198426	-0.1427965818702356	0.18293509289572835	-0.37688167875620393	0.2631138848965709	-0.2131744981511157	0.18221217333795772	-0.15947591308111148	0.16763157100236867	-0.16334209039572817	0.1776479696626927	-0.16168539981916877	0.11689665818437796	-0.14245617973101066	0.13229219737305742	-0.1664254286612764	0.12234503846526883	-0.13425519709663428	0.1251460098862344	-0.11798043927483427	0.1484248814798734	-0.10099225737748302	0.11526845716076721
0.17852287702541636	-0.134052717534253	0.15478986172578715	-0.09358572168917663	0.13432300021014837	-0.1927253236306105	0.16366049854331394	-0.14469150294331723	0.11196766001623065	-0.09105350850252392	0.1933874934192703	-0.22775936316844733	0.2188541655665106	-0.18667205846135163	0.159817590738183	-0.4252035464092642	0.9999999999999957	-0.4772904988208694	0.1258793513633526	-0.15991241908514883	0.28745567412219825	-0.6325031551090023	0.22946694674854975	-0.18013525983215659	0.13388715614617905	-0.15257889111076495	0.14314559555240997	-0.17400118694909508	0.14142572082064656	-0.10141559775728867	0.11962280499311871	-0.11696659651702315	0.14179297759190337	-0.10679859926358128	0.11327977800359039	-0.11037081351244545	0.10110097728885176	-0.13103289598225262	0.08709508002952132	-0.10072555240243668
-0.24788566996360215	0.1799090616671439	-0.2519180041309255	0.1422938308078716	-0.20483017709535678	0.21296537092511728	-0.2220861623609396	0.2233246233508841	-0.17228659916403963	0.13760156484512087	-0.208776194258666	0.247748574330968	-0.47365849426867473	0.2538048671318958	-0.2416063990937218	0.28246954669198426	-0.4772904988208694	0.9999999999999969	-0.17352935207316297	0.20592755480639516	-0.3081385315142267	0.2782931747847507	-0.35951891517794476	0.22691324968783658	-0.18192813848105963	0.16601213638962045	-0.17104917004566733	0.21251919210996542	-0.18811497457050294	0.13247384814442525	-0.1445742814997882	0.14014259961447528	-0.18428949946226802	0.13717683733735558	-0.14981066218893768	0.13048290862662262	-0.12408627777158848	0.15974661033406262	-0.110884429508355	0.12645688142215716
0.12335481695041547	-0.09117971071163042	0.12295548187394159	-0.09884461542377262	0.15589618772666947	-0.11217707900386911	0.10623521286045857	-0.11143972926388404	0.1253044292789949	-0.10813604399828955	0.0974544935826809	-0.11797947401231308	0.16272476412352377	-0.48656138014345063	0.20484090854001533	-0.1427965818702356	0.1258793513633526	-0.17352935207316297	0.9999999999999968	-0.6609554576374669	0.15386736816685329	-0.13188157879536652	0.22006368902439608	-0.4521233992617038	0.19782683568323484	-0.10758322922520452	0.11345074050820213	-0.16452660410188924	0.1771508090935176	-0.134751298353919	0.09865492159061144	-0.10142207257888662	0.1417965039488484	-0.12081148729668204	0.13392849684158448	-0.09436237335326722	0.09065568825357426	-0.1259803951467048	0.09264196808042842	-0.10764080456506919
-0.16756378315073625	0.12009950809408813	-0.1642710486706782	0.13979056748534485	-0.2332989925816413	0.14589750083435957	-0.1396000061737807	0.14144855910140802	-0.17997407521795594	0.1564454535606257	-0.1258410107965417	0.14722327083729175	-0.1941967811658234	0.30982689034519684	-0.3064332821134842	0.18293509289572835	-0.15991241908514883	0.20592755480639516	-0.6609554576374669	0.9999999999999963	-0.20752585952455288	0.16313133675537145	-0.25834460479387056	0.2935329728914194	-0.31556228402660236	0.14107074793360977	-0.15033052339517006	0.20071595763384362	-0.23281755579777835	0.1839330961916104	-0.13314454435746878	0.13445512246721786	-0.19320042441633206	0.15952185917884745	-0.19057120377361428	0.12499086874280482	-0.12190587363215163	0.16635035703816875	-0.1255917468658329	0.14374476184152363
0.17634935296189455	-0.13201107255939248	0.15082727934924783	-0.09874465535461302	0.14489212947564897	-0.20156926215829177	0.15432525929821758	-0.13953924038492646	0.11880498172893998	-0.09852953254302581	0.1792391065465034	-0.191144517445712	0.19449976588023468	-0.22044726261159378	0.17536907847506378	-0.37688167875620393	0.28745567412219825	-0.3081385315142267	0.15386736816685329	-0.20752585952455288	0.999999999999997	-0.5330385007055063	0.25029695119097883	-0.22673886487503253	0.1757817785030169	-0.4262336802765293	0.24710354427876868	-0.25608786292661395	0.19307114782778909	-0.14033066739732586	0.21427559292426257	-0.20243985281185822	0.20847828768780893	-0.15515645441786255	0.15832272645314002	-0.20066640506054367	0.16758992004470866	-0.21311654452676168	0.13060628488627757	-0.1528157829473856
-0.16026656099747333	0.11521094757176774	-0.13952756946614403	0.08931101212519289	-0.13307658453128388	0.15681289545286453	-0.1405081389401361	0.12424965879088087	-0.10852906487676613	0.08947895193600328	-0.15373471429822216	0.16590950242426034	-0.18439347236271875	0.17788341926258452	-0.1605268207822373	0.2631138848965709	-0.6325031551090023	0.2782931747847507	-0.13188157879536652	0.16313133675537145	-0.5330385007055063	0.9999999999999957	-0.33394754775883484	0.19756310609508962	-0.15097748492380267	0.19420170487972524	-0.1902951420773972	0.20133155916995044	-0.16365518365598078	0.11359900146989421	-0.14911413952887873	0.14026323024791718	-0.16716405306679957	0.12170737549043988	-0.12898810485254567	0.12912204550807718	-0.12016883039136614	0.14747656810464943	-0.09893055889649545	0.11256783220439098
0.1496924570956791	-0.11069798692748226	0.1394203447797389	-0.09603617679095552	0.14493769519069435	-0.14666574729355902	0.1301128389644796	-0.12802389769623368	0.11759313681157232	-0.0985655102220317	0.1305187445142972	-0.15189769750341703	0.18843660000891269	-0.24264724390242576	0.17916136251039724	-0.2131744981511157	0.22946694674854975	-0.35951891517794476	0.22006368902439608	-0.25834460479387056	0.25029695119097883	-0.33394754775883484	0.9999999999999942	-0.552602239442009	0.21693043103177934	-0.19138603735593396	0.20335544920434437	-0.4816486520635875	0.25648523406988627	-0.17208230862011475	0.15712552221003825	-0.17054860670932714	0.22256833717504146	-0.178815550823532	0.17729134654599238	-0.15229330514569783	0.14214179670933774	-0.19468488199770392	0.1341335025641455	-0.1561509771495586
-0.14856372024192702	0.10708285774670338	-0.14063097103805622	0.10551699836105834	-0.1669315039062508	0.13567142126052434	-0.1256368660642278	0.12365126353541357	-0.1323191056777593	0.11256739516310452	-0.11936325412181177	0.13781311650642095	-0.1778770528306832	0.2611544220798651	-0.21146777769956784	0.18221217333795772	-0.18013525983215659	0.22691324968783658	-0.4521233992617038	0.2935329728914194	-0.22673886487503253	0.19756310609508962	-0.552602239442009	0.999999999999993	-0.33214822365788194	0.1610331974442487	-0.17728112202873403	0.27258635318020846	-0.3540374974360476	0.20943164528201527	-0.14826515751565025	0.15454071593115062	-0.2259019944182138	0.19573415257995214	-0.21319120417006154	0.13955393866734647	-0.13656040994139185	0.18675213906382881	-0.14415380775086778	0.1626183143131383
0.11642938152313592	-0.08594920528150736	0.10767472294862031	-0.08056693549922554	0.12470713946383652	-0.11578642025326731	0.09931398077964414	-0.09767605008408607	0.0995448942198221	-0.08494856042037917	0.0980973098036894	-0.11326454559113011	0.13461519481861675	-0.218362442003193	0.15682072433782257	-0.15947591308111148	0.13388715614617905	-0.18192813848105963	0.19782683568323484	-0.31556228402660236	0.1757817785030169	-0.15097748492380267	0.21693043103177934	-0.33214822365788194	0.9999999999999947	-0.15602938320054616	0.15911514778767363	-0.24908230619543442	0.2772337738326883	-0.685927906058296	0.14427834481220303	-0.16034782434317205	0.21527856337110432	-0.23980713833770348	0.2817274258702532	-0.15502158307124947	0.14560395526870196	-0.23915268003129883	0.1762436078916197	-0.2390953429085685
-0.10684571229928684	0.07744056712081902	-0.09406675249810037	0.0661802350067883	-0.10167431009759975	0.10793053797561268	-0.09067039934166109	0.08424547592855793	-0.08119054121587552	0.06834002333707363	-0.09561016298404167	0.10443601921864777	-0.116421482672302	0.14211118758175872	-0.1249211933878985	0.16763157100236867	-0.15257889111076495	0.16601213638962045	-0.10758322922520452	0.14107074793360977	-0.4262336802765293	0.19420170487972524	-0.19138603735593396	0.1610331974442487	-0.15602938320054616	0.9999999999999937	-0.6090632458723814	0.23863940041935897	-0.18663019139484235	0.1234358000970703	-0.4735381930062026	0.27848388618086223	-0.24039819151996825	0.14998042579508358	-0.15153158170587686	0.24556501848341922	-0.2232004843427592	0.20256473341449924	-0.1270727191083485	0.13734371490227526
0.10387649529780764	-0.07623494344046715	0.09236980190398691	-0.06506209008014456	0.09930546655649548	-0.10702381404719366	0.0887841385731213	-0.08365483575194103	0.07963657370190233	-0.06706828880877695	0.09289446185875974	-0.10343609060803347	0.1157947213054111	-0.1479659017726236	0.12224275686638941	-0.16334209039572817	0.14314559555240997	-0.17104917004566733	0.11345074050820213	-0.15033052339517006	0.24710354427876868	-0.1902951420773972	0.20335544920434437	-0.17728112202873403	0.15911514778767363	-0.6090632458723814	0.9999999999999938	-0.39566108913254777	0.204099282957531	-0.1337782441331937	0.2828854270029827	-0.4835902360322248	0.26111779122583295	-0.16996372231376167	0.1587616703383007	-0.2545769352805285	0.22998970985976955	-0.23290175736937455	0.13777047579186094	-0.15342000763581198
-0.13088164004542138	0.09446469318662694	-0.11923269417266051	0.08575463930310391	-0.13326434258112524	0.1251231895300463	-0.11065948389920835	0.10595628256015079	-0.10598803044721909	0.08956369172277268	-0.1099387824500621	0.12427221317475144	-0.14949721694759546	0.19092055233778965	-0.16511983178935408	0.1776479696626927	-0.17400118694909508	0.21251919210996542	-0.16452660410188924	0.20071595763384362	-0.25608786292661395	0.20133155916995044	-0.4816486520635875	0.27258635318020846	-0.24908230619543442	0.23863940041935897	-0.39566108913254777	0.9999999999999898	-0.46639929606433506	0.20465542835351724	-0.2114783875635668	0.24108153187407597	-0.40244704284974875	0.2474879116855698	-0.234405470460497	0.1881813356147316	-0.19100236602481258	0.23631167771101833	-0.1753550614492121	0.18946376960599853
0.11637947039884784	-0.08544572370044759	0.1067327492353333	-0.07829133313681087	0.12086118967649329	-0.11526036094706356	0.09913049704845221	-0.09649300835587767	0.09653744312172277	-0.0820124780696954	0.09869739351013472	-0.11309849448513769	0.13389484201780738	-0.20043004271647283	0.15089057123756042	-0.16168539981916877	0.14142572082064656	-0.18811497457050294	0.1771508090935176	-0.23281755579777835	0.19307114782778909	-0.16365518365598078	0.25648523406988627	-0.3540374974360476	0.2772337738326883	-0.18663019139484235	0.204099282957531	-0.46639929606433506	0.9999999999999922	-0.3813665407511208	0.16881062259491125	-0.19950182404157232	0.28625925283822906	-0.5058876873515041	0.29458966382950696	-0.17514615135086192	0.16948959191152196	-0.2675692288716242	0.2197427966776753	-0.2576390798303953
-0.08769107872394345	0.06389275746832278	-0.08070709888555198	0.060805243948202525	-0.09541812270870198	0.08497758324515793	-0.07406278346516854	0.07222009665480578	-0.07548811861710163	0.0644140509348108	-0.07262077672834596	0.08321531914421544	-0.0991733432775531	0.1480692402933809	-0.11969943251026441	0.11689665818437796	-0.10141559775728867	0.13247384814442525	-0.134751298353919	0.1839330961916104	-0.14033066739732586	0.11359900146989421	-0.17208230862011475	0.20943164528201527	-0.685927906058296	0.1234358000970703	-0.1337782441331937	0.20465542835351724	-0.3813665407511208	0.9999999999999925	-0.11940854731573092	0.13350744979080056	-0.2045467388709648	0.24842201699460043	-0.4942336961210563	0.12186968968086198	-0.12141758717256712	0.18918843178745065	-0.17170387454877079	0.21081640457603798
0.09222548767228295	-0.06747450533582829	0.08180018012387132	-0.058416519118415534	0.08971789760827077	-0.09470464496407122	0.07837329748781519	-0.07383335935665825	0.0716209489355915	-0.06048867604548798	0.08153257890331743	-0.09067902040490078	0.10105463059196072	-0.1312490863162248	0.11057948172372253	-0.14245617973101066	0.11962280499311871	-0.1445742814997882	0.09865492159061144	-0.13314454435746878	0.21427559292426257	-0.14911413952887873	0.15712552221003825	-0.14826515751565025	0.14427834481220303	-0.4735381930062026	0.2828854270029827	-0.2114783875635668	0.16881062259491125	-0.11940854731573092	0.9999999999999909	-0.4339475120898871	0.24093285011058638	-0.15569517492793056	0.1494862747130637	-0.612764597453807	0.2951852164823741	-0.2631756108014119	0.1404570453893096	-0.15421098819529855
-0.09115445796656986	0.06612805377528355	-0.08149919771027156	0.05906740292117837	-0.09169511923880573	0.09052917754790886	-0.07696354469998702	0.07292881762838102	-0.07278019657031941	0.06162759649767796	-0.07837552565099197	0.08760398858728344	-0.09999272708105834	0.13061239082147286	-0.11336583223018179	0.13229219737305742	-0.11696659651702315	0.14014259961447528	-0.10142207257888662	0.13445512246721786	-0.20243985281185822	0.14026323024791718	-0.17054860670932714	0.15454071593115062	-0.16034782434317205	0.27848388618086223	-0.4835902360322248	0.24108153187407597	-0.19950182404157232	0.13350744979080056	-0.4339475120898871	0.9999999999999936	-0.45171647553802174	0.18996755108245097	-0.17603462875665818	0.29605757672801836	-0.48071633204430064	0.2704989801424953	-0.1605744719821617	0.16384476546776697
0.11512665787323516	-0.08445394118106524	0.10390156861323929	-0.0754152583633063	0.11612206373073082	-0.11617260230187715	0.09786460680308266	-0.09398977341748672	0.09267228941154582	-0.0785508721330745	0.09912905416173891	-0.11234109948491651	0.12908581181891074	-0.1806908247670746	0.14397906968613294	-0.1664254286612764	0.14179297759190337	-0.18428949946226802	0.1417965039488484	-0.19320042441633206	0.20847828768780893	-0.16716405306679957	0.22256833717504146	-0.2259019944182138	0.21527856337110432	-0.24039819151996825	0.26111779122583295	-0.40244704284974875	0.28625925283822906	-0.2045467388709648	0.24093285011058638	-0.45171647553802174	0.999999999999993	-0.44032138841696494	0.2587147084744739	-0.2611745988587226	0.2606168075021996	-0.4244613325043392	0.2414507282815854	-0.27322638967455737
-0.08953369353994288	0.06512987779928796	-0.08152785395074269	0.060467504156064035	-0.09440748935090186	0.08748426290613698	-0.07557593429431594	0.07300468261622714	-0.07480320647760713	0.06364039089299926	-0.07496889924331247	0.08528989804482157	-0.10019743685199571	0.1427115327823934	-0.11768589723893812	0.12234503846526883	-0.10679859926358128	0.13717683733735558	-0.12081148729668204	0.15952185917884745	-0.15515645441786255	0.12170737549043988	-0.178815550823532	0.19573415257995214	-0.23980713833770348	0.14998042579508358	-0.16996372231376167	0.2474879116855698	-0.5058876873515041	0.24842201699460043	-0.15569517492793056	0.18996755108245097	-0.44032138841696494	0.999999999999992	-0.5173334341290938	0.15571802136414814	-0.16854037718578785	0.26327158282956586	-0.39050911433140517	0.28927961795496393
0.09654595312265805	-0.07082291563890362	0.08803694126941569	-0.0652154430408004	0.10107755970824223	-0.09616318230653761	0.0819144070653758	-0.07951390855016768	0.08043581881176681	-0.06846798443551634	0.08164327588618842	-0.09330753504641125	0.10887582507691737	-0.16285793967254364	0.12612879261749646	-0.13425519709663428	0.11327977800359039	-0.14981066218893768	0.13392849684158448	-0.19057120377361428	0.15832272645314002	-0.12898810485254567	0.17729134654599238	-0.21319120417006154	0.2817274258702532	-0.15153158170587686	0.1587616703383007	-0.234405470460497	0.29458966382950696	-0.4942336961210563	0.1494862747130637	-0.17603462875665818	0.2587147084744739	-0.5173334341290938	0.9999999999999912	-0.1619661499057717	0.16187824529542327	-0.2843960961481757	0.2730971652633345	-0.4526697369252155
-0.08880447883709744	0.06389287284886866	-0.07923268095960542	0.05825906354023145	-0.0914045506548402	0.08658456216074648	-0.07436611012702063	0.07032991984463371	-0.07204705373225771	0.061157431311908136	-0.07504719349156451	0.0836485757373236	-0.09559628360991189	0.12324541318970277	-0.11309400641524431	0.1251460098862344	-0.11037081351244545	0.13048290862662262	-0.09436237335326722	0.12499086874280482	-0.20066640506054367	0.12912204550807718	-0.15229330514569783	0.13955393866734647	-0.15502158307124947	0.24556501848341922	-0.2545769352805285	0.1881813356147316	-0.17514615135086192	0.12186968968086198	-0.612764597453807	0.29605757672801836	-0.2611745988587226	0.15571802136414814	-0.1619661499057717	0.9999999999999901	-0.5924546294290132	0.25960584763933026	-0.15267856425315687	0.14965736517343767
0.08152068533656812	-0.05921730621177576	0.07290856785326517	-0.05322989010695297	0.0827913223405266	-0.08126172119475678	0.06875642746625271	-0.06530737008181944	0.06561415018170033	-0.05564418182162585	0.06985050398893795	-0.07827061423743678	0.08901443172753973	-0.11810995245829725	0.1024624386138035	-0.11798043927483427	0.10110097728885176	-0.12408627777158848	0.09065568825357426	-0.12190587363215163	0.16758992004470866	-0.12016883039136614	0.14214179670933774	-0.13656040994139185	0.14560395526870196	-0.2232004843427592	0.22998970985976955	-0.19100236602481258	0.16948959191152196	-0.12141758717256712	0.2951852164823741	-0.48071633204430064	0.2606168075021996	-0.16854037718578785	0.16187824529542327	-0.5924546294290132	0.9999999999999922	-0.4867168235126135	0.17999617905203003	-0.18137514822898007
-0.11208774908805119	0.0802324907689942	-0.10102265972241714	0.07626027952541287	-0.12119641749999477	0.10645834489687975	-0.09322016449741116	0.08909797198463543	-0.09484190233625422	0.08088500761223308	-0.09176921502837636	0.10330528726691353	-0.12033595141595516	0.15991289181217727	-0.15073481679170486	0.1484248814798734	-0.13103289598225262	0.15974661033406262	-0.1259803951467048	0.16635035703816875	-0.21311654452676168	0.14747656810464943	-0.19468488199770392	0.18675213906382881	-0.23915268003129883	0.20256473341449924	-0.23290175736937455	0.23631167771101833	-0.2675692288716242	0.18918843178745065	-0.2631756108014119	0.2704989801424953	-0.4244613325043392	0.26327158282956586	-0.2843960961481757	0.25960584763933026	-0.4867168235126135	0.9999999999999926	-0.45699841750278236	0.2790514579252342
0.07411401200613457	-0.05373434365717023	0.06716497031778713	-0.05012859990654746	0.07862302998456949	-0.07224072670495564	0.06229424355365076	-0.05997998481196435	0.0620653546698677	-0.05286032966171955	0.06178748803224216	-0.07008051162725328	0.0816368582389739	-0.11478367513793558	0.0979043132129696	-0.10099225737748302	0.08709508002952132	-0.110884429508355	0.09264196808042842	-0.1255917468658329	0.13060628488627757	-0.09893055889649545	0.1341335025641455	-0.14415380775086778	0.1762436078916197	-0.1270727191083485	0.13777047579186094	-0.1753550614492121	0.2197427966776753	-0.17170387454877079	0.1404570453893096	-0.1605744719821617	0.2414507282815854	-0.39050911433140517	0.2730971652633345	-0.15267856425315687	0.17999617905203003	-0.45699841750278236	0.9999999999999926	-0.7095719088336101
-0.08742239869106215	0.06290986306197552	-0.07934056600399772	0.06004719482249969	-0.09516648054947476	0.0834482441783976	-0.07298677980506182	0.07028423130201254	-0.07465719730816031	0.06371912419392278	-0.07157325578877517	0.08113931569667035	-0.09521438708551191	0.13193285689717435	-0.11869138773968901	0.11526845716076721	-0.10072555240243668	0.12645688142215716	-0.10764080456506919	0.14374476184152363	-0.1528157829473856	0.11256783220439098	-0.1561509771495586	0.1626183143131383	-0.2390953429085685	0.13734371490227526	-0.15342000763581198	0.18946376960599853	-0.2576390798303953	0.21081640457603798	-0.15421098819529855	0.16384476546776697	-0.27322638967455737	0.28927961795496393	-0.4526697369252155	0.14965736517343767	-0.18137514822898007	0.2790514579252342	-0.7095719088336101	0.9999999999999927
