1.0	-0.6528748395378321	0.28274644299697743	-0.17862289147675092	0.17011161721482687	-0.3926625384321853	0.2498554030255579	-0.27213299984477435	0.18473199551392988	-0.17588957178235318	0.20727172974982774	-0.19291942984952576	0.19087954791135225	-0.16208628215203943	0.1522515387633382	-0.20493172680273078	0.17683068258052115	-0.18738862962219294	0.15901357129516788	-0.2167745919869386	0.14440280122417942	-0.12451321054072444	0.19639289737991797	-0.13019131572431836	0.10821703037351976	-0.06254881515854153	0.10394558171772837	-0.09029916049574713	0.09949496971032863	-0.09580128672206929	0.07166139308252018	-0.13465937984874657	0.09703444198193464	-0.08674738565074123	0.07629999636714432
-0.6528748395378321	0.9999999999999999	-0.567054936358315	0.17858326854607712	-0.1861278096297386	0.21175612105897776	-0.25438526515033905	0.2559303492301443	-0.1814996856669315	0.1497418636375897	-0.1563003548710445	0.15454285675158067	-0.18258749101687727	0.14012328544679417	-0.13655013138068456	0.14323045469590007	-0.14465876103515868	0.15184543067651768	-0.1339091921372259	0.15938465255558845	-0.11038493677249714	0.09280900821026841	-0.15390269909392493	0.09741364526292765	-0.08224209020158188	0.04690054472540807	-0.0780587588054659	0.06751657333522004	-0.0748862240124345	0.07086762176089927	-0.05429298556584572	0.09743178732056137	-0.07276421689562872	0.06414445003236702	-0.05722754342606391
0.28274644299697743	-0.567054936358315	1.0	-0.3178187080453828	0.22669154519184126	-0.18405152085152188	0.20905170335055234	-0.5495657771650032	0.2362326997122586	-0.20144499063031507	0.13180716124639372	-0.14909113386379141	0.2247441965664979	-0.18362869235108759	0.1653644509457726	-0.13704150529755507	0.13202900395298606	-0.20087761685209846	0.1621544887036284	-0.19973283770579486	0.10795799111831761	-0.09320371910120238	0.16757312050689227	-0.11593364584108644	0.09676339221803885	-0.047203648528181465	0.08025064099371935	-0.07302457473843664	0.08298488425662902	-0.08095248553613345	0.054519695889562195	-0.10263036305501586	0.07854266411521701	-0.07157459049356264	0.06441006782006925
-0.17862289147675092	0.17858326854607712	-0.3178187080453828	0.9999999999999999	-0.8020230752952886	0.11272203621969722	-0.13438069484711987	0.2175292550908022	-0.3549169635226013	0.23762720313023838	-0.08817192572913027	0.09558277866219886	-0.1671153373717441	0.18136675806811725	-0.1879916177695248	0.09123448932602045	-0.09202267895772319	0.14518466727086707	-0.14245618540589614	0.16157128767360399	-0.08026673479467923	0.06781913186739558	-0.13776877539680543	0.09390316257628156	-0.07950731607070237	0.03536567726462071	-0.060753568704416776	0.05717273441726606	-0.06640828909091537	0.06462015346867482	-0.04128211204842249	0.07689843767520534	-0.06188248218998871	0.05660493735377239	-0.05182318922727782
0.17011161721482687	-0.1861278096297386	0.22669154519184126	-0.8020230752952886	0.9999999999999998	-0.122196387916647	0.13663278632784617	-0.22005235835011813	0.26473175795231474	-0.33305949846340127	0.09383020211922885	-0.10255232871273545	0.16972831435501615	-0.20045797294090906	0.19975909581897439	-0.10116322915352594	0.09888047853812189	-0.1638423760504769	0.15520911048279223	-0.20027333626245172	0.09042959027979026	-0.07724373284860142	0.1571155446551837	-0.11302620627151534	0.09428771321224973	-0.04043138307033346	0.06985658380086475	-0.06675833957521685	0.07793876830634963	-0.07735026218937528	0.04711474358198053	-0.09012158758959525	0.07216091330821449	-0.06722701227302777	0.06121246509706749
-0.3926625384321853	0.21175612105897776	-0.18405152085152188	0.11272203621969722	-0.122196387916647	1.0000000000000007	-0.4804904119894538	0.18597333667207344	-0.13565199335189654	0.11707839974483315	-0.6215953969537606	0.2818319534489383	-0.1540698100964703	0.11479600386871504	-0.11120638414202963	0.2761749788321236	-0.27677549393652146	0.13466482656273915	-0.11647480211281913	0.141621087614706	-0.17562072204905863	0.13881004809402706	-0.15126180637417175	0.09232661573902372	-0.07793238256337813	0.06764319271112872	-0.10586283204977708	0.07830271205125701	-0.0807614952375258	0.07291294962419351	-0.07758454621774588	0.12487372307051266	-0.08367016560633372	0.0693469315829359	-0.059511280184788296
0.2498554030255579	-0.25438526515033905	0.20905170335055234	-0.13438069484711987	0.13663278632784617	-0.4804904119894538	1.0000000000000004	-0.3144216786367019	0.16660537430408237	-0.1462126512039459	0.2882618907112184	-0.590223681323556	0.1933713618703753	-0.14405311073059834	0.13176980330620866	-0.300866292612271	0.27873347516831015	-0.17314028420697974	0.1399584997326532	-0.17411720364340852	0.16763704624783107	-0.1563128029745161	0.1672141025320191	-0.10929016443760346	0.09140801219408355	-0.0693162532693158	0.11387687364506252	-0.08771625258357911	0.09077637858227587	-0.08426911604464978	0.07743973534096679	-0.14272159551255606	0.09283051868379993	-0.07910031834507966	0.06777362401819745
-0.27213299984477435	0.2559303492301443	-0.5495657771650032	0.2175292550908022	-0.22005235835011813	0.18597333667207344	-0.3144216786367019	1.0000000000000004	-0.4082212525117973	0.22521297774814036	-0.14686847406448	0.1767568690989926	-0.4424082288703771	0.23133758816433533	-0.20848866653922948	0.14573696937879166	-0.15462913428987277	0.24200622678237604	-0.2048394177615414	0.20610384566273715	-0.1165016012995184	0.099641392972399	-0.18744017116147943	0.1228424964786825	-0.1044992068571538	0.05016902965887557	-0.08564451383114496	0.07769257830322439	-0.0885746824322719	0.08481586467243284	-0.05815198052638652	0.10649041037530288	-0.08362262317630348	0.07510594873895042	-0.0684697824174536
0.18473199551392988	-0.1814996856669315	0.2362326997122586	-0.3549169635226013	0.26473175795231474	-0.13565199335189654	0.16660537430408237	-0.4082212525117973	1.0000000000000009	-0.5383598299311246	0.10661623390320098	-0.12313562889360731	0.24757691947376922	-0.4643353251690039	0.30416990664620763	-0.11327495362936826	0.11438545656014686	-0.22722266112667064	0.22576025921743334	-0.24688946711463128	0.09970886461949358	-0.08546810009115015	0.17769172357166158	-0.1355167692447011	0.11351043895448147	-0.04427840632981825	0.07709684152265733	-0.0746729432625202	0.08860355813546728	-0.08823175949990887	0.05155858730289863	-0.09791734600885804	0.08052564936443102	-0.07553554660649998	0.06994849358454397
-0.17588957178235318	0.1497418636375897	-0.20144499063031507	0.23762720313023838	-0.33305949846340127	0.11707839974483315	-0.1462126512039459	0.22521297774814036	-0.5383598299311246	1.0000000000000029	-0.09572861810177613	0.10494775717692924	-0.2185143639532588	0.30064078076618517	-0.6309203953836845	0.09925057335302294	-0.10341640834094752	0.18533023398733225	-0.20786410843391293	0.21009731935605827	-0.0920693389454028	0.07724472034609414	-0.17147451912531012	0.11922303471529817	-0.10329051731443134	0.04070669488180328	-0.07082628423181173	0.06877538478116786	-0.08185041275715496	0.07962667142257142	-0.04773932577229496	0.08850661397726048	-0.07469531126846415	0.06875646145963304	-0.06437162646746905
0.20727172974982774	-0.1563003548710445	0.13180716124639372	-0.08817192572913027	0.09383020211922885	-0.6215953969537606	0.2882618907112184	-0.14686847406448	0.10661623390320098	-0.09572861810177613	1.0000000000000042	-0.40756716150822053	0.12783392960466292	-0.09528616744855589	0.09015837717482872	-0.5366338822858739	0.28610450079164634	-0.11753865325939584	0.09786511414562027	-0.12304570882620917	0.17378817897853574	-0.14752248985409833	0.1289722133727356	-0.08111947517725572	0.0680335175642501	-0.06697663512542563	0.10328513691557002	-0.07368744643883295	0.07325280019238584	-0.06601365539702594	0.07334134564436844	-0.12549718031152224	0.07763578284098241	-0.06383527952065729	0.05352686745126612
-0.19291942984952576	0.15454285675158067	-0.14909113386379141	0.09558277866219886	-0.10255232871273545	0.2818319534489383	-0.590223681323556	0.1767568690989926	-0.12313562889360731	0.10494775717692924	-0.40756716150822053	1.0000000000000016	-0.17650255250796915	0.10911800754893645	-0.10128682941277446	0.2946599982418207	-0.5617732039153835	0.13880673547329825	-0.1113330944063464	0.12988220807376416	-0.170865867578915	0.15669727225871105	-0.13578061599899047	0.08503617663361832	-0.07165786688945636	0.06569714024427342	-0.11046633011724044	0.07569544457726099	-0.07584704450859556	0.06781184629391106	-0.07369469129243948	0.12369909933963921	-0.07988293188551718	0.06520514720589748	-0.055255208935477626
0.19087954791135225	-0.18258749101687727	0.2247441965664979	-0.1671153373717441	0.16972831435501615	-0.1540698100964703	0.1933713618703753	-0.4424082288703771	0.24757691947376922	-0.2185143639532588	0.12783392960466292	-0.17650255250796915	1.000000000000001	-0.35438627659791466	0.2209939739927116	-0.13705880550246732	0.14624602343058266	-0.6380613375649676	0.28551097660315783	-0.2807382936272963	0.11525525737836244	-0.10094667748010151	0.21304305181817593	-0.15709833703258352	0.13035079559938814	-0.05095419867093387	0.0892547517958827	-0.08659126077861738	0.10135530772297184	-0.10071776221529487	0.059014681373645246	-0.11292163175675576	0.09227924667391384	-0.08637780314442857	0.0796940517534101
-0.16208628215203943	0.14012328544679417	-0.18362869235108759	0.18136675806811725	-0.20045797294090906	0.11479600386871504	-0.14405311073059834	0.23133758816433533	-0.4643353251690039	0.30064078076618517	-0.09528616744855589	0.10911800754893645	-0.35438627659791466	0.9999999999999997	-0.5665502332716814	0.10027758841394492	-0.10627231212784718	0.2622716143261479	-0.43830713920666875	0.25910438499868693	-0.09356994506530723	0.07944226969822217	-0.18481764751379814	0.14433098285863138	-0.12529697716435062	0.04164714879448825	-0.07366277350600493	0.07394903661668703	-0.09051851201166773	0.0893058737071678	-0.048749836200780355	0.09200087160912639	-0.07998339892515913	0.07527955046455043	-0.07188286196337855
0.1522515387633382	-0.13655013138068456	0.1653644509457726	-0.1879916177695248	0.19975909581897439	-0.11120638414202963	0.13176980330620866	-0.20848866653922948	0.30416990664620763	-0.6309203953836845	0.09015837717482872	-0.10128682941277446	0.2209939739927116	-0.5665502332716814	0.9999999999999952	-0.09723755798878837	0.09914394073678132	-0.22086502425917573	0.2417536865918758	-0.2919734099550544	0.09172067117443156	-0.07831930912803874	0.17449200109457813	-0.14503122269719676	0.12249897878282139	-0.04123427075532874	0.07286214953259872	-0.07336946088324801	0.08950118378393776	-0.09112072679679208	0.04820393918981178	-0.09264161814705438	0.0792366038334817	-0.07615003158896033	0.07162351769281176
-0.20493172680273078	0.14323045469590007	-0.13704150529755507	0.09123448932602045	-0.10116322915352594	0.2761749788321236	-0.300866292612271	0.14573696937879166	-0.11327495362936826	0.09925057335302294	-0.5366338822858739	0.2946599982418207	-0.13705880550246732	0.10027758841394492	-0.09723755798878837	1.0000000000000004	-0.5939951988730333	0.12510288390026855	-0.10697253610488013	0.12977711858724725	-0.33234485347204057	0.21459726932663686	-0.15079017856800264	0.09077100316241506	-0.07664644665679561	0.10189290028801619	-0.14756090903593383	0.09431195051966927	-0.09022831311108022	0.07787081755680303	-0.11283643725279625	0.16320900041140218	-0.09916436716382084	0.07769365312438495	-0.06403179949191654
0.17683068258052115	-0.14465876103515868	0.13202900395298606	-0.09202267895772319	0.09888047853812189	-0.27677549393652146	0.27873347516831015	-0.15462913428987277	0.11438545656014686	-0.10341640834094752	0.28610450079164634	-0.5617732039153835	0.14624602343058266	-0.10627231212784718	0.09914394073678132	-0.5939951988730333	0.9999999999999979	-0.14736984700522462	0.11351450257185045	-0.1401465233064493	0.2340690298959975	-0.29072592931653823	0.15089191479557504	-0.09579791055276245	0.08020291254620948	-0.09087789108130462	0.15640348831860193	-0.09968551750536112	0.09304218939271118	-0.08155803129802794	0.09781391167450088	-0.17674924331645264	0.10239934153008767	-0.0812208929575656	0.06628445394127187
-0.18738862962219294	0.15184543067651768	-0.20087761685209846	0.14518466727086707	-0.1638423760504769	0.13466482656273915	-0.17314028420697974	0.24200622678237604	-0.22722266112667064	0.18533023398733225	-0.11753865325939584	0.13880673547329825	-0.6380613375649676	0.2622716143261479	-0.22086502425917573	0.12510288390026855	-0.14736984700522462	0.9999999999999997	-0.530702772658798	0.2712896764478289	-0.11509798890496371	0.09879228901162436	-0.28237527137371016	0.1667035522361084	-0.14490220499954334	0.050880068263344354	-0.09088964943249418	0.09230435711750878	-0.10908678612659381	0.1045712421102305	-0.059441636155040584	0.11200859798184465	-0.09815051210868816	0.08992471263415502	-0.0851552002029638
0.15901357129516788	-0.1339091921372259	0.1621544887036284	-0.14245618540589614	0.15520911048279223	-0.11647480211281913	0.1399584997326532	-0.2048394177615414	0.22576025921743334	-0.20786410843391293	0.09786511414562027	-0.1113330944063464	0.28551097660315783	-0.43830713920666875	0.2417536865918758	-0.10697253610488013	0.11351450257185045	-0.530702772658798	1.0000000000000009	-0.5412557325808305	0.10599529917916935	-0.09097582194499713	0.22739575576638738	-0.25713955672524463	0.19934653622149717	-0.04806706329490251	0.08753611719085179	-0.09448091206169278	0.12226451803881727	-0.12666642029683764	0.05630188167602471	-0.10958064379695034	0.10127495526897985	-0.10071273570037005	0.09897782466219139
-0.2167745919869386	0.15938465255558845	-0.19973283770579486	0.16157128767360399	-0.20027333626245172	0.141621087614706	-0.17411720364340852	0.20610384566273715	-0.24688946711463128	0.21009731935605827	-0.12304570882620917	0.12988220807376416	-0.2807382936272963	0.25910438499868693	-0.2919734099550544	0.12977711858724725	-0.1401465233064493	0.2712896764478289	-0.5412557325808305	0.9999999999999969	-0.1459673477152481	0.12009186053751099	-0.34414806730734393	0.2803564495450555	-0.4053073431147855	0.06619353211850817	-0.1221829747332976	0.134623965932246	-0.18240576479575685	0.18485463667379742	-0.07874296783750226	0.14695606078880447	-0.15017760531322402	0.14367922305399097	-0.15623748121045442
0.14440280122417942	-0.11038493677249714	0.10795799111831761	-0.08026673479467923	0.09042959027979026	-0.17562072204905863	0.16763704624783107	-0.1165016012995184	0.09970886461949358	-0.0920693389454028	0.17378817897853574	-0.170865867578915	0.11525525737836244	-0.09356994506530723	0.09172067117443156	-0.33234485347204057	0.2340690298959975	-0.11509798890496371	0.10599529917916935	-0.1459673477152481	0.9999999999999979	-0.6285919089913863	0.18982251095895686	-0.12017684638153711	0.10005157630648776	-0.3092368568817373	0.29269291951941345	-0.17982420470343236	0.14705486552110877	-0.12468173155001033	0.2305078185450312	-0.39191934404695705	0.1777076498063223	-0.1348882882617239	0.10076178752229777
-0.12451321054072444	0.09280900821026841	-0.09320371910120238	0.06781913186739558	-0.07724373284860142	0.13881004809402706	-0.1563128029745161	0.099641392972399	-0.08546810009115015	0.07724472034609414	-0.14752248985409833	0.15669727225871105	-0.10094667748010151	0.07944226969822217	-0.07831930912803874	0.21459726932663686	-0.29072592931653823	0.09879228901162436	-0.09097582194499713	0.12009186053751099	-0.6285919089913863	0.9999999999999971	-0.1751718655741065	0.1029918317960989	-0.08682708800522856	0.18669641290245934	-0.5543433875134975	0.17910551421627363	-0.14626995370415488	0.10684690243232689	-0.20588575728740263	0.29308569365256804	-0.18085614187369675	0.11850026039776271	-0.09071907776943612
0.19639289737991797	-0.15390269909392493	0.16757312050689227	-0.13776877539680543	0.1571155446551837	-0.15126180637417175	0.1672141025320191	-0.18744017116147943	0.17769172357166158	-0.17147451912531012	0.1289722133727356	-0.13578061599899047	0.21304305181817593	-0.18481764751379814	0.17449200109457813	-0.15079017856800264	0.15089191479557504	-0.28237527137371016	0.22739575576638738	-0.34414806730734393	0.18982251095895686	-0.1751718655741065	0.9999999999999983	-0.33584503964275314	0.22409405040546002	-0.09256788940207633	0.1764189628196076	-0.2411251327635179	0.21608378753390223	-0.21078146610573473	0.10715765168608826	-0.24154701729106692	0.20698346656490155	-0.19335943142743156	0.16107584368595634
-0.13019131572431836	0.09741364526292765	-0.11593364584108644	0.09390316257628156	-0.11302620627151534	0.09232661573902372	-0.10929016443760346	0.1228424964786825	-0.1355167692447011	0.11922303471529817	-0.08111947517725572	0.08503617663361832	-0.15709833703258352	0.14433098285863138	-0.14503122269719676	0.09077100316241506	-0.09579791055276245	0.1667035522361084	-0.25713955672524463	0.2803564495450555	-0.12017684638153711	0.1029918317960989	-0.33584503964275314	0.9999999999999958	-0.7420677253405756	0.05733079060456486	-0.11751018438475519	0.15901488832165475	-0.290935486294756	0.24927172612904727	-0.06781072324362693	0.14006014536206673	-0.17080771114425453	0.18344753421676463	-0.21171163981596455
0.10821703037351976	-0.08224209020158188	0.09676339221803885	-0.07950731607070237	0.09428771321224973	-0.07793238256337813	0.09140801219408355	-0.1044992068571538	0.11351043895448147	-0.10329051731443134	0.0680335175642501	-0.07165786688945636	0.13035079559938814	-0.12529697716435062	0.12249897878282139	-0.07664644665679561	0.08020291254620948	-0.14490220499954334	0.19934653622149717	-0.4053073431147855	0.10005157630648776	-0.08682708800522856	0.22409405040546002	-0.7420677253405756	0.9999999999999962	-0.0480285313782837	0.09737818832802088	-0.13225887644615275	0.21129833006856572	-0.37019855553744574	0.056541228197793315	-0.12038857560400958	0.14040229217808603	-0.1758538090055679	0.1985744060235679
-0.06254881515854153	0.04690054472540807	-0.047203648528181465	0.03536567726462071	-0.04043138307033346	0.06764319271112872	-0.0693162532693158	0.05016902965887557	-0.04427840632981825	0.04070669488180328	-0.06697663512542563	0.06569714024427342	-0.05095419867093387	0.04164714879448825	-0.04123427075532874	0.10189290028801619	-0.09087789108130462	0.050880068263344354	-0.04806706329490251	0.06619353211850817	-0.3092368568817373	0.18669641290245934	-0.09256788940207633	0.05733079060456486	-0.0480285313782837	0.9999999999999943	-0.20716480695335865	0.09603796733069621	-0.07768381743300314	0.06134165182147486	-0.8968072539943356	0.19514510736273652	-0.09735724512444376	0.06795298941839731	-0.050855760335848696
0.10394558171772837	-0.0780587588054659	0.08025064099371935	-0.060753568704416776	0.06985658380086475	-0.10586283204977708	0.11387687364506252	-0.08564451383114496	0.07709684152265733	-0.07082628423181173	0.10328513691557002	-0.11046633011724044	0.0892547517958827	-0.07366277350600493	0.07286214953259872	-0.14756090903593383	0.15640348831860193	-0.09088964943249418	0.08753611719085179	-0.1221829747332976	0.29269291951941345	-0.5543433875134975	0.1764189628196076	-0.11751018438475519	0.09737818832802088	-0.20716480695335865	0.9999999999999949	-0.34679720346537335	0.1880248919095402	-0.13620341994898572	0.187008180454861	-0.6049437172698882	0.25063572906931203	-0.16086379521276473	0.11285209520528344
-0.09029916049574713	0.06751657333522004	-0.07302457473843664	0.05717273441726606	-0.06675833957521685	0.07830271205125701	-0.08771625258357911	0.07769257830322439	-0.0746729432625202	0.06877538478116786	-0.07368744643883295	0.07569544457726099	-0.08659126077861738	0.07394903661668703	-0.07336946088324801	0.09431195051966927	-0.09968551750536112	0.09230435711750878	-0.09448091206169278	0.134623965932246	-0.17982420470343236	0.17910551421627363	-0.2411251327635179	0.15901488832165475	-0.13225887644615275	0.09603796733069621	-0.34679720346537335	0.9999999999999946	-0.5004405898476877	0.20005090054456146	-0.10948642101941583	0.27272223672152324	-0.6629267524714114	0.2603443826034896	-0.17772252804428124
0.09949496971032863	-0.0748862240124345	0.08298488425662902	-0.06640828909091537	0.07793876830634963	-0.0807614952375258	0.09077637858227587	-0.0885746824322719	0.08860355813546728	-0.08185041275715496	0.07325280019238584	-0.07584704450859556	0.10135530772297184	-0.09051851201166773	0.08950118378393776	-0.09022831311108022	0.09304218939271118	-0.10908678612659381	0.12226451803881727	-0.18240576479575685	0.14705486552110877	-0.14626995370415488	0.21608378753390223	-0.290935486294756	0.21129833006856572	-0.07768381743300314	0.1880248919095402	-0.5004405898476877	0.9999999999999943	-0.42533317400589027	0.08806391659521849	-0.22998846619902	0.3024212737816347	-0.5384801042496595	0.2815161052156259
-0.09580128672206929	0.07086762176089927	-0.08095248553613345	0.06462015346867482	-0.07735026218937528	0.07291294962419351	-0.08426911604464978	0.08481586467243284	-0.08823175949990887	0.07962667142257142	-0.06601365539702594	0.06781184629391106	-0.10071776221529487	0.0893058737071678	-0.09112072679679208	0.07787081755680303	-0.08155803129802794	0.1045712421102305	-0.12666642029683764	0.18485463667379742	-0.12468173155001033	0.10684690243232689	-0.21078146610573473	0.24927172612904727	-0.37019855553744574	0.06134165182147486	-0.13620341994898572	0.20005090054456146	-0.42533317400589027	0.9999999999999943	-0.07301474038854247	0.15734047679064783	-0.2419555797991417	0.3062833259885246	-0.6718919414690812
0.07166139308252018	-0.05429298556584572	0.054519695889562195	-0.04128211204842249	0.04711474358198053	-0.07758454621774588	0.07743973534096679	-0.05815198052638652	0.05155858730289863	-0.04773932577229496	0.07334134564436844	-0.07369469129243948	0.059014681373645246	-0.048749836200780355	0.04820393918981178	-0.11283643725279625	0.09781391167450088	-0.059441636155040584	0.05630188167602471	-0.07874296783750226	0.2305078185450312	-0.20588575728740263	0.10715765168608826	-0.06781072324362693	0.056541228197793315	-0.8968072539943356	0.187008180454861	-0.10948642101941583	0.08806391659521849	-0.07301474038854247	0.9999999999999941	-0.2531076418198094	0.10990381861905792	-0.08048540026875864	0.059485494599936795
-0.13465937984874657	0.09743178732056137	-0.10263036305501586	0.07689843767520534	-0.09012158758959525	0.12487372307051266	-0.14272159551255606	0.10649041037530288	-0.09791734600885804	0.08850661397726048	-0.12549718031152224	0.12369909933963921	-0.11292163175675576	0.09200087160912639	-0.09264161814705438	0.16320900041140218	-0.17674924331645264	0.11200859798184465	-0.10958064379695034	0.14695606078880447	-0.39191934404695705	0.29308569365256804	-0.24154701729106692	0.14006014536206673	-0.12038857560400958	0.19514510736273652	-0.6049437172698882	0.27272223672152324	-0.22998846619902	0.15734047679064783	-0.2531076418198094	0.9999999999999942	-0.41947778500735	0.18849742466729213	-0.1447502966286222
0.09703444198193464	-0.07276421689562872	0.07854266411521701	-0.06188248218998871	0.07216091330821449	-0.08367016560633372	0.09283051868379993	-0.08362262317630348	0.08052564936443102	-0.07469531126846415	0.07763578284098241	-0.07988293188551718	0.09227924667391384	-0.07998339892515913	0.0792366038334817	-0.09916436716382084	0.10239934153008767	-0.09815051210868816	0.10127495526897985	-0.15017760531322402	0.1777076498063223	-0.18085614187369675	0.20698346656490155	-0.17080771114425453	0.14040229217808603	-0.09735724512444376	0.25063572906931203	-0.6629267524714114	0.3024212737816347	-0.2419555797991417	0.10990381861905792	-0.41947778500735	0.999999999999994	-0.40233248208165784	0.2036332788946804
-0.08674738565074123	0.06414445003236702	-0.07157459049356264	0.05660493735377239	-0.06722701227302777	0.0693469315829359	-0.07910031834507966	0.07510594873895042	-0.07553554660649998	0.06875646145963304	-0.06383527952065729	0.06520514720589748	-0.08637780314442857	0.07527955046455043	-0.07615003158896033	0.07769365312438495	-0.0812208929575656	0.08992471263415502	-0.10071273570037005	0.14367922305399097	-0.1348882882617239	0.11850026039776271	-0.19335943142743156	0.18344753421676463	-0.1758538090055679	0.06795298941839731	-0.16086379521276473	0.2603443826034896	-0.5384801042496595	0.3062833259885246	-0.08048540026875864	0.18849742466729213	-0.40233248208165784	0.999999999999994	-0.597197941672163
0.07629999636714432	-0.05722754342606391	0.06441006782006925	-0.05182318922727782	0.06121246509706749	-0.059511280184788296	0.06777362401819745	-0.0684697824174536	0.06994849358454397	-0.06437162646746905	0.05352686745126612	-0.055255208935477626	0.0796940517534101	-0.07188286196337855	0.07162351769281176	-0.06403179949191654	0.06628445394127187	-0.0851552002029638	0.09897782466219139	-0.15623748121045442	0.10076178752229777	-0.09071907776943612	0.16107584368595634	-0.21171163981596455	0.1985744060235679	-0.050855760335848696	0.11285209520528344	-0.17772252804428124	0.2815161052156259	-0.6718919414690812	0.059485494599936795	-0.1447502966286222	0.2036332788946804	-0.597197941672163	0.999999999999994
