1.0	-0.44596882901828144	0.26296336758720346	-0.07272834474821871	0.07323587680587546	-0.7394051985974792	0.21026802057371444	-0.16925415012941625	0.06251553944936848	-0.05721106006292759	0.23669687835337183	-0.2167404543041601	0.13533806563634915	-0.0980748379837768	0.08660655081989213	-0.19542628158514824	0.1659502213692267	-0.15923578243045788	0.10308802436427812	-0.0904091294074941	0.11003316664494804	-0.11360480136659282	0.127103616475828	-0.1079739618348731	0.07557253071957279	-0.1037805222977481	0.0835786240924126	-0.0880141472335606	0.07307611600427534	-0.11011861248555208	0.0450769500062279	-0.050108899285738084	0.0735650222859603	-0.07445316627298339	0.044107820161655306	-0.03683014125277764	0.055423438615736426	-0.04412730130649867	0.054758603439419226	-0.03729972573387803	0.04675844635368459	-0.04053848979070332	0.05333008965503435	-0.03930952228267141	0.05770421339171782
-0.44596882901828144	0.9999999999999997	-0.7657592009929405	0.13255484403176243	-0.13039630846588612	0.24865106226174435	-0.2640728749403703	0.1774207282954298	-0.11017794932477937	0.08996593783471991	-0.157300014424807	0.1492230060144359	-0.12808475868564528	0.08901692983417563	-0.07977248017624156	0.1327861122385818	-0.13493530413731727	0.1362663477913992	-0.09290051988891813	0.08070126493203482	-0.08277964023400258	0.08574868269373787	-0.10722033136093426	0.09264999725581491	-0.06565961092052483	0.07842272233968968	-0.06529123792763876	0.07379425985278239	-0.062119445546460136	0.09395585163016995	-0.037462829874296506	0.04152718535544705	-0.06263846279489248	0.06310856158882154	-0.03837637662998025	0.031148990390656633	-0.047924146501433514	0.03816907619938632	-0.047645890561266446	0.03234273891850894	-0.03991328580576255	0.034964350449277794	-0.0465076454783565	0.03420888041690267	-0.05052882601632354
0.26296336758720346	-0.7657592009929405	0.9999999999999997	-0.21175873062864622	0.15315318494827995	-0.28437557655417933	0.23810939361400604	-0.24544582323015735	0.13543359187418655	-0.12148364320468195	0.1692724889626874	-0.17898984165643178	0.15700012984191108	-0.1142575050075281	0.10054329570271617	-0.1678896199039697	0.15974212704084592	-0.17664944230305987	0.11716507264605718	-0.10477123551486753	0.1027953172629913	-0.11046796889973054	0.13490971522928857	-0.12303577416444991	0.08608751713569679	-0.1017185423576167	0.08315201524796714	-0.09687244711785134	0.08139065712848943	-0.1253853398978136	0.04846590059727267	-0.053980096643252505	0.08130159779501997	-0.08321795665020042	0.05024583375887558	-0.04047531542389873	0.06227330760023148	-0.04988389267901885	0.06211943565840821	-0.04247002700502529	0.05172778224441096	-0.04552388608336142	0.06052244271821539	-0.04463106544895566	0.06581489320420847
-0.07272834474821871	0.13255484403176243	-0.21175873062864622	0.999999999999999	-0.6491565522620724	0.07403366747149659	-0.08718476827715826	0.08789592391122392	-0.6393719729153245	0.32903626412255815	-0.053527982635877144	0.057496829448850276	-0.060818633300816265	0.04499031219122373	-0.04386072778193639	0.05304397351733905	-0.055471201635663485	0.061403843690891906	-0.04517953077346306	0.04157626662618039	-0.03387598677742517	0.0362969059377887	-0.04742791899039063	0.04382860751236376	-0.03153599915836686	0.03330057425853734	-0.027826410863610797	0.033497411597768326	-0.02856422388868579	0.04396601677995307	-0.016700410024046434	0.018544852689760687	-0.02850286658092861	0.028902543919841397	-0.017723059890481712	0.014044846286514681	-0.021850432996053607	0.01748900814431864	-0.021870785755563414	0.014929614821086101	-0.01804885493481995	0.015943647275193793	-0.021316419311315796	0.015697147856230095	-0.02322844410871207
0.07323587680587546	-0.13039630846588612	0.15315318494827995	-0.6491565522620724	0.9999999999999999	-0.07835713971052531	0.08961813216729562	-0.09002577907506916	0.3326452631121606	-0.6505742028094201	0.05731114789952697	-0.06217639444949456	0.06361371097773297	-0.05148402809240627	0.05229322598176952	-0.05855734021458473	0.06051221421948984	-0.06854736751388721	0.05096704438282971	-0.04927500572887885	0.037540663233466776	-0.04054163653335217	0.05314803634126942	-0.05054432081689619	0.036414533368940405	-0.037261514753075535	0.031103963245133658	-0.038085327887810494	0.032583526736558434	-0.050577275395190795	0.018872000580643103	-0.020976423328621655	0.032364697842998724	-0.032960377219738296	0.020213890856925234	-0.01591485214526983	0.02481137253569592	-0.019901058140772244	0.024883656830133778	-0.01703707860900628	0.020455140559667788	-0.018111406447695648	0.024234317040188583	-0.017859713857712893	0.026427398591723397
-0.7394051985974792	0.24865106226174435	-0.28437557655417933	0.07403366747149659	-0.07835713971052531	1.0000000000000004	-0.2540895178610977	0.16708041056372375	-0.06581745861103404	0.05813663701968734	-0.4180252617750015	0.22615594025284685	-0.14500176145146623	0.09851966800084132	-0.08846185595866597	0.19565888250598798	-0.18850596178203144	0.15730798162734874	-0.1053335724009278	0.08910299783913511	-0.1171724976628309	0.11080745723965878	-0.13073611997684753	0.10313857887541213	-0.07338814119126084	0.10026676753452453	-0.08403833257364389	0.08526080749469479	-0.07107679077372435	0.10450542860221756	-0.044469790371147844	0.04903917435068535	-0.07246199863964417	0.07175876033933701	-0.0429687470766669	0.03615186983060202	-0.05452987523375326	0.043079842241678844	-0.0536518862540853	0.03619453558209887	-0.046131484748065	0.03976339620876253	-0.05239445016984342	0.03848027335848483	-0.0566347609646386
0.21026802057371444	-0.2640728749403703	0.23810939361400604	-0.08718476827715826	0.08961813216729562	-0.2540895178610977	1.0000000000000009	-0.5725219742425719	0.08412541432716562	-0.08071027576389268	0.2369871053297659	-0.34276796542446747	0.29332138212067727	-0.21369351673243409	0.17717147126621752	-0.24889971092818464	0.2649199025021812	-0.33206807870767047	0.20930133209809082	-0.18846183665192068	0.15646907805585858	-0.17050451891358437	0.2215831818461732	-0.21290501408608078	0.14913381185673621	-0.15663481419042063	0.12972048888672852	-0.16215108955458746	0.13723092257997124	-0.21516275379373823	0.078471199847107	-0.08756866380488904	0.13531098278658327	-0.13979711847760176	0.08413058777896873	-0.06614838316689539	0.1026456345698513	-0.08286318994677247	0.10320094009485828	-0.071203239026742	0.08470450036810137	-0.07511193988090785	0.10019193715700797	-0.07407000385833058	0.10923225021662283
-0.16925415012941625	0.1774207282954298	-0.24544582323015735	0.08789592391122392	-0.09002577907506916	0.16708041056372375	-0.5725219742425719	1.0000000000000009	-0.09649234761402364	0.08140151168167722	-0.19684652541412018	0.2386475313511753	-0.6092787963851914	0.22576239957820832	-0.2004717340150577	0.17649742621404005	-0.24340322015716478	0.262245909679935	-0.2222759083845224	0.16653519895571314	-0.11836051858066342	0.12287615313903358	-0.1809633675034265	0.15534461699338672	-0.11784386622625227	0.11030592129348207	-0.09618365270668074	0.11648158052587033	-0.1009516301728805	0.15070522510567425	-0.05748694350966654	0.06339535352622383	-0.10100449964220352	0.0992901306569738	-0.061266921195424755	0.048149401757719305	-0.07523301453799866	0.059995575218697	-0.07544534991179884	0.05126662781668272	-0.06222997061738857	0.05473781699300317	-0.07337379225797605	0.0539091511671642	-0.07998698743492709
0.06251553944936848	-0.11017794932477937	0.13543359187418655	-0.6393719729153245	0.3326452631121606	-0.06581745861103404	0.08412541432716562	-0.09649234761402364	1.0000000000000013	-0.6714484053183615	0.04990296375727681	-0.05485875715400327	0.06275978710725497	-0.04749622628486434	0.04790438223142606	-0.050008501274903853	0.0535620901680114	-0.060497091845075804	0.046163370976512595	-0.04376224282055367	0.03218421401164731	-0.03455786403196821	0.045956061752009066	-0.04333857746919258	0.03155233500857786	-0.03164818451861666	0.026559435683089813	-0.03245379987339349	0.0278539895360529	-0.04306873225431608	0.016047538047914867	-0.017818829875043872	0.02764930845995186	-0.02801961761472397	0.01717228489681346	-0.013509497395900764	0.021050556596444565	-0.016878839395075836	0.021117525649939673	-0.014460221386168972	0.017371512239951436	-0.015361636910115602	0.02055077603166318	-0.015143282920807109	0.022408343663999818
-0.05721106006292759	0.08996593783471991	-0.12148364320468195	0.32903626412255815	-0.6505742028094201	0.05813663701968734	-0.08071027576389268	0.08140151168167722	-0.6714484053183615	1.0000000000000016	-0.04669818310782693	0.051019709033121266	-0.05900805692231402	0.04786656650837605	-0.053604944520376736	0.046593893770794564	-0.0513577591734455	0.05750908567350208	-0.046364262211220274	0.04552070356984383	-0.030490844874232533	0.03266928910407467	-0.044595793041127894	0.042492868627034296	-0.0314668934231784	0.02986575717142599	-0.02529697697476311	0.03130116190814633	-0.027085394697856417	0.04187848612051534	-0.015473452100580916	0.017156076483291052	-0.026858626281611335	0.02708519411670164	-0.016727305511644478	0.013061998270377783	-0.02044994112386462	0.01638835491579601	-0.020545234143504277	0.01406067151481313	-0.016836727249785126	0.014910287842019537	-0.01999589471842953	0.014724747677564548	-0.021823493979473422
0.23669687835337183	-0.157300014424807	0.1692724889626874	-0.053527982635877144	0.05731114789952697	-0.4180252617750015	0.2369871053297659	-0.19684652541412018	0.04990296375727681	-0.04669818310782693	1.0000000000000033	-0.6069036015083371	0.19332146473261386	-0.1301381723920612	0.11175556808301738	-0.46029407143843154	0.2808547696914945	-0.21862511092783427	0.13575589621834425	-0.11436534615088931	0.19046156838626732	-0.1772674858198803	0.17446724345354342	-0.1333204033971781	0.09423887369433442	-0.15787550707043208	0.12517934564971045	-0.1132164810752433	0.09259586384331331	-0.1348168719159836	0.05962519915906348	-0.0659348370623187	0.09386374403180137	-0.09311464737195774	0.053426061463492394	-0.04698697328111568	0.06833890987288468	-0.05391347037381332	0.06657216698308592	-0.04519012434162055	0.059078774146255494	-0.05000802791156063	0.06470627763974696	-0.04767297336226106	0.06947058529950095
-0.2167404543041601	0.1492230060144359	-0.17898984165643178	0.057496829448850276	-0.06217639444949456	0.22615594025284685	-0.34276796542446747	0.2386475313511753	-0.05485875715400327	0.051019709033121266	-0.6069036015083371	1.0000000000000036	-0.32570004540402747	0.16272432419829477	-0.1396456282562774	0.2726942998522157	-0.4962764085165235	0.26021165397400475	-0.1698812740971128	0.13301531381642162	-0.16150641837108948	0.14913606858881356	-0.1824844268488674	0.14026508485343223	-0.10218457511517172	0.13301380837812576	-0.11298863494471872	0.1140385867436348	-0.09553954826433796	0.13906755944852242	-0.05836161548999153	0.06425842857652035	-0.09672862435231191	0.09482018997403058	-0.05585289539195485	0.04702665549625743	-0.07042345784176952	0.05573558367430672	-0.06936755978185086	0.04701463670093228	-0.059932417127042864	0.05137584239180022	-0.06742637832571316	0.04958850214659416	-0.07279518897984813
0.13533806563634915	-0.12808475868564528	0.15700012984191108	-0.060818633300816265	0.06361371097773297	-0.14500176145146623	0.29332138212067727	-0.6092787963851914	0.06275978710725497	-0.05900805692231402	0.19332146473261386	-0.32570004540402747	1.0000000000000027	-0.4256358710794105	0.22311276621832443	-0.18272798984104802	0.24729004999585108	-0.4035327899913749	0.2540978403301161	-0.20259281805919901	0.11733561092304624	-0.12441776593520176	0.18015638088505093	-0.16950734441104143	0.1273612004948571	-0.11091503894827448	0.09527073386780385	-0.11965895285384692	0.10373265345965582	-0.1601122773291577	0.05558876516039912	-0.061704598467883065	0.10040009145352889	-0.1007534955972555	0.05928556515148347	-0.046078875028376334	0.0708437971435103	-0.05736066585531096	0.07159914464023165	-0.049939914158685185	0.059045577579835036	-0.051814966611125904	0.06877596489674478	-0.050949115150036056	0.07490454396271344
-0.0980748379837768	0.08901692983417563	-0.1142575050075281	0.04499031219122373	-0.05148402809240627	0.09851966800084132	-0.21369351673243409	0.22576239957820832	-0.04749622628486434	0.04786656650837605	-0.1301381723920612	0.16272432419829477	-0.4256358710794105	1.000000000000002	-0.5857961193972026	0.12836903098326943	-0.18665777060588487	0.25215080101339604	-0.5424815828003949	0.29819739267070045	-0.09004417214309163	0.09622167585984691	-0.15759736150438125	0.17814120848697335	-0.15228904174879296	0.08521816117008707	-0.07638494167615913	0.10524901252289429	-0.09827775341905592	0.15430956285327438	-0.04736985583222091	0.052364142500515645	-0.09144085709659568	0.09011060485276219	-0.05414542662986014	0.039575171535615065	-0.06188728058485882	0.05055009440074314	-0.06361696936261595	0.04518943159787311	-0.05110423138774499	0.04520631421726172	-0.060493091476196144	0.04493634480850042	-0.066289596300936
0.08660655081989213	-0.07977248017624156	0.10054329570271617	-0.04386072778193639	0.05229322598176952	-0.08846185595866597	0.17717147126621752	-0.2004717340150577	0.04790438223142606	-0.053604944520376736	0.11175556808301738	-0.1396456282562774	0.22311276621832443	-0.5857961193972026	1.0000000000000027	-0.12014186566595872	0.1582360579160799	-0.22966330887940123	0.31596970898675153	-0.6339783318439691	0.08614793342199986	-0.09475785225729993	0.15805224093913345	-0.2326101003251722	0.20256104716450798	-0.08430891732151007	0.0759291355163263	-0.11699196327234185	0.11385276884475269	-0.19887221410246317	0.04900410771995369	-0.054462185891068465	0.09989464370113382	-0.10156837083330227	0.05976771581282386	-0.041050345251436006	0.06422934541581919	-0.053716510236174755	0.06733584745740089	-0.05022999926005665	0.05286716717333518	-0.047163069643138725	0.06296111760400518	-0.04732276092426853	0.06931411933086448
-0.19542628158514824	0.1327861122385818	-0.1678896199039697	0.05304397351733905	-0.05855734021458473	0.19565888250598798	-0.24889971092818464	0.17649742621404005	-0.050008501274903853	0.046593893770794564	-0.46029407143843154	0.2726942998522157	-0.18272798984104802	0.12836903098326943	-0.12014186566595872	1.0000000000000033	-0.433568956624495	0.23076417264307839	-0.14961994616549212	0.12118005513775043	-0.5257790945863743	0.25767964060834847	-0.2613202673665328	0.14885537871269972	-0.10672417046471895	0.22330273940436568	-0.20329294871540413	0.14148547504157732	-0.1142222486762024	0.15149981768322562	-0.0811865210611412	0.08721482276126814	-0.12060015929894888	0.11256433562814162	-0.06389624223681857	0.06090322966339884	-0.08609986375170613	0.06595830564787372	-0.0814695164230242	0.053764442276586374	-0.07688110122976885	0.06258080745336575	-0.07979736561816017	0.058247792482277516	-0.08465043974033742
0.1659502213692267	-0.13493530413731727	0.15974212704084592	-0.055471201635663485	0.06051221421948984	-0.18850596178203144	0.2649199025021812	-0.24340322015716478	0.0535620901680114	-0.0513577591734455	0.2808547696914945	-0.4962764085165235	0.24729004999585108	-0.18665777060588487	0.1582360579160799	-0.433568956624495	1.0000000000000033	-0.5235480994661518	0.21016389173734262	-0.17094656258073362	0.20750814687782182	-0.21523927496834708	0.23398053301190383	-0.18644471319233907	0.13235350247249494	-0.1903815211478314	0.15134891768650677	-0.15207859462990103	0.12492795898071282	-0.1845416058050321	0.07579760329494985	-0.08435512131523512	0.12451127704521102	-0.12466756236479318	0.0707060781321483	-0.06041504866838038	0.08851089766404827	-0.0706150751496036	0.08717970389426648	-0.0598738899987385	0.07600378653597661	-0.06489904495335687	0.0841930380384486	-0.06226583695940876	0.09065141868473905
-0.15923578243045788	0.1362663477913992	-0.17664944230305987	0.061403843690891906	-0.06854736751388721	0.15730798162734874	-0.33206807870767047	0.262245909679935	-0.060497091845075804	0.05750908567350208	-0.21862511092783427	0.26021165397400475	-0.4035327899913749	0.25215080101339604	-0.22966330887940123	0.23076417264307839	-0.5235480994661518	1.0000000000000018	-0.4280161672882684	0.22210179404827873	-0.1637401290814845	0.1716556779377344	-0.3262613530686754	0.20466689630312804	-0.15736599485515362	0.1458682245706138	-0.1327814471306237	0.16273092535822198	-0.13795024768662642	0.19314627764230394	-0.07452001006089963	0.08207644826353533	-0.13750602534589568	0.13094747098595497	-0.07656052642689325	0.061083035315218595	-0.09373247200002528	0.07497592827929529	-0.09409104756525191	0.06398966533014615	-0.07866156067352398	0.06825224333274041	-0.09060450091511732	0.06669703112441122	-0.09837577909251498
0.10308802436427812	-0.09290051988891813	0.11716507264605718	-0.04517953077346306	0.05096704438282971	-0.1053335724009278	0.20930133209809082	-0.2222759083845224	0.046163370976512595	-0.046364262211220274	0.13575589621834425	-0.1698812740971128	0.2540978403301161	-0.5424815828003949	0.31596970898675153	-0.14961994616549212	0.21016389173734262	-0.4280161672882684	1.0000000000000027	-0.5170649839835465	0.10577817166092177	-0.11645740415015154	0.19451838095317128	-0.27879953507380334	0.2096685491918843	-0.10260434596345233	0.09193492387152395	-0.13662115767531346	0.12958022695982568	-0.21213530559255322	0.057540048009733634	-0.06394003719154201	0.1154362560711258	-0.11654851502313156	0.06747025000287345	-0.047935611734073985	0.0745259709745904	-0.061877567979532304	0.07752289196577741	-0.05664578844272486	0.06164183402161655	-0.05466271966177859	0.07279346303084658	-0.0545044070521156	0.07986344306089789
-0.0904091294074941	0.08070126493203482	-0.10477123551486753	0.04157626662618039	-0.04927500572887885	0.08910299783913511	-0.18846183665192068	0.16653519895571314	-0.04376224282055367	0.04552070356984383	-0.11436534615088931	0.13301531381642162	-0.20259281805919901	0.29819739267070045	-0.6339783318439691	0.12118005513775043	-0.17094656258073362	0.22210179404827873	-0.5170649839835465	1.0000000000000027	-0.0912929853971989	0.09953609649369162	-0.18034677083007272	0.2496233013317987	-0.3593758902250059	0.08773512440477117	-0.08157156201918761	0.12548059639525103	-0.1297236357882972	0.21330400923871642	-0.05401936159947517	0.059570674682826515	-0.11262121635938299	0.10923966098064447	-0.06776013773228605	0.04537133400004047	-0.07196185171610367	0.059693188947044416	-0.07575453871884912	0.055693440469008676	-0.058887903051333165	0.05259642882142068	-0.07083968846228308	0.05298534145033769	-0.07829642104147572
0.11003316664494804	-0.08277964023400258	0.1027953172629913	-0.03387598677742517	0.037540663233466776	-0.1171724976628309	0.15646907805585858	-0.11836051858066342	0.03218421401164731	-0.030490844874232533	0.19046156838626732	-0.16150641837108948	0.11733561092304624	-0.09004417214309163	0.08614793342199986	-0.5257790945863743	0.20750814687782182	-0.1637401290814845	0.10577817166092177	-0.0912929853971989	1.0000000000000033	-0.5815814994699802	0.2317218501177603	-0.1297171882117573	0.08941398941015904	-0.4484567520667686	0.28523865047097413	-0.13912208260309147	0.10356314016779575	-0.13475192959288715	0.08780460333090478	-0.09543562728747301	0.10819440437729111	-0.10332621426891932	0.05324588637037977	-0.06001724977260606	0.07552012618777532	-0.05677077331440905	0.06829019277729763	-0.04535839254821013	0.07156450147462401	-0.05540247862818002	0.06668626783326073	-0.048957864708224066	0.06917452826033493
-0.11360480136659282	0.08574868269373787	-0.11046796889973054	0.0362969059377887	-0.04054163653335217	0.11080745723965878	-0.17050451891358437	0.12287615313903358	-0.03455786403196821	0.03266928910407467	-0.1772674858198803	0.14913606858881356	-0.12441776593520176	0.09622167585984691	-0.09475785225729993	0.25767964060834847	-0.21523927496834708	0.1716556779377344	-0.11645740415015154	0.09953609649369162	-0.5815814994699802	1.000000000000002	-0.41292071085313176	0.14660392192702063	-0.10205706498929222	0.31218596337639165	-0.513927642978283	0.17281980313998557	-0.12663662194514438	0.15143195774261825	-0.09819358693793656	0.107036991168924	-0.1324102791211137	0.12088020013128584	-0.060747726257015654	0.06677555081538826	-0.08645519677156997	0.06477443046045596	-0.07836942435540614	0.05152869216458295	-0.08196852687325559	0.0629130989696072	-0.07617151728459234	0.055737021970998404	-0.07894290127842774
0.127103616475828	-0.10722033136093426	0.13490971522928857	-0.04742791899039063	0.05314803634126942	-0.13073611997684753	0.2215831818461732	-0.1809633675034265	0.045956061752009066	-0.044595793041127894	0.17446724345354342	-0.1824844268488674	0.18015638088505093	-0.15759736150438125	0.15805224093913345	-0.2613202673665328	0.23398053301190383	-0.3262613530686754	0.19451838095317128	-0.18034677083007272	0.2317218501177603	-0.41292071085313176	1.0000000000000024	-0.33726977915575757	0.20839735193847028	-0.24042063398521238	0.22272712432131314	-0.44795997174954794	0.2542374811416481	-0.33272879262804733	0.11002045574151623	-0.12684313750730267	0.23373213023958653	-0.2436862730815338	0.10555271949155802	-0.08658465206082555	0.1234443119932996	-0.1049345536846383	0.12714001814285505	-0.09084749536742526	0.10724236365020019	-0.09176803092668921	0.11636940218891556	-0.08806376223514974	0.12471139630463918
-0.1079739618348731	0.09264999725581491	-0.12303577416444991	0.04382860751236376	-0.05054432081689619	0.10313857887541213	-0.21290501408608078	0.15534461699338672	-0.04333857746919258	0.042492868627034296	-0.1333204033971781	0.14026508485343223	-0.16950734441104143	0.17814120848697335	-0.2326101003251722	0.14885537871269972	-0.18644471319233907	0.20466689630312804	-0.27879953507380334	0.2496233013317987	-0.1297171882117573	0.14660392192702063	-0.33726977915575757	1.0000000000000027	-0.6644631962679709	0.1252629928861627	-0.1255670063453057	0.22084521180983088	-0.2960877578635567	0.3201240931809207	-0.0881079917911209	0.09654757262928539	-0.20991578793344517	0.19171059360911755	-0.11151509730904453	0.07335048008748567	-0.11742037080889846	0.09778615348770818	-0.12632071231170647	0.08934294501004297	-0.09586097137474489	0.08541950071732422	-0.11566268076184462	0.08617365032447381	-0.12796019149279503
0.07557253071957279	-0.06565961092052483	0.08608751713569679	-0.03153599915836686	0.036414533368940405	-0.07338814119126084	0.14913381185673621	-0.11784386622625227	0.03155233500857786	-0.0314668934231784	0.09423887369433442	-0.10218457511517172	0.1273612004948571	-0.15228904174879296	0.20256104716450798	-0.10672417046471895	0.13235350247249494	-0.15736599485515362	0.2096685491918843	-0.3593758902250059	0.08941398941015904	-0.10205706498929222	0.20839735193847028	-0.6644631962679709	1.000000000000004	-0.08912430274315152	0.08699295422793707	-0.1758255441657889	0.21073851185737727	-0.5384717533745829	0.0619056408292611	-0.06870040284424105	0.15030892362982334	-0.15418763127843452	0.09228030288766961	-0.0516665407743652	0.08195856379625094	-0.07156780783712777	0.09067872763077457	-0.07645782162480935	0.0668407124531443	-0.060449614817117324	0.08103074233301759	-0.06231066646504134	0.09070334004809003
-0.1037805222977481	0.07842272233968968	-0.1017185423576167	0.03330057425853734	-0.037261514753075535	0.10026676753452453	-0.15663481419042063	0.11030592129348207	-0.03164818451861666	0.02986575717142599	-0.15787550707043208	0.13301380837812576	-0.11091503894827448	0.08521816117008707	-0.08430891732151007	0.22330273940436568	-0.1903815211478314	0.1458682245706138	-0.10260434596345233	0.08773512440477117	-0.4484567520667686	0.31218596337639165	-0.24042063398521238	0.1252629928861627	-0.08912430274315152	1.0000000000000053	-0.7351605085377004	0.1521936781264851	-0.11505527592157551	0.13275565889956062	-0.15698466632149602	0.14631255696509685	-0.1292710499184809	0.11343297337458481	-0.058387954655340475	0.08707683115267	-0.09733094641707019	0.06671375121219157	-0.07871863124562128	0.049724633718708826	-0.10205173588696886	0.07047081733998237	-0.07934194756803094	0.05715204266574195	-0.07893719218395295
0.0835786240924126	-0.06529123792763876	0.08315201524796714	-0.027826410863610797	0.031103963245133658	-0.08403833257364389	0.12972048888672852	-0.09618365270668074	0.026559435683089813	-0.02529697697476311	0.12517934564971045	-0.11298863494471872	0.09527073386780385	-0.07638494167615913	0.0759291355163263	-0.20329294871540413	0.15134891768650677	-0.1327814471306237	0.09193492387152395	-0.08157156201918761	0.28523865047097413	-0.513927642978283	0.22272712432131314	-0.1255670063453057	0.08699295422793707	-0.7351605085377004	1.0000000000000024	-0.17756459807404484	0.11666486153422219	-0.13495782941752182	0.1296187021472711	-0.15740873847611825	0.12505907356349966	-0.11498067435296942	0.05428662433170719	-0.07904630966234905	0.08817542492503035	-0.06194889216924972	0.07222354821918663	-0.04660919261248845	0.09020193471408024	-0.06452671495614543	0.07151504175466641	-0.05219945091778734	0.07122837319959478
-0.0880141472335606	0.07379425985278239	-0.09687244711785134	0.033497411597768326	-0.038085327887810494	0.08526080749469479	-0.16215108955458746	0.11648158052587033	-0.03245379987339349	0.03130116190814633	-0.1132164810752433	0.1140385867436348	-0.11965895285384692	0.10524901252289429	-0.11699196327234185	0.14148547504157732	-0.15207859462990103	0.16273092535822198	-0.13662115767531346	0.12548059639525103	-0.13912208260309147	0.17281980313998557	-0.44795997174954794	0.22084521180983088	-0.1758255441657889	0.1521936781264851	-0.17756459807404484	1.0000000000000007	-0.5957205338725208	0.26270195524622364	-0.10945849581574234	0.1236570927109273	-0.4758253665541998	0.3063562488586398	-0.0955888254001907	0.08040729167408317	-0.11503052046475433	0.09991032244889528	-0.12455724454318454	0.07945070428590029	-0.10183311025109905	0.0842302969018378	-0.10640752397419519	0.07965487693336115	-0.11217099712356413
0.07307611600427534	-0.062119445546460136	0.08139065712848943	-0.02856422388868579	0.032583526736558434	-0.07107679077372435	0.13723092257997124	-0.1009516301728805	0.0278539895360529	-0.027085394697856417	0.09259586384331331	-0.09553954826433796	0.10373265345965582	-0.09827775341905592	0.11385276884475269	-0.1142222486762024	0.12492795898071282	-0.13795024768662642	0.12958022695982568	-0.1297236357882972	0.10356314016779575	-0.12663662194514438	0.2542374811416481	-0.2960877578635567	0.21073851185737727	-0.11505527592157551	0.11666486153422219	-0.5957205338725208	1.0000000000000002	-0.44345436101900704	0.08629048431557947	-0.09913541159379217	0.30512036669406345	-0.4941426901244138	0.09633556013264141	-0.06700008951940782	0.0991177205889499	-0.09459782690913754	0.11802420894490775	-0.08144876405378434	0.08454015865477035	-0.07372068091048894	0.09435286884248245	-0.07274896789219021	0.10094120414231819
-0.11011861248555208	0.09395585163016995	-0.1253853398978136	0.04396601677995307	-0.050577275395190795	0.10450542860221756	-0.21516275379373823	0.15070522510567425	-0.04306873225431608	0.04187848612051534	-0.1348168719159836	0.13906755944852242	-0.1601122773291577	0.15430956285327438	-0.19887221410246317	0.15149981768322562	-0.1845416058050321	0.19314627764230394	-0.21213530559255322	0.21330400923871642	-0.13475192959288715	0.15143195774261825	-0.33272879262804733	0.3201240931809207	-0.5384717533745829	0.13275565889956062	-0.13495782941752182	0.26270195524622364	-0.44345436101900704	1.0000000000000002	-0.10135423399729349	0.11118606956438934	-0.25700902037362355	0.23518105992404062	-0.1844020035978348	0.08501237595847527	-0.1379934516918516	0.11991460234030352	-0.1560908266936151	0.13402714717297556	-0.11101621358518346	0.10133694519264282	-0.13791956466129401	0.10611738014806826	-0.1572642451885713
0.0450769500062279	-0.037462829874296506	0.04846590059727267	-0.016700410024046434	0.018872000580643103	-0.044469790371147844	0.078471199847107	-0.05748694350966654	0.016047538047914867	-0.015473452100580916	0.05962519915906348	-0.05836161548999153	0.05558876516039912	-0.04736985583222091	0.04900410771995369	-0.0811865210611412	0.07579760329494985	-0.07452001006089963	0.057540048009733634	-0.05401936159947517	0.08780460333090478	-0.09819358693793656	0.11002045574151623	-0.0881079917911209	0.0619056408292611	-0.15698466632149602	0.1296187021472711	-0.10945849581574234	0.08629048431557947	-0.10135423399729349	1.0000000000000013	-0.8023971379254458	0.14108095943266133	-0.1252347410114503	0.05963743511539773	-0.4247111951369241	0.19730647022746833	-0.10099241973960543	0.09805089170482972	-0.0542331492588334	0.26132182425897227	-0.15076399821847816	0.11432505770897561	-0.08077524485150903	0.09157602274117249
-0.050108899285738084	0.04152718535544705	-0.053980096643252505	0.018544852689760687	-0.020976423328621655	0.04903917435068535	-0.08756866380488904	0.06339535352622383	-0.017818829875043872	0.017156076483291052	-0.0659348370623187	0.06425842857652035	-0.061704598467883065	0.052364142500515645	-0.054462185891068465	0.08721482276126814	-0.08435512131523512	0.08207644826353533	-0.06394003719154201	0.059570674682826515	-0.09543562728747301	0.107036991168924	-0.12684313750730267	0.09654757262928539	-0.06870040284424105	0.14631255696509685	-0.15740873847611825	0.1236570927109273	-0.09913541159379217	0.11118606956438934	-0.8023971379254458	1.0000000000000009	-0.19992668060867966	0.14135122136998612	-0.06935484156450537	0.26986295407154764	-0.273026851542325	0.11598041445655426	-0.11740117814620052	0.06234266043253344	-0.3250152604303862	0.1684249985612667	-0.13723848951041392	0.09253959006458726	-0.10829541863669001
0.0735650222859603	-0.06263846279489248	0.08130159779501997	-0.02850286658092861	0.032364697842998724	-0.07246199863964417	0.13531098278658327	-0.10100449964220352	0.02764930845995186	-0.026858626281611335	0.09386374403180137	-0.09672862435231191	0.10040009145352889	-0.09144085709659568	0.09989464370113382	-0.12060015929894888	0.12451127704521102	-0.13750602534589568	0.1154362560711258	-0.11262121635938299	0.10819440437729111	-0.1324102791211137	0.23373213023958653	-0.20991578793344517	0.15030892362982334	-0.1292710499184809	0.12505907356349966	-0.4758253665541998	0.30512036669406345	-0.25700902037362355	0.14108095943266133	-0.19992668060867966	1.0000000000000002	-0.7113482810707562	0.096157589783745	-0.09972099312281771	0.12884125892236495	-0.12931997820028635	0.14704506490356828	-0.08476164971411917	0.1183411047226664	-0.09701550477500462	0.11352999401959928	-0.0872628923231922	0.11344321364344448
-0.07445316627298339	0.06310856158882154	-0.08321795665020042	0.028902543919841397	-0.032960377219738296	0.07175876033933701	-0.13979711847760176	0.0992901306569738	-0.02801961761472397	0.02708519411670164	-0.09311464737195774	0.09482018997403058	-0.1007534955972555	0.09011060485276219	-0.10156837083330227	0.11256433562814162	-0.12466756236479318	0.13094747098595497	-0.11654851502313156	0.10923966098064447	-0.10332621426891932	0.12088020013128584	-0.2436862730815338	0.19171059360911755	-0.15418763127843452	0.11343297337458481	-0.11498067435296942	0.3063562488586398	-0.4941426901244138	0.23518105992404062	-0.1252347410114503	0.14135122136998612	-0.7113482810707562	1.0000000000000018	-0.10568642462588602	0.09053537364183324	-0.13087782204560097	0.1330355184802292	-0.18474877757555364	0.08960725865157713	-0.1145953624951686	0.09650270033804181	-0.12084807084098645	0.09192533506419415	-0.12300944739512512
0.044107820161655306	-0.03837637662998025	0.05024583375887558	-0.017723059890481712	0.020213890856925234	-0.0429687470766669	0.08413058777896873	-0.061266921195424755	0.01717228489681346	-0.016727305511644478	0.053426061463492394	-0.05585289539195485	0.05928556515148347	-0.05414542662986014	0.05976771581282386	-0.06389624223681857	0.0707060781321483	-0.07656052642689325	0.06747025000287345	-0.06776013773228605	0.05324588637037977	-0.060747726257015654	0.10555271949155802	-0.11151509730904453	0.09228030288766961	-0.058387954655340475	0.05428662433170719	-0.0955888254001907	0.09633556013264141	-0.1844020035978348	0.05963743511539773	-0.06935484156450537	0.096157589783745	-0.10568642462588602	0.9999999999999997	-0.06291197153815917	0.11237621115227846	-0.16756448792927953	0.18655009092155303	-0.8858421946039943	0.07710642194687937	-0.10101934946191168	0.13251589457040905	-0.16277711492142036	0.20195667264203726
-0.03683014125277764	0.031148990390656633	-0.04047531542389873	0.014044846286514681	-0.01591485214526983	0.03615186983060202	-0.06614838316689539	0.048149401757719305	-0.013509497395900764	0.013061998270377783	-0.04698697328111568	0.04702665549625743	-0.046078875028376334	0.039575171535615065	-0.041050345251436006	0.06090322966339884	-0.06041504866838038	0.061083035315218595	-0.047935611734073985	0.04537133400004047	-0.06001724977260606	0.06677555081538826	-0.08658465206082555	0.07335048008748567	-0.0516665407743652	0.08707683115267	-0.07904630966234905	0.08040729167408317	-0.06700008951940782	0.08501237595847527	-0.4247111951369241	0.26986295407154764	-0.09972099312281771	0.09053537364183324	-0.06291197153815917	1.0000000000000002	-0.3143753354091054	0.11896866222702224	-0.11193921115801858	0.058057405144277756	-0.7738102092660473	0.2131932477768243	-0.1499321756365546	0.09725874967141179	-0.10608425063711009
0.055423438615736426	-0.047924146501433514	0.06227330760023148	-0.021850432996053607	0.02481137253569592	-0.05452987523375326	0.1026456345698513	-0.07523301453799866	0.021050556596444565	-0.02044994112386462	0.06833890987288468	-0.07042345784176952	0.0708437971435103	-0.06188728058485882	0.06422934541581919	-0.08609986375170613	0.08851089766404827	-0.09373247200002528	0.0745259709745904	-0.07196185171610367	0.07552012618777532	-0.08645519677156997	0.1234443119932996	-0.11742037080889846	0.08195856379625094	-0.09733094641707019	0.08817542492503035	-0.11503052046475433	0.0991177205889499	-0.1379934516918516	0.19730647022746833	-0.273026851542325	0.12884125892236495	-0.13087782204560097	0.11237621115227846	-0.3143753354091054	1.0000000000000002	-0.3195263229846992	0.21912999266935848	-0.10987583953859592	0.2660022868090901	-0.6599610079064602	0.28752204454076513	-0.20561085071394483	0.18942647600757279
-0.04412730130649867	0.03816907619938632	-0.04988389267901885	0.01748900814431864	-0.019901058140772244	0.043079842241678844	-0.08286318994677247	0.059995575218697	-0.016878839395075836	0.01638835491579601	-0.05391347037381332	0.05573558367430672	-0.05736066585531096	0.05055009440074314	-0.053716510236174755	0.06595830564787372	-0.0706150751496036	0.07497592827929529	-0.061877567979532304	0.059693188947044416	-0.05677077331440905	0.06477443046045596	-0.1049345536846383	0.09778615348770818	-0.07156780783712777	0.06671375121219157	-0.06194889216924972	0.09991032244889528	-0.09459782690913754	0.11991460234030352	-0.10099241973960543	0.11598041445655426	-0.12931997820028635	0.1330355184802292	-0.16756448792927953	0.11896866222702224	-0.3195263229846992	0.9999999999999988	-0.777980805492246	0.16030722153943783	-0.14433711841549612	0.2186689866012168	-0.3643107871641429	0.2101904893935224	-0.22020561967761718
0.054758603439419226	-0.047645890561266446	0.06211943565840821	-0.021870785755563414	0.024883656830133778	-0.0536518862540853	0.10320094009485828	-0.07544534991179884	0.021117525649939673	-0.020545234143504277	0.06657216698308592	-0.06936755978185086	0.07159914464023165	-0.06361696936261595	0.06733584745740089	-0.0814695164230242	0.08717970389426648	-0.09409104756525191	0.07752289196577741	-0.07575453871884912	0.06829019277729763	-0.07836942435540614	0.12714001814285505	-0.12632071231170647	0.09067872763077457	-0.07871863124562128	0.07222354821918663	-0.12455724454318454	0.11802420894490775	-0.1560908266936151	0.09805089170482972	-0.11740117814620052	0.14704506490356828	-0.18474877757555364	0.18655009092155303	-0.11193921115801858	0.21912999266935848	-0.777980805492246	0.9999999999999989	-0.2342407352652411	0.1302455444685612	-0.19395209983558329	0.24731710638795049	-0.24632289907787325	0.21472975139499823
-0.03729972573387803	0.03234273891850894	-0.04247002700502529	0.014929614821086101	-0.01703707860900628	0.03619453558209887	-0.071203239026742	0.05126662781668272	-0.014460221386168972	0.01406067151481313	-0.04519012434162055	0.04701463670093228	-0.049939914158685185	0.04518943159787311	-0.05022999926005665	0.053764442276586374	-0.0598738899987385	0.06398966533014615	-0.05664578844272486	0.055693440469008676	-0.04535839254821013	0.05152869216458295	-0.09084749536742526	0.08934294501004297	-0.07645782162480935	0.049724633718708826	-0.04660919261248845	0.07945070428590029	-0.08144876405378434	0.13402714717297556	-0.0542331492588334	0.06234266043253344	-0.08476164971411917	0.08960725865157713	-0.8858421946039943	0.058057405144277756	-0.10987583953859592	0.16030722153943783	-0.2342407352652411	0.9999999999999992	-0.0721894965671338	0.09610062100222226	-0.13609532134753988	0.16109777556415517	-0.2686872751329966
0.04675844635368459	-0.03991328580576255	0.05172778224441096	-0.01804885493481995	0.020455140559667788	-0.046131484748065	0.08470450036810137	-0.06222997061738857	0.017371512239951436	-0.016836727249785126	0.059078774146255494	-0.059932417127042864	0.059045577579835036	-0.05110423138774499	0.05286716717333518	-0.07688110122976885	0.07600378653597661	-0.07866156067352398	0.06164183402161655	-0.058887903051333165	0.07156450147462401	-0.08196852687325559	0.10724236365020019	-0.09586097137474489	0.0668407124531443	-0.10205173588696886	0.09020193471408024	-0.10183311025109905	0.08454015865477035	-0.11101621358518346	0.26132182425897227	-0.3250152604303862	0.1183411047226664	-0.1145953624951686	0.07710642194687937	-0.7738102092660473	0.2660022868090901	-0.14433711841549612	0.1302455444685612	-0.0721894965671338	0.9999999999999993	-0.3184755210457638	0.17756955822439252	-0.12433712406268563	0.1279371441097244
-0.04053848979070332	0.034964350449277794	-0.04552388608336142	0.015943647275193793	-0.018111406447695648	0.03976339620876253	-0.07511193988090785	0.05473781699300317	-0.015361636910115602	0.014910287842019537	-0.05000802791156063	0.05137584239180022	-0.051814966611125904	0.04520631421726172	-0.047163069643138725	0.06258080745336575	-0.06489904495335687	0.06825224333274041	-0.05466271966177859	0.05259642882142068	-0.05540247862818002	0.0629130989696072	-0.09176803092668921	0.08541950071732422	-0.060449614817117324	0.07047081733998237	-0.06452671495614543	0.0842302969018378	-0.07372068091048894	0.10133694519264282	-0.15076399821847816	0.1684249985612667	-0.09701550477500462	0.09650270033804181	-0.10101934946191168	0.2131932477768243	-0.6599610079064602	0.2186689866012168	-0.19395209983558329	0.09610062100222226	-0.3184755210457638	0.9999999999999999	-0.5345123589143514	0.20894408543700568	-0.21095604372918147
0.05333008965503435	-0.0465076454783565	0.06052244271821539	-0.021316419311315796	0.024234317040188583	-0.05239445016984342	0.10019193715700797	-0.07337379225797605	0.02055077603166318	-0.01999589471842953	0.06470627763974696	-0.06742637832571316	0.06877596489674478	-0.060493091476196144	0.06296111760400518	-0.07979736561816017	0.0841930380384486	-0.09060450091511732	0.07279346303084658	-0.07083968846228308	0.06668626783326073	-0.07617151728459234	0.11636940218891556	-0.11566268076184462	0.08103074233301759	-0.07934194756803094	0.07151504175466641	-0.10640752397419519	0.09435286884248245	-0.13791956466129401	0.11432505770897561	-0.13723848951041392	0.11352999401959928	-0.12084807084098645	0.13251589457040905	-0.1499321756365546	0.28752204454076513	-0.3643107871641429	0.24731710638795049	-0.13609532134753988	0.17756955822439252	-0.5345123589143514	0.9999999999999998	-0.5064879336696431	0.28050544899477986
