1.0000000000000002	-0.723695736192628	0.14955477182089583	-0.10125906822090144	0.045619318301319975	-0.5122601824274522	0.3132105864465066	-0.14570327271195985	0.09742792876696704	-0.0391367922306377	0.24789675648363657	-0.2342011803017625	0.1347632644659469	-0.09959871787558401	0.11326695876829257	-0.05857193147488674	0.08710168221995415	-0.09860176310712702	0.09366562191513633	-0.10176707496555525	0.05268767999786092	-0.07544632490737424	0.07697543122284171	-0.09022541423306149	0.06672695527658526	-0.043128894214344855	0.05348076872674272	-0.05077178245788263	0.0655516201185913	-0.06432443937619682	0.04092632146679552	-0.03862700786639758	0.05113996745213914	-0.050837178750880486	0.05351099730773616
-0.723695736192628	1.0	-0.1895695597308732	0.10786908662083003	-0.043944220886653056	0.3023798968209592	-0.5390693312161154	0.1699411640819779	-0.11125974178077425	0.037622136611153316	-0.2503996898093277	0.1912173445733739	-0.1360106173787639	0.09568229486370279	-0.10877638662299251	0.052803443893568155	-0.08154916743123826	0.09184762488362937	-0.08977426032018285	0.09173840149008365	-0.04843613355715881	0.06907421331895779	-0.07204840326917944	0.08318205138282382	-0.061281341650991625	0.03944368663590408	-0.049333542507507294	0.046752469580612785	-0.06059811365478579	0.05851556930264912	-0.03765078872356367	0.03546028959897414	-0.04724218386582818	0.04651336983988335	-0.04921675480952668
0.14955477182089583	-0.1895695597308732	1.0	-0.40285793465227016	0.08232307324144297	-0.16845724010618887	0.23162139645486157	-0.7030506498162662	0.2830053835580568	-0.07260770694540501	0.1856401633906982	-0.24442348559967292	0.2456953932465518	-0.18806377724208723	0.1863119587931056	-0.08488527970312348	0.13360926096308348	-0.16961564290571643	0.1593767272781922	-0.16697695918262195	0.07675101351603182	-0.11965284471221942	0.12223218590624367	-0.15111851045205968	0.10772128853783809	-0.06670914071112308	0.08324548170049402	-0.08045924311285692	0.10514686781204638	-0.10414874739414477	0.06326430347290916	-0.060385749117089695	0.08013627589337338	-0.08195529492780493	0.08548230263179932
-0.10125906822090144	0.10786908662083003	-0.40285793465227016	1.0000000000000004	-0.09686280269006552	0.1044553651172219	-0.15899520321831784	0.27520888895246226	-0.8253856318594022	0.0802247486815564	-0.13712479423798424	0.15435962509829243	-0.1857207466886034	0.16221929834384538	-0.17151900932925915	0.05910200123827579	-0.09800339124632265	0.11532880852347496	-0.13959822728799165	0.12027440057199276	-0.0552685746253071	0.08491577019247405	-0.09192481928571787	0.11298581465246312	-0.08121589429500772	0.048393280974401404	-0.061778625769731775	0.05958234918861865	-0.0798044945071144	0.07595571946653014	-0.04668928873646218	0.04435317309329165	-0.059969180334674174	0.06042819990718136	-0.06424671988321153
0.045619318301319975	-0.043944220886653056	0.08232307324144297	-0.09686280269006552	1.0000000000000007	-0.04550747025034984	0.06064771054724083	-0.0690344457792099	0.081936552240665	-0.9284668657489883	0.07037648271052978	-0.09084894588495257	0.09408948870981611	-0.12039045615974091	0.21412716801791676	-0.04414223232002273	0.062885823222012	-0.07414879816897409	0.09676716937583744	-0.13922733503942622	0.0406027751444864	-0.06203066735539261	0.06605931106802013	-0.09518292069509819	0.07591409534576933	-0.03837724883480049	0.04850668638413539	-0.04796460186237421	0.06628281252429077	-0.07200600311703458	0.036854514342111025	-0.035502227598375756	0.047738525003682475	-0.0533210895833089	0.05599874833767143
-0.5122601824274522	0.3023798968209592	-0.16845724010618887	0.1044553651172219	-0.04550747025034984	1.0000000000000009	-0.54296473797568	0.1646035650697097	-0.10583128181165295	0.03905282846908426	-0.5395249134788118	0.24572981735691077	-0.14702648925378994	0.10174589799751506	-0.11392425946721109	0.05910922188322841	-0.09075976055092089	0.10068989717634114	-0.0952148568724876	0.0981134663274767	-0.05366228006082118	0.07567901691067809	-0.07796369613336473	0.08927169752637086	-0.0652740867529675	0.042645794025866386	-0.05306769085616134	0.05021760144670178	-0.06469017213444153	0.06258755244215437	-0.040540764843104066	0.03814911949708	-0.05063707290223973	0.04976193313722637	-0.0524496019908072
0.3132105864465066	-0.5390693312161154	0.23162139645486157	-0.15899520321831784	0.06064771054724083	-0.54296473797568	1.0000000000000009	-0.3276484768232865	0.15327289308904243	-0.05242781799588901	0.27845443080373095	-0.29554445862064804	0.18839837477722382	-0.13728531540707847	0.14880747443895828	-0.07491858683430551	0.11438194093245946	-0.13318200580728964	0.12486041037985963	-0.13347162080603162	0.06738635008725784	-0.09913706938824358	0.10098699875090547	-0.1194844453341962	0.0872501250741079	-0.05592418731386752	0.06945919733600436	-0.0662429959097745	0.08569470977497508	-0.0841790387199763	0.0530332559947191	-0.05020532734102725	0.06649560522118128	-0.06650548000477152	0.06980098930219825
-0.14570327271195985	0.1699411640819779	-0.7030506498162662	0.27520888895246226	-0.0690344457792099	0.1646035650697097	-0.3276484768232865	0.9999999999999998	-0.38922862967088295	0.06052382336633915	-0.18325645125151302	0.2135977929802158	-0.3371724988979092	0.17599722765780346	-0.16595633867885848	0.06955432738331371	-0.12370162386389905	0.15342825555891768	-0.14679126930199082	0.13206063405638002	-0.0639499640442301	0.10199976963346791	-0.10708021666280981	0.12649099520532398	-0.08801699998113302	0.0547063375383737	-0.06915579531954115	0.06674230398143419	-0.08738818321047624	0.0838540834011488	-0.05217104279430002	0.049706355528940614	-0.06653514493307099	0.06678564743205737	-0.0699578113746634
0.09742792876696704	-0.11125974178077425	0.2830053835580568	-0.8253856318594022	0.081936552240665	-0.10583128181165295	0.15327289308904243	-0.38922862967088295	1.0000000000000002	-0.07414032663302848	0.12948427560278966	-0.1609914960613057	0.18371595170130578	-0.1904306981952256	0.15862610134659022	-0.05942227510829524	0.09708117932171557	-0.11967137602027465	0.13724226964448544	-0.123174658280979	0.054658267274333726	-0.08620195069489273	0.09092006979870598	-0.11637607071482894	0.08082096353113331	-0.048196677283357865	0.06099650615823296	-0.05933379752450169	0.07911411878289963	-0.07681101931006919	0.04609745349889763	-0.04405682346683544	0.059108211762974566	-0.060762681139998345	0.06367241964802253
-0.0391367922306377	0.037622136611153316	-0.07260770694540501	0.0802247486815564	-0.9284668657489883	0.03905282846908426	-0.05242781799588901	0.06052382336633915	-0.07414032663302848	1.0000000000000007	-0.06053338529962538	0.07715922079208234	-0.0854637222925121	0.11081051651322046	-0.2818160348380855	0.03701317511604627	-0.0546173226788489	0.06420516609247942	-0.08949733526363561	0.11430799446482179	-0.034251960025744356	0.05290009311601928	-0.057030656629160716	0.08121821199346206	-0.0644824796346415	0.03232793185352634	-0.04113311721178494	0.04065749611725407	-0.056492767364643745	0.05986300627357408	-0.0311615102530629	0.029982824830615217	-0.040540218823886226	0.044769814421423276	-0.04735921949639359
0.24789675648363657	-0.2503996898093277	0.1856401633906982	-0.13712479423798424	0.07037648271052978	-0.5395249134788118	0.27845443080373095	-0.18325645125151302	0.12948427560278966	-0.06053338529962538	1.0000000000000009	-0.592079371655646	0.2251830010228615	-0.1615539327562973	0.17809874059355532	-0.10319150144934702	0.15242598299770524	-0.16870918716510241	0.15047708741865057	-0.16169891116862878	0.09038176979049091	-0.12784971533610923	0.1273543301614143	-0.1463395829817465	0.10627913651401155	-0.0706556061122911	0.0870250157233377	-0.08234284454174766	0.10519672382813007	-0.10278352471619542	0.06663745665027557	-0.06275655103144874	0.08267499212768505	-0.08154048613458087	0.08537172641112041
-0.2342011803017625	0.1912173445733739	-0.24442348559967292	0.15435962509829243	-0.09084894588495257	0.24572981735691077	-0.29554445862064804	0.2135977929802158	-0.1609914960613057	0.07715922079208234	-0.592079371655646	1.0000000000000022	-0.45278532412122124	0.21787015076391197	-0.24507117053714514	0.11310139646668743	-0.26378455658014666	0.2342352682519774	-0.21145979452831193	0.17903311051297005	-0.10793348072374706	0.16823771607546917	-0.1797806154590185	0.1794231700332353	-0.12765775591890377	0.08507831602568848	-0.10922252140350393	0.10260926924266663	-0.13113923814164383	0.1192651489582757	-0.08198363289756601	0.0768952250586323	-0.10390230441118455	0.09720079323896196	-0.10358711417713859
0.1347632644659469	-0.1360106173787639	0.2456953932465518	-0.1857207466886034	0.09408948870981611	-0.14702648925378994	0.18839837477722382	-0.3371724988979092	0.18371595170130578	-0.0854637222925121	0.2251830010228615	-0.45278532412122124	1.0000000000000009	-0.4628406467410865	0.2583856499861172	-0.1145755822340751	0.2425347917140122	-0.42627998412537654	0.2614788957949688	-0.21231474334103476	0.1036501613456248	-0.19278240367416594	0.19198929115905614	-0.22793720368955342	0.14135993790440632	-0.08910178080955844	0.11288518245425376	-0.11106618245020193	0.14328845139597424	-0.136036395342514	0.08396641056957631	-0.08105089067627509	0.10799396447975065	-0.10949052310250781	0.11190329799743254
-0.09959871787558401	0.09568229486370279	-0.18806377724208723	0.16221929834384538	-0.12039045615974091	0.10174589799751506	-0.13728531540707847	0.17599722765780346	-0.1904306981952256	0.11081051651322046	-0.1615539327562973	0.21787015076391197	-0.4628406467410865	1.000000000000001	-0.4883585595597578	0.09161610053126391	-0.173226677934504	0.21395722129711775	-0.5798745269173855	0.219669214778341	-0.08572483018613153	0.15122179239861896	-0.1714681683535134	0.25058206934424576	-0.15116309333914094	0.08024474413606551	-0.10483747026855107	0.10575800445612532	-0.1519023168725138	0.13715127558773527	-0.0773708411463954	0.07508926583035003	-0.1033653305449476	0.1102934533606638	-0.11508779147677226
0.11326695876829257	-0.10877638662299251	0.1863119587931056	-0.17151900932925915	0.21412716801791676	-0.11392425946721109	0.14880747443895828	-0.16595633867885848	0.15862610134659022	-0.2818160348380855	0.17809874059355532	-0.24507117053714514	0.2583856499861172	-0.4883585595597578	0.9999999999999999	-0.11568046104112824	0.16914233857250568	-0.20650279814472255	0.27843073049978095	-0.41047811327173883	0.10582515613400122	-0.16909659785850098	0.1784712204278117	-0.27305430040243367	0.20889842104746625	-0.10128368218767	0.12825495547739113	-0.12845561107414113	0.17890286224601012	-0.1953987162368767	0.09693003291150773	-0.09396301653506856	0.1264355669094186	-0.14414832823706075	0.15017087881858626
-0.05857193147488674	0.052803443893568155	-0.08488527970312348	0.05910200123827579	-0.04414223232002273	0.05910922188322841	-0.07491858683430551	0.06955432738331371	-0.05942227510829524	0.03701317511604627	-0.10319150144934702	0.11310139646668743	-0.1145755822340751	0.09161610053126391	-0.11568046104112824	1.0000000000000009	-0.17126865412623965	0.1333667501813777	-0.10674919062015005	0.11198368955487578	-0.9028620956117034	0.13036004960981787	-0.12877564420827164	0.11419658672300753	-0.08442295531502864	0.19752441058972092	-0.18083015459047966	0.11542518768232929	-0.10492909874424367	0.08678895365954892	-0.1721499486637581	0.12027419698155582	-0.13385425628994746	0.07710532333652896	-0.07733528654194576
0.08710168221995415	-0.08154916743123826	0.13360926096308348	-0.09800339124632265	0.062885823222012	-0.09075976055092089	0.11438194093245946	-0.12370162386389905	0.09708117932171557	-0.0546173226788489	0.15242598299770524	-0.26378455658014666	0.2425347917140122	-0.173226677934504	0.16914233857250568	-0.17126865412623965	1.0000000000000009	-0.6861940900610892	0.1886693505566748	-0.1592804828885172	0.13868239045873537	-0.49650102449847267	0.27657772389306784	-0.20247591035959833	0.11598129850340366	-0.0990479512386498	0.12576335231183464	-0.11890627131800395	0.13047296008201772	-0.11419111715395086	0.08908762648370441	-0.08636656394080676	0.1111517028813041	-0.09670059552185091	0.09615464888473295
-0.09860176310712702	0.09184762488362937	-0.16961564290571643	0.11532880852347496	-0.07414879816897409	0.10068989717634114	-0.13318200580728964	0.15342825555891768	-0.11967137602027465	0.06420516609247942	-0.16870918716510241	0.2342352682519774	-0.42627998412537654	0.21395722129711775	-0.20650279814472255	0.1333667501813777	-0.6861940900610892	1.0000000000000007	-0.26255205985948177	0.16931773294420727	-0.12889662625022544	0.2742587666982463	-0.3235424128342178	0.2110817604854142	-0.1274261113099783	0.09735063204657401	-0.12907216405776575	0.12330894180787834	-0.14297787756938227	0.12102495868606926	-0.09224759814191774	0.08805970903647094	-0.11972432124604299	0.10249134478941982	-0.10510211371817027
0.09366562191513633	-0.08977426032018285	0.1593767272781922	-0.13959822728799165	0.09676716937583744	-0.0952148568724876	0.12486041037985963	-0.14679126930199082	0.13724226964448544	-0.08949733526363561	0.15047708741865057	-0.21145979452831193	0.2614788957949688	-0.5798745269173855	0.27843073049978095	-0.10674919062015005	0.1886693505566748	-0.26255205985948177	1.0000000000000013	-0.28429092371313236	0.09797006790560192	-0.19948373509202363	0.21640680013777336	-0.5403787606102027	0.1926326695804245	-0.09871176257906467	0.128317856436465	-0.13795181788360517	0.20292838304759164	-0.18416555195637316	0.09358337574639429	-0.09341974192323105	0.12750067903957218	-0.15173968110048708	0.14574215073255586
-0.10176707496555525	0.09173840149008365	-0.16697695918262195	0.12027440057199276	-0.13922733503942622	0.0981134663274767	-0.13347162080603162	0.13206063405638002	-0.123174658280979	0.11430799446482179	-0.16169891116862878	0.17903311051297005	-0.21231474334103476	0.219669214778341	-0.41047811327173883	0.11198368955487578	-0.1592804828885172	0.16931773294420727	-0.28429092371313236	0.9999999999999991	-0.1111619553088623	0.15789607337645975	-0.19062482258285096	0.2627865584375973	-0.6142516530882266	0.12009952816920472	-0.16704611554187446	0.16346153210525208	-0.2650685540380713	0.28835556504737964	-0.12539238429890132	0.11803131689940505	-0.174080721904081	0.1939742237793986	-0.26301107914835586
0.05268767999786092	-0.04843613355715881	0.07675101351603182	-0.0552685746253071	0.0406027751444864	-0.05366228006082118	0.06738635008725784	-0.0639499640442301	0.054658267274333726	-0.034251960025744356	0.09038176979049091	-0.10793348072374706	0.1036501613456248	-0.08572483018613153	0.10582515613400122	-0.9028620956117034	0.13868239045873537	-0.12889662625022544	0.09797006790560192	-0.1111619553088623	0.9999999999999992	-0.12964896833866899	0.11702843324000689	-0.11002854481359382	0.08010927453427533	-0.26112432430064586	0.16415595922899737	-0.11045243227346012	0.09750052868959133	-0.08449253971662979	0.15680158887982013	-0.1186903181560579	0.12001923832918043	-0.07408352977158353	0.07236764759520861
-0.07544632490737424	0.06907421331895779	-0.11965284471221942	0.08491577019247405	-0.06203066735539261	0.07567901691067809	-0.09913706938824358	0.10199976963346791	-0.08620195069489273	0.05290009311601928	-0.12784971533610923	0.16823771607546917	-0.19278240367416594	0.15122179239861896	-0.16909659785850098	0.13036004960981787	-0.49650102449847267	0.2742587666982463	-0.19948373509202363	0.15789607337645975	-0.12964896833866899	0.9999999999999998	-0.7081758620149881	0.23167018381008356	-0.13024320113352925	0.12057899005168	-0.18527876066085924	0.1650435467075342	-0.16369733893809277	0.12545899947420727	-0.11020280214687825	0.1113355829898379	-0.15093615293964693	0.11140174945709144	-0.11150461974822308
0.07697543122284171	-0.07204840326917944	0.12223218590624367	-0.09192481928571787	0.06605931106802013	-0.07796369613336473	0.10098699875090547	-0.10708021666280981	0.09092006979870598	-0.057030656629160716	0.1273543301614143	-0.1797806154590185	0.19198929115905614	-0.1714681683535134	0.1784712204278117	-0.12877564420827164	0.27657772389306784	-0.3235424128342178	0.21640680013777336	-0.19062482258285096	0.11702843324000689	-0.7081758620149881	1.0000000000000007	-0.3947970510552233	0.15176168565893647	-0.12775197013198078	0.17389842252479734	-0.2271542191451357	0.19292232577357757	-0.1532290154422626	0.1144886893025786	-0.12241590465508778	0.16434691023274467	-0.13656266365008224	0.12782361851169394
-0.09022541423306149	0.08318205138282382	-0.15111851045205968	0.11298581465246312	-0.09518292069509819	0.08927169752637086	-0.1194844453341962	0.12649099520532398	-0.11637607071482894	0.08121821199346206	-0.1463395829817465	0.1794231700332353	-0.22793720368955342	0.25058206934424576	-0.27305430040243367	0.11419658672300753	-0.20247591035959833	0.2110817604854142	-0.5403787606102027	0.2627865584375973	-0.11002854481359382	0.23167018381008356	-0.3947970510552233	1.000000000000001	-0.2991526936411738	0.12334868432376374	-0.17521291538636272	0.19661674936402254	-0.407063064997223	0.23165001788006243	-0.12181708353379317	0.12241631997247222	-0.18237261116483233	0.20442460589529837	-0.21000632833925242
0.06672695527658526	-0.061281341650991625	0.10772128853783809	-0.08121589429500772	0.07591409534576933	-0.0652740867529675	0.0872501250741079	-0.08801699998113302	0.08082096353113331	-0.0644824796346415	0.10627913651401155	-0.12765775591890377	0.14135993790440632	-0.15116309333914094	0.20889842104746625	-0.08442295531502864	0.11598129850340366	-0.1274261113099783	0.1926326695804245	-0.6142516530882266	0.08010927453427533	-0.13024320113352925	0.15176168565893647	-0.2991526936411738	1.0000000000000002	-0.09344262228036748	0.125885739872226	-0.1380742975234076	0.23153319326336844	-0.6002819271880905	0.09258283536754536	-0.09237654615539896	0.13194995910415053	-0.20416019651744355	0.2371433797899133
-0.043128894214344855	0.03944368663590408	-0.06670914071112308	0.048393280974401404	-0.03837724883480049	0.042645794025866386	-0.05592418731386752	0.0547063375383737	-0.048196677283357865	0.03232793185352634	-0.0706556061122911	0.08507831602568848	-0.08910178080955844	0.08024474413606551	-0.10128368218767	0.19752441058972092	-0.0990479512386498	0.09735063204657401	-0.09871176257906467	0.12009952816920472	-0.26112432430064586	0.12057899005168	-0.12775197013198078	0.12334868432376374	-0.09344262228036748	0.9999999999999998	-0.5675137451233705	0.22749329590201997	-0.14752562755733364	0.10847604548498667	-0.6342461328546762	0.2988199548100956	-0.2756631995361561	0.10595272752195126	-0.09619446599880285
0.05348076872674272	-0.049333542507507294	0.08324548170049402	-0.061778625769731775	0.04850668638413539	-0.05306769085616134	0.06945919733600436	-0.06915579531954115	0.06099650615823296	-0.04113311721178494	0.0870250157233377	-0.10922252140350393	0.11288518245425376	-0.10483747026855107	0.12825495547739113	-0.18083015459047966	0.12576335231183464	-0.12907216405776575	0.128317856436465	-0.16704611554187446	0.16415595922899737	-0.18527876066085924	0.17389842252479734	-0.17521291538636272	0.125885739872226	-0.5675137451233705	0.9999999999999996	-0.4755774802058805	0.20453113449236718	-0.1572588815560331	0.3019052315104896	-0.44074444391468887	0.3009878520727647	-0.15667711482739335	0.1291302862914347
-0.05077178245788263	0.046752469580612785	-0.08045924311285692	0.05958234918861865	-0.04796460186237421	0.05021760144670178	-0.0662429959097745	0.06674230398143419	-0.05933379752450169	0.04065749611725407	-0.08234284454174766	0.10260926924266663	-0.11106618245020193	0.10575800445612532	-0.12845561107414113	0.11542518768232929	-0.11890627131800395	0.12330894180787834	-0.13795181788360517	0.16346153210525208	-0.11045243227346012	0.1650435467075342	-0.2271542191451357	0.19661674936402254	-0.1380742975234076	0.22749329590201997	-0.4755774802058805	0.9999999999999996	-0.39984355138672084	0.17211560192140857	-0.23083555107606912	0.26756566713654073	-0.62695862015726	0.189843913356925	-0.1585072914326489
0.0655516201185913	-0.06059811365478579	0.10514686781204638	-0.0798044945071144	0.06628281252429077	-0.06469017213444153	0.08569470977497508	-0.08738818321047624	0.07911411878289963	-0.056492767364643745	0.10519672382813007	-0.13113923814164383	0.14328845139597424	-0.1519023168725138	0.17890286224601012	-0.10492909874424367	0.13047296008201772	-0.14297787756938227	0.20292838304759164	-0.2650685540380713	0.09750052868959133	-0.16369733893809277	0.19292232577357757	-0.407063064997223	0.23153319326336844	-0.14752562755733364	0.20453113449236718	-0.39984355138672084	0.9999999999999999	-0.37988073362011654	0.1385321277249152	-0.15663633321226392	0.22949422851899515	-0.5355619273001063	0.29005635642416006
-0.06432443937619682	0.05851556930264912	-0.10414874739414477	0.07595571946653014	-0.07200600311703458	0.06258755244215437	-0.0841790387199763	0.0838540834011488	-0.07681101931006919	0.05986300627357408	-0.10278352471619542	0.1192651489582757	-0.136036395342514	0.13715127558773527	-0.1953987162368767	0.08678895365954892	-0.11419111715395086	0.12102495868606926	-0.18416555195637316	0.28835556504737964	-0.08449253971662979	0.12545899947420727	-0.1532290154422626	0.23165001788006243	-0.6002819271880905	0.10847604548498667	-0.1572588815560331	0.17211560192140857	-0.37988073362011654	1.0000000000000002	-0.11286466653568203	0.11151848579371257	-0.17314103956584898	0.2748846355802904	-0.5066795480419075
0.04092632146679552	-0.03765078872356367	0.06326430347290916	-0.04668928873646218	0.036854514342111025	-0.040540764843104066	0.0530332559947191	-0.05217104279430002	0.04609745349889763	-0.0311615102530629	0.06663745665027557	-0.08198363289756601	0.08396641056957631	-0.0773708411463954	0.09693003291150773	-0.1721499486637581	0.08908762648370441	-0.09224759814191774	0.09358337574639429	-0.12539238429890132	0.15680158887982013	-0.11020280214687825	0.1144886893025786	-0.12181708353379317	0.09258283536754536	-0.6342461328546762	0.3019052315104896	-0.23083555107606912	0.1385321277249152	-0.11286466653568203	1.0000000000000002	-0.6105944284846159	0.25495368983322303	-0.10896174881763089	0.09364378101360205
-0.03862700786639758	0.03546028959897414	-0.060385749117089695	0.04435317309329165	-0.035502227598375756	0.03814911949708	-0.05020532734102725	0.049706355528940614	-0.04405682346683544	0.029982824830615217	-0.06275655103144874	0.0768952250586323	-0.08105089067627509	0.07508926583035003	-0.09396301653506856	0.12027419698155582	-0.08636656394080676	0.08805970903647094	-0.09341974192323105	0.11803131689940505	-0.1186903181560579	0.1113355829898379	-0.12241590465508778	0.12241631997247222	-0.09237654615539896	0.2988199548100956	-0.44074444391468887	0.26756566713654073	-0.15663633321226392	0.11151848579371257	-0.6105944284846159	1.0000000000000007	-0.5370603903255885	0.11327053967891579	-0.09874025999759944
0.05113996745213914	-0.04724218386582818	0.08013627589337338	-0.059969180334674174	0.047738525003682475	-0.05063707290223973	0.06649560522118128	-0.06653514493307099	0.059108211762974566	-0.040540218823886226	0.08267499212768505	-0.10390230441118455	0.10799396447975065	-0.1033653305449476	0.1264355669094186	-0.13385425628994746	0.1111517028813041	-0.11972432124604299	0.12750067903957218	-0.174080721904081	0.12001923832918043	-0.15093615293964693	0.16434691023274467	-0.18237261116483233	0.13194995910415053	-0.2756631995361561	0.3009878520727647	-0.62695862015726	0.22949422851899515	-0.17314103956584898	0.25495368983322303	-0.5370603903255885	1.0000000000000004	-0.18676901497027382	0.14244792700150932
-0.050837178750880486	0.04651336983988335	-0.08195529492780493	0.06042819990718136	-0.0533210895833089	0.04976193313722637	-0.06650548000477152	0.06678564743205737	-0.060762681139998345	0.044769814421423276	-0.08154048613458087	0.09720079323896196	-0.10949052310250781	0.1102934533606638	-0.14414832823706075	0.07710532333652896	-0.09670059552185091	0.10249134478941982	-0.15173968110048708	0.1939742237793986	-0.07408352977158353	0.11140174945709144	-0.13656266365008224	0.20442460589529837	-0.20416019651744355	0.10595272752195126	-0.15667711482739335	0.189843913356925	-0.5355619273001063	0.2748846355802904	-0.10896174881763089	0.11327053967891579	-0.18676901497027382	1.0000000000000009	-0.7024015570969897
0.05351099730773616	-0.04921675480952668	0.08548230263179932	-0.06424671988321153	0.05599874833767143	-0.0524496019908072	0.06980098930219825	-0.0699578113746634	0.06367241964802253	-0.04735921949639359	0.08537172641112041	-0.10358711417713859	0.11190329799743254	-0.11508779147677226	0.15017087881858626	-0.07733528654194576	0.09615464888473295	-0.10510211371817027	0.14574215073255586	-0.26301107914835586	0.07236764759520861	-0.11150461974822308	0.12782361851169394	-0.21000632833925242	0.2371433797899133	-0.09619446599880285	0.1291302862914347	-0.1585072914326489	0.29005635642416006	-0.5066795480419075	0.09364378101360205	-0.09874025999759944	0.14244792700150932	-0.7024015570969897	1.000000000000001
