1.0	-0.2675514318606652	0.14224148287412888	-0.04910183678214389	0.053150847025484116	-0.8488329940195253	0.1948182360122702	-0.12443623573517383	0.05241028242511643	-0.0448966980946335	0.25896937809191267	-0.19059398714344214	0.14469674565159976	-0.04290072049766219	0.036257718867252146	-0.15555945979519176	0.1453431607942874	-0.11151174873924623	0.10270464373154503	-0.08526318756521582	0.11339930134649469	-0.11571918649371152	0.10673332919232076	-0.07333362166964957	0.06539145633129313	-0.06266919348400234	0.06230403359758924	-0.08645976295593866	0.09019158263905874	-0.09370313351061539	0.050948837602889874	-0.06077467155164106	0.08177326132521368	-0.1227037712963141	0.0857441526779895	-0.0673995559218758	0.06087036066669435	-0.1838876952010134	0.10096578721756466	-0.16161569751502383
-0.2675514318606652	1.0000000000000004	-0.3997418529078506	0.10491877250348561	-0.11656964342085693	0.2010705191289723	-0.6911935116681963	0.2576120002784171	-0.09748475790447379	0.07948761525066855	-0.2835612113692332	0.2976987520062018	-0.2998095539777203	0.07424867453114598	-0.06374662627643768	0.15301979309210045	-0.19566038175090053	0.14796705202959323	-0.13310581909156052	0.0932826019651866	-0.13574310612097676	0.13082045876784965	-0.1405386562067642	0.08965062376331984	-0.07247536098256381	0.06508728911938774	-0.06676589119963125	0.09592325024280583	-0.10954751128549245	0.09795467440357948	-0.052512712847541665	0.06147712674063063	-0.09236961444536723	0.12409427586855655	-0.08881750329654073	0.06564201832762775	-0.05996604682668833	0.17160793900309418	-0.09791229492589358	0.15351004743935306
0.14224148287412888	-0.3997418529078506	1.0000000000000002	-0.23226080547214112	0.18033833172340952	-0.1269864300742203	0.2534140307886976	-0.6657505004132644	0.14420535209687793	-0.1267301862794475	0.19818988419184483	-0.27575362904407824	0.2930562480139144	-0.11153162002351417	0.09052229810830693	-0.12974113520851482	0.15948889522163218	-0.1695119544239051	0.14618979630680684	-0.11526239204643698	0.11709158888672148	-0.1228870734665781	0.1467100012359657	-0.10176576789074163	0.08779666501104738	-0.07403839834295081	0.07525877204084068	-0.1135198464410148	0.12226005207745703	-0.12350384617110971	0.06154767448568574	-0.07425500301060108	0.10722769019436654	-0.15856216317839222	0.1116845689378217	-0.08288506564256544	0.07516351997123608	-0.23102429549309975	0.12845444587396324	-0.20512932231763953
-0.04910183678214389	0.10491877250348561	-0.23226080547214112	1.0000000000000007	-0.8934655437213598	0.04216114598785797	-0.07752905375128473	0.13410324805403062	-0.260430274461034	0.1927241112584783	-0.07072450865667161	0.0827595219990513	-0.09829889233913139	0.14432117085870422	-0.1355800024140104	0.04550087722470297	-0.05796241833190617	0.06167154953222805	-0.06343355897549563	0.045821407252021204	-0.04267271865634056	0.04397823603753569	-0.055745176139051035	0.041690047376170804	-0.03477800106640732	0.026726281026877748	-0.027442062884631014	0.04204895741319044	-0.04940626183146313	0.04713981832569396	-0.02224437788641327	0.026776079780454622	-0.04012446361743477	0.0587566233531803	-0.04203305666338903	0.029652990877734008	-0.027004563620591858	0.08220633657904564	-0.04659441420908769	0.07387481320416017
0.053150847025484116	-0.11656964342085693	0.18033833172340952	-0.8934655437213598	1.0000000000000009	-0.045930210621223815	0.08202805813456403	-0.13932486742696393	0.20880773802402866	-0.25604888698534606	0.07642086424879356	-0.09007614225622543	0.10023373398739636	-0.15922515736233675	0.13984544267050325	-0.04998117126911829	0.06328407707946324	-0.0679883877148467	0.06990442271375981	-0.052143991432287456	0.04693080709506664	-0.04865899024114855	0.06143295150111782	-0.04656165196078392	0.03944375799176798	-0.030437538895841675	0.031186206057991387	-0.04765846023006003	0.055181577362532076	-0.05404375438926782	0.025441096928780077	-0.03072435194029116	0.045401833685575696	-0.06764727717489644	0.048212522232223776	-0.03425459906782416	0.031157671512700685	-0.09576297102422776	0.05397721036628121	-0.08587554829052249
-0.8488329940195253	0.2010705191289723	-0.1269864300742203	0.04216114598785797	-0.045930210621223815	1.0000000000000004	-0.21347772076022728	0.1101670612344515	-0.04468110949478921	0.03773365460970184	-0.3780786541845129	0.17573618560442594	-0.13450206506613308	0.03621907703915925	-0.030595774826804412	0.1471958843928563	-0.14092160931531975	0.09336564994445175	-0.08414788311545579	0.0665996285762239	-0.10900653069240938	0.10279708012268177	-0.08994776168814433	0.05937819645974324	-0.05123516178770595	0.050678654529936466	-0.050537451755905086	0.06868999098890899	-0.07254781038747084	0.07228913261487362	-0.040603216907893425	0.04767731861998516	-0.0650666878596511	0.09393332251322066	-0.06598196145692192	0.05181809493298778	-0.046953559685391937	0.13753372449299744	-0.07632860280950801	0.12131887026253588
0.1948182360122702	-0.6911935116681963	0.2534140307886976	-0.07752905375128473	0.08202805813456403	-0.21347772076022728	1.0000000000000016	-0.2978044474647938	0.07894505524631013	-0.06558166943971817	0.23383363158787174	-0.5156983847022568	0.2666021060182633	-0.06255071122584376	0.051543804761350065	-0.13787122487679468	0.1631258235702379	-0.1339023781775471	0.11375407051544341	-0.08429879479229216	0.11329755992883259	-0.1163140307454805	0.12035545147066941	-0.07817807230427863	0.06484432512518493	-0.05850017931391021	0.05928428717867434	-0.0862311117061298	0.09409053856040273	-0.0895063821860099	0.047357578562537056	-0.05604609603005877	0.0817971462779475	-0.11444117455957734	0.08108780595489883	-0.06080665352538701	0.05528010023147881	-0.1624151824870923	0.09143312355572768	-0.14454594711195473
-0.12443623573517383	0.2576120002784171	-0.6657505004132644	0.13410324805403062	-0.13932486742696393	0.1101670612344515	-0.2978044474647938	1.0000000000000009	-0.1458158002386021	0.10456367113103746	-0.182756120446008	0.2593508295074302	-0.5512064688009398	0.09978613054052542	-0.07930495458227041	0.11128690153468873	-0.14159190488285164	0.15427617538705934	-0.12663277916926646	0.08674541331690419	-0.10027631936694295	0.103244880928016	-0.1329237831937538	0.08344527644804407	-0.06671069411439196	0.05533490707201151	-0.05678365050958602	0.08776004610544191	-0.09851870912753338	0.09017113726898097	-0.04522404602269691	0.05388630106221979	-0.08352114443308224	0.11376713985410096	-0.08119994646119601	0.05848926454418968	-0.053303807685052884	0.15757099876915617	-0.08970669387050301	0.14123148647718992
0.05241028242511643	-0.09748475790447379	0.14420535209687793	-0.260430274461034	0.20880773802402866	-0.04468110949478921	0.07894505524631013	-0.1458158002386021	1.0000000000000009	-0.5895550172103636	0.07773227587905511	-0.08788249065649634	0.11181899302874927	-0.644574177349443	0.3223266025811539	-0.05111873531605644	0.06629676124287363	-0.08153590692330877	0.0988458505990034	-0.06384546451567726	0.04924133177630485	-0.051295986730285334	0.07091788452669746	-0.06103055682932113	0.047220370135583535	-0.03117027546330331	0.03228556376255358	-0.05215693426795195	0.06672544104021895	-0.061101381007355335	0.025891744998196943	-0.031182608646964118	0.04951897408989801	-0.07237256517347987	0.052764314263955746	-0.03416184591134994	0.03126894847617856	-0.09434680003707771	0.055233052921186965	-0.08671384321173259
-0.0448966980946335	0.07948761525066855	-0.1267301862794475	0.1927241112584783	-0.25604888698534606	0.03773365460970184	-0.06558166943971817	0.10456367113103746	-0.5895550172103636	1.0000000000000027	-0.06668455604422352	0.07115740226280604	-0.09189312188471456	0.32750633696656295	-0.6648222089266599	0.04304881541225729	-0.05641100439273467	0.06511968899053922	-0.08005083789743132	0.05197491012207845	-0.04169573914950827	0.04282645127650945	-0.05895939483553423	0.048867984869882405	-0.03914129591430504	0.025618156497282336	-0.026621335431453664	0.042523796814243495	-0.05607319880562975	0.04935888012005716	-0.021245725364399223	0.025498141667079206	-0.04078935047733194	0.05851676156189702	-0.04303114289603512	0.027799488919589794	-0.02547729793950474	0.07614965640837273	-0.044681244476426296	0.06991438678545966
0.25896937809191267	-0.2835612113692332	0.19818988419184483	-0.07072450865667161	0.07642086424879356	-0.3780786541845129	0.23383363158787174	-0.182756120446008	0.07773227587905511	-0.06668455604422352	1.0	-0.40919277553761435	0.23105182564332713	-0.06470715318491012	0.0543301211807274	-0.4742967405298164	0.28091598629723896	-0.18740804068232644	0.16402741705602236	-0.13561955056135178	0.23083793791678647	-0.2315003344397337	0.17725078902047042	-0.11825485422689955	0.10376672587631929	-0.10764042678554145	0.10490209394920269	-0.14096485811404968	0.1431737375392142	-0.14836282962158598	0.0848846866590291	-0.09993836568674781	0.13166510759975802	-0.19412699560360486	0.13546274263684155	-0.10890188393619035	0.09819324168109117	-0.2884225461462486	0.15882377161305475	-0.2532898001671402
-0.19059398714344214	0.2976987520062018	-0.27575362904407824	0.0827595219990513	-0.09007614225622543	0.17573618560442594	-0.5156983847022568	0.2593508295074302	-0.08788249065649634	0.07115740226280604	-0.40919277553761435	0.9999999999999992	-0.5460905600195479	0.07087450425252381	-0.05870210299260167	0.19168010629868434	-0.2569974066623644	0.17487739289771068	-0.14218702058055205	0.09856145641314432	-0.15487991523904449	0.15529786210385796	-0.15732651047380578	0.09544562563833914	-0.07612085029064176	0.07015231551660799	-0.07119354931265082	0.10325294320455498	-0.11330845596205608	0.10321143233266535	-0.05598900097874847	0.0654937745134447	-0.09801324009492686	0.13111245825830348	-0.09336510539809742	0.06976217109290418	-0.06357974436604588	0.18167863935046524	-0.10341701725208488	0.16226451119483748
0.14469674565159976	-0.2998095539777203	0.2930562480139144	-0.09829889233913139	0.10023373398739636	-0.13450206506613308	0.2666021060182633	-0.5512064688009398	0.11181899302874927	-0.09189312188471456	0.23105182564332713	-0.5460905600195479	1.0000000000000002	-0.0978362596379244	0.07452292852570479	-0.15269520981496487	0.18657994482861148	-0.2830521243039576	0.17176200543717454	-0.12016625356176332	0.1324945674850125	-0.14378354412146935	0.18696196272975432	-0.11590346826441833	0.09143764282846281	-0.07600300247518137	0.0775240630593503	-0.12409224880695134	0.13210253825276552	-0.12456987769802266	0.061960824208424525	-0.0742367647070215	0.11508196888438216	-0.15760778780187623	0.11175387329275377	-0.08079937889283585	0.07346318651434278	-0.21882752099908973	0.12420822247748461	-0.19593926827718716
-0.04290072049766219	0.07424867453114598	-0.11153162002351417	0.14432117085870422	-0.15922515736233675	0.03621907703915925	-0.06255071122584376	0.09978613054052542	-0.644574177349443	0.32750633696656295	-0.06470715318491012	0.07087450425252381	-0.0978362596379244	0.9999999999999959	-0.6504574678221828	0.04272439055318126	-0.05623214494096107	0.07499238937713124	-0.11039629540021746	0.05905718938251869	-0.0417743735355212	0.04365407523024577	-0.06408990596061752	0.05963424529147583	-0.043536922579372736	0.025965940738716064	-0.0270624569900144	0.04510650426961839	-0.06246011931728564	0.05351519728661631	-0.02147843535770641	0.025818803443566487	-0.0427925827249637	0.06149877839272069	-0.04563325591315895	0.027978609130806655	-0.025697554091103247	0.07656611076756407	-0.04583060292592086	0.07129978816454563
0.036257718867252146	-0.06374662627643768	0.09052229810830693	-0.1355800024140104	0.13984544267050325	-0.030595774826804412	0.051543804761350065	-0.07930495458227041	0.3223266025811539	-0.6648222089266599	0.0543301211807274	-0.05870210299260167	0.07452292852570479	-0.6504574678221828	0.9999999999999979	-0.03600410022777363	0.04715686458456955	-0.06072040727829928	0.07948855735488815	-0.051124899146999456	0.03518240508979048	-0.03671137768072616	0.05248652621909045	-0.04790250648740499	0.03728046186032243	-0.022363347408427117	0.023257557482806498	-0.03825017822452723	0.051032741948098044	-0.04598309838714652	0.018571316277683186	-0.02236606439330297	0.036340760717285016	-0.0530863073887568	0.03929261825192095	-0.0243947558132034	0.022378933690446984	-0.06723927043533298	0.039920767221629315	-0.06238297233319659
-0.15555945979519176	0.15301979309210045	-0.12974113520851482	0.04550087722470297	-0.04998117126911829	0.1471958843928563	-0.13787122487679468	0.11128690153468873	-0.05111873531605644	0.04304881541225729	-0.4742967405298164	0.19168010629868434	-0.15269520981496487	0.04272439055318126	-0.03600410022777363	0.9999999999999986	-0.5753156499470486	0.15209955873695588	-0.12482733896438222	0.09217858030370311	-0.5347739476756637	0.3024498826449846	-0.15850360969453026	0.0894713327232583	-0.07119754951410838	0.09983598486023079	-0.09605023531650703	0.10542581988567247	-0.10547670726179564	0.09786402341042201	-0.07294601821335388	0.07767958362927888	-0.09799833776367423	0.12621433368670226	-0.0889512513407244	0.07690540335422578	-0.07038371687239997	0.17434801017716123	-0.09935140870483991	0.1541142626708788
0.1453431607942874	-0.19566038175090053	0.15948889522163218	-0.05796241833190617	0.06328407707946324	-0.14092160931531975	0.1631258235702379	-0.14159190488285164	0.06629676124287363	-0.05641100439273467	0.28091598629723896	-0.2569974066623644	0.18657994482861148	-0.05623214494096107	0.04715686458456955	-0.5753156499470486	0.9999999999999976	-0.23887940250973763	0.17166873104848224	-0.13157933235731234	0.31836976092073394	-0.5243953390733265	0.21625543204012432	-0.12569298552184296	0.10037144193318827	-0.11490679804288473	0.1122788110582823	-0.1476611029655035	0.1439721878655377	-0.139585937924256	0.08639906621561529	-0.09913728489818174	0.13365376442152843	-0.17968655645954584	0.12578051414125035	-0.10193215422632196	0.09228792172153635	-0.24895733059310177	0.14124729570474892	-0.22096968432486697
-0.11151174873924623	0.14796705202959323	-0.1695119544239051	0.06167154953222805	-0.0679883877148467	0.09336564994445175	-0.1339023781775471	0.15427617538705934	-0.08153590692330877	0.06511968899053922	-0.18740804068232644	0.17487739289771068	-0.2830521243039576	0.07499238937713124	-0.06072040727829928	0.15209955873695588	-0.23887940250973763	0.9999999999999978	-0.4864980333680486	0.17657932457465225	-0.170342865572468	0.1937499469158963	-0.652371826587098	0.23417350804854817	-0.1389206172414383	0.0877089222665051	-0.09561499429350685	0.20237077723243377	-0.2402488944079233	0.16033035294765433	-0.06967715339609748	0.0827623002031044	-0.19304384588573006	0.18823584452324835	-0.14078722760390103	0.08215280044062127	-0.07639657811898122	0.20367260754713024	-0.13083561542897498	0.19314216029364423
0.10270464373154503	-0.13310581909156052	0.14618979630680684	-0.06343355897549563	0.06990442271375981	-0.08414788311545579	0.11375407051544341	-0.12663277916926646	0.0988458505990034	-0.08005083789743132	0.16402741705602236	-0.14218702058055205	0.17176200543717454	-0.11039629540021746	0.07948855735488815	-0.12482733896438222	0.17166873104848224	-0.4864980333680486	0.999999999999998	-0.35991636774377406	0.13334985139374375	-0.15089577021494455	0.2867386342770444	-0.5043350397316292	0.2240745315496846	-0.09019444988039627	0.09586013117014451	-0.1922667390764631	0.3024398132092292	-0.2540527335841857	0.07412920285238811	-0.09000915837870745	0.17270824635936557	-0.2556911834199281	0.1950403876873296	-0.0947668122978693	0.08807045531837196	-0.2588874385208041	0.1706777811092964	-0.2591392601809851
-0.08526318756521582	0.0932826019651866	-0.11526239204643698	0.045821407252021204	-0.052143991432287456	0.0665996285762239	-0.08429879479229216	0.08674541331690419	-0.06384546451567726	0.05197491012207845	-0.13561955056135178	0.09856145641314432	-0.12016625356176332	0.05905718938251869	-0.051124899146999456	0.09217858030370311	-0.13157933235731234	0.17657932457465225	-0.35991636774377406	0.9999999999999994	-0.10099235836835105	0.1025787279859168	-0.18813870265509333	0.21404083906554236	-0.7654080905289297	0.06180176237635493	-0.06811417339807073	0.12395787349322746	-0.26175452800341226	0.27704290655648883	-0.05145826696798549	0.06100831111128643	-0.13401360388301187	0.187313476641731	-0.24797029263833908	0.06257767044223059	-0.05982757614690496	0.16531767467999245	-0.1255591952992613	0.17601727457587607
0.11339930134649469	-0.13574310612097676	0.11709158888672148	-0.04267271865634056	0.04693080709506664	-0.10900653069240938	0.11329755992883259	-0.10027631936694295	0.04924133177630485	-0.04169573914950827	0.23083793791678647	-0.15487991523904449	0.1324945674850125	-0.0417743735355212	0.03518240508979048	-0.5347739476756637	0.31836976092073394	-0.170342865572468	0.13334985139374375	-0.10099235836835105	0.9999999999999968	-0.6862644781973708	0.18734292526782886	-0.10051142459032496	0.07772569107158117	-0.15814634014070272	0.128498145222037	-0.1254370575792096	0.11453831909552249	-0.1071897476457991	0.09701861803041506	-0.09964231510181745	0.11151216674620115	-0.13928420812159742	0.09724396378318458	-0.0937416494184877	0.08476264515796077	-0.18892281788122753	0.10823786487896969	-0.165777529698593
-0.11571918649371152	0.13082045876784965	-0.1228870734665781	0.04397823603753569	-0.04865899024114855	0.10279708012268177	-0.1163140307454805	0.103244880928016	-0.051295986730285334	0.04282645127650945	-0.2315003344397337	0.15529786210385796	-0.14378354412146935	0.04365407523024577	-0.03671137768072616	0.3024498826449846	-0.5243953390733265	0.1937499469158963	-0.15089577021494455	0.1025787279859168	-0.6862644781973708	0.9999999999999966	-0.28755333547648215	0.11259885826162516	-0.0799901484925339	0.12161020799894717	-0.1250488202501431	0.1331485858359072	-0.12726475152521144	0.10615171879639893	-0.0868636217338706	0.09100562272174896	-0.12119791464249557	0.1355548956485036	-0.09605725950492257	0.08419997704322406	-0.07789265709559814	0.17260049369733182	-0.10221517281405605	0.1542418298125156
0.10673332919232076	-0.1405386562067642	0.1467100012359657	-0.055745176139051035	0.06143295150111782	-0.08994776168814433	0.12035545147066941	-0.1329237831937538	0.07091788452669746	-0.05895939483553423	0.17725078902047042	-0.15732651047380578	0.18696196272975432	-0.06408990596061752	0.05248652621909045	-0.15850360969453026	0.21625543204012432	-0.652371826587098	0.2867386342770444	-0.18813870265509333	0.18734292526782886	-0.28755333547648215	0.9999999999999949	-0.28751518110246227	0.14261899721204171	-0.10701420987387004	0.11544135109195232	-0.3586052393792449	0.2297384524133264	-0.1836394267840553	0.08258980617974734	-0.10033230677435648	0.23065405445025633	-0.23037319873042242	0.15844489576437648	-0.0975950663600447	0.09005060464060308	-0.23932254532297187	0.1537824104776884	-0.2260106135104403
-0.07333362166964957	0.08965062376331984	-0.10176576789074163	0.041690047376170804	-0.04656165196078392	0.05937819645974324	-0.07817807230427863	0.08344527644804407	-0.06103055682932113	0.048867984869882405	-0.11825485422689955	0.09544562563833914	-0.11590346826441833	0.05963424529147583	-0.04790250648740499	0.0894713327232583	-0.12569298552184296	0.23417350804854817	-0.5043350397316292	0.21404083906554236	-0.10051142459032496	0.11259885826162516	-0.28751518110246227	0.9999999999999931	-0.21005895544956024	0.0636337663621143	-0.0688190369126683	0.14165502483427697	-0.7259504587983637	0.18730679707764913	-0.052065735628585005	0.06277879735752069	-0.13296277743763954	0.18394709488594252	-0.14874116469751472	0.06474917318427544	-0.06064995818832549	0.17308991943590973	-0.1194717449146438	0.17414785457614446
0.06539145633129313	-0.07247536098256381	0.08779666501104738	-0.03477800106640732	0.03944375799176798	-0.05123516178770595	0.06484432512518493	-0.06671069411439196	0.047220370135583535	-0.03914129591430504	0.10376672587631929	-0.07612085029064176	0.09143764282846281	-0.043536922579372736	0.03728046186032243	-0.07119754951410838	0.10037144193318827	-0.1389206172414383	0.2240745315496846	-0.7654080905289297	0.07772569107158117	-0.0799901484925339	0.14261899721204171	-0.21005895544956024	0.9999999999999926	-0.05129357223426037	0.05619752046797609	-0.10604778334256833	0.20324094187031244	-0.4731860587465751	0.04302849461174903	-0.05154790934318529	0.11080272577128718	-0.18757222913047678	0.2281402146562284	-0.05367376447791826	0.05140062154770557	-0.1489233385427765	0.1162571943495338	-0.16922147113441302
-0.06266919348400234	0.06508728911938774	-0.07403839834295081	0.026726281026877748	-0.030437538895841675	0.050678654529936466	-0.05850017931391021	0.05533490707201151	-0.03117027546330331	0.025618156497282336	-0.10764042678554145	0.07015231551660799	-0.07600300247518137	0.025965940738716064	-0.022363347408427117	0.09983598486023079	-0.11490679804288473	0.0877089222665051	-0.09019444988039627	0.06180176237635493	-0.15814634014070272	0.12161020799894717	-0.10701420987387004	0.0636337663621143	-0.05129357223426037	0.999999999999995	-0.6986855648118081	0.12804499981810125	-0.0832218421006044	0.06790436659903223	-0.5591267463693216	0.3087236589807059	-0.1243186789165977	0.09644697677912904	-0.06891167813259536	0.21966605781378917	-0.2150531875887386	0.1364015766731024	-0.08007441412601082	0.10242802662450703
0.06230403359758924	-0.06676589119963125	0.07525877204084068	-0.027442062884631014	0.031186206057991387	-0.050537451755905086	0.05928428717867434	-0.05678365050958602	0.03228556376255358	-0.026621335431453664	0.10490209394920269	-0.07119354931265082	0.0775240630593503	-0.0270624569900144	0.023257557482806498	-0.09605023531650703	0.1122788110582823	-0.09561499429350685	0.09586013117014451	-0.06811417339807073	0.128498145222037	-0.1250488202501431	0.11544135109195232	-0.0688190369126683	0.05619752046797609	-0.6986855648118081	0.999999999999992	-0.18351634322623522	0.08867709032018539	-0.07590224572949147	0.3145156162735893	-0.5282851812921691	0.14520400505967584	-0.11125897273885939	0.07688595423249064	-0.25588553426581395	0.2175871285622545	-0.15696204660212457	0.08992751970392206	-0.11652629604670992
-0.08645976295593866	0.09592325024280583	-0.1135198464410148	0.04204895741319044	-0.04765846023006003	0.06868999098890899	-0.0862311117061298	0.08776004610544191	-0.05215693426795195	0.042523796814243495	-0.14096485811404968	0.10325294320455498	-0.12409224880695134	0.04510650426961839	-0.03825017822452723	0.10542581988567247	-0.1476611029655035	0.20237077723243377	-0.1922667390764631	0.12395787349322746	-0.1254370575792096	0.1331485858359072	-0.3586052393792449	0.14165502483427697	-0.10604778334256833	0.12804499981810125	-0.18351634322623522	0.9999999999999909	-0.17780659140305863	0.13839796500378856	-0.09686325202726201	0.12342136390838994	-0.7991853489281482	0.22711934232386818	-0.15271193937512711	0.09646675148795336	-0.09262005484676752	0.18378595319453367	-0.1408056645575088	0.173760582376226
0.09019158263905874	-0.10954751128549245	0.12226005207745703	-0.04940626183146313	0.055181577362532076	-0.07254781038747084	0.09409053856040273	-0.09851870912753338	0.06672544104021895	-0.05607319880562975	0.1431737375392142	-0.11330845596205608	0.13210253825276552	-0.06246011931728564	0.051032741948098044	-0.10547670726179564	0.1439721878655377	-0.2402488944079233	0.3024398132092292	-0.26175452800341226	0.11453831909552249	-0.12726475152521144	0.2297384524133264	-0.7259504587983637	0.20324094187031244	-0.0832218421006044	0.08867709032018539	-0.17780659140305863	0.9999999999999891	-0.275946562730418	0.06917367409133818	-0.08436937150901276	0.16204859485546463	-0.2841764430129934	0.20112137640871908	-0.08963598416851434	0.08376512826763752	-0.25191640487887806	0.17316001326527092	-0.25700318113304854
-0.09370313351061539	0.09795467440357948	-0.12350384617110971	0.04713981832569396	-0.05404375438926782	0.07228913261487362	-0.0895063821860099	0.09017113726898097	-0.061101381007355335	0.04935888012005716	-0.14836282962158598	0.10321143233266535	-0.12456987769802266	0.05351519728661631	-0.04598309838714652	0.09786402341042201	-0.139585937924256	0.16033035294765433	-0.2540527335841857	0.27704290655648883	-0.1071897476457991	0.10615171879639893	-0.1836394267840553	0.18730679707764913	-0.4731860587465751	0.06790436659903223	-0.07590224572949147	0.13839796500378856	-0.275946562730418	0.9999999999999911	-0.05733775167038408	0.06785460581520651	-0.16194373988368183	0.26143719480143274	-0.6507605761687075	0.06942739997299098	-0.06782460019649049	0.187373050526086	-0.16835433012006584	0.22176737154061948
0.050948837602889874	-0.052512712847541665	0.06154767448568574	-0.02224437788641327	0.025441096928780077	-0.040603216907893425	0.047357578562537056	-0.04522404602269691	0.025891744998196943	-0.021245725364399223	0.0848846866590291	-0.05598900097874847	0.061960824208424525	-0.02147843535770641	0.018571316277683186	-0.07294601821335388	0.08639906621561529	-0.06967715339609748	0.07412920285238811	-0.05145826696798549	0.09701861803041506	-0.0868636217338706	0.08258980617974734	-0.052065735628585005	0.04302849461174903	-0.5591267463693216	0.3145156162735893	-0.09686325202726201	0.06917367409133818	-0.05733775167038408	0.9999999999999896	-0.5898175474289346	0.09557552113895759	-0.08308431286970959	0.05913200540856496	-0.44683190135948675	0.2787333777400145	-0.13527584106060614	0.07452978486788607	-0.09078325650074012
-0.06077467155164106	0.06147712674063063	-0.07425500301060108	0.026776079780454622	-0.03072435194029116	0.04767731861998516	-0.05604609603005877	0.05388630106221979	-0.031182608646964118	0.025498141667079206	-0.09993836568674781	0.0654937745134447	-0.0742367647070215	0.025818803443566487	-0.02236606439330297	0.07767958362927888	-0.09913728489818174	0.0827623002031044	-0.09000915837870745	0.06100831111128643	-0.09964231510181745	0.09100562272174896	-0.10033230677435648	0.06277879735752069	-0.05154790934318529	0.3087236589807059	-0.5282851812921691	0.12342136390838994	-0.08436937150901276	0.06785460581520651	-0.5898175474289346	0.9999999999999897	-0.13084942715090114	0.09895492821005386	-0.0711118323789266	0.29812574946092807	-0.45478087341934526	0.15558419479977845	-0.08953445976005378	0.10441493968871982
0.08177326132521368	-0.09236961444536723	0.10722769019436654	-0.04012446361743477	0.045401833685575696	-0.0650666878596511	0.0817971462779475	-0.08352114443308224	0.04951897408989801	-0.04078935047733194	0.13166510759975802	-0.09801324009492686	0.11508196888438216	-0.0427925827249637	0.036340760717285016	-0.09799833776367423	0.13365376442152843	-0.19304384588573006	0.17270824635936557	-0.13401360388301187	0.11151216674620115	-0.12119791464249557	0.23065405445025633	-0.13296277743763954	0.11080272577128718	-0.1243186789165977	0.14520400505967584	-0.7991853489281482	0.16204859485546463	-0.16194373988368183	0.09557552113895759	-0.13084942715090114	0.9999999999999882	-0.3587226044175433	0.1711527171934723	-0.10234208426544447	0.09722096260949417	-0.22031446073644603	0.16823292554216024	-0.20800250789365862
-0.1227037712963141	0.12409427586855655	-0.15856216317839222	0.0587566233531803	-0.06764727717489644	0.09393332251322066	-0.11444117455957734	0.11376713985410096	-0.07237256517347987	0.05851676156189702	-0.19412699560360486	0.13111245825830348	-0.15760778780187623	0.06149877839272069	-0.0530863073887568	0.12621433368670226	-0.17968655645954584	0.18823584452324835	-0.2556911834199281	0.187313476641731	-0.13928420812159742	0.1355548956485036	-0.23037319873042242	0.18394709488594252	-0.18757222913047678	0.09644697677912904	-0.11125897273885939	0.22711934232386818	-0.2841764430129934	0.26143719480143274	-0.08308431286970959	0.09895492821005386	-0.3587226044175433	0.9999999999999883	-0.5063996134735742	0.0990734793883222	-0.1016312191399144	0.28098203232551067	-0.45852286045145935	0.3099925005679703
0.0857441526779895	-0.08881750329654073	0.1116845689378217	-0.04203305666338903	0.048212522232223776	-0.06598196145692192	0.08108780595489883	-0.08119994646119601	0.052764314263955746	-0.04303114289603512	0.13546274263684155	-0.09336510539809742	0.11175387329275377	-0.04563325591315895	0.03929261825192095	-0.0889512513407244	0.12578051414125035	-0.14078722760390103	0.1950403876873296	-0.24797029263833908	0.09724396378318458	-0.09605725950492257	0.15844489576437648	-0.14874116469751472	0.2281402146562284	-0.06891167813259536	0.07688595423249064	-0.15271193937512711	0.20112137640871908	-0.6507605761687075	0.05913200540856496	-0.0711118323789266	0.1711527171934723	-0.5063996134735742	0.9999999999999873	-0.07422396838672418	0.07359117706172183	-0.2252342818861206	0.2249569544230159	-0.34556969425096756
-0.0673995559218758	0.06564201832762775	-0.08288506564256544	0.029652990877734008	-0.03425459906782416	0.05181809493298778	-0.06080665352538701	0.05848926454418968	-0.03416184591134994	0.027799488919589794	-0.10890188393619035	0.06976217109290418	-0.08079937889283585	0.027978609130806655	-0.0243947558132034	0.07690540335422578	-0.10193215422632196	0.08215280044062127	-0.0947668122978693	0.06257767044223059	-0.0937416494184877	0.08419997704322406	-0.0975950663600447	0.06474917318427544	-0.05367376447791826	0.21966605781378917	-0.25588553426581395	0.09646675148795336	-0.08963598416851434	0.06942739997299098	-0.44683190135948675	0.29812574946092807	-0.10234208426544447	0.0990734793883222	-0.07422396838672418	0.9999999999999877	-0.7692108891797682	0.181910596907208	-0.10310324534988627	0.11014910588898352
0.06087036066669435	-0.05996604682668833	0.07516351997123608	-0.027004563620591858	0.031157671512700685	-0.046953559685391937	0.05528010023147881	-0.053303807685052884	0.03126894847617856	-0.02547729793950474	0.09819324168109117	-0.06357974436604588	0.07346318651434278	-0.025697554091103247	0.022378933690446984	-0.07038371687239997	0.09228792172153635	-0.07639657811898122	0.08807045531837196	-0.05982757614690496	0.08476264515796077	-0.07789265709559814	0.09005060464060308	-0.06064995818832549	0.05140062154770557	-0.2150531875887386	0.2175871285622545	-0.09262005484676752	0.08376512826763752	-0.06782460019649049	0.2787333777400145	-0.45478087341934526	0.09722096260949417	-0.1016312191399144	0.07359117706172183	-0.7692108891797682	0.9999999999999872	-0.25091175127202825	0.11098428937860584	-0.11706463130301581
-0.1838876952010134	0.17160793900309418	-0.23102429549309975	0.08220633657904564	-0.09576297102422776	0.13753372449299744	-0.1624151824870923	0.15757099876915617	-0.09434680003707771	0.07614965640837273	-0.2884225461462486	0.18167863935046524	-0.21882752099908973	0.07656611076756407	-0.06723927043533298	0.17434801017716123	-0.24895733059310177	0.20367260754713024	-0.2588874385208041	0.16531767467999245	-0.18892281788122753	0.17260049369733182	-0.23932254532297187	0.17308991943590973	-0.1489233385427765	0.1364015766731024	-0.15696204660212457	0.18378595319453367	-0.25191640487887806	0.187373050526086	-0.13527584106060614	0.15558419479977845	-0.22031446073644603	0.28098203232551067	-0.2252342818861206	0.181910596907208	-0.25091175127202825	0.9999999999999873	-0.5487535556469383	0.31792859821403685
0.10096578721756466	-0.09791229492589358	0.12845444587396324	-0.04659441420908769	0.05397721036628121	-0.07632860280950801	0.09143312355572768	-0.08970669387050301	0.055233052921186965	-0.044681244476426296	0.15882377161305475	-0.10341701725208488	0.12420822247748461	-0.04583060292592086	0.039920767221629315	-0.09935140870483991	0.14124729570474892	-0.13083561542897498	0.1706777811092964	-0.1255591952992613	0.10823786487896969	-0.10221517281405605	0.1537824104776884	-0.1194717449146438	0.1162571943495338	-0.08007441412601082	0.08992751970392206	-0.1408056645575088	0.17316001326527092	-0.16835433012006584	0.07452978486788607	-0.08953445976005378	0.16823292554216024	-0.45852286045145935	0.2249569544230159	-0.10310324534988627	0.11098428937860584	-0.5487535556469383	0.9999999999999869	-0.6139578712935245
-0.16161569751502383	0.15351004743935306	-0.20512932231763953	0.07387481320416017	-0.08587554829052249	0.12131887026253588	-0.14454594711195473	0.14123148647718992	-0.08671384321173259	0.06991438678545966	-0.2532898001671402	0.16226451119483748	-0.19593926827718716	0.07129978816454563	-0.06238297233319659	0.1541142626708788	-0.22096968432486697	0.19314216029364423	-0.2591392601809851	0.17601727457587607	-0.165777529698593	0.1542418298125156	-0.2260106135104403	0.17414785457614446	-0.16922147113441302	0.10242802662450703	-0.11652629604670992	0.173760582376226	-0.25700318113304854	0.22176737154061948	-0.09078325650074012	0.10441493968871982	-0.20800250789365862	0.3099925005679703	-0.34556969425096756	0.11014910588898352	-0.11706463130301581	0.31792859821403685	-0.6139578712935245	0.999999999999987
