0.9999999999999999	-0.475326109973092	0.17082418422348486	-0.16978258678113672	0.2177953240457971	-0.6299533569809966	0.24934412513084608	-0.23686788062066363	0.1005636760741218	-0.0811623096921454	0.3045962612135396	-0.25332139810672294	0.20433248758953512	-0.11578807827938772	0.10945117692774443	-0.2176334694721031	0.2208523793959157	-0.13458619351777823	0.10939754650296149	-0.12103387649707159	0.11245268415026217	-0.1264618621993487	0.05540865450500043	-0.05649458211210311	0.09423241724122043	-0.09041387822573167	0.09657605281608016	-0.0904238435929285	0.09117742763711366	-0.10337866275041747	0.0786511891818254	-0.09788554925433209	0.10187292883216091	-0.08278043046404476	0.10327867402531231	-0.05610866428144866	0.049728796660120006	-0.100063015735856	0.0740125640401467	-0.0588355791083046	0.021175990808707884	-0.01998971606635995	0.04261630689221723	-0.03903060813285933	0.07320614331266581
-0.475326109973092	1.0000000000000004	-0.42663422955216057	0.2605143528209386	-0.39168253075209486	0.2492798488749522	-0.36801398276864766	0.24991873478382634	-0.1304691967805952	0.10236651903823321	-0.30101110073243764	0.23533633047273783	-0.24987789650421732	0.1345389029757888	-0.13660448967541386	0.18132120872689486	-0.25414484650736585	0.1398216246792219	-0.12122567471813765	0.12192386476286722	-0.10371688825190635	0.11414033154530259	-0.055046578271692265	0.05519439644336812	-0.09932273177803853	0.08289674278176783	-0.09201429106083817	0.08746860800563568	-0.09192415404391954	0.10225912404365632	-0.07462819436028088	0.09120182166613679	-0.10135399082906917	0.08121593474212081	-0.10667572948363811	0.052889886850062455	-0.04747566346485796	0.09510908336819947	-0.07345952219317488	0.05916943840805162	-0.020538324937702565	0.019294260301841087	-0.04296102256746375	0.038871290728917755	-0.0749647588795482
0.17082418422348486	-0.42663422955216057	1.0	-0.79685158027237	0.2701362300666318	-0.1131935697500466	0.15715657436679104	-0.17445172596531375	0.08439316948072308	-0.06910785082576472	0.13325828588606958	-0.12197430843740559	0.1329276386384585	-0.08110264689774252	0.0788873551725844	-0.10247117997272626	0.1296620583719435	-0.07967404956260866	0.06750095141357726	-0.07097280077207915	0.05765435236529316	-0.06469009633562571	0.03126864722957515	-0.031595122287544596	0.05623380306946748	-0.047503541323441346	0.052022134053720526	-0.05049009499714102	0.05234050448785163	-0.05932627240481396	0.0424208050067035	-0.05234949831258509	0.05768208530585125	-0.04681653180888866	0.060572391609091635	-0.030810894868568226	0.027488325074404765	-0.05578746547378152	0.04231453808067288	-0.0340161184338888	0.011903789644456556	-0.011212545589345688	0.024817299396171486	-0.02255211304897084	0.0428281562810679
-0.16978258678113672	0.2605143528209386	-0.79685158027237	1.0000000000000002	-0.4474403444713321	0.10628653493537593	-0.14143237951123397	0.13894673919847234	-0.09722973712245492	0.07718127509135744	-0.13290644036702426	0.11489798582513398	-0.13010732479651513	0.08330709820166209	-0.08366547728400492	0.09840623793001439	-0.1294321340770135	0.0776992701887119	-0.06714453717592515	0.06955516394347068	-0.05607590056432583	0.06261664381233108	-0.030629381487351046	0.030855943897702628	-0.05562967572405059	0.046073877520664636	-0.05075470538577006	0.049261351922500016	-0.051424623027089056	0.057990429389969476	-0.04135691242227019	0.050870989843671624	-0.05658685820905254	0.04578167491788456	-0.05972658541064344	0.029942568487145764	-0.026774443510939158	0.05423492369226218	-0.041449083073634464	0.033381206816765666	-0.011618237631715093	0.010933583534651792	-0.0243513921615834	0.022082576298243374	-0.04216024593702722
0.2177953240457971	-0.39168253075209486	0.2701362300666318	-0.4474403444713321	1.0000000000000004	-0.1494895101262762	0.17857303412684133	-0.18487074032657214	0.1321596758806198	-0.12701310486960243	0.18358690719976928	-0.16940148390258336	0.17751990312897475	-0.1250380957223761	0.12574335291707073	-0.18002541423732984	0.20785949567906103	-0.12908445137934707	0.108678431366555	-0.12359437607057595	0.10109717778395763	-0.11471985372830792	0.05488354379581135	-0.05580540966057844	0.09728004748539322	-0.08598933607432724	0.09313521460070814	-0.09200062471418394	0.09431449947980895	-0.10674277702312811	0.07658682281070939	-0.09494727995481814	0.10460139479209349	-0.08561909988928013	0.10895144484220813	-0.05716772498442576	0.050765865802140535	-0.10419599024095484	0.07781858009827675	-0.06238546764459553	0.02213625970143146	-0.020889982369711735	0.046221929203705936	-0.042059477121994676	0.07843166643179728
-0.6299533569809966	0.2492798488749522	-0.1131935697500466	0.10628653493537593	-0.1494895101262762	1.0000000000000007	-0.31415693858676486	0.20959551519231015	-0.08361449971324829	0.06562551469939584	-0.6025448663449448	0.24471160595402894	-0.19773631386889204	0.0974619404243276	-0.09319783151637989	0.16395658365998128	-0.19237603280934495	0.10766543376728469	-0.08902555139867686	0.09166341191862253	-0.0875800640646064	0.0940652935938716	-0.04185348243348124	0.04228554493953095	-0.07225168679989676	0.06641705792916137	-0.07236366339053694	0.06634597299694517	-0.0679174757157257	0.07649814011474321	-0.05850070095344959	0.07175481240711534	-0.0756303274552216	0.060739011832921734	-0.07719371244754826	0.040638676997862416	-0.036253379104428024	0.07207999562789286	-0.05429088358991342	0.043299952018089706	-0.015411953518120643	0.014512709885301026	-0.031184859044488707	0.02845626132867462	-0.054127822866631314
0.24934412513084608	-0.36801398276864766	0.15715657436679104	-0.14143237951123397	0.17857303412684133	-0.31415693858676486	1.000000000000001	-0.6919574366305135	0.11209119011726995	-0.08875181621443397	0.2584337056233535	-0.391659160583906	0.28688711510040493	-0.13561166956510262	0.12220683443038127	-0.16752634343417372	0.21698524734214628	-0.14020524422107547	0.11234729304720517	-0.11213803280492593	0.09060941586059042	-0.10256778723305181	0.04833046296038023	-0.048946837766321874	0.08612037620679132	-0.07237036065375511	0.07889864786683483	-0.0749389065019723	0.0769094083645461	-0.089523911520525	0.06365590547493696	-0.07917477166494359	0.08430650580473395	-0.0685716666446801	0.08816004226151049	-0.045128336130359305	0.04018512295007248	-0.08097414415869797	0.06108097411113548	-0.04898912267266017	0.017109855610734602	-0.016129751572570468	0.03500064755101089	-0.03198511117665387	0.06107755946686701
-0.23686788062066363	0.24991873478382634	-0.17445172596531375	0.13894673919847234	-0.18487074032657214	0.20959551519231015	-0.6919574366305135	1.0000000000000009	-0.14810418885519186	0.10907985892313293	-0.2495677049495942	0.284491939124958	-0.4952236810891594	0.16883537118674688	-0.160325060330445	0.1560456565986022	-0.22698586981688615	0.1557071511865798	-0.1325599516128324	0.11853884780837108	-0.08782540055340034	0.09852401914291867	-0.050097631421818827	0.050154978614768246	-0.09340278500646543	0.07021966263506725	-0.07787360727783603	0.0751013997499929	-0.07884206578651441	0.09170760709423517	-0.06266147362507773	0.07749007215826074	-0.08528391952757168	0.06913492715682279	-0.0917472937231788	0.04440058769135095	-0.03974661103591066	0.08020178104062273	-0.06178688300187907	0.04996072113512298	-0.017014994682636606	0.016013158121993956	-0.03551819176913203	0.03231623884117865	-0.06271720105349651
0.1005636760741218	-0.1304691967805952	0.08439316948072308	-0.09722973712245492	0.1321596758806198	-0.08361449971324829	0.11209119011726995	-0.14810418885519186	1.0000000000000004	-0.7814772034961434	0.10390928109158529	-0.13484328327745163	0.1762359090336571	-0.4495649693857387	0.3129589798398277	-0.10230322892565169	0.12467809217325601	-0.13184042127966955	0.11915961310337844	-0.11648504741398849	0.057769193388415914	-0.06673019590800587	0.038215620754492335	-0.03892253258131227	0.07985753745993832	-0.048959057238869855	0.053950516943377956	-0.05637557185039557	0.059156830022721214	-0.07617458805854378	0.043659930357987174	-0.054981202010524005	0.06180059526121438	-0.05172528905725815	0.06973453254062265	-0.03220206067752409	0.028693030535990156	-0.059607633401365365	0.045721780153783254	-0.03738325399885252	0.012284879441171674	-0.01159744260953275	0.026033486628905284	-0.02384543236766906	0.04633815159974744
-0.0811623096921454	0.10236651903823321	-0.06910785082576472	0.07718127509135744	-0.12701310486960243	0.06562551469939584	-0.08875181621443397	0.10907985892313293	-0.7814772034961434	0.9999999999999989	-0.08342238230253732	0.10307847450772598	-0.1447196238221738	0.2910934500623115	-0.5149781620241144	0.07976455536805967	-0.1014774921073596	0.10193089874446361	-0.09774941847938995	0.09714672164429813	-0.045761422546104616	0.052591704633176486	-0.03086395887319945	0.031206398463376455	-0.06886215933571027	0.03880169880680899	-0.04313512600305995	0.04531505608646256	-0.04837371920874546	0.061731318271173806	-0.034873759217124184	0.04376332715740118	-0.050178199942375316	0.0418404622302115	-0.05772207131818493	0.02568189173641777	-0.022961081965616137	0.04768309462191111	-0.037110458162737656	0.030484232878876773	-0.009863281698731574	0.009300703677787826	-0.021177240968953008	0.019333832633624537	-0.03800198586461062
0.3045962612135396	-0.30101110073243764	0.13325828588606958	-0.13290644036702426	0.18358690719976928	-0.6025448663449448	0.2584337056233535	-0.2495677049495942	0.10390928109158529	-0.08342238230253732	1.0000000000000004	-0.4815224506006473	0.24324507180960966	-0.1272714912231041	0.11650476356932778	-0.2731531962612859	0.2552845610288499	-0.14727929731512404	0.1175893091119829	-0.12635845092791528	0.13021247365028873	-0.14000454848293445	0.058578124789916766	-0.05954479939947689	0.09797320447885095	-0.09706928181931221	0.10408084687523908	-0.09367336536799843	0.09440576814749657	-0.10644689023631276	0.08414364692261554	-0.10370996396256436	0.10600012296205275	-0.08521052005179379	0.10610622040250335	-0.057956337646466446	0.051519589469837035	-0.10197750756685946	0.07579726982253891	-0.060101244352540134	0.02173872683767767	-0.020492624816701784	0.04325976164026875	-0.0396146907392229	0.07469656959275785
-0.25332139810672294	0.23533633047273783	-0.12197430843740559	0.11489798582513398	-0.16940148390258336	0.24471160595402894	-0.391659160583906	0.284491939124958	-0.13484328327745163	0.10307847450772598	-0.4815224506006473	0.9999999999999979	-0.5161982654230428	0.1710129719809045	-0.15961684603964157	0.21306471689493345	-0.4329965404374788	0.18002912286907952	-0.14732861835631914	0.13624795507734036	-0.11738621229866852	0.13249736771176612	-0.060169798674134044	0.06047433003575233	-0.10612549675444825	0.08974361244440753	-0.09939864112267778	0.09097083130812479	-0.09361932714844842	0.10772972148102417	-0.07895189959263595	0.09774046876151973	-0.10281382811394953	0.08283497691767785	-0.10678038896391377	0.05457162436731379	-0.04871616501430611	0.09698853905894346	-0.07355416142502931	0.05890357573384017	-0.02060027900026981	0.019400429566689026	-0.041855944608507306	0.03823651654339948	-0.07344655165304312
0.20433248758953512	-0.24987789650421732	0.1329276386384585	-0.13010732479651513	0.17751990312897475	-0.19773631386889204	0.28688711510040493	-0.4952236810891594	0.1762359090336571	-0.1447196238221738	0.24324507180960966	-0.5161982654230428	0.9999999999999989	-0.3460725372606793	0.213538658807229	-0.2007893104919899	0.26015288707291845	-0.2907308285335047	0.19468620452384958	-0.1734462122981869	0.10981574428282996	-0.12691909703381773	0.06762257602730296	-0.06846220903604201	0.12530919153155964	-0.08987343449367599	0.0984239884848272	-0.09768669320820021	0.10098934924845254	-0.12437602626956645	0.07919031923158867	-0.09950878402503391	0.10772585293033927	-0.08896785303228098	0.11690779169587245	-0.05693648712909556	0.050671278575009866	-0.10355325855644679	0.07859933937914879	-0.06361813122537247	0.02153215693074141	-0.02032095840897173	0.04462654887128108	-0.04089878857132772	0.07885504723517041
-0.11578807827938772	0.1345389029757888	-0.08110264689774252	0.08330709820166209	-0.1250380957223761	0.0974619404243276	-0.13561166956510262	0.16883537118674688	-0.4495649693857387	0.2910934500623115	-0.1272714912231041	0.1710129719809045	-0.3460725372606793	0.9999999999999967	-0.7036484219280138	0.11587647776551606	-0.15657405371978714	0.17981738580938533	-0.20558292371266268	0.1505794029096134	-0.06681510546001684	0.07684323683642887	-0.047255401099233554	0.04747788910564328	-0.10599686106508013	0.05623262357589921	-0.06293121020928129	0.06626439358078841	-0.0713258200480677	0.09168472946691945	-0.05064183648955586	0.06355662989012131	-0.07328768291611876	0.06106697748598697	-0.08540030114300753	0.03703048723706226	-0.03317074846589822	0.06880986176209161	-0.054020399714943546	0.04452014624155961	-0.014214380892227062	0.013396655698780673	-0.03066859613946665	0.027986791170835877	-0.05551554106034312
0.10945117692774443	-0.13660448967541386	0.0788873551725844	-0.08366547728400492	0.12574335291707073	-0.09319783151637989	0.12220683443038127	-0.160325060330445	0.3129589798398277	-0.5149781620241144	0.11650476356932778	-0.15961684603964157	0.213538658807229	-0.7036484219280138	0.9999999999999977	-0.11686822160715798	0.14357132823695867	-0.16655557196561083	0.15512049626485094	-0.1700583934037658	0.06652419020471492	-0.0770507891361171	0.04627746586467992	-0.0471103116796729	0.10608656599041437	-0.0566497947919374	0.06281462684533215	-0.06694603495696783	0.07110448910293118	-0.09501595068056852	0.05071374590062717	-0.06401567709762462	0.07303663452738617	-0.06151020631523419	0.0848052030996181	-0.03745637308839782	0.03343170018040579	-0.06980084906905291	0.05412465275438304	-0.0445696314807149	0.014294724384469003	-0.013492751550908975	0.030627635244964008	-0.02806137452622904	0.05515412450511365
-0.2176334694721031	0.18132120872689486	-0.10247117997272626	0.09840623793001439	-0.18002541423732984	0.16395658365998128	-0.16752634343417372	0.1560456565986022	-0.10230322892565169	0.07976455536805967	-0.2731531962612859	0.21306471689493345	-0.2007893104919899	0.11587647776551606	-0.11686822160715798	0.9999999999999969	-0.47662283564604085	0.16248149047847266	-0.14268429236923297	0.1549017580305806	-0.5739920323465962	0.2922272166084476	-0.09916571170570124	0.0951148398727535	-0.13908426696425272	0.20386418785635219	-0.23859586322029733	0.15730337272137662	-0.16707151444233703	0.15222278623551402	-0.19342901472814952	0.19508106321299884	-0.20382877481904277	0.1425669195808949	-0.17802784613234846	0.10205325389771037	-0.09536131290544904	0.16021309692806654	-0.1291622103904915	0.10016978169810846	-0.0393512553256023	0.03633780391360761	-0.07371998660899252	0.06585002927273954	-0.12844396147411868
0.2208523793959157	-0.25414484650736585	0.1296620583719435	-0.1294321340770135	0.20785949567906103	-0.19237603280934495	0.21698524734214628	-0.22698586981688615	0.12467809217325601	-0.1014774921073596	0.2552845610288499	-0.4329965404374788	0.26015288707291845	-0.15657405371978714	0.14357132823695867	-0.47662283564604085	0.9999999999999978	-0.2851343786849189	0.19366892134191335	-0.2173027166008477	0.23536471233078182	-0.30915703470034506	0.10477977417801224	-0.10792050227811015	0.16140245191285113	-0.18044142153487971	0.1938201644272178	-0.16525678409072467	0.1600228523220611	-0.18295143053711377	0.1511299966801624	-0.19387495030056665	0.18151932928074255	-0.14675424489669675	0.17464727807241345	-0.10233847533202373	0.09015119021258444	-0.1770618822747769	0.1279457908673016	-0.10013504357400392	0.03714623128800791	-0.03512509094836262	0.07108945091761078	-0.06574703334300906	0.1223666137616693
-0.13458619351777823	0.1398216246792219	-0.07967404956260866	0.0776992701887119	-0.12908445137934707	0.10766543376728469	-0.14020524422107547	0.1557071511865798	-0.13184042127966955	0.10193089874446361	-0.14727929731512404	0.18002912286907952	-0.2907308285335047	0.17981738580938533	-0.16655557196561083	0.16248149047847266	-0.2851343786849189	0.999999999999995	-0.769910853056536	0.2636041402122758	-0.10224977370925452	0.11834525934607683	-0.11721230901824153	0.10551460752274573	-0.2235859388331191	0.08704811371126081	-0.1023699396779423	0.11403359346752256	-0.13105363767059602	0.16122162378970145	-0.08102401121786351	0.10127074019617946	-0.12733889273920362	0.10489203682188171	-0.1609390698198409	0.05884149946437149	-0.05346629402756823	0.11148694987796165	-0.09319784037396427	0.07849024587299303	-0.023067679469497913	0.02165459579004155	-0.05274231317257266	0.04764052462681006	-0.09959414094422896
0.10939754650296149	-0.12122567471813765	0.06750095141357726	-0.06714453717592515	0.108678431366555	-0.08902555139867686	0.11234729304720517	-0.1325599516128324	0.11915961310337844	-0.09774941847938995	0.1175893091119829	-0.14732861835631914	0.19468620452384958	-0.20558292371266268	0.15512049626485094	-0.14268429236923297	0.19366892134191335	-0.769910853056536	0.9999999999999962	-0.43915737907877633	0.08676786914879585	-0.10209383219725676	0.09032009525907357	-0.09149690761026849	0.21047273598398772	-0.07567431075894665	0.08695321681593986	-0.10150860829084124	0.11251024355632891	-0.16599523914929742	0.06931449397469044	-0.08811919035078518	0.10762896369502352	-0.09230032215951835	0.13711554551144103	-0.051584491993815845	0.046441891294451317	-0.09881347565434485	0.08013064074128577	-0.06768169867278476	0.019844782661224067	-0.018704897753678718	0.04459039223764086	-0.04080076134210338	0.08351730662829748
-0.12103387649707159	0.12192386476286722	-0.07097280077207915	0.06955516394347068	-0.12359437607057595	0.09166341191862253	-0.11213803280492593	0.11853884780837108	-0.11648504741398849	0.09714672164429813	-0.12635845092791528	0.13624795507734036	-0.1734462122981869	0.1505794029096134	-0.1700583934037658	0.1549017580305806	-0.2173027166008477	0.2636041402122758	-0.43915737907877633	0.9999999999999963	-0.10566519479407575	0.12090053718289216	-0.10941670274792314	0.10718755134114827	-0.6512051281437015	0.09730835981968264	-0.11770262586985024	0.14801893699005553	-0.18529407777744897	0.27437872072920516	-0.09403777675428061	0.11861148066009268	-0.167071363189832	0.14344906413835057	-0.25121198441299386	0.07130748855482964	-0.06542063511692173	0.1419031657285923	-0.12613981462761495	0.11010886857227158	-0.02840347571567032	0.026650720886781123	-0.06963988370465471	0.06289633966879689	-0.13902001407477044
0.11245268415026217	-0.10371688825190635	0.05765435236529316	-0.05607590056432583	0.10109717778395763	-0.0875800640646064	0.09060941586059042	-0.08782540055340034	0.057769193388415914	-0.045761422546104616	0.13021247365028873	-0.11738621229866852	0.10981574428282996	-0.06681510546001684	0.06652419020471492	-0.5739920323465962	0.23536471233078182	-0.10224977370925452	0.08676786914879585	-0.10566519479407575	0.9999999999999952	-0.6317844691412143	0.09176684772901575	-0.09128788937563401	0.09302199517886461	-0.3062446545441451	0.25673335354273924	-0.1366846770692247	0.12793191260351655	-0.11117317404345634	0.20107524657029152	-0.218678076110141	0.162047567326259	-0.11383023960748227	0.12435604756325284	-0.09409036670578678	0.08470686479915902	-0.13145693697475	0.0983339192433176	-0.07319482234943929	0.03219094217498601	-0.029934979593689848	0.05277907963425538	-0.048133729609719476	0.09053418024205435
-0.1264618621993487	0.11414033154530259	-0.06469009633562571	0.06261664381233108	-0.11471985372830792	0.0940652935938716	-0.10256778723305181	0.09852401914291867	-0.06673019590800587	0.052591704633176486	-0.14000454848293445	0.13249736771176612	-0.12691909703381773	0.07684323683642887	-0.0770507891361171	0.2922272166084476	-0.30915703470034506	0.11834525934607683	-0.10209383219725676	0.12090053718289216	-0.6317844691412143	0.9999999999999949	-0.13535147077422904	0.11731220541861087	-0.11030081176098341	0.23517607259182105	-0.5006257098485475	0.164115504016079	-0.16182546044495988	0.12856418632456532	-0.213539401796377	0.245113755073468	-0.2022873391040521	0.13109217891645134	-0.14796811518507688	0.09939122012471695	-0.09269816490681594	0.14479350040579575	-0.1140465489721324	0.08501133434844735	-0.035683133736926505	0.03300286347162652	-0.06107406176817626	0.0552806691369792	-0.10622236349201422
0.05540865450500043	-0.055046578271692265	0.03126864722957515	-0.030629381487351046	0.05488354379581135	-0.04185348243348124	0.04833046296038023	-0.050097631421818827	0.038215620754492335	-0.03086395887319945	0.058578124789916766	-0.060169798674134044	0.06762257602730296	-0.047255401099233554	0.04627746586467992	-0.09916571170570124	0.10477977417801224	-0.11721230901824153	0.09032009525907357	-0.10941670274792314	0.09176684772901575	-0.13535147077422904	0.999999999999995	-0.9446128827155289	0.11188928313324442	-0.07039547071984638	0.09532089550418409	-0.16254093188258514	0.15108046919902504	-0.10743929601790175	0.0643243024326368	-0.08314629847883286	0.09533572102840857	-0.07251377951170128	0.09130210465413847	-0.042210606201931816	0.03822957891104187	-0.07658816354212387	0.060481107694008135	-0.04811319997779822	0.01563222207770197	-0.01469415242774443	0.03209020823918621	-0.02956950243813374	0.05836120328582492
-0.05649458211210311	0.05519439644336812	-0.031595122287544596	0.030855943897702628	-0.05580540966057844	0.04228554493953095	-0.048946837766321874	0.050154978614768246	-0.03892253258131227	0.031206398463376455	-0.05954479939947689	0.06047433003575233	-0.06846220903604201	0.04747788910564328	-0.0471103116796729	0.0951148398727535	-0.10792050227811015	0.10551460752274573	-0.09149690761026849	0.10718755134114827	-0.09128788937563401	0.11731220541861087	-0.9446128827155289	0.9999999999999957	-0.12687641911475825	0.06865230662131047	-0.09472874929432472	0.14604946837986538	-0.17516385152878478	0.10898745641220418	-0.06430842049557385	0.08099215065503385	-0.09709919320506552	0.0731016823408133	-0.09553832835879986	0.041895611624710984	-0.038244311339990435	0.07616503235270874	-0.06165926351055986	0.04929957656834601	-0.015758371960909734	0.014773727431455688	-0.03289178623345124	0.030126234082583983	-0.06041887890102227
0.09423241724122043	-0.09932273177803853	0.05623380306946748	-0.05562967572405059	0.09728004748539322	-0.07225168679989676	0.08612037620679132	-0.09340278500646543	0.07985753745993832	-0.06886215933571027	0.09797320447885095	-0.10612549675444825	0.12530919153155964	-0.10599686106508013	0.10608656599041437	-0.13908426696425272	0.16140245191285113	-0.2235859388331191	0.21047273598398772	-0.6512051281437015	0.09302199517886461	-0.11030081176098341	0.11188928313324442	-0.12687641911475825	0.9999999999999963	-0.08895754025614835	0.10493969654197062	-0.1555046514207974	0.17825066986310076	-0.5724272861452357	0.08365634836878721	-0.10969770119873799	0.146322640406683	-0.14231637320655052	0.23019586980406095	-0.06680085995834001	0.06019825016445265	-0.13743180990129159	0.11499690502068595	-0.1034597394596802	0.025477231633384605	-0.024114073762037676	0.06043511047245338	-0.05650318841081873	0.1187215987661691
-0.09041387822573167	0.08289674278176783	-0.047503541323441346	0.046073877520664636	-0.08598933607432724	0.06641705792916137	-0.07237036065375511	0.07021966263506725	-0.048959057238869855	0.03880169880680899	-0.09706928181931221	0.08974361244440753	-0.08987343449367599	0.05623262357589921	-0.0566497947919374	0.20386418785635219	-0.18044142153487971	0.08704811371126081	-0.07567431075894665	0.09730835981968264	-0.3062446545441451	0.23517607259182105	-0.07039547071984638	0.06865230662131047	-0.08895754025614835	0.9999999999999951	-0.3830775063610471	0.14547677119028266	-0.13961612742256663	0.11167803919638121	-0.7558243664219814	0.28399028027580586	-0.20427346895683818	0.12961316663743314	-0.13674116962095398	0.16175147565057216	-0.15613166612203228	0.1534220891969886	-0.11782722279035825	0.08332444063107093	-0.0514505459315748	0.046396799476154764	-0.06203550202684859	0.05574699029062909	-0.10456465420459557
0.09657605281608016	-0.09201429106083817	0.052022134053720526	-0.05075470538577006	0.09313521460070814	-0.07236366339053694	0.07889864786683483	-0.07787360727783603	0.053950516943377956	-0.04313512600305995	0.10408084687523908	-0.09939864112267778	0.0984239884848272	-0.06293121020928129	0.06281462684533215	-0.23859586322029733	0.1938201644272178	-0.1023699396779423	0.08695321681593986	-0.11770262586985024	0.25673335354273924	-0.5006257098485475	0.09532089550418409	-0.09472874929432472	0.10493969654197062	-0.3830775063610471	0.9999999999999953	-0.24811220194953765	0.18325179424586538	-0.13839555471314743	0.2693442884539622	-0.5882387067743643	0.2466753571256789	-0.16211392971600122	0.15380989550065816	-0.12608431627687514	0.1129313665335533	-0.1759386603181229	0.12892645511198492	-0.09258474171313556	0.040587219739159824	-0.03805291690387217	0.06453386691158045	-0.05980674791305231	0.11077910448413497
-0.0904238435929285	0.08746860800563568	-0.05049009499714102	0.049261351922500016	-0.09200062471418394	0.06634597299694517	-0.0749389065019723	0.0751013997499929	-0.05637557185039557	0.04531505608646256	-0.09367336536799843	0.09097083130812479	-0.09768669320820021	0.06626439358078841	-0.06694603495696783	0.15730337272137662	-0.16525678409072467	0.11403359346752256	-0.10150860829084124	0.14801893699005553	-0.1366846770692247	0.164115504016079	-0.16254093188258514	0.14604946837986538	-0.1555046514207974	0.14547677119028266	-0.24811220194953765	0.9999999999999956	-0.786192286728606	0.2182528920299092	-0.14321376543021952	0.20184733877225824	-0.3485807525704231	0.1909739078883731	-0.22058606205618406	0.09447200392339909	-0.08704369204616325	0.1800565843690536	-0.15182657148273468	0.11432506107942532	-0.03503552038298472	0.032882684403148614	-0.07470646380037195	0.0686925381488536	-0.13854324542917712
0.09117742763711366	-0.09192415404391954	0.05234050448785163	-0.051424623027089056	0.09431449947980895	-0.0679174757157257	0.0769094083645461	-0.07884206578651441	0.059156830022721214	-0.04837371920874546	0.09440576814749657	-0.09361932714844842	0.10098934924845254	-0.0713258200480677	0.07110448910293118	-0.16707151444233703	0.1600228523220611	-0.13105363767059602	0.11251024355632891	-0.18529407777744897	0.12793191260351655	-0.16182546044495988	0.15108046919902504	-0.17516385152878478	0.17825066986310076	-0.13961612742256663	0.18325179424586538	-0.786192286728606	0.9999999999999953	-0.33315818019192933	0.1275871386520145	-0.18491763394702077	0.23837842487076524	-0.19761240235725464	0.21393465512143697	-0.09709165807141482	0.08620973663445097	-0.1945933755333919	0.146826596588171	-0.11450370986979483	0.03454639465329133	-0.03284284589442798	0.07245241967448632	-0.06858230617045807	0.1314116016882197
-0.10337866275041747	0.10225912404365632	-0.05932627240481396	0.057990429389969476	-0.10674277702312811	0.07649814011474321	-0.089523911520525	0.09170760709423517	-0.07617458805854378	0.061731318271173806	-0.10644689023631276	0.10772972148102417	-0.12437602626956645	0.09168472946691945	-0.09501595068056852	0.15222278623551402	-0.18295143053711377	0.16122162378970145	-0.16599523914929742	0.27437872072920516	-0.11117317404345634	0.12856418632456532	-0.10743929601790175	0.10898745641220418	-0.5724272861452357	0.11167803919638121	-0.13839555471314743	0.2182528920299092	-0.33315818019192933	0.999999999999994	-0.10987332358175567	0.14364391905777965	-0.22082716923554527	0.21366862834247602	-0.5173987701573937	0.08814690318885685	-0.08093884531712378	0.1868667438929566	-0.17604721683925792	0.16228533163111575	-0.03447054903664852	0.032493333519717074	-0.08811308387046403	0.08132375197728096	-0.191405423268669
0.0786511891818254	-0.07462819436028088	0.0424208050067035	-0.04135691242227019	0.07658682281070939	-0.05850070095344959	0.06365590547493696	-0.06266147362507773	0.043659930357987174	-0.034873759217124184	0.08414364692261554	-0.07895189959263595	0.07919031923158867	-0.05064183648955586	0.05071374590062717	-0.19342901472814952	0.1511299966801624	-0.08102401121786351	0.06931449397469044	-0.09403777675428061	0.20107524657029152	-0.213539401796377	0.0643243024326368	-0.06430842049557385	0.08365634836878721	-0.7558243664219814	0.2693442884539622	-0.14321376543021952	0.1275871386520145	-0.10987332358175567	0.9999999999999946	-0.43029297157910873	0.20201021100581212	-0.1367054437792091	0.13000591133784892	-0.2379376988874121	0.17066500998691153	-0.17089124942299655	0.11899765391237521	-0.08252677624053614	0.05342015840668629	-0.049621446916837314	0.06057436582159297	-0.05544928432447306	0.10044541142969186
-0.09788554925433209	0.09120182166613679	-0.05234949831258509	0.050870989843671624	-0.09494727995481814	0.07175481240711534	-0.07917477166494359	0.07749007215826074	-0.054981202010524005	0.04376332715740118	-0.10370996396256436	0.09774046876151973	-0.09950878402503391	0.06355662989012131	-0.06401567709762462	0.19508106321299884	-0.19387495030056665	0.10127074019617946	-0.08811919035078518	0.11861148066009268	-0.218678076110141	0.245113755073468	-0.08314629847883286	0.08099215065503385	-0.10969770119873799	0.28399028027580586	-0.5882387067743643	0.20184733877225824	-0.18491763394702077	0.14364391905777965	-0.43029297157910873	0.9999999999999957	-0.4642320490392887	0.19630758428899775	-0.18291837152205603	0.14856442779171944	-0.1465961597091019	0.19470977312481932	-0.15827309830825068	0.10809025423763646	-0.04867058566780772	0.04509332751786715	-0.07496835217258087	0.0686456267382017	-0.13065628574566215
0.10187292883216091	-0.10135399082906917	0.05768208530585125	-0.05658685820905254	0.10460139479209349	-0.0756303274552216	0.08430650580473395	-0.08528391952757168	0.06180059526121438	-0.050178199942375316	0.10600012296205275	-0.10281382811394953	0.10772585293033927	-0.07328768291611876	0.07303663452738617	-0.20382877481904277	0.18151932928074255	-0.12733889273920362	0.10762896369502352	-0.167071363189832	0.162047567326259	-0.2022873391040521	0.09533572102840857	-0.09709919320506552	0.146322640406683	-0.20427346895683818	0.2466753571256789	-0.3485807525704231	0.23837842487076524	-0.22082716923554527	0.20201021100581212	-0.4642320490392887	0.9999999999999959	-0.5096970770904794	0.26090636245788584	-0.1560695793228253	0.13922819026459524	-0.3558783284780057	0.25392138587048546	-0.16835187087101497	0.05161708184790147	-0.04941309028604297	0.10439947068522692	-0.10134824380565537	0.18114080973227897
-0.08278043046404476	0.08121593474212081	-0.04681653180888866	0.04578167491788456	-0.08561909988928013	0.060739011832921734	-0.0685716666446801	0.06913492715682279	-0.05172528905725815	0.0418404622302115	-0.08521052005179379	0.08283497691767785	-0.08896785303228098	0.06106697748598697	-0.06151020631523419	0.1425669195808949	-0.14675424489669675	0.10489203682188171	-0.09230032215951835	0.14344906413835057	-0.11383023960748227	0.13109217891645134	-0.07251377951170128	0.0731016823408133	-0.14231637320655052	0.12961316663743314	-0.16211392971600122	0.1909739078883731	-0.19761240235725464	0.21366862834247602	-0.1367054437792091	0.19630758428899775	-0.5096970770904794	0.9999999999999957	-0.48769526552365355	0.11894552350271666	-0.11372109862634565	0.2942454037759779	-0.5291255928420268	0.22623375658073114	-0.04506882048814733	0.04264159515090753	-0.12193666302294709	0.11628856788712755	-0.23963703787874135
0.10327867402531231	-0.10667572948363811	0.060572391609091635	-0.05972658541064344	0.10895144484220813	-0.07719371244754826	0.08816004226151049	-0.0917472937231788	0.06973453254062265	-0.05772207131818493	0.10610622040250335	-0.10678038896391377	0.11690779169587245	-0.08540030114300753	0.0848052030996181	-0.17802784613234846	0.17464727807241345	-0.1609390698198409	0.13711554551144103	-0.25121198441299386	0.12435604756325284	-0.14796811518507688	0.09130210465413847	-0.09553832835879986	0.23019586980406095	-0.13674116962095398	0.15380989550065816	-0.22058606205618406	0.21393465512143697	-0.5173987701573937	0.13000591133784892	-0.18291837152205603	0.26090636245788584	-0.48769526552365355	0.9999999999999977	-0.12542224380713282	0.11167824573062393	-0.3027716962899951	0.26660079464184033	-0.33173249525577037	0.04547686107616196	-0.043700869538986095	0.11544929378534677	-0.11687340785079689	0.24828243042379647
-0.05610866428144866	0.052889886850062455	-0.030810894868568226	0.029942568487145764	-0.05716772498442576	0.040638676997862416	-0.045128336130359305	0.04440058769135095	-0.03220206067752409	0.02568189173641777	-0.057956337646466446	0.05457162436731379	-0.05693648712909556	0.03703048723706226	-0.03745637308839782	0.10205325389771037	-0.10233847533202373	0.05884149946437149	-0.051584491993815845	0.07130748855482964	-0.09409036670578678	0.09939122012471695	-0.042210606201931816	0.041895611624710984	-0.06680085995834001	0.16175147565057216	-0.12608431627687514	0.09447200392339909	-0.09709165807141482	0.08814690318885685	-0.2379376988874121	0.14856442779171944	-0.1560695793228253	0.11894552350271666	-0.12542224380713282	0.9999999999999962	-0.8710875441419921	0.21821565957666894	-0.15486338430510535	0.09314201129623792	-0.15849690399465327	0.13807723481931947	-0.08191353455358381	0.0704694053710443	-0.12377705722045812
0.049728796660120006	-0.04747566346485796	0.027488325074404765	-0.026774443510939158	0.050765865802140535	-0.036253379104428024	0.04018512295007248	-0.03974661103591066	0.028693030535990156	-0.022961081965616137	0.051519589469837035	-0.04871616501430611	0.050671278575009866	-0.03317074846589822	0.03343170018040579	-0.09536131290544904	0.09015119021258444	-0.05346629402756823	0.046441891294451317	-0.06542063511692173	0.08470686479915902	-0.09269816490681594	0.03822957891104187	-0.038244311339990435	0.06019825016445265	-0.15613166612203228	0.1129313665335533	-0.08704369204616325	0.08620973663445097	-0.08093884531712378	0.17066500998691153	-0.1465961597091019	0.13922819026459524	-0.11372109862634565	0.11167824573062393	-0.8710875441419921	0.9999999999999962	-0.30017474430039764	0.14407262765112347	-0.08609391778392013	0.1466268687242439	-0.1715265150316284	0.07378616952057189	-0.06570243721860916	0.10850005213532515
-0.100063015735856	0.09510908336819947	-0.05578746547378152	0.05423492369226218	-0.10419599024095484	0.07207999562789286	-0.08097414415869797	0.08020178104062273	-0.059607633401365365	0.04768309462191111	-0.10197750756685946	0.09698853905894346	-0.10355325855644679	0.06880986176209161	-0.06980084906905291	0.16021309692806654	-0.1770618822747769	0.11148694987796165	-0.09881347565434485	0.1419031657285923	-0.13145693697475	0.14479350040579575	-0.07658816354212387	0.07616503235270874	-0.13743180990129159	0.1534220891969886	-0.1759386603181229	0.1800565843690536	-0.1945933755333919	0.1868667438929566	-0.17089124942299655	0.19470977312481932	-0.3558783284780057	0.2942454037759779	-0.3027716962899951	0.21821565957666894	-0.30017474430039764	0.9999999999999959	-0.5898102020374109	0.2507857685261355	-0.0879191766451081	0.08146570889789084	-0.19778029092869004	0.16576428978762914	-0.3352948762750664
0.0740125640401467	-0.07345952219317488	0.04231453808067288	-0.041449083073634464	0.07781858009827675	-0.05429088358991342	0.06108097411113548	-0.06178688300187907	0.045721780153783254	-0.037110458162737656	0.07579726982253891	-0.07355416142502931	0.07859933937914879	-0.054020399714943546	0.05412465275438304	-0.1291622103904915	0.1279457908673016	-0.09319784037396427	0.08013064074128577	-0.12613981462761495	0.0983339192433176	-0.1140465489721324	0.060481107694008135	-0.06165926351055986	0.11499690502068595	-0.11782722279035825	0.12892645511198492	-0.15182657148273468	0.146826596588171	-0.17604721683925792	0.11899765391237521	-0.15827309830825068	0.25392138587048546	-0.5291255928420268	0.26660079464184033	-0.15486338430510535	0.14407262765112347	-0.5898102020374109	0.9999999999999964	-0.4008299868777538	0.05374684375296153	-0.05212277818482313	0.1575772755807601	-0.1785181936794017	0.27501842531995807
-0.0588355791083046	0.05916943840805162	-0.0340161184338888	0.033381206816765666	-0.06238546764459553	0.043299952018089706	-0.04898912267266017	0.04996072113512298	-0.03738325399885252	0.030484232878876773	-0.060101244352540134	0.05890357573384017	-0.06361813122537247	0.04452014624155961	-0.0445696314807149	0.10016978169810846	-0.10013504357400392	0.07849024587299303	-0.06768169867278476	0.11010886857227158	-0.07319482234943929	0.08501133434844735	-0.04811319997779822	0.04929957656834601	-0.1034597394596802	0.08332444063107093	-0.09258474171313556	0.11432506107942532	-0.11450370986979483	0.16228533163111575	-0.08252677624053614	0.10809025423763646	-0.16835187087101497	0.22623375658073114	-0.33173249525577037	0.09314201129623792	-0.08609391778392013	0.2507857685261355	-0.4008299868777538	0.9999999999999961	-0.037773682285970084	0.03617207112301363	-0.14247400039893704	0.14162396787857123	-0.7873552472759857
0.021175990808707884	-0.020538324937702565	0.011903789644456556	-0.011618237631715093	0.02213625970143146	-0.015411953518120643	0.017109855610734602	-0.017014994682636606	0.012284879441171674	-0.009863281698731574	0.02173872683767767	-0.02060027900026981	0.02153215693074141	-0.014214380892227062	0.014294724384469003	-0.0393512553256023	0.03714623128800791	-0.023067679469497913	0.019844782661224067	-0.02840347571567032	0.03219094217498601	-0.035683133736926505	0.01563222207770197	-0.015758371960909734	0.025477231633384605	-0.0514505459315748	0.040587219739159824	-0.03503552038298472	0.03454639465329133	-0.03447054903664852	0.05342015840668629	-0.04867058566780772	0.05161708184790147	-0.04506882048814733	0.04547686107616196	-0.15849690399465327	0.1466268687242439	-0.0879191766451081	0.05374684375296153	-0.037773682285970084	0.9999999999999964	-0.9675283997388654	0.07422251555097825	-0.07147231544463485	0.046744535679360655
-0.01998971606635995	0.019294260301841087	-0.011212545589345688	0.010933583534651792	-0.020889982369711735	0.014512709885301026	-0.016129751572570468	0.016013158121993956	-0.01159744260953275	0.009300703677787826	-0.020492624816701784	0.019400429566689026	-0.02032095840897173	0.013396655698780673	-0.013492751550908975	0.03633780391360761	-0.03512509094836262	0.02165459579004155	-0.018704897753678718	0.026650720886781123	-0.029934979593689848	0.03300286347162652	-0.01469415242774443	0.014773727431455688	-0.024114073762037676	0.046396799476154764	-0.03805291690387217	0.032882684403148614	-0.03284284589442798	0.032493333519717074	-0.049621446916837314	0.04509332751786715	-0.04941309028604297	0.04264159515090753	-0.043700869538986095	0.13807723481931947	-0.1715265150316284	0.08146570889789084	-0.05212277818482313	0.03617207112301363	-0.9675283997388654	0.9999999999999973	-0.07951221463693288	0.06803776409672821	-0.04554755760057409
0.04261630689221723	-0.04296102256746375	0.024817299396171486	-0.0243513921615834	0.046221929203705936	-0.031184859044488707	0.03500064755101089	-0.03551819176913203	0.026033486628905284	-0.021177240968953008	0.04325976164026875	-0.041855944608507306	0.04462654887128108	-0.03066859613946665	0.030627635244964008	-0.07371998660899252	0.07108945091761078	-0.05274231317257266	0.04459039223764086	-0.06963988370465471	0.05277907963425538	-0.06107406176817626	0.03209020823918621	-0.03289178623345124	0.06043511047245338	-0.06203550202684859	0.06453386691158045	-0.07470646380037195	0.07245241967448632	-0.08811308387046403	0.06057436582159297	-0.07496835217258087	0.10439947068522692	-0.12193666302294709	0.11544929378534677	-0.08191353455358381	0.07378616952057189	-0.19778029092869004	0.1575772755807601	-0.14247400039893704	0.07422251555097825	-0.07951221463693288	0.9999999999999971	-0.933668580306445	0.16473932268781735
