1.0000000000000002	-0.7848940669088241	0.19656172045538872	-0.17526862397593204	0.13804766261898618	-0.3191242785019892	0.29490535772630416	-0.19976696692894236	0.14495335551896582	-0.11188422939636919	0.19423372271681058	-0.26246240349481553	0.17966056441228595	-0.1322975244251227	0.10169811585236774	-0.2171021968912127	0.18240683706913122	-0.18202804338674813	0.14078150509582754	-0.18525468597462005	0.0636230525707896	-0.08449712833339529	0.06317770522127206	-0.08229754073784758	0.10745026665129852	-0.05081967374963933	0.08763914203105419	-0.05810232150751467	0.10781529003486577	-0.07197572269193032	0.04828386995648507	-0.04813680329970515	0.07083279941443966	-0.09799883276056802	0.05263023736199054	-0.05225383722587338	0.04434396384337071	-0.06019352513953018	0.05675951264637585	-0.09944624636055807
-0.7848940669088241	1.0	-0.19014855004824213	0.13663096935063507	-0.11346965956996996	0.21502291158072787	-0.4795985817459099	0.1786310594281388	-0.13019756433532959	0.09057139782585023	-0.1630859140508845	0.22100326628819578	-0.16543610716110554	0.10965669133017765	-0.08395975614356276	0.1609949663662446	-0.16218516682582992	0.1456679586848963	-0.11852869460725636	0.14178183364657765	-0.05319007872944133	0.07057061587430773	-0.05174578872361926	0.06728166020416822	-0.08804986302531242	0.0418501272699421	-0.07453698633607456	0.04715810402787252	-0.08794283141748592	0.05616269588114869	-0.03953020401596346	0.0391495639932581	-0.05616689104988799	0.07573045202635043	-0.04114774358863214	0.04191191849899517	-0.035805858021732015	0.0471639309973288	-0.04424806981384774	0.07692829080241206
0.19656172045538872	-0.19014855004824213	1.0	-0.5269346672213917	0.29282145735466136	-0.22134891629215342	0.22741076492178033	-0.4369981538520396	0.2683988459373681	-0.22867828312869756	0.16634038007601964	-0.23119554750373794	0.26118426181322196	-0.24711126838079855	0.19902060063490526	-0.2111163568100641	0.19366654724009258	-0.305073405503126	0.2477379549894848	-0.4106650387671961	0.08595181704681464	-0.1057770047818767	0.10490361942625488	-0.1503393931408319	0.1974975583977168	-0.06995208313065888	0.11259240537006339	-0.09684008555108288	0.1972298701456099	-0.1423726735032626	0.07149286766282363	-0.07247049732504116	0.12806646157490484	-0.1940727495569575	0.10339695190124913	-0.08196270171474952	0.07025559015723337	-0.11187397752885088	0.10932356018107625	-0.19892187338142958
-0.17526862397593204	0.13663096935063507	-0.5269346672213917	1.0000000000000007	-0.6346360341482672	0.1561614180793455	-0.1818670546681492	0.23575454956730463	-0.3006555608621046	0.23420430363717776	-0.1289691402749928	0.16910704559696982	-0.21154511629031506	0.21939854539907763	-0.21616721818120846	0.15309387467771077	-0.16124205105270592	0.21914820010590516	-0.23328344406796833	0.2983518921263156	-0.07466043144982641	0.08917783720271431	-0.09733653943510193	0.14108956555805388	-0.19670779001007765	0.059469989775276504	-0.09854521836250635	0.08710225205616132	-0.19414418992090435	0.11338804356199803	-0.061023755401546094	0.06093003704326332	-0.10839824096797594	0.14793176354144982	-0.08357104337924096	0.06754538446738168	-0.05876578544501792	0.08916078061456578	-0.08620757333238548	0.15228307011458087
0.13804766261898618	-0.11346965956996996	0.29282145735466136	-0.6346360341482672	1.000000000000001	-0.14453549683403483	0.14998300672659753	-0.200177861047152	0.23693493190948328	-0.41160508176271837	0.11416462411907166	-0.15024136261048054	0.1799644446676174	-0.2327100713738317	0.25406697234341663	-0.14410752639382943	0.14111516493378407	-0.21948588771019217	0.22026064949512447	-0.45289172083443296	0.06896598873757463	-0.0817456058570644	0.09074769788929606	-0.13598164009110023	0.1833006227327175	-0.0559986228651363	0.08907187057538758	-0.08298353429024341	0.18064567226497663	-0.12634099206460894	0.05886864880080931	-0.059746717704184535	0.1122373125535397	-0.17047675706927307	0.09190088632093002	-0.06795683419047759	0.05885436276778257	-0.0974108439397797	0.09601154426971448	-0.17546122136375472
-0.3191242785019892	0.21502291158072787	-0.22134891629215342	0.1561614180793455	-0.14453549683403483	1.0000000000000007	-0.3665448110781937	0.19216587143693215	-0.1542786849776269	0.10803938785436908	-0.7038739799922248	0.28239760392697716	-0.20987798607172214	0.13076709977125367	-0.10218477326322198	0.28661872879864	-0.3013047028384038	0.17909500797356884	-0.15207847723752518	0.1661989711851673	-0.09060710047565246	0.1192745253055624	-0.0739474630971835	0.08818408486522863	-0.11717415363071373	0.0689816071386967	-0.13194722722626684	0.06645404277912642	-0.11818483683428474	0.07171666388388041	-0.06366728310529754	0.06184855050583685	-0.07894733640904406	0.09746084015260598	-0.05301093993251705	0.06381376863568196	-0.055101787759230074	0.06422326325738625	-0.05845655868457004	0.09777248594498994
0.29490535772630416	-0.4795985817459099	0.22741076492178033	-0.1818670546681492	0.14998300672659753	-0.3665448110781937	1.000000000000001	-0.3664362982695344	0.18921414051464064	-0.1283619193651109	0.24070200199171732	-0.5361586490338933	0.26134244048306227	-0.16365142671604954	0.11718297484533889	-0.24473289120039046	0.2297948244752081	-0.2225703993021543	0.1665095949991193	-0.19201862869107716	0.07165779783356195	-0.09922215528950967	0.07011800916259066	-0.09172244822921888	0.117659967519545	-0.05676511911696289	0.10055283616790377	-0.06427692615302785	0.11708275508843864	-0.07465837693107125	0.05291536930058348	-0.05260080654335324	0.07412478893412056	-0.10020714102494525	0.05457948979353139	-0.05620443869806229	0.04779414727311861	-0.06251273838938047	0.05857982902065913	-0.101999244705069
-0.19976696692894236	0.1786310594281388	-0.4369981538520396	0.23575454956730463	-0.200177861047152	0.19216587143693215	-0.3664362982695344	1.0	-0.47498930965818853	0.18271087707910486	-0.16257458930905472	0.25944937183259753	-0.5229380843318061	0.2513684649022941	-0.17305313070214395	0.17342391367746063	-0.1854947024203447	0.27196723232148634	-0.24017899910070933	0.23485319372833469	-0.0663673441903573	0.08633493225973608	-0.079678591971419	0.11755377584598405	-0.14877311000462468	0.052634936526240364	-0.0912648914285802	0.07242511953997095	-0.14428457584159338	0.08722225833183736	-0.051204309952571234	0.05112531980338182	-0.08066383446921684	0.11308731858049499	-0.06344363686952599	0.0556141919292997	-0.04782160964614954	0.06832730088133157	-0.06562864685864321	0.11708899877236675
0.14495335551896582	-0.13019756433532959	0.2683988459373681	-0.3006555608621046	0.23693493190948328	-0.1542786849776269	0.18921414051464064	-0.47498930965818853	0.9999999999999983	-0.3396498212387821	0.12334832093049038	-0.18623848482437447	0.2524519516191899	-0.6035321130731278	0.26302222172023937	-0.1459580545029657	0.14649324415981294	-0.2745117717147843	0.26324528109373607	-0.2832349294829878	0.059751039691483834	-0.07566923557197047	0.07917864894089512	-0.12924406609798336	0.1553326047374831	-0.04792649424153267	0.0802695006131267	-0.07311580502835555	0.1490900870186035	-0.09137346569080218	0.047818821212180875	-0.04806482854039984	0.08106411070645335	-0.11674720982709708	0.06606810479172562	-0.05312896678276839	0.04578360517647406	-0.06919460723792355	0.0673503919651742	-0.12205818955605029
-0.11188422939636919	0.09057139782585023	-0.22867828312869756	0.23420430363717776	-0.41160508176271837	0.10803938785436908	-0.1283619193651109	0.18271087707910486	-0.3396498212387821	0.9999999999999958	-0.08940771954624614	0.12275577890427014	-0.16767135426767565	0.27596784246820516	-0.7363198545625994	0.10588146972048727	-0.11088038493998666	0.17778304755152055	-0.21629189147576125	0.27132631973530646	-0.04911500030789394	0.060101933994234906	-0.06802026498866026	0.10962329337687686	-0.14390599287408276	0.03927699924996014	-0.06531305595801422	0.06169759731478119	-0.13657623639908392	0.07914523568316753	-0.039976473682195826	0.04013473627226189	-0.07067586562000062	0.10049334361980096	-0.05765684310053508	0.04452152200873291	-0.03863712781477721	0.05955774529474003	-0.058184176123267956	0.10501878393097405
0.19423372271681058	-0.1630859140508845	0.16634038007601964	-0.1289691402749928	0.11416462411907166	-0.7038739799922248	0.24070200199171732	-0.16257458930905472	0.12334832093049038	-0.08940771954624614	0.9999999999999943	-0.36658186365238693	0.18134827531391673	-0.10999226017754943	0.08352402203704162	-0.4902457037443838	0.2705492220181049	-0.16247727171397786	0.12451618063929969	-0.1399955595039977	0.07503681557947407	-0.10509429185945665	0.0608359143484683	-0.07170805470476872	0.0936747384658305	-0.057974079089331436	0.10905908447946489	-0.055290619298874175	0.09462960369408102	-0.05914957781842962	0.05245965063076188	-0.05142670486483096	0.06423646503293595	-0.08079188378349861	0.04358823845865353	-0.053213450991656266	0.0454353438098309	-0.05300656954925809	0.04821291257891031	-0.08103624830000405
-0.26246240349481553	0.22100326628819578	-0.23119554750373794	0.16910704559696982	-0.15024136261048054	0.28239760392697716	-0.5361586490338933	0.25944937183259753	-0.18623848482437447	0.12275577890427014	-0.36658186365238693	0.9999999999999966	-0.44676809824099756	0.1597982479496357	-0.11674409247595832	0.27459596274554965	-0.41042164535614345	0.23749371830109886	-0.18081921209913293	0.18289962411693436	-0.08798898023924265	0.12730814086636225	-0.07758687087573585	0.09612063754111357	-0.12353439269825015	0.06776767961904354	-0.12903987134371953	0.07014459190247027	-0.12308320216583261	0.07513088719683164	-0.061305154926359476	0.060440098612780706	-0.07782663920760914	0.10059876440964262	-0.05512282194061132	0.06262859692903808	-0.05356709798852744	0.06476576277088396	-0.05968194014430311	0.10196259222590148
0.17966056441228595	-0.16543610716110554	0.26118426181322196	-0.21154511629031506	0.1799644446676174	-0.20987798607172214	0.26134244048306227	-0.5229380843318061	0.2524519516191899	-0.16767135426767565	0.18134827531391673	-0.44676809824099756	0.9999999999999943	-0.2587076514200376	0.15681307928634045	-0.20092799930436311	0.211103925978367	-0.5236767301900561	0.2517706821631571	-0.23668921361947218	0.070567529199301	-0.09596614791177698	0.08587224452877164	-0.12191464267883971	0.14821704929771065	-0.056139134375171186	0.09782534526573823	-0.07870034387056617	0.14435553623919573	-0.0878898997298583	0.05356986221768472	-0.05355761811798349	0.08137035254885672	-0.11358093412318349	0.06373374726902223	-0.057886258988664716	0.04953460136876901	-0.06912602803933376	0.06608153360856672	-0.11776804206862483
-0.1322975244251227	0.10965669133017765	-0.24711126838079855	0.21939854539907763	-0.2327100713738317	0.13076709977125367	-0.16365142671604954	0.2513684649022941	-0.6035321130731278	0.27596784246820516	-0.10999226017754943	0.1597982479496357	-0.2587076514200376	0.999999999999998	-0.4361660472673582	0.12745228142035925	-0.1357195310668847	0.2551415172780759	-0.4487735156701688	0.2662654044320929	-0.056126644595359716	0.07056207010577849	-0.08045364625844897	0.14921428293110098	-0.17409331784780774	0.044807436747360034	-0.07561316556156976	0.07378006043501878	-0.16135491162465604	0.08918393957954218	-0.04488818056238982	0.045060485834762916	-0.07682900309551056	0.10977830233830616	-0.06432570232926457	0.049641274570001656	-0.04299151377522367	0.0652002356808947	-0.06378619050042583	0.1160795371277874
0.10169811585236774	-0.08395975614356276	0.19902060063490526	-0.21616721818120846	0.25406697234341663	-0.10218477326322198	0.11718297484533889	-0.17305313070214395	0.26302222172023937	-0.7363198545625994	0.08352402203704162	-0.11674409247595832	0.15681307928634045	-0.4361660472673582	0.9999999999999913	-0.1004569548188903	0.10338345474697944	-0.1823751147329028	0.2154382021251588	-0.3643749732635152	0.045972723880469656	-0.056484700563854864	0.06450983034988882	-0.1086413529950292	0.13683557353597714	-0.03688480335598719	0.061000850075314736	-0.05908380093539758	0.12850784725443445	-0.07607455894432051	0.03756826142569003	-0.03780160597132065	0.06681986568423988	-0.09613320091404068	0.055154602588882176	-0.04203722670159236	0.036443979636542875	-0.056675601121217924	0.055527296275040626	-0.10087168712828438
-0.2171021968912127	0.1609949663662446	-0.2111163568100641	0.15309387467771077	-0.14410752639382943	0.28661872879864	-0.24473289120039046	0.17342391367746063	-0.1459580545029657	0.10588146972048727	-0.4902457037443838	0.27459596274554965	-0.20092799930436311	0.12745228142035925	-0.1004569548188903	0.9999999999999927	-0.6626810028799534	0.18629263614128694	-0.15464788568199797	0.16661867672163985	-0.13600793731272798	0.189984064861202	-0.08947977844628023	0.09273118751053686	-0.12312371399793873	0.10051757749979688	-0.20822869473251718	0.07989964348249629	-0.12650347262630085	0.07710895243014038	-0.08872418984091023	0.0854873040094523	-0.09334481115506488	0.10759989019400065	-0.05736912290007998	0.08470787528384818	-0.07338688811132373	0.07507314487712662	-0.06592514331905162	0.1059882013645045
0.18240683706913122	-0.16218516682582992	0.19366654724009258	-0.16124205105270592	0.14111516493378407	-0.3013047028384038	0.2297948244752081	-0.1854947024203447	0.14649324415981294	-0.11088038493998666	0.2705492220181049	-0.41042164535614345	0.211103925978367	-0.1357195310668847	0.10338345474697944	-0.6626810028799534	0.9999999999999925	-0.2344398559361185	0.1601311696250576	-0.18141467392771865	0.1443892384215227	-0.31466549946299094	0.09765439371254031	-0.09570257557810526	0.1229818045696423	-0.1154355106703683	0.2138790257030242	-0.09059011262934896	0.12722966869010913	-0.0824181013344418	0.09373468214356687	-0.09406229198166409	0.09652672847276549	-0.11646949653965423	0.06096796831562052	-0.09426402598283062	0.07798027375621908	-0.08065058574724615	0.07051867878978615	-0.11446490530321388
-0.18202804338674813	0.1456679586848963	-0.305073405503126	0.21914820010590516	-0.21948588771019217	0.17909500797356884	-0.2225703993021543	0.27196723232148634	-0.2745117717147843	0.17778304755152055	-0.16247727171397786	0.23749371830109886	-0.5236767301900561	0.2551415172780759	-0.1823751147329028	0.18629263614128694	-0.2344398559361185	0.9999999999999907	-0.561423056948803	0.2663493165843494	-0.08170905554884615	0.10709602815459593	-0.13119581466028324	0.19054638597386023	-0.22806670610652002	0.06429109002458598	-0.11350298588065248	0.11263819826817155	-0.21551082166698565	0.11209683501198542	-0.062441363085464566	0.06224970088642292	-0.09865382102775905	0.13642722957415104	-0.08108409168017217	0.06713592443922052	-0.05811809001745399	0.08289438127239786	-0.08019447261211897	0.1442243594577481
0.14078150509582754	-0.11852869460725636	0.2477379549894848	-0.23328344406796833	0.22026064949512447	-0.15207847723752518	0.1665095949991193	-0.24017899910070933	0.26324528109373607	-0.21629189147576125	0.12451618063929969	-0.18081921209913293	0.2517706821631571	-0.4487735156701688	0.2154382021251588	-0.15464788568199797	0.1601311696250576	-0.561423056948803	0.9999999999999899	-0.39102244426171934	0.07003575363697066	-0.08857599009718986	0.11561828852642107	-0.3329563946641806	0.2499508956726445	-0.056487954179879736	0.09334627227016769	-0.11055271230111137	0.22909328117671776	-0.12964740080883677	0.057197081706121214	-0.05790651178722262	0.10235558846044358	-0.15211103042347765	0.0912294265230445	-0.06438388324310662	0.055806487249475886	-0.08857525577985687	0.08801403648200157	-0.16479355706628568
-0.18525468597462005	0.14178183364657765	-0.4106650387671961	0.2983518921263156	-0.45289172083443296	0.1661989711851673	-0.19201862869107716	0.23485319372833469	-0.2832349294829878	0.27132631973530646	-0.1399955595039977	0.18289962411693436	-0.23668921361947218	0.2662654044320929	-0.3643749732635152	0.16661867672163985	-0.18141467392771865	0.2663493165843494	-0.39102244426171934	0.9999999999999934	-0.08751833402818275	0.10432279944317074	-0.13249050371988783	0.21530400365531077	-0.3233979667268203	0.06955828465689656	-0.11563143696353535	0.11773696198846131	-0.28433483782402547	0.14389678471684883	-0.07170722081899109	0.07165668652632481	-0.13039585894658515	0.17518790537934995	-0.10605985464603894	0.0790754491802474	-0.06925851974771272	0.10610011015768708	-0.1036555529740792	0.1845277559850536
0.0636230525707896	-0.05319007872944133	0.08595181704681464	-0.07466043144982641	0.06896598873757463	-0.09060710047565246	0.07165779783356195	-0.0663673441903573	0.059751039691483834	-0.04911500030789394	0.07503681557947407	-0.08798898023924265	0.070567529199301	-0.056126644595359716	0.045972723880469656	-0.13600793731272798	0.1443892384215227	-0.08170905554884615	0.07003575363697066	-0.08751833402818275	0.9999999999999888	-0.4016629535505228	0.08708989580597194	-0.05662715265276441	0.07544817647437164	-0.7552605142572362	0.28056991212485294	-0.08354417707376538	0.08596941463519789	-0.06437932489346333	0.25725099770012566	-0.24316338481786917	0.12822754080234755	-0.1161481029211634	0.05057928501691167	-0.2523511529752014	0.16469320742092505	-0.10990265134982202	0.07859148357235099	-0.09804133678376128
-0.08449712833339529	0.07057061587430773	-0.1057770047818767	0.08917783720271431	-0.0817456058570644	0.1192745253055624	-0.09922215528950967	0.08633493225973608	-0.07566923557197047	0.060101933994234906	-0.10509429185945665	0.12730814086636225	-0.09596614791177698	0.07056207010577849	-0.056484700563854864	0.189984064861202	-0.31466549946299094	0.10709602815459593	-0.08857599009718986	0.10432279944317074	-0.4016629535505228	0.9999999999999869	-0.15841541315060068	0.06966087270537695	-0.08833330660239042	0.24546787913304802	-0.7523470390234464	0.12724505959585805	-0.10264791291825227	0.06715904504111112	-0.17832004525867623	0.17496251537546745	-0.11165947896063376	0.10553099912298979	-0.05104125682435542	0.15027449454445677	-0.1299451150277413	0.09031510545957686	-0.06970186460046926	0.09642322442506022
0.06317770522127206	-0.05174578872361926	0.10490361942625488	-0.09733653943510193	0.09074769788929606	-0.0739474630971835	0.07011800916259066	-0.079678591971419	0.07917864894089512	-0.06802026498866026	0.0608359143484683	-0.07758687087573585	0.08587224452877164	-0.08045364625844897	0.06450983034988882	-0.08947977844628023	0.09765439371254031	-0.13119581466028324	0.11561828852642107	-0.13249050371988783	0.08708989580597194	-0.15841541315060068	0.9999999999999903	-0.1572837874037256	0.14436206743366226	-0.06982860724712159	0.12857707006940364	-0.9072219424306094	0.21291071004134188	-0.11414349084867279	0.062270299937649494	-0.06382697058466723	0.09276001887228534	-0.1304650297403477	0.07855378828389159	-0.06666770509982708	0.05688188443016697	-0.08030746100705784	0.07669425005681818	-0.14262065452780454
-0.08229754073784758	0.06728166020416822	-0.1503393931408319	0.14108956555805388	-0.13598164009110023	0.08818408486522863	-0.09172244822921888	0.11755377584598405	-0.12924406609798336	0.10962329337687686	-0.07170805470476872	0.09612063754111357	-0.12191464267883971	0.14921428293110098	-0.1086413529950292	0.09273118751053686	-0.09570257557810526	0.19054638597386023	-0.3329563946641806	0.21530400365531077	-0.05662715265276441	0.06966087270537695	-0.1572837874037256	0.9999999999999898	-0.6830435081423075	0.046263141497293166	-0.07367142389668262	0.1474231187412736	-0.5427552713212336	0.16670125881405112	-0.04921391376107526	0.05072951569923708	-0.10154933999244665	0.16077262052753657	-0.11343775909992611	0.057397252308979275	-0.05057977924604682	0.0901217348917923	-0.0938837621483225	0.1858354084281569
0.10745026665129852	-0.08804986302531242	0.1974975583977168	-0.19670779001007765	0.1833006227327175	-0.11717415363071373	0.117659967519545	-0.14877311000462468	0.1553326047374831	-0.14390599287408276	0.0936747384658305	-0.12353439269825015	0.14821704929771065	-0.17409331784780774	0.13683557353597714	-0.12312371399793873	0.1229818045696423	-0.22806670610652002	0.2499508956726445	-0.3233979667268203	0.07544817647437164	-0.08833330660239042	0.14436206743366226	-0.6830435081423075	0.999999999999989	-0.0626016158812805	0.09464559255463122	-0.1503083797891855	0.31958187784355024	-0.25224585779226627	0.06908777319506719	-0.07191548072515346	0.1517397313342701	-0.2556878193221214	0.163404456600457	-0.08319532826655772	0.07338831562513184	-0.1390897080587085	0.14586321763132504	-0.29717425464077407
-0.05081967374963933	0.0418501272699421	-0.06995208313065888	0.059469989775276504	-0.0559986228651363	0.0689816071386967	-0.05676511911696289	0.052634936526240364	-0.04792649424153267	0.03927699924996014	-0.057974079089331436	0.06776767961904354	-0.056139134375171186	0.044807436747360034	-0.03688480335598719	0.10051757749979688	-0.1154355106703683	0.06429109002458598	-0.056487954179879736	0.06955828465689656	-0.7552605142572362	0.24546787913304802	-0.06982860724712159	0.046263141497293166	-0.0626016158812805	0.9999999999999881	-0.3378047117395833	0.06445593122860722	-0.07139982005114724	0.05257651205735528	-0.4331706840435139	0.2274660703295015	-0.12040198361756588	0.09612985475974725	-0.04178801598751984	0.21252935950678276	-0.1657835068916091	0.09581669670929999	-0.06795183721013269	0.0805135979136729
0.08763914203105419	-0.07453698633607456	0.11259240537006339	-0.09854521836250635	0.08907187057538758	-0.13194722722626684	0.10055283616790377	-0.0912648914285802	0.0802695006131267	-0.06531305595801422	0.10905908447946489	-0.12903987134371953	0.09782534526573823	-0.07561316556156976	0.061000850075314736	-0.20822869473251718	0.2138790257030242	-0.11350298588065248	0.09334627227016769	-0.11563143696353535	0.28056991212485294	-0.7523470390234464	0.12857707006940364	-0.07367142389668262	0.09464559255463122	-0.3378047117395833	0.9999999999999837	-0.1281932456029143	0.10867272829478283	-0.07704119658726054	0.21028963406620813	-0.2754354444487824	0.13256557419642154	-0.1272660692784715	0.05900096782403164	-0.20448449244753952	0.16231674430600607	-0.11268072419335771	0.0840020841874878	-0.11332874221925718
-0.05810232150751467	0.04715810402787252	-0.09684008555108288	0.08710225205616132	-0.08298353429024341	0.06645404277912642	-0.06427692615302785	0.07242511953997095	-0.07311580502835555	0.06169759731478119	-0.055290619298874175	0.07014459190247027	-0.07870034387056617	0.07378006043501878	-0.05908380093539758	0.07989964348249629	-0.09059011262934896	0.11263819826817155	-0.11055271230111137	0.11773696198846131	-0.08354417707376538	0.12724505959585805	-0.9072219424306094	0.1474231187412736	-0.1503083797891855	0.06445593122860722	-0.1281932456029143	0.9999999999999851	-0.2816848474958433	0.10260549097989506	-0.05861383662372542	0.05910972807056393	-0.08682395009420553	0.1131352402065205	-0.07207013390429388	0.06061732576627004	-0.05267813811758921	0.07167312275032978	-0.06784793129798208	0.12322125305193878
0.10781529003486577	-0.08794283141748592	0.1972298701456099	-0.19414418992090435	0.18064567226497663	-0.11818483683428474	0.11708275508843864	-0.14428457584159338	0.1490900870186035	-0.13657623639908392	0.09462960369408102	-0.12308320216583261	0.14435553623919573	-0.16135491162465604	0.12850784725443445	-0.12650347262630085	0.12722966869010913	-0.21551082166698565	0.22909328117671776	-0.28433483782402547	0.08596941463519789	-0.10264791291825227	0.21291071004134188	-0.5427552713212336	0.31958187784355024	-0.07139982005114724	0.10867272829478283	-0.2816848474958433	0.9999999999999833	-0.345759807239458	0.0786037254923503	-0.082075437517699	0.17473551297017254	-0.2931628748383782	0.20729132846771692	-0.09445885022801546	0.08368087261536471	-0.15968333568239992	0.16963423808279954	-0.35121192345931646
-0.07197572269193032	0.05616269588114869	-0.1423726735032626	0.11338804356199803	-0.12634099206460894	0.07171666388388041	-0.07465837693107125	0.08722225833183736	-0.09137346569080218	0.07914523568316753	-0.05914957781842962	0.07513088719683164	-0.0878898997298583	0.08918393957954218	-0.07607455894432051	0.07710895243014038	-0.0824181013344418	0.11209683501198542	-0.12964740080883677	0.14389678471684883	-0.06437932489346333	0.06715904504111112	-0.11414349084867279	0.16670125881405112	-0.25224585779226627	0.05257651205735528	-0.07704119658726054	0.10260549097989506	-0.345759807239458	0.9999999999999825	-0.06368086801763885	0.06610161670423542	-0.18426518463045397	0.2044615073314608	-0.7801913550764198	0.07266101404942442	-0.06990736677272558	0.13208623490749438	-0.1700779725754302	0.2941882222301348
0.04828386995648507	-0.03953020401596346	0.07149286766282363	-0.061023755401546094	0.05886864880080931	-0.06366728310529754	0.05291536930058348	-0.051204309952571234	0.047818821212180875	-0.039976473682195826	0.05245965063076188	-0.061305154926359476	0.05356986221768472	-0.04488818056238982	0.03756826142569003	-0.08872418984091023	0.09373468214356687	-0.062441363085464566	0.057197081706121214	-0.07170722081899109	0.25725099770012566	-0.17832004525867623	0.062270299937649494	-0.04921391376107526	0.06908777319506719	-0.4331706840435139	0.21028963406620813	-0.05861383662372542	0.0786037254923503	-0.06368086801763885	0.9999999999999831	-0.6180779664555411	0.17307030536672627	-0.1304945409703862	0.05237608536323509	-0.5019140835611163	0.2959464801525662	-0.14879983814771666	0.09666062574413514	-0.10271112236151178
-0.04813680329970515	0.0391495639932581	-0.07247049732504116	0.06093003704326332	-0.059746717704184535	0.06184855050583685	-0.05260080654335324	0.05112531980338182	-0.04806482854039984	0.04013473627226189	-0.05142670486483096	0.060440098612780706	-0.05355761811798349	0.045060485834762916	-0.03780160597132065	0.0854873040094523	-0.09406229198166409	0.06224970088642292	-0.05790651178722262	0.07165668652632481	-0.24316338481786917	0.17496251537546745	-0.06382697058466723	0.05072951569923708	-0.07191548072515346	0.2274660703295015	-0.2754354444487824	0.05910972807056393	-0.082075437517699	0.06610161670423542	-0.6180779664555411	0.9999999999999822	-0.24492384459672917	0.13827516049247118	-0.05529115315980279	0.3261718746876565	-0.5600224334132624	0.17308894415587833	-0.1113052029409686	0.1078237943516453
0.07083279941443966	-0.05616689104988799	0.12806646157490484	-0.10839824096797594	0.1122373125535397	-0.07894733640904406	0.07412478893412056	-0.08066383446921684	0.08106411070645335	-0.07067586562000062	0.06423646503293595	-0.07782663920760914	0.08137035254885672	-0.07682900309551056	0.06681986568423988	-0.09334481115506488	0.09652672847276549	-0.09865382102775905	0.10235558846044358	-0.13039585894658515	0.12822754080234755	-0.11165947896063376	0.09276001887228534	-0.10154933999244665	0.1517397313342701	-0.12040198361756588	0.13256557419642154	-0.08682395009420553	0.17473551297017254	-0.18426518463045397	0.17307030536672627	-0.24492384459672917	0.9999999999999815	-0.4977830401001495	0.15864440311420697	-0.24290679733049111	0.21699038012227917	-0.63158361337783	0.3153631775698975	-0.3279315764181167
-0.09799883276056802	0.07573045202635043	-0.1940727495569575	0.14793176354144982	-0.17047675706927307	0.09746084015260598	-0.10020714102494525	0.11308731858049499	-0.11674720982709708	0.10049334361980096	-0.08079188378349861	0.10059876440964262	-0.11358093412318349	0.10977830233830616	-0.09613320091404068	0.10759989019400065	-0.11646949653965423	0.13642722957415104	-0.15211103042347765	0.17518790537934995	-0.1161481029211634	0.10553099912298979	-0.1304650297403477	0.16077262052753657	-0.2556878193221214	0.09612985475974725	-0.1272660692784715	0.1131352402065205	-0.2931628748383782	0.2044615073314608	-0.1304945409703862	0.13827516049247118	-0.4977830401001495	0.9999999999999822	-0.22725683702563648	0.14671360025132496	-0.15280126416750917	0.3056722012004654	-0.5688749658468695	0.303542795506783
0.05263023736199054	-0.04114774358863214	0.10339695190124913	-0.08357104337924096	0.09190088632093002	-0.05301093993251705	0.05457948979353139	-0.06344363686952599	0.06606810479172562	-0.05765684310053508	0.04358823845865353	-0.05512282194061132	0.06373374726902223	-0.06432570232926457	0.055154602588882176	-0.05736912290007998	0.06096796831562052	-0.08108409168017217	0.0912294265230445	-0.10605985464603894	0.05057928501691167	-0.05104125682435542	0.07855378828389159	-0.11343775909992611	0.163404456600457	-0.04178801598751984	0.05900096782403164	-0.07207013390429388	0.20729132846771692	-0.7801913550764198	0.05237608536323509	-0.05529115315980279	0.15864440311420697	-0.22725683702563648	0.9999999999999812	-0.06150132146947214	0.05998141517383672	-0.12836020787425786	0.1717070413191924	-0.4910585816681474
-0.05225383722587338	0.04191191849899517	-0.08196270171474952	0.06754538446738168	-0.06795683419047759	0.06381376863568196	-0.05620443869806229	0.0556141919292997	-0.05312896678276839	0.04452152200873291	-0.053213450991656266	0.06262859692903808	-0.057886258988664716	0.049641274570001656	-0.04203722670159236	0.08470787528384818	-0.09426402598283062	0.06713592443922052	-0.06438388324310662	0.0790754491802474	-0.2523511529752014	0.15027449454445677	-0.06666770509982708	0.057397252308979275	-0.08319532826655772	0.21252935950678276	-0.20448449244753952	0.06061732576627004	-0.09445885022801546	0.07266101404942442	-0.5019140835611163	0.3261718746876565	-0.24290679733049111	0.14671360025132496	-0.06150132146947214	0.9999999999999811	-0.6888670044130462	0.1882471757113971	-0.12917907742647383	0.11760943678190135
0.04434396384337071	-0.035805858021732015	0.07025559015723337	-0.05876578544501792	0.05885436276778257	-0.055101787759230074	0.04779414727311861	-0.04782160964614954	0.04578360517647406	-0.03863712781477721	0.0454353438098309	-0.05356709798852744	0.04953460136876901	-0.04299151377522367	0.036443979636542875	-0.07338688811132373	0.07798027375621908	-0.05811809001745399	0.055806487249475886	-0.06925851974771272	0.16469320742092505	-0.1299451150277413	0.05688188443016697	-0.05057977924604682	0.07338831562513184	-0.1657835068916091	0.16231674430600607	-0.05267813811758921	0.08368087261536471	-0.06990736677272558	0.2959464801525662	-0.5600224334132624	0.21699038012227917	-0.15280126416750917	0.05998141517383672	-0.6888670044130462	0.9999999999999809	-0.258834381872193	0.13519084165986262	-0.11842922445602819
-0.06019352513953018	0.0471639309973288	-0.11187397752885088	0.08916078061456578	-0.0974108439397797	0.06422326325738625	-0.06251273838938047	0.06832730088133157	-0.06919460723792355	0.05955774529474003	-0.05300656954925809	0.06476576277088396	-0.06912602803933376	0.0652002356808947	-0.056675601121217924	0.07507314487712662	-0.08065058574724615	0.08289438127239786	-0.08857525577985687	0.10610011015768708	-0.10990265134982202	0.09031510545957686	-0.08030746100705784	0.0901217348917923	-0.1390897080587085	0.09581669670929999	-0.11268072419335771	0.07167312275032978	-0.15968333568239992	0.13208623490749438	-0.14879983814771666	0.17308894415587833	-0.63158361337783	0.3056722012004654	-0.12836020787425786	0.1882471757113971	-0.258834381872193	0.9999999999999811	-0.5923091822969694	0.24128296770044366
0.05675951264637585	-0.04424806981384774	0.10932356018107625	-0.08620757333238548	0.09601154426971448	-0.05845655868457004	0.05857982902065913	-0.06562864685864321	0.0673503919651742	-0.058184176123267956	0.04821291257891031	-0.05968194014430311	0.06608153360856672	-0.06378619050042583	0.055527296275040626	-0.06592514331905162	0.07051867878978615	-0.08019447261211897	0.08801403648200157	-0.1036555529740792	0.07859148357235099	-0.06970186460046926	0.07669425005681818	-0.0938837621483225	0.14586321763132504	-0.06795183721013269	0.0840020841874878	-0.06784793129798208	0.16963423808279954	-0.1700779725754302	0.09666062574413514	-0.1113052029409686	0.3153631775698975	-0.5688749658468695	0.1717070413191924	-0.12917907742647383	0.13519084165986262	-0.5923091822969694	0.9999999999999813	-0.4329861357778287
-0.09944624636055807	0.07692829080241206	-0.19892187338142958	0.15228307011458087	-0.17546122136375472	0.09777248594498994	-0.101999244705069	0.11708899877236675	-0.12205818955605029	0.10501878393097405	-0.08103624830000405	0.10196259222590148	-0.11776804206862483	0.1160795371277874	-0.10087168712828438	0.1059882013645045	-0.11446490530321388	0.1442243594577481	-0.16479355706628568	0.1845277559850536	-0.09804133678376128	0.09642322442506022	-0.14262065452780454	0.1858354084281569	-0.29717425464077407	0.0805135979136729	-0.11332874221925718	0.12322125305193878	-0.35121192345931646	0.2941882222301348	-0.10271112236151178	0.1078237943516453	-0.3279315764181167	0.303542795506783	-0.4910585816681474	0.11760943678190135	-0.11842922445602819	0.24128296770044366	-0.4329861357778287	0.9999999999999815
