1.0	-0.2840306904133143	0.1973593563004922	-0.11246382171235705	0.0901951877075634	-0.7294343245635072	0.1860985113362548	-0.1474387381783217	0.13152347283192758	-0.09191447366842433	0.29589590695043344	-0.24686715568313214	0.18200399045480153	-0.11224585698925597	0.1078857552786582	-0.25950091791182706	0.18729272293426327	-0.1588662993490422	0.12293830773258028	-0.07250085482446804	0.17967549986693476	-0.1733592587144214	0.12127885473528628	-0.1384363368527865	0.0694328540540042	-0.1856306680334055	0.15463647427556185	-0.14991522931161658	0.11849465679321798	-0.06244677041645738	0.08710346992180118	-0.08423048812994284	0.09459523177436426	-0.08953261012156667	0.06726664928217987	-0.07690350346099986	0.06740936539477702	-0.07220488986321173	0.07523543890687119	-0.03391026230181053	0.09858184698245429	-0.09591228579896807	0.06707514137931407	-0.06684866379510931	0.036938022934122364
-0.2840306904133143	0.9999999999999999	-0.8575239997250635	0.18312335279228487	-0.15346014455178636	0.16203832346067082	-0.20154277847359675	0.14198461643587112	-0.15269743042320053	0.11574919684055818	-0.1463305865354792	0.12284774575533884	-0.15825040735652887	0.11430954370391243	-0.13604677096348755	0.11958265792167248	-0.1101313883834611	0.11894552031348765	-0.10261203977267902	0.0563240338182227	-0.1077778753407275	0.11499640065384611	-0.08605668520666279	0.10524140416502192	-0.054044488246359865	0.1069581433626029	-0.10357717355460551	0.10337984440430649	-0.08673628433668734	0.0457346758580539	-0.05660958061883233	0.054758888674720216	-0.06562823195251519	0.06293291787584383	-0.04938822523889801	0.050536040710972	-0.044814827336634624	0.0495885110144068	-0.05275543690194796	0.02427628799179444	-0.0662906367548967	0.0634632679717286	-0.04646458023312878	0.04610239291899008	-0.026554735978051705
0.1973593563004922	-0.8575239997250635	1.0000000000000004	-0.2624297410399017	0.15899528346867672	-0.15357918014717778	0.16925074590398106	-0.1450382597851576	0.1537466232316462	-0.1292472935984136	0.13283316190079983	-0.12570376080942822	0.15424563876429712	-0.12023520446296529	0.13625886005244311	-0.12438771281179485	0.11113419297240397	-0.12666108986132635	0.10712795617223785	-0.06052182798836895	0.10966331971462388	-0.1247835822295609	0.09199190184478329	-0.11368901607742418	0.057413354166186044	-0.1162244936465181	0.11027848542750077	-0.11238511493739327	0.09253498251969132	-0.04909723353495222	0.06108618679629758	-0.0594055308366553	0.07067787163287476	-0.06814048364702385	0.0527356095861042	-0.05524942321677011	0.04879269655710663	-0.05375656854328444	0.05686588197974627	-0.026151609174069692	0.07246473954048735	-0.07003347415646324	0.05027905778612671	-0.05014382511491135	0.028522755150410407
-0.11246382171235705	0.18312335279228487	-0.2624297410399017	0.9999999999999997	-0.7343895475067235	0.0847390445725617	-0.15856756207167208	0.14176731645653823	-0.3691202607682792	0.2900926750167793	-0.0960123136807637	0.09814602045058551	-0.1724294009364281	0.21245904606443744	-0.3232239062242289	0.09016844631707145	-0.09528451310995122	0.13785195127206634	-0.14272430712299014	0.06919487865975771	-0.09029777111400991	0.11732485018267826	-0.09425977606703932	0.1287707839878537	-0.06575345013795945	0.09468728205539106	-0.10230622432910148	0.10940916072893729	-0.09735434883655682	0.051245614229868765	-0.05487643803512726	0.05347728603324057	-0.06822411502081738	0.06717938506338055	-0.055042669914588026	0.04962721063605732	-0.04444140139304421	0.051181321298729515	-0.05558710289096369	0.026216242591485313	-0.06527772305835665	0.06233819514350958	-0.04806898676019719	0.047734699967220635	-0.02873024772029597
0.0901951877075634	-0.15346014455178636	0.15899528346867672	-0.7343895475067235	1.0000000000000004	-0.06981077779236627	0.12046007917851902	-0.11199505229511372	0.23225135520784784	-0.5234134094183951	0.0792455786109679	-0.08311650595922247	0.1373824221263848	-0.1899353915092306	0.26437915973788756	-0.07706338957661586	0.0805738764208762	-0.12134534773356122	0.12044679635321189	-0.06086970275124948	0.0768805220837251	-0.10407394328912081	0.08252221871320753	-0.11548725156786654	0.05658806039790247	-0.08279580380310106	0.08852651109147945	-0.09699860808309571	0.08436837251151362	-0.04467608512436414	0.047808449872012194	-0.04677920266265249	0.05938159329410868	-0.05898872918952133	0.04758374002896908	-0.04359041793172994	0.03892896710308097	-0.04480434693944291	0.0484217822380445	-0.022831526909310864	0.057133793425570706	-0.055052724440012024	0.0419401611875586	-0.04189006950229278	0.02493414354976717
-0.7294343245635072	0.16203832346067082	-0.15357918014717778	0.0847390445725617	-0.06981077779236627	1.0000000000000009	-0.19374779553806204	0.12951030565793822	-0.10603886013843934	0.0707213367796615	-0.5308918754754998	0.2060602975501479	-0.15355329321609276	0.08854580117950803	-0.08433302247592311	0.20901542977866924	-0.16820297997206538	0.12260004446524786	-0.09556615764431362	0.05453987933712432	-0.1561987243860899	0.1298948201795458	-0.09268856825466121	0.10425497327060988	-0.05258647657244194	0.13539502704894796	-0.11791875534967339	0.11120792510396262	-0.08958470250258634	0.046832927265059714	-0.06483070150980476	0.06213489860847697	-0.07056881762256005	0.06647090569035555	-0.0506587420082023	0.05618401800641533	-0.04954673757012274	0.053415265356729684	-0.056044088352126833	0.02527546837919537	-0.07208290211454928	0.06931307161478956	-0.04970011962732212	0.04925975186542437	-0.0276103871137558
0.1860985113362548	-0.20154277847359675	0.16925074590398106	-0.15856756207167208	0.12046007917851902	-0.19374779553806204	1.0	-0.7488494253449867	0.22882465591178439	-0.14258553088147688	0.17556796989531542	-0.21330539729243952	0.2998278265501936	-0.19261799219086712	0.1530216915801885	-0.162949241320553	0.1719404054662166	-0.22490355378040952	0.16963355744303496	-0.09449005069177567	0.14965017331398495	-0.20259558046750106	0.14951064896760707	-0.1848289870194065	0.08796141654854174	-0.16076338364743917	0.1631281835000902	-0.1773735136743837	0.14278976695394133	-0.07548591803805867	0.08867748376954679	-0.08686669407956471	0.10608588114604682	-0.104052000511459	0.08028512241481872	-0.0810686545873332	0.0718246120043013	-0.08068715008055696	0.08569070920805379	-0.03963705060651697	0.10592640014986286	-0.10319934501388146	0.07519707666147424	-0.07542646298290262	0.0431102353909263
-0.1474387381783217	0.14198461643587112	-0.1450382597851576	0.14176731645653823	-0.11199505229511372	0.12951030565793822	-0.7488494253449867	1.0000000000000002	-0.3106753434267634	0.13072923661681746	-0.13834881488923487	0.15804536707100553	-0.46712682032150293	0.19151156694006383	-0.1470512905950208	0.12330641023916983	-0.13957652967869447	0.19258296643882652	-0.15599454682875494	0.07764414416714567	-0.11698789244967096	0.1569007428596257	-0.12321113004990998	0.15143862999328028	-0.07323182848227361	0.12201603652053196	-0.12874403754231592	0.1392648988360094	-0.11670267200703215	0.06085432291861408	-0.06876393005318626	0.06715992945294984	-0.08384086520737423	0.0821348600617874	-0.0651101297294992	0.062219736128439784	-0.0554664766351738	0.06315298787209869	-0.06784849530098969	0.031538944556487924	-0.08123700648810761	0.078391178519212	-0.05899106847644717	0.058817564090120206	-0.034441786040341926
0.13152347283192758	-0.15269743042320053	0.1537466232316462	-0.3691202607682792	0.23225135520784784	-0.10603886013843934	0.22882465591178439	-0.3106753434267634	1.000000000000002	-0.3351466208003459	0.1269892001811878	-0.1435476232396354	0.25796646031285875	-0.6158844781685744	0.29232199138442305	-0.12653985631108033	0.13895697347807426	-0.24151908713945047	0.24593834265817158	-0.11292743906967723	0.1273526913640562	-0.18852597666335735	0.15341874440086525	-0.23047250006976538	0.10208582335024995	-0.13938903156727564	0.15288557143589382	-0.17575571796989706	0.15278872995053178	-0.08020441002368893	0.08182043487429652	-0.08043953247345434	0.10375565644822368	-0.10494182285905185	0.08446390206422169	-0.07477316959492745	0.06693407500676159	-0.07826776307732064	0.08493270701433629	-0.04020852405319691	0.09705801998674755	-0.09410769513762557	0.07290487786626443	-0.07314944377757202	0.043805305034133206
-0.09191447366842433	0.11574919684055818	-0.1292472935984136	0.2900926750167793	-0.5234134094183951	0.0707213367796615	-0.14258553088147688	0.13072923661681746	-0.3351466208003459	0.9999999999999992	-0.084694207926466	0.09005017081040753	-0.16739848877273106	0.2489675724946523	-0.671924214748319	0.08145086027640416	-0.08902021713757252	0.13878249449245603	-0.15301731872764765	0.0711543791493733	-0.08322195903649221	0.11372241545450158	-0.09321299745865907	0.13157243274604136	-0.06714479484331827	0.08832331770421309	-0.09775409405715886	0.10684222370099934	-0.09647493358051444	0.05076207519867285	-0.0521818004544837	0.05096988898021664	-0.06601798185694394	0.06559231078341671	-0.05436163421850988	0.047298644238749556	-0.0424576041417892	0.04945133504724892	-0.0539886521028353	0.02564516325902378	-0.062040851370977035	0.05933094355165608	-0.04641595821908807	0.04614425756169822	-0.028105756756295598
0.29589590695043344	-0.1463305865354792	0.13283316190079983	-0.0960123136807637	0.0792455786109679	-0.5308918754754998	0.17556796989531542	-0.13834881488923487	0.1269892001811878	-0.084694207926466	1.0000000000000009	-0.4575555940595908	0.1954077355258454	-0.110910630979771	0.10250538635483915	-0.46554007190502683	0.27339959812144937	-0.1718793435889004	0.1288318951208079	-0.07451907082937625	0.23511924700106018	-0.19208500857839653	0.1324873827793581	-0.14405432001778407	0.07192911566756968	-0.21134350164347976	0.1700623162850524	-0.15901789549197298	0.12516258877396286	-0.06522041807926673	0.09455189471550787	-0.09064062135562961	0.100046533132364	-0.0937693763908626	0.07049344842851098	-0.0810861611745907	0.07119803581236642	-0.07591167837972927	0.07907091321620684	-0.03536691155840909	0.1022376733174121	-0.09900242589175132	0.07026117701030718	-0.06971821240373188	0.038588912158402586
-0.24686715568313214	0.12284774575533884	-0.12570376080942822	0.09814602045058551	-0.08311650595922247	0.2060602975501479	-0.21330539729243952	0.15804536707100553	-0.1435476232396354	0.09005017081040753	-0.4575555940595908	0.9999999999999987	-0.2840415091625707	0.12530497268206586	-0.11247526154720346	0.27631020984775345	-0.6938516308290881	0.2019856049339708	-0.14940435077462474	0.07887763335378155	-0.21881486053791352	0.21223526749305813	-0.15441839351644515	0.15314311544380754	-0.07747686432895541	0.17682503934376317	-0.17590001047568024	0.16246049127130244	-0.13424481361751361	0.06832310605845462	-0.09008536329063971	0.08599476492675398	-0.10155382670287566	0.09490624541348162	-0.07458313759810724	0.07663913428137406	-0.06842971406438889	0.0754380072875779	-0.08047355561908794	0.03633765621108876	-0.09845971120179213	0.09304247561147633	-0.07038622557019696	0.06905352126239012	-0.03992563348632425
0.18200399045480153	-0.15825040735652887	0.15424563876429712	-0.1724294009364281	0.1373824221263848	-0.15355329321609276	0.2998278265501936	-0.46712682032150293	0.25796646031285875	-0.16739848877273106	0.1954077355258454	-0.2840415091625707	0.9999999999999954	-0.28588799350013855	0.1937013002274695	-0.1978655229544358	0.2289069956685673	-0.4350790817098823	0.25344530676247456	-0.13224162657223104	0.1897152741766494	-0.29285451411684976	0.22653923808940343	-0.26520373319616736	0.1226882801222464	-0.20741203124213412	0.22111336787603225	-0.2522231892518661	0.20000448211878352	-0.1044368665699354	0.11777911492948909	-0.11577214435072869	0.144495143238122	-0.14246367766574636	0.1108484214944118	-0.10761953027476164	0.09575142171877352	-0.10926653315279741	0.11675673574803548	-0.054139325885395245	0.13996765797297098	-0.13636498271023567	0.1016133242375926	-0.101880523350077	0.05891470795635019
-0.11224585698925597	0.11430954370391243	-0.12023520446296529	0.21245904606443744	-0.1899353915092306	0.08854580117950803	-0.19261799219086712	0.19151156694006383	-0.6158844781685744	0.2489675724946523	-0.110910630979771	0.12530497268206586	-0.28588799350013855	0.9999999999999983	-0.4649898820375237	0.10906882176366231	-0.12648659162965484	0.23257246214319105	-0.42009652835689576	0.1120531602148844	-0.11234237498206166	0.1655453234287603	-0.14673646399674803	0.22164010449834276	-0.10512542404318272	0.120333504965955	-0.1384292458976087	0.15698290473182358	-0.14978977573912655	0.07615598338849569	-0.07277152784184723	0.0712893021793012	-0.09499982858632681	0.09589657248626669	-0.08116738639675322	0.06574896513503584	-0.059347088913417306	0.07066540617452076	-0.078184406884525	0.03735746050129248	-0.08532948104173127	0.08174546549235728	-0.0661259452623136	0.06572691933063526	-0.0409778890092808
0.1078857552786582	-0.13604677096348755	0.13625886005244311	-0.3232239062242289	0.26437915973788756	-0.08433302247592311	0.1530216915801885	-0.1470512905950208	0.29232199138442305	-0.671924214748319	0.10250538635483915	-0.11247526154720346	0.1937013002274695	-0.4649898820375237	0.999999999999998	-0.1023751197475087	0.1113312958485775	-0.19006373567992776	0.20030458264623816	-0.0972041435704745	0.10436073958011723	-0.15208589906969974	0.1236932683593905	-0.18541462165225742	0.08748543289232952	-0.11414928324769212	0.12543753898372634	-0.14284112725625783	0.1254591072705201	-0.06651800433988887	0.0673199167607244	-0.06612574357791852	0.08545608263966102	-0.08628945009732109	0.07022019037960227	-0.06156450981670034	0.05512830930058484	-0.0644431221570102	0.07002018917648525	-0.03332187549602579	0.0801723582800473	-0.07755946216523485	0.06015727036457609	-0.060292179994695175	0.036341249521823826
-0.25950091791182706	0.11958265792167248	-0.12438771281179485	0.09016844631707145	-0.07706338957661586	0.20901542977866924	-0.162949241320553	0.12330641023916983	-0.12653985631108033	0.08145086027640416	-0.46554007190502683	0.27631020984775345	-0.1978655229544358	0.10906882176366231	-0.1023751197475087	0.9999999999999989	-0.41759664151526943	0.17254439532046514	-0.1331438972222123	0.07505884696184285	-0.5967336430239517	0.19470670967828133	-0.13912141058305177	0.1438994860736449	-0.07402619847731776	0.25003866390496815	-0.2059042913037515	0.16264470623169572	-0.13225250757525278	0.06781034755379088	-0.11011562923131889	0.10091423570716734	-0.10795181614856574	0.09796515311465653	-0.07425686007099151	0.08689724005867339	-0.0770857674943989	0.08057231443916822	-0.08407531899182187	0.03698791584961239	-0.10861124567731265	0.10199952235864299	-0.07459541341309013	0.0728761616722956	-0.04058452108314747
0.18729272293426327	-0.1101313883834611	0.11113419297240397	-0.09528451310995122	0.0805738764208762	-0.16820297997206538	0.1719404054662166	-0.13957652967869447	0.13895697347807426	-0.08902021713757252	0.27339959812144937	-0.6938516308290881	0.2289069956685673	-0.12648659162965484	0.1113312958485775	-0.41759664151526943	0.9999999999999962	-0.2659664906479199	0.16370795795559714	-0.08631373037466998	0.23152635576148842	-0.3151886289186064	0.18764521839435033	-0.17587033345307207	0.08388034371500418	-0.2072355297044814	0.19429887217277633	-0.19180539770824184	0.14884665248236764	-0.07520655033281745	0.09988389638780316	-0.09623759566780878	0.11197401976019455	-0.10539604568217419	0.08141495668752152	-0.08501649528761979	0.0756066472412595	-0.08346517378132946	0.08846432553326695	-0.039750220968959186	0.1067863709013869	-0.10238803899635385	0.07715326060542127	-0.07613207038487266	0.0435322368669818
-0.1588662993490422	0.11894552031348765	-0.12666108986132635	0.13785195127206634	-0.12134534773356122	0.12260004446524786	-0.22490355378040952	0.19258296643882652	-0.24151908713945047	0.13878249449245603	-0.1718793435889004	0.2019856049339708	-0.4350790817098823	0.23257246214319105	-0.19006373567992776	0.17254439532046514	-0.2659664906479199	0.9999999999999957	-0.5148685399501377	0.14640779427430756	-0.18277777650244703	0.29073887914349705	-0.4441254477720827	0.29620515205911147	-0.14815981557794605	0.18388682811309282	-0.24143475698527725	0.26486099088342646	-0.24577639601919307	0.11628926019287082	-0.11562737247037903	0.1122294902425046	-0.1549739017624514	0.14805257260203786	-0.12794994826283076	0.10053437221119792	-0.0921214548086364	0.11098727542434217	-0.124702191480237	0.05785322275645977	-0.13020773073492378	0.12138652273223405	-0.10424462590663801	0.10113428452928416	-0.06418511378477518
0.12293830773258028	-0.10261203977267902	0.10712795617223785	-0.14272430712299014	0.12044679635321189	-0.09556615764431362	0.16963355744303496	-0.15599454682875494	0.24593834265817158	-0.15301731872764765	0.1288318951208079	-0.14940435077462474	0.25344530676247456	-0.42009652835689576	0.20030458264623816	-0.1331438972222123	0.16370795795559714	-0.5148685399501377	0.999999999999997	-0.2149104964044272	0.14039866959312997	-0.243203625785912	0.24005616844350838	-0.5425947833721588	0.17225147382808975	-0.1536077595638593	0.18772900195149386	-0.23724282646547315	0.23327814173673023	-0.11705096506431524	0.09666990769309176	-0.09545607078800288	0.13313086098203392	-0.14135144022449112	0.12077890898577635	-0.0871775907097934	0.07936862688440359	-0.09859713076783425	0.11083451188966273	-0.05386617704693398	0.11072227242236869	-0.10663776214447605	0.09131279806882969	-0.0913883900300689	0.05886871780075109
-0.07250085482446804	0.0563240338182227	-0.06052182798836895	0.06919487865975771	-0.06086970275124948	0.05453987933712432	-0.09449005069177567	0.07764414416714567	-0.11292743906967723	0.0711543791493733	-0.07451907082937625	0.07887763335378155	-0.13224162657223104	0.1120531602148844	-0.0972041435704745	0.07505884696184285	-0.08631373037466998	0.14640779427430756	-0.2149104964044272	0.999999999999996	-0.08476951643770891	0.1217184704957721	-0.10918686752135345	0.17311400381791095	-0.9038910466590723	0.09329927899070775	-0.11453847267306178	0.13163207568490948	-0.15827872764573322	0.17729331265025988	-0.0641962031411689	0.06315446192859599	-0.0946874676053897	0.10353121988197053	-0.18906542039859175	0.059108580481573234	-0.05446561623642227	0.0707958526265093	-0.08317693133172713	0.06564600079410184	-0.07645903112337898	0.07271242418063907	-0.06953927603130777	0.06964906007147886	-0.07421976482530539
0.17967549986693476	-0.1077778753407275	0.10966331971462388	-0.09029777111400991	0.0768805220837251	-0.1561987243860899	0.14965017331398495	-0.11698789244967096	0.1273526913640562	-0.08322195903649221	0.23511924700106018	-0.21881486053791352	0.1897152741766494	-0.11234237498206166	0.10436073958011723	-0.5967336430239517	0.23152635576148842	-0.18277777650244703	0.14039866959312997	-0.08476951643770891	0.9999999999999926	-0.22525503691124765	0.15279993478964551	-0.16454258290674184	0.08254867833008886	-0.5551055025386206	0.25344030219939323	-0.20054557588050495	0.15183936883757176	-0.07897791364456584	0.156550209533529	-0.14515686072366876	0.13359587653757432	-0.12048889381256751	0.08555965270005289	-0.12009089313878268	0.10340134819773848	-0.1022961062236948	0.10267374416652536	-0.04404894528399989	0.13733783305208602	-0.13483543640346296	0.09232727895499732	-0.09140542616503144	0.04792473886475401
-0.1733592587144214	0.11499640065384611	-0.1247835822295609	0.11732485018267826	-0.10407394328912081	0.1298948201795458	-0.20259558046750106	0.1569007428596257	-0.18852597666335735	0.11372241545450158	-0.19208500857839653	0.21223526749305813	-0.29285451411684976	0.1655453234287603	-0.15208589906969974	0.19470670967828133	-0.3151886289186064	0.29073887914349705	-0.243203625785912	0.1217184704957721	-0.22525503691124765	0.9999999999999932	-0.6162709745693667	0.2563661894331105	-0.12613448814933625	0.22373133431372733	-0.38557736524515057	0.30613876620154057	-0.25457106749775693	0.11733008591319666	-0.1411359231052055	0.13694123522846122	-0.17696440553104678	0.15897927141362028	-0.13119690258903619	0.11636345151910339	-0.10740714656695292	0.1245552884877105	-0.13739034641394718	0.060935256098821416	-0.1488556383670516	0.13643954448984036	-0.11636664566971924	0.11130884013760478	-0.06778890331493562
0.12127885473528628	-0.08605668520666279	0.09199190184478329	-0.09425977606703932	0.08252221871320753	-0.09268856825466121	0.14951064896760707	-0.12321113004990998	0.15341874440086525	-0.09321299745865907	0.1324873827793581	-0.15441839351644515	0.22653923808940343	-0.14673646399674803	0.1236932683593905	-0.13912141058305177	0.18764521839435033	-0.4441254477720827	0.24005616844350838	-0.10918686752135345	0.15279993478964551	-0.6162709745693667	0.9999999999999957	-0.33713175315141064	0.10931177620482437	-0.16725262459714876	0.2480434656643951	-0.4794483097887354	0.23723432627391905	-0.10449648929720745	0.10631818570786282	-0.10568380353247954	0.14871381146356447	-0.14074981530285047	0.11196393620058051	-0.09146193984801741	0.08425024285541377	-0.1048011001199625	0.11492278661475563	-0.05112504335467173	0.11377022587477152	-0.10769112867173161	0.09473416803795917	-0.09258312274047614	0.056297014580951446
-0.1384363368527865	0.10524140416502192	-0.11368901607742418	0.1287707839878537	-0.11548725156786654	0.10425497327060988	-0.1848289870194065	0.15143862999328028	-0.23047250006976538	0.13157243274604136	-0.14405432001778407	0.15314311544380754	-0.26520373319616736	0.22164010449834276	-0.18541462165225742	0.1438994860736449	-0.17587033345307207	0.29620515205911147	-0.5425947833721588	0.17311400381791095	-0.16454258290674184	0.2563661894331105	-0.33713175315141064	0.9999999999999941	-0.1883303443424007	0.17587658578906545	-0.23726401417562448	0.28008349391448695	-0.4955946381094052	0.16564513295056982	-0.12182886405028666	0.1192652410796663	-0.18521665326992257	0.19793419461131379	-0.17765260603494518	0.10793460478720544	-0.10055002631447627	0.13170403924251492	-0.15973209432114832	0.07369663087878395	-0.1375275569584847	0.12892386592766578	-0.12351022079081402	0.12014653088930324	-0.08176923025103863
0.0694328540540042	-0.054044488246359865	0.057413354166186044	-0.06575345013795945	0.05658806039790247	-0.05258647657244194	0.08796141654854174	-0.07323182848227361	0.10208582335024995	-0.06714479484331827	0.07192911566756968	-0.07747686432895541	0.1226882801222464	-0.10512542404318272	0.08748543289232952	-0.07402619847731776	0.08388034371500418	-0.14815981557794605	0.17225147382808975	-0.9038910466590723	0.08254867833008886	-0.12613448814933625	0.10931177620482437	-0.1883303443424007	0.9999999999999909	-0.09383801230489099	0.11186473771918079	-0.13692471960884797	0.1539522274706064	-0.22715893899398384	0.06318532201691106	-0.06280980498635762	0.09207742742421937	-0.1052044643503807	0.17364537542663697	-0.05910290082666754	0.054023158672159934	-0.07025762840526963	0.08103366233211134	-0.06388671426558792	0.07504219003006836	-0.073291315606338	0.06767696980095271	-0.06953552545377056	0.06857881510034848
-0.1856306680334055	0.1069581433626029	-0.1162244936465181	0.09468728205539106	-0.08279580380310106	0.13539502704894796	-0.16076338364743917	0.12201603652053196	-0.13938903156727564	0.08832331770421309	-0.21134350164347976	0.17682503934376317	-0.20741203124213412	0.120333504965955	-0.11414928324769212	0.25003866390496815	-0.2072355297044814	0.18388682811309282	-0.1536077595638593	0.09329927899070775	-0.5551055025386206	0.22373133431372733	-0.16725262459714876	0.17587658578906545	-0.09383801230489099	0.9999999999999916	-0.5276289118756079	0.23179753373974865	-0.1859441929132538	0.09420234997879766	-0.3186943080298295	0.2204352689561648	-0.18351071540573127	0.14941484291306814	-0.10458399628332113	0.1642695544544614	-0.14808118852998692	0.13395228351401273	-0.13324468994825292	0.05391228948199241	-0.1850043020633611	0.1661147522607309	-0.12030029219036405	0.11448377616709515	-0.059208430912587255
0.15463647427556185	-0.10357717355460551	0.11027848542750077	-0.10230622432910148	0.08852651109147945	-0.11791875534967339	0.1631281835000902	-0.12874403754231592	0.15288557143589382	-0.09775409405715886	0.1700623162850524	-0.17590001047568024	0.22111336787603225	-0.1384292458976087	0.12543753898372634	-0.2059042913037515	0.19429887217277633	-0.24143475698527725	0.18772900195149386	-0.11453847267306178	0.25344030219939323	-0.38557736524515057	0.2480434656643951	-0.23726401417562448	0.11186473771918079	-0.5276289118756079	0.9999999999999937	-0.4549851811156877	0.23377804152977802	-0.1169893599938611	0.2287777060628006	-0.27786913654173495	0.2064328511341881	-0.18577230342431103	0.12429624976376791	-0.18026719462857277	0.15936552984548774	-0.1580362136399277	0.15360670298920429	-0.06406301093757452	0.18804262099189978	-0.19469171069229446	0.13576360241913896	-0.13623638696443305	0.06918504667841716
-0.14991522931161658	0.10337984440430649	-0.11238511493739327	0.10940916072893729	-0.09699860808309571	0.11120792510396262	-0.1773735136743837	0.1392648988360094	-0.17575571796989706	0.10684222370099934	-0.15901789549197298	0.16246049127130244	-0.2522231892518661	0.15698290473182358	-0.14284112725625783	0.16264470623169572	-0.19180539770824184	0.26486099088342646	-0.23724282646547315	0.13163207568490948	-0.20054557588050495	0.30613876620154057	-0.4794483097887354	0.28008349391448695	-0.13692471960884797	0.23179753373974865	-0.4549851811156877	0.9999999999999907	-0.44905055648158027	0.15867514542559055	-0.16368258718591872	0.16343624060156778	-0.2731357423607538	0.22123957800722863	-0.17549078815694186	0.13691110889830174	-0.12935843902518704	0.1690519234750344	-0.18677537901559485	0.07787264320061371	-0.16677133560941748	0.15635707000913376	-0.15002541160036992	0.14288176597205432	-0.08644910324991906
0.11849465679321798	-0.08673628433668734	0.09253498251969132	-0.09735434883655682	0.08436837251151362	-0.08958470250258634	0.14278976695394133	-0.11670267200703215	0.15278872995053178	-0.09647493358051444	0.12516258877396286	-0.13424481361751361	0.20000448211878352	-0.14978977573912655	0.1254591072705201	-0.13225250757525278	0.14884665248236764	-0.24577639601919307	0.23327814173673023	-0.15827872764573322	0.15183936883757176	-0.25457106749775693	0.23723432627391905	-0.4955946381094052	0.1539522274706064	-0.1859441929132538	0.23377804152977802	-0.44905055648158027	0.9999999999999889	-0.32589197262146463	0.13380340402699592	-0.137888124649561	0.22744778793703885	-0.41051680665254753	0.23524430618248351	-0.12696227668321497	0.1178303806351666	-0.1760279033349923	0.21307413988377574	-0.09844409780376095	0.1484121910275283	-0.15068017381759574	0.15172895023898758	-0.16263388986750485	0.10261025504988816
-0.06244677041645738	0.0457346758580539	-0.04909723353495222	0.051245614229868765	-0.04467608512436414	0.046832927265059714	-0.07548591803805867	0.06085432291861408	-0.08020441002368893	0.05076207519867285	-0.06522041807926673	0.06832310605845462	-0.1044368665699354	0.07615598338849569	-0.06651800433988887	0.06781034755379088	-0.07520655033281745	0.11628926019287082	-0.11705096506431524	0.17729331265025988	-0.07897791364456584	0.11733008591319666	-0.10449648929720745	0.16564513295056982	-0.22715893899398384	0.09420234997879766	-0.1169893599938611	0.15867514542559055	-0.32589197262146463	0.9999999999999906	-0.07240203432401336	0.0730248134863665	-0.12691926368923728	0.17152890985181554	-0.839296687210828	0.06888133547156179	-0.06491292882338698	0.09660175047957431	-0.12430913206461222	0.15743303796396985	-0.08383111261139248	0.08286020743076139	-0.09640201653163577	0.1003464110978736	-0.17618397296296173
0.08710346992180118	-0.05660958061883233	0.06108618679629758	-0.05487643803512726	0.047808449872012194	-0.06483070150980476	0.08867748376954679	-0.06876393005318626	0.08182043487429652	-0.0521818004544837	0.09455189471550787	-0.09008536329063971	0.11777911492948909	-0.07277152784184723	0.0673199167607244	-0.11011562923131889	0.09988389638780316	-0.11562737247037903	0.09666990769309176	-0.0641962031411689	0.156550209533529	-0.1411359231052055	0.10631818570786282	-0.12182886405028666	0.06318532201691106	-0.3186943080298295	0.2287777060628006	-0.16368258718591872	0.13380340402699592	-0.07240203432401336	0.9999999999999897	-0.7566428216332605	0.21203501415016832	-0.15765689516159073	0.07820862697532276	-0.378033766251096	0.2648293696855162	-0.17525188385232202	0.13780966085837235	-0.04662466709821291	0.200418294466944	-0.21749586885413413	0.1278562492215429	-0.1261714597245972	0.049599245281567436
-0.08423048812994284	0.054758888674720216	-0.0594055308366553	0.05347728603324057	-0.04677920266265249	0.06213489860847697	-0.08686669407956471	0.06715992945294984	-0.08043953247345434	0.05096988898021664	-0.09064062135562961	0.08599476492675398	-0.11577214435072869	0.0712893021793012	-0.06612574357791852	0.10091423570716734	-0.09623759566780878	0.1122294902425046	-0.09545607078800288	0.06315446192859599	-0.14515686072366876	0.13694123522846122	-0.10568380353247954	0.1192652410796663	-0.06280980498635762	0.2204352689561648	-0.27786913654173495	0.16343624060156778	-0.137888124649561	0.0730248134863665	-0.7566428216332605	0.9999999999999928	-0.2981184999698912	0.16137362040285724	-0.079960246792755	0.2732500626933736	-0.36602080809224813	0.18774049278700636	-0.14956844983991027	0.0471624062450735	-0.20807830880913436	0.2019829850436049	-0.13674189694781616	0.12731919839568906	-0.05057450516960781
0.09459523177436426	-0.06562823195251519	0.07067787163287476	-0.06822411502081738	0.05938159329410868	-0.07056881762256005	0.10608588114604682	-0.08384086520737423	0.10375565644822368	-0.06601798185694394	0.100046533132364	-0.10155382670287566	0.144495143238122	-0.09499982858632681	0.08545608263966102	-0.10795181614856574	0.11197401976019455	-0.1549739017624514	0.13313086098203392	-0.0946874676053897	0.13359587653757432	-0.17696440553104678	0.14871381146356447	-0.18521665326992257	0.09207742742421937	-0.18351071540573127	0.2064328511341881	-0.2731357423607538	0.22744778793703885	-0.12691926368923728	0.21203501415016832	-0.2981184999698912	0.9999999999999886	-0.46782353695037193	0.13322595350976824	-0.21961015263730002	0.21343449771926598	-0.5934428613859009	0.3052692329962616	-0.08418001897795462	0.19090091950836444	-0.21607425991321216	0.24474545918789117	-0.26452516675822485	0.08694761813531088
-0.08953261012156667	0.06293291787584383	-0.06814048364702385	0.06717938506338055	-0.05898872918952133	0.06647090569035555	-0.104052000511459	0.0821348600617874	-0.10494182285905185	0.06559231078341671	-0.0937693763908626	0.09490624541348162	-0.14246367766574636	0.09589657248626669	-0.08628945009732109	0.09796515311465653	-0.10539604568217419	0.14805257260203786	-0.14135144022449112	0.10353121988197053	-0.12048889381256751	0.15897927141362028	-0.14074981530285047	0.19793419461131379	-0.1052044643503807	0.14941484291306814	-0.18577230342431103	0.22123957800722863	-0.41051680665254753	0.17152890985181554	-0.15765689516159073	0.16137362040285724	-0.46782353695037193	0.9999999999999888	-0.20765251312264513	0.14804607093636	-0.15138344072474644	0.2876743755925176	-0.6008303051043777	0.09712420733846643	-0.16470552725460758	0.1619196284033397	-0.241435797247349	0.23304357912078855	-0.10408727722962802
0.06726664928217987	-0.04938822523889801	0.0527356095861042	-0.055042669914588026	0.04758374002896908	-0.0506587420082023	0.08028512241481872	-0.0651101297294992	0.08446390206422169	-0.05436163421850988	0.07049344842851098	-0.07458313759810724	0.1108484214944118	-0.08116738639675322	0.07022019037960227	-0.07425686007099151	0.08141495668752152	-0.12794994826283076	0.12077890898577635	-0.18906542039859175	0.08555965270005289	-0.13119690258903619	0.11196393620058051	-0.17765260603494518	0.17364537542663697	-0.10458399628332113	0.12429624976376791	-0.17549078815694186	0.23524430618248351	-0.839296687210828	0.07820862697532276	-0.079960246792755	0.13322595350976824	-0.20765251312264513	0.9999999999999853	-0.07618315244823232	0.07090219471014275	-0.10623232163038616	0.1315613179159323	-0.22865900088808555	0.09085277219518234	-0.0926034225341062	0.10265106330214266	-0.11297632553428093	0.1790827288158784
-0.07690350346099986	0.050536040710972	-0.05524942321677011	0.04962721063605732	-0.04359041793172994	0.05618401800641533	-0.0810686545873332	0.062219736128439784	-0.07477316959492745	0.047298644238749556	-0.0810861611745907	0.07663913428137406	-0.10761953027476164	0.06574896513503584	-0.06156450981670034	0.08689724005867339	-0.08501649528761979	0.10053437221119792	-0.0871775907097934	0.059108580481573234	-0.12009089313878268	0.11636345151910339	-0.09146193984801741	0.10793460478720544	-0.05910290082666754	0.1642695544544614	-0.18026719462857277	0.13691110889830174	-0.12696227668321497	0.06888133547156179	-0.378033766251096	0.2732500626933736	-0.21961015263730002	0.14804607093636	-0.07618315244823232	0.9999999999999857	-0.7218401135871504	0.19852431461455763	-0.16055577801504403	0.047587716958808236	-0.40013668507741385	0.28667609628333374	-0.1565775394480312	0.1357162218994664	-0.05122132578741778
0.06740936539477702	-0.044814827336634624	0.04879269655710663	-0.04444140139304421	0.03892896710308097	-0.04954673757012274	0.0718246120043013	-0.0554664766351738	0.06693407500676159	-0.0424576041417892	0.07119803581236642	-0.06842971406438889	0.09575142171877352	-0.059347088913417306	0.05512830930058484	-0.0770857674943989	0.0756066472412595	-0.0921214548086364	0.07936862688440359	-0.05446561623642227	0.10340134819773848	-0.10740714656695292	0.08425024285541377	-0.10055002631447627	0.054023158672159934	-0.14808118852998692	0.15936552984548774	-0.12935843902518704	0.1178303806351666	-0.06491292882338698	0.2648293696855162	-0.36602080809224813	0.21343449771926598	-0.15138344072474644	0.07090219471014275	-0.7218401135871504	0.9999999999999862	-0.2729635819691943	0.16038478438493523	-0.046080949751218715	0.27711041592713526	-0.4021141875547134	0.15736514378965646	-0.1419570019974698	0.04896631398142499
-0.07220488986321173	0.0495885110144068	-0.05375656854328444	0.051181321298729515	-0.04480434693944291	0.053415265356729684	-0.08068715008055696	0.06315298787209869	-0.07826776307732064	0.04945133504724892	-0.07591167837972927	0.0754380072875779	-0.10926653315279741	0.07066540617452076	-0.0644431221570102	0.08057231443916822	-0.08346517378132946	0.11098727542434217	-0.09859713076783425	0.0707958526265093	-0.1022961062236948	0.1245552884877105	-0.1048011001199625	0.13170403924251492	-0.07025762840526963	0.13395228351401273	-0.1580362136399277	0.1690519234750344	-0.1760279033349923	0.09660175047957431	-0.17525188385232202	0.18774049278700636	-0.5934428613859009	0.2876743755925176	-0.10623232163038616	0.19852431461455763	-0.2729635819691943	0.9999999999999855	-0.5038526472383675	0.07676889694960895	-0.17963796684159772	0.19085168883228543	-0.4162231674902698	0.2786260757560804	-0.08132340292769732
0.07523543890687119	-0.05275543690194796	0.05686588197974627	-0.05558710289096369	0.0484217822380445	-0.056044088352126833	0.08569070920805379	-0.06784849530098969	0.08493270701433629	-0.0539886521028353	0.07907091321620684	-0.08047355561908794	0.11675673574803548	-0.078184406884525	0.07002018917648525	-0.08407531899182187	0.08846432553326695	-0.124702191480237	0.11083451188966273	-0.08317693133172713	0.10267374416652536	-0.13739034641394718	0.11492278661475563	-0.15973209432114832	0.08103366233211134	-0.13324468994825292	0.15360670298920429	-0.18677537901559485	0.21307413988377574	-0.12430913206461222	0.13780966085837235	-0.14956844983991027	0.3052692329962616	-0.6008303051043777	0.1315613179159323	-0.16055577801504403	0.16038478438493523	-0.5038526472383675	0.9999999999999861	-0.10398094246219056	0.1556744690173874	-0.17196886505475725	0.2795781587457568	-0.42241667917793563	0.10325659126335245
-0.03391026230181053	0.02427628799179444	-0.026151609174069692	0.026216242591485313	-0.022831526909310864	0.02527546837919537	-0.03963705060651697	0.031538944556487924	-0.04020852405319691	0.02564516325902378	-0.03536691155840909	0.03633765621108876	-0.054139325885395245	0.03735746050129248	-0.03332187549602579	0.03698791584961239	-0.039750220968959186	0.05785322275645977	-0.05386617704693398	0.06564600079410184	-0.04404894528399989	0.060935256098821416	-0.05112504335467173	0.07369663087878395	-0.06388671426558792	0.05391228948199241	-0.06406301093757452	0.07787264320061371	-0.09844409780376095	0.15743303796396985	-0.04662466709821291	0.0471624062450735	-0.08418001897795462	0.09712420733846643	-0.22865900088808555	0.047587716958808236	-0.046080949751218715	0.07676889694960895	-0.10398094246219056	0.9999999999999863	-0.05907455473416327	0.05912781817638704	-0.11029456150502628	0.12422163614859646	-0.9368644802252724
0.09858184698245429	-0.0662906367548967	0.07246473954048735	-0.06527772305835665	0.057133793425570706	-0.07208290211454928	0.10592640014986286	-0.08123700648810761	0.09705801998674755	-0.062040851370977035	0.1022376733174121	-0.09845971120179213	0.13996765797297098	-0.08532948104173127	0.0801723582800473	-0.10861124567731265	0.1067863709013869	-0.13020773073492378	0.11072227242236869	-0.07645903112337898	0.13733783305208602	-0.1488556383670516	0.11377022587477152	-0.1375275569584847	0.07504219003006836	-0.1850043020633611	0.18804262099189978	-0.16677133560941748	0.1484121910275283	-0.08383111261139248	0.200418294466944	-0.20807830880913436	0.19090091950836444	-0.16470552725460758	0.09085277219518234	-0.40013668507741385	0.27711041592713526	-0.17963796684159772	0.1556744690173874	-0.05907455473416327	0.9999999999999861	-0.7591514299030525	0.17512634389542925	-0.17377547741661806	0.06238916929392918
-0.09591228579896807	0.0634632679717286	-0.07003347415646324	0.06233819514350958	-0.055052724440012024	0.06931307161478956	-0.10319934501388146	0.078391178519212	-0.09410769513762557	0.05933094355165608	-0.09900242589175132	0.09304247561147633	-0.13636498271023567	0.08174546549235728	-0.07755946216523485	0.10199952235864299	-0.10238803899635385	0.12138652273223405	-0.10663776214447605	0.07271242418063907	-0.13483543640346296	0.13643954448984036	-0.10769112867173161	0.12892386592766578	-0.073291315606338	0.1661147522607309	-0.19469171069229446	0.15635707000913376	-0.15068017381759574	0.08286020743076139	-0.21749586885413413	0.2019829850436049	-0.21607425991321216	0.1619196284033397	-0.0926034225341062	0.28667609628333374	-0.4021141875547134	0.19085168883228543	-0.17196886505475725	0.05912781817638704	-0.7591514299030525	0.9999999999999861	-0.22535043749070982	0.17332417800141964	-0.06417218792535996
0.06707514137931407	-0.04646458023312878	0.05027905778612671	-0.04806898676019719	0.0419401611875586	-0.04970011962732212	0.07519707666147424	-0.05899106847644717	0.07290487786626443	-0.04641595821908807	0.07026117701030718	-0.07038622557019696	0.1016133242375926	-0.0661259452623136	0.06015727036457609	-0.07459541341309013	0.07715326060542127	-0.10424462590663801	0.09131279806882969	-0.06953927603130777	0.09232727895499732	-0.11636664566971924	0.09473416803795917	-0.12351022079081402	0.06767696980095271	-0.12030029219036405	0.13576360241913896	-0.15002541160036992	0.15172895023898758	-0.09640201653163577	0.1278562492215429	-0.13674189694781616	0.24474545918789117	-0.241435797247349	0.10265106330214266	-0.1565775394480312	0.15736514378965646	-0.4162231674902698	0.2795781587457568	-0.11029456150502628	0.17512634389542925	-0.22535043749070982	0.9999999999999862	-0.7728007653089991	0.11166138788563301
