1.0	-0.721479257142159	0.2092989955115968	-0.2259092984524085	0.08037116836933227	-0.4992254120652788	0.30821969953589967	-0.17340344969940724	0.16075984625984518	-0.09632518907663733	0.2298579390319821	-0.16407024168508552	0.14187345125081682	-0.0744245115783434	0.07692310169001972	-0.049711950148544355	0.04463838231014482	-0.12407356220864789	0.0706152297982329	-0.09823201074856663	0.02081099560054902	-0.16834736215571905	0.09138000691529498	-0.040125235502259354	0.03702754400663888	-0.02041556807976248	0.024113112396883858	-0.011997266232198947	0.01019516951313222	-0.014785718427938974	0.05881263680483452	-0.024766226235335344	0.011806776957807278	-0.01068279955856987	0.016241954026338924
-0.721479257142159	1.0000000000000002	-0.32097615334295854	0.21777745307280919	-0.0813380950066905	0.2962575721116415	-0.4679738515186224	0.19215557065326502	-0.1867127943312644	0.09230764809347194	-0.22400586970920408	0.158864647941732	-0.15082127715908644	0.074381061735855	-0.07887864861031606	0.04137646284509361	-0.037868827474151115	0.10435101764155648	-0.06138947710515462	0.08294309889274835	-0.016895788692216356	0.13491397408554276	-0.07752077646948984	0.033961301509402096	-0.031596630656889536	0.01654601303094826	-0.019553194216535178	0.00990864221297861	-0.008505898273282464	0.01247524728836125	-0.04797805049658202	0.02003009201535818	-0.009757109507031073	0.008881480924534996	-0.013741827225252698
0.2092989955115968	-0.32097615334295854	1.0000000000000004	-0.7352374205430873	0.17301745401940397	-0.16931165035362783	0.20869420119784232	-0.41370200594126383	0.26900177109814405	-0.2021838205789436	0.17115478630017936	-0.14992732791437163	0.14911782676776889	-0.1051703281186601	0.10819745741734797	-0.03839672424454736	0.03557352187332371	-0.1044400936922177	0.06555725860972389	-0.08693841758518403	0.016102014220962645	-0.12866701882863552	0.07702948215495208	-0.03477419949237818	0.032541149281488324	-0.01575384452865462	0.018757108035746636	-0.009739475945231682	0.008479077232519335	-0.012650809506969302	0.0459454419600275	-0.01917513402468598	0.009593258708019598	-0.008818371296031828	0.013955905641816709
-0.2259092984524085	0.21777745307280919	-0.7352374205430873	1.0000000000000002	-0.30458222987616995	0.16380943332654058	-0.21372918383359762	0.2680468718753786	-0.34599574288740226	0.22372538072016135	-0.2034839693128311	0.14538098915393957	-0.15885014708943454	0.12057217116401159	-0.13796626421844904	0.03998215601237486	-0.03761318743523925	0.10566892339234993	-0.07010968664707161	0.09040618680175887	-0.016355192011244555	0.1279213312677819	-0.08010668371384537	0.03637090031079769	-0.034381457055584104	0.01596967433864539	-0.019023911054995783	0.010036672989602195	-0.008819179512917677	0.013272320175564145	-0.04742152474366265	0.01939050654333812	-0.009897466768953467	0.009145674383287093	-0.014689121708884267
0.08037116836933227	-0.0813380950066905	0.17301745401940397	-0.30458222987616995	0.9999999999999996	-0.06694195476351424	0.08263403414375957	-0.11699969557711376	0.1454901239498886	-0.9132981020514477	0.08668399046157975	-0.06537301550049922	0.06817529437893012	-0.083085988381384	0.08967467928353612	-0.019256214225604928	0.018105986066614028	-0.053300144356779974	0.037840746857765256	-0.04934442956469063	0.008049267833176974	-0.06349883639238224	0.040047063741401545	-0.0189719980726326	0.017912613328025954	-0.007861116801618521	0.009414646090190893	-0.005045951297302345	0.004476818393772364	-0.006826257914280895	0.023220917978191247	-0.009594664617935544	0.004974400763212966	-0.004632500796997237	0.007546543119399169
-0.4992254120652788	0.2962575721116415	-0.16931165035362783	0.16380943332654058	-0.06694195476351424	0.9999999999999999	-0.6281236110252576	0.18090839851854423	-0.18115245798483853	0.07783903437933735	-0.4487495307178405	0.19123198869058797	-0.17212246033592093	0.07650412855493821	-0.0805562687135505	0.05521653503633989	-0.04987562606115692	0.1299521962080055	-0.07383166873298667	0.10162643863450818	-0.021742110940458147	0.17375930390268643	-0.0961398599182473	0.04177851976755051	-0.03864665651487756	0.02131117198340335	-0.025010341263790026	0.01247268247226211	-0.010610934869647185	0.015401425584633779	-0.06110581013577343	0.02566827706668653	-0.012276898282502186	0.011110824736249712	-0.01693389548575545
0.30821969953589967	-0.4679738515186224	0.20869420119784232	-0.21372918383359762	0.08263403414375957	-0.6281236110252576	0.999999999999999	-0.2974045825947485	0.21489368841130524	-0.09794029477459384	0.2724632923953367	-0.2922582445408397	0.20922666641186397	-0.092929119815426	0.09456957082545096	-0.05910846341083306	0.05324810116363288	-0.1523067812447619	0.08613757375342264	-0.11859783090807322	0.024579607909039968	-0.19916423167498068	0.11084639006853543	-0.048375561757548854	0.04470826648104076	-0.02410537781892523	0.02848957438004224	-0.014279588947995633	0.012177663388943926	-0.017743680595510562	0.06910849567617296	-0.029241937071200975	0.014050657981045796	-0.012741881506620261	0.019501816834402285
-0.17340344969940724	0.19215557065326502	-0.41370200594126383	0.2680468718753786	-0.11699969557711376	0.18090839851854423	-0.2974045825947485	0.9999999999999982	-0.7294290460525241	0.13085100156587592	-0.1903625058729518	0.19958721184818096	-0.25378992827135116	0.1510431291295605	-0.15954932699138824	0.04268273002156187	-0.03983296170024991	0.12305160568003158	-0.08028309644738897	0.10246974536934725	-0.017689672795312413	0.14154539402357583	-0.08939231954526534	0.04044263706612773	-0.03806825280996992	0.017293750898208733	-0.020640186706602236	0.010935362683059256	-0.009621551747920957	0.014544479094393489	-0.05004597530714337	0.0210668592137077	-0.010769997379966378	0.009970417508214386	-0.016066721657867666
0.16075984625984518	-0.1867127943312644	0.26900177109814405	-0.34599574288740226	0.1454901239498886	-0.18115245798483853	0.21489368841130524	-0.7294290460525241	0.9999999999999983	-0.18997997938381941	0.19408494032081533	-0.20668041390556144	0.1973741201102035	-0.25995545019586824	0.19584770242294794	-0.05207384495294743	0.048138153247604634	-0.15335991630848586	0.10208253365767106	-0.13434279125756354	0.022304909971863553	-0.181551955131583	0.1097625457087553	-0.05137472095274441	0.0479541208885294	-0.021836362172583633	0.02612581302105018	-0.013783149944888788	0.012112820604571788	-0.018331823805598623	0.06250288235593754	-0.02671968378558754	0.01356399389038831	-0.012567353493661637	0.020188318698994862
-0.09632518907663733	0.09230764809347194	-0.2021838205789436	0.22372538072016135	-0.9132981020514477	0.07783903437933735	-0.09794029477459384	0.13085100156587592	-0.18997997938381941	0.9999999999999974	-0.10448120584815311	0.07481844743080386	-0.08023284496010612	0.09583029818027981	-0.11563046181694407	0.022043882049869797	-0.020836903118315576	0.06028172480984747	-0.043599184141775583	0.055998955863786296	-0.009117149072819549	0.07125264896208322	-0.045765250930810714	0.021647537474744953	-0.02053932452659714	0.008896868573729145	-0.010655284024961723	0.005741278626437766	-0.0051091159141156955	0.007808481857291518	-0.02649436015351542	0.010846008061246096	-0.005662866287760304	0.0052814002633125405	-0.008645414675400875
0.2298579390319821	-0.22400586970920408	0.17115478630017936	-0.2034839693128311	0.08668399046157975	-0.4487495307178405	0.2724632923953367	-0.1903625058729518	0.19408494032081533	-0.10448120584815311	0.999999999999996	-0.32309179212394407	0.24076840201228322	-0.12084923274434678	0.12256921921497929	-0.14753697260532198	0.12498078365752267	-0.31423823355685	0.1682155270976567	-0.2440216738172115	0.057022505986748295	-0.4614296444042426	0.23013486136304587	-0.10018467296215637	0.09134579736026441	-0.05606667541313311	0.06536836682282392	-0.03147934590557094	0.026261756498520264	-0.037249043478408274	0.15877979959796995	-0.0673860136557907	0.030959880044408646	-0.027685868011232732	0.040756720997926335
-0.16407024168508552	0.158864647941732	-0.14992732791437163	0.14538098915393957	-0.06537301550049922	0.19123198869058797	-0.2922582445408397	0.19958721184818096	-0.20668041390556144	0.07481844743080386	-0.32309179212394407	0.9999999999999954	-0.8198371119020952	0.08919942037556798	-0.09589211516205959	0.059313677985464684	-0.057277808135654466	0.1784314115217428	-0.09872433628599725	0.11967181966780722	-0.022992467044026195	0.17836909978651572	-0.1328332962175324	0.05216055728009985	-0.04956731560721213	0.022385496515750027	-0.026594343499908208	0.014299920299430008	-0.01257959960189418	0.018923721225372784	-0.06558590850251285	0.026972019443348528	-0.01409189277988257	0.012984860046738758	-0.02103156008270182
0.14187345125081682	-0.15082127715908644	0.14911782676776889	-0.15885014708943454	0.06817529437893012	-0.17212246033592093	0.20922666641186397	-0.25378992827135116	0.1973741201102035	-0.08023284496010612	0.24076840201228322	-0.8198371119020952	0.9999999999999947	-0.09769103587765657	0.099320024763932	-0.06646426748759605	0.06269935551913991	-0.25589056636078017	0.11935145891721421	-0.15030778726742042	0.026815782597109438	-0.21927057949522058	0.1532603294048574	-0.06220365887329794	0.05807436209152411	-0.02620431720483927	0.031202484423796452	-0.01667947029108014	0.014624787592049306	-0.022049369676143193	0.07327856562304036	-0.03178347263740633	0.016396246641349692	-0.015119039695298464	0.024366152949502
-0.0744245115783434	0.074381061735855	-0.1051703281186601	0.12057217116401159	-0.083085988381384	0.07650412855493821	-0.092929119815426	0.1510431291295605	-0.25995545019586824	0.09583029818027981	-0.12084923274434678	0.08919942037556798	-0.09769103587765657	0.9999999999999952	-0.9067251769182919	0.0334845629962851	-0.033125442228268215	0.11875893182915355	-0.16466218877518501	0.16252313192994297	-0.013638833974478407	0.10483106743211747	-0.09038689831593866	0.05294441551814424	-0.052001338203108476	0.013223573387015884	-0.016351216208167544	0.010509072786653433	-0.010275157847555389	0.017421482329153012	-0.03915780718557886	0.01643936450279465	-0.010381485960795873	0.010352460085185831	-0.01939566088360633
0.07692310169001972	-0.07887864861031606	0.10819745741734797	-0.13796626421844904	0.08967467928353612	-0.0805562687135505	0.09456957082545096	-0.15954932699138824	0.19584770242294794	-0.11563046181694407	0.12256921921497929	-0.09589211516205959	0.099320024763932	-0.9067251769182919	0.999999999999995	-0.03664265550253878	0.03567807444901177	-0.13195773719129125	0.1517113503678925	-0.20221379501360784	0.015129436434047516	-0.11934859244439286	0.09562814762868692	-0.0575633952268188	0.05524627615551758	-0.014708665344987881	0.018124761964643278	-0.011438063162350558	0.011085956424060404	-0.01873780725882939	0.04247729578430724	-0.01829640045070049	0.011274591374373094	-0.011211103566120645	0.020683558296932428
-0.049711950148544355	0.04137646284509361	-0.03839672424454736	0.03998215601237486	-0.019256214225604928	0.05521653503633989	-0.05910846341083306	0.04268273002156187	-0.05207384495294743	0.022043882049869797	-0.14753697260532198	0.059313677985464684	-0.06646426748759605	0.0334845629962851	-0.03664265550253878	0.9999999999999947	-0.9638198322176972	0.1203869738171641	-0.06303321272360637	0.07149556330329179	-0.06286549643672622	0.11538858359333058	-0.09687672110803669	0.034691721240371544	-0.03364343408452809	0.05669310003348106	-0.028137807591309856	0.012170303238997053	-0.009910609872415455	0.013509166843089289	-0.05793027129377987	0.028142589884528658	-0.012060043918163916	0.010398377778939571	-0.01513011945778183
0.04463838231014482	-0.037868827474151115	0.03557352187332371	-0.03761318743523925	0.018105986066614028	-0.04987562606115692	0.05324810116363288	-0.03983296170024991	0.048138153247604634	-0.020836903118315576	0.12498078365752267	-0.057277808135654466	0.06269935551913991	-0.033125442228268215	0.03567807444901177	-0.9638198322176972	0.9999999999999942	-0.1417659062450881	0.06627281522187366	-0.07782868523854879	0.05768781098085631	-0.12697698047733513	0.09803442961290118	-0.036037996343684126	0.034423745362962284	-0.057147220208474264	0.02809114916773682	-0.012290635007638216	0.010000821311104538	-0.013715800458521568	0.05446871192919153	-0.028526142964578404	0.012135759617107379	-0.0105074355659541	0.01528322711320072
-0.12407356220864789	0.10435101764155648	-0.1044400936922177	0.10566892339234993	-0.053300144356779974	0.1299521962080055	-0.1523067812447619	0.12305160568003158	-0.15335991630848586	0.06028172480984747	-0.31423823355685	0.1784314115217428	-0.25589056636078017	0.11875893182915355	-0.13195773719129125	0.1203869738171641	-0.1417659062450881	0.9999999999999936	-0.46400909580258326	0.2871787153643812	-0.03998167285566542	0.28811453941981946	-0.5996395453068254	0.14862063991234567	-0.14831202336942598	0.038055748245595045	-0.046798745537779206	0.03199542484879454	-0.030113057468740323	0.04871135330270501	-0.11160167706955884	0.04558182040863418	-0.03141764031068125	0.029803838617107347	-0.05526521488411835
0.0706152297982329	-0.06138947710515462	0.06555725860972389	-0.07010968664707161	0.037840746857765256	-0.07383166873298667	0.08613757375342264	-0.08028309644738897	0.10208253365767106	-0.043599184141775583	0.1682155270976567	-0.09872433628599725	0.11935145891721421	-0.16466218877518501	0.1517113503678925	-0.06303321272360637	0.06627281522187366	-0.46400909580258326	0.9999999999999928	-0.7800106006739781	0.022645470727700692	-0.17259346555456315	0.22223499194926707	-0.19045799686263598	0.16186342710382695	-0.02175107266890364	0.02790855824842557	-0.022684275045684196	0.02458910287685314	-0.04672569528287366	0.06138328730743506	-0.02752700603980919	0.022341370174043175	-0.024049310565968623	0.051198055124862404
-0.09823201074856663	0.08294309889274835	-0.08693841758518403	0.09040618680175887	-0.04934442956469063	0.10162643863450818	-0.11859783090807322	0.10246974536934725	-0.13434279125756354	0.055998955863786296	-0.2440216738172115	0.11967181966780722	-0.15030778726742042	0.16252313192994297	-0.20221379501360784	0.07149556330329179	-0.07782868523854879	0.2871787153643812	-0.7800106006739781	0.9999999999999928	-0.028162117375848703	0.193461096004513	-0.27233557443332135	0.1819030590238555	-0.21637288924409787	0.02684432437488326	-0.035150852209956826	0.02856481955545527	-0.031280308792462845	0.05879619725786642	-0.08590121434152115	0.03438212420599332	-0.02837844497025211	0.030434017191942775	-0.06609557785471432
0.02081099560054902	-0.016895788692216356	0.016102014220962645	-0.016355192011244555	0.008049267833176974	-0.021742110940458147	0.024579607909039968	-0.017689672795312413	0.022304909971863553	-0.009117149072819549	0.057022505986748295	-0.022992467044026195	0.026815782597109438	-0.013638833974478407	0.015129436434047516	-0.06286549643672622	0.05768781098085631	-0.03998167285566542	0.022645470727700692	-0.028162117375848703	0.9999999999999922	-0.09329991422411087	0.049879733519410364	-0.01715983296687642	0.016649167574862758	-0.9671375540937165	0.11994900872002108	-0.0295262951723995	0.016950453365799326	-0.01261981104171466	0.10659018339208394	-0.12741842489483396	0.02877343431984756	-0.019675426821185497	0.01365505412355462
-0.16834736215571905	0.13491397408554276	-0.12866701882863552	0.1279213312677819	-0.06349883639238224	0.17375930390268643	-0.19916423167498068	0.14154539402357583	-0.181551955131583	0.07125264896208322	-0.4614296444042426	0.17836909978651572	-0.21927057949522058	0.10483106743211747	-0.11934859244439286	0.11538858359333058	-0.12697698047733513	0.28811453941981946	-0.17259346555456315	0.193461096004513	-0.09329991422411087	0.9999999999999919	-0.6204302330819014	0.13009879981836198	-0.1312108097180225	0.08231421586032932	-0.1102985846067626	0.04638879179419866	-0.03790169168173342	0.05105959732495731	-0.20258255787732202	0.0973996556851177	-0.04624543524619732	0.03890642994295819	-0.05824992238386606
0.09138000691529498	-0.07752077646948984	0.07702948215495208	-0.08010668371384537	0.040047063741401545	-0.0961398599182473	0.11084639006853543	-0.08939231954526534	0.1097625457087553	-0.045765250930810714	0.23013486136304587	-0.1328332962175324	0.1532603294048574	-0.09038689831593866	0.09562814762868692	-0.09687672110803669	0.09803442961290118	-0.5996395453068254	0.22223499194926707	-0.27233557443332135	0.049879733519410364	-0.6204302330819014	0.9999999999999917	-0.19418447795997967	0.15399013918154728	-0.04840624781368592	0.06008593183263584	-0.04059369609368147	0.034716632064717985	-0.05299387724690133	0.09828395867962848	-0.05969259726219506	0.03831825030395157	-0.03452491185649452	0.05839417850213473
-0.040125235502259354	0.033961301509402096	-0.03477419949237818	0.03637090031079769	-0.0189719980726326	0.04177851976755051	-0.048375561757548854	0.04044263706612773	-0.05137472095274441	0.021647537474744953	-0.10018467296215637	0.05216055728009985	-0.06220365887329794	0.05294441551814424	-0.0575633952268188	0.034691721240371544	-0.036037996343684126	0.14862063991234567	-0.19045799686263598	0.1819030590238555	-0.01715983296687642	0.13009879981836198	-0.19418447795997967	0.9999999999999922	-0.9065502999953505	0.016451813339535316	-0.028940180106216584	0.04751926535650766	-0.06903221720237446	0.15745012003972836	-0.04129819970616633	0.028374209752960605	-0.04760887758437665	0.0628468513553068	-0.1800269265671035
0.03702754400663888	-0.031596630656889536	0.032541149281488324	-0.034381457055584104	0.017912613328025954	-0.03864665651487756	0.04470826648104076	-0.03806825280996992	0.0479541208885294	-0.02053932452659714	0.09134579736026441	-0.04956731560721213	0.05807436209152411	-0.052001338203108476	0.05524627615551758	-0.03364343408452809	0.034423745362962284	-0.14831202336942598	0.16186342710382695	-0.21637288924409787	0.016649167574862758	-0.1312108097180225	0.15399013918154728	-0.9065502999953505	0.9999999999999925	-0.01604376772686107	0.028143192011851236	-0.048373003131453596	0.06886811807541966	-0.20243613805251706	0.03841783965410239	-0.027908414766734037	0.04639522612414844	-0.06449290436956578	0.1621180168743889
-0.02041556807976248	0.01654601303094826	-0.01575384452865462	0.01596967433864539	-0.007861116801618521	0.02131117198340335	-0.02410537781892523	0.017293750898208733	-0.021836362172583633	0.008896868573729145	-0.05606667541313311	0.022385496515750027	-0.02620431720483927	0.013223573387015884	-0.014708665344987881	0.05669310003348106	-0.057147220208474264	0.038055748245595045	-0.02175107266890364	0.02684432437488326	-0.9671375540937165	0.08231421586032932	-0.04840624781368592	0.016451813339535316	-0.01604376772686107	0.999999999999994	-0.13847643370016077	0.0279037154562276	-0.01615314361642823	0.012001879364014202	-0.11768731388405597	0.11698438850720963	-0.027423336049149268	0.018498211344066217	-0.013046091247735092
0.024113112396883858	-0.019553194216535178	0.018757108035746636	-0.019023911054995783	0.009414646090190893	-0.025010341263790026	0.02848957438004224	-0.020640186706602236	0.02612581302105018	-0.010655284024961723	0.06536836682282392	-0.026594343499908208	0.031202484423796452	-0.016351216208167544	0.018124761964643278	-0.028137807591309856	0.02809114916773682	-0.046798745537779206	0.02790855824842557	-0.035150852209956826	0.11994900872002108	-0.1102985846067626	0.06008593183263584	-0.028940180106216584	0.028143192011851236	-0.13847643370016077	0.9999999999999916	-0.1611152862990608	0.07865968928665046	-0.04404384959019866	0.11163682042979114	-0.9376851191700258	0.14821051722283285	-0.09335493872737957	0.04633493870273817
-0.011997266232198947	0.00990864221297861	-0.009739475945231682	0.010036672989602195	-0.005045951297302345	0.01247268247226211	-0.014279588947995633	0.010935362683059256	-0.013783149944888788	0.005741278626437766	-0.03147934590557094	0.014299920299430008	-0.01667947029108014	0.010509072786653433	-0.011438063162350558	0.012170303238997053	-0.012290635007638216	0.03199542484879454	-0.022684275045684196	0.02856481955545527	-0.0295262951723995	0.04638879179419866	-0.04059369609368147	0.04751926535650766	-0.048373003131453596	0.0279037154562276	-0.1611152862990608	0.9999999999999928	-0.48108551282578604	0.14513429515057924	-0.035856507763180986	0.14098457074733795	-0.7828309736104571	0.3060712986743622	-0.16395021505422058
0.01019516951313222	-0.008505898273282464	0.008479077232519335	-0.008819179512917677	0.004476818393772364	-0.010610934869647185	0.012177663388943926	-0.009621551747920957	0.012112820604571788	-0.0051091159141156955	0.026261756498520264	-0.01257959960189418	0.014624787592049306	-0.010275157847555389	0.011085956424060404	-0.009910609872415455	0.010000821311104538	-0.030113057468740323	0.02458910287685314	-0.031280308792462845	0.016950453365799326	-0.03790169168173342	0.034716632064717985	-0.06903221720237446	0.06886811807541966	-0.01615314361642823	0.07865968928665046	-0.48108551282578604	0.9999999999999905	-0.30675994586636013	0.02393992107229835	-0.0787648960566137	0.2989548770535751	-0.7407650318106689	0.23311248024374925
-0.014785718427938974	0.01247524728836125	-0.012650809506969302	0.013272320175564145	-0.006826257914280895	0.015401425584633779	-0.017743680595510562	0.014544479094393489	-0.018331823805598623	0.007808481857291518	-0.037249043478408274	0.018923721225372784	-0.022049369676143193	0.017421482329153012	-0.01873780725882939	0.013509166843089289	-0.013715800458521568	0.04871135330270501	-0.04672569528287366	0.05879619725786642	-0.01261981104171466	0.05105959732495731	-0.05299387724690133	0.15745012003972836	-0.20243613805251706	0.012001879364014202	-0.04404384959019866	0.14513429515057924	-0.30675994586636013	0.9999999999999909	-0.02255774320448066	0.042922640794211715	-0.1418620191433667	0.22234006621705443	-0.8804251919392466
0.05881263680483452	-0.04797805049658202	0.0459454419600275	-0.04742152474366265	0.023220917978191247	-0.06110581013577343	0.06910849567617296	-0.05004597530714337	0.06250288235593754	-0.02649436015351542	0.15877979959796995	-0.06558590850251285	0.07327856562304036	-0.03915780718557886	0.04247729578430724	-0.05793027129377987	0.05446871192919153	-0.11160167706955884	0.06138328730743506	-0.08590121434152115	0.10659018339208394	-0.20258255787732202	0.09828395867962848	-0.04129819970616633	0.03841783965410239	-0.11768731388405597	0.11163682042979114	-0.035856507763180986	0.02393992107229835	-0.02255774320448066	0.9999999999999918	-0.12791884445246754	0.03669714304657422	-0.02687495300275098	0.02461970603864059
-0.024766226235335344	0.02003009201535818	-0.01917513402468598	0.01939050654333812	-0.009594664617935544	0.02566827706668653	-0.029241937071200975	0.0210668592137077	-0.02671968378558754	0.010846008061246096	-0.0673860136557907	0.026972019443348528	-0.03178347263740633	0.01643936450279465	-0.01829640045070049	0.028142589884528658	-0.028526142964578404	0.04558182040863418	-0.02752700603980919	0.03438212420599332	-0.12741842489483396	0.0973996556851177	-0.05969259726219506	0.028374209752960605	-0.027908414766734037	0.11698438850720963	-0.9376851191700258	0.14098457074733795	-0.0787648960566137	0.042922640794211715	-0.12791884445246754	0.9999999999999917	-0.17875730510655788	0.08896079365753459	-0.04675100344627232
0.011806776957807278	-0.009757109507031073	0.009593258708019598	-0.009897466768953467	0.004974400763212966	-0.012276898282502186	0.014050657981045796	-0.010769997379966378	0.01356399389038831	-0.005662866287760304	0.030959880044408646	-0.01409189277988257	0.016396246641349692	-0.010381485960795873	0.011274591374373094	-0.012060043918163916	0.012135759617107379	-0.03141764031068125	0.022341370174043175	-0.02837844497025211	0.02877343431984756	-0.04624543524619732	0.03831825030395157	-0.04760887758437665	0.04639522612414844	-0.027423336049149268	0.14821051722283285	-0.7828309736104571	0.2989548770535751	-0.1418620191433667	0.03669714304657422	-0.17875730510655788	0.9999999999999916	-0.48420452053621643	0.1426354872554914
-0.01068279955856987	0.008881480924534996	-0.008818371296031828	0.009145674383287093	-0.004632500796997237	0.011110824736249712	-0.012741881506620261	0.009970417508214386	-0.012567353493661637	0.0052814002633125405	-0.027685868011232732	0.012984860046738758	-0.015119039695298464	0.010352460085185831	-0.011211103566120645	0.010398377778939571	-0.0105074355659541	0.029803838617107347	-0.024049310565968623	0.030434017191942775	-0.019675426821185497	0.03890642994295819	-0.03452491185649452	0.0628468513553068	-0.06449290436956578	0.018498211344066217	-0.09335493872737957	0.3060712986743622	-0.7407650318106689	0.22234006621705443	-0.02687495300275098	0.08896079365753459	-0.48420452053621643	0.9999999999999917	-0.2982504699704556
0.016241954026338924	-0.013741827225252698	0.013955905641816709	-0.014689121708884267	0.007546543119399169	-0.01693389548575545	0.019501816834402285	-0.016066721657867666	0.020188318698994862	-0.008645414675400875	0.040756720997926335	-0.02103156008270182	0.024366152949502	-0.01939566088360633	0.020683558296932428	-0.01513011945778183	0.01528322711320072	-0.05526521488411835	0.051198055124862404	-0.06609557785471432	0.01365505412355462	-0.05824992238386606	0.05839417850213473	-0.1800269265671035	0.1621180168743889	-0.013046091247735092	0.04633493870273817	-0.16395021505422058	0.23311248024374925	-0.8804251919392466	0.02461970603864059	-0.04675100344627232	0.1426354872554914	-0.2982504699704556	0.9999999999999916
