1.0	-0.3525054790719232	0.193490759241336	-0.19753691151131209	0.16514538291463104	-0.48908298258319455	0.2538461985043897	-0.21891620325672373	0.18289021044080883	-0.15751903732120018	0.2672376920113031	-0.2673744089425729	0.2171932505549608	-0.20682928225410138	0.21582995066469088	-0.3105704837590083	0.24048883076242805	-0.19748447080822726	0.18845283998409398	-0.21218019445399242	0.1979235210608438	-0.32407309547803564	0.22274115059661206	-0.22059905733672047	0.25015926486134865	-0.24459696808972703	0.2206404015818725	-0.196664354306041	0.17700655998148002	-0.17784778376708774	0.11537718944743851	-0.10411540884303049	0.13659650830799588	-0.20460504986089337	0.15250041581764617	-0.13323623101530624	0.10704733667177187	-0.13652233149842238	0.16080076732243737	-0.3131084965705647
-0.3525054790719232	1.0	-0.2920096999470197	0.1916477215833982	-0.14461021398007123	0.24596273404361627	-0.7932656155029003	0.21530799348803972	-0.18129337315127303	0.12664233880501252	-0.1866053473631274	0.178761230756827	-0.1533754941783856	0.13657787197277363	-0.1438140002618253	0.14032345062661056	-0.1621997633115755	0.12010211981795335	-0.11711498927582034	0.12189766440532958	-0.0930729660368128	0.13606917830273152	-0.128031153550969	0.1201866700090665	-0.13797413389972604	0.10359260988599134	-0.10249981496513227	0.0893461002742294	-0.08370975544255616	0.07730991301813024	-0.04850283854309736	0.043929948049277696	-0.05783782838816449	0.08379168779705655	-0.06703919824902568	0.053029517411376396	-0.045791404931296374	0.055551795771109434	-0.06613381139211834	0.11735633542428775
0.193490759241336	-0.2920096999470197	0.9999999999999997	-0.7755467535453321	0.23376260629770587	-0.17841105467208587	0.20510409252559839	-0.3561206567129518	0.24194458578686304	-0.22286061019145068	0.12626376340765236	-0.13179356702933964	0.15369889800059874	-0.15881847182071204	0.16434376820792368	-0.12173421856103511	0.12591621490595495	-0.11632978236290628	0.12062596405320769	-0.14328283489887625	0.08120013429115154	-0.128008328819035	0.1217575251239823	-0.12461133901664438	0.13555923557347258	-0.0940568946504969	0.0937092505761086	-0.08696615778921818	0.0806983977421438	-0.07699716140783087	0.04463965575372186	-0.04145801570880341	0.05594015382193944	-0.08275656396855838	0.065689001781689	-0.04928950351603974	0.04303622863065801	-0.05418426199383042	0.06449099773407832	-0.11663535684362067
-0.19753691151131209	0.1916477215833982	-0.7755467535453321	1.0	-0.3786611332511197	0.15374913655753508	-0.18111156203955525	0.2545206076257024	-0.2927175830998976	0.23331361005394224	-0.11791727736577869	0.12016207996288801	-0.15477144740212936	0.15688943544269804	-0.17940842388766487	0.11225266360923532	-0.12135161040377065	0.11249069002027413	-0.12094592066466987	0.1405434741782207	-0.0761500679121165	0.11908242878149142	-0.12008354671550635	0.1197364030984445	-0.13780612420708133	0.0873431597573949	-0.08907733078389689	0.0826416076924793	-0.07769869202332658	0.07351264180261499	-0.04212871317367942	0.03916715552175777	-0.05308169728745276	0.07799798759178701	-0.06304461580188403	0.04616906910455487	-0.040803382980182414	0.051048982099379636	-0.060998385203919946	0.1085723247764802
0.16514538291463104	-0.14461021398007123	0.23376260629770587	-0.3786611332511197	0.9999999999999999	-0.15136845097025411	0.13248126437779292	-0.2672555345037567	0.2546356240843952	-0.7698591883833873	0.11249918570183481	-0.12026865553848247	0.15554889866464275	-0.18008074791660547	0.22986112768879172	-0.12017918568139596	0.12078880175256736	-0.12117757032602006	0.13246803728485199	-0.20042200084328882	0.0811630200419782	-0.1327186881222965	0.12681146046608052	-0.13743102740811078	0.15111901357940666	-0.09555088219873706	0.09625591029041677	-0.09340721955941152	0.08626794111025324	-0.08570993553880554	0.04627800902336714	-0.04384529650923844	0.0604359020215162	-0.09102619429101304	0.07198885781388505	-0.05139004870983191	0.045401836213025404	-0.058973346575089965	0.07024240519040709	-0.12921996421063545
-0.48908298258319455	0.24596273404361627	-0.17841105467208587	0.15374913655753508	-0.15136845097025411	1.0000000000000002	-0.34794426650052207	0.18511816770520248	-0.1688112059261931	0.1334287191882008	-0.5941984608313796	0.28229297282418353	-0.21473171600125182	0.17683048798333284	-0.19690715604121273	0.23597527173362823	-0.269492521842277	0.17783827830933596	-0.16657953868427894	0.16718168575635495	-0.1588020503045699	0.20503607619779693	-0.19381636299976265	0.1722651221613824	-0.21238107159383252	0.1631640450449189	-0.16427775371615322	0.13337454980941743	-0.12682688702879474	0.11327191840779433	-0.07563695975624213	0.0670400128409885	-0.08629643134535707	0.12194943026036784	-0.09960851385604394	0.08058743615250398	-0.07038623632379154	0.08160811488222391	-0.09737970085183426	0.16626516197024452
0.2538461985043897	-0.7932656155029003	0.20510409252559839	-0.18111156203955525	0.13248126437779292	-0.34794426650052207	0.9999999999999993	-0.28179182276087666	0.17890142276375728	-0.12402763772950215	0.19701525166802583	-0.22645571519928992	0.15190113407675476	-0.1381060627433447	0.13570331310621267	-0.14489551001682005	0.16335003576580595	-0.12123032305489823	0.11481186224732028	-0.11819345046791177	0.09301300897256443	-0.1350894671028953	0.124753298037408	-0.11919842504728397	0.1296682947494652	-0.10360274846043369	0.10031068358133836	-0.08691056823392154	0.08082245998788962	-0.07404274763975498	0.04685614015027472	-0.04239603359401842	0.05545935626982713	-0.08040250153250281	0.06400381596958644	-0.05127434912888737	0.04408186644193951	-0.05328026049244967	0.06325031153940097	-0.11211474348758718
-0.21891620325672373	0.21530799348803972	-0.3561206567129518	0.2545206076257024	-0.2672555345037567	0.18511816770520248	-0.28179182276087666	0.9999999999999988	-0.7061686003063918	0.2379693749738271	-0.14870296691793713	0.1576252301151283	-0.27447593163024675	0.24248416373521214	-0.21575225916481483	0.1379650931301892	-0.16059749936913675	0.16068139953708782	-0.1728864136479599	0.16729088534474493	-0.09361731072341167	0.14542433649084308	-0.16272017281617127	0.1588713393382772	-0.16414491665655787	0.10579728142805336	-0.10922925447657453	0.10165949205235236	-0.09590761263085154	0.08703704333245249	-0.050009919854623816	0.046604686667706285	-0.06301352027014936	0.09195874021317267	-0.07476733895541371	0.05446840219747122	-0.0485577853073045	0.06014201713357452	-0.07183224510988506	0.1255417105627047
0.18289021044080883	-0.18129337315127303	0.24194458578686304	-0.2927175830998976	0.2546356240843952	-0.1688112059261931	0.17890142276375728	-0.7061686003063918	0.9999999999999973	-0.3727379777039771	0.12969174225800298	-0.14348368959852212	0.226909628306144	-0.34807647903097155	0.21308741753163896	-0.13024730105432192	0.14325083967329502	-0.154371455940222	0.17271754051910304	-0.17500535425803918	0.08756665496045156	-0.13997564019512568	0.1508332899182581	-0.16311837222112138	0.15308622528582358	-0.10059601053988633	0.10257559865267722	-0.097697142606213	0.09108684878877735	-0.08387370146457163	0.04717723624466112	-0.04428138416193349	0.06016270384495861	-0.08877072599097575	0.07133572355381498	-0.05172410119093892	0.045970994017101266	-0.057781362956568404	0.0688253408482571	-0.121918166081646
-0.15751903732120018	0.12664233880501252	-0.22286061019145068	0.23331361005394224	-0.7698591883833873	0.1334287191882008	-0.12402763772950215	0.2379693749738271	-0.3727379777039771	0.9999999999999971	-0.10418064093386999	0.11078525024899226	-0.15958693017171635	0.18291246126257021	-0.33157235110436456	0.10807933043994208	-0.11483879120895618	0.11641759064207823	-0.13290117749402874	0.19065558862817775	-0.07371431037365857	0.11894216311607134	-0.12221501500056862	0.1288482872456359	-0.14999674663974003	0.085659640295111	-0.08797225546971382	0.08507145154490756	-0.0796667976490019	0.07797210763726604	-0.04163204985704164	0.039451485869882626	-0.05451274566777265	0.08140408805642801	-0.06588956202821869	0.0458525226103155	-0.04098148840551718	0.052706717986057514	-0.06302174991738049	0.11357433464665263
0.2672376920113031	-0.1866053473631274	0.12626376340765236	-0.11791727736577869	0.11249918570183481	-0.5941984608313796	0.19701525166802583	-0.14870296691793713	0.12969174225800298	-0.10418064093386999	0.9999999999999981	-0.564791792425125	0.1935500894906529	-0.16208641242344934	0.15391577391117314	-0.3482265368766213	0.28000316504930284	-0.1782439326809219	0.14895618544766534	-0.14082914860386267	0.17429310019524594	-0.21007663680178834	0.1747615674275333	-0.16069477613358926	0.16429299884113507	-0.18101178828738465	0.15686040017451602	-0.1206444517853823	0.110923011379333	-0.0951566001324407	0.06811916126583333	-0.05959007282840898	0.07348354002685312	-0.10372974842766054	0.08276334458668926	-0.07307485754878197	0.061696537744135194	-0.069570849969944	0.08175403497840386	-0.13874824722784163
-0.2673744089425729	0.178761230756827	-0.13179356702933964	0.12016207996288801	-0.12026865553848247	0.28229297282418353	-0.22645571519928992	0.1576252301151283	-0.14348368959852212	0.11078525024899226	-0.564791792425125	0.9999999999999984	-0.2921851999644161	0.1910102503355404	-0.17112273787425103	0.25197003957903236	-0.5878232631848792	0.23406229868149508	-0.184191374197019	0.15167140738283155	-0.1553484942764705	0.19313084599100222	-0.21225252323116794	0.17955672780102297	-0.17330265541567133	0.154056686593653	-0.14978963795192302	0.12270740845507659	-0.11472792048654207	0.09590118633641177	-0.06409142855307692	0.05728254419450335	-0.07294220566496953	0.10294406712620849	-0.08354310343356906	0.06806975736184873	-0.05969203732337475	0.06851851075885355	-0.08114158260768341	0.135813498392848
0.2171932505549608	-0.1533754941783856	0.15369889800059874	-0.15477144740212936	0.15554889866464275	-0.21473171600125182	0.15190113407675476	-0.27447593163024675	0.226909628306144	-0.15958693017171635	0.1935500894906529	-0.2921851999644161	0.9999999999999925	-0.5924448372993677	0.23740727526701952	-0.20733028384458388	0.2577876246849568	-0.4823589652772072	0.291034934793663	-0.22811511746415752	0.1345400861128912	-0.2189558916509126	0.26737672909754845	-0.28927426417561114	0.20237529135185733	-0.15203045777357632	0.15433858042299817	-0.15105326544806288	0.13647918064192202	-0.11636124725197612	0.06668042400737148	-0.0628173618338678	0.08438782624921225	-0.1235576530368407	0.09865978685603854	-0.07253015518447287	0.06494973112197062	-0.08025130864810519	0.09492092240663254	-0.16353276387095012
-0.20682928225410138	0.13657787197277363	-0.15881847182071204	0.15688943544269804	-0.18008074791660547	0.17683048798333284	-0.1381060627433447	0.24248416373521214	-0.34807647903097155	0.18291246126257021	-0.16208641242344934	0.1910102503355404	-0.5924448372993677	0.9999999999999979	-0.3608275044161205	0.16678843088670905	-0.21544843333228259	0.273633594429339	-0.4541048567907623	0.241580789588839	-0.1145888472096899	0.1830464543624799	-0.2567790141381151	0.2638093951233678	-0.21288868530252117	0.12835975859162352	-0.13754218104339355	0.1345230556449749	-0.12849729771418608	0.10914656735109622	-0.059590126020265505	0.05663909345683118	-0.07767745728169176	0.11316843059828283	-0.09322459177895738	0.06441796882371278	-0.05894559779627101	0.07329063969382496	-0.08760314242857173	0.14905117945817656
0.21582995066469088	-0.1438140002618253	0.16434376820792368	-0.17940842388766487	0.22986112768879172	-0.19690715604121273	0.13570331310621267	-0.21575225916481483	0.21308741753163896	-0.33157235110436456	0.15391577391117314	-0.17112273787425103	0.23740727526701952	-0.3608275044161205	0.9999999999999926	-0.1787157334546696	0.1783120024691487	-0.1986424247864954	0.23958453843800945	-0.6553292330884818	0.12228637399718273	-0.20641757395513785	0.20309656843571988	-0.2405820822561838	0.28053983390753195	-0.14566213921841328	0.14935947860066082	-0.15377065829466907	0.14176361571201643	-0.15034465327168534	0.0721054160372993	-0.07019804644413859	0.09964863626964075	-0.15370393953612232	0.1226051522323496	-0.08029907982501511	0.07250073362866329	-0.09783892173571707	0.11678920813610126	-0.21783126562478894
-0.3105704837590083	0.14032345062661056	-0.12173421856103511	0.11225266360923532	-0.12017918568139596	0.23597527173362823	-0.14489551001682005	0.1379650931301892	-0.13024730105432192	0.10807933043994208	-0.3482265368766213	0.25197003957903236	-0.20733028384458388	0.16678843088670905	-0.1787157334546696	0.9999999999999943	-0.40926113305939515	0.20062761158945958	-0.17352135118616818	0.15682740146124377	-0.586606245760718	0.27069068234666427	-0.22603316473882779	0.17996659246212035	-0.20650606640642644	0.2844409582296516	-0.27021268537227816	0.15602772335569828	-0.148842327687396	0.11487016485978914	-0.10006216557655143	0.0830448857667275	-0.09404644691976914	0.12491840996847574	-0.10237249743227793	0.09847293946977448	-0.086950905828358	0.08617986552990378	-0.10074723282707701	0.15763996099885227
0.24048883076242805	-0.1621997633115755	0.12591621490595495	-0.12135161040377065	0.12078880175256736	-0.269492521842277	0.16335003576580595	-0.16059749936913675	0.14325083967329502	-0.11483879120895618	0.28000316504930284	-0.5878232631848792	0.2577876246849568	-0.21544843333228259	0.1783120024691487	-0.40926113305939515	0.9999999999999939	-0.43009743891066565	0.21517169167147523	-0.17285991916463025	0.19739005678994934	-0.25235107554032654	0.2481812946050877	-0.22827764337882644	0.18545257053193875	-0.20381716840607988	0.18024911985832692	-0.14756160687086226	0.13271786617460363	-0.10905831682464583	0.07502577086352538	-0.06680941542092945	0.08330794612337995	-0.11802497492576225	0.09407286508738207	-0.0802646000536944	0.06895248191632969	-0.07845414706882231	0.09195320226468409	-0.15378305867262376
-0.19748447080822726	0.12010211981795335	-0.11632978236290628	0.11249069002027413	-0.12117757032602006	0.17783827830933596	-0.12123032305489823	0.16068139953708782	-0.154371455940222	0.11641759064207823	-0.1782439326809219	0.23406229868149508	-0.4823589652772072	0.273633594429339	-0.1986424247864954	0.20062761158945958	-0.43009743891066565	0.9999999999999941	-0.4327168845767904	0.18875692046620898	-0.1347931815750838	0.21337984409775898	-0.51328544215649	0.2955411028001692	-0.19023003980174485	0.14340402959218893	-0.15601487261464336	0.15428205781247273	-0.14155332793523104	0.10599280083968907	-0.06184458464482543	0.058530973174056096	-0.0785426375221781	0.11172445966970522	-0.09126305930545871	0.06598007292447759	-0.0607602627854935	0.07282920510203889	-0.08634818890453066	0.14101379646425233
0.18845283998409398	-0.11711498927582034	0.12062596405320769	-0.12094592066466987	0.13246803728485199	-0.16657953868427894	0.11481186224732028	-0.1728864136479599	0.17271754051910304	-0.13290117749402874	0.14895618544766534	-0.184191374197019	0.291034934793663	-0.4541048567907623	0.23958453843800945	-0.17352135118616818	0.21517169167147523	-0.4327168845767904	0.9999999999999927	-0.302356381077628	0.11778045577079456	-0.19818917072566283	0.2963851255276044	-0.608230550117213	0.218259675088795	-0.1335404147395564	0.1434576149058124	-0.15199106411344976	0.14408191050681723	-0.1147260263996483	0.060362225099182	-0.05809686946958154	0.0804021730297916	-0.11801680453391221	0.09663987594254243	-0.06523439891991432	0.06021734323123595	-0.0754703460001791	0.08983386162719781	-0.15042932255491565
-0.21218019445399242	0.12189766440532958	-0.14328283489887625	0.1405434741782207	-0.20042200084328882	0.16718168575635495	-0.11819345046791177	0.16729088534474493	-0.17500535425803918	0.19065558862817775	-0.14082914860386267	0.15167140738283155	-0.22811511746415752	0.241580789588839	-0.6553292330884818	0.15682740146124377	-0.17285991916463025	0.18875692046620898	-0.302356381077628	0.9999999999999912	-0.11059152627599664	0.1813144701546596	-0.2077066661618558	0.22829668452849916	-0.5130201951476735	0.12898593399404695	-0.13939434665532438	0.14412889629099251	-0.14086096595086722	0.15606443658079336	-0.06582451534600649	0.06462764042501427	-0.09419260059885098	0.1429184119619505	-0.12985715261337408	0.07194913628718903	-0.0673916246343179	0.08996438498890115	-0.1095232486900623	0.19228066397120847
0.1979235210608438	-0.0930729660368128	0.08120013429115154	-0.0761500679121165	0.0811630200419782	-0.1588020503045699	0.09301300897256443	-0.09361731072341167	0.08756665496045156	-0.07371431037365857	0.17429310019524594	-0.1553484942764705	0.1345400861128912	-0.1145888472096899	0.12228637399718273	-0.586606245760718	0.19739005678994934	-0.1347931815750838	0.11778045577079456	-0.11059152627599664	0.9999999999999885	-0.36423480573424505	0.16487782938998596	-0.13326038621214487	0.1470225217054249	-0.6194957711362804	0.2742542550851084	-0.1357479885357648	0.12119306829504892	-0.08920469952868833	0.09581676350187446	-0.07602495562328257	0.076284998937373	-0.09916623964311486	0.07910487399876069	-0.09583915374873425	0.07642780956914014	-0.06989009092245062	0.07919232857216742	-0.12118176971469555
-0.32407309547803564	0.13606917830273152	-0.128008328819035	0.11908242878149142	-0.1327186881222965	0.20503607619779693	-0.1350894671028953	0.14542433649084308	-0.13997564019512568	0.11894216311607134	-0.21007663680178834	0.19313084599100222	-0.2189558916509126	0.1830464543624799	-0.20641757395513785	0.27069068234666427	-0.25235107554032654	0.21337984409775898	-0.19818917072566283	0.1813144701546596	-0.36423480573424505	0.9999999999999898	-0.3728104497154819	0.22484395693242393	-0.2567108963903276	0.2996315824219162	-0.5783928864213372	0.2290040724834295	-0.21847656493904108	0.14777529558100475	-0.12040509942719378	0.11736180996845172	-0.12616648928887983	0.16121779174341405	-0.13322186967257685	0.1189730182987204	-0.12265613680089704	0.11269831798169855	-0.1305909416739076	0.19189938320255429
0.22274115059661206	-0.128031153550969	0.1217575251239823	-0.12008354671550635	0.12681146046608052	-0.19381636299976265	0.124753298037408	-0.16272017281617127	0.1508332899182581	-0.12221501500056862	0.1747615674275333	-0.21225252323116794	0.26737672909754845	-0.2567790141381151	0.20309656843571988	-0.22603316473882779	0.2481812946050877	-0.51328544215649	0.2963851255276044	-0.2077066661618558	0.16487782938998596	-0.3728104497154819	0.999999999999989	-0.532477131715139	0.22329644389762437	-0.18625311545975728	0.215092473858349	-0.2739077072178635	0.20373447545888218	-0.14111807184471156	0.07920310111445858	-0.07760626354666199	0.10557124102459216	-0.15055338979548846	0.11975159087879575	-0.08470865210199466	0.07977986133474328	-0.09731487160915975	0.11359056458520064	-0.18192287626276243
-0.22059905733672047	0.1201866700090665	-0.12461133901664438	0.1197364030984445	-0.13743102740811078	0.1722651221613824	-0.11919842504728397	0.1588713393382772	-0.16311837222112138	0.1288482872456359	-0.16069477613358926	0.17955672780102297	-0.28927426417561114	0.2638093951233678	-0.2405820822561838	0.17996659246212035	-0.22827764337882644	0.2955411028001692	-0.608230550117213	0.22829668452849916	-0.13326038621214487	0.22484395693242393	-0.532477131715139	0.9999999999999897	-0.27844706811553366	0.14868443624315836	-0.17724146063543073	0.1947253208635791	-0.21500184320216703	0.13764523609880408	-0.070076511189154	0.06866983790585773	-0.09756240998941602	0.13978186245972235	-0.11858312840228037	0.07448796905486849	-0.07172565785682083	0.08892252726407747	-0.10716053576299518	0.1687141987819184
0.25015926486134865	-0.13797413389972604	0.13555923557347258	-0.13780612420708133	0.15111901357940666	-0.21238107159383252	0.1296682947494652	-0.16414491665655787	0.15308622528582358	-0.14999674663974003	0.16429299884113507	-0.17330265541567133	0.20237529135185733	-0.21288868530252117	0.28053983390753195	-0.20650606640642644	0.18545257053193875	-0.19023003980174485	0.218259675088795	-0.5130201951476735	0.1470225217054249	-0.2567108963903276	0.22329644389762437	-0.27844706811553366	0.9999999999999857	-0.1823476637974556	0.19303874572822813	-0.23136147524392156	0.21602874085829912	-0.3690598514114426	0.10129739428412347	-0.1056669242063494	0.16417277731332053	-0.2750536067398196	0.2376888582263698	-0.1140599025026956	0.10876923233048146	-0.16406030033853838	0.1985287280926188	-0.3853375223901983
-0.24459696808972703	0.10359260988599134	-0.0940568946504969	0.0873431597573949	-0.09555088219873706	0.1631640450449189	-0.10360274846043369	0.10579728142805336	-0.10059601053988633	0.085659640295111	-0.18101178828738465	0.154056686593653	-0.15203045777357632	0.12835975859162352	-0.14566213921841328	0.2844409582296516	-0.20381716840607988	0.14340402959218893	-0.1335404147395564	0.12898593399404695	-0.6194957711362804	0.2996315824219162	-0.18625311545975728	0.14868443624315836	-0.1823476637974556	0.9999999999999869	-0.5515599781514345	0.17827080077580898	-0.1652738123265879	0.11108133542980124	-0.15374232973787688	0.10935484495011742	-0.10072508759796488	0.12437454830373727	-0.10024824664298515	0.1326739772810706	-0.11045600751573056	0.09018996631115805	-0.10108029067399223	0.14658218027496095
0.2206404015818725	-0.10249981496513227	0.0937092505761086	-0.08907733078389689	0.09625591029041677	-0.16427775371615322	0.10031068358133836	-0.10922925447657453	0.10257559865267722	-0.08797225546971382	0.15686040017451602	-0.14978963795192302	0.15433858042299817	-0.13754218104339355	0.14935947860066082	-0.27021268537227816	0.18024911985832692	-0.15601487261464336	0.1434576149058124	-0.13939434665532438	0.2742542550851084	-0.5783928864213372	0.215092473858349	-0.17724146063543073	0.19303874572822813	-0.5515599781514345	0.9999999999999853	-0.3328301173603687	0.21533833455604384	-0.14043817247997253	0.1298476426588892	-0.1553799636739657	0.12622232112364176	-0.16040154812769036	0.1220503725270179	-0.1345488965162552	0.13476365181287023	-0.11485316778942725	0.1231800206060954	-0.17988853239604563
-0.196664354306041	0.0893461002742294	-0.08696615778921818	0.0826416076924793	-0.09340721955941152	0.13337454980941743	-0.08691056823392154	0.10165949205235236	-0.097697142606213	0.08507145154490756	-0.1206444517853823	0.12270740845507659	-0.15105326544806288	0.1345230556449749	-0.15377065829466907	0.15602772335569828	-0.14756160687086226	0.15428205781247273	-0.15199106411344976	0.14412889629099251	-0.1357479885357648	0.2290040724834295	-0.2739077072178635	0.1947253208635791	-0.23136147524392156	0.17827080077580898	-0.3328301173603687	0.9999999999999863	-0.761923750803004	0.20602475661464456	-0.08729615911266582	0.10047332012513613	-0.18785508577818255	0.22024407901079862	-0.19005884614285262	0.0898295450838774	-0.10391498605193085	0.14091793566748262	-0.16664630577290399	0.1949567374693428
0.17700655998148002	-0.08370975544255616	0.0806983977421438	-0.07769869202332658	0.08626794111025324	-0.12682688702879474	0.08082245998788962	-0.09590761263085154	0.09108684878877735	-0.0796667976490019	0.110923011379333	-0.11472792048654207	0.13647918064192202	-0.12849729771418608	0.14176361571201643	-0.148842327687396	0.13271786617460363	-0.14155332793523104	0.14408191050681723	-0.14086096595086722	0.12119306829504892	-0.21847656493904108	0.20373447545888218	-0.21500184320216703	0.21602874085829912	-0.1652738123265879	0.21533833455604384	-0.761923750803004	0.9999999999999861	-0.31474672448635405	0.08140779115033407	-0.09478967610428751	0.17087663960305413	-0.3126142530101857	0.21583139098235965	-0.08675930319311195	0.0962746134264241	-0.1467040382892741	0.1736024696627324	-0.22155376511563402
-0.17784778376708774	0.07730991301813024	-0.07699716140783087	0.07351264180261499	-0.08570993553880554	0.11327191840779433	-0.07404274763975498	0.08703704333245249	-0.08387370146457163	0.07797210763726604	-0.0951566001324407	0.09590118633641177	-0.11636124725197612	0.10914656735109622	-0.15034465327168534	0.11487016485978914	-0.10905831682464583	0.10599280083968907	-0.1147260263996483	0.15606443658079336	-0.08920469952868833	0.14777529558100475	-0.14111807184471156	0.13764523609880408	-0.3690598514114426	0.11108133542980124	-0.14043817247997253	0.20602475661464456	-0.31474672448635405	0.9999999999999861	-0.07131102926139017	0.08204908357959649	-0.16330621749420704	0.2610418272015033	-0.758362448013372	0.07495505278632053	-0.08804366453701919	0.13545453198830532	-0.19284889573249117	0.2454520490420909
0.11537718944743851	-0.04850283854309736	0.04463965575372186	-0.04212871317367942	0.04627800902336714	-0.07563695975624213	0.04685614015027472	-0.050009919854623816	0.04717723624466112	-0.04163204985704164	0.06811916126583333	-0.06409142855307692	0.06668042400737148	-0.059590126020265505	0.0721054160372993	-0.10006216557655143	0.07502577086352538	-0.06184458464482543	0.060362225099182	-0.06582451534600649	0.09581676350187446	-0.12040509942719378	0.07920310111445858	-0.070076511189154	0.10129739428412347	-0.15374232973787688	0.1298476426588892	-0.08729615911266582	0.08140779115033407	-0.07131102926139017	0.9999999999999872	-0.3252185655902967	0.11504028029586047	-0.10254039185812869	0.06802640966174016	-0.8817723998659845	0.23967527140554515	-0.10822707703081506	0.09071728900545364	-0.11374030657202641
-0.10411540884303049	0.043929948049277696	-0.04145801570880341	0.03916715552175777	-0.04384529650923844	0.0670400128409885	-0.04239603359401842	0.046604686667706285	-0.04428138416193349	0.039451485869882626	-0.05959007282840898	0.05728254419450335	-0.0628173618338678	0.05663909345683118	-0.07019804644413859	0.0830448857667275	-0.06680941542092945	0.058530973174056096	-0.05809686946958154	0.06462764042501427	-0.07602495562328257	0.11736180996845172	-0.07760626354666199	0.06866983790585773	-0.1056669242063494	0.10935484495011742	-0.1553799636739657	0.10047332012513613	-0.09478967610428751	0.08204908357959649	-0.3252185655902967	0.9999999999999869	-0.25412774454940507	0.14098889838360726	-0.08384711626101046	0.24254052466763953	-0.8425034263062217	0.1946254369616566	-0.1360290731331749	0.13241943129981126
0.13659650830799588	-0.05783782838816449	0.05594015382193944	-0.05308169728745276	0.0604359020215162	-0.08629643134535707	0.05545935626982713	-0.06301352027014936	0.06016270384495861	-0.05451274566777265	0.07348354002685312	-0.07294220566496953	0.08438782624921225	-0.07767745728169176	0.09964863626964075	-0.09404644691976914	0.08330794612337995	-0.0785426375221781	0.0804021730297916	-0.09419260059885098	0.076284998937373	-0.12616648928887983	0.10557124102459216	-0.09756240998941602	0.16417277731332053	-0.10072508759796488	0.12622232112364176	-0.18785508577818255	0.17087663960305413	-0.16330621749420704	0.11504028029586047	-0.25412774454940507	0.999999999999986	-0.45139572784957943	0.17379205534945524	-0.12370076059858981	0.20951277672904428	-0.7199366543839321	0.2977902288029529	-0.27216831666788477
-0.20460504986089337	0.08379168779705655	-0.08275656396855838	0.07799798759178701	-0.09102619429101304	0.12194943026036784	-0.08040250153250281	0.09195874021317267	-0.08877072599097575	0.08140408805642801	-0.10372974842766054	0.10294406712620849	-0.1235576530368407	0.11316843059828283	-0.15370393953612232	0.12491840996847574	-0.11802497492576225	0.11172445966970522	-0.11801680453391221	0.1429184119619505	-0.09916623964311486	0.16121779174341405	-0.15055338979548846	0.13978186245972235	-0.2750536067398196	0.12437454830373727	-0.16040154812769036	0.22024407901079862	-0.3126142530101857	0.2610418272015033	-0.10254039185812869	0.14098889838360726	-0.45139572784957943	0.999999999999986	-0.41654192637082804	0.10510746956269885	-0.1533026622542385	0.28211777262378446	-0.5072740754319551	0.30578801465258443
0.15250041581764617	-0.06703919824902568	0.065689001781689	-0.06304461580188403	0.07198885781388505	-0.09960851385604394	0.06400381596958644	-0.07476733895541371	0.07133572355381498	-0.06588956202821869	0.08276334458668926	-0.08354310343356906	0.09865978685603854	-0.09322459177895738	0.1226051522323496	-0.10237249743227793	0.09407286508738207	-0.09126305930545871	0.09663987594254243	-0.12985715261337408	0.07910487399876069	-0.13322186967257685	0.11975159087879575	-0.11858312840228037	0.2376888582263698	-0.10024824664298515	0.1220503725270179	-0.19005884614285262	0.21583139098235965	-0.758362448013372	0.06802640966174016	-0.08384711626101046	0.17379205534945524	-0.41654192637082804	0.9999999999999865	-0.07266513143667086	0.08805808757654186	-0.15460687156805203	0.21325874315570958	-0.33907600403350724
-0.13323623101530624	0.053029517411376396	-0.04928950351603974	0.04616906910455487	-0.05139004870983191	0.08058743615250398	-0.05127434912888737	0.05446840219747122	-0.05172410119093892	0.0458525226103155	-0.07307485754878197	0.06806975736184873	-0.07253015518447287	0.06441796882371278	-0.08029907982501511	0.09847293946977448	-0.0802646000536944	0.06598007292447759	-0.06523439891991432	0.07194913628718903	-0.09583915374873425	0.1189730182987204	-0.08470865210199466	0.07448796905486849	-0.1140599025026956	0.1326739772810706	-0.1345488965162552	0.0898295450838774	-0.08675930319311195	0.07495505278632053	-0.8817723998659845	0.24254052466763953	-0.12370076059858981	0.10510746956269885	-0.07266513143667086	0.9999999999999871	-0.31495222194841815	0.11193898018183457	-0.09838499486557627	0.11620538261067191
0.10704733667177187	-0.045791404931296374	0.04303622863065801	-0.040803382980182414	0.045401836213025404	-0.07038623632379154	0.04408186644193951	-0.0485577853073045	0.045970994017101266	-0.04098148840551718	0.061696537744135194	-0.05969203732337475	0.06494973112197062	-0.05894559779627101	0.07250073362866329	-0.086950905828358	0.06895248191632969	-0.0607602627854935	0.06021734323123595	-0.0673916246343179	0.07642780956914014	-0.12265613680089704	0.07977986133474328	-0.07172565785682083	0.10876923233048146	-0.11045600751573056	0.13476365181287023	-0.10391498605193085	0.0962746134264241	-0.08804366453701919	0.23967527140554515	-0.8425034263062217	0.20951277672904428	-0.1533026622542385	0.08805808757654186	-0.31495222194841815	0.9999999999999871	-0.25162459995999803	0.14370354396903762	-0.15137984822346667
-0.13652233149842238	0.055551795771109434	-0.05418426199383042	0.051048982099379636	-0.058973346575089965	0.08160811488222391	-0.05328026049244967	0.06014201713357452	-0.057781362956568404	0.052706717986057514	-0.069570849969944	0.06851851075885355	-0.08025130864810519	0.07329063969382496	-0.09783892173571707	0.08617986552990378	-0.07845414706882231	0.07282920510203889	-0.0754703460001791	0.08996438498890115	-0.06989009092245062	0.11269831798169855	-0.09731487160915975	0.08892252726407747	-0.16406030033853838	0.09018996631115805	-0.11485316778942725	0.14091793566748262	-0.1467040382892741	0.13545453198830532	-0.10822707703081506	0.1946254369616566	-0.7199366543839321	0.28211777262378446	-0.15460687156805203	0.11193898018183457	-0.25162459995999803	0.9999999999999869	-0.5026427220681708	0.2434818279730962
0.16080076732243737	-0.06613381139211834	0.06449099773407832	-0.060998385203919946	0.07024240519040709	-0.09737970085183426	0.06325031153940097	-0.07183224510988506	0.0688253408482571	-0.06302174991738049	0.08175403497840386	-0.08114158260768341	0.09492092240663254	-0.08760314242857173	0.11678920813610126	-0.10074723282707701	0.09195320226468409	-0.08634818890453066	0.08983386162719781	-0.1095232486900623	0.07919232857216742	-0.1305909416739076	0.11359056458520064	-0.10716053576299518	0.1985287280926188	-0.10108029067399223	0.1231800206060954	-0.16664630577290399	0.1736024696627324	-0.19284889573249117	0.09071728900545364	-0.1360290731331749	0.2977902288029529	-0.5072740754319551	0.21325874315570958	-0.09838499486557627	0.14370354396903762	-0.5026427220681708	0.999999999999987	-0.569037845451326
-0.3131084965705647	0.11735633542428775	-0.11663535684362067	0.1085723247764802	-0.12921996421063545	0.16626516197024452	-0.11211474348758718	0.1255417105627047	-0.121918166081646	0.11357433464665263	-0.13874824722784163	0.135813498392848	-0.16353276387095012	0.14905117945817656	-0.21783126562478894	0.15763996099885227	-0.15378305867262376	0.14101379646425233	-0.15042932255491565	0.19228066397120847	-0.12118176971469555	0.19189938320255429	-0.18192287626276243	0.1687141987819184	-0.3853375223901983	0.14658218027496095	-0.17988853239604563	0.1949567374693428	-0.22155376511563402	0.2454520490420909	-0.11374030657202641	0.13241943129981126	-0.27216831666788477	0.30578801465258443	-0.33907600403350724	0.11620538261067191	-0.15137984822346667	0.2434818279730962	-0.569037845451326	0.9999999999999869
