1.0	-0.15042923505976527	0.05824383069822926	-0.04778579663414312	0.05811448936028077	-0.942651027580247	0.12847947696459291	-0.1047473146835648	0.05607554941663637	-0.05036587969958292	0.16515934471644655	-0.12916275918706624	0.08533235352454702	-0.06128736875267316	0.07844213272267735	-0.12621834352325112	0.09265492600597829	-0.08737041472952498	0.05216232456804048	-0.04523090294848858	0.10329934573667189	-0.09731308631962919	0.0653573763198591	-0.04885011880311287	0.04918341134005064	-0.061666295675901955	0.053553745548660964	-0.0470668660770351	0.039726023177919345	-0.06026481581768847	0.04146927839925217	-0.05769404147384717	0.038315865915211016	-0.03716250329954715	0.037083073796534236	-0.04056211779582081	0.047771510094014764	-0.02956908502436003	0.02956482139632784	-0.05459090673966775
-0.15042923505976527	0.9999999999999997	-0.13536725883211778	0.09114529377372714	-0.10263277765861119	0.1276822280737292	-0.9345080437487221	0.18477051366283334	-0.0917602020330459	0.07869122148659066	-0.09306816724859023	0.10319523223600567	-0.11448875035143151	0.08495750928919674	-0.11488089299112768	0.07037914598337498	-0.08298319116576268	0.08643635019938598	-0.06515461262657316	0.0548361453203009	-0.08938349466403948	0.07998113292864481	-0.06948864689512915	0.052434033046510925	-0.055110191186521613	0.049419764426252136	-0.04751634658468198	0.04638584028775783	-0.040166389113797094	0.05985280701768945	-0.03594303715841089	0.04870152380005725	-0.03819787805122712	0.036522373896306734	-0.0372852533939771	0.03508661630554088	-0.044669634548945084	0.02857943776768743	-0.02905194135254397	0.053028776050459504
0.05824383069822926	-0.13536725883211778	0.9999999999999999	-0.7631122328219208	0.26446778055625236	-0.05483272405519685	0.11617565923267639	-0.4268797592180252	0.22551596615174077	-0.2405220414789888	0.10782038309954926	-0.14396133715931383	0.1848433981415547	-0.21137451294351564	0.20193762909887938	-0.09268812434420258	0.12087098161844938	-0.15444638391239685	0.11743725270904105	-0.1046828216308422	0.12304803815594138	-0.1367345594349122	0.11789305558702899	-0.0958460028690809	0.0982290990824392	-0.07974027222201346	0.07857077146469443	-0.0846610081299122	0.07281287970966958	-0.1172139901386038	0.05774678732244588	-0.08319914199654968	0.0677680065145446	-0.06722760560816725	0.0710953576819249	-0.058102914853879674	0.07187476905621158	-0.05167895829906614	0.051770033101273365	-0.10585002989698017
-0.04778579663414312	0.09114529377372714	-0.7631122328219208	0.9999999999999996	-0.4331404625822334	0.04420369665098594	-0.08506838181584114	0.256364644495684	-0.2996407907974624	0.2451132501460796	-0.0926871613226901	0.11821686388999189	-0.15872272353857403	0.19758551122436663	-0.2070092993541392	0.07851624515517332	-0.10265317373473047	0.1273165224166205	-0.11022904421134838	0.09606139446015544	-0.10754876104116566	0.11432074418790943	-0.10246742145009671	0.08382097098907378	-0.08744162176120993	0.06757493659524191	-0.06679115432753276	0.07202093932901217	-0.062385550830101395	0.09905623302487111	-0.0492947186815841	0.07009743090920117	-0.05805368471547849	0.05715301507202486	-0.06035698841876752	0.04939718676961485	-0.06185479747533325	0.04390358061438406	-0.04418849407475368	0.08856380092212633
0.05811448936028077	-0.10263277765861119	0.26446778055625236	-0.4331404625822334	0.9999999999999989	-0.05492695342685328	0.09041368783826892	-0.3223504320570049	0.27934458267074264	-0.684707365212554	0.1181636254465302	-0.15917852414611577	0.18922341600737133	-0.25763001312481715	0.2600259487991369	-0.10419523230731777	0.1355727738721289	-0.17506660970301205	0.14187695874950984	-0.1318332717482962	0.13832087690171713	-0.163658494235323	0.13779001216348788	-0.11613799518963576	0.11903736173975858	-0.09490007802425582	0.09339859386779625	-0.1033125770100072	0.08889221670556498	-0.14772414253737265	0.06839134989587266	-0.10037708706214246	0.08215947232410757	-0.08271848825243097	0.088901004092768	-0.06957873909038911	0.08494886950528407	-0.06345111402141741	0.06320539935349315	-0.13472806324437087
-0.942651027580247	0.1276822280737292	-0.05483272405519685	0.04420369665098594	-0.05492695342685328	1.0	-0.13878630216177035	0.09463381669003638	-0.05258814635553175	0.046797709284679585	-0.20400393574435088	0.11780983414027298	-0.0805072662364207	0.05663413417667404	-0.0741175117864216	0.11890526205879494	-0.08825420048889841	0.07962469150645476	-0.048497245654654436	0.04172500982641565	-0.10352421018646595	0.0871380806048886	-0.06025116771317426	0.0446453234687136	-0.045258948600614586	0.05616131809285861	-0.04891700870165636	0.04265494194352657	-0.03612557207313664	0.05416566307376797	-0.03820465677822411	0.05193594499599062	-0.034909635790425754	0.03363908435540875	-0.03347798943123468	0.03693752787977826	-0.04420792015346171	0.02684157045292392	-0.02694267656195589	0.048849262630315186
0.12847947696459291	-0.9345080437487221	0.11617565923267639	-0.08506838181584114	0.09041368783826892	-0.13878630216177035	0.9999999999999997	-0.2296061401224162	0.0837178581614352	-0.07220303538309183	0.08739956878980308	-0.10623136628284084	0.10964271215052115	-0.07989810050940209	0.10215731960440583	-0.06713526934787135	0.07872672180146101	-0.08371413402653577	0.059335779973970666	-0.05028505877867189	0.08159448519009017	-0.07595790355143595	0.06454434172065808	-0.04873260867137838	0.05069893510154497	-0.04616161898342975	0.04437280336253802	-0.0433401316808869	0.03734262264209912	-0.055989601930736176	0.03335811681126996	-0.04570350386310854	0.03547726184929509	-0.03405449788458926	0.03471799832546528	-0.03263952256749559	0.04117634248271746	-0.026589068075260097	0.026954531262611024	-0.04968193442428601
-0.1047473146835648	0.18477051366283334	-0.4268797592180252	0.256364644495684	-0.3223504320570049	0.09463381669003638	-0.2296061401224162	0.9999999999999992	-0.32102958680116517	0.2391338060197403	-0.20324358038435825	0.2403118829104183	-0.4754172188785509	0.26878507674470814	-0.353775558533819	0.1611518512517001	-0.2161501946423622	0.2496565105799868	-0.19517498068931985	0.16171202278720972	-0.2294193793598979	0.20779818746826087	-0.20157846746020827	0.15022206773287286	-0.1593135333136255	0.127085081047461	-0.12591172073650048	0.12862692924471453	-0.1121072465235359	0.16545689767817393	-0.0941868761994548	0.12755494186806435	-0.1059971312838693	0.10078351978951051	-0.10328435842291549	0.09219116609247685	-0.1194468224465318	0.07808252676265179	-0.0797258608608227	0.14502472238529254
0.05607554941663637	-0.0917602020330459	0.22551596615174077	-0.2996407907974624	0.27934458267074264	-0.05258814635553175	0.0837178581614352	-0.32102958680116517	0.9999999999999994	-0.47273904119351634	0.11977276607051222	-0.16763708681597542	0.22962540063301998	-0.6597966259926414	0.2831131864500143	-0.10363645820261158	0.13854301276364064	-0.18420005170788792	0.16481508867390748	-0.1472318436308502	0.1359975231503797	-0.15470216248285978	0.13859952050398808	-0.11954793474673232	0.12117018090004442	-0.08864277311435939	0.08843953068429641	-0.0980773110216247	0.08444976670263002	-0.13637837289831353	0.06434050673646194	-0.09324117701703151	0.07787089768447193	-0.07740453486473245	0.08180260584277868	-0.06472544555199636	0.0801537175523904	-0.058773476922502066	0.058921424883301	-0.12051606440716758
-0.05036587969958292	0.07869122148659066	-0.2405220414789888	0.2451132501460796	-0.684707365212554	0.046797709284679585	-0.07220303538309183	0.2391338060197403	-0.47273904119351634	0.9999999999999993	-0.10623240082901617	0.13720004069843747	-0.1788753473590496	0.26599809839861466	-0.3803389231107825	0.09145741444722867	-0.12028456246915802	0.1514151848943549	-0.15123856284370274	0.135793885869896	-0.12519412311094988	0.13860136017448055	-0.12569224254567407	0.10772593551732645	-0.1140687350773584	0.08128644588044741	-0.08075128526948899	0.0896642497691824	-0.0779668819186986	0.12600186426421398	-0.0592421669472902	0.08522474671314581	-0.07190572671332553	0.07135605562776604	-0.07620569237301608	0.05975113068171735	-0.07442882033493613	0.05442992725691184	-0.05468561937284784	0.11200612734339406
0.16515934471644655	-0.09306816724859023	0.10782038309954926	-0.0926871613226901	0.1181636254465302	-0.20400393574435088	0.08739956878980308	-0.20324358038435825	0.11977276607051222	-0.10623240082901617	0.9999999999999991	-0.5022958381060569	0.21646053774628954	-0.14005015877967208	0.17186083885603257	-0.64911425574285	0.28015104850503886	-0.23406419251914726	0.12048972151855003	-0.10448266619014122	0.2877818784448014	-0.25640462038459916	0.16095856475201728	-0.11742845237021714	0.11602356122109284	-0.16371807353916248	0.1362835366720557	-0.11386592734715267	0.09509353737790359	-0.14191961760245583	0.1062780974129409	-0.1457978687599515	0.09227185592766361	-0.08900224736155218	0.08700020967225346	-0.10241499548623315	0.11854053661254871	-0.07106319178741125	0.07091945691654478	-0.12757171846001863
-0.12916275918706624	0.10319523223600567	-0.14396133715931383	0.11821686388999189	-0.15917852414611577	0.11780983414027298	-0.10623136628284084	0.2403118829104183	-0.16763708681597542	0.13720004069843747	-0.5022958381060569	0.9999999999999993	-0.45944518529667266	0.18901051086170892	-0.2356964291576171	0.2804730541004231	-0.5066861053757162	0.290370880122761	-0.154742793484037	0.1286949069715938	-0.3013724084154717	0.25599611951707796	-0.20038668130314083	0.13776218093186443	-0.13994921536834945	0.14673861315863262	-0.14648805015729263	0.12486752864769343	-0.10604124493968917	0.15048776729473645	-0.10620544748780196	0.14157847160468356	-0.10239015129823341	0.09604593561278134	-0.09366938763713625	0.09981034355060042	-0.12713323685680555	0.07565050830321576	-0.07698736231587461	0.13143993804429616
0.08533235352454702	-0.11448875035143151	0.1848433981415547	-0.15872272353857403	0.18922341600737133	-0.0805072662364207	0.10964271215052115	-0.4754172188785509	0.22962540063301998	-0.1788753473590496	0.21646053774628954	-0.45944518529667266	0.9999999999999986	-0.36763106510522214	0.2597300932491227	-0.1836251343804637	0.2709069101760161	-0.49595007153243803	0.17369158965178436	-0.14864516183324475	0.20854912932641864	-0.23267991509286368	0.2143819622860424	-0.1557034645856539	0.14946174959471448	-0.12474451083906443	0.1269642771439212	-0.1328558697254763	0.11056051956026727	-0.16472969628674286	0.0902621218295336	-0.12906200228873452	0.10377327761080794	-0.10008949233218963	0.09939804301423308	-0.08831465373191046	0.1102681687554955	-0.07565526789765606	0.07626366009771854	-0.14219652432606328
-0.06128736875267316	0.08495750928919674	-0.21137451294351564	0.19758551122436663	-0.25763001312481715	0.05663413417667404	-0.07989810050940209	0.26878507674470814	-0.6597966259926414	0.26599809839861466	-0.14005015877967208	0.18901051086170892	-0.36763106510522214	0.9999999999999966	-0.4419808729319013	0.11731491279168553	-0.1622716426010107	0.2090113393225102	-0.24777950820105088	0.185586601177228	-0.15664428327280827	0.16907339767919385	-0.16458459355432745	0.14220452664722322	-0.14714542598418193	0.09748404746466968	-0.09831451304146989	0.10945608939980006	-0.09508021916349024	0.14931163339299203	-0.07135072593707617	0.10185708557118821	-0.0874352113303455	0.08573799123170718	-0.08996412637877475	0.07118666844068344	-0.0894342348806842	0.06468223728444938	-0.06529287968398473	0.12906871263154068
0.07844213272267735	-0.11488089299112768	0.20193762909887938	-0.2070092993541392	0.2600259487991369	-0.0741175117864216	0.10215731960440583	-0.353775558533819	0.2831131864500143	-0.3803389231107825	0.17186083885603257	-0.2356964291576171	0.2597300932491227	-0.4419808729319013	0.9999999999999982	-0.15578893804117536	0.20412220093124467	-0.27241443204366156	0.26819848642154703	-0.3569549601357416	0.20576637405631118	-0.26369627378078503	0.22529739595457918	-0.21281001488129864	0.2215742111815127	-0.1505982937014309	0.1495275558042618	-0.17697576501436582	0.1529107768508898	-0.2684899106399323	0.10830930023861493	-0.1625217802232159	0.13840084609003211	-0.14251415839156595	0.15663461414617122	-0.1115491271304695	0.13461954328384265	-0.10756428577870236	0.10653933624896608	-0.23949036350032887
-0.12621834352325112	0.07037914598337498	-0.09268812434420258	0.07851624515517332	-0.10419523230731777	0.11890526205879494	-0.06713526934787135	0.1611518512517001	-0.10363645820261158	0.09145741444722867	-0.64911425574285	0.2804730541004231	-0.1836251343804637	0.11731491279168553	-0.15578893804117536	1.0	-0.37197896946187864	0.20628087126320596	-0.10875420592178253	0.09264649781326185	-0.5384007221941842	0.23016409609826932	-0.1488984277465725	0.10441123113475576	-0.10467817904912549	0.16335212727846457	-0.1314932902836266	0.10142377361492683	-0.08521818187934027	0.12256571041749847	-0.10914757461121474	0.13385713110765882	-0.08371191261457886	0.07917846958733518	-0.07612015020698941	0.09808608432671398	-0.11837312705751735	0.06454723502389476	-0.06499462003740734	0.10946000443557866
0.09265492600597829	-0.08298319116576268	0.12087098161844938	-0.10265317373473047	0.1355727738721289	-0.08825420048889841	0.07872672180146101	-0.2161501946423622	0.13854301276364064	-0.12028456246915802	0.28015104850503886	-0.5066861053757162	0.2709069101760161	-0.1622716426010107	0.20412220093124467	-0.37197896946187864	0.9999999999999971	-0.5037456754995938	0.15051130305956634	-0.12782066613563844	0.27082767778474964	-0.4488570584873156	0.2305138573605439	-0.15320129302680804	0.14535505044899794	-0.15819416893524807	0.1744532410868988	-0.14015687870641125	0.1145849001839563	-0.16024053686475742	0.11245226855655757	-0.16881678901450778	0.11089659804638781	-0.1041291409340682	0.09798190545611911	-0.1056151702501534	0.12991979633013026	-0.08012572789494901	0.08093032998190343	-0.13781035891564564
-0.08737041472952498	0.08643635019938598	-0.15444638391239685	0.1273165224166205	-0.17506660970301205	0.07962469150645476	-0.08371413402653577	0.2496565105799868	-0.18420005170788792	0.1514151848943549	-0.23406419251914726	0.290370880122761	-0.49595007153243803	0.2090113393225102	-0.27241443204366156	0.20628087126320596	-0.5037456754995938	0.9999999999999987	-0.21656401281289445	0.1696387745201215	-0.25531271829443064	0.27576116333999945	-0.42971126463150894	0.207855075059408	-0.200413341608811	0.1418261485393278	-0.1562819552050729	0.17055618688191995	-0.14193690138674267	0.18659249097882694	-0.10565117166672668	0.1487986757372526	-0.13374093698957656	0.12172565118307986	-0.11490761267490225	0.10140681958390393	-0.13098761462097464	0.08953150835753165	-0.09179291598212942	0.1544675694541252
0.05216232456804048	-0.06515461262657316	0.11743725270904105	-0.11022904421134838	0.14187695874950984	-0.048497245654654436	0.059335779973970666	-0.19517498068931985	0.16481508867390748	-0.15123856284370274	0.12048972151855003	-0.154742793484037	0.17369158965178436	-0.24777950820105088	0.26819848642154703	-0.10875420592178253	0.15051130305956634	-0.21656401281289445	0.9999999999999942	-0.7414651904817869	0.14932349376235549	-0.19571650974076268	0.22550344729117067	-0.36664094294124994	0.29222216401412926	-0.10514467304030495	0.11185305051583898	-0.15541632123513696	0.13722029100858218	-0.2313817453412763	0.07779946011822883	-0.11694348677101891	0.11708029903044424	-0.12007415792532015	0.12784981980159432	-0.07928812554652269	0.09902718405740835	-0.08397422591041626	0.08446142760344386	-0.1766787982954397
-0.04523090294848858	0.0548361453203009	-0.1046828216308422	0.09606139446015544	-0.1318332717482962	0.04172500982641565	-0.05028505877867189	0.16171202278720972	-0.1472318436308502	0.135793885869896	-0.10448266619014122	0.1286949069715938	-0.14864516183324475	0.185586601177228	-0.3569549601357416	0.09264649781326185	-0.12782066613563844	0.1696387745201215	-0.7414651904817869	0.999999999999996	-0.13143340870948422	0.15988694676689227	-0.20606123492797557	0.26345480258220233	-0.43870666842921835	0.08916649549742399	-0.09534360918952602	0.13102399655701044	-0.12163952693517537	0.20000275913429036	-0.06666769036202587	0.09786660536336517	-0.10264339518964866	0.10216852865613416	-0.11564008499717318	0.06768051817300333	-0.08627902469737372	0.07166830143935961	-0.0733495627646686	0.14678255863443346
0.10329934573667189	-0.08938349466403948	0.12304803815594138	-0.10754876104116566	0.13832087690171713	-0.10352421018646595	0.08159448519009017	-0.2294193793598979	0.1359975231503797	-0.12519412311094988	0.2877818784448014	-0.3013724084154717	0.20854912932641864	-0.15664428327280827	0.20576637405631118	-0.5384007221941842	0.27082767778474964	-0.25531271829443064	0.14932349376235549	-0.13143340870948422	0.9999999999999997	-0.3798848536646213	0.20357479670100373	-0.15191306878847124	0.15064348599927446	-0.3890687381594137	0.21496415395586918	-0.1591787730827359	0.13237987042470423	-0.19862260424991676	0.20231402519871491	-0.24526855891951418	0.1315243031436102	-0.12721391175120525	0.12237243609410986	-0.18752340809018514	0.19886424528744345	-0.10640899468145182	0.10503851575731075	-0.18286823389587556
-0.09731308631962919	0.07998113292864481	-0.1367345594349122	0.11432074418790943	-0.163658494235323	0.0871380806048886	-0.07595790355143595	0.20779818746826087	-0.15470216248285978	0.13860136017448055	-0.25640462038459916	0.25599611951707796	-0.23267991509286368	0.16907339767919385	-0.26369627378078503	0.23016409609826932	-0.4488570584873156	0.27576116333999945	-0.19571650974076268	0.15988694676689227	-0.3798848536646213	0.9999999999999979	-0.35903279513173186	0.19578619171657016	-0.2009103873570971	0.21748656169715327	-0.4424989399825503	0.19109577055956165	-0.16043936366754602	0.19758938289963507	-0.17727524758002955	0.2644133953621509	-0.16186269101797685	0.14136008111937637	-0.12682998001570187	0.15479091449998655	-0.2105869604129956	0.11204326422472109	-0.11615095222662236	0.16790596738293015
0.0653573763198591	-0.06948864689512915	0.11789305558702899	-0.10246742145009671	0.13779001216348788	-0.06025116771317426	0.06454434172065808	-0.20157846746020827	0.13859952050398808	-0.12569224254567407	0.16095856475201728	-0.20038668130314083	0.2143819622860424	-0.16458459355432745	0.22529739595457918	-0.1488984277465725	0.2305138573605439	-0.42971126463150894	0.22550344729117067	-0.20606123492797557	0.20357479670100373	-0.35903279513173186	0.999999999999995	-0.5246694938208881	0.27478410670515785	-0.141903271160549	0.17294813340907086	-0.354336902033476	0.2163632205914517	-0.2793346945943025	0.10740704130388769	-0.16955533552855434	0.19325229106865985	-0.18399997776876953	0.1534812973582734	-0.10650863717394214	0.13474795764149156	-0.11946064623384933	0.11925166483690092	-0.20872813774817617
-0.04885011880311287	0.052434033046510925	-0.0958460028690809	0.08382097098907378	-0.11613799518963576	0.0446453234687136	-0.04873260867137838	0.15022206773287286	-0.11954793474673232	0.10772593551732645	-0.11742845237021714	0.13776218093186443	-0.1557034645856539	0.14220452664722322	-0.21281001488129864	0.10441123113475576	-0.15320129302680804	0.207855075059408	-0.36664094294124994	0.26345480258220233	-0.15191306878847124	0.19578619171657016	-0.5246694938208881	0.9999999999999948	-0.6329150418158505	0.10154753477109771	-0.11817691043495157	0.1932632491297829	-0.19265371078136373	0.2392890777634929	-0.07766930565351976	0.11527311712913178	-0.14481765959845153	0.13934257083198517	-0.13652030944736226	0.07786629680727528	-0.10142492238867115	0.08912863853510716	-0.0926079444865894	0.16223437512292402
0.04918341134005064	-0.055110191186521613	0.0982290990824392	-0.08744162176120993	0.11903736173975858	-0.045258948600614586	0.05069893510154497	-0.1593135333136255	0.12117018090004442	-0.1140687350773584	0.11602356122109284	-0.13994921536834945	0.14946174959471448	-0.14714542598418193	0.2215742111815127	-0.10467817904912549	0.14535505044899794	-0.200413341608811	0.29222216401412926	-0.43870666842921835	0.15064348599927446	-0.2009103873570971	0.27478410670515785	-0.6329150418158505	1.0000000000000013	-0.10633550059829372	0.11808446439641439	-0.19308143326772473	0.18064467754713628	-0.39768170510023376	0.08036994018688151	-0.1209202047673224	0.1412126566651196	-0.14871925051819418	0.17225592158519437	-0.08227484273735475	0.10515280881550895	-0.09731440052483603	0.09911380554055264	-0.21297896594776844
-0.061666295675901955	0.049419764426252136	-0.07974027222201346	0.06757493659524191	-0.09490007802425582	0.05616131809285861	-0.04616161898342975	0.127085081047461	-0.08864277311435939	0.08128644588044741	-0.16371807353916248	0.14673861315863262	-0.12474451083906443	0.09748404746466968	-0.1505982937014309	0.16335212727846457	-0.15819416893524807	0.1418261485393278	-0.10514467304030495	0.08916649549742399	-0.3890687381594137	0.21748656169715327	-0.141903271160549	0.10154753477109771	-0.10633550059829372	0.9999999999999939	-0.30471271301836356	0.12287599317841354	-0.10418668264783944	0.1285434110101388	-0.6624009979889227	0.26960770631865744	-0.11645225499545897	0.10198074382643664	-0.08553353397377321	0.2822629062402605	-0.3751223330179586	0.10801294551582025	-0.11116273103670858	0.11797674213483342
0.053553745548660964	-0.04751634658468198	0.07857077146469443	-0.06679115432753276	0.09339859386779625	-0.04891700870165636	0.04437280336253802	-0.12591172073650048	0.08843953068429641	-0.08075128526948899	0.1362835366720557	-0.14648805015729263	0.1269642771439212	-0.09831451304146989	0.1495275558042618	-0.1314932902836266	0.1744532410868988	-0.1562819552050729	0.11185305051583898	-0.09534360918952602	0.21496415395586918	-0.4424989399825503	0.17294813340907086	-0.11817691043495157	0.11808446439641439	-0.30471271301836356	0.9999999999999932	-0.18741418883068248	0.1303570943293978	-0.1430336237094767	0.22784728995703157	-0.7371375334007412	0.14738952160734065	-0.1254883890941934	0.09040504778303442	-0.1801703874483529	0.1998034635444065	-0.0979264813689253	0.09740770912011455	-0.12225587441410755
-0.0470668660770351	0.04638584028775783	-0.0846610081299122	0.07202093932901217	-0.1033125770100072	0.04265494194352657	-0.0433401316808869	0.12862692924471453	-0.0980773110216247	0.0896642497691824	-0.11386592734715267	0.12486752864769343	-0.1328558697254763	0.10945608939980006	-0.17697576501436582	0.10142377361492683	-0.14015687870641125	0.17055618688191995	-0.15541632123513696	0.13102399655701044	-0.1591787730827359	0.19109577055956165	-0.354336902033476	0.1932632491297829	-0.19308143326772473	0.12287599317841354	-0.18741418883068248	0.9999999999999972	-0.5811774962146008	0.23997485570658061	-0.09907480889277599	0.16255278049153515	-0.5425440821318047	0.31452709185655864	-0.15289947807048904	0.09981481730471617	-0.13358762004400518	0.16910786900913966	-0.17997553149993845	0.16910607585034743
0.039726023177919345	-0.040166389113797094	0.07281287970966958	-0.062385550830101395	0.08889221670556498	-0.03612557207313664	0.03734262264209912	-0.1121072465235359	0.08444976670263002	-0.0779668819186986	0.09509353737790359	-0.10604124493968917	0.11056051956026727	-0.09508021916349024	0.1529107768508898	-0.08521818187934027	0.1145849001839563	-0.14193690138674267	0.13722029100858218	-0.12163952693517537	0.13237987042470423	-0.16043936366754602	0.2163632205914517	-0.19265371078136373	0.18064467754713628	-0.10418668264783944	0.1303570943293978	-0.5811774962146008	0.9999999999999982	-0.37983148112744636	0.08210110688142361	-0.13207757397907108	0.31287543234967197	-0.5731446474645161	0.17148743761514007	-0.08652948363670382	0.11307722618875268	-0.1618714586794814	0.16553430818373865	-0.18783428574437722
-0.06026481581768847	0.05985280701768945	-0.1172139901386038	0.09905623302487111	-0.14772414253737265	0.05416566307376797	-0.055989601930736176	0.16545689767817393	-0.13637837289831353	0.12600186426421398	-0.14191961760245583	0.15048776729473645	-0.16472969628674286	0.14931163339299203	-0.2684899106399323	0.12256571041749847	-0.16024053686475742	0.18659249097882694	-0.2313817453412763	0.20000275913429036	-0.19862260424991676	0.19758938289963507	-0.2793346945943025	0.2392890777634929	-0.39768170510023376	0.1285434110101388	-0.1430336237094767	0.23997485570658061	-0.37983148112744636	0.9999999999999938	-0.10164659979067994	0.13986953408464012	-0.21457617972293438	0.21511525037402537	-0.5186248658983558	0.10451615515616638	-0.14568607601538863	0.1358780749766048	-0.15255395013341705	0.3016546377349972
0.04146927839925217	-0.03594303715841089	0.05774678732244588	-0.0492947186815841	0.06839134989587266	-0.03820465677822411	0.03335811681126996	-0.0941868761994548	0.06434050673646194	-0.0592421669472902	0.1062780974129409	-0.10620544748780196	0.0902621218295336	-0.07135072593707617	0.10830930023861493	-0.10914757461121474	0.11245226855655757	-0.10565117166672668	0.07779946011822883	-0.06666769036202587	0.20231402519871491	-0.17727524758002955	0.10740704130388769	-0.07766930565351976	0.08036994018688151	-0.6624009979889227	0.22784728995703157	-0.09907480889277599	0.08210110688142361	-0.10164659979067994	0.9999999999999921	-0.36504912532717415	0.09484805835281455	-0.08332535551431872	0.06691391315296844	-0.5213192008949827	0.29689622764509715	-0.08853301064338301	0.0869487426560836	-0.09386590606756534
-0.05769404147384717	0.04870152380005725	-0.08319914199654968	0.07009743090920117	-0.10037708706214246	0.05193594499599062	-0.04570350386310854	0.12755494186806435	-0.09324117701703151	0.08522474671314581	-0.1457978687599515	0.14157847160468356	-0.12906200228873452	0.10185708557118821	-0.1625217802232159	0.13385713110765882	-0.16881678901450778	0.1487986757372526	-0.11694348677101891	0.09786660536336517	-0.24526855891951418	0.2644133953621509	-0.16955533552855434	0.11527311712913178	-0.1209202047673224	0.26960770631865744	-0.7371375334007412	0.16255278049153515	-0.13207757397907108	0.13986953408464012	-0.36504912532717415	0.9999999999999949	-0.17272380801773993	0.12921117892937414	-0.09254724572475799	0.21126218049112708	-0.2810502979400866	0.10961265618014623	-0.11169485744779609	0.12210632234834687
0.038315865915211016	-0.03819787805122712	0.0677680065145446	-0.05805368471547849	0.08215947232410757	-0.034909635790425754	0.03547726184929509	-0.1059971312838693	0.07787089768447193	-0.07190572671332553	0.09227185592766361	-0.10239015129823341	0.10377327761080794	-0.0874352113303455	0.13840084609003211	-0.08371191261457886	0.11089659804638781	-0.13374093698957656	0.11708029903044424	-0.10264339518964866	0.1315243031436102	-0.16186269101797685	0.19325229106865985	-0.14481765959845153	0.1412126566651196	-0.11645225499545897	0.14738952160734065	-0.5425440821318047	0.31287543234967197	-0.21457617972293438	0.09484805835281455	-0.17272380801773993	0.9999999999999948	-0.6388542696152372	0.13615521499085168	-0.10307282705494965	0.13271674561045424	-0.3037875088653029	0.23197955092327388	-0.16829120220244886
-0.03716250329954715	0.036522373896306734	-0.06722760560816725	0.05715301507202486	-0.08271848825243097	0.03363908435540875	-0.03405449788458926	0.10078351978951051	-0.07740453486473245	0.07135605562776604	-0.08900224736155218	0.09604593561278134	-0.10008949233218963	0.08573799123170718	-0.14251415839156595	0.07917846958733518	-0.1041291409340682	0.12172565118307986	-0.12007415792532015	0.10216852865613416	-0.12721391175120525	0.14136008111937637	-0.18399997776876953	0.13934257083198517	-0.14871925051819418	0.10198074382643664	-0.1254883890941934	0.31452709185655864	-0.5731446474645161	0.21511525037402537	-0.08332535551431872	0.12921117892937414	-0.6388542696152372	0.9999999999999944	-0.15338606175108682	0.09047931331661847	-0.12342305703963763	0.21765935072203302	-0.28217259924094085	0.16011815005628238
0.037083073796534236	-0.0372852533939771	0.0710953576819249	-0.06035698841876752	0.088901004092768	-0.03347798943123468	0.03471799832546528	-0.10328435842291549	0.08180260584277868	-0.07620569237301608	0.08700020967225346	-0.09366938763713625	0.09939804301423308	-0.08996412637877475	0.15663461414617122	-0.07612015020698941	0.09798190545611911	-0.11490761267490225	0.12784981980159432	-0.11564008499717318	0.12237243609410986	-0.12682998001570187	0.1534812973582734	-0.13652030944736226	0.17225592158519437	-0.08553353397377321	0.09040504778303442	-0.15289947807048904	0.17148743761514007	-0.5186248658983558	0.06691391315296844	-0.09254724572475799	0.13615521499085168	-0.15338606175108682	0.9999999999999936	-0.07262488394154051	0.098383062419271	-0.12233154831839918	0.13197770942749748	-0.7636871267886125
-0.04056211779582081	0.03508661630554088	-0.058102914853879674	0.04939718676961485	-0.06957873909038911	0.03693752787977826	-0.03263952256749559	0.09219116609247685	-0.06472544555199636	0.05975113068171735	-0.10241499548623315	0.09981034355060042	-0.08831465373191046	0.07118666844068344	-0.1115491271304695	0.09808608432671398	-0.1056151702501534	0.10140681958390393	-0.07928812554652269	0.06768051817300333	-0.18752340809018514	0.15479091449998655	-0.10650863717394214	0.07786629680727528	-0.08227484273735475	0.2822629062402605	-0.1801703874483529	0.09981481730471617	-0.08652948363670382	0.10451615515616638	-0.5213192008949827	0.21126218049112708	-0.10307282705494965	0.09047931331661847	-0.07262488394154051	0.9999999999999942	-0.7394400403600183	0.12770723144434853	-0.12829812299951765	0.10031877805329867
0.047771510094014764	-0.044669634548945084	0.07187476905621158	-0.06185479747533325	0.08494886950528407	-0.04420792015346171	0.04117634248271746	-0.1194468224465318	0.0801537175523904	-0.07442882033493613	0.11854053661254871	-0.12713323685680555	0.1102681687554955	-0.0894342348806842	0.13461954328384265	-0.11837312705751735	0.12991979633013026	-0.13098761462097464	0.09902718405740835	-0.08627902469737372	0.19886424528744345	-0.2105869604129956	0.13474795764149156	-0.10142492238867115	0.10515280881550895	-0.3751223330179586	0.1998034635444065	-0.13358762004400518	0.11307722618875268	-0.14568607601538863	0.29689622764509715	-0.2810502979400866	0.13271674561045424	-0.12342305703963763	0.098383062419271	-0.7394400403600183	0.9999999999999951	-0.20911668397247232	0.16198567162565808	-0.143674613417517
-0.02956908502436003	0.02857943776768743	-0.05167895829906614	0.04390358061438406	-0.06345111402141741	0.02684157045292392	-0.026589068075260097	0.07808252676265179	-0.058773476922502066	0.05442992725691184	-0.07106319178741125	0.07565050830321576	-0.07565526789765606	0.06468223728444938	-0.10756428577870236	0.06454723502389476	-0.08012572789494901	0.08953150835753165	-0.08397422591041626	0.07166830143935961	-0.10640899468145182	0.11204326422472109	-0.11946064623384933	0.08912863853510716	-0.09731440052483603	0.10801294551582025	-0.0979264813689253	0.16910786900913966	-0.1618714586794814	0.1358780749766048	-0.08853301064338301	0.10961265618014623	-0.3037875088653029	0.21765935072203302	-0.12233154831839918	0.12770723144434853	-0.20911668397247232	0.9999999999999943	-0.8660988848197161	0.1542271645064954
0.02956482139632784	-0.02905194135254397	0.051770033101273365	-0.04418849407475368	0.06320539935349315	-0.02694267656195589	0.026954531262611024	-0.0797258608608227	0.058921424883301	-0.05468561937284784	0.07091945691654478	-0.07698736231587461	0.07626366009771854	-0.06529287968398473	0.10653933624896608	-0.06499462003740734	0.08093032998190343	-0.09179291598212942	0.08446142760344386	-0.0733495627646686	0.10503851575731075	-0.11615095222662236	0.11925166483690092	-0.0926079444865894	0.09911380554055264	-0.11116273103670858	0.09740770912011455	-0.17997553149993845	0.16553430818373865	-0.15255395013341705	0.0869487426560836	-0.11169485744779609	0.23197955092327388	-0.28217259924094085	0.13197770942749748	-0.12829812299951765	0.16198567162565808	-0.8660988848197161	0.9999999999999947	-0.20104058262004076
-0.05459090673966775	0.053028776050459504	-0.10585002989698017	0.08856380092212633	-0.13472806324437087	0.048849262630315186	-0.04968193442428601	0.14502472238529254	-0.12051606440716758	0.11200612734339406	-0.12757171846001863	0.13143993804429616	-0.14219652432606328	0.12906871263154068	-0.23949036350032887	0.10946000443557866	-0.13781035891564564	0.1544675694541252	-0.1766787982954397	0.14678255863443346	-0.18286823389587556	0.16790596738293015	-0.20872813774817617	0.16223437512292402	-0.21297896594776844	0.11797674213483342	-0.12225587441410755	0.16910607585034743	-0.18783428574437722	0.3016546377349972	-0.09386590606756534	0.12210632234834687	-0.16829120220244886	0.16011815005628238	-0.7636871267886125	0.10031877805329867	-0.143674613417517	0.1542271645064954	-0.20104058262004076	0.9999999999999942
