1.0000000000000002	-0.2621460539796968	0.2189377984703621	-0.16162407612046525	0.1415260456566539	-0.5020527664872722	0.23863850712022835	-0.26599059767828714	0.1504080442729825	-0.1603082059671265	0.2950016717597578	-0.3679860712724017	0.22894209491548337	-0.1849174283754794	0.16825803539063994	-0.27921415926316734	0.2093210133119104	-0.23299637441962742	0.19086115672779944	-0.16020381784157678	0.12788562446815	-0.1266969754958114	0.1394481227668374	-0.17869268630387786	0.156328135536709	-0.09385838605294466	0.11607730992630223	-0.12379666415037868	0.15148286935328228	-0.1345847055301405	0.10359071475654812	-0.13134778484475648	0.1479255577779598	-0.20892944116048934	0.11021535221708303	-0.11545794463925406	0.09789167314245883	-0.10317568456145673	0.11273295360792451	-0.1375544789794753	0.08728105590604035	-0.07777773679770199	0.11513379887961173	-0.1481581805400745	0.17548244281533865
-0.2621460539796968	1.0	-0.4615589782275515	0.1716464529453252	-0.13999365947574144	0.1558055655713922	-0.7722334961890055	0.22803262121289786	-0.12414605148252124	0.12802596249153142	-0.14949047853314512	0.19873655285171032	-0.1429900216463719	0.10178048558176653	-0.09780559505786704	0.11700766648740994	-0.10699099872328506	0.11807168153617292	-0.10342674022461497	0.0806748816484976	-0.05726425635046893	0.057576651830433326	-0.06461073563496601	0.08266274144895716	-0.07987322897264272	0.041024324389089734	-0.052688191098894895	0.05502999248900431	-0.07028835094477859	0.05816677559573498	-0.04517962399682139	0.055424271172932645	-0.06444751263241127	0.08780264862871077	-0.04840222702072198	0.048188258081408794	-0.041568709428023855	0.04372580886474712	-0.04786295130259029	0.05672318919422717	-0.037021029313188306	0.032792351833622446	-0.04883762103391988	0.06004612510718612	-0.07196421531019934
0.2189377984703621	-0.4615589782275515	1.0	-0.4788025611042003	0.2634518822694574	-0.14279771915578654	0.2806372621532934	-0.4933979215330149	0.2255494362960308	-0.2584551394806249	0.1398842053958694	-0.21472551784580757	0.18156725984926908	-0.15787764435985327	0.14862543524172236	-0.14329770586954643	0.12362849738045174	-0.16210038912201014	0.14453824414235217	-0.11880231330236106	0.07544716017042273	-0.0760473728470588	0.08651116959934044	-0.11847773082067804	0.11400681807854934	-0.054577277353243775	0.06981628363735222	-0.07452656837854488	0.0993507704090645	-0.08363275422541556	0.06043598050517774	-0.0748951362918747	0.08762115300339693	-0.12642518060540492	0.06901867052795013	-0.06550164899246093	0.056421198848713605	-0.059737399786895705	0.06790158635844717	-0.08111691982371803	0.05028240803444797	-0.04462317692920888	0.06657984463874411	-0.08273661490457511	0.09821522044293603
-0.16162407612046525	0.1716464529453252	-0.4788025611042003	0.9999999999999999	-0.7369581980913965	0.09110481197945082	-0.18464731029686535	0.24801034024313842	-0.24752701452762463	0.2517731683654342	-0.0948648824521947	0.12973043090131087	-0.12113727748769838	0.12238760678680179	-0.1269913854400696	0.09016961226108272	-0.08094500497993871	0.10631286106803618	-0.10642958491531718	0.08780242975264217	-0.051401315292836584	0.051251736982522465	-0.05956378072032799	0.08246623643579268	-0.08561818135125533	0.036832638027283066	-0.04757043838344284	0.05057643865459064	-0.06978314697619849	0.056729469332677994	-0.04109698780788818	0.05022748014858672	-0.06023779726616984	0.08437614019256395	-0.04734801258245254	0.04397849550327081	-0.03826207410190747	0.04051596957749505	-0.04591629137050005	0.05396660555288244	-0.03417122839362654	0.03021130196044573	-0.045412922287501635	0.05535269024784158	-0.06697795815538432
0.1415260456566539	-0.13999365947574144	0.2634518822694574	-0.7369581980913965	0.9999999999999989	-0.08347131867254766	0.1414526683825406	-0.29651852495484915	0.25107371408402457	-0.46007313478740364	0.08693130226828304	-0.12716437022311067	0.12256674977123018	-0.1371152753651802	0.1352323258965136	-0.09053553127921789	0.07979357090228757	-0.11189873723442612	0.1101397512165201	-0.09519446926651028	0.051461266535626084	-0.052022051214620654	0.06035141531804544	-0.0873261702504568	0.08832720833440459	-0.03715250532653305	0.04797286237570617	-0.05162029268830125	0.07235278205538444	-0.059978287290681956	0.041287352261983226	-0.050942743275946716	0.06055099742798365	-0.0895706880991278	0.04949190029229377	-0.04460139132693572	0.0386053668946989	-0.04103919486209878	0.0478472351309217	-0.05681944269611121	0.03441414061454608	-0.030519371779867167	0.04571580979011323	-0.056425555857643264	0.06694555047131986
-0.5020527664872722	0.1558055655713922	-0.14279771915578654	0.09110481197945082	-0.08347131867254766	0.9999999999999994	-0.21161660528665865	0.147441608337269	-0.08630380051886485	0.08799016580520401	-0.7565420379931128	0.25297155746521377	-0.16109947170073668	0.10081484891890874	-0.09587674050872277	0.16666266725616485	-0.14655350932548347	0.13355214850450073	-0.11236042124748667	0.0853743064420817	-0.06982781509159573	0.06995933265715666	-0.07662326441914907	0.0915094169881666	-0.0859108918214199	0.04967259192277134	-0.06356264686708231	0.06509488376417716	-0.07834227817683166	0.06507508589318832	-0.054124003062869595	0.06619783875749406	-0.07537021552807666	0.09886917676218174	-0.05422093822130722	0.057171428332039136	-0.04909755126158678	0.05130219676969038	-0.0542628658373873	0.06439270300764284	-0.04363633838870705	0.0386663740926417	-0.05721673920252076	0.07041250214547909	-0.08415146835479051
0.23863850712022835	-0.7722334961890055	0.2806372621532934	-0.18464731029686535	0.1414526683825406	-0.21161660528665865	1.0000000000000002	-0.2998864772546002	0.1427199494301117	-0.15237845220096777	0.1782085057874099	-0.30807297422048846	0.1744805529184053	-0.1232726868068001	0.11509758743875492	-0.15016951102760534	0.13305243788003726	-0.14872969567826475	0.12389442304826935	-0.09716596717309102	0.06845543893732206	-0.06986818869033232	0.077432664776439	-0.09980100326882177	0.09477801217881787	-0.0492757885888675	0.06321335485208	-0.06618878579911844	0.08400706506457585	-0.07007531667414564	0.05384245295869161	-0.06641072539495851	0.07633389592332501	-0.10603463978275711	0.058029010685514616	-0.05755812826829125	0.04945626821145832	-0.05203169229081045	0.057345553348914294	-0.06826157822395502	0.04396568072479885	-0.039012991592082345	0.05786818656001771	-0.07153457006428178	0.0847671847116445
-0.26599059767828714	0.22803262121289786	-0.4933979215330149	0.24801034024313842	-0.29651852495484915	0.147441608337269	-0.2998864772546002	0.9999999999999999	-0.5065315208435325	0.28286674476307766	-0.16123077758132315	0.22191991913535133	-0.3011566850178223	0.195678544246586	-0.19760971308398728	0.14762523042922673	-0.13997111677836419	0.1976061089946318	-0.19060136142309686	0.1406149838049745	-0.08423530324069109	0.08414933473335398	-0.09841667810004194	0.13340269067570676	-0.14062813155754603	0.05987214361192338	-0.07811989300816481	0.08224840583202805	-0.11385049295010034	0.0895881675598831	-0.06674638029741539	0.08067290101052174	-0.09764561195165927	0.13211263034731033	-0.07548680562365029	0.07041095577634782	-0.061595564509879984	0.06508263006518275	-0.07270584132404022	0.08437508927839078	-0.05501337724065081	0.04852380266951489	-0.07310286538161652	0.0877857911551957	-0.10724901430259248
0.1504080442729825	-0.12414605148252124	0.2255494362960308	-0.24752701452762463	0.25107371408402457	-0.08630380051886485	0.1427199494301117	-0.5065315208435325	0.999999999999999	-0.7093464344956667	0.09297915180892956	-0.1364760703469732	0.15309982149081	-0.23948568346629964	0.1924882331492955	-0.0958652096820991	0.08758736848524556	-0.1365519011737106	0.14580385239396676	-0.12059611585451993	0.05534322781562543	-0.0568774755417483	0.06692423903784324	-0.10218690763603808	0.10867314636650434	-0.0398085214409965	0.05219875588732967	-0.05634485915790755	0.0828482974950747	-0.06647570261710259	0.044055429042437415	-0.05397099972013912	0.06483213808472049	-0.09756467994305314	0.05492796330073829	-0.04706349511250818	0.04092142780425937	-0.04361135372246903	0.05185063971369646	-0.06091250615789415	0.03642535457920739	-0.03228559575093152	0.04844293426426162	-0.05916015421835887	0.06997252613587694
-0.1603082059671265	0.12802596249153142	-0.2584551394806249	0.2517731683654342	-0.46007313478740364	0.08799016580520401	-0.15237845220096777	0.28286674476307766	-0.7093464344956667	0.999999999999998	-0.09501915744773826	0.13076298898636635	-0.14134531652156868	0.19139073355554354	-0.23496660275042242	0.09354127910623944	-0.08606012811307817	0.1243372283811252	-0.14137581330319307	0.12227943389092737	-0.0560225530393339	0.056770794421421134	-0.06731935028520503	0.10092979780119476	-0.11338559149949863	0.04010897505122996	-0.05256325887206848	0.056434966195258854	-0.08347974438760776	0.06608154059595117	-0.044660183239561974	0.05438693082092489	-0.06607862264680812	0.09643490084126696	-0.05507834430837251	0.047538978641994016	-0.041518867598039154	0.04419069556638064	-0.051934242683892316	0.06055406588377868	-0.037030204427869855	0.03274890302999208	-0.0493437845235112	0.059781544866387655	-0.0717575325915209
0.2950016717597578	-0.14949047853314512	0.1398842053958694	-0.0948648824521947	0.08693130226828304	-0.7565420379931128	0.1782085057874099	-0.16123077758132315	0.09297915180892956	-0.09501915744773826	0.9999999999999989	-0.4250379880067824	0.18725577110766245	-0.11608590850127473	0.1063906621670626	-0.23644046669482854	0.18227674735919047	-0.16539300338151036	0.12748189386596215	-0.09775828835524444	0.07927293979556337	-0.08177965150409124	0.08724947322484151	-0.10489548230991717	0.0960254325067946	-0.05684555500362426	0.07256485066536456	-0.07442399955222642	0.08812277217807145	-0.0740059820362647	0.060757073630698516	-0.07500749559956615	0.0833748671159648	-0.11276941249554935	0.06117449431923036	-0.0642860254572596	0.054796719514524646	-0.057227327703663525	0.06105817006833801	-0.07293554708471595	0.04851351701310182	-0.043129026281275934	0.06328846421949984	-0.07857507832597511	0.09196278395112135
-0.3679860712724017	0.19873655285171032	-0.21472551784580757	0.12973043090131087	-0.12716437022311067	0.25297155746521377	-0.30807297422048846	0.22191991913535133	-0.1364760703469732	0.13076298898636635	-0.4250379880067824	0.9999999999999991	-0.4999174298128782	0.16819246165265794	-0.16212060369821563	0.2610719859302784	-0.3623527829516377	0.2606179081968903	-0.20944163645566552	0.13877522324522346	-0.10879949257042981	0.11607360090365472	-0.12504868366987035	0.14272097056998775	-0.1414146950337948	0.07598963260046465	-0.1025262738019924	0.10122964783147184	-0.12155600946807757	0.09455865091148331	-0.08133608009055615	0.09703188045008154	-0.11110977886014459	0.14048642352882368	-0.07972070142810948	0.0823789883806038	-0.07136668249719871	0.07427877994085226	-0.07757175490991276	0.08987093989636465	-0.06311823176919752	0.05577898195807513	-0.08232769878281412	0.0979728613424288	-0.11660504177625394
0.22894209491548337	-0.1429900216463719	0.18156725984926908	-0.12113727748769838	0.12256674977123018	-0.16109947170073668	0.1744805529184053	-0.3011566850178223	0.15309982149081	-0.14134531652156868	0.18725577110766245	-0.4999174298128782	0.9999999999999984	-0.23891470622609146	0.18487643973316578	-0.2106980538637978	0.2083434296748043	-0.6280810294218157	0.2641032763982596	-0.17391080745097212	0.09239048599044963	-0.1026324438174988	0.11537674598036145	-0.16756439972407952	0.15506192989840176	-0.0665492181286431	0.08919675252507663	-0.09537053172002158	0.12924680964792815	-0.10291410016241549	0.07093101464091801	-0.08701191751935024	0.10016549095682961	-0.15256502202934666	0.08408300281657963	-0.07421859346267663	0.06391837886050697	-0.06783597083586247	0.07928165251459718	-0.09354061105739116	0.05637022270259609	-0.05017602817199503	0.07404217923001775	-0.09042705011262758	0.10325713722620228
-0.1849174283754794	0.10178048558176653	-0.15787764435985327	0.12238760678680179	-0.1371152753651802	0.10081484891890874	-0.1232726868068001	0.195678544246586	-0.23948568346629964	0.19139073355554354	-0.11608590850127473	0.16819246165265794	-0.23891470622609146	1.0000000000000007	-0.6927452711918266	0.12683256350644023	-0.12387405583211139	0.23115159004849836	-0.47320775824907835	0.2667847110653649	-0.07980554697008403	0.08587017447685269	-0.10632717595277982	0.19286486155418892	-0.24073987054111776	0.05736051791450303	-0.07806748857143485	0.08602759027160253	-0.1499339616186051	0.10961682446243635	-0.06286366801332482	0.07653572755792193	-0.09401449344496844	0.1537140894533005	-0.09099390747286021	0.06629121550875304	-0.05799240499836352	0.06252001531932827	-0.08042203183603042	0.09236334465536984	-0.05137284350230333	0.04562691116084368	-0.06864721070365054	0.0829770446810667	-0.09569685321165419
0.16825803539063994	-0.09780559505786704	0.14862543524172236	-0.1269913854400696	0.1352323258965136	-0.09587674050872277	0.11509758743875492	-0.19760971308398728	0.1924882331492955	-0.23496660275042242	0.1063906621670626	-0.16212060369821563	0.18487643973316578	-0.6927452711918266	0.9999999999999976	-0.1268967614273861	0.115544352914047	-0.21103718438888644	0.2850886715245686	-0.4516952644198895	0.08137518733980138	-0.08961583177943618	0.10884561551690611	-0.2186904729660009	0.24986505475106996	-0.059542215613619116	0.08038388863994121	-0.09139870780264785	0.15655947815312202	-0.12870263596093745	0.06495262434000854	-0.0807577638721406	0.09782511914943896	-0.18327703371945087	0.10192766871071059	-0.07014141380126357	0.060798588829668675	-0.06624601657372604	0.0906731667232702	-0.10786223712376426	0.053719791172679485	-0.048006969276594466	0.07187388411076343	-0.08937539124337687	0.09943174610866207
-0.27921415926316734	0.11700766648740994	-0.14329770586954643	0.09016961226108272	-0.09053553127921789	0.16666266725616485	-0.15016951102760534	0.14762523042922673	-0.0958652096820991	0.09354127910623944	-0.23644046669482854	0.2610719859302784	-0.2106980538637978	0.12683256350644023	-0.1268967614273861	0.999999999999999	-0.8118114697544392	0.19517013571366887	-0.1643310934365275	0.11154068122083946	-0.16224884875639325	0.16324336958359495	-0.15661466390580794	0.12408464316290868	-0.11876555412195386	0.10287500664220744	-0.1388034094374635	0.12044360568137823	-0.10748824948937122	0.08128189387874978	-0.10041465712519007	0.11422368310081875	-0.11591254123894273	0.12108305825209215	-0.0694691054738501	0.09140926889805245	-0.07782537281711878	0.07765525079328044	-0.06879750861992455	0.07838162977659045	-0.06747441721734893	0.05964141236201375	-0.0839842604671901	0.09637966310804796	-0.10951462042421373
0.2093210133119104	-0.10699099872328506	0.12362849738045174	-0.08094500497993871	0.07979357090228757	-0.14655350932548347	0.13305243788003726	-0.13997111677836419	0.08758736848524556	-0.08606012811307817	0.18227674735919047	-0.3623527829516377	0.2083434296748043	-0.12387405583211139	0.115544352914047	-0.8118114697544392	0.9999999999999992	-0.24448650114879744	0.15581477480935582	-0.1070761779709646	0.13182262814890175	-0.19231135273082467	0.14542875459652913	-0.11903438421045959	0.10809872047071464	-0.0926453352982494	0.12917800258136472	-0.11607272755851912	0.09826077243352883	-0.0758855908372017	0.0867519446169218	-0.10418461384864924	0.10121502881966199	-0.11366027555877949	0.06373782159337134	-0.08221838582904141	0.0688416372722592	-0.06924713703218434	0.0626583914166858	-0.07235363764960653	0.05923716274761064	-0.052877874213030335	0.07333158691075528	-0.08616985087076623	0.09399822219997794
-0.23299637441962742	0.11807168153617292	-0.16210038912201014	0.10631286106803618	-0.11189873723442612	0.13355214850450073	-0.14872969567826475	0.1976061089946318	-0.1365519011737106	0.1243372283811252	-0.16539300338151036	0.2606179081968903	-0.6280810294218157	0.23115159004849836	-0.21103718438888644	0.19517013571366887	-0.24448650114879744	0.9999999999999969	-0.5335764149047892	0.19299224163333856	-0.09573311567137563	0.10734060189434372	-0.13005026988654164	0.18260573649117728	-0.18646120543999098	0.06789400290746857	-0.09411855007874378	0.09972968043909247	-0.1460154595954937	0.10355836604247558	-0.07260034544242573	0.08733952783170489	-0.10352300214589955	0.149083736268106	-0.0868623060085042	0.07432066337081486	-0.06474189810385483	0.06873566858111141	-0.07963055194054086	0.09106819718960099	-0.057102305349789585	0.05064438183264277	-0.07526086260993153	0.08960774262060156	-0.10389719995344748
0.19086115672779944	-0.10342674022461497	0.14453824414235217	-0.10642958491531718	0.1101397512165201	-0.11236042124748667	0.12389442304826935	-0.19060136142309686	0.14580385239396676	-0.14137581330319307	0.12748189386596215	-0.20944163645566552	0.2641032763982596	-0.47320775824907835	0.2850886715245686	-0.1643310934365275	0.15581477480935582	-0.5335764149047892	0.9999999999999964	-0.38019285787111967	0.09400525777555312	-0.10855671025482412	0.13300288398147705	-0.32524263215713556	0.2557951597788436	-0.06861965801194227	0.09462329824347701	-0.10804818367348876	0.19209775515767902	-0.14106047735286037	0.0735606051272704	-0.09094112031169597	0.10932584454781728	-0.20246408616642594	0.11232599057496158	-0.07809337997997542	0.06771356596053749	-0.0736566240085496	0.09901099846295797	-0.1159177629133414	0.05960089016973978	-0.05327487240577614	0.07940251663479861	-0.09759515870048785	0.10828171439474418
-0.16020381784157678	0.0806748816484976	-0.11880231330236106	0.08780242975264217	-0.09519446926651028	0.0853743064420817	-0.09716596717309102	0.1406149838049745	-0.12059611585451993	0.12227943389092737	-0.09775828835524444	0.13877522324522346	-0.17391080745097212	0.2667847110653649	-0.4516952644198895	0.11154068122083946	-0.1070761779709646	0.19299224163333856	-0.38019285787111967	0.9999999999999957	-0.07913392282157979	0.08827479325490485	-0.11503049770811274	0.251987995265462	-0.6820732247336062	0.05722263722414534	-0.07982286058849351	0.09065161215268128	-0.18857210291201934	0.1346347147584539	-0.06246114460262264	0.07623623785721038	-0.09591100404812365	0.17242479135030064	-0.1113992715529399	0.06600885134713987	-0.05800540834298421	0.06336738809822219	-0.08917644595544244	0.10066860063170473	-0.051236848517386344	0.04562967279542032	-0.06899653992630272	0.08337155999042954	-0.09437331270771217
0.12788562446815	-0.05726425635046893	0.07544716017042273	-0.051401315292836584	0.051461266535626084	-0.06982781509159573	0.06845543893732206	-0.08423530324069109	0.05534322781562543	-0.0560225530393339	0.07927293979556337	-0.10879949257042981	0.09239048599044963	-0.07980554697008403	0.08137518733980138	-0.16224884875639325	0.13182262814890175	-0.09573311567137563	0.09400525777555312	-0.07913392282157979	0.9999999999999968	-0.34705898718057976	0.21389619187258768	-0.1127878399076812	0.08956913623733972	-0.6831916049569089	0.24535154957730393	-0.21590140181585704	0.09758425168137748	-0.0763521533229412	0.30151679373467355	-0.3721704839810267	0.17587485647217005	-0.11949168112502721	0.0657458411608419	-0.24556017597281243	0.17385667494387974	-0.1379789792350753	0.0726286890651453	-0.08193965176253347	0.13977496560553485	-0.128236923658823	0.13771037234683836	-0.15428903631801388	0.13400569681878477
-0.1266969754958114	0.057576651830433326	-0.0760473728470588	0.051251736982522465	-0.052022051214620654	0.06995933265715666	-0.06986818869033232	0.08414933473335398	-0.0568774755417483	0.056770794421421134	-0.08177965150409124	0.11607360090365472	-0.1026324438174988	0.08587017447685269	-0.08961583177943618	0.16324336958359495	-0.19231135273082467	0.10734060189434372	-0.10855671025482412	0.08827479325490485	-0.34705898718057976	0.9999999999999961	-0.5944647424135991	0.14421008743009203	-0.10722195522756497	0.2063736134262541	-0.5818476542677791	0.31454301102815224	-0.11869565340861736	0.07876560336227009	-0.16926992466415333	0.18937546533841335	-0.1667217851933958	0.11883051058980781	-0.06795529463773711	0.13422743058754408	-0.11214965553131573	0.11152738641067518	-0.06840246100136141	0.0757617000788212	-0.0914359524772615	0.0827203275053044	-0.10626622144034359	0.11776910003056716	-0.10756233022042648
0.1394481227668374	-0.06461073563496601	0.08651116959934044	-0.05956378072032799	0.06035141531804544	-0.07662326441914907	0.077432664776439	-0.09841667810004194	0.06692423903784324	-0.06731935028520503	0.08724947322484151	-0.12504868366987035	0.11537674598036145	-0.10632717595277982	0.10884561551690611	-0.15661466390580794	0.14542875459652913	-0.13005026988654164	0.13300288398147705	-0.11503049770811274	0.21389619187258768	-0.5944647424135991	0.9999999999999939	-0.24434980416409188	0.13780555556534946	-0.1744030102642734	0.3211378284448838	-0.5807116281222099	0.15826911988168307	-0.10510483720618753	0.15016608600366022	-0.19448683250895613	0.19769007349974801	-0.15940689655187318	0.08828624718959291	-0.1467267996533502	0.1214326301835039	-0.13806860643713537	0.08707344024568972	-0.09753349471199253	0.099882876288285	-0.0926686940506358	0.1233287451586237	-0.14573315785946686	0.12700697773923297
-0.17869268630387786	0.08266274144895716	-0.11847773082067804	0.08246623643579268	-0.0873261702504568	0.0915094169881666	-0.09980100326882177	0.13340269067570676	-0.10218690763603808	0.10092979780119476	-0.10489548230991717	0.14272097056998775	-0.16756439972407952	0.19286486155418892	-0.2186904729660009	0.12408464316290868	-0.11903438421045959	0.18260573649117728	-0.32524263215713556	0.251987995265462	-0.1127878399076812	0.14421008743009203	-0.24434980416409188	0.9999999999999942	-0.4658899953011264	0.0820951360756574	-0.12560987717806188	0.1521482842999306	-0.6082213194864375	0.19955827118583738	-0.0870808469769213	0.10580468625881474	-0.13783416805371582	0.2648575164171774	-0.17094531526475812	0.09015392260024348	-0.07981140176607646	0.08889662146304442	-0.13373845980624494	0.13994532160109602	-0.06977459439003225	0.062437377719576526	-0.09450969421825273	0.11195317980731563	-0.12289454344610626
0.156328135536709	-0.07987322897264272	0.11400681807854934	-0.08561818135125533	0.08832720833440459	-0.0859108918214199	0.09477801217881787	-0.14062813155754603	0.10867314636650434	-0.11338559149949863	0.0960254325067946	-0.1414146950337948	0.15506192989840176	-0.24073987054111776	0.24986505475106996	-0.11876555412195386	0.10809872047071464	-0.18646120543999098	0.2557951597788436	-0.6820732247336062	0.08956913623733972	-0.10722195522756497	0.13780555556534946	-0.4658899953011264	0.999999999999994	-0.06630363280833287	0.09335628144972109	-0.11236672148623802	0.23706648435002628	-0.2024136852881228	0.07131537652151133	-0.08905237561138747	0.11055698740170841	-0.24360411015470393	0.1469211778300364	-0.07693629712223315	0.0669909758152644	-0.074480397973574	0.1147173389322583	-0.13434675299536095	0.058857342038109384	-0.05284653030586173	0.07940383509196496	-0.09880144954812502	0.10646138483903919
-0.09385838605294466	0.041024324389089734	-0.054577277353243775	0.036832638027283066	-0.03715250532653305	0.04967259192277134	-0.0492757885888675	0.05987214361192338	-0.0398085214409965	0.04010897505122996	-0.05684555500362426	0.07598963260046465	-0.0665492181286431	0.05736051791450303	-0.059542215613619116	0.10287500664220744	-0.0926453352982494	0.06789400290746857	-0.06861965801194227	0.05722263722414534	-0.6831916049569089	0.2063736134262541	-0.1744030102642734	0.0820951360756574	-0.06630363280833287	0.9999999999999885	-0.2585742148864683	0.16922313416867982	-0.07248351617355682	0.05480858842486114	-0.5671272512094085	0.27329452277057453	-0.14202407951484894	0.08541037654438571	-0.04773918390222827	0.1854465236867458	-0.1421362933580233	0.10605726325818393	-0.052643609893648254	0.05849579553120023	-0.11461867838380145	0.09883726486089964	-0.10759004312780701	0.11125100755891741	-0.09938118831357347
0.11607730992630223	-0.052688191098894895	0.06981628363735222	-0.04757043838344284	0.04797286237570617	-0.06356264686708231	0.06321335485208	-0.07811989300816481	0.05219875588732967	-0.05256325887206848	0.07256485066536456	-0.1025262738019924	0.08919675252507663	-0.07806748857143485	0.08038388863994121	-0.1388034094374635	0.12917800258136472	-0.09411855007874378	0.09462329824347701	-0.07982286058849351	0.24535154957730393	-0.5818476542677791	0.3211378284448838	-0.12560987717806188	0.09335628144972109	-0.2585742148864683	0.9999999999999889	-0.616334185447216	0.1067282151877992	-0.07642200158184362	0.18377602768114057	-0.24347633526888593	0.1931695136790254	-0.11880245627387223	0.0656441372663552	-0.15381086068529967	0.12927883153239525	-0.13570758978079644	0.06915378151907028	-0.07719566360189296	0.10262627581329037	-0.09497741649806014	0.11943785108891385	-0.13497937045307526	0.1144828430056421
-0.12379666415037868	0.05502999248900431	-0.07452656837854488	0.05057643865459064	-0.05162029268830125	0.06509488376417716	-0.06618878579911844	0.08224840583202805	-0.05634485915790755	0.056434966195258854	-0.07442399955222642	0.10122964783147184	-0.09537053172002158	0.08602759027160253	-0.09139870780264785	0.12044360568137823	-0.11607272755851912	0.09972968043909247	-0.10804818367348876	0.09065161215268128	-0.21590140181585704	0.31454301102815224	-0.5807116281222099	0.1521482842999306	-0.11236672148623802	0.16922313416867982	-0.616334185447216	0.9999999999999937	-0.13638863740153037	0.08668913812396899	-0.15905599456315017	0.1867711173855163	-0.3066734222481298	0.1333550782500182	-0.07566577023998021	0.1419402103286354	-0.12828846762718304	0.15654148535025428	-0.07740304472054621	0.08443499357766744	-0.10296330087850994	0.09528183518861333	-0.1348806333362503	0.14259563929627503	-0.12276217935413303
0.15148286935328228	-0.07028835094477859	0.0993507704090645	-0.06978314697619849	0.07235278205538444	-0.07834227817683166	0.08400706506457585	-0.11385049295010034	0.0828482974950747	-0.08347974438760776	0.08812277217807145	-0.12155600946807757	0.12924680964792815	-0.1499339616186051	0.15655947815312202	-0.10748824948937122	0.09826077243352883	-0.1460154595954937	0.19209775515767902	-0.18857210291201934	0.09758425168137748	-0.11869565340861736	0.15826911988168307	-0.6082213194864375	0.23706648435002628	-0.07248351617355682	0.1067282151877992	-0.13638863740153037	0.9999999999999944	-0.3623875581716736	0.07843554116420923	-0.09772146110994015	0.13322472135602267	-0.5276879508513164	0.24160663694203785	-0.0851607239375695	0.07564751227260744	-0.08758017369667716	0.17857190813084112	-0.1967430109839103	0.06632571964991188	-0.05979704334586479	0.09199500882989713	-0.11449488391067597	0.1204009930251158
-0.1345847055301405	0.05816677559573498	-0.08363275422541556	0.056729469332677994	-0.059978287290681956	0.06507508589318832	-0.07007531667414564	0.0895881675598831	-0.06647570261710259	0.06608154059595117	-0.0740059820362647	0.09455865091148331	-0.10291410016241549	0.10961682446243635	-0.12870263596093745	0.08128189387874978	-0.0758855908372017	0.10355836604247558	-0.14106047735286037	0.1346347147584539	-0.0763521533229412	0.07876560336227009	-0.10510483720618753	0.19955827118583738	-0.2024136852881228	0.05480858842486114	-0.07642200158184362	0.08668913812396899	-0.3623875581716736	0.9999999999999873	-0.06251600450916775	0.07563247062188484	-0.11029942581191214	0.2820894714755996	-0.801228579121882	0.06804678841482967	-0.06219883468877026	0.07085929522824143	-0.19938519218870307	0.2020079938047263	-0.05561697502695161	0.04945172165171974	-0.0794169811832664	0.09788655732044738	-0.11097005877168464
0.10359071475654812	-0.04517962399682139	0.06043598050517774	-0.04109698780788818	0.041287352261983226	-0.054124003062869595	0.05384245295869161	-0.06674638029741539	0.044055429042437415	-0.044660183239561974	0.060757073630698516	-0.08133608009055615	0.07093101464091801	-0.06286366801332482	0.06495262434000854	-0.10041465712519007	0.0867519446169218	-0.07260034544242573	0.0735606051272704	-0.06246114460262264	0.30151679373467355	-0.16926992466415333	0.15016608600366022	-0.0870808469769213	0.07131537652151133	-0.5671272512094085	0.18377602768114057	-0.15905599456315017	0.07843554116420923	-0.06251600450916775	0.9999999999999918	-0.5984510026137447	0.17536567008108106	-0.09906379033629656	0.05461312586720935	-0.35314658105438534	0.2238139763612537	-0.14536047379716918	0.06306403050885141	-0.07019423470058038	0.17392530445719379	-0.15389751360242568	0.14632737970742946	-0.148928136266623	0.1262970035940042
-0.13134778484475648	0.055424271172932645	-0.0748951362918747	0.05022748014858672	-0.050942743275946716	0.06619783875749406	-0.06641072539495851	0.08067290101052174	-0.05397099972013912	0.05438693082092489	-0.07500749559956615	0.09703188045008154	-0.08701191751935024	0.07653572755792193	-0.0807577638721406	0.11422368310081875	-0.10418461384864924	0.08733952783170489	-0.09094112031169597	0.07623623785721038	-0.3721704839810267	0.18937546533841335	-0.19448683250895613	0.10580468625881474	-0.08905237561138747	0.27329452277057453	-0.24347633526888593	0.1867711173855163	-0.09772146110994015	0.07563247062188484	-0.5984510026137447	0.999999999999991	-0.2700735385524808	0.11985660299482158	-0.06727254624191471	0.29248938323408236	-0.42131444861891604	0.20227125472174418	-0.07823620500906119	0.0850201362917086	-0.2404673785046299	0.20502382954947773	-0.2093103685352718	0.1832387802315139	-0.1651023826954534
0.1479255577779598	-0.06444751263241127	0.08762115300339693	-0.06023779726616984	0.06055099742798365	-0.07537021552807666	0.07633389592332501	-0.09764561195165927	0.06483213808472049	-0.06607862264680812	0.0833748671159648	-0.11110977886014459	0.10016549095682961	-0.09401449344496844	0.09782511914943896	-0.11591254123894273	0.10121502881966199	-0.10352300214589955	0.10932584454781728	-0.09591100404812365	0.17587485647217005	-0.1667217851933958	0.19769007349974801	-0.13783416805371582	0.11055698740170841	-0.14202407951484894	0.1931695136790254	-0.3066734222481298	0.13322472135602267	-0.11029942581191214	0.17536567008108106	-0.2700735385524808	0.9999999999999892	-0.2037981191198105	0.0994902489397574	-0.2575512320205052	0.24236348183946618	-0.6241814387782936	0.12215561641532345	-0.13312870446373795	0.18604282639194283	-0.1955464647565633	0.2936518218150822	-0.34417200983761376	0.21985062824722268
-0.20892944116048934	0.08780264862871077	-0.12642518060540492	0.08437614019256395	-0.0895706880991278	0.09886917676218174	-0.10603463978275711	0.13211263034731033	-0.09756467994305314	0.09643490084126696	-0.11276941249554935	0.14048642352882368	-0.15256502202934666	0.1537140894533005	-0.18327703371945087	0.12108305825209215	-0.11366027555877949	0.149083736268106	-0.20246408616642594	0.17242479135030064	-0.11949168112502721	0.11883051058980781	-0.15940689655187318	0.2648575164171774	-0.24360411015470393	0.08541037654438571	-0.11880245627387223	0.1333550782500182	-0.5276879508513164	0.2820894714755996	-0.09906379033629656	0.11985660299482158	-0.2037981191198105	0.9999999999999868	-0.40102189197195054	0.10918040908571454	-0.1017194790728137	0.12097699258802483	-0.3954448539626708	0.27125560656120495	-0.09037523004524667	0.08071969477458821	-0.13215569406978264	0.1577460139080283	-0.1749498502617817
0.11021535221708303	-0.04840222702072198	0.06901867052795013	-0.04734801258245254	0.04949190029229377	-0.05422093822130722	0.058029010685514616	-0.07548680562365029	0.05492796330073829	-0.05507834430837251	0.06117449431923036	-0.07972070142810948	0.08408300281657963	-0.09099390747286021	0.10192766871071059	-0.0694691054738501	0.06373782159337134	-0.0868623060085042	0.11232599057496158	-0.1113992715529399	0.0657458411608419	-0.06795529463773711	0.08828624718959291	-0.17094531526475812	0.1469211778300364	-0.04773918390222827	0.0656441372663552	-0.07566577023998021	0.24160663694203785	-0.801228579121882	0.05461312586720935	-0.06727254624191471	0.0994902489397574	-0.40102189197195054	0.9999999999999859	-0.06108705217383058	0.05566292177117375	-0.06527907504665104	0.21235308428631086	-0.29581014717273996	0.049663545368428916	-0.044546876458174824	0.07186927219430711	-0.09283190720597115	0.09911395000824566
-0.11545794463925406	0.048188258081408794	-0.06550164899246093	0.04397849550327081	-0.04460139132693572	0.057171428332039136	-0.05755812826829125	0.07041095577634782	-0.04706349511250818	0.047538978641994016	-0.0642860254572596	0.0823789883806038	-0.07421859346267663	0.06629121550875304	-0.07014141380126357	0.09140926889805245	-0.08221838582904141	0.07432066337081486	-0.07809337997997542	0.06600885134713987	-0.24556017597281243	0.13422743058754408	-0.1467267996533502	0.09015392260024348	-0.07693629712223315	0.1854465236867458	-0.15381086068529967	0.1419402103286354	-0.0851607239375695	0.06804678841482967	-0.35314658105438534	0.29248938323408236	-0.2575512320205052	0.10918040908571454	-0.06108705217383058	0.9999999999999897	-0.5393962129581441	0.2260912680261534	-0.07519163880628094	0.08083718068315222	-0.5396391730009843	0.3030919757731446	-0.25494657895607886	0.2003164122468313	-0.1725238674011695
0.09789167314245883	-0.041568709428023855	0.056421198848713605	-0.03826207410190747	0.0386053668946989	-0.04909755126158678	0.04945626821145832	-0.061595564509879984	0.04092142780425937	-0.041518867598039154	0.054796719514524646	-0.07136668249719871	0.06391837886050697	-0.05799240499836352	0.060798588829668675	-0.07782537281711878	0.0688416372722592	-0.06474189810385483	0.06771356596053749	-0.05800540834298421	0.17385667494387974	-0.11214965553131573	0.1214326301835039	-0.07981140176607646	0.0669909758152644	-0.1421362933580233	0.12927883153239525	-0.12828846762718304	0.07564751227260744	-0.06219883468877026	0.2238139763612537	-0.42131444861891604	0.24236348183946618	-0.1017194790728137	0.05566292177117375	-0.5393962129581441	0.9999999999999881	-0.3580949825524513	0.070856100453457	-0.07669825167693907	0.30883668330282427	-0.5035392473754922	0.2586098754274486	-0.21455862734225364	0.15255252726945792
-0.10317568456145673	0.04372580886474712	-0.059737399786895705	0.04051596957749505	-0.04103919486209878	0.05130219676969038	-0.05203169229081045	0.06508263006518275	-0.04361135372246903	0.04419069556638064	-0.057227327703663525	0.07427877994085226	-0.06783597083586247	0.06252001531932827	-0.06624601657372604	0.07765525079328044	-0.06924713703218434	0.06873566858111141	-0.0736566240085496	0.06336738809822219	-0.1379789792350753	0.11152738641067518	-0.13806860643713537	0.08889662146304442	-0.074480397973574	0.10605726325818393	-0.13570758978079644	0.15654148535025428	-0.08758017369667716	0.07085929522824143	-0.14536047379716918	0.20227125472174418	-0.6241814387782936	0.12097699258802483	-0.06527907504665104	0.2260912680261534	-0.3580949825524513	0.9999999999999879	-0.08771162276021183	0.09000816129914609	-0.2054254436349783	0.2202300031959183	-0.5578373797909877	0.258328532324011	-0.18191638396728696
0.11273295360792451	-0.04786295130259029	0.06790158635844717	-0.04591629137050005	0.0478472351309217	-0.0542628658373873	0.057345553348914294	-0.07270584132404022	0.05185063971369646	-0.051934242683892316	0.06105817006833801	-0.07757175490991276	0.07928165251459718	-0.08042203183603042	0.0906731667232702	-0.06879750861992455	0.0626583914166858	-0.07963055194054086	0.09901099846295797	-0.08917644595544244	0.0726286890651453	-0.06840246100136141	0.08707344024568972	-0.13373845980624494	0.1147173389322583	-0.052643609893648254	0.06915378151907028	-0.07740304472054621	0.17857190813084112	-0.19938519218870307	0.06306403050885141	-0.07823620500906119	0.12215561641532345	-0.3954448539626708	0.21235308428631086	-0.07519163880628094	0.070856100453457	-0.08771162276021183	0.9999999999999865	-0.8351669044767014	0.06462588905742102	-0.05869413805590412	0.10403716980331887	-0.17283734939758186	0.14304562555899383
-0.1375544789794753	0.05672318919422717	-0.08111691982371803	0.05396660555288244	-0.05681944269611121	0.06439270300764284	-0.06826157822395502	0.08437508927839078	-0.06091250615789415	0.06055406588377868	-0.07293554708471595	0.08987093989636465	-0.09354061105739116	0.09236334465536984	-0.10786223712376426	0.07838162977659045	-0.07235363764960653	0.09106819718960099	-0.1159177629133414	0.10066860063170473	-0.08193965176253347	0.0757617000788212	-0.09753349471199253	0.13994532160109602	-0.13434675299536095	0.05849579553120023	-0.07719566360189296	0.08443499357766744	-0.1967430109839103	0.2020079938047263	-0.07019423470058038	0.0850201362917086	-0.13312870446373795	0.27125560656120495	-0.29581014717273996	0.08083718068315222	-0.07669825167693907	0.09000816129914609	-0.8351669044767014	0.9999999999999868	-0.07042068948004562	0.06265105992211611	-0.11009021621926829	0.15275232263196775	-0.169594861740743
0.08728105590604035	-0.037021029313188306	0.05028240803444797	-0.03417122839362654	0.03441414061454608	-0.04363633838870705	0.04396568072479885	-0.05501337724065081	0.03642535457920739	-0.037030204427869855	0.04851351701310182	-0.06311823176919752	0.05637022270259609	-0.05137284350230333	0.053719791172679485	-0.06747441721734893	0.05923716274761064	-0.057102305349789585	0.05960089016973978	-0.051236848517386344	0.13977496560553485	-0.0914359524772615	0.099882876288285	-0.06977459439003225	0.058857342038109384	-0.11461867838380145	0.10262627581329037	-0.10296330087850994	0.06632571964991188	-0.05561697502695161	0.17392530445719379	-0.2404673785046299	0.18604282639194283	-0.09037523004524667	0.049663545368428916	-0.5396391730009843	0.30883668330282427	-0.2054254436349783	0.06462588905742102	-0.07042068948004562	0.9999999999999867	-0.6928685199498822	0.234946412975531	-0.21623293732329585	0.14262476238966276
-0.07777773679770199	0.032792351833622446	-0.04462317692920888	0.03021130196044573	-0.030519371779867167	0.0386663740926417	-0.039012991592082345	0.04852380266951489	-0.03228559575093152	0.03274890302999208	-0.043129026281275934	0.05577898195807513	-0.05017602817199503	0.04562691116084368	-0.048006969276594466	0.05964141236201375	-0.052877874213030335	0.05064438183264277	-0.05327487240577614	0.04562967279542032	-0.128236923658823	0.0827203275053044	-0.0926686940506358	0.062437377719576526	-0.05284653030586173	0.09883726486089964	-0.09497741649806014	0.09528183518861333	-0.05979704334586479	0.04945172165171974	-0.15389751360242568	0.20502382954947773	-0.1955464647565633	0.08071969477458821	-0.044546876458174824	0.3030919757731446	-0.5035392473754922	0.2202300031959183	-0.05869413805590412	0.06265105992211611	-0.6928685199498822	0.9999999999999867	-0.356877861203455	0.1950026876178581	-0.1340422520593149
0.11513379887961173	-0.04883762103391988	0.06657984463874411	-0.045412922287501635	0.04571580979011323	-0.05721673920252076	0.05786818656001771	-0.07310286538161652	0.04844293426426162	-0.0493437845235112	0.06328846421949984	-0.08232769878281412	0.07404217923001775	-0.06864721070365054	0.07187388411076343	-0.0839842604671901	0.07333158691075528	-0.07526086260993153	0.07940251663479861	-0.06899653992630272	0.13771037234683836	-0.10626622144034359	0.1233287451586237	-0.09450969421825273	0.07940383509196496	-0.10759004312780701	0.11943785108891385	-0.1348806333362503	0.09199500882989713	-0.0794169811832664	0.14632737970742946	-0.2093103685352718	0.2936518218150822	-0.13215569406978264	0.07186927219430711	-0.25494657895607886	0.2586098754274486	-0.5578373797909877	0.10403716980331887	-0.11009021621926829	0.234946412975531	-0.356877861203455	0.9999999999999862	-0.5387069560859861	0.23160049060122803
