1.0	-0.4434407582583926	0.16840234919934638	-0.1298344202516566	0.14676333785872447	-0.7528730680070346	0.30321537644001373	-0.2497490366623571	0.1189046665483284	-0.10891216709711386	0.20441089564365383	-0.18278563253231264	0.1457706201888172	-0.12049989476858163	0.04995729380911319	-0.1500166459826416	0.1362732831386487	-0.12196828195528997	0.12396087695071592	-0.052827005405423524	0.14154677231062715	-0.12560671526453202	0.14064629608444237	-0.08267882163495384	0.09032041994126587	-0.08643621891142585	0.0979576321690765	-0.09188226207490773	0.08427376033620756	-0.19602638748462708	0.07610406385816583	-0.10354929668473323	0.08611175040157266	-0.03985460291447176	0.061820808971868535
-0.4434407582583926	1.0000000000000004	-0.3031242413107562	0.17281602614181713	-0.1963654402658497	0.2939367110832351	-0.722535475518185	0.25927436686586414	-0.14531436760621017	0.12608764439466527	-0.17025319795452132	0.16633694332734805	-0.1528721660403128	0.12533600131655395	-0.053289558157538615	0.11735476634870337	-0.1313009919228143	0.11818647706035985	-0.13078081301594316	0.05522152348410143	-0.12746146791741805	0.1086245465903296	-0.1351899211413269	0.07984229331054513	-0.08988229146189124	0.07258826727932571	-0.08613028249234779	0.0786508960542552	-0.07359676892616725	0.1535084792927354	-0.06497393310579393	0.08387506984755044	-0.0717562979265407	0.03307336088093049	-0.051328358073599895
0.16840234919934638	-0.3031242413107562	1.0000000000000002	-0.7103840803211935	0.2878984093344673	-0.15426182956790566	0.19898335602428827	-0.43096820824798127	0.22873004514944426	-0.22742228254384242	0.13064945864367736	-0.14489063289575113	0.1693208193968068	-0.17724018438209735	0.07684027289973702	-0.09966810933354343	0.11404417080059155	-0.12953541707508348	0.1546157005301696	-0.08204034335535537	0.11521745304177039	-0.10528137733757376	0.13768365385809986	-0.0974232971460322	0.10446925102090818	-0.07044884657580078	0.08348436654379092	-0.08822017127321508	0.08144027353144875	-0.18674459091508425	0.06380146268646648	-0.08449933936952528	0.07763555199242561	-0.03586153679001728	0.05584656623541899
-0.1298344202516566	0.17281602614181713	-0.7103840803211935	1.0	-0.5065044673012894	0.11100485021581492	-0.14381987643716604	0.2663691271603238	-0.31936813270446185	0.24658944684062895	-0.10484065714457498	0.11305403250299415	-0.1444842842689107	0.1630724781528645	-0.07474141110489589	0.07939897871843565	-0.09236921591254003	0.10768060569749113	-0.1468040725551044	0.0767234264299877	-0.09353064968704192	0.08477168439074877	-0.11455323485841293	0.08468065924308313	-0.09333796612552399	0.056291377018143504	-0.0673079672800218	0.07013841350932455	-0.06534432155764314	0.14323304931062042	-0.051000769910035354	0.06675604449964617	-0.061005858285456925	0.0281510530163146	-0.04378628858982536
0.14676333785872447	-0.1963654402658497	0.2878984093344673	-0.5065044673012894	1.0	-0.13924965609599818	0.15846285240837107	-0.38913842613789995	0.30841366907449136	-0.5635621865638305	0.1373095778549561	-0.15519391325616944	0.18733049207269784	-0.22553546117588996	0.11779128463239442	-0.10697158377708896	0.12330056885404593	-0.14604436733227733	0.18599182530970376	-0.12763249988680364	0.1258199342637672	-0.1166015137970765	0.1537732038524979	-0.11871103001300082	0.12559254344050177	-0.0782846619904471	0.09271459800974087	-0.1017515703139826	0.09376338575117504	-0.22054953149564122	0.0711832470141062	-0.09488552961535109	0.08899934670574387	-0.04113193428729128	0.06412707394272696
-0.7528730680070346	0.2939367110832351	-0.15426182956790566	0.11100485021581492	-0.13924965609599818	1.0	-0.4584715611289271	0.20865931576678512	-0.10939773825258822	0.09659467306271016	-0.2762094892174936	0.17103241725610738	-0.1386417308806254	0.10868284834780492	-0.0449340152910554	0.15308120556834878	-0.13736139255366905	0.1142004786333422	-0.11604247533512338	0.04693378754228315	-0.1443335821103535	0.11825155273492974	-0.13383319244337477	0.07378371083931552	-0.08212841216351685	0.08012413225169752	-0.0921408854991625	0.07988848223793832	-0.07405557617771152	0.15817839071502413	-0.07013043285566309	0.09196268816674144	-0.07386522889359975	0.034110159944073806	-0.05270256399047072
0.30321537644001373	-0.722535475518185	0.19898335602428827	-0.14381987643716604	0.15846285240837107	-0.4584715611289271	0.9999999999999991	-0.34044294968158295	0.1293198417565919	-0.11333057039883758	0.16894533716166385	-0.2027461025055301	0.15043430879300942	-0.11871111934859385	0.04884535030406506	-0.12123547741693359	0.13520520586002457	-0.11746753019548574	0.12109654588857247	-0.05100025876349946	0.12224052369113729	-0.10733127124618354	0.12859282145490694	-0.07466667106427137	0.08263963356622811	-0.07054874158947819	0.08276844680849281	-0.07555992580882244	0.06992165853591276	-0.14793924552158352	0.062123360157358185	-0.08129517869945581	0.06716537353987564	-0.03101309226676286	0.04792253377597251
-0.2497490366623571	0.25927436686586414	-0.43096820824798127	0.2663691271603238	-0.38913842613789995	0.20865931576678512	-0.34044294968158295	0.9999999999999997	-0.358399725932404	0.24832346722898518	-0.2168830455172809	0.21840545938612183	-0.36861507889138817	0.24843148196408593	-0.10359352337227327	0.15808947675937476	-0.18889802191905533	0.21888398493679484	-0.25930045332868423	0.10447741083551507	-0.1912606776348536	0.16727250679980937	-0.24035177795840293	0.1449860050764161	-0.16652617311349865	0.10932754762900289	-0.13329808983470937	0.1286291211861005	-0.12191810889878926	0.23621415068254148	-0.09899250962728885	0.12548152721377948	-0.11198148074202857	0.051511069675373	-0.07997538223644665
0.1189046665483284	-0.14531436760621017	0.22873004514944426	-0.31936813270446185	0.30841366907449136	-0.10939773825258822	0.1293198417565919	-0.358399725932404	0.9999999999999993	-0.6777664573043662	0.1192525326188181	-0.13818899446567784	0.1992698626766337	-0.3963355084158236	0.12881832029598705	-0.09384389746097058	0.11306476827907473	-0.14770642732045305	0.22262702441984622	-0.13219991872467346	0.11017240115978603	-0.10335655217429371	0.14207435759951292	-0.12088875766745448	0.12630318091850098	-0.06712012192228105	0.08023608228622235	-0.08666079208583567	0.08002707469493348	-0.1736632315697469	0.06020144892541568	-0.07926026395230908	0.07108065022390128	-0.03284499276354405	0.05082927905845651
-0.10891216709711386	0.12608764439466527	-0.22742228254384242	0.24658944684062895	-0.5635621865638305	0.09659467306271016	-0.11333057039883758	0.24832346722898518	-0.6777664573043662	1.0000000000000004	-0.10840285772418942	0.11982549183947222	-0.1743476344906727	0.2290563609111365	-0.16063293421593233	0.08382660461086498	-0.10086365160760265	0.12676981187152736	-0.20468184349893528	0.13815444789877393	-0.10024174693876108	0.09219507713178701	-0.12962210036927663	0.10724115212866792	-0.12057993765019641	0.060224890499096226	-0.07252522906951303	0.07679430677032216	-0.07188382942241157	0.15200414981034652	-0.05434248475018077	0.07083782348110211	-0.06420418384180639	0.029625043668093716	-0.0459319030038224
0.20441089564365383	-0.17025319795452132	0.13064945864367736	-0.10484065714457498	0.1373095778549561	-0.2762094892174936	0.16894533716166385	-0.2168830455172809	0.1192525326188181	-0.10840285772418942	0.9999999999999999	-0.3884005867443777	0.20181615706009817	-0.15184042270658332	0.058259980204580265	-0.6625472204226804	0.2847923616091233	-0.19833922649370264	0.16190319092103678	-0.06198229508577528	0.2850976715419129	-0.2544624265759651	0.21634741016783976	-0.11014569460530868	0.11673191246845592	-0.1688490883442976	0.17441772813953363	-0.1386498013639931	0.12267035602669404	-0.27698453200894635	0.1325632150574495	-0.1869563258909062	0.11972566239369449	-0.055820654495594146	0.08406293420856256
-0.18278563253231264	0.16633694332734805	-0.14489063289575113	0.11305403250299415	-0.15519391325616944	0.17103241725610738	-0.2027461025055301	0.21840545938612183	-0.13818899446567784	0.11982549183947222	-0.3884005867443777	0.999999999999998	-0.3533568617557276	0.1861403089639861	-0.06752082420367085	0.28187676239284	-0.6632791350037063	0.2705267699682341	-0.21577364245627215	0.07008026449613114	-0.28074525038932896	0.24029869705017723	-0.2771958647811832	0.1208353374211061	-0.13294836634213397	0.14172367603903316	-0.1766808313361449	0.13385920360735185	-0.12301576678616372	0.22401891512491384	-0.12025977987701308	0.14925216157361104	-0.10565491698431798	0.04879438458190797	-0.0737783483861965
0.1457706201888172	-0.1528721660403128	0.1693208193968068	-0.1444842842689107	0.18733049207269784	-0.1386417308806254	0.15043430879300942	-0.36861507889138817	0.1992698626766337	-0.1743476344906727	0.20181615706009817	-0.3533568617557276	0.9999999999999969	-0.4216834799003057	0.10180812922035296	-0.18086668875906553	0.2515328894405695	-0.5805261681579872	0.28950656906959304	-0.1084186369007627	0.19222488077348313	-0.20661854882346484	0.27823265893043475	-0.16086438707724174	0.1600322499466624	-0.11942009078777654	0.14134421677019368	-0.15742304048453173	0.13388047867113004	-0.27445899292632564	0.10150308236695467	-0.13604244117801678	0.10696551754397679	-0.04971242018460119	0.07529209880715015
-0.12049989476858163	0.12533600131655395	-0.17724018438209735	0.1630724781528645	-0.22553546117588996	0.10868284834780492	-0.11871111934859385	0.24843148196408593	-0.3963355084158236	0.2290563609111365	-0.15184042270658332	0.1861403089639861	-0.4216834799003057	0.9999999999999953	-0.18816323382980985	0.1236043220894768	-0.16405646616734257	0.24989012487896986	-0.6323448795576749	0.16051081193464561	-0.14521680028501868	0.14061072648560832	-0.2123385286957925	0.1978103632319182	-0.21610848957272497	0.08672896329563697	-0.10532786371253666	0.11465172094152172	-0.10628791268113512	0.20826779607594448	-0.07632086109405725	0.09937122861747406	-0.08466539392857117	0.03914014634221595	-0.059914087539854485
0.04995729380911319	-0.053289558157538615	0.07684027289973702	-0.07474141110489589	0.11779128463239442	-0.0449340152910554	0.04884535030406506	-0.10359352337227327	0.12881832029598705	-0.16063293421593233	0.058259980204580265	-0.06752082420367085	0.10180812922035296	-0.18816323382980985	0.9999999999999946	-0.04635579495457323	0.0571208717118984	-0.07753158293796591	0.1365516021965269	-0.944740525578151	0.055530399800170806	-0.052459760918568785	0.07473362160899426	-0.10131535246772091	0.11213953988129631	-0.03373858009535835	0.0406799805630451	-0.045858878747421956	0.04328894626486787	-0.0910552728468772	0.030226616101489245	-0.03953515742082782	0.03554139508253454	-0.01642022275956904	0.02530459238342067
-0.1500166459826416	0.11735476634870337	-0.09966810933354343	0.07939897871843565	-0.10697158377708896	0.15308120556834878	-0.12123547741693359	0.15808947675937476	-0.09384389746097058	0.08382660461086498	-0.6625472204226804	0.28187676239284	-0.18086668875906553	0.1236043220894768	-0.04635579495457323	0.9999999999999989	-0.4316083810159941	0.18326036227501158	-0.1398919318325148	0.04887425198913656	-0.46996788650480936	0.24006192235245163	-0.20509330866123035	0.08734803771670024	-0.09369625045322642	0.1532822378333227	-0.16574179945258333	0.10972100947837203	-0.09839871840994746	0.19500972628556293	-0.1186261172426504	0.1496795863338124	-0.09082604104748869	0.04216906353009662	-0.0629893332096764
0.1362732831386487	-0.1313009919228143	0.11404417080059155	-0.09236921591254003	0.12330056885404593	-0.13736139255366905	0.13520520586002457	-0.18889802191905533	0.11306476827907473	-0.10086365160760265	0.2847923616091233	-0.6632791350037063	0.2515328894405695	-0.16405646616734257	0.0571208717118984	-0.4316083810159941	0.9999999999999926	-0.3686159454631182	0.18104682036715214	-0.060459810592709815	0.25827940148210465	-0.3116447475810954	0.24872721543486767	-0.1072012405787368	0.11134322719397408	-0.14121894623704628	0.16769665795731317	-0.12675161464861232	0.11074653254373631	-0.2131468584782786	0.11101040479616621	-0.14575003445232876	0.09415359944804338	-0.04374577636639693	0.06542655683531375
-0.12196828195528997	0.11818647706035985	-0.12953541707508348	0.10768060569749113	-0.14604436733227733	0.1142004786333422	-0.11746753019548574	0.21888398493679484	-0.14770642732045305	0.12676981187152736	-0.19833922649370264	0.2705267699682341	-0.5805261681579872	0.24989012487896986	-0.07753158293796591	0.18326036227501158	-0.3686159454631182	0.9999999999999943	-0.36571017876381995	0.08104278134288734	-0.20089884692168905	0.21932055734879463	-0.5023915967242383	0.1480693198041942	-0.15001948320341138	0.1163585770133637	-0.14500748262102475	0.1575382494696092	-0.1373919557158908	0.2310456973797815	-0.0970370979352399	0.12638027768485255	-0.09506824315167617	0.04410230022077657	-0.06603953729485888
0.12396087695071592	-0.13078081301594316	0.1546157005301696	-0.1468040725551044	0.18599182530970376	-0.11604247533512338	0.12109654588857247	-0.25930045332868423	0.22262702441984622	-0.20468184349893528	0.16190319092103678	-0.21577364245627215	0.28950656906959304	-0.6323448795576749	0.1365516021965269	-0.1398919318325148	0.18104682036715214	-0.36571017876381995	0.9999999999999936	-0.15177892589935404	0.15814029636854174	-0.1630506701155232	0.2276532583968191	-0.3675086540537459	0.2478509978041973	-0.0992822446316617	0.11802973369059212	-0.14148907457160975	0.12660879267822586	-0.26836703644404925	0.08649276514563245	-0.11572684136094273	0.09838036722586779	-0.04565939391812463	0.0696365657047302
-0.052827005405423524	0.05522152348410143	-0.08204034335535537	0.0767234264299877	-0.12763249988680364	0.04693378754228315	-0.05100025876349946	0.10447741083551507	-0.13219991872467346	0.13815444789877393	-0.06198229508577528	0.07008026449613114	-0.1084186369007627	0.16051081193464561	-0.944740525578151	0.04887425198913656	-0.060459810592709815	0.08104278134288734	-0.15177892589935404	0.9999999999999922	-0.059094490056767646	0.05525158394089801	-0.08013046948579111	0.10531611604672331	-0.13460037887951223	0.035522499491572275	-0.04305798757620135	0.04783164103242084	-0.045564198803888185	0.09336787675143685	-0.031879489875592006	0.04140328473355704	-0.03726360927205477	0.017200853723448036	-0.026520897114924148
0.14154677231062715	-0.12746146791741805	0.11521745304177039	-0.09353064968704192	0.1258199342637672	-0.1443335821103535	0.12224052369113729	-0.1912606776348536	0.11017240115978603	-0.10024174693876108	0.2850976715419129	-0.28074525038932896	0.19222488077348313	-0.14521680028501868	0.055530399800170806	-0.46996788650480936	0.25827940148210465	-0.20089884692168905	0.15814029636854174	-0.059094490056767646	0.9999999999999915	-0.5385794739597649	0.2561568782679268	-0.10969702750726903	0.1157118013510144	-0.34569230379977195	0.2790605915239375	-0.15586265906615127	0.13420969117767	-0.2815741602806151	0.20339669700922697	-0.2738340203576191	0.13231701216361189	-0.061965000365073575	0.09049385325051595
-0.12560671526453202	0.1086245465903296	-0.10528137733757376	0.08477168439074877	-0.1166015137970765	0.11825155273492974	-0.10733127124618354	0.16727250679980937	-0.10335655217429371	0.09219507713178701	-0.2544624265759651	0.24029869705017723	-0.20661854882346484	0.14061072648560832	-0.052459760918568785	0.24006192235245163	-0.3116447475810954	0.21932055734879463	-0.1630506701155232	0.05525158394089801	-0.5385794739597649	0.9999999999999901	-0.4376714561604023	0.10330044686637721	-0.11069152564837098	0.2523838940281977	-0.4850635650778409	0.16014621739974505	-0.14127632390086226	0.2300517454297689	-0.1893434578591917	0.22309850416198806	-0.11633944839975147	0.05381763473454272	-0.07855025210552255
0.14064629608444237	-0.1351899211413269	0.13768365385809986	-0.11455323485841293	0.1537732038524979	-0.13383319244337477	0.12859282145490694	-0.24035177795840293	0.14207435759951292	-0.12962210036927663	0.21634741016783976	-0.2771958647811832	0.27823265893043475	-0.2123385286957925	0.07473362160899426	-0.20509330866123035	0.24872721543486767	-0.5023915967242383	0.2276532583968191	-0.08013046948579111	0.2561568782679268	-0.4376714561604023	0.9999999999999916	-0.15890987465236514	0.15671621298095675	-0.17509017414461303	0.21220987755675125	-0.34429239889643704	0.2243328943406238	-0.3717285114596031	0.13925136156857096	-0.19055882076331054	0.13813941142484776	-0.06478914422228366	0.09484029126163832
-0.08267882163495384	0.07984229331054513	-0.0974232971460322	0.08468065924308313	-0.11871103001300082	0.07378371083931552	-0.07466667106427137	0.1449860050764161	-0.12088875766745448	0.10724115212866792	-0.11014569460530868	0.1208353374211061	-0.16086438707724174	0.1978103632319182	-0.10131535246772091	0.08734803771670024	-0.1072012405787368	0.1480693198041942	-0.3675086540537459	0.10531611604672331	-0.10969702750726903	0.10330044686637721	-0.15890987465236514	0.9999999999999921	-0.848903330120022	0.06652461504325387	-0.08167262142993956	0.11166137571973252	-0.12223797699388152	0.2069988563822955	-0.05998147746973844	0.07746072783099034	-0.07428944311181845	0.03427899387753562	-0.052529914379492636
0.09032041994126587	-0.08988229146189124	0.10446925102090818	-0.09333796612552399	0.12559254344050177	-0.08212841216351685	0.08263963356622811	-0.16652617311349865	0.12630318091850098	-0.12057993765019641	0.11673191246845592	-0.13294836634213397	0.1600322499466624	-0.21610848957272497	0.11213953988129631	-0.09369625045322642	0.11134322719397408	-0.15001948320341138	0.2478509978041973	-0.13460037887951223	0.1157118013510144	-0.11069152564837098	0.15671621298095675	-0.848903330120022	0.9999999999999928	-0.0727330246032861	0.08768988423465801	-0.1250458732816538	0.1254444310454338	-0.29145018769388237	0.06581389842894579	-0.08680412450836741	0.08459697704577972	-0.0391591971711333	0.060142262505534366
-0.08643621891142585	0.07258826727932571	-0.07044884657580078	0.056291377018143504	-0.0782846619904471	0.08012413225169752	-0.07054874158947819	0.10932754762900289	-0.06712012192228105	0.060224890499096226	-0.1688490883442976	0.14172367603903316	-0.11942009078777654	0.08672896329563697	-0.03373858009535835	0.1532822378333227	-0.14121894623704628	0.1163585770133637	-0.0992822446316617	0.035522499491572275	-0.34569230379977195	0.2523838940281977	-0.17509017414461303	0.06652461504325387	-0.0727330246032861	0.999999999999991	-0.6157796360108994	0.10471548410680107	-0.0939328474724683	0.1601280186662622	-0.5743397748057913	0.3140707058559416	-0.10796860438880153	0.04973311570489111	-0.06974041310050455
0.0979576321690765	-0.08613028249234779	0.08348436654379092	-0.0673079672800218	0.09271459800974087	-0.0921408854991625	0.08276844680849281	-0.13329808983470937	0.08023608228622235	-0.07252522906951303	0.17441772813953363	-0.1766808313361449	0.14134421677019368	-0.10532786371253666	0.0406799805630451	-0.16574179945258333	0.16769665795731317	-0.14500748262102475	0.11802973369059212	-0.04305798757620135	0.2790605915239375	-0.4850635650778409	0.21220987755675125	-0.08167262142993956	0.08768988423465801	-0.6157796360108994	0.9999999999999908	-0.14522340428390165	0.1187296112885896	-0.20672892625086178	0.2870062823905367	-0.4280135257725589	0.12588742792638408	-0.05915655864396015	0.08146688676954182
-0.09188226207490773	0.0786508960542552	-0.08822017127321508	0.07013841350932455	-0.1017515703139826	0.07988848223793832	-0.07555992580882244	0.1286291211861005	-0.08666079208583567	0.07679430677032216	-0.1386498013639931	0.13385920360735185	-0.15742304048453173	0.11465172094152172	-0.045858878747421956	0.10972100947837203	-0.12675161464861232	0.1575382494696092	-0.14148907457160975	0.04783164103242084	-0.15586265906615127	0.16014621739974505	-0.34429239889643704	0.11166137571973252	-0.1250458732816538	0.10471548410680107	-0.14522340428390165	0.9999999999999902	-0.8261574454788293	0.27632768166741584	-0.09176434732211045	0.1169252482457645	-0.14439779865886626	0.06471034302462038	-0.08612098555395883
0.08427376033620756	-0.07359676892616725	0.08144027353144875	-0.06534432155764314	0.09376338575117504	-0.07405557617771152	0.06992165853591276	-0.12191810889878926	0.08002707469493348	-0.07188382942241157	0.12267035602669404	-0.12301576678616372	0.13388047867113004	-0.10628791268113512	0.04328894626486787	-0.09839871840994746	0.11074653254373631	-0.1373919557158908	0.12660879267822586	-0.045564198803888185	0.13420969117767	-0.14127632390086226	0.2243328943406238	-0.12223797699388152	0.1254444310454338	-0.0939328474724683	0.1187296112885896	-0.8261574454788293	0.9999999999999909	-0.4278796835414593	0.081677962512119	-0.10791557170180421	0.12070671444520295	-0.05840368270372659	0.07769948875591423
-0.19602638748462708	0.1535084792927354	-0.18674459091508425	0.14323304931062042	-0.22054953149564122	0.15817839071502413	-0.14793924552158352	0.23621415068254148	-0.1736632315697469	0.15200414981034652	-0.27698453200894635	0.22401891512491384	-0.27445899292632564	0.20826779607594448	-0.0910552728468772	0.19500972628556293	-0.2131468584782786	0.2310456973797815	-0.26836703644404925	0.09336787675143685	-0.2815741602806151	0.2300517454297689	-0.3717285114596031	0.2069988563822955	-0.29145018769388237	0.1601280186662622	-0.20672892625086178	0.27632768166741584	-0.4278796835414593	0.9999999999999899	-0.15495307100609734	0.18516153339916666	-0.24378152276354917	0.11020178608283109	-0.17537962027569548
0.07610406385816583	-0.06497393310579393	0.06380146268646648	-0.051000769910035354	0.0711832470141062	-0.07013043285566309	0.062123360157358185	-0.09899250962728885	0.06020144892541568	-0.05434248475018077	0.1325632150574495	-0.12025977987701308	0.10150308236695467	-0.07632086109405725	0.030226616101489245	-0.1186261172426504	0.11101040479616621	-0.0970370979352399	0.08649276514563245	-0.031879489875592006	0.20339669700922697	-0.1893434578591917	0.13925136156857096	-0.05998147746973844	0.06581389842894579	-0.5743397748057913	0.2870062823905367	-0.09176434732211045	0.081677962512119	-0.15495307100609734	0.9999999999999896	-0.7107984929440472	0.13062297677729548	-0.06195147716208001	0.08016810539157151
-0.10354929668473323	0.08387506984755044	-0.08449933936952528	0.06675604449964617	-0.09488552961535109	0.09196268816674144	-0.08129517869945581	0.12548152721377948	-0.07926026395230908	0.07083782348110211	-0.1869563258909062	0.14925216157361104	-0.13604244117801678	0.09937122861747406	-0.03953515742082782	0.1496795863338124	-0.14575003445232876	0.12638027768485255	-0.11572684136094273	0.04140328473355704	-0.2738340203576191	0.22309850416198806	-0.19055882076331054	0.07746072783099034	-0.08680412450836741	0.3140707058559416	-0.4280135257725589	0.1169252482457645	-0.10791557170180421	0.18516153339916666	-0.7107984929440472	0.9999999999999911	-0.21735087641680337	0.09154418684078552	-0.12185909618394568
0.08611175040157266	-0.0717562979265407	0.07763555199242561	-0.061005858285456925	0.08899934670574387	-0.07386522889359975	0.06716537353987564	-0.11198148074202857	0.07108065022390128	-0.06420418384180639	0.11972566239369449	-0.10565491698431798	0.10696551754397679	-0.08466539392857117	0.03554139508253454	-0.09082604104748869	0.09415359944804338	-0.09506824315167617	0.09838036722586779	-0.03726360927205477	0.13231701216361189	-0.11633944839975147	0.13813941142484776	-0.07428944311181845	0.08459697704577972	-0.10796860438880153	0.12588742792638408	-0.14439779865886626	0.12070671444520295	-0.24378152276354917	0.13062297677729548	-0.21735087641680337	0.9999999999999906	-0.5645401900611019	0.3219461617530072
-0.03985460291447176	0.03307336088093049	-0.03586153679001728	0.0281510530163146	-0.04113193428729128	0.034110159944073806	-0.03101309226676286	0.051511069675373	-0.03284499276354405	0.029625043668093716	-0.055820654495594146	0.04879438458190797	-0.04971242018460119	0.03914014634221595	-0.01642022275956904	0.04216906353009662	-0.04374577636639693	0.04410230022077657	-0.04565939391812463	0.017200853723448036	-0.061965000365073575	0.05381763473454272	-0.06478914422228366	0.03427899387753562	-0.0391591971711333	0.04973311570489111	-0.05915655864396015	0.06471034302462038	-0.05840368270372659	0.11020178608283109	-0.06195147716208001	0.09154418684078552	-0.5645401900611019	0.9999999999999913	-0.756429684776927
0.061820808971868535	-0.051328358073599895	0.05584656623541899	-0.04378628858982536	0.06412707394272696	-0.05270256399047072	0.04792253377597251	-0.07997538223644665	0.05082927905845651	-0.0459319030038224	0.08406293420856256	-0.0737783483861965	0.07529209880715015	-0.059914087539854485	0.02530459238342067	-0.0629893332096764	0.06542655683531375	-0.06603953729485888	0.0696365657047302	-0.026520897114924148	0.09049385325051595	-0.07855025210552255	0.09484029126163832	-0.052529914379492636	0.060142262505534366	-0.06974041310050455	0.08146688676954182	-0.08612098555395883	0.07769948875591423	-0.17537962027569548	0.08016810539157151	-0.12185909618394568	0.3219461617530072	-0.756429684776927	0.9999999999999916
