1.0	-0.8294127059786862	0.03162523119051394	-0.03191594203655846	0.022874874942185156	-0.4129959139961741	0.22130440305116883	-0.03266661321104785	0.029657882613598505	-0.020702358329378258	0.23529351267837012	-0.20679146949887867	0.06411839779320828	-0.038073691998434	0.029531810705909857	-0.1174611279993983	0.10695571767169879	-0.05607153159231747	0.03789994712306715	-0.0262330920298031	0.1077728259588265	-0.10039424821632764	0.09494504821082456	-0.022755841912701996	0.023703058321830856	-0.0807310927384226	0.07027480154305865	-0.06551832925655914	0.04068836073594033	-0.047343150411931476	0.05428774771595823	-0.060888636995624815	0.04468163909300458	-0.0536751633309202	0.0393795568878466	-0.05553962056266726	0.04481287398780624	-0.045363836818754256	0.03488523051633692	-0.030158538308972936
-0.8294127059786862	1.0	-0.037993358465281735	0.03666013685303025	-0.02649982383313505	0.2662760071103404	-0.3360131438360449	0.03763811551819556	-0.0345033415604469	0.023798102959637916	-0.27838551771331727	0.21099096157921365	-0.07427127836435009	0.04329183382658878	-0.034111853627249354	0.12638712884241518	-0.1222568772002394	0.06334794157108074	-0.04365302534628534	0.02998567354455499	-0.12718996834468174	0.10780855028534989	-0.11121402099180658	0.02558450606228703	-0.026838759703271802	0.0876778379479841	-0.07957467131454267	0.07043162961200206	-0.044305949661629276	0.05098303399407388	-0.06050465843566354	0.06632194660141683	-0.0487549250990349	0.057698946684917776	-0.04329483986547454	0.05988295008989768	-0.04946667242376036	0.04906266695954013	-0.038345624966042706	0.03276306244467064
0.03162523119051394	-0.037993358465281735	1.0000000000000004	-0.8513181979125077	0.18151409670559587	-0.029210832933578557	0.03655094500622309	-0.3749767690979139	0.22342217867470585	-0.17371786910461343	0.030917930751638806	-0.03616083397297337	0.091523793839327	-0.14155275272013357	0.12158221630950101	-0.029152514106978236	0.035884644940662694	-0.07673197881674082	0.11608033945616904	-0.10439929370853655	0.029181886080705852	-0.03782709244896619	0.06541119057856642	-0.01791190846415874	0.01834361803472932	-0.03258047565145693	0.02902635547937851	-0.042503470095000044	0.02589481631320792	-0.030795098362447884	0.02515355507267029	-0.030330960012316246	0.025951570755014152	-0.033484736538225084	0.023654465914711854	-0.03038290133940221	0.02396279952555357	-0.026701332924477465	0.020407411352364534	-0.01835665499451934
-0.03191594203655846	0.03666013685303025	-0.8513181979125077	1.0000000000000004	-0.2761847088130192	0.030330070710945088	-0.03806703904010768	0.24587843255508335	-0.26143829307774236	0.18420844172440318	-0.03270143620741114	0.037870729310590795	-0.10602533020714047	0.14720466596696216	-0.14733255731606595	0.03127934510654163	-0.03928649735650926	0.08508224124441746	-0.1381262552562977	0.11369054832618715	-0.03156778722510191	0.04117081788605312	-0.07403875554540991	0.019933534460529503	-0.020501768801174897	0.03493390741857528	-0.03136607750029396	0.045597601657792114	-0.02794114089498726	0.033034383228902536	-0.02705307140462492	0.032515026205542544	-0.027885290902002976	0.03585260297896281	-0.025516847768643765	0.03247001683812955	-0.025761735503694996	0.02859275002953899	-0.02198312428614726	0.019706618709828535
0.022874874942185156	-0.02649982383313505	0.18151409670559587	-0.2761847088130192	1.0000000000000007	-0.0275441268271389	0.03342569318353829	-0.18686840189125267	0.16884777972387396	-0.8534154954655215	0.02939158414762817	-0.03568370799635288	0.10353574651117488	-0.1804580205160634	0.22800586599447742	-0.03221555478668662	0.040112066213259946	-0.09831393749562774	0.14664364142847036	-0.21229050197973506	0.032035818665818665	-0.043559190650218814	0.07628725931038939	-0.022101411199386883	0.022431896336902048	-0.03854209226285276	0.03399518579194957	-0.05288007989055551	0.031929710973178246	-0.03828347856440877	0.030048482421576417	-0.0367041828775729	0.03182087553397439	-0.04153127906489923	0.0289392375144817	-0.03725036780863761	0.029077443917927583	-0.032904673930994555	0.024934586098812397	-0.022620795500627087
-0.4129959139961741	0.2662760071103404	-0.029210832933578557	0.030330070710945088	-0.0275441268271389	1.0000000000000007	-0.3074016087282207	0.03744531482631134	-0.035497966273718574	0.0245847699577418	-0.7397761114371222	0.23327501464049352	-0.08723330170022733	0.04850353634321322	-0.038065156358371474	0.20623743998570368	-0.1591997439411141	0.07518386667348605	-0.049834805955188605	0.033569221837716136	-0.20297084594135303	0.13673802845378655	-0.1370998321859108	0.03147013688802996	-0.03304628940513807	0.11962062632745407	-0.10742069657505532	0.0872240066160605	-0.05511658232564976	0.0630258093093193	-0.08030744725547227	0.08597504133987263	-0.06159475656404032	0.07180523976881581	-0.054247964037762234	0.07636237525317506	-0.0634446147502436	0.0617221613727309	-0.04827679930637711	0.04093674385360986
0.22130440305116883	-0.3360131438360449	0.03655094500622309	-0.03806703904010768	0.03342569318353829	-0.3074016087282207	0.9999999999999996	-0.05412678696455375	0.048117211145871176	-0.03029807868074928	0.2424454125193136	-0.7899326687867266	0.11035351123368815	-0.06335543678849333	0.04599330394448965	-0.15943057228182253	0.20142863386927465	-0.09841253190763075	0.061137977503036185	-0.04164211871397755	0.14012890738892758	-0.19226613975222756	0.14457170930249183	-0.03481669016667715	0.035801978228155354	-0.11837673803997213	0.10316995038787498	-0.10159912143644002	0.06200732803600424	-0.07270768455073742	0.07889504065783366	-0.09161209268120744	0.06733064671462106	-0.08214222581358191	0.05892895257488288	-0.0833760695761219	0.06612319374131605	-0.06861167561785968	0.05204675631941524	-0.045573116482142365
-0.03266661321104785	0.03763811551819556	-0.3749767690979139	0.24587843255508335	-0.18686840189125267	0.03744531482631134	-0.05412678696455375	0.9999999999999991	-0.7828452701326516	0.15996402186884107	-0.04001119004907112	0.053056157664858786	-0.16799980543917747	0.24369913120708184	-0.18917936858823656	0.040446987067401644	-0.05261299848849141	0.12538116115701275	-0.2183541902353569	0.14359529063027085	-0.04041661245511793	0.055238644383736	-0.09969259394263166	0.02673797564024586	-0.027419777866116796	0.04523412511536242	-0.04057005443723794	0.059539219671738856	-0.03642321185933516	0.04296092034590308	-0.03489747194237791	0.042094256537335915	-0.03616123271517678	0.04654616839258184	-0.03306314159338354	0.041977333477280304	-0.03326541902533722	0.03703247250020105	-0.028445981543327867	0.02553117613762349
0.029657882613598505	-0.0345033415604469	0.22342217867470585	-0.26143829307774236	0.16884777972387396	-0.035497966273718574	0.048117211145871176	-0.7828452701326516	1.0000000000000004	-0.18777784937171385	0.03763907920193506	-0.04983209659430289	0.15731247384493477	-0.40133254160093984	0.17650653409619876	-0.03949374237204033	0.05054469517833901	-0.12984996403107005	0.20551190674201203	-0.1534760582284594	0.03910431245946609	-0.05408282090165173	0.09442852777310788	-0.026102506276363745	0.02653160817136383	-0.045198491355020624	0.04013694942103745	-0.06046735213098613	0.03664521636780511	-0.04357730784140516	0.03488752605469215	-0.042371922293172735	0.036470528726015895	-0.047261160697758695	0.033194111392950164	-0.04253542680781819	0.033426830339310404	-0.03752165650436554	0.028586295366483296	-0.025805866247914484
-0.020702358329378258	0.023798102959637916	-0.17371786910461343	0.18420844172440318	-0.8534154954655215	0.0245847699577418	-0.03029807868074928	0.15996402186884107	-0.18777784937171385	1.0000000000000009	-0.026440197772186695	0.03216169973821503	-0.10004155138517198	0.16499828023053514	-0.33947691621928644	0.028656022370950128	-0.03636126198673142	0.0902699670545337	-0.15189363751940893	0.19465479717800638	-0.02860875923601397	0.039124536880119284	-0.07057649259271673	0.020113625071995423	-0.020503955974511	0.033764584514709026	-0.02997860499988481	0.04600679957319831	-0.027947562097481275	0.03328188352644781	-0.026289880409738526	0.03199767387206933	-0.027733813954600298	0.03604768687068711	-0.025298399312323083	0.032313403654653516	-0.025363940178949447	0.0285705479680097	-0.02176877823903725	0.019678570378798117
0.23529351267837012	-0.27838551771331727	0.030917930751638806	-0.03270143620741114	0.02939158414762817	-0.7397761114371222	0.2424454125193136	-0.04001119004907112	0.03763907920193506	-0.026440197772186695	1.0000000000000009	-0.3133617914111811	0.09337013635119008	-0.052907578025823444	0.04072545323729561	-0.35137674670228863	0.18090362396849158	-0.083401405338279	0.05357725422384719	-0.036399923151717715	0.2167179958037673	-0.16748490281824002	0.14484873379029953	-0.03503616043951319	0.03643732904819984	-0.14645694290791683	0.11920157492149966	-0.10307310357588505	0.0639674387889902	-0.0741139317504111	0.09104180800636288	-0.10103556469686303	0.07141378537293996	-0.084878065167873	0.06204343419385204	-0.0906958901998389	0.07243182488475691	-0.07247193025409106	0.05526345986776051	-0.04762296711182285
-0.20679146949887867	0.21099096157921365	-0.03616083397297337	0.037870729310590795	-0.03568370799635288	0.23327501464049352	-0.7899326687867266	0.053056157664858786	-0.04983209659430289	0.03216169973821503	-0.3133617914111811	1.0000000000000007	-0.14026266796226952	0.06968733131232568	-0.050742415951673926	0.1741234394034676	-0.30893136123155274	0.11274930385307287	-0.06879996903880789	0.04567336590644508	-0.16381175052931257	0.20141075322209628	-0.17028412930217793	0.03768131538776867	-0.039078606951573204	0.1226415456036277	-0.11281316621416217	0.10306814149940924	-0.06379366402428596	0.07366298537990637	-0.08338415362484848	0.0945152618644356	-0.06930804288608715	0.08307484534628495	-0.06100484956610782	0.08461860303838083	-0.06879124339821663	0.06980378801619597	-0.05384448373656813	0.0465478446360776
0.06411839779320828	-0.07427127836435009	0.091523793839327	-0.10602533020714047	0.10353574651117488	-0.08723330170022733	0.11035351123368815	-0.16799980543917747	0.15731247384493477	-0.10004155138517198	0.09337013635119008	-0.14026266796226952	0.9999999999999994	-0.38504040630240866	0.16875126531659565	-0.10987617089335412	0.14469387587894192	-0.745364082400672	0.26236152728900874	-0.1730040899782621	0.10386426623984252	-0.1620473312180158	0.25511817457806946	-0.06419940002882872	0.0630891033729646	-0.1268671536084927	0.1102272277653531	-0.17522129139185405	0.10183615180103689	-0.12287843496333892	0.09642117370069983	-0.1193428706682809	0.10213849550302256	-0.1337657141925359	0.09119216546239181	-0.12004063965850062	0.09255732598669336	-0.1057115134910696	0.0787403503325037	-0.0720121223889191
-0.038073691998434	0.04329183382658878	-0.14155275272013357	0.14720466596696216	-0.1804580205160634	0.04850353634321322	-0.06335543678849333	0.24369913120708184	-0.40133254160093984	0.16499828023053514	-0.052907578025823444	0.06968733131232568	-0.38504040630240866	0.9999999999999947	-0.37066888964448824	0.058817278833450726	-0.07918426133735089	0.25030265173266725	-0.6048338141242472	0.27026358190126487	-0.05803729520393411	0.08451143243878566	-0.15731542691730468	0.0434672982543336	-0.043994821568942036	0.0673879080718453	-0.06010016233457954	0.09168944561373851	-0.055643263491811215	0.06558291081537737	-0.05192764438750938	0.06326515522737945	-0.054670187505625974	0.07082883160571664	-0.04974958915810885	0.0632699805359788	-0.0497873293507345	0.05600660693932041	-0.04271205194614499	0.03856731620643909
0.029531810705909857	-0.034111853627249354	0.12158221630950101	-0.14733255731606595	0.22800586599447742	-0.038065156358371474	0.04599330394448965	-0.18917936858823656	0.17650653409619876	-0.33947691621928644	0.04072545323729561	-0.050742415951673926	0.16875126531659565	-0.37066888964448824	1.0000000000000013	-0.04667208062243169	0.05931117398738899	-0.17352550554005877	0.2910803480172463	-0.7342455666306396	0.045925601005766904	-0.06512499580147217	0.11369981621420415	-0.034844901219777624	0.035051535480134	-0.055930076535440465	0.049200361372914024	-0.07771700254787935	0.046827268992254395	-0.05600105121944619	0.043430245162136276	-0.0532665039954515	0.046284486979893985	-0.060560532425667724	0.04201576902688462	-0.05399530386634964	0.042063990480601846	-0.04780157514183783	0.03613573680643689	-0.032860519548062614
-0.1174611279993983	0.12638712884241518	-0.029152514106978236	0.03127934510654163	-0.03221555478668662	0.20623743998570368	-0.15943057228182253	0.040446987067401644	-0.03949374237204033	0.028656022370950128	-0.35137674670228863	0.1741234394034676	-0.10987617089335412	0.058817278833450726	-0.04667208062243169	0.999999999999999	-0.35349643576939965	0.09956602935308756	-0.06265576535404217	0.041329828962534516	-0.7376095759848105	0.23162364445475805	-0.19533371208666953	0.044139063185760996	-0.04633957838792639	0.22797738796327952	-0.1951998268477642	0.12418408817691698	-0.0790556655574808	0.08883400272806823	-0.1378810685260746	0.13849801876196263	-0.09179648793756517	0.10299305590617401	-0.0783429717123051	0.11665202326216376	-0.09751382983487376	0.09078883533530879	-0.07056491478161415	0.05893473144794126
0.10695571767169879	-0.1222568772002394	0.035884644940662694	-0.03928649735650926	0.040112066213259946	-0.1591997439411141	0.20142863386927465	-0.05261299848849141	0.05054469517833901	-0.03636126198673142	0.18090362396849158	-0.30893136123155274	0.14469387587894192	-0.07918426133735089	0.05931117398738899	-0.35349643576939965	1.000000000000001	-0.1631617028041964	0.08323113299379636	-0.05483792979912151	0.23339325480155806	-0.7432203399057876	0.2467562693282229	-0.05498526103093481	0.05557642881774347	-0.20120106050468528	0.18218472926706764	-0.15731758529241513	0.09475566511308983	-0.10985815763397355	0.12495994334907526	-0.15096812004401353	0.10361340327256949	-0.12478931461954358	0.08867683234731082	-0.12769753386538762	0.10085983663685386	-0.10429786445143588	0.07839311332210713	-0.0685707277495235
-0.05607153159231747	0.06334794157108074	-0.07673197881674082	0.08508224124441746	-0.09831393749562774	0.07518386667348605	-0.09841253190763075	0.12538116115701275	-0.12984996403107005	0.0902699670545337	-0.083401405338279	0.11274930385307287	-0.745364082400672	0.25030265173266725	-0.17352550554005877	0.09956602935308756	-0.1631617028041964	1.0000000000000007	-0.35780970265301154	0.1657908870463722	-0.09621176990266837	0.16095020904909746	-0.3885614501305933	0.06446299186363492	-0.06432561170327009	0.10816496225934517	-0.09767334425016197	0.14687632428807004	-0.08722120157076103	0.10157179318123917	-0.08184133309384996	0.10006729252506469	-0.08563962127324888	0.10998939930679748	-0.07695839716941232	0.09831672602516599	-0.07748102401741012	0.08694958724250323	-0.06605459343789305	0.059587355565080866
0.03789994712306715	-0.04365302534628534	0.11608033945616904	-0.1381262552562977	0.14664364142847036	-0.049834805955188605	0.061137977503036185	-0.2183541902353569	0.20551190674201203	-0.15189363751940893	0.05357725422384719	-0.06879996903880789	0.26236152728900874	-0.6048338141242472	0.2910803480172463	-0.06265576535404217	0.08323113299379636	-0.35780970265301154	0.9999999999999986	-0.5193044130841916	0.06090238395566272	-0.09142746170476823	0.161196490405921	-0.05129900138362054	0.049947586490065914	-0.07328429772118786	0.06465209186610014	-0.10203105254563576	0.06152621487198536	-0.07289248066916047	0.05646174432666021	-0.06933509392039054	0.060147857130482145	-0.07853864853969418	0.054536099780831016	-0.06973254307968466	0.054457470797563336	-0.06182502805217271	0.04679226438797727	-0.04251308574233109
-0.0262330920298031	0.02998567354455499	-0.10439929370853655	0.11369054832618715	-0.21229050197973506	0.033569221837716136	-0.04164211871397755	0.14359529063027085	-0.1534760582284594	0.19465479717800638	-0.036399923151717715	0.04567336590644508	-0.1730040899782621	0.27026358190126487	-0.7342455666306396	0.041329828962534516	-0.05483792979912151	0.1657908870463722	-0.5193044130841916	0.9999999999999992	-0.040935918568996615	0.059007210108881915	-0.11089936035448256	0.03469017055231378	-0.03543474541959461	0.04838097183468831	-0.04308214520390847	0.0668147815673943	-0.04094093070400556	0.04817087280148424	-0.03751661915117209	0.04577695792743719	-0.0398484756840404	0.05181541595826882	-0.036393217334750934	0.046006998108540254	-0.036180964210284966	0.040837258741049445	-0.031178011310070773	0.028189544700745122
0.1077728259588265	-0.12718996834468174	0.029181886080705852	-0.03156778722510191	0.032035818665818665	-0.20297084594135303	0.14012890738892758	-0.04041661245511793	0.03910431245946609	-0.02860875923601397	0.2167179958037673	-0.16381175052931257	0.10386426623984252	-0.05803729520393411	0.045925601005766904	-0.7376095759848105	0.23339325480155806	-0.09621176990266837	0.06090238395566272	-0.040935918568996615	0.9999999999999981	-0.2525857668236875	0.18663795365114372	-0.047069248367459314	0.04891441573317914	-0.40903323863596236	0.21644672176395782	-0.1465228435657686	0.09112072594903252	-0.10399537174874555	0.16241691596251714	-0.17155527800619544	0.10703949840098799	-0.12253734855118653	0.08898389683426111	-0.14603437637627575	0.11230992783916896	-0.1081610050747399	0.08053133009034769	-0.06857387237979025
-0.10039424821632764	0.10780855028534989	-0.03782709244896619	0.04117081788605312	-0.043559190650218814	0.13673802845378655	-0.19226613975222756	0.055238644383736	-0.05408282090165173	0.039124536880119284	-0.16748490281824002	0.20141075322209628	-0.1620473312180158	0.08451143243878566	-0.06512499580147217	0.23162364445475805	-0.7432203399057876	0.16095020904909746	-0.09142746170476823	0.059007210108881915	-0.2525857668236875	0.9999999999999978	-0.402193951482429	0.06545392260273912	-0.06727982781013511	0.19971086767296967	-0.24690983621788698	0.16393798615027944	-0.10123611234140133	0.11343705700062101	-0.1360180696247404	0.1615779358434366	-0.1102453639608166	0.12839892551435544	-0.09458830090309187	0.13020104394825105	-0.10776101047083117	0.10783028830450941	-0.08332310283956959	0.07144401638230588
0.09494504821082456	-0.11121402099180658	0.06541119057856642	-0.07403875554540991	0.07628725931038939	-0.1370998321859108	0.14457170930249183	-0.09969259394263166	0.09442852777310788	-0.07057649259271673	0.14484873379029953	-0.17028412930217793	0.25511817457806946	-0.15731542691730468	0.11369981621420415	-0.19533371208666953	0.2467562693282229	-0.3885614501305933	0.161196490405921	-0.11089936035448256	0.18663795365114372	-0.402193951482429	0.9999999999999983	-0.16464074882670776	0.14310836510997732	-0.2435982586294463	0.2151637018116363	-0.39861595593902494	0.2153196585962038	-0.2537497396716859	0.18739981259835883	-0.23602098152477652	0.20822011948372685	-0.272592267530799	0.18460034209420062	-0.23558387244151535	0.1828954781517528	-0.21174219762535984	0.157762984916546	-0.1446178781536235
-0.022755841912701996	0.02558450606228703	-0.01791190846415874	0.019933534460529503	-0.022101411199386883	0.03147013688802996	-0.03481669016667715	0.02673797564024586	-0.026102506276363745	0.020113625071995423	-0.03503616043951319	0.03768131538776867	-0.06419940002882872	0.0434672982543336	-0.034844901219777624	0.044139063185760996	-0.05498526103093481	0.06446299186363492	-0.05129900138362054	0.03469017055231378	-0.047069248367459314	0.06545392260273912	-0.16464074882670776	0.9999999999999983	-0.9508400595951574	0.06074927342913652	-0.060245359932989274	0.14033657740101751	-0.17852538262305365	0.13471486377123612	-0.05478576503137661	0.06541924832244396	-0.08009377142422995	0.1112398523548377	-0.09146340343362723	0.06522443730488564	-0.061167892219463824	0.06985911070766516	-0.06590967465087541	0.05751648929237837
0.023703058321830856	-0.026838759703271802	0.01834361803472932	-0.020501768801174897	0.022431896336902048	-0.03304628940513807	0.035801978228155354	-0.027419777866116796	0.02653160817136383	-0.020503955974511	0.03643732904819984	-0.039078606951573204	0.0630891033729646	-0.043994821568942036	0.035051535480134	-0.04633957838792639	0.05557642881774347	-0.06432561170327009	0.049947586490065914	-0.03543474541959461	0.04891441573317914	-0.06727982781013511	0.14310836510997732	-0.9508400595951574	0.9999999999999983	-0.06513325800126264	0.06347555131376634	-0.1546650663900245	0.156344152595923	-0.15419800306288292	0.058405271425858496	-0.07066803124356924	0.08480109583657389	-0.12197605179764914	0.09477797146753135	-0.07092361631509539	0.06498389246155348	-0.07575575019387584	0.06900025827081176	-0.06180153083560745
-0.0807310927384226	0.0876778379479841	-0.03258047565145693	0.03493390741857528	-0.03854209226285276	0.11962062632745407	-0.11837673803997213	0.04523412511536242	-0.045198491355020624	0.033764584514709026	-0.14645694290791683	0.1226415456036277	-0.1268671536084927	0.0673879080718453	-0.055930076535440465	0.22797738796327952	-0.20120106050468528	0.10816496225934517	-0.07328429772118786	0.04838097183468831	-0.40903323863596236	0.19971086767296967	-0.2435982586294463	0.06074927342913652	-0.06513325800126264	0.9999999999999998	-0.6246545355078023	0.18103341528844943	-0.12175354219761873	0.12921748914349507	-0.40944186225717666	0.29757125607124896	-0.16097829866190605	0.15835288577333262	-0.12691656717282593	0.21980008988828595	-0.18887423504610637	0.15227469530359938	-0.11845288447163593	0.09351127765849244
0.07027480154305865	-0.07957467131454267	0.02902635547937851	-0.03136607750029396	0.03399518579194957	-0.10742069657505532	0.10316995038787498	-0.04057005443723794	0.04013694942103745	-0.02997860499988481	0.11920157492149966	-0.11281316621416217	0.1102272277653531	-0.06010016233457954	0.049200361372914024	-0.1951998268477642	0.18218472926706764	-0.09767334425016197	0.06465209186610014	-0.04308214520390847	0.21644672176395782	-0.24690983621788698	0.2151637018116363	-0.060245359932989274	0.06347555131376634	-0.6246545355078023	0.9999999999999993	-0.22454831360716174	0.13461283691938414	-0.14071354768309258	0.2854549426889086	-0.5573931709272738	0.18224396079082794	-0.1843611298493041	0.12871866316247857	-0.22418508299321366	0.1769365129388667	-0.1654837523217388	0.11859493607230723	-0.0974435719904638
-0.06551832925655914	0.07043162961200206	-0.042503470095000044	0.045597601657792114	-0.05288007989055551	0.0872240066160605	-0.10159912143644002	0.059539219671738856	-0.06046735213098613	0.04600679957319831	-0.10307310357588505	0.10306814149940924	-0.17522129139185405	0.09168944561373851	-0.07771700254787935	0.12418408817691698	-0.15731758529241513	0.14687632428807004	-0.10203105254563576	0.0668147815673943	-0.1465228435657686	0.16393798615027944	-0.39861595593902494	0.14033657740101751	-0.1546650663900245	0.18103341528844943	-0.22454831360716174	0.9999999999999997	-0.5741772887487225	0.29108729013261037	-0.18156692335367414	0.20507531944131027	-0.37103481642138886	0.3089970660265844	-0.2907187186609502	0.1901060046342713	-0.21714867917865438	0.22578350936493394	-0.22198153590923783	0.17151933046878584
0.04068836073594033	-0.044305949661629276	0.02589481631320792	-0.02794114089498726	0.031929710973178246	-0.05511658232564976	0.06200732803600424	-0.03642321185933516	0.03664521636780511	-0.027947562097481275	0.0639674387889902	-0.06379366402428596	0.10183615180103689	-0.055643263491811215	0.046827268992254395	-0.0790556655574808	0.09475566511308983	-0.08722120157076103	0.06152621487198536	-0.04094093070400556	0.09112072594903252	-0.10123611234140133	0.2153196585962038	-0.17852538262305365	0.156344152595923	-0.12175354219761873	0.13461283691938414	-0.5741772887487225	0.9999999999999976	-0.5614916510398357	0.12402068341345808	-0.14741743580964783	0.24177789430946198	-0.4369957193144235	0.26009229105658294	-0.14175782838056494	0.15174298261962463	-0.1800488994171218	0.17530424478724405	-0.15462060826702032
-0.047343150411931476	0.05098303399407388	-0.030795098362447884	0.033034383228902536	-0.03828347856440877	0.0630258093093193	-0.07270768455073742	0.04296092034590308	-0.04357730784140516	0.03328188352644781	-0.0741139317504111	0.07366298537990637	-0.12287843496333892	0.06558291081537737	-0.05600105121944619	0.08883400272806823	-0.10985815763397355	0.10157179318123917	-0.07289248066916047	0.04817087280148424	-0.10399537174874555	0.11343705700062101	-0.2537497396716859	0.13471486377123612	-0.15419800306288292	0.12921748914349507	-0.14071354768309258	0.29108729013261037	-0.5614916510398357	0.9999999999999987	-0.13456006281935146	0.14841784757184187	-0.2148540392276463	0.26937183640053186	-0.5810288343142881	0.15210616847954786	-0.17049754415302576	0.18785928827470072	-0.27222032070696167	0.228439460222152
0.05428774771595823	-0.06050465843566354	0.02515355507267029	-0.02705307140462492	0.030048482421576417	-0.08030744725547227	0.07889504065783366	-0.03489747194237791	0.03488752605469215	-0.026289880409738526	0.09104180800636288	-0.08338415362484848	0.09642117370069983	-0.05192764438750938	0.043430245162136276	-0.1378810685260746	0.12495994334907526	-0.08184133309384996	0.05646174432666021	-0.03751661915117209	0.16241691596251714	-0.1360180696247404	0.18739981259835883	-0.05478576503137661	0.058405271425858496	-0.40944186225717666	0.2854549426889086	-0.18156692335367414	0.12402068341345808	-0.13456006281935146	0.9999999999999994	-0.5710839767202636	0.19196128285625544	-0.18264026870731814	0.13158990045251945	-0.5560384340754829	0.2506828064671351	-0.20499804972435318	0.1307227571586356	-0.10550487725635918
-0.060888636995624815	0.06632194660141683	-0.030330960012316246	0.032515026205542544	-0.0367041828775729	0.08597504133987263	-0.09161209268120744	0.042094256537335915	-0.042371922293172735	0.03199767387206933	-0.10103556469686303	0.0945152618644356	-0.1193428706682809	0.06326515522737945	-0.0532665039954515	0.13849801876196263	-0.15096812004401353	0.10006729252506469	-0.06933509392039054	0.04577695792743719	-0.17155527800619544	0.1615779358434366	-0.23602098152477652	0.06541924832244396	-0.07066803124356924	0.29757125607124896	-0.5573931709272738	0.20507531944131027	-0.14741743580964783	0.14841784757184187	-0.5710839767202636	0.9999999999999998	-0.29594357822258255	0.20685234602817776	-0.1556205044719868	0.26950329998096284	-0.26389799429270633	0.20543409691061887	-0.1499668487810569	0.11454577284781484
0.04468163909300458	-0.0487549250990349	0.025951570755014152	-0.027885290902002976	0.03182087553397439	-0.06159475656404032	0.06733064671462106	-0.03616123271517678	0.036470528726015895	-0.027733813954600298	0.07141378537293996	-0.06930804288608715	0.10213849550302256	-0.054670187505625974	0.046284486979893985	-0.09179648793756517	0.10361340327256949	-0.08563962127324888	0.060147857130482145	-0.0398484756840404	0.10703949840098799	-0.1102453639608166	0.20822011948372685	-0.08009377142422995	0.08480109583657389	-0.16097829866190605	0.18224396079082794	-0.37103481642138886	0.24177789430946198	-0.2148540392276463	0.19196128285625544	-0.29594357822258255	1.0000000000000004	-0.6088782296153189	0.2115363490296578	-0.22336556626164633	0.2512642550643984	-0.5011937023049838	0.208721411486142	-0.1674389545999444
-0.0536751633309202	0.057698946684917776	-0.033484736538225084	0.03585260297896281	-0.04153127906489923	0.07180523976881581	-0.08214222581358191	0.04654616839258184	-0.047261160697758695	0.03604768687068711	-0.084878065167873	0.08307484534628495	-0.1337657141925359	0.07082883160571664	-0.060560532425667724	0.10299305590617401	-0.12478931461954358	0.10998939930679748	-0.07853864853969418	0.05181541595826882	-0.12253734855118653	0.12839892551435544	-0.272592267530799	0.1112398523548377	-0.12197605179764914	0.15835288577333262	-0.1843611298493041	0.3089970660265844	-0.4369957193144235	0.26937183640053186	-0.18264026870731814	0.20685234602817776	-0.6088782296153189	1.0000000000000002	-0.33172465591155903	0.1925336665217295	-0.24262001845241032	0.26827128190089344	-0.2550096138168123	0.18929209613822745
0.0393795568878466	-0.04329483986547454	0.023654465914711854	-0.025516847768643765	0.0289392375144817	-0.054247964037762234	0.05892895257488288	-0.03306314159338354	0.033194111392950164	-0.025298399312323083	0.06204343419385204	-0.06100484956610782	0.09119216546239181	-0.04974958915810885	0.04201576902688462	-0.0783429717123051	0.08867683234731082	-0.07695839716941232	0.054536099780831016	-0.036393217334750934	0.08898389683426111	-0.09458830090309187	0.18460034209420062	-0.09146340343362723	0.09477797146753135	-0.12691656717282593	0.12871866316247857	-0.2907187186609502	0.26009229105658294	-0.5810288343142881	0.13158990045251945	-0.1556205044719868	0.2115363490296578	-0.33172465591155903	1.0000000000000002	-0.1710986831327143	0.169592468688039	-0.2275533010141055	0.2910646980055541	-0.5289340176894824
-0.05553962056266726	0.05988295008989768	-0.03038290133940221	0.03247001683812955	-0.03725036780863761	0.07636237525317506	-0.0833760695761219	0.041977333477280304	-0.04253542680781819	0.032313403654653516	-0.0906958901998389	0.08461860303838083	-0.12004063965850062	0.0632699805359788	-0.05399530386634964	0.11665202326216376	-0.12769753386538762	0.09831672602516599	-0.06973254307968466	0.046006998108540254	-0.14603437637627575	0.13020104394825105	-0.23558387244151535	0.06522443730488564	-0.07092361631509539	0.21980008988828595	-0.22418508299321366	0.1901060046342713	-0.14175782838056494	0.15210616847954786	-0.5560384340754829	0.26950329998096284	-0.22336556626164633	0.1925336665217295	-0.1710986831327143	1.0000000000000009	-0.5987165054260092	0.25790943572380204	-0.1813071709752211	0.13100287978106212
0.04481287398780624	-0.04946667242376036	0.02396279952555357	-0.025761735503694996	0.029077443917927583	-0.0634446147502436	0.06612319374131605	-0.03326541902533722	0.033426830339310404	-0.025363940178949447	0.07243182488475691	-0.06879124339821663	0.09255732598669336	-0.0497873293507345	0.042063990480601846	-0.09751382983487376	0.10085983663685386	-0.07748102401741012	0.054457470797563336	-0.036180964210284966	0.11230992783916896	-0.10776101047083117	0.1828954781517528	-0.061167892219463824	0.06498389246155348	-0.18887423504610637	0.1769365129388667	-0.21714867917865438	0.15174298261962463	-0.17049754415302576	0.2506828064671351	-0.26389799429270633	0.2512642550643984	-0.24262001845241032	0.169592468688039	-0.5987165054260092	1.0000000000000007	-0.5781784200385057	0.19933391033016648	-0.16359675241415783
-0.045363836818754256	0.04906266695954013	-0.026701332924477465	0.02859275002953899	-0.032904673930994555	0.0617221613727309	-0.06861167561785968	0.03703247250020105	-0.03752165650436554	0.0285705479680097	-0.07247193025409106	0.06980378801619597	-0.1057115134910696	0.05600660693932041	-0.04780157514183783	0.09078883533530879	-0.10429786445143588	0.08694958724250323	-0.06182502805217271	0.040837258741049445	-0.1081610050747399	0.10783028830450941	-0.21174219762535984	0.06985911070766516	-0.07575575019387584	0.15227469530359938	-0.1654837523217388	0.22578350936493394	-0.1800488994171218	0.18785928827470072	-0.20499804972435318	0.20543409691061887	-0.5011937023049838	0.26827128190089344	-0.2275533010141055	0.25790943572380204	-0.5781784200385057	1.0000000000000004	-0.37752530225849024	0.20926308985420106
0.03488523051633692	-0.038345624966042706	0.020407411352364534	-0.02198312428614726	0.024934586098812397	-0.04827679930637711	0.05204675631941524	-0.028445981543327867	0.028586295366483296	-0.02176877823903725	0.05526345986776051	-0.05384448373656813	0.0787403503325037	-0.04271205194614499	0.03613573680643689	-0.07056491478161415	0.07839311332210713	-0.06605459343789305	0.04679226438797727	-0.031178011310070773	0.08053133009034769	-0.08332310283956959	0.157762984916546	-0.06590967465087541	0.06900025827081176	-0.11845288447163593	0.11859493607230723	-0.22198153590923783	0.17530424478724405	-0.27222032070696167	0.1307227571586356	-0.1499668487810569	0.208721411486142	-0.2550096138168123	0.2910646980055541	-0.1813071709752211	0.19933391033016648	-0.37752530225849024	1.0000000000000009	-0.7383509158404027
-0.030158538308972936	0.03276306244467064	-0.01835665499451934	0.019706618709828535	-0.022620795500627087	0.04093674385360986	-0.045573116482142365	0.02553117613762349	-0.025805866247914484	0.019678570378798117	-0.04762296711182285	0.0465478446360776	-0.0720121223889191	0.03856731620643909	-0.032860519548062614	0.05893473144794126	-0.0685707277495235	0.059587355565080866	-0.04251308574233109	0.028189544700745122	-0.06857387237979025	0.07144401638230588	-0.1446178781536235	0.05751648929237837	-0.06180153083560745	0.09351127765849244	-0.0974435719904638	0.17151933046878584	-0.15462060826702032	0.228439460222152	-0.10550487725635918	0.11454577284781484	-0.1674389545999444	0.18929209613822745	-0.5289340176894824	0.13100287978106212	-0.16359675241415783	0.20926308985420106	-0.7383509158404027	1.0000000000000007
