1.0	-0.3250415175822088	0.14360881514111176	-0.12042270522610757	0.104501653513484	-0.7267963509981463	0.25134163702076867	-0.17549414783804004	0.13964201784653654	-0.10208804562734346	0.315522607558776	-0.2008129324609274	0.14921557975544708	-0.10389041389720699	0.0939047702011852	-0.028922625808541283	0.03823072144276871	-0.13105794116423536	0.09536708665614985	-0.09749051954740995	0.0304708000305214	-0.0400904913635926	0.11355813277111043	-0.08104514692849663	0.08270239930235862	-0.05551964691149826	0.05980202618763776	-0.06552706547499491	0.08032605597065806	-0.07994431359607941	0.04080190345620432	-0.06363195783827932	0.06324287263496696	-0.07675549274394385	0.061736647780816535	-0.061308458704391174	0.050369058926409686	-0.05498300304630975	0.06435495485448023	-0.06146629556999907	0.09842959878581924	-0.04910612843340169	0.06579253059923426	-0.048283963917505335	0.05339900984329932
-0.3250415175822088	0.9999999999999998	-0.37066843340171707	0.21426414013731815	-0.19438278648735718	0.24463563979677427	-0.6546733236412997	0.2909398622056337	-0.2699280467340486	0.16462554729214882	-0.2842749167975848	0.26323047159321605	-0.25617677494292607	0.14570213391504447	-0.14139474448368416	0.03516838361121606	-0.04872718831950953	0.16999624953476233	-0.13538894027290535	0.1284130327938836	-0.03733462939295316	0.04931248080414442	-0.1616445686036996	0.10821639425486083	-0.11357049014603045	0.056500670008258994	-0.06773034054766754	0.07775351523403004	-0.10538655262606314	0.10012894858406696	-0.0422999301992138	0.06802474160059525	-0.07683702748518105	0.08751622171527527	-0.07404306639881093	0.06146036706265872	-0.054439142353687305	0.062378032669735066	-0.07551822704969594	0.06775530136375024	-0.10160385226903117	0.05184306607333844	-0.07479504294143344	0.053290846132269476	-0.06141716944862324
0.14360881514111176	-0.37066843340171707	1.0	-0.5916776441338669	0.22919285550331336	-0.12411255954446006	0.23990963676997548	-0.5661194364171827	0.30086316286851167	-0.21899651767859138	0.14680393217482143	-0.2174040809872387	0.19998219241120507	-0.14260838963001526	0.12978339814128298	-0.02717816529775327	0.03751599581265355	-0.15040789558274287	0.11468781261002824	-0.11386473072180717	0.028154494346184108	-0.038285939419408416	0.11960786068734343	-0.08636004884852427	0.09026517617681155	-0.041294909174542406	0.04955810815690315	-0.058326948331153	0.08066733056119799	-0.08062234357895953	0.030764826848700542	-0.05017747805945672	0.056351222318262395	-0.06668757478597988	0.0547707864172143	-0.04444579116425765	0.03915956310665446	-0.045827257366964656	0.05461602664037789	-0.05024031159959888	0.07115497386029475	-0.03753001177959958	0.053613602039367284	-0.03881297563192043	0.04448083110026253
-0.12042270522610757	0.21426414013731815	-0.5916776441338669	1.0000000000000002	-0.4670492566273702	0.09751474667724212	-0.1765315597044809	0.28570160017355456	-0.5142095789451586	0.27723135093229795	-0.12930252793235433	0.16367131296764426	-0.16345120056202078	0.15542454181139245	-0.1505430744834259	0.02443909049178675	-0.03358723279474673	0.1359623043851277	-0.11602811667246754	0.11673294765477049	-0.025819578801569834	0.03458361141317588	-0.11876917453090974	0.08592624640953896	-0.09194544294939241	0.03928144182065303	-0.0477538833912405	0.05686041583083736	-0.08051961167588002	0.07999679283870585	-0.02936316702596691	0.048002839231414116	-0.05521931926797379	0.06484460159407139	-0.053768964187708324	0.04235193570062018	-0.03775088988959165	0.04446195024445465	-0.05330323130746979	0.04860512805648592	-0.06827041112261471	0.036065349138066874	-0.052136721173850056	0.03756570830497707	-0.043343486051606706
0.104501653513484	-0.19438278648735718	0.22919285550331336	-0.4670492566273702	1.0000000000000009	-0.08553843226453163	0.14293086839907856	-0.22726998140321047	0.2986111735407432	-0.7432897578062482	0.11618216716284328	-0.15884291386849564	0.14380235162131957	-0.18740361499954364	0.18629967087880148	-0.025131477459470863	0.034269438863763275	-0.14704911901072906	0.12591675062960733	-0.1433438628795018	0.026415870255429234	-0.03565851473082568	0.12123602313760905	-0.09366483706942996	0.10058118291908304	-0.040722719342208946	0.0492874639840624	-0.059722784821782525	0.08550879090258627	-0.08930228808786903	0.03033254411008055	-0.04997510382482464	0.05705657125431593	-0.06918568307314432	0.05605681612973922	-0.04370049939522188	0.038723120523543514	-0.046195166731575484	0.05471928092817231	-0.050930484556472234	0.06898430529064406	-0.037190943870909765	0.053294833024404825	-0.03886636934005986	0.04460930124349984
-0.7267963509981463	0.24463563979677427	-0.12411255954446006	0.09751474667724212	-0.08553843226453163	1.0000000000000016	-0.34103074250486254	0.15112852703973284	-0.11850622705019796	0.08140400149328433	-0.4966759248953401	0.1661145291872011	-0.12936997743179784	0.08059340018437161	-0.07397254684551938	0.02205680414928554	-0.029605390491587648	0.10067384146762176	-0.07461508464914447	0.07421481568350351	-0.02313433281095653	0.030556679612214047	-0.08819106493913491	0.061893881271977196	-0.06355496684170439	0.03952627090633202	-0.04366538127335521	0.04835793731847427	-0.06088170248714804	0.05990534708307574	-0.02916058496770816	0.045821883369461885	-0.046907552868561526	0.056057789350185	-0.04561409106521961	0.043455314824590356	-0.03628773189668979	0.0400766319383416	-0.04726627075104619	0.0444924330838251	-0.0701421528068345	0.03519292403180539	-0.04793240446056124	0.034947368285835584	-0.03901995938783265
0.25134163702076867	-0.6546733236412997	0.23990963676997548	-0.1765315597044809	0.14293086839907856	-0.34103074250486254	1.0000000000000024	-0.394420261460135	0.20951017651513912	-0.1355143472514426	0.22580107244503603	-0.403965035708317	0.24476739770253855	-0.1251670472251851	0.1149496461067116	-0.03231143339209931	0.04545806601772224	-0.15699076867402317	0.11542627858697756	-0.10873166899553262	0.032855075002837665	-0.04523301032359296	0.12918721576079567	-0.08921467131001673	0.09234386350012891	-0.04654492575167019	0.055122136611291304	-0.0631587955873654	0.0850558889785114	-0.08271454620951951	0.03464819466985816	-0.05588330486994947	0.06154414978632015	-0.07161780781306737	0.05940107480669807	-0.05030017865161467	0.04388613501667973	-0.050347793965828065	0.0602232712837506	-0.05504740270656816	0.08146945301012556	-0.042041694176697446	0.05963922232100009	-0.0429702578378111	0.04909221364591439
-0.17549414783804004	0.2909398622056337	-0.5661194364171827	0.28570160017355456	-0.22726998140321047	0.15112852703973284	-0.394420261460135	1.0000000000000022	-0.4684522721082601	0.20446338791364055	-0.17682222379488757	0.26051545083823996	-0.3501217914681561	0.16218990561918692	-0.14998368244897384	0.031535308661665526	-0.044160403275151715	0.17863367632983607	-0.139038089507378	0.12836146553616712	-0.03277556345340057	0.04446227340250898	-0.14418276256343868	0.10088716970832855	-0.10581467216631522	0.047006030312509064	-0.05714793511716171	0.06734035897408361	-0.0944128746998739	0.09217310892613333	-0.035124848269072265	0.057302390898102504	-0.0655442600078776	0.07614668630108716	-0.0633898558995753	0.050594020644416954	-0.04497367701475449	0.05267710646166974	-0.063235065715488	0.057410953387961414	-0.08177678259518956	0.04293467109256628	-0.0619293461076848	0.04453497866129522	-0.0513501745025253
0.13964201784653654	-0.2699280467340486	0.30086316286851167	-0.5142095789451586	0.2986111735407432	-0.11850622705019796	0.20951017651513912	-0.4684522721082601	1.0000000000000018	-0.4552593733961459	0.15143080015868635	-0.22423416676392469	0.20670613571993518	-0.2749016934487065	0.20796095145929303	-0.03220012144790278	0.04423748505776981	-0.19311633091099442	0.16271398353453367	-0.165456200411331	0.033567713198528096	-0.04561705217269766	0.15143428795169567	-0.1151903867105357	0.12160855226071257	-0.05030755213552902	0.06092834394997973	-0.07345017174755829	0.10473863436531788	-0.10729648637333969	0.03748056988012787	-0.061641673852880156	0.07033204477759983	-0.08456514097410878	0.0688181909200833	-0.05397407675610408	0.047807821938405666	-0.05682519261784353	0.0674426666857197	-0.06250162172856229	0.08552506296896357	-0.04587024638922289	0.0657515953814568	-0.04783905080891977	0.05493579334684828
-0.10208804562734346	0.16462554729214882	-0.21899651767859138	0.27723135093229795	-0.7432897578062482	0.08140400149328433	-0.1355143472514426	0.20446338791364055	-0.4552593733961459	1.0000000000000029	-0.11494396565916559	0.14578501324592077	-0.14361935843505855	0.2037406960839173	-0.2816954352435419	0.025019347286327993	-0.03429934268612248	0.14691936523366364	-0.1390878548002143	0.1548763658625858	-0.02667620180553655	0.03567204540561403	-0.1333370668117132	0.10039442052205913	-0.11257556323747624	0.04151084625030809	-0.05125019808529636	0.0626387172672957	-0.09270294876884609	0.09398447000575443	-0.031076272086057677	0.051249908264166276	-0.06055584796962625	0.0717231627497033	-0.059375910249240854	0.04463068698914432	-0.040189206655169896	0.04813416243762274	-0.05767906695598656	0.05269684575898756	-0.07147316731565471	0.0383746022806469	-0.05595491965476097	0.040401373781292785	-0.04687389930804357
0.315522607558776	-0.2842749167975848	0.14680393217482143	-0.12930252793235433	0.11618216716284328	-0.4966759248953401	0.22580107244503603	-0.17682222379488757	0.15143080015868635	-0.11494396565916559	0.9999999999999997	-0.2190828127751074	0.16278807412850324	-0.12364576727648982	0.11089797689259769	-0.03617338325880856	0.046723049380802996	-0.15786801370383044	0.11399065759992989	-0.11938541908883088	0.03837526506842474	-0.049682120131706246	0.13863146980144825	-0.09998674064678967	0.10146926450369245	-0.07504083935639068	0.07854271702428856	-0.08469886163331367	0.10049946970468278	-0.10066201356529364	0.054943911490232054	-0.08478995017085428	0.08151017052947422	-0.10015319286624837	0.07981361903395705	-0.08336176599219364	0.06727380206169878	-0.0722389219087855	0.0839851294430253	-0.0812939226653334	0.13361230731683718	-0.06592219462962431	0.08676682070624778	-0.06402058414844877	0.0700847099937591
-0.2008129324609274	0.26323047159321605	-0.2174040809872387	0.16367131296764426	-0.15884291386849564	0.1661145291872011	-0.403965035708317	0.26051545083823996	-0.22423416676392469	0.14578501324592077	-0.2190828127751074	0.9999999999999988	-0.701863558135775	0.17156877891152722	-0.16511318246560897	0.055002349592440165	-0.08569353957834011	0.24650343554614218	-0.18811028772865432	0.15576025765409168	-0.0547919405710411	0.07693602782631319	-0.2117868013140687	0.13664077290323715	-0.14220787870257356	0.06382575755738018	-0.07991337246404731	0.09211708911399405	-0.12943740814623497	0.12058577443054194	-0.04789290825140752	0.07832505226590615	-0.09091869720282222	0.10125383234513655	-0.08642931053118307	0.06801742341660734	-0.061304231549476715	0.07155634753426897	-0.08698426463564267	0.0768942191122577	-0.11145456894525926	0.05804186577855395	-0.08487880635128649	0.06025621695272881	-0.0701265001211426
0.14921557975544708	-0.25617677494292607	0.19998219241120507	-0.16345120056202078	0.14380235162131957	-0.12936997743179784	0.24476739770253855	-0.3501217914681561	0.20670613571993518	-0.14361935843505855	0.16278807412850324	-0.701863558135775	1.000000000000001	-0.20138191148670279	0.1639282148324651	-0.04801755177219656	0.0698291191142757	-0.4107047628488548	0.20311834175479535	-0.1674273032916972	0.04675297123506185	-0.06782054888030524	0.1896207766882654	-0.1345467392402694	0.134538183371226	-0.05627115240648304	0.06984617430448754	-0.08335099791278322	0.11873170444252831	-0.11704486630253817	0.041973397017768393	-0.06947570375495939	0.07992962414608674	-0.09320431538049231	0.07671430097697027	-0.059561212154189865	0.05315564256606246	-0.06328874014555366	0.07552700909250307	-0.06877358716059538	0.09466855789752698	-0.050729699723979976	0.07318444752272477	-0.05288758979898961	0.061059064260484644
-0.10389041389720699	0.14570213391504447	-0.14260838963001526	0.15542454181139245	-0.18740361499954364	0.08059340018437161	-0.1251670472251851	0.16218990561918692	-0.2749016934487065	0.2037406960839173	-0.12364576727648982	0.17156877891152722	-0.20138191148670279	1.000000000000001	-0.6829813356382534	0.036237385282858685	-0.050877768820188345	0.25953787914343596	-0.4592619630587049	0.2953917448972713	-0.039116535883936425	0.05255208290896018	-0.239068959231645	0.18898213392746946	-0.2145007468952764	0.059564409991763274	-0.07713395252407736	0.0992292583559592	-0.16400745601239303	0.1605577999684644	-0.04486409578628416	0.07523844575408621	-0.0957689280850995	0.11216856279741597	-0.0942006226737163	0.06355319095838591	-0.058899263537202234	0.0727933775855225	-0.08786855173258216	0.07927198195041776	-0.1016269281292002	0.055904003452030115	-0.08371469397610731	0.06018096573227488	-0.0711014029707358
0.0939047702011852	-0.14139474448368416	0.12978339814128298	-0.1505430744834259	0.18629967087880148	-0.07397254684551938	0.1149496461067116	-0.14998368244897384	0.20796095145929303	-0.2816954352435419	0.11089797689259769	-0.16511318246560897	0.1639282148324651	-0.6829813356382534	0.9999999999999992	-0.03361748147377265	0.04655899776211911	-0.2525367931207235	0.28191292518958294	-0.49088540063672215	0.03568659766887845	-0.04870062509253765	0.20185808474718459	-0.18218537699291362	0.21244088613550738	-0.05489361066646699	0.07007582729070125	-0.09206328558432432	0.1510400082666475	-0.1723794228052032	0.04110313707133246	-0.06950505330036544	0.08620543766980648	-0.10731802284492205	0.08616785161842498	-0.05824260493491387	0.05326896257859536	-0.066718967525386	0.07896658788894444	-0.07378934289151412	0.09074190131160581	-0.05098449137855984	0.0750824018655447	-0.05498268825648917	0.0642670214446949
-0.028922625808541283	0.03516838361121606	-0.02717816529775327	0.02443909049178675	-0.025131477459470863	0.02205680414928554	-0.03231143339209931	0.031535308661665526	-0.03220012144790278	0.025019347286327993	-0.03617338325880856	0.055002349592440165	-0.04801755177219656	0.036237385282858685	-0.03361748147377265	0.9999999999999972	-0.5424869514392773	0.06006477319681086	-0.04194109056605261	0.03900921703297674	-0.770021792632039	0.31715523644727256	-0.05966275381434076	0.039440189964105844	-0.036506875594636924	0.06781218451755229	-0.07332876767459495	0.04282717477419884	-0.03803674934945547	0.03601011872956404	-0.04802087051186353	0.06492284682064943	-0.03972966674126594	0.03497367339182404	-0.028479188837387277	0.04605734862372546	-0.0341153968043836	0.030330512192873575	-0.03464648131141885	0.029043930793095897	-0.0625172747867271	0.030702354307980836	-0.034704297540905996	0.024559817774905297	-0.02603532168591189
0.03823072144276871	-0.04872718831950953	0.03751599581265355	-0.03358723279474673	0.034269438863763275	-0.029605390491587648	0.04545806601772224	-0.044160403275151715	0.04423748505776981	-0.03429934268612248	0.046723049380802996	-0.08569353957834011	0.0698291191142757	-0.050877768820188345	0.04655899776211911	-0.5424869514392773	0.999999999999998	-0.09332588404325044	0.06006080945897724	-0.05459974491310708	0.3187604879427277	-0.7555615638314906	0.08355238970176307	-0.05561610973561043	0.05003000377581806	-0.06886225590562582	0.09563482958440075	-0.05696934105189894	0.051066145756177406	-0.048952429916418794	0.048267538336277914	-0.086855004582517	0.05070018399139977	-0.04545504088144853	0.036554435931624295	-0.05168697404516052	0.04001694252974871	-0.03835965724138805	0.043249758981266935	-0.03661158772135421	0.06756627796233936	-0.03677033509602674	0.04217598893302923	-0.030319852264434812	0.032336994336978106
-0.13105794116423536	0.16999624953476233	-0.15040789558274287	0.1359623043851277	-0.14704911901072906	0.10067384146762176	-0.15699076867402317	0.17863367632983607	-0.19311633091099442	0.14691936523366364	-0.15786801370383044	0.24650343554614218	-0.4107047628488548	0.25953787914343596	-0.2525367931207235	0.06006477319681086	-0.09332588404325044	0.9999999999999974	-0.5877545021239601	0.26618216217567425	-0.06198532541021616	0.08676289233446735	-0.40095013116979994	0.24422597301977989	-0.24258573408982673	0.07823866368329972	-0.103040045821995	0.13069607728723925	-0.20507163804490697	0.1877935594792322	-0.058970868060233606	0.09905076935533114	-0.1265853443485874	0.14078159470088492	-0.1194893272112033	0.0826652521955151	-0.07667968284684969	0.09450031482276276	-0.11457046669403897	0.10091247840911236	-0.1329750646701145	0.07245659384590958	-0.10848914882787616	0.077429077367398	-0.09147062047380616
0.09536708665614985	-0.13538894027290535	0.11468781261002824	-0.11602811667246754	0.12591675062960733	-0.07461508464914447	0.11542627858697756	-0.139038089507378	0.16271398353453367	-0.1390878548002143	0.11399065759992989	-0.18811028772865432	0.20311834175479535	-0.4592619630587049	0.28191292518958294	-0.04194109056605261	0.06006080945897724	-0.5877545021239601	0.999999999999995	-0.4604892483564671	0.04330686761442418	-0.06118080613042139	0.2678712233432365	-0.3028125056560639	0.24095869360434802	-0.06088047631811912	0.07947682476362482	-0.10710944087825063	0.18374988519839625	-0.19253725804389363	0.045642197599560244	-0.07782512936456978	0.09911032457237755	-0.12195294428700922	0.09754897467839878	-0.06405729463966317	0.059031408984678735	-0.07483814590311264	0.0886735031016841	-0.08196125059720613	0.09973060408104154	-0.05631242755905059	0.08346886562987074	-0.06096010645552973	0.0716502758664759
-0.09749051954740995	0.1284130327938836	-0.11386473072180717	0.11673294765477049	-0.1433438628795018	0.07421481568350351	-0.10873166899553262	0.12836146553616712	-0.165456200411331	0.1548763658625858	-0.11938541908883088	0.15576025765409168	-0.1674273032916972	0.2953917448972713	-0.49088540063672215	0.03900921703297674	-0.05459974491310708	0.26618216217567425	-0.4604892483564671	1.0000000000000004	-0.042949947426735136	0.05745310621513108	-0.30406310245880536	0.25857010672650627	-0.5059739206512943	0.06885920406142136	-0.09168512389993003	0.1235240173148516	-0.23199059839857475	0.24069341881094194	-0.05201391095162074	0.08831685233614144	-0.11859894352566319	0.1409852841294599	-0.11931005515544114	0.07321177346005966	-0.06900907823798172	0.08744165609597247	-0.10566943006947811	0.09585842069971094	-0.11607121344162748	0.06541209479121347	-0.09951115460611491	0.07171420148569871	-0.08582530583329862
0.0304708000305214	-0.03733462939295316	0.028154494346184108	-0.025819578801569834	0.026415870255429234	-0.02313433281095653	0.032855075002837665	-0.03277556345340057	0.033567713198528096	-0.02667620180553655	0.03837526506842474	-0.0547919405710411	0.04675297123506185	-0.039116535883936425	0.03568659766887845	-0.770021792632039	0.3187604879427277	-0.06198532541021616	0.04330686761442418	-0.042949947426735136	0.9999999999999953	-0.5311069201552363	0.0659698093631518	-0.04452079736019583	0.039940543528013434	-0.09209143077163116	0.092277206998373	-0.05193384514348588	0.04271180214244494	-0.040947392440452667	0.06025497437406693	-0.0850531911810852	0.0469288842121369	-0.04059220731512058	0.03256564120264817	-0.0574693641305834	0.041392917391089586	-0.03595289774734837	0.04037251357556952	-0.033981076312710766	0.0732360720501635	-0.03736268596235989	0.04058306963476843	-0.0289073504058669	0.030162195793562933
-0.0400904913635926	0.04931248080414442	-0.038285939419408416	0.03458361141317588	-0.03565851473082568	0.030556679612214047	-0.04523301032359296	0.04446227340250898	-0.04561705217269766	0.03567204540561403	-0.049682120131706246	0.07693602782631319	-0.06782054888030524	0.05255208290896018	-0.04870062509253765	0.31715523644727256	-0.7555615638314906	0.08676289233446735	-0.06118080613042139	0.05745310621513108	-0.5311069201552363	0.9999999999999941	-0.09804440955644084	0.06139455790459838	-0.05446511603377689	0.08341283809824594	-0.13188776897885687	0.06683545009106553	-0.05704186030511875	0.05382562073922986	-0.059544799545145244	0.10167637018375104	-0.05997662662772255	0.05101212944031111	-0.04120655295685717	0.06088431412252675	-0.04713062767125651	0.04431285555456245	-0.050165262746157305	0.04156087026574211	-0.08111851790223945	0.04276563985122906	-0.04874113137315769	0.03477669955687882	-0.036966214980348765
0.11355813277111043	-0.1616445686036996	0.11960786068734343	-0.11876917453090974	0.12123602313760905	-0.08819106493913491	0.12918721576079567	-0.14418276256343868	0.15143428795169567	-0.1333370668117132	0.13863146980144825	-0.2117868013140687	0.1896207766882654	-0.239068959231645	0.20185808474718459	-0.05966275381434076	0.08355238970176307	-0.40095013116979994	0.2678712233432365	-0.30406310245880536	0.0659698093631518	-0.09804440955644084	0.9999999999999913	-0.6254738033895582	0.28015867447563003	-0.09687898005676589	0.12769140389735956	-0.21450830529949166	0.2703381194755734	-0.2911404033526488	0.07157161709609676	-0.12827122384352072	0.1637721876052044	-0.20482409755082917	0.14496317843749718	-0.0988173998328655	0.08852077762779649	-0.1226178958745267	0.13534802253781422	-0.12967286696862013	0.14199617345369211	-0.08598880396268421	0.12157628114897462	-0.09301914919750073	0.10558019450487914
-0.08104514692849663	0.10821639425486083	-0.08636004884852427	0.08592624640953896	-0.09366483706942996	0.061893881271977196	-0.08921467131001673	0.10088716970832855	-0.1151903867105357	0.10039442052205913	-0.09998674064678967	0.13664077290323715	-0.1345467392402694	0.18898213392746946	-0.18218537699291362	0.039440189964105844	-0.05561610973561043	0.24422597301977989	-0.3028125056560639	0.25857010672650627	-0.04452079736019583	0.06139455790459838	-0.6254738033895582	0.9999999999999927	-0.4619560023401432	0.07156323916077822	-0.09964398292730893	0.15623482521113013	-0.4300146915607725	0.2896754424484019	-0.05373131484356499	0.09493294917080267	-0.13742494086956278	0.1743473293656873	-0.13518594328085792	0.07420691676567047	-0.06980240594083083	0.09503949914882014	-0.11101621378658044	0.10400881886138408	-0.11145618913393368	0.06674382841487479	-0.10035514601329404	0.07452850134893549	-0.08903101322968149
0.08270239930235862	-0.11357049014603045	0.09026517617681155	-0.09194544294939241	0.10058118291908304	-0.06355496684170439	0.09234386350012891	-0.10581467216631522	0.12160855226071257	-0.11257556323747624	0.10146926450369245	-0.14220787870257356	0.134538183371226	-0.2145007468952764	0.21244088613550738	-0.036506875594636924	0.05003000377581806	-0.24258573408982673	0.24095869360434802	-0.5059739206512943	0.039940543528013434	-0.05446511603377689	0.28015867447563003	-0.4619560023401432	0.9999999999999921	-0.06833550055305875	0.09117669626048758	-0.1368543395255752	0.2881488432313516	-0.5531590145134427	0.051205451748011444	-0.08943359715696164	0.1204273453467122	-0.16761754952172142	0.12762992770153822	-0.07162119961098921	0.06691649374935503	-0.08922735668095648	0.103738902598968	-0.10169447111950804	0.10776858119665911	-0.06429434804901563	0.0962042873755494	-0.07202772970458307	0.08543965413411966
-0.05551964691149826	0.056500670008258994	-0.041294909174542406	0.03928144182065303	-0.040722719342208946	0.03952627090633202	-0.04654492575167019	0.047006030312509064	-0.05030755213552902	0.04151084625030809	-0.07504083935639068	0.06382575755738018	-0.05627115240648304	0.059564409991763274	-0.05489361066646699	0.06781218451755229	-0.06886225590562582	0.07823866368329972	-0.06088047631811912	0.06885920406142136	-0.09209143077163116	0.08341283809824594	-0.09687898005676589	0.07156323916077822	-0.06833550055305875	0.9999999999999941	-0.35768558370421727	0.14032169614036233	-0.08719387367959394	0.07989021882561857	-0.7244523838227824	0.2729526694440431	-0.14052810455460163	0.1027773227257694	-0.08568992090200209	0.29983053143274613	-0.1923788766760762	0.10805354627535653	-0.12444767120259206	0.10070643663204254	-0.4059721470219846	0.1488751826641483	-0.14633863261295776	0.09608005615235345	-0.09558452633936558
0.05980202618763776	-0.06773034054766754	0.04955810815690315	-0.0477538833912405	0.0492874639840624	-0.04366538127335521	0.055122136611291304	-0.05714793511716171	0.06092834394997973	-0.05125019808529636	0.07854271702428856	-0.07991337246404731	0.06984617430448754	-0.07713395252407736	0.07007582729070125	-0.07332876767459495	0.09563482958440075	-0.103040045821995	0.07947682476362482	-0.09168512389993003	0.092277206998373	-0.13188776897885687	0.12769140389735956	-0.09964398292730893	0.09117669626048758	-0.35768558370421727	0.9999999999999964	-0.34599061724626096	0.12502780898601962	-0.11390453676964157	0.23137168078197576	-0.7404047180998872	0.22348201622292638	-0.13171950840703098	0.10255501026219158	-0.22084387666945338	0.17335439390975468	-0.15154939779739163	0.15580463272536715	-0.11721370260434048	0.23344056098652904	-0.15544316786059037	0.14459606809234485	-0.10449226582311279	0.10219226476339664
-0.06552706547499491	0.07775351523403004	-0.058326948331153	0.05686041583083736	-0.059722784821782525	0.04835793731847427	-0.0631587955873654	0.06734035897408361	-0.07345017174755829	0.0626387172672957	-0.08469886163331367	0.09211708911399405	-0.08335099791278322	0.0992292583559592	-0.09206328558432432	0.04282717477419884	-0.05696934105189894	0.13069607728723925	-0.10710944087825063	0.1235240173148516	-0.05193384514348588	0.06683545009106553	-0.21450830529949166	0.15623482521113013	-0.1368543395255752	0.14032169614036233	-0.34599061724626096	0.9999999999999928	-0.2585351957614574	0.17313640147417014	-0.10607028395175662	0.22698544743119003	-0.7491047515854434	0.17286408238572654	-0.13693259666645535	0.124911563570854	-0.11802664724352888	0.23525751339212794	-0.26270869208502	0.1338984275275418	-0.1684545994233235	0.10918512287997822	-0.1506726196376584	0.10989514895851767	-0.11751514908364574
0.08032605597065806	-0.10538655262606314	0.08066733056119799	-0.08051961167588002	0.08550879090258627	-0.06088170248714804	0.0850558889785114	-0.0944128746998739	0.10473863436531788	-0.09270294876884609	0.10049946970468278	-0.12943740814623497	0.11873170444252831	-0.16400745601239303	0.1510400082666475	-0.03803674934945547	0.051066145756177406	-0.20507163804490697	0.18374988519839625	-0.23199059839857475	0.04271180214244494	-0.05704186030511875	0.2703381194755734	-0.4300146915607725	0.2881488432313516	-0.08719387367959394	0.12502780898601962	-0.2585351957614574	0.9999999999999893	-0.6321452021084862	0.06542860213236938	-0.1192710253802077	0.1832787595618222	-0.3639901492884102	0.2014021579193648	-0.0898785394927069	0.08616866416248974	-0.12462814598200261	0.1414903197716316	-0.14596393461341794	0.1310755225337083	-0.08297869741334683	0.12654854939189236	-0.09694971032770969	0.117358412038762
-0.07994431359607941	0.10012894858406696	-0.08062234357895953	0.07999679283870585	-0.08930228808786903	0.05990534708307574	-0.08271454620951951	0.09217310892613333	-0.10729648637333969	0.09398447000575443	-0.10066201356529364	0.12058577443054194	-0.11704486630253817	0.1605577999684644	-0.1723794228052032	0.03601011872956404	-0.048952429916418794	0.1877935594792322	-0.19253725804389363	0.24069341881094194	-0.040947392440452667	0.05382562073922986	-0.2911404033526488	0.2896754424484019	-0.5531590145134427	0.07989021882561857	-0.11390453676964157	0.17313640147417014	-0.6321452021084862	0.9999999999999912	-0.060736617406678864	0.10603480135572298	-0.16372037921498075	0.2162252065815032	-0.19174099059137018	0.08447730728162534	-0.08305620340646114	0.11100267054680804	-0.13457184236808498	0.12888656277582303	-0.13050852076787184	0.07866619799420556	-0.12469700516826433	0.09101732129132009	-0.11366096518828728
0.04080190345620432	-0.0422999301992138	0.030764826848700542	-0.02936316702596691	0.03033254411008055	-0.02916058496770816	0.03464819466985816	-0.035124848269072265	0.03748056988012787	-0.031076272086057677	0.054943911490232054	-0.04789290825140752	0.041973397017768393	-0.04486409578628416	0.04110313707133246	-0.04802087051186353	0.048267538336277914	-0.058970868060233606	0.045642197599560244	-0.05201391095162074	0.06025497437406693	-0.059544799545145244	0.07157161709609676	-0.05373131484356499	0.051205451748011444	-0.7244523838227824	0.23137168078197576	-0.10607028395175662	0.06542860213236938	-0.060736617406678864	0.9999999999999929	-0.31719492047588077	0.10370405536869265	-0.07970317221601649	0.06533988642508155	-0.5136648308514209	0.1747100494813399	-0.08364164637151998	0.0931276704165729	-0.07926621020418724	0.28010976422544037	-0.14064742384321158	0.11468207293375222	-0.07722083595020188	0.07353398559011518
-0.06363195783827932	0.06802474160059525	-0.05017747805945672	0.048002839231414116	-0.04997510382482464	0.045821883369461885	-0.05588330486994947	0.057302390898102504	-0.061641673852880156	0.051249908264166276	-0.08478995017085428	0.07832505226590615	-0.06947570375495939	0.07523844575408621	-0.06950505330036544	0.06492284682064943	-0.086855004582517	0.09905076935533114	-0.07782512936456978	0.08831685233614144	-0.0850531911810852	0.10167637018375104	-0.12827122384352072	0.09493294917080267	-0.08943359715696164	0.2729526694440431	-0.7404047180998872	0.22698544743119003	-0.1192710253802077	0.10603480135572298	-0.31719492047588077	0.9999999999999899	-0.24414950656014434	0.1307885629982355	-0.1086656397145968	0.23542377794781003	-0.24593486173118093	0.1529797794232943	-0.1778570518030973	0.1239503360222142	-0.30922839755991544	0.17609838720281798	-0.17498327770448519	0.11617782235375462	-0.11650485493845752
0.06324287263496696	-0.07683702748518105	0.056351222318262395	-0.05521931926797379	0.05705657125431593	-0.046907552868561526	0.06154414978632015	-0.0655442600078776	0.07033204477759983	-0.06055584796962625	0.08151017052947422	-0.09091869720282222	0.07992962414608674	-0.0957689280850995	0.08620543766980648	-0.03972966674126594	0.05070018399139977	-0.1265853443485874	0.09911032457237755	-0.11859894352566319	0.0469288842121369	-0.05997662662772255	0.1637721876052044	-0.13742494086956278	0.1204273453467122	-0.14052810455460163	0.22348201622292638	-0.7491047515854434	0.1832787595618222	-0.16372037921498075	0.10370405536869265	-0.24414950656014434	0.9999999999999942	-0.1877480276736419	0.1333202390212507	-0.1268409757200386	0.11717145608696633	-0.40542413668216803	0.25422328800854915	-0.1411248095454848	0.15653590521932056	-0.11328790692409194	0.14779830231817	-0.11388000732394456	0.11545839034811135
-0.07675549274394385	0.08751622171527527	-0.06668757478597988	0.06484460159407139	-0.06918568307314432	0.056057789350185	-0.07161780781306737	0.07614668630108716	-0.08456514097410878	0.0717231627497033	-0.10015319286624837	0.10125383234513655	-0.09320431538049231	0.11216856279741597	-0.10731802284492205	0.03497367339182404	-0.04545504088144853	0.14078159470088492	-0.12195294428700922	0.1409852841294599	-0.04059220731512058	0.05101212944031111	-0.20482409755082917	0.1743473293656873	-0.16761754952172142	0.1027773227257694	-0.13171950840703098	0.17286408238572654	-0.3639901492884102	0.2162252065815032	-0.07970317221601649	0.1307885629982355	-0.1877480276736419	0.9999999999999906	-0.7029263491341236	0.11673902663114678	-0.12864213467084315	0.15695170561116753	-0.20552216325905845	0.2741670548058569	-0.18266791943562422	0.12236449578282993	-0.22295853159331777	0.16597196388627988	-0.24041822498489424
0.061736647780816535	-0.07404306639881093	0.0547707864172143	-0.053768964187708324	0.05605681612973922	-0.04561409106521961	0.05940107480669807	-0.0633898558995753	0.0688181909200833	-0.059375910249240854	0.07981361903395705	-0.08642931053118307	0.07671430097697027	-0.0942006226737163	0.08616785161842498	-0.028479188837387277	0.036554435931624295	-0.1194893272112033	0.09754897467839878	-0.11931005515544114	0.03256564120264817	-0.04120655295685717	0.14496317843749718	-0.13518594328085792	0.12762992770153822	-0.08568992090200209	0.10255501026219158	-0.13693259666645535	0.2014021579193648	-0.19174099059137018	0.06533988642508155	-0.1086656397145968	0.1333202390212507	-0.7029263491341236	0.9999999999999906	-0.09719617415189037	0.10240214406562143	-0.13700129905818476	0.16434619640902817	-0.5250578375417401	0.13750126696650028	-0.10483388001346111	0.17757959139546647	-0.17219899411757322	0.22381140892424195
-0.061308458704391174	0.06146036706265872	-0.04444579116425765	0.04235193570062018	-0.04370049939522188	0.043455314824590356	-0.05030017865161467	0.050594020644416954	-0.05397407675610408	0.04463068698914432	-0.08336176599219364	0.06801742341660734	-0.059561212154189865	0.06355319095838591	-0.05824260493491387	0.04605734862372546	-0.05168697404516052	0.0826652521955151	-0.06405729463966317	0.07321177346005966	-0.0574693641305834	0.06088431412252675	-0.0988173998328655	0.07420691676567047	-0.07162119961098921	0.29983053143274613	-0.22084387666945338	0.124911563570854	-0.0898785394927069	0.08447730728162534	-0.5136648308514209	0.23542377794781003	-0.1268409757200386	0.11673902663114678	-0.09719617415189037	0.9999999999999903	-0.38856497275481017	0.11709873767260319	-0.13130348482324594	0.12082034812088448	-0.6064081379576869	0.23106410961809185	-0.19164478098729762	0.12189216999139524	-0.11578347332703584
0.050369058926409686	-0.054439142353687305	0.03915956310665446	-0.03775088988959165	0.038723120523543514	-0.03628773189668979	0.04388613501667973	-0.04497367701475449	0.047807821938405666	-0.040189206655169896	0.06727380206169878	-0.061304231549476715	0.05315564256606246	-0.058899263537202234	0.05326896257859536	-0.0341153968043836	0.04001694252974871	-0.07667968284684969	0.059031408984678735	-0.06900907823798172	0.041392917391089586	-0.04713062767125651	0.08852077762779649	-0.06980240594083083	0.06691649374935503	-0.1923788766760762	0.17335439390975468	-0.11802664724352888	0.08616866416248974	-0.08305620340646114	0.1747100494813399	-0.24593486173118093	0.11717145608696633	-0.12864213467084315	0.10240214406562143	-0.38856497275481017	0.9999999999999881	-0.13930318963769514	0.13574465218542378	-0.14740019357409692	0.25451400900843785	-0.7614612814302806	0.24180292601398398	-0.17262989001622034	0.13060040883344098
-0.05498300304630975	0.062378032669735066	-0.045827257366964656	0.04446195024445465	-0.046195166731575484	0.0400766319383416	-0.050347793965828065	0.05267710646166974	-0.05682519261784353	0.04813416243762274	-0.0722389219087855	0.07155634753426897	-0.06328874014555366	0.0727933775855225	-0.066718967525386	0.030330512192873575	-0.03835965724138805	0.09450031482276276	-0.07483814590311264	0.08744165609597247	-0.03595289774734837	0.04431285555456245	-0.1226178958745267	0.09503949914882014	-0.08922735668095648	0.10805354627535653	-0.15154939779739163	0.23525751339212794	-0.12462814598200261	0.11100267054680804	-0.08364164637151998	0.1529797794232943	-0.40542413668216803	0.15695170561116753	-0.13700129905818476	0.11709873767260319	-0.13930318963769514	0.9999999999999881	-0.7902725612832793	0.17733564499342755	-0.15691833629245888	0.13121269133443772	-0.23085940547586944	0.16210810724244623	-0.15688333232629031
0.06435495485448023	-0.07551822704969594	0.05461602664037789	-0.05330323130746979	0.05471928092817231	-0.04726627075104619	0.0602232712837506	-0.063235065715488	0.0674426666857197	-0.05767906695598656	0.0839851294430253	-0.08698426463564267	0.07552700909250307	-0.08786855173258216	0.07896658788894444	-0.03464648131141885	0.043249758981266935	-0.11457046669403897	0.0886735031016841	-0.10566943006947811	0.04037251357556952	-0.050165262746157305	0.13534802253781422	-0.11101621378658044	0.103738902598968	-0.12444767120259206	0.15580463272536715	-0.26270869208502	0.1414903197716316	-0.13457184236808498	0.0931276704165729	-0.1778570518030973	0.25422328800854915	-0.20552216325905845	0.16434619640902817	-0.13130348482324594	0.13574465218542378	-0.7902725612832793	0.9999999999999875	-0.2614110353415581	0.1625569149821684	-0.14097573126590296	0.2095804738135233	-0.21029188831352075	0.17938983535708522
-0.06146629556999907	0.06775530136375024	-0.05024031159959888	0.04860512805648592	-0.050930484556472234	0.0444924330838251	-0.05504740270656816	0.057410953387961414	-0.06250162172856229	0.05269684575898756	-0.0812939226653334	0.0768942191122577	-0.06877358716059538	0.07927198195041776	-0.07378934289151412	0.029043930793095897	-0.03661158772135421	0.10091247840911236	-0.08196125059720613	0.09585842069971094	-0.033981076312710766	0.04156087026574211	-0.12967286696862013	0.10400881886138408	-0.10169447111950804	0.10070643663204254	-0.11721370260434048	0.1338984275275418	-0.14596393461341794	0.12888656277582303	-0.07926621020418724	0.1239503360222142	-0.1411248095454848	0.2741670548058569	-0.5250578375417401	0.12082034812088448	-0.14740019357409692	0.17733564499342755	-0.2614110353415581	0.9999999999999863	-0.18058746733980546	0.14528140206491602	-0.3046435693119329	0.2651692931679659	-0.5851206228004291
0.09842959878581924	-0.10160385226903117	0.07115497386029475	-0.06827041112261471	0.06898430529064406	-0.0701421528068345	0.08146945301012556	-0.08177678259518956	0.08552506296896357	-0.07147316731565471	0.13361230731683718	-0.11145456894525926	0.09466855789752698	-0.1016269281292002	0.09074190131160581	-0.0625172747867271	0.06756627796233936	-0.1329750646701145	0.09973060408104154	-0.11607121344162748	0.0732360720501635	-0.08111851790223945	0.14199617345369211	-0.11145618913393368	0.10776858119665911	-0.4059721470219846	0.23344056098652904	-0.1684545994233235	0.1310755225337083	-0.13050852076787184	0.28010976422544037	-0.30922839755991544	0.15653590521932056	-0.18266791943562422	0.13750126696650028	-0.6064081379576869	0.25451400900843785	-0.15691833629245888	0.1625569149821684	-0.18058746733980546	0.9999999999999876	-0.2789411404431842	0.20600033445736865	-0.16334871618816546	0.14549310770661908
-0.04910612843340169	0.05184306607333844	-0.03753001177959958	0.036065349138066874	-0.037190943870909765	0.03519292403180539	-0.042041694176697446	0.04293467109256628	-0.04587024638922289	0.0383746022806469	-0.06592219462962431	0.05804186577855395	-0.050729699723979976	0.055904003452030115	-0.05098449137855984	0.030702354307980836	-0.03677033509602674	0.07245659384590958	-0.05631242755905059	0.06541209479121347	-0.03736268596235989	0.04276563985122906	-0.08598880396268421	0.06674382841487479	-0.06429434804901563	0.1488751826641483	-0.15544316786059037	0.10918512287997822	-0.08297869741334683	0.07866619799420556	-0.14064742384321158	0.17609838720281798	-0.11328790692409194	0.12236449578282993	-0.10483388001346111	0.23106410961809185	-0.7614612814302806	0.13121269133443772	-0.14097573126590296	0.14528140206491602	-0.2789411404431842	0.9999999999999878	-0.42592481835701174	0.18782320718247586	-0.1551966942532535
0.06579253059923426	-0.07479504294143344	0.053613602039367284	-0.052136721173850056	0.053294833024404825	-0.04793240446056124	0.05963922232100009	-0.0619293461076848	0.0657515953814568	-0.05595491965476097	0.08676682070624778	-0.08487880635128649	0.07318444752272477	-0.08371469397610731	0.0750824018655447	-0.034704297540905996	0.04217598893302923	-0.10848914882787616	0.08346886562987074	-0.09951115460611491	0.04058306963476843	-0.04874113137315769	0.12157628114897462	-0.10035514601329404	0.0962042873755494	-0.14633863261295776	0.14459606809234485	-0.1506726196376584	0.12654854939189236	-0.12469700516826433	0.11468207293375222	-0.17498327770448519	0.14779830231817	-0.22295853159331777	0.17757959139546647	-0.19164478098729762	0.24180292601398398	-0.23085940547586944	0.2095804738135233	-0.3046435693119329	0.20600033445736865	-0.42592481835701174	0.9999999999999885	-0.610051042787892	0.27894724876313853
