1.0000000000000002	-0.14567417252807824	0.1389384933077572	-0.12305485639036129	0.08866381330083001	-0.34948598123618996	0.24557861571464623	-0.20009522729413057	0.15403320717146277	-0.11699876094299731	0.24772139225525594	-0.18665899939073344	0.14919804661396938	-0.11695385757300894	0.14831527681026913	-0.19577582930734774	0.19772664814141222	-0.14585470770831419	0.10324851567355343	-0.11504774235064431	0.15850986308323406	-0.15622314827688746	0.14138309750485914	-0.17808637484599388	0.11972712540205063	-0.3487150839094323	0.1227671273736846	-0.12104304801077889	0.11140906142794814	-0.10715351184599571	0.10705724057186422	-0.12820662962400997	0.11433630598986767	-0.09676968250137614	0.08231375441013422	-0.08991912042954736	0.18535752531631625	-0.09988667378476217	0.09316077219864775	-0.08969118906895832	0.12799639554873174	-0.09296063879318692	0.0897847589240999	-0.06800681134506975	0.08180928320973066
-0.14567417252807824	1.0000000000000002	-0.7981584178117628	0.13775516085469747	-0.10516622776852864	0.1289476960905187	-0.4413782394763041	0.24412828371677464	-0.16744654520833785	0.10379948859949341	-0.12500123718691084	0.1538356989830271	-0.14868987891098817	0.11067421665204362	-0.12931156046851833	0.09367688969974036	-0.1407880354513649	0.08229452756532805	-0.0606074517139083	0.06976440113184842	-0.07640006086932033	0.08144942947780563	-0.07440370554836617	0.09347850132603047	-0.07208689273219641	0.14248317315875184	-0.06291552922925424	0.06106211361613682	-0.056231763198339176	0.05388662955619846	-0.049403371844420056	0.06319731049612684	-0.057131861535203346	0.04795834755034888	-0.04126248843816411	0.04137005624317245	-0.08618241652837039	0.04729167439006786	-0.04595127010161431	0.04396441249765993	-0.05924801620632618	0.043318945432130544	-0.042505134284697724	0.032979017294633636	-0.039828326917470167
0.1389384933077572	-0.7981584178117628	1.0	-0.1881320703846026	0.12049869168292043	-0.12275748968906604	0.26791240849062037	-0.3906558328622293	0.17934104834438072	-0.1193364995869847	0.11568770702394425	-0.15081147258658645	0.15417736162012668	-0.121586883263382	0.13809774143216869	-0.0986282549608609	0.13427748851418247	-0.08908092711919924	0.06513503238557562	-0.075715131525941	0.07960918289931147	-0.08650952458707488	0.0793623098005368	-0.10198183986841758	0.0772326218271145	-0.15602632881241335	0.06632505623878653	-0.06555473526543917	0.060122671833414666	-0.05803185073598358	0.05259758153055825	-0.06757729342582296	0.0609019411811913	-0.05137423834798398	0.04419317044659321	-0.04415323752008907	0.09123086708188034	-0.050519565704630384	0.049078034101459875	-0.0472261406926176	0.0628327283217388	-0.04606774477178363	0.0452509198457419	-0.03523919045521008	0.04248862319279191
-0.12305485639036129	0.13775516085469747	-0.1881320703846026	0.9999999999999999	-0.7758305118720497	0.08379394720791099	-0.1684099115856342	0.18124611707137206	-0.21970157686088732	0.30381196822425377	-0.09107116173249316	0.10988504794191506	-0.14349430294234136	0.1288755512243585	-0.3867795795612433	0.08055449833855753	-0.11935381952078125	0.10760337300558384	-0.08965368996508825	0.12037909238919041	-0.06864712196379784	0.0850597355366288	-0.09362191275661066	0.12126490660738465	-0.12474981730811624	0.12855991711083078	-0.0688316217547027	0.07316216164374686	-0.07121750052954177	0.06914371450148007	-0.05608613226407766	0.07161485468479253	-0.06822795969817545	0.05860572344796108	-0.05282715128741398	0.04674101888963185	-0.10172983675642112	0.05562875443467794	-0.05712684906099461	0.05415295010465361	-0.06984001625857789	0.05080667994204059	-0.0506384325988686	0.040287408533708685	-0.04930219467986477
0.08866381330083001	-0.10516622776852864	0.12049869168292043	-0.7758305118720497	1.0000000000000004	-0.06128698091456439	0.11638334066326955	-0.14866471936394446	0.16355339001903527	-0.513319913646566	0.06566882081655136	-0.08148136282665264	0.10519098932269866	-0.10358608599629779	0.2710421759388794	-0.060847985165688456	0.08598681248921101	-0.08302084960216281	0.06697630214432415	-0.09200942214094038	0.051333720748801014	-0.06370738095666643	0.06907410299386745	-0.09321803658658274	0.08917164184123959	-0.09913783480762851	0.05082619087471754	-0.05460780484039886	0.052284965202999	-0.05143637988165289	0.04102391981481109	-0.05321792584096512	0.05023881714536177	-0.043304180072113	0.03879741482880968	-0.034318829042559444	0.07357579280239318	-0.040912984693721954	0.04185492560352056	-0.04014015156934496	0.0506153370139	-0.03703270387055474	0.03696799570858146	-0.02956464019409732	0.03601804831697045
-0.34948598123618996	0.1289476960905187	-0.12275748968906604	0.08379394720791099	-0.06128698091456439	1.0000000000000002	-0.3412931850769492	0.15255514310322454	-0.11618669871707916	0.07867705382683525	-0.8010263003218729	0.21051279790730879	-0.12675495755977323	0.09409043417097618	-0.09877396404018723	0.1602613606278575	-0.19529582837113807	0.0923238832930247	-0.06573223812372454	0.07147664319364534	-0.13109805915358894	0.10410049288295951	-0.08820008692296753	0.10597610003877066	-0.07453781049309699	0.19335749736001315	-0.0803940047121044	0.07332172939974721	-0.06668993672020476	0.06305860404546802	-0.06256731104581849	0.07818287777271166	-0.06961789850006352	0.05755437633947315	-0.048701262830056116	0.0521851201408806	-0.10790429933274168	0.0581674813244953	-0.05509747185905295	0.052451514914809615	-0.07409559920555804	0.0539333264025545	-0.05235841370580385	0.03985897025637897	-0.048001666863833246
0.24557861571464623	-0.4413782394763041	0.26791240849062037	-0.1684099115856342	0.11638334066326955	-0.3412931850769492	1.000000000000001	-0.3528525670708705	0.20820518880324512	-0.1470632126980587	0.2531664609157163	-0.40358488020814226	0.21219269851424455	-0.17116305603081436	0.1717252088141372	-0.20199880661387956	0.26484595252460036	-0.156341739587758	0.1095150253431862	-0.1219463708513848	0.15697733543035236	-0.16431130501400254	0.1401480131085078	-0.1796283819166257	0.12374761962126286	-0.30836780982791057	0.12222235446846412	-0.11776801596966423	0.10575951014933818	-0.10205009819179012	0.09521525046173354	-0.12349434719431485	0.10908231233512655	-0.09144710693711666	0.07752525253673848	-0.08016855333046614	0.1619779825991189	-0.09054234828818634	0.08662260272730347	-0.08381673299256141	0.11173949301728807	-0.08228715193655198	0.08055614338434175	-0.062481272868545656	0.07493865714935918
-0.20009522729413057	0.24412828371677464	-0.3906558328622293	0.18124611707137206	-0.14866471936394446	0.15255514310322454	-0.3528525670708705	1.0000000000000007	-0.5485005753687594	0.18839620209134128	-0.1678293400253629	0.2161152978026438	-0.4211153821494451	0.27626421299239956	-0.23315814684778105	0.1311994783564076	-0.21816498434367124	0.1305486438276361	-0.09926394450859856	0.11419672484898209	-0.11012597981739691	0.12207077345567381	-0.11705912095202982	0.14465568969046264	-0.11917178241755172	0.19664515798958784	-0.09658077587946945	0.09426613854559132	-0.08827900097545911	0.08400556864790282	-0.07606313644258103	0.09659793776879833	-0.08880277329433198	0.07453909725646095	-0.06474932391696109	0.06342059688121754	-0.1353957877355453	0.07324273292080485	-0.07199738806426925	0.06826338609874023	-0.09279627080452349	0.06748633413543341	-0.0663412031581338	0.051475078634200554	-0.0624817853851022
0.15403320717146277	-0.16744654520833785	0.17934104834438072	-0.21970157686088732	0.16355339001903527	-0.11618669871707916	0.20820518880324512	-0.5485005753687594	0.9999999999999993	-0.2916956491381158	0.12364655844285201	-0.18287465056732724	0.31027529484406796	-0.5756286620310388	0.2289515284257087	-0.11659621287037128	0.1676203492075506	-0.12849353437213176	0.09656538359682573	-0.11405272126233773	0.09558337401302129	-0.11038720506160267	0.10681626444884715	-0.14197354334408563	0.11180649227703582	-0.18661534063633514	0.08521337191586568	-0.08691087152566611	0.08010965361282396	-0.07805846649758733	0.06707997608955854	-0.08753469874513396	0.07990553956196318	-0.0678733020575268	0.058974530501298646	-0.05632645072949173	0.11733015381353487	-0.06558046828409202	0.06481761113646266	-0.06256455722765997	0.0807987053573086	-0.059366207581522404	0.058726250294902124	-0.04628125694085154	0.055892884949454436
-0.11699876094299731	0.10379948859949341	-0.1193364995869847	0.30381196822425377	-0.513319913646566	0.07867705382683525	-0.1470632126980587	0.18839620209134128	-0.2916956491381158	1.0000000000000009	-0.08634044396587652	0.10809382625534403	-0.15402928519897052	0.15461706357045674	-0.6759850574509657	0.08005547464721853	-0.11726517001234055	0.12035169909691676	-0.10461757235170337	0.15033701803342472	-0.06822923141181364	0.08735579201168306	-0.09954186709002674	0.13345480141947874	-0.14695191689767093	0.12910959598418983	-0.07056140151370492	0.07689433534952153	-0.07501882114024336	0.07388071795874634	-0.0569487618409591	0.07389494696737431	-0.07090034321016501	0.061304397858314284	-0.055817424842842946	0.04752446790039466	-0.10309421040510537	0.05714793044984073	-0.05956951754951488	0.05677692359681099	-0.07084705151895969	0.051738869630854195	-0.051887674707450454	0.04179605710157476	-0.051152811914792644
0.24772139225525594	-0.12500123718691084	0.11568770702394425	-0.09107116173249316	0.06566882081655136	-0.8010263003218729	0.2531664609157163	-0.1678293400253629	0.12364655844285201	-0.08634044396587652	0.9999999999999981	-0.29342886260938766	0.13744291251450305	-0.10605558411018605	0.10688041006246324	-0.2243553916266367	0.2117523619172664	-0.1059924848799176	0.07449606896748993	-0.08092932424156718	0.15448365557154564	-0.12175511446813134	0.10023709156461515	-0.12178092884310085	0.08379878887930248	-0.23907483528148307	0.09175774597063437	-0.08396542443359707	0.07572149039550781	-0.07189734308661949	0.07157199719037122	-0.08987259394379617	0.07928524668500775	-0.0656007528270389	0.055315024941737595	-0.05986281772596766	0.12162846307933024	-0.06622808350517387	0.06250904401671324	-0.0597687791000088	0.08371320005477903	-0.06115187592722172	0.059348102396545525	-0.04526211382954447	0.054376009793665914
-0.18665899939073344	0.1538356989830271	-0.15081147258658645	0.10988504794191506	-0.08148136282665264	0.21051279790730879	-0.40358488020814226	0.2161152978026438	-0.18287465056732724	0.10809382625534403	-0.29342886260938766	0.9999999999999978	-0.31936483934050036	0.18108378292524202	-0.13429765100159666	0.18815558668521706	-0.7011572638721351	0.1352361259770842	-0.0962045611464447	0.09716054781838937	-0.15245681006248574	0.15558794706254123	-0.12179219667373438	0.1387199076816977	-0.10141496645244774	0.21768796039135088	-0.11751275006568172	0.09727441602105064	-0.08695678780581895	0.0810140148405094	-0.07743277693704578	0.10389717477175832	-0.09253033418060669	0.0745465216197218	-0.06269562270295323	0.06450589460796002	-0.13403279400063667	0.0731852455336862	-0.07073812737808068	0.06679014586734527	-0.09136868180506677	0.06699660243264201	-0.06571905191942357	0.05060839384479213	-0.06095154342839905
0.14919804661396938	-0.14868987891098817	0.15417736162012668	-0.14349430294234136	0.10519098932269866	-0.12675495755977323	0.21219269851424455	-0.4211153821494451	0.31027529484406796	-0.15402928519897052	0.13744291251450305	-0.31936483934050036	0.9999999999999979	-0.7027049704141977	0.16690399131803324	-0.12488606379989965	0.21033722970110835	-0.1302153260660549	0.0938835730630505	-0.10118402137232652	0.10027254001542332	-0.11347855059333901	0.10378393517582941	-0.13347835097297578	0.10044039210152948	-0.1848298572570024	0.08591193357868472	-0.08406430893644061	0.07637787985879974	-0.07357037749367254	0.06506101170075825	-0.08582696765336638	0.0775510337727964	-0.065027360541705	0.05586555792727734	-0.05459470265892159	0.11310110469770827	-0.06309141428442264	0.061850933693457746	-0.059480955659844244	0.07775248251398072	-0.057172125573685326	0.05643153456116528	-0.044222751037573914	0.05330641410033659
-0.11695385757300894	0.11067421665204362	-0.121586883263382	0.1288755512243585	-0.10358608599629779	0.09409043417097618	-0.17116305603081436	0.27626421299239956	-0.5756286620310388	0.15461706357045674	-0.10605558411018605	0.18108378292524202	-0.7027049704141977	0.9999999999999976	-0.18091700341314393	0.09162863315295935	-0.16796473477326745	0.10186605859438154	-0.08131955957891147	0.08671727903612547	-0.07578131703686791	0.08600765766876824	-0.08269498828393508	0.10538018905682368	-0.08634441409967358	0.1351289153708817	-0.06688138266373726	0.0657358748711788	-0.06073691412889302	0.05832943089691888	-0.050783161825505414	0.06644539941984642	-0.060993120802042396	0.05119745838046281	-0.04446281417637975	0.04247737179655217	-0.0894162873156374	0.04942020760057718	-0.049021611568400826	0.046827944791815436	-0.06136055840979358	0.044951714884155926	-0.04446243777600243	0.03490933127855779	-0.04225986480936459
0.14831527681026913	-0.12931156046851833	0.13809774143216869	-0.3867795795612433	0.2710421759388794	-0.09877396404018723	0.1717252088141372	-0.23315814684778105	0.2289515284257087	-0.6759850574509657	0.10688041006246324	-0.13429765100159666	0.16690399131803324	-0.18091700341314393	0.9999999999999967	-0.10766961533162496	0.14435152894526398	-0.1913934248098797	0.15606920311450226	-0.28369354455428175	0.09100306792086059	-0.12094283621822667	0.13879391935771027	-0.20675690874958558	0.19857724442062077	-0.18073776912216688	0.09573258638929925	-0.10885896847718142	0.10332220593308497	-0.10555815025260722	0.07589550504791609	-0.10214441283297951	0.09717638326183234	-0.08505788965174557	0.0770747353545217	-0.06376588197421242	0.1353488301708497	-0.07773897351211576	0.08133049981979174	-0.0794802525764572	0.0933594076025804	-0.06896363264763043	0.0696470015631426	-0.057062897713320085	0.06931606669368341
-0.19577582930734774	0.09367688969974036	-0.0986282549608609	0.08055449833855753	-0.060847985165688456	0.1602613606278575	-0.20199880661387956	0.1311994783564076	-0.11659621287037128	0.08005547464721853	-0.2243553916266367	0.18815558668521706	-0.12488606379989965	0.09162863315295935	-0.10766961533162496	0.9999999999999951	-0.3078087832410915	0.11028969488169267	-0.0796515902835824	0.08356465537041069	-0.7962565171711868	0.1699233637675015	-0.12477829322593544	0.1266648881063614	-0.09084391544498843	0.2896162225750107	-0.13438246275968935	0.10078097089059017	-0.0915867266581733	0.082279270043726	-0.09666914844639295	0.1136280499564831	-0.10088228560854423	0.07907649686107864	-0.0657303848135871	0.07784733012597703	-0.16432627840422068	0.08250591716140805	-0.07641877127682722	0.07007350667483858	-0.11183566733195194	0.07967435839724767	-0.0758535652833756	0.05545398609576531	-0.06706755718362555
0.19772664814141222	-0.1407880354513649	0.13427748851418247	-0.11935381952078125	0.08598681248921101	-0.19529582837113807	0.26484595252460036	-0.21816498434367124	0.1676203492075506	-0.11726517001234055	0.2117523619172664	-0.7011572638721351	0.21033722970110835	-0.16796473477326745	0.14435152894526398	-0.3078087832410915	0.9999999999999982	-0.1943941098002265	0.12443647062014954	-0.12347599050343515	0.20139593198445377	-0.24736105617215495	0.15853986706377984	-0.18305829293374046	0.12622755607142294	-0.3020264363532079	0.15626153127039505	-0.12855344438304775	0.11122102034087052	-0.10409940436337782	0.09899696948448299	-0.13960392005570832	0.1201268714712412	-0.09635507589153286	0.07993967793240085	-0.08296280790917213	0.16770739160382567	-0.0937200049168782	0.09008422145511798	-0.08567439713866241	0.11454461121909182	-0.08475628017672814	0.08329106507821715	-0.06447374273517624	0.07720238273903633
-0.14585470770831419	0.08229452756532805	-0.08908092711919924	0.10760337300558384	-0.08302084960216281	0.0923238832930247	-0.156341739587758	0.1305486438276361	-0.12849353437213176	0.12035169909691676	-0.1059924848799176	0.1352361259770842	-0.1302153260660549	0.10186605859438154	-0.1913934248098797	0.11028969488169267	-0.1943941098002265	0.9999999999999952	-0.7146421935001459	0.27775556241646066	-0.09844314627005125	0.1650714023787494	-0.3284425969217746	0.296024571294996	-0.31913931688441693	0.1693014017685857	-0.14012025208860748	0.17667572359679598	-0.16156069794684022	0.14334261448076654	-0.10606340232461012	0.14476861935909927	-0.15438932268172034	0.1249804379998781	-0.11192522738492486	0.08758511378770813	-0.1981170359948893	0.10956217455744892	-0.12011845237535781	0.10956386702661892	-0.13473806013588657	0.09820416692597939	-0.10083948522536762	0.08211568475973945	-0.10124265705558062
0.10324851567355343	-0.0606074517139083	0.06513503238557562	-0.08965368996508825	0.06697630214432415	-0.06573223812372454	0.1095150253431862	-0.09926394450859856	0.09656538359682573	-0.10461757235170337	0.07449606896748993	-0.0962045611464447	0.0938835730630505	-0.08131955957891147	0.15606920311450226	-0.0796515902835824	0.12443647062014954	-0.7146421935001459	0.9999999999999962	-0.47642411304974763	0.07016158487450701	-0.12084266140498061	0.20771355688416618	-0.38144132893281785	0.2827195658356243	-0.12471079175183798	0.09925599698739018	-0.130878873550121	0.11907726549882656	-0.1141963140315343	0.07406817183683012	-0.10515941691312414	0.10944493279072426	-0.09248831938708671	0.08431726858755949	-0.061659990042405965	0.136585269378849	-0.07856949127295113	0.08754822994088536	-0.0825033961718433	0.09338061435338488	-0.06886514490425635	0.07131561718630415	-0.05970337358845381	0.07319688402727795
-0.11504774235064431	0.06976440113184842	-0.075715131525941	0.12037909238919041	-0.09200942214094038	0.07147664319364534	-0.1219463708513848	0.11419672484898209	-0.11405272126233773	0.15033701803342472	-0.08092932424156718	0.09716054781838937	-0.10118402137232652	0.08671727903612547	-0.28369354455428175	0.08356465537041069	-0.12347599050343515	0.27775556241646066	-0.47642411304974763	0.9999999999999947	-0.07424282545035982	0.12106538888019572	-0.1912280577710239	0.28069934268300906	-0.7008194284621219	0.13480151698227363	-0.10259054409676872	0.1283471214471187	-0.13646676515660947	0.14292596471648047	-0.08033003459287298	0.10959067905053915	-0.11506537710575244	0.10275367713312873	-0.10423600623221219	0.06675782971770376	-0.14924920129376076	0.08550032932769219	-0.10047534992390578	0.09505316806989834	-0.10245754574426154	0.0752991101496557	-0.0783943017724216	0.06752735205557067	-0.0839940155961069
0.15850986308323406	-0.07640006086932033	0.07960918289931147	-0.06864712196379784	0.051333720748801014	-0.13109805915358894	0.15697733543035236	-0.11012597981739691	0.09558337401302129	-0.06822923141181364	0.15448365557154564	-0.15245681006248574	0.10027254001542332	-0.07578131703686791	0.09100306792086059	-0.7962565171711868	0.20139593198445377	-0.09844314627005125	0.07016158487450701	-0.07424282545035982	0.9999999999999949	-0.19397028621717158	0.11455100017479589	-0.11597178139764483	0.08011005342082898	-0.4610434759195244	0.13018703498613826	-0.09411023121946897	0.08305070904096538	-0.07488919924548566	0.0915250609866053	-0.10899522632684587	0.093248868010845	-0.07250849759264609	0.05944725205181689	-0.07446411101985792	0.14588983463670296	-0.07517979353796375	0.06906868657151367	-0.0637247872227026	0.09981058575274382	-0.07192046916368719	0.06828734159648206	-0.05013041226702289	0.06025204917305907
-0.15622314827688746	0.08144942947780563	-0.08650952458707488	0.0850597355366288	-0.06370738095666643	0.10410049288295951	-0.16431130501400254	0.12207077345567381	-0.11038720506160267	0.08735579201168306	-0.12175511446813134	0.15558794706254123	-0.11347855059333901	0.08600765766876824	-0.12094283621822667	0.1699233637675015	-0.24736105617215495	0.1650714023787494	-0.12084266140498061	0.12106538888019572	-0.19397028621717158	0.9999999999999941	-0.3521514061436528	0.2103793626263574	-0.1378113685834604	0.22286191666019636	-0.6979401179972472	0.22856668883319636	-0.17965228923744073	0.14611635596898284	-0.15289488207880508	0.2853314808291255	-0.244045990656872	0.15631350972363503	-0.11939402021156544	0.12416593354976702	-0.2682278016133292	0.14421606501987566	-0.1421945372449642	0.12484623538788032	-0.17082172068540358	0.12879856352282154	-0.12906383965352852	0.09812121940884562	-0.11723116669043444
0.14138309750485914	-0.07440370554836617	0.0793623098005368	-0.09362191275661066	0.06907410299386745	-0.08820008692296753	0.1401480131085078	-0.11705912095202982	0.10681626444884715	-0.09954186709002674	0.10023709156461515	-0.12179219667373438	0.10378393517582941	-0.08269498828393508	0.13879391935771027	-0.12477829322593544	0.15853986706377984	-0.3284425969217746	0.20771355688416618	-0.1912280577710239	0.11455100017479589	-0.3521514061436528	0.9999999999999934	-0.4771767611922738	0.20924303135192795	-0.1976699588621745	0.22780336010572738	-0.5553215471937931	0.22815074619803902	-0.19322555070693093	0.1273180010048791	-0.2519521375460834	0.25821196703807503	-0.1923197765171962	0.14179135340420657	-0.10902562616750172	0.22121284907149605	-0.14996569931224427	0.15710305327974938	-0.14972966465394694	0.15095070334913646	-0.11791626601325939	0.12664632664376158	-0.1073164460704226	0.12543695185377396
-0.17808637484599388	0.09347850132603047	-0.10198183986841758	0.12126490660738465	-0.09321803658658274	0.10597610003877066	-0.1796283819166257	0.14465568969046264	-0.14197354334408563	0.13345480141947874	-0.12178092884310085	0.1387199076816977	-0.13347835097297578	0.10538018905682368	-0.20675690874958558	0.1266648881063614	-0.18305829293374046	0.296024571294996	-0.38144132893281785	0.28069934268300906	-0.11597178139764483	0.2103793626263574	-0.4771767611922738	0.9999999999999929	-0.4685820891053932	0.20355965097818657	-0.18427829182046482	0.2391413099146337	-0.23439747790007673	0.19432001468730847	-0.14083796464881568	0.19157315083172607	-0.21125218624478143	0.17166324528284418	-0.15232796495143242	0.1159570862062809	-0.2657130122185738	0.14654389257106784	-0.16402595465340927	0.14788824174780943	-0.1803678929949472	0.13124816612338103	-0.1356069994502577	0.11112239047311044	-0.13717138256317535
0.11972712540205063	-0.07208689273219641	0.0772326218271145	-0.12474981730811624	0.08917164184123959	-0.07453781049309699	0.12374761962126286	-0.11917178241755172	0.11180649227703582	-0.14695191689767093	0.08379878887930248	-0.10141496645244774	0.10044039210152948	-0.08634441409967358	0.19857724442062077	-0.09084391544498843	0.12622755607142294	-0.31913931688441693	0.2827195658356243	-0.7008194284621219	0.08011005342082898	-0.1378113685834604	0.20924303135192795	-0.4685820891053932	0.9999999999999909	-0.14922710715780063	0.11316568463972047	-0.15129583626396076	0.16033126575822249	-0.21310741643966769	0.08542045133609305	-0.12413606213836174	0.12865045446483392	-0.12162738734419679	0.12701658510629638	-0.07174857721983592	0.15597714059233098	-0.09514375010011565	0.11554355199839195	-0.11680975115056076	0.10782649672568274	-0.08077504842060851	0.08554436927673867	-0.07733332286666555	0.09513641897937676
-0.3487150839094323	0.14248317315875184	-0.15602632881241335	0.12855991711083078	-0.09913783480762851	0.19335749736001315	-0.30836780982791057	0.19664515798958784	-0.18661534063633514	0.12910959598418983	-0.23907483528148307	0.21768796039135088	-0.1848298572570024	0.1351289153708817	-0.18073776912216688	0.2896162225750107	-0.3020264363532079	0.1693014017685857	-0.12471079175183798	0.13480151698227363	-0.4610434759195244	0.22286191666019636	-0.1976699588621745	0.20355965097818657	-0.14922710715780063	0.9999999999999888	-0.20124900090851638	0.16580352190286818	-0.15738777431604803	0.14078565004156898	-0.21966203806984036	0.19103904090663887	-0.1706892069582494	0.1362507327928966	-0.11442437040907029	0.16298486904647463	-0.32913568761786827	0.15349391227845208	-0.13517418429873748	0.12239645271467232	-0.22790270361713152	0.15726491638665457	-0.14422026147618472	0.10025297764675696	-0.12168742097119202
0.1227671273736846	-0.06291552922925424	0.06632505623878653	-0.0688316217547027	0.05082619087471754	-0.0803940047121044	0.12222235446846412	-0.09658077587946945	0.08521337191586568	-0.07056140151370492	0.09175774597063437	-0.11751275006568172	0.08591193357868472	-0.06688138266373726	0.09573258638929925	-0.13438246275968935	0.15626153127039505	-0.14012025208860748	0.09925599698739018	-0.10259054409676872	0.13018703498613826	-0.6979401179972472	0.22780336010572738	-0.18427829182046482	0.11316568463972047	-0.20124900090851638	0.9999999999999927	-0.2419597396843037	0.15896024715172247	-0.13537741927682265	0.13917164590842412	-0.5264212351222272	0.23853258101236435	-0.1533003322267899	0.1064851369427628	-0.1200329734821776	0.21903538973221778	-0.13471426009198925	0.1257963020689299	-0.11495723076632426	0.1401387815571422	-0.11285305060594898	0.11268753431987419	-0.08773530097732787	0.10140456111490742
-0.12104304801077889	0.06106211361613682	-0.06555473526543917	0.07316216164374686	-0.05460780484039886	0.07332172939974721	-0.11776801596966423	0.09426613854559132	-0.08691087152566611	0.07689433534952153	-0.08396542443359707	0.09727441602105064	-0.08406430893644061	0.0657358748711788	-0.10885896847718142	0.10078097089059017	-0.12855344438304775	0.17667572359679598	-0.130878873550121	0.1283471214471187	-0.09411023121946897	0.22856668883319636	-0.5553215471937931	0.2391413099146337	-0.15129583626396076	0.16580352190286818	-0.2419597396843037	0.9999999999999892	-0.3849206522027609	0.2085753775709546	-0.13217530577915812	0.26231620612281353	-0.5361895773330343	0.2451105680877123	-0.16532250823033676	0.11024348394865727	-0.23298449140667318	0.16438586137601444	-0.19294980992252408	0.16436077211777103	-0.15798674756253234	0.12340157011528574	-0.1438489624665772	0.1219475763619507	-0.14344232701619558
0.11140906142794814	-0.056231763198339176	0.060122671833414666	-0.07121750052954177	0.052284965202999	-0.06668993672020476	0.10575951014933818	-0.08827900097545911	0.08010965361282396	-0.07501882114024336	0.07572149039550781	-0.08695678780581895	0.07637787985879974	-0.06073691412889302	0.10332220593308497	-0.0915867266581733	0.11122102034087052	-0.16156069794684022	0.11907726549882656	-0.13646676515660947	0.08305070904096538	-0.17965228923744073	0.22815074619803902	-0.23439747790007673	0.16033126575822249	-0.15738777431604803	0.15896024715172247	-0.3849206522027609	0.9999999999999896	-0.5400329847191333	0.10931580134252224	-0.2079320941921651	0.25809772894885247	-0.5298169920571337	0.27213820472875966	-0.09487935543278248	0.1923916599421276	-0.16140414766485767	0.26439228740626725	-0.28448624373746356	0.1379942865029802	-0.1127657006585717	0.13640377260803999	-0.1670023064887968	0.18171660820160873
-0.10715351184599571	0.05388662955619846	-0.05803185073598358	0.06914371450148007	-0.05143637988165289	0.06305860404546802	-0.10205009819179012	0.08400556864790282	-0.07805846649758733	0.07388071795874634	-0.07189734308661949	0.0810140148405094	-0.07357037749367254	0.05832943089691888	-0.10555815025260722	0.082279270043726	-0.10409940436337782	0.14334261448076654	-0.1141963140315343	0.14292596471648047	-0.07488919924548566	0.14611635596898284	-0.19322555070693093	0.19432001468730847	-0.21310741643966769	0.14078565004156898	-0.13537741927682265	0.2085753775709546	-0.5400329847191333	0.9999999999999877	-0.10351240847828747	0.16189766145344883	-0.20159850954003466	0.27993428029707806	-0.6015404080048095	0.08814335407461753	-0.1901579574840339	0.14402423710834295	-0.2880932767821863	0.2900579420687115	-0.13784104849559842	0.1086232316433336	-0.13327122433116056	0.1653727329766873	-0.2195879937969044
0.10705724057186422	-0.049403371844420056	0.05259758153055825	-0.05608613226407766	0.04102391981481109	-0.06256731104581849	0.09521525046173354	-0.07606313644258103	0.06707997608955854	-0.0569487618409591	0.07157199719037122	-0.07743277693704578	0.06506101170075825	-0.050783161825505414	0.07589550504791609	-0.09666914844639295	0.09899696948448299	-0.10606340232461012	0.07406817183683012	-0.08033003459287298	0.0915250609866053	-0.15289488207880508	0.1273180010048791	-0.14083796464881568	0.08542045133609305	-0.21966203806984036	0.13917164590842412	-0.13217530577915812	0.10931580134252224	-0.10351240847828747	0.9999999999999889	-0.23663964617270994	0.14319482889993979	-0.10665681132547235	0.08038453160425318	-0.8512960367359996	0.23799363529765344	-0.1515351827798019	0.09627087474837188	-0.09209568366240499	0.22094170306995134	-0.1800576325194531	0.12255173568346331	-0.07706189476038647	0.08531028251489571
-0.12820662962400997	0.06319731049612684	-0.06757729342582296	0.07161485468479253	-0.05321792584096512	0.07818287777271166	-0.12349434719431485	0.09659793776879833	-0.08753469874513396	0.07389494696737431	-0.08987259394379617	0.10389717477175832	-0.08582696765336638	0.06644539941984642	-0.10214441283297951	0.1136280499564831	-0.13960392005570832	0.14476861935909927	-0.10515941691312414	0.10959067905053915	-0.10899522632684587	0.2853314808291255	-0.2519521375460834	0.19157315083172607	-0.12413606213836174	0.19103904090663887	-0.5264212351222272	0.26231620612281353	-0.2079320941921651	0.16189766145344883	-0.23663964617270994	0.9999999999999848	-0.5367547569701232	0.20356861978159949	-0.13686841663449895	0.1738575138875513	-0.36251340146091526	0.1808527556071602	-0.1719418113864715	0.1428336023326789	-0.19507610058265823	0.15762420738452987	-0.15644762640886126	0.11470171412217363	-0.1335180006812245
0.11433630598986767	-0.057131861535203346	0.0609019411811913	-0.06822795969817545	0.05023881714536177	-0.06961789850006352	0.10908231233512655	-0.08880277329433198	0.07990553956196318	-0.07090034321016501	0.07928524668500775	-0.09253033418060669	0.0775510337727964	-0.060993120802042396	0.09717638326183234	-0.10088228560854423	0.1201268714712412	-0.15438932268172034	0.10944493279072426	-0.11506537710575244	0.093248868010845	-0.244045990656872	0.25821196703807503	-0.21125218624478143	0.12865045446483392	-0.1706892069582494	0.23853258101236435	-0.5361895773330343	0.25809772894885247	-0.20159850954003466	0.14319482889993979	-0.5367547569701232	0.9999999999999859	-0.3800208381921456	0.1640895917545187	-0.12496846879467056	0.23398333707904126	-0.23298360819828784	0.20594202370856793	-0.17550426575853795	0.15975373179258995	-0.13454961372255256	0.1647257957816522	-0.13417248255519132	0.14726177774169313
-0.09676968250137614	0.04795834755034888	-0.05137423834798398	0.05860572344796108	-0.043304180072113	0.05755437633947315	-0.09144710693711666	0.07453909725646095	-0.0678733020575268	0.061304397858314284	-0.0656007528270389	0.0745465216197218	-0.065027360541705	0.05119745838046281	-0.08505788965174557	0.07907649686107864	-0.09635507589153286	0.1249804379998781	-0.09248831938708671	0.10275367713312873	-0.07250849759264609	0.15631350972363503	-0.1923197765171962	0.17166324528284418	-0.12162738734419679	0.1362507327928966	-0.1533003322267899	0.2451105680877123	-0.5298169920571337	0.27993428029707806	-0.10665681132547235	0.20356861978159949	-0.3800208381921456	0.9999999999999886	-0.3246340978140821	0.0913332133792575	-0.18960544095502138	0.1644867855267681	-0.539778684697845	0.27202967951756923	-0.1368237560906972	0.11278670534126459	-0.14807589145859026	0.20322553909875493	-0.22939170496789407
0.08231375441013422	-0.04126248843816411	0.04419317044659321	-0.05282715128741398	0.03879741482880968	-0.048701262830056116	0.07752525253673848	-0.06474932391696109	0.058974530501298646	-0.055817424842842946	0.055315024941737595	-0.06269562270295323	0.05586555792727734	-0.04446281417637975	0.0770747353545217	-0.0657303848135871	0.07993967793240085	-0.11192522738492486	0.08431726858755949	-0.10423600623221219	0.05944725205181689	-0.11939402021156544	0.14179135340420657	-0.15232796495143242	0.12701658510629638	-0.11442437040907029	0.1064851369427628	-0.16532250823033676	0.27213820472875966	-0.6015404080048095	0.08038453160425318	-0.13686841663449895	0.1640895917545187	-0.3246340978140821	0.9999999999999859	-0.06988579383986654	0.14462580834354288	-0.12719829179399564	0.2620112196608904	-0.617317809057148	0.10685804886530227	-0.08827976343995872	0.11241994882994971	-0.16630103768419757	0.19934714139353998
-0.08991912042954736	0.04137005624317245	-0.04415323752008907	0.04674101888963185	-0.034318829042559444	0.0521851201408806	-0.08016855333046614	0.06342059688121754	-0.05632645072949173	0.04752446790039466	-0.05986281772596766	0.06450589460796002	-0.05459470265892159	0.04247737179655217	-0.06376588197421242	0.07784733012597703	-0.08296280790917213	0.08758511378770813	-0.061659990042405965	0.06675782971770376	-0.07446411101985792	0.12416593354976702	-0.10902562616750172	0.1159570862062809	-0.07174857721983592	0.16298486904647463	-0.1200329734821776	0.11024348394865727	-0.09487935543278248	0.08814335407461753	-0.8512960367359996	0.1738575138875513	-0.12496846879467056	0.0913332133792575	-0.06988579383986654	0.9999999999999835	-0.2970508122037997	0.14115615219514244	-0.08569521254652414	0.07980796931013136	-0.3151704221682694	0.18695292292340665	-0.12309656984785222	0.07034589761399193	-0.07807551799111727
0.18535752531631625	-0.08618241652837039	0.09123086708188034	-0.10172983675642112	0.07357579280239318	-0.10790429933274168	0.1619779825991189	-0.1353957877355453	0.11733015381353487	-0.10309421040510537	0.12162846307933024	-0.13403279400063667	0.11310110469770827	-0.0894162873156374	0.1353488301708497	-0.16432627840422068	0.16770739160382567	-0.1981170359948893	0.136585269378849	-0.14924920129376076	0.14588983463670296	-0.2682278016133292	0.22121284907149605	-0.2657130122185738	0.15597714059233098	-0.32913568761786827	0.21903538973221778	-0.23298449140667318	0.1923916599421276	-0.1901579574840339	0.23799363529765344	-0.36251340146091526	0.23398333707904126	-0.18960544095502138	0.14462580834354288	-0.2970508122037997	0.9999999999999841	-0.33007555321521936	0.17240538086893745	-0.1698010284217425	0.30310828565317827	-0.429569520304243	0.2428571949486429	-0.14475800204216938	0.15601827203585658
-0.09988667378476217	0.04729167439006786	-0.050519565704630384	0.05562875443467794	-0.040912984693721954	0.0581674813244953	-0.09054234828818634	0.07324273292080485	-0.06558046828409202	0.05714793044984073	-0.06622808350517387	0.0731852455336862	-0.06309141428442264	0.04942020760057718	-0.07773897351211576	0.08250591716140805	-0.0937200049168782	0.10956217455744892	-0.07856949127295113	0.08550032932769219	-0.07517979353796375	0.14421606501987566	-0.14996569931224427	0.14654389257106784	-0.09514375010011565	0.15349391227845208	-0.13471426009198925	0.16438586137601444	-0.16140414766485767	0.14402423710834295	-0.1515351827798019	0.1808527556071602	-0.23298360819828784	0.1644867855267681	-0.12719829179399564	0.14115615219514244	-0.33007555321521936	0.9999999999999829	-0.1974168530276061	0.15357131599770357	-0.31397250577585645	0.27417459983498665	-0.7604755056253616	0.2031438680260458	-0.2253257015944911
0.09316077219864775	-0.04595127010161431	0.049078034101459875	-0.05712684906099461	0.04185492560352056	-0.05509747185905295	0.08662260272730347	-0.07199738806426925	0.06481761113646266	-0.05956951754951488	0.06250904401671324	-0.07073812737808068	0.061850933693457746	-0.049021611568400826	0.08133049981979174	-0.07641877127682722	0.09008422145511798	-0.12011845237535781	0.08754822994088536	-0.10047534992390578	0.06906868657151367	-0.1421945372449642	0.15710305327974938	-0.16402595465340927	0.11554355199839195	-0.13517418429873748	0.1257963020689299	-0.19294980992252408	0.26439228740626725	-0.2880932767821863	0.09627087474837188	-0.1719418113864715	0.20594202370856793	-0.539778684697845	0.2620112196608904	-0.08569521254652414	0.17240538086893745	-0.1974168530276061	0.999999999999984	-0.48171114934539083	0.133308518510676	-0.11965731535745004	0.17064499207270434	-0.44761633807572143	0.29184794717761137
-0.08969118906895832	0.04396441249765993	-0.0472261406926176	0.05415295010465361	-0.04014015156934496	0.052451514914809615	-0.08381673299256141	0.06826338609874023	-0.06256455722765997	0.05677692359681099	-0.0597687791000088	0.06679014586734527	-0.059480955659844244	0.046827944791815436	-0.0794802525764572	0.07007350667483858	-0.08567439713866241	0.10956386702661892	-0.0825033961718433	0.09505316806989834	-0.0637247872227026	0.12484623538788032	-0.14972966465394694	0.14788824174780943	-0.11680975115056076	0.12239645271467232	-0.11495723076632426	0.16436077211777103	-0.28448624373746356	0.2900579420687115	-0.09209568366240499	0.1428336023326789	-0.17550426575853795	0.27202967951756923	-0.617317809057148	0.07980796931013136	-0.1698010284217425	0.15357131599770357	-0.48171114934539083	0.9999999999999828	-0.12911304672969875	0.10690802119444762	-0.14660437113813293	0.24514064874054528	-0.3832326349184456
0.12799639554873174	-0.05924801620632618	0.0628327283217388	-0.06984001625857789	0.0506153370139	-0.07409559920555804	0.11173949301728807	-0.09279627080452349	0.0807987053573086	-0.07084705151895969	0.08371320005477903	-0.09136868180506677	0.07775248251398072	-0.06136055840979358	0.0933594076025804	-0.11183566733195194	0.11454461121909182	-0.13473806013588657	0.09338061435338488	-0.10245754574426154	0.09981058575274382	-0.17082172068540358	0.15095070334913646	-0.1803678929949472	0.10782649672568274	-0.22790270361713152	0.1401387815571422	-0.15798674756253234	0.1379942865029802	-0.13784104849559842	0.22094170306995134	-0.19507610058265823	0.15975373179258995	-0.1368237560906972	0.10685804886530227	-0.3151704221682694	0.30310828565317827	-0.31397250577585645	0.133308518510676	-0.12911304672969875	0.9999999999999826	-0.711211205882847	0.2547608953439138	-0.12681427575535065	0.12954647908786146
-0.09296063879318692	0.043318945432130544	-0.04606774477178363	0.05080667994204059	-0.03703270387055474	0.0539333264025545	-0.08228715193655198	0.06748633413543341	-0.059366207581522404	0.051738869630854195	-0.06115187592722172	0.06699660243264201	-0.057172125573685326	0.044951714884155926	-0.06896363264763043	0.07967435839724767	-0.08475628017672814	0.09820416692597939	-0.06886514490425635	0.0752991101496557	-0.07192046916368719	0.12879856352282154	-0.11791626601325939	0.13124816612338103	-0.08077504842060851	0.15726491638665457	-0.11285305060594898	0.12340157011528574	-0.1127657006585717	0.1086232316433336	-0.1800576325194531	0.15762420738452987	-0.13454961372255256	0.11278670534126459	-0.08827976343995872	0.18695292292340665	-0.429569520304243	0.27417459983498665	-0.11965731535745004	0.10690802119444762	-0.711211205882847	0.9999999999999822	-0.41712711502619637	0.12445455277920703	-0.1283824745663383
0.0897847589240999	-0.042505134284697724	0.0452509198457419	-0.0506384325988686	0.03696799570858146	-0.05235841370580385	0.08055614338434175	-0.0663412031581338	0.058726250294902124	-0.051887674707450454	0.059348102396545525	-0.06571905191942357	0.05643153456116528	-0.04446243777600243	0.0696470015631426	-0.0758535652833756	0.08329106507821715	-0.10083948522536762	0.07131561718630415	-0.0783943017724216	0.06828734159648206	-0.12906383965352852	0.12664632664376158	-0.1356069994502577	0.08554436927673867	-0.14422026147618472	0.11268753431987419	-0.1438489624665772	0.13640377260803999	-0.13327122433116056	0.12255173568346331	-0.15644762640886126	0.1647257957816522	-0.14807589145859026	0.11241994882994971	-0.12309656984785222	0.2428571949486429	-0.7604755056253616	0.17064499207270434	-0.14660437113813293	0.2547608953439138	-0.41712711502619637	0.999999999999982	-0.2688951459359915	0.19966470462784475
