0.9999999999999999	-0.3533699796356441	0.26334389149651827	-0.4145080307808079	0.06825556636249017	-0.44562533622371486	0.2658559475173123	-0.20141048842874681	0.19471987535551935	-0.07121116928966122	0.26179730449072136	-0.24216549837253573	0.23924133781153636	-0.19001987475073295	0.08663458260501801	-0.1618290053309875	0.18398681742572728	-0.245630842865359	0.23723492669751095	-0.08903160974279421	0.1399611484953167	-0.17707133453070667	0.23196055377787594	-0.11535106584755123	0.13164499605584246	-0.16926903728910725	0.16867923488639505	-0.16597312069453857	0.1303854977059528	-0.19741714107105293	0.13609712156562567	-0.1349832290514329	0.12573295501814563	-0.10979704526852996	0.10675685731156537	-0.0674548275521893	0.10916424270693445	-0.11433147393721892	0.09200822421188973	-0.0875479830454183	0.07718288899346945	-0.09069878238505082	0.1261757775465796	-0.07738231491182375	0.11177098985118397
-0.3533699796356441	1.0	-0.7050076737982994	0.27571529095635056	-0.0485251291814927	0.2720138632537657	-0.46318916129820387	0.18396224204888367	-0.16505194201729753	0.04865981077866844	-0.1972595049510024	0.19845688246391546	-0.2053852411995784	0.13761428824384286	-0.06156859209592097	0.10462019065339428	-0.1391538930773103	0.15741964359690164	-0.17113453084974922	0.06147227999428484	-0.09196023416625453	0.1149479353054091	-0.14746773395503399	0.07189005353256202	-0.08225740996985632	0.1014335107880427	-0.1085129778004347	0.09855475594036445	-0.07795521486033913	0.11158318022650555	-0.08362481671834865	0.08143096178673222	-0.07533935180359537	0.06442954426484851	-0.0627708151285248	0.04009696722788404	-0.06533472578192326	0.06743228270753929	-0.05431073358241642	0.051212148498691205	-0.045972213824625664	0.05378897259508129	-0.07491354205963133	0.04563399821018855	-0.06604785060580527
0.26334389149651827	-0.7050076737982994	0.9999999999999998	-0.49074428284356386	0.06313700398420355	-0.2893674780455962	0.2675764066973818	-0.2236249302129094	0.18559682038568048	-0.06435967394379412	0.1858706719342174	-0.19508524055708706	0.21073732869071682	-0.157269262217913	0.06811351307515072	-0.10591143757604775	0.13332403092667525	-0.16630128355330961	0.17939487475516433	-0.06872419325369922	0.09198540911017442	-0.11720070745739324	0.14921027974326795	-0.07450112958585983	0.08484615301593604	-0.10434298761903149	0.10929126789462995	-0.10190493084081298	0.08054452871874965	-0.11665243729101706	0.08506675266844564	-0.08346396505099621	0.07721196097362891	-0.06654571511590623	0.06454966470177519	-0.04105670583089138	0.06673905998771568	-0.06939552493294311	0.05591036905586502	-0.05277324935255425	0.046983343772135804	-0.05511188552260126	0.07658278758846607	-0.046756109016380436	0.06754556655666047
-0.4145080307808079	0.27571529095635056	-0.49074428284356386	0.9999999999999997	-0.14077001978257436	0.26727156479468667	-0.26055825325323206	0.26194015115121827	-0.3753891500457521	0.12217337582617245	-0.25899711979154383	0.21052234285032956	-0.3544039627282889	0.2492672622337965	-0.12001179196176677	0.14264294791554566	-0.1730339614420581	0.22202354069786973	-0.3282047868131224	0.11502793985581154	-0.12832981841631128	0.15908994735937984	-0.22752605105789706	0.11698150257311976	-0.1353226770771486	0.14536315344316733	-0.15642708594340546	0.1483445677469118	-0.12090173107402677	0.16900878327485708	-0.12336286486713963	0.12006233681241515	-0.11427547071692638	0.09856089462670259	-0.09717059656175478	0.060840866000678284	-0.09962705348975018	0.10227624327087007	-0.0833740016196116	0.07863852460299094	-0.07036990226581714	0.0818800437073359	-0.11574793313164826	0.07036125213798038	-0.1025949792960055
0.06825556636249017	-0.0485251291814927	0.06313700398420355	-0.14077001978257436	0.9999999999999996	-0.054653736392771116	0.04840970364738716	-0.06788190235628737	0.09307935516707123	-0.9734018492426222	0.049468348757191305	-0.043051225419026284	0.07407313590493	-0.0798005911093616	0.08614510402197259	-0.0292711685608005	0.03554994268217851	-0.049739351761622246	0.07631780713600121	-0.08738473871913859	0.02594428049528535	-0.033063333232850455	0.045790097099052095	-0.025897746217392586	0.029330522278595964	-0.030150452831211778	0.031941388984855094	-0.031439778293179135	0.0257113576966611	-0.03671378455163876	0.02504528887319764	-0.024719220002605753	0.023464298689123985	-0.02065042687388838	0.019946199537284597	-0.012341992391221808	0.0201079582945803	-0.021134325232551536	0.017265912360564926	-0.016254862311616453	0.01417388584099819	-0.016626918265434488	0.023276556910021853	-0.014227957650316403	0.020588018180701148
-0.44562533622371486	0.2720138632537657	-0.2893674780455962	0.26727156479468667	-0.054653736392771116	1.0000000000000002	-0.5901823173887921	0.2174052939466797	-0.20191272112440262	0.05528356779434306	-0.388512446705621	0.2799841347190224	-0.28199520805928874	0.17784101828988294	-0.08192902170594119	0.16792609349060517	-0.21041403098948816	0.22761234667569447	-0.23959269405713976	0.08173343075254816	-0.14954721827487236	0.17471462353348877	-0.22988571492302964	0.10726796006893081	-0.12359448096174643	0.15711625330601836	-0.16880445758460166	0.14907781895994868	-0.11778371583609917	0.16578600191214646	-0.13146594805575917	0.12571016786237402	-0.11624552245665544	0.09795794862823412	-0.09631036120906857	0.06218505569430578	-0.10165707977938028	0.10338655967664596	-0.0830979350568627	0.07831062631799388	-0.0715443179945456	0.08327871736348551	-0.11645307125218157	0.07065295222956428	-0.1026254478832555
0.2658559475173123	-0.46318916129820387	0.2675764066973818	-0.26055825325323206	0.04840970364738716	-0.5901823173887921	0.9999999999999993	-0.2738113671790882	0.18320803627850668	-0.04959333261652127	0.2594424216651589	-0.4291621485011812	0.23019719123791735	-0.15840522030194326	0.06764406541262381	-0.13738747066090443	0.19904524952298125	-0.20989129195475062	0.1881721097512195	-0.06849188814010321	0.11730006498345118	-0.15275263906088518	0.17581936827710706	-0.08352986650451515	0.09478583541165495	-0.1256609142093997	0.13543201521847542	-0.11821376006047278	0.09184787230436028	-0.13131761748966075	0.10165645980781852	-0.09909772486622222	0.08965770479665292	-0.07602398557945318	0.0733798626196342	-0.04756243723733478	0.07731741995710682	-0.08000927932473294	0.06396064053690252	-0.06013206870364276	0.05419224955168369	-0.06364638792620558	0.08769829954453706	-0.05343959084917538	0.07694815816818609
-0.20141048842874681	0.18396224204888367	-0.2236249302129094	0.26194015115121827	-0.06788190235628737	0.2174052939466797	-0.2738113671790882	1.0000000000000002	-0.5755746544113012	0.06877040720714651	-0.17105972353412582	0.1686959169464275	-0.6405023923897909	0.2746785390716334	-0.09815467895450822	0.09902988771033283	-0.12751177573001307	0.16864110345112218	-0.23475830265426148	0.09641646653752645	-0.08676308099221619	0.11115369028480032	-0.14523348036858277	0.07877341504315599	-0.08837785947875375	0.09901426417714719	-0.10495679580647711	0.10020619521322577	-0.08055274409663854	0.11603245470701751	-0.0810701280919783	0.07994490297591389	-0.0746148791383783	0.06518813803059613	-0.06260874451647391	0.03925511461278965	-0.06379934862386726	0.06714143635050776	-0.05445025921759065	0.05123830935343692	-0.04486440879723284	0.05277374628037108	-0.07325687829986899	0.044810264005094455	-0.0645787538402724
0.19471987535551935	-0.16505194201729753	0.18559682038568048	-0.3753891500457521	0.09307935516707123	-0.20191272112440262	0.18320803627850668	-0.5755746544113012	0.9999999999999996	-0.1025070777607115	0.1616109301700689	-0.15632642488836407	0.31548865380597463	-0.5689847771495689	0.12960602271118646	-0.09922721409964746	0.12333520424036322	-0.17951868478722466	0.2639543015117189	-0.1324778086115275	0.08657994994647059	-0.1124670260603864	0.14793793601260288	-0.08504950346460663	0.09355137409972895	-0.10132611577944604	0.10610836209219093	-0.10484209954253318	0.0846535901849498	-0.123289195755852	0.08252322255835375	-0.08202437761527959	0.07696061443988947	-0.06809523400064885	0.06492756958845534	-0.040301127000482224	0.06538661268068903	-0.06955383014186758	0.05657479140532421	-0.053249640054465995	0.04599318514359342	-0.05425512422700576	0.07521625046840674	-0.04612803777876658	0.06634093020068554
-0.07121116928966122	0.04865981077866844	-0.06435967394379412	0.12217337582617245	-0.9734018492426222	0.05528356779434306	-0.04959333261652127	0.06877040720714651	-0.1025070777607115	0.9999999999999983	-0.05103528253076492	0.04385866706875291	-0.07789072435549392	0.08029523692420634	-0.09623874012522711	0.029956769758266333	-0.03642399219994562	0.05059605212965254	-0.08004288706928281	0.08464657715945957	-0.0266264104799485	0.03383984848820324	-0.04724432717836807	0.02664297440172894	-0.030274119169404867	0.03084203252741707	-0.032798695026963566	0.032190488950879254	-0.026394458761899636	0.03747159837168223	-0.025715874215692658	0.02534226541601412	-0.024094684708576543	0.02117327249553392	-0.02049521222692013	0.012679442055479564	-0.02067545611444645	0.02167997892733458	-0.01772492109383755	0.016682145927063855	-0.014576665549392574	0.017082287633792388	-0.023951996697868554	0.014630284693944272	-0.02119209760759956
0.26179730449072136	-0.1972595049510024	0.1858706719342174	-0.25899711979154383	0.049468348757191305	-0.388512446705621	0.2594424216651589	-0.17105972353412582	0.1616109301700689	-0.05103528253076492	0.999999999999998	-0.5121783564438851	0.21019704915366508	-0.1650399988286128	0.07639405092709114	-0.3870114449322731	0.28330288745873317	-0.34049242636642085	0.22710788460805348	-0.07883533354395739	0.24123103465195492	-0.2601513277340965	0.26338186811509284	-0.12515467690336146	0.14031759438012717	-0.26002662193523185	0.2206922596419824	-0.1965396525513566	0.14668607078435844	-0.21846705485302634	0.18059951630067458	-0.17562816860833771	0.14826201205590045	-0.12482611344396001	0.11727917186338441	-0.07968272391861236	0.12710997993024267	-0.13356341608754696	0.10404343675460256	-0.0978523551209091	0.08868091493768077	-0.10575235650342078	0.14024141375400012	-0.08610396461409456	0.12168421319497144
-0.24216549837253573	0.19845688246391546	-0.19508524055708706	0.21052234285032956	-0.043051225419026284	0.2799841347190224	-0.4291621485011812	0.1686959169464275	-0.15632642488836407	0.04385866706875291	-0.5121783564438851	1.0000000000000007	-0.21546050472701214	0.14918617196371245	-0.06942448852214181	0.21072184422779763	-0.5303039653119271	0.28653182737640875	-0.2177366358345712	0.07027471372062404	-0.18390977371519895	0.23465465316761158	-0.2479123141002135	0.10680154258301637	-0.1211551141830071	0.17430713234950299	-0.20916186818197127	0.15757139222825314	-0.12024453260440848	0.16647161585520348	-0.1429100662916628	0.13681311399051846	-0.12059080800864515	0.09917954820837085	-0.0953072098974255	0.06348897404035961	-0.10364230630759531	0.1058566448385767	-0.083843193448829	0.07819072290660042	-0.07205711721298001	0.08456063756529544	-0.11543438261606234	0.0699767749908137	-0.10043428050526379
0.23924133781153636	-0.2053852411995784	0.21073732869071682	-0.3544039627282889	0.07407313590493	-0.28199520805928874	0.23019719123791735	-0.6405023923897909	0.31548865380597463	-0.07789072435549392	0.21019704915366508	-0.21546050472701214	0.9999999999999964	-0.38842372703389316	0.12069075481445564	-0.13297826132873833	0.1633389565913056	-0.24159982371435001	0.2645938048745654	-0.12823273183714126	0.11460465733153337	-0.1497268825738425	0.19022066523443798	-0.1029513620691574	0.11416260911742827	-0.13588241368765458	0.1392713530817334	-0.13720089696113225	0.10857233254132471	-0.1625126076734214	0.10885371331645466	-0.10858757301019498	0.10076119959761407	-0.08891369980501865	0.08466495925157767	-0.05303765851403943	0.08574370119459433	-0.09139753037932258	0.07382653603414933	-0.06972279771141941	0.060317908816768434	-0.07132810394680822	0.09831110103623392	-0.06041067127544259	0.08663982097164738
-0.19001987475073295	0.13761428824384286	-0.157269262217913	0.2492672622337965	-0.0798005911093616	0.17784101828988294	-0.15840522030194326	0.2746785390716334	-0.5689847771495689	0.08029523692420634	-0.1650399988286128	0.14918617196371245	-0.38842372703389316	1.0	-0.24764901966430716	0.10262356456459161	-0.13082247836482935	0.1970326440615541	-0.548506977482429	0.19600565801257608	-0.09077498812336511	0.11873381795675061	-0.1643070183487449	0.10831303473350329	-0.11838982522526703	0.10592667721865738	-0.1139111567712686	0.11476116309154628	-0.0969050201390974	0.13448535483601523	-0.08758152276052475	0.08719961007660396	-0.08316506743271564	0.0745470086050552	-0.07061686244743114	0.04294099902442904	-0.06987408805168766	0.0749035569972247	-0.061734462648560515	0.05768104945406458	-0.04909150995547358	0.05792589888268769	-0.08064206129169674	0.049436677398119355	-0.07114180695599054
0.08663458260501801	-0.06156859209592097	0.06811351307515072	-0.12001179196176677	0.08614510402197259	-0.08192902170594119	0.06764406541262381	-0.09815467895450822	0.12960602271118646	-0.09623874012522711	0.07639405092709114	-0.06942448852214181	0.12069075481445564	-0.24764901966430716	0.9999999999999979	-0.04957904612439347	0.06131199832506184	-0.09693062813763266	0.19491682939807795	-0.9257509154997798	0.04357362449789811	-0.05772221927995518	0.0791359820893035	-0.05700069816236281	0.06322804247842229	-0.05205010494782245	0.055232619203223275	-0.05812269205862079	0.04909333066765	-0.07003017322455607	0.04269375927340972	-0.04291189650398857	0.041162246246445613	-0.03760646136506244	0.03514882203971836	-0.021071014409168972	0.0342001758265168	-0.037286908842810336	0.030850139037944917	-0.028827764662533093	0.02401953408742393	-0.028474017835419856	0.03951102451649869	-0.02431764171337977	0.034856227672946244
-0.1618290053309875	0.10462019065339428	-0.10591143757604775	0.14264294791554566	-0.0292711685608005	0.16792609349060517	-0.13738747066090443	0.09902988771033283	-0.09922721409964746	0.029956769758266333	-0.3870114449322731	0.21072184422779763	-0.13297826132873833	0.10262356456459161	-0.04957904612439347	0.9999999999999972	-0.27024927269570037	0.21518942262603738	-0.15752791219770057	0.05063081990674125	-0.7511742871277843	0.22853414057473334	-0.22818274038620387	0.09697242470435001	-0.11037803242835746	0.26484557533021	-0.2151542389260933	0.1555061823443736	-0.1163255981207742	0.15777270165041457	-0.20839622493517632	0.15994514546238767	-0.1326455465617192	0.10092666918626077	-0.09774751875760392	0.07238155331879764	-0.11793916676440788	0.11317866098820953	-0.08678434825904145	0.08054886180749057	-0.08188117215818339	0.09402883541662672	-0.12645310557836734	0.07546960575932407	-0.10822340757368948
0.18398681742572728	-0.1391538930773103	0.13332403092667525	-0.1730339614420581	0.03554994268217851	-0.21041403098948816	0.19904524952298125	-0.12751177573001307	0.12333520424036322	-0.03642399219994562	0.28330288745873317	-0.5303039653119271	0.1633389565913056	-0.13082247836482935	0.06131199832506184	-0.27024927269570037	0.9999999999999953	-0.5511597685123304	0.20270282449226426	-0.06333957639898512	0.20128196839653348	-0.4370728755278097	0.25696919359960646	-0.1067944271881078	0.11820135258734826	-0.1862828915831183	0.237314578802689	-0.16765509856008737	0.12170935225652643	-0.16767089814337266	0.14644955153513645	-0.14652960072455246	0.12225987273291385	-0.09965671036159521	0.09345848506006711	-0.06342072123574521	0.10311012322727625	-0.1069982743781335	0.08358336615478716	-0.07737895769762694	0.0709544064370739	-0.08434441078307758	0.11253949263653283	-0.06839286413040269	0.09703763018115022
-0.245630842865359	0.15741964359690164	-0.16630128355330961	0.22202354069786973	-0.049739351761622246	0.22761234667569447	-0.20989129195475062	0.16864110345112218	-0.17951868478722466	0.05059605212965254	-0.34049242636642085	0.28653182737640875	-0.24159982371435001	0.1970326440615541	-0.09693062813763266	0.21518942262603738	-0.5511597685123304	0.9999999999999978	-0.3979681673992024	0.09874110910526891	-0.20297278186244944	0.2748161855990555	-0.40988223376684546	0.15360378628803548	-0.17201919985100042	0.20085266621376754	-0.2601968331509836	0.2056499022487216	-0.16067988831457933	0.21522124901933345	-0.17345762324537578	0.1678260577382934	-0.15391011813908917	0.12801808949287932	-0.12308948608469239	0.07955695423849189	-0.1309059470521772	0.13444320630235543	-0.10813747040394972	0.1003484290047273	-0.0910006411270671	0.10650309113878524	-0.14737619017077236	0.08915508679651994	-0.1285551364495175
0.23723492669751095	-0.17113453084974922	0.17939487475516433	-0.3282047868131224	0.07631780713600121	-0.23959269405713976	0.1881721097512195	-0.23475830265426148	0.2639543015117189	-0.08004288706928281	0.22710788460805348	-0.2177366358345712	0.2645938048745654	-0.548506977482429	0.19491682939807795	-0.15752791219770057	0.20270282449226426	-0.3979681673992024	1.0000000000000013	-0.24720888863342286	0.13650178492315435	-0.18672636563757938	0.24299407460791544	-0.20197773478820372	0.1811123993558838	-0.1645502980660228	0.1735049393235665	-0.1858844770215739	0.15529687559357416	-0.22365046889920792	0.13266174322327198	-0.1346954978541812	0.12810536378662044	-0.11847036260137778	0.1086148336186491	-0.06511971139658192	0.10528604854172065	-0.11658949801275081	0.09613080009887295	-0.08975829019324548	0.07378730079071814	-0.08799246915515536	0.12099312521012048	-0.07473800594820429	0.10644797111356735
-0.08903160974279421	0.06147227999428484	-0.06872419325369922	0.11502793985581154	-0.08738473871913859	0.08173343075254816	-0.06849188814010321	0.09641646653752645	-0.1324778086115275	0.08464657715945957	-0.07883533354395739	0.07027471372062404	-0.12823273183714126	0.19600565801257608	-0.9257509154997798	0.05063081990674125	-0.06333957639898512	0.09874110910526891	-0.24720888863342286	0.9999999999999977	-0.044791187472019094	0.05924287050166149	-0.08311683592926603	0.06156621511508	-0.07040276852927609	0.053140809765060096	-0.057116093207597106	0.059989347903307934	-0.051615778191108894	0.0717658331148123	-0.043959771052670134	0.044094205914673314	-0.04254291442410967	0.03888597004157027	-0.03639647959179364	0.021705566792654077	-0.03529911751631362	0.03842341744904502	-0.03194300582981355	0.029758003081120914	-0.024785919084999435	0.029343674771172997	-0.04084316504970844	0.02510513545866253	-0.03604225908221275
0.1399611484953167	-0.09196023416625453	0.09198540911017442	-0.12832981841631128	0.02594428049528535	-0.14954721827487236	0.11730006498345118	-0.08676308099221619	0.08657994994647059	-0.0266264104799485	0.24123103465195492	-0.18390977371519895	0.11460465733153337	-0.09077498812336511	0.04357362449789811	-0.7511742871277843	0.20128196839653348	-0.20297278186244944	0.13650178492315435	-0.044791187472019094	0.9999999999999997	-0.2752449280732841	0.19983461202968744	-0.08877080281453381	0.09953566952140788	-0.4418367045657521	0.20806584060646097	-0.15097407403542992	0.10887600093626192	-0.15079753536974733	0.20736468170675904	-0.1678925360855819	0.12513254050661235	-0.09549166259500301	0.08951071983574743	-0.06900511586146713	0.10982281345283465	-0.10834693461032384	0.08103829287603802	-0.07495086740058819	0.0756094034046913	-0.08892641379003464	0.11428609117626777	-0.06893889465042397	0.09682548290936574
-0.17707133453070667	0.1149479353054091	-0.11720070745739324	0.15908994735937984	-0.033063333232850455	0.17471462353348877	-0.15275263906088518	0.11115369028480032	-0.1124670260603864	0.03383984848820324	-0.2601513277340965	0.23465465316761158	-0.1497268825738425	0.11873381795675061	-0.05772221927995518	0.22853414057473334	-0.4370728755278097	0.2748161855990555	-0.18672636563757938	0.05924287050166149	-0.2752449280732841	0.9999999999999991	-0.4087723040899382	0.13438399272349516	-0.14820046122132555	0.23361802817004262	-0.6138102798113774	0.23355964628500056	-0.16339089199352239	0.2073785151138224	-0.2043349338821284	0.21190559495343664	-0.16866900323141845	0.1290075104900939	-0.11935986697276235	0.08340900711667515	-0.13878091651095875	0.1411217704151405	-0.10905677679028788	0.09885170039330343	-0.09260931956724114	0.11066127444513554	-0.1453257708164824	0.08745428712482359	-0.12321266953471381
0.23196055377787594	-0.14746773395503399	0.14921027974326795	-0.22752605105789706	0.045790097099052095	-0.22988571492302964	0.17581936827710706	-0.14523348036858277	0.14793793601260288	-0.04724432717836807	0.26338186811509284	-0.2479123141002135	0.19022066523443798	-0.1643070183487449	0.0791359820893035	-0.22818274038620387	0.25696919359960646	-0.40988223376684546	0.24299407460791544	-0.08311683592926603	0.19983461202968744	-0.4087723040899382	0.9999999999999986	-0.27358719184559155	0.2348775890987852	-0.25939984424478585	0.28863980370878756	-0.3884711190266688	0.2515302936096188	-0.38130990045319013	0.2018080512656654	-0.2200008189142416	0.20696392395333135	-0.19107298210102883	0.16516013186770626	-0.09835657508182939	0.1572068291861349	-0.18879254809015034	0.15137418971464867	-0.1399799013284342	0.1087170932530559	-0.13366240381014932	0.17730561110792348	-0.11077469952987067	0.15364295798018626
-0.11535106584755123	0.07189005353256202	-0.07450112958585983	0.11698150257311976	-0.025897746217392586	0.10726796006893081	-0.08352986650451515	0.07877341504315599	-0.08504950346460663	0.02664297440172894	-0.12515467690336146	0.10680154258301637	-0.1029513620691574	0.10831303473350329	-0.05700069816236281	0.09697242470435001	-0.1067944271881078	0.15360378628803548	-0.20197773478820372	0.06156621511508	-0.08877080281453381	0.13438399272349516	-0.27358719184559155	0.999999999999999	-0.8044302742098572	0.11785493760124392	-0.14348325891396113	0.22796202512606564	-0.3967878938949984	0.269436524186595	-0.10389221242932534	0.11182647991752952	-0.12980158812701037	0.14718743850153976	-0.11832587835241476	0.0542761346240432	-0.08923903048159579	0.11483658404678405	-0.11299895507696937	0.09434968887559847	-0.06169830255336942	0.07534162797919446	-0.10686308175798678	0.06668348717301778	-0.09416609905269965
0.13164499605584246	-0.08225740996985632	0.08484615301593604	-0.1353226770771486	0.029330522278595964	-0.12359448096174643	0.09478583541165495	-0.08837785947875375	0.09355137409972895	-0.030274119169404867	0.14031759438012717	-0.1211551141830071	0.11416260911742827	-0.11838982522526703	0.06322804247842229	-0.11037803242835746	0.11820135258734826	-0.17201919985100042	0.1811123993558838	-0.07040276852927609	0.09953566952140788	-0.14820046122132555	0.2348775890987852	-0.8044302742098572	0.999999999999999	-0.13502666511301872	0.15421333036020632	-0.26133475964741176	0.2757759211733383	-0.3732272777977201	0.1155419832267708	-0.12579487799329395	0.14064078719638629	-0.16196848270697667	0.12792488920327938	-0.060658832732970194	0.09865471745109126	-0.12948942186133475	0.11907134989174074	-0.10585042012778006	0.06840326190572363	-0.0841558453882265	0.11739109745249002	-0.0741242481859354	0.10349268535872386
-0.16926903728910725	0.1014335107880427	-0.10434298761903149	0.14536315344316733	-0.030150452831211778	0.15711625330601836	-0.1256609142093997	0.09901426417714719	-0.10132611577944604	0.03084203252741707	-0.26002662193523185	0.17430713234950299	-0.13588241368765458	0.10592667721865738	-0.05205010494782245	0.26484557533021	-0.1862828915831183	0.20085266621376754	-0.1645502980660228	0.053140809765060096	-0.4418367045657521	0.23361802817004262	-0.25939984424478585	0.11785493760124392	-0.13502666511301872	0.9999999999999982	-0.3187000181048698	0.2050485155963487	-0.15147101661689205	0.19795575446056096	-0.5991267708234991	0.2836306625345941	-0.2086804082554608	0.1402188794887468	-0.13587985661598323	0.11858234750925918	-0.19181336870532206	0.16856004418415535	-0.12328436385232809	0.11286615912500157	-0.13190062156443336	0.14662441867540388	-0.19033908018944085	0.11122680459865843	-0.1582983690573892
0.16867923488639505	-0.1085129778004347	0.10929126789462995	-0.15642708594340546	0.031941388984855094	-0.16880445758460166	0.13543201521847542	-0.10495679580647711	0.10610836209219093	-0.032798695026963566	0.2206922596419824	-0.20916186818197127	0.1392713530817334	-0.1139111567712686	0.055232619203223275	-0.2151542389260933	0.237314578802689	-0.2601968331509836	0.1735049393235665	-0.057116093207597106	0.20806584060646097	-0.6138102798113774	0.28863980370878756	-0.14348325891396113	0.15421333036020632	-0.3187000181048698	0.9999999999999978	-0.3780341418732995	0.19796343320924809	-0.2531129436494819	0.2461238962092388	-0.37623731002513233	0.21267886822126494	-0.15878099989387717	0.13718570251365692	-0.10282662171601437	0.16734183537392522	-0.180266491165551	0.13074745657389847	-0.1170466319019038	0.10829789002070284	-0.13693691637725436	0.16541845247573023	-0.10096296124856265	0.1372273769442544
-0.16597312069453857	0.09855475594036445	-0.10190493084081298	0.1483445677469118	-0.031439778293179135	0.14907781895994868	-0.11821376006047278	0.10020619521322577	-0.10484209954253318	0.032190488950879254	-0.1965396525513566	0.15757139222825314	-0.13720089696113225	0.11476116309154628	-0.05812269205862079	0.1555061823443736	-0.16765509856008737	0.2056499022487216	-0.1858844770215739	0.059989347903307934	-0.15097407403542992	0.23355964628500056	-0.3884711190266688	0.22796202512606564	-0.26133475964741176	0.2050485155963487	-0.3780341418732995	0.9999999999999954	-0.553348327525804	0.31394775007062015	-0.20306384600313998	0.2251871600460428	-0.35582999522814823	0.23067047325269405	-0.19999478799494774	0.10183771007629525	-0.1727001661609217	0.22859802420276953	-0.1981978948749054	0.15798998384101198	-0.11637234450831516	0.14201130712572113	-0.20572140591445834	0.12306197266782898	-0.17463175414013188
0.1303854977059528	-0.07795521486033913	0.08054452871874965	-0.12090173107402677	0.0257113576966611	-0.11778371583609917	0.09184787230436028	-0.08055274409663854	0.0846535901849498	-0.026394458761899636	0.14668607078435844	-0.12024453260440848	0.10857233254132471	-0.0969050201390974	0.04909333066765	-0.1163255981207742	0.12170935225652643	-0.16067988831457933	0.15529687559357416	-0.051615778191108894	0.10887600093626192	-0.16339089199352239	0.2515302936096188	-0.3967878938949984	0.2757759211733383	-0.15147101661689205	0.19796343320924809	-0.553348327525804	0.9999999999999982	-0.5398528894430608	0.14002321396884237	-0.1577652698168809	0.2060059611485942	-0.32922106684805974	0.18657448426013662	-0.07506941445776938	0.12433810132609914	-0.18321648698307288	0.1930850312595325	-0.15186989714162671	0.08514269419812874	-0.10595903610311506	0.1519545438266436	-0.09576717054061563	0.13350285602512885
-0.19741714107105293	0.11158318022650555	-0.11665243729101706	0.16900878327485708	-0.03671378455163876	0.16578600191214646	-0.13131761748966075	0.11603245470701751	-0.123289195755852	0.03747159837168223	-0.21846705485302634	0.16647161585520348	-0.1625126076734214	0.13448535483601523	-0.07003017322455607	0.15777270165041457	-0.16767089814337266	0.21522124901933345	-0.22365046889920792	0.0717658331148123	-0.15079753536974733	0.2073785151138224	-0.38130990045319013	0.269436524186595	-0.3732272777977201	0.19795575446056096	-0.2531129436494819	0.31394775007062015	-0.5398528894430608	0.9999999999999942	-0.19288138504510327	0.19842006674596357	-0.2389428966168279	0.2414096123853815	-0.26963803776544837	0.10773424187912513	-0.1821909794794714	0.20590240165240897	-0.2113904108939344	0.18700448548201792	-0.12753372641507416	0.15001870445179855	-0.2271878275102162	0.13894352372656066	-0.206038577330871
0.13609712156562567	-0.08362481671834865	0.08506675266844564	-0.12336286486713963	0.02504528887319764	-0.13146594805575917	0.10165645980781852	-0.0810701280919783	0.08252322255835375	-0.025715874215692658	0.18059951630067458	-0.1429100662916628	0.10885371331645466	-0.08758152276052475	0.04269375927340972	-0.20839622493517632	0.14644955153513645	-0.17345762324537578	0.13266174322327198	-0.043959771052670134	0.20736468170675904	-0.2043349338821284	0.2018080512656654	-0.10389221242932534	0.1155419832267708	-0.5991267708234991	0.2461238962092388	-0.20306384600313998	0.14002321396884237	-0.19288138504510327	0.999999999999997	-0.6027975481562576	0.2163781801561228	-0.1422138100217798	0.12235802145820367	-0.14467625520824504	0.19935998326446358	-0.18830254787479112	0.12004107123759922	-0.10817290256095342	0.1329919121429	-0.16201632417818074	0.16814189974459404	-0.10244258945893464	0.13320034550922238
-0.1349832290514329	0.08143096178673222	-0.08346396505099621	0.12006233681241515	-0.024719220002605753	0.12571016786237402	-0.09909772486622222	0.07994490297591389	-0.08202437761527959	0.02534226541601412	-0.17562816860833771	0.13681311399051846	-0.10858757301019498	0.08719961007660396	-0.04291189650398857	0.15994514546238767	-0.14652960072455246	0.1678260577382934	-0.1346954978541812	0.044094205914673314	-0.1678925360855819	0.21190559495343664	-0.2200008189142416	0.11182647991752952	-0.12579487799329395	0.2836306625345941	-0.37623731002513233	0.2251871600460428	-0.1577652698168809	0.19842006674596357	-0.6027975481562576	0.9999999999999968	-0.3890367398705714	0.1631626808745725	-0.14322296944051402	0.15439852310843655	-0.3344067216383525	0.2304687257908289	-0.1457270846298886	0.1245750241831697	-0.15790906531010154	0.19914459251871486	-0.21842401210187887	0.12363400289325077	-0.16452175503055225
0.12573295501814563	-0.07533935180359537	0.07721196097362891	-0.11427547071692638	0.023464298689123985	-0.11624552245665544	0.08965770479665292	-0.0746148791383783	0.07696061443988947	-0.024094684708576543	0.14826201205590045	-0.12059080800864515	0.10076119959761407	-0.08316506743271564	0.041162246246445613	-0.1326455465617192	0.12225987273291385	-0.15391011813908917	0.12810536378662044	-0.04254291442410967	0.12513254050661235	-0.16866900323141845	0.20696392395333135	-0.12980158812701037	0.14064078719638629	-0.2086804082554608	0.21267886822126494	-0.35582999522814823	0.2060059611485942	-0.2389428966168279	0.2163781801561228	-0.3890367398705714	0.999999999999997	-0.2995227453084319	0.1880254714842119	-0.1144401443109994	0.18980933951189757	-0.6597846937676759	0.24051927468465817	-0.18176071428817642	0.11998202903208775	-0.17240001948131065	0.2289188273533989	-0.13855020661062084	0.16782344311719943
-0.10979704526852996	0.06442954426484851	-0.06654571511590623	0.09856089462670259	-0.02065042687388838	0.09795794862823412	-0.07602398557945318	0.06518813803059613	-0.06809523400064885	0.02117327249553392	-0.12482611344396001	0.09917954820837085	-0.08891369980501865	0.0745470086050552	-0.03760646136506244	0.10092666918626077	-0.09965671036159521	0.12801808949287932	-0.11847036260137778	0.03888597004157027	-0.09549166259500301	0.1290075104900939	-0.19107298210102883	0.14718743850153976	-0.16196848270697667	0.1402188794887468	-0.15878099989387717	0.23067047325269405	-0.32922106684805974	0.2414096123853815	-0.1422138100217798	0.1631626808745725	-0.2995227453084319	0.9999999999999963	-0.4183699485709499	0.08318102522213505	-0.14100138418911273	0.2635697282748062	-0.6688064244552812	0.2881317319723143	-0.09488008322975522	0.12314430604560823	-0.19009907571227844	0.12410626986651674	-0.1728656216723054
0.10675685731156537	-0.0627708151285248	0.06454966470177519	-0.09717059656175478	0.019946199537284597	-0.09631036120906857	0.0733798626196342	-0.06260874451647391	0.06492756958845534	-0.02049521222692013	0.11727917186338441	-0.0953072098974255	0.08466495925157767	-0.07061686244743114	0.03514882203971836	-0.09774751875760392	0.09345848506006711	-0.12308948608469239	0.1086148336186491	-0.03639647959179364	0.08951071983574743	-0.11935986697276235	0.16516013186770626	-0.11832587835241476	0.12792488920327938	-0.13587985661598323	0.13718570251365692	-0.19999478799494774	0.18657448426013662	-0.26963803776544837	0.12235802145820367	-0.14322296944051402	0.1880254714842119	-0.4183699485709499	0.9999999999999939	-0.07623283210402834	0.12167224814047416	-0.21738709099777045	0.29726472213522814	-0.7536752776935396	0.08418669495492392	-0.1162779627763542	0.1649941423982668	-0.1456104577916877	0.18491872259783473
-0.0674548275521893	0.04009696722788404	-0.04105670583089138	0.060840866000678284	-0.012341992391221808	0.06218505569430578	-0.04756243723733478	0.03925511461278965	-0.040301127000482224	0.012679442055479564	-0.07968272391861236	0.06348897404035961	-0.05303765851403943	0.04294099902442904	-0.021071014409168972	0.07238155331879764	-0.06342072123574521	0.07955695423849189	-0.06511971139658192	0.021705566792654077	-0.06900511586146713	0.08340900711667515	-0.09835657508182939	0.0542761346240432	-0.060658832732970194	0.11858234750925918	-0.10282662171601437	0.10183771007629525	-0.07506941445776938	0.10773424187912513	-0.14467625520824504	0.15439852310843655	-0.1144401443109994	0.08318102522213505	-0.07623283210402834	0.9999999999999939	-0.445972925979045	0.11759905535385635	-0.07413486054542255	0.07033099097241707	-0.821296238366566	0.2707007128534594	-0.1700305850148983	0.0938724096797332	-0.1089579721460675
0.10916424270693445	-0.06533472578192326	0.06673905998771568	-0.09962705348975018	0.0201079582945803	-0.10165707977938028	0.07731741995710682	-0.06379934862386726	0.06538661268068903	-0.02067545611444645	0.12710997993024267	-0.10364230630759531	0.08574370119459433	-0.06987408805168766	0.0342001758265168	-0.11793916676440788	0.10311012322727625	-0.1309059470521772	0.10528604854172065	-0.03529911751631362	0.10982281345283465	-0.13878091651095875	0.1572068291861349	-0.08923903048159579	0.09865471745109126	-0.19181336870532206	0.16734183537392522	-0.1727001661609217	0.12433810132609914	-0.1821909794794714	0.19935998326446358	-0.3344067216383525	0.18980933951189757	-0.14100138418911273	0.12167224814047416	-0.445972925979045	0.9999999999999932	-0.2152194886604887	0.12312935104645903	-0.11642728782181733	0.29311512307687965	-0.63702996999543	0.257422193015695	-0.15491174905945712	0.16173606365608495
-0.11433147393721892	0.06743228270753929	-0.06939552493294311	0.10227624327087007	-0.021134325232551536	0.10338655967664596	-0.08000927932473294	0.06714143635050776	-0.06955383014186758	0.02167997892733458	-0.13356341608754696	0.1058566448385767	-0.09139753037932258	0.0749035569972247	-0.037286908842810336	0.11317866098820953	-0.1069982743781335	0.13444320630235543	-0.11658949801275081	0.03842341744904502	-0.10834693461032384	0.1411217704151405	-0.18879254809015034	0.11483658404678405	-0.12948942186133475	0.16856004418415535	-0.180266491165551	0.22859802420276953	-0.18321648698307288	0.20590240165240897	-0.18830254787479112	0.2304687257908289	-0.6597846937676759	0.2635697282748062	-0.21738709099777045	0.11759905535385635	-0.2152194886604887	0.9999999999999933	-0.3957579459938038	0.20210256547051159	-0.13314126853921385	0.18766807126947843	-0.36725331611345663	0.17001183587382007	-0.21427785853686698
0.09200822421188973	-0.05431073358241642	0.05591036905586502	-0.0833740016196116	0.017265912360564926	-0.0830979350568627	0.06396064053690252	-0.05445025921759065	0.05657479140532421	-0.01772492109383755	0.10404343675460256	-0.083843193448829	0.07382653603414933	-0.061734462648560515	0.030850139037944917	-0.08678434825904145	0.08358336615478716	-0.10813747040394972	0.09613080009887295	-0.03194300582981355	0.08103829287603802	-0.10905677679028788	0.15137418971464867	-0.11299895507696937	0.11907134989174074	-0.12328436385232809	0.13074745657389847	-0.1981978948749054	0.1930850312595325	-0.2113904108939344	0.12004107123759922	-0.1457270846298886	0.24051927468465817	-0.6688064244552812	0.29726472213522814	-0.07413486054542255	0.12312935104645903	-0.3957579459938038	0.9999999999999925	-0.4691957264009989	0.08238411968408597	-0.11424342912499746	0.17300117672369109	-0.12267317931905	0.15801081702495595
-0.0875479830454183	0.051212148498691205	-0.05277324935255425	0.07863852460299094	-0.016254862311616453	0.07831062631799388	-0.06013206870364276	0.05123830935343692	-0.053249640054465995	0.016682145927063855	-0.0978523551209091	0.07819072290660042	-0.06972279771141941	0.05768104945406458	-0.028827764662533093	0.08054886180749057	-0.07737895769762694	0.1003484290047273	-0.08975829019324548	0.029758003081120914	-0.07495086740058819	0.09885170039330343	-0.1399799013284342	0.09434968887559847	-0.10585042012778006	0.11286615912500157	-0.1170466319019038	0.15798998384101198	-0.15186989714162671	0.18700448548201792	-0.10817290256095342	0.1245750241831697	-0.18176071428817642	0.2881317319723143	-0.7536752776935396	0.07033099097241707	-0.11642728782181733	0.20210256547051159	-0.4691957264009989	0.9999999999999925	-0.07993921322898698	0.10912680507505873	-0.17224656884347245	0.14912606526611996	-0.24026796397988182
0.07718288899346945	-0.045972213824625664	0.046983343772135804	-0.07036990226581714	0.01417388584099819	-0.0715443179945456	0.05419224955168369	-0.04486440879723284	0.04599318514359342	-0.014576665549392574	0.08868091493768077	-0.07205711721298001	0.060317908816768434	-0.04909150995547358	0.02401953408742393	-0.08188117215818339	0.0709544064370739	-0.0910006411270671	0.07378730079071814	-0.024785919084999435	0.0756094034046913	-0.09260931956724114	0.1087170932530559	-0.06169830255336942	0.06840326190572363	-0.13190062156443336	0.10829789002070284	-0.11637234450831516	0.08514269419812874	-0.12753372641507416	0.1329919121429	-0.15790906531010154	0.11998202903208775	-0.09488008322975522	0.08418669495492392	-0.821296238366566	0.29311512307687965	-0.13314126853921385	0.08238411968408597	-0.07993921322898698	0.9999999999999931	-0.39901487290290494	0.18184006314434215	-0.10872081240624401	0.11566823613371302
-0.09069878238505082	0.05378897259508129	-0.05511188552260126	0.0818800437073359	-0.016626918265434488	0.08327871736348551	-0.06364638792620558	0.05277374628037108	-0.05425512422700576	0.017082287633792388	-0.10575235650342078	0.08456063756529544	-0.07132810394680822	0.05792589888268769	-0.028474017835419856	0.09402883541662672	-0.08434441078307758	0.10650309113878524	-0.08799246915515536	0.029343674771172997	-0.08892641379003464	0.11066127444513554	-0.13366240381014932	0.07534162797919446	-0.0841558453882265	0.14662441867540388	-0.13693691637725436	0.14201130712572113	-0.10595903610311506	0.15001870445179855	-0.16201632417818074	0.19914459251871486	-0.17240001948131065	0.12314430604560823	-0.1162779627763542	0.2707007128534594	-0.63702996999543	0.18766807126947843	-0.11424342912499746	0.10912680507505873	-0.39901487290290494	0.9999999999999929	-0.4823769258903924	0.18413615123059499	-0.20610731742693716
0.1261757775465796	-0.07491354205963133	0.07658278758846607	-0.11574793313164826	0.023276556910021853	-0.11645307125218157	0.08769829954453706	-0.07325687829986899	0.07521625046840674	-0.023951996697868554	0.14024141375400012	-0.11543438261606234	0.09831110103623392	-0.08064206129169674	0.03951102451649869	-0.12645310557836734	0.11253949263653283	-0.14737619017077236	0.12099312521012048	-0.04084316504970844	0.11428609117626777	-0.1453257708164824	0.17730561110792348	-0.10686308175798678	0.11739109745249002	-0.19033908018944085	0.16541845247573023	-0.20572140591445834	0.1519545438266436	-0.2271878275102162	0.16814189974459404	-0.21842401210187887	0.2289188273533989	-0.19009907571227844	0.1649941423982668	-0.1700305850148983	0.257422193015695	-0.36725331611345663	0.17300117672369109	-0.17224656884347245	0.18184006314434215	-0.4823769258903924	0.9999999999999933	-0.49749434152933275	0.2919726700115013
