1.0	-0.29796484867349243	0.1898082924385064	-0.09226673254638945	0.07103892155718482	-0.8920604982603336	0.21814453494300112	-0.1861736336895309	0.07592009187615364	-0.05263518218754553	0.06283093262939589	-0.12093782884652146	0.10940743205333042	-0.06791676747409998	0.05791208204076793	-0.059319347454359836	0.06296714889401427	-0.06829617712492247	0.05570910078270608	-0.0560435898021415	0.02721145412351784	-0.0264135181828515	0.029850480029915843	-0.021410964404304275	0.020880232170529495	-0.03312482558142367	0.023161132215291577	-0.026185982384541052	0.016496522974139734	-0.02058845936929596
-0.29796484867349243	1.0000000000000002	-0.807583137835783	0.13077998552350767	-0.10774160902818129	0.2136319515944287	-0.3564463952975052	0.26960481691053856	-0.11509626872729406	0.07479753983318035	-0.06442672752673545	0.14760091405913078	-0.1659655606239776	0.09289317456987076	-0.08228509126649025	0.05914635441858914	-0.07659674154862545	0.07894406067159242	-0.07530331858972535	0.07277607909964863	-0.028551230700033656	0.028712324991665237	-0.03419440010294827	0.025748046124800153	-0.02537406562011018	0.03426160181240893	-0.025461809519413202	0.0295198890484615	-0.018961850910468373	0.02353631907536196
0.1898082924385064	-0.807583137835783	1.0000000000000004	-0.15622254886322468	0.1062294324014742	-0.2023995020721812	0.26799971142115103	-0.4212429730826573	0.11812241210730298	-0.07668099389341378	0.06410861305626236	-0.15694045743241614	0.16499806383010363	-0.09644329556550277	0.0818998963694448	-0.06071956474140173	0.07693345173239893	-0.08240307383830857	0.0754326988074371	-0.07456701109715683	0.02908991795722303	-0.029427062173633483	0.034871462477083386	-0.026252829419769315	0.02572900836334285	-0.035185542276533824	0.02595461689219305	-0.03033367832738156	0.019362641221072688	-0.024138545676085053
-0.09226673254638945	0.13077998552350767	-0.15622254886322468	1.0	-0.6048784530204022	0.08904590937224494	-0.17223454087976245	0.1620729679408901	-0.6198751327061629	0.3074369805286188	-0.0845904213159958	0.14827903263156264	-0.1665309915790281	0.249725388122502	-0.27808907360246776	0.07650994652898843	-0.11941550953710432	0.12301892990054245	-0.20481658028013439	0.20148711935956243	-0.04212549180133449	0.046809428038153786	-0.06139746980640074	0.05759743840184372	-0.05826795432608199	0.050122726071520254	-0.04266313196376912	0.05204228613993582	-0.036439204889495924	0.0448851014530045
0.07103892155718482	-0.10774160902818129	0.1062294324014742	-0.6048784530204022	1.0000000000000002	-0.0743722044786453	0.1300069414776793	-0.13472818193446254	0.3207020985410694	-0.6110605212505671	0.07764512394587395	-0.14475829935134918	0.14390347343164941	-0.2687264267770663	0.27367995346067137	-0.07467603505675646	0.10920396759213707	-0.1248252536415254	0.18959740458098098	-0.25813305435874206	0.041939316356432395	-0.04832871680208782	0.06256426882032037	-0.06440650287398877	0.06298489060193715	-0.05114057291772408	0.043338690839149464	-0.05495462203974864	0.03853888965613341	-0.04864291510328657
-0.8920604982603336	0.2136319515944287	-0.2023995020721812	0.08904590937224494	-0.0743722044786453	1.0000000000000002	-0.30239687248948033	0.1768525155897974	-0.0780009279137385	0.05345128333644632	-0.06670730761554444	0.11942294076189383	-0.11493567247987392	0.06830526960583463	-0.05960303688930845	0.059134210847093985	-0.06386984717192852	0.06643916198347213	-0.05669378918515955	0.055750352343493625	-0.027023991537260733	0.02592909086920174	-0.029461580627146683	0.021145242059988873	-0.0207396778149844	0.03250588604017617	-0.022861421308129192	0.02559856519198831	-0.01621283852481393	0.020126790957511707
0.21814453494300112	-0.3564463952975052	0.26799971142115103	-0.17223454087976245	0.1300069414776793	-0.30239687248948033	0.9999999999999994	-0.660341465495966	0.1526774069830436	-0.10635684420038823	0.1203812520730679	-0.3865438130131618	0.2793693331828486	-0.15069641754060722	0.11916688986708839	-0.11771799050243133	0.14459770685374543	-0.1586155078252779	0.11845189504806147	-0.11828898221862537	0.053999578807047546	-0.053941823877439725	0.06259800498729907	-0.04448436847603478	0.043075762058754574	-0.06578507535078339	0.047024513457728886	-0.05498980548330967	0.03414453093618579	-0.04279815688268972
-0.1861736336895309	0.26960481691053856	-0.4212429730826573	0.1620729679408901	-0.13472818193446254	0.1768525155897974	-0.660341465495966	0.9999999999999993	-0.1825199108273591	0.1094938348718952	-0.10047102245868596	0.26718162347360674	-0.43049369397841947	0.1553252265284917	-0.12558012724685347	0.09200079703117389	-0.1241842077041075	0.12645366224255467	-0.11834043753024638	0.11104700187055187	-0.04334857014930881	0.0434931534293645	-0.05200064618290702	0.0387113385436065	-0.038010741902475664	0.05190072188449145	-0.03841646610915517	0.04482104170829625	-0.028493485481827972	0.03538686308546887
0.07592009187615364	-0.11509626872729406	0.11812241210730298	-0.6198751327061629	0.3207020985410694	-0.0780009279137385	0.1526774069830436	-0.1825199108273591	1.0000000000000002	-0.48816583083635734	0.07952973369612307	-0.16093526860054344	0.17157051038938007	-0.422613048204263	0.2840878021813629	-0.07536514346788863	0.1143774497604446	-0.12785660824733136	0.21400778083412378	-0.24565748169709817	0.04066721616787341	-0.04593133922131511	0.06000847637566298	-0.06050263905004144	0.059658669961101085	-0.04907378191180391	0.041211353056293906	-0.05189848687382442	0.03606460876063271	-0.04511373835379709
-0.05263518218754553	0.07479753983318035	-0.07668099389341378	0.3074369805286188	-0.6110605212505671	0.05345128333644632	-0.10635684420038823	0.1094938348718952	-0.48816583083635734	1.000000000000001	-0.06163605638643953	0.11577810160079484	-0.12673953007190578	0.2619757256507195	-0.5091957807777916	0.057690121238535945	-0.09175205210818235	0.10027442912821627	-0.190524262428908	0.22387242848880787	-0.03189611675284088	0.03663930923932893	-0.04897662787783911	0.05180094968336389	-0.05217393350752023	0.03831703924701336	-0.033086118203114925	0.042025156642073035	-0.029864028081159826	0.03719098160433356
0.06283093262939589	-0.06442672752673545	0.06410861305626236	-0.0845904213159958	0.07764512394587395	-0.06670730761554444	0.1203812520730679	-0.10047102245868596	0.07952973369612307	-0.06163605638643953	1.0000000000000004	-0.24619164112331485	0.15747091324296258	-0.0962986044921409	0.07897300491267438	-0.857242297935588	0.2022094212551688	-0.20224872216562254	0.09501743359241002	-0.09125781676269733	0.20387853905761363	-0.13752881596283842	0.10296607196634554	-0.05478231863491167	0.05292798181219311	-0.24459076015929593	0.11278156050067305	-0.09186895692322639	0.05189607141601656	-0.06277518022234152
-0.12093782884652146	0.14760091405913078	-0.15694045743241614	0.14827903263156264	-0.14475829935134918	0.11942294076189383	-0.3865438130131618	0.26718162347360674	-0.16093526860054344	0.11577810160079484	-0.24619164112331485	1.0000000000000009	-0.7058067744627552	0.19583659357418565	-0.15810482459683275	0.1824726788764328	-0.3141692457365128	0.22375959490760078	-0.16665693191862108	0.14237779328244732	-0.0766646491483059	0.07119020107206106	-0.08359197345602645	0.05526419657442612	-0.05414904819671271	0.08855190410651298	-0.06252936235900622	0.07038821761478539	-0.04309349250402582	0.052969820277346466
0.10940743205333042	-0.1659655606239776	0.16499806383010363	-0.1665309915790281	0.14390347343164941	-0.11493567247987392	0.2793693331828486	-0.43049369397841947	0.17157051038938007	-0.12673953007190578	0.15747091324296258	-0.7058067744627552	0.9999999999999998	-0.2934798874213044	0.1661524739191776	-0.15455968403062753	0.2013033019054113	-0.22308355199196025	0.1711918019390833	-0.1584172852982072	0.06746135887048268	-0.06715701945015744	0.07927718684456034	-0.056185581490759764	0.0543025622698563	-0.08158876665569982	0.058209386367002375	-0.06907162242681729	0.04229117911619484	-0.05289335280873224
-0.06791676747409998	0.09289317456987076	-0.09644329556550277	0.249725388122502	-0.2687264267770663	0.06830526960583463	-0.15069641754060722	0.1553252265284917	-0.422613048204263	0.2619757256507195	-0.0962986044921409	0.19583659357418565	-0.2934798874213044	1.0000000000000009	-0.5358467012821264	0.08805687752357602	-0.15726482616279347	0.16591480250661425	-0.5078924730146337	0.30829736775666805	-0.046391617320495286	0.05235821763690529	-0.0718760903779291	0.07374565373933367	-0.07433155348508506	0.05490092076505465	-0.04722098528639675	0.060021109574182205	-0.04190977809920465	0.051552148212576136
0.05791208204076793	-0.08228509126649025	0.0818998963694448	-0.27808907360246776	0.27367995346067137	-0.05960303688930845	0.11916688986708839	-0.12558012724685347	0.2840878021813629	-0.5091957807777916	0.07897300491267438	-0.15810482459683275	0.1661524739191776	-0.5358467012821264	1.0000000000000007	-0.07520662292806846	0.12225415308942233	-0.1396733741131767	0.28757370434600427	-0.4928147590797368	0.04150631553328003	-0.04879533218376694	0.06654790927584643	-0.07920220949857802	0.07887634296685493	-0.04998151729507099	0.0438447975272596	-0.05745667193563501	0.041352969441275436	-0.05199316811792502
-0.059319347454359836	0.05914635441858914	-0.06071956474140173	0.07650994652898843	-0.07467603505675646	0.059134210847093985	-0.11771799050243133	0.09200079703117389	-0.07536514346788863	0.057690121238535945	-0.857242297935588	0.1824726788764328	-0.15455968403062753	0.08805687752357602	-0.07520662292806846	1.0000000000000029	-0.25218605841615005	0.1797343568197457	-0.0902230604811874	0.0823952448536561	-0.27615863094839954	0.1280428806049685	-0.09967883834516734	0.05032130092971585	-0.049613329450513624	0.2072395992626702	-0.1122211797430954	0.08377141706826363	-0.047863577651622115	0.05623557828357097
0.06296714889401427	-0.07659674154862545	0.07693345173239893	-0.11941550953710432	0.10920396759213707	-0.06386984717192852	0.14459770685374543	-0.1241842077041075	0.1143774497604446	-0.09175205210818235	0.2022094212551688	-0.3141692457365128	0.2013033019054113	-0.15726482616279347	0.12225415308942233	-0.25218605841615005	1.0000000000000007	-0.8141729388557918	0.18250364139781203	-0.16981443227045356	0.10023712418339899	-0.11373995014845963	0.15396875868849433	-0.08332353947799323	0.07731930110297812	-0.11395309254113214	0.09589686657786872	-0.13099595390064966	0.07100692490541269	-0.08934081804434787
-0.06829617712492247	0.07894406067159242	-0.08240307383830857	0.12301892990054245	-0.1248252536415254	0.06643916198347213	-0.1586155078252779	0.12645366224255467	-0.12785660824733136	0.10027442912821627	-0.20224872216562254	0.22375959490760078	-0.22308355199196025	0.16591480250661425	-0.1396733741131767	0.1797343568197457	-0.8141729388557918	1.0000000000000029	-0.2628452468383735	0.17606931007416787	-0.093507500963787	0.11137065754498651	-0.21036076374460214	0.0900465331831438	-0.08681100227246144	0.10249520979958418	-0.10011133299986974	0.13565621633345198	-0.07603317802733411	0.09066731230285252
0.05570910078270608	-0.07530331858972535	0.0754326988074371	-0.20481658028013439	0.18959740458098098	-0.05669378918515955	0.11845189504806147	-0.11834043753024638	0.21400778083412378	-0.190524262428908	0.09501743359241002	-0.16665693191862108	0.1711918019390833	-0.5078924730146337	0.28757370434600427	-0.0902230604811874	0.18250364139781203	-0.2628452468383735	1.000000000000003	-0.6960483944324078	0.05057052150928017	-0.0623224130813022	0.09217394135297338	-0.11684467874867993	0.11043307534121287	-0.05992840820411108	0.05597000932309969	-0.07696735012037763	0.054862829492090454	-0.0680884889477105
-0.0560435898021415	0.07277607909964863	-0.07456701109715683	0.20148711935956243	-0.25813305435874206	0.055750352343493625	-0.11828898221862537	0.11104700187055187	-0.24565748169709817	0.22387242848880787	-0.09125781676269733	0.14237779328244732	-0.1584172852982072	0.30829736775666805	-0.4928147590797368	0.0823952448536561	-0.16981443227045356	0.17606931007416787	-0.6960483944324078	1.0000000000000033	-0.048155386918115856	0.059344447916433174	-0.08949594305614096	0.12113008426463193	-0.14363571398699965	0.056396277003953735	-0.05467037949168364	0.07337964658747642	-0.0568908124401021	0.06956789586081816
0.02721145412351784	-0.028551230700033656	0.02908991795722303	-0.04212549180133449	0.041939316356432395	-0.027023991537260733	0.053999578807047546	-0.04334857014930881	0.04066721616787341	-0.03189611675284088	0.20387853905761363	-0.0766646491483059	0.06746135887048268	-0.046391617320495286	0.04150631553328003	-0.27615863094839954	0.10023712418339899	-0.093507500963787	0.05057052150928017	-0.048155386918115856	1.0000000000000036	-0.37932036120074014	0.14611309973798153	-0.05808890089264244	0.05784319679753406	-0.8205903206449243	0.24698520224872436	-0.12838926620560825	0.06580525019081865	-0.0730960557919608
-0.0264135181828515	0.028712324991665237	-0.029427062173633483	0.046809428038153786	-0.04832871680208782	0.02592909086920174	-0.053941823877439725	0.0434931534293645	-0.04593133922131511	0.03663930923932893	-0.13752881596283842	0.07119020107206106	-0.06715701945015744	0.05235821763690529	-0.04879533218376694	0.1280428806049685	-0.11373995014845963	0.11137065754498651	-0.0623224130813022	0.059344447916433174	-0.37932036120074014	1.0000000000000027	-0.37112262908927585	0.10717471825340093	-0.10969179869752009	0.2715935753399404	-0.7490823508453268	0.25702643472226183	-0.127689472826516	0.1308081671701898
0.029850480029915843	-0.03419440010294827	0.034871462477083386	-0.06139746980640074	0.06256426882032037	-0.029461580627146683	0.06259800498729907	-0.05200064618290702	0.06000847637566298	-0.04897662787783911	0.10296607196634554	-0.08359197345602645	0.07927718684456034	-0.0718760903779291	0.06654790927584643	-0.09967883834516734	0.15396875868849433	-0.21036076374460214	0.09217394135297338	-0.08949594305614096	0.14611309973798153	-0.37112262908927585	1.000000000000003	-0.269967538873678	0.1997413360165449	-0.17867733271287434	0.27345525241194296	-0.7046266678013995	0.23895096608902516	-0.29765870904268776
-0.021410964404304275	0.025748046124800153	-0.026252829419769315	0.05759743840184372	-0.06440650287398877	0.021145242059988873	-0.04448436847603478	0.0387113385436065	-0.06050263905004144	0.05180094968336389	-0.05478231863491167	0.05526419657442612	-0.056185581490759764	0.07374565373933367	-0.07920220949857802	0.05032130092971585	-0.08332353947799323	0.0900465331831438	-0.11684467874867993	0.12113008426463193	-0.05808890089264244	0.10717471825340093	-0.269967538873678	1.0000000000000029	-0.8909179682513555	0.06831405881114026	-0.10558565189867067	0.17688168449320651	-0.21275773482361823	0.2068321859678669
0.020880232170529495	-0.02537406562011018	0.02572900836334285	-0.05826795432608199	0.06298489060193715	-0.0207396778149844	0.043075762058754574	-0.038010741902475664	0.059658669961101085	-0.05217393350752023	0.05292798181219311	-0.05414904819671271	0.0543025622698563	-0.07433155348508506	0.07887634296685493	-0.049613329450513624	0.07731930110297812	-0.08681100227246144	0.11043307534121287	-0.14363571398699965	0.05784319679753406	-0.10969179869752009	0.1997413360165449	-0.8909179682513555	1.0000000000000033	-0.07072385226123616	0.10164211368095016	-0.18465708301753903	0.19010802454319983	-0.2764247705652834
-0.03312482558142367	0.03426160181240893	-0.035185542276533824	0.050122726071520254	-0.05114057291772408	0.03250588604017617	-0.06578507535078339	0.05190072188449145	-0.04907378191180391	0.03831703924701336	-0.24459076015929593	0.08855190410651298	-0.08158876665569982	0.05490092076505465	-0.04998151729507099	0.2072395992626702	-0.11395309254113214	0.10249520979958418	-0.05992840820411108	0.056396277003953735	-0.8205903206449243	0.2715935753399404	-0.17867733271287434	0.06831405881114026	-0.07072385226123616	1.0000000000000036	-0.3529335887208401	0.14639795539878223	-0.07853895380738067	0.08281891920840363
0.023161132215291577	-0.025461809519413202	0.02595461689219305	-0.04266313196376912	0.043338690839149464	-0.022861421308129192	0.047024513457728886	-0.03841646610915517	0.041211353056293906	-0.033086118203114925	0.11278156050067305	-0.06252936235900622	0.058209386367002375	-0.04722098528639675	0.0438447975272596	-0.1122211797430954	0.09589686657786872	-0.10011133299986974	0.05597000932309969	-0.05467037949168364	0.24698520224872436	-0.7490823508453268	0.27345525241194296	-0.10558565189867067	0.10164211368095016	-0.3529335887208401	1.000000000000004	-0.4051473033795999	0.1454214552889731	-0.1629058659066736
-0.026185982384541052	0.0295198890484615	-0.03033367832738156	0.05204228613993582	-0.05495462203974864	0.02559856519198831	-0.05498980548330967	0.04482104170829625	-0.05189848687382442	0.042025156642073035	-0.09186895692322639	0.07038821761478539	-0.06907162242681729	0.060021109574182205	-0.05745667193563501	0.08377141706826363	-0.13099595390064966	0.13565621633345198	-0.07696735012037763	0.07337964658747642	-0.12838926620560825	0.25702643472226183	-0.7046266678013995	0.17688168449320651	-0.18465708301753903	0.14639795539878223	-0.4051473033795999	1.0000000000000047	-0.3877103831513772	0.25772421700140513
0.016496522974139734	-0.018961850910468373	0.019362641221072688	-0.036439204889495924	0.03853888965613341	-0.01621283852481393	0.03414453093618579	-0.028493485481827972	0.03606460876063271	-0.029864028081159826	0.05189607141601656	-0.04309349250402582	0.04229117911619484	-0.04190977809920465	0.041352969441275436	-0.047863577651622115	0.07100692490541269	-0.07603317802733411	0.054862829492090454	-0.0568908124401021	0.06580525019081865	-0.127689472826516	0.23895096608902516	-0.21275773482361823	0.19010802454319983	-0.07853895380738067	0.1454214552889731	-0.3877103831513772	1.0000000000000044	-0.8438440723318269
-0.02058845936929596	0.02353631907536196	-0.024138545676085053	0.0448851014530045	-0.04864291510328657	0.020126790957511707	-0.04279815688268972	0.03538686308546887	-0.04511373835379709	0.03719098160433356	-0.06277518022234152	0.052969820277346466	-0.05289335280873224	0.051552148212576136	-0.05199316811792502	0.05623557828357097	-0.08934081804434787	0.09066731230285252	-0.0680884889477105	0.06956789586081816	-0.0730960557919608	0.1308081671701898	-0.29765870904268776	0.2068321859678669	-0.2764247705652834	0.08281891920840363	-0.1629058659066736	0.25772421700140513	-0.8438440723318269	1.0000000000000044
