1.0	-0.04853237304005398	0.02748724102381156	-0.017147639912074505	0.0190285071433261	-0.9921819924364298	0.05723577871441098	-0.027961268215459974	0.01567553072174021	-0.017926636965733492	0.060214005352031086	-0.05124916565761134	0.03466540616473136	-0.014503266172420134	0.01704130902871134	-0.058745566921081425	0.02586504255233849	-0.029782269378617145	0.014351257121539686	-0.013813886357361404	0.02575364015848369	-0.021807106800935696	0.0191243850066784	-0.012888373252344707	0.011840065704609135	-0.02729350233713153	0.019768894468948858	-0.013083131318245268	0.016148896905419974	-0.017283781301281175
-0.04853237304005398	1.0000000000000002	-0.4759962561629998	0.1656363593829286	-0.1853399569168846	0.04656902856311946	-0.7203600679278194	0.26112485585953477	-0.1426158749430356	0.14486571359973216	-0.041634073267658944	0.2744187928671614	-0.28338714459667325	0.10304647428579308	-0.12382917320926372	0.03760066131072231	-0.08755449840727171	0.10114274128669705	-0.06585493150078713	0.062259086857701	-0.07382266384810707	0.06268155635792443	-0.07585909200081022	0.05387489401292845	-0.051088614505400434	0.08467860959240452	-0.07576983566698949	0.05062234559707128	-0.06563475575314028	0.06875819217317637
0.02748724102381156	-0.4759962561629998	1.0000000000000004	-0.33436762336505577	0.23451182559313477	-0.027108102554532696	0.2571978040590598	-0.6619480950899207	0.21655968047359497	-0.2241080540117132	0.035216208464462856	-0.26164788116680326	0.25077783402621984	-0.1027389565316374	0.11027430756729377	-0.032479330644357	0.07684102873573082	-0.096888924903828	0.05951327391991387	-0.0580205994461937	0.0640252887092546	-0.056291868691871215	0.06709172941259708	-0.04909256745067697	0.04651133108063315	-0.07958029502167832	0.06591890669508392	-0.04505217398807733	0.05776493935554852	-0.06437067008699476
-0.017147639912074505	0.1656363593829286	-0.33436762336505577	1.0000000000000009	-0.7772077830772124	0.016759958156291492	-0.14529031669686668	0.23421531278796345	-0.40607301494161646	0.2875834730678235	-0.024408778497072892	0.1585049740128689	-0.17636301746441593	0.0848147459321706	-0.09410513541901938	0.022401085984955018	-0.05271582187795476	0.0660926847586269	-0.04555696348026416	0.04409300768224829	-0.0453640338279067	0.03938558958430729	-0.049449060271586895	0.03670385252364488	-0.035080715943900415	0.05755879941553502	-0.04849844387920477	0.0331834064975042	-0.04293136602666069	0.047626464893943746
0.0190285071433261	-0.1853399569168846	0.23451182559313477	-0.7772077830772124	1.0000000000000009	-0.01877668745460086	0.1475857880512853	-0.25008511290728547	0.28860492765129575	-0.43448257480701497	0.028775585045195697	-0.20112294830976354	0.1796011959125582	-0.09044112724052407	0.09809086548730472	-0.026611384962590655	0.06205859137798141	-0.07862438897987128	0.05178657661992912	-0.05085363377310508	0.05327513472494765	-0.04676860188002641	0.05747041952321123	-0.04256317022656633	0.040596129689550585	-0.06990983259927899	0.05676372626465742	-0.038869020160826454	0.0500074809928208	-0.056500530781650626
-0.9921819924364298	0.04656902856311946	-0.027108102554532696	0.016759958156291492	-0.01877668745460086	1.0000000000000002	-0.060167677843065516	0.02716642701008721	-0.015331948183011639	0.017420017258581284	-0.06428871665696007	0.04901575537520406	-0.03435488000440472	0.014265597052521313	-0.01683654461073509	0.05611234075216977	-0.025174286574644423	0.028604715162619223	-0.013989394094782184	0.01341630619387689	-0.025173302122541312	0.021076027017894555	-0.018629773598886963	0.012524862604061182	-0.01151178430187232	0.026173148231003536	-0.019274901771728505	0.01272047203945717	-0.01574184290986225	0.01671717970117041
0.05723577871441098	-0.7203600679278194	0.2571978040590598	-0.14529031669686668	0.1475857880512853	-0.060167677843065516	1.000000000000001	-0.2745147941465402	0.12904995219578355	-0.14532905845252206	0.04736580743772762	-0.5085051394761236	0.24417291886034204	-0.09521162805228216	0.1102389134719083	-0.04367348508187392	0.10150127711185303	-0.11623785826685307	0.06632163963465472	-0.06353249801893278	0.08029916523786096	-0.0714546016353623	0.07914101133535374	-0.055769344781786245	0.052396486261618476	-0.09340744166978202	0.07891647150093985	-0.05303450939282386	0.06774788910638932	-0.07268248153655077
-0.027961268215459974	0.26112485585953477	-0.6619480950899207	0.23421531278796345	-0.25008511290728547	0.02716642701008721	-0.2745147941465402	1.0000000000000016	-0.3306273587589918	0.23578825459386898	-0.03877922354331516	0.24453698270010726	-0.44537384869715396	0.13704053554284293	-0.15142790525836544	0.03541269017986483	-0.08614798987363526	0.10865323471288248	-0.07123101473155473	0.06838743668759642	-0.07213468720917288	0.0623815927555744	-0.07722826094919061	0.057041786104311425	-0.054282041311357256	0.0869479353439718	-0.07481118642024498	0.051292947521410615	-0.06619570293120604	0.0727584982433765
0.01567553072174021	-0.1426158749430356	0.21655968047359497	-0.40607301494161646	0.28860492765129575	-0.015331948183011639	0.12904995219578355	-0.3306273587589918	1.0	-0.782885025661447	0.023862831237416084	-0.15034565332088276	0.18422145265754755	-0.11961630662642346	0.11752153694254877	-0.021906572023244066	0.05206506815043384	-0.06626845728140643	0.04949096215241088	-0.04804648210449501	0.04486135530132403	-0.039052043437701744	0.050364743444070784	-0.038695412023161034	0.03708559903279364	-0.057093646928419034	0.048379340276059064	-0.033615998825674495	0.043605498750812044	-0.04917468392832435
-0.017926636965733492	0.14486571359973216	-0.2241080540117132	0.2875834730678235	-0.43448257480701497	0.017420017258581284	-0.14532905845252206	0.23578825459386898	-0.782885025661447	0.9999999999999998	-0.027365495268082803	0.15964311319637592	-0.21899907822445727	0.12023374130328818	-0.14059391438726762	0.024970088269196566	-0.05933781338434597	0.07431251461800197	-0.05709900555111873	0.05484381786737497	-0.05177325824420637	0.04454176553460231	-0.05858345035230691	0.044460154783091156	-0.04284344254950973	0.06495777353070889	-0.0565448471801164	0.03900132233974731	-0.05089070657217328	0.05614061164962519
0.060214005352031086	-0.041634073267658944	0.035216208464462856	-0.024408778497072892	0.028775585045195697	-0.06428871665696007	0.04736580743772762	-0.03877922354331516	0.023862831237416084	-0.027365495268082803	0.9999999999999998	-0.10143067902369096	0.0736538802940179	-0.03505468894394676	0.04043005859479587	-0.94735778167852	0.14692959075139475	-0.16071466231328402	0.05493003022686189	-0.05310376969043501	0.1567818741324981	-0.13799422296035962	0.08180571175273042	-0.053015518853050406	0.046538757384160176	-0.1328921964405013	0.0829077263540879	-0.05578056011164932	0.06470385237540213	-0.07029555215425268
-0.05124916565761134	0.2744187928671614	-0.26164788116680326	0.1585049740128689	-0.20112294830976354	0.04901575537520406	-0.5085051394761236	0.24453698270010726	-0.15034565332088276	0.15964311319637592	-0.10143067902369096	0.9999999999999984	-0.5473425901617766	0.18548732217650543	-0.23337588170378046	0.08867967762626645	-0.24428200275629994	0.22047774341822984	-0.1366388364354245	0.12589376574510353	-0.17813052155570003	0.14885790707248875	-0.1670121163639306	0.11334494362078426	-0.10631711565629362	0.17819429779465124	-0.168769804553015	0.11035199120806977	-0.14289965362913948	0.14166272295642268
0.03466540616473136	-0.28338714459667325	0.25077783402621984	-0.17636301746441593	0.1796011959125582	-0.03435488000440472	0.24417291886034204	-0.44537384869715396	0.18422145265754755	-0.21899907822445727	0.0736538802940179	-0.5473425901617766	1.0000000000000009	-0.3452950482256079	0.24683143794010692	-0.06890505251956992	0.172959383552409	-0.25941632564772926	0.13558749142615958	-0.13644096806155956	0.13864943196191473	-0.12592049341834902	0.14732523158843025	-0.11217639397345962	0.10488674250756487	-0.1772897726104397	0.13955890806719606	-0.0984784844434696	0.12425456933727735	-0.147402786247409
-0.014503266172420134	0.10304647428579308	-0.1027389565316374	0.0848147459321706	-0.09044112724052407	0.014265597052521313	-0.09521162805228216	0.13704053554284293	-0.11961630662642346	0.12023374130328818	-0.03505468894394676	0.18548732217650543	-0.3452950482256079	0.9999999999999991	-0.8714472282816269	0.03240753623429993	-0.08029700837555974	0.10940789980243326	-0.17051579668122469	0.1483254150893054	-0.071211943796613	0.06350594296296143	-0.10389017080932886	0.10159611480852652	-0.09931295011979409	0.09738657009363101	-0.08481071023856268	0.0662917343626816	-0.08800462422133644	0.10854182466993227
0.01704130902871134	-0.12382917320926372	0.11027430756729377	-0.09410513541901938	0.09809086548730472	-0.01683654461073509	0.1102389134719083	-0.15142790525836544	0.11752153694254877	-0.14059391438726762	0.04043005859479587	-0.23337588170378046	0.24683143794010692	-0.8714472282816269	0.9999999999999986	-0.03766027092181662	0.09106274758057849	-0.12575585542648351	0.15901299298083446	-0.19052738611014824	0.08119445127154518	-0.0731642115537057	0.11349947221318	-0.11168412572288616	0.1112209533115724	-0.11561797431530693	0.09588780945717616	-0.07470627763772186	0.09801459180515137	-0.12958956309458347
-0.058745566921081425	0.03760066131072231	-0.032479330644357	0.022401085984955018	-0.026611384962590655	0.05611234075216977	-0.04367348508187392	0.03541269017986483	-0.021906572023244066	0.024970088269196566	-0.94735778167852	0.08867967762626645	-0.06890505251956992	0.03240753623429993	-0.03766027092181662	0.9999999999999974	-0.1668119315562346	0.14147035605354003	-0.051004007006500984	0.04833533073120721	-0.18727446271886997	0.1339895062176683	-0.07769848913187496	0.04895344331947288	-0.04287785396823261	0.11672780507435704	-0.07880537030201007	0.05201816586020661	-0.0606897237385779	0.0634225955614238
0.02586504255233849	-0.08755449840727171	0.07684102873573082	-0.05271582187795476	0.06205859137798141	-0.025174286574644423	0.10150127711185303	-0.08614798987363526	0.05206506815043384	-0.05933781338434597	0.14692959075139475	-0.24428200275629994	0.172959383552409	-0.08029700837555974	0.09106274758057849	-0.1668119315562346	0.9999999999999959	-0.6924307344884242	0.13014439842325512	-0.12086434453218489	0.2867608980581713	-0.5120598608226083	0.19913472729405982	-0.12488551827655575	0.10453173210726735	-0.2372550426157387	0.1762516183718275	-0.12546637276006734	0.14028260976936544	-0.15110548753514152
-0.029782269378617145	0.10114274128669705	-0.096888924903828	0.0660926847586269	-0.07862438897987128	0.028604715162619223	-0.11623785826685307	0.10865323471288248	-0.06626845728140643	0.07431251461800197	-0.16071466231328402	0.22047774341822984	-0.25941632564772926	0.10940789980243326	-0.12575585542648351	0.14147035605354003	-0.6924307344884242	0.9999999999999962	-0.19799369258477403	0.15746406455901	-0.34198369638820386	0.28472621470840803	-0.31335968300447864	0.16846459959007826	-0.14224101413503898	0.24339437041579484	-0.23877262413920267	0.16460734108364	-0.19402520575618407	0.18567691252442595
0.014351257121539686	-0.06585493150078713	0.05951327391991387	-0.04555696348026416	0.05178657661992912	-0.013989394094782184	0.06632163963465472	-0.07123101473155473	0.04949096215241088	-0.05709900555111873	0.05493003022686189	-0.1366388364354245	0.13558749142615958	-0.17051579668122469	0.15901299298083446	-0.051004007006500984	0.13014439842325512	-0.19799369258477403	0.9999999999999952	-0.6376184898223369	0.1270241460382783	-0.1194566457929248	0.26640232187721613	-0.5543180006734619	0.31093097493077293	-0.2021689365051189	0.17637038063548396	-0.1713982080464908	0.21624451526547694	-0.32326703834602266
-0.013813886357361404	0.062259086857701	-0.0580205994461937	0.04409300768224829	-0.05085363377310508	0.01341630619387689	-0.06353249801893278	0.06838743668759642	-0.04804648210449501	0.05484381786737497	-0.05310376969043501	0.12589376574510353	-0.13644096806155956	0.1483254150893054	-0.19052738611014824	0.04833533073120721	-0.12086434453218489	0.15746406455901	-0.6376184898223369	0.9999999999999953	-0.12382806110484239	0.10931072374757603	-0.2804483360576694	0.3115412056650148	-0.56337251849135	0.17625476517166197	-0.18902460062240842	0.16486898443116682	-0.24161083343384482	0.2861124971980325
0.02575364015848369	-0.07382266384810707	0.0640252887092546	-0.0453640338279067	0.05327513472494765	-0.025173302122541312	0.08029916523786096	-0.07213468720917288	0.04486135530132403	-0.05177325824420637	0.1567818741324981	-0.17813052155570003	0.13864943196191473	-0.071211943796613	0.08119445127154518	-0.18727446271886997	0.2867608980581713	-0.34198369638820386	0.1270241460382783	-0.12382806110484239	0.9999999999999962	-0.7132986695287405	0.20537858134487436	-0.13001383898996255	0.11032098296248632	-0.42466171228525723	0.21735826012281206	-0.14379583534586174	0.15889772425446252	-0.16811424731293262
-0.021807106800935696	0.06268155635792443	-0.056291868691871215	0.03938558958430729	-0.04676860188002641	0.021076027017894555	-0.0714546016353623	0.0623815927555744	-0.039052043437701744	0.04454176553460231	-0.13799422296035962	0.14885790707248875	-0.12592049341834902	0.06350594296296143	-0.0731642115537057	0.1339895062176683	-0.5120598608226083	0.28472621470840803	-0.1194566457929248	0.10931072374757603	-0.7132986695287405	0.9999999999999968	-0.23571143657945984	0.12257098597224038	-0.10132167552381162	0.24744012089468725	-0.21791062804705819	0.13656614853667476	-0.14881796084114798	0.14399594615106667
0.0191243850066784	-0.07585909200081022	0.06709172941259708	-0.049449060271586895	0.05747041952321123	-0.018629773598886963	0.07914101133535374	-0.07722826094919061	0.050364743444070784	-0.05858345035230691	0.08180571175273042	-0.1670121163639306	0.14732523158843025	-0.10389017080932886	0.11349947221318	-0.07769848913187496	0.19913472729405982	-0.31335968300447864	0.26640232187721613	-0.2804483360576694	0.20537858134487436	-0.23571143657945984	0.9999999999999959	-0.5052205369047359	0.25694430701667725	-0.34089512635424823	0.27952037476863856	-0.43613375020911554	0.3037572182122274	-0.3868409522023235
-0.012888373252344707	0.05387489401292845	-0.04909256745067697	0.03670385252364488	-0.04256317022656633	0.012524862604061182	-0.055769344781786245	0.057041786104311425	-0.038695412023161034	0.044460154783091156	-0.053015518853050406	0.11334494362078426	-0.11217639397345962	0.10159611480852652	-0.11168412572288616	0.04895344331947288	-0.12488551827655575	0.16846459959007826	-0.5543180006734619	0.3115412056650148	-0.13001383898996255	0.12257098597224038	-0.5052205369047359	0.9999999999999962	-0.4822644826347526	0.19525934267591813	-0.19740932630097124	0.21109227018963928	-0.3048290542542882	0.2973972084489564
0.011840065704609135	-0.051088614505400434	0.04651133108063315	-0.035080715943900415	0.040596129689550585	-0.01151178430187232	0.052396486261618476	-0.054282041311357256	0.03708559903279364	-0.04284344254950973	0.046538757384160176	-0.10631711565629362	0.10488674250756487	-0.09931295011979409	0.1112209533115724	-0.04287785396823261	0.10453173210726735	-0.14224101413503898	0.31093097493077293	-0.56337251849135	0.11032098296248632	-0.10132167552381162	0.25694430701667725	-0.4822644826347526	0.9999999999999969	-0.17586443969136153	0.1716532964932398	-0.16718063985354267	0.23253497538436146	-0.5624330451810886
-0.02729350233713153	0.08467860959240452	-0.07958029502167832	0.05755879941553502	-0.06990983259927899	0.026173148231003536	-0.09340744166978202	0.0869479353439718	-0.057093646928419034	0.06495777353070889	-0.1328921964405013	0.17819429779465124	-0.1772897726104397	0.09738657009363101	-0.11561797431530693	0.11672780507435704	-0.2372550426157387	0.24339437041579484	-0.2021689365051189	0.17625476517166197	-0.42466171228525723	0.24744012089468725	-0.34089512635424823	0.19525934267591813	-0.17586443969136153	0.9999999999999966	-0.6089089722154796	0.27511077876279777	-0.3469146227714873	0.23966919736411224
0.019768894468948858	-0.07576983566698949	0.06591890669508392	-0.04849844387920477	0.05676372626465742	-0.019274901771728505	0.07891647150093985	-0.07481118642024498	0.048379340276059064	-0.0565448471801164	0.0829077263540879	-0.168769804553015	0.13955890806719606	-0.08481071023856268	0.09588780945717616	-0.07880537030201007	0.1762516183718275	-0.23877262413920267	0.17637038063548396	-0.18902460062240842	0.21735826012281206	-0.21791062804705819	0.27952037476863856	-0.19740932630097124	0.1716532964932398	-0.6089089722154796	0.9999999999999972	-0.5472974085579289	0.30150966761373743	-0.3041567211949705
-0.013083131318245268	0.05062234559707128	-0.04505217398807733	0.0331834064975042	-0.038869020160826454	0.01272047203945717	-0.05303450939282386	0.051292947521410615	-0.033615998825674495	0.03900132233974731	-0.05578056011164932	0.11035199120806977	-0.0984784844434696	0.0662917343626816	-0.07470627763772186	0.05201816586020661	-0.12546637276006734	0.16460734108364	-0.1713982080464908	0.16486898443116682	-0.14379583534586174	0.13656614853667476	-0.43613375020911554	0.21109227018963928	-0.16718063985354267	0.27511077876279777	-0.5472974085579289	0.9999999999999969	-0.6224308017179228	0.2585952639393587
0.016148896905419974	-0.06563475575314028	0.05776493935554852	-0.04293136602666069	0.0500074809928208	-0.01574184290986225	0.06774788910638932	-0.06619570293120604	0.043605498750812044	-0.05089070657217328	0.06470385237540213	-0.14289965362913948	0.12425456933727735	-0.08800462422133644	0.09801459180515137	-0.0606897237385779	0.14028260976936544	-0.19402520575618407	0.21624451526547694	-0.24161083343384482	0.15889772425446252	-0.14881796084114798	0.3037572182122274	-0.3048290542542882	0.23253497538436146	-0.3469146227714873	0.30150966761373743	-0.6224308017179228	0.999999999999997	-0.48385757457148326
-0.017283781301281175	0.06875819217317637	-0.06437067008699476	0.047626464893943746	-0.056500530781650626	0.01671717970117041	-0.07268248153655077	0.0727584982433765	-0.04917468392832435	0.05614061164962519	-0.07029555215425268	0.14166272295642268	-0.147402786247409	0.10854182466993227	-0.12958956309458347	0.0634225955614238	-0.15110548753514152	0.18567691252442595	-0.32326703834602266	0.2861124971980325	-0.16811424731293262	0.14399594615106667	-0.3868409522023235	0.2973972084489564	-0.5624330451810886	0.23966919736411224	-0.3041567211949705	0.2585952639393587	-0.48385757457148326	0.9999999999999969
