1.0000000000000002	-0.3256706656652065	0.24195431864350972	-0.17294341501645347	0.15050027382560477	-0.5441218839742176	0.28513888499234236	-0.34354164686276384	0.18149633840578575	-0.20681229361516618	0.26121974622205224	-0.3307120209739961	0.2040923733540036	-0.15474528765544943	0.16340629797956105	-0.19954723254444012	0.21177832099667498	-0.17399372921290726	0.1631150129523397	-0.1536255914498632	0.1951011227252609	-0.17497575050855166	0.13706227395006657	-0.15579941503584172	0.1308401357828857	-0.1825008222176336	0.14430224614235682	-0.14906880471938522	0.15950686472529937	-0.14240345643669802	0.0956493310954179	-0.11126207575981059	0.11872167151871306	-0.12555042673601596	0.21905616975596878
-0.3256706656652065	1.0000000000000009	-0.8526501981983422	0.1499770486486121	-0.12339733267908111	0.18857159238312968	-0.27906237398924244	0.20609808478908687	-0.14619159741393434	0.1289727552394788	-0.13284722890132472	0.17541874858062656	-0.11531472716916083	0.08302706567125372	-0.0883372271106506	0.09336532852950602	-0.10699487724162308	0.08312363777088172	-0.08110137228813802	0.07674768907554609	-0.09683566992872993	0.08180116910737872	-0.06564570543827022	0.07416687002699814	-0.06525406839829469	0.08318940752873213	-0.06838028599842232	0.06980924990317432	-0.07693713384690506	0.06857049920535045	-0.04440930131280616	0.050668123701350855	-0.05618662140358883	0.05876207437571609	-0.1043690169353125
0.24195431864350972	-0.8526501981983422	1.0000000000000004	-0.20920211313595907	0.13917427114604172	-0.19864889975626288	0.22068262862763885	-0.2489050297109381	0.1638724215484035	-0.1578508933316784	0.13464939558479644	-0.19171792344119223	0.1264328750698691	-0.09436386075641094	0.0987309024745398	-0.10054647726443784	0.11400394658613376	-0.09348278202517274	0.0902812608260576	-0.08769424970232986	0.10318968816789792	-0.0910938550092711	0.07324233054746566	-0.08357818791421846	0.07319620785458637	-0.09283649442857099	0.07572585440668912	-0.07840653370494949	0.0858642264763777	-0.07775956029293157	0.04943264110005367	-0.056857496502612945	0.0627653311193786	-0.06610007993455735	0.11640845225129995
-0.17294341501645347	0.1499770486486121	-0.20920211313595907	1.0000000000000004	-0.5938588481964758	0.12173601636181748	-0.15577244008186958	0.2199395636079157	-0.6543320036903628	0.3179933696569493	-0.0985530921446881	0.12397489387020051	-0.13911521368841356	0.10727133841056669	-0.11949579017975245	0.07625087223565019	-0.0949568514677146	0.0830494482812606	-0.08704887342215177	0.0909033719370826	-0.08475852422122451	0.07578418162052368	-0.0649504409991966	0.07549784226091762	-0.07412367938037026	0.07482196054114325	-0.06444341890950153	0.06817677207694597	-0.07897639264213892	0.07410955193935227	-0.04132636189770609	0.04681889688134498	-0.05559602264731509	0.0584326074050905	-0.1080182440717062
0.15050027382560477	-0.12339733267908111	0.13917427114604172	-0.5938588481964758	1.0000000000000009	-0.11448068858991281	0.13000495133666307	-0.2006571108985726	0.3103927979503495	-0.6903025847984772	0.09118844812949724	-0.11916899236108329	0.13236063892934333	-0.11239346596080814	0.13493376723147857	-0.07411587295577889	0.09223140221342127	-0.08614800622921785	0.08949285886426364	-0.10457517199629406	0.08233059630125822	-0.07737869575605665	0.06677314656967606	-0.07915783669586408	0.07940281108992144	-0.0761656081731488	0.0654394077947619	-0.07078145801126286	0.0817510310351897	-0.08059002129068701	0.04204827479378949	-0.04805052052303601	0.05721491942511594	-0.0608249556064105	0.11041008179938613
-0.5441218839742176	0.18857159238312968	-0.19864889975626288	0.12173601636181748	-0.11448068858991281	1.000000000000002	-0.43333491055851703	0.2541838770897248	-0.14482863525706535	0.13962937143747	-0.536716996098384	0.31557747189628715	-0.17543262629389664	0.12061838056189841	-0.13089447777279814	0.22011253357129662	-0.2277560950085161	0.13900700867718446	-0.13300945485403473	0.11437686318857783	-0.2175910462939028	0.14746542410570002	-0.11249368040758628	0.12145117763750746	-0.10144309486553642	0.15191720693484595	-0.1237690534338587	0.1178666069988259	-0.1274582774773217	0.1065957677728892	-0.0791679717519638	0.0882456624643795	-0.09469785677157613	0.09672070957766415	-0.1668801103517391
0.28513888499234236	-0.27906237398924244	0.22068262862763885	-0.15577244008186958	0.13000495133666307	-0.43333491055851703	1.0000000000000018	-0.5620344965353765	0.18493844678263854	-0.1666006872585219	0.26295511793716414	-0.5135690751976892	0.18912458865915036	-0.1307121988452175	0.13030852133634	-0.1622912967321808	0.17617470069983684	-0.12583245322474987	0.12098042230991236	-0.11254503958625003	0.1566237898920769	-0.12508790644659273	0.09860531845645427	-0.10977045413644683	0.09464628316202323	-0.12579414454289475	0.10341838072374095	-0.10322310865140819	0.11272257958893442	-0.09908359674748597	0.06610164223082454	-0.07480747443125296	0.0822890813662526	-0.08536246014415914	0.14693896799353326
-0.34354164686276384	0.20609808478908687	-0.2489050297109381	0.2199395636079157	-0.2006571108985726	0.2541838770897248	-0.5620344965353765	1.0000000000000013	-0.39810437900607293	0.2272060458731772	-0.21879211193407516	0.26698535224936937	-0.3391889882257261	0.18965277968238575	-0.19357291839956345	0.15259548677673193	-0.18995920607981415	0.15307353084610104	-0.15803582563991986	0.1503600264270038	-0.168454276685604	0.14091164946823692	-0.11962612724301659	0.1355514310069837	-0.1279184818895176	0.13901824750915773	-0.11998494294917084	0.12353407118511614	-0.14211878940381525	0.1277734095287443	-0.07635650661891845	0.08568011206700137	-0.1007951068487262	0.1047092795152491	-0.19240372481821386
0.18149633840578575	-0.14619159741393434	0.1638724215484035	-0.6543320036903628	0.3103927979503495	-0.14482863525706535	0.18493844678263854	-0.39810437900607293	1.000000000000002	-0.49058427123414333	0.11419637299274107	-0.15257262526325904	0.16747852053006257	-0.1433591991319419	0.14318181218873613	-0.08838569326631819	0.10874621255787706	-0.0983346658792465	0.10190987633620054	-0.11080270220347224	0.09682064413569291	-0.08825106813657181	0.07581990460399708	-0.0889994426520565	0.08647480430607528	-0.08680450948688255	0.07451162449827935	-0.07949908230124049	0.09131868182129313	-0.08743697354087876	0.04768151716255576	-0.054262957037685335	0.06417450593793092	-0.06778482167521949	0.12230623651883613
-0.20681229361516618	0.1289727552394788	-0.1578508933316784	0.3179933696569493	-0.6903025847984772	0.13962937143747	-0.1666006872585219	0.2272060458731772	-0.49058427123414333	1.0000000000000016	-0.11702012925855904	0.14321847914227187	-0.18865525463404834	0.1510488071880589	-0.21937115642428046	0.09501924357133376	-0.12191312104666555	0.11209881497298194	-0.12174576497991937	0.13876568417776267	-0.10842560834706141	0.09988565986174436	-0.08788689885300427	0.10354115177386615	-0.11102640118355833	0.09760828697783924	-0.08566259674573556	0.09226489191478845	-0.10998788082014693	0.10643371894754874	-0.05472412083774332	0.06187845834851821	-0.07590764295903879	0.08006248605293712	-0.1521036672170546
0.26121974622205224	-0.13284722890132472	0.13464939558479644	-0.0985530921446881	0.09118844812949724	-0.536716996098384	0.26295511793716414	-0.21879211193407516	0.11419637299274107	-0.11702012925855904	1.0000000000000018	-0.5715226653792111	0.15291019060301592	-0.10901155782356296	0.11377858355134267	-0.43639054164465624	0.24531607339697062	-0.14015897144203396	0.12514951340762528	-0.10371540838501633	0.2347343892525315	-0.15854775751046288	0.11199743747401184	-0.11845094238393347	0.09085523172444089	-0.16779935640795274	0.12654259612312935	-0.11744365873468955	0.12023590227058982	-0.09770371746738882	0.08081491872077134	-0.09137090295155262	0.0911030824522058	-0.09287307204709941	0.14622701848314154
-0.3307120209739961	0.17541874858062656	-0.19171792344119223	0.12397489387020051	-0.11916899236108329	0.31557747189628715	-0.5135690751976892	0.26698535224936937	-0.15257262526325904	0.14321847914227187	-0.5715226653792111	1.0000000000000004	-0.2225282232892275	0.1404600539067602	-0.14824222260742612	0.24326100105511506	-0.29142205454295034	0.15615969701999244	-0.14945339830436494	0.12599677787475402	-0.24023060630342022	0.16595565018364075	-0.1259251995598024	0.1340293751347628	-0.11141699743121145	0.1655809015019763	-0.13789645902074588	0.12940575329404552	-0.14021132608711318	0.11572754820403972	-0.08627636730999438	0.09558484103523507	-0.10344985143951954	0.10493686157070098	-0.17748874304301965
0.2040923733540036	-0.11531472716916083	0.1264328750698691	-0.13911521368841356	0.13236063892934333	-0.17543262629389664	0.18912458865915036	-0.3391889882257261	0.16747852053006257	-0.18865525463404834	0.15291019060301592	-0.2225282232892275	1.0000000000000002	-0.6725477957456342	0.2916237601943437	-0.13720827385433448	0.17782666575000844	-0.2524153010008798	0.22668020493626084	-0.26708866896397265	0.15257073848311278	-0.1679199352230409	0.16099445408888644	-0.19733593378357803	0.17256166001631068	-0.15477688975452833	0.1375483936342391	-0.15902107753445643	0.17633036770973748	-0.18465822475958596	0.08502595226801637	-0.0985208944256505	0.12094591488128019	-0.1309026998266135	0.207133994182156
-0.15474528765544943	0.08302706567125372	-0.09436386075641094	0.10727133841056669	-0.11239346596080814	0.12061838056189841	-0.1307121988452175	0.18965277968238575	-0.1433591991319419	0.1510488071880589	-0.10901155782356296	0.1404600539067602	-0.6725477957456342	0.9999999999999997	-0.5596232636707649	0.1002477417766519	-0.13628048495563275	0.1820690970545343	-0.25308419746622096	0.2444958587395798	-0.1158545025509212	0.12703247690830105	-0.1289377094807801	0.16499782768199092	-0.1704733399281441	0.1157439179204145	-0.1069574568554732	0.1238869744766388	-0.14998451282634265	0.15338786997668952	-0.065205063016191	0.07461884330287256	-0.09710400515677253	0.1040275835044198	-0.1750335602332696
0.16340629797956105	-0.0883372271106506	0.0987309024745398	-0.11949579017975245	0.13493376723147857	-0.13089447777279814	0.13030852133634	-0.19357291839956345	0.14318181218873613	-0.21937115642428046	0.11377858355134267	-0.14824222260742612	0.2916237601943437	-0.5596232636707649	0.9999999999999976	-0.10954621227780244	0.1456163600537938	-0.18787670075169627	0.21127463807597885	-0.5709509712596758	0.12664883705054347	-0.14384479422024	0.13701078442503045	-0.18044969337084366	0.23613173375109556	-0.1336648252569779	0.12052315632650573	-0.14436242170302843	0.1745296615506498	-0.22952751964523527	0.07492197560925072	-0.08703200014764878	0.11206823754767445	-0.12451214917954115	0.20558382370615422
-0.19954723254444012	0.09336532852950602	-0.10054647726443784	0.07625087223565019	-0.07411587295577889	0.22011253357129662	-0.1622912967321808	0.15259548677673193	-0.08838569326631819	0.09501924357133376	-0.43639054164465624	0.24326100105511506	-0.13720827385433448	0.1002477417766519	-0.10954621227780244	1.0000000000000002	-0.5355064597296584	0.17245853294976696	-0.1461050365793636	0.10354538280920868	-0.5860337455287297	0.22063915465383505	-0.14341021289193784	0.13922005565058324	-0.09500849409058032	0.2352157332865677	-0.17711368585696063	0.14512478347628308	-0.14201337183414195	0.10382993082123683	-0.10861124767766876	0.11762326529612219	-0.11085911710866758	0.10871908742475092	-0.15531853813763927
0.21177832099667498	-0.10699487724162308	0.11400394658613376	-0.0949568514677146	0.09223140221342127	-0.2277560950085161	0.17617470069983684	-0.18995920607981415	0.10874621255787706	-0.12191312104666555	0.24531607339697062	-0.29142205454295034	0.17782666575000844	-0.13628048495563275	0.1456163600537938	-0.5355064597296584	0.9999999999999974	-0.3300883265285907	0.21597933176801834	-0.1445493368411142	0.30679509191399396	-0.4526932113270604	0.23176799011182955	-0.22075881944692854	0.1302719565841813	-0.31164759882483717	0.2479262163213893	-0.22236938555509947	0.2004882206488152	-0.1458688651828405	0.14192635995741099	-0.16718364253807236	0.15695374923037733	-0.15789361603481458	0.20664041246149287
-0.17399372921290726	0.08312363777088172	-0.09348278202517274	0.0830494482812606	-0.08614800622921785	0.13900700867718446	-0.12583245322474987	0.15307353084610104	-0.0983346658792465	0.11209881497298194	-0.14015897144203396	0.15615969701999244	-0.2524153010008798	0.1820690970545343	-0.18787670075169627	0.17245853294976696	-0.3300883265285907	0.9999999999999968	-0.5491240285234849	0.1826785493094353	-0.20773150890435707	0.2662036834675266	-0.549548643179804	0.3166800896719096	-0.16400698150979884	0.1989887018585412	-0.22493084651171524	0.25006698847085146	-0.26537762468980497	0.17203611142399244	-0.11519979418039769	0.12648547613641462	-0.1854418610995417	0.17289282793662142	-0.23400005311838304
0.1631150129523397	-0.08110137228813802	0.0902812608260576	-0.08704887342215177	0.08949285886426364	-0.13300945485403473	0.12098042230991236	-0.15803582563991986	0.10190987633620054	-0.12174576497991937	0.12514951340762528	-0.14945339830436494	0.22668020493626084	-0.25308419746622096	0.21127463807597885	-0.1461050365793636	0.21597933176801834	-0.5491240285234849	0.9999999999999956	-0.26640275122643187	0.17130375333366632	-0.24097945850183036	0.2968809024467168	-0.5855538969601541	0.1836429322701001	-0.1901994942925636	0.18894364074986086	-0.23763132926229436	0.2576325391569209	-0.1983641749038886	0.10571508646088322	-0.12205125352783483	0.165162990660748	-0.1765981304804603	0.22206453107420554
-0.1536255914498632	0.07674768907554609	-0.08769424970232986	0.0909033719370826	-0.10457517199629406	0.11437686318857783	-0.11254503958625003	0.1503600264270038	-0.11080270220347224	0.13876568417776267	-0.10371540838501633	0.12599677787475402	-0.26708866896397265	0.2444958587395798	-0.5709509712596758	0.10354538280920868	-0.1445493368411142	0.1826785493094353	-0.26640275122643187	0.9999999999999978	-0.12451870562884543	0.14111959369028468	-0.14281323828701128	0.18759690912995738	-0.5585253029405008	0.12964192365379415	-0.12351152957024658	0.1493816214066125	-0.21486597374348926	0.27197934733995627	-0.07554315115962769	0.08624740058485234	-0.12266058710827889	0.1346185264372631	-0.25948566065507794
0.1951011227252609	-0.09683566992872993	0.10318968816789792	-0.08475852422122451	0.08233059630125822	-0.2175910462939028	0.1566237898920769	-0.168454276685604	0.09682064413569291	-0.10842560834706141	0.2347343892525315	-0.24023060630342022	0.15257073848311278	-0.1158545025509212	0.12664883705054347	-0.5860337455287297	0.30679509191399396	-0.20773150890435707	0.17130375333366632	-0.12451870562884543	0.9999999999999962	-0.3111012172118511	0.1782021422839726	-0.17825124517570018	0.11444010175066865	-0.5072150076099845	0.2429116570153235	-0.1979921253545343	0.17737420614160637	-0.12849709023986072	0.16880021684488	-0.19233395209829976	0.14573923535158306	-0.1452110631628521	0.1883352596006337
-0.17497575050855166	0.08180116910737872	-0.0910938550092711	0.07578418162052368	-0.07737869575605665	0.14746542410570002	-0.12508790644659273	0.14091164946823692	-0.08825106813657181	0.09988565986174436	-0.15854775751046288	0.16595565018364075	-0.1679199352230409	0.12703247690830105	-0.14384479422024	0.22063915465383505	-0.4526932113270604	0.2662036834675266	-0.24097945850183036	0.14111959369028468	-0.3111012172118511	0.9999999999999932	-0.4162721598552339	0.24100578608677684	-0.13849414528619963	0.2816856700283101	-0.5580110394864463	0.28172683480954175	-0.25218057338218564	0.15302715208136689	-0.1536665757839693	0.16164614710117536	-0.1961246858376816	0.17588994069681904	-0.2222981943872531
0.13706227395006657	-0.06564570543827022	0.07324233054746566	-0.0649504409991966	0.06677314656967606	-0.11249368040758628	0.09860531845645427	-0.11962612724301659	0.07581990460399708	-0.08788689885300427	0.11199743747401184	-0.1259251995598024	0.16099445408888644	-0.1289377094807801	0.13701078442503045	-0.14341021289193784	0.23176799011182955	-0.549548643179804	0.2968809024467168	-0.14281323828701128	0.1782021422839726	-0.4162721598552339	0.9999999999999953	-0.49025319739936035	0.13455010403619527	-0.1988063432876251	0.24948835892946541	-0.41527462165415757	0.25942304948386435	-0.1532155490365803	0.11054324862263916	-0.124460396641929	0.19083604328305004	-0.18271233510052592	0.19401333466570847
-0.15579941503584172	0.07416687002699814	-0.08357818791421846	0.07549784226091762	-0.07915783669586408	0.12145117763750746	-0.10977045413644683	0.1355514310069837	-0.0889994426520565	0.10354115177386615	-0.11845094238393347	0.1340293751347628	-0.19733593378357803	0.16499782768199092	-0.18044969337084366	0.13922005565058324	-0.22075881944692854	0.3166800896719096	-0.5855538969601541	0.18759690912995738	-0.17825124517570018	0.24100578608677684	-0.49025319739936035	0.9999999999999912	-0.18820353751661342	0.1846075181692514	-0.21357967871063793	0.26181444027978623	-0.4291452709175273	0.19916248844415918	-0.11032784585294134	0.12203924267867208	-0.19773592724079414	0.19519716010724736	-0.23907090792967495
0.1308401357828857	-0.06525406839829469	0.07319620785458637	-0.07412367938037026	0.07940281108992144	-0.10144309486553642	0.09464628316202323	-0.1279184818895176	0.08647480430607528	-0.11102640118355833	0.09085523172444089	-0.11141699743121145	0.17256166001631068	-0.1704733399281441	0.23613173375109556	-0.09500849409058032	0.1302719565841813	-0.16400698150979884	0.1836429322701001	-0.5585253029405008	0.11444010175066865	-0.13849414528619963	0.13455010403619527	-0.18820353751661342	0.9999999999999937	-0.12844777758999068	0.1202878243385696	-0.15848087471642827	0.22720005332172072	-0.6593348998335867	0.07407835525347634	-0.08652582100022002	0.12351639808762631	-0.14678726999869982	0.2451784546657503
-0.1825008222176336	0.08318940752873213	-0.09283649442857099	0.07482196054114325	-0.0761656081731488	0.15191720693484595	-0.12579414454289475	0.13901824750915773	-0.08680450948688255	0.09760828697783924	-0.16779935640795274	0.1655809015019763	-0.15477688975452833	0.1157439179204145	-0.1336648252569779	0.2352157332865677	-0.31164759882483717	0.1989887018585412	-0.1901994942925636	0.12964192365379415	-0.5072150076099845	0.2816856700283101	-0.1988063432876251	0.1846075181692514	-0.12844777758999068	0.9999999999999949	-0.5043218561284024	0.23995158756353505	-0.22411056973670687	0.1426090778044402	-0.36742139962102605	0.2552942727556576	-0.19435518938094515	0.1701316416810743	-0.22389916998628318
0.14430224614235682	-0.06838028599842232	0.07572585440668912	-0.06444341890950153	0.0654394077947619	-0.1237690534338587	0.10341838072374095	-0.11998494294917084	0.07451162449827935	-0.08566259674573556	0.12654259612312935	-0.13789645902074588	0.1375483936342391	-0.1069574568554732	0.12052315632650573	-0.17711368585696063	0.2479262163213893	-0.22493084651171524	0.18894364074986086	-0.12351152957024658	0.2429116570153235	-0.5580110394864463	0.24948835892946541	-0.21357967871063793	0.1202878243385696	-0.5043218561284024	0.9999999999999951	-0.4630538139259412	0.23092348752226197	-0.14123237104974137	0.18821416235007232	-0.2225424450308393	0.20498912478126435	-0.1903188034029933	0.19304863948861006
-0.14906880471938522	0.06980924990317432	-0.07840653370494949	0.06817677207694597	-0.07078145801126286	0.1178666069988259	-0.10322310865140819	0.12353407118511614	-0.07949908230124049	0.09226489191478845	-0.11744365873468955	0.12940575329404552	-0.15902107753445643	0.1238869744766388	-0.14436242170302843	0.14512478347628308	-0.22236938555509947	0.25006698847085146	-0.23763132926229436	0.1493816214066125	-0.1979921253545343	0.28172683480954175	-0.41527462165415757	0.26181444027978623	-0.15848087471642827	0.23995158756353505	-0.4630538139259412	0.9999999999999929	-0.44655845083167844	0.18818607685895097	-0.1509034845533631	0.16395330999528235	-0.44304046273569686	0.2765845844248663	-0.24873364371348197
0.15950686472529937	-0.07693713384690506	0.0858642264763777	-0.07897639264213892	0.0817510310351897	-0.1274582774773217	0.11272257958893442	-0.14211878940381525	0.09131868182129313	-0.10998788082014693	0.12023590227058982	-0.14021132608711318	0.17633036770973748	-0.14998451282634265	0.1745296615506498	-0.14201337183414195	0.2004882206488152	-0.26537762468980497	0.2576325391569209	-0.21486597374348926	0.17737420614160637	-0.25218057338218564	0.25942304948386435	-0.4291452709175273	0.22720005332172072	-0.22411056973670687	0.23092348752226197	-0.44655845083167844	0.9999999999999928	-0.4107898552853809	0.13069979078423208	-0.15487457097037421	0.27230468660562407	-0.41069870496570954	0.2798951703136973
-0.14240345643669802	0.06857049920535045	-0.07775956029293157	0.07410955193935227	-0.08059002129068701	0.1065957677728892	-0.09908359674748597	0.1277734095287443	-0.08743697354087876	0.10643371894754874	-0.09770371746738882	0.11572754820403972	-0.18465822475958596	0.15338786997668952	-0.22952751964523527	0.10382993082123683	-0.1458688651828405	0.17203611142399244	-0.1983641749038886	0.27197934733995627	-0.12849709023986072	0.15302715208136689	-0.1532155490365803	0.19916248844415918	-0.6593348998335867	0.1426090778044402	-0.14123237104974137	0.18818607685895097	-0.4107898552853809	0.999999999999993	-0.08561694218320608	0.0983603822122826	-0.15885995102559985	0.18527393279613458	-0.42248079317947185
0.0956493310954179	-0.04440930131280616	0.04943264110005367	-0.04132636189770609	0.04204827479378949	-0.0791679717519638	0.06610164223082454	-0.07635650661891845	0.04768151716255576	-0.05472412083774332	0.08081491872077134	-0.08627636730999438	0.08502595226801637	-0.065205063016191	0.07492197560925072	-0.10861124767766876	0.14192635995741099	-0.11519979418039769	0.10571508646088322	-0.07554315115962769	0.16880021684488	-0.1536665757839693	0.11054324862263916	-0.11032784585294134	0.07407835525347634	-0.36742139962102605	0.18821416235007232	-0.1509034845533631	0.13069979078423208	-0.08561694218320608	0.9999999999999929	-0.8658784869718541	0.15589060991754436	-0.14140946762747028	0.1308895127710686
-0.11126207575981059	0.050668123701350855	-0.056857496502612945	0.04681889688134498	-0.04805052052303601	0.0882456624643795	-0.07480747443125296	0.08568011206700137	-0.054262957037685335	0.06187845834851821	-0.09137090295155262	0.09558484103523507	-0.0985208944256505	0.07461884330287256	-0.08703200014764878	0.11762326529612219	-0.16718364253807236	0.12648547613641462	-0.12205125352783483	0.08624740058485234	-0.19233395209829976	0.16164614710117536	-0.124460396641929	0.12203924267867208	-0.08652582100022002	0.2552942727556576	-0.2225424450308393	0.16395330999528235	-0.15487457097037421	0.0983603822122826	-0.8658784869718541	0.9999999999999918	-0.21177332691441156	0.15513403276113172	-0.15841130446671886
0.11872167151871306	-0.05618662140358883	0.0627653311193786	-0.05559602264731509	0.05721491942511594	-0.09469785677157613	0.0822890813662526	-0.1007951068487262	0.06417450593793092	-0.07590764295903879	0.0911030824522058	-0.10344985143951954	0.12094591488128019	-0.09710400515677253	0.11206823754767445	-0.11085911710866758	0.15695374923037733	-0.1854418610995417	0.165162990660748	-0.12266058710827889	0.14573923535158306	-0.1961246858376816	0.19083604328305004	-0.19773592724079414	0.12351639808762631	-0.19435518938094515	0.20498912478126435	-0.44304046273569686	0.27230468660562407	-0.15885995102559985	0.15589060991754436	-0.21177332691441156	0.9999999999999916	-0.74861140204996	0.22335413075755753
-0.12555042673601596	0.05876207437571609	-0.06610007993455735	0.0584326074050905	-0.0608249556064105	0.09672070957766415	-0.08536246014415914	0.1047092795152491	-0.06778482167521949	0.08006248605293712	-0.09287307204709941	0.10493686157070098	-0.1309026998266135	0.1040275835044198	-0.12451214917954115	0.10871908742475092	-0.15789361603481458	0.17289282793662142	-0.1765981304804603	0.1346185264372631	-0.1452110631628521	0.17588994069681904	-0.18271233510052592	0.19519716010724736	-0.14678726999869982	0.1701316416810743	-0.1903188034029933	0.2765845844248663	-0.41069870496570954	0.18527393279613458	-0.14140946762747028	0.15513403276113172	-0.74861140204996	0.9999999999999916	-0.32941685958637923
0.21905616975596878	-0.1043690169353125	0.11640845225129995	-0.1080182440717062	0.11041008179938613	-0.1668801103517391	0.14693896799353326	-0.19240372481821386	0.12230623651883613	-0.1521036672170546	0.14622701848314154	-0.17748874304301965	0.207133994182156	-0.1750335602332696	0.20558382370615422	-0.15531853813763927	0.20664041246149287	-0.23400005311838304	0.22206453107420554	-0.25948566065507794	0.1883352596006337	-0.2222981943872531	0.19401333466570847	-0.23907090792967495	0.2451784546657503	-0.22389916998628318	0.19304863948861006	-0.24873364371348197	0.2798951703136973	-0.42248079317947185	0.1308895127710686	-0.15841130446671886	0.22335413075755753	-0.32941685958637923	0.9999999999999916
