1.0	-0.8141932765479082	0.28658905976426724	-0.4150639701964024	0.013369080501125664	-0.22170193943113392	0.17669447826903215	-0.1730467176536959	0.15364027957420606	-0.01308720137274347	0.0674114985686432	-0.09361622759170186	0.10611596657314531	-0.09143310339480978	0.05032979009220487	-0.06863215551115523	0.06938618240194637	-0.08353975978319546	0.09928639173582277	-0.043358105479089686	0.061094148149700093	-0.07534310102398889	0.06457809025602781	-0.08014599344652183	0.04551044659148285	-0.04213054288538126	0.07423989403760319	-0.05883651903015771	0.0644619313797523	-0.05022205567733389	0.06536869687068242	-0.055494133546423706	0.047984238390232595	-0.044181920550463376	0.02717312259281632	-0.07171326107144439	0.05269933070818787	-0.04766990358996846	0.05100841805572139	-0.03353115672908151
-0.8141932765479082	1.0000000000000002	-0.4422909392125392	0.2897259846937166	-0.01153253874571629	0.16429518748995314	-0.1869674664058125	0.15761972893854803	-0.14612800683790797	0.011225928740775654	-0.05849794595971381	0.08182587653441967	-0.09790179091866084	0.08200261746966063	-0.04479743606414021	0.05840330007783673	-0.06059401780498138	0.0718186450063934	-0.09020415530111102	0.03823448378557588	-0.05321783583414837	0.06454724980837907	-0.05598511014235629	0.06889766354347703	-0.039512566042277354	0.036509610917061217	-0.06485621462022388	0.05080958983083605	-0.05621059295502772	0.043075634732458325	-0.056831109384543776	0.04749540641555691	-0.04143192100579231	0.0381488066492336	-0.02333171449788424	0.05984345223245813	-0.04513324578018464	0.040814982549380784	-0.04429299778522073	0.028616732430429025
0.28658905976426724	-0.4422909392125392	1.0000000000000002	-0.8096418089170487	0.012891781631203537	-0.13583098037290608	0.15472082306710058	-0.22334695071936211	0.15201990754267805	-0.012630402196485943	0.05398281390176038	-0.07895462091439631	0.10131909600109718	-0.08341939386347981	0.041890040899464916	-0.05407228527032967	0.05695005658337719	-0.06786343087189263	0.08522508877125237	-0.03599058650770978	0.04728504621694093	-0.0597315885996821	0.051828439691868025	-0.0638204487309904	0.036443081861853396	-0.03254526403976452	0.05837572761295071	-0.046180900514743946	0.050857802984294036	-0.03975942425777231	0.0501350830915818	-0.04238421477681781	0.03709812607257231	-0.03435107578146798	0.021302803452012287	-0.05305384569294964	0.039980304459930074	-0.036530813960526314	0.03967024241183635	-0.026166350817177244
-0.4150639701964024	0.2897259846937166	-0.8096418089170487	1.0000000000000002	-0.016865302097661534	0.15766035712863627	-0.18122666605122073	0.19334062990969714	-0.202147014558324	0.016328538705320736	-0.065458443507168	0.09257661230040669	-0.11958474284070852	0.1014705691525896	-0.052669868745759005	0.06495987783630042	-0.06882229988904791	0.0815306863331616	-0.1078109412628336	0.04486265613609716	-0.05920610804496263	0.07254201619334817	-0.06351874434896491	0.0784496227744516	-0.04525794387993128	0.04060622144143737	-0.07291257033597875	0.05712439549864666	-0.0634809568971495	0.0490540007465951	-0.06301614411135165	0.05269458442028382	-0.04626384528497217	0.04276023412012769	-0.026397787109868228	0.06548197004745236	-0.049907833346986244	0.0454037984591407	-0.04963406218248896	0.032314297711417805
0.013369080501125664	-0.01153253874571629	0.012891781631203537	-0.016865302097661534	0.9999999999999998	-0.02901739656795676	0.020408357793131843	-0.024997035592936655	0.03802053802695969	-0.995204716545113	0.013683068885885769	-0.019926592403078012	0.022020109754648742	-0.028172485058355408	0.05760518300548278	-0.014641012834273527	0.015683512576280673	-0.020376430162630358	0.02913643922126336	-0.04992526169085431	0.013391482695779649	-0.01847012952224099	0.01669216355785511	-0.02609557988014046	0.02498070040402954	-0.009447541673357656	0.017799255813474673	-0.015146623512481689	0.017415070236727278	-0.02827433979845843	0.014320588759925305	-0.013201443810913689	0.01190292181778291	-0.011779911705025124	0.012475707304183762	-0.016449515794498167	0.0122363192493593	-0.011926956802701637	0.013227520316295188	-0.015808987353001888
-0.22170193943113392	0.16429518748995314	-0.13583098037290608	0.15766035712863627	-0.02901739656795676	1.0000000000000007	-0.6201392273009154	0.30819855659014794	-0.4219786626253947	0.027944173267386945	-0.2092299151060691	0.23091149264869903	-0.269990973316779	0.2306538335386505	-0.1409848296921801	0.1821373497721175	-0.18439722871934877	0.20714710304126874	-0.28739564179133037	0.11699976434572881	-0.18969370335433797	0.1938441774985891	-0.1731939479345065	0.2075837615433001	-0.12189254796212774	0.1267239075935219	-0.22198457927437376	0.16369554046808507	-0.18783918898778815	0.1289614012226907	-0.20429825427011988	0.15660932290128407	-0.13876589193853217	0.12570685551304012	-0.07196906020637818	0.18378289687285906	-0.15174364779212726	0.13325487559754687	-0.1505339343276425	0.08647099393844385
0.17669447826903215	-0.1869674664058125	0.15472082306710058	-0.18122666605122073	0.020408357793131843	-0.6201392273009154	1.0000000000000007	-0.5923225733254465	0.28777549977751904	-0.019903126786814683	0.15508829868627352	-0.2547050918724313	0.24325856409649263	-0.1925406699828152	0.09918458172113843	-0.15738699059575886	0.15893287152232582	-0.18593860054508443	0.19798565829648712	-0.0862021642641101	0.12256480803497395	-0.16324913609866343	0.13669360169168604	-0.1629486048201725	0.09062166942470537	-0.08473793639463743	0.15008323016006017	-0.12006130053169563	0.12938886762538554	-0.09991430774836195	0.12868146305431777	-0.10979286297687514	0.09528859213732255	-0.08806555926028181	0.05366806945833305	-0.1385424018915813	0.10293205194051591	-0.09423091950860879	0.1010796784502079	-0.06617555884572313
-0.1730467176536959	0.15761972893854803	-0.22334695071936211	0.19334062990969714	-0.024997035592936655	0.30819855659014794	-0.5923225733254465	1.0000000000000013	-0.506320819486691	0.024333247367906034	-0.14823016790456595	0.2280064686140275	-0.39976288017544614	0.2429016510412583	-0.11108699149380041	0.1434938512818765	-0.15880315226550434	0.18328747233718656	-0.2377627508467576	0.09497663367140308	-0.11892000881796251	0.1559418810482668	-0.137161997158582	0.1642390569639685	-0.09373071451494851	0.0816969708486379	-0.14905926460191798	0.11790794253078914	-0.12981589434623156	0.10103008780825405	-0.12423669804081365	0.10509399527792333	-0.09290731487139252	0.08643117205599939	-0.05369516922622979	0.12810262965180233	-0.09822170243579681	0.09078859139262493	-0.09963827332590335	0.06567650947366595
0.15364027957420606	-0.14612800683790797	0.15201990754267805	-0.202147014558324	0.03802053802695969	-0.4219786626253947	0.28777549977751904	-0.506320819486691	1.0000000000000016	-0.038826636509338576	0.16505159849361095	-0.25699531410012494	0.293696697106978	-0.49584424234568364	0.1457214487915849	-0.17722661829374398	0.18268312475863502	-0.2348404582436544	0.2881412842919529	-0.13351825886581822	0.14174061492767248	-0.20225611395647072	0.1720667694768499	-0.23381129262015451	0.12822396097984795	-0.09979048042005884	0.17978403456572017	-0.1514154925975848	0.1623463204626849	-0.1458330464247114	0.14960946593270813	-0.13575925728737248	0.11755043833363525	-0.11127966235988646	0.07470701036109396	-0.17678234435475568	0.12559501432823142	-0.11830366002226161	0.1245276601038903	-0.09384428592651856
-0.01308720137274347	0.011225928740775654	-0.012630402196485943	0.016328538705320736	-0.995204716545113	0.027944173267386945	-0.019903126786814683	0.024333247367906034	-0.038826636509338576	1.000000000000002	-0.013271286577817098	0.019315812197150204	-0.021555744723362302	0.02762771179095136	-0.06120840998812888	0.014162173353931178	-0.015204037436661096	0.019707854200834804	-0.028671878044464166	0.048026947360056214	-0.012981950539562522	0.017846397728649672	-0.016161916680298167	0.025165670911384563	-0.024267568094611	0.009150747217021209	-0.017259524521472787	0.014648657449372998	-0.016876310277508254	0.02700457080509779	-0.013878440232582605	0.012760274756861053	-0.011517175192503878	0.01138657743611206	-0.011968888169063463	0.015860531571121137	-0.011834224244416849	0.01152232999488247	-0.012805834316051574	0.015097127594182566
0.0674114985686432	-0.05849794595971381	0.05398281390176038	-0.065458443507168	0.013683068885885769	-0.2092299151060691	0.15508829868627352	-0.14823016790456595	0.16505159849361095	-0.013271286577817098	1.0000000000000004	-0.4058846490480257	0.20916172781148146	-0.144530459044074	0.08080662659608855	-0.8034059665900759	0.2583773230804255	-0.22808032983723336	0.16401974280158688	-0.07039297804745588	0.14353193803026137	-0.1998520668518923	0.1537250862431341	-0.14956530980384067	0.07869718244258263	-0.10009256755048784	0.15004813872626124	-0.1203768433676825	0.12182402297262797	-0.08530083128454896	0.1244330178746526	-0.10622880872626785	0.08957267947097737	-0.08187707628795153	0.045990808841103376	-0.1269865389509473	0.0935248835017731	-0.08780963196778824	0.09239161512878266	-0.05625025564430748
-0.09361622759170186	0.08182587653441967	-0.07895462091439631	0.09257661230040669	-0.019926592403078012	0.23091149264869903	-0.2547050918724313	0.2280064686140275	-0.25699531410012494	0.019315812197150204	-0.4058846490480257	1.0000000000000004	-0.5469350385676588	0.23186205596073634	-0.1186550634741682	0.2758607328036708	-0.4752126176620187	0.2801417948155557	-0.2615293269024221	0.10101414976657783	-0.1571244533917651	0.23873075517418688	-0.20518607628591312	0.19233170906714706	-0.10587137268539065	0.10611956596833293	-0.19837884645226006	0.15224186786276242	-0.1614658911656851	0.11145131937542158	-0.15178973767751672	0.1269357110439059	-0.11328473237519102	0.10445948970181171	-0.06005265107667789	0.14606502356260306	-0.1152233140909151	0.10836953657753734	-0.12001717348343431	0.07258881724582111
0.10611596657314531	-0.09790179091866084	0.10131909600109718	-0.11958474284070852	0.022020109754648742	-0.269990973316779	0.24325856409649263	-0.39976288017544614	0.293696697106978	-0.021555744723362302	0.20916172781148146	-0.5469350385676588	1.0000000000000007	-0.46247771843634006	0.1301965815021582	-0.21805053719688053	0.24973220569804466	-0.32372075745938167	0.27778288017547154	-0.11643301156418297	0.13686470206479426	-0.22716866056593046	0.19058015422393387	-0.2110672138881265	0.11311938314680854	-0.09579735627212875	0.17697218711628812	-0.1480883491085102	0.15362421036663423	-0.12362137424369973	0.1374646425835824	-0.12233955878146599	0.10802638577257583	-0.10173237713306346	0.06380256006331682	-0.14775378250490806	0.11080473909827634	-0.10597065823328353	0.1141076910163681	-0.07869795824157677
-0.09143310339480978	0.08200261746966063	-0.08341939386347981	0.1014705691525896	-0.028172485058355408	0.2306538335386505	-0.1925406699828152	0.2429016510412583	-0.49584424234568364	0.02762771179095136	-0.144530459044074	0.23186205596073634	-0.46247771843634006	1.0000000000000044	-0.20331394872121583	0.14493394015597283	-0.1686467659427573	0.20924616811528782	-0.6040695861596449	0.1634431495799952	-0.11750084019995019	0.16932087408633348	-0.15638131714940035	0.21356329834793322	-0.12779014544721926	0.08193935865748302	-0.1563015399669187	0.12937172923369397	-0.14646824584497056	0.13257708031689233	-0.12193252877962053	0.10869718468361422	-0.09816470111370806	0.09442781175104134	-0.06600835558670369	0.1309331873970302	-0.09983072735509385	0.09599172993988496	-0.10675964703599539	0.08062247020974188
0.05032979009220487	-0.04479743606414021	0.041890040899464916	-0.052669868745759005	0.05760518300548278	-0.1409848296921801	0.09918458172113843	-0.11108699149380041	0.1457214487915849	-0.06120840998812888	0.08080662659608855	-0.1186550634741682	0.1301965815021582	-0.20331394872121583	1.000000000000001	-0.08703586473211666	0.09710772959373652	-0.12968688762292432	0.21394337886589943	-0.8523018909152642	0.08308337105473408	-0.11828169559264845	0.11180527380915124	-0.199260911162797	0.24458723407756483	-0.05894205017038099	0.11541980824483941	-0.10085337356113012	0.12050308946098962	-0.27563841418657625	0.08883785704641323	-0.08375953677947942	0.07786982568797336	-0.08004064823273797	0.10693985201813712	-0.09999036322390914	0.07687313625903198	-0.07764332692272186	0.08908833130574341	-0.13564162875025798
-0.06863215551115523	0.05840330007783673	-0.05407228527032967	0.06495987783630042	-0.014641012834273527	0.1821373497721175	-0.15738699059575886	0.1434938512818765	-0.17722661829374398	0.014162173353931178	-0.8034059665900759	0.2758607328036708	-0.21805053719688053	0.14493394015597283	-0.08703586473211666	1.0000000000000009	-0.3605750301884544	0.22093494833046473	-0.18047900231668157	0.07444921156249176	-0.18477746352812915	0.20072182231543312	-0.16660904704569315	0.1537126835959291	-0.08309867726183248	0.11457897776048291	-0.1699706796578969	0.1286227253455941	-0.13401499098225658	0.08826001097145274	-0.14503208738104909	0.11515335604693436	-0.09803315484727909	0.0886358179682585	-0.04839144244363039	0.13293085005140548	-0.10184364022827842	0.09442262810266455	-0.10164361128693478	0.05854600085963973
0.06938618240194637	-0.06059401780498138	0.05695005658337719	-0.06882229988904791	0.015683512576280673	-0.18439722871934877	0.15893287152232582	-0.15880315226550434	0.18268312475863502	-0.015204037436661096	0.2583773230804255	-0.4752126176620187	0.24973220569804466	-0.1686467659427573	0.09710772959373652	-0.3605750301884544	0.9999999999999982	-0.5586957024308038	0.20327072703312787	-0.08506475193665333	0.15268444962540295	-0.4556534146754924	0.2682276127136842	-0.19745094787192877	0.09855762597100733	-0.10571362676384652	0.20367346580530857	-0.16773322564386978	0.15914787209957565	-0.1038862485410002	0.14022904726594468	-0.12340693721176639	0.11026577326382135	-0.10198719898702525	0.0556751314514365	-0.1384245638509628	0.10826225744299994	-0.10506043221684974	0.11389681218547051	-0.06741158103357386
-0.08353975978319546	0.0718186450063934	-0.06786343087189263	0.0815306863331616	-0.020376430162630358	0.20714710304126874	-0.18593860054508443	0.18328747233718656	-0.2348404582436544	0.019707854200834804	-0.22808032983723336	0.2801417948155557	-0.32372075745938167	0.20924616811528782	-0.12968688762292432	0.22093494833046473	-0.5586957024308038	0.9999999999999984	-0.3049947450507391	0.11214477428763804	-0.1792013680438836	0.3187523024937192	-0.4902798490067217	0.25107213967831354	-0.12987998504836198	0.12276969634029669	-0.2645215232735762	0.21552315177676043	-0.21591856853703972	0.13143178972417704	-0.1753930630227497	0.1522019092519437	-0.1429938124086273	0.13195763751559503	-0.07135713778272211	0.16633818239791373	-0.1364654891916787	0.13251690528738125	-0.14988807509736582	0.08511281248636801
0.09928639173582277	-0.09020415530111102	0.08522508877125237	-0.1078109412628336	0.02913643922126336	-0.28739564179133037	0.19798565829648712	-0.2377627508467576	0.2881412842919529	-0.028671878044464166	0.16401974280158688	-0.2615293269024221	0.27778288017547154	-0.6040695861596449	0.21394337886589943	-0.18047900231668157	0.20327072703312787	-0.3049947450507391	1.0000000000000002	-0.24925560883121275	0.1470218766970081	-0.23115724715150468	0.21421455919178475	-0.3917111413330567	0.18311399459902925	-0.10448657638403247	0.2001346441426865	-0.17802786829730546	0.19791658837802495	-0.19698509832513736	0.15362680919611255	-0.14422854840413368	0.12989897124451433	-0.12890062419206239	0.09343880397264774	-0.17629277293545648	0.1305307778419425	-0.12909465293966374	0.14040655573935418	-0.1160370057264104
-0.043358105479089686	0.03823448378557588	-0.03599058650770978	0.04486265613609716	-0.04992526169085431	0.11699976434572881	-0.0862021642641101	0.09497663367140308	-0.13351825886581822	0.048026947360056214	-0.07039297804745588	0.10101414976657783	-0.11643301156418297	0.1634431495799952	-0.8523018909152642	0.07444921156249176	-0.08506475193665333	0.11214477428763804	-0.24925560883121275	0.9999999999999959	-0.07405229543633318	0.10213762892711878	-0.10079511769086234	0.1770186375645209	-0.3424686896087812	0.05222220646514728	-0.10435492614346048	0.08927347254101228	-0.11094050105285458	0.2239173968286537	-0.0791343911116758	0.0732996584020299	-0.06925329906753758	0.07081687407112851	-0.09230297581659747	0.08550610147300788	-0.06765241483208086	0.06790703128404638	-0.07998939391851413	0.10713584472881621
0.061094148149700093	-0.05321783583414837	0.04728504621694093	-0.05920610804496263	0.013391482695779649	-0.18969370335433797	0.12256480803497395	-0.11892000881796251	0.14174061492767248	-0.012981950539562522	0.14353193803026137	-0.1571244533917651	0.13686470206479426	-0.11750084019995019	0.08308337105473408	-0.18477746352812915	0.15268444962540295	-0.1792013680438836	0.1470218766970081	-0.07405229543633318	0.9999999999999986	-0.24245931117015412	0.1655759126839217	-0.1888077433849348	0.09466219760649919	-0.7364781941029437	0.22461128430492258	-0.17850099341124562	0.162729819299222	-0.10900526154721456	0.3133709583764453	-0.25874591421027177	0.15707431026272722	-0.13044248982878456	0.06096023593967514	-0.31943171969944517	0.18555150816700522	-0.16688914890618733	0.13996694404906712	-0.07632880473453238
-0.07534310102398889	0.06454724980837907	-0.0597315885996821	0.07254201619334817	-0.01847012952224099	0.1938441774985891	-0.16324913609866343	0.1559418810482668	-0.20225611395647072	0.017846397728649672	-0.1998520668518923	0.23873075517418688	-0.22716866056593046	0.16932087408633348	-0.11828169559264845	0.20072182231543312	-0.4556534146754924	0.3187523024937192	-0.23115724715150468	0.10213762892711878	-0.24245931117015412	1.0000000000000007	-0.5847776238922529	0.2606881823465604	-0.13088386410714317	0.1563941399452186	-0.3805923994054336	0.2569611068885015	-0.23988972386899102	0.1325232621301334	-0.20346181020186274	0.17624706724936176	-0.16146902821683218	0.14641392132076714	-0.07329523391275117	0.1851434570498938	-0.15201703306265413	0.14832614569286237	-0.16434482260439595	0.08727161658366749
0.06457809025602781	-0.05598511014235629	0.051828439691868025	-0.06351874434896491	0.01669216355785511	-0.1731939479345065	0.13669360169168604	-0.137161997158582	0.1720667694768499	-0.016161916680298167	0.1537250862431341	-0.20518607628591312	0.19058015422393387	-0.15638131714940035	0.11180527380915124	-0.16660904704569315	0.2682276127136842	-0.4902798490067217	0.21421455919178475	-0.10079511769086234	0.1655759126839217	-0.5847776238922529	0.9999999999999952	-0.4021582824842743	0.14020454454130196	-0.11992900422969997	0.2773393540599952	-0.3673184984547848	0.24142689801053047	-0.14258465892241923	0.16049472286230637	-0.15656196894543187	0.1517673672232002	-0.14453997930407206	0.0733236701067529	-0.16376531371700176	0.13286601853413485	-0.14000038255803263	0.15166914514676572	-0.08817054807361435
-0.08014599344652183	0.06889766354347703	-0.0638204487309904	0.0784496227744516	-0.02609557988014046	0.2075837615433001	-0.1629486048201725	0.1642390569639685	-0.23381129262015451	0.025165670911384563	-0.14956530980384067	0.19233170906714706	-0.2110672138881265	0.21356329834793322	-0.199260911162797	0.1537126835959291	-0.19745094787192877	0.25107213967831354	-0.3917111413330567	0.1770186375645209	-0.1888077433849348	0.2606881823465604	-0.4021582824842743	0.9999999999999921	-0.3612595531858576	0.13273335626690821	-0.3040098577078607	0.2654102133448961	-0.4479167080899915	0.24470605064739007	-0.20031880148621656	0.18573794184095033	-0.19237129396837838	0.2035581584051234	-0.1251204633106408	0.19537429009871807	-0.16995887808932328	0.17597662577612289	-0.22794016793011113	0.13952013047822326
0.04551044659148285	-0.039512566042277354	0.036443081861853396	-0.04525794387993128	0.02498070040402954	-0.12189254796212774	0.09062166942470537	-0.09373071451494851	0.12822396097984795	-0.024267568094611	0.07869718244258263	-0.10587137268539065	0.11311938314680854	-0.12779014544721926	0.24458723407756483	-0.08309867726183248	0.09855762597100733	-0.12987998504836198	0.18311399459902925	-0.3424686896087812	0.09466219760649919	-0.13088386410714317	0.14020454454130196	-0.3612595531858576	0.9999999999999881	-0.06708966172834162	0.14069887708599751	-0.1253771122248575	0.16769974338884017	-0.7536822168511249	0.10214627652706731	-0.09695720200306712	0.0958249859806212	-0.10442518795839992	0.18946752819949053	-0.10747580059140643	0.08904425922339451	-0.09344960687482944	0.11583083014256224	-0.22506410612416552
-0.04213054288538126	0.036509610917061217	-0.03254526403976452	0.04060622144143737	-0.009447541673357656	0.1267239075935219	-0.08473793639463743	0.0816969708486379	-0.09979048042005884	0.009150747217021209	-0.10009256755048784	0.10611956596833293	-0.09579735627212875	0.08193935865748302	-0.05894205017038099	0.11457897776048291	-0.10571362676384652	0.12276969634029669	-0.10448657638403247	0.05222220646514728	-0.7364781941029437	0.1563941399452186	-0.11992900422969997	0.13273335626690821	-0.06708966172834162	0.9999999999999952	-0.22269665342592557	0.1410444664279791	-0.12479319906117065	0.07637080703537248	-0.5505494408805476	0.20262896765497804	-0.12417692844378708	0.0980863747590874	-0.043321459827223276	0.21517781577214684	-0.1431062558339407	0.12336137870525701	-0.10606673018835518	0.05377690049965354
0.07423989403760319	-0.06485621462022388	0.05837572761295071	-0.07291257033597875	0.017799255813474673	-0.22198457927437376	0.15008323016006017	-0.14905926460191798	0.17978403456572017	-0.017259524521472787	0.15004813872626124	-0.19837884645226006	0.17697218711628812	-0.1563015399669187	0.11541980824483941	-0.1699706796578969	0.20367346580530857	-0.2645215232735762	0.2001346441426865	-0.10435492614346048	0.22461128430492258	-0.3805923994054336	0.2773393540599952	-0.3040098577078607	0.14069887708599751	-0.22269665342592557	0.9999999999999891	-0.6085125892213469	0.28822899200769003	-0.16209728245597874	0.2375698904200555	-0.31087093036998464	0.22988254892967794	-0.20797920791613658	0.0882342892097876	-0.2735392594579689	0.20888315165076596	-0.2236916989789779	0.20194325665694512	-0.11033248276332493
-0.05883651903015771	0.05080958983083605	-0.046180900514743946	0.05712439549864666	-0.015146623512481689	0.16369554046808507	-0.12006130053169563	0.11790794253078914	-0.1514154925975848	0.014648657449372998	-0.1203768433676825	0.15224186786276242	-0.1480883491085102	0.12937172923369397	-0.10085337356113012	0.1286227253455941	-0.16773322564386978	0.21552315177676043	-0.17802786829730546	0.08927347254101228	-0.17850099341124562	0.2569611068885015	-0.3673184984547848	0.2654102133448961	-0.1253771122248575	0.1410444664279791	-0.6085125892213469	0.9999999999999929	-0.5139618142995096	0.13450695677919597	-0.19194008970415788	0.21656972608607591	-0.2829797785964622	0.22411525273272692	-0.07679107145616441	0.19639835808046624	-0.17539619797728076	0.2044741288323641	-0.2232637067616229	0.09206306656284566
0.0644619313797523	-0.05621059295502772	0.050857802984294036	-0.0634809568971495	0.017415070236727278	-0.18783918898778815	0.12938886762538554	-0.12981589434623156	0.1623463204626849	-0.016876310277508254	0.12182402297262797	-0.1614658911656851	0.15362421036663423	-0.14646824584497056	0.12050308946098962	-0.13401499098225658	0.15914787209957565	-0.21591856853703972	0.19791658837802495	-0.11094050105285458	0.162729819299222	-0.23988972386899102	0.24142689801053047	-0.4479167080899915	0.16769974338884017	-0.12479319906117065	0.28822899200769003	-0.5139618142995096	0.9999999999999855	-0.19485066306709373	0.18291346588368704	-0.22306111446187193	0.24276842767959492	-0.4657551620866947	0.10275982142770897	-0.2218701345993147	0.18177521053735715	-0.23814334281389898	0.2714350518608706	-0.12595020266713244
-0.05022205567733389	0.043075634732458325	-0.03975942425777231	0.0490540007465951	-0.02827433979845843	0.1289614012226907	-0.09991430774836195	0.10103008780825405	-0.1458330464247114	0.02700457080509779	-0.08530083128454896	0.11145131937542158	-0.12362137424369973	0.13257708031689233	-0.27563841418657625	0.08826001097145274	-0.1038862485410002	0.13143178972417704	-0.19698509832513736	0.2239173968286537	-0.10900526154721456	0.1325232621301334	-0.14258465892241923	0.24470605064739007	-0.7536822168511249	0.07637080703537248	-0.16209728245597874	0.13450695677919597	-0.19485066306709373	0.9999999999999872	-0.1186159751485495	0.10849219161918902	-0.1095041816326695	0.11667965952919497	-0.3281417111749981	0.1177940961541223	-0.10189509730503855	0.10446883740458462	-0.13708514030766197	0.2345921750694815
0.06536869687068242	-0.056831109384543776	0.0501350830915818	-0.06301614411135165	0.014320588759925305	-0.20429825427011988	0.12868146305431777	-0.12423669804081365	0.14960946593270813	-0.013878440232582605	0.1244330178746526	-0.15178973767751672	0.1374646425835824	-0.12193252877962053	0.08883785704641323	-0.14503208738104909	0.14022904726594468	-0.1753930630227497	0.15362680919611255	-0.0791343911116758	0.3133709583764453	-0.20346181020186274	0.16049472286230637	-0.20031880148621656	0.10214627652706731	-0.5505494408805476	0.2375698904200555	-0.19194008970415788	0.18291346588368704	-0.1186159751485495	0.9999999999999851	-0.457347187312006	0.21052332318598885	-0.16025757274364824	0.0681129221266765	-0.43184056756492306	0.2557349818230644	-0.21945400962094544	0.17100115848929726	-0.08524646269561537
-0.055494133546423706	0.04749540641555691	-0.04238421477681781	0.05269458442028382	-0.013201443810913689	0.15660932290128407	-0.10979286297687514	0.10509399527792333	-0.13575925728737248	0.012760274756861053	-0.10622880872626785	0.1269357110439059	-0.12233955878146599	0.10869718468361422	-0.08375953677947942	0.11515335604693436	-0.12340693721176639	0.1522019092519437	-0.14422854840413368	0.0732996584020299	-0.25874591421027177	0.17624706724936176	-0.15656196894543187	0.18573794184095033	-0.09695720200306712	0.20262896765497804	-0.31087093036998464	0.21656972608607591	-0.22306111446187193	0.10849219161918902	-0.457347187312006	0.9999999999999871	-0.4736977777939097	0.2094239899405507	-0.06780833668008301	0.3089706548493579	-0.5120006828424204	0.2907428425071982	-0.23790182189199055	0.08179345386456821
0.047984238390232595	-0.04143192100579231	0.03709812607257231	-0.04626384528497217	0.01190292181778291	-0.13876589193853217	0.09528859213732255	-0.09290731487139252	0.11755043833363525	-0.011517175192503878	0.08957267947097737	-0.11328473237519102	0.10802638577257583	-0.09816470111370806	0.07786982568797336	-0.09803315484727909	0.11026577326382135	-0.1429938124086273	0.12989897124451433	-0.06925329906753758	0.15707431026272722	-0.16146902821683218	0.1517673672232002	-0.19237129396837838	0.0958249859806212	-0.12417692844378708	0.22988254892967794	-0.2829797785964622	0.24276842767959492	-0.1095041816326695	0.21052332318598885	-0.4736977777939097	0.9999999999999852	-0.40139835673931007	0.07166282817568176	-0.24590756244985637	0.2692951485940681	-0.619021461497245	0.29587398781847896	-0.08698866259744562
-0.044181920550463376	0.0381488066492336	-0.03435107578146798	0.04276023412012769	-0.011779911705025124	0.12570685551304012	-0.08806555926028181	0.08643117205599939	-0.11127966235988646	0.01138657743611206	-0.08187707628795153	0.10445948970181171	-0.10173237713306346	0.09442781175104134	-0.08004064823273797	0.0886358179682585	-0.10198719898702525	0.13195763751559503	-0.12890062419206239	0.07081687407112851	-0.13044248982878456	0.14641392132076714	-0.14453997930407206	0.2035581584051234	-0.10442518795839992	0.0980863747590874	-0.20797920791613658	0.22411525273272692	-0.4657551620866947	0.11667965952919497	-0.16025757274364824	0.2094239899405507	-0.40139835673931007	0.9999999999999855	-0.09309271843472312	0.18108757431011613	-0.18626621649133476	0.2825965296916889	-0.6830199041149126	0.10468011263638993
0.02717312259281632	-0.02333171449788424	0.021302803452012287	-0.026397787109868228	0.012475707304183762	-0.07196906020637818	0.05366806945833305	-0.05369516922622979	0.07470701036109396	-0.011968888169063463	0.045990808841103376	-0.06005265107667789	0.06380256006331682	-0.06600835558670369	0.10693985201813712	-0.04839144244363039	0.0556751314514365	-0.07135713778272211	0.09343880397264774	-0.09230297581659747	0.06096023593967514	-0.07329523391275117	0.0733236701067529	-0.1251204633106408	0.18946752819949053	-0.043321459827223276	0.0882342892097876	-0.07679107145616441	0.10275982142770897	-0.3281417111749981	0.0681129221266765	-0.06780833668008301	0.07166282817568176	-0.09309271843472312	0.9999999999999845	-0.07315961108639885	0.0633710352265087	-0.07446563226933957	0.10597284370113735	-0.8983676235604076
-0.07171326107144439	0.05984345223245813	-0.05305384569294964	0.06548197004745236	-0.016449515794498167	0.18378289687285906	-0.1385424018915813	0.12810262965180233	-0.17678234435475568	0.015860531571121137	-0.1269865389509473	0.14606502356260306	-0.14775378250490806	0.1309331873970302	-0.09999036322390914	0.13293085005140548	-0.1384245638509628	0.16633818239791373	-0.17629277293545648	0.08550610147300788	-0.31943171969944517	0.1851434570498938	-0.16376531371700176	0.19537429009871807	-0.10747580059140643	0.21517781577214684	-0.2735392594579689	0.19639835808046624	-0.2218701345993147	0.1177940961541223	-0.43184056756492306	0.3089706548493579	-0.24590756244985637	0.18108757431011613	-0.07315961108639885	0.9999999999999849	-0.6375281074088619	0.25102250147785077	-0.2327907115958104	0.08748460539208633
0.05269933070818787	-0.04513324578018464	0.039980304459930074	-0.049907833346986244	0.0122363192493593	-0.15174364779212726	0.10293205194051591	-0.09822170243579681	0.12559501432823142	-0.011834224244416849	0.0935248835017731	-0.1152233140909151	0.11080473909827634	-0.09983072735509385	0.07687313625903198	-0.10184364022827842	0.10826225744299994	-0.1364654891916787	0.1305307778419425	-0.06765241483208086	0.18555150816700522	-0.15201703306265413	0.13286601853413485	-0.16995887808932328	0.08904425922339451	-0.1431062558339407	0.20888315165076596	-0.17539619797728076	0.18177521053735715	-0.10189509730503855	0.2557349818230644	-0.5120006828424204	0.2692951485940681	-0.18626621649133476	0.0633710352265087	-0.6375281074088619	0.9999999999999846	-0.41941062800105544	0.2134286490538722	-0.07795344133093474
-0.04766990358996846	0.040814982549380784	-0.036530813960526314	0.0454037984591407	-0.011926956802701637	0.13325487559754687	-0.09423091950860879	0.09078859139262493	-0.11830366002226161	0.01152232999488247	-0.08780963196778824	0.10836953657753734	-0.10597065823328353	0.09599172993988496	-0.07764332692272186	0.09442262810266455	-0.10506043221684974	0.13251690528738125	-0.12909465293966374	0.06790703128404638	-0.16688914890618733	0.14832614569286237	-0.14000038255803263	0.17597662577612289	-0.09344960687482944	0.12336137870525701	-0.2236916989789779	0.2044741288323641	-0.23814334281389898	0.10446883740458462	-0.21945400962094544	0.2907428425071982	-0.619021461497245	0.2825965296916889	-0.07446563226933957	0.25102250147785077	-0.41941062800105544	0.999999999999985	-0.48135417545786696	0.088159643869746
0.05100841805572139	-0.04429299778522073	0.03967024241183635	-0.04963406218248896	0.013227520316295188	-0.1505339343276425	0.1010796784502079	-0.09963827332590335	0.1245276601038903	-0.012805834316051574	0.09239161512878266	-0.12001717348343431	0.1141076910163681	-0.10675964703599539	0.08908833130574341	-0.10164361128693478	0.11389681218547051	-0.14988807509736582	0.14040655573935418	-0.07998939391851413	0.13996694404906712	-0.16434482260439595	0.15166914514676572	-0.22794016793011113	0.11583083014256224	-0.10606673018835518	0.20194325665694512	-0.2232637067616229	0.2714350518608706	-0.13708514030766197	0.17100115848929726	-0.23790182189199055	0.29587398781847896	-0.6830199041149126	0.10597284370113735	-0.2327907115958104	0.2134286490538722	-0.48135417545786696	0.9999999999999856	-0.1375562080203706
-0.03353115672908151	0.028616732430429025	-0.026166350817177244	0.032314297711417805	-0.015808987353001888	0.08647099393844385	-0.06617555884572313	0.06567650947366595	-0.09384428592651856	0.015097127594182566	-0.05625025564430748	0.07258881724582111	-0.07869795824157677	0.08062247020974188	-0.13564162875025798	0.05854600085963973	-0.06741158103357386	0.08511281248636801	-0.1160370057264104	0.10713584472881621	-0.07632880473453238	0.08727161658366749	-0.08817054807361435	0.13952013047822326	-0.22506410612416552	0.05377690049965354	-0.11033248276332493	0.09206306656284566	-0.12595020266713244	0.2345921750694815	-0.08524646269561537	0.08179345386456821	-0.08698866259744562	0.10468011263638993	-0.8983676235604076	0.08748460539208633	-0.07795344133093474	0.088159643869746	-0.1375562080203706	0.9999999999999853
