1.0	-0.35250547937253035	0.1934908207324673	-0.19753696683757616	0.16514554418968336	-0.4890830436750314	0.2538462000488424	-0.2189163254739292	0.18289037781696105	-0.1575191687393571	0.2672377940649105	-0.2673744653700252	0.21719335444806775	-0.20682945675129946	0.21583003517051225	-0.31057052534745017	0.24048876039868067	-0.19748450060100944	0.1884528795521602	-0.21218020789406097	0.1979235368289581	-0.324073177715458	0.2227411601545854	-0.2205991151251938	0.2501593809626981	-0.2445970244446902	0.22064043729271426	-0.1966644657346072	0.17700668511943538	-0.1778479301477917	0.11537724510053922	-0.10411552900171828	0.13659727056725063	-0.20460550235799801	0.15250065237719243	-0.1332362573681681	0.10704742605574331	-0.13652344964972535	0.16080228079322256	-0.31310923768737875
-0.35250547937253035	1.0	-0.2920097174252145	0.19164787484354848	-0.14461022186624367	0.24596281926594338	-0.7932655658279522	0.21530790612590253	-0.18129346712094138	0.12664232641964754	-0.1866053222724939	0.17876127036128067	-0.1533752091600665	0.1365775601454181	-0.14381399456945357	0.14032348308336146	-0.16220013745700812	0.12010213207869165	-0.1171149655711606	0.12189784121097638	-0.0930729881218477	0.1360692265554035	-0.12803120784775912	0.12018669547726867	-0.13797406882567925	0.10359262783173542	-0.10249988339403077	0.08934611661124137	-0.08370982135358367	0.07730999135735178	-0.048502803507121904	0.043930019379906114	-0.05783814106406486	0.08379188973870837	-0.06703928881388736	0.053029483399720884	-0.045791460477720605	0.055552327472770946	-0.06613450846835359	0.11735667168389372
0.1934908207324673	-0.2920097174252145	0.9999999999999997	-0.7755467698714273	0.23376246891123	-0.1784110987379105	0.20510403882526304	-0.3561206050888022	0.24194442947708347	-0.22286048760838714	0.12626361819380874	-0.1317935547201694	0.15369907654060344	-0.15881829529014962	0.16434356327101302	-0.12173423964429644	0.12591639996858803	-0.1163300231512375	0.12062619743902081	-0.14328325729136443	0.08120025193163219	-0.12800852428714057	0.12175789880560847	-0.12461157000870904	0.1355599642238717	-0.0940570087688576	0.09370951603416133	-0.08696641125275834	0.08069870600187809	-0.07699752359379408	0.04463977412029306	-0.041458224059249704	0.05594063524634266	-0.08275703741555897	0.06568935495855095	-0.04928964841601599	0.043036442315693146	-0.054184928902893434	0.06449186439402022	-0.11663609174884557
-0.19753696683757616	0.19164787484354848	-0.7755467698714273	1.0	-0.378661121414158	0.15374918029106904	-0.1811116568417428	0.2545206593449472	-0.29271746826568007	0.23331359024930232	-0.11791714131976515	0.12016195343196621	-0.15477206222182283	0.15688961047054836	-0.1794081514465006	0.11225247271618471	-0.12135115453670883	0.11249086180728873	-0.12094614404162368	0.14054365539085098	-0.07615006393745563	0.11908256769576762	-0.12008382396810913	0.1197365227008891	-0.1378070809183746	0.08734318825885116	-0.08907751099336567	0.08264184581605699	-0.07769899819894982	0.07351310606632921	-0.042128853266403574	0.03916739156230098	-0.0530822294697782	0.07799855082150968	-0.06304505168054304	0.04616924247281945	-0.04080362467433099	0.05104970500353509	-0.06099932041696357	0.10857321596361746
0.16514554418968336	-0.14461022186624367	0.23376246891123	-0.378661121414158	0.9999999999999999	-0.1513684629624933	0.1324812982354251	-0.26725551701006633	0.2546356166953718	-0.7698591870452278	0.11249917330704831	-0.1202686641816889	0.1555489674188335	-0.18008079007942424	0.22986116258870729	-0.12017919219325404	0.12078873682879805	-0.1211775978619389	0.132468089914713	-0.20042207598584552	0.08116304649912937	-0.13271875414934745	0.12681152303502502	-0.13743107365540919	0.15111915459675573	-0.09555092139887726	0.09625596823720561	-0.09340728790245474	0.08626799746111348	-0.08571000173841188	0.04627804726705473	-0.04384541250243951	0.06043620838976743	-0.09102640515828607	0.07198898215449523	-0.05139010803441275	0.04540195280219873	-0.05897384026923892	0.07024307187494956	-0.12922036239117013
-0.4890830436750314	0.24596281926594338	-0.1784110987379105	0.15374918029106904	-0.1513684629624933	1.0000000000000002	-0.3479442543992414	0.18511822253399726	-0.16881124919035678	0.13342872666855066	-0.5941984486354485	0.2822929562225308	-0.21473178715252839	0.1768305614493937	-0.19690722586004247	0.2359752904197993	-0.2694925361064147	0.17783831909991246	-0.16657959416230209	0.16718173264366024	-0.158802074034992	0.2050361215151598	-0.19381642124189682	0.1722651839928771	-0.2123812001672424	0.16316406538788794	-0.16427777935560514	0.13337466895829767	-0.12682701814938224	0.11327198483337823	-0.07563692251730124	0.06704013853895104	-0.0862969463968758	0.12194978768222396	-0.09960867438792427	0.08058737048487839	-0.07038634798013976	0.08160899987002936	-0.09738089269237772	0.1662658607104256
0.2538462000488424	-0.7932655658279522	0.20510403882526304	-0.1811116568417428	0.1324812982354251	-0.3479442543992414	0.9999999999999993	-0.2817917716536251	0.1789014485819073	-0.1240276694491694	0.19701514766111197	-0.2264556257958072	0.15190112661231392	-0.13810594112609603	0.13570325603249148	-0.14489543733270283	0.16335007822350986	-0.1212302916423928	0.11481180410871349	-0.11819342422455917	0.09301296123292252	-0.13508946054535068	0.12475326717556229	-0.11919837364928447	0.12966826832786643	-0.10360270754182224	0.10031068329403384	-0.08691059728672591	0.0808225349968407	-0.07404283923462457	0.04685611300439581	-0.04239610674761648	0.055459678922503544	-0.08040274247706297	0.06400394055530453	-0.0512743400307327	0.044081928553565346	-0.05328079041335648	0.06325100878941586	-0.11211517377829104
-0.2189163254739292	0.21530790612590253	-0.3561206050888022	0.2545206593449472	-0.26725551701006633	0.18511822253399726	-0.2817917716536251	0.9999999999999988	-0.706168621681833	0.2379693579142875	-0.1487030364267727	0.15762528643977533	-0.27447586345814723	0.24248412841264133	-0.21575230670904025	0.13796521288142066	-0.16059769862784057	0.16068143320249773	-0.1728864214085008	0.16729094472459066	-0.0936173690315414	0.14542439805753934	-0.16272019891316059	0.15887139179842535	-0.16414488886677828	0.1057973294478166	-0.10922927791546494	0.10165954582570551	-0.09590768821180247	0.08703712225299336	-0.05000989093112279	0.046604760638479015	-0.06301386043131678	0.09195893172093661	-0.07476744709954415	0.05446837773352528	-0.048557841173019846	0.06014258152992693	-0.0718329637109186	0.12554200681691385
0.18289037781696105	-0.18129346712094138	0.24194442947708347	-0.29271746826568007	0.2546356166953718	-0.16881124919035678	0.1789014485819073	-0.706168621681833	0.9999999999999973	-0.37273798062992647	0.12969177587303243	-0.14348371517646732	0.22690966902432372	-0.3480765071477434	0.2130874749434699	-0.13024736466241912	0.1432508761463192	-0.15437149604633593	0.17271758616983995	-0.17500541971533856	0.08756670038521985	-0.1399757316579832	0.15083335137806644	-0.1631184217488705	0.15308633752921458	-0.10059606903372083	0.10257566669827209	-0.09769720246498338	0.09108692967236653	-0.08387383388705412	0.04717719991536464	-0.044281447943934425	0.06016303675819151	-0.08877095422045495	0.07133587890708146	-0.05172407121441308	0.04597103985100907	-0.05778189360188571	0.06882602048243022	-0.12191849370633717
-0.1575191687393571	0.12664232641964754	-0.22286048760838714	0.23331359024930232	-0.7698591870452278	0.13342872666855066	-0.1240276694491694	0.2379693579142875	-0.37273798062992647	0.9999999999999971	-0.10418064220232495	0.11078527242943527	-0.1595869570047509	0.18291249495234196	-0.3315723825130676	0.10807936018350951	-0.11483879710005675	0.11641761795749231	-0.13290120746518358	0.1906556319058772	-0.07371433548249479	0.11894221495765958	-0.12221505210948416	0.1288483281436091	-0.14999678084834187	0.08565968234264515	-0.08797232149775543	0.0850714990909081	-0.07966681800941747	0.07797212314780977	-0.041632053507450674	0.03945157581473131	-0.054513019044402256	0.08140426153856535	-0.0658896568085237	0.04585254544404056	-0.04098156884688507	0.052707170586034455	-0.06302235396641773	0.11357466828157166
0.2672377940649105	-0.1866053222724939	0.12626361819380874	-0.11791714131976515	0.11249917330704831	-0.5941984486354485	0.19701514766111197	-0.1487030364267727	0.12969177587303243	-0.10418064220232495	0.9999999999999981	-0.5647918005867887	0.1935501346631821	-0.16208645391034088	0.15391582365525278	-0.34822656230547006	0.28000320413961566	-0.17824396821747585	0.14895622799487143	-0.14082919482054115	0.17429312397960472	-0.21007668665203402	0.17476162010654475	-0.16069482664205065	0.1642931208353733	-0.18101180864870547	0.1568604096352172	-0.12064453770951214	0.11092312903775106	-0.09515670052727068	0.06811914850298799	-0.059590209046072165	0.07348393945723808	-0.10373005531433245	0.08276347049186225	-0.07307484004770519	0.0616966654999586	-0.0695714951063468	0.08175492559955826	-0.13874871070964
-0.2673744653700252	0.17876127036128067	-0.1317935547201694	0.12016195343196621	-0.1202686641816889	0.2822929562225308	-0.2264556257958072	0.15762528643977533	-0.14348371517646732	0.11078527242943527	-0.5647918005867887	0.9999999999999984	-0.2921852457739968	0.19101029224583854	-0.17112278565407943	0.25197006959683227	-0.5878232801055335	0.23406233361192316	-0.18419141307580394	0.15167146303490273	-0.15534851840498728	0.19313089814050313	-0.21225257022775665	0.1795567755334883	-0.1733027688678597	0.15405670749548453	-0.1497896560367094	0.12270748438639514	-0.11472802035022828	0.09590130698610365	-0.06409143463112545	0.05728266303093696	-0.07294264791238239	0.10294438930054882	-0.08354324444740711	0.06806975324605626	-0.0596921285565651	0.0685192115092825	-0.08114248724653753	0.1358139469789587
0.21719335444806775	-0.1533752091600665	0.15369907654060344	-0.15477206222182283	0.1555489674188335	-0.21473178715252839	0.15190112661231392	-0.27447586345814723	0.22690966902432372	-0.1595869570047509	0.1935501346631821	-0.2921852457739968	0.9999999999999925	-0.5924448713062437	0.23740734099984395	-0.20733035353795334	0.2577876837331506	-0.48235899900082957	0.29103497991157606	-0.22811518590249585	0.1345401372020867	-0.2189559743442469	0.267376786740062	-0.2892743212065431	0.20237539828803994	-0.1520305156366769	0.15433863889764185	-0.15105335018544574	0.1364792845966008	-0.11636136595757508	0.06668044947636054	-0.06281741538147238	0.08438830990482662	-0.12355796532588303	0.09865996139929513	-0.07253016330090388	0.0649497348592557	-0.08025204725738264	0.09492182495888268	-0.16353320026114937
-0.20682945675129946	0.1365775601454181	-0.15881829529014962	0.15688961047054836	-0.18008079007942424	0.1768305614493937	-0.13810594112609603	0.24248412841264133	-0.3480765071477434	0.18291249495234196	-0.16208645391034088	0.19101029224583854	-0.5924448713062437	0.9999999999999979	-0.360827552553123	0.16678850482170146	-0.215448485420676	0.2736336358265108	-0.4541048902343388	0.24158085019305783	-0.11458889979431061	0.18304653988657485	-0.2567790737183823	0.26380944594641187	-0.2128887885470483	0.12835982204314927	-0.13754224354623557	0.13452313649627004	-0.1284973921767854	0.10914668718600355	-0.05959015362817971	0.056639166504067855	-0.07767792213530215	0.11316871405788795	-0.09322475455022143	0.06441797217051509	-0.05894560633365516	0.07329134800196063	-0.08760398442116751	0.14905159609367377
0.21583003517051225	-0.14381399456945357	0.16434356327101302	-0.1794081514465006	0.22986116258870729	-0.19690722586004247	0.13570325603249148	-0.21575230670904025	0.2130874749434699	-0.3315723825130676	0.15391582365525278	-0.17112278565407943	0.23740734099984395	-0.360827552553123	0.9999999999999926	-0.17871582609538764	0.1783120705460859	-0.19864248415885064	0.23958459613610483	-0.6553292726144879	0.1222864411546133	-0.20641769239725202	0.20309664868814772	-0.24058215314734657	0.2805399131344254	-0.14566223065618786	0.14935957854044515	-0.15377077286124172	0.14176372982506216	-0.15034473776835122	0.07210545984924234	-0.07019816332515087	0.0996490676291021	-0.1537042227079378	0.12260531371833759	-0.0802991346173109	0.072500814584596	-0.09783956646597891	0.11679010377164159	-0.21783173084492818
-0.31057052534745017	0.14032348308336146	-0.12173423964429644	0.11225247271618471	-0.12017919219325404	0.2359752904197993	-0.14489543733270283	0.13796521288142066	-0.13024736466241912	0.10807936018350951	-0.34822656230547006	0.25197006959683227	-0.20733035353795334	0.16678850482170146	-0.17871582609538764	0.9999999999999943	-0.4092611708731924	0.20062767125856104	-0.1735214193234584	0.1568274914009408	-0.5866062702465171	0.27069078361822224	-0.22603324611808268	0.17996667880874093	-0.20650621533959548	0.28444100532418454	-0.27021277178741315	0.15602785441569372	-0.14884246955096866	0.1148702993919841	-0.10006221000590336	0.08304505503869626	-0.09404700293309728	0.12491884739235928	-0.10237270233933335	0.09847297191357057	-0.0869510054936708	0.0861806929863982	-0.10074837489014064	0.15764061871044893
0.24048876039868067	-0.16220013745700812	0.12591639996858803	-0.12135115453670883	0.12078873682879805	-0.2694925361064147	0.16335007822350986	-0.16059769862784057	0.1432508761463192	-0.11483879710005675	0.28000320413961566	-0.5878232801055335	0.2577876837331506	-0.215448485420676	0.1783120705460859	-0.4092611708731924	0.9999999999999939	-0.43009747224813105	0.21517174025550415	-0.17285998685020162	0.19739009073754174	-0.25235114684699	0.24818135233990513	-0.22827770234009814	0.18545268689407263	-0.2038172153164561	0.1802491842371677	-0.1475617003347508	0.13271796222983162	-0.1090584230930122	0.07502581478853566	-0.06680955631903962	0.08330839682978987	-0.11802531399973434	0.09407303629937318	-0.08026462195031721	0.06895257097071994	-0.07845485663308814	0.09195416299238782	-0.15378354551757353
-0.19748450060100944	0.12010213207869165	-0.1163300231512375	0.11249086180728873	-0.1211775978619389	0.17783831909991246	-0.1212302916423928	0.16068143320249773	-0.15437149604633593	0.11641761795749231	-0.17824396821747585	0.23406233361192316	-0.48235899900082957	0.2736336358265108	-0.19864248415885064	0.20062767125856104	-0.43009747224813105	0.9999999999999941	-0.43271691541533897	0.18875698006167801	-0.13479322636940808	0.2133799188241038	-0.5132854776223678	0.2955411508025375	-0.19023013553499868	0.14340408934668786	-0.15601494178989173	0.1542821464998703	-0.1415534258814308	0.10599289688617489	-0.06184461153427819	0.058531041888301605	-0.07854316038721579	0.11172479698133307	-0.09126319383941699	0.06598008574182349	-0.06076027588896665	0.0728298571352555	-0.08634899162960018	0.1410142204883452
0.1884528795521602	-0.1171149655711606	0.12062619743902081	-0.12094614404162368	0.132468089914713	-0.16657959416230209	0.11481180410871349	-0.1728864214085008	0.17271758616983995	-0.13290120746518358	0.14895622799487143	-0.18419141307580394	0.29103497991157606	-0.4541048902343388	0.23958459613610483	-0.1735214193234584	0.21517174025550415	-0.43271691541533897	0.9999999999999927	-0.30235643066660484	0.11778050534558705	-0.19818925476478935	0.29638517562587907	-0.6082305849387905	0.21825976595629157	-0.13354048059093335	0.143457682383272	-0.1519911488426552	0.1440820031686135	-0.11472612741772904	0.06036227185160435	-0.05809694180558848	0.08040266657520498	-0.11801711235934526	0.09664003308046974	-0.06523440761173148	0.060217364270179104	-0.07547101982300333	0.08983464332821806	-0.15042972945677957
-0.21218020789406097	0.12189784121097638	-0.14328325729136443	0.14054365539085098	-0.20042207598584552	0.16718173264366024	-0.11819342422455917	0.16729094472459066	-0.17500541971533856	0.1906556319058772	-0.14082919482054115	0.15167146303490273	-0.22811518590249585	0.24158085019305783	-0.6553292726144879	0.1568274914009408	-0.17285998685020162	0.18875698006167801	-0.30235643066660484	0.9999999999999912	-0.1105915937792646	0.1813145892217856	-0.207706743662495	0.22829675519473663	-0.5130202606970868	0.12898602667898823	-0.1393944436731009	0.1441290067014053	-0.1408610795517933	0.1560645282727764	-0.06582457004543545	0.0646277433592059	-0.09419299960606534	0.14291870864869138	-0.12985731813784604	0.07194919352243558	-0.06739166994872314	0.08996499765740576	-0.10952413695394207	0.19228113303737765
0.1979235368289581	-0.0930729881218477	0.08120025193163219	-0.07615006393745563	0.08116304649912937	-0.158802074034992	0.09301296123292252	-0.0936173690315414	0.08756670038521985	-0.07371433548249479	0.17429312397960472	-0.15534851840498728	0.1345401372020867	-0.11458889979431061	0.1222864411546133	-0.5866062702465171	0.19739009073754174	-0.13479322636940808	0.11778050534558705	-0.1105915937792646	0.9999999999999885	-0.3642348632703947	0.1648778873076634	-0.13326044831308748	0.14702262731718588	-0.6194957972928127	0.27425430948911467	-0.13574807639226466	0.12119316246645952	-0.08920479286454334	0.09581679495483601	-0.07602507415123919	0.07628542677147236	-0.09916653208369065	0.07910501555473663	-0.09583917166170206	0.076427838390605	-0.06989068071255895	0.07919313192899266	-0.12118221252354233
-0.324073177715458	0.1360692265554035	-0.12800852428714057	0.11908256769576762	-0.13271875414934745	0.2050361215151598	-0.13508946054535068	0.14542439805753934	-0.1399757316579832	0.11894221495765958	-0.21007668665203402	0.19313089814050313	-0.2189559743442469	0.18304653988657485	-0.20641769239725202	0.27069078361822224	-0.25235114684699	0.2133799188241038	-0.19818925476478935	0.1813145892217856	-0.3642348632703947	0.9999999999999898	-0.37281053349545457	0.22484406168691318	-0.2567110740614396	0.2996316833018919	-0.5783929775598938	0.22900422803093093	-0.21847673121202102	0.1477754502078364	-0.12040513481569877	0.11736198137789099	-0.12616726665574912	0.1612183234983771	-0.13322211144974544	0.11897302858967633	-0.12265625681124455	0.11269961835211544	-0.13059248631401243	0.19190021355587822
0.2227411601545854	-0.12803120784775912	0.12175789880560847	-0.12008382396810913	0.12681152303502502	-0.19381642124189682	0.12475326717556229	-0.16272019891316059	0.15083335137806644	-0.12221505210948416	0.17476162010654475	-0.21225257022775665	0.267376786740062	-0.2567790737183823	0.20309664868814772	-0.22603324611808268	0.24818135233990513	-0.5132854776223678	0.29638517562587907	-0.207706743662495	0.1648778873076634	-0.37281053349545457	0.999999999999989	-0.5324771837185954	0.22329655980309648	-0.18625319446243968	0.21509255750945086	-0.2739077999625356	0.20373458145179135	-0.14111817915735092	0.07920313808223742	-0.07760636395290212	0.1055717780188199	-0.15055375107195632	0.11975176902552857	-0.08470867229922772	0.07977995450262212	-0.09731572990921421	0.11359159499954107	-0.18192337504290904
-0.2205991151251938	0.12018669547726867	-0.12461157000870904	0.1197365227008891	-0.13743107365540919	0.1722651839928771	-0.11919837364928447	0.15887139179842535	-0.1631184217488705	0.1288483281436091	-0.16069482664205065	0.1795567755334883	-0.2892743212065431	0.26380944594641187	-0.24058215314734657	0.17996667880874093	-0.22827770234009814	0.2955411508025375	-0.6082305849387905	0.22829675519473663	-0.13326044831308748	0.22484406168691318	-0.5324771837185954	0.9999999999999897	-0.27844717253961765	0.14868452148561906	-0.1772415497525868	0.19472542393102177	-0.21500194829549055	0.13764533329190773	-0.07007654954289874	0.06866993930327435	-0.09756293043361947	0.13978226351571907	-0.11858330269126433	0.07448798318071521	-0.07172576631098723	0.0889234411375511	-0.10716165362583056	0.16871475471862465
0.2501593809626981	-0.13797406882567925	0.1355599642238717	-0.1378070809183746	0.15111915459675573	-0.2123812001672424	0.12966826832786643	-0.16414488886677828	0.15308633752921458	-0.14999678084834187	0.1642931208353733	-0.1733027688678597	0.20237539828803994	-0.2128887885470483	0.2805399131344254	-0.20650621533959548	0.18545268689407263	-0.19023013553499868	0.21825976595629157	-0.5130202606970868	0.14702262731718588	-0.2567110740614396	0.22329655980309648	-0.27844717253961765	0.9999999999999857	-0.1823478009149436	0.1930388740175001	-0.23136160485363017	0.2160288732804881	-0.36905996061260793	0.10129748055850207	-0.10566703490282445	0.16417327798352832	-0.2750539212173022	0.2376890569378356	-0.11405998994307759	0.10876931947895185	-0.16406102229291689	0.1985297401094368	-0.3853380137994368
-0.2445970244446902	0.10359262783173542	-0.0940570087688576	0.08734318825885116	-0.09555092139887726	0.16316406538788794	-0.10360270754182224	0.1057973294478166	-0.10059606903372083	0.08565968234264515	-0.18101180864870547	0.15405670749548453	-0.1520305156366769	0.12835982204314927	-0.14566223065618786	0.28444100532418454	-0.2038172153164561	0.14340408934668786	-0.13354048059093335	0.12898602667898823	-0.6194957972928127	0.2996316833018919	-0.18625319446243968	0.14868452148561906	-0.1823478009149436	0.9999999999999869	-0.5515600373307525	0.17827091225790137	-0.1652739334015084	0.11108144691693861	-0.15374236137414837	0.10935496064911361	-0.10072565953144486	0.12437494946838722	-0.10024842458345777	0.1326739960887858	-0.11045607872834456	0.09019084493177544	-0.10108135140127744	0.14658276769335477
0.22064043729271426	-0.10249988339403077	0.09370951603416133	-0.08907751099336567	0.09625596823720561	-0.16427777935560514	0.10031068329403384	-0.10922927791546494	0.10257566669827209	-0.08797232149775543	0.1568604096352172	-0.1497896560367094	0.15433863889764185	-0.13754224354623557	0.14935957854044515	-0.27021277178741315	0.1802491842371677	-0.15601494178989173	0.143457682383272	-0.1393944436731009	0.27425430948911467	-0.5783929775598938	0.21509255750945086	-0.1772415497525868	0.1930388740175001	-0.5515600373307525	0.9999999999999853	-0.332830211570711	0.21533843902429703	-0.14043828875947834	0.12984768049323284	-0.15538006520432462	0.12622297506415853	-0.16040194141809588	0.12205056538917217	-0.13454892359890278	0.1347636850492304	-0.11485422497634191	0.1231813018407708	-0.17988909316253882
-0.1966644657346072	0.08934611661124137	-0.08696641125275834	0.08264184581605699	-0.09340728790245474	0.13337466895829767	-0.08691059728672591	0.10165954582570551	-0.09769720246498338	0.0850714990909081	-0.12064453770951214	0.12270748438639514	-0.15105335018544574	0.13452313649627004	-0.15377077286124172	0.15602785441569372	-0.1475617003347508	0.1542821464998703	-0.1519911488426552	0.1441290067014053	-0.13574807639226466	0.22900422803093093	-0.2739077999625356	0.19472542393102177	-0.23136160485363017	0.17827091225790137	-0.332830211570711	0.9999999999999863	-0.7619238026249407	0.20602481669142003	-0.08729619211518151	0.10047339380490256	-0.1878554558478611	0.22024428249648811	-0.19005893178971323	0.08982957456498564	-0.10391505392133552	0.14091849860742706	-0.16664682530100977	0.19495701028883994
0.17700668511943538	-0.08370982135358367	0.08069870600187809	-0.07769899819894982	0.08626799746111348	-0.12682701814938224	0.0808225349968407	-0.09590768821180247	0.09108692967236653	-0.07966681800941747	0.11092312903775106	-0.11472802035022828	0.1364792845966008	-0.1284973921767854	0.14176372982506216	-0.14884246955096866	0.13271796222983162	-0.1415534258814308	0.1440820031686135	-0.1408610795517933	0.12119316246645952	-0.21847673121202102	0.20373458145179135	-0.21500194829549055	0.2160288732804881	-0.1652739334015084	0.21533843902429703	-0.7619238026249407	0.9999999999999861	-0.31474678067204737	0.08140782891094517	-0.09478973270200787	0.17087690501264344	-0.31261444708974834	0.21583149205595004	-0.08675934993720735	0.09627465931871775	-0.14670437970486144	0.17360294512206478	-0.2215539931882412
-0.1778479301477917	0.07730999135735178	-0.07699752359379408	0.07351310606632921	-0.08571000173841188	0.11327198483337823	-0.07404283923462457	0.08703712225299336	-0.08387383388705412	0.07797212314780977	-0.09515670052727068	0.09590130698610365	-0.11636136595757508	0.10914668718600355	-0.15034473776835122	0.1148702993919841	-0.1090584230930122	0.10599289688617489	-0.11472612741772904	0.1560645282727764	-0.08920479286454334	0.1477754502078364	-0.14111817915735092	0.13764533329190773	-0.36905996061260793	0.11108144691693861	-0.14043828875947834	0.20602481669142003	-0.31474678067204737	0.9999999999999861	-0.07131105761610955	0.08204913830301523	-0.16330633416215334	0.26104194189799285	-0.7583625110058491	0.07495508471495228	-0.08804372033214646	0.13545473496848595	-0.1928491068798875	0.24545224058321996
0.11537724510053922	-0.048502803507121904	0.04463977412029306	-0.042128853266403574	0.04627804726705473	-0.07563692251730124	0.04685611300439581	-0.05000989093112279	0.04717719991536464	-0.041632053507450674	0.06811914850298799	-0.06409143463112545	0.06668044947636054	-0.05959015362817971	0.07210545984924234	-0.10006221000590336	0.07502581478853566	-0.06184461153427819	0.06036227185160435	-0.06582457004543545	0.09581679495483601	-0.12040513481569877	0.07920313808223742	-0.07007654954289874	0.10129748055850207	-0.15374236137414837	0.12984768049323284	-0.08729619211518151	0.08140782891094517	-0.07131105761610955	0.9999999999999872	-0.32521859401300196	0.11504030764282683	-0.10254044846105882	0.06802642738732548	-0.8817724045896678	0.23967532462074823	-0.10822712998119409	0.09071727744713838	-0.11374041910535146
-0.10411552900171828	0.043930019379906114	-0.041458224059249704	0.03916739156230098	-0.04384541250243951	0.06704013853895104	-0.04239610674761648	0.046604760638479015	-0.044281447943934425	0.03945157581473131	-0.059590209046072165	0.05728266303093696	-0.06281741538147238	0.056639166504067855	-0.07019816332515087	0.08304505503869626	-0.06680955631903962	0.058531041888301605	-0.05809694180558848	0.0646277433592059	-0.07602507415123919	0.11736198137789099	-0.07760636395290212	0.06866993930327435	-0.10566703490282445	0.10935496064911361	-0.15538006520432462	0.10047339380490256	-0.09478973270200787	0.08204913830301523	-0.32521859401300196	0.9999999999999869	-0.2541278008977237	0.140988946287001	-0.08384716956473846	0.24254056947199504	-0.8425034266583724	0.19462546204075248	-0.13602916973091686	0.13241947914621982
0.13659727056725063	-0.05783814106406486	0.05594063524634266	-0.0530822294697782	0.06043620838976743	-0.0862969463968758	0.055459678922503544	-0.06301386043131678	0.06016303675819151	-0.054513019044402256	0.07348393945723808	-0.07294264791238239	0.08438830990482662	-0.07767792213530215	0.0996490676291021	-0.09404700293309728	0.08330839682978987	-0.07854316038721579	0.08040266657520498	-0.09419299960606534	0.07628542677147236	-0.12616726665574912	0.1055717780188199	-0.09756293043361947	0.16417327798352832	-0.10072565953144486	0.12622297506415853	-0.1878554558478611	0.17087690501264344	-0.16330633416215334	0.11504030764282683	-0.2541278008977237	0.999999999999986	-0.45139579398946433	0.17379211549717621	-0.12370081633951695	0.2095128459855478	-0.7199367269778902	0.29779032152796536	-0.2721684330870421
-0.20460550235799801	0.08379188973870837	-0.08275703741555897	0.07799855082150968	-0.09102640515828607	0.12194978768222396	-0.08040274247706297	0.09195893172093661	-0.08877095422045495	0.08140426153856535	-0.10373005531433245	0.10294438930054882	-0.12355796532588303	0.11316871405788795	-0.1537042227079378	0.12491884739235928	-0.11802531399973434	0.11172479698133307	-0.11801711235934526	0.14291870864869138	-0.09916653208369065	0.1612183234983771	-0.15055375107195632	0.13978226351571907	-0.2750539212173022	0.12437494946838722	-0.16040194141809588	0.22024428249648811	-0.31261444708974834	0.26104194189799285	-0.10254044846105882	0.140988946287001	-0.45139579398946433	0.999999999999986	-0.4165419811769044	0.10510755244691128	-0.15330271923617445	0.2821178264395904	-0.5072741838376567	0.3057880850890131
0.15250065237719243	-0.06703928881388736	0.06568935495855095	-0.06304505168054304	0.07198898215449523	-0.09960867438792427	0.06400394055530453	-0.07476744709954415	0.07133587890708146	-0.0658896568085237	0.08276347049186225	-0.08354324444740711	0.09865996139929513	-0.09322475455022143	0.12260531371833759	-0.10237270233933335	0.09407303629937318	-0.09126319383941699	0.09664003308046974	-0.12985731813784604	0.07910501555473663	-0.13322211144974544	0.11975176902552857	-0.11858330269126433	0.2376890569378356	-0.10024842458345777	0.12205056538917217	-0.19005893178971323	0.21583149205595004	-0.7583625110058491	0.06802642738732548	-0.08384716956473846	0.17379211549717621	-0.4165419811769044	0.9999999999999865	-0.07266516692539507	0.08805814910852137	-0.15460696269066862	0.21325881983094142	-0.3390761216434812
-0.1332362573681681	0.053029483399720884	-0.04928964841601599	0.04616924247281945	-0.05139010803441275	0.08058737048487839	-0.0512743400307327	0.05446837773352528	-0.05172407121441308	0.04585254544404056	-0.07307484004770519	0.06806975324605626	-0.07253016330090388	0.06441797217051509	-0.0802991346173109	0.09847297191357057	-0.08026462195031721	0.06598008574182349	-0.06523440761173148	0.07194919352243558	-0.09583917166170206	0.11897302858967633	-0.08470867229922772	0.07448798318071521	-0.11405998994307759	0.1326739960887858	-0.13454892359890278	0.08982957456498564	-0.08675934993720735	0.07495508471495228	-0.8817724045896678	0.24254056947199504	-0.12370081633951695	0.10510755244691128	-0.07266516692539507	0.9999999999999871	-0.31495225689149053	0.11193907810873263	-0.0983850823652004	0.11620555215225016
0.10704742605574331	-0.045791460477720605	0.043036442315693146	-0.04080362467433099	0.04540195280219873	-0.07038634798013976	0.044081928553565346	-0.048557841173019846	0.04597103985100907	-0.04098156884688507	0.0616966654999586	-0.0596921285565651	0.0649497348592557	-0.05894560633365516	0.072500814584596	-0.0869510054936708	0.06895257097071994	-0.06076027588896665	0.060217364270179104	-0.06739166994872314	0.076427838390605	-0.12265625681124455	0.07977995450262212	-0.07172576631098723	0.10876931947895185	-0.11045607872834456	0.1347636850492304	-0.10391505392133552	0.09627465931871775	-0.08804372033214646	0.23967532462074823	-0.8425034266583724	0.2095128459855478	-0.15330271923617445	0.08805814910852137	-0.31495225689149053	0.9999999999999871	-0.2516246565456556	0.14370365985824654	-0.15137992236057748
-0.13652344964972535	0.055552327472770946	-0.054184928902893434	0.05104970500353509	-0.05897384026923892	0.08160899987002936	-0.05328079041335648	0.06014258152992693	-0.05778189360188571	0.052707170586034455	-0.0695714951063468	0.0685192115092825	-0.08025204725738264	0.07329134800196063	-0.09783956646597891	0.0861806929863982	-0.07845485663308814	0.0728298571352555	-0.07547101982300333	0.08996499765740576	-0.06989068071255895	0.11269961835211544	-0.09731572990921421	0.0889234411375511	-0.16406102229291689	0.09019084493177544	-0.11485422497634191	0.14091849860742706	-0.14670437970486144	0.13545473496848595	-0.10822712998119409	0.19462546204075248	-0.7199367269778902	0.2821178264395904	-0.15460696269066862	0.11193907810873263	-0.2516246565456556	0.9999999999999869	-0.502642811425289	0.24348183580941257
0.16080228079322256	-0.06613450846835359	0.06449186439402022	-0.06099932041696357	0.07024307187494956	-0.09738089269237772	0.06325100878941586	-0.0718329637109186	0.06882602048243022	-0.06302235396641773	0.08175492559955826	-0.08114248724653753	0.09492182495888268	-0.08760398442116751	0.11679010377164159	-0.10074837489014064	0.09195416299238782	-0.08634899162960018	0.08983464332821806	-0.10952413695394207	0.07919313192899266	-0.13059248631401243	0.11359159499954107	-0.10716165362583056	0.1985297401094368	-0.10108135140127744	0.1231813018407708	-0.16664682530100977	0.17360294512206478	-0.1928491068798875	0.09071727744713838	-0.13602916973091686	0.29779032152796536	-0.5072741838376567	0.21325881983094142	-0.0983850823652004	0.14370365985824654	-0.502642811425289	0.999999999999987	-0.569037996044284
-0.31310923768737875	0.11735667168389372	-0.11663609174884557	0.10857321596361746	-0.12922036239117013	0.1662658607104256	-0.11211517377829104	0.12554200681691385	-0.12191849370633717	0.11357466828157166	-0.13874871070964	0.1358139469789587	-0.16353320026114937	0.14905159609367377	-0.21783173084492818	0.15764061871044893	-0.15378354551757353	0.1410142204883452	-0.15042972945677957	0.19228113303737765	-0.12118221252354233	0.19190021355587822	-0.18192337504290904	0.16871475471862465	-0.3853380137994368	0.14658276769335477	-0.17988909316253882	0.19495701028883994	-0.2215539931882412	0.24545224058321996	-0.11374041910535146	0.13241947914621982	-0.2721684330870421	0.3057880850890131	-0.3390761216434812	0.11620555215225016	-0.15137992236057748	0.24348183580941257	-0.569037996044284	0.9999999999999869
