1.0	-0.9569462726997042	0.15059967889589074	-0.1317539616488223	0.08007078328942947	-0.12192928713317452	0.11460816464975107	-0.09815164132768851	0.0849895545211941	-0.08995819106038547	0.08248004342683732	-0.07503461711323307	0.08298892746032929	-0.08814713869225248	0.056511233989864705	-0.022243611889541142	0.06377368323912552	-0.057628404623250404	0.04738112140936634	-0.05197762091860047	0.020686611215770468	-0.05300830767867933	0.04280116509651084	-0.046671265480417626	0.03278059882567554	-0.02855088519140282	0.0326149651880257	-0.0364946689241043	0.03478917511643016	-0.029148560396355647	0.0320581343782484	-0.031638524693046635	0.036278589844108804	-0.037408551406167535	0.03392406239986932	-0.002650631494524832	0.024995699701363026	-0.030077396133629166	0.026968908966926268	-0.025754504307307666	0.0026977456568780672	-0.028842983130487276	0.0378350034716325	-0.01654413491783181	0.017959412034457615
-0.9569462726997042	0.9999999999999996	-0.18150525703762344	0.1217669893569501	-0.07739971461476207	0.10540807832092988	-0.12026635828814117	0.09340027465801935	-0.0825934775006813	0.08123376985572923	-0.08029011133546521	0.07103427138795697	-0.0803404812515956	0.08117445644136792	-0.052449821841995516	0.02089878241251098	-0.06098069907095016	0.05372152938167657	-0.04404388104397409	0.04761088643698999	-0.01958244195404632	0.048901366956009974	-0.03988307770158547	0.04291913518187884	-0.030229714168831148	0.026408671061235775	-0.030183154350578587	0.033722052793471596	-0.032113554562557795	0.026784969928610302	-0.0297880446134829	0.029166104255140095	-0.033583189529045133	0.03435673699992188	-0.03126097261152318	0.0024502817763215595	-0.023032838061944883	0.02761744181376685	-0.024823352672663345	0.023654938024393793	-0.0024944775333683653	0.026504346577466226	-0.034818801338111834	0.015191145983445016	-0.01650921311867626
0.15059967889589074	-0.18150525703762344	0.9999999999999996	-0.7623495824885026	0.2440079241147881	-0.12135088389430843	0.16016039220758702	-0.36822184084134146	0.27428529766932885	-0.27483496937397484	0.10273668796849032	-0.11594162983528747	0.207014584574042	-0.24083015794332016	0.13667218722206093	-0.03656478025689826	0.11415293294956891	-0.11275159580583552	0.10157956133426956	-0.12265501430492333	0.033905604795018446	-0.1016994331570533	0.08441873787572671	-0.09912308688722966	0.07147857674021801	-0.05511076413930458	0.06425519448370971	-0.07248307216452815	0.0735865976443414	-0.06352692037750526	0.062238563816506276	-0.06305554866562224	0.0731040016478389	-0.07874760106381336	0.07198746888813767	-0.005259285703711059	0.0507040792813353	-0.06267596310120094	0.056654176202227104	-0.05450490283561359	0.005351336631186969	-0.05853598457584303	0.07879308064388188	-0.034751556145542054	0.037741638190071244
-0.1317539616488223	0.1217669893569501	-0.7623495824885026	0.9999999999999993	-0.37330256454359867	0.1007634871647404	-0.14280723895627137	0.25337187767654235	-0.36993596883514746	0.24602898632698356	-0.09029520890411732	0.09938636826739011	-0.19722083121026912	0.20767480139027544	-0.12486423622798082	0.03136378288513734	-0.101236267970434	0.09735139497864008	-0.08907842112934683	0.1057726227784037	-0.029283926107896836	0.08628925325663543	-0.07322171404804992	0.08465933461200739	-0.06204331139341348	0.046988340488627864	-0.05504050171633596	0.06196157859477977	-0.06354491310330683	0.054584170773022946	-0.05352650773208032	0.05373849039211987	-0.06290394992311864	0.06715168625096027	-0.06208393102097535	0.004499067325085557	-0.043326158814771636	0.05342032073505331	-0.04865337784053336	0.04660749781242735	-0.004579808574927964	0.049749455739275666	-0.06756819207042677	0.02968360054601999	-0.03233340284937958
0.08007078328942947	-0.07739971461476207	0.2440079241147881	-0.37330256454359867	0.999999999999999	-0.10082186806245325	0.13564218946760778	-0.1915651238759145	0.21279417081717333	-0.7960201036993176	0.09468834325433542	-0.10417615545820359	0.17931379577406467	-0.21241839177333233	0.2057599886018504	-0.039125580756931906	0.11839325887421727	-0.1189014943748553	0.12208161675391896	-0.17999796483574218	0.036390315413854124	-0.11244553893043768	0.09429056905469829	-0.12080116868814474	0.09401771465712574	-0.06390672595817433	0.07433896778239528	-0.0833404282876746	0.09150997152012474	-0.08359530357793535	0.07296535334612764	-0.0740343215421943	0.08632231304490467	-0.09788174332423108	0.09176678379347465	-0.006265122032472159	0.06122587313516073	-0.0784271595696992	0.07161791669813743	-0.06936923477339374	0.006374896307629142	-0.07072047856360247	0.09913494771116388	-0.04403795590349782	0.047914769086618444
-0.12192928713317452	0.10540807832092988	-0.12135088389430843	0.1007634871647404	-0.10082186806245325	0.9999999999999986	-0.5871946165751017	0.17202621634697202	-0.1443564904842621	0.10418531688394714	-0.6728347945863097	0.2994004889463056	-0.1923718725522836	0.1550809897058629	-0.10468932930501969	0.08387458077943646	-0.21582333111983001	0.15496720618171844	-0.10885934140053082	0.0981752376950245	-0.08077972274633863	0.13500333576056958	-0.10995952845819154	0.10360351714741223	-0.0685046610377947	0.07393608561839901	-0.08091477296737892	0.08910226804918611	-0.07672885896921966	0.060596093967461705	-0.08346642526180544	0.07563303445715046	-0.08667575249220628	0.08172060549155119	-0.07264740682630023	0.006474182326759497	-0.05764226101626582	0.06550803192612645	-0.05816738992082129	0.05495410819423363	-0.006599076793665309	0.06575377737003853	-0.08195244067686006	0.03533952742663482	-0.0383227773091066
0.11460816464975107	-0.12026635828814117	0.16016039220758702	-0.14280723895627137	0.13564218946760778	-0.5871946165751017	0.9999999999999981	-0.3269744126602695	0.1999510562373769	-0.149525263146967	0.3135616161422531	-0.4798779441980114	0.244912228288459	-0.23422441656319876	0.14433969107699113	-0.07823961786304282	0.24903856865581211	-0.22285870215529177	0.149492809124286	-0.14041912384058317	0.07108663206895063	-0.1965940654562203	0.14972279834176677	-0.14990952984368253	0.09564392675223488	-0.09522782149090236	0.1105923470916749	-0.12548333865917152	0.10730259404887475	-0.08575947205414877	0.10404874943263039	-0.10585621702964991	0.11898654275380392	-0.11685209693427386	0.1013430638377905	-0.008530990196235468	0.08024920462069965	-0.09253141600304139	0.08126726446673734	-0.07762770673693897	0.008676418416539166	-0.09300520557681732	0.11402075614925902	-0.04977569724420205	0.053665898206821064
-0.09815164132768851	0.09340027465801935	-0.36822184084134146	0.25337187767654235	-0.1915651238759145	0.17202621634697202	-0.3269744126602695	0.999999999999997	-0.6226551623419699	0.19105383443567944	-0.15080129121776678	0.17655581930063283	-0.4768685548105738	0.309076249409248	-0.14713767164364613	0.04583503769528887	-0.1613556342814498	0.15227167649664133	-0.12305596786681472	0.1269071612900329	-0.04280931863183933	0.12455310850224906	-0.10715689075726861	0.11405838776751852	-0.0787082993721688	0.06464730273965787	-0.07662884972614646	0.08704886170221447	-0.08390619984408709	0.06923038664658544	-0.07313701448164421	0.0736499786768995	-0.08635482952517518	0.08835506947315316	-0.07981194983628088	0.006062198078189714	-0.05796194629596374	0.06940056913856446	-0.06271591834067514	0.059914668873058304	-0.006171410608757352	0.06636963110694466	-0.0870533485105762	0.03809782974917609	-0.041408930756667586
0.0849895545211941	-0.0825934775006813	0.27428529766932885	-0.36993596883514746	0.21279417081717333	-0.1443564904842621	0.1999510562373769	-0.6226551623419699	0.9999999999999978	-0.25737571384599056	0.12315538156859931	-0.14561805331914598	0.3011105327741795	-0.517918958740366	0.16270048340513765	-0.04224483617615928	0.13927122738397085	-0.1393560277735564	0.12495420295030875	-0.13941373521780895	0.03923739860559596	-0.11895291637237318	0.10051759715754392	-0.1172515234409601	0.08125446224228254	-0.06280061753269275	0.07413774209753092	-0.08428691996183944	0.08495942519042292	-0.07174905388004806	0.07090645678663635	-0.07214893640141479	0.08429292580734897	-0.08985842178147989	0.08108674107094882	-0.005950311731289801	0.05738219941127863	-0.07003586075085896	0.06341407953947385	-0.06100357401605756	0.00605543029614878	-0.065981013065386	0.08759113783082353	-0.03862047020888389	0.041934547469323846
-0.08995819106038547	0.08123376985572923	-0.27483496937397484	0.24602898632698356	-0.7960201036993176	0.10418531688394714	-0.149525263146967	0.19105383443567944	-0.25737571384599056	0.9999999999999973	-0.10225713320045215	0.10974609513485487	-0.20283886466613718	0.2069913951930626	-0.30278432380104187	0.03996346854853932	-0.1277603714759173	0.12299403202648948	-0.13083835423769286	0.185743150725533	-0.03756174953408514	0.11232370020210683	-0.09767516693890271	0.12151517816641054	-0.10024713172771055	0.06408923334118138	-0.07536146597862103	0.08408979950307184	-0.09508136700215372	0.08558570083399877	-0.07448340463711674	0.0742189310748239	-0.08828316132361527	0.09806679523684429	-0.09545894004253053	0.006319497981480916	-0.061747357924520324	0.07847673508660345	-0.07344460434176137	0.07012038776694096	-0.006436768704490281	0.07035352706619499	-0.10109778289506216	0.04436445801184562	-0.04873222645848781
0.08248004342683732	-0.08029011133546521	0.10273668796849032	-0.09029520890411732	0.09468834325433542	-0.6728347945863097	0.3135616161422531	-0.15080129121776678	0.12315538156859931	-0.10225713320045215	0.9999999999999981	-0.5548552593728614	0.1792926199597565	-0.16000144304510855	0.1092029048517056	-0.11610800665746027	0.23514989863862287	-0.19087700122439483	0.1206057527521991	-0.10766067147881178	0.09663085959978504	-0.16517467788892373	0.12585801781481099	-0.11971440208685291	0.07526969531800952	-0.08648926870354447	0.0935403023536533	-0.10421344216786235	0.0856681567487195	-0.0674124184764567	0.09409441705572265	-0.08783473607162347	0.0982131129854023	-0.09303494154040072	0.0803179615186961	-0.00733528829444209	0.0656083029900834	-0.07389654727230593	0.06462567361659614	-0.06147971176103973	0.0074689353735418774	-0.07556963721644466	0.09093150948629104	-0.039444400258699115	0.04251429515314556
-0.07503461711323307	0.07103427138795697	-0.11594162983528747	0.09938636826739011	-0.10417615545820359	0.2994004889463056	-0.4798779441980114	0.17655581930063283	-0.14561805331914598	0.10974609513485487	-0.5548552593728614	0.9999999999999961	-0.25880557498903595	0.18007344837373498	-0.12107817583291383	0.07984605543156388	-0.5033349877480436	0.22695273013947168	-0.1414554592786102	0.11695293969237447	-0.07496923368430762	0.1786686024901623	-0.14868034867546132	0.1297958751711584	-0.08176704518620923	0.08460426814467506	-0.10075101118936616	0.1129665205302611	-0.09358937652974954	0.07244104497681687	-0.09444461965859195	0.09261045552957908	-0.1074538782962193	0.09918021243579288	-0.08626192405622539	0.007489276458889885	-0.0694625048043277	0.07787968545757938	-0.06883591717519431	0.06523516662877317	-0.007628117601166391	0.0789545820355448	-0.09644772921951589	0.041652405303541515	-0.04505685513211065
0.08298892746032929	-0.0803404812515956	0.207014584574042	-0.19722083121026912	0.17931379577406467	-0.1923718725522836	0.244912228288459	-0.4768685548105738	0.3011105327741795	-0.20283886466613718	0.1792926199597565	-0.25880557498903595	0.9999999999999988	-0.6224788007212382	0.20007375029075586	-0.06221736015151641	0.22142868453023085	-0.27348572541067556	0.18507661829930502	-0.18794163112672066	0.05746638855794297	-0.18824582347714527	0.1616063731080823	-0.17541284192611933	0.1135189856988214	-0.09359656355796109	0.11261676086178204	-0.13150425411379668	0.12306189463359324	-0.1012797313319303	0.10430193435607801	-0.10871445409020282	0.1265902063035321	-0.13141023806574895	0.11491018589181562	-0.008732988599105249	0.08444228316920772	-0.10102033254076066	0.09029938980489602	-0.087105236080103	0.008883457995586909	-0.0972776565859024	0.12466546706146156	-0.05502416616934005	0.05947979122292085
-0.08814713869225248	0.08117445644136792	-0.24083015794332016	0.20767480139027544	-0.21241839177333233	0.1550809897058629	-0.23422441656319876	0.309076249409248	-0.517918958740366	0.2069913951930626	-0.16000144304510855	0.18007344837373498	-0.6224788007212382	0.9999999999999946	-0.2740126797414122	0.05443400495810569	-0.197132364198005	0.1923731736546353	-0.19794505869928244	0.19242065888862636	-0.051362677708100955	0.15317139399137938	-0.13973212477126198	0.1604051821429734	-0.11335113626880464	0.08190730093090585	-0.09840488527840392	0.11183976466823818	-0.1182131330814443	0.09746092142702412	-0.09439444902156928	0.09462666712787816	-0.1139706819564423	0.11995016532790548	-0.11037798750270941	0.007840916957659672	-0.0757430947772124	0.09216209807638868	-0.08503654743480661	0.08122673116234491	-0.007987212830113902	0.08592149980503055	-0.11642767365363173	0.051059293647528856	-0.05577995947566536
0.056511233989864705	-0.052449821841995516	0.13667218722206093	-0.12486423622798082	0.2057599886018504	-0.10468932930501969	0.14433969107699113	-0.14713767164364613	0.16270048340513765	-0.30278432380104187	0.1092029048517056	-0.12107817583291383	0.20007375029075586	-0.2740126797414122	0.9999999999999947	-0.050983785661096764	0.16053726098447443	-0.18153257064331763	0.2417908431782024	-0.733897495034573	0.04751317058289165	-0.16054966844956262	0.14000224140644654	-0.23534784474181958	0.19401090391424303	-0.09044516331096245	0.10845239688915007	-0.1251753710216051	0.16150656824185639	-0.17595719141892627	0.10260372677307796	-0.10969790656875868	0.13072457959982983	-0.1717576899160026	0.15352521331529098	-0.008952254505929062	0.09098747695103698	-0.12311831838770755	0.11279058259709653	-0.11650055095415997	0.009102768843882662	-0.10517349041005514	0.1454170923812974	-0.0684151196745376	0.07327842251382191
-0.022243611889541142	0.02089878241251098	-0.03656478025689826	0.03136378288513734	-0.039125580756931906	0.08387458077943646	-0.07823961786304282	0.04583503769528887	-0.04224483617615928	0.03996346854853932	-0.11610800665746027	0.07984605543156388	-0.06221736015151641	0.05443400495810569	-0.050983785661096764	0.9999999999999948	-0.08573024672459979	0.0704854479845879	-0.05482520171266937	0.04802002354349679	-0.9394738123038526	0.08909170432948031	-0.06982479812116975	0.054206890432301626	-0.04008731858687174	0.18636553866393982	-0.094001241392315	0.07130921068840977	-0.04655958154237427	0.035548847884738374	-0.21281814595597154	0.07534257797619738	-0.07278575541494867	0.05097735479609893	-0.047235995296583635	0.011643770978998581	-0.05259053855501777	0.048619198151539346	-0.040749148962194	0.03669029522026806	-0.01198511010058536	0.05727842852937474	-0.0615463268031522	0.02471767881253998	-0.026688855515022057
0.06377368323912552	-0.06098069907095016	0.11415293294956891	-0.101236267970434	0.11839325887421727	-0.21582333111983001	0.24903856865581211	-0.1613556342814498	0.13927122738397085	-0.1277603714759173	0.23514989863862287	-0.5033349877480436	0.22142868453023085	-0.197132364198005	0.16053726098447443	-0.08573024672459979	0.9999999999999915	-0.5597419837299605	0.22075361170871985	-0.16993738023914454	0.07715988993831058	-0.3517601747591716	0.2523284059351876	-0.21251145865263163	0.11885848976469789	-0.12420009000171937	0.16226341741978495	-0.1901591516284741	0.14111311515587585	-0.10689305892506235	0.13397249778236628	-0.14788938098484597	0.16793865914093045	-0.152488760146307	0.12570565390605823	-0.01090738600710208	0.1061191296643048	-0.11596466078266224	0.10049224320722092	-0.09608961646696207	0.011090271711057548	-0.12141306359439503	0.1399934233918271	-0.06075610844838472	0.0652114860659664
-0.057628404623250404	0.05372152938167657	-0.11275159580583552	0.09735139497864008	-0.1189014943748553	0.15496720618171844	-0.22285870215529177	0.15227167649664133	-0.1393560277735564	0.12299403202648948	-0.19087700122439483	0.22695273013947168	-0.27348572541067556	0.1923731736546353	-0.18153257064331763	0.0704854479845879	-0.5597419837299605	0.9999999999999944	-0.4094981349924103	0.1852635102215477	-0.06701584661642401	0.2766113099880459	-0.45641178676426825	0.23745945198294793	-0.13136740703496214	0.11705788938978204	-0.16447911020200184	0.20724403670620833	-0.16180271022018713	0.11364690683688913	-0.13338776647605613	0.14474200656678654	-0.18978496500197836	0.15871459687168105	-0.13297159375205614	0.010663034205886645	-0.10592882613819649	0.11539862818458216	-0.10322808826742204	0.09788373813381604	-0.010865275677598402	0.11686166012657351	-0.14116977891634055	0.06082497708898034	-0.06591098191718876
0.04738112140936634	-0.04404388104397409	0.10157956133426956	-0.08907842112934683	0.12208161675391896	-0.10885934140053082	0.149492809124286	-0.12305596786681472	0.12495420295030875	-0.13083835423769286	0.1206057527521991	-0.1414554592786102	0.18507661829930502	-0.19794505869928244	0.2417908431782024	-0.05482520171266937	0.22075361170871985	-0.4094981349924103	0.9999999999999919	-0.38334717217264325	0.051353899579869126	-0.200278743546914	0.20120622086059534	-0.650227982095816	0.1833571844190444	-0.09869293729596137	0.12730257097474404	-0.1589847394057749	0.23232715379641225	-0.16260786965450316	0.11093057163919592	-0.12489968637670505	0.15692597753700355	-0.22678343121829916	0.16001837962608184	-0.009421927456212733	0.09723979327812364	-0.1228522724163219	0.11395210196924654	-0.1164072355260027	0.009582998868613714	-0.11048698279974963	0.14340725319898256	-0.06668143454448047	0.07161192406326204
-0.05197762091860047	0.04761088643698999	-0.12265501430492333	0.1057726227784037	-0.17999796483574218	0.0981752376950245	-0.14041912384058317	0.1269071612900329	-0.13941373521780895	0.185743150725533	-0.10766067147881178	0.11695293969237447	-0.18794163112672066	0.19242065888862636	-0.733897495034573	0.04802002354349679	-0.16993738023914454	0.1852635102215477	-0.38334717217264325	0.9999999999999942	-0.04529472427699976	0.1507905798673683	-0.14419540339536255	0.2386652823005335	-0.2860737853387395	0.08485951268595388	-0.10493159762434953	0.12055248894502836	-0.18030834972215018	0.18942638011623236	-0.09869106241066472	0.10428896657096304	-0.13008027113540654	0.16762523222108866	-0.16767517958670256	0.00848214270103705	-0.08760022867040065	0.11742388433635483	-0.11506124672396868	0.11548717600518138	-0.008636034640333093	0.09874016911182001	-0.1431803205931301	0.06643460117784375	-0.07265308371346958
0.020686611215770468	-0.01958244195404632	0.033905604795018446	-0.029283926107896836	0.036390315413854124	-0.08077972274633863	0.07108663206895063	-0.04280931863183933	0.03923739860559596	-0.03756174953408514	0.09663085959978504	-0.07496923368430762	0.05746638855794297	-0.051362677708100955	0.04751317058289165	-0.9394738123038526	0.07715988993831058	-0.06701584661642401	0.051353899579869126	-0.04529472427699976	0.9999999999999896	-0.08790619070996636	0.06621181585763321	-0.05148445447314473	0.03749407760137676	-0.23607675111373222	0.09200466845918938	-0.06988433043500245	0.043728468959666596	-0.033439425959087055	0.17937688103314567	-0.07442960285917456	0.06882267207647093	-0.04837704992130375	0.04414772613553081	-0.01012888739674137	0.05006351859348564	-0.046068817124630256	0.03815146641437483	-0.034541401701237505	0.010370025395011535	-0.05536404064081771	0.05734073285113976	-0.023187728139972753	0.024924432360393878
-0.05300830767867933	0.048901366956009974	-0.1016994331570533	0.08628925325663543	-0.11244553893043768	0.13500333576056958	-0.1965940654562203	0.12455310850224906	-0.11895291637237318	0.11232370020210683	-0.16517467788892373	0.1786686024901623	-0.18824582347714527	0.15317139399137938	-0.16054966844956262	0.08909170432948031	-0.3517601747591716	0.2766113099880459	-0.200278743546914	0.1507905798673683	-0.08790619070996636	0.9999999999999875	-0.5825474306041126	0.18266014092022137	-0.12979154998670012	0.1966420617521952	-0.42504812007269016	0.29472617184707106	-0.1601894785438187	0.11368428265632763	-0.23691786030988746	0.24310343690529723	-0.3016935723979913	0.1689919109145625	-0.15130443599063445	0.017087819501466425	-0.1676795659923813	0.1485151612884007	-0.12728526860811062	0.11374034140557616	-0.017479414663296694	0.16870538310894956	-0.18825532350740995	0.074620597117182	-0.08112222437705241
0.04280116509651084	-0.03988307770158547	0.08441873787572671	-0.07322171404804992	0.09429056905469829	-0.10995952845819154	0.14972279834176677	-0.10715689075726861	0.10051759715754392	-0.09767516693890271	0.12585801781481099	-0.14868034867546132	0.1616063731080823	-0.13973212477126198	0.14000224140644654	-0.06982479812116975	0.2523284059351876	-0.45641178676426825	0.20120622086059534	-0.14419540339536255	0.06621181585763321	-0.5825474306041126	0.9999999999999842	-0.2014401833445528	0.11451756400595511	-0.153360968290337	0.2469357983791286	-0.4872749269157907	0.1465983419101862	-0.10305476823351976	0.16236062746850757	-0.20976320119401587	0.2583593925545047	-0.16186892381492876	0.12860105671802755	-0.012812407925042143	0.1330758154556807	-0.12813250565573817	0.10605258785210994	-0.0989085180073404	0.013032289607257278	-0.14767385243971018	0.15004318035708147	-0.06260085670229197	0.06687235480606259
-0.046671265480417626	0.04291913518187884	-0.09912308688722966	0.08465933461200739	-0.12080116868814474	0.10360351714741223	-0.14990952984368253	0.11405838776751852	-0.1172515234409601	0.12151517816641054	-0.11971440208685291	0.1297958751711584	-0.17541284192611933	0.1604051821429734	-0.23534784474181958	0.054206890432301626	-0.21251145865263163	0.23745945198294793	-0.650227982095816	0.2386652823005335	-0.05148445447314473	0.18266014092022137	-0.2014401833445528	0.999999999999991	-0.25082576617473523	0.09896087579527446	-0.12921564245642875	0.15444893101872115	-0.456370826264076	0.19541780057466127	-0.11534497425562701	0.12720572928450344	-0.17337025656805585	0.2586208340177234	-0.2004110230534262	0.009774682449806173	-0.10328281498919822	0.13306109111854783	-0.13307038159646856	0.13225662234431498	-0.009955313191292267	0.11428141088826539	-0.16018283157606525	0.07422038044485643	-0.08132829655264581
0.03278059882567554	-0.030229714168831148	0.07147857674021801	-0.06204331139341348	0.09401771465712574	-0.0685046610377947	0.09564392675223488	-0.0787082993721688	0.08125446224228254	-0.10024713172771055	0.07526969531800952	-0.08176704518620923	0.1135189856988214	-0.11335113626880464	0.19401090391424303	-0.04008731858687174	0.11885848976469789	-0.13136740703496214	0.1833571844190444	-0.2860737853387395	0.03749407760137676	-0.12979154998670012	0.11451756400595511	-0.25082576617473523	0.9999999999999875	-0.07758116866773611	0.09583606371062649	-0.11182189164786231	0.220056920174853	-0.8000582567781414	0.08804481597429445	-0.10203136330444501	0.12556785245738517	-0.22327392539699173	0.24212160658475262	-0.008021846438100983	0.08894945436418379	-0.1455140131689315	0.13848060389355835	-0.17979343596683714	0.00814564172097091	-0.10255983878306324	0.14518347861268244	-0.08007045136744274	0.08292557440786809
-0.02855088519140282	0.026408671061235775	-0.05511076413930458	0.046988340488627864	-0.06390672595817433	0.07393608561839901	-0.09522782149090236	0.06464730273965787	-0.06280061753269275	0.06408923334118138	-0.08648926870354447	0.08460426814467506	-0.09359656355796109	0.08190730093090585	-0.09044516331096245	0.18636553866393982	-0.12420009000171937	0.11705788938978204	-0.09869293729596137	0.08485951268595388	-0.23607675111373222	0.1966420617521952	-0.153360968290337	0.09896087579527446	-0.07758116866773611	0.9999999999999845	-0.3706585543727295	0.17940637693870273	-0.09347319386132284	0.0691859225408549	-0.8074610922109922	0.21094071958888008	-0.18404004936176532	0.10427947890039588	-0.09639304717026816	0.03358996882465753	-0.13595087019705687	0.10758640148799775	-0.08652054961940028	0.07615558013863263	-0.034509565578584395	0.14008177611822598	-0.1337911316415297	0.051839163987491714	-0.05554995619211002
0.0326149651880257	-0.030183154350578587	0.06425519448370971	-0.05504050171633596	0.07433896778239528	-0.08091477296737892	0.1105923470916749	-0.07662884972614646	0.07413774209753092	-0.07536146597862103	0.0935403023536533	-0.10075101118936616	0.11261676086178204	-0.09840488527840392	0.10845239688915007	-0.094001241392315	0.16226341741978495	-0.16447911020200184	0.12730257097474404	-0.10493159762434953	0.09200466845918938	-0.42504812007269016	0.2469357983791286	-0.12921564245642875	0.09583606371062649	-0.3706585543727295	0.9999999999999851	-0.4185677812933175	0.12244639715296893	-0.08708314858202247	0.2613486727307567	-0.5704372708333094	0.29429362033032885	-0.14253888680851992	0.1203458723354024	-0.018659441073748787	0.21177445279868898	-0.1477091103407465	0.10998525155306212	-0.09736656862737916	0.01892848869196194	-0.22589046939199173	0.16704196871439045	-0.06453681103423496	0.0678829648810633
-0.0364946689241043	0.033722052793471596	-0.07248307216452815	0.06196157859477977	-0.0833404282876746	0.08910226804918611	-0.12548333865917152	0.08704886170221447	-0.08428691996183944	0.08408979950307184	-0.10421344216786235	0.1129665205302611	-0.13150425411379668	0.11183976466823818	-0.1251753710216051	0.07130921068840977	-0.1901591516284741	0.20724403670620833	-0.1589847394057749	0.12055248894502836	-0.06988433043500245	0.29472617184707106	-0.4872749269157907	0.15444893101872115	-0.11182189164786231	0.17940637693870273	-0.4185677812933175	0.9999999999999872	-0.1599323246895638	0.10094366817776552	-0.2043539664043047	0.27360761188149607	-0.6120980456444354	0.17823541330301088	-0.13796446489475542	0.015083561533292312	-0.1659838764995612	0.14323090359222396	-0.11650294330786512	0.10419128728151777	-0.015388208686696755	0.16735126720272792	-0.1661916593902937	0.06627597680443018	-0.07098932702099489
0.03478917511643016	-0.032113554562557795	0.0735865976443414	-0.06354491310330683	0.09150997152012474	-0.07672885896921966	0.10730259404887475	-0.08390619984408709	0.08495942519042292	-0.09508136700215372	0.0856681567487195	-0.09358937652974954	0.12306189463359324	-0.1182131330814443	0.16150656824185639	-0.04655958154237427	0.14111311515587585	-0.16180271022018713	0.23232715379641225	-0.18030834972215018	0.043728468959666596	-0.1601894785438187	0.1465983419101862	-0.456370826264076	0.220056920174853	-0.09347319386132284	0.12244639715296893	-0.1599323246895638	0.9999999999999882	-0.2839405839450876	0.10482581345151022	-0.13391918222232288	0.1869065913122629	-0.7032562057057016	0.23486435590531396	-0.009298988824738202	0.10421886246879622	-0.1459402618167758	0.1419066596237248	-0.16150465362916977	0.009444884765859956	-0.11850186726280747	0.15477887717438674	-0.07864327354741389	0.08308250434578641
-0.029148560396355647	0.026784969928610302	-0.06352692037750526	0.054584170773022946	-0.08359530357793535	0.060596093967461705	-0.08575947205414877	0.06923038664658544	-0.07174905388004806	0.08558570083399877	-0.0674124184764567	0.07244104497681687	-0.1012797313319303	0.09746092142702412	-0.17595719141892627	0.035548847884738374	-0.10689305892506235	0.11364690683688913	-0.16260786965450316	0.18942638011623236	-0.033439425959087055	0.11368428265632763	-0.10305476823351976	0.19541780057466127	-0.8000582567781414	0.0691859225408549	-0.08708314858202247	0.10094366817776552	-0.2839405839450876	0.9999999999999903	-0.0797754180757128	0.09249376771505641	-0.1190191444694843	0.21814338850601922	-0.3649933111444695	0.007239928197601404	-0.08240519190724355	0.1335030342066461	-0.14661069867781798	0.17739777958663905	-0.0073582442110801255	0.09283220440530111	-0.14010996699541375	0.07639693069302173	-0.0822232528534971
0.0320581343782484	-0.0297880446134829	0.062238563816506276	-0.05352650773208032	0.07296535334612764	-0.08346642526180544	0.10404874943263039	-0.07313701448164421	0.07090645678663635	-0.07448340463711674	0.09409441705572265	-0.09444461965859195	0.10430193435607801	-0.09439444902156928	0.10260372677307796	-0.21281814595597154	0.13397249778236628	-0.13338776647605613	0.11093057163919592	-0.09869106241066472	0.17937688103314567	-0.23691786030988746	0.16236062746850757	-0.11534497425562701	0.08804481597429445	-0.8074610922109922	0.2613486727307567	-0.2043539664043047	0.10482581345151022	-0.0797754180757128	0.9999999999999882	-0.2545892390485986	0.18835617168883056	-0.12078053995050478	0.10904594134338459	-0.0447276740475639	0.14985285879013077	-0.1279889995646101	0.09871048307487955	-0.0890008595550162	0.04271804824687318	-0.17732962469379288	0.150562828897178	-0.06055685405400138	0.06382028741300524
-0.031638524693046635	0.029166104255140095	-0.06305554866562224	0.05373849039211987	-0.0740343215421943	0.07563303445715046	-0.10585621702964991	0.0736499786768995	-0.07214893640141479	0.0742189310748239	-0.08783473607162347	0.09261045552957908	-0.10871445409020282	0.09462666712787816	-0.10969790656875868	0.07534257797619738	-0.14788938098484597	0.14474200656678654	-0.12489968637670505	0.10428896657096304	-0.07442960285917456	0.24310343690529723	-0.20976320119401587	0.12720572928450344	-0.10203136330444501	0.21094071958888008	-0.5704372708333094	0.27360761188149607	-0.13391918222232288	0.09249376771505641	-0.2545892390485986	0.9999999999999849	-0.47233016603185574	0.155755890889646	-0.13525657258311263	0.01933441697033054	-0.43756005765903844	0.17337029828267547	-0.12956698351825532	0.1084852228361881	-0.019709884699190924	0.26269439018278257	-0.2043879805160474	0.07290695344117865	-0.07720176175669193
0.036278589844108804	-0.033583189529045133	0.0731040016478389	-0.06290394992311864	0.08632231304490467	-0.08667575249220628	0.11898654275380392	-0.08635482952517518	0.08429292580734897	-0.08828316132361527	0.0982131129854023	-0.1074538782962193	0.1265902063035321	-0.1139706819564423	0.13072457959982983	-0.07278575541494867	0.16793865914093045	-0.18978496500197836	0.15692597753700355	-0.13008027113540654	0.06882267207647093	-0.3016935723979913	0.2583593925545047	-0.17337025656805585	0.12556785245738517	-0.18404004936176532	0.29429362033032885	-0.6120980456444354	0.1869065913122629	-0.1190191444694843	0.18835617168883056	-0.47233016603185574	0.9999999999999873	-0.28782744996442877	0.16462723707022114	-0.016319203146654533	0.21097689160821304	-0.19865227317030207	0.14215997970642286	-0.13113790457019092	0.01652260811811356	-0.23744558711029234	0.19561605913714408	-0.08031027245392787	0.08382261359132173
-0.037408551406167535	0.03435673699992188	-0.07874760106381336	0.06715168625096027	-0.09788174332423108	0.08172060549155119	-0.11685209693427386	0.08835506947315316	-0.08985842178147989	0.09806679523684429	-0.09303494154040072	0.09918021243579288	-0.13141023806574895	0.11995016532790548	-0.1717576899160026	0.05097735479609893	-0.152488760146307	0.15871459687168105	-0.22678343121829916	0.16762523222108866	-0.04837704992130375	0.1689919109145625	-0.16186892381492876	0.2586208340177234	-0.22327392539699173	0.10427947890039588	-0.14253888680851992	0.17823541330301088	-0.7032562057057016	0.21814338850601922	-0.12078053995050478	0.155755890889646	-0.28782744996442877	0.9999999999999863	-0.3800551765880414	0.01059852221251389	-0.12433637271892116	0.16906593087557736	-0.18835161413800772	0.19382094674308936	-0.010781724235213772	0.1344857512493756	-0.1888614211097225	0.09348774895245762	-0.1022983381980929
0.03392406239986932	-0.03126097261152318	0.07198746888813767	-0.06208393102097535	0.09176678379347465	-0.07264740682630023	0.1013430638377905	-0.07981194983628088	0.08108674107094882	-0.09545894004253053	0.0803179615186961	-0.08626192405622539	0.11491018589181562	-0.11037798750270941	0.15352521331529098	-0.047235995296583635	0.12570565390605823	-0.13297159375205614	0.16001837962608184	-0.16767517958670256	0.04414772613553081	-0.15130443599063445	0.12860105671802755	-0.2004110230534262	0.24212160658475262	-0.09639304717026816	0.1203458723354024	-0.13796446489475542	0.23486435590531396	-0.3649933111444695	0.10904594134338459	-0.13525657258311263	0.16462723707022114	-0.3800551765880414	0.9999999999999872	-0.010468576594508606	0.1272574966997861	-0.2644768791853603	0.2723196601172785	-0.6026825309365663	0.01061441969458983	-0.14633609870769834	0.21438656119024938	-0.14469533399372936	0.14474056940427482
-0.002650631494524832	0.0024502817763215595	-0.005259285703711059	0.004499067325085557	-0.006265122032472159	0.006474182326759497	-0.008530990196235468	0.006062198078189714	-0.005950311731289801	0.006319497981480916	-0.00733528829444209	0.007489276458889885	-0.008732988599105249	0.007840916957659672	-0.008952254505929062	0.011643770978998581	-0.01090738600710208	0.010663034205886645	-0.009421927456212733	0.00848214270103705	-0.01012888739674137	0.017087819501466425	-0.012812407925042143	0.009774682449806173	-0.008021846438100983	0.03358996882465753	-0.018659441073748787	0.015083561533292312	-0.009298988824738202	0.007239928197601404	-0.0447276740475639	0.01933441697033054	-0.016319203146654533	0.01059852221251389	-0.010468576594508606	0.9999999999999871	-0.021893818971318042	0.013888364162607553	-0.010289305137565406	0.008796258685000873	-0.9975988391435805	0.026679960174474517	-0.01833548381268651	0.0063424984570564	-0.006662688959333545
0.024995699701363026	-0.023032838061944883	0.0507040792813353	-0.043326158814771636	0.06122587313516073	-0.05764226101626582	0.08024920462069965	-0.05796194629596374	0.05738219941127863	-0.061747357924520324	0.0656083029900834	-0.0694625048043277	0.08444228316920772	-0.0757430947772124	0.09098747695103698	-0.05259053855501777	0.1061191296643048	-0.10592882613819649	0.09723979327812364	-0.08760022867040065	0.05006351859348564	-0.1676795659923813	0.1330758154556807	-0.10328281498919822	0.08894945436418379	-0.13595087019705687	0.21177445279868898	-0.1659838764995612	0.10421886246879622	-0.08240519190724355	0.14985285879013077	-0.43756005765903844	0.21097689160821304	-0.12433637271892116	0.1272574966997861	-0.021893818971318042	0.9999999999999857	-0.2820179394519191	0.15044370538599272	-0.11972810330903423	0.02194516764223818	-0.7533239957572739	0.25082905699498315	-0.08361458583077658	0.08392133518957848
-0.030077396133629166	0.02761744181376685	-0.06267596310120094	0.05342032073505331	-0.0784271595696992	0.06550803192612645	-0.09253141600304139	0.06940056913856446	-0.07003586075085896	0.07847673508660345	-0.07389654727230593	0.07787968545757938	-0.10102033254076066	0.09216209807638868	-0.12311831838770755	0.048619198151539346	-0.11596466078266224	0.11539862818458216	-0.1228522724163219	0.11742388433635483	-0.046068817124630256	0.1485151612884007	-0.12813250565573817	0.13306109111854783	-0.1455140131689315	0.10758640148799775	-0.1477091103407465	0.14323090359222396	-0.1459402618167758	0.1335030342066461	-0.1279889995646101	0.17337029828267547	-0.19865227317030207	0.16906593087557736	-0.2644768791853603	0.013888364162607553	-0.2820179394519191	0.9999999999999849	-0.5725800475630819	0.25938895839517107	-0.014102809603825026	0.2393653715340574	-0.567909803375506	0.16792220034432317	-0.17438564566401038
0.026968908966926268	-0.024823352672663345	0.056654176202227104	-0.04865337784053336	0.07161791669813743	-0.05816738992082129	0.08126726446673734	-0.06271591834067514	0.06341407953947385	-0.07344460434176137	0.06462567361659614	-0.06883591717519431	0.09029938980489602	-0.08503654743480661	0.11279058259709653	-0.040749148962194	0.10049224320722092	-0.10322808826742204	0.11395210196924654	-0.11506124672396868	0.03815146641437483	-0.12728526860811062	0.10605258785210994	-0.13307038159646856	0.13848060389355835	-0.08652054961940028	0.10998525155306212	-0.11650294330786512	0.1419066596237248	-0.14661069867781798	0.09871048307487955	-0.12956698351825532	0.14215997970642286	-0.18835161413800772	0.2723196601172785	-0.010289305137565406	0.15044370538599272	-0.5725800475630819	0.9999999999999836	-0.602624578511216	0.01041825182162764	-0.16618969130406636	0.26478479813187233	-0.22036548823018445	0.18634563940249863
-0.025754504307307666	0.023654938024393793	-0.05450490283561359	0.04660749781242735	-0.06936923477339374	0.05495410819423363	-0.07762770673693897	0.059914668873058304	-0.06100357401605756	0.07012038776694096	-0.06147971176103973	0.06523516662877317	-0.087105236080103	0.08122673116234491	-0.11650055095415997	0.03669029522026806	-0.09608961646696207	0.09788373813381604	-0.1164072355260027	0.11548717600518138	-0.034541401701237505	0.11374034140557616	-0.0989085180073404	0.13225662234431498	-0.17979343596683714	0.07615558013863263	-0.09736656862737916	0.10419128728151777	-0.16150465362916977	0.17739777958663905	-0.0890008595550162	0.1084852228361881	-0.13113790457019092	0.19382094674308936	-0.6026825309365663	0.008796258685000873	-0.11972810330903423	0.25938895839517107	-0.602624578511216	0.9999999999999825	-0.00893182637447075	0.1287469456407311	-0.23969857028791203	0.17434711617035162	-0.2103541540162975
0.0026977456568780672	-0.0024944775333683653	0.005351336631186969	-0.004579808574927964	0.006374896307629142	-0.006599076793665309	0.008676418416539166	-0.006171410608757352	0.00605543029614878	-0.006436768704490281	0.0074689353735418774	-0.007628117601166391	0.008883457995586909	-0.007987212830113902	0.009102768843882662	-0.01198511010058536	0.011090271711057548	-0.010865275677598402	0.009582998868613714	-0.008636034640333093	0.010370025395011535	-0.017479414663296694	0.013032289607257278	-0.009955313191292267	0.00814564172097091	-0.034509565578584395	0.01892848869196194	-0.015388208686696755	0.009444884765859956	-0.0073582442110801255	0.04271804824687318	-0.019709884699190924	0.01652260811811356	-0.010781724235213772	0.01061441969458983	-0.9975988391435805	0.02194516764223818	-0.014102809603825026	0.01041825182162764	-0.00893182637447075	0.9999999999999825	-0.027655312772817568	0.018468062328546083	-0.0064299340732404285	0.0067450255997303435
-0.028842983130487276	0.026504346577466226	-0.05853598457584303	0.049749455739275666	-0.07072047856360247	0.06575377737003853	-0.09300520557681732	0.06636963110694466	-0.065981013065386	0.07035352706619499	-0.07556963721644466	0.0789545820355448	-0.0972776565859024	0.08592149980503055	-0.10517349041005514	0.05727842852937474	-0.12141306359439503	0.11686166012657351	-0.11048698279974963	0.09874016911182001	-0.05536404064081771	0.16870538310894956	-0.14767385243971018	0.11428141088826539	-0.10255983878306324	0.14008177611822598	-0.22589046939199173	0.16735126720272792	-0.11850186726280747	0.09283220440530111	-0.17732962469379288	0.26269439018278257	-0.23744558711029234	0.1344857512493756	-0.14633609870769834	0.026679960174474517	-0.7533239957572739	0.2393653715340574	-0.16618969130406636	0.1287469456407311	-0.027655312772817568	0.9999999999999825	-0.4074639776561134	0.09998543057227488	-0.10360940191799167
0.0378350034716325	-0.034818801338111834	0.07879308064388188	-0.06756819207042677	0.09913494771116388	-0.08195244067686006	0.11402075614925902	-0.0870533485105762	0.08759113783082353	-0.10109778289506216	0.09093150948629104	-0.09644772921951589	0.12466546706146156	-0.11642767365363173	0.1454170923812974	-0.0615463268031522	0.1399934233918271	-0.14116977891634055	0.14340725319898256	-0.1431803205931301	0.05734073285113976	-0.18825532350740995	0.15004318035708147	-0.16018283157606525	0.14518347861268244	-0.1337911316415297	0.16704196871439045	-0.1661916593902937	0.15477887717438674	-0.14010996699541375	0.150562828897178	-0.2043879805160474	0.19561605913714408	-0.1888614211097225	0.21438656119024938	-0.01833548381268651	0.25082905699498315	-0.567909803375506	0.26478479813187233	-0.23969857028791203	0.018468062328546083	-0.4074639776561134	0.999999999999982	-0.23473641180975763	0.19006832700806658
