1.0000000000000002	-0.06835866673323532	0.030250745539836518	-0.03548129687380727	0.021127395318563752	-0.987784522731872	0.06072623939094324	-0.02746721652359383	0.02577254733037118	-0.015335523724736372	0.09070131065097714	-0.06831123814498401	0.029429259974179212	-0.025965734686909873	0.03485091644968149	-0.059878142397388014	0.039774004575556715	-0.03778011712386778	0.02778785487608964	-0.03518251357006052	0.042192031141020186	-0.03807540761685639	0.033562245667708636	-0.02422220817496772	0.03142940243729951	-0.03212045563473543	0.027573877783621942	-0.03296086442258041	0.02825530439953145	-0.02570326679564373	0.03665199637916378	-0.024267673175122788	0.02500301187767408	-0.022818539594959796	0.02329782885847002
-0.06835866673323532	1.0000000000000002	-0.3315900498887437	0.23178632454518033	-0.11485611364204687	0.06360510245656954	-0.7380019342388447	0.15071897635186343	-0.14768463397118664	0.08187365845873448	-0.24641913896491704	0.2943691710235843	-0.1578205745237447	0.1303602630311673	-0.18622207251733444	0.1489544973286332	-0.17926993426878302	0.15410516078272993	-0.12579012504216852	0.1440955209233467	-0.1642519683527989	0.14236566160357986	-0.14442198838020126	0.10598933353728032	-0.14645983521824313	0.12129419942182343	-0.11475181475865504	0.12848215503720575	-0.12617120822501857	0.10594865744668196	-0.16704282697435507	0.09940564907102811	-0.10874902614689083	0.09632012158692724	-0.10282009557123992
0.030250745539836518	-0.3315900498887437	1.0000000000000007	-0.8673308710648585	0.09059657235996416	-0.02890603512187624	0.18612411302859724	-0.19558178563300765	0.150568988855248	-0.06840436913563788	0.12661877999486676	-0.16710672159264506	0.1353610525170662	-0.11553262482820852	0.12923386802546763	-0.08493357275627032	0.1002098254651982	-0.10169846501922691	0.08315581974626891	-0.09935778389883713	0.09199515429929862	-0.08543558111542299	0.08755068482124424	-0.06945280603753486	0.09233604522720978	-0.07254407816029072	0.0686769150240645	-0.07994521252601548	0.07841373596299532	-0.06762718988115553	0.09778589966769435	-0.060547587016465274	0.06588095889262204	-0.060056405840008806	0.063635601923069
-0.03548129687380727	0.23178632454518033	-0.8673308710648585	0.9999999999999999	-0.12201749640864998	0.03335173243245624	-0.20176163880098535	0.1753525923157263	-0.1832139391008079	0.08639446337430483	-0.1594169115175586	0.16802790996121633	-0.15476196408293114	0.13184647717694659	-0.16820225019689744	0.10256416024577879	-0.11797984854334144	0.11746900563759999	-0.10114358915784584	0.11911704553194193	-0.11413165220636935	0.1013952295629489	-0.10627533225857791	0.08460802561752215	-0.1157101558840269	0.08935989949606082	-0.08496570691652579	0.09686681238285567	-0.09770626843677012	0.08317140960589753	-0.1241368221710954	0.07485153540902288	-0.08214380111351352	0.07428066914472278	-0.07957351911607219
0.021127395318563752	-0.11485611364204687	0.09059657235996416	-0.12201749640864998	0.9999999999999993	-0.02043640033266022	0.08405035175436311	-0.1241030920242237	0.1291420229664606	-0.8381545254813584	0.11083812375449274	-0.13840876469215882	0.1221501792949847	-0.15007837366505467	0.2887666035197766	-0.08762425251587913	0.09761844939132004	-0.11668673651160898	0.11159282700109782	-0.1805288911363703	0.09326279847253273	-0.09350568656672816	0.096733479870865	-0.09621018029175948	0.1250185901166324	-0.0855826051935886	0.08024180239424683	-0.09929176215942573	0.10190475487782359	-0.09891452447356472	0.11197919477864632	-0.07484442362734302	0.08024858353766522	-0.07968571725463984	0.08511716053584535
-0.987784522731872	0.06360510245656954	-0.02890603512187624	0.03335173243245624	-0.02043640033266022	0.9999999999999999	-0.062008808186184934	0.02631865784005075	-0.024859350412807804	0.014806175880260635	-0.10002345337572309	0.06486884903609198	-0.028389041699810783	0.024940680776997917	-0.03374361910817489	0.05781203707426771	-0.038597061674016275	0.03621360523943834	-0.026755281251939107	0.03358931543915642	-0.04152681832110026	0.03660622986270362	-0.032469615826742945	0.02328119198583892	-0.030335945782791134	0.03093578606457748	-0.026661248454893646	0.031611899090340456	-0.027260105822086128	0.02463189982537244	-0.035667453151949524	0.023375482253762674	-0.024161373107928274	0.02194679155538266	-0.02246145948941634
0.06072623939094324	-0.7380019342388447	0.18612411302859724	-0.20176163880098535	0.08405035175436311	-0.062008808186184934	1.0000000000000004	-0.14069939437308518	0.11982751556612403	-0.06146976631648283	0.18921254953139194	-0.5284361461203161	0.13403882871307427	-0.10967661343328186	0.1367729407920446	-0.12575002575513033	0.1615667235131084	-0.13903912687421763	0.1001894282410708	-0.1158158023727654	0.12897916927871628	-0.12522060696466852	0.11773780429097312	-0.08404321137587793	0.11108087857967133	-0.09585432764967662	0.08985208489701013	-0.10418619357481655	0.09674017059460194	-0.08246417242335688	0.12476961848513062	-0.07764354270298841	0.08366213068912512	-0.07473092249382125	0.07824672023117472
-0.02746721652359383	0.15071897635186343	-0.19558178563300765	0.1753525923157263	-0.1241030920242237	0.02631865784005075	-0.14069939437308518	1.0000000000000004	-0.6673350464259785	0.10352433297853085	-0.14188802228637862	0.17225516372304728	-0.5722079922798193	0.31806832471036917	-0.21640695207995272	0.1066692970994689	-0.1438958338040189	0.17683407445392163	-0.1423128944409061	0.1557283299300757	-0.11735591409527976	0.11861651411815512	-0.13412593828375777	0.10948009396060202	-0.134154936072817	0.09595378677309213	-0.09366610259166279	0.11390423257520273	-0.11180733594631136	0.0957434460770058	-0.12542674506391147	0.08244905379020948	-0.09021940873919661	0.08419164256130127	-0.08740023310130145
0.02577254733037118	-0.14768463397118664	0.150568988855248	-0.1832139391008079	0.1291420229664606	-0.024859350412807804	0.11982751556612403	-0.6673350464259785	0.9999999999999988	-0.12484504789045497	0.13234351627620047	-0.1703942285677335	0.32278033885740015	-0.5710095202372674	0.22260474514367798	-0.10327135027743985	0.12997800590641834	-0.1663510386420428	0.14923142597041827	-0.17623023215293607	0.11081299836133393	-0.11430716186591622	0.12311045154491786	-0.11758217309913759	0.13588033882348877	-0.09456968934080351	0.09084371772279745	-0.11323734149035482	0.11216877382058758	-0.09995289229624389	0.12146870866401151	-0.08185826851528027	0.08848057359863593	-0.08551560835215585	0.08829907349363932
-0.015335523724736372	0.08187365845873448	-0.06840436913563788	0.08639446337430483	-0.8381545254813584	0.014806175880260635	-0.06146976631648283	0.10352433297853085	-0.12484504789045497	0.999999999999999	-0.0808849580045987	0.09919888197388038	-0.1067797287390184	0.13438855901417432	-0.44416486645193987	0.06352681519817058	-0.07242120681361557	0.08706895554058906	-0.08481419834152562	0.13019062408929863	-0.06805234640945976	0.0682154228110848	-0.07157116762545956	0.07101417631819837	-0.091724745351794	0.06160629780919701	-0.05814421602005382	0.07175787819361268	-0.07407807004286612	0.07035966201776704	-0.08076305211092705	0.05389126710209116	-0.05803138660626651	0.057339472947307187	-0.06103678856600343
0.09070131065097714	-0.24641913896491704	0.12661877999486676	-0.1594169115175586	0.11083812375449274	-0.10002345337572309	0.18921254953139194	-0.14188802228637862	0.13234351627620047	-0.0808849580045987	0.9999999999999963	-0.4079332952300565	0.15857618778803162	-0.14184361100330958	0.18484831548126265	-0.6483287447039634	0.2525353653546656	-0.23819860935172557	0.1616496929618074	-0.20854958492152662	0.2895500132537168	-0.25914058008302193	0.2067764611397677	-0.14218973491527823	0.17799577920639784	-0.21383980719753046	0.17131093586986854	-0.20894581230420536	0.1646185547073889	-0.15293804017030463	0.2152870180808176	-0.1499993727933292	0.14932623543992055	-0.13651940659892864	0.13542473345516332
-0.06831123814498401	0.2943691710235843	-0.16710672159264506	0.16802790996121633	-0.13840876469215882	0.06486884903609198	-0.5284361461203161	0.17225516372304728	-0.1703942285677335	0.09919888197388038	-0.4079332952300565	0.9999999999999987	-0.22640487766237277	0.16995635067296178	-0.23306706469818542	0.23449827707818685	-0.3801623799523438	0.24246503500063077	-0.17701610424750963	0.19565992160359702	-0.2489474686408477	0.2276299503015054	-0.2191910916672802	0.1462198518487915	-0.19612260852808205	0.17287889274189816	-0.16367035598635862	0.18445921688179126	-0.17204054211596992	0.14374141039235208	-0.22773154351517305	0.13883901506097668	-0.15057391897618455	0.13203745487820664	-0.13850387022567706
0.029429259974179212	-0.1578205745237447	0.1353610525170662	-0.15476196408293114	0.1221501792949847	-0.028389041699810783	0.13403882871307427	-0.5722079922798193	0.32278033885740015	-0.1067797287390184	0.15857618778803162	-0.22640487766237277	1.0000000000000002	-0.591340729533346	0.22853514324770088	-0.12815344625035038	0.18072083525092003	-0.2996737198599567	0.1761293968734711	-0.19473654136514762	0.13642915582946724	-0.14937630043250788	0.1641369370725601	-0.13623249899635606	0.15390951954498058	-0.11312390924548955	0.1098652221025247	-0.14063131346952262	0.12974972474327348	-0.11314962243932185	0.1416708599474028	-0.0969941366785528	0.10463677377852093	-0.0990677964319288	0.10082749347901042
-0.025965734686909873	0.1303602630311673	-0.11553262482820852	0.13184647717694659	-0.15007837366505467	0.024940680776997917	-0.10967661343328186	0.31806832471036917	-0.5710095202372674	0.13438855901417432	-0.14184361100330958	0.16995635067296178	-0.591340729533346	1.0	-0.36457100187687486	0.11067816415727424	-0.14917814279269354	0.19219499508465182	-0.21079702546103785	0.19454904058084363	-0.12140139660863723	0.12530722232537697	-0.14239846544932858	0.13827598735050498	-0.15661044196677093	0.10217309399748997	-0.09983258054303847	0.12354789976843304	-0.12692715070140104	0.10866361571935823	-0.1323225948041188	0.08914509554480367	-0.09748645369194103	0.09403049673867792	-0.09678372820327208
0.03485091644968149	-0.18622207251733444	0.12923386802546763	-0.16820225019689744	0.2887666035197766	-0.03374361910817489	0.1367729407920446	-0.21640695207995272	0.22260474514367798	-0.44416486645193987	0.18484831548126265	-0.23306706469818542	0.22853514324770088	-0.36457100187687486	0.9999999999999984	-0.14796119741675473	0.16716174888640903	-0.20533839899835815	0.1991620185281065	-0.33028803638864396	0.15715068682125266	-0.1595293364224249	0.16562810853056123	-0.168806969717082	0.2144388223704373	-0.14426329280126438	0.13559847491637833	-0.16902406188279107	0.1733604023674336	-0.1671001737433011	0.1874315498358736	-0.12638864268431385	0.13548100995283913	-0.13503965213100796	0.1433983823677118
-0.059878142397388014	0.1489544973286332	-0.08493357275627032	0.10256416024577879	-0.08762425251587913	0.05781203707426771	-0.12575002575513033	0.1066692970994689	-0.10327135027743985	0.06352681519817058	-0.6483287447039634	0.23449827707818685	-0.12815344625035038	0.11067816415727424	-0.14796119741675473	1.0000000000000007	-0.31200944416439463	0.209766512491432	-0.13802547392850295	0.16032222428399312	-0.5539056148995449	0.2586724180396405	-0.20784560029556334	0.1182010746092208	-0.14906599854563088	0.20521459014760565	-0.16822633665123843	0.1803556153711845	-0.14202366684654005	0.12269391178166318	-0.21710901982213365	0.1343284006203916	-0.13599320529502398	0.11555682328129957	-0.11466337770734031
0.039774004575556715	-0.17926993426878302	0.1002098254651982	-0.11797984854334144	0.09761844939132004	-0.038597061674016275	0.1615667235131084	-0.1438958338040189	0.12997800590641834	-0.07242120681361557	0.2525353653546656	-0.3801623799523438	0.18072083525092003	-0.14917814279269354	0.16716174888640903	-0.31200944416439463	0.9999999999999977	-0.5734773332600808	0.1870754974412793	-0.19697250728585178	0.2660250862172633	-0.5140594741030875	0.28381335634529037	-0.15181213320166007	0.16963440002187405	-0.17765401408780537	0.16888217855486243	-0.2145340638041166	0.156725351776846	-0.13236259784068427	0.19251823676895508	-0.13744062331353218	0.14191927883318198	-0.12435079115741801	0.12134692797278082
-0.03778011712386778	0.15410516078272993	-0.10169846501922691	0.11746900563759999	-0.11668673651160898	0.03621360523943834	-0.13903912687421763	0.17683407445392163	-0.1663510386420428	0.08706895554058906	-0.23819860935172557	0.24246503500063077	-0.2996737198599567	0.19219499508465182	-0.20533839899835815	0.209766512491432	-0.5734773332600808	0.9999999999999976	-0.32458005844282073	0.23560134834839153	-0.24104164667296474	0.2918495201443094	-0.4613782563001858	0.19709793601016024	-0.21678625754964215	0.17690046258776926	-0.1861795502281758	0.23962616101264525	-0.1945021696598266	0.15337809543677433	-0.21429405692720307	0.15040927754109373	-0.16657690991785426	0.1445954758063719	-0.14287293732840423
0.02778785487608964	-0.12579012504216852	0.08315581974626891	-0.10114358915784584	0.11159282700109782	-0.026755281251939107	0.1001894282410708	-0.1423128944409061	0.14923142597041827	-0.08481419834152562	0.1616496929618074	-0.17701610424750963	0.1761293968734711	-0.21079702546103785	0.1991620185281065	-0.13802547392850295	0.1870754974412793	-0.32458005844282073	0.9999999999999952	-0.5633823635186967	0.15089749928420085	-0.1679200470540799	0.19280929068312266	-0.5969061424048734	0.31206128946254874	-0.1359479119067688	0.13587485710425856	-0.1803157089329583	0.23360769918366614	-0.1872114899357701	0.17044861150333887	-0.12805387404944857	0.14090833979152684	-0.16141167183346122	0.15180691250269618
-0.03518251357006052	0.1440955209233467	-0.09935778389883713	0.11911704553194193	-0.1805288911363703	0.03358931543915642	-0.1158158023727654	0.1557283299300757	-0.17623023215293607	0.13019062408929863	-0.20854958492152662	0.19565992160359702	-0.19473654136514762	0.19454904058084363	-0.33028803638864396	0.16032222428399312	-0.19697250728585178	0.23560134834839153	-0.5633823635186967	0.9999999999999922	-0.18503648586357535	0.1798422431859092	-0.21184053014077883	0.30847433755387405	-0.49865503296462727	0.16635709437421461	-0.16728409578134298	0.19859991541839597	-0.2828459866846521	0.21638236354096174	-0.23276542601426606	0.15513224468301157	-0.17781313266771423	0.18428211178345758	-0.20128655534115455
0.042192031141020186	-0.1642519683527989	0.09199515429929862	-0.11413165220636935	0.09326279847253273	-0.04152681832110026	0.12897916927871628	-0.11735591409527976	0.11081299836133393	-0.06805234640945976	0.2895500132537168	-0.2489474686408477	0.13642915582946724	-0.12140139660863723	0.15715068682125266	-0.5539056148995449	0.2660250862172633	-0.24104164667296474	0.15089749928420085	-0.18503648586357535	0.9999999999999927	-0.49652235559862246	0.24740995718177472	-0.13430911952357596	0.16287720038873155	-0.38871850818556936	0.2210686762174878	-0.2426577054471722	0.16131939122273486	-0.1440499315835836	0.25225262810868754	-0.17442859868457267	0.16212900042631442	-0.13814492820791058	0.13085992124721058
-0.03807540761685639	0.14236566160357986	-0.08543558111542299	0.1013952295629489	-0.09350568656672816	0.03660622986270362	-0.12522060696466852	0.11861651411815512	-0.11430716186591622	0.0682154228110848	-0.25914058008302193	0.2276299503015054	-0.14937630043250788	0.12530722232537697	-0.1595293364224249	0.2586724180396405	-0.5140594741030875	0.2918495201443094	-0.1679200470540799	0.1798422431859092	-0.49652235559862246	0.9999999999999931	-0.49280537329751406	0.14251390457563423	-0.17056017883343133	0.22189015031344933	-0.23981686675938976	0.2549796193687834	-0.1700513974084196	0.13886703791136298	-0.23135410422392894	0.16531729618493357	-0.1708700656168173	0.13690100239510014	-0.13213386489122922
0.033562245667708636	-0.14442198838020126	0.08755068482124424	-0.10627533225857791	0.096733479870865	-0.032469615826742945	0.11773780429097312	-0.13412593828375777	0.12311045154491786	-0.07157116762545956	0.2067764611397677	-0.2191910916672802	0.1641369370725601	-0.14239846544932858	0.16562810853056123	-0.20784560029556334	0.28381335634529037	-0.4613782563001858	0.19280929068312266	-0.21184053014077883	0.24740995718177472	-0.49280537329751406	0.9999999999999958	-0.18083966761530082	0.18733508696082413	-0.21620982053135945	0.23329984846967866	-0.5424872067252854	0.1948171625169898	-0.15998093596769325	0.21942248170740608	-0.18647235527676534	0.19360712799147575	-0.16111326589922714	0.14570322980025735
-0.02422220817496772	0.10598933353728032	-0.06945280603753486	0.08460802561752215	-0.09621018029175948	0.02328119198583892	-0.08404321137587793	0.10948009396060202	-0.11758217309913759	0.07101417631819837	-0.14218973491527823	0.1462198518487915	-0.13623249899635606	0.13827598735050498	-0.168806969717082	0.1182010746092208	-0.15181213320166007	0.19709793601016024	-0.5969061424048734	0.30847433755387405	-0.13430911952357596	0.14251390457563423	-0.18083966761530082	0.9999999999999943	-0.5777708062645548	0.126106758436168	-0.13005260062216528	0.1706573288431003	-0.38782106049037035	0.2096103715670399	-0.16128392798839364	0.12691879018643693	-0.14596422960115335	0.1836186122623079	-0.16836788057429863
0.03142940243729951	-0.14645983521824313	0.09233604522720978	-0.1157101558840269	0.1250185901166324	-0.030335945782791134	0.11108087857967133	-0.134154936072817	0.13588033882348877	-0.091724745351794	0.17799577920639784	-0.19612260852808205	0.15390951954498058	-0.15661044196677093	0.2144388223704373	-0.14906599854563088	0.16963440002187405	-0.21678625754964215	0.31206128946254874	-0.49865503296462727	0.16287720038873155	-0.17056017883343133	0.18733508696082413	-0.5777708062645548	0.9999999999999923	-0.16005274689518686	0.15686262682213126	-0.20550293316445617	0.27998775272379456	-0.32334740216876756	0.20132923716324075	-0.1583958021250773	0.17149419030093985	-0.215667499558439	0.21202475917725083
-0.03212045563473543	0.12129419942182343	-0.07254407816029072	0.08935989949606082	-0.0855826051935886	0.03093578606457748	-0.09585432764967662	0.09595378677309213	-0.09456968934080351	0.06160629780919701	-0.21383980719753046	0.17287889274189816	-0.11312390924548955	0.10217309399748997	-0.14426329280126438	0.20521459014760565	-0.17765401408780537	0.17690046258776926	-0.1359479119067688	0.16635709437421461	-0.38871850818556936	0.22189015031344933	-0.21620982053135945	0.126106758436168	-0.16005274689518686	0.9999999999999927	-0.5252491372497103	0.2581399581066444	-0.17796166730023866	0.15258479993675106	-0.6103389287694798	0.2623369026830289	-0.2249710597931459	0.1614717489772287	-0.1491254368432619
0.027573877783621942	-0.11475181475865504	0.0686769150240645	-0.08496570691652579	0.08024180239424683	-0.026661248454893646	0.08985208489701013	-0.09366610259166279	0.09084371772279745	-0.05814421602005382	0.17131093586986854	-0.16367035598635862	0.1098652221025247	-0.09983258054303847	0.13559847491637833	-0.16822633665123843	0.16888217855486243	-0.1861795502281758	0.13587485710425856	-0.16728409578134298	0.2210686762174878	-0.23981686675938976	0.23329984846967866	-0.13005260062216528	0.15686262682213126	-0.5252491372497103	0.9999999999999911	-0.4757578487200151	0.19040478921235982	-0.162791404104584	0.3048528709027988	-0.5182856424788931	0.27267410364022837	-0.19263499659068473	0.15582758986175793
-0.03296086442258041	0.12848215503720575	-0.07994521252601548	0.09686681238285567	-0.09929176215942573	0.031611899090340456	-0.10418619357481655	0.11390423257520273	-0.11323734149035482	0.07175787819361268	-0.20894581230420536	0.18445921688179126	-0.14063131346952262	0.12354789976843304	-0.16902406188279107	0.1803556153711845	-0.2145340638041166	0.23962616101264525	-0.1803157089329583	0.19859991541839597	-0.2426577054471722	0.2549796193687834	-0.5424872067252854	0.1706573288431003	-0.20550293316445617	0.2581399581066444	-0.4757578487200151	0.9999999999999926	-0.2899315789347756	0.19192441776469293	-0.3008230748354252	0.270794781640954	-0.3603661360608226	0.21811061907553	-0.19543672588225441
0.02825530439953145	-0.12617120822501857	0.07841373596299532	-0.09770626843677012	0.10190475487782359	-0.027260105822086128	0.09674017059460194	-0.11180733594631136	0.11216877382058758	-0.07407807004286612	0.1646185547073889	-0.17204054211596992	0.12974972474327348	-0.12692715070140104	0.1733604023674336	-0.14202366684654005	0.156725351776846	-0.1945021696598266	0.23360769918366614	-0.2828459866846521	0.16131939122273486	-0.1700513974084196	0.1948171625169898	-0.38782106049037035	0.27998775272379456	-0.17796166730023866	0.19040478921235982	-0.2899315789347756	0.9999999999999917	-0.46697417932281304	0.21472093745313908	-0.22005913046340467	0.24932901939531804	-0.5313424059141855	0.300985968905396
-0.02570326679564373	0.10594865744668196	-0.06762718988115553	0.08317140960589753	-0.09891452447356472	0.02463189982537244	-0.08246417242335688	0.0957434460770058	-0.09995289229624389	0.07035966201776704	-0.15293804017030463	0.14374141039235208	-0.11314962243932185	0.10866361571935823	-0.1671001737433011	0.12269391178166318	-0.13236259784068427	0.15337809543677433	-0.1872114899357701	0.21638236354096174	-0.1440499315835836	0.13886703791136298	-0.15998093596769325	0.2096103715670399	-0.32334740216876756	0.15258479993675106	-0.162791404104584	0.19192441776469293	-0.46697417932281304	0.999999999999992	-0.21452265730132647	0.17209634910968266	-0.21914490005161402	0.30063487265483946	-0.6959179973680042
0.03665199637916378	-0.16704282697435507	0.09778589966769435	-0.1241368221710954	0.11197919477864632	-0.035667453151949524	0.12476961848513062	-0.12542674506391147	0.12146870866401151	-0.08076305211092705	0.2152870180808176	-0.22773154351517305	0.1416708599474028	-0.1323225948041188	0.1874315498358736	-0.21710901982213365	0.19251823676895508	-0.21429405692720307	0.17044861150333887	-0.23276542601426606	0.25225262810868754	-0.23135410422392894	0.21942248170740608	-0.16128392798839364	0.20132923716324075	-0.6103389287694798	0.3048528709027988	-0.3008230748354252	0.21472093745313908	-0.21452265730132647	0.9999999999999909	-0.3844742342399773	0.24826501040584756	-0.2163892157601296	0.18573233151033422
-0.024267673175122788	0.09940564907102811	-0.060547587016465274	0.07485153540902288	-0.07484442362734302	0.023375482253762674	-0.07764354270298841	0.08244905379020948	-0.08185826851528027	0.05389126710209116	-0.1499993727933292	0.13883901506097668	-0.0969941366785528	0.08914509554480367	-0.12638864268431385	0.1343284006203916	-0.13744062331353218	0.15040927754109373	-0.12805387404944857	0.15513224468301157	-0.17442859868457267	0.16531729618493357	-0.18647235527676534	0.12691879018643693	-0.1583958021250773	0.2623369026830289	-0.5182856424788931	0.270794781640954	-0.22005913046340467	0.17209634910968266	-0.3844742342399773	0.999999999999991	-0.6288749309807515	0.23632643685960467	-0.19621186788705985
0.02500301187767408	-0.10874902614689083	0.06588095889262204	-0.08214380111351352	0.08024858353766522	-0.024161373107928274	0.08366213068912512	-0.09021940873919661	0.08848057359863593	-0.05803138660626651	0.14932623543992055	-0.15057391897618455	0.10463677377852093	-0.09748645369194103	0.13548100995283913	-0.13599320529502398	0.14191927883318198	-0.16657690991785426	0.14090833979152684	-0.17781313266771423	0.16212900042631442	-0.1708700656168173	0.19360712799147575	-0.14596422960115335	0.17149419030093985	-0.2249710597931459	0.27267410364022837	-0.3603661360608226	0.24932901939531804	-0.21914490005161402	0.24826501040584756	-0.6288749309807515	0.9999999999999913	-0.47932036316056137	0.22546273202005068
-0.022818539594959796	0.09632012158692724	-0.060056405840008806	0.07428066914472278	-0.07968571725463984	0.02194679155538266	-0.07473092249382125	0.08419164256130127	-0.08551560835215585	0.057339472947307187	-0.13651940659892864	0.13203745487820664	-0.0990677964319288	0.09403049673867792	-0.13503965213100796	0.11555682328129957	-0.12435079115741801	0.1445954758063719	-0.16141167183346122	0.18428211178345758	-0.13814492820791058	0.13690100239510014	-0.16111326589922714	0.1836186122623079	-0.215667499558439	0.1614717489772287	-0.19263499659068473	0.21811061907553	-0.5313424059141855	0.30063487265483946	-0.2163892157601296	0.23632643685960467	-0.47932036316056137	0.9999999999999913	-0.526340183763415
0.02329782885847002	-0.10282009557123992	0.063635601923069	-0.07957351911607219	0.08511716053584535	-0.02246145948941634	0.07824672023117472	-0.08740023310130145	0.08829907349363932	-0.06103678856600343	0.13542473345516332	-0.13850387022567706	0.10082749347901042	-0.09678372820327208	0.1433983823677118	-0.11466337770734031	0.12134692797278082	-0.14287293732840423	0.15180691250269618	-0.20128655534115455	0.13085992124721058	-0.13213386489122922	0.14570322980025735	-0.16836788057429863	0.21202475917725083	-0.1491254368432619	0.15582758986175793	-0.19543672588225441	0.300985968905396	-0.6959179973680042	0.18573233151033422	-0.19621186788705985	0.22546273202005068	-0.526340183763415	0.9999999999999911
