1.0000000000000002	-0.8682665898706996	0.17426691000308292	-0.10133096544681813	0.09202830089659533	-0.17157333306509712	0.23934080749406658	-0.17821625080666012	0.10371148688917237	-0.0849948628213383	0.12595217670674372	-0.2387295596882762	0.1489967522332938	-0.0977082444657074	0.06655881073935305	-0.13362593806840914	0.1484425031516095	-0.12900630285558276	0.09450780909115905	-0.07262452663701885	0.13019460228861623	-0.1554566071961727	0.09028189944886293	-0.08682037872014582	0.05596403499761976	-0.09346454915390541	0.08199960074683935	-0.1137157222139704	0.07807839307157478	-0.06383378785276853	0.06610145712850618	-0.08926657520893576	0.06786511287573642	-0.06079243852032036	0.07403123394627595	-0.05538512116714866	0.057468951637198035	-0.06670789225578211	0.05696940639979371	-0.09124060344444815
-0.8682665898706996	1.0000000000000004	-0.20472924280282428	0.09971104336446063	-0.0912298408184548	0.1324185495119281	-0.3339458903676355	0.17367733246620637	-0.10447777926913836	0.08026112774787197	-0.10892407596164909	0.2056590319191262	-0.14158329288355626	0.08605179742180565	-0.06013939328062538	0.10944120957617888	-0.1353300524581192	0.11224828344007887	-0.08531214450105601	0.06405599078062682	-0.11155235076929633	0.11881430885013385	-0.07094589164166071	0.0678166794235561	-0.04572030031342053	0.07111578455904985	-0.063190821982733	0.08690258013193554	-0.06147125634289247	0.05137644222484403	-0.05099670280761089	0.06758126566447617	-0.0522453025545476	0.04686811083233043	-0.05776478760841331	0.04212584433029286	-0.04410451083015948	0.05079804458199312	-0.04387028993604114	0.06887709000850153
0.17426691000308292	-0.20472924280282428	1.0000000000000004	-0.45867226309747855	0.23535009757426656	-0.15798358159954828	0.23955723055156225	-0.6500658945538562	0.2865075015959433	-0.22978518234310158	0.12217020875970491	-0.23837130423932051	0.21260189669544247	-0.15789499096346066	0.12795114059213067	-0.148204973013569	0.1777463428628852	-0.1808489553591545	0.14360913138389686	-0.14185991045507607	0.14478316653167167	-0.18550956103240102	0.11096685608924135	-0.10974477235832716	0.0813822992831578	-0.1104211953372949	0.09756553713494355	-0.13790409743993068	0.09785856168376231	-0.09298535866516612	0.07818446945177523	-0.10557592164952836	0.0812765134021289	-0.07373019820291876	0.08912908324789377	-0.06543923107207461	0.06811425668885238	-0.07965421823867946	0.06864288860336631	-0.10828323937672157
-0.10133096544681813	0.09971104336446063	-0.45867226309747855	1.0000000000000013	-0.5391187715616383	0.0845008349024655	-0.13760693300971177	0.2657601362806475	-0.6019304724845925	0.3007413091246303	-0.06777928712722145	0.12558065196183996	-0.13471187885216993	0.12233187704869357	-0.13373775651133815	0.08340929682864716	-0.1094427515439526	0.10761063461342442	-0.11465843328704634	0.13475440823754606	-0.08538446903646676	0.10347441469818106	-0.06528668662763328	0.06685227772262085	-0.06045302567741655	0.06168583888724968	-0.05539484781491729	0.07877460978930705	-0.06004303426204609	0.0672284775595431	-0.04451596334523969	0.059126088568790904	-0.046854522615024576	0.04323305562445179	-0.05271392565450663	0.03678735215356052	-0.03873478140249712	0.04539544528650311	-0.0400183544009734	0.06143137094833598
0.09202830089659533	-0.0912298408184548	0.23535009757426656	-0.5391187715616383	1.000000000000001	-0.08766764680375386	0.12411040632897845	-0.2301796400547408	0.3195112631593364	-0.6762798065261885	0.06909703762418747	-0.12340470779017956	0.1318862073247032	-0.13678086147879046	0.19759586468494508	-0.088588354612872	0.11304696816974288	-0.1129471547716507	0.12412801239579681	-0.22461928100790376	0.09097749139056982	-0.11672131141746868	0.07461312670466501	-0.07946467217110809	0.0827099804492294	-0.06992546236889366	0.06283862838199168	-0.0906718105759851	0.07101959110450386	-0.0941724674696689	0.05049570147504364	-0.06738247733771181	0.05376134129135332	-0.05031047687612407	0.06083296114568125	-0.04185879620057373	0.04409747716282061	-0.052191617670477385	0.04632329142174564	-0.07090859095194385
-0.17157333306509712	0.1324185495119281	-0.15798358159954828	0.0845008349024655	-0.08766764680375386	1.000000000000001	-0.24115508281794318	0.1414488379037296	-0.09644076085428292	0.07425043605544931	-0.8161968994902395	0.2389315152022179	-0.18269971042515032	0.09960360337445189	-0.06424476399331407	0.2643176165904904	-0.2290510118834092	0.1459196685859234	-0.10637039283701402	0.066767518224998	-0.29526175703680624	0.14887474090483802	-0.08931960387262343	0.08038321740087431	-0.051994634733875195	0.08955553005882019	-0.08091992216253636	0.10254713270850117	-0.07455740016289143	0.05689247876491766	-0.06470802503873063	0.07980237444112331	-0.06262343864394956	0.05488223399458254	-0.06925117196130882	0.05070654417832947	-0.054123498302645554	0.05911162392267717	-0.051473207441024724	0.0767013863499249
0.23934080749406658	-0.3339458903676355	0.23955723055156225	-0.13760693300971177	0.12411040632897845	-0.24115508281794318	1.000000000000001	-0.3950381432382271	0.15530942546893295	-0.11606204969004247	0.194333036894565	-0.6876161328568502	0.23450100563509793	-0.13681704706400932	0.08595821274148836	-0.17617875592585813	0.20555856202807946	-0.1887743565082144	0.12812016343553162	-0.09223967280314706	0.16056621009603242	-0.17207092391528073	0.10163982971144767	-0.09665593847538183	0.06399501349362025	-0.10032580704370195	0.08905268052247234	-0.12346337264974713	0.08641104381898715	-0.07207828272545899	0.0707764280376186	-0.09410081713115549	0.07238753376690397	-0.06484224360964816	0.07879463779502138	-0.05853929310726706	0.061127989785877176	-0.07039358269868697	0.06046982784824008	-0.094105719576337
-0.17821625080666012	0.17367733246620637	-0.6500658945538562	0.2657601362806475	-0.2301796400547408	0.1414488379037296	-0.3950381432382271	1.0000000000000016	-0.394255765157902	0.20198233245017005	-0.11920591549436131	0.24455436786323875	-0.28987925848557755	0.1542001138764191	-0.11971657728757445	0.1334909024504756	-0.18473331337136858	0.18039461283098265	-0.14731666771053442	0.12240644095495955	-0.13456989618965823	0.1499053188701123	-0.09317187373170129	0.09066220099579535	-0.06896690595587898	0.08830156174251523	-0.07931535189178854	0.11104862044779931	-0.08158229568121161	0.07655234446719367	-0.06345043241349757	0.08377948031034685	-0.06581408802444359	0.05973918006307675	-0.07317709695958068	0.05220735467304942	-0.05492294033672444	0.06361998404482277	-0.055549790704026616	0.08539697516739757
0.10371148688917237	-0.10447777926913836	0.2865075015959433	-0.6019304724845925	0.3195112631593364	-0.09644076085428292	0.15530942546893295	-0.394255765157902	1.0000000000000013	-0.5266677180993042	0.07685828026226361	-0.1469637740767747	0.155697752467901	-0.1679157291513991	0.16717903943976037	-0.09483785334314322	0.12305986672709232	-0.12700452836144757	0.1390344683780516	-0.17770897070116543	0.09563862204953055	-0.11811153210790488	0.07478196396709647	-0.07747797235068385	0.07210110383196795	-0.07010271031109318	0.06297075694628436	-0.09015453046578673	0.06911428789715988	-0.08083936309051401	0.05042226117993581	-0.06711685042754499	0.05323430577733132	-0.04931016017946498	0.05975982880624071	-0.04171897162704985	0.043906212758263514	-0.051609318105247895	0.04553015180113944	-0.06968381904657767
-0.0849948628213383	0.08026112774787197	-0.22978518234310158	0.3007413091246303	-0.6762798065261885	0.07425043605544931	-0.11606204969004247	0.20198233245017005	-0.5266677180993042	1.0000000000000004	-0.06014818821710634	0.10767758962817324	-0.12659077761614798	0.1363508605047996	-0.30968451005709624	0.07629216939242804	-0.10367957483134986	0.10230060219107152	-0.1294880227263592	0.21720616750978539	-0.08006340834387111	0.09690400096116315	-0.06403943221350492	0.0688066529795723	-0.07776023370879237	0.057879529853432414	-0.052610659147821676	0.07587845278103411	-0.061951948720698126	0.08351507824441141	-0.04229407358729347	0.055696146227141564	-0.04526494432725693	0.04264674482401424	-0.05200335152358507	0.03470911846332516	-0.036856650651117734	0.04353872583821042	-0.039186702140384555	0.05877505238054076
0.12595217670674372	-0.10892407596164909	0.12217020875970491	-0.06777928712722145	0.06909703762418747	-0.8161968994902395	0.194333036894565	-0.11920591549436131	0.07685828026226361	-0.06014818821710634	0.9999999999999999	-0.3038761511082003	0.15325385457467186	-0.0850259083683177	0.05258944068593963	-0.3744955478165344	0.19243225515429374	-0.13056344347499763	0.08773617329895778	-0.05540507267607742	0.22996176613263652	-0.13134793052960875	0.07656394328277723	-0.0692318272886973	0.04370443435734398	-0.0774950882454609	0.06910682529853192	-0.08922803512849829	0.06330674042406051	-0.048268503575077594	0.054640996407685896	-0.06882993290584992	0.05327716588188755	-0.046735327615451	0.0580028309037027	-0.04346299222742509	0.045975298746640254	-0.05071864628201749	0.04374252551870657	-0.06576621728127749
-0.2387295596882762	0.2056590319191262	-0.23837130423932051	0.12558065196183996	-0.12340470779017956	0.2389315152022179	-0.6876161328568502	0.24455436786323875	-0.1469637740767747	0.10767758962817324	-0.3038761511082003	1.0	-0.3648517168342228	0.15004640828851104	-0.08851115929780569	0.19624953750910595	-0.2927296027161379	0.21944239394066428	-0.14920685167443926	0.09232942922525052	-0.18772543286087945	0.16870136281946063	-0.10314829012532464	0.0956355068781758	-0.06388917927470929	0.09737966823822201	-0.08795654330467655	0.1198938262044185	-0.08642741274659232	0.07063110958648054	-0.06974050397026894	0.0904486453187257	-0.0708513993673054	0.06331642140376458	-0.0779850219334592	0.05661194361398229	-0.05974758433367195	0.0679546079676411	-0.059036649852837166	0.08972496032699852
0.1489967522332938	-0.14158329288355626	0.21260189669544247	-0.13471187885216993	0.1318862073247032	-0.18269971042515032	0.23450100563509793	-0.28987925848557755	0.155697752467901	-0.12659077761614798	0.15325385457467186	-0.3648517168342228	1.0000000000000002	-0.36589602200609367	0.12736544866666835	-0.20574012160979085	0.2936999411671526	-0.6173803649965726	0.2633683765152009	-0.13705004135709084	0.18393217803843492	-0.2290825670705798	0.14555271599399663	-0.13634443494744056	0.08776202722633149	-0.12817031800919038	0.11553910443763231	-0.16737744856510767	0.11820202512433801	-0.09794815275237793	0.089928959955129	-0.11976670303274296	0.09357569370810809	-0.08452539178178135	0.10098357161161081	-0.07427092237494937	0.07782480629669451	-0.09046214166240994	0.07812204240556915	-0.11846309451723955
-0.0977082444657074	0.08605179742180565	-0.15789499096346066	0.12233187704869357	-0.13678086147879046	0.09960360337445189	-0.13681704706400932	0.1542001138764191	-0.1679157291513991	0.1363508605047996	-0.0850259083683177	0.15004640828851104	-0.36589602200609367	1.000000000000001	-0.23816224673975767	0.11678556660624546	-0.19272417186122692	0.245653433848202	-0.8076388625597608	0.20112496846110645	-0.11937890732120034	0.13962348916893297	-0.10106969746088278	0.11039066891684936	-0.08804507231176648	0.08012919798741276	-0.07462753345439357	0.10960404002744119	-0.09592974045260912	0.09176089056358165	-0.05863417199508544	0.07603180979059554	-0.06341518952850912	0.06030100001013747	-0.07259146040487124	0.047456450623777714	-0.05084569734071267	0.06006810423193418	-0.0549975979751674	0.07858487205324358
0.06655881073935305	-0.06013939328062538	0.12795114059213067	-0.13373775651133815	0.19759586468494508	-0.06424476399331407	0.08595821274148836	-0.11971657728757445	0.16717903943976037	-0.30968451005709624	0.05258944068593963	-0.08851115929780569	0.12736544866666835	-0.23816224673975767	0.999999999999999	-0.07227157987369852	0.10282526676361807	-0.11189095518313318	0.19501869005365793	-0.8458743830605502	0.07800565884799975	-0.09986332048141158	0.07376018913087228	-0.09114258090619495	0.14988623127999084	-0.05927544523802768	0.055417349081858344	-0.08433973198907446	0.07988671355432064	-0.1639656286262359	0.04410808579730899	-0.05741353558533841	0.049339968436280066	-0.049249959684812675	0.05853869353757378	-0.035791676002481024	0.03863177488114159	-0.046920605685649	0.04414392008541407	-0.06256468933766549
-0.13362593806840914	0.10944120957617888	-0.148204973013569	0.08340929682864716	-0.088588354612872	0.2643176165904904	-0.17617875592585813	0.1334909024504756	-0.09483785334314322	0.07629216939242804	-0.3744955478165344	0.19624953750910595	-0.20574012160979085	0.11678556660624546	-0.07227157987369852	1.0000000000000009	-0.4291505498195956	0.19788276416414569	-0.12866830603208904	0.07589724765593896	-0.6910395591583454	0.2202517240777507	-0.12579059736155768	0.10871847213743036	-0.06570685959253161	0.1305553699941695	-0.11664770333134286	0.14168770640367886	-0.1004547420275647	0.07193355813146594	-0.09053550729830974	0.10996176213532353	-0.08473937173294183	0.07305312665300386	-0.09088718002920472	0.07010078486546802	-0.07454527950117437	0.07973065834246906	-0.06851185327531413	0.10086115982280675
0.1484425031516095	-0.1353300524581192	0.1777463428628852	-0.1094427515439526	0.11304696816974288	-0.2290510118834092	0.20555856202807946	-0.18473331337136858	0.12305986672709232	-0.10367957483134986	0.19243225515429374	-0.2927296027161379	0.2936999411671526	-0.19272417186122692	0.10282526676361807	-0.4291505498195956	1.0000000000000009	-0.5597244115210109	0.19559786223503353	-0.11260773802014003	0.27453533394751733	-0.346137406163141	0.18300334372364693	-0.161692396147849	0.09367406427028319	-0.16868381534596433	0.15253973220133993	-0.20976531247843588	0.14162952241347557	-0.10487982549553447	0.11538465013723762	-0.15267886350642196	0.11667215056883724	-0.10286217540221651	0.12293993336472081	-0.09472186712880823	0.09889709826691045	-0.11237801606042257	0.09551717383427738	-0.14422971488041425
-0.12900630285558276	0.11224828344007887	-0.1808489553591545	0.10761063461342442	-0.1129471547716507	0.1459196685859234	-0.1887743565082144	0.18039461283098265	-0.12700452836144757	0.10230060219107152	-0.13056344347499763	0.21944239394066428	-0.6173803649965726	0.245653433848202	-0.11189095518313318	0.19788276416414569	-0.5597244115210109	0.9999999999999997	-0.33538869328662535	0.11759417827155369	-0.18937995553065642	0.20357632687049523	-0.15581493680582065	0.1252160787193536	-0.07865889397563147	0.10976060378444955	-0.10319943376750951	0.1488247953273671	-0.11009624882275962	0.08489403886025655	-0.07887279787933128	0.10163313472434275	-0.08246938251258966	0.07418926521001754	-0.08981552997440552	0.06345391453448548	-0.0676679216076614	0.07777490449568342	-0.06851114230302749	0.09964577494339746
0.09450780909115905	-0.08531214450105601	0.14360913138389686	-0.11465843328704634	0.12412801239579681	-0.10637039283701402	0.12812016343553162	-0.14731666771053442	0.1390344683780516	-0.1294880227263592	0.08773617329895778	-0.14920685167443926	0.2633683765152009	-0.8076388625597608	0.19501869005365793	-0.12866830603208904	0.19559786223503353	-0.33538869328662535	0.9999999999999978	-0.2468125892815597	0.12579708509032467	-0.16194583637849042	0.11524603529210409	-0.13666974074948685	0.09709086272212378	-0.09158460647697976	0.08467290044977657	-0.12719331704717352	0.10815456958037709	-0.10472142659808534	0.06597161053366725	-0.0867063368858457	0.07151105962634512	-0.06840553674104459	0.08052554644284483	-0.05387862569208887	0.05737209280881572	-0.06831207891452498	0.06192169925821411	-0.08910567900447616
-0.07262452663701885	0.06405599078062682	-0.14185991045507607	0.13475440823754606	-0.22461928100790376	0.066767518224998	-0.09223967280314706	0.12240644095495955	-0.17770897070116543	0.21720616750978539	-0.05540507267607742	0.09232942922525052	-0.13705004135709084	0.20112496846110645	-0.8458743830605502	0.07589724765593896	-0.11260773802014003	0.11759417827155369	-0.2468125892815597	1.0	-0.08380788133053149	0.10285774659775257	-0.078852756385763	0.0975086366345023	-0.2068360805802037	0.06119774060543662	-0.05780871841170083	0.0875559786395404	-0.08707954325347678	0.16528488230662675	-0.046135566877894905	0.059358023390466974	-0.0519117294154603	0.05202820739152704	-0.06263060509465246	0.03712474568549383	-0.04035585117278577	0.04891279094907434	-0.04672469061603535	0.06498050762424527
0.13019460228861623	-0.11155235076929633	0.14478316653167167	-0.08538446903646676	0.09097749139056982	-0.29526175703680624	0.16056621009603242	-0.13456989618965823	0.09563862204953055	-0.08006340834387111	0.22996176613263652	-0.18772543286087945	0.18393217803843492	-0.11937890732120034	0.07800565884799975	-0.6910395591583454	0.27453533394751733	-0.18937995553065642	0.12579708509032467	-0.08380788133053149	0.9999999999999979	-0.37662110668787907	0.1800687563406733	-0.15735498213628424	0.08653581083891305	-0.21888332093298646	0.1764774917407988	-0.2164327518291385	0.1413449695157399	-0.09680034208389174	0.13306888291244556	-0.16837087008140791	0.12310666965543403	-0.10492465444801499	0.12603775552952567	-0.10646192909072562	0.10995439299707037	-0.11808524454965766	0.09821703952984656	-0.1471050636718978
-0.1554566071961727	0.11881430885013385	-0.18550956103240102	0.10347441469818106	-0.11672131141746868	0.14887474090483802	-0.17207092391528073	0.1499053188701123	-0.11811153210790488	0.09690400096116315	-0.13134793052960875	0.16870136281946063	-0.2290825670705798	0.13962348916893297	-0.09986332048141158	0.2202517240777507	-0.346137406163141	0.20357632687049523	-0.16194583637849042	0.10285774659775257	-0.37662110668787907	0.9999999999999997	-0.518319956231384	0.2435199494102796	-0.13044472195778364	0.2353219299495396	-0.3420079093489962	0.3041370330140813	-0.24759098422898937	0.13069126990240856	-0.18565203131106678	0.20707955665209296	-0.18153193011276778	0.14829193858615483	-0.19246539927422046	0.13156886906133083	-0.15139476412579422	0.15303936266240803	-0.139922610476332	0.17556506741663935
0.09028189944886293	-0.07094589164166071	0.11096685608924135	-0.06528668662763328	0.07461312670466501	-0.08931960387262343	0.10163982971144767	-0.09317187373170129	0.07478196396709647	-0.06403943221350492	0.07656394328277723	-0.10314829012532464	0.14555271599399663	-0.10106969746088278	0.07376018913087228	-0.12579059736155768	0.18300334372364693	-0.15581493680582065	0.11524603529210409	-0.078852756385763	0.1800687563406733	-0.518319956231384	1.0000000000000007	-0.482289189462976	0.13468714838924833	-0.17852013388459867	0.20746795183593125	-0.5761103388591732	0.2838839389090631	-0.14011995644798464	0.1288776145907087	-0.16159515720952106	0.16018291698105472	-0.14415517742552492	0.15609812327480496	-0.09801456715960064	0.11125010553651606	-0.1398878461998093	0.12558747467468742	-0.14806184431199987
-0.08682037872014582	0.0678166794235561	-0.10974477235832716	0.06685227772262085	-0.07946467217110809	0.08038321740087431	-0.09665593847538183	0.09066220099579535	-0.07747797235068385	0.0688066529795723	-0.0692318272886973	0.0956355068781758	-0.13634443494744056	0.11039066891684936	-0.09114258090619495	0.10871847213743036	-0.161692396147849	0.1252160787193536	-0.13666974074948685	0.0975086366345023	-0.15735498213628424	0.2435199494102796	-0.482289189462976	1.0000000000000004	-0.26344014967775253	0.13779273842453915	-0.15550613888774706	0.2935904902220401	-0.6739279514590686	0.21059201160074567	-0.11300683774334093	0.13692290201809582	-0.1552472762167834	0.19248692337449028	-0.20273048616811185	0.08587933216827842	-0.10075703104985514	0.13589315236847466	-0.16312486124981865	0.16396172763217204
0.05596403499761976	-0.04572030031342053	0.0813822992831578	-0.06045302567741655	0.0827099804492294	-0.051994634733875195	0.06399501349362025	-0.06896690595587898	0.07210110383196795	-0.07776023370879237	0.04370443435734398	-0.06388917927470929	0.08776202722633149	-0.08804507231176648	0.14988623127999084	-0.06570685959253161	0.09367406427028319	-0.07865889397563147	0.09709086272212378	-0.2068360805802037	0.08653581083891305	-0.13044472195778364	0.13468714838924833	-0.26344014967775253	0.9999999999999997	-0.0772309791727623	0.0790226403450868	-0.14174029458924065	0.19501086389168415	-0.8921706076283211	0.06117618187772942	-0.07686387224349243	0.07818184619917656	-0.09232016611821489	0.10098120531626359	-0.04799840657044635	0.05453870971095334	-0.07224505052542535	0.07717438150107185	-0.09309340521224352
-0.09346454915390541	0.07111578455904985	-0.1104211953372949	0.06168583888724968	-0.06992546236889366	0.08955553005882019	-0.10032580704370195	0.08830156174251523	-0.07010271031109318	0.057879529853432414	-0.0774950882454609	0.09737966823822201	-0.12817031800919038	0.08012919798741276	-0.05927544523802768	0.1305553699941695	-0.16868381534596433	0.10976060378444955	-0.09158460647697976	0.06119774060543662	-0.21888332093298646	0.2353219299495396	-0.17852013388459867	0.13779273842453915	-0.0772309791727623	1.0000000000000007	-0.6947784202985006	0.22353614780012976	-0.15430025199448896	0.0805984633610072	-0.46039291329326265	0.27767876894447896	-0.17101516834361238	0.11213954780710148	-0.14305362682472736	0.2150623487356777	-0.2335070110248931	0.14510831376929656	-0.11140805784116736	0.1377397971444393
0.08199960074683935	-0.063190821982733	0.09756553713494355	-0.05539484781491729	0.06283862838199168	-0.08091992216253636	0.08905268052247234	-0.07931535189178854	0.06297075694628436	-0.052610659147821676	0.06910682529853192	-0.08795654330467655	0.11553910443763231	-0.07462753345439357	0.055417349081858344	-0.11664770333134286	0.15253973220133993	-0.10319943376750951	0.08467290044977657	-0.05780871841170083	0.1764774917407988	-0.3420079093489962	0.20746795183593125	-0.15550613888774706	0.0790226403450868	-0.6947784202985006	1.0000000000000004	-0.3440444654047299	0.16495887345776467	-0.08356648290268923	0.2581481706003652	-0.395503747973473	0.17522529678793766	-0.11501185759399327	0.13677934914717263	-0.19072781383764084	0.19962754253232928	-0.1504489240011473	0.11124198521212653	-0.13738512067882042
-0.1137157222139704	0.08690258013193554	-0.13790409743993068	0.07877460978930705	-0.0906718105759851	0.10254713270850117	-0.12346337264974713	0.11104862044779931	-0.09015453046578673	0.07587845278103411	-0.08922803512849829	0.1198938262044185	-0.16737744856510767	0.10960404002744119	-0.08433973198907446	0.14168770640367886	-0.20976531247843588	0.1488247953273671	-0.12719331704717352	0.0875559786395404	-0.2164327518291385	0.3041370330140813	-0.5761103388591732	0.2935904902220401	-0.14174029458924065	0.22353614780012976	-0.3440444654047299	1.0000000000000016	-0.42377715320252224	0.1423554575655972	-0.17886325628960062	0.2110344259908114	-0.2758072479217422	0.1854104865727043	-0.21445570538560882	0.1292576559332881	-0.1539369815309324	0.19236378069004384	-0.17320466014836988	0.18778301440303516
0.07807839307157478	-0.06147125634289247	0.09785856168376231	-0.06004303426204609	0.07101959110450386	-0.07455740016289143	0.08641104381898715	-0.08158229568121161	0.06911428789715988	-0.061951948720698126	0.06330674042406051	-0.08642741274659232	0.11820202512433801	-0.09592974045260912	0.07988671355432064	-0.1004547420275647	0.14162952241347557	-0.11009624882275962	0.10815456958037709	-0.08707954325347678	0.1413449695157399	-0.24759098422898937	0.2838839389090631	-0.6739279514590686	0.19501086389168415	-0.15430025199448896	0.16495887345776467	-0.42377715320252224	1.0000000000000002	-0.2434824138693535	0.11943379819603434	-0.15415506674516322	0.17280481594844313	-0.3307614359077275	0.21570913596045732	-0.09462324983816472	0.10935065655693954	-0.16701318122159797	0.1940504321194958	-0.2009836211600445
-0.06383378785276853	0.05137644222484403	-0.09298535866516612	0.0672284775595431	-0.0941724674696689	0.05689247876491766	-0.07207828272545899	0.07655234446719367	-0.08083936309051401	0.08351507824441141	-0.048268503575077594	0.07063110958648054	-0.09794815275237793	0.09176089056358165	-0.1639656286262359	0.07193355813146594	-0.10487982549553447	0.08489403886025655	-0.10472142659808534	0.16528488230662675	-0.09680034208389174	0.13069126990240856	-0.14011995644798464	0.21059201160074567	-0.8921706076283211	0.0805984633610072	-0.08356648290268923	0.1423554575655972	-0.2434824138693535	0.9999999999999981	-0.06624170243468416	0.08124677027310549	-0.0859865708175194	0.10172730140193548	-0.1181687484136743	0.05123617597914367	-0.0590680544424059	0.077656887836705	-0.08742109583621646	0.10054513341931207
0.06610145712850618	-0.05099670280761089	0.07818446945177523	-0.04451596334523969	0.05049570147504364	-0.06470802503873063	0.0707764280376186	-0.06345043241349757	0.05042226117993581	-0.04229407358729347	0.054640996407685896	-0.06974050397026894	0.089928959955129	-0.05863417199508544	0.04410808579730899	-0.09053550729830974	0.11538465013723762	-0.07887279787933128	0.06597161053366725	-0.046135566877894905	0.13306888291244556	-0.18565203131106678	0.1288776145907087	-0.11300683774334093	0.06117618187772942	-0.46039291329326265	0.2581481706003652	-0.17886325628960062	0.11943379819603434	-0.06624170243468416	0.9999999999999974	-0.442391002406111	0.17844937566553593	-0.10950917577803972	0.12786584587129096	-0.6243858867764941	0.3077413384872653	-0.1769112116928912	0.11126365189821005	-0.14480171633297367
-0.08926657520893576	0.06758126566447617	-0.10557592164952836	0.059126088568790904	-0.06738247733771181	0.07980237444112331	-0.09410081713115549	0.08377948031034685	-0.06711685042754499	0.055696146227141564	-0.06882993290584992	0.0904486453187257	-0.11976670303274296	0.07603180979059554	-0.05741353558533841	0.10996176213532353	-0.15267886350642196	0.10163313472434275	-0.0867063368858457	0.059358023390466974	-0.16837087008140791	0.20707955665209296	-0.16159515720952106	0.13692290201809582	-0.07686387224349243	0.27767876894447896	-0.395503747973473	0.2110344259908114	-0.15415506674516322	0.08124677027310549	-0.442391002406111	0.9999999999999988	-0.35045176309011355	0.14012356708771007	-0.1721393222170094	0.29027141856075456	-0.5550377517195385	0.23548340010411428	-0.14966684621510745	0.17175387353556737
0.06786511287573642	-0.0522453025545476	0.0812765134021289	-0.046854522615024576	0.05376134129135332	-0.06262343864394956	0.07238753376690397	-0.06581408802444359	0.05323430577733132	-0.04526494432725693	0.05327716588188755	-0.0708513993673054	0.09357569370810809	-0.06341518952850912	0.049339968436280066	-0.08473937173294183	0.11667215056883724	-0.08246938251258966	0.07151105962634512	-0.0519117294154603	0.12310666965543403	-0.18153193011276778	0.16018291698105472	-0.1552472762167834	0.07818184619917656	-0.17101516834361238	0.17522529678793766	-0.2758072479217422	0.17280481594844313	-0.0859865708175194	0.17844937566553593	-0.35045176309011355	0.9999999999999999	-0.24051912108382553	0.20838925704529948	-0.1626107295502319	0.21404313078232082	-0.7487905553951332	0.24954020241696667	-0.27467462454666464
-0.06079243852032036	0.04686811083233043	-0.07373019820291876	0.04323305562445179	-0.05031047687612407	0.05488223399458254	-0.06484224360964816	0.05973918006307675	-0.04931016017946498	0.04264674482401424	-0.046735327615451	0.06331642140376458	-0.08452539178178135	0.06030100001013747	-0.049249959684812675	0.07305312665300386	-0.10286217540221651	0.07418926521001754	-0.06840553674104459	0.05202820739152704	-0.10492465444801499	0.14829193858615483	-0.14415517742552492	0.19248692337449028	-0.09232016611821489	0.11213954780710148	-0.11501185759399327	0.1854104865727043	-0.3307614359077275	0.10172730140193548	-0.10950917577803972	0.14012356708771007	-0.24051912108382553	0.9999999999999994	-0.5297312395242303	0.08879322115010319	-0.1148548642948801	0.22949555885195744	-0.6495174724001608	0.313343183447522
0.07403123394627595	-0.05776478760841331	0.08912908324789377	-0.05271392565450663	0.06083296114568125	-0.06925117196130882	0.07879463779502138	-0.07317709695958068	0.05975982880624071	-0.05200335152358507	0.0580028309037027	-0.0779850219334592	0.10098357161161081	-0.07259146040487124	0.05853869353757378	-0.09088718002920472	0.12293993336472081	-0.08981552997440552	0.08052554644284483	-0.06263060509465246	0.12603775552952567	-0.19246539927422046	0.15609812327480496	-0.20273048616811185	0.10098120531626359	-0.14305362682472736	0.13677934914717263	-0.21445570538560882	0.21570913596045732	-0.1181687484136743	0.12786584587129096	-0.1721393222170094	0.20838925704529948	-0.5297312395242303	0.9999999999999989	-0.10768484144353199	0.12682864435466984	-0.2306900902262729	0.31008376704375895	-0.6823718132274421
-0.05538512116714866	0.04212584433029286	-0.06543923107207461	0.03678735215356052	-0.04185879620057373	0.05070654417832947	-0.05853929310726706	0.05220735467304942	-0.04171897162704985	0.03470911846332516	-0.04346299222742509	0.05661194361398229	-0.07427092237494937	0.047456450623777714	-0.035791676002481024	0.07010078486546802	-0.09472186712880823	0.06345391453448548	-0.05387862569208887	0.03712474568549383	-0.10646192909072562	0.13156886906133083	-0.09801456715960064	0.08587933216827842	-0.04799840657044635	0.2150623487356777	-0.19072781383764084	0.1292576559332881	-0.09462324983816472	0.05123617597914367	-0.6243858867764941	0.29027141856075456	-0.1626107295502319	0.08879322115010319	-0.10768484144353199	0.9999999999999993	-0.656676958694985	0.1550390519721885	-0.0960394348962809	0.1118991886497088
0.057468951637198035	-0.04410451083015948	0.06811425668885238	-0.03873478140249712	0.04409747716282061	-0.054123498302645554	0.061127989785877176	-0.05492294033672444	0.043906212758263514	-0.036856650651117734	0.045975298746640254	-0.05974758433367195	0.07782480629669451	-0.05084569734071267	0.03863177488114159	-0.07454527950117437	0.09889709826691045	-0.0676679216076614	0.05737209280881572	-0.04035585117278577	0.10995439299707037	-0.15139476412579422	0.11125010553651606	-0.10075703104985514	0.05453870971095334	-0.2335070110248931	0.19962754253232928	-0.1539369815309324	0.10935065655693954	-0.0590680544424059	0.3077413384872653	-0.5550377517195385	0.21404313078232082	-0.1148548642948801	0.12682864435466984	-0.656676958694985	0.9999999999999998	-0.2589036593308274	0.12435186069167971	-0.14506054874309443
-0.06670789225578211	0.05079804458199312	-0.07965421823867946	0.04539544528650311	-0.052191617670477385	0.05911162392267717	-0.07039358269868697	0.06361998404482277	-0.051609318105247895	0.04353872583821042	-0.05071864628201749	0.0679546079676411	-0.09046214166240994	0.06006810423193418	-0.046920605685649	0.07973065834246906	-0.11237801606042257	0.07777490449568342	-0.06831207891452498	0.04891279094907434	-0.11808524454965766	0.15303936266240803	-0.1398878461998093	0.13589315236847466	-0.07224505052542535	0.14510831376929656	-0.1504489240011473	0.19236378069004384	-0.16701318122159797	0.077656887836705	-0.1769112116928912	0.23548340010411428	-0.7487905553951332	0.22949555885195744	-0.2306900902262729	0.1550390519721885	-0.2589036593308274	0.9999999999999998	-0.40684395525773054	0.23818343923226762
0.05696940639979371	-0.04387028993604114	0.06864288860336631	-0.0400183544009734	0.04632329142174564	-0.051473207441024724	0.06046982784824008	-0.055549790704026616	0.04553015180113944	-0.039186702140384555	0.04374252551870657	-0.059036649852837166	0.07812204240556915	-0.0549975979751674	0.04414392008541407	-0.06851185327531413	0.09551717383427738	-0.06851114230302749	0.06192169925821411	-0.04672469061603535	0.09821703952984656	-0.139922610476332	0.12558747467468742	-0.16312486124981865	0.07717438150107185	-0.11140805784116736	0.11124198521212653	-0.17320466014836988	0.1940504321194958	-0.08742109583621646	0.11126365189821005	-0.14966684621510745	0.24954020241696667	-0.6495174724001608	0.31008376704375895	-0.0960394348962809	0.12435186069167971	-0.40684395525773054	0.9999999999999997	-0.4978644481110878
-0.09124060344444815	0.06887709000850153	-0.10828323937672157	0.06143137094833598	-0.07090859095194385	0.0767013863499249	-0.094105719576337	0.08539697516739757	-0.06968381904657767	0.05877505238054076	-0.06576621728127749	0.08972496032699852	-0.11846309451723955	0.07858487205324358	-0.06256468933766549	0.10086115982280675	-0.14422971488041425	0.09964577494339746	-0.08910567900447616	0.06498050762424527	-0.1471050636718978	0.17556506741663935	-0.14806184431199987	0.16396172763217204	-0.09309340521224352	0.1377397971444393	-0.13738512067882042	0.18778301440303516	-0.2009836211600445	0.10054513341931207	-0.14480171633297367	0.17175387353556737	-0.27467462454666464	0.313343183447522	-0.6823718132274421	0.1118991886497088	-0.14506054874309443	0.23818343923226762	-0.4978644481110878	0.9999999999999999
