1.0000000000000002	-0.938504840638409	0.1816122726817183	-0.12854033424596442	0.0932908994029079	-0.11591796761976814	0.13463456042679942	-0.1317240358151351	0.08935173403580787	-0.09793115992544003	0.1056456320881273	-0.12741102160373993	0.10020525845702612	-0.08634324165181535	0.07127695111271085	-0.07467855136639133	0.06355925668223039	-0.06911125528162981	0.08839321855174725	-0.06521401404496839	0.06067348575443328	-0.09105309963850715	0.07091504010096995	-0.09969935511412943	0.057145652418226306	-0.060934717126989814	0.052206610391911795	-0.061738246801529284	0.055993611169254116	-0.0508961038102236	0.04465614146891831	-0.06694632812803751	0.052352497344406265	-0.04654564030681717	0.047045692052938216	-0.06079464028787792	0.045758906729691524	-0.03776822834982249	0.036565232379492905	-0.03952984826175779
-0.938504840638409	1.0000000000000004	-0.22488700170449075	0.11796435790476105	-0.09014143238361261	0.1036419136565501	-0.14634452183029514	0.1231588697512604	-0.08373382450870177	0.08788945900620837	-0.10290450728912356	0.11625023258802718	-0.0955167429030359	0.07849473248089246	-0.06529487777900335	0.06480969713627494	-0.05631992958858912	0.06056500145147772	-0.08094093766672647	0.05840550967284043	-0.05256058724088672	0.07743528740778817	-0.06219110954057412	0.08471125003565681	-0.04962990699562906	0.051917808223792564	-0.04470785482529035	0.05278650548668171	-0.04825753329230112	0.04375005469417036	-0.038040190334837	0.05681861542992154	-0.0449052843132446	0.03988059774141032	-0.04052137382226908	0.0514870509982048	-0.03927275476796572	0.03229505304153296	-0.03138822977617675	0.03380146447707506
0.1816122726817183	-0.22488700170449075	1.0000000000000004	-0.5928474967816976	0.2840625000650488	-0.14312853037677942	0.19172853239999016	-0.4378552717261353	0.23673609567773432	-0.28574492040379795	0.16062963170769445	-0.21845987157077967	0.2374320910518109	-0.2180766382449414	0.1738554453286642	-0.15598995049123385	0.13352391727003335	-0.152761148705336	0.20498465512695557	-0.15913785605734893	0.12972416965865058	-0.19895718567968818	0.1547125711620755	-0.22570615294635668	0.12887183871562843	-0.13370744250399144	0.11457017593817037	-0.13656774647234812	0.12398448308657838	-0.1147296475831116	0.09837825069809104	-0.14831924786133294	0.11550313724967519	-0.10341196512297286	0.10441890039260364	-0.13469594307360688	0.10083656440957439	-0.08359553525170153	0.08091908647941554	-0.08790474048572627
-0.12854033424596442	0.11796435790476105	-0.5928474967816976	1.0000000000000002	-0.6452074824189488	0.09464540784082161	-0.1337393737652089	0.2175797611902652	-0.24685723920631863	0.26528506252313977	-0.11614113397768122	0.14269720775654432	-0.17494816672307117	0.17176910834338202	-0.1542783532198007	0.10106274500488019	-0.0902881081603037	0.10177692539496193	-0.1742498599977396	0.1262827387789548	-0.08480861860104273	0.12610006986663963	-0.10512040748739702	0.14613045036746564	-0.09004986474400768	0.08553863081103512	-0.07435084070280452	0.08866418171589013	-0.08293609330327957	0.07718245706714172	-0.06316817409468005	0.09470996269098181	-0.0758604570902885	0.0681337812032357	-0.06998655718686655	0.08550636208004678	-0.06638140660782879	0.054587814875657614	-0.05350192121357748	0.057644882081819365
0.0932908994029079	-0.09014143238361261	0.2840625000650488	-0.6452074824189488	0.9999999999999996	-0.09561809425138741	0.12779302303144152	-0.21779557772511038	0.25292330585046136	-0.5510154540750845	0.11430443092840886	-0.1499951673150901	0.16927979741233204	-0.20017959401241422	0.17695007241105964	-0.11844946233326886	0.10209510133511547	-0.11686873656493904	0.1848557887919321	-0.15477167750499526	0.09989854538624875	-0.15299498425707747	0.1204995598296333	-0.17969688314848684	0.10630071259750427	-0.10359212250052521	0.08918822105505098	-0.10675975138888642	0.09840066004087084	-0.09306538428301385	0.07650651425663156	-0.11550346736398957	0.09067927548500282	-0.08182565336295435	0.08317115876961147	-0.10466500793737374	0.07919323091799624	-0.06566463436632239	0.06389846387667983	-0.06948067021897894
-0.11591796761976814	0.1036419136565501	-0.14312853037677942	0.09464540784082161	-0.09561809425138741	0.9999999999999996	-0.5392204601265226	0.18514935899896307	-0.11681103269401757	0.10029939179926793	-0.7483895841317613	0.2771665598244638	-0.1699679998886225	0.11511226399954343	-0.09297422677274811	0.12863767744353888	-0.10861533446304544	0.10014751399465067	-0.12044487692018072	0.08120118727017542	-0.092603424969429	0.11663171086190087	-0.10184091989257577	0.1145422058839106	-0.0708224417807922	0.07767823864720184	-0.06728577605145537	0.07699381287268667	-0.07069004171898317	0.06140676137141342	-0.055488975983729275	0.08019346905339078	-0.06570019951110034	0.057068411502509624	-0.058595041812736184	0.07221215157114527	-0.05743469647661131	0.046343271085070685	-0.045384834533647334	0.04786317232551449
0.13463456042679942	-0.14634452183029514	0.19172853239999016	-0.1337393737652089	0.12779302303144152	-0.5392204601265226	1.0	-0.36831933425920105	0.16524795829551983	-0.14279697812473516	0.31197233918262346	-0.5996246649257962	0.2579296933613964	-0.17059599225907446	0.12552632958883259	-0.14454402736527266	0.12942227742329176	-0.13174494565023884	0.1570768413145421	-0.1111387380323329	0.10724271176665243	-0.14991633304308938	0.12678946243381742	-0.1536556414645271	0.09211529137307173	-0.09871712426752247	0.08508072310452888	-0.09939895109971948	0.0904056989325824	-0.08053637078292969	0.0710497539385366	-0.10446754571789715	0.08399848158376723	-0.07382749017258777	0.07528370931888131	-0.09430624765322312	0.07324669339942494	-0.059761908809207086	0.058260031144922855	-0.06214743822337147
-0.1317240358151351	0.1231588697512604	-0.4378552717261353	0.2175797611902652	-0.21779557772511038	0.18514935899896307	-0.36831933425920105	1.0	-0.3591278605887125	0.22648338998265607	-0.22458742523710715	0.2884355788051756	-0.5770625817057451	0.2646816285341613	-0.18992360151717594	0.14054755594803942	-0.1363810921219813	0.15354888543568784	-0.22563263626847463	0.15566169596534615	-0.11358111816202422	0.16023709566132577	-0.14955059799335263	0.1777226658186131	-0.11123424184128769	0.10756717508089013	-0.09431889076991061	0.1117876370853855	-0.10403996077855023	0.09477021408652675	-0.0786303808312372	0.11633046004984286	-0.09505532054446794	0.08441680130589299	-0.08699234250110481	0.10452438479054947	-0.08288890504340261	0.0676303137628382	-0.06649602467685413	0.07096374970293412
0.08935173403580787	-0.08373382450870177	0.23673609567773432	-0.24685723920631863	0.25292330585046136	-0.11681103269401757	0.16524795829551983	-0.3591278605887125	0.9999999999999989	-0.5743824035998678	0.1391579562812381	-0.19983355366886524	0.2587811428464154	-0.5386301872102885	0.2452024823161803	-0.13058836904741083	0.11721829862824287	-0.13730070948555922	0.24951156252194007	-0.2086506450371107	0.10837367627799373	-0.1619666074008441	0.13602862026121298	-0.19439037230310383	0.12007048979218608	-0.10963272593648397	0.09519751889695788	-0.11432960248097741	0.10681308662525243	-0.10279121897818608	0.08070946585976223	-0.12123746276435651	0.09703525944893883	-0.08795936418311522	0.0902196705513	-0.10927907730217873	0.08457847059917438	-0.06990626000552141	0.06856021374310606	-0.07430846640217027
-0.09793115992544003	0.08788945900620837	-0.28574492040379795	0.26528506252313977	-0.5510154540750845	0.10029939179926793	-0.14279697812473516	0.22648338998265607	-0.5743824035998678	0.9999999999999988	-0.12621033173575272	0.1588945975746262	-0.20932227772695747	0.2680790182799174	-0.3102555864999995	0.11377538346802776	-0.1040062711833771	0.1187236920768726	-0.25931625261629554	0.19963418696414104	-0.09599047098998416	0.14113234783068665	-0.12240677277920807	0.1706324564356442	-0.11358092770940781	0.09649435583732957	-0.08460114143779451	0.10155429661584778	-0.09737377970976724	0.09361476690989717	-0.07142091144563084	0.10704076909483501	-0.08727641369007799	0.07930527752612347	-0.08253526190203615	0.0961692193310783	-0.07630935689346928	0.06269298903391149	-0.06205837802677974	0.0668344121565706
0.1056456320881273	-0.10290450728912356	0.16062963170769445	-0.11614113397768122	0.11430443092840886	-0.7483895841317613	0.31197233918262346	-0.22458742523710715	0.1391579562812381	-0.12621033173575272	1.0000000000000004	-0.41740868182832547	0.20059228740808902	-0.1468037620430824	0.11566096774761994	-0.2046758625637666	0.14668277602990937	-0.1386604247617	0.15002693132770623	-0.10459526673031873	0.12919842952770366	-0.16883899248995707	0.13681157750994916	-0.16083380506051556	0.09595735819391199	-0.11097566570295646	0.09433027403543152	-0.10799047419657073	0.09719055962794468	-0.08463064561800791	0.07831916691390603	-0.11364519604003696	0.09117756265734031	-0.07921515344260337	0.08053210608887608	-0.10280569677546164	0.07951827894019538	-0.06456912268628431	0.06273970667148215	-0.06656621775763241
-0.12741102160373993	0.11625023258802718	-0.21845987157077967	0.14269720775654432	-0.1499951673150901	0.2771665598244638	-0.5996246649257962	0.2884355788051756	-0.19983355366886524	0.1588945975746262	-0.41740868182832547	1.0000000000000018	-0.4772901738512496	0.20716810103925337	-0.15938357420799545	0.16247445232558272	-0.17686914518200747	0.15965220247473447	-0.20238248734605413	0.13261144120753554	-0.12286857086048242	0.1618532265737472	-0.1540365233657883	0.16526258119225928	-0.10479150339986602	0.10723729612184034	-0.09418411889741407	0.10953813797747661	-0.10157221923640423	0.08929549922718091	-0.07732444972982595	0.11236597705622862	-0.0932852236638633	0.08153280178996415	-0.08426142148778613	0.10073086296202897	-0.08139718644936082	0.06569791674189142	-0.0647112157912972	0.06822612385079072
0.10020525845702612	-0.0955167429030359	0.2374320910518109	-0.17494816672307117	0.16927979741233204	-0.1699679998886225	0.2579296933613964	-0.5770625817057451	0.2587811428464154	-0.20932227772695747	0.20059228740808902	-0.4772901738512496	1.0000000000000018	-0.4323836188840614	0.1972938658464849	-0.15779330084639068	0.15684180565467865	-0.21167060983067842	0.22967618903830958	-0.17235780505963408	0.12358692780499862	-0.17711561903022988	0.16753829559835273	-0.19522685114797325	0.1182658353075989	-0.11726510541947639	0.10234859154808057	-0.12232251060232492	0.11147982193833368	-0.10211232474462907	0.08504455509341481	-0.12596936765980915	0.1021866510636416	-0.0907768348167186	0.09283685424003824	-0.11314355390392952	0.08864302974875528	-0.07265749583203944	0.07112708067398965	-0.07618680977350153
-0.08634324165181535	0.07849473248089246	-0.2180766382449414	0.17176910834338202	-0.20017959401241422	0.11511226399954343	-0.17059599225907446	0.2646816285341613	-0.5386301872102885	0.2680790182799174	-0.1468037620430824	0.20716810103925337	-0.4323836188840614	0.9999999999999992	-0.4251220963802626	0.12935381306325708	-0.12385162901484965	0.14694798572477136	-0.42553895267149666	0.2606579270761994	-0.10742652137732632	0.15585591843420418	-0.14333513678911292	0.19235619115215802	-0.12912099530122295	0.1061132713924159	-0.0933880371123743	0.11254489103370172	-0.10782900664025984	0.10539614509420903	-0.07816757802334494	0.11681262155609912	-0.09595648362815591	0.08746977120440874	-0.0911365553599796	0.10462095624001513	-0.08353527979225762	0.06869312801908474	-0.0681481975242269	0.0734420517658321
0.07127695111271085	-0.06529487777900335	0.1738554453286642	-0.1542783532198007	0.17695007241105964	-0.09297422677274811	0.12552632958883259	-0.18992360151717594	0.2452024823161803	-0.3102555864999995	0.11566096774761994	-0.15938357420799545	0.1972938658464849	-0.4251220963802626	1.000000000000002	-0.12885723193044687	0.1145572664074542	-0.1364207849385426	0.314572050917239	-0.7042575679936469	0.10964592427270069	-0.1648833760775802	0.13907520670939125	-0.2228915577228907	0.16490714937006917	-0.11437753949985356	0.10021062566713765	-0.12289793511292581	0.12020670228824885	-0.13453041449249	0.0848530880859915	-0.12856954011737434	0.10474291457713007	-0.09913202796529123	0.10331141233180591	-0.11501010703885156	0.0908669404172065	-0.07592119924338753	0.07563103563380008	-0.08336482150939918
-0.07467855136639133	0.06480969713627494	-0.15598995049123385	0.10106274500488019	-0.11844946233326886	0.12863767744353888	-0.14454402736527266	0.14054755594803942	-0.13058836904741083	0.11377538346802776	-0.2046758625637666	0.16247445232558272	-0.15779330084639068	0.12935381306325708	-0.12885723193044687	1.0000000000000024	-0.6058121687704597	0.2702785131833689	-0.1947199154640314	0.11525765289971869	-0.527251806710487	0.2981125428435918	-0.2983847212562231	0.19633147414811308	-0.13850784184182888	0.20976157722850927	-0.17988174859452635	0.1748268156322438	-0.15911774568375534	0.118277382171957	-0.13549533927129156	0.16886239479771387	-0.15077230872736982	0.12068164643154186	-0.12586795122959332	0.1501009485435895	-0.13111637570497214	0.10010757484713384	-0.09898458541748746	0.09822942881135442
0.06355925668223039	-0.05631992958858912	0.13352391727003335	-0.0902881081603037	0.10209510133511547	-0.10861533446304544	0.12942227742329176	-0.1363810921219813	0.11721829862824287	-0.1040062711833771	0.14668277602990937	-0.17686914518200747	0.15684180565467865	-0.12385162901484965	0.1145572664074542	-0.6058121687704597	1.0000000000000013	-0.5806708731019408	0.17318545574193456	-0.10733505160798085	0.25352169374260336	-0.3235373441516745	0.28485081630432285	-0.20079105749251117	0.12465371481898468	-0.1758600486898264	0.14880384707215555	-0.16614150246573828	0.1392257661726785	-0.10879330902419278	0.11350488741291664	-0.15430773302423623	0.13135660140059494	-0.10846075010892446	0.11031668443168506	-0.1370244912296073	0.11212192583739518	-0.088629506666584	0.08639754400649627	-0.0881442849183279
-0.06911125528162981	0.06056500145147772	-0.152761148705336	0.10177692539496193	-0.11686873656493904	0.10014751399465067	-0.13174494565023884	0.15354888543568784	-0.13730070948555922	0.1187236920768726	-0.1386604247617	0.15965220247473447	-0.21167060983067842	0.14694798572477136	-0.1364207849385426	0.2702785131833689	-0.5806708731019408	1.0000000000000029	-0.2305859258944047	0.12778406935452993	-0.20926177059100956	0.24947190680061554	-0.6155190785827884	0.22188718258667567	-0.14098899912166607	0.1563059432233904	-0.1492456516737624	0.18166217858614173	-0.15458166894243183	0.11855775851478091	-0.10940020215737878	0.152740611094869	-0.14067553161646185	0.1157959574477835	-0.11936093499204753	0.13208258426749672	-0.11680959533851731	0.09243377747350681	-0.09165161987571858	0.09292778448820074
0.08839321855174725	-0.08094093766672647	0.20498465512695557	-0.1742498599977396	0.1848557887919321	-0.12044487692018072	0.1570768413145421	-0.22563263626847463	0.24951156252194007	-0.25931625261629554	0.15002693132770623	-0.20238248734605413	0.22967618903830958	-0.42553895267149666	0.314572050917239	-0.1947199154640314	0.17318545574193456	-0.2305859258944047	1.0000000000000027	-0.5457146299866863	0.16289364557300795	-0.24806139150000475	0.21104057856063085	-0.35405503278157757	0.20709969407328438	-0.16901039130409432	0.14721201126643926	-0.1799251294713875	0.17063317984389287	-0.17507421333724169	0.12462082311151877	-0.18842731016020225	0.1515857960066049	-0.14051238942236166	0.14458851045657084	-0.16910395372070047	0.13153012465481095	-0.10958925291893876	0.10812897902368518	-0.11833047975227509
-0.06521401404496839	0.05840550967284043	-0.15913785605734893	0.1262827387789548	-0.15477167750499526	0.08120118727017542	-0.1111387380323329	0.15566169596534615	-0.2086506450371107	0.19963418696414104	-0.10459526673031873	0.13261144120753554	-0.17235780505963408	0.2606579270761994	-0.7042575679936469	0.11525765289971869	-0.10733505160798085	0.12778406935452993	-0.5457146299866863	1.0000000000000009	-0.09970840415070724	0.14566925994447144	-0.13347366162554355	0.21027715278811943	-0.2206663395820338	0.10314113567117396	-0.09232938931083173	0.11438871992465785	-0.12014245053137618	0.14087505803362455	-0.07708897661956318	0.11656236750769997	-0.099137765409767	0.09605333657837684	-0.10441968772520835	0.10319389421628208	-0.08584017096840196	0.07138466359648858	-0.07292304676056813	0.07986115260244511
0.06067348575443328	-0.05256058724088672	0.12972416965865058	-0.08480861860104273	0.09989854538624875	-0.092603424969429	0.10724271176665243	-0.11358111816202422	0.10837367627799373	-0.09599047098998416	0.12919842952770366	-0.12286857086048242	0.12358692780499862	-0.10742652137732632	0.10964592427270069	-0.527251806710487	0.25352169374260336	-0.20926177059100956	0.16289364557300795	-0.09970840415070724	1.0000000000000022	-0.5816300881990868	0.23137823429715687	-0.1878679343757483	0.13477288188057435	-0.4278934707908736	0.23596594570228985	-0.20467316019635678	0.16711012160368083	-0.12035996713008454	0.18000116981419992	-0.21154702826849173	0.16779232537645092	-0.1300608939467023	0.1311396131230469	-0.19739102041381115	0.14499108197656926	-0.11117665987152806	0.10590018046648096	-0.10514924589300828
-0.09105309963850715	0.07743528740778817	-0.19895718567968818	0.12610006986663963	-0.15299498425707747	0.11663171086190087	-0.14991633304308938	0.16023709566132577	-0.1619666074008441	0.14113234783068665	-0.16883899248995707	0.1618532265737472	-0.17711561903022988	0.15585591843420418	-0.1648833760775802	0.2981125428435918	-0.3235373441516745	0.24947190680061554	-0.24806139150000475	0.14566925994447144	-0.5816300881990868	1.0000000000000022	-0.3829143995466934	0.24768752558944676	-0.1917003537204007	0.27144944634198753	-0.2939867540659566	0.24094425984891094	-0.22991581245403864	0.1622269759336199	-0.1850716686815149	0.23159362301546962	-0.2179276552533823	0.17002295531221276	-0.18093311146418084	0.19912447491911894	-0.1914770653149033	0.14214119029403968	-0.14278228383566569	0.13797432359065517
0.07091504010096995	-0.06219110954057412	0.1547125711620755	-0.10512040748739702	0.1204995598296333	-0.10184091989257577	0.12678946243381742	-0.14955059799335263	0.13602862026121298	-0.12240677277920807	0.13681157750994916	-0.1540365233657883	0.16753829559835273	-0.14333513678911292	0.13907520670939125	-0.2983847212562231	0.28485081630432285	-0.6155190785827884	0.21104057856063085	-0.13347366162554355	0.23137823429715687	-0.3829143995466934	1.0000000000000029	-0.3793845658100311	0.18605933464686625	-0.21174992103298107	0.20277432688533298	-0.3194082846187952	0.20820551794808406	-0.16237481456127864	0.14494035300739216	-0.2119106340942071	0.1892291653286579	-0.15902648659070626	0.15742904948441486	-0.1791803769755503	0.15183783783166957	-0.12434353577744371	0.12084387640336411	-0.12480747156243019
-0.09969935511412943	0.08471125003565681	-0.22570615294635668	0.14613045036746564	-0.17969688314848684	0.1145422058839106	-0.1536556414645271	0.1777226658186131	-0.19439037230310383	0.1706324564356442	-0.16083380506051556	0.16526258119225928	-0.19522685114797325	0.19235619115215802	-0.2228915577228907	0.19633147414811308	-0.20079105749251117	0.22188718258667567	-0.35405503278157757	0.21027715278811943	-0.1878679343757483	0.24768752558944676	-0.3793845658100311	1.0000000000000002	-0.5077947951769124	0.18938892518356135	-0.1885442903151098	0.23848973409825724	-0.32520844567295176	0.27652175398334644	-0.14773432405892453	0.21829407594040168	-0.2242504901727929	0.21642233797695387	-0.26150085204306794	0.1860232034003405	-0.19878407529747044	0.15543980381296474	-0.17290809371877913	0.17280362131222282
0.057145652418226306	-0.04962990699562906	0.12887183871562843	-0.09004986474400768	0.10630071259750427	-0.0708224417807922	0.09211529137307173	-0.11123424184128769	0.12007048979218608	-0.11358092770940781	0.09595735819391199	-0.10479150339986602	0.1182658353075989	-0.12912099530122295	0.16490714937006917	-0.13850784184182888	0.12465371481898468	-0.14098899912166607	0.20709969407328438	-0.2206663395820338	0.13477288188057435	-0.1917003537204007	0.18605933464686625	-0.5077947951769124	1.0000000000000007	-0.15830888793255393	0.1492407803160723	-0.2069467137976551	0.2604871186403125	-0.6736924194785278	0.12229872895176139	-0.1923300911672901	0.17962850663419247	-0.21584274037806836	0.2421688206511388	-0.16255031774368608	0.15083559095593718	-0.1328781003595289	0.14475291903026274	-0.17419493160557104
-0.060934717126989814	0.051917808223792564	-0.13370744250399144	0.08553863081103512	-0.10359212250052521	0.07767823864720184	-0.09871712426752247	0.10756717508089013	-0.10963272593648397	0.09649435583732957	-0.11097566570295646	0.10723729612184034	-0.11726510541947639	0.1061132713924159	-0.11437753949985356	0.20976157722850927	-0.1758600486898264	0.1563059432233904	-0.16901039130409432	0.10314113567117396	-0.4278934707908736	0.27144944634198753	-0.21174992103298107	0.18938892518356135	-0.15830888793255393	0.9999999999999987	-0.5869566161709122	0.2650912021804807	-0.22460208738179852	0.14256976849152622	-0.41283704297161183	0.28563867285322253	-0.23575469093209522	0.1651040171920073	-0.16738674814787202	0.26164598090699104	-0.2016072623471645	0.1456525254333898	-0.1381751401675106	0.13104879038728737
0.052206610391911795	-0.04470785482529035	0.11457017593817037	-0.07435084070280452	0.08918822105505098	-0.06728577605145537	0.08508072310452888	-0.09431889076991061	0.09519751889695788	-0.08460114143779451	0.09433027403543152	-0.09418411889741407	0.10234859154808057	-0.0933880371123743	0.10021062566713765	-0.17988174859452635	0.14880384707215555	-0.1492456516737624	0.14721201126643926	-0.09232938931083173	0.23596594570228985	-0.2939867540659566	0.20277432688533298	-0.1885442903151098	0.1492407803160723	-0.5869566161709122	1.000000000000001	-0.5151271341642297	0.23164841873896191	-0.14580853038258332	0.24189541034877157	-0.4193457798698388	0.25138052754292517	-0.1776978285147185	0.16236378014164982	-0.24122296390877612	0.18322797379733904	-0.14675165063083864	0.13317457831533913	-0.131085340865969
-0.061738246801529284	0.05278650548668171	-0.13656774647234812	0.08866418171589013	-0.10675975138888642	0.07699381287268667	-0.09939895109971948	0.1117876370853855	-0.11432960248097741	0.10155429661584778	-0.10799047419657073	0.10953813797747661	-0.12232251060232492	0.11254489103370172	-0.12289793511292581	0.1748268156322438	-0.16614150246573828	0.18166217858614173	-0.1799251294713875	0.11438871992465785	-0.20467316019635678	0.24094425984891094	-0.3194082846187952	0.23848973409825724	-0.2069467137976551	0.2650912021804807	-0.5151271341642297	1.0000000000000002	-0.47791557688521374	0.2046336934745841	-0.19379740409104879	0.2884004341431435	-0.420140119398106	0.2517815183134294	-0.22514449008995352	0.20848483019611874	-0.21889802843565034	0.18419369781048434	-0.1748286245230382	0.16818485020472562
0.055993611169254116	-0.04825753329230112	0.12398448308657838	-0.08293609330327957	0.09840066004087084	-0.07069004171898317	0.0904056989325824	-0.10403996077855023	0.10681308662525243	-0.09737377970976724	0.09719055962794468	-0.10157221923640423	0.11147982193833368	-0.10782900664025984	0.12020670228824885	-0.15911774568375534	0.1392257661726785	-0.15458166894243183	0.17063317984389287	-0.12014245053137618	0.16711012160368083	-0.22991581245403864	0.20820551794808406	-0.32520844567295176	0.2604871186403125	-0.22460208738179852	0.23164841873896191	-0.47791557688521374	1.0000000000000002	-0.4248293984815792	0.16634114068909614	-0.2737634031146089	0.28136583856390474	-0.5002527147605148	0.28986282858394263	-0.2108371316237508	0.19860250592226697	-0.18433132532446878	0.1948439209231193	-0.21460458362235796
-0.0508961038102236	0.04375005469417036	-0.1147296475831116	0.07718245706714172	-0.09306538428301385	0.06140676137141342	-0.08053637078292969	0.09477021408652675	-0.10279121897818608	0.09361476690989717	-0.08463064561800791	0.08929549922718091	-0.10211232474462907	0.10539614509420903	-0.13453041449249	0.118277382171957	-0.10879330902419278	0.11855775851478091	-0.17507421333724169	0.14087505803362455	-0.12035996713008454	0.1622269759336199	-0.16237481456127864	0.27652175398334644	-0.6736924194785278	0.14256976849152622	-0.14580853038258332	0.2046336934745841	-0.4248293984815792	0.9999999999999978	-0.11364217665981398	0.1781125288609525	-0.1945608922980605	0.25102416366981783	-0.4201460447989928	0.14583254176499097	-0.15833139611502514	0.13660621198055686	-0.16661058318936883	0.18686213169946106
0.04465614146891831	-0.038040190334837	0.09837825069809104	-0.06316817409468005	0.07650651425663156	-0.055488975983729275	0.0710497539385366	-0.0786303808312372	0.08070946585976223	-0.07142091144563084	0.07831916691390603	-0.07732444972982595	0.08504455509341481	-0.07816757802334494	0.0848530880859915	-0.13549533927129156	0.11350488741291664	-0.10940020215737878	0.12462082311151877	-0.07708897661956318	0.18000116981419992	-0.1850716686815149	0.14494035300739216	-0.14773432405892453	0.12229872895176139	-0.41283704297161183	0.24189541034877157	-0.19379740409104879	0.16634114068909614	-0.11364217665981398	1.0000000000000002	-0.4399214004254655	0.21441960543982314	-0.14238978365195581	0.13986966453810973	-0.7113271316814044	0.20923908362558333	-0.15023189339273468	0.12509632511884802	-0.12056612328250578
-0.06694632812803751	0.05681861542992154	-0.14831924786133294	0.09470996269098181	-0.11550346736398957	0.08019346905339078	-0.10446754571789715	0.11633046004984286	-0.12123746276435651	0.10704076909483501	-0.11364519604003696	0.11236597705622862	-0.12596936765980915	0.11681262155609912	-0.12856954011737434	0.16886239479771387	-0.15430773302423623	0.152740611094869	-0.18842731016020225	0.11656236750769997	-0.21154702826849173	0.23159362301546962	-0.2119106340942071	0.21829407594040168	-0.1923300911672901	0.28563867285322253	-0.4193457798698388	0.2884004341431435	-0.2737634031146089	0.1781125288609525	-0.4399214004254655	0.9999999999999993	-0.49720598474215505	0.23586023000426545	-0.233465065436487	0.29418071043969907	-0.31313300568183733	0.2236276669207386	-0.20110756917245493	0.1829779846354314
0.052352497344406265	-0.0449052843132446	0.11550313724967519	-0.0758604570902885	0.09067927548500282	-0.06570019951110034	0.08399848158376723	-0.09505532054446794	0.09703525944893883	-0.08727641369007799	0.09117756265734031	-0.0932852236638633	0.1021866510636416	-0.09595648362815591	0.10474291457713007	-0.15077230872736982	0.13135660140059494	-0.14067553161646185	0.1515857960066049	-0.099137765409767	0.16779232537645092	-0.2179276552533823	0.1892291653286579	-0.2242504901727929	0.17962850663419247	-0.23575469093209522	0.25138052754292517	-0.420140119398106	0.28136583856390474	-0.1945608922980605	0.21441960543982314	-0.49720598474215505	0.9999999999999987	-0.4381384076988794	0.2529185434120302	-0.2661154907856696	0.2786471754124526	-0.39064933287758685	0.23174728576364292	-0.23437909330424395
-0.04654564030681717	0.03988059774141032	-0.10341196512297286	0.0681337812032357	-0.08182565336295435	0.057068411502509624	-0.07382749017258777	0.08441680130589299	-0.08795936418311522	0.07930527752612347	-0.07921515344260337	0.08153280178996415	-0.0907768348167186	0.08746977120440874	-0.09913202796529123	0.12068164643154186	-0.10846075010892446	0.1157959574477835	-0.14051238942236166	0.09605333657837684	-0.1300608939467023	0.17002295531221276	-0.15902648659070626	0.21642233797695387	-0.21584274037806836	0.1651040171920073	-0.1776978285147185	0.2517815183134294	-0.5002527147605148	0.25102416366981783	-0.14238978365195581	0.23586023000426545	-0.4381384076988794	0.9999999999999993	-0.5658558952615541	0.1769490049673429	-0.2249102597385097	0.21358073310969067	-0.30588179245407854	0.26064073552769595
0.047045692052938216	-0.04052137382226908	0.10441890039260364	-0.06998655718686655	0.08317115876961147	-0.058595041812736184	0.07528370931888131	-0.08699234250110481	0.0902196705513	-0.08253526190203615	0.08053210608887608	-0.08426142148778613	0.09283685424003824	-0.0911365553599796	0.10331141233180591	-0.12586795122959332	0.11031668443168506	-0.11936093499204753	0.14458851045657084	-0.10441968772520835	0.1311396131230469	-0.18093311146418084	0.15742904948441486	-0.26150085204306794	0.2421688206511388	-0.16738674814787202	0.16236378014164982	-0.22514449008995352	0.28986282858394263	-0.4201460447989928	0.13986966453810973	-0.233465065436487	0.2529185434120302	-0.5658558952615541	0.9999999999999973	-0.1877635874156494	0.20424752106557487	-0.20512971878618583	0.26637678368965484	-0.4670986570366204
-0.06079464028787792	0.0514870509982048	-0.13469594307360688	0.08550636208004678	-0.10466500793737374	0.07221215157114527	-0.09430624765322312	0.10452438479054947	-0.10927907730217873	0.0961692193310783	-0.10280569677546164	0.10073086296202897	-0.11314355390392952	0.10462095624001513	-0.11501010703885156	0.1501009485435895	-0.1370244912296073	0.13208258426749672	-0.16910395372070047	0.10319389421628208	-0.19739102041381115	0.19912447491911894	-0.1791803769755503	0.1860232034003405	-0.16255031774368608	0.26164598090699104	-0.24122296390877612	0.20848483019611874	-0.2108371316237508	0.14583254176499097	-0.7113271316814044	0.29418071043969907	-0.2661154907856696	0.1769490049673429	-0.1877635874156494	0.9999999999999977	-0.3604452490601304	0.20079106637180744	-0.17341265491205995	0.1574144273976006
0.045758906729691524	-0.03927275476796572	0.10083656440957439	-0.06638140660782879	0.07919323091799624	-0.05743469647661131	0.07324669339942494	-0.08288890504340261	0.08457847059917438	-0.07630935689346928	0.07951827894019538	-0.08139718644936082	0.08864302974875528	-0.08353527979225762	0.0908669404172065	-0.13111637570497214	0.11212192583739518	-0.11680959533851731	0.13153012465481095	-0.08584017096840196	0.14499108197656926	-0.1914770653149033	0.15183783783166957	-0.19878407529747044	0.15083559095593718	-0.2016072623471645	0.18322797379733904	-0.21889802843565034	0.19860250592226697	-0.15833139611502514	0.20923908362558333	-0.31313300568183733	0.2786471754124526	-0.2249102597385097	0.20424752106557487	-0.3604452490601304	0.9999999999999976	-0.6943208130602608	0.26645981096663235	-0.2914898614232966
-0.03776822834982249	0.03229505304153296	-0.08359553525170153	0.054587814875657614	-0.06566463436632239	0.046343271085070685	-0.059761908809207086	0.0676303137628382	-0.06990626000552141	0.06269298903391149	-0.06456912268628431	0.06569791674189142	-0.07265749583203944	0.06869312801908474	-0.07592119924338753	0.10010757484713384	-0.088629506666584	0.09243377747350681	-0.10958925291893876	0.07138466359648858	-0.11117665987152806	0.14214119029403968	-0.12434353577744371	0.15543980381296474	-0.1328781003595289	0.1456525254333898	-0.14675165063083864	0.18419369781048434	-0.18433132532446878	0.13660621198055686	-0.15023189339273468	0.2236276669207386	-0.39064933287758685	0.21358073310969067	-0.20512971878618583	0.20079106637180744	-0.6943208130602608	0.9999999999999976	-0.4540647382391732	0.2580415242897277
0.036565232379492905	-0.03138822977617675	0.08091908647941554	-0.05350192121357748	0.06389846387667983	-0.045384834533647334	0.058260031144922855	-0.06649602467685413	0.06856021374310606	-0.06205837802677974	0.06273970667148215	-0.0647112157912972	0.07112708067398965	-0.0681481975242269	0.07563103563380008	-0.09898458541748746	0.08639754400649627	-0.09165161987571858	0.10812897902368518	-0.07292304676056813	0.10590018046648096	-0.14278228383566569	0.12084387640336411	-0.17290809371877913	0.14475291903026274	-0.1381751401675106	0.13317457831533913	-0.1748286245230382	0.1948439209231193	-0.16661058318936883	0.12509632511884802	-0.20110756917245493	0.23174728576364292	-0.30588179245407854	0.26637678368965484	-0.17341265491205995	0.26645981096663235	-0.4540647382391732	0.999999999999998	-0.7164035163368488
-0.03952984826175779	0.03380146447707506	-0.08790474048572627	0.057644882081819365	-0.06948067021897894	0.04786317232551449	-0.06214743822337147	0.07096374970293412	-0.07430846640217027	0.0668344121565706	-0.06656621775763241	0.06822612385079072	-0.07618680977350153	0.0734420517658321	-0.08336482150939918	0.09822942881135442	-0.0881442849183279	0.09292778448820074	-0.11833047975227509	0.07986115260244511	-0.10514924589300828	0.13797432359065517	-0.12480747156243019	0.17280362131222282	-0.17419493160557104	0.13104879038728737	-0.131085340865969	0.16818485020472562	-0.21460458362235796	0.18686213169946106	-0.12056612328250578	0.1829779846354314	-0.23437909330424395	0.26064073552769595	-0.4670986570366204	0.1574144273976006	-0.2914898614232966	0.2580415242897277	-0.7164035163368488	0.9999999999999979
