1.0	-0.7290267375395694	0.22855729931232913	-0.11235312194111648	0.11535514532013802	-0.5442143451302779	0.23494815872228703	-0.18678230733813492	0.06515655016212248	-0.07431119963551373	0.16681979626247512	-0.17052219534119048	0.15026027462592684	-0.06859742118575161	0.060799491021308764	-0.10245507241596241	0.12192046399092472	-0.099596247340659	0.08970614360754757	-0.0729801257880112	0.08738850858358506	-0.08533435917643016	0.09789788329554894	-0.07315213179308266	0.06879037478732958
-0.7290267375395694	1.0	-0.4173619961567775	0.15010942965911933	-0.1672332969473269	0.29570485532955815	-0.27686618048456557	0.22237093024199026	-0.08352878651552918	0.09257617428092994	-0.21064828946817843	0.18383527415828996	-0.19836624770748637	0.0857712864300002	-0.07705100733829316	0.12136540865340688	-0.15115958768620832	0.123075121745228	-0.11467884614366561	0.08999114371491716	-0.10943611444066778	0.1035333234447723	-0.12510031900636784	0.09085415239476315	-0.08722283593479471
0.22855729931232913	-0.4173619961567775	1.0000000000000002	-0.35718336948729684	0.24164918559027693	-0.2890946521692973	0.25478191918106513	-0.5903160424914112	0.11683613015144999	-0.13657140752271427	0.20653382640349088	-0.2256075538242257	0.2639143863890528	-0.12484069583658224	0.10648498054874495	-0.14226494601820214	0.16041560387512382	-0.17669596004053625	0.14713269886158112	-0.1267538424979643	0.12548644147123858	-0.12902051103404097	0.15270266709884134	-0.12206654364934566	0.11341511729616141
-0.11235312194111648	0.15010942965911933	-0.35718336948729684	1.0	-0.8577337603775926	0.13620189919059617	-0.133322386242089	0.18033912871500352	-0.1116105848510406	0.13421370748863437	-0.14601623096486496	0.12498834410056875	-0.16636567842364913	0.09859930535873725	-0.0978159713714411	0.0907006916409247	-0.10301202723295193	0.10871036754879942	-0.11045504657013062	0.097292628022035	-0.08612629111099511	0.08406766997595456	-0.10731512250512001	0.08712147596223471	-0.09140090853948718
0.11535514532013802	-0.1672332969473269	0.24164918559027693	-0.8577337603775926	1.0000000000000009	-0.15798646494019378	0.13821548357032062	-0.18724213636820264	0.12119984952101304	-0.17982807390240735	0.15914398670874277	-0.1406418485652476	0.16203488314693326	-0.11309278607684696	0.1114375277178015	-0.10205146446269732	0.111757774849629	-0.11890526046294733	0.11891067073485313	-0.11521759100689768	0.09400458994524757	-0.09409167191085002	0.11502079621825129	-0.09827505871446111	0.10138285484538294
-0.5442143451302779	0.29570485532955815	-0.2890946521692973	0.13620189919059617	-0.15798646494019378	1.0000000000000007	-0.573070245657022	0.23785982286182863	-0.0906073646040861	0.09986639319956768	-0.28921448036873987	0.25186408739476557	-0.22211078185731692	0.09385565821333972	-0.08416280915116882	0.15321891283720254	-0.19789402634548106	0.13844216480740815	-0.12839364625596522	0.09963041303380739	-0.13202335013763744	0.12378196359115745	-0.1435697892336169	0.10227060235335497	-0.09718555246190437
0.23494815872228703	-0.27686618048456557	0.25478191918106513	-0.133322386242089	0.13821548357032062	-0.573070245657022	1.0000000000000009	-0.4108281202967718	0.09497396538466572	-0.10652362744380416	0.2360892890643321	-0.5042030752928699	0.24385605492704782	-0.10238773405548228	0.08804468265997695	-0.17484541746771118	0.2187934837205428	-0.15652257275635095	0.13274585929790797	-0.10702401139678965	0.13724672515387426	-0.1382124165298654	0.14843667619444859	-0.10943760732422501	0.10005559470964709
-0.18678230733813492	0.22237093024199026	-0.5903160424914112	0.18033912871500352	-0.18724213636820264	0.23785982286182863	-0.4108281202967718	1.000000000000001	-0.1342969287746906	0.1320564896683296	-0.20040169676449732	0.23740430592747944	-0.5138137952064009	0.13642528441150653	-0.11136987460549583	0.14104636942114204	-0.17281398224546218	0.1997242174597882	-0.16569361264878782	0.12554519232856248	-0.1309236476981001	0.1316069279188803	-0.17289652709506229	0.12625455673690586	-0.11730799401106144
0.06515655016212248	-0.08352878651552918	0.11683613015144999	-0.1116105848510406	0.12119984952101304	-0.0906073646040861	0.09497396538466572	-0.1342969287746906	1.000000000000001	-0.6128665462223354	0.1135480962655417	-0.10756271684604964	0.17176465894483933	-0.6731866892865713	0.3033139516371926	-0.08287399895304952	0.09109308233505103	-0.13302691392168062	0.16462551212702708	-0.20776197258989573	0.08440830979740158	-0.08735263027446877	0.12248473922388411	-0.1307204844814832	0.1595043313948571
-0.07431119963551373	0.09257617428092994	-0.13657140752271427	0.13421370748863437	-0.17982807390240735	0.09986639319956768	-0.10652362744380416	0.1320564896683296	-0.6128665462223354	1.000000000000002	-0.1381130593753183	0.11834617311519795	-0.18816733569612812	0.32789094378758205	-0.5661905273380382	0.09771205103361827	-0.10996953264300172	0.15288024777476733	-0.2240529184571956	0.2527971396231996	-0.10637322007133886	0.10536652360184333	-0.15885842617704665	0.16542937463415297	-0.2431006945218802
0.16681979626247512	-0.21064828946817843	0.20653382640349088	-0.14601623096486496	0.15914398670874277	-0.28921448036873987	0.2360892890643321	-0.20040169676449732	0.1135480962655417	-0.1381130593753183	1.0000000000000007	-0.38057868875311607	0.22940477998172296	-0.12296277363092113	0.1126735134883783	-0.4064711191796503	0.2789298474799289	-0.18506571061599414	0.17126331794811891	-0.14499772080738255	0.22613847629237444	-0.21905264118983256	0.2000443127886142	-0.149748266565373	0.13631922058765897
-0.17052219534119048	0.18383527415828996	-0.2256075538242257	0.12498834410056875	-0.1406418485652476	0.25186408739476557	-0.5042030752928699	0.23740430592747944	-0.10756271684604964	0.11834617311519795	-0.38057868875311607	1.0000000000000004	-0.32377557300979887	0.11582382018672754	-0.10276830162965729	0.26125818895250413	-0.5390335218782248	0.18867355016477597	-0.16726989354672073	0.12555485718181741	-0.21042802623267243	0.19493332865651558	-0.20472111486253713	0.13517608562972158	-0.12391403930549841
0.15026027462592684	-0.19836624770748637	0.2639143863890528	-0.16636567842364913	0.16203488314693326	-0.22211078185731692	0.24385605492704782	-0.5138137952064009	0.17176465894483933	-0.18816733569612812	0.22940477998172296	-0.32377557300979887	1.0000000000000027	-0.23984083894227284	0.16309672469625466	-0.18747050666638312	0.20667572188889927	-0.4756268691335879	0.24513673826402635	-0.19726845614190344	0.17101599216969066	-0.19410602653773495	0.2472763545844251	-0.19894997990692406	0.16934681781900615
-0.06859742118575161	0.0857712864300002	-0.12484069583658224	0.09859930535873725	-0.11309278607684696	0.09385565821333972	-0.10238773405548228	0.13642528441150653	-0.6731866892865713	0.32789094378758205	-0.12296277363092113	0.11582382018672754	-0.23984083894227284	1.0000000000000004	-0.5299168397289296	0.09067616692155674	-0.10177931535299307	0.15720646605914043	-0.22047553619388693	0.23420289540173503	-0.09607484292119545	0.09827005816443184	-0.1463198982171989	0.15379217495083375	-0.20609923037745131
0.060799491021308764	-0.07705100733829316	0.10648498054874495	-0.0978159713714411	0.1114375277178015	-0.08416280915116882	0.08804468265997695	-0.11136987460549583	0.3033139516371926	-0.5661905273380382	0.1126735134883783	-0.10276830162965729	0.16309672469625466	-0.5299168397289296	1.0000000000000013	-0.08393439847405118	0.09198039556645268	-0.14262157320351676	0.20065209842631107	-0.4872781515748934	0.08907603053804908	-0.0928111209603377	0.13657665472653213	-0.1683105670186148	0.22850076837074162
-0.10245507241596241	0.12136540865340688	-0.14226494601820214	0.0907006916409247	-0.10205146446269732	0.15321891283720254	-0.17484541746771118	0.14104636942114204	-0.08287399895304952	0.09771205103361827	-0.4064711191796503	0.26125818895250413	-0.18747050666638312	0.09067616692155674	-0.08393439847405118	1.0000000000000013	-0.5980762266533443	0.16383284135691703	-0.14470521447495147	0.11075631341428242	-0.5324599168756106	0.27631328396095495	-0.21510867061627528	0.12804678535496872	-0.11118074406408895
0.12192046399092472	-0.15115958768620832	0.16041560387512382	-0.10301202723295193	0.111757774849629	-0.19789402634548106	0.2187934837205428	-0.17281398224546218	0.09109308233505103	-0.10996953264300172	0.2789298474799289	-0.5390335218782248	0.20667572188889927	-0.10177931535299307	0.09198039556645268	-0.5980762266533443	1.0000000000000007	-0.19177489047971716	0.15268890241599598	-0.12343419390470792	0.27281842412185703	-0.3239726813195468	0.20552770992377223	-0.13959965754858852	0.11644194592201262
-0.099596247340659	0.123075121745228	-0.17669596004053625	0.10871036754879942	-0.11890526046294733	0.13844216480740815	-0.15652257275635095	0.1997242174597882	-0.13302691392168062	0.15288024777476733	-0.18506571061599414	0.18867355016477597	-0.4756268691335879	0.15720646605914043	-0.14262157320351676	0.16383284135691703	-0.19177489047971716	1.0000000000000027	-0.5216903489824077	0.20207603492089427	-0.19997097357703433	0.2177528741384885	-0.5305104468522479	0.2605866043857254	-0.2019071645887079
0.08970614360754757	-0.11467884614366561	0.14713269886158112	-0.11045504657013062	0.11891067073485313	-0.12839364625596522	0.13274585929790797	-0.16569361264878782	0.16462551212702708	-0.2240529184571956	0.17126331794811891	-0.16726989354672073	0.24513673826402635	-0.22047553619388693	0.20065209842631107	-0.14470521447495147	0.15268890241599598	-0.5216903489824077	1.0000000000000022	-0.3916887098829332	0.1555144598709002	-0.1819808722656681	0.2856854413904443	-0.5415246421466064	0.28861165673189904
-0.0729801257880112	0.08999114371491716	-0.1267538424979643	0.097292628022035	-0.11521759100689768	0.09963041303380739	-0.10702401139678965	0.12554519232856248	-0.20776197258989573	0.2527971396231996	-0.14499772080738255	0.12555485718181741	-0.19726845614190344	0.23420289540173503	-0.4872781515748934	0.11075631341428242	-0.12343419390470792	0.20207603492089427	-0.3916887098829332	1.0000000000000013	-0.1278389637743523	0.130239360887138	-0.21576303149597445	0.282013946123323	-0.6053603331622909
0.08738850858358506	-0.10943611444066778	0.12548644147123858	-0.08612629111099511	0.09400458994524757	-0.13202335013763744	0.13724672515387426	-0.1309236476981001	0.08440830979740158	-0.10637322007133886	0.22613847629237444	-0.21042802623267243	0.17101599216969066	-0.09607484292119545	0.08907603053804908	-0.5324599168756106	0.27281842412185703	-0.19997097357703433	0.1555144598709002	-0.1278389637743523	1.0000000000000018	-0.6720142000228471	0.25226696488720274	-0.16009281888690197	0.12120550205824424
-0.08533435917643016	0.1035333234447723	-0.12902051103404097	0.08406766997595456	-0.09409167191085002	0.12378196359115745	-0.1382124165298654	0.1316069279188803	-0.08735263027446877	0.10536652360184333	-0.21905264118983256	0.19493332865651558	-0.19410602653773495	0.09827005816443184	-0.0928111209603377	0.27631328396095495	-0.3239726813195468	0.2177528741384885	-0.1819808722656681	0.130239360887138	-0.6720142000228471	1.0000000000000016	-0.49272427384060674	0.17498936029115278	-0.13959189565024407
0.09789788329554894	-0.12510031900636784	0.15270266709884134	-0.10731512250512001	0.11502079621825129	-0.1435697892336169	0.14843667619444859	-0.17289652709506229	0.12248473922388411	-0.15885842617704665	0.2000443127886142	-0.20472111486253713	0.2472763545844251	-0.1463198982171989	0.13657665472653213	-0.21510867061627528	0.20552770992377223	-0.5305104468522479	0.2856854413904443	-0.21576303149597445	0.25226696488720274	-0.49272427384060674	1.0000000000000007	-0.3936815063391433	0.21419921392216928
-0.07315213179308266	0.09085415239476315	-0.12206654364934566	0.08712147596223471	-0.09827505871446111	0.10227060235335497	-0.10943760732422501	0.12625455673690586	-0.1307204844814832	0.16542937463415297	-0.149748266565373	0.13517608562972158	-0.19894997990692406	0.15379217495083375	-0.1683105670186148	0.12804678535496872	-0.13959965754858852	0.2605866043857254	-0.5415246421466064	0.282013946123323	-0.16009281888690197	0.17498936029115278	-0.3936815063391433	1.000000000000001	-0.6038502536533157
0.06879037478732958	-0.08722283593479471	0.11341511729616141	-0.09140090853948718	0.10138285484538294	-0.09718555246190437	0.10005559470964709	-0.11730799401106144	0.1595043313948571	-0.2431006945218802	0.13631922058765897	-0.12391403930549841	0.16934681781900615	-0.20609923037745131	0.22850076837074162	-0.11118074406408895	0.11644194592201262	-0.2019071645887079	0.28861165673189904	-0.6053603331622909	0.12120550205824424	-0.13959189565024407	0.21419921392216928	-0.6038502536533157	1.0000000000000009
