1.0	-0.37550670925274077	0.10342907624804024	-0.07060346459864893	0.09199911373855794	-0.8137880243115141	0.22835646573114252	-0.12201110571199626	0.05639059060929975	-0.02796937955135588	0.26101024662024364	-0.22183367853397268	0.15991995647146123	-0.0639184291576851	0.029214555481573326	-0.2092822059870829	0.1636887422753401	-0.18187951459593388	0.04350648671167486	-0.04778780451887612	0.030790589906120415	-0.024154314065384867	0.021548454936281193	-0.02419437757744681	0.025124372096837475	-0.021932778022414702	0.020139148643296904	-0.021912188650564653	0.02012780610141831	-0.024891392631472435	0.01446787729329808	-0.016332529825789536	0.01663971867024416	-0.017404634759288273	0.019683648114854478	-0.01587401041752819	0.015328936845670839	-0.02032375332106488	0.007421083626700819	-0.007186574631296301
-0.37550670925274077	1.0000000000000004	-0.25282902741139995	0.14139951356284122	-0.20049344038714623	0.24983860097808105	-0.6387765692289772	0.22538905034012335	-0.10987481967093764	0.05276930596951567	-0.3057177600760722	0.3064268922987854	-0.3086328775269086	0.11735124792824046	-0.05608987016478598	0.18893688482159832	-0.25356600919338873	0.21581512603612363	-0.055581242149431845	0.05849537613581164	-0.0381102729992327	0.0298786983439703	-0.027244170957397243	0.030436430753058522	-0.0321439701089738	0.02676596791651274	-0.025315794193303747	0.027356394545988344	-0.025537800497497935	0.03120682822995355	-0.018062910399018046	0.020328097910154164	-0.021018288316945813	0.022038091812027635	-0.02529759084543973	0.019713914588108415	-0.01937380319047482	0.02535835920514598	-0.009463777527352843	0.009131922721384474
0.10342907624804024	-0.25282902741139995	1.0000000000000009	-0.4266008530342944	0.28306013401302577	-0.091493960975964	0.18369524789852032	-0.7823155570383302	0.18166532580268235	-0.07783625472919602	0.11228568611696531	-0.16287027793822328	0.1570692297161774	-0.18906109669686902	0.07634119812934818	-0.08416363068063563	0.10456960888327886	-0.13083285417916893	0.03739597400928539	-0.04010914789404468	0.020279300579455633	-0.016229024861729273	0.01588159905312309	-0.01856909620001846	0.019810093760650984	-0.014828347642347002	0.01411849338557019	-0.01597451439831288	0.015323847442287939	-0.019224111983985145	0.010207995449474302	-0.011592399284113803	0.01218695554905274	-0.013169269829371638	0.015057179212985465	-0.011222394267944424	0.011093522334439457	-0.014739895851146705	0.005595244123120902	-0.00540399681039078
-0.07060346459864893	0.14139951356284122	-0.4266008530342944	1.000000000000001	-0.7489375046868247	0.061356374703030576	-0.11021292421687401	0.2741578351666698	-0.35970830711542584	0.11497412005619409	-0.08366501003524054	0.11280637967714714	-0.13343437504901592	0.25067247388086145	-0.11607693588645342	0.06424868052116733	-0.08195055629522872	0.10828990358033252	-0.03573683291512065	0.03787389441691704	-0.01750866672557167	0.014090695819303382	-0.01421839857671812	0.016920935228769887	-0.018204145550431542	0.012950912293938875	-0.012425417523470868	0.014275144737659751	-0.013905145114733439	0.017533012969565644	-0.009019939200920897	0.01027032324551101	-0.010898519145908392	0.011915444847364683	-0.013657671585902595	0.009929666057267266	-0.009875263932687688	0.013150473566635889	-0.005051425442740889	0.004875572301034961
0.09199911373855794	-0.20049344038714623	0.28306013401302577	-0.7489375046868247	1.0000000000000007	-0.08282815178300221	0.1436514114984827	-0.37276896912231294	0.25933324772281835	-0.14494523905947915	0.10879261474033418	-0.15753308384750056	0.16637218376013563	-0.33065274556915003	0.12771177279972143	-0.08817007097830576	0.10758826881591133	-0.1554929068830281	0.04934419844296222	-0.053615749792348136	0.02430997557973891	-0.019649983743514253	0.019871712785277735	-0.023730922675801222	0.025469485320841086	-0.01815730212821634	0.017349606809457623	-0.02004297478751688	0.01947219596779884	-0.02476385464771945	0.012647436949507719	-0.014429126573665444	0.015293760931448613	-0.016738193145843332	0.019102022878383675	-0.013964135717545016	0.013847498892480178	-0.018540002864887856	0.007084548397413561	-0.00684683165049057
-0.8137880243115141	0.24983860097808105	-0.091493960975964	0.061356374703030576	-0.08282815178300221	1.000000000000001	-0.25913144990071973	0.10422086882667408	-0.0499418920718952	0.024543925064111252	-0.40123427036826725	0.1939066671711936	-0.14870904571311352	0.05586427313512133	-0.025826461345438704	0.1903864560188104	-0.1642822176598008	0.15218196704251288	-0.03668648255152397	0.03980432423518479	-0.02712728638100947	0.021129974269242575	-0.018531219149134134	0.020588975134495917	-0.021327780813832464	0.018972199795180274	-0.017475028809068503	0.018775237938501506	-0.017173133745998992	0.021043315254532843	-0.012455580285317496	0.014019060941964062	-0.01424501119131347	0.014824141451472069	-0.01680171085689104	0.013616708457547262	-0.013151240062480881	0.017341815354211768	-0.006330712670797462	0.006125774875217899
0.22835646573114252	-0.6387765692289772	0.18369524789852032	-0.11021292421687401	0.1436514114984827	-0.25913144990071973	1.000000000000001	-0.2558190360369177	0.08801177078671275	-0.04125388791660374	0.21813554194045348	-0.5788130925651104	0.24577307751476524	-0.09670564869348955	0.04317516681797229	-0.15278334140837055	0.1799942761368179	-0.19243476467074053	0.04610685322500657	-0.049366083136495126	0.028963055357663983	-0.022956649843373558	0.0212977689529532	-0.024172583571634397	0.02538823354786646	-0.02062528915962152	0.019439622781048604	-0.021391129337979896	0.020038669731941433	-0.024740872806003494	0.013873870625353573	-0.015666690682020902	0.016212488370792203	-0.01721201241544538	0.01962850925399502	-0.015176391665951533	0.014857145109716266	-0.019609747775562358	0.007328383093002447	-0.007079393342316559
-0.12201110571199626	0.22538905034012335	-0.7823155570383302	0.2741578351666698	-0.37276896912231294	0.10422086882667408	-0.2558190360369177	1.000000000000002	-0.20991744530931683	0.08358583541769098	-0.1365447783730898	0.18077536796402477	-0.20167669404213406	0.18094367136710718	-0.08672535593306646	0.09709369843615676	-0.12670542865329773	0.14489330480474416	-0.041572364442137036	0.04395920166186061	-0.023391001667551935	0.018615385021721827	-0.018056065757433317	0.020927852913612904	-0.02237456374209114	0.016956010771207498	-0.0161693785842755	0.018130540903091383	-0.017359565681543863	0.021628091567663342	-0.011671663752684816	0.013227378689559848	-0.01389512613238603	0.014929913402646464	-0.01713075459172491	0.012807592462565368	-0.012682400352376343	0.01676807587643505	-0.006366689926802484	0.006144269257910425
0.05639059060929975	-0.10987481967093764	0.18166532580268235	-0.35970830711542584	0.25933324772281835	-0.0499418920718952	0.08801177078671275	-0.20991744530931683	1.0000000000000009	-0.22425598677766714	0.0702794094509322	-0.10626604449363086	0.1439008855744307	-0.8240434154411413	0.18488049337744042	-0.05668144721602147	0.07256881426309218	-0.11285198231979915	0.042492073959755045	-0.04458164215755048	0.01612827757357773	-0.013237586370339654	0.013960036531295433	-0.0173310162983686	0.018388545041155613	-0.01201624452148186	0.011677025270615931	-0.013850276962075374	0.013778002337335117	-0.017437151905179873	0.008331006677175503	-0.009519645199719939	0.010191007402661248	-0.011542861739246131	0.013152540481463552	-0.009135948540422073	0.009086198464717737	-0.012192068275568384	0.004792530762580473	-0.004621999703952074
-0.02796937955135588	0.05276930596951567	-0.07783625472919602	0.11497412005619409	-0.14494523905947915	0.024543925064111252	-0.04125388791660374	0.08358583541769098	-0.22425598677766714	1.0000000000000004	-0.03543277438633562	0.048829617369600696	-0.06521895926168665	0.1893965200882507	-0.9441007372159932	0.028270805580222096	-0.036730578724019816	0.0535726719569937	-0.03020129972352017	0.032068557841465194	-0.009626886326813107	0.007947955608912427	-0.00882016458859078	0.011220312374755497	-0.012417395352257114	0.0072169432033471455	-0.007129511026760315	0.008647275523495803	-0.008934780935259068	0.011197703994532737	-0.005060968304539937	0.005800483282914481	-0.006314324017878655	0.00734643779762252	-0.008460532815472023	0.005534608939980101	-0.005561921451261078	0.007465988568943327	-0.0030324229984419844	0.0029149365245810226
0.26101024662024364	-0.3057177600760722	0.11228568611696531	-0.08366501003524054	0.10879261474033418	-0.40123427036826725	0.21813554194045348	-0.1365447783730898	0.0702794094509322	-0.03543277438633562	1.0000000000000013	-0.33303330339295856	0.22190243118053443	-0.08146649625480877	0.037067016814034154	-0.6269348686125188	0.2964591599378001	-0.30877180788588654	0.07055022573902212	-0.07803537670948478	0.05553759956990285	-0.04307790548236371	0.03634276439908059	-0.04019411685124385	0.04099496306072607	-0.038592035746232455	0.034660311335785766	-0.03705206858173759	0.03332729305579542	-0.04083253122759636	0.024636017476215466	-0.027721312557704852	0.02773759141857354	-0.028711929024520695	0.032211504580954446	-0.026942851298480376	0.025629258956712597	-0.03396965806025197	0.012192351797482688	-0.011821133266755497
-0.22183367853397268	0.3064268922987854	-0.16287027793822328	0.11280637967714714	-0.15753308384750056	0.1939066671711936	-0.5788130925651104	0.18077536796402477	-0.10626604449363086	0.048829617369600696	-0.33303330339295856	1.0	-0.5292532287700137	0.11830656075604444	-0.05253189621738825	0.2032684244867545	-0.29195271859609195	0.26560764413448495	-0.06265887785730861	0.06562383584277771	-0.03920347160184536	0.031189190786960638	-0.028736218762205005	0.03238045233990802	-0.03395522574637171	0.02757661148296975	-0.026228113871717532	0.028652139655591248	-0.02682907284612407	0.032844833508678103	-0.018509156390626304	0.020853461603364168	-0.021587040442232457	0.022931006727902586	-0.02621175962146975	0.020165741882084916	-0.019776845713439725	0.02597993480842651	-0.009755028370965795	0.009413373082492973
0.15991995647146123	-0.3086328775269086	0.1570692297161774	-0.13343437504901592	0.16637218376013563	-0.14870904571311352	0.24577307751476524	-0.20167669404213406	0.1439008855744307	-0.06521895926168665	0.22190243118053443	-0.5292532287700137	1.0000000000000002	-0.2020532289102663	0.06892046692048023	-0.19957947640574228	0.2548322081714068	-0.616785056140983	0.10497447325071882	-0.11333748892824393	0.046304598562918485	-0.038274987143437716	0.03921026223428151	-0.04660712605566869	0.04832952365490592	-0.03409085305813045	0.032893282314331064	-0.03860704574424535	0.037108425932402066	-0.04658460871262189	0.023141528280907316	-0.026344377438632362	0.027786129496051547	-0.031073353154211766	0.03512751952722197	-0.025291664059490605	0.024868076022492507	-0.03332173530166352	0.012868827814617692	-0.01242690498402706
-0.0639184291576851	0.11735124792824046	-0.18906109669686902	0.25067247388086145	-0.33065274556915003	0.05586427313512133	-0.09670564869348955	0.18094367136710718	-0.8240434154411413	0.1893965200882507	-0.08146649625480877	0.11830656075604444	-0.2020532289102663	0.9999999999999999	-0.23271394080869795	0.06455615102445715	-0.08499253408262782	0.12719529908988045	-0.05165236004928183	0.051716724291466676	-0.018784361449314245	0.015397794692036348	-0.016324520337363736	0.02029859130411365	-0.0215606145317584	0.013957814727675799	-0.013605187289548565	0.01613441519547895	-0.016131463892636994	0.02029563209618106	-0.009689816734114232	0.011067438100524452	-0.01187230679347376	0.013468758836124285	-0.015390149758849479	0.010613088034948833	-0.01057837688792361	0.014163751470566017	-0.005594477430619273	0.005390964750536001
0.029214555481573326	-0.05608987016478598	0.07634119812934818	-0.11607693588645342	0.12771177279972143	-0.025826461345438704	0.04317516681797229	-0.08672535593306646	0.18488049337744042	-0.9441007372159932	0.037067016814034154	-0.05253189621738825	0.06892046692048023	-0.23271394080869795	1.0000000000000004	-0.03004135155139202	0.03866505252239783	-0.0585485466165362	0.032444480473309584	-0.03565883047222652	0.010223680148345788	-0.008469086554053306	0.009421294181894458	-0.012044170082365007	0.01329233467590919	-0.007685709388359024	0.007591433386276794	-0.00924558225673187	0.009549120602710435	-0.012026334071537253	0.005383030280226107	-0.006174454935408003	0.006721128118445453	-0.007848010759919066	0.009013318499584835	-0.005888508449437951	0.005909587674985581	-0.007952988768914943	0.00322971085603375	-0.0031060702819840236
-0.2092822059870829	0.18893688482159832	-0.08416363068063563	0.06424868052116733	-0.08817007097830576	0.1903864560188104	-0.15278334140837055	0.09709369843615676	-0.05668144721602147	0.028270805580222096	-0.6269348686125188	0.2032684244867545	-0.19957947640574228	0.06455615102445715	-0.03004135155139202	0.9999999999999999	-0.6376594874897343	0.2469873409048612	-0.05863244178364329	0.061979575334779706	-0.06719584855251648	0.048534976311959376	-0.03605531628294252	0.03722411477946941	-0.03680690642323473	0.04116275428501017	-0.03671044504101438	0.03635214177905082	-0.031275895363266644	0.03645898599541417	-0.02498765695421444	0.027653665825642153	-0.026807006474748353	0.026721971385275142	-0.029941143275680513	0.026819275530951352	-0.025112807070949126	0.032528892738241874	-0.011386495904437889	0.01102304769663124
0.1636887422753401	-0.25356600919338873	0.10456960888327886	-0.08195055629522872	0.10758826881591133	-0.1642822176598008	0.1799942761368179	-0.12670542865329773	0.07256881426309218	-0.036730578724019816	0.2964591599378001	-0.29195271859609195	0.2548322081714068	-0.08499253408262782	0.03866505252239783	-0.6376594874897343	0.9999999999999992	-0.5243566585801215	0.09484674448860951	-0.10293017996657264	0.06774678376125359	-0.05769107751706373	0.04674035557017858	-0.050891271906684805	0.05100193624414648	-0.04673908237454267	0.0440713306121173	-0.04644460196777311	0.041571147377860516	-0.05013452380231185	0.02966147024990681	-0.033263897789362354	0.03339840186098988	-0.035114507067205286	0.039346270762876806	-0.03208395022372286	0.03061620779817103	-0.04035309674183903	0.014717119691057162	-0.014241520791820764
-0.18187951459593388	0.21581512603612363	-0.13083285417916893	0.10828990358033252	-0.1554929068830281	0.15218196704251288	-0.19243476467074053	0.14489330480474416	-0.11285198231979915	0.0535726719569937	-0.30877180788588654	0.26560764413448495	-0.616785056140983	0.12719529908988045	-0.0585485466165362	0.2469873409048612	-0.5243566585801215	0.9999999999999992	-0.17895292305114147	0.14789187902737222	-0.063591736140808	0.0528999343801286	-0.055933561434136594	0.06487662860471598	-0.06713716471479861	0.04548631210859967	-0.045258826049824244	0.0527609975899076	-0.05157980384512451	0.062003231613363435	-0.030898038920617682	0.034982147036249696	-0.03724152214723747	0.04204232110591297	-0.048208424494860784	0.03335048188251003	-0.033155172800305846	0.04375634414793722	-0.01738206096836834	0.0166997913927883
0.04350648671167486	-0.055581242149431845	0.03739597400928539	-0.03573683291512065	0.04934419844296222	-0.03668648255152397	0.04610685322500657	-0.041572364442137036	0.042492073959755045	-0.03020129972352017	0.07055022573902212	-0.06265887785730861	0.10497447325071882	-0.05165236004928183	0.032444480473309584	-0.05863244178364329	0.09484674448860951	-0.17895292305114147	0.9999999999999991	-0.9202113669535539	0.0798583231306533	-0.07541653293160853	0.10906287372923963	-0.20079243939447483	0.16954731918939547	-0.06422855818223147	0.06916042522315327	-0.10164296543046998	0.11801522969845434	-0.1483276047220786	0.04504541620447318	-0.05275166058673582	0.060851700417502264	-0.0860901996365428	0.09432498368271014	-0.04792050036878979	0.04838986067880404	-0.06814429314970842	0.03148118623183488	-0.030197882607260196
-0.04778780451887612	0.05849537613581164	-0.04010914789404468	0.03787389441691704	-0.053615749792348136	0.03980432423518479	-0.049366083136495126	0.04395920166186061	-0.04458164215755048	0.032068557841465194	-0.07803537670948478	0.06562383584277771	-0.11333748892824393	0.051716724291466676	-0.03565883047222652	0.061979575334779706	-0.10293017996657264	0.14789187902737222	-0.9202113669535539	0.9999999999999998	-0.0840289024964888	0.07515386792875586	-0.11151733334325932	0.16718136349435284	-0.21044160902174097	0.06446632803759124	-0.07066424192733098	0.09886698246703342	-0.12162259609147054	0.14388126909628837	-0.0458138129098892	0.053113384562979093	-0.06209799798394328	0.08586797439727334	-0.10091666590725895	0.048204082688362807	-0.049597882416379455	0.06791010711198042	-0.03289003028941433	0.031166014344317643
0.030790589906120415	-0.0381102729992327	0.020279300579455633	-0.01750866672557167	0.02430997557973891	-0.02712728638100947	0.028963055357663983	-0.023391001667551935	0.01612827757357773	-0.009626886326813107	0.05553759956990285	-0.03920347160184536	0.046304598562918485	-0.018784361449314245	0.010223680148345788	-0.06719584855251648	0.06774678376125359	-0.063591736140808	0.0798583231306533	-0.0840289024964888	0.9999999999999997	-0.6402991639590421	0.24509429092835483	-0.20660256636762303	0.1567105041703555	-0.504232433959105	0.32062501741021365	-0.269804052829105	0.17615370972783287	-0.17208116488652678	0.21498371451981005	-0.22965803618649652	0.18217310118015426	-0.15135468386437223	0.1568051212458814	-0.22374669081657525	0.18008540064319103	-0.2277480349361753	0.06389594729165311	-0.06257372914090269
-0.024154314065384867	0.0298786983439703	-0.016229024861729273	0.014090695819303382	-0.019649983743514253	0.021129974269242575	-0.022956649843373558	0.018615385021721827	-0.013237586370339654	0.007947955608912427	-0.04307790548236371	0.031189190786960638	-0.038274987143437716	0.015397794692036348	-0.008469086554053306	0.048534976311959376	-0.05769107751706373	0.0528999343801286	-0.07541653293160853	0.07515386792875586	-0.6402991639590421	1.0000000000000002	-0.4148073314906145	0.20286875206272337	-0.15828119210112923	0.28612029032867253	-0.512570641488482	0.2676196306201817	-0.18220990903601242	0.1495340081936799	-0.15639140308474905	0.16145455868153294	-0.14709526683840216	0.13290397083187128	-0.1469788918206044	0.14373895493652367	-0.13536327563063186	0.15654073233306603	-0.053582293466333225	0.05111714627762555
0.021548454936281193	-0.027244170957397243	0.01588159905312309	-0.01421839857671812	0.019871712785277735	-0.018531219149134134	0.0212977689529532	-0.018056065757433317	0.013960036531295433	-0.00882016458859078	0.03634276439908059	-0.028736218762205005	0.03921026223428151	-0.016324520337363736	0.009421294181894458	-0.03605531628294252	0.04674035557017858	-0.055933561434136594	0.10906287372923963	-0.11151733334325932	0.24509429092835483	-0.4148073314906145	0.9999999999999998	-0.5135879871321718	0.2189348205008049	-0.20629342843502135	0.2521828232111074	-0.6026589520451217	0.2788787732968112	-0.2219053598517018	0.1229967004724825	-0.14254453868518435	0.1537256638589081	-0.18166279787121947	0.1809086134607358	-0.12410598910463527	0.11812424438646343	-0.16368743968392038	0.06264142102461001	-0.06013368002511227
-0.02419437757744681	0.030436430753058522	-0.01856909620001846	0.016920935228769887	-0.023730922675801222	0.020588975134495917	-0.024172583571634397	0.020927852913612904	-0.0173310162983686	0.011220312374755497	-0.04019411685124385	0.03238045233990802	-0.04660712605566869	0.02029859130411365	-0.012044170082365007	0.03722411477946941	-0.050891271906684805	0.06487662860471598	-0.20079243939447483	0.16718136349435284	-0.20660256636762303	0.20286875206272337	-0.5135879871321718	0.9999999999999997	-0.4528974825494951	0.15399385493990056	-0.18930597071326888	0.29773049909837024	-0.5223552615150888	0.28695646768685446	-0.10581871773531297	0.12246274016951594	-0.14934930636472704	0.2244738284599698	-0.2544951306035787	0.10679378971887349	-0.10959725290237335	0.15043094620124223	-0.07755054412478532	0.07232080535742627
0.025124372096837475	-0.0321439701089738	0.019810093760650984	-0.018204145550431542	0.025469485320841086	-0.021327780813832464	0.02538823354786646	-0.02237456374209114	0.018388545041155613	-0.012417395352257114	0.04099496306072607	-0.03395522574637171	0.04832952365490592	-0.0215606145317584	0.01329233467590919	-0.03680690642323473	0.05100193624414648	-0.06713716471479861	0.16954731918939547	-0.21044160902174097	0.1567105041703555	-0.15828119210112923	0.2189348205008049	-0.4528974825494951	0.9999999999999979	-0.1386462675997044	0.1465754583941061	-0.23780365588692334	0.274459222800754	-0.7389166831437413	0.09774852690641538	-0.11741786606388734	0.13699618328061156	-0.2153770051422401	0.22412023458270547	-0.10570190559664097	0.10501929903237937	-0.15767945298840433	0.07307577343340745	-0.07189594261631674
-0.021932778022414702	0.02676596791651274	-0.014828347642347002	0.012950912293938875	-0.01815730212821634	0.018972199795180274	-0.02062528915962152	0.016956010771207498	-0.01201624452148186	0.0072169432033471455	-0.038592035746232455	0.02757661148296975	-0.03409085305813045	0.013957814727675799	-0.007685709388359024	0.04116275428501017	-0.04673908237454267	0.04548631210859967	-0.06422855818223147	0.06446632803759124	-0.504232433959105	0.28612029032867253	-0.20629342843502135	0.15399385493990056	-0.1386462675997044	1.0000000000000009	-0.5942876435602376	0.2212446474713176	-0.1597781636170742	0.13378922857422165	-0.42638053888785227	0.24643035674503933	-0.19331955452534572	0.13262901912626948	-0.1509087443292482	0.22716980139835402	-0.21399163723194953	0.1927976288808544	-0.05824741879367817	0.05529534907612578
0.020139148643296904	-0.025315794193303747	0.01411849338557019	-0.012425417523470868	0.017349606809457623	-0.017475028809068503	0.019439622781048604	-0.0161693785842755	0.011677025270615931	-0.007129511026760315	0.034660311335785766	-0.026228113871717532	0.032893282314331064	-0.013605187289548565	0.007591433386276794	-0.03671044504101438	0.0440713306121173	-0.045258826049824244	0.06916042522315327	-0.07066424192733098	0.32062501741021365	-0.512570641488482	0.2521828232111074	-0.18930597071326888	0.1465754583941061	-0.5942876435602376	0.9999999999999999	-0.3910791884115919	0.18470723211636725	-0.15181540835943605	0.22116882065892415	-0.24993820710289963	0.17814350149937377	-0.14500226575275377	0.15050359753845552	-0.19872506577140053	0.16997377985885828	-0.19339375024524788	0.057924155750358086	-0.055804980477779945
-0.021912188650564653	0.027356394545988344	-0.01597451439831288	0.014275144737659751	-0.02004297478751688	0.018775237938501506	-0.021391129337979896	0.018130540903091383	-0.013850276962075374	0.008647275523495803	-0.03705206858173759	0.028652139655591248	-0.03860704574424535	0.01613441519547895	-0.00924558225673187	0.03635214177905082	-0.04644460196777311	0.0527609975899076	-0.10164296543046998	0.09886698246703342	-0.269804052829105	0.2676196306201817	-0.6026589520451217	0.29773049909837024	-0.23780365588692334	0.2212446474713176	-0.3910791884115919	1.0000000000000004	-0.4592461781277852	0.21862645755514	-0.1440347037714559	0.16360806703097716	-0.21252904607805137	0.21436298809263318	-0.234988834719866	0.1358767484994467	-0.13876308680509497	0.18306517132266215	-0.07657538410778941	0.07156095087366099
0.02012780610141831	-0.025537800497497935	0.015323847442287939	-0.013905145114733439	0.01947219596779884	-0.017173133745998992	0.020038669731941433	-0.017359565681543863	0.013778002337335117	-0.008934780935259068	0.03332729305579542	-0.02682907284612407	0.037108425932402066	-0.016131463892636994	0.009549120602710435	-0.031275895363266644	0.041571147377860516	-0.05157980384512451	0.11801522969845434	-0.12162259609147054	0.17615370972783287	-0.18220990903601242	0.2788787732968112	-0.5223552615150888	0.274459222800754	-0.1597781636170742	0.18470723211636725	-0.4592461781277852	0.9999999999999996	-0.39068512835109026	0.11074776171089147	-0.136238802559438	0.17240338312758643	-0.4571011255754002	0.2823149086600862	-0.11430171874228001	0.11554310573894605	-0.17456042356602725	0.0894493132548417	-0.08614317957826886
-0.024891392631472435	0.03120682822995355	-0.019224111983985145	0.017533012969565644	-0.02476385464771945	0.021043315254532843	-0.024740872806003494	0.021628091567663342	-0.017437151905179873	0.011197703994532737	-0.04083253122759636	0.032844833508678103	-0.04658460871262189	0.02029563209618106	-0.012026334071537253	0.03645898599541417	-0.05013452380231185	0.062003231613363435	-0.1483276047220786	0.14388126909628837	-0.17208116488652678	0.1495340081936799	-0.2219053598517018	0.28695646768685446	-0.7389166831437413	0.13378922857422165	-0.15181540835943605	0.21862645755514	-0.39068512835109026	0.9999999999999997	-0.09981772636362392	0.11739193219716346	-0.14789201507952707	0.2388026044744033	-0.35255258222715685	0.10370387291155393	-0.11026203651999744	0.1535820530724453	-0.09228617012071551	0.08669773242238843
0.01446787729329808	-0.018062910399018046	0.010207995449474302	-0.009019939200920897	0.012647436949507719	-0.012455580285317496	0.013873870625353573	-0.011671663752684816	0.008331006677175503	-0.005060968304539937	0.024636017476215466	-0.018509156390626304	0.023141528280907316	-0.009689816734114232	0.005383030280226107	-0.02498765695421444	0.02966147024990681	-0.030898038920617682	0.04504541620447318	-0.0458138129098892	0.21498371451981005	-0.15639140308474905	0.1229967004724825	-0.10581871773531297	0.09774852690641538	-0.42638053888785227	0.22116882065892415	-0.1440347037714559	0.11074776171089147	-0.09981772636362392	0.9999999999999997	-0.5764064632613568	0.2338446594529045	-0.11625065147800509	0.12417693651399325	-0.5495791780914495	0.2962640882492871	-0.25037114417071077	0.055142592822424556	-0.05324938009721062
-0.016332529825789536	0.020328097910154164	-0.011592399284113803	0.01027032324551101	-0.014429126573665444	0.014019060941964062	-0.015666690682020902	0.013227378689559848	-0.009519645199719939	0.005800483282914481	-0.027721312557704852	0.020853461603364168	-0.026344377438632362	0.011067438100524452	-0.006174454935408003	0.027653665825642153	-0.033263897789362354	0.034982147036249696	-0.05275166058673582	0.053113384562979093	-0.22965803618649652	0.16145455868153294	-0.14254453868518435	0.12246274016951594	-0.11741786606388734	0.24643035674503933	-0.24993820710289963	0.16360806703097716	-0.136238802559438	0.11739193219716346	-0.5764064632613568	1.0	-0.4979285309855601	0.15164327620998821	-0.165045321527643	0.298156823264967	-0.4316282658259598	0.2919610685875785	-0.0692413987733975	0.06541926175934733
0.01663971867024416	-0.021018288316945813	0.01218695554905274	-0.010898519145908392	0.015293760931448613	-0.01424501119131347	0.016212488370792203	-0.01389512613238603	0.010191007402661248	-0.006314324017878655	0.02773759141857354	-0.021587040442232457	0.027786129496051547	-0.01187230679347376	0.006721128118445453	-0.026807006474748353	0.03339840186098988	-0.03724152214723747	0.060851700417502264	-0.06209799798394328	0.18217310118015426	-0.14709526683840216	0.1537256638589081	-0.14934930636472704	0.13699618328061156	-0.19331955452534572	0.17814350149937377	-0.21252904607805137	0.17240338312758643	-0.14789201507952707	0.2338446594529045	-0.4979285309855601	0.9999999999999989	-0.2769730727652218	0.2180058207051307	-0.2425637134521147	0.2676673891692755	-0.6791500078881378	0.10374376075415065	-0.10094468864070141
-0.017404634759288273	0.022038091812027635	-0.013169269829371638	0.011915444847364683	-0.016738193145843332	0.014824141451472069	-0.01721201241544538	0.014929913402646464	-0.011542861739246131	0.00734643779762252	-0.028711929024520695	0.022931006727902586	-0.031073353154211766	0.013468758836124285	-0.007848010759919066	0.026721971385275142	-0.035114507067205286	0.04204232110591297	-0.0860901996365428	0.08586797439727334	-0.15135468386437223	0.13290397083187128	-0.18166279787121947	0.2244738284599698	-0.2153770051422401	0.13262901912626948	-0.14500226575275377	0.21436298809263318	-0.4571011255754002	0.2388026044744033	-0.11625065147800509	0.15164327620998821	-0.2769730727652218	0.9999999999999983	-0.7260250634740532	0.11905814961931827	-0.13172582736446364	0.21178160738253507	-0.17132874069767062	0.1499646995563963
0.019683648114854478	-0.02529759084543973	0.015057179212985465	-0.013657671585902595	0.019102022878383675	-0.01680171085689104	0.01962850925399502	-0.01713075459172491	0.013152540481463552	-0.008460532815472023	0.032211504580954446	-0.02621175962146975	0.03512751952722197	-0.015390149758849479	0.009013318499584835	-0.029941143275680513	0.039346270762876806	-0.048208424494860784	0.09432498368271014	-0.10091666590725895	0.1568051212458814	-0.1469788918206044	0.1809086134607358	-0.2544951306035787	0.22412023458270547	-0.1509087443292482	0.15050359753845552	-0.234988834719866	0.2823149086600862	-0.35255258222715685	0.12417693651399325	-0.165045321527643	0.2180058207051307	-0.7260250634740532	0.9999999999999993	-0.1392517576991858	0.14235890102452	-0.2616256021280174	0.17807505005541124	-0.22002834849905345
-0.01587401041752819	0.019713914588108415	-0.011222394267944424	0.009929666057267266	-0.013964135717545016	0.013616708457547262	-0.015176391665951533	0.012807592462565368	-0.009135948540422073	0.005534608939980101	-0.026942851298480376	0.020165741882084916	-0.025291664059490605	0.010613088034948833	-0.005888508449437951	0.026819275530951352	-0.03208395022372286	0.03335048188251003	-0.04792050036878979	0.048204082688362807	-0.22374669081657525	0.14373895493652367	-0.12410598910463527	0.10679378971887349	-0.10570190559664097	0.22716980139835402	-0.19872506577140053	0.1358767484994467	-0.11430171874228001	0.10370387291155393	-0.5495791780914495	0.298156823264967	-0.2425637134521147	0.11905814961931827	-0.1392517576991858	0.9999999999999993	-0.67711190187787	0.24665510568097365	-0.05981028240381553	0.056490152010934776
0.015328936845670839	-0.01937380319047482	0.011093522334439457	-0.009875263932687688	0.013847498892480178	-0.013151240062480881	0.014857145109716266	-0.012682400352376343	0.009086198464717737	-0.005561921451261078	0.025629258956712597	-0.019776845713439725	0.024868076022492507	-0.01057837688792361	0.005909587674985581	-0.025112807070949126	0.03061620779817103	-0.033155172800305846	0.04838986067880404	-0.049597882416379455	0.18008540064319103	-0.13536327563063186	0.11812424438646343	-0.10959725290237335	0.10501929903237937	-0.21399163723194953	0.16997377985885828	-0.13876308680509497	0.11554310573894605	-0.11026203651999744	0.2962640882492871	-0.4316282658259598	0.2676673891692755	-0.13172582736446364	0.14235890102452	-0.67711190187787	1.0	-0.4489229635419749	0.07381442056814269	-0.07224495987065871
-0.02032375332106488	0.02535835920514598	-0.014739895851146705	0.013150473566635889	-0.018540002864887856	0.017341815354211768	-0.019609747775562358	0.01676807587643505	-0.012192068275568384	0.007465988568943327	-0.03396965806025197	0.02597993480842651	-0.03332173530166352	0.014163751470566017	-0.007952988768914943	0.032528892738241874	-0.04035309674183903	0.04375634414793722	-0.06814429314970842	0.06791010711198042	-0.2277480349361753	0.15654073233306603	-0.16368743968392038	0.15043094620124223	-0.15767945298840433	0.1927976288808544	-0.19339375024524788	0.18306517132266215	-0.17456042356602725	0.1535820530724453	-0.25037114417071077	0.2919610685875785	-0.6791500078881378	0.21178160738253507	-0.2616256021280174	0.24665510568097365	-0.4489229635419749	0.9999999999999998	-0.14887474855843544	0.12392275150778526
0.007421083626700819	-0.009463777527352843	0.005595244123120902	-0.005051425442740889	0.007084548397413561	-0.006330712670797462	0.007328383093002447	-0.006366689926802484	0.004792530762580473	-0.0030324229984419844	0.012192351797482688	-0.009755028370965795	0.012868827814617692	-0.005594477430619273	0.00322971085603375	-0.011386495904437889	0.014717119691057162	-0.01738206096836834	0.03148118623183488	-0.03289003028941433	0.06389594729165311	-0.053582293466333225	0.06264142102461001	-0.07755054412478532	0.07307577343340745	-0.05824741879367817	0.057924155750358086	-0.07657538410778941	0.0894493132548417	-0.09228617012071551	0.055142592822424556	-0.0692413987733975	0.10374376075415065	-0.17132874069767062	0.17807505005541124	-0.05981028240381553	0.07381442056814269	-0.14887474855843544	0.9999999999999998	-0.9497233187722842
-0.007186574631296301	0.009131922721384474	-0.00540399681039078	0.004875572301034961	-0.00684683165049057	0.006125774875217899	-0.007079393342316559	0.006144269257910425	-0.004621999703952074	0.0029149365245810226	-0.011821133266755497	0.009413373082492973	-0.01242690498402706	0.005390964750536001	-0.0031060702819840236	0.01102304769663124	-0.014241520791820764	0.0166997913927883	-0.030197882607260196	0.031166014344317643	-0.06257372914090269	0.05111714627762555	-0.06013368002511227	0.07232080535742627	-0.07189594261631674	0.05529534907612578	-0.055804980477779945	0.07156095087366099	-0.08614317957826886	0.08669773242238843	-0.05324938009721062	0.06541926175934733	-0.10094468864070141	0.1499646995563963	-0.22002834849905345	0.056490152010934776	-0.07224495987065871	0.12392275150778526	-0.9497233187722842	1.0
