1.0000000000000002	-0.4908233231608366	0.12818925966849715	-0.028544176680245982	0.02914657312467976	-0.8049017343202071	0.3033783829488241	-0.11858398636898679	0.06663272562546727	-0.08265837690340429	0.060433974083063766	-0.05889469415142869	0.027669969182442463	-0.019093016777667778	0.02172775943332194	-0.018632607456062197	0.022306860677971746	-0.018976893137128602	0.016834205300765688	-0.013907272046621474	0.01949850628946568	-0.01995506245556906	0.016630420983793085	-0.01406762820628855	0.010676878062273402	-0.013101553526475103	0.010995113725156679	-0.014297133998223362	0.01093430755299499	-0.009574732894531137	0.008960876807539474	-0.009889269116029146	0.012369139506417928	-0.009282858328891168	0.005168894360747439	-0.030658135658773455	0.009841935176761027	-0.010156214110588525	0.008948720378176695	-0.004345833590397393
-0.4908233231608366	1.0000000000000002	-0.2727234999609224	0.04676720448947009	-0.04818268639138992	0.30542354935449767	-0.746589976957508	0.19611774641494542	-0.1059244524501245	0.11890713314744991	-0.0676775559712455	0.0662906084715278	-0.03242047030901074	0.021822549262336514	-0.025336436400466015	0.02038972927496625	-0.025320337057846597	0.021159344311502935	-0.019255820229263195	0.015903076555593802	-0.022283606680173738	0.02187319412832794	-0.018612002072985245	0.015659272956257145	-0.012036252610963643	0.014338421550288425	-0.012093116560461664	0.015694311828797606	-0.012204612477038794	0.010743099453447966	-0.009821308636485636	0.010818266453292438	-0.013639809970260744	0.010220443930767044	-0.0057045447964486325	0.03326441543302287	-0.010765632886802348	0.011095113461446917	-0.009863206286169894	0.004791171388460253
0.12818925966849715	-0.2727234999609224	1.0000000000000009	-0.1432019227864944	0.12493912893974164	-0.1382393940355565	0.2136572390920997	-0.8025278108342538	0.2710409722256691	-0.37930204462831074	0.03521399066287349	-0.03521756308780639	0.029283059094888104	-0.021875781782503417	0.02911973759128838	-0.012834662934758115	0.018824528658132843	-0.018397450757030014	0.019492725262141356	-0.017229132241125527	0.01408412495457358	-0.01720575847423526	0.016359843672402334	-0.0154894246464177	0.012304862243408482	-0.012986874039320521	0.010811708316162478	-0.014906137378030317	0.012069103463112227	-0.011007340159974148	0.009281275448792953	-0.010260750789636942	0.013048218149581119	-0.010058834359258393	0.005617755165534252	-0.034444098388920825	0.010745242437926836	-0.011129045876088803	0.009686515417433388	-0.004731763303610949
-0.028544176680245982	0.04676720448947009	-0.1432019227864944	1.000000000000001	-0.9576777506586628	0.029361160007152182	-0.04621403416442936	0.11564666097972078	-0.1869965981266037	0.1705777162464695	-0.009545171257814416	0.009336422726137295	-0.009475729338496719	0.007408013849168212	-0.010922486769272977	0.003773577238514915	-0.0059543629787000745	0.006063513621340877	-0.006875133306073881	0.006230863654451878	-0.004189875074340274	0.00551417105325877	-0.005473250525322702	0.005389771278642034	-0.004358050429864592	0.004373818375447415	-0.0036312584993027056	0.0050989005005880215	-0.004211293822870512	0.003889415528155641	-0.003170138953635659	0.0035059525646757308	-0.004485713995954172	0.003484558771121983	-0.0019496182280605546	0.012032685021305207	-0.0037281504886684316	0.0038641004386414683	-0.00335634604915938	0.0016425557897089803
0.02914657312467976	-0.04818268639138992	0.12493912893974164	-0.9576777506586628	1.000000000000001	-0.030596069155061013	0.04661108215750458	-0.11864097889219351	0.16041513303956778	-0.20548497227723378	0.010167739021433623	-0.009949815497221917	0.010428109823608794	-0.008252484667658483	0.012334806817336178	-0.004088426051462441	0.0065420134504718475	-0.0067225972278059515	0.0076978017341116835	-0.007022857727707231	0.00454021572130294	-0.006084723353980376	0.0060787912837046475	-0.006040872233579792	0.0048914997325631695	-0.004879857713542012	0.004046653053176109	-0.005705113364654895	0.004719022906663939	-0.004368705979842335	0.0035469909489743226	-0.003923883436644714	0.005020076261951533	-0.003907231256998154	0.0021858203254620035	-0.013548648889643519	0.004186139916668915	-0.004340503633732206	0.003762628511582697	-0.0018420483614901273
-0.8049017343202071	0.30542354935449767	-0.1382393940355565	0.029361160007152182	-0.030596069155061013	1.0000000000000018	-0.48351044655400727	0.11997501120262603	-0.06925665169561158	0.07800870442220756	-0.07787878857014816	0.06999439181902474	-0.03153193429692979	0.021388519536021968	-0.02395279993282869	0.02202912636789929	-0.02561973304146634	0.021319372801424367	-0.018707137100865426	0.015364546980228072	-0.02323699543445369	0.022530624439511256	-0.018656899951089104	0.015528630323290054	-0.011783442130207048	0.014533231976035602	-0.012235729371773117	0.01577334696061366	-0.012073935960586087	0.01055166348615717	-0.009885067693188664	0.010896220119042576	-0.013650629737624303	0.010201047189894844	-0.005683343841747713	0.03325371371841483	-0.010764636938326426	0.011096122078681986	-0.009838530329068437	0.004774917308013914
0.3033783829488241	-0.746589976957508	0.2136572390920997	-0.04621403416442936	0.04661108215750458	-0.48351044655400727	1.0000000000000009	-0.25672940101069847	0.1135342613288327	-0.1360459452440692	0.07927013138451675	-0.08725498536032582	0.03729280354639474	-0.025312632779853392	0.028594401229575496	-0.023631082809557124	0.0293819258058764	-0.024535091546974506	0.021886918603560488	-0.0181624433756867	0.025409080700344335	-0.02553971945838504	0.021385086942444717	-0.01797131324105982	0.013716613902134942	-0.01655698005703549	0.013943391554497737	-0.018081551037571062	0.01396101570929938	-0.012283214781524738	0.011308019893050792	-0.012468956103203407	0.015658708563785987	-0.011739208645076944	0.006540694961526192	-0.03833606845216576	0.012380812842644234	-0.012767719538631862	0.011316680721078023	-0.005496480770221669
-0.11858398636898679	0.19611774641494542	-0.8025278108342538	0.11564666097972078	-0.11864097889219351	0.11997501120262603	-0.25672940101069847	1.0	-0.4113965633851606	0.2765254312493206	-0.032805009345365455	0.03267252610082817	-0.026328285816365416	0.019051272118731997	-0.024188510442291485	0.01145328584585507	-0.016455824255798362	0.015865313767775866	-0.016509309556807714	0.014397576879368738	-0.012595087600200384	0.014851572265790758	-0.014001960959747296	0.012997567961094606	-0.010306475642512856	0.01094270763266856	-0.009139032893858827	0.012495970163880267	-0.010122722700115388	0.009204316991583243	-0.007770514509723419	0.008584093953259892	-0.010932802684348706	0.008394210156311036	-0.0046891697310944	0.028376721108874875	-0.00892229317271778	0.009232153025436726	-0.00808541533062527	0.003947017314791336
0.06663272562546727	-0.1059244524501245	0.2710409722256691	-0.1869965981266037	0.16041513303956778	-0.06925665169561158	0.1135342613288327	-0.4113965633851606	1.0000000000000007	-0.8371953011253137	0.023814294131155662	-0.02344008982067898	0.025354153966683248	-0.02131141890045915	0.032028625459515375	-0.009569473139194287	0.015476760233264955	-0.016224016861743372	0.01908460301139761	-0.018027287151803087	0.010604245907846992	-0.014432631758086572	0.014536245152263686	-0.014718914345412228	0.012007940873994349	-0.011596119257307032	0.009611668718527576	-0.013634068026109003	0.011441810448198201	-0.01075385416261936	0.008434045381075837	-0.009335779118380166	0.011979443329268253	-0.009364150761286322	0.005233339789628278	-0.032268209133667576	0.009980803978292336	-0.01035456174549143	0.009001046437950935	-0.004411978073543897
-0.08265837690340429	0.11890713314744991	-0.37930204462831074	0.1705777162464695	-0.20548497227723378	0.07800870442220756	-0.1360459452440692	0.2765254312493206	-0.8371953011253137	0.9999999999999997	-0.029368557737384435	0.028402085327254536	-0.031340965602456416	0.026029609004275037	-0.04144300476296709	0.011824132759886963	-0.01916713851009582	0.01996561666165182	-0.023955887772584845	0.022413048698942655	-0.013173233427765814	0.017756032571535248	-0.018036330871596076	0.01816216774340836	-0.014979237837679925	0.014197935707740477	-0.011799429311505339	0.01670598964907532	-0.01418339456373084	0.013324576698261542	-0.010323719846901938	0.011415342630498393	-0.014738373823193701	0.011494758363125798	-0.006440721323670188	0.03912799702843875	-0.012190229959838258	0.0126302402633417	-0.011065450946809918	0.0054237983036230395
0.060433974083063766	-0.0676775559712455	0.03521399066287349	-0.009545171257814416	0.010167739021433623	-0.07787878857014816	0.07927013138451675	-0.032805009345365455	0.023814294131155662	-0.029368557737384435	0.9999999999999991	-0.876557200860976	0.19312330387480223	-0.13911142081004274	0.12373238686060993	-0.2173100254147422	0.17503558751406903	-0.1423839946985124	0.10574256709808288	-0.08806058410212764	0.1736171905987636	-0.16112410742031805	0.11664439128706401	-0.09407812747895859	0.06749409994105685	-0.09386278335521826	0.07827909541286199	-0.09862045203620681	0.07141419242709547	-0.06174256262653724	0.06154198637418466	-0.068209040419802	0.0830465671067751	-0.06174454173298641	0.03396556363095079	-0.20077492966232366	0.06512574429711188	-0.06730172763905974	0.05910879187933431	-0.028615016446009632
-0.05889469415142869	0.0662906084715278	-0.03521756308780639	0.009336422726137295	-0.009949815497221917	0.06999439181902474	-0.08725498536032582	0.03267252610082817	-0.02344008982067898	0.028402085327254536	-0.876557200860976	0.999999999999999	-0.25889415477688776	0.1392031569364219	-0.12888080944044947	0.16202733182610976	-0.20894985439848268	0.1375206152849744	-0.10771598033284262	0.08607474426425099	-0.17850287250259836	0.14979095358871472	-0.11526070103559409	0.0862216456337426	-0.06411300424861834	0.08270618431501017	-0.0710363879127007	0.08713824013095538	-0.06626014287389376	0.05754782936031441	-0.054270896192968765	0.05959468001276434	-0.07465489692860622	0.054682228337974925	-0.030356953150054673	0.16668925990447805	-0.056253958338953594	0.0577582366305331	-0.05263971013618515	0.025453530376235683
0.027669969182442463	-0.03242047030901074	0.029283059094888104	-0.009475729338496719	0.010428109823608794	-0.03153193429692979	0.03729280354639474	-0.026328285816365416	0.025354153966683248	-0.031340965602456416	0.19312330387480223	-0.25889415477688776	0.9999999999999983	-0.6662472219014244	0.2916747360094615	-0.09061230799911095	0.18370478403699422	-0.30423749356408936	0.2535360479393719	-0.22233668368908757	0.09658072870284368	-0.1799794974786912	0.20212752864144234	-0.19055059867579413	0.14076144654859904	-0.14036096834832953	0.1157039846943341	-0.16913267607967555	0.13870784063240185	-0.13083604796277393	0.1003485364204655	-0.11212014913822071	0.1420413433171798	-0.1130992189773186	0.06155714393171652	-0.389239576802654	0.11889606460149205	-0.12442767596363327	0.10662435523860167	-0.05224428348271616
-0.019093016777667778	0.021822549262336514	-0.021875781782503417	0.007408013849168212	-0.008252484667658483	0.021388519536021968	-0.025312632779853392	0.019051272118731997	-0.02131141890045915	0.026029609004275037	-0.13911142081004274	0.1392031569364219	-0.6662472219014244	0.9999999999999979	-0.5158974026022193	0.06209137695729923	-0.13213099369840914	0.1865345642105025	-0.3964304441905438	0.25242310418302566	-0.06869629111082508	0.12299470484559401	-0.15148378219702632	0.15334651444153066	-0.13462765731930765	0.09421938412942339	-0.07925351550750359	0.11577288234861355	-0.11473445712559155	0.1169804293886383	-0.06740859751372848	0.07490433863676949	-0.1000903043821714	0.08051134098191205	-0.044550537003430694	0.24717673574946758	-0.07965366014985024	0.08281786146752221	-0.07610012513031802	0.037585387503250536
0.02172775943332194	-0.025336436400466015	0.02911973759128838	-0.010922486769272977	0.012334806817336178	-0.02395279993282869	0.028594401229575496	-0.024188510442291485	0.032028625459515375	-0.04144300476296709	0.12373238686060993	-0.12888080944044947	0.2916747360094615	-0.5158974026022193	0.9999999999999981	-0.07118435317482188	0.15509536858299905	-0.21459126751000027	0.3196314887690076	-0.5114352979616884	0.07780064746607848	-0.15853061561113335	0.1769949052865913	-0.2286132697011783	0.20105578166311702	-0.14313841023695692	0.11689408958421603	-0.17733569624296835	0.16713819858712173	-0.18882159798541642	0.104984758405837	-0.11739201210475728	0.150975975346231	-0.1255067507362465	0.06855870966114432	-0.42357193487295264	0.12871684669468114	-0.1351593674736178	0.11722447952192777	-0.05838167900776987
-0.018632607456062197	0.02038972927496625	-0.012834662934758115	0.003773577238514915	-0.004088426051462441	0.02202912636789929	-0.023631082809557124	0.01145328584585507	-0.009569473139194287	0.011824132759886963	-0.2173100254147422	0.16202733182610976	-0.09061230799911095	0.06209137695729923	-0.07118435317482188	0.9999999999999977	-0.18436199361611946	0.09870561240335846	-0.06192349315330278	0.04919436754650259	-0.9311883880319314	0.1336852301064447	-0.0860890850536439	0.05763764614578108	-0.04135590571558809	0.08210806416176715	-0.06855915967834345	0.06847931773735008	-0.0456258775846734	0.03711370270797868	-0.047929761766737584	0.04973689685402234	-0.059894504839571885	0.0399589844165813	-0.02240008439016632	0.10724176766845067	-0.040666876957514905	0.040906253579376335	-0.03910361460052244	0.01860528076967067
0.022306860677971746	-0.025320337057846597	0.018824528658132843	-0.0059543629787000745	0.0065420134504718475	-0.02561973304146634	0.0293819258058764	-0.016455824255798362	0.015476760233264955	-0.01916713851009582	0.17503558751406903	-0.20894985439848268	0.18370478403699422	-0.13213099369840914	0.15509536858299905	-0.18436199361611946	0.9999999999999957	-0.4314986810558924	0.15082598978043824	-0.11938065665009141	0.16183966922413243	-0.7312722865467626	0.29553993828648195	-0.15340603081218865	0.10284989161903539	-0.18657998302140036	0.17202845618629342	-0.17550227159803292	0.1168273130526115	-0.0924997761859194	0.10618436056226697	-0.11928030474845691	0.1415449415257308	-0.09498194026593428	0.0524333913484923	-0.231389027746991	0.09231842057731665	-0.0931033045069495	0.09170141299777707	-0.04360711342479278
-0.018976893137128602	0.021159344311502935	-0.018397450757030014	0.006063513621340877	-0.0067225972278059515	0.021319372801424367	-0.024535091546974506	0.015865313767775866	-0.016224016861743372	0.01996561666165182	-0.1423839946985124	0.1375206152849744	-0.30423749356408936	0.1865345642105025	-0.21459126751000027	0.09870561240335846	-0.4314986810558924	0.9999999999999957	-0.2625785069271648	0.16955137228671407	-0.10988310793889568	0.2933655251974599	-0.6964472984670506	0.19600157039008362	-0.13950180883960883	0.13465763210466883	-0.1282045397133964	0.16762682343449392	-0.15281435489747694	0.11816807147039268	-0.08910090572208378	0.09715088688105984	-0.14605133613358445	0.10078027061304315	-0.05660307308134101	0.22523535791164556	-0.09092545047581388	0.09149435150968262	-0.09816602719979348	0.04667808089359919
0.016834205300765688	-0.019255820229263195	0.019492725262141356	-0.006875133306073881	0.0076978017341116835	-0.018707137100865426	0.021886918603560488	-0.016509309556807714	0.01908460301139761	-0.023955887772584845	0.10574256709808288	-0.10771598033284262	0.2535360479393719	-0.3964304441905438	0.3196314887690076	-0.06192349315330278	0.15082598978043824	-0.2625785069271648	0.999999999999995	-0.6778099796464915	0.06796668513787045	-0.14923159185155666	0.18766119269873108	-0.2671523373672147	0.22382411510853745	-0.11809317727660044	0.09949262389065877	-0.1505609177825014	0.1770858025637513	-0.2070248326245844	0.084474428911626	-0.09412055834584954	0.1298068163203822	-0.10915626212437586	0.060113172233136454	-0.3043550608161749	0.10118770794429648	-0.10545198905762379	0.10144822212705462	-0.050884694972457026
-0.013907272046621474	0.015903076555593802	-0.017229132241125527	0.006230863654451878	-0.007022857727707231	0.015364546980228072	-0.0181624433756867	0.014397576879368738	-0.018027287151803087	0.022413048698942655	-0.08806058410212764	0.08607474426425099	-0.22233668368908757	0.25242310418302566	-0.5114352979616884	0.04919436754650259	-0.11938065665009141	0.16955137228671407	-0.6778099796464915	0.9999999999999956	-0.05481900941764888	0.11385557425060783	-0.1496396387580208	0.20751121636526934	-0.34844132212432904	0.09076903483245703	-0.07776740732964793	0.11805422561187497	-0.16822932715641642	0.20576365411964634	-0.06527588549728978	0.07233237147037253	-0.10556557561023444	0.08999964200418488	-0.05082633716372132	0.22323427964417325	-0.07871680358725311	0.08138691899967374	-0.08441695396319805	0.0426108368528296
0.01949850628946568	-0.022283606680173738	0.01408412495457358	-0.004189875074340274	0.00454021572130294	-0.02323699543445369	0.025409080700344335	-0.012595087600200384	0.010604245907846992	-0.013173233427765814	0.1736171905987636	-0.17850287250259836	0.09658072870284368	-0.06869629111082508	0.07780064746607848	-0.9311883880319314	0.16183966922413243	-0.10988310793889568	0.06796668513787045	-0.05481900941764888	0.9999999999999946	-0.15333748985999518	0.09374326494399193	-0.0658574049959813	0.046451446366185714	-0.10022683057575954	0.07794071874220346	-0.07992261391300261	0.051660950337251654	-0.042096289404986977	0.055320973961222666	-0.05838622668740346	0.06824089429341883	-0.046198502399803804	0.025689454441024478	-0.12932684795463376	0.047605480802882835	-0.048181857222837826	0.04492757655990702	-0.021419324918051246
-0.01995506245556906	0.02187319412832794	-0.01720575847423526	0.00551417105325877	-0.006084723353980376	0.022530624439511256	-0.02553971945838504	0.014851572265790758	-0.014432631758086572	0.017756032571535248	-0.16112410742031805	0.14979095358871472	-0.1799794974786912	0.12299470484559401	-0.15853061561113335	0.1336852301064447	-0.7312722865467626	0.2933655251974599	-0.14923159185155666	0.11385557425060783	-0.15333748985999518	0.9999999999999938	-0.4583189623394605	0.15512144823583182	-0.10747365428192779	0.1856764100437606	-0.23879515682717353	0.17991177362368155	-0.12605275158362989	0.09302200519086239	-0.11200376608310147	0.11958940065995873	-0.15581429000963495	0.09673469083031898	-0.05476395864255712	0.19635553312396892	-0.09041464365028198	0.08867967313429968	-0.0958429959295845	0.0448651463261313
0.016630420983793085	-0.018612002072985245	0.016359843672402334	-0.005473250525322702	0.0060787912837046475	-0.018656899951089104	0.021385086942444717	-0.014001960959747296	0.014536245152263686	-0.018036330871596076	0.11664439128706401	-0.11526070103559409	0.20212752864144234	-0.15148378219702632	0.1769949052865913	-0.0860890850536439	0.29553993828648195	-0.6964472984670506	0.18766119269873108	-0.1496396387580208	0.09374326494399193	-0.4583189623394605	0.9999999999999932	-0.276823483170862	0.14003924524931127	-0.16237395982690478	0.15406721803450557	-0.2240195804509339	0.1696009122049767	-0.12561184685379978	0.10124937039280149	-0.11250305971278762	0.16355504501721307	-0.11351593648032238	0.06113695217915622	-0.24493169038619844	0.09956704286073333	-0.10136836201198418	0.10710948130713192	-0.05085904529938157
-0.01406762820628855	0.015659272956257145	-0.0154894246464177	0.005389771278642034	-0.006040872233579792	0.015528630323290054	-0.01797131324105982	0.012997567961094606	-0.014718914345412228	0.01816216774340836	-0.09407812747895859	0.0862216456337426	-0.19055059867579413	0.15334651444153066	-0.2286132697011783	0.05763764614578108	-0.15340603081218865	0.19600157039008362	-0.2671523373672147	0.20751121636526934	-0.0658574049959813	0.15512144823583182	-0.276823483170862	0.9999999999999915	-0.40153696820728796	0.12220466300842514	-0.11463116879229522	0.18503572310307753	-0.6880328918832335	0.29256017999992084	-0.08853142250175078	0.09621279808889441	-0.18687086368982633	0.17643567974808058	-0.09491820728297126	0.2153951515303135	-0.11216015013196352	0.11187493277931296	-0.16872504188638915	0.07687953951771641
0.010676878062273402	-0.012036252610963643	0.012304862243408482	-0.004358050429864592	0.0048914997325631695	-0.011783442130207048	0.013716613902134942	-0.010306475642512856	0.012007940873994349	-0.014979237837679925	0.06749409994105685	-0.06411300424861834	0.14076144654859904	-0.13462765731930765	0.20105578166311702	-0.04135590571558809	0.10284989161903539	-0.13950180883960883	0.22382411510853745	-0.34844132212432904	0.046451446366185714	-0.10747365428192779	0.14003924524931127	-0.40153696820728796	0.9999999999999879	-0.09259597313292484	0.08106084188001615	-0.1342378938099332	0.2899556797154661	-0.7414807319195693	0.06573223562691735	-0.0729987636814343	0.12063258860623693	-0.11894511989261489	0.06779528627574143	-0.1936690451030043	0.08130351262562659	-0.08465800026275973	0.10438233722215712	-0.05783699607220209
-0.013101553526475103	0.014338421550288425	-0.012986874039320521	0.004373818375447415	-0.004879857713542012	0.014533231976035602	-0.01655698005703549	0.01094270763266856	-0.011596119257307032	0.014197935707740477	-0.09386278335521826	0.08270618431501017	-0.14036096834832953	0.09421938412942339	-0.14313841023695692	0.08210806416176715	-0.18657998302140036	0.13465763210466883	-0.11809317727660044	0.09076903483245703	-0.10022683057575954	0.1856764100437606	-0.16237395982690478	0.12220466300842514	-0.09259597313292484	0.9999999999999907	-0.737467896487567	0.26983961487058555	-0.11755287688241223	0.08303572903998976	-0.39129634049893874	0.268894081613634	-0.28331396979580403	0.13354679421863377	-0.07800819436668734	0.18874231080366194	-0.13506596425353254	0.12198660277244992	-0.1402185370837562	0.0625046285798379
0.010995113725156679	-0.012093116560461664	0.010811708316162478	-0.0036312584993027056	0.004046653053176109	-0.012235729371773117	0.013943391554497737	-0.009139032893858827	0.009611668718527576	-0.011799429311505339	0.07827909541286199	-0.0710363879127007	0.1157039846943341	-0.07925351550750359	0.11689408958421603	-0.06855915967834345	0.17202845618629342	-0.1282045397133964	0.09949262389065877	-0.07776740732964793	0.07794071874220346	-0.23879515682717353	0.15406721803450557	-0.11463116879229522	0.08106084188001615	-0.737467896487567	0.9999999999999891	-0.43209867782954153	0.10811787080360336	-0.07549558918080093	0.24472049648360172	-0.31102186866944187	0.24035142655015512	-0.1199572267544114	0.06454710883334815	-0.17017704733686298	0.11686618655888042	-0.1107197249980701	0.11744530347660972	-0.05284002284413086
-0.014297133998223362	0.015694311828797606	-0.014906137378030317	0.0050989005005880215	-0.005705113364654895	0.01577334696061366	-0.018081551037571062	0.012495970163880267	-0.013634068026109003	0.01670598964907532	-0.09862045203620681	0.08713824013095538	-0.16913267607967555	0.11577288234861355	-0.17733569624296835	0.06847931773735008	-0.17550227159803292	0.16762682343449392	-0.1505609177825014	0.11805422561187497	-0.07992261391300261	0.17991177362368155	-0.2240195804509339	0.18503572310307753	-0.1342378938099332	0.26983961487058555	-0.43209867782954153	0.9999999999999895	-0.21071368345494657	0.12696445015518493	-0.18918519311362456	0.19419240538137705	-0.6673234803235083	0.22648854056023857	-0.1209469214927764	0.22873746645854098	-0.1693222327099514	0.1612185548458532	-0.22652098015753286	0.09683873743502235
0.01093430755299499	-0.012204612477038794	0.012069103463112227	-0.004211293822870512	0.004719022906663939	-0.012073935960586087	0.01396101570929938	-0.010122722700115388	0.011441810448198201	-0.01418339456373084	0.07141419242709547	-0.06626014287389376	0.13870784063240185	-0.11473445712559155	0.16713819858712173	-0.0456258775846734	0.1168273130526115	-0.15281435489747694	0.1770858025637513	-0.16822932715641642	0.051660950337251654	-0.12605275158362989	0.1696009122049767	-0.6880328918832335	0.2899556797154661	-0.11755287688241223	0.10811787080360336	-0.21071368345494657	0.9999999999999867	-0.5063020769162739	0.08222105024514076	-0.09131853755847634	0.178863317250467	-0.23679498742002525	0.09132254315723012	-0.20130305161139486	0.10456273175176534	-0.10995155411323079	0.16582436083142357	-0.07794549305452919
-0.009574732894531137	0.010743099453447966	-0.011007340159974148	0.003889415528155641	-0.004368705979842335	0.01055166348615717	-0.012283214781524738	0.009204316991583243	-0.01075385416261936	0.013324576698261542	-0.06174256262653724	0.05754782936031441	-0.13083604796277393	0.1169804293886383	-0.18882159798541642	0.03711370270797868	-0.0924997761859194	0.11816807147039268	-0.2070248326245844	0.20576365411964634	-0.042096289404986977	0.09302200519086239	-0.12561184685379978	0.29256017999992084	-0.7414807319195693	0.08303572903998976	-0.07549558918080093	0.12696445015518493	-0.5063020769162739	0.9999999999999875	-0.05991380401064095	0.06589460436719712	-0.123267035906967	0.12571976208165853	-0.0765454476926461	0.15943078849314193	-0.07670941479722868	0.07848756377808133	-0.11425391336044335	0.06218697309653046
0.008960876807539474	-0.009821308636485636	0.009281275448792953	-0.003170138953635659	0.0035469909489743226	-0.009885067693188664	0.011308019893050792	-0.007770514509723419	0.008434045381075837	-0.010323719846901938	0.06154198637418466	-0.054270896192968765	0.1003485364204655	-0.06740859751372848	0.104984758405837	-0.047929761766737584	0.10618436056226697	-0.08910090572208378	0.084474428911626	-0.06527588549728978	0.055320973961222666	-0.11200376608310147	0.10124937039280149	-0.08853142250175078	0.06573223562691735	-0.39129634049893874	0.24472049648360172	-0.18918519311362456	0.08222105024514076	-0.05991380401064095	0.9999999999999869	-0.8345185389113892	0.17769054098668538	-0.1038850725461742	0.056753858576668016	-0.2085995960549764	0.15298304564685045	-0.14038421306294485	0.10495188634963232	-0.0474139943069682
-0.009889269116029146	0.010818266453292438	-0.010260750789636942	0.0035059525646757308	-0.003923883436644714	0.010896220119042576	-0.012468956103203407	0.008584093953259892	-0.009335779118380166	0.011415342630498393	-0.068209040419802	0.05959468001276434	-0.11212014913822071	0.07490433863676949	-0.11739201210475728	0.04973689685402234	-0.11928030474845691	0.09715088688105984	-0.09412055834584954	0.07233237147037253	-0.05838622668740346	0.11958940065995873	-0.11250305971278762	0.09621279808889441	-0.0729987636814343	0.268894081613634	-0.31102186866944187	0.19419240538137705	-0.09131853755847634	0.06589460436719712	-0.8345185389113892	0.9999999999999861	-0.22478231527764958	0.11720362939248564	-0.06617570407002281	0.1886799639380221	-0.20344085593794264	0.151536902778051	-0.12338515127505821	0.05438888930730862
0.012369139506417928	-0.013639809970260744	0.013048218149581119	-0.004485713995954172	0.005020076261951533	-0.013650629737624303	0.015658708563785987	-0.010932802684348706	0.011979443329268253	-0.014738373823193701	0.0830465671067751	-0.07465489692860622	0.1420413433171798	-0.1000903043821714	0.150975975346231	-0.059894504839571885	0.1415449415257308	-0.14605133613358445	0.1298068163203822	-0.10556557561023444	0.06824089429341883	-0.15581429000963495	0.16355504501721307	-0.18687086368982633	0.12063258860623693	-0.28331396979580403	0.24035142655015512	-0.6673234803235083	0.178863317250467	-0.123267035906967	0.17769054098668538	-0.22478231527764958	0.9999999999999852	-0.42121334773892605	0.1257028138095706	-0.27531694332437145	0.1820532423866381	-0.21681222590169447	0.24798964432079962	-0.11215232257451183
-0.009282858328891168	0.010220443930767044	-0.010058834359258393	0.003484558771121983	-0.003907231256998154	0.010201047189894844	-0.011739208645076944	0.008394210156311036	-0.009364150761286322	0.011494758363125798	-0.06174454173298641	0.054682228337974925	-0.1130992189773186	0.08051134098191205	-0.1255067507362465	0.0399589844165813	-0.09498194026593428	0.10078027061304315	-0.10915626212437586	0.08999964200418488	-0.046198502399803804	0.09673469083031898	-0.11351593648032238	0.17643567974808058	-0.11894511989261489	0.13354679421863377	-0.1199572267544114	0.22648854056023857	-0.23679498742002525	0.12571976208165853	-0.1038850725461742	0.11720362939248564	-0.42121334773892605	0.9999999999999851	-0.24031337456540783	0.1920609144441156	-0.1975369108906492	0.20478695536642777	-0.729452488168277	0.19394951263813937
0.005168894360747439	-0.0057045447964486325	0.005617755165534252	-0.0019496182280605546	0.0021858203254620035	-0.005683343841747713	0.006540694961526192	-0.0046891697310944	0.005233339789628278	-0.006440721323670188	0.03396556363095079	-0.030356953150054673	0.06155714393171652	-0.044550537003430694	0.06855870966114432	-0.02240008439016632	0.0524333913484923	-0.05660307308134101	0.060113172233136454	-0.05082633716372132	0.025689454441024478	-0.05476395864255712	0.06113695217915622	-0.09491820728297126	0.06779528627574143	-0.07800819436668734	0.06454710883334815	-0.1209469214927764	0.09132254315723012	-0.0765454476926461	0.056753858576668016	-0.06617570407002281	0.1257028138095706	-0.24031337456540783	0.999999999999984	-0.1291065844248569	0.09533538043609384	-0.118848001730962	0.23175486825046726	-0.9125819743889699
-0.030658135658773455	0.03326441543302287	-0.034444098388920825	0.012032685021305207	-0.013548648889643519	0.03325371371841483	-0.03833606845216576	0.028376721108874875	-0.032268209133667576	0.03912799702843875	-0.20077492966232366	0.16668925990447805	-0.389239576802654	0.24717673574946758	-0.42357193487295264	0.10724176766845067	-0.231389027746991	0.22523535791164556	-0.3043550608161749	0.22323427964417325	-0.12932684795463376	0.19635553312396892	-0.24493169038619844	0.2153951515303135	-0.1936690451030043	0.18874231080366194	-0.17017704733686298	0.22873746645854098	-0.20130305161139486	0.15943078849314193	-0.2085995960549764	0.1886799639380221	-0.27531694332437145	0.1920609144441156	-0.1291065844248569	0.9999999999999843	-0.3475887737628271	0.23439287130885023	-0.22321321167523836	0.10239054876987773
0.009841935176761027	-0.010765632886802348	0.010745242437926836	-0.0037281504886684316	0.004186139916668915	-0.010764636938326426	0.012380812842644234	-0.00892229317271778	0.009980803978292336	-0.012190229959838258	0.06512574429711188	-0.056253958338953594	0.11889606460149205	-0.07965366014985024	0.12871684669468114	-0.040666876957514905	0.09231842057731665	-0.09092545047581388	0.10118770794429648	-0.07871680358725311	0.047605480802882835	-0.09041464365028198	0.09956704286073333	-0.11216015013196352	0.08130351262562659	-0.13506596425353254	0.11686618655888042	-0.1693222327099514	0.10456273175176534	-0.07670941479722868	0.15298304564685045	-0.20344085593794264	0.1820532423866381	-0.1975369108906492	0.09533538043609384	-0.3475887737628271	0.9999999999999842	-0.8293153711039484	0.21018169252079194	-0.08969602386328428
-0.010156214110588525	0.011095113461446917	-0.011129045876088803	0.0038641004386414683	-0.004340503633732206	0.011096122078681986	-0.012767719538631862	0.009232153025436726	-0.01035456174549143	0.0126302402633417	-0.06730172763905974	0.0577582366305331	-0.12442767596363327	0.08281786146752221	-0.1351593674736178	0.040906253579376335	-0.0931033045069495	0.09149435150968262	-0.10545198905762379	0.08138691899967374	-0.048181857222837826	0.08867967313429968	-0.10136836201198418	0.11187493277931296	-0.08465800026275973	0.12198660277244992	-0.1107197249980701	0.1612185548458532	-0.10995155411323079	0.07848756377808133	-0.14038421306294485	0.151536902778051	-0.21681222590169447	0.20478695536642777	-0.118848001730962	0.23439287130885023	-0.8293153711039484	0.9999999999999843	-0.32587291470484636	0.10505892644112688
0.008948720378176695	-0.009863206286169894	0.009686515417433388	-0.00335634604915938	0.003762628511582697	-0.009838530329068437	0.011316680721078023	-0.00808541533062527	0.009001046437950935	-0.011065450946809918	0.05910879187933431	-0.05263971013618515	0.10662435523860167	-0.07610012513031802	0.11722447952192777	-0.03910361460052244	0.09170141299777707	-0.09816602719979348	0.10144822212705462	-0.08441695396319805	0.04492757655990702	-0.0958429959295845	0.10710948130713192	-0.16872504188638915	0.10438233722215712	-0.1402185370837562	0.11744530347660972	-0.22652098015753286	0.16582436083142357	-0.11425391336044335	0.10495188634963232	-0.12338515127505821	0.24798964432079962	-0.729452488168277	0.23175486825046726	-0.22321321167523836	0.21018169252079194	-0.32587291470484636	0.9999999999999849	-0.3132693898567612
-0.004345833590397393	0.004791171388460253	-0.004731763303610949	0.0016425557897089803	-0.0018420483614901273	0.004774917308013914	-0.005496480770221669	0.003947017314791336	-0.004411978073543897	0.0054237983036230395	-0.028615016446009632	0.025453530376235683	-0.05224428348271616	0.037585387503250536	-0.05838167900776987	0.01860528076967067	-0.04360711342479278	0.04667808089359919	-0.050884694972457026	0.0426108368528296	-0.021419324918051246	0.0448651463261313	-0.05085904529938157	0.07687953951771641	-0.05783699607220209	0.0625046285798379	-0.05284002284413086	0.09683873743502235	-0.07794549305452919	0.06218697309653046	-0.0474139943069682	0.05438888930730862	-0.11215232257451183	0.19394951263813937	-0.9125819743889699	0.10239054876987773	-0.08969602386328428	0.10505892644112688	-0.3132693898567612	0.9999999999999847
