1.0000000000000002	-0.34712886080608124	0.1954202377235152	-0.10909343668757951	0.09007191082060838	-0.8249242282799103	0.2598600080922299	-0.2057366153682631	0.10226366390180122	-0.07303325850041124	0.1663540591185031	-0.18186452464814207	0.13784289357164548	-0.09750366848589308	0.08142108169603003	-0.13181899318411733	0.10885661481399822	-0.06807851146330723	0.07514675101992073	-0.06764344168604759	0.11195704028487158	-0.0910740789331923	0.06492907537956548	-0.05872776394480953	0.053393120401466904	-0.02139440378043717	0.029641439888951033	-0.03685206010931319	0.05876400666177599	-0.05346140806712915	0.021742567281210427	-0.03156029299356516	0.03800033777220089	-0.025665066402815497	0.032945638608238306
-0.34712886080608124	0.9999999999999996	-0.691199394874969	0.21672703107335414	-0.18825992165403332	0.23350301633585324	-0.42556312909558	0.2782666802137798	-0.2040937302067673	0.13202584756252236	-0.12929389092065627	0.19586695096430573	-0.18696869518007622	0.15026793186350135	-0.1388684112487129	0.09574325643857833	-0.10830422038971381	0.08123995327820788	-0.10033531474593776	0.09313750448259002	-0.10891974484765847	0.08399183128215616	-0.08085495174512115	0.07292569369162755	-0.07265444415233337	0.022987089209863747	-0.03505779391289933	0.04376725359841841	-0.07607096748106218	0.06845704917095491	-0.023612547810149376	0.03652712214881558	-0.045723268864768844	0.03127358846669956	-0.04047491539621848
0.1954202377235152	-0.691199394874969	0.9999999999999991	-0.359395087481576	0.18809014994969486	-0.1879900274077024	0.28068836619604404	-0.41998104500533734	0.2109232445792269	-0.14441411322594702	0.11549240838249296	-0.2298139763575164	0.19619175145174333	-0.1649837228066482	0.13667134197828987	-0.08900915308355754	0.09923060743244516	-0.0789758074430801	0.09619787089996415	-0.09310744160815473	0.09880406543768058	-0.07882290981542835	0.0768106182156772	-0.07074575949529152	0.07024067318464187	-0.02152575509752621	0.033203670279235445	-0.04179624315308316	0.07229850538551968	-0.06712181311915132	0.022048694055711682	-0.034804172055753764	0.04319843110708352	-0.029740998680923683	0.038257162070218315
-0.10909343668757951	0.21672703107335414	-0.359395087481576	0.9999999999999993	-0.55778756560004	0.09922110547328795	-0.16052659031601918	0.17606009680544432	-0.5971816039478111	0.29177552075997953	-0.08548781831045035	0.13517324662714328	-0.12697455402581165	0.25233603233729746	-0.2442906009550006	0.06634618135266987	-0.08823040786498665	0.0866785419041101	-0.12263157817593588	0.12664427174551315	-0.0835220753798728	0.06856512140522972	-0.08869514985756043	0.08308125172002293	-0.09289073215279052	0.021359293802584594	-0.0366320336697633	0.0464389766955686	-0.08785494006397236	0.08201638325559077	-0.02198252737905201	0.03755303182532711	-0.04812554442442049	0.033723632374894015	-0.04354607331780143
0.09007191082060838	-0.18825992165403332	0.18809014994969486	-0.55778756560004	0.9999999999999996	-0.08589701087599573	0.1260614709867941	-0.14225854813603192	0.31294127840985236	-0.6537194606246638	0.07828213528843113	-0.12648681918372318	0.1086081066128251	-0.29897787414178373	0.2569673799001505	-0.062083429808238284	0.08353441860180388	-0.08750968618648763	0.12070269089801892	-0.14491526381360692	0.07858336352708509	-0.06623764941582025	0.0865098102953253	-0.08561957087739751	0.09524711333684083	-0.020796479280344345	0.0359669660833728	-0.04622155100621952	0.086713122501901	-0.08771492656840468	0.021329611580500056	-0.03722699530458095	0.04698537672258256	-0.033372729525437836	0.04258658164030746
-0.8249242282799103	0.23350301633585324	-0.1879900274077024	0.09922110547328795	-0.08589701087599573	0.9999999999999998	-0.38039508379305886	0.192070060866024	-0.09762438085658465	0.06801758280367463	-0.20948197441673405	0.16174643460911295	-0.13577040501451312	0.08935194470109674	-0.0767212497857068	0.13124603776780874	-0.10885155652696242	0.06431610767605647	-0.07100278281127213	0.06263979381292434	-0.11177211389424727	0.08714931152055562	-0.0614018005644255	0.0546305677285264	-0.049803433019774336	0.02022251251827334	-0.027530549971842757	0.03403111530358839	-0.054789820042855764	0.04931888585853522	-0.0205813319023321	0.029101642445999353	-0.03513476941756343	0.023677590986949874	-0.030442913390149824
0.2598600080922299	-0.42556312909558	0.28068836619604404	-0.16052659031601918	0.1260614709867941	-0.38039508379305886	0.9999999999999998	-0.6172147513384687	0.1534081638204192	-0.10569998776837987	0.15133113133404216	-0.34665494278152875	0.259524111165527	-0.1411936577268055	0.11299827438348047	-0.11611766627810761	0.11520505348342643	-0.08343483154743696	0.09444703479658674	-0.08635782863471228	0.11585481401531271	-0.09287706889225465	0.07892710282555301	-0.07131448752023314	0.06698757805058977	-0.023501509820451058	0.03439136993097205	-0.04303734447095534	0.07164345577179039	-0.06562217397257944	0.023999139078388937	-0.03629783960005155	0.044414339607292436	-0.03028889442306102	0.03891852629205799
-0.2057366153682631	0.2782666802137798	-0.41998104500533734	0.17606009680544432	-0.14225854813603192	0.192070060866024	-0.6172147513384687	0.9999999999999987	-0.19780159068956443	0.11531974613511708	-0.12755410565089692	0.29005189098721523	-0.47535975075563514	0.14724282128889193	-0.12190768891256774	0.09363825394810724	-0.10302271395522986	0.08167445206604262	-0.09429209801660463	0.0847458071347077	-0.10149399056589534	0.08002250691141558	-0.0769745968616169	0.06786473864307505	-0.06568785123322124	0.021032033231234634	-0.03174678258413156	0.03973005601306281	-0.06875502294783843	0.06233470127592579	-0.021552450241394704	0.033101184487336094	-0.041103362597571	0.028158124303867396	-0.03628087349044054
0.10226366390180122	-0.2040937302067673	0.2109232445792269	-0.5971816039478111	0.31294127840985236	-0.09762438085658465	0.1534081638204192	-0.19780159068956443	0.9999999999999976	-0.45416767681248965	0.08717536238193584	-0.14853326268462796	0.13506429982624835	-0.4810093539496054	0.2747567803129217	-0.06878636284082644	0.09179702277668629	-0.09659517172531307	0.13583404103954377	-0.1476392220613583	0.0859248646377711	-0.07233098377511911	0.09495345365225069	-0.09179048451477743	0.101538526798477	-0.022439895995645106	0.03874682532346033	-0.04954738777826127	0.09362310991482228	-0.0914748055732352	0.023040299600762634	-0.03989226739514841	0.05065687066490181	-0.03581215094656028	0.04588846585700655
-0.07303325850041124	0.13202584756252236	-0.14441411322594702	0.29177552075997953	-0.6537194606246638	0.06801758280367463	-0.10569998776837987	0.11531974613511708	-0.45416767681248965	0.999999999999998	-0.06852360996497846	0.10244180445190187	-0.09400680543458204	0.2873368569391562	-0.4737244830933438	0.054557610188131975	-0.07783296116204635	0.08769151436508571	-0.13142257525320225	0.1577448277998753	-0.07109548869939292	0.060878634888085155	-0.08967295113329958	0.08671406591291032	-0.10733806869122114	0.01992716469465516	-0.035891368246779375	0.045938411761312296	-0.09098292349689971	0.08888209906027397	-0.020499906370858016	0.036481355124236316	-0.046988874258827355	0.033489647178015745	-0.043007461730607155
0.1663540591185031	-0.12929389092065627	0.11549240838249296	-0.08548781831045035	0.07828213528843113	-0.20948197441673405	0.15133113133404216	-0.12755410565089692	0.08717536238193584	-0.06852360996497846	0.9999999999999978	-0.23054365438692737	0.14776886417702895	-0.10555850948104137	0.08806289118050979	-0.75864612235633	0.2574669761671289	-0.12380075952292778	0.11554226032151899	-0.0972116756207043	0.2577528007103519	-0.24021029703256022	0.10952070428902798	-0.09740863868108503	0.07892423451978724	-0.042707695246942214	0.051406171960032526	-0.0629561151248211	0.0916407647293975	-0.08314356320803087	0.04231439778048735	-0.0553627772392572	0.06330536410297247	-0.041981529352300165	0.053314906560422565
-0.18186452464814207	0.19586695096430573	-0.2298139763575164	0.13517324662714328	-0.12648681918372318	0.16174643460911295	-0.34665494278152875	0.29005189098721523	-0.14853326268462796	0.10244180445190187	-0.23054365438692737	0.9999999999999974	-0.7715627374134955	0.15050050122104738	-0.12878942999351572	0.14506208883249305	-0.1516797245531538	0.10911004321839048	-0.11875214768627035	0.09846296207226997	-0.14595127088359938	0.11325167180954587	-0.10095248214562322	0.08524615748501792	-0.07905456550258357	0.02786314200628355	-0.04032756107549849	0.05004016809888407	-0.08553716370954914	0.07545980821894609	-0.0285265527319989	0.041895416693352554	-0.0517763898413947	0.03518259408411062	-0.04538649275044241
0.13784289357164548	-0.18696869518007622	0.19619175145174333	-0.12697455402581165	0.1086081066128251	-0.13577040501451312	0.259524111165527	-0.47535975075563514	0.13506429982624835	-0.09400680543458204	0.14776886417702895	-0.7715627374134955	0.9999999999999998	-0.16109448275482838	0.11548595015504938	-0.11302194348753286	0.11454231003818917	-0.10448211957462139	0.10374010337215007	-0.08823220456198956	0.10923055706892001	-0.09095666088075659	0.08735801231017626	-0.07481447177511717	0.06865130320158355	-0.02253964924134992	0.033791206414166615	-0.04244999177395863	0.07282592620676795	-0.06605700031056551	0.023003122781760775	-0.03529227395650217	0.04341583747628129	-0.029771244215050105	0.038168726039579284
-0.09750366848589308	0.15026793186350135	-0.1649837228066482	0.25233603233729746	-0.29897787414178373	0.08935194470109674	-0.1411936577268055	0.14724282128889193	-0.4810093539496054	0.2873368569391562	-0.10555850948104137	0.15050050122104738	-0.16109448275482838	0.9999999999999987	-0.6386148800743563	0.08418753936742493	-0.12755492244782607	0.15284604746472905	-0.26144272841893423	0.2357840983139492	-0.11277132435916697	0.09765505274341164	-0.157635682782674	0.14492152725771706	-0.17490326303846757	0.03262804529855048	-0.060170470342363114	0.07643834402525097	-0.15505872766484666	0.14164378735656563	-0.033675632465366846	0.06033509989996754	-0.07912831731671575	0.056038135331868175	-0.07257934383496509
0.08142108169603003	-0.1388684112487129	0.13667134197828987	-0.2442906009550006	0.2569673799001505	-0.0767212497857068	0.11299827438348047	-0.12190768891256774	0.2747567803129217	-0.4737244830933438	0.08806289118050979	-0.12878942999351572	0.11548595015504938	-0.6386148800743563	0.9999999999999991	-0.07188605276446891	0.10726084734686626	-0.1380354497049631	0.2063918948038441	-0.37687944082880326	0.09522430132183929	-0.0852425017973413	0.13478574477429825	-0.13936231977776245	0.17860203681795486	-0.0285675508745089	0.052933682945556136	-0.06883516738144337	0.13895426944244485	-0.1521253846871938	0.029309778441112634	-0.05383340510945521	0.06880645237432334	-0.05009122970314367	0.06351839567035869
-0.13181899318411733	0.09574325643857833	-0.08900915308355754	0.06634618135266987	-0.062083429808238284	0.13124603776780874	-0.11611766627810761	0.09363825394810724	-0.06878636284082644	0.054557610188131975	-0.75864612235633	0.14506208883249305	-0.11302194348753286	0.08418753936742493	-0.07188605276446891	0.9999999999999968	-0.39599317490384045	0.11957357604762504	-0.10804986068601477	0.0832520012026399	-0.3793832221433909	0.2482184305595138	-0.10489048138678275	0.08650550576058036	-0.06875666459267339	0.04270592616481506	-0.045813217576413025	0.05452591368864463	-0.08022070195037419	0.07106883197414214	-0.042565869764710794	0.04800101533268926	-0.05450256203504656	0.035708179511848875	-0.04536324442090582
0.10885661481399822	-0.10830422038971381	0.09923060743244516	-0.08823040786498665	0.08353441860180388	-0.10885155652696242	0.11520505348342643	-0.10302271395522986	0.09179702277668629	-0.07783296116204635	0.2574669761671289	-0.1516797245531538	0.11454231003818917	-0.12755492244782607	0.10726084734686626	-0.39599317490384045	0.9999999999999987	-0.29717240202082795	0.19245674901460805	-0.14628371150277308	0.32012868880160045	-0.62351316098203	0.1948857100695539	-0.16084168757443296	0.11796094799448266	-0.05509890126293232	0.07334398614167882	-0.0900564653475028	0.1362050849715924	-0.12385044284607384	0.05496617930426892	-0.07634367869859755	0.0871605151285626	-0.0584201387922458	0.07340723021691783
-0.06807851146330723	0.08123995327820788	-0.0789758074430801	0.0866785419041101	-0.08750968618648763	0.06431610767605647	-0.08343483154743696	0.08167445206604262	-0.09659517172531307	0.08769151436508571	-0.12380075952292778	0.10911004321839048	-0.10448211957462139	0.15284604746472905	-0.1380354497049631	0.11957357604762504	-0.29717240202082795	0.9999999999999988	-0.5952951035761501	0.23037130850847848	-0.1518382029315861	0.17771193544827296	-0.5900639532883969	0.2710949733445802	-0.19442561128736116	0.04212423077878255	-0.0801178909542223	0.10441853697576793	-0.21201792801232297	0.17503000394812135	-0.04312502814119402	0.07708032611584358	-0.09879242824334408	0.0696530874481619	-0.08748914176518502
0.07514675101992073	-0.10033531474593776	0.09619787089996415	-0.12263157817593588	0.12070269089801892	-0.07100278281127213	0.09444703479658674	-0.09429209801660463	0.13583404103954377	-0.13142257525320225	0.11554226032151899	-0.11875214768627035	0.10374010337215007	-0.26144272841893423	0.2063918948038441	-0.10804986068601477	0.19245674901460805	-0.5952951035761501	0.999999999999999	-0.4881169690753427	0.1411045448272234	-0.15859430600378602	0.2897125085928494	-0.32766013112873704	0.24605493707629272	-0.04338096676704468	0.08161685844469442	-0.10993241399418185	0.21927953131048886	-0.2446797384519319	0.044103081112804254	-0.08296997334748896	0.102467174094431	-0.07617480290669368	0.09336549986340392
-0.06764344168604759	0.09313750448259002	-0.09310744160815473	0.12664427174551315	-0.14491526381360692	0.06263979381292434	-0.08635782863471228	0.0847458071347077	-0.1476392220613583	0.1577448277998753	-0.0972116756207043	0.09846296207226997	-0.08823220456198956	0.2357840983139492	-0.37687944082880326	0.0832520012026399	-0.14628371150277308	0.23037130850847848	-0.4881169690753427	0.999999999999999	-0.11752074019001728	0.11329388838667603	-0.24749912325904624	0.24238318263668607	-0.5676364243561592	0.04224003947834863	-0.08680228409278895	0.11184533272510638	-0.2657008460939391	0.26687754186991564	-0.0436332578863511	0.08407862616470353	-0.11234702340597728	0.08302270650059089	-0.10672661332196193
0.11195704028487158	-0.10891974484765847	0.09880406543768058	-0.0835220753798728	0.07858336352708509	-0.11177211389424727	0.11585481401531271	-0.10149399056589534	0.0859248646377711	-0.07109548869939292	0.2577528007103519	-0.14595127088359938	0.10923055706892001	-0.11277132435916697	0.09522430132183929	-0.3793832221433909	0.32012868880160045	-0.1518382029315861	0.1411045448272234	-0.11752074019001728	0.9999999999999983	-0.6375272647782481	0.14471622569498285	-0.12687809879084297	0.09767532529509114	-0.10132252199321164	0.08054273539357536	-0.09215951425293431	0.11797617932722117	-0.1054995908813897	0.09038093273386155	-0.0858221219680864	0.09057664994295342	-0.057438374434299534	0.07248554031742789
-0.0910740789331923	0.08399183128215616	-0.07882290981542835	0.06856512140522972	-0.06623764941582025	0.08714931152055562	-0.09287706889225465	0.08002250691141558	-0.07233098377511911	0.060878634888085155	-0.24021029703256022	0.11325167180954587	-0.09095666088075659	0.09765505274341164	-0.0852425017973413	0.2482184305595138	-0.62351316098203	0.17771193544827296	-0.15859430600378602	0.11329388838667603	-0.6375272647782481	0.9999999999999974	-0.18504900137968458	0.13068498206762486	-0.09759391738830737	0.06665253643818492	-0.07377722700556841	0.0816205189865519	-0.11794667400903615	0.09972199522489597	-0.06750082811988067	0.07153800165934227	-0.07960436725974737	0.05086792957895982	-0.06456424971093275
0.06492907537956548	-0.08085495174512115	0.0768106182156772	-0.08869514985756043	0.0865098102953253	-0.0614018005644255	0.07892710282555301	-0.0769745968616169	0.09495345365225069	-0.08967295113329958	0.10952070428902798	-0.10095248214562322	0.08735801231017626	-0.157635682782674	0.13478574477429825	-0.10489048138678275	0.1948857100695539	-0.5900639532883969	0.2897125085928494	-0.24749912325904624	0.14471622569498285	-0.18504900137968458	0.9999999999999982	-0.5940532740480445	0.20801911093600295	-0.04662879481208261	0.0930273413984385	-0.134710244345936	0.2431374414059835	-0.22106987436242734	0.04722549150082883	-0.09068762638316763	0.11096227222115197	-0.08042765183160105	0.09625503569857896
-0.05872776394480953	0.07292569369162755	-0.07074575949529152	0.08308125172002293	-0.08561957087739751	0.0546305677285264	-0.07131448752023314	0.06786473864307505	-0.09179048451477743	0.08671406591291032	-0.09740863868108503	0.08524615748501792	-0.07481447177511717	0.14492152725771706	-0.13936231977776245	0.08650550576058036	-0.16084168757443296	0.2710949733445802	-0.32766013112873704	0.24238318263668607	-0.12687809879084297	0.13068498206762486	-0.5940532740480445	0.9999999999999986	-0.3456980348685654	0.051437455875967375	-0.1153664200926313	0.15434513340062456	-0.5080727068828274	0.2745690747471805	-0.05302589910491096	0.10568669267090339	-0.14075799916497486	0.10598329851923229	-0.1294868796215622
0.053393120401466904	-0.07265444415233337	0.07024067318464187	-0.09289073215279052	0.09524711333684083	-0.049803433019774336	0.06698757805058977	-0.06568785123322124	0.101538526798477	-0.10733806869122114	0.07892423451978724	-0.07905456550258357	0.06865130320158355	-0.17490326303846757	0.17860203681795486	-0.06875666459267339	0.11796094799448266	-0.19442561128736116	0.24605493707629272	-0.5676364243561592	0.09767532529509114	-0.09759391738830737	0.20801911093600295	-0.3456980348685654	0.9999999999999981	-0.03956517010227286	0.08344056218115473	-0.11445058007270564	0.2819861247350468	-0.6085529612391622	0.04042034472864101	-0.08268457179195685	0.1056360845231864	-0.085880526862276	0.10449917590563385
-0.02139440378043717	0.022987089209863747	-0.02152575509752621	0.021359293802584594	-0.020796479280344345	0.02022251251827334	-0.023501509820451058	0.021032033231234634	-0.022439895995645106	0.01992716469465516	-0.042707695246942214	0.02786314200628355	-0.02253964924134992	0.03262804529855048	-0.0285675508745089	0.04270592616481506	-0.05509890126293232	0.04212423077878255	-0.04338096676704468	0.04224003947834863	-0.10132252199321164	0.06665253643818492	-0.04662879481208261	0.051437455875967375	-0.03956517010227286	0.9999999999999976	-0.2287356897077134	0.14404147643652215	-0.0684944725189332	0.052830892459926206	-0.9358719200748549	0.18584304480686203	-0.1415654728590593	0.061013611696634065	-0.07633530792625932
0.029641439888951033	-0.03505779391289933	0.033203670279235445	-0.0366320336697633	0.0359669660833728	-0.027530549971842757	0.03439136993097205	-0.03174678258413156	0.03874682532346033	-0.035891368246779375	0.051406171960032526	-0.04032756107549849	0.033791206414166615	-0.060170470342363114	0.052933682945556136	-0.045813217576413025	0.07334398614167882	-0.0801178909542223	0.08161685844469442	-0.08680228409278895	0.08054273539357536	-0.07377722700556841	0.0930273413984385	-0.1153664200926313	0.08344056218115473	-0.2287356897077134	0.9999999999999977	-0.6658670495811201	0.16213486013065934	-0.12375409758732085	0.18546289763180612	-0.5922093014465212	0.2975292368533988	-0.12873463422338938	0.14835764670917054
-0.03685206010931319	0.04376725359841841	-0.04179624315308316	0.0464389766955686	-0.04622155100621952	0.03403111530358839	-0.04303734447095534	0.03973005601306281	-0.04954738777826127	0.045938411761312296	-0.0629561151248211	0.05004016809888407	-0.04244999177395863	0.07643834402525097	-0.06883516738144337	0.05452591368864463	-0.0900564653475028	0.10441853697576793	-0.10993241399418185	0.11184533272510638	-0.09215951425293431	0.0816205189865519	-0.134710244345936	0.15434513340062456	-0.11445058007270564	0.14404147643652215	-0.6658670495811201	0.9999999999999981	-0.29091472559745657	0.16257083905027023	-0.15334239143666464	0.318149314912771	-0.504597419004513	0.18318845088326768	-0.229066779703904
0.05876400666177599	-0.07607096748106218	0.07229850538551968	-0.08785494006397236	0.086713122501901	-0.054789820042855764	0.07164345577179039	-0.06875502294783843	0.09362310991482228	-0.09098292349689971	0.0916407647293975	-0.08553716370954914	0.07282592620676795	-0.15505872766484666	0.13895426944244485	-0.08022070195037419	0.1362050849715924	-0.21201792801232297	0.21927953131048886	-0.2657008460939391	0.11797617932722117	-0.11794667400903615	0.2431374414059835	-0.5080727068828274	0.2819861247350468	-0.0684944725189332	0.16213486013065934	-0.29091472559745657	0.9999999999999984	-0.5908675523285201	0.06864920249262285	-0.15682560438242202	0.18899809810816914	-0.17925393688505403	0.1762874333772963
-0.05346140806712915	0.06845704917095491	-0.06712181311915132	0.08201638325559077	-0.08771492656840468	0.04931888585853522	-0.06562217397257944	0.06233470127592579	-0.0914748055732352	0.08888209906027397	-0.08314356320803087	0.07545980821894609	-0.06605700031056551	0.14164378735656563	-0.1521253846871938	0.07106883197414214	-0.12385044284607384	0.17503000394812135	-0.2446797384519319	0.26687754186991564	-0.1054995908813897	0.09972199522489597	-0.22106987436242734	0.2745690747471805	-0.6085529612391622	0.052830892459926206	-0.12375409758732085	0.16257083905027023	-0.5908675523285201	0.9999999999999984	-0.05470042433225984	0.11472757189616228	-0.1575683434453003	0.13026578526321872	-0.16985535910463484
0.021742567281210427	-0.023612547810149376	0.022048694055711682	-0.02198252737905201	0.021329611580500056	-0.0205813319023321	0.023999139078388937	-0.021552450241394704	0.023040299600762634	-0.020499906370858016	0.04231439778048735	-0.0285265527319989	0.023003122781760775	-0.033675632465366846	0.029309778441112634	-0.042565869764710794	0.05496617930426892	-0.04312502814119402	0.044103081112804254	-0.0436332578863511	0.09038093273386155	-0.06750082811988067	0.04722549150082883	-0.05302589910491096	0.04042034472864101	-0.9358719200748549	0.18546289763180612	-0.15334239143666464	0.06864920249262285	-0.05470042433225984	0.999999999999998	-0.23110206609956457	0.1351714866323614	-0.06026426437014897	0.07268883786353963
-0.03156029299356516	0.03652712214881558	-0.034804172055753764	0.03755303182532711	-0.03722699530458095	0.029101642445999353	-0.03629783960005155	0.033101184487336094	-0.03989226739514841	0.036481355124236316	-0.0553627772392572	0.041895416693352554	-0.03529227395650217	0.06033509989996754	-0.05383340510945521	0.04800101533268926	-0.07634367869859755	0.07708032611584358	-0.08296997334748896	0.08407862616470353	-0.0858221219680864	0.07153800165934227	-0.09068762638316763	0.10568669267090339	-0.08268457179195685	0.18584304480686203	-0.5922093014465212	0.318149314912771	-0.15682560438242202	0.11472757189616228	-0.23110206609956457	0.9999999999999982	-0.614979711242607	0.19622803638120992	-0.25041542301565134
0.03800033777220089	-0.045723268864768844	0.04319843110708352	-0.04812554442442049	0.04698537672258256	-0.03513476941756343	0.044414339607292436	-0.041103362597571	0.05065687066490181	-0.046988874258827355	0.06330536410297247	-0.0517763898413947	0.04341583747628129	-0.07912831731671575	0.06880645237432334	-0.05450256203504656	0.0871605151285626	-0.09879242824334408	0.102467174094431	-0.11234702340597728	0.09057664994295342	-0.07960436725974737	0.11096227222115197	-0.14075799916497486	0.1056360845231864	-0.1415654728590593	0.2975292368533988	-0.504597419004513	0.18899809810816914	-0.1575683434453003	0.1351714866323614	-0.614979711242607	0.9999999999999979	-0.38513119525261963	0.26444528879444207
-0.025665066402815497	0.03127358846669956	-0.029740998680923683	0.033723632374894015	-0.033372729525437836	0.023677590986949874	-0.03028889442306102	0.028158124303867396	-0.03581215094656028	0.033489647178015745	-0.041981529352300165	0.03518259408411062	-0.029771244215050105	0.056038135331868175	-0.05009122970314367	0.035708179511848875	-0.0584201387922458	0.0696530874481619	-0.07617480290669368	0.08302270650059089	-0.057438374434299534	0.05086792957895982	-0.08042765183160105	0.10598329851923229	-0.085880526862276	0.061013611696634065	-0.12873463422338938	0.18318845088326768	-0.17925393688505403	0.13026578526321872	-0.06026426437014897	0.19622803638120992	-0.38513119525261963	0.9999999999999982	-0.8607101171641292
0.032945638608238306	-0.04047491539621848	0.038257162070218315	-0.04354607331780143	0.04258658164030746	-0.030442913390149824	0.03891852629205799	-0.03628087349044054	0.04588846585700655	-0.043007461730607155	0.053314906560422565	-0.04538649275044241	0.038168726039579284	-0.07257934383496509	0.06351839567035869	-0.04536324442090582	0.07340723021691783	-0.08748914176518502	0.09336549986340392	-0.10672661332196193	0.07248554031742789	-0.06456424971093275	0.09625503569857896	-0.1294868796215622	0.10449917590563385	-0.07633530792625932	0.14835764670917054	-0.229066779703904	0.1762874333772963	-0.16985535910463484	0.07268883786353963	-0.25041542301565134	0.26444528879444207	-0.8607101171641292	0.9999999999999983
