1.0	-0.4271157762479214	0.267199536162374	-0.17356864215581408	0.10996671592002846	-0.5558796958011272	0.30624793164895636	-0.3011982663949628	0.1992876109816805	-0.16638032418121115	0.27284765618879137	-0.2672103117820761	0.2237600311918091	-0.1645134318525573	0.13488796985196563	-0.3795334544838118	0.25626589105992104	-0.2253847023636098	0.17449559470192139	-0.1706255460356905	0.12917751408031	-0.1379365738544788	0.1561970551700276	-0.18493501444507374	0.19289524847568665	-0.14864739336372226	0.11969903939457577	-0.1549789648717023	0.11232802689849003	-0.16604279806799602	0.08959729527017962	-0.11772724099525611	0.09294544489378895	-0.08764515521123163	0.09502146870021053	-0.0989891781198924	0.06950020074721211	-0.08033617648149784	0.0717592451085709	-0.06543082973677894
-0.4271157762479214	1.0000000000000002	-0.7699723925519495	0.10467334431697094	-0.06914118400138476	0.21719580745205339	-0.33256647377516646	0.2628907261652659	-0.14150248737488708	0.09983092665288806	-0.16208910289734046	0.1708887052620435	-0.17583382450695595	0.10982565944937683	-0.0859110224694749	0.18729387416373108	-0.16702055896821152	0.14521436361020304	-0.11451253778901055	0.10471168119026382	-0.06920300193981202	0.07630193620195384	-0.0950306747407751	0.10334585028617443	-0.11653002341276326	0.07875836289591767	-0.06723524598598107	0.08948493511613935	-0.06341626935472876	0.09212184997385456	-0.048776058058940724	0.0641857291327078	-0.05181767056872554	0.04856934670270403	-0.053050441009017374	0.053314680881804695	-0.03804487693759201	0.04381368590609524	-0.039821138498053826	0.03616929572852501
0.267199536162374	-0.7699723925519495	1.0000000000000002	-0.12718376029862838	0.0813076192117443	-0.2120676113707324	0.2601862424359824	-0.42576061500554196	0.1572579160456764	-0.11801473652243198	0.16041552273176096	-0.18239036619587898	0.19784806123964804	-0.1278040911501795	0.09905367270034224	-0.21314766893049272	0.17671424561203727	-0.17239691749052505	0.13003596891550398	-0.12234378549652483	0.07830786490886893	-0.0868084801665188	0.10759780295733364	-0.1202643556982629	0.13111473523492123	-0.09010624535069597	0.07623148440353093	-0.10335756735613509	0.07335293402006231	-0.10704470548789222	0.05581193000936173	-0.07394506357640605	0.059402419453659455	-0.05591995804760333	0.06078587077482432	-0.061388996728282255	0.04369731856860814	-0.050474883165024534	0.045682078293800235	-0.04161102309028675
-0.17356864215581408	0.10467334431697094	-0.12718376029862838	1.0	-0.7578642332014536	0.11825347474233672	-0.1532388583889854	0.14874037569414536	-0.32515541911238466	0.30039119547860316	-0.12017117748711229	0.12781978859800805	-0.1591826826232694	0.19613246252233552	-0.24461051708899012	0.15370830159258567	-0.19060260648353217	0.1611169039431024	-0.2066996966716693	0.20104391827854703	-0.06819001344358724	0.0796349584307027	-0.1146935103121869	0.13973967764616999	-0.24668170579489668	0.07785857931255244	-0.07324184925140156	0.10244138512685147	-0.08610648615332185	0.12477160885741186	-0.056622585457437376	0.0765772106461143	-0.06480740278320117	0.06141052175602109	-0.06972298075381962	0.06161442763585698	-0.04624389672017173	0.053280334627369474	-0.050955494168546576	0.04633504914481362
0.10996671592002846	-0.06914118400138476	0.0813076192117443	-0.7578642332014536	0.9999999999999992	-0.07848595531046261	0.09988780120454334	-0.1018040637572523	0.20236828520334454	-0.5295912105820574	0.07966145590494349	-0.08669633645814921	0.10948834928940715	-0.15568455552940946	0.21142828082211312	-0.10600045074439349	0.12447845283375805	-0.1160505670957911	0.14986751431873016	-0.18508262127659902	0.04679532441323233	-0.05491573118516901	0.07890203541861389	-0.10022358010401454	0.15961137599653613	-0.05385422013878924	0.05030881810582144	-0.07175317310370749	0.06073294904561167	-0.08860659612485856	0.03896432793152299	-0.05319217614490896	0.04467290621142019	-0.04265932023768121	0.047919270871619506	-0.04272541479194136	0.03192655753472878	-0.036960887750964296	0.03509964512840112	-0.03209540782712805
-0.5558796958011272	0.21719580745205339	-0.2120676113707324	0.11825347474233672	-0.07848595531046261	0.999999999999999	-0.4825826158979494	0.24186993869299034	-0.16475764992411732	0.11732515571473394	-0.5357037116898756	0.284005036851249	-0.21218596895530828	0.13038423416645895	-0.1023447769833849	0.26898737302524867	-0.2443568556275405	0.17899528056882272	-0.13939220748401965	0.12572110803601702	-0.09602024266981006	0.1014541676878627	-0.12085707075161489	0.12642121906872789	-0.14557813776215142	0.10494626861458779	-0.08922950622611231	0.1129148628608948	-0.07833226671706574	0.1129908803761012	-0.06297118312555201	0.08103578068624491	-0.06561317897379154	0.060944670597903546	-0.06687968312840217	0.06774985488863401	-0.048236795409607916	0.05515393337312069	-0.05024763391364284	0.045373700318302644
0.30624793164895636	-0.33256647377516646	0.2601862424359824	-0.1532388583889854	0.09988780120454334	-0.4825826158979494	0.9999999999999982	-0.5047720278504193	0.2032820581422701	-0.15226221882561475	0.2861128845279153	-0.4133352794104569	0.27342413486159306	-0.1701008474927204	0.12959321082714417	-0.3070409125392835	0.2605549205408376	-0.238061619772564	0.17367430767839023	-0.161834034705387	0.10986903359101272	-0.12087128031662019	0.14652710880646416	-0.15900445291319046	0.17335503403877026	-0.12480408207611227	0.10537273497122754	-0.1406297504398117	0.09745812168270118	-0.14141145196118574	0.0752565887054041	-0.0988510398081415	0.07955694618172922	-0.07456729385948238	0.08104032016466921	-0.08219325165292915	0.05843327179808998	-0.0672814167340209	0.060953772557723954	-0.05537751594531404
-0.3011982663949628	0.2628907261652659	-0.42576061500554196	0.14874037569414536	-0.1018040637572523	0.24186993869299034	-0.5047720278504193	0.9999999999999989	-0.28433073049696	0.15209654831199465	-0.2269804987460889	0.26278907489516506	-0.508798653601064	0.20051010237481856	-0.14226906500607692	0.23706121894296744	-0.26285947560927087	0.25249498393316655	-0.2004833910362064	0.1663503104565775	-0.09438083408972313	0.107728277798733	-0.1511756619198404	0.14769165646283078	-0.17483572111664497	0.10678528982560835	-0.09633401100295752	0.13318136447064802	-0.09155696690917306	0.1301556581162465	-0.06734249505931372	0.08897505060285081	-0.07340491512507831	0.06842069189612916	-0.07498664341109469	0.07297953724745702	-0.052848622217763166	0.060695680048571427	-0.056016213892919546	0.05072238631221435
0.1992876109816805	-0.14150248737488708	0.1572579160456764	-0.32515541911238466	0.20236828520334454	-0.16475764992411732	0.2032820581422701	-0.28433073049696	0.9999999999999997	-0.34138223362032705	0.16283408115636858	-0.19210146294582897	0.24828829602371363	-0.6146262168879901	0.27466666139057333	-0.2366857240491021	0.23210020575481757	-0.2707466455236873	0.29525202957380053	-0.316457838483163	0.10015228419580514	-0.11774270382504205	0.1624777526675495	-0.21917981395480723	0.24220381801892732	-0.11724905705828524	0.10599545650856401	-0.156098619352936	0.12796410459760602	-0.18905910800686382	0.08168830611744879	-0.11299263509050375	0.09257666484945659	-0.08940959297692533	0.09776560739071272	-0.09102275666212717	0.06680531647868754	-0.0780208945944993	0.07233479241057517	-0.06677965756702611
-0.16638032418121115	0.09983092665288806	-0.11801473652243198	0.30039119547860316	-0.5295912105820574	0.11732515571473394	-0.15226221882561475	0.15209654831199465	-0.34138223362032705	0.9999999999999981	-0.12088713818083391	0.13109656147277163	-0.1724450638991224	0.24631202374244157	-0.5499685941345178	0.155579230496618	-0.19245350054031976	0.1759750843215776	-0.25307555547129285	0.272783604766678	-0.06948131559582488	0.08172552954344069	-0.12033900269418306	0.1476438683507649	-0.2577128723759595	0.07957321008009283	-0.07519361454722143	0.10693507443599286	-0.09055727266421591	0.13055616101503623	-0.05756446010170143	0.07834532314028884	-0.06630661152883276	0.06309953802744502	-0.07121725287335769	0.0628319754339027	-0.04715317939628554	0.05446210215829746	-0.052048047088042074	0.04747109167983195
0.27284765618879137	-0.16208910289734046	0.16041552273176096	-0.12017117748711229	0.07966145590494349	-0.5357037116898756	0.2861128845279153	-0.2269804987460889	0.16283408115636858	-0.12088713818083391	1.0000000000000018	-0.5912762545967302	0.22909523387678082	-0.13737775377043854	0.10547482251834764	-0.42947041387979157	0.269345675291711	-0.20137010968000996	0.14504456036375588	-0.13159880879695268	0.11908054771806878	-0.11913992491005773	0.13019491146941975	-0.13224332440917963	0.14966445253572405	-0.12710062901916835	0.1021595438416724	-0.1235770512756559	0.08240282386782424	-0.1180631098440452	0.06915529133246436	-0.08713941614240639	0.07010164031329758	-0.06473006849712278	0.07070846623198827	-0.0736344503491097	0.05178818361805682	-0.058887716674276225	0.053352939199110494	-0.048000031841766266
-0.2672103117820761	0.1708887052620435	-0.18239036619587898	0.12781978859800805	-0.08669633645814921	0.284005036851249	-0.4133352794104569	0.26278907489516506	-0.19210146294582897	0.13109656147277163	-0.5912762545967302	0.9999999999999998	-0.4147335073376541	0.16283272733918389	-0.12051471780772484	0.2872264555416675	-0.4144950028110938	0.24175943469034503	-0.17313817396797693	0.14626268172746035	-0.10723012326674809	0.11867510466304004	-0.14548005533390507	0.13847887178237284	-0.1603804016717021	0.11622325003011562	-0.10330411908417944	0.13161930553467144	-0.08660933427832568	0.12274913078228408	-0.06824642216866557	0.08793175535967519	-0.07190099723287383	0.0664258744571804	-0.07260961110526859	0.07295197378401351	-0.0521951129905362	0.05952449316016092	-0.0545408221970303	0.04912818671146919
0.2237600311918091	-0.17583382450695595	0.19784806123964804	-0.1591826826232694	0.10948834928940715	-0.21218596895530828	0.27342413486159306	-0.508798653601064	0.24828829602371363	-0.1724450638991224	0.22909523387678082	-0.4147335073376541	0.999999999999998	-0.29768500185988916	0.16642796419777214	-0.2557720734068568	0.27800603187691947	-0.5202879533130977	0.24767080124215052	-0.2036731500365083	0.10333242750743614	-0.12224938861354846	0.1811115061204463	-0.1658335246033926	0.1850566666761717	-0.11859399948681139	0.1083320170213102	-0.16378918754509103	0.10274543430562633	-0.14378961975900062	0.0727966486332164	-0.09714013399574783	0.08052792231818043	-0.07511204770221246	0.08114377971040404	-0.07901297174308317	0.05725118512362453	-0.06586888109507924	0.06075411019914352	-0.05507296733152453
-0.1645134318525573	0.10982565944937683	-0.1278040911501795	0.19613246252233552	-0.15568455552940946	0.13038423416645895	-0.1701008474927204	0.20051010237481856	-0.6146262168879901	0.24631202374244157	-0.13737775377043854	0.16283272733918389	-0.29768500185988916	0.9999999999999972	-0.41434029752563056	0.17509319266728382	-0.20421768454725256	0.2477326494485318	-0.4886447706496469	0.2922347595995828	-0.07657150485949629	0.0910432252321479	-0.13836447085678194	0.16306032496272976	-0.20737259589563925	0.08835703487959282	-0.08287777880764995	0.12266664115639223	-0.09812770248703499	0.13685082754515143	-0.06069182795487551	0.08288449323665001	-0.06967670155974098	0.0663647380814489	-0.0732824836373393	0.06650699069792088	-0.04934667375191364	0.05715041899059106	-0.05395640383854214	0.04932028882221455
0.13488796985196563	-0.0859110224694749	0.09905367270034224	-0.24461051708899012	0.21142828082211312	-0.1023447769833849	0.12959321082714417	-0.14226906500607692	0.27466666139057333	-0.5499685941345178	0.10547482251834764	-0.12051471780772484	0.16642796419777214	-0.41434029752563056	0.9999999999999982	-0.14194567863418286	0.16335990838951114	-0.18421458822900935	0.27528728746178277	-0.5831057849268223	0.06304735868555196	-0.07492051399947737	0.11088628535609626	-0.14430712361333237	0.21208207801570328	-0.07300694268573772	0.06850043424803522	-0.10099382737227776	0.08599122380685432	-0.12462360040727041	0.052199359637171254	-0.07196423527023332	0.06040324463226685	-0.0581318676976797	0.0645508719821045	-0.057507947342977275	0.04293227796968857	-0.04990648094941081	0.047303567788788775	-0.04348889813743555
-0.3795334544838118	0.18729387416373108	-0.21314766893049272	0.15370830159258567	-0.10600045074439349	0.26898737302524867	-0.3070409125392835	0.23706121894296744	-0.2366857240491021	0.155579230496618	-0.42947041387979157	0.2872264555416675	-0.2557720734068568	0.17509319266728382	-0.14194567863418286	0.9999999999999948	-0.5156627045047046	0.24408340523350425	-0.1999455855585784	0.17308824009408277	-0.3051720907674419	0.20535719377054182	-0.20484734022468734	0.1813152831421791	-0.24265326680267812	0.2224938634176801	-0.18745208997501842	0.1817302912977182	-0.11776706670036072	0.16427817707237558	-0.11814508266793723	0.1338956217607095	-0.110610176930482	0.09829012564609724	-0.11107522010399953	0.1155993229232258	-0.08196860143443802	0.09010020689774806	-0.0836189244806867	0.07333314913306002
0.25626589105992104	-0.16702055896821152	0.17671424561203727	-0.19060260648353217	0.12447845283375805	-0.2443568556275405	0.2605549205408376	-0.26285947560927087	0.23210020575481757	-0.19245350054031976	0.269345675291711	-0.4144950028110938	0.27800603187691947	-0.20421768454725256	0.16335990838951114	-0.5156627045047046	0.9999999999999929	-0.41251261108564785	0.2315869550339576	-0.2147129199880542	0.18933145261710047	-0.24549109598626673	0.22397878692383175	-0.22456866007884285	0.23378628154361614	-0.21356741777696472	0.18494534617671785	-0.22641802202204792	0.1400269219230896	-0.20007876448708198	0.11483081262457515	-0.14879432811070023	0.11830102680405151	-0.10952995932597777	0.11750876804201477	-0.12406517011521401	0.08696128124236502	-0.09935411942459253	0.08915115252688227	-0.08047265932428616
-0.2253847023636098	0.14521436361020304	-0.17239691749052505	0.1611169039431024	-0.1160505670957911	0.17899528056882272	-0.238061619772564	0.25249498393316655	-0.2707466455236873	0.1759750843215776	-0.20137010968000996	0.24175943469034503	-0.5202879533130977	0.2477326494485318	-0.18421458822900935	0.24408340523350425	-0.41251261108564785	0.9999999999999967	-0.4607856577630667	0.23047531066284926	-0.11556228483900462	0.14550722726604687	-0.3380922461801233	0.1878060146028721	-0.22176113834510577	0.1317729494272517	-0.13417040929397045	0.21440897851832982	-0.1215999214603314	0.16005701374282763	-0.0818395318890133	0.10935969423539817	-0.09446121446625651	0.08619862108286634	-0.09316847910442497	0.0874082967154852	-0.06460853479158865	0.0738240015004048	-0.0695385537930034	0.06242347297639888
0.17449559470192139	-0.11451253778901055	0.13003596891550398	-0.2066996966716693	0.14986751431873016	-0.13939220748401965	0.17367430767839023	-0.2004833910362064	0.29525202957380053	-0.25307555547129285	0.14504456036375588	-0.17313817396797693	0.24767080124215052	-0.4886447706496469	0.27528728746178277	-0.1999455855585784	0.2315869550339576	-0.4607856577630667	0.9999999999999984	-0.5188710151113095	0.0907273456758464	-0.110930039691055	0.17655319057808533	-0.23833531189449536	0.24328740936587237	-0.10591767882393685	0.1010474578659733	-0.15978587833278132	0.1312852652768373	-0.17674383046545272	0.07295759497222305	-0.10085308285916379	0.08572382228810921	-0.08246259204817423	0.09032145465144673	-0.08007221360298644	0.059854817917731604	-0.06950363182794315	0.06623459966512238	-0.060755126498308304
-0.1706255460356905	0.10471168119026382	-0.12234378549652483	0.20104391827854703	-0.18508262127659902	0.12572110803601702	-0.161834034705387	0.1663503104565775	-0.316457838483163	0.272783604766678	-0.13159880879695268	0.14626268172746035	-0.2036731500365083	0.2922347595995828	-0.5831057849268223	0.17308824009408277	-0.2147129199880542	0.23047531066284926	-0.5188710151113095	0.999999999999998	-0.07880977509730186	0.09406728087152309	-0.14546930760226293	0.18686142233673908	-0.3565874751299909	0.09082120437300514	-0.08683152157990684	0.12761666505717872	-0.11346916251230904	0.16202755889975626	-0.06601581372351244	0.09113699107316206	-0.07731183088889834	0.07442487943067953	-0.08323001212617653	0.0725206919046451	-0.05456410215263213	0.0633751872787413	-0.060682349173278714	0.055753358806001
0.12917751408031	-0.06920300193981202	0.07830786490886893	-0.06819001344358724	0.04679532441323233	-0.09602024266981006	0.10986903359101272	-0.09438083408972313	0.10015228419580514	-0.06948131559582488	0.11908054771806878	-0.10723012326674809	0.10333242750743614	-0.07657150485949629	0.06304735868555196	-0.3051720907674419	0.18933145261710047	-0.11556228483900462	0.0907273456758464	-0.07880977509730186	0.9999999999999983	-0.49022906436312846	0.16147098778089589	-0.09985691406403455	0.11755459791704363	-0.7362029624100047	0.2909344876835816	-0.16385518751387745	0.07215083641562454	-0.09207497463934265	0.1188374341528776	-0.11171083093076382	0.08221810415481004	-0.06833931249370237	0.07304457995758548	-0.10946574061332207	0.06472529747788325	-0.06731798798335761	0.057758838922536124	-0.048842156275711535
-0.1379365738544788	0.07630193620195384	-0.0868084801665188	0.0796349584307027	-0.05491573118516901	0.1014541676878627	-0.12087128031662019	0.107728277798733	-0.11774270382504205	0.08172552954344069	-0.11913992491005773	0.11867510466304004	-0.12224938861354846	0.0910432252321479	-0.07492051399947737	0.20535719377054182	-0.24549109598626673	0.14550722726604687	-0.110930039691055	0.09406728087152309	-0.49022906436312846	0.9999999999999968	-0.2689501443811541	0.12219692653556011	-0.1412558558021875	0.31137598577517683	-0.6984016927907973	0.23704589496204104	-0.0930478216097947	0.11201165284936637	-0.10887099641432565	0.12330111388739529	-0.10052500718349248	0.08079163028509745	-0.08660160395396585	0.09858895816482909	-0.07013331303722678	0.07278829275222903	-0.06735160234453552	0.05677747775125879
0.1561970551700276	-0.0950306747407751	0.10759780295733364	-0.1146935103121869	0.07890203541861389	-0.12085707075161489	0.14652710880646416	-0.1511756619198404	0.1624777526675495	-0.12033900269418306	0.13019491146941975	-0.14548005533390507	0.1811115061204463	-0.13836447085678194	0.11088628535609626	-0.20484734022468734	0.22397878692383175	-0.3380922461801233	0.17655319057808533	-0.14546930760226293	0.16147098778089589	-0.2689501443811541	0.9999999999999976	-0.22916988788542642	0.1978307048804295	-0.20527382639558123	0.24296487522162238	-0.7529582877288451	0.17294070549948393	-0.1962439809233262	0.1072693865174088	-0.1507197425638921	0.1395054540447677	-0.12180191388009681	0.11668088532113102	-0.11249245177029182	0.0841318241222007	-0.09594175528927194	0.08994773582127708	-0.07926766324270892
-0.18493501444507374	0.10334585028617443	-0.1202643556982629	0.13973967764616999	-0.10022358010401454	0.12642121906872789	-0.15900445291319046	0.14769165646283078	-0.21917981395480723	0.1476438683507649	-0.13224332440917963	0.13847887178237284	-0.1658335246033926	0.16306032496272976	-0.14430712361333237	0.1813152831421791	-0.22456866007884285	0.1878060146028721	-0.23833531189449536	0.18686142233673908	-0.09985691406403455	0.12219692653556011	-0.22916988788542642	0.9999999999999958	-0.48192308404945133	0.11522839122649127	-0.12475211458790231	0.20045595778460118	-0.629535084577764	0.3289128246128532	-0.10642144552191085	0.14994603023970585	-0.15737402042991813	0.15685023277532387	-0.1878569031257355	0.11245961334605611	-0.09606001942815993	0.10937346578533066	-0.12748294309203578	0.11153994752956076
0.19289524847568665	-0.11653002341276326	0.13111473523492123	-0.24668170579489668	0.15961137599653613	-0.14557813776215142	0.17335503403877026	-0.17483572111664497	0.24220381801892732	-0.2577128723759595	0.14966445253572405	-0.1603804016717021	0.1850566666761717	-0.20737259589563925	0.21208207801570328	-0.24265326680267812	0.23378628154361614	-0.22176113834510577	0.24328740936587237	-0.3565874751299909	0.11755459791704363	-0.1412558558021875	0.1978307048804295	-0.48192308404945133	0.9999999999999929	-0.14063046114952388	0.1325315008249248	-0.20299723009940965	0.26937629206437613	-0.483193535033391	0.12669212196729696	-0.19083525127849638	0.1553414431902128	-0.16265608593077754	0.1789584092129218	-0.14773239381822012	0.11236402775056349	-0.13576629433168594	0.12837613290540228	-0.12499880081429567
-0.14864739336372226	0.07875836289591767	-0.09010624535069597	0.07785857931255244	-0.05385422013878924	0.10494626861458779	-0.12480408207611227	0.10678528982560835	-0.11724905705828524	0.07957321008009283	-0.12710062901916835	0.11622325003011562	-0.11859399948681139	0.08835703487959282	-0.07300694268573772	0.2224938634176801	-0.21356741777696472	0.1317729494272517	-0.10591767882393685	0.09082120437300514	-0.7362029624100047	0.31137598577517683	-0.20527382639558123	0.11522839122649127	-0.14063046114952388	0.9999999999999956	-0.4537018322299665	0.18991742614770254	-0.08516293572799422	0.10657573511493676	-0.17343300514562474	0.13379352530790747	-0.10107758540504581	0.08185607652211808	-0.08895223372863573	0.13141520038593768	-0.07938396412906276	0.08047333571226531	-0.07026938596712855	0.058710169019908755
0.11969903939457577	-0.06723524598598107	0.07623148440353093	-0.07324184925140156	0.05030881810582144	-0.08922950622611231	0.10537273497122754	-0.09633401100295752	0.10599545650856401	-0.07519361454722143	0.1021595438416724	-0.10330411908417944	0.1083320170213102	-0.08287777880764995	0.06850043424803522	-0.18745208997501842	0.18494534617671785	-0.13417040929397045	0.1010474578659733	-0.08683152157990684	0.2909344876835816	-0.6984016927907973	0.24296487522162238	-0.12475211458790231	0.1325315008249248	-0.4537018322299665	0.9999999999999942	-0.3803751572579199	0.0992233841278244	-0.11576920598303252	0.11610591911896101	-0.14670570065005176	0.10809827505373473	-0.08634495196420311	0.08844843090843953	-0.10753034119443602	0.07478413120299847	-0.07732474680668511	0.06980799328572866	-0.05871544074579291
-0.1549789648717023	0.08948493511613935	-0.10335756735613509	0.10244138512685147	-0.07175317310370749	0.1129148628608948	-0.1406297504398117	0.13318136447064802	-0.156098619352936	0.10693507443599286	-0.1235770512756559	0.13161930553467144	-0.16378918754509103	0.12266664115639223	-0.10099382737227776	0.1817302912977182	-0.22641802202204792	0.21440897851832982	-0.15978587833278132	0.12761666505717872	-0.16385518751387745	0.23704589496204104	-0.7529582877288451	0.20045595778460118	-0.20299723009940965	0.18991742614770254	-0.3803751572579199	0.9999999999999946	-0.21116053692289483	0.18421752702979485	-0.10853028199524092	0.14925365609545707	-0.16965169724370838	0.12630373027719907	-0.1227587582884981	0.10767016602504875	-0.08515874694127186	0.09472384806832156	-0.09415718179414627	0.08039739749311396
0.11232802689849003	-0.06341626935472876	0.07335293402006231	-0.08610648615332185	0.06073294904561167	-0.07833226671706574	0.09745812168270118	-0.09155696690917306	0.12796410459760602	-0.09055727266421591	0.08240282386782424	-0.08660933427832568	0.10274543430562633	-0.09812770248703499	0.08599122380685432	-0.11776706670036072	0.1400269219230896	-0.1215999214603314	0.1312852652768373	-0.11346916251230904	0.07215083641562454	-0.0930478216097947	0.17294070549948393	-0.629535084577764	0.26937629206437613	-0.08516293572799422	0.0992233841278244	-0.21116053692289483	0.9999999999999923	-0.6545042950604625	0.07958545931617089	-0.11935837015221219	0.13245432365148502	-0.16736127240370596	0.15570457524123965	-0.08488247335512572	0.0745566550202493	-0.0870497651848431	0.10629084109685194	-0.09696587362632045
-0.16604279806799602	0.09212184997385456	-0.10704470548789222	0.12477160885741186	-0.08860659612485856	0.1129908803761012	-0.14141145196118574	0.1301556581162465	-0.18905910800686382	0.13055616101503623	-0.1180631098440452	0.12274913078228408	-0.14378961975900062	0.13685082754515143	-0.12462360040727041	0.16427817707237558	-0.20007876448708198	0.16005701374282763	-0.17674383046545272	0.16202755889975626	-0.09207497463934265	0.11201165284936637	-0.1962439809233262	0.3289128246128532	-0.483193535033391	0.10657573511493676	-0.11576920598303252	0.18421752702979485	-0.6545042950604625	0.9999999999999942	-0.10660484314035064	0.15509702516126259	-0.1623839872876438	0.17145832125864488	-0.250403832334117	0.11419807326222531	-0.1000349608759735	0.11593091942797534	-0.14182807113319176	0.1335443259244669
0.08959729527017962	-0.048776058058940724	0.05581193000936173	-0.056622585457437376	0.03896432793152299	-0.06297118312555201	0.0752565887054041	-0.06734249505931372	0.08168830611744879	-0.05756446010170143	0.06915529133246436	-0.06824642216866557	0.0727966486332164	-0.06069182795487551	0.052199359637171254	-0.11814508266793723	0.11483081262457515	-0.0818395318890133	0.07295759497222305	-0.06601581372351244	0.1188374341528776	-0.10887099641432565	0.1072693865174088	-0.10642144552191085	0.12669212196729696	-0.17343300514562474	0.11610591911896101	-0.10853028199524092	0.07958545931617089	-0.10660484314035064	0.9999999999999932	-0.4532328928876001	0.20137226268685723	-0.15950752688803385	0.16232914142377927	-0.7750901863923079	0.24511645008688093	-0.2315028478825635	0.14658107259890205	-0.11573791662777844
-0.11772724099525611	0.0641857291327078	-0.07394506357640605	0.0765772106461143	-0.05319217614490896	0.08103578068624491	-0.0988510398081415	0.08897505060285081	-0.11299263509050375	0.07834532314028884	-0.08713941614240639	0.08793175535967519	-0.09714013399574783	0.08288449323665001	-0.07196423527023332	0.1338956217607095	-0.14879432811070023	0.10935969423539817	-0.10085308285916379	0.09113699107316206	-0.11171083093076382	0.12330111388739529	-0.1507197425638921	0.14994603023970585	-0.19083525127849638	0.13379352530790747	-0.14670570065005176	0.14925365609545707	-0.11935837015221219	0.15509702516126259	-0.4532328928876001	0.9999999999999926	-0.5394495143161041	0.2707593275370474	-0.3047661111495003	0.2880205142017252	-0.37788879624866795	0.2654662065644744	-0.2582756988767318	0.18557721217878562
0.09294544489378895	-0.05181767056872554	0.059402419453659455	-0.06480740278320117	0.04467290621142019	-0.06561317897379154	0.07955694618172922	-0.07340491512507831	0.09257666484945659	-0.06630661152883276	0.07010164031329758	-0.07190099723287383	0.08052792231818043	-0.06967670155974098	0.06040324463226685	-0.110610176930482	0.11830102680405151	-0.09446121446625651	0.08572382228810921	-0.07731183088889834	0.08221810415481004	-0.10052500718349248	0.1395054540447677	-0.15737402042991813	0.1553414431902128	-0.10107758540504581	0.10809827505373473	-0.16965169724370838	0.13245432365148502	-0.1623839872876438	0.20137226268685723	-0.5394495143161041	0.999999999999993	-0.641872074056654	0.2554439880298811	-0.22022623825298882	0.21245397749774608	-0.2747528046509308	0.24358659828339235	-0.2014628356544727
-0.08764515521123163	0.04856934670270403	-0.05591995804760333	0.06141052175602109	-0.04265932023768121	0.060944670597903546	-0.07456729385948238	0.06842069189612916	-0.08940959297692533	0.06309953802744502	-0.06473006849712278	0.0664258744571804	-0.07511204770221246	0.0663647380814489	-0.0581318676976797	0.09829012564609724	-0.10952995932597777	0.08619862108286634	-0.08246259204817423	0.07442487943067953	-0.06833931249370237	0.08079163028509745	-0.12180191388009681	0.15685023277532387	-0.16265608593077754	0.08185607652211808	-0.08634495196420311	0.12630373027719907	-0.16736127240370596	0.17145832125864488	-0.15950752688803385	0.2707593275370474	-0.641872074056654	0.9999999999999933	-0.44233043760492907	0.16146267013109092	-0.1843748020610742	0.2127598685965188	-0.44332434903967965	0.2616897168654617
0.09502146870021053	-0.053050441009017374	0.06078587077482432	-0.06972298075381962	0.047919270871619506	-0.06687968312840217	0.08104032016466921	-0.07498664341109469	0.09776560739071272	-0.07121725287335769	0.07070846623198827	-0.07260961110526859	0.08114377971040404	-0.0732824836373393	0.0645508719821045	-0.11107522010399953	0.11750876804201477	-0.09316847910442497	0.09032145465144673	-0.08323001212617653	0.07304457995758548	-0.08660160395396585	0.11668088532113102	-0.1878569031257355	0.1789584092129218	-0.08895223372863573	0.08844843090843953	-0.1227587582884981	0.15570457524123965	-0.250403832334117	0.16232914142377927	-0.3047661111495003	0.2554439880298811	-0.44233043760492907	0.9999999999999926	-0.2003841648393872	0.1850697836691088	-0.2569283559333163	0.32060846666547066	-0.6328489307385301
-0.0989891781198924	0.053314680881804695	-0.061388996728282255	0.06161442763585698	-0.04272541479194136	0.06774985488863401	-0.08219325165292915	0.07297953724745702	-0.09102275666212717	0.0628319754339027	-0.0736344503491097	0.07295197378401351	-0.07901297174308317	0.06650699069792088	-0.057507947342977275	0.1155993229232258	-0.12406517011521401	0.0874082967154852	-0.08007221360298644	0.0725206919046451	-0.10946574061332207	0.09858895816482909	-0.11249245177029182	0.11245961334605611	-0.14773239381822012	0.13141520038593768	-0.10753034119443602	0.10767016602504875	-0.08488247335512572	0.11419807326222531	-0.7750901863923079	0.2880205142017252	-0.22022623825298882	0.16146267013109092	-0.2003841648393872	0.9999999999999929	-0.38830908984267903	0.23622887950566193	-0.17613988917231826	0.12934349322416794
0.06950020074721211	-0.03804487693759201	0.04369731856860814	-0.04624389672017173	0.03192655753472878	-0.048236795409607916	0.05843327179808998	-0.052848622217763166	0.06680531647868754	-0.04715317939628554	0.05178818361805682	-0.0521951129905362	0.05725118512362453	-0.04934667375191364	0.04293227796968857	-0.08196860143443802	0.08696128124236502	-0.06460853479158865	0.059854817917731604	-0.05456410215263213	0.06472529747788325	-0.07013331303722678	0.0841318241222007	-0.09606001942815993	0.11236402775056349	-0.07938396412906276	0.07478413120299847	-0.08515874694127186	0.0745566550202493	-0.1000349608759735	0.24511645008688093	-0.37788879624866795	0.21245397749774608	-0.1843748020610742	0.1850697836691088	-0.38830908984267903	0.9999999999999932	-0.7534954784778887	0.21019081014770225	-0.16249380112960504
-0.08033617648149784	0.04381368590609524	-0.050474883165024534	0.053280334627369474	-0.036960887750964296	0.05515393337312069	-0.0672814167340209	0.060695680048571427	-0.0780208945944993	0.05446210215829746	-0.058887716674276225	0.05952449316016092	-0.06586888109507924	0.05715041899059106	-0.04990648094941081	0.09010020689774806	-0.09935411942459253	0.0738240015004048	-0.06950363182794315	0.0633751872787413	-0.06731798798335761	0.07278829275222903	-0.09594175528927194	0.10937346578533066	-0.13576629433168594	0.08047333571226531	-0.07732474680668511	0.09472384806832156	-0.0870497651848431	0.11593091942797534	-0.2315028478825635	0.2654662065644744	-0.2747528046509308	0.2127598685965188	-0.2569283559333163	0.23622887950566193	-0.7534954784778887	0.9999999999999947	-0.3623886208966847	0.1999388857807036
0.0717592451085709	-0.039821138498053826	0.045682078293800235	-0.050955494168546576	0.03509964512840112	-0.05024763391364284	0.060953772557723954	-0.056016213892919546	0.07233479241057517	-0.052048047088042074	0.053352939199110494	-0.0545408221970303	0.06075411019914352	-0.05395640383854214	0.047303567788788775	-0.0836189244806867	0.08915115252688227	-0.0695385537930034	0.06623459966512238	-0.060682349173278714	0.057758838922536124	-0.06735160234453552	0.08994773582127708	-0.12748294309203578	0.12837613290540228	-0.07026938596712855	0.06980799328572866	-0.09415718179414627	0.10629084109685194	-0.14182807113319176	0.14658107259890205	-0.2582756988767318	0.24358659828339235	-0.44332434903967965	0.32060846666547066	-0.17613988917231826	0.21019081014770225	-0.3623886208966847	0.9999999999999947	-0.6631310692451742
-0.06543082973677894	0.03616929572852501	-0.04161102309028675	0.04633504914481362	-0.03209540782712805	0.045373700318302644	-0.05537751594531404	0.05072238631221435	-0.06677965756702611	0.04747109167983195	-0.048000031841766266	0.04912818671146919	-0.05507296733152453	0.04932028882221455	-0.04348889813743555	0.07333314913306002	-0.08047265932428616	0.06242347297639888	-0.060755126498308304	0.055753358806001	-0.048842156275711535	0.05677747775125879	-0.07926766324270892	0.11153994752956076	-0.12499880081429567	0.058710169019908755	-0.05871544074579291	0.08039739749311396	-0.09696587362632045	0.1335443259244669	-0.11573791662777844	0.18557721217878562	-0.2014628356544727	0.2616897168654617	-0.6328489307385301	0.12934349322416794	-0.16249380112960504	0.1999388857807036	-0.6631310692451742	0.9999999999999946
