1.0	-0.5165697138218985	0.2816698119521772	-0.23724493179519784	0.10314423351327398	-0.6078302520313636	0.29832944014335827	-0.16569127936740943	0.153170253034153	-0.123676924574834	0.17160424584492054	-0.1833246087651864	0.14091564772310236	-0.10585133675525508	0.11150656874275207	-0.11824946043900005	0.11392634861891579	-0.15062756938589256	0.1426382330140078	-0.3179797842174788	0.09047933670974075	-0.08471195779360213	0.08872417863289571	-0.08007125465579103	0.07297276940372795	-0.04916334856329582	0.04272470391714516	-0.06923526674088117	0.07593942079869545	-0.06258872470801019	0.03341290933132265	-0.031663787005003184	0.05313290338791795	-0.06583237822918876	0.05731904553770851	-0.023730411593011057	0.029814997610501194	-0.053729494763145716	0.049984529181310196	-0.06363707339090921
-0.5165697138218985	1.0000000000000002	-0.7118680167010561	0.1978928547423267	-0.0907427270947835	0.24607710411293504	-0.2988432935230974	0.1445812604252147	-0.13895526166413583	0.09983941200854375	-0.13950434350013288	0.13928742677014988	-0.12389611176450956	0.08411512029942339	-0.08999486017347876	0.0887243146635097	-0.09056617051777247	0.11699472344981354	-0.11397346411181253	0.21092376348194	-0.07091729993589053	0.06447117965455346	-0.06797566645595077	0.06092811908662741	-0.054355887538600774	0.03688939486869097	-0.03239761874868213	0.05210568268764193	-0.05794761502795289	0.046104446742874255	-0.025219113522163803	0.02375161478887881	-0.03974490757522663	0.048852138596650614	-0.04257626903775128	0.01767875690054849	-0.02235208831259185	0.03971018348909583	-0.03714859539511785	0.046621542214211054
0.2816698119521772	-0.7118680167010561	1.0	-0.3604814756307705	0.13781965929541887	-0.23121379248504223	0.22663151868081136	-0.2217657215070088	0.1977614425774189	-0.1574586873978468	0.13904172663511521	-0.1477272267259247	0.16690926297592198	-0.12251679508801269	0.1285905010853405	-0.10549730189657193	0.10509798364182214	-0.1680895936815897	0.15818380656387943	-0.3261007422219038	0.0857163333171996	-0.08048024089720054	0.09395983934286015	-0.08596158549993367	0.07744810316085399	-0.048682710220430865	0.042477319515991235	-0.07287825061383714	0.08116985207145891	-0.06609048648507275	0.03343554471949842	-0.03179219848128787	0.05593507312791481	-0.0693838134951751	0.06053106854444129	-0.023870916624595343	0.029981738590026334	-0.0563726272987634	0.05265045064251707	-0.06677883557013677
-0.23724493179519784	0.1978928547423267	-0.3604814756307705	1.0000000000000002	-0.45753061484870694	0.16082745569700801	-0.22168468666909147	0.25688380559660373	-0.5201288825802819	0.2931516905588143	-0.14826781974688255	0.1362806446352377	-0.2493330236841295	0.18665811026104775	-0.21673354422410826	0.10706660403085144	-0.11675305598745872	0.19556247397080845	-0.2200567300229578	0.24993880022547674	-0.09649565776290729	0.08634371220098014	-0.11491100287576303	0.10385226284001373	-0.08877958531766611	0.05271514152765056	-0.047249456546142155	0.0843714658734145	-0.09938013348273005	0.07280641129259938	-0.037157373119675985	0.03494973179001354	-0.06414584083989518	0.07779784089161329	-0.06853753919597254	0.025926936332690602	-0.033073211888283924	0.06229265554510198	-0.05949423462008456	0.07212021013901704
0.10314423351327398	-0.0907427270947835	0.13781965929541887	-0.45753061484870694	0.9999999999999999	-0.0756133519478265	0.10069166242960242	-0.14920754165713776	0.2393680842648102	-0.8214090879787174	0.0697791011504385	-0.06629046848852271	0.12492972553023425	-0.12494435883119605	0.1361404315571624	-0.053914385517740346	0.05788125051966942	-0.10973614976257946	0.11507138237387396	-0.14882828019480968	0.0478765370735321	-0.04383801666904604	0.0596235987014991	-0.05549622741903147	0.047241315049028	-0.027138993604910146	0.024197297918146374	-0.044684012529118806	0.05205354896039929	-0.039232657428799604	0.019050477747756107	-0.018047800918274057	0.03391626639886711	-0.041592508613226886	0.036436833436944406	-0.013392654954496503	0.01698623469564352	-0.03330895166137396	0.03159039374905512	-0.038849233943247484
-0.6078302520313636	0.24607710411293504	-0.23121379248504223	0.16082745569700801	-0.0756133519478265	1.0000000000000002	-0.6294714708507594	0.1402240694606081	-0.12522853512149798	0.08821862759782302	-0.2554604632226602	0.22399428950984748	-0.12434178783356974	0.08049995202218166	-0.08525828276817707	0.12435140684123126	-0.1254272307715416	0.12013963939579045	-0.11449471369598614	0.20814505233483183	-0.09168601428066522	0.0814463372845795	-0.07122770857236127	0.06232163179396727	-0.05530748854088808	0.04279802075368323	-0.037653450656334755	0.05460475547529196	-0.059446674971573854	0.04706274750471714	-0.028787418918206218	0.026854571597866975	-0.04124876491393245	0.05034959380617132	-0.04360445910891952	0.019740357972916033	-0.025077028630951674	0.04111183355026657	-0.03826286141849505	0.0478743195132809
0.29832944014335827	-0.2988432935230974	0.22663151868081136	-0.22168468666909147	0.10069166242960242	-0.6294714708507594	1.0	-0.21921859594467163	0.16548096352354955	-0.12186259431644111	0.2587480854014452	-0.42183265367465833	0.1672156475211486	-0.10960756323174985	0.11374899880884229	-0.15854666553506935	0.15267844455780596	-0.1677395550367362	0.15126346575748084	-0.29876828134552635	0.11128419267910138	-0.10441726875210301	0.09379751942672768	-0.0835473825980191	0.07446749934673656	-0.05528329844991113	0.04814778076388608	-0.07281907251533251	0.07903362534850819	-0.0637981162883802	0.03697689378439779	-0.034818532899112395	0.05511972096863971	-0.06781687463937541	0.05866208322836851	-0.025686250057103604	0.032405807791627814	-0.055381570984374094	0.051383027107529566	-0.06492263134826246
-0.16569127936740943	0.1445812604252147	-0.2217657215070088	0.25688380559660373	-0.14920754165713776	0.1402240694606081	-0.21921859594467163	1.0000000000000002	-0.5578600097117108	0.1725852362225065	-0.13117912043050498	0.13373163105999192	-0.6167004779386446	0.17538904377606945	-0.1757966294397683	0.10128176400282089	-0.11209832161138635	0.2591400750705474	-0.23667600226061558	0.22760442074956125	-0.08542541630973247	0.07962157540822871	-0.10880181165527407	0.10216305032206208	-0.08335156690482966	0.04698585699498409	-0.042069658464658155	0.07994501781414881	-0.09482994305006254	0.06841318290401277	-0.03261725226587174	0.031005439267508733	-0.059492911587960134	0.07276768452915099	-0.0633571633547469	0.022559096876411045	-0.028580413400987728	0.05784814023776059	-0.05487424670292491	0.06686373476882128
0.153170253034153	-0.13895526166413583	0.1977614425774189	-0.5201288825802819	0.2393680842648102	-0.12522853512149798	0.16548096352354955	-0.5578600097117108	0.9999999999999991	-0.3518116015759737	0.1143031596166935	-0.11518067942534313	0.2662581797812818	-0.2753395637634806	0.21581675165182282	-0.09404806174385184	0.10010101076760636	-0.2349761176813417	0.20493538428085362	-0.25840528494044424	0.07998941822978849	-0.07530176488365928	0.10188285530724243	-0.09752601265434627	0.08095188780066104	-0.04579838058340082	0.04071195534821618	-0.07732445093709156	0.08926974898679434	-0.06781401870415717	0.03184634804686671	-0.03035376025447502	0.05803192622225969	-0.07170760172966477	0.06226863418156909	-0.02233625771407445	0.02820547945044455	-0.05731935254275526	0.053990534836550405	-0.06692841291000048
-0.123676924574834	0.09983941200854375	-0.1574586873978468	0.2931516905588143	-0.8214090879787174	0.08821862759782302	-0.12186259431644111	0.1725852362225065	-0.3518116015759737	0.9999999999999966	-0.08405191918405873	0.07845793268612389	-0.15722122424424295	0.15046602714705576	-0.18882323937765436	0.06353394174698207	-0.06913045833406369	0.12774132751672299	-0.14192581158727782	0.1625655593977967	-0.05712406159516784	0.05179727395400662	-0.07142466705155442	0.06614509782015303	-0.0559102203640182	0.03196842919980231	-0.02863029356217266	0.052868746007243235	-0.06237154161921151	0.04598385331987941	-0.022520536093682115	0.021280818129100928	-0.04008039061612393	0.04889706701357633	-0.04295734406876403	0.015753993444638893	-0.020042193854740088	0.03905504758535303	-0.037218447317362166	0.04534117452381346
0.17160424584492054	-0.13950434350013288	0.13904172663511521	-0.14826781974688255	0.0697791011504385	-0.2554604632226602	0.2587480854014452	-0.13117912043050498	0.1143031596166935	-0.08405191918405873	0.999999999999997	-0.7543417746444276	0.13361527398120013	-0.0831834923794363	0.08659401544238228	-0.3979644857131555	0.247563644767822	-0.14607750656463211	0.12631526624355127	-0.22328910332672536	0.15864749398124517	-0.14937223948019088	0.0867268928993802	-0.07247907878752806	0.06312747158981138	-0.06417435663947074	0.05557218066736267	-0.06722051369602657	0.0690641931430432	-0.05441487341346201	0.04076772021197527	-0.03787344604926538	0.04934676447659745	-0.05952479122466822	0.05056795815621376	-0.026932790120235518	0.03422420956553797	-0.04912014937309426	0.044977953522760905	-0.05615507159096886
-0.1833246087651864	0.13928742677014988	-0.1477272267259247	0.1362806446352377	-0.06629046848852271	0.22399428950984748	-0.42183265367465833	0.13373163105999192	-0.11518067942534313	0.07845793268612389	-0.7543417746444276	0.999999999999994	-0.15148598657913614	0.07932209833579669	-0.0831172770383153	0.24476151173633315	-0.28436963856631076	0.1402290564320431	-0.12439231641700395	0.18989050526528842	-0.16017906863502132	0.13865750875339933	-0.08312250925817723	0.0685598561742439	-0.058977831013979784	0.06049525178901007	-0.053759539340942915	0.06313518359332904	-0.06564872428158597	0.05030804017735434	-0.03938522750307615	0.03605392587559745	-0.046247602246330455	0.05531318302194113	-0.04707820724360281	0.025611914941908603	-0.03290327495616707	0.04552270693989184	-0.04190026405908494	0.05165222670529803
0.14091564772310236	-0.12389611176450956	0.16690926297592198	-0.2493330236841295	0.12492972553023425	-0.12434178783356974	0.1672156475211486	-0.6167004779386446	0.2662581797812818	-0.15722122424424295	0.13361527398120013	-0.15148598657913614	0.9999999999999964	-0.18843438807134275	0.1659142768653508	-0.12019723506426828	0.13082017375526528	-0.5605284429785773	0.25835459385316606	-0.2701391508187896	0.0935699510884482	-0.09208670416814208	0.12057786180964017	-0.11787254795573285	0.092410418249601	-0.0523867479391439	0.0465823210682967	-0.09157848952118228	0.10408457989365741	-0.07787486151963717	0.03584311573285759	-0.0343763263093851	0.06667270198578125	-0.08269161483445973	0.07071092330675376	-0.02480155784494216	0.03121625881474365	-0.0658248654069065	0.061450760694317604	-0.07628012353207134
-0.10585133675525508	0.08411512029942339	-0.12251679508801269	0.18665811026104775	-0.12494435883119605	0.08049995202218166	-0.10960756323174985	0.17538904377606945	-0.2753395637634806	0.15046602714705576	-0.0831834923794363	0.07932209833579669	-0.18843438807134275	0.9999999999999929	-0.8387918319687396	0.07156939699640928	-0.07825015209569226	0.18851143614600627	-0.31213491602763116	0.23533653930487802	-0.06514443550063703	0.061197442461984594	-0.1000710413604279	0.10827335937632761	-0.08322456185888669	0.0395127334963951	-0.035569385262525795	0.07556192888013494	-0.0937824434762398	0.06741739578777521	-0.02786271170304268	0.026743276523911924	-0.05624751690756616	0.07002697808362714	-0.06102784312710244	0.019440213386545394	-0.0245750043504683	0.05477492448271861	-0.052127249165892724	0.06387061922667922
0.11150656874275207	-0.08999486017347876	0.1285905010853405	-0.21673354422410826	0.1361404315571624	-0.08525828276817707	0.11374899880884229	-0.1757966294397683	0.21581675165182282	-0.18882323937765436	0.08659401544238228	-0.0831172770383153	0.1659142768653508	-0.8387918319687396	0.999999999999993	-0.07539400997864136	0.08080142368133528	-0.19014586563597488	0.2286495171685704	-0.32817661088286	0.06831532673776354	-0.064521223516912	0.1002303515641779	-0.10638338315883972	0.08515203292779877	-0.04209112080718936	0.037585739551434086	-0.07792535378469757	0.09168776211311683	-0.0712570405312261	0.02961839188521741	-0.028450166417988927	0.05854959331619339	-0.07357165833501418	0.06386616345239347	-0.02089482465282249	0.026337345378585265	-0.05809163374156122	0.05477484963281863	-0.06846147933070652
-0.11824946043900005	0.0887243146635097	-0.10549730189657193	0.10706660403085144	-0.053914385517740346	0.12435140684123126	-0.15854666553506935	0.10128176400282089	-0.09404806174385184	0.06353394174698207	-0.3979644857131555	0.24476151173633315	-0.12019723506426828	0.07156939699640928	-0.07539400997864136	0.9999999999999931	-0.7351006337398968	0.1503612931581344	-0.1317536050063423	0.16245901899060225	-0.369340190696014	0.26682881546815784	-0.10346005265466257	0.07668389306621598	-0.06381325466431441	0.09880132126854761	-0.08840534872302115	0.07763404024000539	-0.07451879986035766	0.054771482139887945	-0.06088747127558559	0.05455157608400912	-0.054412482942739315	0.06290461542911734	-0.05210216125256957	0.036851290839904884	-0.04792317128103203	0.05259931376755407	-0.047486488284703476	0.057279672775812515
0.11392634861891579	-0.09056617051777247	0.10509798364182214	-0.11675305598745872	0.05788125051966942	-0.1254272307715416	0.15267844455780596	-0.11209832161138635	0.10010101076760636	-0.06913045833406369	0.247563644767822	-0.28436963856631076	0.13082017375526528	-0.07825015209569226	0.08080142368133528	-0.7351006337398968	0.9999999999999922	-0.20396496186328197	0.14273448257000546	-0.18199224426802427	0.2792690437277854	-0.42331902415157413	0.11182564368354914	-0.0844170953855096	0.06869633596115601	-0.0984800788953647	0.08651091909364059	-0.08545614223959207	0.07993320581165782	-0.05970999654588621	0.05828366105705774	-0.05462539491048684	0.05837396059656015	-0.0683435918987937	0.056069196018664225	-0.036074303543713035	0.04592440699056253	-0.05708813762537245	0.05104132632797098	-0.06236582249284599
-0.15062756938589256	0.11699472344981354	-0.1680895936815897	0.19556247397080845	-0.10973614976257946	0.12013963939579045	-0.1677395550367362	0.2591400750705474	-0.2349761176813417	0.12774132751672299	-0.14607750656463211	0.1402290564320431	-0.5605284429785773	0.18851143614600627	-0.19014586563597488	0.1503612931581344	-0.20396496186328197	0.9999999999999921	-0.5867068551490172	0.2628737931221591	-0.12229580038920632	0.12022155275160067	-0.1876928578120111	0.17928312956468465	-0.1320712561391874	0.06686900755708941	-0.06071471899756241	0.12961885319659666	-0.1593072098595159	0.10526297220069643	-0.04601148295711905	0.044207685052832464	-0.09197341932111135	0.1120731387366947	-0.09629807153783063	0.031071956760783663	-0.03928634323073746	0.08761713604772972	-0.08301999154480907	0.09948452922363431
0.1426382330140078	-0.11397346411181253	0.15818380656387943	-0.2200567300229578	0.11507138237387396	-0.11449471369598614	0.15126346575748084	-0.23667600226061558	0.20493538428085362	-0.14192581158727782	0.12631526624355127	-0.12439231641700395	0.25835459385316606	-0.31213491602763116	0.2286495171685704	-0.1317536050063423	0.14273448257000546	-0.5867068551490172	0.9999999999999912	-0.4143039223016683	0.11504474425003626	-0.11578993150973248	0.2080216323327672	-0.3502985783380064	0.18013640112352108	-0.07616169096464737	0.06834556966878957	-0.1708015017333244	0.20868996934077932	-0.15390816634835058	0.05273032876095699	-0.051902014912496894	0.12027953536861179	-0.15677394882253806	0.1295412103525323	-0.0365549900707029	0.045562429392841594	-0.11916878782078022	0.11053110066216054	-0.13925109519484385
-0.3179797842174788	0.21092376348194	-0.3261007422219038	0.24993880022547674	-0.14882828019480968	0.20814505233483183	-0.29876828134552635	0.22760442074956125	-0.25840528494044424	0.1625655593977967	-0.22328910332672536	0.18989050526528842	-0.2701391508187896	0.23533653930487802	-0.32817661088286	0.16245901899060225	-0.18199224426802427	0.2628737931221591	-0.4143039223016683	0.9999999999999916	-0.16840630610002513	0.1440241898453445	-0.2318725567664296	0.20322678929496302	-0.21214917584814813	0.09674507306466106	-0.08866543862988818	0.16325471583101756	-0.20298699985900603	0.15312064731467911	-0.07179234134004206	0.06669265665498837	-0.12908621690183114	0.15429965043841098	-0.14627756891094687	0.05072433233887359	-0.0659385897202639	0.12218765349199924	-0.12175929272616906	0.14290474931644825
0.09047933670974075	-0.07091729993589053	0.0857163333171996	-0.09649565776290729	0.0478765370735321	-0.09168601428066522	0.11128419267910138	-0.08542541630973247	0.07998941822978849	-0.05712406159516784	0.15864749398124517	-0.16017906863502132	0.0935699510884482	-0.06514443550063703	0.06831532673776354	-0.369340190696014	0.2792690437277854	-0.12229580038920632	0.11504474425003626	-0.16840630610002513	0.9999999999999898	-0.7925127116393629	0.14179315448087235	-0.09254847924883722	0.07501221478084906	-0.24127493285463467	0.1662629821375292	-0.11475775891759529	0.09084233866249108	-0.06784870177048648	0.1045146619904038	-0.0987009053789014	0.07395359786774496	-0.08321908548052681	0.06503307846541767	-0.060673934858367445	0.0761541542309555	-0.07214704234200381	0.061710650145052726	-0.07477139810297817
-0.08471195779360213	0.06447117965455346	-0.08048024089720054	0.08634371220098014	-0.04383801666904604	0.0814463372845795	-0.10441726875210301	0.07962157540822871	-0.07530176488365928	0.05179727395400662	-0.14937223948019088	0.13865750875339933	-0.09208670416814208	0.061197442461984594	-0.064521223516912	0.26682881546815784	-0.42331902415157413	0.12022155275160067	-0.11578993150973248	0.1440241898453445	-0.7925127116393629	0.9999999999999902	-0.1696213324818935	0.09232718874360565	-0.07351051670416234	0.17564875383224038	-0.177239799113152	0.11455206899871048	-0.09158957467769485	0.06505550305943136	-0.10427117120259313	0.09410016819156702	-0.07300598485897486	0.08008980920282824	-0.06291270445179184	0.058131154752536635	-0.0759117467565468	0.06902938462090778	-0.05974808153845716	0.07061837763650045
0.08872417863289571	-0.06797566645595077	0.09395983934286015	-0.11491100287576303	0.0596235987014991	-0.07122770857236127	0.09379751942672768	-0.10880181165527407	0.10188285530724243	-0.07142466705155442	0.0867268928993802	-0.08312250925817723	0.12057786180964017	-0.1000710413604279	0.1002303515641779	-0.10346005265466257	0.11182564368354914	-0.1876928578120111	0.2080216323327672	-0.2318725567664296	0.14179315448087235	-0.1696213324818935	0.9999999999999917	-0.40264443901908253	0.21519331710046039	-0.1321782886955802	0.12238727507852304	-0.6730204904725421	0.3056299959660019	-0.2117729387899151	0.08371292432125367	-0.08944446767046033	0.24641671564419348	-0.27780318108614427	0.18936503745828462	-0.05450181377879186	0.0660215639958257	-0.24288893741895215	0.1858399894402019	-0.22729456899415312
-0.08007125465579103	0.06092811908662741	-0.08596158549993367	0.10385226284001373	-0.05549622741903147	0.06232163179396727	-0.0835473825980191	0.10216305032206208	-0.09752601265434627	0.06614509782015303	-0.07247907878752806	0.0685598561742439	-0.11787254795573285	0.10827335937632761	-0.10638338315883972	0.07668389306621598	-0.0844170953855096	0.17928312956468465	-0.3502985783380064	0.20322678929496302	-0.09254847924883722	0.09232718874360565	-0.40264443901908253	0.999999999999991	-0.43265654863533565	0.07705564603443203	-0.07353388871661233	0.26637470287967985	-0.6083216328145162	0.24430736618689838	-0.055094961656203714	0.05608230590376034	-0.17944083114206136	0.23153562843286468	-0.1985175494259737	0.0363848300907262	-0.04521370158125815	0.1599275760433979	-0.15667535135488359	0.18326809932322358
0.07297276940372795	-0.054355887538600774	0.07744810316085399	-0.08877958531766611	0.047241315049028	-0.05530748854088808	0.07446749934673656	-0.08335156690482966	0.08095188780066104	-0.0559102203640182	0.06312747158981138	-0.058977831013979784	0.092410418249601	-0.08322456185888669	0.08515203292779877	-0.06381325466431441	0.06869633596115601	-0.1320712561391874	0.18013640112352108	-0.21214917584814813	0.07501221478084906	-0.07351051670416234	0.21519331710046039	-0.43265654863533565	0.9999999999999903	-0.06599182724817027	0.061108940261458834	-0.19265913722846886	0.25614898226952054	-0.7086663808874958	0.04865738302531833	-0.04955953877421494	0.16349040664734338	-0.25186540017316705	0.2725190084996371	-0.03362449018028246	0.04150936596190356	-0.1769016898612908	0.17187235384943367	-0.2747398373700329
-0.04916334856329582	0.03688939486869097	-0.048682710220430865	0.05271514152765056	-0.027138993604910146	0.04279802075368323	-0.05528329844991113	0.04698585699498409	-0.04579838058340082	0.03196842919980231	-0.06417435663947074	0.06049525178901007	-0.0523867479391439	0.0395127334963951	-0.04209112080718936	0.09880132126854761	-0.0984800788953647	0.06686900755708941	-0.07616169096464737	0.09674507306466106	-0.24127493285463467	0.17564875383224038	-0.1321782886955802	0.07705564603443203	-0.06599182724817027	0.9999999999999901	-0.7772965328201504	0.12398821453650245	-0.09075370111455477	0.05839675109735981	-0.3827618817225914	0.28752521741949943	-0.08787957209950314	0.08237140350162395	-0.06197851196587718	0.1623553452514005	-0.2216372551944351	0.07543469116299807	-0.06384885104274789	0.06840582681165065
0.04272470391714516	-0.03239761874868213	0.042477319515991235	-0.047249456546142155	0.024197297918146374	-0.037653450656334755	0.04814778076388608	-0.042069658464658155	0.04071195534821618	-0.02863029356217266	0.05557218066736267	-0.053759539340942915	0.0465823210682967	-0.035569385262525795	0.037585739551434086	-0.08840534872302115	0.08651091909364059	-0.06071471899756241	0.06834556966878957	-0.08866543862988818	0.1662629821375292	-0.177239799113152	0.12238727507852304	-0.07353388871661233	0.061108940261458834	-0.7772965328201504	0.9999999999999871	-0.14257702676986833	0.08672718451697203	-0.05536737589131079	0.2741500687639918	-0.46557502237457626	0.08884648032134186	-0.08180588384653133	0.058411720802107304	-0.13553005606385965	0.15391203158770522	-0.07571293464353397	0.06100164497655114	-0.06591068421983504
-0.06923526674088117	0.05210568268764193	-0.07287825061383714	0.0843714658734145	-0.044684012529118806	0.05460475547529196	-0.07281907251533251	0.07994501781414881	-0.07732445093709156	0.052868746007243235	-0.06722051369602657	0.06313518359332904	-0.09157848952118228	0.07556192888013494	-0.07792535378469757	0.07763404024000539	-0.08545614223959207	0.12961885319659666	-0.1708015017333244	0.16325471583101756	-0.11475775891759529	0.11455206899871048	-0.6730204904725421	0.26637470287967985	-0.19265913722846886	0.12398821453650245	-0.14257702676986833	0.9999999999999866	-0.45424221288316724	0.16872133413663462	-0.08531022467478898	0.09133064349594057	-0.3938488449306105	0.26024794883479757	-0.17792381968214488	0.05112639436956898	-0.0632555071989449	0.22383856521220152	-0.1901176408407905	0.18435546742389902
0.07593942079869545	-0.05794761502795289	0.08116985207145891	-0.09938013348273005	0.05205354896039929	-0.059446674971573854	0.07903362534850819	-0.09482994305006254	0.08926974898679434	-0.06237154161921151	0.0690641931430432	-0.06564872428158597	0.10408457989365741	-0.0937824434762398	0.09168776211311683	-0.07451879986035766	0.07993320581165782	-0.1593072098595159	0.20868996934077932	-0.20298699985900603	0.09084233866249108	-0.09158957467769485	0.3056299959660019	-0.6083216328145162	0.25614898226952054	-0.09075370111455477	0.08672718451697203	-0.45424221288316724	0.9999999999999861	-0.26642341043082707	0.06330611926844294	-0.06698344004843074	0.23386517631678744	-0.400749985489347	0.21475444737857768	-0.04155366725619135	0.050916339605298275	-0.21067890492167218	0.19053745316817297	-0.22213731548215065
-0.06258872470801019	0.046104446742874255	-0.06609048648507275	0.07280641129259938	-0.039232657428799604	0.04706274750471714	-0.0637981162883802	0.06841318290401277	-0.06781401870415717	0.04598385331987941	-0.05441487341346201	0.05030804017735434	-0.07787486151963717	0.06741739578777521	-0.0712570405312261	0.054771482139887945	-0.05970999654588621	0.10526297220069643	-0.15390816634835058	0.15312064731467911	-0.06784870177048648	0.06505550305943136	-0.2117729387899151	0.24430736618689838	-0.7086663808874958	0.05839675109735981	-0.05536737589131079	0.16872133413663462	-0.26642341043082707	0.999999999999987	-0.04465984598999318	0.044909196079486575	-0.15891979343436136	0.22610484059009298	-0.5046760556878918	0.030304026310691203	-0.037923239830775606	0.1546536759116571	-0.1752943090261072	0.24453713281934486
0.03341290933132265	-0.025219113522163803	0.03343554471949842	-0.037157373119675985	0.019050477747756107	-0.028787418918206218	0.03697689378439779	-0.03261725226587174	0.03184634804686671	-0.022520536093682115	0.04076772021197527	-0.03938522750307615	0.03584311573285759	-0.02786271170304268	0.02961839188521741	-0.06088747127558559	0.05828366105705774	-0.04601148295711905	0.05273032876095699	-0.07179234134004206	0.1045146619904038	-0.10427117120259313	0.08371292432125367	-0.055094961656203714	0.04865738302531833	-0.3827618817225914	0.2741500687639918	-0.08531022467478898	0.06330611926844294	-0.04465984598999318	0.999999999999984	-0.7607398867531416	0.08023948735031357	-0.07109165742765235	0.049141423191590955	-0.35795394297681926	0.25223223377042014	-0.07005351440309134	0.05341125573911311	-0.05715293678513422
-0.031663787005003184	0.02375161478887881	-0.03179219848128787	0.03494973179001354	-0.018047800918274057	0.026854571597866975	-0.034818532899112395	0.031005439267508733	-0.03035376025447502	0.021280818129100928	-0.03787344604926538	0.03605392587559745	-0.0343763263093851	0.026743276523911924	-0.028450166417988927	0.05455157608400912	-0.05462539491048684	0.044207685052832464	-0.051902014912496894	0.06669265665498837	-0.0987009053789014	0.09410016819156702	-0.08944446767046033	0.05608230590376034	-0.04955953877421494	0.28752521741949943	-0.46557502237457626	0.09133064349594057	-0.06698344004843074	0.044909196079486575	-0.7607398867531416	0.9999999999999836	-0.09492380751825963	0.07357514281377475	-0.05054499858140109	0.21302939843284707	-0.27044021450736044	0.07286954996427902	-0.05600933025719929	0.0573121216057644
0.05313290338791795	-0.03974490757522663	0.05593507312791481	-0.06414584083989518	0.03391626639886711	-0.04124876491393245	0.05511972096863971	-0.059492911587960134	0.05803192622225969	-0.04008039061612393	0.04934676447659745	-0.046247602246330455	0.06667270198578125	-0.05624751690756616	0.05854959331619339	-0.054412482942739315	0.05837396059656015	-0.09197341932111135	0.12027953536861179	-0.12908621690183114	0.07395359786774496	-0.07300598485897486	0.24641671564419348	-0.17944083114206136	0.16349040664734338	-0.08787957209950314	0.08884648032134186	-0.3938488449306105	0.23386517631678744	-0.15891979343436136	0.08023948735031357	-0.09492380751825963	0.9999999999999853	-0.5208812002244378	0.21362225442835894	-0.04890466106785686	0.05965309038159017	-0.6199651058330112	0.2855406468968812	-0.2545364356198698
-0.06583237822918876	0.048852138596650614	-0.0693838134951751	0.07779784089161329	-0.041592508613226886	0.05034959380617132	-0.06781687463937541	0.07276768452915099	-0.07170760172966477	0.04889706701357633	-0.05952479122466822	0.05531318302194113	-0.08269161483445973	0.07002697808362714	-0.07357165833501418	0.06290461542911734	-0.0683435918987937	0.1120731387366947	-0.15677394882253806	0.15429965043841098	-0.08321908548052681	0.08008980920282824	-0.27780318108614427	0.23153562843286468	-0.25186540017316705	0.08237140350162395	-0.08180588384653133	0.26024794883479757	-0.400749985489347	0.22610484059009298	-0.07109165742765235	0.07357514281377475	-0.5208812002244378	0.9999999999999838	-0.4272300567851265	0.045019625427168634	-0.056444672587849354	0.29793515824440553	-0.41079809579077775	0.28896656518701913
0.05731904553770851	-0.04257626903775128	0.06053106854444129	-0.06853753919597254	0.036436833436944406	-0.04360445910891952	0.05866208322836851	-0.0633571633547469	0.06226863418156909	-0.04295734406876403	0.05056795815621376	-0.04707820724360281	0.07071092330675376	-0.06102784312710244	0.06386616345239347	-0.05210216125256957	0.056069196018664225	-0.09629807153783063	0.1295412103525323	-0.14627756891094687	0.06503307846541767	-0.06291270445179184	0.18936503745828462	-0.1985175494259737	0.2725190084996371	-0.06197851196587718	0.058411720802107304	-0.17792381968214488	0.21475444737857768	-0.5046760556878918	0.049141423191590955	-0.05054499858140109	0.21362225442835894	-0.4272300567851265	0.9999999999999831	-0.03386665009118586	0.041859762013882765	-0.23778814768086282	0.263780712091644	-0.5952054280262293
-0.023730411593011057	0.01767875690054849	-0.023870916624595343	0.025926936332690602	-0.013392654954496503	0.019740357972916033	-0.025686250057103604	0.022559096876411045	-0.02233625771407445	0.015753993444638893	-0.026932790120235518	0.025611914941908603	-0.02480155784494216	0.019440213386545394	-0.02089482465282249	0.036851290839904884	-0.036074303543713035	0.031071956760783663	-0.0365549900707029	0.05072433233887359	-0.060673934858367445	0.058131154752536635	-0.05450181377879186	0.0363848300907262	-0.03362449018028246	0.1623553452514005	-0.13553005606385965	0.05112639436956898	-0.04155366725619135	0.030304026310691203	-0.35795394297681926	0.21302939843284707	-0.04890466106785686	0.045019625427168634	-0.03386665009118586	0.9999999999999833	-0.8893810999718521	0.04752815319040815	-0.037800484679700604	0.03882797422595032
0.029814997610501194	-0.02235208831259185	0.029981738590026334	-0.033073211888283924	0.01698623469564352	-0.025077028630951674	0.032405807791627814	-0.028580413400987728	0.02820547945044455	-0.020042193854740088	0.03422420956553797	-0.03290327495616707	0.03121625881474365	-0.0245750043504683	0.026337345378585265	-0.04792317128103203	0.04592440699056253	-0.03928634323073746	0.045562429392841594	-0.0659385897202639	0.0761541542309555	-0.0759117467565468	0.0660215639958257	-0.04521370158125815	0.04150936596190356	-0.2216372551944351	0.15391203158770522	-0.0632555071989449	0.050916339605298275	-0.037923239830775606	0.25223223377042014	-0.27044021450736044	0.05965309038159017	-0.056444672587849354	0.041859762013882765	-0.8893810999718521	0.9999999999999838	-0.060274084011343966	0.046399853612118444	-0.04908446756116616
-0.053729494763145716	0.03971018348909583	-0.0563726272987634	0.06229265554510198	-0.03330895166137396	0.04111183355026657	-0.055381570984374094	0.05784814023776059	-0.05731935254275526	0.03905504758535303	-0.04912014937309426	0.04552270693989184	-0.0658248654069065	0.05477492448271861	-0.05809163374156122	0.05259931376755407	-0.05708813762537245	0.08761713604772972	-0.11916878782078022	0.12218765349199924	-0.07214704234200381	0.06902938462090778	-0.24288893741895215	0.1599275760433979	-0.1769016898612908	0.07543469116299807	-0.07571293464353397	0.22383856521220152	-0.21067890492167218	0.1546536759116571	-0.07005351440309134	0.07286954996427902	-0.6199651058330112	0.29793515824440553	-0.23778814768086282	0.04752815319040815	-0.060274084011343966	0.9999999999999833	-0.5925822923686561	0.2604618881472558
0.049984529181310196	-0.03714859539511785	0.05265045064251707	-0.05949423462008456	0.03159039374905512	-0.03826286141849505	0.051383027107529566	-0.05487424670292491	0.053990534836550405	-0.037218447317362166	0.044977953522760905	-0.04190026405908494	0.061450760694317604	-0.052127249165892724	0.05477484963281863	-0.047486488284703476	0.05104132632797098	-0.08301999154480907	0.11053110066216054	-0.12175929272616906	0.061710650145052726	-0.05974808153845716	0.1858399894402019	-0.15667535135488359	0.17187235384943367	-0.06384885104274789	0.06100164497655114	-0.1901176408407905	0.19053745316817297	-0.1752943090261072	0.05341125573911311	-0.05600933025719929	0.2855406468968812	-0.41079809579077775	0.263780712091644	-0.037800484679700604	0.046399853612118444	-0.5925822923686561	0.9999999999999838	-0.566303366893648
-0.06363707339090921	0.046621542214211054	-0.06677883557013677	0.07212021013901704	-0.038849233943247484	0.0478743195132809	-0.06492263134826246	0.06686373476882128	-0.06692841291000048	0.04534117452381346	-0.05615507159096886	0.05165222670529803	-0.07628012353207134	0.06387061922667922	-0.06846147933070652	0.057279672775812515	-0.06236582249284599	0.09948452922363431	-0.13925109519484385	0.14290474931644825	-0.07477139810297817	0.07061837763650045	-0.22729456899415312	0.18326809932322358	-0.2747398373700329	0.06840582681165065	-0.06591068421983504	0.18435546742389902	-0.22213731548215065	0.24453713281934486	-0.05715293678513422	0.0573121216057644	-0.2545364356198698	0.28896656518701913	-0.5952054280262293	0.03882797422595032	-0.04908446756116616	0.2604618881472558	-0.566303366893648	0.9999999999999839
