1.0	-0.4914023804260363	0.21896455497570386	-0.1244932227974577	0.07681120270124071	-0.672893764723049	0.3251159260314733	-0.18649192272654008	0.11494164651235571	-0.09427585023334178	0.24249867258057106	-0.23030165361503105	0.1742575802915856	-0.14615878570740712	0.1049870891570541	-0.1677897918722228	0.17761378987227358	-0.1474659805094523	0.1488031855685538	-0.11547897318493248	0.11569137865946005	-0.18567523380936915	0.14378204142757026	-0.12378721745059029	0.10942123614488924	-0.13987509414945468	0.1224955709435151	-0.10115559019683504	0.09781987269112934	-0.1595553439671239	0.10072614160505704	-0.1680093927758855	0.10354540025083984	-0.08551579505167195	0.12162495254728055	-0.11861128472727123	0.0721934824807782	-0.08275695856272713	0.10141659847838384	-0.09610959841935744	0.04804534560294353	-0.05226168269367814	0.11883984013730076	-0.037145330432571094	0.041354787034853374
-0.4914023804260363	1.0	-0.41426309473783696	0.1360943488321272	-0.08873641551490855	0.29832608348054573	-0.6134630408208454	0.22558268743478485	-0.1361526663953199	0.10465779003312063	-0.2560585797918243	0.21826835985578122	-0.2111633493781437	0.15376462191876844	-0.11360069019833999	0.14738393150366286	-0.19763971733624072	0.1562013072555073	-0.16432106699821894	0.11862788803002769	-0.1076761423722102	0.17070086558704267	-0.147945343311651	0.12160100337384099	-0.11015505177340906	0.12352520057801272	-0.11272594713634398	0.09416881835216574	-0.09433521253028213	0.148572041921025	-0.09066680803016401	0.14679211047104748	-0.09814061260368588	0.0815486096118265	-0.11954764305544437	0.10320961493013246	-0.0649539808073502	0.0736582895133172	-0.09952466590907058	0.09038761167615157	-0.043025417099810864	0.04642549757481382	-0.111409935082298	0.035810701099722994	-0.04015015846395388
0.21896455497570386	-0.41426309473783696	1.0000000000000004	-0.2926599642215525	0.16400112104134199	-0.1643508615592726	0.23018327616679393	-0.5683826324930308	0.23557103356733414	-0.2057215779153903	0.20880981727766257	-0.21454725400351995	0.2868525375647154	-0.2421285957197925	0.16174663172091797	-0.1872874972963239	0.22311707782365528	-0.21340754558363909	0.2162644920212529	-0.17443705426551953	0.13494510079575078	-0.23546422607157702	0.19325509616069947	-0.17121148997830482	0.15213990957766185	-0.16830215360001713	0.15133274713232545	-0.1288325937000931	0.12620110984408936	-0.21672966022764073	0.12545863676804803	-0.2105654452890085	0.13182025997258165	-0.11034141863319488	0.15831153719400817	-0.14849237188696546	0.09089209852938337	-0.10439169940851964	0.13022048197097905	-0.12417176553743085	0.06030215805879648	-0.06562973092827694	0.14924281711676632	-0.0477323343305722	0.05314736332784689
-0.1244932227974577	0.1360943488321272	-0.2926599642215525	1.0000000000000004	-0.7160265646134767	0.0854997350004728	-0.11791099127784703	0.20774984354500675	-0.45098470837726506	0.3160805686844411	-0.12543310979154307	0.11662923756145194	-0.1817173298657953	0.1736815154934836	-0.13024137241379574	0.09480315769424126	-0.1418443262592703	0.12542389169982193	-0.16192260223201096	0.11483825138285009	-0.07121771211557008	0.12245324688333369	-0.11732129277839991	0.09955250185130897	-0.09433104855155902	0.08391910435366336	-0.07874675009367192	0.0683447687338135	-0.07060553315265639	0.11464742828886051	-0.06288423400253235	0.10157214184721816	-0.07169755304041285	0.060628638251095705	-0.09116187669015353	0.0709534220588135	-0.045623363657240366	0.051591809681171046	-0.0741482700170183	0.06644331425224008	-0.029883187189000557	0.03216896949743723	-0.0776050778769711	0.02646114566720547	-0.029769522161534476
0.07681120270124071	-0.08873641551490855	0.16400112104134199	-0.7160265646134767	1.0000000000000007	-0.054254932131516914	0.07414373174939685	-0.14997714856816843	0.2921748209819898	-0.5901340555378561	0.07950531904114104	-0.07637606637255069	0.1180600180864974	-0.12689814461020124	0.0883703737027491	-0.06326350050650217	0.09065451109619842	-0.08324307986033452	0.1044032319581916	-0.08031129683311933	0.047102696190759734	-0.08221713205467555	0.07660656210755677	-0.06695007270890001	0.06274404594776026	-0.05627047211088996	0.052378659928346276	-0.0453862664703683	0.046422350016549783	-0.07785822873057895	0.041928853852568004	-0.06843931915625319	0.04725071427276266	-0.03999473353426414	0.059561784249735704	-0.047753796236896774	0.03043585518709672	-0.034537034265478585	0.048225780715026874	-0.04392034951889811	0.019918366697154105	-0.02149586897722248	0.05078997010748584	-0.017313209722022358	0.01943216954342207
-0.672893764723049	0.29832608348054573	-0.1643508615592726	0.0854997350004728	-0.054254932131516914	1.0000000000000007	-0.5770393495264308	0.14290679157956337	-0.08423790305211777	0.06647218606006705	-0.3186987940138977	0.21155070180427968	-0.14047817057769985	0.10525447735340808	-0.07580927661637137	0.1228164472497552	-0.14239102696837444	0.11146124128575775	-0.10946377845899631	0.08184088052318617	-0.08528832522653101	0.1283262294334008	-0.1034270247730034	0.08623859932808742	-0.07650145879313727	0.09553767812571139	-0.08446119585912672	0.06846807372688395	-0.06676108740456609	0.10688232107305741	-0.0669492513488672	0.10987946548080818	-0.07032376068204602	0.057906695320869145	-0.08296647702720708	0.07691290759261249	-0.04759550013959343	0.05418654661391775	-0.06864943286351384	0.0639279375305358	-0.03138670209152485	0.03400537443407158	-0.07757349450892394	0.024937946858840307	-0.027839998173722576
0.3251159260314733	-0.6134630408208454	0.23018327616679393	-0.11791099127784703	0.07414373174939685	-0.5770393495264308	1.0000000000000002	-0.22244487136227345	0.11536179275489164	-0.09196585997642862	0.2449039187685369	-0.2770912487699834	0.18243312928837652	-0.1383879819247315	0.09821008444088772	-0.1443158450452806	0.1739442712089382	-0.14239745899567935	0.13978489111858047	-0.10590380165796148	0.10087899419558417	-0.16108612940333564	0.13043693960567654	-0.11009921974410909	0.09768698821100079	-0.1179164284282913	0.10476271446594085	-0.08629254405767588	0.08432615381002384	-0.13689865797465958	0.0842016895815914	-0.13906683824562358	0.0886023583094261	-0.0732982070684727	0.10519900785747442	-0.09752647754189615	0.0602289337069339	-0.06871903172866843	0.08707419522864776	-0.08138120656374488	0.03980635006358485	-0.04316864186777702	0.09885814061993993	-0.031679027154443706	0.03535427067582637
-0.18649192272654008	0.22558268743478485	-0.5683826324930308	0.20774984354500675	-0.14997714856816843	0.14290679157956337	-0.22244487136227345	0.9999999999999998	-0.3454392362530178	0.1898734497282879	-0.20624182157796556	0.2069700828274098	-0.5619398338320984	0.230070469385039	-0.15826063710887878	0.1434977592155469	-0.22418787521741312	0.21418836475503084	-0.2154574074200443	0.15235378635451793	-0.10580844063595764	0.18241696148705824	-0.1745695860484999	0.141284861321903	-0.12839484377476756	0.12354454632268855	-0.11431098855833385	0.09673667049738101	-0.0970929224351006	0.16108094954987823	-0.08973255892903245	0.1469319645129681	-0.09978953323218083	0.08355149165287326	-0.12256228571594159	0.10207034579607213	-0.06466999438424105	0.0734075574126884	-0.09888475381461453	0.09093737027396266	-0.04218245450054694	0.045575476204697866	-0.10520010133383337	0.03564202763810434	-0.03991966807737706
0.11494164651235571	-0.1361526663953199	0.23557103356733414	-0.45098470837726506	0.2921748209819898	-0.08423790305211777	0.11536179275489164	-0.3454392362530178	0.9999999999999996	-0.6653461250357644	0.12408194054162924	-0.1241337727357075	0.2076697643976177	-0.2812713300030686	0.15328937107777132	-0.09945669875937319	0.14332300618061034	-0.13877451138514185	0.17290498540673166	-0.13663514629736642	0.07367109851917975	-0.13025971621106042	0.12163293838236662	-0.10806109528891816	0.10094219669488014	-0.08808273798989244	0.08178886034166384	-0.070707701431899	0.07198467102482974	-0.12350639236075245	0.06490251624510124	-0.1065229152258585	0.07317744511354006	-0.06200443021354189	0.0919120218445381	-0.07400738075449181	0.04710601958972304	-0.05350514767093095	0.07372771579646775	-0.06770131853952945	0.030695367641484728	-0.03315783981500195	0.07703749515142959	-0.026534499825221193	0.02974836678674553
-0.09427585023334178	0.10465779003312063	-0.2057215779153903	0.3160805686844411	-0.5901340555378561	0.06647218606006705	-0.09196585997642862	0.1898734497282879	-0.6653461250357644	1.0000000000000013	-0.09900884800563542	0.09438784418027862	-0.1578969384306066	0.1653288540091408	-0.12332795938770125	0.07557559978021654	-0.11401092791978207	0.10428961473452063	-0.13719669799830855	0.10165350101098979	-0.05658121703452022	0.09850876067698384	-0.09498816188889529	0.08203487996770026	-0.07814548111057497	0.06676176323055105	-0.06254883728515491	0.054217778560362	-0.05582242174213698	0.09286099962839477	-0.04952958566265698	0.08047379974205983	-0.05656673234391772	0.04790711078923289	-0.07177535072606249	0.0559812212736756	-0.03594536759469929	0.04069314354137777	-0.05772259371547213	0.052178266077127056	-0.023433045872385955	0.02525302307678595	-0.05981979495000185	0.02065133632141726	-0.023206724256606356
0.24249867258057106	-0.2560585797918243	0.20880981727766257	-0.12543310979154307	0.07950531904114104	-0.3186987940138977	0.2449039187685369	-0.20624182157796556	0.12408194054162924	-0.09900884800563542	1.0000000000000004	-0.704530607936623	0.23604256745406654	-0.17728180917532024	0.12454698838417493	-0.29125918697098396	0.26281252791830906	-0.2050859403803215	0.1819872608972587	-0.13745457216814885	0.17180165068257328	-0.23423504471677586	0.1783560091133075	-0.14743752266748106	0.1282934379881427	-0.18007814365209662	0.15248419403163369	-0.11782587941190642	0.11273882907671874	-0.17846740180215162	0.11429228259032595	-0.187120824337174	0.11958899937029158	-0.0973228931463506	0.13753020950220854	-0.12869446829961934	0.07996731809818154	-0.09063212485414755	0.11247112194965686	-0.10470915675169605	0.051917404826241575	-0.05618767562600962	0.12259710619428463	-0.040788513499473295	0.04551279863671609
-0.23030165361503105	0.21826835985578122	-0.21454725400351995	0.11662923756145194	-0.07637606637255069	0.21155070180427968	-0.2770912487699834	0.2069700828274098	-0.1241337727357075	0.09438784418027862	-0.704530607936623	1.0000000000000018	-0.34399287276437995	0.17645366567422327	-0.12601073985147088	0.19642219709862355	-0.4034364222014782	0.22550772372692893	-0.19348356673443484	0.13347853145002156	-0.1399852982558046	0.2037995799147533	-0.1774144875903474	0.1378766580045721	-0.1212708539355466	0.1422727944391777	-0.12901805926976276	0.10133900328639046	-0.09940315515595999	0.15688981794990078	-0.09537846740018917	0.15362967695629162	-0.10391797671092895	0.08508819753109073	-0.12252636677946181	0.10548972101325836	-0.06702695470231126	0.07553819043125606	-0.09918202757570183	0.0907075686536409	-0.04329732320810231	0.04666168502888903	-0.10465767917071658	0.035672799295594505	-0.03993936187010631
0.1742575802915856	-0.2111633493781437	0.2868525375647154	-0.1817173298657953	0.1180600180864974	-0.14047817057769985	0.18243312928837652	-0.5619398338320984	0.2076697643976177	-0.1578969384306066	0.23604256745406654	-0.34399287276437995	1.0000000000000022	-0.3737918022590655	0.19606631817472633	-0.18034353081055676	0.276411710710206	-0.40247919124111414	0.26499668691501327	-0.20232183442098498	0.12944324863920936	-0.23540115440264045	0.21796455427813452	-0.18296391324402198	0.15868358565505256	-0.15309997243071552	0.139996663278239	-0.11785784901015957	0.11621774073690082	-0.20179336916303345	0.10771247231346533	-0.1791002873453667	0.11950300136419915	-0.10019249360568684	0.14484500745430048	-0.12295656203256755	0.07764205933927383	-0.08835353268302118	0.11538289956453437	-0.10793335447411387	0.05016753355369162	-0.054320188316145455	0.12068456917062792	-0.04181019262494655	0.04671346691010795
-0.14615878570740712	0.15376462191876844	-0.2421285957197925	0.1736815154934836	-0.12689814461020124	0.10525447735340808	-0.1383879819247315	0.230070469385039	-0.2812713300030686	0.1653288540091408	-0.17728180917532024	0.17645366567422327	-0.3737918022590655	0.9999999999999976	-0.5712289954380086	0.14054621046852972	-0.23566104124986959	0.23886394887390894	-0.4748434554685883	0.3014870756160639	-0.10629330845446536	0.1936842798030207	-0.20571079373289838	0.19005023493252785	-0.19355935148952808	0.1244548743891752	-0.11865547897694599	0.10448700939117544	-0.1097484126523847	0.1921684142097471	-0.09065925714495625	0.1475992153939446	-0.10857352962888261	0.09320942925076502	-0.14167975732666174	0.1010915194476908	-0.06617898323654907	0.07469541051456201	-0.10899949565839938	0.09843459388596862	-0.042266098808787164	0.045485577098892026	-0.10474231694890108	0.03883473700826451	-0.04369459789487193
0.1049870891570541	-0.11360069019833999	0.16174663172091797	-0.13024137241379574	0.0883703737027491	-0.07580927661637137	0.09821008444088772	-0.15826063710887878	0.15328937107777132	-0.12332795938770125	0.12454698838417493	-0.12601073985147088	0.19606631817472633	-0.5712289954380086	1.0000000000000022	-0.11270541452354936	0.16544997284817398	-0.1760690892597057	0.2855269562535784	-0.678131983596401	0.08510762620260749	-0.16332884222826197	0.1651785461595581	-0.1943097258622637	0.20444622920680675	-0.10286540186308957	0.09795204239490737	-0.08866706352602952	0.09398312965318759	-0.1963266712638716	0.07499877039937648	-0.12413063303041176	0.09097846843616483	-0.08020033143138008	0.12140490659471602	-0.08442510272986299	0.05523867740952139	-0.06265540595021221	0.09049439253884939	-0.0840567073666614	0.035011145788127765	-0.03776947129763542	0.08479022194755124	-0.03251292642724397	0.03647504452477404
-0.1677897918722228	0.14738393150366286	-0.1872874972963239	0.09480315769424126	-0.06326350050650217	0.1228164472497552	-0.1443158450452806	0.1434977592155469	-0.09945669875937319	0.07557559978021654	-0.29125918697098396	0.19642219709862355	-0.18034353081055676	0.14054621046852972	-0.11270541452354936	0.9999999999999998	-0.2854435172233372	0.17693108503761698	-0.17848738696390137	0.12070152813742716	-0.729843659565792	0.2486930943365497	-0.20139508148812865	0.14129598172565397	-0.1290413817597289	0.2800057602507578	-0.2546824390238264	0.14554708121920673	-0.14092815688572993	0.16655412383522084	-0.1495184785255462	0.20218124229915235	-0.1542734379095224	0.11576086370073017	-0.16343235287444055	0.13660865326259347	-0.09176699650922351	0.09803750214748458	-0.13443131838522793	0.11340205416688706	-0.05771500856602402	0.06056583569722776	-0.13621950339907535	0.0468974755508878	-0.052919554931972666
0.17761378987227358	-0.19763971733624072	0.22311707782365528	-0.1418443262592703	0.09065451109619842	-0.14239102696837444	0.1739442712089382	-0.22418787521741312	0.14332300618061034	-0.11401092791978207	0.26281252791830906	-0.4034364222014782	0.276411710710206	-0.23566104124986959	0.16544997284817398	-0.2854435172233372	0.9999999999999982	-0.5757989899132674	0.2711482133824246	-0.1952512978464517	0.18602740776634008	-0.37273823781339416	0.2745566011987312	-0.2148554149831008	0.17574523917195378	-0.20751925454185802	0.1874307630034033	-0.1458616072875131	0.13940148244576206	-0.22919636493343687	0.13220581734459588	-0.21839486613548872	0.14572035594062255	-0.11945571506995496	0.16908884154664838	-0.1464599583070775	0.09337460618270012	-0.10542243558241493	0.13473190013577707	-0.1251342888255412	0.059430837573262715	-0.06415725938713646	0.1383096088693301	-0.04866920641612203	0.05436693531034625
-0.1474659805094523	0.1562013072555073	-0.21340754558363909	0.12542389169982193	-0.08324307986033452	0.11146124128575775	-0.14239745899567935	0.21418836475503084	-0.13877451138514185	0.10428961473452063	-0.2050859403803215	0.22550772372692893	-0.40247919124111414	0.23886394887390894	-0.1760690892597057	0.17693108503761698	-0.5757989899132674	0.9999999999999964	-0.4560447275191829	0.2007725669632863	-0.13333600522222883	0.263766389117478	-0.40885782714277796	0.2178519388841379	-0.17927402076192792	0.148935369358446	-0.1440095455257198	0.12053998621498872	-0.11887839827068473	0.19717265055729932	-0.10190597577664438	0.16637598630322448	-0.12105463115901925	0.10026010064765198	-0.1453562302834315	0.11181286682401119	-0.07324952060885705	0.08240172667075413	-0.11281342558444346	0.10309168333532222	-0.04624679029809417	0.04975022213822173	-0.11042894402626997	0.040407502516335465	-0.045297379460336434
0.1488031855685538	-0.16432106699821894	0.2162644920212529	-0.16192260223201096	0.1044032319581916	-0.10946377845899631	0.13978489111858047	-0.2154574074200443	0.17290498540673166	-0.13719669799830855	0.1819872608972587	-0.19348356673443484	0.26499668691501327	-0.4748434554685883	0.2855269562535784	-0.17848738696390137	0.2711482133824246	-0.4560447275191829	0.9999999999999978	-0.45352649056850064	0.1320905862375695	-0.2639631099457091	0.2617703113374158	-0.30443219619285417	0.23876612079540774	-0.1599182958959658	0.15023373243252422	-0.1319457431811718	0.1344697491794217	-0.25899889398228737	0.113220172531774	-0.18886886685820672	0.13317845096846154	-0.11502215625161973	0.16896328151184278	-0.1278244867858394	0.08265794326786671	-0.09388846339716787	0.12889892192370084	-0.12074857178565722	0.05246585226885567	-0.05669577730511656	0.12476413721954513	-0.04654238175075207	0.052079929061174625
-0.11547897318493248	0.11862788803002769	-0.17443705426551953	0.11483825138285009	-0.08031129683311933	0.08184088052318617	-0.10590380165796148	0.15235378635451793	-0.13663514629736642	0.10165350101098979	-0.13745457216814885	0.13347853145002156	-0.20232183442098498	0.3014870756160639	-0.678131983596401	0.12070152813742716	-0.1952512978464517	0.2007725669632863	-0.45352649056850064	0.9999999999999976	-0.09293554595010314	0.17715272960925232	-0.20290903307875216	0.22927925394033416	-0.35674572391639586	0.11037649441472297	-0.10744999949516718	0.09882148578258336	-0.10848638838721447	0.21376975408887697	-0.08102685335483636	0.13222806553366512	-0.10286129579922816	0.09109924310972775	-0.14268354610562312	0.08970562324302757	-0.0599726812744592	0.06760248214308534	-0.10337314353369285	0.0934856429415976	-0.03768750445302889	0.0405004490993283	-0.0924584143822085	0.03670783419811619	-0.04136562397421961
0.11569137865946005	-0.1076761423722102	0.13494510079575078	-0.07121771211557008	0.047102696190759734	-0.08528832522653101	0.10087899419558417	-0.10580844063595764	0.07367109851917975	-0.05658121703452022	0.17180165068257328	-0.1399852982558046	0.12944324863920936	-0.10629330845446536	0.08510762620260749	-0.729843659565792	0.18602740776634008	-0.13333600522222883	0.1320905862375695	-0.09293554595010314	0.9999999999999963	-0.27856937190811176	0.16337502258895714	-0.11498833230076408	0.10210813133294737	-0.4996882609932199	0.24468719188611	-0.13307394225287364	0.11655107237406546	-0.1354941415735884	0.13267794616442763	-0.19475566648838225	0.13083909743840266	-0.09652623643053122	0.12938971614325845	-0.12485444420666839	0.08020311009032044	-0.08642581138063823	0.10545832625640039	-0.09104973327000618	0.04946645947062251	-0.0523989098238977	0.10575572285003806	-0.037109691082914106	0.041646418056227506
-0.18567523380936915	0.17070086558704267	-0.23546422607157702	0.12245324688333369	-0.08221713205467555	0.1283262294334008	-0.16108612940333564	0.18241696148705824	-0.13025971621106042	0.09850876067698384	-0.23423504471677586	0.2037995799147533	-0.23540115440264045	0.1936842798030207	-0.16332884222826197	0.2486930943365497	-0.37273823781339416	0.263766389117478	-0.2639631099457091	0.17715272960925232	-0.27856937190811176	0.9999999999999951	-0.5340094835223825	0.2431049032307105	-0.21808386498196028	0.2630342562364741	-0.3917576877209268	0.20091673310225755	-0.19536663037395352	0.23977746145539444	-0.16879334275040325	0.2546299292939035	-0.20817378359005148	0.15814017923678453	-0.22727747528069003	0.16266329333394994	-0.11547855593437191	0.1239395581424405	-0.1792408500699373	0.15160486444873852	-0.0699716553929002	0.07372949241321253	-0.16683805337684865	0.06233307134827058	-0.07044823424445017
0.14378204142757026	-0.147945343311651	0.19325509616069947	-0.11732129277839991	0.07660656210755677	-0.1034270247730034	0.13043693960567654	-0.1745695860484999	0.12163293838236662	-0.09498816188889529	0.1783560091133075	-0.1774144875903474	0.21796455427813452	-0.20571079373289838	0.1651785461595581	-0.20139508148812865	0.2745566011987312	-0.40885782714277796	0.2617703113374158	-0.20290903307875216	0.16337502258895714	-0.5340094835223825	0.9999999999999973	-0.4970045691645676	0.256932873263816	-0.1962232563561523	0.2018231451686747	-0.1848054819995015	0.16435610696236255	-0.28444355835073526	0.12889712099068876	-0.2168416510376089	0.16618359936238092	-0.13723455765497908	0.19055873300508022	-0.138608559641282	0.09407202552163019	-0.10571561053750582	0.1432780541717297	-0.13235809602519039	0.05733876316888892	-0.06156587452061961	0.13156141230010684	-0.05138145891709699	0.05747037694610049
-0.12378721745059029	0.12160100337384099	-0.17121148997830482	0.09955250185130897	-0.06695007270890001	0.08623859932808742	-0.11009921974410909	0.141284861321903	-0.10806109528891816	0.08203487996770026	-0.14743752266748106	0.1378766580045721	-0.18296391324402198	0.19005023493252785	-0.1943097258622637	0.14129598172565397	-0.2148554149831008	0.2178519388841379	-0.30443219619285417	0.22927925394033416	-0.11498833230076408	0.2431049032307105	-0.4970045691645676	0.9999999999999946	-0.6529253947338551	0.13639179809460464	-0.1416494555092531	0.13874928028974232	-0.16652339544965267	0.28114859265182934	-0.0999275401611893	0.1618620777353732	-0.14244270490519384	0.12964255908846545	-0.20275926714746637	0.10755270461206745	-0.0753483237507633	0.0842374642736552	-0.13813270304868433	0.12202806237241333	-0.04583688436973395	0.049006031763621574	-0.11082724402727086	0.048421118323542664	-0.054775504972868115
0.10942123614488924	-0.11015505177340906	0.15213990957766185	-0.09433104855155902	0.06274404594776026	-0.07650145879313727	0.09768698821100079	-0.12839484377476756	0.10094219669488014	-0.07814548111057497	0.1282934379881427	-0.1212708539355466	0.15868358565505256	-0.19355935148952808	0.20444622920680675	-0.1290413817597289	0.17574523917195378	-0.17927402076192792	0.23876612079540774	-0.35674572391639586	0.10210813133294737	-0.21808386498196028	0.256932873263816	-0.6529253947338551	0.9999999999999948	-0.1255111488985535	0.1256847155982975	-0.1262861676678316	0.14754048744748433	-0.5000661043555383	0.09232195498647662	-0.1532998422338955	0.1282710700598404	-0.12314215330271211	0.19473923114555072	-0.10168724469999592	0.07009933048534871	-0.07923466370739841	0.12721325813166165	-0.11897391344929492	0.04277626745039695	-0.04595218969579026	0.10171878307457197	-0.04544326827065704	0.05111501510227927
-0.13987509414945468	0.12352520057801272	-0.16830215360001713	0.08391910435366336	-0.05627047211088996	0.09553767812571139	-0.1179164284282913	0.12354454632268855	-0.08808273798989244	0.06676176323055105	-0.18007814365209662	0.1422727944391777	-0.15309997243071552	0.1244548743891752	-0.10286540186308957	0.2800057602507578	-0.20751925454185802	0.148935369358446	-0.1599182958959658	0.11037649441472297	-0.4996882609932199	0.2630342562364741	-0.1962232563561523	0.13639179809460464	-0.1255111488985535	0.999999999999997	-0.6255986756990027	0.1977517918336153	-0.17339580034913632	0.16761917021673675	-0.22738426264988698	0.26346115337308407	-0.2010452716304025	0.13707778837699433	-0.17913676998877429	0.17258852606916178	-0.11424448098641263	0.11750532603347923	-0.14572526124569002	0.1218041887769368	-0.06921289054151855	0.07190898950868824	-0.14439665684336372	0.05060709644994657	-0.05691402933680187
0.1224955709435151	-0.11272594713634398	0.15133274713232545	-0.07874675009367192	0.052378659928346276	-0.08446119585912672	0.10476271446594085	-0.11431098855833385	0.08178886034166384	-0.06254883728515491	0.15248419403163369	-0.12901805926976276	0.139996663278239	-0.11865547897694599	0.09795204239490737	-0.2546824390238264	0.1874307630034033	-0.1440095455257198	0.15023373243252422	-0.10744999949516718	0.24468719188611	-0.3917576877209268	0.2018231451686747	-0.1416494555092531	0.1256847155982975	-0.6255986756990027	0.999999999999992	-0.3226602309555587	0.1896525437089683	-0.17466623292962807	0.19323932911162128	-0.4317158653434529	0.22885541237668372	-0.15397721329184724	0.17805360511483143	-0.17316550889029628	0.1288610332938324	-0.13588858968945522	0.14234256088631544	-0.12417348635686203	0.06963287426304589	-0.07342444927020282	0.13564656013443735	-0.0502080942515422	0.05590349858707177
-0.10115559019683504	0.09416881835216574	-0.1288325937000931	0.0683447687338135	-0.0453862664703683	0.06846807372688395	-0.08629254405767588	0.09673667049738101	-0.070707701431899	0.054217778560362	-0.11782587941190642	0.10133900328639046	-0.11785784901015957	0.10448700939117544	-0.08866706352602952	0.14554708121920673	-0.1458616072875131	0.12053998621498872	-0.1319457431811718	0.09882148578258336	-0.13307394225287364	0.20091673310225755	-0.1848054819995015	0.13874928028974232	-0.1262861676678316	0.1977517918336153	-0.3226602309555587	0.9999999999999899	-0.5121612920417784	0.2007620936199771	-0.14093407668152264	0.24216917336348492	-0.6610499488127897	0.28983716884954497	-0.23976444718012427	0.13792076130478695	-0.13435548413520604	0.14705502173075322	-0.16828098044683054	0.15402537393090918	-0.06219012783449361	0.06535370772065435	-0.12269354949720758	0.05959401570231529	-0.06479644900976884
0.09781987269112934	-0.09433521253028213	0.12620110984408936	-0.07060553315265639	0.046422350016549783	-0.06676108740456609	0.08432615381002384	-0.0970929224351006	0.07198467102482974	-0.05582242174213698	0.11273882907671874	-0.09940315515595999	0.11621774073690082	-0.1097484126523847	0.09398312965318759	-0.14092815688572993	0.13940148244576206	-0.11887839827068473	0.1344697491794217	-0.10848638838721447	0.11655107237406546	-0.19536663037395352	0.16435610696236255	-0.16652339544965267	0.14754048744748433	-0.17339580034913632	0.1896525437089683	-0.5121612920417784	0.9999999999999925	-0.2971295355010967	0.1266065795548033	-0.22991953687997485	0.3125298006098952	-0.6461391223047671	0.28061351927855965	-0.1378075936244424	0.11106117436823289	-0.1299608460235946	0.19049207644934976	-0.20229100396200092	0.0584465632371837	-0.0628422273421236	0.1197050749677084	-0.07226837818932327	0.07564753968167907
-0.1595553439671239	0.148572041921025	-0.21672966022764073	0.11464742828886051	-0.07785822873057895	0.10688232107305741	-0.13689865797465958	0.16108094954987823	-0.12350639236075245	0.09286099962839477	-0.17846740180215162	0.15688981794990078	-0.20179336916303345	0.1921684142097471	-0.1963266712638716	0.16655412383522084	-0.22919636493343687	0.19717265055729932	-0.25899889398228737	0.21376975408887697	-0.1354941415735884	0.23977746145539444	-0.28444355835073526	0.28114859265182934	-0.5000661043555383	0.16761917021673675	-0.17466623292962807	0.2007620936199771	-0.2971295355010967	0.9999999999999902	-0.13367382601294686	0.21510656787545887	-0.22445308106532985	0.23036936558876078	-0.47786581206957685	0.1442603457905664	-0.1070165205049355	0.11954093779032471	-0.24302043981180746	0.21245208818694528	-0.06326842950183165	0.06741010518425417	-0.15667104035814958	0.08382984794022222	-0.09597970243331938
0.10072614160505704	-0.09066680803016401	0.12545863676804803	-0.06288423400253235	0.041928853852568004	-0.0669492513488672	0.0842016895815914	-0.08973255892903245	0.06490251624510124	-0.04952958566265698	0.11429228259032595	-0.09537846740018917	0.10771247231346533	-0.09065925714495625	0.07499877039937648	-0.1495184785255462	0.13220581734459588	-0.10190597577664438	0.113220172531774	-0.08102685335483636	0.13267794616442763	-0.16879334275040325	0.12889712099068876	-0.0999275401611893	0.09232195498647662	-0.22738426264988698	0.19323932911162128	-0.14093407668152264	0.1266065795548033	-0.13367382601294686	0.999999999999989	-0.43250962888969474	0.15937617257333264	-0.11122231605306056	0.14607682468817892	-0.7688310377723763	0.18170345569053184	-0.1848658879959138	0.12750749338623726	-0.10704291431202255	0.16267846301482114	-0.17656118374751273	0.1622407046331051	-0.045009613731389286	0.05019835146293761
-0.1680093927758855	0.14679211047104748	-0.2105654452890085	0.10157214184721816	-0.06843931915625319	0.10987946548080818	-0.13906683824562358	0.1469319645129681	-0.1065229152258585	0.08047379974205983	-0.187120824337174	0.15362967695629162	-0.1791002873453667	0.1475992153939446	-0.12413063303041176	0.20218124229915235	-0.21839486613548872	0.16637598630322448	-0.18886886685820672	0.13222806553366512	-0.19475566648838225	0.2546299292939035	-0.2168416510376089	0.1618620777353732	-0.1532998422338955	0.26346115337308407	-0.4317158653434529	0.24216917336348492	-0.22991953687997485	0.21510656787545887	-0.43250962888969474	0.9999999999999893	-0.33040603386389933	0.1953256780064541	-0.26116531266798604	0.2740495330419527	-0.28760419409905347	0.22629496886605685	-0.22009744836394274	0.17499280495116348	-0.1231083210225824	0.12383983842727894	-0.2297522684008146	0.07519261379000586	-0.08482188072644617
0.10354540025083984	-0.09814061260368588	0.13182025997258165	-0.07169755304041285	0.04725071427276266	-0.07032376068204602	0.0886023583094261	-0.09978953323218083	0.07317744511354006	-0.05656673234391772	0.11958899937029158	-0.10391797671092895	0.11950300136419915	-0.10857352962888261	0.09097846843616483	-0.1542734379095224	0.14572035594062255	-0.12105463115901925	0.13317845096846154	-0.10286129579922816	0.13083909743840266	-0.20817378359005148	0.16618359936238092	-0.14244270490519384	0.1282710700598404	-0.2010452716304025	0.22885541237668372	-0.6610499488127897	0.3125298006098952	-0.22445308106532985	0.15937617257333264	-0.33040603386389933	0.9999999999999888	-0.4392601399040758	0.24569849213772377	-0.16787669034288713	0.1700994953069028	-0.22798984574977527	0.17972419223490366	-0.18100531183037338	0.0741702475626926	-0.0793944499502304	0.1343108280192579	-0.06690891458157305	0.07113081635272123
-0.08551579505167195	0.0815486096118265	-0.11034141863319488	0.060628638251095705	-0.03999473353426414	0.057906695320869145	-0.0732982070684727	0.08355149165287326	-0.06200443021354189	0.04790711078923289	-0.0973228931463506	0.08508819753109073	-0.10019249360568684	0.09320942925076502	-0.08020033143138008	0.11576086370073017	-0.11945571506995496	0.10026010064765198	-0.11502215625161973	0.09109924310972775	-0.09652623643053122	0.15814017923678453	-0.13723455765497908	0.12964255908846545	-0.12314215330271211	0.13707778837699433	-0.15397721329184724	0.28983716884954497	-0.6461391223047671	0.23036936558876078	-0.11122231605306056	0.1953256780064541	-0.4392601399040758	0.9999999999999875	-0.4761911166076319	0.11911088800208573	-0.10617180078284182	0.1215504099251723	-0.24141649400372697	0.21095543484494267	-0.052418616394812254	0.05591593671774164	-0.10799803045294155	0.07912253866971301	-0.08271040588992096
0.12162495254728055	-0.11954764305544437	0.15831153719400817	-0.09116187669015353	0.059561784249735704	-0.08296647702720708	0.10519900785747442	-0.12256228571594159	0.0919120218445381	-0.07177535072606249	0.13753020950220854	-0.12252636677946181	0.14484500745430048	-0.14167975732666174	0.12140490659471602	-0.16343235287444055	0.16908884154664838	-0.1453562302834315	0.16896328151184278	-0.14268354610562312	0.12938971614325845	-0.22727747528069003	0.19055873300508022	-0.20275926714746637	0.19473923114555072	-0.17913676998877429	0.17805360511483143	-0.23976444718012427	0.28061351927855965	-0.47786581206957685	0.14607682468817892	-0.26116531266798604	0.24569849213772377	-0.4761911166076319	0.9999999999999905	-0.1696483580177822	0.12199132599584574	-0.1445799825899686	0.2741134121258406	-0.4405118692616913	0.07030904042584771	-0.0764050284513973	0.1528097258446307	-0.11323472957441881	0.12336102532462415
-0.11861128472727123	0.10320961493013246	-0.14849237188696546	0.0709534220588135	-0.047753796236896774	0.07691290759261249	-0.09752647754189615	0.10207034579607213	-0.07400738075449181	0.0559812212736756	-0.12869446829961934	0.10548972101325836	-0.12295656203256755	0.1010915194476908	-0.08442510272986299	0.13660865326259347	-0.1464599583070775	0.11181286682401119	-0.1278244867858394	0.08970562324302757	-0.12485444420666839	0.16266329333394994	-0.138608559641282	0.10755270461206745	-0.10168724469999592	0.17258852606916178	-0.17316550889029628	0.13792076130478695	-0.1378075936244424	0.1442603457905664	-0.7688310377723763	0.2740495330419527	-0.16787669034288713	0.11911088800208573	-0.1696483580177822	0.9999999999999897	-0.22835529644768904	0.18582380487019967	-0.15221013402538577	0.12029314727705707	-0.2614036782983335	0.1979194502503724	-0.21393504415424533	0.052752887703881576	-0.05942388046510179
0.0721934824807782	-0.0649539808073502	0.09089209852938337	-0.045623363657240366	0.03043585518709672	-0.04759550013959343	0.0602289337069339	-0.06466999438424105	0.04710601958972304	-0.03594536759469929	0.07996731809818154	-0.06702695470231126	0.07764205933927383	-0.06617898323654907	0.05523867740952139	-0.09176699650922351	0.09337460618270012	-0.07324952060885705	0.08265794326786671	-0.0599726812744592	0.08020311009032044	-0.11547855593437191	0.09407202552163019	-0.0753483237507633	0.07009933048534871	-0.11424448098641263	0.1288610332938324	-0.13435548413520604	0.11106117436823289	-0.1070165205049355	0.18170345569053184	-0.28760419409905347	0.1700994953069028	-0.10617180078284182	0.12199132599584574	-0.22835529644768904	0.9999999999999879	-0.8687761012530099	0.1138402760446573	-0.09585978290406816	0.14466949172280566	-0.1767208686758431	0.1342802993597714	-0.04049756626505889	0.04350736257304812
-0.08275695856272713	0.0736582895133172	-0.10439169940851964	0.051591809681171046	-0.034537034265478585	0.05418654661391775	-0.06871903172866843	0.0734075574126884	-0.05350514767093095	0.04069314354137777	-0.09063212485414755	0.07553819043125606	-0.08835353268302118	0.07469541051456201	-0.06265540595021221	0.09803750214748458	-0.10542243558241493	0.08240172667075413	-0.09388846339716787	0.06760248214308534	-0.08642581138063823	0.1239395581424405	-0.10571561053750582	0.0842374642736552	-0.07923466370739841	0.11750532603347923	-0.13588858968945522	0.14705502173075322	-0.1299608460235946	0.11954093779032471	-0.1848658879959138	0.22629496886605685	-0.22798984574977527	0.1215504099251723	-0.1445799825899686	0.18582380487019967	-0.8687761012530099	0.9999999999999889	-0.13950457265991262	0.10933407955610251	-0.1422779217562215	0.1403320573847313	-0.16159909674306844	0.04739230223243192	-0.051265252148260596
0.10141659847838384	-0.09952466590907058	0.13022048197097905	-0.0741482700170183	0.048225780715026874	-0.06864943286351384	0.08707419522864776	-0.09888475381461453	0.07372771579646775	-0.05772259371547213	0.11247112194965686	-0.09918202757570183	0.11538289956453437	-0.10899949565839938	0.09049439253884939	-0.13443131838522793	0.13473190013577707	-0.11281342558444346	0.12889892192370084	-0.10337314353369285	0.10545832625640039	-0.1792408500699373	0.1432780541717297	-0.13813270304868433	0.12721325813166165	-0.14572526124569002	0.14234256088631544	-0.16828098044683054	0.19049207644934976	-0.24302043981180746	0.12750749338623726	-0.22009744836394274	0.17972419223490366	-0.24141649400372697	0.2741134121258406	-0.15221013402538577	0.1138402760446573	-0.13950457265991262	0.9999999999999896	-0.6965676467216536	0.06486467218225717	-0.07064546031594146	0.15031801273538978	-0.3714172909054842	0.2600827057411915
-0.09610959841935744	0.09038761167615157	-0.12417176553743085	0.06644331425224008	-0.04392034951889811	0.0639279375305358	-0.08138120656374488	0.09093737027396266	-0.06770131853952945	0.052178266077127056	-0.10470915675169605	0.0907075686536409	-0.10793335447411387	0.09843459388596862	-0.0840567073666614	0.11340205416688706	-0.1251342888255412	0.10309168333532222	-0.12074857178565722	0.0934856429415976	-0.09104973327000618	0.15160486444873852	-0.13235809602519039	0.12202806237241333	-0.11897391344929492	0.1218041887769368	-0.12417348635686203	0.15402537393090918	-0.20229100396200092	0.21245208818694528	-0.10704291431202255	0.17499280495116348	-0.18100531183037338	0.21095543484494267	-0.4405118692616913	0.12029314727705707	-0.09585978290406816	0.10933407955610251	-0.6965676467216536	0.9999999999999883	-0.054158135305786434	0.05791857644370917	-0.1368064826047271	0.2420350806002639	-0.3446369612736222
0.04804534560294353	-0.043025417099810864	0.06030215805879648	-0.029883187189000557	0.019918366697154105	-0.03138670209152485	0.03980635006358485	-0.04218245450054694	0.030695367641484728	-0.023433045872385955	0.051917404826241575	-0.04329732320810231	0.05016753355369162	-0.042266098808787164	0.035011145788127765	-0.05771500856602402	0.059430837573262715	-0.04624679029809417	0.05246585226885567	-0.03768750445302889	0.04946645947062251	-0.0699716553929002	0.05733876316888892	-0.04583688436973395	0.04277626745039695	-0.06921289054151855	0.06963287426304589	-0.06219012783449361	0.0584465632371837	-0.06326842950183165	0.16267846301482114	-0.1231083210225824	0.0741702475626926	-0.052418616394812254	0.07030904042584771	-0.2614036782983335	0.14466949172280566	-0.1422779217562215	0.06486467218225717	-0.054158135305786434	0.9999999999999881	-0.9183075562013399	0.13981004047794932	-0.023717265734103946	0.02609002550247741
-0.05226168269367814	0.04642549757481382	-0.06562973092827694	0.03216896949743723	-0.02149586897722248	0.03400537443407158	-0.04316864186777702	0.045575476204697866	-0.03315783981500195	0.02525302307678595	-0.05618767562600962	0.04666168502888903	-0.054320188316145455	0.045485577098892026	-0.03776947129763542	0.06056583569722776	-0.06415725938713646	0.04975022213822173	-0.05669577730511656	0.0405004490993283	-0.0523989098238977	0.07372949241321253	-0.06156587452061961	0.049006031763621574	-0.04595218969579026	0.07190898950868824	-0.07342444927020282	0.06535370772065435	-0.0628422273421236	0.06741010518425417	-0.17656118374751273	0.12383983842727894	-0.0793944499502304	0.05591593671774164	-0.0764050284513973	0.1979194502503724	-0.1767208686758431	0.1403320573847313	-0.07064546031594146	0.05791857644370917	-0.9183075562013399	0.9999999999999889	-0.17502413681052015	0.025741915253782964	-0.028400784358714168
0.11883984013730076	-0.111409935082298	0.14924281711676632	-0.0776050778769711	0.05078997010748584	-0.07757349450892394	0.09885814061993993	-0.10520010133383337	0.07703749515142959	-0.05981979495000185	0.12259710619428463	-0.10465767917071658	0.12068456917062792	-0.10474231694890108	0.08479022194755124	-0.13621950339907535	0.1383096088693301	-0.11042894402626997	0.12476413721954513	-0.0924584143822085	0.10575572285003806	-0.16683805337684865	0.13156141230010684	-0.11082724402727086	0.10171878307457197	-0.14439665684336372	0.13564656013443735	-0.12269354949720758	0.1197050749677084	-0.15667104035814958	0.1622407046331051	-0.2297522684008146	0.1343108280192579	-0.10799803045294155	0.1528097258446307	-0.21393504415424533	0.1342802993597714	-0.16159909674306844	0.15031801273538978	-0.1368064826047271	0.13981004047794932	-0.17502413681052015	0.9999999999999891	-0.06673456014608917	0.06984463157416648
