1.0	-0.4434378902216091	0.1683993015470149	-0.12983188412976143	0.14675979953604454	-0.7528707534705965	0.3032129466358159	-0.249744292802504	0.11890188285609417	-0.10890958715302337	0.20440739860023294	-0.18278183726973887	0.14576757042738664	-0.12049699516034271	0.04995599437917751	-0.1500141361566889	0.13627053213275764	-0.12196564662471501	0.12395784971397532	-0.05282569419928701	0.14154440733998	-0.12560409716660248	0.14064314422688934	-0.08267723834291023	0.09032010836738404	-0.08643827793464247	0.09795682459992638	-0.09188138705908083	0.0842862084526331	-0.19601346718802287	0.07612019683936591	-0.10354119635749906	0.08600351449246973	-0.03975902791748104	0.061645231157304824
-0.4434378902216091	1.0000000000000004	-0.30312293269175566	0.17281480468334287	-0.1963635144787658	0.29393505245548135	-0.7225345092781824	0.25927197023961446	-0.14531286333883064	0.12608623128718324	-0.17025056180244186	0.16633452685994685	-0.1528701393956043	0.1253341449047493	-0.05328876750126372	0.11735290157853244	-0.1312989888126694	0.11818441599171738	-0.13077868999898853	0.05522068858605913	-0.127459348032439	0.1086220296379265	-0.13518761397513845	0.07983970153847227	-0.08988160565938264	0.07258792775063135	-0.08613233008650215	0.07864876581212851	-0.07360264225192778	0.15352164650673766	-0.06498634328145253	0.08388550554078456	-0.07170591431414282	0.033018913797792294	-0.05123011230347405
0.1683993015470149	-0.30312293269175566	1.0000000000000002	-0.7103835308399455	0.28789738805055287	-0.15425985948624177	0.1989818866434667	-0.43096600250645345	0.22872902555927235	-0.22742125001448685	0.13064614415824033	-0.1448880354586919	0.1693182705601444	-0.1772383313021339	0.07683949364877898	-0.09966549201310858	0.11404148365909884	-0.12953296313829274	0.15461329805315738	-0.08203944545750227	0.11521375230740595	-0.10527698306965752	0.1376804143170512	-0.09742011998254754	0.1044658627806991	-0.07044324624750148	0.08347702212421813	-0.08821643759544097	0.08143332183125199	-0.1867450249297269	0.06379462097879789	-0.08449803761517194	0.07763613487070334	-0.0358307597707364	0.05579635484225645
-0.12983188412976143	0.17281480468334287	-0.7103835308399455	1.0	-0.5065038109300364	0.1110032507043213	-0.1438186492822553	0.2663673490003887	-0.3193674998462316	0.24658875587044746	-0.10483812242533434	0.11305207677737458	-0.14448244079723627	0.16307124817433702	-0.07474090534494546	0.07939714623971339	-0.09236729705971786	0.10767893400110842	-0.14680244927716654	0.0767228738213262	-0.09352804700885502	0.0847682318470301	-0.11455080380944105	0.08467883108374864	-0.09333637386444182	0.05628795782660503	-0.06730444275395475	0.07013537233692406	-0.06534032753785406	0.14323502371962618	-0.05100000806123065	0.06676085655957988	-0.06099934570212881	0.028125857786567995	-0.04374504188045934
0.14675979953604454	-0.1963635144787658	0.28789738805055287	-0.5065038109300364	1.0	-0.13924732629243253	0.158461016933749	-0.38913555014817075	0.30841272601020164	-0.5635614079067618	0.13730575589874355	-0.15519106098864516	0.18732755777140442	-0.22553355869405584	0.1177905438246636	-0.10696884069753666	0.12329771577358008	-0.1460416679724428	0.18598937392083476	-0.12763168421053556	0.12581532031849982	-0.11659739220637537	0.15376920967697177	-0.11870853746801538	0.12558962690127085	-0.07828090129578794	0.09270976131712814	-0.10174666695403184	0.09375654017606833	-0.2205518574773947	0.07118071733330658	-0.09488555418228084	0.08899715212715714	-0.041095944618081984	0.06406885933523634
-0.7528707534705965	0.29393505245548135	-0.15425985948624177	0.1110032507043213	-0.13924732629243253	1.0	-0.4584703761316227	0.20865637079910385	-0.10939593329462646	0.09659298792647947	-0.27620745007279746	0.17102991298724124	-0.13863958047515804	0.10868087375751562	-0.04493309957556027	0.15307952661808652	-0.1373594190032727	0.11419868855806252	-0.11604047811337949	0.04693280477672521	-0.14433172893151516	0.11824917817279185	-0.13383135613002073	0.07378308169549189	-0.08212748796154691	0.08012577281040191	-0.09213705080976263	0.07988796922725391	-0.07405587067551729	0.1581677751410597	-0.07012705491887249	0.091944362333587	-0.07381991088916136	0.0340569687226487	-0.052608628749105685
0.3032129466358159	-0.7225345092781824	0.1989818866434667	-0.1438186492822553	0.158461016933749	-0.4584703761316227	0.9999999999999991	-0.3404410548593543	0.129318415362104	-0.1133292219555086	0.16894287083311046	-0.20274409124902676	0.15043234914873363	-0.11870939566373917	0.04884458577446867	-0.12123373761467007	0.13520335617971907	-0.11746567978100594	0.12109466970249998	-0.050999441962561926	0.12223817350423592	-0.10732862967720694	0.12859064934775805	-0.07466537954905517	0.08263850250595813	-0.07054717011217561	0.08276904700616405	-0.07555521007132132	0.06991517706056566	-0.14793653112233507	0.06211649684079337	-0.08129083351060215	0.06714173153387949	-0.030977244529481945	0.04786212693129311
-0.249744292802504	0.25927197023961446	-0.43096600250645345	0.2663673490003887	-0.38913555014817075	0.20865637079910385	-0.3404410548593543	0.9999999999999997	-0.358397901449778	0.24832163802270663	-0.2168784937586113	0.2184021882196179	-0.3686123454853004	0.24842894591259534	-0.10359246746830833	0.15808639346664044	-0.18889499290134826	0.21888120334479227	-0.25929761576401594	0.10447628722757227	-0.19125591878435577	0.16726895177430925	-0.2403472454370787	0.14498386041375624	-0.16652383803850848	0.10932217014515264	-0.1332937638347986	0.12862391265885068	-0.12191325836537786	0.23621114125402384	-0.09898914799931671	0.12548206475568643	-0.11195879418005354	0.051460207829114	-0.0798944148568442
0.11890188285609417	-0.14531286333883064	0.22872902555927235	-0.3193674998462316	0.30841272601020164	-0.10939593329462646	0.129318415362104	-0.358397901449778	0.9999999999999993	-0.6777659717931265	0.11924959710419587	-0.13818686819036455	0.19926785795421956	-0.3963345236736874	0.12881779598101725	-0.09384188582066072	0.11306277400944771	-0.1477046046656216	0.22262542486844875	-0.1321993659142807	0.11016891406479326	-0.10335451843481665	0.1420709420149204	-0.12088749449244383	0.126301434669346	-0.06711618404175913	0.0802350287565962	-0.08665779772944396	0.08002312149434362	-0.17365914376059519	0.060193870697309595	-0.0792572911280131	0.07107092084129554	-0.03282335471093245	0.05079942606670414
-0.10890958715302337	0.12608623128718324	-0.22742125001448685	0.24658875587044746	-0.5635614079067618	0.09659298792647947	-0.1133292219555086	0.24832163802270663	-0.6777659717931265	1.0000000000000004	-0.10840019365239978	0.11982355010289061	-0.17434581764881102	0.2290553064566206	-0.1606325590263695	0.08382473890077949	-0.10086180219885109	0.12676814347695003	-0.20468034403325022	0.13815400259767815	-0.10023855130156738	0.0921929964251926	-0.12961944416224308	0.10723989179068016	-0.1205778163361554	0.06022138961070812	-0.07252252758160518	0.0767917392082902	-0.07187927852403858	0.15199907994557876	-0.054336275382277796	0.0708339189788173	-0.06419714437171985	0.029604215799106014	-0.045901659676513426
0.20440739860023294	-0.17025056180244186	0.13064614415824033	-0.10483812242533434	0.13730575589874355	-0.27620745007279746	0.16894287083311046	-0.2168784937586113	0.11924959710419587	-0.10840019365239978	0.9999999999999999	-0.3883975431959727	0.20181239385897928	-0.15183721595185365	0.05825857763737519	-0.6625456950642062	0.2847898035205977	-0.1983360859330296	0.16189947805126348	-0.06198083344003566	0.28509447974502355	-0.25445877068086714	0.2163424407992977	-0.11014273418771944	0.11672857496010731	-0.16884534761093942	0.17441229083701135	-0.13864460941064333	0.12266593337926587	-0.2769731325916976	0.132558073703724	-0.1869490478815872	0.1196804248197631	-0.05578699134699374	0.08402318221024463
-0.18278183726973887	0.16633452685994685	-0.1448880354586919	0.11305207677737458	-0.15519106098864516	0.17102991298724124	-0.20274409124902676	0.2184021882196179	-0.13818686819036455	0.11982355010289061	-0.3883975431959727	0.999999999999998	-0.3533547125414594	0.18613815514812748	-0.06751984341041602	0.2818749905343985	-0.6632777531194464	0.27052481893885943	-0.2157712530822007	0.07007923089208733	-0.2807421111945581	0.24029628015732565	-0.2771928258326499	0.12083328550534142	-0.1329461008653891	0.1417207796919733	-0.17667767989191044	0.13385542429953448	-0.12301229592442148	0.2240118852340074	-0.12025568515951456	0.1492470814763485	-0.10561998136390412	0.04877195513637135	-0.07375378632903981
0.14576757042738664	-0.1528701393956043	0.1693182705601444	-0.14448244079723627	0.18732755777140442	-0.13863958047515804	0.15043234914873363	-0.3686123454853004	0.19926785795421956	-0.17434581764881102	0.20181239385897928	-0.3533547125414594	0.9999999999999969	-0.4216819225690111	0.10180724178372313	-0.18086439248717556	0.2515307190255174	-0.5805247925030754	0.28950443025166106	-0.10841770511188603	0.19222081482973244	-0.20661569999460438	0.27822979018593563	-0.1608625048731359	0.1600300057010039	-0.11941719071098388	0.1413400283372355	-0.15741948301194078	0.1338770753637755	-0.2744526692967307	0.10149971492169729	-0.136038303866558	0.10693411074831319	-0.04969772186895077	0.0752737063570385
-0.12049699516034271	0.1253341449047493	-0.1772383313021339	0.16307124817433702	-0.22553355869405584	0.10868087375751562	-0.11870939566373917	0.24842894591259534	-0.3963345236736874	0.2290553064566206	-0.15183721595185365	0.18613815514812748	-0.4216819225690111	0.9999999999999953	-0.18816277573384782	0.12360228480086544	-0.1640544765162664	0.24988850694820278	-0.6323437102016309	0.1605102897529672	-0.14521335431868843	0.1406083089661272	-0.2123357200856544	0.19780904525142293	-0.21610671518425104	0.08672696766505762	-0.10532554244629361	0.11464907828716928	-0.10628446518959866	0.20826193526115166	-0.07631485018518316	0.0993654065017883	-0.0846432479387323	0.03912660070009785	-0.059898945642791177
0.04995599437917751	-0.05328876750126372	0.07683949364877898	-0.07474090534494546	0.1177905438246636	-0.04493309957556027	0.04884458577446867	-0.10359246746830833	0.12881779598101725	-0.1606325590263695	0.05825857763737519	-0.06751984341041602	0.10180724178372313	-0.18816277573384782	0.9999999999999946	-0.046354882788194086	0.057119960835923154	-0.07753077090694628	0.13655093028163104	-0.9447403838325199	0.05552882356388911	-0.052458665398719954	0.07473227524310702	-0.10131477695972549	0.11213880439898796	-0.03373681230887781	0.04067912917657518	-0.04585738843814331	0.04328654807689523	-0.09105348078400886	0.030222551053154578	-0.0395328376717074	0.035532222069893885	-0.01641435839668817	0.02530109601979493
-0.1500141361566889	0.11735290157853244	-0.09966549201310858	0.07939714623971339	-0.10696884069753666	0.15307952661808652	-0.12123373761467007	0.15808639346664044	-0.09384188582066072	0.08382473890077949	-0.6625456950642062	0.2818749905343985	-0.18086439248717556	0.12360228480086544	-0.046354882788194086	0.9999999999999989	-0.4316072308970241	0.18325852341002344	-0.13988963944183846	0.04887330751487501	-0.469966339243815	0.24005987003793042	-0.20509041845699374	0.08734617826289864	-0.09369415247251474	0.15327998038352403	-0.1657388467630165	0.10971749485916982	-0.09839549092948373	0.19500263283202368	-0.11862250254634246	0.14967491225386348	-0.09079807690404507	0.04215516418109823	-0.06297108956003176
0.13627053213275764	-0.1312989888126694	0.11404148365909884	-0.09236729705971786	0.12329771577358008	-0.1373594190032727	0.13520335617971907	-0.18889499290134826	0.11306277400944771	-0.10086180219885109	0.2847898035205977	-0.6632777531194464	0.2515307190255174	-0.1640544765162664	0.057119960835923154	-0.4316072308970241	0.9999999999999926	-0.36861452731693417	0.18104457894275014	-0.06045885331391048	0.25827665946470185	-0.3116428926709082	0.24872445688748968	-0.10719941480456385	0.11134112867546812	-0.14121667017946418	0.16769377530220586	-0.1267483113120495	0.11074337448858686	-0.2131400229694444	0.11100718752102767	-0.14574609283917592	0.09412670653793759	-0.04373606299303507	0.06541279867173734
-0.12196564662471501	0.11818441599171738	-0.12953296313829274	0.10767893400110842	-0.1460416679724428	0.11419868855806252	-0.11746567978100594	0.21888120334479227	-0.1477046046656216	0.12676814347695003	-0.1983360859330296	0.27052481893885943	-0.5805247925030754	0.24988850694820278	-0.07753077090694628	0.18325852341002344	-0.36861452731693417	0.9999999999999943	-0.365708615870661	0.08104193251239773	-0.20089557498161037	0.21931834744664705	-0.5023898029635326	0.14806774596710187	-0.15001758897533957	0.11635608742378953	-0.14500438230007454	0.1575352586889247	-0.1373887601176014	0.2310394910127368	-0.09703362740202134	0.12637637575722283	-0.09504518354518801	0.04409600420039407	-0.0660278353905121
0.12395784971397532	-0.13077868999898853	0.15461329805315738	-0.14680244927716654	0.18598937392083476	-0.11604047811337949	0.12109466970249998	-0.25929761576401594	0.22262542486844875	-0.20468034403325022	0.16189947805126348	-0.2157712530822007	0.28950443025166106	-0.6323437102016309	0.13655093028163104	-0.13988963944183846	0.18104457894275014	-0.365708615870661	0.9999999999999936	-0.15177822949369094	0.15813631126083252	-0.16304787810669397	0.22765016773111754	-0.3675076356525986	0.24784953867986192	-0.09927943172486377	0.11802616734241327	-0.14148595053804713	0.12660554762661558	-0.2683613602659381	0.08648856462691362	-0.11572260952754425	0.09835402703036075	-0.04564998191627733	0.06962535076198226
-0.05282569419928701	0.05522068858605913	-0.08203944545750227	0.0767228738213262	-0.12763168421053556	0.04693280477672521	-0.050999441962561926	0.10447628722757227	-0.1321993659142807	0.13815400259767815	-0.06198083344003566	0.07007923089208733	-0.10841770511188603	0.1605102897529672	-0.9447403838325199	0.04887330751487501	-0.06045885331391048	0.08104193251239773	-0.15177822949369094	0.9999999999999922	-0.05909286438531072	0.055250418967905106	-0.08012906173561042	0.10531549942526258	-0.13459962257768196	0.03552091975524297	-0.04305680794371292	0.04783018841156381	-0.045562228140690185	0.09336600337008275	-0.03187635999565702	0.041401189382850485	-0.03725551304435848	0.017194669580441926	-0.026513960577492026
0.14154440733998	-0.127459348032439	0.11521375230740595	-0.09352804700885502	0.12581532031849982	-0.14433172893151516	0.12223817350423592	-0.19125591878435577	0.11016891406479326	-0.10023855130156738	0.28509447974502355	-0.2807421111945581	0.19222081482973244	-0.14521335431868843	0.05552882356388911	-0.469966339243815	0.25827665946470185	-0.20089557498161037	0.15813631126083252	-0.05909286438531072	0.9999999999999915	-0.538576803991561	0.2561518148494626	-0.109693927158013	0.11570820316463866	-0.3456896136237332	0.2790562969273245	-0.15585745524251843	0.13420454781563265	-0.28156278875889057	0.20339223711799667	-0.273828703929573	0.13229013377627902	-0.06196286353909647	0.09047936929052153
-0.12560409716660248	0.1086220296379265	-0.10527698306965752	0.0847682318470301	-0.11659739220637537	0.11824917817279185	-0.10732862967720694	0.16726895177430925	-0.10335451843481665	0.0921929964251926	-0.25445877068086714	0.24029628015732565	-0.20661569999460438	0.1406083089661272	-0.052458665398719954	0.24005987003793042	-0.3116428926709082	0.21931834744664705	-0.16304787810669397	0.055250418967905106	-0.538576803991561	0.9999999999999901	-0.43766883882662344	0.10329820397584924	-0.11068894227897742	0.25238178191563826	-0.48506140468044906	0.16014269316041474	-0.14127281091071572	0.2300437519649939	-0.18934027036644008	0.22309449927769387	-0.1163171704489819	0.05381346198271288	-0.07853800769255155
0.14064314422688934	-0.13518761397513845	0.1376804143170512	-0.11455080380944105	0.15376920967697177	-0.13383135613002073	0.12859064934775805	-0.2403472454370787	0.1420709420149204	-0.12961944416224308	0.2163424407992977	-0.2771928258326499	0.27822979018593563	-0.2123357200856544	0.07473227524310702	-0.20509041845699374	0.24872445688748968	-0.5023898029635326	0.22765016773111754	-0.08012906173561042	0.2561518148494626	-0.43766883882662344	0.9999999999999916	-0.1589073949585243	0.1567132870638844	-0.17508664735931379	0.21220550027427576	-0.34428892857429527	0.22432886037127367	-0.37171906203286054	0.1392462787860855	-0.19055331753525653	0.13811050640032715	-0.06477330297756245	0.09481321080980107
-0.08267723834291023	0.07983970153847227	-0.09742011998254754	0.08467883108374864	-0.11870853746801538	0.07378308169549189	-0.07466537954905517	0.14498386041375624	-0.12088749449244383	0.10723989179068016	-0.11014273418771944	0.12083328550534142	-0.1608625048731359	0.19780904525142293	-0.10131477695972549	0.08734617826289864	-0.10719941480456385	0.14806774596710187	-0.3675076356525986	0.10531549942526258	-0.109693927158013	0.10329820397584924	-0.1589073949585243	0.9999999999999921	-0.8489025687385369	0.06652244509768929	-0.08166990676117315	0.11165928138466578	-0.1222358637700683	0.2069953933622472	-0.05997833085029243	0.07745732080247036	-0.0742778718363065	0.034289121946394496	-0.052531346777606576
0.09032010836738404	-0.08988160565938264	0.1044658627806991	-0.09333637386444182	0.12558962690127085	-0.08212748796154691	0.08263850250595813	-0.16652383803850848	0.126301434669346	-0.1205778163361554	0.11672857496010731	-0.1329461008653891	0.1600300057010039	-0.21610671518425104	0.11213880439898796	-0.09369415247251474	0.11134112867546812	-0.15001758897533957	0.24784953867986192	-0.13459962257768196	0.11570820316463866	-0.11068894227897742	0.1567132870638844	-0.8489025687385369	0.9999999999999928	-0.07273045672384193	0.08768673117217185	-0.1250433507847425	0.1254418560600878	-0.2914466234258579	0.06581034266681636	-0.08680037924396743	0.08458282203840772	-0.03917146053555057	0.060145876363914566
-0.08643827793464247	0.07258792775063135	-0.07044324624750148	0.05628795782660503	-0.07828090129578794	0.08012577281040191	-0.07054717011217561	0.10932217014515264	-0.06711618404175913	0.06022138961070812	-0.16884534761093942	0.1417207796919733	-0.11941719071098388	0.08672696766505762	-0.03373681230887781	0.15327998038352403	-0.14121667017946418	0.11635608742378953	-0.09927943172486377	0.03552091975524297	-0.3456896136237332	0.25238178191563826	-0.17508664735931379	0.06652244509768929	-0.07273045672384193	0.999999999999991	-0.6157782028425758	0.10471231534896296	-0.09392970254298484	0.16012083808455202	-0.5743384075376885	0.31406839986984114	-0.10795360393596584	0.049726519573477145	-0.06972816415839006
0.09795682459992638	-0.08613233008650215	0.08347702212421813	-0.06730444275395475	0.09270976131712814	-0.09213705080976263	0.08276904700616405	-0.1332937638347986	0.0802350287565962	-0.07252252758160518	0.17441229083701135	-0.17667767989191044	0.1413400283372355	-0.10532554244629361	0.04067912917657518	-0.1657388467630165	0.16769377530220586	-0.14500438230007454	0.11802616734241327	-0.04305680794371292	0.2790562969273245	-0.48506140468044906	0.21220550027427576	-0.08166990676117315	0.08768673117217185	-0.6157782028425758	0.9999999999999908	-0.14521969318762953	0.11872573920875279	-0.20671997100571185	0.287003844109003	-0.42801053649688314	0.1258695856491727	-0.05914798050848803	0.08145157652224748
-0.09188138705908083	0.07864876581212851	-0.08821643759544097	0.07013537233692406	-0.10174666695403184	0.07988796922725391	-0.07555521007132132	0.12862391265885068	-0.08665779772944396	0.0767917392082902	-0.13864460941064333	0.13385542429953448	-0.15741948301194078	0.11464907828716928	-0.04585738843814331	0.10971749485916982	-0.1267483113120495	0.1575352586889247	-0.14148595053804713	0.04783018841156381	-0.15585745524251843	0.16014269316041474	-0.34428892857429527	0.11165928138466578	-0.1250433507847425	0.10471231534896296	-0.14521969318762953	0.9999999999999902	-0.8261558176984601	0.2763225943078808	-0.09176042724449743	0.1169206600537436	-0.14438026690521522	0.06470030999381578	-0.08610426225884764
0.0842862084526331	-0.07360264225192778	0.08143332183125199	-0.06534032753785406	0.09375654017606833	-0.07405587067551729	0.06991517706056566	-0.12191325836537786	0.08002312149434362	-0.07187927852403858	0.12266593337926587	-0.12301229592442148	0.1338770753637755	-0.10628446518959866	0.04328654807689523	-0.09839549092948373	0.11074337448858686	-0.1373887601176014	0.12660554762661558	-0.045562228140690185	0.13420454781563265	-0.14127281091071572	0.22432886037127367	-0.1222358637700683	0.1254418560600878	-0.09392970254298484	0.11872573920875279	-0.8261558176984601	0.9999999999999909	-0.4278753387787552	0.08167404999026309	-0.10791110862564264	0.12068841837949622	-0.058393760017769684	0.07768295188961027
-0.19601346718802287	0.15352164650673766	-0.1867450249297269	0.14323502371962618	-0.2205518574773947	0.1581677751410597	-0.14793653112233507	0.23621114125402384	-0.17365914376059519	0.15199907994557876	-0.2769731325916976	0.2240118852340074	-0.2744526692967307	0.20826193526115166	-0.09105348078400886	0.19500263283202368	-0.2131400229694444	0.2310394910127368	-0.2683613602659381	0.09336600337008275	-0.28156278875889057	0.2300437519649939	-0.37171906203286054	0.2069953933622472	-0.2914466234258579	0.16012083808455202	-0.20671997100571185	0.2763225943078808	-0.4278753387787552	0.9999999999999899	-0.1549440237643327	0.18515072678408045	-0.24373664489922445	0.1101796431851117	-0.1753401686557691
0.07612019683936591	-0.06498634328145253	0.06379462097879789	-0.05100000806123065	0.07118071733330658	-0.07012705491887249	0.06211649684079337	-0.09898914799931671	0.060193870697309595	-0.054336275382277796	0.132558073703724	-0.12025568515951456	0.10149971492169729	-0.07631485018518316	0.030222551053154578	-0.11862250254634246	0.11100718752102767	-0.09703362740202134	0.08648856462691362	-0.03187635999565702	0.20339223711799667	-0.18934027036644008	0.1392462787860855	-0.05997833085029243	0.06581034266681636	-0.5743384075376885	0.287003844109003	-0.09176042724449743	0.08167404999026309	-0.1549440237643327	0.9999999999999896	-0.7107966286917914	0.13060998500765847	-0.06194544827248705	0.08015715987515992
-0.10354119635749906	0.08388550554078456	-0.08449803761517194	0.06676085655957988	-0.09488555418228084	0.091944362333587	-0.08129083351060215	0.12548206475568643	-0.0792572911280131	0.0708339189788173	-0.1869490478815872	0.1492470814763485	-0.136038303866558	0.0993654065017883	-0.0395328376717074	0.14967491225386348	-0.14574609283917592	0.12637637575722283	-0.11572260952754425	0.041401189382850485	-0.273828703929573	0.22309449927769387	-0.19055331753525653	0.07745732080247036	-0.08680037924396743	0.31406839986984114	-0.42801053649688314	0.1169206600537436	-0.10791110862564264	0.18515072678408045	-0.7107966286917914	0.9999999999999911	-0.21733500634297614	0.09153633727506355	-0.1218446914128237
0.08600351449246973	-0.07170591431414282	0.07763613487070334	-0.06099934570212881	0.08899715212715714	-0.07381991088916136	0.06714173153387949	-0.11195879418005354	0.07107092084129554	-0.06419714437171985	0.1196804248197631	-0.10561998136390412	0.10693411074831319	-0.0846432479387323	0.035532222069893885	-0.09079807690404507	0.09412670653793759	-0.09504518354518801	0.09835402703036075	-0.03725551304435848	0.13229013377627902	-0.1163171704489819	0.13811050640032715	-0.0742778718363065	0.08458282203840772	-0.10795360393596584	0.1258695856491727	-0.14438026690521522	0.12068841837949622	-0.24373664489922445	0.13060998500765847	-0.21733500634297614	0.9999999999999906	-0.5645389301448376	0.3219439030882595
-0.03975902791748104	0.033018913797792294	-0.0358307597707364	0.028125857786567995	-0.041095944618081984	0.0340569687226487	-0.030977244529481945	0.051460207829114	-0.03282335471093245	0.029604215799106014	-0.05578699134699374	0.04877195513637135	-0.04969772186895077	0.03912660070009785	-0.01641435839668817	0.04215516418109823	-0.04373606299303507	0.04409600420039407	-0.04564998191627733	0.017194669580441926	-0.06196286353909647	0.05381346198271288	-0.06477330297756245	0.034289121946394496	-0.03917146053555057	0.049726519573477145	-0.05914798050848803	0.06470030999381578	-0.058393760017769684	0.1101796431851117	-0.06194544827248705	0.09153633727506355	-0.5645389301448376	0.9999999999999913	-0.7564284433437806
0.061645231157304824	-0.05123011230347405	0.05579635484225645	-0.04374504188045934	0.06406885933523634	-0.052608628749105685	0.04786212693129311	-0.0798944148568442	0.05079942606670414	-0.045901659676513426	0.08402318221024463	-0.07375378632903981	0.0752737063570385	-0.059898945642791177	0.02530109601979493	-0.06297108956003176	0.06541279867173734	-0.0660278353905121	0.06962535076198226	-0.026513960577492026	0.09047936929052153	-0.07853800769255155	0.09481321080980107	-0.052531346777606576	0.060145876363914566	-0.06972816415839006	0.08145157652224748	-0.08610426225884764	0.07768295188961027	-0.1753401686557691	0.08015715987515992	-0.1218446914128237	0.3219439030882595	-0.7564284433437806	0.9999999999999916
