1.0000000000000002	-0.7259887241790401	0.27767999173689883	-0.1882683041234335	0.16720153024969406	-0.39263460629147756	0.25497954305483866	-0.20561286327494577	0.17500642146022186	-0.20137278722034227	0.17834145072916352	-0.19219544705152825	0.16058890358708852	-0.09968388243887001	0.10833955233491835	-0.19759722839582508	0.128475563113856	-0.13714397622265984	0.1002810189050616	-0.07924124918784398	0.15446943387206166	-0.12779618019881464	0.13847630744587508	-0.08499926873270254	0.09983718056477632	-0.0856004979767553	0.09255770437759425	-0.13355817474332662	0.09180525486518207	-0.0622004592969918	0.05368552453311723	-0.05026530727145115	0.059465881259675585	-0.054718741024025366	0.07120137029575807
-0.7259887241790401	1.0000000000000007	-0.49869932241822673	0.19857349118452433	-0.18684952961463805	0.2298878423115141	-0.2600220983773242	0.183105997100327	-0.17833583770377842	0.18053600600985867	-0.1431067499429317	0.1554848223348844	-0.1453168385370925	0.08919470664880721	-0.09841099967796611	0.14535092008712766	-0.10938692713671365	0.11718844652070703	-0.0891027070217162	0.0698551000100367	-0.13267527945715615	0.1057041844724281	-0.1221635336002661	0.0739059837212114	-0.0882483828233072	0.07164976973984112	-0.0790278856716869	0.11243943549657733	-0.07992375390771204	0.05372639789427427	-0.04572997161109951	0.04253654064825536	-0.051082725290496976	0.04670332195345525	-0.061876058037359905
0.27767999173689883	-0.49869932241822673	1.0000000000000004	-0.5130941127825696	0.277056583923653	-0.20783557506139863	0.21042720989252986	-0.2883211663635192	0.2631733641102406	-0.3149645099440661	0.1505330521057525	-0.2018775871510336	0.19343661313706118	-0.12870461839748948	0.13865702696343257	-0.17440786703202432	0.13955064758872876	-0.16362569018359233	0.1239122075815942	-0.09915603457066571	0.16487296245025398	-0.13920938904869562	0.16246032754851214	-0.10449686815385667	0.12225704079650583	-0.09604570647873281	0.10449127757236505	-0.16053424080536813	0.11089235989434826	-0.07525063387032735	0.06185028196363017	-0.05809536987919178	0.07081020463150033	-0.06537663354165849	0.08563377719591075
-0.1882683041234335	0.19857349118452433	-0.5130941127825696	0.9999999999999991	-0.6181518434686962	0.14102717919946928	-0.16517360431962172	0.2286823483400733	-0.4360404236142283	0.30919691970686	-0.10895634217638908	0.14619027365398235	-0.1654422135407699	0.11424038973827604	-0.12594490572832992	0.11945140590780214	-0.10554763473299487	0.12559126264146708	-0.10346737352056505	0.08188845983269907	-0.12332605923471271	0.10175760515935026	-0.12910039286967895	0.08306447475170747	-0.09917546100137252	0.07009997872391924	-0.07764474410633679	0.11953031697189175	-0.08679529264612738	0.058133099466175085	-0.045929141830350594	0.04290641342634194	-0.053649331164608904	0.04928056247182377	-0.06626343609469176
0.16720153024969406	-0.18684952961463805	0.277056583923653	-0.6181518434686962	0.9999999999999997	-0.1435161432940707	0.15719844841732467	-0.22369648549103355	0.28942472640707995	-0.6027838457024128	0.1147836772042524	-0.15993015281753056	0.1663340293033583	-0.1316198378489193	0.14579050194615473	-0.13102604623410355	0.11413163600654891	-0.1363991563370889	0.11690986941589677	-0.09582055014262479	0.1348596790480648	-0.11276070841539218	0.13921959702767592	-0.09600227104209834	0.11305152751878599	-0.079127521174498	0.08697141953154984	-0.1371951685386377	0.09866684684432912	-0.06670790379220212	0.05200413866111689	-0.04880289748065472	0.061157808752694	-0.05656071704669375	0.07540655188367906
-0.39263460629147756	0.2298878423115141	-0.20783557506139863	0.14102717919946928	-0.1435161432940707	1.0000000000000002	-0.6994673575175685	0.2266373447253137	-0.18456179418632704	0.1615880845988589	-0.385605046782162	0.22177799875745013	-0.18436445268854115	0.09723647114487971	-0.10599184919036692	0.24290138166075392	-0.14803209067595152	0.14043106946843792	-0.09656164490421083	0.07470002145172684	-0.17764440756827157	0.13600224896057114	-0.14429693602578225	0.07969002266416335	-0.09448803122540689	0.0863020326123294	-0.09481760338812502	0.12407373748906005	-0.086932438722401	0.05807246996751134	-0.05278619581282938	0.04886414915628693	-0.05606702038469981	0.05111890986744355	-0.06695119732628677
0.25497954305483866	-0.2600220983773242	0.21042720989252986	-0.16517360431962172	0.15719844841732467	-0.6994673575175685	1.0	-0.3960865725671616	0.21254158285586147	-0.19906124972714587	0.24160317310790683	-0.28508887765792906	0.21462079029118755	-0.11267636787141097	0.11852485316246932	-0.2512630821132075	0.16161566043951472	-0.167402390127107	0.10665448914171667	-0.08352762633550889	0.17784630222321268	-0.15254484128977425	0.15755171699704876	-0.08889496301753756	0.10321419603440798	-0.09261825552948844	0.10025695239687188	-0.14046077840045568	0.09529302782121415	-0.06392435076737316	0.05644204278184036	-0.052769329184593275	0.061102278045962334	-0.05617152528043589	0.07286377059054602
-0.20561286327494577	0.183105997100327	-0.2883211663635192	0.2286823483400733	-0.22369648549103355	0.2266373447253137	-0.3960865725671616	1.0000000000000004	-0.5609989019252256	0.25961579890520653	-0.16867600678481698	0.2354823124522866	-0.469940982090568	0.16308025022470088	-0.17023253928154272	0.16974785707717366	-0.16914927820946235	0.21918430805071001	-0.14086608647363602	0.10757412390738204	-0.17655139793289115	0.15001120094954828	-0.20822388478235468	0.1102329152873868	-0.1296202157994953	0.09548180763123687	-0.10659565559686073	0.16409787787554053	-0.11609655357239256	0.07646919694685217	-0.06134820750487898	0.05723221072503193	-0.07091375807138504	0.06486169345533974	-0.0871359023997777
0.17500642146022186	-0.17833583770377842	0.2631733641102406	-0.4360404236142283	0.28942472640707995	-0.18456179418632704	0.21254158285586147	-0.5609989019252256	1.0	-0.5064564955663163	0.13641137459668207	-0.19922431198327034	0.23684841495501932	-0.17909925458261128	0.17050401608195007	-0.15155575901876248	0.13690314416345373	-0.1788902146022797	0.134351300426522	-0.1074718364671093	0.15094094392484506	-0.13086947297406779	0.16391091050770398	-0.1070558172672868	0.12323652476673377	-0.08654439685194176	0.09511074940401465	-0.1534566702652808	0.10788808859560027	-0.07224796730213333	0.05594288627503406	-0.05259094325217941	0.06567497855940921	-0.06086179401059403	0.08094286971892115
-0.20137278722034227	0.18053600600985867	-0.3149645099440661	0.30919691970686	-0.6027838457024128	0.1615880845988589	-0.19906124972714587	0.25961579890520653	-0.5064564955663163	1.0000000000000002	-0.135217917817829	0.18228825544560118	-0.2221023188656038	0.18046032984136073	-0.24225745935830464	0.14466383199479335	-0.1380380150469255	0.1637375631052531	-0.16085576461591408	0.1287402857823983	-0.1642376834528989	0.13131428821734628	-0.17902747250958131	0.12324294699418145	-0.1539803685988442	0.0928700122155206	-0.10465650863722002	0.16213648650310652	-0.1270682223010482	0.08416909627818281	-0.0627178751596715	0.05825468959954094	-0.07572568311301592	0.0691686168267989	-0.09638416204639372
0.17834145072916352	-0.1431067499429317	0.1505330521057525	-0.10895634217638908	0.1147836772042524	-0.385605046782162	0.24160317310790683	-0.16867600678481698	0.13641137459668207	-0.135217917817829	1.0000000000000002	-0.3749645907409559	0.1777095024489244	-0.09168256576519977	0.0985830798724485	-0.742050213721425	0.19221903190170217	-0.15154001444454093	0.09314678600602723	-0.07205895152306649	0.23269117317082735	-0.1841112585163001	0.14886589795634658	-0.0788896128027032	0.09163574958676808	-0.10603885503855237	0.11041412841060076	-0.13025212422813426	0.08690576304614223	-0.058397607115581784	0.05927544662804767	-0.055129703906638045	0.05803578212004433	-0.05318365339400569	0.06702663512510493
-0.19219544705152825	0.1554848223348844	-0.2018775871510336	0.14619027365398235	-0.15993015281753056	0.22177799875745013	-0.28508887765792906	0.2354823124522866	-0.19922431198327034	0.18228825544560118	-0.3749645907409559	0.9999999999999997	-0.42268370625046214	0.15108110630718993	-0.16314537492474793	0.26940752392560274	-0.5148936842941902	0.26865871205813713	-0.14908606342579353	0.11250545998907495	-0.3374694107826385	0.2795552041189263	-0.2636271527876647	0.12137717825632462	-0.1423068382755134	0.14733845675205043	-0.1689037599658512	0.19633149598023136	-0.1342752093046128	0.08858011014630734	-0.08744338305935806	0.0802936282527697	-0.08725704035735515	0.07914315983115885	-0.10220620230685432
0.16058890358708852	-0.1453168385370925	0.19343661313706118	-0.1654422135407699	0.1663340293033583	-0.18436445268854115	0.21462079029118755	-0.469940982090568	0.23684841495501932	-0.2221023188656038	0.1777095024489244	-0.42268370625046214	1.0000000000000004	-0.2591474646374817	0.20073973243949722	-0.19011504408016594	0.23873279314343177	-0.5254041166065545	0.1688746437256714	-0.13040448239335573	0.20522967880981496	-0.20578760956631187	0.26997080644286253	-0.13544603519440288	0.14709649043866732	-0.11530671701497304	0.12657271597189476	-0.22037922470709642	0.1371689253341901	-0.09046304803629494	0.07172400952749446	-0.0679282109387957	0.08320095396073383	-0.07731252425499921	0.10009043434955317
-0.09968388243887001	0.08919470664880721	-0.12870461839748948	0.11424038973827604	-0.1316198378489193	0.09723647114487971	-0.11267636787141097	0.16308025022470088	-0.17909925458261128	0.18046032984136073	-0.09168256576519977	0.15108110630718993	-0.2591474646374817	0.9999999999999977	-0.7693099727838013	0.10138363051867536	-0.11106390270565422	0.15702855169187227	-0.42268899061967447	0.24357374503713133	-0.11849969180070369	0.104347799933313	-0.15066053080610065	0.19218202254644587	-0.21649964434363925	0.07540014846169509	-0.08369297715900174	0.16598030473869763	-0.15087601859827582	0.09637043692027833	-0.052484954263464126	0.0501225953714117	-0.07153998391087737	0.06906737706237534	-0.09905849060358671
0.10833955233491835	-0.09841099967796611	0.13865702696343257	-0.12594490572832992	0.14579050194615473	-0.10599184919036692	0.11852485316246932	-0.17023253928154272	0.17050401608195007	-0.24225745935830464	0.0985830798724485	-0.16314537492474793	0.20073973243949722	-0.7693099727838013	0.9999999999999971	-0.11225504245664548	0.11608572765343446	-0.16233829785675177	0.28267443920609503	-0.34689596522776817	0.12770788957326767	-0.11386994714237143	0.15364296724105117	-0.2070658904873114	0.22424516810888898	-0.08407110647930179	0.09198182042048772	-0.18851124967198135	0.1528420192805108	-0.10548952290628034	0.05794337528928326	-0.05584151225372949	0.07808319094572899	-0.07693345587543077	0.1046943712703696
-0.19759722839582508	0.14535092008712766	-0.17440786703202432	0.11945140590780214	-0.13102604623410355	0.24290138166075392	-0.2512630821132075	0.16974785707717366	-0.15155575901876248	0.14466383199479335	-0.742050213721425	0.26940752392560274	-0.19011504408016594	0.10138363051867536	-0.11225504245664548	0.9999999999999974	-0.2309185774763082	0.16341847884417773	-0.10791448923701273	0.0825936002932088	-0.387831655853204	0.20821531000892748	-0.17450221186824824	0.09071885211030355	-0.10750692434554848	0.13475531113483094	-0.14481412634151572	0.1477517718040651	-0.10197694192041458	0.06834557466866306	-0.0752831605009037	0.06841407207660352	-0.06938199822123453	0.06292252065254883	-0.07942302731321053
0.128475563113856	-0.10938692713671365	0.13955064758872876	-0.10554763473299487	0.11413163600654891	-0.14803209067595152	0.16161566043951472	-0.16914927820946235	0.13690314416345373	-0.1380380150469255	0.19221903190170217	-0.5148936842941902	0.23873279314343177	-0.11106390270565422	0.11608572765343446	-0.2309185774763082	1.0000000000000002	-0.357956426940687	0.1135012661305122	-0.0869080358569254	0.28343188299744654	-0.6372526312946076	0.23597201720554847	-0.09829624226046621	0.10948569003706825	-0.14035410492923778	0.14954854232759837	-0.18035147840678722	0.10922730480935931	-0.07254005569849306	0.07507163331662389	-0.07136200327232217	0.07274109624088528	-0.06694005910375024	0.08232231041157781
-0.13714397622265984	0.11718844652070703	-0.16362569018359233	0.12559126264146708	-0.1363991563370889	0.14043106946843792	-0.167402390127107	0.21918430805071001	-0.1788902146022797	0.1637375631052531	-0.15154001444454093	0.26865871205813713	-0.5254041166065545	0.15702855169187227	-0.16233829785675177	0.16341847884417773	-0.357956426940687	0.9999999999999948	-0.16133816180487354	0.11638821424759818	-0.21830230295784242	0.22771725634935605	-0.6055856721681164	0.1311005234442967	-0.14453232915293765	0.11861929642719989	-0.1354263350670026	0.24083657406682468	-0.1483822979373644	0.09316046230077282	-0.07476280929033913	0.07032229951588162	-0.08898116411555353	0.08023843233811606	-0.10649836597230643
0.1002810189050616	-0.0891027070217162	0.1239122075815942	-0.10346737352056505	0.11690986941589677	-0.09656164490421083	0.10665448914171667	-0.14086608647363602	0.134351300426522	-0.16085576461591408	0.09314678600602723	-0.14908606342579353	0.1688746437256714	-0.42268899061967447	0.28267443920609503	-0.10791448923701273	0.1135012661305122	-0.16133816180487354	0.9999999999999954	-0.5259309595467004	0.1298189249953692	-0.11445595932022072	0.1671582022090153	-0.5017505122013675	0.3104293408724919	-0.09445831787621646	0.10367634461320115	-0.25229628851179087	0.24172461845868665	-0.15713186364668003	0.06830329245308035	-0.06671861778853462	0.10113187096586	-0.10310918179644044	0.14386190313206518
-0.07924124918784398	0.0698551000100367	-0.09915603457066571	0.08188845983269907	-0.09582055014262479	0.07470002145172684	-0.08352762633550889	0.10757412390738204	-0.1074718364671093	0.1287402857823983	-0.07205895152306649	0.11250545998907495	-0.13040448239335573	0.24357374503713133	-0.34689596522776817	0.0825936002932088	-0.0869080358569254	0.11638821424759818	-0.5259309595467004	1.0000000000000009	-0.10105572609638887	0.0868971017174839	-0.12891272708447069	0.26401189008028747	-0.6845278191914544	0.07198092960950117	-0.08001532940031977	0.17872308276642565	-0.1906069116464926	0.1326905884471745	-0.05403255241326981	0.05207049448367429	-0.0825583123927151	0.08147165087294125	-0.1290328100074357
0.15446943387206166	-0.13267527945715615	0.16487296245025398	-0.12332605923471271	0.1348596790480648	-0.17764440756827157	0.17784630222321268	-0.17655139793289115	0.15094094392484506	-0.1642376834528989	0.23269117317082735	-0.3374694107826385	0.20522967880981496	-0.11849969180070369	0.12770788957326767	-0.387831655853204	0.28343188299744654	-0.21830230295784242	0.1298189249953692	-0.10105572609638887	0.9999999999999989	-0.5561723998867248	0.2177488484426204	-0.11751489283796139	0.1306332989967388	-0.3556973853721824	0.2486668181393078	-0.22061857489627285	0.13219701713429594	-0.09135650597530239	0.12879689215037426	-0.12253641475006949	0.09880866361166463	-0.09255582626393992	0.10333958704379129
-0.12779618019881464	0.1057041844724281	-0.13920938904869562	0.10175760515935026	-0.11276070841539218	0.13600224896057114	-0.15254484128977425	0.15001120094954828	-0.13086947297406779	0.13131428821734628	-0.1841112585163001	0.2795552041189263	-0.20578760956631187	0.104347799933313	-0.11386994714237143	0.20821531000892748	-0.6372526312946076	0.22771725634935605	-0.11445595932022072	0.0868971017174839	-0.5561723998867248	0.9999999999999977	-0.262763225511309	0.09952323648916392	-0.11332962052641661	0.18806039969876862	-0.22450092277778247	0.18142343642268938	-0.11447378136769792	0.07617574632909686	-0.0958895632352844	0.08920172887384618	-0.08054945396884643	0.07325233523822275	-0.08779532534059137
0.13847630744587508	-0.1221635336002661	0.16246032754851214	-0.12910039286967895	0.13921959702767592	-0.14429693602578225	0.15755171699704876	-0.20822388478235468	0.16391091050770398	-0.17902747250958131	0.14886589795634658	-0.2636271527876647	0.26997080644286253	-0.15066053080610065	0.15364296724105117	-0.17450221186824824	0.23597201720554847	-0.6055856721681164	0.1671582022090153	-0.12891272708447069	0.2177488484426204	-0.262763225511309	0.9999999999999997	-0.1695528141771115	0.1630876389930815	-0.1459658732876383	0.1606716360625525	-0.5029218124105264	0.1932579071982202	-0.12121255396390034	0.09093945497975678	-0.08842466011703434	0.1164422869081416	-0.10777858272613147	0.13199199304687784
-0.08499926873270254	0.0739059837212114	-0.10449686815385667	0.08306447475170747	-0.09600227104209834	0.07969002266416335	-0.08889496301753756	0.1102329152873868	-0.1070558172672868	0.12324294699418145	-0.0788896128027032	0.12137717825632462	-0.13544603519440288	0.19218202254644587	-0.2070658904873114	0.09071885211030355	-0.09829624226046621	0.1311005234442967	-0.5017505122013675	0.26401189008028747	-0.11751489283796139	0.09952323648916392	-0.1695528141771115	0.9999999999999979	-0.42391735052569185	0.08869491056361922	-0.10182827318979817	0.25095309627272205	-0.5955214732433767	0.2078051754012685	-0.07108556382088178	0.0681705475025877	-0.12081146924867742	0.11760468416197746	-0.2062615981737218
0.09983718056477632	-0.0882483828233072	0.12225704079650583	-0.09917546100137252	0.11305152751878599	-0.09448803122540689	0.10321419603440798	-0.1296202157994953	0.12323652476673377	-0.1539803685988442	0.09163574958676808	-0.1423068382755134	0.14709649043866732	-0.21649964434363925	0.22424516810888898	-0.10750692434554848	0.10948569003706825	-0.14453232915293765	0.3104293408724919	-0.6845278191914544	0.1306332989967388	-0.11332962052641661	0.1630876389930815	-0.42391735052569185	0.9999999999999974	-0.09863333048247722	0.10763284147023734	-0.2626537834536921	0.2397532692170795	-0.20578938936286223	0.07308583117256681	-0.0717690155995229	0.11136294574353148	-0.11567490828436441	0.168317193375815
-0.0856004979767553	0.07164976973984112	-0.09604570647873281	0.07009997872391924	-0.079127521174498	0.0863020326123294	-0.09261825552948844	0.09548180763123687	-0.08654439685194176	0.0928700122155206	-0.10603885503855237	0.14733845675205043	-0.11530671701497304	0.07540014846169509	-0.08407110647930179	0.13475531113483094	-0.14035410492923778	0.11861929642719989	-0.09445831787621646	0.07198092960950117	-0.3556973853721824	0.18806039969876862	-0.1459658732876383	0.08869491056361922	-0.09863333048247722	1.0	-0.7899908161803635	0.1798116410504379	-0.11062669874225117	0.08007146934880092	-0.32348993662673325	0.2310968575154323	-0.11614884383380941	0.10422854462911058	-0.09280623469017803
0.09255770437759425	-0.0790278856716869	0.10449127757236505	-0.07764474410633679	0.08697141953154984	-0.09481760338812502	0.10025695239687188	-0.10659565559686073	0.09511074940401465	-0.10465650863722002	0.11041412841060076	-0.1689037599658512	0.12657271597189476	-0.08369297715900174	0.09198182042048772	-0.14481412634151572	0.14954854232759837	-0.1354263350670026	0.10367634461320115	-0.08001532940031977	0.2486668181393078	-0.22450092277778247	0.1606716360625525	-0.10182827318979817	0.10763284147023734	-0.7899908161803635	0.9999999999999979	-0.2509724780116091	0.12511126058447722	-0.09187700678171092	0.24071256332591123	-0.3028401967500692	0.1289172400035965	-0.12303019063188587	0.1023984615081201
-0.13355817474332662	0.11243943549657733	-0.16053424080536813	0.11953031697189175	-0.1371951685386377	0.12407373748906005	-0.14046077840045568	0.16409787787554053	-0.1534566702652808	0.16213648650310652	-0.13025212422813426	0.19633149598023136	-0.22037922470709642	0.16598030473869763	-0.18851124967198135	0.1477517718040651	-0.18035147840678722	0.24083657406682468	-0.25229628851179087	0.17872308276642565	-0.22061857489627285	0.18142343642268938	-0.5029218124105264	0.25095309627272205	-0.2626537834536921	0.1798116410504379	-0.2509724780116091	0.9999999999999967	-0.46334200550593313	0.21050254789174938	-0.1342400622414424	0.1275991306796215	-0.2278022616840507	0.17979535213700545	-0.25170463137387067
0.09180525486518207	-0.07992375390771204	0.11089235989434826	-0.08679529264612738	0.09866684684432912	-0.086932438722401	0.09529302782121415	-0.11609655357239256	0.10788808859560027	-0.1270682223010482	0.08690576304614223	-0.1342752093046128	0.1371689253341901	-0.15087601859827582	0.1528420192805108	-0.10197694192041458	0.10922730480935931	-0.1483822979373644	0.24172461845868665	-0.1906069116464926	0.13219701713429594	-0.11447378136769792	0.1932579071982202	-0.5955214732433767	0.2397532692170795	-0.11062669874225117	0.12511126058447722	-0.46334200550593313	0.9999999999999958	-0.4092239804907332	0.08740643411772513	-0.08646260591349073	0.15506356797624993	-0.16896877574949767	0.25498340623424604
-0.0622004592969918	0.05372639789427427	-0.07525063387032735	0.058133099466175085	-0.06670790379220212	0.05807246996751134	-0.06392435076737316	0.07646919694685217	-0.07224796730213333	0.08416909627818281	-0.058397607115581784	0.08858011014630734	-0.09046304803629494	0.09637043692027833	-0.10548952290628034	0.06834557466866306	-0.07254005569849306	0.09316046230077282	-0.15713186364668003	0.1326905884471745	-0.09135650597530239	0.07617574632909686	-0.12121255396390034	0.2078051754012685	-0.20578938936286223	0.08007146934880092	-0.09187700678171092	0.21050254789174938	-0.4092239804907332	0.9999999999999949	-0.08591036361169102	0.0813287613716085	-0.20170186541343116	0.19678168894076487	-0.7958821881132645
0.05368552453311723	-0.04572997161109951	0.06185028196363017	-0.045929141830350594	0.05200413866111689	-0.05278619581282938	0.05644204278184036	-0.06134820750487898	0.05594288627503406	-0.0627178751596715	0.05927544662804767	-0.08744338305935806	0.07172400952749446	-0.052484954263464126	0.05794337528928326	-0.0752831605009037	0.07507163331662389	-0.07476280929033913	0.06830329245308035	-0.05403255241326981	0.12879689215037426	-0.0958895632352844	0.09093945497975678	-0.07108556382088178	0.07308583117256681	-0.32348993662673325	0.24071256332591123	-0.1342400622414424	0.08740643411772513	-0.08591036361169102	0.9999999999999947	-0.8649316484516036	0.1842644096070801	-0.18790895622114212	0.09318065724823904
-0.05026530727145115	0.04253654064825536	-0.05809536987919178	0.04290641342634194	-0.04880289748065472	0.04886414915628693	-0.052769329184593275	0.05723221072503193	-0.05259094325217941	0.05825468959954094	-0.055129703906638045	0.0802936282527697	-0.0679282109387957	0.0501225953714117	-0.05584151225372949	0.06841407207660352	-0.07136200327232217	0.07032229951588162	-0.06671861778853462	0.05207049448367429	-0.12253641475006949	0.08920172887384618	-0.08842466011703434	0.0681705475025877	-0.0717690155995229	0.2310968575154323	-0.3028401967500692	0.1275991306796215	-0.08646260591349073	0.0813287613716085	-0.8649316484516036	0.9999999999999949	-0.25212795861226156	0.1749645402588058	-0.09380064427210205
0.059465881259675585	-0.051082725290496976	0.07081020463150033	-0.053649331164608904	0.061157808752694	-0.05606702038469981	0.061102278045962334	-0.07091375807138504	0.06567497855940921	-0.07572568311301592	0.05803578212004433	-0.08725704035735515	0.08320095396073383	-0.07153998391087737	0.07808319094572899	-0.06938199822123453	0.07274109624088528	-0.08898116411555353	0.10113187096586	-0.0825583123927151	0.09880866361166463	-0.08054945396884643	0.1164422869081416	-0.12081146924867742	0.11136294574353148	-0.11614884383380941	0.1289172400035965	-0.2278022616840507	0.15506356797624993	-0.20170186541343116	0.1842644096070801	-0.25212795861226156	0.9999999999999953	-0.8513794109386095	0.21346795931226908
-0.054718741024025366	0.04670332195345525	-0.06537663354165849	0.04928056247182377	-0.05656071704669375	0.05111890986744355	-0.05617152528043589	0.06486169345533974	-0.06086179401059403	0.0691686168267989	-0.05318365339400569	0.07914315983115885	-0.07731252425499921	0.06906737706237534	-0.07693345587543077	0.06292252065254883	-0.06694005910375024	0.08023843233811606	-0.10310918179644044	0.08147165087294125	-0.09255582626393992	0.07325233523822275	-0.10777858272613147	0.11760468416197746	-0.11567490828436441	0.10422854462911058	-0.12303019063188587	0.17979535213700545	-0.16896877574949767	0.19678168894076487	-0.18790895622114212	0.1749645402588058	-0.8513794109386095	0.9999999999999953	-0.3211347159898558
0.07120137029575807	-0.061876058037359905	0.08563377719591075	-0.06626343609469176	0.07540655188367906	-0.06695119732628677	0.07286377059054602	-0.0871359023997777	0.08094286971892115	-0.09638416204639372	0.06702663512510493	-0.10220620230685432	0.10009043434955317	-0.09905849060358671	0.1046943712703696	-0.07942302731321053	0.08232231041157781	-0.10649836597230643	0.14386190313206518	-0.1290328100074357	0.10333958704379129	-0.08779532534059137	0.13199199304687784	-0.2062615981737218	0.168317193375815	-0.09280623469017803	0.1023984615081201	-0.25170463137387067	0.25498340623424604	-0.7958821881132645	0.09318065724823904	-0.09380064427210205	0.21346795931226908	-0.3211347159898558	0.9999999999999953
