1.0	-0.8669259082523338	0.21228144673336996	-0.2674000567409199	0.06522173681829739	-0.11895614197771386	0.20775911929535545	-0.14141056439230973	0.08421279214466755	-0.09423043322831723	0.0995628025461746	-0.2162592126670634	0.10190888468822466	-0.059078956248430695	0.05959251272120549	-0.07790327651979027	0.08717717354990709	-0.10128684416278481	0.06348485730887522	-0.06714871933317802	0.06679300623143077	-0.06769374980972973	0.10201914170124458	-0.05753081292886203	0.05727522100399438
-0.8669259082523338	0.9999999999999997	-0.2832943871025017	0.21387937237348503	-0.05503181254071451	0.10686149008922555	-0.262841313286743	0.11375127431447833	-0.07041867861373738	0.07365203179381613	-0.09692665851294502	0.1767769708156652	-0.08661785819763161	0.04943037265591635	-0.05075533867492204	0.06822822446008138	-0.07730046343833628	0.08428146407872122	-0.05396825883713944	0.05593439180447828	-0.06048975315739888	0.0590501624987088	-0.09184266033768086	0.049018286325301384	-0.04963254107981397
0.21228144673336996	-0.2832943871025017	0.9999999999999991	-0.9222525049353429	0.06831452375111881	-0.039089745432696006	0.07693655543289772	-0.054300259455943044	0.08604736892035056	-0.09026083883537421	0.03590063524206776	-0.06726120762888718	0.039916020506193244	-0.028864064420159374	0.029513407435494427	-0.028474732207487485	0.03345578133494826	-0.039349891825879724	0.027496592849995276	-0.028770866965497317	0.025710847841268297	-0.02589655459832039	0.043085484547791354	-0.02438812904183659	0.024926214623456858
-0.2674000567409199	0.21387937237348503	-0.9222525049353429	0.999999999999999	-0.08309151548070809	0.041603791322069754	-0.0810097508505408	0.05738308275388962	-0.1046056545690989	0.09373049864287705	-0.03924377536061051	0.06884384275144943	-0.04277879427697703	0.0315147688354263	-0.03244116189572353	0.03085183332337023	-0.03643872649458309	0.042435519170452046	-0.030041544578141195	0.031296248910198415	-0.028172519740140962	0.028202282350124255	-0.047655983807205135	0.0266556504703052	-0.02740254064590173
0.06522173681829739	-0.05503181254071451	0.06831452375111881	-0.08309151548070809	0.999999999999999	-0.018173911493731997	0.030605845235745374	-0.029866975033808765	0.045487304223572236	-0.05082441255530422	0.017672617325523603	-0.030995381669271294	0.022015569853129278	-0.01740463544636229	0.01840106850569543	-0.016194552026152238	0.019640476450614567	-0.024117060017215933	0.017377268507012503	-0.018675303658229125	0.01516099585418842	-0.01564782420072773	0.02854345831876581	-0.015924114777764734	0.016570898685681196
-0.11895614197771386	0.10686149008922555	-0.039089745432696006	0.041603791322069754	-0.018173911493731997	0.9999999999999989	-0.3652202359011383	0.14560739878072856	-0.05514507989644925	0.05823834653008609	-0.8257257838553066	0.2319362052847537	-0.11919856839138314	0.0673617296109365	-0.06945067054554478	0.21942888438468913	-0.1928926215884965	0.13665934986964173	-0.08303642364617615	0.08253377814079232	-0.19172673699574644	0.13899770432303063	-0.16953550778998683	0.07767098728411663	-0.07726168941690999
0.20775911929535545	-0.262841313286743	0.07693655543289772	-0.0810097508505408	0.030605845235745374	-0.3652202359011383	0.9999999999999988	-0.31659217849029064	0.09378161850819905	-0.10055071675650862	0.23716508389409563	-0.7230946508376374	0.23010527417682614	-0.10507924615717706	0.10450462542949092	-0.16523174796585594	0.18116847150277596	-0.1977961621318125	0.11580548173140932	-0.11650950101945455	0.13571652279412216	-0.13547419515110443	0.18833538846384457	-0.10213754371592577	0.10091905952415696
-0.14141056439230973	0.11375127431447833	-0.054300259455943044	0.05738308275388962	-0.029866975033808765	0.14560739878072856	-0.31659217849029064	0.9999999999999988	-0.18626796716977184	0.15494141134479106	-0.15871242611771605	0.2721297506028364	-0.7214159505780804	0.18143800573515642	-0.19775707635405357	0.15228943515476528	-0.2254482816991822	0.28411055270238816	-0.19634008945422232	0.17154021845269182	-0.15422065063933693	0.15940815235708083	-0.3281695477402369	0.15742171858936083	-0.16927230444795036
0.08421279214466755	-0.07041867861373738	0.08604736892035056	-0.1046056545690989	0.045487304223572236	-0.05514507989644925	0.09378161850819905	-0.18626796716977184	0.9999999999999991	-0.9359741696713852	0.05666095230172392	-0.09908350564147754	0.12144536015866479	-0.15114903436874058	0.138401262566643	-0.05980424187494938	0.0799931427286839	-0.11334526909368738	0.09958384557550055	-0.1027373962007665	0.05761734548261633	-0.062014660365605746	0.12064241942207493	-0.08034231601070355	0.08304503798425528
-0.09423043322831723	0.07365203179381613	-0.09026083883537421	0.09373049864287705	-0.05082441255530422	0.05823834653008609	-0.10055071675650862	0.15494141134479106	-0.9359741696713852	0.9999999999999987	-0.0613128552998528	0.09930757607756086	-0.12260429489195447	0.13727658759756162	-0.15840283589830295	0.0634491140474849	-0.08624063326914934	0.11233358733563331	-0.10374994897663098	0.10359623424449103	-0.06311156287780359	0.06670599019728973	-0.1369793021226375	0.08369133650677829	-0.09067105225868775
0.0995628025461746	-0.09692665851294502	0.03590063524206776	-0.03924377536061051	0.017672617325523603	-0.8257257838553066	0.23716508389409563	-0.15871242611771605	0.05666095230172392	-0.0613128552998528	0.999999999999998	-0.2641980065882127	0.12370900742294448	-0.0696416956519385	0.07009204394730506	-0.33942065619776807	0.18825303365340182	-0.1462204129138328	0.08414835259725137	-0.08570459075952991	0.18620148797396247	-0.1495372393161819	0.15803126731627093	-0.07845128986867855	0.07584188663603539
-0.2162592126670634	0.1767769708156652	-0.06726120762888718	0.06884384275144943	-0.030995381669271294	0.2319362052847537	-0.7230946508376374	0.2721297506028364	-0.09908350564147754	0.09930757607756086	-0.2641980065882127	0.9999999999999989	-0.35860058994168226	0.12277471015100894	-0.12855647506407494	0.17687946212302935	-0.24960902069109292	0.22186014540526594	-0.13961184542021987	0.13165066919148521	-0.16484996147955386	0.15895165739450898	-0.24646702777691737	0.12034617310438289	-0.12388085919910927
0.10190888468822466	-0.08661785819763161	0.039916020506193244	-0.04277879427697703	0.022015569853129278	-0.11919856839138314	0.23010527417682614	-0.7214159505780804	0.12144536015866479	-0.12260429489195447	0.12370900742294448	-0.35860058994168226	0.9999999999999981	-0.21325266483539387	0.1756257800354351	-0.1319248938822174	0.19377478286187505	-0.4393658328744941	0.18660446481364296	-0.16394926805403673	0.12260383939959069	-0.13599685253072152	0.24173849231959044	-0.14012295912703654	0.13857025475384988
-0.059078956248430695	0.04943037265591635	-0.028864064420159374	0.0315147688354263	-0.01740463544636229	0.0673617296109365	-0.10507924615717706	0.18143800573515642	-0.15114903436874058	0.13727658759756162	-0.0696416956519385	0.12277471015100894	-0.21325266483539387	0.9999999999999988	-0.8030453944167903	0.08592347841358568	-0.12395010185420499	0.20188755349870008	-0.4046291525952135	0.26951572399511425	-0.08297194642838693	0.09427129290534257	-0.19047415225443834	0.18780466197290643	-0.1971759836226072
0.05959251272120549	-0.05075533867492204	0.029513407435494427	-0.03244116189572353	0.01840106850569543	-0.06945067054554478	0.10450462542949092	-0.19775707635405357	0.138401262566643	-0.15840283589830295	0.07009204394730506	-0.12855647506407494	0.1756257800354351	-0.8030453944167903	0.9999999999999981	-0.0881449127647307	0.1204380191835501	-0.2092106824254606	0.2784122182912321	-0.3964829683231921	0.08216617657433055	-0.09537655491536014	0.1809521259428593	-0.204925279429802	0.19508873687728123
-0.07790327651979027	0.06822822446008138	-0.028474732207487485	0.03085183332337023	-0.016194552026152238	0.21942888438468913	-0.16523174796585594	0.15228943515476528	-0.05980424187494938	0.0634491140474849	-0.33942065619776807	0.17687946212302935	-0.1319248938822174	0.08592347841358568	-0.0881449127647307	0.9999999999999979	-0.5098710940859806	0.2070123867156521	-0.11726804133765632	0.11325965968294464	-0.6448202871118319	0.30808759460894236	-0.2679757412702641	0.11171108267256322	-0.10657075299714894
0.08717717354990709	-0.07730046343833628	0.03345578133494826	-0.03643872649458309	0.019640476450614567	-0.1928926215884965	0.18116847150277596	-0.2254482816991822	0.0799931427286839	-0.08624063326914934	0.18825303365340182	-0.24960902069109292	0.19377478286187505	-0.12395010185420499	0.1204380191835501	-0.5098710940859806	0.9999999999999963	-0.4310560699453675	0.16870644852914563	-0.16640579551088755	0.307553113233677	-0.5373515828611299	0.2940411360547609	-0.15427624807818832	0.13669619188131762
-0.10128684416278481	0.08428146407872122	-0.039349891825879724	0.042435519170452046	-0.024117060017215933	0.13665934986964173	-0.1977961621318125	0.28411055270238816	-0.11334526909368738	0.11233358733563331	-0.1462204129138328	0.22186014540526594	-0.4393658328744941	0.20188755349870008	-0.2092106824254606	0.2070123867156521	-0.4310560699453675	0.9999999999999977	-0.40281852606555757	0.24270071085356854	-0.20361600340241692	0.23415811237746004	-0.4836514413224063	0.22865044318096017	-0.2285440659099081
0.06348485730887522	-0.05396825883713944	0.027496592849995276	-0.030041544578141195	0.017377268507012503	-0.08303642364617615	0.11580548173140932	-0.19634008945422232	0.09958384557550055	-0.10374994897663098	0.08414835259725137	-0.13961184542021987	0.18660446481364296	-0.4046291525952135	0.2784122182912321	-0.11726804133765632	0.16870644852914563	-0.40281852606555757	0.9999999999999977	-0.5732020512656965	0.10906652745110164	-0.132007044834606	0.25636959343632404	-0.4504122337892095	0.29764040451509427
-0.06714871933317802	0.05593439180447828	-0.028770866965497317	0.031296248910198415	-0.018675303658229125	0.08253377814079232	-0.11650950101945455	0.17154021845269182	-0.1027373962007665	0.10359623424449103	-0.08570459075952991	0.13165066919148521	-0.16394926805403673	0.26951572399511425	-0.3964829683231921	0.11325965968294464	-0.16640579551088755	0.24270071085356854	-0.5732020512656965	0.9999999999999977	-0.11362582051441664	0.129696203887287	-0.28864504741147634	0.3114084625431501	-0.5400922119349154
0.06679300623143077	-0.06048975315739888	0.025710847841268297	-0.028172519740140962	0.01516099585418842	-0.19172673699574644	0.13571652279412216	-0.15422065063933693	0.05761734548261633	-0.06311156287780359	0.18620148797396247	-0.16484996147955386	0.12260383939959069	-0.08297194642838693	0.08216617657433055	-0.6448202871118319	0.307553113233677	-0.20361600340241692	0.10906652745110164	-0.11362582051441664	0.9999999999999988	-0.6107806191204037	0.23891779963590198	-0.11149320691616948	0.09792474926840913
-0.06769374980972973	0.0590501624987088	-0.02589655459832039	0.028202282350124255	-0.01564782420072773	0.13899770432303063	-0.13547419515110443	0.15940815235708083	-0.062014660365605746	0.06670599019728973	-0.1495372393161819	0.15895165739450898	-0.13599685253072152	0.09427129290534257	-0.09537655491536014	0.30808759460894236	-0.5373515828611299	0.23415811237746004	-0.132007044834606	0.129696203887287	-0.6107806191204037	0.9999999999999984	-0.44013614723863487	0.1373246251456342	-0.12291249683601223
0.10201914170124458	-0.09184266033768086	0.043085484547791354	-0.047655983807205135	0.02854345831876581	-0.16953550778998683	0.18833538846384457	-0.3281695477402369	0.12064241942207493	-0.1369793021226375	0.15803126731627093	-0.24646702777691737	0.24173849231959044	-0.19047415225443834	0.1809521259428593	-0.2679757412702641	0.2940411360547609	-0.4836514413224063	0.25636959343632404	-0.28864504741147634	0.23891779963590198	-0.44013614723863487	0.999999999999998	-0.3726846101948941	0.24104523540485961
-0.05753081292886203	0.049018286325301384	-0.02438812904183659	0.0266556504703052	-0.015924114777764734	0.07767098728411663	-0.10213754371592577	0.15742171858936083	-0.08034231601070355	0.08369133650677829	-0.07845128986867855	0.12034617310438289	-0.14012295912703654	0.18780466197290643	-0.204925279429802	0.11171108267256322	-0.15427624807818832	0.22865044318096017	-0.4504122337892095	0.3114084625431501	-0.11149320691616948	0.1373246251456342	-0.3726846101948941	0.9999999999999976	-0.7151894289155387
0.05727522100399438	-0.04963254107981397	0.024926214623456858	-0.02740254064590173	0.016570898685681196	-0.07726168941690999	0.10091905952415696	-0.16927230444795036	0.08304503798425528	-0.09067105225868775	0.07584188663603539	-0.12388085919910927	0.13857025475384988	-0.1971759836226072	0.19508873687728123	-0.10657075299714894	0.13669619188131762	-0.2285440659099081	0.29764040451509427	-0.5400922119349154	0.09792474926840913	-0.12291249683601223	0.24104523540485961	-0.7151894289155387	0.9999999999999977
