1.0000000000000002	-0.32850182595290306	0.07590763905334166	-0.028675814987245016	0.023424571242179757	-0.8753621008869638	0.2424799374312475	-0.0738664738729469	0.029498007907561692	-0.023689867819545213	0.1853749688072315	-0.2051201557306147	0.05355787082317057	-0.04261930007091357	0.02278087336162207	-0.06660502605030993	0.06013471618652807	-0.05032109312950693	0.037759634626080556	-0.02937556741533505	0.03650073432556003	-0.040107288131102835	0.027768271495271574	-0.020371931453478202	0.0164223331368456	-0.028661321079314975	0.025966024378142726	-0.022628236846519288	0.021848026336506902	-0.011580417493016144	0.028676783028252373	-0.027075693051073626	0.021467081595223078	-0.01612739020767196	0.016866891728678477
-0.32850182595290306	1.0000000000000004	-0.20468678681492652	0.0527466344014105	-0.03792620782148996	0.2348578658404975	-0.8623907399618039	0.15690835388378488	-0.05471193417916831	0.03828537184636643	-0.15639502771496602	0.1491681590506921	-0.0809600463328419	0.061915357365222426	-0.03381476416118459	0.05725026426834621	-0.05447468552274683	0.05911512024731687	-0.04625862885637666	0.0438308918266754	-0.03476439860525526	0.037393929692870434	-0.03207857311718142	0.023941587743321825	-0.02000047902886993	0.027137522039250298	-0.024918634019140986	0.02542472641224328	-0.0256306737536681	0.014007536213059611	-0.028581983828004306	0.0265433529311246	-0.0242863375549899	0.01883314554975095	-0.019983417172745592
0.07590763905334166	-0.20468678681492652	1.0	-0.197382485910852	0.10572053834767653	-0.06838142462310522	0.16184223794903282	-0.8812195383847782	0.18131475618158188	-0.11245298575014163	0.05967400980871606	-0.06192578317306189	0.19468079948383862	-0.16777977526407445	0.08834127417888206	-0.06345284759340683	0.056192954487663246	-0.12161724194673874	0.0940435681438908	-0.11818645031939327	0.04183309761064216	-0.04691799508272845	0.05738149252081373	-0.04516040781292377	0.03901452099584446	-0.034488736742219646	0.03170175386254781	-0.04468129354458783	0.04714912102914743	-0.02731328190729894	0.038013804497782896	-0.03615988291626255	0.042224941757178586	-0.034738346712821555	0.03719164686082041
-0.028675814987245016	0.0527466344014105	-0.197382485910852	1.0	-0.35181411158760933	0.025077731058621423	-0.05543708361484108	0.1695744028682017	-0.8590511033464048	0.22378158254896854	-0.028399734400982573	0.0287121873083665	-0.14048452036171213	0.1297619952466105	-0.11847557622444532	0.03840611082773122	-0.03487223096164078	0.07714453762846894	-0.07703073462358997	0.1401920485493146	-0.027719044844443184	0.030549238066447288	-0.045767386039088157	0.03559531608929786	-0.03451298536042177	0.022733463909158435	-0.021224913176407272	0.03424324223773926	-0.038007737236501825	0.023857162167368655	-0.026477458178803516	0.024625092884142958	-0.03320569112468693	0.028120298287612408	-0.030913662658998878
0.023424571242179757	-0.03792620782148996	0.10572053834767653	-0.35181411158760933	0.9999999999999994	-0.020799685580949225	0.03943459145700509	-0.09950023055615517	0.24412607822775528	-0.7849816896529768	0.028730943147910044	-0.029369667026705307	0.14641715002230773	-0.15357543851918476	0.2562834180106197	-0.04862678477033969	0.04366261243465982	-0.0977259857638832	0.09424637069911107	-0.34479289643229316	0.03666805413658298	-0.04051020991527956	0.06493196946373854	-0.04955797040690058	0.05914922974984149	-0.030390181598053567	0.028524822384227457	-0.05072264513045686	0.05492722685145154	-0.04094990325136148	0.036316788245491734	-0.03379712473889977	0.049679357779302276	-0.04316795854891961	0.04856454823469236
-0.8753621008869638	0.2348578658404975	-0.06838142462310522	0.025077731058621423	-0.020799685580949225	0.9999999999999998	-0.307132824528717	0.06433757204386169	-0.02620250236993346	0.020846512719249106	-0.25002359442552446	0.1884085782698833	-0.04874180630586529	0.0377751373100866	-0.020205796874158685	0.06067701889409999	-0.056205718872714534	0.04498082145928806	-0.03422133812554791	0.025849817471663986	-0.033624927965508915	0.03631865951067551	-0.02515381090392929	0.018390351082213548	-0.014765063764554026	0.02600526363287773	-0.023697500321615675	0.020374695099396305	-0.019746353273772586	0.010408033256758476	-0.026247845081470128	0.02450370634117635	-0.019396042342349793	0.014535200046046668	-0.015205524474258235
0.2424799374312475	-0.8623907399618039	0.16184223794903282	-0.05543708361484108	0.03943459145700509	-0.307132824528717	1.0	-0.1758054188893336	0.056114381176268796	-0.04060337385526099	0.16093014618442986	-0.19680517524102728	0.08267688025083106	-0.06651022708558761	0.03591521301458025	-0.06488465618005465	0.06097149323510874	-0.06476455903993326	0.049528645321610186	-0.04706953598931231	0.03794424630000186	-0.04151177548524574	0.03431840009870509	-0.02568805251822946	0.021358004918802638	-0.02986173624915676	0.027321898770096532	-0.027414162812052695	0.027408167221384866	-0.014989981605173147	0.030954518532649848	-0.02903426316285957	0.026069561410682764	-0.0201924503658913	0.021356691539351148
-0.0738664738729469	0.15690835388378488	-0.8812195383847782	0.1695744028682017	-0.09950023055615517	0.06433757204386169	-0.1758054188893336	0.9999999999999994	-0.22286938329601821	0.09951527885821244	-0.05773393756248906	0.05833403810388784	-0.25218338901591286	0.15215022411083812	-0.07979125935498993	0.05614597918233255	-0.05052685961896486	0.10709349775474962	-0.08686293969277102	0.10164142978740894	-0.037296674543688034	0.04150744258827741	-0.05145095857847155	0.04049859774845177	-0.03445590733836678	0.030519676711981355	-0.028135091307063542	0.039438780104751776	-0.042191730790624576	0.02408349546954287	-0.03380605089384684	0.03192791333156089	-0.03740560953866831	0.030793157108703336	-0.032968652205554894
0.029498007907561692	-0.05471193417916831	0.18131475618158188	-0.8590511033464048	0.24412607822775528	-0.02620250236993346	0.056114381176268796	-0.22286938329601821	0.9999999999999998	-0.27934015149435065	0.03040631216781729	-0.031080596055465277	0.14919407450253838	-0.1644712702397353	0.13441972520616288	-0.04378754989496167	0.0395027911944748	-0.08958338782810189	0.08707871719747576	-0.17065605380038656	0.031333238599446304	-0.03471438068569878	0.05151441743490961	-0.04043498382090064	0.0394927325206479	-0.02579388640970936	0.024054253489393437	-0.03899664498014575	0.04289446695717124	-0.027418489004428972	0.0299054001125759	-0.027945298312470383	0.037621714978774395	-0.031993170402639826	0.03507819991097308
-0.023689867819545213	0.03828537184636643	-0.11245298575014163	0.22378158254896854	-0.7849816896529768	0.020846512719249106	-0.04060337385526099	0.09951527885821244	-0.27934015149435065	0.9999999999999989	-0.028335954065769914	0.028696508166613455	-0.15970572740943587	0.15287729763427216	-0.4092830000918705	0.045697520919707656	-0.041603463902602784	0.09228876287392308	-0.0959437315899912	0.2720981890149466	-0.03474695781155633	0.038075302385235536	-0.06254451376960866	0.04761226290787361	-0.054261474063137555	0.02857188135567665	-0.02687917414850396	0.04714198356241309	-0.052586173555098044	0.03685207250707362	-0.03431382823348374	0.031655813005052824	-0.04664186267400129	0.04018586713195145	-0.04542715323216093
0.1853749688072315	-0.15639502771496602	0.05967400980871606	-0.028399734400982573	0.028730943147910044	-0.25002359442552446	0.16093014618442986	-0.05773393756248906	0.03040631216781729	-0.028335954065769914	1.0000000000000004	-0.8920356716405647	0.08128266842625102	-0.06313776032916082	0.03163519492798969	-0.1915655817122695	0.1691282440854684	-0.09962628001800389	0.07184263856475583	-0.03924565832279169	0.08808303379623472	-0.09785571258477435	0.05281384152631761	-0.03841726823655624	0.028677359161324155	-0.06746808152777832	0.06116219246932673	-0.04339664912161478	0.04059451824328336	-0.020452390630343483	0.06355807323502187	-0.06025001889105322	0.04094610556278201	-0.029796698200618543	0.030455629738971535
-0.2051201557306147	0.1491681590506921	-0.06192578317306189	0.0287121873083665	-0.029369667026705307	0.1884085782698833	-0.19680517524102728	0.05833403810388784	-0.031080596055465277	0.028696508166613455	-0.8920356716405647	1.000000000000001	-0.08775747736710723	0.06442159003235186	-0.03232189608742347	0.16907851925603465	-0.21357807321196617	0.09970562068165409	-0.07615975332425201	0.03960068275998399	-0.09011038782094262	0.0958744044569297	-0.05459734916415457	0.0394604972239759	-0.029329379001257355	0.06587646448926364	-0.062221806178863436	0.043673025221662845	-0.04182341279077482	0.02086336653753841	-0.06523488084295694	0.059281344721963725	-0.04168237224898828	0.030372708034433676	-0.031176917031140255
0.05355787082317057	-0.0809600463328419	0.19468079948383862	-0.14048452036171213	0.14641715002230773	-0.04874180630586529	0.08267688025083106	-0.25218338901591286	0.14919407450253838	-0.15970572740943587	0.08128266842625102	-0.08775747736710723	1.0000000000000027	-0.6784238335117616	0.20375048019129768	-0.16720965013455472	0.1465318178750503	-0.40511840021017287	0.2897374588695912	-0.2649386877690952	0.10697247543117905	-0.12226593609014993	0.15194213675567617	-0.125966175759108	0.09585924542998765	-0.0890216385473488	0.08166601429592606	-0.11660606447878241	0.12469056748847841	-0.06793431933467817	0.09648572867368584	-0.09287744127092797	0.1078898304474682	-0.08982695060513454	0.09382319485926661
-0.04261930007091357	0.061915357365222426	-0.16777977526407445	0.1297619952466105	-0.15357543851918476	0.0377751373100866	-0.06651022708558761	0.15215022411083812	-0.1644712702397353	0.15287729763427216	-0.06313776032916082	0.06442159003235186	-0.6784238335117616	1.0000000000000002	-0.283888814502581	0.11793631168320697	-0.11278072739524894	0.2825188394171888	-0.4900490884428359	0.22716238713383033	-0.08392820028489857	0.09221374510995616	-0.15218322541899515	0.13103082633874527	-0.0858116699885566	0.06765546522697566	-0.06368575528026946	0.10034139771463936	-0.12546247261102625	0.06036520810435079	-0.07764260358601673	0.07178235264692422	-0.09468968894545664	0.08168708978510233	-0.08499052079221786
0.02278087336162207	-0.03381476416118459	0.08834127417888206	-0.11847557622444532	0.2562834180106197	-0.020205796874158685	0.03591521301458025	-0.07979125935498993	0.13441972520616288	-0.4092830000918705	0.03163519492798969	-0.03232189608742347	0.20375048019129768	-0.283888814502581	1.0000000000000007	-0.05848044470936292	0.05341711592917518	-0.12674379164179678	0.13783994170020894	-0.7962251038327153	0.04364245639264357	-0.04819836755850606	0.07944208915058328	-0.06354372755014014	0.0772335461946664	-0.035931947035329675	0.03386130559090357	-0.060682883848265	0.06755619426269198	-0.054037195822252214	0.042712257915339724	-0.0396881020367178	0.05872912083310034	-0.05309632476270462	0.05890999993488363
-0.06660502605030993	0.05725026426834621	-0.06345284759340683	0.03840611082773122	-0.04862678477033969	0.06067701889409999	-0.06488465618005465	0.05614597918233255	-0.04378754989496167	0.045697520919707656	-0.1915655817122695	0.16907851925603465	-0.16720965013455472	0.11793631168320697	-0.05848044470936292	1.0000000000000004	-0.7658189726134674	0.2181033239402413	-0.19007894701561442	0.06748955432558289	-0.3779643036427917	0.2540050888869988	-0.12901318974659462	0.0917140502848931	-0.06375340058326001	0.195269959039679	-0.1845693272908466	0.10078135414506734	-0.09664932037946478	0.045685809774156844	-0.18613642383255297	0.15410957144450246	-0.09760103516845842	0.06891952199252534	-0.06964600789159811
0.06013471618652807	-0.05447468552274683	0.056192954487663246	-0.03487223096164078	0.04366261243465982	-0.056205718872714534	0.06097149323510874	-0.05052685961896486	0.0395027911944748	-0.041603463902602784	0.1691282440854684	-0.21357807321196617	0.1465318178750503	-0.11278072739524894	0.05341711592917518	-0.7658189726134674	1.0000000000000009	-0.31644866457090787	0.17775151721522728	-0.06237283143484592	0.238988169399186	-0.3485844299546866	0.11659944610981415	-0.08574637246842617	0.05661191938033738	-0.17984549852086887	0.17292845137611002	-0.09303729705856695	0.08667872085605882	-0.04096820084355275	0.1548953980194643	-0.1485193522442657	0.08736076939473787	-0.06237587391872426	0.061929092891502384
-0.05032109312950693	0.05911512024731687	-0.12161724194673874	0.07714453762846894	-0.0977259857638832	0.04498082145928806	-0.06476455903993326	0.10709349775474962	-0.08958338782810189	0.09228876287392308	-0.09962628001800389	0.09970562068165409	-0.40511840021017287	0.2825188394171888	-0.12674379164179678	0.2181033239402413	-0.31644866457090787	1.0000000000000004	-0.6973348564174111	0.13840457733940048	-0.1486065910291251	0.1566725234954041	-0.21779961053660213	0.17890428078724943	-0.09829478746116702	0.11080363227375382	-0.10745750329999537	0.13179853833709076	-0.16862224731547104	0.07039330742860667	-0.1234716751338746	0.10983853148935041	-0.12483242166494549	0.10461525222071688	-0.10553296584244114
0.037759634626080556	-0.04625862885637666	0.0940435681438908	-0.07703073462358997	0.09424637069911107	-0.03422133812554791	0.049528645321610186	-0.08686293969277102	0.08707871719747576	-0.0959437315899912	0.07184263856475583	-0.07615975332425201	0.2897374588695912	-0.4900490884428359	0.13783994170020894	-0.19007894701561442	0.17775151721522728	-0.6973348564174111	0.999999999999999	-0.15985604418907043	0.11395431688231834	-0.13221129680199092	0.1956351221405258	-0.2452211760281388	0.08989628392665844	-0.09260791164795712	0.08657377014211959	-0.12818590888853695	0.1635067725166267	-0.06668156867419683	0.09829313600689478	-0.09388524966890577	0.11260634613528464	-0.10247174470735876	0.09639711261402494
-0.02937556741533505	0.0438308918266754	-0.11818645031939327	0.1401920485493146	-0.34479289643229316	0.025849817471663986	-0.04706953598931231	0.10164142978740894	-0.17065605380038656	0.2720981890149466	-0.03924565832279169	0.03960068275998399	-0.2649386877690952	0.22716238713383033	-0.7962251038327153	0.06748955432558289	-0.06237283143484592	0.13840457733940048	-0.15985604418907043	0.9999999999999997	-0.05294880684274928	0.05765017199266047	-0.10144475177970384	0.07761365430730033	-0.11159066633239291	0.043379368221022375	-0.04112889388004076	0.07619235800030748	-0.08666209292456492	0.07137134970499796	-0.05300508246333074	0.048582924366917794	-0.07605658554639959	0.0684466427569666	-0.07915242379891599
0.03650073432556003	-0.03476439860525526	0.04183309761064216	-0.027719044844443184	0.03666805413658298	-0.033624927965508915	0.03794424630000186	-0.037296674543688034	0.031333238599446304	-0.03474695781155633	0.08808303379623472	-0.09011038782094262	0.10697247543117905	-0.08392820028489857	0.04364245639264357	-0.3779643036427917	0.238988169399186	-0.1486065910291251	0.11395431688231834	-0.05294880684274928	0.9999999999999988	-0.4841298504772266	0.12709263486509662	-0.08687922834737287	0.06474507570714101	-0.6430888239532052	0.2985869916926212	-0.1271749328978926	0.09406107512870668	-0.047545342364065706	0.263446850465118	-0.28179336062530735	0.11610962713803975	-0.0747854462160893	0.07245495094849709
-0.040107288131102835	0.037393929692870434	-0.04691799508272845	0.030549238066447288	-0.04051020991527956	0.03631865951067551	-0.04151177548524574	0.04150744258827741	-0.03471438068569878	0.038075302385235536	-0.09785571258477435	0.0958744044569297	-0.12226593609014993	0.09221374510995616	-0.04819836755850606	0.2540050888869988	-0.3485844299546866	0.1566725234954041	-0.13221129680199092	0.05765017199266047	-0.4841298504772266	0.999999999999999	-0.17346370811688205	0.10500652888534233	-0.07361936987741916	0.30730788281454297	-0.6048799734102348	0.13885124962716866	-0.11180777301689128	0.05380676050443304	-0.3311844913032824	0.27079266295429844	-0.13521582341242744	0.08523348316946196	-0.08322409603279893
0.027768271495271574	-0.03207857311718142	0.05738149252081373	-0.045767386039088157	0.06493196946373854	-0.02515381090392929	0.03431840009870509	-0.05145095857847155	0.05151441743490961	-0.06254451376960866	0.05281384152631761	-0.05459734916415457	0.15194213675567617	-0.15218322541899515	0.07944208915058328	-0.12901318974659462	0.11659944610981415	-0.21779961053660213	0.1956351221405258	-0.10144475177970384	0.12709263486509662	-0.17346370811688205	0.9999999999999981	-0.6427691358658608	0.1616834823142953	-0.11013686418749398	0.11482509002333231	-0.36923474639466797	0.31329683174679585	-0.13303683058687243	0.1336313307336665	-0.1320008098776504	0.23790070091309037	-0.2353953924110604	0.18716797142061667
-0.020371931453478202	0.023941587743321825	-0.04516040781292377	0.03559531608929786	-0.04955797040690058	0.018390351082213548	-0.02568805251822946	0.04049859774845177	-0.04043498382090064	0.04761226290787361	-0.03841726823655624	0.0394604972239759	-0.125966175759108	0.13103082633874527	-0.06354372755014014	0.0917140502848931	-0.08574637246842617	0.17890428078724943	-0.2452211760281388	0.07761365430730033	-0.08687922834737287	0.10500652888534233	-0.6427691358658608	0.9999999999999942	-0.13884449539154275	0.07281700565861808	-0.07580901375152414	0.2243204264926388	-0.606660210219692	0.10934915492591506	-0.0910697231388039	0.08691546660965005	-0.18519745552807546	0.20535444944255565	-0.1722500075085997
0.0164223331368456	-0.02000047902886993	0.03901452099584446	-0.03451298536042177	0.05914922974984149	-0.014765063764554026	0.021358004918802638	-0.03445590733836678	0.0394927325206479	-0.054261474063137555	0.028677359161324155	-0.029329379001257355	0.09585924542998765	-0.0858116699885566	0.0772335461946664	-0.06375340058326001	0.05661191938033738	-0.09829478746116702	0.08989628392665844	-0.11159066633239291	0.06474507570714101	-0.07361936987741916	0.1616834823142953	-0.13884449539154275	0.9999999999999978	-0.057286859600306037	0.0571302176243877	-0.19485473257879096	0.17513968075868047	-0.7855812343673079	0.07744529722307163	-0.07564516579238789	0.1769025540516688	-0.2611634996827921	0.28659654687690533
-0.028661321079314975	0.027137522039250298	-0.034488736742219646	0.022733463909158435	-0.030390181598053567	0.02600526363287773	-0.02986173624915676	0.030519676711981355	-0.02579388640970936	0.02857188135567665	-0.06746808152777832	0.06587646448926364	-0.0890216385473488	0.06765546522697566	-0.035931947035329675	0.195269959039679	-0.17984549852086887	0.11080363227375382	-0.09260791164795712	0.043379368221022375	-0.6430888239532052	0.30730788281454297	-0.11013686418749398	0.07281700565861808	-0.057286859600306037	0.9999999999999978	-0.5082633204265243	0.11384019029816028	-0.08297247123542618	0.04187586917557484	-0.43267580701536196	0.2846437939543346	-0.11120010702319545	0.06654928276723839	-0.06487847387085796
0.025966024378142726	-0.024918634019140986	0.03170175386254781	-0.021224913176407272	0.028524822384227457	-0.023697500321615675	0.027321898770096532	-0.028135091307063542	0.024054253489393437	-0.02687917414850396	0.06116219246932673	-0.062221806178863436	0.08166601429592606	-0.06368575528026946	0.03386130559090357	-0.1845693272908466	0.17292845137611002	-0.10745750329999537	0.08657377014211959	-0.04112889388004076	0.2985869916926212	-0.6048799734102348	0.11482509002333231	-0.07580901375152414	0.0571302176243877	-0.5082633204265243	0.999999999999999	-0.13408729549696	0.0850127017204839	-0.04237336241244982	0.3031423307834328	-0.48160981650682133	0.12124386292613774	-0.0696533351410856	0.06573999744864306
-0.022628236846519288	0.02542472641224328	-0.04468129354458783	0.03424324223773926	-0.05072264513045686	0.020374695099396305	-0.027414162812052695	0.039438780104751776	-0.03899664498014575	0.04714198356241309	-0.04339664912161478	0.043673025221662845	-0.11660606447878241	0.10034139771463936	-0.060682883848265	0.10078135414506734	-0.09303729705856695	0.13179853833709076	-0.12818590888853695	0.07619235800030748	-0.1271749328978926	0.13885124962716866	-0.36923474639466797	0.2243204264926388	-0.19485473257879096	0.11384019029816028	-0.13408729549696	0.9999999999999983	-0.3683174670452644	0.1467157968406539	-0.16969453662325065	0.15829158276010685	-0.7182832928041119	0.27068461312061715	-0.24998817825411007
0.021848026336506902	-0.0256306737536681	0.04714912102914743	-0.038007737236501825	0.05492722685145154	-0.019746353273772586	0.027408167221384866	-0.042191730790624576	0.04289446695717124	-0.052586173555098044	0.04059451824328336	-0.04182341279077482	0.12469056748847841	-0.12546247261102625	0.06755619426269198	-0.09664932037946478	0.08667872085605882	-0.16862224731547104	0.1635067725166267	-0.08666209292456492	0.09406107512870668	-0.11180777301689128	0.31329683174679585	-0.606660210219692	0.17513968075868047	-0.08297247123542618	0.0850127017204839	-0.3683174670452644	0.9999999999999978	-0.1609061177291398	0.107053621682131	-0.10593398727503692	0.25495687013516827	-0.4381208150900592	0.23644955829550587
-0.011580417493016144	0.014007536213059611	-0.02731328190729894	0.023857162167368655	-0.04094990325136148	0.010408033256758476	-0.014989981605173147	0.02408349546954287	-0.027418489004428972	0.03685207250707362	-0.020452390630343483	0.02086336653753841	-0.06793431933467817	0.06036520810435079	-0.054037195822252214	0.045685809774156844	-0.04096820084355275	0.07039330742860667	-0.06668156867419683	0.07137134970499796	-0.047545342364065706	0.05380676050443304	-0.13303683058687243	0.10934915492591506	-0.7855812343673079	0.04187586917557484	-0.04237336241244982	0.1467157968406539	-0.1609061177291398	0.9999999999999983	-0.05774196592232335	0.05607938810404928	-0.15701512982672355	0.22399308156117131	-0.48756643953363005
0.028676783028252373	-0.028581983828004306	0.038013804497782896	-0.026477458178803516	0.036316788245491734	-0.026247845081470128	0.030954518532649848	-0.03380605089384684	0.0299054001125759	-0.03431382823348374	0.06355807323502187	-0.06523488084295694	0.09648572867368584	-0.07764260358601673	0.042712257915339724	-0.18613642383255297	0.1548953980194643	-0.1234716751338746	0.09829313600689478	-0.05300508246333074	0.263446850465118	-0.3311844913032824	0.1336313307336665	-0.0910697231388039	0.07744529722307163	-0.43267580701536196	0.3031423307834328	-0.16969453662325065	0.107053621682131	-0.05774196592232335	0.9999999999999991	-0.737575931377344	0.1602719023860828	-0.09419821036724738	0.0882673469508643
-0.027075693051073626	0.0265433529311246	-0.03615988291626255	0.024625092884142958	-0.03379712473889977	0.02450370634117635	-0.02903426316285957	0.03192791333156089	-0.027945298312470383	0.031655813005052824	-0.06025001889105322	0.059281344721963725	-0.09287744127092797	0.07178235264692422	-0.0396881020367178	0.15410957144450246	-0.1485193522442657	0.10983853148935041	-0.09388524966890577	0.048582924366917794	-0.28179336062530735	0.27079266295429844	-0.1320008098776504	0.08691546660965005	-0.07564516579238789	0.2846437939543346	-0.48160981650682133	0.15829158276010685	-0.10593398727503692	0.05607938810404928	-0.737575931377344	0.9999999999999987	-0.19382986975734734	0.09417998596105179	-0.08858400303355302
0.021467081595223078	-0.0242863375549899	0.042224941757178586	-0.03320569112468693	0.049679357779302276	-0.019396042342349793	0.026069561410682764	-0.03740560953866831	0.037621714978774395	-0.04664186267400129	0.04094610556278201	-0.04168237224898828	0.1078898304474682	-0.09468968894545664	0.05872912083310034	-0.09760103516845842	0.08736076939473787	-0.12483242166494549	0.11260634613528464	-0.07605658554639959	0.11610962713803975	-0.13521582341242744	0.23790070091309037	-0.18519745552807546	0.1769025540516688	-0.11120010702319545	0.12124386292613774	-0.7182832928041119	0.25495687013516827	-0.15701512982672355	0.1602719023860828	-0.19382986975734734	0.9999999999999991	-0.41919054831623853	0.2383515095749838
-0.01612739020767196	0.01883314554975095	-0.034738346712821555	0.028120298287612408	-0.04316795854891961	0.014535200046046668	-0.0201924503658913	0.030793157108703336	-0.031993170402639826	0.04018586713195145	-0.029796698200618543	0.030372708034433676	-0.08982695060513454	0.08168708978510233	-0.05309632476270462	0.06891952199252534	-0.06237587391872426	0.10461525222071688	-0.10247174470735876	0.0684466427569666	-0.0747854462160893	0.08523348316946196	-0.2353953924110604	0.20535444944255565	-0.2611634996827921	0.06654928276723839	-0.0696533351410856	0.27068461312061715	-0.4381208150900592	0.22399308156117131	-0.09419821036724738	0.09417998596105179	-0.41919054831623853	0.9999999999999992	-0.6348727816048659
0.016866891728678477	-0.019983417172745592	0.03719164686082041	-0.030913662658998878	0.04856454823469236	-0.015205524474258235	0.021356691539351148	-0.032968652205554894	0.03507819991097308	-0.04542715323216093	0.030455629738971535	-0.031176917031140255	0.09382319485926661	-0.08499052079221786	0.05890999993488363	-0.06964600789159811	0.061929092891502384	-0.10553296584244114	0.09639711261402494	-0.07915242379891599	0.07245495094849709	-0.08322409603279893	0.18716797142061667	-0.1722500075085997	0.28659654687690533	-0.06487847387085796	0.06573999744864306	-0.24998817825411007	0.23644955829550587	-0.48756643953363005	0.0882673469508643	-0.08858400303355302	0.2383515095749838	-0.6348727816048659	0.9999999999999992
