1.0	-0.15042921062500378	0.05824383894190819	-0.04778578741681458	0.05811449191865456	-0.9426510155215442	0.12847947236071414	-0.10474729220411667	0.05607552672989458	-0.05036586486057863	0.16515928466931842	-0.12916270894194593	0.08533230783559005	-0.06128732386029596	0.07844203565269359	-0.12621826104480816	0.09265484185654413	-0.08737034852223352	0.0521622633037277	-0.04523085095512059	0.10329925877178066	-0.09731298090704948	0.06535731067597794	-0.04885006770770591	0.0491833509055665	-0.061666238224274014	0.05355367984689628	-0.04706684974611452	0.03972602809467276	-0.06026474290250888	0.04146922647405998	-0.057693985831294044	0.03831584741109408	-0.037162496211459194	0.037083055799354024	-0.040562041810800586	0.047771365077457544	-0.029569090606409852	0.02956487949407991	-0.05459089797069208
-0.15042921062500378	0.9999999999999997	-0.1353672332537027	0.09114527705568384	-0.10263274774682689	0.1276822129263322	-0.9345080294025342	0.184770484401715	-0.09176013830205217	0.07869115548200188	-0.09306809809245348	0.1031950966801952	-0.11448862986532544	0.08495736721039387	-0.11488069366468609	0.07037898986878534	-0.08298304466623672	0.08643617983113973	-0.06515448744500457	0.054836048808255045	-0.08938324257891533	0.07998112352372011	-0.06948845892817566	0.052433912602332954	-0.05511006465003448	0.049419544038181044	-0.04751628179594296	0.04638575108546723	-0.04016632202135071	0.0598526967457808	-0.035942971143658	0.04870140601067425	-0.03819780800131287	0.03652232308959005	-0.03728521602952891	0.03508651803468254	-0.044669517959606705	0.02857940643086583	-0.02905200688592693	0.053028720374338915
0.05824383894190819	-0.1353672332537027	0.9999999999999999	-0.7631122215528752	0.26446777865399884	-0.05483271685516176	0.11617565340844908	-0.42687974174605137	0.225515917601844	-0.24052201868826137	0.1078203660838501	-0.14396130994647774	0.18484336041483398	-0.21137445044135866	0.20193753620241464	-0.0926880863992302	0.12087093514772994	-0.15444633686850265	0.11743720167934614	-0.10468278116972739	0.12304795392440188	-0.13673452929708638	0.11789300034827398	-0.09584595889300367	0.0982290812384975	-0.07974021780563625	0.07857074089165186	-0.08466098681694187	0.07281287035269725	-0.1172139610789476	0.05774676616993801	-0.08319910420330096	0.06776799016661451	-0.06722762148822765	0.07109532864316812	-0.05810289978723557	0.07187469849219434	-0.051678965953709216	0.051770184404518554	-0.10585005061162416
-0.04778578741681458	0.09114527705568384	-0.7631122215528752	0.9999999999999996	-0.43314045588516303	0.04420369044653987	-0.08506836722581591	0.2563646313728755	-0.29964075004290186	0.24511322783126074	-0.0926871480085357	0.11821684491501085	-0.15872269752502383	0.19758546691412512	-0.20700923905809396	0.07851621435661518	-0.102653138259674	0.12731648596010964	-0.11022902327042315	0.09606137500018011	-0.10754869807443286	0.11432072533377105	-0.10246739238673509	0.08382096136000293	-0.08744161565268362	0.0675748925811587	-0.06679114731809616	0.07202095466018099	-0.06238556292413945	0.09905619421711291	-0.049294708545325014	0.07009741555378034	-0.05805370437371027	0.05715305059824773	-0.060356972482957204	0.049397183372244545	-0.06185475136897642	0.04390360276364359	-0.04418864710433944	0.08856384438649163
0.05811449191865456	-0.10263274774682689	0.26446777865399884	-0.43314045588516303	0.9999999999999989	-0.05492694510364707	0.09041367484753071	-0.3223504174919211	0.27934456928887913	-0.6847073548057775	0.11816361531090208	-0.15917851401453853	0.18922340137161464	-0.2576299985413512	0.26002591756275045	-0.10419522025418601	0.13557275452760298	-0.17506659450018516	0.141876954193205	-0.13183326689211583	0.13832084950700588	-0.16365846698480355	0.13778999514473322	-0.11613801279706673	0.1190373519971629	-0.09490007498457785	0.09339856946189626	-0.10331259447467724	0.08889227401253011	-0.14772409063862793	0.0683913520167265	-0.10037708102590374	0.08215952392376259	-0.08271856169408125	0.0889009907661826	-0.06957875417494908	0.08494882701459062	-0.06345114753570319	0.0632056065522709	-0.13472818704363126
-0.9426510155215442	0.1276822129263322	-0.05483271685516176	0.04420369044653987	-0.05492694510364707	1.0	-0.13878629080061133	0.09463380153597803	-0.05258812784427208	0.046797691999173406	-0.20400388565689057	0.11780979248071535	-0.08050723544322003	0.05663409717073996	-0.07411745174833954	0.11890520620666162	-0.08825414301557814	0.07962464569828624	-0.04849720307381325	0.04172497295770543	-0.10352416209215724	0.08713799190403376	-0.06025112898553757	0.04464529214471704	-0.04525890673005702	0.0561612879924401	-0.048916959875835504	0.04265494017868259	-0.036125592003755605	0.054165610161902376	-0.038204622110139884	0.05193590374646729	-0.03490962047086029	0.03363908262365313	-0.033477975517269255	0.03693745023885466	-0.04420777492341794	0.026841569496387663	-0.026942731812646958	0.048849259665492514
0.12847947236071414	-0.9345080294025342	0.11617565340844908	-0.08506836722581591	0.09041367484753071	-0.13878629080061133	0.9999999999999997	-0.22960611404004996	0.08371780617930843	-0.07220299047404381	0.08739950745371704	-0.10623124441713552	0.10964259618354563	-0.07989798509595548	0.10215715033210156	-0.06713514784719637	0.07872660377002184	-0.08371399531536618	0.059335681337965275	-0.05028498498024132	0.081594270012562	-0.07595793770559739	0.06454419135499133	-0.048732515147957456	0.05069884307191476	-0.046161424483659674	0.04437276759799976	-0.0433400662120833	0.037342570104282734	-0.055989531101652515	0.03335806850635637	-0.04570341210643458	0.03547720373709377	-0.03405445970577207	0.03471796591796522	-0.03263943704039901	0.041176250992589106	-0.02658904673153609	0.02695459302871944	-0.04968188136537195
-0.10474729220411667	0.184770484401715	-0.42687974174605137	0.2563646313728755	-0.3223504174919211	0.09463380153597803	-0.22960611404004996	0.9999999999999992	-0.3210295658644849	0.23913378433203836	-0.20324355934563895	0.24031184647145118	-0.4754171821955569	0.2687850360897696	-0.35377550786399165	0.16115181718264604	-0.21615015629189913	0.24965646998212418	-0.19517495049172295	0.16171199545112852	-0.22941932740361437	0.20779815009691036	-0.20157843460944042	0.15022204026141833	-0.15931351994837012	0.1270850496258962	-0.12591169556732235	0.12862689703559047	-0.11210720372569209	0.16545690513113057	-0.09418683762174773	0.12755490367198555	-0.10599709969621857	0.1007835202335834	-0.10328441442431817	0.09219116085874851	-0.11944672221380101	0.07808259381206555	-0.07972617024669618	0.14502483927084617
0.05607552672989458	-0.09176013830205217	0.225515917601844	-0.29964075004290186	0.27934456928887913	-0.05258812784427208	0.08371780617930843	-0.3210295658644849	0.9999999999999994	-0.47273903539795814	0.11977275578815946	-0.167637075599955	0.22962539043861988	-0.6597966178685016	0.28311316999370856	-0.10363644612503566	0.1385430030108732	-0.18420004183533908	0.16481508525818453	-0.14723184066609696	0.13599749372830627	-0.15470216597984163	0.13859951952678096	-0.11954795049780506	0.12117018655043861	-0.08864275904929718	0.08843952714033519	-0.09807732303772104	0.08444978836775205	-0.13637835572907206	0.06434050899391337	-0.09324115875623142	0.07787093482466316	-0.07740458421157857	0.08180259435569202	-0.06472544743357549	0.080153663734103	-0.0587735278049378	0.058921632501338826	-0.1205161519284321
-0.05036586486057863	0.07869115548200188	-0.24052201868826137	0.24511322783126074	-0.6847073548057775	0.046797691999173406	-0.07220299047404381	0.23913378433203836	-0.47273903539795814	0.9999999999999993	-0.10623239116793638	0.13720003415413262	-0.17887533736376318	0.26599809562920257	-0.38033890821959515	0.09145740875577595	-0.12028455390452279	0.151415180835527	-0.15123856070499964	0.1357938881137691	-0.1251941032039611	0.13860135315264988	-0.12569224123091988	0.1077259636941922	-0.11406874667475021	0.08128644137343606	-0.08075125660575062	0.08966427841967249	-0.07796693493156208	0.12600181014612793	-0.059242168181115225	0.08522472524179579	-0.07190579362937283	0.07135613146572609	-0.07620566297209949	0.05975112727853006	-0.07442876127978856	0.05442995843708932	-0.05468581166513084	0.11200624940251563
0.16515928466931842	-0.09306809809245348	0.1078203660838501	-0.0926871480085357	0.11816361531090208	-0.20400388565689057	0.08739950745371704	-0.20324355934563895	0.11977275578815946	-0.10623239116793638	0.9999999999999991	-0.5022958279790137	0.21646052693541093	-0.14005014576103444	0.17186081492353822	-0.6491142461094567	0.2801510348699112	-0.23406417888626785	0.12048970812408197	-0.10448265516889743	0.2877818633675381	-0.2564046017426808	0.16095855715656848	-0.11742844461279267	0.11602354836269228	-0.16371807239443686	0.13628352284009926	-0.11386591082879569	0.09509351409555138	-0.1419196230282059	0.10627806536069806	-0.14579785638947912	0.09227181129996671	-0.08900220053444549	0.0870002438762764	-0.1024149590570757	0.11854049091852009	-0.07106328352206243	0.07091958653530803	-0.12757171959985722
-0.12916270894194593	0.1031950966801952	-0.14396130994647774	0.11821684491501085	-0.15917851401453853	0.11780979248071535	-0.10623124441713552	0.24031184647145118	-0.167637075599955	0.13720003415413262	-0.5022958279790137	0.9999999999999993	-0.45944517411978186	0.1890105003667281	-0.23569640776083864	0.2804730432641587	-0.5066860949812794	0.2903708684820846	-0.15474278242114456	0.1286948991746989	-0.3013723876586026	0.25599610707655235	-0.20038667052822112	0.1377621731710653	-0.13994921019017847	0.14673860485075768	-0.1464880347931965	0.12486750824657367	-0.10604123746121205	0.15048777653130263	-0.10620545356482086	0.14157846702411012	-0.10239010383890802	0.09604591011653854	-0.09366943821095848	0.09981029658568369	-0.12713309882012325	0.07565061989669963	-0.07698762311229793	0.1314400207274368
0.08533230783559005	-0.11448862986532544	0.18484336041483398	-0.15872269752502383	0.18922340137161464	-0.08050723544322003	0.10964259618354563	-0.4754171821955569	0.22962539043861988	-0.17887533736376318	0.21646052693541093	-0.45944517411978186	0.9999999999999986	-0.36763105408757984	0.2597300749543624	-0.1836251214033738	0.27090689788086136	-0.4959500617740633	0.17369157993402592	-0.1486451546246025	0.2085491086557707	-0.23267990097719346	0.2143819505352861	-0.15570345624459334	0.14946174465561485	-0.12474450063477904	0.126964268462896	-0.1328558528255437	0.11056046292240106	-0.16472971152149665	0.09026208299799451	-0.12906200151186303	0.10377322607540836	-0.10008944885925666	0.09939813608522548	-0.08831458691817662	0.11026808472951866	-0.075655389944961	0.07626395480233132	-0.1421966508311239
-0.06128732386029596	0.08495736721039387	-0.21137445044135866	0.19758546691412512	-0.2576299985413512	0.05663409717073996	-0.07989798509595548	0.2687850360897696	-0.6597966178685016	0.26599809562920257	-0.14005014576103444	0.1890105003667281	-0.36763105408757984	0.9999999999999966	-0.44198085745669424	0.11731490392668441	-0.16227163068531175	0.20901133097886468	-0.24777950390343634	0.18558659830708596	-0.1566442621257878	0.1690733896380755	-0.16458458533909195	0.1422045268869346	-0.14714542296347588	0.09748404116726302	-0.0983145097184098	0.10945609638756128	-0.09508023550805161	0.14931160981589844	-0.07135070548235488	0.10185708408927363	-0.08743524601256977	0.08573801593149884	-0.0899640984439268	0.07118664645213775	-0.08943417098694695	0.06468229347996343	-0.06529308753040075	0.12906880109800234
0.07844203565269359	-0.11488069366468609	0.20193753620241464	-0.20700923905809396	0.26002591756275045	-0.07411745174833954	0.10215715033210156	-0.35377550786399165	0.28311316999370856	-0.38033890821959515	0.17186081492353822	-0.23569640776083864	0.2597300749543624	-0.44198085745669424	0.9999999999999982	-0.15578891758723473	0.20412218390965836	-0.27241441753792794	0.268198480335491	-0.356954957671188	0.20576634038087704	-0.2636962597170969	0.22529738635862118	-0.21281001337282368	0.2215742089936551	-0.15059828344782877	0.14952754436874313	-0.17697578686126533	0.15291078879927586	-0.2684898974237773	0.10830927601185537	-0.1625217821432935	0.1384008854317119	-0.14251418087016346	0.15663463744942455	-0.11154910522794458	0.13461946838776429	-0.10756427259491118	0.1065395819120841	-0.2394905334700329
-0.12621826104480816	0.07037898986878534	-0.0926880863992302	0.07851621435661518	-0.10419522025418601	0.11890520620666162	-0.06713514784719637	0.16115181718264604	-0.10363644612503566	0.09145740875577595	-0.6491142461094567	0.2804730432641587	-0.1836251214033738	0.11731490392668441	-0.15578891758723473	1.0	-0.3719789603231722	0.20628086096671036	-0.10875419524202111	0.09264648997584186	-0.5384007112682782	0.2301640849692713	-0.14889841688779826	0.10441122311112443	-0.10467816916662515	0.16335211531696187	-0.13149328152154968	0.10142376162310472	-0.08521817859753049	0.12256571343726227	-0.10914751841847907	0.13385711269652895	-0.08371190150324365	0.07917845464092986	-0.0761201611582361	0.09808605528526952	-0.11837308209374257	0.06454732716642012	-0.06499476436027828	0.10946000979469857
0.09265484185654413	-0.08298304466623672	0.12087093514772994	-0.102653138259674	0.13557275452760298	-0.08825414301557814	0.07872660377002184	-0.21615015629189913	0.1385430030108732	-0.12028455390452279	0.2801510348699112	-0.5066860949812794	0.27090689788086136	-0.16227163068531175	0.20412218390965836	-0.3719789603231722	0.9999999999999971	-0.5037456674148659	0.1505112942339779	-0.12782065968982198	0.2708276606282186	-0.44885704959760153	0.23051384766431374	-0.15320128934455154	0.14535504526871787	-0.15819416100613676	0.17445322749388711	-0.1401568741999908	0.11458493343187959	-0.1602405400647119	0.11245227141457867	-0.1688167696233146	0.11089660613037529	-0.10412916205703195	0.0979819104719761	-0.10561516921719957	0.1299197413029567	-0.08012584762832353	0.08093051696145925	-0.1378103978015039
-0.08737034852223352	0.08643617983113973	-0.15444633686850265	0.12731648596010964	-0.17506659450018516	0.07962464569828624	-0.08371399531536618	0.24965646998212418	-0.18420004183533908	0.151415180835527	-0.23406417888626785	0.2903708684820846	-0.4959500617740633	0.20901133097886468	-0.27241441753792794	0.20628086096671036	-0.5037456674148659	0.9999999999999987	-0.21656400726660988	0.16963877109700487	-0.25531270001956063	0.27576115561096837	-0.42971125918038194	0.20785507325015828	-0.20041334098559055	0.1418261370548117	-0.15628194879481264	0.17055618327158487	-0.14193690376244567	0.18659250864824287	-0.10565117531418682	0.1487986797339155	-0.13374089856395588	0.12172564781961405	-0.11490767909746874	0.10140679086415649	-0.1309875301223352	0.08953165621039985	-0.09179324340771233	0.1544677101443583
0.0521622633037277	-0.06515448744500457	0.11743720167934614	-0.11022902327042315	0.141876954193205	-0.04849720307381325	0.059335681337965275	-0.19517495049172295	0.16481508525818453	-0.15123856070499964	0.12048970812408197	-0.15474278242114456	0.17369157993402592	-0.24777950390343634	0.268198480335491	-0.10875419524202111	0.1505112942339779	-0.21656400726660988	0.9999999999999942	-0.7414651896493394	0.14932347387629125	-0.19571650614235686	0.2255034452619299	-0.3666409431463952	0.29222216293624054	-0.10514466624909675	0.11185304561942987	-0.15541632931135357	0.1372202953264645	-0.23138175348187168	0.07779944887368968	-0.11694348449608123	0.11708034393698522	-0.12007417378425402	0.12784986201737003	-0.07928811064066192	0.09902713253712767	-0.08397433625711499	0.08446168924064354	-0.17667893869717177
-0.04523085095512059	0.054836048808255045	-0.10468278116972739	0.09606137500018011	-0.13183326689211583	0.04172497295770543	-0.05028498498024132	0.16171199545112852	-0.14723184066609696	0.1357938881137691	-0.10448265516889743	0.1286948991746989	-0.1486451546246025	0.18558659830708596	-0.356954957671188	0.09264648997584186	-0.12782065968982198	0.16963877109700487	-0.7414651896493394	0.999999999999996	-0.13143339383313704	0.15988694503314865	-0.20606123400407356	0.2634548028573494	-0.43870666852732343	0.0891664913433887	-0.09534360732239223	0.13102400523225766	-0.12163953459825934	0.20000276419425778	-0.06666768568137338	0.09786660562702275	-0.10264343902195464	0.10216854567856119	-0.11564010896017378	0.06768051090735551	-0.08627897745936582	0.07166842134985238	-0.07334981178139842	0.1467826736377397
0.10329925877178066	-0.08938324257891533	0.12304795392440188	-0.10754869807443286	0.13832084950700588	-0.10352416209215724	0.081594270012562	-0.22941932740361437	0.13599749372830627	-0.1251941032039611	0.2877818633675381	-0.3013723876586026	0.2085491086557707	-0.1566442621257878	0.20576634038087704	-0.5384007112682782	0.2708276606282186	-0.25531270001956063	0.14932347387629125	-0.13143339383313704	0.9999999999999997	-0.3798848397011164	0.20357477533444704	-0.15191305641541006	0.15064346825397096	-0.3890687330993486	0.21496414071082046	-0.15917875805759965	0.13237986527136103	-0.19862260146254448	0.202314013008989	-0.2452685470544653	0.1315242859839205	-0.12721390409998837	0.12237244081404536	-0.1875233817966791	0.19886413016024332	-0.10640918538141259	0.10503874142384169	-0.18286813131514612
-0.09731298090704948	0.07998112352372011	-0.13673452929708638	0.11432072533377105	-0.16365846698480355	0.08713799190403376	-0.07595793770559739	0.20779815009691036	-0.15470216597984163	0.13860135315264988	-0.2564046017426808	0.25599610707655235	-0.23267990097719346	0.1690733896380755	-0.2636962597170969	0.2301640849692713	-0.44885704959760153	0.27576115561096837	-0.19571650614235686	0.15988694503314865	-0.3798848397011164	0.9999999999999979	-0.359032792583176	0.19578619241165687	-0.20091038914592396	0.21748655740183478	-0.44249893430970405	0.19109577701712274	-0.1604393819355266	0.19758939848498272	-0.1772752490876125	0.264413388394554	-0.16186267748623728	0.14136008546516965	-0.12682999940002224	0.15479091628340247	-0.21058687384821095	0.11204353659335908	-0.11615140351148931	0.16790607443518435
0.06535731067597794	-0.06948845892817566	0.11789300034827398	-0.10246739238673509	0.13778999514473322	-0.06025112898553757	0.06454419135499133	-0.20157843460944042	0.13859951952678096	-0.12569224123091988	0.16095855715656848	-0.20038667052822112	0.2143819505352861	-0.16458458533909195	0.22529738635862118	-0.14889841688779826	0.23051384766431374	-0.42971125918038194	0.2255034452619299	-0.20606123400407356	0.20357477533444704	-0.359032792583176	0.999999999999995	-0.5246694953512027	0.2747841084228711	-0.14190326486335927	0.17294812547416347	-0.3543369041467981	0.2163632344075495	-0.2793347047782002	0.10740703619677375	-0.16955533395545222	0.19325228380904316	-0.18399999751552895	0.15348132693042357	-0.10650861907299336	0.13474792027815452	-0.1194608925395757	0.1192520342914452	-0.20872821781459736
-0.04885006770770591	0.052433912602332954	-0.09584595889300367	0.08382096136000293	-0.11613801279706673	0.04464529214471704	-0.048732515147957456	0.15022204026141833	-0.11954795049780506	0.1077259636941922	-0.11742844461279267	0.1377621731710653	-0.15570345624459334	0.1422045268869346	-0.21281001337282368	0.10441122311112443	-0.15320128934455154	0.20785507325015828	-0.3666409431463952	0.2634548028573494	-0.15191305641541006	0.19578619241165687	-0.5246694953512027	0.9999999999999948	-0.632915043420134	0.1015475288330602	-0.1181769100990966	0.1932632570250993	-0.19265371628347897	0.23928908086693793	-0.07766930152083219	0.11527311968465555	-0.1448176870566515	0.1393425898228995	-0.13652033847064124	0.0778662878384454	-0.10142487219407675	0.08912875534066521	-0.09260818673970185	0.16223448351911268
0.0491833509055665	-0.05511006465003448	0.0982290812384975	-0.08744161565268362	0.1190373519971629	-0.04525890673005702	0.05069884307191476	-0.15931351994837012	0.12117018655043861	-0.11406874667475021	0.11602354836269228	-0.13994921019017847	0.14946174465561485	-0.14714542296347588	0.2215742089936551	-0.10467816916662515	0.14535504526871787	-0.20041334098559055	0.29222216293624054	-0.43870666852732343	0.15064346825397096	-0.20091038914592396	0.2747841084228711	-0.632915043420134	1.0000000000000013	-0.1063354912876263	0.11808446409611813	-0.19308144484904222	0.18064468876993714	-0.397681712101663	0.08036993050324619	-0.12092020752458299	0.14121271051774453	-0.14871929472357723	0.17225597125459965	-0.08227482287541371	0.10515274581778941	-0.09731450436397443	0.09911412405435827	-0.21297915771659195
-0.061666238224274014	0.049419544038181044	-0.07974021780563625	0.0675748925811587	-0.09490007498457785	0.0561612879924401	-0.046161424483659674	0.1270850496258962	-0.08864275904929718	0.08128644137343606	-0.16371807239443686	0.14673860485075768	-0.12474450063477904	0.09748404116726302	-0.15059828344782877	0.16335211531696187	-0.15819416100613676	0.1418261370548117	-0.10514466624909675	0.0891664913433887	-0.3890687330993486	0.21748655740183478	-0.14190326486335927	0.1015475288330602	-0.1063354912876263	0.9999999999999939	-0.3047127131904355	0.12287598987761068	-0.1041866822941845	0.1285433975289854	-0.6624009901035687	0.2696076984830007	-0.11645230048561056	0.10198076549996098	-0.08553354785982688	0.28226289022911977	-0.37512254286451574	0.10801312921248173	-0.11116255887455087	0.1179766721843173
0.05355367984689628	-0.04751628179594296	0.07857074089165186	-0.06679114731809616	0.09339856946189626	-0.048916959875835504	0.04437276759799976	-0.12591169556732235	0.08843952714033519	-0.08075125660575062	0.13628352284009926	-0.1464880347931965	0.126964268462896	-0.0983145097184098	0.14952754436874313	-0.13149328152154968	0.17445322749388711	-0.15628194879481264	0.11185304561942987	-0.09534360732239223	0.21496414071082046	-0.44249893430970405	0.17294812547416347	-0.1181769100990966	0.11808446409611813	-0.3047127131904355	0.9999999999999932	-0.18741418361300502	0.13035708783422528	-0.1430336380800989	0.2278472946931953	-0.7371375336311029	0.1473894420524348	-0.12548834021499336	0.09040505404966229	-0.18017040336709428	0.199803802568087	-0.09792663932780961	0.0974075931484382	-0.12225586888227004
-0.04706684974611452	0.04638575108546723	-0.08466098681694187	0.07202095466018099	-0.10331259447467724	0.04265494017868259	-0.0433400662120833	0.12862689703559047	-0.09807732303772104	0.08966427841967249	-0.11386591082879569	0.12486750824657367	-0.1328558528255437	0.10945609638756128	-0.17697578686126533	0.10142376162310472	-0.1401568741999908	0.17055618327158487	-0.15541632931135357	0.13102400523225766	-0.15917875805759965	0.19109577701712274	-0.3543369041467981	0.1932632570250993	-0.19308144484904222	0.12287598987761068	-0.18741418361300502	0.9999999999999972	-0.5811774995373258	0.2399748589852163	-0.0990748136463846	0.1625527782522584	-0.5425440500974894	0.31452708309459254	-0.1528994814133296	0.09981482160275174	-0.13358761950237888	0.16910777028976584	-0.1799754888840575	0.16910612718782306
0.03972602809467276	-0.04016632202135071	0.07281287035269725	-0.06238556292413945	0.08889227401253011	-0.036125592003755605	0.037342570104282734	-0.11210720372569209	0.08444978836775205	-0.07796693493156208	0.09509351409555138	-0.10604123746121205	0.11056046292240106	-0.09508023550805161	0.15291078879927586	-0.08521817859753049	0.11458493343187959	-0.14193690376244567	0.1372202953264645	-0.12163953459825934	0.13237986527136103	-0.1604393819355266	0.2163632344075495	-0.19265371628347897	0.18064468876993714	-0.1041866822941845	0.13035708783422528	-0.5811774995373258	0.9999999999999982	-0.3798314946124069	0.08210110054853927	-0.1320775745118059	0.31287544249152055	-0.57314463797849	0.1714874611930175	-0.08652947065344194	0.11307724801801561	-0.16187145055546856	0.16553427560923734	-0.1878342892043973
-0.06026474290250888	0.0598526967457808	-0.1172139610789476	0.09905619421711291	-0.14772409063862793	0.054165610161902376	-0.055989531101652515	0.16545690513113057	-0.13637835572907206	0.12600181014612793	-0.1419196230282059	0.15048777653130263	-0.16472971152149665	0.14931160981589844	-0.2684898974237773	0.12256571343726227	-0.1602405400647119	0.18659250864824287	-0.23138175348187168	0.20000276419425778	-0.19862260146254448	0.19758939848498272	-0.2793347047782002	0.23928908086693793	-0.397681712101663	0.1285433975289854	-0.1430336380800989	0.2399748589852163	-0.3798314946124069	0.9999999999999938	-0.10164660514462169	0.13986954617817088	-0.2145761697011751	0.21511526340385226	-0.5186248812230375	0.1045161718810402	-0.14568606186794447	0.1358780941505202	-0.15255398065863096	0.3016546798122044
0.04146922647405998	-0.035942971143658	0.05774676616993801	-0.049294708545325014	0.0683913520167265	-0.038204622110139884	0.03335806850635637	-0.09418683762174773	0.06434050899391337	-0.059242168181115225	0.10627806536069806	-0.10620545356482086	0.09026208299799451	-0.07135070548235488	0.10830927601185537	-0.10914751841847907	0.11245227141457867	-0.10565117531418682	0.07779944887368968	-0.06666768568137338	0.202314013008989	-0.1772752490876125	0.10740703619677375	-0.07766930152083219	0.08036993050324619	-0.6624009901035687	0.2278472946931953	-0.0990748136463846	0.08210110054853927	-0.10164660514462169	0.9999999999999921	-0.36504912485488666	0.09484807767424218	-0.08332535148260177	0.06691393998786291	-0.5213191773646345	0.2968962082638048	-0.0885330501972546	0.08694875961670144	-0.09386589362097658
-0.057693985831294044	0.04870140601067425	-0.08319910420330096	0.07009741555378034	-0.10037708102590374	0.05193590374646729	-0.04570341210643458	0.12755490367198555	-0.09324115875623142	0.08522472524179579	-0.14579785638947912	0.14157846702411012	-0.12906200151186303	0.10185708408927363	-0.1625217821432935	0.13385711269652895	-0.1688167696233146	0.1487986797339155	-0.11694348449608123	0.09786660562702275	-0.2452685470544653	0.264413388394554	-0.16955533395545222	0.11527311968465555	-0.12092020752458299	0.2696076984830007	-0.7371375336311029	0.1625527782522584	-0.1320775745118059	0.13986954617817088	-0.36504912485488666	0.9999999999999949	-0.17272376307901338	0.1292111572153675	-0.09254724744591808	0.2112621592649649	-0.2810504247744496	0.10961279608246388	-0.11169489630929669	0.12210635618480374
0.03831584741109408	-0.03819780800131287	0.06776799016661451	-0.05805370437371027	0.08215952392376259	-0.03490962047086029	0.03547720373709377	-0.10599709969621857	0.07787093482466316	-0.07190579362937283	0.09227181129996671	-0.10239010383890802	0.10377322607540836	-0.08743524601256977	0.1384008854317119	-0.08371190150324365	0.11089660613037529	-0.13374089856395588	0.11708034393698522	-0.10264343902195464	0.1315242859839205	-0.16186267748623728	0.19325228380904316	-0.1448176870566515	0.14121271051774453	-0.11645230048561056	0.1473894420524348	-0.5425440500974894	0.31287544249152055	-0.2145761697011751	0.09484807767424218	-0.17272376307901338	0.9999999999999948	-0.6388542760011314	0.13615521309964695	-0.10307284045018915	0.1327167277439094	-0.30378751181329605	0.23197958848169659	-0.1682912292823057
-0.037162496211459194	0.03652232308959005	-0.06722762148822765	0.05715305059824773	-0.08271856169408125	0.03363908262365313	-0.03405445970577207	0.1007835202335834	-0.07740458421157857	0.07135613146572609	-0.08900220053444549	0.09604591011653854	-0.10008944885925666	0.08573801593149884	-0.14251418087016346	0.07917845464092986	-0.10412916205703195	0.12172564781961405	-0.12007417378425402	0.10216854567856119	-0.12721390409998837	0.14136008546516965	-0.18399999751552895	0.1393425898228995	-0.14871929472357723	0.10198076549996098	-0.12548834021499336	0.31452708309459254	-0.57314463797849	0.21511526340385226	-0.08332535148260177	0.1292111572153675	-0.6388542760011314	0.9999999999999944	-0.15338606902215626	0.09047930875553858	-0.12342306012971042	0.21765937010257314	-0.2821726076923635	0.16011814902818236
0.037083055799354024	-0.03728521602952891	0.07109532864316812	-0.060356972482957204	0.0889009907661826	-0.033477975517269255	0.03471796591796522	-0.10328441442431817	0.08180259435569202	-0.07620566297209949	0.0870002438762764	-0.09366943821095848	0.09939813608522548	-0.0899640984439268	0.15663463744942455	-0.0761201611582361	0.0979819104719761	-0.11490767909746874	0.12784986201737003	-0.11564010896017378	0.12237244081404536	-0.12682999940002224	0.15348132693042357	-0.13652033847064124	0.17225597125459965	-0.08553354785982688	0.09040505404966229	-0.1528994814133296	0.1714874611930175	-0.5186248812230375	0.06691393998786291	-0.09254724744591808	0.13615521309964695	-0.15338606902215626	0.9999999999999936	-0.07262489196923197	0.09838304667735649	-0.12233156884418131	0.13197772336678848	-0.7636871314443721
-0.040562041810800586	0.03508651803468254	-0.05810289978723557	0.049397183372244545	-0.06957875417494908	0.03693745023885466	-0.03263943704039901	0.09219116085874851	-0.06472544743357549	0.05975112727853006	-0.1024149590570757	0.09981029658568369	-0.08831458691817662	0.07118664645213775	-0.11154910522794458	0.09808605528526952	-0.10561516921719957	0.10140679086415649	-0.07928811064066192	0.06768051090735551	-0.1875233817966791	0.15479091628340247	-0.10650861907299336	0.0778662878384454	-0.08227482287541371	0.28226289022911977	-0.18017040336709428	0.09981482160275174	-0.08652947065344194	0.1045161718810402	-0.5213191773646345	0.2112621592649649	-0.10307284045018915	0.09047930875553858	-0.07262489196923197	0.9999999999999942	-0.7394400270588073	0.12770725679511785	-0.12829814816662538	0.10031876965868262
0.047771365077457544	-0.044669517959606705	0.07187469849219434	-0.06185475136897642	0.08494882701459062	-0.04420777492341794	0.041176250992589106	-0.11944672221380101	0.080153663734103	-0.07442876127978856	0.11854049091852009	-0.12713309882012325	0.11026808472951866	-0.08943417098694695	0.13461946838776429	-0.11837308209374257	0.1299197413029567	-0.1309875301223352	0.09902713253712767	-0.08627897745936582	0.19886413016024332	-0.21058687384821095	0.13474792027815452	-0.10142487219407675	0.10515274581778941	-0.37512254286451574	0.199803802568087	-0.13358761950237888	0.11307724801801561	-0.14568606186794447	0.2968962082638048	-0.2810504247744496	0.1327167277439094	-0.12342306012971042	0.09838304667735649	-0.7394400270588073	0.9999999999999951	-0.20911668379324413	0.1619856379897016	-0.14367462187497948
-0.029569090606409852	0.02857940643086583	-0.051678965953709216	0.04390360276364359	-0.06345114753570319	0.026841569496387663	-0.02658904673153609	0.07808259381206555	-0.0587735278049378	0.05442995843708932	-0.07106328352206243	0.07565061989669963	-0.075655389944961	0.06468229347996343	-0.10756427259491118	0.06454732716642012	-0.08012584762832353	0.08953165621039985	-0.08397433625711499	0.07166842134985238	-0.10640918538141259	0.11204353659335908	-0.1194608925395757	0.08912875534066521	-0.09731450436397443	0.10801312921248173	-0.09792663932780961	0.16910777028976584	-0.16187145055546856	0.1358780941505202	-0.0885330501972546	0.10961279608246388	-0.30378751181329605	0.21765937010257314	-0.12233156884418131	0.12770725679511785	-0.20911668379324413	0.9999999999999943	-0.8660988946851352	0.1542271480797423
0.02956487949407991	-0.02905200688592693	0.051770184404518554	-0.04418864710433944	0.0632056065522709	-0.026942731812646958	0.02695459302871944	-0.07972617024669618	0.058921632501338826	-0.05468581166513084	0.07091958653530803	-0.07698762311229793	0.07626395480233132	-0.06529308753040075	0.1065395819120841	-0.06499476436027828	0.08093051696145925	-0.09179324340771233	0.08446168924064354	-0.07334981178139842	0.10503874142384169	-0.11615140351148931	0.1192520342914452	-0.09260818673970185	0.09911412405435827	-0.11116255887455087	0.0974075931484382	-0.1799754888840575	0.16553427560923734	-0.15255398065863096	0.08694875961670144	-0.11169489630929669	0.23197958848169659	-0.2821726076923635	0.13197772336678848	-0.12829814816662538	0.1619856379897016	-0.8660988946851352	0.9999999999999947	-0.2010406241922471
-0.05459089797069208	0.053028720374338915	-0.10585005061162416	0.08856384438649163	-0.13472818704363126	0.048849259665492514	-0.04968188136537195	0.14502483927084617	-0.1205161519284321	0.11200624940251563	-0.12757171959985722	0.1314400207274368	-0.1421966508311239	0.12906880109800234	-0.2394905334700329	0.10946000979469857	-0.1378103978015039	0.1544677101443583	-0.17667893869717177	0.1467826736377397	-0.18286813131514612	0.16790607443518435	-0.20872821781459736	0.16223448351911268	-0.21297915771659195	0.1179766721843173	-0.12225586888227004	0.16910612718782306	-0.1878342892043973	0.3016546798122044	-0.09386589362097658	0.12210635618480374	-0.1682912292823057	0.16011814902818236	-0.7636871314443721	0.10031876965868262	-0.14367462187497948	0.1542271480797423	-0.2010406241922471	0.9999999999999942
