1.0000000000000002	-0.347129728956669	0.19542103667007032	-0.10909413033201878	0.09007252078857315	-0.8249247580900585	0.2598608558305487	-0.20573739134720578	0.10226439416150467	-0.0730338967004841	0.1663558630090031	-0.1818655806449688	0.13784367020219818	-0.09750474252249157	0.08142214236729746	-0.131820669612634	0.10885745474375909	-0.06807900201072994	0.0751480951151555	-0.06764438250913839	0.11195961014178663	-0.09107381320440851	0.06492819630981274	-0.058728117701555144	0.05339454011854067	-0.021403883758786504	0.029634327408779148	-0.036843649866363556	0.05876224298857942	-0.053463005818053105	0.02174991976411339	-0.031559848353477006	0.038004360813044	-0.025659042463835546	0.0329465584462533
-0.347129728956669	0.9999999999999996	-0.6911998804029427	0.21672737697404398	-0.18826032822845057	0.2335035888341177	-0.4255639221702018	0.2782671347420881	-0.20409423047753855	0.13202629050436349	-0.12929532296571516	0.19586738863667236	-0.18696922447272032	0.15026874466136408	-0.138869131026451	0.09574437081117873	-0.10830410327284433	0.081239883657702	-0.10033556784971462	0.09313746455596351	-0.10891996309412222	0.08398621852055455	-0.08085171151832325	0.0729236309435492	-0.07265506790780416	0.022981023150193246	-0.03504079474344413	0.04374825649930985	-0.07606933552192038	0.06846175236444986	-0.023605662838931604	0.03648694339997323	-0.0456991514124491	0.031263024365034794	-0.04046192598415001
0.19542103667007032	-0.6911998804029427	0.9999999999999991	-0.3593953538509511	0.18809049351682386	-0.18799061417941443	0.2806890837803074	-0.41998141693994195	0.21092370795854803	-0.14441449310455004	0.11549391537355107	-0.22981455583009436	0.1961923114923284	-0.16498456195141323	0.13667210499204213	-0.0890109146211338	0.09923270659367278	-0.07897622852718486	0.09619840340925515	-0.09310779498240612	0.09880690606481214	-0.0788227662808459	0.07681064658670722	-0.07074609670419353	0.07024324674634613	-0.02152504789090921	0.03319436479000057	-0.041786406584419414	0.07230247314023035	-0.0671274206239832	0.02204720000387957	-0.034779817907325934	0.0431820384219413	-0.02973391991567568	0.03824733812466376
-0.10909413033201878	0.21672737697404398	-0.3593953538509511	0.9999999999999993	-0.5577877239165618	0.09922156503354905	-0.16052714195032863	0.17606041211740037	-0.5971818119352349	0.2917757013033174	-0.08548888272345473	0.1351736864871857	-0.12697494540290707	0.25233639976838973	-0.2442909842780763	0.0663471988478146	-0.08823134643687888	0.0866788647340665	-0.12263213638683884	0.12664481836621913	-0.0835245026010112	0.06856593645097941	-0.08869578465242516	0.08308063575168993	-0.09289211852621722	0.021356941006602893	-0.03663576448127286	0.04644714963264493	-0.08785228474847621	0.08201577013640823	-0.021981095083133118	0.03754420892884722	-0.048124728653349214	0.03372988956540541	-0.04354946894106244
0.09007252078857315	-0.18826032822845057	0.18809049351682386	-0.5577877239165618	0.9999999999999996	-0.08589745061274084	0.12606198693393464	-0.14225888404494597	0.3129414831077687	-0.6537195787294333	0.07828307332746116	-0.12648727324187428	0.10860849601430352	-0.29897814619745344	0.2569676202545147	-0.06208407443614639	0.0835352171167051	-0.08751001753463962	0.12070313380062865	-0.14491562365871857	0.07858467720970916	-0.06623792439991229	0.08651073843314434	-0.08561878674575303	0.09524712037554312	-0.02079413312670793	0.03597117915572908	-0.046228529878249415	0.08671148893207233	-0.08771437032964484	0.021327820671878397	-0.037219132264004716	0.04698355722954472	-0.03337775112742189	0.042588941694898484
-0.8249247580900585	0.2335035888341177	-0.18799061417941443	0.09922156503354905	-0.08589745061274084	0.9999999999999998	-0.38039560197747646	0.19207054961113737	-0.09762486012427433	0.06801798940954779	-0.20948323040932196	0.1617471071691019	-0.1357709136508124	0.08935253906455956	-0.07672178940382392	0.13124732389605553	-0.10885281108268438	0.06431635063885013	-0.07100276869086303	0.06264023462152414	-0.11177364748588006	0.08715045199122284	-0.06140095837329564	0.05462819216175343	-0.04980457367465626	0.02023357298956276	-0.027522499767405378	0.03402026860478466	-0.05478996565200923	0.049321954673185675	-0.020589977847941685	0.029094811627671628	-0.03513099517643365	0.023669649346594948	-0.030438361990997476
0.2598608558305487	-0.4255639221702018	0.2806890837803074	-0.16052714195032863	0.12606198693393464	-0.38039560197747646	0.9999999999999998	-0.6172151677428943	0.1534087428522696	-0.10570043549516867	0.1513327434762529	-0.34665568102016736	0.2595246365181016	-0.1411943000993666	0.11299880490729695	-0.11611880378964916	0.11520638772712175	-0.08343550699598536	0.0944470987841396	-0.08635847301151373	0.11585698948073363	-0.09287709496514111	0.0789263697771552	-0.07131211637759027	0.06698724625758569	-0.023507090516459994	0.034383058408270044	-0.043028642433400884	0.07164359834138982	-0.06562458177168376	0.02400303990652396	-0.03628598623934985	0.044409776748297686	-0.03028356680966145	0.03891609675160092
-0.20573739134720578	0.2782671347420881	-0.41998141693994195	0.17606041211740037	-0.14225888404494597	0.19207054961113737	-0.6172151677428943	0.9999999999999987	-0.1978019190862152	0.11532003477794692	-0.1275552326090605	0.2900522702118056	-0.47535998881034464	0.14724326026589576	-0.1219080958399221	0.09363911970647709	-0.10302433615829049	0.08167452685949943	-0.09429223520745246	0.08474623845293226	-0.10149534794848314	0.08002347166808844	-0.07697495866681994	0.06786471862980842	-0.0656881191803107	0.021036296502358217	-0.03174255617330075	0.03972672300106475	-0.06875537937523427	0.0623351100126156	-0.021555680758973003	0.03309122681024264	-0.04109942294549264	0.028156524878416217	-0.036279755488268894
0.10226439416150467	-0.20409423047753855	0.21092370795854803	-0.5971818119352349	0.3129414831077687	-0.09762486012427433	0.1534087428522696	-0.1978019190862152	0.9999999999999976	-0.4541678102407098	0.08717638925997674	-0.14853373095705774	0.1350647075655122	-0.48100957980119435	0.27475703258744466	-0.06878710331847326	0.09179799780009826	-0.09659560962916257	0.1358344644391655	-0.14763948936294027	0.08592636978118336	-0.0723314941681436	0.09495368905809096	-0.09179065836237742	0.10153928626004245	-0.022437685835044578	0.038749609601038175	-0.049552573537969755	0.09362299414285227	-0.0914741615779632	0.023038547731508208	-0.03988555419288469	0.05065517808625631	-0.035816560246489944	0.04589063195996921
-0.0730338967004841	0.13202629050436349	-0.14441449310455004	0.2917757013033174	-0.6537195787294333	0.06801798940954779	-0.10570043549516867	0.11532003477794692	-0.4541678102407098	0.999999999999998	-0.06852442363280668	0.10244215155686705	-0.09400712791847145	0.2873370398645633	-0.4737246228428198	0.05455816252229733	-0.07783384068867939	0.08769181703039435	-0.13142293412761	0.1577450183835502	-0.07109668041298017	0.06087920845973236	-0.08967330058536316	0.08671402453092025	-0.10733837115198995	0.019927002159097523	-0.0358923113996172	0.04593962118051406	-0.09098431429024816	0.08888269954030399	-0.020499435422343164	0.03647857711681889	-0.04698806755642747	0.03349095480025278	-0.04300737374930045
0.1663558630090031	-0.12929532296571516	0.11549391537355107	-0.08548888272345473	0.07828307332746116	-0.20948323040932196	0.1513327434762529	-0.1275552326090605	0.08717638925997674	-0.06852442363280668	0.9999999999999978	-0.2305446994762959	0.14776985996637623	-0.10555970107234322	0.08806391393319234	-0.7586466128790142	0.25746786779451764	-0.12380169097036195	0.11554343395148259	-0.09721281226281898	0.2577541018553123	-0.24021118478411596	0.1095216450310983	-0.09740969254377012	0.07892536774001413	-0.042711124023208834	0.051405180694021904	-0.06295687834999421	0.09164323528710863	-0.08314527639119496	0.04231835654479659	-0.0553612181014565	0.06330525449330354	-0.041982486854431185	0.05331731658058514
-0.1818655806449688	0.19586738863667236	-0.22981455583009436	0.1351736864871857	-0.12648727324187428	0.1617471071691019	-0.34665568102016736	0.2900522702118056	-0.14853373095705774	0.10244215155686705	-0.2305446994762959	0.9999999999999974	-0.771563071176104	0.15050098162705958	-0.12878988832440305	0.1450629526989453	-0.15168063799679068	0.1091104576944374	-0.11875299726095984	0.09846336571551274	-0.14595418790148987	0.11325258313852118	-0.10095346847094505	0.08524703039609945	-0.07905455792353573	0.027866242626934653	-0.04032200710524754	0.05003559163969003	-0.08553790337477145	0.07545954882612557	-0.028527989157629746	0.04188754796248915	-0.051772743672859355	0.035180744942733475	-0.04538553248027749
0.13784367020219818	-0.18696922447272032	0.1961923114923284	-0.12697494540290707	0.10860849601430352	-0.1357709136508124	0.2595246365181016	-0.47535998881034464	0.1350647075655122	-0.09400712791847145	0.14776985996637623	-0.771563071176104	0.9999999999999998	-0.1610949241967962	0.11548638028486599	-0.11302273380088866	0.11454346814083666	-0.10448246578227924	0.1037408203173469	-0.08823267577441725	0.10923243292408855	-0.09095741188232989	0.0873583398437115	-0.07481460516124092	0.06865159754633414	-0.022540147319208177	0.03378793759058542	-0.042447121901751005	0.072825842108033	-0.06605704425877242	0.02300286355418979	-0.03528842842402705	0.04341452096441413	-0.029770019422185493	0.0381687740996917
-0.09750474252249157	0.15026874466136408	-0.16498456195141323	0.25233639976838973	-0.29897814619745344	0.08935253906455956	-0.1411943000993666	0.14724326026589576	-0.48100957980119435	0.2873370398645633	-0.10555970107234322	0.15050098162705958	-0.1610949241967962	0.9999999999999987	-0.6386150991485009	0.08418832101580632	-0.12755615995990882	0.1528465586728781	-0.26144324621992576	0.23578438460469478	-0.1127730401191092	0.09765577722774041	-0.15763622408815656	0.14492218314578334	-0.17490359042294903	0.03262768684531881	-0.06017194751775018	0.07643867671590278	-0.15506034598570256	0.14164398947977036	-0.03367532994094277	0.06033807770685444	-0.07913130956198354	0.05604048402588523	-0.07258062300748834
0.08142214236729746	-0.138869131026451	0.13667210499204213	-0.2442909842780763	0.2569676202545147	-0.07672178940382392	0.11299880490729695	-0.1219080958399221	0.27475703258744466	-0.4737246228428198	0.08806391393319234	-0.12878988832440305	0.11548638028486599	-0.6386150991485009	0.9999999999999991	-0.07188676617472699	0.10726188996338601	-0.13803582549509572	0.20639225835026523	-0.37687963032703375	0.09522567576356848	-0.0852431568600347	0.13478614508947057	-0.1393629286681171	0.17860227782659932	-0.028568225139935687	0.05293242426505122	-0.06883241806660036	0.13895516782293132	-0.15212584608244664	0.02931033655328509	-0.05383451186309403	0.06880655880517592	-0.05008892668694713	0.06351659586652472
-0.131820669612634	0.09574437081117873	-0.0890109146211338	0.0663471988478146	-0.06208407443614639	0.13124732389605553	-0.11611880378964916	0.09363911970647709	-0.06878710331847326	0.05455816252229733	-0.7586466128790142	0.1450629526989453	-0.11302273380088866	0.08418832101580632	-0.07188676617472699	0.9999999999999968	-0.39599376470713815	0.11957420486620493	-0.10805068125435793	0.08325272219617849	-0.379384092928707	0.24821905402015806	-0.1048912115125205	0.0865062110614796	-0.06875733408769964	0.04270757633176692	-0.045813092809945215	0.05452637024939625	-0.08022166229308801	0.07106946867368003	-0.042568205254810976	0.04800446286397146	-0.05450525738874611	0.03570726947860067	-0.04536417428268123
0.10885745474375909	-0.10830410327284433	0.09923270659367278	-0.08823134643687888	0.0835352171167051	-0.10885281108268438	0.11520638772712175	-0.10302433615829049	0.09179799780009826	-0.07783384068867939	0.25746786779451764	-0.15168063799679068	0.11454346814083666	-0.12755615995990882	0.10726188996338601	-0.39599376470713815	0.9999999999999987	-0.29717313643644716	0.192457850319009	-0.14628479416535414	0.32013007085045436	-0.6235138496229359	0.1948867363325397	-0.1608427816666849	0.11796194180931663	-0.055099972948388226	0.07334518423280892	-0.0900573098830185	0.13620657912124218	-0.12385171229026065	0.054967772922772364	-0.07634290239631583	0.08715810453302886	-0.05842297652395334	0.07341216493439356
-0.06807900201072994	0.081239883657702	-0.07897622852718486	0.0866788647340665	-0.08751001753463962	0.06431635063885013	-0.08343550699598536	0.08167452685949943	-0.09659560962916257	0.08769181703039435	-0.12380169097036195	0.1091104576944374	-0.10448246578227924	0.1528465586728781	-0.13803582549509572	0.11957420486620493	-0.29717313643644716	0.9999999999999988	-0.5952954334346987	0.2303716699639416	-0.15183951529408093	0.17771256470720165	-0.5900642714953318	0.27109530898433304	-0.19442596668340437	0.04212462935681059	-0.080118424646686	0.10441947801061759	-0.21201852984133832	0.17503043210897262	-0.04312565092626569	0.07707974502716194	-0.09879181291864408	0.06965469542275504	-0.08749153000235
0.0751480951151555	-0.10033556784971462	0.09619840340925515	-0.12263213638683884	0.12070313380062865	-0.07100276869086303	0.0944470987841396	-0.09429223520745246	0.1358344644391655	-0.13142293412761	0.11554343395148259	-0.11875299726095984	0.1037408203173469	-0.26144324621992576	0.20639225835026523	-0.10805068125435793	0.192457850319009	-0.5952954334346987	0.999999999999999	-0.4881172679758972	0.14110613294425955	-0.1585950931888607	0.28971303464810944	-0.32766045073313965	0.24605526788468848	-0.043381214930829394	0.08161710489299231	-0.1099327841976722	0.21928008389318496	-0.244680154629194	0.04410319816548049	-0.0829696137348373	0.102468398658894	-0.07617624078392564	0.09336619865538935
-0.06764438250913839	0.09313746455596351	-0.09310779498240612	0.12664481836621913	-0.14491562365871857	0.06264023462152414	-0.08635847301151373	0.08474623845293226	-0.14763948936294027	0.1577450183835502	-0.09721281226281898	0.09846336571551274	-0.08823267577441725	0.23578438460469478	-0.37687963032703375	0.08325272219617849	-0.14628479416535414	0.2303716699639416	-0.4881172679758972	0.999999999999999	-0.11752223255764477	0.11329460938894761	-0.24749955104129395	0.24238350520356142	-0.5676365809446848	0.04224031517757263	-0.08680241127221819	0.11184553663538774	-0.2657013237978464	0.2668777688446376	-0.0436337459648024	0.08407866618579507	-0.11234759783705627	0.08302358923012321	-0.10672739743206902
0.11195961014178663	-0.10891996309412222	0.09880690606481214	-0.0835245026010112	0.07858467720970916	-0.11177364748588006	0.11585698948073363	-0.10149534794848314	0.08592636978118336	-0.07109668041298017	0.2577541018553123	-0.14595418790148987	0.10923243292408855	-0.1127730401191092	0.09522567576356848	-0.379384092928707	0.32013007085045436	-0.15183951529408093	0.14110613294425955	-0.11752223255764477	0.9999999999999983	-0.6375282654875575	0.1447176660801506	-0.12687963197518634	0.09767665059031934	-0.10132362248314804	0.08054406663404436	-0.09216127471405178	0.11797811362250296	-0.10550117542547273	0.09038218131105738	-0.08582469098410664	0.09058306035209432	-0.05744425126466484	0.07248945391472753
-0.09107381320440851	0.08398621852055455	-0.0788227662808459	0.06856593645097941	-0.06623792439991229	0.08715045199122284	-0.09287709496514111	0.08002347166808844	-0.0723314941681436	0.06087920845973236	-0.24021118478411596	0.11325258313852118	-0.09095741188232989	0.09765577722774041	-0.0852431568600347	0.24821905402015806	-0.6235138496229359	0.17771256470720165	-0.1585950931888607	0.11329460938894761	-0.6375282654875575	0.9999999999999974	-0.18504969484162428	0.13068573176939074	-0.09759457173659335	0.06665334388631049	-0.0737777068268814	0.08162121802333407	-0.11794773358182001	0.09972280600640326	-0.06750179283267826	0.07153856954754967	-0.0796060803534704	0.05086997458996792	-0.06456619592596433
0.06492819630981274	-0.08085171151832325	0.07681064658670722	-0.08869578465242516	0.08651073843314434	-0.06140095837329564	0.0789263697771552	-0.07697495866681994	0.09495368905809096	-0.08967330058536316	0.1095216450310983	-0.10095346847094505	0.0873583398437115	-0.15763622408815656	0.13478614508947057	-0.1048912115125205	0.1948867363325397	-0.5900642714953318	0.28971303464810944	-0.24749955104129395	0.1447176660801506	-0.18504969484162428	0.9999999999999982	-0.5940535232094379	0.2080194410292591	-0.046629135573498584	0.09302775048512316	-0.13471073311983503	0.24313788573484632	-0.2210702668283538	0.04722587201923015	-0.09068790334342566	0.11096334143374172	-0.08042831663027941	0.0962554544474087
-0.058728117701555144	0.0729236309435492	-0.07074609670419353	0.08308063575168993	-0.08561878674575303	0.05462819216175343	-0.07131211637759027	0.06786471862980842	-0.09179065836237742	0.08671402453092025	-0.09740969254377012	0.08524703039609945	-0.07481460516124092	0.14492218314578334	-0.1393629286681171	0.0865062110614796	-0.1608427816666849	0.27109530898433304	-0.32766045073313965	0.24238350520356142	-0.12687963197518634	0.13068573176939074	-0.5940535232094379	0.9999999999999986	-0.345698262969303	0.051437754174618724	-0.11536679892048125	0.15434546802898702	-0.508073027505539	0.2745693701376967	-0.05302625746314903	0.10568710485915603	-0.14075884482081508	0.10598383933295061	-0.12948741362139474
0.05339454011854067	-0.07265506790780416	0.07024324674634613	-0.09289211852621722	0.09524712037554312	-0.04980457367465626	0.06698724625758569	-0.0656881191803107	0.10153928626004245	-0.10733837115198995	0.07892536774001413	-0.07905455792353573	0.06865159754633414	-0.17490359042294903	0.17860227782659932	-0.06875733408769964	0.11796194180931663	-0.19442596668340437	0.24605526788468848	-0.5676365809446848	0.09767665059031934	-0.09759457173659335	0.2080194410292591	-0.345698262969303	0.9999999999999981	-0.03956537356578311	0.0834407729282444	-0.11445080868470855	0.28198641287335574	-0.6085531072386878	0.04042059406777001	-0.08268471730379587	0.10563658270547717	-0.08588106316852248	0.1044997268313216
-0.021403883758786504	0.022981023150193246	-0.02152504789090921	0.021356941006602893	-0.02079413312670793	0.02023357298956276	-0.023507090516459994	0.021036296502358217	-0.022437685835044578	0.019927002159097523	-0.042711124023208834	0.027866242626934653	-0.022540147319208177	0.03262768684531881	-0.028568225139935687	0.04270757633176692	-0.055099972948388226	0.04212462935681059	-0.043381214930829394	0.04224031517757263	-0.10132362248314804	0.06665334388631049	-0.046629135573498584	0.051437754174618724	-0.03956537356578311	0.9999999999999976	-0.22873588721101235	0.14404174061056385	-0.06849479186224848	0.05283115618633438	-0.9358720535584135	0.1858433249579116	-0.1415660229319057	0.06101401354215439	-0.07633577977892642
0.029634327408779148	-0.03504079474344413	0.03319436479000057	-0.03663576448127286	0.03597117915572908	-0.027522499767405378	0.034383058408270044	-0.03174255617330075	0.038749609601038175	-0.0358923113996172	0.051405180694021904	-0.04032200710524754	0.03378793759058542	-0.06017194751775018	0.05293242426505122	-0.045813092809945215	0.07334518423280892	-0.080118424646686	0.08161710489299231	-0.08680241127221819	0.08054406663404436	-0.0737777068268814	0.09302775048512316	-0.11536679892048125	0.0834407729282444	-0.22873588721101235	0.9999999999999977	-0.6658672421766271	0.16213518129145155	-0.12375439675679548	0.1854631442016386	-0.5922094956125201	0.2975296218615961	-0.12873485650821928	0.1483580436920159
-0.036843649866363556	0.04374825649930985	-0.041786406584419414	0.04644714963264493	-0.046228529878249415	0.03402026860478466	-0.043028642433400884	0.03972672300106475	-0.049552573537969755	0.04593962118051406	-0.06295687834999421	0.05003559163969003	-0.042447121901751005	0.07643867671590278	-0.06883241806660036	0.05452637024939625	-0.0900573098830185	0.10441947801061759	-0.1099327841976722	0.11184553663538774	-0.09216127471405178	0.08162121802333407	-0.13471073311983503	0.15434546802898702	-0.11445080868470855	0.14404174061056385	-0.6658672421766271	0.9999999999999981	-0.29091499349190636	0.1625711410289466	-0.1533426996271658	0.31814962026394333	-0.5045978867682585	0.1831887339266231	-0.2290673610733064
0.05876224298857942	-0.07606933552192038	0.07230247314023035	-0.08785228474847621	0.08671148893207233	-0.05478996565200923	0.07164359834138982	-0.06875537937523427	0.09362299414285227	-0.09098431429024816	0.09164323528710863	-0.08553790337477145	0.072825842108033	-0.15506034598570256	0.13895516782293132	-0.08022166229308801	0.13620657912124218	-0.21201852984133832	0.21928008389318496	-0.2657013237978464	0.11797811362250296	-0.11794773358182001	0.24313788573484632	-0.508073027505539	0.28198641287335574	-0.06849479186224848	0.16213518129145155	-0.29091499349190636	0.9999999999999984	-0.5908678184746619	0.06864955074117943	-0.15682589948990602	0.18899864052494972	-0.17925421640194283	0.17628788700494036
-0.053463005818053105	0.06846175236444986	-0.0671274206239832	0.08201577013640823	-0.08771437032964484	0.049321954673185675	-0.06562458177168376	0.0623351100126156	-0.0914741615779632	0.08888269954030399	-0.08314527639119496	0.07545954882612557	-0.06605704425877242	0.14164398947977036	-0.15212584608244664	0.07106946867368003	-0.12385171229026065	0.17503043210897262	-0.244680154629194	0.2668777688446376	-0.10550117542547273	0.09972280600640326	-0.2210702668283538	0.2745693701376967	-0.6085531072386878	0.05283115618633438	-0.12375439675679548	0.1625711410289466	-0.5908678184746619	0.9999999999999984	-0.054700729507431385	0.11472783999915029	-0.1575689018691962	0.13026609819825974	-0.1698557954651466
0.02174991976411339	-0.023605662838931604	0.02204720000387957	-0.021981095083133118	0.021327820671878397	-0.020589977847941685	0.02400303990652396	-0.021555680758973003	0.023038547731508208	-0.020499435422343164	0.04231835654479659	-0.028527989157629746	0.02300286355418979	-0.03367532994094277	0.02931033655328509	-0.042568205254810976	0.054967772922772364	-0.04312565092626569	0.04410319816548049	-0.0436337459648024	0.09038218131105738	-0.06750179283267826	0.04722587201923015	-0.05302625746314903	0.04042059406777001	-0.9358720535584135	0.1854631442016386	-0.1533426996271658	0.06864955074117943	-0.054700729507431385	0.999999999999998	-0.23110235426728465	0.13517201804825013	-0.06026464435418016	0.0726893183419822
-0.031559848353477006	0.03648694339997323	-0.034779817907325934	0.03754420892884722	-0.037219132264004716	0.029094811627671628	-0.03628598623934985	0.03309122681024264	-0.03988555419288469	0.03647857711681889	-0.0553612181014565	0.04188754796248915	-0.03528842842402705	0.06033807770685444	-0.05383451186309403	0.04800446286397146	-0.07634290239631583	0.07707974502716194	-0.0829696137348373	0.08407866618579507	-0.08582469098410664	0.07153856954754967	-0.09068790334342566	0.10568710485915603	-0.08268471730379587	0.1858433249579116	-0.5922094956125201	0.31814962026394333	-0.15682589948990602	0.11472783999915029	-0.23110235426728465	0.9999999999999982	-0.6149802218110149	0.1962283803406604	-0.2504160043059185
0.038004360813044	-0.0456991514124491	0.0431820384219413	-0.048124728653349214	0.04698355722954472	-0.03513099517643365	0.044409776748297686	-0.04109942294549264	0.05065517808625631	-0.04698806755642747	0.06330525449330354	-0.051772743672859355	0.04341452096441413	-0.07913130956198354	0.06880655880517592	-0.05450525738874611	0.08715810453302886	-0.09879181291864408	0.102468398658894	-0.11234759783705627	0.09058306035209432	-0.0796060803534704	0.11096334143374172	-0.14075884482081508	0.10563658270547717	-0.1415660229319057	0.2975296218615961	-0.5045978867682585	0.18899864052494972	-0.1575689018691962	0.13517201804825013	-0.6149802218110149	0.9999999999999979	-0.3851313206564563	0.2644455225295169
-0.025659042463835546	0.031263024365034794	-0.02973391991567568	0.03372988956540541	-0.03337775112742189	0.023669649346594948	-0.03028356680966145	0.028156524878416217	-0.035816560246489944	0.03349095480025278	-0.041982486854431185	0.035180744942733475	-0.029770019422185493	0.05604048402588523	-0.05008892668694713	0.03570726947860067	-0.05842297652395334	0.06965469542275504	-0.07617624078392564	0.08302358923012321	-0.05744425126466484	0.05086997458996792	-0.08042831663027941	0.10598383933295061	-0.08588106316852248	0.06101401354215439	-0.12873485650821928	0.1831887339266231	-0.17925421640194283	0.13026609819825974	-0.06026464435418016	0.1962283803406604	-0.3851313206564563	0.9999999999999982	-0.8607102721332661
0.0329465584462533	-0.04046192598415001	0.03824733812466376	-0.04354946894106244	0.042588941694898484	-0.030438361990997476	0.03891609675160092	-0.036279755488268894	0.04589063195996921	-0.04300737374930045	0.05331731658058514	-0.04538553248027749	0.0381687740996917	-0.07258062300748834	0.06351659586652472	-0.04536417428268123	0.07341216493439356	-0.08749153000235	0.09336619865538935	-0.10672739743206902	0.07248945391472753	-0.06456619592596433	0.0962554544474087	-0.12948741362139474	0.1044997268313216	-0.07633577977892642	0.1483580436920159	-0.2290673610733064	0.17628788700494036	-0.1698557954651466	0.0726893183419822	-0.2504160043059185	0.2644455225295169	-0.8607102721332661	0.9999999999999983
