1.0000000000000002	-0.7161442700645155	0.07133096652839269	-0.047010665482233156	0.04897738021847758	-0.6115474608166327	0.32264564056748835	-0.06537346332625445	0.055637751978270804	-0.030976141174234337	0.054565941109631956	-0.06867555391525486	0.06278798966032793	-0.05268362278069272	0.032110329757863994	-0.047350052870309606	0.034041312050976914	-0.03423811443917566	0.0347749295973286	-0.038244204545543774	0.01849178762346657	-0.03155176991474884	0.029497713315050272	-0.022923691435168345	0.019178124893418053	-0.018010978955058845	0.023120701025270994	-0.025217954218628512	0.020557537541377024	-0.017770161928891373
-0.7161442700645155	1.0000000000000007	-0.11085995354976974	0.06760998238973742	-0.07192893266411325	0.33020327774779873	-0.5883613001542408	0.09765204169274407	-0.08260490057617823	0.04436250670999386	-0.06388491581675948	0.09588794292892873	-0.09219163833216323	0.07396659908301198	-0.04621947938768817	0.054140098342666476	-0.043979762687996075	0.045491165322132196	-0.04847986336556217	0.05271282973933279	-0.02451189495131699	0.04004877386921734	-0.03972759280510649	0.03136648112505811	-0.026455901790495832	0.023534359466774776	-0.030583878620923936	0.03291835219419338	-0.028297566707167505	0.024337440862406745
0.07133096652839269	-0.11085995354976974	1.000000000000001	-0.3986011773464926	0.23560494395229323	-0.10899141779160175	0.13140061296239594	-0.7335738585670094	0.30302795350900325	-0.16774611677309748	0.10938984320111818	-0.22159563093193707	0.20753866842377966	-0.2902250275158461	0.15117392999601453	-0.1086403274577157	0.09854661597063923	-0.12159990540152157	0.15262337889548935	-0.18688509613623822	0.057317114945732814	-0.09564081158419183	0.10129755201800608	-0.09655086578994336	0.08165316010408169	-0.05684821534252711	0.07420715528819533	-0.08320921919573873	0.08227074751390515	-0.07641501992541655
-0.047010665482233156	0.06760998238973742	-0.3986011773464926	1.0000000000000009	-0.719435846498547	0.0674509970348032	-0.08582160305166413	0.24349077960572632	-0.4011088156488061	0.22655766857899126	-0.09111816956017876	0.1425634582596404	-0.14972001474901295	0.2474645455359082	-0.2244747232573533	0.08529910073921126	-0.09084787420764424	0.11041020896640444	-0.15828368248729308	0.18331317301385835	-0.05637780976307203	0.08516212930836949	-0.09801482572291756	0.09545966162639502	-0.0841407693721332	0.05388440487243042	-0.07133061551712347	0.07716565085279398	-0.08567014953300989	0.07612498141320961
0.04897738021847758	-0.07192893266411325	0.23560494395229323	-0.719435846498547	1.000000000000001	-0.07192516713055523	0.08596636860627081	-0.21051403828296322	0.2727634903066634	-0.3811026945184834	0.10210302091142098	-0.1657236425927723	0.15514824579997405	-0.31244380545047556	0.2475660649141853	-0.10137632018573449	0.10436879426151956	-0.13322615882429112	0.18408630062088469	-0.2573787096105857	0.06555776321846318	-0.10266372137509246	0.11366216813739992	-0.12057879873808215	0.10496707432938437	-0.0652896276737116	0.08328532384969747	-0.09379675851413838	0.10244807166036782	-0.09912078872745925
-0.6115474608166327	0.33020327774779873	-0.10899141779160175	0.0674509970348032	-0.07192516713055523	1.0000000000000018	-0.6919995588772306	0.10023866027593886	-0.08439201302622028	0.044959489072073616	-0.08727543156391702	0.10482961984145873	-0.09890084629176185	0.07599243087651139	-0.04696032607359926	0.06950574450186334	-0.0502350931661695	0.04973018748744243	-0.050578437902286735	0.0545163845635666	-0.02667606450510157	0.04555933089409832	-0.0430672190418966	0.032914561676196975	-0.027581301628214944	0.025767443733114397	-0.033537794168875305	0.036252684693325224	-0.029665592372377248	0.025412911958249636
0.32264564056748835	-0.5883613001542408	0.13140061296239594	-0.08582160305166413	0.08596636860627081	-0.6919995588772306	1.0000000000000018	-0.14688509259232277	0.10480327237737182	-0.05622516881467522	0.08914906728421332	-0.15263140794181748	0.1229353341385358	-0.09856463028361728	0.05752376482554899	-0.0783270124803224	0.058507304109599444	-0.06069281913467171	0.06262021386282202	-0.06879897352429666	0.031682247084331504	-0.05422742275219481	0.05184845661863338	-0.040738533273232014	0.034063998807295985	-0.03091795718422436	0.04001369051569983	-0.04374047580578817	0.03630596230258051	-0.031533978192492276
-0.06537346332625445	0.09765204169274407	-0.7335738585670094	0.24349077960572632	-0.21051403828296322	0.10023866027593886	-0.14688509259232277	1.0000000000000004	-0.49097769518474677	0.14655490054736217	-0.09844691726492495	0.195686176662455	-0.2639732515363339	0.24296776326018563	-0.140445595328083	0.09181407031409469	-0.08584161550447818	0.10417928724544775	-0.13405387480735606	0.14727574718124906	-0.04855450857413022	0.0801249219666721	-0.08837059837880011	0.0793762588244177	-0.06770383087536129	0.04704989225951274	-0.06339061506975485	0.0693825426448055	-0.0694789982517287	0.061790911063632645
0.055637751978270804	-0.08260490057617823	0.30302795350900325	-0.4011088156488061	0.2727634903066634	-0.08439201302622028	0.10480327237737182	-0.49097769518474677	1.0000000000000004	-0.29197811038598437	0.11014376382033327	-0.20066924418781326	0.20496413171271186	-0.5472801110455436	0.22439963428638898	-0.10631826277635656	0.10852868988641802	-0.14171821431269185	0.21237515869258777	-0.24738474271949712	0.06323001181254514	-0.10320403134391705	0.11895155044078293	-0.12219350352189481	0.10379172340127397	-0.06158265395610644	0.08369491222859517	-0.09262950395824171	0.1028615004469114	-0.09513174225586382
-0.030976141174234337	0.04436250670999386	-0.16774611677309748	0.22655766857899126	-0.3811026945184834	0.044959489072073616	-0.05622516881467522	0.14655490054736217	-0.29197811038598437	1.0000000000000009	-0.07231697529171441	0.1065667804197495	-0.1110509208518491	0.2259771301962206	-0.8000474608256161	0.06784898106613173	-0.07902452178812819	0.10122254393313446	-0.1722344395144865	0.21949058135120394	-0.04757753396528956	0.07327177707448909	-0.09136497730341551	0.09593619970535941	-0.09160174557311991	0.04514930795966582	-0.06330680517151659	0.06806749823799194	-0.08692744283320505	0.07751568993244762
0.054565941109631956	-0.06388491581675948	0.10938984320111818	-0.09111816956017876	0.10210302091142098	-0.08727543156391702	0.08914906728421332	-0.09844691726492495	0.11014376382033327	-0.07231697529171441	1.0000000000000029	-0.3140962458292194	0.20282926150130365	-0.13959531621131152	0.07856823511499506	-0.8218484238420809	0.24512650828697366	-0.1845865690282895	0.11694343863035038	-0.12187999948497502	0.09476564102491813	-0.23176145305479112	0.14512052417808616	-0.08565462964078785	0.0668722426697164	-0.09760092290701694	0.12586402587657233	-0.14365193802390047	0.07569045416695278	-0.0634140602567242
-0.06867555391525486	0.09588794292892873	-0.22159563093193707	0.1425634582596404	-0.1657236425927723	0.10482961984145873	-0.15263140794181748	0.195686176662455	-0.20066924418781326	0.1065667804197495	-0.3140962458292194	1.0000000000000033	-0.8063476429421741	0.2134554928855844	-0.11881227613166222	0.20152786983535695	-0.16038674678439432	0.1586555881068631	-0.14739918884596245	0.13921085967388885	-0.07273544578285872	0.13233397012458567	-0.1361818679848573	0.08956568780166743	-0.07427301893878108	0.0688977683646415	-0.09793520514543194	0.10287938118502168	-0.08143090695928548	0.06683342882437734
0.06278798966032793	-0.09219163833216323	0.20753866842377966	-0.14972001474901295	0.15514824579997405	-0.09890084629176185	0.1229353341385358	-0.2639732515363339	0.20496413171271186	-0.1110509208518491	0.20282926150130365	-0.8063476429421741	1.0000000000000024	-0.30053608297750445	0.11887810702831295	-0.1987929267702633	0.1472946133414797	-0.19097112063009503	0.1577546306967338	-0.15406794276444563	0.07100142587203104	-0.13681034384202875	0.13852032351585253	-0.09554517046808261	0.07752877561888277	-0.06994796583992427	0.09715136536737297	-0.10817625082527133	0.08342016326694954	-0.07072091712334042
-0.05268362278069272	0.07396659908301198	-0.2902250275158461	0.2474645455359082	-0.31244380545047556	0.07599243087651139	-0.09856463028361728	0.24296776326018563	-0.5472801110455436	0.2259771301962206	-0.13959531621131152	0.2134554928855844	-0.30053608297750445	1.0000000000000029	-0.28953914695585153	0.12411239728924267	-0.1475877768073919	0.19182501370130597	-0.4517657280297888	0.2805298756861859	-0.08251097379106291	0.13028872957914955	-0.17164424979683207	0.16319336423012354	-0.14024855228596486	0.07670638830726006	-0.1128152403232549	0.11861328652171454	-0.14670366188738468	0.11905090899011539
0.032110329757863994	-0.04621947938768817	0.15117392999601453	-0.2244747232573533	0.2475660649141853	-0.04696032607359926	0.05752376482554899	-0.140445595328083	0.22439963428638898	-0.8000474608256161	0.07856823511499506	-0.11881227613166222	0.11887810702831295	-0.28953914695585153	1.0000000000000033	-0.07541277166623295	0.08695110862344278	-0.11667826682080269	0.19760405360793384	-0.34871741989430743	0.0518982415034071	-0.08219731191050776	0.1015517584431749	-0.11474168022182778	0.10911937588746431	-0.05000174181741049	0.06988179609159605	-0.07675067478096245	0.09892145292728644	-0.0951489779357078
-0.047350052870309606	0.054140098342666476	-0.1086403274577157	0.08529910073921126	-0.10137632018573449	0.06950574450186334	-0.0783270124803224	0.09181407031409469	-0.10631826277635656	0.06784898106613173	-0.8218484238420809	0.20152786983535695	-0.1987929267702633	0.12411239728924267	-0.07541277166623295	1.000000000000002	-0.38588765120674723	0.168554792928613	-0.1113066359323354	0.10912161192903866	-0.0966925291204881	0.2103806652151084	-0.14542124423117933	0.0790893686363618	-0.06264663027404556	0.09045788295124942	-0.12578810098104753	0.12783145788774	-0.07192887811212755	0.0580537262703081
0.034041312050976914	-0.043979762687996075	0.09854661597063923	-0.09084787420764424	0.10436879426151956	-0.0502350931661695	0.058507304109599444	-0.08584161550447818	0.10852868988641802	-0.07902452178812819	0.24512650828697366	-0.16038674678439432	0.1472946133414797	-0.1475877768073919	0.08695110862344278	-0.38588765120674723	1.0000000000000033	-0.39955495669176944	0.16111905165929136	-0.16057927370466515	0.1446788937765577	-0.6697427149499129	0.2660242673139498	-0.12436674926307621	0.09257785551123891	-0.1477374265845606	0.23073337318911358	-0.25306746471240116	0.10805068296645062	-0.08770944288831792
-0.03423811443917566	0.045491165322132196	-0.12159990540152157	0.11041020896640444	-0.13322615882429112	0.04973018748744243	-0.06069281913467171	0.10417928724544775	-0.14171821431269185	0.10122254393313446	-0.1845865690282895	0.1586555881068631	-0.19097112063009503	0.19182501370130597	-0.11667826682080269	0.168554792928613	-0.39955495669176944	1.0000000000000007	-0.34851425644393236	0.219064421742759	-0.13116313611477648	0.2688972091349839	-0.680368522478246	0.18173248925240731	-0.13700987104248752	0.11872301541478097	-0.23360895718691704	0.23598468210339674	-0.15765521549518535	0.11711547870518269
0.0347749295973286	-0.04847986336556217	0.15262337889548935	-0.15828368248729308	0.18408630062088469	-0.050578437902286735	0.06262021386282202	-0.13405387480735606	0.21237515869258777	-0.1722344395144865	0.11694343863035038	-0.14739918884596245	0.1577546306967338	-0.4517657280297888	0.19760405360793384	-0.1113066359323354	0.16111905165929136	-0.34851425644393236	0.9999999999999999	-0.6382315703698125	0.08324293437530722	-0.14699467609960762	0.21806088241902696	-0.3089117537996869	0.20663925253138465	-0.07875458173563481	0.12593487271905798	-0.14047305307381583	0.19821687609645403	-0.1760142319971001
-0.038244204545543774	0.05271282973933279	-0.18688509613623822	0.18331317301385835	-0.2573787096105857	0.0545163845635666	-0.06879897352429666	0.14727574718124906	-0.24738474271949712	0.21949058135120394	-0.12187999948497502	0.13921085967388885	-0.15406794276444563	0.2805298756861859	-0.34871741989430743	0.10912161192903866	-0.16057927370466515	0.219064421742759	-0.6382315703698125	1.0000000000000007	-0.0902634229139045	0.13963494359572062	-0.2117348566827059	0.24265979044616837	-0.3185320226677029	0.08193106517216621	-0.13117240882424586	0.1354059761119168	-0.22948410603552458	0.19848748967139734
0.01849178762346657	-0.02451189495131699	0.057317114945732814	-0.05637780976307203	0.06555776321846318	-0.02667606450510157	0.031682247084331504	-0.04855450857413022	0.06323001181254514	-0.04757753396528956	0.09476564102491813	-0.07273544578285872	0.07100142587203104	-0.08251097379106291	0.0518982415034071	-0.0966925291204881	0.1446788937765577	-0.13116313611477648	0.08324293437530722	-0.0902634229139045	1.0	-0.21291473570885724	0.13311273883809405	-0.07462545967921617	0.05654022102808352	-0.921647790823751	0.20348567323552127	-0.20192990128904761	0.06951034229164037	-0.05633382964722558
-0.03155176991474884	0.04004877386921734	-0.09564081158419183	0.08516212930836949	-0.10266372137509246	0.04555933089409832	-0.05422742275219481	0.0801249219666721	-0.10320403134391705	0.07327177707448909	-0.23176145305479112	0.13233397012458567	-0.13681034384202875	0.13028872957914955	-0.08219731191050776	0.2103806652151084	-0.6697427149499129	0.2688972091349839	-0.14699467609960762	0.13963494359572062	-0.21291473570885724	0.9999999999999987	-0.3664673557657758	0.12333342507633059	-0.09295697787630176	0.17712880857472157	-0.42216018809875505	0.2719335148070859	-0.11447682453404946	0.0856721395901974
0.029497713315050272	-0.03972759280510649	0.10129755201800608	-0.09801482572291756	0.11366216813739992	-0.0430672190418966	0.05184845661863338	-0.08837059837880011	0.11895155044078293	-0.09136497730341551	0.14512052417808616	-0.1361818679848573	0.13852032351585253	-0.17164424979683207	0.1015517584431749	-0.14542124423117933	0.2660242673139498	-0.680368522478246	0.21806088241902696	-0.2117348566827059	0.13311273883809405	-0.3664673557657758	1.0000000000000002	-0.22963270254093543	0.13800281528511196	-0.13245277874385014	0.25585837123448074	-0.4147976696109848	0.16370247480391334	-0.1259651354740561
-0.022923691435168345	0.03136648112505811	-0.09655086578994336	0.09545966162639502	-0.12057879873808215	0.032914561676196975	-0.040738533273232014	0.0793762588244177	-0.12219350352189481	0.09593619970535941	-0.08565462964078785	0.08956568780166743	-0.09554517046808261	0.16319336423012354	-0.11474168022182778	0.0790893686363618	-0.12436674926307621	0.18173248925240731	-0.3089117537996869	0.24265979044616837	-0.07462545967921617	0.12333342507633059	-0.22963270254093543	0.9999999999999992	-0.519684711472259	0.06936109867840827	-0.12456039336391606	0.1432222241195676	-0.662107810424966	0.3156058424346133
0.019178124893418053	-0.026455901790495832	0.08165316010408169	-0.0841407693721332	0.10496707432938437	-0.027581301628214944	0.034063998807295985	-0.06770383087536129	0.10379172340127397	-0.09160174557311991	0.0668722426697164	-0.07427301893878108	0.07752877561888277	-0.14024855228596486	0.10911937588746431	-0.06264663027404556	0.09257785551123891	-0.13700987104248752	0.20663925253138465	-0.3185320226677029	0.05654022102808352	-0.09295697787630176	0.13800281528511196	-0.519684711472259	0.9999999999999986	-0.05362081938135103	0.08849732646663831	-0.10399132204810475	0.32278446545843714	-0.7017689367660866
-0.018010978955058845	0.023534359466774776	-0.05684821534252711	0.05388440487243042	-0.0652896276737116	0.025767443733114397	-0.03091795718422436	0.04704989225951274	-0.06158265395610644	0.04514930795966582	-0.09760092290701694	0.0688977683646415	-0.06994796583992427	0.07670638830726006	-0.05000174181741049	0.09045788295124942	-0.1477374265845606	0.11872301541478097	-0.07875458173563481	0.08193106517216621	-0.921647790823751	0.17712880857472157	-0.13245277874385014	0.06936109867840827	-0.05362081938135103	0.9999999999999981	-0.2578542338701626	0.17875198617293347	-0.06710037468868035	0.052024647576315565
0.023120701025270994	-0.030583878620923936	0.07420715528819533	-0.07133061551712347	0.08328532384969747	-0.033537794168875305	0.04001369051569983	-0.06339061506975485	0.08369491222859517	-0.06330680517151659	0.12586402587657233	-0.09793520514543194	0.09715136536737297	-0.1128152403232549	0.06988179609159605	-0.12578810098104753	0.23073337318911358	-0.23360895718691704	0.12593487271905798	-0.13117240882424586	0.20348567323552127	-0.42216018809875505	0.25585837123448074	-0.12456039336391606	0.08849732646663831	-0.2578542338701626	0.9999999999999981	-0.7610463958519558	0.11887306384251314	-0.09151081873644068
-0.025217954218628512	0.03291835219419338	-0.08320921919573873	0.07716565085279398	-0.09379675851413838	0.036252684693325224	-0.04374047580578817	0.0693825426448055	-0.09262950395824171	0.06806749823799194	-0.14365193802390047	0.10287938118502168	-0.10817625082527133	0.11861328652171454	-0.07675067478096245	0.12783145788774	-0.25306746471240116	0.23598468210339674	-0.14047305307381583	0.1354059761119168	-0.20192990128904761	0.2719335148070859	-0.4147976696109848	0.1432222241195676	-0.10399132204810475	0.17875198617293347	-0.7610463958519558	0.9999999999999981	-0.1595746838186134	0.10364402819510547
0.020557537541377024	-0.028297566707167505	0.08227074751390515	-0.08567014953300989	0.10244807166036782	-0.029665592372377248	0.03630596230258051	-0.0694789982517287	0.1028615004469114	-0.08692744283320505	0.07569045416695278	-0.08143090695928548	0.08342016326694954	-0.14670366188738468	0.09892145292728644	-0.07192887811212755	0.10805068296645062	-0.15765521549518535	0.19821687609645403	-0.22948410603552458	0.06951034229164037	-0.11447682453404946	0.16370247480391334	-0.662107810424966	0.32278446545843714	-0.06710037468868035	0.11887306384251314	-0.1595746838186134	0.9999999999999982	-0.5931115836324332
-0.017770161928891373	0.024337440862406745	-0.07641501992541655	0.07612498141320961	-0.09912078872745925	0.025412911958249636	-0.031533978192492276	0.061790911063632645	-0.09513174225586382	0.07751568993244762	-0.0634140602567242	0.06683342882437734	-0.07072091712334042	0.11905090899011539	-0.0951489779357078	0.0580537262703081	-0.08770944288831792	0.11711547870518269	-0.1760142319971001	0.19848748967139734	-0.05633382964722558	0.0856721395901974	-0.1259651354740561	0.3156058424346133	-0.7017689367660866	0.052024647576315565	-0.09151081873644068	0.10364402819510547	-0.5931115836324332	0.9999999999999979
