1.0	-0.7619971388836742	0.14682211946876794	-0.13896731255489636	0.09643743285811375	-0.4860935722958456	0.2557267046096313	-0.14460575619538169	0.11679992625202466	-0.08799060312601518	0.11813547330653093	-0.22042329446120343	0.13691707784963442	-0.10605835940866964	0.14532902984478158	-0.08048426205139664	0.10089833037156667	-0.10521705822392256	0.0812236763719161	-0.06993901845253753	0.14690984138003405	-0.07868268690286011	0.08330406189691085	-0.054550846441840425	0.054523133899560025	-0.0502109090324498	0.052195380257459054	-0.05350587013553376	0.046620032985431124	-0.038404219358135004	0.04604783553578619	-0.044903584346072986	0.05864877420085555	-0.04562084861078041	0.04156791810097907
-0.7619971388836742	1.0000000000000004	-0.20456894452350288	0.15103801775319273	-0.10941613517207371	0.28302269577331735	-0.4225413959519657	0.15253919735651483	-0.1306279808812424	0.09590867893318951	-0.11500366105369664	0.2245457445856271	-0.15490852030177624	0.11381866016597833	-0.16265294125409305	0.0764950334657367	-0.11077951251370909	0.11124873461511448	-0.08872047356279239	0.07561539181504322	-0.15201687244542791	0.08319470103994601	-0.09014310149999469	0.05877877321463806	-0.05923968146341087	0.05268205487588044	-0.05566468233980206	0.05698774045634309	-0.05029987429491135	0.041335638425068426	-0.04893336559289179	0.04760701789280688	-0.06299977711898748	0.04880124894438177	-0.044877869105059184
0.14682211946876794	-0.20456894452350288	1.0000000000000004	-0.8732747684265663	0.20714563178104076	-0.1645577767688674	0.13502933585527613	-0.20675078109613435	0.15895196373686118	-0.20413169035877954	0.06913403452927594	-0.13379833241649716	0.13927820452286008	-0.13412219964931096	0.14726448762727745	-0.047950885297879296	0.08240566434498611	-0.09399784362251759	0.07716826320652244	-0.06952305261901753	0.09577530307918151	-0.06415967666136994	0.07037623162130036	-0.05145691570455274	0.051198386711204504	-0.042023709804032056	0.043392163026208234	-0.045357165721510335	0.042516384402405454	-0.03573602021520075	0.03823202386141547	-0.03762881948437264	0.04942312090287433	-0.04178527449865761	0.0377959221592782
-0.13896731255489636	0.15103801775319273	-0.8732747684265663	1.0000000000000007	-0.2992439613760843	0.13907202479042724	-0.12385825205933536	0.16331628405315213	-0.17001136060269578	0.19555588781303918	-0.0643923814208257	0.11569851727535103	-0.13012851373813042	0.12846306714453418	-0.15410721397772467	0.044328069947875165	-0.07737221351362616	0.08594431908994776	-0.07620258838874137	0.06786576072719785	-0.09046918776102418	0.059801030927887175	-0.06674197813814596	0.0498222242650009	-0.05031838544234683	0.039308522724574746	-0.040908796571370774	0.042754281207457806	-0.04125845674953699	0.034635063859226004	-0.03611842165426366	0.03540601489473501	-0.04698504636147893	0.04011729933923028	-0.03675710926684757
0.09643743285811375	-0.10941613517207371	0.20714563178104076	-0.2992439613760843	1.0000000000000007	-0.15905936565439263	0.11041475668660135	-0.186994690392787	0.23236669444096508	-0.8326461794386909	0.06943668852344385	-0.12540911743994462	0.13457512307359415	-0.20214173116952747	0.19025657330075002	-0.04867418315136324	0.08460387090053875	-0.10035362294889309	0.09216105699995825	-0.08864676135022141	0.09808706721326844	-0.06828779600501365	0.07458440355285488	-0.06190956349380864	0.06136325037293352	-0.04612366319393431	0.04665147793990582	-0.04933957224436021	0.04972252330550618	-0.0426958766230115	0.04137046241564273	-0.04092319397277778	0.05336330929078195	-0.049267413284963237	0.0441833595821019
-0.4860935722958456	0.28302269577331735	-0.1645577767688674	0.13907202479042724	-0.15905936565439263	1.0000000000000009	-0.36290131018860733	0.1997508730207764	-0.20306465948069252	0.13378625327389437	-0.31709483942583266	0.24712033210203696	-0.2136036879711273	0.1763176464393162	-0.2926152865839366	0.18830471329511664	-0.17366967175979686	0.170379958170669	-0.15434617138529882	0.12998596579563043	-0.3687297014361689	0.13942731866103542	-0.15322092097979284	0.10135613120341191	-0.10417708465498335	0.09187523396260552	-0.09639758035563202	0.09783629462295527	-0.08854341694659872	0.07237462102392063	-0.08672879006851378	0.08250726655729423	-0.11014545839982455	0.085030359926013	-0.07954466633706132
0.2557267046096313	-0.4225413959519657	0.13502933585527613	-0.12385825205933536	0.11041475668660135	-0.36290131018860733	1.000000000000002	-0.2614212072142435	0.15895665037648687	-0.10293480870145272	0.12383467272499508	-0.684588220197922	0.2406378015805413	-0.14848575895774235	0.1789351853899144	-0.08605893002429733	0.16173535475074907	-0.16908321042664626	0.10726985710866335	-0.09216137398880392	0.1572788059339443	-0.11794238426590604	0.1187994487985965	-0.07292372673186945	0.07109355846953924	-0.06876259964301319	0.0728851224933613	-0.07487001913894208	0.06122607560750504	-0.050373448757944195	0.062085474558455526	-0.06226455342030648	0.08021276119937673	-0.06048743985093658	0.0541273654342312
-0.14460575619538169	0.15253919735651483	-0.20675078109613435	0.16331628405315213	-0.186994690392787	0.1997508730207764	-0.2614212072142435	1.0000000000000018	-0.4466975915573615	0.17326313468446394	-0.10271441474581104	0.25598685347134986	-0.6622901345416428	0.26184063702885413	-0.2720709057301027	0.07187253226741865	-0.1891243149010335	0.21394302961780207	-0.15019657243715812	0.12665241259295917	-0.14555161780928605	0.1295373609243532	-0.15162722469437945	0.09671309830099355	-0.0953789422696171	0.078337267591501	-0.08590002673873937	0.09001119902108537	-0.0793363877246448	0.06561259558991099	-0.07275792278415603	0.07275149720107647	-0.09848620169370428	0.07697591875533943	-0.06985023714868335
0.11679992625202466	-0.1306279808812424	0.15895196373686118	-0.17001136060269578	0.23236669444096508	-0.20306465948069252	0.15895665037648687	-0.4466975915573615	1.000000000000001	-0.34912064752536204	0.09120736012714968	-0.18932357567273148	0.24893924568119982	-0.6424722184659529	0.288419678726829	-0.06431088375859872	0.12924221908379646	-0.1593701902541274	0.1475704861604919	-0.13803957856333937	0.1290224159509711	-0.10136413995795773	0.11179291568071949	-0.09633535895440795	0.09328075997684339	-0.06631465262760443	0.06816278130639263	-0.07268210947412611	0.07445020151024281	-0.0641633344595942	0.059474735357955555	-0.05956829827157378	0.07813770999956215	-0.07354448624242774	0.065630405279229
-0.08799060312601518	0.09590867893318951	-0.20413169035877954	0.19555588781303918	-0.8326461794386909	0.13378625327389437	-0.10293480870145272	0.17326313468446394	-0.34912064752536204	0.9999999999999998	-0.061872087749048246	0.11220472017870615	-0.13460476449950126	0.2038154603940492	-0.23344835410608525	0.04326042148489552	-0.08053235078360618	0.09364912118294678	-0.09474805877872823	0.08954192104026902	-0.08808799955545432	0.06379543041108839	-0.07117153809621074	0.06125835796123567	-0.06222643492750242	0.04269621342976229	-0.04382168623920774	0.04648213498868872	-0.04898704432490843	0.042022954247193274	-0.03869315460381313	0.03831425934994498	-0.05065431933929593	0.04769825597666595	-0.04358851573740817
0.11813547330653093	-0.11500366105369664	0.06913403452927594	-0.0643923814208257	0.06943668852344385	-0.31709483942583266	0.12383467272499508	-0.10271441474581104	0.09120736012714968	-0.061872087749048246	1.0000000000000002	-0.1391420451918771	0.10088693630351353	-0.08556288080524053	0.12879879922428406	-0.783679971752015	0.09672733086405404	-0.0985888677994281	0.07612140384702834	-0.06566675773734126	0.31246130835704683	-0.09006676603670088	0.08643831736737205	-0.05311937598495472	0.05256705288810199	-0.059460995014510985	0.05816507964812003	-0.05819289102208562	0.04659287244705435	-0.03806006051934617	0.05243224389731783	-0.05048651705715987	0.06287963218191782	-0.046501928946039425	0.04159631376360959
-0.22042329446120343	0.2245457445856271	-0.13379833241649716	0.11569851727535103	-0.12540911743994462	0.24712033210203696	-0.684588220197922	0.25598685347134986	-0.18932357567273148	0.11220472017870615	-0.1391420451918771	0.9999999999999998	-0.42718898365820895	0.1691669032060899	-0.21972445647609568	0.09343511667256345	-0.2539904384160299	0.21291081019437705	-0.1324461237801381	0.11031426782074064	-0.17769760587513989	0.1487314223033642	-0.15578671890782103	0.08838324174176522	-0.08658544529137216	0.082531589644156	-0.09179990130776312	0.09309734722159252	-0.0745032671318137	0.06068812481797237	-0.07621194779163057	0.07658788986253746	-0.10100570172487275	0.0727355052630738	-0.0656847650039
0.13691707784963442	-0.15490852030177624	0.13927820452286008	-0.13012851373813042	0.13457512307359415	-0.2136036879711273	0.2406378015805413	-0.6622901345416428	0.24893924568119982	-0.13460476449950126	0.10088693630351353	-0.42718898365820895	0.9999999999999988	-0.27541201298983936	0.22153357605391963	-0.07209399498421465	0.21231407300444916	-0.3493243132539055	0.14332991074955145	-0.12235416068806275	0.1395686392918595	-0.14698662140149457	0.1615813231430251	-0.0961348114284771	0.0905349315551969	-0.0828225134835545	0.09052190747730778	-0.09631782067614755	0.07702553224723528	-0.06375253570736839	0.07479036016111924	-0.07680934788402441	0.10096664421839588	-0.07639009540850014	0.06722110826210811
-0.10605835940866964	0.11381866016597833	-0.13412219964931096	0.12846306714453418	-0.20214173116952747	0.1763176464393162	-0.14848575895774235	0.26184063702885413	-0.6424722184659529	0.2038154603940492	-0.08556288080524053	0.1691669032060899	-0.27541201298983936	1.000000000000003	-0.556868934829498	0.06023147420364193	-0.13202800676664603	0.1567352304744096	-0.21113901864026613	0.17714742984041248	-0.12279055585526283	0.10213734065708874	-0.11683488612697362	0.11800787313961227	-0.1191430565139417	0.06687094196228204	-0.06981157317203754	0.0752373328071598	-0.08863480397723786	0.07656611703481708	-0.06065719968073324	0.061021314725825164	-0.08181327628360553	0.08438232644004437	-0.07791092916494963
0.14532902984478158	-0.16265294125409305	0.14726448762727745	-0.15410721397772467	0.19025657330075002	-0.2926152865839366	0.1789351853899144	-0.2720709057301027	0.288419678726829	-0.23344835410608525	0.12879879922428406	-0.21972445647609568	0.22153357605391963	-0.556868934829498	1.0000000000000022	-0.09097549319804515	0.15970742748912395	-0.19749682219133452	0.2405355148210805	-0.3484277877484615	0.1839737590327271	-0.13579987722600165	0.1479406352570705	-0.1683310408071696	0.17293758836556436	-0.09459417397244142	0.09377992371079899	-0.10187584208231641	0.12460321667183571	-0.11465050244482033	0.08328325062096117	-0.08378118534950355	0.10904572117113612	-0.1240689904593672	0.11113205530990307
-0.08048426205139664	0.0764950334657367	-0.047950885297879296	0.044328069947875165	-0.04867418315136324	0.18830471329511664	-0.08605893002429733	0.07187253226741865	-0.06431088375859872	0.04326042148489552	-0.783679971752015	0.09343511667256345	-0.07209399498421465	0.06023147420364193	-0.09097549319804515	1.000000000000003	-0.07950844269933428	0.07513164790161185	-0.05548247484302759	0.047502972872934666	-0.525840398505128	0.07635000361023214	-0.0699297957858057	0.03914233216902462	-0.03842458962807624	0.045984524485457125	-0.04662849445283246	0.04554019028645389	-0.034397156352677136	0.027894640989351106	-0.04071218092010689	0.039460918962528575	-0.04903890688379055	0.03436869540405686	-0.030594198058886662
0.10089833037156667	-0.11077951251370909	0.08240566434498611	-0.07737221351362616	0.08460387090053875	-0.17366967175979686	0.16173535475074907	-0.1891243149010335	0.12924221908379646	-0.08053235078360618	0.09672733086405404	-0.2539904384160299	0.21231407300444916	-0.13202800676664603	0.15970742748912395	-0.07950844269933428	1.0000000000000018	-0.6458701350586981	0.15875630440066738	-0.13112226994174347	0.14646321880127675	-0.5458481229656246	0.29141659161554023	-0.1192729645503493	0.1028636455366136	-0.15131623720658405	0.17928734292145732	-0.17422350122289318	0.0951719588661595	-0.07609705332341093	0.12524161010621088	-0.14593739535834918	0.1645701363809332	-0.09833538099567925	0.08112590873772216
-0.10521705822392256	0.11124873461511448	-0.09399784362251759	0.08594431908994776	-0.10035362294889309	0.170379958170669	-0.16908321042664626	0.21394302961780207	-0.1593701902541274	0.09364912118294678	-0.0985888677994281	0.21291081019437705	-0.3493243132539055	0.1567352304744096	-0.19749682219133452	0.07513164790161185	-0.6458701350586981	1.0000000000000002	-0.24249069556681097	0.16066095998894675	-0.14955438115975947	0.29366108533028235	-0.41971179469074565	0.1476096501110364	-0.13007269038083324	0.1385428410310972	-0.1740916239467924	0.1851341299899667	-0.11730866680342417	0.09183349855699485	-0.13009338305702095	0.1382455882785286	-0.19476424792403	0.11484637964520064	-0.09893437664945087
0.0812236763719161	-0.08872047356279239	0.07716826320652244	-0.07620258838874137	0.09216105699995825	-0.15434617138529882	0.10726985710866335	-0.15019657243715812	0.1475704861604919	-0.09474805877872823	0.07612140384702834	-0.1324461237801381	0.14332991074955145	-0.21113901864026613	0.2405355148210805	-0.05548247484302759	0.15875630440066738	-0.24249069556681097	0.9999999999999966	-0.6371443832084891	0.11280738422537435	-0.14250356931306543	0.1658848223047962	-0.5084964456727632	0.3053557931638147	-0.09326865729810789	0.09610024540015549	-0.11531099008781506	0.2151263438272395	-0.19543910761136563	0.08096405344556168	-0.08814717254290086	0.11976481209324352	-0.21001622411418427	0.1699582057866977
-0.06993901845253753	0.07561539181504322	-0.06952305261901753	0.06786576072719785	-0.08864676135022141	0.12998596579563043	-0.09216137398880392	0.12665241259295917	-0.13803957856333937	0.08954192104026902	-0.06566675773734126	0.11031426782074064	-0.12235416068806275	0.17714742984041248	-0.3484277877484615	0.047502972872934666	-0.13112226994174347	0.16066095998894675	-0.6371443832084891	0.9999999999999983	-0.09762899742125059	0.11310545959260314	-0.13918814049433914	0.30178687150930755	-0.5255464412938204	0.0770576529274123	-0.08076532934015981	0.09497843903388949	-0.20905547711171596	0.19765856238988833	-0.06920329969793777	0.07347480824936589	-0.10397344900963204	0.17574507704104192	-0.19310617822062165
0.14690984138003405	-0.15201687244542791	0.09577530307918151	-0.09046918776102418	0.09808706721326844	-0.3687297014361689	0.1572788059339443	-0.14555161780928605	0.1290224159509711	-0.08808799955545432	0.31246130835704683	-0.17769760587513989	0.1395686392918595	-0.12279055585526283	0.1839737590327271	-0.525840398505128	0.14646321880127675	-0.14955438115975947	0.11280738422537435	-0.09762899742125059	0.999999999999999	-0.16707446272192245	0.14028758304955413	-0.08061206668316541	0.07883382165492155	-0.0996054296682792	0.0967170866021701	-0.09500185960026726	0.07105430950088344	-0.05778697350704538	0.08569763939677962	-0.0832480166879273	0.10092677140189416	-0.07165340572990428	0.06326449305984277
-0.07868268690286011	0.08319470103994601	-0.06415967666136994	0.059801030927887175	-0.06828779600501365	0.13942731866103542	-0.11794238426590604	0.1295373609243532	-0.10136413995795773	0.06379543041108839	-0.09006676603670088	0.1487314223033642	-0.14698662140149457	0.10213734065708874	-0.13579987722600165	0.07635000361023214	-0.5458481229656246	0.29366108533028235	-0.14250356931306543	0.11310545959260314	-0.16707446272192245	0.9999999999999986	-0.590592310782589	0.1204045487399168	-0.10513629267271257	0.19110401499932025	-0.35003265892396596	0.24493036941501226	-0.10540865217825458	0.07871999766394176	-0.17500439615268762	0.20139047853999317	-0.24694872776587595	0.10713787596130875	-0.08891949949981683
0.08330406189691085	-0.09014310149999469	0.07037623162130036	-0.06674197813814596	0.07458440355285488	-0.15322092097979284	0.1187994487985965	-0.15162722469437945	0.11179291568071949	-0.07117153809621074	0.08643831736737205	-0.15578671890782103	0.1615813231430251	-0.11683488612697362	0.1479406352570705	-0.0699297957858057	0.29141659161554023	-0.41971179469074565	0.1658848223047962	-0.13918814049433914	0.14028758304955413	-0.590592310782589	0.9999999999999989	-0.17292432005246258	0.1275011609605854	-0.20387389198538128	0.24534485101138445	-0.45260294126359535	0.12447724607561216	-0.09560406839698443	0.16601583551014276	-0.21070531307819593	0.26027271633363447	-0.13095523528183772	0.10236392830156144
-0.054550846441840425	0.05877877321463806	-0.05145691570455274	0.0498222242650009	-0.06190956349380864	0.10135613120341191	-0.07292372673186945	0.09671309830099355	-0.09633535895440795	0.06125835796123567	-0.05311937598495472	0.08838324174176522	-0.0961348114284771	0.11800787313961227	-0.1683310408071696	0.03914233216902462	-0.1192729645503493	0.1476096501110364	-0.5084964456727632	0.30178687150930755	-0.08061206668316541	0.1204045487399168	-0.17292432005246258	0.9999999999999982	-0.6032374351656633	0.07918496290827008	-0.08448757850536912	0.10818788705620778	-0.4256610603164854	0.2476442495691625	-0.069995507470754	0.0783228193840301	-0.11420914446722828	0.24010543769525375	-0.230327469087964
0.054523133899560025	-0.05923968146341087	0.051198386711204504	-0.05031838544234683	0.06136325037293352	-0.10417708465498335	0.07109355846953924	-0.0953789422696171	0.09328075997684339	-0.06222643492750242	0.05256705288810199	-0.08658544529137216	0.0905349315551969	-0.1191430565139417	0.17293758836556436	-0.03842458962807624	0.1028636455366136	-0.13007269038083324	0.3053557931638147	-0.5255464412938204	0.07883382165492155	-0.10513629267271257	0.1275011609605854	-0.6032374351656633	0.9999999999999993	-0.07371171881969145	0.07523402725025934	-0.09594410680194383	0.2605030102694813	-0.3987320434239231	0.06376765535943194	-0.07165619893391656	0.1012627394566939	-0.24367150443352972	0.23380581459261018
-0.0502109090324498	0.05268205487588044	-0.042023709804032056	0.039308522724574746	-0.04612366319393431	0.09187523396260552	-0.06876259964301319	0.078337267591501	-0.06631465262760443	0.04269621342976229	-0.059460995014510985	0.082531589644156	-0.0828225134835545	0.06687094196228204	-0.09459417397244142	0.045984524485457125	-0.15131623720658405	0.1385428410310972	-0.09326865729810789	0.0770576529274123	-0.0996054296682792	0.19110401499932025	-0.20387389198538128	0.07918496290827008	-0.07371171881969145	0.9999999999999974	-0.4871882401586348	0.21510982499668693	-0.08617452869137723	0.062043911150827816	-0.7416498093853499	0.31572572526130294	-0.26758438726372674	0.09358369787051724	-0.07512586146436526
0.052195380257459054	-0.05566468233980206	0.043392163026208234	-0.040908796571370774	0.04665147793990582	-0.09639758035563202	0.0728851224933613	-0.08590002673873937	0.06816278130639263	-0.04382168623920774	0.05816507964812003	-0.09179990130776312	0.09052190747730778	-0.06981157317203754	0.09377992371079899	-0.04662849445283246	0.17928734292145732	-0.1740916239467924	0.09610024540015549	-0.08076532934015981	0.0967170866021701	-0.35003265892396596	0.24534485101138445	-0.08448757850536912	0.07523402725025934	-0.4871882401586348	0.9999999999999972	-0.39171024625331896	0.08686214533678076	-0.06327725220951752	0.3030321414425162	-0.5918945012488294	0.2911875097568425	-0.09851778828677235	0.0744452426126315
-0.05350587013553376	0.05698774045634309	-0.045357165721510335	0.042754281207457806	-0.04933957224436021	0.09783629462295527	-0.07487001913894208	0.09001119902108537	-0.07268210947412611	0.04648213498868872	-0.05819289102208562	0.09309734722159252	-0.09631782067614755	0.0752373328071598	-0.10187584208231641	0.04554019028645389	-0.17422350122289318	0.1851341299899667	-0.11531099008781506	0.09497843903388949	-0.09500185960026726	0.24493036941501226	-0.45260294126359535	0.10818788705620778	-0.09594410680194383	0.21510982499668693	-0.39171024625331896	0.9999999999999974	-0.12440869916526157	0.08356510714138671	-0.2143674086174745	0.2699714510907948	-0.6909239733932347	0.13876854808701125	-0.10378092865937076
0.046620032985431124	-0.05029987429491135	0.042516384402405454	-0.04125845674953699	0.04972252330550618	-0.08854341694659872	0.06122607560750504	-0.0793363877246448	0.07445020151024281	-0.04898704432490843	0.04659287244705435	-0.0745032671318137	0.07702553224723528	-0.08863480397723786	0.12460321667183571	-0.034397156352677136	0.0951719588661595	-0.11730866680342417	0.2151263438272395	-0.20905547711171596	0.07105430950088344	-0.10540865217825458	0.12447724607561216	-0.4256610603164854	0.2605030102694813	-0.08617452869137723	0.08686214533678076	-0.12440869916526157	0.9999999999999981	-0.4529674924085715	0.0739304774168506	-0.09003032267170491	0.13910467269625948	-0.6636974692193893	0.3060092398175566
-0.038404219358135004	0.041335638425068426	-0.03573602021520075	0.034635063859226004	-0.0426958766230115	0.07237462102392063	-0.050373448757944195	0.06561259558991099	-0.0641633344595942	0.042022954247193274	-0.03806006051934617	0.06068812481797237	-0.06375253570736839	0.07656611703481708	-0.11465050244482033	0.027894640989351106	-0.07609705332341093	0.09183349855699485	-0.19543910761136563	0.19765856238988833	-0.05778697350704538	0.07871999766394176	-0.09560406839698443	0.2476442495691625	-0.3987320434239231	0.062043911150827816	-0.06327725220951752	0.08356510714138671	-0.4529674924085715	0.9999999999999982	-0.05466453856914656	0.06273516986395405	-0.09666041414880427	0.3057466408076336	-0.7048903977321239
0.04604783553578619	-0.04893336559289179	0.03823202386141547	-0.03611842165426366	0.04137046241564273	-0.08672879006851378	0.062085474558455526	-0.07275792278415603	0.059474735357955555	-0.03869315460381313	0.05243224389731783	-0.07621194779163057	0.07479036016111924	-0.06065719968073324	0.08328325062096117	-0.04071218092010689	0.12524161010621088	-0.13009338305702095	0.08096405344556168	-0.06920329969793777	0.08569763939677962	-0.17500439615268762	0.16601583551014276	-0.069995507470754	0.06376765535943194	-0.7416498093853499	0.3030321414425162	-0.2143674086174745	0.0739304774168506	-0.05466453856914656	0.9999999999999987	-0.5326169792851176	0.22682417901790802	-0.08534525434322912	0.06428132955082287
-0.044903584346072986	0.04760701789280688	-0.03762881948437264	0.03540601489473501	-0.04092319397277778	0.08250726655729423	-0.06226455342030648	0.07275149720107647	-0.05956829827157378	0.03831425934994498	-0.05048651705715987	0.07658788986253746	-0.07680934788402441	0.061021314725825164	-0.08378118534950355	0.039460918962528575	-0.14593739535834918	0.1382455882785286	-0.08814717254290086	0.07347480824936589	-0.0832480166879273	0.20139047853999317	-0.21070531307819593	0.0783228193840301	-0.07165619893391656	0.31572572526130294	-0.5918945012488294	0.2699714510907948	-0.09003032267170491	0.06273516986395405	-0.5326169792851176	0.9999999999999993	-0.4529576678071717	0.10342878823949515	-0.07766924051269763
0.05864877420085555	-0.06299977711898748	0.04942312090287433	-0.04698504636147893	0.05336330929078195	-0.11014545839982455	0.08021276119937673	-0.09848620169370428	0.07813770999956215	-0.05065431933929593	0.06287963218191782	-0.10100570172487275	0.10096664421839588	-0.08181327628360553	0.10904572117113612	-0.04903890688379055	0.1645701363809332	-0.19476424792403	0.11976481209324352	-0.10397344900963204	0.10092677140189416	-0.24694872776587595	0.26027271633363447	-0.11420914446722828	0.1012627394566939	-0.26758438726372674	0.2911875097568425	-0.6909239733932347	0.13910467269625948	-0.09666041414880427	0.22682417901790802	-0.4529576678071717	0.9999999999999987	-0.20599745384365287	0.11908618917584897
-0.04562084861078041	0.04880124894438177	-0.04178527449865761	0.04011729933923028	-0.049267413284963237	0.085030359926013	-0.06048743985093658	0.07697591875533943	-0.07354448624242774	0.04769825597666595	-0.046501928946039425	0.0727355052630738	-0.07639009540850014	0.08438232644004437	-0.1240689904593672	0.03436869540405686	-0.09833538099567925	0.11484637964520064	-0.21001622411418427	0.17574507704104192	-0.07165340572990428	0.10713787596130875	-0.13095523528183772	0.24010543769525375	-0.24367150443352972	0.09358369787051724	-0.09851778828677235	0.13876854808701125	-0.6636974692193893	0.3057466408076336	-0.08534525434322912	0.10342878823949515	-0.20599745384365287	0.9999999999999987	-0.5523067803729607
0.04156791810097907	-0.044877869105059184	0.0377959221592782	-0.03675710926684757	0.0441833595821019	-0.07954466633706132	0.0541273654342312	-0.06985023714868335	0.065630405279229	-0.04358851573740817	0.04159631376360959	-0.0656847650039	0.06722110826210811	-0.07791092916494963	0.11113205530990307	-0.030594198058886662	0.08112590873772216	-0.09893437664945087	0.1699582057866977	-0.19310617822062165	0.06326449305984277	-0.08891949949981683	0.10236392830156144	-0.230327469087964	0.23380581459261018	-0.07512586146436526	0.0744452426126315	-0.10378092865937076	0.3060092398175566	-0.7048903977321239	0.06428132955082287	-0.07766924051269763	0.11908618917584897	-0.5523067803729607	0.9999999999999987
