1.0	-0.4228856611405932	0.2554610812831395	-0.1016488758139047	0.09865694681056826	-0.7761354779559154	0.19092160013959614	-0.15678999048988046	0.08692693846315319	-0.07144954065973327	0.2440203096678684	-0.1862499106793569	0.15120159010369855	-0.09941425091577952	0.09705743284469293	-0.20432685573825057	0.1381544509230044	-0.16732976303790567	0.10491960050834062	-0.11322015566727671	0.10370217954179896	-0.08587425562284563	0.06840523760675046	-0.06647697258935142	0.050418212107066596	-0.13001023204602985	0.07819205859786757	-0.06457809343339108	0.061579896118197135	-0.0676715688794084	0.07081316625023112	-0.054992396083553434	0.05456767412749647	-0.04432618584024416	0.031805155958581376	-0.08797645204085344	0.040822500760794994	-0.04546868580759635	0.053944253391653874	-0.034744956445099846
-0.4228856611405932	1.0	-0.7292026193065837	0.1467401191961626	-0.14115874631540304	0.2552970505971955	-0.3483908069701597	0.22072857721751668	-0.11888558531928103	0.09482064288916087	-0.20979071228688867	0.1891925697278479	-0.18972694041831994	0.12283410623384634	-0.12567105538150014	0.17102157424765066	-0.13723690899886787	0.16469806515940047	-0.11552571234432563	0.11897858728994014	-0.09151151724750091	0.08162632887083707	-0.07177508493707929	0.06961850396799164	-0.05285717192522815	0.1116175671596881	-0.07557288323305003	0.06520734373909765	-0.06318109040835967	0.07030232180060861	-0.06365568373205731	0.05305675369154571	-0.053681651312361904	0.04452415411214505	-0.03239939051484651	0.07754854622987781	-0.0388952194480545	0.043338801129572606	-0.054412570736047584	0.03526540781757559
0.2554610812831395	-0.7292026193065837	1.0000000000000004	-0.22848095040756267	0.1682497190209531	-0.2829842817567398	0.2648428024982309	-0.29373625482200055	0.14784327283849566	-0.11894623787651916	0.2139982522842557	-0.2115928659288653	0.2106480624863162	-0.15479204661081203	0.1486414771597532	-0.22877241577247323	0.16672449462467429	-0.21809819088680812	0.14667998455838815	-0.16358444192758276	0.1202552063844888	-0.10669656294074996	0.09198778169829634	-0.09081281704634511	0.07187682256698762	-0.15406585747109813	0.09684360900397812	-0.08581969903929863	0.08178383551703264	-0.09713387652522687	0.0863905275556978	-0.07075512174291053	0.07032858515680447	-0.058606743629348285	0.04340453778368638	-0.10868836328036752	0.052100818438039015	-0.05847987644705682	0.07084073207316652	-0.047652373366686276
-0.1016488758139047	0.1467401191961626	-0.22848095040756267	1.0	-0.6492293701069397	0.10336336799067349	-0.1348712568757766	0.1358911705011089	-0.5576953236105462	0.3051369404096892	-0.12232720963703614	0.12323031450540102	-0.1611489004588204	0.26293934696557064	-0.31635894096878786	0.12235411721867617	-0.10470524699072412	0.13630948721526645	-0.16084240983353867	0.15288414182033658	-0.06755563762455083	0.0680736241565328	-0.0816249825179456	0.08222924106291742	-0.06548529145074053	0.08320655394215105	-0.06352709625329737	0.06744643237120274	-0.066920245912223	0.0857357070017495	-0.04939746454478265	0.04806058517993713	-0.049958015901595834	0.044964874068378756	-0.03508144047569035	0.0600539663019377	-0.034501609439596806	0.03893918885226263	-0.05440785859823427	0.03820895743688542
0.09865694681056826	-0.14115874631540304	0.1682497190209531	-0.6492293701069397	0.9999999999999998	-0.1063970530207495	0.13088034618076227	-0.13931635218011054	0.31062256538249283	-0.5565762521666127	0.12413200102864758	-0.12967677051967355	0.155355387611754	-0.27868160234699013	0.2832754585237269	-0.13804103661491224	0.11216402532845891	-0.1522805938499736	0.1621777027994022	-0.1847799373371871	0.0753975620136919	-0.07550970743839774	0.08600655642259773	-0.08915453035329605	0.07719431284020202	-0.09498213890397789	0.06946288130607349	-0.07469922922770636	0.07254843524778085	-0.10421421776860136	0.05581072669706951	-0.05382387767926274	0.055149581277157515	-0.049939867102800545	0.04040154097015073	-0.0689837251246653	0.03859892331400539	-0.04382697650226361	0.05969434354026699	-0.04450702270140013
-0.7761354779559154	0.2552970505971955	-0.2829842817567398	0.10336336799067349	-0.1063970530207495	1.0000000000000002	-0.21294354921251665	0.15751155600338324	-0.09214150603267442	0.07507341228205937	-0.4046156730286186	0.1990289444442574	-0.16842541971552313	0.10301126078961637	-0.10405782866684418	0.19172702245654508	-0.1426225884068332	0.15838232700273913	-0.10501001746684667	0.1064007811926692	-0.10104666294842105	0.08236681866779824	-0.06762094693139227	0.06480116799985344	-0.04777105425308746	0.11738692553702135	-0.07680931206941109	0.062269214244767404	-0.060358153793575446	0.06329471470624769	-0.06594027561262134	0.05214351813968259	-0.052733836624897015	0.042772941343922635	-0.03037847390222928	0.07871199043798449	-0.038490235814659705	0.042576740424591863	-0.052579301472219536	0.03294189607569928
0.19092160013959614	-0.3483908069701597	0.2648428024982309	-0.1348712568757766	0.13088034618076227	-0.21294354921251665	1.0	-0.6274889237213443	0.12644326111520332	-0.10226647091219274	0.254535194284541	-0.44844963146851247	0.31066312540839286	-0.16100949527179456	0.14237252782170765	-0.24288390758961448	0.21071437320659023	-0.264774682285952	0.1485477294169698	-0.155451411718375	0.12379033117068279	-0.11493069249020445	0.0927843652222895	-0.09111503370598098	0.06809348724683971	-0.1524460581080629	0.10349764779495142	-0.0851207824608327	0.08108412481216129	-0.09100101300948749	0.08319257591710684	-0.06920208680207075	0.0692351369747481	-0.057073751682037176	0.041384261407012825	-0.10202915189270126	0.050411454171615896	-0.05606839590834585	0.06926248893825601	-0.04513972263349769
-0.15678999048988046	0.22072857721751668	-0.29373625482200055	0.1358911705011089	-0.13931635218011054	0.15751155600338324	-0.6274889237213443	1.0000000000000002	-0.14534894283690264	0.11030356569317126	-0.22264374056879827	0.278681624256749	-0.5927491921772453	0.18094302756315617	-0.1645422774276392	0.1821437774890799	-0.17822451608768594	0.2100912586184267	-0.1416582838892756	0.13438475961092305	-0.09704308361056518	0.09245470286051088	-0.08243565112600441	0.0804373177374984	-0.058987419566958396	0.11524645884253515	-0.08599309064889003	0.07230660819467542	-0.07028946997552953	0.07754140497170692	-0.06520006225388673	0.056770788698249815	-0.05793514191468455	0.04840235928198878	-0.03518576285417897	0.07818899275765746	-0.04110334485941141	0.045612234605415275	-0.05911694042966836	0.038148265075152135
0.08692693846315319	-0.11888558531928103	0.14784327283849566	-0.5576953236105462	0.31062256538249283	-0.09214150603267442	0.12644326111520332	-0.14534894283690264	1.0000000000000004	-0.48211930749670295	0.11535569402446211	-0.1287732873064224	0.17380500740861596	-0.5295389206253187	0.31181526232681483	-0.12113406871772897	0.105403723938686	-0.14349444936419514	0.1745297568074752	-0.17447276324169234	0.06616278704408204	-0.06823778503818541	0.08314334718134114	-0.08916373616625167	0.07117067118512233	-0.08178523451073404	0.06307757017751271	-0.06913896200563889	0.06767750076606885	-0.09417985611688875	0.04807151763158607	-0.04777019510624902	0.049477452764801186	-0.045354270193735426	0.036312868148136605	-0.05859300982668508	0.034055538274495485	-0.038557470228255404	0.05423366954737793	-0.03974372203141832
-0.07144954065973327	0.09482064288916087	-0.11894623787651916	0.3051369404096892	-0.5565762521666127	0.07507341228205937	-0.10226647091219274	0.11030356569317126	-0.48211930749670295	1.000000000000001	-0.09480053830793946	0.101257881930509	-0.13608836605950553	0.2850683097564645	-0.5830441822270817	0.0991381009518789	-0.0857627004947332	0.11490811329355503	-0.14221739251143933	0.14238581426888283	-0.05453173328602439	0.05612418102077787	-0.06906278157325133	0.07180340402115719	-0.05919490685160302	0.06743083317456015	-0.0520903942361365	0.05714091563220135	-0.056318323118701406	0.07762836500412355	-0.03990369858395666	0.039726399334403625	-0.04123918122684296	0.03776188320675945	-0.030239850593379823	0.04863863466049672	-0.02836264376902866	0.03211919500752226	-0.045311386719437095	0.03305930437500352
0.2440203096678684	-0.20979071228688867	0.2139982522842557	-0.12232720963703614	0.12413200102864758	-0.4046156730286186	0.254535194284541	-0.22264374056879827	0.11535569402446211	-0.09480053830793946	0.9999999999999993	-0.5412015391893105	0.2474531463150308	-0.1444147881274745	0.13330267801722526	-0.46638107426733505	0.25871096786044073	-0.28457087677139176	0.15214208374532076	-0.15718808722844907	0.18977144349678923	-0.14285306226411879	0.10091983231762075	-0.09743209525301649	0.0699803272997155	-0.2258485726801107	0.12851203951870677	-0.09550803948289772	0.09060370969803953	-0.09315737682165474	0.1121256918369126	-0.08252280794751451	0.0816004415475837	-0.06474265626911613	0.04510318794806979	-0.1361419366147954	0.0613551774269001	-0.06752190456582835	0.07902817542931329	-0.048987657310734053
-0.1862499106793569	0.1891925697278479	-0.2115928659288653	0.12323031450540102	-0.12967677051967355	0.1990289444442574	-0.44844963146851247	0.278681624256749	-0.1287732873064224	0.101257881930509	-0.5412015391893105	0.9999999999999988	-0.4635224088446783	0.16420482216247162	-0.1502516421666742	0.26103101512395277	-0.37051009274186925	0.2732098079962768	-0.15170776412477174	0.14222268057671736	-0.1340996676532475	0.12720437584531935	-0.09453289268302674	0.09027124508737844	-0.06316728703378233	0.14899574755979425	-0.11813580062949891	0.08468118112730165	-0.08181094372626223	0.08279424308684687	-0.08165013574645463	0.06882665591208648	-0.07001357462246771	0.05640623315847132	-0.03954898198923542	0.09553404737405743	-0.04968352317195186	0.05442120225143479	-0.06928300596052354	0.042667142561229825
0.15120159010369855	-0.18972694041831994	0.2106480624863162	-0.1611489004588204	0.155355387611754	-0.16842541971552313	0.31066312540839286	-0.5927491921772453	0.17380500740861596	-0.13608836605950553	0.2474531463150308	-0.4635224088446783	1.0000000000000018	-0.31981765417116104	0.19502885185371677	-0.23685405500022297	0.23021610419734273	-0.3327225095062713	0.17925492913996494	-0.17488247228192286	0.12123441456471433	-0.11774122980455344	0.10247580549135352	-0.10275850464600399	0.07493356285623994	-0.14661573497386243	0.10671882050433512	-0.09015785852893136	0.08648699218477221	-0.09912665492382638	0.08054358471633082	-0.07002581490466207	0.07083915996469008	-0.059530866344821694	0.04365026563599169	-0.09760974683160428	0.05055377957478115	-0.05619458511948703	0.07212176198975104	-0.04748542854058831
-0.09941425091577952	0.12283410623384634	-0.15479204661081203	0.26293934696557064	-0.27868160234699013	0.10301126078961637	-0.16100949527179456	0.18094302756315617	-0.5295389206253187	0.2850683097564645	-0.1444147881274745	0.16420482216247162	-0.31981765417116104	1.0000000000000024	-0.5723362264451521	0.14013200167862985	-0.13309429868677258	0.17647952659940697	-0.31202085604781604	0.2105880103557309	-0.0772709940273252	0.08201373731343564	-0.11122465388334996	0.1186858171851117	-0.08645846340275437	0.09340215074820861	-0.07668605548933405	0.0855296591283552	-0.08548425805391464	0.11035639460681636	-0.055362177909064995	0.056726672353814275	-0.05956943170286104	0.05521240739320881	-0.04333007762862721	0.06647757514219588	-0.040284410121182175	0.045467068331598436	-0.06627338050467686	0.04699215613521339
0.09705743284469293	-0.12567105538150014	0.1486414771597532	-0.31635894096878786	0.2832754585237269	-0.10405782866684418	0.14237252782170765	-0.1645422774276392	0.31181526232681483	-0.5830441822270817	0.13330267801722526	-0.1502516421666742	0.19502885185371677	-0.5723362264451521	0.9999999999999997	-0.14530373567100324	0.12482487562370079	-0.17244682710233503	0.20623430785392036	-0.232346092200248	0.07929295951132921	-0.08228184236647892	0.10021606645498896	-0.10796337045471333	0.0921369019565569	-0.09863887573867404	0.07579948489659895	-0.08451975382023628	0.08239670482975966	-0.12215455591626856	0.057974780924210004	-0.058157045737101634	0.06011920748811293	-0.0555979193927978	0.04556555647624128	-0.07094077375961227	0.04138332682249892	-0.04697839158992058	0.06619409536280285	-0.05004061030591971
-0.20432685573825057	0.17102157424765066	-0.22877241577247323	0.12235411721867617	-0.13804103661491224	0.19172702245654508	-0.24288390758961448	0.1821437774890799	-0.12113406871772897	0.0991381009518789	-0.46638107426733505	0.26103101512395277	-0.23685405500022297	0.14013200167862985	-0.14530373567100324	1.0	-0.42543581853641266	0.2687214494701201	-0.16551394432695105	0.14787090575090445	-0.4803806628321798	0.17186844698917625	-0.11501824395579967	0.10476429808903241	-0.06874068042114041	0.2776491293480538	-0.17346491223920546	0.10671308949380381	-0.10528792956628148	0.08865102381107973	-0.14957983314626497	0.0947711870060445	-0.09764668483593907	0.07379092786406866	-0.04847396962815657	0.14790714025616664	-0.07108016915771234	0.07545157591236758	-0.09292882173689074	0.051542038501363414
0.1381544509230044	-0.13723690899886787	0.16672449462467429	-0.10470524699072412	0.11216402532845891	-0.1426225884068332	0.21071437320659023	-0.17822451608768594	0.105403723938686	-0.0857627004947332	0.25871096786044073	-0.37051009274186925	0.23021610419734273	-0.13309429868677258	0.12482487562370079	-0.42543581853641266	0.9999999999999988	-0.6832135965623048	0.17432146485646083	-0.15805355503489368	0.17579985216279356	-0.251272811739362	0.11817121640547333	-0.11137258925799921	0.06991463633230662	-0.18672917111994247	0.1852811700366521	-0.10747727240386834	0.10071672862097392	-0.0910467805684932	0.09575003145554087	-0.08737901826418733	0.087877335800651	-0.06815589117297109	0.04561118430797606	-0.10835246453580921	0.0605656819628763	-0.06513157045650916	0.08368000410335735	-0.048825426377228795
-0.16732976303790567	0.16469806515940047	-0.21809819088680812	0.13630948721526645	-0.1522805938499736	0.15838232700273913	-0.264774682285952	0.2100912586184267	-0.14349444936419514	0.11490811329355503	-0.28457087677139176	0.2732098079962768	-0.3327225095062713	0.17647952659940697	-0.17244682710233503	0.2687214494701201	-0.6832135965623048	0.9999999999999991	-0.2851718489440385	0.1966867890251764	-0.15823266394078603	0.18165483807165375	-0.16161104969916124	0.1443590079010451	-0.08821476349914158	0.1607751706635485	-0.18108501115376338	0.12472727296653459	-0.12295054033254922	0.1113813314961732	-0.09608976304209123	0.09323825605497153	-0.09853523054210113	0.08000109168872527	-0.05474128700962194	0.10564596895329918	-0.06548972971401129	0.07086735883150767	-0.09924925305772393	0.05816551115545032
0.10491960050834062	-0.11552571234432563	0.14667998455838815	-0.16084240983353867	0.1621777027994022	-0.10501001746684667	0.1485477294169698	-0.1416582838892756	0.1745297568074752	-0.14221739251143933	0.15214208374532076	-0.15170776412477174	0.17925492913996494	-0.31202085604781604	0.20623430785392036	-0.16551394432695105	0.17432146485646083	-0.2851718489440385	0.9999999999999969	-0.641216917499737	0.09599564022476607	-0.12470294938181176	0.24219560016921288	-0.38071669590638285	0.2051812741279327	-0.11417134025825049	0.1167064651522688	-0.17484996713521386	0.17276473269193812	-0.26122266895804774	0.07208304351077822	-0.0933735290115	0.1010213487063021	-0.10493784686236472	0.08718235776285502	-0.08456923795566491	0.06412660933031764	-0.07354304313508554	0.12155058700014498	-0.09464278968725837
-0.11322015566727671	0.11897858728994014	-0.16358444192758276	0.15288414182033658	-0.1847799373371871	0.1064007811926692	-0.155451411718375	0.13438475961092305	-0.17447276324169234	0.14238581426888283	-0.15718808722844907	0.14222268057671736	-0.17488247228192286	0.2105880103557309	-0.232346092200248	0.14787090575090445	-0.15805355503489368	0.1966867890251764	-0.641216917499737	0.9999999999999963	-0.09020977002192987	0.11508796738944223	-0.24377138098397563	0.22192631411092864	-0.4169699087829103	0.10446804727142087	-0.1145841225664079	0.16060662558343544	-0.18379090699801354	0.2727991842395774	-0.07017904068234433	0.09402879024047109	-0.10771360535679932	0.11014676120929207	-0.09775803342388442	0.08003078785059892	-0.06642233817080698	0.07504126615735913	-0.13767899061737796	0.09773572149526538
0.10370217954179896	-0.09151151724750091	0.1202552063844888	-0.06755563762455083	0.0753975620136919	-0.10104666294842105	0.12379033117068279	-0.09704308361056518	0.06616278704408204	-0.05453173328602439	0.18977144349678923	-0.1340996676532475	0.12123441456471433	-0.0772709940273252	0.07929295951132921	-0.4803806628321798	0.17579985216279356	-0.15823266394078603	0.09599564022476607	-0.09020977002192987	0.9999999999999962	-0.17125283318581982	0.0759090891697208	-0.06913314481154803	0.04281066859643085	-0.7615359521930036	0.15619072795702763	-0.07944613165878446	0.0746904527928419	-0.0555516583175544	0.1831446362139508	-0.08324376352248315	0.07930274172978073	-0.05554155663872928	0.03399173157763214	-0.1996012701018272	0.06650161683830291	-0.06974375880417241	0.06919640456045398	-0.036207981517465765
-0.08587425562284563	0.08162632887083707	-0.10669656294074996	0.0680736241565328	-0.07550970743839774	0.08236681866779824	-0.11493069249020445	0.09245470286051088	-0.06823778503818541	0.05612418102077787	-0.14285306226411879	0.12720437584531935	-0.11774122980455344	0.08201373731343564	-0.08228184236647892	0.17186844698917625	-0.251272811739362	0.18165483807165375	-0.12470294938181176	0.11508796738944223	-0.17125283318581982	0.9999999999999992	-0.16130014760899755	0.12417002212581896	-0.05868616137281399	0.17256092278977722	-0.8583125224918612	0.17253653441666172	-0.1577101723240838	0.07505969782431361	-0.09712267338634771	0.1582643669984381	-0.16052071364382625	0.1008774576278863	-0.05551706350955011	0.10069785713228586	-0.0964453723569858	0.09408651551836493	-0.12705096744568167	0.05729113165160414
0.06840523760675046	-0.07177508493707929	0.09198778169829634	-0.0816249825179456	0.08600655642259773	-0.06762094693139227	0.0927843652222895	-0.08243565112600441	0.08314334718134114	-0.06906278157325133	0.10091983231762075	-0.09453289268302674	0.10247580549135352	-0.11122465388334996	0.10021606645498896	-0.11501824395579967	0.11817121640547333	-0.16161104969916124	0.24219560016921288	-0.24377138098397563	0.0759090891697208	-0.16130014760899755	0.9999999999999977	-0.7706156968858574	0.11424478703387113	-0.09026621543505874	0.14182009825845632	-0.40935943623883636	0.26163869669666734	-0.14869717842238175	0.06088438099032486	-0.10605396788239034	0.11751645997996478	-0.1287555577343786	0.07611700811067644	-0.07005082236052979	0.0686099883847057	-0.07964770720125212	0.14139572348836063	-0.0810176409435881
-0.06647697258935142	0.06961850396799164	-0.09081281704634511	0.08222924106291742	-0.08915453035329605	0.06480116799985344	-0.09111503370598098	0.0804373177374984	-0.08916373616625167	0.07180340402115719	-0.09743209525301649	0.09027124508737844	-0.10275850464600399	0.1186858171851117	-0.10796337045471333	0.10476429808903241	-0.11137258925799921	0.1443590079010451	-0.38071669590638285	0.22192631411092864	-0.06913314481154803	0.12417002212581896	-0.7706156968858574	0.9999999999999954	-0.11552823967598337	0.08088655772673438	-0.12236017448932018	0.26202289213805247	-0.32861404790953064	0.13580623171030112	-0.05660724452109123	0.09732656276057726	-0.11440804800323584	0.13233014488156145	-0.07603462568499468	0.06433798608053598	-0.0659867994151815	0.07575946662840491	-0.1534069225161318	0.0781251086489101
0.050418212107066596	-0.05285717192522815	0.07187682256698762	-0.06548529145074053	0.07719431284020202	-0.04777105425308746	0.06809348724683971	-0.058987419566958396	0.07117067118512233	-0.05919490685160302	0.0699803272997155	-0.06316728703378233	0.07493356285623994	-0.08645846340275437	0.0921369019565569	-0.06874068042114041	0.06991463633230662	-0.08821476349914158	0.2051812741279327	-0.4169699087829103	0.04281066859643085	-0.05868616137281399	0.11424478703387113	-0.11552823967598337	0.999999999999993	-0.05024528210591303	0.057748519397578135	-0.09791184403243189	0.10987222282498368	-0.845748491260992	0.03527358561352366	-0.05536131357285172	0.06318136346456438	-0.07714567237571725	0.11370618759835467	-0.0404133045505255	0.03818608865103365	-0.04442060790977319	0.08691784148448968	-0.11953360844060376
-0.13001023204602985	0.1116175671596881	-0.15406585747109813	0.08320655394215105	-0.09498213890397789	0.11738692553702135	-0.1524460581080629	0.11524645884253515	-0.08178523451073404	0.06743083317456015	-0.2258485726801107	0.14899574755979425	-0.14661573497386243	0.09340215074820861	-0.09863887573867404	0.2776491293480538	-0.18672917111994247	0.1607751706635485	-0.11417134025825049	0.10446804727142087	-0.7615359521930036	0.17256092278977722	-0.09026621543505874	0.08088655772673438	-0.05024528210591303	0.9999999999999929	-0.20813997822997127	0.09373030076025517	-0.09058401277866923	0.06470735548378088	-0.3122601808236444	0.09826502286391463	-0.09676544364579957	0.06669601495160901	-0.04065949229469988	0.2186031349491029	-0.07901626133212286	0.08054855640228603	-0.08440414949172173	0.042993734885234586
0.07819205859786757	-0.07557288323305003	0.09684360900397812	-0.06352709625329737	0.06946288130607349	-0.07680931206941109	0.10349764779495142	-0.08599309064889003	0.06307757017751271	-0.0520903942361365	0.12851203951870677	-0.11813580062949891	0.10671882050433512	-0.07668605548933405	0.07579948489659895	-0.17346491223920546	0.1852811700366521	-0.18108501115376338	0.1167064651522688	-0.1145841225664079	0.15619072795702763	-0.8583125224918612	0.14182009825845632	-0.12236017448932018	0.057748519397578135	-0.20813997822997127	0.9999999999999962	-0.21435977050538482	0.1536228523849036	-0.07503879977527189	0.09980279389384608	-0.20475462802412447	0.15886698927221057	-0.1014387387789978	0.05465715232801874	-0.10825604219664806	0.10060213201623999	-0.10098533149421841	0.12145441167445795	-0.057262757401796344
-0.06457809343339108	0.06520734373909765	-0.08581969903929863	0.06744643237120274	-0.07469922922770636	0.062269214244767404	-0.0851207824608327	0.07230660819467542	-0.06913896200563889	0.05714091563220135	-0.09550803948289772	0.08468118112730165	-0.09015785852893136	0.0855296591283552	-0.08451975382023628	0.10671308949380381	-0.10747727240386834	0.12472727296653459	-0.17484996713521386	0.16060662558343544	-0.07944613165878446	0.17253653441666172	-0.40935943623883636	0.26202289213805247	-0.09791184403243189	0.09373030076025517	-0.21435977050538482	0.9999999999999916	-0.7315313449806419	0.12211661117952743	-0.0724297149941002	0.15981125318970887	-0.21335827248036665	0.23277304180407757	-0.11071416193557972	0.08037342038902383	-0.10604184770433867	0.12178856028547944	-0.2740470847486264	0.10928831153339655
0.061579896118197135	-0.06318109040835967	0.08178383551703264	-0.066920245912223	0.07254843524778085	-0.060358153793575446	0.08108412481216129	-0.07028946997552953	0.06767750076606885	-0.056318323118701406	0.09060370969803953	-0.08181094372626223	0.08648699218477221	-0.08548425805391464	0.08239670482975966	-0.10528792956628148	0.10071672862097392	-0.12295054033254922	0.17276473269193812	-0.18379090699801354	0.0746904527928419	-0.1577101723240838	0.26163869669666734	-0.32861404790953064	0.10987222282498368	-0.09058401277866923	0.1536228523849036	-0.7315313449806419	0.9999999999999938	-0.15101415001550814	0.06975927862796413	-0.16336958382715505	0.18568252701565144	-0.3740134409539265	0.12322617264771571	-0.08038922062485593	0.10215043935201139	-0.12577135610914775	0.25142296134553616	-0.13031907001768575
-0.0676715688794084	0.07030232180060861	-0.09713387652522687	0.0857357070017495	-0.10421421776860136	0.06329471470624769	-0.09100101300948749	0.07754140497170692	-0.09417985611688875	0.07762836500412355	-0.09315737682165474	0.08279424308684687	-0.09912665492382638	0.11035639460681636	-0.12215455591626856	0.08865102381107973	-0.0910467805684932	0.1113813314961732	-0.26122266895804774	0.2727991842395774	-0.0555516583175544	0.07505969782431361	-0.14869717842238175	0.13580623171030112	-0.845748491260992	0.06470735548378088	-0.07503879977527189	0.12211661117952743	-0.15101415001550814	0.9999999999999933	-0.04582461102614879	0.07107503028707661	-0.08307053703775094	0.09942527766001413	-0.1626906407292204	0.05208526237115031	-0.04971564276244188	0.05727755096066148	-0.11628836692116933	0.13651094089483562
0.07081316625023112	-0.06365568373205731	0.0863905275556978	-0.04939746454478265	0.05581072669706951	-0.06594027561262134	0.08319257591710684	-0.06520006225388673	0.04807151763158607	-0.03990369858395666	0.1121256918369126	-0.08165013574645463	0.08054358471633082	-0.055362177909064995	0.057974780924210004	-0.14957983314626497	0.09575003145554087	-0.09608976304209123	0.07208304351077822	-0.07017904068234433	0.1831446362139508	-0.09712267338634771	0.06088438099032486	-0.05660724452109123	0.03527358561352366	-0.3122601808236444	0.09980279389384608	-0.0724297149941002	0.06975927862796413	-0.04582461102614879	0.9999999999999896	-0.1337085000463152	0.11072622267867607	-0.06711675725241975	0.036559362502891386	-0.87988781387073	0.14110077915489175	-0.1424358319645459	0.08363271089394562	-0.03928793239402997
-0.054992396083553434	0.05305675369154571	-0.07075512174291053	0.04806058517993713	-0.05382387767926274	0.05214351813968259	-0.06920208680207075	0.056770788698249815	-0.04777019510624902	0.039726399334403625	-0.08252280794751451	0.06882665591208648	-0.07002581490466207	0.056726672353814275	-0.058157045737101634	0.0947711870060445	-0.08737901826418733	0.09323825605497153	-0.0933735290115	0.09402879024047109	-0.08324376352248315	0.1582643669984381	-0.10605396788239034	0.09732656276057726	-0.05536131357285172	0.09826502286391463	-0.20475462802412447	0.15981125318970887	-0.16336958382715505	0.07107503028707661	-0.1337085000463152	0.9999999999999902	-0.7343075135527979	0.20885979081350806	-0.09379822515339313	0.135309839897067	-0.44459161156564864	0.28918255849007735	-0.26307580420448745	0.09482277327437644
0.05456767412749647	-0.053681651312361904	0.07032858515680447	-0.049958015901595834	0.055149581277157515	-0.052733836624897015	0.0692351369747481	-0.05793514191468455	0.049477452764801186	-0.04123918122684296	0.0816004415475837	-0.07001357462246771	0.07083915996469008	-0.05956943170286104	0.06011920748811293	-0.09764668483593907	0.087877335800651	-0.09853523054210113	0.1010213487063021	-0.10771360535679932	0.07930274172978073	-0.16052071364382625	0.11751645997996478	-0.11440804800323584	0.06318136346456438	-0.09676544364579957	0.15886698927221057	-0.21335827248036665	0.18568252701565144	-0.08307053703775094	0.11072622267867607	-0.7343075135527979	0.9999999999999902	-0.33567798926943726	0.1113422844462067	-0.12761711115454838	0.26893973374209795	-0.37727604090345096	0.25694400852397714	-0.12069022845915581
-0.04432618584024416	0.04452415411214505	-0.058606743629348285	0.044964874068378756	-0.049939867102800545	0.042772941343922635	-0.057073751682037176	0.04840235928198878	-0.045354270193735426	0.03776188320675945	-0.06474265626911613	0.05640623315847132	-0.059530866344821694	0.05521240739320881	-0.0555979193927978	0.07379092786406866	-0.06815589117297109	0.08000109168872527	-0.10493784686236472	0.11014676120929207	-0.05554155663872928	0.1008774576278863	-0.1287555577343786	0.13233014488156145	-0.07714567237571725	0.06669601495160901	-0.1014387387789978	0.23277304180407757	-0.3740134409539265	0.09942527766001413	-0.06711675725241975	0.20885979081350806	-0.33567798926943726	0.9999999999999902	-0.2564936225164496	0.0754141421615857	-0.14372698884362484	0.17659778565098894	-0.7448533411508175	0.2060723761962201
0.031805155958581376	-0.03239939051484651	0.04340453778368638	-0.03508144047569035	0.04040154097015073	-0.03037847390222928	0.041384261407012825	-0.03518576285417897	0.036312868148136605	-0.030239850593379823	0.04510318794806979	-0.03954898198923542	0.04365026563599169	-0.04333007762862721	0.04556555647624128	-0.04847396962815657	0.04561118430797606	-0.05474128700962194	0.08718235776285502	-0.09775803342388442	0.03399173157763214	-0.05551706350955011	0.07611700811067644	-0.07603462568499468	0.11370618759835467	-0.04065949229469988	0.05465715232801874	-0.11071416193557972	0.12322617264771571	-0.1626906407292204	0.036559362502891386	-0.09379822515339313	0.1113422844462067	-0.2564936225164496	0.9999999999999906	-0.041653060971253555	0.06303586949549778	-0.07840700717954477	0.2042320991406305	-0.9141836147769108
-0.08797645204085344	0.07754854622987781	-0.10868836328036752	0.0600539663019377	-0.0689837251246653	0.07871199043798449	-0.10202915189270126	0.07818899275765746	-0.05859300982668508	0.04863863466049672	-0.1361419366147954	0.09553404737405743	-0.09760974683160428	0.06647757514219588	-0.07094077375961227	0.14790714025616664	-0.10835246453580921	0.10564596895329918	-0.08456923795566491	0.08003078785059892	-0.1996012701018272	0.10069785713228586	-0.07005082236052979	0.06433798608053598	-0.0404133045505255	0.2186031349491029	-0.10825604219664806	0.08037342038902383	-0.08038922062485593	0.05208526237115031	-0.87988781387073	0.135309839897067	-0.12761711115454838	0.0754141421615857	-0.041653060971253555	0.9999999999999909	-0.1865380540677567	0.14633871580752664	-0.09774117461205857	0.04413472885643595
0.040822500760794994	-0.0388952194480545	0.052100818438039015	-0.034501609439596806	0.03859892331400539	-0.038490235814659705	0.050411454171615896	-0.04110334485941141	0.034055538274495485	-0.02836264376902866	0.0613551774269001	-0.04968352317195186	0.05055377957478115	-0.040284410121182175	0.04138332682249892	-0.07108016915771234	0.0605656819628763	-0.06548972971401129	0.06412660933031764	-0.06642233817080698	0.06650161683830291	-0.0964453723569858	0.0686099883847057	-0.0659867994151815	0.03818608865103365	-0.07901626133212286	0.10060213201623999	-0.10604184770433867	0.10215043935201139	-0.04971564276244188	0.14110077915489175	-0.44459161156564864	0.26893973374209795	-0.14372698884362484	0.06303586949549778	-0.1865380540677567	0.9999999999999913	-0.8045892257849161	0.17673587273548652	-0.06887130173268831
-0.04546868580759635	0.043338801129572606	-0.05847987644705682	0.03893918885226263	-0.04382697650226361	0.042576740424591863	-0.05606839590834585	0.045612234605415275	-0.038557470228255404	0.03211919500752226	-0.06752190456582835	0.05442120225143479	-0.05619458511948703	0.045467068331598436	-0.04697839158992058	0.07545157591236758	-0.06513157045650916	0.07086735883150767	-0.07354304313508554	0.07504126615735913	-0.06974375880417241	0.09408651551836493	-0.07964770720125212	0.07575946662840491	-0.04442060790977319	0.08054855640228603	-0.10098533149421841	0.12178856028547944	-0.12577135610914775	0.05727755096066148	-0.1424358319645459	0.28918255849007735	-0.37727604090345096	0.17659778565098894	-0.07840700717954477	0.14633871580752664	-0.8045892257849161	0.9999999999999911	-0.2729588674637303	0.08259229476051783
0.053944253391653874	-0.054412570736047584	0.07084073207316652	-0.05440785859823427	0.05969434354026699	-0.052579301472219536	0.06926248893825601	-0.05911694042966836	0.05423366954737793	-0.045311386719437095	0.07902817542931329	-0.06928300596052354	0.07212176198975104	-0.06627338050467686	0.06619409536280285	-0.09292882173689074	0.08368000410335735	-0.09924925305772393	0.12155058700014498	-0.13767899061737796	0.06919640456045398	-0.12705096744568167	0.14139572348836063	-0.1534069225161318	0.08691784148448968	-0.08440414949172173	0.12145441167445795	-0.2740470847486264	0.25142296134553616	-0.11628836692116933	0.08363271089394562	-0.26307580420448745	0.25694400852397714	-0.7448533411508175	0.2042320991406305	-0.09774117461205857	0.17673587273548652	-0.2729588674637303	0.9999999999999911	-0.257413954318892
-0.034744956445099846	0.03526540781757559	-0.047652373366686276	0.03820895743688542	-0.04450702270140013	0.03294189607569928	-0.04513972263349769	0.038148265075152135	-0.03974372203141832	0.03305930437500352	-0.048987657310734053	0.042667142561229825	-0.04748542854058831	0.04699215613521339	-0.05004061030591971	0.051542038501363414	-0.048825426377228795	0.05816551115545032	-0.09464278968725837	0.09773572149526538	-0.036207981517465765	0.05729113165160414	-0.0810176409435881	0.0781251086489101	-0.11953360844060376	0.042993734885234586	-0.057262757401796344	0.10928831153339655	-0.13031907001768575	0.13651094089483562	-0.03928793239402997	0.09482277327437644	-0.12069022845915581	0.2060723761962201	-0.9141836147769108	0.04413472885643595	-0.06887130173268831	0.08259229476051783	-0.257413954318892	0.999999999999991
