0.9999999999999999	-0.6288457570059389	0.17720796042010378	-0.14400852600733444	0.1856684395456424	-0.5820622425704055	0.22515966357866654	-0.2212353065909433	0.1541816188493263	-0.12712535087097593	0.26380585347801194	-0.19806582681775645	0.15043482257597487	-0.143310037186969	0.1444318928977661	-0.24950262273115506	0.166045487372292	-0.14145161616204074	0.1370150819258868	-0.10928514337431487	0.10631256415272652	-0.11382797500346173	0.15811692671195965	-0.10997604014184643	0.08048097842626835	-0.10039319007883707	0.09052139701591079	-0.10689399849926687	0.09578825395634373	-0.10217049709352005	0.13590195511561923	-0.053572243559610676	0.06214700572224799	-0.023064509024228727	0.023002003680991492
-0.6288457570059389	1.0000000000000002	-0.3752205503166382	0.22028916898920894	-0.3132106069192031	0.2781327809411537	-0.24464874534133935	0.2141584681356308	-0.19997498725031618	0.1654671721961387	-0.28200934544950595	0.19799418799069252	-0.1748312165936002	0.17316213369907343	-0.1972791163950214	0.2217477669717521	-0.1968360590597798	0.16040954447974634	-0.1775383002272446	0.13324912924341717	-0.12009120133161306	0.12681711644307297	-0.21237203819025907	0.13833080810262652	-0.1007968226050668	0.11562327577469007	-0.10806744281510565	0.1279050385405186	-0.12002742877245327	0.12459551959392066	-0.17715355440303932	0.0676017663357334	-0.0801455186053005	0.02882508101877063	-0.028906575021074275
0.17720796042010378	-0.3752205503166382	1.0000000000000004	-0.7730612741680365	0.29423962122453545	-0.1430958209734879	0.1295852821777389	-0.1588900993481432	0.16345182609970232	-0.1527849701610873	0.13585543552089802	-0.13312965305598262	0.11767467491521465	-0.13773567700993386	0.14904139754341486	-0.15027688054755267	0.1245014669130795	-0.1124750856883632	0.12465763466029875	-0.10691804122846715	0.08158391086548908	-0.09132097661500556	0.1430893683031226	-0.10175023304263951	0.07656946647471864	-0.08265194252600792	0.07690628135929148	-0.09592634070176038	0.0882625398616713	-0.09767331727105899	0.1207968856825081	-0.04804271334588495	0.056178039205425065	-0.02174055654292765	0.021640599908692902
-0.14400852600733444	0.22028916898920894	-0.7730612741680365	1.000000000000001	-0.49446509335472727	0.11182015984028702	-0.10982596130346584	0.1352560849104608	-0.1828078413442013	0.15426290535559	-0.11359417632346047	0.11228656448648548	-0.10422551793026925	0.12796797047336556	-0.14863681106892904	0.12064726020723328	-0.10748282277235295	0.09688764088064859	-0.11184387457253445	0.0905345014477742	-0.06799765442249785	0.07586296936122072	-0.12491761375588292	0.08864187337889193	-0.06550987179358171	0.06883769905381115	-0.06465705836757264	0.08058311109587352	-0.07549274888192907	0.08254537811502521	-0.10238829397038701	0.04047517914803086	-0.04750755339667291	0.018421164987571084	-0.018361577136111286
0.1856684395456424	-0.3132106069192031	0.29423962122453545	-0.49446509335472727	1.0000000000000013	-0.1741326565689301	0.16845495187786727	-0.21997434680373004	0.23260099497922646	-0.3204105089480345	0.17270781834086385	-0.18547362378328278	0.16712665899197804	-0.20562324675856752	0.24315522108820875	-0.20977187806755507	0.17524703734903374	-0.16284150527146224	0.18423943957836336	-0.16743174885154308	0.11892271804681179	-0.13551768424097127	0.21187157892418063	-0.15357665921967564	0.11782079194319943	-0.12332052567104253	0.11505592044654203	-0.14637447043860627	0.1342168930963089	-0.15179646921617612	0.18094036743314726	-0.07270266449839816	0.08488175516047969	-0.03348022687130218	0.03326093297579315
-0.5820622425704055	0.2781327809411537	-0.1430958209734879	0.11182015984028702	-0.1741326565689301	1.0000000000000013	-0.38417804097761554	0.23030895098658358	-0.16358497661661064	0.12512080789402297	-0.5402888368675339	0.21863709572169882	-0.16780625125585685	0.14632020920122701	-0.1485168337470241	0.25622385499320566	-0.18689575375918774	0.14776392828608267	-0.14285780115454497	0.10653126594027507	-0.1120263371670557	0.113966130940901	-0.16439288716236666	0.11128851122081047	-0.08001575650981654	0.10075787271359235	-0.0918535068191745	0.10564908536633524	-0.0962010199341185	0.10006435165475645	-0.1399960367037213	0.05401231091741644	-0.06307690679585233	0.02286189757121261	-0.022863659046520202
0.22515966357866654	-0.24464874534133935	0.1295852821777389	-0.10982596130346584	0.16845495187786727	-0.38417804097761554	1.0000000000000009	-0.6147781385692649	0.22242455580620218	-0.16025285579723816	0.22938933780828358	-0.5125146403383897	0.250437860516098	-0.19996026806739736	0.17510951306135836	-0.20972906192712917	0.22060019572795744	-0.1940695138263912	0.16335069733169538	-0.11722406047843731	0.10157763733617836	-0.1118605920235546	0.17272256076436576	-0.12501991847062574	0.08649910089658702	-0.09622676579682399	0.0902307931606929	-0.10832939879784813	0.10128791545418775	-0.10758641723616102	0.1328920446526853	-0.052618656853988234	0.0612015646416524	-0.023890375811340417	0.023819630019837168
-0.2212353065909433	0.2141584681356308	-0.1588900993481432	0.1352560849104608	-0.21997434680373004	0.23030895098658358	-0.6147781385692649	1.0000000000000009	-0.43327531237374756	0.21891969642444412	-0.2282182445227769	0.2994782335563219	-0.33958031931486	0.25443869242104933	-0.25266142807601066	0.2055690144890816	-0.2531982466156368	0.21713590718028863	-0.21334834606439768	0.1408244194287514	-0.1139096437435391	0.12504770827238104	-0.22078276702687064	0.15453551939276172	-0.1059505622270845	0.10972494725959515	-0.10527243582555051	0.12726882939360692	-0.12359875991312422	0.12884109503927818	-0.1601009205777389	0.06271648294066695	-0.07366444462529201	0.02885552544321677	-0.028854372696266922
0.1541816188493263	-0.19997498725031618	0.16345182609970232	-0.1828078413442013	0.23260099497922646	-0.16358497661661064	0.22242455580620218	-0.43327531237374756	0.9999999999999993	-0.5382215652202365	0.16148038591473515	-0.2388979954816394	0.23748443842179068	-0.49769313296311724	0.31664929865486985	-0.1840458584449658	0.19266616133398695	-0.1974563653090544	0.22631387692868923	-0.15842866521452478	0.10354906230680042	-0.11881250716414664	0.20170958535210556	-0.17103036197022373	0.11262733151363041	-0.10435937832264695	0.1003541227093505	-0.12897822004335385	0.1262630145061982	-0.13949163739831943	0.14713288415037112	-0.05965196368128223	0.06932930793317649	-0.029797967803945787	0.029580180896494206
-0.12712535087097593	0.1654671721961387	-0.1527849701610873	0.15426290535559	-0.3204105089480345	0.12512080789402297	-0.16025285579723816	0.21891969642444412	-0.5382215652202365	1.0	-0.1309900281983051	0.16837697495984955	-0.17851828705689474	0.27553026749718235	-0.678543617772227	0.14776769709923235	-0.15571082826387453	0.14984551977724528	-0.1883615262924144	0.1297302406601443	-0.08662582277197162	0.0986064369351484	-0.17633445407975784	0.13665196715924957	-0.09423257758798355	0.08794997032140425	-0.08472398990364877	0.10801726647411936	-0.1064443933007947	0.11557621162758008	-0.128076248311267	0.05140058829033597	-0.06011976334246742	0.025163103914650264	-0.02505669136703126
0.26380585347801194	-0.28200934544950595	0.13585543552089802	-0.11359417632346047	0.17270781834086385	-0.5402888368675339	0.22938933780828358	-0.2282182445227769	0.16148038591473515	-0.1309900281983051	1.0000000000000013	-0.25438840767893367	0.1774113267928999	-0.15923450640889972	0.1529051566479616	-0.6150451940685512	0.2222890013914999	-0.179311717643102	0.15622594883704766	-0.12624325079913282	0.16582664363894078	-0.16606923543291835	0.18120762265125281	-0.12739895359988104	0.09338512376571488	-0.1431983202912187	0.12145717550996851	-0.13502894011587563	0.11451724273486556	-0.12051923307298251	0.16892959712115294	-0.06680098837103807	0.07615795300798263	-0.027292137388669372	0.027183836110595695
-0.19806582681775645	0.19799418799069252	-0.13312965305598262	0.11228656448648548	-0.18547362378328278	0.21863709572169882	-0.5125146403383897	0.2994782335563219	-0.2388979954816394	0.16837697495984955	-0.25438840767893367	1.0000000000000013	-0.5298933415808361	0.24054827311162674	-0.21297387773550677	0.22704801642718345	-0.41943347190137775	0.28400140012053376	-0.21307138590321725	0.1388674647545422	-0.12173186299738163	0.1351320362421608	-0.22147206789103677	0.15460690830597132	-0.10447391257019777	0.11323190879521558	-0.10920603301200925	0.1287960392013054	-0.12298517340180014	0.12774506155385817	-0.1585758262141294	0.062433839680086	-0.07286748518909691	0.028511754833641857	-0.028481756098875308
0.15043482257597487	-0.1748312165936002	0.11767467491521465	-0.10422551793026925	0.16712665899197804	-0.16780625125585685	0.250437860516098	-0.33958031931486	0.23748443842179068	-0.17851828705689474	0.1774113267928999	-0.5298933415808361	1.0000000000000004	-0.41861293794419574	0.21121903822671606	-0.20416419144028736	0.2994605176485026	-0.5284054042811039	0.23242469003972635	-0.14718892880938406	0.10976211560055395	-0.1268782294201593	0.21599596538825486	-0.1698446313911383	0.10744720447601148	-0.10607146651972282	0.10252217866516884	-0.12732690467047705	0.12324693245934214	-0.13205705876718307	0.14456162844718054	-0.05841650999601276	0.06766363616317445	-0.028471211165507805	0.028303016362134108
-0.143310037186969	0.17316213369907343	-0.13773567700993386	0.12796797047336556	-0.20562324675856752	0.14632020920122701	-0.19996026806739736	0.25443869242104933	-0.49769313296311724	0.27553026749718235	-0.15923450640889972	0.24054827311162674	-0.41861293794419574	0.9999999999999981	-0.4363285583686118	0.18005689418792037	-0.22789528049797783	0.24110600303424762	-0.44295798947674375	0.17535334923950915	-0.10839132772378202	0.12426681032651636	-0.25182114164190117	0.21637225820086095	-0.13209805475026415	0.10906691246636838	-0.10801710787689098	0.13926982592918843	-0.1483672620370428	0.15342235962615683	-0.1565626793719851	0.06321528089165283	-0.0739204470819636	0.03295593946022097	-0.03287706293776131
0.1444318928977661	-0.1972791163950214	0.14904139754341486	-0.14863681106892904	0.24315522108820875	-0.1485168337470241	0.17510951306135836	-0.25266142807601066	0.31664929865486985	-0.678543617772227	0.1529051566479616	-0.21297387773550677	0.21121903822671606	-0.4363285583686118	0.9999999999999987	-0.1851180532246141	0.18315503417984724	-0.18956769299517887	0.2227095978180452	-0.17445430409867674	0.10728277851878397	-0.1245905976989628	0.2067391829585982	-0.17696098944230382	0.1211824254180974	-0.11040461297291705	0.10594542862487193	-0.1386192171766675	0.13416224433244073	-0.1525055773363433	0.1558130458428917	-0.06377221713982784	0.0739528487118229	-0.032282663229105626	0.031971236373305206
-0.24950262273115506	0.2217477669717521	-0.15027688054755267	0.12064726020723328	-0.20977187806755507	0.25622385499320566	-0.20972906192712917	0.2055690144890816	-0.1840458584449658	0.14776769709923235	-0.6150451940685512	0.22704801642718345	-0.20416419144028736	0.18005689418792037	-0.1851180532246141	1.0	-0.37290759070455043	0.21807986233057705	-0.20090455558287945	0.15308853662452024	-0.320554154362329	0.22274441335778664	-0.24621548928455753	0.16066805040416451	-0.1176537402565845	0.19906805417692086	-0.1736664347768542	0.17397905974460937	-0.14990526805309082	0.14918707549143453	-0.25487806012249004	0.09338860120295463	-0.10844100375684237	0.0351574051008805	-0.03524820370714435
0.166045487372292	-0.1968360590597798	0.1245014669130795	-0.10748282277235295	0.17524703734903374	-0.18689575375918774	0.22060019572795744	-0.2531982466156368	0.19266616133398695	-0.15571082826387453	0.2222890013914999	-0.41943347190137775	0.2994605176485026	-0.22789528049797783	0.18315503417984724	-0.37290759070455043	0.9999999999999993	-0.6344453692302595	0.22174726391024943	-0.16567599881270356	0.1665054904278463	-0.2147632918388198	0.23821050607484306	-0.1804304394931804	0.12029247398461501	-0.1488099263803248	0.14252758172308996	-0.16350297609911374	0.1434106755281032	-0.1536388999452565	0.18247246318696322	-0.07426021739111549	0.0846827005990962	-0.033459214962508727	0.03320420300824021
-0.14145161616204074	0.16040954447974634	-0.1124750856883632	0.09688764088064859	-0.16284150527146224	0.14776392828608267	-0.1940695138263912	0.21713590718028863	-0.1974563653090544	0.14984551977724528	-0.179311717643102	0.28400140012053376	-0.5284054042811039	0.24110600303424762	-0.18956769299517887	0.21807986233057705	-0.6344453692302595	1.0	-0.2978416710891708	0.15671792703451173	-0.12621196282889885	0.14614003705719955	-0.3029055729515348	0.1931357223776355	-0.11814533410616594	0.11728188322539713	-0.1170137851359004	0.1405668703206304	-0.13801965534538244	0.14263097359201024	-0.15942893346828124	0.06400588796755675	-0.07428022059885524	0.031013586945056324	-0.030897568489817614
0.1370150819258868	-0.1775383002272446	0.12465763466029875	-0.11184387457253445	0.18423943957836336	-0.14285780115454497	0.16335069733169538	-0.21334834606439768	0.22631387692868923	-0.1883615262924144	0.15622594883704766	-0.21307138590321725	0.23242469003972635	-0.44295798947674375	0.2227095978180452	-0.20090455558287945	0.22174726391024943	-0.2978416710891708	0.9999999999999997	-0.3259669148539928	0.12983573036428364	-0.1558888641476033	0.310618425981537	-0.5734129342288375	0.21905096321463285	-0.13718970640958478	0.14029240226411321	-0.20091538311192714	0.2306765341555636	-0.25191371378687494	0.18850720955741118	-0.07945016527096958	0.09192304349456765	-0.049047187492166924	0.04832972560842298
-0.10928514337431487	0.13324912924341717	-0.10691804122846715	0.0905345014477742	-0.16743174885154308	0.10653126594027507	-0.11722406047843731	0.1408244194287514	-0.15842866521452478	0.1297302406601443	-0.12624325079913282	0.1388674647545422	-0.14718892880938406	0.17535334923950915	-0.17445430409867674	0.15308853662452024	-0.16567599881270356	0.15671792703451173	-0.3259669148539928	1.0000000000000007	-0.12663613430041892	0.14181152869388983	-0.32231316871110505	0.2654338008094884	-0.7244584817731077	0.13691291605940875	-0.1497448123286663	0.19233946934704405	-0.2822488835565379	0.2972695755692153	-0.23160533884510698	0.09059062330786305	-0.11060514683620212	0.05864321507395664	-0.061417960317616475
0.10631256415272652	-0.12009120133161306	0.08158391086548908	-0.06799765442249785	0.11892271804681179	-0.1120263371670557	0.10157763733617836	-0.1139096437435391	0.10354906230680042	-0.08662582277197162	0.16582664363894078	-0.12173186299738163	0.10976211560055395	-0.10839132772378202	0.10728277851878397	-0.320554154362329	0.1665054904278463	-0.12621196282889885	0.12983573036428364	-0.12663613430041892	0.9999999999999976	-0.6391693000148041	0.16793187831431808	-0.12134069406600555	0.09700700030471507	-0.5624150757718592	0.2842472384647979	-0.22803698181607032	0.14421371430531324	-0.13805843630562986	0.2683182447073406	-0.10710402207307207	0.11217228273322571	-0.03254157449719448	0.03230380670021771
-0.11382797500346173	0.12681711644307297	-0.09132097661500556	0.07586296936122072	-0.13551768424097127	0.113966130940901	-0.1118605920235546	0.12504770827238104	-0.11881250716414664	0.0986064369351484	-0.16606923543291835	0.1351320362421608	-0.1268782294201593	0.12426681032651636	-0.1245905976989628	0.22274441335778664	-0.2147632918388198	0.14614003705719955	-0.1558888641476033	0.14181152869388983	-0.6391693000148041	0.9999999999999954	-0.21445051572005283	0.14440533142384693	-0.11421366569135119	0.3168409050688869	-0.5091258355825936	0.25646633186332185	-0.18354424675206457	0.1554975011009356	-0.3236779236247906	0.12501685952648947	-0.1411684454970751	0.038747083232057146	-0.03896267044343783
0.15811692671195965	-0.21237203819025907	0.1430893683031226	-0.12491761375588292	0.21187157892418063	-0.16439288716236666	0.17272256076436576	-0.22078276702687064	0.20170958535210556	-0.17633445407975784	0.18120762265125281	-0.22147206789103677	0.21599596538825486	-0.25182114164190117	0.2067391829585982	-0.24621548928455753	0.23821050607484306	-0.3029055729515348	0.310618425981537	-0.32231316871110505	0.16793187831431808	-0.21445051572005283	1.0	-0.5418526563532612	0.2307679310589935	-0.18197430703623377	0.18558295167231453	-0.2868757469878141	0.265578524411553	-0.30378779905732667	0.2350683726558024	-0.10282307569892236	0.11682197704002961	-0.060180221843632295	0.058793238562252395
-0.10997604014184643	0.13833080810262652	-0.10175023304263951	0.08864187337889193	-0.15357665921967564	0.11128851122081047	-0.12501991847062574	0.15453551939276172	-0.17103036197022373	0.13665196715924957	-0.12739895359988104	0.15460690830597132	-0.1698446313911383	0.21637225820086095	-0.17696098944230382	0.16066805040416451	-0.1804304394931804	0.1931357223776355	-0.5734129342288375	0.2654338008094884	-0.12134069406600555	0.14440533142384693	-0.5418526563532612	0.9999999999999983	-0.295382356387765	0.13044636042120175	-0.1462590098225382	0.21284100330859682	-0.3922629252079069	0.26670989738292955	-0.18571735267584452	0.07825952434973535	-0.09200703553586118	0.054829428360701524	-0.05497058104172513
0.08048097842626835	-0.1007968226050668	0.07656946647471864	-0.06550987179358171	0.11782079194319943	-0.08001575650981654	0.08649910089658702	-0.1059505622270845	0.11262733151363041	-0.09423257758798355	0.09338512376571488	-0.10447391257019777	0.10744720447601148	-0.13209805475026415	0.1211824254180974	-0.1176537402565845	0.12029247398461501	-0.11814533410616594	0.21905096321463285	-0.7244584817731077	0.09700700030471507	-0.11421366569135119	0.2307679310589935	-0.295382356387765	0.9999999999999984	-0.10745675905210837	0.11888537698665658	-0.17353043824934367	0.25066437013088777	-0.517349104252741	0.16289538727992026	-0.06759587289826201	0.0804147226857248	-0.055529525165648755	0.05620100677828668
-0.10039319007883707	0.11562327577469007	-0.08265194252600792	0.06883769905381115	-0.12332052567104253	0.10075787271359235	-0.09622676579682399	0.10972494725959515	-0.10435937832264695	0.08794997032140425	-0.1431983202912187	0.11323190879521558	-0.10607146651972282	0.10906691246636838	-0.11040461297291705	0.19906805417692086	-0.1488099263803248	0.11728188322539713	-0.13718970640958478	0.13691291605940875	-0.5624150757718592	0.3168409050688869	-0.18197430703623377	0.13044636042120175	-0.10745675905210837	0.9999999999999982	-0.470733526824175	0.2541576947086286	-0.17099871809450354	0.1516745839781089	-0.528989150227878	0.14604500564306208	-0.15696372807761177	0.037932949916315586	-0.03790888530987719
0.09052139701591079	-0.10806744281510565	0.07690628135929148	-0.06465705836757264	0.11505592044654203	-0.0918535068191745	0.0902307931606929	-0.10527243582555051	0.1003541227093505	-0.08472398990364877	0.12145717550996851	-0.10920603301200925	0.10252217866516884	-0.10801710787689098	0.10594542862487193	-0.1736664347768542	0.14252758172308996	-0.1170137851359004	0.14029240226411321	-0.1497448123286663	0.2842472384647979	-0.5091258355825936	0.18558295167231453	-0.1462590098225382	0.11888537698665658	-0.470733526824175	0.9999999999999972	-0.5729704156109646	0.21172140509813064	-0.18494925461096465	0.27970334379598677	-0.15295674809767357	0.14940300265517692	-0.04249958058857412	0.04191750408364306
-0.10689399849926687	0.1279050385405186	-0.09592634070176038	0.08058311109587352	-0.14637447043860627	0.10564908536633524	-0.10832939879784813	0.12726882939360692	-0.12897822004335385	0.10801726647411936	-0.13502894011587563	0.1287960392013054	-0.12732690467047705	0.13926982592918843	-0.1386192171766675	0.17397905974460937	-0.16350297609911374	0.1405668703206304	-0.20091538311192714	0.19233946934704405	-0.22803698181607032	0.25646633186332185	-0.2868757469878141	0.21284100330859682	-0.17353043824934367	0.2541576947086286	-0.5729704156109646	0.9999999999999978	-0.48547704836595656	0.248748450031002	-0.35325419157359506	0.15761247160477787	-0.19790155357756595	0.06322119772992954	-0.06403779347134492
0.09578825395634373	-0.12002742877245327	0.0882625398616713	-0.07549274888192907	0.1342168930963089	-0.0962010199341185	0.10128791545418775	-0.12359875991312422	0.1262630145061982	-0.1064443933007947	0.11451724273486556	-0.12298517340180014	0.12324693245934214	-0.1483672620370428	0.13416224433244073	-0.14990526805309082	0.1434106755281032	-0.13801965534538244	0.2306765341555636	-0.2822488835565379	0.14421371430531324	-0.18354424675206457	0.265578524411553	-0.3922629252079069	0.25066437013088777	-0.17099871809450354	0.21172140509813064	-0.48547704836595656	0.999999999999997	-0.6008124950966518	0.21663473549907658	-0.09976428789464223	0.11495818855455192	-0.103595834103758	0.09488335044669445
-0.10217049709352005	0.12459551959392066	-0.09767331727105899	0.08254537811502521	-0.15179646921617612	0.10006435165475645	-0.10758641723616102	0.12884109503927818	-0.13949163739831943	0.11557621162758008	-0.12051923307298251	0.12774506155385817	-0.13205705876718307	0.15342235962615683	-0.1525055773363433	0.14918707549143453	-0.1536388999452565	0.14263097359201024	-0.25191371378687494	0.2972695755692153	-0.13805843630562986	0.1554975011009356	-0.30378779905732667	0.26670989738292955	-0.517349104252741	0.1516745839781089	-0.18494925461096465	0.248748450031002	-0.6008124950966518	0.9999999999999973	-0.2482548588945701	0.10033755387757627	-0.12278958607562428	0.0954720800619497	-0.10519182534451366
0.13590195511561923	-0.17715355440303932	0.1207968856825081	-0.10238829397038701	0.18094036743314726	-0.1399960367037213	0.1328920446526853	-0.1601009205777389	0.14713288415037112	-0.128076248311267	0.16892959712115294	-0.1585758262141294	0.14456162844718054	-0.1565626793719851	0.1558130458428917	-0.25487806012249004	0.18247246318696322	-0.15942893346828124	0.18850720955741118	-0.23160533884510698	0.2683182447073406	-0.3236779236247906	0.2350683726558024	-0.18571735267584452	0.16289538727992026	-0.528989150227878	0.27970334379598677	-0.35325419157359506	0.21663473549907658	-0.2482548588945701	0.9999999999999967	-0.3119670285523787	0.2315136393392923	-0.05736170478618703	0.055760511790430636
-0.053572243559610676	0.0676017663357334	-0.04804271334588495	0.04047517914803086	-0.07270266449839816	0.05401231091741644	-0.052618656853988234	0.06271648294066695	-0.05965196368128223	0.05140058829033597	-0.06680098837103807	0.062433839680086	-0.05841650999601276	0.06321528089165283	-0.06377221713982784	0.09338860120295463	-0.07426021739111549	0.06400588796755675	-0.07945016527096958	0.09059062330786305	-0.10710402207307207	0.12501685952648947	-0.10282307569892236	0.07825952434973535	-0.06759587289826201	0.14604500564306208	-0.15295674809767357	0.15761247160477787	-0.09976428789464223	0.10033755387757627	-0.3119670285523787	0.9999999999999971	-0.9060814379233908	0.04441882395437436	-0.04437816509032793
0.06214700572224799	-0.0801455186053005	0.056178039205425065	-0.04750755339667291	0.08488175516047969	-0.06307690679585233	0.0612015646416524	-0.07366444462529201	0.06932930793317649	-0.06011976334246742	0.07615795300798263	-0.07286748518909691	0.06766363616317445	-0.0739204470819636	0.0739528487118229	-0.10844100375684237	0.0846827005990962	-0.07428022059885524	0.09192304349456765	-0.11060514683620212	0.11217228273322571	-0.1411684454970751	0.11682197704002961	-0.09200703553586118	0.0804147226857248	-0.15696372807761177	0.14940300265517692	-0.19790155357756595	0.11495818855455192	-0.12278958607562428	0.2315136393392923	-0.9060814379233908	0.9999999999999971	-0.05345034058913749	0.0502627497175123
-0.023064509024228727	0.02882508101877063	-0.02174055654292765	0.018421164987571084	-0.03348022687130218	0.02286189757121261	-0.023890375811340417	0.02885552544321677	-0.029797967803945787	0.025163103914650264	-0.027292137388669372	0.028511754833641857	-0.028471211165507805	0.03295593946022097	-0.032282663229105626	0.0351574051008805	-0.033459214962508727	0.031013586945056324	-0.049047187492166924	0.05864321507395664	-0.03254157449719448	0.038747083232057146	-0.060180221843632295	0.054829428360701524	-0.055529525165648755	0.037932949916315586	-0.04249958058857412	0.06322119772992954	-0.103595834103758	0.0954720800619497	-0.05736170478618703	0.04441882395437436	-0.05345034058913749	0.9999999999999971	-0.9843637988593104
0.023002003680991492	-0.028906575021074275	0.021640599908692902	-0.018361577136111286	0.03326093297579315	-0.022863659046520202	0.023819630019837168	-0.028854372696266922	0.029580180896494206	-0.02505669136703126	0.027183836110595695	-0.028481756098875308	0.028303016362134108	-0.03287706293776131	0.031971236373305206	-0.03524820370714435	0.03320420300824021	-0.030897568489817614	0.04832972560842298	-0.061417960317616475	0.03230380670021771	-0.03896267044343783	0.058793238562252395	-0.05497058104172513	0.05620100677828668	-0.03790888530987719	0.04191750408364306	-0.06403779347134492	0.09488335044669445	-0.10519182534451366	0.055760511790430636	-0.04437816509032793	0.0502627497175123	-0.9843637988593104	0.9999999999999971
