1.0000000000000004	-0.9797330669969553	0.08618671160805204	-0.03804948385939538	0.034938039802895796	-0.13368694623822466	0.10850420390187415	-0.07095335127918771	0.0478442929422387	-0.03783895111949938	0.03938142732265744	-0.045348777705641684	0.047921730456356997	-0.04236153040650228	0.03968903813243508	-0.030041125985770557	0.031646959495369394	-0.035687709144118555	0.035468171549004966	-0.01720753080762668	0.03082372135107025	-0.029644901604532994	0.0323323218403307	-0.029483823797380328	0.018470555858233307	-0.016815069790617566	0.018475929359470133	-0.01783417896687037	0.01480768256896479	-0.01389837705713399	0.01974351843828932	-0.022832396732636134	0.01724469886119132	-0.013957994445799154	0.010401755548376404	-0.006362312562576348	0.006112587775611673	-0.005666787839131481	0.006340687439014082	-0.0074746456468614214	0.00506732961465271	-0.005294684014506365	0.00667475313947632	-0.004643552296712095	0.005139908524249703
-0.9797330669969553	1.0000000000000004	-0.09570319081157602	0.038318719970031834	-0.03573073211135129	0.1180036475933642	-0.11882916157679425	0.07167199735409713	-0.04880216443724701	0.037849703975381926	-0.03979691947820121	0.045438103028233014	-0.04873786151845253	0.04244819123414433	-0.04010609910528745	0.029964890481105604	-0.031743154166580106	0.035552192111553485	-0.035570917678977895	0.017203544301926672	-0.030865312902967238	0.029394177602377593	-0.032248244862839226	0.029271109266008326	-0.018499610756610427	0.01674815852073121	-0.018347828682659228	0.0176936822531571	-0.014694184569450604	0.013769856317552252	-0.019705169930729755	0.022608527801824846	-0.017128413134999326	0.013822277003914158	-0.010311080695605301	0.006300758789305722	-0.006053611573332309	0.005610726554280439	-0.00627667842478336	0.007392610199387082	-0.00502161430714996	0.005240960799319246	-0.006609112874739994	0.004595190257100859	-0.005086635770660594
0.08618671160805204	-0.09570319081157602	1.0000000000000004	-0.3020788600417166	0.21025813206402966	-0.28874584821436083	0.2342714259987437	-0.721824666747392	0.2705339266666298	-0.22633320393056844	0.1543201991839447	-0.19147416595910705	0.2317376119197438	-0.23797788410190898	0.19987959657688056	-0.13145463897130177	0.1388701852801075	-0.1724477841890463	0.16721128872440214	-0.08373019771184416	0.13259197268877762	-0.13701184640549183	0.14799585756676387	-0.14335959025135211	0.08749125793441656	-0.07484520966025365	0.08486799626248002	-0.08321714905369942	0.07036502507665651	-0.06662519622141812	0.08676713778729123	-0.10656414515386856	0.07978413138684848	-0.06678632765815495	0.04943879390174863	-0.029620701389345132	0.028600051025738295	-0.02662095756017509	0.029939052237535596	-0.035508387646681225	0.023495296228921377	-0.024828373700038726	0.03128497638745079	-0.021943908349005177	0.0242930660814708
-0.03804948385939538	0.038318719970031834	-0.3020788600417166	1.0000000000000002	-0.8392960358787926	0.12163431259175206	-0.11193628738183475	0.19096639932126105	-0.28027309951651863	0.2412529518736156	-0.1011889166105266	0.11218744953124582	-0.15318191562325603	0.17533005825638315	-0.22612654910097185	0.08415749476284042	-0.09192547538821237	0.1111159098834492	-0.12662393400592756	0.06799047334380469	-0.09000847203602837	0.08955506906763865	-0.10496360961537111	0.10017346154364899	-0.07205647176489076	0.05005232834625704	-0.05662137654793369	0.05630504604414916	-0.048756283362039916	0.045728914136994744	-0.05914521132556613	0.07031018677035833	-0.05442523364787332	0.04561266926133277	-0.034015680492821804	0.019888128074410313	-0.019309151356653977	0.0179858542356673	-0.02030761930866215	0.02399911201781274	-0.01584082824134285	0.016719024337920795	-0.02115662390044732	0.014850102410982925	-0.01646734024252823
0.034938039802895796	-0.03573073211135129	0.21025813206402966	-0.8392960358787926	0.9999999999999999	-0.1253178071549452	0.10717988575097838	-0.17883576821245875	0.22610276831928733	-0.3462462139727008	0.10128933641551854	-0.11463825907246405	0.1456232714922786	-0.17853277984887608	0.21676297893022847	-0.08729779480686473	0.0940105029528165	-0.1152589784203271	0.12621253894987527	-0.06955920019357562	0.09296001799930795	-0.09549264380121247	0.10888341000311814	-0.10629847635741706	0.07226345698845499	-0.05264394868883189	0.060104245058506776	-0.05993014600638472	0.051818919349543933	-0.04901320377232788	0.06184043360348967	-0.0754880454081294	0.05767045830803482	-0.0490198000944396	0.03637005771988379	-0.021466517017167126	0.020807025337214125	-0.019392343262314506	0.021910190904649383	-0.02599940968858281	0.017051271676583876	-0.01806399856136524	0.022823842586000342	-0.016049811533608706	0.017793486830557086
-0.13368694623822466	0.1180036475933642	-0.28874584821436083	0.12163431259175206	-0.1253178071549452	0.9999999999999994	-0.8479685880507039	0.2442716283053652	-0.18406099799249365	0.12995887386987368	-0.18492643697142944	0.19425836595396148	-0.19829239874284454	0.153883978066657	-0.14906399627604497	0.12138387992624594	-0.1293016759756783	0.13440976935425994	-0.13498270122980102	0.06332940177620827	-0.12376900207243706	0.10993504581744659	-0.12119767599510778	0.10606548295147299	-0.06887724124082989	0.06458535091512745	-0.0688119017634788	0.06525359932953556	-0.053562117953424276	0.049732453853213565	-0.07652406272119856	0.08317584753911308	-0.06356017542956206	0.049860321342030854	-0.03740504181269241	0.023030565268856926	-0.022049627917249907	0.020377223346368052	-0.022699756063374862	0.02657401241655382	-0.01842139282046143	0.01903463116166801	-0.024012566537821602	0.016593694584296437	-0.018360207388877163
0.10850420390187415	-0.11882916157679425	0.2342714259987437	-0.11193628738183475	0.10717988575097838	-0.8479685880507039	0.9999999999999994	-0.32972549568993353	0.1666922421494418	-0.12277830121156899	0.16066128510517824	-0.2312175306378386	0.1824962177373565	-0.14941512684985717	0.13056258304497795	-0.11447553284367	0.11924317639159374	-0.12896988086951475	0.12121604497625195	-0.05746062708031129	0.10968364131068807	-0.10378652252192995	0.108969750044353	-0.09896800315054721	0.061492381877558344	-0.058764289812622036	0.06383897754110762	-0.060568109333813604	0.049634222297144696	-0.04643962272225052	0.0682522885962999	-0.0782036194906425	0.05848317036768376	-0.04658284392427914	0.03473090571115961	-0.02127627024721806	0.020402662078252084	-0.018896081302338937	0.02106765114289055	-0.024772081758948978	0.016948361276531144	-0.017642820179035346	0.02220838292449269	-0.015417537575997207	0.01704552913482235
-0.07095335127918771	0.07167199735409713	-0.721824666747392	0.19096639932126105	-0.17883576821245875	0.2442716283053652	-0.32972549568993353	0.9999999999999997	-0.3951667737128229	0.19614535694208032	-0.14669910060194433	0.17985676108825688	-0.29538367175300095	0.22992915158214572	-0.19019362369940196	0.11566969725899366	-0.12637455926857863	0.15322279078530376	-0.15426027279802687	0.07377301160291429	-0.1160907487231815	0.1146365168748693	-0.12731834302052672	0.12105956624818306	-0.07770448255469768	0.06356189570055218	-0.07126773641917032	0.06942717753419553	-0.05887890813132443	0.05519098145257302	-0.07408351245753841	0.08799463194663837	-0.066858498425217	0.0550937308273732	-0.04099588168002053	0.02419420985435469	-0.023411202879823574	0.021782145635231447	-0.024478005259256908	0.0288889998427675	-0.01925058918536971	0.020253282766400402	-0.025560589180587335	0.017900229263875297	-0.019817110194581936
0.0478442929422387	-0.04880216443724701	0.2705339266666298	-0.28027309951651863	0.22610276831928733	-0.18406099799249365	0.1666922421494418	-0.3951667737128229	1.0	-0.47859827921068276	0.15688011231650761	-0.19160240298645198	0.2613567863589552	-0.5455844239079424	0.3011409059468783	-0.1351091499365634	0.1469010177234158	-0.18906784829966064	0.21090353947518992	-0.10633199863310736	0.13749103793397943	-0.14307386055391735	0.16146105224785015	-0.1683949545004611	0.1072792721715323	-0.07746250838529482	0.08918614192232492	-0.0890023177451479	0.07829720394669026	-0.07393557653148329	0.08998371170099133	-0.11154391105996449	0.08515852908070329	-0.07338053740826611	0.054291673967234694	-0.030845881933975108	0.030076899426114783	-0.02811979933448517	0.031861631389542275	-0.03779018091720048	0.024488811140207876	-0.026048384599989264	0.032923977690182585	-0.02329005656338315	0.025804595801884128
-0.03783895111949938	0.037849703975381926	-0.22633320393056844	0.2412529518736156	-0.3462462139727008	0.12995887386987368	-0.12277830121156899	0.19614535694208032	-0.47859827921068276	1.000000000000001	-0.12767480908856038	0.14176740466030388	-0.20171927322246078	0.2706256417273848	-0.6849276901481611	0.10716867927384291	-0.1185727368703655	0.1460728424707709	-0.17853150351096145	0.11424135602633696	-0.11416452243422975	0.1148110417578029	-0.1371121606848836	0.13635365891633872	-0.11859488318552525	0.06357536928340456	-0.07272341395266937	0.0730485292609707	-0.06482526706744925	0.06072961036121988	-0.07495170200140898	0.09021497118961068	-0.07047569402527512	0.060155944669929025	-0.04490698926692727	0.025389918006872205	-0.024802378462034286	0.02317084254638012	-0.026285750825419146	0.03108080526152204	-0.02022113483291573	0.021449616494165116	-0.027187374077639517	0.01919214409656209	-0.02129408116794032
0.03938142732265744	-0.03979691947820121	0.1543201991839447	-0.1011889166105266	0.10128933641551854	-0.18492643697142944	0.16066128510517824	-0.14669910060194433	0.15688011231650761	-0.12767480908856038	1.000000000000001	-0.6189594456588992	0.26293195638644695	-0.1911563647905206	0.1536355117944495	-0.5372212874619743	0.27524891511781474	-0.2614278300759108	0.18897933318848228	-0.0849248623060517	0.25195088723516257	-0.22907556471852744	0.18282881402529938	-0.16352692892802437	0.09056237924029387	-0.1315607778172171	0.13012173015555967	-0.11425272993685451	0.08545898328524715	-0.08018321666714022	0.1360175928472232	-0.15955567982855023	0.10840736573790809	-0.08086289182669715	0.05986208001110591	-0.03902292188666178	0.03664073336069312	-0.03372217148320202	0.03678536409982237	-0.04307736798886587	0.03082473226111898	-0.03166796313077933	0.0393060586651212	-0.026969782870899312	0.029600340257732734
-0.045348777705641684	0.045438103028233014	-0.19147416595910705	0.11218744953124582	-0.11463825907246405	0.19425836595396148	-0.2312175306378386	0.17985676108825688	-0.19160240298645198	0.14176740466030388	-0.6189594456588992	1.000000000000003	-0.5058731244426795	0.2209379779235552	-0.1780205442170367	0.26936394140110265	-0.32934857096949127	0.25155435123800896	-0.20504631889798702	0.08811405544408413	-0.2279365675253663	0.19205274878574294	-0.18179253638512047	0.15725886710260562	-0.09486207553374323	0.11019485232235326	-0.1151992119388896	0.10225406481394161	-0.07999889458611621	0.07400117752047292	-0.12571996247372166	0.1348896609357235	-0.09889709855473115	0.07415022428558306	-0.055452976972969074	0.03479645513218406	-0.03301856431738445	0.03042234195681314	-0.033474791232433694	0.0390208529456873	-0.027765387131593898	0.028423463594469733	-0.03561123524282668	0.024460248014433233	-0.026945746202196544
0.047921730456356997	-0.04873786151845253	0.2317376119197438	-0.15318191562325603	0.1456232714922786	-0.19829239874284454	0.1824962177373565	-0.29538367175300095	0.2613567863589552	-0.20171927322246078	0.26293195638644695	-0.5058731244426795	1.000000000000002	-0.4891177996637359	0.22741802289722515	-0.2226811462177357	0.24379854163920853	-0.37565973078610737	0.2506412379919275	-0.1113723092153626	0.19350584088074957	-0.20085449332954308	0.20435559596676675	-0.19805523280673046	0.1146200210278065	-0.1062305697521033	0.12025084876941872	-0.11445147083848965	0.09470405195042816	-0.08888649695385666	0.11972360477668692	-0.1479630647488639	0.10894317383101425	-0.08853541498792723	0.06554165061604356	-0.03840285942430291	0.03717564758633043	-0.03462047169166903	0.03871499231101082	-0.045666344193439484	0.03045925236217502	-0.03210255817479163	0.04035734394793418	-0.028296426756135425	0.03124602247043951
-0.04236153040650228	0.04244819123414433	-0.23797788410190898	0.17533005825638315	-0.17853277984887608	0.153883978066657	-0.14941512684985717	0.22992915158214572	-0.5455844239079424	0.2706256417273848	-0.1911563647905206	0.2209379779235552	-0.4891177996637359	1.0000000000000007	-0.4034611394689627	0.15315318093710678	-0.17739934788754674	0.2275155406145633	-0.3564391540092667	0.12999289050381216	-0.15577624108035265	0.15495201696249433	-0.18765268363815094	0.19403653006574895	-0.13320520387868942	0.08477386992562472	-0.0974351150286733	0.09743350502175578	-0.08787359440350545	0.08105267654505507	-0.09909990484378833	0.11918034049597527	-0.0937518802333044	0.079739764820882	-0.059583893898559434	0.03241780981441298	-0.03186307278538929	0.029839586688136244	-0.033886745587035055	0.03992846991228036	-0.02583677153735519	0.02744237766624785	-0.034812039232377245	0.0246651528399826	-0.027349013593746425
0.03968903813243508	-0.04010609910528745	0.19987959657688056	-0.22612654910097185	0.21676297893022847	-0.14906399627604497	0.13056258304497795	-0.19019362369940196	0.3011409059468783	-0.6849276901481611	0.1536355117944495	-0.1780205442170367	0.22741802289722515	-0.4034611394689627	1.000000000000002	-0.13689858319600973	0.14843979141690208	-0.18964651409395797	0.21755446681069526	-0.1756982815904798	0.1442826886749255	-0.15299127519331598	0.17550032979130237	-0.18639270454404824	0.15233726666982655	-0.08264324628990989	0.09620296777054599	-0.0974148233771102	0.08713017486354255	-0.08290273314120136	0.09645450954285427	-0.12136946731304693	0.0931493039473997	-0.08217502811512357	0.06074754620081685	-0.03428772072270242	0.03349604304710058	-0.03136588401483088	0.03569435025023397	-0.04249198401222568	0.027193113540154114	-0.02906943713206141	0.03677755418505535	-0.026113268288798144	0.028960839958665413
-0.030041125985770557	0.029964890481105604	-0.13145463897130177	0.08415749476284042	-0.08729779480686473	0.12138387992624594	-0.11447553284367	0.11566969725899366	-0.1351091499365634	0.10716867927384291	-0.5372212874619743	0.26936394140110265	-0.2226811462177357	0.15315318093710678	-0.13689858319600973	1.0000000000000038	-0.4880489245587062	0.2544399018100626	-0.19049394643790596	0.07979992164509363	-0.5156842036363274	0.24639433704726924	-0.18823688752991613	0.1534282840739904	-0.08702241881317914	0.1660080567446919	-0.1431422703889651	0.11531603892053355	-0.08280189039474475	0.0762558965653141	-0.17830327635749926	0.16111787601002106	-0.11154601316628418	0.07694961974273704	-0.057569692323207786	0.040190385624477985	-0.03664574767905247	0.03329080193890068	-0.03572971398999895	0.04121244934870118	-0.03206399711385025	0.03154397356878863	-0.03903322110848036	0.026157079878701955	-0.02861961524238624
0.031646959495369394	-0.031743154166580106	0.1388701852801075	-0.09192547538821237	0.0940105029528165	-0.1293016759756783	0.11924317639159374	-0.12637455926857863	0.1469010177234158	-0.1185727368703655	0.27524891511781474	-0.32934857096949127	0.24379854163920853	-0.17739934788754674	0.14843979141690208	-0.4880489245587062	1.0000000000000024	-0.5923807036355485	0.2327856916546071	-0.0959505370682685	0.26844629327922004	-0.36181717352245063	0.21982414886872498	-0.19040186609574794	0.10099580591243831	-0.1369792544215637	0.1683068171113054	-0.13553480613707763	0.09736808468951352	-0.09002931121016569	0.14680068853564593	-0.18867434015396387	0.12776035764005442	-0.09005352722010031	0.06688000901709135	-0.04078959680139167	0.03950699058168854	-0.03651304116498137	0.03964608513463831	-0.04603422113930508	0.032436150513562044	-0.03369707425920561	0.04199052299821027	-0.028906227506840142	0.03168717773285856
-0.035687709144118555	0.035552192111553485	-0.1724477841890463	0.1111159098834492	-0.1152589784203271	0.13440976935425994	-0.12896988086951475	0.15322279078530376	-0.18906784829966064	0.1460728424707709	-0.2614278300759108	0.25155435123800896	-0.37565973078610737	0.2275155406145633	-0.18964651409395797	0.2544399018100626	-0.5923807036355485	1.0000000000000062	-0.44017799732125085	0.13268169957005946	-0.24622872873944376	0.23868455423661955	-0.3203680477817508	0.24127547486565634	-0.14260856546877573	0.12320818630001734	-0.14865720876568544	0.1387951557572534	-0.11351648733355615	0.1024744827987798	-0.14359196158334497	0.16634000153027323	-0.13383080351663293	0.10105457046366796	-0.07603426957198688	0.04184341437600831	-0.04129483317185098	0.038559020956540874	-0.04300685605002603	0.050003711197800164	-0.03351126477667295	0.03520028529677695	-0.04458529179368054	0.031196586100393626	-0.03446522771324928
0.035468171549004966	-0.035570917678977895	0.16721128872440214	-0.12662393400592756	0.12621253894987527	-0.13498270122980102	0.12121604497625195	-0.15426027279802687	0.21090353947518992	-0.17853150351096145	0.18897933318848228	-0.20504631889798702	0.2506412379919275	-0.3564391540092667	0.21755446681069526	-0.19049394643790596	0.2327856916546071	-0.44017799732125085	1.000000000000001	-0.2958848882805283	0.19237851501386877	-0.22243362859751403	0.2905121678113866	-0.5201608290705612	0.2271046469711462	-0.11030927013595272	0.14007752831502127	-0.1528384691812603	0.16399533861250432	-0.15221223201029907	0.12705338294677834	-0.17411018349940754	0.14253884362421376	-0.14354189075763665	0.10474495041340087	-0.045547387974653034	0.04672685159901587	-0.044742201103602164	0.05263359558312973	-0.06248227569277949	0.03621351974308023	-0.03997549684321139	0.05120647988841383	-0.0379459819796205	0.04213983216282134
-0.01720753080762668	0.017203544301926672	-0.08373019771184416	0.06799047334380469	-0.06955920019357562	0.06332940177620827	-0.05746062708031129	0.07377301160291429	-0.10633199863310736	0.11424135602633696	-0.0849248623060517	0.08811405544408413	-0.1113723092153626	0.12999289050381216	-0.1756982815904798	0.07979992164509363	-0.0959505370682685	0.13268169957005946	-0.2958848882805283	1.0000000000000022	-0.08730733908997108	0.09505779005850935	-0.14011021668791732	0.1843183344514515	-0.9016017638336029	0.04983071689873572	-0.06255128122399753	0.06945895161153989	-0.07733075845647137	0.07208566106808358	-0.058643339555051986	0.07700933072323152	-0.06650091264889263	0.06542443981269286	-0.051049325550777506	0.02129737835940834	-0.02196761663623361	0.021023607800603628	-0.02494196221278044	0.029501622108915132	-0.016999410456601177	0.018771957281320032	-0.024226844579636652	0.017934112385025933	-0.02005750363653471
0.03082372135107025	-0.030865312902967238	0.13259197268877762	-0.09000847203602837	0.09296001799930795	-0.12376900207243706	0.10968364131068807	-0.1160907487231815	0.13749103793397943	-0.11416452243422975	0.25195088723516257	-0.2279365675253663	0.19350584088074957	-0.15577624108035265	0.1442826886749255	-0.5156842036363274	0.26844629327922004	-0.24622872873944376	0.19237851501386877	-0.08730733908997108	1.0000000000000016	-0.4506864739928938	0.21939431349344393	-0.1852097980766535	0.09504814641593223	-0.39741607816462565	0.22245168794374726	-0.1707488982430504	0.10904008757660079	-0.10212910912471893	0.2664425882852099	-0.2689799707461799	0.15915739613578941	-0.1043022272202104	0.0769835145404289	-0.06018076004218388	0.05275027897111357	-0.04752000715755125	0.04964364466121847	-0.0572668106234677	0.0469269909853071	-0.04572644632415296	0.05529971978187541	-0.03655086932410199	0.039603768457423215
-0.029644901604532994	0.029394177602377593	-0.13701184640549183	0.08955506906763865	-0.09549264380121247	0.10993504581744659	-0.10378652252192995	0.1146365168748693	-0.14307386055391735	0.1148110417578029	-0.22907556471852744	0.19205274878574294	-0.20085449332954308	0.15495201696249433	-0.15299127519331598	0.24639433704726924	-0.36181717352245063	0.23868455423661955	-0.22243362859751403	0.09505779005850935	-0.4506864739928938	1.0000000000000009	-0.3132933648989934	0.2003256344753024	-0.10738053357890485	0.2072238930727446	-0.5342614404344237	0.21713035445055126	-0.12912987766475736	0.11247828271366855	-0.2494738918152322	0.29733806488856196	-0.22670710414425888	0.11467076524256256	-0.0880871048791721	0.058142083570744144	-0.05788404923895178	0.05266161531882836	-0.05464654082111617	0.06116094034430721	-0.04726852709583666	0.04795597074468759	-0.06010045141689363	0.039590097114183646	-0.04317546766906208
0.0323323218403307	-0.032248244862839226	0.14799585756676387	-0.10496360961537111	0.10888341000311814	-0.12119767599510778	0.108969750044353	-0.12731834302052672	0.16146105224785015	-0.1371121606848836	0.18282881402529938	-0.18179253638512047	0.20435559596676675	-0.18765268363815094	0.17550032979130237	-0.18823688752991613	0.21982414886872498	-0.3203680477817508	0.2905121678113866	-0.14011021668791732	0.21939431349344393	-0.3132933648989934	1.000000000000002	-0.5801243400414527	0.15025295892981072	-0.13545458164696061	0.205484296834886	-0.32004578028930486	0.21645136061446615	-0.20429453747045365	0.15495560831071656	-0.2600278975334664	0.230352415638267	-0.19747177688612014	0.14076483250535232	-0.05954260471533916	0.06343175506597451	-0.06198591435176822	0.07111166713576188	-0.08446564035077987	0.047158028246605116	-0.053792244686388754	0.06873164273320304	-0.05126346485301269	0.05644831385644545
-0.029483823797380328	0.029271109266008326	-0.14335959025135211	0.10017346154364899	-0.10629847635741706	0.10606548295147299	-0.09896800315054721	0.12105956624818306	-0.1683949545004611	0.13635365891633872	-0.16352692892802437	0.15725886710260562	-0.19805523280673046	0.19403653006574895	-0.18639270454404824	0.1534282840739904	-0.19040186609574794	0.24127547486565634	-0.5201608290705612	0.1843183344514515	-0.1852097980766535	0.2003256344753024	-0.5801243400414527	1.0000000000000007	-0.23241009493237344	0.10651514748073872	-0.1485634811575056	0.1946775336239139	-0.32534759984307016	0.2019139157621083	-0.12855408239337912	0.17322335327874522	-0.1888533033186008	0.183789392679575	-0.1492136360461016	0.048432576112875166	-0.053265675491766314	0.052045293784229625	-0.06371499401529804	0.0736228513805805	-0.039078484681108125	0.04453395591101733	-0.05901130541689363	0.04483922482313252	-0.050671550604097934
0.018470555858233307	-0.018499610756610427	0.08749125793441656	-0.07205647176489076	0.07226345698845499	-0.06887724124082989	0.061492381877558344	-0.07770448255469768	0.1072792721715323	-0.11859488318552525	0.09056237924029387	-0.09486207553374323	0.1146200210278065	-0.13320520387868942	0.15233726666982655	-0.08702241881317914	0.10099580591243831	-0.14260856546877573	0.2271046469711462	-0.9016017638336029	0.09504814641593223	-0.10738053357890485	0.15025295892981072	-0.23241009493237344	0.9999999999999982	-0.05525358515329622	0.07018613900527318	-0.07883388391975067	0.08911899080177714	-0.08680655102503604	0.06461488031694265	-0.08775274508086854	0.07445392693077177	-0.07731892313502133	0.05909885090761131	-0.024197256312145567	0.024997985994219554	-0.024004631623061427	0.028627986412126362	-0.03409516456735629	0.019258917581801534	-0.021408478213237835	0.027584513040351893	-0.020607692790812468	0.02300910106156238
-0.016815069790617566	0.01674815852073121	-0.07484520966025365	0.05005232834625704	-0.05264394868883189	0.06458535091512745	-0.058764289812622036	0.06356189570055218	-0.07746250838529482	0.06357536928340456	-0.1315607778172171	0.11019485232235326	-0.1062305697521033	0.08477386992562472	-0.08264324628990989	0.1660080567446919	-0.1369792544215637	0.12320818630001734	-0.11030927013595272	0.04983071689873572	-0.39741607816462565	0.2072238930727446	-0.13545458164696061	0.10651514748073872	-0.05525358515329622	0.9999999999999993	-0.1962274646121821	0.11511085961966243	-0.0687750974295074	0.06296521245626287	-0.8390168999327907	0.18641831502089742	-0.11371143048328688	0.065195158746314	-0.048948334969493544	0.06604691174297986	-0.045175946076490225	0.03738541943560729	-0.03666344202642677	0.04025087081233735	-0.053630993524502	0.03988679751461893	-0.04685153034706553	0.027260833076512954	-0.028993239928923047
0.018475929359470133	-0.018347828682659228	0.08486799626248002	-0.05662137654793369	0.060104245058506776	-0.0688119017634788	0.06383897754110762	-0.07126773641917032	0.08918614192232492	-0.07272341395266937	0.13012173015555967	-0.1151992119388896	0.12025084876941872	-0.0974351150286733	0.09620296777054599	-0.1431422703889651	0.1683068171113054	-0.14865720876568544	0.14007752831502127	-0.06255128122399753	0.22245168794374726	-0.5342614404344237	0.205484296834886	-0.1485634811575056	0.07018613900527318	-0.1962274646121821	0.9999999999999998	-0.34830425492820116	0.12062417638986339	-0.1051503573277826	0.189253444467771	-0.660529558367322	0.2644335279450714	-0.10705305583758182	0.07961034401287842	-0.04725354242497703	0.05272860499917341	-0.04873899847257679	0.04717958303765111	-0.052232705809742555	0.03786926148102237	-0.041904038367006756	0.050959547284186724	-0.0339725737865591	0.03629887021608674
-0.01783417896687037	0.0176936822531571	-0.08321714905369942	0.05630504604414916	-0.05993014600638472	0.06525359932953556	-0.060568109333813604	0.06942717753419553	-0.0890023177451479	0.0730485292609707	-0.11425272993685451	0.10225406481394161	-0.11445147083848965	0.09743350502175578	-0.0974148233771102	0.11531603892053355	-0.13553480613707763	0.1387951557572534	-0.1528384691812603	0.06945895161153989	-0.1707488982430504	0.21713035445055126	-0.32004578028930486	0.1946775336239139	-0.07883388391975067	0.11511085961966243	-0.34830425492820116	0.9999999999999978	-0.2637910211718595	0.1732948294929213	-0.13793622174755088	0.28586340223085166	-0.7545882561123223	0.17301815555649422	-0.13341307597712457	0.04896349957092298	-0.06272484687885896	0.0658277609356105	-0.06459984433421173	0.0692563402533921	-0.03978016731396562	0.04816158041088813	-0.06453304619479389	0.044712614014111175	-0.04815111451019595
0.01480768256896479	-0.014694184569450604	0.07036502507665651	-0.048756283362039916	0.051818919349543933	-0.053562117953424276	0.049634222297144696	-0.05887890813132443	0.07829720394669026	-0.06482526706744925	0.08545898328524715	-0.07999889458611621	0.09470405195042816	-0.08787359440350545	0.08713017486354255	-0.08280189039474475	0.09736808468951352	-0.11351648733355615	0.16399533861250432	-0.07733075845647137	0.10904008757660079	-0.12912987766475736	0.21645136061446615	-0.32534759984307016	0.08911899080177714	-0.0687750974295074	0.12062417638986339	-0.2637910211718595	0.9999999999999973	-0.686992400983423	0.08238813446752005	-0.13858690279199004	0.19581894922040904	-0.46677462839186484	0.2978497264942267	-0.04243274015605977	0.053697221952573045	-0.05722386999630142	0.08249848540434092	-0.09672670400473428	0.03422174263141373	-0.0439644930629803	0.06082861191698669	-0.05550655217142854	0.06237280980249283
-0.01389837705713399	0.013769856317552252	-0.06662519622141812	0.045728914136994744	-0.04901320377232788	0.049732453853213565	-0.04643962272225052	0.05519098145257302	-0.07393557653148329	0.06072961036121988	-0.08018321666714022	0.07400117752047292	-0.08888649695385666	0.08105267654505507	-0.08290273314120136	0.0762558965653141	-0.09002931121016569	0.1024744827987798	-0.15221223201029907	0.07208566106808358	-0.10212910912471893	0.11247828271366855	-0.20429453747045365	0.2019139157621083	-0.08680655102503604	0.06296521245626287	-0.1051503573277826	0.1732948294929213	-0.686992400983423	0.9999999999999969	-0.07711367843497173	0.1179769413634728	-0.1778855507227955	0.31823025937839117	-0.5543274176466743	0.04117083681678305	-0.05380194455377327	0.0559060610941093	-0.0843409730066699	0.10056741150125835	-0.033671919706413526	0.0433139869510619	-0.06203560074425249	0.055682766427527015	-0.06810494699354204
0.01974351843828932	-0.019705169930729755	0.08676713778729123	-0.05914521132556613	0.06184043360348967	-0.07652406272119856	0.0682522885962999	-0.07408351245753841	0.08998371170099133	-0.07495170200140898	0.1360175928472232	-0.12571996247372166	0.11972360477668692	-0.09909990484378833	0.09645450954285427	-0.17830327635749926	0.14680068853564593	-0.14359196158334497	0.12705338294677834	-0.058643339555051986	0.2664425882852099	-0.2494738918152322	0.15495560831071656	-0.12855408239337912	0.06461488031694265	-0.8390168999327907	0.189253444467771	-0.13793622174755088	0.08238813446752005	-0.07711367843497173	0.9999999999999962	-0.2460343720214859	0.13097054945279812	-0.0800596747948466	0.05928831904165586	-0.0900645932827878	0.05539791680805753	-0.046009975197270916	0.044883799637364254	-0.04985544621173642	0.06587249266587752	-0.049929968878627766	0.05719249135383315	-0.033556306434487614	0.03553897879870143
-0.022832396732636134	0.022608527801824846	-0.10656414515386856	0.07031018677035833	-0.0754880454081294	0.08317584753911308	-0.0782036194906425	0.08799463194663837	-0.11154391105996449	0.09021497118961068	-0.15955567982855023	0.1348896609357235	-0.1479630647488639	0.11918034049597527	-0.12136946731304693	0.16111787601002106	-0.18867434015396387	0.16634000153027323	-0.17411018349940754	0.07700933072323152	-0.2689799707461799	0.29733806488856196	-0.2600278975334664	0.17322335327874522	-0.08775274508086854	0.18641831502089742	-0.660529558367322	0.28586340223085166	-0.13858690279199004	0.1179769413634728	-0.2460343720214859	0.9999999999999952	-0.4437293267993687	0.12502432283151485	-0.09627516155105492	0.0616935087506882	-0.07508293628185254	0.06646723480623486	-0.06179638594429596	0.06648970050420103	-0.05025424665251159	0.05638531190656499	-0.06878717163423065	0.04426045636434017	-0.047096741541902035
0.01724469886119132	-0.017128413134999326	0.07978413138684848	-0.05442523364787332	0.05767045830803482	-0.06356017542956206	0.05848317036768376	-0.066858498425217	0.08515852908070329	-0.07047569402527512	0.10840736573790809	-0.09889709855473115	0.10894317383101425	-0.0937518802333044	0.0931493039473997	-0.11154601316628418	0.12776035764005442	-0.13383080351663293	0.14253884362421376	-0.06650091264889263	0.15915739613578941	-0.22670710414425888	0.230352415638267	-0.1888533033186008	0.07445392693077177	-0.11371143048328688	0.2644335279450714	-0.7545882561123223	0.19581894922040904	-0.1778855507227955	0.13097054945279812	-0.4437293267993687	0.9999999999999972	-0.2023856222110031	0.13403744035390955	-0.05330316969954548	0.07122685756202726	-0.08152904396300331	0.07114693193726576	-0.07631445986868164	0.042745163178796605	-0.054469169389174274	0.071468042810793	-0.04965238567341609	0.0519700907830541
-0.013957994445799154	0.013822277003914158	-0.06678632765815495	0.04561266926133277	-0.0490198000944396	0.049860321342030854	-0.04658284392427914	0.0550937308273732	-0.07338053740826611	0.060155944669929025	-0.08086289182669715	0.07415022428558306	-0.08853541498792723	0.079739764820882	-0.08217502811512357	0.07694961974273704	-0.09005352722010031	0.10105457046366796	-0.14354189075763665	0.06542443981269286	-0.1043022272202104	0.11467076524256256	-0.19747177688612014	0.183789392679575	-0.07731892313502133	0.065195158746314	-0.10705305583758182	0.17301815555649422	-0.46677462839186484	0.31823025937839117	-0.0800596747948466	0.12502432283151485	-0.2023856222110031	0.9999999999999977	-0.7316602825083031	0.053395301902072576	-0.0745913949284351	0.08091059180263092	-0.1460677159164231	0.14488154336321002	-0.04374809636711685	0.05939095519133194	-0.08700475430603336	0.08581773776853197	-0.10050324502333674
0.010401755548376404	-0.010311080695605301	0.04943879390174863	-0.034015680492821804	0.03637005771988379	-0.03740504181269241	0.03473090571115961	-0.04099588168002053	0.054291673967234694	-0.04490698926692727	0.05986208001110591	-0.055452976972969074	0.06554165061604356	-0.059583893898559434	0.06074754620081685	-0.057569692323207786	0.06688000901709135	-0.07603426957198688	0.10474495041340087	-0.051049325550777506	0.0769835145404289	-0.0880871048791721	0.14076483250535232	-0.1492136360461016	0.05909885090761131	-0.048948334969493544	0.07961034401287842	-0.13341307597712457	0.2978497264942267	-0.5543274176466743	0.05928831904165586	-0.09627516155105492	0.13403744035390955	-0.7316602825083031	0.9999999999999968	-0.04415436320524579	0.06119013759388785	-0.06730467915389958	0.1149148297844069	-0.16005074601897348	0.0358501262085336	-0.04965962271033817	0.07232383862257741	-0.07542828424777179	0.09057554635009854
-0.006362312562576348	0.006300758789305722	-0.029620701389345132	0.019888128074410313	-0.021466517017167126	0.023030565268856926	-0.02127627024721806	0.02419420985435469	-0.030845881933975108	0.025389918006872205	-0.03902292188666178	0.03479645513218406	-0.03840285942430291	0.03241780981441298	-0.03428772072270242	0.040190385624477985	-0.04078959680139167	0.04184341437600831	-0.045547387974653034	0.02129737835940834	-0.06018076004218388	0.058142083570744144	-0.05954260471533916	0.048432576112875166	-0.024197256312145567	0.06604691174297986	-0.04725354242497703	0.04896349957092298	-0.04243274015605977	0.04117083681678305	-0.0900645932827878	0.0616935087506882	-0.05330316969954548	0.053395301902072576	-0.04415436320524579	0.9999999999999958	-0.317721674632263	0.18523348107197543	-0.144796995824828	0.12826044853340565	-0.8278980845913981	0.29305582970080124	-0.3072237762887208	0.1146817740334991	-0.11125298743722672
0.006112587775611673	-0.006053611573332309	0.028600051025738295	-0.019309151356653977	0.020807025337214125	-0.022049627917249907	0.020402662078252084	-0.023411202879823574	0.030076899426114783	-0.024802378462034286	0.03664073336069312	-0.03301856431738445	0.03717564758633043	-0.03186307278538929	0.03349604304710058	-0.03664574767905247	0.03950699058168854	-0.04129483317185098	0.04672685159901587	-0.02196761663623361	0.05275027897111357	-0.05788404923895178	0.06343175506597451	-0.053265675491766314	0.024997985994219554	-0.045175946076490225	0.05272860499917341	-0.06272484687885896	0.053697221952573045	-0.05380194455377327	0.05539791680805753	-0.07508293628185254	0.07122685756202726	-0.0745913949284351	0.06119013759388785	-0.317721674632263	0.9999999999999952	-0.6258570832934502	0.22659482925457816	-0.22809919996781744	0.22735961792357673	-0.5560678595404682	0.32180750931724633	-0.18182799319689272	0.14819708032656273
-0.005666787839131481	0.005610726554280439	-0.02662095756017509	0.0179858542356673	-0.019392343262314506	0.020377223346368052	-0.018896081302338937	0.021782145635231447	-0.02811979933448517	0.02317084254638012	-0.03372217148320202	0.03042234195681314	-0.03462047169166903	0.029839586688136244	-0.03136588401483088	0.03329080193890068	-0.03651304116498137	0.038559020956540874	-0.044742201103602164	0.021023607800603628	-0.04752000715755125	0.05266161531882836	-0.06198591435176822	0.052045293784229625	-0.024004631623061427	0.03738541943560729	-0.04873899847257679	0.0658277609356105	-0.05722386999630142	0.0559060610941093	-0.046009975197270916	0.06646723480623486	-0.08152904396300331	0.08091059180263092	-0.06730467915389958	0.18523348107197543	-0.6258570832934502	0.9999999999999949	-0.42804676050869583	0.23528287537586268	-0.1587957650153838	0.28326020007512615	-0.5249912817819912	0.2180141524475527	-0.18353435222537223
0.006340687439014082	-0.00627667842478336	0.029939052237535596	-0.02030761930866215	0.021910190904649383	-0.022699756063374862	0.02106765114289055	-0.024478005259256908	0.031861631389542275	-0.026285750825419146	0.03678536409982237	-0.033474791232433694	0.03871499231101082	-0.033886745587035055	0.03569435025023397	-0.03572971398999895	0.03964608513463831	-0.04300685605002603	0.05263359558312973	-0.02494196221278044	0.04964364466121847	-0.05464654082111617	0.07111166713576188	-0.06371499401529804	0.028627986412126362	-0.03666344202642677	0.04717958303765111	-0.06459984433421173	0.08249848540434092	-0.0843409730066699	0.044883799637364254	-0.06179638594429596	0.07114693193726576	-0.1460677159164231	0.1149148297844069	-0.144796995824828	0.22659482925457816	-0.42804676050869583	0.9999999999999958	-0.5803903043255382	0.11156145445376978	-0.1942276345031531	0.26667795876778433	-0.5389790833532818	0.3068411661815865
-0.0074746456468614214	0.007392610199387082	-0.035508387646681225	0.02399911201781274	-0.02599940968858281	0.02657401241655382	-0.024772081758948978	0.0288889998427675	-0.03779018091720048	0.03108080526152204	-0.04307736798886587	0.0390208529456873	-0.045666344193439484	0.03992846991228036	-0.04249198401222568	0.04121244934870118	-0.04603422113930508	0.050003711197800164	-0.06248227569277949	0.029501622108915132	-0.0572668106234677	0.06116094034430721	-0.08446564035077987	0.0736228513805805	-0.03409516456735629	0.04025087081233735	-0.052232705809742555	0.0692563402533921	-0.09672670400473428	0.10056741150125835	-0.04985544621173642	0.06648970050420103	-0.07631445986868164	0.14488154336321002	-0.16005074601897348	0.12826044853340565	-0.22809919996781744	0.23528287537586268	-0.5803903043255382	0.9999999999999951	-0.11039548045817213	0.168936639023815	-0.2931832264118431	0.32597683875327454	-0.6140386151325211
0.00506732961465271	-0.00502161430714996	0.023495296228921377	-0.01584082824134285	0.017051271676583876	-0.01842139282046143	0.016948361276531144	-0.01925058918536971	0.024488811140207876	-0.02022113483291573	0.03082473226111898	-0.027765387131593898	0.03045925236217502	-0.02583677153735519	0.027193113540154114	-0.03206399711385025	0.032436150513562044	-0.03351126477667295	0.03621351974308023	-0.016999410456601177	0.0469269909853071	-0.04726852709583666	0.047158028246605116	-0.039078484681108125	0.019258917581801534	-0.053630993524502	0.03786926148102237	-0.03978016731396562	0.03422174263141373	-0.033671919706413526	0.06587249266587752	-0.05025424665251159	0.042745163178796605	-0.04374809636711685	0.0358501262085336	-0.8278980845913981	0.22735961792357673	-0.1587957650153838	0.11156145445376978	-0.11039548045817213	0.9999999999999953	-0.4533983182382242	0.22491832579084775	-0.09340110885531985	0.0855556773871934
-0.005294684014506365	0.005240960799319246	-0.024828373700038726	0.016719024337920795	-0.01806399856136524	0.01903463116166801	-0.017642820179035346	0.020253282766400402	-0.026048384599989264	0.021449616494165116	-0.03166796313077933	0.028423463594469733	-0.03210255817479163	0.02744237766624785	-0.02906943713206141	0.03154397356878863	-0.03369707425920561	0.03520028529677695	-0.03997549684321139	0.018771957281320032	-0.04572644632415296	0.04795597074468759	-0.053792244686388754	0.04453395591101733	-0.021408478213237835	0.03988679751461893	-0.041904038367006756	0.04816158041088813	-0.0439644930629803	0.0433139869510619	-0.049929968878627766	0.05638531190656499	-0.054469169389174274	0.05939095519133194	-0.04965962271033817	0.29305582970080124	-0.5560678595404682	0.28326020007512615	-0.1942276345031531	0.168936639023815	-0.4533983182382242	0.9999999999999953	-0.5597459011452323	0.16057776902889992	-0.1440432971259496
0.00667475313947632	-0.006609112874739994	0.03128497638745079	-0.02115662390044732	0.022823842586000342	-0.024012566537821602	0.02220838292449269	-0.025560589180587335	0.032923977690182585	-0.027187374077639517	0.0393060586651212	-0.03561123524282668	0.04035734394793418	-0.034812039232377245	0.03677755418505535	-0.03903322110848036	0.04199052299821027	-0.04458529179368054	0.05120647988841383	-0.024226844579636652	0.05529971978187541	-0.06010045141689363	0.06873164273320304	-0.05901130541689363	0.027584513040351893	-0.04685153034706553	0.050959547284186724	-0.06453304619479389	0.06082861191698669	-0.06203560074425249	0.05719249135383315	-0.06878717163423065	0.071468042810793	-0.08700475430603336	0.07232383862257741	-0.3072237762887208	0.32180750931724633	-0.5249912817819912	0.26667795876778433	-0.2931832264118431	0.22491832579084775	-0.5597459011452323	0.999999999999996	-0.32158961644023776	0.20890586508364367
