0.9999999999999999	-0.6627529800696552	0.12558364184171644	-0.10022463879703404	0.13169463392095881	-0.6032528496398623	0.27525955200227087	-0.16593615968925052	0.12839065000354966	-0.09672927172476843	0.21901803323758712	-0.20125008125519786	0.1536174828867956	-0.1079078607975832	0.11859343733417241	-0.22346678541512863	0.20221266253699594	-0.11042999744321451	0.09203049973332299	-0.10375531575717727	0.1177080133454796	-0.10846173103834017	0.08921867677385464	-0.037889800915158214	0.03608956774770784	-0.08656017122962661	0.07807656100988879	-0.10724473799400772	0.027798177010354416	-0.02733216074711673	0.06442804659239477	-0.07020289308880243	0.07035531102599434	-0.05455964410345767	0.03704422551282034	-0.11271888546484277	0.047866908160076105	-0.054393065336913723	0.051915377009790355	-0.031832401577291725
-0.6627529800696552	1.0000000000000002	-0.1995132575886096	0.14917700122906324	-0.21139411519003545	0.3115641586816458	-0.42522103292284447	0.220083857919478	-0.1969464747901693	0.14552228095252728	-0.23236430629730415	0.24856298219154555	-0.23021123525971282	0.15710994147715038	-0.18502735175735446	0.20085801378657583	-0.3115354826589867	0.14494356094865435	-0.12932257370374103	0.13828775505058596	-0.1507876256582932	0.13179041973037076	-0.11884431734715473	0.05031052785423414	-0.0484356027666536	0.10821480613974495	-0.09976644873125087	0.1361046144187419	-0.03636157815192381	0.03551407180179217	-0.08179860884389203	0.08903868863324307	-0.09118720605887698	0.07036089838475328	-0.04848831202409194	0.14127491156637603	-0.06144191679436656	0.06939519520277954	-0.06808699822323683	0.04137376180127804
0.12558364184171644	-0.1995132575886096	1.0000000000000009	-0.6821893999594961	0.2782261514919799	-0.14048872966395268	0.1899092290084456	-0.5119888822342089	0.2676060370439223	-0.21568454971691295	0.10736382094517162	-0.1801348281492288	0.21874708190441325	-0.19630055566447568	0.1918692282627755	-0.11688550466892583	0.16766899696002313	-0.1344864617629381	0.11973851939603623	-0.1533765962567335	0.10175811199150171	-0.0996140148932681	0.10241610486220547	-0.04729122768405194	0.04468490895637292	-0.10892168997882196	0.09292267082871067	-0.13805664621826497	0.03517921916255694	-0.03499724757655211	0.08379428534558786	-0.09126595818858138	0.0890898539225615	-0.07101526467277838	0.04714088298209616	-0.15646623078308108	0.06170222586106472	-0.07135253238043059	0.0657947117058082	-0.041166077146574644
-0.10022463879703404	0.14917700122906324	-0.6821893999594961	1.000000000000001	-0.5051794653607484	0.10781720304080056	-0.1509851270717197	0.27969313590217454	-0.3622943399872585	0.23743344611557893	-0.08769364985646408	0.14603150549064903	-0.2051231460451646	0.19466638339018535	-0.2141661843056088	0.0936802478934256	-0.1435248098521828	0.1121058125120091	-0.10410594776266645	0.12944579388993538	-0.08476268605283115	0.0822130757595758	-0.08595141475715853	0.03956316970682317	-0.03751778092353818	0.08881654659816059	-0.07634008178191899	0.11298595897013075	-0.029118489192791575	0.028894480773324082	-0.06840403293222025	0.0745092807807251	-0.07322341712522082	0.0581724205050349	-0.038775071375175905	0.126962993559462	-0.050515778877754734	0.058294758307531405	-0.05414566888414092	0.033777936326195926
0.13169463392095881	-0.21139411519003545	0.2782261514919799	-0.5051794653607484	1.0000000000000009	-0.14385981037366619	0.17759672846457542	-0.2962588777499874	0.2904672270920945	-0.5453036847310366	0.1185517451802521	-0.1917214979359607	0.22879112911431665	-0.24065069523978191	0.28222007697951984	-0.13228949656680858	0.19071326585061268	-0.1732478092145606	0.15947312015656429	-0.2152676447104214	0.12589829777113168	-0.12493225041756612	0.13175487966058244	-0.06295392573988473	0.0593339171628462	-0.14810680377060526	0.12423673030182714	-0.18691152063125316	0.04728631287502228	-0.047227727032193224	0.11465797351813069	-0.12478096695570444	0.12044421129127264	-0.09689086253205173	0.06390909611944168	-0.21772270388567413	0.08407514302709627	-0.09766273575139921	0.08911466681198299	-0.05608268375085428
-0.6032528496398623	0.3115641586816458	-0.14048872966395268	0.10781720304080056	-0.14385981037366619	1.000000000000001	-0.4893463425931136	0.18399054591147715	-0.1446918789728974	0.10473658584115676	-0.4126134095064891	0.22795341618470263	-0.17592790392816662	0.11829575897002766	-0.13002161810583976	0.2480063947282158	-0.24427130281393195	0.1161432687232006	-0.09593186555554754	0.10586765469659119	-0.13331918891788647	0.11619287631066426	-0.0948350412742288	0.039273180676061926	-0.0375275214363524	0.08812492436509654	-0.08087510620714314	0.1094226517573086	-0.028571075317841112	0.027999520575515125	-0.06541221437848732	0.07126984303426197	-0.07202488086568137	0.05540497956017683	-0.03779575847858527	0.11291229648879758	-0.048726326092333724	0.05515383553606365	-0.053003190519755675	0.03236694000417047
0.27525955200227087	-0.42522103292284447	0.1899092290084456	-0.1509851270717197	0.17759672846457542	-0.4893463425931136	1.0000000000000002	-0.37951941363784786	0.19607814580835162	-0.1400384478235637	0.21462918488591284	-0.5033773003133482	0.24350715062506872	-0.16751054884923586	0.16426067340906791	-0.22055854384435802	0.2764528346705068	-0.1451026198932976	0.11771010140552644	-0.13593100508615064	0.13526422449291384	-0.12876179966384674	0.11311651024812358	-0.048062984775767155	0.04566777734285532	-0.1080323381404346	0.0966770890937416	-0.1360443495794125	0.035126926659349834	-0.03460353055689603	0.08094724427728538	-0.08829974367410931	0.08833399906674512	-0.06866283714098712	0.04635818783901603	-0.14331372206539844	0.06010397679692382	-0.06856061878694313	0.06488751083654354	-0.03995471546637982
-0.16593615968925052	0.220083857919478	-0.5119888822342089	0.27969313590217454	-0.2962588777499874	0.18399054591147715	-0.37951941363784786	0.9999999999999993	-0.45592425421411337	0.2279408579655404	-0.1411082442076247	0.24499568238364072	-0.4105962496168813	0.2593949496897822	-0.25123519654702153	0.14174811293971218	-0.22582640478495966	0.1496948461379256	-0.13250993609860925	0.15508300033551867	-0.11851070174333167	0.11250054084096515	-0.11543565390170507	0.05045274157142123	-0.048069498865159675	0.10949955036878621	-0.09655333060264977	0.1402235154722825	-0.0365972930713528	0.036096972957574615	-0.08371156352203696	0.09126782133887863	-0.09125152901518603	0.07150299039357125	-0.048122161105089954	0.15155686229724197	-0.062216684085939375	0.0713111738897008	-0.06728802226099603	0.04162291833237348
0.12839065000354966	-0.1969464747901693	0.2676060370439223	-0.3622943399872585	0.2904672270920945	-0.1446918789728974	0.19607814580835162	-0.45592425421411337	0.9999999999999977	-0.4341537078346171	0.11476563644338497	-0.21032308319661933	0.2925026046757404	-0.5163571356825306	0.30497619077861493	-0.12527555795887002	0.18736891565018657	-0.15512309354832232	0.14201216253179588	-0.1789167306315046	0.11222579536022373	-0.11029729115305517	0.11613089826668202	-0.053617120676570165	0.05067471825303044	-0.1192338986085907	0.10228775284722726	-0.15276772830546437	0.039248010841927444	-0.03898088954911959	0.09166388510075005	-0.09995196097190921	0.09816846982121291	-0.07794327405477924	0.0518214068754806	-0.17023190897263568	0.06767231930887244	-0.07818077282996456	0.07232643897257862	-0.04517613708986623
-0.09672927172476843	0.14552228095252728	-0.21568454971691295	0.23743344611557893	-0.5453036847310366	0.10473658584115676	-0.1400384478235637	0.2279408579655404	-0.4341537078346171	0.9999999999999972	-0.08782556543550232	0.1515763128012184	-0.22919067270036766	0.2721219097751795	-0.6059785181278785	0.09514068970732632	-0.14843004175499194	0.12302504667054831	-0.12181190521390425	0.15206298662805728	-0.08959448017650516	0.0874625595414894	-0.09363683895147201	0.04392622061067548	-0.04174188758454212	0.09625134426589291	-0.08256880325717357	0.12307909508476303	-0.031967926250003297	0.03171096998863702	-0.07425528877748501	0.08092125461885684	-0.07958564339881748	0.06325310300526878	-0.042136642875351515	0.13808109238019237	-0.0548670176371644	0.06336235250165859	-0.05882345275350624	0.03671625700179254
0.21901803323758712	-0.23236430629730415	0.10736382094517162	-0.08769364985646408	0.1185517451802521	-0.4126134095064891	0.21462918488591284	-0.1411082442076247	0.11476563644338497	-0.08782556543550232	0.9999999999999977	-0.21139550831837794	0.14457667777919353	-0.10030625308124434	0.1093463428697911	-0.7766630347870791	0.22929160355422976	-0.12919238590354817	0.09680602274312367	-0.10812168823410868	0.18594309888764532	-0.1687608588530225	0.10756808959319482	-0.043124878261228045	0.04079389959732678	-0.10477750531711834	0.09612586421641325	-0.1250511703681927	0.031677666832027204	-0.03111864329807793	0.07460257690909151	-0.08139103992235651	0.08080801014592326	-0.06161435503236409	0.041718984157709825	-0.1260820167397731	0.05493759566947018	-0.06205954055410981	0.05849263795750757	-0.03575341120995745
-0.20125008125519786	0.24856298219154555	-0.1801348281492288	0.14603150549064903	-0.1917214979359607	0.22795341618470263	-0.5033773003133482	0.24499568238364072	-0.21032308319661933	0.1515763128012184	-0.21139550831837794	0.9999999999999973	-0.41860771909588557	0.20090599112406227	-0.19699803794093015	0.2009869332372575	-0.589174569387372	0.17625373167498712	-0.13595104092737054	0.15109844578694637	-0.15534371673966946	0.14748181086031553	-0.13665347470381548	0.05517681851709634	-0.05265001213290347	0.1187478517586189	-0.10855171318571721	0.15236935506241586	-0.03974039079519436	0.038973476722781765	-0.08913846243504836	0.09735220052876141	-0.09884128372045747	0.07597037868023701	-0.051533067492777834	0.15576713915589294	-0.06654777122122693	0.07564337916714509	-0.07214936193763043	0.0442355306113235
0.1536174828867956	-0.23021123525971282	0.21874708190441325	-0.2051231460451646	0.22879112911431665	-0.17592790392816662	0.24350715062506872	-0.4105962496168813	0.2925026046757404	-0.22919067270036766	0.14457667777919353	-0.41860771909588557	0.9999999999999936	-0.5509685654248088	0.26899890966702544	-0.15792191960634663	0.25935635308190924	-0.23724810246526526	0.1690306302719185	-0.20657947382320715	0.14269051171128358	-0.14224239020767696	0.15881663242135327	-0.06740931529579561	0.06355898231613319	-0.14478939879375338	0.1262380032537594	-0.19114122110206822	0.04878428070683354	-0.04830729549709018	0.11064385982736255	-0.12104183755861975	0.12065550526324056	-0.09451018920914783	0.06293977489300763	-0.2022869605468172	0.08210733165722803	-0.09462779070094332	0.0878246132068345	-0.05465610078310983
-0.1079078607975832	0.15710994147715038	-0.19630055566447568	0.19466638339018535	-0.24065069523978191	0.11829575897002766	-0.16751054884923586	0.2593949496897822	-0.5163571356825306	0.2721219097751795	-0.10030625308124434	0.20090599112406227	-0.5509685654248088	0.9999999999999954	-0.5171416559952123	0.10705300049455022	-0.18095623082081963	0.14480289363517201	-0.14467666268933976	0.16233063665518435	-0.09982881257524444	0.09716989635833383	-0.10798201228759363	0.048405043197728946	-0.045962139543320533	0.10053636442335877	-0.08779224766654435	0.13079147027649415	-0.03437590446214559	0.03395086508237554	-0.07720820489937054	0.08429398946025579	-0.08415461377901566	0.06608323908092432	-0.04423935860521087	0.14119492254701752	-0.057357378995232994	0.06598307446725915	-0.06177863563641514	0.03836516288813683
0.11859343733417241	-0.18502735175735446	0.1918692282627755	-0.2141661843056088	0.28222007697951984	-0.13002161810583976	0.16426067340906791	-0.25123519654702153	0.30497619077861493	-0.6059785181278785	0.1093463428697911	-0.19699803794093015	0.26899890966702544	-0.5171416559952123	0.9999999999999954	-0.12126320930901426	0.18322804288478317	-0.1681370825085529	0.16502914454266554	-0.2276778603384511	0.11683411815503317	-0.11593836406245592	0.12521745969780218	-0.06016369330656299	0.05693921801176704	-0.13260686058578106	0.1125312795895158	-0.17007656940894877	0.04383470698031325	-0.0436214263882466	0.10238139210387727	-0.1116342223762937	0.10897758146299073	-0.08702095005331001	0.05762778249843444	-0.1921649002721899	0.07543531620999103	-0.08741802793466912	0.08037423146234732	-0.05038337477624468
-0.22346678541512863	0.20085801378657583	-0.11688550466892583	0.0936802478934256	-0.13228949656680858	0.2480063947282158	-0.22055854384435802	0.14174811293971218	-0.12527555795887002	0.09514068970732632	-0.7766630347870791	0.2009869332372575	-0.15792191960634663	0.10705300049455022	-0.12126320930901426	0.9999999999999957	-0.324338975208258	0.14083177055717522	-0.10625344970266767	0.1135469750409384	-0.2958921057329521	0.19168709042380244	-0.12267930861594926	0.04700549411497836	-0.04486356446859902	0.11067177784697384	-0.10637268276146991	0.13219292650428946	-0.03410246307022298	0.03325457043506958	-0.07891722257452893	0.08591197841998116	-0.08688446846142495	0.06521693773901198	-0.044730577488363024	0.12944981146621432	-0.0584758771531699	0.0653949236826682	-0.06283892071179437	0.03803604015344365
0.20221266253699594	-0.3115354826589867	0.16766899696002313	-0.1435248098521828	0.19071326585061268	-0.24427130281393195	0.2764528346705068	-0.22582640478495966	0.18736891565018657	-0.14843004175499194	0.22929160355422976	-0.589174569387372	0.25935635308190924	-0.18095623082081963	0.18322804288478317	-0.324338975208258	0.9999999999999963	-0.29324796404720416	0.17974058675602625	-0.21005811990352152	0.22003032765554015	-0.25272516251017363	0.20119813917299859	-0.08069136116812686	0.07571364949102406	-0.1825553742363514	0.16398187264428307	-0.23630333175052695	0.059017504894369105	-0.0583281391291244	0.13453091128678957	-0.14768056284540715	0.14737374514489626	-0.11361787665513912	0.07590173298776579	-0.23661333671190737	0.09971925362058967	-0.11412616769424519	0.10603971614881742	-0.0655348745129298
-0.11042999744321451	0.14494356094865435	-0.1344864617629381	0.1121058125120091	-0.1732478092145606	0.1161432687232006	-0.1451026198932976	0.1496948461379256	-0.15512309354832232	0.12302504667054831	-0.12919238590354817	0.17625373167498712	-0.23724810246526526	0.14480289363517201	-0.1681370825085529	0.14083177055717522	-0.29324796404720416	0.9999999999999954	-0.3244193605140067	0.2247542534746094	-0.24217998983877664	0.22689172322394258	-0.7091788813232518	0.1316800100328404	-0.13115263770936314	0.16182704361705916	-0.17773619720674944	0.267614292744536	-0.07933252224205303	0.07339126536436183	-0.12517946010205214	0.1385455629846607	-0.17500764108466335	0.11451511910316875	-0.08246516971965981	0.1851983152992977	-0.10067729193637044	0.1095200472514465	-0.11543882521854554	0.06724494022739086
0.09203049973332299	-0.12932257370374103	0.11973851939603623	-0.10410594776266645	0.15947312015656429	-0.09593186555554754	0.11771010140552644	-0.13250993609860925	0.14201216253179588	-0.12181190521390425	0.09680602274312367	-0.13595104092737054	0.1690306302719185	-0.14467666268933976	0.16502914454266554	-0.10625344970266767	0.17974058675602625	-0.3244193605140067	0.9999999999999943	-0.8186549762596893	0.1417309111503074	-0.1419358331284676	0.19858422605639114	-0.1472321209871057	0.12900651933300858	-0.1461466386826546	0.13311132071397114	-0.2150727309772018	0.07304674684736179	-0.07158430330861243	0.11218085782856001	-0.12408895370206127	0.13206029164798835	-0.10161905649973484	0.06926284787647673	-0.1944341508520048	0.08608707169651138	-0.09832953250277937	0.09651022542470736	-0.05907076243388695
-0.10375531575717727	0.13828775505058596	-0.1533765962567335	0.12944579388993538	-0.2152676447104214	0.10586765469659119	-0.13593100508615064	0.15508300033551867	-0.1789167306315046	0.15206298662805728	-0.10812168823410868	0.15109844578694637	-0.20657947382320715	0.16233063665518435	-0.2276778603384511	0.1135469750409384	-0.21005811990352152	0.2247542534746094	-0.8186549762596893	0.999999999999994	-0.14733683635911288	0.13481371998171002	-0.18436898251620332	0.1294732713926103	-0.14005968551436507	0.12828100579175802	-0.12242217619669254	0.1794109809882809	-0.07068874307855588	0.06676289174617951	-0.10050247003129212	0.11030135039050823	-0.12248242002196841	0.09313759230628094	-0.06679573186807759	0.16711323722504975	-0.07876775251323766	0.08801981416181681	-0.09381350330863078	0.05578635978920703
0.1177080133454796	-0.1507876256582932	0.10175811199150171	-0.08476268605283115	0.12589829777113168	-0.13331918891788647	0.13526422449291384	-0.11851070174333167	0.11222579536022373	-0.08959448017650516	0.18594309888764532	-0.15534371673966946	0.14269051171128358	-0.09982881257524444	0.11683411815503317	-0.2958921057329521	0.22003032765554015	-0.24217998983877664	0.1417309111503074	-0.14733683635911288	0.9999999999999932	-0.7843004598998123	0.2283097231422822	-0.07740136037757453	0.07164405586499083	-0.22280726993315791	0.21455766798975073	-0.23579063160860395	0.05589004180754455	-0.054536381701070114	0.1370294046878325	-0.15093606014539993	0.1450506121266303	-0.10452538340018432	0.07079328313470294	-0.20475737963653975	0.09807727809015776	-0.10850096560366114	0.09955641692789798	-0.05987985281230312
-0.10846173103834017	0.13179041973037076	-0.0996140148932681	0.0822130757595758	-0.12493225041756612	0.11619287631066426	-0.12876179966384674	0.11250054084096515	-0.11029729115305517	0.0874625595414894	-0.1687608588530225	0.14748181086031553	-0.14224239020767696	0.09716989635833383	-0.11593836406245592	0.19168709042380244	-0.25272516251017363	0.22689172322394258	-0.1419358331284676	0.13481371998171002	-0.7843004598998123	0.9999999999999926	-0.3273617098880641	0.07863153460538735	-0.07534602249839749	0.1996907546958346	-0.28337963274130273	0.2208031007184924	-0.054936179116362165	0.05224462226083635	-0.12963433901633264	0.1416557546695193	-0.14391121117938055	0.0975957928221561	-0.06835117814058772	0.17587144648759423	-0.09445686202830467	0.10054498040769641	-0.09655832453089723	0.05666392411532032
0.08921867677385464	-0.11884431734715473	0.10241610486220547	-0.08595141475715853	0.13175487966058244	-0.0948350412742288	0.11311651024812358	-0.11543565390170507	0.11613089826668202	-0.09363683895147201	0.10756808959319482	-0.13665347470381548	0.15881663242135327	-0.10798201228759363	0.12521745969780218	-0.12267930861594926	0.20119813917299859	-0.7091788813232518	0.19858422605639114	-0.18436898251620332	0.2283097231422822	-0.3273617098880641	0.9999999999999936	-0.16885693420662526	0.13720163512179584	-0.17373828994136747	0.18822111923073345	-0.4312964152304539	0.08740949200648829	-0.08308074948470551	0.12598307807615172	-0.1444406470495625	0.17808420839248879	-0.11634476441933857	0.07885084348993451	-0.18575561124196766	0.10056505665812898	-0.11259240551069404	0.10949890419952196	-0.06511222252742839
-0.037889800915158214	0.05031052785423414	-0.04729122768405194	0.03956316970682317	-0.06295392573988473	0.039273180676061926	-0.048062984775767155	0.05045274157142123	-0.053617120676570165	0.04392622061067548	-0.043124878261228045	0.05517681851709634	-0.06740931529579561	0.048405043197728946	-0.06016369330656299	0.04700549411497836	-0.08069136116812686	0.1316800100328404	-0.1472321209871057	0.1294732713926103	-0.07740136037757453	0.07863153460538735	-0.16885693420662526	0.9999999999999939	-0.917442231709292	0.06741118118755085	-0.07031739375156629	0.1222250531489747	-0.2171060459529863	0.1836049421976491	-0.05186346857882455	0.05835173772342991	-0.07200553906199973	0.05087936800497025	-0.03731654918496315	0.07876035277950288	-0.042068697328802925	0.04671820250128331	-0.04949153255501605	0.030457335064905364
0.03608956774770784	-0.0484356027666536	0.04468490895637292	-0.03751778092353818	0.0593339171628462	-0.0375275214363524	0.04566777734285532	-0.048069498865159675	0.05067471825303044	-0.04174188758454212	0.04079389959732678	-0.05265001213290347	0.06355898231613319	-0.045962139543320533	0.05693921801176704	-0.04486356446859902	0.07571364949102406	-0.13115263770936314	0.12900651933300858	-0.14005968551436507	0.07164405586499083	-0.07534602249839749	0.13720163512179584	-0.917442231709292	0.9999999999999926	-0.0668521276964745	0.06768512793331273	-0.12281766538134947	0.1868301279533609	-0.23792636009967819	0.05089169089686083	-0.05751723871919643	0.06909111739490895	-0.049997683456200086	0.036170371670515476	-0.07887455183561345	0.04096464587167623	-0.045992182887781986	0.0476045727718051	-0.029800105747933667
-0.08656017122962661	0.10821480613974495	-0.10892168997882196	0.08881654659816059	-0.14810680377060526	0.08812492436509654	-0.1080323381404346	0.10949955036878621	-0.1192338986085907	0.09625134426589291	-0.10477750531711834	0.1187478517586189	-0.14478939879375338	0.10053636442335877	-0.13260686058578106	0.11067177784697384	-0.1825553742363514	0.16182704361705916	-0.1461466386826546	0.12828100579175802	-0.22280726993315791	0.1996907546958346	-0.17373828994136747	0.06741118118755085	-0.0668521276964745	0.9999999999999932	-0.692623179664186	0.25478772022014423	-0.05955446107544896	0.05571317421092433	-0.4560595242406605	0.2719231178622792	-0.23635422671549638	0.14545446695687997	-0.10933068608616275	0.2786938734455496	-0.17654059256906568	0.16272994257373108	-0.15927684078846432	0.0874924528180586
0.07807656100988879	-0.09976644873125087	0.09292267082871067	-0.07634008178191899	0.12423673030182714	-0.08087510620714314	0.0966770890937416	-0.09655333060264977	0.10228775284722726	-0.08256880325717357	0.09612586421641325	-0.10855171318571721	0.1262380032537594	-0.08779224766654435	0.1125312795895158	-0.10637268276146991	0.16398187264428307	-0.17773619720674944	0.13311132071397114	-0.12242217619669254	0.21455766798975073	-0.28337963274130273	0.18822111923073345	-0.07031739375156629	0.06768512793331273	-0.692623179664186	0.9999999999999925	-0.3940015679938989	0.06644295754307356	-0.06367915001199566	0.270107435018272	-0.3481008285918297	0.23300235241418665	-0.14701772814046818	0.10125214635867684	-0.28683175623088114	0.17152260090544108	-0.1758391123839232	0.1451529009880024	-0.08336431302078354
-0.10724473799400772	0.1361046144187419	-0.13805664621826497	0.11298595897013075	-0.18691152063125316	0.1094226517573086	-0.1360443495794125	0.1402235154722825	-0.15276772830546437	0.12307909508476303	-0.1250511703681927	0.15236935506241586	-0.19114122110206822	0.13079147027649415	-0.17007656940894877	0.13219292650428946	-0.23630333175052695	0.267614292744536	-0.2150727309772018	0.1794109809882809	-0.23579063160860395	0.2208031007184924	-0.4312964152304539	0.1222250531489747	-0.12281766538134947	0.25478772022014423	-0.3940015679938989	0.9999999999999908	-0.15071921801234384	0.12300082481494064	-0.20812498012152222	0.24089746981159585	-0.4708880332920189	0.2056607674091426	-0.14858041103310632	0.2498199281318439	-0.183481812742518	0.19325464881409898	-0.20559760396442947	0.11532399575834844
0.027798177010354416	-0.03636157815192381	0.03517921916255694	-0.029118489192791575	0.04728631287502228	-0.028571075317841112	0.035126926659349834	-0.0365972930713528	0.039248010841927444	-0.031967926250003297	0.031677666832027204	-0.03974039079519436	0.04878428070683354	-0.03437590446214559	0.04383470698031325	-0.03410246307022298	0.059017504894369105	-0.07933252224205303	0.07304674684736179	-0.07068874307855588	0.05589004180754455	-0.054936179116362165	0.08740949200648829	-0.2171060459529863	0.1868301279533609	-0.05955446107544896	0.06644295754307356	-0.15071921801234384	0.9999999999999911	-0.9371441963456892	0.04664458093964657	-0.05385961560907523	0.07483363100652371	-0.05283824764925613	0.04231960390585148	-0.06577986991380592	0.03970650498934503	-0.04400136895166372	0.049305210069083116	-0.03358610836981127
-0.02733216074711673	0.03551407180179217	-0.03499724757655211	0.028894480773324082	-0.047227727032193224	0.027999520575515125	-0.03460353055689603	0.036096972957574615	-0.03898088954911959	0.03171096998863702	-0.03111864329807793	0.038973476722781765	-0.04830729549709018	0.03395086508237554	-0.0436214263882466	0.03325457043506958	-0.0583281391291244	0.07339126536436183	-0.07158430330861243	0.06676289174617951	-0.054536381701070114	0.05224462226083635	-0.08308074948470551	0.1836049421976491	-0.23792636009967819	0.05571317421092433	-0.06367915001199566	0.12300082481494064	-0.9371441963456892	0.9999999999999932	-0.044625208778527284	0.05101332582781994	-0.07266422309478453	0.05048682806379228	-0.04279637697031786	0.06200681660869893	-0.03830033044750952	0.04186560910112998	-0.048633202824179184	0.033002324925426096
0.06442804659239477	-0.08179860884389203	0.08379428534558786	-0.06840403293222025	0.11465797351813069	-0.06541221437848732	0.08094724427728538	-0.08371156352203696	0.09166388510075005	-0.07425528877748501	0.07460257690909151	-0.08913846243504836	0.11064385982736255	-0.07720820489937054	0.10238139210387727	-0.07891722257452893	0.13453091128678957	-0.12517946010205214	0.11218085782856001	-0.10050247003129212	0.1370294046878325	-0.12963433901633264	0.12598307807615172	-0.05186346857882455	0.05089169089686083	-0.4560595242406605	0.270107435018272	-0.20812498012152222	0.04664458093964657	-0.044625208778527284	0.9999999999999921	-0.5252200146375335	0.22890778088194438	-0.14444792981177848	0.10224036793553927	-0.6042308193914812	0.20560593589779785	-0.1950209771110446	0.15027347771120203	-0.08375998525467174
-0.07020289308880243	0.08903868863324307	-0.09126595818858138	0.0745092807807251	-0.12478096695570444	0.07126984303426197	-0.08829974367410931	0.09126782133887863	-0.09995196097190921	0.08092125461885684	-0.08139103992235651	0.09735220052876141	-0.12104183755861975	0.08429398946025579	-0.1116342223762937	0.08591197841998116	-0.14768056284540715	0.1385455629846607	-0.12408895370206127	0.11030135039050823	-0.15093606014539993	0.1416557546695193	-0.1444406470495625	0.05835173772342991	-0.05751723871919643	0.2719231178622792	-0.3481008285918297	0.24089746981159585	-0.05385961560907523	0.05101332582781994	-0.5252200146375335	0.9999999999999912	-0.4239902059003468	0.19210107692802683	-0.13819514721893406	0.2960364321524125	-0.45465995901340056	0.27792809356973114	-0.20635041826219822	0.11028931333731329
0.07035531102599434	-0.09118720605887698	0.0890898539225615	-0.07322341712522082	0.12044421129127264	-0.07202488086568137	0.08833399906674512	-0.09125152901518603	0.09816846982121291	-0.07958564339881748	0.08080801014592326	-0.09884128372045747	0.12065550526324056	-0.08415461377901566	0.10897758146299073	-0.08688446846142495	0.14737374514489626	-0.17500764108466335	0.13206029164798835	-0.12248242002196841	0.1450506121266303	-0.14391121117938055	0.17808420839248879	-0.07200553906199973	0.06909111739490895	-0.23635422671549638	0.23300235241418665	-0.4708880332920189	0.07483363100652371	-0.07266422309478453	0.22890778088194438	-0.4239902059003468	0.9999999999999917	-0.44970788232888675	0.19052129793186812	-0.29922352086095994	0.25674342983853504	-0.38380641837105445	0.25230768412629856	-0.157614718872989
-0.05455964410345767	0.07036089838475328	-0.07101526467277838	0.0581724205050349	-0.09689086253205173	0.05540497956017683	-0.06866283714098712	0.07150299039357125	-0.07794327405477924	0.06325310300526878	-0.06161435503236409	0.07597037868023701	-0.09451018920914783	0.06608323908092432	-0.08702095005331001	0.06521693773901198	-0.11361787665513912	0.11451511910316875	-0.10161905649973484	0.09313759230628094	-0.10452538340018432	0.0975957928221561	-0.11634476441933857	0.05087936800497025	-0.049997683456200086	0.14545446695687997	-0.14701772814046818	0.2056607674091426	-0.05283824764925613	0.05048682806379228	-0.14444792981177848	0.19210107692802683	-0.44970788232888675	0.9999999999999916	-0.5200352933547527	0.19232095218504808	-0.17014038182081503	0.19930444356066168	-0.5788926936634124	0.29398096458032674
0.03704422551282034	-0.04848831202409194	0.04714088298209616	-0.038775071375175905	0.06390909611944168	-0.03779575847858527	0.04635818783901603	-0.048122161105089954	0.0518214068754806	-0.042136642875351515	0.041718984157709825	-0.051533067492777834	0.06293977489300763	-0.04423935860521087	0.05762778249843444	-0.044730577488363024	0.07590173298776579	-0.08246516971965981	0.06926284787647673	-0.06679573186807759	0.07079328313470294	-0.06835117814058772	0.07885084348993451	-0.03731654918496315	0.036170371670515476	-0.10933068608616275	0.10125214635867684	-0.14858041103310632	0.04231960390585148	-0.04279637697031786	0.10224036793553927	-0.13819514721893406	0.19052129793186812	-0.5200352933547527	0.9999999999999903	-0.1567216163423908	0.10992220365018394	-0.14190776513840989	0.32066871196527513	-0.7381468628748944
-0.11271888546484277	0.14127491156637603	-0.15646623078308108	0.126962993559462	-0.21772270388567413	0.11291229648879758	-0.14331372206539844	0.15155686229724197	-0.17023190897263568	0.13808109238019237	-0.1260820167397731	0.15576713915589294	-0.2022869605468172	0.14119492254701752	-0.1921649002721899	0.12944981146621432	-0.23661333671190737	0.1851983152992977	-0.1944341508520048	0.16711323722504975	-0.20475737963653975	0.17587144648759423	-0.18575561124196766	0.07876035277950288	-0.07887455183561345	0.2786938734455496	-0.28683175623088114	0.2498199281318439	-0.06577986991380592	0.06200681660869893	-0.6042308193914812	0.2960364321524125	-0.29922352086095994	0.19232095218504808	-0.1567216163423908	0.9999999999999902	-0.24320089681650525	0.20578911593291038	-0.2344083092513041	0.12300867691889082
0.047866908160076105	-0.06144191679436656	0.06170222586106472	-0.050515778877754734	0.08407514302709627	-0.048726326092333724	0.06010397679692382	-0.062216684085939375	0.06767231930887244	-0.0548670176371644	0.05493759566947018	-0.06654777122122693	0.08210733165722803	-0.057357378995232994	0.07543531620999103	-0.0584758771531699	0.09971925362058967	-0.10067729193637044	0.08608707169651138	-0.07876775251323766	0.09807727809015776	-0.09445686202830467	0.10056505665812898	-0.042068697328802925	0.04096464587167623	-0.17654059256906568	0.17152260090544108	-0.183481812742518	0.03970650498934503	-0.03830033044750952	0.20560593589779785	-0.45465995901340056	0.25674342983853504	-0.17014038182081503	0.10992220365018394	-0.24320089681650525	0.9999999999999908	-0.7759284011098999	0.1782250790346384	-0.10266814096143957
-0.054393065336913723	0.06939519520277954	-0.07135253238043059	0.058294758307531405	-0.09766273575139921	0.05515383553606365	-0.06856061878694313	0.0713111738897008	-0.07818077282996456	0.06336235250165859	-0.06205954055410981	0.07564337916714509	-0.09462779070094332	0.06598307446725915	-0.08741802793466912	0.0653949236826682	-0.11412616769424519	0.1095200472514465	-0.09832953250277937	0.08801981416181681	-0.10850096560366114	0.10054498040769641	-0.11259240551069404	0.04671820250128331	-0.045992182887781986	0.16272994257373108	-0.1758391123839232	0.19325464881409898	-0.04400136895166372	0.04186560910112998	-0.1950209771110446	0.27792809356973114	-0.38380641837105445	0.19930444356066168	-0.14190776513840989	0.20578911593291038	-0.7759284011098999	0.9999999999999909	-0.2665044017695892	0.12659120006028218
0.051915377009790355	-0.06808699822323683	0.0657947117058082	-0.05414566888414092	0.08911466681198299	-0.053003190519755675	0.06488751083654354	-0.06728802226099603	0.07232643897257862	-0.05882345275350624	0.05849263795750757	-0.07214936193763043	0.0878246132068345	-0.06177863563641514	0.08037423146234732	-0.06283892071179437	0.10603971614881742	-0.11543882521854554	0.09651022542470736	-0.09381350330863078	0.09955641692789798	-0.09655832453089723	0.10949890419952196	-0.04949153255501605	0.0476045727718051	-0.15927684078846432	0.1451529009880024	-0.20559760396442947	0.049305210069083116	-0.048633202824179184	0.15027347771120203	-0.20635041826219822	0.25230768412629856	-0.5788926936634124	0.32066871196527513	-0.2344083092513041	0.1782250790346384	-0.2665044017695892	0.999999999999991	-0.5727931656938136
-0.031832401577291725	0.04137376180127804	-0.041166077146574644	0.033777936326195926	-0.05608268375085428	0.03236694000417047	-0.03995471546637982	0.04162291833237348	-0.04517613708986623	0.03671625700179254	-0.03575341120995745	0.0442355306113235	-0.05465610078310983	0.03836516288813683	-0.05038337477624468	0.03803604015344365	-0.0655348745129298	0.06724494022739086	-0.05907076243388695	0.05578635978920703	-0.05987985281230312	0.05666392411532032	-0.06511222252742839	0.030457335064905364	-0.029800105747933667	0.0874924528180586	-0.08336431302078354	0.11532399575834844	-0.03358610836981127	0.033002324925426096	-0.08375998525467174	0.11028931333731329	-0.157614718872989	0.29398096458032674	-0.7381468628748944	0.12300867691889082	-0.10266814096143957	0.12659120006028218	-0.5727931656938136	0.9999999999999909
