0.9999999999999999	-0.7215315771000085	0.20939585314205153	-0.22606696088804115	0.08046101695373425	-0.49911701292953825	0.30819707408136476	-0.17357092087790393	0.16087517411389243	-0.09643666389754477	0.23006093411592765	-0.16427884818343355	0.14204961568515467	-0.0750232269598815	0.07747296072227616	-0.050270792490543996	0.04521268248391479	-0.12480575471693303	0.07254141579753763	-0.1007205536555171	0.025162662397630507	-0.16404663486317292	0.09294626817360026	-0.04996534032672714	0.044811119253102834	-0.024109767005005632	0.04810376366050122	-0.040786312685957504	0.030615822990240103	-0.04045504651779699	0.05823185405550307	-0.04076819886487047	0.03246920517737184	-0.03291881151712016	0.03354793559685042	-0.05299810785277305	0.03553505235871131	-0.0431360503371476	0.03610065367986472	-0.042784476500134984
-0.7215315771000085	1.0000000000000004	-0.32104780849997827	0.2178460675376826	-0.08138875647140763	0.2962418986393228	-0.4678644393698322	0.1922411752967714	-0.1867239842543594	0.09236773661282849	-0.2243534612794097	0.15899628009340197	-0.1509338190130741	0.07482153544441218	-0.07927339011426365	0.04184417943318761	-0.0383530020225298	0.1049051549564917	-0.06288695377697166	0.08486770041842971	-0.020524270325787262	0.13159504038005468	-0.07872947098657339	0.041796157604908915	-0.03776468912643594	0.01962098807962999	-0.03928679184645014	0.033145797677478425	-0.025023835714054064	0.03310120818383515	-0.047846864199268084	0.0331526354771653	-0.0264460635401193	0.026804275329716177	-0.027524926387137907	0.04282651065710572	-0.028869674174048572	0.03494289761828066	-0.02945417884876332	0.034710716763815916
0.20939585314205153	-0.32104780849997827	1.000000000000001	-0.7351440770636278	0.17302241233704896	-0.169397131096692	0.20878771478963123	-0.4137575855635049	0.26893985957067057	-0.20217705891199114	0.17163834838508968	-0.15005759894794593	0.14928597695443477	-0.10555070651719502	0.1085141801623722	-0.03887713589238595	0.036076823300936936	-0.10494298984963084	0.06691101045862269	-0.08868866351035831	0.019727312800279166	-0.12563361707176737	0.0781678070275856	-0.04218125002089975	0.03832557356986033	-0.01882665620373462	0.03801929155630637	-0.03199940896828148	0.024337797615112868	-0.03231538878501117	0.04653168797399166	-0.03195682046358118	0.025587520312502696	-0.025949731578884888	0.02691836619326812	-0.041010542659253725	0.027817822217305072	-0.03358814044662904	0.02856310655802642	-0.03346614817259033
-0.22606696088804115	0.2178460675376826	-0.7351440770636278	1.0000000000000009	-0.304614482954362	0.16396102165284165	-0.2138712711311074	0.2680447065701201	-0.34576580693768133	0.22374283346516471	-0.20424535282927603	0.14553992044314915	-0.15906780028501588	0.12088360081380714	-0.1382211459199006	0.040502262314848846	-0.03816077957586866	0.10619458546274242	-0.07143633724652027	0.09211845235006816	-0.02014023071346537	0.12510745165360138	-0.08126301756900489	0.04376470765086066	-0.040145509338682446	0.019173673999489042	-0.03894934226018408	0.032609905000426556	-0.02493752297961112	0.03311008236615332	-0.048091799008966714	0.03260382444791007	-0.02614693827917894	0.02650280783689979	-0.027676460414537	0.04163814348660664	-0.02838202424039101	0.03415936745644087	-0.029251080510502913	0.03407453112684364
0.08046101695373425	-0.08138875647140763	0.17302241233704896	-0.304614482954362	1.0000000000000007	-0.06702998269681128	0.08272418792977747	-0.11700981142039765	0.14545705290829425	-0.9132694618168377	0.08706672779937455	-0.06545979555766986	0.06829152476802147	-0.08322156669178393	0.08981137215040624	-0.019525635863203928	0.01838885687928787	-0.05356545177661633	0.03847539311480284	-0.0501716447053723	0.009961482937988328	-0.06214080978199411	0.04062746689353508	-0.022606743308784597	0.020723927805174493	-0.009481681804160345	0.019338945380664767	-0.016233892982758853	0.012470704944359362	-0.016636513909651356	0.023866131568520726	-0.01617646981022179	0.013023920445792456	-0.013219252356825063	0.013895054692591871	-0.02061183927728906	0.014089434131338575	-0.016957326722900012	0.014588614474708855	-0.016963106029404294
-0.49911701292953825	0.2962418986393228	-0.169397131096692	0.16396102165284165	-0.06702998269681128	1.0000000000000016	-0.6279533839180089	0.1810595617148861	-0.18123553522072144	0.07795058785937481	-0.4492788455876487	0.19143679842701541	-0.17227457846800556	0.077112634792584	-0.08111284264571489	0.05579858501106969	-0.05046903740845394	0.13070191438294562	-0.07581594496889311	0.10418076613573773	-0.026258647993547886	0.16936468813573005	-0.09773325792525454	0.051917386029107976	-0.04666142888667745	0.02513851938743044	-0.0499210340456788	0.04223923651595341	-0.03173505081339519	0.04191644057662327	-0.060505482722799146	0.04226069788888478	-0.03364296842128948	0.03409820477695994	-0.034789059490173274	0.05484412726748023	-0.03681195806643525	0.044649700358660324	-0.03741111607265491	0.04428152911357103
0.30819707408136476	-0.4678644393698322	0.20878771478963123	-0.2138712711311074	0.08272418792977747	-0.6279533839180089	1.0000000000000013	-0.2976886763119198	0.21501678002704172	-0.0980515538306785	0.27277123121253827	-0.29257815383283026	0.2094288891125747	-0.09363881818691837	0.09519730781708395	-0.05976519075311727	0.05392389356901023	-0.15311562560429945	0.08836665581179483	-0.12147101573931736	0.029759207326275388	-0.1940662955339018	0.11261775788120047	-0.05990575118110896	0.05379527621011098	-0.028499073041768134	0.05685414828616884	-0.04813320274223346	0.0362075101768049	-0.04789266448837184	0.06882424776640672	-0.04811051191685024	0.03833570094671001	-0.038868552520167424	0.039734618771254296	-0.062346264188511136	0.0418932120210398	-0.05081371786082961	0.04263509069397143	-0.05043633521014142
-0.17357092087790393	0.1922411752967714	-0.4137575855635049	0.2680447065701201	-0.11700981142039765	0.1810595617148861	-0.2976886763119198	1.0000000000000018	-0.7290836422461437	0.13086171637069302	-0.19108839847922846	0.19973961955877742	-0.254091262246721	0.15143344114907936	-0.15981536822095083	0.0432267643318932	-0.04040201399125503	0.12356255200996087	-0.08169292592223548	0.10429508661338244	-0.021756072098131574	0.1382925362570876	-0.09057324125815437	0.048429882690402375	-0.04424898831213159	0.020737530975396136	-0.04194198776963195	0.03524587641897255	-0.026971673025890736	0.03593246508546145	-0.05135663711849631	0.03514501285939702	-0.028222570643926557	0.028638689030876914	-0.02996876449866265	0.04482267709002202	-0.03055878557984744	0.03683908890870969	-0.03154433296941946	0.03679527688901709
0.16087517411389243	-0.1867239842543594	0.26893985957067057	-0.34576580693768133	0.14545705290829425	-0.18123553522072144	0.21501678002704172	-0.7290836422461437	1.000000000000001	-0.18991173156984212	0.194781370389818	-0.20676324487635028	0.19756126921690095	-0.2607330754568413	0.1962517194907922	-0.05275050320497826	0.04884659855238807	-0.15399548546482655	0.10388130629926179	-0.1367155629819915	0.02742303805176441	-0.17723618006761543	0.11128924032786917	-0.06161885017370301	0.05586919437693521	-0.026177431888967467	0.05289855781030997	-0.04466060960318468	0.03412581602213737	-0.045581002428335016	0.06445524802563476	-0.044435089056926	0.0357109022906845	-0.0362772238525493	0.037905030268242684	-0.05680328414094635	0.03865394868699407	-0.046694042940725475	0.03989171973552266	-0.04667152935047253
-0.09643666389754477	0.09236773661282849	-0.20217705891199114	0.22374283346516471	-0.9132694618168377	0.07795058785937481	-0.0980515538306785	0.13086171637069302	-0.18991173156984212	1.0000000000000018	-0.10496460644268024	0.07492414026097127	-0.08037380783702322	0.09597751318707023	-0.11578785805780757	0.022355159285796032	-0.021164190360899195	0.06058649670465874	-0.04430869853941497	0.056920660612826426	-0.011301147824800744	0.06977284023914819	-0.04642203696229556	0.025731395618767812	-0.02369781587976247	0.010746735807399948	-0.021967372420610285	0.018397827197484687	-0.014160330797548786	0.01888181302140014	-0.027205523535875114	0.018345893798357958	-0.014776245948053211	0.014992890846682563	-0.01579558188379489	0.023335256760561578	-0.01597912370051485	0.019206523634480485	-0.01656472825702193	0.0192175207718399
0.23006093411592765	-0.2243534612794097	0.17163834838508968	-0.20424535282927603	0.08706672779937455	-0.4492788455876487	0.27277123121253827	-0.19108839847922846	0.194781370389818	-0.10496460644268024	1.000000000000001	-0.32394218547726084	0.24141944086200834	-0.12269810586145352	0.1243341087616739	-0.14901050444520303	0.12641278999904226	-0.3165302034430887	0.17382624749609601	-0.2512909092277371	0.06823352379966084	-0.4491268131933837	0.23473703349904096	-0.12753896284648325	0.1131767638661472	-0.06559009796862525	0.1288792595302864	-0.10994933399615588	0.08174524967271092	-0.1076864217043032	0.1546531874778056	-0.10994647245921166	0.08724169799578556	-0.0884511533868876	0.08897382539447037	-0.14434023284129696	0.09594293734181848	-0.11695097988583211	0.096722529423884	-0.11563414664506055
-0.16427884818343355	0.15899628009340197	-0.15005759894794593	0.14553992044314915	-0.06545979555766986	0.19143679842701541	-0.29257815383283026	0.19973961955877742	-0.20676324487635028	0.07492414026097127	-0.32394218547726084	1.0000000000000024	-0.8195552938332384	0.08971862508494342	-0.09636606980119417	0.05993606418539583	-0.0579348943878408	0.1788263523974298	-0.10049322342879884	0.12179657589915643	-0.028287897278563973	0.17438753900520468	-0.13389285620874064	0.06199186944833675	-0.05713823674247124	0.02684323837243129	-0.0542503050512993	0.04485966482110906	-0.034470924609864596	0.04564204761573529	-0.06699974820937495	0.04504429515087695	-0.03602626134801813	0.036434238210191316	-0.03831382611545202	0.056706945618048385	-0.03896925649203352	0.04667802695267749	-0.04026142467713875	0.04653781296878436
0.14204961568515467	-0.1509338190130741	0.14928597695443477	-0.15906780028501588	0.06829152476802147	-0.17227457846800556	0.2094288891125747	-0.254091262246721	0.19756126921690095	-0.08037380783702322	0.24141944086200834	-0.8195552938332384	1.0000000000000018	-0.09834281058036178	0.09990208887828479	-0.06715056725322091	0.06342411425233632	-0.2562018281253153	0.12137002923089041	-0.15274948004654734	0.03290010040494279	-0.21384113725147977	0.15446860643793006	-0.07388014320428121	0.06697960771295712	-0.031336471808873244	0.06272827451056433	-0.052240735062590984	0.04004933971282473	-0.05331286138944599	0.07625079305586124	-0.052278377946622344	0.041809095696268415	-0.042365166431249955	0.0444994566109688	-0.06576329965830038	0.045111652436296876	-0.05424017907836003	0.046616589850599355	-0.05414683226141606
-0.0750232269598815	0.07482153544441218	-0.10555070651719502	0.12088360081380714	-0.08322156669178393	0.077112634792584	-0.09363881818691837	0.15143344114907936	-0.2607330754568413	0.09597751318707023	-0.12269810586145352	0.08971862508494342	-0.09834281058036178	1.0000000000000038	-0.9061790127899695	0.034206500664069245	-0.03387629097706783	0.11932833279477226	-0.1651882975248803	0.1632555621448234	-0.01776912094548421	0.1037781811849847	-0.09136961153700095	0.05830096217325157	-0.05579286790348414	0.01673582546274945	-0.03540080287283224	0.029764325252982192	-0.02428316365293462	0.03351395241661374	-0.044535804931487705	0.02896944830105872	-0.024257772575210515	0.024835588303292144	-0.0282977577117528	0.03545972830563655	-0.025313956699830657	0.030093713761216175	-0.02764307852606671	0.030926384674069406
0.07747296072227616	-0.07927339011426365	0.1085141801623722	-0.1382211459199006	0.08981137215040624	-0.08111284264571489	0.09519730781708395	-0.15981536822095083	0.1962517194907922	-0.11578785805780757	0.1243341087616739	-0.09636606980119417	0.09990208887828479	-0.9061790127899695	1.000000000000003	-0.03740537309484168	0.03646851581923578	-0.1325800726125978	0.15233903157692538	-0.2032463630540823	0.019592021488811624	-0.11788146291417739	0.09675195218904374	-0.06374841444729999	0.059673684386227874	-0.018508722001674176	0.03880958628163827	-0.03285230012814333	0.026605915953540928	-0.03685558278838378	0.04837759806193245	-0.03191364486900006	0.026663648647944023	-0.027334479328183156	0.030867233250000677	-0.03926866896813498	0.027871453319752083	-0.03327500451859374	0.030299271299078723	-0.0341778639035601
-0.050270792490543996	0.04184417943318761	-0.03887713589238595	0.040502262314848846	-0.019525635863203928	0.05579858501106969	-0.05976519075311727	0.0432267643318932	-0.05275050320497826	0.022355159285796032	-0.14901050444520303	0.05993606418539583	-0.06715056725322091	0.034206500664069245	-0.03740537309484168	1.0000000000000027	-0.9629013471774902	0.1217389447738811	-0.06494711664669509	0.07376940996930499	-0.06799924851134641	0.11604541214484759	-0.09876839505649801	0.042494433694458766	-0.03989783174009957	0.059923448766149086	-0.05143943438974936	0.035584198304861404	-0.02688366634131255	0.03415242766874256	-0.06131521566281396	0.041320204348132654	-0.02891663303745349	0.02854378463467859	-0.029102481552359765	0.0464130268361861	-0.03240474424218837	0.037432463676330685	-0.03153734894606387	0.035581905119144615
0.04521268248391479	-0.0383530020225298	0.036076823300936936	-0.03816077957586866	0.01838885687928787	-0.05046903740845394	0.05392389356901023	-0.04040201399125503	0.04884659855238807	-0.021164190360899195	0.12641278999904226	-0.0579348943878408	0.06342411425233632	-0.03387629097706783	0.03646851581923578	-0.9629013471774902	1.0000000000000024	-0.14334107829446108	0.06823504290787209	-0.08018852608800303	0.06207318224361418	-0.12734326457718587	0.09990992772792331	-0.04400622288270481	0.040733965984515536	-0.06014384107608673	0.0503690833654351	-0.03575755222042546	0.026962963792476695	-0.034509848732533814	0.05904888633826083	-0.04109961055490639	0.02891362149042893	-0.028649467503315273	0.02923591061645017	-0.04637730689042416	0.0322216205788753	-0.03750353215530559	0.031479531229558	-0.03575619659189889
-0.12480575471693303	0.1049051549564917	-0.10494298984963084	0.10619458546274242	-0.05356545177661633	0.13070191438294562	-0.15311562560429945	0.12356255200996087	-0.15399548546482655	0.06058649670465874	-0.3165302034430887	0.1788263523974298	-0.2562018281253153	0.11932833279477226	-0.1325800726125978	0.1217389447738811	-0.14334107829446108	1.0000000000000022	-0.46678750758056514	0.2881300648864078	-0.05183574707842843	0.28610117323289114	-0.5980988918360713	0.1606862826153265	-0.15615315962910117	0.04789683364480608	-0.1005101005819261	0.07924775070133767	-0.06535389354366716	0.08719464481463757	-0.1269185304624752	0.07872024056298214	-0.06489999610735164	0.06519183877397627	-0.07554251284159448	0.09012084931414482	-0.06685181971226521	0.07734296614487206	-0.07300197714505757	0.07855566358123
0.07254141579753763	-0.06288695377697166	0.06691101045862269	-0.07143633724652027	0.03847539311480284	-0.07581594496889311	0.08836665581179483	-0.08169292592223548	0.10388130629926179	-0.04430869853941497	0.17382624749609601	-0.10049322342879884	0.12137002923089041	-0.1651882975248803	0.15233903157692538	-0.06494711664669509	0.06823504290787209	-0.46678750758056514	1.0000000000000016	-0.7766042204684949	0.03155940855570506	-0.17428582319326857	0.22443170241469831	-0.1981114827172007	0.1652332372337141	-0.029353397413281895	0.06409212427133378	-0.05484405117609398	0.04873822424600533	-0.07171944431903333	0.08127575101163637	-0.05095810052234032	0.04542942731609652	-0.04732864202068821	0.06017248424831821	-0.058699455041608305	0.04465921714350888	-0.05243475156140369	0.05261159492896837	-0.05625292297046767
-0.1007205536555171	0.08486770041842971	-0.08868866351035831	0.09211845235006816	-0.0501716447053723	0.10418076613573773	-0.12147101573931736	0.10429508661338244	-0.1367155629819915	0.056920660612826426	-0.2512909092277371	0.12179657589915643	-0.15274948004654734	0.1632555621448234	-0.2032463630540823	0.07376940996930499	-0.08018852608800303	0.2881300648864078	-0.7766042204684949	0.9999999999999993	-0.03960967197167926	0.19579924583948946	-0.27359861849355577	0.18863261383486057	-0.22037117988243823	0.036584380755466724	-0.08287154689946052	0.06946625106857558	-0.06221773431256898	0.08941481381830871	-0.10810423583455328	0.06549918143928514	-0.05819758143411375	0.06024529638039056	-0.07713100767895184	0.0758422144463423	-0.05774297833200398	0.06718193111676066	-0.0678701176028545	0.07156141528760825
0.025162662397630507	-0.020524270325787262	0.019727312800279166	-0.02014023071346537	0.009961482937988328	-0.026258647993547886	0.029759207326275388	-0.021756072098131574	0.02742303805176441	-0.011301147824800744	0.06823352379966084	-0.028287897278563973	0.03290010040494279	-0.01776912094548421	0.019592021488811624	-0.06799924851134641	0.06207318224361418	-0.05183574707842843	0.03155940855570506	-0.03960967197167926	1.0000000000000002	-0.1158467524832487	0.0629484059612478	-0.03710440282243503	0.03421202430580858	-0.956431830895616	0.14959384076092966	-0.07573396964149602	0.05022818499065605	-0.05710870065284352	0.13086748850533922	-0.12948086385127594	0.06028592127278882	-0.05676526473701747	0.048313360334300524	-0.10989319244431962	0.07361608750485052	-0.08318382059723763	0.05817668119600669	-0.06760307707920686
-0.16404663486317292	0.13159504038005468	-0.12563361707176737	0.12510745165360138	-0.06214080978199411	0.16936468813573005	-0.1940662955339018	0.1382925362570876	-0.17723618006761543	0.06977284023914819	-0.4491268131933837	0.17438753900520468	-0.21384113725147977	0.1037781811849847	-0.11788146291417739	0.11604541214484759	-0.12734326457718587	0.28610117323289114	-0.17428582319326857	0.19579924583948946	-0.1158467524832487	0.9999999999999996	-0.6104880915564102	0.15057840444698636	-0.14705273857476356	0.09929630974648256	-0.21029272961554724	0.12024113728106142	-0.09287772299313363	0.11458753602506103	-0.22371765602381066	0.14522985266670324	-0.09934489078887769	0.09611734123582194	-0.10027272504334138	0.14871241858035408	-0.1107355871213081	0.12291559474114666	-0.10791134398079064	0.11621959608347088
0.09294626817360026	-0.07872947098657339	0.0781678070275856	-0.08126301756900489	0.04062746689353508	-0.09773325792525454	0.11261775788120047	-0.09057324125815437	0.11128924032786917	-0.04642203696229556	0.23473703349904096	-0.13389285620874064	0.15446860643793006	-0.09136961153700095	0.09675195218904374	-0.09876839505649801	0.09990992772792331	-0.5980988918360713	0.22443170241469831	-0.27359861849355577	0.0629484059612478	-0.6104880915564102	0.9999999999999996	-0.21434379962520006	0.1647003704599211	-0.059290944567335364	0.11466363681163785	-0.09299056117804745	0.0730429062181239	-0.0976778910758123	0.1299726210250926	-0.09038768607975634	0.07270728521590886	-0.07276407502944474	0.08191879232249268	-0.09757191600448392	0.07303861736621255	-0.08555690482205562	0.07874474386565633	-0.08616386227371112
-0.04996534032672714	0.041796157604908915	-0.04218125002089975	0.04376470765086066	-0.022606743308784597	0.051917386029107976	-0.05990575118110896	0.048429882690402375	-0.06161885017370301	0.025731395618767812	-0.12753896284648325	0.06199186944833675	-0.07388014320428121	0.05830096217325157	-0.06374841444729999	0.042494433694458766	-0.04400622288270481	0.1606862826153265	-0.1981114827172007	0.18863261383486057	-0.03710440282243503	0.15057840444698636	-0.21434379962520006	0.999999999999999	-0.8861186228698302	0.03405356064034711	-0.0914549382876004	0.09512214093686444	-0.10907533527458345	0.18052261048527563	-0.11820028455693654	0.07221759004162373	-0.0839219021533098	0.09372605706870595	-0.15776105155761924	0.08038307533809427	-0.06995761715598381	0.08286678163171476	-0.10366097738336102	0.10194619179166954
0.044811119253102834	-0.03776468912643594	0.03832557356986033	-0.040145509338682446	0.020723927805174493	-0.04666142888667745	0.05379527621011098	-0.04424898831213159	0.05586919437693521	-0.02369781587976247	0.1131767638661472	-0.05713823674247124	0.06697960771295712	-0.05579286790348414	0.059673684386227874	-0.03989783174009957	0.040733965984515536	-0.15615315962910117	0.1652332372337141	-0.22037117988243823	0.03421202430580858	-0.14705273857476356	0.1647003704599211	-0.8861186228698302	0.9999999999999988	-0.0316032490011658	0.08410112127361989	-0.09679039761367328	0.10748202281554124	-0.24390509963188703	0.10668135940130927	-0.06782630145132931	0.08107741431540492	-0.09461101292198479	0.1500750247887335	-0.07677996553097842	0.06584172337648342	-0.08060409248567821	0.09708486157502003	-0.10341507485645929
-0.024109767005005632	0.01962098807962999	-0.01882665620373462	0.019173673999489042	-0.009481681804160345	0.02513851938743044	-0.028499073041768134	0.020737530975396136	-0.026177431888967467	0.010746735807399948	-0.06559009796862525	0.02684323837243129	-0.031336471808873244	0.01673582546274945	-0.018508722001674176	0.059923448766149086	-0.06014384107608673	0.04789683364480608	-0.029353397413281895	0.036584380755466724	-0.956431830895616	0.09929630974648256	-0.059290944567335364	0.03405356064034711	-0.0316032490011658	0.9999999999999998	-0.17780678113689885	0.06946734584191014	-0.04645086244542308	0.05193815624923734	-0.14370267676752008	0.12299986420856422	-0.05601653306983789	0.051979098866111705	-0.044323425017024465	0.10017952160087504	-0.06908348674025605	0.07576533534874388	-0.05354468535400055	0.0612012549203226
0.04810376366050122	-0.03928679184645014	0.03801929155630637	-0.03894934226018408	0.019338945380664767	-0.0499210340456788	0.05685414828616884	-0.04194198776963195	0.05289855781030997	-0.021967372420610285	0.1288792595302864	-0.0542503050512993	0.06272827451056433	-0.03540080287283224	0.03880958628163827	-0.05143943438974936	0.0503690833654351	-0.1005101005819261	0.06409212427133378	-0.08287154689946052	0.14959384076092966	-0.21029272961554724	0.11466363681163785	-0.0914549382876004	0.08410112127361989	-0.17780678113689885	0.9999999999999992	-0.2771054233614982	0.16509093854241538	-0.17118391403749106	0.29937283569395645	-0.7390438872592925	0.20834145253374547	-0.18630594869252207	0.14618047801214892	-0.31512099002570926	0.24912163218732922	-0.269587666253519	0.1770737988305296	-0.19919176571254466
-0.040786312685957504	0.033145797677478425	-0.03199940896828148	0.032609905000426556	-0.016233892982758853	0.04223923651595341	-0.04813320274223346	0.03524587641897255	-0.04466060960318468	0.018397827197484687	-0.10994933399615588	0.04485966482110906	-0.052240735062590984	0.029764325252982192	-0.03285230012814333	0.035584198304861404	-0.03575755222042546	0.07924775070133767	-0.05484405117609398	0.06946625106857558	-0.07573396964149602	0.12024113728106142	-0.09299056117804745	0.09512214093686444	-0.09679039761367328	0.06946734584191014	-0.2771054233614982	0.9999999999999986	-0.5820838402621638	0.2375030926145673	-0.2721664724964232	0.20227782976256498	-0.5574900153715082	0.32023368040258315	-0.24021396717815574	0.18901347534734658	-0.2073165184558803	0.24910386162554282	-0.23310272285449907	0.1989279098074097
0.030615822990240103	-0.025023835714054064	0.024337797615112868	-0.02493752297961112	0.012470704944359362	-0.03173505081339519	0.0362075101768049	-0.026971673025890736	0.03412581602213737	-0.014160330797548786	0.08174524967271092	-0.034470924609864596	0.04004933971282473	-0.02428316365293462	0.026605915953540928	-0.02688366634131255	0.026962963792476695	-0.06535389354366716	0.04873822424600533	-0.06221773431256898	0.05022818499065605	-0.09287772299313363	0.0730429062181239	-0.10907533527458345	0.10748202281554124	-0.04645086244542308	0.16509093854241538	-0.5820838402621638	0.9999999999999968	-0.4227223947085811	0.18275598550834585	-0.14144443083438193	0.29619954068594195	-0.5703267203296853	0.2675222536122345	-0.14514026847155403	0.14374209042115033	-0.20017224736869593	0.20331206140340397	-0.2049036950861034
-0.04045504651779699	0.03310120818383515	-0.03231538878501117	0.03311008236615332	-0.016636513909651356	0.04191644057662327	-0.04789266448837184	0.03593246508546145	-0.045581002428335016	0.01888181302140014	-0.1076864217043032	0.04564204761573529	-0.05331286138944599	0.03351395241661374	-0.03685558278838378	0.03415242766874256	-0.034509848732533814	0.08719464481463757	-0.07171944431903333	0.08941481381830871	-0.05710870065284352	0.11458753602506103	-0.0976778910758123	0.18052261048527563	-0.24390509963188703	0.05193815624923734	-0.17118391403749106	0.2375030926145673	-0.4227223947085811	0.9999999999999971	-0.21707062464372442	0.13625157048375489	-0.21783402018776538	0.2717168075758208	-0.700116560067219	0.1469088183272103	-0.14529793310442196	0.1774449161870553	-0.26001978934044695	0.2501683201839385
0.05823185405550307	-0.047846864199268084	0.04653168797399166	-0.048091799008966714	0.023866131568520726	-0.060505482722799146	0.06882424776640672	-0.05135663711849631	0.06445524802563476	-0.027205523535875114	0.1546531874778056	-0.06699974820937495	0.07625079305586124	-0.044535804931487705	0.04837759806193245	-0.06131521566281396	0.05904888633826083	-0.1269185304624752	0.08127575101163637	-0.10810423583455328	0.13086748850533922	-0.22371765602381066	0.1299726210250926	-0.11820028455693654	0.10668135940130927	-0.14370267676752008	0.29937283569395645	-0.2721664724964232	0.18275598550834585	-0.21707062464372442	0.999999999999998	-0.4445723563568811	0.22237213184409885	-0.2138388753674873	0.1810151849739353	-0.5690314932539524	0.2976761886676744	-0.33942796816057796	0.22582539873076346	-0.2734463202789332
-0.04076819886487047	0.0331526354771653	-0.03195682046358118	0.03260382444791007	-0.01617646981022179	0.04226069788888478	-0.04811051191685024	0.03514501285939702	-0.044435089056926	0.018345893798357958	-0.10994647245921166	0.04504429515087695	-0.052278377946622344	0.02896944830105872	-0.03191364486900006	0.041320204348132654	-0.04109961055490639	0.07872024056298214	-0.05095810052234032	0.06549918143928514	-0.12948086385127594	0.14522985266670324	-0.09038768607975634	0.07221759004162373	-0.06782630145132931	0.12299986420856422	-0.7390438872592925	0.20227782976256498	-0.14144443083438193	0.13625157048375489	-0.4445723563568811	0.9999999999999973	-0.21920791723752103	0.15800346889293676	-0.12493712045949071	0.27499416628449114	-0.3438090858945395	0.23640919340569463	-0.16170992452546545	0.1606178981549765
0.03246920517737184	-0.0264460635401193	0.025587520312502696	-0.02614693827917894	0.013023920445792456	-0.03364296842128948	0.03833570094671001	-0.028222570643926557	0.0357109022906845	-0.014776245948053211	0.08724169799578556	-0.03602626134801813	0.041809095696268415	-0.024257772575210515	0.026663648647944023	-0.02891663303745349	0.02891362149042893	-0.06489999610735164	0.04542942731609652	-0.05819758143411375	0.06028592127278882	-0.09934489078887769	0.07270728521590886	-0.0839219021533098	0.08107741431540492	-0.05601653306983789	0.20834145253374547	-0.5574900153715082	0.29619954068594195	-0.21783402018776538	0.22237213184409885	-0.21920791723752103	0.9999999999999956	-0.5451886689830627	0.2094514612158068	-0.1992746111497231	0.2155535148786459	-0.44154296781322644	0.22703688267506633	-0.20685577130135477
-0.03291881151712016	0.026804275329716177	-0.025949731578884888	0.02650280783689979	-0.013219252356825063	0.03409820477695994	-0.038868552520167424	0.028638689030876914	-0.0362772238525493	0.014992890846682563	-0.0884511533868876	0.036434238210191316	-0.042365166431249955	0.024835588303292144	-0.027334479328183156	0.02854378463467859	-0.028649467503315273	0.06519183877397627	-0.04732864202068821	0.06024529638039056	-0.05676526473701747	0.09611734123582194	-0.07276407502944474	0.09372605706870595	-0.09461101292198479	0.051979098866111705	-0.18630594869252207	0.32023368040258315	-0.5703267203296853	0.2717168075758208	-0.2138388753674873	0.15800346889293676	-0.5451886689830627	0.9999999999999959	-0.3741277746175206	0.1609613034656512	-0.17564052723183796	0.23625371331576356	-0.2930297067960171	0.228681986829908
0.03354793559685042	-0.027524926387137907	0.02691836619326812	-0.027676460414537	0.013895054692591871	-0.034789059490173274	0.039734618771254296	-0.02996876449866265	0.037905030268242684	-0.01579558188379489	0.08897382539447037	-0.03831382611545202	0.0444994566109688	-0.0282977577117528	0.030867233250000677	-0.029102481552359765	0.02923591061645017	-0.07554251284159448	0.06017248424831821	-0.07713100767895184	0.048313360334300524	-0.10027272504334138	0.08191879232249268	-0.15776105155761924	0.1500750247887335	-0.044323425017024465	0.14618047801214892	-0.24021396717815574	0.2675222536122345	-0.700116560067219	0.1810151849739353	-0.12493712045949071	0.2094514612158068	-0.3741277746175206	0.9999999999999964	-0.1418818999647842	0.13453277678839487	-0.18528768179285315	0.2566874529726929	-0.4283820985078423
-0.05299810785277305	0.04282651065710572	-0.041010542659253725	0.04163814348660664	-0.02061183927728906	0.05484412726748023	-0.062346264188511136	0.04482267709002202	-0.05680328414094635	0.023335256760561578	-0.14434023284129696	0.056706945618048385	-0.06576329965830038	0.03545972830563655	-0.03926866896813498	0.0464130268361861	-0.04637730689042416	0.09012084931414482	-0.058699455041608305	0.0758422144463423	-0.10989319244431962	0.14871241858035408	-0.09757191600448392	0.08038307533809427	-0.07677996553097842	0.10017952160087504	-0.31512099002570926	0.18901347534734658	-0.14514026847155403	0.1469088183272103	-0.5690314932539524	0.27499416628449114	-0.1992746111497231	0.1609613034656512	-0.1418818999647842	0.9999999999999957	-0.621215897714347	0.2859860729512796	-0.22087400326757978	0.18585490934159543
0.03553505235871131	-0.028869674174048572	0.027817822217305072	-0.02838202424039101	0.014089434131338575	-0.03681195806643525	0.0418932120210398	-0.03055878557984744	0.03865394868699407	-0.01597912370051485	0.09594293734181848	-0.03896925649203352	0.045111652436296876	-0.025313956699830657	0.027871453319752083	-0.03240474424218837	0.0322216205788753	-0.06685181971226521	0.04465921714350888	-0.05774297833200398	0.07361608750485052	-0.1107355871213081	0.07303861736621255	-0.06995761715598381	0.06584172337648342	-0.06908348674025605	0.24912163218732922	-0.2073165184558803	0.14374209042115033	-0.14529793310442196	0.2976761886676744	-0.3438090858945395	0.2155535148786459	-0.17564052723183796	0.13453277678839487	-0.621215897714347	0.9999999999999963	-0.5654848884538015	0.20603596125746831	-0.19252908701359023
-0.0431360503371476	0.03494289761828066	-0.03358814044662904	0.03415936745644087	-0.016957326722900012	0.044649700358660324	-0.05081371786082961	0.03683908890870969	-0.046694042940725475	0.019206523634480485	-0.11695097988583211	0.04667802695267749	-0.05424017907836003	0.030093713761216175	-0.03327500451859374	0.037432463676330685	-0.03750353215530559	0.07734296614487206	-0.05243475156140369	0.06718193111676066	-0.08318382059723763	0.12291559474114666	-0.08555690482205562	0.08286678163171476	-0.08060409248567821	0.07576533534874388	-0.269587666253519	0.24910386162554282	-0.20017224736869593	0.1774449161870553	-0.33942796816057796	0.23640919340569463	-0.44154296781322644	0.23625371331576356	-0.18528768179285315	0.2859860729512796	-0.5654848884538015	0.9999999999999962	-0.4014218375669291	0.24259166070977028
0.03610065367986472	-0.02945417884876332	0.02856310655802642	-0.029251080510502913	0.014588614474708855	-0.03741111607265491	0.04263509069397143	-0.03154433296941946	0.03989171973552266	-0.01656472825702193	0.096722529423884	-0.04026142467713875	0.046616589850599355	-0.02764307852606671	0.030299271299078723	-0.03153734894606387	0.031479531229558	-0.07300197714505757	0.05261159492896837	-0.0678701176028545	0.05817668119600669	-0.10791134398079064	0.07874474386565633	-0.10366097738336102	0.09708486157502003	-0.05354468535400055	0.1770737988305296	-0.23310272285449907	0.20331206140340397	-0.26001978934044695	0.22582539873076346	-0.16170992452546545	0.22703688267506633	-0.2930297067960171	0.2566874529726929	-0.22087400326757978	0.20603596125746831	-0.4014218375669291	0.9999999999999969	-0.7296721571404918
-0.042784476500134984	0.034710716763815916	-0.03346614817259033	0.03407453112684364	-0.016963106029404294	0.04428152911357103	-0.05043633521014142	0.03679527688901709	-0.04667152935047253	0.0192175207718399	-0.11563414664506055	0.04653781296878436	-0.05414683226141606	0.030926384674069406	-0.0341778639035601	0.035581905119144615	-0.03575619659189889	0.07855566358123	-0.05625292297046767	0.07156141528760825	-0.06760307707920686	0.11621959608347088	-0.08616386227371112	0.10194619179166954	-0.10341507485645929	0.0612012549203226	-0.19919176571254466	0.1989279098074097	-0.2049036950861034	0.2501683201839385	-0.2734463202789332	0.1606178981549765	-0.20685577130135477	0.228681986829908	-0.4283820985078423	0.18585490934159543	-0.19252908701359023	0.24259166070977028	-0.7296721571404918	0.9999999999999967
