1.0000000000000002	-0.5832487864687252	0.24305535537069467	-0.10871804932963547	0.09022011320599607	-0.6906812385041535	0.2893089734317706	-0.24472950616642086	0.09812539731204478	-0.06292002978573334	0.11485676076992671	-0.14121396877713588	0.11038233682109984	-0.09111224332464489	0.10386474013973634	-0.11318368236540893	0.11706923063432696	-0.09762065045796543	0.07226783597464481	-0.03714529097088685	0.0687271224691137	-0.10215850904317071	0.08200667561999872	-0.08102656578929092	0.03528739257539258	-0.04247013973781679	0.058279052965246936	-0.06997569513806452	0.017749520173248337	-0.01781168436041838	0.03022892494096911	-0.033814064587951415	0.03690033747699001	-0.02269436250202662	0.020467508886925466	-0.035509688905395555	0.03729508321276213	-0.04454216894889655	0.02766610782255467	-0.0331821446396888
-0.5832487864687252	0.9999999999999999	-0.5354053717800731	0.14812642352501135	-0.12053646831539067	0.30737068268507106	-0.4401723681035044	0.2834203409329794	-0.1392629672206638	0.08356036878959239	-0.11677661880607479	0.1587563215168492	-0.13819032425893982	0.11295821567114002	-0.13599951363543195	0.11068206492235194	-0.14162018934347848	0.11597724927273248	-0.08909109004519916	0.045695417242949725	-0.08312893854182479	0.11899712314560634	-0.0989865346627018	0.09749943184920214	-0.043678984367671175	0.0507474825834641	-0.07035775571873146	0.08299483977201039	-0.021490439392180403	0.021506243890686144	-0.03622860215609306	0.04044765511078861	-0.04403003884925902	0.027073365910253045	-0.024478434111824984	0.04234485135940621	-0.04485461384408077	0.05292953042885896	-0.0330646629440896	0.039515093956980246
0.24305535537069467	-0.5354053717800731	1.0000000000000002	-0.3098487510999659	0.15306732708044155	-0.27366016185804226	0.28588882254216985	-0.6112645654700646	0.211659187889609	-0.11346587248966437	0.11210759939915664	-0.16253477588691978	0.18367384249912128	-0.16114233006109513	0.1693006531536318	-0.11929412397374697	0.1420817438572709	-0.15499334379836838	0.11830006733937332	-0.06084501641565818	0.09867577807906894	-0.1503343290082156	0.12411583787711845	-0.13254361459503466	0.05699528691998162	-0.062306831762681016	0.08567097617281938	-0.10853595121187334	0.0281541653320099	-0.028370534236343756	0.04521008996584718	-0.051185867612703176	0.05674870779811661	-0.03532155957524222	0.03181350436450782	-0.053499578402308526	0.05623075324169419	-0.06914130853247583	0.04289232274398212	-0.051948133856113306
-0.10871804932963547	0.14812642352501135	-0.3098487510999659	1.0	-0.2869941296812384	0.11506495982025837	-0.14310440854464798	0.21942489746076743	-0.8095568525605675	0.21977784491393618	-0.07295361173439059	0.10723600026756203	-0.1804066363579863	0.20697924167490078	-0.2593152385627135	0.08096954704300252	-0.10405724628405086	0.14084140326431951	-0.14024717842190998	0.07064169877450723	-0.09052134804232782	0.13243474290274515	-0.11881350589707125	0.14027514423477505	-0.06617548437508466	0.05738303698060644	-0.07945976613235425	0.10351709029215457	-0.029318099932125273	0.02947720846250457	-0.04239100377360116	0.04836819751982884	-0.05426744008565871	0.03428676707612163	-0.030987840912778	0.050230701051715655	-0.053298836509566336	0.0663529638619655	-0.04154390577027908	0.05059146488125099
0.09022011320599607	-0.12053646831539067	0.15306732708044155	-0.2869941296812384	0.9999999999999998	-0.11108275348547797	0.12946423515729485	-0.19515123744949794	0.24104428074628087	-0.732112553561596	0.09088389332389855	-0.1421123726290379	0.1870760575961401	-0.2531287386846994	0.31800085097950337	-0.11057626981130542	0.13422277318958722	-0.1944737640632485	0.16740100104079378	-0.11716337708325777	0.13075173961093947	-0.21387473595821407	0.1673345712739327	-0.22102342240802153	0.09837376734790386	-0.0889407147884897	0.12018122650056842	-0.17974319312318673	0.04716721207669488	-0.04870199690743249	0.06770616852479952	-0.07938121399107227	0.09181039682237907	-0.05993575398906111	0.05348787736505258	-0.08270471853062075	0.08526453345168558	-0.11679407633099298	0.07172249400341538	-0.09074902850535302
-0.6906812385041535	0.30737068268507106	-0.27366016185804226	0.11506495982025837	-0.11108275348547797	0.9999999999999996	-0.5245964868467519	0.23968016025247701	-0.11328904775854891	0.07550595970821129	-0.17380439093032032	0.1813952976648749	-0.13207676925328898	0.10476327593590158	-0.1282357590062071	0.14197186672801745	-0.15873269746123247	0.1137172988086879	-0.08544714306627392	0.04357753719874597	-0.08519655622001489	0.12019067959106974	-0.09884395181334066	0.09356097881438405	-0.04191459670248789	0.05144745399969939	-0.07112511061387632	0.08169760807424803	-0.02086882573976543	0.02084439733931782	-0.036328245447863804	0.04030111602061039	-0.04351765102754739	0.026583002972361477	-0.024046745100621922	0.04231556858271839	-0.04475636536696549	0.05206292006807059	-0.03252818778296244	0.03868191972101959
0.2893089734317706	-0.4401723681035044	0.28588882254216985	-0.14310440854464798	0.12946423515729485	-0.5245964868467519	0.9999999999999999	-0.4842725571318813	0.13566532427899194	-0.08999379574639242	0.1721502801359473	-0.34435221096703056	0.17476242437652495	-0.13752517924188207	0.15171808540893078	-0.1704732166189	0.20767608666638498	-0.15758621738554068	0.11098067701889262	-0.055486140798825724	0.10450296636815519	-0.16609060061042571	0.12937890260407978	-0.12399851614256747	0.05288527357164048	-0.06476556350240072	0.08918336895452428	-0.10583018577526017	0.02662313319481954	-0.026685739584204324	0.04575150875415748	-0.051097076955954696	0.05566203751889406	-0.03393653702339296	0.030593261371313362	-0.05363326632980085	0.05628187206731351	-0.06684080459011459	0.041382540980200604	-0.049418902502511075
-0.24472950616642086	0.2834203409329794	-0.6112645654700646	0.21942489746076743	-0.19515123744949794	0.23968016025247701	-0.4842725571318813	0.9999999999999999	-0.24503799006007893	0.1364993954014652	-0.1354201554164579	0.1954703085899827	-0.30010769434973134	0.1926837032252723	-0.22203884251602113	0.1344853103560173	-0.18542229557307888	0.18983103429808437	-0.14704881147020865	0.07227057868969	-0.12154131172317827	0.17318102911556524	-0.15372899425046932	0.15434338695646418	-0.06933120972991047	0.07446203649937828	-0.10389841281512575	0.12434355524079224	-0.03317845789172093	0.03314894636436853	-0.05364031807078673	0.06013096830446316	-0.06590048201634649	0.0405934867420878	-0.036763555960857036	0.0626450765688936	-0.06684270236029607	0.07907707509314485	-0.049565115611281664	0.05919292594151736
0.09812539731204478	-0.1392629672206638	0.211659187889609	-0.8095568525605675	0.24104428074628087	-0.11328904775854891	0.13566532427899194	-0.24503799006007893	0.9999999999999983	-0.2895719718890653	0.07345618276150571	-0.11058146058273106	0.18079412635200792	-0.2815239062178773	0.23628580496037987	-0.08361588987009272	0.10584910397115985	-0.1520224449967866	0.14962053863053287	-0.07429655444863037	0.09171543213843615	-0.1417088881060514	0.1242242779687802	-0.1572297780428771	0.06775848665770336	-0.05924738765805947	0.08161140477108834	-0.11009666980177175	0.030766655056873846	-0.031145497844616607	0.04391706952131203	-0.05044394245491161	0.05709476279120479	-0.036171074963711	0.03257902815035002	-0.05238425541419433	0.05517196208916584	-0.07027165494609688	0.04366496553407834	-0.053545756744137585
-0.06292002978573334	0.08356036878959239	-0.11346587248966437	0.21977784491393618	-0.732112553561596	0.07550595970821129	-0.08999379574639242	0.1364993954014652	-0.2895719718890653	0.9999999999999968	-0.06033058101188676	0.09338666008515373	-0.13914237210989738	0.19145870510866367	-0.5307337764382511	0.07219956603454071	-0.08954503284137684	0.13179859877967182	-0.12294090586256948	0.08591430376248335	-0.08560136769060316	0.13713078558046585	-0.11257622818036517	0.14763992920197283	-0.07449607643340818	0.0572662600650416	-0.0779393139535176	0.1130145096989299	-0.03135047522636263	0.03209141525923147	-0.04327435856921266	0.05044253835603904	-0.058028318575798	0.03761895814001537	-0.0337057090358673	0.052458413060085286	-0.05450967848783268	0.07304730646620436	-0.04509649543658217	0.05652339491422112
0.11485676076992671	-0.11677661880607479	0.11210759939915664	-0.07295361173439059	0.09088389332389855	-0.17380439093032032	0.1721502801359473	-0.1354201554164579	0.07345618276150571	-0.06033058101188676	0.9999999999999977	-0.43609377358512125	0.12589579349054061	-0.0952335518380718	0.11107272269992227	-0.8154296521203918	0.27236494096325814	-0.12976949634292684	0.08619399859203165	-0.041543673103034987	0.10782376777542295	-0.15445227558592736	0.11418392274187225	-0.0953702225179759	0.040390563742133095	-0.06488250340305092	0.08275786864914908	-0.09084083469284153	0.021285114743992813	-0.021223437311760917	0.04238539646181391	-0.04580694327709808	0.04816330876761995	-0.02860087319444834	0.025702498769202685	-0.04967946426820457	0.04999852695156456	-0.057181777391477374	0.03498422894855619	-0.041263533156038534
-0.14121396877713588	0.1587563215168492	-0.16253477588691978	0.10723600026756203	-0.1421123726290379	0.1813952976648749	-0.34435221096703056	0.1954703085899827	-0.11058146058273106	0.09338666008515373	-0.43609377358512125	0.9999999999999978	-0.21324352614885173	0.14568542832217252	-0.1749315534356136	0.29032787134164423	-0.6665169267188661	0.20101847754995103	-0.13555529310663925	0.06237149645271161	-0.14547851188129313	0.2246669785982049	-0.1823679178105038	0.14189579473093586	-0.06155483570584485	0.08564642151913945	-0.12113175492355814	0.12581159823795776	-0.031074439851563093	0.030784043845439108	-0.058343773211743936	0.06365411994444564	-0.06750986009177477	0.03981923183522933	-0.03606357554948535	0.06683627569778397	-0.07083909456141656	0.07865249214608072	-0.0489792881684252	0.05706409524745498
0.11038233682109984	-0.13819032425893982	0.18367384249912128	-0.1804066363579863	0.1870760575961401	-0.13207676925328898	0.17476242437652495	-0.30010769434973134	0.18079412635200792	-0.13914237210989738	0.12589579349054061	-0.21324352614885173	0.9999999999999954	-0.5229701659756626	0.24690552105964053	-0.15019377885790902	0.2084533773664205	-0.578946165272747	0.28221703498719103	-0.10942596756138971	0.15136228751732686	-0.2708859741152519	0.2597323462940523	-0.29079504954620133	0.10260609870278382	-0.098118554906897	0.13669282102923008	-0.1830687346988597	0.04882928665902891	-0.049172425887561995	0.07097113560271215	-0.08133937087741008	0.09259945104628603	-0.056049085787047724	0.050396295088223735	-0.08373106451120302	0.08872428387168456	-0.11087702748735091	0.06777053211955883	-0.08110436451533255
-0.09111224332464489	0.11295821567114002	-0.16114233006109513	0.20697924167490078	-0.2531287386846994	0.10476327593590158	-0.13752517924188207	0.1926837032252723	-0.2815239062178773	0.19145870510866367	-0.0952335518380718	0.14568542832217252	-0.5229701659756626	0.999999999999998	-0.4087701121139212	0.10936394871201331	-0.15532546694188995	0.28680440442848915	-0.5240030644627626	0.11713242967102777	-0.13645410039949418	0.2059848838038226	-0.22633680236306936	0.28474082051775235	-0.11626274970168517	0.08554029353650949	-0.12074513449722728	0.15309890212201654	-0.04821363734727815	0.047685189083450694	-0.06252205454978729	0.07110284643137602	-0.0802789192512486	0.04951961658814894	-0.04507785863041233	0.07310519500713457	-0.07888758194577705	0.09537282355773374	-0.06010788624702074	0.07164156039799224
0.10386474013973634	-0.13599951363543195	0.1693006531536318	-0.2593152385627135	0.31800085097950337	-0.1282357590062071	0.15171808540893078	-0.22203884251602113	0.23628580496037987	-0.5307337764382511	0.11107272269992227	-0.1749315534356136	0.24690552105964053	-0.4087701121139212	0.9999999999999954	-0.13574098057150555	0.16696634968364601	-0.2534852382094316	0.23049146458789288	-0.18753927975320778	0.16198091008095883	-0.2688808743177438	0.21519059132012033	-0.29738163954463426	0.14816645998950048	-0.11002046561219367	0.14909860480796944	-0.22216958925105953	0.061545382186343374	-0.06343168944361222	0.08346617543091076	-0.09781267159673333	0.11323818960195982	-0.07371521758502807	0.0658930193633721	-0.10171366577306915	0.10511708566459371	-0.14340408611560823	0.0880972003257471	-0.11107961796263688
-0.11318368236540893	0.11068206492235194	-0.11929412397374697	0.08096954704300252	-0.11057626981130542	0.14197186672801745	-0.1704732166189	0.1344853103560173	-0.08361588987009272	0.07219956603454071	-0.8154296521203918	0.29032787134164423	-0.15019377885790902	0.10936394871201331	-0.13574098057150555	0.9999999999999954	-0.39589183868826167	0.14734377042604138	-0.10165316758671818	0.04845157505343488	-0.14074933429521788	0.17224529235698793	-0.1369056142112366	0.10888019801324192	-0.0476958935038707	0.07841448126146996	-0.10147907130165303	0.10512015983646152	-0.024903768671873314	0.02471730371839446	-0.0508514625244651	0.054350452195301435	-0.056507018973560565	0.033350493175152304	-0.03007353326287356	0.05877457575939368	-0.05983445126252261	0.06643417766827872	-0.04096313545378648	0.047933229323587276
0.11706923063432696	-0.14162018934347848	0.1420817438572709	-0.10405724628405086	0.13422277318958722	-0.15873269746123247	0.20767608666638498	-0.18542229557307888	0.10584910397115985	-0.08954503284137684	0.27236494096325814	-0.6665169267188661	0.2084533773664205	-0.15532546694188995	0.16696634968364601	-0.39589183868826167	0.9999999999999982	-0.29839148620692285	0.15062465486738538	-0.06660879185794093	0.15121905453918708	-0.37651351773978	0.21600669752634605	-0.16554759182240794	0.06496731949861463	-0.09418963007120029	0.13083603077641415	-0.14137832393975097	0.03344073250014155	-0.033277154386778106	0.06279240170538618	-0.06906308554470128	0.07387360815237959	-0.04303075928945021	0.038742119338999986	-0.07265974088508863	0.07548916040178237	-0.08608712374085396	0.05266884275819225	-0.06148532905975642
-0.09762065045796543	0.11597724927273248	-0.15499334379836838	0.14084140326431951	-0.1944737640632485	0.1137172988086879	-0.15758621738554068	0.18983103429808437	-0.1520224449967866	0.13179859877967182	-0.12976949634292684	0.20101847754995103	-0.578946165272747	0.28680440442848915	-0.2534852382094316	0.14734377042604138	-0.29839148620692285	0.9999999999999984	-0.3986545224474618	0.10436224303662545	-0.16708672598004562	0.2767949914779985	-0.4672321469115212	0.2849427194217591	-0.10468780985139886	0.10291045929325174	-0.14920744792176407	0.18019933550950634	-0.048549110112929714	0.04779844791392982	-0.07321328999515778	0.08248805119369139	-0.09404556204916757	0.05419219173920227	-0.04932528170230973	0.08390889307835289	-0.09201632236067973	0.10614121321252037	-0.06650368881971198	0.07673993218131239
0.07226783597464481	-0.08909109004519916	0.11830006733937332	-0.14024717842190998	0.16740100104079378	-0.08544714306627392	0.11098067701889262	-0.14704881147020865	0.14962053863053287	-0.12294090586256948	0.08619399859203165	-0.13555529310663925	0.28221703498719103	-0.5240030644627626	0.23049146458789288	-0.10165316758671818	0.15062465486738538	-0.3986545224474618	0.9999999999999961	-0.13874888941152158	0.12527122293187387	-0.21682461638752115	0.25554072985939114	-0.6374709858997029	0.13182532160909238	-0.0796237881597141	0.11309525100211501	-0.14741306902325604	0.053315826319575606	-0.053315000012252485	0.057507903494023876	-0.06568979418838607	0.07525716765222284	-0.04564569042450419	0.04163747018349333	-0.06694733298680286	0.07247143862578409	-0.08783449444138705	0.05490118829327552	-0.06476595560475243
-0.03714529097088685	0.045695417242949725	-0.06084501641565818	0.07064169877450723	-0.11716337708325777	0.04357753719874597	-0.055486140798825724	0.07227057868969	-0.07429655444863037	0.08591430376248335	-0.041543673103034987	0.06237149645271161	-0.10942596756138971	0.11713242967102777	-0.18753927975320778	0.04845157505343488	-0.06660879185794093	0.10436224303662545	-0.13874888941152158	0.9999999999999967	-0.07165560420327416	0.1011061457290387	-0.11234120475773608	0.17848655415050763	-0.9332412587978485	0.04480363002232994	-0.06362706102272254	0.0818899347009249	-0.08426847673733731	0.08051190874230385	-0.03321644873301571	0.03809026790459986	-0.043810126463580124	0.031032313895450366	-0.029995994247165154	0.038661284959323	-0.042622216512942415	0.051665526060147945	-0.03521422418805245	0.04213075102128652
0.0687271224691137	-0.08312893854182479	0.09867577807906894	-0.09052134804232782	0.13075173961093947	-0.08519655622001489	0.10450296636815519	-0.12154131172317827	0.09171543213843615	-0.08560136769060316	0.10782376777542295	-0.14547851188129313	0.15136228751732686	-0.13645410039949418	0.16198091008095883	-0.14074933429521788	0.15121905453918708	-0.16708672598004562	0.12527122293187387	-0.07165560420327416	0.999999999999997	-0.32132455011180955	0.19710186238021302	-0.1623176591833406	0.06813761974596287	-0.6227243719125791	0.3274107686544113	-0.3783381204905413	0.05744949003538669	-0.05845417943061918	0.232805027143913	-0.21797097904605092	0.19706794013370224	-0.11482289655143146	0.09890842625844687	-0.2966591229919374	0.20886048433040733	-0.2487730711172923	0.13749868978916252	-0.16847184016893835
-0.10215850904317071	0.11899712314560634	-0.1503343290082156	0.13243474290274515	-0.21387473595821407	0.12019067959106974	-0.16609060061042571	0.17318102911556524	-0.1417088881060514	0.13713078558046585	-0.15445227558592736	0.2246669785982049	-0.2708859741152519	0.2059848838038226	-0.2688808743177438	0.17224529235698793	-0.37651351773978	0.2767949914779985	-0.21682461638752115	0.1011061457290387	-0.32132455011180955	0.9999999999999949	-0.5805430911340483	0.24637188190859202	-0.10327346842175508	0.1866090276069958	-0.3078374416656473	0.24649309011729886	-0.05480731750499753	0.05374434310817825	-0.11936950677021718	0.12850877659352208	-0.13318412904179924	0.07345019613097983	-0.06643987168769287	0.1323792734322341	-0.1415026996639106	0.14757032133858228	-0.09093226898350405	0.10307910331991421
0.08200667561999872	-0.0989865346627018	0.12411583787711845	-0.11881350589707125	0.1673345712739327	-0.09884395181334066	0.12937890260407978	-0.15372899425046932	0.1242242779687802	-0.11257622818036517	0.11418392274187225	-0.1823679178105038	0.2597323462940523	-0.22633680236306936	0.21519059132012033	-0.1369056142112366	0.21600669752634605	-0.4672321469115212	0.25554072985939114	-0.11234120475773608	0.19710186238021302	-0.5805430911340483	0.9999999999999943	-0.4395391017818817	0.11043333170468657	-0.13014186322018356	0.19000389231842335	-0.29380443502645565	0.056380947411250694	-0.0559228977260185	0.09029839977566476	-0.10472969698908886	0.12674236368412206	-0.06699704777708032	0.05995474581480616	-0.1033505528029057	0.11342303849890333	-0.13811983342606995	0.08162366710816099	-0.0923953810400886
-0.08102656578929092	0.09749943184920214	-0.13254361459503466	0.14027514423477505	-0.22102342240802153	0.09356097881438405	-0.12399851614256747	0.15434338695646418	-0.1572297780428771	0.14763992920197283	-0.0953702225179759	0.14189579473093586	-0.29079504954620133	0.28474082051775235	-0.29738163954463426	0.10888019801324192	-0.16554759182240794	0.2849427194217591	-0.6374709858997029	0.17848655415050763	-0.1623176591833406	0.24637188190859202	-0.4395391017818817	0.9999999999999962	-0.22587366258656508	0.09936430181708716	-0.14481978992709185	0.17550748236254762	-0.0786809041633688	0.07353976168557855	-0.0716960454592981	0.0810199287300923	-0.09288517159759373	0.05582526056311747	-0.05172124021353225	0.08197833855173838	-0.09109548544325283	0.10466893466559676	-0.06745121439622528	0.07792681288559342
0.03528739257539258	-0.043678984367671175	0.05699528691998162	-0.06617548437508466	0.09837376734790386	-0.04191459670248789	0.05288527357164048	-0.06933120972991047	0.06775848665770336	-0.07449607643340818	0.040390563742133095	-0.06155483570584485	0.10260609870278382	-0.11626274970168517	0.14816645998950048	-0.0476958935038707	0.06496731949861463	-0.10468780985139886	0.13182532160909238	-0.9332412587978485	0.06813761974596287	-0.10327346842175508	0.11043333170468657	-0.22587366258656508	0.9999999999999969	-0.04337488926534778	0.061283485543101174	-0.08193900492913704	0.08298119696991992	-0.09085847361597009	0.03216842212210068	-0.037137468073633335	0.04310532544378005	-0.030815978864866644	0.029691341409339753	-0.03764423376481878	0.04120342967669999	-0.05113862847981638	0.03454088500122991	-0.041706301060358136
-0.04247013973781679	0.0507474825834641	-0.062306831762681016	0.05738303698060644	-0.0889407147884897	0.05144745399969939	-0.06476556350240072	0.07446203649937828	-0.05924738765805947	0.0572662600650416	-0.06488250340305092	0.08564642151913945	-0.098118554906897	0.08554029353650949	-0.11002046561219367	0.07841448126146996	-0.09418963007120029	0.10291045929325174	-0.0796237881597141	0.04480363002232994	-0.6227243719125791	0.1866090276069958	-0.13014186322018356	0.09936430181708716	-0.04337488926534778	0.9999999999999958	-0.6053406322098206	0.24163292148261556	-0.03652712695308392	0.03650940203924167	-0.33653399776829357	0.19863245044741257	-0.14585664598680612	0.07366365610856347	-0.06440342562228399	0.24515777101592795	-0.1933924777675397	0.16094361982559466	-0.09052524898136978	0.10225155318569128
0.058279052965246936	-0.07035775571873146	0.08567097617281938	-0.07945976613235425	0.12018122650056842	-0.07112511061387632	0.08918336895452428	-0.10389841281512575	0.08161140477108834	-0.0779393139535176	0.08275786864914908	-0.12113175492355814	0.13669282102923008	-0.12074513449722728	0.14909860480796944	-0.10147907130165303	0.13083603077641415	-0.14920744792176407	0.11309525100211501	-0.06362706102272254	0.3274107686544113	-0.3078374416656473	0.19000389231842335	-0.14481978992709185	0.061283485543101174	-0.6053406322098206	0.9999999999999948	-0.45388124011499936	0.05446279510200333	-0.054834219624760094	0.230887909876277	-0.28169051017120195	0.21316382047131444	-0.10860998538556386	0.09319097840920591	-0.264202291056791	0.22781508138638543	-0.24512061030888743	0.13066395581675477	-0.15098174384144375
-0.06997569513806452	0.08299483977201039	-0.10853595121187334	0.10351709029215457	-0.17974319312318673	0.08169760807424803	-0.10583018577526017	0.12434355524079224	-0.11009666980177175	0.1130145096989299	-0.09084083469284153	0.12581159823795776	-0.1830687346988597	0.15309890212201654	-0.22216958925105953	0.10512015983646152	-0.14137832393975097	0.18019933550950634	-0.14741306902325604	0.0818899347009249	-0.3783381204905413	0.24649309011729886	-0.29380443502645565	0.17550748236254762	-0.08193900492913704	0.24163292148261556	-0.45388124011499936	0.9999999999999956	-0.08778556780122629	0.08050105503415138	-0.1909628528768813	0.23599051862286824	-0.48965892633474706	0.14312670527836954	-0.13267425028594	0.19504899073876927	-0.27680852240481213	0.28956351003016806	-0.187951269388812	0.17330462915793135
0.017749520173248337	-0.021490439392180403	0.0281541653320099	-0.029318099932125273	0.04716721207669488	-0.02086882573976543	0.02662313319481954	-0.03317845789172093	0.030766655056873846	-0.03135047522636263	0.021285114743992813	-0.031074439851563093	0.04882928665902891	-0.04821363734727815	0.061545382186343374	-0.024903768671873314	0.03344073250014155	-0.048549110112929714	0.053315826319575606	-0.08426847673733731	0.05744949003538669	-0.05480731750499753	0.056380947411250694	-0.0786809041633688	0.08298119696991992	-0.03652712695308392	0.05446279510200333	-0.08778556780122629	0.9999999999999932	-0.9756182764929113	0.02956729303458599	-0.036799104538808865	0.05139752843367534	-0.08092422907612445	0.08781116582992014	-0.033122566522343966	0.04234119639580388	-0.05589323257582339	0.06082821916163937	-0.07872280408489854
-0.01781168436041838	0.021506243890686144	-0.028370534236343756	0.02947720846250457	-0.04870199690743249	0.02084439733931782	-0.026685739584204324	0.03314894636436853	-0.031145497844616607	0.03209141525923147	-0.021223437311760917	0.030784043845439108	-0.049172425887561995	0.047685189083450694	-0.06343168944361222	0.02471730371839446	-0.033277154386778106	0.04779844791392982	-0.053315000012252485	0.08051190874230385	-0.05845417943061918	0.05374434310817825	-0.0559228977260185	0.07353976168557855	-0.09085847361597009	0.03650940203924167	-0.054834219624760094	0.08050105503415138	-0.9756182764929113	0.9999999999999939	-0.02945651391669026	0.03627158695892751	-0.05023147273895226	0.07706897141626139	-0.09632993495688971	0.032775061192309954	-0.04231211656185738	0.053813769301835374	-0.0606605484695181	0.07502473815322105
0.03022892494096911	-0.03622860215609306	0.04521008996584718	-0.04239100377360116	0.06770616852479952	-0.036328245447863804	0.04575150875415748	-0.05364031807078673	0.04391706952131203	-0.04327435856921266	0.04238539646181391	-0.058343773211743936	0.07097113560271215	-0.06252205454978729	0.08346617543091076	-0.0508514625244651	0.06279240170538618	-0.07321328999515778	0.057507903494023876	-0.03321644873301571	0.232805027143913	-0.11936950677021718	0.09029839977566476	-0.0716960454592981	0.03216842212210068	-0.33653399776829357	0.230887909876277	-0.1909628528768813	0.02956729303458599	-0.02945651391669026	0.9999999999999929	-0.4202973834857154	0.15933265176263814	-0.0711169538370451	0.061010228417678336	-0.7633005767635344	0.2811403123934106	-0.16800926791127277	0.08712552182264208	-0.09351988492991994
-0.033814064587951415	0.04044765511078861	-0.051185867612703176	0.04836819751982884	-0.07938121399107227	0.04030111602061039	-0.051097076955954696	0.06013096830446316	-0.05044394245491161	0.05044253835603904	-0.04580694327709808	0.06365411994444564	-0.08133937087741008	0.07110284643137602	-0.09781267159673333	0.054350452195301435	-0.06906308554470128	0.08248805119369139	-0.06568979418838607	0.03809026790459986	-0.21797097904605092	0.12850877659352208	-0.10472969698908886	0.0810199287300923	-0.037137468073633335	0.19863245044741257	-0.28169051017120195	0.23599051862286824	-0.036799104538808865	0.03627158695892751	-0.4202973834857154	0.999999999999993	-0.3425910074023511	0.10038402131335192	-0.0859323125246846	0.2896691279582011	-0.7133791310104639	0.2479903635611153	-0.12443101273225984	0.12274964989474965
0.03690033747699001	-0.04403003884925902	0.05674870779811661	-0.05426744008565871	0.09181039682237907	-0.04351765102754739	0.05566203751889406	-0.06590048201634649	0.05709476279120479	-0.058028318575798	0.04816330876761995	-0.06750986009177477	0.09259945104628603	-0.0802789192512486	0.11323818960195982	-0.056507018973560565	0.07387360815237959	-0.09404556204916757	0.07525716765222284	-0.043810126463580124	0.19706794013370224	-0.13318412904179924	0.12674236368412206	-0.09288517159759373	0.04310532544378005	-0.14585664598680612	0.21316382047131444	-0.48965892633474706	0.05139752843367534	-0.05023147273895226	0.15933265176263814	-0.3425910074023511	0.9999999999999927	-0.2003908509180517	0.14388233432327457	-0.1675735139135436	0.25910327482907847	-0.6814850655877042	0.20810303232974986	-0.19149403813374166
-0.02269436250202662	0.027073365910253045	-0.03532155957524222	0.03428676707612163	-0.05993575398906111	0.026583002972361477	-0.03393653702339296	0.0405934867420878	-0.036171074963711	0.03761895814001537	-0.02860087319444834	0.03981923183522933	-0.056049085787047724	0.04951961658814894	-0.07371521758502807	0.033350493175152304	-0.04303075928945021	0.05419219173920227	-0.04564569042450419	0.031032313895450366	-0.11482289655143146	0.07345019613097983	-0.06699704777708032	0.05582526056311747	-0.030815978864866644	0.07366365610856347	-0.10860998538556386	0.14312670527836954	-0.08092422907612445	0.07706897141626139	-0.0711169538370451	0.10038402131335192	-0.2003908509180517	0.9999999999999933	-0.7540205899117722	0.07649913656700115	-0.11997549747475365	0.1927658663177103	-0.5036671233221499	0.3195888256835352
0.020467508886925466	-0.024478434111824984	0.03181350436450782	-0.030987840912778	0.05348787736505258	-0.024046745100621922	0.030593261371313362	-0.036763555960857036	0.03257902815035002	-0.0337057090358673	0.025702498769202685	-0.03606357554948535	0.050396295088223735	-0.04507785863041233	0.0658930193633721	-0.03007353326287356	0.038742119338999986	-0.04932528170230973	0.04163747018349333	-0.029995994247165154	0.09890842625844687	-0.06643987168769287	0.05995474581480616	-0.05172124021353225	0.029691341409339753	-0.06440342562228399	0.09319097840920591	-0.13267425028594	0.08781116582992014	-0.09632993495688971	0.061010228417678336	-0.0859323125246846	0.14388233432327457	-0.7540205899117722	0.9999999999999931	-0.06766717625450433	0.09926169315300667	-0.16808208932887456	0.30588640192408056	-0.5431204791206934
-0.035509688905395555	0.04234485135940621	-0.053499578402308526	0.050230701051715655	-0.08270471853062075	0.04231556858271839	-0.05363326632980085	0.0626450765688936	-0.05238425541419433	0.052458413060085286	-0.04967946426820457	0.06683627569778397	-0.08373106451120302	0.07310519500713457	-0.10171366577306915	0.05877457575939368	-0.07265974088508863	0.08390889307835289	-0.06694733298680286	0.038661284959323	-0.2966591229919374	0.1323792734322341	-0.1033505528029057	0.08197833855173838	-0.03764423376481878	0.24515777101592795	-0.264202291056791	0.19504899073876927	-0.033122566522343966	0.032775061192309954	-0.7633005767635344	0.2896691279582011	-0.1675735139135436	0.07649913656700115	-0.06766717625450433	0.9999999999999929	-0.41474494195898265	0.17196008982036265	-0.0969622046676039	0.10094133230264214
0.03729508321276213	-0.04485461384408077	0.05623075324169419	-0.053298836509566336	0.08526453345168558	-0.04475636536696549	0.05628187206731351	-0.06684270236029607	0.05517196208916584	-0.05450967848783268	0.04999852695156456	-0.07083909456141656	0.08872428387168456	-0.07888758194577705	0.10511708566459371	-0.05983445126252261	0.07548916040178237	-0.09201632236067973	0.07247143862578409	-0.042622216512942415	0.20886048433040733	-0.1415026996639106	0.11342303849890333	-0.09109548544325283	0.04120342967669999	-0.1933924777675397	0.22781508138638543	-0.27680852240481213	0.04234119639580388	-0.04231211656185738	0.2811403123934106	-0.7133791310104639	0.25910327482907847	-0.11997549747475365	0.09926169315300667	-0.41474494195898265	0.9999999999999931	-0.34118446190898377	0.14601088311381602	-0.15834689594877274
-0.04454216894889655	0.05292953042885896	-0.06914130853247583	0.0663529638619655	-0.11679407633099298	0.05206292006807059	-0.06684080459011459	0.07907707509314485	-0.07027165494609688	0.07304730646620436	-0.057181777391477374	0.07865249214608072	-0.11087702748735091	0.09537282355773374	-0.14340408611560823	0.06643417766827872	-0.08608712374085396	0.10614121321252037	-0.08783449444138705	0.051665526060147945	-0.2487730711172923	0.14757032133858228	-0.13811983342606995	0.10466893466559676	-0.05113862847981638	0.16094361982559466	-0.24512061030888743	0.28956351003016806	-0.05589323257582339	0.053813769301835374	-0.16800926791127277	0.2479903635611153	-0.6814850655877042	0.1927658663177103	-0.16808208932887456	0.17196008982036265	-0.34118446190898377	0.9999999999999937	-0.36226852059612824	0.22203680034233872
0.02766610782255467	-0.0330646629440896	0.04289232274398212	-0.04154390577027908	0.07172249400341538	-0.03252818778296244	0.041382540980200604	-0.049565115611281664	0.04366496553407834	-0.04509649543658217	0.03498422894855619	-0.0489792881684252	0.06777053211955883	-0.06010788624702074	0.0880972003257471	-0.04096313545378648	0.05266884275819225	-0.06650368881971198	0.05490118829327552	-0.03521422418805245	0.13749868978916252	-0.09093226898350405	0.08162366710816099	-0.06745121439622528	0.03454088500122991	-0.09052524898136978	0.13066395581675477	-0.187951269388812	0.06082821916163937	-0.0606605484695181	0.08712552182264208	-0.12443101273225984	0.20810303232974986	-0.5036671233221499	0.30588640192408056	-0.0969622046676039	0.14601088311381602	-0.36226852059612824	0.9999999999999939	-0.6796156776367985
-0.0331821446396888	0.039515093956980246	-0.051948133856113306	0.05059146488125099	-0.09074902850535302	0.03868191972101959	-0.049418902502511075	0.05919292594151736	-0.053545756744137585	0.05652339491422112	-0.041263533156038534	0.05706409524745498	-0.08110436451533255	0.07164156039799224	-0.11107961796263688	0.047933229323587276	-0.06148532905975642	0.07673993218131239	-0.06476595560475243	0.04213075102128652	-0.16847184016893835	0.10307910331991421	-0.0923953810400886	0.07792681288559342	-0.041706301060358136	0.10225155318569128	-0.15098174384144375	0.17330462915793135	-0.07872280408489854	0.07502473815322105	-0.09351988492991994	0.12274964989474965	-0.19149403813374166	0.3195888256835352	-0.5431204791206934	0.10094133230264214	-0.15834689594877274	0.22203680034233872	-0.6796156776367985	0.999999999999994
