1.0	-0.6341880456443059	0.2170041098039789	-0.21398603940160998	0.13458585980385318	-0.5716377797894424	0.2771371475269935	-0.1882655300383651	0.1417309422685234	-0.15551198670875047	0.18201304717168357	-0.18137313201231223	0.11933323103704409	-0.12406869184698682	0.09290596549646303	-0.15343411343955582	0.16686348140130122	-0.1112228613361157	0.12404044095197528	-0.09956670940648513	0.09015536402756111	-0.09050629996254647	0.10102215785905856	-0.08232736057740989	0.1074842104915406	-0.06299059175928647	0.06922627633897285	-0.09276505952331363	0.06841627786261362	-0.05587108778714187	0.0647975615802987	-0.040895679911002764	0.07051940098293727	-0.07493559393509373	0.051730622442380525
-0.6341880456443059	1.0000000000000004	-0.44935602412345577	0.2423765657155908	-0.17955941644830525	0.27162549274431136	-0.3335087746654587	0.22011000120819463	-0.1850727711793219	0.17103689039407544	-0.1944458068177009	0.18025784385107813	-0.15085970613577754	0.1464070140197736	-0.11194140208232949	0.14321454716281065	-0.2029041186442661	0.13027617192491422	-0.1577527494456863	0.11264271384335735	-0.10957825531342413	0.10497945333728578	-0.123637138258282	0.09833872440768301	-0.13231598913749262	0.07343541772131942	-0.08282896194091115	0.10555559215411234	-0.08083560617722378	0.065581215120158	-0.07680364217375353	0.048152692547850214	-0.0833691087207383	0.08632929068963183	-0.06143155470271061
0.2170041098039789	-0.44935602412345577	1.0000000000000009	-0.6247373096675284	0.24361332070186198	-0.14323227866305205	0.17087829860623444	-0.43876822402561627	0.24625861062701018	-0.2527919833087847	0.10117792652612868	-0.1084647533734851	0.16125858233571408	-0.17487114394930048	0.1258920142057038	-0.08117099342637821	0.11233066033390873	-0.13782092399076712	0.1629929666626347	-0.129513728955791	0.07727360176790483	-0.07586543788871604	0.1034160591379448	-0.08673874958933564	0.11282767676291941	-0.05544016901556136	0.061853282663331656	-0.08942428637674645	0.06865365075265409	-0.05638447192041631	0.06034182363043279	-0.03820149063312207	0.0664728586637319	-0.07384533066641562	0.051804452967409806
-0.21398603940160998	0.2423765657155908	-0.6247373096675284	1.0000000000000009	-0.5184447669224537	0.1324488232953702	-0.17258871889153618	0.2631304558773086	-0.28755530795011713	0.27800269491163393	-0.10553828351967671	0.10780589044369715	-0.16681784261905677	0.17870570516582165	-0.14647050809927037	0.08214032159334658	-0.11834386657355903	0.13674314768218981	-0.18615351845358816	0.13779609845823562	-0.08418746392748339	0.0811241848714416	-0.11355593386850144	0.09441676787868133	-0.126920755745425	0.05964530224643311	-0.06718779036672697	0.09516947790335922	-0.07469985036892493	0.06123457858529015	-0.06585557950771244	0.0415201548059343	-0.07247612247949033	0.07924480538884324	-0.056704550698650456
0.13458585980385318	-0.17955941644830525	0.24361332070186198	-0.5184447669224537	0.9999999999999996	-0.09528027121993067	0.11909519045454488	-0.2355404513093184	0.23458444056454547	-0.7108549068364375	0.07408897299972751	-0.08070858066855573	0.13840829425585208	-0.17671352098370494	0.1804831472366228	-0.060273293804343486	0.08499716942856954	-0.12349141834601983	0.15944456810663613	-0.1855639747448855	0.0684427902702299	-0.06725960011714026	0.09741352413001504	-0.08503572648502786	0.11480351326481919	-0.05078570914474942	0.05657221824744269	-0.08684110252056211	0.06698776539866284	-0.05630298582397611	0.05694212596174861	-0.03619875812534479	0.06322360786207987	-0.07279496255069173	0.05106131301099781
-0.5716377797894424	0.27162549274431136	-0.14323227866305205	0.1324488232953702	-0.09528027121993067	0.9999999999999994	-0.5974526634806102	0.14301411478989204	-0.11209093036626427	0.10571635858568858	-0.33120799867039263	0.23620292619623717	-0.10293047081555809	0.09733264166459056	-0.07037950133828622	0.20640002328847992	-0.23846343359102914	0.09417489328132021	-0.10251767078772143	0.0740246839866574	-0.09314725299269296	0.09241819724231311	-0.08963850395245616	0.0702971462706082	-0.08940777487257325	0.05895123968801267	-0.06542322895993831	0.07806483917102278	-0.05782339676727659	0.046493562635539824	-0.054865708834639704	0.034752093892583255	-0.05909512742023762	0.06229815621588128	-0.0431723062622124
0.2771371475269935	-0.3335087746654587	0.17087829860623444	-0.17258871889153618	0.11909519045454488	-0.5974526634806102	0.9999999999999986	-0.21778152522348823	0.14590115365090633	-0.13965274498840435	0.225983117030183	-0.5001179054500055	0.13213208452835332	-0.12810742735409578	0.08932250480911477	-0.21961591061845362	0.2648298325556904	-0.1229012267575247	0.12781079044067623	-0.09556411521825027	0.10652097503588728	-0.11146326630719251	0.10834223882366513	-0.08674818331045747	0.10879352750007226	-0.07069320358345134	0.07731349210823475	-0.09721236082993563	0.07116681897227642	-0.05750518522373997	0.06675157546652949	-0.042398745084320066	0.07222582450820021	-0.07747455485852482	0.05308970028504746
-0.1882655300383651	0.22011000120819463	-0.43876822402561627	0.2631304558773086	-0.2355404513093184	0.14301411478989204	-0.21778152522348823	0.9999999999999989	-0.6367194081270713	0.23880540541992207	-0.10745460301815218	0.12712335488188695	-0.3222616500705887	0.26596080118346876	-0.15547574251654672	0.08822645384365511	-0.1276854768916595	0.20663120255682574	-0.25837072621683704	0.14858521003212227	-0.0919420191662539	0.0908080195293599	-0.13484104318649862	0.1120518376698625	-0.13883068768388387	0.06551962832924245	-0.07337206156524072	0.10759452005659641	-0.08491326735079725	0.06856282410571542	-0.07074038702428223	0.04496524081203751	-0.0782773235804049	0.08902799971131856	-0.06292261401135127
0.1417309422685234	-0.1850727711793219	0.24625861062701018	-0.28755530795011713	0.23458444056454547	-0.11209093036626427	0.14590115365090633	-0.6367194081270713	0.9999999999999984	-0.37867662548025555	0.08495682296477663	-0.10162654611397799	0.2308167805500677	-0.4622259856911337	0.17625299544772138	-0.07146609017278152	0.1010060885047157	-0.196513969835187	0.2482268369172829	-0.1732542328573802	0.08143928704595825	-0.08147477663127277	0.12299143020034911	-0.10770174697049949	0.13149750548096692	-0.06006202591239556	0.06677012462149665	-0.10332047649239753	0.08058518834130723	-0.06591246640914056	0.06576227215480157	-0.041995414465419975	0.07317021688202081	-0.08573693196533783	0.059768804617995615
-0.15551198670875047	0.17103689039407544	-0.2527919833087847	0.27800269491163393	-0.7108549068364375	0.10571635858568858	-0.13965274498840435	0.23880540541992207	-0.37867662548025555	1.0000000000000004	-0.08693040796039511	0.09245935922055262	-0.16911554218551586	0.21051980299708475	-0.29799179564932055	0.06935281183251644	-0.10051876998347063	0.14239027000129373	-0.20666837124011173	0.21033004532940278	-0.08127399993117043	0.07896330337616904	-0.11743884843483589	0.10144063934211509	-0.14148010866476618	0.059211778326204584	-0.06649654462022117	0.09964979059112665	-0.079053607404768	0.06608714716196423	-0.066557852060311	0.04219674602557596	-0.07386643526496306	0.08414534829380378	-0.060454946272928876
0.18201304717168357	-0.1944458068177009	0.10117792652612868	-0.10553828351967671	0.07408897299972751	-0.33120799867039263	0.225983117030183	-0.10745460301815218	0.08495682296477663	-0.08693040796039511	0.9999999999999972	-0.29363705067071744	0.08908386120932435	-0.08309494331310158	0.05965404732717605	-0.7987037530170115	0.27282182992473	-0.08782755965866686	0.0874221227241875	-0.06447163116380229	0.10396056619527017	-0.10831485099058481	0.08672738567019501	-0.06783137394152716	0.08251745644054488	-0.06464375765072121	0.06795537616721477	-0.07803578912225567	0.055946075656373814	-0.04471727023681801	0.053453428779965895	-0.0341703387976493	0.05711864213856999	-0.06085537827872201	0.04126845923684836
-0.18137313201231223	0.18025784385107813	-0.1084647533734851	0.10780589044369715	-0.08070858066855573	0.23620292619623717	-0.5001179054500055	0.12712335488188695	-0.10162654611397799	0.09245935922055262	-0.29363705067071744	0.9999999999999967	-0.13025130840826338	0.10000154341218244	-0.06793603997604067	0.24532272866133678	-0.703839502103048	0.11614780660201697	-0.1084360631579742	0.07212721497304198	-0.1328539564302964	0.13716292924138804	-0.10844153658213733	0.08035057903384359	-0.09604677757351099	0.07481000262239992	-0.08461765017358092	0.08802138792184656	-0.06479687935146666	0.05103720262428284	-0.06070731982606735	0.03882581266939002	-0.06455435492460992	0.06871466182012821	-0.04720452883922483
0.11933323103704409	-0.15085970613577754	0.16125858233571408	-0.16681784261905677	0.13840829425585208	-0.10293047081555809	0.13213208452835332	-0.3222616500705887	0.2308167805500677	-0.16911554218551586	0.08908386120932435	-0.13025130840826338	0.9999999999999984	-0.4128813475663915	0.15111747105314327	-0.07970481649606113	0.12323389705679573	-0.7292211768545152	0.30490808433440425	-0.1636402575613237	0.10274596089026647	-0.11005005450868567	0.1827370816700449	-0.15078252097763067	0.1545638578961212	-0.076724193775879	0.0841359414040454	-0.13715330583482213	0.10465478663969223	-0.08324688941639058	0.07999958982803729	-0.051765842998899726	0.08957127265961656	-0.11036812613222963	0.0744851539355097
-0.12406869184698682	0.1464070140197736	-0.17487114394930048	0.17870570516582165	-0.17671352098370494	0.09733264166459056	-0.12810742735409578	0.26596080118346876	-0.4622259856911337	0.21051980299708475	-0.08309494331310158	0.10000154341218244	-0.4128813475663915	0.999999999999994	-0.2789800376437448	0.07036027299019422	-0.10466251772905706	0.27870509967218465	-0.6068484924087235	0.2215280374033827	-0.09913336794973811	0.09934295124969111	-0.1704684371353257	0.15316568200120084	-0.17548008881821098	0.072902512291372	-0.08157564417773124	0.1295423684756409	-0.10700737989941396	0.08502331965768947	-0.07974267843551397	0.0512109217344539	-0.0894422362134944	0.10860007126248687	-0.0769148220907703
0.09290596549646303	-0.11194140208232949	0.1258920142057038	-0.14647050809927037	0.1804831472366228	-0.07037950133828622	0.08932250480911477	-0.15547574251654672	0.17625299544772138	-0.29799179564932055	0.05965404732717605	-0.06793603997604067	0.15111747105314327	-0.2789800376437448	0.9999999999999949	-0.05011943931704449	0.07228122320324823	-0.14399367026961554	0.21924224152008914	-0.8374114410771893	0.07577056152064143	-0.07634893597677056	0.1203532221965075	-0.12018590131076612	0.1769960360148757	-0.059777426504693525	0.06598918011293438	-0.11471394952292688	0.09004691496298851	-0.08185702800470722	0.06827136141533595	-0.0442042999899436	0.07731150126614053	-0.10024441630209237	0.07000739742651915
-0.15343411343955582	0.14321454716281065	-0.08117099342637821	0.08214032159334658	-0.060273293804343486	0.20640002328847992	-0.21961591061845362	0.08822645384365511	-0.07146609017278152	0.06935281183251644	-0.7987037530170115	0.24532272866133678	-0.07970481649606113	0.07036027299019422	-0.05011943931704449	0.9999999999999943	-0.446719469023528	0.0783040701455314	-0.07706033749671415	0.053654848815239124	-0.11538595682183055	0.111047329998569	-0.08163813640203844	0.061342549847612705	-0.07319843556038663	0.06238262181892662	-0.0666977247355965	0.06922739787174638	-0.050043907892367165	0.039504512846949044	-0.047851708085945056	0.03065583343970184	-0.05063545918241375	0.053596970481064946	-0.0365138282577194
0.16686348140130122	-0.2029041186442661	0.11233066033390873	-0.11834386657355903	0.08499716942856954	-0.23846343359102914	0.2648298325556904	-0.1276854768916595	0.1010060885047157	-0.10051876998347063	0.27282182992473	-0.703839502103048	0.12323389705679573	-0.10466251772905706	0.07228122320324823	-0.446719469023528	0.9999999999999947	-0.13191032767761723	0.11282936427587423	-0.07832527009162012	0.15101700148358996	-0.1987389389486523	0.12062820530600703	-0.09038373839425191	0.10433601694867459	-0.08768438975924665	0.09586185508758702	-0.10054678180660948	0.07234476053890797	-0.057016498837451565	0.06759004103370807	-0.04351000830677075	0.07179095138050275	-0.07751097895630948	0.05241456662661573
-0.1112228613361157	0.13027617192491422	-0.13782092399076712	0.13674314768218981	-0.12349141834601983	0.09417489328132021	-0.1229012267575247	0.20663120255682574	-0.196513969835187	0.14239027000129373	-0.08782755965866686	0.11614780660201697	-0.7292211768545152	0.27870509967218465	-0.14399367026961554	0.0783040701455314	-0.13191032767761723	0.9999999999999944	-0.4813766544989553	0.15031831450362448	-0.11429711184073295	0.12036657173824777	-0.2630972472082118	0.17364258814924768	-0.1707872654999511	0.08087191463949112	-0.09025062101575831	0.14157885651395505	-0.11517765582487008	0.08808351285528157	-0.08286045624939083	0.05361381596933986	-0.09288312323828954	0.11464185579212058	-0.07936344395131739
0.12404044095197528	-0.1577527494456863	0.1629929666626347	-0.18615351845358816	0.15944456810663613	-0.10251767078772143	0.12781079044067623	-0.25837072621683704	0.2482268369172829	-0.20666837124011173	0.0874221227241875	-0.1084360631579742	0.30490808433440425	-0.6068484924087235	0.21924224152008914	-0.07706033749671415	0.11282936427587423	-0.4813766544989553	0.999999999999997	-0.2804290661664788	0.11802862586664631	-0.12385389340392615	0.2131048340298972	-0.24213949175014854	0.20652079517725788	-0.09102328711108847	0.10019291707827382	-0.17419643469364535	0.1404017075387813	-0.11056315827375687	0.09856470643244306	-0.06408993499378518	0.11154074843480641	-0.14460482685674994	0.09726551854097887
-0.09956670940648513	0.11264271384335735	-0.129513728955791	0.13779609845823562	-0.1855639747448855	0.0740246839866574	-0.09556411521825027	0.14858521003212227	-0.1732542328573802	0.21033004532940278	-0.06447163116380229	0.07212721497304198	-0.1636402575613237	0.2215280374033827	-0.8374114410771893	0.053654848815239124	-0.07832527009162012	0.15031831450362448	-0.2804290661664788	0.9999999999999959	-0.08422310397229563	0.08376294246984801	-0.13888388772029264	0.1370000835252091	-0.2502594617482474	0.06496338469419548	-0.07245038144442158	0.12261058711217207	-0.10145071283544545	0.09229429575138678	-0.07462363771992739	0.04815932375368369	-0.08459807544373463	0.10847325508535019	-0.08044445667875624
0.09015536402756111	-0.10957825531342413	0.07727360176790483	-0.08418746392748339	0.0684427902702299	-0.09314725299269296	0.10652097503588728	-0.0919420191662539	0.08143928704595825	-0.08127399993117043	0.10396056619527017	-0.1328539564302964	0.10274596089026647	-0.09913336794973811	0.07577056152064143	-0.11538595682183055	0.15101700148358996	-0.11429711184073295	0.11802862586664631	-0.08422310397229563	0.9999999999999939	-0.7510028875539583	0.23246988814311756	-0.17923758738475076	0.17082007473333619	-0.4174292337973767	0.2777533665463498	-0.21858233409111946	0.14079952637678303	-0.10712718753716699	0.1444799488665953	-0.09696020822459388	0.14037255523809278	-0.15227173795827428	0.09677410123884043
-0.09050629996254647	0.10497945333728578	-0.07586543788871604	0.0811241848714416	-0.06725960011714026	0.09241819724231311	-0.11146326630719251	0.0908080195293599	-0.08147477663127277	0.07896330337616904	-0.10831485099058481	0.13716292924138804	-0.11005005450868567	0.09934295124969111	-0.07634893597677056	0.111047329998569	-0.1987389389486523	0.12036657173824777	-0.12385389340392615	0.08376294246984801	-0.7510028875539583	0.9999999999999952	-0.3637705932748274	0.18748318765039612	-0.18420640057934323	0.2591480597725712	-0.3380934654074676	0.19845565942858637	-0.1432544856959726	0.10406683799358017	-0.1343459488453182	0.08875555502277777	-0.13406919088977015	0.14205308273597622	-0.0954517896247661
0.10102215785905856	-0.123637138258282	0.1034160591379448	-0.11355593386850144	0.09741352413001504	-0.08963850395245616	0.10834223882366513	-0.13484104318649862	0.12299143020034911	-0.11743884843483589	0.08672738567019501	-0.10844153658213733	0.1827370816700449	-0.1704684371353257	0.1203532221965075	-0.08163813640203844	0.12062820530600703	-0.2630972472082118	0.2131048340298972	-0.13888388772029264	0.23246988814311756	-0.3637705932748274	0.9999999999999963	-0.619250410148263	0.2922812457004535	-0.17299163678716853	0.18454859445577135	-0.34504155988112023	0.25559145545356826	-0.18646289888506107	0.15468862599214703	-0.10392224501307915	0.17674849031927303	-0.2515910506164996	0.1580823300541106
-0.08232736057740989	0.09833872440768301	-0.08673874958933564	0.09441676787868133	-0.08503572648502786	0.0702971462706082	-0.08674818331045747	0.1120518376698625	-0.10770174697049949	0.10144063934211509	-0.06783137394152716	0.08035057903384359	-0.15078252097763067	0.15316568200120084	-0.12018590131076612	0.061342549847612705	-0.09038373839425191	0.17364258814924768	-0.24213949175014854	0.1370000835252091	-0.17923758738475076	0.18748318765039612	-0.619250410148263	0.9999999999999929	-0.4975145873003327	0.12877963795941522	-0.1480520777929215	0.2729335933363802	-0.4121569234265282	0.20259442308480669	-0.13653197721888333	0.09084309674419971	-0.16097272809243304	0.2410281247386553	-0.17684478463748204
0.1074842104915406	-0.13231598913749262	0.11282767676291941	-0.126920755745425	0.11480351326481919	-0.08940777487257325	0.10879352750007226	-0.13883068768388387	0.13149750548096692	-0.14148010866476618	0.08251745644054488	-0.09604677757351099	0.1545638578961212	-0.17548008881821098	0.1769960360148757	-0.07319843556038663	0.10433601694867459	-0.1707872654999511	0.20652079517725788	-0.2502594617482474	0.17082007473333619	-0.18420640057934323	0.2922812457004535	-0.4975145873003327	0.9999999999999931	-0.15228594920061658	0.1644649012660479	-0.355106726294854	0.28860220732262337	-0.3699217362442143	0.17668771127486932	-0.11903036400201934	0.2077040056710478	-0.34325734519093676	0.24049938127689366
-0.06299059175928647	0.07343541772131942	-0.05544016901556136	0.05964530224643311	-0.05078570914474942	0.05895123968801267	-0.07069320358345134	0.06551962832924245	-0.06006202591239556	0.059211778326204584	-0.06464375765072121	0.07481000262239992	-0.076724193775879	0.072902512291372	-0.059777426504693525	0.06238262181892662	-0.08768438975924665	0.08087191463949112	-0.09102328711108847	0.06496338469419548	-0.4174292337973767	0.2591480597725712	-0.17299163678716853	0.12877963795941522	-0.15228594920061658	0.9999999999999929	-0.78909492903486	0.2123728861581751	-0.13290164354366857	0.0949977539655425	-0.24088626451474748	0.14189419873443201	-0.17707025426794903	0.13881972243367985	-0.09029520868571254
0.06922627633897285	-0.08282896194091115	0.061853282663331656	-0.06718779036672697	0.05657221824744269	-0.06542322895993831	0.07731349210823475	-0.07337206156524072	0.06677012462149665	-0.06649654462022117	0.06795537616721477	-0.08461765017358092	0.0841359414040454	-0.08157564417773124	0.06598918011293438	-0.0666977247355965	0.09586185508758702	-0.09025062101575831	0.10019291707827382	-0.07245038144442158	0.2777533665463498	-0.3380934654074676	0.18454859445577135	-0.1480520777929215	0.1644649012660479	-0.78909492903486	0.999999999999992	-0.3068510754665602	0.15384161298827287	-0.11000319867732425	0.19306838549064304	-0.14734506308014547	0.1730755931358365	-0.16213184351338739	0.10160035773853619
-0.09276505952331363	0.10555559215411234	-0.08942428637674645	0.09516947790335922	-0.08684110252056211	0.07806483917102278	-0.09721236082993563	0.10759452005659641	-0.10332047649239753	0.09964979059112665	-0.07803578912225567	0.08802138792184656	-0.13715330583482213	0.1295423684756409	-0.11471394952292688	0.06922739787174638	-0.10054678180660948	0.14157885651395505	-0.17419643469364535	0.12261058711217207	-0.21858233409111946	0.19845565942858637	-0.34504155988112023	0.2729335933363802	-0.355106726294854	0.2123728861581751	-0.3068510754665602	0.9999999999999911	-0.543173786150824	0.2293291741129678	-0.28296248217079234	0.18355973908203288	-0.36403985504601954	0.29907648647214724	-0.23309147622352225
0.06841627786261362	-0.08083560617722378	0.06865365075265409	-0.07469985036892493	0.06698776539866284	-0.05782339676727659	0.07116681897227642	-0.08491326735079725	0.08058518834130723	-0.079053607404768	0.055946075656373814	-0.06479687935146666	0.10465478663969223	-0.10700737989941396	0.09004691496298851	-0.050043907892367165	0.07234476053890797	-0.11517765582487008	0.1404017075387813	-0.10145071283544545	0.14079952637678303	-0.1432544856959726	0.25559145545356826	-0.4121569234265282	0.28860220732262337	-0.13290164354366857	0.15384161298827287	-0.543173786150824	0.9999999999999909	-0.3797151756734729	0.1636154795911187	-0.11480548296705381	0.20985803565622724	-0.5195059817609583	0.2665966001545905
-0.05587108778714187	0.065581215120158	-0.05638447192041631	0.06123457858529015	-0.05630298582397611	0.046493562635539824	-0.05750518522373997	0.06856282410571542	-0.06591246640914056	0.06608714716196423	-0.04471727023681801	0.05103720262428284	-0.08324688941639058	0.08502331965768947	-0.08185702800470722	0.039504512846949044	-0.057016498837451565	0.08808351285528157	-0.11056315827375687	0.09229429575138678	-0.10712718753716699	0.10406683799358017	-0.18646289888506107	0.20259442308480669	-0.3699217362442143	0.0949977539655425	-0.11000319867732425	0.2293291741129678	-0.3797151756734729	0.9999999999999903	-0.13375201883432195	0.08950889077848419	-0.167770718692004	0.3042446449511149	-0.7581744891784307
0.0647975615802987	-0.07680364217375353	0.06034182363043279	-0.06585557950771244	0.05694212596174861	-0.054865708834639704	0.06675157546652949	-0.07074038702428223	0.06576227215480157	-0.066557852060311	0.053453428779965895	-0.06070731982606735	0.07999958982803729	-0.07974267843551397	0.06827136141533595	-0.047851708085945056	0.06759004103370807	-0.08286045624939083	0.09856470643244306	-0.07462363771992739	0.1444799488665953	-0.1343459488453182	0.15468862599214703	-0.13653197721888333	0.17668771127486932	-0.24088626451474748	0.19306838549064304	-0.28296248217079234	0.1636154795911187	-0.13375201883432195	0.9999999999999907	-0.7076941059387506	0.3239069880318618	-0.2369919122032353	0.12527063597817167
-0.040895679911002764	0.048152692547850214	-0.03820149063312207	0.0415201548059343	-0.03619875812534479	0.034752093892583255	-0.042398745084320066	0.04496524081203751	-0.041995414465419975	0.04219674602557596	-0.0341703387976493	0.03882581266939002	-0.051765842998899726	0.0512109217344539	-0.0442042999899436	0.03065583343970184	-0.04351000830677075	0.05361381596933986	-0.06408993499378518	0.04815932375368369	-0.09696020822459388	0.08875555502277777	-0.10392224501307915	0.09084309674419971	-0.11903036400201934	0.14189419873443201	-0.14734506308014547	0.18355973908203288	-0.11480548296705381	0.08950889077848419	-0.7076941059387506	0.9999999999999907	-0.6080809288249431	0.1641677847154836	-0.08939901387037867
0.07051940098293727	-0.0833691087207383	0.0664728586637319	-0.07247612247949033	0.06322360786207987	-0.05909512742023762	0.07222582450820021	-0.0782773235804049	0.07317021688202081	-0.07386643526496306	0.05711864213856999	-0.06455435492460992	0.08957127265961656	-0.0894422362134944	0.07731150126614053	-0.05063545918241375	0.07179095138050275	-0.09288312323828954	0.11154074843480641	-0.08459807544373463	0.14037255523809278	-0.13406919088977015	0.17674849031927303	-0.16097272809243304	0.2077040056710478	-0.17707025426794903	0.1730755931358365	-0.36403985504601954	0.20985803565622724	-0.167770718692004	0.3239069880318618	-0.6080809288249431	0.9999999999999899	-0.35197133559950505	0.16301381938405382
-0.07493559393509373	0.08632929068963183	-0.07384533066641562	0.07924480538884324	-0.07279496255069173	0.06229815621588128	-0.07747455485852482	0.08902799971131856	-0.08573693196533783	0.08414534829380378	-0.06085537827872201	0.06871466182012821	-0.11036812613222963	0.10860007126248687	-0.10024441630209237	0.053596970481064946	-0.07751097895630948	0.11464185579212058	-0.14460482685674994	0.10847325508535019	-0.15227173795827428	0.14205308273597622	-0.2515910506164996	0.2410281247386553	-0.34325734519093676	0.13881972243367985	-0.16213184351338739	0.29907648647214724	-0.5195059817609583	0.3042446449511149	-0.2369919122032353	0.1641677847154836	-0.35197133559950505	0.9999999999999898	-0.5062757947142639
0.051730622442380525	-0.06143155470271061	0.051804452967409806	-0.056704550698650456	0.05106131301099781	-0.0431723062622124	0.05308970028504746	-0.06292261401135127	0.059768804617995615	-0.060454946272928876	0.04126845923684836	-0.04720452883922483	0.0744851539355097	-0.0769148220907703	0.07000739742651915	-0.0365138282577194	0.05241456662661573	-0.07936344395131739	0.09726551854097887	-0.08044445667875624	0.09677410123884043	-0.0954517896247661	0.1580823300541106	-0.17684478463748204	0.24049938127689366	-0.09029520868571254	0.10160035773853619	-0.23309147622352225	0.2665966001545905	-0.7581744891784307	0.12527063597817167	-0.08939901387037867	0.16301381938405382	-0.5062757947142639	0.9999999999999898
