1.0	-0.9346271572079726	0.13758248969522446	-0.11883325306092792	0.10080674858855862	-0.18667109524028397	0.18896478119239082	-0.15656259239402545	0.07455490613336951	-0.055857499009145495	0.10598958755195093	-0.1287333486122173	0.08909032368482342	-0.04984706730551067	0.05219021029440315	-0.1063031739282654	0.0778405099511749	-0.07955829139875198	0.04979640179585062	-0.04437473253853237	0.02861123623788458	-0.03965036246545888	0.046135904576008684	-0.05445508474542324	0.040284694754946254	-0.03820340610911109	0.031009938874129516	-0.031279963296005124	0.03930720117755833	-0.03329680539250138	0.01773797872658741	-0.025531979993777956	0.030977094587794855	-0.02943256964301671	0.02649279151875348	-0.020204586039372443	0.02595823927705626	-0.033316867570295214	0.027017181821191637	-0.023608383641006727
-0.9346271572079726	0.9999999999999999	-0.15856608290423424	0.11250430411003745	-0.09962776595081602	0.15097637513308268	-0.23110771963282134	0.1467497739542912	-0.07263426331866137	0.05384483490782773	-0.09672880126600547	0.11337061296073707	-0.08372548671320312	0.04737585196398044	-0.05012200509172545	0.09267852947287498	-0.07053025335086373	0.07238484587926315	-0.04693911046435163	0.04175104844437194	-0.026478963195497435	0.036545863512732035	-0.04289785703615257	0.0508829389261554	-0.03804674083219147	0.03522051419575914	-0.028872019889587177	0.02909166729063114	-0.036891688740110826	0.03117415921036768	-0.016432641919751845	0.023719005426314874	-0.028917120733836673	0.027513668616408388	-0.02485767340579781	0.018692547239266395	-0.02417057464066622	0.030964908438331926	-0.025352231713313994	0.022084709618782745
0.13758248969522446	-0.15856608290423424	1.0	-0.7742992171604155	0.2681015088665636	-0.18573636554370582	0.2112854876325717	-0.39987282358585885	0.1900686503840822	-0.15117952163829645	0.1252191941870105	-0.19375000593372896	0.16150291934798505	-0.12206073710793143	0.12592848960206346	-0.16248890938015514	0.12154807739341864	-0.15067747012866967	0.11161485602244382	-0.10436095786671759	0.06003675427645444	-0.08332419398843222	0.0947858423791476	-0.12617962202037647	0.09094008711370015	-0.0836136998904841	0.06551309267708456	-0.06655298332318968	0.0853966657569902	-0.07517742251760756	0.038423925638171146	-0.0550960306897646	0.0664300339311062	-0.06479396088425382	0.058492905894915716	-0.04416676548580706	0.055599978892473895	-0.07308345822538871	0.05898957918438928	-0.05248030797179644
-0.11883325306092792	0.11250430411003745	-0.7742992171604155	0.9999999999999999	-0.4431885409892818	0.142901443949548	-0.17939153183953072	0.2492609860287119	-0.2504068843613781	0.18370893156441523	-0.10069805812923485	0.15274420709843559	-0.1426962909871707	0.13382426524223143	-0.14874185844065227	0.1286858194277396	-0.10018346664637963	0.1273190631932393	-0.11528085366883761	0.10647277921802509	-0.054348625547533405	0.07483068579721247	-0.0875228096944493	0.12373309158984495	-0.09351280637345231	0.07482042569059644	-0.06091074909516035	0.061910935214725175	-0.0831502722170941	0.07304473798986821	-0.03499894971975495	0.05088521351249974	-0.06267465128789568	0.062009435849787714	-0.05709912661429707	0.040054918192083885	-0.05171430765681738	0.0678069038484411	-0.0572380947130177	0.050372203210356764
0.10080674858855862	-0.09962776595081602	0.2681015088665636	-0.4431885409892818	1.0000000000000004	-0.23930926566933788	0.2230293417336646	-0.35291546987742206	0.30392050661791287	-0.4831418871480944	0.1647287824792101	-0.26774096878094134	0.21600005745298068	-0.23469627753410735	0.24308121801504115	-0.22957353130807376	0.17050226921902517	-0.22154342070473615	0.19235371059676967	-0.19671689592221323	0.09798169206135712	-0.13651762170554918	0.1517114244043968	-0.2288798328165541	0.15832232187145398	-0.14020942923614965	0.10700399991977057	-0.10951536897678338	0.14259008486397917	-0.13149445703739288	0.06392483351543453	-0.09155027173136093	0.109771958875333	-0.10996343189135155	0.09934077419112912	-0.0739970473997884	0.09167316290456297	-0.12322564304228457	0.09871260160943655	-0.08974986632050316
-0.18667109524028397	0.15097637513308268	-0.18573636554370582	0.142901443949548	-0.23930926566933788	1.0000000000000002	-0.4691602866947757	0.2388398479222454	-0.16693346080292135	0.11997177864039406	-0.6679011444016191	0.2872108413519386	-0.22981909517969884	0.10873302580518854	-0.11910453063281441	0.2670791582351086	-0.22177906912170187	0.17915249712082712	-0.11350942987503888	0.09704527404202717	-0.0650364337676047	0.08835991914847034	-0.10830568898080126	0.11733286510822581	-0.09200874498212716	0.08213442505625317	-0.07143048649685715	0.07121267766784581	-0.09087409368503732	0.07402847442404105	-0.0392398201459755	0.05724891956000568	-0.07108786758776203	0.06641231800594305	-0.06038444373295911	0.04410389147396549	-0.059093057141385	0.07381029368728301	-0.06215305649188882	0.052983411419598704
0.18896478119239082	-0.23110771963282134	0.2112854876325717	-0.17939153183953072	0.2230293417336646	-0.4691602866947757	1.0000000000000002	-0.6002566812276162	0.1791688218957297	-0.13004285337246516	0.25131513628681906	-0.3824946106850472	0.23081769035543534	-0.11910592681137568	0.1227776673120005	-0.27335632036601576	0.20153637708976258	-0.20333722693238304	0.11921432205901224	-0.10458884725666531	0.06827447039958419	-0.09523059073080338	0.11108085451364771	-0.12894775855452906	0.09503793576634753	-0.09041544650103342	0.0737726800352054	-0.07459022445287433	0.09287879080554226	-0.07822725357845794	0.04197006595258114	-0.060491970481472736	0.07339170234960483	-0.06941863056387967	0.06239014978144383	-0.047734656253612465	0.06147121097048294	-0.07862480571947232	0.06361227667799521	-0.05546641983115208
-0.15656259239402545	0.1467497739542912	-0.39987282358585885	0.2492609860287119	-0.35291546987742206	0.2388398479222454	-0.6002566812276162	1.0000000000000004	-0.315737877561853	0.19426152481302988	-0.17580335173197817	0.24595549349676862	-0.30717891830613014	0.16403118556450882	-0.1763210285656408	0.19711351836252067	-0.16532072504295584	0.2054916418123986	-0.1522011304197515	0.13248299932719235	-0.07511974545242099	0.10304962563202227	-0.12520533682533544	0.1570378193445914	-0.1209415807580205	0.09965387393785462	-0.08426298385910476	0.08525118420663863	-0.11215253212939179	0.09472109735116026	-0.047194246030622396	0.06895581110685703	-0.08558815761781312	0.08249630080811166	-0.07570030582564298	0.05353592714341263	-0.07061859112089262	0.09047770798965693	-0.07677983982176309	0.06636759953519522
0.07455490613336951	-0.07263426331866137	0.1900686503840822	-0.2504068843613781	0.30392050661791287	-0.16693346080292135	0.1791688218957297	-0.315737877561853	0.9999999999999999	-0.6267039529050497	0.11874376061570464	-0.19067964084414837	0.18218560390492633	-0.4307248428781038	0.30636420633846123	-0.16310021096605468	0.12853361989415596	-0.17976507527364893	0.2217252066362832	-0.20643835821884107	0.07784570292024243	-0.10939830401379061	0.12768934833398565	-0.23924998973765704	0.1586446245423266	-0.1087726153778728	0.08843820979160281	-0.09210836193962244	0.12773764791365189	-0.11841978904882883	0.05070986045975407	-0.07473880605589198	0.0926552910370401	-0.09591227400133219	0.08869418237616657	-0.058291473803476906	0.07508212960234159	-0.1011430192553699	0.08593159790789635	-0.07753467363462058
-0.055857499009145495	0.05384483490782773	-0.15117952163829645	0.18370893156441523	-0.4831418871480944	0.11997177864039406	-0.13004285337246516	0.19426152481302988	-0.6267039529050497	1.0000000000000018	-0.08655105529585536	0.13832028677726926	-0.13878333587174418	0.2763250062010434	-0.4909597158075788	0.11868928656815707	-0.09507868399197926	0.13308216574078724	-0.18304646843109	0.17348742622039096	-0.05970239822044389	0.08337279624917725	-0.09885388995339928	0.1785422896434981	-0.13879386797783583	0.0828307498679698	-0.06881718691169818	0.0715036379697432	-0.10223257777899826	0.09464984884661216	-0.03898931446985215	0.05782997592440712	-0.07272610838119163	0.07562164229226148	-0.07171875790020485	0.04469683587701385	-0.05840005708880095	0.0783509915644014	-0.06893065298230433	0.06141977809873227
0.10598958755195093	-0.09672880126600547	0.1252191941870105	-0.10069805812923485	0.1647287824792101	-0.6679011444016191	0.25131513628681906	-0.17580335173197817	0.11874376061570464	-0.08655105529585536	1.0000000000000024	-0.4429722576472141	0.20293483518848668	-0.08349702693844334	0.08870094349501138	-0.4789038517986109	0.25286577376200636	-0.18022131604807656	0.091169182850506	-0.0760672342245097	0.05477829700739543	-0.07655647894400959	0.09115743314723962	-0.09424561162787741	0.07144212420834632	-0.06823560992775256	0.05838902618667286	-0.05863650011296112	0.07163332152575148	-0.05827767966017457	0.03210727200705684	-0.04663375533116374	0.05713803417022902	-0.05277911810361721	0.04738320486917659	-0.03610277642084728	0.04775370548145301	-0.059579816511773305	0.048646390893805846	-0.04170456091971938
-0.1287333486122173	0.11337061296073707	-0.19375000593372896	0.15274420709843559	-0.26774096878094134	0.2872108413519386	-0.3824946106850472	0.24595549349676862	-0.19067964084414837	0.13832028677726926	-0.4429722576472141	1.0000000000000013	-0.40695049082361134	0.13442363376303523	-0.14377785124806478	0.3217135738479013	-0.4977384425696346	0.2785972327387889	-0.1472144935632415	0.12110324735211508	-0.0867813266471808	0.12003028664981792	-0.14698690967896444	0.14902047882640465	-0.11484460826887753	0.10652365107044112	-0.09337550776532515	0.09339113216814846	-0.11504712293007727	0.09285934497589636	-0.050699246634903446	0.07399929441464696	-0.09142669899003125	0.08421608909368886	-0.0758778831725929	0.05680732136094573	-0.0761375346655994	0.09442178606816622	-0.07801211492388355	0.06653255184346651
0.08909032368482342	-0.08372548671320312	0.16150291934798505	-0.1426962909871707	0.21600005745298068	-0.22981909517969884	0.23081769035543534	-0.30717891830613014	0.18218560390492633	-0.13878333587174418	0.20293483518848668	-0.40695049082361134	0.9999999999999987	-0.1790680780917447	0.1570133119591529	-0.30753436954107544	0.2853634091747745	-0.6814030950987904	0.1916394302125177	-0.15439983969623028	0.10493798925594225	-0.15613089795570362	0.18495586568642625	-0.20318962507850963	0.13486054991607674	-0.14177697169943446	0.11207108291367987	-0.11940793511000894	0.1337771526397381	-0.1131138586418553	0.06390142497773488	-0.09230964542209164	0.10932260589559899	-0.10194409956404904	0.08907795998392457	-0.07316794040479264	0.09154979742354041	-0.11869347834602356	0.08983364566505903	-0.07954220126228388
-0.04984706730551067	0.04737585196398044	-0.12206073710793143	0.13382426524223143	-0.23469627753410735	0.10873302580518854	-0.11910592681137568	0.16403118556450882	-0.4307248428781038	0.2763250062010434	-0.08349702693844334	0.13442363376303523	-0.1790680780917447	0.9999999999999984	-0.6374840950066002	0.11637382309881159	-0.10289256617907293	0.16200829999807484	-0.47562004928029017	0.23629251215476677	-0.06782146247131192	0.09540068735785381	-0.12076095802844498	0.25576143982680344	-0.19157004103301406	0.09162668356762699	-0.08126303124193207	0.08589269900101548	-0.13120710448184075	0.11797745922578591	-0.04409835390124346	0.0671675144262377	-0.08738705801007716	0.09290025841817497	-0.089974990782144	0.050175278209841793	-0.06806505384625969	0.09113646841387124	-0.08465403377841452	0.07437266451472097
0.05219021029440315	-0.05012200509172545	0.12592848960206346	-0.14874185844065227	0.24308121801504115	-0.11910453063281441	0.1227776673120005	-0.1763210285656408	0.30636420633846123	-0.4909597158075788	0.08870094349501138	-0.14377785124806478	0.1570133119591529	-0.6374840950066002	0.999999999999997	-0.12487758462228278	0.10409380294972062	-0.15806428988057236	0.2687185112892657	-0.32937472079818303	0.07191050072211026	-0.10183788709336361	0.12253489887669076	-0.27224769210353655	0.1995785975498262	-0.09965891194435786	0.0848292289602137	-0.08984914488499789	0.13327117493058607	-0.13003810644789962	0.047286020125328794	-0.07145075689936754	0.0913257012144947	-0.09867445422763266	0.09473962101914464	-0.05417739366837944	0.07182884599332921	-0.09790146741021002	0.08840652303455876	-0.0799159774168499
-0.1063031739282654	0.09267852947287498	-0.16248890938015514	0.1286858194277396	-0.22957353130807376	0.2670791582351086	-0.27335632036601576	0.19711351836252067	-0.16310021096605468	0.11868928656815707	-0.4789038517986109	0.3217135738479013	-0.30753436954107544	0.11637382309881159	-0.12487758462228278	0.9999999999999987	-0.6332884538866569	0.26016362996552994	-0.13213631439836065	0.10656003874011777	-0.08165820835150946	0.11250881876093632	-0.1367779030843512	0.131870146078739	-0.10174980143532264	0.09663581755805441	-0.08542179307822212	0.08502925136026418	-0.1031225186709304	0.08243298301259772	-0.045930786394803254	0.06697301345489082	-0.08266926895472747	0.07535163488132265	-0.0676341679410229	0.051252461664851534	-0.0689597563256726	0.08476558729539087	-0.06960218885780489	0.05921202214856906
0.0778405099511749	-0.07053025335086373	0.12154807739341864	-0.10018346664637963	0.17050226921902517	-0.22177906912170187	0.20153637708976258	-0.16532072504295584	0.12853361989415596	-0.09507868399197926	0.25286577376200636	-0.4977384425696346	0.2853634091747745	-0.10289256617907293	0.10409380294972062	-0.6332884538866569	1.000000000000001	-0.4553010446021169	0.12493508415151405	-0.09654186823219624	0.079905992948158	-0.12446873396336004	0.13542083826058013	-0.12471045327951367	0.08943781979579635	-0.0936391734711441	0.0804364665774513	-0.08207811617159098	0.09182224702063767	-0.0737724848366435	0.0432458811188881	-0.06287638248083066	0.07569092749033689	-0.06820178271360167	0.0599691227546954	-0.048370713060134546	0.06356406177234093	-0.0784768645346541	0.06130564241416648	-0.05276864414963628
-0.07955829139875198	0.07238484587926315	-0.15067747012866967	0.1273190631932393	-0.22154342070473615	0.17915249712082712	-0.20333722693238304	0.2054916418123986	-0.17976507527364893	0.13308216574078724	-0.18022131604807656	0.2785972327387889	-0.6814030950987904	0.16200829999807484	-0.15806428988057236	0.26016362996552994	-0.4553010446021169	0.999999999999998	-0.24325424985619912	0.14952232001354104	-0.1057544001149633	0.15484378621050446	-0.24194351979162879	0.1957433335108397	-0.1381127993811916	0.13091935218357384	-0.11704156024583705	0.12559215556655254	-0.13784414116364183	0.10998261347128714	-0.06130317351033286	0.09125244921917353	-0.11305419525199499	0.1014423661041159	-0.0891137432822609	0.068931167157565	-0.0918148026626191	0.11503385082746227	-0.09004318462685842	0.07768823107896806
0.04979640179585062	-0.04693911046435163	0.11161485602244382	-0.11528085366883761	0.19235371059676967	-0.11350942987503888	0.11921432205901224	-0.1522011304197515	0.2217252066362832	-0.18304646843109	0.091169182850506	-0.1472144935632415	0.1916394302125177	-0.47562004928029017	0.2687185112892657	-0.13213631439836065	0.12493508415151405	-0.24325424985619912	0.9999999999999999	-0.4113167253339019	0.0881530693795852	-0.12809050228460075	0.16596660305442623	-0.6134870048253614	0.2593572950923688	-0.11892961835634222	0.10719654365360161	-0.117589764279266	0.18113511231738266	-0.1647083282436243	0.05726279665827987	-0.08890179865940857	0.11626692768554167	-0.12859858340426011	0.12049999476941978	-0.06519240532796339	0.08901804541439756	-0.12132491041171459	0.11105995588130442	-0.09974130749330233
-0.04437473253853237	0.04175104844437194	-0.10436095786671759	0.10647277921802509	-0.19671689592221323	0.09704527404202717	-0.10458884725666531	0.13248299932719235	-0.20643835821884107	0.17348742622039096	-0.0760672342245097	0.12110324735211508	-0.15439983969623028	0.23629251215476677	-0.32937472079818303	0.10656003874011777	-0.09654186823219624	0.14952232001354104	-0.4113167253339019	0.9999999999999981	-0.0813939508347178	0.11289281580676926	-0.14715450297389207	0.2937760320225124	-0.700656211378538	0.1079579902009678	-0.10727709251721027	0.11413190662839992	-0.20843514084230874	0.2211962178703736	-0.05499192364657782	0.08777069266504625	-0.12449439331407103	0.14335112792062923	-0.1693256601819417	0.06191707801656634	-0.09072767090181601	0.12281117401020665	-0.14259124290384492	0.1207052907685152
0.02861123623788458	-0.026478963195497435	0.06003675427645444	-0.054348625547533405	0.09798169206135712	-0.0650364337676047	0.06827447039958419	-0.07511974545242099	0.07784570292024243	-0.05970239822044389	0.05477829700739543	-0.0867813266471808	0.10493798925594225	-0.06782146247131192	0.07191050072211026	-0.08165820835150946	0.079905992948158	-0.1057544001149633	0.0881530693795852	-0.0813939508347178	0.9999999999999996	-0.5766421490211647	0.2481771616478763	-0.11630906320370746	0.08622253377361783	-0.6977341822374016	0.18551923089101194	-0.15901922124801285	0.13139539466489192	-0.09300537859242644	0.16978777451205118	-0.14978660939944916	0.1361592743516128	-0.10301973368201772	0.08121516842417709	-0.18413242879905173	0.14651017813247172	-0.1473373754450403	0.08778891881523115	-0.07412968279790694
-0.03965036246545888	0.036545863512732035	-0.08332419398843222	0.07483068579721247	-0.13651762170554918	0.08835991914847034	-0.09523059073080338	0.10304962563202227	-0.10939830401379061	0.08337279624917725	-0.07655647894400959	0.12003028664981792	-0.15613089795570362	0.09540068735785381	-0.10183788709336361	0.11250881876093632	-0.12446873396336004	0.15484378621050446	-0.12809050228460075	0.11289281580676926	-0.5766421490211647	0.999999999999998	-0.5510342432783691	0.1643827206949174	-0.1222790043797107	0.30234062392557437	-0.32496751722298145	0.2436566231922876	-0.19147390798722233	0.12777037070761382	-0.13707367683748467	0.18790063850745026	-0.20142411766360752	0.14437473830157435	-0.11357422638368395	0.1387615681129303	-0.19103782378358222	0.19040525029688515	-0.12149000313622701	0.1007744257234202
0.046135904576008684	-0.04289785703615257	0.0947858423791476	-0.0875228096944493	0.1517114244043968	-0.10830568898080126	0.11108085451364771	-0.12520533682533544	0.12768934833398565	-0.09885388995339928	0.09115743314723962	-0.14698690967896444	0.18495586568642625	-0.12076095802844498	0.12253489887669076	-0.1367779030843512	0.13542083826058013	-0.24194351979162879	0.16596660305442623	-0.14715450297389207	0.2481771616478763	-0.5510342432783691	0.999999999999997	-0.2638039203615839	0.15187083961979103	-0.32588731550825417	0.27599483805630454	-0.4810421584684769	0.22558585156282537	-0.16649043328220137	0.13810129034948243	-0.21570325691448672	0.24093162831526893	-0.188636618462391	0.1382696712430326	-0.15796243081290914	0.19425193226932158	-0.25329996137012467	0.143011365527915	-0.12736387552293682
-0.05445508474542324	0.0508829389261554	-0.12617962202037647	0.12373309158984495	-0.2288798328165541	0.11733286510822581	-0.12894775855452906	0.1570378193445914	-0.23924998973765704	0.1785422896434981	-0.09424561162787741	0.14902047882640465	-0.20318962507850963	0.25576143982680344	-0.27224769210353655	0.131870146078739	-0.12471045327951367	0.1957433335108397	-0.6134870048253614	0.2937760320225124	-0.11630906320370746	0.1643827206949174	-0.2638039203615839	0.9999999999999974	-0.39641088753294906	0.14815436555361497	-0.15118340721661974	0.1665815773703024	-0.3198533275495719	0.21498518722321402	-0.07465050296417002	0.11948426128095557	-0.16691751922328396	0.18216508751919938	-0.17278698102552104	0.08362181357273125	-0.1218317085242506	0.16099531846978574	-0.16018960462818002	0.13545883251979435
0.040284694754946254	-0.03804674083219147	0.09094008711370015	-0.09351280637345231	0.15832232187145398	-0.09200874498212716	0.09503793576634753	-0.1209415807580205	0.1586446245423266	-0.13879386797783583	0.07144212420834632	-0.11484460826887753	0.13486054991607674	-0.19157004103301406	0.1995785975498262	-0.10174980143532264	0.08943781979579635	-0.1381127993811916	0.2593572950923688	-0.700656211378538	0.08622253377361783	-0.1222790043797107	0.15187083961979103	-0.39641088753294906	0.9999999999999987	-0.11821288460393681	0.11298062723050033	-0.12379992201961373	0.21865484179977926	-0.3973220043358598	0.05937568227114707	-0.09573849680206192	0.1341221518808692	-0.169180007662062	0.19618770933445615	-0.06759787906048766	0.09689369097831554	-0.13839528961906467	0.15265787542431475	-0.14769842268107977
-0.03820340610911109	0.03522051419575914	-0.0836136998904841	0.07482042569059644	-0.14020942923614965	0.08213442505625317	-0.09041544650103342	0.09965387393785462	-0.1087726153778728	0.0828307498679698	-0.06823560992775256	0.10652365107044112	-0.14177697169943446	0.09162668356762699	-0.09965891194435786	0.09663581755805441	-0.0936391734711441	0.13091935218357384	-0.11892961835634222	0.1079579902009678	-0.6977341822374016	0.30234062392557437	-0.32588731550825417	0.14815436555361497	-0.11821288460393681	0.9999999999999978	-0.24868861239522755	0.19295614580455359	-0.18315542443999466	0.12219454746707199	-0.31500853180120525	0.1851639014315756	-0.18524935757779254	0.13584647887019885	-0.11074189321437244	0.2232531498048657	-0.209192390377753	0.1824370730165562	-0.12159617892798356	0.09825188702173324
0.031009938874129516	-0.028872019889587177	0.06551309267708456	-0.06091074909516035	0.10700399991977057	-0.07143048649685715	0.0737726800352054	-0.08426298385910476	0.08843820979160281	-0.06881718691169818	0.05838902618667286	-0.09337550776532515	0.11207108291367987	-0.08126303124193207	0.0848292289602137	-0.08542179307822212	0.0804364665774513	-0.11704156024583705	0.10719654365360161	-0.10727709251721027	0.18551923089101194	-0.32496751722298145	0.27599483805630454	-0.15118340721661974	0.11298062723050033	-0.24868861239522755	0.9999999999999982	-0.5409063080953029	0.20879486369800315	-0.1467223677524007	0.151860764106617	-0.5501273660028322	0.2614361558492352	-0.18339033717753897	0.12684994648240697	-0.16757021826086796	0.2770452705241809	-0.3131672295951476	0.13609135502802827	-0.11983754483155039
-0.031279963296005124	0.02909166729063114	-0.06655298332318968	0.061910935214725175	-0.10951536897678338	0.07121267766784581	-0.07459022445287433	0.08525118420663863	-0.09210836193962244	0.0715036379697432	-0.05863650011296112	0.09339113216814846	-0.11940793511000894	0.08589269900101548	-0.08984914488499789	0.08502925136026418	-0.08207811617159098	0.12559215556655254	-0.117589764279266	0.11413190662839992	-0.15901922124801285	0.2436566231922876	-0.4810421584684769	0.1665815773703024	-0.12379992201961373	0.19295614580455359	-0.5409063080953029	0.9999999999999984	-0.31332241951441464	0.16315236080106	-0.11525818319080172	0.24394827740206207	-0.47655606307088144	0.2239777987675248	-0.14784018975615515	0.12406608084370306	-0.22903659582827807	0.26913814082599036	-0.15039260196274637	0.12829777524028768
0.03930720117755833	-0.036891688740110826	0.0853966657569902	-0.0831502722170941	0.14259008486397917	-0.09087409368503732	0.09287879080554226	-0.11215253212939179	0.12773764791365189	-0.10223257777899826	0.07163332152575148	-0.11504712293007727	0.1337771526397381	-0.13120710448184075	0.13327117493058607	-0.1031225186709304	0.09182224702063767	-0.13784414116364183	0.18113511231738266	-0.20843514084230874	0.13139539466489192	-0.19147390798722233	0.22558585156282537	-0.3198533275495719	0.21865484179977926	-0.18315542443999466	0.20879486369800315	-0.31332241951441464	0.9999999999999949	-0.4334367165637882	0.09929329321030209	-0.18634651919363895	0.27919309402663967	-0.5725703294319319	0.2822770448441909	-0.11357299173067303	0.17522340479935383	-0.28243479679354444	0.24156240045625602	-0.2444059601861417
-0.03329680539250138	0.03117415921036768	-0.07517742251760756	0.07304473798986821	-0.13149445703739288	0.07402847442404105	-0.07822725357845794	0.09472109735116026	-0.11841978904882883	0.09464984884661216	-0.05827767966017457	0.09285934497589636	-0.1131138586418553	0.11797745922578591	-0.13003810644789962	0.08243298301259772	-0.0737724848366435	0.10998261347128714	-0.1647083282436243	0.2211962178703736	-0.09300537859242644	0.12777037070761382	-0.16649043328220137	0.21498518722321402	-0.3973220043358598	0.12219454746707199	-0.1467223677524007	0.16315236080106	-0.4334367165637882	0.9999999999999977	-0.06862228291389305	0.11986863935850464	-0.20352088955215386	0.28299577349814364	-0.6236440061889902	0.07641486207559314	-0.1263117136082918	0.17999362775292782	-0.29435365519626083	0.2505133288310909
0.01773797872658741	-0.016432641919751845	0.038423925638171146	-0.03499894971975495	0.06392483351543453	-0.0392398201459755	0.04197006595258114	-0.047194246030622396	0.05070986045975407	-0.03898931446985215	0.03210727200705684	-0.050699246634903446	0.06390142497773488	-0.04409835390124346	0.047286020125328794	-0.045930786394803254	0.0432458811188881	-0.06130317351033286	0.05726279665827987	-0.05499192364657782	0.16978777451205118	-0.13707367683748467	0.13810129034948243	-0.07465050296417002	0.05937568227114707	-0.31500853180120525	0.151860764106617	-0.11525818319080172	0.09929329321030209	-0.06862228291389305	0.9999999999999986	-0.22573522053271508	0.11494741678469915	-0.08026930515355639	0.062060751041750725	-0.8711414768742602	0.2059762883003737	-0.14839318890426503	0.06964406666598007	-0.05758655942471055
-0.025531979993777956	0.023719005426314874	-0.0550960306897646	0.05088521351249974	-0.09155027173136093	0.05724891956000568	-0.060491970481472736	0.06895581110685703	-0.07473880605589198	0.05782997592440712	-0.04663375533116374	0.07399929441464696	-0.09230964542209164	0.0671675144262377	-0.07145075689936754	0.06697301345489082	-0.06287638248083066	0.09125244921917353	-0.08890179865940857	0.08777069266504625	-0.14978660939944916	0.18790063850745026	-0.21570325691448672	0.11948426128095557	-0.09573849680206192	0.1851639014315756	-0.5501273660028322	0.24394827740206207	-0.18634651919363895	0.11986863935850464	-0.22573522053271508	0.9999999999999978	-0.257207176278953	0.1520830531470507	-0.11235732872559862	0.2004966889863658	-0.6450462493918414	0.27686130018064903	-0.1262137495497004	0.10223472239508236
0.030977094587794855	-0.028917120733836673	0.0664300339311062	-0.06267465128789568	0.109771958875333	-0.07108786758776203	0.07339170234960483	-0.08558815761781312	0.0926552910370401	-0.07272610838119163	0.05713803417022902	-0.09142669899003125	0.10932260589559899	-0.08738705801007716	0.0913257012144947	-0.08266926895472747	0.07569092749033689	-0.11305419525199499	0.11626692768554167	-0.12449439331407103	0.1361592743516128	-0.20142411766360752	0.24093162831526893	-0.16691751922328396	0.1341221518808692	-0.18524935757779254	0.2614361558492352	-0.47655606307088144	0.27919309402663967	-0.20352088955215386	0.11494741678469915	-0.257207176278953	0.9999999999999968	-0.4467689193792852	0.19568245364142103	-0.13064616440755303	0.24124648151420608	-0.5610558079075967	0.20042523785662422	-0.1777426347850058
-0.02943256964301671	0.027513668616408388	-0.06479396088425382	0.062009435849787714	-0.10996343189135155	0.06641231800594305	-0.06941863056387967	0.08249630080811166	-0.09591227400133219	0.07562164229226148	-0.05277911810361721	0.08421608909368886	-0.10194409956404904	0.09290025841817497	-0.09867445422763266	0.07535163488132265	-0.06820178271360167	0.1014423661041159	-0.12859858340426011	0.14335112792062923	-0.10301973368201772	0.14437473830157435	-0.188636618462391	0.18216508751919938	-0.169180007662062	0.13584647887019885	-0.18339033717753897	0.2239777987675248	-0.5725703294319319	0.28299577349814364	-0.08026930515355639	0.1520830531470507	-0.4467689193792852	0.9999999999999963	-0.44504689960833593	0.08937940489483766	-0.15844794725114086	0.24696023706798823	-0.3572951504148095	0.2552467410881615
0.02649279151875348	-0.02485767340579781	0.058492905894915716	-0.05709912661429707	0.09934077419112912	-0.06038444373295911	0.06239014978144383	-0.07570030582564298	0.08869418237616657	-0.07171875790020485	0.04738320486917659	-0.0758778831725929	0.08907795998392457	-0.089974990782144	0.09473962101914464	-0.0676341679410229	0.0599691227546954	-0.0891137432822609	0.12049999476941978	-0.1693256601819417	0.08121516842417709	-0.11357422638368395	0.1382696712430326	-0.17278698102552104	0.19618770933445615	-0.11074189321437244	0.12684994648240697	-0.14784018975615515	0.2822770448441909	-0.6236440061889902	0.062060751041750725	-0.11235732872559862	0.19568245364142103	-0.44504689960833593	0.9999999999999961	-0.07026423680467368	0.11460727376149583	-0.18635966427638398	0.29189085189476305	-0.47181939879644585
-0.020204586039372443	0.018692547239266395	-0.04416676548580706	0.040054918192083885	-0.0739970473997884	0.04410389147396549	-0.047734656253612465	0.05353592714341263	-0.058291473803476906	0.04469683587701385	-0.03610277642084728	0.05680732136094573	-0.07316794040479264	0.050175278209841793	-0.05417739366837944	0.051252461664851534	-0.048370713060134546	0.068931167157565	-0.06519240532796339	0.06191707801656634	-0.18413242879905173	0.1387615681129303	-0.15796243081290914	0.08362181357273125	-0.06759787906048766	0.2232531498048657	-0.16757021826086796	0.12406608084370306	-0.11357299173067303	0.07641486207559314	-0.8711414768742602	0.2004966889863658	-0.13064616440755303	0.08937940489483766	-0.07026423680467368	0.9999999999999968	-0.2838501873851098	0.1572106736527741	-0.07937686066776317	0.06414896649999233
0.02595823927705626	-0.02417057464066622	0.055599978892473895	-0.05171430765681738	0.09167316290456297	-0.059093057141385	0.06147121097048294	-0.07061859112089262	0.07508212960234159	-0.05840005708880095	0.04775370548145301	-0.0761375346655994	0.09154979742354041	-0.06806505384625969	0.07182884599332921	-0.0689597563256726	0.06356406177234093	-0.0918148026626191	0.08901804541439756	-0.09072767090181601	0.14651017813247172	-0.19103782378358222	0.19425193226932158	-0.1218317085242506	0.09689369097831554	-0.209192390377753	0.2770452705241809	-0.22903659582827807	0.17522340479935383	-0.1263117136082918	0.2059762883003737	-0.6450462493918414	0.24124648151420608	-0.15844794725114086	0.11460727376149583	-0.2838501873851098	0.9999999999999967	-0.5218690836206121	0.1337565394479075	-0.11268512997859974
-0.033316867570295214	0.030964908438331926	-0.07308345822538871	0.0678069038484411	-0.12322564304228457	0.07381029368728301	-0.07862480571947232	0.09047770798965693	-0.1011430192553699	0.0783509915644014	-0.059579816511773305	0.09442178606816622	-0.11869347834602356	0.09113646841387124	-0.09790146741021002	0.08476558729539087	-0.0784768645346541	0.11503385082746227	-0.12132491041171459	0.12281117401020665	-0.1473373754450403	0.19040525029688515	-0.25329996137012467	0.16099531846978574	-0.13839528961906467	0.1824370730165562	-0.3131672295951476	0.26913814082599036	-0.28243479679354444	0.17999362775292782	-0.14839318890426503	0.27686130018064903	-0.5610558079075967	0.24696023706798823	-0.18635966427638398	0.1572106736527741	-0.5218690836206121	0.9999999999999969	-0.24954726729294718	0.1736487045229803
0.027017181821191637	-0.025352231713313994	0.05898957918438928	-0.0572380947130177	0.09871260160943655	-0.06215305649188882	0.06361227667799521	-0.07677983982176309	0.08593159790789635	-0.06893065298230433	0.048646390893805846	-0.07801211492388355	0.08983364566505903	-0.08465403377841452	0.08840652303455876	-0.06960218885780489	0.06130564241416648	-0.09004318462685842	0.11105995588130442	-0.14259124290384492	0.08778891881523115	-0.12149000313622701	0.143011365527915	-0.16018960462818002	0.15265787542431475	-0.12159617892798356	0.13609135502802827	-0.15039260196274637	0.24156240045625602	-0.29435365519626083	0.06964406666598007	-0.1262137495497004	0.20042523785662422	-0.3572951504148095	0.29189085189476305	-0.07937686066776317	0.1337565394479075	-0.24954726729294718	0.9999999999999969	-0.774532292784001
-0.023608383641006727	0.022084709618782745	-0.05248030797179644	0.050372203210356764	-0.08974986632050316	0.052983411419598704	-0.05546641983115208	0.06636759953519522	-0.07753467363462058	0.06141977809873227	-0.04170456091971938	0.06653255184346651	-0.07954220126228388	0.07437266451472097	-0.0799159774168499	0.05921202214856906	-0.05276864414963628	0.07768823107896806	-0.09974130749330233	0.1207052907685152	-0.07412968279790694	0.1007744257234202	-0.12736387552293682	0.13545883251979435	-0.14769842268107977	0.09825188702173324	-0.11983754483155039	0.12829777524028768	-0.2444059601861417	0.2505133288310909	-0.05758655942471055	0.10223472239508236	-0.1777426347850058	0.2552467410881615	-0.47181939879644585	0.06414896649999233	-0.11268512997859974	0.1736487045229803	-0.774532292784001	0.9999999999999969
