1.0	-0.5410454167235315	0.29671801350631644	-0.1950493936843773	0.13140701817259395	-0.50873554023	0.2691730995516984	-0.26967792698267157	0.16048760822536787	-0.11643205856719256	0.27743393522687027	-0.28230259392996293	0.2162710096862055	-0.13747932490108689	0.11367607126948928	-0.15334245669818533	0.21354320443647162	-0.14317988178383914	0.15743143067962972	-0.1583855671421495	0.15192745600277663	-0.07835454454007114	0.10728120390878279	-0.12073641875492615	0.10989224491020007	-0.39729010743124704	0.08623841772807346	-0.12520675111195917	0.09395420078946902	-0.15821183924172982
-0.5410454167235315	1.0000000000000002	-0.6920641565767358	0.17983998559305314	-0.12172755757010872	0.22867443066825016	-0.2807285040658731	0.2157409674041003	-0.151037201263547	0.10060600090873376	-0.21304783095914892	0.20534651460086534	-0.18105674672217664	0.11238636918451	-0.09549018187639248	0.1042647873313369	-0.1725451224598071	0.11302083155684586	-0.1260756806886256	0.11933469767573682	-0.11451856878643107	0.05924742986505197	-0.08178913880669358	0.08999189268621766	-0.08366590916596665	0.25331272330902516	-0.06565134258144059	0.09295430852327351	-0.07014843330900049	0.11586755717084676
0.29671801350631644	-0.6920641565767358	1.0000000000000009	-0.3122256515749071	0.16395986107946375	-0.21553821697767223	0.23250726841046795	-0.28413026578345607	0.2010732653918133	-0.1405228724585296	0.1986780171940983	-0.23534017930955242	0.21716331018392754	-0.15543037897350226	0.1291478429393016	-0.11688356344812448	0.20531159100903057	-0.1430078782126203	0.16130715064924298	-0.16656093561073568	0.1252886929811553	-0.07671435703020818	0.10774537577422794	-0.12201991320622266	0.11467623576432842	-0.38523802917051503	0.08496302944738662	-0.12611026611564435	0.09540863977024641	-0.1621565171708559
-0.1950493936843773	0.17983998559305314	-0.3122256515749071	1.0000000000000009	-0.4726100062273293	0.1397279481211796	-0.19144411161668107	0.2465563630260011	-0.6579235550405419	0.2815665483034803	-0.1536026881950758	0.17337211570714786	-0.2303208224028312	0.2342291567516947	-0.22389471601507369	0.08297204434621955	-0.1944254785804456	0.14103432802745616	-0.17669405764993593	0.16752204110728372	-0.09457517437778519	0.06708425292053175	-0.09873902306309948	0.10715275695719573	-0.11893690110795431	0.2119657497242204	-0.07536752310618616	0.10870840298009835	-0.08518522125249182	0.13925975197488408
0.13140701817259395	-0.12172755757010872	0.16395986107946375	-0.4726100062273293	1.0000000000000004	-0.10168535616074441	0.1310734050822471	-0.1876386140231935	0.2974040841785524	-0.7115577429334279	0.11153358460874054	-0.13625298482952983	0.17432105001760428	-0.3043039886133433	0.26198364900887033	-0.06406146487667375	0.1542235878493538	-0.12389174067450799	0.1591189063167992	-0.19503024145572062	0.07232461939217287	-0.058689360605375565	0.09021333047848563	-0.10373882503629753	0.12245261793474571	-0.18780568475519294	0.06541871313769089	-0.10425374105354807	0.0830019639264697	-0.14518643823963007
-0.50873554023	0.22867443066825016	-0.21553821697767223	0.1397279481211796	-0.10168535616074441	1.0000000000000004	-0.4275173812106043	0.2338675813789164	-0.13142671293761868	0.08901117914464182	-0.6180812812799376	0.275105301348981	-0.1927773713540927	0.10500091797288988	-0.0877898392295314	0.1710059466363793	-0.19304465579717406	0.11925998653646729	-0.12786093360289189	0.11631518794973923	-0.1807942574554008	0.06318529732129324	-0.08404527004850666	0.09118032035449006	-0.08183425978102314	0.24948417749923982	-0.06929716658249882	0.09445254756004948	-0.07058403902424523	0.11473839618032003
0.2691730995516984	-0.2807285040658731	0.23250726841046795	-0.19144411161668107	0.1310734050822471	-0.4275173812106043	1.0000000000000007	-0.5675485934805875	0.18789312608205708	-0.12083694264757151	0.2756901821183373	-0.5049401400681823	0.25340047297847706	-0.1388393253803597	0.11358934910642612	-0.1281915425618286	0.2361985552606098	-0.15352878851893195	0.1574720063172669	-0.14405662276929118	0.1336445756305665	-0.07436682081634254	0.10219185834230059	-0.11138436790957118	0.10028513963566223	-0.2616534864322093	0.08087654784065575	-0.1151716174920493	0.08589396018027731	-0.1396778948023085
-0.26967792698267157	0.2157409674041003	-0.28413026578345607	0.2465563630260011	-0.1876386140231935	0.2338675813789164	-0.5675485934805875	1.0000000000000007	-0.37460084475401617	0.16784453636598018	-0.24653818865943766	0.28678657635290533	-0.45192839820022657	0.1842562544961831	-0.15682379723233814	0.11919445897725038	-0.27244129457749083	0.19560560632229684	-0.20739265108022503	0.1706675903466589	-0.13433364464886172	0.08595656690585345	-0.12358974654337604	0.13026335412616208	-0.12102425906635364	0.2634133157991419	-0.09507887725494091	0.133764533112802	-0.10080968128711172	0.15963540806096188
0.16048760822536787	-0.151037201263547	0.2010732653918133	-0.6579235550405419	0.2974040841785524	-0.13142671293761868	0.18789312608205708	-0.37460084475401617	1.0000000000000004	-0.39778960845898687	0.13759987537336676	-0.17166909218684764	0.21425774694567992	-0.3453179194199102	0.2385361920223098	-0.07545007241665816	0.1756078455260688	-0.13784831071171613	0.1697663947594084	-0.1737612025300755	0.0844840362449078	-0.0629046175145276	0.09428564742318458	-0.10482161762281504	0.11637440195284479	-0.20156594715655876	0.06992325124276538	-0.10600627864577702	0.08289807952957731	-0.13846579807389553
-0.11643205856719256	0.10060600090873376	-0.1405228724585296	0.2815665483034803	-0.7115577429334279	0.08901117914464182	-0.12083694264757151	0.16784453636598018	-0.39778960845898687	1.0000000000000022	-0.09932193311149573	0.11869011371913828	-0.16417618508559303	0.2748758351718051	-0.4394872100417683	0.055534655058865116	-0.14078926255111454	0.11180306993539701	-0.1504709165358253	0.17091139264540434	-0.06321760816208376	0.051326157810239116	-0.0788746933388611	0.08790348261043739	-0.1151867528056111	0.14917107510872998	-0.057577741655242605	0.08801158181049634	-0.07106788640534437	0.12005172885719896
0.27743393522687027	-0.21304783095914892	0.1986780171940983	-0.1536026881950758	0.11153358460874054	-0.6180812812799376	0.2756901821183373	-0.24653818865943766	0.13759987537336676	-0.09932193311149573	1.0000000000000018	-0.4328982629254914	0.21040584620514108	-0.12057670464245501	0.09964643280902707	-0.3413021504012649	0.22692483850007597	-0.14074847060558948	0.14807063718509875	-0.14048817895508586	0.2366609489610699	-0.07758711777014198	0.10106099872511153	-0.11121216282625522	0.09828336841227621	-0.3399009790839367	0.08398633281720955	-0.11560338737474571	0.08588087501173323	-0.1409424322055869
-0.28230259392996293	0.20534651460086534	-0.23534017930955242	0.17337211570714786	-0.13625298482952983	0.275105301348981	-0.5049401400681823	0.28678657635290533	-0.17166909218684764	0.11869011371913828	-0.4328982629254914	0.9999999999999986	-0.35144074019458676	0.1478133592656261	-0.12361019327278161	0.16547459293422068	-0.483606244086836	0.21182847446618955	-0.21166046948167785	0.16740690837167357	-0.18437128508972261	0.10527763822930494	-0.13491755396691849	0.13907252254191577	-0.11931356884413886	0.28813181715735664	-0.11462304932446132	0.14404062185918842	-0.10650131332660731	0.16509733612772604
0.2162710096862055	-0.18105674672217664	0.21716331018392754	-0.2303208224028312	0.17432105001760428	-0.1927773713540927	0.25340047297847706	-0.45192839820022657	0.21425774694567992	-0.16417618508559303	0.21040584620514108	-0.35144074019458676	1.0000000000000013	-0.2335219736908112	0.17702304599741914	-0.12436552462617967	0.3124282485467848	-0.4591736900620041	0.2940661139744798	-0.2706961034512053	0.1358656066469125	-0.1256749535663001	0.1995098411061643	-0.2211174667788755	0.181827781229033	-0.38202611422644045	0.13272106145210338	-0.22943207971355703	0.16519059321369556	-0.2667378510377688
-0.13747932490108689	0.11238636918451	-0.15543037897350226	0.2342291567516947	-0.3043039886133433	0.10500091797288988	-0.1388393253803597	0.1842562544961831	-0.3453179194199102	0.2748758351718051	-0.12057670464245501	0.1478133592656261	-0.2335219736908112	0.9999999999999936	-0.7231888824940497	0.06868917536458899	-0.19701091638562163	0.17695316806594316	-0.30292414439177584	0.23844409238604355	-0.07844289945856525	0.0718520441753619	-0.11477915405115229	0.12511398229980966	-0.1719795077881167	0.18033426157372393	-0.0805971538301322	0.1228045264502533	-0.10103369167391996	0.1626701711210017
0.11367607126948928	-0.09549018187639248	0.1291478429393016	-0.22389471601507369	0.26198364900887033	-0.0877898392295314	0.11358934910642612	-0.15682379723233814	0.2385361920223098	-0.4394872100417683	0.09964643280902707	-0.12361019327278161	0.17702304599741914	-0.7231888824940497	1.0000000000000027	-0.05754577593634446	0.15718906176731848	-0.14141677850831919	0.20099149237670877	-0.3297392605750252	0.06545818006549461	-0.06076020038334818	0.09755530776951879	-0.11219872560624877	0.16843645736125085	-0.15884252487334033	0.06787674729059279	-0.1103227113585275	0.09171925873087698	-0.16171597170236873
-0.15334245669818533	0.1042647873313369	-0.11688356344812448	0.08297204434621955	-0.06406146487667375	0.1710059466363793	-0.1281915425618286	0.11919445897725038	-0.07545007241665816	0.055534655058865116	-0.3413021504012649	0.16547459293422068	-0.12436552462617967	0.06868917536458899	-0.05754577593634446	0.9999999999999988	-0.1596688103413209	0.08735059716289777	-0.09229756766646045	0.0815733370307776	-0.8749035706243623	0.060381890820262296	-0.06536002462088025	0.06825072831584542	-0.058322826065482364	0.21007241939961285	-0.0644586991332579	0.0713141971803462	-0.05245089886012977	0.0825244898473026
0.21354320443647162	-0.1725451224598071	0.20531159100903057	-0.1944254785804456	0.1542235878493538	-0.19304465579717406	0.2361985552606098	-0.27244129457749083	0.1756078455260688	-0.14078926255111454	0.22692483850007597	-0.483606244086836	0.3124282485467848	-0.19701091638562163	0.15718906176731848	-0.1596688103413209	0.9999999999999997	-0.4438856877668821	0.28731132829048545	-0.2625122516701359	0.15878652592037418	-0.19841912748674068	0.21481324212970782	-0.23242175951026828	0.1799013132190212	-0.40581215141397986	0.1766073089839713	-0.24397787913704885	0.1718959011604348	-0.27017597595440385
-0.14317988178383914	0.11302083155684586	-0.1430078782126203	0.14103432802745616	-0.12389174067450799	0.11925998653646729	-0.15352878851893195	0.19560560632229684	-0.13784831071171613	0.11180306993539701	-0.14074847060558948	0.21182847446618955	-0.4591736900620041	0.17695316806594316	-0.14141677850831919	0.08735059716289777	-0.4438856877668821	0.9999999999999978	-0.6358714395766731	0.20989717279496947	-0.09624495165842045	0.13221541332315287	-0.2939080500104334	0.21203612070416633	-0.1512556361282309	0.23166346913811411	-0.13772650120397045	0.21399262859553358	-0.15410998616808724	0.1991335115725698
0.15743143067962972	-0.1260756806886256	0.16130715064924298	-0.17669405764993593	0.1591189063167992	-0.12786093360289189	0.1574720063172669	-0.20739265108022503	0.1697663947594084	-0.1504709165358253	0.14807063718509875	-0.21166046948167785	0.2940661139744798	-0.30292414439177584	0.20099149237670877	-0.09229756766646045	0.28731132829048545	-0.6358714395766731	0.9999999999999954	-0.35338973240176796	0.1024169186441708	-0.12805055707223345	0.22721667481485347	-0.2791058056751431	0.20966072587549436	-0.27562424903721905	0.13330973349300992	-0.24621490423807948	0.18763601337230854	-0.2821381983663317
-0.1583855671421495	0.11933469767573682	-0.16656093561073568	0.16752204110728372	-0.19503024145572062	0.11631518794973923	-0.14405662276929118	0.1706675903466589	-0.1737612025300755	0.17091139264540434	-0.14048817895508586	0.16740690837167357	-0.2706961034512053	0.23844409238604355	-0.3297392605750252	0.0815733370307776	-0.2625122516701359	0.20989717279496947	-0.35338973240176796	0.9999999999999934	-0.09493256387598836	0.0988232909635194	-0.16278227660445296	0.1789571817421052	-0.6518088521316461	0.20117132807353538	-0.11447975482934111	0.17421350336784314	-0.16792232016952446	0.2913052056886085
0.15192745600277663	-0.11451856878643107	0.1252886929811553	-0.09457517437778519	0.07232461939217287	-0.1807942574554008	0.1336445756305665	-0.13433364464886172	0.0844840362449078	-0.06321760816208376	0.2366609489610699	-0.18437128508972261	0.1358656066469125	-0.07844289945856525	0.06545818006549461	-0.8749035706243623	0.15878652592037418	-0.09624495165842045	0.1024169186441708	-0.09493256387598836	0.9999999999999939	-0.07086842421497502	0.07434561963115235	-0.07911365962650237	0.06756360076743312	-0.29623908740697213	0.07278276661958294	-0.08285184802092593	0.06077838895566362	-0.09691821554354553
-0.07835454454007114	0.05924742986505197	-0.07671435703020818	0.06708425292053175	-0.058689360605375565	0.06318529732129324	-0.07436682081634254	0.08595656690585345	-0.0629046175145276	0.051326157810239116	-0.07758711777014198	0.10527763822930494	-0.1256749535663001	0.0718520441753619	-0.06076020038334818	0.060381890820262296	-0.19841912748674068	0.13221541332315287	-0.12805055707223345	0.0988232909635194	-0.07086842421497502	0.999999999999993	-0.314377129799321	0.1723880965670787	-0.0843171972880531	0.13858980154503492	-0.8896069782069901	0.19579523349784778	-0.1223796849262489	0.12094638950200484
0.10728120390878279	-0.08178913880669358	0.10774537577422794	-0.09873902306309948	0.09021333047848563	-0.08404527004850666	0.10219185834230059	-0.12358974654337604	0.09428564742318458	-0.0788746933388611	0.10106099872511153	-0.13491755396691849	0.1995098411061643	-0.11477915405115229	0.09755530776951879	-0.06536002462088025	0.21481324212970782	-0.2939080500104334	0.22721667481485347	-0.16278227660445296	0.07434561963115235	-0.314377129799321	0.9999999999999933	-0.5307163158699534	0.15342558980135687	-0.17165111598273877	0.23578393526415495	-0.6150514093187016	0.2909443763805369	-0.22578971406695586
-0.12073641875492615	0.08999189268621766	-0.12201991320622266	0.10715275695719573	-0.10373882503629753	0.09118032035449006	-0.11138436790957118	0.13026335412616208	-0.10482161762281504	0.08790348261043739	-0.11121216282625522	0.13907252254191577	-0.2211174667788755	0.12511398229980966	-0.11219872560624877	0.06825072831584542	-0.23242175951026828	0.21203612070416633	-0.2791058056751431	0.1789571817421052	-0.07911365962650237	0.1723880965670787	-0.5307163158699534	0.9999999999999933	-0.20903450848427496	0.16933638678423887	-0.2052074493093693	0.330084380549174	-0.6200308341461417	0.26112625383972665
0.10989224491020007	-0.08366590916596665	0.11467623576432842	-0.11893690110795431	0.12245261793474571	-0.08183425978102314	0.10028513963566223	-0.12102425906635364	0.11637440195284479	-0.1151867528056111	0.09828336841227621	-0.11931356884413886	0.181827781229033	-0.1719795077881167	0.16843645736125085	-0.058322826065482364	0.1799013132190212	-0.1512556361282309	0.20966072587549436	-0.6518088521316461	0.06756360076743312	-0.0843171972880531	0.15342558980135687	-0.20903450848427496	0.9999999999999917	-0.15341983663174685	0.09583783966776563	-0.19840854708156927	0.20126774428092503	-0.601374225076526
-0.39729010743124704	0.25331272330902516	-0.38523802917051503	0.2119657497242204	-0.18780568475519294	0.24948417749923982	-0.2616534864322093	0.2634133157991419	-0.20156594715655876	0.14917107510872998	-0.3399009790839367	0.28813181715735664	-0.38202611422644045	0.18033426157372393	-0.15884252487334033	0.21007241939961285	-0.40581215141397986	0.23166346913811411	-0.27562424903721905	0.20117132807353538	-0.29623908740697213	0.13858980154503492	-0.17165111598273877	0.16933638678423887	-0.15341983663174685	0.9999999999999927	-0.16874516032865833	0.17498371019597586	-0.13264923820367228	0.1968465961818613
0.08623841772807346	-0.06565134258144059	0.08496302944738662	-0.07536752310618616	0.06541871313769089	-0.06929716658249882	0.08087654784065575	-0.09507887725494091	0.06992325124276538	-0.057577741655242605	0.08398633281720955	-0.11462304932446132	0.13272106145210338	-0.0805971538301322	0.06787674729059279	-0.0644586991332579	0.1766073089839713	-0.13772650120397045	0.13330973349300992	-0.11447975482934111	0.07278276661958294	-0.8896069782069901	0.23578393526415495	-0.2052074493093693	0.09583783966776563	-0.16874516032865833	0.9999999999999921	-0.2408207462882576	0.1374810578561023	-0.14456672925376024
-0.12520675111195917	0.09295430852327351	-0.12611026611564435	0.10870840298009835	-0.10425374105354807	0.09445254756004948	-0.1151716174920493	0.133764533112802	-0.10600627864577702	0.08801158181049634	-0.11560338737474571	0.14404062185918842	-0.22943207971355703	0.1228045264502533	-0.1103227113585275	0.0713141971803462	-0.24397787913704885	0.21399262859553358	-0.24621490423807948	0.17421350336784314	-0.08285184802092593	0.19579523349784778	-0.6150514093187016	0.330084380549174	-0.19840854708156927	0.17498371019597586	-0.2408207462882576	0.999999999999992	-0.5348092726035696	0.24911884648061547
0.09395420078946902	-0.07014843330900049	0.09540863977024641	-0.08518522125249182	0.0830019639264697	-0.07058403902424523	0.08589396018027731	-0.10080968128711172	0.08289807952957731	-0.07106788640534437	0.08588087501173323	-0.10650131332660731	0.16519059321369556	-0.10103369167391996	0.09171925873087698	-0.05245089886012977	0.1718959011604348	-0.15410998616808724	0.18763601337230854	-0.16792232016952446	0.06077838895566362	-0.1223796849262489	0.2909443763805369	-0.6200308341461417	0.20126774428092503	-0.13264923820367228	0.1374810578561023	-0.5348092726035696	0.9999999999999922	-0.44426666642090135
-0.15821183924172982	0.11586755717084676	-0.1621565171708559	0.13925975197488408	-0.14518643823963007	0.11473839618032003	-0.1396778948023085	0.15963540806096188	-0.13846579807389553	0.12005172885719896	-0.1409424322055869	0.16509733612772604	-0.2667378510377688	0.1626701711210017	-0.16171597170236873	0.0825244898473026	-0.27017597595440385	0.1991335115725698	-0.2821381983663317	0.2913052056886085	-0.09691821554354553	0.12094638950200484	-0.22578971406695586	0.26112625383972665	-0.601374225076526	0.1968465961818613	-0.14456672925376024	0.24911884648061547	-0.44426666642090135	0.9999999999999925
