1.0	-0.6408891749260203	0.2561608265784919	-0.12966018790429784	0.11359098572215662	-0.5796933915400927	0.27675479549922466	-0.2457315029931797	0.13034512527233533	-0.10645979793249435	0.23808443484585912	-0.22656628372189305	0.1694787404719914	-0.13996211946347353	0.160827559272919	-0.2715073268470753	0.14013099246495245	-0.12269247835149331	0.12122630019300244	-0.13207484586445753	0.036293843565817586	-0.09404293703153238	0.1017769125470692	-0.0819566637188083	0.04784208770417185	-0.036876441402957635	0.05755146183121457	-0.0707637194210945	0.07442858068187007	-0.045615775532205666
-0.6408891749260203	1.0000000000000002	-0.4557625005820385	0.1688535999031581	-0.1511516125601892	0.2983870813212897	-0.42616774810414976	0.26293156730231165	-0.16701016097964058	0.13195137344239058	-0.21189276488990721	0.23216006290610328	-0.19633441817096395	0.16107566078466906	-0.20117737369055455	0.20735261824884577	-0.1507197450405394	0.13098290062694107	-0.1395416519558174	0.14585749362998135	-0.035083962145544066	0.09727089659206205	-0.11183917015986566	0.09062865902899855	-0.053646065081676575	0.035264976386562244	-0.060404290512573434	0.07276942987904346	-0.08467688636793143	0.05081120511505555
0.2561608265784919	-0.4557625005820385	0.9999999999999996	-0.43125172163868075	0.23103461872629244	-0.28829848654337403	0.27551386786877285	-0.4272758692488566	0.2536136865631049	-0.22418132329310725	0.20993113846131414	-0.30023360931285403	0.2442502147994394	-0.2541869001908522	0.25348961830932154	-0.2853396763579245	0.18782113875450845	-0.18321640101356806	0.1942485614514422	-0.2293627123189456	0.048099662315425507	-0.13470370572436938	0.14631633247947734	-0.1360427056070393	0.07881113148800245	-0.04930943794747091	0.08265567184408613	-0.10393643972788472	0.11694608095143641	-0.07579106108414926
-0.12966018790429784	0.1688535999031581	-0.43125172163868075	0.9999999999999998	-0.5673808075753863	0.13631384806419516	-0.13926046590131017	0.18889086509589378	-0.5429816464746771	0.29955011759891514	-0.11387954418580082	0.16781920194891584	-0.16157001610402885	0.24390461497190855	-0.2810975681522738	0.14596550107288783	-0.12664984697015672	0.12559078588929776	-0.1699450949214616	0.17992353989562151	-0.029455016852520687	0.08772513734648066	-0.10223866836743904	0.10008921637840293	-0.06023754326887913	0.029908964488743018	-0.05425435190139083	0.06673817162496948	-0.08833136379944975	0.056920279738364055
0.11359098572215662	-0.1511516125601892	0.23103461872629244	-0.5673808075753863	1.0	-0.12994638668868444	0.12545754331690304	-0.1736907019091278	0.29176321998447513	-0.6656835094757603	0.10756283227913893	-0.16277664556562174	0.14403483646489496	-0.22588276925723175	0.2674637920312152	-0.14640136721404606	0.1184991602238449	-0.12012846214176776	0.15357803450726518	-0.19333844436797057	0.028903800991716477	-0.08525826357255593	0.09608761384004307	-0.10257139829556648	0.061362334994984676	-0.02953788856935834	0.05267377891134387	-0.06591690155106156	0.08646903978760602	-0.05881643303755128
-0.5796933915400927	0.2983870813212897	-0.28829848654337403	0.13631384806419516	-0.12994638668868444	1.0	-0.4207866762019034	0.24378925090707718	-0.14700101830450804	0.11650867877274144	-0.4836667642398127	0.23473732315745816	-0.19197939151241666	0.1495267780084619	-0.19007154056501108	0.27757325321481285	-0.1620466393747083	0.13185334083148206	-0.13464496036072787	0.13837867781723415	-0.03894029166986249	0.10096866745235883	-0.11383720334615924	0.08736623226768259	-0.05168840532238401	0.038842572643780396	-0.0625412982414828	0.07473700770460066	-0.08273684628578235	0.048896588033738045
0.27675479549922466	-0.42616774810414976	0.27551386786877285	-0.13926046590131017	0.12545754331690304	-0.4207866762019034	1.0000000000000004	-0.5592946857692427	0.15286367824389874	-0.11727524416564186	0.21436061263710154	-0.46282434946884865	0.2720187188093714	-0.17126423418118336	0.18296230749886097	-0.21211769394142704	0.1565591687570805	-0.14493747154172695	0.14103332550502615	-0.1425730149138876	0.0349779604833264	-0.10108269537912035	0.11713087991071942	-0.08716340707481766	0.051474693898081784	-0.035236264656756444	0.06107274981199481	-0.07376722649420345	0.08018270569358943	-0.04861183013973249
-0.2457315029931797	0.26293156730231165	-0.4272758692488566	0.18889086509589378	-0.1736907019091278	0.24378925090707718	-0.5592946857692427	0.9999999999999998	-0.2213098973755512	0.15794362385676033	-0.20557537589617728	0.3213505931067071	-0.49067551177745994	0.22732560682135736	-0.25034855843359993	0.20306352198097147	-0.1953161291598257	0.18516315073643722	-0.18991454730357119	0.18128616202620337	-0.04077287012648913	0.12360493057314711	-0.15378960559788474	0.11076630647200857	-0.06607423704313853	0.04083293304503902	-0.07552081430572341	0.08982852132194497	-0.10350849999438709	0.062021773688352336
0.13034512527233533	-0.16701016097964058	0.2536136865631049	-0.5429816464746771	0.29176321998447513	-0.14700101830450804	0.15286367824389874	-0.2213098973755512	1.0000000000000002	-0.42020234642735693	0.1249166978660318	-0.21053810739801132	0.20526267306428864	-0.5299021467735926	0.289861447629248	-0.16260150968896755	0.1478134799093687	-0.15895055816447085	0.21907619508633883	-0.24040927807836912	0.03409404861775812	-0.10483596284982678	0.12196699677218885	-0.12523512018169863	0.07489829590428194	-0.03470140280388074	0.06392297072543603	-0.07923294211187502	0.10536390943647989	-0.07085032746280434
-0.10645979793249435	0.13195137344239058	-0.22418132329310725	0.29955011759891514	-0.6656835094757603	0.11650867877274144	-0.11727524416564186	0.15794362385676033	-0.42020234642735693	0.9999999999999994	-0.10093510891306198	0.15240803357377042	-0.14593710545678149	0.23849592259496752	-0.48280947274149394	0.1318344344238394	-0.12034907157097649	0.12060539398910909	-0.1687122085899126	0.19540295392594995	-0.027924794253588694	0.08409971131808229	-0.09829908624421947	0.10258143314368849	-0.06281088072810737	0.028365754547656743	-0.05217724281242789	0.0643210500605226	-0.08967378141438684	0.059362492770925895
0.23808443484585912	-0.21189276488990721	0.20993113846131414	-0.11387954418580082	0.10756283227913893	-0.4836667642398127	0.21436061263710154	-0.20557537589617728	0.1249166978660318	-0.10093510891306198	0.9999999999999994	-0.25475175018863827	0.17196959556865857	-0.1389259696073693	0.1642372599709369	-0.7336984601217341	0.18442618365462102	-0.14327322803652726	0.12830236566481046	-0.1366286959446652	0.054243435501940634	-0.11883112241538142	0.11917188907031281	-0.08611816279004235	0.05019511869016602	-0.05486234324321418	0.07091608491406869	-0.08677638887195284	0.07925749917513285	-0.04775946895580761
-0.22656628372189305	0.23216006290610328	-0.30023360931285403	0.16781920194891584	-0.16277664556562174	0.23473732315745816	-0.46282434946884865	0.3213505931067071	-0.21053810739801132	0.15240803357377042	-0.25475175018863827	0.9999999999999982	-0.6220132029109168	0.24098231000032888	-0.26089089343677796	0.21977091207627747	-0.24570346081388073	0.212786513618763	-0.20730860245176014	0.18948156634632982	-0.04505881913106904	0.142513481017837	-0.17773030781520982	0.11610849983030319	-0.06940141664141257	0.04495988413288475	-0.08516259085360575	0.10019290871133796	-0.10916418704381438	0.06485293632729035
0.1694787404719914	-0.19633441817096395	0.2442502147994394	-0.16157001610402885	0.14403483646489496	-0.19197939151241666	0.2720187188093714	-0.49067551177745994	0.20526267306428864	-0.14593710545678149	0.17196959556865857	-0.6220132029109168	0.9999999999999976	-0.37612066278953965	0.22763886560969296	-0.19072043089854135	0.20776213747348732	-0.29272332289410574	0.21422413675009436	-0.19665078387574722	0.04125522619151172	-0.1394317478385648	0.17342768594426675	-0.11362174408381408	0.06707759755523354	-0.04166336972798417	0.08013377261886678	-0.09727660614871235	0.10092100133820708	-0.06273688847042022
-0.13996211946347353	0.16107566078466906	-0.2541869001908522	0.24390461497190855	-0.22588276925723175	0.1495267780084619	-0.17126423418118336	0.22732560682135736	-0.5299021467735926	0.23849592259496752	-0.1389259696073693	0.24098231000032888	-0.37612066278953965	0.9999999999999961	-0.4295989283223679	0.16771259434379476	-0.19470276710710374	0.21297599390669203	-0.4478938608493254	0.2775637828594195	-0.03984541756366138	0.12937057733511592	-0.1652363831018678	0.14896474705379617	-0.09145199800936923	0.040127312582186596	-0.0783915168654697	0.09436576336550098	-0.13261637478781843	0.08359038424201858
0.160827559272919	-0.20117737369055455	0.25348961830932154	-0.2810975681522738	0.2674637920312152	-0.19007154056501108	0.18296230749886097	-0.25034855843359993	0.289861447629248	-0.48280947274149394	0.1642372599709369	-0.26089089343677796	0.22763886560969296	-0.4295989283223679	0.9999999999999982	-0.22945427512530572	0.195522917889432	-0.20576755589815157	0.2753949321322864	-0.4464154251302962	0.048015558279120865	-0.1442448076440758	0.16186318171191763	-0.19588745454350884	0.12184140482647156	-0.049194939040177944	0.0891553185067515	-0.11255381486889701	0.1587436438146136	-0.11750519989028156
-0.2715073268470753	0.20735261824884577	-0.2853396763579245	0.14596550107288783	-0.14640136721404606	0.27757325321481285	-0.21211769394142704	0.20306352198097147	-0.16260150968896755	0.1318344344238394	-0.7336984601217341	0.21977091207627747	-0.19072043089854135	0.16771259434379476	-0.22945427512530572	0.9999999999999951	-0.30458030423190463	0.17902635025806224	-0.16685915277454588	0.1686020317779587	-0.07825555565978204	0.15405813434317212	-0.16085120896457886	0.10970368239367781	-0.06476524504272141	0.0727945115913336	-0.09484478688170828	0.10966646823815812	-0.10634101105142053	0.06121399083789826
0.14013099246495245	-0.1507197450405394	0.18782113875450845	-0.12664984697015672	0.1184991602238449	-0.1620466393747083	0.1565591687570805	-0.1953161291598257	0.1478134799093687	-0.12034907157097649	0.18442618365462102	-0.24570346081388073	0.20776213747348732	-0.19470276710710374	0.195522917889432	-0.30458030423190463	0.9999999999999976	-0.5196072938142557	0.2293350732185056	-0.2497420207810217	0.09359287262833826	-0.5387594047262371	0.3206142010953626	-0.15090600913859603	0.08500184064771901	-0.09723430699450912	0.20430869641381383	-0.26191185497518665	0.12794271726644846	-0.08110172569857049
-0.12269247835149331	0.13098290062694107	-0.18321640101356806	0.12559078588929776	-0.12012846214176776	0.13185334083148206	-0.14493747154172695	0.18516315073643722	-0.15895055816447085	0.12060539398910909	-0.14327322803652726	0.212786513618763	-0.29272332289410574	0.21297599390669203	-0.20576755589815157	0.17902635025806224	-0.5196072938142557	0.999999999999996	-0.39461724624572514	0.2417660331320545	-0.06498722389760953	0.281840797463468	-0.5673925327659617	0.14502913615809074	-0.0847441656228614	0.06465767480184215	-0.15005683810468665	0.1717323063483109	-0.12835348081345863	0.07743788154581507
0.12122630019300244	-0.1395416519558174	0.1942485614514422	-0.1699450949214616	0.15357803450726518	-0.13464496036072787	0.14103332550502615	-0.18991454730357119	0.21907619508633883	-0.1687122085899126	0.12830236566481046	-0.20730860245176014	0.21422413675009436	-0.4478938608493254	0.2753949321322864	-0.16685915277454588	0.2293350732185056	-0.39461724624572514	0.9999999999999971	-0.6234088507347036	0.04634717954934348	-0.16661847865771293	0.21036080690314152	-0.25724805418834645	0.14504411751822688	-0.04693374588193192	0.0963132713375005	-0.11832743496301683	0.1877825863894647	-0.13029299632787938
-0.13207484586445753	0.14585749362998135	-0.2293627123189456	0.17992353989562151	-0.19333844436797057	0.13837867781723415	-0.1425730149138876	0.18128616202620337	-0.24040927807836912	0.19540295392594995	-0.1366286959446652	0.18948156634632982	-0.19665078387574722	0.2775637828594195	-0.4464154251302962	0.1686020317779587	-0.2497420207810217	0.2417660331320545	-0.6234088507347036	0.9999999999999961	-0.04823470723153724	0.15799604016589114	-0.21462334141886105	0.2399289150354209	-0.24488247768310453	0.047966591834255556	-0.09985716287675399	0.11648107522668841	-0.25761860769342687	0.17518550524072776
0.036293843565817586	-0.035083962145544066	0.048099662315425507	-0.029455016852520687	0.028903800991716477	-0.03894029166986249	0.0349779604833264	-0.04077287012648913	0.03409404861775812	-0.027924794253588694	0.054243435501940634	-0.04505881913106904	0.04125522619151172	-0.03984541756366138	0.048015558279120865	-0.07825555565978204	0.09359287262833826	-0.06498722389760953	0.04634717954934348	-0.04823470723153724	0.9999999999999964	-0.13117808529194044	0.08954033771459721	-0.03571259258730646	0.019657570961448566	-0.9701035590576483	0.12860246066457443	-0.1328189563193331	0.03381029269966195	-0.01906239837668323
-0.09404293703153238	0.09727089659206205	-0.13470370572436938	0.08772513734648066	-0.08525826357255593	0.10096866745235883	-0.10108269537912035	0.12360493057314711	-0.10483596284982678	0.08409971131808229	-0.11883112241538142	0.142513481017837	-0.1394317478385648	0.12937057733511592	-0.1442448076440758	0.15405813434317212	-0.5387594047262371	0.281840797463468	-0.16661847865771293	0.15799604016589114	-0.13117808529194044	0.999999999999996	-0.5982135473529079	0.11084130336457644	-0.06195952600906371	0.1180267482409045	-0.40232395945560046	0.2775444840835499	-0.10274476465536063	0.05836809930760524
0.1017769125470692	-0.11183917015986566	0.14631633247947734	-0.10223866836743904	0.09608761384004307	-0.11383720334615924	0.11713087991071942	-0.15378960559788474	0.12196699677218885	-0.09829908624421947	0.11917188907031281	-0.17773030781520982	0.17342768594426675	-0.1652363831018678	0.16186318171191763	-0.16085120896457886	0.3206142010953626	-0.5673925327659617	0.21036080690314152	-0.21462334141886105	0.08954033771459721	-0.5982135473529079	0.9999999999999967	-0.14708462760412203	0.07757126608894696	-0.09244943222979729	0.22474458286767135	-0.30451296654917104	0.12038595366568991	-0.07286055909334516
-0.0819566637188083	0.09062865902899855	-0.1360427056070393	0.10008921637840293	-0.10257139829556648	0.08736623226768259	-0.08716340707481766	0.11076630647200857	-0.12523512018169863	0.10258143314368849	-0.08611816279004235	0.11610849983030319	-0.11362174408381408	0.14896474705379617	-0.19588745454350884	0.10970368239367781	-0.15090600913859603	0.14502913615809074	-0.25724805418834645	0.2399289150354209	-0.03571259258730646	0.11084130336457644	-0.14708462760412203	0.999999999999996	-0.4114196662161499	0.03546022532749066	-0.08041974298746293	0.09592779430164036	-0.7660726217347315	0.28406381999622854
0.04784208770417185	-0.053646065081676575	0.07881113148800245	-0.06023754326887913	0.061362334994984676	-0.05168840532238401	0.051474693898081784	-0.06607423704313853	0.07489829590428194	-0.06281088072810737	0.05019511869016602	-0.06940141664141257	0.06707759755523354	-0.09145199800936923	0.12184140482647156	-0.06476524504272141	0.08500184064771901	-0.0847441656228614	0.14504411751822688	-0.24488247768310453	0.019657570961448566	-0.06195952600906371	0.07757126608894696	-0.4114196662161499	0.9999999999999966	-0.01968891414365427	0.04261332364043496	-0.052030197473350234	0.29421039729230264	-0.8228004429245913
-0.036876441402957635	0.035264976386562244	-0.04930943794747091	0.029908964488743018	-0.02953788856935834	0.038842572643780396	-0.035236264656756444	0.04083293304503902	-0.03470140280388074	0.028365754547656743	-0.05486234324321418	0.04495988413288475	-0.04166336972798417	0.040127312582186596	-0.049194939040177944	0.0727945115913336	-0.09723430699450912	0.06465767480184215	-0.04693374588193192	0.047966591834255556	-0.9701035590576483	0.1180267482409045	-0.09244943222979729	0.03546022532749066	-0.01968891414365427	0.9999999999999969	-0.14652043318851515	0.12219587184808021	-0.03409309123109824	0.01900154864819944
0.05755146183121457	-0.060404290512573434	0.08265567184408613	-0.05425435190139083	0.05267377891134387	-0.0625412982414828	0.06107274981199481	-0.07552081430572341	0.06392297072543603	-0.05217724281242789	0.07091608491406869	-0.08516259085360575	0.08013377261886678	-0.0783915168654697	0.0891553185067515	-0.09484478688170828	0.20430869641381383	-0.15005683810468665	0.0963132713375005	-0.09985716287675399	0.12860246066457443	-0.40232395945560046	0.22474458286767135	-0.08041974298746293	0.04261332364043496	-0.14652043318851515	0.9999999999999971	-0.8470999683608094	0.07744488372518882	-0.042534030464728895
-0.0707637194210945	0.07276942987904346	-0.10393643972788472	0.06673817162496948	-0.06591690155106156	0.07473700770460066	-0.07376722649420345	0.08982852132194497	-0.07923294211187502	0.0643210500605226	-0.08677638887195284	0.10019290871133796	-0.09727660614871235	0.09436576336550098	-0.11255381486889701	0.10966646823815812	-0.26191185497518665	0.1717323063483109	-0.11832743496301683	0.11648107522668841	-0.1328189563193331	0.2775444840835499	-0.30451296654917104	0.09592779430164036	-0.052030197473350234	0.12219587184808021	-0.8470999683608094	0.9999999999999978	-0.10107292094447065	0.05149748606666904
0.07442858068187007	-0.08467688636793143	0.11694608095143641	-0.08833136379944975	0.08646903978760602	-0.08273684628578235	0.08018270569358943	-0.10350849999438709	0.10536390943647989	-0.08967378141438684	0.07925749917513285	-0.10916418704381438	0.10092100133820708	-0.13261637478781843	0.1587436438146136	-0.10634101105142053	0.12794271726644846	-0.12835348081345863	0.1877825863894647	-0.25761860769342687	0.03381029269966195	-0.10274476465536063	0.12038595366568991	-0.7660726217347315	0.29421039729230264	-0.03409309123109824	0.07744488372518882	-0.10107292094447065	0.9999999999999979	-0.4568848541001419
-0.045615775532205666	0.05081120511505555	-0.07579106108414926	0.056920279738364055	-0.05881643303755128	0.048896588033738045	-0.04861183013973249	0.062021773688352336	-0.07085032746280434	0.059362492770925895	-0.04775946895580761	0.06485293632729035	-0.06273688847042022	0.08359038424201858	-0.11750519989028156	0.06121399083789826	-0.08110172569857049	0.07743788154581507	-0.13029299632787938	0.17518550524072776	-0.01906239837668323	0.05836809930760524	-0.07286055909334516	0.28406381999622854	-0.8228004429245913	0.01900154864819944	-0.042534030464728895	0.05149748606666904	-0.4568848541001419	0.999999999999998
