1.0	-0.5620580217257163	0.2870136340614469	-0.15754384761007417	0.17784505478907825	-0.35333094588996294	0.3089260821738451	-0.217188090169147	0.20589966360471426	-0.12648163208281146	0.2349365523662961	-0.18897706913010187	0.19189818979178197	-0.20594624705488046	0.11667641766363619	-0.1782750512222911	0.18712508876237768	-0.21653809498196477	0.1570776178818912	-0.16292133591544156	0.17406461155032812	-0.375809547307919	0.15491106921155273	-0.15199035138091535	0.1453506885070064	-0.08564603640850897	0.08778477776655116	-0.13690405365078975	0.08658305029314083	-0.10216985122377076	0.0737490429139193	-0.07722446582481546	0.17467512333075294	-0.0848537312605674	0.10455061301903501
-0.5620580217257163	1.0000000000000002	-0.5524974120289097	0.18553862180792255	-0.21576357188577544	0.2183835956518559	-0.46435565967838655	0.22114390743900875	-0.193588248981736	0.10415027252709201	-0.18045065545729397	0.15856249601546932	-0.17512917668721859	0.16580382825471002	-0.09578680278282592	0.11908154332189694	-0.155998597954625	0.16907312896825014	-0.12311843370574885	0.12172162577672649	-0.12261962285980707	0.2348100347374836	-0.11304428677027492	0.11282845723717393	-0.10913410690545208	0.059501981827943334	-0.06148267376622829	0.09700485649519086	-0.06270259582609243	0.070781921762336	-0.051634742978340184	0.05400324984560071	-0.12371607854834407	0.0610356750176722	-0.07287206857931014
0.2870136340614469	-0.5524974120289097	1.0000000000000007	-0.41704910069040024	0.27542090863399665	-0.190122251176133	0.2788444677640333	-0.34114730370471563	0.23696991575846987	-0.13616337481435406	0.16467649312643454	-0.17709401185978715	0.2105207954687495	-0.21611526211473944	0.12006560110581888	-0.12483771452123647	0.17110344287002974	-0.21674137513332653	0.1543375607413186	-0.15812282634773217	0.12946827122234406	-0.28730097906176827	0.14057182146966787	-0.1434420487012748	0.1374283417867359	-0.07370471744027052	0.07611309297165943	-0.12197509930583496	0.07855810068364043	-0.09066897817392738	0.06372659492326437	-0.06704305226175353	0.15285263727732623	-0.07693567576569794	0.09221517334203588
-0.15754384761007417	0.18553862180792255	-0.41704910069040024	1.0000000000000004	-0.8362454167373521	0.09836809459074658	-0.14890454841674253	0.15756599495304907	-0.18691026679822795	0.08893668584021998	-0.08981226217809518	0.09550761126410277	-0.11941410265746727	0.12716617394256235	-0.07765575816810344	0.06685744012594338	-0.09602973601021378	0.12009591067585167	-0.08958193346290405	0.09284642737265239	-0.07056826934587532	0.15416260729242037	-0.07976229325502963	0.08199843834178219	-0.08053780604571077	0.04110692319575177	-0.04262681830415322	0.06841432877202211	-0.04468262387535341	0.05109066756933775	-0.03571768769106142	0.03755354673333664	-0.08629756636539174	0.04359367975584772	-0.052224014440888394
0.17784505478907825	-0.21576357188577544	0.27542090863399665	-0.8362454167373521	1.0000000000000002	-0.12046112119272342	0.1684554079958856	-0.17479119083745107	0.1793833770566096	-0.10732441175476327	0.11062870822516907	-0.11794663838471034	0.1378067456606844	-0.15723196602192677	0.0918222823876088	-0.08612209940144569	0.11820586091469573	-0.15244188120186697	0.11160836212551985	-0.11995994065079446	0.09084745399442783	-0.20963883117559823	0.10264189653510929	-0.10557365370554761	0.10231134154752253	-0.054093450711377805	0.05583822797665753	-0.08964536052702253	0.05787674560770606	-0.0678326551367884	0.04677434288910016	-0.04926477497798366	0.11234097247509822	-0.056795560657622535	0.06878020410151092
-0.35333094588996294	0.2183835956518559	-0.190122251176133	0.09836809459074658	-0.12046112119272342	1.0000000000000002	-0.44917723843818147	0.1754276166936103	-0.16169384125738834	0.08907306343722433	-0.6982670402649835	0.1809638832077543	-0.1598671959399745	0.1471351760911515	-0.08370315003228931	0.2208335786384058	-0.17542850494440007	0.15605033495828824	-0.11329046411334959	0.10825289575263701	-0.23079110795109403	0.2408759872920478	-0.10797708830542518	0.1040754466224585	-0.09980842991268452	0.06028763136297715	-0.06128953599302669	0.09244686045919173	-0.059081983586743436	0.06437517273380157	-0.0519507820850799	0.05322436086277692	-0.12025055786000116	0.057259825410467965	-0.06710796630538801
0.3089260821738451	-0.46435565967838655	0.2788444677640333	-0.14890454841674253	0.1684554079958856	-0.44917723843818147	1.0000000000000004	-0.3854327421195497	0.2443124103236903	-0.1403614158325387	0.25947148588054625	-0.28076250770669814	0.24359646098252163	-0.23430707594350958	0.125346214726446	-0.17829887554965743	0.22384814139108336	-0.24380840294337752	0.16919803549846962	-0.16553671320678726	0.17025053250591757	-0.3280150424088679	0.15367400153226216	-0.15502226138332464	0.14623194356306224	-0.08082863771688474	0.08324474458590521	-0.13215196442293753	0.08459056179325537	-0.09416025051075974	0.06959635197455392	-0.07293768560515922	0.1651153564680029	-0.08267031484699752	0.09630837843271067
-0.217188090169147	0.22114390743900875	-0.34114730370471563	0.15756599495304907	-0.17479119083745107	0.1754276166936103	-0.3854327421195497	0.9999999999999993	-0.5533809786000194	0.17487519636079393	-0.16170254586297514	0.21454968416897982	-0.5192333343358212	0.27047081734908657	-0.1605905512990758	0.10937236053445032	-0.20868432801886752	0.24982626730708546	-0.18724718174566934	0.16216494511730462	-0.11566273718747426	0.22402403169127474	-0.14653270159693504	0.15029177912142153	-0.148561807544863	0.06855393714572108	-0.0723527659781792	0.11743478357019328	-0.07925187972801748	0.08289588603926723	-0.06043115319931899	0.06340909956989374	-0.1491021444668612	0.07593423194822001	-0.08631230009575876
0.20589966360471426	-0.193588248981736	0.23696991575846987	-0.18691026679822795	0.1793833770566096	-0.16169384125738834	0.2443124103236903	-0.5533809786000194	0.9999999999999989	-0.37912989617637044	0.15044940983667304	-0.19865937467103387	0.2862820865505012	-0.42101011915942455	0.23518385327033703	-0.11271234373292136	0.19297085263580072	-0.28018791516200053	0.22336051604601131	-0.2386278359223891	0.11949537897045404	-0.25909423829764316	0.17083506496076	-0.19126487790011962	0.19066814463751194	-0.08076137968250996	0.08469666407164374	-0.14081510390859986	0.09568504726853952	-0.10375844241772236	0.0703670038641386	-0.07443453049388721	0.172200317880205	-0.09305409127692417	0.10565360689816802
-0.12648163208281146	0.10415027252709201	-0.13616337481435406	0.08893668584021998	-0.10732441175476327	0.08907306343722433	-0.1403614158325387	0.17487519636079393	-0.37912989617637044	0.9999999999999982	-0.08921526086707712	0.1051626124497875	-0.1502070998153117	0.18241568260320315	-0.8107858774557658	0.0646532024285958	-0.11348177362079659	0.15035310350265832	-0.140758663479685	0.24304955607781561	-0.07136853176812727	0.14670649080198986	-0.12057345917319912	0.13340207877045987	-0.21513590334090557	0.053871126958454384	-0.05775286089951363	0.09443841766875471	-0.06919639868231031	0.08418220530344724	-0.04845311240261742	0.05087822184684246	-0.12386797537459834	0.06516370875728919	-0.0915187837147553
0.2349365523662961	-0.18045065545729397	0.16467649312643454	-0.08981226217809518	0.11062870822516907	-0.6982670402649835	0.25947148588054625	-0.16170254586297514	0.15044940983667304	-0.08921526086707712	0.9999999999999994	-0.22498953234291108	0.15621121318920694	-0.15215146528434687	0.08324017116751666	-0.4189082169373161	0.18278662938127763	-0.16561885348459984	0.11744003608662025	-0.113596356730045	0.254695162141383	-0.3012751921035185	0.11568608837695024	-0.11066794934988007	0.10396827320499727	-0.06668742116441549	0.06705625436013637	-0.10048905060058373	0.06277499885459029	-0.068631977752484	0.056497693849766176	-0.058055105892444225	0.12814848807031431	-0.06118667658980792	0.07112811147453169
-0.18897706913010187	0.15856249601546932	-0.17709401185978715	0.09550761126410277	-0.11794663838471034	0.1809638832077543	-0.28076250770669814	0.21454968416897982	-0.19865937467103387	0.1051626124497875	-0.22498953234291108	1.0000000000000007	-0.38988549418225016	0.21139181658520712	-0.10024279645293985	0.1282369514489	-0.7713038049915386	0.25461725456625883	-0.16716076666212398	0.127130862965645	-0.13005106753588902	0.2174440955385324	-0.13527343431755506	0.1325690190293646	-0.12173792852518038	0.06388605401015546	-0.06727098182555004	0.1079895613747732	-0.07126716685482312	0.07141975100143122	-0.05623329963713219	0.05871748521632551	-0.1373898168869649	0.06819320729509001	-0.07457248680250851
0.19189818979178197	-0.17512917668721859	0.2105207954687495	-0.11941410265746727	0.1378067456606844	-0.1598671959399745	0.24359646098252163	-0.5192333343358212	0.2862820865505012	-0.1502070998153117	0.15621121318920694	-0.38988549418225016	0.9999999999999974	-0.4454433822047312	0.13651376671570484	-0.11056200846188444	0.27043651825899095	-0.4640657973338095	0.24876612984383686	-0.17027418153318086	0.11589963874590423	-0.23290400272952036	0.1753100293155202	-0.18438524239611082	0.159429905007186	-0.0767763005859964	0.081434505505046	-0.13701371812394883	0.09112624442726638	-0.08840171065114853	0.0672649230194144	-0.0710627296816731	0.16551782800464432	-0.08747411306437661	0.09110911537546452
-0.20594624705488046	0.16580382825471002	-0.21611526211473944	0.12716617394256235	-0.15723196602192677	0.1471351760911515	-0.23430707594350958	0.27047081734908657	-0.42101011915942455	0.18241568260320315	-0.15215146528434687	0.21139181658520712	-0.4454433822047312	0.9999999999999969	-0.19156232415330698	0.10699235168059927	-0.2416680674568257	0.3161929947097057	-0.5498273792332985	0.20789915291372418	-0.11863985007499137	0.23081547920374454	-0.2274543369061707	0.2504732817261735	-0.22396575132016755	0.09103650252760477	-0.09932335298114461	0.16351135310191392	-0.12292053199372796	0.10727407531168145	-0.08257230735156514	0.08661128607312554	-0.21309381765775282	0.1121609066268124	-0.11391518437357662
0.11667641766363619	-0.09578680278282592	0.12006560110581888	-0.07765575816810344	0.0918222823876088	-0.08370315003228931	0.125346214726446	-0.1605905512990758	0.23518385327033703	-0.8107858774557658	0.08324017116751666	-0.10024279645293985	0.13651376671570484	-0.19156232415330698	0.9999999999999964	-0.06224582975572396	0.10622749529984064	-0.15093019086242207	0.13774189825674926	-0.39513695869850063	0.06825017670056892	-0.14749190343206214	0.1169523158053758	-0.13804459810953484	0.2091252824188418	-0.05290806373339621	0.05618744261044694	-0.09391076662555904	0.06787647447241886	-0.0846232937724888	0.04680059580592385	-0.0494853264409462	0.11752941247487132	-0.06505564129573266	0.08719791374713229
-0.1782750512222911	0.11908154332189694	-0.12483771452123647	0.06685744012594338	-0.08612209940144569	0.2208335786384058	-0.17829887554965743	0.10937236053445032	-0.11271234373292136	0.0646532024285958	-0.4189082169373161	0.1282369514489	-0.11056200846188444	0.10699235168059927	-0.06224582975572396	0.9999999999999978	-0.14073096490372897	0.1167693236310434	-0.08728306554010364	0.08269905320119522	-0.8052411367804663	0.2443633816742674	-0.09335428202485238	0.08328192913690848	-0.0794581709444608	0.06456165686237389	-0.0617188078885636	0.0808612584528654	-0.04988408995577906	0.05146591390182159	-0.05376592728017192	0.05146295550680231	-0.10930581743997948	0.0480561593505959	-0.054882064610988476
0.18712508876237768	-0.155998597954625	0.17110344287002974	-0.09602973601021378	0.11820586091469573	-0.17542850494440007	0.22384814139108336	-0.20868432801886752	0.19297085263580072	-0.11348177362079659	0.18278662938127763	-0.7713038049915386	0.27043651825899095	-0.2416680674568257	0.10622749529984064	-0.14073096490372897	0.9999999999999992	-0.36339649792062223	0.18677899621096117	-0.14598151334586862	0.13522131966109363	-0.2722137898556188	0.15476172819493234	-0.15535798738989545	0.13573264806471538	-0.07398512401407328	0.07729047666288578	-0.1270875740406016	0.08100530607044121	-0.0821078746331665	0.06400014522058223	-0.06743174951429663	0.15357619701489905	-0.0786661806139426	0.08426679176854719
-0.21653809498196477	0.16907312896825014	-0.21674137513332653	0.12009591067585167	-0.15244188120186697	0.15605033495828824	-0.24380840294337752	0.24982626730708546	-0.28018791516200053	0.15035310350265832	-0.16561885348459984	0.25461725456625883	-0.4640657973338095	0.3161929947097057	-0.15093019086242207	0.1167693236310434	-0.36339649792062223	0.9999999999999994	-0.4974964533430298	0.2004304716498073	-0.13008901133125447	0.24885064998981488	-0.31813979684215216	0.26293473064891715	-0.21855443358003773	0.10485814824719862	-0.1167658234224978	0.1956863312483701	-0.13260088117400248	0.10980407202686804	-0.09543262824045526	0.10007432347676826	-0.24577518077496593	0.12161440150443471	-0.1163852298363811
0.1570776178818912	-0.12311843370574885	0.1543375607413186	-0.08958193346290405	0.11160836212551985	-0.11329046411334959	0.16919803549846962	-0.18724718174566934	0.22336051604601131	-0.140758663479685	0.11744003608662025	-0.16716076666212398	0.24876612984383686	-0.5498273792332985	0.13774189825674926	-0.08728306554010364	0.18677899621096117	-0.4974964533430298	0.9999999999999974	-0.22920741866134012	0.09695621323758986	-0.20745867836896706	0.24601485329452594	-0.500277711956201	0.22636290865364028	-0.09038137499968153	0.0975400934122267	-0.18031519555564202	0.13740433352241063	-0.1039824446764328	0.07842404114652873	-0.08447184018201592	0.19492763286431064	-0.13209398297991434	0.10386527280188561
-0.16292133591544156	0.12172162577672649	-0.15812282634773217	0.09284642737265239	-0.11995994065079446	0.10825289575263701	-0.16553671320678726	0.16216494511730462	-0.2386278359223891	0.24304955607781561	-0.113596356730045	0.127130862965645	-0.17027418153318086	0.20789915291372418	-0.39513695869850063	0.08269905320119522	-0.14598151334586862	0.2004304716498073	-0.22920741866134012	0.9999999999999974	-0.094139884493384	0.1919701220129502	-0.21001379019681327	0.24870066023033174	-0.6983384693259818	0.08470865903708126	-0.09277904399552789	0.15308723659299486	-0.12213796599083963	0.16121999813752544	-0.07758270314873483	0.08146153642218702	-0.2041369339540703	0.11136648761116	-0.17856103632641443
0.17406461155032812	-0.12261962285980707	0.12946827122234406	-0.07056826934587532	0.09084745399442783	-0.23079110795109403	0.17025053250591757	-0.11566273718747426	0.11949537897045404	-0.07136853176812727	0.254695162141383	-0.13005106753588902	0.11589963874590423	-0.11863985007499137	0.06825017670056892	-0.8052411367804663	0.13522131966109363	-0.13008901133125447	0.09695621323758986	-0.094139884493384	0.999999999999996	-0.3958312471319059	0.10886595936434934	-0.09582073737789853	0.08950553098773978	-0.0825248121688649	0.0746602910905124	-0.09637275725251371	0.056998415229029965	-0.05899846008090048	0.06414326142431864	-0.061870808732298124	0.12458738411239599	-0.05532999839409417	0.06233990621435541
-0.375809547307919	0.2348100347374836	-0.28730097906176827	0.15416260729242037	-0.20963883117559823	0.2408759872920478	-0.3280150424088679	0.22402403169127474	-0.25909423829764316	0.14670649080198986	-0.3012751921035185	0.2174440955385324	-0.23290400272952036	0.23081547920374454	-0.14749190343206214	0.2443633816742674	-0.2722137898556188	0.24885064998981488	-0.20745867836896706	0.1919701220129502	-0.3958312471319059	0.9999999999999939	-0.27986271645261085	0.2059867739548584	-0.20212210964025623	0.13905726635936996	-0.1583756214703134	0.20913707144573637	-0.13319432219579033	0.12804574226784807	-0.1294323688469109	0.13037177516479725	-0.31651298420554697	0.12518311853332473	-0.14449481005220272
0.15491106921155273	-0.11304428677027492	0.14057182146966787	-0.07976229325502963	0.10264189653510929	-0.10797708830542518	0.15367400153226216	-0.14653270159693504	0.17083506496076	-0.12057345917319912	0.11568608837695024	-0.13527343431755506	0.1753100293155202	-0.2274543369061707	0.1169523158053758	-0.09335428202485238	0.15476172819493234	-0.31813979684215216	0.24601485329452594	-0.21001379019681327	0.10886595936434934	-0.27986271645261085	0.9999999999999928	-0.4932779735479996	0.21677133484804903	-0.17265849877846465	0.18965900207946085	-0.5933356923010764	0.1580780516717285	-0.11036389968844151	0.1321223610372328	-0.152883108668798	0.28152786813200825	-0.15993400648454517	0.10789424933551084
-0.15199035138091535	0.11282845723717393	-0.1434420487012748	0.08199843834178219	-0.10557365370554761	0.1040754466224585	-0.15502226138332464	0.15029177912142153	-0.19126487790011962	0.13340207877045987	-0.11066794934988007	0.1325690190293646	-0.18438524239611082	0.2504732817261735	-0.13804459810953484	0.08328192913690848	-0.15535798738989545	0.26293473064891715	-0.500277711956201	0.24870066023033174	-0.09582073737789853	0.2059867739548584	-0.4932779735479996	0.9999999999999926	-0.4330933602325961	0.11139911536876579	-0.12738072217426316	0.23484080825235198	-0.2560086160659827	0.12515322808157922	-0.09954612823941546	0.10713732090553997	-0.2603235487199492	0.1895277126408868	-0.12578332513335438
0.1453506885070064	-0.10913410690545208	0.1374283417867359	-0.08053780604571077	0.10231134154752253	-0.09980842991268452	0.14623194356306224	-0.148561807544863	0.19066814463751194	-0.21513590334090557	0.10396827320499727	-0.12173792852518038	0.159429905007186	-0.22396575132016755	0.2091252824188418	-0.0794581709444608	0.13573264806471538	-0.21855443358003773	0.22636290865364028	-0.6983384693259818	0.08950553098773978	-0.20212210964025623	0.21677133484804903	-0.4330933602325961	0.999999999999991	-0.08870680189152845	0.0941324238473651	-0.17334742543013035	0.13517548730755108	-0.22797561076974723	0.07636531208799298	-0.0825244910803908	0.18887031080243544	-0.13214990647866418	0.18232218789406668
-0.08564603640850897	0.059501981827943334	-0.07370471744027052	0.04110692319575177	-0.054093450711377805	0.06028763136297715	-0.08082863771688474	0.06855393714572108	-0.08076137968250996	0.053871126958454384	-0.06668742116441549	0.06388605401015546	-0.0767763005859964	0.09103650252760477	-0.05290806373339621	0.06456165686237389	-0.07398512401407328	0.10485814824719862	-0.09038137499968153	0.08470865903708126	-0.0825248121688649	0.13905726635936996	-0.17265849877846465	0.11139911536876579	-0.08870680189152845	0.9999999999999915	-0.6411654669491705	0.22919889165406476	-0.08591156360359353	0.053611714190147514	-0.608380667692442	0.32584466608169815	-0.2806950959937988	0.08521791642061455	-0.05512749140231056
0.08778477776655116	-0.06148267376622829	0.07611309297165943	-0.04262681830415322	0.05583822797665753	-0.06128953599302669	0.08324474458590521	-0.0723527659781792	0.08469666407164374	-0.05775286089951363	0.06705625436013637	-0.06727098182555004	0.081434505505046	-0.09932335298114461	0.05618744261044694	-0.0617188078885636	0.07729047666288578	-0.1167658234224978	0.0975400934122267	-0.09277904399552789	0.0746602910905124	-0.1583756214703134	0.18965900207946085	-0.12738072217426316	0.0941324238473651	-0.6411654669491705	0.9999999999999897	-0.3999386908938229	0.08709286138687915	-0.0567392546855056	0.3142357520171301	-0.5173274724243329	0.26242520056519986	-0.09011576390479017	0.05717779324047494
-0.13690405365078975	0.09700485649519086	-0.12197509930583496	0.06841432877202211	-0.08964536052702253	0.09244686045919173	-0.13215196442293753	0.11743478357019328	-0.14081510390859986	0.09443841766875471	-0.10048905060058373	0.1079895613747732	-0.13701371812394883	0.16351135310191392	-0.09391076662555904	0.0808612584528654	-0.1270875740406016	0.1956863312483701	-0.18031519555564202	0.15308723659299486	-0.09637275725251371	0.20913707144573637	-0.5933356923010764	0.23484080825235198	-0.17334742543013035	0.22919889165406476	-0.3999386908938229	0.9999999999999902	-0.16183125182513255	0.09250636723100866	-0.20365476878160138	0.2224228925156981	-0.5072468203485546	0.1515950065585846	-0.09510049656410952
0.08658305029314083	-0.06270259582609243	0.07855810068364043	-0.04468262387535341	0.05787674560770606	-0.059081983586743436	0.08459056179325537	-0.07925187972801748	0.09568504726853952	-0.06919639868231031	0.06277499885459029	-0.07126716685482312	0.09112624442726638	-0.12292053199372796	0.06787647447241886	-0.04988408995577906	0.08100530607044121	-0.13260088117400248	0.13740433352241063	-0.12213796599083963	0.056998415229029965	-0.13319432219579033	0.1580780516717285	-0.2560086160659827	0.13517548730755108	-0.08591156360359353	0.08709286138687915	-0.16183125182513255	0.9999999999999888	-0.10553451043566546	0.07261276476347395	-0.08664573080724045	0.2123332101530318	-0.8947539365538161	0.09872951897136847
-0.10216985122377076	0.070781921762336	-0.09066897817392738	0.05109066756933775	-0.0678326551367884	0.06437517273380157	-0.09416025051075974	0.08289588603926723	-0.10375844241772236	0.08418220530344724	-0.068631977752484	0.07141975100143122	-0.08840171065114853	0.10727407531168145	-0.0846232937724888	0.05146591390182159	-0.0821078746331665	0.10980407202686804	-0.1039824446764328	0.16121999813752544	-0.05899846008090048	0.12804574226784807	-0.11036389968844151	0.12515322808157922	-0.22797561076974723	0.053611714190147514	-0.0567392546855056	0.09250636723100866	-0.10553451043566546	0.9999999999999888	-0.04840286372831344	0.05135733628210601	-0.12817263290916808	0.09620917191387054	-0.9262086486013433
0.0737490429139193	-0.051634742978340184	0.06372659492326437	-0.03571768769106142	0.04677434288910016	-0.0519507820850799	0.06959635197455392	-0.06043115319931899	0.0703670038641386	-0.04845311240261742	0.056497693849766176	-0.05623329963713219	0.0672649230194144	-0.08257230735156514	0.04680059580592385	-0.05376592728017192	0.06400014522058223	-0.09543262824045526	0.07842404114652873	-0.07758270314873483	0.06414326142431864	-0.1294323688469109	0.1321223610372328	-0.09954612823941546	0.07636531208799298	-0.608380667692442	0.3142357520171301	-0.20365476878160138	0.07261276476347395	-0.04840286372831344	0.9999999999999879	-0.6833763348195794	0.22844116602810782	-0.07820745028325367	0.04831562801689301
-0.07722446582481546	0.05400324984560071	-0.06704305226175353	0.03755354673333664	-0.04926477497798366	0.05322436086277692	-0.07293768560515922	0.06340909956989374	-0.07443453049388721	0.05087822184684246	-0.058055105892444225	0.05871748521632551	-0.0710627296816731	0.08661128607312554	-0.0494853264409462	0.05146295550680231	-0.06743174951429663	0.10007432347676826	-0.08447184018201592	0.08146153642218702	-0.061870808732298124	0.13037177516479725	-0.152883108668798	0.10713732090553997	-0.0825244910803908	0.32584466608169815	-0.5173274724243329	0.2224228925156981	-0.08664573080724045	0.05135733628210601	-0.6833763348195794	0.9999999999999875	-0.36822212833137546	0.09089213063602013	-0.05176702668019724
0.17467512333075294	-0.12371607854834407	0.15285263727732623	-0.08629756636539174	0.11234097247509822	-0.12025055786000116	0.1651153564680029	-0.1491021444668612	0.172200317880205	-0.12386797537459834	0.12814848807031431	-0.1373898168869649	0.16551782800464432	-0.21309381765775282	0.11752941247487132	-0.10930581743997948	0.15357619701489905	-0.24577518077496593	0.19492763286431064	-0.2041369339540703	0.12458738411239599	-0.31651298420554697	0.28152786813200825	-0.2603235487199492	0.18887031080243544	-0.2806950959937988	0.26242520056519986	-0.5072468203485546	0.2123332101530318	-0.12817263290916808	0.22844116602810782	-0.36822212833137546	0.9999999999999876	-0.29152444225927177	0.12307516022276116
-0.0848537312605674	0.0610356750176722	-0.07693567576569794	0.04359367975584772	-0.056795560657622535	0.057259825410467965	-0.08267031484699752	0.07593423194822001	-0.09305409127692417	0.06516370875728919	-0.06118667658980792	0.06819320729509001	-0.08747411306437661	0.1121609066268124	-0.06505564129573266	0.0480561593505959	-0.0786661806139426	0.12161440150443471	-0.13209398297991434	0.11136648761116	-0.05532999839409417	0.12518311853332473	-0.15993400648454517	0.1895277126408868	-0.13214990647866418	0.08521791642061455	-0.09011576390479017	0.1515950065585846	-0.8947539365538161	0.09620917191387054	-0.07820745028325367	0.09089213063602013	-0.29152444225927177	0.9999999999999877	-0.1014070193608452
0.10455061301903501	-0.07287206857931014	0.09221517334203588	-0.052224014440888394	0.06878020410151092	-0.06710796630538801	0.09630837843271067	-0.08631230009575876	0.10565360689816802	-0.0915187837147553	0.07112811147453169	-0.07457248680250851	0.09110911537546452	-0.11391518437357662	0.08719791374713229	-0.054882064610988476	0.08426679176854719	-0.1163852298363811	0.10386527280188561	-0.17856103632641443	0.06233990621435541	-0.14449481005220272	0.10789424933551084	-0.12578332513335438	0.18232218789406668	-0.05512749140231056	0.05717779324047494	-0.09510049656410952	0.09872951897136847	-0.9262086486013433	0.04831562801689301	-0.05176702668019724	0.12307516022276116	-0.1014070193608452	0.9999999999999878
