1.0	-0.25475147823046485	0.19839549041569993	-0.06312592529762781	0.061787641260583614	-0.6659517021410536	0.2706172476982021	-0.3068021221895437	0.1297143396176154	-0.0517264953188584	0.2944826533052139	-0.2695656926397184	0.24722248597809013	-0.11256221270966221	0.056906665190475735	-0.2705945526851537	0.19104194934573493	-0.24294570957989356	0.15204498172371816	-0.143962064028468	0.20368119561058598	-0.25969924482088885	0.16376949308186314	-0.1700690165543593	0.13227396423257157	-0.08514197848588066	0.07550567646406786	-0.17924756946997944	0.12285012028282238	-0.17762304529546344	0.04434916189481237	-0.09340036231884004	0.09876448479889531	-0.12824791217451445	0.10846429372918952	-0.04189994652656043	0.08860926268704541	-0.07453633520308463	0.11139903064092885	-0.16002677001161478
-0.25475147823046485	0.9999999999999996	-0.884081778444911	0.12021874468479302	-0.12457300388350041	0.16905164048811006	-0.23029424243070298	0.20287279874750866	-0.09167143092008598	0.05594608511262565	-0.15548940611298348	0.14925861472163	-0.17250329130752096	0.0757051655346885	-0.06379245677940625	0.11817252495517844	-0.09612225217456993	0.11472766322722007	-0.0855142672401773	0.07536553429186055	-0.10406875059369741	0.11731691005826998	-0.08020052222722934	0.083427501111977	-0.06727092099229867	0.038733191012022154	-0.0350023288572989	0.08407827503058016	-0.05924581793415003	0.0840198708396081	-0.02175432008752379	0.04468807827640669	-0.047838196876520744	0.0611156088710247	-0.05158545839197086	0.020376124024512818	-0.04397025440174269	0.03634591302400614	-0.05562647428645382	0.07393640835990618
0.19839549041569993	-0.884081778444911	1.0	-0.15247055852810887	0.1241751632438064	-0.16569782629843163	0.19206625325053184	-0.243751172998314	0.09354833671497571	-0.0583966676376848	0.14702695700766294	-0.15375032173774475	0.16544508138414638	-0.07915274243404624	0.06401687302307282	-0.12708418184084375	0.1016573727793941	-0.12625924325926935	0.09086810584544781	-0.08305120819196771	0.10775112307049063	-0.13070771141416074	0.08796797061755156	-0.09262432123215629	0.07397631540042475	-0.04340451374138788	0.03890692698300691	-0.09477324924913974	0.06620643730270129	-0.09531612956120156	0.024042151498766796	-0.049983655751400104	0.053182202274150284	-0.06870632936659629	0.05828912023719685	-0.02261563617903089	0.04836181287896372	-0.04033846502194968	0.06104953125886745	-0.08476751106625938
-0.06312592529762781	0.12021874468479302	-0.15247055852810887	0.9999999999999996	-0.9270623420339245	0.04872808189788809	-0.05165273564189286	0.06166496539389086	-0.14000861305494547	0.18319567724543637	-0.05349901814007437	0.054636846749352326	-0.06834860439259578	0.1013047741820895	-0.2108650691109871	0.048837607555472465	-0.0425486527098414	0.05409469191256553	-0.07154492399997231	0.060805185881066946	-0.045871100041381535	0.05611943158138095	-0.04591134194319105	0.05441986890869781	-0.04653309503107645	0.019127235814552	-0.01744336794497476	0.04803190232342773	-0.03524572075103707	0.05210068893771473	-0.012233453934768785	0.025217507782681992	-0.027302415253375966	0.03552366406683732	-0.030960444624474944	0.011432355199295755	-0.024962954852795163	0.02060868544529076	-0.031813842050845885	0.04333626406349468
0.061787641260583614	-0.12457300388350041	0.1241751632438064	-0.9270623420339245	0.9999999999999993	-0.04855427918827956	0.050897658111265176	-0.06118033447999273	0.11748765320453498	-0.23687846702118073	0.05268871796104552	-0.05430701264854182	0.06589244139019951	-0.09804752597730117	0.1827876627254632	-0.04912673737982811	0.04244462485419845	-0.05438576012564285	0.06833012508443526	-0.06076602646268585	0.045641379452881596	-0.056778993056438756	0.045855298034002186	-0.05462088154426138	0.04617916494959557	-0.019384955127247274	0.017626549891796173	-0.04872138386024951	0.035543732152004376	-0.052968708579203	0.01229564618103359	-0.025489278237038726	0.027505480486689424	-0.03597823039681271	0.031395737053580036	-0.011513943536438219	0.025029143882439462	-0.02075265030642908	0.03186114623742468	-0.044334451376211795
-0.6659517021410536	0.16905164048811006	-0.16569782629843163	0.04872808189788809	-0.04855427918827956	0.9999999999999999	-0.4290946435686164	0.26242335641955933	-0.10344307508487925	0.039541589339305	-0.46397461098446374	0.2551031077671467	-0.24772637867398326	0.08831847549861926	-0.043979604572144636	0.20617136440898817	-0.15131778325657821	0.1715082947747478	-0.10938596401956188	0.09680405339463877	-0.1661694694134041	0.17303222959366749	-0.11130730607639212	0.11220430661329488	-0.08836790107857953	0.05516462681372924	-0.04988007258566958	0.11374890294331766	-0.07907473834772467	0.1111358023436918	-0.028953717038273732	0.05975598684046806	-0.06404302994670512	0.08134335675854304	-0.0680706997725379	0.027131994368553607	-0.058360850677112275	0.048252575329135614	-0.07363396548900437	0.09756787265650965
0.2706172476982021	-0.23029424243070298	0.19206625325053184	-0.05165273564189286	0.050897658111265176	-0.4290946435686164	0.9999999999999998	-0.6913912837349222	0.10656914682370718	-0.04062141516217199	0.25196783458943084	-0.39219977494747454	0.28796452716048704	-0.09349831819378643	0.04485054376674127	-0.1731212463147501	0.1517543205379059	-0.17309448265502028	0.10496678349691406	-0.09212922671306259	0.13991938128207562	-0.15817079400253922	0.10239341309915491	-0.10423270872852854	0.08208174020816658	-0.04959524068102119	0.0449528402648448	-0.10350460909137887	0.07206667823584174	-0.10163254850409749	0.02614500424874768	-0.05404543974098403	0.058059020987852955	-0.07380410020915733	0.06185341583437277	-0.024490487158058634	0.052753565744346136	-0.0435943270832547	0.06659137938026599	-0.08830312896047254
-0.3068021221895437	0.20287279874750866	-0.243751172998314	0.06166496539389086	-0.06118033447999273	0.26242335641955933	-0.6913912837349222	0.9999999999999993	-0.1396468777265608	0.04909816138200691	-0.2561060796569365	0.2843958116398673	-0.4806753205968669	0.11780356103576674	-0.05458131539489743	0.1689490262391224	-0.1507756048054078	0.17043718558309895	-0.11915630164760013	0.10058616962460837	-0.14718586044041665	0.1586195800007034	-0.1073678111044439	0.11028272601979384	-0.08842179570955606	0.05058380508810168	-0.04611020376977826	0.10756254263336792	-0.07580695139048406	0.1064956829194146	-0.02760808379299754	0.05660954277125231	-0.06105031041155255	0.07731529815680425	-0.06491766754969333	0.025792114934956298	-0.055930134132750595	0.04598062788238119	-0.07077156366328143	0.09176383936756112
0.1297143396176154	-0.09167143092008598	0.09354833671497571	-0.14000861305494547	0.11748765320453498	-0.10344307508487925	0.10656914682370718	-0.1396468777265608	1.0000000000000013	-0.1848448350060492	0.12780940423176754	-0.1451112045348366	0.18763527091249751	-0.8065610875920275	0.16749108803351667	-0.12655463372478282	0.11846881629403404	-0.15878681572586123	0.2691863745471982	-0.2467996344737671	0.12204175147682342	-0.15860427317271367	0.14277013820041293	-0.19400722207295568	0.15928151034812643	-0.0537051351020683	0.04930282433160257	-0.1490147364207498	0.11051566399994874	-0.17174195420246027	0.03584605613964304	-0.0753138993597742	0.08222322995984858	-0.10927292853066269	0.09705758935955075	-0.03352915665414841	0.07340168600771725	-0.06090209023264995	0.09381074773467578	-0.1346420218574208
-0.0517264953188584	0.05594608511262565	-0.0583966676376848	0.18319567724543637	-0.23687846702118073	0.039541589339305	-0.04062141516217199	0.04909816138200691	-0.1848448350060492	0.9999999999999989	-0.04786031679753999	0.050036668481719275	-0.06759489398223778	0.14875234160862308	-0.9226271744854027	0.044867581321012165	-0.041223233088526615	0.052999805887598755	-0.09109862500359454	0.07423727129593558	-0.043843649343775944	0.05396058000612837	-0.04812630099394273	0.05974704673454551	-0.05359385609482936	0.01839412343692038	-0.01691142958181493	0.04886193464345423	-0.03674069116792206	0.05477095301916562	-0.012371981202723963	0.02544764604328654	-0.02785152085448599	0.03630928846967332	-0.03205247265820112	0.01152246462115816	-0.025423823976245867	0.020874070828356253	-0.03254587873780687	0.043770439309353995
0.2944826533052139	-0.15548940611298348	0.14702695700766294	-0.05349901814007437	0.05268871796104552	-0.46397461098446374	0.25196783458943084	-0.2561060796569365	0.12780940423176754	-0.04786031679753999	1.0000000000000013	-0.5009791782493089	0.2836717613123284	-0.11226544395932321	0.0528421890217805	-0.46025908706688823	0.23952873971397626	-0.27182759534315154	0.14819015205082817	-0.1337434267042352	0.25233409221844383	-0.27132425287397444	0.16095437265695034	-0.1603889944048515	0.12278300220458882	-0.08244003965568018	0.07408143668685652	-0.16232062719592205	0.11096233995327698	-0.1556383401044664	0.04020829818178608	-0.08375562654480445	0.08973880150391077	-0.11382412811221423	0.09455000212405187	-0.03773838260848296	0.08073921114603563	-0.06693183506534989	0.10156222770669722	-0.13575580200288603
-0.2695656926397184	0.14925861472163	-0.15375032173774475	0.054636846749352326	-0.05430701264854182	0.2551031077671467	-0.39219977494747454	0.2843958116398673	-0.1451112045348366	0.050036668481719275	-0.5009791782493089	0.9999999999999986	-0.5802138088780832	0.12839214609406857	-0.055855066073062225	0.2429569960169998	-0.32021605163890543	0.2514652206959212	-0.14326410859766164	0.11848220343779493	-0.20721879796817858	0.21247220721595722	-0.13815385912600414	0.13438814613294617	-0.10622731989032469	0.06399046062263694	-0.05921779166277913	0.12988400194157376	-0.09113112542439815	0.1253518637587917	-0.03327653885662647	0.06792936648981285	-0.07380852011526083	0.09209546591160936	-0.0764448643847071	0.030996161622666524	-0.06749802432989424	0.05511926278833813	-0.08532303316795672	0.10680754368461354
0.24722248597809013	-0.17250329130752096	0.16544508138414638	-0.06834860439259578	0.06589244139019951	-0.24772637867398326	0.28796452716048704	-0.4806753205968669	0.18763527091249751	-0.06759489398223778	0.2836717613123284	-0.5802138088780832	0.9999999999999996	-0.21319872108635088	0.0731740751920415	-0.2522610451921545	0.23492268866320207	-0.3064991413509096	0.17896729011191811	-0.15774188404473566	0.20205376697373897	-0.24967611244850157	0.16376769714949782	-0.17200984941224687	0.13454312930863263	-0.0778396867452627	0.07033355434747114	-0.1663857765426243	0.11564153289472197	-0.1655158070972402	0.041141366339024245	-0.08577447175457593	0.09215364616730636	-0.11807238824295889	0.09943487807797213	-0.03859983011917459	0.08294963894519487	-0.068816416909424	0.10468536513362928	-0.14214676651548366
-0.11256221270966221	0.0757051655346885	-0.07915274243404624	0.1013047741820895	-0.09804752597730117	0.08831847549861926	-0.09349831819378643	0.11780356103576674	-0.8065610875920275	0.14875234160862308	-0.11226544395932321	0.12839214609406857	-0.21319872108635088	0.9999999999999974	-0.18354207021494204	0.1050827719867186	-0.10377226237921626	0.13502572681344757	-0.40320577807612673	0.20294830040264814	-0.10354373045773872	0.1281319225890645	-0.12214804329022588	0.16006838665357034	-0.13992785055152687	0.04284863458513378	-0.03968783736668878	0.11681331327363736	-0.08876696754368214	0.13271464476074807	-0.028899044245137864	0.05965767288368367	-0.06600359915838089	0.0858682158775348	-0.07623795112826443	0.026861888572486017	-0.059600478535213386	0.04877369548936094	-0.07642087318830906	0.10197090183199081
0.056906665190475735	-0.06379245677940625	0.06401687302307282	-0.2108650691109871	0.1827876627254632	-0.043979604572144636	0.04485054376674127	-0.05458131539489743	0.16749108803351667	-0.9226271744854027	0.0528421890217805	-0.055855066073062225	0.0731740751920415	-0.18354207021494204	0.9999999999999989	-0.05044651477722284	0.04606559670555956	-0.059820889370173144	0.09838492424189532	-0.08629198014435903	0.04886511687824278	-0.061137229966854625	0.053992056476132616	-0.06803356031881129	0.060111874695983974	-0.02086179069815379	0.019137373889697308	-0.05568207818900966	0.04163344406749376	-0.06282560269966313	0.013938321269199036	-0.028842921250969485	0.03148152499157945	-0.041302242105139636	0.03650494735937464	-0.013004925565397937	0.0285854154423057	-0.02356525664873759	0.03655939130945705	-0.05027133462620115
-0.2705945526851537	0.11817252495517844	-0.12708418184084375	0.048837607555472465	-0.04912673737982811	0.20617136440898817	-0.1731212463147501	0.1689490262391224	-0.12655463372478282	0.044867581321012165	-0.46025908706688823	0.2429569960169998	-0.2522610451921545	0.1050827719867186	-0.05044651477722284	0.9999999999999966	-0.36156396577595157	0.26113761582419004	-0.15050721675439108	0.12370828646817422	-0.6433654145993175	0.2889641536087788	-0.17147697131119088	0.152406612903057	-0.11843090044115426	0.08361926915030671	-0.0788426766440062	0.14888166886592444	-0.1039590562722711	0.13611709124482804	-0.03910429154836232	0.07839393906847054	-0.08612455773778599	0.10393153543485456	-0.08398751410883418	0.0361681524537765	-0.07952478773451592	0.06389210150264495	-0.10040041089346223	0.11447746524031457
0.19104194934573493	-0.09612225217456993	0.1016573727793941	-0.0425486527098414	0.04244462485419845	-0.15131778325657821	0.1517543205379059	-0.1507756048054078	0.11846881629403404	-0.041223233088526615	0.23952873971397626	-0.32021605163890543	0.23492268866320207	-0.10377226237921626	0.04606559670555956	-0.36156396577595157	0.999999999999997	-0.735571177749095	0.16059564950878452	-0.12798772672543526	0.2585232690587194	-0.37357919274610835	0.1811999472830154	-0.15629025922665182	0.11580777528849848	-0.07777974226821645	0.07447105192464369	-0.14200925567804065	0.097227035220253	-0.12670788852847192	0.035192273576702925	-0.07134008259144257	0.07929302325519946	-0.09517877906036816	0.07658257731777202	-0.03251732028728786	0.07166338125214203	-0.057474871396589584	0.09036429912459931	-0.10282828802016517
-0.24294570957989356	0.11472766322722007	-0.12625924325926935	0.05409469191256553	-0.05438576012564285	0.1715082947747478	-0.17309448265502028	0.17043718558309895	-0.15878681572586123	0.052999805887598755	-0.27182759534315154	0.2514652206959212	-0.3064991413509096	0.13502572681344757	-0.059820889370173144	0.26113761582419004	-0.735571177749095	0.9999999999999971	-0.2392027487557984	0.15839656499350763	-0.2808736996869697	0.27427436391352633	-0.2275578688487623	0.1822347542711939	-0.14507165996899038	0.07788789984477561	-0.07603548014020924	0.16255123430640722	-0.1161078140565815	0.148989759307244	-0.04236050412004309	0.08409002418850281	-0.09472577591857044	0.11243015531097078	-0.09136612492622222	0.038908710979390956	-0.08726659465420636	0.06923243590790204	-0.11069507702909936	0.12006205786622506
0.15204498172371816	-0.0855142672401773	0.09086810584544781	-0.07154492399997231	0.06833012508443526	-0.10938596401956188	0.10496678349691406	-0.11915630164760013	0.2691863745471982	-0.09109862500359454	0.14819015205082817	-0.14326410859766164	0.17896729011191811	-0.40320577807612673	0.09838492424189532	-0.15050721675439108	0.16059564950878452	-0.2392027487557984	0.999999999999995	-0.6033732787398639	0.15866486155714304	-0.207027066402114	0.2225159626446504	-0.38213074771959493	0.28670732141516975	-0.06848676917793241	0.06407447815811605	-0.20815768407637153	0.16107102979071702	-0.25364473176315516	0.04892620348849398	-0.10216817058762277	0.11442479012642967	-0.15169553330763338	0.13600504743685368	-0.045397417799496145	0.10154577404678058	-0.08305036569683401	0.13083552147710598	-0.17829367501910712
-0.143962064028468	0.07536553429186055	-0.08305120819196771	0.060805185881066946	-0.06076602646268585	0.09680405339463877	-0.09212922671306259	0.10058616962460837	-0.2467996344737671	0.07423727129593558	-0.1337434267042352	0.11848220343779493	-0.15774188404473566	0.20294830040264814	-0.08629198014435903	0.12370828646817422	-0.12798772672543526	0.15839656499350763	-0.6033732787398639	0.9999999999999959	-0.14176754604192277	0.16435469012836335	-0.2053219818806076	0.26992545112144983	-0.6038574726298623	0.0568933917483131	-0.054212085765021276	0.17433306251006114	-0.15834847191137869	0.2412176219630188	-0.04662090621164192	0.09212241416686215	-0.10678233280769986	0.13722565112446797	-0.1379833603438026	0.0425575914821046	-0.09919081708563618	0.07856686817602254	-0.1305091711902745	0.15191029267385672
0.20368119561058598	-0.10406875059369741	0.10775112307049063	-0.045871100041381535	0.045641379452881596	-0.1661694694134041	0.13991938128207562	-0.14718586044041665	0.12204175147682342	-0.043843649343775944	0.25233409221844383	-0.20721879796817858	0.20205376697373897	-0.10354373045773872	0.04886511687824278	-0.6433654145993175	0.2585232690587194	-0.2808736996869697	0.15866486155714304	-0.14176754604192277	0.9999999999999984	-0.5414992184365168	0.2132851731000519	-0.19524205064145767	0.13766032932142974	-0.1278893363080133	0.1136439368290692	-0.1922060030793739	0.12613777854930455	-0.16692507150776986	0.04613309520275242	-0.09581653415418614	0.10382084500167599	-0.12653190268808762	0.10050402536647697	-0.04305252061638838	0.0921504764557027	-0.07521883176858589	0.1151404764773446	-0.13966258427298006
-0.25969924482088885	0.11731691005826998	-0.13070771141416074	0.05611943158138095	-0.056778993056438756	0.17303222959366749	-0.15817079400253922	0.1586195800007034	-0.15860427317271367	0.05396058000612837	-0.27132425287397444	0.21247220721595722	-0.24967611244850157	0.1281319225890645	-0.061137229966854625	0.2889641536087788	-0.37357919274610835	0.27427436391352633	-0.207027066402114	0.16435469012836335	-0.5414992184365168	0.9999999999999967	-0.4262521487812887	0.239070638043984	-0.17555934267797954	0.154450733936456	-0.18181081975430965	0.22319821680260485	-0.15407900101312322	0.18037271444044686	-0.057685896532307795	0.11350877366296475	-0.13053676252076044	0.14541655453925156	-0.1121439629195933	0.05258191668578455	-0.11766359753273518	0.09160615972269527	-0.14739035414421417	0.1438742013141374
0.16376949308186314	-0.08020052222722934	0.08796797061755156	-0.04591134194319105	0.045855298034002186	-0.11130730607639212	0.10239341309915491	-0.1073678111044439	0.14277013820041293	-0.04812630099394273	0.16095437265695034	-0.13815385912600414	0.16376769714949782	-0.12214804329022588	0.053992056476132616	-0.17147697131119088	0.1811999472830154	-0.2275578688487623	0.2225159626446504	-0.2053219818806076	0.2132851731000519	-0.4262521487812887	0.9999999999999976	-0.6043240700508095	0.2305451275947051	-0.09954639911903214	0.09662228838235117	-0.44949322401310654	0.21125809128719528	-0.23716757857016715	0.06327274169269188	-0.14003264915467134	0.16586978937272606	-0.18807381938932638	0.13206621623414702	-0.058308816946914914	0.1310054068546537	-0.10428462696609436	0.1635718274193454	-0.16762766992858044
-0.1700690165543593	0.083427501111977	-0.09262432123215629	0.05441986890869781	-0.05462088154426138	0.11220430661329488	-0.10423270872852854	0.11028272601979384	-0.19400722207295568	0.05974704673454551	-0.1603889944048515	0.13438814613294617	-0.17200984941224687	0.16006838665357034	-0.06803356031881129	0.152406612903057	-0.15629025922665182	0.1822347542711939	-0.38213074771959493	0.26992545112144983	-0.19524205064145767	0.239070638043984	-0.6043240700508095	0.9999999999999968	-0.4477730760210956	0.07732674322787898	-0.07594907095289327	0.2596018557202833	-0.23208808982874607	0.24856516087935274	-0.06193942356540411	0.12334152904437211	-0.15089324167348242	0.17960886029926104	-0.14316228358848476	0.05610372440877709	-0.1323969275588057	0.10271849726078972	-0.1718748653670521	0.16460885338174353
0.13227396423257157	-0.06727092099229867	0.07397631540042475	-0.04653309503107645	0.04617916494959557	-0.08836790107857953	0.08208174020816658	-0.08842179570955606	0.15928151034812643	-0.05359385609482936	0.12278300220458882	-0.10622731989032469	0.13454312930863263	-0.13992785055152687	0.060111874695983974	-0.11843090044115426	0.11580777528849848	-0.14507165996899038	0.28670732141516975	-0.6038574726298623	0.13766032932142974	-0.17555934267797954	0.2305451275947051	-0.4477730760210956	0.9999999999999976	-0.06101433180770487	0.05799092515475829	-0.2144744839755664	0.19767571766372688	-0.4674962702918448	0.05098837678295889	-0.1050597735809693	0.12179102519724967	-0.17102861060732336	0.17542342658483592	-0.046853613101838054	0.10811632788137915	-0.08740976877256551	0.14247083791116355	-0.20203584665838786
-0.08514197848588066	0.038733191012022154	-0.04340451374138788	0.019127235814552	-0.019384955127247274	0.05516462681372924	-0.04959524068102119	0.05058380508810168	-0.0537051351020683	0.01839412343692038	-0.08244003965568018	0.06399046062263694	-0.0778396867452627	0.04284863458513378	-0.02086179069815379	0.08361926915030671	-0.07777974226821645	0.07788789984477561	-0.06848676917793241	0.0568933917483131	-0.1278893363080133	0.154450733936456	-0.09954639911903214	0.07732674322787898	-0.06101433180770487	0.9999999999999973	-0.9585729033493109	0.1080577766639767	-0.07022252386990006	0.07005441103894924	-0.04401332154462988	0.07906337579916219	-0.07957055562121941	0.06879912390705263	-0.04446369901871872	0.03898431027157353	-0.06975554582626314	0.05028446353225241	-0.07659021484863562	0.05601510842168858
0.07550567646406786	-0.0350023288572989	0.03890692698300691	-0.01744336794497476	0.017626549891796173	-0.04988007258566958	0.0449528402648448	-0.04611020376977826	0.04930282433160257	-0.01691142958181493	0.07408143668685652	-0.05921779166277913	0.07033355434747114	-0.03968783736668878	0.019137373889697308	-0.0788426766440062	0.07447105192464369	-0.07603548014020924	0.06407447815811605	-0.054212085765021276	0.1136439368290692	-0.18181081975430965	0.09662228838235117	-0.07594907095289327	0.05799092515475829	-0.9585729033493109	0.9999999999999964	-0.1151017810748347	0.06778210916112344	-0.06777884216087661	0.04088685923819898	-0.08238638623522801	0.07700679309226964	-0.06698495802897991	0.04244071780846289	-0.037386317119477805	0.06522217432772723	-0.0478384713588257	0.07095625678184911	-0.053791947618421515
-0.17924756946997944	0.08407827503058016	-0.09477324924913974	0.04803190232342773	-0.04872138386024951	0.11374890294331766	-0.10350460909137887	0.10756254263336792	-0.1490147364207498	0.04886193464345423	-0.16232062719592205	0.12988400194157376	-0.1663857765426243	0.11681331327363736	-0.05568207818900966	0.14888166886592444	-0.14200925567804065	0.16255123430640722	-0.20815768407637153	0.17433306251006114	-0.1922060030793739	0.22319821680260485	-0.44949322401310654	0.2596018557202833	-0.2144744839755664	0.1080577766639767	-0.1151017810748347	0.9999999999999949	-0.46433086995346956	0.2512734677026689	-0.11235545296173423	0.23817684826746818	-0.40656576960954766	0.2918309572950764	-0.15879389011148218	0.09930851829765852	-0.24289093852864643	0.1757225798909929	-0.2943747366639718	0.17848706218422633
0.12285012028282238	-0.05924581793415003	0.06620643730270129	-0.03524572075103707	0.035543732152004376	-0.07907473834772467	0.07206667823584174	-0.07580695139048406	0.11051566399994874	-0.03674069116792206	0.11096233995327698	-0.09113112542439815	0.11564153289472197	-0.08876696754368214	0.04163344406749376	-0.1039590562722711	0.097227035220253	-0.1161078140565815	0.16107102979071702	-0.15834847191137869	0.12613777854930455	-0.15407900101312322	0.21125809128719528	-0.23208808982874607	0.19767571766372688	-0.07022252386990006	0.06778210916112344	-0.46433086995346956	0.9999999999999948	-0.42853638339432987	0.07826241325634017	-0.1808421464570409	0.22551754302500715	-0.6384013202184459	0.18702450801534073	-0.07257350155561482	0.1687767465860277	-0.14747055882903	0.23725941032826275	-0.20044058062842302
-0.17762304529546344	0.0840198708396081	-0.09531612956120156	0.05210068893771473	-0.052968708579203	0.1111358023436918	-0.10163254850409749	0.1064956829194146	-0.17174195420246027	0.05477095301916562	-0.1556383401044664	0.1253518637587917	-0.1655158070972402	0.13271464476074807	-0.06282560269966313	0.13611709124482804	-0.12670788852847192	0.148989759307244	-0.25364473176315516	0.2412176219630188	-0.16692507150776986	0.18037271444044686	-0.23716757857016715	0.24856516087935274	-0.4674962702918448	0.07005441103894924	-0.06777884216087661	0.2512734677026689	-0.42853638339432987	0.9999999999999946	-0.07500687169594254	0.1438251240849528	-0.1767752054620693	0.25343755476528357	-0.440703000836675	0.06754869437445796	-0.16528828312671773	0.12935905370360884	-0.2293735208412381	0.28131562614470634
0.04434916189481237	-0.02175432008752379	0.024042151498766796	-0.012233453934768785	0.01229564618103359	-0.028953717038273732	0.02614500424874768	-0.02760808379299754	0.03584605613964304	-0.012371981202723963	0.04020829818178608	-0.03327653885662647	0.041141366339024245	-0.028899044245137864	0.013938321269199036	-0.03910429154836232	0.035192273576702925	-0.04236050412004309	0.04892620348849398	-0.04662090621164192	0.04613309520275242	-0.057685896532307795	0.06327274169269188	-0.06193942356540411	0.05098837678295889	-0.04401332154462988	0.04088685923819898	-0.11235545296173423	0.07826241325634017	-0.07500687169594254	0.9999999999999949	-0.2169737627923306	0.13505331256164654	-0.1074243675389746	0.04868974474403454	-0.9303456340754472	0.19694417219538263	-0.143298930693965	0.12377825533200058	-0.06386695020290406
-0.09340036231884004	0.04468807827640669	-0.049983655751400104	0.025217507782681992	-0.025489278237038726	0.05975598684046806	-0.05404543974098403	0.05660954277125231	-0.0753138993597742	0.02544764604328654	-0.08375562654480445	0.06792936648981285	-0.08577447175457593	0.05965767288368367	-0.028842921250969485	0.07839393906847054	-0.07134008259144257	0.08409002418850281	-0.10216817058762277	0.09212241416686215	-0.09581653415418614	0.11350877366296475	-0.14003264915467134	0.12334152904437211	-0.1050597735809693	0.07906337579916219	-0.08238638623522801	0.23817684826746818	-0.1808421464570409	0.1438251240849528	-0.2169737627923306	0.9999999999999959	-0.7149181275412189	0.22687442809164163	-0.09620492600001418	0.17290391683122985	-0.4499087528255525	0.22676636078534237	-0.28204126466794377	0.11592569766204414
0.09876448479889531	-0.047838196876520744	0.053182202274150284	-0.027302415253375966	0.027505480486689424	-0.06404302994670512	0.058059020987852955	-0.06105031041155255	0.08222322995984858	-0.02785152085448599	0.08973880150391077	-0.07380852011526083	0.09215364616730636	-0.06600359915838089	0.03148152499157945	-0.08612455773778599	0.07929302325519946	-0.09472577591857044	0.11442479012642967	-0.10678233280769986	0.10382084500167599	-0.13053676252076044	0.16586978937272606	-0.15089324167348242	0.12179102519724967	-0.07957055562121941	0.07700679309226964	-0.40656576960954766	0.22551754302500715	-0.1767752054620693	0.13505331256164654	-0.7149181275412189	0.9999999999999959	-0.3591655154652843	0.11384386085679928	-0.1322709443674349	0.2501734612597251	-0.20619684733523222	0.23113690245440283	-0.13861650800397612
-0.12824791217451445	0.0611156088710247	-0.06870632936659629	0.03552366406683732	-0.03597823039681271	0.08134335675854304	-0.07380410020915733	0.07731529815680425	-0.10927292853066269	0.03630928846967332	-0.11382412811221423	0.09209546591160936	-0.11807238824295889	0.0858682158775348	-0.041302242105139636	0.10393153543485456	-0.09517877906036816	0.11243015531097078	-0.15169553330763338	0.13722565112446797	-0.12653190268808762	0.14541655453925156	-0.18807381938932638	0.17960886029926104	-0.17102861060732336	0.06879912390705263	-0.06698495802897991	0.2918309572950764	-0.6384013202184459	0.25343755476528357	-0.1074243675389746	0.22687442809164163	-0.3591655154652843	0.9999999999999958	-0.20116963384172656	0.09680391729373332	-0.24837878466705327	0.20665804006237526	-0.4363934292020948	0.18704723849565053
0.10846429372918952	-0.05158545839197086	0.05828912023719685	-0.030960444624474944	0.031395737053580036	-0.0680706997725379	0.06185341583437277	-0.06491766754969333	0.09705758935955075	-0.03205247265820112	0.09455000212405187	-0.0764448643847071	0.09943487807797213	-0.07623795112826443	0.03650494735937464	-0.08398751410883418	0.07658257731777202	-0.09136612492622222	0.13600504743685368	-0.1379833603438026	0.10050402536647697	-0.1121439629195933	0.13206621623414702	-0.14316228358848476	0.17542342658483592	-0.04446369901871872	0.04244071780846289	-0.15879389011148218	0.18702450801534073	-0.440703000836675	0.04868974474403454	-0.09620492600001418	0.11384386085679928	-0.20116963384172656	0.999999999999995	-0.044287340091168685	0.10632041942002468	-0.08569144919573374	0.14698026707511222	-0.8132040501195024
-0.04189994652656043	0.020376124024512818	-0.02261563617903089	0.011432355199295755	-0.011513943536438219	0.027131994368553607	-0.024490487158058634	0.025792114934956298	-0.03352915665414841	0.01152246462115816	-0.03773838260848296	0.030996161622666524	-0.03859983011917459	0.026861888572486017	-0.013004925565397937	0.0361681524537765	-0.03251732028728786	0.038908710979390956	-0.045397417799496145	0.0425575914821046	-0.04305252061638838	0.05258191668578455	-0.058308816946914914	0.05610372440877709	-0.046853613101838054	0.03898431027157353	-0.037386317119477805	0.09930851829765852	-0.07257350155561482	0.06754869437445796	-0.9303456340754472	0.17290391683122985	-0.1322709443674349	0.09680391729373332	-0.044287340091168685	0.9999999999999946	-0.2531250702004341	0.13735894300285795	-0.13093430160838243	0.05710360751103686
0.08860926268704541	-0.04397025440174269	0.04836181287896372	-0.024962954852795163	0.025029143882439462	-0.058360850677112275	0.052753565744346136	-0.055930134132750595	0.07340168600771725	-0.025423823976245867	0.08073921114603563	-0.06749802432989424	0.08294963894519487	-0.059600478535213386	0.0285854154423057	-0.07952478773451592	0.07166338125214203	-0.08726659465420636	0.10154577404678058	-0.09919081708563618	0.0921504764557027	-0.11766359753273518	0.1310054068546537	-0.1323969275588057	0.10811632788137915	-0.06975554582626314	0.06522217432772723	-0.24289093852864643	0.1687767465860277	-0.16528828312671773	0.19694417219538263	-0.4499087528255525	0.2501734612597251	-0.24837878466705327	0.10632041942002468	-0.2531250702004341	0.9999999999999967	-0.6508107191006375	0.301486738997438	-0.14188747521296025
-0.07453633520308463	0.03634591302400614	-0.04033846502194968	0.02060868544529076	-0.02075265030642908	0.048252575329135614	-0.0435943270832547	0.04598062788238119	-0.06090209023264995	0.020874070828356253	-0.06693183506534989	0.05511926278833813	-0.068816416909424	0.04877369548936094	-0.02356525664873759	0.06389210150264495	-0.057474871396589584	0.06923243590790204	-0.08305036569683401	0.07856686817602254	-0.07521883176858589	0.09160615972269527	-0.10428462696609436	0.10271849726078972	-0.08740976877256551	0.05028446353225241	-0.0478384713588257	0.1757225798909929	-0.14747055882903	0.12935905370360884	-0.143298930693965	0.22676636078534237	-0.20619684733523222	0.20665804006237526	-0.08569144919573374	0.13735894300285795	-0.6508107191006375	0.9999999999999964	-0.6286235178694838	0.10868600114247046
0.11139903064092885	-0.05562647428645382	0.06104953125886745	-0.031813842050845885	0.03186114623742468	-0.07363396548900437	0.06659137938026599	-0.07077156366328143	0.09381074773467578	-0.03254587873780687	0.10156222770669722	-0.08532303316795672	0.10468536513362928	-0.07642087318830906	0.03655939130945705	-0.10040041089346223	0.09036429912459931	-0.11069507702909936	0.13083552147710598	-0.1305091711902745	0.1151404764773446	-0.14739035414421417	0.1635718274193454	-0.1718748653670521	0.14247083791116355	-0.07659021484863562	0.07095625678184911	-0.2943747366639718	0.23725941032826275	-0.2293735208412381	0.12377825533200058	-0.28204126466794377	0.23113690245440283	-0.4363934292020948	0.14698026707511222	-0.13093430160838243	0.301486738997438	-0.6286235178694838	0.9999999999999968	-0.19616311661913396
-0.16002677001161478	0.07393640835990618	-0.08476751106625938	0.04333626406349468	-0.044334451376211795	0.09756787265650965	-0.08830312896047254	0.09176383936756112	-0.1346420218574208	0.043770439309353995	-0.13575580200288603	0.10680754368461354	-0.14214676651548366	0.10197090183199081	-0.05027133462620115	0.11447746524031457	-0.10282828802016517	0.12006205786622506	-0.17829367501910712	0.15191029267385672	-0.13966258427298006	0.1438742013141374	-0.16762766992858044	0.16460885338174353	-0.20203584665838786	0.05601510842168858	-0.053791947618421515	0.17848706218422633	-0.20044058062842302	0.28131562614470634	-0.06386695020290406	0.11592569766204414	-0.13861650800397612	0.18704723849565053	-0.8132040501195024	0.05710360751103686	-0.14188747521296025	0.10868600114247046	-0.19616311661913396	0.9999999999999967
