1.0000000000000002	-0.47193280393759046	0.23820584414475304	-0.28184549282059956	0.2190615118886536	-0.6263068721005739	0.31769614522190426	-0.28073540885752885	0.1912667173677243	-0.22442509881274933	0.2580737228284196	-0.2571131056374718	0.20675980045231326	-0.17458761657168806	0.16478757378655867	-0.2570506381118064	0.18443679644072838	-0.2067554941830082	0.1414843578613036	-0.15595408627351648	0.11346743910393323	-0.09181273198398879	0.09671543811540757	-0.11426517569893654	0.117111190334838	-0.08614563179216257	0.08362023500441759	-0.08293214008687366	0.09484546352388414	-0.08685849940173893	0.13953396374138513	-0.08715523400946541	0.07281756862352282	-0.11560506076305647	0.12437903762489036
-0.47193280393759046	1.0000000000000004	-0.4804211288350481	0.2693155707842888	-0.23242278236916913	0.2807718689188421	-0.5921880139862362	0.28286566092506976	-0.19310826070588552	0.18508397250751696	-0.18943713839553533	0.1986781834093591	-0.19144968107320745	0.15135935709647158	-0.14929515077458683	0.16067560640078132	-0.14456457946133983	0.14892380984370948	-0.11716621906031689	0.12347006450756623	-0.09477871040139485	0.07485560608143303	-0.08061815546096017	0.09267707068865541	-0.10234434096741395	0.071136802096603	-0.06970235197090976	0.06869068958639396	-0.0800449945708165	0.07370121626700518	-0.12389149626519501	0.07160087273611297	-0.060724180662583754	0.09527650519481658	-0.10985034626450431
0.23820584414475304	-0.4804211288350481	1.0000000000000002	-0.6339850050188751	0.23432197279512196	-0.18993637026474458	0.2625032382302977	-0.46151486000837305	0.23204929379196876	-0.2110360110296168	0.147052612238426	-0.18336866222804804	0.1873309352909302	-0.16826631603925143	0.15513527293943838	-0.13692071880349221	0.12817640751141712	-0.14087170199258384	0.11491763962010562	-0.123239932644394	0.08796979392190847	-0.0706742009752242	0.07686315816464738	-0.08926479551962144	0.09806454648688556	-0.0665106835725777	0.06588338323002069	-0.06539319306791487	0.07645817819381073	-0.0706318393583945	0.1168669938687373	-0.06804970452380787	0.057764964569335546	-0.09105875539398058	0.10489427232538527
-0.28184549282059956	0.2693155707842888	-0.6339850050188751	1.000000000000001	-0.4277473018811374	0.19230190274987638	-0.25253040352301714	0.3015337893790348	-0.34627975808081524	0.2565574739153919	-0.17295801161776783	0.196533142791174	-0.21602317461009937	0.20535369560690525	-0.2081752908101053	0.15916639441572333	-0.1612679713211334	0.17019576237319847	-0.15103731600997014	0.15817633489646113	-0.12309373805272332	0.097152818369078	-0.10574612519856391	0.12037539642524488	-0.14023798760895503	0.09289567892274248	-0.09184400684026024	0.09082027298347568	-0.10690450110216691	0.09950329944855663	-0.17036402354654337	0.09457527917900821	-0.08077561857606148	0.1274348149188879	-0.15269556606172224
0.2190615118886536	-0.23242278236916913	0.23432197279512196	-0.4277473018811374	1.0000000000000009	-0.19141616564030725	0.20125267688225978	-0.29863002407558836	0.25534715505751104	-0.4281871507195092	0.18211375853523337	-0.23798778030445206	0.21685603876107898	-0.23298014548770746	0.2269712926090149	-0.20085830961714837	0.18752140277971666	-0.23116402721553742	0.18714767543509944	-0.2195332157767166	0.1652052986028064	-0.13819544997964894	0.14492655268390423	-0.17219013661317187	0.1919619091640042	-0.1287818383592789	0.1293588698214544	-0.13185228122582054	0.15103116534699118	-0.14332569451092858	0.23245547212095055	-0.14162039247844377	0.11822428839177929	-0.20243041942905426	0.2201766716637781
-0.6263068721005739	0.2807718689188421	-0.18993637026474458	0.19230190274987638	-0.19141616564030725	1.0000000000000013	-0.49800145765468695	0.22590357753811136	-0.1592090964900904	0.1683182257322373	-0.427907356721118	0.22776259669657126	-0.19339837182114597	0.14128716168712968	-0.13853303388593402	0.23149749102435851	-0.17913060061000094	0.16752316733602518	-0.11869724712483791	0.12421198803291306	-0.10003165856171199	0.07711705413168961	-0.08146740147131462	0.09369603243434307	-0.09890210493371232	0.07375661402882848	-0.07073942292854751	0.06893942044540467	-0.07938033324500782	0.07216783353130786	-0.12107698076945528	0.071986284921561	-0.06063282036092512	0.0942499598096475	-0.10509697141697016
0.31769614522190426	-0.5921880139862362	0.2625032382302977	-0.25253040352301714	0.20125267688225978	-0.49800145765468695	1.0000000000000004	-0.41333943995404027	0.19703495381516248	-0.1959159114410656	0.2192426943089475	-0.27185692272329	0.2120475761020489	-0.16313917038666556	0.1509278808846907	-0.1880614918435405	0.1527495901589867	-0.16133697337465885	0.11951258055492517	-0.1274431758347782	0.09289261102171789	-0.07399069555504434	0.07945503049360886	-0.09250530483129207	0.09810576227679407	-0.06977380604196794	0.06814644724501681	-0.06722343154939127	0.07793742674400674	-0.07135603648991523	0.11725117331348033	-0.07001798814365023	0.059121449593032484	-0.09253855933187202	0.10397458926016391
-0.28073540885752885	0.28286566092506976	-0.46151486000837305	0.3015337893790348	-0.29863002407558836	0.22590357753811136	-0.41333943995404027	1.0000000000000002	-0.45886692048254	0.2698000074566083	-0.2002948447659281	0.25043562624582466	-0.36265426736608186	0.24412473420768646	-0.2297718882085051	0.1749385451012344	-0.17676742930414424	0.18841680712457012	-0.16081437962959896	0.16578717483318475	-0.11798794479985114	0.09394623624441721	-0.10353429889758622	0.11899946512055581	-0.1324005010995544	0.08859062826208441	-0.08795961182425657	0.08693296651814526	-0.10245015752439145	0.09427960021592124	-0.15727058289719723	0.08987707650535581	-0.07675254052094568	0.11948858555606019	-0.14036870139955557
0.1912667173677243	-0.19310826070588552	0.23204929379196876	-0.34627975808081524	0.25534715505751104	-0.1592090964900904	0.19703495381516248	-0.45886692048254	1.0000000000000004	-0.5538866982468416	0.15126103262272855	-0.20824048932326125	0.23739780220685916	-0.4877399640624489	0.286465364065018	-0.14577718763660175	0.15001266629989235	-0.17349794073253955	0.16910011384256646	-0.18557686257876102	0.10410384639823601	-0.08619030345630917	0.09736096645576561	-0.11611159642158042	0.1224226703769468	-0.07897293631816689	0.08019792173015712	-0.08042223884568729	0.09534858181048535	-0.0877211757767134	0.1383508474350977	-0.08244198295726039	0.0704351925861543	-0.10962782624466152	0.1260854728289227
-0.22442509881274933	0.18508397250751696	-0.2110360110296168	0.2565574739153919	-0.4281871507195092	0.1683182257322373	-0.1959159114410656	0.2698000074566083	-0.5538866982468416	0.9999999999999994	-0.17478307235205862	0.20931244094026213	-0.24262379602142192	0.3039632334416391	-0.4593590377505363	0.1683399943128845	-0.18545362350605996	0.1995927661717014	-0.21423175408973583	0.2257917798482475	-0.14773707745619846	0.118896972455265	-0.1342042043129592	0.15307743427486123	-0.17989416113247914	0.11181139831730502	-0.11287348912769088	0.11236904470493783	-0.13470396116203157	0.1251004602024197	-0.20602895268627572	0.11536344180178101	-0.09945470564222907	0.15467584326175493	-0.18827998036051202
0.2580737228284196	-0.18943713839553533	0.147052612238426	-0.17295801161776783	0.18211375853523337	-0.427907356721118	0.2192426943089475	-0.2002948447659281	0.15126103262272855	-0.17478307235205862	0.9999999999999983	-0.41911733104762944	0.23619340915887324	-0.15843557175996617	0.1500586073788661	-0.6360794799419873	0.2565829012898539	-0.24472764658518203	0.14289771836787157	-0.15036547601184236	0.12464001676661954	-0.09411920711093927	0.09554356142158192	-0.11123409028154031	0.108871581966046	-0.09184424771611753	0.08350358159798131	-0.08028629214438446	0.09061031932108306	-0.08110594608586956	0.13283935496370655	-0.084015468356088	0.06982404797008221	-0.10710391015834123	0.11375854674015615
-0.2571131056374718	0.1986781834093591	-0.18336866222804804	0.196533142791174	-0.23798778030445206	0.22776259669657126	-0.27185692272329	0.25043562624582466	-0.20824048932326125	0.20931244094026213	-0.41911733104762944	0.9999999999999978	-0.6708641403530519	0.22589051766405385	-0.21885463394800994	0.24898566913169362	-0.2637201216088412	0.23738019267372237	-0.1722368413148815	0.1703984767921727	-0.125025876568819	0.09828785160585038	-0.1074264199894592	0.1230619622990296	-0.12926975933122006	0.09212906849566804	-0.09046267407602869	0.0882981367827477	-0.10321498326711157	0.09314913564436458	-0.15422411331916372	0.09100325548950142	-0.07739534608824791	0.11842281442347989	-0.13456223681173185
0.20675980045231326	-0.19144968107320745	0.1873309352909302	-0.21602317461009937	0.21685603876107898	-0.19339837182114597	0.2120475761020489	-0.36265426736608186	0.23739780220685916	-0.24262379602142192	0.23619340915887324	-0.6708641403530519	0.9999999999999989	-0.367465572283317	0.23367277853322857	-0.22437078017980036	0.2206638110972451	-0.31090118743029904	0.18389832924959787	-0.1923464932118678	0.11357153139803305	-0.09395554224167152	0.10454533240538233	-0.12498808984239233	0.12335873602499743	-0.08553013338528773	0.08559184339440133	-0.08509477806691938	0.09949722963032184	-0.09007090213806809	0.14076587769323273	-0.08729238151364416	0.07399022435918515	-0.11396656424981409	0.12598021806575452
-0.17458761657168806	0.15135935709647158	-0.16826631603925143	0.20535369560690525	-0.23298014548770746	0.14128716168712968	-0.16313917038666556	0.24412473420768646	-0.4877399640624489	0.3039632334416391	-0.15843557175996617	0.22589051766405385	-0.367465572283317	0.999999999999999	-0.6243113924379804	0.15059396254657037	-0.17090120360425276	0.19817939102019466	-0.2625772140203491	0.24407524790028454	-0.11114159374474214	0.09453022265226045	-0.11285850162951873	0.13583975439344773	-0.13596409771809928	0.08411037229187752	-0.08770583096748781	0.08844307889124643	-0.10696314872132369	0.09640207314534421	-0.14435814087637378	0.08886986418401112	-0.07663066748129582	0.11654172924201507	-0.132759054684604
0.16478757378655867	-0.14929515077458683	0.15513527293943838	-0.2081752908101053	0.2269712926090149	-0.13853303388593402	0.1509278808846907	-0.2297718882085051	0.286465364065018	-0.4593590377505363	0.1500586073788661	-0.21885463394800994	0.23367277853322857	-0.6243113924379804	0.9999999999999987	-0.15516169891673723	0.16850657739748673	-0.2135279745532911	0.2508534729633263	-0.42469030512529504	0.11447919565466166	-0.10074711357547683	0.11905105267983224	-0.150023247813165	0.14668066290335935	-0.08766365538378532	0.09248200619904255	-0.09486021045446143	0.1137895524465378	-0.10595750625471884	0.1474917563818643	-0.09531512410303186	0.08159299050741171	-0.1258173807196997	0.13828225367453165
-0.2570506381118064	0.16067560640078132	-0.13692071880349221	0.15916639441572333	-0.20085830961714837	0.23149749102435851	-0.1880614918435405	0.1749385451012344	-0.14577718763660175	0.1683399943128845	-0.6360794799419873	0.24898566913169362	-0.22437078017980036	0.15059396254657037	-0.15516169891673723	0.9999999999999983	-0.5241153817289701	0.26395391681341024	-0.16147670644328227	0.15596560230859519	-0.17999844120222927	0.11470212586851657	-0.11312323327736107	0.12568561239226117	-0.12408745928711214	0.11609599504627156	-0.10169720192046774	0.09357266987415738	-0.10488121187234552	0.09189168126414642	-0.16207655929322407	0.09773375948306874	-0.08148194409841401	0.12129747294429837	-0.1302418562015684
0.18443679644072838	-0.14456457946133983	0.12817640751141712	-0.1612679713211334	0.18752140277971666	-0.17913060061000094	0.1527495901589867	-0.17676742930414424	0.15001266629989235	-0.18545362350605996	0.2565829012898539	-0.2637201216088412	0.2206638110972451	-0.17090120360425276	0.16850657739748673	-0.5241153817289701	0.9999999999999972	-0.6578630481681227	0.21753094833558198	-0.21903621027020284	0.13969073358577277	-0.12508069348179984	0.12621260774697382	-0.1513121288023908	0.13233826313571811	-0.1049638657552219	0.10405984422049624	-0.10047757861052715	0.11356184645097002	-0.10006990103783504	0.15180780226376422	-0.10311018643612603	0.08590313731126831	-0.12895103539437536	0.1332840303598569
-0.2067554941830082	0.14892380984370948	-0.14087170199258384	0.17019576237319847	-0.23116402721553742	0.16752316733602518	-0.16133697337465885	0.18841680712457012	-0.17349794073253955	0.1995927661717014	-0.24472764658518203	0.23738019267372237	-0.31090118743029904	0.19817939102019466	-0.2135279745532911	0.26395391681341024	-0.6578630481681227	0.9999999999999961	-0.402246978370704	0.24999948660092572	-0.15119259272221566	0.13059412733132905	-0.15862861109319645	0.17991952771812814	-0.16384644709390417	0.11192537881252693	-0.11725906410516203	0.11518864288633722	-0.1374672717708914	0.11822137392201022	-0.18154741163241547	0.11464394651708108	-0.09886140559366155	0.14501499427200187	-0.1611400392172485
0.1414843578613036	-0.11716621906031689	0.11491763962010562	-0.15103731600997014	0.18714767543509944	-0.11869724712483791	0.11951258055492517	-0.16081437962959896	0.16910011384256646	-0.21423175408973583	0.14289771836787157	-0.1722368413148815	0.18389832924959787	-0.2625772140203491	0.2508534729633263	-0.16147670644328227	0.21753094833558198	-0.402246978370704	0.9999999999999973	-0.693678844856552	0.13664692063693862	-0.13864304322827664	0.18903564107587506	-0.3396800726127284	0.18060661339109382	-0.10570860168649936	0.12167651777053184	-0.13000601749243237	0.16166743626307017	-0.13704627234510527	0.16436006263507913	-0.12189916946860374	0.1058385975385655	-0.15357595682813663	0.15804667338235046
-0.15595408627351648	0.12347006450756623	-0.123239932644394	0.15817633489646113	-0.2195332157767166	0.12421198803291306	-0.1274431758347782	0.16578717483318475	-0.18557686257876102	0.2257917798482475	-0.15036547601184236	0.1703984767921727	-0.1923464932118678	0.24407524790028454	-0.42469030512529504	0.15596560230859519	-0.21903621027020284	0.24999948660092572	-0.693678844856552	0.9999999999999958	-0.1469327618391858	0.13606574181067566	-0.1854400473973349	0.2234045145399543	-0.245122763986181	0.11199812910298966	-0.1266962263412482	0.13149750493056864	-0.1690647981411183	0.15389559352846952	-0.1842512703759922	0.12554712371439625	-0.11108590278498909	0.1620465468045609	-0.18131626423070304
0.11346743910393323	-0.09477871040139485	0.08796979392190847	-0.12309373805272332	0.1652052986028064	-0.10003165856171199	0.09289261102171789	-0.11798794479985114	0.10410384639823601	-0.14773707745619846	0.12464001676661954	-0.125025876568819	0.11357153139803305	-0.11114159374474214	0.11447919565466166	-0.17999844120222927	0.13969073358577277	-0.15119259272221566	0.13664692063693862	-0.1469327618391858	0.9999999999999959	-0.4160411124415906	0.22158091213592482	-0.2269370368005667	0.17203877442980572	-0.6801095547714673	0.2856933648045637	-0.21503761968776378	0.19009445462664246	-0.1480512990566731	0.3063799448513911	-0.24261854654930984	0.17769536460517057	-0.24285446256416698	0.19338075718242353
-0.09181273198398879	0.07485560608143303	-0.0706742009752242	0.097152818369078	-0.13819544997964894	0.07711705413168961	-0.07399069555504434	0.09394623624441721	-0.08619030345630917	0.118896972455265	-0.09411920711093927	0.09828785160585038	-0.09395554224167152	0.09453022265226045	-0.10074711357547683	0.11470212586851657	-0.12508069348179984	0.13059412733132905	-0.13864304322827664	0.13606574181067566	-0.4160411124415906	0.9999999999999957	-0.5096931171336595	0.26245178483557097	-0.1855330900175473	0.2645581338819263	-0.5742315962839336	0.25490120897880486	-0.2375324975512554	0.15367676934013433	-0.2735795894171436	0.2453921994418301	-0.2128029836155018	0.21136774401604433	-0.19584866289710343
0.09671543811540757	-0.08061815546096017	0.07686315816464738	-0.10574612519856391	0.14492655268390423	-0.08146740147131462	0.07945503049360886	-0.10353429889758622	0.09736096645576561	-0.1342042043129592	0.09554356142158192	-0.1074264199894592	0.10454533240538233	-0.11285850162951873	0.11905105267983224	-0.11312323327736107	0.12621260774697382	-0.15862861109319645	0.18903564107587506	-0.1854400473973349	0.22158091213592482	-0.5096931171336595	0.9999999999999941	-0.633379106846149	0.19123921585190085	-0.18600310386899796	0.2631463675063478	-0.33072068085682454	0.2611510112767625	-0.17209457541206882	0.21544859908713865	-0.24181495071704087	0.2005091300389645	-0.22980700169635765	0.19456941981027598
-0.11426517569893654	0.09267707068865541	-0.08926479551962144	0.12037539642524488	-0.17219013661317187	0.09369603243434307	-0.09250530483129207	0.11899946512055581	-0.11611159642158042	0.15307743427486123	-0.11123409028154031	0.1230619622990296	-0.12498808984239233	0.13583975439344773	-0.150023247813165	0.12568561239226117	-0.1513121288023908	0.17991952771812814	-0.3396800726127284	0.2234045145399543	-0.2269370368005667	0.26245178483557097	-0.633379106846149	0.9999999999999958	-0.2559993212790467	0.17220587589878616	-0.2371746151241277	0.2547542851648121	-0.4099361695072838	0.20652999218807888	-0.2468449031278095	0.2052980747353465	-0.19527035825594685	0.2331592950142947	-0.23666611633420623
0.117111190334838	-0.10234434096741395	0.09806454648688556	-0.14023798760895503	0.1919619091640042	-0.09890210493371232	0.09810576227679407	-0.1324005010995544	0.1224226703769468	-0.17989416113247914	0.108871581966046	-0.12926975933122006	0.12335873602499743	-0.13596409771809928	0.14668066290335935	-0.12408745928711214	0.13233826313571811	-0.16384644709390417	0.18060661339109382	-0.245122763986181	0.17203877442980572	-0.1855330900175473	0.19123921585190085	-0.2559993212790467	0.9999999999999957	-0.14442662364974734	0.17304025197066839	-0.22717522315356836	0.27902990452118775	-0.6988040331476064	0.22057109073244954	-0.21544411616194367	0.18052661116575067	-0.3336052345174216	0.30184313529251067
-0.08614563179216257	0.071136802096603	-0.0665106835725777	0.09289567892274248	-0.1287818383592789	0.07375661402882848	-0.06977380604196794	0.08859062826208441	-0.07897293631816689	0.11181139831730502	-0.09184424771611753	0.09212906849566804	-0.08553013338528773	0.08411037229187752	-0.08766365538378532	0.11609599504627156	-0.1049638657552219	0.11192537881252693	-0.10570860168649936	0.11199812910298966	-0.6801095547714673	0.2645581338819263	-0.18600310386899796	0.17220587589878616	-0.14442662364974734	0.9999999999999938	-0.38977989244939254	0.18756920238828628	-0.16725970288506983	0.12205158496376443	-0.5102116010399974	0.20654084540461168	-0.16132140686917218	0.19214243430081146	-0.16155357348603291
0.08362023500441759	-0.06970235197090976	0.06588338323002069	-0.09184400684026024	0.1293588698214544	-0.07073942292854751	0.06814644724501681	-0.08795961182425657	0.08019792173015712	-0.11287348912769088	0.08350358159798131	-0.09046267407602869	0.08559184339440133	-0.08770583096748781	0.09248200619904255	-0.10169720192046774	0.10405984422049624	-0.11725906410516203	0.12167651777053184	-0.1266962263412482	0.2856933648045637	-0.5742315962839336	0.2631463675063478	-0.2371746151241277	0.17304025197066839	-0.38977989244939254	0.9999999999999922	-0.4058031510136351	0.23501064260368015	-0.1563259392660811	0.25668643605337976	-0.43157955251857283	0.2597597714842531	-0.2345380902210982	0.1895405316667356
-0.08293214008687366	0.06869068958639396	-0.06539319306791487	0.09082027298347568	-0.13185228122582054	0.06893942044540467	-0.06722343154939127	0.08693296651814526	-0.08042223884568729	0.11236904470493783	-0.08028629214438446	0.0882981367827477	-0.08509477806691938	0.08844307889124643	-0.09486021045446143	0.09357266987415738	-0.10047757861052715	0.11518864288633722	-0.13000601749243237	0.13149750493056864	-0.21503761968776378	0.25490120897880486	-0.33072068085682454	0.2547542851648121	-0.22717522315356836	0.18756920238828628	-0.4058031510136351	0.9999999999999923	-0.5408515533513564	0.21131999596867182	-0.23739272866279815	0.30290860558575744	-0.5017307663342433	0.26881147034498964	-0.2321413455593017
0.09484546352388414	-0.0800449945708165	0.07645817819381073	-0.10690450110216691	0.15103116534699118	-0.07938033324500782	0.07793742674400674	-0.10245015752439145	0.09534858181048535	-0.13470396116203157	0.09061031932108306	-0.10321498326711157	0.09949722963032184	-0.10696314872132369	0.1137895524465378	-0.10488121187234552	0.11356184645097002	-0.1374672717708914	0.16166743626307017	-0.1690647981411183	0.19009445462664246	-0.2375324975512554	0.2611510112767625	-0.4099361695072838	0.27902990452118775	-0.16725970288506983	0.23501064260368015	-0.5408515533513564	0.9999999999999915	-0.4382408497293786	0.22153341974660587	-0.27043505587199174	0.2547600464463292	-0.37594212125698484	0.2680116242065174
-0.08685849940173893	0.07370121626700518	-0.0706318393583945	0.09950329944855663	-0.14332569451092858	0.07216783353130786	-0.07135603648991523	0.09427960021592124	-0.0877211757767134	0.1251004602024197	-0.08110594608586956	0.09314913564436458	-0.09007090213806809	0.09640207314534421	-0.10595750625471884	0.09189168126414642	-0.10006990103783504	0.11822137392201022	-0.13704627234510527	0.15389559352846952	-0.1480512990566731	0.15367676934013433	-0.17209457541206882	0.20652999218807888	-0.6988040331476064	0.12205158496376443	-0.1563259392660811	0.21131999596867182	-0.4382408497293786	0.9999999999999908	-0.18945954244464303	0.17638533848058272	-0.16844886137687878	0.26948157492549324	-0.43488302259269973
0.13953396374138513	-0.12389149626519501	0.1168669938687373	-0.17036402354654337	0.23245547212095055	-0.12107698076945528	0.11725117331348033	-0.15727058289719723	0.1383508474350977	-0.20602895268627572	0.13283935496370655	-0.15422411331916372	0.14076587769323273	-0.14435814087637378	0.1474917563818643	-0.16207655929322407	0.15180780226376422	-0.18154741163241547	0.16436006263507913	-0.1842512703759922	0.3063799448513911	-0.2735795894171436	0.21544859908713865	-0.2468449031278095	0.22057109073244954	-0.5102116010399974	0.25668643605337976	-0.23739272866279815	0.22153341974660587	-0.18945954244464303	0.9999999999999913	-0.2949605819866392	0.20922521749580245	-0.34918212788481207	0.2610178279439006
-0.08715523400946541	0.07160087273611297	-0.06804970452380787	0.09457527917900821	-0.14162039247844377	0.071986284921561	-0.07001798814365023	0.08987707650535581	-0.08244198295726039	0.11536344180178101	-0.084015468356088	0.09100325548950142	-0.08729238151364416	0.08886986418401112	-0.09531512410303186	0.09773375948306874	-0.10311018643612603	0.11464394651708108	-0.12189916946860374	0.12554712371439625	-0.24261854654930984	0.2453921994418301	-0.24181495071704087	0.2052980747353465	-0.21544411616194367	0.20654084540461168	-0.43157955251857283	0.30290860558575744	-0.27043505587199174	0.17638533848058272	-0.2949605819866392	0.9999999999999913	-0.6733502262037955	0.2735227450677659	-0.2554854042594232
0.07281756862352282	-0.060724180662583754	0.057764964569335546	-0.08077561857606148	0.11822428839177929	-0.06063282036092512	0.059121449593032484	-0.07675254052094568	0.0704351925861543	-0.09945470564222907	0.06982404797008221	-0.07739534608824791	0.07399022435918515	-0.07663066748129582	0.08159299050741171	-0.08148194409841401	0.08590313731126831	-0.09886140559366155	0.1058385975385655	-0.11108590278498909	0.17769536460517057	-0.2128029836155018	0.2005091300389645	-0.19527035825594685	0.18052661116575067	-0.16132140686917218	0.2597597714842531	-0.5017307663342433	0.2547600464463292	-0.16844886137687878	0.20922521749580245	-0.6733502262037955	0.9999999999999912	-0.38984743830092816	0.21824439900631576
-0.11560506076305647	0.09527650519481658	-0.09105875539398058	0.1274348149188879	-0.20243041942905426	0.0942499598096475	-0.09253855933187202	0.11948858555606019	-0.10962782624466152	0.15467584326175493	-0.10710391015834123	0.11842281442347989	-0.11396656424981409	0.11654172924201507	-0.1258173807196997	0.12129747294429837	-0.12895103539437536	0.14501499427200187	-0.15357595682813663	0.1620465468045609	-0.24285446256416698	0.21136774401604433	-0.22980700169635765	0.2331592950142947	-0.3336052345174216	0.19214243430081146	-0.2345380902210982	0.26881147034498964	-0.37594212125698484	0.26948157492549324	-0.34918212788481207	0.2735227450677659	-0.38984743830092816	0.9999999999999917	-0.5803132452453198
0.12437903762489036	-0.10985034626450431	0.10489427232538527	-0.15269556606172224	0.2201766716637781	-0.10509697141697016	0.10397458926016391	-0.14036870139955557	0.1260854728289227	-0.18827998036051202	0.11375854674015615	-0.13456223681173185	0.12598021806575452	-0.132759054684604	0.13828225367453165	-0.1302418562015684	0.1332840303598569	-0.1611400392172485	0.15804667338235046	-0.18131626423070304	0.19338075718242353	-0.19584866289710343	0.19456941981027598	-0.23666611633420623	0.30184313529251067	-0.16155357348603291	0.1895405316667356	-0.2321413455593017	0.2680116242065174	-0.43488302259269973	0.2610178279439006	-0.2554854042594232	0.21824439900631576	-0.5803132452453198	0.9999999999999918
