1.0	-0.4162218531859705	0.19381996450369132	-0.21387973819259942	0.08259556716595298	-0.7991385582074474	0.2550219706946844	-0.17551084936833625	0.16083656918858222	-0.07437322143128319	0.15154256752110862	-0.23366067399673035	0.14951550798906976	-0.15559813963523889	0.07360284025461784	-0.0988173338483107	0.12206203581608743	-0.10032591304863213	0.1679707546220326	-0.06831856325260158	0.0850722863880796	-0.08498250823337802	0.08636549389666152	-0.06845631222462897	0.06868327741643336	-0.08773879765415148	0.07255040488942437	-0.07037492016442273	0.0626747894355839	-0.06185477735943253	0.059206233294406434	-0.07944089988289363	0.062186099979741165	-0.08416631627919433	0.07537935311443571	-0.05838216935333848	0.0736208714905353	-0.06471323881217776	0.04787562106218524	-0.05462741965646395
-0.4162218531859705	1.0000000000000002	-0.5423057616172064	0.305745050103389	-0.14378280696020918	0.26868798097755725	-0.3666195351335516	0.26296132250861387	-0.273018139846283	0.1216243360763519	-0.21922886523704074	0.2545297341998283	-0.22486824391334576	0.21232543454539904	-0.13000534650600593	0.132816510220489	-0.2015030507344241	0.15917695017919795	-0.31118789601260616	0.116573473624856	-0.12973885622965342	0.12931830490052482	-0.1402609894765156	0.11053112885271457	-0.11357850832697096	0.12698884966698284	-0.11237947981815558	0.10930701183694924	-0.10043410168834067	0.0982999023963103	-0.09128600031645369	0.11994963982159236	-0.09791156704856213	0.12924773085763322	-0.12405750667515053	0.08866781185536907	-0.11837564110754062	0.10003214759899634	-0.07541937618711492	0.08540020885276522
0.19381996450369132	-0.5423057616172064	1.0000000000000002	-0.6029879489931125	0.12857817112751052	-0.1839260135533833	0.22745256519829068	-0.43226536792040304	0.2682697669680823	-0.11547224481276472	0.14275824293510767	-0.21845016021932573	0.20617969200141184	-0.21221465169506024	0.09681109054910542	-0.09070579468653976	0.13693256165355275	-0.11318879902263064	0.2071616119756304	-0.08913000179021006	0.08750586768765928	-0.08973048424787035	0.09634855865244421	-0.0768561103730926	0.0782568335759826	-0.08798602330871544	0.077275190520731	-0.07600586406586873	0.06933339536695297	-0.06844220022770107	0.06265311179664095	-0.0834116458450973	0.0675802360345914	-0.0906702665697015	0.08444275101376574	-0.06133993193542044	0.08051684529138184	-0.06963928032607739	0.05217528014804979	-0.05932318067151969
-0.21387973819259942	0.305745050103389	-0.6029879489931125	1.0000000000000002	-0.23511661979456885	0.18434493165389393	-0.23050059338565754	0.27640195345475865	-0.36924993938358996	0.1760589586444745	-0.22685294677274184	0.21845310521661618	-0.22575518980775505	0.2303087007663685	-0.15914438726234045	0.13863483961539805	-0.21436833607229527	0.1720474695158162	-0.35435246173412016	0.14160444887091148	-0.13912646874273382	0.13989888790026367	-0.1539959731387853	0.12253368490260684	-0.12697288605627163	0.13636371422508425	-0.12224360339695658	0.11979886445430721	-0.11111958061873507	0.10889887021841631	-0.09957596106342513	0.13064045331170665	-0.10763294679986829	0.14220610751071783	-0.13807377235555088	0.09673398227664086	-0.13058088236262763	0.10987642933781304	-0.08319865991947366	0.09417844439473534
0.08259556716595298	-0.14378280696020918	0.12857817112751052	-0.23511661979456885	1.0000000000000007	-0.08604744113812421	0.09873787642999442	-0.13060328914577746	0.16727997043066506	-0.8885682466503511	0.08941797155627729	-0.11152704609149042	0.1038312821461882	-0.13582557508018184	0.2007756098317382	-0.06298370454516519	0.09230414968455418	-0.0855956000695523	0.15958170414784845	-0.21256845547910877	0.06220220885483957	-0.06970301617507312	0.07537449390807135	-0.06841700628482822	0.0714575474314117	-0.06754183833430388	0.05953567614563605	-0.06259264722804811	0.05814542082568609	-0.06104818966353946	0.04798840040914322	-0.06662614800588819	0.054384502057473985	-0.07821030533358703	0.0662169269772802	-0.04817193590118633	0.060783363566598074	-0.05767920961157473	0.042696414217354026	-0.04927817021231514
-0.7991385582074474	0.26868798097755725	-0.1839260135533833	0.18434493165389393	-0.08604744113812421	1.0000000000000002	-0.3837835278390604	0.1728847406506554	-0.17048979871706538	0.07551117003468791	-0.1910852138764654	0.22571358477178188	-0.1586183433201319	0.15143428354170854	-0.08018979517783026	0.1091188701517456	-0.13701388205461648	0.10857159302393579	-0.19055139954651973	0.07328665576270121	-0.09507032810534484	0.09193047565354508	-0.09461974298574244	0.07428425961294145	-0.07504446247864491	0.09429156769967588	-0.07886361200915909	0.07569403213659863	-0.06784785618663819	0.06663773269062469	-0.06411930910943167	0.08501623844433435	-0.06715959510741921	0.08948936834628617	-0.08204999558481564	0.06262027030579054	-0.08015841159554916	0.06923547272429292	-0.05146595743075217	0.05849002092908154
0.2550219706946844	-0.3666195351335516	0.22745256519829068	-0.23050059338565754	0.09873787642999442	-0.3837835278390604	1.000000000000001	-0.3642577254801834	0.23885079099756062	-0.09054136487148325	0.1522863060632674	-0.6609887030957641	0.259256551601535	-0.2446465428307907	0.08678094631202055	-0.09948880967358295	0.15396889741231423	-0.12566823620749903	0.19331981942681797	-0.08055201499431135	0.08984132613687178	-0.093881320074515	0.09752244474838992	-0.07670872143627536	0.07631346731557984	-0.09137392040967761	0.07872987197406331	-0.07679343179912784	0.06852385350654924	-0.06783236885055699	0.0629461497202533	-0.08467349273811037	0.06740962904869444	-0.0905687715619318	0.08154397807897094	-0.061731835891782216	0.07890761696289739	-0.06964255235720018	0.051603277457844224	-0.05876386570180371
-0.17551084936833625	0.26296132250861387	-0.43226536792040304	0.27640195345475865	-0.13060328914577746	0.1728847406506554	-0.3642577254801834	1.0000000000000007	-0.6009924850036367	0.12053047314244503	-0.13432340142795052	0.2678346376954566	-0.4263982566511782	0.29674002901737123	-0.09714003497806435	0.08639597903335074	-0.13775559767650047	0.11520737978245955	-0.19856384649231462	0.08838233492891459	-0.08247174689115266	0.08605454276792918	-0.09267814548730705	0.07359443723134051	-0.07421925633225818	0.08327972125481982	-0.07331310814304513	0.0721788629091205	-0.06543655201993472	0.06486325135010289	-0.05879612551045034	0.0787599202586155	-0.06371070121500105	0.08561966229274431	-0.07837964756844909	0.05758611484489083	-0.07485814729217509	0.06564989273736757	-0.048962128876388275	0.05571116283278617
0.16083656918858222	-0.273018139846283	0.2682697669680823	-0.36924993938358996	0.16727997043066506	-0.17048979871706538	0.23885079099756062	-0.6009924850036367	1.0000000000000002	-0.19234443265066908	0.1365191348378239	-0.26970579573910336	0.30074647416860956	-0.5189553201541597	0.11618206628728048	-0.09085397853561451	0.13990699703974435	-0.12171575160216047	0.2083109519459549	-0.10850937876230447	0.08660942412379939	-0.0920694341128875	0.09816767861248504	-0.07969207440673177	0.08000939992562565	-0.08948597022994428	0.0782364887218278	-0.0780162804682581	0.07056135982916618	-0.07055986542579142	0.06294908623813752	-0.08520640833271259	0.06857710011995519	-0.09376446319879096	0.0838057934661562	-0.062125110815073055	0.07978695769968906	-0.07130766584918814	0.052973119423639504	-0.06051683509483406
-0.07437322143128319	0.1216243360763519	-0.11547224481276472	0.1760589586444745	-0.8885682466503511	0.07551117003468791	-0.09054136487148325	0.12053047314244503	-0.19234443265066908	0.9999999999999987	-0.08326258843515831	0.09945710890821573	-0.0983280241801395	0.1252453693160156	-0.27357056589350925	0.05763045018885732	-0.08801922441440425	0.08012275777278723	-0.16240230900167216	0.1911508704600507	-0.05731275822603342	0.06376270158138497	-0.07030656883139669	0.06310696318119434	-0.06708262322062286	0.06111595884456371	-0.05451696449312621	0.056867580748408	-0.053333343001626524	0.055533803101094306	-0.04366164212834226	0.060116866495352674	-0.049543445617180645	0.06995301183784831	-0.06078713320405863	0.0435132094326838	-0.05560658168408259	0.051964993969126405	-0.03864538493179255	0.04441208896338966
0.15154256752110862	-0.21922886523704074	0.14275824293510767	-0.22685294677274184	0.08941797155627729	-0.1910852138764654	0.1522863060632674	-0.13432340142795052	0.1365191348378239	-0.08326258843515831	0.9999999999999999	-0.1929430688833275	0.12909906940217677	-0.1477291800194887	0.09441178323140403	-0.6709320769663404	0.21864472975326638	-0.1882973384673819	0.2250031538573193	-0.0927857506140337	0.3010469436893244	-0.24981053273144097	0.1925667113979926	-0.15193568630407522	0.14468457756324282	-0.3287785667832485	0.20596816229543247	-0.18272714625551667	0.14731606854906648	-0.14547255801295392	0.17361718014257382	-0.23437607212763442	0.1575269441803095	-0.21467817543486517	0.16740752274341514	-0.1736462012944697	0.18560460156812408	-0.1686936286558562	0.1186374221030872	-0.13650008940664649
-0.23366067399673035	0.2545297341998283	-0.21845016021932573	0.21845310521661618	-0.11152704609149042	0.22571358477178188	-0.6609887030957641	0.2678346376954566	-0.26970579573910336	0.09945710890821573	-0.1929430688833275	1.0000000000000009	-0.45489590166890564	0.2626812887087112	-0.10425318042891225	0.11995487308638424	-0.2257593676142629	0.16017082520831064	-0.24478581281221018	0.09533474443984098	-0.1100762722333358	0.11496804345781335	-0.12129017990157819	0.09354311915799192	-0.0930887692864983	0.10921571394760524	-0.09604735225520608	0.0926811522310073	-0.082832838453532	0.08170585832003781	-0.07567685462940828	0.10121381888647532	-0.08130934729400985	0.10770119388631483	-0.0980955075807446	0.07364002755001019	-0.09497400384901146	0.08322386972604028	-0.06177320489255226	0.0701113467164242
0.14951550798906976	-0.22486824391334576	0.20617969200141184	-0.22575518980775505	0.1038312821461882	-0.1586183433201319	0.259256551601535	-0.4263982566511782	0.30074647416860956	-0.0983280241801395	0.12909906940217677	-0.45489590166890564	0.9999999999999982	-0.6667706833424917	0.09526385411663249	-0.08683594877954874	0.1472221476942775	-0.13701011191298182	0.19599790837372202	-0.08900580257790326	0.08137487996128431	-0.08807631243897301	0.09493251859263362	-0.074826492154694	0.07366286705063989	-0.08349133504504848	0.07351672920112781	-0.07280654441832321	0.06510779015504205	-0.0649528099178604	0.058168249186709535	-0.07885336149279186	0.06346005818922822	-0.08576150443264226	0.07631594489827896	-0.05714084513889321	0.07310710627162306	-0.06556878761317933	0.0485294396476568	-0.055323568662062464
-0.15559813963523889	0.21232543454539904	-0.21221465169506024	0.2303087007663685	-0.13582557508018184	0.15143428354170854	-0.2446465428307907	0.29674002901737123	-0.5189553201541597	0.1252453693160156	-0.1477291800194887	0.2626812887087112	-0.6667706833424917	0.9999999999999987	-0.13218973975318046	0.09650966532603505	-0.16235647691999044	0.1402699856425577	-0.2681268802899656	0.11520256020435735	-0.09332007380768235	0.09938677062405342	-0.10914042030264923	0.08751024733554097	-0.08757860092193354	0.0946624495230168	-0.08428370272760047	0.08360861252426811	-0.07596244670840714	0.07570550292209546	-0.06695466275660152	0.09016728496452919	-0.07337952092660083	0.09887082264657951	-0.08950183771194745	0.06559804823593446	-0.08501674811266377	0.07554241766319528	-0.05623484839339592	0.06401658334750814
0.07360284025461784	-0.13000534650600593	0.09681109054910542	-0.15914438726234045	0.2007756098317382	-0.08018979517783026	0.08678094631202055	-0.09714003497806435	0.11618206628728048	-0.27357056589350925	0.09441178323140403	-0.10425318042891225	0.09526385411663249	-0.13218973975318046	0.9999999999999992	-0.07233791042876574	0.10635579109765361	-0.1129880173625561	0.217645962009621	-0.871524943699032	0.07241187942001555	-0.08802015059409336	0.09765972858068608	-0.1040325814218948	0.11335354062943315	-0.08229651338357248	0.07370836243931571	-0.0818044199157155	0.07831374080944958	-0.08924318384344465	0.05813043413502511	-0.08293422854082193	0.06894348031400938	-0.10223514672605985	0.08213947536191353	-0.058883131953747406	0.07267827484308033	-0.07365863852459224	0.05415021384118548	-0.06286715458573387
-0.0988173338483107	0.132816510220489	-0.09070579468653976	0.13863483961539805	-0.06298370454516519	0.1091188701517456	-0.09948880967358295	0.08639597903335074	-0.09085397853561451	0.05763045018885732	-0.6709320769663404	0.11995487308638424	-0.08683594877954874	0.09650966532603505	-0.07233791042876574	0.9999999999999984	-0.2371683852031731	0.16324818462332777	-0.1858667527500996	0.07052969970277857	-0.5762563775346893	0.21212312936433736	-0.16765586823206363	0.11960261072857033	-0.11668072599644266	0.2569684078659639	-0.17991343827598558	0.13957727434030656	-0.11376511551548622	0.10920026665742347	-0.14383194212160752	0.17207999015119976	-0.12219096460729392	0.14988192321555757	-0.12849781560912898	0.12765846232616326	-0.14974792225679412	0.12209554301868925	-0.08740570915754527	0.09790989780927206
0.12206203581608743	-0.2015030507344241	0.13693256165355275	-0.21436833607229527	0.09230414968455418	-0.13701388205461648	0.15396889741231423	-0.13775559767650047	0.13990699703974435	-0.08801922441440425	0.21864472975326638	-0.2257593676142629	0.1472221476942775	-0.16235647691999044	0.10635579109765361	-0.2371683852031731	0.9999999999999986	-0.728864746274011	0.28743113455785785	-0.11215094624691657	0.19325964967323775	-0.2988241853090168	0.2561414242957971	-0.18413580587667905	0.15767547384174296	-0.20226726126188344	0.19048276365052313	-0.18249330959404575	0.14593555670320454	-0.14769685165978647	0.13141529958559126	-0.18896394759988436	0.14651315671195128	-0.19251933632770774	0.15407628781977614	-0.12779888302382528	0.15394582902569057	-0.149862011513252	0.10641159351553488	-0.12116387278111988
-0.10032591304863213	0.15917695017919795	-0.11318879902263064	0.1720474695158162	-0.0855956000695523	0.10857159302393579	-0.12566823620749903	0.11520737978245955	-0.12171575160216047	0.08012275777278723	-0.1882973384673819	0.16017082520831064	-0.13701011191298182	0.1402699856425577	-0.1129880173625561	0.16324818462332777	-0.728864746274011	0.9999999999999967	-0.43450612170572883	0.11688927441979878	-0.1620051435185777	0.2204551248830201	-0.3602952313862484	0.18614956017167258	-0.1636544958374133	0.16245132635371648	-0.16635833337854178	0.16520337650471006	-0.13813888984809328	0.13691040972115728	-0.11187628939990178	0.15652828855921957	-0.13420356251182605	0.16721184857071453	-0.14044572766052557	0.10731171243454293	-0.1349045361377494	0.13041136462430708	-0.0942154581514503	0.10592087335660919
0.1679707546220326	-0.31118789601260616	0.2071616119756304	-0.35435246173412016	0.15958170414784845	-0.19055139954651973	0.19331981942681797	-0.19856384649231462	0.2083109519459549	-0.16240230900167216	0.2250031538573193	-0.24478581281221018	0.19599790837372202	-0.2681268802899656	0.217645962009621	-0.1858667527500996	0.28743113455785785	-0.43450612170572883	0.9999999999999957	-0.3075249499953431	0.17963511093378015	-0.22585244900761492	0.2430055307662473	-0.23829092128298815	0.19674680992707477	-0.20934841864797618	0.182781094803307	-0.1979393269893193	0.17403324013727078	-0.18297216822465856	0.14400110943180908	-0.2083047685959765	0.16562664207673033	-0.24540561956108722	0.18863090644190791	-0.14691978670140127	0.17615352996011904	-0.17903184813056988	0.12938408028425202	-0.15048731525645728
-0.06831856325260158	0.116573473624856	-0.08913000179021006	0.14160444887091148	-0.21256845547910877	0.07328665576270121	-0.08055201499431135	0.08838233492891459	-0.10850937876230447	0.1911508704600507	-0.0927857506140337	0.09533474443984098	-0.08900580257790326	0.11520256020435735	-0.871524943699032	0.07052969970277857	-0.11215094624691657	0.11688927441979878	-0.3075249499953431	0.9999999999999987	-0.07152531468307398	0.08738729005034646	-0.10194656312490746	0.1086195531705804	-0.13484976313594044	0.07977398868246556	-0.07315876601783262	0.08096659718573422	-0.08007475713526208	0.09038715177518784	-0.05676553235292171	0.08040922261148989	-0.06827143930699567	0.09878586589108271	-0.08211319051923487	0.05698871488883473	-0.07131691696434071	0.07163210549722078	-0.05302336653205157	0.06121186734426966
0.0850722863880796	-0.12973885622965342	0.08750586768765928	-0.13912646874273382	0.06220220885483957	-0.09507032810534484	0.08984132613687178	-0.08247174689115266	0.08660942412379939	-0.05731275822603342	0.3010469436893244	-0.1100762722333358	0.08137487996128431	-0.09332007380768235	0.07241187942001555	-0.5762563775346893	0.19325964967323775	-0.1620051435185777	0.17963511093378015	-0.07152531468307398	0.9999999999999969	-0.3724195427914923	0.19755242850235769	-0.1430414100836163	0.13399989134608126	-0.5443462705409663	0.2548311089982622	-0.17957055770230992	0.13561761167468497	-0.13026839091985082	0.19505041849741173	-0.23592285512991631	0.15080638248648173	-0.17905153819287647	0.14779319574287003	-0.173747923550562	0.18289371039767333	-0.15003252801884248	0.10451676043622649	-0.1167167272282822
-0.08498250823337802	0.12931830490052482	-0.08973048424787035	0.13989888790026367	-0.06970301617507312	0.09193047565354508	-0.093881320074515	0.08605454276792918	-0.0920694341128875	0.06376270158138497	-0.24981053273144097	0.11496804345781335	-0.08807631243897301	0.09938677062405342	-0.08802015059409336	0.21212312936433736	-0.2988241853090168	0.2204551248830201	-0.22585244900761492	0.08738729005034646	-0.3724195427914923	1.0000000000000002	-0.4445258402593335	0.21020558371524398	-0.2006237401199909	0.2869209947216126	-0.5882251364050821	0.2466004877292169	-0.18563535822391855	0.16873538676476266	-0.19213131037171022	0.25519446727697953	-0.2018585336564952	0.20384452880669518	-0.18368971538401346	0.16090510641528769	-0.21141179109302363	0.1741592770219783	-0.12478250113548132	0.13440276087443317
0.08636549389666152	-0.1402609894765156	0.09634855865244421	-0.1539959731387853	0.07537449390807135	-0.09461974298574244	0.09752244474838992	-0.09267814548730705	0.09816767861248504	-0.07030656883139669	0.1925667113979926	-0.12129017990157819	0.09493251859263362	-0.10914042030264923	0.09765972858068608	-0.16765586823206363	0.2561414242957971	-0.3602952313862484	0.2430055307662473	-0.10194656312490746	0.19755242850235769	-0.4445258402593335	0.9999999999999996	-0.5171653490810456	0.2705232522163058	-0.22252245498676904	0.25254710212248455	-0.34996560696175777	0.22671836235221174	-0.23836636132813746	0.1533125573017673	-0.2302790944287162	0.2148850812695685	-0.25504445359596295	0.2000572243499944	-0.14723867229347695	0.18398532926866482	-0.2040557694132681	0.1409345326555671	-0.1572471676642584
-0.06845631222462897	0.11053112885271457	-0.0768561103730926	0.12253368490260684	-0.06841700628482822	0.07428425961294145	-0.07670872143627536	0.07359443723134051	-0.07969207440673177	0.06310696318119434	-0.15193568630407522	0.09354311915799192	-0.074826492154694	0.08751024733554097	-0.1040325814218948	0.11960261072857033	-0.18413580587667905	0.18614956017167258	-0.23829092128298815	0.1086195531705804	-0.1430414100836163	0.21020558371524398	-0.5171653490810456	0.9999999999999991	-0.6676226083216312	0.1537298971844155	-0.17448362777530346	0.21125406991184656	-0.28200424148837355	0.26504350749471967	-0.11438778556501514	0.16146067468995795	-0.16709907695111983	0.21297835164734746	-0.195522837911514	0.10955417734410457	-0.14559961743937294	0.15393219291176885	-0.11799318854952584	0.13063743717243925
0.06868327741643336	-0.11357850832697096	0.0782568335759826	-0.12697288605627163	0.0714575474314117	-0.07504446247864491	0.07631346731557984	-0.07421925633225818	0.08000939992562565	-0.06708262322062286	0.14468457756324282	-0.0930887692864983	0.07366286705063989	-0.08757860092193354	0.11335354062943315	-0.11668072599644266	0.15767547384174296	-0.1636544958374133	0.19674680992707477	-0.13484976313594044	0.13399989134608126	-0.2006237401199909	0.2705232522163058	-0.6676226083216312	0.9999999999999968	-0.15628650868898558	0.16230163177277407	-0.22204281197302214	0.27160292205930764	-0.5039938211149252	0.11526575184936269	-0.16981580631661897	0.1677274558693323	-0.25538413602199106	0.20673229282572614	-0.11478828313756578	0.1469193800922125	-0.17176835821384712	0.1289727228523468	-0.14981292902590498
-0.08773879765415148	0.12698884966698284	-0.08798602330871544	0.13636371422508425	-0.06754183833430388	0.09429156769967588	-0.09137392040967761	0.08327972125481982	-0.08948597022994428	0.06111595884456371	-0.3287785667832485	0.10921571394760524	-0.08349133504504848	0.0946624495230168	-0.08229651338357248	0.2569684078659639	-0.20226726126188344	0.16245132635371648	-0.20934841864797618	0.07977398868246556	-0.5443462705409663	0.2869209947216126	-0.22252245498676904	0.1537298971844155	-0.15628650868898558	0.999999999999997	-0.4484942614930892	0.20946376987444182	-0.16089587740110822	0.14565057300673956	-0.39296092862366083	0.2879491858823014	-0.19001846659444907	0.19395831325637977	-0.18031178422982755	0.2290664793353583	-0.26771607074175596	0.17286915657615665	-0.12318815636232905	0.13232935980233887
0.07255040488942437	-0.11237947981815558	0.077275190520731	-0.12224360339695658	0.05953567614563605	-0.07886361200915909	0.07872987197406331	-0.07331310814304513	0.0782364887218278	-0.05451696449312621	0.20596816229543247	-0.09604735225520608	0.07351672920112781	-0.08428370272760047	0.07370836243931571	-0.17991343827598558	0.19048276365052313	-0.16635833337854178	0.182781094803307	-0.07315876601783262	0.2548311089982622	-0.5882251364050821	0.25254710212248455	-0.17448362777530346	0.16230163177277407	-0.4484942614930892	0.9999999999999976	-0.3599648194256571	0.18053332885420753	-0.1629754009155508	0.22489776862358893	-0.4243116083359363	0.2230871733317135	-0.20665828048959414	0.17534230124180653	-0.18402759473004732	0.22284975519295558	-0.18992831964566778	0.1275985673981082	-0.1366260723369803
-0.07037492016442273	0.10930701183694924	-0.07600586406586873	0.11979886445430721	-0.06259264722804811	0.07569403213659863	-0.07679343179912784	0.0721788629091205	-0.0780162804682581	0.056867580748408	-0.18272714625551667	0.0926811522310073	-0.07280654441832321	0.08360861252426811	-0.0818044199157155	0.13957727434030656	-0.18249330959404575	0.16520337650471006	-0.1979393269893193	0.08096659718573422	-0.17957055770230992	0.2466004877292169	-0.34996560696175777	0.21125406991184656	-0.22204281197302214	0.20946376987444182	-0.3599648194256571	0.9999999999999982	-0.3939896449624396	0.23409264317144726	-0.16794112158105437	0.24398687681755954	-0.5995721056206198	0.267094201243955	-0.24139950095261523	0.15183995333475583	-0.21827707444146566	0.2629942643801422	-0.18393478568831573	0.17500229085497648
0.0626747894355839	-0.10043410168834067	0.06933339536695297	-0.11111958061873507	0.05814542082568609	-0.06784785618663819	0.06852385350654924	-0.06543655201993472	0.07056135982916618	-0.053333343001626524	0.14731606854906648	-0.082832838453532	0.06510779015504205	-0.07596244670840714	0.07831374080944958	-0.11376511551548622	0.14593555670320454	-0.13813888984809328	0.17403324013727078	-0.08007475713526208	0.13561761167468497	-0.18563535822391855	0.22671836235221174	-0.28200424148837355	0.27160292205930764	-0.16089587740110822	0.18053332885420753	-0.3939896449624396	1.0000000000000016	-0.6473616513258396	0.12480921612119592	-0.18351974583121142	0.22959504471006897	-0.4454293774816613	0.260184231861992	-0.12256109533269298	0.16651639911126168	-0.21188590143326036	0.16934050622283459	-0.18263446323428317
-0.06185477735943253	0.0982999023963103	-0.06844220022770107	0.10889887021841631	-0.06104818966353946	0.06663773269062469	-0.06783236885055699	0.06486325135010289	-0.07055986542579142	0.055533803101094306	-0.14547255801295392	0.08170585832003781	-0.0649528099178604	0.07570550292209546	-0.08924318384344465	0.10920026665742347	-0.14769685165978647	0.13691040972115728	-0.18297216822465856	0.09038715177518784	-0.13026839091985082	0.16873538676476266	-0.23836636132813746	0.26504350749471967	-0.5039938211149252	0.14565057300673956	-0.1629754009155508	0.23409264317144726	-0.6473616513258396	0.9999999999999973	-0.11537498368528987	0.16164942646176775	-0.19462605047578146	0.2766107418561932	-0.34111161010482566	0.11219694282420281	-0.15661664068005515	0.17737545677480526	-0.15157643469353155	0.17284889250395116
0.059206233294406434	-0.09128600031645369	0.06265311179664095	-0.09957596106342513	0.04798840040914322	-0.06411930910943167	0.0629461497202533	-0.05879612551045034	0.06294908623813752	-0.04366164212834226	0.17361718014257382	-0.07567685462940828	0.058168249186709535	-0.06695466275660152	0.05813043413502511	-0.14383194212160752	0.13141529958559126	-0.11187628939990178	0.14400110943180908	-0.05676553235292171	0.19505041849741173	-0.19213131037171022	0.1533125573017673	-0.11438778556501514	0.11526575184936269	-0.39296092862366083	0.22489776862358893	-0.16794112158105437	0.12480921612119592	-0.11537498368528987	0.999999999999997	-0.5142966417147318	0.16653542297273657	-0.1680976123011239	0.14619009447316755	-0.6432690481485787	0.31008573788033417	-0.16722194480171568	0.10941796220029365	-0.11841448774354335
-0.07944089988289363	0.11994963982159236	-0.0834116458450973	0.13064045331170665	-0.06662614800588819	0.08501623844433435	-0.08467349273811037	0.0787599202586155	-0.08520640833271259	0.060116866495352674	-0.23437607212763442	0.10121381888647532	-0.07885336149279186	0.09016728496452919	-0.08293422854082193	0.17207999015119976	-0.18896394759988436	0.15652828855921957	-0.2083047685959765	0.08040922261148989	-0.23592285512991631	0.25519446727697953	-0.2302790944287162	0.16146067468995795	-0.16981580631661897	0.2879491858823014	-0.4243116083359363	0.24398687681755954	-0.18351974583121142	0.16164942646176775	-0.5142966417147318	0.9999999999999982	-0.3029672080890469	0.2219879934745615	-0.21450931875930496	0.29319476172000664	-0.461706360074155	0.22587488129269673	-0.15499207259063313	0.15893169582781436
0.062186099979741165	-0.09791156704856213	0.0675802360345914	-0.10763294679986829	0.054384502057473985	-0.06715959510741921	0.06740962904869444	-0.06371070121500105	0.06857710011995519	-0.049543445617180645	0.1575269441803095	-0.08130934729400985	0.06346005818922822	-0.07337952092660083	0.06894348031400938	-0.12219096460729392	0.14651315671195128	-0.13420356251182605	0.16562664207673033	-0.06827143930699567	0.15080638248648173	-0.2018585336564952	0.2148850812695685	-0.16709907695111983	0.1677274558693323	-0.19001846659444907	0.2230871733317135	-0.5995721056206198	0.22959504471006897	-0.19462605047578146	0.16653542297273657	-0.3029672080890469	0.9999999999999983	-0.3146138909972815	0.23193260041113145	-0.1619342735229575	0.22499358593258306	-0.540469513418667	0.2266181472775162	-0.2199165331852711
-0.08416631627919433	0.12924773085763322	-0.0906702665697015	0.14220610751071783	-0.07821030533358703	0.08948936834628617	-0.0905687715619318	0.08561966229274431	-0.09376446319879096	0.06995301183784831	-0.21467817543486517	0.10770119388631483	-0.08576150443264226	0.09887082264657951	-0.10223514672605985	0.14988192321555757	-0.19251933632770774	0.16721184857071453	-0.24540561956108722	0.09878586589108271	-0.17905153819287647	0.20384452880669518	-0.25504445359596295	0.21297835164734746	-0.25538413602199106	0.19395831325637977	-0.20665828048959414	0.267094201243955	-0.4454293774816613	0.2766107418561932	-0.1680976123011239	0.2219879934745615	-0.3146138909972815	0.9999999999999974	-0.51203247898147	0.16339053794391376	-0.2539750030287088	0.2785387184143553	-0.36875206269660793	0.27964782015286616
0.07537935311443571	-0.12405750667515053	0.08444275101376574	-0.13807377235555088	0.0662169269772802	-0.08204999558481564	0.08154397807897094	-0.07837964756844909	0.0838057934661562	-0.06078713320405863	0.16740752274341514	-0.0980955075807446	0.07631594489827896	-0.08950183771194745	0.08213947536191353	-0.12849781560912898	0.15407628781977614	-0.14044572766052557	0.18863090644190791	-0.08211319051923487	0.14779319574287003	-0.18368971538401346	0.2000572243499944	-0.195522837911514	0.20673229282572614	-0.18031178422982755	0.17534230124180653	-0.24139950095261523	0.260184231861992	-0.34111161010482566	0.14619009447316755	-0.21450931875930496	0.23193260041113145	-0.51203247898147	0.9999999999999972	-0.15581130501184115	0.20607849850825255	-0.3192027195623284	0.2944368206090465	-0.5631127941410915
-0.05838216935333848	0.08866781185536907	-0.06133993193542044	0.09673398227664086	-0.04817193590118633	0.06262027030579054	-0.061731835891782216	0.05758611484489083	-0.062125110815073055	0.0435132094326838	-0.1736462012944697	0.07364002755001019	-0.05714084513889321	0.06559804823593446	-0.058883131953747406	0.12765846232616326	-0.12779888302382528	0.10731171243454293	-0.14691978670140127	0.05698871488883473	-0.173747923550562	0.16090510641528769	-0.14723867229347695	0.10955417734410457	-0.11478828313756578	0.2290664793353583	-0.18402759473004732	0.15183995333475583	-0.12256109533269298	0.11219694282420281	-0.6432690481485787	0.29319476172000664	-0.1619342735229575	0.16339053794391376	-0.15581130501184115	0.9999999999999969	-0.6203170183596015	0.17469677168122438	-0.11600048620558304	0.12067244940073305
0.0736208714905353	-0.11837564110754062	0.08051684529138184	-0.13058088236262763	0.060783363566598074	-0.08015841159554916	0.07890761696289739	-0.07485814729217509	0.07978695769968906	-0.05560658168408259	0.18560460156812408	-0.09497400384901146	0.07310710627162306	-0.08501674811266377	0.07267827484308033	-0.14974792225679412	0.15394582902569057	-0.1349045361377494	0.17615352996011904	-0.07131691696434071	0.18289371039767333	-0.21141179109302363	0.18398532926866482	-0.14559961743937294	0.1469193800922125	-0.26771607074175596	0.22284975519295558	-0.21827707444146566	0.16651639911126168	-0.15661664068005515	0.31008573788033417	-0.461706360074155	0.22499358593258306	-0.2539750030287088	0.20607849850825255	-0.6203170183596015	0.999999999999998	-0.33105359369012866	0.1770090520681397	-0.19422348368791498
-0.06471323881217776	0.10003214759899634	-0.06963928032607739	0.10987642933781304	-0.05767920961157473	0.06923547272429292	-0.06964255235720018	0.06564989273736757	-0.07130766584918814	0.051964993969126405	-0.1686936286558562	0.08322386972604028	-0.06556878761317933	0.07554241766319528	-0.07365863852459224	0.12209554301868925	-0.149862011513252	0.13041136462430708	-0.17903184813056988	0.07163210549722078	-0.15003252801884248	0.1741592770219783	-0.2040557694132681	0.15393219291176885	-0.17176835821384712	0.17286915657615665	-0.18992831964566778	0.2629942643801422	-0.21188590143326036	0.17737545677480526	-0.16722194480171568	0.22587488129269673	-0.540469513418667	0.2785387184143553	-0.3192027195623284	0.17469677168122438	-0.33105359369012866	0.999999999999998	-0.5210640628779823	0.2763746187038551
0.04787562106218524	-0.07541937618711492	0.05217528014804979	-0.08319865991947366	0.042696414217354026	-0.05146595743075217	0.051603277457844224	-0.048962128876388275	0.052973119423639504	-0.03864538493179255	0.1186374221030872	-0.06177320489255226	0.0485294396476568	-0.05623484839339592	0.05415021384118548	-0.08740570915754527	0.10641159351553488	-0.0942154581514503	0.12938408028425202	-0.05302336653205157	0.10451676043622649	-0.12478250113548132	0.1409345326555671	-0.11799318854952584	0.1289727228523468	-0.12318815636232905	0.1275985673981082	-0.18393478568831573	0.16934050622283459	-0.15157643469353155	0.10941796220029365	-0.15499207259063313	0.2266181472775162	-0.36875206269660793	0.2944368206090465	-0.11600048620558304	0.1770090520681397	-0.5210640628779823	0.9999999999999978	-0.6706536875369612
-0.05462741965646395	0.08540020885276522	-0.05932318067151969	0.09417844439473534	-0.04927817021231514	0.05849002092908154	-0.05876386570180371	0.05571116283278617	-0.06051683509483406	0.04441208896338966	-0.13650008940664649	0.0701113467164242	-0.055323568662062464	0.06401658334750814	-0.06286715458573387	0.09790989780927206	-0.12116387278111988	0.10592087335660919	-0.15048731525645728	0.06121186734426966	-0.1167167272282822	0.13440276087443317	-0.1572471676642584	0.13063743717243925	-0.14981292902590498	0.13232935980233887	-0.1366260723369803	0.17500229085497648	-0.18263446323428317	0.17284889250395116	-0.11841448774354335	0.15893169582781436	-0.2199165331852711	0.27964782015286616	-0.5631127941410915	0.12067244940073305	-0.19422348368791498	0.2763746187038551	-0.6706536875369612	0.9999999999999978
