1.0	-0.3870996197210418	0.2499381525961097	-0.15627914453539712	0.08630975327581421	-0.8489495452166048	0.2052295755505956	-0.17940157502483375	0.1170871400645325	-0.07471023100564463	0.1282900811020276	-0.1160565202785033	0.1180059610569443	-0.08413066329543538	0.08284319501328136	-0.08574890759175326	0.07896862062839263	-0.08471456891877265	0.08851368468375853	-0.05741173405105882	0.05820937279203681	-0.0661087467981758	0.06167655296917632	-0.0570203287664278	0.0626958962922178	-0.04972637615535571	0.05644588514406226	-0.06828269331326824	0.034809091059907274	-0.03641439820312135	0.05911154152941816	-0.05430635991661251	0.06081198586147568	-0.0300697997644298	0.028338276101468763
-0.3870996197210418	1.0000000000000002	-0.6986377881920578	0.20386177787134305	-0.10738638971876963	0.2673144084530456	-0.46190831750496925	0.25199398124884825	-0.1615452544648696	0.09163561982655302	-0.14423376198509155	0.14146595492426967	-0.13684380504972588	0.09331241138110864	-0.09050589369203882	0.09132223176287338	-0.0882930220585699	0.09331508064126756	-0.09468692072526315	0.0613737314496816	-0.06084922548251161	0.06994420335180757	-0.06560912123827753	0.06056291249259253	-0.0661943491154734	0.0514270702612768	-0.05924061676769658	0.07071854972758461	-0.03590372832686543	0.037500046069957646	-0.06047745866377041	0.055498399773282116	-0.06182924654703199	0.030828811902866536	-0.029028566499050973
0.2499381525961097	-0.6986377881920578	0.9999999999999999	-0.3631877766836105	0.1377646996496308	-0.3196896459361782	0.2948750170174022	-0.35281651369355965	0.211554397964391	-0.12375044563592928	0.15293648640789143	-0.15222417858838092	0.16205855576454828	-0.11979953529734479	0.11388341107632152	-0.11111782217246963	0.10290338919858948	-0.1147966366036825	0.1171157872931841	-0.07714353101399257	0.07453808435351794	-0.0861111321625648	0.08112067450779706	-0.07573258200769661	0.08253484860423332	-0.06394146757176018	0.07293841881080088	-0.08903566060799027	0.04512232925198365	-0.04734669723453496	0.07510184566400088	-0.06979814631469244	0.07746844044901734	-0.03884642930731519	0.03650947098269886
-0.15627914453539712	0.20386177787134305	-0.3631877766836105	0.9999999999999996	-0.3561805522173589	0.1596780014427265	-0.28355042789712764	0.2865920934461413	-0.6852313148288999	0.25701684137258796	-0.17064760906544885	0.14754297345250225	-0.19199626269366202	0.16623951295317585	-0.1707132997501336	0.1155804381386823	-0.11165698854127287	0.12748715767142443	-0.14913119255886623	0.09873027161142507	-0.08118610275394006	0.09208620675072468	-0.09517960807087064	0.08844683477723805	-0.10470886506467401	0.06834155944208284	-0.08005426504918826	0.09617519270592431	-0.04993111198681528	0.05200615427985316	-0.0827652639867027	0.07512168754564556	-0.08566999030721878	0.04262945360259737	-0.04042085344314918
0.08630975327581421	-0.10738638971876963	0.1377646996496308	-0.3561805522173589	1.0	-0.10300802407738364	0.13967746936903983	-0.19758441000535332	0.2753432820279326	-0.8474679019878663	0.10322891501406137	-0.0929690060063769	0.126105032591955	-0.14512429322064016	0.14489849894103288	-0.08373455044137011	0.07716981622666835	-0.09281825600153767	0.1087638004810914	-0.08212431344958386	0.059003423256328506	-0.06828543627170602	0.07028845424256495	-0.06826841005706087	0.07973454802033865	-0.050955447541831476	0.05905490268605745	-0.07440728879456789	0.03831479727205766	-0.040451975245219415	0.0611128191265362	-0.05730510867946685	0.06442707090856752	-0.03281981882095526	0.03091991351102374
-0.8489495452166048	0.2673144084530456	-0.3196896459361782	0.1596780014427265	-0.10300802407738364	1.0000000000000004	-0.247095367033557	0.1816472372857504	-0.134103729171154	0.08411652350853373	-0.16465155121911967	0.13157073280419912	-0.13914747003973654	0.0950835537917957	-0.09687169071467777	0.09629797694530637	-0.09119496871248167	0.09619719815878407	-0.1034871373071232	0.066049974341699	-0.06666480926625315	0.07445083158783931	-0.07111801284720241	0.06496516913985849	-0.07300987120812412	0.056081223123631514	-0.06433921449654789	0.07630161737242874	-0.039309561248784666	0.04086215486942844	-0.06781314782266888	0.061043553862172535	-0.06942727935877634	0.03389127843050733	-0.032097717421479224
0.2052295755505956	-0.46190831750496925	0.2948750170174022	-0.28355042789712764	0.13967746936903983	-0.247095367033557	0.9999999999999998	-0.6223732696072458	0.22543297954189084	-0.1324243406146513	0.22468447666960753	-0.31418696969753773	0.21927478739132703	-0.1439257770932828	0.13346544576121538	-0.15094629017930317	0.1458157653766812	-0.15330962269925152	0.14365064451837067	-0.09363681467541918	0.09583486631582377	-0.11312610920544332	0.10190375239781851	-0.09465596603054814	0.09990043371466088	-0.08124920694709757	0.09329021589838432	-0.11148124380488111	0.055837802061285274	-0.058458294797974285	0.09325490779908241	-0.08652060066276472	0.09488731394938196	-0.047860496286628806	0.04486867380448688
-0.17940157502483375	0.25199398124884825	-0.35281651369355965	0.2865920934461413	-0.19758441000535332	0.1816472372857504	-0.6223732696072458	1.0000000000000007	-0.43456425785808284	0.17213842002995972	-0.22470012656803132	0.21215064795180358	-0.3009476725700276	0.16369658215736466	-0.1573632010945828	0.14262294970508557	-0.14233246340590952	0.16171728636056892	-0.1608993141801758	0.10281316088342254	-0.09562294477481634	0.11026250529853689	-0.10934751846550869	0.10004824765857981	-0.11001903760611237	0.08000069236619356	-0.09388692886954567	0.1111452450535763	-0.05664451480937561	0.05896828718109201	-0.09431813417305766	0.08607949049513884	-0.09635153817628958	0.04829055064597385	-0.045548606664224944
0.1170871400645325	-0.1615452544648696	0.211554397964391	-0.6852313148288999	0.2753432820279326	-0.134103729171154	0.22543297954189084	-0.43456425785808284	0.999999999999999	-0.40015845429004054	0.1345802358620157	-0.1250697095003756	0.1668000102482187	-0.1848204993271062	0.15460360831182088	-0.09991214687121946	0.09468625269592977	-0.11330502585807342	0.12901754132532608	-0.08824342500199817	0.06874970887369876	-0.07951503352221848	0.0815873326164461	-0.07740648057437634	0.08960613727063854	-0.05854107175085089	0.06828280472238747	-0.08371675700182558	0.043036191677154535	-0.04511843768301163	0.06971002685003132	-0.06450365437532112	0.07252448973567724	-0.03671551293050425	0.03464558479841988
-0.07471023100564463	0.09163561982655302	-0.12375044563592928	0.25701684137258796	-0.8474679019878663	0.08411652350853373	-0.1324243406146513	0.17213842002995972	-0.40015845429004054	0.9999999999999991	-0.09358576896085899	0.08304633886329638	-0.11639540876676358	0.13371183747790097	-0.15876935216694185	0.07284969302330578	-0.0684960402807794	0.0826843297386285	-0.10032734458024994	0.07635035541803993	-0.05143129277391163	0.05937195695913797	-0.06308361447220727	0.060981770365249	-0.07407529075222972	0.04399454950153865	-0.051539063234206955	0.06418215579955794	-0.033303845554303865	0.0350261894967934	-0.052969217915075376	0.04922037388698361	-0.05571343112308263	0.028370153211766586	-0.026814774311317256
0.1282900811020276	-0.14423376198509155	0.15293648640789143	-0.17064760906544885	0.10322891501406137	-0.16465155121911967	0.22468447666960753	-0.22470012656803132	0.1345802358620157	-0.09358576896085899	1.0	-0.7238667048823605	0.27636739398947163	-0.17754827087779287	0.16182076243580792	-0.3394710560581894	0.2636505958786325	-0.23742218741295623	0.19844702900465636	-0.12882165488889608	0.17089635528252542	-0.20086642226353194	0.15214833418253365	-0.14152489211450722	0.13861788714779721	-0.14557971401841371	0.15566108973263995	-0.18363030981923698	0.08886359492502542	-0.09336036066111039	0.1532391913989936	-0.1442240434410333	0.1501073103963494	-0.07643350789776619	0.07089637918137295
-0.1160565202785033	0.14146595492426967	-0.15222417858838092	0.14754297345250225	-0.0929690060063769	0.13157073280419912	-0.31418696969753773	0.21215064795180358	-0.1250697095003756	0.08304633886329638	-0.7238667048823605	0.9999999999999982	-0.3769738254518603	0.15859900739741326	-0.1474485148672568	0.24712829280840182	-0.3454549920264238	0.22472097756002063	-0.18594651160524264	0.11381719875065464	-0.14568413351778375	0.17268562268905494	-0.1392319625858847	0.12341625486953764	-0.12390824869796087	0.11550985186953375	-0.13899822515156088	0.14896044955589974	-0.07347481965187713	0.07580031468544515	-0.12859476451985427	0.11538136928587682	-0.12467068918134706	0.06232763959125547	-0.05839821795602437
0.1180059610569443	-0.13684380504972588	0.16205855576454828	-0.19199626269366202	0.126105032591955	-0.13914747003973654	0.21927478739132703	-0.3009476725700276	0.1668000102482187	-0.11639540876676358	0.27636739398947163	-0.3769738254518603	0.9999999999999987	-0.3475855245258149	0.24133022095865508	-0.2800477532384792	0.2650496444926702	-0.5202174761389964	0.2897829508084137	-0.18935095363233156	0.17084767599145123	-0.21321176049497403	0.2170111142796905	-0.20735345743340552	0.19058410079104615	-0.14705709955969595	0.17148465004089627	-0.21477619717187826	0.10528033343339088	-0.11082570125369796	0.16373326590807602	-0.15687733493543	0.169023870697815	-0.08901785906961837	0.08274302726298115
-0.08413066329543538	0.09331241138110864	-0.11979953529734479	0.16623951295317585	-0.14512429322064016	0.0950835537917957	-0.1439257770932828	0.16369658215736466	-0.1848204993271062	0.13371183747790097	-0.17754827087779287	0.15859900739741326	-0.3475855245258149	0.9999999999999986	-0.7179391085918544	0.1623224007643456	-0.15914182911772834	0.22842407628271194	-0.42309925809593485	0.25088691754616843	-0.11465691862614297	0.13641981361180433	-0.17454348729366798	0.1728072653269954	-0.23600501272514066	0.09707249306388037	-0.11916641891545465	0.14985650789938676	-0.07961067816782223	0.08353835074659899	-0.11621742055687204	0.10887392296259224	-0.12415086617447468	0.06591284265583947	-0.06268686841587329
0.08284319501328136	-0.09050589369203882	0.11388341107632152	-0.1707132997501336	0.14489849894103288	-0.09687169071467777	0.13346544576121538	-0.1573632010945828	0.15460360831182088	-0.15876935216694185	0.16182076243580792	-0.1474485148672568	0.24133022095865508	-0.7179391085918544	0.9999999999999989	-0.16692840262919423	0.1515478720949197	-0.21171908180862758	0.2902209243560134	-0.3954527010316807	0.11810910029274355	-0.14388898404108857	0.17007096813578945	-0.18789230481258526	0.24214826334981898	-0.10336347624677773	0.12419408300781774	-0.16667850320190258	0.08687245828347548	-0.09360779191240244	0.12222326412330951	-0.1189511456027221	0.13275129380688538	-0.07274757781422797	0.0683055269680128
-0.08574890759175326	0.09132223176287338	-0.11111782217246963	0.1155804381386823	-0.08373455044137011	0.09629797694530637	-0.15094629017930317	0.14262294970508557	-0.09991214687121946	0.07284969302330578	-0.3394710560581894	0.24712829280840182	-0.2800477532384792	0.1623224007643456	-0.16692840262919423	0.9999999999999976	-0.6053052862394693	0.25818157298762995	-0.24006902270340333	0.13732426373391082	-0.43628972459039245	0.26836293042374876	-0.18428690112523824	0.15367384962680275	-0.15818808887737312	0.2294441686091471	-0.22645687140090953	0.20622455831494962	-0.10412694501796584	0.10410130705131296	-0.25249766608458624	0.18183829705385215	-0.19750953372651114	0.08925469325724339	-0.08469927909921549
0.07896862062839263	-0.0882930220585699	0.10290338919858948	-0.11165698854127287	0.07716981622666835	-0.09119496871248167	0.1458157653766812	-0.14233246340590952	0.09468625269592977	-0.0684960402807794	0.2636505958786325	-0.3454549920264238	0.2650496444926702	-0.15914182911772834	0.1515478720949197	-0.6053052862394693	0.9999999999999983	-0.4294183664165015	0.22439658581385039	-0.1334017684271691	0.23214674999949947	-0.3953467574125782	0.18721599573065167	-0.16098917577197885	0.14595723294844512	-0.17530640454461952	0.22016163456354376	-0.21233335200900288	0.09803076710559222	-0.09977585354099991	0.17607338793065988	-0.15701373125253296	0.16240148001204097	-0.08181869771922207	0.07600105470728072
-0.08471456891877265	0.09331508064126756	-0.1147966366036825	0.12748715767142443	-0.09281825600153767	0.09619719815878407	-0.15330962269925152	0.16171728636056892	-0.11330502585807342	0.0826843297386285	-0.23742218741295623	0.22472097756002063	-0.5202174761389964	0.22842407628271194	-0.21171908180862758	0.25818157298762995	-0.4294183664165015	1.0000000000000018	-0.4703244837971287	0.20003355660642844	-0.1702154048758739	0.21154355782010642	-0.36978760372185177	0.24074460661722888	-0.21823390922533606	0.13319151561946663	-0.17896483787657017	0.19962270748323407	-0.1008354628672257	0.10176725333016619	-0.15418556686627646	0.13941503822889215	-0.15704958963909663	0.08172983803050547	-0.07716128275491974
0.08851368468375853	-0.09468692072526315	0.1171157872931841	-0.14913119255886623	0.1087638004810914	-0.1034871373071232	0.14365064451837067	-0.1608993141801758	0.12901754132532608	-0.10032734458024994	0.19844702900465636	-0.18594651160524264	0.2897829508084137	-0.42309925809593485	0.2902209243560134	-0.24006902270340333	0.22439658581385039	-0.4703244837971287	1.0000000000000007	-0.42728708140636823	0.15760022986585623	-0.20084656947074878	0.2504391152768469	-0.30156181040660457	0.27941268986374074	-0.13625950803477	0.16664073091547876	-0.22173865793382905	0.11282455956073342	-0.12017388474087354	0.1560671026144937	-0.1523607941106233	0.16759290873556287	-0.09325814228927426	0.08687461297834831
-0.05741173405105882	0.0613737314496816	-0.07714353101399257	0.09873027161142507	-0.08212431344958386	0.066049974341699	-0.09363681467541918	0.10281316088342254	-0.08824342500199817	0.07635035541803993	-0.12882165488889608	0.11381719875065464	-0.18935095363233156	0.25088691754616843	-0.3954527010316807	0.13732426373391082	-0.1334017684271691	0.20003355660642844	-0.42728708140636823	0.9999999999999994	-0.10030457964162767	0.12402957593398986	-0.21807423743736803	0.23602889000911742	-0.7124940172595989	0.0851985383969209	-0.1112749566970048	0.14640787472735245	-0.08606691498349232	0.09156339887995842	-0.10268091401655206	0.0985400515319487	-0.1149807058839319	0.06667424485559481	-0.06542347939538677
0.05820937279203681	-0.06084922548251161	0.07453808435351794	-0.08118610275394006	0.059003423256328506	-0.06666480926625315	0.09583486631582377	-0.09562294477481634	0.06874970887369876	-0.05143129277391163	0.17089635528252542	-0.14568413351778375	0.17084767599145123	-0.11465691862614297	0.11810910029274355	-0.43628972459039245	0.23214674999949947	-0.1702154048758739	0.15760022986585623	-0.10030457964162767	0.9999999999999982	-0.3498065823271523	0.13629309048098187	-0.12040419127449112	0.11480303692781006	-0.6624013984741195	0.21325752228171033	-0.21601143288870114	0.09948313816711465	-0.10278128631997174	0.2855548860403714	-0.23005602896557972	0.18731302561573715	-0.08776222390671197	0.08018835301591774
-0.0661087467981758	0.06994420335180757	-0.0861111321625648	0.09208620675072468	-0.06828543627170602	0.07445083158783931	-0.11312610920544332	0.11026250529853689	-0.07951503352221848	0.05937195695913797	-0.20086642226353194	0.17268562268905494	-0.21321176049497403	0.13641981361180433	-0.14388898404108857	0.26836293042374876	-0.3953467574125782	0.21154355782010642	-0.20084656947074878	0.12402957593398986	-0.3498065823271523	0.9999999999999989	-0.20651950507223105	0.15700196319251353	-0.1478378553014127	0.20673036079490634	-0.655274218600201	0.28057972903904127	-0.1302299151297161	0.12132437134534677	-0.23409391986699052	0.19932320887868432	-0.22009695048311184	0.1029991572908666	-0.09775514626804872
0.06167655296917632	-0.06560912123827753	0.08112067450779706	-0.09517960807087064	0.07028845424256495	-0.07111801284720241	0.10190375239781851	-0.10934751846550869	0.0815873326164461	-0.06308361447220727	0.15214833418253365	-0.1392319625858847	0.2170111142796905	-0.17454348729366798	0.17007096813578945	-0.18428690112523824	0.18721599573065167	-0.36978760372185177	0.2504391152768469	-0.21807423743736803	0.13629309048098187	-0.20651950507223105	1.0000000000000009	-0.7450647226337083	0.24637354511401774	-0.11334153889948932	0.17591512556387512	-0.2810990057236453	0.12392649547750322	-0.12032772152469194	0.13375886672271742	-0.13134042865246837	0.15462998080137952	-0.09174570507891168	0.08484855488310601
-0.0570203287664278	0.06056291249259253	-0.07573258200769661	0.08844683477723805	-0.06826841005706087	0.06496516913985849	-0.09465596603054814	0.10004824765857981	-0.07740648057437634	0.060981770365249	-0.14152489211450722	0.12341625486953764	-0.20735345743340552	0.1728072653269954	-0.18789230481258526	0.15367384962680275	-0.16098917577197885	0.24074460661722888	-0.30156181040660457	0.23602889000911742	-0.12040419127449112	0.15700196319251353	-0.7450647226337083	0.9999999999999974	-0.42454645377788497	0.09858403736622624	-0.15005857070651282	0.19627337678468426	-0.12239000091540597	0.11094010742882549	-0.12162069968187528	0.1154212493110531	-0.14229246735108123	0.08409030357225494	-0.0803262731709451
0.0626958962922178	-0.0661943491154734	0.08253484860423332	-0.10470886506467401	0.07973454802033865	-0.07300987120812412	0.09990043371466088	-0.11001903760611237	0.08960613727063854	-0.07407529075222972	0.13861788714779721	-0.12390824869796087	0.19058410079104615	-0.23600501272514066	0.24214826334981898	-0.15818808887737312	0.14595723294844512	-0.21823390922533606	0.27941268986374074	-0.7124940172595989	0.11480303692781006	-0.1478378553014127	0.24637354511401774	-0.42454645377788497	0.9999999999999981	-0.09953477364107584	0.13019786641636788	-0.18481998728671592	0.10871600508125254	-0.12440766350352019	0.11810894728612092	-0.1172702706245436	0.1341178476193025	-0.08357589229930068	0.08083801537178117
-0.04972637615535571	0.0514270702612768	-0.06394146757176018	0.06834155944208284	-0.050955447541831476	0.056081223123631514	-0.08124920694709757	0.08000069236619356	-0.05854107175085089	0.04399454950153865	-0.14557971401841371	0.11550985186953375	-0.14705709955969595	0.09707249306388037	-0.10336347624677773	0.2294441686091471	-0.17530640454461952	0.13319151561946663	-0.13625950803477	0.0851985383969209	-0.6624013984741195	0.20673036079490634	-0.11334153889948932	0.09858403736622624	-0.09953477364107584	0.9999999999999991	-0.1846291212113504	0.1720400182624532	-0.08783553850653121	0.08814729639616006	-0.5849159258440981	0.22885498847970873	-0.2047075724259321	0.0805925975503603	-0.07569489746410857
0.05644588514406226	-0.05924061676769658	0.07293841881080088	-0.08005426504918826	0.05905490268605745	-0.06433921449654789	0.09329021589838432	-0.09388692886954567	0.06828280472238747	-0.051539063234206955	0.15566108973263995	-0.13899822515156088	0.17148465004089627	-0.11916641891545465	0.12419408300781774	-0.22645687140090953	0.22016163456354376	-0.17896483787657017	0.16664073091547876	-0.1112749566970048	0.21325752228171033	-0.655274218600201	0.17591512556387512	-0.15005857070651282	0.13019786641636788	-0.1846291212113504	0.9999999999999981	-0.5463225005900414	0.16256600137119745	-0.158031254973084	0.19784814205627801	-0.24907989510768447	0.2259580681254607	-0.12498587271359946	0.11181298146886187
-0.06828269331326824	0.07071854972758461	-0.08903566060799027	0.09617519270592431	-0.07440728879456789	0.07630161737242874	-0.11148124380488111	0.1111452450535763	-0.08371675700182558	0.06418215579955794	-0.18363030981923698	0.14896044955589974	-0.21477619717187826	0.14985650789938676	-0.16667850320190258	0.20622455831494962	-0.21233335200900288	0.19962270748323407	-0.22173865793382905	0.14640787472735245	-0.21601143288870114	0.28057972903904127	-0.2810990057236453	0.19627337678468426	-0.18481998728671592	0.1720400182624532	-0.5463225005900414	0.9999999999999979	-0.3654097528739619	0.2316028654593127	-0.2389824619287802	0.23984004691395905	-0.38122225715611696	0.19242469591290545	-0.18697199078496385
0.034809091059907274	-0.03590372832686543	0.04512232925198365	-0.04993111198681528	0.03831479727205766	-0.039309561248784666	0.055837802061285274	-0.05664451480937561	0.043036191677154535	-0.033303845554303865	0.08886359492502542	-0.07347481965187713	0.10528033343339088	-0.07961067816782223	0.08687245828347548	-0.10412694501796584	0.09803076710559222	-0.1008354628672257	0.11282455956073342	-0.08606691498349232	0.09948313816711465	-0.1302299151297161	0.12392649547750322	-0.12239000091540597	0.10871600508125254	-0.08783553850653121	0.16256600137119745	-0.3654097528739619	0.9999999999999977	-0.7329367407428232	0.11654159713006976	-0.14374543464561496	0.1998137244051872	-0.4312726913432957	0.29494494877311045
-0.03641439820312135	0.037500046069957646	-0.04734669723453496	0.05200615427985316	-0.040451975245219415	0.04086215486942844	-0.058458294797974285	0.05896828718109201	-0.04511843768301163	0.0350261894967934	-0.09336036066111039	0.07580031468544515	-0.11082570125369796	0.08353835074659899	-0.09360779191240244	0.10410130705131296	-0.09977585354099991	0.10176725333016619	-0.12017388474087354	0.09156339887995842	-0.10278128631997174	0.12132437134534677	-0.12032772152469194	0.11094010742882549	-0.12440766350352019	0.08814729639616006	-0.158031254973084	0.2316028654593127	-0.7329367407428232	0.9999999999999977	-0.12315662624909854	0.13899363964343883	-0.21413332304161106	0.303664518628052	-0.49627938499517354
0.05911154152941816	-0.06047745866377041	0.07510184566400088	-0.0827652639867027	0.0611128191265362	-0.06781314782266888	0.09325490779908241	-0.09431813417305766	0.06971002685003132	-0.052969217915075376	0.1532391913989936	-0.12859476451985427	0.16373326590807602	-0.11621742055687204	0.12222326412330951	-0.25249766608458624	0.17607338793065988	-0.15418556686627646	0.1560671026144937	-0.10268091401655206	0.2855548860403714	-0.23409391986699052	0.13375886672271742	-0.12162069968187528	0.11810894728612092	-0.5849159258440981	0.19784814205627801	-0.2389824619287802	0.11654159713006976	-0.12315662624909854	0.9999999999999977	-0.5344174496868042	0.268179694866038	-0.11219106785603139	0.10033463758954397
-0.05430635991661251	0.055498399773282116	-0.06979814631469244	0.07512168754564556	-0.05730510867946685	0.061043553862172535	-0.08652060066276472	0.08607949049513884	-0.06450365437532112	0.04922037388698361	-0.1442240434410333	0.11538136928587682	-0.15687733493543	0.10887392296259224	-0.1189511456027221	0.18183829705385215	-0.15701373125253296	0.13941503822889215	-0.1523607941106233	0.0985400515319487	-0.23005602896557972	0.19932320887868432	-0.13134042865246837	0.1154212493110531	-0.1172702706245436	0.22885498847970873	-0.24907989510768447	0.23984004691395905	-0.14374543464561496	0.13899363964343883	-0.5344174496868042	0.9999999999999979	-0.6594248382678591	0.1559707466715605	-0.14797517836719404
0.06081198586147568	-0.06182924654703199	0.07746844044901734	-0.08566999030721878	0.06442707090856752	-0.06942727935877634	0.09488731394938196	-0.09635153817628958	0.07252448973567724	-0.05571343112308263	0.1501073103963494	-0.12467068918134706	0.169023870697815	-0.12415086617447468	0.13275129380688538	-0.19750953372651114	0.16240148001204097	-0.15704958963909663	0.16759290873556287	-0.1149807058839319	0.18731302561573715	-0.22009695048311184	0.15462998080137952	-0.14229246735108123	0.1341178476193025	-0.2047075724259321	0.2259580681254607	-0.38122225715611696	0.1998137244051872	-0.21413332304161106	0.268179694866038	-0.6594248382678591	0.9999999999999983	-0.2904969569256426	0.19741678586702305
-0.0300697997644298	0.030828811902866536	-0.03884642930731519	0.04262945360259737	-0.03281981882095526	0.03389127843050733	-0.047860496286628806	0.04829055064597385	-0.03671551293050425	0.028370153211766586	-0.07643350789776619	0.06232763959125547	-0.08901785906961837	0.06591284265583947	-0.07274757781422797	0.08925469325724339	-0.08181869771922207	0.08172983803050547	-0.09325814228927426	0.06667424485559481	-0.08776222390671197	0.1029991572908666	-0.09174570507891168	0.08409030357225494	-0.08357589229930068	0.0805925975503603	-0.12498587271359946	0.19242469591290545	-0.4312726913432957	0.303664518628052	-0.11219106785603139	0.1559707466715605	-0.2904969569256426	0.9999999999999989	-0.7759357175985615
0.028338276101468763	-0.029028566499050973	0.03650947098269886	-0.04042085344314918	0.03091991351102374	-0.032097717421479224	0.04486867380448688	-0.045548606664224944	0.03464558479841988	-0.026814774311317256	0.07089637918137295	-0.05839821795602437	0.08274302726298115	-0.06268686841587329	0.0683055269680128	-0.08469927909921549	0.07600105470728072	-0.07716128275491974	0.08687461297834831	-0.06542347939538677	0.08018835301591774	-0.09775514626804872	0.08484855488310601	-0.0803262731709451	0.08083801537178117	-0.07569489746410857	0.11181298146886187	-0.18697199078496385	0.29494494877311045	-0.49627938499517354	0.10033463758954397	-0.14797517836719404	0.19741678586702305	-0.7759357175985615	0.9999999999999989
