1.0	-0.663736119850596	0.23161488929099897	-0.16866065532388366	0.06907803002795333	-0.5297140964596962	0.3104763915389955	-0.21186554415933972	0.1672756103868247	-0.06297006743846713	0.1456294346328201	-0.13424037367197705	0.17538403858087875	-0.1446907694771643	0.16689339105858994	-0.14601772057416812	0.10109817475500528	-0.0932507635797321	0.0751189768896752	-0.10067359053252031	0.07001012476533817	-0.09543608344822375	0.09374467174409282	-0.0669733814414745	0.07786097589502085	-0.06349792041219234	0.07742915823572445	-0.11856402370356253	0.06180294911636424	-0.06774777948762184	0.07755604929394636	-0.08188959944170884	0.08724293777472543	-0.07042430398121052	0.07827809867960886	-0.05918477107179438	0.11774749658189199	-0.09791750173873595	0.058052123309961824	-0.08768007496120404	0.07230051891888953	-0.04348130923266641	0.06888767863697033	-0.03729522886486361	0.0387031768075157
-0.663736119850596	0.9999999999999999	-0.3356605810604628	0.17436923374930502	-0.06624326442977903	0.31299680317002965	-0.5293568587140911	0.2092890734729492	-0.17824914463434952	0.060104155910790776	-0.10412039142643405	0.09286000891157324	-0.19017000976329734	0.13994940420779645	-0.15824988289150418	0.09836680008820495	-0.07249307168417166	0.07149817705474205	-0.0598017910681311	0.0828252020921985	-0.0502037548411515	0.06789262607013223	-0.07288089844734853	0.052619422724128714	-0.06392416122533312	0.04511123192583991	-0.05595330951571432	0.08638177472167043	-0.04830625486796056	0.05365653179720485	-0.057585177536232476	0.060381410578501514	-0.06480002472360344	0.05438303782419008	-0.062054467968469675	0.04385655186647929	-0.08768138143736721	0.07251119278269194	-0.04354198244278268	0.06558743838913522	-0.053791831230616656	0.03232269061889003	-0.05127629766921354	0.02789902824975285	-0.029093096452595876
0.23161488929099897	-0.3356605810604628	1.0	-0.6650480432980606	0.10722122350824836	-0.22876587622967023	0.1978132656600646	-0.22907351135093723	0.2968283542572061	-0.10307977231658039	0.09882604931230786	-0.10009059760671749	0.18934504975443167	-0.2279759552828021	0.21665554474528553	-0.10931275305985398	0.08365781085068455	-0.09917628389489817	0.08837720136775012	-0.13267475112969626	0.06364298756175554	-0.0911005595420698	0.09878236395140413	-0.07990346993023952	0.09688850993322635	-0.059211879300885555	0.07566793496618646	-0.13382349001382338	0.07359918388284357	-0.08500193235701528	0.08774294030910958	-0.09243994958646091	0.09883804437144803	-0.08455603497305708	0.09549489431168251	-0.06779664022794805	0.13437091910734625	-0.11926104511363599	0.07062254658939157	-0.10860669548075304	0.0830707309942485	-0.050277572147679916	0.07966189456971359	-0.04552043194172697	0.04699210805327403
-0.16866065532388366	0.17436923374930502	-0.6650480432980606	1.0000000000000004	-0.12907438959457035	0.14823779555026934	-0.14113395741071258	0.17460919303021116	-0.5962518127732036	0.11441594842411894	-0.06652459051640407	0.06688238672053859	-0.17265607856645931	0.22012181744099302	-0.2218273548302716	0.07169026832578926	-0.05604016151239165	0.06829999350004436	-0.0640082022123834	0.09921263588606047	-0.04179740812116911	0.05921477742939062	-0.06879174212658204	0.05639887633996004	-0.0735216813478174	0.038574311932952444	-0.04940541064400322	0.08578217017860981	-0.051575799700663005	0.060120825644740535	-0.056926540917841204	0.05982228037892991	-0.06456518809665113	0.0580282955483262	-0.06819140216385611	0.043796837253876474	-0.08719476145441991	0.07634867398074273	-0.046109200737367996	0.07037662523696918	-0.053763312603839306	0.032489803472530936	-0.051528894024257504	0.029565108476480403	-0.0307718968409567
0.06907803002795333	-0.06624326442977903	0.10722122350824836	-0.12907438959457035	1.0	-0.07514243605210695	0.061349120753804214	-0.09151096678764992	0.14246947550768072	-0.9446082561651395	0.03855933755752099	-0.04053629146122669	0.08591313217984815	-0.13037921482184903	0.17326693883319183	-0.044176466521856125	0.035051764557107803	-0.04626309896113125	0.04586290739560976	-0.08054194648271086	0.027137072529795397	-0.03924034124922085	0.045925547749331254	-0.04103678389790155	0.05415252702539675	-0.025371273440573598	0.0328603222195143	-0.0598434071031294	0.03702282758006879	-0.04491172694908998	0.03931777351750716	-0.04155071495387286	0.04499874545396305	-0.04200617512928412	0.04911100031706363	-0.030393116035813794	0.06025546873344202	-0.05472883939880457	0.0330620150915447	-0.05097964008493065	0.03720906145439327	-0.02257176577185687	0.03575415510594155	-0.02121433184200335	0.022018263621507134
-0.5297140964596962	0.31299680317002965	-0.22876587622967023	0.14823779555026934	-0.07514243605210695	1.0	-0.6268046745188671	0.2402539890069209	-0.1864552838073678	0.06710675728674328	-0.24180206026569293	0.15512931352671325	-0.24330484256701557	0.15788211407552938	-0.1928957565088776	0.1613883321259779	-0.11672458308693907	0.09430638928114096	-0.07505808360118249	0.0975737739254935	-0.07464452393363777	0.09547677517833668	-0.09839921829729083	0.06503127933286422	-0.07767505856597125	0.06462833919736843	-0.07879148350264034	0.10695961206720306	-0.059606975089060155	0.06411862846260438	-0.07258909586416379	0.07575236291685594	-0.08149329580629029	0.06631384140274575	-0.07546699150118426	0.054549291886179636	-0.1099081742073476	0.0854646389864915	-0.05174688759593713	0.07662642065863326	-0.06695112022162084	0.03998376346690485	-0.063480065119066	0.03301168134908007	-0.03467494513290113
0.3104763915389955	-0.5293568587140911	0.1978132656600646	-0.14113395741071258	0.061349120753804214	-0.6268046745188671	1.0	-0.3951318214462187	0.16018308792568908	-0.05633836734968909	0.13224539713884645	-0.11625850432551964	0.22619301115415888	-0.14841424916496487	0.15581993440490313	-0.11957503197330159	0.08440489916945623	-0.0757675195601772	0.06021771665854663	-0.08184832536632082	0.05510613117263495	-0.07361134365699486	0.07625454613944975	-0.05277063975843126	0.06288620802750465	-0.04907782730278959	0.05986018208892009	-0.08664663979697869	0.04799449775510019	-0.05272336056210031	0.057274366585939554	-0.06037823557111658	0.06487410870869138	-0.053913492361345905	0.06092408468260491	-0.04339702541031383	0.08674764412659808	-0.0706401066316492	0.042497726803749074	-0.06369318881072983	0.05303213016723032	-0.03182156706262443	0.05043577085769747	-0.027178421768563235	0.028391480577403996
-0.21186554415933972	0.2092890734729492	-0.22907351135093723	0.17460919303021116	-0.09151096678764992	0.2402539890069209	-0.3951318214462187	0.9999999999999994	-0.2817406023303458	0.0846509381334455	-0.1008034096422085	0.09771059657997454	-0.7259517989689173	0.2620131488986196	-0.26265715455269084	0.09567667487847509	-0.07806360791994835	0.0907535328460576	-0.07523704418304925	0.10822247700351793	-0.05202047722134237	0.07106735220127791	-0.09161277107438537	0.06448960679189948	-0.0823311285417808	0.04657063514285942	-0.05918951193766009	0.09261820597701832	-0.05778379017077455	0.06523751292997004	-0.06200850293764318	0.06502239420954556	-0.07075861938103012	0.06386273564328543	-0.07510719106013905	0.04714149495062063	-0.09448409827871367	0.07868881963275212	-0.04822135700741322	0.07244274499108916	-0.0578647696834578	0.034788853403338704	-0.055211323890984224	0.030742932113049348	-0.03227300281661996
0.1672756103868247	-0.17824914463434952	0.2968283542572061	-0.5962518127732036	0.14246947550768072	-0.1864552838073678	0.16018308792568908	-0.2817406023303458	0.9999999999999984	-0.15738815778722945	0.08650901117077889	-0.08948152781090817	0.23705150900521516	-0.4831227200234791	0.27379633048630664	-0.09580641564020177	0.07516060776373876	-0.0941522487844637	0.08705292774467675	-0.14063487834809832	0.05657015063007737	-0.08106715183266634	0.09311158715273274	-0.07782467634813685	0.09853014526183355	-0.05254787110443619	0.0675242111445165	-0.11952012185292446	0.07048468128302447	-0.08323770068321536	0.07844187703657725	-0.08279767334386562	0.08922928448363478	-0.08019376807987727	0.09238242549009579	-0.06053181700044809	0.12007077602981768	-0.10723342493593971	0.06432308177725456	-0.09885528223406756	0.0741185776160995	-0.044885340671957916	0.07111070037662211	-0.04132333881959608	0.04283422296343484
-0.06297006743846713	0.060104155910790776	-0.10307977231658039	0.11441594842411894	-0.9446082561651395	0.06710675728674328	-0.05633836734968909	0.0846509381334455	-0.15738815778722945	0.9999999999999974	-0.03408087585534083	0.03563833923172507	-0.083560899491665	0.12663394175086518	-0.21176075479939763	0.03858303717614207	-0.03074307379972094	0.040754197229197466	-0.04154531308401986	0.0733819188522622	-0.023573629797098483	0.033925382790814244	-0.040712047611803234	0.03657436390754689	-0.050355886545208645	0.021965242399339946	-0.028441335305182065	0.05131535958808411	-0.032979371276606086	0.04001277575443594	-0.033898955848299626	0.03577952690141649	-0.03889757025037769	0.03700304090773153	-0.04416316708389389	0.02615335594318781	-0.051956700050044914	0.04680699035551587	-0.028533651069077015	0.043807728170154485	-0.03205148337576963	0.019425610838911235	-0.030788137239695295	0.01826281658848638	-0.01902940026029875
0.1456294346328201	-0.10412039142643405	0.09882604931230786	-0.06652459051640407	0.03855933755752099	-0.24180206026569293	0.13224539713884645	-0.1008034096422085	0.08650901117077889	-0.03408087585534083	0.9999999999999972	-0.6290166905546567	0.10309338835177237	-0.07683723189167348	0.100709945751644	-0.6178817775009942	0.3052560013350933	-0.1300901427980912	0.07508783609760215	-0.0728462906933485	0.15200365903445817	-0.18968230249301268	0.12839647852749647	-0.0642648735955086	0.060610124288594094	-0.1291870268620059	0.14267342073694025	-0.13074315227385622	0.05722828328231529	-0.05344897333283603	0.08160809873051025	-0.08957070424077371	0.09544589371164942	-0.06395025181043006	0.0639843980169261	-0.05913063032541051	0.11808255734918127	-0.08131474538727797	0.04831580681055263	-0.06858985359335243	0.07013516712373685	-0.04146812184480574	0.06523400610889532	-0.030517602149976827	0.032166520529368296
-0.13424037367197705	0.09286000891157324	-0.10009059760671749	0.06688238672053859	-0.04053629146122669	0.15512931352671325	-0.11625850432551964	0.09771059657997454	-0.08948152781090817	0.03563833923172507	-0.6290166905546567	0.9999999999999972	-0.11197266324033993	0.07997144390606174	-0.10728205327341098	0.3262897092269283	-0.603553414083456	0.15478927615218827	-0.08893102077027303	0.08009407249010872	-0.16155234921663728	0.21091939986430885	-0.16479675549432551	0.07395598648690878	-0.06774986747257132	0.12542071936937885	-0.17746156940906047	0.1421606214289816	-0.06556799215463487	0.059484640091110694	-0.09487090653026523	0.1015618022700178	-0.11018874657722025	0.07223436556519895	-0.07179337558534411	0.06767314522380995	-0.1374437565701984	0.08990566325393184	-0.05376715258369946	0.07540995543162747	-0.08108793626258672	0.047672838244565675	-0.07520156765108553	0.033858742902100517	-0.03586053960180058
0.17538403858087875	-0.19017000976329734	0.18934504975443167	-0.17265607856645931	0.08591313217984815	-0.24330484256701557	0.22619301115415888	-0.7259517989689173	0.23705150900521516	-0.083560899491665	0.10309338835177237	-0.11197266324033993	0.9999999999999946	-0.45478527875665836	0.2498390154718315	-0.10327289398281063	0.08489699606525634	-0.10697071736947368	0.08060850525717381	-0.11928417697702058	0.05566078794268083	-0.0777316884209298	0.09913664598250263	-0.07011232366497645	0.08543620732686447	-0.050297078932782506	0.06401885362274394	-0.10173867315467777	0.06168416632498358	-0.07023725971380523	0.06657415302104475	-0.07045396893188446	0.07653637746788175	-0.06906492109927602	0.07888392968120005	-0.050789569513592134	0.10118848782525834	-0.08643478479321309	0.05248436359061223	-0.07948373655079442	0.062030072289037314	-0.03739572120969782	0.05923883315897127	-0.03353150289052028	0.035014886325582445
-0.1446907694771643	0.13994940420779645	-0.2279759552828021	0.22012181744099302	-0.13037921482184903	0.15788211407552938	-0.14841424916496487	0.2620131488986196	-0.4831227200234791	0.12663394175086518	-0.07683723189167348	0.07997144390606174	-0.45478527875665836	0.9999999999999974	-0.6030270418326819	0.08197470381597123	-0.06696275432423164	0.08780963469445048	-0.08840477726932588	0.14952357550064047	-0.04825395097339819	0.06830386681142067	-0.08760420593386824	0.07502858830004727	-0.10705955690439332	0.044321957134830545	-0.05720395872944318	0.09847654123823141	-0.0668398333013872	0.0799530738268937	-0.0655208957220937	0.06905763159509856	-0.0755948033545695	0.0735553811347974	-0.08993781136927732	0.05024591292882058	-0.10024246179109833	0.08802823961561719	-0.05451027284101216	0.08281627467612487	-0.06163544979461105	0.037254784169246054	-0.05909667917681194	0.03471363593602993	-0.036440938796522354
0.16689339105858994	-0.15824988289150418	0.21665554474528553	-0.2218273548302716	0.17326693883319183	-0.1928957565088776	0.15581993440490313	-0.26265715455269084	0.27379633048630664	-0.21176075479939763	0.100709945751644	-0.10728205327341098	0.2498390154718315	-0.6030270418326819	0.9999999999999959	-0.1157671187047308	0.09300142301551502	-0.1293003204888436	0.13889432052473358	-0.31570010266756704	0.07139298513302164	-0.10341748397448094	0.12685317458684295	-0.12252400302347663	0.17442435727826597	-0.0667312760592592	0.08673162201168799	-0.15822944452742338	0.10739889227145316	-0.13652421369238496	0.10376059986884466	-0.11016523080900187	0.12048008735320921	-0.12046257723192647	0.14422121685945852	-0.08010242217546495	0.15879169745414393	-0.14584595064135253	0.08965660462725682	-0.13838427963369984	0.09789861969741981	-0.05945011705735026	0.09414281828159571	-0.05724012943746225	0.05969536596882402
-0.14601772057416812	0.09836680008820495	-0.10931275305985398	0.07169026832578926	-0.044176466521856125	0.1613883321259779	-0.11957503197330159	0.09567667487847509	-0.09580641564020177	0.03858303717614207	-0.6178817775009942	0.3262897092269283	-0.10327289398281063	0.08197470381597123	-0.1157671187047308	0.999999999999996	-0.5338643395168234	0.1629874045096462	-0.0975938415584147	0.08855834621706489	-0.26944075727889755	0.2350107677980998	-0.1787555343578054	0.08182801648268953	-0.07566263095229367	0.17744220718575093	-0.2100087750953195	0.1655269392361844	-0.07395150034742538	0.06684266774236991	-0.1116867872110817	0.11914339974187245	-0.1287194016348753	0.08167315641009457	-0.0811971112531615	0.07945788225662871	-0.16155264486432952	0.10372916509091233	-0.06185097317749989	0.0863620738070899	-0.09522756795261378	0.05589399628017811	-0.08818609661669038	0.03895013458125323	-0.04127519905961657
0.10109817475500528	-0.07249307168417166	0.08365781085068455	-0.05604016151239165	0.035051764557107803	-0.11672458308693907	0.08440489916945623	-0.07806360791994835	0.07516060776373876	-0.03074307379972094	0.3052560013350933	-0.603553414083456	0.08489699606525634	-0.06696275432423164	0.09300142301551502	-0.5338643395168234	0.9999999999999957	-0.22875995155091883	0.09607561059693526	-0.07928706484904435	0.18131643500147912	-0.38835942377320964	0.1821054732853844	-0.0797780276465663	0.06684782617815593	-0.15481986117882954	0.2080255022446035	-0.15929002476732307	0.06766780235430886	-0.059553212237199483	0.09566557129798643	-0.10787452946112047	0.1150061007861547	-0.07498342405525331	0.0713905619972515	-0.06821607326485991	0.13614065069344974	-0.09068644692038297	0.053960730202832846	-0.07541419924314496	0.08001849760317592	-0.04717544835623399	0.07398988251285299	-0.03386663993354683	0.03580735199376154
-0.0932507635797321	0.07149817705474205	-0.09917628389489817	0.06829999350004436	-0.04626309896113125	0.09430638928114096	-0.0757675195601772	0.0907535328460576	-0.0941522487844637	0.040754197229197466	-0.1300901427980912	0.15478927615218827	-0.10697071736947368	0.08780963469445048	-0.1293003204888436	0.1629874045096462	-0.22875995155091883	0.9999999999999937	-0.32827804967329105	0.15614309738481075	-0.10023308608554789	0.14331667620290356	-0.8205992992458986	0.21227275260218204	-0.13084499770279234	0.08732867428974862	-0.12027402267382059	0.18203611240050485	-0.14189812065564164	0.11015699220310443	-0.10688649463227395	0.11482966681032247	-0.13813875496319653	0.1451210740435568	-0.1265214799879118	0.07830172013196432	-0.1582458767371283	0.1183055606748539	-0.07522146707989043	0.10652126748365033	-0.09442672099507342	0.05619760549526928	-0.08883524733293793	0.046804436104855664	-0.05001378087905121
0.0751189768896752	-0.0598017910681311	0.08837720136775012	-0.0640082022123834	0.04586290739560976	-0.07505808360118249	0.06021771665854663	-0.07523704418304925	0.08705292774467675	-0.04154531308401986	0.07508783609760215	-0.08893102077027303	0.08060850525717381	-0.08840477726932588	0.13889432052473358	-0.0975938415584147	0.09607561059693526	-0.32827804967329105	0.9999999999999953	-0.3565041865004574	0.06481283835834116	-0.09580340235732519	0.2387731619988166	-0.7228041586318037	0.22178527131276796	-0.06017942174014079	0.0818516967688675	-0.15360272303730574	0.25315623143450244	-0.1860749610878582	0.09349598397620147	-0.10686974973660579	0.13247972035413993	-0.2782973042847361	0.1860081165989422	-0.07051903032164049	0.1384976540568482	-0.12721465251751485	0.08751899810485839	-0.1270409151680277	0.08344542193014536	-0.050722306336923366	0.07977369646547677	-0.0533571636754442	0.0570888563494519
-0.10067359053252031	0.0828252020921985	-0.13267475112969626	0.09921263588606047	-0.08054194648271086	0.0975737739254935	-0.08184832536632082	0.10822247700351793	-0.14063487834809832	0.0733819188522622	-0.0728462906933485	0.08009407249010872	-0.11928417697702058	0.14952357550064047	-0.31570010266756704	0.08855834621706489	-0.07928706484904435	0.15614309738481075	-0.3565041865004574	0.9999999999999957	-0.061637226290772076	0.08841511188181028	-0.16735603083364747	0.2325799971148992	-0.6720751264654131	0.05728337187012415	-0.07741681456080074	0.1449850668386186	-0.20059377347220078	0.2698561282042341	-0.10346835821745363	0.10899896748154338	-0.13015488219605403	0.19305888896095755	-0.30872083473431094	0.0782902226473293	-0.15920498006594583	0.1407121220418835	-0.10450901089858809	0.15248942778497498	-0.09688105766083532	0.05856735619711388	-0.09349119648748451	0.06351693753159218	-0.07074206295401171
0.07001012476533817	-0.0502037548411515	0.06364298756175554	-0.04179740812116911	0.027137072529795397	-0.07464452393363777	0.05510613117263495	-0.05202047722134237	0.05657015063007737	-0.023573629797098483	0.15200365903445817	-0.16155234921663728	0.05566078794268083	-0.04825395097339819	0.07139298513302164	-0.26944075727889755	0.18131643500147912	-0.10023308608554789	0.06481283835834116	-0.061637226290772076	0.9999999999999987	-0.3563205997956926	0.10472355915685377	-0.05720802494975782	0.05321304874572044	-0.8111483171900767	0.2843354064766278	-0.19043663881654135	0.055804751413011694	-0.04953037681124878	0.10050527537804914	-0.122882477277416	0.12221627825793245	-0.0641570058627844	0.060703247730246546	-0.07139195569489241	0.13443974720305113	-0.08981124761437033	0.0516964417706915	-0.07146655366440349	0.0787697034266161	-0.04661476831434096	0.07195753348783894	-0.0323781011655588	0.03399915562783418
-0.09543608344822375	0.06789262607013223	-0.0911005595420698	0.05921477742939062	-0.03924034124922085	0.09547677517833668	-0.07361134365699486	0.07106735220127791	-0.08106715183266634	0.033925382790814244	-0.18968230249301268	0.21091939986430885	-0.0777316884209298	0.06830386681142067	-0.10341748397448094	0.2350107677980998	-0.38835942377320964	0.14331667620290356	-0.09580340235732519	0.08841511188181028	-0.3563205997956926	0.9999999999999922	-0.1601506964164931	0.08278609886543964	-0.07767319788595953	0.2637789816758577	-0.6776648539909883	0.23993939447100252	-0.08251281565521303	0.07157123495291091	-0.15639506133433928	0.1778150273758097	-0.18977153006158726	0.09290248587590288	-0.08895613278197853	0.10588839519988255	-0.21492853175638757	0.1278599852958127	-0.07489788896111065	0.1013987312200177	-0.1229506039813131	0.07168473721833354	-0.11204892304234577	0.04669226925599361	-0.04952573646774801
0.09374467174409282	-0.07288089844734853	0.09878236395140413	-0.06879174212658204	0.045925547749331254	-0.09839921829729083	0.07625454613944975	-0.09161277107438537	0.09311158715273274	-0.040712047611803234	0.12839647852749647	-0.16479675549432551	0.09913664598250263	-0.08760420593386824	0.12685317458684295	-0.1787555343578054	0.1821054732853844	-0.8205992992458986	0.2387731619988166	-0.16735603083364747	0.10472355915685377	-0.1601506964164931	0.9999999999999918	-0.2554723748419382	0.13238799335853854	-0.09636120600429886	0.12936733377367343	-0.24340441733221538	0.14886242230861285	-0.12028527035267952	0.11233391605829741	-0.12737932625556567	0.15217524390986845	-0.16916601714214044	0.13216901265129655	-0.08349024509579792	0.16397452310224428	-0.1337542312420002	0.08326294536371152	-0.11991178580081555	0.09809934388164536	-0.058978192981363725	0.09245619893540828	-0.051951742091175035	0.05480362695563464
-0.0669733814414745	0.052619422724128714	-0.07990346993023952	0.05639887633996004	-0.04103678389790155	0.06503127933286422	-0.05277063975843126	0.06448960679189948	-0.07782467634813685	0.03657436390754689	-0.0642648735955086	0.07395598648690878	-0.07011232366497645	0.07502858830004727	-0.12252400302347663	0.08182801648268953	-0.0797780276465663	0.21227275260218204	-0.7228041586318037	0.2325799971148992	-0.05720802494975782	0.08278609886543964	-0.2554723748419382	0.9999999999999909	-0.24566119144788853	0.05288261614758673	-0.07271122086688385	0.13718368669519457	-0.4478266833367726	0.17965013628577423	-0.0885008563122917	0.09898375290732235	-0.12859895332172452	0.26038863905981147	-0.19850305873978707	0.06603093894127948	-0.1316911284322843	0.11596626586393285	-0.08326173026360881	0.11736987298162527	-0.07901704471142029	0.047790995313447035	-0.0754988547475499	0.0499892146372247	-0.054478228855242644
0.07786097589502085	-0.06392416122533312	0.09688850993322635	-0.0735216813478174	0.05415252702539675	-0.07767505856597125	0.06288620802750465	-0.0823311285417808	0.09853014526183355	-0.050355886545208645	0.060610124288594094	-0.06774986747257132	0.08543620732686447	-0.10705955690439332	0.17442435727826597	-0.07566263095229367	0.06684782617815593	-0.13084499770279234	0.22178527131276796	-0.6720751264654131	0.05321304874572044	-0.07767319788595953	0.13238799335853854	-0.24566119144788853	0.9999999999999876	-0.050064821194558705	0.06782394365638097	-0.1319658745593879	0.18600997342028575	-0.5294469846222112	0.08895765396283888	-0.09744645605078761	0.11708851406906651	-0.20123354403998794	0.2780605614129329	-0.06796974627254523	0.1353777737515857	-0.13548725215032054	0.09805556194424297	-0.15473128547940984	0.08239702535234952	-0.05044662112226348	0.07989111669927358	-0.059874478049587995	0.06487993608908216
-0.06349792041219234	0.04511123192583991	-0.059211879300885555	0.038574311932952444	-0.025371273440573598	0.06462833919736843	-0.04907782730278959	0.04657063514285942	-0.05254787110443619	0.021965242399339946	-0.1291870268620059	0.12542071936937885	-0.050297078932782506	0.044321957134830545	-0.0667312760592592	0.17744220718575093	-0.15481986117882954	0.08732867428974862	-0.06017942174014079	0.05728337187012415	-0.8111483171900767	0.2637789816758577	-0.09636120600429886	0.05288261614758673	-0.050064821194558705	0.9999999999999906	-0.4453051174858144	0.17264838933751953	-0.05316431521851113	0.046563784759180424	-0.10429983786508301	0.12152377604916692	-0.12446882587576522	0.06064403147343206	-0.05768170203527596	0.07084725640101959	-0.1365731766637077	0.08532124082296681	-0.04944307134883426	0.06741081423181244	-0.07904670635012684	0.04636644407135304	-0.07180240721674931	0.03085297454960102	-0.03256131150815418
0.07742915823572445	-0.05595330951571432	0.07566793496618646	-0.04940541064400322	0.0328603222195143	-0.07879148350264034	0.05986018208892009	-0.05918951193766009	0.0675242111445165	-0.028441335305182065	0.14267342073694025	-0.17746156940906047	0.06401885362274394	-0.05720395872944318	0.08673162201168799	-0.2100087750953195	0.2080255022446035	-0.12027402267382059	0.0818516967688675	-0.07741681456080074	0.2843354064766278	-0.6776648539909883	0.12936733377367343	-0.07271122086688385	0.06782394365638097	-0.4453051174858144	0.9999999999999893	-0.3527324999336074	0.07447092837757974	-0.06396993973351683	0.1456992614338086	-0.21945084643986376	0.19251351743740427	-0.08625008699049262	0.0793689482975754	-0.09970589176463238	0.1905430879158115	-0.12192247370960257	0.06973700274966779	-0.09426353119638876	0.10852049733660889	-0.06393759017653801	0.09831847175852396	-0.043221964592599874	0.045518274337710996
-0.11856402370356253	0.08638177472167043	-0.13382349001382338	0.08578217017860981	-0.0598434071031294	0.10695961206720306	-0.08664663979697869	0.09261820597701832	-0.11952012185292446	0.05131535958808411	-0.13074315227385622	0.1421606214289816	-0.10173867315467777	0.09847654123823141	-0.15822944452742338	0.1655269392361844	-0.15929002476732307	0.18203611240050485	-0.15360272303730574	0.1449850668386186	-0.19043663881654135	0.23993939447100252	-0.24340441733221538	0.13718368669519457	-0.1319658745593879	0.17264838933751953	-0.3527324999336074	0.999999999999986	-0.15745102618069337	0.12533725094453643	-0.2792418976464745	0.29925730342606177	-0.5641515495412656	0.17756567858142577	-0.16077851502232818	0.1889928034653876	-0.395265496328145	0.24151274947056148	-0.1428848297830192	0.18243215440192953	-0.22582490243975273	0.13154073840130964	-0.20763959526283404	0.08663397826269272	-0.09309893454514287
0.06180294911636424	-0.04830625486796056	0.07359918388284357	-0.051575799700663005	0.03702282758006879	-0.059606975089060155	0.04799449775510019	-0.05778379017077455	0.07048468128302447	-0.032979371276606086	0.05722828328231529	-0.06556799215463487	0.06168416632498358	-0.0668398333013872	0.10739889227145316	-0.07395150034742538	0.06766780235430886	-0.14189812065564164	0.25315623143450244	-0.20059377347220078	0.055804751413011694	-0.08251281565521303	0.14886242230861285	-0.4478266833367726	0.18600997342028575	-0.05316431521851113	0.07447092837757974	-0.15745102618069337	0.999999999999987	-0.25963162041620225	0.09552884710938517	-0.11939861621646458	0.1621310352829771	-0.7450261853209353	0.2367142786000937	-0.07203924022476885	0.1386572233654407	-0.13859721714533624	0.10192949167312917	-0.14176794069405743	0.08297101470055505	-0.05087171318250594	0.0795244596085528	-0.05937321176658234	0.06314240003993157
-0.06774777948762184	0.05365653179720485	-0.08500193235701528	0.060120825644740535	-0.04491172694908998	0.06411862846260438	-0.05272336056210031	0.06523751292997004	-0.08323770068321536	0.04001277575443594	-0.05344897333283603	0.059484640091110694	-0.07023725971380523	0.0799530738268937	-0.13652421369238496	0.06684266774236991	-0.059553212237199483	0.11015699220310443	-0.1860749610878582	0.2698561282042341	-0.04953037681124878	0.07157123495291091	-0.12028527035267952	0.17965013628577423	-0.5294469846222112	0.046563784759180424	-0.06396993973351683	0.12533725094453643	-0.25963162041620225	0.9999999999999879	-0.0914094171292144	0.09816227200406623	-0.1227563999127018	0.22939342922236336	-0.6859659982348008	0.0692203567381461	-0.1407751334761565	0.13576971870727844	-0.1164111784127169	0.17416560518560542	-0.0853725527257575	0.05205912286698146	-0.08319934003862126	0.06703207786133016	-0.07679402490465238
0.07755604929394636	-0.057585177536232476	0.08774294030910958	-0.056926540917841204	0.03931777351750716	-0.07258909586416379	0.057274366585939554	-0.06200850293764318	0.07844187703657725	-0.033898955848299626	0.08160809873051025	-0.09487090653026523	0.06657415302104475	-0.0655208957220937	0.10376059986884466	-0.1116867872110817	0.09566557129798643	-0.10688649463227395	0.09349598397620147	-0.10346835821745363	0.10050527537804914	-0.15639506133433928	0.11233391605829741	-0.0885008563122917	0.08895765396283888	-0.10429983786508301	0.1456992614338086	-0.2792418976464745	0.09552884710938517	-0.0914094171292144	0.9999999999999869	-0.49082341341611324	0.24257797585201313	-0.11930250676324156	0.1113314614516503	-0.6395566877877997	0.2750799375802691	-0.23050646447420958	0.1208152061532292	-0.17582745953040654	0.26290432839413136	-0.16228999003877148	0.190483182195789	-0.07699877572179468	0.07725593359909468
-0.08188959944170884	0.060381410578501514	-0.09243994958646091	0.05982228037892991	-0.04155071495387286	0.07575236291685594	-0.06037823557111658	0.06502239420954556	-0.08279767334386562	0.03577952690141649	-0.08957070424077371	0.1015618022700178	-0.07045396893188446	0.06905763159509856	-0.11016523080900187	0.11914339974187245	-0.10787452946112047	0.11482966681032247	-0.10686974973660579	0.10899896748154338	-0.122882477277416	0.1778150273758097	-0.12737932625556567	0.09898375290732235	-0.09744645605078761	0.12152377604916692	-0.21945084643986376	0.29925730342606177	-0.11939861621646458	0.09816227200406623	-0.49082341341611324	0.9999999999999872	-0.5526715096809994	0.14481770459031246	-0.12447467111325412	0.23820162056765673	-0.48173220125583466	0.23270945167482301	-0.12760846456275868	0.16747729627718672	-0.21946158324703827	0.1269994580895162	-0.18410507495061218	0.07719821247379463	-0.08028479468438557
0.08724293777472543	-0.06480002472360344	0.09883804437144803	-0.06456518809665113	0.04499874545396305	-0.08149329580629029	0.06487410870869138	-0.07075861938103012	0.08922928448363478	-0.03889757025037769	0.09544589371164942	-0.11018874657722025	0.07653637746788175	-0.0755948033545695	0.12048008735320921	-0.1287194016348753	0.1150061007861547	-0.13813875496319653	0.13247972035413993	-0.13015488219605403	0.12221627825793245	-0.18977153006158726	0.15217524390986845	-0.12859895332172452	0.11708851406906651	-0.12446882587576522	0.19251351743740427	-0.5641515495412656	0.1621310352829771	-0.1227563999127018	0.24257797585201313	-0.5526715096809994	0.9999999999999858	-0.24557570050246255	0.1548680134936199	-0.18003612828184423	0.3027823050833587	-0.3477084487383474	0.16179465717479857	-0.20425976867171	0.17371952715897412	-0.10782936302645553	0.1605648413802138	-0.09405906357578556	0.0965958859234484
-0.07042430398121052	0.05438303782419008	-0.08455603497305708	0.0580282955483262	-0.04200617512928412	0.06631384140274575	-0.053913492361345905	0.06386273564328543	-0.08019376807987727	0.03700304090773153	-0.06395025181043006	0.07223436556519895	-0.06906492109927602	0.0735553811347974	-0.12046257723192647	0.08167315641009457	-0.07498342405525331	0.1451210740435568	-0.2782973042847361	0.19305888896095755	-0.0641570058627844	0.09290248587590288	-0.16916601714214044	0.26038863905981147	-0.20123354403998794	0.06064403147343206	-0.08625008699049262	0.17756567858142577	-0.7450261853209353	0.22939342922236336	-0.11930250676324156	0.14481770459031246	-0.24557570050246255	0.9999999999999835	-0.35894640208859635	0.08764732072409498	-0.172752159957129	0.16185801030831068	-0.13187493979855183	0.1654950674578219	-0.10217737564198907	0.06215405344490474	-0.09770999457735147	0.07177677283984546	-0.0783890058984897
0.07827809867960886	-0.062054467968469675	0.09549489431168251	-0.06819140216385611	0.04911100031706363	-0.07546699150118426	0.06092408468260491	-0.07510719106013905	0.09238242549009579	-0.04416316708389389	0.0639843980169261	-0.07179337558534411	0.07888392968120005	-0.08993781136927732	0.14422121685945852	-0.0811971112531615	0.0713905619972515	-0.1265214799879118	0.1860081165989422	-0.30872083473431094	0.060703247730246546	-0.08895613278197853	0.13216901265129655	-0.19850305873978707	0.2780605614129329	-0.05768170203527596	0.0793689482975754	-0.16077851502232818	0.2367142786000937	-0.6859659982348008	0.1113314614516503	-0.12447467111325412	0.1548680134936199	-0.35894640208859635	0.9999999999999848	-0.08536901036691368	0.17004553470397907	-0.19438344405244626	0.16145302683601834	-0.3107738304073279	0.1032553991394154	-0.06403033490704792	0.10147615590139228	-0.09394728983246944	0.10292753174229213
-0.05918477107179438	0.04385655186647929	-0.06779664022794805	0.043796837253876474	-0.030393116035813794	0.054549291886179636	-0.04339702541031383	0.04714149495062063	-0.06053181700044809	0.02615335594318781	-0.05913063032541051	0.06767314522380995	-0.050789569513592134	0.05024591292882058	-0.08010242217546495	0.07945788225662871	-0.06821607326485991	0.07830172013196432	-0.07051903032164049	0.0782902226473293	-0.07139195569489241	0.10588839519988255	-0.08349024509579792	0.06603093894127948	-0.06796974627254523	0.07084725640101959	-0.09970589176463238	0.1889928034653876	-0.07203924022476885	0.0692203567381461	-0.6395566877877997	0.23820162056765673	-0.18003612828184423	0.08764732072409498	-0.08536901036691368	0.999999999999986	-0.2714996667913145	0.17754754934500566	-0.09479943885276085	0.13391988404303826	-0.5593608608817346	0.2172354536515755	-0.27864028294400905	0.060858866941408754	-0.06168854338012395
0.11774749658189199	-0.08768138143736721	0.13437091910734625	-0.08719476145441991	0.06025546873344202	-0.1099081742073476	0.08674764412659808	-0.09448409827871367	0.12007077602981768	-0.051956700050044914	0.11808255734918127	-0.1374437565701984	0.10118848782525834	-0.10024246179109833	0.15879169745414393	-0.16155264486432952	0.13614065069344974	-0.1582458767371283	0.1384976540568482	-0.15920498006594583	0.13443974720305113	-0.21492853175638757	0.16397452310224428	-0.1316911284322843	0.1353777737515857	-0.1365731766637077	0.1905430879158115	-0.395265496328145	0.1386572233654407	-0.1407751334761565	0.2750799375802691	-0.48173220125583466	0.3027823050833587	-0.172752159957129	0.17004553470397907	-0.2714996667913145	0.9999999999999856	-0.40019928215184425	0.1973727417084443	-0.2920770044129293	0.22384446872969904	-0.15569993798801168	0.20592924970646845	-0.12512871005177242	0.1238337593586154
-0.09791750173873595	0.07251119278269194	-0.11926104511363599	0.07634867398074273	-0.05472883939880457	0.0854646389864915	-0.0706401066316492	0.07868881963275212	-0.10723342493593971	0.04680699035551587	-0.08131474538727797	0.08990566325393184	-0.08643478479321309	0.08802823961561719	-0.14584595064135253	0.10372916509091233	-0.09068644692038297	0.1183055606748539	-0.12721465251751485	0.1407121220418835	-0.08981124761437033	0.1278599852958127	-0.1337542312420002	0.11596626586393285	-0.13548725215032054	0.08532124082296681	-0.12192247370960257	0.24151274947056148	-0.13859721714533624	0.13576971870727844	-0.23050646447420958	0.23270945167482301	-0.3477084487383474	0.16185801030831068	-0.19438344405244626	0.17754754934500566	-0.40019928215184425	0.9999999999999847	-0.556084645119334	0.31021197141133405	-0.23193135290592373	0.15276631942355365	-0.26451613744923436	0.19372590387207186	-0.2231020491782931
0.058052123309961824	-0.04354198244278268	0.07062254658939157	-0.046109200737367996	0.0330620150915447	-0.05174688759593713	0.042497726803749074	-0.04822135700741322	0.06432308177725456	-0.028533651069077015	0.04831580681055263	-0.05376715258369946	0.05248436359061223	-0.05451027284101216	0.08965660462725682	-0.06185097317749989	0.053960730202832846	-0.07522146707989043	0.08751899810485839	-0.10450901089858809	0.0516964417706915	-0.07489788896111065	0.08326294536371152	-0.08326173026360881	0.09805556194424297	-0.04944307134883426	0.06973700274966779	-0.1428848297830192	0.10192949167312917	-0.1164111784127169	0.1208152061532292	-0.12760846456275868	0.16179465717479857	-0.13187493979855183	0.16145302683601834	-0.09479943885276085	0.1973727417084443	-0.556084645119334	0.9999999999999855	-0.6361329251731814	0.1195760230180497	-0.08002075209952507	0.12877454912615416	-0.3617760047405192	0.25906463695991944
-0.08768007496120404	0.06558743838913522	-0.10860669548075304	0.07037662523696918	-0.05097964008493065	0.07662642065863326	-0.06369318881072983	0.07244274499108916	-0.09885528223406756	0.043807728170154485	-0.06858985359335243	0.07540995543162747	-0.07948373655079442	0.08281627467612487	-0.13838427963369984	0.0863620738070899	-0.07541419924314496	0.10652126748365033	-0.1270409151680277	0.15248942778497498	-0.07146655366440349	0.1013987312200177	-0.11991178580081555	0.11736987298162527	-0.15473128547940984	0.06741081423181244	-0.09426353119638876	0.18243215440192953	-0.14176794069405743	0.17416560518560542	-0.17582745953040654	0.16747729627718672	-0.20425976867171	0.1654950674578219	-0.3107738304073279	0.13391988404303826	-0.2920770044129293	0.31021197141133405	-0.6361329251731814	0.9999999999999848	-0.17770533279028056	0.10958243683487574	-0.18162228588098622	0.24304601920507313	-0.3311928502393149
0.07230051891888953	-0.053791831230616656	0.0830707309942485	-0.053763312603839306	0.03720906145439327	-0.06695112022162084	0.05303213016723032	-0.0578647696834578	0.0741185776160995	-0.03205148337576963	0.07013516712373685	-0.08108793626258672	0.062030072289037314	-0.06163544979461105	0.09789861969741981	-0.09522756795261378	0.08001849760317592	-0.09442672099507342	0.08344542193014536	-0.09688105766083532	0.0787697034266161	-0.1229506039813131	0.09809934388164536	-0.07901704471142029	0.08239702535234952	-0.07904670635012684	0.10852049733660889	-0.22582490243975273	0.08297101470055505	-0.0853725527257575	0.26290432839413136	-0.21946158324703827	0.17371952715897412	-0.10217737564198907	0.1032553991394154	-0.5593608608817346	0.22384446872969904	-0.23193135290592373	0.1195760230180497	-0.17770533279028056	0.9999999999999838	-0.5429929274452244	0.3059692514329663	-0.07821452882338961	0.07725456634690472
-0.04348130923266641	0.03232269061889003	-0.050277572147679916	0.032489803472530936	-0.02257176577185687	0.03998376346690485	-0.03182156706262443	0.034788853403338704	-0.044885340671957916	0.019425610838911235	-0.04146812184480574	0.047672838244565675	-0.03739572120969782	0.037254784169246054	-0.05945011705735026	0.05589399628017811	-0.04717544835623399	0.05619760549526928	-0.050722306336923366	0.05856735619711388	-0.04661476831434096	0.07168473721833354	-0.058978192981363725	0.047790995313447035	-0.05044662112226348	0.04636644407135304	-0.06393759017653801	0.13154073840130964	-0.05087171318250594	0.05205912286698146	-0.16228999003877148	0.1269994580895162	-0.10782936302645553	0.06215405344490474	-0.06403033490704792	0.2172354536515755	-0.15569993798801168	0.15276631942355365	-0.08002075209952507	0.10958243683487574	-0.5429929274452244	0.999999999999984	-0.754937716470223	0.052667922243928675	-0.05274974491393143
0.06888767863697033	-0.05127629766921354	0.07966189456971359	-0.051528894024257504	0.03575415510594155	-0.063480065119066	0.05043577085769747	-0.055211323890984224	0.07111070037662211	-0.030788137239695295	0.06523400610889532	-0.07520156765108553	0.05923883315897127	-0.05909667917681194	0.09414281828159571	-0.08818609661669038	0.07398988251285299	-0.08883524733293793	0.07977369646547677	-0.09349119648748451	0.07195753348783894	-0.11204892304234577	0.09245619893540828	-0.0754988547475499	0.07989111669927358	-0.07180240721674931	0.09831847175852396	-0.20763959526283404	0.0795244596085528	-0.08319934003862126	0.190483182195789	-0.18410507495061218	0.1605648413802138	-0.09770999457735147	0.10147615590139228	-0.27864028294400905	0.20592924970646845	-0.26451613744923436	0.12877454912615416	-0.18162228588098622	0.3059692514329663	-0.754937716470223	0.9999999999999839	-0.0859374225766849	0.08365035897055945
