1.0	-0.34802282380471095	0.20428945860202366	-0.17146079861990068	0.08442976270382092	-0.7973080469453467	0.2701267715652168	-0.1922354108943428	0.12622869063747447	-0.11946947948301734	0.25631808714663834	-0.24961816456085276	0.1759536245990298	-0.13061302266190633	0.11739446402607942	-0.12084490933828096	0.09320530356551252	-0.10956544870723063	0.08672672610753296	-0.09793358492471918	0.07685057039145679	-0.09926055638705755	0.09100331939420533	-0.09157676580853942	0.07344224801908068	-0.06354935426958329	0.07674044268772834	-0.08903483957312029	0.06834677672928313	-0.06507848964574336	0.04188452497402681	-0.0516321296472424	0.0662690432410686	-0.06577096140176614	0.05771535501213184	-0.04308842090120011	0.05232630375570998	-0.07535997818984033	0.060253983663859034	-0.09808226742912718
-0.34802282380471095	1.0	-0.5639974179281297	0.19693388764989792	-0.0999107753669033	0.24158180517176098	-0.6008847030730095	0.247714381303441	-0.15650301776817271	0.1303523774056639	-0.27172583871316536	0.24507917162705997	-0.22944907319620975	0.14401061849028773	-0.1333366803452854	0.11238692631770561	-0.093362877442696	0.10977262778577143	-0.09156628260119412	0.10026521094027971	-0.07529742095978972	0.09566278415792782	-0.09096067189132628	0.08684641793729664	-0.07105532492807859	0.06079784411505505	-0.07492941260925928	0.08473360538991641	-0.06539884579739358	0.06156351617651665	-0.040052956841804675	0.0491162945039353	-0.06332168431256557	0.062030783324050376	-0.05458261064585487	0.04084830309153594	-0.05001750294188822	0.07061400617269953	-0.05704734772915549	0.09111270975091543
0.20428945860202366	-0.5639974179281297	1.0000000000000002	-0.406544914744435	0.17445119952375207	-0.17681433469328112	0.2821587348950893	-0.44057921558805185	0.2417560800341003	-0.2358150582747373	0.21309437246491236	-0.21920688304789068	0.2751984159619503	-0.22536550791281257	0.1934427251850256	-0.15644970904101846	0.13053495452464925	-0.16151589469056835	0.13388689943981893	-0.15121888274700418	0.10425469270747814	-0.14056087521595195	0.13182042895070314	-0.13167446992001006	0.1058509235795605	-0.087628462867688	0.1070792903815039	-0.12688475168424304	0.09789389820017495	-0.093066804468282	0.0593852907290755	-0.07326996036755952	0.09449487222729057	-0.09380183205421244	0.08245173334171053	-0.061120953890310574	0.07444255776442081	-0.10724306815268828	0.08597128318188513	-0.13969881039189253
-0.17146079861990068	0.19693388764989792	-0.406544914744435	1.0000000000000004	-0.5220278613283826	0.1287816091826181	-0.20521076545379552	0.2566821636881551	-0.4549020845539894	0.31402307946013913	-0.1969280612091428	0.16094482131261384	-0.2811141771013606	0.2510469617782238	-0.26992413927585224	0.12545335828884935	-0.11957761647875942	0.1427139945959588	-0.14575406721562703	0.15062225663192305	-0.09121226725976057	0.11744934881758519	-0.120488537771487	0.1060939484885785	-0.09114335113512602	0.07281441711512428	-0.09303663337419386	0.10281373729292899	-0.08104492580798116	0.07466325700919468	-0.04909679637916228	0.05963631698918531	-0.07788705118356302	0.07452314832705781	-0.0661347430922572	0.049309736463514414	-0.061544787596352964	0.0835714560367701	-0.06918279949900584	0.10613888453527967
0.08442976270382092	-0.0999107753669033	0.17445119952375207	-0.5220278613283826	1.0000000000000002	-0.0648243825073034	0.10167493407096571	-0.1440618019103164	0.22473702593673375	-0.7832322128311789	0.09837084914402075	-0.08277577231700278	0.14466167097136137	-0.1544975281836182	0.1424450854510449	-0.06868481929330376	0.06457194291911116	-0.0791024762025494	0.07890349009352954	-0.08477354285567534	0.04924864893125639	-0.06467835668488178	0.06537474492787528	-0.05879331913253641	0.04971469686683376	-0.039791552069616355	0.050469013253673714	-0.05676341815780118	0.044532096829135184	-0.041208011480121556	0.026889930953393603	-0.032774209964293255	0.04274302685448073	-0.04115938047432297	0.036455943937074194	-0.02712573427592263	0.0337073475187033	-0.04627563320636874	0.038089531503468124	-0.05901015345382038
-0.7973080469453467	0.24158180517176098	-0.17681433469328112	0.1287816091826181	-0.0648243825073034	1.0000000000000009	-0.3547982676333239	0.1599117315468369	-0.10226294292106884	0.08990977522621266	-0.3781397055168185	0.23894830440678902	-0.15904058959694448	0.10275668610067909	-0.09374557778986256	0.09656867921156179	-0.07474155722133688	0.08521517664633704	-0.06818088001405764	0.07560045052097907	-0.061953200440635715	0.07647528902220242	-0.07093534428419143	0.06897927709357539	-0.05592941921533852	0.04949757559881206	-0.06024219285497492	0.06762255430988384	-0.05189874303560644	0.04903592065239447	-0.03198940002477357	0.03926487960522874	-0.05039821507621373	0.049531534139807605	-0.043492183851944186	0.032686284202359445	-0.03984795886206846	0.05655859567050624	-0.04547315365037088	0.07308997061150806
0.2701267715652168	-0.6008847030730095	0.2821587348950893	-0.20521076545379552	0.10167493407096571	-0.3547982676333239	1.0000000000000013	-0.3298930543349112	0.1649118732573134	-0.1414339553911689	0.28994403666712865	-0.4649618624426325	0.24419388533494157	-0.15962282084582965	0.1390205371483029	-0.12754641133259498	0.1026488158724298	-0.12276431515381976	0.0991548012134974	-0.11054761688556443	0.08284000957798	-0.1071596561402063	0.10011129858680622	-0.09763276335402465	0.07884713951605822	-0.06785233847159508	0.08269247032317446	-0.09511209853290432	0.07307856789690077	-0.06914207083560306	0.04468034450446155	-0.05497143729116963	0.07073756346376703	-0.06974653674679929	0.06126389988107575	-0.045778620998004005	0.055795729757321846	-0.07963044955647047	0.06396971289539743	-0.10316137866318376
-0.1922354108943428	0.247714381303441	-0.44057921558805185	0.2566821636881551	-0.1440618019103164	0.1599117315468369	-0.3298930543349112	1.000000000000001	-0.4110154132684876	0.1850629511272733	-0.23357998486800952	0.227338368931548	-0.609717355510656	0.2540802555452813	-0.2163668975606309	0.1361619669075182	-0.12422555713335712	0.1587979760984017	-0.13863971541453887	0.14667205345446555	-0.09370405807277664	0.1249027482598216	-0.12452453886702922	0.11123561818161565	-0.09171593692349118	0.07623460738174356	-0.09516970507969598	0.10859270903727773	-0.08389886537941978	0.0780592433649189	-0.050729752965086986	0.06214429036651155	-0.08071321762070113	0.07828402459009794	-0.06900601323909718	0.05148351534005961	-0.06340067801317016	0.08849393695022811	-0.0720409636728802	0.11336559677844406
0.12622869063747447	-0.15650301776817271	0.2417560800341003	-0.4549020845539894	0.22473702593673375	-0.10226294292106884	0.1649118732573134	-0.4110154132684876	1.000000000000001	-0.3448257735874088	0.1528204659454839	-0.14031477770553802	0.27148029286202907	-0.589430946271242	0.26060254863983817	-0.12177137193589767	0.1136057961907878	-0.15111821365407202	0.1514471877305122	-0.16945873436649828	0.08468085414222465	-0.11634941825319173	0.11578501912022489	-0.10535836600512588	0.08624697244990676	-0.06972354672310258	0.08729133780183378	-0.10125498605944931	0.07848151571647445	-0.07279064917928302	0.04688432123563078	-0.057507784071961124	0.07491862025001064	-0.07267164499337124	0.06410801965057485	-0.04757805028459104	0.05866965303301146	-0.08186440755396829	0.06678358910879144	-0.10473773079667906
-0.11946947948301734	0.1303523774056639	-0.2358150582747373	0.31402307946013913	-0.7832322128311789	0.08990977522621266	-0.1414339553911689	0.1850629511272733	-0.3448257735874088	1.0000000000000007	-0.13954526173472864	0.11374580861603964	-0.20414717870002513	0.19538841909337096	-0.20841865922711028	0.09204882143210785	-0.08834171848206357	0.10614188882347945	-0.10953055731581267	0.1143824635387706	-0.06709694608914019	0.08675932977018175	-0.08922073545754824	0.07836122950595413	-0.06732795788405423	0.053599555289211946	-0.06855807701357468	0.07585060512255516	-0.05981462306726126	0.055048147558380715	-0.03618080891760165	0.04394430076879823	-0.057431510650393744	0.05490881523698084	-0.048738708299249645	0.036321714122163104	-0.04535942988283678	0.061527211717504485	-0.05097504829345688	0.07808720875119224
0.25631808714663834	-0.27172583871316536	0.21309437246491236	-0.1969280612091428	0.09837084914402075	-0.3781397055168185	0.28994403666712865	-0.23357998486800952	0.1528204659454839	-0.13954526173472864	1.000000000000001	-0.709369197846611	0.24592020290773986	-0.16552397852828785	0.14802756079243332	-0.1952218838517529	0.13217494772521446	-0.14628386157224144	0.11270048395544624	-0.1260227577004945	0.11166551351808071	-0.13344389741201187	0.12077469804270621	-0.11759158433057988	0.0946783410354331	-0.0880388070569473	0.10518036430538433	-0.11634294240637262	0.08854831670678207	-0.0836572813789993	0.054959286759058194	-0.06746921163034172	0.08619434686090717	-0.0846484100508584	0.07414742724024823	-0.056141633593462845	0.06816600441184811	-0.09678399779579316	0.07756600047824608	-0.12479300435241067
-0.24961816456085276	0.24507917162705997	-0.21920688304789068	0.16094482131261384	-0.08277577231700278	0.23894830440678902	-0.4649618624426325	0.227338368931548	-0.14031477770553802	0.11374580861603964	-0.709369197846611	1.0000000000000009	-0.34366815589580585	0.14424948349705577	-0.1297516823482402	0.1331915930669826	-0.10644021219973003	0.11948920415048465	-0.09465258643699191	0.10258614739778474	-0.08622743708609923	0.10333538405194312	-0.0973382179761876	0.08998518120741544	-0.07355696747727586	0.06679108462241425	-0.08192710463110187	0.08921387701131986	-0.06823730195818026	0.06384837926520663	-0.04222081367704142	0.05162963528547616	-0.06630813407601005	0.06443819041718724	-0.05658296535636019	0.042834163971075964	-0.05240307118595158	0.07327074359465226	-0.05923258415381072	0.0938743540286627
0.1759536245990298	-0.22944907319620975	0.2751984159619503	-0.2811141771013606	0.14466167097136137	-0.15904058959694448	0.24419388533494157	-0.609717355510656	0.27148029286202907	-0.20414717870002513	0.24592020290773986	-0.34366815589580585	1.0000000000000009	-0.34238855908520266	0.23709538248747156	-0.1925167099608257	0.16908589981251765	-0.2543676498548132	0.17917320393021216	-0.19984875576467598	0.12635890896975688	-0.17887704966216592	0.17128427034416485	-0.1581136998006966	0.1258636960909035	-0.10615809946996951	0.12979570468827692	-0.1548388509685497	0.11745932357131833	-0.11031326602951208	0.07058624265739119	-0.08720908657975257	0.11285062514837228	-0.11087800398380662	0.09721848888701004	-0.07235152201987217	0.08814618298982144	-0.12603318038132988	0.10124965007532312	-0.16254470580380612
-0.13061302266190633	0.14401061849028773	-0.22536550791281257	0.2510469617782238	-0.1544975281836182	0.10275668610067909	-0.15962282084582965	0.2540802555452813	-0.589430946271242	0.19538841909337096	-0.16552397852828785	0.14424948349705577	-0.34238855908520266	1.0000000000000016	-0.5486384384572617	0.1353218588623587	-0.1368740550124051	0.18231031069565057	-0.24145596305688075	0.23179391128975355	-0.09673652899350164	0.1331042501735948	-0.1401062572102434	0.11848404806679688	-0.09894830802608588	0.07841497503920188	-0.09978866751483062	0.11368288370583347	-0.08892848408386597	0.08108788628926476	-0.05254127850569843	0.0641602065815795	-0.08422880097981011	0.08046748740644943	-0.07124425988626554	0.052830676780278	-0.06568994048018462	0.08981665044516723	-0.07415537640222748	0.11377115695453058
0.11739446402607942	-0.1333366803452854	0.1934427251850256	-0.26992413927585224	0.1424450854510449	-0.09374557778986256	0.1390205371483029	-0.2163668975606309	0.26060254863983817	-0.20841865922711028	0.14802756079243332	-0.1297516823482402	0.23709538248747156	-0.5486384384572617	1.000000000000001	-0.18333253955772436	0.17445327360714594	-0.2581288608905704	0.2751195194656813	-0.524682808464987	0.12502338366187593	-0.18405599376272697	0.1811158832908452	-0.16783200686928237	0.13229101264801627	-0.1055860211933094	0.13099513688692982	-0.15836533035756567	0.12156188422211771	-0.11260073638415136	0.07102911850267508	-0.08775029750567187	0.11454597867483139	-0.11175391554253412	0.09825532620493911	-0.07241715200193088	0.08875916004463734	-0.12556484800121467	0.10181717948823243	-0.16074256854730345
-0.12084490933828096	0.11238692631770561	-0.15644970904101846	0.12545335828884935	-0.06868481929330376	0.09656867921156179	-0.12754641133259498	0.1361619669075182	-0.12177137193589767	0.09204882143210785	-0.1952218838517529	0.1331915930669826	-0.1925167099608257	0.1353218588623587	-0.18333253955772436	1.0000000000000004	-0.5305905987213487	0.23131595266166108	-0.1708728490115041	0.15238851628761513	-0.5604081065487447	0.27468475987183677	-0.23940339723420226	0.16641846824346973	-0.15177002293123804	0.25424356047599084	-0.3117386223628294	0.19883735458717208	-0.14522441830484023	0.12435785102458015	-0.10731998255906061	0.12313734162262369	-0.15006632029167474	0.12817555784144008	-0.1113437512661334	0.09944288018025488	-0.12369527953173055	0.14241023286727097	-0.12045130033612211	0.16270732709285618
0.09320530356551252	-0.093362877442696	0.13053495452464925	-0.11957761647875942	0.06457194291911116	-0.07474155722133688	0.1026488158724298	-0.12422555713335712	0.1136057961907878	-0.08834171848206357	0.13217494772521446	-0.10644021219973003	0.16908589981251765	-0.1368740550124051	0.17445327360714594	-0.5305905987213487	1.0000000000000029	-0.4474135789274858	0.20255777053437793	-0.19297286531457894	0.2343222942540004	-0.5496236476102521	0.28936321383190317	-0.17298920053005343	0.1432246155121272	-0.1823283436209759	0.21404436930569984	-0.20032289074712717	0.1397501339943796	-0.12142064272238248	0.08930174144257962	-0.10787454104206123	0.13753618106896354	-0.12282465549292568	0.10623440579529309	-0.08706629395104057	0.10636058836977932	-0.1358107858897897	0.1121421301439073	-0.1603167369557721
-0.10956544870723063	0.10977262778577143	-0.16151589469056835	0.1427139945959588	-0.0791024762025494	0.08521517664633704	-0.12276431515381976	0.1587979760984017	-0.15111821365407202	0.10614188882347945	-0.14628386157224144	0.11948920415048465	-0.2543676498548132	0.18231031069565057	-0.2581288608905704	0.23131595266166108	-0.4474135789274858	1.0000000000000027	-0.5095233148182897	0.2658484529605909	-0.17176782390763787	0.28553335124127643	-0.4761863785925033	0.1781494958025598	-0.15215855644062465	0.1324100965507052	-0.1781655584534027	0.19957414364865647	-0.14579775657721944	0.12114839553672299	-0.08282083259345835	0.10043818005667333	-0.13786102311317017	0.11999627962963322	-0.10584505255352783	0.08014936429064144	-0.10169308288618084	0.12928346763280044	-0.11025512139489743	0.1540464457359727
0.08672672610753296	-0.09156628260119412	0.13388689943981893	-0.14575406721562703	0.07890349009352954	-0.06818088001405764	0.0991548012134974	-0.13863971541453887	0.1514471877305122	-0.10953055731581267	0.11270048395544624	-0.09465258643699191	0.17917320393021216	-0.24145596305688075	0.2751195194656813	-0.1708728490115041	0.20255777053437793	-0.5095233148182897	1.000000000000003	-0.68680142257397	0.11831382343496559	-0.19133635446096633	0.21303731560842512	-0.16882091887804018	0.12645095208056403	-0.09690972940398658	0.12418000234136758	-0.1489792086838756	0.11520292978003348	-0.09979838075764395	0.06286420440432955	-0.0772574149336782	0.10326472912824068	-0.09657777774904766	0.08540458126835043	-0.0625260717729452	0.07795493964496153	-0.10493050553611216	0.0876783373220675	-0.12990789310267417
-0.09793358492471918	0.10026521094027971	-0.15121888274700418	0.15062225663192305	-0.08477354285567534	0.07560045052097907	-0.11054761688556443	0.14667205345446555	-0.16945873436649828	0.1143824635387706	-0.1260227577004945	0.10258614739778474	-0.19984875576467598	0.23179391128975355	-0.524682808464987	0.15238851628761513	-0.19297286531457894	0.2658484529605909	-0.68680142257397	1.0000000000000027	-0.11511266668106783	0.16557073893163238	-0.20193976273186864	0.1426083133825763	-0.12365054525295333	0.09102043543008517	-0.12001103894701604	0.13420430258362925	-0.10756239604442036	0.09370521062676217	-0.06050351565334313	0.07337265989488945	-0.09865291109960163	0.09095001797708296	-0.08131122904215217	0.05958406068684938	-0.0753739172261286	0.09882987112067335	-0.0839619262489363	0.12233581071674547
0.07685057039145679	-0.07529742095978972	0.10425469270747814	-0.09121226725976057	0.04924864893125639	-0.061953200440635715	0.08284000957798	-0.09370405807277664	0.08468085414222465	-0.06709694608914019	0.11166551351808071	-0.08622743708609923	0.12635890896975688	-0.09673652899350164	0.12502338366187593	-0.5604081065487447	0.2343222942540004	-0.17176782390763787	0.11831382343496559	-0.11511266668106783	1.0000000000000036	-0.25960407575711647	0.18746755801855708	-0.16282387339813179	0.13586872232245173	-0.6186290543821359	0.30016710012536035	-0.2121487908627344	0.13845139432283746	-0.12333046093479613	0.11616814679900457	-0.1329891735935604	0.14670852536830178	-0.1297986060650632	0.1089124625892005	-0.11149604140189491	0.12179569275130572	-0.14891824638697682	0.11784007337282283	-0.16768359360134466
-0.09926055638705755	0.09566278415792782	-0.14056087521595195	0.11744934881758519	-0.06467835668488178	0.07647528902220242	-0.1071596561402063	0.1249027482598216	-0.11634941825319173	0.08675932977018175	-0.13344389741201187	0.10333538405194312	-0.17887704966216592	0.1331042501735948	-0.18405599376272697	0.27468475987183677	-0.5496236476102521	0.28553335124127643	-0.19133635446096633	0.16557073893163238	-0.25960407575711647	1.0000000000000024	-0.5737440598010692	0.19063921905792258	-0.17165357143149118	0.19568232943190908	-0.322923839526415	0.241959998504436	-0.17022634295273192	0.13799254267482575	-0.10613891522095126	0.12717594760060572	-0.1691929924463768	0.13953343377445537	-0.12200487540214801	0.0993784047388773	-0.12689433288690116	0.15011361441617382	-0.12938597306678135	0.17116131289341643
0.09100331939420533	-0.09096067189132628	0.13182042895070314	-0.120488537771487	0.06537474492787528	-0.07093534428419143	0.10011129858680622	-0.12452453886702922	0.11578501912022489	-0.08922073545754824	0.12077469804270621	-0.0973382179761876	0.17128427034416485	-0.1401062572102434	0.1811158832908452	-0.23940339723420226	0.28936321383190317	-0.4761863785925033	0.21303731560842512	-0.20193976273186864	0.18746755801855708	-0.5737440598010692	1.0000000000000029	-0.2624360703877026	0.19072652702852852	-0.1654341667241648	0.22698144578886326	-0.4012385124547129	0.20493074656748222	-0.16696174729103175	0.10709088065398997	-0.1366914963309599	0.19154970886876058	-0.16500916449693115	0.14018118948215005	-0.10507948251702856	0.1308998412651545	-0.1744546471390431	0.14433715650614382	-0.20168205404372538
-0.09157676580853942	0.08684641793729664	-0.13167446992001006	0.1060939484885785	-0.05879331913253641	0.06897927709357539	-0.09763276335402465	0.11123561818161565	-0.10535836600512588	0.07836122950595413	-0.11759158433057988	0.08998518120741544	-0.1581136998006966	0.11848404806679688	-0.16783200686928237	0.16641846824346973	-0.17298920053005343	0.1781494958025598	-0.16882091887804018	0.1426083133825763	-0.16282387339813179	0.19063921905792258	-0.2624360703877026	1.000000000000004	-0.640897847216918	0.13400793170441372	-0.19877410837116735	0.2618924020053703	-0.5047235233266574	0.291342893414743	-0.11567330820702698	0.13970076761023068	-0.21119482204918313	0.21412957861108797	-0.21949944773880223	0.10985028436829043	-0.14964325957014482	0.18787971834805378	-0.19110158104296177	0.25054614594062885
0.07344224801908068	-0.07105532492807859	0.1058509235795605	-0.09114335113512602	0.04971469686683376	-0.05592941921533852	0.07884713951605822	-0.09171593692349118	0.08624697244990676	-0.06732795788405423	0.0946783410354331	-0.07355696747727586	0.1258636960909035	-0.09894830802608588	0.13229101264801627	-0.15177002293123804	0.1432246155121272	-0.15215855644062465	0.12645095208056403	-0.12365054525295333	0.13586872232245173	-0.17165357143149118	0.19072652702852852	-0.640897847216918	1.0000000000000024	-0.12020560528952624	0.1658241998832405	-0.2488850043362787	0.3105132597819969	-0.4980552683849481	0.11094163704452412	-0.13979337964498245	0.20029338905645683	-0.2488701275808121	0.2585693494398111	-0.11165443464896313	0.14479386049858048	-0.21216943987374667	0.20149922300220505	-0.36619969501849614
-0.06354935426958329	0.06079784411505505	-0.087628462867688	0.07281441711512428	-0.039791552069616355	0.04949757559881206	-0.06785233847159508	0.07623460738174356	-0.06972354672310258	0.053599555289211946	-0.0880388070569473	0.06679108462241425	-0.10615809946996951	0.07841497503920188	-0.1055860211933094	0.25424356047599084	-0.1823283436209759	0.1324100965507052	-0.09690972940398658	0.09102043543008517	-0.6186290543821359	0.19568232943190908	-0.1654341667241648	0.13400793170441372	-0.12020560528952624	1.0000000000000013	-0.6468392408572594	0.19805474014321098	-0.12900846332798863	0.106175832162963	-0.1441540355833428	0.14124405006203536	-0.14621802044589938	0.1147357912519187	-0.09574613856586082	0.11431905132555517	-0.12619169519719622	0.12961843898312372	-0.10602908570283599	0.13635944579052986
0.07674044268772834	-0.07492941260925928	0.1070792903815039	-0.09303663337419386	0.050469013253673714	-0.06024219285497492	0.08269247032317446	-0.09516970507969598	0.08729133780183378	-0.06855807701357468	0.10518036430538433	-0.08192710463110187	0.12979570468827692	-0.09978866751483062	0.13099513688692982	-0.3117386223628294	0.21404436930569984	-0.1781655584534027	0.12418000234136758	-0.12001103894701604	0.30016710012536035	-0.322923839526415	0.22698144578886326	-0.19877410837116735	0.1658241998832405	-0.6468392408572594	1.000000000000002	-0.3745918733534703	0.1861448735547005	-0.15733148667472635	0.15405191942666832	-0.21035565901802963	0.20510447631814835	-0.16779153031697563	0.13689917104592197	-0.14380119593413038	0.16265781478346913	-0.18828742563635137	0.1485644531653631	-0.20060021120144464
-0.08903483957312029	0.08473360538991641	-0.12688475168424304	0.10281373729292899	-0.05676341815780118	0.06762255430988384	-0.09511209853290432	0.10859270903727773	-0.10125498605944931	0.07585060512255516	-0.11634294240637262	0.08921387701131986	-0.1548388509685497	0.11368288370583347	-0.15836533035756567	0.19883735458717208	-0.20032289074712717	0.19957414364865647	-0.1489792086838756	0.13420430258362925	-0.2121487908627344	0.241959998504436	-0.4012385124547129	0.2618924020053703	-0.2488850043362787	0.19805474014321098	-0.3745918733534703	1.0000000000000018	-0.46006579043727636	0.23351146810059586	-0.1614336944613151	0.20609978438281226	-0.4529607809130339	0.24145967243324706	-0.20541735514362014	0.14404181432722443	-0.1949203863424235	0.23000118043495152	-0.20910810892166373	0.2365227826793846
0.06834677672928313	-0.06539884579739358	0.09789389820017495	-0.08104492580798116	0.044532096829135184	-0.05189874303560644	0.07307856789690077	-0.08389886537941978	0.07848151571647445	-0.05981462306726126	0.08854831670678207	-0.06823730195818026	0.11745932357131833	-0.08892848408386597	0.12156188422211771	-0.14522441830484023	0.1397501339943796	-0.14579775657721944	0.11520292978003348	-0.10756239604442036	0.13845139432283746	-0.17022634295273192	0.20493074656748222	-0.5047235233266574	0.3105132597819969	-0.12900846332798863	0.1861448735547005	-0.46006579043727636	1.0000000000000022	-0.5252775328691576	0.11477968175644021	-0.14873374688910337	0.2351566530396992	-0.30829370852375504	0.2580492822501936	-0.1110763232127147	0.14675727015615028	-0.20441608713724088	0.20236990624017734	-0.28238063146804426
-0.06507848964574336	0.06156351617651665	-0.093066804468282	0.07466325700919468	-0.041208011480121556	0.04903592065239447	-0.06914207083560306	0.0780592433649189	-0.07279064917928302	0.055048147558380715	-0.0836572813789993	0.06384837926520663	-0.11031326602951208	0.08108788628926476	-0.11260073638415136	0.12435785102458015	-0.12142064272238248	0.12114839553672299	-0.09979838075764395	0.09370521062676217	-0.12333046093479613	0.13799254267482575	-0.16696174729103175	0.291342893414743	-0.4980552683849481	0.106175832162963	-0.15733148667472635	0.23351146810059586	-0.5252775328691576	1.0000000000000016	-0.10501186223712242	0.1291542622464406	-0.21002489213122455	0.2604422613803487	-0.5283128052966949	0.09944772395284143	-0.13797088866840568	0.18196923489267386	-0.20976553639433645	0.2885647884803453
0.04188452497402681	-0.040052956841804675	0.0593852907290755	-0.04909679637916228	0.026889930953393603	-0.03198940002477357	0.04468034450446155	-0.050729752965086986	0.04688432123563078	-0.03618080891760165	0.054959286759058194	-0.04222081367704142	0.07058624265739119	-0.05254127850569843	0.07102911850267508	-0.10731998255906061	0.08930174144257962	-0.08282083259345835	0.06286420440432955	-0.06050351565334313	0.11616814679900457	-0.10613891522095126	0.10709088065398997	-0.11567330820702698	0.11094163704452412	-0.1441540355833428	0.15405191942666832	-0.1614336944613151	0.11477968175644021	-0.10501186223712242	1.0000000000000016	-0.5702583488019906	0.2192035865517118	-0.15270805846835137	0.10622630983588813	-0.6885402498407998	0.31538838489379084	-0.2079462344816983	0.14222584098498545	-0.14922054802003315
-0.0516321296472424	0.0491162945039353	-0.07326996036755952	0.05963631698918531	-0.032774209964293255	0.03926487960522874	-0.05497143729116963	0.06214429036651155	-0.057507784071961124	0.04394430076879823	-0.06746921163034172	0.05162963528547616	-0.08720908657975257	0.0641602065815795	-0.08775029750567187	0.12313734162262369	-0.10787454104206123	0.10043818005667333	-0.0772574149336782	0.07337265989488945	-0.1329891735935604	0.12717594760060572	-0.1366914963309599	0.13970076761023068	-0.13979337964498245	0.14124405006203536	-0.21035565901802963	0.20609978438281226	-0.14873374688910337	0.1291542622464406	-0.5702583488019906	1.0000000000000007	-0.4537363540185755	0.19307726469749464	-0.13611273796225826	0.30858247048910065	-0.5172530871146319	0.24442682913092226	-0.18707738899148385	0.17441196428074388
0.0662690432410686	-0.06332168431256557	0.09449487222729057	-0.07788705118356302	0.04274302685448073	-0.05039821507621373	0.07073756346376703	-0.08071321762070113	0.07491862025001064	-0.057431510650393744	0.08619434686090717	-0.06630813407601005	0.11285062514837228	-0.08422880097981011	0.11454597867483139	-0.15006632029167474	0.13753618106896354	-0.13786102311317017	0.10326472912824068	-0.09865291109960163	0.14670852536830178	-0.1691929924463768	0.19154970886876058	-0.21119482204918313	0.20029338905645683	-0.14621802044589938	0.20510447631814835	-0.4529607809130339	0.2351566530396992	-0.21002489213122455	0.2192035865517118	-0.4537363540185755	1.0000000000000027	-0.43840480297321255	0.2191140774900204	-0.21144465399006465	0.26115323002733376	-0.4199481148542378	0.27156192789205025	-0.2734062587022534
-0.06577096140176614	0.062030783324050376	-0.09380183205421244	0.07452314832705781	-0.04115938047432297	0.049531534139807605	-0.06974653674679929	0.07828402459009794	-0.07267164499337124	0.05490881523698084	-0.0846484100508584	0.06443819041718724	-0.11087800398380662	0.08046748740644943	-0.11175391554253412	0.12817555784144008	-0.12282465549292568	0.11999627962963322	-0.09657777774904766	0.09095001797708296	-0.1297986060650632	0.13953343377445537	-0.16500916449693115	0.21412957861108797	-0.2488701275808121	0.1147357912519187	-0.16779153031697563	0.24145967243324706	-0.30829370852375504	0.2604422613803487	-0.15270805846835137	0.19307726469749464	-0.43840480297321255	1.0000000000000029	-0.5005175525936761	0.13896006321418905	-0.2051408387308638	0.28609434906835396	-0.5168145099663772	0.3114437659704561
0.05771535501213184	-0.05458261064585487	0.08245173334171053	-0.0661347430922572	0.036455943937074194	-0.043492183851944186	0.06126389988107575	-0.06900601323909718	0.06410801965057485	-0.048738708299249645	0.07414742724024823	-0.05658296535636019	0.09721848888701004	-0.07124425988626554	0.09825532620493911	-0.1113437512661334	0.10623440579529309	-0.10584505255352783	0.08540458126835043	-0.08131122904215217	0.1089124625892005	-0.12200487540214801	0.14018118948215005	-0.21949944773880223	0.2585693494398111	-0.09574613856586082	0.13689917104592197	-0.20541735514362014	0.2580492822501936	-0.5283128052966949	0.10622630983588813	-0.13611273796225826	0.2191140774900204	-0.5005175525936761	1.000000000000003	-0.10292916211720786	0.14238165752197265	-0.21030369565038948	0.25542925744714107	-0.5598926510502522
-0.04308842090120011	0.04084830309153594	-0.061120953890310574	0.049309736463514414	-0.02712573427592263	0.032686284202359445	-0.045778620998004005	0.05148351534005961	-0.04757805028459104	0.036321714122163104	-0.056141633593462845	0.042834163971075964	-0.07235152201987217	0.052830676780278	-0.07241715200193088	0.09944288018025488	-0.08706629395104057	0.08014936429064144	-0.0625260717729452	0.05958406068684938	-0.11149604140189491	0.0993784047388773	-0.10507948251702856	0.10985028436829043	-0.11165443464896313	0.11431905132555517	-0.14380119593413038	0.14404181432722443	-0.1110763232127147	0.09944772395284143	-0.6885402498407998	0.30858247048910065	-0.21144465399006465	0.13896006321418905	-0.10292916211720786	1.000000000000003	-0.5897116825100804	0.20373864890503124	-0.1521137094938636	0.1392322298249928
0.05232630375570998	-0.05001750294188822	0.07444255776442081	-0.061544787596352964	0.0337073475187033	-0.03984795886206846	0.055795729757321846	-0.06340067801317016	0.05866965303301146	-0.04535942988283678	0.06816600441184811	-0.05240307118595158	0.08814618298982144	-0.06568994048018462	0.08875916004463734	-0.12369527953173055	0.10636058836977932	-0.10169308288618084	0.07795493964496153	-0.0753739172261286	0.12179569275130572	-0.12689433288690116	0.1308998412651545	-0.14964325957014482	0.14479386049858048	-0.12619169519719622	0.16265781478346913	-0.1949203863424235	0.14675727015615028	-0.13797088866840568	0.31538838489379084	-0.5172530871146319	0.26115323002733376	-0.2051408387308638	0.14238165752197265	-0.5897116825100804	1.0000000000000033	-0.406362487097888	0.2116110203654376	-0.20865293223167647
-0.07535997818984033	0.07061400617269953	-0.10724306815268828	0.0835714560367701	-0.04627563320636874	0.05655859567050624	-0.07963044955647047	0.08849393695022811	-0.08186440755396829	0.061527211717504485	-0.09678399779579316	0.07327074359465226	-0.12603318038132988	0.08981665044516723	-0.12556484800121467	0.14241023286727097	-0.1358107858897897	0.12928346763280044	-0.10493050553611216	0.09882987112067335	-0.14891824638697682	0.15011361441617382	-0.1744546471390431	0.18787971834805378	-0.21216943987374667	0.12961843898312372	-0.18828742563635137	0.23000118043495152	-0.20441608713724088	0.18196923489267386	-0.2079462344816983	0.24442682913092226	-0.4199481148542378	0.28609434906835396	-0.21030369565038948	0.20373864890503124	-0.406362487097888	1.0000000000000033	-0.6193228104606636	0.2634078582964088
0.060253983663859034	-0.05704734772915549	0.08597128318188513	-0.06918279949900584	0.038089531503468124	-0.04547315365037088	0.06396971289539743	-0.0720409636728802	0.06678358910879144	-0.05097504829345688	0.07756600047824608	-0.05923258415381072	0.10124965007532312	-0.07415537640222748	0.10181717948823243	-0.12045130033612211	0.1121421301439073	-0.11025512139489743	0.0876783373220675	-0.0839619262489363	0.11784007337282283	-0.12938597306678135	0.14433715650614382	-0.19110158104296177	0.20149922300220505	-0.10602908570283599	0.1485644531653631	-0.20910810892166373	0.20236990624017734	-0.20976553639433645	0.14222584098498545	-0.18707738899148385	0.27156192789205025	-0.5168145099663772	0.25542925744714107	-0.1521137094938636	0.2116110203654376	-0.6193228104606636	1.0000000000000036	-0.4274659314072176
-0.09808226742912718	0.09111270975091543	-0.13969881039189253	0.10613888453527967	-0.05901015345382038	0.07308997061150806	-0.10316137866318376	0.11336559677844406	-0.10473773079667906	0.07808720875119224	-0.12479300435241067	0.0938743540286627	-0.16254470580380612	0.11377115695453058	-0.16074256854730345	0.16270732709285618	-0.1603167369557721	0.1540464457359727	-0.12990789310267417	0.12233581071674547	-0.16768359360134466	0.17116131289341643	-0.20168205404372538	0.25054614594062885	-0.36619969501849614	0.13635944579052986	-0.20060021120144464	0.2365227826793846	-0.28238063146804426	0.2885647884803453	-0.14922054802003315	0.17441196428074388	-0.2734062587022534	0.3114437659704561	-0.5598926510502522	0.1392322298249928	-0.20865293223167647	0.2634078582964088	-0.4274659314072176	1.0000000000000033
