1.0	-0.4311605911470075	0.25748540111349516	-0.22563469394240399	0.11968895447246203	-0.6133871087748375	0.22666335297366144	-0.24676436082628525	0.13985477750236672	-0.10134927135592163	0.30982307877915244	-0.169544355025259	0.15688226214875295	-0.13250808568315808	0.14336785149746412	-0.20458378584953515	0.18541473080742116	-0.1593593996480977	0.1383274356036999	-0.13163565755227621	0.13129439796527687	-0.1998550673566077	0.12368292272215874	-0.1420808433125275	0.11477090688849498	-0.1006984103597036	0.08530484964008758	-0.09523680612161567	0.10642122154003573	-0.09334682419377034	0.055961256645858375	-0.09190514540356352	0.0998769232558494	-0.11125666691150178	0.09595001749253197	-0.07228854251627635	0.08198876629285579	-0.20935326093728324	0.10518111432180044	-0.14599134474579623
-0.4311605911470075	1.0	-0.6890513069796841	0.21685379235933447	-0.1200877695683957	0.20180465503876896	-0.40372131023098307	0.25805879897334355	-0.1380709874439639	0.09429270462161642	-0.2149346717210041	0.14133819151246302	-0.14003968309190998	0.11466372096573232	-0.1264752055814541	0.12461779936062448	-0.1419319359670071	0.11426364236751435	-0.10618459431830475	0.0997283523572945	-0.08577711832862671	0.12610227002284777	-0.08836096492950579	0.10136963296380588	-0.08595914050373023	0.06425589917117433	-0.055317952665992036	0.06497314930962242	-0.0763963886174731	0.06631400093366205	-0.03597231221945658	0.05880062106861746	-0.06893545560083389	0.07317650084053191	-0.0630208994586953	0.046127932083390034	-0.052721537668998966	0.13333545662820534	-0.06938747962183107	0.09343018508630958
0.25748540111349516	-0.6890513069796841	0.9999999999999996	-0.4133493979945331	0.15928402800742222	-0.18323729108781325	0.2570299473263861	-0.2980313448374198	0.18253041963073438	-0.13020255416717239	0.19175245612056194	-0.16536252248546626	0.16221852308400728	-0.1524530905362592	0.1612186049888555	-0.14777148998785886	0.1657852482857617	-0.14742664396679445	0.13611078891063222	-0.132298434313834	0.10180988389511951	-0.15747881427992164	0.11296994075518849	-0.13326080093020226	0.11199720973778894	-0.08246494700111694	0.07057888778075262	-0.08515665921176155	0.10049490981865146	-0.08827538014692281	0.04879390685501054	-0.08005203405423086	0.08975760307203305	-0.09972308942481597	0.08572132212115145	-0.06308763620059797	0.07167879054232365	-0.18385277112722664	0.0941473687950079	-0.12882903210725205
-0.22563469394240399	0.21685379235933447	-0.4133493979945331	0.9999999999999996	-0.4537242715452607	0.1388575131919362	-0.19960886950823076	0.1996158002272325	-0.5069345144462842	0.2793702095418117	-0.19952176644717282	0.17053297012903287	-0.19481416758639208	0.2544295047341828	-0.30184636509061114	0.13557813984288034	-0.18497097452228267	0.1583870402850162	-0.18281323881468853	0.17491084623800568	-0.09877753407516504	0.14550003771467543	-0.1248449588265475	0.15187948626391934	-0.14583051486553836	0.07656731744407277	-0.06715622267035036	0.08746153175038018	-0.11925557524958205	0.10196707985418038	-0.044507451742665044	0.07224916779300491	-0.09412537924683746	0.09657660047837621	-0.08269265048951753	0.05653575560676237	-0.06543449785599055	0.16390548910695912	-0.09182461837020356	0.1164893807284926
0.11968895447246203	-0.1200877695683957	0.15928402800742222	-0.4537242715452607	0.9999999999999996	-0.08016406546627515	0.11631271454436042	-0.1379112527022753	0.2902492832970434	-0.7657178874073396	0.11316029004157001	-0.12603546382365435	0.133741446161392	-0.21553473134176376	0.21658527603719419	-0.09550554110636296	0.12391034460925149	-0.12264881488377795	0.13054423983738167	-0.14577157962276602	0.06928145566134522	-0.10756507042555731	0.09331054354136924	-0.11924444335131895	0.10758150841909846	-0.05825395473079791	0.05059279827514109	-0.06757779568893123	0.08860866103154567	-0.08006756158164083	0.03612666040362497	-0.05912257818228893	0.07136103308036354	-0.07825488885662321	0.06620502684925915	-0.046533770842813134	0.05328338714717441	-0.1368211243263292	0.0733200206710615	-0.09660510663388608
-0.6133871087748375	0.20180465503876896	-0.18323729108781325	0.1388575131919362	-0.08016406546627515	0.9999999999999991	-0.1930307216151743	0.17014658104624117	-0.09410475802308813	0.06682777817756752	-0.672832771610841	0.12265997700673924	-0.11430127224324105	0.08860346638748838	-0.09710064364531902	0.1618340105997831	-0.14163089122664627	0.10610952115871028	-0.09268190819934474	0.0858178907145941	-0.10671186667472748	0.13771560951470022	-0.08340907998285942	0.09278783374508578	-0.07546896053800034	0.06752265470699509	-0.058091806423412704	0.0623063123718917	-0.069022882899315	0.06000105098400885	-0.03513676014273367	0.057442987350229464	-0.0658655116594406	0.06934902504708482	-0.05984551615691518	0.04491148170761009	-0.05132785030334185	0.12876979397662316	-0.06582913160185046	0.08971265554912254
0.22666335297366144	-0.40372131023098307	0.2570299473263861	-0.19960886950823076	0.11631271454436042	-0.1930307216151743	0.9999999999999984	-0.7616497596110579	0.14560008077624367	-0.09970235470981108	0.19249603542216534	-0.248572554652264	0.21850637102480086	-0.13898048473613078	0.14283784592002452	-0.14022201013405233	0.17814778412454893	-0.1409076762730612	0.12344034853528003	-0.11436609712715541	0.09670746120492818	-0.14666910513659365	0.10531600891529795	-0.11794201943626037	0.09802493926430769	-0.07348575430238033	0.0633783719300489	-0.07513578428160785	0.08640121612321913	-0.07507838996534558	0.03997493069209231	-0.06523499327072274	0.07969794665475241	-0.08119035923660786	0.0698075420377308	-0.05099595862981612	0.058520828016818266	-0.14679119324195322	0.0770628992401057	-0.102641228627563
-0.24676436082628525	0.25805879897334355	-0.2980313448374198	0.1996158002272325	-0.1379112527022753	0.17014658104624117	-0.7616497596110579	0.999999999999999	-0.18184537377982918	0.11442038505154305	-0.2214262491955336	0.2310882397254251	-0.3196809701908835	0.16158592277042486	-0.17250744254636913	0.14227025511904687	-0.204868918613389	0.14969915294529856	-0.1394035514844008	0.12480309190936026	-0.10153587489785747	0.14731001487088752	-0.11450597339466652	0.12515976910750898	-0.10813786085075046	0.07390418252528955	-0.06464351540477883	0.07839666834655613	-0.09295258649309646	0.07952892326877414	-0.039622611559630296	0.06430312911094978	-0.08442519466809281	0.0814956132498161	-0.07019405791702174	0.05007967909849461	-0.057951754571991566	0.1433164141479353	-0.07776218970816581	0.10063822175936853
0.13985477750236672	-0.1380709874439639	0.18253041963073438	-0.5069345144462842	0.2902492832970434	-0.09410475802308813	0.14560008077624367	-0.18184537377982918	0.9999999999999967	-0.46651954610092805	0.1334878688839958	-0.1748919204396513	0.1927637811435636	-0.5352083653435512	0.2890803043801397	-0.1139333912287711	0.15302386185185302	-0.15101745955361823	0.16582884837216877	-0.17984694007289959	0.08249917472837476	-0.12779758492559473	0.11318873017492193	-0.1450247727698884	0.1305283759648852	-0.06800010473557899	0.05923483863819191	-0.07954955727367441	0.10484243336206696	-0.0946190035722216	0.04077263209715049	-0.0665862160221081	0.08407040603889522	-0.08893455174873692	0.074990867626753	-0.05220763499477796	0.06009125231363493	-0.1529578647736763	0.08339563782913126	-0.10798302736326858
-0.10134927135592163	0.09429270462161642	-0.13020255416717239	0.2793702095418117	-0.7657178874073396	0.06682777817756752	-0.09970235470981108	0.11442038505154305	-0.46651954610092805	0.9999999999999966	-0.09685684896354065	0.11211166872635754	-0.12810456190979325	0.2250205119155071	-0.2847462450645922	0.07947891473004613	-0.10887908967747376	0.10526627082575857	-0.12354359627607986	0.13505684354089437	-0.058117257395207955	0.08899587792034924	-0.08097383776309697	0.10371128042182676	-0.10036023913446218	0.04771450679241542	-0.04174028639614372	0.05670980278833859	-0.07852532220946988	0.06983957845487748	-0.028816584377548596	0.04697324625372474	-0.06032727318415944	0.06373840633022768	-0.05381640365434711	0.036822463592957065	-0.042492654549865214	0.10786530274715184	-0.05992566566227883	0.07650172752626329
0.30982307877915244	-0.2149346717210041	0.19175245612056194	-0.19952176644717282	0.11316029004157001	-0.672832771610841	0.19249603542216534	-0.2214262491955336	0.1334878688839958	-0.09685684896354065	0.9999999999999976	-0.19078470934685088	0.16564487733962888	-0.13187325911240802	0.1433669067317393	-0.32055253060988703	0.21706548218543661	-0.17033936376219003	0.14422171693467778	-0.13454596312265113	0.17637682276473288	-0.23995787888309686	0.13375686116660226	-0.14910111615235555	0.11866682937373492	-0.11493025807776076	0.0976317537375967	-0.10176197607815869	0.11021143419854168	-0.09629083226489854	0.05855286449622591	-0.09595421901044662	0.10674044830638697	-0.11442339732208098	0.09869837468059196	-0.07501890435940292	0.08550266317485947	-0.21508952340946472	0.10845998873421658	-0.149420513622668
-0.169544355025259	0.14133819151246302	-0.16536252248546626	0.17053297012903287	-0.12603546382365435	0.12265997700673924	-0.248572554652264	0.2310882397254251	-0.1748919204396513	0.11211166872635754	-0.19078470934685088	1.0000000000000002	-0.7194621808737666	0.2056157704536731	-0.20566792279758905	0.18076634133933372	-0.4604797113504205	0.200571957235016	-0.1659079484282748	0.14188341116542763	-0.128441033959592	0.18712742620508796	-0.1462534185191146	0.1460913288287289	-0.12211000206703539	0.0869636639469606	-0.07697351425287303	0.09182164370270812	-0.10217659343543788	0.08741319171311722	-0.04178912795768774	0.06749497852823311	-0.09905503747825044	0.08497015252954446	-0.0725990611061935	0.05188542240447806	-0.06086406830362807	0.14619844416071115	-0.0812847154796528	0.10172108246963146
0.15688226214875295	-0.14003968309190998	0.16221852308400728	-0.19481416758639208	0.133741446161392	-0.11430127224324105	0.21850637102480086	-0.3196809701908835	0.1927637811435636	-0.12810456190979325	0.16564487733962888	-0.7194621808737666	0.9999999999999983	-0.32951944711525527	0.2186971241727329	-0.1727775098964745	0.2682441652679386	-0.256287362753727	0.1772803763533892	-0.16188060919116773	0.12005450913800066	-0.18938938897040516	0.15793602216355668	-0.1637365688574006	0.1307631598395624	-0.09050253735303249	0.07889200020855772	-0.09987395005069481	0.10905835103623997	-0.09585454841560853	0.045460866624808735	-0.0738734324067455	0.10522092610588986	-0.09346499363481295	0.07916239330859971	-0.05698892827386488	0.06642793979586703	-0.16248568127010135	0.08866494873697615	-0.11258224956898667
-0.13250808568315808	0.11466372096573232	-0.1524530905362592	0.2544295047341828	-0.21553473134176376	0.08860346638748838	-0.13898048473613078	0.16158592277042486	-0.5352083653435512	0.2250205119155071	-0.13187325911240802	0.2056157704536731	-0.32951944711525527	0.9999999999999942	-0.6185077369761579	0.11428841391440574	-0.17171305428367123	0.16602418061915666	-0.2263502928614844	0.21762606954866498	-0.08394055940304998	0.1282107314218484	-0.1254240467080484	0.16153232590706648	-0.15832928658589634	0.06732281733014867	-0.05934013793373795	0.08275159942725742	-0.11689574351441281	0.1036621400350198	-0.03895540027185954	0.06328412959977671	-0.08826014997072254	0.08780613964412361	-0.07356561888703081	0.049284392682895056	-0.05741385846819929	0.14371735034225216	-0.08261997749340856	0.10196413952658585
0.14336785149746412	-0.1264752055814541	0.1612186049888555	-0.30184636509061114	0.21658527603719419	-0.09710064364531902	0.14283784592002452	-0.17250744254636913	0.2890803043801397	-0.2847462450645922	0.1433669067317393	-0.20566792279758905	0.2186971241727329	-0.6185077369761579	0.9999999999999964	-0.1313978962636078	0.17930827934595153	-0.19853918045979882	0.23921737534914814	-0.4260550556015089	0.09677194372052977	-0.15159951572920763	0.149063130522852	-0.20701967277718678	0.20908362736593733	-0.08260445460953739	0.07234615208996271	-0.10362237695605785	0.1496017516954205	-0.1448625493373338	0.051263350553384573	-0.083827594733971	0.1086967351020055	-0.11794509294363215	0.09710867028200379	-0.06565708018463268	0.07587116174858216	-0.19458207469809496	0.10891996872123408	-0.1378419542284941
-0.20458378584953515	0.12461779936062448	-0.14777148998785886	0.13557813984288034	-0.09550554110636296	0.1618340105997831	-0.14022201013405233	0.14227025511904687	-0.1139333912287711	0.07947891473004613	-0.32055253060988703	0.18076634133933372	-0.1727775098964745	0.11428841391440574	-0.1313978962636078	0.9999999999999963	-0.44997670269327594	0.16986272855256634	-0.14240617973824848	0.11503326084996315	-0.670406291351395	0.3168773847718454	-0.1484242794368611	0.13504184986351297	-0.10772474300199729	0.13636367162542887	-0.12901547399949248	0.09833368853427679	-0.09553977401815698	0.07956178522655427	-0.04609274442731075	0.07303549232193918	-0.10774853443537877	0.08191117593599673	-0.07106277516108503	0.054472141864293985	-0.06569565774902827	0.1431313043170617	-0.07985886976486534	0.09823782208409115
0.18541473080742116	-0.1419319359670071	0.1657852482857617	-0.18497097452228267	0.12391034460925149	-0.14163089122664627	0.17814778412454893	-0.204868918613389	0.15302386185185302	-0.10887908967747376	0.21706548218543661	-0.4604797113504205	0.2682441652679386	-0.17171305428367123	0.17930827934595153	-0.44997670269327594	0.9999999999999952	-0.32559073879496225	0.2000844083353734	-0.16920509902957753	0.2568297456557736	-0.4328760757902088	0.2095608135598621	-0.20474400123585382	0.1497640123174576	-0.1654711319806715	0.1422322182420091	-0.13836443384604635	0.13204990318699772	-0.11439453621745041	0.06371534617623778	-0.10327251525491533	0.1433929821386878	-0.11990114106268467	0.10216360108491725	-0.07822116849638533	0.09194186444872647	-0.2148376149822255	0.11477723929685041	-0.14608229589590788
-0.1593593996480977	0.11426364236751435	-0.14742664396679445	0.1583870402850162	-0.12264881488377795	0.10610952115871028	-0.1409076762730612	0.14969915294529856	-0.15101745955361823	0.10526627082575857	-0.17033936376219003	0.200571957235016	-0.256287362753727	0.16602418061915666	-0.19853918045979882	0.16986272855256634	-0.32559073879496225	0.9999999999999922	-0.4185694960443097	0.21288532379915737	-0.14372525919212686	0.21234672964222687	-0.6358461327529737	0.3052282751875115	-0.20879151201882706	0.11272276395751514	-0.10705357690846197	0.21120058069088712	-0.16823441853817278	0.13782535302737697	-0.05723007087137598	0.09095568732523743	-0.2423676358973147	0.11787145606178955	-0.09928346000855881	0.06763058490010286	-0.08337637609547716	0.1864922951198249	-0.11521881030344563	0.1264698450264104
0.1383274356036999	-0.10618459431830475	0.13611078891063222	-0.18281323881468853	0.13054423983738167	-0.09268190819934474	0.12344034853528003	-0.1394035514844008	0.16582884837216877	-0.12354359627607986	0.14422171693467778	-0.1659079484282748	0.1772803763533892	-0.2263502928614844	0.23921737534914814	-0.14240617973824848	0.2000844083353734	-0.4185694960443097	0.9999999999999933	-0.49268985332268633	0.1116606064362713	-0.1774668848083524	0.27248193589047737	-0.5706570781694859	0.27479264157793243	-0.09778264693695765	0.08776476720724224	-0.15317928987567447	0.18907433681566935	-0.1822135345501274	0.05661138188847569	-0.09190311234610857	0.15652571213371508	-0.13237179512506064	0.10744806036951599	-0.07063464922844837	0.08360737795694394	-0.2065104023300614	0.12285229164749098	-0.1446045972973809
-0.13163565755227621	0.0997283523572945	-0.132298434313834	0.17491084623800568	-0.14577157962276602	0.0858178907145941	-0.11436609712715541	0.12480309190936026	-0.17984694007289959	0.13505684354089437	-0.13454596312265113	0.14188341116542763	-0.16188060919116773	0.21762606954866498	-0.4260550556015089	0.11503326084996315	-0.16920509902957753	0.21288532379915737	-0.49268985332268633	0.999999999999994	-0.0895104290508174	0.13586946522815854	-0.18107633020655117	0.2758483636457246	-0.562687019548776	0.07674385592637127	-0.06928471107607198	0.11498246298792539	-0.2512108344761524	0.22508095363353203	-0.04773413464646642	0.07690934681606797	-0.12386243772352572	0.13077865167545447	-0.10509621234989965	0.05960242385820094	-0.07117293606818523	0.17734604392988723	-0.12170067628271246	0.13072435256100196
0.13129439796527687	-0.08577711832862671	0.10180988389511951	-0.09877753407516504	0.06928145566134522	-0.10671186667472748	0.09670746120492818	-0.10153587489785747	0.08249917472837476	-0.058117257395207955	0.17637682276473288	-0.128441033959592	0.12005450913800066	-0.08394055940304998	0.09677194372052977	-0.670406291351395	0.2568297456557736	-0.14372525919212686	0.1116606064362713	-0.0895104290508174	0.9999999999999923	-0.6154367852388549	0.13271553872973002	-0.1149503020086869	0.08469950651935579	-0.18572949319852491	0.15676093589567172	-0.09001571938357221	0.07568202624590752	-0.06319903792668519	0.04083811006470484	-0.06508354928359004	0.09413759424461275	-0.06530441658826601	0.05621819506032653	-0.046555053996016935	0.05734038460939594	-0.11536789488359048	0.06407067265775743	-0.07716348836144885
-0.1998550673566077	0.12610227002284777	-0.15747881427992164	0.14550003771467543	-0.10756507042555731	0.13771560951470022	-0.14666910513659365	0.14731001487088752	-0.12779758492559473	0.08899587792034924	-0.23995787888309686	0.18712742620508796	-0.18938938897040516	0.1282107314218484	-0.15159951572920763	0.3168773847718454	-0.4328760757902088	0.21234672964222687	-0.1774668848083524	0.13586946522815854	-0.6154367852388549	0.9999999999999916	-0.24049678587096654	0.1731190492374314	-0.13214504748006595	0.21259191632341873	-0.2656453697977584	0.13815334366340226	-0.11666963227077531	0.09539261371870622	-0.05914317002831568	0.09269925297613998	-0.15059489626650926	0.09453876991040842	-0.08194977170356708	0.06602036084330379	-0.08297973501543772	0.161673250742759	-0.09362433674299858	0.1090968119926119
0.12368292272215874	-0.08836096492950579	0.11296994075518849	-0.1248449588265475	0.09331054354136924	-0.08340907998285942	0.10531600891529795	-0.11450597339466652	0.11318873017492193	-0.08097383776309697	0.13375686116660226	-0.1462534185191146	0.15793602216355668	-0.1254240467080484	0.149063130522852	-0.1484242794368611	0.2095608135598621	-0.6358461327529737	0.27248193589047737	-0.18107633020655117	0.13271553872973002	-0.24049678587096654	0.9999999999999901	-0.49749337187050674	0.1843985154050634	-0.11711879209085906	0.11066965981508421	-0.34885188745077567	0.1492687460887601	-0.12928575043565999	0.054312990125987795	-0.0881989661368075	0.24270540577484875	-0.1095899953544918	0.08869759207337949	-0.06418215488633863	0.07927112648686264	-0.17913967005806647	0.10511536203366029	-0.1149454492709577
-0.1420808433125275	0.10136963296380588	-0.13326080093020226	0.15187948626391934	-0.11924444335131895	0.09278783374508578	-0.11794201943626037	0.12515976910750898	-0.1450247727698884	0.10371128042182676	-0.14910111615235555	0.1460913288287289	-0.1637365688574006	0.16153232590706648	-0.20701967277718678	0.13504184986351297	-0.20474400123585382	0.3052282751875115	-0.5706570781694859	0.2758483636457246	-0.1149503020086869	0.1731190492374314	-0.49749337187050674	0.999999999999989	-0.3852398139614341	0.09732526893601615	-0.09174705662073261	0.18426052067833606	-0.238690598141196	0.19580893308764144	-0.054468192177655195	0.08689704038368948	-0.20419666084529114	0.132233067608522	-0.10766957429156983	0.06553264462535321	-0.08032168338073628	0.18741016928472154	-0.12616428560692167	0.13251601612081793
0.11477090688849498	-0.08595914050373023	0.11199720973778894	-0.14583051486553836	0.10758150841909846	-0.07546896053800034	0.09802493926430769	-0.10813786085075046	0.1305283759648852	-0.10036023913446218	0.11866682937373492	-0.12211000206703539	0.1307631598395624	-0.15832928658589634	0.20908362736593733	-0.10772474300199729	0.1497640123174576	-0.20879151201882706	0.27479264157793243	-0.562687019548776	0.08469950651935579	-0.13214504748006595	0.1843985154050634	-0.3852398139614341	0.9999999999999912	-0.07794068554214631	0.07004038609513073	-0.12415167421225191	0.283223440274969	-0.5161036720392379	0.05233994228722503	-0.08540930341821099	0.12730042667020933	-0.15943369959508094	0.11616220786950678	-0.06639900141840371	0.07875832914262253	-0.2052336000098601	0.13522276346650308	-0.1506629516880703
-0.1006984103597036	0.06425589917117433	-0.08246494700111694	0.07656731744407277	-0.05825395473079791	0.06752265470699509	-0.07348575430238033	0.07390418252528955	-0.06800010473557899	0.04771450679241542	-0.11493025807776076	0.0869636639469606	-0.09050253735303249	0.06732281733014867	-0.08260445460953739	0.13636367162542887	-0.1654711319806715	0.11272276395751514	-0.09778264693695765	0.07674385592637127	-0.18572949319852491	0.21259191632341873	-0.11711879209085906	0.09732526893601615	-0.07794068554214631	0.9999999999999903	-0.9058488727876886	0.14019108705600403	-0.075588832912654	0.059167024072068974	-0.07746219120727983	0.1170284766281445	-0.15210752782875972	0.0630994468530672	-0.054658472466530744	0.06950045792601142	-0.1016982111906179	0.11351855723798734	-0.06748105064398487	0.06732476149750566
0.08530484964008758	-0.055317952665992036	0.07057888778075262	-0.06715622267035036	0.05059279827514109	-0.058091806423412704	0.0633783719300489	-0.06464351540477883	0.05923483863819191	-0.04174028639614372	0.0976317537375967	-0.07697351425287303	0.07889200020855772	-0.05934013793373795	0.07234615208996271	-0.12901547399949248	0.1422322182420091	-0.10705357690846197	0.08776476720724224	-0.06928471107607198	0.15676093589567172	-0.2656453697977584	0.11066965981508421	-0.09174705662073261	0.07004038609513073	-0.9058488727876886	0.9999999999999905	-0.16074811538170253	0.06847740207665441	-0.05422407808008833	0.07393462084055372	-0.13202605876699416	0.13979765185670553	-0.05854232079505176	0.049823129046559354	-0.06834420474134711	0.09703564889307707	-0.10891799683929794	0.06214043943564626	-0.06197524016268854
-0.09523680612161567	0.06497314930962242	-0.08515665921176155	0.08746153175038018	-0.06757779568893123	0.0623063123718917	-0.07513578428160785	0.07839666834655613	-0.07954955727367441	0.05670980278833859	-0.10176197607815869	0.09182164370270812	-0.09987395005069481	0.08275159942725742	-0.10362237695605785	0.09833368853427679	-0.13836443384604635	0.21120058069088712	-0.15317928987567447	0.11498246298792539	-0.09001571938357221	0.13815334366340226	-0.34885188745077567	0.18426052067833606	-0.12415167421225191	0.14019108705600403	-0.16074811538170253	0.9999999999999907	-0.1448142163325335	0.10510688365300137	-0.06295481148101206	0.10108471953676568	-0.8447729277023738	0.10536953550543815	-0.08250396575025586	0.06622587691376629	-0.09164730383549574	0.17198321127594934	-0.10741426656709493	0.09602089928879828
0.10642122154003573	-0.0763963886174731	0.10049490981865146	-0.11925557524958205	0.08860866103154567	-0.069022882899315	0.08640121612321913	-0.09295258649309646	0.10484243336206696	-0.07852532220946988	0.11021143419854168	-0.10217659343543788	0.10905835103623997	-0.11689574351441281	0.1496017516954205	-0.09553977401815698	0.13204990318699772	-0.16823441853817278	0.18907433681566935	-0.2512108344761524	0.07568202624590752	-0.11666963227077531	0.1492687460887601	-0.238690598141196	0.283223440274969	-0.075588832912654	0.06847740207665441	-0.1448142163325335	0.9999999999999889	-0.7359281715013674	0.056618520236143124	-0.09254385887142652	0.13817864521867773	-0.3227343389745449	0.16229331283153867	-0.07195764972463406	0.08748782322267087	-0.23940863797421108	0.19957785624878477	-0.18902593509787097
-0.09334682419377034	0.06631400093366205	-0.08827538014692281	0.10196707985418038	-0.08006756158164083	0.06000105098400885	-0.07507838996534558	0.07952892326877414	-0.0946190035722216	0.06983957845487748	-0.09629083226489854	0.08741319171311722	-0.09585454841560853	0.1036621400350198	-0.1448625493373338	0.07956178522655427	-0.11439453621745041	0.13782535302737697	-0.1822135345501274	0.22508095363353203	-0.06319903792668519	0.09539261371870622	-0.12928575043565999	0.19580893308764144	-0.5161036720392379	0.059167024072068974	-0.05422407808008833	0.10510688365300137	-0.7359281715013674	0.9999999999999899	-0.0418061476448173	0.06705323804203893	-0.11109224173625519	0.17985739826137326	-0.12611841481986144	0.052038919996890816	-0.0641990418990187	0.16482949987521503	-0.15605632005326087	0.13256746854353318
0.055961256645858375	-0.03597231221945658	0.04879390685501054	-0.044507451742665044	0.03612666040362497	-0.03513676014273367	0.03997493069209231	-0.039622611559630296	0.04077263209715049	-0.028816584377548596	0.05855286449622591	-0.04178912795768774	0.045460866624808735	-0.03895540027185954	0.051263350553384573	-0.04609274442731075	0.06371534617623778	-0.05723007087137598	0.05661138188847569	-0.04773413464646642	0.04083811006470484	-0.05914317002831568	0.054312990125987795	-0.054468192177655195	0.05233994228722503	-0.07746219120727983	0.07393462084055372	-0.06295481148101206	0.056618520236143124	-0.0418061476448173	0.9999999999999893	-0.5262944758364505	0.07456917506712891	-0.059088471795349526	0.05170220195447173	-0.778784630728789	0.3026707414307315	-0.14801376771257696	0.07631977486379213	-0.056666216474618225
-0.09190514540356352	0.05880062106861746	-0.08005203405423086	0.07224916779300491	-0.05912257818228893	0.057442987350229464	-0.06523499327072274	0.06430312911094978	-0.0665862160221081	0.04697324625372474	-0.09595421901044662	0.06749497852823311	-0.0738734324067455	0.06328412959977671	-0.083827594733971	0.07303549232193918	-0.10327251525491533	0.09095568732523743	-0.09190311234610857	0.07690934681606797	-0.06508354928359004	0.09269925297613998	-0.0881989661368075	0.08689704038368948	-0.08540930341821099	0.1170284766281445	-0.13202605876699416	0.10108471953676568	-0.09254385887142652	0.06705323804203893	-0.5262944758364505	0.9999999999999886	-0.13114052424931297	0.09204070023437214	-0.08310373958544674	0.3156879958670592	-0.7052738450953793	0.21519894691457178	-0.12579712934546472	0.08746413452363792
0.0998769232558494	-0.06893545560083389	0.08975760307203305	-0.09412537924683746	0.07136103308036354	-0.0658655116594406	0.07969794665475241	-0.08442519466809281	0.08407040603889522	-0.06032727318415944	0.10674044830638697	-0.09905503747825044	0.10522092610588986	-0.08826014997072254	0.1086967351020055	-0.10774853443537877	0.1433929821386878	-0.2423676358973147	0.15652571213371508	-0.12386243772352572	0.09413759424461275	-0.15059489626650926	0.24270540577484875	-0.20419666084529114	0.12730042667020933	-0.15210752782875972	0.13979765185670553	-0.8447729277023738	0.13817864521867773	-0.11109224173625519	0.07456917506712891	-0.13114052424931297	0.9999999999999872	-0.12793878288586774	0.09389144963067704	-0.08163280612277048	0.10993824272325443	-0.237939874232162	0.12432803431078471	-0.11379848965161579
-0.11125666691150178	0.07317650084053191	-0.09972308942481597	0.09657660047837621	-0.07825488885662321	0.06934902504708482	-0.08119035923660786	0.0814956132498161	-0.08893455174873692	0.06373840633022768	-0.11442339732208098	0.08497015252954446	-0.09346499363481295	0.08780613964412361	-0.11794509294363215	0.08191117593599673	-0.11990114106268467	0.11787145606178955	-0.13237179512506064	0.13077865167545447	-0.06530441658826601	0.09453876991040842	-0.1095899953544918	0.132233067608522	-0.15943369959508094	0.0630994468530672	-0.05854232079505176	0.10536953550543815	-0.3227343389745449	0.17985739826137326	-0.059088471795349526	0.09204070023437214	-0.12793878288586774	0.9999999999999869	-0.44827218140548364	0.07248805597470809	-0.0992075128554723	0.26762993225666054	-0.685737351591202	0.2783844197098877
0.09595001749253197	-0.0630208994586953	0.08572132212115145	-0.08269265048951753	0.06620502684925915	-0.05984551615691518	0.0698075420377308	-0.07019405791702174	0.074990867626753	-0.05381640365434711	0.09869837468059196	-0.0725990611061935	0.07916239330859971	-0.07356561888703081	0.09710867028200379	-0.07106277516108503	0.10216360108491725	-0.09928346000855881	0.10744806036951599	-0.10509621234989965	0.05621819506032653	-0.08194977170356708	0.08869759207337949	-0.10766957429156983	0.11616220786950678	-0.054658472466530744	0.049823129046559354	-0.08250396575025586	0.16229331283153867	-0.12611841481986144	0.05170220195447173	-0.08310373958544674	0.09389144963067704	-0.44827218140548364	0.999999999999986	-0.0659177320065674	0.08288843459386465	-0.23869887864804873	0.2567457430837685	-0.79560875613054
-0.07228854251627635	0.046127932083390034	-0.06308763620059797	0.05653575560676237	-0.046533770842813134	0.04491148170761009	-0.05099595862981612	0.05007967909849461	-0.05220763499477796	0.036822463592957065	-0.07501890435940292	0.05188542240447806	-0.05698892827386488	0.049284392682895056	-0.06565708018463268	0.054472141864293985	-0.07822116849638533	0.06763058490010286	-0.07063464922844837	0.05960242385820094	-0.046555053996016935	0.06602036084330379	-0.06418215488633863	0.06553264462535321	-0.06639900141840371	0.06950045792601142	-0.06834420474134711	0.06622587691376629	-0.07195764972463406	0.052038919996890816	-0.778784630728789	0.3156879958670592	-0.08163280612277048	0.07248805597470809	-0.0659177320065674	0.999999999999986	-0.4907746754100098	0.17071745876751598	-0.098752331728034	0.06937046577614918
0.08198876629285579	-0.052721537668998966	0.07167879054232365	-0.06543449785599055	0.05328338714717441	-0.05132785030334185	0.058520828016818266	-0.057951754571991566	0.06009125231363493	-0.042492654549865214	0.08550266317485947	-0.06086406830362807	0.06642793979586703	-0.05741385846819929	0.07587116174858216	-0.06569565774902827	0.09194186444872647	-0.08337637609547716	0.08360737795694394	-0.07117293606818523	0.05734038460939594	-0.08297973501543772	0.07927112648686264	-0.08032168338073628	0.07875832914262253	-0.1016982111906179	0.09703564889307707	-0.09164730383549574	0.08748782322267087	-0.0641990418990187	0.3026707414307315	-0.7052738450953793	0.10993824272325443	-0.0992075128554723	0.08288843459386465	-0.4907746754100098	0.9999999999999862	-0.3428629015260525	0.1329749363160336	-0.08986359701336491
-0.20935326093728324	0.13333545662820534	-0.18385277112722664	0.16390548910695912	-0.1368211243263292	0.12876979397662316	-0.14679119324195322	0.1433164141479353	-0.1529578647736763	0.10786530274715184	-0.21508952340946472	0.14619844416071115	-0.16248568127010135	0.14371735034225216	-0.19458207469809496	0.1431313043170617	-0.2148376149822255	0.1864922951198249	-0.2065104023300614	0.17734604392988723	-0.11536789488359048	0.161673250742759	-0.17913967005806647	0.18741016928472154	-0.2052336000098601	0.11351855723798734	-0.10891799683929794	0.17198321127594934	-0.23940863797421108	0.16482949987521503	-0.14801376771257696	0.21519894691457178	-0.237939874232162	0.26762993225666054	-0.23869887864804873	0.17071745876751598	-0.3428629015260525	0.9999999999999865	-0.5143345629335424	0.22616037508185197
0.10518111432180044	-0.06938747962183107	0.0941473687950079	-0.09182461837020356	0.0733200206710615	-0.06582913160185046	0.0770628992401057	-0.07776218970816581	0.08339563782913126	-0.05992566566227883	0.10845998873421658	-0.0812847154796528	0.08866494873697615	-0.08261997749340856	0.10891996872123408	-0.07985886976486534	0.11477723929685041	-0.11521881030344563	0.12285229164749098	-0.12170067628271246	0.06407067265775743	-0.09362433674299858	0.10511536203366029	-0.12616428560692167	0.13522276346650308	-0.06748105064398487	0.06214043943564626	-0.10741426656709493	0.19957785624878477	-0.15605632005326087	0.07631977486379213	-0.12579712934546472	0.12432803431078471	-0.685737351591202	0.2567457430837685	-0.098752331728034	0.1329749363160336	-0.5143345629335424	0.9999999999999868	-0.31250329090967666
-0.14599134474579623	0.09343018508630958	-0.12882903210725205	0.1164893807284926	-0.09660510663388608	0.08971265554912254	-0.102641228627563	0.10063822175936853	-0.10798302736326858	0.07650172752626329	-0.149420513622668	0.10172108246963146	-0.11258224956898667	0.10196413952658585	-0.1378419542284941	0.09823782208409115	-0.14608229589590788	0.1264698450264104	-0.1446045972973809	0.13072435256100196	-0.07716348836144885	0.1090968119926119	-0.1149454492709577	0.13251601612081793	-0.1506629516880703	0.06732476149750566	-0.06197524016268854	0.09602089928879828	-0.18902593509787097	0.13256746854353318	-0.056666216474618225	0.08746413452363792	-0.11379848965161579	0.2783844197098877	-0.79560875613054	0.06937046577614918	-0.08986359701336491	0.22616037508185197	-0.31250329090967666	0.9999999999999869
