1.0	-0.49139920493668193	0.21896090489082226	-0.12449148103518944	0.07681006457886733	-0.6728929374123231	0.32511452886429	-0.1864897167457341	0.11493997628764743	-0.09427454234597776	0.2424966861744561	-0.2302998371471628	0.1742552567543797	-0.14615670765542596	0.10498547358030494	-0.16778743840773527	0.17761139558141859	-0.14746389177314323	0.1488008536168907	-0.11547717419172222	0.11568971216655667	-0.1856717946219935	0.14377969478903493	-0.1237854200997415	0.10941983297307702	-0.13987236529165872	0.1224933502393321	-0.10115361642121684	0.09781898987652225	-0.15955202890094586	0.10072757581798626	-0.16800588777037526	0.10354294286539655	-0.08551414973206084	0.12162111789691185	-0.1186177452650992	0.07219347020058423	-0.08275679838643638	0.1014502439418453	-0.09613410878044977	0.04804872226027082	-0.05226230867432788	0.11873213176505268	-0.03715992924315883	0.041376640051383244
-0.49139920493668193	1.0	-0.41425986505656287	0.13609283713166576	-0.08873542474452895	0.2983245732497666	-0.6134612739221617	0.2255807915514472	-0.13615122866453663	0.10465666724623227	-0.2560566750284579	0.21826671261397243	-0.21116143011287872	0.15376299940909793	-0.11359950261484604	0.14738284279392266	-0.1976379739495674	0.15619979367665707	-0.16431921790363768	0.11862645483809338	-0.10767553576683504	0.17069835651647536	-0.14794416395494775	0.12159867054791655	-0.11015367055929023	0.12352419094107252	-0.11272605471038245	0.09416856110809194	-0.09433778947295433	0.14857251414060305	-0.0906867490932198	0.14679288649982353	-0.09814288640986689	0.0815485575355704	-0.11955123525311726	0.10324358852655126	-0.06496169586951007	0.07366732714404452	-0.09959009953667264	0.09045341205299341	-0.04303945123460853	0.046441827721645006	-0.11126366546417468	0.035838307843448214	-0.040185406088005304
0.21896090489082226	-0.41425986505656287	1.0000000000000004	-0.2926584589916968	0.1640001140275598	-0.1643486890583862	0.2301805151174609	-0.5683810560165017	0.2355695238985949	-0.20572039366300912	0.20880672056843783	-0.21454465711807527	0.28685041151427704	-0.24212645423312557	0.16174489935558284	-0.1872833753142316	0.22311380889255725	-0.21340519032311095	0.21626171457971452	-0.17443503661502324	0.13494183406387375	-0.23545969915715545	0.19325251933006923	-0.17120915797726385	0.15213750273046636	-0.16829796754472937	0.1513288567310911	-0.12883066129640325	0.1262004707686947	-0.2167287366064637	0.12546076625778824	-0.21055985968392826	0.1318188378031368	-0.11034207447228515	0.15830766862784862	-0.14848542603156364	0.09088759646344305	-0.1043850535027602	0.13024836902526388	-0.12418975146849259	0.06029842882403984	-0.06561929265920279	0.14912069285334603	-0.047744717538379354	0.05316802599525628
-0.12449148103518944	0.13609283713166576	-0.2926584589916968	1.0000000000000004	-0.7160263541346743	0.08549867996286856	-0.11790963412596825	0.20774887611707285	-0.45098411116255216	0.3160803019735052	-0.12543153100665305	0.1166279598676311	-0.18171609161313593	0.17368052128036582	-0.13024053611385195	0.09480112782440488	-0.14184260149935896	0.12542269689809474	-0.16192141937433718	0.1148375094151091	-0.07121659252131651	0.12245196233366587	-0.11731990797544009	0.09955281593025195	-0.09433106448728398	0.08391729244355697	-0.07874457691272152	0.06834331398635762	-0.07060294191737988	0.11464389094500121	-0.0628661879750836	0.10156762776184128	-0.07169216431667548	0.06062592725148619	-0.09115970731847814	0.07093070311269101	-0.045612429214902425	0.051579033798889125	-0.07411741643155166	0.06641369496296164	-0.029876163447805096	0.032160800373018994	-0.07760939663563325	0.026453182110559876	-0.02976199807633623
0.07681006457886733	-0.08873542474452895	0.1640001140275598	-0.7160263541346743	1.0000000000000007	-0.05425424705647105	0.07414284402601061	-0.1499765523012886	0.29217454412221494	-0.5901339379620233	0.07950430334709777	-0.07637522708677505	0.11805923841446506	-0.1268975320384373	0.08836987227794042	-0.06326220238798969	0.09065335863368269	-0.08324227230970772	0.10440254037533753	-0.08031088843443253	0.047102420597482535	-0.0822158066963784	0.07660532957361163	-0.06694973901967337	0.06274441833239837	-0.05626876805827635	0.05237609732340609	-0.04538322068412675	0.04642001395183642	-0.07785495833431366	0.041916655788583	-0.06843530137184953	0.04724588196293953	-0.03999219161662707	0.05956095960848814	-0.04774366779004591	0.03042980258156633	-0.03453086902971654	0.04820384692093918	-0.04390582258765679	0.019915412081652595	-0.021492706403214108	0.05080147041820926	-0.017308128793812938	0.019426959164311263
-0.6728929374123231	0.2983245732497666	-0.1643486890583862	0.08549867996286856	-0.05425424705647105	1.0000000000000007	-0.5770387514158118	0.14290553543094947	-0.08423691286771498	0.06647140638732192	-0.31869790937035225	0.21154974432720838	-0.14047685376726726	0.10525328821482498	-0.07580836832952013	0.12281508495801344	-0.1423897040821298	0.11146012143573324	-0.10946252695294632	0.08183996633308112	-0.08528729201579559	0.12832452608777428	-0.10342565255256754	0.0862383689575984	-0.07650104466419748	0.09553642425075308	-0.08446016247549892	0.06846726878496417	-0.06676055687823174	0.10688046437935908	-0.06694635614126727	0.1098755004896827	-0.07032155521107486	0.057904498761843996	-0.08296487674089707	0.07691264917603258	-0.04759359887308712	0.054184121051915946	-0.06865907287759415	0.06393658899019272	-0.031387807696222014	0.03400605441330139	-0.07752219676759022	0.024943488849385066	-0.027848336576581034
0.32511452886429	-0.6134612739221617	0.2301805151174609	-0.11790963412596825	0.07414284402601061	-0.5770387514158118	1.0000000000000002	-0.22244334188777015	0.11536052235189648	-0.09196485983261224	0.24490233746300397	-0.2770900300946	0.1824314146551838	-0.13838644142611672	0.09820887473221021	-0.14431406855232284	0.1739424729629649	-0.14239594552249957	0.1397832122472524	-0.10590250086595789	0.10087779993941819	-0.1610836993624182	0.13043503738615578	-0.11009747654609582	0.09768555746400634	-0.11791524849785177	0.10476247320416278	-0.08629118497022786	0.08432660155318067	-0.13689686374945179	0.08420132582050742	-0.13906312577556162	0.08860070546214094	-0.07329676126656755	0.1051996389782919	-0.09753302180846635	0.06022853998058879	-0.06871890484348786	0.08709310965244087	-0.08140072422682898	0.039809684547483494	-0.04317167017934702	0.09878347102964599	-0.0316888668973063	0.035368395446010635
-0.1864897167457341	0.2255807915514472	-0.5683810560165017	0.20774887611707285	-0.1499765523012886	0.14290553543094947	-0.22244334188777015	0.9999999999999998	-0.3454385505667708	0.18987281342260343	-0.20624005748329788	0.20696867462339	-0.5619389121456071	0.230069266049015	-0.1582596216268887	0.14349557828357007	-0.22418604671116613	0.214187068305665	-0.21545586454821877	0.15235262759755738	-0.1058066908060422	0.18241432198680335	-0.17456794326550695	0.14128331662788618	-0.12839325186113257	0.12354222016766901	-0.11430868843466752	0.09673476426258229	-0.09709195161521035	0.161079701996412	-0.08972955025788529	0.1469307394938465	-0.09978861703241788	0.08355205047602707	-0.12256136700342639	0.10206307150316657	-0.06466606195866936	0.07340271903774961	-0.0988817458756501	0.09093305377123037	-0.042177926016016866	0.04556915004576348	-0.10515703098397794	0.035642797315854104	-0.03992249621374141
0.11493997628764743	-0.13615122866453663	0.2355695238985949	-0.45098411116255216	0.29217454412221494	-0.08423691286771498	0.11536052235189648	-0.3454385505667708	0.9999999999999996	-0.6653458603200857	0.12408048921061517	-0.1241326033630888	0.20766870826104958	-0.28127059291639767	0.15328860411064724	-0.09945484161754464	0.14332141594933687	-0.13877339607219968	0.1729037811520883	-0.13663427638339415	0.07366948159012102	-0.13025782771952432	0.12163141697414338	-0.10805965101749042	0.10094067221113029	-0.08808080291365099	0.08178843430421098	-0.07070631328151553	0.07198411134425572	-0.1235048903474041	0.06489272481611524	-0.10652091130426188	0.07317607525565537	-0.062004065361565004	0.09191481428987221	-0.073997897590834	0.04710032280890367	-0.053499235874555566	0.07370719451238338	-0.0676872462815118	0.030690582295698054	-0.03315282499266728	0.07703083076937378	-0.026529816614225203	0.029743741125137432
-0.09427454234597776	0.10465666724623227	-0.20572039366300912	0.3160803019735052	-0.5901339379620233	0.06647140638732192	-0.09196485983261224	0.18987281342260343	-0.6653458603200857	1.0000000000000013	-0.09900771382990665	0.09438691619974444	-0.15789608833045451	0.16532818742089664	-0.12332735503093571	0.07557414683706817	-0.11400964601072625	0.10428871462918969	-0.13719573081078754	0.10165283209382095	-0.056580132129021916	0.09850700395818707	-0.09498668253127407	0.08203316466247253	-0.07814416553577028	0.06676002866170411	-0.06254764272741843	0.05421511835855409	-0.0558213091306242	0.09285954535199599	-0.04952294469886602	0.0804728795144047	-0.056565176118712854	0.04790760325653073	-0.07177671799504373	0.05597368654917495	-0.03594112409551238	0.040688791729269425	-0.05770924715199717	0.05216821004264552	-0.023429007883001965	0.02524855316472161	-0.05981229633289723	0.020648558770989884	-0.023204358813485572
0.2424966861744561	-0.2560566750284579	0.20880672056843783	-0.12543153100665305	0.07950430334709777	-0.31869790937035225	0.24490233746300397	-0.20624005748329788	0.12408048921061517	-0.09900771382990665	1.0000000000000004	-0.7045296650240912	0.23604079601053624	-0.1772801062265258	0.12454561070211058	-0.2912574646404564	0.26281076325673136	-0.2050843331460479	0.18198525988970418	-0.13745307188024372	0.1718001797629417	-0.23423225029220832	0.17835404858996692	-0.14743591654774954	0.12829190869266677	-0.18007581917086407	0.15248178347168426	-0.11782463786927284	0.11273685691786743	-0.17846530434770874	0.11429157595861279	-0.18711741295351	0.11958834637646851	-0.09732073182055252	0.13753204584943365	-0.12869471606768115	0.07996504360754174	-0.09062962275341054	0.11246313424597339	-0.10470747273005997	0.051914638632180335	-0.05618883903885895	0.12256699367212018	-0.040787750806556014	0.045510623625021236
-0.2302998371471628	0.21826671261397243	-0.21454465711807527	0.1166279598676311	-0.07637522708677505	0.21154974432720838	-0.2770900300946	0.20696867462339	-0.1241326033630888	0.09438691619974444	-0.7045296650240912	1.0000000000000018	-0.3439916703014979	0.17645231607901274	-0.1260096546627638	0.19642061889817597	-0.4034352535101193	0.22550652737969207	-0.19348202026092515	0.1334773569699986	-0.13998403184262626	0.20379737288536773	-0.17741291655752645	0.1378752855907996	-0.12126972051416192	0.14227096927994337	-0.1290164258618772	0.10133795463829431	-0.09940184943088494	0.15688821215238655	-0.0953755201538982	0.1536266061883051	-0.10391667438125317	0.08508639713708623	-0.12252634477995653	0.10548745665546931	-0.06702474152524605	0.07553537504866946	-0.09917933394381576	0.09070782464209215	-0.043295814404951595	0.046661646464944334	-0.10462573159500607	0.03567363639479145	-0.03993979906741149
0.1742552567543797	-0.21116143011287872	0.28685041151427704	-0.18171609161313593	0.11805923841446506	-0.14047685376726726	0.1824314146551838	-0.5619389121456071	0.20766870826104958	-0.15789608833045451	0.23604079601053624	-0.3439916703014979	1.0000000000000022	-0.3737906980133892	0.19606525919188134	-0.18034123180662473	0.2764098027452311	-0.4024780666634147	0.2649950408570034	-0.2023206162302006	0.12944146551027702	-0.23539842474995848	0.2179626633803817	-0.18296231268823943	0.15868209834077743	-0.15309741025207813	0.13999409039469785	-0.11785564232916543	0.1162154346567375	-0.20179142303022107	0.10770996811123046	-0.17909665921255163	0.11950149180595601	-0.10019095942248997	0.14484573377813942	-0.12295329333627517	0.07763842971421177	-0.08834980773577589	0.11537330201091221	-0.10792788458744648	0.05016277189275478	-0.05431620253982908	0.1206542076199172	-0.04180811374722222	0.046710878634497854
-0.14615670765542596	0.15376299940909793	-0.24212645423312557	0.17368052128036582	-0.1268975320384373	0.10525328821482498	-0.13838644142611672	0.230069266049015	-0.28127059291639767	0.16532818742089664	-0.1772801062265258	0.17645231607901274	-0.3737906980133892	0.9999999999999976	-0.5712284960247762	0.14054426690695215	-0.23565937502558704	0.2388627912565062	-0.47484238581224336	0.3014864017096127	-0.10629178160069384	0.19368207517368516	-0.20570924861388878	0.1900489721085545	-0.1935582381214016	0.12445271153311972	-0.11865329259031614	0.10448522434059491	-0.10974700575926118	0.19216630492869907	-0.0906568606247781	0.147594629751233	-0.10857277091660296	0.09320978998246372	-0.14167767357233096	0.10108929300787378	-0.06617724538663432	0.07469481362284977	-0.10899318927105928	0.09842750375424224	-0.042256931659776675	0.04547630846007325	-0.10472179257710146	0.038832195149078	-0.04369136046323309
0.10498547358030494	-0.11359950261484604	0.16174489935558284	-0.13024053611385195	0.08836987227794042	-0.07580836832952013	0.09820887473221021	-0.1582596216268887	0.15328860411064724	-0.12332735503093571	0.12454561070211058	-0.1260096546627638	0.19606525919188134	-0.5712284960247762	1.0000000000000022	-0.11270389177821288	0.16544859063670453	-0.17606813927731882	0.28552603302639146	-0.6781315902776675	0.08510643568156556	-0.16332711950947376	0.16517734694474015	-0.19430881900909697	0.2044454663101548	-0.10286374843259893	0.09795037050454708	-0.08866563429999028	0.09398182832286978	-0.19632513355281933	0.07499686477296588	-0.12412792961565887	0.090977394328233	-0.08019966367689227	0.12140296757121398	-0.08442251965707531	0.0552368800985102	-0.06265368690833722	0.09049091599311039	-0.08405200827279427	0.035007029018824534	-0.03776594415308221	0.08477356982430634	-0.03251041133025842	0.03647136510364253
-0.16778743840773527	0.14738284279392266	-0.1872833753142316	0.09480112782440488	-0.06326220238798969	0.12281508495801344	-0.14431406855232284	0.14349557828357007	-0.09945484161754464	0.07557414683706817	-0.2912574646404564	0.19642061889817597	-0.18034123180662473	0.14054426690695215	-0.11270389177821288	0.9999999999999998	-0.28544157325213326	0.17692933083439427	-0.17848524129134058	0.1206999420871551	-0.7298430768180497	0.2486909863420285	-0.2013931787095192	0.14129431314589128	-0.12903982026322292	0.28000471570699004	-0.2546810360140342	0.14554554605984088	-0.14092662500569025	0.16655192885076078	-0.14951646799402113	0.2021786217360446	-0.15427178380862394	0.11575938927631652	-0.1634309866319775	0.1366057469784577	-0.09176459199568497	0.09803488930468184	-0.13443115542420175	0.11340065051376776	-0.05771506742068784	0.06056631354438348	-0.13619098972951538	0.04689928654399334	-0.052918689088849905
0.17761139558141859	-0.1976379739495674	0.22311380889255725	-0.14184260149935896	0.09065335863368269	-0.1423897040821298	0.1739424729629649	-0.22418604671116613	0.14332141594933687	-0.11400964601072625	0.26281076325673136	-0.4034352535101193	0.2764098027452311	-0.23565937502558704	0.16544859063670453	-0.28544157325213326	0.9999999999999982	-0.5757979113581361	0.2711463816632976	-0.19524985381508253	0.18602582633154868	-0.37273585432979506	0.27455467776284936	-0.21485373706149435	0.17574364049141042	-0.20751691206346984	0.18742855221270882	-0.14585956576323672	0.1393997401243627	-0.22919373048132968	0.13220260715722462	-0.21839118576545552	0.14571765672231218	-0.11945364000132988	0.16908473748825842	-0.1464553980647322	0.09337190834482548	-0.1054190795016122	0.13473185261747309	-0.12513112327837939	0.05942588721892153	-0.06415500954499043	0.1382788832115296	-0.048668118439146396	0.05436300972854094
-0.14746389177314323	0.15619979367665707	-0.21340519032311095	0.12542269689809474	-0.08324227230970772	0.11146012143573324	-0.14239594552249957	0.214187068305665	-0.13877339607219968	0.10428871462918969	-0.2050843331460479	0.22550652737969207	-0.4024780666634147	0.2388627912565062	-0.17606813927731882	0.17692933083439427	-0.5757979113581361	0.9999999999999964	-0.45604370535791133	0.20077157811671667	-0.1333346475321588	0.2637644355685194	-0.4088567314910092	0.21785078224125456	-0.17927291037398108	0.14893345749838774	-0.1440077670271926	0.12053847406078315	-0.11887688942645636	0.19717083342279565	-0.10190356684164699	0.1663725760141822	-0.1210527328074889	0.10025837066889852	-0.1453543190590172	0.11181046667259034	-0.07324725295256028	0.08239918918403043	-0.11281100319394728	0.10308886015506617	-0.0462433955079983	0.049747380852640286	-0.11040400152854914	0.04040603716516886	-0.045294866814666004
0.1488008536168907	-0.16431921790363768	0.21626171457971452	-0.16192141937433718	0.10440254037533753	-0.10946252695294632	0.1397832122472524	-0.21545586454821877	0.1729037811520883	-0.13719573081078754	0.18198525988970418	-0.19348202026092515	0.2649950408570034	-0.47484238581224336	0.28552603302639146	-0.17848524129134058	0.2711463816632976	-0.45604370535791133	0.9999999999999978	-0.4535256527895738	0.13208891429745523	-0.2639607012957271	0.2617685979523227	-0.30443093404132227	0.2387648855772282	-0.1599159914297681	0.1502315534286531	-0.13194384047895347	0.1344680260829433	-0.25899676589062015	0.11321704334518519	-0.18886490856726182	0.1331766607643374	-0.11502105636931548	0.16896170576949104	-0.12782105863647555	0.08265489380537924	-0.0938855134394199	0.12889187599206925	-0.12074162499881365	0.052459281762881574	-0.05669078470601819	0.12474289765159348	-0.04653844633072668	0.052073433847418346
-0.11547717419172222	0.11862645483809338	-0.17443503661502324	0.1148375094151091	-0.08031088843443253	0.08183996633308112	-0.10590250086595789	0.15235262759755738	-0.13663427638339415	0.10165283209382095	-0.13745307188024372	0.1334773569699986	-0.2023206162302006	0.3014864017096127	-0.6781315902776675	0.1206999420871551	-0.19524985381508253	0.20077157811671667	-0.4535256527895738	0.9999999999999976	-0.09293431175757409	0.1771509529351798	-0.20290784004106105	0.22927836330072332	-0.3567451119941294	0.1103748024730262	-0.10744842366142389	0.09882013290693797	-0.10848506683083026	0.2137683250186181	-0.0810243646902439	0.13222538597089215	-0.10285966854306844	0.09109762802743196	-0.14268225912764976	0.08970263954107464	-0.05997107541553784	0.06760066205840036	-0.10337037735810999	0.09348267310209271	-0.03768409767786786	0.04049748034139822	-0.09244046255319895	0.03670511979936655	-0.041361977949395765
0.11568971216655667	-0.10767553576683504	0.13494183406387375	-0.07121659252131651	0.047102420597482535	-0.08528729201579559	0.10087779993941819	-0.1058066908060422	0.07366948159012102	-0.056580132129021916	0.1718001797629417	-0.13998403184262626	0.12944146551027702	-0.10629178160069384	0.08510643568156556	-0.7298430768180497	0.18602582633154868	-0.1333346475321588	0.13208891429745523	-0.09293431175757409	0.9999999999999963	-0.27856798506646496	0.16337358896365617	-0.11498705403613681	0.10210692298240756	-0.49968764386103015	0.24468627272576038	-0.13307282879208293	0.11654992593096407	-0.13549240160084083	0.1326764388875234	-0.19475379799425924	0.1308377104804734	-0.09652497521100324	0.12938816379764653	-0.12485251010438024	0.08020136755924985	-0.08642383603057512	0.10545939947253771	-0.09104794793763445	0.04946646330488635	-0.0524002837199405	0.10573817158183509	-0.037107812421628764	0.04164065484640397
-0.1856717946219935	0.17069835651647536	-0.23545969915715545	0.12245196233366587	-0.0822158066963784	0.12832452608777428	-0.1610836993624182	0.18241432198680335	-0.13025782771952432	0.09850700395818707	-0.23423225029220832	0.20379737288536773	-0.23539842474995848	0.19368207517368516	-0.16332711950947376	0.2486909863420285	-0.37273585432979506	0.2637644355685194	-0.2639607012957271	0.1771509529351798	-0.27856798506646496	0.9999999999999951	-0.5340078662834595	0.24310320000754412	-0.2180821856715912	0.26303214819644155	-0.39175611186505527	0.2009148734010635	-0.19536477693378657	0.23977489365734844	-0.16879046561709524	0.2546263651896433	-0.20817170121916242	0.15813856630429543	-0.22727499314027638	0.16265995171799963	-0.11547572671161369	0.12393659984945843	-0.1792386557905591	0.1516018157943081	-0.06996874103452125	0.0737266713809391	-0.16680469432513398	0.062331468696702114	-0.07044610555575818
0.14377969478903493	-0.14794416395494775	0.19325251933006923	-0.11731990797544009	0.07660532957361163	-0.10342565255256754	0.13043503738615578	-0.17456794326550695	0.12163141697414338	-0.09498668253127407	0.17835404858996692	-0.17741291655752645	0.2179626633803817	-0.20570924861388878	0.16517734694474015	-0.2013931787095192	0.27455467776284936	-0.4088567314910092	0.2617685979523227	-0.20290784004106105	0.16337358896365617	-0.5340078662834595	0.9999999999999973	-0.4970037102637672	0.2569318742473082	-0.1962212965179918	0.20182138786428752	-0.18480394807178083	0.1643545298000873	-0.2844416956488937	0.1288944561508705	-0.21683843882527812	0.1661817952747193	-0.13723311384735384	0.19055671578461908	-0.13860566784990427	0.09406987340459877	-0.10571330298888576	0.1432759728725834	-0.1323558199664936	0.05733539749013247	-0.061561863174892505	0.13153449825695568	-0.051378383721878224	0.05746715655746569
-0.1237854200997415	0.12159867054791655	-0.17120915797726385	0.09955281593025195	-0.06694973901967337	0.0862383689575984	-0.11009747654609582	0.14128331662788618	-0.10805965101749042	0.08203316466247253	-0.14743591654774954	0.1378752855907996	-0.18296231268823943	0.1900489721085545	-0.19430881900909697	0.14129431314589128	-0.21485373706149435	0.21785078224125456	-0.30443093404132227	0.22927836330072332	-0.11498705403613681	0.24310320000754412	-0.4970037102637672	0.9999999999999946	-0.6529248788634409	0.13639007696410074	-0.14164789406323405	0.13874794507211272	-0.16652224494733353	0.2811473646896436	-0.09992519312318313	0.16185932490454727	-0.1424412012960168	0.12964144916067494	-0.20275779433135166	0.10755000272179986	-0.07534668035498687	0.08423589218884567	-0.1381311245551612	0.12202555109755524	-0.045833394272274654	0.049002432519242065	-0.1108065670405817	0.04841675529806272	-0.05477031803296556
0.10941983297307702	-0.11015367055929023	0.15213750273046636	-0.09433106448728398	0.06274441833239837	-0.07650104466419748	0.09768555746400634	-0.12839325186113257	0.10094067221113029	-0.07814416553577028	0.12829190869266677	-0.12126972051416192	0.15868209834077743	-0.1935582381214016	0.2044454663101548	-0.12903982026322292	0.17574364049141042	-0.17927291037398108	0.2387648855772282	-0.3567451119941294	0.10210692298240756	-0.2180821856715912	0.2569318742473082	-0.6529248788634409	0.9999999999999948	-0.12550952987753405	0.12568323329847786	-0.1262849228711373	0.1475393630330534	-0.5000652140012128	0.09231976628363434	-0.15329726713581193	0.12826969977119945	-0.12314106837017963	0.19473783738347542	-0.1016847534658633	0.07009801218026068	-0.07923335453638919	0.12721138970261803	-0.11897125411735184	0.042772987116160795	-0.045949020273939815	0.10170025304763947	-0.04543880403168907	0.05110980737661103
-0.13987236529165872	0.12352419094107252	-0.16829796754472937	0.08391729244355697	-0.05626876805827635	0.09553642425075308	-0.11791524849785177	0.12354222016766901	-0.08808080291365099	0.06676002866170411	-0.18007581917086407	0.14227096927994337	-0.15309741025207813	0.12445271153311972	-0.10286374843259893	0.28000471570699004	-0.20751691206346984	0.14893345749838774	-0.1599159914297681	0.1103748024730262	-0.49968764386103015	0.26303214819644155	-0.1962212965179918	0.13639007696410074	-0.12550952987753405	0.999999999999997	-0.6255977863655632	0.19775046074438377	-0.173394385538243	0.1676168869991552	-0.22738248701077282	0.26345890540298794	-0.20104368263737807	0.13707647435598905	-0.17913482148573937	0.17258615850143608	-0.11424240263636151	0.11750287828053138	-0.14572393402900485	0.12180234018693122	-0.06920873627331506	0.07190555259717726	-0.14437359032164276	0.050603137570283924	-0.05690932243956594
0.1224933502393321	-0.11272605471038245	0.1513288567310911	-0.07874457691272152	0.05237609732340609	-0.08446016247549892	0.10476247320416278	-0.11430868843466752	0.08178843430421098	-0.06254764272741843	0.15248178347168426	-0.1290164258618772	0.13999409039469785	-0.11865329259031614	0.09795037050454708	-0.2546810360140342	0.18742855221270882	-0.1440077670271926	0.1502315534286531	-0.10744842366142389	0.24468627272576038	-0.39175611186505527	0.20182138786428752	-0.14164789406323405	0.12568323329847786	-0.6255977863655632	0.999999999999992	-0.3226592735363713	0.18965126777707647	-0.17466413379186002	0.1932376057846748	-0.43171421825900397	0.22885408329204948	-0.15397606496954916	0.17805175209701593	-0.17316342430568163	0.128859365115872	-0.1358867146668997	0.14234100171383018	-0.12417210344710171	0.06963074354178624	-0.07342287575095041	0.1356256518696002	-0.05020651321916965	0.055902045404635795
-0.10115361642121684	0.09416856110809194	-0.12883066129640325	0.06834331398635762	-0.04538322068412675	0.06846726878496417	-0.08629118497022786	0.09673476426258229	-0.07070631328151553	0.05421511835855409	-0.11782463786927284	0.10133795463829431	-0.11785564232916543	0.10448522434059491	-0.08866563429999028	0.14554554605984088	-0.14585956576323672	0.12053847406078315	-0.13194384047895347	0.09882013290693797	-0.13307282879208293	0.2009148734010635	-0.18480394807178083	0.13874794507211272	-0.1262849228711373	0.19775046074438377	-0.3226592735363713	0.9999999999999899	-0.5121605780972633	0.20076043190903917	-0.14093236795849226	0.2421672424549816	-0.6610491927077258	0.28983641114698766	-0.2397631305491831	0.13791869083657074	-0.1343540957916404	0.14705351889777907	-0.16827972640626976	0.15402434324112918	-0.06218777852643811	0.06535163745554967	-0.12267562567833151	0.059592532046145744	-0.06479508552368388
0.09781898987652225	-0.09433778947295433	0.1262004707686947	-0.07060294191737988	0.04642001395183642	-0.06676055687823174	0.08432660155318067	-0.09709195161521035	0.07198411134425572	-0.0558213091306242	0.11273685691786743	-0.09940184943088494	0.1162154346567375	-0.10974700575926118	0.09398182832286978	-0.14092662500569025	0.1393997401243627	-0.11887688942645636	0.1344680260829433	-0.10848506683083026	0.11654992593096407	-0.19536477693378657	0.1643545298000873	-0.16652224494733353	0.1475393630330534	-0.173394385538243	0.18965126777707647	-0.5121605780972633	0.9999999999999925	-0.2971281816672665	0.12660473544301984	-0.22991744004966277	0.31252879010176077	-0.6461386212868884	0.28061245724149486	-0.13780541292093798	0.11105968937775823	-0.12995926753610135	0.19049095787091017	-0.20228993152048527	0.058444325559299265	-0.0628400571323744	0.1196876221961897	-0.07226699848879901	0.07564601339659235
-0.15955202890094586	0.14857251414060305	-0.2167287366064637	0.11464389094500121	-0.07785495833431366	0.10688046437935908	-0.13689686374945179	0.161079701996412	-0.1235048903474041	0.09285954535199599	-0.17846530434770874	0.15688821215238655	-0.20179142303022107	0.19216630492869907	-0.19632513355281933	0.16655192885076078	-0.22919373048132968	0.19717083342279565	-0.25899676589062015	0.2137683250186181	-0.13549240160084083	0.23977489365734844	-0.2844416956488937	0.2811473646896436	-0.5000652140012128	0.1676168869991552	-0.17466413379186002	0.20076043190903917	-0.2971281816672665	0.9999999999999902	-0.13367086390606847	0.21510301027431816	-0.22445124033731784	0.2303680852405557	-0.47786439033136496	0.14425673853025736	-0.10701403114934384	0.1195382324605622	-0.24301878121540432	0.21245030697390907	-0.06326524463483486	0.06740681118718883	-0.15664376809940778	0.08382773223538754	-0.09597780451999963
0.10072757581798626	-0.0906867490932198	0.12546076625778824	-0.0628661879750836	0.041916655788583	-0.06694635614126727	0.08420132582050742	-0.08972955025788529	0.06489272481611524	-0.04952294469886602	0.11429157595861279	-0.0953755201538982	0.10770996811123046	-0.0906568606247781	0.07499686477296588	-0.14951646799402113	0.13220260715722462	-0.10190356684164699	0.11321704334518519	-0.0810243646902439	0.1326764388875234	-0.16879046561709524	0.1288944561508705	-0.09992519312318313	0.09231976628363434	-0.22738248701077282	0.1932376057846748	-0.14093236795849226	0.12660473544301984	-0.13367086390606847	0.999999999999989	-0.43250781631708335	0.15937433453195254	-0.11122070944543085	0.14607427971230721	-0.7688298979331118	0.18170203863479825	-0.18486426423007718	0.12750546283263747	-0.10704088100295861	0.16267673342921407	-0.1765594264009452	0.1622239376068861	-0.04500823983596693	0.05019678804537926
-0.16800588777037526	0.14679288649982353	-0.21055985968392826	0.10156762776184128	-0.06843530137184953	0.1098755004896827	-0.13906312577556162	0.1469307394938465	-0.10652091130426188	0.0804728795144047	-0.18711741295351	0.1536266061883051	-0.17909665921255163	0.147594629751233	-0.12412792961565887	0.2021786217360446	-0.21839118576545552	0.1663725760141822	-0.18886490856726182	0.13222538597089215	-0.19475379799425924	0.2546263651896433	-0.21683843882527812	0.16185932490454727	-0.15329726713581193	0.26345890540298794	-0.43171421825900397	0.2421672424549816	-0.22991744004966277	0.21510301027431816	-0.43250781631708335	0.9999999999999893	-0.33040410009155846	0.1953238431914619	-0.2611623363871747	0.27404707537764916	-0.2876024077318148	0.22629274643689778	-0.22009519866877023	0.17499034036654104	-0.12310522766699275	0.12383672843854526	-0.2297217302824687	0.07519072901310031	-0.08481988286975811
0.10354294286539655	-0.09814288640986689	0.1318188378031368	-0.07169216431667548	0.04724588196293953	-0.07032155521107486	0.08860070546214094	-0.09978861703241788	0.07317607525565537	-0.056565176118712854	0.11958834637646851	-0.10391667438125317	0.11950149180595601	-0.10857277091660296	0.090977394328233	-0.15427178380862394	0.14571765672231218	-0.1210527328074889	0.1331766607643374	-0.10285966854306844	0.1308377104804734	-0.20817170121916242	0.1661817952747193	-0.1424412012960168	0.12826969977119945	-0.20104368263737807	0.22885408329204948	-0.6610491927077258	0.31252879010176077	-0.22445124033731784	0.15937433453195254	-0.33040410009155846	0.9999999999999888	-0.4392594415423522	0.2456970663757519	-0.16787453383793233	0.17009809388656144	-0.22798848263300342	0.17972291097211604	-0.1810040102121974	0.07416804106188268	-0.07939229909018755	0.13429217699148227	-0.06690789193159237	0.07112964677301936
-0.08551414973206084	0.0815485575355704	-0.11034207447228515	0.06062592725148619	-0.03999219161662707	0.057904498761843996	-0.07329676126656755	0.08355205047602707	-0.062004065361565004	0.04790760325653073	-0.09732073182055252	0.08508639713708623	-0.10019095942248997	0.09320978998246372	-0.08019966367689227	0.11575938927631652	-0.11945364000132988	0.10025837066889852	-0.11502105636931548	0.09109762802743196	-0.09652497521100324	0.15813856630429543	-0.13723311384735384	0.12964144916067494	-0.12314106837017963	0.13707647435598905	-0.15397606496954916	0.28983641114698766	-0.6461386212868884	0.2303680852405557	-0.11122070944543085	0.1953238431914619	-0.4392594415423522	0.9999999999999875	-0.47619040800780194	0.11910899096554035	-0.10617050981419465	0.1215490457385348	-0.24141576710817156	0.21095451823559103	-0.052416748274228764	0.05591407973743963	-0.10798262120717023	0.07912217064075298	-0.0827098058184507
0.12162111789691185	-0.11955123525311726	0.15830766862784862	-0.09115970731847814	0.05956095960848814	-0.08296487674089707	0.1051996389782919	-0.12256136700342639	0.09191481428987221	-0.07177671799504373	0.13753204584943365	-0.12252634477995653	0.14484573377813942	-0.14167767357233096	0.12140296757121398	-0.1634309866319775	0.16908473748825842	-0.1453543190590172	0.16896170576949104	-0.14268225912764976	0.12938816379764653	-0.22727499314027638	0.19055671578461908	-0.20275779433135166	0.19473783738347542	-0.17913482148573937	0.17805175209701593	-0.2397631305491831	0.28061245724149486	-0.47786439033136496	0.14607427971230721	-0.2611623363871747	0.2456970663757519	-0.47619040800780194	0.9999999999999905	-0.16964536941093936	0.12198930165919586	-0.14457780486108907	0.2741120535742933	-0.4405107531411077	0.07030626111493005	-0.07640223960253358	0.1527874968770592	-0.11323407220091318	0.12336030413111854
-0.1186177452650992	0.10324358852655126	-0.14848542603156364	0.07093070311269101	-0.04774366779004591	0.07691264917603258	-0.09753302180846635	0.10206307150316657	-0.073997897590834	0.05597368654917495	-0.12869471606768115	0.10548745665546931	-0.12295329333627517	0.10108929300787378	-0.08442251965707531	0.1366057469784577	-0.1464553980647322	0.11181046667259034	-0.12782105863647555	0.08970263954107464	-0.12485251010438024	0.16265995171799963	-0.13860566784990427	0.10755000272179986	-0.1016847534658633	0.17258615850143608	-0.17316342430568163	0.13791869083657074	-0.13780541292093798	0.14425673853025736	-0.7688298979331118	0.27404707537764916	-0.16787453383793233	0.11910899096554035	-0.16964536941093936	0.9999999999999897	-0.22835385494333593	0.1858220094944061	-0.1522078826268478	0.12029069984496048	-0.261402067286146	0.19791757501765006	-0.21391418241238375	0.05275174712733163	-0.05942262034701816
0.07219347020058423	-0.06496169586951007	0.09088759646344305	-0.045612429214902425	0.03042980258156633	-0.04759359887308712	0.06022853998058879	-0.06466606195866936	0.04710032280890367	-0.03594112409551238	0.07996504360754174	-0.06702474152524605	0.07763842971421177	-0.06617724538663432	0.0552368800985102	-0.09176459199568497	0.09337190834482548	-0.07324725295256028	0.08265489380537924	-0.05997107541553784	0.08020136755924985	-0.11547572671161369	0.09406987340459877	-0.07534668035498687	0.07009801218026068	-0.11424240263636151	0.128859365115872	-0.1343540957916404	0.11105968937775823	-0.10701403114934384	0.18170203863479825	-0.2876024077318148	0.17009809388656144	-0.10617050981419465	0.12198930165919586	-0.22835385494333593	0.9999999999999879	-0.8687753410051661	0.11383866794227336	-0.0958581253263261	0.1446681644835204	-0.17671970216178484	0.13426778623807611	-0.04049663786524388	0.04350638703459217
-0.08275679838643638	0.07366732714404452	-0.1043850535027602	0.051579033798889125	-0.03453086902971654	0.054184121051915946	-0.06871890484348786	0.07340271903774961	-0.053499235874555566	0.040688791729269425	-0.09062962275341054	0.07553537504866946	-0.08834980773577589	0.07469481362284977	-0.06265368690833722	0.09803488930468184	-0.1054190795016122	0.08239918918403043	-0.0938855134394199	0.06760066205840036	-0.08642383603057512	0.12393659984945843	-0.10571330298888576	0.08423589218884567	-0.07923335453638919	0.11750287828053138	-0.1358867146668997	0.14705351889777907	-0.12995926753610135	0.1195382324605622	-0.18486426423007718	0.22629274643689778	-0.22798848263300342	0.1215490457385348	-0.14457780486108907	0.1858220094944061	-0.8687753410051661	0.9999999999999889	-0.1395028739691371	0.10933221923432784	-0.14227633378052953	0.14033048410892549	-0.16158471190179136	0.047391027277798994	-0.0512639278701876
0.1014502439418453	-0.09959009953667264	0.13024836902526388	-0.07411741643155166	0.04820384692093918	-0.06865907287759415	0.08709310965244087	-0.0988817458756501	0.07370719451238338	-0.05770924715199717	0.11246313424597339	-0.09917933394381576	0.11537330201091221	-0.10899318927105928	0.09049091599311039	-0.13443115542420175	0.13473185261747309	-0.11281100319394728	0.12889187599206925	-0.10337037735810999	0.10545939947253771	-0.1792386557905591	0.1432759728725834	-0.1381311245551612	0.12721138970261803	-0.14572393402900485	0.14234100171383018	-0.16827972640626976	0.19049095787091017	-0.24301878121540432	0.12750546283263747	-0.22009519866877023	0.17972291097211604	-0.24141576710817156	0.2741120535742933	-0.1522078826268478	0.11383866794227336	-0.1395028739691371	0.9999999999999896	-0.6965669902887551	0.06486245173329469	-0.07064325707355229	0.15029914639406636	-0.37141690940394523	0.26008223357784344
-0.09613410878044977	0.09045341205299341	-0.12418975146849259	0.06641369496296164	-0.04390582258765679	0.06393658899019272	-0.08140072422682898	0.09093305377123037	-0.0676872462815118	0.05216821004264552	-0.10470747273005997	0.09070782464209215	-0.10792788458744648	0.09842750375424224	-0.08405200827279427	0.11340065051376776	-0.12513112327837939	0.10308886015506617	-0.12074162499881365	0.09348267310209271	-0.09104794793763445	0.1516018157943081	-0.1323558199664936	0.12202555109755524	-0.11897125411735184	0.12180234018693122	-0.12417210344710171	0.15402434324112918	-0.20228993152048527	0.21245030697390907	-0.10704088100295861	0.17499034036654104	-0.1810040102121974	0.21095451823559103	-0.4405107531411077	0.12029069984496048	-0.0958581253263261	0.10933221923432784	-0.6965669902887551	0.9999999999999883	-0.05415589018984905	0.0579162509573566	-0.13678797745656887	0.24203471816551603	-0.34463665001963456
0.04804872226027082	-0.04303945123460853	0.06029842882403984	-0.029876163447805096	0.019915412081652595	-0.031387807696222014	0.039809684547483494	-0.042177926016016866	0.030690582295698054	-0.023429007883001965	0.051914638632180335	-0.043295814404951595	0.05016277189275478	-0.042256931659776675	0.035007029018824534	-0.05771506742068784	0.05942588721892153	-0.0462433955079983	0.052459281762881574	-0.03768409767786786	0.04946646330488635	-0.06996874103452125	0.05733539749013247	-0.045833394272274654	0.042772987116160795	-0.06920873627331506	0.06963074354178624	-0.06218777852643811	0.058444325559299265	-0.06326524463483486	0.16267673342921407	-0.12310522766699275	0.07416804106188268	-0.052416748274228764	0.07030626111493005	-0.261402067286146	0.1446681644835204	-0.14227633378052953	0.06486245173329469	-0.05415589018984905	0.9999999999999881	-0.9183069737760481	0.13980323499683672	-0.023716381510230086	0.026089026004769394
-0.05226230867432788	0.046441827721645006	-0.06561929265920279	0.032160800373018994	-0.021492706403214108	0.03400605441330139	-0.04317167017934702	0.04556915004576348	-0.03315282499266728	0.02524855316472161	-0.05618883903885895	0.046661646464944334	-0.05431620253982908	0.04547630846007325	-0.03776594415308221	0.06056631354438348	-0.06415500954499043	0.049747380852640286	-0.05669078470601819	0.04049748034139822	-0.0524002837199405	0.0737266713809391	-0.061561863174892505	0.049002432519242065	-0.045949020273939815	0.07190555259717726	-0.07342287575095041	0.06535163745554967	-0.0628400571323744	0.06740681118718883	-0.1765594264009452	0.12383672843854526	-0.07939229909018755	0.05591407973743963	-0.07640223960253358	0.19791757501765006	-0.17671970216178484	0.14033048410892549	-0.07064325707355229	0.0579162509573566	-0.9183069737760481	0.9999999999999889	-0.17501685073951642	0.02574097726193331	-0.02839976957893268
0.11873213176505268	-0.11126366546417468	0.14912069285334603	-0.07760939663563325	0.05080147041820926	-0.07752219676759022	0.09878347102964599	-0.10515703098397794	0.07703083076937378	-0.05981229633289723	0.12256699367212018	-0.10462573159500607	0.1206542076199172	-0.10472179257710146	0.08477356982430634	-0.13619098972951538	0.1382788832115296	-0.11040400152854914	0.12474289765159348	-0.09244046255319895	0.10573817158183509	-0.16680469432513398	0.13153449825695568	-0.1108065670405817	0.10170025304763947	-0.14437359032164276	0.1356256518696002	-0.12267562567833151	0.1196876221961897	-0.15664376809940778	0.1622239376068861	-0.2297217302824687	0.13429217699148227	-0.10798262120717023	0.1527874968770592	-0.21391418241238375	0.13426778623807611	-0.16158471190179136	0.15029914639406636	-0.13678797745656887	0.13980323499683672	-0.17501685073951642	0.9999999999999891	-0.06672791006868606	0.06983720222363185
