1.0	-0.2975988228900978	0.16403017684529742	-0.1048097369581086	0.12949303481085128	-0.8609726968409291	0.24881913008932718	-0.20782239808236144	0.08108009001564184	-0.07399694087067034	0.17242277937874365	-0.21296545793913785	0.13463954823369972	-0.07899830562972252	0.08649745187686661	-0.13614395072563046	0.13625709864074934	-0.13219055058321177	0.10692454067133629	-0.07424895746566036	0.09392831536036493	-0.08195462676204447	0.08051213993896343	-0.07267863170309537	0.08901991283040646	-0.06040425476865166	0.05774559158403609	-0.08486475530096954	0.0706986196643773	-0.1724183295218226
-0.2975988228900978	1.0000000000000002	-0.6090991556350286	0.2516575607585998	-0.33447675088527096	0.22287591973958734	-0.46536346729231376	0.2582100808354274	-0.13664647501506735	0.14041664692059075	-0.18515158430244363	0.2407709450285062	-0.18242293385533306	0.12517776649703163	-0.167095113060143	0.13655386123083055	-0.1738132849403601	0.16236482137338312	-0.15325487952561592	0.104352747849233	-0.11859125805512423	0.10111687592318047	-0.10448708805473318	0.09573637064731531	-0.12536359233820824	0.07312503990939831	-0.07287123544718481	0.10414097776481618	-0.09430062030624743	0.20403666358401285
0.16403017684529742	-0.6090991556350286	1.0000000000000009	-0.5520120554074638	0.29905308469522396	-0.16197681152739002	0.23772727441483388	-0.2770242532069507	0.13615023813128843	-0.14312966682240894	0.14549989355808135	-0.2226010325911562	0.16000772588710374	-0.13108685695271297	0.14714016484313858	-0.11799380256189866	0.14458824488906108	-0.15374332387247935	0.1379563498447398	-0.09827966130221583	0.10394708923039883	-0.0927078295859199	0.09337042300317049	-0.08878305290747435	0.11373034330105707	-0.06676233526443572	0.06586523138836707	-0.09774687524522008	0.08545449071595071	-0.22157400322142587
-0.1048097369581086	0.2516575607585998	-0.5520120554074638	1.000000000000001	-0.7171872982891033	0.09806241697882336	-0.14613543684282365	0.16040845035486107	-0.16551315158863666	0.17620498419639855	-0.10322237427026962	0.138561344629377	-0.10766971735035018	0.13515491987203687	-0.18500261706862217	0.08174523487049012	-0.09990855689210473	0.1053985565195719	-0.11551097415811563	0.0830281996335978	-0.07681921026297782	0.06762970909487266	-0.0692825226709424	0.0692065316443572	-0.09312226197144556	0.04913862821410388	-0.049064058936180745	0.07283839723923195	-0.06624242831806774	0.1624674816669523
0.12949303481085128	-0.33447675088527096	0.29905308469522396	-0.7171872982891033	1.0000000000000002	-0.13061903513524903	0.1803862585508779	-0.21750182683735889	0.17671919349857904	-0.3056138838163998	0.13546962433193888	-0.19484946438623624	0.14025962387369142	-0.17152522128372402	0.22189092535469865	-0.1113122302741522	0.13277994917036953	-0.14408143718098923	0.1484847071663662	-0.11125604676413565	0.10440865485937273	-0.09331269215507572	0.09391763458384968	-0.09418465653869118	0.12338248615672524	-0.0680647696461826	0.06738764085270003	-0.10177535869424778	0.08946105337685886	-0.24733318631718282
-0.8609726968409291	0.22287591973958734	-0.16197681152739002	0.09806241697882336	-0.13061903513524903	1.0000000000000007	-0.33329938928151626	0.18704616847941824	-0.07802549455575887	0.07114508747504443	-0.20762045359559655	0.19247456461058662	-0.1316082871771724	0.07439615051750495	-0.08505890383867253	0.1335186882125556	-0.13645246178872317	0.12276236175370832	-0.1029944688019335	0.06995101199113679	-0.09127851168313379	0.07720166528933643	-0.07704947328669133	0.06844762991359526	-0.08490679393177467	0.05707714363342423	-0.05492764593258484	0.07902218319365428	-0.06723243129159917	0.15004188222038092
0.24881913008932718	-0.46536346729231376	0.23772727441483388	-0.14613543684282365	0.1803862585508779	-0.33329938928151626	1.000000000000001	-0.521258903487306	0.12313199147797367	-0.10457792750912136	0.19717539528568653	-0.48784793800467413	0.24939331128035375	-0.11785015156288198	0.12117625731195268	-0.15981089558725134	0.21638571984775895	-0.213198650415414	0.15350138207555514	-0.10348482009741236	0.12119486475367812	-0.11001609118548537	0.11068159044762493	-0.09757121309999345	0.1209569022633495	-0.07596182428553308	0.0744489043085563	-0.1075085557715258	0.09413476636547244	-0.20522847123008242
-0.20782239808236144	0.2582100808354274	-0.2770242532069507	0.16040845035486107	-0.21750182683735889	0.18704616847941824	-0.521258903487306	0.9999999999999997	-0.19384229588041607	0.1329306020966533	-0.2287391568441281	0.30363810467877145	-0.5486144623177974	0.16043459901273469	-0.15769412145745337	0.17346914796156127	-0.2573400615940483	0.27175766957545183	-0.21159923039656686	0.13219021421283497	-0.14620640438707735	0.13033722050779178	-0.1390997743441805	0.12122754973219772	-0.15747069313386228	0.08931293960554429	-0.08952738791938714	0.12678679419050493	-0.1181393269477574	0.22413077106708307
0.08108009001564184	-0.13664647501506735	0.13615023813128843	-0.16551315158863666	0.17671919349857904	-0.07802549455575887	0.12313199147797367	-0.19384229588041607	1.0000000000000002	-0.35030193748960087	0.10863815077798337	-0.13445488018540297	0.12943140502085695	-0.813365747117497	0.25414707994844055	-0.09011138250054726	0.1120285941120948	-0.13750674279713337	0.21402712580664526	-0.1499625940952767	0.0915369381760445	-0.08509790885853039	0.08795748814646698	-0.10503976722445545	0.13698614452651564	-0.060774004586393635	0.0613371368465848	-0.09565606956116143	0.09134962212333883	-0.208222731264639
-0.07399694087067034	0.14041664692059075	-0.14312966682240894	0.17620498419639855	-0.3056138838163998	0.07114508747504443	-0.10457792750912136	0.1329306020966533	-0.35030193748960087	0.9999999999999996	-0.09407154727561669	0.11498088667048101	-0.09901084429928261	0.2392806581234277	-0.8141074205626426	0.07605490559993636	-0.09305254386127716	0.10501562416390653	-0.1595302291402963	0.1297949504253664	-0.07842408796710981	0.07062765534874003	-0.0736662462309048	0.08370589826779708	-0.12789237396522957	0.0511616737515674	-0.05186404623013993	0.07907039012098419	-0.07688260493195487	0.17573234921881947
0.17242277937874365	-0.18515158430244363	0.14549989355808135	-0.10322237427026962	0.13546962433193888	-0.20762045359559655	0.19717539528568653	-0.2287391568441281	0.10863815077798337	-0.09407154727561669	1.0000000000000016	-0.3310325771621816	0.19486670509868853	-0.11021399452213654	0.1123161393858916	-0.7176721503708583	0.29748018115589325	-0.24533299871339181	0.17578006191883924	-0.12487624804974805	0.21615813289655297	-0.177509077109388	0.1580370882726335	-0.13809387307497706	0.150361768768087	-0.14603711140890208	0.12470587899161456	-0.18665435791095514	0.13321840699499238	-0.3259026854023857
-0.21296545793913785	0.2407709450285062	-0.2226010325911562	0.138561344629377	-0.19484946438623624	0.19247456461058662	-0.48784793800467413	0.30363810467877145	-0.13445488018540297	0.11498088667048101	-0.3310325771621816	0.9999999999999996	-0.3996060168730566	0.12872620810989055	-0.1407684470747926	0.24587649351044866	-0.49508177721977825	0.28448076509892073	-0.2037734765175394	0.130590307644265	-0.1770013880206709	0.1555915373579389	-0.1598110549326376	0.1288015135297018	-0.1580779981340118	0.10506899191187244	-0.10357039559690032	0.14270285592342716	-0.12681272895914586	0.2359901309115381
0.13463954823369972	-0.18242293385533306	0.16000772588710374	-0.10766971735035018	0.14025962387369142	-0.1316082871771724	0.24939331128035375	-0.5486144623177974	0.12943140502085695	-0.09901084429928261	0.19486670509868853	-0.3996060168730566	1.0000000000000007	-0.13345524293254807	0.11550306502776173	-0.17755386750274632	0.267261250962526	-0.609761318798133	0.2017730657910198	-0.13127492658286644	0.1322503677251269	-0.13424530845720298	0.13731189067269464	-0.11753187100210459	0.1387408831588963	-0.0841379802039049	0.08283710531505839	-0.12139321993583393	0.10776479911450904	-0.21375473590673513
-0.07899830562972252	0.12517776649703163	-0.13108685695271297	0.13515491987203687	-0.17152522128372402	0.07439615051750495	-0.11785015156288198	0.16043459901273469	-0.813365747117497	0.2392806581234277	-0.11021399452213654	0.12872620810989055	-0.13345524293254807	0.999999999999997	-0.30388767484569534	0.08971656163117674	-0.11519932901486582	0.14018529542138067	-0.3236986350637202	0.16326177388577226	-0.09342976565078175	0.08610920553336651	-0.09191009395445836	0.11181685284225366	-0.15816119062213277	0.06101396753624245	-0.06255073949203013	0.09583837091205158	-0.09972597818375899	0.19394661414160902
0.08649745187686661	-0.167095113060143	0.14714016484313858	-0.18500261706862217	0.22189092535469865	-0.08505890383867253	0.12117625731195268	-0.15769412145745337	0.25414707994844055	-0.8141074205626426	0.1123161393858916	-0.1407684470747926	0.11550306502776173	-0.30388767484569534	0.9999999999999961	-0.0927290238936725	0.11082332762030704	-0.12748278624072856	0.18204510144316063	-0.17829077898652348	0.0961607225890713	-0.08763491430580586	0.08974501222860173	-0.10385492252072345	0.15184797993234583	-0.06388212420705554	0.06422565171096548	-0.09984911745353794	0.09312250459054518	-0.23930340948980822
-0.13614395072563046	0.13655386123083055	-0.11799380256189866	0.08174523487049012	-0.1113122302741522	0.1335186882125556	-0.15981089558725134	0.17346914796156127	-0.09011138250054726	0.07605490559993636	-0.7176721503708583	0.24587649351044866	-0.17755386750274632	0.08971656163117674	-0.0927290238936725	0.999999999999998	-0.5047517545929191	0.2149990220373462	-0.15543107213196122	0.1029150212105974	-0.26849648810967763	0.16027154155971327	-0.1470742272766991	0.11610614775655952	-0.1262871610651241	0.13375707594630085	-0.11564215549897987	0.15357347055811127	-0.1144701146004152	0.21692311306397058
0.13625709864074934	-0.1738132849403601	0.14458824488906108	-0.09990855689210473	0.13277994917036953	-0.13645246178872317	0.21638571984775895	-0.2573400615940483	0.1120285941120948	-0.09305254386127716	0.29748018115589325	-0.49508177721977825	0.267261250962526	-0.11519932901486582	0.11082332762030704	-0.5047517545929191	0.9999999999999971	-0.4837001959598359	0.1959638412214515	-0.1319621679301145	0.18720751673875058	-0.2102650248748176	0.17516493387841964	-0.1343958217425185	0.14657868140598176	-0.117477141494034	0.10956289706155001	-0.15499214890136773	0.12575186168928384	-0.24944182091969666
-0.13219055058321177	0.16236482137338312	-0.15374332387247935	0.1053985565195719	-0.14408143718098923	0.12276236175370832	-0.213198650415414	0.27175766957545183	-0.13750674279713337	0.10501562416390653	-0.24533299871339181	0.28448076509892073	-0.609761318798133	0.14018529542138067	-0.12748278624072856	0.2149990220373462	-0.4837001959598359	0.9999999999999973	-0.3433615114746139	0.16778693897996697	-0.16291472454085842	0.1687355527232014	-0.19809082551044824	0.14848880396798805	-0.18156265680097214	0.10079442231951799	-0.10083924008813416	0.1447821605709293	-0.13650490142805452	0.23271987546397163
0.10692454067133629	-0.15325487952561592	0.1379563498447398	-0.11551097415811563	0.1484847071663662	-0.1029944688019335	0.15350138207555514	-0.21159923039656686	0.21402712580664526	-0.1595302291402963	0.17578006191883924	-0.2037734765175394	0.2017730657910198	-0.3236986350637202	0.18204510144316063	-0.15543107213196122	0.1959638412214515	-0.3433615114746139	0.9999999999999972	-0.5662391286948124	0.165564274957181	-0.1652491241945912	0.17274595389944605	-0.2873383811259478	0.3077185567634612	-0.11380835103841906	0.11626602109111803	-0.1906428576643875	0.1970008011035394	-0.3833194530558783
-0.07424895746566036	0.104352747849233	-0.09827966130221583	0.0830281996335978	-0.11125604676413565	0.06995101199113679	-0.10348482009741236	0.13219021421283497	-0.1499625940952767	0.1297949504253664	-0.12487624804974805	0.130590307644265	-0.13127492658286644	0.16326177388577226	-0.17829077898652348	0.1029150212105974	-0.1319621679301145	0.16778693897996697	-0.5662391286948124	0.9999999999999962	-0.12153547331861626	0.11517569855950646	-0.1288801102483271	0.19751884400514866	-0.7005471697842431	0.08040330173038657	-0.0850249833106799	0.1332385799924381	-0.16353511690704653	0.2591906067069403
0.09392831536036493	-0.11859125805512423	0.10394708923039883	-0.07681921026297782	0.10440865485937273	-0.09127851168313379	0.12119486475367812	-0.14620640438707735	0.0915369381760445	-0.07842408796710981	0.21615813289655297	-0.1770013880206709	0.1322503677251269	-0.09342976565078175	0.0961607225890713	-0.26849648810967763	0.18720751673875058	-0.16291472454085842	0.165564274957181	-0.12153547331861626	0.9999999999999954	-0.3874347765811598	0.25161604074411464	-0.20713748870672824	0.15731938645345875	-0.5845503778475022	0.30283853707146896	-0.408696974306511	0.2028827367196962	-0.3044966371601334
-0.08195462676204447	0.10111687592318047	-0.0927078295859199	0.06762970909487266	-0.09331269215507572	0.07720166528933643	-0.11001609118548537	0.13033722050779178	-0.08509790885853039	0.07062765534874003	-0.177509077109388	0.1555915373579389	-0.13424530845720298	0.08610920553336651	-0.08763491430580586	0.16027154155971327	-0.2102650248748176	0.1687355527232014	-0.1652491241945912	0.11517569855950646	-0.3874347765811598	0.9999999999999947	-0.7682331617755087	0.2184949760883732	-0.1525779279618258	0.2046281993688177	-0.24856082909804245	0.2487821914068415	-0.22038816456053456	0.21048543365188915
0.08051213993896343	-0.10448708805473318	0.09337042300317049	-0.0692825226709424	0.09391763458384968	-0.07704947328669133	0.11068159044762493	-0.1390997743441805	0.08795748814646698	-0.0736662462309048	0.1580370882726335	-0.1598110549326376	0.13731189067269464	-0.09191009395445836	0.08974501222860173	-0.1470742272766991	0.17516493387841964	-0.19809082551044824	0.17274595389944605	-0.1288801102483271	0.25161604074411464	-0.7682331617755087	0.9999999999999941	-0.34010053934666756	0.1617164191589271	-0.18759857169771513	0.19361471625671722	-0.3116640588709033	0.2320556300113415	-0.241499215348921
-0.07267863170309537	0.09573637064731531	-0.08878305290747435	0.0692065316443572	-0.09418465653869118	0.06844762991359526	-0.09757121309999345	0.12122754973219772	-0.10503976722445545	0.08370589826779708	-0.13809387307497706	0.1288015135297018	-0.11753187100210459	0.11181685284225366	-0.10385492252072345	0.11610614775655952	-0.1343958217425185	0.14848880396798805	-0.2873383811259478	0.19751884400514866	-0.20713748870672824	0.2184949760883732	-0.34010053934666756	0.9999999999999944	-0.3120457877867558	0.13749629591967696	-0.16618328734556756	0.2606306787496882	-0.7339436913348456	0.24120490696748836
0.08901991283040646	-0.12536359233820824	0.11373034330105707	-0.09312226197144556	0.12338248615672524	-0.08490679393177467	0.1209569022633495	-0.15747069313386228	0.13698614452651564	-0.12789237396522957	0.150361768768087	-0.1580779981340118	0.1387408831588963	-0.15816119062213277	0.15184797993234583	-0.1262871610651241	0.14657868140598176	-0.18156265680097214	0.3077185567634612	-0.7005471697842431	0.15731938645345875	-0.1525779279618258	0.1617164191589271	-0.3120457877867558	0.9999999999999936	-0.1085070082243614	0.11273921664054103	-0.1872331389514298	0.2032409105430476	-0.4405838224890245
-0.06040425476865166	0.07312503990939831	-0.06676233526443572	0.04913862821410388	-0.0680647696461826	0.05707714363342423	-0.07596182428553308	0.08931293960554429	-0.060774004586393635	0.0511616737515674	-0.14603711140890208	0.10506899191187244	-0.0841379802039049	0.06101396753624245	-0.06388212420705554	0.13375707594630085	-0.117477141494034	0.10079442231951799	-0.11380835103841906	0.08040330173038657	-0.5845503778475022	0.2046281993688177	-0.18759857169771513	0.13749629591967696	-0.1085070082243614	0.9999999999999941	-0.6903167912804814	0.28280892113099115	-0.16445035360169186	0.16694641052097345
0.05774559158403609	-0.07287123544718481	0.06586523138836707	-0.049064058936180745	0.06738764085270003	-0.05492764593258484	0.0744489043085563	-0.08952738791938714	0.0613371368465848	-0.05186404623013993	0.12470587899161456	-0.10357039559690032	0.08283710531505839	-0.06255073949203013	0.06422565171096548	-0.11564215549897987	0.10956289706155001	-0.10083924008813416	0.11626602109111803	-0.0850249833106799	0.30283853707146896	-0.24856082909804245	0.19361471625671722	-0.16618328734556756	0.11273921664054103	-0.6903167912804814	0.9999999999999951	-0.54642973583624	0.1871229859125615	-0.18332497723251137
-0.08486475530096954	0.10414097776481618	-0.09774687524522008	0.07283839723923195	-0.10177535869424778	0.07902218319365428	-0.1075085557715258	0.12678679419050493	-0.09565606956116143	0.07907039012098419	-0.18665435791095514	0.14270285592342716	-0.12139321993583393	0.09583837091205158	-0.09984911745353794	0.15357347055811127	-0.15499214890136773	0.1447821605709293	-0.1906428576643875	0.1332385799924381	-0.408696974306511	0.2487821914068415	-0.3116640588709033	0.2606306787496882	-0.1872331389514298	0.28280892113099115	-0.54642973583624	0.9999999999999949	-0.46116334861818953	0.2320546115827207
0.0706986196643773	-0.09430062030624743	0.08545449071595071	-0.06624242831806774	0.08946105337685886	-0.06723243129159917	0.09413476636547244	-0.1181393269477574	0.09134962212333883	-0.07688260493195487	0.13321840699499238	-0.12681272895914586	0.10776479911450904	-0.09972597818375899	0.09312250459054518	-0.1144701146004152	0.12575186168928384	-0.13650490142805452	0.1970008011035394	-0.16353511690704653	0.2028827367196962	-0.22038816456053456	0.2320556300113415	-0.7339436913348456	0.2032409105430476	-0.16445035360169186	0.1871229859125615	-0.46116334861818953	0.9999999999999951	-0.269467365469777
-0.1724183295218226	0.20403666358401285	-0.22157400322142587	0.1624674816669523	-0.24733318631718282	0.15004188222038092	-0.20522847123008242	0.22413077106708307	-0.208222731264639	0.17573234921881947	-0.3259026854023857	0.2359901309115381	-0.21375473590673513	0.19394661414160902	-0.23930340948980822	0.21692311306397058	-0.24944182091969666	0.23271987546397163	-0.3833194530558783	0.2591906067069403	-0.3044966371601334	0.21048543365188915	-0.241499215348921	0.24120490696748836	-0.4405838224890245	0.16694641052097345	-0.18332497723251137	0.2320546115827207	-0.269467365469777	0.9999999999999949
