1.0000000000000002	-0.7236957361926262	0.14955477182089477	-0.10125906822089917	0.045619318301318365	-0.5122601824274502	0.31321058644650307	-0.14570327271195818	0.09742792876696482	-0.03913679223063518	0.24789675648363493	-0.23420118030176248	0.1347632644659452	-0.0995987178755807	0.11326695876829576	-0.05857193147487333	0.08710168221994469	-0.09860176310711191	0.09366562191512919	-0.10176707496555396	0.05268767999783744	-0.0754463249073559	0.0769754312228277	-0.09022541423305108	0.06672695527657978	-0.04312889421434885	0.053480768726748645	-0.050771782457883934	0.06555162011858756	-0.06432443937620419	0.040926321466803264	-0.03862700786640004	0.05113996745213583	-0.05083717875087653	0.05351099730773211
-0.7236957361926262	1.0	-0.18956955973087256	0.10786908662082788	-0.04394422088665194	0.302379896820956	-0.5390693312161138	0.1699411640819769	-0.11125974178077205	0.037622136611151435	-0.2503996898093265	0.19121734457337625	-0.13601061737876352	0.09568229486370487	-0.10877638662299305	0.0528034438935581	-0.08154916743123623	0.09184762488363375	-0.08977426032017279	0.09173840149008564	-0.04843613355713228	0.069074213318945	-0.07204840326918813	0.08318205138280531	-0.06128134165097915	0.03944368663590367	-0.04933354250751267	0.04675246958061073	-0.060598113654781946	0.05851556930265593	-0.03765078872356871	0.035460289598968825	-0.04724218386582171	0.046513369839866044	-0.049216754809515324
0.14955477182089477	-0.18956955973087256	1.0	-0.4028579346522678	0.08232307324143912	-0.16845724010618793	0.23162139645486082	-0.7030506498162649	0.28300538355805355	-0.07260770694540132	0.18564016339069855	-0.24442348559967148	0.24569539324655018	-0.1880637772420858	0.18631195879310636	-0.08488527970311621	0.13360926096307807	-0.16961564290570952	0.1593767272781908	-0.16697695918262523	0.07675101351601993	-0.11965284471221922	0.12223218590624386	-0.15111851045206667	0.1077212885378384	-0.06670914071109675	0.08324548170049122	-0.08045924311285034	0.10514686781204031	-0.10414874739413955	0.06326430347288864	-0.06038574911708665	0.08013627589336907	-0.0819552949277969	0.08548230263179468
-0.10125906822089917	0.10786908662082788	-0.4028579346522678	1.0000000000000004	-0.0968628026900647	0.10445536511721902	-0.15899520321831595	0.27520888895245904	-0.8253856318594012	0.08022474868155564	-0.13712479423798216	0.15435962509829115	-0.18572074668860236	0.16221929834384638	-0.17151900932926	0.05910200123827812	-0.09800339124631981	0.11532880852347205	-0.13959822728799035	0.12027440057199942	-0.0552685746253183	0.08491577019246196	-0.09192481928570229	0.11298581465245915	-0.08121589429500907	0.048393280974404373	-0.06177862576974162	0.05958234918862497	-0.07980449450710539	0.07595571946653407	-0.04668928873645396	0.044353173093299024	-0.059969180334675805	0.0604281999071587	-0.06424671988321255
0.045619318301318365	-0.04394422088665194	0.08232307324143912	-0.0968628026900647	1.0000000000000007	-0.04550747025034736	0.06064771054723851	-0.0690344457792063	0.08193655224066373	-0.928466865748988	0.07037648271052724	-0.09084894588495067	0.09408948870981428	-0.12039045615973992	0.21412716801791498	-0.04414223232002061	0.06288582322201258	-0.07414879816897291	0.09676716937583758	-0.13922733503942425	0.040602775144489046	-0.06203066735540076	0.0660593110680277	-0.09518292069509546	0.07591409534576862	-0.03837724883481171	0.04850668638415398	-0.047964601862372336	0.06628281252429838	-0.0720060031170449	0.03685451434209643	-0.03550222759836048	0.04773852500367481	-0.05332108958331469	0.05599874833767062
-0.5122601824274502	0.302379896820956	-0.16845724010618793	0.10445536511721902	-0.04550747025034736	1.0000000000000009	-0.5429647379756787	0.16460356506970877	-0.10583128181165073	0.03905282846908144	-0.5395249134788116	0.24572981735691135	-0.1470264892537893	0.1017458979975155	-0.11392425946721031	0.05910922188323276	-0.09075976055091753	0.10068989717633871	-0.09521485687249212	0.09811346632747803	-0.0536622800608195	0.07567901691067057	-0.07796369613336654	0.08927169752637659	-0.06527408675298108	0.04264579402585798	-0.05306769085616606	0.05021760144671454	-0.06469017213444447	0.06258755244216321	-0.04054076484310991	0.038149119497086555	-0.05063707290223823	0.04976193313723673	-0.052449601990810224
0.31321058644650307	-0.5390693312161138	0.23162139645486082	-0.15899520321831595	0.06064771054723851	-0.5429647379756787	1.0000000000000009	-0.3276484768232864	0.1532728930890409	-0.05242781799588642	0.2784544308037311	-0.29554445862065054	0.18839837477722426	-0.13728531540708444	0.1488074744389522	-0.07491858683431717	0.11438194093246984	-0.13318200580731226	0.12486041037985932	-0.13347162080603028	0.06738635008727008	-0.09913706938825016	0.10098699875092355	-0.11948444533418852	0.08725012507410579	-0.05592418731386845	0.06945919733601616	-0.06624299590978358	0.08569470977497567	-0.08417903871997559	0.05303325599472623	-0.05020532734103497	0.06649560522118422	-0.06650548000477048	0.06980098930219555
-0.14570327271195818	0.1699411640819769	-0.7030506498162649	0.27520888895245904	-0.0690344457792063	0.16460356506970877	-0.3276484768232864	0.9999999999999998	-0.3892286296708808	0.060523823366335515	-0.18325645125151288	0.21359779298021583	-0.33717249889790835	0.1759972276578041	-0.16595633867885828	0.0695543273833079	-0.1237016238639013	0.15342825555891734	-0.1467912693019917	0.13206063405637838	-0.06394996404422408	0.10199976963347	-0.10708021666280419	0.1264909952053286	-0.08801699998112504	0.05470633753835313	-0.06915579531954116	0.06674230398142592	-0.08738818321046851	0.0838540834011399	-0.05217104279429398	0.049706355528951626	-0.06653514493307511	0.06678564743206	-0.06995781137466678
0.09742792876696482	-0.11125974178077205	0.28300538355805355	-0.8253856318594012	0.08193655224066373	-0.10583128181165073	0.1532728930890409	-0.3892286296708808	1.0000000000000002	-0.07414032663302896	0.1294842756027882	-0.16099149606130506	0.18371595170130475	-0.19043069819522654	0.15862610134659147	-0.05942227510829428	0.09708117932171549	-0.1196713760202741	0.13724226964448533	-0.12317465828098548	0.054658267274333705	-0.08620195069488476	0.09092006979869219	-0.11637607071482557	0.0808209635311353	-0.04819667728335358	0.060996506158251675	-0.05933379752451088	0.07911411878289011	-0.07681101931006502	0.04609745349888916	-0.04405682346684506	0.059108211762979895	-0.06076268113998658	0.06367241964802094
-0.03913679223063518	0.037622136611151435	-0.07260770694540132	0.08022474868155564	-0.928466865748988	0.03905282846908144	-0.05242781799588642	0.060523823366335515	-0.07414032663302896	1.0000000000000007	-0.060533385299623044	0.07715922079208071	-0.08546372229251109	0.11081051651322019	-0.2818160348380842	0.03701317511604327	-0.054617322678849445	0.06420516609247873	-0.08949733526363501	0.11430799446481968	-0.034251960025745966	0.05290009311602875	-0.057030656629169105	0.08121821199345726	-0.06448247963464167	0.03232793185353041	-0.04113311721179772	0.04065749611724809	-0.056492767364646646	0.059863006273582965	-0.031161510253048738	0.02998282483060219	-0.04054021882387681	0.04476981442142573	-0.04735921949639
0.24789675648363493	-0.2503996898093265	0.18564016339069855	-0.13712479423798216	0.07037648271052724	-0.5395249134788116	0.2784544308037311	-0.18325645125151288	0.1294842756027882	-0.060533385299623044	1.0000000000000009	-0.5920793716556457	0.22518300102286162	-0.16155393275629792	0.17809874059355593	-0.10319150144934719	0.15242598299770455	-0.1687091871651014	0.15047708741865165	-0.1616989111686318	0.09038176979048641	-0.12784971533610537	0.1273543301614174	-0.14633958298174543	0.1062791365140206	-0.07065560611229359	0.08702501572333965	-0.08234284454174065	0.10519672382812545	-0.1027835247162046	0.06663745665028774	-0.06275655103145311	0.08267499212766717	-0.08154048613458742	0.08537172641113082
-0.23420118030176248	0.19121734457337625	-0.24442348559967148	0.15435962509829115	-0.09084894588495067	0.24572981735691135	-0.29554445862065054	0.21359779298021583	-0.16099149606130506	0.07715922079208071	-0.5920793716556457	1.0000000000000022	-0.45278532412122147	0.21787015076391336	-0.24507117053714633	0.11310139646668914	-0.263784556580148	0.2342352682519784	-0.2114597945283139	0.17903311051297272	-0.10793348072374749	0.16823771607547264	-0.17978061545902166	0.17942317003323657	-0.1276577559189093	0.08507831602569715	-0.10922252140351715	0.10260926924265636	-0.1311392381416467	0.1192651489582654	-0.08198363289758004	0.07689522505866403	-0.10390230441119168	0.09720079323896921	-0.10358711417712382
0.1347632644659452	-0.13601061737876352	0.24569539324655018	-0.18572074668860236	0.09408948870981428	-0.1470264892537893	0.18839837477722426	-0.33717249889790835	0.18371595170130475	-0.08546372229251109	0.22518300102286162	-0.45278532412122147	1.0000000000000009	-0.4628406467410882	0.2583856499861192	-0.11457558223407499	0.24253479171401257	-0.4262799841253764	0.2614788957949697	-0.21231474334103786	0.10365016134562538	-0.19278240367416719	0.19198929115905672	-0.2279372036895566	0.1413599379044051	-0.08910178080956171	0.11288518245425468	-0.11106618245019179	0.14328845139598398	-0.13603639534250506	0.08396641056959063	-0.0810508906763136	0.10799396447977375	-0.10949052310250526	0.11190329799741015
-0.0995987178755807	0.09568229486370487	-0.1880637772420858	0.16221929834384638	-0.12039045615973992	0.1017458979975155	-0.13728531540708444	0.1759972276578041	-0.19043069819522654	0.11081051651322019	-0.16155393275629792	0.21787015076391336	-0.4628406467410882	1.000000000000001	-0.48835855955975993	0.09161610053126441	-0.17322667793450555	0.21395722129711867	-0.5798745269173864	0.219669214778345	-0.08572483018613117	0.15122179239862132	-0.171468168353516	0.25058206934424754	-0.15116309333914446	0.08024474413606504	-0.10483747026854637	0.1057580044561243	-0.15190231687251593	0.13715127558773946	-0.07737084114639625	0.07508926583034096	-0.10336533054494292	0.11029345336066233	-0.1150877914767714
0.11326695876829576	-0.10877638662299305	0.18631195879310636	-0.17151900932926	0.21412716801791498	-0.11392425946721031	0.1488074744389522	-0.16595633867885828	0.15862610134659147	-0.2818160348380842	0.17809874059355593	-0.24507117053714633	0.2583856499861192	-0.48835855955975993	0.9999999999999999	-0.11568046104112753	0.1691423385725071	-0.20650279814472458	0.2784307304997831	-0.4104781132717416	0.10582515613399973	-0.1690965978585045	0.17847122042781527	-0.27305430040243667	0.20889842104747233	-0.10128368218766227	0.128254955477381	-0.12845561107414097	0.1789028622460093	-0.19539871623688632	0.09693003291150783	-0.09396301653506578	0.1264355669094215	-0.14414832823705698	0.15017087881858737
-0.05857193147487333	0.0528034438935581	-0.08488527970311621	0.05910200123827812	-0.04414223232002061	0.05910922188323276	-0.07491858683431717	0.0695543273833079	-0.05942227510829428	0.03701317511604327	-0.10319150144934719	0.11310139646668914	-0.11457558223407499	0.09161610053126441	-0.11568046104112753	1.0000000000000009	-0.17126865412623846	0.13336675018137678	-0.10674919062015076	0.11198368955487879	-0.9028620956117029	0.13036004960981576	-0.12877564420827078	0.11419658672300677	-0.0844229553150313	0.19752441058972003	-0.18083015459047974	0.11542518768232911	-0.10492909874424515	0.086788953659552	-0.17214994866375677	0.12027419698154873	-0.13385425628994252	0.07710532333653672	-0.07733528654195303
0.08710168221994469	-0.08154916743123623	0.13360926096307807	-0.09800339124631981	0.06288582322201258	-0.09075976055091753	0.11438194093246984	-0.1237016238639013	0.09708117932171549	-0.054617322678849445	0.15242598299770455	-0.263784556580148	0.24253479171401257	-0.17322667793450555	0.1691423385725071	-0.17126865412623846	1.0000000000000009	-0.6861940900610891	0.18866935055667647	-0.15928048288852245	0.13868239045873393	-0.4965010244984738	0.27657772389306806	-0.20247591035960089	0.11598129850340858	-0.09904795123865011	0.12576335231183683	-0.11890627131800582	0.13047296008201933	-0.11419111715395407	0.08908762648369419	-0.08636656394078826	0.11115170288129571	-0.09670059552184702	0.09615464888473174
-0.09860176310711191	0.09184762488363375	-0.16961564290570952	0.11532880852347205	-0.07414879816897291	0.10068989717633871	-0.13318200580731226	0.15342825555891734	-0.1196713760202741	0.06420516609247873	-0.1687091871651014	0.2342352682519784	-0.4262799841253764	0.21395722129711867	-0.20650279814472458	0.13336675018137678	-0.6861940900610891	1.0000000000000007	-0.26255205985948377	0.1693177329442122	-0.12889662625022394	0.2742587666982478	-0.32354241283421853	0.21108176048541658	-0.12742611130998238	0.09735063204657371	-0.12907216405776822	0.1233089418078791	-0.1429778775693868	0.1210249586860708	-0.0922475981419053	0.0880597090364631	-0.11972432124604844	0.10249134478941695	-0.10510211371816333
0.09366562191512919	-0.08977426032017279	0.1593767272781908	-0.13959822728799035	0.09676716937583758	-0.09521485687249212	0.12486041037985932	-0.1467912693019917	0.13724226964448533	-0.08949733526363501	0.15047708741865165	-0.2114597945283139	0.2614788957949697	-0.5798745269173864	0.2784307304997831	-0.10674919062015076	0.18866935055667647	-0.26255205985948377	1.0000000000000013	-0.28429092371313763	0.09797006790560192	-0.1994837350920261	0.21640680013777577	-0.5403787606102051	0.19263266958043068	-0.09871176257906465	0.1283178564364644	-0.13795181788360655	0.2029283830475944	-0.1841655519563777	0.09358337574639135	-0.09341974192322522	0.12750067903957227	-0.15173968110049174	0.14574215073256142
-0.10176707496555396	0.09173840149008564	-0.16697695918262523	0.12027440057199942	-0.13922733503942425	0.09811346632747803	-0.13347162080603028	0.13206063405637838	-0.12317465828098548	0.11430799446481968	-0.1616989111686318	0.17903311051297272	-0.21231474334103786	0.219669214778345	-0.4104781132717416	0.11198368955487879	-0.15928048288852245	0.1693177329442122	-0.28429092371313763	0.9999999999999991	-0.11116195530886434	0.15789607337646605	-0.19062482258285643	0.2627865584376057	-0.6142516530882304	0.12009952816920562	-0.1670461155418771	0.16346153210525444	-0.2650685540380756	0.2883555650473865	-0.12539238429890293	0.11803131689940667	-0.17408072190408336	0.19397422377940476	-0.2630110791483615
0.05268767999783744	-0.04843613355713228	0.07675101351601993	-0.0552685746253183	0.040602775144489046	-0.0536622800608195	0.06738635008727008	-0.06394996404422408	0.054658267274333705	-0.034251960025745966	0.09038176979048641	-0.10793348072374749	0.10365016134562538	-0.08572483018613117	0.10582515613399973	-0.9028620956117029	0.13868239045873393	-0.12889662625022394	0.09797006790560192	-0.11116195530886434	0.9999999999999992	-0.1296489683386673	0.11702843324000561	-0.11002854481359255	0.0801092745342774	-0.26112432430064547	0.1641559592289964	-0.11045243227345908	0.09750052868959244	-0.08449253971663187	0.1568015888798198	-0.11869031815605496	0.1200192383291792	-0.07408352977159212	0.07236764759521555
-0.0754463249073559	0.069074213318945	-0.11965284471221922	0.08491577019246196	-0.06203066735540076	0.07567901691067057	-0.09913706938825016	0.10199976963347	-0.08620195069488476	0.05290009311602875	-0.12784971533610537	0.16823771607547264	-0.19278240367416719	0.15122179239862132	-0.1690965978585045	0.13036004960981576	-0.4965010244984738	0.2742587666982478	-0.1994837350920261	0.15789607337646605	-0.1296489683386673	0.9999999999999998	-0.708175862014988	0.2316701838100859	-0.130243201133533	0.1205789900516798	-0.1852787606608607	0.16504354670753404	-0.1636973389380936	0.12545899947420927	-0.11020280214687775	0.11133558298983295	-0.15093615293964163	0.11140174945709118	-0.11150461974822409
0.0769754312228277	-0.07204840326918813	0.12223218590624386	-0.09192481928570229	0.0660593110680277	-0.07796369613336654	0.10098699875092355	-0.10708021666280419	0.09092006979869219	-0.057030656629169105	0.1273543301614174	-0.17978061545902166	0.19198929115905672	-0.171468168353516	0.17847122042781527	-0.12877564420827078	0.27657772389306806	-0.32354241283421853	0.21640680013777577	-0.19062482258285643	0.11702843324000561	-0.708175862014988	1.0000000000000007	-0.39479705105522545	0.1517616856589406	-0.12775197013198056	0.17389842252479754	-0.22715421914513567	0.19292232577357907	-0.15322901544226494	0.11448868930257892	-0.12241590465508716	0.16434691023274464	-0.136562663650086	0.12782361851169727
-0.09022541423305108	0.08318205138280531	-0.15111851045206667	0.11298581465245915	-0.09518292069509546	0.08927169752637659	-0.11948444533418852	0.1264909952053286	-0.11637607071482557	0.08121821199345726	-0.14633958298174543	0.17942317003323657	-0.2279372036895566	0.25058206934424754	-0.27305430040243667	0.11419658672300677	-0.20247591035960089	0.21108176048541658	-0.5403787606102051	0.2627865584376057	-0.11002854481359255	0.2316701838100859	-0.39479705105522545	1.000000000000001	-0.2991526936411772	0.12334868432376225	-0.1752129153863624	0.19661674936402251	-0.40706306499722367	0.23165001788006445	-0.12181708353379292	0.12241631997247349	-0.1823726111648343	0.20442460589530081	-0.2100063283392548
0.06672695527657978	-0.06128134165097915	0.1077212885378384	-0.08121589429500907	0.07591409534576862	-0.06527408675298108	0.08725012507410579	-0.08801699998112504	0.0808209635311353	-0.06448247963464167	0.1062791365140206	-0.1276577559189093	0.1413599379044051	-0.15116309333914446	0.20889842104747233	-0.0844229553150313	0.11598129850340858	-0.12742611130998238	0.19263266958043068	-0.6142516530882304	0.0801092745342774	-0.130243201133533	0.1517616856589406	-0.2991526936411772	1.0000000000000002	-0.09344262228036886	0.12588573987222723	-0.13807429752340925	0.23153319326337013	-0.6002819271880927	0.0925828353675476	-0.09237654615540025	0.13194995910415158	-0.2041601965174451	0.23714337978991562
-0.04312889421434885	0.03944368663590367	-0.06670914071109675	0.048393280974404373	-0.03837724883481171	0.04264579402585798	-0.05592418731386845	0.05470633753835313	-0.04819667728335358	0.03232793185353041	-0.07065560611229359	0.08507831602569715	-0.08910178080956171	0.08024474413606504	-0.10128368218766227	0.19752441058972003	-0.09904795123865011	0.09735063204657371	-0.09871176257906465	0.12009952816920562	-0.26112432430064547	0.1205789900516798	-0.12775197013198056	0.12334868432376225	-0.09344262228036886	0.9999999999999998	-0.5675137451233703	0.22749329590202053	-0.14752562755733356	0.10847604548498814	-0.6342461328546765	0.2988199548100957	-0.2756631995361573	0.1059527275219518	-0.09619446599880345
0.053480768726748645	-0.04933354250751267	0.08324548170049122	-0.06177862576974162	0.04850668638415398	-0.05306769085616606	0.06945919733601616	-0.06915579531954116	0.060996506158251675	-0.04113311721179772	0.08702501572333965	-0.10922252140351715	0.11288518245425468	-0.10483747026854637	0.128254955477381	-0.18083015459047974	0.12576335231183683	-0.12907216405776822	0.1283178564364644	-0.1670461155418771	0.1641559592289964	-0.1852787606608607	0.17389842252479754	-0.1752129153863624	0.12588573987222723	-0.5675137451233703	0.9999999999999996	-0.47557748020588064	0.204531134492367	-0.15725888155603435	0.30190523151048987	-0.44074444391468903	0.3009878520727658	-0.15667711482739494	0.12913028629143608
-0.050771782457883934	0.04675246958061073	-0.08045924311285034	0.05958234918862497	-0.047964601862372336	0.05021760144671454	-0.06624299590978358	0.06674230398142592	-0.05933379752451088	0.04065749611724809	-0.08234284454174065	0.10260926924265636	-0.11106618245019179	0.1057580044561243	-0.12845561107414097	0.11542518768232911	-0.11890627131800582	0.1233089418078791	-0.13795181788360655	0.16346153210525444	-0.11045243227345908	0.16504354670753404	-0.22715421914513567	0.19661674936402251	-0.13807429752340925	0.22749329590202053	-0.47557748020588064	0.9999999999999996	-0.3998435513867206	0.17211560192140915	-0.23083555107607004	0.2675656671365412	-0.6269586201572602	0.18984391335692552	-0.15850729143264924
0.06555162011858756	-0.060598113654781946	0.10514686781204031	-0.07980449450710539	0.06628281252429838	-0.06469017213444447	0.08569470977497567	-0.08738818321046851	0.07911411878289011	-0.056492767364646646	0.10519672382812545	-0.1311392381416467	0.14328845139598398	-0.15190231687251593	0.1789028622460093	-0.10492909874424515	0.13047296008201933	-0.1429778775693868	0.2029283830475944	-0.2650685540380756	0.09750052868959244	-0.1636973389380936	0.19292232577357907	-0.40706306499722367	0.23153319326337013	-0.14752562755733356	0.204531134492367	-0.3998435513867206	0.9999999999999999	-0.3798807336201173	0.13853212772491547	-0.156636333212264	0.2294942285189956	-0.5355619273001065	0.29005635642416
-0.06432443937620419	0.05851556930265593	-0.10414874739413955	0.07595571946653407	-0.0720060031170449	0.06258755244216321	-0.08417903871997559	0.0838540834011399	-0.07681101931006502	0.059863006273582965	-0.1027835247162046	0.1192651489582654	-0.13603639534250506	0.13715127558773946	-0.19539871623688632	0.086788953659552	-0.11419111715395407	0.1210249586860708	-0.1841655519563777	0.2883555650473865	-0.08449253971663187	0.12545899947420927	-0.15322901544226494	0.23165001788006445	-0.6002819271880927	0.10847604548498814	-0.15725888155603435	0.17211560192140915	-0.3798807336201173	1.0000000000000002	-0.11286466653568153	0.11151848579371185	-0.17314103956584778	0.2748846355802914	-0.5066795480419088
0.040926321466803264	-0.03765078872356871	0.06326430347288864	-0.04668928873645396	0.03685451434209643	-0.04054076484310991	0.05303325599472623	-0.05217104279429398	0.04609745349888916	-0.031161510253048738	0.06663745665028774	-0.08198363289758004	0.08396641056959063	-0.07737084114639625	0.09693003291150783	-0.17214994866375677	0.08908762648369419	-0.0922475981419053	0.09358337574639135	-0.12539238429890293	0.1568015888798198	-0.11020280214687775	0.11448868930257892	-0.12181708353379292	0.0925828353675476	-0.6342461328546765	0.30190523151048987	-0.23083555107607004	0.13853212772491547	-0.11286466653568153	1.0000000000000002	-0.6105944284846154	0.2549536898332234	-0.10896174881763074	0.09364378101360257
-0.03862700786640004	0.035460289598968825	-0.06038574911708665	0.044353173093299024	-0.03550222759836048	0.038149119497086555	-0.05020532734103497	0.049706355528951626	-0.04405682346684506	0.02998282483060219	-0.06275655103145311	0.07689522505866403	-0.0810508906763136	0.07508926583034096	-0.09396301653506578	0.12027419698154873	-0.08636656394078826	0.0880597090364631	-0.09341974192322522	0.11803131689940667	-0.11869031815605496	0.11133558298983295	-0.12241590465508716	0.12241631997247349	-0.09237654615540025	0.2988199548100957	-0.44074444391468903	0.2675656671365412	-0.156636333212264	0.11151848579371185	-0.6105944284846154	1.0000000000000007	-0.5370603903255885	0.11327053967891564	-0.09874025999759829
0.05113996745213583	-0.04724218386582171	0.08013627589336907	-0.059969180334675805	0.04773852500367481	-0.05063707290223823	0.06649560522118422	-0.06653514493307511	0.059108211762979895	-0.04054021882387681	0.08267499212766717	-0.10390230441119168	0.10799396447977375	-0.10336533054494292	0.1264355669094215	-0.13385425628994252	0.11115170288129571	-0.11972432124604844	0.12750067903957227	-0.17408072190408336	0.1200192383291792	-0.15093615293964163	0.16434691023274464	-0.1823726111648343	0.13194995910415158	-0.2756631995361573	0.3009878520727658	-0.6269586201572602	0.2294942285189956	-0.17314103956584778	0.2549536898332234	-0.5370603903255885	1.0000000000000004	-0.18676901497027165	0.14244792700150702
-0.05083717875087653	0.046513369839866044	-0.0819552949277969	0.0604281999071587	-0.05332108958331469	0.04976193313723673	-0.06650548000477048	0.06678564743206	-0.06076268113998658	0.04476981442142573	-0.08154048613458742	0.09720079323896921	-0.10949052310250526	0.11029345336066233	-0.14414832823705698	0.07710532333653672	-0.09670059552184702	0.10249134478941695	-0.15173968110049174	0.19397422377940476	-0.07408352977159212	0.11140174945709118	-0.136562663650086	0.20442460589530081	-0.2041601965174451	0.1059527275219518	-0.15667711482739494	0.18984391335692552	-0.5355619273001065	0.2748846355802914	-0.10896174881763074	0.11327053967891564	-0.18676901497027165	1.0000000000000009	-0.7024015570969899
0.05351099730773211	-0.049216754809515324	0.08548230263179468	-0.06424671988321255	0.05599874833767062	-0.052449601990810224	0.06980098930219555	-0.06995781137466678	0.06367241964802094	-0.04735921949639	0.08537172641113082	-0.10358711417712382	0.11190329799741015	-0.1150877914767714	0.15017087881858737	-0.07733528654195303	0.09615464888473174	-0.10510211371816333	0.14574215073256142	-0.2630110791483615	0.07236764759521555	-0.11150461974822409	0.12782361851169727	-0.2100063283392548	0.23714337978991562	-0.09619446599880345	0.12913028629143608	-0.15850729143264924	0.29005635642416	-0.5066795480419088	0.09364378101360257	-0.09874025999759829	0.14244792700150702	-0.7024015570969899	1.000000000000001
