1.0	-0.6602641177201836	0.2917622559372531	-0.13022700273842866	0.10826821206274193	-0.4205312593436663	0.2489915677433769	-0.28660770454939216	0.19387609136974382	-0.1622197792608069	0.2344562409060865	-0.2547679832934273	0.1745133457475922	-0.16766182908835017	0.12813366292268036	-0.1880463134288648	0.16794645590164384	-0.18020327257147498	0.13467790237644062	-0.12904164374767224	0.1419766392427902	-0.1301145643726553	0.13072147231000344	-0.13514229156825622	0.12386609358944756	-0.09859783809553792	0.1173438381175175	-0.1324205193971177	0.10584333372040212	-0.13215488666770558	0.11232347232981706	-0.09185833975535226	0.09807117188852402	-0.0984309234328619	0.1088446938494663	-0.18176575414589458	0.09374614712280566	-0.06752411578861982	0.0710724914972703	-0.13885494966933343
-0.6602641177201836	1.0000000000000004	-0.5862119370861837	0.10853832129369169	-0.09322159155766307	0.21712917022761427	-0.25933157542806073	0.2598438802203829	-0.18066013648626025	0.12489791780083244	-0.17884697797348667	0.19227123014681194	-0.1416468136644802	0.1226136345974206	-0.10074039921889327	0.12886491965597782	-0.12909183907774868	0.1324794547318878	-0.10147902232749091	0.09537002211836855	-0.10638942033920414	0.09517671247466333	-0.09696462383179946	0.09845482033285585	-0.09338331875472825	0.07169020097097147	-0.08661116484856439	0.09556135029054622	-0.07694060908521863	0.0940841702122003	-0.08221394980673144	0.06646929818547152	-0.07178270671405361	0.0695483287691314	-0.07784876542706998	0.12459944815200688	-0.06717503335086024	0.04808596233418083	-0.05068336902845062	0.09580852921211341
0.2917622559372531	-0.5862119370861837	1.0000000000000004	-0.16918911751450805	0.12896135491648741	-0.21266376570578527	0.25152369892921417	-0.5753689995659543	0.2385241276336986	-0.18165476304914288	0.16536878648232078	-0.231545552982444	0.17363520740614602	-0.16281003507305236	0.13180790808769954	-0.1441196138574276	0.13883151291309254	-0.17113054338482211	0.12923752300929783	-0.1288018181337488	0.1258529245662101	-0.11451972942219307	0.11996072411223298	-0.12750153131057673	0.119418847246477	-0.08771472031477691	0.10495089363667563	-0.1207472991928799	0.09811248775223198	-0.12248026975673112	0.10058504726421223	-0.08233539072923265	0.08836953292732413	-0.08895619461839914	0.09916696725677733	-0.16111148568997272	0.08451126705123659	-0.060806899151205726	0.06422489948634921	-0.12513630007590182
-0.13022700273842866	0.10853832129369169	-0.16918911751450805	1.0000000000000004	-0.793293215548901	0.09172014236580409	-0.12189502761488608	0.16999088698440465	-0.44000085001016936	0.27797195088217497	-0.08618553535152917	0.108661161695012	-0.10515278719993067	0.12402702417983663	-0.1839372858892548	0.0782068858894932	-0.0828682204400552	0.10181514186976146	-0.1036729737073862	0.13213017270387106	-0.0890182999500012	0.0773876554252926	-0.08662025306593692	0.10235601058365794	-0.1153820842694655	0.06125664212423237	-0.07429759345615561	0.08606653354981861	-0.07581814331065394	0.09350503519182894	-0.0721236567541615	0.05817793020605672	-0.06385775862260991	0.06400883219165483	-0.07430982289102996	0.10796639519296786	-0.06120519714455405	0.04356482623193228	-0.04660309042540009	0.08830636734352657
0.10826821206274193	-0.09322159155766307	0.12896135491648741	-0.793293215548901	1.0000000000000007	-0.08212001922333853	0.10341428149392777	-0.1440215190870186	0.27413764198362905	-0.4538086695113978	0.07682170459448344	-0.09922843243449028	0.09733403753933169	-0.12668899687193733	0.19111923667445643	-0.07367756379260627	0.0772389080731948	-0.0986353854115974	0.10206721984612818	-0.152526910679815	0.08657796999260571	-0.07634904229594716	0.08617331931893676	-0.1074421942126855	0.1170494216272743	-0.06083350466578576	0.07341749749739596	-0.08755963735636896	0.07783135516555842	-0.09869513916641781	0.0712577053342408	-0.05824780488714274	0.06349825218170936	-0.06557871781853998	0.07544296745693163	-0.11133432916066333	0.06160241384341757	-0.04413809473169957	0.047257904156324956	-0.09207063534476004
-0.4205312593436663	0.21712917022761427	-0.21266376570578527	0.09172014236580409	-0.08212001922333853	1.0000000000000004	-0.3717458595148155	0.20233337968772544	-0.159037664955986	0.11483883880898027	-0.686780471967154	0.2727734360821094	-0.17248188484905133	0.13370745266070103	-0.10211617533992073	0.2362097216023343	-0.23498469659080362	0.15936048046963236	-0.11546621926437636	0.09807380488253478	-0.14380422480097213	0.1294070453935047	-0.12025948169674047	0.11105874588430896	-0.1029600456772815	0.09071113344263158	-0.11210883702118973	0.11464374535102972	-0.08866260161706514	0.10513139609041376	-0.10133314665657692	0.08168926484373648	-0.08800185388632575	0.0791425371624363	-0.08759533179262625	0.1406156220437123	-0.07804349118702614	0.055800763972482965	-0.05828218977089675	0.10463253988990814
0.2489915677433769	-0.25933157542806073	0.25152369892921417	-0.12189502761488608	0.10341428149392777	-0.3717458595148155	1.0	-0.4465487364827088	0.210592751929888	-0.15033477826511302	0.2571415730451801	-0.6398615244662126	0.23128720456215318	-0.173243270554432	0.12307332501359122	-0.1960743065647846	0.19059532822537537	-0.2134077005406799	0.14027802139072348	-0.11947634476041365	0.14062205485352172	-0.13174188543641868	0.13342840342791548	-0.13062542392562038	0.11968625435106757	-0.0947130615651233	0.1155352154787179	-0.12936223236522582	0.101286800071929	-0.12221495141894867	0.10633266173043998	-0.08764285799415517	0.09386384229499807	-0.08895169945926967	0.09869742392660824	-0.15801718662203268	0.08579267635594849	-0.06166272823079204	0.06474814996703802	-0.12004008358192007
-0.28660770454939216	0.2598438802203829	-0.5753689995659543	0.16999088698440465	-0.1440215190870186	0.20233337968772544	-0.4465487364827088	1.0000000000000002	-0.4483192889458896	0.1918897921722085	-0.18107899136835662	0.25276113372583514	-0.23310416307726972	0.1679927027632245	-0.1456744328268159	0.14322673591824045	-0.14994644381660835	0.18199068891857093	-0.13861600035658825	0.13042180835661485	-0.13004533715641978	0.11652104784528258	-0.12471472381510586	0.12853558772294774	-0.12509817576028204	0.08779887513938148	-0.10703551914873125	0.12058662189471843	-0.09851351715326134	0.1194329187246848	-0.10103444432695627	0.08198913014807299	-0.08900895085731737	0.08580119142303921	-0.09697148057609555	0.14979384382228111	-0.08280549641557626	0.05919497590901071	-0.06259899539982701	0.11700771930954801
0.19387609136974382	-0.18066013648626025	0.2385241276336986	-0.44000085001016936	0.27413764198362905	-0.159037664955986	0.210592751929888	-0.4483192889458896	1.0000000000000007	-0.47927265995248075	0.1432698874977603	-0.20286861037592846	0.1834880427569408	-0.2438210870220674	0.2384423763257474	-0.1362373878260384	0.13974082391183434	-0.18452998529693043	0.1782446076806949	-0.22161751755460524	0.14855442527499788	-0.13320706314223943	0.14774850499354797	-0.17862815008199984	0.17722625551898796	-0.1051072804381335	0.1262163333744658	-0.15067170156099555	0.1304604407594777	-0.16620890668045865	0.12212412260764505	-0.10039174986202198	0.10859904074003524	-0.11278546169310211	0.12797491547822004	-0.1963439132039791	0.1055700053480195	-0.07593951995543001	0.08099207117098678	-0.16013353131160352
-0.1622197792608069	0.12489791780083244	-0.18165476304914288	0.27797195088217497	-0.4538086695113978	0.11483883880898027	-0.15033477826511302	0.1918897921722085	-0.47927265995248075	1.0000000000000002	-0.11122925010871618	0.13652700540423163	-0.14180434408299217	0.17746945527117705	-0.5485165608689664	0.10351538606300582	-0.1119022840377035	0.13871532349392338	-0.15608853808903767	0.24336934318269776	-0.12674294147335463	0.10944630889164225	-0.12686230663643644	0.15723073368642285	-0.2057989664150219	0.08669675076766925	-0.10629515404350745	0.12426232483038684	-0.1138860537230636	0.13813560756231671	-0.10242400177686833	0.08273675638108749	-0.09152013838114828	0.090865103855293	-0.10737117180895528	0.14779966692191004	-0.08699698391463775	0.061730822263196296	-0.06636177708648663	0.12299203424667987
0.2344562409060865	-0.17884697797348667	0.16536878648232078	-0.08618553535152917	0.07682170459448344	-0.686780471967154	0.2571415730451801	-0.18107899136835662	0.1432698874977603	-0.11122925010871618	0.9999999999999978	-0.375015175424043	0.17796936518925535	-0.14050970474094718	0.09987220835132571	-0.4324041269984867	0.2530280261573054	-0.17742990704869652	0.11876989419598857	-0.09888315011438917	0.14669708040329277	-0.141513035060527	0.12569760375074276	-0.11561012398926689	0.1038723050335731	-0.09500462570913103	0.11608025413124044	-0.12150472752758763	0.0919359744784153	-0.10986300027897217	0.10322478669920061	-0.08541820737792276	0.09033432112573113	-0.0821767808285046	0.08972524130053437	-0.14842111371622183	0.08010790907261682	-0.057704685493326906	0.06004548745190793	-0.10883905878969369
-0.2547679832934273	0.19227123014681194	-0.231545552982444	0.108661161695012	-0.09922843243449028	0.2727734360821094	-0.6398615244662126	0.25276113372583514	-0.20286861037592846	0.13652700540423163	-0.375015175424043	0.999999999999999	-0.38934231730814217	0.18080013197557127	-0.12627067673055023	0.22414561507103842	-0.27712070211701656	0.23995087380798744	-0.15791838486466048	0.11913526980568816	-0.16410806959591429	0.15216935590378278	-0.15302751704747472	0.13834823332179613	-0.12810849606489477	0.10527048871628349	-0.13204736947041426	0.14014689728619847	-0.10867768378494304	0.12639707285370458	-0.1179545979139941	0.09610196706091428	-0.1040736404248792	0.09284941916116742	-0.10369709656902182	0.16081493501617197	-0.09151623940034698	0.06537854101274222	-0.06847917392349251	0.12112647614524763
0.1745133457475922	-0.1416468136644802	0.17363520740614602	-0.10515278719993067	0.09733403753933169	-0.17248188484905133	0.23128720456215318	-0.23310416307726972	0.1834880427569408	-0.14180434408299217	0.17796936518925535	-0.38934231730814217	1.0000000000000002	-0.3475303999628794	0.14339035895242844	-0.18263352453782097	0.19683664330448544	-0.702460328491894	0.2492215729905956	-0.14381404832162256	0.16977295571781115	-0.17058799954165302	0.21036480519312506	-0.189407322514901	0.15801670365684725	-0.11700632173612302	0.14762302135179542	-0.18903829713214815	0.13903484505737362	-0.15971473374054543	0.12839880213585358	-0.11096425496975766	0.11851869342397574	-0.1081431928855309	0.11964151256825568	-0.18214248111984316	0.10336408418740464	-0.07481816364991324	0.07850261573150799	-0.13912043868637416
-0.16766182908835017	0.1226136345974206	-0.16281003507305236	0.12402702417983663	-0.12668899687193733	0.13370745266070103	-0.173243270554432	0.1679927027632245	-0.2438210870220674	0.17746945527117705	-0.14050970474094718	0.18080013197557127	-0.3475303999628794	0.9999999999999966	-0.238376622183749	0.13831878834327488	-0.15839661351504064	0.2704183470614897	-0.7347149867073004	0.20198238252605888	-0.17915328354336063	0.15693984680390272	-0.20331110440392405	0.24991427662265292	-0.2383450770251005	0.11885251306641821	-0.1512397558195311	0.17922603869263581	-0.16991750206110418	0.17978202422967393	-0.13867908189966846	0.11333981030456489	-0.12685588446213175	0.11680348202025084	-0.1383576709465476	0.17981126243127707	-0.11380430809101004	0.08042927797545563	-0.08643020224541437	0.1474189646919662
0.12813366292268036	-0.10074039921889327	0.13180790808769954	-0.1839372858892548	0.19111923667445643	-0.10211617533992073	0.12307332501359122	-0.1456744328268159	0.2384423763257474	-0.5485165608689664	0.09987220835132571	-0.12627067673055023	0.14339035895242844	-0.238376622183749	0.9999999999999968	-0.10364909775102828	0.11096780583157917	-0.1525374459300715	0.18777500202082964	-0.6088135771322168	0.13553369424850126	-0.12291869115451749	0.1476955784004249	-0.2180377272714857	0.262464570533703	-0.09654885589212592	0.11857021404260323	-0.15107685044401414	0.14246533821697743	-0.18437093993000986	0.1113887139846673	-0.09405250826971111	0.10234783039976085	-0.10676569025669749	0.1229982502797403	-0.17059870333874375	0.09764231854411513	-0.0705238567487307	0.07597160873050246	-0.14613390438382462
-0.1880463134288648	0.12886491965597782	-0.1441196138574276	0.0782068858894932	-0.07367756379260627	0.2362097216023343	-0.1960743065647846	0.14322673591824045	-0.1362373878260384	0.10351538606300582	-0.4324041269984867	0.22414561507103842	-0.18263352453782097	0.13831878834327488	-0.10364909775102828	0.9999999999999993	-0.7436024706984775	0.1845014482313788	-0.12910362336639764	0.10114210914006107	-0.23402474577952181	0.21621755799260658	-0.1645929485079131	0.12937793014285298	-0.11589784963007027	0.12873916969732196	-0.16703846585254778	0.147578666535632	-0.10652508002142214	0.12076619206148469	-0.13414293252413328	0.10916778546202746	-0.11588175498515849	0.0927531763775057	-0.09988923989325119	0.16492111495956321	-0.09375868079491068	0.06735944711299875	-0.06911445465991256	0.11540153121398004
0.16794645590164384	-0.12909183907774868	0.13883151291309254	-0.0828682204400552	0.0772389080731948	-0.23498469659080362	0.19059532822537537	-0.14994644381660835	0.13974082391183434	-0.1119022840377035	0.2530280261573054	-0.27712070211701656	0.19683664330448544	-0.15839661351504064	0.11096780583157917	-0.7436024706984775	0.9999999999999943	-0.2478989746387739	0.14370179428613886	-0.11243143399314375	0.22437781585668412	-0.3398576945583488	0.18839695382335933	-0.14987856016692153	0.12676603864202907	-0.14346475571415299	0.18400366656350725	-0.17547117432022025	0.12055517345951343	-0.13921816666103223	0.1415142951762069	-0.12523704086139667	0.1260535533166454	-0.10442805795834802	0.11035731832256443	-0.1889501347789242	0.10284000902971804	-0.07498133284404686	0.07654111147352888	-0.13056263747964097
-0.18020327257147498	0.1324794547318878	-0.17113054338482211	0.10181514186976146	-0.0986353854115974	0.15936048046963236	-0.2134077005406799	0.18199068891857093	-0.18452998529693043	0.13871532349392338	-0.17742990704869652	0.23995087380798744	-0.702460328491894	0.2704183470614897	-0.1525374459300715	0.1845014482313788	-0.2478989746387739	0.9999999999999961	-0.34718202352313965	0.1504300229855426	-0.19966238262396166	0.19494956624715382	-0.3261431298800814	0.21212267372402877	-0.1807261376968484	0.12995160242049955	-0.1726655182050535	0.2093664125365549	-0.1584181564084021	0.16779173731922278	-0.14418337929934813	0.1224320178398285	-0.13480159119013743	0.1139990245863751	-0.12864686451595658	0.18453397704258487	-0.11182700566637446	0.08024149629252203	-0.08431215328142933	0.14175159602674015
0.13467790237644062	-0.10147902232749091	0.12923752300929783	-0.1036729737073862	0.10206721984612818	-0.11546621926437636	0.14027802139072348	-0.13861600035658825	0.1782446076806949	-0.15608853808903767	0.11876989419598857	-0.15791838486466048	0.2492215729905956	-0.7347149867073004	0.18777500202082964	-0.12910362336639764	0.14370179428613886	-0.34718202352313965	0.9999999999999992	-0.22467324269163663	0.16254715158478844	-0.15644938354547802	0.20937893274661984	-0.3813535462783359	0.22830766956546972	-0.1130216018182049	0.1444303351355157	-0.19316985975451023	0.18024752980009143	-0.20061602279043247	0.12669989847049767	-0.10994689242123724	0.11969170436308138	-0.11492035515498551	0.13066000957238638	-0.17491257854062597	0.10642546524837444	-0.07690228047472197	0.08242001277257013	-0.14457471137968822
-0.12904164374767224	0.09537002211836855	-0.1288018181337488	0.13213017270387106	-0.152526910679815	0.09807380488253478	-0.11947634476041365	0.13042180835661485	-0.22161751755460524	0.24336934318269776	-0.09888315011438917	0.11913526980568816	-0.14381404832162256	0.20198238252605888	-0.6088135771322168	0.10114210914006107	-0.11243143399314375	0.1504300229855426	-0.22467324269163663	0.9999999999999958	-0.14211108836761724	0.1255606173851418	-0.16401714376136778	0.24275579955185442	-0.5846244455051742	0.0972495577341922	-0.12336863413932139	0.15326880843910665	-0.159514015866531	0.1834271376754298	-0.11347913627240239	0.09448271939541977	-0.10546019719312136	0.10342689769682346	-0.12549239063867249	0.1550664815712415	-0.0971072679483706	0.06918473392275773	-0.07518016336313318	0.13395648111157624
0.1419766392427902	-0.10638942033920414	0.1258529245662101	-0.0890182999500012	0.08657796999260571	-0.14380422480097213	0.14062205485352172	-0.13004533715641978	0.14855442527499788	-0.12674294147335463	0.14669708040329277	-0.16410806959591429	0.16977295571781115	-0.17915328354336063	0.13553369424850126	-0.23402474577952181	0.22437781585668412	-0.19966238262396166	0.16254715158478844	-0.14211108836761724	0.9999999999999947	-0.5396034152856815	0.2520340472524063	-0.20412362755120603	0.1659058460236835	-0.4690723207063544	0.3042003237972942	-0.27246963594796164	0.17412736477406257	-0.20621725255717813	0.28654214362085845	-0.21881571175961154	0.20199980891886188	-0.17382817754099011	0.170033457006435	-0.3973991965211815	0.1714022628406947	-0.12682281663875272	0.1253593221514391	-0.210705339987684
-0.1301145643726553	0.09517671247466333	-0.11451972942219307	0.0773876554252926	-0.07634904229594716	0.1294070453935047	-0.13174188543641868	0.11652104784528258	-0.13320706314223943	0.10944630889164225	-0.141513035060527	0.15216935590378278	-0.17058799954165302	0.15693984680390272	-0.12291869115451749	0.21621755799260658	-0.3398576945583488	0.19494956624715382	-0.15644938354547802	0.1255606173851418	-0.5396034152856815	0.9999999999999983	-0.4261550644160757	0.19823336844887446	-0.16149619633556467	0.24868623770772258	-0.4880522528579335	0.2758829987752474	-0.169846417593175	0.1768464579551012	-0.22433890470650655	0.20412431355061844	-0.2061898844279018	0.1354191686900749	-0.13829933811755712	0.24122432771690863	-0.139390680968515	0.10244904652902112	-0.10181860430494798	0.15580821380729587
0.13072147231000344	-0.09696462383179946	0.11996072411223298	-0.08662025306593692	0.08617331931893676	-0.12025948169674047	0.13342840342791548	-0.12471472381510586	0.14774850499354797	-0.12686230663643644	0.12569760375074276	-0.15302751704747472	0.21036480519312506	-0.20331110440392405	0.1476955784004249	-0.1645929485079131	0.18839695382335933	-0.3261431298800814	0.20937893274661984	-0.16401714376136778	0.2520340472524063	-0.4261550644160757	0.9999999999999905	-0.40687168990295197	0.21738029328318578	-0.18209335941678945	0.2632174366335882	-0.5855271419055305	0.24667658554022698	-0.24706878182793487	0.17622617425854778	-0.18035580516430966	0.18605487763060244	-0.14465483355517816	0.15320894141872066	-0.22580258686537297	0.13575601828823375	-0.10160744907725117	0.10426304521503019	-0.1677337728192586
-0.13514229156825622	0.09845482033285585	-0.12750153131057673	0.10235601058365794	-0.1074421942126855	0.11105874588430896	-0.13062542392562038	0.12853558772294774	-0.17862815008199984	0.15723073368642285	-0.11561012398926689	0.13834823332179613	-0.189407322514901	0.24991427662265292	-0.2180377272714857	0.12937793014285298	-0.14987856016692153	0.21212267372402877	-0.3813535462783359	0.24275579955185442	-0.20412362755120603	0.19823336844887446	-0.40687168990295197	0.9999999999999911	-0.530312225362518	0.13745127737718693	-0.1901927701136772	0.2675743681787163	-0.413219734120076	0.2802128250515605	-0.1532119647618515	0.1359136596004621	-0.15303856764306337	0.14103394490615065	-0.1671882847227169	0.1928832447577264	-0.12886362868597942	0.09289370612706419	-0.10204011568880372	0.16633827385178362
0.12386609358944756	-0.09338331875472825	0.119418847246477	-0.1153820842694655	0.1170494216272743	-0.1029600456772815	0.11968625435106757	-0.12509817576028204	0.17722625551898796	-0.2057989664150219	0.1038723050335731	-0.12810849606489477	0.15801670365684725	-0.2383450770251005	0.262464570533703	-0.11589784963007027	0.12676603864202907	-0.1807261376968484	0.22830766956546972	-0.5846244455051742	0.1659058460236835	-0.16149619633556467	0.21738029328318578	-0.530312225362518	0.9999999999999919	-0.11922661052213517	0.15281096648095308	-0.21902788333979248	0.233594521982666	-0.31383434391528764	0.1330214559040518	-0.1187345518108288	0.12899576248548697	-0.13319712646973875	0.1543163397484182	-0.1910777479039532	0.11728154794207009	-0.08563578563039592	0.09317428000564991	-0.17028810553194568
-0.09859783809553792	0.07169020097097147	-0.08771472031477691	0.06125664212423237	-0.06083350466578576	0.09071113344263158	-0.0947130615651233	0.08779887513938148	-0.1051072804381335	0.08669675076766925	-0.09500462570913103	0.10527048871628349	-0.11700632173612302	0.11885251306641821	-0.09654885589212592	0.12873916969732196	-0.14346475571415299	0.12995160242049955	-0.1130216018182049	0.0972495577341922	-0.4690723207063544	0.24868623770772258	-0.18209335941678945	0.13745127737718693	-0.11922661052213517	0.9999999999999898	-0.4264149036207691	0.2001852592600061	-0.12777457955952995	0.1413958728112141	-0.6713518392500044	0.19874920415904673	-0.1900247884535874	0.12654831791955143	-0.12390391444929469	0.28285525202209216	-0.1379728208184407	0.09889892961011779	-0.09644495206422654	0.1433053698637021
0.1173438381175175	-0.08661116484856439	0.10495089363667563	-0.07429759345615561	0.07341749749739596	-0.11210883702118973	0.1155352154787179	-0.10703551914873125	0.1262163333744658	-0.10629515404350745	0.11608025413124044	-0.13204736947041426	0.14762302135179542	-0.1512397558195311	0.11857021404260323	-0.16703846585254778	0.18400366656350725	-0.1726655182050535	0.1444303351355157	-0.12336863413932139	0.3042003237972942	-0.4880522528579335	0.2632174366335882	-0.1901927701136772	0.15281096648095308	-0.4264149036207691	0.9999999999999888	-0.4041789886116702	0.1823188740189097	-0.19877950335668174	0.2630688170170291	-0.42439768773044845	0.266918010124124	-0.1605411539829153	0.15135201903686946	-0.2884690628204972	0.16332963219499405	-0.1258562004734625	0.1189570386115746	-0.17475385167168983
-0.1324205193971177	0.09556135029054622	-0.1207472991928799	0.08606653354981861	-0.08755963735636896	0.11464374535102972	-0.12936223236522582	0.12058662189471843	-0.15067170156099555	0.12426232483038684	-0.12150472752758763	0.14014689728619847	-0.18903829713214815	0.17922603869263581	-0.15107685044401414	0.147578666535632	-0.17547117432022025	0.2093664125365549	-0.19316985975451023	0.15326880843910665	-0.27246963594796164	0.2758829987752474	-0.5855271419055305	0.2675743681787163	-0.21902788333979248	0.2001852592600061	-0.4041789886116702	0.9999999999999905	-0.4045175629715443	0.2627071766593887	-0.2081899530279912	0.22075126867251005	-0.28066041166137073	0.16169452972018067	-0.17638597338153342	0.22789245597556726	-0.1589267909698804	0.11905645009593249	-0.12194882090997484	0.17640355503415206
0.10584333372040212	-0.07694060908521863	0.09811248775223198	-0.07581814331065394	0.07783135516555842	-0.08866260161706514	0.101286800071929	-0.09851351715326134	0.1304604407594777	-0.1138860537230636	0.0919359744784153	-0.10867768378494304	0.13903484505737362	-0.16991750206110418	0.14246533821697743	-0.10652508002142214	0.12055517345951343	-0.1584181564084021	0.18024752980009143	-0.159514015866531	0.17412736477406257	-0.169846417593175	0.24667658554022698	-0.413219734120076	0.233594521982666	-0.12777457955952995	0.1823188740189097	-0.4045175629715443	0.9999999999999887	-0.7084852801212719	0.1391591386219205	-0.13658352740107102	0.15333939452066683	-0.1826306055363207	0.19279173382985362	-0.17748816601597978	0.13303401833716783	-0.09894056275685761	0.1153498652462594	-0.18180497624619407
-0.13215488666770558	0.0940841702122003	-0.12248026975673112	0.09350503519182894	-0.09869513916641781	0.10513139609041376	-0.12221495141894867	0.1194329187246848	-0.16620890668045865	0.13813560756231671	-0.10986300027897217	0.12639707285370458	-0.15971473374054543	0.17978202422967393	-0.18437093993000986	0.12076619206148469	-0.13921816666103223	0.16779173731922278	-0.20061602279043247	0.1834271376754298	-0.20621725255717813	0.1768464579551012	-0.24706878182793487	0.2802128250515605	-0.31383434391528764	0.1413958728112141	-0.19877950335668174	0.2627071766593887	-0.7084852801212719	0.9999999999999865	-0.16581171361139896	0.1461132717622665	-0.17379955332428126	0.18524808770509613	-0.31267808799047647	0.19980214954088046	-0.15844790605751977	0.11276096825824683	-0.13248969651762346	0.2196090347062094
0.11232347232981706	-0.08221394980673144	0.10058504726421223	-0.0721236567541615	0.0712577053342408	-0.10133314665657692	0.10633266173043998	-0.10103444432695627	0.12212412260764505	-0.10242400177686833	0.10322478669920061	-0.1179545979139941	0.12839880213585358	-0.13867908189966846	0.1113887139846673	-0.13414293252413328	0.1415142951762069	-0.14418337929934813	0.12669989847049767	-0.11347913627240239	0.28654214362085845	-0.22433890470650655	0.17622617425854778	-0.1532119647618515	0.1330214559040518	-0.6713518392500044	0.2630688170170291	-0.2081899530279912	0.1391591386219205	-0.16581171361139896	0.9999999999999873	-0.2316871285991075	0.1950797480443842	-0.16332818703195567	0.15397909926235986	-0.525178674084579	0.17370738213671727	-0.12511381096984187	0.12042857010610417	-0.18928153143065587
-0.09185833975535226	0.06646929818547152	-0.08233539072923265	0.05817793020605672	-0.05824780488714274	0.08168926484373648	-0.08764285799415517	0.08198913014807299	-0.10039174986202198	0.08273675638108749	-0.08541820737792276	0.09610196706091428	-0.11096425496975766	0.11333981030456489	-0.09405250826971111	0.10916778546202746	-0.12523704086139667	0.1224320178398285	-0.10994689242123724	0.09448271939541977	-0.21881571175961154	0.20412431355061844	-0.18035580516430966	0.1359136596004621	-0.1187345518108288	0.19874920415904673	-0.42439768773044845	0.22075126867251005	-0.13658352740107102	0.1461132717622665	-0.2316871285991075	0.9999999999999863	-0.7654191525659674	0.17486089445266265	-0.14259985216424723	0.224287852011002	-0.22822213299453672	0.17449434003339542	-0.1502547436792278	0.1572838569281569
0.09807117188852402	-0.07178270671405361	0.08836953292732413	-0.06385775862260991	0.06349825218170936	-0.08800185388632575	0.09386384229499807	-0.08900895085731737	0.10859904074003524	-0.09152013838114828	0.09033432112573113	-0.1040736404248792	0.11851869342397574	-0.12685588446213175	0.10234783039976085	-0.11588175498515849	0.1260535533166454	-0.13480159119013743	0.11969170436308138	-0.10546019719312136	0.20199980891886188	-0.2061898844279018	0.18605487763060244	-0.15303856764306337	0.12899576248548697	-0.1900247884535874	0.266918010124124	-0.28066041166137073	0.15333939452066683	-0.17379955332428126	0.1950797480443842	-0.7654191525659674	0.999999999999986	-0.23892849981524925	0.1640882057012685	-0.2665455098833597	0.22748090802677146	-0.25535380895725646	0.17912075282537435	-0.19122075749038586
-0.0984309234328619	0.0695483287691314	-0.08895619461839914	0.06400883219165483	-0.06557871781853998	0.0791425371624363	-0.08895169945926967	0.08580119142303921	-0.11278546169310211	0.090865103855293	-0.0821767808285046	0.09284941916116742	-0.1081431928855309	0.11680348202025084	-0.10676569025669749	0.0927531763775057	-0.10442805795834802	0.1139990245863751	-0.11492035515498551	0.10342689769682346	-0.17382817754099011	0.1354191686900749	-0.14465483355517816	0.14103394490615065	-0.13319712646973875	0.12654831791955143	-0.1605411539829153	0.16169452972018067	-0.1826306055363207	0.18524808770509613	-0.16332818703195567	0.17486089445266265	-0.23892849981524925	0.9999999999999853	-0.4145803947659322	0.22223086438554754	-0.4166337476340001	0.29365352253880117	-0.6355040854008047	0.28507656227759803
0.1088446938494663	-0.07784876542706998	0.09916696725677733	-0.07430982289102996	0.07544296745693163	-0.08759533179262625	0.09869742392660824	-0.09697148057609555	0.12797491547822004	-0.10737117180895528	0.08972524130053437	-0.10369709656902182	0.11964151256825568	-0.1383576709465476	0.1229982502797403	-0.09988923989325119	0.11035731832256443	-0.12864686451595658	0.13066000957238638	-0.12549239063867249	0.170033457006435	-0.13829933811755712	0.15320894141872066	-0.1671882847227169	0.1543163397484182	-0.12390391444929469	0.15135201903686946	-0.17638597338153342	0.19279173382985362	-0.31267808799047647	0.15397909926235986	-0.14259985216424723	0.1640882057012685	-0.4145803947659322	0.9999999999999855	-0.23603807806632177	0.22375163715220842	-0.17538187381782827	0.22250120045923868	-0.7422963010917007
-0.18176575414589458	0.12459944815200688	-0.16111148568997272	0.10796639519296786	-0.11133432916066333	0.1406156220437123	-0.15801718662203268	0.14979384382228111	-0.1963439132039791	0.14779966692191004	-0.14842111371622183	0.16081493501617197	-0.18214248111984316	0.17981126243127707	-0.17059870333874375	0.16492111495956321	-0.1889501347789242	0.18453397704258487	-0.17491257854062597	0.1550664815712415	-0.3973991965211815	0.24122432771690863	-0.22580258686537297	0.1928832447577264	-0.1910777479039532	0.28285525202209216	-0.2884690628204972	0.22789245597556726	-0.17748816601597978	0.19980214954088046	-0.525178674084579	0.224287852011002	-0.2665455098833597	0.22223086438554754	-0.23603807806632177	0.9999999999999857	-0.3604232644831335	0.19359276140453077	-0.19567399247457432	0.23700230446789794
0.09374614712280566	-0.06717503335086024	0.08451126705123659	-0.06120519714455405	0.06160241384341757	-0.07804349118702614	0.08579267635594849	-0.08280549641557626	0.1055700053480195	-0.08699698391463775	0.08010790907261682	-0.09151623940034698	0.10336408418740464	-0.11380430809101004	0.09764231854411513	-0.09375868079491068	0.10284000902971804	-0.11182700566637446	0.10642546524837444	-0.0971072679483706	0.1714022628406947	-0.139390680968515	0.13575601828823375	-0.12886362868597942	0.11728154794207009	-0.1379728208184407	0.16332963219499405	-0.1589267909698804	0.13303401833716783	-0.15844790605751977	0.17370738213671727	-0.22822213299453672	0.22748090802677146	-0.4166337476340001	0.22375163715220842	-0.3604232644831335	0.9999999999999855	-0.6540483958835662	0.30769833926145174	-0.3078749695747066
-0.06752411578861982	0.04808596233418083	-0.060806899151205726	0.04356482623193228	-0.04413809473169957	0.055800763972482965	-0.06166272823079204	0.05919497590901071	-0.07593951995543001	0.061730822263196296	-0.057704685493326906	0.06537854101274222	-0.07481816364991324	0.08042927797545563	-0.0705238567487307	0.06735944711299875	-0.07498133284404686	0.08024149629252203	-0.07690228047472197	0.06918473392275773	-0.12682281663875272	0.10244904652902112	-0.10160744907725117	0.09289370612706419	-0.08563578563039592	0.09889892961011779	-0.1258562004734625	0.11905645009593249	-0.09894056275685761	0.11276096825824683	-0.12511381096984187	0.17449434003339542	-0.25535380895725646	0.29365352253880117	-0.17538187381782827	0.19359276140453077	-0.6540483958835662	0.9999999999999849	-0.6008064114325156	0.19579822108184203
0.0710724914972703	-0.05068336902845062	0.06422489948634921	-0.04660309042540009	0.047257904156324956	-0.05828218977089675	0.06474814996703802	-0.06259899539982701	0.08099207117098678	-0.06636177708648663	0.06004548745190793	-0.06847917392349251	0.07850261573150799	-0.08643020224541437	0.07597160873050246	-0.06911445465991256	0.07654111147352888	-0.08431215328142933	0.08242001277257013	-0.07518016336313318	0.1253593221514391	-0.10181860430494798	0.10426304521503019	-0.10204011568880372	0.09317428000564991	-0.09644495206422654	0.1189570386115746	-0.12194882090997484	0.1153498652462594	-0.13248969651762346	0.12042857010610417	-0.1502547436792278	0.17912075282537435	-0.6355040854008047	0.22250120045923868	-0.19567399247457432	0.30769833926145174	-0.6008064114325156	0.9999999999999849	-0.28360177466294484
-0.13885494966933343	0.09580852921211341	-0.12513630007590182	0.08830636734352657	-0.09207063534476004	0.10463253988990814	-0.12004008358192007	0.11700771930954801	-0.16013353131160352	0.12299203424667987	-0.10883905878969369	0.12112647614524763	-0.13912043868637416	0.1474189646919662	-0.14613390438382462	0.11540153121398004	-0.13056263747964097	0.14175159602674015	-0.14457471137968822	0.13395648111157624	-0.210705339987684	0.15580821380729587	-0.1677337728192586	0.16633827385178362	-0.17028810553194568	0.1433053698637021	-0.17475385167168983	0.17640355503415206	-0.18180497624619407	0.2196090347062094	-0.18928153143065587	0.1572838569281569	-0.19122075749038586	0.28507656227759803	-0.7422963010917007	0.23700230446789794	-0.3078749695747066	0.19579822108184203	-0.28360177466294484	0.9999999999999849
