1.0000000000000002	-0.014661023627313474	0.008240276798775675	-0.00692764357683659	0.0066578988113430715	-0.9994005346743073	0.012804767517960464	-0.007138322205948948	0.007874467611739997	-0.005080660650698642	0.02114643400489176	-0.011082198469597238	0.008385984093320817	-0.005026132541849577	0.005644885831429243	-0.01195719201323528	0.008328359811294811	-0.007634510940686392	0.006408246717852398	-0.006516004654742008	0.007361371492568826	-0.008770871576981785	0.006721691163330896	-0.006610072169255894	0.004758567215297613	-0.00781545193649443	0.006902670901073279	-0.007575977149662503	0.00710759733784761	-0.005128350122023631	0.006496419676509948	-0.005646702763937723	0.007738050697984011	-0.005341183603838262	0.0048734305073406415
-0.014661023627313474	1.0000000000000007	-0.5550222660834162	0.29448413604491136	-0.3086818120847947	0.01441573906550854	-0.43897750218146675	0.2790958147129656	-0.34433738334060027	0.20934928346989443	-0.22529505282613738	0.22998898144352814	-0.3324561605353245	0.1795689541873592	-0.21211218293053727	0.13991612219725	-0.17344490465155063	0.15477740919046862	-0.13998325307554374	0.13165685373381936	-0.1075191508883503	0.15819442903343997	-0.12865999227809782	0.13266348653072757	-0.09735384233466621	0.11144585478961279	-0.11637047573588703	0.12924933370819	-0.13580333591685737	0.09834919766665805	-0.1188301669139317	0.09818836029448838	-0.14709591483867854	0.09945251738406993	-0.09597021783825628
0.008240276798775675	-0.5550222660834162	1.0000000000000004	-0.5910123063823856	0.2385183544006696	-0.008212451666482127	0.22002001897892126	-0.41682900617360696	0.24766192185734914	-0.18389837838137665	0.1381989741973106	-0.16031499327050971	0.26184121190121507	-0.13908682608502568	0.14632295691765082	-0.09530299073086117	0.11476620752099113	-0.11067099358674486	0.09695782617129646	-0.09498347738668081	0.07164957201813352	-0.11223064174134464	0.08892199291881377	-0.09471337588266507	0.06826790976974507	-0.07653395609964771	0.07825697971467303	-0.08940885200292255	0.09046700140309871	-0.06868129712712952	0.07817135290927446	-0.06633009425058062	0.09688816267959151	-0.06762081872442918	0.06517441602691872
-0.00692764357683659	0.29448413604491136	-0.5910123063823856	1.0000000000000007	-0.5151989477312178	0.006887399563774224	-0.19769283816918698	0.2362124700358595	-0.4129432391578598	0.26726667656402525	-0.1337241363623376	0.14006689166995887	-0.24381236163222958	0.16727566626651055	-0.19044881848881906	0.08939481547705505	-0.1080136237494636	0.10375888234730965	-0.09708627203389537	0.0931939920904458	-0.06825309030479557	0.10468428170195157	-0.08500470267221093	0.0919362602723915	-0.0674310459255075	0.07233959904793147	-0.07498003784663017	0.08515081112778874	-0.08820432236580578	0.06676027198217128	-0.075800229391723	0.06372075507733227	-0.09442488383845701	0.065528578885576	-0.0639525279660007
0.0066578988113430715	-0.3086818120847947	0.2385183544006696	-0.5151989477312178	1.000000000000001	-0.006642966746296371	0.1628379515002587	-0.18367481268996874	0.31257495855550205	-0.6664280458683055	0.12258316543631144	-0.12843010440734684	0.17370255980435192	-0.17555533894593367	0.18458553635949515	-0.08736438979659886	0.10010387551988896	-0.10092759065525082	0.09419283053069144	-0.0955836791155631	0.06612403100681154	-0.1037998226322201	0.08292092739847483	-0.0924014860148769	0.06737712621544772	-0.07159994223258706	0.07329153454078839	-0.08462009437578084	0.08625489763344917	-0.06731090716228393	0.0743098656674527	-0.06322101973321854	0.09227203772207128	-0.06509598287680078	0.06327348862955048
-0.9994005346743073	0.01441573906550854	-0.008212451666482127	0.006887399563774224	-0.006642966746296371	1.0000000000000004	-0.012845006677157062	0.007112040413399327	-0.00785765557578359	0.005062876444796808	-0.02161216897560832	0.01104470217357591	-0.008371802606540127	0.005006572924315556	-0.005627600312612346	0.01185294719399989	-0.008293749738206978	0.007579755689579959	-0.006366229794656051	0.006459110479756065	-0.0073191451343042465	0.00869571819068492	-0.006671690884884377	0.006556283949498941	-0.004720371186360189	0.007738806676742363	-0.0068502529773913036	0.0075064804076589164	-0.007054958475035851	0.005083195148688097	-0.006447336324510698	0.005597366710971161	-0.00768099777974842	0.005296270831754483	-0.004834735134992579
0.012804767517960464	-0.43897750218146675	0.22002001897892126	-0.19769283816918698	0.1628379515002587	-0.012845006677157062	1.0000000000000009	-0.3036636995080396	0.198609581353034	-0.13548158929709425	0.26577905002724167	-0.5922208649546482	0.2633931985748063	-0.1395642629670422	0.14688472734883692	-0.20127021501783182	0.25959731555487797	-0.2401317445904375	0.17691767296333433	-0.17469284484357103	0.1424667125078755	-0.24624843526275383	0.17916594587299803	-0.18302316646366928	0.12491120094933658	-0.1540201744663318	0.15133543211186692	-0.17567708870694215	0.16457033760588577	-0.12605835423063727	0.14061446197979582	-0.12364608270737605	0.1736049117022985	-0.12417019293432066	0.11715748972032086
-0.007138322205948948	0.2790958147129656	-0.41682900617360696	0.2362124700358595	-0.18367481268996874	0.007112040413399327	-0.3036636995080396	1.0000000000000004	-0.284384963169954	0.1620803293052271	-0.15022057755955942	0.20255064854281168	-0.7380677672902746	0.1723082477069229	-0.1745259194621764	0.10206224667592302	-0.13692517309604457	0.1283661941227852	-0.11001606493859276	0.1010993055483184	-0.07620233549349592	0.12261876798769838	-0.09831329015324196	0.10321132398871873	-0.07328036805970514	0.08062239259916068	-0.08260340572694086	0.09449547975801705	-0.09420591142458824	0.07172068678846638	-0.07960183787604186	0.06819172230934141	-0.09946721146184823	0.07006031111450653	-0.06801075178022728
0.007874467611739997	-0.34433738334060027	0.24766192185734914	-0.4129432391578598	0.31257495855550205	-0.00785765557578359	0.198609581353034	-0.284384963169954	1.0000000000000004	-0.581358148238252	0.15043787317925209	-0.16212692040510307	0.2327508393922554	-0.3468693263210488	0.2611378832700139	-0.10867850870864583	0.12654430008211892	-0.13098961219413008	0.126244217254224	-0.12430090370053995	0.08223696035131933	-0.13149174249483087	0.10568454192785087	-0.12125878822724176	0.08723663009928118	-0.08923146263658015	0.09147948118625189	-0.10631031016465362	0.10793138002010352	-0.08547684588330651	0.09171699536229835	-0.07845823283517676	0.11452511021498775	-0.0815679522269607	0.07994394874430269
-0.005080660650698642	0.20934928346989443	-0.18389837838137665	0.26726667656402525	-0.6664280458683055	0.005062876444796808	-0.13548158929709425	0.1620803293052271	-0.581358148238252	1.0000000000000029	-0.10072226402546107	0.10575561186775127	-0.16616236722730698	0.21274938869320123	-0.28259703990316304	0.07077899272886144	-0.08458280972196415	0.08613234236841288	-0.08646422229500934	0.08346892616947951	-0.05403885748695822	0.08556713543413548	-0.07006046258223346	0.08032887360328475	-0.059284318245420235	0.05808596326206162	-0.06018523450787612	0.06951509836445624	-0.07179073009854099	0.05653552580250945	-0.06026990560319041	0.05127706668929905	-0.0758182453509425	0.05380263814788577	-0.05353431101777739
0.02114643400489176	-0.22529505282613738	0.1381989741973106	-0.1337241363623376	0.12258316543631144	-0.02161216897560832	0.26577905002724167	-0.15022057755955942	0.15043787317925209	-0.10072226402546107	1.0000000000000018	-0.39533080673835447	0.17829910738795746	-0.11123612632630085	0.12039080383660708	-0.5412917868372945	0.2485729283916445	-0.22710601286365784	0.1801367540945266	-0.18557771637143677	0.2575332058634402	-0.27146677431773975	0.20003943245103953	-0.19137854592714354	0.1351113663233362	-0.27484409531444476	0.21682054998196396	-0.23565470319415696	0.20297420963819168	-0.14686394693537633	0.18723573195381532	-0.16948394983378556	0.21871431576797573	-0.15422595958234378	0.13746902183989146
-0.011082198469597238	0.22998898144352814	-0.16031499327050971	0.14006689166995887	-0.12843010440734684	0.01104470217357591	-0.5922208649546482	0.20255064854281168	-0.16212692040510307	0.10575561186775127	-0.39533080673835447	1.000000000000004	-0.2907214786648527	0.1208502748032421	-0.12967193020067969	0.2018257647045255	-0.4948193304804846	0.2406425259866047	-0.18283574449527581	0.15030366793338176	-0.14475375169891327	0.23052997420425234	-0.18116681404022206	0.16570477771995584	-0.11335428192887742	0.14288526753199543	-0.1451288694009716	0.15956249914523038	-0.15272106715291714	0.11026121520496601	-0.12767792995914992	0.11027635692194801	-0.1590133853064335	0.11093374600911338	-0.10568428513974408
0.008385984093320817	-0.3324561605353245	0.26184121190121507	-0.24381236163222958	0.17370255980435192	-0.008371802606540127	0.2633931985748063	-0.7380677672902746	0.2327508393922554	-0.16616236722730698	0.17829910738795746	-0.2907214786648527	1.000000000000002	-0.24097451715859095	0.19197421419648716	-0.1285291020047654	0.1699176256570222	-0.17357279479736606	0.13711136755658324	-0.12880110720790625	0.09461093622273006	-0.1583587065551498	0.12425002188060356	-0.13218075677024646	0.0919377945403959	-0.10147874912011087	0.10283681523946286	-0.1194124052920699	0.1162766399245495	-0.09017480462864699	0.09795858298038262	-0.084901992345224	0.12229239260826189	-0.08726248326009159	0.08433197148481926
-0.005026132541849577	0.1795689541873592	-0.13908682608502568	0.16727566626651055	-0.17555533894593367	0.005006572924315556	-0.1395642629670422	0.1723082477069229	-0.3468693263210488	0.21274938869320123	-0.11123612632630085	0.1208502748032421	-0.24097451715859095	1.0000000000000033	-0.8403582534341023	0.08048354125983713	-0.1065188671196052	0.12094412095505908	-0.1680636874544377	0.12283663914825299	-0.06253283379090221	0.10578479939330303	-0.09274051371609172	0.12162099378459089	-0.08801267496375131	0.06710490272341585	-0.07138135190082141	0.08425345543386077	-0.08813032043159603	0.07343264601772324	-0.06826777531041696	0.058942142959327544	-0.08910924902712626	0.06560006109171124	-0.0694122210963124
0.005644885831429243	-0.21211218293053727	0.14632295691765082	-0.19044881848881906	0.18458553635949515	-0.005627600312612346	0.14688472734883692	-0.1745259194621764	0.2611378832700139	-0.28259703990316304	0.12039080383660708	-0.12967193020067969	0.19197421419648716	-0.8403582534341023	1.0000000000000027	-0.08925783924541794	0.11150226208070577	-0.12796294969944252	0.14791293083277535	-0.1463460506201998	0.06880033176333811	-0.1168931448995997	0.09919462062593346	-0.1315017210964344	0.09625791395891826	-0.07466612281818041	0.0784545507036767	-0.09326507974347757	0.09636591351497532	-0.08236350499892796	0.07569014627990173	-0.06563785753378004	0.09808770981387613	-0.07277871719632086	0.07629193542165923
-0.01195719201323528	0.13991612219725	-0.09530299073086117	0.08939481547705505	-0.08736438979659886	0.01185294719399989	-0.20127021501783182	0.10206224667592302	-0.10867850870864583	0.07077899272886144	-0.5412917868372945	0.2018257647045255	-0.1285291020047654	0.08048354125983713	-0.08925783924541794	1.0000000000000027	-0.23088563970634537	0.17074259875208012	-0.14564380568683047	0.1351240130138481	-0.6224923205662793	0.2130922338821382	-0.17189999130600336	0.14496234354815787	-0.1045909816687035	0.28095333337359274	-0.2534236235283341	0.1987616667634663	-0.18517059194547184	0.11402787341936124	-0.1830025373716549	0.15102061423417232	-0.20030636177672131	0.12934461957896734	-0.1133021258885263
0.008328359811294811	-0.17344490465155063	0.11476620752099113	-0.1080136237494636	0.10010387551988896	-0.008293749738206978	0.25959731555487797	-0.13692517309604457	0.12654430008211892	-0.08458280972196415	0.2485729283916445	-0.4948193304804846	0.1699176256570222	-0.1065188671196052	0.11150226208070577	-0.23088563970634537	1.000000000000002	-0.5597500351034327	0.24626619918689108	-0.19149081536831822	0.16106005550508162	-0.4341666658114164	0.2643833161776791	-0.234897904294711	0.14242752861939484	-0.15872603758496748	0.16818193852252208	-0.19679172353101027	0.17129334742070654	-0.1288682758299277	0.13298675584924113	-0.11863674713055597	0.1710276988307457	-0.12409474888644573	0.12009596807130321
-0.007634510940686392	0.15477740919046862	-0.11067099358674486	0.10375888234730965	-0.10092759065525082	0.007579755689579959	-0.2401317445904375	0.1283661941227852	-0.13098961219413008	0.08613234236841288	-0.22710601286365784	0.2406425259866047	-0.17357279479736606	0.12094412095505908	-0.12796294969944252	0.17074259875208012	-0.5597500351034327	0.9999999999999986	-0.5233436676289678	0.20720308474492166	-0.14255343248520125	0.2892490808507183	-0.39424133876137585	0.27466542892833706	-0.17003009404691882	0.14265983419125972	-0.16955823503382558	0.20243988627874446	-0.19038856148797945	0.1381189926120748	-0.13548318214048394	0.11832287464794011	-0.1839107092902531	0.1316385351286078	-0.13345837553550277
0.006408246717852398	-0.13998325307554374	0.09695782617129646	-0.09708627203389537	0.09419283053069144	-0.006366229794656051	0.17691767296333433	-0.11001606493859276	0.126244217254224	-0.08646422229500934	0.1801367540945266	-0.18283574449527581	0.13711136755658324	-0.1680636874544377	0.14791293083277535	-0.14564380568683047	0.24626619918689108	-0.5233436676289678	0.9999999999999997	-0.37111257171663825	0.11952827194852217	-0.25682576072110014	0.2608857423275909	-0.6014468589263555	0.25092937692886247	-0.12834002690770857	0.14629594030168794	-0.18863474164129485	0.18784526977044028	-0.1757278313087837	0.1224009757018569	-0.11000444107996826	0.17158360097411468	-0.13795573048468412	0.15418380562851214
-0.006516004654742008	0.13165685373381936	-0.09498347738668081	0.0931939920904458	-0.0955836791155631	0.006459110479756065	-0.17469284484357103	0.1010993055483184	-0.12430090370053995	0.08346892616947951	-0.18557771637143677	0.15030366793338176	-0.12880110720790625	0.12283663914825299	-0.1463460506201998	0.1351240130138481	-0.19149081536831822	0.20720308474492166	-0.37111257171663825	0.9999999999999963	-0.11583605924239936	0.19008803311970068	-0.20642332845850128	0.30054334933385657	-0.7027922569782277	0.12371341244992612	-0.14701810898363465	0.17599524360978952	-0.24521947494984722	0.2638753868942131	-0.14185633219742577	0.12261567406481534	-0.22156417107789295	0.18074578732201263	-0.2842585051294102
0.007361371492568826	-0.1075191508883503	0.07164957201813352	-0.06825309030479557	0.06612403100681154	-0.0073191451343042465	0.1424667125078755	-0.07620233549349592	0.08223696035131933	-0.05403885748695822	0.2575332058634402	-0.14475375169891327	0.09461093622273006	-0.06253283379090221	0.06880033176333811	-0.6224923205662793	0.16106005550508162	-0.14255343248520125	0.11952827194852217	-0.11583605924239936	1.000000000000001	-0.23064936795337473	0.15916254089525414	-0.12658337763454616	0.08900309854946342	-0.6059443737049887	0.2533397077981024	-0.21252698067537856	0.15437980047845432	-0.0982479976241378	0.1527125726069396	-0.14349127221500763	0.16397151527467266	-0.11211141367896457	0.0946887612458884
-0.008770871576981785	0.15819442903343997	-0.11223064174134464	0.10468428170195157	-0.1037998226322201	0.00869571819068492	-0.24624843526275383	0.12261876798769838	-0.13149174249483087	0.08556713543413548	-0.27146677431773975	0.23052997420425234	-0.1583587065551498	0.10578479939330303	-0.1168931448995997	0.2130922338821382	-0.4341666658114164	0.2892490808507183	-0.25682576072110014	0.19008803311970068	-0.23064936795337473	0.9999999999999964	-0.6210667551100917	0.247060476406264	-0.16367297102070436	0.20232168357303007	-0.2747113229666793	0.27217736348265376	-0.23604602418253967	0.14952462986658185	-0.17802501868082804	0.1556349885325977	-0.2340476519170542	0.15835745394477532	-0.1490718754514858
0.006721691163330896	-0.12865999227809782	0.08892199291881377	-0.08500470267221093	0.08292092739847483	-0.006671690884884377	0.17916594587299803	-0.09831329015324196	0.10568454192785087	-0.07006046258223346	0.20003943245103953	-0.18116681404022206	0.12425002188060356	-0.09274051371609172	0.09919462062593346	-0.17189999130600336	0.2643833161776791	-0.39424133876137585	0.2608857423275909	-0.20642332845850128	0.15916254089525414	-0.6210667551100917	0.9999999999999987	-0.38564272187368925	0.17505039747638468	-0.1748286867697146	0.22229372149648066	-0.41218490714013223	0.21483030397171712	-0.14993672399671762	0.14467717842238906	-0.13542374885677916	0.20031938007105665	-0.14910366491317437	0.13851275008986602
-0.006610072169255894	0.13266348653072757	-0.09471337588266507	0.0919362602723915	-0.0924014860148769	0.006556283949498941	-0.18302316646366928	0.10321132398871873	-0.12125878822724176	0.08032887360328475	-0.19137854592714354	0.16570477771995584	-0.13218075677024646	0.12162099378459089	-0.1315017210964344	0.14496234354815787	-0.234897904294711	0.27466542892833706	-0.6014468589263555	0.30054334933385657	-0.12658337763454616	0.247060476406264	-0.38564272187368925	1.0000000000000007	-0.44828532843200447	0.13374989906365053	-0.16398748820298148	0.2058875614778482	-0.2450032036135566	0.20470407940801164	-0.13656270913563512	0.12059823122463786	-0.20073059990566366	0.16124010153664622	-0.1944178149556027
0.004758567215297613	-0.09735384233466621	0.06826790976974507	-0.0674310459255075	0.06737712621544772	-0.004720371186360189	0.12491120094933658	-0.07328036805970514	0.08723663009928118	-0.059284318245420235	0.1351113663233362	-0.11335428192887742	0.0919377945403959	-0.08801267496375131	0.09625791395891826	-0.1045909816687035	0.14242752861939484	-0.17003009404691882	0.25092937692886247	-0.7027922569782277	0.08900309854946342	-0.16367297102070436	0.17505039747638468	-0.44828532843200447	0.9999999999999993	-0.09759189813809131	0.11440221695770213	-0.14663583453382079	0.1920629805164689	-0.4046682165158414	0.10470059866285024	-0.09422717746137954	0.1644056606638891	-0.15390734928146763	0.23491369829161962
-0.00781545193649443	0.11144585478961279	-0.07653395609964771	0.07233959904793147	-0.07159994223258706	0.007738806676742363	-0.1540201744663318	0.08062239259916068	-0.08923146263658015	0.05808596326206162	-0.27484409531444476	0.14288526753199543	-0.10147874912011087	0.06710490272341585	-0.07466612281818041	0.28095333337359274	-0.15872603758496748	0.14265983419125972	-0.12834002690770857	0.12371341244992612	-0.6059443737049887	0.20232168357303007	-0.1748286867697146	0.13374989906365053	-0.09759189813809131	0.9999999999999956	-0.5616315699680168	0.2505406765076164	-0.19656298835686878	0.11109021215425084	-0.21842004909767443	0.18527368317914122	-0.20991846627484076	0.13404718738856025	-0.11087167941479092
0.006902670901073279	-0.11637047573588703	0.07825697971467303	-0.07498003784663017	0.07329153454078839	-0.0068502529773913036	0.15133543211186692	-0.08260340572694086	0.09147948118625189	-0.06018523450787612	0.21682054998196396	-0.1451288694009716	0.10283681523946286	-0.07138135190082141	0.0784545507036767	-0.2534236235283341	0.16818193852252208	-0.16955823503382558	0.14629594030168794	-0.14701810898363465	0.2533397077981024	-0.2747113229666793	0.22229372149648066	-0.16398748820298148	0.11440221695770213	-0.5616315699680168	0.9999999999999956	-0.556591930359988	0.22387950371562404	-0.1330102705582886	0.22412058489757253	-0.2900814997007664	0.23372543300966545	-0.1644768462674997	0.12655551946074237
-0.007575977149662503	0.12924933370819	-0.08940885200292255	0.08515081112778874	-0.08462009437578084	0.0075064804076589164	-0.17567708870694215	0.09449547975801705	-0.10631031016465362	0.06951509836445624	-0.23565470319415696	0.15956249914523038	-0.1194124052920699	0.08425345543386077	-0.09326507974347757	0.1987616667634663	-0.19679172353101027	0.20243988627874446	-0.18863474164129485	0.17599524360978952	-0.21252698067537856	0.27217736348265376	-0.41218490714013223	0.2058875614778482	-0.14663583453382079	0.2505406765076164	-0.556591930359988	0.9999999999999941	-0.41799754745971385	0.16971494306047688	-0.21603968993327202	0.20718222682581408	-0.35295944514624605	0.22427807556355703	-0.16937228523444042
0.00710759733784761	-0.13580333591685737	0.09046700140309871	-0.08820432236580578	0.08625489763344917	-0.007054958475035851	0.16457033760588577	-0.09420591142458824	0.10793138002010352	-0.07179073009854099	0.20297420963819168	-0.15272106715291714	0.1162766399245495	-0.08813032043159603	0.09636591351497532	-0.18517059194547184	0.17129334742070654	-0.19038856148797945	0.18784526977044028	-0.24521947494984722	0.15437980047845432	-0.23604602418253967	0.21483030397171712	-0.2450032036135566	0.1920629805164689	-0.19656298835686878	0.22387950371562404	-0.41799754745971385	0.9999999999999948	-0.33373809342257377	0.18624313878315457	-0.19614635263268465	0.31343253026884343	-0.5867381780194092	0.2717424626475422
-0.005128350122023631	0.09834919766665805	-0.06868129712712952	0.06676027198217128	-0.06731090716228393	0.005083195148688097	-0.12605835423063727	0.07172068678846638	-0.08547684588330651	0.05653552580250945	-0.14686394693537633	0.11026121520496601	-0.09017480462864699	0.07343264601772324	-0.08236350499892796	0.11402787341936124	-0.1288682758299277	0.1381189926120748	-0.1757278313087837	0.2638753868942131	-0.0982479976241378	0.14952462986658185	-0.14993672399671762	0.20470407940801164	-0.4046682165158414	0.11109021215425084	-0.1330102705582886	0.16971494306047688	-0.33373809342257377	0.9999999999999941	-0.13342591184150526	0.12232012378655474	-0.24969958422058264	0.2677865405729798	-0.7260084353659709
0.006496419676509948	-0.1188301669139317	0.07817135290927446	-0.075800229391723	0.0743098656674527	-0.006447336324510698	0.14061446197979582	-0.07960183787604186	0.09171699536229835	-0.06026990560319041	0.18723573195381532	-0.12767792995914992	0.09795858298038262	-0.06826777531041696	0.07569014627990173	-0.1830025373716549	0.13298675584924113	-0.13548318214048394	0.1224009757018569	-0.14185633219742577	0.1527125726069396	-0.17802501868082804	0.14467717842238906	-0.13656270913563512	0.10470059866285024	-0.21842004909767443	0.22412058489757253	-0.21603968993327202	0.18624313878315457	-0.13342591184150526	0.9999999999999942	-0.8012828132533713	0.26325327122893516	-0.17083459539640308	0.12609063673967733
-0.005646702763937723	0.09818836029448838	-0.06633009425058062	0.06372075507733227	-0.06322101973321854	0.005597366710971161	-0.12364608270737605	0.06819172230934141	-0.07845823283517676	0.05127706668929905	-0.16948394983378556	0.11027635692194801	-0.084901992345224	0.058942142959327544	-0.06563785753378004	0.15102061423417232	-0.11863674713055597	0.11832287464794011	-0.11000444107996826	0.12261567406481534	-0.14349127221500763	0.1556349885325977	-0.13542374885677916	0.12059823122463786	-0.09422717746137954	0.18527368317914122	-0.2900814997007664	0.20718222682581408	-0.19614635263268465	0.12232012378655474	-0.8012828132533713	0.9999999999999949	-0.38226763395087715	0.1716724858514391	-0.12498331964945729
0.007738050697984011	-0.14709591483867854	0.09688816267959151	-0.09442488383845701	0.09227203772207128	-0.00768099777974842	0.1736049117022985	-0.09946721146184823	0.11452511021498775	-0.0758182453509425	0.21871431576797573	-0.1590133853064335	0.12229239260826189	-0.08910924902712626	0.09808770981387613	-0.20030636177672131	0.1710276988307457	-0.1839107092902531	0.17158360097411468	-0.22156417107789295	0.16397151527467266	-0.2340476519170542	0.20031938007105665	-0.20073059990566366	0.1644056606638891	-0.20991846627484076	0.23372543300966545	-0.35295944514624605	0.31343253026884343	-0.24969958422058264	0.26325327122893516	-0.38226763395087715	0.9999999999999949	-0.5278266010153453	0.23622157793155307
-0.005341183603838262	0.09945251738406993	-0.06762081872442918	0.065528578885576	-0.06509598287680078	0.005296270831754483	-0.12417019293432066	0.07006031111450653	-0.0815679522269607	0.05380263814788577	-0.15422595958234378	0.11093374600911338	-0.08726248326009159	0.06560006109171124	-0.07277871719632086	0.12934461957896734	-0.12409474888644573	0.1316385351286078	-0.13795573048468412	0.18074578732201263	-0.11211141367896457	0.15835745394477532	-0.14910366491317437	0.16124010153664622	-0.15390734928146763	0.13404718738856025	-0.1644768462674997	0.22427807556355703	-0.5867381780194092	0.2677865405729798	-0.17083459539640308	0.1716724858514391	-0.5278266010153453	0.9999999999999948	-0.4662733487814502
0.0048734305073406415	-0.09597021783825628	0.06517441602691872	-0.0639525279660007	0.06327348862955048	-0.004834735134992579	0.11715748972032086	-0.06801075178022728	0.07994394874430269	-0.05353431101777739	0.13746902183989146	-0.10568428513974408	0.08433197148481926	-0.0694122210963124	0.07629193542165923	-0.1133021258885263	0.12009596807130321	-0.13345837553550277	0.15418380562851214	-0.2842585051294102	0.0946887612458884	-0.1490718754514858	0.13851275008986602	-0.1944178149556027	0.23491369829161962	-0.11087167941479092	0.12655551946074237	-0.16937228523444042	0.2717424626475422	-0.7260084353659709	0.12609063673967733	-0.12498331964945729	0.23622157793155307	-0.4662733487814502	0.9999999999999948
