1.0	-0.3182128117197278	0.2067990251738756	-0.1328488360984948	0.1643736741964004	-0.5859963619150164	0.22292139947133313	-0.20680464624244418	0.12425111143098574	-0.14219055608636919	0.30516507758522043	-0.4074871855171367	0.2233659923756132	-0.1983451589473297	0.14064973170837902	-0.28076758668208956	0.2234318949131696	-0.2089572420743869	0.16775002407146833	-0.17352774612187663	0.18486906337969228	-0.1476029121212634	0.15780680087633372	-0.11001893766676232	0.11428204984169082	-0.1415993960110174	0.13573720176199114	-0.13934056222480673	0.10670548257901295	-0.11509457708588466	0.09847258144558431	-0.12150883188956516	0.10722393048650002	-0.10687782169196339	0.10107203843520894	-0.056952163756392386	0.15614497095144947	-0.11632541062139196	0.1130588099864427	-0.11616444432782853	0.05251986056490582	-0.03625333732001795	0.048606939930169284	-0.04076206619192859	0.04744724998597244
-0.3182128117197278	0.9999999999999999	-0.6096347134078862	0.17977745964910258	-0.17672787970212883	0.15782265118365035	-0.5741335645410625	0.3125142499994289	-0.17618414112876546	0.13748920951831653	-0.16068765878099026	0.25874727746211656	-0.22590358627778268	0.156906815993178	-0.11835172997006123	0.139979271139666	-0.14699118773081954	0.15095697257720664	-0.13234302926121144	0.1296469076089037	-0.11693453873733269	0.09119753512646221	-0.10658228918059172	0.0731855435126609	-0.07901241088795348	0.08375637355710343	-0.08542020307128088	0.08870859743948036	-0.068855180153334	0.07232444963930548	-0.05995987947651957	0.07282848501307694	-0.06613903156856615	0.06521831472918296	-0.06279023144761936	0.034046615216746484	-0.09573726374709617	0.07018822016079306	-0.06966112550556426	0.06993026758284687	-0.03163185158174468	0.021898330687393094	-0.0293801281561389	0.024905458892888428	-0.029090825863557695
0.2067990251738756	-0.6096347134078862	0.9999999999999996	-0.3159983580535344	0.1863046966894105	-0.13474333217394524	0.31065680062203976	-0.5431465161018515	0.2130996353724256	-0.16528889345681155	0.1344507420672181	-0.2560848047282736	0.2349237938369233	-0.18414335839830598	0.13071440357102063	-0.1358460348650896	0.13819443219744218	-0.16844883213615758	0.14135902901859002	-0.14737679420418592	0.11217935660619008	-0.0904409304647835	0.10775645119309049	-0.07796297583119761	0.08267890304239447	-0.08494533764428232	0.08498757429265126	-0.09165463849729291	0.07096204375047559	-0.0755912869074818	0.060196146309517966	-0.07377301329633247	0.06686070951155375	-0.0665523460288251	0.06408272160329273	-0.034166988026924736	0.09505449381289728	-0.0713980295750742	0.07019345821217914	-0.07223184764401919	0.031577594894146487	-0.021854574232464487	0.02928121110971354	-0.0252121278395129	0.029363135974590372
-0.1328488360984948	0.17977745964910258	-0.3159983580535344	0.9999999999999996	-0.3792123380429817	0.08109327973178583	-0.14946571678207932	0.18701648479525998	-0.7912400621257564	0.2681589674688758	-0.0852858600062381	0.14204642705961432	-0.15573011700450565	0.1525810722278651	-0.14992846943011182	0.09014350125280227	-0.09686051077511078	0.11640650200225233	-0.1192324462956993	0.1432960471471625	-0.08316548745303125	0.06587729905344313	-0.08148361523390765	0.0668034063506451	-0.0731919378272182	0.06266542831347402	-0.06359092964733468	0.06839107794700706	-0.05684637058647444	0.06027651518156958	-0.04528902946067858	0.055111053736065174	-0.051247356451687306	0.0514538810541081	-0.05056796138997327	0.026301608589756584	-0.07418708236519188	0.054469848524026594	-0.05487395291397949	0.05642698909226522	-0.024459173086002196	0.016960438976073335	-0.02275898460417478	0.01968961919679484	-0.022974802316532046
0.1643736741964004	-0.17672787970212883	0.1863046966894105	-0.3792123380429817	0.9999999999999997	-0.10800839410231264	0.14630568926421167	-0.17374214509602479	0.281986601589659	-0.7108784506800883	0.11248115691505814	-0.18938721816080017	0.18787934710910836	-0.23600075162228937	0.25805943507752765	-0.1315141093173843	0.13749899939167548	-0.1736366629188144	0.17876656989316764	-0.3013538092505072	0.1251525390090779	-0.10092600926986586	0.12514769787780006	-0.1241658738394784	0.12913211012323056	-0.10045007090472591	0.099199653696684	-0.10918229624055563	0.09634085699381494	-0.10551379083185025	0.07232770524562121	-0.08875576677229621	0.08324193920140524	-0.08575576083193558	0.08518182476891938	-0.04309438115095264	0.12017033411452221	-0.08958754510906843	0.0905275321031952	-0.09737501766720402	0.03992186759162382	-0.027683613898119373	0.037128492764451834	-0.03279469729510853	0.038121202271622356
-0.5859963619150164	0.15782265118365035	-0.13474333217394524	0.08109327973178583	-0.10800839410231264	1.0000000000000004	-0.155325701707776	0.1284528207732616	-0.07932252166850165	0.08731488553848563	-0.6875201776393189	0.25792468389857875	-0.15763647729904148	0.12197679164889776	-0.08955981338713108	0.22699892972763322	-0.20136153365714055	0.13689060554846033	-0.11342976135866575	0.10496025526936102	-0.14629820900219398	0.10721815477759741	-0.10849835873216744	0.06789104247627255	-0.07234268848133599	0.092185718612273	-0.09456355648986112	0.09123447622246791	-0.06810511319184913	0.07133017821297545	-0.06486597855830997	0.07863365334254396	-0.06876848939536191	0.06692246188776654	-0.06330581365050217	0.03545364556331394	-0.09889427867180191	0.0729075631071279	-0.07123622669108177	0.0706693335482701	-0.03283647838020704	0.022679727633955506	-0.030406567316508627	0.025429801445322312	-0.029695311521563964
0.22292139947133313	-0.5741335645410625	0.31065680062203976	-0.14946571678207932	0.14630568926421167	-0.155325701707776	1.0	-0.5683268351737194	0.1408497250090981	-0.12495445533443694	0.1629307790655363	-0.42873486305184005	0.24934580609074133	-0.17024775774916232	0.11570734285185134	-0.14430845082419308	0.14920084175070347	-0.1650129004637682	0.135841678053	-0.13093888823183733	0.11412789833412632	-0.09116238864171065	0.10626604577697556	-0.07244856308682136	0.07723038588613784	-0.08307482825587091	0.08425915645269393	-0.08916075289132493	0.06780449813295941	-0.07159376816436691	0.058894574742390654	-0.07191392261350692	0.06477284444092977	-0.06391889944922935	0.06130767957517795	-0.03294971688695801	0.09198205021778333	-0.0688193647209712	0.06756896891448287	-0.06861478320227782	0.030483741469800138	-0.021093930484105756	0.0282640011292674	-0.02419778052239202	0.028210815893545557
-0.20680464624244418	0.3125142499994289	-0.5431465161018515	0.18701648479525998	-0.17374214509602479	0.1284528207732616	-0.5683268351737194	1.0000000000000002	-0.20239372399264924	0.14478493472107282	-0.1417099112934805	0.26410227013858045	-0.4240590911843767	0.19225748752417277	-0.13301533132986174	0.13508488082616865	-0.14886467439292694	0.1818152875407311	-0.1559103398815944	0.14185714714977982	-0.1149097882538391	0.09181294175108883	-0.11284732497947156	0.07585159268923132	-0.08191750629481369	0.0834832123275944	-0.08591650079923588	0.09212479247099943	-0.07032154509383319	0.07366559385591816	-0.05965361511837701	0.07261888239602445	-0.06612331508379278	0.06510370390560619	-0.06279346406869084	0.03333391523593698	-0.09361492453067011	0.06985079633844068	-0.06893988091902131	0.06974992205179217	-0.030890243299253	0.021393879710142016	-0.028669539965677508	0.024645352191638943	-0.028751953373236647
0.12425111143098574	-0.17618414112876546	0.2130996353724256	-0.7912400621257564	0.281986601589659	-0.07932252166850165	0.1408497250090981	-0.20239372399264924	0.9999999999999987	-0.416380080063908	0.08282257600443349	-0.14360317894305705	0.15328119854460212	-0.17823604519773906	0.16385748507450984	-0.09001785751791927	0.09572879107901569	-0.12070718233108299	0.12415452307314363	-0.16068756762334316	0.08166950857249623	-0.06550469086453452	0.08117215672551718	-0.06901029598225489	0.07466399652549423	-0.06251331739991878	0.06305794365621309	-0.06871871658435737	0.0572165219822923	-0.061095336255127544	0.04493077703098906	-0.05488010657545688	0.05088769708362573	-0.05131449390884055	0.05046102722799598	-0.025950865760470558	0.07282526757644245	-0.054188131161103895	0.05433288686101381	-0.0565907668916023	0.024066119929807672	-0.01668529472421645	0.02237172462325362	-0.01953710436937052	0.022761821890800872
-0.14219055608636919	0.13748920951831653	-0.16528889345681155	0.2681589674688758	-0.7108784506800883	0.08731488553848563	-0.12495445533443694	0.14478493472107282	-0.416380080063908	0.9999999999999994	-0.0934932834192118	0.14791501178248428	-0.17160812752487262	0.20665231395394767	-0.38927573222028194	0.10516586685153155	-0.11582131543927777	0.14303181410370044	-0.16484521486316728	0.2433141598141469	-0.10319481164991699	0.08161997180036887	-0.10377757525810201	0.09682695317572254	-0.1100897764870922	0.07853433461774761	-0.08012811358105489	0.08707569094863789	-0.0768924020587104	0.08147335948380675	-0.057307229374572326	0.06960875303594152	-0.0658367086572046	0.06681598526141744	-0.06685008300996427	0.03363832169001857	-0.09544793326947787	0.0697990838344481	-0.07136927931522277	0.0741553101197869	-0.03134426290051228	0.021765208837863825	-0.029216096444395677	0.025628049828977893	-0.02990710731577858
0.30516507758522043	-0.16068765878099026	0.1344507420672181	-0.0852858600062381	0.11248115691505814	-0.6875201776393189	0.1629307790655363	-0.1417099112934805	0.08282257600443349	-0.0934932834192118	1.0000000000000007	-0.4202765826199728	0.17748386203149316	-0.13930112582876047	0.09814127185051572	-0.400063008872651	0.23221309399539541	-0.16054890619682116	0.12645172000238541	-0.11704767529686422	0.16014261213231717	-0.12279241746128282	0.11867566201348956	-0.07435647905533395	0.07829377865374437	-0.10315423758373371	0.10392790535596542	-0.10146358754554989	0.07410502479112349	-0.07819631629830967	0.07107460533147529	-0.08700695168082288	0.07457848936253314	-0.07270047274330521	0.06833634687940636	-0.0379829782585518	0.10459781232615811	-0.07933634471219271	0.076294510690764	-0.07684204046262241	0.03494791814772878	-0.02411039762221265	0.03226406877985476	-0.02730366696453085	0.03179969092152417
-0.4074871855171367	0.25874727746211656	-0.2560848047282736	0.14204642705961432	-0.18938721816080017	0.25792468389857875	-0.42873486305184005	0.26410227013858045	-0.14360317894305705	0.14791501178248428	-0.4202765826199728	0.9999999999999998	-0.4164452479204058	0.21728699577755506	-0.15780176440849103	0.24861672109523475	-0.2992861033569147	0.2306168543379902	-0.20047013456633805	0.1719605991196445	-0.1980205254209184	0.15123396747873072	-0.16874558275472706	0.10423093065372141	-0.11374076841649808	0.1297253040567802	-0.13713436669877557	0.13621736677466226	-0.10270754828086451	0.10599093237547046	-0.09318869404848078	0.11218001865514544	-0.10076198513491406	0.09770144686167537	-0.09354127062638395	0.05126606860209075	-0.14521115823529318	0.10570922858503341	-0.10479271120481998	0.10265634609108203	-0.04772536215349291	0.03303224818195398	-0.044319792937028	0.03725081545625235	-0.04359448391030659
0.2233659923756132	-0.22590358627778268	0.2349237938369233	-0.15573011700450565	0.18787934710910836	-0.15763647729904148	0.24934580609074133	-0.4240590911843767	0.15328119854460212	-0.17160812752487262	0.17748386203149316	-0.4164452479204058	1.0000000000000022	-0.46601187466524063	0.20773819868877977	-0.20129832699540087	0.21775130473277987	-0.4404776157262753	0.2794702766061421	-0.23617198059857436	0.1616105270302904	-0.13760258217485732	0.1761266891252851	-0.11579236077429883	0.12178059408654704	-0.12371821087692589	0.12619118158497042	-0.14662885881210957	0.10505936174891033	-0.11116466842340737	0.08674841754297542	-0.10699170038968496	0.09650051679661932	-0.0951355721187809	0.09110239651482627	-0.04697845727731857	0.13013567422778888	-0.1020420564922526	0.09824376931133703	-0.10199915910617799	0.0431411319154575	-0.029868493641759416	0.03990336341479686	-0.03523253109023266	0.04092893031953896
-0.1983451589473297	0.156906815993178	-0.18414335839830598	0.1525810722278651	-0.23600075162228937	0.12197679164889776	-0.17024775774916232	0.19225748752417277	-0.17823604519773906	0.20665231395394767	-0.13930112582876047	0.21728699577755506	-0.46601187466524063	0.9999999999999998	-0.4533744108318922	0.159328150206285	-0.19360128155454645	0.28895762921089774	-0.552522478250217	0.2967503281370029	-0.14824720589352341	0.12084706232887402	-0.16380103178142988	0.12192505787825951	-0.13808703301117983	0.10851905374311172	-0.11478326187937202	0.12826483571071665	-0.10218922910087022	0.10527257767634851	-0.0783479299724924	0.09515556247767532	-0.08849063892149454	0.08740434564016444	-0.08609006495761626	0.0430780091807716	-0.12195194176562105	0.09226054904609342	-0.09195702795709247	0.09400548952530387	-0.039916169500689616	0.027702517182532478	-0.037085715745723245	0.032815401881797684	-0.03826640715975904
0.14064973170837902	-0.11835172997006123	0.13071440357102063	-0.14992846943011182	0.25805943507752765	-0.08955981338713108	0.11570734285185134	-0.13301533132986174	0.16385748507450984	-0.38927573222028194	0.09814127185051572	-0.15780176440849103	0.20773819868877977	-0.4533744108318922	0.9999999999999988	-0.11757788616516934	0.1325424709420935	-0.19514232166369622	0.2560921961965142	-0.6853462559078807	0.11213388344589399	-0.0919254038217836	0.12103169581884642	-0.13889950229107847	0.1530236262079241	-0.08701248891148217	0.08936395148217671	-0.10215776991051001	0.0938810081640817	-0.10123874974134245	0.06286608588485089	-0.07693556066795376	0.07280086767844177	-0.0749995854277294	0.07617151937195865	-0.03552418968410703	0.09998824912254142	-0.07679582656633613	0.07795180297431982	-0.08461074135632783	0.03283526004367792	-0.022821921563985416	0.030535795277322246	-0.028118653794962124	0.03265624728738138
-0.28076758668208956	0.139979271139666	-0.1358460348650896	0.09014350125280227	-0.1315141093173843	0.22699892972763322	-0.14430845082419308	0.13508488082616865	-0.09001785751791927	0.10516586685153155	-0.400063008872651	0.24861672109523475	-0.20129832699540087	0.159328150206285	-0.11757788616516934	0.9999999999999982	-0.6849165594577513	0.22312650741790976	-0.17637162340292906	0.13779969659368257	-0.34911985780490323	0.222595857780747	-0.18002246594557558	0.09475676496655133	-0.10062509268088665	0.15532540682824117	-0.17037060386617314	0.14731883124905523	-0.10073650334820043	0.10328509518201529	-0.10592713642930299	0.12762614528113667	-0.10408000671329605	0.09810511648169054	-0.09084535476142828	0.050595726124224874	-0.1392824849143214	0.10793901436602421	-0.10187312346183189	0.09990622765960215	-0.04635967794315077	0.03190347902035245	-0.04258466965000341	0.03613364253567297	-0.04209480264955756
0.2234318949131696	-0.14699118773081954	0.13819443219744218	-0.09686051077511078	0.13749899939167548	-0.20136153365714055	0.14920084175070347	-0.14886467439292694	0.09572879107901569	-0.11582131543927777	0.23221309399539541	-0.2992861033569147	0.21775130473277987	-0.19360128155454645	0.1325424709420935	-0.6849165594577513	1.0000000000000009	-0.36981667956859204	0.2034313803349931	-0.16463675409294565	0.264744845309512	-0.30461124642644255	0.2001343258623923	-0.10757657104501184	0.11099420102258296	-0.17605446529391428	0.18587777663808694	-0.17279517819434864	0.11171568761867383	-0.11695897118795422	0.11536140659104235	-0.14414860567666327	0.11401879773793681	-0.10844616716722971	0.09926224111562289	-0.054331085836241	0.14638053010244526	-0.11950966633235054	0.10956690324229777	-0.11097767034632544	0.04923284484391155	-0.033845823016036176	0.04503641540805868	-0.03909570821720655	0.045315849031507816
-0.2089572420743869	0.15095697257720664	-0.16844883213615758	0.11640650200225233	-0.1736366629188144	0.13689060554846033	-0.1650129004637682	0.1818152875407311	-0.12070718233108299	0.14303181410370044	-0.16054890619682116	0.2306168543379902	-0.4404776157262753	0.28895762921089774	-0.19514232166369622	0.22312650741790976	-0.36981667956859204	1.000000000000002	-0.58716198856875	0.22269105398151978	-0.19420975550990702	0.17335210840009982	-0.3148869087470505	0.1231404147976349	-0.1326229561338712	0.1395045216951694	-0.1563350017925287	0.18980862697587148	-0.1224328493856893	0.12232365680050732	-0.09902555395876035	0.12099423953201446	-0.11100596866920875	0.10502356394329043	-0.10012512568325249	0.0503346082413428	-0.14137744392509977	0.11292645146925041	-0.10758187046850039	0.10860139106499907	-0.04621687346874323	0.032039520959061644	-0.04272528144793119	0.03816559052985734	-0.04438735178326518
0.16775002407146833	-0.13234302926121144	0.14135902901859002	-0.1192324462956993	0.17876656989316764	-0.11342976135866575	0.135841678053	-0.1559103398815944	0.12415452307314363	-0.16484521486316728	0.12645172000238541	-0.20047013456633805	0.2794702766061421	-0.552522478250217	0.2560921961965142	-0.17637162340292906	0.2034313803349931	-0.58716198856875	1.000000000000001	-0.3906929360034763	0.14786898817681465	-0.13096447242309497	0.18163965881147354	-0.1379490456761467	0.14199689127060908	-0.11544244061191161	0.12001769583743621	-0.14874064719135682	0.10853765423910833	-0.11323059759097336	0.08105894217128469	-0.1002720809328915	0.09166893842643577	-0.09071545034989244	0.08812517111018167	-0.04290673210459411	0.11921363860355907	-0.09591686383471298	0.09239063053884705	-0.0974769689843636	0.039306861407903244	-0.02725745311681567	0.036354369189252556	-0.03311873333800879	0.038409625491017375
-0.17352774612187663	0.1296469076089037	-0.14737679420418592	0.1432960471471625	-0.3013538092505072	0.10496025526936102	-0.13093888823183733	0.14185714714977982	-0.16068756762334316	0.2433141598141469	-0.11704767529686422	0.1719605991196445	-0.23617198059857436	0.2967503281370029	-0.6853462559078807	0.13779969659368257	-0.16463675409294565	0.22269105398151978	-0.3906929360034763	0.9999999999999996	-0.13960464847465462	0.11196693259386646	-0.15243344420786753	0.1758105001080986	-0.25802158819781834	0.10445544487502391	-0.11024134656043928	0.12400440469479093	-0.12012551910186069	0.1243694590736377	-0.0767611617334546	0.09301580902460799	-0.08948112700441264	0.09160955381731131	-0.09482225781855047	0.04340702355636172	-0.12407744890952416	0.09320276539799613	-0.09651284312242653	0.10210125701705919	-0.04035291460084224	0.028090645044321395	-0.037628389873813124	0.034573722821557434	-0.04029997874800394
0.18486906337969228	-0.11693453873733269	0.11217935660619008	-0.08316548745303125	0.1251525390090779	-0.14629820900219398	0.11412789833412632	-0.1149097882538391	0.08166950857249623	-0.10319481164991699	0.16014261213231717	-0.1980205254209184	0.1616105270302904	-0.14824720589352341	0.11213388344589399	-0.34911985780490323	0.264744845309512	-0.19420975550990702	0.14786898817681465	-0.13960464847465462	1.0000000000000016	-0.633272002143797	0.24386296017175904	-0.12360713052507508	0.12414385285451489	-0.3567629620534524	0.2989131136105036	-0.23812813556895196	0.1432350465166074	-0.15177450093895253	0.19727564235540798	-0.2534230761155323	0.16655737201933582	-0.15472936933318962	0.1330225335727187	-0.07886137536784173	0.19987758826895782	-0.17663912607140037	0.14981908151913492	-0.1510843865868644	0.06959951975581337	-0.04730147671561441	0.06248904484430709	-0.05349682932391357	0.06159744096568538
-0.1476029121212634	0.09119753512646221	-0.0904409304647835	0.06587729905344313	-0.10092600926986586	0.10721815477759741	-0.09116238864171065	0.09181294175108883	-0.06550469086453452	0.08161997180036887	-0.12279241746128282	0.15123396747873072	-0.13760258217485732	0.12084706232887402	-0.0919254038217836	0.222595857780747	-0.30461124642644255	0.17335210840009982	-0.13096447242309497	0.11196693259386646	-0.633272002143797	0.9999999999999999	-0.328783326483894	0.10296683816517493	-0.10479806525839232	0.2533935004872862	-0.5277801165044442	0.24231459664855776	-0.13060123130303178	0.12771387938538348	-0.17235428167718478	0.20404777214630254	-0.14516940600617997	0.12541535907969814	-0.11018043646495856	0.0619153150862796	-0.16595489745475342	0.1411931122964535	-0.12354161251706099	0.11883000167642949	-0.0556303883002365	0.03790116068787379	-0.05016572264593724	0.04325657995584588	-0.05010340513382031
0.15780680087633372	-0.10658228918059172	0.10775645119309049	-0.08148361523390765	0.12514769787780006	-0.10849835873216744	0.10626604577697556	-0.11284732497947156	0.08117215672551718	-0.10377757525810201	0.11867566201348956	-0.16874558275472706	0.1761266891252851	-0.16380103178142988	0.12103169581884642	-0.18002246594557558	0.2001343258623923	-0.3148869087470505	0.18163965881147354	-0.15243344420786753	0.24386296017175904	-0.328783326483894	0.9999999999999991	-0.16485855072637629	0.15169958451295282	-0.2346929742590589	0.271024437928107	-0.6883718274570686	0.2143926135913696	-0.21816994363956965	0.15773493291683818	-0.20528013054152777	0.19484944720298047	-0.17541766437664244	0.15349356585160515	-0.07057745287299437	0.19116888960885262	-0.19429770148999578	0.1587288935647775	-0.16878704879666376	0.06272832462644372	-0.043578313665544606	0.05733716273904407	-0.056339884289450484	0.06448581504335522
-0.11001893766676232	0.0731855435126609	-0.07796297583119761	0.0668034063506451	-0.1241658738394784	0.06789104247627255	-0.07244856308682136	0.07585159268923132	-0.06901029598225489	0.09682695317572254	-0.07435647905533395	0.10423093065372141	-0.11579236077429883	0.12192505787825951	-0.13889950229107847	0.09475676496655133	-0.10757657104501184	0.1231404147976349	-0.1379490456761467	0.1758105001080986	-0.12360713052507508	0.10296683816517493	-0.16485855072637629	0.9999999999999981	-0.8106296418383077	0.10443074079600045	-0.11584906857288531	0.15797420176203797	-0.4009368613728861	0.25135961111724137	-0.07994625322625523	0.09764894828407608	-0.10668412938543467	0.1223987417296333	-0.14979326643175944	0.04430282168200307	-0.12817905243274552	0.10637446273601477	-0.12183966691405385	0.1443685521733487	-0.04077142845871781	0.028711000813390293	-0.03820603201881829	0.04374249281224664	-0.050645605323001
0.11428204984169082	-0.07901241088795348	0.08267890304239447	-0.0731919378272182	0.12913211012323056	-0.07234268848133599	0.07723038588613784	-0.08191750629481369	0.07466399652549423	-0.1100897764870922	0.07829377865374437	-0.11374076841649808	0.12178059408654704	-0.13808703301117983	0.1530236262079241	-0.10062509268088665	0.11099420102258296	-0.1326229561338712	0.14199689127060908	-0.25802158819781834	0.12414385285451489	-0.10479806525839232	0.15169958451295282	-0.8106296418383077	0.9999999999999951	-0.11069283722960375	0.11443538374284781	-0.1541867205576213	0.26155984051998954	-0.312995100361656	0.08274996587719523	-0.10304299475162286	0.1096993848322309	-0.13332750269739602	0.15702828195066804	-0.04694477714444799	0.13221502251296421	-0.11446796758742232	0.1275009870891819	-0.17290130791481811	0.04279747427001429	-0.03010639541992447	0.03998714994948575	-0.047434694631332874	0.0541621799151146
-0.1415993960110174	0.08375637355710343	-0.08494533764428232	0.06266542831347402	-0.10045007090472591	0.092185718612273	-0.08307482825587091	0.0834832123275944	-0.06251331739991878	0.07853433461774761	-0.10315423758373371	0.1297253040567802	-0.12371821087692589	0.10851905374311172	-0.08701248891148217	0.15532540682824117	-0.17605446529391428	0.1395045216951694	-0.11544244061191161	0.10445544487502391	-0.3567629620534524	0.2533935004872862	-0.2346929742590589	0.10443074079600045	-0.11069283722960375	0.9999999999999996	-0.48799586075870205	0.21602477279040952	-0.13683915642839686	0.13196900014517393	-0.6050742045242163	0.31617041411682445	-0.19332555018334482	0.1531271535405852	-0.13060232840346073	0.09459800529219593	-0.232408078836005	0.17744625518855783	-0.15746599761522054	0.13519840241311532	-0.08598793485423538	0.05505854352296244	-0.07341517573673802	0.05391279960431503	-0.0630019363741868
0.13573720176199114	-0.08542020307128088	0.08498757429265126	-0.06359092964733468	0.099199653696684	-0.09456355648986112	0.08425915645269393	-0.08591650079923588	0.06305794365621309	-0.08012811358105489	0.10392790535596542	-0.13713436669877557	0.12619118158497042	-0.11478326187937202	0.08936395148217671	-0.17037060386617314	0.18587777663808694	-0.1563350017925287	0.12001769583743621	-0.11024134656043928	0.2989131136105036	-0.5277801165044442	0.271024437928107	-0.11584906857288531	0.11443538374284781	-0.48799586075870205	0.9999999999999987	-0.391312859448241	0.15507221285862596	-0.1529709301957316	0.25697643403561843	-0.37920242790927733	0.189702927593049	-0.15716971393428028	0.12930711301029754	-0.07554707850603269	0.19384160257680821	-0.18151466527421392	0.14570393087382835	-0.13921986652041432	0.06644510113236855	-0.044789875190758624	0.058874975220179274	-0.05079561354842723	0.05847332801268918
-0.13934056222480673	0.08870859743948036	-0.09165463849729291	0.06839107794700706	-0.10918229624055563	0.09123447622246791	-0.08916075289132493	0.09212479247099943	-0.06871871658435737	0.08707569094863789	-0.10146358754554989	0.13621736677466226	-0.14662885881210957	0.12826483571071665	-0.10215776991051001	0.14731883124905523	-0.17279517819434864	0.18980862697587148	-0.14874064719135682	0.12400440469479093	-0.23812813556895196	0.24231459664855776	-0.6883718274570686	0.15797420176203797	-0.1541867205576213	0.21602477279040952	-0.391312859448241	0.9999999999999991	-0.325470150381793	0.21662872696653696	-0.16342343022331043	0.20065843419657556	-0.25886725458562115	0.17753124141112056	-0.16077211546074427	0.06779731188467332	-0.19642398710284162	0.19121775617021247	-0.1646606726706408	0.15907431827586418	-0.06115266801004831	0.04276506800954304	-0.05628914745255838	0.05625150705037053	-0.06498105205202008
0.10670548257901295	-0.068855180153334	0.07096204375047559	-0.05684637058647444	0.09634085699381494	-0.06810511319184913	0.06780449813295941	-0.07032154509383319	0.0572165219822923	-0.0768924020587104	0.07410502479112349	-0.10270754828086451	0.10505936174891033	-0.10218922910087022	0.0938810081640817	-0.10073650334820043	0.11171568761867383	-0.1224328493856893	0.10853765423910833	-0.12012551910186069	0.1432350465166074	-0.13060123130303178	0.2143926135913696	-0.4009368613728861	0.26155984051998954	-0.13683915642839686	0.15507221285862596	-0.325470150381793	0.9999999999999987	-0.7149114906787688	0.1030732188609991	-0.13053321130322473	0.15013945063991557	-0.1952646041998938	0.2286030373331092	-0.053491716413531606	0.15244836394136949	-0.14665070753414758	0.16380094096081113	-0.2256902471908488	0.048325109652173015	-0.034209681420322546	0.045142756808270706	-0.05974724508188085	0.06785757991976248
-0.11509457708588466	0.07232444963930548	-0.0755912869074818	0.06027651518156958	-0.10551379083185025	0.07133017821297545	-0.07159376816436691	0.07366559385591816	-0.061095336255127544	0.08147335948380675	-0.07819631629830967	0.10599093237547046	-0.11116466842340737	0.10527257767634851	-0.10123874974134245	0.10328509518201529	-0.11695897118795422	0.12232365680050732	-0.11323059759097336	0.1243694590736377	-0.15177450093895253	0.12771387938538348	-0.21816994363956965	0.25135961111724137	-0.312995100361656	0.13196900014517393	-0.1529709301957316	0.21662872696653696	-0.7149114906787688	0.9999999999999967	-0.1050011850889154	0.1281508447260956	-0.1552726364470597	0.1964030271320427	-0.40103547488958285	0.05702943515993127	-0.16848234578319402	0.14720129577711774	-0.18995463568624824	0.23744873544991862	-0.05232530876777618	0.037209625560886604	-0.049316274273462316	0.0669581392140901	-0.07794892470724732
0.09847258144558431	-0.05995987947651957	0.060196146309517966	-0.04528902946067858	0.07232770524562121	-0.06486597855830997	0.058894574742390654	-0.05965361511837701	0.04493077703098906	-0.057307229374572326	0.07107460533147529	-0.09318869404848078	0.08674841754297542	-0.0783479299724924	0.06286608588485089	-0.10592713642930299	0.11536140659104235	-0.09902555395876035	0.08105894217128469	-0.0767611617334546	0.19727564235540798	-0.17235428167718478	0.15773493291683818	-0.07994625322625523	0.08274996587719523	-0.6050742045242163	0.25697643403561843	-0.16342343022331043	0.1030732188609991	-0.1050011850889154	0.9999999999999979	-0.6713944387767686	0.19249962638665238	-0.14771932952262753	0.10763584736180694	-0.10165309133271093	0.1886436182367673	-0.18320827897599523	0.13150985773289248	-0.11489757178345496	0.08140725444765642	-0.049330078172150196	0.06451523067475312	-0.04526534103709064	0.05195767503487511
-0.12150883188956516	0.07282848501307694	-0.07377301329633247	0.055111053736065174	-0.08875576677229621	0.07863365334254396	-0.07191392261350692	0.07261888239602445	-0.05488010657545688	0.06960875303594152	-0.08700695168082288	0.11218001865514544	-0.10699170038968496	0.09515556247767532	-0.07693556066795376	0.12762614528113667	-0.14414860567666327	0.12099423953201446	-0.1002720809328915	0.09301580902460799	-0.2534230761155323	0.20404777214630254	-0.20528013054152777	0.09764894828407608	-0.10304299475162286	0.31617041411682445	-0.37920242790927733	0.20065843419657556	-0.13053321130322473	0.1281508447260956	-0.6713944387767686	0.999999999999999	-0.33952273204472716	0.1855615634748271	-0.13951730015827962	0.09843501492004118	-0.27348085341853257	0.22640483065806802	-0.17595429002676052	0.14116500388699807	-0.08704119582188591	0.05748292262557819	-0.07491638415737488	0.05819662585829122	-0.06751995176085615
0.10722393048650002	-0.06613903156856615	0.06686070951155375	-0.051247356451687306	0.08324193920140524	-0.06876848939536191	0.06477284444092977	-0.06612331508379278	0.05088769708362573	-0.0658367086572046	0.07457848936253314	-0.10076198513491406	0.09650051679661932	-0.08849063892149454	0.07280086767844177	-0.10408000671329605	0.11401879773793681	-0.11100596866920875	0.09166893842643577	-0.08948112700441264	0.16655737201933582	-0.14516940600617997	0.19484944720298047	-0.10668412938543467	0.1096993848322309	-0.19332555018334482	0.189702927593049	-0.25886725458562115	0.15013945063991557	-0.1552726364470597	0.19249962638665238	-0.33952273204472716	0.9999999999999988	-0.4779872766043376	0.19433521587666797	-0.08615403855338806	0.2685262087845791	-0.637108184098714	0.2554357988014725	-0.19364975561513648	0.07431008082396227	-0.054554249485303394	0.0693553036196178	-0.08095288840260725	0.09050753918738491
-0.10687782169196339	0.06521831472918296	-0.0665523460288251	0.0514538810541081	-0.08575576083193558	0.06692246188776654	-0.06391889944922935	0.06510370390560619	-0.05131449390884055	0.06681598526141744	-0.07270047274330521	0.09770144686167537	-0.0951355721187809	0.08740434564016444	-0.0749995854277294	0.09810511648169054	-0.10844616716722971	0.10502356394329043	-0.09071545034989244	0.09160955381731131	-0.15472936933318962	0.12541535907969814	-0.17541766437664244	0.1223987417296333	-0.13332750269739602	0.1531271535405852	-0.15716971393428028	0.17753124141112056	-0.1952646041998938	0.1964030271320427	-0.14771932952262753	0.1855615634748271	-0.4779872766043376	0.9999999999999992	-0.41930706642860327	0.07810904297126321	-0.24837425923689357	0.2739020397427626	-0.5865503974292937	0.29004031145254294	-0.07031830596538548	0.05185400667150051	-0.06751944923210736	0.1405012948692278	-0.1614968097849913
0.10107203843520894	-0.06279023144761936	0.06408272160329273	-0.05056796138997327	0.08518182476891938	-0.06330581365050217	0.06130767957517795	-0.06279346406869084	0.05046102722799598	-0.06685008300996427	0.06833634687940636	-0.09354127062638395	0.09110239651482627	-0.08609006495761626	0.07617151937195865	-0.09084535476142828	0.09926224111562289	-0.10012512568325249	0.08812517111018167	-0.09482225781855047	0.1330225335727187	-0.11018043646495856	0.15349356585160515	-0.14979326643175944	0.15702828195066804	-0.13060232840346073	0.12930711301029754	-0.16077211546074427	0.2286030373331092	-0.40103547488958285	0.10763584736180694	-0.13951730015827962	0.19433521587666797	-0.41930706642860327	1.0000000000000002	-0.06326973676875214	0.18207528914014987	-0.1967362207086641	0.2830919939616385	-0.6847802941615296	0.056707555897371094	-0.04117249598076918	0.053993749648596205	-0.11019151643752748	0.12256148339789724
-0.056952163756392386	0.034046615216746484	-0.034166988026924736	0.026301608589756584	-0.04309438115095264	0.03545364556331394	-0.03294971688695801	0.03333391523593698	-0.025950865760470558	0.03363832169001857	-0.0379829782585518	0.05126606860209075	-0.04697845727731857	0.0430780091807716	-0.03552418968410703	0.050595726124224874	-0.054331085836241	0.0503346082413428	-0.04290673210459411	0.04340702355636172	-0.07886137536784173	0.0619153150862796	-0.07057745287299437	0.04430282168200307	-0.04694477714444799	0.09459800529219593	-0.07554707850603269	0.06779731188467332	-0.053491716413531606	0.05702943515993127	-0.10165309133271093	0.09843501492004118	-0.08615403855338806	0.07810904297126321	-0.06326973676875214	0.9999999999999988	-0.24669683899111194	0.1130409488064049	-0.08320597124781862	0.07229440412073215	-0.8290597847957555	0.27172490449508324	-0.3786539517788855	0.03701209488520499	-0.041308625963591694
0.15614497095144947	-0.09573726374709617	0.09505449381289728	-0.07418708236519188	0.12017033411452221	-0.09889427867180191	0.09198205021778333	-0.09361492453067011	0.07282526757644245	-0.09544793326947787	0.10459781232615811	-0.14521115823529318	0.13013567422778888	-0.12195194176562105	0.09998824912254142	-0.1392824849143214	0.14638053010244526	-0.14137744392509977	0.11921363860355907	-0.12407744890952416	0.19987758826895782	-0.16595489745475342	0.19116888960885262	-0.12817905243274552	0.13221502251296421	-0.232408078836005	0.19384160257680821	-0.19642398710284162	0.15244836394136949	-0.16848234578319402	0.1886436182367673	-0.27348085341853257	0.2685262087845791	-0.24837425923689357	0.18207528914014987	-0.24669683899111194	0.9999999999999991	-0.5206865585044523	0.22867455347588764	-0.2154195436376318	0.17671563297201762	-0.15859387738665107	0.16458717172305343	-0.08367988582733299	0.09403471441223038
-0.11632541062139196	0.07018822016079306	-0.0713980295750742	0.054469848524026594	-0.08958754510906843	0.0729075631071279	-0.0688193647209712	0.06985079633844068	-0.054188131161103895	0.0697990838344481	-0.07933634471219271	0.10570922858503341	-0.1020420564922526	0.09226054904609342	-0.07679582656633613	0.10793901436602421	-0.11950966633235054	0.11292645146925041	-0.09591686383471298	0.09320276539799613	-0.17663912607140037	0.1411931122964535	-0.19429770148999578	0.10637446273601477	-0.11446796758742232	0.17744625518855783	-0.18151466527421392	0.19121775617021247	-0.14665070753414758	0.14720129577711774	-0.18320827897599523	0.22640483065806802	-0.637108184098714	0.2739020397427626	-0.1967362207086641	0.1130409488064049	-0.5206865585044523	0.999999999999999	-0.3115604446152941	0.191847198429916	-0.10133070144320244	0.07883147736459326	-0.09947767391170403	0.09159017078352757	-0.10633641716199395
0.1130588099864427	-0.06966112550556426	0.07019345821217914	-0.05487395291397949	0.0905275321031952	-0.07123622669108177	0.06756896891448287	-0.06893988091902131	0.05433288686101381	-0.07136927931522277	0.076294510690764	-0.10479271120481998	0.09824376931133703	-0.09195702795709247	0.07795180297431982	-0.10187312346183189	0.10956690324229777	-0.10758187046850039	0.09239063053884705	-0.09651284312242653	0.14981908151913492	-0.12354161251706099	0.1587288935647775	-0.12183966691405385	0.1275009870891819	-0.15746599761522054	0.14570393087382835	-0.1646606726706408	0.16380094096081113	-0.18995463568624824	0.13150985773289248	-0.17595429002676052	0.2554357988014725	-0.5865503974292937	0.2830919939616385	-0.08320597124781862	0.22867455347588764	-0.3115604446152941	0.9999999999999999	-0.4689259115184863	0.0724233122620034	-0.05438732713007659	0.07025045894733259	-0.294659492495295	0.22178991286769195
-0.11616444432782853	0.06993026758284687	-0.07223184764401919	0.05642698909226522	-0.09737501766720402	0.0706693335482701	-0.06861478320227782	0.06974992205179217	-0.0565907668916023	0.0741553101197869	-0.07684204046262241	0.10265634609108203	-0.10199915910617799	0.09400548952530387	-0.08461074135632783	0.09990622765960215	-0.11097767034632544	0.10860139106499907	-0.0974769689843636	0.10210125701705919	-0.1510843865868644	0.11883000167642949	-0.16878704879666376	0.1443685521733487	-0.17290130791481811	0.13519840241311532	-0.13921986652041432	0.15907431827586418	-0.2256902471908488	0.23744873544991862	-0.11489757178345496	0.14116500388699807	-0.19364975561513648	0.29004031145254294	-0.6847802941615296	0.07229440412073215	-0.2154195436376318	0.191847198429916	-0.4689259115184863	0.9999999999999998	-0.06652256411956456	0.04878096437395412	-0.06465498641521197	0.162309742099417	-0.21130164255658845
0.05251986056490582	-0.03163185158174468	0.031577594894146487	-0.024459173086002196	0.03992186759162382	-0.03283647838020704	0.030483741469800138	-0.030890243299253	0.024066119929807672	-0.03134426290051228	0.03494791814772878	-0.04772536215349291	0.0431411319154575	-0.039916169500689616	0.03283526004367792	-0.04635967794315077	0.04923284484391155	-0.04621687346874323	0.039306861407903244	-0.04035291460084224	0.06959951975581337	-0.0556303883002365	0.06272832462644372	-0.04077142845871781	0.04279747427001429	-0.08598793485423538	0.06644510113236855	-0.06115266801004831	0.048325109652173015	-0.05232530876777618	0.08140725444765642	-0.08704119582188591	0.07431008082396227	-0.07031830596538548	0.056707555897371094	-0.8290597847957555	0.17671563297201762	-0.10133070144320244	0.0724233122620034	-0.06652256411956456	1.0000000000000007	-0.4156392511453845	0.2780891263172623	-0.03191480110433716	0.03529564427743307
-0.03625333732001795	0.021898330687393094	-0.021854574232464487	0.016960438976073335	-0.027683613898119373	0.022679727633955506	-0.021093930484105756	0.021393879710142016	-0.01668529472421645	0.021765208837863825	-0.02411039762221265	0.03303224818195398	-0.029868493641759416	0.027702517182532478	-0.022821921563985416	0.03190347902035245	-0.033845823016036176	0.032039520959061644	-0.02725745311681567	0.028090645044321395	-0.04730147671561441	0.03790116068787379	-0.043578313665544606	0.028711000813390293	-0.03010639541992447	0.05505854352296244	-0.044789875190758624	0.04276506800954304	-0.034209681420322546	0.037209625560886604	-0.049330078172150196	0.05748292262557819	-0.054554249485303394	0.05185400667150051	-0.04117249598076918	0.27172490449508324	-0.15859387738665107	0.07883147736459326	-0.05438732713007659	0.04878096437395412	-0.4156392511453845	0.9999999999999998	-0.8511099775475292	0.03118046713293643	-0.033200868343423076
0.048606939930169284	-0.0293801281561389	0.02928121110971354	-0.02275898460417478	0.037128492764451834	-0.030406567316508627	0.0282640011292674	-0.028669539965677508	0.02237172462325362	-0.029216096444395677	0.03226406877985476	-0.044319792937028	0.03990336341479686	-0.037085715745723245	0.030535795277322246	-0.04258466965000341	0.04503641540805868	-0.04272528144793119	0.036354369189252556	-0.037628389873813124	0.06248904484430709	-0.05016572264593724	0.05733716273904407	-0.03820603201881829	0.03998714994948575	-0.07341517573673802	0.058874975220179274	-0.05628914745255838	0.045142756808270706	-0.049316274273462316	0.06451523067475312	-0.07491638415737488	0.0693553036196178	-0.06751944923210736	0.053993749648596205	-0.3786539517788855	0.16458717172305343	-0.09947767391170403	0.07025045894733259	-0.06465498641521197	0.2780891263172623	-0.8511099775475292	1.0000000000000002	-0.04099628396978929	0.042344332280269584
