1.0	-0.44967117689007235	0.15662757958344004	-0.06359415365598545	0.05105760173305158	-0.8191905550940942	0.3012413909321813	-0.1749481487053024	0.07362587419043372	-0.06960035831778871	0.0423929175321289	-0.056751044107089775	0.04810153471346629	-0.04344612037551879	0.042883883678373175	-0.03268101770073439	0.042893390376309404	-0.03791509127105775	0.037391319933885704	-0.040806972177704605	0.015060964388474136	-0.015530752268221829	0.029055085659407273	-0.027094839963785762	0.028064208899685503	-0.012157648697757886	0.012212534245421581	-0.03221896914029636	0.015483330306104909	-0.013805577550515747	0.010065529926887197	-0.01276518239669309	0.007046171721124991	-0.007294286510810852	0.02107110221124247
-0.44967117689007235	1.0	-0.365714413125786	0.09401859141006519	-0.0776880453988992	0.29005878436082716	-0.7264896881530596	0.25329077738661027	-0.10980765983263069	0.09401681097594773	-0.04760957649026646	0.07841161161662308	-0.06901692275084022	0.058667010670599165	-0.058732863154548676	0.03606057026602256	-0.05702000753205409	0.048968428515395894	-0.04947290861990462	0.05167267261788929	-0.01815634246524394	0.018474030615002083	-0.03692654149616355	0.03465035600093323	-0.036315013414028104	0.014758484313418672	-0.014913170376533249	0.039358259340400416	-0.01958314700162169	0.017411002765676052	-0.01228921180192317	0.015514084142550847	-0.00865849185008361	0.008946224866112738	-0.02608171369938205
0.15662757958344004	-0.365714413125786	0.9999999999999998	-0.2388414617863776	0.15578969549289973	-0.14600036154756102	0.24341648880669026	-0.8077496461919791	0.21888634094730372	-0.20474831135296945	0.05276404278195941	-0.09230832156308873	0.08930573930567846	-0.09295402405095886	0.08871638595340352	-0.041273766073232555	0.06684072278628582	-0.06528373212568768	0.06764168340443386	-0.0755401063739777	0.022435458893761525	-0.02292084489983703	0.04856656003322512	-0.0479065559209141	0.05002296381474386	-0.01949755405786376	0.019718572993096258	-0.052613872624291964	0.0264027537750381	-0.0236202782002773	0.016190804488556202	-0.020569788836803365	0.011483064888114783	-0.01188381902049362	0.03437791143947565
-0.06359415365598545	0.09401859141006519	-0.2388414617863776	1.0	-0.7388637353852457	0.05374427399036419	-0.0893828654752659	0.18818400075026598	-0.5153955276171823	0.3208706790074223	-0.05033855645829971	0.0740350364703381	-0.07718971108464542	0.11560195455059175	-0.11984744512288548	0.03836676127554542	-0.06434617823936191	0.06264895512490123	-0.07608425525087824	0.08286273555781706	-0.02193182742115698	0.022235187098175725	-0.049250025169226795	0.0512621312458817	-0.05570233424514504	0.01910935305543735	-0.019430179991174593	0.05160563547822369	-0.02808341545133479	0.025033362545598698	-0.01599228979938616	0.02019690166718654	-0.011552692304106377	0.011924741176839431	-0.035466021529489175
0.05105760173305158	-0.0776880453988992	0.15578969549289973	-0.7388637353852457	0.9999999999999999	-0.04458732397475125	0.07094358765004143	-0.1553787301706875	0.30995445128979077	-0.5666273494781856	0.046673343740759245	-0.07060447728410567	0.07016419520824241	-0.10929883749991846	0.11473207822287834	-0.03606370961114106	0.059652309853801926	-0.059467371992720924	0.07034724214506684	-0.0843277894342164	0.02079650666917193	-0.021171628824402645	0.046899116701465855	-0.0495459385825438	0.05308431433992061	-0.01858747938841349	0.018858789990283495	-0.0503187917028307	0.026920468463934675	-0.024131881279115246	0.015498318439098428	-0.019665648787254582	0.011183019215173477	-0.011561516786907568	0.03410458554417441
-0.8191905550940942	0.29005878436082716	-0.14600036154756102	0.05374427399036419	-0.04458732397475125	1.0000000000000007	-0.47324332129433755	0.14683558276855782	-0.06510428751068424	0.05774925407090206	-0.04196796107812701	0.05410179280924151	-0.04597449927401191	0.0388605858171155	-0.03874077881880204	0.03123624649363557	-0.04074909683241102	0.03473499421607621	-0.03409604291353695	0.03616824242836432	-0.013936349568228945	0.014344995946844194	-0.026449544348725686	0.024394297735083552	-0.025320044397941315	0.010939446812805072	-0.010996250254780461	0.028941661658479067	-0.013921224022637416	0.012390641269320003	-0.009065689450236546	0.011468410317528842	-0.006322415543697294	0.006542231595281927	-0.0188440363900653
0.3012413909321813	-0.7264896881530596	0.24341648880669026	-0.0893828654752659	0.07094358765004143	-0.47324332129433755	1.000000000000001	-0.3269859002570029	0.10689353585315399	-0.09564660426592285	0.047956140421801435	-0.09135600601527731	0.07305566715049504	-0.059954706148153875	0.05852028678455017	-0.037019824827631984	0.058003791208315766	-0.05031323522558048	0.049479287717728755	-0.05207655903223612	0.01825098458129547	-0.018642486150454753	0.03710497927251521	-0.03480248945082577	0.036148250333732763	-0.01486416369901368	0.015008795193809132	-0.039778491175554306	0.01946145624219697	-0.01734087392820724	0.012341206545802145	-0.015620676027645398	0.00865167784151991	-0.0089497445753827	0.02573507013103623
-0.1749481487053024	0.25329077738661027	-0.8077496461919791	0.18818400075026598	-0.1553787301706875	0.14683558276855782	-0.3269859002570029	1.0000000000000022	-0.3003590996255783	0.18567691730529054	-0.05553801397135977	0.09591409164809443	-0.10328602134256815	0.09744020565454896	-0.09413682356156543	0.04283867424327377	-0.07097544946725629	0.06788936686576448	-0.07138855279463534	0.07560253200231103	-0.0231701345992503	0.023574180046476968	-0.050214972095757426	0.049077209870994114	-0.05166968644525442	0.01969500999393818	-0.019964961397413928	0.05311067720077228	-0.027053838669126494	0.02411902830970584	-0.01640501465390322	0.02075971433998655	-0.011640615152234772	0.012031665253469121	-0.034978285091832054
0.07362587419043372	-0.10980765983263069	0.21888634094730372	-0.5153955276171823	0.30995445128979077	-0.06510428751068424	0.10689353585315399	-0.3003590996255783	1.0000000000000004	-0.6689852665221524	0.06933301801818607	-0.11161448091809724	0.11437408456567934	-0.21818873395107194	0.17758711184110307	-0.0539880978584287	0.09030771106649262	-0.09238551545227718	0.11012467729948561	-0.12554548675735494	0.03096973497010932	-0.03157375788674377	0.07047855085178856	-0.07535141520292467	0.07971572029107434	-0.027502017962213493	0.027941346588361355	-0.0749617868074269	0.03994666568958557	-0.03585557738739404	0.022892632058915566	-0.029085299572798012	0.01646352469928706	-0.017032068885635084	0.049619003587928666
-0.06960035831778871	0.09401681097594773	-0.20474831135296945	0.3208706790074223	-0.5666273494781856	0.05774925407090206	-0.09564660426592285	0.18567691730529054	-0.6689852665221524	1.0000000000000004	-0.07077357508973389	0.10221039587802387	-0.10763369290793733	0.17170048524864406	-0.21593887541463355	0.05375851338885285	-0.09083895088952258	0.08879091786313949	-0.11062889114246544	0.12422503334057142	-0.03101465314991702	0.03140610318282269	-0.07032657054104734	0.07446744800025135	-0.08204644055454888	0.027009592005222793	-0.02750309620450778	0.07306102475504946	-0.040612733657962294	0.036198318836239085	-0.022634824554091795	0.028557533882718103	-0.016421666017945643	0.016943696521467138	-0.05059277894095545
0.0423929175321289	-0.04760957649026646	0.05276404278195941	-0.05033855645829971	0.046673343740759245	-0.04196796107812701	0.047956140421801435	-0.05553801397135977	0.06933301801818607	-0.07077357508973389	0.9999999999999993	-0.24386873897591732	0.16688953238811902	-0.14628293804198747	0.1370806443465895	-0.7887896213904896	0.2920474250335665	-0.2386376429918678	0.17646332276165247	-0.2064229744557102	0.17102685978322682	-0.18827252118551566	0.18276493166053337	-0.14825282663859915	0.13933885334197238	-0.09495955384356045	0.09194638286724967	-0.2377215993370823	0.08557823528943471	-0.077180373765971	0.07559355611558782	-0.0967154320846696	0.04753963655523352	-0.04987700049913375	0.12245063310706222
-0.056751044107089775	0.07841161161662308	-0.09230832156308873	0.0740350364703381	-0.07060447728410567	0.05410179280924151	-0.09135600601527731	0.09591409164809443	-0.11161448091809724	0.10221039587802387	-0.24386873897591732	0.9999999999999998	-0.7258069251348593	0.2464524442656127	-0.2503062022119383	0.18456663536510945	-0.43407534733646386	0.2717194583437249	-0.237655931319046	0.2008766179044988	-0.08717519800298994	0.08742089882210134	-0.17747936413806695	0.1516424300577093	-0.15509420528931428	0.06280254187953722	-0.06404345468961176	0.1706681083224097	-0.08097244150169523	0.07164337613353558	-0.052220502065651375	0.06552691416648587	-0.03562098543292441	0.036802284892649105	-0.1010833947452682
0.04810153471346629	-0.06901692275084022	0.08930573930567846	-0.07718971108464542	0.07016419520824241	-0.04597449927401191	0.07305566715049504	-0.10328602134256815	0.11437408456567934	-0.10763369290793733	0.16688953238811902	-0.7258069251348593	1.0000000000000007	-0.40197165465452633	0.23851301525868246	-0.14289851644139118	0.26377219925362183	-0.36752577577864587	0.23129423128265805	-0.2178283229082198	0.073846501681399	-0.07647935199772969	0.17131381086096337	-0.15486183884401755	0.14790844893702224	-0.06156603054503307	0.06276843394636795	-0.17554431232648166	0.07681832664765337	-0.06913689934045236	0.05027619224771272	-0.06466315365096771	0.0343274873640085	-0.03568286665824068	0.09304255117549708
-0.04344612037551879	0.058667010670599165	-0.09295402405095886	0.11560195455059175	-0.10929883749991846	0.0388605858171155	-0.059954706148153875	0.09744020565454896	-0.21818873395107194	0.17170048524864406	-0.14628293804198747	0.2464524442656127	-0.40197165465452633	1.000000000000001	-0.6980908324019653	0.11318494529643748	-0.20744526171735006	0.22164465926044397	-0.35216813357068766	0.26995003914577226	-0.06537456998639338	0.066334076735217	-0.1579963450492092	0.17714002094975884	-0.18956740618991455	0.05526096079493976	-0.0567151195551967	0.15384275644767187	-0.08673974193950709	0.07731855325055637	-0.046055963509177504	0.058311061894082264	-0.03312346586581757	0.03423903194307008	-0.0977349154720011
0.042883883678373175	-0.058732863154548676	0.08871638595340352	-0.11984744512288548	0.11473207822287834	-0.03874077881880204	0.05852028678455017	-0.09413682356156543	0.17758711184110307	-0.21593887541463355	0.1370806443465895	-0.2503062022119383	0.23851301525868246	-0.6980908324019653	1.0000000000000009	-0.11027482699469929	0.1854195060563314	-0.20877276037467618	0.2524028763004136	-0.47595442736041704	0.06534026429952952	-0.06723817542023017	0.15652319621467287	-0.19051187449985407	0.20201986730768923	-0.06030159508046959	0.061402880981827355	-0.1686672326147838	0.09200056076621686	-0.08454530253844361	0.049745852391632595	-0.06388854381422521	0.035909526500763	-0.03730747912514605	0.10503225568706709
-0.03268101770073439	0.03606057026602256	-0.041273766073232555	0.03836676127554542	-0.03606370961114106	0.03123624649363557	-0.037019824827631984	0.04283867424327377	-0.0539880978584287	0.05375851338885285	-0.7887896213904896	0.18456663536510945	-0.14289851644139118	0.11318494529643748	-0.11027482699469929	0.9999999999999994	-0.4529346547460204	0.19736395678485108	-0.15117923241603423	0.14751506997161473	-0.21813112609429958	0.17408993547282609	-0.15467550715896333	0.11540148364660896	-0.10999221531914334	0.0703635461298971	-0.06863997709070475	0.16750511066439763	-0.06511333168834495	0.05796358884987385	-0.05736468071070365	0.06951215471913083	-0.03443370062266348	0.0357762580907114	-0.08979604270050144
0.042893390376309404	-0.05702000753205409	0.06684072278628582	-0.06434617823936191	0.059652309853801926	-0.04074909683241102	0.058003791208315766	-0.07097544946725629	0.09030771106649262	-0.09083895088952258	0.2920474250335665	-0.43407534733646386	0.26377219925362183	-0.20744526171735006	0.1854195060563314	-0.4529346547460204	0.9999999999999997	-0.5094215383320162	0.254393512136996	-0.2603157794561038	0.14003359759594433	-0.15091751308796375	0.23616336948662647	-0.1978182869817222	0.17744103467391292	-0.0997552537944366	0.09955348938924807	-0.27735274629900525	0.10165934323960991	-0.09216326268869446	0.07973351966263788	-0.10357357508413079	0.05197937682425131	-0.054420492583638305	0.13207317361960355
-0.03791509127105775	0.048968428515395894	-0.06528373212568768	0.06264895512490123	-0.059467371992720924	0.03473499421607621	-0.05031323522558048	0.06788936686576448	-0.09238551545227718	0.08879091786313949	-0.2386376429918678	0.2717194583437249	-0.36752577577864587	0.22164465926044397	-0.20877276037467618	0.19736395678485108	-0.5094215383320162	0.999999999999999	-0.5052728974863179	0.24314175052946263	-0.11680810718572761	0.11830495301161348	-0.40422727587747703	0.2391485930068003	-0.21186748866178048	0.08714490983251469	-0.09186077549081752	0.2571300196431076	-0.10970115013981337	0.09664602889988473	-0.07214850848774937	0.0909770562751874	-0.04821154485758333	0.049674962668942405	-0.12572577680972385
0.037391319933885704	-0.04947290861990462	0.06764168340443386	-0.07608425525087824	0.07034724214506684	-0.03409604291353695	0.049479287717728755	-0.07138855279463534	0.11012467729948561	-0.11062889114246544	0.17646332276165247	-0.237655931319046	0.23129423128265805	-0.35216813357068766	0.2524028763004136	-0.15117923241603423	0.254393512136996	-0.5052728974863179	0.9999999999999998	-0.4133987066188304	0.09570407209029194	-0.10074631963921524	0.264071429575042	-0.48537502257642107	0.28249485683054115	-0.08992731564030522	0.09250253870380987	-0.26738569500817394	0.13915636494898273	-0.12931436699711296	0.07317361843069738	-0.09518643144797415	0.05202386440772469	-0.05430355644416372	0.14162645487820472
-0.040806972177704605	0.05167267261788929	-0.0755401063739777	0.08286273555781706	-0.0843277894342164	0.03616824242836432	-0.05207655903223612	0.07560253200231103	-0.12554548675735494	0.12422503334057142	-0.2064229744557102	0.2008766179044988	-0.2178283229082198	0.26995003914577226	-0.47595442736041704	0.14751506997161473	-0.2603157794561038	0.24314175052946263	-0.4133987066188304	0.999999999999999	-0.09284736843370436	0.09236935944936539	-0.23152489794291164	0.28965111963662266	-0.537395182063918	0.07762635286095906	-0.08057720301707066	0.21074035988358747	-0.16745463487107667	0.14820441100086634	-0.06664219664992631	0.08236110805106664	-0.052047854026051575	0.05331705685100472	-0.1737853147723642
0.015060964388474136	-0.01815634246524394	0.022435458893761525	-0.02193182742115698	0.02079650666917193	-0.013936349568228945	0.01825098458129547	-0.0231701345992503	0.03096973497010932	-0.03101465314991702	0.17102685978322682	-0.08717519800298994	0.073846501681399	-0.06537456998639338	0.06534026429952952	-0.21813112609429958	0.14003359759594433	-0.11680810718572761	0.09570407209029194	-0.09284736843370436	1.0000000000000013	-0.9228918059815222	0.16598639319532202	-0.09058395632429742	0.08000705315218092	-0.10761157962659683	0.09211433158880072	-0.16998018965161663	0.04892749191406278	-0.04345702790924689	0.07810878734372696	-0.08361928382687604	0.0325041246632453	-0.03382885153272727	0.06361762605516372
-0.015530752268221829	0.018474030615002083	-0.02292084489983703	0.022235187098175725	-0.021171628824402645	0.014344995946844194	-0.018642486150454753	0.023574180046476968	-0.03157375788674377	0.03140610318282269	-0.18827252118551566	0.08742089882210134	-0.07647935199772969	0.066334076735217	-0.06723817542023017	0.17408993547282609	-0.15091751308796375	0.11830495301161348	-0.10074631963921524	0.09236935944936539	-0.9228918059815222	0.9999999999999989	-0.20779558415422533	0.09300742539713257	-0.08399913967462642	0.0955283624657768	-0.0932131714845032	0.15909953120059814	-0.049955295641562	0.04392597491639336	-0.07719875044968662	0.0793243739965031	-0.03163235528037515	0.032583744627490335	-0.0641954071551172
0.029055085659407273	-0.03692654149616355	0.04856656003322512	-0.049250025169226795	0.046899116701465855	-0.026449544348725686	0.03710497927251521	-0.050214972095757426	0.07047855085178856	-0.07032657054104734	0.18276493166053337	-0.17747936413806695	0.17131381086096337	-0.1579963450492092	0.15652319621467287	-0.15467550715896333	0.23616336948662647	-0.40422727587747703	0.264071429575042	-0.23152489794291164	0.16598639319532202	-0.20779558415422533	0.9999999999999992	-0.36715696092463	0.2301290608429664	-0.15386539808859612	0.1668614091488422	-0.6680469415877606	0.13235135180951438	-0.11881274910220438	0.11857422009289029	-0.1610016957891765	0.07449256931944404	-0.07761020077851317	0.14338940890989785
-0.027094839963785762	0.03465035600093323	-0.0479065559209141	0.0512621312458817	-0.0495459385825438	0.024394297735083552	-0.03480248945082577	0.049077209870994114	-0.07535141520292467	0.07446744800025135	-0.14825282663859915	0.1516424300577093	-0.15486183884401755	0.17714002094975884	-0.19051187449985407	0.11540148364660896	-0.1978182869817222	0.2391485930068003	-0.48537502257642107	0.28965111963662266	-0.09058395632429742	0.09300742539713257	-0.36715696092463	0.9999999999999997	-0.6438093053997773	0.07889117833768058	-0.0840169839188512	0.2387187903471937	-0.22487011644542404	0.1789204878218718	-0.06594364923923712	0.08374997272674245	-0.05094175596687135	0.05271917522349957	-0.1474568231145465
0.028064208899685503	-0.036315013414028104	0.05002296381474386	-0.05570233424514504	0.05308431433992061	-0.025320044397941315	0.036148250333732763	-0.05166968644525442	0.07971572029107434	-0.08204644055454888	0.13933885334197238	-0.15509420528931428	0.14790844893702224	-0.18956740618991455	0.20201986730768923	-0.10999221531914334	0.17744103467391292	-0.21186748866178048	0.28249485683054115	-0.537395182063918	0.08000705315218092	-0.08399913967462642	0.2301290608429664	-0.6438093053997773	0.9999999999999999	-0.08190448947627534	0.08469269080085201	-0.24552342935590263	0.20388268465531678	-0.2429265299950641	0.06723259136758605	-0.08767947692484276	0.053143286669924135	-0.055837047984318516	0.15804564218810002
-0.012157648697757886	0.014758484313418672	-0.01949755405786376	0.01910935305543735	-0.01858747938841349	0.010939446812805072	-0.01486416369901368	0.01969500999393818	-0.027502017962213493	0.027009592005222793	-0.09495955384356045	0.06280254187953722	-0.06156603054503307	0.05526096079493976	-0.06030159508046959	0.0703635461298971	-0.0997552537944366	0.08714490983251469	-0.08992731564030522	0.07762635286095906	-0.10761157962659683	0.0955283624657768	-0.15386539808859612	0.07889117833768058	-0.08190448947627534	0.9999999999999997	-0.5997261871953113	0.18973647897691476	-0.05696165721092897	0.04844545851696252	-0.6830256211862786	0.328078316041212	-0.07947139019361078	0.0789328573181563	-0.0831303778024209
0.012212534245421581	-0.014913170376533249	0.019718572993096258	-0.019430179991174593	0.018858789990283495	-0.010996250254780461	0.015008795193809132	-0.019964961397413928	0.027941346588361355	-0.02750309620450778	0.09194638286724967	-0.06404345468961176	0.06276843394636795	-0.0567151195551967	0.061402880981827355	-0.06863997709070475	0.09955348938924807	-0.09186077549081752	0.09250253870380987	-0.08057720301707066	0.09211433158880072	-0.0932131714845032	0.1668614091488422	-0.0840169839188512	0.08469269080085201	-0.5997261871953113	1.0000000000000009	-0.3094535489407382	0.06078272378541086	-0.05207749435189653	0.32427950595204746	-0.6347062235433124	0.1029718036847731	-0.10626815274677501	0.08543512918854929
-0.03221896914029636	0.039358259340400416	-0.052613872624291964	0.05160563547822369	-0.0503187917028307	0.028941661658479067	-0.039778491175554306	0.05311067720077228	-0.0749617868074269	0.07306102475504946	-0.2377215993370823	0.1706681083224097	-0.17554431232648166	0.15384275644767187	-0.1686672326147838	0.16750511066439763	-0.27735274629900525	0.2571300196431076	-0.26738569500817394	0.21074035988358747	-0.16998018965161663	0.15909953120059814	-0.6680469415877606	0.2387187903471937	-0.24552342935590263	0.18973647897691476	-0.3094535489407382	0.9999999999999999	-0.16198419897802516	0.13084707387481145	-0.17174793570882443	0.1989243259615428	-0.10614408664428188	0.09923164116971579	-0.18799585017478182
0.015483330306104909	-0.01958314700162169	0.0264027537750381	-0.02808341545133479	0.026920468463934675	-0.013921224022637416	0.01946145624219697	-0.027053838669126494	0.03994666568958557	-0.040612733657962294	0.08557823528943471	-0.08097244150169523	0.07681832664765337	-0.08673974193950709	0.09200056076621686	-0.06511333168834495	0.10165934323960991	-0.10970115013981337	0.13915636494898273	-0.16745463487107667	0.04892749191406278	-0.049955295641562	0.13235135180951438	-0.22487011644542404	0.20388268465531678	-0.05696165721092897	0.06078272378541086	-0.16198419897802516	1.0000000000000007	-0.8722123042048844	0.05086717826146725	-0.06484838548612845	0.06958288824060277	-0.07804770659833726	0.2302869536371484
-0.013805577550515747	0.017411002765676052	-0.0236202782002773	0.025033362545598698	-0.024131881279115246	0.012390641269320003	-0.01734087392820724	0.02411902830970584	-0.03585557738739404	0.036198318836239085	-0.077180373765971	0.07164337613353558	-0.06913689934045236	0.07731855325055637	-0.08454530253844361	0.05796358884987385	-0.09216326268869446	0.09664602889988473	-0.12931436699711296	0.14820441100086634	-0.04345702790924689	0.04392597491639336	-0.11881274910220438	0.1789204878218718	-0.2429265299950641	0.04844545851696252	-0.05207749435189653	0.13084707387481145	-0.8722123042048844	1.0000000000000004	-0.04412736726689025	0.05525671978414606	-0.06421279802038982	0.06778173827143084	-0.31007380215969305
0.010065529926887197	-0.01228921180192317	0.016190804488556202	-0.01599228979938616	0.015498318439098428	-0.009065689450236546	0.012341206545802145	-0.01640501465390322	0.022892632058915566	-0.022634824554091795	0.07559355611558782	-0.052220502065651375	0.05027619224771272	-0.046055963509177504	0.049745852391632595	-0.05736468071070365	0.07973351966263788	-0.07214850848774937	0.07317361843069738	-0.06664219664992631	0.07810878734372696	-0.07719875044968662	0.11857422009289029	-0.06594364923923712	0.06723259136758605	-0.6830256211862786	0.32427950595204746	-0.17174793570882443	0.05086717826146725	-0.04412736726689025	1.0000000000000002	-0.6209774285448678	0.10701702292671122	-0.11484170888531624	0.07849301636587307
-0.01276518239669309	0.015514084142550847	-0.020569788836803365	0.02019690166718654	-0.019665648787254582	0.011468410317528842	-0.015620676027645398	0.02075971433998655	-0.029085299572798012	0.028557533882718103	-0.0967154320846696	0.06552691416648587	-0.06466315365096771	0.058311061894082264	-0.06388854381422521	0.06951215471913083	-0.10357357508413079	0.0909770562751874	-0.09518643144797415	0.08236110805106664	-0.08361928382687604	0.0793243739965031	-0.1610016957891765	0.08374997272674245	-0.08767947692484276	0.328078316041212	-0.6347062235433124	0.1989243259615428	-0.06484838548612845	0.05525671978414606	-0.6209774285448678	1.0000000000000004	-0.16600033208385245	0.1373494925538218	-0.09902288522846611
0.007046171721124991	-0.00865849185008361	0.011483064888114783	-0.011552692304106377	0.011183019215173477	-0.006322415543697294	0.00865167784151991	-0.011640615152234772	0.01646352469928706	-0.016421666017945643	0.04753963655523352	-0.03562098543292441	0.0343274873640085	-0.03312346586581757	0.035909526500763	-0.03443370062266348	0.05197937682425131	-0.04821154485758333	0.05202386440772469	-0.052047854026051575	0.0325041246632453	-0.03163235528037515	0.07449256931944404	-0.05094175596687135	0.053143286669924135	-0.07947139019361078	0.1029718036847731	-0.10614408664428188	0.06958288824060277	-0.06421279802038982	0.10701702292671122	-0.16600033208385245	1.0000000000000009	-0.9553796876517091	0.12203772828035858
-0.007294286510810852	0.008946224866112738	-0.01188381902049362	0.011924741176839431	-0.011561516786907568	0.006542231595281927	-0.0089497445753827	0.012031665253469121	-0.017032068885635084	0.016943696521467138	-0.04987700049913375	0.036802284892649105	-0.03568286665824068	0.03423903194307008	-0.03730747912514605	0.0357762580907114	-0.054420492583638305	0.049674962668942405	-0.05430355644416372	0.05331705685100472	-0.03382885153272727	0.032583744627490335	-0.07761020077851317	0.05271917522349957	-0.055837047984318516	0.0789328573181563	-0.10626815274677501	0.09923164116971579	-0.07804770659833726	0.06778173827143084	-0.11484170888531624	0.1373494925538218	-0.9553796876517091	1.0000000000000016	-0.14562126640271958
0.02107110221124247	-0.02608171369938205	0.03437791143947565	-0.035466021529489175	0.03410458554417441	-0.0188440363900653	0.02573507013103623	-0.034978285091832054	0.049619003587928666	-0.05059277894095545	0.12245063310706222	-0.1010833947452682	0.09304255117549708	-0.0977349154720011	0.10503225568706709	-0.08979604270050144	0.13207317361960355	-0.12572577680972385	0.14162645487820472	-0.1737853147723642	0.06361762605516372	-0.0641954071551172	0.14338940890989785	-0.1474568231145465	0.15804564218810002	-0.0831303778024209	0.08543512918854929	-0.18799585017478182	0.2302869536371484	-0.31007380215969305	0.07849301636587307	-0.09902288522846611	0.12203772828035858	-0.14562126640271958	1.0000000000000016
