1.0	-0.33979393635379457	0.1323251952855321	-0.08361235764877789	0.10050591152154717	-0.8444733958042476	0.19134810536733562	-0.16396964792053123	0.10675384744673941	-0.09032073586751824	0.2461548175566124	-0.24654202427096966	0.1252079600681153	-0.07570239745466706	0.07232148795002828	-0.09334289348325257	0.09958955520518824	-0.08816829714784065	0.07323423976792263	-0.059575263664813284	0.07061889296843481	-0.0762726259237554	0.0712093523406353	-0.07670742505769056	0.07407009138240278	-0.0929651116154455	0.06615780340603114	-0.05996538475393845	0.026116364186248187	-0.025688299712788625	0.05197173965605996	-0.05918444561666671	0.05855662046090005	-0.028373562595690523	0.02346316638641655	-0.06625246915780436	0.03795981210339555	-0.05983016258822714	0.03742934407394995	-0.034253869752873325
-0.33979393635379457	1.0000000000000002	-0.3232995161856789	0.17693714614178635	-0.21636020627617375	0.22310413392755377	-0.6715590860659658	0.3015673410384969	-0.2317590401341002	0.17309017917992803	-0.28798713367721607	0.25379381051075733	-0.23184524650981983	0.13985917478580287	-0.1368337089841781	0.12310967422640821	-0.14247494566129545	0.14016917352945757	-0.12934016963437156	0.10713788921497285	-0.1028229195040949	0.11304887857043232	-0.11545392450230886	0.1284310253992031	-0.13511395069262622	0.13425135418631873	-0.1016826219433768	0.09508051911507448	-0.0435178194491214	0.042866370600313085	-0.08228053131003754	0.0924093815330152	-0.09450192108603803	0.04694336616534082	-0.03910862632507648	0.105242820489632	-0.060652983910128466	0.09547008240086476	-0.06317984273999866	0.05705581168585735
0.1323251952855321	-0.3232995161856789	1.0	-0.5987623770482904	0.3065782414276461	-0.13278456326090343	0.21809163975450926	-0.4295866017396928	0.30069220843110683	-0.31082520767134164	0.16256554782959445	-0.1832459419979962	0.2452880251529935	-0.1906007247335382	0.181263040722488	-0.15072684526882502	0.15704513855649413	-0.1864946263787525	0.1684235091247801	-0.14693060630266244	0.132981235270975	-0.15618599275876777	0.1550738909607285	-0.18290499419922604	0.1724057691335904	-0.20118249800167484	0.14343729789840814	-0.1414704928440028	0.06412365962602144	-0.06446325582508153	0.1272611305225588	-0.14631920581659044	0.1373203126131371	-0.07143019469065681	0.05900261444140191	-0.18523114575150534	0.10305381155437275	-0.16776461825467814	0.09431067707221324	-0.09103353575412265
-0.08361235764877789	0.17693714614178635	-0.5987623770482904	1.0000000000000004	-0.5616535692354072	0.08097987976901909	-0.1377862436574018	0.251296395786302	-0.4527019281564422	0.287241717888029	-0.10924277149573239	0.11868959090804095	-0.20511387231980233	0.17857386631564587	-0.17163076909157118	0.10435213012493028	-0.11255959715396034	0.14174040822721468	-0.14480411790300474	0.1262828191595516	-0.09311199465531192	0.1098359362981547	-0.11647923770283178	0.14250486390442937	-0.14770434804029856	0.13553029180156434	-0.10044745398456612	0.09970547464294614	-0.045887997926481655	0.04593098432535541	-0.08658860762251763	0.0989348281429676	-0.09718926921472462	0.049914563162214834	-0.041517128328277496	0.12065680381891712	-0.06803033525610841	0.10952296555997897	-0.06585500239704489	0.06204831363538932
0.10050591152154717	-0.21636020627617375	0.3065782414276461	-0.5616535692354072	1.0000000000000004	-0.09984716259737961	0.15810173664378932	-0.2953599550823985	0.3103747053113839	-0.5668608002398706	0.13188790861961097	-0.1467929292175967	0.2381445426029573	-0.20854814108169434	0.21251358520173352	-0.13974999258813603	0.1460626179461557	-0.1841444923467386	0.17552449673812692	-0.1634931240234979	0.12502850766540022	-0.1488872743569364	0.15236070849057312	-0.1878226483417355	0.18226944576010096	-0.18898281571310335	0.13649167712796595	-0.1364330913724286	0.06204430465869193	-0.06247136449752609	0.12061187537433497	-0.13891765518189733	0.13182734272148247	-0.06846724394535517	0.05668440166545162	-0.1745940061164297	0.0973390893261154	-0.1582744570078733	0.08980280550636956	-0.08649297348855899
-0.8444733958042476	0.22310413392755377	-0.13278456326090343	0.08097987976901909	-0.09984716259737961	0.9999999999999996	-0.18568219834981148	0.14389915034849893	-0.10447434622690072	0.08614973974572426	-0.3773702952140113	0.2211879963029441	-0.12408929594774075	0.07282800081195306	-0.07019183989811854	0.08789900468984041	-0.09631201981669694	0.08316853884108896	-0.07044662778747728	0.05717523150592668	-0.06738041639335547	0.07120571175132138	-0.06765288571875622	0.07246912393514227	-0.0717424979468719	0.08528688465290062	-0.06219437328284633	0.05612764413943083	-0.024678169527213877	0.024223614058146423	-0.04858676953640994	0.05497557211248368	-0.0552136480629011	0.02670764098648457	-0.022130703025410873	0.06109853642369052	-0.035182397655312996	0.05522782850850022	-0.03542394458151009	0.03214331900786599
0.19134810536733562	-0.6715590860659658	0.21809163975450926	-0.1377862436574018	0.15810173664378932	-0.18568219834981148	0.9999999999999994	-0.5240132946016187	0.18934366888016946	-0.1418600146636487	0.23571967372203814	-0.3543256733595817	0.1823328396286715	-0.11477193395679552	0.10821706745671293	-0.1087150845582689	0.12533523177621253	-0.11763547896182709	0.10404202688580033	-0.08593408820041369	0.08652868401964381	-0.09574960486997988	0.09448978271710623	-0.10505750073551179	0.10580424889559537	-0.11351569307797321	0.08412950539216406	-0.07819705607993019	0.03487990737298053	-0.034387524950157324	0.06721718567995917	-0.07617853133012831	0.0767446365920801	-0.037697561953035225	0.03129928165295855	-0.0863340949679628	0.049559319718710027	-0.0781918330676148	0.05004293391396168	-0.04563497806809874
-0.16396964792053123	0.3015673410384969	-0.4295866017396928	0.251296395786302	-0.2953599550823985	0.14389915034849893	-0.5240132946016187	0.9999999999999989	-0.44170015519492406	0.24751698692616603	-0.21866611076462575	0.2195140210225471	-0.31501748851271455	0.20083986926083547	-0.19119114965475437	0.1362996475311147	-0.15727521233953365	0.17605377732575503	-0.17293166180996275	0.1442469608769088	-0.11875353342319361	0.13468331281449933	-0.1438314842817742	0.16617827447123273	-0.1781649626794063	0.15985907777510072	-0.1224104807465446	0.11771663737870501	-0.05448734998082597	0.053883837609372036	-0.10101075659773116	0.11366984169910893	-0.11668580877121337	0.05859290399126412	-0.04890660469972822	0.1314953175216868	-0.07557634297202769	0.11947583658540836	-0.07864116794621773	0.07139058158326576
0.10675384744673941	-0.2317590401341002	0.30069220843110683	-0.4527019281564422	0.3103747053113839	-0.10447434622690072	0.18934366888016946	-0.44170015519492406	0.9999999999999976	-0.4928360023942355	0.14065289467415795	-0.1578254498941932	0.26743610755535346	-0.38022586952166326	0.2519783038813209	-0.13575087465635774	0.14702317170098003	-0.19810176842205302	0.20976821354774514	-0.1869949519902253	0.11967135174005285	-0.14288701618256633	0.1554204172650559	-0.2029075041784877	0.19764228483599233	-0.1718261301790874	0.1283714269570234	-0.12896238112025588	0.05811320205072265	-0.05821312701164747	0.10802049052009646	-0.12420916539225552	0.12373212208687871	-0.06253758077270279	0.05200850398292862	-0.14753898821823408	0.08357097219315195	-0.1340167031398054	0.08119864066393205	-0.07630354960161476
-0.09032073586751824	0.17309017917992803	-0.31082520767134164	0.287241717888029	-0.5668608002398706	0.08614973974572426	-0.1418600146636487	0.24751698692616603	-0.4928360023942355	0.9999999999999977	-0.12548386381429066	0.13401495506456426	-0.29500051246353787	0.26639538496884535	-0.3998665737225425	0.12912674521567047	-0.14394325192651344	0.19146973663442587	-0.2194639390813844	0.21234891817260382	-0.11696515323776395	0.13884399962845614	-0.15816867874842042	0.20054184933488936	-0.2508750973087637	0.16381060143048326	-0.12673386421161392	0.12691749246252645	-0.06051818618988313	0.06045441557321724	-0.1061888381674173	0.12047461183070896	-0.1246064684739466	0.06363047890747378	-0.05354671836258364	0.1411436907967867	-0.0808365830715431	0.12850462433960425	-0.08355561658790188	0.07677997978787937
0.2461548175566124	-0.28798713367721607	0.16256554782959445	-0.10924277149573239	0.13188790861961097	-0.3773702952140113	0.23571967372203814	-0.21866611076462575	0.14065289467415795	-0.12548386381429066	0.9999999999999961	-0.752158398724866	0.18900517146811424	-0.11172361651331633	0.10451850570375887	-0.19394442540979243	0.1907102175997638	-0.1465009936734799	0.11189800116688543	-0.08888663409296675	0.12651181859190005	-0.13172432278794993	0.11496061588520093	-0.11946603172604359	0.1096840610698954	-0.15764085081310766	0.10944244402930872	-0.09590114317519495	0.040087948446568475	-0.03924645199555392	0.0822598275534374	-0.09440236244303603	0.09253870038031055	-0.043478831264574254	0.035795829161838905	-0.10208207395196259	0.058620326783655835	-0.09189789361378692	0.05641988719193222	-0.05162999175585548
-0.24654202427096966	0.25379381051075733	-0.1832459419979962	0.11868959090804095	-0.1467929292175967	0.2211879963029441	-0.3543256733595817	0.2195140210225471	-0.1578254498941932	0.13401495506456426	-0.752158398724866	0.9999999999999942	-0.2415769158334433	0.12393530745174199	-0.11624741876307843	0.17861561789747302	-0.25749452623780195	0.1577229228870316	-0.12364976529004498	0.0967041243120856	-0.13032405883112225	0.13562602878213179	-0.1239486981887515	0.12620216433461773	-0.1205284578771313	0.1529206736631068	-0.11412856256239531	0.09913413490354434	-0.04196278107160463	0.040917715242226885	-0.08447633967169703	0.09572874719851095	-0.0969423918548527	0.04515861786895065	-0.03730729121238323	0.10228928704878672	-0.05930284102395088	0.09230256347270197	-0.058927819490876165	0.05325000765953446
0.1252079600681153	-0.23184524650981983	0.2452880251529935	-0.20511387231980233	0.2381445426029573	-0.12408929594774075	0.1823328396286715	-0.31501748851271455	0.26743610755535346	-0.29500051246353787	0.18900517146811424	-0.2415769158334433	0.9999999999999943	-0.4235534867928346	0.26393179273269896	-0.22793402705772928	0.2390553509101373	-0.4282003527956866	0.28369944928114116	-0.23408277137436084	0.19415379995185406	-0.2381717864971406	0.25454636429939514	-0.30337077321692335	0.24760122552885255	-0.2867662736066927	0.2076638354480044	-0.21373225084907185	0.08809302017276685	-0.08804038279128905	0.1730889225844325	-0.20347464302402454	0.19681477447794826	-0.09628164660710055	0.07900171983555816	-0.24074374216264546	0.13512108165764453	-0.2182726756209665	0.12171363066976952	-0.11663146858347805
-0.07570239745466706	0.13985917478580287	-0.1906007247335382	0.17857386631564587	-0.20854814108169434	0.07282800081195306	-0.11477193395679552	0.20083986926083547	-0.38022586952166326	0.26639538496884535	-0.11172361651331633	0.12393530745174199	-0.4235534867928346	0.9999999999999944	-0.5799356149437301	0.13167159706006804	-0.15077057746339712	0.2396598090919804	-0.44995264360480014	0.2710445376371715	-0.1177859006060763	0.14382144989772938	-0.1798556966808538	0.24701222221588573	-0.2682570437512688	0.16103499292154458	-0.12741166887204308	0.13095480113018024	-0.058801547030205674	0.05874715871041532	-0.10219918846940157	0.11754527902891805	-0.12495783219620679	0.06082645454550989	-0.051048741333297974	0.13256572127312288	-0.07631755984857022	0.12085978287180782	-0.07667232418543993	0.07091710076425767
0.07232148795002828	-0.1368337089841781	0.181263040722488	-0.17163076909157118	0.21251358520173352	-0.07019183989811854	0.10821706745671293	-0.19119114965475437	0.2519783038813209	-0.3998665737225425	0.10451850570375887	-0.11624741876307843	0.26393179273269896	-0.5799356149437301	0.999999999999994	-0.13038111878083053	0.1424730452928218	-0.22384649576717794	0.2826632893782994	-0.5095584009813846	0.11644389204321208	-0.1444484997850083	0.17050399867305108	-0.2576568911175817	0.28151729980751367	-0.16515001110943087	0.12727422639371053	-0.13280091380547646	0.06050208304912701	-0.06160689566171309	0.1042034911246917	-0.12107582846564886	0.12439306429942648	-0.0627925196081557	0.05270041741431206	-0.13932470434626149	0.07945119088435722	-0.12692876635965852	0.07857366136316596	-0.07397532183337027
-0.09334289348325257	0.12310967422640821	-0.15072684526882502	0.10435213012493028	-0.13974999258813603	0.08789900468984041	-0.1087150845582689	0.1362996475311147	-0.13575087465635774	0.12912674521567047	-0.19394442540979243	0.17861561789747302	-0.22793402705772928	0.13167159706006804	-0.13038111878083053	0.9999999999999912	-0.6493874422581499	0.2278567005193834	-0.16315379072976663	0.11573272265922685	-0.5582892535045778	0.26345380541646624	-0.20098406535925697	0.16627777785047215	-0.152940328852332	0.27893041599887036	-0.21419865927159037	0.14881221287540203	-0.0577340466596952	0.054513181611962995	-0.13002987374140346	0.14277311796550413	-0.14873402832421256	0.061095091706713664	-0.05016017933524864	0.12904947241049888	-0.0779700198142673	0.11514944300979835	-0.07786575924099513	0.06727435208887364
0.09958955520518824	-0.14247494566129545	0.15704513855649413	-0.11255959715396034	0.1460626179461557	-0.09631201981669694	0.12533523177621253	-0.15727521233953365	0.14702317170098003	-0.14394325192651344	0.1907102175997638	-0.25749452623780195	0.2390553509101373	-0.15077057746339712	0.1424730452928218	-0.6493874422581499	0.9999999999999916	-0.3899831953198362	0.1898890627395832	-0.13323336395822977	0.2917918545786006	-0.3627650897867125	0.23263803574674521	-0.2039211720739425	0.1658468033596728	-0.31660421519548027	0.22363953640929313	-0.17472789613272188	0.06362161077169756	-0.060780333675715725	0.1393448487504671	-0.16406324750818374	0.16175031104963622	-0.06776009646588693	0.055184449937388726	-0.15044583016377935	0.08858878695281769	-0.13428817240796045	0.08401451742318763	-0.07481396047058192
-0.08816829714784065	0.14016917352945757	-0.1864946263787525	0.14174040822721468	-0.1841444923467386	0.08316853884108896	-0.11763547896182709	0.17605377732575503	-0.19810176842205302	0.19146973663442587	-0.1465009936734799	0.1577229228870316	-0.4282003527956866	0.2396598090919804	-0.22384649576717794	0.2278567005193834	-0.3899831953198362	0.9999999999999901	-0.45467147927401913	0.21173750102998995	-0.20377374130949383	0.24667076013222042	-0.4929311916069158	0.3027521670542055	-0.26174023763955095	0.22844673152144238	-0.21022151788408452	0.2149337946569433	-0.0798820782375941	0.07552109884413347	-0.1458529645351199	0.16544431876237048	-0.20803540062790182	0.08239683223665223	-0.06787002312989283	0.16276216541758512	-0.0983279463881371	0.14959340300148827	-0.10054774124196418	0.08883018514838303
0.07323423976792263	-0.12934016963437156	0.1684235091247801	-0.14480411790300474	0.17552449673812692	-0.07044662778747728	0.10404202688580033	-0.17293166180996275	0.20976821354774514	-0.2194639390813844	0.11189800116688543	-0.12364976529004498	0.28369944928114116	-0.44995264360480014	0.2826632893782994	-0.16315379072976663	0.1898890627395832	-0.45467147927401913	0.9999999999999907	-0.4112915602461735	0.14319202582842616	-0.1844007774601313	0.25893082151696606	-0.5085698524401484	0.2971748853524348	-0.18830248200817695	0.15560163981682065	-0.16763024037502292	0.06824805645312144	-0.06765157239123833	0.11807965817862451	-0.13735227771577183	0.152921609964065	-0.07006918071429949	0.05833559227481347	-0.14635054331717826	0.08537600193025442	-0.13391507309521802	0.08566767185647292	-0.07872249673967555
-0.059575263664813284	0.10713788921497285	-0.14693060630266244	0.1262828191595516	-0.1634931240234979	0.05717523150592668	-0.08593408820041369	0.1442469608769088	-0.1869949519902253	0.21234891817260382	-0.08888663409296675	0.0967041243120856	-0.23408277137436084	0.2710445376371715	-0.5095584009813846	0.11573272265922685	-0.13323336395822977	0.21173750102998995	-0.4112915602461735	0.9999999999999895	-0.10563890066826102	0.1314313537473891	-0.17355563965767754	0.2692577734505315	-0.6497186449376294	0.14248816070532305	-0.11622310867120168	0.1222545027588278	-0.06342013443700285	0.06553905574168982	-0.09200389379533848	0.10585632708683727	-0.11638887738902111	0.06034097419905099	-0.052712193455064664	0.11692713397653107	-0.06793376582894473	0.1070181160538043	-0.07356436088333981	0.0676161837549449
0.07061889296843481	-0.1028229195040949	0.132981235270975	-0.09311199465531192	0.12502850766540022	-0.06738041639335547	0.08652868401964381	-0.11875353342319361	0.11967135174005285	-0.11696515323776395	0.12651181859190005	-0.13032405883112225	0.19415379995185406	-0.1177859006060763	0.11644389204321208	-0.5582892535045778	0.2917918545786006	-0.20377374130949383	0.14319202582842616	-0.10563890066826102	0.9999999999999859	-0.4382050334597951	0.20000100572149154	-0.16570148604042978	0.13918015626340216	-0.5798263998235726	0.2611280035824066	-0.16436908749995244	0.05834614533006114	-0.054997729685326555	0.14477150801194577	-0.16743220358155247	0.1550860015789737	-0.062166686792223015	0.0504655499482245	-0.13926684983754842	0.08285160492909782	-0.12193917120521364	0.07728545571511015	-0.0672869737391259
-0.0762726259237554	0.11304887857043232	-0.15618599275876777	0.1098359362981547	-0.1488872743569364	0.07120571175132138	-0.09574960486997988	0.13468331281449933	-0.14288701618256633	0.13884399962845614	-0.13172432278794993	0.13562602878213179	-0.2381717864971406	0.14382144989772938	-0.1444484997850083	0.26345380541646624	-0.3627650897867125	0.24667076013222042	-0.1844007774601313	0.1314313537473891	-0.4382050334597951	0.9999999999999879	-0.3956202268083299	0.21531319481900973	-0.17970647214527166	0.31273607571356327	-0.5672028098929748	0.2331319464274666	-0.07623193388497496	0.07012149433011121	-0.19269983241997757	0.22129022185675526	-0.2220155254072361	0.07971375206381832	-0.06452149867213626	0.16630191503525643	-0.10247390162392818	0.1467110374099604	-0.09624478834744606	0.08247414068700842
0.0712093523406353	-0.11545392450230886	0.1550738909607285	-0.11647923770283178	0.15236070849057312	-0.06765288571875622	0.09448978271710623	-0.1438314842817742	0.1554204172650559	-0.15816867874842042	0.11496061588520093	-0.1239486981887515	0.25454636429939514	-0.1798556966808538	0.17050399867305108	-0.20098406535925697	0.23263803574674521	-0.4929311916069158	0.25893082151696606	-0.17355563965767754	0.20000100572149154	-0.3956202268083299	0.9999999999999867	-0.489969411947192	0.2246928808466457	-0.241890473357546	0.24741727540726807	-0.4075587377451576	0.08864006405434155	-0.08262748064501199	0.1569614540328575	-0.19397094762339345	0.24749438795362425	-0.09121328873956955	0.07242445198444583	-0.17498211800182284	0.10595894126982963	-0.16354984821055527	0.10192841374820494	-0.0914088268799568
-0.07670742505769056	0.1284310253992031	-0.18290499419922604	0.14250486390442937	-0.1878226483417355	0.07246912393514227	-0.10505750073551179	0.16617827447123273	-0.2029075041784877	0.20054184933488936	-0.11946603172604359	0.12620216433461773	-0.30337077321692335	0.24701222221588573	-0.2576568911175817	0.16627777785047215	-0.2039211720739425	0.3027521670542055	-0.5085698524401484	0.2692577734505315	-0.16570148604042978	0.21531319481900973	-0.489969411947192	0.9999999999999881	-0.4663540196863194	0.20021662002472582	-0.19224753031131178	0.208735042970619	-0.08603392455735956	0.08253703368041192	-0.13804932939090048	0.1558800824732957	-0.2040146334940342	0.08464297402444404	-0.07122508280586284	0.15568973642040848	-0.09452329654788594	0.1439700488148346	-0.10223000869602814	0.09012154396026373
0.07407009138240278	-0.13511395069262622	0.1724057691335904	-0.14770434804029856	0.18226944576010096	-0.0717424979468719	0.10580424889559537	-0.1781649626794063	0.19764228483599233	-0.2508750973087637	0.1096840610698954	-0.1205284578771313	0.24760122552885255	-0.2682570437512688	0.28151729980751367	-0.152940328852332	0.1658468033596728	-0.26174023763955095	0.2971748853524348	-0.6497186449376294	0.13918015626340216	-0.17970647214527166	0.2246928808466457	-0.4663540196863194	0.99999999999999	-0.19623555318898145	0.15573555999955663	-0.1698057172736635	0.09070264130270878	-0.10200287678636574	0.1253297391371474	-0.1469098005300954	0.15512142469903	-0.08594815288240006	0.07525775169925339	-0.16508414571438557	0.09478650895574554	-0.1510567996638815	0.10159628703797911	-0.09652995616879963
-0.0929651116154455	0.13425135418631873	-0.20118249800167484	0.13553029180156434	-0.18898281571310335	0.08528688465290062	-0.11351569307797321	0.15985907777510072	-0.1718261301790874	0.16381060143048326	-0.15764085081310766	0.1529206736631068	-0.2867662736066927	0.16103499292154458	-0.16515001110943087	0.27893041599887036	-0.31660421519548027	0.22844673152144238	-0.18830248200817695	0.14248816070532305	-0.5798263998235726	0.31273607571356327	-0.241890473357546	0.20021662002472582	-0.19623555318898145	0.9999999999999858	-0.45911851635676054	0.21195398207075103	-0.08216508099514545	0.07623567311875941	-0.23410581657445295	0.22820609837546482	-0.22352643995117738	0.08703182957919908	-0.0714181495871179	0.1853300314862028	-0.11498749980208485	0.16065211246079414	-0.11295938956338465	0.0942477961506123
0.06615780340603114	-0.1016826219433768	0.14343729789840814	-0.10044745398456612	0.13649167712796595	-0.06219437328284633	0.08412950539216406	-0.1224104807465446	0.1283714269570234	-0.12673386421161392	0.10944244402930872	-0.11412856256239531	0.2076638354480044	-0.12741166887204308	0.12727422639371053	-0.21419865927159037	0.22363953640929313	-0.21022151788408452	0.15560163981682065	-0.11622310867120168	0.2611280035824066	-0.5672028098929748	0.24741727540726807	-0.19224753031131178	0.15573555999955663	-0.45911851635676054	0.999999999999986	-0.3384142711072466	0.08222386843781278	-0.07579220146403247	0.2372026612430375	-0.42078588363481284	0.25049424489217204	-0.0875134928503477	0.06897439586483489	-0.20747511998768997	0.12118107573183806	-0.17542006748641908	0.10060593665531854	-0.087550208298903
-0.05996538475393845	0.09508051911507448	-0.1414704928440028	0.09970547464294614	-0.1364330913724286	0.05612764413943083	-0.07819705607993019	0.11771663737870501	-0.12896238112025588	0.12691749246252645	-0.09590114317519495	0.09913413490354434	-0.21373225084907185	0.13095480113018024	-0.13280091380547646	0.14881221287540203	-0.17472789613272188	0.2149337946569433	-0.16763024037502292	0.1222545027588278	-0.16436908749995244	0.2331319464274666	-0.4075587377451576	0.208735042970619	-0.1698057172736635	0.21195398207075103	-0.3384142711072466	0.9999999999999863	-0.15003409181448335	0.11638162089769731	-0.189915363419364	0.23074195244263304	-0.7091585608424339	0.13785565514354356	-0.10586968094621355	0.17802615643915398	-0.1261520520352441	0.1827869181737236	-0.13062745884783378	0.11047538687759534
0.026116364186248187	-0.0435178194491214	0.06412365962602144	-0.045887997926481655	0.06204430465869193	-0.024678169527213877	0.03487990737298053	-0.05448734998082597	0.05811320205072265	-0.06051818618988313	0.040087948446568475	-0.04196278107160463	0.08809302017276685	-0.058801547030205674	0.06050208304912701	-0.0577340466596952	0.06362161077169756	-0.0798820782375941	0.06824805645312144	-0.06342013443700285	0.05834614533006114	-0.07623193388497496	0.08864006405434155	-0.08603392455735956	0.09070264130270878	-0.08216508099514545	0.08222386843781278	-0.15003409181448335	0.9999999999999873	-0.7641090084379804	0.0693371392594009	-0.08152270771445518	0.13822850121426028	-0.49705277117180274	0.3024483162920779	-0.081303336189537	0.053607508136503404	-0.08299856998015706	0.22140977062691403	-0.2384325721365566
-0.025688299712788625	0.042866370600313085	-0.06446325582508153	0.04593098432535541	-0.06247136449752609	0.024223614058146423	-0.034387524950157324	0.053883837609372036	-0.05821312701164747	0.06045441557321724	-0.03924645199555392	0.040917715242226885	-0.08804038279128905	0.05874715871041532	-0.06160689566171309	0.054513181611962995	-0.060780333675715725	0.07552109884413347	-0.06765157239123833	0.06553905574168982	-0.054997729685326555	0.07012149433011121	-0.08262748064501199	0.08253703368041192	-0.10200287678636574	0.07623567311875941	-0.07579220146403247	0.11638162089769731	-0.7641090084379804	0.9999999999999858	-0.06507268360404897	0.07373417383780116	-0.12390093862380684	0.3109551942923402	-0.4868150735758465	0.07556292180047183	-0.050659138543619586	0.0773032396192421	-0.26229723655730286	0.2253947964815334
0.05197173965605996	-0.08228053131003754	0.1272611305225588	-0.08658860762251763	0.12061187537433497	-0.04858676953640994	0.06721718567995917	-0.10101075659773116	0.10802049052009646	-0.1061888381674173	0.0822598275534374	-0.08447633967169703	0.1730889225844325	-0.10219918846940157	0.1042034911246917	-0.13002987374140346	0.1393448487504671	-0.1458529645351199	0.11807965817862451	-0.09200389379533848	0.14477150801194577	-0.19269983241997757	0.1569614540328575	-0.13804932939090048	0.1253297391371474	-0.23410581657445295	0.2372026612430375	-0.189915363419364	0.0693371392594009	-0.06507268360404897	0.9999999999999872	-0.6825702641023987	0.22029333807940416	-0.07900246536956533	0.06230693561618449	-0.5065219550246126	0.2057727258049516	-0.26216736138190416	0.09895883835283853	-0.08367067181956302
-0.05918444561666671	0.0924093815330152	-0.14631920581659044	0.0989348281429676	-0.13891765518189733	0.05497557211248368	-0.07617853133012831	0.11366984169910893	-0.12420916539225552	0.12047461183070896	-0.09440236244303603	0.09572874719851095	-0.20347464302402454	0.11754527902891805	-0.12107582846564886	0.14277311796550413	-0.16406324750818374	0.16544431876237048	-0.13735227771577183	0.10585632708683727	-0.16743220358155247	0.22129022185675526	-0.19397094762339345	0.1558800824732957	-0.1469098005300954	0.22820609837546482	-0.42078588363481284	0.23074195244263304	-0.08152270771445518	0.07373417383780116	-0.6825702641023987	0.9999999999999866	-0.3463406543474459	0.09094440217175748	-0.07206049943861229	0.2588045196965235	-0.16314431727531517	0.19241670197081348	-0.10901231492093136	0.08909677947964173
0.05855662046090005	-0.09450192108603803	0.1373203126131371	-0.09718926921472462	0.13182734272148247	-0.0552136480629011	0.0767446365920801	-0.11668580877121337	0.12373212208687871	-0.1246064684739466	0.09253870038031055	-0.0969423918548527	0.19681477447794826	-0.12495783219620679	0.12439306429942648	-0.14873402832421256	0.16175031104963622	-0.20803540062790182	0.152921609964065	-0.11638887738902111	0.1550860015789737	-0.2220155254072361	0.24749438795362425	-0.2040146334940342	0.15512142469903	-0.22352643995117738	0.25049424489217204	-0.7091585608424339	0.13822850121426028	-0.12390093862380684	0.22029333807940416	-0.3463406543474459	0.9999999999999866	-0.18533095367182548	0.11990916829527543	-0.24130405106891983	0.1654258142938835	-0.28594676709412736	0.1455385238843949	-0.12939672520418655
-0.028373562595690523	0.04694336616534082	-0.07143019469065681	0.049914563162214834	-0.06846724394535517	0.02670764098648457	-0.037697561953035225	0.05859290399126412	-0.06253758077270279	0.06363047890747378	-0.043478831264574254	0.04515861786895065	-0.09628164660710055	0.06082645454550989	-0.0627925196081557	0.061095091706713664	-0.06776009646588693	0.08239683223665223	-0.07006918071429949	0.06034097419905099	-0.062166686792223015	0.07971375206381832	-0.09121328873956955	0.08464297402444404	-0.08594815288240006	0.08703182957919908	-0.0875134928503477	0.13785565514354356	-0.49705277117180274	0.3109551942923402	-0.07900246536956533	0.09094440217175748	-0.18533095367182548	0.9999999999999869	-0.6379215076986824	0.09131840076462547	-0.06304093154677956	0.09675189810789353	-0.42854434193490226	0.2918019850145585
0.02346316638641655	-0.03910862632507648	0.05900261444140191	-0.041517128328277496	0.05668440166545162	-0.022130703025410873	0.03129928165295855	-0.04890660469972822	0.05200850398292862	-0.05354671836258364	0.035795829161838905	-0.03730729121238323	0.07900171983555816	-0.051048741333297974	0.05270041741431206	-0.05016017933524864	0.055184449937388726	-0.06787002312989283	0.05833559227481347	-0.052712193455064664	0.0504655499482245	-0.06452149867213626	0.07242445198444583	-0.07122508280586284	0.07525775169925339	-0.0714181495871179	0.06897439586483489	-0.10586968094621355	0.3024483162920779	-0.4868150735758465	0.06230693561618449	-0.07206049943861229	0.11990916829527543	-0.6379215076986824	0.9999999999999872	-0.0747804638176379	0.05019702126912431	-0.07802008083338052	0.296226328839314	-0.4747456469515483
-0.06625246915780436	0.105242820489632	-0.18523114575150534	0.12065680381891712	-0.1745940061164297	0.06109853642369052	-0.0863340949679628	0.1314953175216868	-0.14753898821823408	0.1411436907967867	-0.10208207395196259	0.10228928704878672	-0.24074374216264546	0.13256572127312288	-0.13932470434626149	0.12904947241049888	-0.15044583016377935	0.16276216541758512	-0.14635054331717826	0.11692713397653107	-0.13926684983754842	0.16630191503525643	-0.17498211800182284	0.15568973642040848	-0.16508414571438557	0.1853300314862028	-0.20747511998768997	0.17802615643915398	-0.081303336189537	0.07556292180047183	-0.5065219550246126	0.2588045196965235	-0.24130405106891983	0.09131840076462547	-0.0747804638176379	0.9999999999999867	-0.5631770564060217	0.310399391976769	-0.13429263704716302	0.10242131167907298
0.03795981210339555	-0.060652983910128466	0.10305381155437275	-0.06803033525610841	0.0973390893261154	-0.035182397655312996	0.049559319718710027	-0.07557634297202769	0.08357097219315195	-0.0808365830715431	0.058620326783655835	-0.05930284102395088	0.13512108165764453	-0.07631755984857022	0.07945119088435722	-0.0779700198142673	0.08858878695281769	-0.0983279463881371	0.08537600193025442	-0.06793376582894473	0.08285160492909782	-0.10247390162392818	0.10595894126982963	-0.09452329654788594	0.09478650895574554	-0.11498749980208485	0.12118107573183806	-0.1261520520352441	0.053607508136503404	-0.050659138543619586	0.2057727258049516	-0.16314431727531517	0.1654258142938835	-0.06304093154677956	0.05019702126912431	-0.5631770564060217	0.9999999999999867	-0.7390194172834297	0.091016059451312	-0.07212926538950179
-0.05983016258822714	0.09547008240086476	-0.16776461825467814	0.10952296555997897	-0.1582744570078733	0.05522782850850022	-0.0781918330676148	0.11947583658540836	-0.1340167031398054	0.12850462433960425	-0.09189789361378692	0.09230256347270197	-0.2182726756209665	0.12085978287180782	-0.12692876635965852	0.11514944300979835	-0.13428817240796045	0.14959340300148827	-0.13391507309521802	0.1070181160538043	-0.12193917120521364	0.1467110374099604	-0.16354984821055527	0.1439700488148346	-0.1510567996638815	0.16065211246079414	-0.17542006748641908	0.1827869181737236	-0.08299856998015706	0.0773032396192421	-0.26216736138190416	0.19241670197081348	-0.28594676709412736	0.09675189810789353	-0.07802008083338052	0.310399391976769	-0.7390194172834297	0.9999999999999869	-0.1506092998041817	0.10999174536459476
0.03742934407394995	-0.06317984273999866	0.09431067707221324	-0.06585500239704489	0.08980280550636956	-0.03542394458151009	0.05004293391396168	-0.07864116794621773	0.08119864066393205	-0.08355561658790188	0.05641988719193222	-0.058927819490876165	0.12171363066976952	-0.07667232418543993	0.07857366136316596	-0.07786575924099513	0.08401451742318763	-0.10054774124196418	0.08566767185647292	-0.07356436088333981	0.07728545571511015	-0.09624478834744606	0.10192841374820494	-0.10223000869602814	0.10159628703797911	-0.11295938956338465	0.10060593665531854	-0.13062745884783378	0.22140977062691403	-0.26229723655730286	0.09895883835283853	-0.10901231492093136	0.1455385238843949	-0.42854434193490226	0.296226328839314	-0.13429263704716302	0.091016059451312	-0.1506092998041817	0.9999999999999871	-0.7726883260146401
-0.034253869752873325	0.05705581168585735	-0.09103353575412265	0.06204831363538932	-0.08649297348855899	0.03214331900786599	-0.04563497806809874	0.07139058158326576	-0.07630354960161476	0.07677997978787937	-0.05162999175585548	0.05325000765953446	-0.11663146858347805	0.07091710076425767	-0.07397532183337027	0.06727435208887364	-0.07481396047058192	0.08883018514838303	-0.07872249673967555	0.0676161837549449	-0.0672869737391259	0.08247414068700842	-0.0914088268799568	0.09012154396026373	-0.09652995616879963	0.0942477961506123	-0.087550208298903	0.11047538687759534	-0.2384325721365566	0.2253947964815334	-0.08367067181956302	0.08909677947964173	-0.12939672520418655	0.2918019850145585	-0.4747456469515483	0.10242131167907298	-0.07212926538950179	0.10999174536459476	-0.7726883260146401	0.9999999999999871
