0.9999999999999999	-0.46606738371616735	0.17734416984853835	-0.1191268656497167	0.1009132057635585	-0.6618939595985176	0.29806605120915847	-0.17039135105233835	0.1278345948527745	-0.10919432548227755	0.24069066147462803	-0.3148473075446967	0.16316483061213832	-0.12373010453812266	0.09260369631609416	-0.16781545461812547	0.14185476105117753	-0.13202559343423442	0.1252887634014397	-0.08156320900796482	0.10262411819341566	-0.12574696844114286	0.1295915612910328	-0.09511697837012889	0.08009166654024116	-0.08436618920342866	0.10594909196931862	-0.1135132355848018	0.10253172828988179	-0.08435710803337318	0.09528155498796219	-0.09599663061567765	0.09184814374697019	-0.09793554048476147	0.12705625905303153
-0.46606738371616735	0.9999999999999992	-0.26733452686085146	0.11665624374492703	-0.09943054669896477	0.2720825092217467	-0.7700552029808443	0.20706880452421295	-0.12233116105628575	0.09864565149301041	-0.12448665764337508	0.14130258355743583	-0.14237103184209246	0.09885575738513845	-0.06666065304797365	0.09278996963258027	-0.08215562159380854	0.08822964231004299	-0.08985659953041054	0.05832568963707903	-0.05937414327163675	0.07409518880971716	-0.0821313129146342	0.0619141492619645	-0.052418025691639766	0.04847474303600411	-0.06310307166431382	0.06911530366878015	-0.06305009525421051	0.0525629712969395	-0.05599707524613244	0.05633160676459758	-0.05568864734417872	0.05934528311607583	-0.0771798406504225
0.17734416984853835	-0.26733452686085146	0.999999999999999	-0.39638328128807476	0.22622771656275087	-0.17459392530010026	0.21852084963906782	-0.7019069148285828	0.24345384088398647	-0.23312164136997027	0.09600119876879022	-0.11935764616368687	0.24769926469819428	-0.19513106509565553	0.11512234155380771	-0.12328504074146579	0.10859085104537043	-0.14587027646463774	0.14829851100735625	-0.10379398573527461	0.07843551916888303	-0.1054961398797824	0.12163458933413436	-0.10107533080369359	0.08352480810859164	-0.06639220114722848	0.08844662560728621	-0.10406281653186661	0.09291162613633307	-0.08062670539327206	0.07610722569465386	-0.07974079621235257	0.08098117359448226	-0.08929449352747856	0.11152504972934127
-0.1191268656497167	0.11665624374492703	-0.39638328128807476	0.9999999999999993	-0.7583027132774649	0.10466011696288559	-0.12028717432244011	0.22852676628157606	-0.33283463194018226	0.27678366844466123	-0.06369552042550161	0.07794882068452604	-0.1889012341557996	0.1445736094756108	-0.11409457432162523	0.08744843496609546	-0.08037683604462124	0.10584584270411095	-0.12409490734082515	0.09381763129242016	-0.058333896092975075	0.07758798714828317	-0.09466276117132068	0.08159336282489439	-0.07019548105195415	0.04864960269908382	-0.06653453029680864	0.07730493983820887	-0.07320784556837992	0.06346151741065877	-0.057226965464890305	0.05898639409152382	-0.06170911523659531	0.06705076257431977	-0.08762671121036775
0.1009132057635585	-0.09943054669896477	0.22622771656275087	-0.7583027132774649	0.9999999999999998	-0.09603726402187533	0.09907759468749582	-0.20531762441930532	0.2722863179408226	-0.48346837235525764	0.058855690569581724	-0.07335768737560992	0.1560453776193539	-0.1364719069803861	0.11645854974776194	-0.08451237200032174	0.07562075024807093	-0.10025010696868542	0.11288068628389346	-0.10054205178845613	0.05536173554420418	-0.0742734353640144	0.08858071713532523	-0.08228786496011443	0.06927151832830364	-0.046726355450578634	0.0633136698298843	-0.07491540515684382	0.07036941614830278	-0.06230455667966868	0.054336162807301955	-0.05672485343502877	0.05909421361444433	-0.06532578511275203	0.08382216450647514
-0.6618939595985176	0.2720825092217467	-0.17459392530010026	0.10466011696288559	-0.09603726402187533	1.0000000000000002	-0.4089933850913921	0.15871465648588898	-0.12420120317046977	0.0985947516927233	-0.42877201503347034	0.27419036623044163	-0.1634314223797419	0.11460135902164442	-0.08715793805105636	0.15193638096278073	-0.1370111923437751	0.12132997519407722	-0.12075665444020893	0.07495048573604887	-0.09980540881725293	0.11388446391653079	-0.12293565618051365	0.08518611721922027	-0.07359619031809356	0.07721787664889133	-0.09943853972922456	0.10152278816231855	-0.09422305627608711	0.07594010971332193	-0.09101588537761325	0.0870788504248509	-0.08442589821909392	0.08676114600071101	-0.11674189450249604
0.29806605120915847	-0.7700552029808443	0.21852084963906782	-0.12028717432244011	0.09907759468749582	-0.4089933850913921	1.0000000000000009	-0.27669029152168506	0.12746413076188512	-0.10613710602330487	0.1507818083260635	-0.1803754473622866	0.15041879831560553	-0.10894770186375688	0.07164700010007798	-0.10652084163042232	0.09332524200591828	-0.09816368976168441	0.09722246859317407	-0.06335373366120697	0.06656182298131452	-0.08348725934392599	0.0904000991375512	-0.06799059017902151	0.0571776806036319	-0.05448079053819005	0.07026736486776938	-0.076702154383945	0.0690208643023728	-0.057657024892158064	0.06234584681014045	-0.06295707646016675	0.06143621333964049	-0.06555438604925642	0.084269356849942
-0.17039135105233835	0.20706880452421295	-0.7019069148285828	0.22852676628157606	-0.20531762441930532	0.15871465648588898	-0.27669029152168506	1.0000000000000007	-0.33446529274599984	0.20881133099189234	-0.0898214656600451	0.10849337879323345	-0.4026970849355456	0.20296303354487835	-0.11161273316610408	0.11331063345098652	-0.10476996513774729	0.14499829977008	-0.15656233500899877	0.0983122155273997	-0.073270114275975	0.0993683950424278	-0.11964318854080151	0.09370652986395618	-0.07866344534790576	0.06128288955715373	-0.08305604907479966	0.09621076137806121	-0.08600413380405661	0.07411877801220984	-0.0710383971834114	0.0737894129478968	-0.07523182089980918	0.08148549411387081	-0.10269225722953317
0.1278345948527745	-0.12233116105628575	0.24345384088398647	-0.33283463194018226	0.2722863179408226	-0.12420120317046977	0.12746413076188512	-0.33446529274599984	1.0000000000000009	-0.7190833400096087	0.07853394417062415	-0.09810137087147239	0.2307226674967915	-0.2733218716437933	0.16961208475636633	-0.11859175473468293	0.10725945627157173	-0.1496244056131447	0.17932548535863896	-0.15307131842134616	0.07709226133898486	-0.10550938466651662	0.1266814277358992	-0.12011202389762801	0.10025390129967655	-0.06523505254194946	0.08882058649562581	-0.10564656009783437	0.09825080763053266	-0.08809302138346013	0.07564218796210607	-0.07945389632065904	0.08253486872756517	-0.09132846109090563	0.11585236453169148
-0.10919432548227755	0.09864565149301041	-0.23312164136997027	0.27678366844466123	-0.48346837235525764	0.0985947516927233	-0.10613710602330487	0.20881133099189234	-0.7190833400096087	1.0000000000000018	-0.06361430344269384	0.07818108037309507	-0.19726798765412934	0.1789012778964209	-0.21225378216962357	0.09472637016185136	-0.08830648444769862	0.11983857677780893	-0.15398161464879526	0.1482360941678752	-0.06337310322547701	0.08597921883158384	-0.10713553931483424	0.1045473666043941	-0.09186770931092972	0.052989137277574046	-0.0733724168530552	0.08621387967302258	-0.08386347655493265	0.07527940483093758	-0.06245897066060542	0.0648131524526582	-0.06854306481122208	0.07498577525919622	-0.0981844386829615
0.24069066147462803	-0.12448665764337508	0.09600119876879022	-0.06369552042550161	0.058855690569581724	-0.42877201503347034	0.1507818083260635	-0.0898214656600451	0.07853394417062415	-0.06361430344269384	1.0000000000000009	-0.8055549536807273	0.1157826332774968	-0.08727608221896373	0.06708184706291448	-0.22362034604358935	0.17676252620929098	-0.1193731832740223	0.10043269415574264	-0.059010969260179534	0.11105399095316638	-0.12966348679422304	0.11655745588093137	-0.0719809736587961	0.06092271994880271	-0.08442365010002144	0.10110720083583807	-0.09485779961656873	0.07853304195058973	-0.06311904120477799	0.09249460127402592	-0.08870239916937762	0.07606103514661133	-0.07592921579976519	0.09423263345362623
-0.3148473075446967	0.14130258355743583	-0.11935764616368687	0.07794882068452604	-0.07335768737560992	0.27419036623044163	-0.1803754473622866	0.10849337879323345	-0.09810137087147239	0.07818108037309507	-0.8055549536807273	0.9999999999999978	-0.14714817281662226	0.10733671450393557	-0.08400319833368103	0.2061717157620983	-0.2526014264314658	0.14374328876245263	-0.12741360596782447	0.07292212681563257	-0.12837356081579876	0.15218626047913245	-0.14649917775709564	0.08760749183207588	-0.0754139281945639	0.09494823584102896	-0.12446744220251454	0.1137127591951927	-0.09734231306738915	0.077404225120928	-0.11131654378271261	0.10407944009580179	-0.0931443246281874	0.09153357620398829	-0.11740564451309252
0.16316483061213832	-0.14237103184209246	0.24769926469819428	-0.1889012341557996	0.1560453776193539	-0.1634314223797419	0.15041879831560553	-0.4026970849355456	0.2307226674967915	-0.19726798765412934	0.1157826332774968	-0.14714817281662226	0.999999999999997	-0.5755904553191207	0.16822143409324808	-0.20513347554101213	0.18745674970692666	-0.3439823912078905	0.29555583153166093	-0.15989434292451252	0.12598785333164048	-0.18414259709321043	0.2157746920455371	-0.16330563096521605	0.13162870589453177	-0.10808754847556991	0.14622351843178996	-0.17649706490144698	0.14536004560564636	-0.12722906378297436	0.12226110570026895	-0.13140805463768107	0.13133343268674674	-0.14463059032809977	0.17110347674785573
-0.12373010453812266	0.09885575738513845	-0.19513106509565553	0.1445736094756108	-0.1364719069803861	0.11460135902164442	-0.10894770186375688	0.20296303354487835	-0.2733218716437933	0.1789012778964209	-0.08727608221896373	0.10733671450393557	-0.5755904553191207	0.9999999999999994	-0.20699411554236297	0.15299047556727507	-0.16013184422215584	0.2605671890008507	-0.6176005657759125	0.17736298324979666	-0.1008808943066793	0.14666959230305338	-0.19782525168245535	0.14165206033548183	-0.1244672389106188	0.08356485570444254	-0.11917291926876897	0.13714087345470635	-0.1203011866346033	0.1049502999599742	-0.09839402156937807	0.10260514882068032	-0.10580858267344981	0.11147057879361995	-0.1391005447895539
0.09260369631609416	-0.06666065304797365	0.11512234155380771	-0.11409457432162523	0.11645854974776194	-0.08715793805105636	0.07164700010007798	-0.11161273316610408	0.16961208475636633	-0.21225378216962357	0.06708184706291448	-0.08400319833368103	0.16822143409324808	-0.20699411554236297	0.9999999999999974	-0.12404683202708323	0.11425502923803886	-0.16452859094933864	0.21185218594617836	-0.8234151163985041	0.08221220924028363	-0.11958016538276203	0.15170264620390744	-0.27441085512028	0.2341566205790249	-0.0703753646968499	0.10015953937232723	-0.12603204396452855	0.13760665789996746	-0.14975081445399457	0.08259179720567375	-0.08899048569734663	0.09783213366359736	-0.1133899808038153	0.14788622934292334
-0.16781545461812547	0.09278996963258027	-0.12328504074146579	0.08744843496609546	-0.08451237200032174	0.15193638096278073	-0.10652084163042232	0.11331063345098652	-0.11859175473468293	0.09472637016185136	-0.22362034604358935	0.2061717157620983	-0.20513347554101213	0.15299047556727507	-0.12404683202708323	1.0000000000000016	-0.5384161814569616	0.2359159586931349	-0.20246644615820172	0.10835959088404103	-0.49775342373849796	0.27079338064542924	-0.2556212248091231	0.13709566790342917	-0.11832831412035907	0.2483649124423205	-0.2565623221799263	0.19972541550426143	-0.15895154428698982	0.12326373377243197	-0.2787606903777139	0.21371176657193677	-0.16694616931957243	0.15386809486746605	-0.18609599891481765
0.14185476105117753	-0.08215562159380854	0.10859085104537043	-0.08037683604462124	0.07562075024807093	-0.1370111923437751	0.09332524200591828	-0.10476996513774729	0.10725945627157173	-0.08830648444769862	0.17676252620929098	-0.2526014264314658	0.18745674970692666	-0.16013184422215584	0.11425502923803886	-0.5384161814569616	0.9999999999999981	-0.4094643203101636	0.2025698028870215	-0.10570219290762946	0.21286077860212255	-0.5341266670621815	0.28028711064408474	-0.1381146298158254	0.11203910514181846	-0.17068990171401943	0.23439928264201088	-0.2020600406313419	0.13790254640736482	-0.11185166598392547	0.17947722647067163	-0.19545142869520254	0.14721716450382308	-0.14122335996694615	0.15718878221752255
-0.13202559343423442	0.08822964231004299	-0.14587027646463774	0.10584584270411095	-0.10025010696868542	0.12132997519407722	-0.09816368976168441	0.14499829977008	-0.1496244056131447	0.11983857677780893	-0.1193731832740223	0.14374328876245263	-0.3439823912078905	0.2605671890008507	-0.16452859094933864	0.2359159586931349	-0.4094643203101636	0.9999999999999968	-0.5002051020510188	0.15351712972137924	-0.15533999198131448	0.26647367413231804	-0.5212439560354177	0.17395047324695925	-0.14662704921243624	0.12312502695022129	-0.19395596789920996	0.20820810234211629	-0.15504990215378991	0.12809323152649735	-0.14759122934113927	0.1535223172630866	-0.15452666301041854	0.14723989561862752	-0.17494976248142655
0.1252887634014397	-0.08985659953041054	0.14829851100735625	-0.12409490734082515	0.11288068628389346	-0.12075665444020893	0.09722246859317407	-0.15656233500899877	0.17932548535863896	-0.15398161464879526	0.10043269415574264	-0.12741360596782447	0.29555583153166093	-0.6176005657759125	0.21185218594617836	-0.20246644615820172	0.2025698028870215	-0.5002051020510188	0.9999999999999962	-0.2641728926617633	0.12261190402379508	-0.1936774888153755	0.23958118059187508	-0.18227223379839394	0.15092715725766345	-0.10425436135031893	0.14601394723636513	-0.17557148826798782	0.1416522239894642	-0.12763348330503824	0.11854067962873369	-0.12820922867373258	0.12759874546706151	-0.13741528330088665	0.1611827811939066
-0.08156320900796482	0.05832568963707903	-0.10379398573527461	0.09381763129242016	-0.10054205178845613	0.07495048573604887	-0.06335373366120697	0.0983122155273997	-0.15307131842134616	0.1482360941678752	-0.059010969260179534	0.07292212681563257	-0.15989434292451252	0.17736298324979666	-0.8234151163985041	0.10835959088404103	-0.10570219290762946	0.15351712972137924	-0.2641728926617633	0.9999999999999969	-0.07391769083831544	0.10710488654407072	-0.1453255538113593	0.23467653695097815	-0.33808305771670033	0.06228489451074367	-0.09087658378247793	0.11207754455987633	-0.1353583431061581	0.1417000006673786	-0.07449729357853486	0.0791119599151586	-0.08929082027360327	0.10166137623665268	-0.1415440038992701
0.10262411819341566	-0.05937414327163675	0.07843551916888303	-0.058333896092975075	0.05536173554420418	-0.09980540881725293	0.06656182298131452	-0.073270114275975	0.07709226133898486	-0.06337310322547701	0.11105399095316638	-0.12837356081579876	0.12598785333164048	-0.1008808943066793	0.08221220924028363	-0.49775342373849796	0.21286077860212255	-0.15533999198131448	0.12261190402379508	-0.07391769083831544	0.9999999999999941	-0.21145827767184988	0.16600522732384787	-0.10100283894265757	0.08321189025755944	-0.6857924923982931	0.1947245761773423	-0.16776676532947424	0.11619482951405932	-0.09291017745650851	0.2810605984335066	-0.25273426065094123	0.13353841238002745	-0.13097737703413603	0.13419545182134623
-0.12574696844114286	0.07409518880971716	-0.1054961398797824	0.07758798714828317	-0.0742734353640144	0.11388446391653079	-0.08348725934392599	0.0993683950424278	-0.10550938466651662	0.08597921883158384	-0.12966348679422304	0.15218626047913245	-0.18414259709321043	0.14666959230305338	-0.11958016538276203	0.27079338064542924	-0.5341266670621815	0.26647367413231804	-0.1936774888153755	0.10710488654407072	-0.21145827767184988	0.9999999999999957	-0.4779749324650193	0.1544356215391055	-0.1285810065702003	0.16429064706318305	-0.48237273745060655	0.2507757678938203	-0.16025652522761427	0.12525384399788717	-0.22003615353279057	0.23530048045918484	-0.18387236478811714	0.16044621707068807	-0.17788454956884436
0.1295915612910328	-0.0821313129146342	0.12163458933413436	-0.09466276117132068	0.08858071713532523	-0.12293565618051365	0.0904000991375512	-0.11964318854080151	0.1266814277358992	-0.10713553931483424	0.11655745588093137	-0.14649917775709564	0.2157746920455371	-0.19782525168245535	0.15170264620390744	-0.2556212248091231	0.28028711064408474	-0.5212439560354177	0.23958118059187508	-0.1453255538113593	0.16600522732384787	-0.4779749324650193	0.9999999999999967	-0.282737152529155	0.18271708358374542	-0.14363072041674652	0.25345689968702545	-0.38919878443656575	0.1909326825956306	-0.16269010720295443	0.1709699129862702	-0.20219212903556996	0.2063592688810779	-0.2006251960159912	0.20597502622420102
-0.09511697837012889	0.0619141492619645	-0.10107533080369359	0.08159336282489439	-0.08228786496011443	0.08518611721922027	-0.06799059017902151	0.09370652986395618	-0.12011202389762801	0.1045473666043941	-0.0719809736587961	0.08760749183207588	-0.16330563096521605	0.14165206033548183	-0.27441085512028	0.13709566790342917	-0.1381146298158254	0.17395047324695925	-0.18227223379839394	0.23467653695097815	-0.10100283894265757	0.1544356215391055	-0.282737152529155	0.9999999999999928	-0.7678501704689399	0.08455394354870148	-0.13473947962212696	0.16998887693914638	-0.2639469604249364	0.24934449241969814	-0.10582910727845946	0.1124928264694908	-0.14073471698885734	0.16007801809814767	-0.25355491607023595
0.08009166654024116	-0.052418025691639766	0.08352480810859164	-0.07019548105195415	0.06927151832830364	-0.07359619031809356	0.0571776806036319	-0.07866344534790576	0.10025390129967655	-0.09186770931092972	0.06092271994880271	-0.0754139281945639	0.13162870589453177	-0.1244672389106188	0.2341566205790249	-0.11832831412035907	0.11203910514181846	-0.14662704921243624	0.15092715725766345	-0.33808305771670033	0.08321189025755944	-0.1285810065702003	0.18271708358374542	-0.7678501704689399	0.9999999999999956	-0.07145695083419687	0.10939042982732441	-0.1472239786448067	0.2225186701841503	-0.36220888116154554	0.08675017617598993	-0.09532649951896933	0.11681199558753141	-0.1439795150733865	0.20943089807416346
-0.08436618920342866	0.04847474303600411	-0.06639220114722848	0.04864960269908382	-0.046726355450578634	0.07721787664889133	-0.05448079053819005	0.06128288955715373	-0.06523505254194946	0.052989137277574046	-0.08442365010002144	0.09494823584102896	-0.10808754847556991	0.08356485570444254	-0.0703753646968499	0.2483649124423205	-0.17068990171401943	0.12312502695022129	-0.10425436135031893	0.06228489451074367	-0.6857924923982931	0.16429064706318305	-0.14363072041674652	0.08455394354870148	-0.07145695083419687	0.999999999999994	-0.20986101033865098	0.14724819989362636	-0.10475172910152787	0.08070100246376302	-0.563055934367779	0.24284237950242993	-0.12764732835202125	0.11325125587150858	-0.12101926134878079
0.10594909196931862	-0.06310307166431382	0.08844662560728621	-0.06653453029680864	0.0633136698298843	-0.09943853972922456	0.07026736486776938	-0.08305604907479966	0.08882058649562581	-0.0733724168530552	0.10110720083583807	-0.12446744220251454	0.14622351843178996	-0.11917291926876897	0.10015953937232723	-0.2565623221799263	0.23439928264201088	-0.19395596789920996	0.14601394723636513	-0.09087658378247793	0.1947245761773423	-0.48237273745060655	0.25345689968702545	-0.13473947962212696	0.10939042982732441	-0.20986101033865098	0.9999999999999928	-0.4305420340036335	0.1649544009707278	-0.12727873199675793	0.26008740745953385	-0.566017094772085	0.22981417014584438	-0.19636341448908518	0.17803599214082186
-0.1135132355848018	0.06911530366878015	-0.10406281653186661	0.07730493983820887	-0.07491540515684382	0.10152278816231855	-0.076702154383945	0.09621076137806121	-0.10564656009783437	0.08621387967302258	-0.09485779961656873	0.1137127591951927	-0.17649706490144698	0.13714087345470635	-0.12603204396452855	0.19972541550426143	-0.2020600406313419	0.20820810234211629	-0.17557148826798782	0.11207754455987633	-0.16776676532947424	0.2507757678938203	-0.38919878443656575	0.16998887693914638	-0.1472239786448067	0.14724819989362636	-0.4305420340036335	0.9999999999999926	-0.29864702570865276	0.1888314000114291	-0.207289440902223	0.2464116074308914	-0.5643368922060168	0.28750824203640474	-0.2797268154167491
0.10253172828988179	-0.06305009525421051	0.09291162613633307	-0.07320784556837992	0.07036941614830278	-0.09422305627608711	0.0690208643023728	-0.08600413380405661	0.09825080763053266	-0.08386347655493265	0.07853304195058973	-0.09734231306738915	0.14536004560564636	-0.1203011866346033	0.13760665789996746	-0.15895154428698982	0.13790254640736482	-0.15504990215378991	0.1416522239894642	-0.1353583431061581	0.11619482951405932	-0.16025652522761427	0.1909326825956306	-0.2639469604249364	0.2225186701841503	-0.10475172910152787	0.1649544009707278	-0.29864702570865276	0.9999999999999938	-0.6723712308990993	0.12816178317045118	-0.15237790257841463	0.23046409824574468	-0.40496311967387544	0.32174913093198876
-0.08435710803337318	0.0525629712969395	-0.08062670539327206	0.06346151741065877	-0.06230455667966868	0.07594010971332193	-0.057657024892158064	0.07411877801220984	-0.08809302138346013	0.07527940483093758	-0.06311904120477799	0.077404225120928	-0.12722906378297436	0.1049502999599742	-0.14975081445399457	0.12326373377243197	-0.11185166598392547	0.12809323152649735	-0.12763348330503824	0.1417000006673786	-0.09291017745650851	0.12525384399788717	-0.16269010720295443	0.24934449241969814	-0.36220888116154554	0.08070100246376302	-0.12727873199675793	0.1888314000114291	-0.6723712308990993	0.9999999999999923	-0.10151269006648118	0.11301987086564429	-0.17281752699360944	0.24054119376923974	-0.5104142739475941
0.09528155498796219	-0.05599707524613244	0.07610722569465386	-0.057226965464890305	0.054336162807301955	-0.09101588537761325	0.06234584681014045	-0.0710383971834114	0.07564218796210607	-0.06245897066060542	0.09249460127402592	-0.11131654378271261	0.12226110570026895	-0.09839402156937807	0.08259179720567375	-0.2787606903777139	0.17947722647067163	-0.14759122934113927	0.11854067962873369	-0.07449729357853486	0.2810605984335066	-0.22003615353279057	0.1709699129862702	-0.10582910727845946	0.08675017617598993	-0.563055934367779	0.26008740745953385	-0.207289440902223	0.12816178317045118	-0.10151269006648118	0.999999999999993	-0.5971068908887849	0.16951483796216502	-0.1592252820263505	0.1455737296274899
-0.09599663061567765	0.05633160676459758	-0.07974079621235257	0.05898639409152382	-0.05672485343502877	0.0870788504248509	-0.06295707646016675	0.0737894129478968	-0.07945389632065904	0.0648131524526582	-0.08870239916937762	0.10407944009580179	-0.13140805463768107	0.10260514882068032	-0.08899048569734663	0.21371176657193677	-0.19545142869520254	0.1535223172630866	-0.12820922867373258	0.0791119599151586	-0.25273426065094123	0.23530048045918484	-0.20219212903556996	0.1124928264694908	-0.09532649951896933	0.24284237950242993	-0.566017094772085	0.2464116074308914	-0.15237790257841463	0.11301987086564429	-0.5971068908887849	0.9999999999999931	-0.2644251463189086	0.1790905918072843	-0.17072551395971522
0.09184814374697019	-0.05568864734417872	0.08098117359448226	-0.06170911523659531	0.05909421361444433	-0.08442589821909392	0.06143621333964049	-0.07523182089980918	0.08253486872756517	-0.06854306481122208	0.07606103514661133	-0.0931443246281874	0.13133343268674674	-0.10580858267344981	0.09783213366359736	-0.16694616931957243	0.14721716450382308	-0.15452666301041854	0.12759874546706151	-0.08929082027360327	0.13353841238002745	-0.18387236478811714	0.2063592688810779	-0.14073471698885734	0.11681199558753141	-0.12764732835202125	0.22981417014584438	-0.5643368922060168	0.23046409824574468	-0.17281752699360944	0.16951483796216502	-0.2644251463189086	0.9999999999999929	-0.6420794438490971	0.24596117855955457
-0.09793554048476147	0.05934528311607583	-0.08929449352747856	0.06705076257431977	-0.06532578511275203	0.08676114600071101	-0.06555438604925642	0.08148549411387081	-0.09132846109090563	0.07498577525919622	-0.07592921579976519	0.09153357620398829	-0.14463059032809977	0.11147057879361995	-0.1133899808038153	0.15386809486746605	-0.14122335996694615	0.14723989561862752	-0.13741528330088665	0.10166137623665268	-0.13097737703413603	0.16044621707068807	-0.2006251960159912	0.16007801809814767	-0.1439795150733865	0.11325125587150858	-0.19636341448908518	0.28750824203640474	-0.40496311967387544	0.24054119376923974	-0.1592252820263505	0.1790905918072843	-0.6420794438490971	0.9999999999999931	-0.46115534934670094
0.12705625905303153	-0.0771798406504225	0.11152504972934127	-0.08762671121036775	0.08382216450647514	-0.11674189450249604	0.084269356849942	-0.10269225722953317	0.11585236453169148	-0.0981844386829615	0.09423263345362623	-0.11740564451309252	0.17110347674785573	-0.1391005447895539	0.14788622934292334	-0.18609599891481765	0.15718878221752255	-0.17494976248142655	0.1611827811939066	-0.1415440038992701	0.13419545182134623	-0.17788454956884436	0.20597502622420102	-0.25355491607023595	0.20943089807416346	-0.12101926134878079	0.17803599214082186	-0.2797268154167491	0.32174913093198876	-0.5104142739475941	0.1455737296274899	-0.17072551395971522	0.24596117855955457	-0.46115534934670094	0.999999999999993
