1.0	-0.8533050550932529	0.0727369262595742	-0.06698369774235217	0.05131473988004286	-0.3874116410882962	0.2480180740560874	-0.13722089465680995	0.09131546523320647	-0.051380209922729785	0.18254554885333119	-0.19355584090599992	0.10736586342162178	-0.07591085201174537	0.08415010965308375	-0.08885122346675567	0.08258003731835346	-0.08089680882326619	0.07816568804536142	-0.0590919752942033	0.08505267524284404	-0.07553263507406249	0.06992575777028961	-0.061391695154241505	0.04688756328021858	-0.05290040097213598	0.03888453610168349	-0.045950442990700634	0.05690198931247385	-0.05838474765750223	0.025505444378741606	-0.03094375513109244	0.031344498195487666	-0.008761525622784013	0.009484939707656643	-0.028825778427872102	0.02074749731907361	-0.02453288527982939	0.007700016425833853	-0.008795305139333617
-0.8533050550932529	0.9999999999999999	-0.08987468655444661	0.07448286566346711	-0.05861639915091742	0.2626088602161042	-0.35540928308064357	0.14603318728905706	-0.10537720963328953	0.0567872177041525	-0.19455028314686376	0.186956942080282	-0.12146469557802272	0.08429563203883336	-0.09545392832775203	0.09145778038329602	-0.09002085130805924	0.08772147929929387	-0.08748665465601362	0.06498374497130208	-0.09295267153860891	0.07998010821794567	-0.07726818937263225	0.06681023918538821	-0.051661588982177216	0.05607812104817537	-0.04188083338006096	0.049362170545597904	-0.06232508451249955	0.06300395301723517	-0.027280571623032848	0.0331176223873441	-0.0337772811936761	0.009449017650586635	-0.010240040617752865	0.0306879957277622	-0.022243508236973505	0.026205631081442745	-0.008289970542743212	0.009456218022152907
0.0727369262595742	-0.08987468655444661	0.9999999999999997	-0.9309856441821505	0.18197579171360828	-0.07137716663806276	0.0742411252710545	-0.12443808036880931	0.15076154395374156	-0.20812276074459088	0.05516381166466497	-0.0667178935786647	0.08940744403940361	-0.12118036848885345	0.08950458990430218	-0.04208128126901494	0.05183904500147998	-0.06843631640677407	0.0691646561019364	-0.06627267244760554	0.040131434347688934	-0.05042059365103867	0.0552202654884631	-0.05488914851806389	0.048917644178500634	-0.04830595408254629	0.033430278862088554	-0.042584323370154664	0.04970665591781706	-0.06782731204420585	0.023135533619241054	-0.028295988023462195	0.028086688597467678	-0.008813102160211566	0.009609011653656964	-0.02709530951046827	0.018946532690965	-0.02295595435231028	0.007587459181216122	-0.008891882055435691
-0.06698369774235217	0.07448286566346711	-0.9309856441821505	0.9999999999999998	-0.2277307320879904	0.062167226350793595	-0.06658205142847284	0.10655269932728352	-0.1702330852365189	0.18029815739776114	-0.049251153744959246	0.05858937867456535	-0.08224523367810835	0.11091874455488113	-0.08335201034127906	0.037080261852108186	-0.04635008912615574	0.060865748491343206	-0.06270698729477227	0.05885637990085237	-0.03569197219434272	0.044523897649658924	-0.04949255303366529	0.04861897816476184	-0.04347538939883125	0.041808216725169836	-0.02920477095806293	0.03716078408351652	-0.043947916758841944	0.05898381861481021	-0.02010657246445897	0.02461295759054185	-0.02453164415739908	0.0076784526910653045	-0.008375397175999975	0.0234781475788246	-0.016484627984927346	0.01993010059817063	-0.00660618457466859	0.007730897654382701
0.05131473988004286	-0.05861639915091742	0.18197579171360828	-0.2277307320879904	0.9999999999999998	-0.07289729518871854	0.07188205134646804	-0.12909043432137304	0.16542939254532635	-0.918336372111311	0.05758130542079596	-0.07133148923207856	0.09902705966446042	-0.13320558366940272	0.12314551422935448	-0.04912608836050847	0.061625858926312255	-0.08233254990137073	0.0860938522362605	-0.08880910860373116	0.04648611975841977	-0.06112936548913212	0.06766680906398966	-0.06910485893772883	0.06589775307553962	-0.06419174049503656	0.043846750592888284	-0.05595155390583884	0.06464064487203522	-0.09277307235256378	0.030678916343208826	-0.03744894450259114	0.03702548698165434	-0.011864985883087641	0.012958999447318126	-0.03612639408419348	0.025141713021294195	-0.030545568053743644	0.010196831588903676	-0.012003054376562475
-0.3874116410882962	0.2626088602161042	-0.07137716663806276	0.062167226350793595	-0.07289729518871854	1.0000000000000004	-0.5224026824730932	0.20918242963803904	-0.15382700990056353	0.06852241563947328	-0.575924063616116	0.3155721936187054	-0.1896029515621791	0.12360942748848826	-0.14604218217578996	0.18133435926812894	-0.1559635020005044	0.13881356114955076	-0.13835183359154876	0.09872071239734886	-0.1878979232308193	0.13618571117537262	-0.12522164886140436	0.10528813156550668	-0.07885511584690849	0.08771178226438553	-0.06658539160421464	0.07669547447418806	-0.09809944431653644	0.09415575270966942	-0.04264326624222586	0.051608070799781865	-0.052879052667593233	0.014436011766741896	-0.015619834746071178	0.04739644701195479	-0.0346318622196618	0.04051879335886163	-0.012699087531845173	0.014405594609060011
0.2480180740560874	-0.35540928308064357	0.0742411252710545	-0.06658205142847284	0.07188205134646804	-0.5224026824730932	1.0000000000000009	-0.3761515461002634	0.16194778656066044	-0.07031777350250926	0.2965088938841171	-0.5559599132979162	0.21843831841534955	-0.1373411538223348	0.14001406791050094	-0.14447545853682572	0.14565795312000326	-0.1484255069672833	0.13427964189363262	-0.0993046630089914	0.13518197357035563	-0.13115743829937726	0.12101501742849362	-0.1050424150999203	0.07728328448400643	-0.08521638038715074	0.06279666664444741	-0.07533831833334073	0.09319429669374002	-0.09575761779089818	0.041095109906342936	-0.05010461737403523	0.05073976013249699	-0.014191427593652646	0.015353392277933352	-0.04650392088031094	0.0334410871748674	-0.039637426878981884	0.012436608625477347	-0.014205514540036083
-0.13722089465680995	0.14603318728905706	-0.12443808036880931	0.10655269932728352	-0.12909043432137304	0.20918242963803904	-0.3761515461002634	1.0000000000000007	-0.4076141587242629	0.12109511265266937	-0.18715770046770347	0.2348718892013671	-0.6294886719853345	0.27846197153186314	-0.2549398368497649	0.1282505125497841	-0.18887588884607048	0.24679933169269477	-0.23781263928526633	0.16716782503872382	-0.12871041617620824	0.1598155579260687	-0.20066182357439602	0.1656922286115254	-0.12663701532622174	0.11615330310490687	-0.08713307549302172	0.11024174441680584	-0.14141895717458208	0.1508987410143445	-0.05734444612143852	0.07082491552736347	-0.07260508248688968	0.021186713990674056	-0.023023485223781913	0.06537576351578052	-0.04724123279725877	0.05625058060521652	-0.018315018650438847	0.021025896995720633
0.09131546523320647	-0.10537720963328953	0.15076154395374156	-0.1702330852365189	0.16542939254532635	-0.15382700990056353	0.16194778656066044	-0.4076141587242629	1.0	-0.204826189700536	0.12244498537423239	-0.16321844281582562	0.2800889833170675	-0.7220432117212032	0.2536254456446984	-0.10276375989852868	0.1356577325228782	-0.20030719356462193	0.19580587397001614	-0.19384191466382722	0.0967075748000195	-0.1330056941415254	0.1494102065502511	-0.1527136650297441	0.1310624993542194	-0.12117735138431852	0.08397476030414708	-0.1099915401755761	0.12774628940425042	-0.18271705587069104	0.05804503472225261	-0.07152683959377842	0.07093900984605102	-0.022677653251410988	0.02474201180020635	-0.06812763012901468	0.04756327573073557	-0.057877008608544805	0.019349362986387127	-0.022750620576566412
-0.051380209922729785	0.0567872177041525	-0.20812276074459088	0.18029815739776114	-0.918336372111311	0.06852241563947328	-0.07031777350250926	0.12109511265266937	-0.204826189700536	0.9999999999999997	-0.05586163233006011	0.06784919544402318	-0.10059309765124652	0.1331454758241912	-0.13771727908416495	0.046748229594144625	-0.06027070974388014	0.07968611207761829	-0.08672571857368051	0.0867397963864304	-0.044925621694989544	0.058452657481773446	-0.06650861139008682	0.06653857761977704	-0.06481327630604929	0.05896878946827501	-0.041137844353603986	0.05232045840912834	-0.06233795606854233	0.08634104334444458	-0.028458541564149394	0.034798686854595584	-0.03473948841206901	0.011085963903416695	-0.012124365298337247	0.03328776540003152	-0.0233897964862498	0.028271252437353567	-0.00951285362487692	0.011163190924402318
0.18254554885333119	-0.19455028314686376	0.05516381166466497	-0.049251153744959246	0.05758130542079596	-0.575924063616116	0.2965088938841171	-0.18715770046770347	0.12244498537423239	-0.05586163233006011	0.9999999999999984	-0.6172004272362818	0.16593592793072745	-0.1077276926753006	0.1210964951487139	-0.31755681812405173	0.16367392781707396	-0.13538624111868777	0.12151738191725402	-0.08753625432602784	0.2108647761546981	-0.15377224812607018	0.11640062604448567	-0.09931636796163112	0.0691877981309581	-0.08638162204958946	0.06366087588359241	-0.07251741016024185	0.08917592850840017	-0.08526779267627728	0.040752220276280934	-0.04920508349320206	0.049676509198853754	-0.01322632091655998	0.014246935225817527	-0.04533165217365963	0.03273262669173994	-0.03844494545400208	0.011695694052276743	-0.013246558380718795
-0.19355584090599992	0.186956942080282	-0.0667178935786647	0.05858937867456535	-0.07133148923207856	0.3155721936187054	-0.5559599132979162	0.2348718892013671	-0.16321844281582562	0.06784919544402318	-0.6172004272362818	0.9999999999999987	-0.25898522140743646	0.1388829556991464	-0.15154707142032847	0.19303937074063562	-0.20802896960286324	0.16503439424199182	-0.15054335877385447	0.10536651468177939	-0.19553273319988457	0.1617181688525675	-0.14001501923560244	0.11602265879235368	-0.08270234156393373	0.09245197379044096	-0.06990464107180527	0.08158030384601264	-0.10313371836791359	0.09947645329504064	-0.044709568371901265	0.05437028844058303	-0.0554621482322075	0.015097898777949056	-0.016309014632184368	0.04984923366950765	-0.03625069059094638	0.04259067524608395	-0.013260103367229712	0.015048117811815108
0.10736586342162178	-0.12146469557802272	0.08940744403940361	-0.08224523367810835	0.09902705966446042	-0.1896029515621791	0.21843831841534955	-0.6294886719853345	0.2800889833170675	-0.10059309765124652	0.16593592793072745	-0.25898522140743646	0.9999999999999986	-0.40465041493535864	0.2258047834051654	-0.12965866359111386	0.19382192727549633	-0.4266534449593337	0.23155665440250947	-0.17376255668585408	0.12287235443853105	-0.17702484512449992	0.20454058655830504	-0.18167415781371457	0.12277490123627781	-0.12015967774791735	0.08717108250421418	-0.11425342359848939	0.13763969266100823	-0.15682111018568257	0.05819075516327528	-0.07232755231702663	0.07280257493076954	-0.02133308380162897	0.023098820105860833	-0.06718372247526905	0.047679997227624844	-0.05750999287967375	0.01839778378693109	-0.021222992506702447
-0.07591085201174537	0.08429563203883336	-0.12118036848885345	0.11091874455488113	-0.13320558366940272	0.12360942748848826	-0.1373411538223348	0.27846197153186314	-0.7220432117212032	0.1331454758241912	-0.1077276926753006	0.1388829556991464	-0.40465041493535864	0.9999999999999989	-0.3835969000490541	0.0911138811962894	-0.13227520067575355	0.1991869641160018	-0.229158767217145	0.1948967937417483	-0.08784134324795063	0.12291177255686456	-0.15080701604190141	0.14726280122529023	-0.12941964859532357	0.10454872458906457	-0.07448760613667513	0.0982140143463115	-0.11940724060610057	0.16368082694550243	-0.050672120902846014	0.0627799990252114	-0.06306394846359353	0.020151383702916047	-0.02202549595332429	0.05901665896529102	-0.04167338172286251	0.050468672866772424	-0.017104160260046842	0.020045406782098714
0.08415010965308375	-0.09545392832775203	0.08950458990430218	-0.08335201034127906	0.12314551422935448	-0.14604218217578996	0.14001406791050094	-0.2549398368497649	0.2536254456446984	-0.13771727908416495	0.1210964951487139	-0.15154707142032847	0.2258047834051654	-0.3835969000490541	0.9999999999999989	-0.12175039073938149	0.16045659643180826	-0.2408783938078991	0.2791797590278549	-0.5886742212700491	0.11372436059761344	-0.16681166599817657	0.19084829963929084	-0.2199535595792459	0.27053961321379494	-0.18254817454086406	0.12352196396501487	-0.16689614452303783	0.1904446406061651	-0.3889343412748361	0.08713751675604875	-0.10772620282189112	0.10601265330123529	-0.03975666309509739	0.04396555314774444	-0.10342799698959275	0.0716070981755164	-0.0879455481531459	0.03271172536887794	-0.039538275085423055
-0.08885122346675567	0.09145778038329602	-0.04208128126901494	0.037080261852108186	-0.04912608836050847	0.18133435926812894	-0.14447545853682572	0.1282505125497841	-0.10276375989852868	0.046748229594144625	-0.31755681812405173	0.19303937074063562	-0.12965866359111386	0.0911138811962894	-0.12175039073938149	0.9999999999999999	-0.2884558886913002	0.15085135593033008	-0.13777027267147116	0.08904215505937066	-0.8215064720945902	0.24694240790934247	-0.1506091468297745	0.1155945031062659	-0.07198549367466697	0.1093049476307043	-0.08441043315626562	0.08406049320476584	-0.10600142540596906	0.08499148776755852	-0.050348025109372474	0.059078860173586115	-0.06011835266082229	0.014451654431633586	-0.015435463401313763	0.052703944472728435	-0.039107465714425166	0.04454188670448869	-0.012937025488384822	0.01436105690937313
0.08258003731835346	-0.09002085130805924	0.05183904500147998	-0.04635008912615574	0.061625858926312255	-0.1559635020005044	0.14565795312000326	-0.18887588884607048	0.1356577325228782	-0.06027070974388014	0.16367392781707396	-0.20802896960286324	0.19382192727549633	-0.13227520067575355	0.16045659643180826	-0.2884558886913002	0.9999999999999988	-0.42067930672975246	0.2135102816993404	-0.1335776869956975	0.2413580050982116	-0.725799102436749	0.25541416189681143	-0.20398835144926586	0.10174959321407621	-0.13567442305849267	0.10474007823978873	-0.12300368245973628	0.14454918597783295	-0.1242134747966591	0.06367124697149247	-0.0800986174615662	0.07907832865139404	-0.01989622521354264	0.021190742365423846	-0.07144480111654504	0.05099376786640128	-0.06080000200946408	0.017601546713060787	-0.019753243385173265
-0.08089680882326619	0.08772147929929387	-0.06843631640677407	0.060865748491343206	-0.08233254990137073	0.13881356114955076	-0.1484255069672833	0.24679933169269477	-0.20030719356462193	0.07968611207761829	-0.13538624111868777	0.16503439424199182	-0.4266534449593337	0.1991869641160018	-0.2408783938078991	0.15085135593033008	-0.42067930672975246	0.9999999999999974	-0.4656705747105088	0.19837729544995086	-0.15096995699978744	0.26570201082278394	-0.47509175662320924	0.2768646226632983	-0.14534292800851578	0.13731904874382397	-0.10591128687880264	0.14292466949182217	-0.18485796252867567	0.16294927005500565	-0.06781239758782238	0.08579239349010255	-0.08854137064897737	0.024021299452186725	-0.02579765461121114	0.0772067090999537	-0.05578801967560317	0.06692282891552799	-0.02077254989674682	0.02351312526556198
0.07816568804536142	-0.08748665465601362	0.0691646561019364	-0.06270698729477227	0.0860938522362605	-0.13835183359154876	0.13427964189363262	-0.23781263928526633	0.19580587397001614	-0.08672571857368051	0.12151738191725402	-0.15054335877385447	0.23155665440250947	-0.229158767217145	0.2791797590278549	-0.13777027267147116	0.2135102816993404	-0.4656705747105088	0.9999999999999983	-0.43881317641478024	0.12956648084562888	-0.22387600062339033	0.2951245907013409	-0.49365254943044184	0.21221832193303825	-0.17448288620244576	0.12491092490032556	-0.18273231860899933	0.2214933693287129	-0.2511974092862799	0.08454679942944245	-0.1074758960755114	0.10769989115582655	-0.03197346061672315	0.03448890702828642	-0.0989509789679345	0.0695366888640738	-0.08530993226639354	0.02715330522840579	-0.03132165344207625
-0.0590919752942033	0.06498374497130208	-0.06627267244760554	0.05885637990085237	-0.08880910860373116	0.09872071239734886	-0.0993046630089914	0.16716782503872382	-0.19384191466382722	0.0867397963864304	-0.08753625432602784	0.10536651468177939	-0.17376255668585408	0.1948967937417483	-0.5886742212700491	0.08904215505937066	-0.1335776869956975	0.19837729544995086	-0.43881317641478024	0.9999999999999967	-0.08681847060609076	0.12932844924582773	-0.17485394982852973	0.19839286272477002	-0.514770167823692	0.12428809442187229	-0.0911053715269762	0.12408797597844992	-0.1658235349112242	0.30315645504754923	-0.061562700891370135	0.07701054320341626	-0.07886322910536578	0.03011304550096509	-0.033863569435084576	0.07140131222514087	-0.05120110694622401	0.061860378109704905	-0.024461824134618795	0.029217820834731803
0.08505267524284404	-0.09295267153860891	0.040131434347688934	-0.03569197219434272	0.04648611975841977	-0.1878979232308193	0.13518197357035563	-0.12871041617620824	0.0967075748000195	-0.044925621694989544	0.2108647761546981	-0.19553273319988457	0.12287235443853105	-0.08784134324795063	0.11372436059761344	-0.8215064720945902	0.2413580050982116	-0.15096995699978744	0.12956648084562888	-0.08681847060609076	0.9999999999999967	-0.3718478324133271	0.1491855199220697	-0.12012616415200124	0.0698953481932592	-0.12890446649119333	0.08994970771641027	-0.08839040798571138	0.10582720339339508	-0.08510105621997682	0.05400289066424688	-0.0631209856850004	0.06270869739380958	-0.014703686581742486	0.015640471794521073	-0.05667330484892036	0.041158026741493096	-0.047153170087711124	0.013237261256001193	-0.014682226480338512
-0.07553263507406249	0.07998010821794567	-0.05042059365103867	0.044523897649658924	-0.06112936548913212	0.13618571117537262	-0.13115743829937726	0.1598155579260687	-0.1330056941415254	0.058452657481773446	-0.15377224812607018	0.1617181688525675	-0.17702484512449992	0.12291177255686456	-0.16681166599817657	0.24694240790934247	-0.725799102436749	0.26570201082278394	-0.22387600062339033	0.12932844924582773	-0.3718478324133271	0.9999999999999979	-0.35613829584090967	0.20348418847377994	-0.10258033061502778	0.1348320799795273	-0.11737328250289494	0.123899612410839	-0.15535030431225075	0.11889117999323348	-0.06458444681660358	0.0816064005440571	-0.08192875616246152	0.019825920360630567	-0.02109408963829966	0.07049161694704228	-0.051533532150116426	0.06040958448474672	-0.017540947467516787	0.019500081851353025
0.06992575777028961	-0.07726818937263225	0.0552202654884631	-0.04949255303366529	0.06766680906398966	-0.12522164886140436	0.12101501742849362	-0.20066182357439602	0.1494102065502511	-0.06650861139008682	0.11640062604448567	-0.14001501923560244	0.20454058655830504	-0.15080701604190141	0.19084829963929084	-0.1506091468297745	0.25541416189681143	-0.47509175662320924	0.2951245907013409	-0.17485394982852973	0.1491855199220697	-0.35613829584090967	0.9999999999999993	-0.6310944397025156	0.13397250350037052	-0.170993086817272	0.12919488923012434	-0.21029105992081487	0.23277239481103515	-0.16407237811269515	0.08373971290304931	-0.10943761130653976	0.11183571476652063	-0.027310312646039638	0.02868677812423661	-0.09677571716953826	0.06885007769596634	-0.08447017781792449	0.02386433885736838	-0.026555456826993996
-0.061391695154241505	0.06681023918538821	-0.05488914851806389	0.04861897816476184	-0.06910485893772883	0.10528813156550668	-0.1050424150999203	0.1656922286115254	-0.1527136650297441	0.06653857761977704	-0.09931636796163112	0.11602265879235368	-0.18167415781371457	0.14726280122529023	-0.2199535595792459	0.1155945031062659	-0.20398835144926586	0.2768646226632983	-0.49365254943044184	0.19839286272477002	-0.12012616415200124	0.20348418847377994	-0.6310944397025156	0.9999999999999986	-0.1635339699694792	0.16362036447097467	-0.1298059403471356	0.20574964001782833	-0.390259573285712	0.17613444566414596	-0.08295461271001352	0.10855598561782775	-0.11584908780985737	0.02984918764146733	-0.03125907735752707	0.09488076308157144	-0.06911493915958952	0.083860070471939	-0.025382504271912944	0.027886828641261498
0.04688756328021858	-0.051661588982177216	0.048917644178500634	-0.04347538939883125	0.06589775307553962	-0.07885511584690849	0.07728328448400643	-0.12663701532622174	0.1310624993542194	-0.06481327630604929	0.0691877981309581	-0.08270234156393373	0.12277490123627781	-0.12941964859532357	0.27053961321379494	-0.07198549367466697	0.10174959321407621	-0.14534292800851578	0.21221832193303825	-0.514770167823692	0.0698953481932592	-0.10258033061502778	0.13397250350037052	-0.1635339699694792	0.9999999999999984	-0.11976687425879265	0.08632473754294342	-0.12251036499543273	0.16107644949364053	-0.7582057051593394	0.05946624305566896	-0.07478146882443945	0.07618600834656633	-0.043254591003026296	0.04980574979578063	-0.06951463411897493	0.04986988609118616	-0.06073969069357545	0.03167717768157747	-0.040242480637197035
-0.05290040097213598	0.05607812104817537	-0.04830595408254629	0.041808216725169836	-0.06419174049503656	0.08771178226438553	-0.08521638038715074	0.11615330310490687	-0.12117735138431852	0.05896878946827501	-0.08638162204958946	0.09245197379044096	-0.12015967774791735	0.10454872458906457	-0.18254817454086406	0.1093049476307043	-0.13567442305849267	0.13731904874382397	-0.17448288620244576	0.12428809442187229	-0.12890446649119333	0.1348320799795273	-0.170993086817272	0.16362036447097467	-0.11976687425879265	0.9999999999999983	-0.6810875119313083	0.27623621259129744	-0.34170403149161555	0.13791458762768694	-0.35205334401352545	0.2838595612393357	-0.28661000217949767	0.04269742939979372	-0.04407015563189782	0.2359333933048706	-0.1911731037123393	0.18276092611857503	-0.041041471073323954	0.041955102002374116
0.03888453610168349	-0.04188083338006096	0.033430278862088554	-0.02920477095806293	0.043846750592888284	-0.06658539160421464	0.06279666664444741	-0.08713307549302172	0.08397476030414708	-0.041137844353603986	0.06366087588359241	-0.06990464107180527	0.08717108250421418	-0.07448760613667513	0.12352196396501487	-0.08441043315626562	0.10474007823978873	-0.10591128687880264	0.12491092490032556	-0.0911053715269762	0.08994970771641027	-0.11737328250289494	0.12919488923012434	-0.1298059403471356	0.08632473754294342	-0.6810875119313083	0.9999999999999971	-0.39797878498022704	0.2507285435955159	-0.10726652009511094	0.2414699414431468	-0.4599452862087525	0.2775923096636774	-0.036316830269402973	0.03631125628130237	-0.2338857484232557	0.1632294595428111	-0.18533906819726745	0.03534635846975484	-0.03632489396902132
-0.045950442990700634	0.049362170545597904	-0.042584323370154664	0.03716078408351652	-0.05595155390583884	0.07669547447418806	-0.07533831833334073	0.11024174441680584	-0.1099915401755761	0.05232045840912834	-0.07251741016024185	0.08158030384601264	-0.11425342359848939	0.0982140143463115	-0.16689614452303783	0.08406049320476584	-0.12300368245973628	0.14292466949182217	-0.18273231860899933	0.12408797597844992	-0.08839040798571138	0.123899612410839	-0.21029105992081487	0.20574964001782833	-0.12251036499543273	0.27623621259129744	-0.39797878498022704	0.9999999999999974	-0.6379718932779418	0.14719792136518667	-0.17573823500974287	0.2629877850605361	-0.4512525632167336	0.046463325199769485	-0.04635878814767952	0.1775250814534324	-0.15455550701151366	0.1773414624461176	-0.041361033986808855	0.04157866731710518
0.05690198931247385	-0.06232508451249955	0.04970665591781706	-0.043947916758841944	0.06464064487203522	-0.09809944431653644	0.09319429669374002	-0.14141895717458208	0.12774628940425042	-0.06233795606854233	0.08917592850840017	-0.10313371836791359	0.13763969266100823	-0.11940724060610057	0.1904446406061651	-0.10600142540596906	0.14454918597783295	-0.18485796252867567	0.2214933693287129	-0.1658235349112242	0.10582720339339508	-0.15535030431225075	0.23277239481103515	-0.390259573285712	0.16107644949364053	-0.34170403149161555	0.2507285435955159	-0.6379718932779418	0.9999999999999969	-0.2401960218486491	0.16956369064520638	-0.23792016107593644	0.24129074761857824	-0.056935749183461316	0.055288629622580326	-0.20165561231994822	0.14118339682240774	-0.18130528607269306	0.04740452034551258	-0.04997639611119213
-0.05838474765750223	0.06300395301723517	-0.06782731204420585	0.05898381861481021	-0.09277307235256378	0.09415575270966942	-0.09575761779089818	0.1508987410143445	-0.18271705587069104	0.08634104334444458	-0.08526779267627728	0.09947645329504064	-0.15682111018568257	0.16368082694550243	-0.3889343412748361	0.08499148776755852	-0.1242134747966591	0.16294927005500565	-0.2511974092862799	0.30315645504754923	-0.08510105621997682	0.11889117999323348	-0.16407237811269515	0.17613444566414596	-0.7582057051593394	0.13791458762768694	-0.10726652009511094	0.14719792136518667	-0.2401960218486491	0.9999999999999982	-0.07130848646991934	0.08963013514999285	-0.09547528093815415	0.057220120186779216	-0.07213729802541	0.08135348047210175	-0.060687468565565415	0.072296489088567	-0.04229119191682143	0.05235917992836753
0.025505444378741606	-0.027280571623032848	0.023135533619241054	-0.02010657246445897	0.030678916343208826	-0.04264326624222586	0.041095109906342936	-0.05734444612143852	0.05804503472225261	-0.028458541564149394	0.040752220276280934	-0.044709568371901265	0.05819075516327528	-0.050672120902846014	0.08713751675604875	-0.050348025109372474	0.06367124697149247	-0.06781239758782238	0.08454679942944245	-0.061562700891370135	0.05400289066424688	-0.06458444681660358	0.08373971290304931	-0.08295461271001352	0.05946624305566896	-0.35205334401352545	0.2414699414431468	-0.17573823500974287	0.16956369064520638	-0.07130848646991934	0.9999999999999971	-0.4172548008493221	0.2454952276842632	-0.03226328923653717	0.031565676175753524	-0.7360367344236634	0.23603242001397146	-0.25081976018131663	0.03498342202210862	-0.03512588158446901
-0.03094375513109244	0.0331176223873441	-0.028295988023462195	0.02461295759054185	-0.03744894450259114	0.051608070799781865	-0.05010461737403523	0.07082491552736347	-0.07152683959377842	0.034798686854595584	-0.04920508349320206	0.05437028844058303	-0.07232755231702663	0.0627799990252114	-0.10772620282189112	0.059078860173586115	-0.0800986174615662	0.08579239349010255	-0.1074758960755114	0.07701054320341626	-0.0631209856850004	0.0816064005440571	-0.10943761130653976	0.10855598561782775	-0.07478146882443945	0.2838595612393357	-0.4599452862087525	0.2629877850605361	-0.23792016107593644	0.08963013514999285	-0.4172548008493221	0.9999999999999982	-0.6333979164373174	0.04089587183824179	-0.03997947396617254	0.25958313475970723	-0.23477196043453968	0.2256075949701875	-0.03949617114907419	0.038538526058830666
0.031344498195487666	-0.0337772811936761	0.028086688597467678	-0.02453164415739908	0.03702548698165434	-0.052879052667593233	0.05073976013249699	-0.07260508248688968	0.07093900984605102	-0.03473948841206901	0.049676509198853754	-0.0554621482322075	0.07280257493076954	-0.06306394846359353	0.10601265330123529	-0.06011835266082229	0.07907832865139404	-0.08854137064897737	0.10769989115582655	-0.07886322910536578	0.06270869739380958	-0.08192875616246152	0.11183571476652063	-0.11584908780985737	0.07618600834656633	-0.28661000217949767	0.2775923096636774	-0.4512525632167336	0.24129074761857824	-0.09547528093815415	0.2454952276842632	-0.6333979164373174	0.9999999999999969	-0.05318609199884564	0.04859648546693863	-0.27607030648897624	0.23564113209102575	-0.37588587193853884	0.049591357624261895	-0.04810560644788796
-0.008761525622784013	0.009449017650586635	-0.008813102160211566	0.0076784526910653045	-0.011864985883087641	0.014436011766741896	-0.014191427593652646	0.021186713990674056	-0.022677653251410988	0.011085963903416695	-0.01322632091655998	0.015097898777949056	-0.02133308380162897	0.020151383702916047	-0.03975666309509739	0.014451654431633586	-0.01989622521354264	0.024021299452186725	-0.03197346061672315	0.03011304550096509	-0.014703686581742486	0.019825920360630567	-0.027310312646039638	0.02984918764146733	-0.043254591003026296	0.04269742939979372	-0.036316830269402973	0.046463325199769485	-0.056935749183461316	0.057220120186779216	-0.03226328923653717	0.04089587183824179	-0.05318609199884564	0.9999999999999969	-0.7932696851980049	0.0356493852550735	-0.04288781669474319	0.05208502504661	-0.5126182960373574	0.31288309020735944
0.009484939707656643	-0.010240040617752865	0.009609011653656964	-0.008375397175999975	0.012958999447318126	-0.015619834746071178	0.015353392277933352	-0.023023485223781913	0.02474201180020635	-0.012124365298337247	0.014246935225817527	-0.016309014632184368	0.023098820105860833	-0.02202549595332429	0.04396555314774444	-0.015435463401313763	0.021190742365423846	-0.02579765461121114	0.03448890702828642	-0.033863569435084576	0.015640471794521073	-0.02109408963829966	0.02868677812423661	-0.03125907735752707	0.04980574979578063	-0.04407015563189782	0.03631125628130237	-0.04635878814767952	0.055288629622580326	-0.07213729802541	0.031565676175753524	-0.03997947396617254	0.04859648546693863	-0.7932696851980049	0.9999999999999977	-0.03547940353526747	0.039275103905534896	-0.048381775318892165	0.3120186323621056	-0.5114840283744402
-0.028825778427872102	0.0306879957277622	-0.02709530951046827	0.0234781475788246	-0.03612639408419348	0.04739644701195479	-0.04650392088031094	0.06537576351578052	-0.06812763012901468	0.03328776540003152	-0.04533165217365963	0.04984923366950765	-0.06718372247526905	0.05901665896529102	-0.10342799698959275	0.052703944472728435	-0.07144480111654504	0.0772067090999537	-0.0989509789679345	0.07140131222514087	-0.05667330484892036	0.07049161694704228	-0.09677571716953826	0.09488076308157144	-0.06951463411897493	0.2359333933048706	-0.2338857484232557	0.1775250814534324	-0.20165561231994822	0.08135348047210175	-0.7360367344236634	0.25958313475970723	-0.27607030648897624	0.0356493852550735	-0.03547940353526747	0.9999999999999984	-0.4227648043739607	0.2566030017190274	-0.03855152721826251	0.038002143015820986
0.02074749731907361	-0.022243508236973505	0.018946532690965	-0.016484627984927346	0.025141713021294195	-0.0346318622196618	0.0334410871748674	-0.04724123279725877	0.04756327573073557	-0.0233897964862498	0.03273262669173994	-0.03625069059094638	0.047679997227624844	-0.04167338172286251	0.0716070981755164	-0.039107465714425166	0.05099376786640128	-0.05578801967560317	0.0695366888640738	-0.05120110694622401	0.041158026741493096	-0.051533532150116426	0.06885007769596634	-0.06911493915958952	0.04986988609118616	-0.1911731037123393	0.1632294595428111	-0.15455550701151366	0.14118339682240774	-0.060687468565565415	0.23603242001397146	-0.23477196043453968	0.23564113209102575	-0.04288781669474319	0.039275103905534896	-0.4227648043739607	0.9999999999999983	-0.7996529104335145	0.056126460101482756	-0.05460251285714756
-0.02453288527982939	0.026205631081442745	-0.02295595435231028	0.01993010059817063	-0.030545568053743644	0.04051879335886163	-0.039637426878981884	0.05625058060521652	-0.057877008608544805	0.028271252437353567	-0.03844494545400208	0.04259067524608395	-0.05750999287967375	0.050468672866772424	-0.0879455481531459	0.04454188670448869	-0.06080000200946408	0.06692282891552799	-0.08530993226639354	0.061860378109704905	-0.047153170087711124	0.06040958448474672	-0.08447017781792449	0.083860070471939	-0.06073969069357545	0.18276092611857503	-0.18533906819726745	0.1773414624461176	-0.18130528607269306	0.072296489088567	-0.25081976018131663	0.2256075949701875	-0.37588587193853884	0.05208502504661	-0.048381775318892165	0.2566030017190274	-0.7996529104335145	0.9999999999999989	-0.07310677951083752	0.06388879991895866
0.007700016425833853	-0.008289970542743212	0.007587459181216122	-0.00660618457466859	0.010196831588903676	-0.012699087531845173	0.012436608625477347	-0.018315018650438847	0.019349362986387127	-0.00951285362487692	0.011695694052276743	-0.013260103367229712	0.01839778378693109	-0.017104160260046842	0.03271172536887794	-0.012937025488384822	0.017601546713060787	-0.02077254989674682	0.02715330522840579	-0.024461824134618795	0.013237261256001193	-0.017540947467516787	0.02386433885736838	-0.025382504271912944	0.03167717768157747	-0.041041471073323954	0.03534635846975484	-0.041361033986808855	0.04740452034551258	-0.04229119191682143	0.03498342202210862	-0.03949617114907419	0.049591357624261895	-0.5126182960373574	0.3120186323621056	-0.03855152721826251	0.056126460101482756	-0.07310677951083752	0.999999999999999	-0.7937311619740207
-0.008795305139333617	0.009456218022152907	-0.008891882055435691	0.007730897654382701	-0.012003054376562475	0.014405594609060011	-0.014205514540036083	0.021025896995720633	-0.022750620576566412	0.011163190924402318	-0.013246558380718795	0.015048117811815108	-0.021222992506702447	0.020045406782098714	-0.039538275085423055	0.01436105690937313	-0.019753243385173265	0.02351312526556198	-0.03132165344207625	0.029217820834731803	-0.014682226480338512	0.019500081851353025	-0.026555456826993996	0.027886828641261498	-0.040242480637197035	0.041955102002374116	-0.03632489396902132	0.04157866731710518	-0.04997639611119213	0.05235917992836753	-0.03512588158446901	0.038538526058830666	-0.04810560644788796	0.31288309020735944	-0.5114840283744402	0.038002143015820986	-0.05460251285714756	0.06388879991895866	-0.7937311619740207	0.9999999999999989
