1.0	-0.637685800582495	0.21488508654982355	-0.07638044942554058	0.05548016307927467	-0.6555888222198933	0.30766291893789144	-0.23883150880115292	0.07733005079956738	-0.04723336157776736	0.1316123563049827	-0.13091689708300255	0.12108395821610328	-0.08107779799337748	0.08461847767828193	-0.11008454762022524	0.10729783222755399	-0.06341776174214689	0.0703620394517234	-0.07373112699042697	0.04768870799590581	-0.05367973317304188	0.06241530298373206	-0.04940410747852647	0.050506480702538756	-0.036606346367579326	0.03777165792152454	-0.034318337888144944	0.03881613980571565	-0.03963856403337956	0.005982601021249305	-0.04529736525795428	0.030273566548050572	-0.031967863188721135	0.03817086061338802	-0.006151559766674959	0.03372736811038901	-0.042224538709238965	0.0396844250648333	-0.10113348065335345
-0.637685800582495	0.9999999999999993	-0.37289243632122415	0.10994448292498854	-0.07829537034977582	0.32651052401350344	-0.5309178865398811	0.2736447877612937	-0.11368504460027838	0.06562527639108208	-0.13473535539148762	0.14417140192567707	-0.1610568789387891	0.10639493929758277	-0.11476970574762257	0.10521051375982565	-0.12844407109865327	0.08064318750538813	-0.09209613152498707	0.092926024146664	-0.054992601196764516	0.061364890790219055	-0.07968671818982473	0.062330316275156776	-0.06457306096971463	0.042621677008265454	-0.04478573188924987	0.04268819553757318	-0.048950312617198885	0.049726976819916	-0.007199494951820004	0.054743073316039934	-0.0377747482593211	0.03993935843299166	-0.04810994604716264	0.007400095222853286	-0.040929339567689266	0.05125366033090693	-0.04830772482182825	0.12274900166990854
0.21488508654982355	-0.37289243632122415	0.9999999999999996	-0.317819947435408	0.14187764339451736	-0.268843911819937	0.27030975673054614	-0.6337510473642044	0.21940041446168398	-0.1261044953002998	0.13515433588496428	-0.161499188217615	0.2355637639766777	-0.19378873549067915	0.1896229276479542	-0.11917711563587964	0.13854241016317667	-0.12397061717627461	0.13712032568847302	-0.1774398056496655	0.07816799247268404	-0.0915344056804062	0.13174635932578685	-0.10825553983064108	0.11434962878049744	-0.07112947807412243	0.07311784737211567	-0.08101076214954742	0.09069551599610486	-0.0943863488130889	0.013941416098150736	-0.11182795348058068	0.07112895662140327	-0.07630427228822026	0.09022754794956245	-0.014415254275772733	0.08183567008411288	-0.10971715004305324	0.101790156646521	-0.2756092669123834
-0.07638044942554058	0.10994448292498854	-0.317819947435408	0.9999999999999996	-0.2972852398268063	0.0903786471251927	-0.09378628270118189	0.18092990008371	-0.8146252129404775	0.21948330400556845	-0.06691670028551193	0.08341212336835724	-0.18193724805476602	0.21322726208083567	-0.21901780856401937	0.05827927457566295	-0.075110128049145	0.08385306421075046	-0.09419393393391987	0.12253521029197395	-0.042865560282687364	0.050148911988082086	-0.08514562599558	0.0699455812090164	-0.077536338542096	0.03844890403761113	-0.03998665038990439	0.04757928511567093	-0.05514750629623351	0.05771897767010558	-0.007484174673844459	0.05994162301909321	-0.04182128395617887	0.045130907222901785	-0.05481439400997778	0.0077289107966307296	-0.04410680733614318	0.058131773021425345	-0.05424244394167091	0.14340561573748434
0.05548016307927467	-0.07829537034977582	0.14187764339451736	-0.2972852398268063	1.0	-0.0676496011885454	0.0677504118341587	-0.12774748889093832	0.23036496834466377	-0.8554216922673615	0.05618472212646975	-0.07202952708131762	0.14426627093204805	-0.20313286840604014	0.23558949443084357	-0.050600079040025954	0.06426732444972902	-0.07791835599390695	0.08468644623289623	-0.14992811050231808	0.04186613417184648	-0.05001254095867021	0.08607763351019292	-0.0745703280765468	0.0838207984008333	-0.04009422779799889	0.041258161985776184	-0.05174369238957073	0.059401903470013506	-0.06389501591073006	0.008200156845195886	-0.06694917995300267	0.045196341023824416	-0.04931222544598023	0.05942461514466247	-0.008486749225176182	0.048817917868856295	-0.06581504194821515	0.06101351967835442	-0.164657269069858
-0.6555888222198933	0.32651052401350344	-0.268843911819937	0.0903786471251927	-0.0676496011885454	1.0000000000000007	-0.5605771333557935	0.2490845118873338	-0.09512688184845186	0.05694810738556684	-0.20284496353575093	0.16191183193124786	-0.1511893334928764	0.09651295476951106	-0.10303968624436097	0.1362486474969007	-0.14110593143929667	0.07684197491855665	-0.08657905822877549	0.08512116091287514	-0.05820076615706189	0.06409063067308732	-0.0745554975817734	0.05816364319242724	-0.0594044415685289	0.04295169858526258	-0.044776608333382116	0.039501164916229674	-0.045027671897864226	0.045692133635045505	-0.006826010842420262	0.05102501876027807	-0.034937562412027764	0.03676445632636615	-0.04415384154179434	0.007007101516345915	-0.03825553741493956	0.047052970637799216	-0.04443987514405358	0.11131598058646686
0.30766291893789144	-0.5309178865398811	0.27030975673054614	-0.09378628270118189	0.0677504118341587	-0.5605771333557935	1.0000000000000004	-0.49080287289988755	0.0963436028555885	-0.05777827411767514	0.1498769346344252	-0.1996284928113255	0.15962906217436376	-0.10209071396601918	0.1037942082329299	-0.1209073324305125	0.14181273445466588	-0.07961967064818114	0.08696155766858414	-0.0877123736054289	0.055835844664651926	-0.06277437160152241	0.07470691319074932	-0.05902494788821726	0.060081261796486506	-0.04239981863409871	0.04413356964428917	-0.040253409090402856	0.04562053991358148	-0.04661344368054275	0.006922142143779679	-0.052361343577165126	0.03548803447563419	-0.03745305056392034	0.04481677195605772	-0.007114675076522027	0.039051719695091545	-0.04867139249022487	0.04579964167224593	-0.11611011822653597
-0.23883150880115292	0.2736447877612937	-0.6337510473642044	0.18092990008371	-0.12774748889093832	0.2490845118873338	-0.49080287289988755	0.9999999999999999	-0.19448591275280297	0.1074563983760364	-0.1483436400194079	0.1715353580213696	-0.31728760259776473	0.18030825385059246	-0.18901228031622894	0.11887210160411509	-0.1550305575043332	0.12995517852260444	-0.14788189016967532	0.14456396918971104	-0.07223726446636249	0.0816223536018024	-0.12212133004126377	0.0957837955648613	-0.09965601179193666	0.05861203486771397	-0.06175760250992105	0.06449995899892298	-0.07432581041758415	0.07581652258685127	-0.010449282946283396	0.08080808993958633	-0.05698240066982244	0.06048550883956254	-0.07313573617973565	0.010753632385995105	-0.060237534055319175	0.07655603741647844	-0.07203451664722808	0.18482392035457504
0.07733005079956738	-0.11368504460027838	0.21940041446168398	-0.8146252129404775	0.23036496834466377	-0.09512688184845186	0.0963436028555885	-0.19448591275280297	1.0	-0.2750202512265415	0.06917871361034213	-0.08825170101051333	0.18461180308444092	-0.3097557902826725	0.2183141052718133	-0.0612387185378104	0.07752047207192511	-0.08857721433228694	0.09598981560197703	-0.13480046199267515	0.04553005062100131	-0.053721703717066825	0.0892567419040994	-0.07472097808407613	0.0820656104663824	-0.041734199335123005	0.04314576603691053	-0.051628073341522474	0.05918938609281293	-0.0625187979744752	0.008244274287039515	-0.06646185525641285	0.0452214606725542	-0.048910581695420466	0.05894054614905077	-0.008521921148733628	0.04869211475317122	-0.0648140441015943	0.060274736474882795	-0.16101526697404828
-0.04723336157776736	0.06562527639108208	-0.1261044953002998	0.21948330400556845	-0.8554216922673615	0.05694810738556684	-0.05777827411767514	0.1074563983760364	-0.2750202512265415	1.0000000000000009	-0.049085646191662245	0.0629976857467042	-0.13742698340422319	0.1898090374330064	-0.3307249191825603	0.043716545284486284	-0.05664531664186973	0.06938076911596189	-0.07638596005270262	0.12813549443603534	-0.03553731193329587	0.042148038063187926	-0.07539839734424818	0.06413534426322295	-0.074261846830128	0.0331332678188507	-0.03430377534423902	0.0431425698674176	-0.050366642546486345	0.05373523864295097	-0.0066487199819798976	0.05394621368768037	-0.037818386568195354	0.041227050134405446	-0.050333136440150875	0.006874049464376435	-0.039513864659774134	0.05264225695068024	-0.048989564173301456	0.13046191963730253
0.1316123563049827	-0.13473535539148762	0.13515433588496428	-0.06691670028551193	0.05618472212646975	-0.20284496353575093	0.1498769346344252	-0.1483436400194079	0.06917871361034213	-0.049085646191662245	0.9999999999999973	-0.4806960712232988	0.16082047174595768	-0.10290488798724552	0.09817670397125673	-0.7499431749161224	0.312387254052242	-0.10094008796644184	0.10144430908430221	-0.09936462911738685	0.13090313045913574	-0.14241123602836728	0.09224688448894952	-0.07284136726343948	0.06862984873240599	-0.08369176470152888	0.08028641076852554	-0.04902247027440312	0.05315069202292104	-0.05419150540529253	0.009992337014337806	-0.06918569515588659	0.04303733680788975	-0.04425802219711129	0.05168495771475702	-0.010219047240726361	0.05187189016000113	-0.05906618785518207	0.0559179836830708	-0.1318947978145469
-0.13091689708300255	0.14417140192567707	-0.161499188217615	0.08341212336835724	-0.07202952708131762	0.16191183193124786	-0.1996284928113255	0.1715353580213696	-0.08825170101051333	0.0629976857467042	-0.4806960712232988	0.9999999999999986	-0.28822372635587823	0.1402684523825193	-0.13179354056816195	0.30429652092145953	-0.699227469560945	0.1448692693951919	-0.14604103804071228	0.12042958344794187	-0.12920567154068271	0.14009147076305664	-0.11530096583005103	0.08917708299850294	-0.08415461717913564	0.08111078200724069	-0.08693268324850265	0.057350017303298174	-0.06306650151241175	0.06424003874807255	-0.010810000651984612	0.07645684643140958	-0.050398170452690426	0.051912261100736476	-0.06124260265108251	0.011038756453955398	-0.05800604387385799	0.06631319953964464	-0.06309763138377562	0.14893988010079157
0.12108395821610328	-0.1610568789387891	0.2355637639766777	-0.18193724805476602	0.14426627093204805	-0.1511893334928764	0.15962906217436376	-0.31728760259776473	0.18461180308444092	-0.13742698340422319	0.16082047174595768	-0.28822372635587823	0.9999999999999994	-0.5391686948341644	0.28237869971623114	-0.14550062285687287	0.19740486037710356	-0.3522622341636605	0.2488787111518977	-0.26181352651676554	0.0988765418029595	-0.11900346018783177	0.19165401989485323	-0.16474337885711074	0.1586087153969243	-0.08788304035637215	0.0902125092181037	-0.10555356018618708	0.11604843447723566	-0.1241799331858847	0.016604128347583402	-0.13336440880417588	0.09077021396111792	-0.09728136152448255	0.1146104740869686	-0.01716217334875432	0.09720492761627705	-0.12820267000909294	0.11884984752620102	-0.3148365564420053
-0.08107779799337748	0.10639493929758277	-0.19378873549067915	0.21322726208083567	-0.20313286840604014	0.09651295476951106	-0.10209071396601918	0.18030825385059246	-0.3097557902826725	0.1898090374330064	-0.10290488798724552	0.1402684523825193	-0.5391686948341644	0.9999999999999969	-0.6335747191819538	0.08849345895380024	-0.12516375138332445	0.1645682157490823	-0.17725527039908762	0.20719426307204164	-0.06572354007341047	0.07702027046275055	-0.14174668387070707	0.11630845075916228	-0.1302395442441537	0.057255472943165686	-0.05983410534341136	0.07306484660711311	-0.08547917651002196	0.09010652261495118	-0.010852719711406653	0.0867062778739803	-0.06397707054381306	0.06905184115757465	-0.08483409435216017	0.011197877773001304	-0.06391540149060965	0.08303761622975381	-0.0776886097403647	0.20167817106797817
0.08461847767828193	-0.11476970574762257	0.1896229276479542	-0.21901780856401937	0.23558949443084357	-0.10303968624436097	0.1037942082329299	-0.18901228031622894	0.2183141052718133	-0.3307249191825603	0.09817670397125673	-0.13179354056816195	0.28237869971623114	-0.6335747191819538	0.9999999999999973	-0.08926390860309463	0.11535148246773623	-0.1539300397315837	0.16078900577757768	-0.3691550178731814	0.076017045562154	-0.09131103799499773	0.16689466927400112	-0.14890328205527062	0.17554518054367793	-0.07239528884757249	0.07458483421601637	-0.09687201962260679	0.11314892524938085	-0.12394257619158393	0.014692590862368139	-0.12007695788496105	0.08445726217004199	-0.09287724078627599	0.11348846463644324	-0.015200986676158969	0.08759261576396862	-0.1172863599587326	0.10887962996853177	-0.29078894697323776
-0.11008454762022524	0.10521051375982565	-0.11917711563587964	0.05827927457566295	-0.050600079040025954	0.1362486474969007	-0.1209073324305125	0.11887210160411509	-0.0612387185378104	0.043716545284486284	-0.7499431749161224	0.30429652092145953	-0.14550062285687287	0.08849345895380024	-0.08926390860309463	0.9999999999999976	-0.5146953059922286	0.1001990248379716	-0.10352777102188032	0.08887854516981361	-0.17911585430901597	0.156758031809338	-0.09135341475084545	0.06935684952364139	-0.06410978629381568	0.09052393164478337	-0.0901722138654883	0.045509177848198294	-0.04930120571852528	0.0494825095019816	-0.009772141444210746	0.06464241590152162	-0.040242883211958166	0.04068355684964987	-0.0475692919878945	0.009935693044564053	-0.04958397042786289	0.052865649742980414	-0.05079753640961626	0.11300444499481113
0.10729783222755399	-0.12844407109865327	0.13854241016317667	-0.075110128049145	0.06426732444972902	-0.14110593143929667	0.14181273445466588	-0.1550305575043332	0.07752047207192511	-0.05664531664186973	0.312387254052242	-0.699227469560945	0.19740486037710356	-0.12516375138332445	0.11535148246773623	-0.5146953059922286	0.9999999999999982	-0.16303028029417713	0.14091829394723174	-0.12124271383842242	0.1536059558090777	-0.20024029803652935	0.11713702721610042	-0.0923397188074466	0.08386538435289946	-0.09601387148005189	0.0984910514586718	-0.0595630969341189	0.06402104615179706	-0.06552592779156234	0.01180716811006386	-0.08249243364494374	0.05202043814590269	-0.053318859944391526	0.06207458559738775	-0.01206690902392285	0.0619797092472351	-0.07009448728426322	0.06639898847214017	-0.15555287357193726
-0.06341776174214689	0.08064318750538813	-0.12397061717627461	0.08385306421075046	-0.07791835599390695	0.07684197491855665	-0.07961967064818114	0.12995517852260444	-0.08857721433228694	0.06938076911596189	-0.10094008796644184	0.1448692693951919	-0.3522622341636605	0.1645682157490823	-0.1539300397315837	0.1001990248379716	-0.16303028029417713	0.999999999999999	-0.8137290990144382	0.18908950161872068	-0.07829211665150757	0.09396292411601326	-0.2992657991775352	0.19735293397008313	-0.14671651739366137	0.06236565119135948	-0.06614883475014272	0.09003408645490307	-0.09467441139487019	0.09869469770134474	-0.010882902101513056	0.0858540247283988	-0.07586449331194023	0.07642691572026071	-0.08965463341415535	0.011193958312997809	-0.06376429102130059	0.07898503599176811	-0.07444814372530434	0.18283708928612685
0.0703620394517234	-0.09209613152498707	0.13712032568847302	-0.09419393393391987	0.08468644623289623	-0.08657905822877549	0.08696155766858414	-0.14788189016967532	0.09598981560197703	-0.07638596005270262	0.10144430908430221	-0.14604103804071228	0.2488787111518977	-0.17725527039908762	0.16078900577757768	-0.10352777102188032	0.14091829394723174	-0.8137290990144382	0.9999999999999947	-0.2469014926752397	0.08320036615902825	-0.10239263497839143	0.24417039954961675	-0.2560994608149232	0.17064952852844617	-0.072139778482521	0.07494642565818142	-0.10407273853230736	0.11105763319585904	-0.12054695026573109	0.013317138917616041	-0.10692899276080396	0.08663924738324133	-0.09154337248485012	0.10662692498347527	-0.013738286511468554	0.0784015699191118	-0.10029499745004775	0.09365439684909466	-0.23746527141268609
-0.07373112699042697	0.092926024146664	-0.1774398056496655	0.12253521029197395	-0.14992811050231808	0.08512116091287514	-0.0877123736054289	0.14456396918971104	-0.13480046199267515	0.12813549443603534	-0.09936462911738685	0.12042958344794187	-0.26181352651676554	0.20719426307204164	-0.3691550178731814	0.08887854516981361	-0.12124271383842242	0.18908950161872068	-0.2469014926752397	0.9999999999999946	-0.09599649941646847	0.11038197654058811	-0.34832932835598734	0.28080839152080933	-0.6154521802361064	0.07925167773684069	-0.08683985245815237	0.14403529697138975	-0.21067428116267625	0.22054661709491624	-0.01482254467848954	0.11701816043512236	-0.13183524707270652	0.14902929035399903	-0.21614605188076716	0.01518040322029125	-0.09002203132377698	0.10689736681449882	-0.10467484649159525	0.23485919726303428
0.04768870799590581	-0.054992601196764516	0.07816799247268404	-0.042865560282687364	0.04186613417184648	-0.05820076615706189	0.055835844664651926	-0.07223726446636249	0.04553005062100131	-0.03553731193329587	0.13090313045913574	-0.12920567154068271	0.0988765418029595	-0.06572354007341047	0.076017045562154	-0.17911585430901597	0.1536059558090777	-0.07829211665150757	0.08320036615902825	-0.09599649941646847	0.9999999999999932	-0.7957046764458431	0.1315004784139587	-0.09637907049747456	0.07647977159216547	-0.4391222523426432	0.27531704388035255	-0.06435552335900467	0.06330480657760737	-0.060735325305036045	0.02264804945919094	-0.11857746594187045	0.05738669220634247	-0.053359635519729325	0.05933995259433032	-0.02284766297408369	0.09059200892050523	-0.07484161140807627	0.07360278831395245	-0.123772950908061
-0.05367973317304188	0.061364890790219055	-0.0915344056804062	0.050148911988082086	-0.05001254095867021	0.06409063067308732	-0.06277437160152241	0.0816223536018024	-0.053721703717066825	0.042148038063187926	-0.14241123602836728	0.14009147076305664	-0.11900346018783177	0.07702027046275055	-0.09131103799499773	0.156758031809338	-0.20024029803652935	0.09396292411601326	-0.10239263497839143	0.11038197654058811	-0.7957046764458431	0.9999999999999923	-0.1867164642923348	0.11384480103364884	-0.09307624647782935	0.279255526981737	-0.37829755671741744	0.07552413282746251	-0.07587589470378624	0.07110476061711994	-0.02271552881556374	0.13339764528548487	-0.06871598652089654	0.06268852547524378	-0.07069074725273934	0.022625604184778384	-0.11067405686406008	0.08496547989417738	-0.08694879874543926	0.13550140809944675
0.06241530298373206	-0.07968671818982473	0.13174635932578685	-0.08514562599558	0.08607763351019292	-0.0745554975817734	0.07470691319074932	-0.12212133004126377	0.0892567419040994	-0.07539839734424818	0.09224688448894952	-0.11530096583005103	0.19165401989485323	-0.14174668387070707	0.16689466927400112	-0.09135341475084545	0.11713702721610042	-0.2992657991775352	0.24417039954961675	-0.34832932835598734	0.1315004784139587	-0.1867164642923348	0.9999999999999957	-0.6742307879605745	0.28613354780281325	-0.10462224956135718	0.1113959797116253	-0.2307642583534339	0.18343502001719497	-0.19707953215412402	0.01771030373356109	-0.14310748713953964	0.16125366506110048	-0.15296546748175952	0.16611203050043655	-0.01818927284872316	0.10549654543893497	-0.12560352173578082	0.11856589219205867	-0.271726609278894
-0.04940410747852647	0.062330316275156776	-0.10825553983064108	0.0699455812090164	-0.0745703280765468	0.05816364319242724	-0.05902494788821726	0.0957837955648613	-0.07472097808407613	0.06413534426322295	-0.07284136726343948	0.08917708299850294	-0.16474337885711074	0.11630845075916228	-0.14890328205527062	0.06935684952364139	-0.0923397188074466	0.19735293397008313	-0.2560994608149232	0.28080839152080933	-0.09637907049747456	0.11384480103364884	-0.6742307879605745	0.9999999999999937	-0.5417586116590537	0.07293215853886549	-0.08108037447264362	0.14767067019284638	-0.18540090317690838	0.18724844693611656	-0.012645383261601277	0.10033297604480244	-0.1273391820286945	0.13059096157227884	-0.16258538207459938	0.012934057609296641	-0.07676939080524789	0.08857045916054326	-0.08622169103894099	0.18782696795347953
0.050506480702538756	-0.06457306096971463	0.11434962878049744	-0.077536338542096	0.0838207984008333	-0.0594044415685289	0.060081261796486506	-0.09965601179193666	0.0820656104663824	-0.074261846830128	0.06862984873240599	-0.08415461717913564	0.1586087153969243	-0.1302395442441537	0.17554518054367793	-0.06410978629381568	0.08386538435289946	-0.14671651739366137	0.17064952852844617	-0.6154521802361064	0.07647977159216547	-0.09307624647782935	0.28613354780281325	-0.5417586116590537	0.999999999999993	-0.06789789418475961	0.07240526374527945	-0.13867404023409763	0.19505154967663174	-0.34143530031436875	0.013162312989888271	-0.10775703835099461	0.11805683202570554	-0.14780567196060618	0.2032420388591884	-0.013534182387501419	0.08053886502009103	-0.09926998543819851	0.09528665956125627	-0.2211659630853608
-0.036606346367579326	0.042621677008265454	-0.07112947807412243	0.03844890403761113	-0.04009422779799889	0.04295169858526258	-0.04239981863409871	0.05861203486771397	-0.041734199335123005	0.0331332678188507	-0.08369176470152888	0.08111078200724069	-0.08788304035637215	0.057255472943165686	-0.07239528884757249	0.09052393164478337	-0.09601387148005189	0.06236565119135948	-0.072139778482521	0.07925167773684069	-0.4391222523426432	0.279255526981737	-0.10462224956135718	0.07293215853886549	-0.06789789418475961	0.9999999999999938	-0.8045442859628815	0.06684689899594654	-0.06563600186628266	0.05730371889547351	-0.03952224795337674	0.1734603825125314	-0.06537503095917949	0.05548674493426502	-0.060774850103496036	0.0379840142337562	-0.14835861433603847	0.09184481829388208	-0.09734099656439872	0.11589287992628297
0.03777165792152454	-0.04478573188924987	0.07311784737211567	-0.03998665038990439	0.041258161985776184	-0.044776608333382116	0.04413356964428917	-0.06175760250992105	0.04314576603691053	-0.03430377534423902	0.08028641076852554	-0.08693268324850265	0.0902125092181037	-0.05983410534341136	0.07458483421601637	-0.0901722138654883	0.0984910514586718	-0.06614883475014272	0.07494642565818142	-0.08683985245815237	0.27531704388035255	-0.37829755671741744	0.1113959797116253	-0.08108037447264362	0.07240526374527945	-0.8045442859628815	0.9999999999999931	-0.0781483412932091	0.07089052685075242	-0.06280508888111261	0.03770039925063939	-0.26567099184623144	0.07418442552511352	-0.06192116903314227	0.0654980586218611	-0.03816541954301489	0.15912655673310752	-0.10736944641060983	0.10376630375030745	-0.13469206035486442
-0.034318337888144944	0.04268819553757318	-0.08101076214954742	0.04757928511567093	-0.05174369238957073	0.039501164916229674	-0.040253409090402856	0.06449995899892298	-0.051628073341522474	0.0431425698674176	-0.04902247027440312	0.057350017303298174	-0.10555356018618708	0.07306484660711311	-0.09687201962260679	0.045509177848198294	-0.0595630969341189	0.09003408645490307	-0.10407273853230736	0.14403529697138975	-0.06435552335900467	0.07552413282746251	-0.2307642583534339	0.14767067019284638	-0.13867404023409763	0.06684689899594654	-0.0781483412932091	0.9999999999999943	-0.3639682568531395	0.18975010984535137	-0.015799737686447105	0.14904393624457352	-0.8043097334075079	0.27684745032156427	-0.2334860919592127	0.01589453439616818	-0.12345538539091655	0.11140854368958518	-0.11593546209789564	0.16254411742056174
0.03881613980571565	-0.048950312617198885	0.09069551599610486	-0.05514750629623351	0.059401903470013506	-0.045027671897864226	0.04562053991358148	-0.07432581041758415	0.05918938609281293	-0.050366642546486345	0.05315069202292104	-0.06306650151241175	0.11604843447723566	-0.08547917651002196	0.11314892524938085	-0.04930120571852528	0.06402104615179706	-0.09467441139487019	0.11105763319585904	-0.21067428116267625	0.06330480657760737	-0.07587589470378624	0.18343502001719497	-0.18540090317690838	0.19505154967663174	-0.06563600186628266	0.07089052685075242	-0.3639682568531395	0.9999999999999928	-0.5104617724408951	0.014897869386829922	-0.13335942576907664	0.2619187729448208	-0.6188632234501708	0.32286945578654935	-0.01525547720518468	0.10105000217874027	-0.12056991592753856	0.1216577410815193	-0.21982157026289578
-0.03963856403337956	0.049726976819916	-0.0943863488130889	0.05771897767010558	-0.06389501591073006	0.045692133635045505	-0.04661344368054275	0.07581652258685127	-0.0625187979744752	0.05373523864295097	-0.05419150540529253	0.06424003874807255	-0.1241799331858847	0.09010652261495118	-0.12394257619158393	0.0494825095019816	-0.06552592779156234	0.09869469770134474	-0.12054695026573109	0.22054661709491624	-0.060735325305036045	0.07110476061711994	-0.19707953215412402	0.18724844693611656	-0.34143530031436875	0.05730371889547351	-0.06280508888111261	0.18975010984535137	-0.5104617724408951	0.9999999999999922	-0.012344779749306579	0.10440922908009302	-0.1803105131752412	0.29347603484257223	-0.6656113898186073	0.01261390068756146	-0.08201000757565245	0.09551241806266489	-0.0992407369742366	0.19029465863155265
0.005982601021249305	-0.007199494951820004	0.013941416098150736	-0.007484174673844459	0.008200156845195886	-0.006826010842420262	0.006922142143779679	-0.010449282946283396	0.008244274287039515	-0.0066487199819798976	0.009992337014337806	-0.010810000651984612	0.016604128347583402	-0.010852719711406653	0.014692590862368139	-0.009772141444210746	0.01180716811006386	-0.010882902101513056	0.013317138917616041	-0.01482254467848954	0.02264804945919094	-0.02271552881556374	0.01771030373356109	-0.012645383261601277	0.013162312989888271	-0.03952224795337674	0.03770039925063939	-0.015799737686447105	0.014897869386829922	-0.012344779749306579	0.9999999999999917	-0.05953232200195109	0.016136621481774086	-0.013178611811634048	0.013768734799226228	-0.9952289795682128	0.049545757594012974	-0.028337799525639557	0.027328764817474656	-0.02754938480910237
-0.04529736525795428	0.054743073316039934	-0.11182795348058068	0.05994162301909321	-0.06694917995300267	0.05102501876027807	-0.052361343577165126	0.08080808993958633	-0.06646185525641285	0.05394621368768037	-0.06918569515588659	0.07645684643140958	-0.13336440880417588	0.0867062778739803	-0.12007695788496105	0.06464241590152162	-0.08249243364494374	0.0858540247283988	-0.10692899276080396	0.11701816043512236	-0.11857746594187045	0.13339764528548487	-0.14310748713953964	0.10033297604480244	-0.10775703835099461	0.1734603825125314	-0.26567099184623144	0.14904393624457352	-0.13335942576907664	0.10440922908009302	-0.05953232200195109	0.9999999999999923	-0.18554083233375795	0.12093543034672924	-0.12131195339540284	0.056651841472611215	-0.7657468131476795	0.26328415898703794	-0.2878269758596227	0.21072015304153066
0.030273566548050572	-0.0377747482593211	0.07112895662140327	-0.04182128395617887	0.045196341023824416	-0.034937562412027764	0.03548803447563419	-0.05698240066982244	0.0452214606725542	-0.037818386568195354	0.04303733680788975	-0.050398170452690426	0.09077021396111792	-0.06397707054381306	0.08445726217004199	-0.040242883211958166	0.05202043814590269	-0.07586449331194023	0.08663924738324133	-0.13183524707270652	0.05738669220634247	-0.06871598652089654	0.16125366506110048	-0.1273391820286945	0.11805683202570554	-0.06537503095917949	0.07418442552511352	-0.8043097334075079	0.2619187729448208	-0.1803105131752412	0.016136621481774086	-0.18554083233375795	0.9999999999999931	-0.41697050156239324	0.20451929949709072	-0.0163150440536905	0.12655258726970742	-0.12192399034047653	0.1160219239643431	-0.16181061840310876
-0.031967863188721135	0.03993935843299166	-0.07630427228822026	0.045130907222901785	-0.04931222544598023	0.03676445632636615	-0.03745305056392034	0.06048550883956254	-0.048910581695420466	0.041227050134405446	-0.04425802219711129	0.051912261100736476	-0.09728136152448255	0.06905184115757465	-0.09287724078627599	0.04068355684964987	-0.053318859944391526	0.07642691572026071	-0.09154337248485012	0.14902929035399903	-0.053359635519729325	0.06268852547524378	-0.15296546748175952	0.13059096157227884	-0.14780567196060618	0.05548674493426502	-0.06192116903314227	0.27684745032156427	-0.6188632234501708	0.29347603484257223	-0.013178611811634048	0.12093543034672924	-0.41697050156239324	0.9999999999999928	-0.5347109476697977	0.013389725637404287	-0.09779529359867231	0.10979020061300199	-0.12633350650635075	0.1732746610566564
0.03817086061338802	-0.04810994604716264	0.09022754794956245	-0.05481439400997778	0.05942461514466247	-0.04415384154179434	0.04481677195605772	-0.07313573617973565	0.05894054614905077	-0.050333136440150875	0.05168495771475702	-0.06124260265108251	0.1146104740869686	-0.08483409435216017	0.11348846463644324	-0.0475692919878945	0.06207458559738775	-0.08965463341415535	0.10662692498347527	-0.21614605188076716	0.05933995259433032	-0.07069074725273934	0.16611203050043655	-0.16258538207459938	0.2032420388591884	-0.060774850103496036	0.0654980586218611	-0.2334860919592127	0.32286945578654935	-0.6656113898186073	0.013768734799226228	-0.12131195339540284	0.20451929949709072	-0.5347109476697977	0.9999999999999929	-0.014112513882783694	0.09284816793140269	-0.11406941139759506	0.11737061049729132	-0.2382870831056761
-0.006151559766674959	0.007400095222853286	-0.014415254275772733	0.0077289107966307296	-0.008486749225176182	0.007007101516345915	-0.007114675076522027	0.010753632385995105	-0.008521921148733628	0.006874049464376435	-0.010219047240726361	0.011038756453955398	-0.01716217334875432	0.011197877773001304	-0.015200986676158969	0.009935693044564053	-0.01206690902392285	0.011193958312997809	-0.013738286511468554	0.01518040322029125	-0.02284766297408369	0.022625604184778384	-0.01818927284872316	0.012934057609296641	-0.013534182387501419	0.0379840142337562	-0.03816541954301489	0.01589453439616818	-0.01525547720518468	0.01261390068756146	-0.9952289795682128	0.056651841472611215	-0.0163150440536905	0.013389725637404287	-0.014112513882783694	0.9999999999999932	-0.05190522362744354	0.02865435137641646	-0.028251576322761814	0.027824408082972124
0.03372736811038901	-0.040929339567689266	0.08183567008411288	-0.04410680733614318	0.048817917868856295	-0.03825553741493956	0.039051719695091545	-0.060237534055319175	0.04869211475317122	-0.039513864659774134	0.05187189016000113	-0.05800604387385799	0.09720492761627705	-0.06391540149060965	0.08759261576396862	-0.04958397042786289	0.0619797092472351	-0.06376429102130059	0.0784015699191118	-0.09002203132377698	0.09059200892050523	-0.11067405686406008	0.10549654543893497	-0.07676939080524789	0.08053886502009103	-0.14835861433603847	0.15912655673310752	-0.12345538539091655	0.10105000217874027	-0.08201000757565245	0.049545757594012974	-0.7657468131476795	0.12655258726970742	-0.09779529359867231	0.09284816793140269	-0.05190522362744354	0.9999999999999942	-0.46303031073762635	0.2521373258206965	-0.21898340573154484
-0.042224538709238965	0.05125366033090693	-0.10971715004305324	0.058131773021425345	-0.06581504194821515	0.047052970637799216	-0.04867139249022487	0.07655603741647844	-0.0648140441015943	0.05264225695068024	-0.05906618785518207	0.06631319953964464	-0.12820267000909294	0.08303761622975381	-0.1172863599587326	0.052865649742980414	-0.07009448728426322	0.07898503599176811	-0.10029499745004775	0.10689736681449882	-0.07484161140807627	0.08496547989417738	-0.12560352173578082	0.08857045916054326	-0.09926998543819851	0.09184481829388208	-0.10736944641060983	0.11140854368958518	-0.12056991592753856	0.09551241806266489	-0.028337799525639557	0.26328415898703794	-0.12192399034047653	0.10979020061300199	-0.11406941139759506	0.02865435137641646	-0.46303031073762635	0.9999999999999947	-0.7433314341664019	0.25676830620268776
0.0396844250648333	-0.04830772482182825	0.101790156646521	-0.05424244394167091	0.06101351967835442	-0.04443987514405358	0.04579964167224593	-0.07203451664722808	0.060274736474882795	-0.048989564173301456	0.0559179836830708	-0.06309763138377562	0.11884984752620102	-0.0776886097403647	0.10887962996853177	-0.05079753640961626	0.06639898847214017	-0.07444814372530434	0.09365439684909466	-0.10467484649159525	0.07360278831395245	-0.08694879874543926	0.11856589219205867	-0.08622169103894099	0.09528665956125627	-0.09734099656439872	0.10376630375030745	-0.11593546209789564	0.1216577410815193	-0.0992407369742366	0.027328764817474656	-0.2878269758596227	0.1160219239643431	-0.12633350650635075	0.11737061049729132	-0.028251576322761814	0.2521373258206965	-0.7433314341664019	0.9999999999999946	-0.46784926993099096
-0.10113348065335345	0.12274900166990854	-0.2756092669123834	0.14340561573748434	-0.164657269069858	0.11131598058646686	-0.11611011822653597	0.18482392035457504	-0.16101526697404828	0.13046191963730253	-0.1318947978145469	0.14893988010079157	-0.3148365564420053	0.20167817106797817	-0.29078894697323776	0.11300444499481113	-0.15555287357193726	0.18283708928612685	-0.23746527141268609	0.23485919726303428	-0.123772950908061	0.13550140809944675	-0.271726609278894	0.18782696795347953	-0.2211659630853608	0.11589287992628297	-0.13469206035486442	0.16254411742056174	-0.21982157026289578	0.19029465863155265	-0.02754938480910237	0.21072015304153066	-0.16181061840310876	0.1732746610566564	-0.2382870831056761	0.027824408082972124	-0.21898340573154484	0.25676830620268776	-0.46784926993099096	0.9999999999999944
