1.0	-0.6096569791438967	0.2559048316129922	-0.0921198104229019	0.10210613590636221	-0.6071017406142011	0.2724584649043025	-0.21392439924033538	0.11906862176873431	-0.10552841878773721	0.2435085574335567	-0.2186368410143949	0.1897116018411381	-0.12918035087578994	0.09613434327260266	-0.24275033436000107	0.1722640692893927	-0.18136718397877355	0.09819894114267946	-0.06931092622689493	0.1026683335001348	-0.10889391894192192	0.09831765341893138	-0.0835614123191977	0.08416303371612469	-0.08120356805005693	0.08872213245642799	-0.07324068131238656	0.07483423201769701	-0.06234739545390401	0.03413370716309484	-0.03344604308809981	0.06071368597490746	-0.06403944989121693	0.05124059214528021	-0.03205967007641613	0.043279713849101925	-0.04674120601189668	0.04410188357742647	-0.0506856252201633	0.023635516302098737	-0.037515083038670995	0.05187033019777737	-0.05016047701968546	0.06524231470040076
-0.6096569791438967	1.0	-0.5023612138830243	0.099283599128846	-0.10830179117155656	0.2883279454384262	-0.44989267424102247	0.26493552991644	-0.13415994622469263	0.10857102757808965	-0.2106827875092943	0.21896050938037942	-0.2136895341218045	0.12982772194549944	-0.09925509221959135	0.18881670950868537	-0.16818015716441365	0.1685743760488	-0.08984745269214298	0.06317668647279501	-0.08729968140411885	0.09282097658736234	-0.08680052697505145	0.07376987608699724	-0.07567391376789048	0.06808443356939818	-0.07693399088624549	0.06340027053746214	-0.0655550857474703	0.05442514939465756	-0.029240652277796455	0.028535385275011316	-0.052836169431391765	0.05555841580026463	-0.04469771923163557	0.02758172263434549	-0.03740544638725834	0.04041245493454935	-0.038208871241355566	0.04388483631488795	-0.02037374965987991	0.032310230623952274	-0.04492931885302481	0.04332700570131352	-0.056597799018235646
0.2559048316129922	-0.5023612138830243	1.0000000000000004	-0.158130743522446	0.14625489645242673	-0.28247508988237696	0.3037375901183377	-0.6273250312883926	0.1938793387823805	-0.16180967437254706	0.20323580923130147	-0.24303726373792045	0.2565299103249545	-0.184456301119997	0.13229938400551816	-0.2331070284773169	0.18935987068173568	-0.2258857120788405	0.11311429671554421	-0.0811814495520892	0.10449082459739312	-0.1141749743217444	0.1072488941157103	-0.09321737783784971	0.09486413002279874	-0.08359932443247099	0.09235520260041549	-0.08046783375496314	0.08258181590911792	-0.06950206484445781	0.03599809209817983	-0.035302699348383426	0.06648184909712815	-0.07077740938121342	0.05674236892803194	-0.03505285610636159	0.04719475692121392	-0.051234394444611704	0.04857177124386412	-0.05609759539323155	0.02583257106157122	-0.04104509685567233	0.0568140747812125	-0.055304654829958375	0.07186625883922829
-0.0921198104229019	0.099283599128846	-0.158130743522446	1.0000000000000004	-0.6806546200645687	0.09794896513608639	-0.12827645895531525	0.16368627958730564	-0.618372107384955	0.27790756654204163	-0.09292409902665982	0.10598047670387947	-0.13763091660711776	0.2064475331287208	-0.18202244815682456	0.1045532336671547	-0.0996823881107768	0.10955387389605557	-0.08078214707705468	0.0607956710569684	-0.0537401087215093	0.05954660189759364	-0.06361694509669576	0.058656807799149654	-0.06530052499656971	0.04288812736434595	-0.04968152693657448	0.04765017286595828	-0.0511582793659232	0.043657384959854946	-0.019783293756991244	0.019303149464891076	-0.03988319530919559	0.04311011732866447	-0.03527799620221271	0.02067195700204296	-0.027938289121651125	0.03055768211490189	-0.02939157937126357	0.034315902323115585	-0.015283700097605404	0.02428071679570943	-0.03404995266266686	0.033321853875625335	-0.04399781029583722
0.10210613590636221	-0.10830179117155656	0.14625489645242673	-0.6806546200645687	1.0000000000000009	-0.11631147529996372	0.13302291586012788	-0.1595903472989577	0.3245025141167786	-0.5042107348878193	0.11054418000596124	-0.12522216064865693	0.1558223671584232	-0.3092274449474863	0.2350480035147673	-0.13476797180249162	0.12159254227014683	-0.13965789342047624	0.10715053982847908	-0.08287327290838442	0.069204167293293	-0.07740246888353394	0.08365155118951108	-0.07868807636595447	0.08673926693615089	-0.05584120973439381	0.06426661052566067	-0.06422127200940109	0.0687149330759739	-0.05940291871320524	0.026067876791757892	-0.02548262328159812	0.053533538837516666	-0.05846949907503827	0.047742594159825735	-0.027997419908534535	0.03763145461521998	-0.04129283884888257	0.03982528656459768	-0.046755140381624385	0.020666876300819793	-0.0328755352082976	0.04596010391839664	-0.04529841582735893	0.059659152555948475
-0.6071017406142011	0.2883279454384262	-0.28247508988237696	0.09794896513608639	-0.11631147529996372	1.0000000000000016	-0.3755392238607318	0.2158681008424694	-0.13312826433057529	0.11178972910311928	-0.49916161285793836	0.2603539920909286	-0.23499982494708543	0.13837817930737317	-0.10860546662796881	0.2571494765285647	-0.21444614880880664	0.1929813423666347	-0.11012000523933499	0.07615341032228694	-0.11911222097036661	0.11958902654838795	-0.11057479737604979	0.09147415132250537	-0.09399706997262061	0.08926783773516964	-0.10250795003124699	0.07877100758528514	-0.08188450866727708	0.06698850165039513	-0.03799654174892452	0.036865732357059866	-0.06630197274539212	0.06870746090069935	-0.05541907009700156	0.03434177795498176	-0.04693494231838856	0.05036834251374491	-0.04742175165176229	0.05411331258882687	-0.02542640832498992	0.04023380394989244	-0.05616042637729211	0.0535544585764849	-0.07033544337008216
0.2724584649043025	-0.44989267424102247	0.3037375901183377	-0.12827645895531525	0.13302291586012788	-0.3755392238607318	1.0000000000000024	-0.45492866520517056	0.16903760042763594	-0.14371450265317426	0.26640710719749866	-0.49636689400847867	0.2875252184199502	-0.17679287301965277	0.12754299733169996	-0.26233069284905286	0.22120400455273959	-0.24088643180875788	0.11608622726426207	-0.08244274354306261	0.11455697391144926	-0.12393231632248415	0.11264563919246978	-0.09654586900558024	0.09734622455822714	-0.09029792427248841	0.09974333255332783	-0.08309336472096135	0.08491726009060989	-0.07095790365740727	0.03814472638137147	-0.03736290518144327	0.06859527890769433	-0.07251815629537874	0.058019658821270595	-0.036024983330951665	0.04865384786512654	-0.05267596217777492	0.04976342987846653	-0.057181670177871013	0.026559361403697884	-0.042172660309654	0.05835410037921161	-0.05658398018919024	0.07326448096965203
-0.21392439924033538	0.26493552991644	-0.6273250312883926	0.16368627958730564	-0.1595903472989577	0.2158681008424694	-0.45492866520517056	1.0000000000000033	-0.2919103841841255	0.16673379923420656	-0.19395016591373754	0.2539856103302949	-0.41353808876138337	0.18876076886661375	-0.1436638072764805	0.1922078003428619	-0.19000417067589426	0.21036238619316708	-0.10480464080615987	0.07451168889302727	-0.0910355278964041	0.09922356186945691	-0.09545165813341998	0.08268825353616696	-0.08579514298981566	0.07152316329267153	-0.08115959187965216	0.0695675568648326	-0.07221267372956389	0.060420757395471314	-0.031075991162374073	0.030359202614525807	-0.057729957637876236	0.0611595033614422	-0.04927928788661408	0.030027575965402523	-0.04065973847652271	0.044128906597725295	-0.04187839495468564	0.04824331035940752	-0.02217290253870928	0.03519648807350228	-0.048981759455530856	0.04751236367148058	-0.061875335566995426
0.11906862176873431	-0.13415994622469263	0.1938793387823805	-0.618372107384955	0.3245025141167786	-0.13312826433057529	0.16903760042763594	-0.2919103841841255	1.0000000000000038	-0.48311651199518824	0.12363886802733487	-0.14803791525759188	0.18822045001195928	-0.35106923529455136	0.24523052464195755	-0.1430849185491551	0.13248374841420352	-0.1527271015221193	0.10816268131461332	-0.08263967468384731	0.07195331709446313	-0.08007859796076884	0.0844815908006133	-0.07875905616335517	0.08638320651088378	-0.05763157996634253	0.06611711624693396	-0.06377672150762244	0.0679527398764119	-0.05838442770755016	0.026388667819965163	-0.025789955981991512	0.05304094038283387	-0.05760324752066539	0.04694877317368011	-0.02761224636986637	0.03720839259294703	-0.040761941983795874	0.03919842598940718	-0.045803670297191366	0.020387353827297047	-0.03241804521563603	0.04530318577770265	-0.04453261426505178	0.05838476554125051
-0.10552841878773721	0.10857102757808965	-0.16180967437254706	0.27790756654204163	-0.5042107348878193	0.11178972910311928	-0.14371450265317426	0.16673379923420656	-0.48311651199518824	1.000000000000002	-0.11089613213983422	0.12494667354176467	-0.17074663263931145	0.3060530073696143	-0.5668823941144504	0.12381632790807144	-0.12311407344746331	0.13295708267119732	-0.11639105607839641	0.09273408312402492	-0.0662763571770387	0.07382251801209003	-0.08259072502510552	0.07853139608783273	-0.09392059683670677	0.05273976305698462	-0.06192674342709919	0.06110321828749392	-0.06696162737676849	0.057456413326704106	-0.024742770596909974	0.024106993983308705	-0.051263969641534166	0.05574535096448563	-0.04612865692283879	0.026268524380480645	-0.035611008643155945	0.03908002818850805	-0.03780159275340286	0.04424873257970137	-0.019446985615890144	0.03089553013249698	-0.04354811067074087	0.042730584056237794	-0.056593493044810955
0.2435085574335567	-0.2106827875092943	0.20323580923130147	-0.09292409902665982	0.11054418000596124	-0.49916161285793836	0.26640710719749866	-0.19395016591373754	0.12363886802733487	-0.11089613213983422	1.0000000000000036	-0.47597174202238646	0.2488547250881294	-0.14647744217156802	0.1091313125104459	-0.5497542569566021	0.24588963875603267	-0.23619826488334378	0.12089588975073591	-0.08471077638387302	0.1632938196732301	-0.16020043264061176	0.1289005537362374	-0.10656470898886407	0.10393365340746144	-0.12260304368533438	0.12756159955809687	-0.09265068491997079	0.0929120533831597	-0.07649937846344093	0.047098661622650036	-0.04612778599272295	0.07616441548121308	-0.07922120408805686	0.06284808854712691	-0.04011878133893029	0.0544563877147705	-0.05836661760345309	0.05447619461252361	-0.061809026215479033	0.029554720138127308	-0.046869102671713264	0.06438722309822938	-0.06185798013998681	0.07916906422400627
-0.2186368410143949	0.21896050938037942	-0.24303726373792045	0.10598047670387947	-0.12522216064865693	0.2603539920909286	-0.49636689400847867	0.2539856103302949	-0.14803791525759188	0.12494667354176467	-0.47597174202238646	1.000000000000004	-0.5179758387731187	0.17220683102623335	-0.13085914413233843	0.2688517896230863	-0.33622751777629084	0.2664645966046071	-0.11900832199709971	0.08274935713984279	-0.12337095546302718	0.13121990034149816	-0.1165176645181296	0.0973749309813769	-0.09806241930921292	0.09301562239011418	-0.1059667277416523	0.08224401524750988	-0.08416659097745184	0.06949686395074617	-0.03889121382342473	0.037895863091184145	-0.06802181216040082	0.07104933040372631	-0.05687387596903145	0.03523786612723373	-0.04794098328061883	0.05172791344012335	-0.048692807940436	0.05554449888358806	-0.02602367636049984	0.041264757190715956	-0.057266615945571905	0.05515554790270369	-0.07121171392358097
0.1897116018411381	-0.2136895341218045	0.2565299103249545	-0.13763091660711776	0.1558223671584232	-0.23499982494708543	0.2875252184199502	-0.41353808876138337	0.18822045001195928	-0.17074663263931145	0.2488547250881294	-0.5179758387731187	1.0000000000000033	-0.3093269670886946	0.18015420284725414	-0.2729315861839464	0.28103241070646007	-0.4689337450693567	0.14510631453809458	-0.1028069458190876	0.12511692523277507	-0.139661357081208	0.13223801039953118	-0.11478211683788392	0.11519090173807822	-0.09865132618584552	0.11052974156992755	-0.09526635707519054	0.09721628121119243	-0.08159308777439642	0.04214191099356603	-0.04128122904526436	0.07794493639472784	-0.0826938236949925	0.06612363723344328	-0.04046247837475303	0.05469004400954688	-0.05952694327935936	0.056370596036163595	-0.06476352813443736	0.029834370524583174	-0.047411457540367095	0.06573240997456772	-0.06405889584016171	0.08235122152675263
-0.12918035087578994	0.12982772194549944	-0.184456301119997	0.2064475331287208	-0.3092274449474863	0.13837817930737317	-0.17679287301965277	0.18876076886661375	-0.35106923529455136	0.3060530073696143	-0.14647744217156802	0.17220683102623335	-0.3093269670886946	1.000000000000003	-0.6992341756450645	0.15809749570434586	-0.16688995752189711	0.18287159654074148	-0.18526706852063696	0.13111846803229021	-0.08625410081004217	0.09658821141303554	-0.11058191904756685	0.10833496325802439	-0.12767442659556688	0.0682310595667321	-0.08064163432352224	0.08036009578212258	-0.08860865048928182	0.0761139361216279	-0.03205212878502109	0.031211959106990362	-0.06713244615201738	0.07327122989230266	-0.06062222433330101	0.03407976510047188	-0.04627638115173596	0.050941696413165365	-0.04937478160503881	0.05772002615942158	-0.025234208317424962	0.040109209515488964	-0.05660852406973091	0.055751908726631244	-0.0732944929013038
0.09613434327260266	-0.09925509221959135	0.13229938400551816	-0.18202244815682456	0.2350480035147673	-0.10860546662796881	0.12754299733169996	-0.1436638072764805	0.24523052464195755	-0.5668823941144504	0.1091313125104459	-0.13085914413233843	0.18015420284725414	-0.6992341756450645	1.0000000000000009	-0.12906040136987593	0.12428334965880591	-0.1468163052460987	0.13967582141594595	-0.132180872513919	0.06870567091500224	-0.07783588435170687	0.0885793924076089	-0.09025982371207071	0.10910313071364801	-0.05508087922180006	0.06410920508976456	-0.06664880365144875	0.07284815246149873	-0.06446111330280255	0.025970807011457722	-0.025368188392911845	0.05507096153925199	-0.06117454935598009	0.050550179948269866	-0.02830043129936192	0.03814448211824912	-0.04219769769165839	0.04105019476642501	-0.04837212514417447	0.020898685442255115	-0.03328923053532417	0.046705518804828434	-0.04656878942777916	0.06070052027280691
-0.24275033436000107	0.18881670950868537	-0.2331070284773169	0.1045532336671547	-0.13476797180249162	0.2571494765285647	-0.26233069284905286	0.1922078003428619	-0.1430849185491551	0.12381632790807144	-0.5497542569566021	0.2688517896230863	-0.2729315861839464	0.15809749570434586	-0.12906040136987593	1.0000000000000016	-0.39931583713489577	0.2584381002229809	-0.1664145367861088	0.11255646231747542	-0.3682294479179227	0.24074511741814222	-0.1954369729381017	0.1478597357473571	-0.14637852786601543	0.19476341515449633	-0.22372957832704585	0.12719389439899967	-0.12993850736695095	0.10295113993635988	-0.0749733087260334	0.07128146469545678	-0.10768855621989908	0.10735116491516095	-0.08586612903549015	0.0553582758017867	-0.07701264225411124	0.08077886542616762	-0.0744565412460488	0.08290506951629015	-0.04105814884950332	0.06467392233558789	-0.0896965799167655	0.08353061345241508	-0.10794747298237621
0.1722640692893927	-0.16818015716441365	0.18935987068173568	-0.0996823881107768	0.12159254227014683	-0.21444614880880664	0.22120400455273959	-0.19000417067589426	0.13248374841420352	-0.12311407344746331	0.24588963875603267	-0.33622751777629084	0.28103241070646007	-0.16688995752189711	0.12428334965880591	-0.39931583713489577	1.0000000000000027	-0.6756275381361194	0.1708815348827474	-0.11986092854121122	0.1929447724224948	-0.2696937368517765	0.18365075429211813	-0.1526357291577875	0.13984969482299509	-0.15043577747894687	0.16826727953118134	-0.12830146808105725	0.12455638234229613	-0.10339030676633026	0.05989975676948425	-0.05901481277893594	0.10207157939227841	-0.10692423429367456	0.08366646286583579	-0.053019757575071325	0.07163301249944323	-0.07776493105190914	0.07262796124458262	-0.08220623707454455	0.038971557768819796	-0.06198500841665656	0.08492643253535795	-0.08271702787056825	0.10336219106928261
-0.18136718397877355	0.1685743760488	-0.2258857120788405	0.10955387389605557	-0.13965789342047624	0.1929813423666347	-0.24088643180875788	0.21036238619316708	-0.1527271015221193	0.13295708267119732	-0.23619826488334378	0.2664645966046071	-0.4689337450693567	0.18287159654074148	-0.1468163052460987	0.2584381002229809	-0.6756275381361194	1.0000000000000002	-0.21537721683158906	0.1310856008899327	-0.15654497647883386	0.1820454519562386	-0.1938914446454037	0.15176382523428297	-0.15123094152736474	0.1181402344288381	-0.1452635927439837	0.11958144490405723	-0.12319925745637011	0.10019748527349087	-0.051912112632234386	0.05039516636061512	-0.09838733214499136	0.1015090126720067	-0.08137920761730613	0.04874803813455976	-0.06694192925702686	0.07288670239975223	-0.06883423994446641	0.0780013866222799	-0.03612202280730109	0.05726900338319592	-0.0804717508820024	0.07749646782150613	-0.09936888435789516
0.09819894114267946	-0.08984745269214298	0.11311429671554421	-0.08078214707705468	0.10715053982847908	-0.11012000523933499	0.11608622726426207	-0.10480464080615987	0.10816268131461332	-0.11639105607839641	0.12089588975073591	-0.11900832199709971	0.14510631453809458	-0.18526706852063696	0.13967582141594595	-0.1664145367861088	0.1708815348827474	-0.21537721683158906	1.0000000000000016	-0.6568486278632216	0.12134829437850185	-0.15498607431564593	0.2323345143685115	-0.3993409437075704	0.32550019268434716	-0.09961920063005128	0.12094417201972671	-0.18230338890493974	0.20378911879785863	-0.19583066434925644	0.0538229457956833	-0.052798509156251186	0.1411296377384169	-0.1731685820896857	0.138638326053665	-0.07079247485631274	0.09405417455143635	-0.1087760806613394	0.10924642672439687	-0.13107306752518696	0.051956386341401165	-0.08366032161474024	0.11694561671112177	-0.12509403390669127	0.1513241098546581
-0.06931092622689493	0.06317668647279501	-0.0811814495520892	0.0607956710569684	-0.08287327290838442	0.07615341032228694	-0.08244274354306261	0.07451168889302727	-0.08263967468384731	0.09273408312402492	-0.08471077638387302	0.08274935713984279	-0.1028069458190876	0.13111846803229021	-0.132180872513919	0.11255646231747542	-0.11986092854121122	0.1310856008899327	-0.6568486278632216	1.0000000000000022	-0.08691231122541213	0.10766367253704752	-0.1814784066273321	0.2487227397094757	-0.6376646365515993	0.06976569366379909	-0.08738299137189946	0.12694900345759247	-0.16187403524881766	0.1587460700165243	-0.03827360441979613	0.037314589215272455	-0.10326275407216054	0.12526850277224824	-0.11613200315066101	0.04962839524161458	-0.0673550607840509	0.07749053753972025	-0.07961001021140705	0.09735666770714152	-0.03672237515333465	0.05888342555115537	-0.08436541230169664	0.08879129175051813	-0.11646430166405783
0.1026683335001348	-0.08729968140411885	0.10449082459739312	-0.0537401087215093	0.069204167293293	-0.11911222097036661	0.11455697391144926	-0.0910355278964041	0.07195331709446313	-0.0662763571770387	0.1632938196732301	-0.12337095546302718	0.12511692523277507	-0.08625410081004217	0.06870567091500224	-0.3682294479179227	0.1929447724224948	-0.15654497647883386	0.12134829437850185	-0.08691231122541213	1.0000000000000033	-0.592420152931116	0.1995545000113168	-0.14986988262391177	0.11389849190917037	-0.5620234303824019	0.3188749395236268	-0.12948717891230782	0.11175752589482352	-0.08904343987502085	0.10648760901911905	-0.10611278989879207	0.0979790019546866	-0.09743917557243442	0.07246618103992522	-0.054286364052358954	0.07423188451177819	-0.07619631817058224	0.06655348953130955	-0.07118651763869134	0.039358921217690926	-0.062496826452969084	0.080075721834907	-0.07590434634761431	0.087499935214394
-0.10889391894192192	0.09282097658736234	-0.1141749743217444	0.05954660189759364	-0.07740246888353394	0.11958902654838795	-0.12393231632248415	0.09922356186945691	-0.08007859796076884	0.07382251801209003	-0.16020043264061176	0.13121990034149816	-0.139661357081208	0.09658821141303554	-0.07783588435170687	0.24074511741814222	-0.2696937368517765	0.1820454519562386	-0.15498607431564593	0.10766367253704752	-0.592420152931116	1.000000000000001	-0.3819833354508802	0.19280800749395868	-0.14722388534797878	0.29769082696693006	-0.49125639134484217	0.15831016217903307	-0.14012408059272385	0.10629144508582433	-0.10292393856583275	0.09905771521782897	-0.12254816998637294	0.11562114546964868	-0.08679961392955482	0.060309621017110654	-0.08441160052108183	0.08846643393431264	-0.07838682558858409	0.08325871181390955	-0.04431560228218902	0.0700795579077883	-0.09400840843364895	0.08813924738037343	-0.10304892101080063
0.09831765341893138	-0.08680052697505145	0.1072488941157103	-0.06361694509669576	0.08365155118951108	-0.11057479737604979	0.11264563919246978	-0.09545165813341998	0.0844815908006133	-0.08259072502510552	0.1289005537362374	-0.1165176645181296	0.13223801039953118	-0.11058191904756685	0.0885793924076089	-0.1954369729381017	0.18365075429211813	-0.1938914446454037	0.2323345143685115	-0.1814784066273321	0.1995545000113168	-0.3819833354508802	1.0000000000000033	-0.5947236806636408	0.23537151413552965	-0.15770703018386978	0.19289867485035506	-0.39078966226594586	0.24140761238641067	-0.18349371880414464	0.07524757364444296	-0.07439264767373506	0.21502714938409087	-0.20543574740109963	0.1422363760594519	-0.08756045220701707	0.12075179980241312	-0.14387874014784074	0.12929190097845733	-0.13614294294907356	0.06446743401112576	-0.10375478017793477	0.1459582946850734	-0.14637877721441747	0.1587864722029676
-0.0835614123191977	0.07376987608699724	-0.09321737783784971	0.058656807799149654	-0.07868807636595447	0.09147415132250537	-0.09654586900558024	0.08268825353616696	-0.07875905616335517	0.07853139608783273	-0.10656470898886407	0.0973749309813769	-0.11478211683788392	0.10833496325802439	-0.09025982371207071	0.1478597357473571	-0.1526357291577875	0.15176382523428297	-0.3993409437075704	0.2487227397094757	-0.14986988262391177	0.19280800749395868	-0.5947236806636408	1.0000000000000038	-0.4347841192462737	0.11287607507751657	-0.15060379873596172	0.22440156851121737	-0.3625248470687963	0.20035037892353644	-0.060666834073263655	0.0588777169782824	-0.17952167284971937	0.20274365783490325	-0.15218348228639622	0.07466268570483488	-0.10477515165640981	0.121674133371836	-0.1223551570980527	0.13188067867521716	-0.0556486024208829	0.08904397878336867	-0.13041617564798705	0.13356384516744685	-0.15587418258224295
0.08416303371612469	-0.07567391376789048	0.09486413002279874	-0.06530052499656971	0.08673926693615089	-0.09399706997262061	0.09734622455822714	-0.08579514298981566	0.08638320651088378	-0.09392059683670677	0.10393365340746144	-0.09806241930921292	0.11519090173807822	-0.12767442659556688	0.10910313071364801	-0.14637852786601543	0.13984969482299509	-0.15123094152736474	0.32550019268434716	-0.6376646365515993	0.11389849190917037	-0.14722388534797878	0.23537151413552965	-0.4347841192462737	1.0000000000000022	-0.09371927810678028	0.11496255471394186	-0.18643848150728232	0.22506234663348196	-0.2894253525193626	0.05269124455730245	-0.05165669786533845	0.14560805454678186	-0.18803750631443467	0.1719141858190754	-0.07216407877916187	0.09631959752454006	-0.11249177142187045	0.11675224716881684	-0.14792938734068822	0.05305308791072583	-0.08554808619382462	0.12073746415098677	-0.13197988366697755	0.16629693936895762
-0.08120356805005693	0.06808443356939818	-0.08359932443247099	0.04288812736434595	-0.05584120973439381	0.08926783773516964	-0.09029792427248841	0.07152316329267153	-0.05763157996634253	0.05273976305698462	-0.12260304368533438	0.09301562239011418	-0.09865132618584552	0.0682310595667321	-0.05508087922180006	0.19476341515449633	-0.15043577747894687	0.1181402344288381	-0.09961920063005128	0.06976569366379909	-0.5620234303824019	0.29769082696693006	-0.15770703018386978	0.11287607507751657	-0.09371927810678028	1.0000000000000024	-0.7013387145501744	0.10383265922398906	-0.09287350353794527	0.0728075435356887	-0.18894944947667988	0.1550365062553741	-0.08484058653203005	0.08086498180206148	-0.06040861554186656	0.05349855254346878	-0.07548165806874053	0.06986914853810353	-0.057508515684336445	0.05938078929311625	-0.038610979566620754	0.06042494995328823	-0.07272068737394066	0.06526900123684938	-0.07371572402145248
0.08872213245642799	-0.07693399088624549	0.09235520260041549	-0.04968152693657448	0.06426661052566067	-0.10250795003124699	0.09974333255332783	-0.08115959187965216	0.06611711624693396	-0.06192674342709919	0.12756159955809687	-0.1059667277416523	0.11052974156992755	-0.08064163432352224	0.06410920508976456	-0.22372957832704585	0.16826727953118134	-0.1452635927439837	0.12094417201972671	-0.08738299137189946	0.3188749395236268	-0.49125639134484217	0.19289867485035506	-0.15060379873596172	0.11496255471394186	-0.7013387145501744	1.0000000000000018	-0.13823485714682948	0.11702217705682069	-0.09415615232379454	0.16027175707060545	-0.18440129032891356	0.10591083377392112	-0.1049985257924782	0.07691466478625777	-0.06606268663541906	0.09013310181604393	-0.08756077768817717	0.07313195049040247	-0.07657234789718093	0.047219451272362004	-0.07509717945043942	0.09003329079717634	-0.08401811440136242	0.09314985164232978
-0.07324068131238656	0.06340027053746214	-0.08046783375496314	0.04765017286595828	-0.06422127200940109	0.07877100758528514	-0.08309336472096135	0.0695675568648326	-0.06377672150762244	0.06110321828749392	-0.09265068491997079	0.08224401524750988	-0.09526635707519054	0.08036009578212258	-0.06664880365144875	0.12719389439899967	-0.12830146808105725	0.11958144490405723	-0.18230338890493974	0.12694900345759247	-0.12948717891230782	0.15831016217903307	-0.39078966226594586	0.22440156851121737	-0.18643848150728232	0.10383265922398906	-0.13823485714682948	1.0000000000000013	-0.3102835107734566	0.17940321926445252	-0.08470315713005064	0.08151532795706562	-0.6889643988403645	0.24686750661823548	-0.16372261929088125	0.12190645963580801	-0.20429655743882993	0.2428487361422073	-0.18088786210077454	0.15179044093260627	-0.09508316231336492	0.14887127853257393	-0.24633076477613036	0.18467661898280718	-0.18887269269358115
0.07483423201769701	-0.0655550857474703	0.08258181590911792	-0.0511582793659232	0.0687149330759739	-0.08188450866727708	0.08491726009060989	-0.07221267372956389	0.0679527398764119	-0.06696162737676849	0.0929120533831597	-0.08416659097745184	0.09721628121119243	-0.08860865048928182	0.07284815246149873	-0.12993850736695095	0.12455638234229613	-0.12319925745637011	0.20378911879785863	-0.16187403524881766	0.11175752589482352	-0.14012408059272385	0.24140761238641067	-0.3625248470687963	0.22506234663348196	-0.09287350353794527	0.11702217705682069	-0.3102835107734566	1.0000000000000004	-0.4346079242234803	0.06557976198501336	-0.06427290310088649	0.238876913175064	-0.5736058204356812	0.2684811501662695	-0.11079354769420775	0.14907379241980268	-0.18851644814724217	0.227867456109274	-0.2270172170137558	0.08134847082711065	-0.13350902178941415	0.19240832158597743	-0.2543012155335923	0.23421180400000008
-0.06234739545390401	0.05442514939465756	-0.06950206484445781	0.043657384959854946	-0.05940291871320524	0.06698850165039513	-0.07095790365740727	0.060420757395471314	-0.05838442770755016	0.057456413326704106	-0.07649937846344093	0.06949686395074617	-0.08159308777439642	0.0761139361216279	-0.06446111330280255	0.10295113993635988	-0.10339030676633026	0.10019748527349087	-0.19583066434925644	0.1587460700165243	-0.08904343987502085	0.10629144508582433	-0.18349371880414464	0.20035037892353644	-0.2894253525193626	0.0728075435356887	-0.09415615232379454	0.17940321926445252	-0.4346079242234803	0.9999999999999999	-0.051338447510426016	0.04964025857144129	-0.17188216923619817	0.2758902703138361	-0.671840566962401	0.08159242742469339	-0.11450054079480189	0.13506978785283635	-0.17311363296707674	0.2709044175418141	-0.06141150674429756	0.09850724568063789	-0.15140015435639134	0.17234981668043756	-0.3373160077349121
0.03413370716309484	-0.029240652277796455	0.03599809209817983	-0.019783293756991244	0.026067876791757892	-0.03799654174892452	0.03814472638137147	-0.031075991162374073	0.026388667819965163	-0.024742770596909974	0.047098661622650036	-0.03889121382342473	0.04214191099356603	-0.03205212878502109	0.025970807011457722	-0.0749733087260334	0.05989975676948425	-0.051912112632234386	0.0538229457956833	-0.03827360441979613	0.10648760901911905	-0.10292393856583275	0.07524757364444296	-0.060666834073263655	0.05269124455730245	-0.18894944947667988	0.16027175707060545	-0.08470315713005064	0.06557976198501336	-0.051338447510426016	1.000000000000003	-0.9372862818621865	0.0821787281099067	-0.0675554941327677	0.0454191543853913	-0.1034712689429871	0.14454812404443254	-0.10171423470046739	0.058143079791292296	-0.047557701484261444	0.06852623429031265	-0.10765908315223152	0.08872778058252562	-0.06733294781185624	0.056258366115218714
-0.03344604308809981	0.028535385275011316	-0.035302699348383426	0.019303149464891076	-0.02548262328159812	0.036865732357059866	-0.03736290518144327	0.030359202614525807	-0.025789955981991512	0.024106993983308705	-0.04612778599272295	0.037895863091184145	-0.04128122904526436	0.031211959106990362	-0.025368188392911845	0.07128146469545678	-0.05901481277893594	0.05039516636061512	-0.052798509156251186	0.037314589215272455	-0.10611278989879207	0.09905771521782897	-0.07439264767373506	0.0588777169782824	-0.05165669786533845	0.1550365062553741	-0.18440129032891356	0.08151532795706562	-0.06427290310088649	0.04964025857144129	-0.9372862818621865	1.0000000000000022	-0.08456534521116817	0.0652867114316064	-0.0442340120515103	0.09455894193360923	-0.17431918788955064	0.09962190626969215	-0.05717149123257383	0.045989392589623146	-0.0665985343853987	0.10092157047428492	-0.08887133859451932	0.06472425889743992	-0.054975607562336506
0.06071368597490746	-0.052836169431391765	0.06648184909712815	-0.03988319530919559	0.053533538837516666	-0.06630197274539212	0.06859527890769433	-0.057729957637876236	0.05304094038283387	-0.051263969641534166	0.07616441548121308	-0.06802181216040082	0.07794493639472784	-0.06713244615201738	0.05507096153925199	-0.10768855621989908	0.10207157939227841	-0.09838733214499136	0.1411296377384169	-0.10326275407216054	0.0979790019546866	-0.12254816998637294	0.21502714938409087	-0.17952167284971937	0.14560805454678186	-0.08484058653203005	0.10591083377392112	-0.6889643988403645	0.238876913175064	-0.17188216923619817	0.0821787281099067	-0.08456534521116817	1.0000000000000033	-0.333383342791971	0.15780251109935142	-0.14347727137675653	0.21519428924269346	-0.4286941300176377	0.20403141277208967	-0.15606626143664062	0.10450293567989627	-0.17412942996971498	0.24263351906345576	-0.21918134825031432	0.1726481297849532
-0.06403944989121693	0.05555841580026463	-0.07077740938121342	0.04311011732866447	-0.05846949907503827	0.06870746090069935	-0.07251815629537874	0.0611595033614422	-0.05760324752066539	0.05574535096448563	-0.07922120408805686	0.07104933040372631	-0.0826938236949925	0.07327122989230266	-0.06117454935598009	0.10735116491516095	-0.10692423429367456	0.1015090126720067	-0.1731685820896857	0.12526850277224824	-0.09743917557243442	0.11562114546964868	-0.20543574740109963	0.20274365783490325	-0.18803750631443467	0.08086498180206148	-0.1049985257924782	0.24686750661823548	-0.5736058204356812	0.2758902703138361	-0.0675554941327677	0.0652867114316064	-0.333383342791971	1.0000000000000004	-0.37041414250643634	0.11491069106740087	-0.17419426594653006	0.2174131427905059	-0.42359079812166445	0.23882690557484518	-0.0881532312507001	0.14137847042053514	-0.23672807817835706	0.2706087280658612	-0.27550343970986546
0.05124059214528021	-0.04469771923163557	0.05674236892803194	-0.03527799620221271	0.047742594159825735	-0.05541907009700156	0.058019658821270595	-0.04927928788661408	0.04694877317368011	-0.04612865692283879	0.06284808854712691	-0.05687387596903145	0.06612363723344328	-0.06062222433330101	0.050550179948269866	-0.08586612903549015	0.08366646286583579	-0.08137920761730613	0.138638326053665	-0.11613200315066101	0.07246618103992522	-0.08679961392955482	0.1422363760594519	-0.15218348228639622	0.1719141858190754	-0.06040861554186656	0.07691466478625777	-0.16372261929088125	0.2684811501662695	-0.671840566962401	0.0454191543853913	-0.0442340120515103	0.15780251109935142	-0.37041414250643634	1.0000000000000007	-0.07881330183879173	0.10806433836534615	-0.1348551638330349	0.19140697134270354	-0.4868238829377599	0.05856739185172833	-0.09552954896988813	0.14360188334929608	-0.19219779049196883	0.2883967302362082
-0.03205967007641613	0.02758172263434549	-0.03505285610636159	0.02067195700204296	-0.027997419908534535	0.03434177795498176	-0.036024983330951665	0.030027575965402523	-0.02761224636986637	0.026268524380480645	-0.04011878133893029	0.03523786612723373	-0.04046247837475303	0.03407976510047188	-0.02830043129936192	0.0553582758017867	-0.053019757575071325	0.04874803813455976	-0.07079247485631274	0.04962839524161458	-0.054286364052358954	0.060309621017110654	-0.08756045220701707	0.07466268570483488	-0.07216407877916187	0.05349855254346878	-0.06606268663541906	0.12190645963580801	-0.11079354769420775	0.08159242742469339	-0.1034712689429871	0.09455894193360923	-0.14347727137675653	0.11491069106740087	-0.07881330183879173	0.9999999999999999	-0.4321106990460595	0.20311023705111925	-0.12479155142107032	0.08474623922559624	-0.7594818970159796	0.3184042709705326	-0.28824612516425535	0.13584141305609032	-0.10534154339510371
0.043279713849101925	-0.03740544638725834	0.04719475692121392	-0.027938289121651125	0.03763145461521998	-0.04693494231838856	0.04865384786512654	-0.04065973847652271	0.03720839259294703	-0.035611008643155945	0.0544563877147705	-0.04794098328061883	0.05469004400954688	-0.04627638115173596	0.03814448211824912	-0.07701264225411124	0.07163301249944323	-0.06694192925702686	0.09405417455143635	-0.0673550607840509	0.07423188451177819	-0.08441160052108183	0.12075179980241312	-0.10477515165640981	0.09631959752454006	-0.07548165806874053	0.09013310181604393	-0.20429655743882993	0.14907379241980268	-0.11450054079480189	0.14454812404443254	-0.17431918788955064	0.21519428924269346	-0.17419426594653006	0.10806433836534615	-0.4321106990460595	1.0000000000000009	-0.5372334148787085	0.18247083073619513	-0.11947962313483804	0.2611175058851486	-0.5203396815872271	0.30564236775502507	-0.20993181958667506	0.13469187871043578
-0.04674120601189668	0.04041245493454935	-0.051234394444611704	0.03055768211490189	-0.04129283884888257	0.05036834251374491	-0.05267596217777492	0.044128906597725295	-0.040761941983795874	0.03908002818850805	-0.05836661760345309	0.05172791344012335	-0.05952694327935936	0.050941696413165365	-0.04219769769165839	0.08077886542616762	-0.07776493105190914	0.07288670239975223	-0.1087760806613394	0.07749053753972025	-0.07619631817058224	0.08846643393431264	-0.14387874014784074	0.121674133371836	-0.11249177142187045	0.06986914853810353	-0.08756077768817717	0.2428487361422073	-0.18851644814724217	0.13506978785283635	-0.10171423470046739	0.09962190626969215	-0.4286941300176377	0.2174131427905059	-0.1348551638330349	0.20311023705111925	-0.5372334148787085	0.9999999999999997	-0.32232057733794944	0.1455127459211454	-0.16042254665775896	0.25890480826506335	-0.5114624359839467	0.25699219407015306	-0.16676660522457776
0.04410188357742647	-0.038208871241355566	0.04857177124386412	-0.02939157937126357	0.03982528656459768	-0.04742175165176229	0.04976342987846653	-0.04187839495468564	0.03919842598940718	-0.03780159275340286	0.05447619461252361	-0.048692807940436	0.056370596036163595	-0.04937478160503881	0.04105019476642501	-0.0744565412460488	0.07262796124458262	-0.06883423994446641	0.10924642672439687	-0.07961001021140705	0.06655348953130955	-0.07838682558858409	0.12929190097845733	-0.1223551570980527	0.11675224716881684	-0.057508515684336445	0.07313195049040247	-0.18088786210077454	0.227867456109274	-0.17311363296707674	0.058143079791292296	-0.05717149123257383	0.20403141277208967	-0.42359079812166445	0.19140697134270354	-0.12479155142107032	0.18247083073619513	-0.32232057733794944	1.0000000000000004	-0.2769082026494441	0.0929743033737969	-0.15853465510921244	0.25973193278595574	-0.7182922811774377	0.22406569455450967
-0.0506856252201633	0.04388483631488795	-0.05609759539323155	0.034315902323115585	-0.046755140381624385	0.05411331258882687	-0.057181670177871013	0.04824331035940752	-0.045803670297191366	0.04424873257970137	-0.061809026215479033	0.05554449888358806	-0.06476352813443736	0.05772002615942158	-0.04837212514417447	0.08290506951629015	-0.08220623707454455	0.0780013866222799	-0.13107306752518696	0.09735666770714152	-0.07118651763869134	0.08325871181390955	-0.13614294294907356	0.13188067867521716	-0.14792938734068822	0.05938078929311625	-0.07657234789718093	0.15179044093260627	-0.2270172170137558	0.2709044175418141	-0.047557701484261444	0.045989392589623146	-0.15606626143664062	0.23882690557484518	-0.4868238829377599	0.08474623922559624	-0.11947962313483804	0.1455127459211454	-0.2769082026494441	0.9999999999999998	-0.0638490800797853	0.10330858368138493	-0.16330424661143964	0.21221568757857676	-0.7188974161158346
0.023635516302098737	-0.02037374965987991	0.02583257106157122	-0.015283700097605404	0.020666876300819793	-0.02542640832498992	0.026559361403697884	-0.02217290253870928	0.020387353827297047	-0.019446985615890144	0.029554720138127308	-0.02602367636049984	0.029834370524583174	-0.025234208317424962	0.020898685442255115	-0.04105814884950332	0.038971557768819796	-0.03612202280730109	0.051956386341401165	-0.03672237515333465	0.039358921217690926	-0.04431560228218902	0.06446743401112576	-0.0556486024208829	0.05305308791072583	-0.038610979566620754	0.047219451272362004	-0.09508316231336492	0.08134847082711065	-0.06141150674429756	0.06852623429031265	-0.0665985343853987	0.10450293567989627	-0.0881532312507001	0.05856739185172833	-0.7594818970159796	0.2611175058851486	-0.16042254665775896	0.0929743033737969	-0.0638490800797853	0.9999999999999991	-0.5497251262326215	0.2113459623109308	-0.10907402879661486	0.07652186438889659
-0.037515083038670995	0.032310230623952274	-0.04104509685567233	0.02428071679570943	-0.0328755352082976	0.04023380394989244	-0.042172660309654	0.03519648807350228	-0.03241804521563603	0.03089553013249698	-0.046869102671713264	0.041264757190715956	-0.047411457540367095	0.040109209515488964	-0.03328923053532417	0.06467392233558789	-0.06198500841665656	0.05726900338319592	-0.08366032161474024	0.05888342555115537	-0.062496826452969084	0.0700795579077883	-0.10375478017793477	0.08904397878336867	-0.08554808619382462	0.06042494995328823	-0.07509717945043942	0.14887127853257393	-0.13350902178941415	0.09850724568063789	-0.10765908315223152	0.10092157047428492	-0.17412942996971498	0.14137847042053514	-0.09552954896988813	0.3184042709705326	-0.5203396815872271	0.25890480826506335	-0.15853465510921244	0.10330858368138493	-0.5497251262326215	0.9999999999999987	-0.4760160816349015	0.17851301236819445	-0.126495671783108
0.05187033019777737	-0.04492931885302481	0.0568140747812125	-0.03404995266266686	0.04596010391839664	-0.05616042637729211	0.05835410037921161	-0.048981759455530856	0.04530318577770265	-0.04354811067074087	0.06438722309822938	-0.057266615945571905	0.06573240997456772	-0.05660852406973091	0.046705518804828434	-0.0896965799167655	0.08492643253535795	-0.0804717508820024	0.11694561671112177	-0.08436541230169664	0.080075721834907	-0.09400840843364895	0.1459582946850734	-0.13041617564798705	0.12073746415098677	-0.07272068737394066	0.09003329079717634	-0.24633076477613036	0.19240832158597743	-0.15140015435639134	0.08872778058252562	-0.08887133859451932	0.24263351906345576	-0.23672807817835706	0.14360188334929608	-0.28824612516425535	0.30564236775502507	-0.5114624359839467	0.25973193278595574	-0.16330424661143964	0.2113459623109308	-0.4760160816349015	0.9999999999999993	-0.42598039925468295	0.17761306335146132
