1.0	-0.32456120343927014	0.16155988958784112	-0.14033085594720485	0.13879107823394635	-0.5924747045482945	0.228352366455325	-0.16901874823958654	0.15851748536722324	-0.11568973643245058	0.3173929934646464	-0.23036420307201272	0.15105507354861294	-0.1736114710490202	0.18114940423546808	-0.37926842275331857	0.20001351620321803	-0.1686204855230649	0.15637650159765568	-0.16042355466854027	0.17047825723661894	-0.14922460615110072	0.21411494838630557	-0.11156843510496971	0.1474394366729219	-0.0707042486258527	0.07094934906909883	-0.08596248825847778	0.09537247064795365	-0.059527632522365266	0.07940486459449833	-0.07648723481499055	0.08064792349875036	-0.14377738326633493	0.07533628095613926
-0.32456120343927014	1.0	-0.4168193902378836	0.2509632166950097	-0.2394716128524497	0.20287320992060445	-0.5412389125683855	0.2727623211472854	-0.29948184657175236	0.18485787555449998	-0.23985823177475685	0.28000912951900825	-0.22997128065831968	0.2279183574431621	-0.272364516229604	0.24558459339133126	-0.24098972912750574	0.19303256588877343	-0.20291762119586318	0.19763910005545846	-0.18937972786228924	0.15911837235423643	-0.25798204208433273	0.12235640352757314	-0.16997992636976486	0.07453410603457805	-0.07558563965782487	0.09067967935709331	-0.10271893737884136	0.06322549654803494	-0.08545430701631412	0.07965929837465685	-0.0854268357404323	0.1412908508936678	-0.08018515299230326
0.16155988958784112	-0.4168193902378836	0.9999999999999996	-0.7261672142481369	0.21885654936781168	-0.11325740630037061	0.22598136552546536	-0.31829335795852276	0.28724994064227166	-0.192949664944806	0.12953774264878865	-0.19731718626438782	0.18522406914863937	-0.22094014866388034	0.19181011569275347	-0.16690741544897125	0.14721994602662933	-0.1330215703350103	0.1328752894121122	-0.1524562133557966	0.11371487734627521	-0.10110211340084022	0.15476268984780664	-0.08230759985459507	0.10952939906138856	-0.04753883733535788	0.04825292112244591	-0.0596879923651034	0.06721635384627743	-0.041923394249651545	0.0536880593367985	-0.05176953543112428	0.055749699566514904	-0.09891820709131847	0.05242407695115421
-0.14033085594720485	0.2509632166950097	-0.7261672142481369	0.9999999999999997	-0.33094713338197046	0.09576280883245819	-0.19633239804203775	0.2503414951557002	-0.44848023623793654	0.21702559293287774	-0.11204329804759312	0.1629586838037828	-0.17070468570356676	0.18956658307882973	-0.20193433399253846	0.13928252930906104	-0.1286754432878449	0.11651192331505889	-0.12207290078876334	0.14018042701518776	-0.09960620145024537	0.08762127105045385	-0.1376570285770507	0.07229378553260864	-0.09777432359600867	0.04120283838264161	-0.04189066873207404	0.051813798781454076	-0.05869701177005089	0.036505813823752696	-0.046671636698254165	0.04476813288374143	-0.04841573388367713	0.08481991855635222	-0.04564380123052247
0.13879107823394635	-0.2394716128524497	0.21885654936781168	-0.33094713338197046	0.9999999999999996	-0.09547816267914032	0.16544385642621012	-0.20355401353951083	0.246633167698202	-0.7702377470947502	0.11279212288627069	-0.17090297458547296	0.15384728015672378	-0.20008412290832397	0.2753721122673058	-0.15841795127714145	0.1367969600277836	-0.14173696339447553	0.14550594281835602	-0.2176873621170437	0.10792328993075177	-0.09799542009820339	0.15097364094963417	-0.08992549360134018	0.11731843811831053	-0.04719468423522687	0.04812751643238902	-0.06173632821544034	0.07026174396510287	-0.04421703588162715	0.053046041547979955	-0.0522091132997156	0.057273981474041585	-0.10634189287421633	0.05445282012877231
-0.5924747045482945	0.20287320992060445	-0.11325740630037061	0.09576280883245819	-0.09547816267914032	0.9999999999999991	-0.23876364504000816	0.1279796692066621	-0.11684350008447422	0.0792558493872657	-0.6833627431985088	0.16807234893969555	-0.1102573434273938	0.11785109480854808	-0.12321346931326908	0.2565300216222352	-0.14842706116146429	0.11475204210834587	-0.1080413437269347	0.10566998565161022	-0.1198187271887672	0.10111477464750622	-0.1460266407920936	0.07079184398875572	-0.09431932852775189	0.046088004793882247	-0.04623842509052439	0.05448458372343355	-0.05995951027575299	0.037175696792493614	-0.05175432372558942	0.04902550250177874	-0.051104749577573855	0.08719732055592647	-0.046967950955674784
0.228352366455325	-0.5412389125683855	0.22598136552546536	-0.19633239804203775	0.16544385642621012	-0.23876364504000816	0.9999999999999988	-0.43855078917488705	0.25179387959064237	-0.14463740705489592	0.20179642885745647	-0.5155140634762819	0.2406010312222824	-0.23988858946583264	0.19657373743898748	-0.23670215825804977	0.23369017837353248	-0.17887624042031136	0.16329941309538326	-0.16266022234820088	0.14817793408228308	-0.13574018585026668	0.19305093130231135	-0.0939958604311125	0.12495423812308612	-0.058386416606687745	0.059150248596897534	-0.0701817762896954	0.07734460936796783	-0.04793216661376157	0.0652597821160727	-0.06248074981034043	0.0654242970759136	-0.1110818418666476	0.06004827787149167
-0.16901874823958654	0.2727623211472854	-0.31829335795852276	0.2503414951557002	-0.20355401353951083	0.1279796692066621	-0.43855078917488705	0.9999999999999999	-0.6090025297599717	0.1818354066022143	-0.14170617052192652	0.24685830882879856	-0.42122428866026906	0.2812133938693581	-0.2073986211908305	0.1682662781223848	-0.17161607073135524	0.14207796186817245	-0.1437888271731236	0.14969625189856248	-0.11823479163531489	0.10500953304942932	-0.16052229791462286	0.080167933362074	-0.10800024803497306	0.04738398444056933	-0.048154214537913055	0.05836773096142256	-0.06532701413719245	0.04050761640579266	-0.05339701358240666	0.05105016854955026	-0.05448020891382698	0.09350691120032029	-0.0506721231832616
0.15851748536722324	-0.29948184657175236	0.28724994064227166	-0.44848023623793654	0.246633167698202	-0.11684350008447422	0.25179387959064237	-0.6090025297599717	0.9999999999999983	-0.30429278007707783	0.13088299407585124	-0.22600811599683593	0.25724517208933356	-0.3408753861912138	0.22177838004924497	-0.17138546021281728	0.15821345728339292	-0.14301964681838122	0.14399777306825515	-0.16639245337506467	0.11595164350503366	-0.10438262448120321	0.15803610137739474	-0.08368737619056921	0.1112546861197194	-0.048024265082511335	0.04879476131944537	-0.060166698646403415	0.06756396386070765	-0.04212008100915513	0.054013009736158205	-0.05220132459693298	0.056051779612837985	-0.09897625970803867	0.05247356067818872
-0.11568973643245058	0.18485787555449998	-0.192949664944806	0.21702559293287774	-0.7702377470947502	0.0792558493872657	-0.14463740705489592	0.1818354066022143	-0.30429278007707783	0.9999999999999993	-0.09415275333776969	0.1419504440361666	-0.14148964441925183	0.17518034744177197	-0.4338601645543312	0.12849215283105223	-0.1169859663835898	0.12010292284736312	-0.13426361228791048	0.19214611134745538	-0.09102923641342207	0.0820366018814508	-0.12973668927150955	0.07531546040943703	-0.10173062013830582	0.03912250745302061	-0.03996236467984951	0.05108041189078738	-0.05854921135016256	0.036656954334522845	-0.044045746093633854	0.04309655306658027	-0.04739764425136243	0.08631981823569945	-0.045165588111014995
0.3173929934646464	-0.23985823177475685	0.12953774264878865	-0.11204329804759312	0.11279212288627069	-0.6833627431985088	0.20179642885745647	-0.14170617052192652	0.13088299407585124	-0.09415275333776969	1.0000000000000002	-0.2063225660104345	0.12803087111536185	-0.1431309688108568	0.1489508089887255	-0.485380020123749	0.19248209858189386	-0.1494577505701001	0.13501154368970145	-0.13328214206168637	0.15524212735051485	-0.13404806423290114	0.18270463711423193	-0.09019450527261098	0.1186733003856076	-0.05983693341493332	0.05976444701254315	-0.07004110114825564	0.07640440259676896	-0.047492485219992345	0.06644298489175288	-0.06356648051501454	0.06551805074639683	-0.11293139679142096	0.05988883958504801
-0.23036420307201272	0.28000912951900825	-0.19731718626438782	0.1629586838037828	-0.17090297458547296	0.16807234893969555	-0.5155140634762819	0.24685830882879856	-0.22600811599683593	0.1419504440361666	-0.2063225660104345	0.9999999999999953	-0.35343324049178204	0.24892699995155707	-0.23014662936031127	0.25951953529896143	-0.5256333614306726	0.23954633785762802	-0.22533060930101592	0.1886651064183811	-0.19704229655922711	0.1780239709887261	-0.2519694316050923	0.11015501426026258	-0.14692420429570796	0.07137770273372925	-0.07284863130257538	0.08331895998810451	-0.0903856704047575	0.05558646529051202	-0.07942965645530849	0.07509474210648738	-0.07760697613827586	0.12605721498393158	-0.06954850785588598
0.15105507354861294	-0.22997128065831968	0.18522406914863937	-0.17070468570356676	0.15384728015672378	-0.1102573434273938	0.2406010312222824	-0.42122428866026906	0.25724517208933356	-0.14148964441925183	0.12803087111536185	-0.35343324049178204	0.9999999999999984	-0.7345320838214023	0.20497749182797803	-0.17310088002572943	0.18890272119377396	-0.16881501647379385	0.15891568135742598	-0.1607026407613048	0.11955684031627316	-0.10993138471346522	0.16283906114233976	-0.08129254061254221	0.10786070079612717	-0.04789824063072041	0.048728544459802424	-0.058946821299240934	0.06538964849805877	-0.04060058207228691	0.0535347128553289	-0.05162067422370408	0.054752458544101296	-0.09424600243604239	0.0505131856808895
-0.1736114710490202	0.2279183574431621	-0.22094014866388034	0.18956658307882973	-0.20008412290832397	0.11785109480854808	-0.23988858946583264	0.2812133938693581	-0.3408753861912138	0.17518034744177197	-0.1431309688108568	0.24892699995155707	-0.7345320838214023	0.9999999999999968	-0.3101237350090023	0.1800713014333229	-0.19862254162857465	0.17454227271448622	-0.20341077751592307	0.19149572018659164	-0.13659761502868165	0.12057489439877908	-0.19144745995530857	0.09465909868252353	-0.12910125775439693	0.05450103440990501	-0.05554411871118136	0.0677117120803213	-0.0761854436873381	0.047139157108215146	-0.061510277093098815	0.05872742204254254	-0.06311972457108228	0.10753418378749621	-0.05881161916462801
0.18114940423546808	-0.272364516229604	0.19181011569275347	-0.20193433399253846	0.2753721122673058	-0.12321346931326908	0.19657373743898748	-0.2073986211908305	0.22177838004924497	-0.4338601645543312	0.1489508089887255	-0.23014662936031127	0.20497749182797803	-0.3101237350090023	0.9999999999999983	-0.2206399703180303	0.19654692863789602	-0.23266317593419308	0.25543827647131995	-0.5593301430974587	0.15253889254489844	-0.1413168169096987	0.22031635399816785	-0.1427243341614205	0.18625147346154133	-0.06811617832319322	0.06977702713509804	-0.09165334739134028	0.1055457362410485	-0.06670246730225624	0.07617816588398399	-0.07593043557332363	0.08438155805796349	-0.15946099468958638	0.08081307579025193
-0.37926842275331857	0.24558459339133126	-0.16690741544897125	0.13928252930906104	-0.15841795127714145	0.2565300216222352	-0.23670215825804977	0.1682662781223848	-0.17138546021281728	0.12849215283105223	-0.485380020123749	0.25951953529896143	-0.17310088002572943	0.1800713014333229	-0.2206399703180303	0.9999999999999964	-0.44426751457785707	0.23928891032606578	-0.226371769794527	0.19322243103014067	-0.326441819043458	0.23249869572786688	-0.32192303694084995	0.1338418732628983	-0.1789907391966552	0.09831006271725459	-0.09761552030313797	0.10621302309306556	-0.1132776815421436	0.06933610240351308	-0.10923939864153445	0.09951348519034414	-0.099762561516193	0.15562397643201753	-0.08751866289989613
0.20001351620321803	-0.24098972912750574	0.14721994602662933	-0.1286754432878449	0.1367969600277836	-0.14842706116146429	0.23369017837353248	-0.17161607073135524	0.15821345728339292	-0.1169859663835898	0.19248209858189386	-0.5256333614306726	0.18890272119377396	-0.19862254162857465	0.19654692863789602	-0.44426751457785707	0.9999999999999952	-0.48896227620199006	0.2486205140315873	-0.21263761356076655	0.22834088107673126	-0.2837090363304389	0.27070891002501696	-0.11707527570858707	0.1474755718387007	-0.08148873629378141	0.08359906451526511	-0.09099742640218322	0.0939201135075061	-0.05800157100818879	0.08660384843696517	-0.08509208920563116	0.08317726812477141	-0.13463520457124828	0.07161252942235125
-0.1686204855230649	0.19303256588877343	-0.1330215703350103	0.11651192331505889	-0.14173696339447553	0.11475204210834587	-0.17887624042031136	0.14207796186817245	-0.14301964681838122	0.12010292284736312	-0.1494577505701001	0.23954633785762802	-0.16881501647379385	0.17454227271448622	-0.23266317593419308	0.23928891032606578	-0.48896227620199006	0.9999999999999961	-0.6078629136567634	0.2633896871171488	-0.19442339613382376	0.19475261679407818	-0.40834516198696424	0.131353310562124	-0.1678803593421666	0.07467333629335429	-0.0775704541098566	0.09560688452081209	-0.10088435975807508	0.06162437187055329	-0.0815726514683957	0.08036156232332504	-0.08655912016324191	0.13934677827270847	-0.07539374053566592
0.15637650159765568	-0.20291762119586318	0.1328752894121122	-0.12207290078876334	0.14550594281835602	-0.1080413437269347	0.16329941309538326	-0.1437888271731236	0.14399777306825515	-0.13426361228791048	0.13501154368970145	-0.22533060930101592	0.15891568135742598	-0.20341077751592307	0.25543827647131995	-0.226371769794527	0.2486205140315873	-0.6078629136567634	0.9999999999999946	-0.5724339433219131	0.1563912666260878	-0.15777117382725975	0.24879784542103958	-0.13930220880074404	0.17604274670094397	-0.06708570838593417	0.06900547976715658	-0.08931125050199244	0.09942393462328585	-0.06216132571699626	0.07352846621377751	-0.07398831452062403	0.08064713953820453	-0.14458226666488275	0.07461494582660985
-0.16042355466854027	0.19763910005545846	-0.1524562133557966	0.14018042701518776	-0.2176873621170437	0.10566998565161022	-0.16266022234820088	0.14969625189856248	-0.16639245337506467	0.19214611134745538	-0.13328214206168637	0.1886651064183811	-0.1607026407613048	0.19149572018659164	-0.5593301430974587	0.19322243103014067	-0.21263761356076655	0.2633896871171488	-0.5724339433219131	0.9999999999999933	-0.15762919123953736	0.14392723252418332	-0.25932078953431	0.16512752998297892	-0.28094719080614444	0.0682337865041626	-0.07086114763621112	0.09510658644952585	-0.11579640840656504	0.07164673159885718	-0.07657684476750298	0.07588155481266536	-0.08714933023426497	0.15740109910588362	-0.08595815037327814
0.17047825723661894	-0.18937972786228924	0.11371487734627521	-0.09960620145024537	0.10792328993075177	-0.1198187271887672	0.14817793408228308	-0.11823479163531489	0.11595164350503366	-0.09102923641342207	0.15524212735051485	-0.19704229655922711	0.11955684031627316	-0.13659761502868165	0.15253889254489844	-0.326441819043458	0.22834088107673126	-0.19442339613382376	0.1563912666260878	-0.15762919123953736	0.9999999999999925	-0.7624338863316298	0.28546262269460165	-0.13358944889445612	0.15207787461775985	-0.20533131808230162	0.16687072412192633	-0.13378645408131268	0.11501265704798705	-0.07125712015315684	0.16365624838995585	-0.16359427265298504	0.12002464846779978	-0.1762961502166342	0.08729667760990208
-0.14922460615110072	0.15911837235423643	-0.10110211340084022	0.08762127105045385	-0.09799542009820339	0.10111477464750622	-0.13574018585026668	0.10500953304942932	-0.10438262448120321	0.0820366018814508	-0.13404806423290114	0.1780239709887261	-0.10993138471346522	0.12057489439877908	-0.1413168169096987	0.23249869572786688	-0.2837090363304389	0.19475261679407818	-0.15777117382725975	0.14392723252418332	-0.7624338863316298	0.9999999999999938	-0.4310921645346104	0.12459160877923207	-0.14300938103325317	0.15708765068991834	-0.18418887711604964	0.12538042391616097	-0.10758061566749849	0.06481533107971038	-0.15318908522007066	0.14674596917849175	-0.11465177057082254	0.1500559828882348	-0.07982136390716794
0.21411494838630557	-0.25798204208433273	0.15476268984780664	-0.1376570285770507	0.15097364094963417	-0.1460266407920936	0.19305093130231135	-0.16052229791462286	0.15803610137739474	-0.12973668927150955	0.18270463711423193	-0.2519694316050923	0.16283906114233976	-0.19144745995530857	0.22031635399816785	-0.32192303694084995	0.27070891002501696	-0.40834516198696424	0.24879784542103958	-0.25932078953431	0.28546262269460165	-0.4310921645346104	0.9999999999999941	-0.2672792071625665	0.2434362391114067	-0.13571417845374295	0.14229416163100245	-0.20764017483317118	0.18202496485966552	-0.11224631849340315	0.14064369936284088	-0.1526908836703999	0.16500178508360422	-0.26789351748662554	0.1326206627968604
-0.11156843510496971	0.12235640352757314	-0.08230759985459507	0.07229378553260864	-0.08992549360134018	0.07079184398875572	-0.0939958604311125	0.080167933362074	-0.08368737619056921	0.07531546040943703	-0.09019450527261098	0.11015501426026258	-0.08129254061254221	0.09465909868252353	-0.1427243341614205	0.1338418732628983	-0.11707527570858707	0.131353310562124	-0.13930220880074404	0.16512752998297892	-0.13358944889445612	0.12459160877923207	-0.2672792071625665	0.9999999999999922	-0.6918248035501796	0.08511169282963708	-0.09734284359707364	0.1787901820208917	-0.5057226090158012	0.1994705535863608	-0.09786529249812788	0.10533518900429711	-0.16186790179870608	0.2759975957496774	-0.22949625851003289
0.1474394366729219	-0.16997992636976486	0.10952939906138856	-0.09777432359600867	0.11731843811831053	-0.09431932852775189	0.12495423812308612	-0.10800024803497306	0.1112546861197194	-0.10173062013830582	0.1186733003856076	-0.14692420429570796	0.10786070079612717	-0.12910125775439693	0.18625147346154133	-0.1789907391966552	0.1474755718387007	-0.1678803593421666	0.17604274670094397	-0.28094719080614444	0.15207787461775985	-0.14300938103325317	0.2434362391114067	-0.6918248035501796	0.999999999999994	-0.09832568042102759	0.10686226749262569	-0.1917710283874637	0.2749926632309064	-0.1850056244477677	0.10970118480785865	-0.12229237824327029	0.16600182645245326	-0.3875709802767194	0.18565054158033162
-0.0707042486258527	0.07453410603457805	-0.04753883733535788	0.04120283838264161	-0.04719468423522687	0.046088004793882247	-0.058386416606687745	0.04738398444056933	-0.048024265082511335	0.03912250745302061	-0.05983693341493332	0.07137770273372925	-0.04789824063072041	0.05450103440990501	-0.06811617832319322	0.09831006271725459	-0.08148873629378141	0.07467333629335429	-0.06708570838593417	0.0682337865041626	-0.20533131808230162	0.15708765068991834	-0.13571417845374295	0.08511169282963708	-0.09832568042102759	0.999999999999995	-0.5708993210425569	0.1702793689581929	-0.10247879656777846	0.05933611533301413	-0.7067429762268713	0.3180011645148376	-0.1671741709747279	0.13698710417023663	-0.07414794535851164
0.07094934906909883	-0.07558563965782487	0.04825292112244591	-0.04189066873207404	0.04812751643238902	-0.04623842509052439	0.059150248596897534	-0.048154214537913055	0.04879476131944537	-0.03996236467984951	0.05976444701254315	-0.07284863130257538	0.048728544459802424	-0.05554411871118136	0.06977702713509804	-0.09761552030313797	0.08359906451526511	-0.0775704541098566	0.06900547976715658	-0.07086114763621112	0.16687072412192633	-0.18418887711604964	0.14229416163100245	-0.09734284359707364	0.10686226749262569	-0.5708993210425569	0.9999999999999934	-0.29492319346293394	0.1223849433749063	-0.07059284246127627	0.3248144894974073	-0.651270313674899	0.2218874797192553	-0.16397755043049486	0.0847948638581261
-0.08596248825847778	0.09067967935709331	-0.0596879923651034	0.051813798781454076	-0.06173632821544034	0.05448458372343355	-0.0701817762896954	0.05836773096142256	-0.060166698646403415	0.05108041189078738	-0.07004110114825564	0.08331895998810451	-0.058946821299240934	0.0677117120803213	-0.09165334739134028	0.10621302309306556	-0.09099742640218322	0.09560688452081209	-0.08931125050199244	0.09510658644952585	-0.13378645408131268	0.12538042391616097	-0.20764017483317118	0.1787901820208917	-0.1917710283874637	0.1702793689581929	-0.29492319346293394	0.9999999999999932	-0.33977730741115536	0.14938929356367384	-0.19848538064759785	0.24059119408289675	-0.757460510752359	0.28195580777820894	-0.18041768093472768
0.09537247064795365	-0.10271893737884136	0.06721635384627743	-0.05869701177005089	0.07026174396510287	-0.05995951027575299	0.07734460936796783	-0.06532701413719245	0.06756396386070765	-0.05854921135016256	0.07640440259676896	-0.0903856704047575	0.06538964849805877	-0.0761854436873381	0.1055457362410485	-0.1132776815421436	0.0939201135075061	-0.10088435975807508	0.09942393462328585	-0.11579640840656504	0.11501265704798705	-0.10758061566749849	0.18202496485966552	-0.5057226090158012	0.2749926632309064	-0.10247879656777846	0.1223849433749063	-0.33977730741115536	0.9999999999999932	-0.48307800385324523	0.11357718782255255	-0.13606565945767896	0.22714495092606246	-0.4586293636530696	0.29374437622591365
-0.059527632522365266	0.06322549654803494	-0.041923394249651545	0.036505813823752696	-0.04421703588162715	0.037175696792493614	-0.04793216661376157	0.04050761640579266	-0.04212008100915513	0.036656954334522845	-0.047492485219992345	0.05558646529051202	-0.04060058207228691	0.047139157108215146	-0.06670246730225624	0.06933610240351308	-0.05800157100818879	0.06162437187055329	-0.06216132571699626	0.07164673159885718	-0.07125712015315684	0.06481533107971038	-0.11224631849340315	0.1994705535863608	-0.1850056244477677	0.05933611533301413	-0.07059284246127627	0.14938929356367384	-0.48307800385324523	0.9999999999999921	-0.06868371828424813	0.07783220101277362	-0.13461911925736664	0.2552991057971238	-0.7942889741185755
0.07940486459449833	-0.08545430701631412	0.0536880593367985	-0.046671636698254165	0.053046041547979955	-0.05175432372558942	0.0652597821160727	-0.05339701358240666	0.054013009736158205	-0.044045746093633854	0.06644298489175288	-0.07942965645530849	0.0535347128553289	-0.061510277093098815	0.07617816588398399	-0.10923939864153445	0.08660384843696517	-0.0815726514683957	0.07352846621377751	-0.07657684476750298	0.16365624838995585	-0.15318908522007066	0.14064369936284088	-0.09786529249812788	0.10970118480785865	-0.7067429762268713	0.3248144894974073	-0.19848538064759785	0.11357718782255255	-0.06868371828424813	0.9999999999999921	-0.5535243270616228	0.1836047825365308	-0.17531153024457707	0.08366063095717999
-0.07648723481499055	0.07965929837465685	-0.05176953543112428	0.04476813288374143	-0.0522091132997156	0.04902550250177874	-0.06248074981034043	0.05105016854955026	-0.05220132459693298	0.04309655306658027	-0.06356648051501454	0.07509474210648738	-0.05162067422370408	0.05872742204254254	-0.07593043557332363	0.09951348519034414	-0.08509208920563116	0.08036156232332504	-0.07398831452062403	0.07588155481266536	-0.16359427265298504	0.14674596917849175	-0.1526908836703999	0.10533518900429711	-0.12229237824327029	0.3180011645148376	-0.651270313674899	0.24059119408289675	-0.13606565945767896	0.07783220101277362	-0.5535243270616228	0.9999999999999922	-0.3251128026607486	0.17955429365215728	-0.09805388970635522
0.08064792349875036	-0.0854268357404323	0.055749699566514904	-0.04841573388367713	0.057273981474041585	-0.051104749577573855	0.0654242970759136	-0.05448020891382698	0.056051779612837985	-0.04739764425136243	0.06551805074639683	-0.07760697613827586	0.054752458544101296	-0.06311972457108228	0.08438155805796349	-0.099762561516193	0.08317726812477141	-0.08655912016324191	0.08064713953820453	-0.08714933023426497	0.12002464846779978	-0.11465177057082254	0.16500178508360422	-0.16186790179870608	0.16600182645245326	-0.1671741709747279	0.2218874797192553	-0.757460510752359	0.22714495092606246	-0.13461911925736664	0.1836047825365308	-0.3251128026607486	0.9999999999999925	-0.42350663565558966	0.15484870329451883
-0.14377738326633493	0.1412908508936678	-0.09891820709131847	0.08481991855635222	-0.10634189287421633	0.08719732055592647	-0.1110818418666476	0.09350691120032029	-0.09897625970803867	0.08631981823569945	-0.11293139679142096	0.12605721498393158	-0.09424600243604239	0.10753418378749621	-0.15946099468958638	0.15562397643201753	-0.13463520457124828	0.13934677827270847	-0.14458226666488275	0.15740109910588362	-0.1762961502166342	0.1500559828882348	-0.26789351748662554	0.2759975957496774	-0.3875709802767194	0.13698710417023663	-0.16397755043049486	0.28195580777820894	-0.4586293636530696	0.2552991057971238	-0.17531153024457707	0.17955429365215728	-0.42350663565558966	0.9999999999999925	-0.4143511660834721
0.07533628095613926	-0.08018515299230326	0.05242407695115421	-0.04564380123052247	0.05445282012877231	-0.046967950955674784	0.06004827787149167	-0.0506721231832616	0.05247356067818872	-0.045165588111014995	0.05988883958504801	-0.06954850785588598	0.0505131856808895	-0.05881161916462801	0.08081307579025193	-0.08751866289989613	0.07161252942235125	-0.07539374053566592	0.07461494582660985	-0.08595815037327814	0.08729667760990208	-0.07982136390716794	0.1326206627968604	-0.22949625851003289	0.18565054158033162	-0.07414794535851164	0.0847948638581261	-0.18041768093472768	0.29374437622591365	-0.7942889741185755	0.08366063095717999	-0.09805388970635522	0.15484870329451883	-0.4143511660834721	0.9999999999999923
