0.9999999999999999	-0.3300731343933315	0.11862054235062283	-0.03101762332029064	0.02708862752245239	-0.8417764854606425	0.23532524746212674	-0.1186931826230242	0.03973670625148521	-0.03895644568728341	0.21412088667362664	-0.12546249257641315	0.060177860240190825	-0.054001896670850334	0.0607231466896438	-0.22516629954323203	0.09937180958178059	-0.07306283527679384	0.05283435053553768	-0.04554147269196171	0.10483434283199232	-0.10785842566263934	0.06618508679696167	-0.05236763998534908	0.04564125489712206	-0.02594871606408744	0.02549705694410681	-0.059773362197999724	0.045544657989703294	-0.05512708212521221	0.01153919367860902	-0.012211206803818101	0.025680993863226323	-0.03550043023847077	0.03593066649724394	-0.015994187535440563	0.014000520584072335	-0.025631872108533592	0.02890823026913813	-0.03759638040945558
-0.3300731343933315	1.0000000000000002	-0.3141070608209552	0.04218294305052948	-0.03624161988656158	0.22375965596052688	-0.8219195110121378	0.23177286591883406	-0.0527439586530796	0.0495220548462389	-0.11093554678352165	0.12210852515891017	-0.06715820732062262	0.05768374433498373	-0.05443801037161811	0.10239002985474209	-0.10439128719467042	0.060620060776815705	-0.047474733955016224	0.03954333253725584	-0.07510618224629356	0.07175257393866796	-0.052483780942794	0.043989284163666126	-0.03875317504275401	0.01849779255543327	-0.018658991838395214	0.046007877666742004	-0.03657878141213021	0.04361146473014357	-0.008789509260853126	0.009280465518832895	-0.020135827682565333	0.02784013102483994	-0.028478553534486896	0.012302717791690272	-0.010804585785807093	0.019918278866154257	-0.022731784811031733	0.02922045333602872
0.11862054235062283	-0.3141070608209552	0.9999999999999996	-0.09972541775275183	0.07777529841790537	-0.11678056320087013	0.2373453670932541	-0.8863738767670523	0.11501357651019553	-0.10940881747170983	0.06958869715880041	-0.0841378878017286	0.10845711227852942	-0.09917289444344703	0.06876164102425315	-0.06794229678835205	0.06886277118570913	-0.0715178712688074	0.06116412500938096	-0.05162185120887788	0.05587920666275549	-0.05525727294997338	0.054723319480881355	-0.055415326894846004	0.04741905709753924	-0.016360975530878473	0.016393133607437157	-0.052097436196658915	0.04257524183468655	-0.052681291797573804	0.009474578931917905	-0.010082407225325649	0.023311682323304963	-0.032758858959829516	0.03343239979196303	-0.014126509034550202	0.01230803562049468	-0.023274286838373556	0.026492381488531697	-0.03475525559305794
-0.03101762332029064	0.04218294305052948	-0.09972541775275183	0.9999999999999987	-0.8299743998288809	0.02842332916886367	-0.047282473786206904	0.09254631820998326	-0.43807729901135073	0.2966232642664674	-0.032562916344625686	0.045733190431478526	-0.1180953352683017	0.11111473396053562	-0.09382709743640784	0.02994353952586647	-0.04088854080600563	0.0661728796328403	-0.06716642368340141	0.06171069754242275	-0.03592806236889858	0.0347744822269126	-0.04992768695127605	0.05715031910727004	-0.05231931533178599	0.012591575114126218	-0.012670843943102273	0.049120355694598196	-0.042496408715488695	0.054017931581908686	-0.008895883167122294	0.009498932138752593	-0.02312332729524888	0.03274200644253723	-0.03381132888216578	0.01385273033735504	-0.012035785129699345	0.023119572729988595	-0.026508861359367312	0.03501623781803698
0.02708862752245239	-0.03624161988656158	0.07777529841790537	-0.8299743998288809	0.9999999999999989	-0.025151733581460826	0.03993493696005747	-0.07945422577407997	0.28900372602624336	-0.4580692108144928	0.029198088575393685	-0.04107622688076011	0.09482347978802953	-0.09506960745225587	0.09133031415885315	-0.027204751792472677	0.03623628430418313	-0.06254453052123866	0.06044166928990919	-0.0622788251392108	0.032595460955862056	-0.03198844827409507	0.04664838846520542	-0.05448338114914872	0.04998438261196131	-0.011918398943576694	0.011936459248810915	-0.047784019465785095	0.040908595310578826	-0.05383952700186407	0.008702045985511199	-0.009320864274646505	0.02266808125712434	-0.03230881731932829	0.03315357486413205	-0.013734174973735904	0.011876191756468918	-0.022897857078834745	0.026036218894096817	-0.03500119527197822
-0.8417764854606425	0.22375965596052688	-0.11678056320087013	0.02842332916886367	-0.025151733581460826	0.9999999999999981	-0.27871315737535984	0.10684405236783268	-0.03664768850504612	0.03541979870481556	-0.3186378885045282	0.1134407457043673	-0.05576541825950564	0.048966906607971074	-0.05641018865595653	0.2016839607423121	-0.09702817223205829	0.0656494872019992	-0.048246072778049376	0.04128418217355817	-0.10241094181916677	0.09668179993598339	-0.06054988050291272	0.047096706945872334	-0.04156410041513795	0.024082615218561778	-0.023939770776630148	0.053283821068974516	-0.04103252279268145	0.04900955016513051	-0.010460864615915184	0.011033635336109371	-0.02301577529288255	0.031664931624842345	-0.032221326790354055	0.014281558578587141	-0.012546931462878823	0.022840439885339008	-0.025897420135395335	0.033349735043700784
0.23532524746212674	-0.8219195110121378	0.2373453670932541	-0.047282473786206904	0.03993493696005747	-0.27871315737535984	0.9999999999999982	-0.3093802171463535	0.060730118181807506	-0.05819284117417323	0.12288316453972375	-0.1690671889706952	0.07839896958045305	-0.06884180718788793	0.06244836526871147	-0.12310966325716907	0.11938882159982253	-0.0718351971098982	0.055408535249818265	-0.04618840610507874	0.08580863255699606	-0.08572754242792269	0.061296415609789	-0.051755988208027966	0.045089448406236556	-0.021483572406916975	0.021550567789469694	-0.05431117054120977	0.04286951925118081	-0.05137815970420684	0.010265302751201239	-0.010855138302413648	0.02361583595276253	-0.03273377652166286	0.03337264128760725	-0.01444999857813593	0.01267072356309627	-0.023418502657502803	0.026650139768868594	-0.03440843051436302
-0.1186931826230242	0.23177286591883406	-0.8863738767670523	0.09254631820998326	-0.07945422577407997	0.10684405236783268	-0.3093802171463535	0.9999999999999972	-0.13468702674489802	0.10742552091355165	-0.070320822989804	0.08704622510007247	-0.12973094729624662	0.10256587655636629	-0.07165901034893941	0.06553930700076284	-0.07430575144370055	0.07200252640328329	-0.0634664222186664	0.052184090012300045	-0.0578286593546034	0.05575790394563228	-0.05586916496529289	0.055915127127720315	-0.04842600409384575	0.016567224182593043	-0.01669785657619541	0.05196385990930751	-0.04291451734504478	0.052358492523315016	-0.009492523183156885	0.010081065758009428	-0.023316302144466606	0.032648747381655144	-0.03348726812142604	0.014048843646776494	-0.012273592607835473	0.023154660129607194	-0.026492913247178382	0.034447586583375565
0.03973670625148521	-0.0527439586530796	0.11501357651019553	-0.43807729901135073	0.28900372602624336	-0.03664768850504612	0.060730118181807506	-0.13468702674489802	0.9999999999999966	-0.7796239975378866	0.04398038108877404	-0.06585432904541197	0.17705480515314614	-0.23215592843380262	0.13600646766031424	-0.040859851951083916	0.05779600205794989	-0.1021539997384043	0.10457792183506848	-0.09650795032259217	0.050346160680494474	-0.04950963124692439	0.07362774772128165	-0.08898497709425714	0.07775673907668433	-0.018180019373595598	0.018232023544282102	-0.07396174292086649	0.06360237789485448	-0.08180536482733186	0.013052856627331936	-0.013977446714352334	0.034305047922880305	-0.04897097686329533	0.050182985020552975	-0.020549774096802025	0.01780663098225521	-0.03444946586261021	0.0392837017846773	-0.0523945368971147
-0.03895644568728341	0.0495220548462389	-0.10940881747170983	0.2966232642664674	-0.4580692108144928	0.03541979870481556	-0.05819284117417323	0.10742552091355165	-0.7796239975378866	0.9999999999999963	-0.04384474188200063	0.06355993588940612	-0.17780737155442597	0.16641005026344807	-0.16711826004924177	0.04018788210048917	-0.05722513559757144	0.0967401687196196	-0.10043914260968197	0.09833736340518938	-0.05015872681880416	0.048624276046296	-0.07239052982958298	0.08493570655791668	-0.07901921367718533	0.017919949169063077	-0.018019442724093955	0.0718731488603601	-0.06254205002942784	0.0804279516169084	-0.012914859860600009	0.013809392078222784	-0.03387498862296585	0.04817310941977527	-0.049728510804862236	0.02026640573573725	-0.01758720560926187	0.033932553084103444	-0.03886514927303104	0.05159811981597228
0.21412088667362664	-0.11093554678352165	0.06958869715880041	-0.032562916344625686	0.029198088575393685	-0.3186378885045282	0.12288316453972375	-0.070320822989804	0.04398038108877404	-0.04384474188200063	0.9999999999999943	-0.2153051119292679	0.08365439398440695	-0.07574712867286497	0.09315951358213852	-0.8132023653803008	0.17274030216614827	-0.12353338194382253	0.08393557617773811	-0.07131929414197814	0.22756195337839225	-0.2325378203461327	0.11736826779079304	-0.08545686218717377	0.0732022862855213	-0.05121862665279279	0.04938859963281893	-0.10377517764199344	0.07617489427455383	-0.09064317076046417	0.019910715632014873	-0.021047279660593613	0.042568266609151	-0.058687664822733444	0.05893618857302683	-0.02665616704626112	0.023400919765279356	-0.04238807049487578	0.04754872865544029	-0.061501775115111325
-0.12546249257641315	0.12210852515891017	-0.0841378878017286	0.045733190431478526	-0.04107622688076011	0.1134407457043673	-0.1690671889706952	0.08704622510007247	-0.06585432904541197	0.06355993588940612	-0.2153051119292679	0.9999999999999938	-0.18920867991252327	0.13526004321046184	-0.13222828216477334	0.1832332960392582	-0.8286741889036581	0.17153109679210482	-0.12789282292488974	0.09381205159757912	-0.2700642988070898	0.2417735749011995	-0.15796448097444818	0.1099603329912295	-0.09749199442421931	0.054895705687232135	-0.057291529869302124	0.1173553308449707	-0.09376053699004361	0.10273286494151711	-0.022413315274758188	0.023418421143801327	-0.04904282620705895	0.06671916243366276	-0.06881572662529785	0.029321780108429875	-0.026132651937336115	0.047281707152588726	-0.05479487784542183	0.06749547101108755
0.060177860240190825	-0.06715820732062262	0.10845711227852942	-0.1180953352683017	0.09482347978802953	-0.05576541825950564	0.07839896958045305	-0.12973094729624662	0.17705480515314614	-0.17780737155442597	0.08365439398440695	-0.18920867991252327	0.9999999999999951	-0.8226202070945814	0.18533437379023587	-0.07830246761400754	0.14115572700630788	-0.275566198260939	0.24345909042785424	-0.16158134160560064	0.10557521072458056	-0.10686199446862212	0.16219802109317044	-0.20034412288496306	0.14661449894770662	-0.03659029106635987	0.03673356378606663	-0.1543331825083418	0.12839450332712019	-0.15199329820179086	0.024235742841920916	-0.025923232383438743	0.06465945308599066	-0.09230137231838985	0.09344129283659719	-0.03753874413634309	0.03274488793879596	-0.06375816853639694	0.0730075283965436	-0.09463992586788744
-0.054001896670850334	0.05768374433498373	-0.09917289444344703	0.11111473396053562	-0.09506960745225587	0.048966906607971074	-0.06884180718788793	0.10256587655636629	-0.23215592843380262	0.16641005026344807	-0.07574712867286497	0.13526004321046184	-0.8226202070945814	0.9999999999999961	-0.20189555573116041	0.06855588972493801	-0.12315824332255981	0.2152184322942006	-0.3375275500868031	0.15333081391516418	-0.09567148244971602	0.0923055688928305	-0.14860296872529233	0.18474562876995354	-0.14570020320858665	0.032082190582613454	-0.03253220590549849	0.13183154493526666	-0.1182759041998282	0.1327810522970105	-0.02136575559170753	0.022753316722413895	-0.05744548281381958	0.08115774043114006	-0.08384962946521042	0.03273538752991274	-0.028752613062181215	0.055742152571601256	-0.06502617942551885	0.082172179117178
0.0607231466896438	-0.05443801037161811	0.06876164102425315	-0.09382709743640784	0.09133031415885315	-0.05641018865595653	0.06244836526871147	-0.07165901034893941	0.13600646766031424	-0.16711826004924177	0.09315951358213852	-0.13222828216477334	0.18533437379023587	-0.20189555573116041	0.9999999999999936	-0.08972187967901324	0.11620821360399512	-0.30421769363595597	0.2594294417875329	-0.6416360115636845	0.12173476657190856	-0.12575813684678552	0.22085208350743557	-0.3001297054074453	0.3077836610275445	-0.05712677380301529	0.05621467948142186	-0.2693787108390362	0.22882569759451926	-0.3548415827141356	0.049452768455081404	-0.05366325297522518	0.13294703703214078	-0.19600911986994446	0.19824891046938783	-0.08294343911501761	0.07052513603869404	-0.1392426576888885	0.15424054339871374	-0.22198138658619906
-0.22516629954323203	0.10239002985474209	-0.06794229678835205	0.02994353952586647	-0.027204751792472677	0.2016839607423121	-0.12310966325716907	0.06553930700076284	-0.040859851951083916	0.04018788210048917	-0.8132023653803008	0.1832332960392582	-0.07830246761400754	0.06855588972493801	-0.08972187967901324	0.9999999999999915	-0.19756550933811448	0.1121991255765844	-0.07847537971783679	0.06550193042419974	-0.3597790245961423	0.22116379357037735	-0.11528106739926762	0.07754429704871328	-0.06817549869116622	0.05551773969233404	-0.05555120122883392	0.09340722221636923	-0.07009816544138604	0.08029756693113958	-0.019190714906044064	0.020070360260134864	-0.03868343854920079	0.052577927326589564	-0.05342015234100109	0.024164650107901295	-0.021455611308225372	0.03796014150466319	-0.04307220699003644	0.0543188967473293
0.09937180958178059	-0.10439128719467042	0.06886277118570913	-0.04088854080600563	0.03623628430418313	-0.09702817223205829	0.11938882159982253	-0.07430575144370055	0.05779600205794989	-0.05722513559757144	0.17274030216614827	-0.8286741889036581	0.14115572700630788	-0.12315824332255981	0.11620821360399512	-0.19756550933811448	0.9999999999999933	-0.19793423913688524	0.11969827742682324	-0.087763664475084	0.23657474637873716	-0.35716995866564355	0.15696872186138172	-0.1070190589379662	0.09028469147233648	-0.0512896813211099	0.051909454821185426	-0.1187557076833159	0.09011429936460487	-0.0995274399620394	0.020798900050371084	-0.021882580869723084	0.04665275115063253	-0.06412750791522431	0.06512934524418304	-0.027809142727345845	0.024660246823959987	-0.045240233164398506	0.05186233557339531	-0.06465764909062904
-0.07306283527679384	0.060620060776815705	-0.0715178712688074	0.0661728796328403	-0.06254453052123866	0.0656494872019992	-0.0718351971098982	0.07200252640328329	-0.1021539997384043	0.0967401687196196	-0.12353338194382253	0.17153109679210482	-0.275566198260939	0.2152184322942006	-0.30421769363595597	0.1121991255765844	-0.19793423913688524	0.9999999999999931	-0.5141072851890518	0.21758918471896294	-0.1878001471797992	0.18454383057609913	-0.5669316050818254	0.27918228165326947	-0.24461755321559625	0.059537360245553825	-0.06137898432734803	0.2636496875363896	-0.23328840170657902	0.21470204274647936	-0.03719757547911489	0.03924870220513324	-0.1033624252829847	0.14014087365399008	-0.14696723968344444	0.054865033670075	-0.04917339703861031	0.0950075712055179	-0.11476313438890144	0.1333533559150992
0.05283435053553768	-0.047474733955016224	0.06116412500938096	-0.06716642368340141	0.06044166928990919	-0.048246072778049376	0.055408535249818265	-0.0634664222186664	0.10457792183506848	-0.10043914260968197	0.08393557617773811	-0.12789282292488974	0.24345909042785424	-0.3375275500868031	0.2594294417875329	-0.07847537971783679	0.11969827742682324	-0.5141072851890518	0.9999999999999929	-0.32177270035492195	0.11747395465189414	-0.12068026080166938	0.252955953025674	-0.5744218877475389	0.26945653744185005	-0.04632720374577813	0.046595576198346075	-0.23744822935088636	0.2155225773908738	-0.22848497257664152	0.03268007813929466	-0.03496733209967321	0.09338135178719688	-0.13557673471846984	0.13669354129920736	-0.05100751443512477	0.0449174528667861	-0.08942416292561199	0.10439145209427078	-0.13011062789357042
-0.04554147269196171	0.03954333253725584	-0.05162185120887788	0.06171069754242275	-0.0622788251392108	0.04128418217355817	-0.04618840610507874	0.052184090012300045	-0.09650795032259217	0.09833736340518938	-0.07131929414197814	0.09381205159757912	-0.16158134160560064	0.15333081391516418	-0.6416360115636845	0.06550193042419974	-0.087763664475084	0.21758918471896294	-0.32177270035492195	0.9999999999999941	-0.09508026429976403	0.09316353649000161	-0.18168330248264997	0.2721211574076085	-0.5854848790043238	0.039392232774802124	-0.039733793608814745	0.18188376556642274	-0.18306102990674966	0.24130376334072895	-0.032268163537916755	0.03446889202979699	-0.090964957823127	0.13002906667689135	-0.14581703278307326	0.05141196099836552	-0.04511318286047838	0.08855886722670611	-0.10528113414100541	0.13507237373440012
0.10483434283199232	-0.07510618224629356	0.05587920666275549	-0.03592806236889858	0.032595460955862056	-0.10241094181916677	0.08580863255699606	-0.0578286593546034	0.050346160680494474	-0.05015872681880416	0.22756195337839225	-0.2700642988070898	0.10557521072458056	-0.09567148244971602	0.12173476657190856	-0.3597790245961423	0.23657474637873716	-0.1878001471797992	0.11747395465189414	-0.09508026429976403	0.9999999999999927	-0.770591325313955	0.201160353197395	-0.12228024180722512	0.10036644877651812	-0.12931697288868677	0.11218447667750954	-0.1646714632588584	0.11105307933294632	-0.12442081314989394	0.03133914348268207	-0.032951457477306725	0.05905670566984636	-0.0808510925565954	0.08001376189569738	-0.03708216664386613	0.033062308143814334	-0.05788724870991702	0.06446824167499424	-0.08120837876891088
-0.10785842566263934	0.07175257393866796	-0.05525727294997338	0.0347744822269126	-0.03198844827409507	0.09668179993598339	-0.08572754242792269	0.05575790394563228	-0.04950963124692439	0.048624276046296	-0.2325378203461327	0.2417735749011995	-0.10686199446862212	0.0923055688928305	-0.12575813684678552	0.22116379357037735	-0.35716995866564355	0.18454383057609913	-0.12068026080166938	0.09316353649000161	-0.770591325313955	0.99999999999999	-0.2877355827174648	0.11925924978363833	-0.10102098119439225	0.09783468410070911	-0.10330138350926865	0.15906737326375997	-0.11207020104642591	0.11617679538830285	-0.02914316083746041	0.030328944633357384	-0.05692989583786931	0.07669057634195914	-0.0772231350771898	0.03445639877982956	-0.030999954957378693	0.05443778021546904	-0.06197516862661284	0.0755471411239919
0.06618508679696167	-0.052483780942794	0.054723319480881355	-0.04992768695127605	0.04664838846520542	-0.06054988050291272	0.061296415609789	-0.05586916496529289	0.07362774772128165	-0.07239052982958298	0.11736826779079304	-0.15796448097444818	0.16219802109317044	-0.14860296872529233	0.22085208350743557	-0.11528106739926762	0.15696872186138172	-0.5669316050818254	0.252955953025674	-0.18168330248264997	0.201160353197395	-0.2877355827174648	0.9999999999999911	-0.2927043471504059	0.2031992827465448	-0.07461334245335498	0.07445960406994359	-0.5475396801697442	0.26035856680219577	-0.25109532526120343	0.04064894760907739	-0.04358474704341613	0.11521352207509254	-0.16148127819129218	0.1541968747796074	-0.060908290331118164	0.05390311752340757	-0.10841842898545323	0.12160622390680778	-0.14780500403382912
-0.05236763998534908	0.043989284163666126	-0.055415326894846004	0.05715031910727004	-0.05448338114914872	0.047096706945872334	-0.051755988208027966	0.055915127127720315	-0.08898497709425714	0.08493570655791668	-0.08545686218717377	0.1099603329912295	-0.20034412288496306	0.18474562876995354	-0.3001297054074453	0.07754429704871328	-0.1070190589379662	0.27918228165326947	-0.5744218877475389	0.2721211574076085	-0.12228024180722512	0.11925924978363833	-0.2927043471504059	0.9999999999999908	-0.5057480025016697	0.04807733351555438	-0.049217028587056996	0.24895307890054807	-0.3638541856259225	0.2641110700909853	-0.03621646821722856	0.03851773093927735	-0.11030330499536793	0.15906566075363787	-0.16613964264548195	0.056000186076381006	-0.05011082266916612	0.1003538750630859	-0.12336936386213757	0.14334333841849167
0.04564125489712206	-0.03875317504275401	0.04741905709753924	-0.05231931533178599	0.04998438261196131	-0.04156410041513795	0.045089448406236556	-0.04842600409384575	0.07775673907668433	-0.07901921367718533	0.0732022862855213	-0.09749199442421931	0.14661449894770662	-0.14570020320858665	0.3077836610275445	-0.06817549869116622	0.09028469147233648	-0.24461755321559625	0.26945653744185005	-0.5854848790043238	0.10036644877651812	-0.10102098119439225	0.2031992827465448	-0.5057480025016697	0.9999999999999928	-0.04481389844886795	0.044930794424131545	-0.2318333610704169	0.24041542469387842	-0.4214198742078808	0.03772537394264736	-0.040628694277996744	0.11078663813829058	-0.1675618857861869	0.1834045744889496	-0.06147817431911669	0.053691725632436446	-0.10902707411191419	0.12792061757857648	-0.17058955175692186
-0.02594871606408744	0.01849779255543327	-0.016360975530878473	0.012591575114126218	-0.011918398943576694	0.024082615218561778	-0.021483572406916975	0.016567224182593043	-0.018180019373595598	0.017919949169063077	-0.05121862665279279	0.054895705687232135	-0.03659029106635987	0.032082190582613454	-0.05712677380301529	0.05551773969233404	-0.0512896813211099	0.059537360245553825	-0.04632720374577813	0.039392232774802124	-0.12931697288868677	0.09783468410070911	-0.07461334245335498	0.04807733351555438	-0.04481389844886795	0.9999999999999917	-0.9702341367900736	0.08552866293965504	-0.05976095520135324	0.054221192591818006	-0.08754080604478401	0.08626889528190555	-0.04030607893894319	0.043154150713358146	-0.04212600041754434	0.04312018896489217	-0.04405067272588764	0.03806860776109973	-0.038055076859192724	0.03990410240719306
0.02549705694410681	-0.018658991838395214	0.016393133607437157	-0.012670843943102273	0.011936459248810915	-0.023939770776630148	0.021550567789469694	-0.01669785657619541	0.018232023544282102	-0.018019442724093955	0.04938859963281893	-0.057291529869302124	0.03673356378606663	-0.03253220590549849	0.05621467948142186	-0.05555120122883392	0.051909454821185426	-0.06137898432734803	0.046595576198346075	-0.039733793608814745	0.11218447667750954	-0.10330138350926865	0.07445960406994359	-0.049217028587056996	0.044930794424131545	-0.9702341367900736	0.9999999999999926	-0.09521735714435886	0.060661781890768755	-0.05618287902083898	0.08292168670120563	-0.0963308927599592	0.040590186430367416	-0.04423871232526666	0.04252433809052768	-0.043708578290342845	0.04360734626867537	-0.03883276080848018	0.038268061494996015	-0.040861037469324325
-0.059773362197999724	0.046007877666742004	-0.052097436196658915	0.049120355694598196	-0.047784019465785095	0.053283821068974516	-0.05431117054120977	0.05196385990930751	-0.07396174292086649	0.0718731488603601	-0.10377517764199344	0.1173553308449707	-0.1543331825083418	0.13183154493526666	-0.2693787108390362	0.09340722221636923	-0.1187557076833159	0.2636496875363896	-0.23744822935088636	0.18188376556642274	-0.1646714632588584	0.15906737326375997	-0.5475396801697442	0.24895307890054807	-0.2318333610704169	0.08552866293965504	-0.09521735714435886	0.9999999999999927	-0.5940025052362313	0.269829724103447	-0.04932282759215867	0.05217501199904147	-0.16878724675108667	0.20463945871219405	-0.20083434306884437	0.07125805762755799	-0.06562225773569577	0.13320683801786823	-0.16006940313599505	0.16448437174161443
0.045544657989703294	-0.03657878141213021	0.04257524183468655	-0.042496408715488695	0.040908595310578826	-0.04103252279268145	0.04286951925118081	-0.04291451734504478	0.06360237789485448	-0.06254205002942784	0.07617489427455383	-0.09376053699004361	0.12839450332712019	-0.1182759041998282	0.22882569759451926	-0.07009816544138604	0.09011429936460487	-0.23328840170657902	0.2155225773908738	-0.18306102990674966	0.11105307933294632	-0.11207020104642591	0.26035856680219577	-0.3638541856259225	0.24041542469387842	-0.05976095520135324	0.060661781890768755	-0.5940025052362313	0.9999999999999931	-0.4930511293714518	0.047059208041076536	-0.050761178874159894	0.16824717774797981	-0.32723640237972357	0.23562544990827863	-0.07473044090576678	0.06736495666303399	-0.1472832985896263	0.17669020672246	-0.19520959717817557
-0.05512708212521221	0.04361146473014357	-0.052681291797573804	0.054017931581908686	-0.05383952700186407	0.04900955016513051	-0.05137815970420684	0.052358492523315016	-0.08180536482733186	0.0804279516169084	-0.09064317076046417	0.10273286494151711	-0.15199329820179086	0.1327810522970105	-0.3548415827141356	0.08029756693113958	-0.0995274399620394	0.21470204274647936	-0.22848497257664152	0.24130376334072895	-0.12442081314989394	0.11617679538830285	-0.25109532526120343	0.2641110700909853	-0.4214198742078808	0.054221192591818006	-0.05618287902083898	0.269829724103447	-0.4930511293714518	0.9999999999999943	-0.05199330131343214	0.055019933983077945	-0.17164699367360017	0.2513112572964564	-0.4653656782660914	0.0817834340660302	-0.07460114936977522	0.15243752730028465	-0.20693882821759593	0.24090425205221283
0.01153919367860902	-0.008789509260853126	0.009474578931917905	-0.008895883167122294	0.008702045985511199	-0.010460864615915184	0.010265302751201239	-0.009492523183156885	0.013052856627331936	-0.012914859860600009	0.019910715632014873	-0.022413315274758188	0.024235742841920916	-0.02136575559170753	0.049452768455081404	-0.019190714906044064	0.020798900050371084	-0.03719757547911489	0.03268007813929466	-0.032268163537916755	0.03133914348268207	-0.02914316083746041	0.04064894760907739	-0.03621646821722856	0.03772537394264736	-0.08754080604478401	0.08292168670120563	-0.04932282759215867	0.047059208041076536	-0.05199330131343214	0.9999999999999925	-0.8941127171724446	0.11031753466348697	-0.07634655226028739	0.06317552592876946	-0.3405347077786346	0.23839364785502437	-0.11686109398182579	0.0794784929272755	-0.06611094091904576
-0.012211206803818101	0.009280465518832895	-0.010082407225325649	0.009498932138752593	-0.009320864274646505	0.011033635336109371	-0.010855138302413648	0.010081065758009428	-0.013977446714352334	0.013809392078222784	-0.021047279660593613	0.023418421143801327	-0.025923232383438743	0.022753316722413895	-0.05366325297522518	0.020070360260134864	-0.021882580869723084	0.03924870220513324	-0.03496733209967321	0.03446889202979699	-0.032951457477306725	0.030328944633357384	-0.04358474704341613	0.03851773093927735	-0.040628694277996744	0.08626889528190555	-0.0963308927599592	0.05217501199904147	-0.050761178874159894	0.055019933983077945	-0.8941127171724446	0.9999999999999933	-0.13343816585912377	0.08188465825013058	-0.06943127688885464	0.24725860198293215	-0.3157305658767913	0.12492002072697254	-0.08861445059525634	0.06947791039772312
0.025680993863226323	-0.020135827682565333	0.023311682323304963	-0.02312332729524888	0.02266808125712434	-0.02301577529288255	0.02361583595276253	-0.023316302144466606	0.034305047922880305	-0.03387498862296585	0.042568266609151	-0.04904282620705895	0.06465945308599066	-0.05744548281381958	0.13294703703214078	-0.03868343854920079	0.04665275115063253	-0.1033624252829847	0.09338135178719688	-0.090964957823127	0.05905670566984636	-0.05692989583786931	0.11521352207509254	-0.11030330499536793	0.11078663813829058	-0.04030607893894319	0.040590186430367416	-0.16878724675108667	0.16824717774797981	-0.17164699367360017	0.11031753466348697	-0.13343816585912377	0.9999999999999931	-0.5051109753223514	0.22389208235321542	-0.20286481165971995	0.18291408377718843	-0.7079593172548762	0.2856041750940238	-0.24610046245549666
-0.03550043023847077	0.02784013102483994	-0.032758858959829516	0.03274200644253723	-0.03230881731932829	0.031664931624842345	-0.03273377652166286	0.032648747381655144	-0.04897097686329533	0.04817310941977527	-0.058687664822733444	0.06671916243366276	-0.09230137231838985	0.08115774043114006	-0.19600911986994446	0.052577927326589564	-0.06412750791522431	0.14014087365399008	-0.13557673471846984	0.13002906667689135	-0.0808510925565954	0.07669057634195914	-0.16148127819129218	0.15906566075363787	-0.1675618857861869	0.043154150713358146	-0.04423871232526666	0.20463945871219405	-0.32723640237972357	0.2513112572964564	-0.07634655226028739	0.08188465825013058	-0.5051109753223514	0.9999999999999938	-0.48448411287044374	0.12303024198503354	-0.11896878878569951	0.28565555635963513	-0.47110024090726266	0.2972300481666693
0.03593066649724394	-0.028478553534486896	0.03343239979196303	-0.03381132888216578	0.03315357486413205	-0.032221326790354055	0.03337264128760725	-0.03348726812142604	0.050182985020552975	-0.049728510804862236	0.05893618857302683	-0.06881572662529785	0.09344129283659719	-0.08384962946521042	0.19824891046938783	-0.05342015234100109	0.06512934524418304	-0.14696723968344444	0.13669354129920736	-0.14581703278307326	0.08001376189569738	-0.0772231350771898	0.1541968747796074	-0.16613964264548195	0.1834045744889496	-0.04212600041754434	0.04252433809052768	-0.20083434306884437	0.23562544990827863	-0.4653656782660914	0.06317552592876946	-0.06943127688885464	0.22389208235321542	-0.48448411287044374	0.9999999999999926	-0.11363226794927829	0.09958254489856096	-0.23259054982193544	0.29359280172544555	-0.586105721906865
-0.015994187535440563	0.012302717791690272	-0.014126509034550202	0.01385273033735504	-0.013734174973735904	0.014281558578587141	-0.01444999857813593	0.014048843646776494	-0.020549774096802025	0.02026640573573725	-0.02665616704626112	0.029321780108429875	-0.03753874413634309	0.03273538752991274	-0.08294343911501761	0.024164650107901295	-0.027809142727345845	0.054865033670075	-0.05100751443512477	0.05141196099836552	-0.03708216664386613	0.03445639877982956	-0.060908290331118164	0.056000186076381006	-0.06147817431911669	0.04312018896489217	-0.043708578290342845	0.07125805762755799	-0.07473044090576678	0.0817834340660302	-0.3405347077786346	0.24725860198293215	-0.20286481165971995	0.12303024198503354	-0.11363226794927829	0.9999999999999929	-0.8449750917263049	0.20952716084680373	-0.15711657699592946	0.10815542287514199
0.014000520584072335	-0.010804585785807093	0.01230803562049468	-0.012035785129699345	0.011876191756468918	-0.012546931462878823	0.01267072356309627	-0.012273592607835473	0.01780663098225521	-0.01758720560926187	0.023400919765279356	-0.026132651937336115	0.03274488793879596	-0.028752613062181215	0.07052513603869404	-0.021455611308225372	0.024660246823959987	-0.04917339703861031	0.0449174528667861	-0.04511318286047838	0.033062308143814334	-0.030999954957378693	0.05390311752340757	-0.05011082266916612	0.053691725632436446	-0.04405067272588764	0.04360734626867537	-0.06562225773569577	0.06736495666303399	-0.07460114936977522	0.23839364785502437	-0.3157305658767913	0.18291408377718843	-0.11896878878569951	0.09958254489856096	-0.8449750917263049	0.9999999999999929	-0.29279910340479426	0.14103584024018367	-0.10473235063726873
-0.025631872108533592	0.019918278866154257	-0.023274286838373556	0.023119572729988595	-0.022897857078834745	0.022840439885339008	-0.023418502657502803	0.023154660129607194	-0.03444946586261021	0.033932553084103444	-0.04238807049487578	0.047281707152588726	-0.06375816853639694	0.055742152571601256	-0.1392426576888885	0.03796014150466319	-0.045240233164398506	0.0950075712055179	-0.08942416292561199	0.08855886722670611	-0.05788724870991702	0.05443778021546904	-0.10841842898545323	0.1003538750630859	-0.10902707411191419	0.03806860776109973	-0.03883276080848018	0.13320683801786823	-0.1472832985896263	0.15243752730028465	-0.11686109398182579	0.12492002072697254	-0.7079593172548762	0.28565555635963513	-0.23259054982193544	0.20952716084680373	-0.29279910340479426	0.9999999999999932	-0.45591576003726086	0.2311766056484459
0.02890823026913813	-0.022731784811031733	0.026492381488531697	-0.026508861359367312	0.026036218894096817	-0.025897420135395335	0.026650139768868594	-0.026492913247178382	0.0392837017846773	-0.03886514927303104	0.04754872865544029	-0.05479487784542183	0.0730075283965436	-0.06502617942551885	0.15424054339871374	-0.04307220699003644	0.05186233557339531	-0.11476313438890144	0.10439145209427078	-0.10528113414100541	0.06446824167499424	-0.06197516862661284	0.12160622390680778	-0.12336936386213757	0.12792061757857648	-0.038055076859192724	0.038268061494996015	-0.16006940313599505	0.17669020672246	-0.20693882821759593	0.0794784929272755	-0.08861445059525634	0.2856041750940238	-0.47110024090726266	0.29359280172544555	-0.15711657699592946	0.14103584024018367	-0.45591576003726086	0.9999999999999936	-0.6204973883494789
-0.03759638040945558	0.02922045333602872	-0.03475525559305794	0.03501623781803698	-0.03500119527197822	0.033349735043700784	-0.03440843051436302	0.034447586583375565	-0.0523945368971147	0.05159811981597228	-0.061501775115111325	0.06749547101108755	-0.09463992586788744	0.082172179117178	-0.22198138658619906	0.0543188967473293	-0.06465764909062904	0.1333533559150992	-0.13011062789357042	0.13507237373440012	-0.08120837876891088	0.0755471411239919	-0.14780500403382912	0.14334333841849167	-0.17058955175692186	0.03990410240719306	-0.040861037469324325	0.16448437174161443	-0.19520959717817557	0.24090425205221283	-0.06611094091904576	0.06947791039772312	-0.24610046245549666	0.2972300481666693	-0.586105721906865	0.10815542287514199	-0.10473235063726873	0.2311766056484459	-0.6204973883494789	0.999999999999994
