0.9999999999999999	-0.8454738803584296	0.1144367335749944	-0.07767537668594579	0.06683753505641907	-0.41786647493298223	0.09591386914033717	-0.08821297908126469	0.1015926464406134	-0.05941944607997674	0.26185332547933116	-0.09491053496719318	0.06933967803644778	-0.030283326673767437	0.032944010034647093	-0.1068734709646758	0.07179708359844152	-0.0855082229049531	0.031749953605795675	-0.02421624868361269	0.04197891284463717	-0.043841835382645376	0.04512556073608602	-0.03192106685053391	0.03154061908265011	-0.04409529557095492	0.03555050039397564	-0.030911629018315616	0.03668436440679736	-0.04745819700218277	0.024424611588357893	-0.0252587246609244	0.028757014524215006	-0.027327213195248865	0.03739885162495385	-0.018046331228845133	0.0334915321413447	-0.019095163679187392	0.021366280266248025	-0.019231411237809484	0.02140637940079814	-0.01702107968199066	0.02128217293094382	-0.017310472942707083	0.015518402392556488
-0.8454738803584296	0.9999999999999997	-0.1685006608093234	0.10192886112406678	-0.09143838750177347	0.2722965681118511	-0.12927578788782193	0.10846531807751603	-0.14118236480308294	0.07776337757898032	-0.3519407852739061	0.11349652165395371	-0.0872813462923693	0.04022502314698922	-0.0425847495699148	0.1255884065258617	-0.08784188875756518	0.10233156974958203	-0.042627539983842014	0.03122684739857002	-0.05141606363943084	0.05354230500669947	-0.05621304689869642	0.04045430652354483	-0.04027018475528897	0.0537621075101118	-0.044362590576915224	0.038509862289183135	-0.046300365045133594	0.05914093404935808	-0.030798344833539337	0.031797541533356184	-0.036277736476930236	0.03443050605962027	-0.047232697842359714	0.022727712611112595	-0.04233579757241648	0.024082276690695487	-0.026953473478615937	0.02423530988563636	-0.027053208721255342	0.021484618856288617	-0.02687918901405907	0.021810325499272778	-0.01957528045843889
0.1144367335749944	-0.1685006608093234	1.0000000000000002	-0.724010750392259	0.2391436353366545	-0.12987633674133198	0.16762145790744254	-0.2821604472636295	0.30345535780193295	-0.25640842352237886	0.1352550070265138	-0.18610245854507537	0.1716706449256439	-0.09143992615944356	0.07989677792213354	-0.26010588259461914	0.15862653732953222	-0.2190054785684972	0.08589440429360183	-0.06156794333958175	0.09682695046693886	-0.10232457714700732	0.101493081027832	-0.07765678704581806	0.07479120109036932	-0.1047709311829721	0.08091561149630182	-0.07129950250265925	0.08423226658760233	-0.11641971920103934	0.05475645418609651	-0.05743637620979027	0.06496774138306317	-0.06271771958699777	0.08502534481333199	-0.04066750359615283	0.07481340520674193	-0.043316712360718795	0.048687363822090234	-0.04406133834944622	0.04787599784748644	-0.03827478224026651	0.047959391339194746	-0.03966139886346458	0.0353847302007929
-0.07767537668594579	0.10192886112406678	-0.724010750392259	0.9999999999999998	-0.3622848954324985	0.08495113379714128	-0.11529410369856463	0.1669439847742938	-0.480805679479052	0.2557201936687636	-0.09164768782541936	0.12075477683352916	-0.11838485134039146	0.087969319592931	-0.06308956524972982	0.16742805864367705	-0.10501693663258453	0.14091608435977465	-0.0853031492807829	0.04902511109935422	-0.06489712516646902	0.06857467081864672	-0.06935200500795241	0.0571792305497289	-0.055913304412735426	0.0702475748371243	-0.055629471502171325	0.049114165067760146	-0.05949491744910834	0.08127430066400819	-0.03786561924887787	0.03989586016717317	-0.04521404565007761	0.04390038948128093	-0.05935498129469271	0.02812211740730353	-0.0518913763944969	0.030136224726926345	-0.03399749923874034	0.030752753437662046	-0.03319680612020433	0.026546842515601157	-0.033350006703854365	0.027677569413255713	-0.024691224829987084
0.06683753505641907	-0.09143838750177347	0.2391436353366545	-0.3622848954324985	0.9999999999999998	-0.08918829927130048	0.1040325612702519	-0.1441780670510896	0.2898733687154332	-0.8147926013815635	0.09231253236591079	-0.12226049793003746	0.10688681774792125	-0.08010852650220757	0.07556115209276289	-0.18694102034153137	0.10881484171912377	-0.14694525416634133	0.07749663622068698	-0.05783940145810198	0.0725406763591538	-0.07699622557710815	0.07757977036954553	-0.06580715253154083	0.06404845723382671	-0.07991571289719403	0.06300685095655213	-0.05582636513059548	0.06798753456480708	-0.09554985570606542	0.04339892991979482	-0.04579655108151615	0.05182999115391639	-0.0504490399789135	0.06835112875315551	-0.032253968443578966	0.05953026007222137	-0.03464169797648821	0.03908664403130617	-0.03542213861734557	0.03810908284628629	-0.030485329057366922	0.03831838747988978	-0.03187005739880372	0.028418676893636155
-0.41786647493298223	0.2722965681118511	-0.12987633674133198	0.08495113379714128	-0.08918829927130048	1.0000000000000002	-0.10804569636888531	0.10029119940667802	-0.14250580253549242	0.07335004031333872	-0.8187256829776388	0.11496456322486363	-0.08676707063839251	0.04199641684889523	-0.0481358294750685	0.14107699464608828	-0.09428474689707844	0.10536906465996435	-0.045356848654490814	0.03483612918418553	-0.058361581451510824	0.06041676385716998	-0.06432696748129695	0.0458757176629239	-0.045977646737976635	0.06099923013538329	-0.051032428920376356	0.04416737205828007	-0.05344963340424996	0.06730625569253092	-0.035938887575137635	0.036914366366109605	-0.04219683333794688	0.03984625894824344	-0.05494752391869078	0.02647687627798693	-0.04949658201343426	0.028010366842125427	-0.03129557410244379	0.028102383942688918	-0.031626336649956725	0.02506603527650764	-0.031341125724672236	0.025285316729511488	-0.0227359642228745
0.09591386914033717	-0.12927578788782193	0.16762145790744254	-0.11529410369856463	0.1040325612702519	-0.10804569636888531	1.0000000000000002	-0.5484454636752817	0.1761215029550067	-0.09208922056403392	0.1305441826602046	-0.6712285008734514	0.26877448179121116	-0.052376568139071426	0.05455390902038438	-0.25834020940127644	0.2517622552310163	-0.28102556627867636	0.05479644956897453	-0.040361351710334135	0.08859282898532882	-0.0929055227716182	0.09060825713155143	-0.05424343756689412	0.05281098139084797	-0.08439519311297328	0.06620095634995699	-0.05696506336748345	0.06328739707246411	-0.07691343102821005	0.041249941178131	-0.042934034555613725	0.04879025061718732	-0.046382122413174756	0.061950682371394554	-0.030526643127570224	0.05591314230329489	-0.032024355396869736	0.035873706171122975	-0.03220180208470319	0.035645995972545114	-0.02846547722283574	0.035504416211091114	-0.029051613242546622	0.025928663915045287
-0.08821297908126469	0.10846531807751603	-0.2821604472636295	0.1669439847742938	-0.1441780670510896	0.10029119940667802	-0.5484454636752817	0.9999999999999994	-0.26855032641932153	0.12528370301897135	-0.12856491974031262	0.28683644613073106	-0.5854459565542154	0.06959028812960721	-0.06629996097308076	0.21939778729756146	-0.22996202938958848	0.28755095473818865	-0.072953478562719	0.04920958999682033	-0.09094668740099975	0.09362931405245226	-0.09864180384324088	0.06347115928022615	-0.06263148765842746	0.08791246587555354	-0.07307089487982922	0.06287601558933503	-0.07283377938461806	0.08869088158390988	-0.047375834949316485	0.04918443581613674	-0.05612458126631901	0.053331205348940765	-0.07189408617233475	0.034976297886514046	-0.06470295184650236	0.03693295398580987	-0.041416291146160744	0.037153353098470336	-0.04126003034939642	0.03285877469041375	-0.04107540967996027	0.03348659923499421	-0.029967276753151986
0.1015926464406134	-0.14118236480308294	0.30345535780193295	-0.480805679479052	0.2898733687154332	-0.14250580253549242	0.1761215029550067	-0.26855032641932153	1.0000000000000009	-0.4357667095137422	0.14545568679844556	-0.2093023090990467	0.18216206962499737	-0.21566244389576483	0.11682658866657072	-0.3168308229277369	0.18389546661444828	-0.25282189225941637	0.1663404117805135	-0.09403227748682695	0.120339624257417	-0.12774434090739237	0.1275479351063348	-0.10923211888062807	0.10506910742926379	-0.13233352397890277	0.1033643267918896	-0.09172280035340809	0.11125605982262235	-0.15528090223308189	0.070535781082823	-0.07457006902909961	0.08434001103552037	-0.08225211378460076	0.1110538906180617	-0.052459652588826296	0.09661926009988363	-0.056332198307049636	0.06360556982883887	-0.057636986341447365	0.06184658478889587	-0.04951842122893528	0.06224435914334708	-0.051869235931071726	0.04621914568336902
-0.05941944607997674	0.07776337757898032	-0.25640842352237886	0.2557201936687636	-0.8147926013815635	0.07335004031333872	-0.09208922056403392	0.12528370301897135	-0.4357667095137422	1.0	-0.07955177613710754	0.101071433810048	-0.0945497127765633	0.09083256882397882	-0.07944291197560996	0.1472311463740408	-0.0899524312193905	0.11940127151549661	-0.09243567988338418	0.058882445743285675	-0.059770345724589516	0.06346179770884956	-0.06553998845237399	0.060845963499430056	-0.06073916810106665	0.06556376014474513	-0.05351986020437118	0.047518041184199486	-0.05973203790576504	0.08196581584092287	-0.036966713977194844	0.039261886950770736	-0.04456399979768003	0.04371558768857021	-0.05891617359492418	0.02747299928475293	-0.05089510456506029	0.02974097987631729	-0.03373514314434201	0.03053880308175618	-0.03255817124195143	0.026058631389990445	-0.03287041969122966	0.02747501590972727	-0.024493616808447388
0.26185332547933116	-0.3519407852739061	0.1352550070265138	-0.09164768782541936	0.09231253236591079	-0.8187256829776388	0.1305441826602046	-0.12856491974031262	0.14545568679844556	-0.07955177613710754	0.9999999999999998	-0.1622969920192344	0.10935102367454157	-0.04532362457029475	0.05479084240083266	-0.2093727988382663	0.12621961645325291	-0.14453897834852858	0.04826062722241608	-0.03982947310949369	0.07632733925213764	-0.07929914902302564	0.08017756750252011	-0.05450295575141037	0.05373071129782948	-0.08036294962656114	0.06319543345684268	-0.05489530556313789	0.06411559140430731	-0.08302731771125724	0.043139533568960546	-0.04451014325361181	0.050603518057450725	-0.04794795352544488	0.06563563600083924	-0.03188428998426605	0.05900906107699756	-0.03359669276892066	0.03751751576269181	-0.03377148569135386	0.03772221471683658	-0.029996529857857113	0.037445758602165494	-0.030404581874986458	0.027252517678583693
-0.09491053496719318	0.11349652165395371	-0.18610245854507537	0.12075477683352916	-0.12226049793003746	0.11496456322486363	-0.6712285008734514	0.28683644613073106	-0.2093023090990467	0.101071433810048	-0.1622969920192344	0.9999999999999997	-0.31722396349924276	0.06065729712562826	-0.06538518397184756	0.2658850620877468	-0.4711644028191675	0.2672837521884656	-0.06526262081257954	0.04786260667497484	-0.10598178123465876	0.1082697934820241	-0.11066118007307336	0.0642202594295646	-0.06316032965032661	0.09592795263144954	-0.07936844912514887	0.06759253188108867	-0.07596392099236919	0.08945068815506642	-0.0495423065114005	0.0513490096410133	-0.0586091557325341	0.055427474170066125	-0.07426109038073771	0.03655077635224742	-0.06737184734314387	0.03836882761039741	-0.042964405639635474	0.0384652511356022	-0.042914068574138195	0.03418844470367155	-0.042654353538561014	0.03469841143785922	-0.031033525886558763
0.06933967803644778	-0.0872813462923693	0.1716706449256439	-0.11838485134039146	0.10688681774792125	-0.08676707063839251	0.26877448179121116	-0.5854459565542154	0.18216206962499737	-0.0945497127765633	0.10935102367454157	-0.31722396349924276	0.9999999999999997	-0.056794628790896015	0.05633133928371624	-0.2450499114560262	0.24994982160182724	-0.6352086051086607	0.05901276421546367	-0.041828981350711655	0.08867909713708799	-0.09354486112195634	0.09371367853810449	-0.05576484781814927	0.05432613086532517	-0.08477043493514541	0.06743792033335512	-0.05830319805797209	0.0647741626389047	-0.07844418311673129	0.042049484033596665	-0.04382376686181014	0.04983158133303915	-0.04740340090773939	0.06327555127980268	-0.031115205207313174	0.057065591136420006	-0.032695807699854446	0.03664630365981913	-0.03288959005424356	0.036375902669698035	-0.029046377382230378	0.03624874398385057	-0.02967203033566749	0.02648270147765107
-0.030283326673767437	0.04022502314698922	-0.09143992615944356	0.087969319592931	-0.08010852650220757	0.04199641684889523	-0.052376568139071426	0.06959028812960721	-0.21566244389576483	0.09083256882397882	-0.04532362457029475	0.06065729712562826	-0.056794628790896015	1.0	-0.1695321983392892	0.09360183317657778	-0.05653615619248698	0.0757284731781965	-0.9261169705255238	0.15000358057412697	-0.047664101887337516	0.05218007980238329	-0.05954980299976539	0.11159523045811973	-0.12212364750816833	0.05482713643881779	-0.053092570810226475	0.04921459563916314	-0.07759447607040623	0.09282693863799277	-0.03588373259076642	0.041091587824159344	-0.0472546854845621	0.05030991772163664	-0.06399615977998264	0.026955016894496128	-0.050397581712615096	0.031269588609840235	-0.037243210765388	0.03357702305538992	-0.032120308643864934	0.026088622060397904	-0.03395234020471058	0.03020922854371254	-0.026708387166752556
0.032944010034647093	-0.0425847495699148	0.07989677792213354	-0.06308956524972982	0.07556115209276289	-0.0481358294750685	0.05455390902038438	-0.06629996097308076	0.11682658866657072	-0.07944291197560996	0.05479084240083266	-0.06538518397184756	0.05633133928371624	-0.1695321983392892	0.9999999999999993	-0.1108571040087258	0.0647629585656744	-0.07929759164119389	0.15846637277822404	-0.7918830407622723	0.08164667005249789	-0.0940007124945518	0.1129184291946247	-0.30749908196612813	0.2914392901570073	-0.10158683106458154	0.10685349717569313	-0.10451470445568503	0.16864446368946714	-0.2767328123842743	0.07693163633275256	-0.09329016829151811	0.10471457783136653	-0.11873639220834718	0.1458191712873238	-0.05846355290224559	0.10927633485392978	-0.07113845479624717	0.08547057813764442	-0.07927556057066648	0.06994211565140662	-0.057548984764983914	0.07578143937880563	-0.07138819522249304	0.061821646089162366
-0.1068734709646758	0.1255884065258617	-0.26010588259461914	0.16742805864367705	-0.18694102034153137	0.14107699464608828	-0.25834020940127644	0.21939778729756146	-0.3168308229277369	0.1472311463740408	-0.2093727988382663	0.2658850620877468	-0.2450499114560262	0.09360183317657778	-0.1108571040087258	0.9999999999999972	-0.6119767356109823	0.27717276011397607	-0.10280372352786142	0.08019509249310869	-0.25903820483958623	0.19340133825862696	-0.2002240798052493	0.1107453951532184	-0.10886524521357466	0.1859100893944708	-0.14741850569437567	0.12253255595268861	-0.13496578325531178	0.1524456187847621	-0.08881596707472052	0.09131254802528928	-0.10427567007392542	0.09797577858327268	-0.1304032268310157	0.06536467747003559	-0.1197540599738095	0.06786497351864049	-0.07582471868196267	0.06769140113119057	-0.07617416423526399	0.06068225202329803	-0.07545109121798518	0.06112358241186496	-0.05464814379958073
0.07179708359844152	-0.08784188875756518	0.15862653732953222	-0.10501693663258453	0.10881484171912377	-0.09428474689707844	0.2517622552310163	-0.22996202938958848	0.18389546661444828	-0.0899524312193905	0.12621961645325291	-0.4711644028191675	0.24994982160182724	-0.05653615619248698	0.0647629585656744	-0.6119767356109823	0.9999999999999952	-0.4798868383967479	0.06088009995422369	-0.0474564022524113	0.14071842009277513	-0.15889045601266258	0.13274489587674837	-0.06679906145691644	0.06427454807381726	-0.12004492069243032	0.09079150618403002	-0.07723909616915817	0.08033612482485858	-0.09273860886020956	0.05196319681516974	-0.05425339599552497	0.06153061953154671	-0.058333806304317615	0.0764712428650379	-0.03849183303364673	0.06967847383248185	-0.03998350124830016	0.04476037111546918	-0.04008398733886885	0.044331698541721226	-0.035513311192926514	0.044160283810275404	-0.036231709981832984	0.03222893885156333
-0.0855082229049531	0.10233156974958203	-0.2190054785684972	0.14091608435977465	-0.14694525416634133	0.10536906465996435	-0.28102556627867636	0.28755095473818865	-0.25282189225941637	0.11940127151549661	-0.14453897834852858	0.2672837521884656	-0.6352086051086607	0.0757284731781965	-0.07929759164119389	0.27717276011397607	-0.4798868383967479	0.999999999999997	-0.08270707966452372	0.05809599814875167	-0.12140426249818212	0.12472184505539953	-0.1359291949965351	0.07726077600769254	-0.07623939151508745	0.11096789152968269	-0.09437726891980737	0.08091841655129453	-0.09120580782538197	0.10634761240675407	-0.05922562133901108	0.061427392427711544	-0.07023325842325721	0.06639685088425856	-0.0890105181095922	0.04366608028207128	-0.08074802753931244	0.04594650173297792	-0.051477866385933164	0.04605457521536462	-0.051421328123711946	0.04093776246089249	-0.05111525001323755	0.04154084512217181	-0.037175293191847064
0.031749953605795675	-0.042627539983842014	0.08589440429360183	-0.0853031492807829	0.07749663622068698	-0.045356848654490814	0.05479644956897453	-0.072953478562719	0.1663404117805135	-0.09243567988338418	0.04826062722241608	-0.06526262081257954	0.05901276421546367	-0.9261169705255238	0.15846637277822404	-0.10280372352786142	0.06088009995422369	-0.08270707966452372	0.9999999999999963	-0.18727139129895903	0.05097436920562991	-0.055962667940491324	0.06285243991754753	-0.12959272883560644	0.12443203134827051	-0.058883054453811756	0.055809170777770464	-0.052180518057441484	0.08095431779730335	-0.1000089464801397	0.03777315110888654	-0.0433698032180063	0.049613699539176756	-0.05319890683631213	0.06699335854162682	-0.028406334690021753	0.05295056148036003	-0.03293835359786856	0.039131264367994946	-0.035398987662511254	0.03377590785808777	-0.027462754370081152	0.03568148422046141	-0.03187622478579196	0.02808092740248446
-0.02421624868361269	0.03122684739857002	-0.06156794333958175	0.04902511109935422	-0.05783940145810198	0.03483612918418553	-0.040361351710334135	0.04920958999682033	-0.09403227748682695	0.058882445743285675	-0.03982947310949369	0.04786260667497484	-0.041828981350711655	0.15000358057412697	-0.7918830407622723	0.08019509249310869	-0.0474564022524113	0.05809599814875167	-0.18727139129895903	0.9999999999999969	-0.06072794241647088	0.06934132345967849	-0.08646075881617517	0.2368737706847419	-0.4658822561239857	0.07450151426404938	-0.08271407615063313	0.07989217518869694	-0.13922954690408063	0.18474517018787717	-0.05707035208894665	0.0691587867878372	-0.0793154656132229	0.08946006486222603	-0.11008831100980211	0.04326831712961759	-0.08135781584975997	0.05280316672531716	-0.06445480660263399	0.05867613081446054	-0.05184065498774046	0.04258951006908774	-0.05651159717292775	0.0527817658456739	-0.046166445822073486
0.04197891284463717	-0.05141606363943084	0.09682695046693886	-0.06489712516646902	0.0725406763591538	-0.058361581451510824	0.08859282898532882	-0.09094668740099975	0.120339624257417	-0.059770345724589516	0.07632733925213764	-0.10598178123465876	0.08867909713708799	-0.047664101887337516	0.08164667005249789	-0.25903820483958623	0.14071842009277513	-0.12140426249818212	0.05097436920562991	-0.06072794241647088	0.9999999999999959	-0.5468908929836608	0.2835335686378261	-0.10969964677589682	0.09336471050096605	-0.6782720164393798	0.22477075784577705	-0.1889521991618814	0.14052361950535833	-0.15271548778393848	0.09541366875408362	-0.09795258588806167	0.10524148516987207	-0.10141376650541607	0.11759849292486706	-0.07276650944135558	0.11111326670038942	-0.06636097056883247	0.0736039568115933	-0.06623383021761553	0.0706100335446567	-0.05875646030869143	0.0703597389144468	-0.060574725315074796	0.05213204073958081
-0.043841835382645376	0.05354230500669947	-0.10232457714700732	0.06857467081864672	-0.07699622557710815	0.06041676385716998	-0.0929055227716182	0.09362931405245226	-0.12774434090739237	0.06346179770884956	-0.07929914902302564	0.1082697934820241	-0.09354486112195634	0.05218007980238329	-0.0940007124945518	0.19340133825862696	-0.15889045601266258	0.12472184505539953	-0.055962667940491324	0.06934132345967849	-0.5468908929836608	0.9999999999999953	-0.6629197042338464	0.12810978902904857	-0.1098856286647316	0.2974665326855461	-0.27406171740114904	0.22351054090280495	-0.16872119643464129	0.16450882524309574	-0.09476277663907166	0.10726152432960971	-0.12045321373875569	0.11525045460263751	-0.1337343035152137	0.07112930696225458	-0.12252079388781344	0.07366141252115802	-0.08343862195334528	0.07432995233215521	-0.076950059887183	0.06337291639270956	-0.07866793901230953	0.06784229078705611	-0.058804101006524265
0.04512556073608602	-0.05621304689869642	0.101493081027832	-0.06935200500795241	0.07757977036954553	-0.06432696748129695	0.09060825713155143	-0.09864180384324088	0.1275479351063348	-0.06553998845237399	0.08017756750252011	-0.11066118007307336	0.09371367853810449	-0.05954980299976539	0.1129184291946247	-0.2002240798052493	0.13274489587674837	-0.1359291949965351	0.06285243991754753	-0.08646075881617517	0.2835335686378261	-0.6629197042338464	0.9999999999999954	-0.18233538061290178	0.13703970190200526	-0.36576912102839143	0.27826338767834474	-0.4045536946438862	0.21071694982961536	-0.22738859260057134	0.11012858184721498	-0.13595137742300542	0.14845149681410472	-0.14984824482511977	0.16278488482957543	-0.08499426953621571	0.14354711342529272	-0.09143671616617705	0.10393197733683056	-0.09429574615750433	0.09062741910438714	-0.0761129172936087	0.09515420777594029	-0.08640360071999353	0.07330067200658633
-0.03192106685053391	0.04045430652354483	-0.07765678704581806	0.0571792305497289	-0.06580715253154083	0.0458757176629239	-0.05424343756689412	0.06347115928022615	-0.10923211888062807	0.060845963499430056	-0.05450295575141037	0.0642202594295646	-0.05576484781814927	0.11159523045811973	-0.30749908196612813	0.1107453951532184	-0.06679906145691644	0.07726077600769254	-0.12959272883560644	0.2368737706847419	-0.10969964677589682	0.12810978902904857	-0.18233538061290178	0.9999999999999962	-0.6650971191099128	0.1352012887658289	-0.17894870654251957	0.1781050237509099	-0.46737337947653906	0.267766935149898	-0.10323110470343759	0.1335105668914653	-0.1621432174491991	0.19500333898422031	-0.2127285644547233	0.07880038935978124	-0.148974972935543	0.10080077021773423	-0.13230626843552415	0.11369246330684156	-0.0935333842144085	0.07784161610054693	-0.10656054696241249	0.10277229521500438	-0.09003062034579082
0.03154061908265011	-0.04027018475528897	0.07479120109036932	-0.055913304412735426	0.06404845723382671	-0.045977646737976635	0.05281098139084797	-0.06263148765842746	0.10506910742926379	-0.06073916810106665	0.05373071129782948	-0.06316032965032661	0.05432613086532517	-0.12212364750816833	0.2914392901570073	-0.10886524521357466	0.06427454807381726	-0.07623939151508745	0.12443203134827051	-0.4658822561239857	0.09336471050096605	-0.1098856286647316	0.13703970190200526	-0.6650971191099128	0.9999999999999946	-0.11803448493671279	0.13240274602355587	-0.13584674306943703	0.23906431021192115	-0.34610757851052754	0.0900059765458982	-0.11435692945851988	0.12921140736012265	-0.15604692213159208	0.17833625623737304	-0.06886481501842877	0.12852322162931173	-0.08642775893374574	0.10670149845220832	-0.09811112641231293	0.0819281918713299	-0.06804624000767656	0.09091711891651806	-0.08859181977877598	0.07608891427022434
-0.04409529557095492	0.0537621075101118	-0.1047709311829721	0.0702475748371243	-0.07991571289719403	0.06099923013538329	-0.08439519311297328	0.08791246587555354	-0.13233352397890277	0.06556376014474513	-0.08036294962656114	0.09592795263144954	-0.08477043493514541	0.05482713643881779	-0.10158683106458154	0.1859100893944708	-0.12004492069243032	0.11096789152968269	-0.058883054453811756	0.07450151426404938	-0.6782720164393798	0.2974665326855461	-0.36576912102839143	0.1352012887658289	-0.11803448493671279	0.9999999999999937	-0.42514484899051536	0.24173093714968127	-0.1899860373807445	0.18155398384308946	-0.1427270540447984	0.13029282496254196	-0.1419095193769311	0.13177673752315242	-0.15234256152086584	0.10050235195874413	-0.15237508895015375	0.08710341435158857	-0.09609864990382333	0.08514947321508783	-0.09596712570034809	0.07897620298015334	-0.09312859461761741	0.07795291846011461	-0.0674608051216253
0.03555050039397564	-0.044362590576915224	0.08091561149630182	-0.055629471502171325	0.06300685095655213	-0.051032428920376356	0.06620095634995699	-0.07307089487982922	0.1033643267918896	-0.05351986020437118	0.06319543345684268	-0.07936844912514887	0.06743792033335512	-0.053092570810226475	0.10685349717569313	-0.14741850569437567	0.09079150618403002	-0.09437726891980737	0.055809170777770464	-0.08271407615063313	0.22477075784577705	-0.27406171740114904	0.27826338767834474	-0.17894870654251957	0.13240274602355587	-0.42514484899051536	0.9999999999999939	-0.7084091419911643	0.24451492687506624	-0.23163888303194838	0.11476159817629501	-0.17425794656969737	0.17575309594000899	-0.17524970718642252	0.16803783052897367	-0.09000861096436143	0.15223107352832713	-0.09966087304909818	0.11340533984226789	-0.10225125054017523	0.09345304820557668	-0.08039431185377371	0.10068645037424423	-0.09454607581333523	0.07839400248464261
-0.030911629018315616	0.038509862289183135	-0.07129950250265925	0.049114165067760146	-0.05582636513059548	0.04416737205828007	-0.05696506336748345	0.06287601558933503	-0.09172280035340809	0.047518041184199486	-0.05489530556313789	0.06759253188108867	-0.05830319805797209	0.04921459563916314	-0.10451470445568503	0.12253255595268861	-0.07723909616915817	0.08091841655129453	-0.052180518057441484	0.07989217518869694	-0.1889521991618814	0.22351054090280495	-0.4045536946438862	0.1781050237509099	-0.13584674306943703	0.24173093714968127	-0.7084091419911643	0.9999999999999918	-0.3868470175479209	0.20682416287256286	-0.10579759137935414	0.1595301591003565	-0.21031996607412445	0.18653125466305936	-0.16985492941817523	0.08197020968706002	-0.14752668838508645	0.09805164084266732	-0.11760946993776078	0.1009086340334391	-0.0891263203454179	0.07620126877401845	-0.09963463059863244	0.09319993554715031	-0.0781612631200749
0.03668436440679736	-0.046300365045133594	0.08423226658760233	-0.05949491744910834	0.06798753456480708	-0.05344963340424996	0.06328739707246411	-0.07283377938461806	0.11125605982262235	-0.05973203790576504	0.06411559140430731	-0.07596392099236919	0.0647741626389047	-0.07759447607040623	0.16864446368946714	-0.13496578325531178	0.08033612482485858	-0.09120580782538197	0.08095431779730335	-0.13922954690408063	0.14052361950535833	-0.16872119643464129	0.21071694982961536	-0.46737337947653906	0.23906431021192115	-0.1899860373807445	0.24451492687506624	-0.3868470175479209	0.9999999999999923	-0.369973855303984	0.13207389578095335	-0.20830562250041054	0.23751559632417854	-0.46971300276645533	0.26494012796703276	-0.10445593870738265	0.1906421640798542	-0.1476788867879084	0.19967501677705804	-0.1747764649205278	0.11953968607848771	-0.10370920705837675	0.1439696348085951	-0.16341370024622187	0.12909381830852534
-0.04745819700218277	0.05914093404935808	-0.11641971920103934	0.08127430066400819	-0.09554985570606542	0.06730625569253092	-0.07691343102821005	0.08869088158390988	-0.15528090223308189	0.08196581584092287	-0.08302731771125724	0.08945068815506642	-0.07844418311673129	0.09282693863799277	-0.2767328123842743	0.1524456187847621	-0.09273860886020956	0.10634761240675407	-0.1000089464801397	0.18474517018787717	-0.15271548778393848	0.16450882524309574	-0.22738859260057134	0.267766935149898	-0.34610757851052754	0.18155398384308946	-0.23163888303194838	0.20682416287256286	-0.369973855303984	0.999999999999993	-0.19576192537359688	0.21533309275435739	-0.257953817181913	0.2679771760189763	-0.5105591538688059	0.1451117173871884	-0.28305809690290956	0.1752230227695478	-0.21966084499151992	0.20352555078576332	-0.1821420941428828	0.14539261234941767	-0.19725240195628274	0.17302906049088088	-0.166918989663562
0.024424611588357893	-0.030798344833539337	0.05475645418609651	-0.03786561924887787	0.04339892991979482	-0.035938887575137635	0.041249941178131	-0.047375834949316485	0.070535781082823	-0.036966713977194844	0.043139533568960546	-0.0495423065114005	0.042049484033596665	-0.03588373259076642	0.07693163633275256	-0.08881596707472052	0.05196319681516974	-0.05922562133901108	0.03777315110888654	-0.05707035208894665	0.09541366875408362	-0.09476277663907166	0.11012858184721498	-0.10323110470343759	0.0900059765458982	-0.1427270540447984	0.11476159817629501	-0.10579759137935414	0.13207389578095335	-0.19576192537359688	0.9999999999999928	-0.27773373262592904	0.1727403220626829	-0.1429575883118645	0.14652486021893638	-0.816340219563895	0.2807771837439066	-0.13456437813897443	0.10778253699578873	-0.09783843712406802	0.20325968707884057	-0.19549652858552471	0.12984334418845656	-0.09319725317081864	0.0747271513481034
-0.0252587246609244	0.031797541533356184	-0.05743637620979027	0.03989586016717317	-0.04579655108151615	0.036914366366109605	-0.042934034555613725	0.04918443581613674	-0.07457006902909961	0.039261886950770736	-0.04451014325361181	0.0513490096410133	-0.04382376686181014	0.041091587824159344	-0.09329016829151811	0.09131254802528928	-0.05425339599552497	0.061427392427711544	-0.0433698032180063	0.0691587867878372	-0.09795258588806167	0.10726152432960971	-0.13595137742300542	0.1335105668914653	-0.11435692945851988	0.13029282496254196	-0.17425794656969737	0.1595301591003565	-0.20830562250041054	0.21533309275435739	-0.27773373262592904	0.9999999999999913	-0.6563737841569114	0.24467919426223061	-0.22404430013755708	0.2048456607813406	-0.506860144249101	0.18064705091813693	-0.17075387134502462	0.1372947487807404	-0.18801495046529593	0.1702326159448788	-0.18113746500073571	0.12942470340012796	-0.10819722414586531
0.028757014524215006	-0.036277736476930236	0.06496774138306317	-0.04521404565007761	0.05182999115391639	-0.04219683333794688	0.04879025061718732	-0.05612458126631901	0.08434001103552037	-0.04456399979768003	0.050603518057450725	-0.0586091557325341	0.04983158133303915	-0.0472546854845621	0.10471457783136653	-0.10427567007392542	0.06153061953154671	-0.07023325842325721	0.049613699539176756	-0.0793154656132229	0.10524148516987207	-0.12045321373875569	0.14845149681410472	-0.1621432174491991	0.12921140736012265	-0.1419095193769311	0.17575309594000899	-0.21031996607412445	0.23751559632417854	-0.257953817181913	0.1727403220626829	-0.6563737841569114	0.9999999999999921	-0.4664593286526392	0.24061589368113911	-0.1473675913050946	0.2669917678308743	-0.2266160218247935	0.20479633082952645	-0.16952296112471052	0.14608687946830404	-0.13930314080784797	0.1841809879612833	-0.16222935653874423	0.12589050716024006
-0.027327213195248865	0.03443050605962027	-0.06271771958699777	0.04390038948128093	-0.0504490399789135	0.03984625894824344	-0.046382122413174756	0.053331205348940765	-0.08225211378460076	0.04371558768857021	-0.04794795352544488	0.055427474170066125	-0.04740340090773939	0.05030991772163664	-0.11873639220834718	0.09797577858327268	-0.058333806304317615	0.06639685088425856	-0.05319890683631213	0.08946006486222603	-0.10141376650541607	0.11525045460263751	-0.14984824482511977	0.19500333898422031	-0.15604692213159208	0.13177673752315242	-0.17524970718642252	0.18653125466305936	-0.46971300276645533	0.2679771760189763	-0.1429575883118645	0.24467919426223061	-0.4664593286526392	0.9999999999999897	-0.4332885878914341	0.1127523443040634	-0.2205963940956921	0.18841618207880048	-0.4223980753146186	0.23216775518169658	-0.13213602987284426	0.11612975986618401	-0.18415227235857418	0.2147098066833514	-0.18039205114836968
0.03739885162495385	-0.047232697842359714	0.08502534481333199	-0.05935498129469271	0.06835112875315551	-0.05494752391869078	0.061950682371394554	-0.07189408617233475	0.1110538906180617	-0.05891617359492418	0.06563563600083924	-0.07426109038073771	0.06327555127980268	-0.06399615977998264	0.1458191712873238	-0.1304032268310157	0.0764712428650379	-0.0890105181095922	0.06699335854162682	-0.11008831100980211	0.11759849292486706	-0.1337343035152137	0.16278488482957543	-0.2127285644547233	0.17833625623737304	-0.15234256152086584	0.16803783052897367	-0.16985492941817523	0.26494012796703276	-0.5105591538688059	0.14652486021893638	-0.22404430013755708	0.24061589368113911	-0.4332885878914341	0.9999999999999906	-0.11703243811099669	0.21445520745144675	-0.18837116894633707	0.2726995483066364	-0.4255412627469795	0.13992506962622425	-0.12290921834968202	0.18123658196253473	-0.2629621950896326	0.2245015408380836
-0.018046331228845133	0.022727712611112595	-0.04066750359615283	0.02812211740730353	-0.032253968443578966	0.02647687627798693	-0.030526643127570224	0.034976297886514046	-0.052459652588826296	0.02747299928475293	-0.03188428998426605	0.03655077635224742	-0.031115205207313174	0.026955016894496128	-0.05846355290224559	0.06536467747003559	-0.03849183303364673	0.04366608028207128	-0.028406334690021753	0.04326831712961759	-0.07276650944135558	0.07112930696225458	-0.08499426953621571	0.07880038935978124	-0.06886481501842877	0.10050235195874413	-0.09000861096436143	0.08197020968706002	-0.10445593870738265	0.1451117173871884	-0.816340219563895	0.2048456607813406	-0.1473675913050946	0.1127523443040634	-0.11703243811099669	0.9999999999999897	-0.3997502287898973	0.12073612419810013	-0.08925399460092637	0.07863549222034519	-0.27874937145290574	0.20043816956698124	-0.12261217210489442	0.07557142954920458	-0.06079669283558792
0.0334915321413447	-0.04233579757241648	0.07481340520674193	-0.0518913763944969	0.05953026007222137	-0.04949658201343426	0.05591314230329489	-0.06470295184650236	0.09661926009988363	-0.05089510456506029	0.05900906107699756	-0.06737184734314387	0.057065591136420006	-0.050397581712615096	0.10927633485392978	-0.1197540599738095	0.06967847383248185	-0.08074802753931244	0.05295056148036003	-0.08135781584975997	0.11111326670038942	-0.12252079388781344	0.14354711342529272	-0.148974972935543	0.12852322162931173	-0.15237508895015375	0.15223107352832713	-0.14752668838508645	0.1906421640798542	-0.28305809690290956	0.2807771837439066	-0.506860144249101	0.2669917678308743	-0.2205963940956921	0.21445520745144675	-0.3997502287898973	0.9999999999999905	-0.24614691188519955	0.1668605430827956	-0.14913361865948105	0.26495229610094595	-0.35713691955270044	0.21240708404085468	-0.14359012585966682	0.1132563336977572
-0.019095163679187392	0.024082276690695487	-0.043316712360718795	0.030136224726926345	-0.03464169797648821	0.028010366842125427	-0.032024355396869736	0.03693295398580987	-0.056332198307049636	0.02974097987631729	-0.03359669276892066	0.03836882761039741	-0.032695807699854446	0.031269588609840235	-0.07113845479624717	0.06786497351864049	-0.03998350124830016	0.04594650173297792	-0.03293835359786856	0.05280316672531716	-0.06636097056883247	0.07366141252115802	-0.09143671616617705	0.10080077021773423	-0.08642775893374574	0.08710341435158857	-0.09966087304909818	0.09805164084266732	-0.1476788867879084	0.1752230227695478	-0.13456437813897443	0.18064705091813693	-0.2266160218247935	0.18841618207880048	-0.18837116894633707	0.12073612419810013	-0.24614691188519955	0.99999999999999	-0.3139465722310874	0.17476713720644596	-0.2068199042166038	0.19785486496767885	-0.8163659443678519	0.18789509641412466	-0.14430178900675888
0.021366280266248025	-0.026953473478615937	0.048687363822090234	-0.03399749923874034	0.03908664403130617	-0.03129557410244379	0.035873706171122975	-0.041416291146160744	0.06360556982883887	-0.03373514314434201	0.03751751576269181	-0.042964405639635474	0.03664630365981913	-0.037243210765388	0.08547057813764442	-0.07582471868196267	0.04476037111546918	-0.051477866385933164	0.039131264367994946	-0.06445480660263399	0.0736039568115933	-0.08343862195334528	0.10393197733683056	-0.13230626843552415	0.10670149845220832	-0.09609864990382333	0.11340533984226789	-0.11760946993776078	0.19967501677705804	-0.21966084499151992	0.10778253699578873	-0.17075387134502462	0.20479633082952645	-0.4223980753146186	0.2726995483066364	-0.08925399460092637	0.1668605430827956	-0.3139465722310874	0.9999999999999892	-0.4900420643099765	0.11739015129136862	-0.10873976867483415	0.22494368426382563	-0.5468888281163808	0.2946508681828618
-0.019231411237809484	0.02423530988563636	-0.04406133834944622	0.030752753437662046	-0.03542213861734557	0.028102383942688918	-0.03220180208470319	0.037153353098470336	-0.057636986341447365	0.03053880308175618	-0.03377148569135386	0.0384652511356022	-0.03288959005424356	0.03357702305538992	-0.07927556057066648	0.06769140113119057	-0.04008398733886885	0.04605457521536462	-0.035398987662511254	0.05867613081446054	-0.06623383021761553	0.07432995233215521	-0.09429574615750433	0.11369246330684156	-0.09811112641231293	0.08514947321508783	-0.10225125054017523	0.1009086340334391	-0.1747764649205278	0.20352555078576332	-0.09783843712406802	0.1372947487807404	-0.16952296112471052	0.23216775518169658	-0.4255412627469795	0.07863549222034519	-0.14913361865948105	0.17476713720644596	-0.4900420643099765	0.9999999999999888	-0.10554617915850095	0.09269933665450443	-0.18585645463120753	0.32254699041104407	-0.62530580126843
0.02140637940079814	-0.027053208721255342	0.04787599784748644	-0.03319680612020433	0.03810908284628629	-0.031626336649956725	0.035645995972545114	-0.04126003034939642	0.06184658478889587	-0.03255817124195143	0.03772221471683658	-0.042914068574138195	0.036375902669698035	-0.032120308643864934	0.06994211565140662	-0.07617416423526399	0.044331698541721226	-0.051421328123711946	0.03377590785808777	-0.05184065498774046	0.0706100335446567	-0.076950059887183	0.09062741910438714	-0.0935333842144085	0.0819281918713299	-0.09596712570034809	0.09345304820557668	-0.0891263203454179	0.11953968607848771	-0.1821420941428828	0.20325968707884057	-0.18801495046529593	0.14608687946830404	-0.13213602987284426	0.13992506962622425	-0.27874937145290574	0.26495229610094595	-0.2068199042166038	0.11739015129136862	-0.10554617915850095	0.9999999999999895	-0.8242044518467937	0.2056384042658104	-0.10503325123533482	0.0803327555337024
-0.01702107968199066	0.021484618856288617	-0.03827478224026651	0.026546842515601157	-0.030485329057366922	0.02506603527650764	-0.02846547722283574	0.03285877469041375	-0.04951842122893528	0.026058631389990445	-0.029996529857857113	0.03418844470367155	-0.029046377382230378	0.026088622060397904	-0.057548984764983914	0.06068225202329803	-0.035513311192926514	0.04093776246089249	-0.027462754370081152	0.04258951006908774	-0.05875646030869143	0.06337291639270956	-0.0761129172936087	0.07784161610054693	-0.06804624000767656	0.07897620298015334	-0.08039431185377371	0.07620126877401845	-0.10370920705837675	0.14539261234941767	-0.19549652858552471	0.1702326159448788	-0.13930314080784797	0.11612975986618401	-0.12290921834968202	0.20043816956698124	-0.35713691955270044	0.19785486496767885	-0.10873976867483415	0.09269933665450443	-0.8242044518467937	0.9999999999999905	-0.2834771310242997	0.09370943110446561	-0.0725772707822398
0.02128217293094382	-0.02687918901405907	0.047959391339194746	-0.033350006703854365	0.03831838747988978	-0.031341125724672236	0.035504416211091114	-0.04107540967996027	0.06224435914334708	-0.03287041969122966	0.037445758602165494	-0.042654353538561014	0.03624874398385057	-0.03395234020471058	0.07578143937880563	-0.07545109121798518	0.044160283810275404	-0.05111525001323755	0.03568148422046141	-0.05651159717292775	0.0703597389144468	-0.07866793901230953	0.09515420777594029	-0.10656054696241249	0.09091711891651806	-0.09312859461761741	0.10068645037424423	-0.09963463059863244	0.1439696348085951	-0.19725240195628274	0.12984334418845656	-0.18113746500073571	0.1841809879612833	-0.18415227235857418	0.18123658196253473	-0.12261217210489442	0.21240708404085468	-0.8163659443678519	0.22494368426382563	-0.18585645463120753	0.2056384042658104	-0.2834771310242997	0.9999999999999913	-0.21371456599296973	0.14174471123993204
