1.0	-0.08754628739141798	0.05747992248032274	-0.039059572156546624	0.03638147473472679	-0.9909166288794617	0.07138929669211524	-0.05108090096457741	0.029361086722746593	-0.02610650834477244	0.03820291952924837	-0.03673519852646331	0.0387159008114077	-0.03227252013621658	0.02592652305378291	-0.034150015657833925	0.03428545277533656	-0.03342210877866215	0.02555608214826439	-0.02266150347175785	0.012729049225522322	-0.016397468931841075	0.016613073841150627	-0.01783962786827939	0.020109960492176154	-0.009786008465536889	0.015436891740721425	-0.012307468863210762	0.015633804410746216	-0.012868357863978124	0.010993479128210488	-0.02130375189584429	0.01094720191437409	-0.011313126752795465	0.014078337423954554	-0.008706827190139075	0.011010380687976088	-0.009331345585116732	0.010985307004987645	-0.010527592704032303	0.010531794739487696	-0.007567271353891359	0.010792421758036193	-0.01094136607986882	0.00948091347623765
-0.08754628739141798	0.9999999999999998	-0.6129420257860174	0.23138695883424923	-0.21113576307746726	0.08075371306538773	-0.6169959504902907	0.299257686754354	-0.17452735659644733	0.1417649453593644	-0.19716867778042504	0.19759762232341477	-0.21944457301025544	0.16729737328226066	-0.1368180323063109	0.15805903521463655	-0.17768343131084166	0.16681845496437578	-0.13141630831392945	0.11396091591505049	-0.0596202941098982	0.07853129306515085	-0.08009263625199431	0.08521938706479201	-0.09761952049414689	0.04587475508493608	-0.07335952638942997	0.057856630635315764	-0.07399022187572504	0.06152305314004063	-0.05119344371459885	0.09914425668508602	-0.051429689937064545	0.05326819887299254	-0.06683874159551241	0.04057258116178385	-0.05133852597015168	0.04359207327865973	-0.051432306893156726	0.0492657099360898	-0.04893372446318924	0.035223154291506846	-0.05020022378348953	0.0511428902912493	-0.04435015480222865
0.05747992248032274	-0.6129420257860174	0.9999999999999998	-0.4573160362094669	0.2256366239065452	-0.05919117238393782	0.30165721778965726	-0.45356871752774813	0.21048726708538434	-0.17379900546946034	0.16893396872640706	-0.17939713099391694	0.2265969873259371	-0.20587162374841494	0.15224178190120605	-0.1615612963231039	0.16215202804757542	-0.1916957112644995	0.14226982154067613	-0.12990652563767063	0.06271748255716737	-0.0826973213243834	0.0849298568049292	-0.09268704741666282	0.10461944812612543	-0.04851347602574113	0.07697469083070207	-0.062399389480305927	0.07881144834880094	-0.06646010682006875	0.05425996967432603	-0.10836599933339713	0.055118002412493115	-0.05723491237935014	0.07128691315217724	-0.043162791609851064	0.054716319434125284	-0.04664043648693232	0.0549996439777836	-0.05327798714019899	0.05203787803398009	-0.03757829902457629	0.05350214186512396	-0.0550060370348188	0.0475425768104005
-0.039059572156546624	0.23138695883424923	-0.4573160362094669	0.9999999999999996	-0.5170454258009658	0.039098071058896094	-0.21445229067995059	0.23274426410498003	-0.5306207895732516	0.293094402010341	-0.17397900443424918	0.15549645961291456	-0.21769662206670506	0.2592088764238106	-0.223091750466507	0.15654480293809123	-0.1675243698750351	0.18647884425792016	-0.17622274529622864	0.1590952278156086	-0.07085336182714284	0.08977611599285941	-0.09487359985706856	0.10429569849619463	-0.12634019888313072	0.05442551327183748	-0.08573994997335903	0.07158098460533054	-0.09240492950628765	0.07821574607718099	-0.0619807252106615	0.11910743328695778	-0.06353093543078461	0.06627785073198818	-0.08411246814127764	0.04923876510987852	-0.06296125857466692	0.05359260940654547	-0.06360429015870027	0.06121297331434648	-0.05978243999036096	0.043099753543339774	-0.061583207272420296	0.0631944063810192	-0.05498425176887565
0.03638147473472679	-0.21113576307746726	0.2256366239065452	-0.5170454258009658	1.0000000000000004	-0.03766083326737154	0.17596435680903352	-0.2221935825636152	0.31954687368933926	-0.618774129694574	0.1645122507306693	-0.15376828174314444	0.20076412468457216	-0.3064834038220567	0.2469546417306994	-0.1812230443571063	0.16835861669271776	-0.22076621899061927	0.18606833639047485	-0.20115952803464887	0.08388820779469877	-0.10647979823284882	0.11031740606889595	-0.1270735254404384	0.14535789299109472	-0.06501242505195043	0.10110903939609035	-0.0872326498179693	0.10862391721324122	-0.0935288565990948	0.07419117485832132	-0.15179787670358488	0.07649830265741417	-0.07990567320625042	0.0986186705667869	-0.059259888727607714	0.07569662653672136	-0.0647860701027297	0.0764702239563011	-0.07533838074433201	0.07189269095194503	-0.05206281856077643	0.07419509198452752	-0.07708593296805039	0.06646444038810147
-0.9909166288794617	0.08075371306538773	-0.05919117238393782	0.039098071058896094	-0.03766083326737154	1.0000000000000007	-0.07617117535018875	0.05102461203845368	-0.030006367121966297	0.026530227479296176	-0.03975750969623466	0.0374393971246261	-0.039683839870082734	0.03253733605059237	-0.026464309559919772	0.03444157169707636	-0.03531594482735272	0.03365653426568082	-0.026060885302518225	0.02294801450533903	-0.012940479433651626	0.016643123793512852	-0.016889170011118868	0.018072788504141343	-0.02047834611122664	0.009937797460361214	-0.015693351287550773	0.012482081688591176	-0.015902619044848854	0.013072832713742755	-0.011170439230928931	0.021510389696213612	-0.011114193328867747	0.01148535206708549	-0.01432282131809664	0.008841777501456986	-0.01118374959722898	0.009472915306354577	-0.011157101654778406	0.010671532590247118	-0.01069911347367001	0.007683645575839525	-0.010961964315263438	0.01109926960743104	-0.009625362058993454
0.07138929669211524	-0.6169959504902907	0.30165721778965726	-0.21445229067995059	0.17596435680903352	-0.07617117535018875	1.0000000000000007	-0.543895307457548	0.15865322083616126	-0.1390023612088	0.21725677197994675	-0.33066520621196605	0.26043096575458435	-0.18941725103075338	0.14058731678495198	-0.19716223546874856	0.2009303679824438	-0.2089708574233889	0.14303528541807456	-0.12723308510959458	0.06639685332679232	-0.09042900258147421	0.09022810097694167	-0.09677309955010656	0.10623308536707535	-0.05147274505591102	0.08240762398153881	-0.06447043315821287	0.08109948475211028	-0.06784851195621337	0.05670671298426137	-0.11382378994060773	0.05699915427478651	-0.05896024615665616	0.07309542349380722	-0.045064021347737904	0.05674178022699298	-0.04831496148713531	0.05679055794947972	-0.054824317469390885	0.054053918658467606	-0.039012956560248356	0.05544385563595322	-0.05679734350977868	0.04899421765977667
-0.05108090096457741	0.299257686754354	-0.45356871752774813	0.23274426410498003	-0.2221935825636152	0.05102461203845368	-0.543895307457548	1.0000000000000002	-0.21275429685045852	0.16391934716587792	-0.23134184242626807	0.2455334646853676	-0.506894430065061	0.21754867061860214	-0.17091161661602622	0.1883762585021692	-0.21418111813216384	0.2312316111784558	-0.17443642184120087	0.1435514418177302	-0.07119177736226931	0.09544905293273451	-0.0992556429556879	0.10440953163423738	-0.11960048457262279	0.05489509916719179	-0.08850180634295837	0.06953903691890664	-0.08901154742387238	0.07467722249065761	-0.060952776956162066	0.11890811653582109	-0.06168574031854032	0.06399010554131153	-0.08056333025678578	0.04836357624994477	-0.06120876207594836	0.052076307636722344	-0.061497128487199106	0.059007832439428025	-0.058199733909891756	0.041965399699140565	-0.05976410017868712	0.061164713212950556	-0.05300685795697088
0.029361086722746593	-0.17452735659644733	0.21048726708538434	-0.5306207895732516	0.31954687368933926	-0.030006367121966297	0.15865322083616126	-0.21275429685045852	1.0000000000000002	-0.5686244558637158	0.14099647653193081	-0.1334568062534953	0.19483411311671148	-0.4638097265351881	0.252607922859506	-0.13781391110441404	0.14082618257201718	-0.18148254814106274	0.17267851646911997	-0.17343434942808725	0.06265722948828926	-0.0811286378862506	0.08608988003269516	-0.09747641974548522	0.11785244580995503	-0.048444741550468795	0.07654520552228947	-0.06512079797579508	0.08314118911450402	-0.07278532370010889	0.054880025755038454	-0.10901793155348	0.05727835975737032	-0.06012098276878972	0.07605257819614092	-0.043803445624996856	0.05608144080435468	-0.048039618107532614	0.057038134839845725	-0.05565536396966249	0.052991675646028635	-0.03840522410761139	0.05475696643723256	-0.05702669419916566	0.04940243879597356
-0.02610650834477244	0.1417649453593644	-0.17379900546946034	0.293094402010341	-0.618774129694574	0.026530227479296176	-0.1390023612088	0.16391934716587792	-0.5686244558637158	0.9999999999999997	-0.13629890247249604	0.12224091171091804	-0.17443992252022297	0.2830144729979027	-0.3723583965608654	0.13306364350445296	-0.13764790221424297	0.1736624285908386	-0.18416874258154603	0.1901060646415002	-0.06460248370930392	0.08246184559978309	-0.08868689431207889	0.10110177512363816	-0.12856693918912485	0.04985905019079646	-0.07854612656285821	0.06798670294664413	-0.08777482420094222	0.07734201811815519	-0.05687024071478786	0.1117431780231726	-0.05988429115471009	0.06306278772017317	-0.0807388961023344	0.04541385026074358	-0.0584006228933048	0.05005392120727775	-0.059642123287106184	0.05809297705658419	-0.05507309181947446	0.03992438300853984	-0.057000232680341364	0.0594650802051164	-0.05164920894529933
0.03820291952924837	-0.19716867778042504	0.16893396872640706	-0.17397900443424918	0.1645122507306693	-0.03975750969623466	0.21725677197994675	-0.23134184242626807	0.14099647653193081	-0.13629890247249604	0.9999999999999999	-0.6097222988677002	0.25663397325723336	-0.20470922881527026	0.15361478533493686	-0.5784637238583232	0.32295919600739237	-0.2544731194186823	0.166738820373616	-0.1504658181004922	0.10029373366123916	-0.13348606075864722	0.12510416222142867	-0.13309837700712615	0.13898449593815196	-0.0775098828329156	0.12055493750323451	-0.09035087338913483	0.11197383475668908	-0.09118545823223893	0.08315331391182398	-0.16581238300107062	0.08021959854766653	-0.0821793549888666	0.09997476271824426	-0.06587665052862504	0.0814507759246157	-0.0689802867432133	0.08024582458322128	-0.07696954161819347	0.07834674647417214	-0.056327646301077096	0.0797545759912821	-0.08045051624868046	0.06907126282309382
-0.03673519852646331	0.19759762232341477	-0.17939713099391694	0.15549645961291456	-0.15376828174314444	0.0374393971246261	-0.33066520621196605	0.2455334646853676	-0.1334568062534953	0.12224091171091804	-0.6097222988677002	0.9999999999999998	-0.4147247010793153	0.18532808092142872	-0.14354637308202076	0.30660151022358145	-0.479890455934503	0.23527638258891476	-0.15866216624428028	0.13275422935225548	-0.08131901693217548	0.11982607694723339	-0.1114628485214204	0.11237443582859975	-0.1201214042830813	0.06292899484881533	-0.10513457023117345	0.073788358635486	-0.09309140373098442	0.07653331095163386	-0.06705359978347254	0.13215309898096955	-0.06561035789622888	0.0673559920568507	-0.08342203638729002	0.05300510023215545	-0.0657886039756316	0.05579007334701034	-0.06523348595507851	0.06216361898060182	-0.06292577138408374	0.04528900662280486	-0.0641648251556032	0.06499675784952524	-0.05597396433457309
0.0387159008114077	-0.21944457301025544	0.2265969873259371	-0.21769662206670506	0.20076412468457216	-0.039683839870082734	0.26043096575458435	-0.506894430065061	0.19483411311671148	-0.17443992252022297	0.25663397325723336	-0.4147247010793153	1.0000000000000013	-0.35778705893717316	0.21013242983082364	-0.24357796582363164	0.25401062052521833	-0.4750978177392319	0.23429617677103204	-0.19724702661458016	0.08655781825679842	-0.12238549081356366	0.1280579541363475	-0.1355649647678294	0.1475592672997177	-0.06740365299245496	0.10935479710700022	-0.0859962967978222	0.10823508276017732	-0.09291721606652745	0.07380348100752143	-0.150221149419355	0.07556888667972422	-0.07855402362587899	0.09795377310407924	-0.05881515439669651	0.07422350928918642	-0.06349680540525879	0.07481758078894485	-0.07260331844143236	0.0703203969063298	-0.05094727762811212	0.07232356099827357	-0.07489703082997698	0.06451666346562744
-0.03227252013621658	0.16729737328226066	-0.20587162374841494	0.2592088764238106	-0.3064834038220567	0.03253733605059237	-0.18941725103075338	0.21754867061860214	-0.4638097265351881	0.2830144729979027	-0.20470922881527026	0.18532808092142872	-0.35778705893717316	0.9999999999999971	-0.5458598655564187	0.1808900528289945	-0.2034381304251811	0.257637330457489	-0.32286910259992874	0.2659525869166678	-0.08551692171569268	0.11164363086128617	-0.12222510666704438	0.13647790317619685	-0.17785029285322387	0.06596432445302838	-0.10551567214157746	0.08969261677318535	-0.11748272087698412	0.10426895201074703	-0.07458935081213426	0.14452731471110553	-0.07914368837249246	0.083509385473243	-0.10849113761777487	0.059546149053993816	-0.07659698807440693	0.0657056288241597	-0.07853701271037786	0.07604394775874539	-0.07197593542672917	0.052224756249623736	-0.07454183627638637	0.0779223138414043	-0.06785052103462434
0.02592652305378291	-0.1368180323063109	0.15224178190120605	-0.223091750466507	0.2469546417306994	-0.026464309559919772	0.14058731678495198	-0.17091161661602622	0.252607922859506	-0.3723583965608654	0.15361478533493686	-0.14354637308202076	0.21013242983082364	-0.5458598655564187	1.0	-0.16097359132975342	0.16293763867801164	-0.2618785337197568	0.2800481432712346	-0.5608594349518815	0.08199144041369658	-0.11018514135314929	0.11991504859927073	-0.14866938082233766	0.1910752347002575	-0.0640524627182068	0.10209452921669503	-0.09216127968152456	0.11671729645297135	-0.11573364049369794	0.07220702463451048	-0.14912158547952145	0.07942185259954986	-0.08539483994200806	0.10880732058190035	-0.058220561691917305	0.0751583674125193	-0.06539338762431075	0.07813755687033436	-0.07835136606210091	0.0700102826381197	-0.05135872067077667	0.07299551298581597	-0.07883766366975886	0.06784979276305955
-0.034150015657833925	0.15805903521463655	-0.1615612963231039	0.15654480293809123	-0.1812230443571063	0.03444157169707636	-0.19716223546874856	0.1883762585021692	-0.13781391110441404	0.13306364350445296	-0.5784637238583232	0.30660151022358145	-0.24357796582363164	0.1808900528289945	-0.16097359132975342	0.9999999999999978	-0.6271691177872496	0.231195477251281	-0.17958193524824964	0.14912592188651735	-0.1374044755075997	0.16651143847264588	-0.155031160605009	0.15008394608852155	-0.1649871300295219	0.1004154948438357	-0.15755433140708108	0.10563107062361475	-0.13637076006757054	0.10645133265992578	-0.10671392182468634	0.18127144782675692	-0.09603335383422676	0.09758248684186892	-0.12097970788173966	0.08273858141969098	-0.10086305240900734	0.08390964290094341	-0.09733628655721613	0.0894976837516035	-0.09844303300935682	0.069681277699745	-0.098929155545229	0.09574305802720148	-0.08290746501344863
0.03428545277533656	-0.17768343131084166	0.16215202804757542	-0.1675243698750351	0.16835861669271776	-0.03531594482735272	0.2009303679824438	-0.21418111813216384	0.14082618257201718	-0.13764790221424297	0.32295919600739237	-0.479890455934503	0.25401062052521833	-0.2034381304251811	0.16293763867801164	-0.6271691177872496	0.9999999999999974	-0.3291844210105737	0.19063110112918008	-0.16542448401285753	0.12290018221235478	-0.23070150167718917	0.16755203702781252	-0.16730334386363407	0.16192048367949088	-0.0971220973476031	0.16569396364858344	-0.105604158064234	0.13042606647132063	-0.10557991173421367	0.09815852668383816	-0.2024791599708186	0.09379829789763917	-0.0952732941136216	0.1157259118719001	-0.07768323291150038	0.09441582597509679	-0.08004729878753311	0.09262155805398137	-0.08785067727039055	0.09057537216539127	-0.06526955775512003	0.09184118660196097	-0.09259513224830415	0.07906948802119053
-0.03342210877866215	0.16681845496437578	-0.1916957112644995	0.18647884425792016	-0.22076621899061927	0.03365653426568082	-0.2089708574233889	0.2312316111784558	-0.18148254814106274	0.1736624285908386	-0.2544731194186823	0.23527638258891476	-0.4750978177392319	0.257637330457489	-0.2618785337197568	0.231195477251281	-0.3291844210105737	0.9999999999999983	-0.5679739120339059	0.26248068359512156	-0.10599867479055333	0.1546641449277022	-0.2024320139998429	0.17863044495300093	-0.2036348235330602	0.08208405627194244	-0.13937927828315358	0.10624813545174418	-0.13865110080515944	0.11970456264249651	-0.08956185300710771	0.174463857060884	-0.09372164314347592	0.09771536733854509	-0.12626600467437718	0.07120135911148852	-0.09045643102411134	0.07744498977797465	-0.09207591800017614	0.08803629843299936	-0.08505518086004964	0.06165253629909946	-0.0876888052922907	0.0910300289757552	-0.07898027668022416
0.02555608214826439	-0.13141630831392945	0.14226982154067613	-0.17622274529622864	0.18606833639047485	-0.026060885302518225	0.14303528541807456	-0.17443642184120087	0.17267851646911997	-0.18416874258154603	0.166738820373616	-0.15866216624428028	0.23429617677103204	-0.32286910259992874	0.2800481432712346	-0.17958193524824964	0.19063110112918008	-0.5679739120339059	1.0000000000000002	-0.5929348128639771	0.09013316116263409	-0.12820591431245182	0.1465012854819226	-0.17856035981858764	0.2072427274032156	-0.07071137741226804	0.11526311239660829	-0.10053831792810669	0.12711748123566324	-0.1255836469648115	0.07840357655836694	-0.16317676301033274	0.08637046813200293	-0.09264598071847314	0.11783731324256748	-0.0632150484899124	0.0812665045821841	-0.07078747758705736	0.08447508963234654	-0.08444905866593065	0.07556169821588715	-0.05549757298950368	0.07873087075817113	-0.08515971886198453	0.07312999352926246
-0.02266150347175785	0.11396091591505049	-0.12990652563767063	0.1590952278156086	-0.20115952803464887	0.02294801450533903	-0.12723308510959458	0.1435514418177302	-0.17343434942808725	0.1901060646415002	-0.1504658181004922	0.13275422935225548	-0.19724702661458016	0.2659525869166678	-0.5608594349518815	0.14912592188651735	-0.16542448401285753	0.26248068359512156	-0.5929348128639771	1.0000000000000018	-0.08543246799349606	0.11577711055893461	-0.1354946143023071	0.17007515498695203	-0.32906689046694504	0.06668028286562401	-0.10803433135211699	0.10107784602208729	-0.13597671345212806	0.14433478510416242	-0.07531293213232712	0.1514510282758661	-0.08732668662537779	0.09574483331320072	-0.1317439260412454	0.06098984908152125	-0.07980422218223508	0.07000132327303694	-0.08504154410560447	0.08460484621634556	-0.07323451298894827	0.054050527450744124	-0.07696838564988723	0.08465635208232751	-0.07340781678483542
0.012729049225522322	-0.0596202941098982	0.06271748255716737	-0.07085336182714284	0.08388820779469877	-0.012940479433651626	0.06639685332679232	-0.07119177736226931	0.06265722948828926	-0.06460248370930392	0.10029373366123916	-0.08131901693217548	0.08655781825679842	-0.08551692171569268	0.08199144041369658	-0.1374044755075997	0.12290018221235478	-0.10599867479055333	0.09013316116263409	-0.08543246799349606	1.0000000000000009	-0.23197328224539904	0.15388529552443583	-0.16215760613747715	0.14074722984417148	-0.7767902803355607	0.23748418727614212	-0.13460221324895047	0.1442820284192873	-0.1063352106143873	0.2632568575039328	-0.28676604548844875	0.12126688885494305	-0.1200680951902738	0.12574993736376994	-0.2288513495092726	0.15452852184632	-0.1323688795257485	0.12685847866908737	-0.11644589018366217	0.16421850939268176	-0.1260346425949047	0.144195370248399	-0.13894102750852338	0.10266935315337919
-0.016397468931841075	0.07853129306515085	-0.0826973213243834	0.08977611599285941	-0.10647979823284882	0.016643123793512852	-0.09042900258147421	0.09544905293273451	-0.0811286378862506	0.08246184559978309	-0.13348606075864722	0.11982607694723339	-0.12238549081356366	0.11164363086128617	-0.11018514135314929	0.16651143847264588	-0.23070150167718917	0.1546641449277022	-0.12820591431245182	0.11577711055893461	-0.23197328224539904	1.0000000000000036	-0.5376452352084812	0.26308918698688233	-0.20494275171239784	0.1808383893653145	-0.6292574808494991	0.1356838200001099	-0.1690162863801662	0.12831077421555281	-0.14393082350628045	0.28235755416534913	-0.12297012375368017	0.11877092826187818	-0.14432374356867597	0.10889185478547606	-0.12147773569069031	0.10203442953084546	-0.11517003803913	0.10261352835621258	-0.11649903395152085	0.08369583409331584	-0.1147307476522256	0.1128694547548301	-0.09434681307051751
0.016613073841150627	-0.08009263625199431	0.0849298568049292	-0.09487359985706856	0.11031740606889595	-0.016889170011118868	0.09022810097694167	-0.0992556429556879	0.08608988003269516	-0.08868689431207889	0.12510416222142867	-0.1114628485214204	0.1280579541363475	-0.12222510666704438	0.11991504859927073	-0.155031160605009	0.16755203702781252	-0.2024320139998429	0.1465012854819226	-0.1354946143023071	0.15388529552443583	-0.5376452352084812	1.0000000000000009	-0.6455069688252139	0.2378453916867993	-0.12960280664026622	0.2619319383658973	-0.16102115169908326	0.18266097302289097	-0.15172837172427744	0.11835926231836476	-0.2856168327810729	0.1295473099685992	-0.12829544552917355	0.15308863877882645	-0.09504911597834635	0.11547895277211781	-0.1008470413662307	0.11648745119409314	-0.1095113649338984	0.10634160007725774	-0.07848719073592772	0.10909877055006335	-0.11586558897296183	0.09659322358324171
-0.01783962786827939	0.08521938706479201	-0.09268704741666282	0.10429569849619463	-0.1270735254404384	0.018072788504141343	-0.09677309955010656	0.10440953163423738	-0.09747641974548522	0.10110177512363816	-0.13309837700712615	0.11237443582859975	-0.1355649647678294	0.13647790317619685	-0.14866938082233766	0.15008394608852155	-0.16730334386363407	0.17863044495300093	-0.17856035981858764	0.17007515498695203	-0.16215760613747715	0.26308918698688233	-0.6455069688252139	1.0000000000000027	-0.472499731230731	0.12574384907442632	-0.254933694694264	0.17443307802679986	-0.2672371903325049	0.21394154682842276	-0.12999637030713004	0.2439489936384737	-0.1511517296411345	0.15890800222653612	-0.21705760565875104	0.10349387890859163	-0.13309534918481947	0.11594158298040465	-0.14060917448544494	0.13002186492259926	-0.12064640228179775	0.08873407857146202	-0.12571031366677876	0.1354444039624708	-0.11710547883181235
0.020109960492176154	-0.09761952049414689	0.10461944812612543	-0.12634019888313072	0.14535789299109472	-0.02047834611122664	0.10623308536707535	-0.11960048457262279	0.11785244580995503	-0.12856693918912485	0.13898449593815196	-0.1201214042830813	0.1475592672997177	-0.17785029285322387	0.1910752347002575	-0.1649871300295219	0.16192048367949088	-0.2036348235330602	0.2072427274032156	-0.32906689046694504	0.14074722984417148	-0.20494275171239784	0.2378453916867993	-0.472499731230731	1.000000000000002	-0.11284535242424909	0.1823673135977799	-0.20811842620542456	0.26674466343078496	-0.5130198867381158	0.12758305857925817	-0.2820284397222013	0.16867528196610662	-0.20138069004446504	0.26944877784617033	-0.10635507908951858	0.14233243408852667	-0.13049071749865365	0.16025170416392656	-0.1733780339423801	0.12621214649744827	-0.09625739325342145	0.13598333631437343	-0.16471922344769646	0.13938210504272036
-0.009786008465536889	0.04587475508493608	-0.04851347602574113	0.05442551327183748	-0.06501242505195043	0.009937797460361214	-0.05147274505591102	0.05489509916719179	-0.048444741550468795	0.04985905019079646	-0.0775098828329156	0.06292899484881533	-0.06740365299245496	0.06596432445302838	-0.0640524627182068	0.1004154948438357	-0.0971220973476031	0.08208405627194244	-0.07071137741226804	0.06668028286562401	-0.7767902803355607	0.1808383893653145	-0.12960280664026622	0.12574384907442632	-0.11284535242424909	0.9999999999999996	-0.28606383362867877	0.10655982131337685	-0.11613833252299131	0.08453108109223885	-0.41834319145848053	0.21823772358428636	-0.09874300780653206	0.09640513971901363	-0.10098326451111095	0.21043309871484026	-0.14165609885513422	0.11253178495665976	-0.10503639152342822	0.09059638336331624	-0.15994711956089264	0.10981764810464126	-0.12864092330806795	0.11190011080790264	-0.08168794715251072
0.015436891740721425	-0.07335952638942997	0.07697469083070207	-0.08573994997335903	0.10110903939609035	-0.015693351287550773	0.08240762398153881	-0.08850180634295837	0.07654520552228947	-0.07854612656285821	0.12055493750323451	-0.10513457023117345	0.10935479710700022	-0.10551567214157746	0.10209452921669503	-0.15755433140708108	0.16569396364858344	-0.13937927828315358	0.11526311239660829	-0.10803433135211699	0.23748418727614212	-0.6292574808494991	0.2619319383658973	-0.254933694694264	0.1823673135977799	-0.28606383362867877	1.0000000000000038	-0.1510629650429522	0.16817833000985666	-0.12708644640867667	0.16769676922581866	-0.5422650699717556	0.13737222258570536	-0.12818757578946416	0.1436747879036265	-0.13022162767518938	0.13523914877937346	-0.11475790730990867	0.12473876393752165	-0.11129663932031189	0.1298425460697204	-0.09457235319267826	0.12651797712362028	-0.12467002693907016	0.10097252730835844
-0.012307468863210762	0.057856630635315764	-0.062399389480305927	0.07158098460533054	-0.0872326498179693	0.012482081688591176	-0.06447043315821287	0.06953903691890664	-0.06512079797579508	0.06798670294664413	-0.09035087338913483	0.073788358635486	-0.0859962967978222	0.08969261677318535	-0.09216127968152456	0.10563107062361475	-0.105604158064234	0.10624813545174418	-0.10053831792810669	0.10107784602208729	-0.13460221324895047	0.1356838200001099	-0.16102115169908326	0.17443307802679986	-0.20811842620542456	0.10655982131337685	-0.1510629650429522	1.000000000000003	-0.5093484708718502	0.2154127917438376	-0.14312042272405728	0.2248813318107231	-0.6625229063944886	0.297271582723841	-0.2724488481382505	0.12747816496924416	-0.22719059042568412	0.2136861475063493	-0.24172346931555017	0.16418844869266674	-0.15239955978441647	0.1200831722098438	-0.17829970467332618	0.19851740101317594	-0.1542589007868352
0.015633804410746216	-0.07399022187572504	0.07881144834880094	-0.09240492950628765	0.10862391721324122	-0.015902619044848854	0.08109948475211028	-0.08901154742387238	0.08314118911450402	-0.08777482420094222	0.11197383475668908	-0.09309140373098442	0.10823508276017732	-0.11748272087698412	0.11671729645297135	-0.13637076006757054	0.13042606647132063	-0.13865110080515944	0.12711748123566324	-0.13597671345212806	0.1442820284192873	-0.1690162863801662	0.18266097302289097	-0.2672371903325049	0.26674466343078496	-0.11613833252299131	0.16817833000985666	-0.5093484708718502	1.0000000000000016	-0.452659546602019	0.14404956146361472	-0.28345198277290423	0.28812832140669775	-0.4029008021985417	0.3060198726428423	-0.12707128096717765	0.18723400451870326	-0.18800877183313902	0.23480032226407913	-0.21305728746287747	0.15091923176672173	-0.12161308955986352	0.17229524913979102	-0.23768412628465513	0.1729805828798008
-0.012868357863978124	0.06152305314004063	-0.06646010682006875	0.07821574607718099	-0.0935288565990948	0.013072832713742755	-0.06784851195621337	0.07467722249065761	-0.07278532370010889	0.07734201811815519	-0.09118545823223893	0.07653331095163386	-0.09291721606652745	0.10426895201074703	-0.11573364049369794	0.10645133265992578	-0.10557991173421367	0.11970456264249651	-0.1255836469648115	0.14433478510416242	-0.1063352106143873	0.12831077421555281	-0.15172837172427744	0.21394154682842276	-0.5130198867381158	0.08453108109223885	-0.12708644640867667	0.2154127917438376	-0.452659546602019	0.9999999999999984	-0.1036375327671689	0.1947840408199961	-0.1853005196713765	0.23987316810591552	-0.6103933283594888	0.08933099890400467	-0.13118024788320407	0.12470671991933875	-0.16975029418376394	0.16919514946536032	-0.1075964209889841	0.08442221887258636	-0.12164832151180377	0.15806854183563895	-0.14186760112481953
0.010993479128210488	-0.05119344371459885	0.05425996967432603	-0.0619807252106615	0.07419117485832132	-0.011170439230928931	0.05670671298426137	-0.060952776956162066	0.054880025755038454	-0.05687024071478786	0.08315331391182398	-0.06705359978347254	0.07380348100752143	-0.07458935081213426	0.07220702463451048	-0.10671392182468634	0.09815852668383816	-0.08956185300710771	0.07840357655836694	-0.07531293213232712	0.2632568575039328	-0.14393082350628045	0.11835926231836476	-0.12999637030713004	0.12758305857925817	-0.41834319145848053	0.16769676922581866	-0.14312042272405728	0.14404956146361472	-0.1036375327671689	1.0	-0.2418336833670063	0.1308741930140589	-0.13097228116560963	0.1266368308213814	-0.679815932457993	0.21774510431664282	-0.18418230852314918	0.1466340543954752	-0.12802740552923852	0.25123909997829785	-0.19407836506668644	0.18496352603495791	-0.16842679929919707	0.1122682240133572
-0.02130375189584429	0.09914425668508602	-0.10836599933339713	0.11910743328695778	-0.15179787670358488	0.021510389696213612	-0.11382378994060773	0.11890811653582109	-0.10901793155348	0.1117431780231726	-0.16581238300107062	0.13215309898096955	-0.150221149419355	0.14452731471110553	-0.14912158547952145	0.18127144782675692	-0.2024791599708186	0.174463857060884	-0.16317676301033274	0.1514510282758661	-0.28676604548844875	0.28235755416534913	-0.2856168327810729	0.2439489936384737	-0.2820284397222013	0.21823772358428636	-0.5422650699717556	0.2248813318107231	-0.28345198277290423	0.1947840408199961	-0.2418336833670063	0.9999999999999971	-0.2566450043638359	0.20829935555399495	-0.24156097103769603	0.18136435917450738	-0.2361358028337547	0.18882958543794623	-0.21378900068920786	0.17152703592912943	-0.21710575115475236	0.15132630931161606	-0.21782787218058813	0.1973962154978824	-0.1678692970684828
0.01094720191437409	-0.051429689937064545	0.055118002412493115	-0.06353093543078461	0.07649830265741417	-0.011114193328867747	0.05699915427478651	-0.06168574031854032	0.05727835975737032	-0.05988429115471009	0.08021959854766653	-0.06561035789622888	0.07556888667972422	-0.07914368837249246	0.07942185259954986	-0.09603335383422676	0.09379829789763917	-0.09372164314347592	0.08637046813200293	-0.08732668662537779	0.12126688885494305	-0.12297012375368017	0.1295473099685992	-0.1511517296411345	0.16867528196610662	-0.09874300780653206	0.13737222258570536	-0.6625229063944886	0.28812832140669775	-0.1853005196713765	0.1308741930140589	-0.2566450043638359	0.9999999999999986	-0.49973372204582883	0.2313467723066471	-0.1239218785375812	0.21903200958274713	-0.3062328850205715	0.24716360510267313	-0.1613775163502462	0.14093725017164216	-0.11945321733732155	0.1717025128533344	-0.21662102073091058	0.14240404514626823
-0.011313126752795465	0.05326819887299254	-0.05723491237935014	0.06627785073198818	-0.07990567320625042	0.01148535206708549	-0.05896024615665616	0.06399010554131153	-0.06012098276878972	0.06306278772017317	-0.0821793549888666	0.0673559920568507	-0.07855402362587899	0.083509385473243	-0.08539483994200806	0.09758248684186892	-0.0952732941136216	0.09771536733854509	-0.09264598071847314	0.09574483331320072	-0.1200680951902738	0.11877092826187818	-0.12829544552917355	0.15890800222653612	-0.20138069004446504	0.09640513971901363	-0.12818757578946416	0.297271582723841	-0.4029008021985417	0.23987316810591552	-0.13097228116560963	0.20829935555399495	-0.49973372204582883	1.0000000000000013	-0.44834566720578783	0.12024823336434005	-0.20900019343741502	0.21895815793705664	-0.4757201365323912	0.18945772027386798	-0.14459933798609875	0.11922558285938034	-0.17864829522741388	0.2519668811379673	-0.17633399379996798
0.014078337423954554	-0.06683874159551241	0.07128691315217724	-0.08411246814127764	0.0986186705667869	-0.01432282131809664	0.07309542349380722	-0.08056333025678578	0.07605257819614092	-0.0807388961023344	0.09997476271824426	-0.08342203638729002	0.09795377310407924	-0.10849113761777487	0.10880732058190035	-0.12097970788173966	0.1157259118719001	-0.12626600467437718	0.11783731324256748	-0.1317439260412454	0.12574993736376994	-0.14432374356867597	0.15308863877882645	-0.21705760565875104	0.26944877784617033	-0.10098326451111095	0.1436747879036265	-0.2724488481382505	0.3060198726428423	-0.6103933283594888	0.1266368308213814	-0.24156097103769603	0.2313467723066471	-0.44834566720578783	0.9999999999999997	-0.11182348015773488	0.16445805347564094	-0.16480904285481285	0.22719584362584852	-0.29343824839282756	0.13440574422465135	-0.10882243354464977	0.155448085041178	-0.2282029631873042	0.1983919265996224
-0.008706827190139075	0.04057258116178385	-0.043162791609851064	0.04923876510987852	-0.059259888727607714	0.008841777501456986	-0.045064021347737904	0.04836357624994477	-0.043803445624996856	0.04541385026074358	-0.06587665052862504	0.05300510023215545	-0.05881515439669651	0.059546149053993816	-0.058220561691917305	0.08273858141969098	-0.07768323291150038	0.07120135911148852	-0.0632150484899124	0.06098984908152125	-0.2288513495092726	0.10889185478547606	-0.09504911597834635	0.10349387890859163	-0.10635507908951858	0.21043309871484026	-0.13022162767518938	0.12747816496924416	-0.12707128096717765	0.08933099890400467	-0.679815932457993	0.18136435917450738	-0.1239218785375812	0.12024823336434005	-0.11182348015773488	0.9999999999999998	-0.3365725095357963	0.20156216908177899	-0.1468154245680944	0.11178498768194002	-0.4597156573316428	0.218446461718529	-0.2212886297434095	0.15934043685399893	-0.10154628311141685
0.011010380687976088	-0.05133852597015168	0.054716319434125284	-0.06296125857466692	0.07569662653672136	-0.01118374959722898	0.05674178022699298	-0.06120876207594836	0.05608144080435468	-0.0584006228933048	0.0814507759246157	-0.0657886039756316	0.07422350928918642	-0.07659698807440693	0.0751583674125193	-0.10086305240900734	0.09441582597509679	-0.09045643102411134	0.0812665045821841	-0.07980422218223508	0.15452852184632	-0.12147773569069031	0.11547895277211781	-0.13309534918481947	0.14233243408852667	-0.14165609885513422	0.13523914877937346	-0.22719059042568412	0.18723400451870326	-0.13118024788320407	0.21774510431664282	-0.2361358028337547	0.21903200958274713	-0.20900019343741502	0.16445805347564094	-0.3365725095357963	0.9999999999999991	-0.7155830613936474	0.24632032382404082	-0.1690779695818458	0.22311728118003243	-0.21881003607971367	0.2519832833405485	-0.25869554643615955	0.147477686975521
-0.009331345585116732	0.04359207327865973	-0.04664043648693232	0.05359260940654547	-0.0647860701027297	0.009472915306354577	-0.04831496148713531	0.052076307636722344	-0.048039618107532614	0.05005392120727775	-0.0689802867432133	0.05579007334701034	-0.06349680540525879	0.0657056288241597	-0.06539338762431075	0.08390964290094341	-0.08004729878753311	0.07744498977797465	-0.07078747758705736	0.07000132327303694	-0.1323688795257485	0.10203442953084546	-0.1008470413662307	0.11594158298040465	-0.13049071749865365	0.11253178495665976	-0.11475790730990867	0.2136861475063493	-0.18800877183313902	0.12470671991933875	-0.18418230852314918	0.18882958543794623	-0.3062328850205715	0.21895815793705664	-0.16480904285481285	0.20156216908177899	-0.7155830613936474	0.9999999999999997	-0.36748276538534624	0.15045383140575863	-0.2113877420839137	0.19344749945170117	-0.341113452607011	0.246138752429935	-0.14112419953389396
0.010985307004987645	-0.051432306893156726	0.0549996439777836	-0.06360429015870027	0.0764702239563011	-0.011157101654778406	0.05679055794947972	-0.061497128487199106	0.057038134839845725	-0.059642123287106184	0.08024582458322128	-0.06523348595507851	0.07481758078894485	-0.07853701271037786	0.07813755687033436	-0.09733628655721613	0.09262155805398137	-0.09207591800017614	0.08447508963234654	-0.08504154410560447	0.12685847866908737	-0.11517003803913	0.11648745119409314	-0.14060917448544494	0.16025170416392656	-0.10503639152342822	0.12473876393752165	-0.24172346931555017	0.23480032226407913	-0.16975029418376394	0.1466340543954752	-0.21378900068920786	0.24716360510267313	-0.4757201365323912	0.22719584362584852	-0.1468154245680944	0.24632032382404082	-0.36748276538534624	0.9999999999999983	-0.24143300793501957	0.1716842110832637	-0.1600657337477452	0.23316530546522596	-0.6087490176775976	0.21676689960497614
-0.010527592704032303	0.0492657099360898	-0.05327798714019899	0.06121297331434648	-0.07533838074433201	0.010671532590247118	-0.054824317469390885	0.059007832439428025	-0.05565536396966249	0.05809297705658419	-0.07696954161819347	0.06216361898060182	-0.07260331844143236	0.07604394775874539	-0.07835136606210091	0.0894976837516035	-0.08785067727039055	0.08803629843299936	-0.08444905866593065	0.08460484621634556	-0.11644589018366217	0.10261352835621258	-0.1095113649338984	0.13002186492259926	-0.1733780339423801	0.09059638336331624	-0.11129663932031189	0.16418844869266674	-0.21305728746287747	0.16919514946536032	-0.12802740552923852	0.17152703592912943	-0.1613775163502462	0.18945772027386798	-0.29343824839282756	0.11178498768194002	-0.1690779695818458	0.15045383140575863	-0.24143300793501957	0.9999999999999978	-0.14828876426881682	0.11589205002838034	-0.17874500985390385	0.2631157440787174	-0.8134728783884791
0.010531794739487696	-0.04893372446318924	0.05203787803398009	-0.05978243999036096	0.07189269095194503	-0.01069911347367001	0.054053918658467606	-0.058199733909891756	0.052991675646028635	-0.05507309181947446	0.07834674647417214	-0.06292577138408374	0.0703203969063298	-0.07197593542672917	0.0700102826381197	-0.09844303300935682	0.09057537216539127	-0.08505518086004964	0.07556169821588715	-0.07323451298894827	0.16421850939268176	-0.11649903395152085	0.10634160007725774	-0.12064640228179775	0.12621214649744827	-0.15994711956089264	0.1298425460697204	-0.15239955978441647	0.15091923176672173	-0.1075964209889841	0.25123909997829785	-0.21710575115475236	0.14093725017164216	-0.14459933798609875	0.13440574422465135	-0.4597156573316428	0.22311728118003243	-0.2113877420839137	0.1716842110832637	-0.14828876426881682	0.9999999999999984	-0.6302620246779832	0.29791444974452647	-0.22428750555245244	0.13084738105452395
-0.007567271353891359	0.035223154291506846	-0.03757829902457629	0.043099753543339774	-0.05206281856077643	0.007683645575839525	-0.039012956560248356	0.041965399699140565	-0.03840522410761139	0.03992438300853984	-0.056327646301077096	0.04528900662280486	-0.05094727762811212	0.052224756249623736	-0.05135872067077667	0.069681277699745	-0.06526955775512003	0.06165253629909946	-0.05549757298950368	0.054050527450744124	-0.1260346425949047	0.08369583409331584	-0.07848719073592772	0.08873407857146202	-0.09625739325342145	0.10981764810464126	-0.09457235319267826	0.1200831722098438	-0.12161308955986352	0.08442221887258636	-0.19407836506668644	0.15132630931161606	-0.11945321733732155	0.11922558285938034	-0.10882243354464977	0.218446461718529	-0.21881003607971367	0.19344749945170117	-0.1600657337477452	0.11589205002838034	-0.6302620246779832	0.9999999999999982	-0.634569099356757	0.19545844208052177	-0.11255928809824729
0.010792421758036193	-0.05020022378348953	0.05350214186512396	-0.061583207272420296	0.07419509198452752	-0.010961964315263438	0.05544385563595322	-0.05976410017868712	0.05475696643723256	-0.057000232680341364	0.0797545759912821	-0.0641648251556032	0.07232356099827357	-0.07454183627638637	0.07299551298581597	-0.098929155545229	0.09184118660196097	-0.0876888052922907	0.07873087075817113	-0.07696838564988723	0.144195370248399	-0.1147307476522256	0.10909877055006335	-0.12571031366677876	0.13598333631437343	-0.12864092330806795	0.12651797712362028	-0.17829970467332618	0.17229524913979102	-0.12164832151180377	0.18496352603495791	-0.21782787218058813	0.1717025128533344	-0.17864829522741388	0.155448085041178	-0.2212886297434095	0.2519832833405485	-0.341113452607011	0.23316530546522596	-0.17874500985390385	0.29791444974452647	-0.634569099356757	0.9999999999999982	-0.3794847782018683	0.1660595901186948
