1.0	-0.8280456687398814	0.22381255249933146	-0.16511991499961193	0.12134028200290745	-0.2119483893701478	0.26769970951781147	-0.2204673017230164	0.09649529098065456	-0.09380880672277711	0.12901534581521007	-0.14665091216982323	0.09005489118249159	-0.09664919884433057	0.0798014401614521	-0.12259264674480819	0.126419237638454	-0.12621093578254683	0.10286382720535961	-0.06600917814913985	0.08612749757409038	-0.09798509978259104	0.09789058695045878	-0.10034174842995597	0.12741302891508252	-0.06292733911701187	0.08268610436998494	-0.07694292198415333	0.09068517709733644	-0.044876961447276556	0.06399798310313709	-0.13052414220544148	0.07917467278165181	-0.054277610930992315	0.043627912209308325
-0.8280456687398814	0.9999999999999998	-0.2917984246549597	0.12922229288446604	-0.09903105272999782	0.15048412612693757	-0.38460275289904705	0.21703187225998852	-0.07886187549507612	0.07438066590409506	-0.10182456325923576	0.11870531941661347	-0.07008004302258085	0.07373957090647373	-0.06024152864221826	0.09008877443414927	-0.10337483775531023	0.0948467040218958	-0.07788411232063115	0.04961317783400019	-0.06402775312404467	0.07103991759152622	-0.07244134201108351	0.07421698505911943	-0.09484468472159291	0.04586320930595883	-0.06029456264062154	0.05647441856876088	-0.06687191111949499	0.032989402603411856	-0.04713266173625674	0.09306646259606909	-0.05825683105460918	0.039869538370547235	-0.03211291362665658
0.22381255249933146	-0.2917984246549597	0.9999999999999994	-0.3189030010840898	0.19560619068889407	-0.2002612818509758	0.31072240844471666	-0.7236528814426265	0.15298706335014362	-0.14462193078944982	0.13071213844994772	-0.15634986758159322	0.11361768513369506	-0.12362794709544632	0.09528460307343149	-0.13042994032417304	0.13871281170409178	-0.14458086651468177	0.11995013509344761	-0.07855486472524884	0.09240379762161262	-0.10623730575357693	0.10933611577649152	-0.11464925604610537	0.1460178273184659	-0.0678822172042213	0.09010816048174615	-0.08556603876063557	0.10117410613143259	-0.050238286813947826	0.06916357474924766	-0.14198775874087136	0.08809759511675819	-0.06048565186484428	0.04879574564280996
-0.16511991499961193	0.12922229288446604	-0.3189030010840898	0.9999999999999993	-0.7551781030351935	0.14103524586996335	-0.2205490962701953	0.19409191593408512	-0.3299160056149743	0.2663208214802834	-0.10499421699756252	0.12094341182500365	-0.15520788609175606	0.16141470730590657	-0.12138491821855497	0.10732154318090129	-0.12662778207223704	0.1480912894561636	-0.13951826185951738	0.09638288825487498	-0.0803508175768873	0.09243605677895003	-0.11057193033265221	0.1223694612620104	-0.16647329563252591	0.0585946779920149	-0.08103453566714619	0.08413040346780332	-0.10276669720504879	0.051302396458111264	-0.06137859557424995	0.1218780063609746	-0.08847984277168203	0.06064304955667085	-0.04995802026229209
0.12134028200290745	-0.09903105272999782	0.19560619068889407	-0.7551781030351935	1.0	-0.13887454156784154	0.16760216512071943	-0.16197088640031043	0.2699074646045275	-0.4382135551117604	0.09846932797405347	-0.11365802473986936	0.1391269500234729	-0.16266082059883002	0.1178936500306945	-0.10670364370847624	0.11599879953331055	-0.146852068521557	0.13058699185537728	-0.09720584629118026	0.07843646991928509	-0.09277283543841046	0.1057671341829562	-0.12019036903114395	0.1540189423377228	-0.05832812622690307	0.08037753111085953	-0.08185398175334982	0.09781036910777972	-0.049261596952166836	0.06005687940744423	-0.12554656879735202	0.08445416253343066	-0.058327723488362467	0.04765528900178912
-0.2119483893701478	0.15048412612693757	-0.2002612818509758	0.14103524586996335	-0.13887454156784154	0.9999999999999998	-0.3115355821265866	0.16084604387051024	-0.11605306357812563	0.10639301334448005	-0.7081298445933671	0.287194440303517	-0.14137450429376794	0.13174843254148055	-0.1260828108126587	0.23713449485356738	-0.3022672974568822	0.19323456284077578	-0.16971288305599858	0.1017825925127214	-0.1888525046475931	0.15716046870255393	-0.16818434258849704	0.15227512574264734	-0.20701457277749993	0.11131794051786878	-0.14054875584416204	0.12542470428363808	-0.15437482115562023	0.07286005390734873	-0.1259628832298586	0.17588443250900077	-0.13411307544434525	0.08940844741059975	-0.07224045610906514
0.26769970951781147	-0.38460275289904705	0.31072240844471666	-0.2205490962701953	0.16760216512071943	-0.3115355821265866	0.999999999999999	-0.5443504967135026	0.14285250677932063	-0.13642917558092107	0.20062071013364427	-0.2971649839685526	0.13411773577948594	-0.14214701883058592	0.11278725533778983	-0.1798360599007697	0.20774269275732155	-0.18935006371297528	0.14850705487029053	-0.09356669630314485	0.12455682716087718	-0.138486987528685	0.13812408546974192	-0.14223834299004146	0.17769947371583597	-0.08899648467793433	0.11625806093545912	-0.10800384895741937	0.12662563404837657	-0.06252429462951456	0.09070714288434575	-0.1800691478908154	0.1103327928078623	-0.07568706458141852	0.060743797268423605
-0.2204673017230164	0.21703187225998852	-0.7236528814426265	0.19409191593408512	-0.16197088640031043	0.16084604387051024	-0.5443504967135026	0.9999999999999981	-0.1545049305645052	0.12526797355240452	-0.11611553616131567	0.14278138101242607	-0.1013313794490486	0.10533409502662182	-0.07879767260938725	0.10416593898562164	-0.12901731980439174	0.11929191592776814	-0.09990517571720763	0.06444406619293454	-0.07489563626419297	0.08285247807626138	-0.08781991529890927	0.09195273624211307	-0.11804382404698242	0.05334741850093151	-0.07082026680246999	0.06785905604060803	-0.08073659835944182	0.039887228179464364	-0.055197399952134504	0.10775016405464785	-0.070065497068228	0.04798448569847839	-0.03881553552648735
0.09649529098065456	-0.07886187549507612	0.15298706335014362	-0.3299160056149743	0.2699074646045275	-0.11605306357812563	0.14285250677932063	-0.1545049305645052	0.9999999999999997	-0.7753915254880271	0.0868283232169011	-0.1053233679015802	0.20600937405466396	-0.3416520838343266	0.13354619976506119	-0.09246740651310735	0.11185883383046877	-0.16636608241029782	0.14652828649748367	-0.1107145533725516	0.06846976097212332	-0.08044046782046967	0.09863721590656285	-0.12249023243709498	0.14641641292474888	-0.04978657661992321	0.06988735267148996	-0.07484943066475921	0.08798843694966514	-0.04462926926802031	0.05157951801089245	-0.10574625865278232	0.07501361667233553	-0.052366629591346796	0.042823326723546246
-0.09380880672277711	0.07438066590409506	-0.14462193078944982	0.2663208214802834	-0.4382135551117604	0.10639301334448005	-0.13642917558092107	0.12526797355240452	-0.7753915254880271	0.9999999999999987	-0.08150381665880607	0.09662745271574733	-0.19867617627179748	0.2127763042831079	-0.1589084674499776	0.08625709509730015	-0.1059745854163534	0.14708106434217758	-0.14486152096917582	0.11578427772835355	-0.0647775507977858	0.07579187247502271	-0.09587998696683125	0.11666825314432426	-0.151799077092552	0.046973053601862595	-0.0664557599259407	0.07200383409930365	-0.08624969141698703	0.04381967691532202	-0.04902233592922988	0.09931929132613337	-0.073399921951155	0.05104713060229475	-0.04217508364813993
0.12901534581521007	-0.10182456325923576	0.13071213844994772	-0.10499421699756252	0.09846932797405347	-0.7081298445933671	0.20062071013364427	-0.11611553616131567	0.0868283232169011	-0.08150381665880607	0.9999999999999992	-0.4833233025633378	0.11622263268128485	-0.11080013936441148	0.09400135948160868	-0.32400038045189333	0.26854754365707684	-0.17622170138643084	0.13339980053073686	-0.07770547986649584	0.1761038684179652	-0.14797543474727362	0.13239331350443753	-0.12190897920253924	0.15140235380503286	-0.1010778422236487	0.11990625591846099	-0.10077758699010166	0.1171984595090618	-0.05578015423633194	0.10540487756569765	-0.15520389564273712	0.10195367621606073	-0.06888968251457468	0.05469380761863087
-0.14665091216982323	0.11870531941661347	-0.15634986758159322	0.12094341182500365	-0.11365802473986936	0.287194440303517	-0.2971649839685526	0.14278138101242607	-0.1053233679015802	0.09662745271574733	-0.4833233025633378	0.9999999999999997	-0.16785828816661996	0.13940935284892328	-0.11203628314046887	0.21679821557001072	-0.6741290518489366	0.23101686822985307	-0.17089412222023787	0.09212373471251775	-0.15235563262091756	0.13658209992631332	-0.14239842779485545	0.13963738995316188	-0.17305550043712684	0.08978606819018607	-0.11591312711587352	0.10554939915410819	-0.12403108686089352	0.05950192346018228	-0.09638139056548437	0.15108757422196645	-0.10680677316258269	0.07256846796123878	-0.058173012088613335
0.09005489118249159	-0.07008004302258085	0.11361768513369506	-0.15520788609175606	0.1391269500234729	-0.14137450429376794	0.13411773577948594	-0.1013313794490486	0.20600937405466396	-0.19867617627179748	0.11622263268128485	-0.16785828816661996	0.9999999999999996	-0.7574104015763647	0.1444308799345445	-0.12037593071653331	0.18171262646269115	-0.45923237136586753	0.2324684233083494	-0.1260887282614393	0.0880812133265838	-0.10162973734913575	0.13484971137508941	-0.17273908517948316	0.17763479066123278	-0.06145963749134314	0.08761414649808728	-0.09915324790028458	0.11082393412499833	-0.05549409741931651	0.06385977390745932	-0.1268471299447601	0.09325788911316946	-0.06578108209871245	0.05291705559769776
-0.09664919884433057	0.07373957090647373	-0.12362794709544632	0.16141470730590657	-0.16266082059883002	0.13174843254148055	-0.14214701883058592	0.10533409502662182	-0.3416520838343266	0.2127763042831079	-0.11080013936441148	0.13940935284892328	-0.7574104015763647	0.9999999999999972	-0.18389156069808277	0.11430807935671591	-0.16771903397926033	0.2744018192866379	-0.29223696024248413	0.14343589875344778	-0.08690956175445612	0.10031243419685659	-0.1404794704434036	0.1794664621486947	-0.20613978574726463	0.06094664800652937	-0.08840199479375517	0.10099188565814922	-0.11905147555180277	0.05940743864019432	-0.06415946716590287	0.1264547695734975	-0.09963595535640132	0.06965302644766931	-0.057028967503384216
0.0798014401614521	-0.06024152864221826	0.09528460307343149	-0.12138491821855497	0.1178936500306945	-0.1260828108126587	0.11278725533778983	-0.07879767260938725	0.13354619976506119	-0.1589084674499776	0.09400135948160868	-0.11203628314046887	0.1444308799345445	-0.18389156069808277	0.9999999999999986	-0.11335165637370911	0.1219681025079285	-0.20598766194083434	0.22996413539970997	-0.8414532971098106	0.08410378418216402	-0.10568848025692887	0.13202220291808392	-0.22259478073616665	0.25848147072984035	-0.06284822710217088	0.09133895907983476	-0.10374179825151211	0.11655405956850898	-0.06635643633878585	0.0639807060646358	-0.14382165775066605	0.09809333649143442	-0.07213218815249145	0.06047763834196136
-0.12259264674480819	0.09008877443414927	-0.13042994032417304	0.10732154318090129	-0.10670364370847624	0.23713449485356738	-0.1798360599007697	0.10416593898562164	-0.09246740651310735	0.08625709509730015	-0.32400038045189333	0.21679821557001072	-0.12037593071653331	0.11430807935671591	-0.11335165637370911	0.9999999999999977	-0.30127364805168677	0.17954045543149968	-0.158100491232126	0.09310174095924428	-0.6736084954409138	0.26625552666537594	-0.20957446412255618	0.15211878650979613	-0.1932053602625274	0.20176665864220228	-0.23150448229741588	0.15420641752333025	-0.17834640973348218	0.08049119139193865	-0.23093657109660898	0.2220637591612814	-0.15610193160928346	0.10273062145230143	-0.08011185644413521
0.126419237638454	-0.10337483775531023	0.13871281170409178	-0.12662778207223704	0.11599879953331055	-0.3022672974568822	0.20774269275732155	-0.12901731980439174	0.11185883383046877	-0.1059745854163534	0.26854754365707684	-0.6741290518489366	0.18171262646269115	-0.16771903397926033	0.1219681025079285	-0.30127364805168677	0.9999999999999981	-0.41806620559099633	0.19818605957458285	-0.1042582731857915	0.17365227859103885	-0.17162633768029378	0.16257915773395404	-0.16858508978711598	0.18595260622305726	-0.10588318539591204	0.13484708401490686	-0.12271205237652648	0.13686320179389874	-0.06633024251122144	0.10821232191482462	-0.18240849229943704	0.1177924173374574	-0.0811864075553093	0.06416494394949057
-0.12621093578254683	0.0948467040218958	-0.14458086651468177	0.1480912894561636	-0.146852068521557	0.19323456284077578	-0.18935006371297528	0.11929191592776814	-0.16636608241029782	0.14708106434217758	-0.17622170138643084	0.23101686822985307	-0.45923237136586753	0.2744018192866379	-0.20598766194083434	0.17954045543149968	-0.41806620559099633	0.9999999999999972	-0.4946686624021265	0.1732126141112658	-0.13722035812083547	0.15288041796310425	-0.24586884403083292	0.25970783388457214	-0.2836850058602707	0.0911020722931185	-0.13445154532044973	0.158895172184826	-0.17900763166950692	0.08650333903313177	-0.09668854806463138	0.18265590775074536	-0.14874829984721386	0.10360362268025354	-0.08320491081120372
0.10286382720535961	-0.07788411232063115	0.11995013509344761	-0.13951826185951738	0.13058699185537728	-0.16971288305599858	0.14850705487029053	-0.09990517571720763	0.14652828649748367	-0.14486152096917582	0.13339980053073686	-0.17089412222023787	0.2324684233083494	-0.29223696024248413	0.22996413539970997	-0.158100491232126	0.19818605957458285	-0.4946686624021265	0.9999999999999957	-0.29339256884249515	0.11769393553950638	-0.14791113798606495	0.2157954469214439	-0.5952035097253676	0.29657766775420774	-0.08455722841765997	0.1272426665396589	-0.1609123069438062	0.17231186525074393	-0.08844751268391422	0.08668296681851834	-0.18827315556072047	0.1387993057079096	-0.10328389506859072	0.08171261096003936
-0.06600917814913985	0.04961317783400019	-0.07855486472524884	0.09638288825487498	-0.09720584629118026	0.1017825925127214	-0.09356669630314485	0.06444406619293454	-0.1107145533725516	0.11578427772835355	-0.07770547986649584	0.09212373471251775	-0.1260887282614393	0.14343589875344778	-0.8414532971098106	0.09310174095924428	-0.1042582731857915	0.1732126141112658	-0.29339256884249515	0.9999999999999937	-0.07005933610453871	0.08800187783383552	-0.11853785138314339	0.20906896955922236	-0.3546262923404863	0.051786523925610214	-0.07676346450753857	0.0905624777697737	-0.10377450174892554	0.060884031110003525	-0.05308274882380598	0.11785239649053492	-0.0861277873950459	0.06359508424031085	-0.05566903217880449
0.08612749757409038	-0.06402775312404467	0.09240379762161262	-0.0803508175768873	0.07843646991928509	-0.1888525046475931	0.12455682716087718	-0.07489563626419297	0.06846976097212332	-0.0647775507977858	0.1761038684179652	-0.15235563262091756	0.0880812133265838	-0.08690956175445612	0.08410378418216402	-0.6736084954409138	0.17365227859103885	-0.13722035812083547	0.11769393553950638	-0.07005933610453871	0.9999999999999919	-0.4813605402603998	0.1746526898775012	-0.12188867690789779	0.14435760366654662	-0.3132190759648412	0.23221366535575544	-0.13853956911659765	0.14077605284250846	-0.06482670736277292	0.22758864827876396	-0.24297478106808548	0.12429238489244326	-0.08378832891376962	0.06339096806582274
-0.09798509978259104	0.07103991759152622	-0.10623730575357693	0.09243605677895003	-0.09277283543841046	0.15716046870255393	-0.138486987528685	0.08285247807626138	-0.08044046782046967	0.07579187247502271	-0.14797543474727362	0.13658209992631332	-0.10162973734913575	0.10031243419685659	-0.10568848025692887	0.26625552666537594	-0.17162633768029378	0.15288041796310425	-0.14791113798606495	0.08800187783383552	-0.4813605402603998	0.9999999999999962	-0.31999706270676664	0.1607676325902913	-0.1885603301028504	0.17159371646028582	-0.6183775428889726	0.22042392226794277	-0.21076878309934008	0.09191137821148342	-0.1873635179298841	0.29976553399561434	-0.18428973134031806	0.12193928739998305	-0.09054231141038659
0.09789058695045878	-0.07244134201108351	0.10933611577649152	-0.11057193033265221	0.1057671341829562	-0.16818434258849704	0.13812408546974192	-0.08781991529890927	0.09863721590656285	-0.09587998696683125	0.13239331350443753	-0.14239842779485545	0.13484971137508941	-0.1404794704434036	0.13202220291808392	-0.20957446412255618	0.16257915773395404	-0.24586884403083292	0.2157954469214439	-0.11853785138314339	0.1746526898775012	-0.31999706270676664	0.9999999999999939	-0.35526027242583236	0.23607956321484486	-0.12140076033767208	0.24190845959763205	-0.651762535020444	0.27683885941200215	-0.13483470398590183	0.12147718445272752	-0.3080186061687339	0.2313364100810601	-0.18229674626581654	0.12008893672920508
-0.10034174842995597	0.07421698505911943	-0.11464925604610537	0.1223694612620104	-0.12019036903114395	0.15227512574264734	-0.14223834299004146	0.09195273624211307	-0.12249023243709498	0.11666825314432426	-0.12190897920253924	0.13963738995316188	-0.17273908517948316	0.1794664621486947	-0.22259478073616665	0.15211878650979613	-0.16858508978711598	0.25970783388457214	-0.5952035097253676	0.20906896955922236	-0.12188867690789779	0.1607676325902913	-0.35526027242583236	0.9999999999999929	-0.5271735390534097	0.0870428951416004	-0.1447653796813647	0.20800957192314667	-0.25266513084722847	0.11619994577094295	-0.09057757127910805	0.19985530248554595	-0.18155206304144544	0.13502918632598546	-0.10850279119796932
0.12741302891508252	-0.09484468472159291	0.1460178273184659	-0.16647329563252591	0.1540189423377228	-0.20701457277749993	0.17769947371583597	-0.11804382404698242	0.14641641292474888	-0.151799077092552	0.15140235380503286	-0.17305550043712684	0.17763479066123278	-0.20613978574726463	0.25848147072984035	-0.1932053602625274	0.18595260622305726	-0.2836850058602707	0.29657766775420774	-0.3546262923404863	0.14435760366654662	-0.1885603301028504	0.23607956321484486	-0.5271735390534097	0.9999999999999933	-0.10984842357600315	0.16281684528779292	-0.19259073842092073	0.21417464606333123	-0.15506763665468226	0.11098150907403373	-0.2622998822823644	0.17921486204274353	-0.1389186063172158	0.1276500877859409
-0.06292733911701187	0.04586320930595883	-0.0678822172042213	0.0585946779920149	-0.05832812622690307	0.11131794051786878	-0.08899648467793433	0.05334741850093151	-0.04978657661992321	0.046973053601862595	-0.1010778422236487	0.08978606819018607	-0.06145963749134314	0.06094664800652937	-0.06284822710217088	0.20176665864220228	-0.10588318539591204	0.0911020722931185	-0.08455722841765997	0.051786523925610214	-0.3132190759648412	0.17159371646028582	-0.12140076033767208	0.0870428951416004	-0.10984842357600315	0.9999999999999938	-0.15719294134312184	0.09594682461635269	-0.10821323264692446	0.04930422061067186	-0.884614964247591	0.1887409371777428	-0.09657484689898631	0.0636760522932277	-0.0488677955918537
0.08268610436998494	-0.06029456264062154	0.09010816048174615	-0.08103453566714619	0.08037753111085953	-0.14054875584416204	0.11625806093545912	-0.07082026680246999	0.06988735267148996	-0.0664557599259407	0.11990625591846099	-0.11591312711587352	0.08761414649808728	-0.08840199479375517	0.09133895907983476	-0.23150448229741588	0.13484708401490686	-0.13445154532044973	0.1272426665396589	-0.07676346450753857	0.23221366535575544	-0.6183775428889726	0.24190845959763205	-0.1447653796813647	0.16281684528779292	-0.15719294134312184	0.999999999999993	-0.28523959377446556	0.19805705749371968	-0.08961552086239895	0.15727707098189952	-0.6029235333074915	0.17756257962116312	-0.12222778440627735	0.08594029177667714
-0.07694292198415333	0.05647441856876088	-0.08556603876063557	0.08413040346780332	-0.08185398175334982	0.12542470428363808	-0.10800384895741937	0.06785905604060803	-0.07484943066475921	0.07200383409930365	-0.10077758699010166	0.10554939915410819	-0.09915324790028458	0.10099188565814922	-0.10374179825151211	0.15420641752333025	-0.12271205237652648	0.158895172184826	-0.1609123069438062	0.0905624777697737	-0.13853956911659765	0.22042392226794277	-0.651762535020444	0.20800957192314667	-0.19259073842092073	0.09594682461635269	-0.28523959377446556	0.999999999999993	-0.48206158783757674	0.15254536888363637	-0.0996490114877617	0.2524047536688983	-0.3654565910396682	0.23076143165062946	-0.14420120896534674
0.09068517709733644	-0.06687191111949499	0.10117410613143259	-0.10276669720504879	0.09781036910777972	-0.15437482115562023	0.12662563404837657	-0.08073659835944182	0.08798843694966514	-0.08624969141698703	0.1171984595090618	-0.12403108686089352	0.11082393412499833	-0.11905147555180277	0.11655405956850898	-0.17834640973348218	0.13686320179389874	-0.17900763166950692	0.17231186525074393	-0.10377450174892554	0.14077605284250846	-0.21076878309934008	0.27683885941200215	-0.25266513084722847	0.21417464606333123	-0.10821323264692446	0.19805705749371968	-0.48206158783757674	0.9999999999999921	-0.3210585494251019	0.10835400743115761	-0.30639226038633716	0.32048348568411206	-0.5016547485350027	0.23601254488799983
-0.044876961447276556	0.032989402603411856	-0.050238286813947826	0.051302396458111264	-0.049261596952166836	0.07286005390734873	-0.06252429462951456	0.039887228179464364	-0.04462926926802031	0.04381967691532202	-0.05578015423633194	0.05950192346018228	-0.05549409741931651	0.05940743864019432	-0.06635643633878585	0.08049119139193865	-0.06633024251122144	0.08650333903313177	-0.08844751268391422	0.060884031110003525	-0.06482670736277292	0.09191137821148342	-0.13483470398590183	0.11619994577094295	-0.15506763665468226	0.04930422061067186	-0.08961552086239895	0.15254536888363637	-0.3210585494251019	0.9999999999999923	-0.050575732710154746	0.13273193326956864	-0.2593365384685779	0.2576024700021677	-0.8629266403326741
0.06399798310313709	-0.04713266173625674	0.06916357474924766	-0.06137859557424995	0.06005687940744423	-0.1259628832298586	0.09070714288434575	-0.055197399952134504	0.05157951801089245	-0.04902233592922988	0.10540487756569765	-0.09638139056548437	0.06385977390745932	-0.06415946716590287	0.0639807060646358	-0.23093657109660898	0.10821232191482462	-0.09668854806463138	0.08668296681851834	-0.05308274882380598	0.22758864827876396	-0.1873635179298841	0.12147718445272752	-0.09057757127910805	0.11098150907403373	-0.884614964247591	0.15727707098189952	-0.0996490114877617	0.10835400743115761	-0.050575732710154746	0.9999999999999926	-0.2511623571786288	0.09759773933477935	-0.06534670462823532	0.0495758413449335
-0.13052414220544148	0.09306646259606909	-0.14198775874087136	0.1218780063609746	-0.12554656879735202	0.17588443250900077	-0.1800691478908154	0.10775016405464785	-0.10574625865278232	0.09931929132613337	-0.15520389564273712	0.15108757422196645	-0.1268471299447601	0.1264547695734975	-0.14382165775066605	0.2220637591612814	-0.18240849229943704	0.18265590775074536	-0.18827315556072047	0.11785239649053492	-0.24297478106808548	0.29976553399561434	-0.3080186061687339	0.19985530248554595	-0.2622998822823644	0.1887409371777428	-0.6029235333074915	0.2524047536688983	-0.30639226038633716	0.13273193326956864	-0.2511623571786288	0.9999999999999929	-0.29786491309971064	0.17998728806075784	-0.13511662034349553
0.07917467278165181	-0.05825683105460918	0.08809759511675819	-0.08847984277168203	0.08445416253343066	-0.13411307544434525	0.1103327928078623	-0.070065497068228	0.07501361667233553	-0.073399921951155	0.10195367621606073	-0.10680677316258269	0.09325788911316946	-0.09963595535640132	0.09809333649143442	-0.15610193160928346	0.1177924173374574	-0.14874829984721386	0.1387993057079096	-0.0861277873950459	0.12429238489244326	-0.18428973134031806	0.2313364100810601	-0.18155206304144544	0.17921486204274353	-0.09657484689898631	0.17756257962116312	-0.3654565910396682	0.32048348568411206	-0.2593365384685779	0.09759773933477935	-0.29786491309971064	0.9999999999999922	-0.6935754239856244	0.2223710361402961
-0.054277610930992315	0.039869538370547235	-0.06048565186484428	0.06064304955667085	-0.058327723488362467	0.08940844741059975	-0.07568706458141852	0.04798448569847839	-0.052366629591346796	0.05104713060229475	-0.06888968251457468	0.07256846796123878	-0.06578108209871245	0.06965302644766931	-0.07213218815249145	0.10273062145230143	-0.0811864075553093	0.10360362268025354	-0.10328389506859072	0.06359508424031085	-0.08378832891376962	0.12193928739998305	-0.18229674626581654	0.13502918632598546	-0.1389186063172158	0.0636760522932277	-0.12222778440627735	0.23076143165062946	-0.5016547485350027	0.2576024700021677	-0.06534670462823532	0.17998728806075784	-0.6935754239856244	0.9999999999999925	-0.3672280892124329
0.043627912209308325	-0.03211291362665658	0.04879574564280996	-0.04995802026229209	0.04765528900178912	-0.07224045610906514	0.060743797268423605	-0.03881553552648735	0.042823326723546246	-0.04217508364813993	0.05469380761863087	-0.058173012088613335	0.05291705559769776	-0.057028967503384216	0.06047763834196136	-0.08011185644413521	0.06416494394949057	-0.08320491081120372	0.08171261096003936	-0.05566903217880449	0.06339096806582274	-0.09054231141038659	0.12008893672920508	-0.10850279119796932	0.1276500877859409	-0.0488677955918537	0.08594029177667714	-0.14420120896534674	0.23601254488799983	-0.8629266403326741	0.0495758413449335	-0.13511662034349553	0.2223710361402961	-0.3672280892124329	0.9999999999999927
