1.0	-0.17162956720843314	0.09811044141464267	-0.05618282433571255	0.045506180223042654	-0.9612223496103769	0.1385758045231136	-0.08513313159963405	0.057504687098876794	-0.055756912273400384	0.10407163956757676	-0.0654040339177104	0.06363215170670752	-0.050915535777896294	0.05933174155763421	-0.08863388059476285	0.05333136334598716	-0.04942385738097818	0.0396081041210686	-0.04269084253364166	0.0428321710078487	-0.04337961231719206	0.052310725446651114	-0.04990704949025761	0.04443385327882767	-0.024381291225816566	0.029154396024823784	-0.02747940083119987	0.01952470906226893	-0.01822459219171498	0.029386198518710226	-0.031082739053481457	0.022712748733618057	-0.015320882205713229	0.01413702131259247
-0.17162956720843314	1.0	-0.6007694202235563	0.17554457631300652	-0.14917503602107735	0.14431573937268663	-0.656323554747543	0.2937098011609619	-0.1821640093633171	0.16021214843152823	-0.11745327880455118	0.14398365440895422	-0.15339219484034966	0.12725987627179888	-0.15017034173526594	0.09796964588850834	-0.12188502946338627	0.10832745428073633	-0.09532908527213867	0.09792137202113627	-0.07081916293616482	0.07387337476454021	-0.11007559527496211	0.10835049891855933	-0.09928416136736173	0.040770740607058945	-0.05269724697080843	0.04982401206351663	-0.03827719990062593	0.03558119784889438	-0.05148089248000619	0.054432425350371724	-0.04169785125910456	0.029204154586451276	-0.027288737091783727
0.09811044141464267	-0.6007694202235563	1.0	-0.3027169238057915	0.19346375413980188	-0.10093972310678927	0.3160814372489838	-0.583886882069216	0.23179006907473346	-0.22409559222106198	0.10113026080617485	-0.11948318817614881	0.14508730973448936	-0.15307805264582325	0.16580222625858573	-0.09003295005950564	0.10007573707469238	-0.10493955108138298	0.10657497923684661	-0.10998811545334261	0.06758883660947274	-0.07135073931464526	0.10898599378516743	-0.11790463438962491	0.10600767151320499	-0.03945272473671443	0.05171774072708518	-0.04947288936187238	0.03933340563456966	-0.036742644164691855	0.04986517502978413	-0.05418472276409837	0.04153175343058225	-0.029799064213077257	0.02786690084076031
-0.05618282433571255	0.17554457631300652	-0.3027169238057915	0.9999999999999998	-0.7969962239213203	0.05522577391546392	-0.209157897682563	0.21452665752047526	-0.2838341624309309	0.2824373118922042	-0.09469359178684028	0.0967135710901672	-0.13568931718252156	0.158471040546394	-0.23430788418955933	0.08147951747929959	-0.08872563297118012	0.09446816524840587	-0.11916116802215407	0.119842383732715	-0.06741016356323506	0.06933090633101664	-0.11335974004999663	0.1207889400096232	-0.1211401504335128	0.039346033718829124	-0.0519362834122042	0.049475958096385865	-0.04095087549834502	0.03809053511908948	-0.05075257136762005	0.053661010822383864	-0.042048872249704106	0.03057042973563879	-0.028920270280680442
0.045506180223042654	-0.14917503602107735	0.19346375413980188	-0.7969962239213203	1.0000000000000007	-0.046058622457558526	0.15770577602646002	-0.19806817713957106	0.23574099546898114	-0.4575425964220294	0.07849824970100204	-0.08070343450497981	0.11183029770462609	-0.14714546008178747	0.1942162869847367	-0.06968829837801258	0.07303020301416366	-0.08047927993110525	0.10348323462432735	-0.10888838556248655	0.05702849882306721	-0.05938539356864138	0.09559928876312397	-0.10849858680357459	0.10333238720057802	-0.033500693454903266	0.0444004095955645	-0.04257757846834989	0.035448863826686536	-0.03314318608646168	0.0429664725583271	-0.04646956872568624	0.036124655483694326	-0.026515585923715494	0.024987418682690294
-0.9612223496103769	0.14431573937268663	-0.10093972310678927	0.05522577391546392	-0.046058622457558526	1.000000000000001	-0.15704500865126417	0.08390450477100239	-0.05825577734422962	0.0551657080003161	-0.12009261404185141	0.06733995401370993	-0.06584819364407032	0.05085331148535281	-0.060148019857375126	0.08672242355484083	-0.05563511488324777	0.05025278515949037	-0.03983893506866918	0.0426104446232921	-0.04310575143601725	0.04324511006167209	-0.05309329706789893	0.04980825793310313	-0.04470113778273926	0.02439863772859572	-0.02920288745896163	0.027428164355334878	-0.01952523348953049	0.01818720813323632	-0.02960370358029821	0.03088328102225001	-0.022703768561628916	0.015291557097986914	-0.014133054081941366
0.1385758045231136	-0.656323554747543	0.3160814372489838	-0.209157897682563	0.15770577602646002	-0.15704500865126417	1.0000000000000013	-0.4691920544937362	0.21958775101189495	-0.22106597069670433	0.1481523272412259	-0.24538263988614636	0.1930441938867965	-0.17359341216593357	0.18451606392501757	-0.1331927021864063	0.16223220208493502	-0.15061887152414816	0.1249313222121	-0.1327138326742043	0.09337081263792461	-0.09996321641299982	0.14356114174426277	-0.14831255110188526	0.1293326524118534	-0.054221739597449164	0.07032515964861821	-0.06702982147289502	0.05121689774102711	-0.047864888858642846	0.0676883548917675	-0.07378557912509459	0.055811083408035776	-0.03927425822158637	0.03650588876108839
-0.08513313159963405	0.2937098011609619	-0.583886882069216	0.21452665752047526	-0.19806817713957106	0.08390450477100239	-0.4691920544937362	1.0000000000000016	-0.46689089439950804	0.24600043326626586	-0.11814928420305315	0.14460436459497486	-0.2038014689100431	0.18698022352219643	-0.2029263689708672	0.10253232384988979	-0.12494709021117478	0.12925989678608188	-0.13446197170469293	0.127163840311442	-0.07942955258874536	0.08359503791955389	-0.13217828510059448	0.1374816661775339	-0.1261267492357465	0.04609175417790672	-0.06079980288410427	0.057972777087819574	-0.0461180655800829	0.04287656056664901	-0.058529360160181676	0.06289806853326825	-0.04865932452606389	0.03478709886766289	-0.03261548968421649
0.057504687098876794	-0.1821640093633171	0.23179006907473346	-0.2838341624309309	0.23574099546898114	-0.05825577734422962	0.21958775101189495	-0.46689089439950804	1.0000000000000018	-0.6183495945630726	0.10881114989508843	-0.11746578750639167	0.16808005116159855	-0.36928372636097506	0.26304522742581354	-0.0981872396400128	0.10519746732256524	-0.12120010598289352	0.18772099832159786	-0.17109295756661091	0.08124785391188648	-0.08580447277131051	0.1418490744376502	-0.17553849968323393	0.15353037574512737	-0.04770881592994277	0.0641276779230457	-0.06191056383351584	0.05249844855071185	-0.049024645679179	0.060961311958566744	-0.06708233161734445	0.05233068429780309	-0.03895493513450223	0.03663078701725416
-0.055756912273400384	0.16021214843152823	-0.22409559222106198	0.2824373118922042	-0.4575425964220294	0.0551657080003161	-0.22106597069670433	0.24600043326626586	-0.6183495945630726	1.0000000000000027	-0.10939715648501874	0.11172661607294021	-0.1630448823885446	0.23249472501201943	-0.4041141813736602	0.09574900143069187	-0.10342093426524925	0.11395740119060542	-0.16835193492372666	0.163789297839802	-0.08082280936201791	0.08379640385413188	-0.1397380863528798	0.15765668064175584	-0.15602861260779818	0.047316206390513	-0.06317011964838896	0.0605313222877818	-0.05126093796600279	0.04777680798839823	-0.06097901978668152	0.06552992272815829	-0.05147266926485012	0.03801935017779393	-0.03599026661198047
0.10407163956757676	-0.11745327880455118	0.10113026080617485	-0.09469359178684028	0.07849824970100204	-0.12009261404185141	0.1481523272412259	-0.11814928420305315	0.10881114989508843	-0.10939715648501874	1.0000000000000018	-0.3374255265092358	0.220489071868085	-0.14368947169067184	0.16335611695422886	-0.7563266170033582	0.22332324561026975	-0.1963644221360274	0.12207139393707617	-0.13529720747457513	0.2298945232007589	-0.22500643431021716	0.20432639849120135	-0.17795278127077652	0.1484951607499545	-0.12684750776376197	0.13745905788866516	-0.1284583409361156	0.08112733705326339	-0.07580736623689587	0.14281003240402892	-0.14940499487491948	0.10357524108808433	-0.06601656505255132	0.05979968087044897
-0.0654040339177104	0.14398365440895422	-0.11948318817614881	0.0967135710901672	-0.08070343450497981	0.06733995401370993	-0.24538263988614636	0.14460436459497486	-0.11746578750639167	0.11172661607294021	-0.3374255265092358	1.000000000000004	-0.4267760957447702	0.1446499605944837	-0.15113226295338172	0.2229556841043655	-0.7066992136583737	0.2920602331976429	-0.1220562170180378	0.12124124893376496	-0.1484740389622572	0.16023676856586022	-0.21877998278416155	0.1623570095216466	-0.13009702062868714	0.08033208893545082	-0.10421835092352	0.09491176178622301	-0.06347534089022971	0.05819716297081086	-0.09907539246338298	0.10134571265583825	-0.07697756304990168	0.049809769898276304	-0.045778558445585996
0.06363215170670752	-0.15339219484034966	0.14508730973448936	-0.13568931718252156	0.11183029770462609	-0.06584819364407032	0.1930441938867965	-0.2038014689100431	0.16808005116159855	-0.1630448823885446	0.220489071868085	-0.4267760957447702	1.000000000000005	-0.2705857266759374	0.21999393618898175	-0.22445044291472552	0.300476609334572	-0.6064743022574343	0.19509957113838977	-0.19426856310043553	0.16048181259821617	-0.18662853126082923	0.2834607463913573	-0.26984783193654494	0.1929288286212568	-0.0939985299682104	0.12688797385039322	-0.12466682013558623	0.08878437690765835	-0.082972785110017	0.11439112951188019	-0.13437743509855377	0.10019793667442214	-0.06916139497233277	0.0631617362125681
-0.050915535777896294	0.12725987627179888	-0.15307805264582325	0.158471040546394	-0.14714546008178747	0.05085331148535281	-0.17359341216593357	0.18698022352219643	-0.36928372636097506	0.23249472501201943	-0.14368947169067184	0.1446499605944837	-0.2705857266759374	1.0000000000000007	-0.4301581739689614	0.1274210993639418	-0.1408644734787283	0.1759570956475337	-0.6197361358362906	0.2676645816465916	-0.11726037230812987	0.12230506671619307	-0.23508925988778576	0.281042567591476	-0.2660119435230634	0.06806754507169067	-0.09437547694620305	0.09107781010310925	-0.08174056802306902	0.07472791367947558	-0.08826533981131257	0.09558798646661848	-0.077446817873047	0.058600698110949576	-0.0558807506202992
0.05933174155763421	-0.15017034173526594	0.16580222625858573	-0.23430788418955933	0.1942162869847367	-0.060148019857375126	0.18451606392501757	-0.2029263689708672	0.26304522742581354	-0.4041141813736602	0.16335611695422886	-0.15113226295338172	0.21999393618898175	-0.4301581739689614	1.0000000000000056	-0.15273836824456227	0.14192419263650433	-0.17045713179083807	0.26685953496508846	-0.4041539538994073	0.13108264422266913	-0.13897885444363525	0.22139460705288902	-0.30158025091310153	0.280106754082474	-0.07854335377058631	0.10592127220381652	-0.10331244488874015	0.09087294398548969	-0.08662312671407738	0.1005562153984743	-0.11435638610909656	0.08808752949425971	-0.06771836676510556	0.06367316764659528
-0.08863388059476285	0.09796964588850834	-0.09003295005950564	0.08147951747929959	-0.06968829837801258	0.08672242355484083	-0.1331927021864063	0.10253232384988979	-0.0981872396400128	0.09574900143069187	-0.7563266170033582	0.2229556841043655	-0.22445044291472552	0.1274210993639418	-0.15273836824456227	1.0000000000000038	-0.23137459332120663	0.17888314969913174	-0.11283467855944176	0.12080001828451556	-0.3830011428627722	0.22728580112715985	-0.21840544079388047	0.15954586605131174	-0.140850065927356	0.15702161253632166	-0.14771992505805856	0.12602503416724098	-0.07902545461744803	0.07169463919076392	-0.19441467866785464	0.14058794964824223	-0.1042033723889565	0.06349527654078307	-0.05841804390767753
0.05333136334598716	-0.12188502946338627	0.10007573707469238	-0.08872563297118012	0.07303020301416366	-0.05563511488324777	0.16223220208493502	-0.12494709021117478	0.10519746732256524	-0.10342093426524925	0.22332324561026975	-0.7066992136583737	0.300476609334572	-0.1408644734787283	0.14192419263650433	-0.23137459332120663	1.000000000000006	-0.5062461794983911	0.1211124415354482	-0.12128579134054364	0.15114368797242975	-0.19676862664939307	0.22510377550105515	-0.1720063821763986	0.12734335429495103	-0.08249475249726283	0.1111679493416498	-0.10264030151074792	0.06557813227031539	-0.06040565229403546	0.09873028774066178	-0.10831270498116584	0.08058957125023616	-0.05191373312345081	0.04723183744420793
-0.04942385738097818	0.10832745428073633	-0.10493955108138298	0.09446816524840587	-0.08047927993110525	0.05025278515949037	-0.15061887152414816	0.12925989678608188	-0.12120010598289352	0.11395740119060542	-0.1963644221360274	0.2920602331976429	-0.6064743022574343	0.1759570956475337	-0.17045713179083807	0.17888314969913174	-0.5062461794983911	1.0000000000000056	-0.16958444738997863	0.14700000465141227	-0.1527300677770397	0.1779542692492043	-0.4471964694708971	0.2198736179044626	-0.15788199276792492	0.08454198841432863	-0.12257854006700986	0.11811826062324189	-0.07750115297218681	0.07026143216892947	-0.10483484407921485	0.11674670208795761	-0.09296094310425243	0.059911504208492505	-0.05492976595621904
0.0396081041210686	-0.09532908527213867	0.10657497923684661	-0.11916116802215407	0.10348323462432735	-0.03983893506866918	0.1249313222121	-0.13446197170469293	0.18772099832159786	-0.16835193492372666	0.12207139393707617	-0.1220562170180378	0.19509957113838977	-0.6197361358362906	0.26685953496508846	-0.11283467855944176	0.1211124415354482	-0.16958444738997863	1.000000000000004	-0.4332382436689845	0.10495972205795695	-0.1144913782882805	0.22291570069551106	-0.5094393876465092	0.2722547961859083	-0.06143667617009231	0.08809452437954272	-0.08752776555866434	0.08536530168355384	-0.0785009314524294	0.07862738309455854	-0.0908089407080982	0.0734288407827921	-0.05968797487559457	0.055858792965986975
-0.04269084253364166	0.09792137202113627	-0.10998811545334261	0.119842383732715	-0.10888838556248655	0.0426104446232921	-0.1327138326742043	0.127163840311442	-0.17109295756661091	0.163789297839802	-0.13529720747457513	0.12124124893376496	-0.19426856310043553	0.2676645816465916	-0.4041539538994073	0.12080001828451556	-0.12128579134054364	0.14700000465141227	-0.4332382436689845	1.0000000000000095	-0.11472307469768178	0.11924426906354456	-0.21702575785191472	0.2828669095299615	-0.6902208095758182	0.06761108610010297	-0.09595546660346782	0.09391306859883587	-0.10099914589848336	0.09807104494465917	-0.08800907224907226	0.09949679653630446	-0.0816858083100466	0.06921781464898995	-0.06994861058367945
0.0428321710078487	-0.07081916293616482	0.06758883660947274	-0.06741016356323506	0.05702849882306721	-0.04310575143601725	0.09337081263792461	-0.07942955258874536	0.08124785391188648	-0.08082280936201791	0.2298945232007589	-0.1484740389622572	0.16048181259821617	-0.11726037230812987	0.13108264422266913	-0.3830011428627722	0.15114368797242975	-0.1527300677770397	0.10495972205795695	-0.11472307469768178	1.0000000000000062	-0.6242522807819605	0.21954579656490777	-0.16951448588251167	0.128744839777766	-0.4142421581103057	0.2304017363581403	-0.19953417928151107	0.09891050521679602	-0.09115481117010006	0.27398642355279346	-0.2224855224566794	0.14673824248613937	-0.08371974346888142	0.07383198986763428
-0.04337961231719206	0.07387337476454021	-0.07135073931464526	0.06933090633101664	-0.05938539356864138	0.04324511006167209	-0.09996321641299982	0.08359503791955389	-0.08580447277131051	0.08379640385413188	-0.22500643431021716	0.16023676856586022	-0.18662853126082923	0.12230506671619307	-0.13897885444363525	0.22728580112715985	-0.19676862664939307	0.1779542692492043	-0.1144913782882805	0.11924426906354456	-0.6242522807819605	1.0000000000000053	-0.34692722724007435	0.1812497530245452	-0.14003973374942622	0.21761572118993	-0.4412430271153838	0.23296734143498654	-0.11527916675069422	0.09953149020533002	-0.26380146943484456	0.22600609792497656	-0.17995978647854605	0.09365732718064229	-0.08475097916413868
0.052310725446651114	-0.11007559527496211	0.10898599378516743	-0.11335974004999663	0.09559928876312397	-0.05309329706789893	0.14356114174426277	-0.13217828510059448	0.1418490744376502	-0.1397380863528798	0.20432639849120135	-0.21877998278416155	0.2834607463913573	-0.23508925988778576	0.22139460705288902	-0.21840544079388047	0.22510377550105515	-0.4471964694708971	0.22291570069551106	-0.21702575785191472	0.21954579656490777	-0.34692722724007435	1.000000000000003	-0.503203697245448	0.22767441282129333	-0.12854801238281097	0.208104629665753	-0.2460663443609797	0.13300486929908092	-0.12158534372896425	0.1515184310810818	-0.2057674629317183	0.16071197931521947	-0.10421492621898476	0.0924074324549883
-0.04990704949025761	0.10835049891855933	-0.11790463438962491	0.1207889400096232	-0.10849858680357459	0.04980825793310313	-0.14831255110188526	0.1374816661775339	-0.17553849968323393	0.15765668064175584	-0.17795278127077652	0.1623570095216466	-0.26984783193654494	0.281042567591476	-0.30158025091310153	0.15954586605131174	-0.1720063821763986	0.2198736179044626	-0.5094393876465092	0.2828669095299615	-0.16951448588251167	0.1812497530245452	-0.503203697245448	1.0000000000000049	-0.400554409898046	0.09652117250507114	-0.14570920434160511	0.14416083447595562	-0.15697404647806973	0.12680292194817064	-0.12553697696677027	0.14087417079078268	-0.12127597172754585	0.09810760822240082	-0.09204941680358003
0.04443385327882767	-0.09928416136736173	0.10600767151320499	-0.1211401504335128	0.10333238720057802	-0.04470113778273926	0.1293326524118534	-0.1261267492357465	0.15353037574512737	-0.15602861260779818	0.1484951607499545	-0.13009702062868714	0.1929288286212568	-0.2660119435230634	0.280106754082474	-0.140850065927356	0.12734335429495103	-0.15788199276792492	0.2722547961859083	-0.6902208095758182	0.128744839777766	-0.14003973374942622	0.22767441282129333	-0.400554409898046	1.0000000000000069	-0.07777150875493943	0.11240984418917194	-0.11384597441054911	0.1290885566452617	-0.14630759864052473	0.09912012663914199	-0.12405794836472628	0.09833896642958967	-0.0912541146246235	0.09040359675323786
-0.024381291225816566	0.040770740607058945	-0.03945272473671443	0.039346033718829124	-0.033500693454903266	0.02439863772859572	-0.054221739597449164	0.04609175417790672	-0.04770881592994277	0.047316206390513	-0.12684750776376197	0.08033208893545082	-0.0939985299682104	0.06806754507169067	-0.07854335377058631	0.15702161253632166	-0.08249475249726283	0.08454198841432863	-0.06143667617009231	0.06761108610010297	-0.4142421581103057	0.21761572118993	-0.12854801238281097	0.09652117250507114	-0.07777150875493943	1.0000000000000049	-0.16527544432457655	0.12348696852366571	-0.06413505001410783	0.057612561560915904	-0.8431485496058844	0.14740424060086682	-0.10231908516885728	0.05447106811618148	-0.048885753614343844
0.029154396024823784	-0.05269724697080843	0.05171774072708518	-0.0519362834122042	0.0444004095955645	-0.02920288745896163	0.07032515964861821	-0.06079980288410427	0.0641276779230457	-0.06317011964838896	0.13745905788866516	-0.10421835092352	0.12688797385039322	-0.09437547694620305	0.10592127220381652	-0.14771992505805856	0.1111679493416498	-0.12257854006700986	0.08809452437954272	-0.09595546660346782	0.2304017363581403	-0.4412430271153838	0.208104629665753	-0.14570920434160511	0.11240984418917194	-0.16527544432457655	1.0000000000000049	-0.6311207433455208	0.15766364531788016	-0.13919778914416306	0.17125642094553284	-0.4678843083290762	0.2902655791974994	-0.13768977514365838	0.11578977469274827
-0.02747940083119987	0.04982401206351663	-0.04947288936187238	0.049475958096385865	-0.04257757846834989	0.027428164355334878	-0.06702982147289502	0.057972777087819574	-0.06191056383351584	0.0605313222877818	-0.1284583409361156	0.09491176178622301	-0.12466682013558623	0.09107781010310925	-0.10331244488874015	0.12602503416724098	-0.10264030151074792	0.11811826062324189	-0.08752776555866434	0.09391306859883587	-0.19953417928151107	0.23296734143498654	-0.2460663443609797	0.14416083447595562	-0.11384597441054911	0.12348696852366571	-0.6311207433455208	1.000000000000005	-0.2422797740485153	0.16481962943870127	-0.15421737593807064	0.32030054280131887	-0.5442526787344154	0.17292610756292198	-0.15123964613318178
0.01952470906226893	-0.03827719990062593	0.03933340563456966	-0.04095087549834502	0.035448863826686536	-0.01952523348953049	0.05121689774102711	-0.0461180655800829	0.05249844855071185	-0.05126093796600279	0.08112733705326339	-0.06347534089022971	0.08878437690765835	-0.08174056802306902	0.09087294398548969	-0.07902545461744803	0.06557813227031539	-0.07750115297218681	0.08536530168355384	-0.10099914589848336	0.09891050521679602	-0.11527916675069422	0.13300486929908092	-0.15697404647806973	0.1290885566452617	-0.06413505001410783	0.15766364531788016	-0.2422797740485153	1.0000000000000038	-0.741504572759551	0.07982535228869875	-0.1914041637102277	0.1925590430517354	-0.47467772477683334	0.3089956024603623
-0.01822459219171498	0.03558119784889438	-0.036742644164691855	0.03809053511908948	-0.03314318608646168	0.01818720813323632	-0.047864888858642846	0.04287656056664901	-0.049024645679179	0.04777680798839823	-0.07580736623689587	0.05819716297081086	-0.082972785110017	0.07472791367947558	-0.08662312671407738	0.07169463919076392	-0.06040565229403546	0.07026143216892947	-0.0785009314524294	0.09807104494465917	-0.09115481117010006	0.09953149020533002	-0.12158534372896425	0.12680292194817064	-0.14630759864052473	0.057612561560915904	-0.13919778914416306	0.16481962943870127	-0.741504572759551	1.000000000000004	-0.07391225082122531	0.15003181671476176	-0.16746339175183422	0.3084634130530326	-0.5259676882720019
0.029386198518710226	-0.05148089248000619	0.04986517502978413	-0.05075257136762005	0.0429664725583271	-0.02960370358029821	0.0676883548917675	-0.058529360160181676	0.060961311958566744	-0.06097901978668152	0.14281003240402892	-0.09907539246338298	0.11439112951188019	-0.08826533981131257	0.1005562153984743	-0.19441467866785464	0.09873028774066178	-0.10483484407921485	0.07862738309455854	-0.08800907224907226	0.27398642355279346	-0.26380146943484456	0.1515184310810818	-0.12553697696677027	0.09912012663914199	-0.8431485496058844	0.17125642094553284	-0.15421737593807064	0.07982535228869875	-0.07391225082122531	1.0000000000000038	-0.2045019864565376	0.12484081935086733	-0.0691496879816953	0.06102196268963747
-0.031082739053481457	0.054432425350371724	-0.05418472276409837	0.053661010822383864	-0.04646956872568624	0.03088328102225001	-0.07378557912509459	0.06289806853326825	-0.06708233161734445	0.06552992272815829	-0.14940499487491948	0.10134571265583825	-0.13437743509855377	0.09558798646661848	-0.11435638610909656	0.14058794964824223	-0.10831270498116584	0.11674670208795761	-0.0908089407080982	0.09949679653630446	-0.2224855224566794	0.22600609792497656	-0.2057674629317183	0.14087417079078268	-0.12405794836472628	0.14740424060086682	-0.4678843083290762	0.32030054280131887	-0.1914041637102277	0.15003181671476176	-0.2045019864565376	1.0000000000000036	-0.6868909334879473	0.18495865182093918	-0.17775715298789702
0.022712748733618057	-0.04169785125910456	0.04153175343058225	-0.042048872249704106	0.036124655483694326	-0.022703768561628916	0.055811083408035776	-0.04865932452606389	0.05233068429780309	-0.05147266926485012	0.10357524108808433	-0.07697756304990168	0.10019793667442214	-0.077446817873047	0.08808752949425971	-0.1042033723889565	0.08058957125023616	-0.09296094310425243	0.0734288407827921	-0.0816858083100466	0.14673824248613937	-0.17995978647854605	0.16071197931521947	-0.12127597172754585	0.09833896642958967	-0.10231908516885728	0.2902655791974994	-0.5442526787344154	0.1925590430517354	-0.16746339175183422	0.12484081935086733	-0.6868909334879473	1.0000000000000038	-0.2727502777420604	0.17881399900872166
-0.015320882205713229	0.029204154586451276	-0.029799064213077257	0.03057042973563879	-0.026515585923715494	0.015291557097986914	-0.03927425822158637	0.03478709886766289	-0.03895493513450223	0.03801935017779393	-0.06601656505255132	0.049809769898276304	-0.06916139497233277	0.058600698110949576	-0.06771836676510556	0.06349527654078307	-0.05191373312345081	0.059911504208492505	-0.05968797487559457	0.06921781464898995	-0.08371974346888142	0.09365732718064229	-0.10421492621898476	0.09810760822240082	-0.0912541146246235	0.05447106811618148	-0.13768977514365838	0.17292610756292198	-0.47467772477683334	0.3084634130530326	-0.0691496879816953	0.18495865182093918	-0.2727502777420604	1.0000000000000033	-0.7560176752987556
0.01413702131259247	-0.027288737091783727	0.02786690084076031	-0.028920270280680442	0.024987418682690294	-0.014133054081941366	0.03650588876108839	-0.03261548968421649	0.03663078701725416	-0.03599026661198047	0.05979968087044897	-0.045778558445585996	0.0631617362125681	-0.0558807506202992	0.06367316764659528	-0.05841804390767753	0.04723183744420793	-0.05492976595621904	0.055858792965986975	-0.06994861058367945	0.07383198986763428	-0.08475097916413868	0.0924074324549883	-0.09204941680358003	0.09040359675323786	-0.048885753614343844	0.11578977469274827	-0.15123964613318178	0.3089956024603623	-0.5259676882720019	0.06102196268963747	-0.17775715298789702	0.17881399900872166	-0.7560176752987556	1.0000000000000036
