1.0	-0.7451283931812317	0.16605933611259838	-0.10775333878894669	0.11411909827703573	-0.3943669818817361	0.2706205238815665	-0.3088571183769835	0.13523329298802872	-0.09731324362237416	0.2712143616462296	-0.19216923990832133	0.18156559378015083	-0.12307507664078117	0.10917680064618034	-0.04656738410520686	0.15364844172194367	-0.12445591959090639	0.11703435927174878	-0.10541214673805381	0.042634919840472144	-0.10858720940198864	0.10185072869750282	-0.08553180019574058	0.11876367235110803	-0.09519534300798747	0.0778932939955638	-0.09617103244857927	0.09431863434791994	-0.0734843741492603	0.08102623789741377	-0.08176209543527156	0.07959861860779865	-0.0731113693079549	0.05829495385967222	-0.07860583170268406	0.054555403029223355	-0.0644752752034701	0.0811953951059708	-0.056990223307602776	0.04881829822535069	-0.04988367718860622	0.06476278524162696	-0.05114868798242797	0.03381463961581807
-0.7451283931812317	0.9999999999999998	-0.20757417080528678	0.12292227620856842	-0.13132420913728343	0.2575328646431339	-0.40214352060919933	0.27087272595906886	-0.15516793448611915	0.10804591779259018	-0.3131670581306381	0.20740544199304942	-0.21668221644847332	0.1349031738026457	-0.12141994273459178	0.0469311204949095	-0.17208980991675413	0.13283280699188832	-0.1289005091745758	0.11339052086327252	-0.04353183943481055	0.1115591104482992	-0.10747756691998718	0.08886099631194706	-0.12492322722134695	0.09391758902055618	-0.07877694133641426	0.09754205286688504	-0.09746452442707527	0.07123831675730107	-0.08034195138334634	0.08138549655551465	-0.0802940217722909	0.07201183515173196	-0.05724224347262319	0.07607674545962483	-0.05332281880866021	0.0625965013827142	-0.08043111461690158	0.05418877204633661	-0.04746181879299054	0.048151899747377026	-0.06249095210034847	0.048644951344375104	-0.03233191622784139
0.16605933611259838	-0.20757417080528678	0.9999999999999998	-0.6761145505198631	0.2721985547116148	-0.10138894227092528	0.1855742900954594	-0.34749338650018213	0.2782811483991344	-0.25635619157302747	0.12433404160987116	-0.15795693508246744	0.18667182298723933	-0.23504273040295653	0.19215246209523917	-0.05522837990429696	0.17866147160323953	-0.16915646547788904	0.18051707190167893	-0.19186392426481147	0.05052427833108739	-0.13853034550420076	0.13228232704564066	-0.11943173558098877	0.15885786476805872	-0.12312450201131887	0.09971976054462445	-0.1286268881452229	0.12441848977896651	-0.09717874134130561	0.10370975836164549	-0.10687252363736356	0.10336588955987432	-0.09592078575562685	0.07596060421737197	-0.10236929244075585	0.0705335311978179	-0.08395854981524589	0.10417996100570466	-0.07423765657638631	0.06282761243737325	-0.06466175125490048	0.08301654807008332	-0.06649056734894858	0.04385746923305742
-0.10775333878894669	0.12292227620856842	-0.6761145505198631	1.0	-0.47201574351993386	0.06661359424556977	-0.12265737682172045	0.19429062953736578	-0.42338898749232196	0.2595986986615114	-0.08258304678238079	0.11115151645436365	-0.13976493375096535	0.20909923959939167	-0.1854974831422507	0.038380078553218754	-0.13200109634414142	0.12698978342654174	-0.15722478248364063	0.16121704002022336	-0.035273656994315235	0.09863735282934653	-0.09732160524258426	0.08891618261959998	-0.11899646856155971	0.08477739674904221	-0.06979071428942958	0.09141502536941468	-0.09019432869486962	0.06595356940416996	-0.07108164529287504	0.07413021460614334	-0.07239583297918153	0.06584280532003492	-0.05187610590344022	0.0692294399126459	-0.047914914383309394	0.056879696993469134	-0.07125454573281682	0.049440934687827454	-0.04240666274206926	0.04352456859405365	-0.055609680047064486	0.04426273259053104	-0.029286752357491383
0.11411909827703573	-0.13132420913728343	0.2721985547116148	-0.47201574351993386	1.0000000000000004	-0.0722680477137491	0.13070954902328688	-0.21241508240497148	0.281420601903035	-0.6783083197070924	0.08917554093380375	-0.12368283516938056	0.15069569051384624	-0.22586116340292006	0.2513104570246423	-0.046104055797519736	0.15136216530333224	-0.15072470735091156	0.17839702542390365	-0.23450745355809252	0.04221653648942598	-0.1182315526288805	0.11504015052892513	-0.10821473897900255	0.14327097434126002	-0.1031266502934581	0.08404506990787598	-0.1108958025744517	0.10810180457300841	-0.08089410912809238	0.08608754022144421	-0.09006522334207465	0.0873933052243493	-0.08028968656409868	0.06318762468961289	-0.0846654487655563	0.058354140094259474	-0.06949585963157488	0.08633220324098334	-0.060670531490385114	0.05167423031895813	-0.05320358846128118	0.06781453245417383	-0.05429386950499635	0.03586468000844467
-0.3943669818817361	0.2575328646431339	-0.10138894227092528	0.06661359424556977	-0.0722680477137491	1.0000000000000007	-0.3113413591032846	0.210619435054303	-0.08848628163834694	0.062384925428083396	-0.8153849292785782	0.18021480601431064	-0.15218455280236612	0.08458515380297194	-0.07168082376835033	0.03488658177605236	-0.11243874201242715	0.0878012474295267	-0.07944327449735565	0.06970251205537745	-0.03215651222384352	0.07406627992478049	-0.06921893372958599	0.055810865417899494	-0.07652816142929865	0.06195975773453278	-0.05134692611954089	0.06286428182444084	-0.06109909449007137	0.0458278474053345	-0.05168861006657606	0.052849482464362794	-0.05148352865127969	0.046127733324375614	-0.03651746601173137	0.04946110885448211	-0.03433865605100698	0.0404836306992172	-0.050995332761623706	0.0350893504050618	-0.030527461160031202	0.031137423268429436	-0.040041545273244494	0.031494178020198625	-0.020858258204193
0.2706205238815665	-0.40214352060919933	0.1855742900954594	-0.12265737682172045	0.13070954902328688	-0.3113413591032846	1.0000000000000009	-0.5651005463052879	0.16096700330668504	-0.1141589752026074	0.256799570995275	-0.49666998498277143	0.2864733793906139	-0.15978606350312693	0.13016171774221763	-0.05455717904546865	0.20551513653868783	-0.16600344241318302	0.14548264071213765	-0.12831650209477014	0.04993477654469737	-0.13640447807431688	0.1258577730645575	-0.10073102051538711	0.13628701157419346	-0.11109839390714517	0.09203397706033836	-0.11371428362305185	0.10919610950507755	-0.08111522964565716	0.09157496167943018	-0.0947934496685767	0.09200353617956637	-0.0819076131571139	0.0645544580624318	-0.08771016431006565	0.06076900962093041	-0.0717163404830277	0.08998985746617401	-0.06164376957595184	0.05384199937068021	-0.05497777345747959	0.07025735355213789	-0.05531170468353859	0.036640012910822
-0.3088571183769835	0.27087272595906886	-0.34749338650018213	0.19429062953736578	-0.21241508240497148	0.210619435054303	-0.5651005463052879	0.9999999999999996	-0.2543271540537182	0.1699738135270992	-0.2729125673247111	0.28885385958952436	-0.38730066266435653	0.21238095543397267	-0.1917009570161097	0.0646722596225302	-0.26061022987061644	0.20095575580754485	-0.20169845175558634	0.1739947966299184	-0.0603724626775735	0.16212971801305068	-0.1606116385543139	0.13211883525360799	-0.18739226824388752	0.13294373842801005	-0.11355172500877324	0.14187726190879	-0.1440200565355701	0.10031327346496668	-0.11453885017007966	0.11640548617176386	-0.11611548623921572	0.10253484638852342	-0.08136110728700018	0.10661463710691901	-0.07534657050507462	0.08801699556954289	-0.11496519688844412	0.0751281101053449	-0.06680399919532005	0.06741091611399583	-0.08757001360764106	0.06744015340296748	-0.04501388819612111
0.13523329298802872	-0.15516793448611915	0.2782811483991344	-0.42338898749232196	0.281420601903035	-0.08848628163834694	0.16096700330668504	-0.2543271540537182	0.9999999999999993	-0.39149558347492186	0.10853013239935318	-0.16877497893614146	0.20897761480895855	-0.5689429643950564	0.25809786460170875	-0.057011275708145355	0.19289512192024474	-0.2043153075495825	0.2556203178734659	-0.2557517348757619	0.052217533351834634	-0.14913081176721196	0.1466048833356075	-0.13574487281073344	0.17324897691233254	-0.12637677658148228	0.10368826020291821	-0.13774965970245812	0.13340666249179567	-0.09711001494827753	0.10440995716189018	-0.11036686138191656	0.10719487036844558	-0.09707149383711285	0.07606372421104357	-0.10205723879214365	0.0703754011694359	-0.08372961612721083	0.1040513020369707	-0.07232232463240525	0.06208444032446954	-0.06387007159689992	0.08104117596030726	-0.06472263223014577	0.0427974809487939
-0.09731324362237416	0.10804591779259018	-0.25635619157302747	0.2595986986615114	-0.6783083197070924	0.062384925428083396	-0.1141589752026074	0.1699738135270992	-0.39149558347492186	0.999999999999999	-0.07751803218671553	0.1123022891598115	-0.14443336744001345	0.23280458573889012	-0.4534323006996081	0.04082981235920355	-0.14442615405613923	0.1425058793877101	-0.1963324975588059	0.239751581556947	-0.037624881280264894	0.10706684524512582	-0.10837147573402875	0.10282171694224071	-0.1407872080594346	0.09024463904105906	-0.07504545967836539	0.10033744940632441	-0.10097843888218959	0.06991571713947542	-0.07531792774854804	0.07953651849698092	-0.07822964286818317	0.07029954889976722	-0.055120840879998356	0.07283792558992563	-0.05054023058307707	0.05995010363397906	-0.07554654023662247	0.05142624295776492	-0.04446662261179371	0.045598661292385746	-0.05794863559485678	0.04600314444882138	-0.030507040283791587
0.2712143616462296	-0.3131670581306381	0.12433404160987116	-0.08258304678238079	0.08917554093380375	-0.8153849292785782	0.256799570995275	-0.2729125673247111	0.10853013239935318	-0.07751803218671553	0.9999999999999993	-0.2392653868998572	0.17545673037416482	-0.10481762837969302	0.08858423788386365	-0.045284692943314574	0.13574420083874933	-0.10932383551152604	0.09792238201814916	-0.08705575071398025	0.04094191256082529	-0.09358306752938056	0.08638172820081266	-0.07030039582584513	0.09601918397147713	-0.07938084331168903	0.06514606908484152	-0.0797649080192686	0.07702435447991694	-0.05891961414183808	0.06602581078242649	-0.06745772185041506	0.06539004075370658	-0.05903955550798195	0.046769606162262084	-0.06365936984232633	0.044053042095905	-0.05204578217203034	0.06514924300564512	-0.04535633170757541	0.03922250610303208	-0.04009334547123902	0.051539458170681535	-0.04070720999199673	0.026918609066966998
-0.19216923990832133	0.20740544199304942	-0.15795693508246744	0.11115151645436365	-0.12368283516938056	0.18021480601431064	-0.49666998498277143	0.28885385958952436	-0.16877497893614146	0.1123022891598115	-0.2392653868998572	1.0000000000000004	-0.6710848595154597	0.18615156613537906	-0.13718995997778233	0.057169265131685146	-0.3235102858984534	0.20533143976455323	-0.1687707420607616	0.1355445172586193	-0.05278752298637187	0.15431950771651534	-0.14488321393675269	0.10433655883091883	-0.13802229965106982	0.11283653048899514	-0.09698569875028769	0.1179353797493969	-0.11191941816145602	0.07746218924783672	-0.0905189271291269	0.0960085627387725	-0.09376566223141458	0.07969682741000397	-0.06210593850074012	0.08474541434211748	-0.05882741161439366	0.06913950051441922	-0.08682362775374286	0.05767225917449335	-0.05153844817465066	0.05248117326851123	-0.06613120522178255	0.051747588130280436	-0.034373042587732466
0.18156559378015083	-0.21668221644847332	0.18667182298723933	-0.13976493375096535	0.15069569051384624	-0.15218455280236612	0.2864733793906139	-0.38730066266435653	0.20897761480895855	-0.14443336744001345	0.17545673037416482	-0.6710848595154597	1.0	-0.3124937872443962	0.17213520848682967	-0.06687942455604652	0.26482000669602596	-0.2935585314872148	0.21496388452391296	-0.17945451436183996	0.06107889112136414	-0.18305239123394057	0.17320138232909388	-0.13024626396003847	0.16671951445173952	-0.13882005434148267	0.11607152028357741	-0.14697854712801448	0.13607313287476427	-0.09684755717231738	0.11046294413732008	-0.11830441814146786	0.1142752801627329	-0.09882568232335125	0.0768439063148576	-0.10541379350557166	0.07268334534328869	-0.08593597593582071	0.10653949143005718	-0.07218499718219955	0.06372749414521019	-0.06525118731810967	0.08193961670726753	-0.06472219709527807	0.04288025839724416
-0.12307507664078117	0.1349031738026457	-0.23504273040295653	0.20909923959939167	-0.22586116340292006	0.08458515380297194	-0.15978606350312693	0.21238095543397267	-0.5689429643950564	0.23280458573889012	-0.10481762837969302	0.18615156613537906	-0.3124937872443962	0.9999999999999972	-0.3510859147167998	0.05588312571920663	-0.2236633771831075	0.235085185925081	-0.5125226262442842	0.27444033405483376	-0.051797030308680034	0.15304853906284727	-0.16460635764481515	0.1477044265177217	-0.1891919425780455	0.12047555629761615	-0.10286998166022109	0.13839510762598414	-0.141685187104852	0.08987395420881468	-0.09927312339454551	0.10658662723620953	-0.10613371855108113	0.09192897972295219	-0.07158095423901005	0.0941178086405537	-0.06563845209480414	0.07751970546998317	-0.09850692782365038	0.06501989517910259	-0.05726727921053912	0.058508116904599235	-0.07384240971343764	0.058158863436880384	-0.03869775450586313
0.10917680064618034	-0.12141994273459178	0.19215246209523917	-0.1854974831422507	0.2513104570246423	-0.07168082376835033	0.13016171774221763	-0.1917009570161097	0.25809786460170875	-0.4534323006996081	0.08858423788386365	-0.13718995997778233	0.17213520848682967	-0.3510859147167998	1.000000000000001	-0.05230339432569546	0.17875224633586909	-0.19714335660921437	0.27621238463540343	-0.6592417026243035	0.04800505351423793	-0.13972367633918792	0.14074325681865077	-0.1440030934898916	0.18874779279570203	-0.11672412982694025	0.0964855575713075	-0.13283594603712906	0.13119249612631667	-0.09028073381634015	0.09580483905350558	-0.10312011412515135	0.10073272422613062	-0.09068459001646959	0.07051191865052886	-0.0932973882043533	0.06443582926120185	-0.07674364988454514	0.09577523859545396	-0.06532144227164871	0.05642564911284693	-0.058075868486702306	0.07312270132752727	-0.05836907345489327	0.038688126676230616
-0.04656738410520686	0.0469311204949095	-0.05522837990429696	0.038380078553218754	-0.046104055797519736	0.03488658177605236	-0.05455717904546865	0.0646722596225302	-0.057011275708145355	0.04082981235920355	-0.045284692943314574	0.057169265131685146	-0.06687942455604652	0.05588312571920663	-0.05230339432569546	1.0000000000000009	-0.13162350638971373	0.0854166646759896	-0.06555531884948847	0.0543797941066377	-0.9585861060667967	0.13829623344226247	-0.10769034150491938	0.062277280010992295	-0.0855668924485835	0.1369414773412994	-0.11496894726148037	0.08112086538988818	-0.0764426977130231	0.0490597841985303	-0.0913078954187402	0.08121312800301331	-0.07822397464903015	0.055040155718574596	-0.04177829534722573	0.06588937562033761	-0.04583071003869342	0.05044982387894894	-0.0632417766007089	0.03699061508349181	-0.0396510179301818	0.03837523314802721	-0.0460894670801623	0.03364425590440463	-0.022568790467807076
0.15364844172194367	-0.17208980991675413	0.17866147160323953	-0.13200109634414142	0.15136216530333224	-0.11243874201242715	0.20551513653868783	-0.26061022987061644	0.19289512192024474	-0.14442615405613923	0.13574420083874933	-0.3235102858984534	0.26482000669602596	-0.2236633771831075	0.17875224633586909	-0.13162350638971373	0.9999999999999974	-0.5407302457570496	0.24861836914682867	-0.2088300524872754	0.11562589007538118	-0.4512739955009482	0.29573397295179266	-0.18033584194210953	0.2188581154261709	-0.2408649566649848	0.20555686068642068	-0.22960529894077217	0.19310801030250999	-0.13378997775875293	0.167968534961468	-0.19085569780827397	0.17616783750710516	-0.14094666153019564	0.10663325623242492	-0.15637368546899624	0.10591150252361371	-0.12487481813642023	0.1489931114262308	-0.09873193840922831	0.09118972647836279	-0.09351391082202887	0.11261555575451399	-0.08873446869281669	0.05871910930300292
-0.12445591959090639	0.13283280699188832	-0.16915646547788904	0.12698978342654174	-0.15072470735091156	0.0878012474295267	-0.16600344241318302	0.20095575580754485	-0.2043153075495825	0.1425058793877101	-0.10932383551152604	0.20533143976455323	-0.2935585314872148	0.235085185925081	-0.19714335660921437	0.0854166646759896	-0.5407302457570496	1.0000000000000013	-0.4551393512714927	0.2198150458856558	-0.08100362422885153	0.2775689408224245	-0.46923903025170943	0.1835232250147273	-0.22602244715390607	0.17153754983762645	-0.1612597720983635	0.21373318050748666	-0.1963803065532197	0.11093981875592357	-0.13556133006258858	0.15209802025597455	-0.15735513056119366	0.11890762868670864	-0.09073438470256977	0.121251436629781	-0.08560777874380335	0.09969151817677316	-0.1273413509062846	0.0788342550351686	-0.07311537830922128	0.07393639410964682	-0.09148893090670798	0.07063702115788228	-0.04727711813784122
0.11703435927174878	-0.1289005091745758	0.18051707190167893	-0.15722478248364063	0.17839702542390365	-0.07944327449735565	0.14548264071213765	-0.20169845175558634	0.2556203178734659	-0.1963324975588059	0.09792238201814916	-0.1687707420607616	0.21496388452391296	-0.5125226262442842	0.27621238463540343	-0.06555531884948847	0.24861836914682867	-0.4551393512714927	1.0	-0.4974216714765359	0.060429602039562935	-0.19148646417679122	0.20905887647891286	-0.22280904682775043	0.22457297467596665	-0.1427736244333639	0.12192340658412656	-0.17530134705347566	0.1737453629818935	-0.10446549262607632	0.11424122721929886	-0.12735195608050293	0.12585931204707254	-0.10769006681471853	0.0825428925368177	-0.10865505291752431	0.07548942882546907	-0.08951910724715889	0.11256498514361471	-0.07381764901122564	0.06527495542696178	-0.0669230712226814	0.0833754247344455	-0.06594119642414452	0.04388936787830254
-0.10541214673805381	0.11339052086327252	-0.19186392426481147	0.16121704002022336	-0.23450745355809252	0.06970251205537745	-0.12831650209477014	0.1739947966299184	-0.2557517348757619	0.239751581556947	-0.08705575071398025	0.1355445172586193	-0.17945451436183996	0.27444033405483376	-0.6592417026243035	0.0543797941066377	-0.2088300524872754	0.2198150458856558	-0.4974216714765359	0.9999999999999992	-0.05048614928489112	0.14944130374407558	-0.1639177209235438	0.17376958160370543	-0.2743453795611012	0.11986052100575652	-0.10240339076674221	0.14441777330235836	-0.15449356638538703	0.09254499826768321	-0.09919217152559298	0.1078810034102653	-0.10820598763063514	0.09460457212942162	-0.07337896973950522	0.09427551127058381	-0.0659025957286987	0.07801526984500212	-0.0999491608738686	0.06500127573559263	-0.05718554540496389	0.058498672974412996	-0.07357176946407407	0.05802015604734445	-0.038698993618298455
0.042634919840472144	-0.04353183943481055	0.05052427833108739	-0.035273656994315235	0.04221653648942598	-0.03215651222384352	0.04993477654469737	-0.0603724626775735	0.052217533351834634	-0.037624881280264894	0.04094191256082529	-0.05278752298637187	0.06107889112136414	-0.051797030308680034	0.04800505351423793	-0.9585861060667967	0.11562589007538118	-0.08100362422885153	0.060429602039562935	-0.05048614928489112	0.9999999999999996	-0.15562370541993484	0.1010488644945187	-0.058080393916878054	0.0777583934869114	-0.15845471798964353	0.11241283262493809	-0.0779900704504656	0.07050830533886096	-0.04615911685740168	0.08574878794681912	-0.07977163967728379	0.07387783195431542	-0.05179950351237115	0.03896048252146669	-0.06372712415832327	0.043278254723687425	-0.048074428417902534	0.05852869708951692	-0.03485388084332994	0.037249039232886576	-0.036425944174398706	0.0429368895152896	-0.031699738558525044	0.02118049722195351
-0.10858720940198864	0.1115591104482992	-0.13853034550420076	0.09863735282934653	-0.1182315526288805	0.07406627992478049	-0.13640447807431688	0.16212971801305068	-0.14913081176721196	0.10706684524512582	-0.09358306752938056	0.15431950771651534	-0.18305239123394057	0.15304853906284727	-0.13972367633918792	0.13829623344226247	-0.4512739955009482	0.2775689408224245	-0.19148646417679122	0.14944130374407558	-0.15562370541993484	1.0000000000000029	-0.5912334559506424	0.181071292391178	-0.23094966916231113	0.25969180939437947	-0.40782575313831076	0.2498563605594539	-0.21851236036620766	0.122685667639267	-0.19063960823303092	0.2178434478577317	-0.21766696718623027	0.13891879348532604	-0.10401339305993644	0.14964422506785677	-0.10700854839959141	0.12037089588566915	-0.15231784713300245	0.08840816260523854	-0.08964407659154212	0.08857066774841033	-0.10691537626621304	0.07976161165180348	-0.05362087554438283
0.10185072869750282	-0.10747756691998718	0.13228232704564066	-0.09732160524258426	0.11504015052892513	-0.06921893372958599	0.1258577730645575	-0.1606116385543139	0.1466048833356075	-0.10837147573402875	0.08638172820081266	-0.14488321393675269	0.17320138232909388	-0.16460635764481515	0.14074325681865077	-0.10769034150491938	0.29573397295179266	-0.46923903025170943	0.20905887647891286	-0.1639177209235438	0.1010488644945187	-0.5912334559506424	1.0000000000000018	-0.2354539561217817	0.2265853066905439	-0.2271371770569316	0.2205307926817078	-0.4168478819360081	0.23617078719553278	-0.1244680149721871	0.16102685406894304	-0.2075064952242855	0.2084877266543916	-0.13996992725449592	0.10195702194562944	-0.14088349420655183	0.09937976349152773	-0.11600641561515122	0.1433396470855545	-0.08598576004911268	0.08253206269523315	-0.08360644518617069	0.10012693621022582	-0.07705415327558891	0.05163689507713154
-0.08553180019574058	0.08886099631194706	-0.11943173558098877	0.08891618261959998	-0.10821473897900255	0.055810865417899494	-0.10073102051538711	0.13211883525360799	-0.13574487281073344	0.10282171694224071	-0.07030039582584513	0.10433655883091883	-0.13024626396003847	0.1477044265177217	-0.1440030934898916	0.062277280010992295	-0.18033584194210953	0.1835232250147273	-0.22280904682775043	0.17376958160370543	-0.058080393916878054	0.181071292391178	-0.2354539561217817	1.0000000000000024	-0.655576536887586	0.15054853244518882	-0.1330387268828014	0.2551831019206996	-0.5854989840721345	0.1383616549251062	-0.12760918810989527	0.15089118272107244	-0.16660617619996063	0.14747927327512603	-0.11203263223698752	0.11994999342720211	-0.08647345972472836	0.1028075643277441	-0.14478416592873686	0.08273686026493562	-0.072436636567582	0.07406083158786644	-0.09286737163563655	0.07281049200355813	-0.04963178591680577
0.11876367235110803	-0.12492322722134695	0.15885786476805872	-0.11899646856155971	0.14327097434126002	-0.07652816142929865	0.13628701157419346	-0.18739226824388752	0.17324897691233254	-0.1407872080594346	0.09601918397147713	-0.13802229965106982	0.16671951445173952	-0.1891919425780455	0.18874779279570203	-0.0855668924485835	0.2188581154261709	-0.22602244715390607	0.22457297467596665	-0.2743453795611012	0.0777583934869114	-0.23094966916231113	0.2265853066905439	-0.655576536887586	0.9999999999999966	-0.21224508496979425	0.16944613775622483	-0.29996027493270133	0.30586315264999525	-0.1900763373215734	0.17006727437622848	-0.19994812483682933	0.19375962821579815	-0.18718042760326892	0.13975827694479642	-0.1728040878052061	0.11815411031600419	-0.14406801512059453	0.17753316066638292	-0.1189754455673258	0.10092268422848925	-0.10564611427287876	0.1286713107160083	-0.10523040945891976	0.07006566213481621
-0.09519534300798747	0.09391758902055618	-0.12312450201131887	0.08477739674904221	-0.1031266502934581	0.06195975773453278	-0.11109839390714517	0.13294373842801005	-0.12637677658148228	0.09024463904105906	-0.07938084331168903	0.11283653048899514	-0.13882005434148267	0.12047555629761615	-0.11672412982694025	0.1369414773412994	-0.2408649566649848	0.17153754983762645	-0.1427736244333639	0.11986052100575652	-0.15845471798964353	0.25969180939437947	-0.2271371770569316	0.15054853244518882	-0.21224508496979425	0.9999999999999986	-0.6707820429245804	0.2084165075568859	-0.1983625553146832	0.13001670885520006	-0.41963280804322667	0.2781033799116784	-0.25300148624945784	0.15309512664075953	-0.11363187729912247	0.21958189550304436	-0.14569893300385833	0.15230730760936287	-0.18037639129661256	0.1017443703002345	-0.1247332485165118	0.11706445529407357	-0.13185548099429695	0.09360476041717967	-0.06258163224423732
0.0778932939955638	-0.07877694133641426	0.09971976054462445	-0.06979071428942958	0.08404506990787598	-0.05134692611954089	0.09203397706033836	-0.11355172500877324	0.10368826020291821	-0.07504545967836539	0.06514606908484152	-0.09698569875028769	0.11607152028357741	-0.10286998166022109	0.0964855575713075	-0.11496894726148037	0.20555686068642068	-0.1612597720983635	0.12192340658412656	-0.10240339076674221	0.11241283262493809	-0.40782575313831076	0.2205307926817078	-0.1330387268828014	0.16944613775622483	-0.6707820429245804	0.9999999999999966	-0.22158924068302593	0.16919562002139288	-0.11385110142019447	0.24100063786970516	-0.4446234387997594	0.24304284199224965	-0.13780160995113191	0.09657563843178758	-0.1812350745627642	0.1204235525521564	-0.1337798343923338	0.14651370891951981	-0.0861639177314703	0.09688396472714617	-0.09669177296509189	0.10537569121342794	-0.07863730890926415	0.052156592044209985
-0.09617103244857927	0.09754205286688504	-0.1286268881452229	0.09141502536941468	-0.1108958025744517	0.06286428182444084	-0.11371428362305185	0.14187726190879	-0.13774965970245812	0.10033744940632441	-0.0797649080192686	0.1179353797493969	-0.14697854712801448	0.13839510762598414	-0.13283594603712906	0.08112086538988818	-0.22960529894077217	0.21373318050748666	-0.17530134705347566	0.14441777330235836	-0.0779900704504656	0.2498563605594539	-0.4168478819360081	0.2551831019206996	-0.29996027493270133	0.2084165075568859	-0.22158924068302593	0.9999999999999952	-0.5310258581822342	0.1577520004311036	-0.19339283945732583	0.26024525303586343	-0.48018264366708	0.1930942967906619	-0.13857521003267215	0.16064343646234236	-0.12485607935703302	0.1436403935513972	-0.19654969742356343	0.10152399308912582	-0.0984477507446549	0.09797606575863177	-0.12110070061394378	0.0903087929029893	-0.06187575003017019
0.09431863434791994	-0.09746452442707527	0.12441848977896651	-0.09019432869486962	0.10810180457300841	-0.06109909449007137	0.10919610950507755	-0.1440200565355701	0.13340666249179567	-0.10097843888218959	0.07702435447991694	-0.11191941816145602	0.13607313287476427	-0.141685187104852	0.13119249612631667	-0.0764426977130231	0.19310801030250999	-0.1963803065532197	0.1737453629818935	-0.15449356638538703	0.07050830533886096	-0.21851236036620766	0.23617078719553278	-0.5854989840721345	0.30586315264999525	-0.1983625553146832	0.16919562002139288	-0.5310258581822342	0.9999999999999992	-0.2117998885838326	0.16452736801311646	-0.21622893230665385	0.2319548352992135	-0.23671786290759997	0.15740736548601142	-0.15939667146424316	0.1147165014429936	-0.13919600991432984	0.19446192569006898	-0.1097496864069078	0.09432965165489152	-0.09744109888509789	0.12045408232213203	-0.09568369687710322	0.06555170962892326
-0.0734843741492603	0.07123831675730107	-0.09717874134130561	0.06595356940416996	-0.08089410912809238	0.0458278474053345	-0.08111522964565716	0.10031327346496668	-0.09711001494827753	0.06991571713947542	-0.05891961414183808	0.07746218924783672	-0.09684755717231738	0.08987395420881468	-0.09028073381634015	0.0490597841985303	-0.13378997775875293	0.11093981875592357	-0.10446549262607632	0.09254499826768321	-0.04615911685740168	0.122685667639267	-0.1244680149721871	0.1383616549251062	-0.1900763373215734	0.13001670885520006	-0.11385110142019447	0.1577520004311036	-0.2117998885838326	0.9999999999999986	-0.1478290201748659	0.138473512467625	-0.15986140685603945	0.2856588138542031	-0.7990116311750951	0.1349278994729767	-0.1200269196929445	0.13721191888410403	-0.3453846079764965	0.16894356395477397	-0.10419399765373985	0.10029968744401979	-0.18332802075858484	0.12675180603024316	-0.11233638097688482
0.08102623789741377	-0.08034195138334634	0.10370975836164549	-0.07108164529287504	0.08608754022144421	-0.05168861006657606	0.09157496167943018	-0.11453885017007966	0.10440995716189018	-0.07531792774854804	0.06602581078242649	-0.0905189271291269	0.11046294413732008	-0.09927312339454551	0.09580483905350558	-0.0913078954187402	0.167968534961468	-0.13556133006258858	0.11424122721929886	-0.09919217152559298	0.08574878794681912	-0.19063960823303092	0.16102685406894304	-0.12760918810989527	0.17006727437622848	-0.41963280804322667	0.24100063786970516	-0.19339283945732583	0.16452736801311646	-0.1478290201748659	0.9999999999999986	-0.339841400545787	0.22354994249706858	-0.16922494003470256	0.12073849343468901	-0.647566688457614	0.22498340160045216	-0.25158883309261226	0.18650062901881456	-0.13639294932380602	0.20040690333718242	-0.20600729650712774	0.16831200236248048	-0.1290219037806213	0.08142457096219331
-0.08176209543527156	0.08138549655551465	-0.10687252363736356	0.07413021460614334	-0.09006522334207465	0.052849482464362794	-0.0947934496685767	0.11640548617176386	-0.11036686138191656	0.07953651849698092	-0.06745772185041506	0.0960085627387725	-0.11830441814146786	0.10658662723620953	-0.10312011412515135	0.08121312800301331	-0.19085569780827397	0.15209802025597455	-0.12735195608050293	0.1078810034102653	-0.07977163967728379	0.2178434478577317	-0.2075064952242855	0.15089118272107244	-0.19994812483682933	0.2781033799116784	-0.4446234387997594	0.26024525303586343	-0.21622893230665385	0.138473512467625	-0.339841400545787	0.999999999999999	-0.6512791139419492	0.18711092563632967	-0.12630661841579027	0.20909023747263622	-0.177129372629955	0.17679644863380517	-0.20363850629224667	0.10287884753675938	-0.1206288691207959	0.11738925190305467	-0.130448151371798	0.0937993738724529	-0.06315229760743953
0.07959861860779865	-0.0802940217722909	0.10336588955987432	-0.07239583297918153	0.0873933052243493	-0.05148352865127969	0.09200353617956637	-0.11611548623921572	0.10719487036844558	-0.07822964286818317	0.06539004075370658	-0.09376566223141458	0.1142752801627329	-0.10613371855108113	0.10073272422613062	-0.07822397464903015	0.17616783750710516	-0.15735513056119366	0.12585931204707254	-0.10820598763063514	0.07387783195431542	-0.21766696718623027	0.2084877266543916	-0.16660617619996063	0.19375962821579815	-0.25300148624945784	0.24304284199224965	-0.48018264366708	0.2319548352992135	-0.15986140685603945	0.22354994249706858	-0.6512791139419492	0.9999999999999986	-0.27195351032663173	0.14142374041769423	-0.20008303676755265	0.1597500950704656	-0.2046057974744599	0.2124583942562975	-0.10941871054677092	0.11240138681184979	-0.11553212571531125	0.12946564377913716	-0.09817602046456533	0.066003261355231
-0.0731113693079549	0.07201183515173196	-0.09592078575562685	0.06584280532003492	-0.08028968656409868	0.046127733324375614	-0.0819076131571139	0.10253484638852342	-0.09707149383711285	0.07029954889976722	-0.05903955550798195	0.07969682741000397	-0.09882568232335125	0.09192897972295219	-0.09068459001646959	0.055040155718574596	-0.14094666153019564	0.11890762868670864	-0.10769006681471853	0.09460457212942162	-0.05179950351237115	0.13891879348532604	-0.13996992725449592	0.14747927327512603	-0.18718042760326892	0.15309512664075953	-0.13780160995113191	0.1930942967906619	-0.23671786290759997	0.2856588138542031	-0.16922494003470256	0.18711092563632967	-0.27195351032663173	0.9999999999999968	-0.4372849782640415	0.15673844500712816	-0.1476096704766644	0.17515431840100742	-0.7112003243112801	0.15309418056229962	-0.10978050225669872	0.10893014452596692	-0.16180169999853045	0.12289459014297358	-0.09602163274891753
0.05829495385967222	-0.05724224347262319	0.07596060421737197	-0.05187610590344022	0.06318762468961289	-0.03651746601173137	0.0645544580624318	-0.08136110728700018	0.07606372421104357	-0.055120840879998356	0.046769606162262084	-0.06210593850074012	0.0768439063148576	-0.07158095423901005	0.07051191865052886	-0.04177829534722573	0.10663325623242492	-0.09073438470256977	0.0825428925368177	-0.07337896973950522	0.03896048252146669	-0.10401339305993644	0.10195702194562944	-0.11203263223698752	0.13975827694479642	-0.11363187729912247	0.09657563843178758	-0.13857521003267215	0.15740736548601142	-0.7990116311750951	0.12073849343468901	-0.12630661841579027	0.14142374041769423	-0.4372849782640415	0.9999999999999943	-0.11753373890698253	0.09992207554340242	-0.11996501968091852	0.2681825876995696	-0.1990041681865984	0.08605121344785532	-0.08593611396821281	0.1527210813175039	-0.12438278882847184	0.10981166457550721
-0.07860583170268406	0.07607674545962483	-0.10236929244075585	0.0692294399126459	-0.0846654487655563	0.04946110885448211	-0.08771016431006565	0.10661463710691901	-0.10205723879214365	0.07283792558992563	-0.06365936984232633	0.08474541434211748	-0.10541379350557166	0.0941178086405537	-0.0932973882043533	0.06588937562033761	-0.15637368546899624	0.121251436629781	-0.10865505291752431	0.09427551127058381	-0.06372712415832327	0.14964422506785677	-0.14088349420655183	0.11994999342720211	-0.1728040878052061	0.21958189550304436	-0.1812350745627642	0.16064343646234236	-0.15939667146424316	0.1349278994729767	-0.647566688457614	0.20909023747263622	-0.20008303676755265	0.15673844500712816	-0.11753373890698253	0.9999999999999961	-0.38706939865319534	0.25943783331520204	-0.20592072597546915	0.13292789710169647	-0.37162496047109395	0.24995301928245253	-0.20455596445761984	0.12989052779134005	-0.08348759051480595
0.054555403029223355	-0.05332281880866021	0.0705335311978179	-0.047914914383309394	0.058354140094259474	-0.03433865605100698	0.06076900962093041	-0.07534657050507462	0.0703754011694359	-0.05054023058307707	0.044053042095905	-0.05882741161439366	0.07268334534328869	-0.06563845209480414	0.06443582926120185	-0.04583071003869342	0.10591150252361371	-0.08560777874380335	0.07548942882546907	-0.0659025957286987	0.043278254723687425	-0.10700854839959141	0.09937976349152773	-0.08647345972472836	0.11815411031600419	-0.14569893300385833	0.1204235525521564	-0.12485607935703302	0.1147165014429936	-0.1200269196929445	0.22498340160045216	-0.177129372629955	0.1597500950704656	-0.1476096704766644	0.09992207554340242	-0.38706939865319534	0.999999999999995	-0.77786993247234	0.18416834520696426	-0.12633934384749915	0.22580635817991362	-0.3026870458974422	0.1896550125173147	-0.12763663124942798	0.07755848840833125
-0.0644752752034701	0.0625965013827142	-0.08395854981524589	0.056879696993469134	-0.06949585963157488	0.0404836306992172	-0.0717163404830277	0.08801699556954289	-0.08372961612721083	0.05995010363397906	-0.05204578217203034	0.06913950051441922	-0.08593597593582071	0.07751970546998317	-0.07674364988454514	0.05044982387894894	-0.12487481813642023	0.09969151817677316	-0.08951910724715889	0.07801526984500212	-0.048074428417902534	0.12037089588566915	-0.11600641561515122	0.1028075643277441	-0.14406801512059453	0.15230730760936287	-0.1337798343923338	0.1436403935513972	-0.13919600991432984	0.13721191888410403	-0.25158883309261226	0.17679644863380517	-0.2046057974744599	0.17515431840100742	-0.11996501968091852	0.25943783331520204	-0.77786993247234	0.999999999999994	-0.2760910688883101	0.14195464591232054	-0.22209129977016565	0.21511390697271762	-0.26324542621214436	0.14441618913045204	-0.09064999458483465
0.0811953951059708	-0.08043111461690158	0.10417996100570466	-0.07125454573281682	0.08633220324098334	-0.050995332761623706	0.08998985746617401	-0.11496519688844412	0.1040513020369707	-0.07554654023662247	0.06514924300564512	-0.08682362775374286	0.10653949143005718	-0.09850692782365038	0.09577523859545396	-0.0632417766007089	0.1489931114262308	-0.1273413509062846	0.11256498514361471	-0.0999491608738686	0.05852869708951692	-0.15231784713300245	0.1433396470855545	-0.14478416592873686	0.17753316066638292	-0.18037639129661256	0.14651370891951981	-0.19654969742356343	0.19446192569006898	-0.3453846079764965	0.18650062901881456	-0.20363850629224667	0.2124583942562975	-0.7112003243112801	0.2681825876995696	-0.20592072597546915	0.18416834520696426	-0.2760910688883101	0.9999999999999932	-0.2134522981051246	0.1340920756975764	-0.1425384306955257	0.1943189724516311	-0.17278189541092032	0.12177394128889314
-0.056990223307602776	0.05418877204633661	-0.07423765657638631	0.049440934687827454	-0.060670531490385114	0.0350893504050618	-0.06164376957595184	0.0751281101053449	-0.07232232463240525	0.05142624295776492	-0.04535633170757541	0.05767225917449335	-0.07218499718219955	0.06501989517910259	-0.06532144227164871	0.03699061508349181	-0.09873193840922831	0.0788342550351686	-0.07381764901122564	0.06500127573559263	-0.03485388084332994	0.08840816260523854	-0.08598576004911268	0.08273686026493562	-0.1189754455673258	0.1017443703002345	-0.0861639177314703	0.10152399308912582	-0.1097496864069078	0.16894356395477397	-0.13639294932380602	0.10287884753675938	-0.10941871054677092	0.15309418056229962	-0.1990041681865984	0.13292789710169647	-0.12633934384749915	0.14195464591232054	-0.2134522981051246	0.9999999999999926	-0.14544666066595147	0.13646975074601142	-0.4604915208820378	0.32072524901246025	-0.7141865524696323
0.04881829822535069	-0.04746181879299054	0.06282761243737325	-0.04240666274206926	0.05167423031895813	-0.030527461160031202	0.05384199937068021	-0.06680399919532005	0.06208444032446954	-0.04446662261179371	0.03922250610303208	-0.05153844817465066	0.06372749414521019	-0.05726727921053912	0.05642564911284693	-0.0396510179301818	0.09118972647836279	-0.07311537830922128	0.06527495542696178	-0.05718554540496389	0.037249039232886576	-0.08964407659154212	0.08253206269523315	-0.072436636567582	0.10092268422848925	-0.1247332485165118	0.09688396472714617	-0.0984477507446549	0.09432965165489152	-0.10419399765373985	0.20040690333718242	-0.1206288691207959	0.11240138681184979	-0.10978050225669872	0.08605121344785532	-0.37162496047109395	0.22580635817991362	-0.22209129977016565	0.1340920756975764	-0.14544666066595147	0.9999999999999931	-0.8256703491810037	0.2042576407122772	-0.15101423154577276	0.08714957638458753
-0.04988367718860622	0.048151899747377026	-0.06466175125490048	0.04352456859405365	-0.05320358846128118	0.031137423268429436	-0.05497777345747959	0.06741091611399583	-0.06387007159689992	0.045598661292385746	-0.04009334547123902	0.05248117326851123	-0.06525118731810967	0.058508116904599235	-0.058075868486702306	0.03837523314802721	-0.09351391082202887	0.07393639410964682	-0.0669230712226814	0.058498672974412996	-0.036425944174398706	0.08857066774841033	-0.08360644518617069	0.07406083158786644	-0.10564611427287876	0.11706445529407357	-0.09669177296509189	0.09797606575863177	-0.09744109888509789	0.10029968744401979	-0.20600729650712774	0.11738925190305467	-0.11553212571531125	0.10893014452596692	-0.08593611396821281	0.24995301928245253	-0.3026870458974422	0.21511390697271762	-0.1425384306955257	0.13646975074601142	-0.8256703491810037	0.9999999999999928	-0.28215985640413965	0.14669085611661573	-0.08714858152483274
0.06476278524162696	-0.06249095210034847	0.08301654807008332	-0.055609680047064486	0.06781453245417383	-0.040041545273244494	0.07025735355213789	-0.08757001360764106	0.08104117596030726	-0.05794863559485678	0.051539458170681535	-0.06613120522178255	0.08193961670726753	-0.07384240971343764	0.07312270132752727	-0.0460894670801623	0.11261555575451399	-0.09148893090670798	0.0833754247344455	-0.07357176946407407	0.0429368895152896	-0.10691537626621304	0.10012693621022582	-0.09286737163563655	0.1286713107160083	-0.13185548099429695	0.10537569121342794	-0.12110070061394378	0.12045408232213203	-0.18332802075858484	0.16831200236248048	-0.130448151371798	0.12946564377913716	-0.16180169999853045	0.1527210813175039	-0.20455596445761984	0.1896550125173147	-0.26324542621214436	0.1943189724516311	-0.4604915208820378	0.2042576407122772	-0.28215985640413965	0.9999999999999933	-0.6383368402270675	0.28270706303401605
