1.0	-0.5662008063578222	0.2770767975300864	-0.2677116642481152	0.13108688306608302	-0.6298498063587427	0.31832155233086123	-0.27249055571561565	0.13294330076389657	-0.1069260248732462	0.19887286735195722	-0.1885320594172149	0.20218841476071195	-0.17849260790702812	0.09803073436179538	-0.1328058428624092	0.1484736862735018	-0.09821011439951324	0.0908188976899314	-0.10777387608864411	0.10181040696179733	-0.11550707371759408	0.09887692173772576	-0.07141591673416926	0.08342552132638975	-0.08827371552744061	0.07572176662268117	-0.08646596719637309	0.06602298713809764	-0.04930842205539848	0.051973134903995924	-0.05813311752955589	0.07048063423821187	-0.07802658074837757	0.06500128226567678	-0.04798177032535708	0.054894254615134266	-0.09306069563748437	0.05426253373768068	-0.08311595997611393
-0.5662008063578222	0.9999999999999998	-0.5329528232610743	0.21746092245241175	-0.11582071237275295	0.30392903588350045	-0.5095316192012148	0.2673685132549286	-0.11767578959157889	0.09037151588672415	-0.1723741418611897	0.17247438370065798	-0.1974524939374831	0.14551551371121665	-0.08136801957387939	0.10848670156175717	-0.13376425322279492	0.08100250042452815	-0.0758983898112648	0.08669862071547325	-0.08510945067190595	0.0946305251561751	-0.08072069810805499	0.0576688849591855	-0.06790825217313765	0.07062360163710575	-0.06158183299670228	0.06883871473551395	-0.05304123553865669	0.039534367721959	-0.041815412939734724	0.04647554302115886	-0.056124230936790004	0.06172878760798356	-0.052357632699590116	0.03818283138617097	-0.04399221009936508	0.07260544645211188	-0.04246238205843534	0.06455597714486425
0.2770767975300864	-0.5329528232610743	0.9999999999999996	-0.4357863983507059	0.18029597736751912	-0.2758005690578286	0.2903140912365653	-0.5298694023303727	0.17885827531215526	-0.1434269576991319	0.18774322216877484	-0.19422370563960176	0.2584935380417162	-0.2216980904394669	0.11956696167813557	-0.129176479499008	0.15454145166198446	-0.11347291158837014	0.10563652578660052	-0.1291149126495737	0.10414874420450249	-0.11846357687457736	0.10842092296227167	-0.07980044819876748	0.09388468321583888	-0.09180257783194475	0.07974123390818538	-0.09384374004981641	0.07308928389615393	-0.054665870085192324	0.055108628552142415	-0.061715137956932564	0.07677360920936023	-0.08544106366054008	0.07211318082316133	-0.05096327931507656	0.058579703935391234	-0.10087415263472664	0.05897920840055204	-0.0902739427683911
-0.2677116642481152	0.21746092245241175	-0.4357863983507059	0.9999999999999999	-0.5238191941716739	0.20696457917212244	-0.23841661848995976	0.2678007913348519	-0.35459868616115725	0.26178930225981334	-0.23881263920278917	0.19783536213077066	-0.3121504267617552	0.27370413471559585	-0.18235020289445286	0.14891641165868427	-0.19348489951305012	0.13980827936867235	-0.14160558646197557	0.17037925126153508	-0.12999718648544514	0.13963920381835462	-0.14192402385248692	0.1048801628585174	-0.13051323416370048	0.10895581418402181	-0.09917813224872854	0.11480655845984537	-0.09716746080255538	0.07264524092159162	-0.06841974365906742	0.07522739306369443	-0.09630185749589497	0.10645747459605039	-0.09888196909064056	0.06179943469809498	-0.07267849472066829	0.11934415003167763	-0.07089578414053153	0.10627973592904913
0.13108688306608302	-0.11582071237275295	0.18029597736751912	-0.5238191941716739	1.0000000000000004	-0.12206001805714262	0.12901818751348731	-0.1812227847279758	0.30692661712159097	-0.6608675281609611	0.13488258900210925	-0.12193993544349889	0.18534759337381618	-0.3187036758300145	0.1858994951129615	-0.09455370862492313	0.11786665192782306	-0.12310470580029932	0.11913559783751142	-0.19657599339270548	0.08299461129681804	-0.09403703263915726	0.10343303243536371	-0.08236371072193437	0.09800693576993956	-0.07633789544290792	0.06796131103309787	-0.08801541477853968	0.07167429957660654	-0.053984453373029685	0.04782280773108921	-0.05387030118264958	0.07216168999694751	-0.08177749309008776	0.07024490916292117	-0.044547630350686714	0.05171302647298258	-0.09374294178649337	0.055145441745976784	-0.08427252759721132
-0.6298498063587427	0.30392903588350045	-0.2758005690578286	0.20696457917212244	-0.12206001805714262	1.0000000000000007	-0.559998375393492	0.2497752584953359	-0.12678524663051016	0.09582544891294435	-0.30652141456465665	0.22244187461408954	-0.2318300392184566	0.16052468613364226	-0.09234605962197213	0.1543778404417756	-0.18107137774021076	0.0964012485225212	-0.09070296689064682	0.09793677710915036	-0.11744136056923629	0.12533604455400155	-0.10072754545913197	0.06997756840006099	-0.08242824865618571	0.09140174019628446	-0.07990425695956112	0.08486127738641087	-0.06467981517025058	0.048050711651651375	-0.05345108674392891	0.05890471384344812	-0.06901313454702555	0.07501144945772756	-0.06387053709970321	0.04818581156186564	-0.055654897419121774	0.0879774493343386	-0.051461158670892786	0.07771439915782838
0.31832155233086123	-0.5095316192012148	0.2903140912365653	-0.23841661848995976	0.12901818751348731	-0.559998375393492	1.0000000000000007	-0.4164408081536704	0.1382778976692882	-0.10632592583588943	0.22944219600946805	-0.31166532332437336	0.2489381700547515	-0.18092223760518783	0.09848071985307488	-0.14971764989469658	0.18003989566426012	-0.10284219292138233	0.0946952310127949	-0.10643615070148026	0.11182277425748033	-0.12729878927732435	0.1018324381354138	-0.0720280425224748	0.08391081531743057	-0.09205154816261157	0.07940317289495058	-0.08742670112647592	0.06597121100370684	-0.04911763475125347	0.05346874291196182	-0.059549614227036765	0.07065326895002197	-0.07744080499108807	0.06473851638540735	-0.0488124906089213	0.05600450840528097	-0.09154502475223004	0.053397111601874166	-0.08116294926731626
-0.27249055571561565	0.2673685132549286	-0.5298694023303727	0.2678007913348519	-0.1812227847279758	0.2497752584953359	-0.4164408081536704	1.0000000000000002	-0.23028093706153926	0.14648498980445662	-0.2338907239584672	0.24157897425911304	-0.538836457584825	0.23444552463781854	-0.126941856246612	0.14676832147444677	-0.1911058025013508	0.12409335670251269	-0.11817476613018582	0.12931619403080796	-0.11809983668404449	0.13049673678883003	-0.11557376563857148	0.08269463521846432	-0.09786603293692063	0.0967791709881735	-0.08548117400197024	0.09632461842643447	-0.07499380320121438	0.05582070997477911	-0.05785335601811846	0.06416501916971322	-0.07841739737717028	0.08606434961827537	-0.07391593557405363	0.05257479031488053	-0.06090211000883402	0.09982258634128444	-0.05853903556724808	0.0885220005836575
0.13294330076389657	-0.11767578959157889	0.17885827531215526	-0.35459868616115725	0.30692661712159097	-0.12678524663051016	0.1382778976692882	-0.23028093706153926	1.0000000000000013	-0.6031004024065293	0.14284000585554912	-0.1338387504929177	0.21676944505540796	-0.5521593587693354	0.205585764264076	-0.09993041290986607	0.1258781413611969	-0.13681377687362445	0.13668399232068454	-0.20087824218076794	0.0869005714292863	-0.09865751291062241	0.10831230597690523	-0.08560931284232345	0.10167123577417342	-0.07876003600644575	0.07023316313695721	-0.09073890296760033	0.0735563908885997	-0.0552421534980887	0.04906780653729071	-0.05522489556496101	0.0738978698385369	-0.08335561442259747	0.07173139279564057	-0.04552433229964087	0.05291713368063153	-0.09479233475532765	0.05579616645601822	-0.08488077789245035
-0.1069260248732462	0.09037151588672415	-0.1434269576991319	0.26178930225981334	-0.6608675281609611	0.09582544891294435	-0.10632592583588943	0.14648498980445662	-0.6031004024065293	1.0000000000000007	-0.11334765125739381	0.1007824163781354	-0.16328530389272944	0.26392171132848363	-0.22382772547103386	0.07712144172690277	-0.09864709239032246	0.1003825450631069	-0.10338131361984305	0.172465663465414	-0.06796217906444764	0.07607541107192393	-0.08483749043570762	0.0675972678507503	-0.0823750303076421	0.06075091438566967	-0.05467579988439463	0.06993004183919617	-0.05815245664100893	0.043683070607711774	-0.03815300771763666	0.042761918907937554	-0.057480552797228385	0.06481704397902846	-0.05704036491856916	0.035208681768749354	-0.041117800113989016	0.07281701193647908	-0.04302797886358606	0.06517218917785261
0.19887286735195722	-0.1723741418611897	0.18774322216877484	-0.23881263920278917	0.13488258900210925	-0.30652141456465665	0.22944219600946805	-0.2338907239584672	0.14284000585554912	-0.11334765125739381	1.0000000000000009	-0.5487977040082526	0.2632818612790527	-0.21783613957118939	0.12177218960757041	-0.5090069607953409	0.3152587751306288	-0.1465417015464715	0.13079557978713222	-0.13613363029535486	0.23942376405691823	-0.2665644541622971	0.16317632532815124	-0.10860039579745942	0.12280420725153328	-0.18051598354975784	0.1454199410644426	-0.1435952024653462	0.09988220616422712	-0.07391945601111317	0.09448093444312773	-0.10500093344744765	0.11260219249908686	-0.12057724752071275	0.09663160687383651	-0.08536140352170006	0.09609512930350192	-0.1452612782657869	0.08389438236445002	-0.1266409137387942
-0.1885320594172149	0.17247438370065798	-0.19422370563960176	0.19783536213077066	-0.12193993544349889	0.22244187461408954	-0.31166532332437336	0.24157897425911304	-0.1338387504929177	0.1007824163781354	-0.5487977040082526	0.9999999999999983	-0.4572695436697608	0.195632632587496	-0.1097562806462695	0.26614983834223205	-0.502298936456981	0.13783612313569124	-0.1256911941905549	0.11726910795909437	-0.18990984608666853	0.20813905618448558	-0.13844170546927387	0.09043860833810705	-0.10383493186115511	0.1319953295489337	-0.11627500660481	0.11359044955315449	-0.08174389773654069	0.060260920987813264	-0.07391827042881596	0.08134006870431018	-0.08986975093064975	0.09553355857413076	-0.07925569635706586	0.06549849514207647	-0.0756718848690151	0.11193985671162657	-0.06517256267238725	0.0973699294538882
0.20218841476071195	-0.1974524939374831	0.2584935380417162	-0.3121504267617552	0.18534759337381618	-0.2318300392184566	0.2489381700547515	-0.538836457584825	0.21676944505540796	-0.16328530389272944	0.2632818612790527	-0.4572695436697608	1.0000000000000016	-0.39963195182822747	0.16632663412046503	-0.19426143264805906	0.23724764992308445	-0.19231002155028784	0.16436174449814359	-0.18114846440066038	0.1484881981565184	-0.17575664690316042	0.1514063185543916	-0.1100769476248212	0.1263073918754703	-0.12854402192300235	0.11068172443502451	-0.13006764470473192	0.09772120438049063	-0.07286201718415648	0.07526620813399627	-0.08467194872605531	0.10393383620283463	-0.11494098908540146	0.09481020971961979	-0.0694711120757934	0.07958339635817699	-0.13525657959876683	0.07881466799147213	-0.12014416359701377
-0.17849260790702812	0.14551551371121665	-0.2216980904394669	0.27370413471559585	-0.3187036758300145	0.16052468613364226	-0.18092223760518783	0.23444552463781854	-0.5521593587693354	0.26392171132848363	-0.21783613957118939	0.195632632587496	-0.39963195182822747	0.9999999999999998	-0.35838070072469247	0.1436637262211196	-0.19193064902183213	0.1960741606544931	-0.24443763651706746	0.24917499434755508	-0.12636630898813314	0.13980878691616333	-0.15831870707394916	0.12107293780847718	-0.14903594038372503	0.10844450068315184	-0.09881675298639774	0.12404062906742416	-0.10392068408038785	0.07726107939973229	-0.06800871378611183	0.07575089318976658	-0.10174598348223503	0.11293014169970482	-0.1018674188201555	0.061997348951287806	-0.07286450823368476	0.12450994318806985	-0.07388023469387417	0.11054495550149857
0.09803073436179538	-0.08136801957387939	0.11956696167813557	-0.18235020289445286	0.1858994951129615	-0.09234605962197213	0.09848071985307488	-0.126941856246612	0.205585764264076	-0.22382772547103386	0.12177218960757041	-0.1097562806462695	0.16632663412046503	-0.35838070072469247	0.9999999999999979	-0.09195140736736189	0.11671312724857591	-0.19250726911363628	0.19667280646464824	-0.8199033728347976	0.0843946970027511	-0.0987949854561591	0.12864037150425475	-0.12355227025687905	0.14745882119557308	-0.08130935133121184	0.07321841714976837	-0.10759087487234374	0.09080346088127503	-0.06962003845082129	0.051798097921567934	-0.05935146088646761	0.08608288500567361	-0.10097449509675821	0.08435845857355742	-0.0488038894013063	0.05695234381137792	-0.10971028035957968	0.06478053794497515	-0.09849598309583943
-0.1328058428624092	0.10848670156175717	-0.129176479499008	0.14891641165868427	-0.09455370862492313	0.1543778404417756	-0.14971764989469658	0.14676832147444677	-0.09993041290986607	0.07712144172690277	-0.5090069607953409	0.26614983834223205	-0.19426143264805906	0.1436637262211196	-0.09195140736736189	0.9999999999999998	-0.5216090008465414	0.12726705376946962	-0.11721004847707502	0.0992983999931723	-0.5408400286073701	0.29533088630321946	-0.16134381893279598	0.09558397544638601	-0.10898817027343091	0.19008753459509195	-0.1658024863807711	0.12843913795994974	-0.0876686658489985	0.06387633856971724	-0.09974507172643021	0.10458944916078963	-0.10077212500220158	0.10230934525293857	-0.08465183406148862	0.08286490951946125	-0.09695683184051326	0.11996288533910077	-0.06970528226625937	0.1016030615293089
0.1484736862735018	-0.13376425322279492	0.15454145166198446	-0.19348489951305012	0.11786665192782306	-0.18107137774021076	0.18003989566426012	-0.1911058025013508	0.1258781413611969	-0.09864709239032246	0.3152587751306288	-0.502298936456981	0.23724764992308445	-0.19193064902183213	0.11671312724857591	-0.5216090008465414	1.0000000000000007	-0.19830369812957985	0.15528385303102296	-0.13038701267044778	0.2825126216630692	-0.4389949880681861	0.18796480579420144	-0.11638255107920283	0.1277449955508074	-0.197640343174403	0.16856077113068893	-0.1564209587680585	0.10307660515994223	-0.0756000437837666	0.10222820720047417	-0.11491885561528341	0.11819672178416878	-0.12348288124958293	0.09818151300837506	-0.09058462657183947	0.10300981437756215	-0.14559902652794693	0.08403691582622784	-0.12458920638620592
-0.09821011439951324	0.08100250042452815	-0.11347291158837014	0.13980827936867235	-0.12310470580029932	0.0964012485225212	-0.10284219292138233	0.12409335670251269	-0.13681377687362445	0.1003825450631069	-0.1465417015464715	0.13783612313569124	-0.19231002155028784	0.1960741606544931	-0.19250726911363628	0.12726705376946962	-0.19830369812957985	0.9999999999999996	-0.8386109092377356	0.1983375721669636	-0.11766392705840042	0.1446972064984873	-0.27668979066224747	0.1585107691343698	-0.16623878300426975	0.10446542419343802	-0.09749749843535616	0.15803610167487595	-0.11397085822728001	0.08106354589800016	-0.06524551537669519	0.0748524846444977	-0.11494532865342921	0.12141878832039203	-0.10067921027006277	0.05999579932996855	-0.0709120490119607	0.12775839840458414	-0.07541629162866685	0.1099751955826957
0.0908188976899314	-0.0758983898112648	0.10563652578660052	-0.14160558646197557	0.11913559783751142	-0.09070296689064682	0.0946952310127949	-0.11817476613018582	0.13668399232068454	-0.10338131361984305	0.13079557978713222	-0.1256911941905549	0.16436174449814359	-0.24443763651706746	0.19667280646464824	-0.11721004847707502	0.15528385303102296	-0.8386109092377356	0.9999999999999976	-0.27941358533781296	0.10572833725917243	-0.1337154045135487	0.20227239640852684	-0.17712462862807102	0.16038238063388313	-0.10080761780306532	0.09141586041526645	-0.1550676653725032	0.11118438889890767	-0.08048965710822495	0.06254083730941595	-0.07258545912091291	0.10971820790949421	-0.12242123895919073	0.09673573019680545	-0.05860391382377465	0.06849250618850765	-0.13000043575297035	0.07606740276726685	-0.11267985865928996
-0.10777387608864411	0.08669862071547325	-0.1291149126495737	0.17037925126153508	-0.19657599339270548	0.09793677710915036	-0.10643615070148026	0.12931619403080796	-0.20087824218076794	0.172465663465414	-0.13613363029535486	0.11726910795909437	-0.18114846440066038	0.24917499434755508	-0.8199033728347976	0.0992983999931723	-0.13038701267044778	0.1983375721669636	-0.27941358533781296	0.9999999999999992	-0.09274379926173762	0.1064566912222823	-0.14709704300921575	0.14017678374679757	-0.19923662856115973	0.08610347065217741	-0.07909735340434162	0.11389907013250192	-0.1032025064900977	0.07824186690903058	-0.055446831015525264	0.06297263578934216	-0.0929352801983483	0.10791264339500728	-0.09630883981579103	0.051509295839954686	-0.06072137809800271	0.11292837295394051	-0.06745821832140639	0.10093570703767743
0.10181040696179733	-0.08510945067190595	0.10414874420450249	-0.12999718648544514	0.08299461129681804	-0.11744136056923629	0.11182277425748033	-0.11809983668404449	0.0869005714292863	-0.06796217906444764	0.23942376405691823	-0.18990984608666853	0.1484881981565184	-0.12636630898813314	0.0843946970027511	-0.5408400286073701	0.2825126216630692	-0.11766392705840042	0.10572833725917243	-0.09274379926173762	0.9999999999999984	-0.6225365765164338	0.19098966022848776	-0.10742237618209798	0.11717116361733997	-0.3583465867138112	0.23149368648253218	-0.161125023604169	0.09793128467139602	-0.07099610686174067	0.13344782481334516	-0.14224943196631123	0.11951529428625952	-0.11856963820336162	0.09314451302575834	-0.11094779190589359	0.12423062184778456	-0.1418269536612605	0.0811877004206158	-0.11718206658935765
-0.11550707371759408	0.0946305251561751	-0.11846357687457736	0.13963920381835462	-0.09403703263915726	0.12533604455400155	-0.12729878927732435	0.13049673678883003	-0.09865751291062241	0.07607541107192393	-0.2665644541622971	0.20813905618448558	-0.17575664690316042	0.13980878691616333	-0.0987949854561591	0.29533088630321946	-0.4389949880681861	0.1446972064984873	-0.1337154045135487	0.1064566912222823	-0.6225365765164338	0.9999999999999977	-0.3179692946387299	0.13478953872586993	-0.14859540159925108	0.26177920694762497	-0.3246868431006931	0.19350500831236234	-0.11920736781290567	0.08503537792290525	-0.14450226580444545	0.15924916939979075	-0.14472277730478342	0.13758676842428516	-0.11208808984703697	0.11708113458509103	-0.14329281613406525	0.15784143622054048	-0.09161724148730797	0.12953094971587936
0.09887692173772576	-0.08072069810805499	0.10842092296227167	-0.14192402385248692	0.10343303243536371	-0.10072754545913197	0.1018324381354138	-0.11557376563857148	0.10831230597690523	-0.08483749043570762	0.16317632532815124	-0.13844170546927387	0.1514063185543916	-0.15831870707394916	0.12864037150425475	-0.16134381893279598	0.18796480579420144	-0.27668979066224747	0.20227239640852684	-0.14709704300921575	0.19098966022848776	-0.3179692946387299	0.9999999999999983	-0.3568202606034378	0.25769767112040354	-0.20057281531655147	0.19157511523856072	-0.5958823045283026	0.21216453092518	-0.15054261801924912	0.12460034641597688	-0.15224650189196154	0.27160253207486773	-0.2689013167999206	0.1782068617500227	-0.11797683446022594	0.13949277799174337	-0.28501674363405566	0.16054897263706108	-0.22961102868563354
-0.07141591673416926	0.0576688849591855	-0.07980044819876748	0.1048801628585174	-0.08236371072193437	0.06997756840006099	-0.0720280425224748	0.08269463521846432	-0.08560931284232345	0.0675972678507503	-0.10860039579745942	0.09043860833810705	-0.1100769476248212	0.12107293780847718	-0.12355227025687905	0.09558397544638601	-0.11638255107920283	0.1585107691343698	-0.17712462862807102	0.14017678374679757	-0.10742237618209798	0.13478953872586993	-0.3568202606034378	1.0000000000000018	-0.745851691439219	0.11387172172701704	-0.10888894523757124	0.20984038175792413	-0.3931072877534807	0.20480067746801464	-0.07775668960570759	0.09217560659422784	-0.17689422468046886	0.23539964324610085	-0.21136316847301298	0.07407804482218215	-0.0890766669321602	0.1895046126164486	-0.11901709040209246	0.17009080499645174
0.08342552132638975	-0.06790825217313765	0.09388468321583888	-0.13051323416370048	0.09800693576993956	-0.08242824865618571	0.08391081531743057	-0.09786603293692063	0.10167123577417342	-0.0823750303076421	0.12280420725153328	-0.10383493186115511	0.1263073918754703	-0.14903594038372503	0.14745882119557308	-0.10898817027343091	0.1277449955508074	-0.16623878300426975	0.16038238063388313	-0.19923662856115973	0.11717116361733997	-0.14859540159925108	0.25769767112040354	-0.745851691439219	0.9999999999999991	-0.13735925396429582	0.12489113203957479	-0.23739607182519015	0.27263312141915397	-0.25386110232839587	0.09310023753814	-0.11208354624535313	0.19358209544705995	-0.27822675092514365	0.21491093342857392	-0.09211505634035079	0.10814200841337776	-0.2527073884364855	0.15226553343467308	-0.23336936894431964
-0.08827371552744061	0.07062360163710575	-0.09180257783194475	0.10895581418402181	-0.07633789544290792	0.09140174019628446	-0.09205154816261157	0.0967791709881735	-0.07876003600644575	0.06075091438566967	-0.18051598354975784	0.1319953295489337	-0.12854402192300235	0.10844450068315184	-0.08130935133121184	0.19008753459509195	-0.197640343174403	0.10446542419343802	-0.10080761780306532	0.08610347065217741	-0.3583465867138112	0.26177920694762497	-0.20057281531655147	0.11387172172701704	-0.13735925396429582	0.9999999999999968	-0.6810326749072823	0.17944182923804458	-0.11769021019342951	0.08351299269019898	-0.3666827696852612	0.2775227886642315	-0.15379355696077812	0.13449278494445874	-0.11655148573932989	0.21651342435852003	-0.26542854701258123	0.16530729565884889	-0.09579881419891743	0.12725026015202656
0.07572176662268117	-0.06158183299670228	0.07974123390818538	-0.09917813224872854	0.06796131103309787	-0.07990425695956112	0.07940317289495058	-0.08548117400197024	0.07023316313695721	-0.05467579988439463	0.1454199410644426	-0.11627500660481	0.11068172443502451	-0.09881675298639774	0.07321841714976837	-0.1658024863807711	0.16856077113068893	-0.09749749843535616	0.09141586041526645	-0.07909735340434162	0.23149368648253218	-0.3246868431006931	0.19157511523856072	-0.10888894523757124	0.12489113203957479	-0.6810326749072823	0.9999999999999987	-0.22485285098464683	0.11175110336288713	-0.07911017818403414	0.25118119956130075	-0.4610908410211054	0.16131352979875802	-0.13869520640249022	0.1072474079694845	-0.2157672420573126	0.2408824873805847	-0.17558975193167312	0.09784903900337363	-0.132517234898267
-0.08646596719637309	0.06883871473551395	-0.09384374004981641	0.11480655845984537	-0.08801541477853968	0.08486127738641087	-0.08742670112647592	0.09632461842643447	-0.09073890296760033	0.06993004183919617	-0.1435952024653462	0.11359044955315449	-0.13006764470473192	0.12404062906742416	-0.10759087487234374	0.12843913795994974	-0.1564209587680585	0.15803610167487595	-0.1550676653725032	0.11389907013250192	-0.161125023604169	0.19350500831236234	-0.5958823045283026	0.20984038175792413	-0.23739607182519015	0.17944182923804458	-0.22485285098464683	0.9999999999999968	-0.21885882788728525	0.14143083704470785	-0.12654486282806832	0.15469567526769992	-0.5692654264236073	0.2573493951309732	-0.1900824855173839	0.11175085582335109	-0.14461053610342706	0.25312899342952716	-0.15332689214753592	0.18726877891150803
0.06602298713809764	-0.05304123553865669	0.07308928389615393	-0.09716746080255538	0.07167429957660654	-0.06467981517025058	0.06597121100370684	-0.07499380320121438	0.0735563908885997	-0.05815245664100893	0.09988220616422712	-0.08174389773654069	0.09772120438049063	-0.10392068408038785	0.09080346088127503	-0.0876686658489985	0.10307660515994223	-0.11397085822728001	0.11118438889890767	-0.1032025064900977	0.09793128467139602	-0.11920736781290567	0.21216453092518	-0.3931072877534807	0.27263312141915397	-0.11769021019342951	0.11175110336288713	-0.21885882788728525	0.9999999999999996	-0.5066475240022188	0.08601880113879538	-0.10495038342709347	0.2309231461533814	-0.5630734647084552	0.3023227691617279	-0.08457461868867927	0.10295996018140005	-0.2537001351405749	0.17207712951794155	-0.24141268116874898
-0.04930842205539848	0.039534367721959	-0.054665870085192324	0.07264524092159162	-0.053984453373029685	0.048050711651651375	-0.04911763475125347	0.05582070997477911	-0.0552421534980887	0.043683070607711774	-0.07391945601111317	0.060260920987813264	-0.07286201718415648	0.07726107939973229	-0.06962003845082129	0.06387633856971724	-0.0756000437837666	0.08106354589800016	-0.08048965710822495	0.07824186690903058	-0.07099610686174067	0.08503537792290525	-0.15054261801924912	0.20480067746801464	-0.25386110232839587	0.08351299269019898	-0.07911017818403414	0.14143083704470785	-0.5066475240022188	0.9999999999999986	-0.06091719033694844	0.07279518596042743	-0.14983309767454528	0.2485219211472768	-0.7561454829844758	0.05945065628593702	-0.07216095490665826	0.16924165047209638	-0.11479471477941439	0.16459156474517234
0.051973134903995924	-0.041815412939734724	0.055108628552142415	-0.06841974365906742	0.04782280773108921	-0.05345108674392891	0.05346874291196182	-0.05785335601811846	0.04906780653729071	-0.03815300771763666	0.09448093444312773	-0.07391827042881596	0.07526620813399627	-0.06800871378611183	0.051798097921567934	-0.09974507172643021	0.10222820720047417	-0.06524551537669519	0.06254083730941595	-0.055446831015525264	0.13344782481334516	-0.14450226580444545	0.12460034641597688	-0.07775668960570759	0.09310023753814	-0.3666827696852612	0.25118119956130075	-0.12654486282806832	0.08601880113879538	-0.06091719033694844	0.9999999999999968	-0.4834840970859652	0.12308673016940389	-0.10644727252115006	0.08491356426181731	-0.6943665912780825	0.3198853718287419	-0.15192722211859383	0.08280808006191212	-0.10811159075819773
-0.05813311752955589	0.04647554302115886	-0.061715137956932564	0.07522739306369443	-0.05387030118264958	0.05890471384344812	-0.059549614227036765	0.06416501916971322	-0.05522489556496101	0.042761918907937554	-0.10500093344744765	0.08134006870431018	-0.08467194872605531	0.07575089318976658	-0.05935146088646761	0.10458944916078963	-0.11491885561528341	0.0748524846444977	-0.07258545912091291	0.06297263578934216	-0.14224943196631123	0.15924916939979075	-0.15224650189196154	0.09217560659422784	-0.11208354624535313	0.2775227886642315	-0.4610908410211054	0.15469567526769992	-0.10495038342709347	0.07279518596042743	-0.4834840970859652	0.9999999999999962	-0.17711954315104877	0.1274007973471481	-0.10306813880464238	0.3031778360447194	-0.6114129758576811	0.17777275235246756	-0.09912202029711326	0.1200192728802025
0.07048063423821187	-0.056124230936790004	0.07677360920936023	-0.09630185749589497	0.07216168999694751	-0.06901313454702555	0.07065326895002197	-0.07841739737717028	0.0738978698385369	-0.057480552797228385	0.11260219249908686	-0.08986975093064975	0.10393383620283463	-0.10174598348223503	0.08608288500567361	-0.10077212500220158	0.11819672178416878	-0.11494532865342921	0.10971820790949421	-0.0929352801983483	0.11951529428625952	-0.14472277730478342	0.27160253207486773	-0.17689422468046886	0.19358209544705995	-0.15379355696077812	0.16131352979875802	-0.5692654264236073	0.2309231461533814	-0.14983309767454528	0.12308673016940389	-0.17711954315104877	0.9999999999999971	-0.49672117890938977	0.19328947488132542	-0.11726788971380797	0.15386510936193093	-0.4602769150454696	0.2123105379562032	-0.25048911447864486
-0.07802658074837757	0.06172878760798356	-0.08544106366054008	0.10645747459605039	-0.08177749309008776	0.07501144945772756	-0.07744080499108807	0.08606434961827537	-0.08335561442259747	0.06481704397902846	-0.12057724752071275	0.09553355857413076	-0.11494098908540146	0.11293014169970482	-0.10097449509675821	0.10230934525293857	-0.12348288124958293	0.12141878832039203	-0.12242123895919073	0.10791264339500728	-0.11856963820336162	0.13758676842428516	-0.2689013167999206	0.23539964324610085	-0.27822675092514365	0.13449278494445874	-0.13869520640249022	0.2573493951309732	-0.5630734647084552	0.2485219211472768	-0.10644727252115006	0.1274007973471481	-0.49672117890938977	0.9999999999999974	-0.34736718995411114	0.09827150922853785	-0.128424111944978	0.2780514762105979	-0.25824463321953833	0.2418512942322562
0.06500128226567678	-0.052357632699590116	0.07211318082316133	-0.09888196909064056	0.07024490916292117	-0.06387053709970321	0.06473851638540735	-0.07391593557405363	0.07173139279564057	-0.05704036491856916	0.09663160687383651	-0.07925569635706586	0.09481020971961979	-0.1018674188201555	0.08435845857355742	-0.08465183406148862	0.09818151300837506	-0.10067921027006277	0.09673573019680545	-0.09630883981579103	0.09314451302575834	-0.11208808984703697	0.1782068617500227	-0.21136316847301298	0.21491093342857392	-0.11655148573932989	0.1072474079694845	-0.1900824855173839	0.3023227691617279	-0.7561454829844758	0.08491356426181731	-0.10306813880464238	0.19328947488132542	-0.34736718995411114	0.999999999999998	-0.08562349913823558	0.10207204072769943	-0.2612982367525527	0.16954012400515772	-0.26777727309865923
-0.04798177032535708	0.03818283138617097	-0.05096327931507656	0.06179943469809498	-0.044547630350686714	0.04818581156186564	-0.0488124906089213	0.05257479031488053	-0.04552433229964087	0.035208681768749354	-0.08536140352170006	0.06549849514207647	-0.0694711120757934	0.061997348951287806	-0.0488038894013063	0.08286490951946125	-0.09058462657183947	0.05999579932996855	-0.05860391382377465	0.051509295839954686	-0.11094779190589359	0.11708113458509103	-0.11797683446022594	0.07407804482218215	-0.09211505634035079	0.21651342435852003	-0.2157672420573126	0.11175085582335109	-0.08457461868867927	0.05945065628593702	-0.6943665912780825	0.3031778360447194	-0.11726788971380797	0.09827150922853785	-0.08562349913823558	0.9999999999999976	-0.5930593779952793	0.14802895733939364	-0.08291926395816625	0.09910279682988826
0.054894254615134266	-0.04399221009936508	0.058579703935391234	-0.07267849472066829	0.05171302647298258	-0.055654897419121774	0.05600450840528097	-0.06090211000883402	0.05291713368063153	-0.041117800113989016	0.09609512930350192	-0.0756718848690151	0.07958339635817699	-0.07286450823368476	0.05695234381137792	-0.09695683184051326	0.10300981437756215	-0.0709120490119607	0.06849250618850765	-0.06072137809800271	0.12423062184778456	-0.14329281613406525	0.13949277799174337	-0.0890766669321602	0.10814200841337776	-0.26542854701258123	0.2408824873805847	-0.14461053610342706	0.10295996018140005	-0.07216095490665826	0.3198853718287419	-0.6114129758576811	0.15386510936193093	-0.128424111944978	0.10207204072769943	-0.5930593779952793	0.9999999999999974	-0.24678935671003352	0.11541483141270135	-0.13945951828248276
-0.09306069563748437	0.07260544645211188	-0.10087415263472664	0.11934415003167763	-0.09374294178649337	0.0879774493343386	-0.09154502475223004	0.09982258634128444	-0.09479233475532765	0.07281701193647908	-0.1452612782657869	0.11193985671162657	-0.13525657959876683	0.12450994318806985	-0.10971028035957968	0.11996288533910077	-0.14559902652794693	0.12775839840458414	-0.13000043575297035	0.11292837295394051	-0.1418269536612605	0.15784143622054048	-0.28501674363405566	0.1895046126164486	-0.2527073884364855	0.16530729565884889	-0.17558975193167312	0.25312899342952716	-0.2537001351405749	0.16924165047209638	-0.15192722211859383	0.17777275235246756	-0.4602769150454696	0.2780514762105979	-0.2612982367525527	0.14802895733939364	-0.24678935671003352	0.9999999999999976	-0.529845912862553	0.31027809137142737
0.05426253373768068	-0.04246238205843534	0.05897920840055204	-0.07089578414053153	0.055145441745976784	-0.051461158670892786	0.053397111601874166	-0.05853903556724808	0.05579616645601822	-0.04302797886358606	0.08389438236445002	-0.06517256267238725	0.07881466799147213	-0.07388023469387417	0.06478053794497515	-0.06970528226625937	0.08403691582622784	-0.07541629162866685	0.07606740276726685	-0.06745821832140639	0.0811877004206158	-0.09161724148730797	0.16054897263706108	-0.11901709040209246	0.15226553343467308	-0.09579881419891743	0.09784903900337363	-0.15332689214753592	0.17207712951794155	-0.11479471477941439	0.08280808006191212	-0.09912202029711326	0.2123105379562032	-0.25824463321953833	0.16954012400515772	-0.08291926395816625	0.11541483141270135	-0.529845912862553	0.9999999999999978	-0.7464708050501982
-0.08311595997611393	0.06455597714486425	-0.0902739427683911	0.10627973592904913	-0.08427252759721132	0.07771439915782838	-0.08116294926731626	0.0885220005836575	-0.08488077789245035	0.06517218917785261	-0.1266409137387942	0.0973699294538882	-0.12014416359701377	0.11054495550149857	-0.09849598309583943	0.1016030615293089	-0.12458920638620592	0.1099751955826957	-0.11267985865928996	0.10093570703767743	-0.11718206658935765	0.12953094971587936	-0.22961102868563354	0.17009080499645174	-0.23336936894431964	0.12725026015202656	-0.132517234898267	0.18726877891150803	-0.24141268116874898	0.16459156474517234	-0.10811159075819773	0.1200192728802025	-0.25048911447864486	0.2418512942322562	-0.26777727309865923	0.09910279682988826	-0.13945951828248276	0.31027809137142737	-0.7464708050501982	0.9999999999999978
