1.0000000000000002	-0.77762935431003	0.11538125412004042	-0.06436374049950262	0.04450934578528462	-0.42851947967206144	0.3079432104555561	-0.1238304201152156	0.05920130840694837	-0.03862692203175275	0.243721057347734	-0.10450291065335379	0.09553782563572619	-0.04296437087405408	0.04225013299767576	-0.027418436971861894	0.02800081098495877	-0.026600603369877348	0.010695180782685705	-0.015827854592998906	0.02097008722166535	-0.018995203632618626	0.02300266594263986	-0.011192419875442922	0.017389343497826587
-0.77762935431003	1.0000000000000004	-0.13811710484894005	0.06268844329997172	-0.04327440257724201	0.27529088477232194	-0.49362834899647845	0.12908600849478835	-0.05802176628679181	0.037045913516255635	-0.24773270439347828	0.09660482498928898	-0.09337434651974938	0.039977034220661185	-0.039682650626502274	0.024518193834227632	-0.025433396683887485	0.023869204642889903	-0.00955056935056466	0.01421035140479561	-0.018800657888388007	0.01684666629707865	-0.02053487922950764	0.009961915621616357	-0.015655205821107493
0.11538125412004042	-0.13811710484894005	1.0000000000000004	-0.3194065138064942	0.15527530808213325	-0.10504460594029201	0.17034614078566354	-0.8533619993682474	0.20749937112753478	-0.132135580803555	0.1316764787530335	-0.12573268387150793	0.13137979104447353	-0.09927021951540681	0.09723983237499087	-0.02690466280758951	0.030033994770265113	-0.029655254469055013	0.01496062761332064	-0.029404904910399893	0.020886192151031074	-0.01978707880656414	0.02409602268028261	-0.015581674610901472	0.03215100610889052
-0.06436374049950262	0.06268844329997172	-0.3194065138064942	1.0000000000000007	-0.5821190716927416	0.05966049609767231	-0.09826310455273148	0.22644429455589996	-0.6133590896985003	0.31276687545170956	-0.08818280113325931	0.07889377040871451	-0.08788078569515724	0.18390558711367985	-0.20505578522567394	0.01983651944340577	-0.0221191649262651	0.022577310224299214	-0.019404952015814225	0.051986880543244914	-0.015903179613373043	0.015194135188499568	-0.019065654696485464	0.01999328081759889	-0.05789855550214566
0.04450934578528462	-0.04327440257724201	0.15527530808213325	-0.5821190716927416	1.0000000000000009	-0.043169401665248366	0.06949703371169373	-0.16585367835821258	0.3187120382032659	-0.7001135028490609	0.06416254145300442	-0.0648174032499486	0.06920819396183435	-0.18493306621902753	0.17863415864163013	-0.015995979065832302	0.017866031602706223	-0.018424236920232612	0.016766077324899195	-0.045026837079658655	0.012764511855789164	-0.012326821456896155	0.0154017105333982	-0.01738348291726359	0.046857425498924674
-0.42851947967206144	0.27529088477232194	-0.10504460594029201	0.05966049609767231	-0.043169401665248366	1.0000000000000009	-0.5167790725526004	0.11488092920279316	-0.05801302641521551	0.03767893144183551	-0.650618298642718	0.13748430651761298	-0.1279920359855889	0.04566713679426643	-0.04501992368300522	0.03461349071165354	-0.035090520980285	0.0319005552048857	-0.011983235283537404	0.016501345012863912	-0.025962934210688585	0.022547919236730177	-0.027483587040690927	0.012482687362402767	-0.01817181830216444
0.3079432104555561	-0.49362834899647845	0.17034614078566354	-0.09826310455273148	0.06949703371169373	-0.5167790725526004	1.0000000000000007	-0.21621259217049535	0.09330690945163886	-0.06040108913399694	0.3049167078952075	-0.1689608616245642	0.14728531324056357	-0.06737920437758244	0.0660384048237599	-0.04143112374797605	0.04285392488888762	-0.04102811352089533	0.01661497535654202	-0.024880256842449284	0.031747981384966484	-0.02913872346283164	0.035187421006256436	-0.017409930419743244	0.027315214312484126
-0.1238304201152156	0.12908600849478835	-0.8533619993682474	0.22644429455589996	-0.16585367835821258	0.11488092920279316	-0.21621259217049535	1.0000000000000002	-0.2596381812663084	0.13331134647697843	-0.15136372759500688	0.13494810177089403	-0.1698878530559286	0.10569080555115754	-0.10826461827080514	0.0284888486760666	-0.03235012314862623	0.03170845676308681	-0.015912756048759625	0.031469887259485387	-0.022242879130685685	0.020871515687299842	-0.02573348822512235	0.016486242084868916	-0.03486595088844209
0.05920130840694837	-0.05802176628679181	0.20749937112753478	-0.6133590896985003	0.3187120382032659	-0.05801302641521551	0.09330690945163886	-0.2596381812663084	1.0000000000000016	-0.5491398721215789	0.0851935659283587	-0.09095933287225724	0.0975180796822681	-0.3163321790659464	0.23504280621194448	-0.02160589975734933	0.024286112774777456	-0.025034359127693424	0.02270827518738216	-0.058080113134386636	0.017181924769104108	-0.016614961003954196	0.02074535057599916	-0.023452079701894793	0.06138123610882008
-0.03862692203175275	0.037045913516255635	-0.132135580803555	0.31276687545170956	-0.7001135028490609	0.03767893144183551	-0.06040108913399694	0.13331134647697843	-0.5491398721215789	1.0000000000000007	-0.05677380126203023	0.06105211096133873	-0.06696268835667352	0.2148927292550156	-0.28547986432854106	0.015109115079425426	-0.01704045793041066	0.017766159573565737	-0.01851650295036178	0.053558398961231296	-0.01212185414127357	0.011766627331292776	-0.01484864747688847	0.018952386566811374	-0.05699047211309148
0.243721057347734	-0.24773270439347828	0.1316764787530335	-0.08818280113325931	0.06416254145300442	-0.650618298642718	0.3049167078952075	-0.15136372759500688	0.0851935659283587	-0.05677380126203023	1.0000000000000027	-0.26382457131460635	0.19305632924659044	-0.07220419657558004	0.06992591261009466	-0.060621113262278085	0.05905382741438933	-0.054107784805929385	0.01997827432772937	-0.026860930664558417	0.04385395243884116	-0.03851769343354716	0.0462660588448624	-0.020887744654769863	0.02946259745934393
-0.10450291065335379	0.09660482498928898	-0.12573268387150793	0.07889377040871451	-0.0648174032499486	0.13748430651761298	-0.1689608616245642	0.13494810177089403	-0.09095933287225724	0.06105211096133873	-0.26382457131460635	1.0000000000000038	-0.8859412007013868	0.11739000948339043	-0.11654233253562489	0.08226291100640146	-0.12399718561879397	0.100468713230101	-0.029789881142592258	0.034305187357978766	-0.06048072219016172	0.05693524646509125	-0.07036690120524583	0.03050534599911666	-0.03825536137504659
0.09553782563572619	-0.09337434651974938	0.13137979104447353	-0.08788078569515724	0.06920819396183435	-0.1279920359855889	0.14728531324056357	-0.1698878530559286	0.0975180796822681	-0.06696268835667352	0.19305632924659044	-0.8859412007013868	1.000000000000003	-0.1514327989565227	0.12127727886947051	-0.08306975278122965	0.10779925762366128	-0.10939091502473297	0.031321979049825	-0.036777065463079774	0.05946163498976133	-0.058571165153773155	0.07023200178514769	-0.03248222006571523	0.04011890234582689
-0.04296437087405408	0.039977034220661185	-0.09927021951540681	0.18390558711367985	-0.18493306621902753	0.04566713679426643	-0.06737920437758244	0.10569080555115754	-0.3163321790659464	0.2148927292550156	-0.07220419657558004	0.11739000948339043	-0.1514327989565227	1.0000000000000036	-0.8670588853954433	0.0264173223067577	-0.031129932082950857	0.03333038816737984	-0.04573908317793314	0.12408461774862005	-0.021268191386137142	0.021030206408336964	-0.0271355734642321	0.0445955577651136	-0.1401708305704125
0.04225013299767576	-0.039682650626502274	0.09723983237499087	-0.20505578522567394	0.17863415864163013	-0.04501992368300522	0.0660384048237599	-0.10826461827080514	0.23504280621194448	-0.28547986432854106	0.06992591261009466	-0.11654233253562489	0.12127727886947051	-0.8670588853954433	1.0000000000000047	-0.026344978523933325	0.030536984234546736	-0.03303665465873608	0.04554274419448204	-0.15686021106998205	0.02101407445501602	-0.020992335516082174	0.02676271042287524	-0.0464217653186188	0.13518079606232208
-0.027418436971861894	0.024518193834227632	-0.02690466280758951	0.01983651944340577	-0.015995979065832302	0.03461349071165354	-0.04143112374797605	0.0284888486760666	-0.02160589975734933	0.015109115079425426	-0.060621113262278085	0.08226291100640146	-0.08306975278122965	0.0264173223067577	-0.026344978523933325	1.0000000000000042	-0.5838573034718467	0.28629211358154427	-0.07605705098488826	0.02796153960659422	-0.6226065989073337	0.28183568702838013	-0.3524526903422018	0.0760002512705772	-0.03032493817437445
0.02800081098495877	-0.025433396683887485	0.030033994770265113	-0.0221191649262651	0.017866031602706223	-0.035090520980285	0.04285392488888762	-0.03235012314862623	0.024286112774777456	-0.01704045793041066	0.05905382741438933	-0.12399718561879397	0.10779925762366128	-0.031129932082950857	0.030536984234546736	-0.5838573034718467	1.0000000000000042	-0.6615373616016464	0.09405202883032186	-0.032084309841183656	0.26149025512921276	-0.27339373969461844	0.276678647258608	-0.09938624790617706	0.033504519351869017
-0.026600603369877348	0.023869204642889903	-0.029655254469055013	0.022577310224299214	-0.018424236920232612	0.0319005552048857	-0.04102811352089533	0.03170845676308681	-0.025034359127693424	0.017766159573565737	-0.054107784805929385	0.100468713230101	-0.10939091502473297	0.03333038816737984	-0.03303665465873608	0.28629211358154427	-0.6615373616016464	1.000000000000005	-0.15637569193260129	0.0421106107830927	-0.295040822370064	0.2584481236576168	-0.5540609775499318	0.1356041652866876	-0.04471676967739206
0.010695180782685705	-0.00955056935056466	0.01496062761332064	-0.019404952015814225	0.016766077324899195	-0.011983235283537404	0.01661497535654202	-0.015912756048759625	0.02270827518738216	-0.01851650295036178	0.01997827432772937	-0.029789881142592258	0.031321979049825	-0.04573908317793314	0.04554274419448204	-0.07605705098488826	0.09405202883032186	-0.15637569193260129	1.0000000000000044	-0.16309754602424104	0.06912938535215106	-0.07853494103929025	0.1218042243357633	-0.9505654257391479	0.14003662799011185
-0.015827854592998906	0.01421035140479561	-0.029404904910399893	0.051986880543244914	-0.045026837079658655	0.016501345012863912	-0.024880256842449284	0.031469887259485387	-0.058080113134386636	0.053558398961231296	-0.026860930664558417	0.034305187357978766	-0.036777065463079774	0.12408461774862005	-0.15686021106998205	0.02796153960659422	-0.032084309841183656	0.0421106107830927	-0.16309754602424104	1.0000000000000049	-0.02504110597044737	0.026472382853756554	-0.03821844039006139	0.13875226254579293	-0.9534813294818573
0.02097008722166535	-0.018800657888388007	0.020886192151031074	-0.015903179613373043	0.012764511855789164	-0.025962934210688585	0.031747981384966484	-0.022242879130685685	0.017181924769104108	-0.01212185414127357	0.04385395243884116	-0.06048072219016172	0.05946163498976133	-0.021268191386137142	0.02101407445501602	-0.6226065989073337	0.26149025512921276	-0.295040822370064	0.06912938535215106	-0.02504110597044737	1.000000000000005	-0.6266246756801612	0.2899715406344323	-0.07504166560356619	0.026486298869594326
-0.018995203632618626	0.01684666629707865	-0.01978707880656414	0.015194135188499568	-0.012326821456896155	0.022547919236730177	-0.02913872346283164	0.020871515687299842	-0.016614961003954196	0.011766627331292776	-0.03851769343354716	0.05693524646509125	-0.058571165153773155	0.021030206408336964	-0.020992335516082174	0.28183568702838013	-0.27339373969461844	0.2584481236576168	-0.07853494103929025	0.026472382853756554	-0.6266246756801612	1.0000000000000056	-0.6375006286056624	0.08061090585493709	-0.02871514323671006
0.02300266594263986	-0.02053487922950764	0.02409602268028261	-0.019065654696485464	0.0154017105333982	-0.027483587040690927	0.035187421006256436	-0.02573348822512235	0.02074535057599916	-0.01484864747688847	0.0462660588448624	-0.07036690120524583	0.07023200178514769	-0.0271355734642321	0.02676271042287524	-0.3524526903422018	0.276678647258608	-0.5540609775499318	0.1218042243357633	-0.03821844039006139	0.2899715406344323	-0.6375006286056624	1.0000000000000058	-0.14278858222263047	0.040249417788070875
-0.011192419875442922	0.009961915621616357	-0.015581674610901472	0.01999328081759889	-0.01738348291726359	0.012482687362402767	-0.017409930419743244	0.016486242084868916	-0.023452079701894793	0.018952386566811374	-0.020887744654769863	0.03050534599911666	-0.03248222006571523	0.0445955577651136	-0.0464217653186188	0.0760002512705772	-0.09938624790617706	0.1356041652866876	-0.9505654257391479	0.13875226254579293	-0.07504166560356619	0.08061090585493709	-0.14278858222263047	1.0000000000000056	-0.16037889062720523
0.017389343497826587	-0.015655205821107493	0.03215100610889052	-0.05789855550214566	0.046857425498924674	-0.01817181830216444	0.027315214312484126	-0.03486595088844209	0.06138123610882008	-0.05699047211309148	0.02946259745934393	-0.03825536137504659	0.04011890234582689	-0.1401708305704125	0.13518079606232208	-0.03032493817437445	0.033504519351869017	-0.04471676967739206	0.14003662799011185	-0.9534813294818573	0.026486298869594326	-0.02871514323671006	0.040249417788070875	-0.16037889062720523	1.0000000000000056
