1.0	-0.5485397497224695	0.2627155901901158	-0.29210397782764697	0.19170610353327633	-0.6415039341627324	0.31180479563992525	-0.24614387378423375	0.16248892347463867	-0.14292704572700046	0.22586042249637597	-0.2207962135211658	0.1778369202072132	-0.13848240590487093	0.12294848725989732	-0.09920275250801998	0.16013589207435797	-0.15757987742218868	0.13537931966060962	-0.12162008627212463	0.09627325265648723	-0.1322760909137626	0.11421316343168757	-0.14554998394128024	0.10719489160490647	-0.06424940092383939	0.06939456933753392	-0.09612102923706692	0.11133112910160628	-0.09395134958401082	0.06084578674137375	-0.07214016322551385	0.032603201562079145	-0.031187102301233074	0.1280968972966072
-0.5485397497224695	1.0000000000000002	-0.48942077130282907	0.24628062820520868	-0.17718208671461716	0.3066658869209776	-0.5338982191070532	0.23683359259467932	-0.15986530359159445	0.12662175293898362	-0.21789658981671242	0.21921141667365143	-0.18094592090511916	0.12784828628681347	-0.11317558518364794	0.08840943527563781	-0.1477569619378744	0.14180155047382417	-0.12435117409537755	0.10747622815441296	-0.08699922512771925	0.11614739968837659	-0.10247630850836555	0.12662479585704534	-0.09601990951762007	0.0562936954701254	-0.06119375570141791	0.08446754547465944	-0.09917299984459492	0.08209533431450557	-0.05283648213674585	0.06173913444599381	-0.02881231326172241	0.02748469582420098	-0.1137540842680239
0.2627155901901158	-0.48942077130282907	0.9999999999999999	-0.5314995534195288	0.2421517593799429	-0.2450090209043164	0.25135091842000945	-0.5068966349438428	0.22278809326094517	-0.17394955800733897	0.215131222391773	-0.21177056203425254	0.20162854395302734	-0.17131310040258246	0.14760315339912647	-0.0973960333989911	0.16469351221548253	-0.17152826906727603	0.15351170881006354	-0.1360958579598646	0.09633620365068146	-0.13510758894822814	0.12130230699775515	-0.15472131023774166	0.11875952649913289	-0.06567427797761909	0.07145249398766289	-0.10067129892671327	0.11807702104413305	-0.10202028375783934	0.06224712202952038	-0.07321532870348295	0.03451729170050856	-0.032969930623834756	0.13964919155286987
-0.29210397782764697	0.24628062820520868	-0.5314995534195288	0.9999999999999992	-0.5425615599600836	0.2240902506265924	-0.23965801686965468	0.28615240255696944	-0.26059423709934015	0.22479015880890044	-0.29011912669774126	0.21245158389362265	-0.21996821938044178	0.19268986166644497	-0.19693666702108586	0.1249058505587017	-0.22132214399987793	0.19390465799600773	-0.1900643195228551	0.1703560791365468	-0.1283017875824306	0.16791996099304618	-0.15043901622655814	0.18848177233651353	-0.15865370499093745	0.0846690579428043	-0.09317628305098542	0.12666450949273372	-0.1548004519931994	0.13510653889311242	-0.0821207462678161	0.09410418942273872	-0.04578109896521053	0.043498723874263276	-0.19865611609539002
0.19170610353327633	-0.17718208671461716	0.2421517593799429	-0.5425615599600836	0.9999999999999993	-0.19587964767104726	0.17835521145444275	-0.2813965954025701	0.24142932291830632	-0.42651515798411677	0.2445998754969618	-0.19808560044845386	0.20724213916039916	-0.22121697197932877	0.24028824899614237	-0.12269431953204568	0.2119713142264329	-0.2108653389271778	0.2024097845587898	-0.20662425247237245	0.12308397304499696	-0.17986462876264184	0.15931261274713518	-0.2162153835048399	0.17294127212298577	-0.08974389462567138	0.09742590615129539	-0.13707595122762764	0.16086865035677317	-0.1559180593948988	0.0885275275883302	-0.10627246201454207	0.0482413301737416	-0.04624018652377787	0.20698983599125448
-0.6415039341627324	0.3066658869209776	-0.2450090209043164	0.2240902506265924	-0.19587964767104726	0.9999999999999997	-0.5377749326264323	0.21415468720907047	-0.16737787268018053	0.1396316285791921	-0.3224188010380489	0.2507780065440663	-0.2059641601344926	0.14064311386277428	-0.12739499163518184	0.11620300459105132	-0.1869827502559388	0.16438252200528658	-0.14401128057318618	0.12442530812224448	-0.1151086597079601	0.14255236065555357	-0.12320028562942947	0.15005594289195595	-0.11357525619743605	0.0703215755463352	-0.07645096885640025	0.1023519811575355	-0.12097340775269254	0.09736606743151231	-0.06581362156157054	0.07610490056914385	-0.03509254030853598	0.033423066925522785	-0.13721233550695883
0.31180479563992525	-0.5338982191070532	0.25135091842000945	-0.23965801686965468	0.17835521145444275	-0.5377749326264323	0.9999999999999994	-0.2573161641075104	0.16683024138399755	-0.1395942526566779	0.2561369726125712	-0.44638526900612197	0.2227865753908378	-0.14687142427361635	0.12441025786405148	-0.10586787255087791	0.17093678927771183	-0.17607861726691668	0.1418342863065423	-0.12243695210114126	0.10088646024327816	-0.1385424791239673	0.11997347297508361	-0.14806855274308156	0.10722598589605857	-0.06536290639437142	0.07057270259773805	-0.09848390515967768	0.11310905133164156	-0.09222741595945463	0.060532427579242556	-0.07135211003166271	0.03275351018991779	-0.031310582207481036	0.12511413387908857
-0.24614387378423375	0.23683359259467932	-0.5068966349438428	0.28615240255696944	-0.2813965954025701	0.21415468720907047	-0.2573161641075104	0.9999999999999983	-0.5148262500291301	0.22592228783367543	-0.26828249701616014	0.23811248061250348	-0.3489253212733759	0.25773856324805944	-0.21666453279677322	0.11759771717903555	-0.20870618418038814	0.22665261899840441	-0.22258943632523334	0.17938641128667152	-0.11884661697623954	0.16528451092423666	-0.1586782679905964	0.19472938780532997	-0.15930738381330925	0.0808045801329117	-0.08893106374978713	0.1268381314356063	-0.1526124950984611	0.1299147129682402	-0.07598573782131798	0.0879433141965953	-0.04405039720000333	0.04191209866392597	-0.18121227660752776
0.16248892347463867	-0.15986530359159445	0.22278809326094517	-0.26059423709934015	0.24142932291830632	-0.16737787268018053	0.16683024138399755	-0.5148262500291301	0.9999999999999981	-0.37994471952744546	0.2088957301897758	-0.2024215187306907	0.2495976403497337	-0.5739718762522023	0.28115420109908373	-0.10336340367959634	0.1800667586904399	-0.2361279644238688	0.24384544503925867	-0.21548871891921118	0.1031705318283149	-0.15762246575996594	0.153058167648725	-0.2112443156571228	0.16312933426582052	-0.0755263345121267	0.08241537496430155	-0.12382016251444398	0.14357715263047846	-0.1347936133691303	0.07020762746978026	-0.08322534022828722	0.04156718514876932	-0.039845833950792636	0.16969622239437485
-0.14292704572700046	0.12662175293898362	-0.17394955800733897	0.22479015880890044	-0.42651515798411677	0.1396316285791921	-0.1395942526566779	0.22592228783367543	-0.37994471952744546	0.9999999999999989	-0.19916111467753148	0.16355791013307522	-0.20498527910260286	0.2894822619660298	-0.6724317706164984	0.09603431477956037	-0.17349476700681468	0.1906492825885469	-0.2293554930061401	0.2235492190764775	-0.0979248642898415	0.14247772490278643	-0.13916246983629177	0.18433020065583808	-0.19123578947555323	0.07067692106887401	-0.07790828509065596	0.11366077856604799	-0.1385783835967138	0.14119564580861033	-0.06714516530307466	0.07833394464456578	-0.04111021927364892	0.039214634659964526	-0.1934484751955228
0.22586042249637597	-0.21789658981671242	0.215131222391773	-0.29011912669774126	0.2445998754969618	-0.3224188010380489	0.2561369726125712	-0.26828249701616014	0.2088957301897758	-0.19916111467753148	0.9999999999999984	-0.5096197166023502	0.2757533173199866	-0.20124257646249533	0.17387488685373736	-0.33013512912169135	0.26797450468497697	-0.27232186416202264	0.20888160407643666	-0.1896274105321508	0.22529422718599068	-0.25231583720594103	0.19650968872603583	-0.2502924627056451	0.16383449396739375	-0.1280143043347144	0.131434331544042	-0.1706629275060064	0.18646876221921924	-0.14747661408506205	0.11308050850559673	-0.1372292106154801	0.05448410865556466	-0.0524184517417042	0.19313913965262894
-0.2207962135211658	0.21921141667365143	-0.21177056203425254	0.21245158389362265	-0.19808560044845386	0.2507780065440663	-0.44638526900612197	0.23811248061250348	-0.2024215187306907	0.16355791013307522	-0.5096197166023502	0.9999999999999979	-0.531378342813155	0.19173298606651046	-0.15891280017529746	0.1532330981793414	-0.27141189849592723	0.24790641967317145	-0.19450518127372585	0.15478798237757502	-0.14488823619892827	0.19088987135808935	-0.16758007263463215	0.19176013677924364	-0.1370439864917931	0.0872935573851408	-0.09444630399379603	0.13058271492694964	-0.1499007358143076	0.11467139147989519	-0.07859393682658629	0.09171523737293313	-0.042610702363082835	0.04063959826841847	-0.1554341775310702
0.1778369202072132	-0.18094592090511916	0.20162854395302734	-0.21996821938044178	0.20724213916039916	-0.2059641601344926	0.2227865753908378	-0.3489253212733759	0.2495976403497337	-0.20498527910260286	0.2757533173199866	-0.531378342813155	0.9999999999999956	-0.3293193814176331	0.19879902967573151	-0.1302460733457552	0.22132370323331368	-0.5172150782434752	0.2557875638964683	-0.19806390934030316	0.12558133355914497	-0.19958505232760435	0.2051157759417264	-0.23519601789346284	0.15950510090184228	-0.08958594197345777	0.09763917357243473	-0.15271711508932348	0.16682512783301828	-0.1320132286928084	0.08001321832213125	-0.09469583032312397	0.04709921514864114	-0.04510050629569909	0.16944364047441784
-0.13848240590487093	0.12784828628681347	-0.17131310040258246	0.19268986166644497	-0.22121697197932877	0.14064311386277428	-0.14687142427361635	0.25773856324805944	-0.5739718762522023	0.2894822619660298	-0.20124257646249533	0.19173298606651046	-0.3293193814176331	0.9999999999999992	-0.4946959084322923	0.09675457951124894	-0.1741596199289957	0.24324549442991827	-0.39743472813630176	0.23366641842388394	-0.09783363404120507	0.1481656538789383	-0.15567121021864824	0.20687001278339653	-0.1772257718655717	0.07136280115329492	-0.07875282954370295	0.1196882927979253	-0.14279127414587875	0.13261269210322416	-0.06574124116155738	0.07694017825713907	-0.04064545637709763	0.038808219909889155	-0.16931367512697515
0.12294848725989732	-0.11317558518364794	0.14760315339912647	-0.19693666702108586	0.24028824899614237	-0.12739499163518184	0.12441025786405148	-0.21666453279677322	0.28115420109908373	-0.6724317706164984	0.17387488685373736	-0.15891280017529746	0.19879902967573151	-0.4946959084322923	0.9999999999999963	-0.08794321597443498	0.15595313318036455	-0.20217223322304817	0.24148072119774144	-0.3236114335714165	0.08860771014591799	-0.13631741829115507	0.13539119596963606	-0.1908324583623125	0.18787451065018812	-0.0660676979042301	0.0723755824941935	-0.10960261873533945	0.12940332123645673	-0.14335430724668632	0.06162628608053615	-0.07293326752631993	0.03798074589244628	-0.03643340398154252	0.17070936372596668
-0.09920275250801998	0.08840943527563781	-0.0973960333989911	0.1249058505587017	-0.12269431953204568	0.11620300459105132	-0.10586787255087791	0.11759771717903555	-0.10336340367959634	0.09603431477956037	-0.33013512912169135	0.1532330981793414	-0.1302460733457552	0.09675457951124894	-0.08794321597443498	0.9999999999999952	-0.26876452378545845	0.13722099676884325	-0.11387898843470107	0.09874506800365601	-0.834354277110812	0.21909623653635468	-0.14216992132088305	0.1506660313601886	-0.09148219300875887	0.16710052389038463	-0.16966786230654668	0.13060360806701635	-0.14542182738040085	0.08108242643461198	-0.11912435767109945	0.11930035039552894	-0.039936965117382324	0.03784586518585277	-0.1099722776200575
0.16013589207435797	-0.1477569619378744	0.16469351221548253	-0.22132214399987793	0.2119713142264329	-0.1869827502559388	0.17093678927771183	-0.20870618418038814	0.1800667586904399	-0.17349476700681468	0.26797450468497697	-0.27141189849592723	0.22132370323331368	-0.1741596199289957	0.15595313318036455	-0.26876452378545845	0.9999999999999963	-0.27188849841104357	0.20921204487449094	-0.18343153088139771	0.2268645730041625	-0.6597483286582428	0.2753355782527395	-0.31919833674150355	0.16379821819013834	-0.14939679669619937	0.15547913295787535	-0.22306605608471833	0.22326249292210398	-0.145822770643456	0.12635555742962637	-0.15594338993315682	0.06371642709126306	-0.06158173626629339	0.18882520068207698
-0.15757987742218868	0.14180155047382417	-0.17152826906727603	0.19390465799600773	-0.2108653389271778	0.16438252200528658	-0.17607861726691668	0.22665261899840441	-0.2361279644238688	0.1906492825885469	-0.27232186416202264	0.24790641967317145	-0.5172150782434752	0.24324549442991827	-0.20217223322304817	0.13722099676884325	-0.27188849841104357	1.0000000000000002	-0.4809289562410345	0.2335602243741406	-0.14326814428715254	0.2357889235315384	-0.4083116981928507	0.2921181434719963	-0.20644449721251643	0.10785157020545798	-0.12347564861263144	0.20362230154671698	-0.23411917158120898	0.15504301452570307	-0.09478766892005891	0.10868036042227613	-0.06211337801903674	0.058618465305024604	-0.20791867515262108
0.13537931966060962	-0.12435117409537755	0.15351170881006354	-0.1900643195228551	0.2024097845587898	-0.14401128057318618	0.1418342863065423	-0.22258943632523334	0.24384544503925867	-0.2293554930061401	0.20888160407643666	-0.19450518127372585	0.2557875638964683	-0.39743472813630176	0.24148072119774144	-0.11387898843470107	0.20921204487449094	-0.4809289562410345	0.9999999999999948	-0.4923650151690289	0.11624396066507862	-0.19752604397411253	0.2331471479877619	-0.4111643122429802	0.2484620868050018	-0.0921813084509275	0.10193399808524826	-0.170798933991118	0.19652756484109907	-0.18672860534599076	0.08180045661837515	-0.0966434934450901	0.053937678011571566	-0.05182348831419269	0.20931119640264112
-0.12162008627212463	0.10747622815441296	-0.1360958579598646	0.1703560791365468	-0.20662425247237245	0.12442530812224448	-0.12243695210114126	0.17938641128667152	-0.21548871891921118	0.2235492190764775	-0.1896274105321508	0.15478798237757502	-0.19806390934030316	0.23366641842388394	-0.3236114335714165	0.09874506800365601	-0.18343153088139771	0.2335602243741406	-0.4923650151690289	0.9999999999999947	-0.101758109030008	0.15711126904647235	-0.17181580051322454	0.2449300463530599	-0.6023719367944189	0.0784359284906223	-0.08721658639054232	0.1352704674867905	-0.16974934771204694	0.2536276959800999	-0.0727247764870349	0.08498579042922566	-0.05159460403425993	0.04944195280074354	-0.30532828050034433
0.09627325265648723	-0.08699922512771925	0.09633620365068146	-0.1283017875824306	0.12308397304499696	-0.1151086597079601	0.10088646024327816	-0.11884661697623954	0.1031705318283149	-0.0979248642898415	0.22529422718599068	-0.14488823619892827	0.12558133355914497	-0.09783363404120507	0.08860771014591799	-0.834354277110812	0.2268645730041625	-0.14326814428715254	0.11624396066507862	-0.101758109030008	0.9999999999999968	-0.28910707386563067	0.15258666016895941	-0.16368019797256309	0.0929934584585629	-0.233949179392222	0.17647937662903287	-0.1440876427434484	0.14720188922317298	-0.08323273838378231	0.12533756626688602	-0.1362104223836574	0.041226825052440505	-0.039423469903551236	0.11040101243237957
-0.1322760909137626	0.11614739968837659	-0.13510758894822814	0.16791996099304618	-0.17986462876264184	0.14255236065555357	-0.1385424791239673	0.16528451092423666	-0.15762246575996594	0.14247772490278643	-0.25231583720594103	0.19088987135808935	-0.19958505232760435	0.1481656538789383	-0.13631741829115507	0.21909623653635468	-0.6597483286582428	0.2357889235315384	-0.19752604397411253	0.15711126904647235	-0.28910707386563067	0.999999999999992	-0.4672190216729639	0.27159523544796593	-0.1519508428696675	0.1496362543999913	-0.17638018443637563	0.22960265084221973	-0.25660410671757633	0.1283253469514416	-0.12300710438146592	0.13600314053175944	-0.06703065692835651	0.06297163453249005	-0.17643777728717125
0.11421316343168757	-0.10247630850836555	0.12130230699775515	-0.15043901622655814	0.15931261274713518	-0.12320028562942947	0.11997347297508361	-0.1586782679905964	0.153058167648725	-0.13916246983629177	0.19650968872603583	-0.16758007263463215	0.2051157759417264	-0.15567121021864824	0.13539119596963606	-0.14216992132088305	0.2753355782527395	-0.4083116981928507	0.2331471479877619	-0.17181580051322454	0.15258666016895941	-0.4672190216729639	0.9999999999999964	-0.5045289090355639	0.15851421166238544	-0.14247682428182987	0.16181539404445533	-0.46093898029898733	0.2941911128178423	-0.13083810796102183	0.10614616390210758	-0.12489437920501016	0.0764863628163735	-0.07351352995694865	0.1654281081123803
-0.14554998394128024	0.12662479585704534	-0.15472131023774166	0.18848177233651353	-0.2162153835048399	0.15005594289195595	-0.14806855274308156	0.19472938780532997	-0.2112443156571228	0.18433020065583808	-0.2502924627056451	0.19176013677924364	-0.23519601789346284	0.20687001278339653	-0.1908324583623125	0.1506660313601886	-0.31919833674150355	0.2921181434719963	-0.4111643122429802	0.2449300463530599	-0.16368019797256309	0.27159523544796593	-0.5045289090355639	0.9999999999999929	-0.27661356399696835	0.13614893326411484	-0.15894970766900685	0.2765321825830355	-0.42498951959795217	0.19069353807569814	-0.11856633249983721	0.13422697205953582	-0.0909415025913467	0.08546023462018276	-0.2537415050411132
0.10719489160490647	-0.09601990951762007	0.11875952649913289	-0.15865370499093745	0.17294127212298577	-0.11357525619743605	0.10722598589605857	-0.15930738381330925	0.16312933426582052	-0.19123578947555323	0.16383449396739375	-0.1370439864917931	0.15950510090184228	-0.1772257718655717	0.18787451065018812	-0.09148219300875887	0.16379821819013834	-0.20644449721251643	0.2484620868050018	-0.6023719367944189	0.0929934584585629	-0.1519508428696675	0.15851421166238544	-0.27661356399696835	0.9999999999999938	-0.07561943477017988	0.08265916236883435	-0.13359755925275002	0.1616671742213783	-0.5629798355882221	0.06939910498075867	-0.083466682851178	0.0496208229511223	-0.04846985749729836	0.29718149351504614
-0.06424940092383939	0.0562936954701254	-0.06567427797761909	0.0846690579428043	-0.08974389462567138	0.0703215755463352	-0.06536290639437142	0.0808045801329117	-0.0755263345121267	0.07067692106887401	-0.1280143043347144	0.0872935573851408	-0.08958594197345777	0.07136280115329492	-0.0660676979042301	0.16710052389038463	-0.14939679669619937	0.10785157020545798	-0.0921813084509275	0.0784359284906223	-0.233949179392222	0.1496362543999913	-0.14247682428182987	0.13614893326411484	-0.07561943477017988	0.9999999999999949	-0.7946068301487875	0.20324281914848333	-0.20826406938198808	0.0690047040425174	-0.3786820727535287	0.25887645662579106	-0.05323588454870972	0.04959268414960411	-0.09205426170121075
0.06939456933753392	-0.06119375570141791	0.07145249398766289	-0.09317628305098542	0.09742590615129539	-0.07645096885640025	0.07057270259773805	-0.08893106374978713	0.08241537496430155	-0.07790828509065596	0.131434331544042	-0.09444630399379603	0.09763917357243473	-0.07875282954370295	0.0723755824941935	-0.16966786230654668	0.15547913295787535	-0.12347564861263144	0.10193399808524826	-0.08721658639054232	0.17647937662903287	-0.17638018443637563	0.16181539404445533	-0.15894970766900685	0.08265916236883435	-0.7946068301487875	0.9999999999999941	-0.3225673197346567	0.2128604221413163	-0.07594927876090664	0.2452323545466018	-0.3127446949764146	0.05898995121637321	-0.056525218145558095	0.09898772485424685
-0.09612102923706692	0.08446754547465944	-0.10067129892671327	0.12666450949273372	-0.13707595122762764	0.1023519811575355	-0.09848390515967768	0.1268381314356063	-0.12382016251444398	0.11366077856604799	-0.1706629275060064	0.13058271492694964	-0.15271711508932348	0.1196882927979253	-0.10960261873533945	0.13060360806701635	-0.22306605608471833	0.20362230154671698	-0.170798933991118	0.1352704674867905	-0.1440876427434484	0.22960265084221973	-0.46093898029898733	0.2765321825830355	-0.13359755925275002	0.20324281914848333	-0.3225673197346567	0.999999999999995	-0.6839683480513445	0.12211415831838297	-0.14059949324717147	0.15715481798348654	-0.1411205544657281	0.12395977083898951	-0.1548964624116803
0.11133112910160628	-0.09917299984459492	0.11807702104413305	-0.1548004519931994	0.16086865035677317	-0.12097340775269254	0.11310905133164156	-0.1526124950984611	0.14357715263047846	-0.1385783835967138	0.18646876221921924	-0.1499007358143076	0.16682512783301828	-0.14279127414587875	0.12940332123645673	-0.14542182738040085	0.22326249292210398	-0.23411917158120898	0.19652756484109907	-0.16974934771204694	0.14720188922317298	-0.25660410671757633	0.2941911128178423	-0.42498951959795217	0.1616671742213783	-0.20826406938198808	0.2128604221413163	-0.6839683480513445	0.9999999999999938	-0.1668320207970161	0.14367883799670703	-0.1877638739651229	0.14553524776509144	-0.1687498415926107	0.18161167560632954
-0.09395134958401082	0.08209533431450557	-0.10202028375783934	0.13510653889311242	-0.1559180593948988	0.09736606743151231	-0.09222741595945463	0.1299147129682402	-0.1347936133691303	0.14119564580861033	-0.14747661408506205	0.11467139147989519	-0.1320132286928084	0.13261269210322416	-0.14335430724668632	0.08108242643461198	-0.145822770643456	0.15504301452570307	-0.18672860534599076	0.2536276959800999	-0.08323273838378231	0.1283253469514416	-0.13083810796102183	0.19069353807569814	-0.5629798355882221	0.0690047040425174	-0.07594927876090664	0.12211415831838297	-0.1668320207970161	0.9999999999999941	-0.06428622315219873	0.07673727465322697	-0.059945943191185985	0.05864610517850184	-0.701941872749775
0.06084578674137375	-0.05283648213674585	0.06224712202952038	-0.0821207462678161	0.0885275275883302	-0.06581362156157054	0.060532427579242556	-0.07598573782131798	0.07020762746978026	-0.06714516530307466	0.11308050850559673	-0.07859393682658629	0.08001321832213125	-0.06574124116155738	0.06162628608053615	-0.11912435767109945	0.12635555742962637	-0.09478766892005891	0.08180045661837515	-0.0727247764870349	0.12533756626688602	-0.12300710438146592	0.10614616390210758	-0.11856633249983721	0.06939910498075867	-0.3786820727535287	0.2452323545466018	-0.14059949324717147	0.14367883799670703	-0.06428622315219873	0.9999999999999938	-0.8582565418557218	0.046645877342538215	-0.04459831422398222	0.08776262478776273
-0.07214016322551385	0.06173913444599381	-0.07321532870348295	0.09410418942273872	-0.10627246201454207	0.07610490056914385	-0.07135211003166271	0.0879433141965953	-0.08322534022828722	0.07833394464456578	-0.1372292106154801	0.09171523737293313	-0.09469583032312397	0.07694017825713907	-0.07293326752631993	0.11930035039552894	-0.15594338993315682	0.10868036042227613	-0.0966434934450901	0.08498579042922566	-0.1362104223836574	0.13600314053175944	-0.12489437920501016	0.13422697205953582	-0.083466682851178	0.25887645662579106	-0.3127446949764146	0.15715481798348654	-0.1877638739651229	0.07673727465322697	-0.8582565418557218	0.9999999999999933	-0.05874787849536094	0.05400869197018306	-0.10875087225393237
0.032603201562079145	-0.02881231326172241	0.03451729170050856	-0.04578109896521053	0.0482413301737416	-0.03509254030853598	0.03275351018991779	-0.04405039720000333	0.04156718514876932	-0.04111021927364892	0.05448410865556466	-0.042610702363082835	0.04709921514864114	-0.04064545637709763	0.03798074589244628	-0.039936965117382324	0.06371642709126306	-0.06211337801903674	0.053937678011571566	-0.05159460403425993	0.041226825052440505	-0.06703065692835651	0.0764863628163735	-0.0909415025913467	0.0496208229511223	-0.05323588454870972	0.05898995121637321	-0.1411205544657281	0.14553524776509144	-0.059945943191185985	0.046645877342538215	-0.05874787849536094	0.9999999999999938	-0.9695160954030324	0.07890673877685273
-0.031187102301233074	0.02748469582420098	-0.032969930623834756	0.043498723874263276	-0.04624018652377787	0.033423066925522785	-0.031310582207481036	0.04191209866392597	-0.039845833950792636	0.039214634659964526	-0.0524184517417042	0.04063959826841847	-0.04510050629569909	0.038808219909889155	-0.03643340398154252	0.03784586518585277	-0.06158173626629339	0.058618465305024604	-0.05182348831419269	0.04944195280074354	-0.039423469903551236	0.06297163453249005	-0.07351352995694865	0.08546023462018276	-0.04846985749729836	0.04959268414960411	-0.056525218145558095	0.12395977083898951	-0.1687498415926107	0.05864610517850184	-0.04459831422398222	0.05400869197018306	-0.9695160954030324	0.9999999999999938	-0.08368074618775775
0.1280968972966072	-0.1137540842680239	0.13964919155286987	-0.19865611609539002	0.20698983599125448	-0.13721233550695883	0.12511413387908857	-0.18121227660752776	0.16969622239437485	-0.1934484751955228	0.19313913965262894	-0.1554341775310702	0.16944364047441784	-0.16931367512697515	0.17070936372596668	-0.1099722776200575	0.18882520068207698	-0.20791867515262108	0.20931119640264112	-0.30532828050034433	0.11040101243237957	-0.17643777728717125	0.1654281081123803	-0.2537415050411132	0.29718149351504614	-0.09205426170121075	0.09898772485424685	-0.1548964624116803	0.18161167560632954	-0.701941872749775	0.08776262478776273	-0.10875087225393237	0.07890673877685273	-0.08368074618775775	0.9999999999999938
