0.9999999999999999	-0.6288457570059407	0.177207960420106	-0.1440085260073357	0.18566843954564383	-0.5820622425704062	0.22515966357866757	-0.22123530659094798	0.1541816188493269	-0.12712535087097493	0.26380585347801383	-0.19806582681775495	0.1504348225759757	-0.1433100371869702	0.14443189289776576	-0.24950262273115817	0.16604548737229202	-0.14145161616204072	0.1370150819258885	-0.1092851433742939	0.10631256415273012	-0.11382797500345757	0.15811692671197367	-0.10997604014185816	0.08048097842626287	-0.10039319007883611	0.09052139701589916	-0.10689399849925693	0.09578825395635596	-0.10217049709354886	0.13590195511561395	-0.05357224355959564	0.06214700572223103	-0.023064509024250345	0.023002003681013457
-0.6288457570059407	1.0000000000000002	-0.37522055031663976	0.22028916898920936	-0.3132106069192036	0.2781327809411557	-0.24464874534134212	0.2141584681356348	-0.19997498725031743	0.16546717219613746	-0.28200934544950873	0.1979941879906942	-0.17483121659360157	0.17316213369907532	-0.19727911639502163	0.2217477669717573	-0.19683605905977955	0.16040954447974373	-0.1775383002272466	0.13324912924339793	-0.12009120133161821	0.12681711644307175	-0.21237203819026537	0.13833080810263676	-0.10079682260506326	0.11562327577469937	-0.10806744281510161	0.127905038540525	-0.12002742877246114	0.12459551959393926	-0.17715355440304287	0.06760176633570486	-0.08014551860528026	0.02882508101881514	-0.028906575021117695
0.177207960420106	-0.37522055031663976	1.0000000000000004	-0.7730612741680367	0.2942396212245366	-0.1430958209734907	0.1295852821777419	-0.15889009934814438	0.16345182609970324	-0.15278497016108783	0.13585543552090043	-0.13312965305598692	0.11767467491521526	-0.13773567700993475	0.14904139754341447	-0.15027688054755658	0.12450146691308599	-0.11247508568836069	0.1246576346603109	-0.10691804122844716	0.08158391086549122	-0.09132097661502071	0.14308936830309318	-0.10175023304265733	0.07656946647470925	-0.08265194252601753	0.07690628135930738	-0.09592634070176886	0.08826253986166958	-0.09767331727106501	0.12079688568255471	-0.048042713345894404	0.05617803920543535	-0.02174055654293383	0.02164059990869803
-0.1440085260073357	0.22028916898920936	-0.7730612741680367	1.000000000000001	-0.4944650933547271	0.11182015984028848	-0.10982596130346699	0.13525608491046168	-0.18280784134420056	0.15426290535558937	-0.11359417632346126	0.11228656448648795	-0.10422551793026856	0.12796797047336486	-0.14863681106892684	0.12064726020723533	-0.10748282277235513	0.09688764088064782	-0.1118438745725339	0.09053450144776429	-0.06799765442250069	0.07586296936123682	-0.12491761375587727	0.0886418733789033	-0.06550987179358106	0.06883769905381477	-0.06465705836758975	0.08058311109586862	-0.07549274888192968	0.08254537811502746	-0.10238829397039739	0.04047517914802564	-0.0475075533966647	0.018421164987569988	-0.018361577136109072
0.18566843954564383	-0.3132106069192036	0.2942396212245366	-0.4944650933547271	1.0000000000000013	-0.17413265656892948	0.16845495187786755	-0.21997434680372902	0.23260099497922482	-0.32041050894803214	0.17270781834086366	-0.1854736237832834	0.16712665899197662	-0.2056232467585667	0.2431552210882046	-0.20977187806755512	0.1752470373490288	-0.162841505271461	0.18423943957835373	-0.1674317488515524	0.11892271804681562	-0.13551768424097416	0.2118715789241948	-0.1535766592196736	0.11782079194321622	-0.1233205256710378	0.1150559204465482	-0.14637447043858906	0.13421689309630375	-0.1517964692161754	0.18094036743312572	-0.07270266449839105	0.08488175516045873	-0.033480226871295565	0.03326093297578424
-0.5820622425704062	0.2781327809411557	-0.1430958209734907	0.11182015984028848	-0.17413265656892948	1.0000000000000013	-0.3841780409776164	0.23030895098658585	-0.1635849766166111	0.1251208078940214	-0.5402888368675353	0.21863709572169926	-0.16780625125585713	0.14632020920122749	-0.1485168337470231	0.2562238549932084	-0.18689575375918943	0.14776392828608334	-0.14285780115454924	0.10653126594027827	-0.11202633716705558	0.11396613094090709	-0.16439288716236525	0.1112885112208179	-0.08001575650981944	0.10075787271357585	-0.0918535068191707	0.10564908536633455	-0.09620101993413406	0.10006435165476554	-0.13999603670372576	0.05401231091744807	-0.06307690679587173	0.022861897571228862	-0.022863659046537966
0.22515966357866757	-0.24464874534134212	0.1295852821777419	-0.10982596130346699	0.16845495187786755	-0.3841780409776164	1.0000000000000009	-0.614778138569266	0.22242455580620268	-0.1602528557972376	0.22938933780828516	-0.5125146403383907	0.2504378605160994	-0.19996026806739903	0.1751095130613582	-0.2097290619271318	0.2206001957279588	-0.19406951382639262	0.16335069733169896	-0.11722406047845028	0.10157763733617978	-0.11186059202355866	0.17272256076437056	-0.12501991847062968	0.0864991008965976	-0.09622676579682835	0.09023079316070039	-0.10832939879785364	0.10128791545419231	-0.10758641723616069	0.13289204465268237	-0.05261865685401437	0.06120156464168252	-0.023890375811331382	0.023819630019828935
-0.22123530659094798	0.2141584681356348	-0.15889009934814438	0.13525608491046168	-0.21997434680372902	0.23030895098658585	-0.614778138569266	1.0000000000000009	-0.43327531237374733	0.2189196964244415	-0.22821824452277845	0.2994782335563239	-0.33958031931486055	0.25443869242105016	-0.2526614280760091	0.20556901448908357	-0.2531982466156376	0.21713590718028994	-0.2133483460644002	0.14082441942875681	-0.11390964374354108	0.1250477082723825	-0.22078276702687352	0.15453551939276436	-0.10595056222707917	0.10972494725960168	-0.10527243582555251	0.12726882939360737	-0.12359875991313735	0.12884109503927488	-0.16010092057774367	0.06271648294072248	-0.0736644446253415	0.028855525443183535	-0.028854372696232894
0.1541816188493269	-0.19997498725031743	0.16345182609970324	-0.18280784134420056	0.23260099497922482	-0.1635849766166111	0.22242455580620268	-0.43327531237374733	0.9999999999999993	-0.5382215652202347	0.16148038591473554	-0.23889799548163995	0.23748443842179073	-0.49769313296311696	0.31664929865486685	-0.18404585844496743	0.19266616133398737	-0.19745636530905397	0.2263138769286905	-0.15842866521452065	0.10354906230679968	-0.11881250716414675	0.20170958535210456	-0.17103036197022609	0.11262733151362442	-0.10435937832264801	0.10035412270934758	-0.12897822004335102	0.12626301450621338	-0.13949163739832926	0.14713288415037856	-0.05965196368130288	0.06932930793319196	-0.029797967803936894	0.029580180896486886
-0.12712535087097493	0.16546717219613746	-0.15278497016108783	0.15426290535558937	-0.32041050894803214	0.1251208078940214	-0.1602528557972376	0.2189196964244415	-0.5382215652202347	1.0	-0.13099002819830327	0.1683769749598488	-0.17851828705689368	0.27553026749718124	-0.6785436177722246	0.1477676970992325	-0.15571082826387228	0.14984551977724356	-0.1883615262924139	0.1297302406601459	-0.08662582277197241	0.09860643693515125	-0.17633445407975734	0.13665196715925026	-0.09423257758798562	0.08794997032139393	-0.08472398990364544	0.10801726647411782	-0.10644439330080285	0.11557621162758319	-0.12807624831127085	0.05140058829036841	-0.060119763342487746	0.025163103914605592	-0.025056691366985174
0.26380585347801383	-0.28200934544950873	0.13585543552090043	-0.11359417632346126	0.17270781834086366	-0.5402888368675353	0.22938933780828516	-0.22821824452277845	0.16148038591473554	-0.13099002819830327	1.0000000000000013	-0.25438840767893406	0.17741132679289986	-0.15923450640890088	0.15290515664795964	-0.6150451940685535	0.22228900139150026	-0.17931171764310225	0.15622594883705238	-0.12624325079913873	0.16582664363894095	-0.1660692354329201	0.18120762265125565	-0.1273989535998836	0.09338512376571487	-0.1431983202912099	0.12145717550996356	-0.13502894011588007	0.11451724273486506	-0.12051923307297416	0.16892959712115593	-0.06680098837106044	0.07615795300800211	-0.0272921373886913	0.027183836110619093
-0.19806582681775495	0.1979941879906942	-0.13312965305598692	0.11228656448648795	-0.1854736237832834	0.21863709572169926	-0.5125146403383907	0.2994782335563239	-0.23889799548163995	0.1683769749598488	-0.25438840767893406	1.0000000000000013	-0.5298933415808372	0.2405482731116282	-0.2129738777355055	0.227048016427185	-0.41943347190137786	0.2840014001205337	-0.21307138590322072	0.13886746475455194	-0.12173186299738162	0.13513203624216005	-0.2214720678910402	0.15460690830597273	-0.10447391257019906	0.11323190879521176	-0.10920603301201057	0.12879603920132343	-0.12298517340180254	0.12774506155384416	-0.15857582621412122	0.0624338396801109	-0.0728674851891331	0.028511754833608224	-0.028481756098841293
0.1504348225759757	-0.17483121659360157	0.11767467491521526	-0.10422551793026856	0.16712665899197662	-0.16780625125585713	0.2504378605160994	-0.33958031931486055	0.23748443842179073	-0.17851828705689368	0.17741132679289986	-0.5298933415808372	1.0000000000000004	-0.41861293794419624	0.21121903822671428	-0.20416419144028813	0.29946051764850234	-0.528405404281104	0.23242469003972913	-0.14718892880939527	0.10976211560055364	-0.1268782294201603	0.21599596538825644	-0.16984463139113834	0.10744720447600141	-0.10607146651971584	0.10252217866516837	-0.1273269046704974	0.12324693245934959	-0.13205705876715568	0.1445616284471695	-0.05841650999605151	0.06766363616322713	-0.028471211165467598	0.02830301636209198
-0.1433100371869702	0.17316213369907532	-0.13773567700993475	0.12796797047336486	-0.2056232467585667	0.14632020920122749	-0.19996026806739903	0.25443869242105016	-0.49769313296311696	0.27553026749718124	-0.15923450640890088	0.2405482731116282	-0.41861293794419624	0.9999999999999981	-0.43632855836861034	0.1800568941879229	-0.22789528049797853	0.2411060030342476	-0.4429579894767444	0.17535334923950754	-0.10839132772378243	0.12426681032651737	-0.2518211416419013	0.21637225820086312	-0.1320980547502628	0.10906691246636821	-0.10801710787689162	0.1392698259291881	-0.14836726203704323	0.1534223596261593	-0.15656267937198065	0.06321528089165591	-0.07392044708197179	0.032955939460227165	-0.03287706293776989
0.14443189289776576	-0.19727911639502163	0.14904139754341447	-0.14863681106892684	0.2431552210882046	-0.1485168337470231	0.1751095130613582	-0.2526614280760091	0.31664929865486685	-0.6785436177722246	0.15290515664795964	-0.2129738777355055	0.21121903822671428	-0.43632855836861034	0.9999999999999987	-0.18511805322461358	0.18315503417984447	-0.18956769299517687	0.22270959781804342	-0.174454304098675	0.10728277851878362	-0.12459059769896613	0.20673918295859506	-0.17696098944230287	0.12118242541809648	-0.11040461297290595	0.10594542862486689	-0.13861921717666778	0.13416224433244775	-0.1525055773363459	0.1558130458428858	-0.06377221713983132	0.07395284871182561	-0.03228266322909849	0.031971236373298524
-0.24950262273115817	0.2217477669717573	-0.15027688054755658	0.12064726020723533	-0.20977187806755512	0.2562238549932084	-0.2097290619271318	0.20556901448908357	-0.18404585844496743	0.1477676970992325	-0.6150451940685535	0.227048016427185	-0.20416419144028813	0.1800568941879229	-0.18511805322461358	1.0	-0.3729075907045508	0.2180798623305782	-0.2009045555828832	0.15308853662452318	-0.3205541543623291	0.2227444133577864	-0.24621548928456102	0.16066805040416687	-0.11765374025658575	0.1990680541769195	-0.173666434776853	0.1739790597446111	-0.14990526805309148	0.14918707549143373	-0.2548780601224875	0.09338860120295106	-0.10844100375684286	0.03515740510088935	-0.0352482037071533
0.16604548737229202	-0.19683605905977955	0.12450146691308599	-0.10748282277235513	0.1752470373490288	-0.18689575375918943	0.2206001957279588	-0.2531982466156376	0.19266616133398737	-0.15571082826387228	0.22228900139150026	-0.41943347190137786	0.29946051764850234	-0.22789528049797853	0.18315503417984447	-0.3729075907045508	0.9999999999999993	-0.6344453692302592	0.22174726391025124	-0.16567599881270464	0.16650549042784674	-0.21476329183881948	0.23821050607484398	-0.18043043949318163	0.12029247398461637	-0.14880992638032334	0.1425275817230888	-0.1635029760991132	0.1434106755281034	-0.1536388999452568	0.1824724631869621	-0.07426021739112705	0.08468270059910983	-0.033459214962497034	0.033204203008226296
-0.14145161616204072	0.16040954447974373	-0.11247508568836069	0.09688764088064782	-0.162841505271461	0.14776392828608334	-0.19406951382639262	0.21713590718028994	-0.19745636530905397	0.14984551977724356	-0.17931171764310225	0.2840014001205337	-0.528405404281104	0.2411060030342476	-0.18956769299517687	0.2180798623305782	-0.6344453692302592	1.0	-0.29784167108917237	0.1567179270345177	-0.12621196282889857	0.1461400370571996	-0.3029055729515354	0.19313572237763574	-0.1181453341061684	0.11728188322539249	-0.11701378513589775	0.14056687032063067	-0.13801965534537886	0.1426309735920038	-0.15942893346827886	0.06400588796756568	-0.074280220598867	0.03101358694503957	-0.030897568489799247
0.1370150819258885	-0.1775383002272466	0.1246576346603109	-0.1118438745725339	0.18423943957835373	-0.14285780115454924	0.16335069733169896	-0.2133483460644002	0.2263138769286905	-0.1883615262924139	0.15622594883705238	-0.21307138590322072	0.23242469003972913	-0.4429579894767444	0.22270959781804342	-0.2009045555828832	0.22174726391025124	-0.29784167108917237	0.9999999999999997	-0.3259669148539937	0.12983573036428445	-0.15588886414760433	0.31061842598153766	-0.5734129342288382	0.2190509632146345	-0.13718970640958505	0.14029240226411396	-0.2009153831119292	0.2306765341555647	-0.25191371378687616	0.1885072095574122	-0.0794501652709787	0.09192304349457779	-0.049047187492163025	0.04832972560841968
-0.1092851433742939	0.13324912924339793	-0.10691804122844716	0.09053450144776429	-0.1674317488515524	0.10653126594027827	-0.11722406047845028	0.14082441942875681	-0.15842866521452065	0.1297302406601459	-0.12624325079913873	0.13886746475455194	-0.14718892880939527	0.17535334923950754	-0.174454304098675	0.15308853662452318	-0.16567599881270464	0.1567179270345177	-0.3259669148539937	1.0000000000000007	-0.12663613430042112	0.14181152869389213	-0.32231316871110677	0.2654338008094879	-0.7244584817731085	0.1369129160594096	-0.14974481232866738	0.1923394693470456	-0.2822488835565401	0.29726957556921807	-0.23160533884510892	0.09059062330786506	-0.11060514683620443	0.058643215073981875	-0.06141796031764131
0.10631256415273012	-0.12009120133161821	0.08158391086549122	-0.06799765442250069	0.11892271804681562	-0.11202633716705558	0.10157763733617978	-0.11390964374354108	0.10354906230679968	-0.08662582277197241	0.16582664363894095	-0.12173186299738162	0.10976211560055364	-0.10839132772378243	0.10728277851878362	-0.3205541543623291	0.16650549042784674	-0.12621196282889857	0.12983573036428445	-0.12663613430042112	0.9999999999999976	-0.6391693000148018	0.16793187831431758	-0.12134069406600621	0.09700700030471561	-0.5624150757718573	0.28424723846479516	-0.22803698181606968	0.1442137143053133	-0.1380584363056302	0.2683182447073377	-0.10710402207307004	0.11217228273322492	-0.03254157449720056	0.03230380670022269
-0.11382797500345757	0.12681711644307175	-0.09132097661502071	0.07586296936123682	-0.13551768424097416	0.11396613094090709	-0.11186059202355866	0.1250477082723825	-0.11881250716414675	0.09860643693515125	-0.1660692354329201	0.13513203624216005	-0.1268782294201603	0.12426681032651737	-0.12459059769896613	0.2227444133577864	-0.21476329183881948	0.1461400370571996	-0.15588886414760433	0.14181152869389213	-0.6391693000148018	0.9999999999999954	-0.21445051572005183	0.1444053314238473	-0.11421366569135251	0.31684090506888474	-0.5091258355825926	0.25646633186332074	-0.18354424675206454	0.1554975011009363	-0.32367792362478887	0.125016859526491	-0.14116844549707722	0.038747083232061164	-0.038962670443441164
0.15811692671197367	-0.21237203819026537	0.14308936830309318	-0.12491761375587727	0.2118715789241948	-0.16439288716236525	0.17272256076437056	-0.22078276702687352	0.20170958535210456	-0.17633445407975734	0.18120762265125565	-0.2214720678910402	0.21599596538825644	-0.2518211416419013	0.20673918295859506	-0.24621548928456102	0.23821050607484398	-0.3029055729515354	0.31061842598153766	-0.32231316871110677	0.16793187831431758	-0.21445051572005183	1.0	-0.541852656353262	0.23076793105899446	-0.18197430703623135	0.1855829516723132	-0.2868757469878127	0.26557852441155416	-0.303787799057327	0.2350683726558012	-0.10282307569891692	0.11682197704002295	-0.060180221843648865	0.058793238562269125
-0.10997604014185816	0.13833080810263676	-0.10175023304265733	0.0886418733789033	-0.1535766592196736	0.1112885112208179	-0.12501991847062968	0.15453551939276436	-0.17103036197022609	0.13665196715925026	-0.1273989535998836	0.15460690830597273	-0.16984463139113834	0.21637225820086312	-0.17696098944230287	0.16066805040416687	-0.18043043949318163	0.19313572237763574	-0.5734129342288382	0.2654338008094879	-0.12134069406600621	0.1444053314238473	-0.541852656353262	0.9999999999999983	-0.29538235638776505	0.13044636042120067	-0.14625900982253767	0.21284100330859632	-0.3922629252079072	0.26670989738292944	-0.18571735267584405	0.07825952434973577	-0.09200703553586181	0.054829428360709684	-0.05497058104173305
0.08048097842626287	-0.10079682260506326	0.07656946647470925	-0.06550987179358106	0.11782079194321622	-0.08001575650981944	0.0864991008965976	-0.10595056222707917	0.11262733151362442	-0.09423257758798562	0.09338512376571487	-0.10447391257019906	0.10744720447600141	-0.1320980547502628	0.12118242541809648	-0.11765374025658575	0.12029247398461637	-0.1181453341061684	0.2190509632146345	-0.7244584817731085	0.09700700030471561	-0.11421366569135251	0.23076793105899446	-0.29538235638776505	0.9999999999999984	-0.10745675905210833	0.11888537698665742	-0.17353043824934475	0.25066437013089016	-0.5173491042527433	0.16289538727992192	-0.06759587289826362	0.08041472268572628	-0.05552952516566169	0.056201006778300706
-0.10039319007883611	0.11562327577469937	-0.08265194252601753	0.06883769905381477	-0.1233205256710378	0.10075787271357585	-0.09622676579682835	0.10972494725960168	-0.10435937832264801	0.08794997032139393	-0.1431983202912099	0.11323190879521176	-0.10607146651971584	0.10906691246636821	-0.11040461297290595	0.1990680541769195	-0.14880992638032334	0.11728188322539249	-0.13718970640958505	0.1369129160594096	-0.5624150757718573	0.31684090506888474	-0.18197430703623135	0.13044636042120067	-0.10745675905210833	0.9999999999999982	-0.47073352682417363	0.2541576947086281	-0.17099871809450282	0.15167458397810876	-0.5289891502278767	0.1460450056430614	-0.15696372807761036	0.03793294991631922	-0.0379088853098808
0.09052139701589916	-0.10806744281510161	0.07690628135930738	-0.06465705836758975	0.1150559204465482	-0.0918535068191707	0.09023079316070039	-0.10527243582555251	0.10035412270934758	-0.08472398990364544	0.12145717550996356	-0.10920603301201057	0.10252217866516837	-0.10801710787689162	0.10594542862486689	-0.173666434776853	0.1425275817230888	-0.11701378513589775	0.14029240226411396	-0.14974481232866738	0.28424723846479516	-0.5091258355825926	0.1855829516723132	-0.14625900982253767	0.11888537698665742	-0.47073352682417363	0.9999999999999972	-0.5729704156109643	0.21172140509813073	-0.1849492546109649	0.27970334379598555	-0.15295674809767404	0.14940300265517695	-0.042499580588577474	0.041917504083647035
-0.10689399849925693	0.127905038540525	-0.09592634070176886	0.08058311109586862	-0.14637447043858906	0.10564908536633455	-0.10832939879785364	0.12726882939360737	-0.12897822004335102	0.10801726647411782	-0.13502894011588007	0.12879603920132343	-0.1273269046704974	0.1392698259291881	-0.13861921717666778	0.1739790597446111	-0.1635029760991132	0.14056687032063067	-0.2009153831119292	0.1923394693470456	-0.22803698181606968	0.25646633186332074	-0.2868757469878127	0.21284100330859632	-0.17353043824934475	0.2541576947086281	-0.5729704156109643	0.9999999999999978	-0.48547704836595706	0.24874845003100327	-0.3532541915735945	0.15761247160477942	-0.19790155357756684	0.06322119772993412	-0.06403779347134987
0.09578825395635596	-0.12002742877246114	0.08826253986166958	-0.07549274888192968	0.13421689309630375	-0.09620101993413406	0.10128791545419231	-0.12359875991313735	0.12626301450621338	-0.10644439330080285	0.11451724273486506	-0.12298517340180254	0.12324693245934959	-0.14836726203704323	0.13416224433244775	-0.14990526805309148	0.1434106755281034	-0.13801965534537886	0.2306765341555647	-0.2822488835565401	0.1442137143053133	-0.18354424675206454	0.26557852441155416	-0.3922629252079072	0.25066437013089016	-0.17099871809450282	0.21172140509813073	-0.48547704836595706	0.999999999999997	-0.6008124950966524	0.21663473549907641	-0.09976428789464323	0.114958188554553	-0.10359583410376166	0.09488335044669821
-0.10217049709354886	0.12459551959393926	-0.09767331727106501	0.08254537811502746	-0.1517964692161754	0.10006435165476554	-0.10758641723616069	0.12884109503927488	-0.13949163739832926	0.11557621162758319	-0.12051923307297416	0.12774506155384416	-0.13205705876715568	0.1534223596261593	-0.1525055773363459	0.14918707549143373	-0.1536388999452568	0.1426309735920038	-0.25191371378687616	0.29726957556921807	-0.1380584363056302	0.1554975011009363	-0.303787799057327	0.26670989738292944	-0.5173491042527433	0.15167458397810876	-0.1849492546109649	0.24874845003100327	-0.6008124950966524	0.9999999999999973	-0.2482548588945693	0.10033755387757715	-0.12278958607562498	0.09547208006195304	-0.10519182534451771
0.13590195511561395	-0.17715355440304287	0.12079688568255471	-0.10238829397039739	0.18094036743312572	-0.13999603670372576	0.13289204465268237	-0.16010092057774367	0.14713288415037856	-0.12807624831127085	0.16892959712115593	-0.15857582621412122	0.1445616284471695	-0.15656267937198065	0.1558130458428858	-0.2548780601224875	0.1824724631869621	-0.15942893346827886	0.1885072095574122	-0.23160533884510892	0.2683182447073377	-0.32367792362478887	0.2350683726558012	-0.18571735267584405	0.16289538727992192	-0.5289891502278767	0.27970334379598555	-0.3532541915735945	0.21663473549907641	-0.2482548588945693	0.9999999999999967	-0.3119670285523782	0.23151363933929184	-0.05736170478618975	0.055760511790433495
-0.05357224355959564	0.06760176633570486	-0.048042713345894404	0.04047517914802564	-0.07270266449839105	0.05401231091744807	-0.05261865685401437	0.06271648294072248	-0.05965196368130288	0.05140058829036841	-0.06680098837106044	0.0624338396801109	-0.05841650999605151	0.06321528089165591	-0.06377221713983132	0.09338860120295106	-0.07426021739112705	0.06400588796756568	-0.0794501652709787	0.09059062330786506	-0.10710402207307004	0.125016859526491	-0.10282307569891692	0.07825952434973577	-0.06759587289826362	0.1460450056430614	-0.15295674809767404	0.15761247160477942	-0.09976428789464323	0.10033755387757715	-0.3119670285523782	0.9999999999999971	-0.9060814379233907	0.04441882395437779	-0.044378165090332426
0.06214700572223103	-0.08014551860528026	0.05617803920543535	-0.0475075533966647	0.08488175516045873	-0.06307690679587173	0.06120156464168252	-0.0736644446253415	0.06932930793319196	-0.060119763342487746	0.07615795300800211	-0.0728674851891331	0.06766363616322713	-0.07392044708197179	0.07395284871182561	-0.10844100375684286	0.08468270059910983	-0.074280220598867	0.09192304349457779	-0.11060514683620443	0.11217228273322492	-0.14116844549707722	0.11682197704002295	-0.09200703553586181	0.08041472268572628	-0.15696372807761036	0.14940300265517695	-0.19790155357756684	0.114958188554553	-0.12278958607562498	0.23151363933929184	-0.9060814379233907	0.9999999999999971	-0.053450340589141214	0.050262749717517055
-0.023064509024250345	0.02882508101881514	-0.02174055654293383	0.018421164987569988	-0.033480226871295565	0.022861897571228862	-0.023890375811331382	0.028855525443183535	-0.029797967803936894	0.025163103914605592	-0.0272921373886913	0.028511754833608224	-0.028471211165467598	0.032955939460227165	-0.03228266322909849	0.03515740510088935	-0.033459214962497034	0.03101358694503957	-0.049047187492163025	0.058643215073981875	-0.03254157449720056	0.038747083232061164	-0.060180221843648865	0.054829428360709684	-0.05552952516566169	0.03793294991631922	-0.042499580588577474	0.06322119772993412	-0.10359583410376166	0.09547208006195304	-0.05736170478618975	0.04441882395437779	-0.053450340589141214	0.9999999999999971	-0.9843637988593115
0.023002003681013457	-0.028906575021117695	0.02164059990869803	-0.018361577136109072	0.03326093297578424	-0.022863659046537966	0.023819630019828935	-0.028854372696232894	0.029580180896486886	-0.025056691366985174	0.027183836110619093	-0.028481756098841293	0.02830301636209198	-0.03287706293776989	0.031971236373298524	-0.0352482037071533	0.033204203008226296	-0.030897568489799247	0.04832972560841968	-0.06141796031764131	0.03230380670022269	-0.038962670443441164	0.058793238562269125	-0.05497058104173305	0.056201006778300706	-0.0379088853098808	0.041917504083647035	-0.06403779347134987	0.09488335044669821	-0.10519182534451771	0.055760511790433495	-0.044378165090332426	0.050262749717517055	-0.9843637988593115	0.9999999999999971
