1.0	-0.3962882484119861	0.22834768748704565	-0.06578548996770371	0.07394438432471347	-0.6036307713017148	0.23822036214226222	-0.2644669486679072	0.09042818182517508	-0.10436801657441824	0.3071533006069854	-0.2208253526131432	0.19910306642162745	-0.09563999559299075	0.08301142649230937	-0.2522911769249992	0.2319964588118245	-0.18551733337832949	0.1209724261651649	-0.1064719512487461	0.16169825159461423	-0.20430508473746617	0.15674992315239658	-0.11336133205326457	0.12090340799392582	-0.16741163727895406	0.13516723651670168	-0.1411769767729729	0.14743903116868975	-0.13442272761899682	0.11501149251356105	-0.14938847173997424	0.14758131064790583	-0.11248075558597155	0.11414679278738436	-0.15321245299246153	0.10940836010631652	-0.11117056230367538	0.10088250319701988	-0.08498724959440021	0.07455306293974581	-0.07825635167992373	0.1018284821644491	-0.07556713412528507	0.12072964211280486
-0.3962882484119861	1.0	-0.633553078044252	0.06597750213092249	-0.07075503918218956	0.1983731363329208	-0.4697202925010959	0.2925184837640867	-0.08648420545105918	0.08632634521072395	-0.2001907003713961	0.24946536395433283	-0.23744536800533997	0.08143119644740986	-0.06903535714815652	0.15137538703868694	-0.19517027283464014	0.15966405793157926	-0.09863409777252347	0.0826717415297226	-0.10660088046282218	0.13049196069411093	-0.13319131859643632	0.0891576377118891	-0.09448238137661888	0.10693113265936308	-0.09095484984572834	0.10831826109430828	-0.11616347774063018	0.09774165283784407	-0.0755437113910955	0.09767210042509375	-0.11055227328266082	0.0814431660921834	-0.08407687742229111	0.0994101852399917	-0.0757435585361201	0.0769625267335897	-0.0720659081351067	0.06026393199526299	-0.050149588426394553	0.05217656712210088	-0.07122817229996475	0.052817987537497904	-0.08511104821431545
0.22834768748704565	-0.633553078044252	1.0	-0.0914109656958334	0.08706020776219434	-0.15596004451453718	0.2537414884577154	-0.6022928584358243	0.11099103868058736	-0.10450155607606008	0.1586027804309885	-0.23378530293364602	0.2332593907736488	-0.09978893946960365	0.07983700194742425	-0.14075184472777214	0.17601341946117363	-0.1672092983372554	0.10158988460394694	-0.08847490262708006	0.10166715120523953	-0.1287550971560876	0.13181287119941887	-0.09228385294237818	0.09853301980348854	-0.10680622832195212	0.09042320552650547	-0.11019324539253214	0.11700823492935089	-0.10105417893729314	0.07564745107196724	-0.09850819025266029	0.11071610777405008	-0.08288006926293436	0.08534224899989318	-0.1009876348446541	0.07621428398573947	-0.07799981675160159	0.0728019323663083	-0.06111993915709214	0.05066254418049233	-0.052960487026740374	0.07179991649778604	-0.053400511751308825	0.0857989128126583
-0.06578548996770371	0.06597750213092249	-0.0914109656958334	1.0	-0.7393052205951497	0.04247308326829991	-0.06067199946775272	0.10509909010393313	-0.5532753525873458	0.2580210472147719	-0.05416605704369431	0.05637044859066615	-0.07239374522503401	0.23836689809141295	-0.18489590029021039	0.05058980417232382	-0.06890611370296393	0.06659654293997902	-0.08551372712892848	0.09871257727780403	-0.041386318274845506	0.052580314544666315	-0.06196181262864955	0.06848660511240105	-0.10080866855467895	0.046510749905071085	-0.040936888968813326	0.05662715250549524	-0.07469917369258598	0.06829412414468614	-0.03435607485082644	0.04475064086021688	-0.059226159565244046	0.04774131847278291	-0.05357540384954463	0.046841359950740166	-0.03800060321616018	0.03933699268247464	-0.04069859913285327	0.03419393514710996	-0.024891619463507896	0.025955020075860834	-0.03831480774753048	0.028672491283711937	-0.046927875670820934
0.07394438432471347	-0.07075503918218956	0.08706020776219434	-0.7393052205951497	1.0000000000000004	-0.04830122681034548	0.06620211885416014	-0.11105277068582418	0.307975160065277	-0.46547992139634703	0.062250229245497606	-0.06327562943543835	0.07945387072851515	-0.3117369235632757	0.21878870585483354	-0.05955595930596868	0.08013626733704919	-0.07847034510184878	0.1026931052291397	-0.12382881283262885	0.049243925052373676	-0.06305149861910324	0.07305210216390254	-0.08434036342122751	0.11950902733031063	-0.05623455798087859	0.04926189603562042	-0.06810057725844908	0.08937325152010545	-0.08408619303150404	0.04155628611934455	-0.05424236600303984	0.07102789500625371	-0.05806449185861082	0.06471643504733578	-0.057007937707527656	0.045902471055311	-0.04766313882315665	0.04922599858028802	-0.04150609858262686	0.03018040566955115	-0.0315533164842223	0.04630245363522616	-0.034724767200741545	0.056696857936848366
-0.6036307713017148	0.1983731363329208	-0.15596004451453718	0.04247308326829991	-0.04830122681034548	1.0000000000000004	-0.225261020956786	0.16438946842954216	-0.058854699263275065	0.06688469348092217	-0.6658072730256939	0.1725841840329386	-0.14766639330627657	0.061810548219025326	-0.05419746795253642	0.20961739929500356	-0.19633260072969425	0.12855970070927855	-0.0822662838886831	0.07030608467990979	-0.1309425235869786	0.14311041931958576	-0.11026038106616304	0.07633980994552511	-0.08076005969412045	0.11445534797733488	-0.09412854074334563	0.09576972785259523	-0.10054389197068826	0.0883463569516491	-0.07852772976979121	0.09983978687579459	-0.10031854056746535	0.07477807958232349	-0.07621293557851329	0.1004059779459421	-0.07344379908009749	0.07367922328045842	-0.06728213724705352	0.05636656094003644	-0.049483265829363236	0.051365729577529176	-0.0678161310370418	0.0501376803325039	-0.08040582047374806
0.23822036214226222	-0.4697202925010959	0.2537414884577154	-0.06067199946775272	0.06620211885416014	-0.225261020956786	0.9999999999999998	-0.31340222197525386	0.08403858638709767	-0.08976781735942435	0.19850791196405768	-0.6722507226537748	0.27039791089096143	-0.08459890333639039	0.0715523116531397	-0.1739099046011223	0.21754471243932708	-0.19662909506263276	0.10622153682837279	-0.08959803188033498	0.11812953024415854	-0.14906018202653998	0.1452961792323328	-0.0980560072419396	0.10022910634165161	-0.12042092861244161	0.10115468275599834	-0.12135459957529518	0.12424777794576505	-0.10709036518225881	0.08419983024335304	-0.10963033245661012	0.11934802959147071	-0.08886809869393605	0.09046255518418347	-0.1112587541390102	0.08299213921590894	-0.08485396188104749	0.07778728633648947	-0.06539474427333282	0.05515592275421245	-0.05765916021400595	0.0769311872098494	-0.05727293718139824	0.09154966358169062
-0.2644669486679072	0.2925184837640867	-0.6022928584358243	0.10509909010393313	-0.11105277068582418	0.16438946842954216	-0.31340222197525386	1.0000000000000004	-0.17031882411953314	0.13117589909441377	-0.19817372019408677	0.2558206348367594	-0.47714580017956276	0.12968538452628134	-0.1049554988413967	0.16537772308824508	-0.23843608926865084	0.228068230755581	-0.14041005877786403	0.11495208766681696	-0.12445678006348822	0.15289297739179172	-0.19183166494361847	0.12295723858260324	-0.1315593652601722	0.12660659744798375	-0.11136008370620266	0.14552062338553867	-0.16013062420112123	0.1283610874204538	-0.09127521783719035	0.11807529550147622	-0.146993992145288	0.10622773097324904	-0.11116151990590481	0.12013990530610041	-0.09557889224682628	0.09730909700364754	-0.0932494443982546	0.07761208449542431	-0.06214499153250602	0.06437656103494888	-0.09087128634644986	0.06736581061548719	-0.10922752156484804
0.09042818182517508	-0.08648420545105918	0.11099103868058736	-0.5532753525873458	0.307975160065277	-0.058854699263275065	0.08403858638709767	-0.17031882411953314	0.9999999999999991	-0.41672004491417824	0.07554465182916693	-0.07936534738058709	0.10443405125207407	-0.5741430554457618	0.2650223854308561	-0.07164873940828498	0.09724438877967548	-0.0974113002806254	0.12799159440833605	-0.14855232915107164	0.05888760901623194	-0.07524814070189201	0.08915083328195574	-0.1036972649277755	0.14068958365270035	-0.06666233549376063	0.058570398317702256	-0.08194273852709692	0.10711396084378023	-0.09897810782016843	0.04919736827787905	-0.06422910892006786	0.08441459616661601	-0.0685296038791005	0.0761573496101327	-0.06725764965729605	0.05424614737334344	-0.05633646167365776	0.057894122814375414	-0.04880302994395815	0.03553649072685758	-0.037138910106895164	0.05437054233297356	-0.04079857884303646	0.06651474041002908
-0.10436801657441824	0.08632634521072395	-0.10450155607606008	0.2580210472147719	-0.46547992139634703	0.06688469348092217	-0.08976781735942435	0.13117589909441377	-0.41672004491417824	0.9999999999999983	-0.08916854917048017	0.08478474515240254	-0.11020977477612037	0.3164738559200677	-0.6039850431388802	0.08411103161473249	-0.11687765782668726	0.11184861069990958	-0.16845130800185024	0.21408102358653625	-0.07074637785733123	0.08955167578835863	-0.10955876595310295	0.1288328509696976	-0.23172510068158764	0.08031044067746217	-0.07168043799649347	0.10209909817542498	-0.14355910445046827	0.13153129633700553	-0.060055171988394905	0.07803551361611945	-0.10930554629554026	0.08905429601070891	-0.10411777970390049	0.08197966680858806	-0.06847269124568064	0.07085683280026692	-0.07610425082120237	0.06364228699682951	-0.0445938101263508	0.04631890635881114	-0.07083409959611774	0.05292716763478646	-0.08749582151145066
0.3071533006069854	-0.2001907003713961	0.1586027804309885	-0.05416605704369431	0.062250229245497606	-0.6658072730256939	0.19850791196405768	-0.19817372019408677	0.07554465182916693	-0.08916854917048017	1.0000000000000002	-0.21379980099385604	0.1746170616002195	-0.08176804907370032	0.07220030853518629	-0.41458948851289373	0.25309371970568684	-0.17115477393058398	0.11013138112932704	-0.09558219374579498	0.19448635481998072	-0.22105760435525248	0.14678958578255288	-0.10359939496104122	0.10928259199732467	-0.17273581203690735	0.13706935281402122	-0.13180271508368688	0.13597065345972215	-0.12249047805992816	0.11487074172225041	-0.14670564209532205	0.13814553081159206	-0.10385673993371997	0.10500388362706789	-0.14680317237071377	0.10422441273268808	-0.1044962733896617	0.09352043076905774	-0.07858855932425277	0.07076055518973241	-0.07369883646543696	0.09488206364024329	-0.07024024824722819	0.11197174032645561
-0.2208253526131432	0.24946536395433283	-0.23378530293364602	0.05637044859066615	-0.06327562943543835	0.1725841840329386	-0.6722507226537748	0.2558206348367594	-0.07936534738058709	0.08478474515240254	-0.21379980099385604	0.9999999999999983	-0.49327332493166554	0.08047468199180004	-0.06989122748603412	0.17745185542912367	-0.30094070579137994	0.22192188622247966	-0.11406631986655248	0.09068038974709175	-0.12179441321202794	0.1489915240409872	-0.16805074050451616	0.10273762478479577	-0.10277030592631921	0.11871432330805566	-0.1021677030986059	0.12790323538387863	-0.13202872231442594	0.10779417099610004	-0.0836042939876131	0.1082995130058218	-0.12482382668663583	0.09024419028765694	-0.09231050555829023	0.10886586159965796	-0.08360642498422426	0.08517934128580774	-0.07863897846965615	0.06578720846819838	-0.05468513695168761	0.05684366241229698	-0.07716884484453787	0.057381206425713926	-0.09197629696607776
0.19910306642162745	-0.23744536800533997	0.2332593907736488	-0.07239374522503401	0.07945387072851515	-0.14766639330627657	0.27039791089096143	-0.47714580017956276	0.10443405125207407	-0.11020977477612037	0.1746170616002195	-0.49327332493166554	0.9999999999999941	-0.1068946497778031	0.09052717821679435	-0.17700884288704136	0.24408433788034542	-0.5027113511541595	0.15304105853614217	-0.12050502478305898	0.13172880003390963	-0.17219908391607217	0.2310423381574842	-0.14094565893486585	0.12999456040884302	-0.13929146165269243	0.12144808756415738	-0.17933292106264714	0.1677999404655151	-0.13803005597565715	0.09919905344470564	-0.13072408476371808	0.1557648241575556	-0.11379601160131793	0.11444522890874778	-0.1320464135402413	0.10160665185698096	-0.10581120179879408	0.09608587035725054	-0.0809554542459403	0.06588093256347752	-0.06901048922440378	0.09298231098470196	-0.06972694402517694	0.11075686790826275
-0.09563999559299075	0.08143119644740986	-0.09978893946960365	0.23836689809141295	-0.3117369235632757	0.061810548219025326	-0.08459890333639039	0.12968538452628134	-0.5741430554457618	0.3164738559200677	-0.08176804907370032	0.08047468199180004	-0.1068946497778031	0.9999999999999979	-0.588966314421194	0.07830529851580716	-0.10833025677957873	0.10971963993941689	-0.2000009427593006	0.20896686082534607	-0.06583697241563793	0.08392540724193488	-0.1055775695216924	0.13657392779213803	-0.20897722813200134	0.0749645439302365	-0.06693897105177804	0.09803139756880841	-0.13958990751026257	0.12333691600397681	-0.055875873216090347	0.07290181275718936	-0.1015009448640295	0.08271504605678369	-0.09509257983808131	0.07631643870149152	-0.06323048175348903	0.06574708774451832	-0.06941266157928815	0.0582951504761686	-0.0409813252357378	0.0427109681663798	-0.06419428070762692	0.0482061207793161	-0.07905350670574676
0.08301142649230937	-0.06903535714815652	0.07983700194742425	-0.18489590029021039	0.21878870585483354	-0.05419746795253642	0.0715523116531397	-0.1049554988413967	0.2650223854308561	-0.6039850431388802	0.07220030853518629	-0.06989122748603412	0.09052717821679435	-0.588966314421194	0.9999999999999957	-0.07108830330214332	0.09677934207724699	-0.10111901102648653	0.1766538717021971	-0.3526845472024235	0.06049483039858285	-0.07791159665032153	0.09658190582507513	-0.1358586029415144	0.21973997584313093	-0.07023550350597654	0.06241396086149484	-0.0924336621622976	0.1300088760777758	-0.12719265912923677	0.052388025957039126	-0.06857672048121764	0.0950375773766075	-0.08001175663939908	0.09226039492500024	-0.07209749688615408	0.05933365919020285	-0.06209618671132287	0.065844937724458	-0.05571090173951801	0.03852626271739461	-0.04031319851434103	0.06025037232172967	-0.04551939370241264	0.0743129480928095
-0.2522911769249992	0.15137538703868694	-0.14075184472777214	0.05058980417232382	-0.05955595930596868	0.20961739929500356	-0.1739099046011223	0.16537772308824508	-0.07164873940828498	0.08411103161473249	-0.41458948851289373	0.17745185542912367	-0.17700884288704136	0.07830529851580716	-0.07108830330214332	0.9999999999999982	-0.5616845354934734	0.1869939782565965	-0.11948794296896913	0.09785164770297017	-0.5140008936047635	0.2860797330371869	-0.1724023692129204	0.11074949662744461	-0.11523728729542194	0.21534319916107553	-0.17936790861017565	0.14529045965620288	-0.15105129827430977	0.12640282197207853	-0.14373833935180622	0.1667660193371843	-0.15602816649421983	0.11124292702732974	-0.1132148068992525	0.15725866276689449	-0.11814170827666444	0.1130098016817261	-0.10207104030044609	0.08453590828463797	-0.07853292688236148	0.07875913469102613	-0.10433150104026777	0.07620970213998245	-0.12263727347347776
0.2319964588118245	-0.19517027283464014	0.17601341946117363	-0.06890611370296393	0.08013626733704919	-0.19633260072969425	0.21754471243932708	-0.23843608926865084	0.09724438877967548	-0.11687765782668726	0.25309371970568684	-0.30094070579137994	0.24408433788034542	-0.10833025677957873	0.09677934207724699	-0.5616845354934734	0.9999999999999944	-0.33655390970670396	0.15999347885882564	-0.13461437680116853	0.26865346034971405	-0.34720267272421296	0.22688496375438286	-0.15209885459108208	0.15072456629804398	-0.24370512231280847	0.196947848045749	-0.1978998949643263	0.19287713023360076	-0.1704091193371451	0.1607211114626615	-0.20869899495500424	0.1941500507395506	-0.14431535094545683	0.14422324008749665	-0.20267592164438697	0.14426674320652155	-0.14512080327625324	0.12712970722187622	-0.10707068632787288	0.09662679642100465	-0.10053544510624712	0.12784745961680427	-0.09505586289334378	0.1502607298572905
-0.18551733337832949	0.15966405793157926	-0.1672092983372554	0.06659654293997902	-0.07847034510184878	0.12855970070927855	-0.19662909506263276	0.228068230755581	-0.0974113002806254	0.11184861069990958	-0.17115477393058398	0.22192188622247966	-0.5027113511541595	0.10971963993941689	-0.10111901102648653	0.1869939782565965	-0.33655390970670396	0.9999999999999949	-0.2606031589328605	0.15231539959467988	-0.1512883097242745	0.19396678148598404	-0.5657091177211403	0.2007825143560337	-0.16739817728621534	0.15400001608036085	-0.14531194742807652	0.2537918761836467	-0.24493449838727588	0.1682574732380476	-0.11243765016560484	0.14798601155534036	-0.21558297128124698	0.14147601524980533	-0.14341195334141146	0.14653957022007974	-0.12234240105015398	0.12710881030635318	-0.11646565689119386	0.09687441603850488	-0.0752024767858477	0.07807793874826524	-0.1093484144688919	0.08207708759121775	-0.1306475814147074
0.1209724261651649	-0.09863409777252347	0.10158988460394694	-0.08551372712892848	0.1026931052291397	-0.0822662838886831	0.10622153682837279	-0.14041005877786403	0.12799159440833605	-0.16845130800185024	0.11013138112932704	-0.11406631986655248	0.15304105853614217	-0.2000009427593006	0.1766538717021971	-0.11948794296896913	0.15999347885882564	-0.2606031589328605	0.9999999999999989	-0.4431130613835925	0.10373882270837678	-0.13888512307326817	0.2044128334910932	-0.6736525576555257	0.26981786562561205	-0.12313909715390478	0.1107642755909479	-0.19972081460413166	0.28047982582170405	-0.2213567260030839	0.0911123289811222	-0.12173200096586137	0.16736952807073902	-0.14153746691159186	0.14839313028977677	-0.1257075180967377	0.10145270859995648	-0.1089733260377599	0.10804185416633184	-0.092919244082758	0.0645087610088175	-0.06826302258893056	0.09650331329979223	-0.07434658011791014	0.1176484526309984
-0.1064719512487461	0.0826717415297226	-0.08847490262708006	0.09871257727780403	-0.12382881283262885	0.07030608467990979	-0.08959803188033498	0.11495208766681696	-0.14855232915107164	0.21408102358653625	-0.09558219374579498	0.09068038974709175	-0.12050502478305898	0.20896686082534607	-0.3526845472024235	0.09785164770297017	-0.13461437680116853	0.15231539959467988	-0.4431130613835925	0.9999999999999963	-0.08556922735610416	0.11093568176087322	-0.15095912574797418	0.24274458745138397	-0.6809277402588264	0.10085909874581976	-0.09128832906809227	0.1457754514282823	-0.22883819862519655	0.2217674509453806	-0.07594629700255866	0.0997394728986373	-0.1487382245594751	0.12749649361341397	-0.15769014382972746	0.10468062700559079	-0.08857328214043661	0.09336851892327137	-0.10215787047620346	0.08623747550531007	-0.05646602006714837	0.05910852144444772	-0.09020515811405098	0.06865871314030504	-0.11228025373480319
0.16169825159461423	-0.10660088046282218	0.10166715120523953	-0.041386318274845506	0.049243925052373676	-0.1309425235869786	0.11812953024415854	-0.12445678006348822	0.05888760901623194	-0.07074637785733123	0.19448635481998072	-0.12179441321202794	0.13172880003390963	-0.06583697241563793	0.06049483039858285	-0.5140008936047635	0.26865346034971405	-0.1512883097242745	0.10373882270837678	-0.08556922735610416	0.9999999999999971	-0.6301564866250331	0.15960883777313611	-0.09908724620933604	0.10141704559514503	-0.40094915208267917	0.24141643759422113	-0.1417776843767818	0.13743372384161226	-0.11549774024040438	0.18951901352797948	-0.2158797610759005	0.1519075999543448	-0.10557588340449606	0.10488972910836548	-0.1876667224510929	0.12762295184732278	-0.11737600034338631	0.0975780563053579	-0.08062118438209791	0.08431961023071773	-0.08335253513206667	0.10191269088295588	-0.07417659633137057	0.11716390471532502
-0.20430508473746617	0.13049196069411093	-0.1287550971560876	0.052580314544666315	-0.06305149861910324	0.14311041931958576	-0.14906018202653998	0.15289297739179172	-0.07524814070189201	0.08955167578835863	-0.22105760435525248	0.1489915240409872	-0.17219908391607217	0.08392540724193488	-0.07791159665032153	0.2860797330371869	-0.34720267272421296	0.19396678148598404	-0.13888512307326817	0.11093568176087322	-0.6301564866250331	0.9999999999999973	-0.24738521776172698	0.13117904128356464	-0.13392932601343158	0.28357136817633666	-0.4057907342436018	0.19053887601868572	-0.18779493932501562	0.14860778049107248	-0.2030403663500098	0.24766831746258666	-0.20468431029603332	0.13714426066408258	-0.13826936003760626	0.1973935790119325	-0.15858024320662456	0.14399444767855782	-0.1278375879234796	0.1045117692903327	-0.10112891372932886	0.09821856853983316	-0.13193304309377607	0.09526916774479585	-0.15375929287668888
0.15674992315239658	-0.13319131859643632	0.13181287119941887	-0.06196181262864955	0.07305210216390254	-0.11026038106616304	0.1452961792323328	-0.19183166494361847	0.08915083328195574	-0.10955876595310295	0.14678958578255288	-0.16805074050451616	0.2310423381574842	-0.1055775695216924	0.09658190582507513	-0.1724023692129204	0.22688496375438286	-0.5657091177211403	0.2044128334910932	-0.15095912574797418	0.15960883777313611	-0.24738521776172698	0.9999999999999954	-0.2453081438652819	0.1619927165402816	-0.17476503597754164	0.17093282504258056	-0.5603022424093331	0.2646086780519207	-0.188671617571385	0.12689814648117323	-0.17483090068314047	0.2466689163406903	-0.16565940249602248	0.15270150437365287	-0.16752469273692192	0.13639321724039088	-0.15113376599931444	0.1256876015803889	-0.10644849067828753	0.08255534636848408	-0.08687364238776335	0.11609395424150881	-0.08882184343278049	0.13701022619662917
-0.11336133205326457	0.0891576377118891	-0.09228385294237818	0.06848660511240105	-0.08434036342122751	0.07633980994552511	-0.0980560072419396	0.12295723858260324	-0.1036972649277755	0.1288328509696976	-0.10359939496104122	0.10273762478479577	-0.14094565893486585	0.13657392779213803	-0.1358586029415144	0.11074949662744461	-0.15209885459108208	0.2007825143560337	-0.6736525576555257	0.24274458745138397	-0.09908724620933604	0.13117904128356464	-0.2453081438652819	0.9999999999999937	-0.276760188659598	0.11610860240708389	-0.10928459380164654	0.21855360925404874	-0.5303651108716855	0.20632117119672494	-0.08697477403113256	0.11613170749140844	-0.17906395795975874	0.13975626846129774	-0.15036923020291348	0.11835793246212074	-0.10027336799340507	0.10717043738316517	-0.10732501265137302	0.09035132707614413	-0.0618515891321687	0.06496454000834068	-0.094478828211841	0.07237921997211101	-0.11546601559109693
0.12090340799392582	-0.09448238137661888	0.09853301980348854	-0.10080866855467895	0.11950902733031063	-0.08076005969412045	0.10022910634165161	-0.1315593652601722	0.14068958365270035	-0.23172510068158764	0.10928259199732467	-0.10277030592631921	0.12999456040884302	-0.20897722813200134	0.21973997584313093	-0.11523728729542194	0.15072456629804398	-0.16739817728621534	0.26981786562561205	-0.6809277402588264	0.10141704559514503	-0.13392932601343158	0.1619927165402816	-0.276760188659598	0.9999999999999937	-0.1241341265161864	0.10907356973519923	-0.16813894471542132	0.23211990148008158	-0.4108809249874116	0.09290686269741852	-0.12274060155149569	0.17162789996025699	-0.16809004478942058	0.20060598671445184	-0.1306489636968545	0.10614179763472646	-0.1137354545622864	0.12543345320720556	-0.10945483867812682	0.06885852002091292	-0.07302891598807959	0.1078016466329807	-0.08382170410948978	0.1343969863673149
-0.16741163727895406	0.10693113265936308	-0.10680622832195212	0.046510749905071085	-0.05623455798087859	0.11445534797733488	-0.12042092861244161	0.12660659744798375	-0.06666233549376063	0.08031044067746217	-0.17273581203690735	0.11871432330805566	-0.13929146165269243	0.0749645439302365	-0.07023550350597654	0.21534319916107553	-0.24370512231280847	0.15400001608036085	-0.12313909715390478	0.10085909874581976	-0.40094915208267917	0.28357136817633666	-0.17476503597754164	0.11610860240708389	-0.1241341265161864	0.9999999999999977	-0.4691422249503282	0.17113995404458224	-0.17235993452854356	0.14266967700924618	-0.5438018170740312	0.30956525803998414	-0.20979101336418293	0.13879231106240836	-0.13793597155421952	0.28027820630824096	-0.2025833207223227	0.16433434148677942	-0.1365254331623704	0.11056753157295221	-0.13450034585221515	0.12098629521964742	-0.14880205473313307	0.10518204241032789	-0.16792301376327085
0.13516723651670168	-0.09095484984572834	0.09042320552650547	-0.040936888968813326	0.04926189603562042	-0.09412854074334563	0.10115468275599834	-0.11136008370620266	0.058570398317702256	-0.07168043799649347	0.13706935281402122	-0.1021677030986059	0.12144808756415738	-0.06693897105177804	0.06241396086149484	-0.17936790861017565	0.196947848045749	-0.14531194742807652	0.1107642755909479	-0.09128832906809227	0.24141643759422113	-0.4057907342436018	0.17093282504258056	-0.10928459380164654	0.10907356973519923	-0.4691422249503282	0.9999999999999952	-0.20947043028076076	0.1598779949962653	-0.13041205905412143	0.2746755814443289	-0.659759233042469	0.19212600103918154	-0.12579185792447076	0.12005257122161175	-0.2472930442803455	0.17619401437154983	-0.15701414230923386	0.11384815390671298	-0.09390787820797351	0.10531268948696478	-0.1030585384670722	0.11980676763807213	-0.08730085240885171	0.13438864779508652
-0.1411769767729729	0.10831826109430828	-0.11019324539253214	0.05662715250549524	-0.06810057725844908	0.09576972785259523	-0.12135459957529518	0.14552062338553867	-0.08194273852709692	0.10209909817542498	-0.13180271508368688	0.12790323538387863	-0.17933292106264714	0.09803139756880841	-0.0924336621622976	0.14529045965620288	-0.1978998949643263	0.2537918761836467	-0.19972081460413166	0.1457754514282823	-0.1417776843767818	0.19053887601868572	-0.5603022424093331	0.21855360925404874	-0.16813894471542132	0.17113995404458224	-0.20947043028076076	0.9999999999999898	-0.46250684472217785	0.20665339645463654	-0.13055677307966546	0.18307404729722224	-0.4795246164131947	0.2003202994772895	-0.18290808469869005	0.16928327746978034	-0.16247597580934076	0.1785031531613383	-0.14616130844945815	0.11936867957696247	-0.08671269262493969	0.09041991179247529	-0.12763193906414186	0.09752293240207643	-0.15021145729131907
0.14743903116868975	-0.11616347774063018	0.11700823492935089	-0.07469917369258598	0.08937325152010545	-0.10054389197068826	0.12424777794576505	-0.16013062420112123	0.10711396084378023	-0.14355910445046827	0.13597065345972215	-0.13202872231442594	0.1677999404655151	-0.13958990751026257	0.1300088760777758	-0.15105129827430977	0.19287713023360076	-0.24493449838727588	0.28047982582170405	-0.22883819862519655	0.13743372384161226	-0.18779493932501562	0.2646086780519207	-0.5303651108716855	0.23211990148008158	-0.17235993452854356	0.1598779949962653	-0.46250684472217785	0.9999999999999958	-0.36133676924673475	0.12801020014286585	-0.17551612140566347	0.2562004536599739	-0.22734502889337685	0.2155803734029217	-0.17770563350783833	0.144949937812133	-0.16185363983797366	0.15510155264119238	-0.13411506374465995	0.08965404129157603	-0.09557664876645001	0.13285493919964741	-0.10419905889030953	0.16139775486752442
-0.13442272761899682	0.09774165283784407	-0.10105417893729314	0.06829412414468614	-0.08408619303150404	0.0883463569516491	-0.10709036518225881	0.1283610874204538	-0.09897810782016843	0.13153129633700553	-0.12249047805992816	0.10779417099610004	-0.13803005597565715	0.12333691600397681	-0.12719265912923677	0.12640282197207853	-0.1704091193371451	0.1682574732380476	-0.2213567260030839	0.2217674509453806	-0.11549774024040438	0.14860778049107248	-0.188671617571385	0.20632117119672494	-0.4108809249874116	0.14266967700924618	-0.13041205905412143	0.20665339645463654	-0.36133676924673475	0.999999999999995	-0.11117113019414038	0.14444624816191975	-0.26461338521570216	0.27519920329232894	-0.610333606448114	0.15605638547891817	-0.1441665429185624	0.1536901741492114	-0.2155920603148329	0.1766239707924124	-0.09075740963858331	0.09453977107976658	-0.16570543364969315	0.1277070523907331	-0.21906438713710163
0.11501149251356105	-0.0755437113910955	0.07564745107196724	-0.03435607485082644	0.04155628611934455	-0.07852772976979121	0.08419983024335304	-0.09127521783719035	0.04919736827787905	-0.060055171988394905	0.11487074172225041	-0.0836042939876131	0.09919905344470564	-0.055875873216090347	0.052388025957039126	-0.14373833935180622	0.1607211114626615	-0.11243765016560484	0.0911123289811222	-0.07594629700255866	0.18951901352797948	-0.2030403663500098	0.12689814648117323	-0.08697477403113256	0.09290686269741852	-0.5438018170740312	0.2746755814443289	-0.13055677307966546	0.12801020014286585	-0.11117113019414038	0.999999999999993	-0.45335849714419396	0.16812634508931742	-0.11118610934516746	0.10667767742781162	-0.5903811572726754	0.20185944792246668	-0.16368850404393842	0.10794687658704191	-0.08844867918734985	0.13887098815595322	-0.13061139723571213	0.12171223717856641	-0.08727276618415358	0.1308971345446567
-0.14938847173997424	0.09767210042509375	-0.09850819025266029	0.04475064086021688	-0.05424236600303984	0.09983978687579459	-0.10963033245661012	0.11807529550147622	-0.06422910892006786	0.07803551361611945	-0.14670564209532205	0.1082995130058218	-0.13072408476371808	0.07290181275718936	-0.06857672048121764	0.1667660193371843	-0.20869899495500424	0.14798601155534036	-0.12173200096586137	0.0997394728986373	-0.2158797610759005	0.24766831746258666	-0.17483090068314047	0.11613170749140844	-0.12274060155149569	0.30956525803998414	-0.659759233042469	0.18307404729722224	-0.17551612140566347	0.14444624816191975	-0.45335849714419396	0.9999999999999896	-0.23807084057773265	0.1451590113834087	-0.1407023820397515	0.2711991331497204	-0.25747210609187354	0.18832899434889155	-0.1393156325934685	0.11248879425627328	-0.13141572079535382	0.12101304700661954	-0.15023827090537167	0.10665297161973007	-0.16739379265149154
0.14758131064790583	-0.11055227328266082	0.11071610777405008	-0.059226159565244046	0.07102789500625371	-0.10031854056746535	0.11934802959147071	-0.146993992145288	0.08441459616661601	-0.10930554629554026	0.13814553081159206	-0.12482382668663583	0.1557648241575556	-0.1015009448640295	0.0950375773766075	-0.15602816649421983	0.1941500507395506	-0.21558297128124698	0.16736952807073902	-0.1487382245594751	0.1519075999543448	-0.20468431029603332	0.2466689163406903	-0.17906395795975874	0.17162789996025699	-0.20979101336418293	0.19212600103918154	-0.4795246164131947	0.2562004536599739	-0.26461338521570216	0.16812634508931742	-0.23807084057773265	0.9999999999999917	-0.4323537524116491	0.24277407024751477	-0.24982591932794357	0.24654421905617824	-0.4024618657453075	0.2155287364592389	-0.1820040756609228	0.12079101768299166	-0.13148161424621208	0.17624576439787393	-0.14232160655488316	0.2000849892116113
-0.11248075558597155	0.0814431660921834	-0.08288006926293436	0.04774131847278291	-0.05806449185861082	0.07477807958232349	-0.08886809869393605	0.10622773097324904	-0.0685296038791005	0.08905429601070891	-0.10385673993371997	0.09024419028765694	-0.11379601160131793	0.08271504605678369	-0.08001175663939908	0.11124292702732974	-0.14431535094545683	0.14147601524980533	-0.14153746691159186	0.12749649361341397	-0.10557588340449606	0.13714426066408258	-0.16565940249602248	0.13975626846129774	-0.16809004478942058	0.13879231106240836	-0.12579185792447076	0.2003202994772895	-0.22734502889337685	0.27519920329232894	-0.11118610934516746	0.1451590113834087	-0.4323537524116491	0.9999999999999909	-0.5758254420769017	0.16110574969598623	-0.1620820465081249	0.18559959882635835	-0.463382993084551	0.25022316755944607	-0.09349968837652006	0.09939337025974665	-0.18356941265417406	0.1537631941671132	-0.2494427167264403
0.11414679278738436	-0.08407687742229111	0.08534224899989318	-0.05357540384954463	0.06471643504733578	-0.07621293557851329	0.09046255518418347	-0.11116151990590481	0.0761573496101327	-0.10411777970390049	0.10500388362706789	-0.09231050555829023	0.11444522890874778	-0.09509257983808131	0.09226039492500024	-0.1132148068992525	0.14422324008749665	-0.14341195334141146	0.14839313028977677	-0.15769014382972746	0.10488972910836548	-0.13826936003760626	0.15270150437365287	-0.15036923020291348	0.20060598671445184	-0.13793597155421952	0.12005257122161175	-0.18290808469869005	0.2155803734029217	-0.610333606448114	0.10667767742781162	-0.1407023820397515	0.24277407024751477	-0.5758254420769017	0.9999999999999918	-0.1560907590494017	0.1347827740892536	-0.15549339971606024	0.24307226334417423	-0.24674989116750656	0.08526832678024167	-0.09234367678845151	0.14853879540837428	-0.1293477197049594	0.2013560909398956
-0.15321245299246153	0.0994101852399917	-0.1009876348446541	0.046841359950740166	-0.057007937707527656	0.1004059779459421	-0.1112587541390102	0.12013990530610041	-0.06725764965729605	0.08197966680858806	-0.14680317237071377	0.10886586159965796	-0.1320464135402413	0.07631643870149152	-0.07209749688615408	0.15725866276689449	-0.20267592164438697	0.14653957022007974	-0.1257075180967377	0.10468062700559079	-0.1876667224510929	0.1973935790119325	-0.16752469273692192	0.11835793246212074	-0.1306489636968545	0.28027820630824096	-0.2472930442803455	0.16928327746978034	-0.17770563350783833	0.15605638547891817	-0.5903811572726754	0.2711991331497204	-0.24982591932794357	0.16110574969598623	-0.1560907590494017	0.9999999999999913	-0.39701165042338965	0.24028475501131563	-0.1661679370782455	0.13370588017659368	-0.284096921863077	0.20700121637315486	-0.19569243095666244	0.1353644376440725	-0.2060770907591074
0.10940836010631652	-0.0757435585361201	0.07621428398573947	-0.03800060321616018	0.045902471055311	-0.07344379908009749	0.08299213921590894	-0.09557889224682628	0.05424614737334344	-0.06847269124568064	0.10422441273268808	-0.08360642498422426	0.10160665185698096	-0.06323048175348903	0.05933365919020285	-0.11814170827666444	0.14426674320652155	-0.12234240105015398	0.10145270859995648	-0.08857328214043661	0.12762295184732278	-0.15858024320662456	0.13639321724039088	-0.10027336799340507	0.10614179763472646	-0.2025833207223227	0.17619401437154983	-0.16247597580934076	0.144949937812133	-0.1441665429185624	0.20185944792246668	-0.25747210609187354	0.24654421905617824	-0.1620820465081249	0.1347827740892536	-0.39701165042338965	0.9999999999999905	-0.752346291513882	0.14766148795872755	-0.12463327183048512	0.15649510805821115	-0.17949437655481054	0.1727193284862138	-0.13047163789797758	0.15959527181017152
-0.11117056230367538	0.0769625267335897	-0.07799981675160159	0.03933699268247464	-0.04766313882315665	0.07367922328045842	-0.08485396188104749	0.09730909700364754	-0.05633646167365776	0.07085683280026692	-0.1044962733896617	0.08517934128580774	-0.10581120179879408	0.06574708774451832	-0.06209618671132287	0.1130098016817261	-0.14512080327625324	0.12710881030635318	-0.1089733260377599	0.09336851892327137	-0.11737600034338631	0.14399444767855782	-0.15113376599931444	0.10717043738316517	-0.1137354545622864	0.16433434148677942	-0.15701414230923386	0.1785031531613383	-0.16185363983797366	0.1536901741492114	-0.16368850404393842	0.18832899434889155	-0.4024618657453075	0.18559959882635835	-0.15549339971606024	0.24028475501131563	-0.752346291513882	0.9999999999999907	-0.18869622236586786	0.14316739511771207	-0.13700093685270745	0.13972056749889775	-0.23304934535028765	0.15141586001081161	-0.19060951598346637
0.10088250319701988	-0.0720659081351067	0.0728019323663083	-0.04069859913285327	0.04922599858028802	-0.06728213724705352	0.07778728633648947	-0.0932494443982546	0.057894122814375414	-0.07610425082120237	0.09352043076905774	-0.07863897846965615	0.09608587035725054	-0.06941266157928815	0.065844937724458	-0.10207104030044609	0.12712970722187622	-0.11646565689119386	0.10804185416633184	-0.10215787047620346	0.0975780563053579	-0.1278375879234796	0.1256876015803889	-0.10732501265137302	0.12543345320720556	-0.1365254331623704	0.11384815390671298	-0.14616130844945815	0.15510155264119238	-0.2155920603148329	0.10794687658704191	-0.1393156325934685	0.2155287364592389	-0.463382993084551	0.24307226334417423	-0.1661679370782455	0.14766148795872755	-0.18869622236586786	0.9999999999999901	-0.6792141622757183	0.09556124360114523	-0.10810913911929679	0.20010033904834018	-0.2404083148389527	0.29480711347796296
-0.08498724959440021	0.06026393199526299	-0.06111993915709214	0.03419393514710996	-0.04150609858262686	0.05636656094003644	-0.06539474427333282	0.07761208449542431	-0.04880302994395815	0.06364228699682951	-0.07858855932425277	0.06578720846819838	-0.0809554542459403	0.0582951504761686	-0.05571090173951801	0.08453590828463797	-0.10707068632787288	0.09687441603850488	-0.092919244082758	0.08623747550531007	-0.08062118438209791	0.1045117692903327	-0.10644849067828753	0.09035132707614413	-0.10945483867812682	0.11056753157295221	-0.09390787820797351	0.11936867957696247	-0.13411506374465995	0.1766239707924124	-0.08844867918734985	0.11248879425627328	-0.1820040756609228	0.25022316755944607	-0.24674989116750656	0.13370588017659368	-0.12463327183048512	0.14316739511771207	-0.6792141622757183	0.9999999999999915	-0.08600323968477673	0.09423009033932153	-0.21858358087101187	0.2182404791145694	-0.5587104566761287
0.07455306293974581	-0.050149588426394553	0.05066254418049233	-0.024891619463507896	0.03018040566955115	-0.049483265829363236	0.05515592275421245	-0.06214499153250602	0.03553649072685758	-0.0445938101263508	0.07076055518973241	-0.05468513695168761	0.06588093256347752	-0.0409813252357378	0.03852626271739461	-0.07853292688236148	0.09662679642100465	-0.0752024767858477	0.0645087610088175	-0.05646602006714837	0.08431961023071773	-0.10112891372932886	0.08255534636848408	-0.0618515891321687	0.06885852002091292	-0.13450034585221515	0.10531268948696478	-0.08671269262493969	0.08965404129157603	-0.09075740963858331	0.13887098815595322	-0.13141572079535382	0.12079101768299166	-0.09349968837652006	0.08526832678024167	-0.284096921863077	0.15649510805821115	-0.13700093685270745	0.09556124360114523	-0.08600323968477673	0.9999999999999908	-0.8944762589953337	0.16221867885310248	-0.12267585877326422	0.12416911745333298
-0.07825635167992373	0.05217656712210088	-0.052960487026740374	0.025955020075860834	-0.0315533164842223	0.051365729577529176	-0.05765916021400595	0.06437656103494888	-0.037138910106895164	0.04631890635881114	-0.07369883646543696	0.05684366241229698	-0.06901048922440378	0.0427109681663798	-0.04031319851434103	0.07875913469102613	-0.10053544510624712	0.07807793874826524	-0.06826302258893056	0.05910852144444772	-0.08335253513206667	0.09821856853983316	-0.08687364238776335	0.06496454000834068	-0.07302891598807959	0.12098629521964742	-0.1030585384670722	0.09041991179247529	-0.09557664876645001	0.09453977107976658	-0.13061139723571213	0.12101304700661954	-0.13148161424621208	0.09939337025974665	-0.09234367678845151	0.20700121637315486	-0.17949437655481054	0.13972056749889775	-0.10810913911929679	0.09423009033932153	-0.8944762589953337	0.999999999999992	-0.21959526912729183	0.1342685157468353	-0.1470984659648324
0.1018284821644491	-0.07122817229996475	0.07179991649778604	-0.03831480774753048	0.04630245363522616	-0.0678161310370418	0.0769311872098494	-0.09087128634644986	0.05437054233297356	-0.07083409959611774	0.09488206364024329	-0.07716884484453787	0.09298231098470196	-0.06419428070762692	0.06025037232172967	-0.10433150104026777	0.12784745961680427	-0.1093484144688919	0.09650331329979223	-0.09020515811405098	0.10191269088295588	-0.13193304309377607	0.11609395424150881	-0.094478828211841	0.1078016466329807	-0.14880205473313307	0.11980676763807213	-0.12763193906414186	0.13285493919964741	-0.16570543364969315	0.12171223717856641	-0.15023827090537167	0.17624576439787393	-0.18356941265417406	0.14853879540837428	-0.19569243095666244	0.1727193284862138	-0.23304934535028765	0.20010033904834018	-0.21858358087101187	0.16221867885310248	-0.21959526912729183	0.9999999999999917	-0.7663732316587386	0.28476671561835465
