1.0	-0.41200309575692096	0.2566069295225162	-0.28093692081992355	0.17734067743107393	-0.6630412305195499	0.3097235903771621	-0.2659186401094861	0.20543643359166427	-0.21697434115366776	0.19310104683835022	-0.214782040663803	0.18637194900182402	-0.17781415169667453	0.1488063337746202	-0.14046025994493003	0.12707409762771504	-0.16665225185546695	0.1451114174560095	-0.14169061267914443	0.12065296395429063	-0.10590271219208333	0.09746348394601005	-0.10409102327090888	0.10551586451826715	-0.0749057240075152	0.09467362894778991	-0.08539299798606333	0.09783713162661412	-0.1500886093137131	0.08551799209530948	-0.08963803435361926	0.08155684704260442	-0.07939897867583899	0.05737556244775482	-0.10181886397717622	0.0661800160071542	-0.0875113499247129	0.0598771785747256	-0.057201290451922515
-0.41200309575692096	1.0000000000000002	-0.7713968712229781	0.23735409070608549	-0.1595466147948897	0.2340848122461167	-0.31137538819644445	0.19219251289029454	-0.1776594682539747	0.1518704739628293	-0.14663895829412119	0.14935565205959886	-0.1425520946873941	0.12802310505156606	-0.10823017218674993	0.09454712708690441	-0.08991049537936249	0.11292814620879547	-0.1048807027746756	0.0956788316461809	-0.08534963092743272	0.07217913359332606	-0.06633742006853673	0.06945060565652765	-0.07128264037163914	0.05085139108678734	-0.06510545997248363	0.05675166613260033	-0.06607142441706912	0.0961618207134795	-0.05816091965685792	0.05882095204902164	-0.05419226353854845	0.05165099751244692	-0.03758042171142906	0.06506726631338014	-0.04301669881848177	0.056393259733640795	-0.03906539014612523	0.03699429409892924
0.2566069295225162	-0.7713968712229781	1.0000000000000004	-0.3984633231811614	0.18538663631534166	-0.21621953110461037	0.225691676399087	-0.23081932926053308	0.2010520717377865	-0.19284204872897268	0.14069160524335125	-0.1527604275145357	0.154412331762298	-0.14926833022569402	0.12518649606167426	-0.10304986828681674	0.09725580097957852	-0.13058495537453862	0.1182986174143601	-0.11418044542065514	0.09173081948585649	-0.0800222923435852	0.07494766726255393	-0.0796973437147689	0.08372911713407241	-0.05644258307981758	0.07190676564034362	-0.0646479304818598	0.0749246000917271	-0.11603123696117747	0.06470470621192922	-0.06683270336784503	0.06152010800314796	-0.059358752497911234	0.04314766309123428	-0.07494712988917962	0.049178203671005984	-0.0649086486951076	0.044777185909637376	-0.04267523795936232
-0.28093692081992355	0.23735409070608549	-0.3984633231811614	1.0000000000000004	-0.5250933869373865	0.18939178250041216	-0.2483275758919912	0.26482196565838123	-0.4885439614832965	0.29255092623836654	-0.18329345306277892	0.1710366196979682	-0.22068087820076956	0.2117742237265652	-0.19154792979726942	0.12609172031040689	-0.1276903283237565	0.16538514848701583	-0.1699506578665791	0.152425065697503	-0.12047488740111603	0.10137463088438768	-0.09709345376504892	0.10088889161959784	-0.11191358930458976	0.07168307723211044	-0.09303393458459852	0.08116511625828204	-0.0967775296797715	0.14251679804303133	-0.08306626534055905	0.0821483310859829	-0.07734117859644093	0.07267979818350949	-0.05351620476260241	0.08917596619458969	-0.05990473366920654	0.07831271420416039	-0.05506152882916175	0.05193486273054494
0.17734067743107393	-0.1595466147948897	0.18538663631534166	-0.5250933869373865	1.0000000000000009	-0.13697604834441818	0.16411446219859166	-0.2053361852789493	0.2502993061336037	-0.7051200682402429	0.13801365458054138	-0.13645920449824606	0.17188511882212137	-0.18576782524596067	0.22049459266895058	-0.11025010826235267	0.11022783582871554	-0.15536680708381528	0.15164371778624056	-0.18990937325274992	0.1037707467861097	-0.09133184825388321	0.09118193257159496	-0.09868046456849414	0.1272988332353185	-0.06483997427326697	0.08349007137653078	-0.07763672534872534	0.09249897727918456	-0.17546626371264953	0.07549241493420797	-0.07752205654150504	0.07331469687313287	-0.07091706405412697	0.052730886667494634	-0.08612214634463308	0.05723713391837941	-0.07607395251650935	0.05337615004677599	-0.05138171385577876
-0.6630412305195499	0.2340848122461167	-0.21621953110461037	0.18939178250041216	-0.13697604834441818	1.0000000000000007	-0.5884951039125093	0.22621937052827842	-0.18411069473888947	0.15018537421778375	-0.2329716542689514	0.21337218985650988	-0.17250587227318406	0.14441311433982293	-0.11597641953096983	0.12085516562440939	-0.11090006674869213	0.13071939087324855	-0.11915929499870137	0.10413793234357074	-0.10530201394196224	0.0870180057553017	-0.07690748324904409	0.07979967012117542	-0.07819335359720504	0.06069108577317837	-0.07744809462960171	0.06572393535970132	-0.07587622916440866	0.10536232391674201	-0.06851182317840095	0.06874497197269606	-0.0627767822693358	0.05953685766445006	-0.04311443644909407	0.07553479481779625	-0.049967050061063445	0.06520063833347423	-0.0450538340106494	0.04251560960593156
0.3097235903771621	-0.31137538819644445	0.225691676399087	-0.2483275758919912	0.16411446219859166	-0.5884951039125093	1.0000000000000018	-0.43828416901070205	0.23470005701575705	-0.19292343037636756	0.24051894977943714	-0.36245892421497306	0.22397127047634216	-0.19178392828127588	0.14245658676700548	-0.1439788131020219	0.13065092450416116	-0.16677912746952106	0.14727833780060065	-0.13066840398501325	0.12086967884907701	-0.10344913190591778	0.0919000852634685	-0.0965389894611729	0.09568422917620295	-0.07115975091111448	0.0903244539279925	-0.07845462402733981	0.09003068589618698	-0.13075302524713897	0.07980833123429974	-0.08137283658567293	0.07429301090938109	-0.07096141746400263	0.051265871841636175	-0.08989513879570107	0.05922583508093808	-0.077662892313576	0.05351902270472632	-0.050704374977847876
-0.2659186401094861	0.19219251289029454	-0.23081932926053308	0.26482196565838123	-0.2053361852789493	0.22621937052827842	-0.43828416901070205	1.000000000000001	-0.5867269272212675	0.21171535640529257	-0.21359432160577174	0.22078775486642524	-0.441007081471153	0.26967044279441005	-0.17890072295581858	0.13697318167380096	-0.13827841997714135	0.19610375216118053	-0.19300198404730656	0.14809454081524207	-0.12459225926229239	0.10678045562883692	-0.10045802994680395	0.10388775203317518	-0.10691896270303347	0.07317457534500939	-0.09453149019792308	0.08244057910314384	-0.0967095854878721	0.13576839937291524	-0.08308665786601656	0.08274527953270591	-0.07745860511280898	0.07258949796072989	-0.052850083811031484	0.08936326529389971	-0.05992560441988842	0.07831336631260497	-0.05477299325823653	0.051530011652461905
0.20543643359166427	-0.1776594682539747	0.2010520717377865	-0.4885439614832965	0.2502993061336037	-0.18411069473888947	0.23470005701575705	-0.5867269272212675	1.0000000000000007	-0.3189310980204299	0.1714211872771642	-0.18274134269118342	0.2780180843457988	-0.38589854948508673	0.19693298244394347	-0.1272247998673901	0.1277834293744639	-0.20039570730016928	0.1966252232960069	-0.16725618169093392	0.11497371482686973	-0.1020729134837866	0.09860440664860134	-0.10507522010888842	0.11398964078074317	-0.06977707627079904	0.0897522157538826	-0.08144918391698584	0.09547612358397992	-0.14852411402317212	0.07943537327959017	-0.08068663962562705	0.07586218776903275	-0.07198109226761637	0.05252715396743574	-0.0879760782835142	0.05874214534274425	-0.07739951144831742	0.05409550936747702	-0.051296674897576555
-0.21697434115366776	0.1518704739628293	-0.19284204872897268	0.29255092623836654	-0.7051200682402429	0.15018537421778375	-0.19292343037636756	0.21171535640529257	-0.3189310980204299	1.000000000000001	-0.1655557664689159	0.15191358864072615	-0.20494553359386	0.2080294297847784	-0.38114806479263863	0.12257990964336521	-0.12725576167799463	0.1682436070081326	-0.18086880386043597	0.21247813346656988	-0.12038317271591345	0.10221812516620538	-0.10270929796081288	0.10810900790743962	-0.15010321426539977	0.07283929293009626	-0.09508004948866694	0.08524768481095582	-0.10405423585382671	0.17601778368721213	-0.08541795249053498	0.08441601983096539	-0.08100721871632705	0.07633945975990698	-0.057207554841889136	0.09129234824057501	-0.06180625402843384	0.08120768766067671	-0.05779877633750142	0.05487844321678546
0.19310104683835022	-0.14663895829412119	0.14069160524335125	-0.18329345306277892	0.13801365458054138	-0.2329716542689514	0.24051894977943714	-0.21359432160577174	0.1714211872771642	-0.1655557664689159	0.9999999999999986	-0.7446939852765915	0.22910112327256527	-0.19925527782451155	0.14383467878441356	-0.3667589255538128	0.21136973532045264	-0.20580473929270385	0.16590018465733555	-0.1371203436792215	0.19745480031514256	-0.16077285211917508	0.11855597939923013	-0.12168119903033332	0.1030331551321197	-0.1052127890139994	0.12899583709122317	-0.10219389115026471	0.11274564860668337	-0.1405853547921178	0.10988959599864309	-0.11064717529360636	0.09662005209840763	-0.09118671217710787	0.06458764084932103	-0.11943276040773357	0.07844827937736229	-0.10119535710418018	0.06880522864190665	-0.06449285206098954
-0.214782040663803	0.14935565205959886	-0.1527604275145357	0.1710366196979682	-0.13645920449824606	0.21337218985650988	-0.36245892421497306	0.22078775486642524	-0.18274134269118342	0.15191358864072615	-0.7446939852765915	1.0000000000000007	-0.3283185590770957	0.19839561864117142	-0.1423662187968443	0.22093240666067068	-0.20422109764738272	0.1866935879797072	-0.16720125185747992	0.12619672895479492	-0.18164599596013659	0.13965829911536753	-0.10816458547677904	0.1081000816320884	-0.09487896639112728	0.09250980316526035	-0.11801721444364258	0.0902834849819223	-0.1022834316937682	0.1231824753438337	-0.09959159207582353	0.09572617330346915	-0.08569703175677121	0.07906063998062667	-0.056658436597030765	0.1009330572136219	-0.06767436296577284	0.08666846125317021	-0.05990186711385859	0.05570992244752421
0.18637194900182402	-0.1425520946873941	0.154412331762298	-0.22068087820076956	0.17188511882212137	-0.17250587227318406	0.22397127047634216	-0.441007081471153	0.2780180843457988	-0.20494553359386	0.22910112327256527	-0.3283185590770957	0.9999999999999991	-0.5990947131714995	0.21389713715602787	-0.172750071509437	0.17454012663219823	-0.37183983002600274	0.27541626921304757	-0.19594398488569148	0.1449686801583837	-0.13528221115619357	0.12792199689781392	-0.1350041596029272	0.13000118377578396	-0.08747428079672037	0.11180357609648757	-0.10250395205261965	0.11682168635596078	-0.16871676943907585	0.0967710930452882	-0.09932695830117674	0.09296795702661984	-0.0876920163685418	0.0629467672917335	-0.10714235965295173	0.07153003017087678	-0.09424727241616264	0.06547596793343227	-0.06179373830072477
-0.17781415169667453	0.12802310505156606	-0.14926833022569402	0.2117742237265652	-0.18576782524596067	0.14441311433982293	-0.19178392828127588	0.26967044279441005	-0.38589854948508673	0.2080294297847784	-0.19925527782451155	0.19839561864117142	-0.5990947131714995	0.9999999999999998	-0.33235905285564993	0.14702780171784569	-0.16107496845612104	0.28197788502497656	-0.4556846357367625	0.22336270983935796	-0.13480562512175176	0.12165674792162136	-0.12395870008099978	0.1308241658811965	-0.14324931707657107	0.08052987723429211	-0.10482272983415136	0.09616576010386149	-0.11482417723177611	0.16880022503145076	-0.09088560408753568	0.09121948475385898	-0.08770959472752035	0.081665172599847	-0.05950116431924988	0.09705886300428904	-0.06577236862741226	0.08653680358115834	-0.06112057793048331	0.057519869055692945
0.1488063337746202	-0.10823017218674993	0.12518649606167426	-0.19154792979726942	0.22049459266895058	-0.11597641953096983	0.14245658676700548	-0.17890072295581858	0.19693298244394347	-0.38114806479263863	0.14383467878441356	-0.1423662187968443	0.21389713715602787	-0.33235905285564993	1.000000000000001	-0.12702251579476945	0.13309997512383356	-0.223239757992445	0.24233039617727686	-0.6701647607364726	0.1198976353283881	-0.11022580700680176	0.11985944013681331	-0.1369734261475236	0.2541483605661309	-0.07605860159496813	0.09849071915500976	-0.09837907596652506	0.12086131165841146	-0.3316599165447268	0.0881959186575226	-0.09140828865960841	0.08976650430549658	-0.08786985757622333	0.0674982463643407	-0.09957473350638511	0.06733160636049859	-0.09093022281510495	0.06534188113013276	-0.06439524835315685
-0.14046025994493003	0.09454712708690441	-0.10304986828681674	0.12609172031040689	-0.11025010826235267	0.12085516562440939	-0.1439788131020219	0.13697318167380096	-0.1272247998673901	0.12257990964336521	-0.3667589255538128	0.22093240666067068	-0.172750071509437	0.14702780171784569	-0.12702251579476945	1.0000000000000007	-0.5750600735398351	0.21133187975259207	-0.17833610671228167	0.11758942826585266	-0.5559362237804651	0.2929033985308901	-0.16085296357385365	0.1477712431662012	-0.09557474493232412	0.18336930622485187	-0.22646507650858685	0.13341830048531111	-0.14207899516018893	0.12078903571470971	-0.1759393003476202	0.15385820184111884	-0.12756622079700414	0.11226692776083835	-0.07838016492613174	0.1506234564041178	-0.10260879355422294	0.12545719654880072	-0.085597787883524	0.07750613133186415
0.12707409762771504	-0.08991049537936249	0.09725580097957852	-0.1276903283237565	0.11022783582871554	-0.11090006674869213	0.13065092450416116	-0.13827841997714135	0.1277834293744639	-0.12725576167799463	0.21136973532045264	-0.20422109764738272	0.17454012663219823	-0.16107496845612104	0.13309997512383356	-0.5750600735398351	0.999999999999999	-0.3524834049859825	0.2033434911754422	-0.13077699186877714	0.3099716943413122	-0.5392700058195993	0.18679119060305496	-0.1771444685358821	0.10367610513243915	-0.1827928502221742	0.2284224170940173	-0.15311428234637403	0.1534791458383936	-0.13279401082957565	0.16473399951384635	-0.1688871588127896	0.1376071967142084	-0.12476351544909693	0.08500824898143873	-0.16876517204460523	0.11183153366088947	-0.13969630753693182	0.09353682821129392	-0.08552438949919464
-0.16665225185546695	0.11292814620879547	-0.13058495537453862	0.16538514848701583	-0.15536680708381528	0.13071939087324855	-0.16677912746952106	0.19610375216118053	-0.20039570730016928	0.1682436070081326	-0.20580473929270385	0.1866935879797072	-0.37183983002600274	0.28197788502497656	-0.223239757992445	0.21133187975259207	-0.3524834049859825	0.999999999999998	-0.6710346825040444	0.2075500483191759	-0.1940417613197941	0.19442695796245155	-0.2193176487066175	0.18741825553698047	-0.14920115090507874	0.1145766940503177	-0.15358122498103788	0.1401031071818097	-0.15912693327090358	0.16620226579598674	-0.12544835098730722	0.12436141966807177	-0.12215429027020948	0.10838327804814654	-0.07672520324149504	0.1272676440647275	-0.08766807169218854	0.11428576738668764	-0.08067149432909282	0.07415856099735293
0.1451114174560095	-0.1048807027746756	0.1182986174143601	-0.1699506578665791	0.15164371778624056	-0.11915929499870137	0.14727833780060065	-0.19300198404730656	0.1966252232960069	-0.18086880386043597	0.16590018465733555	-0.16720125185747992	0.27541626921304757	-0.4556846357367625	0.24233039617727686	-0.17833610671228167	0.2033434911754422	-0.6710346825040444	1.0000000000000029	-0.32338385966791	0.15317743073784565	-0.1582895468175232	0.16966056043675895	-0.20266113003176459	0.166536262507984	-0.0962047289772713	0.12411668933849901	-0.1250298157537085	0.14517756974611337	-0.19507631745154388	0.10576606825821003	-0.11018083246267311	0.10734830838892574	-0.10001236069831353	0.07093382011327662	-0.11625871914892345	0.07877021002911123	-0.10479779852307775	0.07360030630929389	-0.06902164466715387
-0.14169061267914443	0.0956788316461809	-0.11418044542065514	0.152425065697503	-0.18990937325274992	0.10413793234357074	-0.13066840398501325	0.14809454081524207	-0.16725618169093392	0.21247813346656988	-0.1371203436792215	0.12619672895479492	-0.19594398488569148	0.22336270983935796	-0.6701647607364726	0.11758942826585266	-0.13077699186877714	0.2075500483191759	-0.32338385966791	0.9999999999999983	-0.11643515374148537	0.10477310544305277	-0.12165344761603115	0.13613787389951748	-0.4709495626657082	0.07244223704685285	-0.09534927249448587	0.09441154157235217	-0.1217357550754075	0.28909136428244137	-0.08478746060729288	0.08539903431808019	-0.0861826969430429	0.08204560080547242	-0.0637304973549544	0.0907585923147433	-0.06253252031137338	0.08377127478661467	-0.061308054809679595	0.05941533724109395
0.12065296395429063	-0.08534963092743272	0.09173081948585649	-0.12047488740111603	0.1037707467861097	-0.10530201394196224	0.12086967884907701	-0.12459225926229239	0.11497371482686973	-0.12038317271591345	0.19745480031514256	-0.18164599596013659	0.1449686801583837	-0.13480562512175176	0.1198976353283881	-0.5559362237804651	0.3099716943413122	-0.1940417613197941	0.15317743073784565	-0.11643515374148537	0.999999999999997	-0.5150079031524244	0.19259962186970195	-0.18767271056915089	0.09982088326057892	-0.35215796060607923	0.2858081292519396	-0.17620559426680038	0.17199133929086907	-0.13154564414414327	0.23177157905946588	-0.2282081834582313	0.16705130292355164	-0.15309403848672176	0.10295919850294251	-0.22524708845266472	0.145989284184755	-0.17763205661391657	0.11584254285496816	-0.1055641327157867
-0.10590271219208333	0.07217913359332606	-0.0800222923435852	0.10137463088438768	-0.09133184825388321	0.0870180057553017	-0.10344913190591778	0.10678045562883692	-0.1020729134837866	0.10221812516620538	-0.16077285211917508	0.13965829911536753	-0.13528221115619357	0.12165674792162136	-0.11022580700680176	0.2929033985308901	-0.5392700058195993	0.19442695796245155	-0.1582895468175232	0.10477310544305277	-0.5150079031524244	0.9999999999999938	-0.27416454219611547	0.19109888092256147	-0.09154691003347389	0.2419129134894905	-0.460480182843404	0.1784211970930974	-0.17321045073371358	0.1141108950636453	-0.2132351883160356	0.1928210030682282	-0.15920814028950317	0.13274192327804882	-0.09032543698171377	0.1760379775009863	-0.12300566111471119	0.14762541539765278	-0.10033478566699541	0.08937945881628637
0.09746348394601005	-0.06633742006853673	0.07494766726255393	-0.09709345376504892	0.09118193257159496	-0.07690748324904409	0.0919000852634685	-0.10045802994680395	0.09860440664860134	-0.10270929796081288	0.11855597939923013	-0.10816458547677904	0.12792199689781392	-0.12395870008099978	0.11985944013681331	-0.16085296357385365	0.18679119060305496	-0.2193176487066175	0.16966056043675895	-0.12165344761603115	0.19259962186970195	-0.27416454219611547	0.9999999999999958	-0.6624365412081972	0.1265353406152614	-0.14204119723181236	0.1922902484107459	-0.48720467590485633	0.3116680963297023	-0.15120244297476707	0.16102623369927105	-0.1926715594371904	0.23553359358086984	-0.19770809441363324	0.12214466830722048	-0.18722658597584574	0.13473073689483128	-0.1947727573622946	0.13442008777451261	-0.1209539357829591
-0.10409102327090888	0.06945060565652765	-0.0796973437147689	0.10088889161959784	-0.09868046456849414	0.07979967012117542	-0.0965389894611729	0.10388775203317518	-0.10507522010888842	0.10810900790743962	-0.12168119903033332	0.1081000816320884	-0.1350041596029272	0.1308241658811965	-0.1369734261475236	0.1477712431662012	-0.1771444685358821	0.18741825553698047	-0.20266113003176459	0.13613787389951748	-0.18767271056915089	0.19109888092256147	-0.6624365412081972	0.9999999999999962	-0.17338851428136048	0.12925853937899703	-0.180423527161207	0.29073044635598344	-0.542740158028309	0.1697385356383343	-0.1572873708650954	0.1686726275095059	-0.22098534256216054	0.18918140477709075	-0.1252602960567358	0.16472809320966558	-0.12221980015306799	0.17113410307460292	-0.13185613037026112	0.11488764462267562
0.10551586451826715	-0.07128264037163914	0.08372911713407241	-0.11191358930458976	0.1272988332353185	-0.07819335359720504	0.09568422917620295	-0.10691896270303347	0.11398964078074317	-0.15010321426539977	0.1030331551321197	-0.09487896639112728	0.13000118377578396	-0.14324931707657107	0.2541483605661309	-0.09557474493232412	0.10367610513243915	-0.14920115090507874	0.166536262507984	-0.4709495626657082	0.09982088326057892	-0.09154691003347389	0.1265353406152614	-0.17338851428136048	0.9999999999999952	-0.0655350063246773	0.08643522979711685	-0.09930805073688037	0.13615202720662262	-0.7854257712406433	0.07876516429659465	-0.08234267191771102	0.08772660978972413	-0.08914008993939973	0.07500681076000958	-0.0880244481752609	0.06147468103522135	-0.08564098942148299	0.06512236221032566	-0.06803389901019996
-0.0749057240075152	0.05085139108678734	-0.05644258307981758	0.07168307723211044	-0.06483997427326697	0.06069108577317837	-0.07115975091111448	0.07317457534500939	-0.06977707627079904	0.07283929293009626	-0.1052127890139994	0.09250980316526035	-0.08747428079672037	0.08052987723429211	-0.07605860159496813	0.18336930622485187	-0.1827928502221742	0.1145766940503177	-0.0962047289772713	0.07244223704685285	-0.35215796060607923	0.2419129134894905	-0.14204119723181236	0.12925853937899703	-0.0655350063246773	0.9999999999999937	-0.5985775916937198	0.1484552736656825	-0.14153426312318856	0.08422214185718199	-0.6126701221739483	0.2517363361859123	-0.1594184090810449	0.12617822969485493	-0.08635718346558881	0.19476519080211036	-0.14265026799017427	0.14988549576499155	-0.09932821386400756	0.08605711607009206
0.09467362894778991	-0.06510545997248363	0.07190676564034362	-0.09303393458459852	0.08349007137653078	-0.07744809462960171	0.0903244539279925	-0.09453149019792308	0.0897522157538826	-0.09508004948866694	0.12899583709122317	-0.11801721444364258	0.11180357609648757	-0.10482272983415136	0.09849071915500976	-0.22646507650858685	0.2284224170940173	-0.15358122498103788	0.12411668933849901	-0.09534927249448587	0.2858081292519396	-0.460480182843404	0.1922902484107459	-0.180423527161207	0.08643522979711685	-0.5985775916937198	0.9999999999999909	-0.22330295246551643	0.18546037705127383	-0.1123959491788688	0.30322713433567	-0.34712886051105635	0.20315899811002985	-0.17102292530648402	0.11346699670286751	-0.26898994618726	0.18245712149930887	-0.20369259998231953	0.13105668589444114	-0.11588820481945764
-0.08539299798606333	0.05675166613260033	-0.0646479304818598	0.08116511625828204	-0.07763672534872534	0.06572393535970132	-0.07845462402733981	0.08244057910314384	-0.08144918391698584	0.08524768481095582	-0.10219389115026471	0.0902834849819223	-0.10250395205261965	0.09616576010386149	-0.09837907596652506	0.13341830048531111	-0.15311428234637403	0.1401031071818097	-0.1250298157537085	0.09441154157235217	-0.17620559426680038	0.1784211970930974	-0.48720467590485633	0.29073044635598344	-0.09930805073688037	0.1484552736656825	-0.22330295246551643	0.9999999999999936	-0.5139316040853407	0.12079949616436675	-0.19102937015747976	0.22720780637338867	-0.5440648007299919	0.23532604039186722	-0.1483164566035519	0.19291396799121588	-0.15701203854414425	0.2186109457152377	-0.1647537590463845	0.13575544761062597
0.09783713162661412	-0.06607142441706912	0.0749246000917271	-0.0967775296797715	0.09249897727918456	-0.07587622916440866	0.09003068589618698	-0.0967095854878721	0.09547612358397992	-0.10405423585382671	0.11274564860668337	-0.1022834316937682	0.11682168635596078	-0.11482417723177611	0.12086131165841146	-0.14207899516018893	0.1534791458383936	-0.15912693327090358	0.14517756974611337	-0.1217357550754075	0.17199133929086907	-0.17321045073371358	0.3116680963297023	-0.542740158028309	0.13615202720662262	-0.14153426312318856	0.18546037705127383	-0.5139316040853407	0.9999999999999928	-0.17991950323719794	0.17782137051465996	-0.22729741136695147	0.2836286025581505	-0.3673737709344212	0.18174220393512397	-0.23975393239802545	0.17168065854130102	-0.27181597824267123	0.19824910565354087	-0.1811312743956703
-0.1500886093137131	0.0961618207134795	-0.11603123696117747	0.14251679804303133	-0.17546626371264953	0.10536232391674201	-0.13075302524713897	0.13576839937291524	-0.14852411402317212	0.17601778368721213	-0.1405853547921178	0.1231824753438337	-0.16871676943907585	0.16880022503145076	-0.3316599165447268	0.12078903571470971	-0.13279401082957565	0.16620226579598674	-0.19507631745154388	0.28909136428244137	-0.13154564414414327	0.1141108950636453	-0.15120244297476707	0.1697385356383343	-0.7854257712406433	0.08422214185718199	-0.1123959491788688	0.12079949616436675	-0.17991950323719794	0.9999999999999918	-0.10307383421098854	0.10338117197046287	-0.11163354262126693	0.11160619891037443	-0.10321491887476153	0.10871141394568355	-0.07725566478782753	0.10610112425142224	-0.0834303147355989	0.08622975196517829
0.08551799209530948	-0.05816091965685792	0.06470470621192922	-0.08306626534055905	0.07549241493420797	-0.06851182317840095	0.07980833123429974	-0.08308665786601656	0.07943537327959017	-0.08541795249053498	0.10988959599864309	-0.09959159207582353	0.0967710930452882	-0.09088560408753568	0.0881959186575226	-0.1759393003476202	0.16473399951384635	-0.12544835098730722	0.10576606825821003	-0.08478746060729288	0.23177157905946588	-0.2132351883160356	0.16102623369927105	-0.1572873708650954	0.07876516429659465	-0.6126701221739483	0.30322713433567	-0.19102937015747976	0.17782137051465996	-0.10307383421098854	0.9999999999999899	-0.5109932983138666	0.2214757271850673	-0.1847243656345278	0.12303690360774955	-0.33311504875485654	0.22699935744843794	-0.23250222969749273	0.14563674309449812	-0.12654894353012325
-0.08963803435361926	0.05882095204902164	-0.06683270336784503	0.0821483310859829	-0.07752205654150504	0.06874497197269606	-0.08137283658567293	0.08274527953270591	-0.08068663962562705	0.08441601983096539	-0.11064717529360636	0.09572617330346915	-0.09932695830117674	0.09121948475385898	-0.09140828865960841	0.15385820184111884	-0.1688871588127896	0.12436141966807177	-0.11018083246267311	0.08539903431808019	-0.2282081834582313	0.1928210030682282	-0.1926715594371904	0.1686726275095059	-0.08234267191771102	0.2517363361859123	-0.34712886051105635	0.22720780637338867	-0.22729741136695147	0.10338117197046287	-0.5109932983138666	0.9999999999999902	-0.4350677977560533	0.21000029230057507	-0.1518836488491445	0.3050487816007461	-0.45329885663358466	0.26307138323800905	-0.18418266870278044	0.14019838558806735
0.08155684704260442	-0.05419226353854845	0.06152010800314796	-0.07734117859644093	0.07331469687313287	-0.0627767822693358	0.07429301090938109	-0.07745860511280898	0.07586218776903275	-0.08100721871632705	0.09662005209840763	-0.08569703175677121	0.09296795702661984	-0.08770959472752035	0.08976650430549658	-0.12756622079700414	0.1376071967142084	-0.12215429027020948	0.10734830838892574	-0.0861826969430429	0.16705130292355164	-0.15920814028950317	0.23553359358086984	-0.22098534256216054	0.08772660978972413	-0.1594184090810449	0.20315899811002985	-0.5440648007299919	0.2836286025581505	-0.11163354262126693	0.2214757271850673	-0.4350677977560533	0.9999999999999902	-0.4027285774089502	0.19493229294977582	-0.2712093044948814	0.23060130169129203	-0.3883739771669445	0.23257827950992954	-0.19276778749886972
-0.07939897867583899	0.05165099751244692	-0.059358752497911234	0.07267979818350949	-0.07091706405412697	0.05953685766445006	-0.07096141746400263	0.07258949796072989	-0.07198109226761637	0.07633945975990698	-0.09118671217710787	0.07906063998062667	-0.0876920163685418	0.081665172599847	-0.08786985757622333	0.11226692776083835	-0.12476351544909693	0.10838327804814654	-0.10001236069831353	0.08204560080547242	-0.15309403848672176	0.13274192327804882	-0.19770809441363324	0.18918140477709075	-0.08914008993939973	0.12617822969485493	-0.17102292530648402	0.23532604039186722	-0.3673737709344212	0.11160619891037443	-0.1847243656345278	0.21000029230057507	-0.4027285774089502	0.9999999999999902	-0.5001323989636691	0.2014607025862857	-0.180674656228857	0.28828703468166095	-0.49965728781750807	0.29939793684349003
0.05737556244775482	-0.03758042171142906	0.04314766309123428	-0.05351620476260241	0.052730886667494634	-0.04311443644909407	0.051265871841636175	-0.052850083811031484	0.05252715396743574	-0.057207554841889136	0.06458764084932103	-0.056658436597030765	0.0629467672917335	-0.05950116431924988	0.0674982463643407	-0.07838016492613174	0.08500824898143873	-0.07672520324149504	0.07093382011327662	-0.0637304973549544	0.10295919850294251	-0.09032543698171377	0.12214466830722048	-0.1252602960567358	0.07500681076000958	-0.08635718346558881	0.11346699670286751	-0.1483164566035519	0.18174220393512397	-0.10321491887476153	0.12303690360774955	-0.1518836488491445	0.19493229294977582	-0.5001323989636691	0.9999999999999906	-0.17305962331535518	0.13843726940036288	-0.2610726841362474	0.3021793425135651	-0.7430407182140937
-0.10181886397717622	0.06506726631338014	-0.07494712988917962	0.08917596619458969	-0.08612214634463308	0.07553479481779625	-0.08989513879570107	0.08936326529389971	-0.0879760782835142	0.09129234824057501	-0.11943276040773357	0.1009330572136219	-0.10714235965295173	0.09705886300428904	-0.09957473350638511	0.1506234564041178	-0.16876517204460523	0.1272676440647275	-0.11625871914892345	0.0907585923147433	-0.22524708845266472	0.1760379775009863	-0.18722658597584574	0.16472809320966558	-0.0880244481752609	0.19476519080211036	-0.26898994618726	0.19291396799121588	-0.23975393239802545	0.10871141394568355	-0.33311504875485654	0.3050487816007461	-0.2712093044948814	0.2014607025862857	-0.17305962331535518	0.9999999999999903	-0.6959608255032903	0.28258033981642416	-0.21956764735557072	0.15076583983969138
0.0661800160071542	-0.04301669881848177	0.049178203671005984	-0.05990473366920654	0.05723713391837941	-0.049967050061063445	0.05922583508093808	-0.05992560441988842	0.05874214534274425	-0.06180625402843384	0.07844827937736229	-0.06767436296577284	0.07153003017087678	-0.06577236862741226	0.06733160636049859	-0.10260879355422294	0.11183153366088947	-0.08766807169218854	0.07877021002911123	-0.06253252031137338	0.145989284184755	-0.12300566111471119	0.13473073689483128	-0.12221980015306799	0.06147468103522135	-0.14265026799017427	0.18245712149930887	-0.15701203854414425	0.17168065854130102	-0.07725566478782753	0.22699935744843794	-0.45329885663358466	0.23060130169129203	-0.180674656228857	0.13843726940036288	-0.6959608255032903	0.9999999999999913	-0.43624472833892575	0.19521046618285537	-0.13685690015233165
-0.0875113499247129	0.056393259733640795	-0.0649086486951076	0.07831271420416039	-0.07607395251650935	0.06520063833347423	-0.077662892313576	0.07831336631260497	-0.07739951144831742	0.08120768766067671	-0.10119535710418018	0.08666846125317021	-0.09424727241616264	0.08653680358115834	-0.09093022281510495	0.12545719654880072	-0.13969630753693182	0.11428576738668764	-0.10479779852307775	0.08377127478661467	-0.17763205661391657	0.14762541539765278	-0.1947727573622946	0.17113410307460292	-0.08564098942148299	0.14988549576499155	-0.20369259998231953	0.2186109457152377	-0.27181597824267123	0.10610112425142224	-0.23250222969749273	0.26307138323800905	-0.3883739771669445	0.28828703468166095	-0.2610726841362474	0.28258033981642416	-0.43624472833892575	0.9999999999999918	-0.5554738858947073	0.23820221173044553
0.0598771785747256	-0.03906539014612523	0.044777185909637376	-0.05506152882916175	0.05337615004677599	-0.0450538340106494	0.05351902270472632	-0.05477299325823653	0.05409550936747702	-0.05779877633750142	0.06880522864190665	-0.05990186711385859	0.06547596793343227	-0.06112057793048331	0.06534188113013276	-0.085597787883524	0.09353682821129392	-0.08067149432909282	0.07360030630929389	-0.061308054809679595	0.11584254285496816	-0.10033478566699541	0.13442008777451261	-0.13185613037026112	0.06512236221032566	-0.09932821386400756	0.13105668589444114	-0.1647537590463845	0.19824910565354087	-0.0834303147355989	0.14563674309449812	-0.18418266870278044	0.23257827950992954	-0.49965728781750807	0.3021793425135651	-0.21956764735557072	0.19521046618285537	-0.5554738858947073	0.9999999999999921	-0.5137638577832003
-0.057201290451922515	0.03699429409892924	-0.04267523795936232	0.05193486273054494	-0.05138171385577876	0.04251560960593156	-0.050704374977847876	0.051530011652461905	-0.051296674897576555	0.05487844321678546	-0.06449285206098954	0.05570992244752421	-0.06179373830072477	0.057519869055692945	-0.06439524835315685	0.07750613133186415	-0.08552438949919464	0.07415856099735293	-0.06902164466715387	0.05941533724109395	-0.1055641327157867	0.08937945881628637	-0.1209539357829591	0.11488764462267562	-0.06803389901019996	0.08605711607009206	-0.11588820481945764	0.13575544761062597	-0.1811312743956703	0.08622975196517829	-0.12654894353012325	0.14019838558806735	-0.19276778749886972	0.29939793684349003	-0.7430407182140937	0.15076583983969138	-0.13685690015233165	0.23820221173044553	-0.5137638577832003	0.9999999999999921
