1.0	-0.8373986576570156	0.2473848972562787	-0.29844953152691744	0.09548169529054057	-0.13223402172269957	0.22158633660703347	-0.2230989199904765	0.15621261763260483	-0.0900234359370436	0.11956399685734394	-0.1713802589849128	0.1666284418635812	-0.172316763897386	0.10240336669483938	-0.1116410285142133	0.09906087560264656	-0.1010337290928364	0.09710719407029017	-0.12129526934300351	0.053789372195425775	-0.060578680063185	0.08449723390715941	-0.07876613982420196	0.06433972103232549	-0.03321307609512176	0.039563322377672794	-0.07780150570427591	0.08570740456144454	-0.05950004350332825	0.020428441976741166	-0.01919475062474689	0.08265626079961555	-0.06151327749367557	0.09284337067920836
-0.8373986576570156	0.9999999999999998	-0.3277523623536942	0.23174533429695218	-0.08455998923710564	0.11372832755988949	-0.29351348976332975	0.21414947031025844	-0.1415295995864403	0.07688101987057012	-0.11937117099762569	0.16283480097400968	-0.17049532968973766	0.14229077016156916	-0.0864903459403726	0.09613026251505154	-0.09170714709360647	0.08822594491366405	-0.08530468619181832	0.09705734598550582	-0.04716491025743591	0.05238802747527053	-0.07444838734849235	0.06737325245506603	-0.053327634982806585	0.028655854940628542	-0.03437878541125979	0.06582663620459585	-0.07358885204172594	0.048686331421635295	-0.01758741161922766	0.016451215009365222	-0.06970886148168395	0.05154635375914379	-0.07759146112220713
0.2473848972562787	-0.3277523623536942	0.9999999999999999	-0.6749732154506792	0.14643118724443968	-0.08985311760933715	0.2514744426450892	-0.48170650995793207	0.24776644002880882	-0.13874734386818754	0.09298592578399414	-0.19194286133932437	0.2158159354259496	-0.23658563204281227	0.13203145668268745	-0.11583528504775568	0.10657722186072223	-0.11963834520428082	0.11647014524308995	-0.15031030436635853	0.059073530749334656	-0.0664038736418301	0.09821540803837674	-0.09189462610214254	0.07383266419992195	-0.036379982456164604	0.043582274276967904	-0.08792701857537413	0.09718373976272456	-0.06830491578646734	0.02238774559439695	-0.021009158459793995	0.09059119415572643	-0.0680545765041316	0.10099589272099996
-0.29844953152691744	0.23174533429695218	-0.6749732154506792	1.0	-0.23767745809294694	0.0942617256494914	-0.2596542677954694	0.2900257655910168	-0.3914658165759246	0.18294661848702348	-0.10425595460148736	0.1839801201017769	-0.24782490609032207	0.24864818932590338	-0.15763573493196598	0.115565996009088	-0.11344526512745363	0.1301476817934946	-0.13615481565984264	0.1570588533468984	-0.0659075268434472	0.07241526886137123	-0.11297675083242699	0.10340245040368391	-0.0853964781871044	0.040467306608130346	-0.04921892447317157	0.09963986559854472	-0.11463711971216227	0.07639245327131718	-0.025392318047734466	0.023695580893280402	-0.10783119847477649	0.07952018580036589	-0.12117442270011584
0.09548169529054057	-0.08455998923710564	0.14643118724443968	-0.23767745809294694	1.0000000000000007	-0.03976029703581639	0.10883082968400029	-0.14575124496696382	0.24175535806343987	-0.8902304140588827	0.042519797261979755	-0.09424128449885488	0.117673831400197	-0.2251270680717847	0.13692206238181312	-0.06220417238110624	0.05765347511015563	-0.07697850400233458	0.08096713211974708	-0.1523318512777594	0.03500875242000239	-0.03948279021278903	0.06289888921461458	-0.06307088406344885	0.05706287522371787	-0.021833359361991954	0.026273701964476922	-0.057592845111844065	0.06357628050347659	-0.05383296987104706	0.013550265109165275	-0.012747039081389685	0.05810446562399448	-0.045008535919733125	0.06606997907259478
-0.13223402172269957	0.11372832755988949	-0.08985311760933715	0.0942617256494914	-0.03976029703581639	1.000000000000001	-0.19926113113965613	0.12109368184423096	-0.07015515032013295	0.036767087657467994	-0.9504481666172492	0.12604839471846677	-0.10670220028238474	0.0753516911919562	-0.04375495611686748	0.087014099534743	-0.08123720781528546	0.05242393527544906	-0.04774359308514823	0.049707524884440635	-0.03249450848904878	0.03500043737955677	-0.042934434242486774	0.03741377338237416	-0.026375520648204833	0.018528115595247623	-0.021982410473748843	0.035712744511717215	-0.03896806717334705	0.02435865790181837	-0.010822241387014212	0.010065984320351141	-0.03488214065488644	0.02607241443810922	-0.03740095045559687
0.22158633660703347	-0.29351348976332975	0.2514744426450892	-0.2596542677954694	0.10883082968400029	-0.19926113113965613	1.000000000000001	-0.572532575121553	0.20652389830171225	-0.1037816496575137	0.16714094244521255	-0.5370744716397263	0.30053035374146814	-0.2235613108223303	0.11857849267595671	-0.1723118245946342	0.15910334766008857	-0.13519241158255285	0.11992081646028785	-0.13591079580632934	0.06892591628815119	-0.07825658593727419	0.1049006404748453	-0.09368181969191137	0.06653835561872552	-0.04074257217029616	0.04811189945373113	-0.08757561045008132	0.09471868586741433	-0.061922592246273375	0.023968967697894798	-0.022450209376014073	0.08399007806052798	-0.06347558852289666	0.09042033544657621
-0.2230989199904765	0.21414947031025844	-0.48170650995793207	0.2900257655910168	-0.14575124496696382	0.12109368184423096	-0.572532575121553	1.0000000000000007	-0.3523292499978466	0.13219195624396982	-0.13123575699195322	0.27038064026246356	-0.37712127852881827	0.2417229626657907	-0.13331852390950644	0.13149674342693535	-0.1311703137484242	0.13491236558051958	-0.12861366755814496	0.13984202496470677	-0.06439247827201436	0.07158655428166374	-0.10919502252046737	0.09613785428734517	-0.06965370150423031	0.03843065449417712	-0.04622847123911988	0.08890592398021013	-0.09906144271840062	0.06380559993625501	-0.02320489225944529	0.02166702502289288	-0.08732596110639684	0.06554011617355344	-0.09446228458711836
0.15621261763260483	-0.1415295995864403	0.24776644002880882	-0.3914658165759246	0.24175535806343987	-0.07015515032013295	0.20652389830171225	-0.3523292499978466	1.000000000000002	-0.33125948912848024	0.07460649274484799	-0.17646753427257109	0.2231753999669247	-0.648505551540075	0.20970054635766935	-0.10485788927217923	0.09809764273669784	-0.13069061241118246	0.138174988430004	-0.2252498683226807	0.05687017497595664	-0.06418276494838164	0.1035119837555509	-0.10435750605043634	0.08501450022306067	-0.03504546342513828	0.04215027901907534	-0.09134085137718007	0.10064983037799095	-0.07958664028955238	0.021499566912055075	-0.02020049730635233	0.08919797956742748	-0.06901289099442565	0.09961089990670588
-0.0900234359370436	0.07688101987057012	-0.13874734386818754	0.18294661848702348	-0.8902304140588827	0.036767087657467994	-0.1037816496575137	0.13219195624396982	-0.33125948912848024	1.0000000000000024	-0.03976891177122984	0.08492365287332264	-0.11116328347115641	0.1957607051518114	-0.14027694669506205	0.05484129646166934	-0.05193789883245787	0.06812816280451639	-0.07333674690737609	0.12955309306718096	-0.03128901560239944	0.03504061843394208	-0.05646795052693204	0.05572265526595803	-0.05045257825201311	0.01941037399926129	-0.023445508748352457	0.05088562893419832	-0.0570017287016348	0.04656430154980336	-0.012070107124558804	0.011330765152262536	-0.05193029005740395	0.03991681156539339	-0.05903126754521401
0.11956399685734394	-0.11937117099762569	0.09298592578399414	-0.10425595460148736	0.042519797261979755	-0.9504481666172492	0.16714094244521255	-0.13123575699195322	0.07460649274484799	-0.03976891177122984	1.0000000000000016	-0.14066067612269656	0.10878299919910688	-0.0828785088409477	0.04749167870738388	-0.10113438246430868	0.08532062918728649	-0.05643812793752104	0.05095779483206757	-0.05482394220184548	0.03485826972597214	-0.03788565090154097	0.04578381915407231	-0.040327695787229514	0.028645742791253787	-0.019976375966337563	0.023546116031887606	-0.038568427604404286	0.04180469431738215	-0.026558755369862044	0.011619552628838577	-0.010832367716116313	0.03757074431980609	-0.028166656026966257	0.04038855513704413
-0.1713802589849128	0.16283480097400968	-0.19194286133932437	0.1839801201017769	-0.09424128449885488	0.12604839471846677	-0.5370744716397263	0.27038064026246356	-0.17646753427257109	0.08492365287332264	-0.14066067612269656	1.0000000000000016	-0.6622420965078761	0.19206241845512392	-0.10760929507523531	0.20471602267290137	-0.2713297187855226	0.1587460542473398	-0.13488880827287325	0.11490398008269927	-0.0802341081305017	0.08976929605481072	-0.12269207194375827	0.09931090812072453	-0.06115568212699277	0.04531939875034221	-0.05387981166740922	0.09029985440211862	-0.0987013700974677	0.056245429244675876	-0.026075196129335884	0.02424509834088924	-0.0827255280295391	0.06194052068064553	-0.08540735388831282
0.1666284418635812	-0.17049532968973766	0.2158159354259496	-0.24782490609032207	0.117673831400197	-0.10670220028238474	0.30053035374146814	-0.37712127852881827	0.2231753999669247	-0.11116328347115641	0.10878299919910688	-0.6622420965078761	1.000000000000001	-0.3277447985054254	0.14818898551092244	-0.21031153114633377	0.19209232365989692	-0.25623670808076393	0.1746322092379153	-0.1663855841799486	0.08829780170353392	-0.1019655478494082	0.15592375102682926	-0.13253359363007408	0.08031702850347759	-0.05195425820267538	0.06145716181915164	-0.11802765880883584	0.12463297696249068	-0.075021266089458	0.030179337688180465	-0.028294452598616956	0.10383791552960898	-0.07912876443147403	0.10748323745851945
-0.172316763897386	0.14229077016156916	-0.23658563204281227	0.24864818932590338	-0.2251270680717847	0.0753516911919562	-0.2235613108223303	0.2417229626657907	-0.648505551540075	0.1957607051518114	-0.0828785088409477	0.19206241845512392	-0.3277447985054254	1.0000000000000013	-0.3906812095542216	0.11368593330580974	-0.11181491447283104	0.15807966808975743	-0.1968896878679101	0.2535175076336797	-0.06635118825942674	0.0739935194688939	-0.1283259512716333	0.12802191078364178	-0.10265044709816777	0.04059348916381294	-0.04928172983450144	0.10831169876843913	-0.12376139250918015	0.09146223133485486	-0.025017542658282016	0.023435247170455226	-0.1062818694195305	0.08164558274753465	-0.11847545214450961
0.10240336669483938	-0.0864903459403726	0.13203145668268745	-0.15763573493196598	0.13692206238181312	-0.04375495611686748	0.11857849267595671	-0.13331852390950644	0.20970054635766935	-0.14027694669506205	0.04749167870738388	-0.10760929507523531	0.14818898551092244	-0.3906812095542216	1.0000000000000007	-0.07651302878115297	0.07233754200357712	-0.12420343391897881	0.14727310559336623	-0.8233034339446884	0.04950951106681568	-0.05618691755073499	0.09988303816224357	-0.11087167030400569	0.147249645306842	-0.03135773825919489	0.03794951805324343	-0.09377792961082734	0.10382830483648287	-0.14123990902696099	0.019618105444389564	-0.018532050983304564	0.0923826128660916	-0.07720738538288767	0.11239004753126255
-0.1116410285142133	0.09613026251505154	-0.11583528504775568	0.115565996009088	-0.06220417238110624	0.087014099534743	-0.1723118245946342	0.13149674342693535	-0.10485788927217923	0.05484129646166934	-0.10113438246430868	0.20471602267290137	-0.21031153114633377	0.11368593330580974	-0.07651302878115297	1.0000000000000013	-0.8705601932431235	0.15915841381325493	-0.13678480938581558	0.08336287333446939	-0.21405649876873958	0.18565749957369734	-0.14152034520579182	0.10567933187247593	-0.05577191461898916	0.09598913920213593	-0.11235243727184896	0.10111120764427474	-0.10830910802404525	0.050963119088648805	-0.05029345378730162	0.04549367640274349	-0.08886021558968804	0.06510491970764674	-0.08631692524787307
0.09906087560264656	-0.09170714709360647	0.10657722186072223	-0.11344526512745363	0.05765347511015563	-0.08123720781528546	0.15910334766008857	-0.1311703137484242	0.09809764273669784	-0.05193789883245787	0.08532062918728649	-0.2713297187855226	0.19209232365989692	-0.11181491447283104	0.07233754200357712	-0.8705601932431235	0.9999999999999981	-0.18105771125420927	0.12776428117316546	-0.0811863343512923	0.16719190012425844	-0.20819883998535063	0.13420757570126818	-0.1031232519822369	0.05198469558192218	-0.08609634181737576	0.09613583709029548	-0.09721495370238918	0.0996219417573431	-0.04805262213979634	0.0435022601329422	-0.04038682226912034	0.08132958856168203	-0.06058601797854134	0.07881733739072186
-0.1010337290928364	0.08822594491366405	-0.11963834520428082	0.1301476817934946	-0.07697850400233458	0.05242393527544906	-0.13519241158255285	0.13491236558051958	-0.13069061241118246	0.06812816280451639	-0.05643812793752104	0.1587460542473398	-0.25623670808076393	0.15807966808975743	-0.12420343391897881	0.15915841381325493	-0.18105771125420927	0.9999999999999984	-0.5863338330713279	0.13736325779625616	-0.13977569707811627	0.1552848972833896	-0.5904675018985714	0.3041799807603965	-0.09757686052769228	0.07825040347100817	-0.09808363195268	0.23072731125299167	-0.25504616590643936	0.08968607979653655	-0.04544854188638073	0.042155195440898074	-0.16811438027687575	0.12425868781575801	-0.14373946259982107
0.09710719407029017	-0.08530468619181832	0.11647014524308995	-0.13615481565984264	0.08096713211974708	-0.04774359308514823	0.11992081646028785	-0.12861366755814496	0.138174988430004	-0.07333674690737609	0.05095779483206757	-0.13488880827287325	0.1746322092379153	-0.1968896878679101	0.14727310559336623	-0.13678480938581558	0.12776428117316546	-0.5863338330713279	1.0000000000000004	-0.19193642341313188	0.10654039431270058	-0.12771859676004865	0.3108454445476713	-0.5977825514470549	0.11136048333721374	-0.06650032762343315	0.08039091193307897	-0.24745894458186699	0.25438730054793696	-0.10525226924158274	0.038845613225678685	-0.03691142265203927	0.16133569593925667	-0.13383353954487479	0.14658859039870784
-0.12129526934300351	0.09705734598550582	-0.15031030436635853	0.1570588533468984	-0.1523318512777594	0.049707524884440635	-0.13591079580632934	0.13984202496470677	-0.2252498683226807	0.12955309306718096	-0.05482394220184548	0.11490398008269927	-0.1663855841799486	0.2535175076336797	-0.8233034339446884	0.08336287333446939	-0.0811863343512923	0.13736325779625616	-0.19193642341313188	0.9999999999999989	-0.056923009354858195	0.06362623304561632	-0.11739635476278248	0.12664357112202967	-0.21926468981954292	0.03584981077844324	-0.04376331392958432	0.1076605023340418	-0.12533347093793695	0.15810292967225187	-0.022656773564193017	0.021330821835224528	-0.11134536591740705	0.0910191119625324	-0.13902833215252441
0.053789372195425775	-0.04716491025743591	0.059073530749334656	-0.0659075268434472	0.03500875242000239	-0.03249450848904878	0.06892591628815119	-0.06439247827201436	0.05687017497595664	-0.03128901560239944	0.03485826972597214	-0.0802341081305017	0.08829780170353392	-0.06635118825942674	0.04950951106681568	-0.21405649876873958	0.16719190012425844	-0.13977569707811627	0.10654039431270058	-0.056923009354858195	0.9999999999999984	-0.7870738381332852	0.16004750221396669	-0.11505527040097285	0.04594515996696687	-0.4246447637461991	0.27559254594988264	-0.122251521557507	0.10625113805684465	-0.04313727013368523	0.11735173129734959	-0.11309696275452508	0.08608063010440548	-0.06416688828464834	0.07514602413849311
-0.060578680063185	0.05238802747527053	-0.0664038736418301	0.07241526886137123	-0.03948279021278903	0.03500043737955677	-0.07825658593727419	0.07158655428166374	-0.06418276494838164	0.03504061843394208	-0.03788565090154097	0.08976929605481072	-0.1019655478494082	0.0739935194688939	-0.05618691755073499	0.18565749957369734	-0.20819883998535063	0.1552848972833896	-0.12771859676004865	0.06362623304561632	-0.7870738381332852	1.0	-0.23558503800455186	0.13073845904555817	-0.05274165964993187	0.2683938074142364	-0.3703726461398406	0.13742597372414747	-0.12805968588097033	0.04899911081304219	-0.1312162240872163	0.11519520254928103	-0.10128531030560209	0.07334542530908304	-0.08709205185493296
0.08449723390715941	-0.07444838734849235	0.09821540803837674	-0.11297675083242699	0.06289888921461458	-0.042934434242486774	0.1049006404748453	-0.10919502252046737	0.1035119837555509	-0.05646795052693204	0.04578381915407231	-0.12269207194375827	0.15592375102682926	-0.1283259512716333	0.09988303816224357	-0.14152034520579182	0.13420757570126818	-0.5904675018985714	0.3108454445476713	-0.11739635476278248	0.16004750221396669	-0.23558503800455186	0.9999999999999989	-0.4911635379140075	0.09840082811068512	-0.09366091747390767	0.11391023615748175	-0.4141863464994926	0.28073646312688066	-0.09414308881954654	0.05127147857385867	-0.0485665029656008	0.1893199293415596	-0.14643668111669916	0.14917321851409276
-0.07876613982420196	0.06737325245506603	-0.09189462610214254	0.10340245040368391	-0.06307088406344885	0.03741377338237416	-0.09368181969191137	0.09613785428734517	-0.10435750605043634	0.05572265526595803	-0.040327695787229514	0.09931090812072453	-0.13253359363007408	0.12802191078364178	-0.11087167030400569	0.10567933187247593	-0.1031232519822369	0.3041799807603965	-0.5977825514470549	0.12664357112202967	-0.11505527040097285	0.13073845904555817	-0.4911635379140075	1.0000000000000016	-0.12382624380856605	0.0687488978512608	-0.0860412698858001	0.27125914052823835	-0.48433503747554785	0.10920624232737951	-0.04045911830298554	0.03808199557133708	-0.1814266048958103	0.14860402359611158	-0.1567977694105145
0.06433972103232549	-0.053327634982806585	0.07383266419992195	-0.0853964781871044	0.05706287522371787	-0.026375520648204833	0.06653835561872552	-0.06965370150423031	0.08501450022306067	-0.05045257825201311	0.028645742791253787	-0.06115568212699277	0.08031702850347759	-0.10265044709816777	0.147249645306842	-0.05577191461898916	0.05198469558192218	-0.09757686052769228	0.11136048333721374	-0.21926468981954292	0.04594515996696687	-0.05274165964993187	0.09840082811068512	-0.12382624380856605	1.0000000000000016	-0.031184582424745685	0.037791532455751446	-0.11768778157567382	0.13225957073847333	-0.8836212793461999	0.020587634410454806	-0.019783052198310766	0.1290896934041871	-0.1447745245508002	0.21609133892377216
-0.03321307609512176	0.028655854940628542	-0.036379982456164604	0.040467306608130346	-0.021833359361991954	0.018528115595247623	-0.04074257217029616	0.03843065449417712	-0.03504546342513828	0.01941037399926129	-0.019976375966337563	0.04531939875034221	-0.05195425820267538	0.04059348916381294	-0.03135773825919489	0.09598913920213593	-0.08609634181737576	0.07825040347100817	-0.06650032762343315	0.03584981077844324	-0.4246447637461991	0.2683938074142364	-0.09366091747390767	0.0687488978512608	-0.031184582424745685	1.0000000000000016	-0.7972374878332057	0.0917568873853993	-0.07864008883777314	0.029248875223044847	-0.2609163670309427	0.20458387585759885	-0.06728400747000582	0.04717262137032134	-0.05419557455721329
0.039563322377672794	-0.03437878541125979	0.043582274276967904	-0.04921892447317157	0.026273701964476922	-0.021982410473748843	0.04811189945373113	-0.04622847123911988	0.04215027901907534	-0.023445508748352457	0.023546116031887606	-0.05387981166740922	0.06145716181915164	-0.04928172983450144	0.03794951805324343	-0.11235243727184896	0.09613583709029548	-0.09808363195268	0.08039091193307897	-0.04376331392958432	0.27559254594988264	-0.3703726461398406	0.11391023615748175	-0.0860412698858001	0.037791532455751446	-0.7972374878332057	0.9999999999999999	-0.12264799966385007	0.09470969977609744	-0.03567721345482033	0.21853711008342924	-0.28312542625285086	0.08104653098178752	-0.057926074099780456	0.06516819947101848
-0.07780150570427591	0.06582663620459585	-0.08792701857537413	0.09963986559854472	-0.057592845111844065	0.035712744511717215	-0.08757561045008132	0.08890592398021013	-0.09134085137718007	0.05088562893419832	-0.038568427604404286	0.09029985440211862	-0.11802765880883584	0.10831169876843913	-0.09377792961082734	0.10111120764427474	-0.09721495370238918	0.23072731125299167	-0.24745894458186699	0.1076605023340418	-0.122251521557507	0.13742597372414747	-0.4141863464994926	0.27125914052823835	-0.11768778157567382	0.0917568873853993	-0.12264799966385007	0.9999999999999984	-0.620968494372704	0.11376164544865394	-0.05475920121804778	0.05348087087399206	-0.4699532109270447	0.2441673926678452	-0.23038288259008932
0.08570740456144454	-0.07358885204172594	0.09718373976272456	-0.11463711971216227	0.06357628050347659	-0.03896806717334705	0.09471868586741433	-0.09906144271840062	0.10064983037799095	-0.0570017287016348	0.04180469431738215	-0.0987013700974677	0.12463297696249068	-0.12376139250918015	0.10382830483648287	-0.10830910802404525	0.0996219417573431	-0.25504616590643936	0.25438730054793696	-0.12533347093793695	0.10625113805684465	-0.12805968588097033	0.28073646312688066	-0.48433503747554785	0.13225957073847333	-0.07864008883777314	0.09470969977609744	-0.620968494372704	0.9999999999999991	-0.13993532246932408	0.04652552509754421	-0.04573663644568246	0.27621259784321406	-0.3001188045566696	0.22231998618738075
-0.05950004350332825	0.048686331421635295	-0.06830491578646734	0.07639245327131718	-0.05383296987104706	0.02435865790181837	-0.061922592246273375	0.06380559993625501	-0.07958664028955238	0.04656430154980336	-0.026558755369862044	0.056245429244675876	-0.075021266089458	0.09146223133485486	-0.14123990902696099	0.050963119088648805	-0.04805262213979634	0.08968607979653655	-0.10525226924158274	0.15810292967225187	-0.04313727013368523	0.04899911081304219	-0.09414308881954654	0.10920624232737951	-0.8836212793461999	0.029248875223044847	-0.03567721345482033	0.11376164544865394	-0.13993532246932408	0.9999999999999989	-0.019561466912821984	0.018776582466371483	-0.13808206810405216	0.14727813249122224	-0.306644720857544
0.020428441976741166	-0.01758741161922766	0.02238774559439695	-0.025392318047734466	0.013550265109165275	-0.010822241387014212	0.023968967697894798	-0.02320489225944529	0.021499566912055075	-0.012070107124558804	0.011619552628838577	-0.026075196129335884	0.030179337688180465	-0.025017542658282016	0.019618105444389564	-0.05029345378730162	0.0435022601329422	-0.04544854188638073	0.038845613225678685	-0.022656773564193017	0.11735173129734959	-0.1312162240872163	0.05127147857385867	-0.04045911830298554	0.020587634410454806	-0.2609163670309427	0.21853711008342924	-0.05475920121804778	0.04652552509754421	-0.019561466912821984	0.9999999999999988	-0.9291163372116055	0.05142316854493002	-0.03562529216938478	0.03782286162198031
-0.01919475062474689	0.016451215009365222	-0.021009158459793995	0.023695580893280402	-0.012747039081389685	0.010065984320351141	-0.022450209376014073	0.02166702502289288	-0.02020049730635233	0.011330765152262536	-0.010832367716116313	0.02424509834088924	-0.028294452598616956	0.023435247170455226	-0.018532050983304564	0.04549367640274349	-0.04038682226912034	0.042155195440898074	-0.03691142265203927	0.021330821835224528	-0.11309696275452508	0.11519520254928103	-0.0485665029656008	0.03808199557133708	-0.019783052198310766	0.20458387585759885	-0.28312542625285086	0.05348087087399206	-0.04573663644568246	0.018776582466371483	-0.9291163372116055	0.9999999999999984	-0.05296599972205809	0.03501671914756481	-0.03700634917791288
0.08265626079961555	-0.06970886148168395	0.09059119415572643	-0.10783119847477649	0.05810446562399448	-0.03488214065488644	0.08399007806052798	-0.08732596110639684	0.08919797956742748	-0.05193029005740395	0.03757074431980609	-0.0827255280295391	0.10383791552960898	-0.1062818694195305	0.0923826128660916	-0.08886021558968804	0.08132958856168203	-0.16811438027687575	0.16133569593925667	-0.11134536591740705	0.08608063010440548	-0.10128531030560209	0.1893199293415596	-0.1814266048958103	0.1290896934041871	-0.06728400747000582	0.08104653098178752	-0.4699532109270447	0.27621259784321406	-0.13808206810405216	0.05142316854493002	-0.05296599972205809	0.9999999999999991	-0.6288620914122411	0.29969818946564875
-0.06151327749367557	0.05154635375914379	-0.0680545765041316	0.07952018580036589	-0.045008535919733125	0.02607241443810922	-0.06347558852289666	0.06554011617355344	-0.06901289099442565	0.03991681156539339	-0.028166656026966257	0.06194052068064553	-0.07912876443147403	0.08164558274753465	-0.07720738538288767	0.06510491970764674	-0.06058601797854134	0.12425868781575801	-0.13383353954487479	0.0910191119625324	-0.06416688828464834	0.07334542530908304	-0.14643668111669916	0.14860402359611158	-0.1447745245508002	0.04717262137032134	-0.057926074099780456	0.2441673926678452	-0.3001188045566696	0.14727813249122224	-0.03562529216938478	0.03501671914756481	-0.6288620914122411	0.9999999999999996	-0.6119397284011272
0.09284337067920836	-0.07759146112220713	0.10099589272099996	-0.12117442270011584	0.06606997907259478	-0.03740095045559687	0.09042033544657621	-0.09446228458711836	0.09961089990670588	-0.05903126754521401	0.04038855513704413	-0.08540735388831282	0.10748323745851945	-0.11847545214450961	0.11239004753126255	-0.08631692524787307	0.07881733739072186	-0.14373946259982107	0.14658859039870784	-0.13902833215252441	0.07514602413849311	-0.08709205185493296	0.14917321851409276	-0.1567977694105145	0.21609133892377216	-0.05419557455721329	0.06516819947101848	-0.23038288259008932	0.22231998618738075	-0.306644720857544	0.03782286162198031	-0.03700634917791288	0.29969818946564875	-0.6119397284011272	0.9999999999999996
