1.0000000000000002	-0.6726162677490581	0.24387235133964993	-0.23877634487020777	0.09379476600670497	-0.3815840905380916	0.2917125309242017	-0.28837808646934526	0.2282000096074475	-0.09625623120205837	0.24710256439930522	-0.157504068828249	0.14177732297262116	-0.1385583950343569	0.12204604550480518	-0.14890277693971135	0.1266973906492815	-0.1490128203749705	0.13382523763570833	-0.12160478336621551	0.12334263104947277	-0.13438500916206852	0.1345761210039955	-0.20138125341767218	0.11724055251302164	-0.14294623802468753	0.16706747912562397	-0.16236577476213748	0.13953212006643637	-0.10971277951248898	0.09871358656204815	-0.12083182670582997	0.11616464033937322	-0.14728910048628158	0.11768789500614908	-0.11883108652598476	0.08515508278998492	-0.13304555125515807	0.10518510166413518	-0.16971093837240242
-0.6726162677490581	1.0	-0.36987454400899245	0.22151444069994217	-0.08405938297687805	0.23198664775526515	-0.4957103174765983	0.27906319107229977	-0.23379221912540038	0.08172193349061536	-0.20117249279366664	0.11819963140110998	-0.11401237019925706	0.1105811413031497	-0.09851273062708206	0.1014548489342894	-0.09107458489336345	0.10570715505452136	-0.10524049381424418	0.09054171619088483	-0.08506605149691827	0.09177520515897644	-0.09425517950081144	0.12995313021706156	-0.07911630440722182	0.09260837598789352	-0.1139236654667067	0.10384158419098055	-0.09164490104503512	0.07204756386865124	-0.06434131668327855	0.0770012947901555	-0.07455539705252773	0.09367245395826504	-0.0768720021323341	0.07561593532960226	-0.05460767067758519	0.08382854109305382	-0.06662905375043539	0.10596216016304968
0.24387235133964993	-0.36987454400899245	1.0	-0.6973442261390462	0.1277035769581466	-0.17882241299895585	0.25121616166750904	-0.4175290669133613	0.292825869506092	-0.1301252608492852	0.16126151496735136	-0.12361123391690064	0.12015221776147246	-0.13688095224032606	0.11520250317115084	-0.10583368839625605	0.09500440070268697	-0.11487187864497032	0.11993017163475042	-0.10637641341295537	0.08904705098041554	-0.09782556905828811	0.10047256826519098	-0.14388619343330586	0.08743721837106044	-0.0989733186307393	0.12027139143400638	-0.1133197134632734	0.0998892643948069	-0.07971165676956164	0.0687142362343685	-0.08298872358115976	0.0810260389171206	-0.10271845520872686	0.0840347928660272	-0.0813770629989822	0.05878439889763505	-0.0914966286365012	0.07275574573471272	-0.11603446869564447
-0.23877634487020777	0.22151444069994217	-0.6973442261390462	0.9999999999999998	-0.19742493569333422	0.15124399579676862	-0.214959287673063	0.2610021657259872	-0.5193879434846181	0.16162366324503913	-0.15419326133702316	0.108792831187698	-0.109028356367339	0.1577265506488271	-0.1371244945762495	0.09581766718070119	-0.08783699457842604	0.10586138231837251	-0.13702568728557876	0.11410893051901162	-0.08201469037310295	0.08936908020636739	-0.09375283647919788	0.1319107962609504	-0.08423724309083593	0.08892457089315538	-0.11264034331947213	0.1020584077476965	-0.09251688053615871	0.07472141703836496	-0.062117991209323306	0.07429960350647864	-0.07328960963716785	0.09309065579494266	-0.07797825321624424	0.07269516000115456	-0.052851603381110564	0.08182531819139396	-0.06547681409207967	0.10339116593070621
0.09379476600670497	-0.08405938297687805	0.1277035769581466	-0.19742493569333422	0.9999999999999993	-0.07244450797403143	0.08317061907947293	-0.10519390966313585	0.16889503414551807	-0.9383251568380762	0.07639492770784843	-0.06106628170378945	0.05924778293790896	-0.11591208768822815	0.1323820913738932	-0.058385088007870935	0.05285978372939351	-0.06542799318621095	0.09455670513276161	-0.11014115285587694	0.050727133770269134	-0.05585350801574215	0.05885577699901384	-0.09155100472390558	0.06243641983452822	-0.056538928171013705	0.07242595582144616	-0.06769680557263001	0.06306884427175628	-0.05450882899095956	0.039715100038796455	-0.04813277023737423	0.048671757957743776	-0.06398493701807768	0.054275496721161685	-0.046854187348540736	0.03427058809930684	-0.054495701980650735	0.04405034298792883	-0.06950553642461013
-0.3815840905380916	0.23198664775526515	-0.17882241299895585	0.15124399579676862	-0.07244450797403143	1.0000000000000002	-0.3622468332300034	0.22623612212405952	-0.20446582611032021	0.0706231784645312	-0.7469260968003174	0.16176969069899172	-0.1500171288437346	0.11188936540270267	-0.10230530314637484	0.14299811922376338	-0.1254841626758673	0.131670448815562	-0.11369364645239097	0.0965656851301816	-0.11535119242321416	0.1171572985204356	-0.11944113968179791	0.14672226157119794	-0.0897279448029191	0.11372041670518881	-0.14225133314232918	0.11988144708677312	-0.1061519934416568	0.08129467031341502	-0.07888546692993613	0.0909118835647907	-0.08643155930622011	0.10585892108855756	-0.08788158634563842	0.08961772357711058	-0.06482094776305417	0.09552703865738366	-0.07582990001328724	0.11908816373165343
0.2917125309242017	-0.4957103174765983	0.25121616166750904	-0.214959287673063	0.08317061907947293	-0.3622468332300034	0.9999999999999998	-0.6355577406114152	0.23838117050976398	-0.08391539844210838	0.23242055956522972	-0.16224109652963636	0.15018913085376642	-0.124433570065822	0.10655610429216822	-0.122646274775385	0.11106502446030093	-0.13006057773032867	0.11638166935901907	-0.10158153870936285	0.100682899608215	-0.1098704891943745	0.11203515949329321	-0.15045823368906328	0.09025104264625997	-0.1083663283528816	0.13062877874477818	-0.12075788147161594	0.1055819002532132	-0.08266099612655327	0.07491127553697959	-0.0893678174231102	0.08631449222147498	-0.10791771277651947	0.08815355689862121	-0.0878506355697208	0.0633391791640886	-0.09698425273928432	0.07690346210857091	-0.12230772875141736
-0.28837808646934526	0.27906319107229977	-0.4175290669133613	0.2610021657259872	-0.10519390966313585	0.22623612212405952	-0.6355577406114152	1.0000000000000002	-0.4106112536581012	0.10182799555337738	-0.23104663163067918	0.16946476921085954	-0.20449895772486107	0.1510857655933895	-0.13052123522577416	0.12265592380403742	-0.11831623107842744	0.14000901845624325	-0.14001706671890748	0.11479728290911333	-0.10342374775683096	0.11247883443375754	-0.11910488358095868	0.14808061359609243	-0.09292448585392317	0.10581885998743054	-0.13414150037588304	0.11766253203054321	-0.10568728872085835	0.08288576258967431	-0.07376727037228113	0.0864163457251408	-0.08441829972130735	0.10483210713518042	-0.08784782107505776	0.08475383383810695	-0.06162402331968022	0.0932201435317205	-0.07435894106313008	0.11667718013131749
0.2282000096074475	-0.23379221912540038	0.292825869506092	-0.5193879434846181	0.16889503414551807	-0.20446582611032021	0.23838117050976398	-0.4106112536581012	0.9999999999999982	-0.1949043817607561	0.19550124337681932	-0.16894561351895962	0.16149583908040127	-0.36125306289465936	0.21271997137065005	-0.15546983852115454	0.1385484220386191	-0.17394552252934653	0.22036818702368	-0.19597340414484607	0.13181054355359875	-0.14647017976506244	0.15131792576242495	-0.2301028982912688	0.14072907521793362	-0.1491309253393106	0.180262794280641	-0.175485636780278	0.15580627284915413	-0.12765803689835106	0.10364046536938058	-0.12619708748963002	0.12492857239418376	-0.160467447927206	0.13152407173618522	-0.12342679724524772	0.08937790740937412	-0.14144600974014285	0.11272812031572989	-0.17992740383447528
-0.09625623120205837	0.08172193349061536	-0.1301252608492852	0.16162366324503913	-0.9383251568380762	0.0706231784645312	-0.08391539844210838	0.10182799555337738	-0.1949043817607561	0.9999999999999961	-0.0766765236618138	0.05909896731011552	-0.0583214267837372	0.11706890395829672	-0.15887233098015663	0.05584752830876007	-0.051319007597473786	0.06330873072252391	-0.09844661675467857	0.10841890502660681	-0.048821819460029205	0.053493121771445724	-0.05698648774817647	0.08625351244128909	-0.060919213732413324	0.053385131025509604	-0.07012399287308281	0.06359930379661385	-0.06025050724025617	0.052012518256710716	-0.03759818089337165	0.045208670925805	-0.0458685459714793	0.06011900071253336	-0.05190729484866517	0.043977465953337985	-0.032270632913055645	0.050924926387889716	-0.0413073151122615	0.06470286673873846
0.24710256439930522	-0.20117249279366664	0.16126151496735136	-0.15419326133702316	0.07639492770784843	-0.7469260968003174	0.23242055956522972	-0.23104663163067918	0.19550124337681932	-0.0766765236618138	0.9999999999999994	-0.24772518156453172	0.18506752268713192	-0.1321215804806008	0.11854968351289709	-0.2231946209039021	0.17078407737752174	-0.18152553544746558	0.13575803058753352	-0.12038959047309022	0.1573605894490389	-0.16434789526839957	0.15955309943671392	-0.2059854674413449	0.1203485480863821	-0.16326665708170807	0.1859104648577461	-0.16984152346025297	0.14553862455338548	-0.11158110031396597	0.11049063842438837	-0.12947373380236898	0.12121115535575223	-0.14885434555747332	0.12059150967540584	-0.12820002141963802	0.09155227723558187	-0.1359399260302827	0.10705044340561863	-0.16998528347315486
-0.157504068828249	0.11819963140110998	-0.12361123391690064	0.108792831187698	-0.06106628170378945	0.16176969069899172	-0.16224109652963636	0.16946476921085954	-0.16894561351895962	0.05909896731011552	-0.24772518156453172	0.9999999999999998	-0.7734117226270122	0.13017178264800525	-0.115677278242522	0.21777975555310658	-0.3696186787960181	0.27686274833456054	-0.1477056246010508	0.11190072567802863	-0.18230292566952777	0.19622883716987002	-0.22484738020337378	0.15530761300890003	-0.10068586734695432	0.13443560746642522	-0.1792412276960808	0.1333578573157047	-0.12166920252812262	0.08637171140658254	-0.09436794777388648	0.09731440630262207	-0.09536094581646228	0.10596445825006777	-0.09411667415590096	0.09578784109350383	-0.0711682643259964	0.09616478350459393	-0.07674064717724814	0.1130338524716967
0.14177732297262116	-0.11401237019925706	0.12015221776147246	-0.109028356367339	0.05924778293790896	-0.1500171288437346	0.15018913085376642	-0.20449895772486107	0.16149583908040127	-0.0583214267837372	0.18506752268713192	-0.7734117226270122	0.9999999999999943	-0.14592688307843785	0.11594467802238334	-0.2143050047408099	0.25687561444882456	-0.4180555906218076	0.1508172122787614	-0.11779301955873306	0.1639146130244544	-0.20111400712848743	0.21611256439476229	-0.1597277260984445	0.09934726422917861	-0.13143048295551044	0.162929287960788	-0.13578418144324456	0.11890267599517962	-0.08622848339549995	0.08969952920799938	-0.09542609972446102	0.09385326825997616	-0.10550535860376643	0.09213220165699192	-0.09393896813588444	0.06908306225309084	-0.09604325070073642	0.07602283361968898	-0.11299559817496775
-0.1385583950343569	0.1105811413031497	-0.13688095224032606	0.1577265506488271	-0.11591208768822815	0.11188936540270267	-0.124433570065822	0.1510857655933895	-0.36125306289465936	0.11706890395829672	-0.1321215804806008	0.13017178264800525	-0.14592688307843785	0.9999999999999946	-0.5790817738440456	0.116554281336184	-0.11979009815007136	0.1626032928669833	-0.5977543184878518	0.314370035795251	-0.10416036360383588	0.11592333018202247	-0.13554400536853434	0.18305443969529805	-0.14173611176317003	0.10258562226364487	-0.14062180908352254	0.1248099158550938	-0.12633501714775694	0.1122295568366187	-0.07277613980220939	0.08465884136353329	-0.08958193433541818	0.11683334703317157	-0.1069442375250239	0.08184933200552144	-0.061127510024796716	0.09573687493026725	-0.07872497356547105	0.11953244988502468
0.12204604550480518	-0.09851273062708206	0.11520250317115084	-0.1371244945762495	0.1323820913738932	-0.10230530314637484	0.10655610429216822	-0.13052123522577416	0.21271997137065005	-0.15887233098015663	0.11854968351289709	-0.115677278242522	0.11594467802238334	-0.5790817738440456	0.9999999999999957	-0.11068283723745956	0.10602105326239476	-0.14229934165866695	0.3237334199258812	-0.6502323981819751	0.09792788740523548	-0.1102720179039797	0.12283390236102885	-0.20498847521072766	0.17178373828677324	-0.10275292879215733	0.13832922489821192	-0.13236459274270687	0.13496266453769462	-0.14042093572500666	0.07302859714881128	-0.0873112888701546	0.09471974058868186	-0.13218742712453097	0.11910541419221769	-0.08391839435408957	0.06290267534054518	-0.10325924035263423	0.08587016176320371	-0.13183452986687672
-0.14890277693971135	0.1014548489342894	-0.10583368839625605	0.09581766718070119	-0.058385088007870935	0.14299811922376338	-0.122646274775385	0.12265592380403742	-0.15546983852115454	0.05584752830876007	-0.2231946209039021	0.21777975555310658	-0.2143050047408099	0.116554281336184	-0.11068283723745956	0.9999999999999936	-0.5998133165694034	0.2579048626559108	-0.14270123592791306	0.11041478184756186	-0.5562303369538415	0.29433335952607664	-0.26579014063864975	0.17041476826004542	-0.11147755394339787	0.21970403402198346	-0.2577285775821501	0.1527513407453321	-0.1398905867324367	0.09566469510838639	-0.1540436901649032	0.13046299027773314	-0.1134486245340527	0.1193809573375112	-0.1071675717937596	0.1314560779041971	-0.09812999757848563	0.11154926744387406	-0.0884222600199836	0.12711876605961284
0.1266973906492815	-0.09107458489336345	0.09500440070268697	-0.08783699457842604	0.05285978372939351	-0.1254841626758673	0.11106502446030093	-0.11831623107842744	0.1385484220386191	-0.051319007597473786	0.17078407737752174	-0.3696186787960181	0.25687561444882456	-0.11979009815007136	0.10602105326239476	-0.5998133165694034	0.9999999999999932	-0.4624456371621659	0.1454288269621355	-0.11315685352802325	0.2793302526835601	-0.39612182450812666	0.2748643118385959	-0.16719241385824174	0.10428034546521824	-0.1773687433465363	0.20040817475839282	-0.14833743748147304	0.1293254014031349	-0.08979994347189975	0.1159244767097077	-0.11201975858844937	0.1036295085349463	-0.11027641690407138	0.09779326780272947	-0.11189563077623323	0.08182985376672348	-0.10257207603216735	0.08075630095296579	-0.11698667730753183
-0.1490128203749705	0.10570715505452136	-0.11487187864497032	0.10586138231837251	-0.06542799318621095	0.131670448815562	-0.13006057773032867	0.14000901845624325	-0.17394552252934653	0.06330873072252391	-0.18152553544746558	0.27686274833456054	-0.4180555906218076	0.1626032928669833	-0.14229934165866695	0.2579048626559108	-0.4624456371621659	0.9999999999999931	-0.25133470983782397	0.1531794545038233	-0.24260806469375823	0.2853917505684131	-0.5615315039557989	0.20116661959020857	-0.1313876428166489	0.16363133290613197	-0.22176064179808813	0.17935015502139992	-0.16153493776663794	0.10914204787566602	-0.11570253462652473	0.116597038907749	-0.12418573983462083	0.12886722941198436	-0.11786569758707192	0.1136958815232551	-0.08611977074222567	0.1172661833526627	-0.0937720842510458	0.1332328951840885
0.13382523763570833	-0.10524049381424418	0.11993017163475042	-0.13702568728557876	0.09455670513276161	-0.11369364645239097	0.11638166935901907	-0.14001706671890748	0.22036818702368	-0.09844661675467857	0.13575803058753352	-0.1477056246010508	0.1508172122787614	-0.5977543184878518	0.3237334199258812	-0.14270123592791306	0.1454288269621355	-0.25133470983782397	0.9999999999999898	-0.5730959276492757	0.12423766594410754	-0.1442750415285614	0.1687446922888552	-0.25557414170856574	0.18056163327354524	-0.12117488430167705	0.1620990326084008	-0.1526989237967609	0.15485419456733623	-0.1453105925578481	0.08538477166876841	-0.09929176228199714	0.10727468501587455	-0.1418987099887645	0.12934413921761126	-0.09567770152279684	0.0717408901188156	-0.11419503915108441	0.09400327154215876	-0.14193231043554855
-0.12160478336621551	0.09054171619088483	-0.10637641341295537	0.11410893051901162	-0.11014115285587694	0.0965656851301816	-0.10158153870936285	0.11479728290911333	-0.19597340414484607	0.10841890502660681	-0.12038959047309022	0.11190072567802863	-0.11779301955873306	0.314370035795251	-0.6502323981819751	0.11041478184756186	-0.11315685352802325	0.1531794545038233	-0.5730959276492757	0.9999999999999931	-0.10144510372720807	0.11265796394172849	-0.13449330899181428	0.2087621603104297	-0.263185928781014	0.09994912401393063	-0.14575683776127854	0.1311252345204324	-0.147327646184244	0.15883827564471675	-0.07211012985981892	0.08435811241214573	-0.0951176792683671	0.13347808433641753	-0.1343462950752455	0.08053384609403805	-0.06146088299699657	0.10017358390657352	-0.08523265865246403	0.12664765264059855
0.12334263104947277	-0.08506605149691827	0.08904705098041554	-0.08201469037310295	0.050727133770269134	-0.11535119242321416	0.100682899608215	-0.10342374775683096	0.13181054355359875	-0.048821819460029205	0.1573605894490389	-0.18230292566952777	0.1639146130244544	-0.10416036360383588	0.09792788740523548	-0.5562303369538415	0.2793302526835601	-0.24260806469375823	0.12423766594410754	-0.10144510372720807	0.9999999999999911	-0.5254379541986351	0.2520144844146777	-0.171802245292193	0.10635873849405304	-0.42539588197437855	0.2519000314492129	-0.15821773728711314	0.13594296980835266	-0.09312366304160791	0.193223774107273	-0.15862669591559173	0.11662279412921722	-0.1187846546187001	0.10412286686830582	-0.16642829649001936	0.11501892497657647	-0.11563481168219239	0.08927143957392236	-0.12798105482726668
-0.13438500916206852	0.09177520515897644	-0.09782556905828811	0.08936908020636739	-0.05585350801574215	0.1171572985204356	-0.1098704891943745	0.11247883443375754	-0.14647017976506244	0.053493121771445724	-0.16434789526839957	0.19622883716987002	-0.20111400712848743	0.11592333018202247	-0.1102720179039797	0.29433335952607664	-0.39612182450812666	0.2853917505684131	-0.1442750415285614	0.11265796394172849	-0.5254379541986351	0.999999999999991	-0.5674583287925694	0.19168635750270632	-0.12195654943729901	0.21922964450038224	-0.2882976241931036	0.18068360183673937	-0.1597604242990831	0.10336789118735863	-0.15069063228803659	0.13457590544420245	-0.12831388035783264	0.12735952451278215	-0.11541689253783174	0.13371117874522698	-0.10014331330763554	0.11998666850555118	-0.09484742920421835	0.13344901933741452
0.1345761210039955	-0.09425517950081144	0.10047256826519098	-0.09375283647919788	0.05885577699901384	-0.11944113968179791	0.11203515949329321	-0.11910488358095868	0.15131792576242495	-0.05698648774817647	0.15955309943671392	-0.22484738020337378	0.21611256439476229	-0.13554400536853434	0.12283390236102885	-0.26579014063864975	0.2748643118385959	-0.5615315039557989	0.1687446922888552	-0.13449330899181428	0.2520144844146777	-0.5674583287925694	0.9999999999999902	-0.2750410394848045	0.14378233487213682	-0.18537297429686697	0.2269680932854979	-0.2765390026818667	0.19172426644004043	-0.12193100082439433	0.12397137120477218	-0.13040429280981256	0.1504614129162508	-0.1453779101392769	0.1304555752571202	-0.12554846199939262	0.09505562297184939	-0.13817439267065104	0.10676869720768123	-0.14897370893520478
-0.20138125341767218	0.12995313021706156	-0.14388619343330586	0.1319107962609504	-0.09155100472390558	0.14672226157119794	-0.15045823368906328	0.14808061359609243	-0.2301028982912688	0.08625351244128909	-0.2059854674413449	0.15530761300890003	-0.1597277260984445	0.18305443969529805	-0.20498847521072766	0.17041476826004542	-0.16719241385824174	0.20116661959020857	-0.25557414170856574	0.2087621603104297	-0.171802245292193	0.19168635750270632	-0.2750410394848045	0.9999999999999918	-0.48340665642052233	0.16859390290813392	-0.3052025750634727	0.26496792696870874	-0.4876584024377949	0.2799706127774867	-0.12700040617536865	0.14909260418769166	-0.1936088665407193	0.2529464425152243	-0.2860501551370517	0.13844122502640666	-0.11101844546224265	0.1853547720138667	-0.16217987152442187	0.22113671776483942
0.11724055251302164	-0.07911630440722182	0.08743721837106044	-0.08423724309083593	0.06243641983452822	-0.0897279448029191	0.09025104264625997	-0.09292448585392317	0.14072907521793362	-0.060919213732413324	0.1203485480863821	-0.10068586734695432	0.09934726422917861	-0.14173611176317003	0.17178373828677324	-0.11147755394339787	0.10428034546521824	-0.1313876428166489	0.18056163327354524	-0.263185928781014	0.10635873849405304	-0.12195654943729901	0.14378233487213682	-0.48340665642052233	0.9999999999999871	-0.11386321931515131	0.18035516930229062	-0.20301768882605975	0.2670466873234403	-0.6798590486303311	0.08620068894168302	-0.1074500848900576	0.1458626227063832	-0.26735967839473446	0.2712558623714913	-0.0980786342020392	0.07960030628481082	-0.15586211139995093	0.142854895692243	-0.21148117519378345
-0.14294623802468753	0.09260837598789352	-0.0989733186307393	0.08892457089315538	-0.056538928171013705	0.11372041670518881	-0.1083663283528816	0.10581885998743054	-0.1491309253393106	0.053385131025509604	-0.16326665708170807	0.13443560746642522	-0.13143048295551044	0.10258562226364487	-0.10275292879215733	0.21970403402198346	-0.1773687433465363	0.16363133290613197	-0.12117488430167705	0.09994912401393063	-0.42539588197437855	0.21922964450038224	-0.18537297429686697	0.16859390290813392	-0.11386321931515131	0.9999999999999899	-0.45185577962895684	0.16123724114404472	-0.14780726114219808	0.10043279351113464	-0.6007735682979751	0.24021908147476675	-0.141432299680647	0.13401067851580858	-0.11866159280293953	0.2586792288665047	-0.19825812860575318	0.1369126793543734	-0.10541578232613606	0.14670760148648437
0.16706747912562397	-0.1139236654667067	0.12027139143400638	-0.11264034331947213	0.07242595582144616	-0.14225133314232918	0.13062877874477818	-0.13414150037588304	0.180262794280641	-0.07012399287308281	0.1859104648577461	-0.1792412276960808	0.162929287960788	-0.14062180908352254	0.13832922489821192	-0.2577285775821501	0.20040817475839282	-0.22176064179808813	0.1620990326084008	-0.14575683776127854	0.2519000314492129	-0.2882976241931036	0.2269680932854979	-0.3052025750634727	0.18035516930229062	-0.45185577962895684	0.9999999999999891	-0.2882973495807135	0.23412709908519533	-0.17151405946880766	0.2705630863637477	-0.35601614584509556	0.2224096753243589	-0.24830284933507274	0.19590680356135484	-0.3464071421617505	0.22674778123311162	-0.24876658011478395	0.18801576747581922	-0.29447605348031847
-0.16236577476213748	0.10384158419098055	-0.1133197134632734	0.1020584077476965	-0.06769680557263001	0.11988144708677312	-0.12075788147161594	0.11766253203054321	-0.175485636780278	0.06359930379661385	-0.16984152346025297	0.1333578573157047	-0.13578418144324456	0.1248099158550938	-0.13236459274270687	0.1527513407453321	-0.14833743748147304	0.17935015502139992	-0.1526989237967609	0.1311252345204324	-0.15821773728711314	0.18068360183673937	-0.2765390026818667	0.26496792696870874	-0.20301768882605975	0.16123724114404472	-0.2882973495807135	0.9999999999999869	-0.5434686320630278	0.1912302163205705	-0.13546104867741451	0.17641577427762492	-0.5380455292432099	0.24579134444409476	-0.22429408685288652	0.14445827510383077	-0.13617492498446448	0.2678220580333175	-0.2080733917690299	0.22919765008449688
0.13953212006643637	-0.09164490104503512	0.0998892643948069	-0.09251688053615871	0.06306884427175628	-0.1061519934416568	0.1055819002532132	-0.10568728872085835	0.15580627284915413	-0.06025050724025617	0.14553862455338548	-0.12166920252812262	0.11890267599517962	-0.12633501714775694	0.13496266453769462	-0.1398905867324367	0.1293254014031349	-0.16153493776663794	0.15485419456733623	-0.147327646184244	0.13594296980835266	-0.1597604242990831	0.19172426644004043	-0.4876584024377949	0.2670466873234403	-0.14780726114219808	0.23412709908519533	-0.5434686320630278	0.9999999999999878	-0.3538594670364659	0.11630807956067335	-0.15310594190356774	0.25089284288528907	-0.37848457275733643	0.2701253454779221	-0.13252604957821995	0.11329775635618143	-0.25170671992103727	0.2004299647813757	-0.26597053924046277
-0.10971277951248898	0.07204756386865124	-0.07971165676956164	0.07472141703836496	-0.05450882899095956	0.08129467031341502	-0.08266099612655327	0.08288576258967431	-0.12765803689835106	0.052012518256710716	-0.11158110031396597	0.08637171140658254	-0.08622848339549995	0.1122295568366187	-0.14042093572500666	0.09566469510838639	-0.08979994347189975	0.10914204787566602	-0.1453105925578481	0.15883827564471675	-0.09312366304160791	0.10336789118735863	-0.12193100082439433	0.2799706127774867	-0.6798590486303311	0.10043279351113464	-0.17151405946880766	0.1912302163205705	-0.3538594670364659	0.9999999999999852	-0.0776444110379359	0.09699951990023271	-0.14246863452239336	0.26025598557917445	-0.49974979161104827	0.08745751117419918	-0.07280281802677988	0.1436187787464468	-0.13971395176202986	0.1917186781482712
0.09871358656204815	-0.06434131668327855	0.0687142362343685	-0.062117991209323306	0.039715100038796455	-0.07888546692993613	0.07491127553697959	-0.07376727037228113	0.10364046536938058	-0.03759818089337165	0.11049063842438837	-0.09436794777388648	0.08969952920799938	-0.07277613980220939	0.07302859714881128	-0.1540436901649032	0.1159244767097077	-0.11570253462652473	0.08538477166876841	-0.07211012985981892	0.193223774107273	-0.15069063228803659	0.12397137120477218	-0.12700040617536865	0.08620068894168302	-0.6007735682979751	0.2705630863637477	-0.13546104867741451	0.11630807956067335	-0.0776444110379359	0.9999999999999853	-0.42890469153886907	0.13489133047245255	-0.10985842764137102	0.09407380164886392	-0.5337792467153418	0.27155397619298777	-0.13051562388345828	0.0919538147242364	-0.1226238770419136
-0.12083182670582997	0.0770012947901555	-0.08298872358115976	0.07429960350647864	-0.04813277023737423	0.0909118835647907	-0.0893678174231102	0.0864163457251408	-0.12619708748963002	0.045208670925805	-0.12947373380236898	0.09731440630262207	-0.09542609972446102	0.08465884136353329	-0.0873112888701546	0.13046299027773314	-0.11201975858844937	0.116597038907749	-0.09929176228199714	0.08435811241214573	-0.15862669591559173	0.13457590544420245	-0.13040429280981256	0.14909260418769166	-0.1074500848900576	0.24021908147476675	-0.35601614584509556	0.17641577427762492	-0.15310594190356774	0.09699951990023271	-0.42890469153886907	0.999999999999986	-0.2504440990483937	0.14148433669851676	-0.12283171908289862	0.3259299119633474	-0.6677094315929007	0.187888197635599	-0.12898068281342254	0.15568013428389954
0.11616464033937322	-0.07455539705252773	0.0810260389171206	-0.07328960963716785	0.048671757957743776	-0.08643155930622011	0.08631449222147498	-0.08441829972130735	0.12492857239418376	-0.0458685459714793	0.12121115535575223	-0.09536094581646228	0.09385326825997616	-0.08958193433541818	0.09471974058868186	-0.1134486245340527	0.1036295085349463	-0.12418573983462083	0.10727468501587455	-0.0951176792683671	0.11662279412921722	-0.12831388035783264	0.1504614129162508	-0.1936088665407193	0.1458626227063832	-0.141432299680647	0.2224096753243589	-0.5380455292432099	0.25089284288528907	-0.14246863452239336	0.13489133047245255	-0.2504440990483937	0.9999999999999857	-0.2723519771158062	0.1912546964223532	-0.15224919820460794	0.1632297007166853	-0.6218931840799318	0.25373948865421403	-0.2840924207057619
-0.14728910048628158	0.09367245395826504	-0.10271845520872686	0.09309065579494266	-0.06398493701807768	0.10585892108855756	-0.10791771277651947	0.10483210713518042	-0.160467447927206	0.06011900071253336	-0.14885434555747332	0.10596445825006777	-0.10550535860376643	0.11683334703317157	-0.13218742712453097	0.1193809573375112	-0.11027641690407138	0.12886722941198436	-0.1418987099887645	0.13347808433641753	-0.1187846546187001	0.12735952451278215	-0.1453779101392769	0.2529464425152243	-0.26735967839473446	0.13401067851580858	-0.24830284933507274	0.24579134444409476	-0.37848457275733643	0.26025598557917445	-0.10985842764137102	0.14148433669851676	-0.2723519771158062	0.9999999999999851	-0.6282281494646217	0.12256089959455457	-0.1109818438989376	0.2473741447802416	-0.3930997284020399	0.30004914014889805
0.11768789500614908	-0.0768720021323341	0.0840347928660272	-0.07797825321624424	0.054275496721161685	-0.08788158634563842	0.08815355689862121	-0.08784782107505776	0.13152407173618522	-0.05190729484866517	0.12059150967540584	-0.09411667415590096	0.09213220165699192	-0.1069442375250239	0.11910541419221769	-0.1071675717937596	0.09779326780272947	-0.11786569758707192	0.12934413921761126	-0.1343462950752455	0.10412286686830582	-0.11541689253783174	0.1304555752571202	-0.2860501551370517	0.2712558623714913	-0.11866159280293953	0.19590680356135484	-0.22429408685288652	0.2701253454779221	-0.49974979161104827	0.09407380164886392	-0.12283171908289862	0.1912546964223532	-0.6282281494646217	0.9999999999999841	-0.10844869418474916	0.09302185880868843	-0.21433918340950758	0.23493022016303255	-0.3588416720655694
-0.11883108652598476	0.07561593532960226	-0.0813770629989822	0.07269516000115456	-0.046854187348540736	0.08961772357711058	-0.0878506355697208	0.08475383383810695	-0.12342679724524772	0.043977465953337985	-0.12820002141963802	0.09578784109350383	-0.09393896813588444	0.08184933200552144	-0.08391839435408957	0.1314560779041971	-0.11189563077623323	0.1136958815232551	-0.09567770152279684	0.08053384609403805	-0.16642829649001936	0.13371117874522698	-0.12554846199939262	0.13844122502640666	-0.0980786342020392	0.2586792288665047	-0.3464071421617505	0.14445827510383077	-0.13252604957821995	0.08745751117419918	-0.5337792467153418	0.3259299119633474	-0.15224919820460794	0.12256089959455457	-0.10844869418474916	0.9999999999999846	-0.6222613343132284	0.14837672479022856	-0.10743738513333258	0.1355368760117405
0.08515508278998492	-0.05460767067758519	0.05878439889763505	-0.052851603381110564	0.03427058809930684	-0.06482094776305417	0.0633391791640886	-0.06162402331968022	0.08937790740937412	-0.032270632913055645	0.09155227723558187	-0.0711682643259964	0.06908306225309084	-0.061127510024796716	0.06290267534054518	-0.09812999757848563	0.08182985376672348	-0.08611977074222567	0.0717408901188156	-0.06146088299699657	0.11501892497657647	-0.10014331330763554	0.09505562297184939	-0.11101844546224265	0.07960030628481082	-0.19825812860575318	0.22674778123311162	-0.13617492498446448	0.11329775635618143	-0.07280281802677988	0.27155397619298777	-0.6677094315929007	0.1632297007166853	-0.1109818438989376	0.09302185880868843	-0.6222613343132284	0.9999999999999847	-0.18130221890466022	0.10628363723020613	-0.12701172053619447
-0.13304555125515807	0.08382854109305382	-0.0914966286365012	0.08182531819139396	-0.054495701980650735	0.09552703865738366	-0.09698425273928432	0.0932201435317205	-0.14144600974014285	0.050924926387889716	-0.1359399260302827	0.09616478350459393	-0.09604325070073642	0.09573687493026725	-0.10325924035263423	0.11154926744387406	-0.10257207603216735	0.1172661833526627	-0.11419503915108441	0.10017358390657352	-0.11563481168219239	0.11998666850555118	-0.13817439267065104	0.1853547720138667	-0.15586211139995093	0.1369126793543734	-0.24876658011478395	0.2678220580333175	-0.25170671992103727	0.1436187787464468	-0.13051562388345828	0.187888197635599	-0.6218931840799318	0.2473741447802416	-0.21433918340950758	0.14837672479022856	-0.18130221890466022	0.9999999999999847	-0.5245093740551126	0.28863119447433516
0.10518510166413518	-0.06662905375043539	0.07275574573471272	-0.06547681409207967	0.04405034298792883	-0.07582990001328724	0.07690346210857091	-0.07435894106313008	0.11272812031572989	-0.0413073151122615	0.10705044340561863	-0.07674064717724814	0.07602283361968898	-0.07872497356547105	0.08587016176320371	-0.0884222600199836	0.08075630095296579	-0.0937720842510458	0.09400327154215876	-0.08523265865246403	0.08927143957392236	-0.09484742920421835	0.10676869720768123	-0.16217987152442187	0.142854895692243	-0.10541578232613606	0.18801576747581922	-0.2080733917690299	0.2004299647813757	-0.13971395176202986	0.0919538147242364	-0.12898068281342254	0.25373948865421403	-0.3930997284020399	0.23493022016303255	-0.10743738513333258	0.10628363723020613	-0.5245093740551126	0.9999999999999848	-0.6588214605129645
-0.16971093837240242	0.10596216016304968	-0.11603446869564447	0.10339116593070621	-0.06950553642461013	0.11908816373165343	-0.12230772875141736	0.11667718013131749	-0.17992740383447528	0.06470286673873846	-0.16998528347315486	0.1130338524716967	-0.11299559817496775	0.11953244988502468	-0.13183452986687672	0.12711876605961284	-0.11698667730753183	0.1332328951840885	-0.14193231043554855	0.12664765264059855	-0.12798105482726668	0.13344901933741452	-0.14897370893520478	0.22113671776483942	-0.21148117519378345	0.14670760148648437	-0.29447605348031847	0.22919765008449688	-0.26597053924046277	0.1917186781482712	-0.1226238770419136	0.15568013428389954	-0.2840924207057619	0.30004914014889805	-0.3588416720655694	0.1355368760117405	-0.12701172053619447	0.28863119447433516	-0.6588214605129645	0.9999999999999847
