1.0	-0.6664339575995029	0.2867184899936297	-0.16668983908577273	0.1115076739566031	-0.5691343121719348	0.28683946992822945	-0.21979092536473707	0.15479911503093213	-0.16034041344444105	0.17918417966850642	-0.19321203299124332	0.13439888801819957	-0.16262822275632216	0.10806644559741524	-0.1517955130459322	0.11700349655678968	-0.11394472479120044	0.138599447681731	-0.07870875254861989	0.09377942694162468	-0.09190872628363173	0.11550235370532994	-0.08727830620975435	0.1046942362484196	-0.08912180927543081	0.07622159768650077	-0.06503304129752834	0.08870432341286706	-0.08924094331254613	0.057440260180750324	-0.049615185136585055	0.07633441847482597	-0.05877967309010693	0.049562405794353455
-0.6664339575995029	0.9999999999999998	-0.5331501420371931	0.1563653072224498	-0.1073556179195813	0.29946249920751217	-0.38184247721370096	0.2227006920542852	-0.15765860977129612	0.14567795952337886	-0.15761073342446047	0.16878170221813774	-0.1273135830154534	0.15112838452545657	-0.10169212170825269	0.12904024739737238	-0.10658361470752382	0.10393946213244781	-0.13041382700103504	0.0730506689112641	-0.08617158075730623	0.08348962734383675	-0.10747201762763334	0.0808373340881134	-0.09795964083230814	0.08072971030434102	-0.06991234513716257	0.05950870121047256	-0.08218163124956936	0.08163448937474249	-0.05276913081095695	0.04539512964076055	-0.07028120477179094	0.05387781651558584	-0.04556584129938989
0.2867184899936297	-0.5331501420371931	1.0	-0.32387940616558764	0.19465825972787426	-0.33639266373453147	0.2979633226847839	-0.4359775858904653	0.2588686749909419	-0.2805220025043299	0.19106478030604726	-0.226626416950152	0.19334357940153848	-0.26884741667962025	0.17130394353944436	-0.194859976113771	0.15606177294239035	-0.16431493877521763	0.21230169777188101	-0.12431902788705632	0.1334234776036454	-0.1305047170751536	0.16968279207337347	-0.13138050741214688	0.16166592265031318	-0.1309615379135201	0.11013893713189865	-0.0956486094005261	0.13344736744662225	-0.13626876906545082	0.08398004956349968	-0.07266906389114328	0.11234574213295914	-0.08889435014184868	0.07493214424273606
-0.16668983908577273	0.1563653072224498	-0.32387940616558764	1.0	-0.6633724514761656	0.165722783140768	-0.2050111738721381	0.23800898438553927	-0.3946112474661995	0.323988103154482	-0.14289795819716514	0.15532205530163143	-0.17537337713243487	0.24811536915023977	-0.2154445051211454	0.14605125640902905	-0.13364605897711404	0.13950273991322582	-0.24916645048074418	0.1399545085254811	-0.1282010020608498	0.11944785899691744	-0.17738647770185506	0.13908557721419973	-0.19520757015344042	0.11995192294874645	-0.1066208918190872	0.09311247163365317	-0.1426665923811161	0.13582894536656726	-0.08302826870657348	0.07038568616820073	-0.11332230914011582	0.08905821891584557	-0.0767903928983272
0.1115076739566031	-0.1073556179195813	0.19465825972787426	-0.6633724514761656	1.0	-0.12123863116785301	0.13965317670471894	-0.17859183666464357	0.22850985677372937	-0.6333108355130176	0.10418869256821602	-0.11717757829984422	0.12910807985702155	-0.20554785476757778	0.17671565479255896	-0.11229295660072788	0.09988147551307588	-0.10632707727318057	0.18031811112562796	-0.11920242272439432	0.09588972831030879	-0.09043638333960316	0.13123849441698257	-0.10511615215848273	0.1483205251034699	-0.09247054084947096	0.08029929169465072	-0.07080265928041223	0.1074032192165225	-0.10682279687382784	0.06251017772145137	-0.05337821970932618	0.08535451047838452	-0.06902000586931764	0.05908327862611067
-0.5691343121719348	0.29946249920751217	-0.33639266373453147	0.165722783140768	-0.12123863116785301	0.9999999999999998	-0.5529391257034348	0.24258576564375187	-0.18698684269622268	0.1615196910727133	-0.33505711231649327	0.2510925710372907	-0.17095504415849985	0.17802092857493043	-0.1252976944547883	0.18899598400144998	-0.15358609701366377	0.13807891032831984	-0.1661724743612673	0.08995981206028505	-0.11734698925325386	0.11279579143824979	-0.14220064928113232	0.10416344278921726	-0.123664067308384	0.10550028056347724	-0.09358490021069298	0.07811674125587156	-0.1060988941111635	0.10318936292327173	-0.06990903675401598	0.05986611860157029	-0.0925969546704071	0.0688538062326885	-0.05834796564354532
0.28683946992822945	-0.38184247721370096	0.2979633226847839	-0.2050111738721381	0.13965317670471894	-0.5529391257034348	0.9999999999999999	-0.47229818924773936	0.2329581785987348	-0.19712771618820438	0.24140402149034962	-0.3566429832577771	0.19228931790187373	-0.22404310886756787	0.13843475369872665	-0.19409554617557134	0.1595275587626947	-0.15659430261382623	0.17660788498370716	-0.09979821015643774	0.12054987814580338	-0.11958722037430962	0.14939625673028736	-0.1116106301539017	0.13230773436563903	-0.11218547853452758	0.09751066489136598	-0.08248911172142957	0.1122316618113314	-0.11172847956761672	0.07271320578904511	-0.06281618492275459	0.0965922878291613	-0.07383698619493158	0.062259532501807935
-0.21979092536473707	0.2227006920542852	-0.4359775858904653	0.23800898438553927	-0.17859183666464357	0.24258576564375187	-0.47229818924773936	1.0000000000000002	-0.5821012809352013	0.2203205429826136	-0.17971984100936225	0.20587623807384145	-0.24656497610736253	0.2705122237859333	-0.16882726278954213	0.16592449602804382	-0.15051411376451082	0.16549193546912835	-0.2097980384685325	0.11494494456775212	-0.12266398675688366	0.1192119729208549	-0.16507974829292424	0.12390401639140022	-0.15326301376553864	0.11408886313812533	-0.10037723705416432	0.08602704673335242	-0.12383280163488114	0.12072923922139434	-0.07570779713609702	0.06504454715253935	-0.10188430643102737	0.07944300217234446	-0.06741219466941227
0.15479911503093213	-0.15765860977129612	0.2588686749909419	-0.3946112474661995	0.22850985677372937	-0.18698684269622268	0.2329581785987348	-0.5821012809352013	1.000000000000001	-0.325471790658546	0.1463926774082319	-0.17421349297912708	0.20299451126997586	-0.5084329884730003	0.19606485203556398	-0.1526921285445056	0.13557741396676568	-0.15607870469445143	0.223219281421881	-0.13215305553170018	0.11768005635410796	-0.11457378402388955	0.16166379381845467	-0.12768278037586997	0.1641799560770132	-0.1126101080630551	0.0977288914823978	-0.0853851369339472	0.1262602510677408	-0.1256393126927136	0.07445646925793735	-0.0641386868844663	0.10108082954459313	-0.08157645740607417	0.06919164144561676
-0.16034041344444105	0.14567795952337886	-0.2805220025043299	0.323988103154482	-0.6333108355130176	0.1615196910727133	-0.19712771618820438	0.2203205429826136	-0.325471790658546	0.9999999999999993	-0.14795707569479022	0.16020340496569782	-0.18456545020408155	0.259763620150986	-0.3318835157479208	0.15589296014005072	-0.14409253230652833	0.1500878220330239	-0.2832047885903279	0.18796136964894827	-0.14354699700460818	0.13298163594321344	-0.20204908478841072	0.16201450358582822	-0.2501487063919062	0.13495120861297538	-0.1203429436358349	0.10600768200754114	-0.16658092386816284	0.1593413606770666	-0.09431328772705316	0.07982445215100172	-0.12970938108962463	0.10353244230667802	-0.08978392694735855
0.17918417966850642	-0.15761073342446047	0.19106478030604726	-0.14289795819716514	0.10418869256821602	-0.33505711231649327	0.24140402149034962	-0.17971984100936225	0.1463926774082319	-0.14795707569479022	0.9999999999999989	-0.673390599884028	0.22175698662461246	-0.17780066391863814	0.12264716751071218	-0.502652198576078	0.2529287080264829	-0.20144045352805334	0.16958265060637928	-0.0921658350603184	0.15315253144590965	-0.1594358903054368	0.16838063064320333	-0.11880859674913578	0.12732170708915042	-0.13418640462635933	0.11915982650667267	-0.09623188074558947	0.11861888738108461	-0.11676825454087966	0.0848890626111685	-0.07391424973087947	0.11023199940793285	-0.07896068483605327	0.06608248281804116
-0.19321203299124332	0.16878170221813774	-0.226626416950152	0.15532205530163143	-0.11717757829984422	0.2510925710372907	-0.3566429832577771	0.20587623807384145	-0.17421349297912708	0.16020340496569782	-0.673390599884028	1.000000000000001	-0.34152118869015574	0.20093997678358058	-0.14202521552886524	0.29749724353599716	-0.3208553120608568	0.22930375155060873	-0.1987321588702028	0.10469162798912149	-0.17690695359730518	0.17518096817432072	-0.20016945077476042	0.13621056659897166	-0.1471881878915754	0.14621270897130098	-0.13677419149177344	0.10804980539049705	-0.13678184878096933	0.13011624869580568	-0.09713672166440152	0.08327653589865745	-0.12653550227238056	0.08865345078075718	-0.074729162313765
0.13439888801819957	-0.1273135830154534	0.19334357940153848	-0.17537337713243487	0.12910807985702155	-0.17095504415849985	0.19228931790187373	-0.24656497610736253	0.20299451126997586	-0.18456545020408155	0.22175698662461246	-0.34152118869015574	1.0000000000000009	-0.35951455433956364	0.1691776171844618	-0.29087501197432053	0.2726374722819349	-0.674984301318467	0.2268737405268994	-0.12804379308193872	0.17026339069896468	-0.19256461131471223	0.24595598947786723	-0.17464021744932887	0.16788393287737602	-0.16076738548339523	0.1397596659013786	-0.11887974170374768	0.156580241446957	-0.15862706870790919	0.09944293173091198	-0.08822970625264141	0.13233356428862744	-0.1047818092650294	0.08641875272190032
-0.16262822275632216	0.15112838452545657	-0.26884741667962025	0.24811536915023977	-0.20554785476757778	0.17802092857493043	-0.22404310886756787	0.2705122237859333	-0.5084329884730003	0.259763620150986	-0.17780066391863814	0.20093997678358058	-0.35951455433956364	1.0000000000000009	-0.3737100111256086	0.19409895042263722	-0.18747927438922252	0.21998829041248907	-0.41957715633742654	0.2068085161310574	-0.164659447448228	0.15951879866365434	-0.2463495581109064	0.19716500570144077	-0.2579250768776966	0.15525064510972825	-0.13746453232952116	0.12085901178748715	-0.18959585449502533	0.18281390314247944	-0.10417385688008814	0.08968453102583887	-0.14333725443270318	0.11835011889915358	-0.10073937698674787
0.10806644559741524	-0.10169212170825269	0.17130394353944436	-0.2154445051211454	0.17671565479255896	-0.1252976944547883	0.13843475369872665	-0.16882726278954213	0.19606485203556398	-0.3318835157479208	0.12264716751071218	-0.14202521552886524	0.1691776171844618	-0.3737100111256086	1.000000000000005	-0.14884487332496457	0.13128148060331568	-0.14702636681996337	0.24625052156561303	-0.6695040212862917	0.1311486497009527	-0.1276224904644682	0.18798430031835833	-0.1768168270406207	0.3079163999215141	-0.13612749109522942	0.11377981090142757	-0.10570495878842455	0.1695866592267055	-0.2018627028397401	0.0881032320137988	-0.07706219396641444	0.12413944724723297	-0.1191596763773672	0.10039113315510759
-0.1517955130459322	0.12904024739737238	-0.194859976113771	0.14605125640902905	-0.11229295660072788	0.18899598400144998	-0.19409554617557134	0.16592449602804382	-0.1526921285445056	0.15589296014005072	-0.502652198576078	0.29749724353599716	-0.29087501197432053	0.19409895042263722	-0.14884487332496457	1.0000000000000013	-0.59584141267231	0.25862019395289876	-0.21927894958509805	0.11235290954471215	-0.2600524626969546	0.24394777630050876	-0.2430135592306755	0.15776941267919997	-0.16297575425512198	0.18852935129319356	-0.18591006018267728	0.13733716717614444	-0.16079804851094995	0.1491777892737452	-0.1263848826297992	0.10753768765634053	-0.16146043033777038	0.10424008546712643	-0.08795325512561208
0.11700349655678968	-0.10658361470752382	0.15606177294239035	-0.13364605897711404	0.09988147551307588	-0.15358609701366377	0.1595275587626947	-0.15051411376451082	0.13557741396676568	-0.14409253230652833	0.2529287080264829	-0.3208553120608568	0.2726374722819349	-0.18747927438922252	0.13128148060331568	-0.59584141267231	1.000000000000004	-0.45978841004980825	0.1902746379095373	-0.1026705993115802	0.23276389579866655	-0.40380288482234644	0.2359719370679666	-0.15503667162158863	0.14416961668134218	-0.19472431789340686	0.1861041339250771	-0.14017286709004007	0.1472614050044084	-0.14379537741404036	0.11645603331697732	-0.10588176722946988	0.14806737051512753	-0.0995814164681673	0.08219437657332614
-0.11394472479120044	0.10393946213244781	-0.16431493877521763	0.13950273991322582	-0.10632707727318057	0.13807891032831984	-0.15659430261382623	0.16549193546912835	-0.15607870469445143	0.1500878220330239	-0.20144045352805334	0.22930375155060873	-0.674984301318467	0.21998829041248907	-0.14702636681996337	0.25862019395289876	-0.45978841004980825	1.0000000000000016	-0.2194065048352512	0.11275116610846901	-0.1841670350459114	0.21010365691363894	-0.36587238409831574	0.18213354474826923	-0.15929411985659436	0.15723669743597113	-0.1487269959686589	0.11976229967385703	-0.16136358198642042	0.1493703569795509	-0.10009537856935433	0.0883012366927004	-0.1333154018264099	0.10080075642986686	-0.08352721130360086
0.138599447681731	-0.13041382700103504	0.21230169777188101	-0.24916645048074418	0.18031811112562796	-0.1661724743612673	0.17660788498370716	-0.2097980384685325	0.223219281421881	-0.2832047885903279	0.16958265060637928	-0.1987321588702028	0.2268737405268994	-0.41957715633742654	0.24625052156561303	-0.21927894958509805	0.1902746379095373	-0.2194065048352512	1.0	-0.21830017438706878	0.19460214685870958	-0.19601422704731974	0.2892973558534331	-0.39545854965138727	0.2698627820234129	-0.21215437805334894	0.17139579778622685	-0.1638720895611938	0.2659204650586032	-0.2938754399798215	0.13184840244441157	-0.11718680142182725	0.18537094419596897	-0.18414018380418876	0.1481387619510874
-0.07870875254861989	0.0730506689112641	-0.12431902788705632	0.1399545085254811	-0.11920242272439432	0.08995981206028505	-0.09979821015643774	0.11494494456775212	-0.13215305553170018	0.18796136964894827	-0.0921658350603184	0.10469162798912149	-0.12804379308193872	0.2068085161310574	-0.6695040212862917	0.11235290954471215	-0.1026705993115802	0.11275116610846901	-0.21830017438706878	1.0000000000000004	-0.10684574001021403	0.10412002321928406	-0.17347078241506003	0.17447590359997803	-0.6113108988737801	0.10862103905753223	-0.09411827548012512	0.08866568811105346	-0.16271263787025642	0.17520464457887444	-0.07235372305790459	0.06318885982485097	-0.10500962620100662	0.10227710729902019	-0.09041927605508268
0.09377942694162468	-0.08617158075730623	0.1334234776036454	-0.1282010020608498	0.09588972831030879	-0.11734698925325386	0.12054987814580338	-0.12266398675688366	0.11768005635410796	-0.14354699700460818	0.15315253144590965	-0.17690695359730518	0.17026339069896468	-0.164659447448228	0.1311486497009527	-0.2600524626969546	0.23276389579866655	-0.1841670350459114	0.19460214685870958	-0.10684574001021403	0.9999999999999986	-0.5716434829957271	0.22779929238947288	-0.16433973028521084	0.15271724470163148	-0.6109183766913336	0.27905961781276556	-0.20647592256806097	0.16774677432620963	-0.17223845533057155	0.18809551371714767	-0.1761142725401274	0.2080798751105678	-0.12369565832786489	0.10103233689992787
-0.09190872628363173	0.08348962734383675	-0.1305047170751536	0.11944785899691744	-0.09043638333960316	0.11279579143824979	-0.11958722037430962	0.1192119729208549	-0.11457378402388955	0.13298163594321344	-0.1594358903054368	0.17518096817432072	-0.19256461131471223	0.15951879866365434	-0.1276224904644682	0.24394777630050876	-0.40380288482234644	0.21010365691363894	-0.19601422704731974	0.10412002321928406	-0.5716434829957271	0.9999999999999998	-0.3315905823345724	0.17849757246067013	-0.1529052362238599	0.30067330919908486	-0.4531489154218902	0.21836216417074422	-0.1791326340811954	0.164915616108855	-0.18740477950445492	0.16926551033668977	-0.22911407873676046	0.1222439915262605	-0.10088938560691721
0.11550235370532994	-0.10747201762763334	0.16968279207337347	-0.17738647770185506	0.13123849441698257	-0.14220064928113232	0.14939625673028736	-0.16507974829292424	0.16166379381845467	-0.20204908478841072	0.16838063064320333	-0.20016945077476042	0.24595598947786723	-0.2463495581109064	0.18798430031835833	-0.2430135592306755	0.2359719370679666	-0.36587238409831574	0.2892973558534331	-0.17347078241506003	0.22779929238947288	-0.3315905823345724	0.999999999999997	-0.5564757283787126	0.2400261789375613	-0.2350750448195515	0.20357478466397602	-0.19635924005101252	0.28221043707951243	-0.28197973327986453	0.13890585014332088	-0.12853804813738978	0.19595180994859426	-0.18436785732077596	0.1447611874571766
-0.08727830620975435	0.0808373340881134	-0.13138050741214688	0.13908557721419973	-0.10511615215848273	0.10416344278921726	-0.1116106301539017	0.12390401639140022	-0.12768278037586997	0.16201450358582822	-0.11880859674913578	0.13621056659897166	-0.17464021744932887	0.19716500570144077	-0.1768168270406207	0.15776941267919997	-0.15503667162158863	0.18213354474826923	-0.39545854965138727	0.17447590359997803	-0.16433973028521084	0.17849757246067013	-0.5564757283787126	0.9999999999999978	-0.3313612661772711	0.16477836116155295	-0.15260308417501814	0.1532963403162901	-0.5559119930248742	0.2644516013961067	-0.10769067331813095	0.09709966700310227	-0.16656181440505358	0.17849938401062415	-0.14702499011972822
0.1046942362484196	-0.09795964083230814	0.16166592265031318	-0.19520757015344042	0.1483205251034699	-0.123664067308384	0.13230773436563903	-0.15326301376553864	0.1641799560770132	-0.2501487063919062	0.12732170708915042	-0.1471881878915754	0.16788393287737602	-0.2579250768776966	0.3079163999215141	-0.16297575425512198	0.14416961668134218	-0.15929411985659436	0.2698627820234129	-0.6113108988737801	0.15271724470163148	-0.1529052362238599	0.2400261789375613	-0.3313612661772711	0.9999999999999979	-0.16444723071765216	0.13731072670093183	-0.1345484236446054	0.243438446228966	-0.3362789384022975	0.10552558914105363	-0.09388048584741066	0.155088828718192	-0.17221281573528874	0.1474323301025013
-0.08912180927543081	0.08072971030434102	-0.1309615379135201	0.11995192294874645	-0.09247054084947096	0.10550028056347724	-0.11218547853452758	0.11408886313812533	-0.1126101080630551	0.13495120861297538	-0.13418640462635933	0.14621270897130098	-0.16076738548339523	0.15525064510972825	-0.13612749109522942	0.18852935129319356	-0.19472431789340686	0.15723669743597113	-0.21215437805334894	0.10862103905753223	-0.6109183766913336	0.30067330919908486	-0.2350750448195515	0.16477836116155295	-0.16444723071765216	0.9999999999999966	-0.4445781580378863	0.2480876885876603	-0.19259105980365535	0.17695591699540975	-0.34925341414565725	0.24171825256351928	-0.31787354811590635	0.14022832972489302	-0.11912113052734068
0.07622159768650077	-0.06991234513716257	0.11013893713189865	-0.1066208918190872	0.08029929169465072	-0.09358490021069298	0.09751066489136598	-0.10037723705416432	0.0977288914823978	-0.1203429436358349	0.11915982650667267	-0.13677419149177344	0.1397596659013786	-0.13746453232952116	0.11377981090142757	-0.18591006018267728	0.1861041339250771	-0.1487269959686589	0.17139579778622685	-0.09411827548012512	0.27905961781276556	-0.4531489154218902	0.20357478466397602	-0.15260308417501814	0.13731072670093183	-0.4445781580378863	0.9999999999999974	-0.535264296759496	0.17403682318042388	-0.1715028067834883	0.24869279655560883	-0.3410793605045301	0.2999303806338204	-0.13775793363721087	0.10898181421313405
-0.06503304129752834	0.05950870121047256	-0.0956486094005261	0.09311247163365317	-0.07080265928041223	0.07811674125587156	-0.08248911172142957	0.08602704673335242	-0.0853851369339472	0.10600768200754114	-0.09623188074558947	0.10804980539049705	-0.11887974170374768	0.12085901178748715	-0.10570495878842455	0.13733716717614444	-0.14017286709004007	0.11976229967385703	-0.1638720895611938	0.08866568811105346	-0.20647592256806097	0.21836216417074422	-0.19635924005101252	0.1532963403162901	-0.1345484236446054	0.2480876885876603	-0.535264296759496	0.9999999999999968	-0.2288279254780526	0.1806497102190971	-0.21313875874487387	0.21507237134200607	-0.6917804320208412	0.16995398530433187	-0.13858657344902386
0.08870432341286706	-0.08218163124956936	0.13344736744662225	-0.1426665923811161	0.1074032192165225	-0.1060988941111635	0.1122316618113314	-0.12383280163488114	0.1262602510677408	-0.16658092386816284	0.11861888738108461	-0.13678184878096933	0.156580241446957	-0.18959585449502533	0.1695866592267055	-0.16079804851094995	0.1472614050044084	-0.16136358198642042	0.2659204650586032	-0.16271263787025642	0.16774677432620963	-0.1791326340811954	0.28221043707951243	-0.5559119930248742	0.243438446228966	-0.19259105980365535	0.17403682318042388	-0.2288279254780526	0.9999999999999967	-0.5173237353474551	0.12518721705813207	-0.11761251650383504	0.2159937879576651	-0.35815568570088074	0.24259306391164598
-0.08924094331254613	0.08163448937474249	-0.13626876906545082	0.13582894536656726	-0.10682279687382784	0.10318936292327173	-0.11172847956761672	0.12072923922139434	-0.1256393126927136	0.1593413606770666	-0.11676825454087966	0.13011624869580568	-0.15862706870790919	0.18281390314247944	-0.2018627028397401	0.1491777892737452	-0.14379537741404036	0.1493703569795509	-0.2938754399798215	0.17520464457887444	-0.17223845533057155	0.164915616108855	-0.28197973327986453	0.2644516013961067	-0.3362789384022975	0.17695591699540975	-0.1715028067834883	0.1806497102190971	-0.5173237353474551	0.9999999999999953	-0.13474030634333378	0.11791365870466448	-0.24152101885879973	0.30518392126076693	-0.5092806361390663
0.057440260180750324	-0.05276913081095695	0.08398004956349968	-0.08302826870657348	0.06251017772145137	-0.06990903675401598	0.07271320578904511	-0.07570779713609702	0.07445646925793735	-0.09431328772705316	0.0848890626111685	-0.09713672166440152	0.09944293173091198	-0.10417385688008814	0.0881032320137988	-0.1263848826297992	0.11645603331697732	-0.10009537856935433	0.13184840244441157	-0.07235372305790459	0.18809551371714767	-0.18740477950445492	0.13890585014332088	-0.10769067331813095	0.10552558914105363	-0.34925341414565725	0.24869279655560883	-0.21313875874487387	0.12518721705813207	-0.13474030634333378	0.9999999999999959	-0.8329815917840431	0.22444382959729167	-0.10758912975426863	0.08434998685214677
-0.049615185136585055	0.04539512964076055	-0.07266906389114328	0.07038568616820073	-0.05337821970932618	0.05986611860157029	-0.06281618492275459	0.06504454715253935	-0.0641386868844663	0.07982445215100172	-0.07391424973087947	0.08327653589865745	-0.08822970625264141	0.08968453102583887	-0.07706219396641444	0.10753768765634053	-0.10588176722946988	0.0883012366927004	-0.11718680142182725	0.06318885982485097	-0.1761142725401274	0.16926551033668977	-0.12853804813738978	0.09709966700310227	-0.09388048584741066	0.24171825256351928	-0.3410793605045301	0.21507237134200607	-0.11761251650383504	0.11791365870466448	-0.8329815917840431	0.999999999999996	-0.30282644111965856	0.10138923877562481	-0.08156492821264957
0.07633441847482597	-0.07028120477179094	0.11234574213295914	-0.11332230914011582	0.08535451047838452	-0.0925969546704071	0.0965922878291613	-0.10188430643102737	0.10108082954459313	-0.12970938108962463	0.11023199940793285	-0.12653550227238056	0.13233356428862744	-0.14333725443270318	0.12413944724723297	-0.16146043033777038	0.14806737051512753	-0.1333154018264099	0.18537094419596897	-0.10500962620100662	0.2080798751105678	-0.22911407873676046	0.19595180994859426	-0.16656181440505358	0.155088828718192	-0.31787354811590635	0.2999303806338204	-0.6917804320208412	0.2159937879576651	-0.24152101885879973	0.22444382959729167	-0.30282644111965856	0.9999999999999959	-0.2776937417697479	0.17712724307966954
-0.05877967309010693	0.05387781651558584	-0.08889435014184868	0.08905821891584557	-0.06902000586931764	0.0688538062326885	-0.07383698619493158	0.07944300217234446	-0.08157645740607417	0.10353244230667802	-0.07896068483605327	0.08865345078075718	-0.1047818092650294	0.11835011889915358	-0.1191596763773672	0.10424008546712643	-0.0995814164681673	0.10080075642986686	-0.18414018380418876	0.10227710729902019	-0.12369565832786489	0.1222439915262605	-0.18436785732077596	0.17849938401062415	-0.17221281573528874	0.14022832972489302	-0.13775793363721087	0.16995398530433187	-0.35815568570088074	0.30518392126076693	-0.10758912975426863	0.10138923877562481	-0.2776937417697479	0.999999999999996	-0.7793683213825915
0.049562405794353455	-0.04556584129938989	0.07493214424273606	-0.0767903928983272	0.05908327862611067	-0.05834796564354532	0.062259532501807935	-0.06741219466941227	0.06919164144561676	-0.08978392694735855	0.06608248281804116	-0.074729162313765	0.08641875272190032	-0.10073937698674787	0.10039113315510759	-0.08795325512561208	0.08219437657332614	-0.08352721130360086	0.1481387619510874	-0.09041927605508268	0.10103233689992787	-0.10088938560691721	0.1447611874571766	-0.14702499011972822	0.1474323301025013	-0.11912113052734068	0.10898181421313405	-0.13858657344902386	0.24259306391164598	-0.5092806361390663	0.08434998685214677	-0.08156492821264957	0.17712724307966954	-0.7793683213825915	0.999999999999996
