1.0	-0.37185296051863365	0.17152400585639627	-0.10651044159891551	0.078193838548203	-0.7854598843073731	0.28699865307544725	-0.20716552721577114	0.1026709699345803	-0.07114689732171156	0.2052697523623054	-0.17325775803458687	0.10495073379909563	-0.10625993712823877	0.10227937846194138	-0.2346498675935433	0.15467907225574892	-0.07333915760439304	0.06988172440417803	-0.08450209414524869	0.08856389173678861	-0.09168941995333647	0.08558740540938796	-0.06920749252895161	0.06822158950479235	-0.07588739717322283	0.08229533878901256	-0.07713150106551578	0.060287939215324375	-0.04590932618425198	0.07052219160880446	-0.061123440219998534	0.08994649205894038	-0.0639212731911051	0.04232607645048685
-0.37185296051863365	1.0	-0.350596869435434	0.13753705409457767	-0.09289721048736813	0.26748458827667276	-0.7634926798477177	0.22305910289211145	-0.12948197690903965	0.08041834716412202	-0.15101497798812724	0.1465767869197846	-0.10197409458881025	0.09723758365625162	-0.09728834393747916	0.13931903276746926	-0.14562130630388753	0.06379845457993727	-0.06175286754642108	0.07507032015250253	-0.06945316240192011	0.07584252928337341	-0.07334024432466046	0.059215059315585246	-0.05947444407008795	0.05804052093437284	-0.06883976508511977	0.06386710217619432	-0.05134388315239327	0.03902999777977632	-0.05814187280324594	0.0496778986938787	-0.0757820485349283	0.05373723613735208	-0.03614139772129671
0.17152400585639627	-0.350596869435434	1.0	-0.4726745229137741	0.19485022843500924	-0.14288271170336814	0.2110391762221821	-0.654838046854545	0.2861566999768178	-0.1808383766820047	0.09849105521314633	-0.09796528433606624	0.1734702525464452	-0.1777445011052781	0.15779333433176676	-0.1134102200288669	0.10550083486704921	-0.09497901005827547	0.09185651930232479	-0.11999922736149504	0.07399308697484469	-0.0828889401969822	0.0904831554868087	-0.08299304994352975	0.08541258401236856	-0.0634454385226469	0.07833496965120955	-0.07907282716488281	0.06979719546856472	-0.05542812261014149	0.06896608907187456	-0.05889866713658484	0.09567498615689972	-0.07422218268666997	0.05055153481537919
-0.10651044159891551	0.13753705409457767	-0.4726745229137741	0.9999999999999998	-0.4175199172001045	0.0799930418856872	-0.11923138941098653	0.2912093430800812	-0.6713657192840334	0.26921335307380956	-0.06288490587011666	0.061537003668635945	-0.12880463165520364	0.13053413859112756	-0.16414621474597743	0.07323941891696206	-0.07058625214156627	0.07078154765847233	-0.07133265493898996	0.10962595397144642	-0.05384399985306721	0.060656201562992625	-0.06870672189100084	0.0665492553077557	-0.07118355231519981	0.0461440717108964	-0.058252804556238984	0.05974728143967033	-0.055223598808532885	0.04492499542305655	-0.05164692750403164	0.043983327496764105	-0.07304838158622447	0.05892340147854129	-0.0406660636294261
0.078193838548203	-0.09289721048736813	0.19485022843500924	-0.4175199172001045	0.9999999999999998	-0.06098426560096548	0.07888731651757927	-0.22782496376196446	0.29126166940710807	-0.7785076052788097	0.05644442742956004	-0.05558414940803921	0.1142512169226671	-0.12475699217230404	0.22281208890340684	-0.0714239779524768	0.06692183533211446	-0.07805619788615177	0.07769957433259739	-0.16698209670601402	0.05940754721902723	-0.06795288434740036	0.07855250558692409	-0.08395597012335922	0.09172007821869492	-0.05156501888467993	0.06585429015636357	-0.06987762894787461	0.06794599312787347	-0.05831501635516509	0.05897340894852072	-0.050542822648994054	0.08517973560160078	-0.0748324571502285	0.05136406231198777
-0.7854598843073731	0.26748458827667276	-0.14288271170336814	0.0799930418856872	-0.06098426560096548	0.9999999999999999	-0.4373066522938785	0.14635012225154326	-0.07992601555902105	0.05417983133150824	-0.2625930868676959	0.16608716104771487	-0.08282292771103474	0.08002085504601232	-0.07980203026683835	0.18959388425579868	-0.15107255394191135	0.05778917468323835	-0.05533431220962627	0.06521802535631353	-0.07416572251279484	0.07716995431044094	-0.0707055992296363	0.05491814468847818	-0.0539999678392263	0.06187431364231346	-0.06878062575238297	0.06257360514582778	-0.0481042485048616	0.03606583193154361	-0.05788422118192528	0.04980643699866443	-0.07300472240444728	0.05044091280146107	-0.03345001041259632
0.28699865307544725	-0.7634926798477177	0.2110391762221821	-0.11923138941098653	0.07888731651757927	-0.4373066522938785	0.9999999999999999	-0.23413652734456586	0.10947813596607268	-0.07139114677876994	0.16198128322209937	-0.19042500308758378	0.09690341480005718	-0.09515570493468682	0.08928753457195936	-0.15329215863487944	0.14591978080306825	-0.06227131188391878	0.059570776698220425	-0.07155947691703031	0.06879319767321673	-0.07589850649456936	0.07120886442721157	-0.05735775797959215	0.05686178314306606	-0.05800672915351447	0.06724408458498388	-0.06250046354482096	0.04957058153068958	-0.037684619722288766	0.05639309325296459	-0.0486245481474117	0.07291703221891063	-0.052148207133040664	0.034770479896810126
-0.20716552721577114	0.22305910289211145	-0.654838046854545	0.2912093430800812	-0.22782496376196446	0.14635012225154326	-0.23413652734456586	0.999999999999999	-0.43775919538696334	0.1915372029159648	-0.11152618596202939	0.1082589490783922	-0.28793736271967896	0.2080382622704466	-0.196238765783485	0.12290051662854336	-0.1233409200435666	0.11381091574781195	-0.11231205535654235	0.1337382249293855	-0.08614252285169251	0.09580924009207371	-0.10747638295111593	0.09600294949066025	-0.10019613239753113	0.07294774946100063	-0.09184972650002578	0.09171613098353132	-0.08136334535706183	0.06332868938748208	-0.08106555037246951	0.0685015424743102	-0.11297388784675712	0.08467969104606848	-0.05862398497996887
0.1026709699345803	-0.12948197690903965	0.2861566999768178	-0.6713657192840334	0.29126166940710807	-0.07992601555902105	0.10947813596607268	-0.43775919538696334	1.0000000000000004	-0.41202206737481895	0.06716701651986795	-0.06636479302822339	0.15892810748239655	-0.1826332477755372	0.18439839439023314	-0.08129180565564761	0.07713730920289988	-0.08752759839181784	0.0879222045737132	-0.13451816312133677	0.062389742238514505	-0.07100632114543401	0.08145387174194336	-0.0804767057270692	0.08508068782213563	-0.05375759792891747	0.06818001784676345	-0.07087169151862	0.06613404125458144	-0.054162384736512616	0.060504363016996285	-0.05168272262878426	0.08615504024092975	-0.07098148097471324	0.04872448827684081
-0.07114689732171156	0.08041834716412202	-0.1808383766820047	0.26921335307380956	-0.7785076052788097	0.05417983133150824	-0.07139114677876994	0.1915372029159648	-0.41202206737481895	0.9999999999999996	-0.05048229645957961	0.04958228736516334	-0.105974069927162	0.11252209475733961	-0.3221706255694924	0.06316011722063215	-0.060111366582375904	0.07025444507660254	-0.0711715301140144	0.1544458811940206	-0.05333728054722761	0.060942095997764345	-0.07125226854985336	0.07606417733094377	-0.08611475334057771	0.04612831092582254	-0.05927839216019226	0.06270022282351163	-0.0616498049059716	0.05262844729996477	-0.05301337321695172	0.04531461757300729	-0.07683044698837253	0.0669888115420425	-0.046747299788692784
0.2052697523623054	-0.15101497798812724	0.09849105521314633	-0.06288490587011666	0.05644442742956004	-0.2625930868676959	0.16198128322209937	-0.11152618596202939	0.06716701651986795	-0.05048229645957961	1.0000000000000016	-0.580065483927027	0.10235283114266468	-0.09858618143745847	0.09598832863067044	-0.6510522889474115	0.30740010612435226	-0.08500645590841982	0.07921961561339898	-0.08761147021593649	0.1440571467989513	-0.14406932656017368	0.11521931420921346	-0.08288101302041558	0.07743719718951314	-0.12011655491904857	0.11876426442033992	-0.10352690228706629	0.07278246358553112	-0.0529980974626612	0.09630045774158684	-0.08485756752161953	0.11345826056816669	-0.07636633145210403	0.0490650402909521
-0.17325775803458687	0.1465767869197846	-0.09796528433606624	0.061537003668635945	-0.05558414940803921	0.16608716104771487	-0.19042500308758378	0.1082589490783922	-0.06636479302822339	0.04958228736516334	-0.580065483927027	0.9999999999999968	-0.11826450057755111	0.10416081403071072	-0.09494495130282753	0.3111999335836897	-0.67316079329617	0.08976544059824086	-0.08417868520123845	0.08653938354099765	-0.13387181060639322	0.1657004823087972	-0.13114590005397456	0.08555431197132882	-0.07934996141471506	0.10774099714607664	-0.13227912830177407	0.10748692797542783	-0.07499719406591424	0.05314513323291885	-0.09700503904877855	0.08467699944446926	-0.11653471805252584	0.07669591096612632	-0.04956135691815077
0.10495073379909563	-0.10197409458881025	0.1734702525464452	-0.12880463165520364	0.1142512169226671	-0.08282292771103474	0.09690341480005718	-0.28793736271967896	0.15892810748239655	-0.105974069927162	0.10235283114266468	-0.11826450057755111	0.9999999999999984	-0.7982359227555343	0.18143039324503715	-0.12927169726117882	0.12855079318922594	-0.29974464695928243	0.24359338966579794	-0.16287938066477564	0.10789649172751599	-0.13649028414635903	0.1654885615110025	-0.15073924029322777	0.13709037442338703	-0.09471494481386147	0.12294281266556549	-0.13317373018802064	0.11813404472845636	-0.08845456464668949	0.10330967067411816	-0.09060966207613506	0.1479977954331137	-0.12190292190739364	0.08094407227131645
-0.10625993712823877	0.09723758365625162	-0.1777445011052781	0.13053413859112756	-0.12475699217230404	0.08002085504601232	-0.09515570493468682	0.2080382622704466	-0.1826332477755372	0.11252209475733961	-0.09858618143745847	0.10416081403071072	-0.7982359227555343	0.9999999999999979	-0.2089452167536607	0.1196370469485181	-0.12692807889109511	0.24535119885015913	-0.3459640085429184	0.1633231476168751	-0.11020664302434963	0.13240494075677225	-0.17162428443362432	0.1564731420320993	-0.14964787848270078	0.0941118383221233	-0.12594139321136122	0.1317216793541673	-0.12529345345738938	0.08976678954736814	-0.10760920060454685	0.0918827968067659	-0.1563140907445336	0.12163627619450952	-0.08470710499360064
0.10227937846194138	-0.09728834393747916	0.15779333433176676	-0.16414621474597743	0.22281208890340684	-0.07980203026683835	0.08928753457195936	-0.196238765783485	0.18439839439023314	-0.3221706255694924	0.09598832863067044	-0.09494495130282753	0.18143039324503715	-0.2089452167536607	0.9999999999999993	-0.1309101197261677	0.12254450969136468	-0.16630506840895404	0.1669993112879809	-0.5998975309808785	0.12671611375884997	-0.14865950931310368	0.1767882681852798	-0.21460342172267916	0.24701476514382464	-0.11121253369346941	0.14472016014213876	-0.158974075574556	0.16581661767922148	-0.15081050060912565	0.12963878059639264	-0.11205383286665438	0.1918948079812933	-0.18646355062359285	0.1289611591332837
-0.2346498675935433	0.13931903276746926	-0.1134102200288669	0.07323941891696206	-0.0714239779524768	0.18959388425579868	-0.15329215863487944	0.12290051662854336	-0.08129180565564761	0.06316011722063215	-0.6510522889474115	0.3111999335836897	-0.12927169726117882	0.1196370469485181	-0.1309101197261677	0.9999999999999964	-0.48457937759272407	0.11401322335020646	-0.10949586545220948	0.11679643545359013	-0.26773476771641364	0.19966224233443436	-0.17019507219223373	0.11477157914944139	-0.10896049324901409	0.17669316613495287	-0.18329429458676808	0.14870696137659717	-0.10384480389369666	0.07329639925718356	-0.15172266948060698	0.1257912284733886	-0.17265209386571437	0.10603025349606628	-0.06908449127782809
0.15467907225574892	-0.14562130630388753	0.10550083486704921	-0.07058625214156627	0.06692183533211446	-0.15107255394191135	0.14591978080306825	-0.1233409200435666	0.07713730920289988	-0.060111366582375904	0.30740010612435226	-0.67316079329617	0.12855079318922594	-0.12692807889109511	0.12254450969136468	-0.48457937759272407	0.9999999999999977	-0.1234157280564905	0.11077241585512192	-0.11831659463502216	0.17814670044268827	-0.30585063221307135	0.17847654608655927	-0.11962593135151253	0.10667153724584039	-0.1560357688613588	0.17934909143719802	-0.15376854423260738	0.10215223006016055	-0.07328814578676783	0.12889801256430344	-0.11874276141886207	0.1544467826825987	-0.1069264378979747	0.06740284927677301
-0.07333915760439304	0.06379845457993727	-0.09497901005827547	0.07078154765847233	-0.07805619788615177	0.05778917468323835	-0.06227131188391878	0.11381091574781195	-0.08752759839181784	0.07025444507660254	-0.08500645590841982	0.08976544059824086	-0.29974464695928243	0.24535119885015913	-0.16630506840895404	0.11401322335020646	-0.1234157280564905	0.9999999999999954	-0.7692218383559467	0.17244572656641824	-0.130669227032506	0.18767138445397183	-0.3697149013164734	0.22991802134184844	-0.1887703568443409	0.11226048607882547	-0.1645245277271429	0.1789113211476032	-0.1666248263268072	0.10647111770074912	-0.12360180759233054	0.10940970643319062	-0.18598511445106988	0.1492875360321283	-0.10039388407726199
0.06988172440417803	-0.06175286754642108	0.09185651930232479	-0.07133265493898996	0.07769957433259739	-0.05533431220962627	0.059570776698220425	-0.11231205535654235	0.0879222045737132	-0.0711715301140144	0.07921961561339898	-0.08417868520123845	0.24359338966579794	-0.3459640085429184	0.1669993112879809	-0.10949586545220948	0.11077241585512192	-0.7692218383559467	0.9999999999999981	-0.20430595460335702	0.11657842100128651	-0.17473246213230725	0.24509286642225828	-0.3137204169473083	0.1940726737343544	-0.10453545801796295	0.14502824891048524	-0.17172648463759801	0.16889410332929652	-0.11432284873289485	0.11168642254401336	-0.10170816751081141	0.16740920943391255	-0.16247395015062677	0.10312072320706579
-0.08450209414524869	0.07507032015250253	-0.11999922736149504	0.10962595397144642	-0.16698209670601402	0.06521802535631353	-0.07155947691703031	0.1337382249293855	-0.13451816312133677	0.1544458811940206	-0.08761147021593649	0.08653938354099765	-0.16287938066477564	0.1633231476168751	-0.5998975309808785	0.11679643545359013	-0.11831659463502216	0.17244572656641824	-0.20430595460335702	0.9999999999999934	-0.1335983517302167	0.15454199306825814	-0.21141643960427184	0.25528081595378843	-0.5473116113955145	0.11350335415478409	-0.157415385966333	0.1681415897544628	-0.20518749551296972	0.17454104295617165	-0.13924205282040983	0.11722941023488548	-0.21504686422529543	0.19124844266710866	-0.16715339091153428
0.08856389173678861	-0.06945316240192011	0.07399308697484469	-0.05384399985306721	0.05940754721902723	-0.07416572251279484	0.06879319767321673	-0.08614252285169251	0.062389742238514505	-0.05333728054722761	0.1440571467989513	-0.13387181060639322	0.10789649172751599	-0.11020664302434963	0.12671611375884997	-0.26773476771641364	0.17814670044268827	-0.130669227032506	0.11657842100128651	-0.1335983517302167	0.9999999999999942	-0.3369466461115879	0.20061589934899057	-0.13903684961144142	0.12054414161967593	-0.7696064221605687	0.2645538494673946	-0.21328231936062553	0.12224996378044801	-0.08703924474564662	0.22931286117372296	-0.21590006022403907	0.1998877889958823	-0.13208801252335864	0.07914440721073222
-0.09168941995333647	0.07584252928337341	-0.0828889401969822	0.060656201562992625	-0.06795288434740036	0.07716995431044094	-0.07589850649456936	0.09580924009207371	-0.07100632114543401	0.060942095997764345	-0.14406932656017368	0.1657004823087972	-0.13649028414635903	0.13240494075677225	-0.14865950931310368	0.19966224233443436	-0.30585063221307135	0.18767138445397183	-0.17473246213230725	0.15454199306825814	-0.3369466461115879	0.9999999999999993	-0.5480445801921443	0.1963084439134889	-0.16554934645512115	0.24297724079906935	-0.5313916917967005	0.2813540970919143	-0.16685855230280197	0.10557505086216198	-0.21509246809894378	0.19839788249604243	-0.25384172878112043	0.15825160956629977	-0.09899930036628271
0.08558740540938796	-0.07334024432466046	0.0904831554868087	-0.06870672189100084	0.07855250558692409	-0.0707055992296363	0.07120886442721157	-0.10747638295111593	0.08145387174194336	-0.07125226854985336	0.11521931420921346	-0.13114590005397456	0.1654885615110025	-0.17162428443362432	0.1767882681852798	-0.17019507219223373	0.17847654608655927	-0.3697149013164734	0.24509286642225828	-0.21141643960427184	0.20061589934899057	-0.5480445801921443	0.999999999999998	-0.3707038732369192	0.21684575748414714	-0.18785781338202626	0.2819508551703604	-0.4133319726111639	0.21464707511347314	-0.13908757035336317	0.17490870159830144	-0.17312350905953383	0.2584777320802913	-0.2105044221647073	0.12480141179181861
-0.06920749252895161	0.059215059315585246	-0.08299304994352975	0.0665492553077557	-0.08395597012335922	0.05491814468847818	-0.05735775797959215	0.09600294949066025	-0.0804767057270692	0.07606417733094377	-0.08288101302041558	0.08555431197132882	-0.15073924029322777	0.1564731420320993	-0.21460342172267916	0.11477157914944139	-0.11962593135151253	0.22991802134184844	-0.3137204169473083	0.25528081595378843	-0.13903684961144142	0.1963084439134889	-0.3707038732369192	0.9999999999999981	-0.5685843911327577	0.12143830446109545	-0.18108441724052032	0.21310763723857679	-0.4698618642955511	0.1938915187799127	-0.13778040427826999	0.12358316210399803	-0.2234819941852162	0.26619185888847574	-0.18373305336725312
0.06822158950479235	-0.05947444407008795	0.08541258401236856	-0.07118355231519981	0.09172007821869492	-0.0539999678392263	0.05686178314306606	-0.10019613239753113	0.08508068782213563	-0.08611475334057771	0.07743719718951314	-0.07934996141471506	0.13709037442338703	-0.14964787848270078	0.24701476514382464	-0.10896049324901409	0.10667153724584039	-0.1887703568443409	0.1940726737343544	-0.5473116113955145	0.12054414161967593	-0.16554934645512115	0.21684575748414714	-0.5685843911327577	0.9999999999999926	-0.10838802494881847	0.14959514932165233	-0.18098117100469277	0.2508071629532225	-0.3083920425912753	0.1219375842831398	-0.11064182697408344	0.19240671196107315	-0.2642185635615042	0.2097011408268413
-0.07588739717322283	0.05804052093437284	-0.0634454385226469	0.0461440717108964	-0.05156501888467993	0.06187431364231346	-0.05800672915351447	0.07294774946100063	-0.05375759792891747	0.04612831092582254	-0.12011655491904857	0.10774099714607664	-0.09471494481386147	0.0941118383221233	-0.11121253369346941	0.17669316613495287	-0.1560357688613588	0.11226048607882547	-0.10453545801796295	0.11350335415478409	-0.7696064221605687	0.24297724079906935	-0.18785781338202626	0.12143830446109545	-0.10838802494881847	0.999999999999992	-0.36262505934201983	0.20331423236411747	-0.11378963591431626	0.07699962554402189	-0.35278620298479413	0.2293163737464881	-0.21505922911177372	0.11825278643665005	-0.07162141121038981
0.08229533878901256	-0.06883976508511977	0.07833496965120955	-0.058252804556238984	0.06585429015636357	-0.06878062575238297	0.06724408458498388	-0.09184972650002578	0.06818001784676345	-0.05927839216019226	0.11876426442033992	-0.13227912830177407	0.12294281266556549	-0.12594139321136122	0.14472016014213876	-0.18329429458676808	0.17934909143719802	-0.1645245277271429	0.14502824891048524	-0.157415385966333	0.2645538494673946	-0.5313916917967005	0.2819508551703604	-0.18108441724052032	0.14959514932165233	-0.36262505934201983	0.999999999999994	-0.5061598864845094	0.16803838580692965	-0.10936871438661278	0.25744358627141106	-0.3518756148299583	0.28698945012387755	-0.17429273221272137	0.09972861427800148
-0.07713150106551578	0.06386710217619432	-0.07907282716488281	0.05974728143967033	-0.06987762894787461	0.06257360514582778	-0.06250046354482096	0.09171613098353132	-0.07087169151862	0.06270022282351163	-0.10352690228706629	0.10748692797542783	-0.13317373018802064	0.1317216793541673	-0.158974075574556	0.14870696137659717	-0.15376854423260738	0.1789113211476032	-0.17172648463759801	0.1681415897544628	-0.21328231936062553	0.2813540970919143	-0.4133319726111639	0.21310763723857679	-0.18098117100469277	0.20331423236411747	-0.5061598864845094	0.9999999999999918	-0.2701910399216737	0.13087088917873185	-0.2348401609250122	0.23428913676621876	-0.5779085200799787	0.22084220116664127	-0.12491482146969923
0.060287939215324375	-0.05134388315239327	0.06979719546856472	-0.055223598808532885	0.06794599312787347	-0.0481042485048616	0.04957058153068958	-0.08136334535706183	0.06613404125458144	-0.0616498049059716	0.07278246358553112	-0.07499719406591424	0.11813404472845636	-0.12529345345738938	0.16581661767922148	-0.10384480389369666	0.10215223006016055	-0.1666248263268072	0.16889410332929652	-0.20518749551296972	0.12224996378044801	-0.16685855230280197	0.21464707511347314	-0.4698618642955511	0.2508071629532225	-0.11378963591431626	0.16803838580692965	-0.2701910399216737	0.9999999999999921	-0.2680948416640154	0.1288830658145344	-0.12355605381662477	0.23435485124279715	-0.690685070939663	0.2271065781305432
-0.04590932618425198	0.03902999777977632	-0.05542812261014149	0.04492499542305655	-0.05831501635516509	0.03606583193154361	-0.037684619722288766	0.06332868938748208	-0.054162384736512616	0.05262844729996477	-0.0529980974626612	0.05314513323291885	-0.08845456464668949	0.08976678954736814	-0.15081050060912565	0.07329639925718356	-0.07328814578676783	0.10647111770074912	-0.11432284873289485	0.17454104295617165	-0.08703924474564662	0.10557505086216198	-0.13908757035336317	0.1938915187799127	-0.3083920425912753	0.07699962554402189	-0.10936871438661278	0.13087088917873185	-0.2680948416640154	0.9999999999999922	-0.0938701339482205	0.0833984075242113	-0.16404221229377272	0.26043695143178136	-0.8388194950551879
0.07052219160880446	-0.05814187280324594	0.06896608907187456	-0.05164692750403164	0.05897340894852072	-0.05788422118192528	0.05639309325296459	-0.08106555037246951	0.060504363016996285	-0.05301337321695172	0.09630045774158684	-0.09700503904877855	0.10330967067411816	-0.10760920060454685	0.12963878059639264	-0.15172266948060698	0.12889801256430344	-0.12360180759233054	0.11168642254401336	-0.13924205282040983	0.22931286117372296	-0.21509246809894378	0.17490870159830144	-0.13778040427826999	0.1219375842831398	-0.35278620298479413	0.25744358627141106	-0.2348401609250122	0.1288830658145344	-0.0938701339482205	0.9999999999999926	-0.7740562363869062	0.2602798468834363	-0.1495549740121273	0.08475243452282785
-0.061123440219998534	0.0496778986938787	-0.05889866713658484	0.043983327496764105	-0.050542822648994054	0.04980643699866443	-0.0486245481474117	0.0685015424743102	-0.05168272262878426	0.04531461757300729	-0.08485756752161953	0.08467699944446926	-0.09060966207613506	0.0918827968067659	-0.11205383286665438	0.1257912284733886	-0.11874276141886207	0.10940970643319062	-0.10170816751081141	0.11722941023488548	-0.21590006022403907	0.19839788249604243	-0.17312350905953383	0.12358316210399803	-0.11064182697408344	0.2293163737464881	-0.3518756148299583	0.23428913676621876	-0.12355605381662477	0.0833984075242113	-0.7740562363869062	0.9999999999999927	-0.38768397804965293	0.13667645295728503	-0.07788954245056755
0.08994649205894038	-0.0757820485349283	0.09567498615689972	-0.07304838158622447	0.08517973560160078	-0.07300472240444728	0.07291703221891063	-0.11297388784675712	0.08615504024092975	-0.07683044698837253	0.11345826056816669	-0.11653471805252584	0.1479977954331137	-0.1563140907445336	0.1918948079812933	-0.17265209386571437	0.1544467826825987	-0.18598511445106988	0.16740920943391255	-0.21504686422529543	0.1998877889958823	-0.25384172878112043	0.2584777320802913	-0.2234819941852162	0.19240671196107315	-0.21505922911177372	0.28698945012387755	-0.5779085200799787	0.23435485124279715	-0.16404221229377272	0.2602798468834363	-0.38768397804965293	0.9999999999999931	-0.32360949645086545	0.14902196144331864
-0.0639212731911051	0.05373723613735208	-0.07422218268666997	0.05892340147854129	-0.0748324571502285	0.05044091280146107	-0.052148207133040664	0.08467969104606848	-0.07098148097471324	0.0669888115420425	-0.07636633145210403	0.07669591096612632	-0.12190292190739364	0.12163627619450952	-0.18646355062359285	0.10603025349606628	-0.1069264378979747	0.1492875360321283	-0.16247395015062677	0.19124844266710866	-0.13208801252335864	0.15825160956629977	-0.2105044221647073	0.26619185888847574	-0.2642185635615042	0.11825278643665005	-0.17429273221272137	0.22084220116664127	-0.690685070939663	0.26043695143178136	-0.1495549740121273	0.13667645295728503	-0.32360949645086545	0.9999999999999932	-0.39219402637945777
0.04232607645048685	-0.03614139772129671	0.05055153481537919	-0.0406660636294261	0.05136406231198777	-0.03345001041259632	0.034770479896810126	-0.05862398497996887	0.04872448827684081	-0.046747299788692784	0.0490650402909521	-0.04956135691815077	0.08094407227131645	-0.08470710499360064	0.1289611591332837	-0.06908449127782809	0.06740284927677301	-0.10039388407726199	0.10312072320706579	-0.16715339091153428	0.07914440721073222	-0.09899930036628271	0.12480141179181861	-0.18373305336725312	0.2097011408268413	-0.07162141121038981	0.09972861427800148	-0.12491482146969923	0.2271065781305432	-0.8388194950551879	0.08475243452282785	-0.07788954245056755	0.14902196144331864	-0.39219402637945777	0.9999999999999931
