1.0	-0.8141933322682438	0.2865890920929351	-0.41506402144581794	0.01336909496393214	-0.22170255426613764	0.17669441000738254	-0.1730467390950431	0.15364005319273338	-0.013087217341091327	0.06740913142954255	-0.0936157341089827	0.10611579368375694	-0.09143291725995342	0.05033005248045345	-0.06863055914346225	0.06938521912187459	-0.08353864008617304	0.09928565055015501	-0.04335829671119717	0.061095189195805866	-0.0753429495636026	0.06457787190250047	-0.0801476446037051	0.045511520452644914	-0.042131191566372156	0.07424097016857004	-0.05883717530249344	0.06446320552803125	-0.05022332162997737	0.06537038935053095	-0.055494876566273235	0.04798505128324216	-0.04418269787203066	0.027173664995700408	-0.07171366685416841	0.052700284947195336	-0.04767056758433771	0.05100932579316694	-0.033531864192822614
-0.8141933322682438	1.0000000000000002	-0.4422909399643331	0.28972598496481716	-0.011532553959264254	0.16429572380808566	-0.18696741913333387	0.1576197500021543	-0.1461279834347005	0.011225947270069191	-0.05849706820741845	0.08182608589173193	-0.09790160394003015	0.08200276432154772	-0.04479747351381039	0.05840242362970101	-0.060593653756340106	0.07181633731402985	-0.09020454862269016	0.038234456044033506	-0.053217530610363814	0.06454670089073317	-0.05598488570974476	0.06890001845881266	-0.03951395411717856	0.03650946793751209	-0.06485659981973861	0.050809997619907475	-0.05621158416122728	0.043077235640641046	-0.05683113346079071	0.0474955108391951	-0.0414322592639259	0.03814932683394924	-0.023332459112837853	0.0598431348717186	-0.04513334618159957	0.04081526104720935	-0.04429348669133763	0.028617695328364307
0.2865890920929351	-0.4422909399643331	1.0000000000000002	-0.8096418128364956	0.012891771775532995	-0.13583103372649355	0.15472091035899835	-0.2233470306038891	0.152020131453323	-0.012630391730580911	0.05398557078989234	-0.07895618917938729	0.10131886683108655	-0.08341995833407884	0.04188924608012707	-0.054073537587541735	0.056952411538021344	-0.06786303765927792	0.08522742001991648	-0.03598996383553822	0.047283171850372015	-0.059730292673443534	0.05182871423894662	-0.06381930943019572	0.03644225612030611	-0.03254402222306636	0.05837359827530291	-0.04617954934987047	0.05085588964261218	-0.03975877125970415	0.050132677602821765	-0.04238302523970332	0.03709678545374427	-0.034349839139239044	0.021302271456494864	-0.05305396082083849	0.03997904960679952	-0.036529772722518894	0.03966845570080782	-0.02616585049195118
-0.41506402144581794	0.28972598496481716	-0.8096418128364956	1.0000000000000002	-0.016865291853719044	0.15766067337328693	-0.18122672662471168	0.19334071126976862	-0.2021470132268655	0.016328524969549205	-0.06545942320430012	0.0925771795911887	-0.11958457230728202	0.10147070452747149	-0.05266940240091318	0.06496021437684048	-0.06882360267246966	0.08153134705596671	-0.10781181386185285	0.04486231527231193	-0.05920547474171078	0.0725412972665391	-0.06351895385706682	0.07844801318870702	-0.04525701758975595	0.04060572924375938	-0.0729113648768813	0.05712346405095903	-0.06347959334054049	0.04905322686833206	-0.06301532518904066	0.05269403103737147	-0.04626307440008759	0.0427594223478866	-0.02639723862679177	0.0654822083780677	-0.049907295984581865	0.04540319575773595	-0.049632946019749366	0.032313729498887306
0.01336909496393214	-0.011532553959264254	0.012891771775532995	-0.016865291853719044	0.9999999999999998	-0.02901740985797803	0.020408363246781087	-0.024997038095278975	0.038020533408407484	-0.995204711703218	0.013683072332990005	-0.019926591793162494	0.022020102901698365	-0.028172483693078884	0.057605050180798895	-0.014641017871531666	0.015683504678476793	-0.020376408235733195	0.029136433361268144	-0.04992516812871969	0.013391464211608372	-0.01847010327251757	0.016692142894440466	-0.026095584157719228	0.02498073758184403	-0.009447545479828009	0.01779922562738859	-0.015146570164946298	0.017415021868101878	-0.028274333172672556	0.014320582832960171	-0.01320142210514711	0.011902880252832903	-0.011779857172713808	0.012475947014721933	-0.01644947773258606	0.01223625634313786	-0.01192692192382054	0.013227494390062336	-0.01580918916966401
-0.22170255426613764	0.16429572380808566	-0.13583103372649355	0.15766067337328693	-0.02901740985797803	1.0000000000000007	-0.6201394135509654	0.30819873565655204	-0.42197877997456423	0.02794418355339329	-0.2092297517399275	0.23091151935505255	-0.2699909849583651	0.23065383476555792	-0.14098484284867513	0.1821373071460944	-0.18439722253046578	0.20714726927965527	-0.28739560277720666	0.11699978482521761	-0.18969427284936854	0.1938442415669264	-0.17319404798838664	0.20758373936393062	-0.12189243444966964	0.12672425394890635	-0.2219849142305157	0.16369570678011025	-0.18783938393470187	0.12896126823096019	-0.20429893827900944	0.1566096416807156	-0.1387661236307454	0.12570699975736374	-0.07196892690331039	0.1837844738514476	-0.15174437973284485	0.13325496375028958	-0.15053411371829217	0.08647082814794803
0.17669441000738254	-0.18696741913333387	0.15472091035899835	-0.18122672662471168	0.020408363246781087	-0.6201394135509654	1.0000000000000007	-0.5923226238280019	0.2877754946996912	-0.019903134344116762	0.15508790989728366	-0.25470495299680895	0.243258597161127	-0.1925406020547067	0.09918466761817289	-0.15738676625421424	0.15893265208924442	-0.18593865701500423	0.19798545081234398	-0.08620223298642755	0.12256512272946504	-0.16324935941042443	0.13669364890935795	-0.16294885777491425	0.09062178001059751	-0.08473814013959452	0.15008365723735803	-0.12006156667381637	0.12938921821788557	-0.09991442012264964	0.1286818531693713	-0.1097930590689894	0.09528882377648099	-0.08806576165127332	0.0536681106597138	-0.1385426615241767	0.10293238677710875	-0.09423105658891356	0.1010799633729122	-0.06617559993797367
-0.1730467390950431	0.1576197500021543	-0.2233470306038891	0.19334071126976862	-0.024997038095278975	0.30819873565655204	-0.5923226238280019	1.0000000000000013	-0.5063208605961871	0.024333251476595697	-0.14823037129702776	0.2280066831425315	-0.39976288235970825	0.24290169051187446	-0.11108695573252844	0.14349397200466124	-0.15880347799296868	0.18328749609077244	-0.2377630132727717	0.09497663158358806	-0.11892005109588542	0.15594187030616904	-0.13716205994027425	0.16423911526182344	-0.09373068420644352	0.08169699316302015	-0.14905925033257847	0.11790791221246447	-0.12981585108543953	0.10103007869550554	-0.12423680128242129	0.10509413902654857	-0.09290733332706023	0.08643118803521035	-0.05369516379992339	0.12810284091890267	-0.09822177547229385	0.0907886915520641	-0.09963826301987012	0.06567648484634493
0.15364005319273338	-0.1461279834347005	0.152020131453323	-0.2021470132268655	0.038020533408407484	-0.42197877997456423	0.2877754946996912	-0.5063208605961871	1.0000000000000016	-0.03882663413854324	0.16505162887415678	-0.25699533555454	0.293696730317323	-0.49584419312231176	0.1457214190512937	-0.17722671192459735	0.18268316036094737	-0.2348404257849964	0.28814125531124063	-0.13351824829664846	0.14174084704057738	-0.20225612807421756	0.17206678540286768	-0.23381129165822825	0.12822392021507226	-0.09979062162367681	0.17978416043340217	-0.15141554420797843	0.1623463669489788	-0.14583300775150013	0.14960977068382084	-0.13575947397163732	0.11755057020290885	-0.11127973877701644	0.0747070564116295	-0.1767828675119211	0.1255953079065643	-0.1183038266886357	0.1245278139728249	-0.09384430593053558
-0.013087217341091327	0.011225947270069191	-0.012630391730580911	0.016328524969549205	-0.995204711703218	0.02794418355339329	-0.019903134344116762	0.024333251476595697	-0.03882663413854324	1.000000000000002	-0.013271288880133854	0.019315811352842268	-0.02155573899736377	0.027627711346621626	-0.061208282866594244	0.014162179157708277	-0.015204030513786786	0.019707831720211576	-0.028671873506554525	0.04802684909553723	-0.012981932760567515	0.017846373236564152	-0.0161618923125392	0.025165676147799243	-0.024267608126468485	0.00915075058689198	-0.017259487550701252	0.014648599353432995	-0.016876253309977007	0.02700456196003005	-0.013878420645943489	0.012760243077350812	-0.011517132823521053	0.0113865181542099	-0.011969127043626493	0.01586049226699599	-0.011834163040454211	0.011522291676735769	-0.012805804637552133	0.015097330217940911
0.06740913142954255	-0.05849706820741845	0.05398557078989234	-0.06545942320430012	0.013683072332990005	-0.2092297517399275	0.15508790989728366	-0.14823037129702776	0.16505162887415678	-0.013271288880133854	1.0000000000000004	-0.40588466276838797	0.20916181933082173	-0.14453048936183752	0.08080664547956776	-0.8034059699172955	0.258377338122331	-0.22808035560746628	0.16401978597680067	-0.07039299822852109	0.1435320290321312	-0.19985208828531834	0.15372511314345474	-0.14956534192182583	0.07869719243209193	-0.10009261676440882	0.15004820667595578	-0.12037687795782766	0.1218240791858902	-0.08530085531264588	0.1244331473712591	-0.10622893999898735	0.08957271538087477	-0.08187713608560195	0.045990858657821425	-0.12698674256825243	0.09352502191114787	-0.08780969565974547	0.0923917092835635	-0.05625029381044502
-0.0936157341089827	0.08182608589173193	-0.07895618917938729	0.0925771795911887	-0.019926591793162494	0.23091151935505255	-0.25470495299680895	0.2280066831425315	-0.25699533555454	0.019315811352842268	-0.40588466276838797	1.0000000000000004	-0.5469350840284126	0.23186208408806966	-0.11865509277137958	0.27586075401093957	-0.4752126420541228	0.2801418395373716	-0.2615293746500718	0.10101417906305807	-0.15712456116293338	0.23873079713617917	-0.20518611505921047	0.19233176011551775	-0.10587139503626616	0.10611963022786992	-0.19837892320496248	0.15224192903271258	-0.16146595699703578	0.11145134642422327	-0.15178987549947243	0.12693579876105043	-0.11328483898241547	0.10445954290117782	-0.06005266452620702	0.1460652655264848	-0.11522345778041052	0.10836967828772481	-0.12001726621959244	0.07258883822525555
0.10611579368375694	-0.09790160394003015	0.10131886683108655	-0.11958457230728202	0.022020102901698365	-0.2699909849583651	0.243258597161127	-0.39976288235970825	0.293696730317323	-0.02155573899736377	0.20916181933082173	-0.5469350840284126	1.0000000000000007	-0.46247775906931743	0.1301965966135882	-0.2180505765433332	0.249732285939857	-0.3237208272933965	0.277782979111193	-0.11643303237467738	0.136864764723608	-0.22716869139856743	0.19058020029389172	-0.21106724783373448	0.11311938314298638	-0.09579739911116607	0.17697221049327524	-0.14808837667471703	0.15362424772505454	-0.12362137174248114	0.13746475107982878	-0.12233957271111687	0.10802642001527524	-0.10173244708394122	0.06380252484005298	-0.1477539855783245	0.11080479575580884	-0.10597075602908385	0.11410776671464726	-0.07869791670929625
-0.09143291725995342	0.08200276432154772	-0.08341995833407884	0.10147070452747149	-0.028172483693078884	0.23065383476555792	-0.1925406020547067	0.24290169051187446	-0.49584419312231176	0.027627711346621626	-0.14453048936183752	0.23186208408806966	-0.46247775906931743	1.0000000000000044	-0.20331395222709592	0.14493397653437384	-0.16864680528695222	0.20924621646635838	-0.6040696039827452	0.16344315713983476	-0.11750095039879048	0.16932091078285938	-0.15638135340875708	0.21356332726429172	-0.12779014788132423	0.08193943091033806	-0.1563016041492352	0.1293717795522604	-0.14646829722503169	0.13257708063026166	-0.12193267068693406	0.10869726456526557	-0.09816477649238683	0.09442787393283061	-0.06600836483013231	0.130933419637322	-0.0998308522003291	0.0959918414974105	-0.10675975544871488	0.08062248154502469
0.05033005248045345	-0.04479747351381039	0.04188924608012707	-0.05266940240091318	0.057605050180798895	-0.14098484284867513	0.09918466761817289	-0.11108695573252844	0.1457214190512937	-0.061208282866594244	0.08080664547956776	-0.11865509277137958	0.1301965966135882	-0.20331395222709592	1.000000000000001	-0.08703588941528695	0.09710775028318398	-0.12968691323454473	0.21394339154813638	-0.8523018931226606	0.08308345749993007	-0.11828172351367784	0.11180529839855374	-0.19926093472114645	0.24458724620481767	-0.05894210466468412	0.11541986494287967	-0.10085340856647498	0.12050312541115711	-0.2756384250217242	0.08883796091971867	-0.08375959846852712	0.07786987814774401	-0.08004067972551233	0.1069398643214339	-0.09999053534004247	0.07687323180317823	-0.07764336739940897	0.08908837266753325	-0.1356416401604616
-0.06863055914346225	0.05840242362970101	-0.054073537587541735	0.06496021437684048	-0.014641017871531666	0.1821373071460944	-0.15738676625421424	0.14349397200466124	-0.17722671192459735	0.014162179157708277	-0.8034059699172955	0.27586075401093957	-0.2180505765433332	0.14493397653437384	-0.08703588941528695	1.0000000000000009	-0.36057504761757764	0.22093498315208895	-0.18047904630711362	0.0744492357861782	-0.18477755046165475	0.2007218582387481	-0.16660908255990187	0.15371273381236425	-0.0830986993180571	0.11457903565055423	-0.169970757517458	0.12862277814336642	-0.13401505068495473	0.08826004184449625	-0.1450322070764681	0.11515346617198087	-0.09803320910788307	0.08863585592067431	-0.048391490837725426	0.13293107459235498	-0.101843780746521	0.09442270884360526	-0.10164368873322102	0.05854604731291141
0.06938521912187459	-0.060593653756340106	0.056952411538021344	-0.06882360267246966	0.015683504678476793	-0.18439722253046578	0.15893265208924442	-0.15880347799296868	0.18268316036094737	-0.015204030513786786	0.258377338122331	-0.4752126420541228	0.249732285939857	-0.16864680528695222	0.09710775028318398	-0.36057504761757764	0.9999999999999982	-0.5586957241767272	0.20327076467752514	-0.08506477287263184	0.15268453667440507	-0.45565343566912164	0.26822763808181943	-0.1974509887766441	0.09855764504997237	-0.1057136828327159	0.20367352324707438	-0.16773326613566275	0.15914791689058433	-0.10388626398419576	0.14022916794710896	-0.1234070453722096	0.11026585649845604	-0.10198722154869189	0.05567514398876899	-0.13842477640128686	0.10826238191366902	-0.10506046108639791	0.11389682932024789	-0.06741160440972173
-0.08353864008617304	0.07181633731402985	-0.06786303765927792	0.08153134705596671	-0.020376408235733195	0.20714726927965527	-0.18593865701500423	0.18328749609077244	-0.2348404257849964	0.019707831720211576	-0.22808035560746628	0.2801418395373716	-0.3237208272933965	0.20924621646635838	-0.12968691323454473	0.22093498315208895	-0.5586957241767272	0.9999999999999984	-0.30499478837248023	0.11214479988184166	-0.17920147972560965	0.3187523434487154	-0.4902798772546862	0.25107219261240254	-0.12988001091780366	0.12276977003437003	-0.26452159890826876	0.2155232032203619	-0.21591862941831672	0.13143181897238468	-0.17539321249393794	0.15220201513591214	-0.1429938851941713	0.1319576870751499	-0.07135715197679189	0.1663384462279318	-0.13646562005567986	0.13251695429052007	-0.1498881336088148	0.08511283061677088
0.09928565055015501	-0.09020454862269016	0.08522742001991648	-0.10781181386185285	0.029136433361268144	-0.28739560277720666	0.19798545081234398	-0.2377630132727717	0.28814125531124063	-0.028671873506554525	0.16401978597680067	-0.2615293746500718	0.277782979111193	-0.6040696039827452	0.21394339154813638	-0.18047904630711362	0.20327076467752514	-0.30499478837248023	1.0000000000000002	-0.2492556215017795	0.14702204269817482	-0.23115729588641906	0.2142146049600942	-0.39171117581484954	0.18311400924254492	-0.10448668012692158	0.20013474473680917	-0.17802793006836892	0.1979166561588162	-0.19698511399010446	0.15362702310265475	-0.14422867351274976	0.12989907242909676	-0.12890068685665726	0.09343881247309226	-0.1762930875331662	0.13053095644095042	-0.129094740356489	0.14040663480949506	-0.11603701255631801
-0.04335829671119717	0.038234456044033506	-0.03598996383553822	0.04486231527231193	-0.04992516812871969	0.11699978482521761	-0.08620223298642755	0.09497663158358806	-0.13351824829664846	0.04802684909553723	-0.07039299822852109	0.10101417906305807	-0.11643303237467738	0.16344315713983476	-0.8523018931226606	0.0744492357861782	-0.08506477287263184	0.11214479988184166	-0.2492556215017795	0.9999999999999959	-0.07405236610468724	0.10213765553333307	-0.1007951412362073	0.1770186599263936	-0.3424686978737809	0.05222225117052154	-0.10435497315896962	0.089273503035038	-0.1109405343512186	0.22391740792340994	-0.07913448242490373	0.0732997184453755	-0.06925334524468221	0.07081690261012853	-0.09230298574392504	0.08550625136013684	-0.06765249916667511	0.06790706128084095	-0.0799894185855725	0.10713585459519852
0.061095189195805866	-0.053217530610363814	0.047283171850372015	-0.05920547474171078	0.013391464211608372	-0.18969427284936854	0.12256512272946504	-0.11892005109588542	0.14174084704057738	-0.012981932760567515	0.1435320290321312	-0.15712456116293338	0.136864764723608	-0.11750095039879048	0.08308345749993007	-0.18477755046165475	0.15268453667440507	-0.17920147972560965	0.14702204269817482	-0.07405236610468724	0.9999999999999986	-0.242459408954732	0.16557601141732306	-0.18880787051427037	0.09466227220087829	-0.7364782254156799	0.22461145437598562	-0.17850110516476209	0.16272996733844436	-0.10900533875223627	0.31337102969111386	-0.2587460188229086	0.1570744175701377	-0.13044258559954278	0.060960279583620464	-0.3194319831451375	0.18555167971089653	-0.16688924751623524	0.13996707420376706	-0.07632885441943692
-0.0753429495636026	0.06454670089073317	-0.059730292673443534	0.0725412972665391	-0.01847010327251757	0.1938442415669264	-0.16324935941042443	0.15594187030616904	-0.20225612807421756	0.017846373236564152	-0.19985208828531834	0.23873079713617917	-0.22716869139856743	0.16932091078285938	-0.11828172351367784	0.2007218582387481	-0.45565343566912164	0.3187523434487154	-0.23115729588641906	0.10213765553333307	-0.242459408954732	1.0000000000000007	-0.584777649449359	0.26068823373690636	-0.13088389118634686	0.156394205826154	-0.38059246565313026	0.25696115504404715	-0.2398897837072587	0.13252329160367718	-0.20346194624855404	0.1762471569113785	-0.16146909439666587	0.1464139724841737	-0.073295253239089	0.18514369950977072	-0.15201716679774774	0.1483262158499122	-0.164344889921681	0.08727164125129011
0.06457787190250047	-0.05598488570974476	0.05182871423894662	-0.06351895385706682	0.016692142894440466	-0.17319404798838664	0.13669364890935795	-0.13716205994027425	0.17206678540286768	-0.0161618923125392	0.15372511314345474	-0.20518611505921047	0.19058020029389172	-0.15638135340875708	0.11180529839855374	-0.16660908255990187	0.26822763808181943	-0.4902798772546862	0.2142146049600942	-0.1007951412362073	0.16557601141732306	-0.584777649449359	0.9999999999999952	-0.40215831641406746	0.14020456583818766	-0.1199290664380041	0.2773394159669167	-0.36731853161293915	0.2414269464977719	-0.1425846822347754	0.16049485095792065	-0.15656204673897603	0.15176742398624718	-0.1445400192610775	0.07332368310572947	-0.1637655256223075	0.1328661333823489	-0.14000043945430105	0.15166920142954513	-0.08817056398619512
-0.0801476446037051	0.06890001845881266	-0.06381930943019572	0.07844801318870702	-0.026095584157719228	0.20758373936393062	-0.16294885777491425	0.16423911526182344	-0.23381129165822825	0.025165676147799243	-0.14956534192182583	0.19233176011551775	-0.21106724783373448	0.21356332726429172	-0.19926093472114645	0.15371273381236425	-0.1974509887766441	0.25107219261240254	-0.39171117581484954	0.1770186599263936	-0.18880787051427037	0.26068823373690636	-0.40215831641406746	0.9999999999999921	-0.361259567652732	0.13273343753847255	-0.30400993829128464	0.2654102667637786	-0.4479167562534306	0.24470606858255026	-0.20031896365195387	0.18573804013981338	-0.19237136482118442	0.20355820778789227	-0.12512047399540824	0.1953745551529587	-0.16995902018511178	0.1759766962314964	-0.22794023187810225	0.13952014153527642
0.045511520452644914	-0.03951395411717856	0.03644225612030611	-0.04525701758975595	0.02498073758184403	-0.12189243444966964	0.09062178001059751	-0.09373068420644352	0.12822392021507226	-0.024267608126468485	0.07869719243209193	-0.10587139503626616	0.11311938314298638	-0.12779014788132423	0.24458724620481767	-0.0830986993180571	0.09855764504997237	-0.12988001091780366	0.18311400924254492	-0.3424686978737809	0.09466227220087829	-0.13088389118634686	0.14020456583818766	-0.361259567652732	0.9999999999999881	-0.0670897085020381	0.1406989229555035	-0.12537714085417406	0.16769977322919621	-0.7536822225456367	0.10214637145115654	-0.09695725721724639	0.09582502615502127	-0.10442521450008016	0.18946753213931264	-0.10747595217020192	0.089044341503084	-0.09344964360377572	0.11583086255519476	-0.22506411108776772
-0.042131191566372156	0.03650946793751209	-0.03254402222306636	0.04060572924375938	-0.009447545479828009	0.12672425394890635	-0.08473814013959452	0.08169699316302015	-0.09979062162367681	0.00915075058689198	-0.10009261676440882	0.10611963022786992	-0.09579739911116607	0.08193943091033806	-0.05894210466468412	0.11457903565055423	-0.1057136828327159	0.12276977003437003	-0.10448668012692158	0.05222225117052154	-0.7364782254156799	0.156394205826154	-0.1199290664380041	0.13273343753847255	-0.0670897085020381	0.9999999999999952	-0.2226967457147504	0.14104453482589943	-0.12479328895394108	0.0763708565366522	-0.5505494796940925	0.20262903154072195	-0.12417699365710344	0.09808643408333334	-0.0433214871404917	0.21517798584609132	-0.14310636235406154	0.12336143980933428	-0.10606680940558345	0.05377693194036375
0.07424097016857004	-0.06485659981973861	0.05837359827530291	-0.0729113648768813	0.01779922562738859	-0.2219849142305157	0.15008365723735803	-0.14905925033257847	0.17978416043340217	-0.017259487550701252	0.15004820667595578	-0.19837892320496248	0.17697221049327524	-0.1563016041492352	0.11541986494287967	-0.169970757517458	0.20367352324707438	-0.26452159890826876	0.20013474473680917	-0.10435497315896962	0.22461145437598562	-0.38059246565313026	0.2773394159669167	-0.30400993829128464	0.1406989229555035	-0.2226967457147504	0.9999999999999891	-0.6085126366324616	0.28822906652882735	-0.1620973309943189	0.2375701005470977	-0.31087102903025726	0.229882632336857	-0.20797926963514546	0.0882343139271324	-0.27353954672131203	0.2088833224372638	-0.22369178023940797	0.20194334043806247	-0.11033251175500469
-0.05883717530249344	0.050809997619907475	-0.04617954934987047	0.05712346405095903	-0.015146570164946298	0.16369570678011025	-0.12006156667381637	0.11790791221246447	-0.15141554420797843	0.014648599353432995	-0.12037687795782766	0.15224192903271258	-0.14808837667471703	0.1293717795522604	-0.10085340856647498	0.12862277814336642	-0.16773326613566275	0.2155232032203619	-0.17802793006836892	0.089273503035038	-0.17850110516476209	0.25696115504404715	-0.36731853161293915	0.2654102667637786	-0.12537714085417406	0.14104453482589943	-0.6085126366324616	0.9999999999999929	-0.5139618520299074	0.13450698850636356	-0.19194022696355761	0.21656980193238057	-0.28297982755700857	0.22411529075290937	-0.07679108749428469	0.19639856585594867	-0.17539631383960191	0.2044741850736826	-0.22326375996460188	0.09206308560592949
0.06446320552803125	-0.05621158416122728	0.05085588964261218	-0.06347959334054049	0.017415021868101878	-0.18783938393470187	0.12938921821788557	-0.12981585108543953	0.1623463669489788	-0.016876253309977007	0.1218240791858902	-0.16146595699703578	0.15362424772505454	-0.14646829722503169	0.12050312541115711	-0.13401505068495473	0.15914791689058433	-0.21591862941831672	0.1979166561588162	-0.1109405343512186	0.16272996733844436	-0.2398897837072587	0.2414269464977719	-0.4479167562534306	0.16769977322919621	-0.12479328895394108	0.28822906652882735	-0.5139618520299074	0.9999999999999855	-0.19485069482565573	0.18291364803016627	-0.2230612050953153	0.242768491528684	-0.4657551914637229	0.10275983674004573	-0.2218703770373039	0.18177534998211936	-0.23814340289450922	0.27143510154430533	-0.1259502205966286
-0.05022332162997737	0.043077235640641046	-0.03975877125970415	0.04905322686833206	-0.028274333172672556	0.12896126823096019	-0.09991442012264964	0.10103007869550554	-0.14583300775150013	0.02700456196003005	-0.08530085531264588	0.11145134642422327	-0.12362137174248114	0.13257708063026166	-0.2756384250217242	0.08826004184449625	-0.10388626398419576	0.13143181897238468	-0.19698511399010446	0.22391740792340994	-0.10900533875223627	0.13252329160367718	-0.1425846822347754	0.24470606858255026	-0.7536822225456367	0.0763708565366522	-0.1620973309943189	0.13450698850636356	-0.19485069482565573	0.9999999999999872	-0.1186160738491613	0.10849225016648342	-0.10950422364491127	0.11667968822202852	-0.32814171346233056	0.11779425921283355	-0.10189518359933612	0.10446887856786503	-0.1370851759167663	0.234592177876713
0.06537038935053095	-0.05683113346079071	0.050132677602821765	-0.06301532518904066	0.014320582832960171	-0.20429893827900944	0.1286818531693713	-0.12423680128242129	0.14960977068382084	-0.013878420645943489	0.1244331473712591	-0.15178987549947243	0.13746475107982878	-0.12193267068693406	0.08883796091971867	-0.1450322070764681	0.14022916794710896	-0.17539321249393794	0.15362702310265475	-0.07913448242490373	0.31337102969111386	-0.20346194624855404	0.16049485095792065	-0.20031896365195387	0.10214637145115654	-0.5505494796940925	0.2375701005470977	-0.19194022696355761	0.18291364803016627	-0.1186160738491613	0.9999999999999851	-0.45734728475906294	0.21052344260327632	-0.16025768717695227	0.06811297531750693	-0.4318408429810551	0.25573516558438947	-0.2194541206833347	0.1710013124732296	-0.08524652372850079
-0.055494876566273235	0.0474955108391951	-0.04238302523970332	0.05269403103737147	-0.01320142210514711	0.1566096416807156	-0.1097930590689894	0.10509413902654857	-0.13575947397163732	0.012760243077350812	-0.10622893999898735	0.12693579876105043	-0.12233957271111687	0.10869726456526557	-0.08375959846852712	0.11515346617198087	-0.1234070453722096	0.15220201513591214	-0.14422867351274976	0.0732997184453755	-0.2587460188229086	0.1762471569113785	-0.15656204673897603	0.18573804013981338	-0.09695725721724639	0.20262903154072195	-0.31087102903025726	0.21656980193238057	-0.2230612050953153	0.10849225016648342	-0.45734728475906294	0.9999999999999871	-0.47369782601196514	0.20942404708453916	-0.06780836710749462	0.30897083082014665	-0.5120007604644259	0.2907428998743734	-0.23790189500686904	0.0817934899721211
0.04798505128324216	-0.0414322592639259	0.03709678545374427	-0.04626307440008759	0.011902880252832903	-0.1387661236307454	0.09528882377648099	-0.09290733332706023	0.11755057020290885	-0.011517132823521053	0.08957271538087477	-0.11328483898241547	0.10802642001527524	-0.09816477649238683	0.07786987814774401	-0.09803320910788307	0.11026585649845604	-0.1429938851941713	0.12989907242909676	-0.06925334524468221	0.1570744175701377	-0.16146909439666587	0.15176742398624718	-0.19237136482118442	0.09582502615502127	-0.12417699365710344	0.229882632336857	-0.28297982755700857	0.242768491528684	-0.10950422364491127	0.21052344260327632	-0.47369782601196514	0.9999999999999852	-0.4013983899446494	0.0716628486700682	-0.245907732091527	0.2692952359728404	-0.6190214945660568	0.29587404063482736	-0.08698868674942686
-0.04418269787203066	0.03814932683394924	-0.034349839139239044	0.0427594223478866	-0.011779857172713808	0.12570699975736374	-0.08806576165127332	0.08643118803521035	-0.11127973877701644	0.0113865181542099	-0.08187713608560195	0.10445954290117782	-0.10173244708394122	0.09442787393283061	-0.08004067972551233	0.08863585592067431	-0.10198722154869189	0.1319576870751499	-0.12890068685665726	0.07081690261012853	-0.13044258559954278	0.1464139724841737	-0.1445400192610775	0.20355820778789227	-0.10442521450008016	0.09808643408333334	-0.20797926963514546	0.22411529075290937	-0.4657551914637229	0.11667968822202852	-0.16025768717695227	0.20942404708453916	-0.4013983899446494	0.9999999999999855	-0.09309273152932701	0.181087731943122	-0.1862663007130133	0.2825965661236341	-0.6830199289691097	0.10468012837055243
0.027173664995700408	-0.023332459112837853	0.021302271456494864	-0.02639723862679177	0.012475947014721933	-0.07196892690331039	0.0536681106597138	-0.05369516379992339	0.0747070564116295	-0.011969127043626493	0.045990858657821425	-0.06005266452620702	0.06380252484005298	-0.06600836483013231	0.1069398643214339	-0.048391490837725426	0.05567514398876899	-0.07135715197679189	0.09343881247309226	-0.09230298574392504	0.060960279583620464	-0.073295253239089	0.07332368310572947	-0.12512047399540824	0.18946753213931264	-0.0433214871404917	0.0882343139271324	-0.07679108749428469	0.10275983674004573	-0.32814171346233056	0.06811297531750693	-0.06780836710749462	0.0716628486700682	-0.09309273152932701	0.9999999999999845	-0.07315969891818239	0.06337108052443685	-0.07446565273109189	0.10597285836002979	-0.8983676247819735
-0.07171366685416841	0.0598431348717186	-0.05305396082083849	0.0654822083780677	-0.01644947773258606	0.1837844738514476	-0.1385426615241767	0.12810284091890267	-0.1767828675119211	0.01586049226699599	-0.12698674256825243	0.1460652655264848	-0.1477539855783245	0.130933419637322	-0.09999053534004247	0.13293107459235498	-0.13842477640128686	0.1663384462279318	-0.1762930875331662	0.08550625136013684	-0.3194319831451375	0.18514369950977072	-0.1637655256223075	0.1953745551529587	-0.10747595217020192	0.21517798584609132	-0.27353954672131203	0.19639856585594867	-0.2218703770373039	0.11779425921283355	-0.4318408429810551	0.30897083082014665	-0.245907732091527	0.181087731943122	-0.07315969891818239	0.9999999999999849	-0.6375282712096753	0.25102265175374533	-0.2327909026035795	0.08748471038359247
0.052700284947195336	-0.04513334618159957	0.03997904960679952	-0.049907295984581865	0.01223625634313786	-0.15174437973284485	0.10293238677710875	-0.09822177547229385	0.1255953079065643	-0.011834163040454211	0.09352502191114787	-0.11522345778041052	0.11080479575580884	-0.0998308522003291	0.07687323180317823	-0.101843780746521	0.10826238191366902	-0.13646562005567986	0.13053095644095042	-0.06765249916667511	0.18555167971089653	-0.15201716679774774	0.1328661333823489	-0.16995902018511178	0.089044341503084	-0.14310636235406154	0.2088833224372638	-0.17539631383960191	0.18177534998211936	-0.10189518359933612	0.25573516558438947	-0.5120007604644259	0.2692952359728404	-0.1862663007130133	0.06337108052443685	-0.6375282712096753	0.9999999999999846	-0.4194106891486176	0.21342875174895864	-0.07795349440410668
-0.04767056758433771	0.04081526104720935	-0.036529772722518894	0.04540319575773595	-0.01192692192382054	0.13325496375028958	-0.09423105658891356	0.0907886915520641	-0.1183038266886357	0.011522291676735769	-0.08780969565974547	0.10836967828772481	-0.10597075602908385	0.0959918414974105	-0.07764336739940897	0.09442270884360526	-0.10506046108639791	0.13251695429052007	-0.129094740356489	0.06790706128084095	-0.16688924751623524	0.1483262158499122	-0.14000043945430105	0.1759766962314964	-0.09344964360377572	0.12336143980933428	-0.22369178023940797	0.2044741850736826	-0.23814340289450922	0.10446887856786503	-0.2194541206833347	0.2907428998743734	-0.6190214945660568	0.2825965661236341	-0.07446565273109189	0.25102265175374533	-0.4194106891486176	0.999999999999985	-0.4813542125146457	0.08815966817327989
0.05100932579316694	-0.04429348669133763	0.03966845570080782	-0.049632946019749366	0.013227494390062336	-0.15053411371829217	0.1010799633729122	-0.09963826301987012	0.1245278139728249	-0.012805804637552133	0.0923917092835635	-0.12001726621959244	0.11410776671464726	-0.10675975544871488	0.08908837266753325	-0.10164368873322102	0.11389682932024789	-0.1498881336088148	0.14040663480949506	-0.0799894185855725	0.13996707420376706	-0.164344889921681	0.15166920142954513	-0.22794023187810225	0.11583086255519476	-0.10606680940558345	0.20194334043806247	-0.22326375996460188	0.27143510154430533	-0.1370851759167663	0.1710013124732296	-0.23790189500686904	0.29587404063482736	-0.6830199289691097	0.10597285836002979	-0.2327909026035795	0.21342875174895864	-0.4813542125146457	0.9999999999999856	-0.13755622503498777
-0.033531864192822614	0.028617695328364307	-0.02616585049195118	0.032313729498887306	-0.01580918916966401	0.08647082814794803	-0.06617559993797367	0.06567648484634493	-0.09384430593053558	0.015097330217940911	-0.05625029381044502	0.07258883822525555	-0.07869791670929625	0.08062248154502469	-0.1356416401604616	0.05854604731291141	-0.06741160440972173	0.08511283061677088	-0.11603701255631801	0.10713585459519852	-0.07632885441943692	0.08727164125129011	-0.08817056398619512	0.13952014153527642	-0.22506411108776772	0.05377693194036375	-0.11033251175500469	0.09206308560592949	-0.1259502205966286	0.234592177876713	-0.08524652372850079	0.0817934899721211	-0.08698868674942686	0.10468012837055243	-0.8983676247819735	0.08748471038359247	-0.07795349440410668	0.08815966817327989	-0.13755622503498777	0.9999999999999853
