0.9999999999999999	-0.7262727564554242	0.07171860799198393	-0.027967528490191684	0.030553394627886143	-0.460382861006211	0.30048001523328643	-0.07192321807388564	0.05452324177998651	-0.04295672238185671	0.262742932275521	-0.2328578847657831	0.18626778061795737	-0.054579056378977676	0.04514011382509245	-0.22491588453601608	0.1643650794767137	-0.06813336496182325	0.0672116405666314	-0.07129100184483562	0.04260449026465657	-0.04001399312549449	0.0648067557919348	-0.04942330428848334	0.045197048166966715	-0.03659976938627112	0.03965418682368301	-0.04138325851455252	0.04423926132282422	-0.039635135709783345	0.04735057451586097	-0.04391601038722191	0.047298861597328705	-0.0409651911750495	0.03063629101108919	-0.023657019918339527	0.027227268217163002	-0.029201266348617597	0.03171732502672128	-0.039877094548577435	0.02129220767895522	-0.023205050413549477	0.024877243075344526	-0.017082906286966543	0.01645367124973915
-0.7262727564554242	0.9999999999999994	-0.07793530497270555	0.025066919873270165	-0.02735625657110627	0.2664154643985749	-0.5365783593721087	0.07527705725935385	-0.047541586050586185	0.03659576761770326	-0.2561654125193077	0.22272885608986812	-0.19438136064911318	0.04773047661991389	-0.038467528541568916	0.1757902577135934	-0.15266012031284593	0.05841824645027498	-0.05756487254112264	0.05909434205025632	-0.0354897289520771	0.03341505477586815	-0.054824554845289634	0.04109065495418856	-0.03755270882253963	0.030060864019367643	-0.032641539360157894	0.03401641570813428	-0.03640488219442182	0.032472579228366806	-0.03867993543749201	0.03572007273503064	-0.03864192932083498	0.03347603732091167	-0.025121899476411847	0.01925808221942681	-0.02216401720393498	0.023778184955503188	-0.02591753536983704	0.03251841087963655	-0.017334885527826693	0.01887992653864282	-0.02026263771003215	0.013926557269135997	-0.013424115018840721
0.07171860799198393	-0.07793530497270555	0.9999999999999993	-0.09304684531727306	0.08478079248801126	-0.07003986319480035	0.11032715610253935	-0.9498436836122358	0.0749272151921563	-0.05266673931771019	0.08034390685700254	-0.11167372908377174	0.16116413850593153	-0.06474825330334014	0.04809715487494918	-0.11999157533937672	0.0947137196741219	-0.05435248754625525	0.05998113932291611	-0.06412413938758563	0.030346740021316213	-0.028608378041140584	0.05043211142790182	-0.04079430840626558	0.0375520004949178	-0.02698561549041885	0.02939477534340903	-0.03150203172835743	0.034289042483465274	-0.031218651317998964	0.034819299569932106	-0.03258363276333261	0.03551561205061574	-0.031527312170002625	0.02401825240284041	-0.017533584829104984	0.020211647071476085	-0.02187572210073151	0.024353640640323568	-0.03075920651625045	0.015798484347884525	-0.017257808488167894	0.018592276247828193	-0.013081807604619626	0.01260920629634217
-0.027967528490191684	0.025066919873270165	-0.09304684531727306	0.9999999999999996	-0.9466389771723052	0.02566928083647582	-0.037789184753119674	0.08096398933603485	-0.2190036244599643	0.12175405286951065	-0.03453303418385148	0.040461290684850965	-0.06520469339546486	0.13004571306954305	-0.09863765461947113	0.060240817799840515	-0.05648792985211478	0.06723575062481926	-0.09245900274269082	0.09323373519842343	-0.029847127013903765	0.028326683579228247	-0.05991630773926355	0.052230520361376036	-0.04906890588326567	0.027362963096600877	-0.030316610581866348	0.03406808090622182	-0.038640564154437236	0.03566663954080372	-0.03468446421592109	0.03239303539769775	-0.036914842797180894	0.034231538842834905	-0.027362562579580137	0.01748658930543833	-0.02023808622449681	0.022318126606493106	-0.02638865648591431	0.033293815800336	-0.015822322818385103	0.017298165310311617	-0.018931655228575067	0.01397719619358763	-0.013542134054545157
0.030553394627886143	-0.02735625657110627	0.08478079248801126	-0.9466389771723052	0.9999999999999998	-0.028127004193276746	0.041001530715093895	-0.08461521134051968	0.17794955178906668	-0.14070271726096062	0.037861261632720127	-0.044164949739173065	0.06988616461121187	-0.1433907091776892	0.10356512486889206	-0.06818419815012694	0.06249322659035988	-0.07559724199724395	0.0965120323436378	-0.1087832906548654	0.033302998230903665	-0.03174891149753493	0.06593381708913847	-0.05973483532172194	0.055443634230231305	-0.030915365126008336	0.034146903017122344	-0.03864769176879058	0.043740268466952004	-0.04086858141563231	0.03903504532129833	-0.03690307944093978	0.04171526965218548	-0.03916498818919017	0.031157097058377353	-0.01984799486620513	0.022956069877427265	-0.025386025199994833	0.030068948796259626	-0.038218959406459016	0.017928410172085945	-0.019660242485458383	0.02146995599441858	-0.015988467938290004	0.015455997733126524
-0.460382861006211	0.2664154643985749	-0.07003986319480035	0.02566928083647582	-0.028127004193276746	0.9999999999999998	-0.3828855876223266	0.06855680783377616	-0.05027408407835252	0.038893216148225336	-0.7161341818269024	0.23814948849824374	-0.19769515527082832	0.05051509564973703	-0.04103631036472774	0.20192140927798216	-0.165862183521697	0.0629655319614591	-0.061821722546009365	0.06345154183484884	-0.03875475778253789	0.036386046959342375	-0.05936788358897574	0.044318178131894835	-0.04051316824408646	0.032647520685220796	-0.03545052401921016	0.03684568256979108	-0.03940733206582521	0.03506602023086763	-0.04202993259767167	0.038694113214802775	-0.04189789048298296	0.036195900489467775	-0.0271496177453948	0.020878365466350243	-0.024028561300474247	0.025754713557526995	-0.028036884229370677	0.035134852378668514	-0.0187973868397195	0.020458475869209018	-0.021960306453006753	0.015058258798714003	-0.014518895095388812
0.30048001523328643	-0.5365783593721087	0.11032715610253935	-0.037789184753119674	0.041001530715093895	-0.3828855876223266	0.9999999999999999	-0.12160180938824339	0.07172320819748214	-0.05622873408222554	0.27886957801089385	-0.5198082606514006	0.26703242275268163	-0.07267530788084614	0.05874448296038121	-0.27822222043717226	0.21966028324748268	-0.08973805405905996	0.08722336119557074	-0.09201946808002054	0.054435810754919566	-0.05145121495748877	0.08354932978415276	-0.06364624097331426	0.058084575411445835	-0.04667818548960084	0.050570787179978816	-0.05287267440736666	0.056509719126042475	-0.0506744059073696	0.06012149498045776	-0.05586238530014882	0.0601540043431258	-0.052267268124745525	0.039136074079423995	-0.03006844468000918	0.03459933431358031	-0.037143724530570243	0.040432871941687334	-0.05086877586686267	0.027049904671274244	-0.02949806016252797	0.03162050387916404	-0.021770065944050666	0.020966093704101407
-0.07192321807388564	0.07527705725935385	-0.9498436836122358	0.08096398933603485	-0.08461521134051968	0.06855680783377616	-0.12160180938824339	1.0000000000000002	-0.07616794254212705	0.04978276497893096	-0.08037101679597337	0.11130062039272876	-0.193865329317155	0.062342787112265055	-0.04592814676533787	0.10800500572979219	-0.09044729930942645	0.0508924843689495	-0.057155557390431336	0.05889093255446488	-0.02788381603086005	0.026304360911232692	-0.04695105611032647	0.03754933245166272	-0.03461303286824186	0.024595496522270412	-0.02683787784605149	0.02874712682053209	-0.031347380847928596	0.028428464817811912	-0.031650037116042605	0.029502363002606207	-0.0322967364610737	0.028651651486221973	-0.021900256173768052	0.015891395354631993	-0.018321524802904436	0.019833133668301105	-0.022142245771464474	0.027905945321417335	-0.014324080520925243	0.015635707875953	-0.01686494711094846	0.011869637286742465	-0.011450250185968638
0.05452324177998651	-0.047541586050586185	0.0749272151921563	-0.2190036244599643	0.17794955178906668	-0.05027408407835252	0.07172320819748214	-0.07616794254212705	0.9999999999999999	-0.4768617811149943	0.0692654108471864	-0.08258362893508191	0.13181664489110834	-0.6660791383624695	0.285898754395391	-0.13268206635551452	0.12622754056387736	-0.1981917594421776	0.263614795693698	-0.2694892859665746	0.07507247829444293	-0.07229480920519643	0.15811866038089697	-0.14465998546905606	0.13322406124040592	-0.06941588208947634	0.07690963488947279	-0.08830969008060188	0.10057608133255773	-0.09393521898108873	0.08643840183543852	-0.0816737952497333	0.09338204588595157	-0.08873991449960665	0.07145410697841574	-0.04393435620556803	0.05084575298759033	-0.056508594741317635	0.06797305333660007	-0.08628102240179703	0.03970298150830254	-0.04355560467926551	0.047743378111981996	-0.035961153515316036	0.034810548827926835
-0.04295672238185671	0.03659576761770326	-0.05266673931771019	0.12175405286951065	-0.14070271726096062	0.038893216148225336	-0.05622873408222554	0.04978276497893096	-0.4768617811149943	1.0	-0.05459508105916494	0.06228794067618457	-0.10201885373679616	0.26747855993649894	-0.7621734928840954	0.09837250019194106	-0.101800312150721	0.14049797913855602	-0.21939834968273714	0.2349049466276223	-0.06662390473892814	0.062082445860916456	-0.14249472132507032	0.11869178178512582	-0.12865691799043305	0.05963410738492578	-0.0673266923837912	0.0749841432785208	-0.08816282867909804	0.07945066710414068	-0.07677777879342315	0.06831807653496778	-0.08233281796859256	0.07375457907845429	-0.06280647272536355	0.03755296862334926	-0.04371846459941396	0.04809189045255771	-0.05822202207183597	0.07102604101700376	-0.03434840829847953	0.037081791322193566	-0.04134069950391643	0.030113299234018273	-0.029594072070549628
0.262742932275521	-0.2561654125193077	0.08034390685700254	-0.03453303418385148	0.037861261632720127	-0.7161341818269024	0.27886957801089385	-0.08037101679597337	0.0692654108471864	-0.05459508105916494	0.9999999999999999	-0.36216806384842853	0.2379268402371998	-0.06966894540169535	0.05756049113211743	-0.3297059482951866	0.21927565572933808	-0.08835673581367283	0.08641757866154391	-0.0909791891196091	0.055590583724704455	-0.05213347544532214	0.08379587142420564	-0.06341403824773996	0.0579622537211864	-0.047212457720830846	0.051150557184250135	-0.05319697541065081	0.05680267914673787	-0.05071483478579257	0.06094309271633602	-0.05631429593364068	0.0607207145204715	-0.052459422996684275	0.039230844189519554	-0.030357543275323168	0.03493273199509742	-0.03743119456260797	0.04062588028722385	-0.050998868434343	0.027322396383371146	-0.029756304037056286	0.031903863512805164	-0.021860317304547475	0.02106257938340622
-0.2328578847657831	0.22272885608986812	-0.11167372908377174	0.040461290684850965	-0.044164949739173065	0.23814948849824374	-0.5198082606514006	0.11130062039272876	-0.08258362893508191	0.06228794067618457	-0.36216806384842853	1.0000000000000002	-0.579484202373178	0.08665206225768991	-0.065803838136716	0.28022393750919716	-0.36150039279393315	0.10603335257148207	-0.10060722047553118	0.0990139567429945	-0.060121666040841654	0.05749493256962431	-0.0948118994037794	0.06929865706673144	-0.06299193854812467	0.04984400106904177	-0.054226811684154386	0.05644603177128776	-0.06031007404668767	0.05363324514837098	-0.06326272257848464	0.0584272604191945	-0.06329192413407929	0.05508379481688326	-0.04145529547851357	0.03146599457969348	-0.03619214075564861	0.03888146479771456	-0.04257009920777179	0.05339450343541066	-0.02829326139152641	0.030835663913918503	-0.0330936775275287	0.02282988202949554	-0.022010087324564276
0.18626778061795737	-0.19438136064911318	0.16116413850593153	-0.06520469339546486	0.06988616461121187	-0.19769515527082832	0.26703242275268163	-0.193865329317155	0.13181664489110834	-0.10201885373679616	0.2379268402371998	-0.579484202373178	0.9999999999999987	-0.15322110710266595	0.10550558179275756	-0.38334599798828245	0.29153913261795344	-0.1510869991975864	0.15162972682011142	-0.15860186369124885	0.08568324222326378	-0.08109104716773313	0.1370168533446596	-0.10684959876871847	0.09759076920014892	-0.07548115914857852	0.08183022847755267	-0.0866626752068879	0.09312922487092841	-0.08431984893974397	0.09752329135535755	-0.09135182483679634	0.09843266168392023	-0.08635933672234337	0.06494561147149773	-0.04909939165200321	0.05653312378114214	-0.06090705795703925	0.06674006051646234	-0.08426889289297787	0.04418163833096976	-0.04826172388512445	0.05177814440209752	-0.03596678251483046	0.03462336182767639
-0.054579056378977676	0.04773047661991389	-0.06474825330334014	0.13004571306954305	-0.1433907091776892	0.05051509564973703	-0.07267530788084614	0.062342787112265055	-0.6660791383624695	0.26747855993649894	-0.06966894540169535	0.08665206225768991	-0.15322110710266595	0.9999999999999989	-0.33903280432506755	0.1273503751181587	-0.1297803275384952	0.20866055339461595	-0.5054705969860555	0.23269073201235557	-0.07709751236288781	0.07333878918870519	-0.17861701221204518	0.1382460470392432	-0.13126633642787627	0.06768444598209479	-0.07587233744350542	0.08536786229025208	-0.0979697242255674	0.08762289399570884	-0.08463906214858742	0.07735698884148831	-0.09055485358141767	0.0830932898593788	-0.06796220056128761	0.04199586210691605	-0.04867260896524632	0.05370502047662147	-0.06436699561175988	0.07985652609554394	-0.03810218922514236	0.04146970326886554	-0.04571982371303286	0.03361418657148202	-0.03275646485506406
0.04514011382509245	-0.038467528541568916	0.04809715487494918	-0.09863765461947113	0.10356512486889206	-0.04103631036472774	0.05874448296038121	-0.04592814676533787	0.285898754395391	-0.7621734928840954	0.05756049113211743	-0.065803838136716	0.10550558179275756	-0.33903280432506755	0.9999999999999989	-0.10836852391748955	0.10810974886957683	-0.15847661382891381	0.21630052053322943	-0.3894527187150908	0.07134018102894446	-0.0674934000834549	0.15022684431020508	-0.14569029457578497	0.15249148550239083	-0.06584306711648728	0.07392647892201144	-0.0846529913124027	0.0997434381013858	-0.09417867844034236	0.0834148753144776	-0.07646821989069207	0.09077498905083839	-0.08509213180334288	0.07220476372206393	-0.041647158191490924	0.048420518875797666	-0.053829371621534595	0.06621130368001486	-0.08265626862705892	0.03793581604614053	-0.0412874446573984	0.04586544738047778	-0.0345139293033948	0.03371930866700176
-0.22491588453601608	0.1757902577135934	-0.11999157533937672	0.060240817799840515	-0.06818419815012694	0.20192140927798216	-0.27822222043717226	0.10800500572979219	-0.13268206635551452	0.09837250019194106	-0.3297059482951866	0.28022393750919716	-0.38334599798828245	0.1273503751181587	-0.10836852391748955	0.9999999999999997	-0.6819413121733077	0.18497357008963067	-0.17989592566226842	0.1607188365050391	-0.13162501411157396	0.11616872293117528	-0.18354157485836597	0.1216771421364447	-0.11193539282614869	0.0960411981937945	-0.10538260350829737	0.1039391934691766	-0.11083828691595951	0.09284550414346836	-0.12329188813986622	0.10500760955789422	-0.11816749753859589	0.09698267234198864	-0.07320221982542632	0.057839546131783215	-0.06659483273258893	0.07023353811394031	-0.07586638791908346	0.09210074820120927	-0.05237032644212203	0.05605272284046087	-0.06069923936502629	0.0399925271056287	-0.03889778513297562
0.1643650794767137	-0.15266012031284593	0.0947137196741219	-0.05648792985211478	0.06249322659035988	-0.165862183521697	0.21966028324748268	-0.09044729930942645	0.12622754056387736	-0.101800312150721	0.21927565572933808	-0.36150039279393315	0.29153913261795344	-0.1297803275384952	0.10810974886957683	-0.6819413121733077	1.0000000000000007	-0.25951412471978774	0.18112529461548574	-0.18109010652219368	0.12481499396451565	-0.12874470149154932	0.18925155733203952	-0.13377027907949043	0.118318260725343	-0.09878005036058297	0.10667922639641285	-0.10987906857820863	0.11492054561039616	-0.10131611624784276	0.12027831976144204	-0.11141957464680895	0.11946086147398412	-0.1044601587278817	0.07805751851206896	-0.0597138136013035	0.0684484920063536	-0.07348891778527959	0.08024095485086373	-0.10067692174760778	0.053417979110270145	-0.05835027639383922	0.06232365202365403	-0.042965656358167396	0.04137459762969786
-0.06813336496182325	0.05841824645027498	-0.05435248754625525	0.06723575062481926	-0.07559724199724395	0.0629655319614591	-0.08973805405905996	0.0508924843689495	-0.1981917594421776	0.14049797913855602	-0.08835673581367283	0.10603335257148207	-0.1510869991975864	0.20866055339461595	-0.15847661382891381	0.18497357008963067	-0.25951412471978774	1.0000000000000002	-0.541320104295826	0.2438128646074136	-0.15168389306395214	0.14694342731306162	-0.6402999204541003	0.22219087229902465	-0.1919434657255289	0.11117728622005761	-0.12827611717983955	0.14046492394203466	-0.15527587877406737	0.12452297403693573	-0.13135131079169518	0.11567966436171451	-0.1379554924804294	0.12178499538338229	-0.09776586867895212	0.06285737742230955	-0.07256456118321679	0.07937657596504422	-0.09379291967434729	0.11329900948733812	-0.056766173029805835	0.061480013097643366	-0.06761156612012732	0.048083119993435355	-0.04698966051831974
0.0672116405666314	-0.05756487254112264	0.05998113932291611	-0.09245900274269082	0.0965120323436378	-0.061821722546009365	0.08722336119557074	-0.057155557390431336	0.263614795693698	-0.21939834968273714	0.08641757866154391	-0.10060722047553118	0.15162972682011142	-0.5054705969860555	0.21630052053322943	-0.17989592566226842	0.18112529461548574	-0.541320104295826	1.0000000000000018	-0.38676048592830226	0.11435177107029305	-0.1138804461511198	0.2769640621807967	-0.24424074519764388	0.19826896050309786	-0.10308681912052987	0.1142281765751437	-0.13394031590395428	0.15070819109609426	-0.13734420656367352	0.12407280528225802	-0.11797431584670034	0.13468093088004313	-0.13003026805824575	0.10365802474250979	-0.06314104679341859	0.0729244344400812	-0.08135410925936389	0.09840279116956317	-0.12484225240879247	0.05684124124179537	-0.06253669136644274	0.06840597446114673	-0.05182866506669891	0.050096788241361545
-0.07129100184483562	0.05909434205025632	-0.06412413938758563	0.09323373519842343	-0.1087832906548654	0.06345154183484884	-0.09201946808002054	0.05889093255446488	-0.2694892859665746	0.2349049466276223	-0.0909791891196091	0.0990139567429945	-0.15860186369124885	0.23269073201235557	-0.3894527187150908	0.1607188365050391	-0.18109010652219368	0.2438128646074136	-0.38676048592830226	1.0000000000000004	-0.14646000709258886	0.13328525638760821	-0.3234135198945574	0.2865710464276049	-0.5076678204189853	0.1300677719738714	-0.150964936742006	0.1671046851902116	-0.2129587868545962	0.19107100621031547	-0.17166668573799249	0.14491144085507426	-0.18744647265121936	0.1622622826096058	-0.15883061888157934	0.08143383462978704	-0.09561824519538784	0.10512997308297152	-0.1333451532878519	0.15514126734957875	-0.07552223532884857	0.0803711114900232	-0.09187516040955931	0.06649850126530356	-0.06685818786923647
0.04260449026465657	-0.0354897289520771	0.030346740021316213	-0.029847127013903765	0.033302998230903665	-0.03875475778253789	0.054435810754919566	-0.02788381603086005	0.07507247829444293	-0.06662390473892814	0.055590583724704455	-0.060121666040841654	0.08568324222326378	-0.07709751236288781	0.07134018102894446	-0.13162501411157396	0.12481499396451565	-0.15168389306395214	0.11435177107029305	-0.14646000709258886	1.0000000000000009	-0.840389057411753	0.1885547042021766	-0.1347017335354808	0.10886402399786983	-0.3220507469982579	0.25094753550398013	-0.1808196469918245	0.14458856371090928	-0.10893258192221476	0.19670656590144697	-0.1688534000082643	0.15125719458446127	-0.12548946146142778	0.08330440454255107	-0.08743794515775223	0.09421840549313826	-0.09500720339863689	0.09153460584247075	-0.1126019315383668	0.07247014441462488	-0.07985787202533638	0.07855808380210749	-0.04818817760341032	0.04581597509069184
-0.04001399312549449	0.03341505477586815	-0.028608378041140584	0.028326683579228247	-0.03174891149753493	0.036386046959342375	-0.05145121495748877	0.026304360911232692	-0.07229480920519643	0.062082445860916456	-0.05213347544532214	0.05749493256962431	-0.08109104716773313	0.07333878918870519	-0.0674934000834549	0.11616872293117528	-0.12874470149154932	0.14694342731306162	-0.1138804461511198	0.13328525638760821	-0.840389057411753	1.0000000000000027	-0.24166880446733202	0.13030729309576883	-0.10618760023530613	0.23661571714239635	-0.33381364693743	0.17470958519021185	-0.14721089155901204	0.09965631067543944	-0.19483267044667582	0.14793989235471952	-0.14936009986495008	0.11544783962887802	-0.07769872571729078	0.07891600066468953	-0.08704538306843325	0.08687902037794816	-0.08540116491217714	0.10141492174369315	-0.06736651874209383	0.07213054451919657	-0.07334261714837519	0.04394946920430232	-0.042204969577268256
0.0648067557919348	-0.054824554845289634	0.05043211142790182	-0.05991630773926355	0.06593381708913847	-0.05936788358897574	0.08354932978415276	-0.04695105611032647	0.15811866038089697	-0.14249472132507032	0.08379587142420564	-0.0948118994037794	0.1370168533446596	-0.17861701221204518	0.15022684431020508	-0.18354157485836597	0.18925155733203952	-0.6402999204541003	0.2769640621807967	-0.3234135198945574	0.1885547042021766	-0.24166880446733202	0.9999999999999993	-0.41206481723647675	0.23993462703717855	-0.1479612665399073	0.16632155536680188	-0.20809015555211077	0.20424554711984463	-0.16712845785213748	0.1592139087770887	-0.1499307353982716	0.17109753316626478	-0.16358090398341799	0.12504286486627336	-0.07939480231532178	0.09107202895051972	-0.10132503552472887	0.12060371494163644	-0.15024357147190331	0.07070162444564339	-0.0779266151557915	0.08449870142573146	-0.0624553211563853	0.06029671326755187
-0.04942330428848334	0.04109065495418856	-0.04079430840626558	0.052230520361376036	-0.05973483532172194	0.044318178131894835	-0.06364624097331426	0.03754933245166272	-0.14465998546905606	0.11869178178512582	-0.06341403824773996	0.06929865706673144	-0.10684959876871847	0.1382460470392432	-0.14569029457578497	0.1216771421364447	-0.13377027907949043	0.22219087229902465	-0.24424074519764388	0.2865710464276049	-0.1347017335354808	0.13030729309576883	-0.41206481723647675	0.9999999999999984	-0.6689697910239791	0.12693091476398152	-0.15407385977195132	0.19799172833039055	-0.35589259310778454	0.21051123896667376	-0.15399023728152142	0.13705302741306366	-0.18229522226712427	0.18189494958616417	-0.16745620473059306	0.07523686264973076	-0.08827509167820266	0.1009081275930032	-0.1401550154577066	0.16009091700286643	-0.06913288570342215	0.07489544308325799	-0.0859739159990149	0.0667968431177301	-0.06668203746243942
0.045197048166966715	-0.03755270882253963	0.0375520004949178	-0.04906890588326567	0.055443634230231305	-0.04051316824408646	0.058084575411445835	-0.03461303286824186	0.13322406124040592	-0.12865691799043305	0.0579622537211864	-0.06299193854812467	0.09759076920014892	-0.13126633642787627	0.15249148550239083	-0.11193539282614869	0.118318260725343	-0.1919434657255289	0.19826896050309786	-0.5076678204189853	0.10886402399786983	-0.10618760023530613	0.23993462703717855	-0.6689697910239791	0.9999999999999997	-0.10970838868775494	0.12683766114042802	-0.16619964013460203	0.22331107170645823	-0.31073651698240684	0.13443779773690362	-0.12399702786627906	0.159024079157209	-0.17220645675115895	0.1830807178128219	-0.0679112290000548	0.07973291784236697	-0.09265897378919274	0.13291491509497558	-0.17060563815777743	0.06245710000088092	-0.06818627616911571	0.07836674628110354	-0.06612282237606061	0.06561362597076129
-0.03659976938627112	0.030060864019367643	-0.02698561549041885	0.027362963096600877	-0.030915365126008336	0.032647520685220796	-0.04667818548960084	0.024595496522270412	-0.06941588208947634	0.05963410738492578	-0.047212457720830846	0.04984400106904177	-0.07548115914857852	0.06768444598209479	-0.06584306711648728	0.0960411981937945	-0.09878005036058297	0.11117728622005761	-0.10308681912052987	0.1300677719738714	-0.3220507469982579	0.23661571714239635	-0.1479612665399073	0.12693091476398152	-0.10970838868775494	0.999999999999996	-0.5997490935097258	0.24348425705821586	-0.1989326528852058	0.12187941724234626	-0.5856958936870517	0.23287819803756354	-0.22163832170127942	0.1524185929380173	-0.0965860437156857	0.1407388153262868	-0.1440571009926073	0.1291453195084306	-0.11316455459558325	0.13033204724726083	-0.116173779556283	0.11521508817897713	-0.11187682050067707	0.05778687234779038	-0.055405384767024446
0.03965418682368301	-0.032641539360157894	0.02939477534340903	-0.030316610581866348	0.034146903017122344	-0.03545052401921016	0.050570787179978816	-0.02683787784605149	0.07690963488947279	-0.0673266923837912	0.051150557184250135	-0.054226811684154386	0.08183022847755267	-0.07587233744350542	0.07392647892201144	-0.10538260350829737	0.10667922639641285	-0.12827611717983955	0.1142281765751437	-0.150964936742006	0.25094753550398013	-0.33381364693743	0.16632155536680188	-0.15407385977195132	0.12683766114042802	-0.5997490935097258	0.9999999999999999	-0.4930133870733459	0.23624610357039408	-0.14837936695409562	0.28703845868152483	-0.2791896959735576	0.23791542390678477	-0.18785156457002777	0.11351038956167078	-0.13005859295503633	0.14237127933265084	-0.14185401341276868	0.13098080309778462	-0.15637943275666402	0.10623878494211436	-0.11829585709604178	0.11539408500135517	-0.0673048756700174	0.06378460474298608
-0.04138325851455252	0.03401641570813428	-0.03150203172835743	0.03406808090622182	-0.03864769176879058	0.03684568256979108	-0.05287267440736666	0.02874712682053209	-0.08830969008060188	0.0749841432785208	-0.05319697541065081	0.05644603177128776	-0.0866626752068879	0.08536786229025208	-0.0846529913124027	0.1039391934691766	-0.10987906857820863	0.14046492394203466	-0.13394031590395428	0.1671046851902116	-0.1808196469918245	0.17470958519021185	-0.20809015555211077	0.19799172833039055	-0.16619964013460203	0.24348425705821586	-0.4930133870733459	0.9999999999999982	-0.5768722495961763	0.17894147128177576	-0.264186807004708	0.22685893207122204	-0.4189313723050593	0.2421342314021328	-0.14472659750614383	0.11890573298555515	-0.13936152034820407	0.15957066644306125	-0.1698557573264925	0.17927132511820526	-0.10708788440594294	0.11629604802372681	-0.1318512576203032	0.07920172412363276	-0.07693239663290738
0.04423926132282422	-0.03640488219442182	0.034289042483465274	-0.038640564154437236	0.043740268466952004	-0.03940733206582521	0.056509719126042475	-0.031347380847928596	0.10057608133255773	-0.08816282867909804	0.05680267914673787	-0.06031007404668767	0.09312922487092841	-0.0979697242255674	0.0997434381013858	-0.11083828691595951	0.11492054561039616	-0.15527587877406737	0.15070819109609426	-0.2129587868545962	0.14458856371090928	-0.14721089155901204	0.20424554711984463	-0.35589259310778454	0.22331107170645823	-0.1989326528852058	0.23624610357039408	-0.5768722495961763	0.9999999999999986	-0.2949646767724446	0.20425697604861281	-0.20758048545186197	0.2750249802127382	-0.44031594058019163	0.20296640341890762	-0.10802344331701991	0.12604536912961292	-0.1544512833704943	0.22537709461469047	-0.25718674614382303	0.09709503805634823	-0.10911591163203978	0.12367813339983878	-0.10509962137658456	0.09955652621204886
-0.039635135709783345	0.032472579228366806	-0.031218651317998964	0.03566663954080372	-0.04086858141563231	0.03506602023086763	-0.0506744059073696	0.028428464817811912	-0.09393521898108873	0.07945066710414068	-0.05071483478579257	0.05363324514837098	-0.08431984893974397	0.08762289399570884	-0.09417867844034236	0.09284550414346836	-0.10131611624784276	0.12452297403693573	-0.13734420656367352	0.19107100621031547	-0.10893258192221476	0.09965631067543944	-0.16712845785213748	0.21051123896667376	-0.31073651698240684	0.12187941724234626	-0.14837936695409562	0.17894147128177576	-0.2949646767724446	0.9999999999999977	-0.16944806200253043	0.14505027993152073	-0.21895994949640663	0.2261037352445123	-0.7430976074242115	0.08451506945313919	-0.10251645685774162	0.12343487916776968	-0.23341671852199716	0.27633040577506557	-0.08155824836652943	0.08682577453768374	-0.10913008476897582	0.10308348584112391	-0.11315012006397843
0.04735057451586097	-0.03867993543749201	0.034819299569932106	-0.03468446421592109	0.03903504532129833	-0.04202993259767167	0.06012149498045776	-0.031650037116042605	0.08643840183543852	-0.07677777879342315	0.06094309271633602	-0.06326272257848464	0.09752329135535755	-0.08463906214858742	0.0834148753144776	-0.12329188813986622	0.12027831976144204	-0.13135131079169518	0.12407280528225802	-0.17166668573799249	0.19670656590144697	-0.19483267044667582	0.1592139087770887	-0.15399023728152142	0.13443779773690362	-0.5856958936870517	0.28703845868152483	-0.264186807004708	0.20425697604861281	-0.16944806200253043	0.9999999999999988	-0.45076509136413984	0.26131103155602553	-0.2082540543507349	0.12935937805258063	-0.29414598442887185	0.2334524166271349	-0.20152337500593936	0.15324282865920824	-0.19053091443647266	0.1876707434609544	-0.20009181690253308	0.16593953148453952	-0.08294053905336331	0.07763978600538622
-0.04391601038722191	0.03572007273503064	-0.03258363276333261	0.03239303539769775	-0.03690307944093978	0.038694113214802775	-0.05586238530014882	0.029502363002606207	-0.0816737952497333	0.06831807653496778	-0.05631429593364068	0.0584272604191945	-0.09135182483679634	0.07735698884148831	-0.07646821989069207	0.10500760955789422	-0.11141957464680895	0.11567966436171451	-0.11797431584670034	0.14491144085507426	-0.1688534000082643	0.14793989235471952	-0.1499307353982716	0.13705302741306366	-0.12399702786627906	0.23287819803756354	-0.2791896959735576	0.22685893207122204	-0.20758048545186197	0.14505027993152073	-0.45076509136413984	1.0000000000000018	-0.46689458275261164	0.19861075522482963	-0.12106065448750994	0.2516932225067745	-0.5137443223652058	0.24068950082940763	-0.15988323502718685	0.1665326615652846	-0.23276494110294355	0.23533025890862316	-0.23605297753703433	0.0801630972845031	-0.0780963806240241
0.047298861597328705	-0.03864192932083498	0.03551561205061574	-0.036914842797180894	0.04171526965218548	-0.04189789048298296	0.0601540043431258	-0.0322967364610737	0.09338204588595157	-0.08233281796859256	0.0607207145204715	-0.06329192413407929	0.09843266168392023	-0.09055485358141767	0.09077498905083839	-0.11816749753859589	0.11946086147398412	-0.1379554924804294	0.13468093088004313	-0.18744647265121936	0.15125719458446127	-0.14936009986495008	0.17109753316626478	-0.18229522226712427	0.159024079157209	-0.22163832170127942	0.23791542390678477	-0.4189313723050593	0.2750249802127382	-0.21895994949640663	0.26131103155602553	-0.46689458275261164	1.0	-0.3867182514343991	0.1736104866653163	-0.18988807559095286	0.22954361339098264	-0.37907486371479115	0.23233681091245872	-0.26197127010121407	0.16600563445398436	-0.20835682319659532	0.227513835064246	-0.11590602999468705	0.10758341770564922
-0.0409651911750495	0.03347603732091167	-0.031527312170002625	0.034231538842834905	-0.03916498818919017	0.036195900489467775	-0.052267268124745525	0.028651651486221973	-0.08873991449960665	0.07375457907845429	-0.052459422996684275	0.05508379481688326	-0.08635933672234337	0.0830932898593788	-0.08509213180334288	0.09698267234198864	-0.1044601587278817	0.12178499538338229	-0.13003026805824575	0.1622622826096058	-0.12548946146142778	0.11544783962887802	-0.16358090398341799	0.18189494958616417	-0.17220645675115895	0.1524185929380173	-0.18785156457002777	0.2421342314021328	-0.44031594058019163	0.2261037352445123	-0.2082540543507349	0.19861075522482963	-0.3867182514343991	0.9999999999999987	-0.26050614387734206	0.11304200266759742	-0.14036746771964087	0.19046915371743195	-0.6061740993212024	0.2957830158137455	-0.10983026603151645	0.12034977751335112	-0.1595810259719926	0.14917712434367614	-0.15332764535046753
0.03063629101108919	-0.025121899476411847	0.02401825240284041	-0.027362562579580137	0.031157097058377353	-0.0271496177453948	0.039136074079423995	-0.021900256173768052	0.07145410697841574	-0.06280647272536355	0.039230844189519554	-0.04145529547851357	0.06494561147149773	-0.06796220056128761	0.07220476372206393	-0.07320221982542632	0.07805751851206896	-0.09776586867895212	0.10365802474250979	-0.15883061888157934	0.08330440454255107	-0.07769872571729078	0.12504286486627336	-0.16745620473059306	0.1830807178128219	-0.0965860437156857	0.11351038956167078	-0.14472659750614383	0.20296640341890762	-0.7430976074242115	0.12935937805258063	-0.12106065448750994	0.1736104866653163	-0.26050614387734206	0.999999999999998	-0.06930468464218381	0.0839186247938528	-0.10885660295507357	0.23009826086412044	-0.4883783382733887	0.06633051498227842	-0.07278491413537663	0.09144637584199365	-0.1117214124399917	0.11504413420099313
-0.023657019918339527	0.01925808221942681	-0.017533584829104984	0.01748658930543833	-0.01984799486620513	0.020878365466350243	-0.03006844468000918	0.015891395354631993	-0.04393435620556803	0.03755296862334926	-0.030357543275323168	0.03146599457969348	-0.04909939165200321	0.04199586210691605	-0.041647158191490924	0.057839546131783215	-0.0597138136013035	0.06285737742230955	-0.06314104679341859	0.08143383462978704	-0.08743794515775223	0.07891600066468953	-0.07939480231532178	0.07523686264973076	-0.0679112290000548	0.1407388153262868	-0.13005859295503633	0.11890573298555515	-0.10802344331701991	0.08451506945313919	-0.29414598442887185	0.2516932225067745	-0.18988807559095286	0.11304200266759742	-0.06930468464218381	0.999999999999999	-0.5337990199276134	0.1979549744905463	-0.09530008405651123	0.1013946702808177	-0.6730639855993932	0.3005859781526917	-0.21442433867764274	0.050375184240813435	-0.04813249466643488
0.027227268217163002	-0.02216401720393498	0.020211647071476085	-0.02023808622449681	0.022956069877427265	-0.024028561300474247	0.03459933431358031	-0.018321524802904436	0.05084575298759033	-0.04371846459941396	0.03493273199509742	-0.03619214075564861	0.05653312378114214	-0.04867260896524632	0.048420518875797666	-0.06659483273258893	0.0684484920063536	-0.07256456118321679	0.0729244344400812	-0.09561824519538784	0.09421840549313826	-0.08704538306843325	0.09107202895051972	-0.08827509167820266	0.07973291784236697	-0.1440571009926073	0.14237127933265084	-0.13936152034820407	0.12604536912961292	-0.10251645685774162	0.2334524166271349	-0.5137443223652058	0.22954361339098264	-0.14036746771964087	0.0839186247938528	-0.5337990199276134	0.9999999999999978	-0.3122239732770107	0.11908873845864444	-0.1265023530196583	0.30115125384194835	-0.4642906598181537	0.247356860144296	-0.06234220095668248	0.058759695058846394
-0.029201266348617597	0.023778184955503188	-0.02187572210073151	0.022318126606493106	-0.025386025199994833	0.025754713557526995	-0.037143724530570243	0.019833133668301105	-0.056508594741317635	0.04809189045255771	-0.03743119456260797	0.03888146479771456	-0.06090705795703925	0.05370502047662147	-0.053829371621534595	0.07023353811394031	-0.07348891778527959	0.07937657596504422	-0.08135410925936389	0.10512997308297152	-0.09500720339863689	0.08687902037794816	-0.10132503552472887	0.1009081275930032	-0.09265897378919274	0.1291453195084306	-0.14185401341276868	0.15957066644306125	-0.1544512833704943	0.12343487916776968	-0.20152337500593936	0.24068950082940763	-0.37907486371479115	0.19046915371743195	-0.10885660295507357	0.1979549744905463	-0.3122239732770107	0.9999999999999989	-0.2235101983530472	0.16851038991166778	-0.23655925045056964	0.27493280026868844	-0.7239433367720757	0.09289264551977881	-0.08937029887424482
0.03171732502672128	-0.02591753536983704	0.024353640640323568	-0.02638865648591431	0.030068948796259626	-0.028036884229370677	0.040432871941687334	-0.022142245771464474	0.06797305333660007	-0.05822202207183597	0.04062588028722385	-0.04257009920777179	0.06674006051646234	-0.06436699561175988	0.06621130368001486	-0.07586638791908346	0.08024095485086373	-0.09379291967434729	0.09840279116956317	-0.1333451532878519	0.09153460584247075	-0.08540116491217714	0.12060371494163644	-0.1401550154577066	0.13291491509497558	-0.11316455459558325	0.13098080309778462	-0.1698557573264925	0.22537709461469047	-0.23341671852199716	0.15324282865920824	-0.15988323502718685	0.23233681091245872	-0.6061740993212024	0.23009826086412044	-0.09530008405651123	0.11908873845864444	-0.2235101983530472	0.9999999999999987	-0.5774838470228798	0.0938096265075573	-0.1084777243059929	0.1514261766258975	-0.2548533635637293	0.20094237330178666
-0.039877094548577435	0.03251841087963655	-0.03075920651625045	0.033293815800336	-0.038218959406459016	0.035134852378668514	-0.05086877586686267	0.027905945321417335	-0.08628102240179703	0.07102604101700376	-0.050998868434343	0.05339450343541066	-0.08426889289297787	0.07985652609554394	-0.08265626862705892	0.09210074820120927	-0.10067692174760778	0.11329900948733812	-0.12484225240879247	0.15514126734957875	-0.1126019315383668	0.10141492174369315	-0.15024357147190331	0.16009091700286643	-0.17060563815777743	0.13033204724726083	-0.15637943275666402	0.17927132511820526	-0.25718674614382303	0.27633040577506557	-0.19053091443647266	0.1665326615652846	-0.26197127010121407	0.2957830158137455	-0.4883783382733887	0.1013946702808177	-0.1265023530196583	0.16851038991166778	-0.5774838470228798	0.999999999999999	-0.10130687412924946	0.10857115569776468	-0.14952095619991984	0.20421072581200078	-0.26255530435413227
0.02129220767895522	-0.017334885527826693	0.015798484347884525	-0.015822322818385103	0.017928410172085945	-0.0187973868397195	0.027049904671274244	-0.014324080520925243	0.03970298150830254	-0.03434840829847953	0.027322396383371146	-0.02829326139152641	0.04418163833096976	-0.03810218922514236	0.03793581604614053	-0.05237032644212203	0.053417979110270145	-0.056766173029805835	0.05684124124179537	-0.07552223532884857	0.07247014441462488	-0.06736651874209383	0.07070162444564339	-0.06913288570342215	0.06245710000088092	-0.116173779556283	0.10623878494211436	-0.10708788440594294	0.09709503805634823	-0.08155824836652943	0.1876707434609544	-0.23276494110294355	0.16600563445398436	-0.10983026603151645	0.06633051498227842	-0.6730639855993932	0.30115125384194835	-0.23655925045056964	0.0938096265075573	-0.10130687412924946	0.9999999999999997	-0.5776127671358178	0.22618283662241534	-0.05064778766369864	0.04744525238977488
-0.023205050413549477	0.01887992653864282	-0.017257808488167894	0.017298165310311617	-0.019660242485458383	0.020458475869209018	-0.02949806016252797	0.015635707875953	-0.04355560467926551	0.037081791322193566	-0.029756304037056286	0.030835663913918503	-0.04826172388512445	0.04146970326886554	-0.0412874446573984	0.05605272284046087	-0.05835027639383922	0.061480013097643366	-0.06253669136644274	0.0803711114900232	-0.07985787202533638	0.07213054451919657	-0.0779266151557915	0.07489544308325799	-0.06818627616911571	0.11521508817897713	-0.11829585709604178	0.11629604802372681	-0.10911591163203978	0.08682577453768374	-0.20009181690253308	0.23533025890862316	-0.20835682319659532	0.12034977751335112	-0.07278491413537663	0.3005859781526917	-0.4642906598181537	0.27493280026868844	-0.1084777243059929	0.10857115569776468	-0.5776127671358178	0.9999999999999997	-0.49691643402857816	0.05872008228889949	-0.056068456704983054
0.024877243075344526	-0.02026263771003215	0.018592276247828193	-0.018931655228575067	0.02146995599441858	-0.021960306453006753	0.03162050387916404	-0.01686494711094846	0.047743378111981996	-0.04134069950391643	0.031903863512805164	-0.0330936775275287	0.05177814440209752	-0.04571982371303286	0.04586544738047778	-0.06069923936502629	0.06232365202365403	-0.06761156612012732	0.06840597446114673	-0.09187516040955931	0.07855808380210749	-0.07334261714837519	0.08449870142573146	-0.0859739159990149	0.07836674628110354	-0.11187682050067707	0.11539408500135517	-0.1318512576203032	0.12367813339983878	-0.10913008476897582	0.16593953148453952	-0.23605297753703433	0.227513835064246	-0.1595810259719926	0.09144637584199365	-0.21442433867764274	0.247356860144296	-0.7239433367720757	0.1514261766258975	-0.14952095619991984	0.22618283662241534	-0.49691643402857816	1.0	-0.08795916553709673	0.07859521022608187
