1.0	-0.6872201903440185	0.053714632346239105	-0.05409520831196006	0.0151812417384931	-0.6418920587753356	0.31058487322963996	-0.10001486111341737	0.04029047046234729	-0.015541499414495938	0.09046055998351953	-0.0780897235982037	0.07548398537549245	-0.04199515891343521	0.01277068790448871	-0.06446957450089917	0.07140755727363332	-0.055387825397418204	0.044499772915322935	-0.012669676751856153	0.04482828802447507	-0.04227285977697164	0.058448246473503974	-0.03917690876653785	0.02149212618683721	-0.03865977653659174	0.043199120592483924	-0.039129333651548644	0.034923597120053045	-0.01903820465106426	0.03485274278934359	-0.03164120108615757	0.041858800642721884	-0.02815619044546791	0.01397217063471869	-0.0053394177469515205	0.005158920154598626	-0.03580605333960783	0.03230676096753855	-0.014838818591745823
-0.6872201903440185	0.9999999999999998	-0.08973148145351013	0.0830292634376871	-0.02446265067101769	0.33168694571805457	-0.581955269250988	0.15690084137706412	-0.06566584193280221	0.02477318641270649	-0.13490215083141568	0.12303375893237536	-0.1257598358093153	0.0670644427433769	-0.021104541825551985	0.09360043920355157	-0.11686514404371728	0.09091163431309596	-0.07464902822370001	0.02081229433588111	-0.07215422781656022	0.06799390600766554	-0.09887479745940414	0.06492019496059592	-0.03618046501312302	0.0609999478888182	-0.07104315101018448	0.06528013813937766	-0.058928948386398984	0.03186200810134101	-0.05789589874954726	0.05169865938632883	-0.07057742442486982	0.04704043266927624	-0.0234690335387652	0.008857151376983542	-0.008571705383428684	0.059373500134401666	-0.054624969816494756	0.024798031776031047
0.053714632346239105	-0.08973148145351013	0.9999999999999999	-0.9246282192281496	0.0920275911802072	-0.06047026785065558	0.09445486755778422	-0.2539299456629342	0.14802190735884943	-0.09740901958821775	0.07264291292743262	-0.07429430172321355	0.12125098569870515	-0.142525810926284	0.027038676871049896	-0.05312144503565479	0.07283981233322423	-0.08028713161901804	0.07378539408880179	-0.027158596600308244	0.04466509374991088	-0.04371665657397458	0.08473023895119693	-0.06211750066217296	0.029825683650861537	-0.03800495168775553	0.045912147961402694	-0.05061583498984159	0.045697463305579604	-0.0263490564877107	0.03977019867059761	-0.03544657194131774	0.05341646105509607	-0.03582865772057056	0.018245852018471596	-0.006377529582726503	0.006174342812816432	-0.043900272053770825	0.04107552731443005	-0.019376527258885383
-0.05409520831196006	0.0830292634376871	-0.9246282192281496	1.0000000000000002	-0.11059869916589457	0.061084166623240725	-0.09939463487620255	0.19785952000093776	-0.18048483918315167	0.09876135400458516	-0.0811987263490602	0.07965444730260823	-0.13204487593129172	0.14005612420037197	-0.028634483025443563	0.05844467429225385	-0.08088613568775724	0.08589266795942592	-0.0813568397522178	0.028283608872785145	-0.05003012378139914	0.04839359787988129	-0.0951339995430413	0.06691380406857647	-0.03311247167239192	0.04224036072812751	-0.051381327380712175	0.056366773754879265	-0.05130637898866283	0.029041044358516465	-0.044807483877136296	0.039564734946869164	-0.06021103895987661	0.03989789876958335	-0.020290027375860744	0.0070993559505228955	-0.006881955674718819	0.048717411992107086	-0.04625190936307114	0.021428588004075058
0.0151812417384931	-0.02446265067101769	0.0920275911802072	-0.11059869916589457	1.0000000000000004	-0.020372303439751785	0.03054118371182373	-0.07101506164966771	0.09672723119559565	-0.9802131902330017	0.027816353464281948	-0.028687666292856136	0.04475066366551685	-0.09367378832725452	0.016259773283741886	-0.020837847962465014	0.028165943834215394	-0.033412905533466916	0.03407257897791112	-0.016573148468241535	0.017735171208793532	-0.01750732901684447	0.03473756596224235	-0.02932588708946354	0.013117703331426202	-0.015246711818877382	0.018249933710310907	-0.021140983751046456	0.01914378028227923	-0.011715685086856182	0.016185274516777377	-0.014575289089513443	0.02199601671102836	-0.015188237064699883	0.00789875834206273	-0.002685056612220479	0.0025950067295254474	-0.0186160920500792	0.017117941341264337	-0.008471169458143002
-0.6418920587753356	0.33168694571805457	-0.06047026785065558	0.061084166623240725	-0.020372303439751785	1.0000000000000002	-0.6318067487987018	0.15179325140941716	-0.059596974812538436	0.020664844690634905	-0.16024761933409803	0.12870024867479957	-0.12197115409957746	0.06186377280802885	-0.01966158883699927	0.10485038422082542	-0.11894174062065777	0.0882573959428191	-0.07060939258579903	0.019435161371658793	-0.07323398526167525	0.0684013346053165	-0.09372810107171099	0.06183285945366376	-0.03407861232906083	0.06240497225417072	-0.07039928741740673	0.06241613665608907	-0.05569200430016715	0.03012668563866752	-0.05601526825473898	0.05058561049397852	-0.0669656944311623	0.04471913192658426	-0.022133644868028594	0.008475783203525602	-0.008194057620026165	0.056734784208685066	-0.051479774136883774	0.023456829186789943
0.31058487322963996	-0.581955269250988	0.09445486755778422	-0.09939463487620255	0.03054118371182373	-0.6318067487987018	1.0000000000000009	-0.2708413299527197	0.08819119536197748	-0.03147468166281622	0.16303960985549998	-0.19392985190345796	0.16316242918422766	-0.09422162940558097	0.0269557050330016	-0.12581043402517944	0.14680549284177694	-0.11918611688377524	0.09177228866287425	-0.026983070110144995	0.08774274924905118	-0.08693388699107354	0.11813212612707134	-0.08216732384604308	0.043559671381852134	-0.0775103892022441	0.08618944823687792	-0.07962319872629334	0.06998859731569855	-0.038947452224203885	0.06884450024814479	-0.0638956551766523	0.08336378495597938	-0.05724675515059726	0.028332139869925145	-0.010866965737116246	0.01047298457049593	-0.07340780323174452	0.06442733070480343	-0.030357768149324033
-0.10001486111341737	0.15690084137706412	-0.2539299456629342	0.19785952000093776	-0.07101506164966771	0.15179325140941716	-0.2708413299527197	1.0000000000000004	-0.2981465619395625	0.06943990141833825	-0.2541325823302589	0.2550855702161526	-0.5487702972549048	0.228250035945318	-0.06465560968491914	0.17994655852457045	-0.25989811103069654	0.2704600947631453	-0.23463725122028162	0.06252614629627895	-0.15286818510188502	0.14844798174592463	-0.30097568964411153	0.18737501304858867	-0.09632416519219197	0.1281967277653772	-0.15844965524873875	0.17085491541784	-0.15427833399158727	0.08383229906535701	-0.13511623332600117	0.11867624226609542	-0.18304783460405527	0.11845296942140945	-0.05916358636693297	0.020964032469374186	-0.02034603640772826	0.14386516830179494	-0.13838749347883245	0.06207158251257685
0.04029047046234729	-0.06566584193280221	0.14802190735884943	-0.18048483918315167	0.09672723119559565	-0.059596974812538436	0.08819119536197748	-0.2981465619395625	0.9999999999999999	-0.10742212414236967	0.0896030720537482	-0.10000951999109403	0.16691982969547964	-0.8798255384994627	0.07717693994411097	-0.06872775464550969	0.09445015946678217	-0.1298657366821229	0.14914393824626024	-0.07996009826575314	0.0571934531895011	-0.05813734531480924	0.12403302243147753	-0.12808716725106106	0.04770493257507225	-0.04969428584828744	0.05973980941305379	-0.0727650568056703	0.06491613455042446	-0.043192563888107875	0.052135536028520175	-0.04760193423962973	0.07298479302119458	-0.05158284346233965	0.027300139939785126	-0.008820356163357105	0.008510640763764454	-0.06218980974030236	0.05635998036701296	-0.02962682331159137
-0.015541499414495938	0.02477318641270649	-0.09740901958821775	0.09876135400458516	-0.9802131902330017	0.020664844690634905	-0.03147468166281622	0.06943990141833825	-0.10742212414236967	0.9999999999999999	-0.02891540023724699	0.029352618679904012	-0.046135724214651085	0.0888898028373874	-0.016120601715760848	0.021482162544834826	-0.029164769009478918	0.0338839470193896	-0.034645248467976404	0.01621705548881236	-0.018399437095223372	0.018056243363713323	-0.03591420933257641	0.029391788911305596	-0.01342013182001644	0.01575146760357381	-0.01891859930850233	0.021760916798966815	-0.019772996422578463	0.011931588876698838	-0.016796855325802756	0.015048612773244976	-0.022796795507875868	0.015613676994028233	-0.008099969574819134	0.0027626623645806434	-0.0026719731883300198	0.019111414736439698	-0.01771689618551564	0.008656889652246676
0.09046055998351953	-0.13490215083141568	0.07264291292743262	-0.0811987263490602	0.027816353464281948	-0.16024761933409803	0.16303960985549998	-0.2541325823302589	0.0896030720537482	-0.02891540023724699	0.9999999999999998	-0.44161202192492904	0.2125156207731343	-0.10395278861595411	0.03074038271722093	-0.7162980043373559	0.3058114062464718	-0.17470803785473565	0.1132741556267589	-0.03126202250972867	0.20981544514004094	-0.18138918949509492	0.148197443259151	-0.10759941947084756	0.05427415470584999	-0.20019888604207797	0.16059234211208684	-0.11190820232281076	0.09010663805717843	-0.049827074690025404	0.11391929952595156	-0.11480212662664994	0.11216695949923314	-0.07696028229093707	0.03553536919389274	-0.015595212380954609	0.01493186135546853	-0.1024801405288183	0.0813153669548957	-0.03876904945992766
-0.0780897235982037	0.12303375893237536	-0.07429430172321355	0.07965444730260823	-0.028687666292856136	0.12870024867479957	-0.19392985190345796	0.2550855702161526	-0.10000951999109403	0.029352618679904012	-0.44161202192492904	1.0000000000000009	-0.45616057289675505	0.11108454199009629	-0.034336697093855756	0.2795520394358779	-0.6184864664723551	0.22663873079529676	-0.14199119103262592	0.03436722710511705	-0.1670712006426116	0.18785492788425343	-0.18837813582798943	0.12452094185790287	-0.05952888238784661	0.1412662228014253	-0.18575794094629255	0.11992295947367199	-0.09772349069057927	0.05373920406902645	-0.10272039240934011	0.09621281908192279	-0.11873456928567282	0.07886670424808113	-0.03719246673478745	0.014707795911988971	-0.014161118911498589	0.09963503257985126	-0.08538617981123697	0.040056613849430406
0.07548398537549245	-0.1257598358093153	0.12125098569870515	-0.13204487593129172	0.04475066366551685	-0.12197115409957746	0.16316242918422766	-0.5487702972549048	0.16691982969547964	-0.046135724214651085	0.2125156207731343	-0.45616057289675505	0.9999999999999986	-0.20151855883964814	0.05087935782493136	-0.178386591981753	0.2535921582424377	-0.5012776535624985	0.2041926918774053	-0.05176170975542688	0.12383640889685021	-0.1395071564704467	0.2510235161781171	-0.18592976137326114	0.0769527231877546	-0.11123217499255013	0.1320551709813718	-0.1480685247993498	0.11824183833789435	-0.07034942251236538	0.10124547372017637	-0.09661053921190897	0.1374205405902206	-0.09634071287344646	0.04666186579507594	-0.016861932650199526	0.016211043107667706	-0.11910090468663498	0.1021525492212535	-0.05076074358026734
-0.04199515891343521	0.0670644427433769	-0.142525810926284	0.14005612420037197	-0.09367378832725452	0.06186377280802885	-0.09422162940558097	0.228250035945318	-0.8798255384994627	0.0888898028373874	-0.10395278861595411	0.11108454199009629	-0.20151855883964814	1.0000000000000002	-0.09699219135974924	0.07789614231424433	-0.10950814040046475	0.14413613374400586	-0.20044502102998263	0.08769315476998174	-0.06602712306158506	0.06630796921713268	-0.14745880453918658	0.139997730703216	-0.05465277502493887	0.05674611455268775	-0.06914913685803059	0.08357401237372883	-0.07539097911728507	0.048448837199231126	-0.060466041567527794	0.05451083520226429	-0.08521190146083625	0.058788405224910814	-0.03099758745744508	0.01001956693784584	-0.009686570312272932	0.07041982678322874	-0.06533316821816318	0.03328527994885312
0.01277068790448871	-0.021104541825551985	0.027038676871049896	-0.028634483025443563	0.016259773283741886	-0.01966158883699927	0.0269557050330016	-0.06465560968491914	0.07717693994411097	-0.016120601715760848	0.03074038271722093	-0.034336697093855756	0.05087935782493136	-0.09699219135974924	1.0000000000000007	-0.024993903489828502	0.03350432136815538	-0.057607755657790805	0.08899163933730445	-0.983575157379698	0.02143491145639901	-0.02243099217953691	0.05436598017209528	-0.07597818724517454	0.02983376290304774	-0.019128456833222045	0.02268136742101834	-0.03251027490855907	0.029955460816278586	-0.02732595558565797	0.02095024284318111	-0.019655846064622663	0.031080895855674442	-0.024365891542578726	0.014849703909137119	-0.003918054018849193	0.003761954306062773	-0.028532621470374255	0.024931398993306132	-0.01663435270525229
-0.06446957450089917	0.09360043920355157	-0.05312144503565479	0.05844467429225385	-0.020837847962465014	0.10485038422082542	-0.12581043402517944	0.17994655852457045	-0.06872775464550969	0.021482162544834826	-0.7162980043373559	0.2795520394358779	-0.178386591981753	0.07789614231424433	-0.024993903489828502	0.9999999999999982	-0.46984153795673694	0.14935476264807937	-0.09954639876052446	0.02514218138607738	-0.3244048052503406	0.18769208674553597	-0.13581870153001255	0.09176041524618384	-0.047402980267643696	0.20434687062255663	-0.18366873979422596	0.10163436704975762	-0.08132142710297036	0.043123041852379695	-0.11393550448007135	0.10661781742921977	-0.10402763301044526	0.06768384067418959	-0.030717619796457214	0.013814733864627329	-0.013277822265289502	0.08893350594631863	-0.07246007817080646	0.03319279137358702
0.07140755727363332	-0.11686514404371728	0.07283981233322423	-0.08088613568775724	0.028165943834215394	-0.11894174062065777	0.14680549284177694	-0.25989811103069654	0.09445015946678217	-0.029164769009478918	0.3058114062464718	-0.6184864664723551	0.2535921582424377	-0.10950814040046475	0.03350432136815538	-0.46984153795673694	0.9999999999999968	-0.25741451501741947	0.1355627185015599	-0.03400757182981218	0.195334489187476	-0.32796786001730754	0.1792161811294658	-0.12689736025310736	0.059638592412633536	-0.1804001576259273	0.21899892594141768	-0.12695586793731647	0.0988037229113433	-0.054732957793738164	0.11171370278313394	-0.10931877638223265	0.12101369327204932	-0.08226879517210077	0.03786027051817175	-0.015702718968907795	0.015065860091096285	-0.10579650947461267	0.08646289367396129	-0.04119276418968802
-0.055387825397418204	0.09091163431309596	-0.08028713161901804	0.08589266795942592	-0.033412905533466916	0.0882573959428191	-0.11918611688377524	0.2704600947631453	-0.1298657366821229	0.0338839470193896	-0.17470803785473565	0.22663873079529676	-0.5012776535624985	0.14413613374400586	-0.057607755657790805	0.14935476264807937	-0.25741451501741947	1.0000000000000004	-0.41397310339581245	0.0569805762622309	-0.11857689283863525	0.13485427384835075	-0.5628621883753493	0.27347066053023117	-0.09990586687306417	0.10564821306737501	-0.13332565172652838	0.1970008110566138	-0.15503172080991715	0.08923558103956979	-0.11180056038559426	0.10457774981915861	-0.18068036240065619	0.11606001048567897	-0.0555267182230406	0.018653302948572398	-0.01799605368093933	0.13640446218912053	-0.12336819093654634	0.059773989717241065
0.044499772915322935	-0.07464902822370001	0.07378539408880179	-0.0813568397522178	0.03407257897791112	-0.07060939258579903	0.09177228866287425	-0.23463725122028162	0.14914393824626024	-0.034645248467976404	0.1132741556267589	-0.14199119103262592	0.2041926918774053	-0.20044502102998263	0.08899163933730445	-0.09954639876052446	0.1355627185015599	-0.41397310339581245	0.9999999999999974	-0.09824869097741443	0.08276057996068742	-0.09309865747947962	0.2869135387599074	-0.7644377924183038	0.12864904843605424	-0.07590479824596	0.09067198012798248	-0.1527309440563196	0.13187193399282313	-0.12201348831690308	0.08282694158632545	-0.08017359222959783	0.13168818799434986	-0.10616551604142978	0.06027117188722088	-0.01585699173994181	0.015198480968864602	-0.1191953905194817	0.10169689750052446	-0.06816459857705856
-0.012669676751856153	0.02081229433588111	-0.027158596600308244	0.028283608872785145	-0.016573148468241535	0.019435161371658793	-0.026983070110144995	0.06252614629627895	-0.07996009826575314	0.01621705548881236	-0.03126202250972867	0.03436722710511705	-0.05176170975542688	0.08769315476998174	-0.983575157379698	0.02514218138607738	-0.03400757182981218	0.0569805762622309	-0.09824869097741443	0.9999999999999954	-0.0217207325473969	0.022577315195332428	-0.0555750202781433	0.07367883217475601	-0.030246938932827122	0.019273525313001572	-0.022990311915036307	0.032654549730284324	-0.03027826892219364	0.02700534171690533	-0.021244087787804747	0.019785458330808997	-0.031544915748718406	0.024335445391090223	-0.01480489686936861	0.003915316777496919	-0.003763734580972869	0.028432037653711835	-0.025191157326419085	0.016444581778132062
0.04482828802447507	-0.07215422781656022	0.04466509374991088	-0.05003012378139914	0.017735171208793532	-0.07323398526167525	0.08774274924905118	-0.15286818510188502	0.0571934531895011	-0.018399437095223372	0.20981544514004094	-0.1670712006426116	0.12383640889685021	-0.06602712306158506	0.02143491145639901	-0.3244048052503406	0.195334489187476	-0.11857689283863525	0.08276057996068742	-0.0217207325473969	0.9999999999999983	-0.2990336205276459	0.11953175629811699	-0.08350513459617617	0.04776488850417461	-0.7826206707712243	0.24929917546579317	-0.12077971556280567	0.08925008751161904	-0.04436578695934807	0.20073067607349782	-0.2084631039279127	0.12654212078525576	-0.07969268819979368	0.03276899876116924	-0.019121561669991006	0.018235922268452397	-0.11295689581631184	0.08131719755150887	-0.035761515754695876
-0.04227285977697164	0.06799390600766554	-0.04371665657397458	0.04839359787988129	-0.01750732901684447	0.0684013346053165	-0.08693388699107354	0.14844798174592463	-0.05813734531480924	0.018056243363713323	-0.18138918949509492	0.18785492788425343	-0.1395071564704467	0.06630796921713268	-0.02243099217953691	0.18769208674553597	-0.32796786001730754	0.13485427384835075	-0.09309865747947962	0.022577315195332428	-0.2990336205276459	0.9999999999999941	-0.1526958268014263	0.09245911391997111	-0.051121749157125196	0.24241375616106683	-0.8132459660232545	0.13945117808611826	-0.09967848115042248	0.046845145783457304	-0.1324499085503349	0.1199458377813505	-0.1294530543177689	0.0785566815145319	-0.03316467927044024	0.015283460719428418	-0.014722954836661995	0.0999648749422543	-0.08257017080854641	0.03559866663974077
0.058448246473503974	-0.09887479745940414	0.08473023895119693	-0.0951339995430413	0.03473756596224235	-0.09372810107171099	0.11813212612707134	-0.30097568964411153	0.12403302243147753	-0.03591420933257641	0.148197443259151	-0.18837813582798943	0.2510235161781171	-0.14745880453918658	0.05436598017209528	-0.13581870153001255	0.1792161811294658	-0.5628621883753493	0.2869135387599074	-0.0555750202781433	0.11953175629811699	-0.1526958268014263	0.9999999999999974	-0.4443455975525407	0.12435947078360367	-0.11321772750604017	0.14128315517282075	-0.39822075248751704	0.19942063501090349	-0.119007124133814	0.12673804660468416	-0.1297499357134913	0.22468923198485205	-0.15995217193767383	0.07020865360791602	-0.0240545290044452	0.023038890498376482	-0.1860548551501299	0.1506393936222734	-0.07768892074682236
-0.03917690876653785	0.06492019496059592	-0.06211750066217296	0.06691380406857647	-0.02932588708946354	0.06183285945366376	-0.08216732384604308	0.18737501304858867	-0.12808716725106106	0.029391788911305596	-0.10759941947084756	0.12452094185790287	-0.18592976137326114	0.139997730703216	-0.07597818724517454	0.09176041524618384	-0.12689736025310736	0.27347066053023117	-0.7644377924183038	0.07367883217475601	-0.08350513459617617	0.09245911391997111	-0.4443455975525407	0.9999999999999974	-0.18290643676146554	0.07566055853646546	-0.09368712962318727	0.17443675119116597	-0.16412945224569328	0.13924274549139926	-0.09026423823925242	0.08511439073123829	-0.15580624640955482	0.11765409246298604	-0.06810660920685335	0.016812375486556938	-0.01617916675479905	0.12742081609541014	-0.11622426239711865	0.07420850380805452
0.02149212618683721	-0.03618046501312302	0.029825683650861537	-0.03311247167239192	0.013117703331426202	-0.03407861232906083	0.043559671381852134	-0.09632416519219197	0.04770493257507225	-0.01342013182001644	0.05427415470584999	-0.05952888238784661	0.0769527231877546	-0.05465277502493887	0.02983376290304774	-0.047402980267643696	0.059638592412633536	-0.09990586687306417	0.12864904843605424	-0.030246938932827122	0.04776488850417461	-0.051121749157125196	0.12435947078360367	-0.18290643676146554	0.999999999999996	-0.044758132404997736	0.05239983686758629	-0.12828405486025213	0.17960766407453388	-0.8896235245170795	0.059585850814476246	-0.058828982512858834	0.10731862404010313	-0.15444871443128003	0.19296571476221047	-0.016621536265090726	0.015760139832332164	-0.13803121707984112	0.11736253466005535	-0.2326954516330042
-0.03865977653659174	0.0609999478888182	-0.03800495168775553	0.04224036072812751	-0.015246711818877382	0.06240497225417072	-0.0775103892022441	0.1281967277653772	-0.04969428584828744	0.01575146760357381	-0.20019888604207797	0.1412662228014253	-0.11123217499255013	0.05674611455268775	-0.019128456833222045	0.20434687062255663	-0.1804001576259273	0.10564821306737501	-0.07590479824596	0.019273525313001572	-0.7826206707712243	0.24241375616106683	-0.11321772750604017	0.07566055853646546	-0.044758132404997736	0.9999999999999962	-0.35834209933307154	0.11697499593218585	-0.08645596526456056	0.041230001847601866	-0.29662776579495526	0.19979685989440166	-0.12829002250012117	0.0743031575956901	-0.0304460641125286	0.018824117246873114	-0.018117481342794915	0.10343419556890882	-0.07755593364151692	0.03290039295402333
0.043199120592483924	-0.07104315101018448	0.045912147961402694	-0.051381327380712175	0.018249933710310907	-0.07039928741740673	0.08618944823687792	-0.15844965524873875	0.05973980941305379	-0.01891859930850233	0.16059234211208684	-0.18575794094629255	0.1320551709813718	-0.06914913685803059	0.02268136742101834	-0.18366873979422596	0.21899892594141768	-0.13332565172652838	0.09067198012798248	-0.022990311915036307	0.24929917546579317	-0.8132459660232545	0.14128315517282075	-0.09368712962318727	0.05239983686758629	-0.35834209933307154	0.9999999999999972	-0.17043206412857745	0.10410829142161108	-0.04884637764624797	0.14224866351478654	-0.14109068545526046	0.1354767676343969	-0.08528990841168209	0.034643071735575744	-0.016609729753761984	0.01592631472944229	-0.10945795873932379	0.08592385593570755	-0.0375136546739369
-0.039129333651548644	0.06528013813937766	-0.05061583498984159	0.056366773754879265	-0.021140983751046456	0.06241613665608907	-0.07962319872629334	0.17085491541784	-0.0727650568056703	0.021760916798966815	-0.11190820232281076	0.11992295947367199	-0.1480685247993498	0.08357401237372883	-0.03251027490855907	0.10163436704975762	-0.12695586793731647	0.1970008110566138	-0.1527309440563196	0.032654549730284324	-0.12077971556280567	0.13945117808611826	-0.39822075248751704	0.17443675119116597	-0.12828405486025213	0.11697499593218585	-0.17043206412857745	0.999999999999998	-0.4657816495649529	0.12016853149329222	-0.18311938768699157	0.17898626534054968	-0.6069111789073877	0.2396740123816015	-0.08033438441628879	0.031494452315427066	-0.030511483903733705	0.25833487505095676	-0.2345866967144205	0.08342297197042747
0.034923597120053045	-0.058928948386398984	0.045697463305579604	-0.05130637898866283	0.01914378028227923	-0.05569200430016715	0.06998859731569855	-0.15427833399158727	0.06491613455042446	-0.019772996422578463	0.09010663805717843	-0.09772349069057927	0.11824183833789435	-0.07539097911728507	0.029955460816278586	-0.08132142710297036	0.0988037229113433	-0.15503172080991715	0.13187193399282313	-0.03027826892219364	0.08925008751161904	-0.09967848115042248	0.19942063501090349	-0.16412945224569328	0.17960766407453388	-0.08645596526456056	0.10410829142161108	-0.4657816495649529	0.9999999999999976	-0.22307103583884438	0.12393424310363846	-0.12763478147277474	0.25854262991679977	-0.6501605287814138	0.11778796134766793	-0.036861811741706045	0.034890468468640884	-0.3327670759571245	0.28016083495612826	-0.12508661768663598
-0.01903820465106426	0.03186200810134101	-0.0263490564877107	0.029041044358516465	-0.011715685086856182	0.03012668563866752	-0.038947452224203885	0.08383229906535701	-0.043192563888107875	0.011931588876698838	-0.049827074690025404	0.05373920406902645	-0.07034942251236538	0.048448837199231126	-0.02732595558565797	0.043123041852379695	-0.054732957793738164	0.08923558103956979	-0.12201348831690308	0.02700534171690533	-0.04436578695934807	0.046845145783457304	-0.119007124133814	0.13924274549139926	-0.8896235245170795	0.041230001847601866	-0.04884637764624797	0.12016853149329222	-0.22307103583884438	0.9999999999999991	-0.05636508807272245	0.054518169179707976	-0.10391010742233352	0.1439759610783419	-0.24998263496079717	0.0146472396110196	-0.013962615875180625	0.12071603500710001	-0.11439854476079855	0.19733527232193004
0.03485274278934359	-0.05789589874954726	0.03977019867059761	-0.044807483877136296	0.016185274516777377	-0.05601526825473898	0.06884450024814479	-0.13511623332600117	0.052135536028520175	-0.016796855325802756	0.11391929952595156	-0.10272039240934011	0.10124547372017637	-0.060466041567527794	0.02095024284318111	-0.11393550448007135	0.11171370278313394	-0.11180056038559426	0.08282694158632545	-0.021244087787804747	0.20073067607349782	-0.1324499085503349	0.12673804660468416	-0.09026423823925242	0.059585850814476246	-0.29662776579495526	0.14224866351478654	-0.18311938768699157	0.12393424310363846	-0.05636508807272245	0.9999999999999986	-0.8412648752557265	0.22799862044038502	-0.12159366366866152	0.04362382090281411	-0.04296107079903133	0.040190169373194945	-0.1932900560448433	0.1190765736370444	-0.047836163788662595
-0.03164120108615757	0.05169865938632883	-0.03544657194131774	0.039564734946869164	-0.014575289089513443	0.05058561049397852	-0.0638956551766523	0.11867624226609542	-0.04760193423962973	0.015048612773244976	-0.11480212662664994	0.09621281908192279	-0.09661053921190897	0.05451083520226429	-0.019655846064622663	0.10661781742921977	-0.10931877638223265	0.10457774981915861	-0.08017359222959783	0.019785458330808997	-0.2084631039279127	0.1199458377813505	-0.1297499357134913	0.08511439073123829	-0.058828982512858834	0.19979685989440166	-0.14109068545526046	0.17898626534054968	-0.12763478147277474	0.054518169179707976	-0.8412648752557265	0.999999999999999	-0.3438680147411126	0.11270166128149922	-0.04186842145369575	0.03681450742524624	-0.036308123508106	0.1724168309478582	-0.11970053638700581	0.04492596301677717
0.041858800642721884	-0.07057742442486982	0.05341646105509607	-0.06021103895987661	0.02199601671102836	-0.0669656944311623	0.08336378495597938	-0.18304783460405527	0.07298479302119458	-0.022796795507875868	0.11216695949923314	-0.11873456928567282	0.1374205405902206	-0.08521190146083625	0.031080895855674442	-0.10402763301044526	0.12101369327204932	-0.18068036240065619	0.13168818799434986	-0.031544915748718406	0.12654212078525576	-0.1294530543177689	0.22468923198485205	-0.15580624640955482	0.10731862404010313	-0.12829002250012117	0.1354767676343969	-0.6069111789073877	0.25854262991679977	-0.10391010742233352	0.22799862044038502	-0.3438680147411126	0.9999999999999992	-0.25367354873561637	0.07813307079798476	-0.04623688781574305	0.044265675326269724	-0.4729016029696728	0.23985153325040084	-0.08495953819958707
-0.02815619044546791	0.04704043266927624	-0.03582865772057056	0.03989789876958335	-0.015188237064699883	0.04471913192658426	-0.05724675515059726	0.11845296942140945	-0.05158284346233965	0.015613676994028233	-0.07696028229093707	0.07886670424808113	-0.09634071287344646	0.058788405224910814	-0.024365891542578726	0.06768384067418959	-0.08226879517210077	0.11606001048567897	-0.10616551604142978	0.024335445391090223	-0.07969268819979368	0.0785566815145319	-0.15995217193767383	0.11765409246298604	-0.15444871443128003	0.0743031575956901	-0.08528990841168209	0.2396740123816015	-0.6501605287814138	0.1439759610783419	-0.12159366366866152	0.11270166128149922	-0.25367354873561637	0.9999999999999999	-0.1365681949101051	0.03204422792473219	-0.031012410976103605	0.28479638257129136	-0.5758169213054747	0.12714797303962136
0.01397217063471869	-0.0234690335387652	0.018245852018471596	-0.020290027375860744	0.00789875834206273	-0.022133644868028594	0.028332139869925145	-0.05916358636693297	0.027300139939785126	-0.008099969574819134	0.03553536919389274	-0.03719246673478745	0.04666186579507594	-0.03099758745744508	0.014849703909137119	-0.030717619796457214	0.03786027051817175	-0.0555267182230406	0.06027117188722088	-0.01480489686936861	0.03276899876116924	-0.03316467927044024	0.07020865360791602	-0.06810660920685335	0.19296571476221047	-0.0304460641125286	0.034643071735575744	-0.08033438441628879	0.11778796134766793	-0.24998263496079717	0.04362382090281411	-0.04186842145369575	0.07813307079798476	-0.1365681949101051	0.9999999999999991	-0.012924685756379194	0.012320860677277702	-0.1089884215110599	0.12040501812446384	-0.9290049344544478
-0.0053394177469515205	0.008857151376983542	-0.006377529582726503	0.0070993559505228955	-0.002685056612220479	0.008475783203525602	-0.010866965737116246	0.020964032469374186	-0.008820356163357105	0.0027626623645806434	-0.015595212380954609	0.014707795911988971	-0.016861932650199526	0.01001956693784584	-0.003918054018849193	0.013814733864627329	-0.015702718968907795	0.018653302948572398	-0.01585699173994181	0.003915316777496919	-0.019121561669991006	0.015283460719428418	-0.0240545290044452	0.016812375486556938	-0.016621536265090726	0.018824117246873114	-0.016609729753761984	0.031494452315427066	-0.036861811741706045	0.0146472396110196	-0.04296107079903133	0.03681450742524624	-0.04623688781574305	0.03204422792473219	-0.012924685756379194	0.9999999999999991	-0.9925424410243542	0.07709429125520316	-0.05557040773406664	0.013244557196478955
0.005158920154598626	-0.008571705383428684	0.006174342812816432	-0.006881955674718819	0.0025950067295254474	-0.008194057620026165	0.01047298457049593	-0.02034603640772826	0.008510640763764454	-0.0026719731883300198	0.01493186135546853	-0.014161118911498589	0.016211043107667706	-0.009686570312272932	0.003761954306062773	-0.013277822265289502	0.015065860091096285	-0.01799605368093933	0.015198480968864602	-0.003763734580972869	0.018235922268452397	-0.014722954836661995	0.023038890498376482	-0.01617916675479905	0.015760139832332164	-0.018117481342794915	0.01592631472944229	-0.030511483903733705	0.034890468468640884	-0.013962615875180625	0.040190169373194945	-0.036308123508106	0.044265675326269724	-0.031012410976103605	0.012320860677277702	-0.9925424410243542	1.0000000000000002	-0.08379559034396608	0.052695880791004734	-0.012702086488624888
-0.03580605333960783	0.059373500134401666	-0.043900272053770825	0.048717411992107086	-0.0186160920500792	0.056734784208685066	-0.07340780323174452	0.14386516830179494	-0.06218980974030236	0.019111414736439698	-0.1024801405288183	0.09963503257985126	-0.11910090468663498	0.07041982678322874	-0.028532621470374255	0.08893350594631863	-0.10579650947461267	0.13640446218912053	-0.1191953905194817	0.028432037653711835	-0.11295689581631184	0.0999648749422543	-0.1860548551501299	0.12742081609541014	-0.13803121707984112	0.10343419556890882	-0.10945795873932379	0.25833487505095676	-0.3327670759571245	0.12071603500710001	-0.1932900560448433	0.1724168309478582	-0.4729016029696728	0.28479638257129136	-0.1089884215110599	0.07709429125520316	-0.08379559034396608	1.0000000000000004	-0.6583421674110012	0.10980602728094901
0.03230676096753855	-0.054624969816494756	0.04107552731443005	-0.04625190936307114	0.017117941341264337	-0.051479774136883774	0.06442733070480343	-0.13838749347883245	0.05635998036701296	-0.01771689618551564	0.0813153669548957	-0.08538617981123697	0.1021525492212535	-0.06533316821816318	0.024931398993306132	-0.07246007817080646	0.08646289367396129	-0.12336819093654634	0.10169689750052446	-0.025191157326419085	0.08131719755150887	-0.08257017080854641	0.1506393936222734	-0.11622426239711865	0.11736253466005535	-0.07755593364151692	0.08592385593570755	-0.2345866967144205	0.28016083495612826	-0.11439854476079855	0.1190765736370444	-0.11970053638700581	0.23985153325040084	-0.5758169213054747	0.12040501812446384	-0.05557040773406664	0.052695880791004734	-0.6583421674110012	1.0000000000000009	-0.14031397399833467
-0.014838818591745823	0.024798031776031047	-0.019376527258885383	0.021428588004075058	-0.008471169458143002	0.023456829186789943	-0.030357768149324033	0.06207158251257685	-0.02962682331159137	0.008656889652246676	-0.03876904945992766	0.040056613849430406	-0.05076074358026734	0.03328527994885312	-0.01663435270525229	0.03319279137358702	-0.04119276418968802	0.059773989717241065	-0.06816459857705856	0.016444581778132062	-0.035761515754695876	0.03559866663974077	-0.07768892074682236	0.07420850380805452	-0.2326954516330042	0.03290039295402333	-0.0375136546739369	0.08342297197042747	-0.12508661768663598	0.19733527232193004	-0.047836163788662595	0.04492596301677717	-0.08495953819958707	0.12714797303962136	-0.9290049344544478	0.013244557196478955	-0.012702086488624888	0.10980602728094901	-0.14031397399833467	1.0000000000000007
