1.0000000000000002	-0.8784702085577948	0.05801938323835645	-0.03667248542612593	0.034609201489108524	-0.34617943292988584	0.2554780087758727	-0.05912814226016785	0.05285028191476737	-0.037626007874991124	0.15275136838729403	-0.16406012849797222	0.05510961396901409	-0.03576803634389949	0.028112916983177173	-0.11254534190309777	0.1101117939840846	-0.05129899100464759	0.03719994588547258	-0.033633253027694744	0.08603438819439058	-0.06534793060102713	0.050381519915897684	-0.03974872669134043	0.03031010353212229	-0.0729431202311446	0.048643761156182096	-0.052616403178898256	0.030584593121239994	-0.02955205480873595	0.03918657920605708	-0.032013607723489365	0.03274794615747629	-0.031157317688698682	0.022888002089998503	-0.05626381453475102	0.03620921219149711	-0.028627898675335738	0.02473653172158804	-0.02231224995389878
-0.8784702085577948	1.0	-0.06758151157013055	0.03949302844735324	-0.036989957772114085	0.2433985601450512	-0.36438952631597776	0.06741131032118894	-0.05791666060595318	0.039199311323105314	-0.14709905230071202	0.1511681845971756	-0.05482843780759618	0.03661100614540798	-0.02891792380940093	0.10207286161959128	-0.10948618068503135	0.05002841993997127	-0.03653861608480717	0.03277508393968299	-0.08295853278469785	0.061546875265330224	-0.04827844420854621	0.03814142825859638	-0.02930527941243258	0.06672393996998666	-0.04601799973056197	0.049275079517499494	-0.029371459062481863	0.028276149473630583	-0.036231671618587064	0.030051515990653307	-0.031018404098476966	0.02941055266214125	-0.02176997106428457	0.05128828068623944	-0.034259443025570706	0.026940581944760254	-0.023463460481163993	0.02108057074895625
0.05801938323835645	-0.06758151157013055	1.0000000000000004	-0.3571147211579081	0.19865163559484295	-0.11590190858464813	0.14073183961842395	-0.8204107213752673	0.28182715828431426	-0.21945728025690767	0.07482773930758513	-0.09827314659341724	0.09864944856811285	-0.1613433608244202	0.11883151565737175	-0.07500585999413223	0.08099787746392155	-0.09269442376127279	0.07751863207056602	-0.07417362717498793	0.07037027662471249	-0.06661280015081261	0.05864355951465599	-0.06652837827609753	0.05166587187460787	-0.06906164288317944	0.05088921829729798	-0.05975353596186437	0.0456621345717247	-0.04758986442976886	0.038237275755937564	-0.0340622086602312	0.039957949157505314	-0.04042995517118445	0.030760121666761318	-0.05548905175286059	0.03850868805301269	-0.03508407003478531	0.03138972348050814	-0.029571980186342696
-0.03667248542612593	0.03949302844735324	-0.3571147211579081	1.0000000000000004	-0.7007017584230433	0.06704573843894729	-0.08425890843105063	0.2344528481667889	-0.4890000419051122	0.2809080262338587	-0.04979467314744654	0.06181944117747895	-0.07871481925706299	0.18233234933459813	-0.16340766695686032	0.05343775022788024	-0.06116763612039554	0.07163762099501901	-0.0776809684493383	0.07193906174018175	-0.05628256449973907	0.0541568342395963	-0.04983217319020952	0.061368206867113764	-0.04904605222281893	0.054738768615347516	-0.042484102603279984	0.04989488961825327	-0.042335229101193195	0.04401681077335976	-0.030940064657315955	0.028505770482717893	-0.035068052805490926	0.03576235566723253	-0.027798783949161594	0.044391073394022054	-0.03257430913002663	0.03056686224888107	-0.027942147048173636	0.026349721813122583
0.034609201489108524	-0.036989957772114085	0.19865163559484295	-0.7007017584230433	1.0000000000000007	-0.0640005026613183	0.07575948932269744	-0.18260142064543586	0.2958420072646439	-0.5345300833944964	0.049586087632264915	-0.061374129802841855	0.08651029770558862	-0.24982780292191012	0.20522395123618367	-0.05603793471868428	0.06425243619465522	-0.08167269133037787	0.09427385733191726	-0.09081601105734387	0.06065402017580307	-0.06096669064939345	0.05673018264291153	-0.07483034475305757	0.05923599535028806	-0.06098706542944372	0.04772588415743777	-0.057063235590851295	0.050041370907833706	-0.05310294645301526	0.03447371775048078	-0.0321365110896354	0.04025541680328671	-0.04162321976957683	0.03233422922709821	-0.04972593303674701	0.036577053940199146	-0.03524172299530091	0.03222280181312824	-0.030729674045782508
-0.34617943292988584	0.2433985601450512	-0.11590190858464813	0.06704573843894729	-0.0640005026613183	1.0000000000000009	-0.622538258010642	0.11295997560443088	-0.10031736430050003	0.06702442740229593	-0.5332004482409877	0.3003397215400517	-0.10574481846418372	0.06420377162163758	-0.05104444080879529	0.22032350968158584	-0.23478152063689764	0.09513532011997274	-0.06750343795355611	0.059795348351797874	-0.17515146413086222	0.11826561967723698	-0.09240800538640694	0.07018383872966877	-0.05412874650852913	0.1235363484039077	-0.08708308740010133	0.09152412929975912	-0.054110281480875155	0.05165131611132073	-0.06703081656765272	0.05594697042819815	-0.05721621627134896	0.053689611151415816	-0.039778814732796736	0.09272655395055945	-0.06416774348362063	0.049239335310571106	-0.043004827825207315	0.038302040410406746
0.2554780087758727	-0.36438952631597776	0.14073183961842395	-0.08425890843105063	0.07575948932269744	-0.622538258010642	1.000000000000001	-0.17740106155636012	0.11892685975884287	-0.08316495127726138	0.294560642611308	-0.4726996636480082	0.11614746944102874	-0.07769679466394248	0.06037045512593101	-0.2307652337193723	0.2260674881218316	-0.10996094082584244	0.07650232604373584	-0.06980538622144251	0.16673395187589085	-0.13360734921515596	0.10133201187052866	-0.08113654841531262	0.061527727142280025	-0.14735876928592534	0.09711124959533365	-0.10652646593976972	0.0614504800317147	-0.059900938694716965	0.0783498286775916	-0.06400131534637414	0.06538014517637401	-0.06253061498276027	0.0456888409139964	-0.1135273055248126	0.07185558651952231	-0.057322706322423096	0.0493061974113355	-0.04468785963708789
-0.05912814226016785	0.06741131032118894	-0.8204107213752673	0.2344528481667889	-0.18260142064543586	0.11295997560443088	-0.17740106155636012	1.0000000000000022	-0.41916090247180815	0.17918097291905583	-0.0742471998821019	0.09671247673958103	-0.10498801155327621	0.1397520996885848	-0.1078119709742909	0.07115461516764272	-0.07875109261947794	0.08915460886090557	-0.07058694543745651	0.0655284875542452	-0.066075185290082	0.06123847654300745	-0.05402996525766003	0.05910150243468569	-0.04625515693890809	0.06256799833271938	-0.04651688058722616	0.05415422614257777	-0.040960959619030506	0.04224371583606207	-0.034646282478056914	0.030926147592248796	-0.03604852893727515	0.03618038352044997	-0.027562769920805235	0.049889680330313435	-0.03506986046149427	0.03146766208504917	-0.02820980789379008	0.02638567832043021
0.05285028191476737	-0.05791666060595318	0.28182715828431426	-0.4890000419051122	0.2958420072646439	-0.10031736430050003	0.11892685975884287	-0.41916090247180815	1.0000000000000018	-0.48261501505171706	0.07423253851957642	-0.0935244640769186	0.12418811336108745	-0.37997585720410354	0.2450251004976162	-0.08206858920603326	0.09264206392457854	-0.11824219615073857	0.1292264341085428	-0.12458896912839335	0.08600001419225711	-0.0862452360990068	0.07941077492536198	-0.10322960706759868	0.08103981758069231	-0.0867775289122021	0.06701468633370393	-0.08019942303952232	0.06862201160599389	-0.07302225250449597	0.04879081419800833	-0.045095897427640905	0.05582080592379041	-0.057652214444957696	0.044532286287948	-0.07060390627924154	0.05117320212428946	-0.04896988159323669	0.04452321743216854	-0.04248218076900405
-0.037626007874991124	0.039199311323105314	-0.21945728025690767	0.2809080262338587	-0.5345300833944964	0.06702442740229593	-0.08316495127726138	0.17918097291905583	-0.48261501505171706	1.0000000000000029	-0.05446647219325627	0.06642155150965053	-0.10599735756907436	0.29630708475482087	-0.5158395072585606	0.06141824886835604	-0.07305525687200251	0.09345351418184436	-0.12004948563278753	0.10570872213756864	-0.06859551945262567	0.06764348800451848	-0.06461689415642734	0.08426077905185368	-0.07023254870270927	0.06574401587001674	-0.053448880300331035	0.06298149413846305	-0.05832803608516267	0.06019213898660049	-0.03754182982715606	0.03574076050288893	-0.04564410189463511	0.04671982315587156	-0.036947217853028805	0.053240501680073896	-0.04113017996142429	0.03933797424160172	-0.036650149215506425	0.034453939867615774
0.15275136838729403	-0.14709905230071202	0.07482773930758513	-0.04979467314744654	0.049586087632264915	-0.5332004482409877	0.294560642611308	-0.0742471998821019	0.07423253851957642	-0.05446647219325627	1.0000000000000009	-0.599656632471433	0.11380307867895956	-0.056845177140499255	0.0447839200045561	-0.4361900871144768	0.28147115385581306	-0.10732600165288445	0.06890723832703959	-0.06154886537552891	0.19873025068234113	-0.13966133671285574	0.10194556097660373	-0.07473309540731907	0.05660785389948359	-0.14748431578824514	0.09674879039377579	-0.1033110985543618	0.05687077371476603	-0.05447099706447856	0.07617619584257707	-0.06213461921568288	0.06156626208305082	-0.05777064932702507	0.041998670182357714	-0.10720375389539222	0.06994142464104856	-0.05328423817600467	0.045742853417755525	-0.04082368949746426
-0.16406012849797222	0.1511681845971756	-0.09827314659341724	0.06181944117747895	-0.061374129802841855	0.3003397215400517	-0.4726996636480082	0.09671247673958103	-0.0935244640769186	0.06642155150965053	-0.599656632471433	1.0000000000000016	-0.16788089271760115	0.07024392397924756	-0.05555033523907605	0.2838564342196342	-0.47181482497586863	0.14162669044612305	-0.08443988000653536	0.07382370512786467	-0.20405567346711648	0.15530754795761606	-0.11906399198253362	0.08613018184597442	-0.06615140420057125	0.1464707679491276	-0.10686419286897082	0.11249416452466908	-0.06496373715332589	0.06201585746297637	-0.07829906306603635	0.06715691386509597	-0.06803822758687972	0.06358791052602988	-0.04676070744086644	0.10836324869241099	-0.07662939415917941	0.05818589134762098	-0.05059284908375455	0.04496872553057267
0.05510961396901409	-0.05482843780759618	0.09864944856811285	-0.07871481925706299	0.08651029770558862	-0.10574481846418372	0.11614746944102874	-0.10498801155327621	0.12418811336108745	-0.10599735756907436	0.11380307867895956	-0.16788089271760115	1.0000000000000022	-0.173600051723735	0.1167284794415536	-0.14726936733090448	0.18568315614435724	-0.8658849852668817	0.2047792748675813	-0.19053730825447743	0.13386073428300455	-0.16342866968033587	0.1597863025903164	-0.1593214071472532	0.11988255975911291	-0.13102806224043564	0.10948540579925234	-0.14232237807343023	0.09849157584335237	-0.10433331174560928	0.07123045450296482	-0.0698262130065428	0.08233402494279558	-0.08243036922275458	0.06124030332732303	-0.10122940685429024	0.07772090833798943	-0.07032197468562296	0.06233149348765288	-0.05827485244998251
-0.03576803634389949	0.03661100614540798	-0.1613433608244202	0.18233234933459813	-0.24982780292191012	0.06420377162163758	-0.07769679466394248	0.1397520996885848	-0.37997585720410354	0.29630708475482087	-0.056845177140499255	0.07024392397924756	-0.173600051723735	1.0000000000000002	-0.7555774183784406	0.067256907521382	-0.08268143061823212	0.13955808998611782	-0.22816198249878414	0.1618644877574549	-0.07519116029863594	0.07991267991629797	-0.07952083713968121	0.11433258618092886	-0.09716192407754469	0.07208467600665897	-0.06127450182600411	0.07427918227928589	-0.07397189438728684	0.07783515617054913	-0.040973609455817184	0.040465435886634996	-0.05311197034828376	0.055036169753811884	-0.04359285159479549	0.05769438913931062	-0.04637670836370909	0.045230282375717155	-0.04251298749437016	0.040166078805651054
0.028112916983177173	-0.02891792380940093	0.11883151565737175	-0.16340766695686032	0.20522395123618367	-0.05104444080879529	0.06037045512593101	-0.1078119709742909	0.2450251004976162	-0.5158395072585606	0.0447839200045561	-0.05555033523907605	0.1167284794415536	-0.7555774183784406	0.9999999999999993	-0.05388151518205064	0.06484253536387198	-0.10998896184469165	0.15207446589856638	-0.14847278005512884	0.060080362376242896	-0.06559593386947073	0.06435661029990673	-0.09793981567679459	0.08114409628767823	-0.05923983158524527	0.04987795754727083	-0.06141060280673195	0.06102691544306044	-0.06634639901086249	0.03352266794190268	-0.033081276132540596	0.043477448869195016	-0.04561260590874704	0.035850201385494655	-0.04753633574564129	0.037682260128495355	-0.03729700340495354	0.034834111344654674	-0.033293647184451
-0.11254534190309777	0.10207286161959128	-0.07500585999413223	0.05343775022788024	-0.05603793471868428	0.22032350968158584	-0.2307652337193723	0.07115461516764272	-0.08206858920603326	0.06141824886835604	-0.4361900871144768	0.2838564342196342	-0.14726936733090448	0.067256907521382	-0.05388151518205064	0.9999999999999983	-0.6025815710778257	0.1366717500331436	-0.091285937828716	0.07904538083736956	-0.49755514693475833	0.210577957042339	-0.1531551055782435	0.10065887892392256	-0.07698892526650666	0.21122058734557483	-0.1439728403335927	0.1444278342449444	-0.07793085476208832	0.07279738717593257	-0.10976942739588748	0.08865346893902103	-0.08553674456488172	0.07829156762430493	-0.0570958067825554	0.14439475889992565	-0.10143320570470529	0.07264920736097417	-0.06272469747881874	0.054885087143807174
0.1101117939840846	-0.10948618068503135	0.08099787746392155	-0.06116763612039554	0.06425243619465522	-0.23478152063689764	0.2260674881218316	-0.07875109261947794	0.09264206392457854	-0.07305525687200251	0.28147115385581306	-0.47181482497586863	0.18568315614435724	-0.08268143061823212	0.06484253536387198	-0.6025815710778257	0.9999999999999996	-0.21968961112458624	0.11501696835342141	-0.10253631247750375	0.2834247558058665	-0.31525461687167217	0.18781906556684952	-0.12908133553509696	0.0955085846425281	-0.24583050395354483	0.16893513307574604	-0.18514014317166338	0.09529224630743384	-0.0913847740186677	0.1250532453519171	-0.10672040454215588	0.10378780692468745	-0.09726796303093892	0.0695599230368749	-0.17922743383324752	0.11752894604486161	-0.08965639249071115	0.07601807527963517	-0.06790425078741602
-0.05129899100464759	0.05002841993997127	-0.09269442376127279	0.07163762099501901	-0.08167269133037787	0.09513532011997274	-0.10996094082584244	0.08915460886090557	-0.11824219615073857	0.09345351418184436	-0.10732600165288445	0.14162669044612305	-0.8658849852668817	0.13955808998611782	-0.10998896184469165	0.1366717500331436	-0.21968961112458624	1.000000000000001	-0.2668003292993682	0.1741652767415336	-0.12981682582873313	0.15347779970878223	-0.18144584148656695	0.14639486866349496	-0.11696634401978769	0.11596280496768102	-0.10409861992468623	0.13045168477549016	-0.09383586068651534	0.09508623690355263	-0.06392221476021849	0.06446406879566897	-0.07687238317626252	0.07514237230156068	-0.056723033278859254	0.08861116003752498	-0.07296209317008032	0.06398929264949352	-0.0577076859770424	0.05289845446216186
0.03719994588547258	-0.03653861608480717	0.07751863207056602	-0.0776809684493383	0.09427385733191726	-0.06750343795355611	0.07650232604373584	-0.07058694543745651	0.1292264341085428	-0.12004948563278753	0.06890723832703959	-0.08443988000653536	0.2047792748675813	-0.22816198249878414	0.15207446589856638	-0.091285937828716	0.11501696835342141	-0.2668003292993682	1.000000000000002	-0.7562911984527284	0.10969111870835709	-0.14274801528203288	0.15222643202304367	-0.3572367066005656	0.2728573113024501	-0.10867442722589546	0.1029834634623782	-0.13544276394938065	0.17060990847279445	-0.20092973803082131	0.061545231720934075	-0.06710978364405965	0.09696998560165941	-0.10681857072681245	0.08486894690058253	-0.08550751146211763	0.07600417887424626	-0.08112779636666831	0.0782262155450703	-0.07654784056592748
-0.033633253027694744	0.03277508393968299	-0.07417362717498793	0.07193906174018175	-0.09081601105734387	0.059795348351797874	-0.06980538622144251	0.0655284875542452	-0.12458896912839335	0.10570872213756864	-0.06154886537552891	0.07382370512786467	-0.19053730825447743	0.1618644877574549	-0.14847278005512884	0.07904538083736956	-0.10253631247750375	0.1741652767415336	-0.7562911984527284	1.0	-0.09895376185166262	0.11937903976672606	-0.13530194053209252	0.27240002286804427	-0.4580641272158651	0.09286493052362607	-0.09157529868313784	0.1147744907648368	-0.18506723387320057	0.19298130782741466	-0.053564653139778824	0.059745698612124	-0.09239614589289842	0.10045370580003123	-0.08444965661213555	0.0730308147175797	-0.06908829519767107	0.07464391084982716	-0.07579897696255511	0.07174432526832125
0.08603438819439058	-0.08295853278469785	0.07037027662471249	-0.05628256449973907	0.06065402017580307	-0.17515146413086222	0.16673395187589085	-0.066075185290082	0.08600001419225711	-0.06859551945262567	0.19873025068234113	-0.20405567346711648	0.13386073428300455	-0.07519116029863594	0.060080362376242896	-0.49755514693475833	0.2834247558058665	-0.12981682582873313	0.10969111870835709	-0.09895376185166262	0.9999999999999983	-0.38390019217914495	0.22015167342990366	-0.14346982439529646	0.10513806663586694	-0.5201593078801559	0.23514537094430174	-0.24501957813911346	0.11204328641875867	-0.10535352093924455	0.21204298390316448	-0.1507700387231863	0.1342296915189302	-0.12356720347742513	0.08682472080124394	-0.29273306745798133	0.1639675901719528	-0.11703329277876594	0.0972062738094467	-0.08568767004320704
-0.06534793060102713	0.061546875265330224	-0.06661280015081261	0.0541568342395963	-0.06096669064939345	0.11826561967723698	-0.13360734921515596	0.06123847654300745	-0.0862452360990068	0.06764348800451848	-0.13966133671285574	0.15530754795761606	-0.16342866968033587	0.07991267991629797	-0.06559593386947073	0.210577957042339	-0.31525461687167217	0.15347779970878223	-0.14274801528203288	0.11937903976672606	-0.38390019217914495	0.9999999999999994	-0.6296093145070973	0.19467517381565444	-0.15003159963191223	0.2416191625411546	-0.3856297359128874	0.3021775310867508	-0.14608421516461223	0.1253983251162022	-0.13588136508372148	0.1694554751540881	-0.15766965781188658	0.13265280805111224	-0.09612357005463432	0.16921156694898204	-0.1976581133905016	0.12296652401610927	-0.10688839571131298	0.0892818537279702
0.050381519915897684	-0.04827844420854621	0.05864355951465599	-0.04983217319020952	0.05673018264291153	-0.09240800538640694	0.10133201187052866	-0.05402996525766003	0.07941077492536198	-0.06461689415642734	0.10194556097660373	-0.11906399198253362	0.1597863025903164	-0.07952083713968121	0.06435661029990673	-0.1531551055782435	0.18781906556684952	-0.18144584148656695	0.15222643202304367	-0.13530194053209252	0.22015167342990366	-0.6296093145070973	0.9999999999999988	-0.3167356473812988	0.17240139632804397	-0.21287186982987838	0.2690717447044735	-0.5280971219723214	0.15957100142374542	-0.14450742930973315	0.11570986427883762	-0.14667981188141602	0.16476794178731213	-0.14552951103129444	0.09859742645946717	-0.15365082728118082	0.15754919200850417	-0.129253303165688	0.10767179449655905	-0.09353601996464583
-0.03974872669134043	0.03814142825859638	-0.06652837827609753	0.061368206867113764	-0.07483034475305757	0.07018383872966877	-0.08113654841531262	0.05910150243468569	-0.10322960706759868	0.08426077905185368	-0.07473309540731907	0.08613018184597442	-0.1593214071472532	0.11433258618092886	-0.09793981567679459	0.10065887892392256	-0.12908133553509696	0.14639486866349496	-0.3572367066005656	0.27240002286804427	-0.14346982439529646	0.19467517381565444	-0.3167356473812988	0.999999999999999	-0.6364562480171074	0.13065160609675025	-0.14724243861525296	0.1889995030234221	-0.39804413365877794	0.28697085259036115	-0.07625062256181624	0.09212951799867769	-0.15342683834278792	0.16450637367269919	-0.13289685613196564	0.10115915200794592	-0.10721251267369508	0.1162449676711974	-0.12220032999978533	0.10941197664723114
0.03031010353212229	-0.02930527941243258	0.05166587187460787	-0.04904605222281893	0.05923599535028806	-0.05412874650852913	0.061527727142280025	-0.04625515693890809	0.08103981758069231	-0.07023254870270927	0.05660785389948359	-0.06615140420057125	0.11988255975911291	-0.09716192407754469	0.08114409628767823	-0.07698892526650666	0.0955085846425281	-0.11696634401978769	0.2728573113024501	-0.4580641272158651	0.10513806663586694	-0.15003159963191223	0.17240139632804397	-0.6364562480171074	0.9999999999999977	-0.10371282952564859	0.10827808045007599	-0.1474020617954714	0.2746826154404437	-0.4556700700012342	0.059568301174572215	-0.0706602230324518	0.11704152826929523	-0.13713303688894243	0.11420943278052934	-0.08108673691368441	0.08042234087899175	-0.094596000736241	0.09673819323211275	-0.09721056145280965
-0.0729431202311446	0.06672393996998666	-0.06906164288317944	0.054738768615347516	-0.06098706542944372	0.1235363484039077	-0.14735876928592534	0.06256799833271938	-0.0867775289122021	0.06574401587001674	-0.14748431578824514	0.1464707679491276	-0.13102806224043564	0.07208467600665897	-0.05923983158524527	0.21122058734557483	-0.24583050395354483	0.11596280496768102	-0.10867442722589546	0.09286493052362607	-0.5201593078801559	0.2416191625411546	-0.21287186982987838	0.13065160609675025	-0.10371282952564859	0.9999999999999966	-0.38307705624690574	0.2303513924663599	-0.1146804774647315	0.10076006321942582	-0.49588508738959175	0.19260436479507356	-0.14751362694476428	0.12217036319315824	-0.09101055692893448	0.3034732474440937	-0.23512944308355588	0.12013504864618339	-0.10533487232992221	0.08508030877251983
0.048643761156182096	-0.04601799973056197	0.05088921829729798	-0.042484102603279984	0.04772588415743777	-0.08708308740010133	0.09711124959533365	-0.04651688058722616	0.06701468633370393	-0.053448880300331035	0.09674879039377579	-0.10686419286897082	0.10948540579925234	-0.06127450182600411	0.04987795754727083	-0.1439728403335927	0.16893513307574604	-0.10409861992468623	0.1029834634623782	-0.09157529868313784	0.23514537094430174	-0.3856297359128874	0.2690717447044735	-0.14724243861525296	0.10827808045007599	-0.38307705624690574	0.9999999999999981	-0.5696235521527085	0.12273764997563438	-0.11086513601474451	0.17876226631113	-0.4285509860890701	0.18863611218484885	-0.15362571952766582	0.09979233447634589	-0.22090913671008877	0.2771172114991497	-0.15636250127098889	0.11890997713118026	-0.09864363069731427
-0.052616403178898256	0.049275079517499494	-0.05975353596186437	0.04989488961825327	-0.057063235590851295	0.09152412929975912	-0.10652646593976972	0.05415422614257777	-0.08019942303952232	0.06298149413846305	-0.1033110985543618	0.11249416452466908	-0.14232237807343023	0.07427918227928589	-0.06141060280673195	0.1444278342449444	-0.18514014317166338	0.13045168477549016	-0.13544276394938065	0.1147744907648368	-0.24501957813911346	0.3021775310867508	-0.5280971219723214	0.1889995030234221	-0.1474020617954714	0.2303513924663599	-0.5696235521527085	0.999999999999998	-0.16705024684295341	0.13794714854099877	-0.13958971799713935	0.21850868145035643	-0.2961256265688031	0.1824585526420456	-0.12119573059892477	0.16576577774885612	-0.25693072460836447	0.1741571959018471	-0.14321951189108215	0.11341696466694301
0.030584593121239994	-0.029371459062481863	0.0456621345717247	-0.042335229101193195	0.050041370907833706	-0.054110281480875155	0.0614504800317147	-0.040960959619030506	0.06862201160599389	-0.05832803608516267	0.05687077371476603	-0.06496373715332589	0.09849157584335237	-0.07397189438728684	0.06102691544306044	-0.07793085476208832	0.09529224630743384	-0.09383586068651534	0.17060990847279445	-0.18506723387320057	0.11204328641875867	-0.14608421516461223	0.15957100142374542	-0.39804413365877794	0.2746826154404437	-0.1146804774647315	0.12273764997563438	-0.16705024684295341	0.9999999999999966	-0.7348220444673292	0.06752375131860808	-0.08726119674263895	0.18931079222325328	-0.3378005982895142	0.19021423917013944	-0.09162225560350279	0.099364150645749	-0.15182221792614456	0.16165738764541493	-0.1656939519102945
-0.02955205480873595	0.028276149473630583	-0.04758986442976886	0.04401681077335976	-0.05310294645301526	0.05165131611132073	-0.059900938694716965	0.04224371583606207	-0.07302225250449597	0.06019213898660049	-0.05447099706447856	0.06201585746297637	-0.10433331174560928	0.07783515617054913	-0.06634639901086249	0.07279738717593257	-0.0913847740186677	0.09508623690355263	-0.20092973803082131	0.19298130782741466	-0.10535352093924455	0.1253983251162022	-0.14450742930973315	0.28697085259036115	-0.4556700700012342	0.10076006321942582	-0.11086513601474451	0.13794714854099877	-0.7348220444673292	0.999999999999997	-0.06044612029110153	0.07806903120963272	-0.17466197557717136	0.21541789605588363	-0.2244045974124695	0.08039608240525489	-0.09191734672707426	0.13209179683114833	-0.15506750692186996	0.15420175173284345
0.03918657920605708	-0.036231671618587064	0.038237275755937564	-0.030940064657315955	0.03447371775048078	-0.06703081656765272	0.0783498286775916	-0.034646282478056914	0.04879081419800833	-0.03754182982715606	0.07617619584257707	-0.07829906306603635	0.07123045450296482	-0.040973609455817184	0.03352266794190268	-0.10976942739588748	0.1250532453519171	-0.06392221476021849	0.061545231720934075	-0.053564653139778824	0.21204298390316448	-0.13588136508372148	0.11570986427883762	-0.07625062256181624	0.059568301174572215	-0.49588508738959175	0.17876226631113	-0.13958971799713935	0.06752375131860808	-0.06044612029110153	0.9999999999999973	-0.1642250853709351	0.09267968950087559	-0.07797740914561371	0.056695626731316895	-0.791264375222507	0.17200952398719196	-0.07976667944942965	0.06684966090695728	-0.05420158358267237
-0.032013607723489365	0.030051515990653307	-0.0340622086602312	0.028505770482717893	-0.0321365110896354	0.05594697042819815	-0.06400131534637414	0.030926147592248796	-0.045095897427640905	0.03574076050288893	-0.06213461921568288	0.06715691386509597	-0.0698262130065428	0.040465435886634996	-0.033081276132540596	0.08865346893902103	-0.10672040454215588	0.06446406879566897	-0.06710978364405965	0.059745698612124	-0.1507700387231863	0.1694554751540881	-0.14667981188141602	0.09212951799867769	-0.0706602230324518	0.19260436479507356	-0.4285509860890701	0.21850868145035643	-0.08726119674263895	0.07806903120963272	-0.1642250853709351	0.9999999999999984	-0.19120133561118705	0.12801968765881738	-0.08458729488873017	0.1782594455074114	-0.8095007211735625	0.15090656366107003	-0.11257882806952689	0.08258783984069284
0.03274794615747629	-0.031018404098476966	0.039957949157505314	-0.035068052805490926	0.04025541680328671	-0.05721621627134896	0.06538014517637401	-0.03604852893727515	0.05582080592379041	-0.04564410189463511	0.06156626208305082	-0.06803822758687972	0.08233402494279558	-0.05311197034828376	0.043477448869195016	-0.08553674456488172	0.10378780692468745	-0.07687238317626252	0.09696998560165941	-0.09239614589289842	0.1342296915189302	-0.15766965781188658	0.16476794178731213	-0.15342683834278792	0.11704152826929523	-0.14751362694476428	0.18863611218484885	-0.2961256265688031	0.18931079222325328	-0.17466197557717136	0.09267968950087559	-0.19120133561118705	0.9999999999999982	-0.5887159318675914	0.22400374924077948	-0.12149373969593388	0.18520802868390374	-0.5653636996642314	0.29683545322947613	-0.23788757061771515
-0.031157317688698682	0.02941055266214125	-0.04042995517118445	0.03576235566723253	-0.04162321976957683	0.053689611151415816	-0.06253061498276027	0.03618038352044997	-0.057652214444957696	0.04671982315587156	-0.05777064932702507	0.06358791052602988	-0.08243036922275458	0.055036169753811884	-0.04561260590874704	0.07829156762430493	-0.09726796303093892	0.07514237230156068	-0.10681857072681245	0.10045370580003123	-0.12356720347742513	0.13265280805111224	-0.14552951103129444	0.16450637367269919	-0.13713303688894243	0.12217036319315824	-0.15362571952766582	0.1824585526420456	-0.3378005982895142	0.21541789605588363	-0.07797740914561371	0.12801968765881738	-0.5887159318675914	0.9999999999999987	-0.4142676542837675	0.10034517594847385	-0.15151780111954144	0.2984737367703183	-0.43384392772348257	0.26895322747294614
0.022888002089998503	-0.02176997106428457	0.030760121666761318	-0.027798783949161594	0.03233422922709821	-0.039778814732796736	0.0456888409139964	-0.027562769920805235	0.044532286287948	-0.036947217853028805	0.041998670182357714	-0.04676070744086644	0.06124030332732303	-0.04359285159479549	0.035850201385494655	-0.0570958067825554	0.0695599230368749	-0.056723033278859254	0.08486894690058253	-0.08444965661213555	0.08682472080124394	-0.09612357005463432	0.09859742645946717	-0.13289685613196564	0.11420943278052934	-0.09101055692893448	0.09979233447634589	-0.12119573059892477	0.19021423917013944	-0.2244045974124695	0.056695626731316895	-0.08458729488873017	0.22400374924077948	-0.4142676542837675	0.9999999999999994	-0.07622403921000141	0.09806252348263733	-0.25509778050237486	0.27912742475569385	-0.7789613096755028
-0.05626381453475102	0.05128828068623944	-0.05548905175286059	0.044391073394022054	-0.04972593303674701	0.09272655395055945	-0.1135273055248126	0.049889680330313435	-0.07060390627924154	0.053240501680073896	-0.10720375389539222	0.10836324869241099	-0.10122940685429024	0.05769438913931062	-0.04753633574564129	0.14439475889992565	-0.17922743383324752	0.08861116003752498	-0.08550751146211763	0.0730308147175797	-0.29273306745798133	0.16921156694898204	-0.15365082728118082	0.10115915200794592	-0.08108673691368441	0.3034732474440937	-0.22090913671008877	0.16576577774885612	-0.09162225560350279	0.08039608240525489	-0.791264375222507	0.1782594455074114	-0.12149373969593388	0.10034517594847385	-0.07622403921000141	0.9999999999999981	-0.25006007277993103	0.10204574305594855	-0.08982103392955053	0.0708930851285592
0.03620921219149711	-0.034259443025570706	0.03850868805301269	-0.03257430913002663	0.036577053940199146	-0.06416774348362063	0.07185558651952231	-0.03506986046149427	0.05117320212428946	-0.04113017996142429	0.06994142464104856	-0.07662939415917941	0.07772090833798943	-0.04637670836370909	0.037682260128495355	-0.10143320570470529	0.11752894604486161	-0.07296209317008032	0.07600417887424626	-0.06908829519767107	0.1639675901719528	-0.1976581133905016	0.15754919200850417	-0.10721251267369508	0.08042234087899175	-0.23512944308355588	0.2771172114991497	-0.25693072460836447	0.099364150645749	-0.09191734672707426	0.17200952398719196	-0.8095007211735625	0.18520802868390374	-0.15151780111954144	0.09806252348263733	-0.25006007277993103	0.9999999999999989	-0.20372561448081608	0.13091211670592354	-0.10047055622465745
-0.028627898675335738	0.026940581944760254	-0.03508407003478531	0.03056686224888107	-0.03524172299530091	0.049239335310571106	-0.057322706322423096	0.03146766208504917	-0.04896988159323669	0.03933797424160172	-0.05328423817600467	0.05818589134762098	-0.07032197468562296	0.045230282375717155	-0.03729700340495354	0.07264920736097417	-0.08965639249071115	0.06398929264949352	-0.08112779636666831	0.07464391084982716	-0.11703329277876594	0.12296652401610927	-0.129253303165688	0.1162449676711974	-0.094596000736241	0.12013504864618339	-0.15636250127098889	0.1741571959018471	-0.15182221792614456	0.13209179683114833	-0.07976667944942965	0.15090656366107003	-0.5653636996642314	0.2984737367703183	-0.25509778050237486	0.10204574305594855	-0.20372561448081608	0.9999999999999984	-0.6554273789716851	0.23610957672309868
0.02473653172158804	-0.023463460481163993	0.03138972348050814	-0.027942147048173636	0.03222280181312824	-0.043004827825207315	0.0493061974113355	-0.02820980789379008	0.04452321743216854	-0.036650149215506425	0.045742853417755525	-0.05059284908375455	0.06233149348765288	-0.04251298749437016	0.034834111344654674	-0.06272469747881874	0.07601807527963517	-0.0577076859770424	0.0782262155450703	-0.07579897696255511	0.0972062738094467	-0.10688839571131298	0.10767179449655905	-0.12220032999978533	0.09673819323211275	-0.10533487232992221	0.11890997713118026	-0.14321951189108215	0.16165738764541493	-0.15506750692186996	0.06684966090695728	-0.11257882806952689	0.29683545322947613	-0.43384392772348257	0.27912742475569385	-0.08982103392955053	0.13091211670592354	-0.6554273789716851	0.9999999999999984	-0.4622501278376668
-0.02231224995389878	0.02108057074895625	-0.029571980186342696	0.026349721813122583	-0.030729674045782508	0.038302040410406746	-0.04468785963708789	0.02638567832043021	-0.04248218076900405	0.034453939867615774	-0.04082368949746426	0.04496872553057267	-0.05827485244998251	0.040166078805651054	-0.033293647184451	0.054885087143807174	-0.06790425078741602	0.05289845446216186	-0.07654784056592748	0.07174432526832125	-0.08568767004320704	0.0892818537279702	-0.09353601996464583	0.10941197664723114	-0.09721056145280965	0.08508030877251983	-0.09864363069731427	0.11341696466694301	-0.1656939519102945	0.15420175173284345	-0.05420158358267237	0.08258783984069284	-0.23788757061771515	0.26895322747294614	-0.7789613096755028	0.0708930851285592	-0.10047055622465745	0.23610957672309868	-0.4622501278376668	0.9999999999999983
