1.0	-0.1856200692700282	0.050712492858869355	-0.034483831647809965	0.03285806025623457	-0.889111421460924	0.1422563433536973	-0.04476656454219721	0.03964276565420835	-0.03536010870207969	0.24345307723568602	-0.13667162305147856	0.09545699281840318	-0.047658226771533176	0.047754515188422025	-0.3076128919707624	0.1054353814272901	-0.06694822334534317	0.04585582353801642	-0.04832299111535622	0.06160985186519282	-0.05111881124669823	0.07159483692733684	-0.0544000368895758	0.03734070119226291	-0.018233803175164542	0.022092731531041503	-0.038385157958461105	0.04515242468048613	-0.03791486278850727	0.015552640395067563	-0.021029768009965484	0.02661118078880704	-0.04201512047378333	0.05740776682251818
-0.1856200692700282	1.0000000000000002	-0.2188064984149622	0.11841590673331366	-0.11040781464901195	0.14104708821261683	-0.7811096872365396	0.1644822159267445	-0.13560182334436618	0.11403727336020006	-0.1481292187499958	0.279546717986304	-0.2653125886019807	0.14276893851043587	-0.14824136620388575	0.161044660844793	-0.2777186745914517	0.17387467922074504	-0.122690764555282	0.1274746124515657	-0.14978418818430456	0.12095319053630346	-0.19595335872359207	0.14133498683819995	-0.10135448420629203	0.04602762408646453	-0.05636403942382387	0.09867128559763033	-0.12204517228134039	0.10121656796919548	-0.039759170204303786	0.05340866675791167	-0.06919139770056645	0.10793330439842658	-0.16178247775454419
0.050712492858869355	-0.2188064984149622	1.0000000000000004	-0.37778250665035484	0.19660831361133277	-0.046082813494678625	0.15833807364325403	-0.7844206918928671	0.2915974033309019	-0.22678149558084823	0.0611955987153725	-0.14568302623944476	0.17339765870996826	-0.20655759370491797	0.1769232550564746	-0.07449616620332632	0.12266792530562805	-0.11120040999149637	0.07808712091206174	-0.08888563991359913	0.06946989009244142	-0.05917331924883895	0.10450110193818317	-0.090322133960078	0.06404093505081339	-0.02576239348765904	0.03138301532807028	-0.0587885784130383	0.07155449792030032	-0.06315345723152689	0.02210416946625198	-0.03045690418391181	0.040460868030118	-0.06563394606630292	0.08867931446775118
-0.034483831647809965	0.11841590673331366	-0.37778250665035484	0.9999999999999999	-0.543978515057806	0.03132930498532778	-0.10367879278458887	0.2636864489700241	-0.6070278760340718	0.28606229399320926	-0.04461628174523137	0.10685876585858209	-0.14491210803827903	0.23187234630285142	-0.24970706199202253	0.05387387293980963	-0.0971881555160795	0.08896616263208448	-0.06717203031943579	0.07847764241862382	-0.05552940796978294	0.04710665535385728	-0.08595030444274004	0.0742739930927202	-0.05605403242401184	0.020557147439030105	-0.025137628560763486	0.047106357806918665	-0.05952809426399211	0.0528261211131648	-0.017685559868217092	0.024337742552106936	-0.032579103116782554	0.05256758622292681	-0.07307090725044235
0.03285806025623457	-0.11040781464901195	0.19660831361133277	-0.543978515057806	0.9999999999999996	-0.03019657161941954	0.09124606713036451	-0.18418920969987074	0.2666104683583589	-0.7032233885469104	0.04358048786918279	-0.10589321309235548	0.13291212459554963	-0.2477644631322523	0.24541280924734227	-0.05361255665002735	0.09345744734385028	-0.08823380064455288	0.06684814064931416	-0.08094709026245583	0.053880121267087286	-0.04600749652079683	0.08360130700321898	-0.07540543328981845	0.0562295976700343	-0.020621756378427798	0.025159501670697866	-0.04765111875559715	0.05958067242462495	-0.05367582940162057	0.017711311649902074	-0.024478057771418794	0.0328312099894736	-0.053465245707359596	0.07275317806371467
-0.889111421460924	0.14104708821261683	-0.046082813494678625	0.03132930498532778	-0.03019657161941954	0.9999999999999994	-0.13940920983129948	0.04043956392710337	-0.03641186721839124	0.032223969941029114	-0.3405528519719232	0.1250477811813268	-0.09100729222274924	0.0438191264292002	-0.04429080178892222	0.23817197329900755	-0.09953681519993067	0.061478215201558405	-0.0419799278848894	0.043738158282652526	-0.056471648355180815	0.04636971877884132	-0.06614992896445565	0.04925888521535064	-0.03394677438619206	0.01644390166272578	-0.019973783829953486	0.03455784964652273	-0.040964236615073486	0.0342655141880106	-0.014054016839478498	0.01895293804454738	-0.02401061169523843	0.03770336330305906	-0.052115098179279326
0.1422563433536973	-0.7811096872365396	0.15833807364325403	-0.10367879278458887	0.09124606713036451	-0.13940920983129948	0.9999999999999996	-0.15756348299138712	0.11507647034707735	-0.10160661581181109	0.15225564024912724	-0.4329265175168512	0.22855470901224562	-0.12965455720855246	0.12337203617022942	-0.18178662986134464	0.2266083908592248	-0.15841588167666928	0.10838860049092079	-0.11690927216618396	0.12094774642578901	-0.10275433193013293	0.16169458534744055	-0.12936011902402003	0.08922641968910111	-0.04105219404822645	0.04984739248699629	-0.0901561282148107	0.10691229945959646	-0.09107094033825648	0.03516317657028155	-0.04799542458731369	0.06230401706062154	-0.09999999065010667	0.1377195861059861
-0.04476656454219721	0.1644822159267445	-0.7844206918928671	0.2636864489700241	-0.18418920969987074	0.04043956392710337	-0.15756348299138712	1.0	-0.45174201755874765	0.1810743061989879	-0.055838092913523256	0.1349625087719246	-0.1976656378468666	0.19617116498675452	-0.18221406385712774	0.06650740507977551	-0.11660944574114931	0.10597646375708482	-0.07392074082427315	0.08177916874491759	-0.0652327589146649	0.0554548963667492	-0.0997888777020337	0.08290460168372407	-0.05948834064976881	0.023510439341838846	-0.02872597544318812	0.0533677829167386	-0.06582122494040292	0.05760865722272428	-0.02020308749460115	0.027742836323621227	-0.0368441201784681	0.059192029345962564	-0.08125144332819662
0.03964276565420835	-0.13560182334436618	0.2915974033309019	-0.6070278760340718	0.2666104683583589	-0.03641186721839124	0.11507647034707735	-0.45174201755874765	0.9999999999999981	-0.32156704232590466	0.05246600835677447	-0.13062891362599527	0.17445962003747095	-0.4164170826386991	0.25504711118112877	-0.06399984987702302	0.11092580356795399	-0.10735082001502746	0.07790421672420365	-0.09067746569534939	0.06314038896880678	-0.054143258558604336	0.09829958135211127	-0.0871227785102069	0.06360676475453683	-0.023793346237793535	0.029040430199793167	-0.05477187474662656	0.0680585431979961	-0.06084981757280423	0.020427510941967278	-0.028199611696533212	0.03771023568937715	-0.061162332579692974	0.08288970203621182
-0.03536010870207969	0.11403727336020006	-0.22678149558084823	0.28606229399320926	-0.7032233885469104	0.032223969941029114	-0.10160661581181109	0.1810743061989879	-0.32156704232590466	0.9999999999999971	-0.046956849384736536	0.11247054053551356	-0.15350236109147747	0.25961171611047196	-0.46868300934740015	0.05684570372883494	-0.10588741772525126	0.09746246437716385	-0.07779959832436574	0.09500861969174336	-0.06109034308749331	0.05172852674629512	-0.09559726776525342	0.08403443774423795	-0.0668400588323438	0.02284244204925197	-0.02797406347352358	0.052596154650654495	-0.06805424104946713	0.0609029674244537	-0.019676677166230436	0.027089652668393166	-0.03646510977604473	0.05884366588816937	-0.08314817271969793
0.24345307723568602	-0.1481292187499958	0.0611955987153725	-0.04461628174523137	0.04358048786918279	-0.3405528519719232	0.15225564024912724	-0.055838092913523256	0.05246600835677447	-0.046956849384736536	0.9999999999999969	-0.28575847094521506	0.15000635787995595	-0.06734502439521002	0.06655921806342617	-0.8320926972329872	0.162114695508574	-0.0999054750991892	0.06569679525160285	-0.06812659264543966	0.09342309587223084	-0.07843002170694549	0.10212848170679024	-0.07724832835362214	0.05196664923644402	-0.025973402496262288	0.03141344865650461	-0.05372854622258907	0.062384101685795765	-0.05248513687165257	0.02204721540670662	-0.029779825189414293	0.037139065185844644	-0.05831523903253459	0.07722975157695064
-0.13667162305147856	0.279546717986304	-0.14568302623944476	0.10685876585858209	-0.10589321309235548	0.1250477811813268	-0.4329265175168512	0.1349625087719246	-0.13062891362599527	0.11247054053551356	-0.28575847094521506	1.0000000000000004	-0.5397430884011454	0.17294899517071843	-0.17038185803814007	0.2287051386413591	-0.4556772768867256	0.24767841213176975	-0.1549395134941112	0.1526837582451218	-0.18144898824632705	0.1565592484715657	-0.23591491692237632	0.17213876270411188	-0.11538624423668832	0.05348476859186193	-0.06540054952469865	0.11402770742079964	-0.13482202680825264	0.11374126418275013	-0.04571128571193563	0.0618690705505157	-0.07878823295286712	0.12300816615845386	-0.1634226930146178
0.09545699281840318	-0.2653125886019807	0.17339765870996826	-0.14491210803827903	0.13291212459554963	-0.09100729222274924	0.22855470901224562	-0.1976656378468666	0.17445962003747095	-0.15350236109147747	0.15000635787995595	-0.5397430884011454	0.9999999999999986	-0.3375887870711724	0.21962827054191142	-0.18188702434465645	0.29262131554217674	-0.45990588062549415	0.2017593136992417	-0.20658349906491547	0.15538273210735928	-0.14212481283446313	0.25674661389618436	-0.22788458012388113	0.14138377191593904	-0.05870393012147981	0.07144877731657956	-0.13583767508908817	0.15776955497486553	-0.14070526779329515	0.050009036550372886	-0.06947140817666053	0.0918280132821074	-0.1485811400242662	0.18404658744750346
-0.047658226771533176	0.14276893851043587	-0.20655759370491797	0.23187234630285142	-0.2477644631322523	0.0438191264292002	-0.12965455720855246	0.19617116498675452	-0.4164170826386991	0.25961171611047196	-0.06734502439521002	0.17294899517071843	-0.3375887870711724	0.9999999999999968	-0.7025088853454999	0.08050210819067309	-0.15091387255385413	0.15437761467259611	-0.11797132730056163	0.13427175525055837	-0.08483557968519724	0.07311451992644481	-0.13834382275027088	0.12071960383753724	-0.09287345348268099	0.03152175017059694	-0.038642624521491406	0.07276317583925228	-0.09338574877040201	0.08374695605075452	-0.02710645640880212	0.03737411267831241	-0.050248384308455976	0.08077512540695367	-0.1112265317975769
0.047754515188422025	-0.14824136620388575	0.1769232550564746	-0.24970706199202253	0.24541280924734227	-0.04429080178892222	0.12337203617022942	-0.18221406385712774	0.25504711118112877	-0.46868300934740015	0.06655921806342617	-0.17038185803814007	0.21962827054191142	-0.7025088853454999	0.9999999999999967	-0.08234098649790508	0.14486760596378478	-0.15001072130413076	0.12043763012357722	-0.17128917044054234	0.08363513073147673	-0.07234061594622032	0.13382828643670788	-0.12926769217555162	0.10279941003720341	-0.032906398405316284	0.04020504359625009	-0.07701819002652302	0.09904181053057254	-0.09307404642902835	0.02825320917165672	-0.03919434877707495	0.05299361953594483	-0.08663849798377274	0.11743002982090249
-0.3076128919707624	0.161044660844793	-0.07449616620332632	0.05387387293980963	-0.05361255665002735	0.23817197329900755	-0.18178662986134464	0.06650740507977551	-0.06399984987702302	0.05684570372883494	-0.8320926972329872	0.2287051386413591	-0.18188702434465645	0.08050210819067309	-0.08234098649790508	0.9999999999999966	-0.21417384644901197	0.12025651650475731	-0.08059989902953764	0.08218770685004385	-0.1278030851640876	0.09978666159368237	-0.13000070307729814	0.09354087042617587	-0.06373822545698293	0.03219125192437823	-0.03904983667797657	0.06540396531514794	-0.07683465235173838	0.06386068474588757	-0.02741881990016193	0.036675154470971666	-0.045493533943286465	0.07048449786485438	-0.09562334677980563
0.1054353814272901	-0.2777186745914517	0.12266792530562805	-0.0971881555160795	0.09345744734385028	-0.09953681519993067	0.2266083908592248	-0.11660944574114931	0.11092580356795399	-0.10588741772525126	0.162114695508574	-0.4556772768867256	0.29262131554217674	-0.15091387255385413	0.14486760596378478	-0.21417384644901197	0.9999999999999967	-0.4238201674526608	0.21476982043489332	-0.22912541340113995	0.25709763986489004	-0.34458008198709356	0.29943133827060653	-0.2666798723582094	0.16300306026670489	-0.08705290158484391	0.10466241106633364	-0.18235543182563163	0.19513944917668594	-0.17027719155254978	0.07223299461328148	-0.10085233383956044	0.1225287485076291	-0.19844298431774088	0.229124227091176
-0.06694822334534317	0.17387467922074504	-0.11120040999149637	0.08896616263208448	-0.08823380064455288	0.061478215201558405	-0.15841588167666928	0.10597646375708482	-0.10735082001502746	0.09746246437716385	-0.0999054750991892	0.24767841213176975	-0.45990588062549415	0.15437761467259611	-0.15001072130413076	0.12025651650475731	-0.4238201674526608	0.9999999999999959	-0.42108574206690264	0.23514305434070368	-0.1942034676954687	0.1832561641277567	-0.5314895443728492	0.28601435641473366	-0.1714001133454467	0.06523538869214876	-0.0815971226146976	0.15213697235785767	-0.1827640453049496	0.15341458387332407	-0.0559991749751289	0.07705095810477276	-0.10374399715460124	0.15623104180405928	-0.1981777261790695
0.04585582353801642	-0.122690764555282	0.07808712091206174	-0.06717203031943579	0.06684814064931416	-0.0419799278848894	0.10838860049092079	-0.07392074082427315	0.07790421672420365	-0.07779959832436574	0.06569679525160285	-0.1549395134941112	0.2017593136992417	-0.11797132730056163	0.12043763012357722	-0.08059989902953764	0.21476982043489332	-0.42108574206690264	0.999999999999996	-0.533802613675424	0.13035264863290863	-0.11774588832917549	0.2708261069861534	-0.6137255696573798	0.2402737545214507	-0.05420376338127031	0.06745300494340116	-0.13372188983476116	0.20278915211699117	-0.19641259504998979	0.046861668348272795	-0.06545390654583966	0.09227784737168851	-0.14920486505322586	0.20102876112555385
-0.04832299111535622	0.1274746124515657	-0.08888563991359913	0.07847764241862382	-0.08094709026245583	0.043738158282652526	-0.11690927216618396	0.08177916874491759	-0.09067746569534939	0.09500861969174336	-0.06812659264543966	0.1526837582451218	-0.20658349906491547	0.13427175525055837	-0.17128917044054234	0.08218770685004385	-0.22912541340113995	0.23514305434070368	-0.533802613675424	0.9999999999999962	-0.14312798808930735	0.11999784913338961	-0.2623291661278288	0.30386544713500285	-0.5632183605694538	0.0601828959800335	-0.07553066156747315	0.147718562871348	-0.2705006520436676	0.2727758950764304	-0.05273189763029831	0.07298894413055237	-0.1058234895171751	0.1702470123757849	-0.297596969077086
0.06160985186519282	-0.14978418818430456	0.06946989009244142	-0.05552940796978294	0.053880121267087286	-0.056471648355180815	0.12094774642578901	-0.0652327589146649	0.06314038896880678	-0.06109034308749331	0.09342309587223084	-0.18144898824632705	0.15538273210735928	-0.08483557968519724	0.08363513073147673	-0.1278030851640876	0.25709763986489004	-0.1942034676954687	0.13035264863290863	-0.14312798808930735	0.9999999999999954	-0.8381881889598822	0.23936692954491978	-0.18039492484232966	0.10720965132966573	-0.1109289660745079	0.12247127796406816	-0.15202803112212823	0.1405501539154927	-0.11476224308379863	0.08378978695415719	-0.11087556933585543	0.10278214746047781	-0.1521093106864815	0.1555646931206143
-0.05111881124669823	0.12095319053630346	-0.05917331924883895	0.04710665535385728	-0.04600749652079683	0.04636971877884132	-0.10275433193013293	0.0554548963667492	-0.054143258558604336	0.05172852674629512	-0.07843002170694549	0.1565592484715657	-0.14212481283446313	0.07311451992644481	-0.07234061594622032	0.09978666159368237	-0.34458008198709356	0.1832561641277567	-0.11774588832917549	0.11999784913338961	-0.8381881889598822	0.9999999999999963	-0.3061297971662961	0.15487632145836977	-0.09129047672883381	0.09294965725226145	-0.12645664753765148	0.12861905305068083	-0.11985809941634566	0.09489168658849695	-0.07485646368784395	0.09834222015295987	-0.08893118683218064	0.12261246481180553	-0.12897349836312832
0.07159483692733684	-0.19595335872359207	0.10450110193818317	-0.08595030444274004	0.08360130700321898	-0.06614992896445565	0.16169458534744055	-0.0997888777020337	0.09829958135211127	-0.09559726776525342	0.10212848170679024	-0.23591491692237632	0.25674661389618436	-0.13834382275027088	0.13382828643670788	-0.13000070307729814	0.29943133827060653	-0.5314895443728492	0.2708261069861534	-0.2623291661278288	0.23936692954491978	-0.3061297971662961	0.9999999999999979	-0.43100153496153826	0.19146348667478663	-0.09903449789788712	0.12343148490870395	-0.2694200765603385	0.23603104755985593	-0.19454497665023018	0.08334514378192404	-0.11883446318500814	0.16011793444431444	-0.24031645025531206	0.24279196136212372
-0.0544000368895758	0.14133498683819995	-0.090322133960078	0.0742739930927202	-0.07540543328981845	0.04925888521535064	-0.12936011902402003	0.08290460168372407	-0.0871227785102069	0.08403443774423795	-0.07724832835362214	0.17213876270411188	-0.22788458012388113	0.12071960383753724	-0.12926769217555162	0.09354087042617587	-0.2666798723582094	0.28601435641473366	-0.6137255696573798	0.30386544713500285	-0.18039492484232966	0.15487632145836977	-0.43100153496153826	0.999999999999996	-0.3138760629127428	0.07113379557371638	-0.09008628693170613	0.17523743414804366	-0.3331577481095558	0.22902271697881016	-0.06234709972970272	0.08598531887091072	-0.12479178668028734	0.1938922534578829	-0.2769840555055399
0.03734070119226291	-0.10135448420629203	0.06404093505081339	-0.05605403242401184	0.0562295976700343	-0.03394677438619206	0.08922641968910111	-0.05948834064976881	0.06360676475453683	-0.0668400588323438	0.05196664923644402	-0.11538624423668832	0.14138377191593904	-0.09287345348268099	0.10279941003720341	-0.06373822545698293	0.16300306026670489	-0.1714001133454467	0.2402737545214507	-0.5632183605694538	0.10720965132966573	-0.09129047672883381	0.19146348667478663	-0.3138760629127428	0.9999999999999943	-0.055546070306395724	0.06906220490414135	-0.14596286293264188	0.2524278373787555	-0.6372688806888511	0.04821638005830344	-0.06871287233146181	0.10134197811687295	-0.17650119190247768	0.2555605603141082
-0.018233803175164542	0.04602762408646453	-0.02576239348765904	0.020557147439030105	-0.020621756378427798	0.01644390166272578	-0.04105219404822645	0.023510439341838846	-0.023793346237793535	0.02284244204925197	-0.025973402496262288	0.05348476859186193	-0.05870393012147981	0.03152175017059694	-0.032906398405316284	0.03219125192437823	-0.08705290158484391	0.06523538869214876	-0.05420376338127031	0.0601828959800335	-0.1109289660745079	0.09294965725226145	-0.09903449789788712	0.07113379557371638	-0.055546070306395724	0.9999999999999937	-0.5190265948067694	0.17272106032361845	-0.117168578512131	0.06313964589344034	-0.7623804635001175	0.31597164292727087	-0.1540543460529713	0.12583628631429544	-0.09410581557377101
0.022092731531041503	-0.05636403942382387	0.03138301532807028	-0.025137628560763486	0.025159501670697866	-0.019973783829953486	0.04984739248699629	-0.02872597544318812	0.029040430199793167	-0.02797406347352358	0.03141344865650461	-0.06540054952469865	0.07144877731657956	-0.038642624521491406	0.04020504359625009	-0.03904983667797657	0.10466241106633364	-0.0815971226146976	0.06745300494340116	-0.07553066156747315	0.12247127796406816	-0.12645664753765148	0.12343148490870395	-0.09008628693170613	0.06906220490414135	-0.5190265948067694	0.9999999999999941	-0.34041354934120854	0.14843805003060778	-0.07990141510720186	0.3112998886738803	-0.6784042717875706	0.22205851333586274	-0.18284460527488253	0.11408651916655445
-0.038385157958461105	0.09867128559763033	-0.0587885784130383	0.047106357806918665	-0.04765111875559715	0.03455784964652273	-0.0901561282148107	0.0533677829167386	-0.05477187474662656	0.052596154650654495	-0.05372854622258907	0.11402770742079964	-0.13583767508908817	0.07276317583925228	-0.07701819002652302	0.06540396531514794	-0.18235543182563163	0.15213697235785767	-0.13372188983476116	0.147718562871348	-0.15202803112212823	0.12861905305068083	-0.2694200765603385	0.17523743414804366	-0.14596286293264188	0.17272106032361845	-0.34041354934120854	0.9999999999999936	-0.38858473254099046	0.16927521809426582	-0.17045650033198495	0.23897981645637267	-0.6472650325477628	0.31725664087336525	-0.2453458899385329
0.04515242468048613	-0.12204517228134039	0.07155449792030032	-0.05952809426399211	0.05958067242462495	-0.040964236615073486	0.10691229945959646	-0.06582122494040292	0.0680585431979961	-0.06805424104946713	0.062384101685795765	-0.13482202680825264	0.15776955497486553	-0.09338574877040201	0.09904181053057254	-0.07683465235173838	0.19513944917668594	-0.1827640453049496	0.20278915211699117	-0.2705006520436676	0.1405501539154927	-0.11985809941634566	0.23603104755985593	-0.3331577481095558	0.2524278373787555	-0.117168578512131	0.14843805003060778	-0.38858473254099046	0.999999999999993	-0.4607921447454323	0.10156409283669941	-0.15304117891191601	0.2489582171591987	-0.5181196759484068	0.28981317180819477
-0.03791486278850727	0.10121656796919548	-0.06315345723152689	0.0528261211131648	-0.05367582940162057	0.0342655141880106	-0.09107094033825648	0.05760865722272428	-0.06084981757280423	0.0609029674244537	-0.05248513687165257	0.11374126418275013	-0.14070526779329515	0.08374695605075452	-0.09307404642902835	0.06386068474588757	-0.17027719155254978	0.15341458387332407	-0.19641259504998979	0.2727758950764304	-0.11476224308379863	0.09489168658849695	-0.19454497665023018	0.22902271697881016	-0.6372688806888511	0.06313964589344034	-0.07990141510720186	0.16927521809426582	-0.4607921447454323	0.9999999999999931	-0.055592151502633	0.0789075286801369	-0.1223579646409856	0.2088599369604477	-0.44863640288739015
0.015552640395067563	-0.039759170204303786	0.02210416946625198	-0.017685559868217092	0.017711311649902074	-0.014054016839478498	0.03516317657028155	-0.02020308749460115	0.020427510941967278	-0.019676677166230436	0.02204721540670662	-0.04571128571193563	0.050009036550372886	-0.02710645640880212	0.02825320917165672	-0.02741881990016193	0.07223299461328148	-0.0559991749751289	0.046861668348272795	-0.05273189763029831	0.08378978695415719	-0.07485646368784395	0.08334514378192404	-0.06234709972970272	0.04821638005830344	-0.7623804635001175	0.3112998886738803	-0.17045650033198495	0.10156409283669941	-0.055592151502633	0.9999999999999938	-0.5366197945055853	0.15032424083174467	-0.13026428739130297	0.08073467705210427
-0.021029768009965484	0.05340866675791167	-0.03045690418391181	0.024337742552106936	-0.024478057771418794	0.01895293804454738	-0.04799542458731369	0.027742836323621227	-0.028199611696533212	0.027089652668393166	-0.029779825189414293	0.0618690705505157	-0.06947140817666053	0.03737411267831241	-0.03919434877707495	0.036675154470971666	-0.10085233383956044	0.07705095810477276	-0.06545390654583966	0.07298894413055237	-0.11087556933585543	0.09834222015295987	-0.11883446318500814	0.08598531887091072	-0.06871287233146181	0.31597164292727087	-0.6784042717875706	0.23897981645637267	-0.15304117891191601	0.0789075286801369	-0.5366197945055853	0.9999999999999936	-0.29582125123606445	0.17854132872263453	-0.1171314183241641
0.02661118078880704	-0.06919139770056645	0.040460868030118	-0.032579103116782554	0.0328312099894736	-0.02401061169523843	0.06230401706062154	-0.0368441201784681	0.03771023568937715	-0.03646510977604473	0.037139065185844644	-0.07878823295286712	0.0918280132821074	-0.050248384308455976	0.05299361953594483	-0.045493533943286465	0.1225287485076291	-0.10374399715460124	0.09227784737168851	-0.1058234895171751	0.10278214746047781	-0.08893118683218064	0.16011793444431444	-0.12479178668028734	0.10134197811687295	-0.1540543460529713	0.22205851333586274	-0.6472650325477628	0.2489582171591987	-0.1223579646409856	0.15032424083174467	-0.29582125123606445	0.9999999999999931	-0.595171279549574	0.16970148470965696
-0.04201512047378333	0.10793330439842658	-0.06563394606630292	0.05256758622292681	-0.053465245707359596	0.03770336330305906	-0.09999999065010667	0.059192029345962564	-0.061162332579692974	0.05884366588816937	-0.05831523903253459	0.12300816615845386	-0.1485811400242662	0.08077512540695367	-0.08663849798377274	0.07048449786485438	-0.19844298431774088	0.15623104180405928	-0.14920486505322586	0.1702470123757849	-0.1521093106864815	0.12261246481180553	-0.24031645025531206	0.1938922534578829	-0.17650119190247768	0.12583628631429544	-0.18284460527488253	0.31725664087336525	-0.5181196759484068	0.2088599369604477	-0.13026428739130297	0.17854132872263453	-0.595171279549574	0.9999999999999931	-0.32272854119012573
0.05740776682251818	-0.16178247775454419	0.08867931446775118	-0.07307090725044235	0.07275317806371467	-0.052115098179279326	0.1377195861059861	-0.08125144332819662	0.08288970203621182	-0.08314817271969793	0.07722975157695064	-0.1634226930146178	0.18404658744750346	-0.1112265317975769	0.11743002982090249	-0.09562334677980563	0.229124227091176	-0.1981777261790695	0.20102876112555385	-0.297596969077086	0.1555646931206143	-0.12897349836312832	0.24279196136212372	-0.2769840555055399	0.2555605603141082	-0.09410581557377101	0.11408651916655445	-0.2453458899385329	0.28981317180819477	-0.44863640288739015	0.08073467705210427	-0.1171314183241641	0.16970148470965696	-0.32272854119012573	0.9999999999999931
