1.0000000000000002	-0.26712469943616096	0.18929440798850578	-0.024409675917451676	0.0259411199417061	-0.885793527131164	0.1595350812041318	-0.12751252073617425	0.03264453839800926	-0.027862965045694722	0.19194293541430757	-0.1311782440620659	0.11533266115861335	-0.028046160841521395	0.021179247779426938	-0.1397671297544334	0.10833108767423431	-0.0691274274112941	0.05171665724730474	-0.05597035439548674	0.09175858860496015	-0.0954050417661037	0.06080136664075528	-0.05749755430420335	0.05774233290321208	-0.11944577892910875	0.07413758544464354	-0.06714462685279496	0.04689729422701314	-0.05283173267148037	0.08948283442959712	-0.058149785903548495	0.07382514383663517	-0.05504497500861958	0.03814404018080947
-0.26712469943616096	1.0000000000000002	-0.8065150015478422	0.04679134508287994	-0.047873420763332564	0.19615507407321098	-0.4080245542962886	0.26007793751325103	-0.04488182180573015	0.03584322076884712	-0.11742751487664754	0.1387144416076643	-0.1519754256758443	0.03444826528006074	-0.025197442969011646	0.08609240601015963	-0.0827096711286922	0.05277765774556841	-0.04059326459737288	0.043737479096168166	-0.062284643063223406	0.06808823979302818	-0.04633161966323747	0.043487039775116205	-0.04411720506388881	0.08039882665466268	-0.05413113004046343	0.050229421133113156	-0.03536257959181078	0.03993044446583538	-0.06567416842745466	0.042579622394791454	-0.054848046278097286	0.041268280549982515	-0.028726345825768947
0.18929440798850578	-0.8065150015478422	1.0000000000000002	-0.05934169311297091	0.05592631227283737	-0.20696278676923768	0.2888106954908335	-0.3874048488057556	0.05321483198788333	-0.04337821783331605	0.12988530433600332	-0.17307888698712023	0.17145157188310828	-0.04151275057258114	0.0301266360542628	-0.1019820906369193	0.09723457356246412	-0.06377764345747325	0.048949548823931884	-0.053198665703096386	0.0736757654695333	-0.0821908846544221	0.05562088846655889	-0.05282780837094377	0.05342527573609942	-0.09756014879124707	0.06502257967590536	-0.06104144275842301	0.042790355932636165	-0.04874267938391786	0.07891155141605075	-0.05136445058719618	0.06610535687323171	-0.05034260746432153	0.034931337549887025
-0.024409675917451676	0.04679134508287994	-0.05934169311297091	1.0000000000000004	-0.9122869130577684	0.024808035343181534	-0.040460694142419526	0.04011982203676065	-0.31999216678211284	0.19364234110680006	-0.028961608997327845	0.031995320928931946	-0.035012105423049104	0.1503232264544331	-0.11021487426393467	0.023182440076068293	-0.028502988261131654	0.023369937798773388	-0.030259117132391766	0.0324118750233372	-0.018859962666593014	0.022606872933079343	-0.02099926969118781	0.02002903638745021	-0.024083644324587178	0.024156490877299857	-0.019945211399843645	0.02082241762179868	-0.01598119274480764	0.019441462930934707	-0.02440255849954051	0.015966049541890882	-0.02196873812263115	0.018459315767522067	-0.013330839101042595
0.0259411199417061	-0.047873420763332564	0.05592631227283737	-0.9122869130577684	1.0000000000000009	-0.02658416957535269	0.04169196559253853	-0.04117741753394053	0.2370927085696834	-0.258984582298093	0.03234085581488641	-0.03536573240433372	0.03806713278097732	-0.18496689936634342	0.12668929399761336	-0.026195223729743273	0.03257095655749259	-0.027231655275224222	0.03564708247085117	-0.038574302635403984	0.021483382641809903	-0.025954884386392117	0.024425076284356993	-0.023429377063767468	0.028226798096502744	-0.027600647303492213	0.023003872519527933	-0.02425048853430491	0.018636873258129873	-0.022882297652747373	0.02816553313513051	-0.018455126012386035	0.025464612122202933	-0.021645962051126188	0.015614498512999536
-0.885793527131164	0.19615507407321098	-0.20696278676923768	0.024808035343181534	-0.02658416957535269	1.000000000000001	-0.17981442820917476	0.1282650849082878	-0.03248518151847718	0.02718965319048096	-0.2620031810585449	0.13311395429134687	-0.12481651661417961	0.027501504744171606	-0.020749011013141683	0.13627975422399105	-0.10922584033453249	0.06551570941436712	-0.04889412264700161	0.05208837860281537	-0.0912448612265908	0.08974297206815322	-0.05804620103014608	0.05355392703545098	-0.05388055888067959	0.10939341857727508	-0.07040982464641139	0.06241757802405018	-0.043961016009580196	0.04854093399912511	-0.08466123408229462	0.05463318294731724	-0.06953649270705523	0.05060232398914909	-0.03529010221847999
0.1595350812041318	-0.4080245542962886	0.2888106954908335	-0.040460694142419526	0.04169196559253853	-0.17981442820917476	1.0000000000000009	-0.7247816680171353	0.062501024700502	-0.05200446569039114	0.16814916429339447	-0.28412483269605265	0.26033534029778604	-0.052199984719150994	0.03745217071531919	-0.13625960506871218	0.13432744405388855	-0.08876881988934916	0.06696182519388111	-0.07307717248546139	0.09905561010891517	-0.11289162573327359	0.0765329198394781	-0.07296272832842024	0.07314778741033565	-0.13224820579413846	0.08873728184683717	-0.0842387492698928	0.058854368838892425	-0.06707360065386134	0.10725266499613004	-0.07016491049196145	0.0902408323381341	-0.069225107928046	0.047938099291936404
-0.12751252073617425	0.26007793751325103	-0.3874048488057556	0.04011982203676065	-0.04117741753394053	0.1282650849082878	-0.7247816680171353	1.0000000000000013	-0.0644278496458878	0.04874630563874288	-0.1469364678447867	0.23932481802296088	-0.42759599759498906	0.05001009730965493	-0.03550598798602337	0.10724733999238109	-0.11119760862617742	0.06951513776209924	-0.05271149899800956	0.05651385302413725	-0.07799862575086083	0.08677434386852617	-0.06012228214394646	0.05581853587314696	-0.05611615208558921	0.09971770868727779	-0.06848487905328801	0.06412517313745443	-0.04521194240043607	0.05060250639640377	-0.08221813164285063	0.05366568099321347	-0.06911556549227489	0.052138299820225914	-0.0363217343988515
0.03264453839800926	-0.04488182180573015	0.05321483198788333	-0.31999216678211284	0.2370927085696834	-0.03248518151847718	0.062501024700502	-0.0644278496458878	1.000000000000001	-0.6451774313646609	0.051506384543361816	-0.057680579407279296	0.06508785990834146	-0.5691080625591688	0.31066991983504	-0.04229679785371342	0.05610579465796953	-0.05069637266968891	0.07452677647383657	-0.07990743071792006	0.03538030405578221	-0.0437252664879193	0.04493322670821203	-0.04319872441220447	0.053104340458221724	-0.044993247192641084	0.03944982768738986	-0.0431870552546708	0.03395294178023474	-0.04188586134117158	0.04777827667416955	-0.03165795959426404	0.04426498906090124	-0.03871864156637072	0.02816865424123381
-0.027862965045694722	0.03584322076884712	-0.04337821783331605	0.19364234110680006	-0.258984582298093	0.02718965319048096	-0.05200446569039114	0.04874630563874288	-0.6451774313646609	1.0000000000000013	-0.04491120391719837	0.0464132749640351	-0.05358538436937538	0.32910180372046066	-0.6108843002489709	0.03640606454151499	-0.0503610458618717	0.044916158638161535	-0.07056865571460451	0.07514567286508946	-0.030895790965454008	0.038162091204020594	-0.04101764843138418	0.03846993273464321	-0.05057982335106919	0.03868092998754304	-0.035174064483587945	0.03815030093415245	-0.030722974470638913	0.037269175909887854	-0.04265535028923868	0.0281511200901394	-0.039834735414840665	0.034145333033784406	-0.025362601502933225
0.19194293541430757	-0.11742751487664754	0.12988530433600332	-0.028961608997327845	0.03234085581488641	-0.2620031810585449	0.16814916429339447	-0.1469364678447867	0.051506384543361816	-0.04491120391719837	1.000000000000002	-0.4097002457386026	0.23658704122736807	-0.04836471186087562	0.0372993484783586	-0.5930342884754186	0.2710801985767911	-0.16459317019165737	0.11509537906278874	-0.1241904153401275	0.2556166114512457	-0.24117662874081958	0.13913535686614573	-0.1299107118428878	0.1256153662007933	-0.31368979006992737	0.173632238936405	-0.152220614019348	0.10548188976999555	-0.1149478583488825	0.20061441409297606	-0.13340089386064902	0.16401954515650483	-0.1202071861762658	0.08306345346225504
-0.1311782440620659	0.1387144416076643	-0.17307888698712023	0.031995320928931946	-0.03536573240433372	0.13311395429134687	-0.28412483269605265	0.23932481802296088	-0.057680579407279296	0.0464132749640351	-0.4097002457386026	1.0000000000000013	-0.73429701867241	0.05458999321846659	-0.040843077642401866	0.20843601017893545	-0.2545730212427963	0.12279247082437951	-0.08585426921105777	0.0891147376910364	-0.1430504291691625	0.1503504119713012	-0.10378099804096688	0.09083772127923007	-0.0885206509905174	0.1637252559213802	-0.11501512098829375	0.10396309760532209	-0.07384761772716364	0.0783515001812462	-0.1328956408993957	0.08758703648007611	-0.11148193456636526	0.08094792227695394	-0.05673407282866728
0.11533266115861335	-0.1519754256758443	0.17145157188310828	-0.035012105423049104	0.03806713278097732	-0.12481651661417961	0.26033534029778604	-0.42759599759498906	0.06508785990834146	-0.05358538436937538	0.23658704122736807	-0.73429701867241	1.0000000000000004	-0.06643151981231675	0.046839227098452785	-0.18754295549285646	0.18709524091744217	-0.12045428665381096	0.08560000060506835	-0.09274166192685299	0.12897654630177688	-0.14750659064351568	0.099465668047716	-0.09308160233554916	0.0908522205934569	-0.16838232462368208	0.11232402454050805	-0.10689986795071214	0.07457970065367796	-0.08294427369306874	0.13244784175496083	-0.08790517663870509	0.11201458291300541	-0.08546497684922548	0.059205103593194884
-0.028046160841521395	0.03444826528006074	-0.04151275057258114	0.1503232264544331	-0.18496689936634342	0.027501504744171606	-0.052199984719150994	0.05001009730965493	-0.5691080625591688	0.32910180372046066	-0.04836471186087562	0.05458999321846659	-0.06643151981231675	1.0000000000000013	-0.709407406237514	0.03976907078683934	-0.055855834524712523	0.053848995581542054	-0.09774442342208485	0.09316483217813754	-0.03342879106520889	0.04174097833739112	-0.047461256568786275	0.04479935295574866	-0.056647326748568025	0.04181306244270567	-0.03822232873301358	0.04287711460943784	-0.03499363483087596	0.04172057345662171	-0.04548789702981921	0.03048132477556602	-0.0431288599803534	0.03769497909663658	-0.027953936683262345
0.021179247779426938	-0.025197442969011646	0.0301266360542628	-0.11021487426393467	0.12668929399761336	-0.020749011013141683	0.03745217071531919	-0.03550598798602337	0.31066991983504	-0.6108843002489709	0.0372993484783586	-0.040843077642401866	0.046839227098452785	-0.709407406237514	1.0000000000000022	-0.031220851303093277	0.04478535363919461	-0.04458068028123916	0.07984394392662843	-0.09274775073183292	0.02650338615274643	-0.03348656155879587	0.039295127026478374	-0.0373153082799337	0.04938767641179931	-0.03316628383563211	0.030947383180431307	-0.035283992508818564	0.029033783261465437	-0.035399638108604456	0.03666084473186581	-0.02471446183022002	0.03521064125645783	-0.03139166987739567	0.02342426830687705
-0.1397671297544334	0.08609240601015963	-0.1019820906369193	0.023182440076068293	-0.026195223729743273	0.13627975422399105	-0.13625960506871218	0.10724733999238109	-0.04229679785371342	0.03640606454151499	-0.5930342884754186	0.20843601017893545	-0.18754295549285646	0.03976907078683934	-0.031220851303093277	1.0000000000000022	-0.4258661502290969	0.16682530498364703	-0.11235409687517438	0.11289593338219416	-0.5057018134987229	0.24824346181909945	-0.14500795478130685	0.12070391190201739	-0.11592147579379772	0.28401254319741975	-0.18359408836289423	0.1411917304928626	-0.10087233042261808	0.10057110978263868	-0.20304179325144334	0.13112606379452263	-0.16095114580827086	0.10596015676580739	-0.0747769676882884
0.10833108767423431	-0.0827096711286922	0.09723457356246412	-0.028502988261131654	0.03257095655749259	-0.10922584033453249	0.13432744405388855	-0.11119760862617742	0.05610579465796953	-0.0503610458618717	0.2710801985767911	-0.2545730212427963	0.18709524091744217	-0.055855834524712523	0.04478535363919461	-0.4258661502290969	1.0000000000000018	-0.4452582667487051	0.19772316014340913	-0.20924596201379694	0.25418460910862556	-0.4206345067257833	0.2513816006042606	-0.21677986271775923	0.1801486686012861	-0.2899519370547033	0.24000293413499663	-0.24006499760189204	0.16498181115500166	-0.16109687348418697	0.23931005440775832	-0.17689922972640537	0.21613894991231952	-0.1631024991938737	0.11322718598572666
-0.0691274274112941	0.05277765774556841	-0.06377764345747325	0.023369937798773388	-0.027231655275224222	0.06551570941436712	-0.08876881988934916	0.06951513776209924	-0.05069637266968891	0.044916158638161535	-0.16459317019165737	0.12279247082437951	-0.12045428665381096	0.053848995581542054	-0.04458068028123916	0.16682530498364703	-0.4452582667487051	1.000000000000001	-0.390922702528657	0.24074465811765414	-0.14100791415376093	0.19554967131097706	-0.6429394679460921	0.2469825869793281	-0.1979324641043446	0.15983668311023586	-0.17641954007143423	0.22846782316662115	-0.19480240500788062	0.14243092970104812	-0.1800972372138815	0.13108064091817467	-0.18813314113949914	0.13592059458970637	-0.10206431273393002
0.05171665724730474	-0.04059326459737288	0.048949548823931884	-0.030259117132391766	0.03564708247085117	-0.04889412264700161	0.06696182519388111	-0.05271149899800956	0.07452677647383657	-0.07056865571460451	0.11509537906278874	-0.08585426921105777	0.08560000060506835	-0.09774442342208485	0.07984394392662843	-0.11235409687517438	0.19772316014340913	-0.390922702528657	1.0000000000000002	-0.7661397388511043	0.09963249212840516	-0.14047201564387507	0.23594287414441137	-0.26203458772462923	0.24016448061113993	-0.12247383913557329	0.13203835779099052	-0.19050981261311467	0.16504510139394424	-0.1848163692081699	0.14418243556374302	-0.10498014917266055	0.15230938547030493	-0.15352886122721648	0.1120146005539496
-0.05597035439548674	0.043737479096168166	-0.053198665703096386	0.0324118750233372	-0.038574302635403984	0.05208837860281537	-0.07307717248546139	0.05651385302413725	-0.07990743071792006	0.07514567286508946	-0.1241904153401275	0.0891147376910364	-0.09274166192685299	0.09316483217813754	-0.09274775073183292	0.11289593338219416	-0.20924596201379694	0.24074465811765414	-0.7661397388511043	1.0000000000000024	-0.10326834554823446	0.1391897056776696	-0.22864698007827366	0.202452772975469	-0.4004163638250566	0.12362555413742687	-0.14024814949617245	0.1709489566873092	-0.16063082926629954	0.19548467814823411	-0.15829393866210367	0.11089713837022017	-0.16731609414586607	0.15510420550191373	-0.12643790319317566
0.09175858860496015	-0.062284643063223406	0.0736757654695333	-0.018859962666593014	0.021483382641809903	-0.0912448612265908	0.09905561010891517	-0.07799862575086083	0.03538030405578221	-0.030895790965454008	0.2556166114512457	-0.1430504291691625	0.12897654630177688	-0.03342879106520889	0.02650338615274643	-0.5057018134987229	0.25418460910862556	-0.14100791415376093	0.09963249212840516	-0.10326834554823446	0.9999999999999989	-0.4173912453601185	0.1283882186954438	-0.11464720271780969	0.11005051443747298	-0.6435551660109096	0.2206892015859649	-0.14249702725843125	0.09832653305184447	-0.0982367311064839	0.2284236254568718	-0.1534241875301396	0.16945183743626718	-0.10680066909096327	0.07407596707844287
-0.0954050417661037	0.06808823979302818	-0.0821908846544221	0.022606872933079343	-0.025954884386392117	0.08974297206815322	-0.11289162573327359	0.08677434386852617	-0.0437252664879193	0.038162091204020594	-0.24117662874081958	0.1503504119713012	-0.14750659064351568	0.04174097833739112	-0.03348656155879587	0.24824346181909945	-0.4206345067257833	0.19554967131097706	-0.14047201564387507	0.1391897056776696	-0.4173912453601185	1.0000000000000009	-0.20042130096347094	0.16353365233368206	-0.15388677825079092	0.29203813406475665	-0.5764609648805674	0.21388073615512876	-0.15136519384024053	0.13239698771348432	-0.32239702780573953	0.25110661443294946	-0.27918948323032844	0.14734128209822234	-0.10407647449466262
0.06080136664075528	-0.04633161966323747	0.05562088846655889	-0.02099926969118781	0.024425076284356993	-0.05804620103014608	0.0765329198394781	-0.06012228214394646	0.04493322670821203	-0.04101764843138418	0.13913535686614573	-0.10378099804096688	0.099465668047716	-0.047461256568786275	0.039295127026478374	-0.14500795478130685	0.2513816006042606	-0.6429394679460921	0.23594287414441137	-0.22864698007827366	0.1283882186954438	-0.20042130096347094	0.9999999999999997	-0.46047096763610557	0.18756377570795704	-0.15715745139365445	0.17686222627943737	-0.38334304674350167	0.2572133147396944	-0.15004181013395715	0.17384087569606949	-0.1361620936898275	0.1907937021317721	-0.1456763190285273	0.10429250009176337
-0.05749755430420335	0.043487039775116205	-0.05282780837094377	0.02002903638745021	-0.023429377063767468	0.05355392703545098	-0.07296272832842024	0.05581853587314696	-0.04319872441220447	0.03846993273464321	-0.1299107118428878	0.09083772127923007	-0.09308160233554916	0.04479935295574866	-0.0373153082799337	0.12070391190201739	-0.21677986271775923	0.2469825869793281	-0.26203458772462923	0.202452772975469	-0.11464720271780969	0.16353365233368206	-0.46047096763610557	0.999999999999999	-0.25952505572514944	0.13832850977975505	-0.1808141505986217	0.31330096512672884	-0.6605027598523997	0.16340273761733395	-0.18064688045098792	0.13710957164631632	-0.21247697984149833	0.1544573987751251	-0.11891596979257182
0.05774233290321208	-0.04411720506388881	0.05342527573609942	-0.024083644324587178	0.028226798096502744	-0.05388055888067959	0.07314778741033565	-0.05611615208558921	0.053104340458221724	-0.05057982335106919	0.1256153662007933	-0.0885206509905174	0.0908522205934569	-0.056647326748568025	0.04938767641179931	-0.11592147579379772	0.1801486686012861	-0.1979324641043446	0.24016448061113993	-0.4004163638250566	0.11005051443747298	-0.15388677825079092	0.18756377570795704	-0.25952505572514944	1.0000000000000016	-0.14121982515334905	0.15413819310548268	-0.20775836458357194	0.17413021134953516	-0.6438505099506148	0.18197702944583496	-0.13295259467957082	0.20103447407311836	-0.3452547734866458	0.25849064723223636
-0.11944577892910875	0.08039882665466268	-0.09756014879124707	0.024156490877299857	-0.027600647303492213	0.10939341857727508	-0.13224820579413846	0.09971770868727779	-0.044993247192641084	0.03868092998754304	-0.31368979006992737	0.1637252559213802	-0.16838232462368208	0.04181306244270567	-0.03316628383563211	0.28401254319741975	-0.2899519370547033	0.15983668311023586	-0.12247383913557329	0.12362555413742687	-0.6435551660109096	0.29203813406475665	-0.15715745139365445	0.13832850977975505	-0.14121982515334905	0.9999999999999997	-0.29830391757646557	0.17413405067330237	-0.12365586459632082	0.12211117458246788	-0.4161102793101957	0.20932107264829758	-0.24004922918426475	0.13521520409679072	-0.09570258490452928
0.07413758544464354	-0.05413113004046343	0.06502257967590536	-0.019945211399843645	0.023003872519527933	-0.07040982464641139	0.08873728184683717	-0.06848487905328801	0.03944982768738986	-0.035174064483587945	0.173632238936405	-0.11501512098829375	0.11232402454050805	-0.03822232873301358	0.030947383180431307	-0.18359408836289423	0.24000293413499663	-0.17641954007143423	0.13203835779099052	-0.14024814949617245	0.2206892015859649	-0.5764609648805674	0.17686222627943737	-0.1808141505986217	0.15413819310548268	-0.29830391757646557	0.9999999999999999	-0.30946765353470157	0.16698039397932693	-0.1452329153758066	0.2949176836035666	-0.5206298712349494	0.29365359930952084	-0.16974855762241062	0.11125690892632342
-0.06714462685279496	0.050229421133113156	-0.06104144275842301	0.02082241762179868	-0.02425048853430491	0.06241757802405018	-0.0842387492698928	0.06412517313745443	-0.0431870552546708	0.03815030093415245	-0.152220614019348	0.10396309760532209	-0.10689986795071214	0.04287711460943784	-0.035283992508818564	0.1411917304928626	-0.24006499760189204	0.22846782316662115	-0.19050981261311467	0.1709489566873092	-0.14249702725843125	0.21388073615512876	-0.38334304674350167	0.31330096512672884	-0.20775836458357194	0.17413405067330237	-0.30946765353470157	0.999999999999999	-0.6151585944285402	0.15699951225809694	-0.23951153978433531	0.20770890081664733	-0.3588058682092286	0.17141087393872195	-0.12679842673613395
0.04689729422701314	-0.03536257959181078	0.042790355932636165	-0.01598119274480764	0.018636873258129873	-0.043961016009580196	0.058854368838892425	-0.04521194240043607	0.03395294178023474	-0.030722974470638913	0.10548188976999555	-0.07384761772716364	0.07457970065367796	-0.03499363483087596	0.029033783261465437	-0.10087233042261808	0.16498181115500166	-0.19480240500788062	0.16504510139394424	-0.16063082926629954	0.09832653305184447	-0.15136519384024053	0.2572133147396944	-0.6605027598523997	0.17413021134953516	-0.12365586459632082	0.16698039397932693	-0.6151585944285402	0.9999999999999984	-0.14337553687431803	0.15358599220551072	-0.13076249386650288	0.19155213713989908	-0.15269781294469958	0.10513327805223413
-0.05283173267148037	0.03993044446583538	-0.04874267938391786	0.019441462930934707	-0.022882297652747373	0.04854093399912511	-0.06707360065386134	0.05060250639640377	-0.04188586134117158	0.037269175909887854	-0.1149478583488825	0.0783515001812462	-0.08294427369306874	0.04172057345662171	-0.035399638108604456	0.10057110978263868	-0.16109687348418697	0.14243092970104812	-0.1848163692081699	0.19548467814823411	-0.0982367311064839	0.13239698771348432	-0.15004181013395715	0.16340273761733395	-0.6438505099506148	0.12211117458246788	-0.1452329153758066	0.15699951225809694	-0.14337553687431803	0.9999999999999982	-0.18321144429199954	0.1265577982086219	-0.21046152723887634	0.30063109975043045	-0.5530208820277196
0.08948283442959712	-0.06567416842745466	0.07891155141605075	-0.02440255849954051	0.02816553313513051	-0.08466123408229462	0.10725266499613004	-0.08221813164285063	0.04777827667416955	-0.04265535028923868	0.20061441409297606	-0.1328956408993957	0.13244784175496083	-0.04548789702981921	0.03666084473186581	-0.20304179325144334	0.23931005440775832	-0.1800972372138815	0.14418243556374302	-0.15829393866210367	0.2284236254568718	-0.32239702780573953	0.17384087569606949	-0.18064688045098792	0.18197702944583496	-0.4161102793101957	0.2949176836035666	-0.23951153978433531	0.15358599220551072	-0.18321144429199954	0.999999999999998	-0.5085738250567688	0.30751398306257505	-0.2157052498059505	0.13693006725374252
-0.058149785903548495	0.042579622394791454	-0.05136445058719618	0.015966049541890882	-0.018455126012386035	0.05463318294731724	-0.07016491049196145	0.05366568099321347	-0.03165795959426404	0.0281511200901394	-0.13340089386064902	0.08758703648007611	-0.08790517663870509	0.03048132477556602	-0.02471446183022002	0.13112606379452263	-0.17689922972640537	0.13108064091817467	-0.10498014917266055	0.11089713837022017	-0.1534241875301396	0.25110661443294946	-0.1361620936898275	0.13710957164631632	-0.13295259467957082	0.20932107264829758	-0.5206298712349494	0.20770890081664733	-0.13076249386650288	0.1265577982086219	-0.5085738250567688	0.9999999999999978	-0.5868722190560957	0.16378402686916935	-0.10821638081648015
0.07382514383663517	-0.054848046278097286	0.06610535687323171	-0.02196873812263115	0.025464612122202933	-0.06953649270705523	0.0902408323381341	-0.06911556549227489	0.04426498906090124	-0.039834735414840665	0.16401954515650483	-0.11148193456636526	0.11201458291300541	-0.0431288599803534	0.03521064125645783	-0.16095114580827086	0.21613894991231952	-0.18813314113949914	0.15230938547030493	-0.16731609414586607	0.16945183743626718	-0.27918948323032844	0.1907937021317721	-0.21247697984149833	0.20103447407311836	-0.24004922918426475	0.29365359930952084	-0.3588058682092286	0.19155213713989908	-0.21046152723887634	0.30751398306257505	-0.5868722190560957	0.9999999999999973	-0.3253483624989416	0.17825346109845053
-0.05504497500861958	0.041268280549982515	-0.05034260746432153	0.018459315767522067	-0.021645962051126188	0.05060232398914909	-0.069225107928046	0.052138299820225914	-0.03871864156637072	0.034145333033784406	-0.1202071861762658	0.08094792227695394	-0.08546497684922548	0.03769497909663658	-0.03139166987739567	0.10596015676580739	-0.1631024991938737	0.13592059458970637	-0.15352886122721648	0.15510420550191373	-0.10680066909096327	0.14734128209822234	-0.1456763190285273	0.1544573987751251	-0.3452547734866458	0.13521520409679072	-0.16974855762241062	0.17141087393872195	-0.15269781294469958	0.30063109975043045	-0.2157052498059505	0.16378402686916935	-0.3253483624989416	0.9999999999999976	-0.734069940518661
0.03814404018080947	-0.028726345825768947	0.034931337549887025	-0.013330839101042595	0.015614498512999536	-0.03529010221847999	0.047938099291936404	-0.0363217343988515	0.02816865424123381	-0.025362601502933225	0.08306345346225504	-0.05673407282866728	0.059205103593194884	-0.027953936683262345	0.02342426830687705	-0.0747769676882884	0.11322718598572666	-0.10206431273393002	0.1120146005539496	-0.12643790319317566	0.07407596707844287	-0.10407647449466262	0.10429250009176337	-0.11891596979257182	0.25849064723223636	-0.09570258490452928	0.11125690892632342	-0.12679842673613395	0.10513327805223413	-0.5530208820277196	0.13693006725374252	-0.10821638081648015	0.17825346109845053	-0.734069940518661	0.9999999999999976
