1.0	-0.48607109355460437	0.20440332115269677	-0.14338729754450222	0.12337574448923956	-0.7889696828971328	0.2713812758347574	-0.18887934122150757	0.13317896128341583	-0.07595658953434224	0.1253907401360515	-0.14033349214628207	0.1178604476561616	-0.107005850124457	0.09865944027877935	-0.10879341517526092	0.10536001780326197	-0.1117430080374925	0.0963603134440075	-0.11661855405906131	0.09844520410890135	-0.08403130617063745	0.0862583856609318	-0.06076765618099203	0.049050991017491746	-0.05726359626140666	0.05609158542876304	-0.07264932009541562	0.05213546122376954	-0.058607647173020416	0.04138833362240372	-0.03705787724808504	0.08213329930381134	-0.06264963847102056	0.07785614062609902
-0.48607109355460437	1.0000000000000002	-0.4953614752540774	0.22763103908117432	-0.20379753547332297	0.300792809714574	-0.5257688180568103	0.272469937079901	-0.21580065682757568	0.11958987591534632	-0.1850521043451521	0.19782747927286198	-0.17918922192406958	0.15896353095025795	-0.15720530629302876	0.15095066565354862	-0.15768571181786442	0.16053025282243075	-0.14401194130872122	0.16574800469393744	-0.145892478662142	0.12116988898781247	-0.1267126822690727	0.08723683381217022	-0.07081166744758693	0.08262903407642098	-0.08181824081142242	0.10476708419685504	-0.07535115520144732	0.08414145361132612	-0.06046268986190095	0.053902827052233517	-0.12030033212678147	0.09019485044098566	-0.11343655134767525
0.20440332115269677	-0.4953614752540774	0.9999999999999997	-0.5517393890903353	0.24844158577035302	-0.23111989415397194	0.2774439124050926	-0.43406122478182224	0.2775381356243315	-0.1569085740315119	0.17342309387407498	-0.19497611096623305	0.20796620664016993	-0.21077297613157317	0.18091878332861697	-0.16439142622254393	0.15372695408158768	-0.19812535760718014	0.17425899666208608	-0.21842491698415756	0.15341768865073463	-0.13216594932115078	0.14201216185539473	-0.10691572198886153	0.08601443636461853	-0.09283723044977844	0.08989354587660588	-0.12235882078158447	0.0891315726658933	-0.1016013684918296	0.0675913041613539	-0.06068194634224178	0.13642372807379777	-0.10717187480838465	0.13191268119752939
-0.14338729754450222	0.22763103908117432	-0.5517393890903353	0.9999999999999997	-0.48919584565673907	0.14974775588363726	-0.2123083395086451	0.27521418127752806	-0.4837127333873693	0.21745689780325742	-0.1615554178982325	0.16469501766840866	-0.20597329526855954	0.22714068000758553	-0.25190349886617447	0.14746125040269079	-0.13973026224243384	0.18329474513105243	-0.18808120827362235	0.21249112248630342	-0.1471374675289499	0.12221440270485837	-0.13675106499646883	0.10328627776644751	-0.08399795729294479	0.08726810092987732	-0.08520085984026401	0.11602182760021122	-0.08591076802804333	0.09746434020469912	-0.06511567977238791	0.05808759681217708	-0.13309314255678906	0.10269962432876587	-0.12915030008511244
0.12337574448923956	-0.20379753547332297	0.24844158577035302	-0.48919584565673907	1.0000000000000007	-0.1466517194715414	0.18111708784198807	-0.24533559194072932	0.26726085121970117	-0.535342228453133	0.17637916368651588	-0.18206786142558953	0.19624124223135309	-0.23037581039613367	0.3109608931139942	-0.18151075406567316	0.15463158716570458	-0.21311951596971782	0.19842021686093195	-0.30053837387342963	0.17229098352800795	-0.14619892279341726	0.1606152031677134	-0.1366734432079605	0.10933360303820816	-0.10887882520069521	0.10359894841200543	-0.1462807229202457	0.11071512399757924	-0.12978597682136267	0.08058093536493702	-0.07234829197767856	0.16546348702139826	-0.13537312810159427	0.16637603939724482
-0.7889696828971328	0.300792809714574	-0.23111989415397194	0.14974775588363726	-0.1466517194715414	1.0000000000000002	-0.4197267594430728	0.2028765323773063	-0.15662441001800587	0.08784303759732941	-0.15837735060997132	0.1620757029963788	-0.13832178282276786	0.12033351662269053	-0.11783986211236677	0.12491433641845359	-0.12765402659214095	0.12549921476449943	-0.11089544685636303	0.12819981484923634	-0.1174821683557311	0.09751672176836305	-0.10070847530985229	0.06856628969484023	-0.05563678099192278	0.06621580395213326	-0.06560066616299084	0.08317369699844886	-0.05961037351513152	0.06642474845336395	-0.048310460481786846	0.04306080135229154	-0.09570969860315459	0.0714323889995376	-0.08992482744912528
0.2713812758347574	-0.5257688180568103	0.2774439124050926	-0.2123083395086451	0.18111708784198807	-0.4197267594430728	0.9999999999999998	-0.49140026003389975	0.2236244369281587	-0.11576776143620655	0.203108799508027	-0.3461749888617862	0.21215176485392664	-0.18291250793218317	0.14811060060478057	-0.18010877449226959	0.19259886409408752	-0.19299694894830996	0.15701856641265866	-0.18488004024773644	0.15780914367546525	-0.14233518002766243	0.1403577612077368	-0.0957443500647391	0.07718410366569134	-0.09207399550923578	0.0905519808354576	-0.11639705738249616	0.08215683234803847	-0.09191599165797742	0.06521896068497528	-0.058694930936292695	0.1281928994472817	-0.09809259124821781	0.12039416655788769
-0.18887934122150757	0.272469937079901	-0.43406122478182224	0.27521418127752806	-0.24533559194072932	0.2028765323773063	-0.49140026003389975	1.000000000000001	-0.4726451930297891	0.1586051771568292	-0.20423677464655793	0.22858922684842858	-0.37812212525161687	0.2608651897470413	-0.2018727142255971	0.17538763531464818	-0.18577611890512777	0.23438466036463912	-0.21374410092839072	0.21894702501323873	-0.17364151593786253	0.14710487395767877	-0.16491166304574975	0.11161873141267278	-0.09098854162401955	0.10017105872919656	-0.09929891599909378	0.13242186824562008	-0.09503665368325154	0.1056776231982371	-0.07370119655724146	0.06583852016412026	-0.14898483086704278	0.11224543918614616	-0.14040027302416452
0.13317896128341583	-0.21580065682757568	0.2775381356243315	-0.4837127333873693	0.26726085121970117	-0.15662441001800587	0.2236244369281587	-0.4726451930297891	1.0	-0.23626836763535797	0.17300286413379393	-0.19394736932887957	0.2706605466213729	-0.5016449613163834	0.2253886008941477	-0.16540965252193232	0.15847281606854755	-0.2406842844384376	0.24332249756780808	-0.2742332568314694	0.16012668768196178	-0.1387354854600265	0.15636433690374352	-0.12207551248817021	0.09852706311091	-0.0971895470555803	0.09458357361758042	-0.1328158949047641	0.09787902171571966	-0.11154578722121636	0.07144498295671314	-0.06414837118316435	0.14626400187023061	-0.11552521063816378	0.1420894498984263
-0.07595658953434224	0.11958987591534632	-0.1569085740315119	0.21745689780325742	-0.535342228453133	0.08784303759732941	-0.11576776143620655	0.1586051771568292	-0.23626836763535797	1.0000000000000004	-0.11036633108995483	0.11247412356193626	-0.13431081136103581	0.1642315256105342	-0.7458150616380822	0.1092054478812594	-0.0966245780137479	0.13427478473269241	-0.13580117406328227	0.18467203648347036	-0.10672896229055086	0.08964995696097111	-0.10030069845974034	0.08288682779766776	-0.06712645699422046	0.06600215202725303	-0.06342638318014286	0.0889673470839	-0.06728410132689719	0.07805618613476197	-0.0492269675568118	0.044070676495178394	-0.10139685929856461	0.08133629392814995	-0.10108679686821563
0.1253907401360515	-0.1850521043451521	0.17342309387407498	-0.1615554178982325	0.17637916368651588	-0.15837735060997132	0.203108799508027	-0.20423677464655793	0.17300286413379393	-0.11036633108995483	0.9999999999999984	-0.4720653928786489	0.20771858532123094	-0.17860025642487276	0.15349445639058545	-0.6802928203519755	0.301227155287269	-0.23521817965044084	0.17710509250293405	-0.23145097909853785	0.2465709282701883	-0.2286897316117417	0.1965422886582558	-0.13372323834922376	0.10605046765997467	-0.14827915437314668	0.14061003735543615	-0.17069198102159175	0.11800547710025544	-0.13271513612892116	0.0985408278927098	-0.08964601900557564	0.18501284290838826	-0.14414472031969516	0.1728248895910781
-0.14033349214628207	0.19782747927286198	-0.19497611096623305	0.16469501766840866	-0.18206786142558953	0.1620757029963788	-0.3461749888617862	0.22858922684842858	-0.19394736932887957	0.11247412356193626	-0.4720653928786489	1.0000000000000004	-0.31227613211894295	0.19297725606379915	-0.1574589876890401	0.30411476310555796	-0.5901679631095381	0.2503700938364633	-0.18722548955974885	0.2028237027261068	-0.26065812078831074	0.2395367095212591	-0.2088972571780408	0.11788060160672409	-0.09525952758883302	0.13679751161107095	-0.14209344370354576	0.15883248315015353	-0.1069855160097479	0.11594754846862702	-0.09296433333645814	0.08377346922067587	-0.17281388666029737	0.1264735945969476	-0.15389804820211697
0.1178604476561616	-0.17918922192406958	0.20796620664016993	-0.20597329526855954	0.19624124223135309	-0.13832178282276786	0.21215176485392664	-0.37812212525161687	0.2706605466213729	-0.13431081136103581	0.20771858532123094	-0.31227613211894295	0.9999999999999982	-0.512097240270647	0.17653151065959782	-0.19988768090118805	0.22085259624367673	-0.5621688815241762	0.28220376974634015	-0.2697349737833563	0.18852227725947743	-0.17823677579478836	0.20993210318438987	-0.13252329431351392	0.10654118857452416	-0.11440476673971346	0.11284952613614581	-0.16559319917791507	0.11109084069775768	-0.12254458626243232	0.08138236705108574	-0.0738016287674301	0.16501242146783027	-0.12852734599634605	0.15336860473970207
-0.107005850124457	0.15896353095025795	-0.21077297613157317	0.22714068000758553	-0.23037581039613367	0.12033351662269053	-0.18291250793218317	0.2608651897470413	-0.5016449613163834	0.1642315256105342	-0.17860025642487276	0.19297725606379915	-0.512097240270647	1.0000000000000016	-0.22980619505300592	0.16151477723075447	-0.16968586661935006	0.28527843316017704	-0.5017428357403496	0.27840431529881204	-0.16840791817227072	0.14360532892093386	-0.1758920423602241	0.12982907636392826	-0.10729858192474293	0.09895846867728017	-0.09830482603050165	0.1388935066413195	-0.10317458315600424	0.11429905413448581	-0.0742256295125068	0.06630765089884036	-0.1543509460822136	0.11779746834916871	-0.1482921525675438
0.09865944027877935	-0.15720530629302876	0.18091878332861697	-0.25190349886617447	0.3109608931139942	-0.11783986211236677	0.14811060060478057	-0.2018727142255971	0.2253886008941477	-0.7458150616380822	0.15349445639058545	-0.1574589876890401	0.17653151065959782	-0.22980619505300592	1.0000000000000007	-0.15837602021545047	0.13514990061831259	-0.19170726275337757	0.18585947541942685	-0.29144701073981205	0.15190178868214074	-0.12872635506666605	0.1428950677729148	-0.12368740264408704	0.09962307087738735	-0.0960762312261304	0.09150505300343378	-0.13008599354586303	0.09915615294806043	-0.11649860550949362	0.0713968495638902	-0.06407629842504851	0.1472418705792672	-0.12071713257776243	0.14857773522615375
-0.10879341517526092	0.15095066565354862	-0.16439142622254393	0.14746125040269079	-0.18151075406567316	0.12491433641845359	-0.18010877449226959	0.17538763531464818	-0.16540965252193232	0.1092054478812594	-0.6802928203519755	0.30411476310555796	-0.19988768090118805	0.16151477723075447	-0.15837602021545047	0.9999999999999989	-0.46464805962955846	0.218539999645151	-0.17105058365516626	0.20054833326874122	-0.3420761224173359	0.249019454132295	-0.21744845459350626	0.12557202251824282	-0.10146002389162372	0.1570158320701005	-0.1603900327190498	0.17147312497278647	-0.11702309607289174	0.1266416134837803	-0.10872564860543218	0.09651438505726015	-0.19896127542840225	0.14065033126062063	-0.17617955222667883
0.10536001780326197	-0.15768571181786442	0.15372695408158768	-0.13973026224243384	0.15463158716570458	-0.12765402659214095	0.19259886409408752	-0.18577611890512777	0.15847281606854755	-0.0966245780137479	0.301227155287269	-0.5901679631095381	0.22085259624367673	-0.16968586661935006	0.13514990061831259	-0.46464805962955846	1.0000000000000009	-0.3109980088607883	0.17379576870417426	-0.19724898990408782	0.2711396367013046	-0.43528641363981874	0.22427366716780606	-0.11832430954633993	0.09441295155384566	-0.15815404878327477	0.16037143516618982	-0.17267206518448375	0.1089008134134231	-0.1172986583536146	0.09665427320473793	-0.08986126634521974	0.17096449974530914	-0.12830192484075775	0.14962545965264765
-0.1117430080374925	0.16053025282243075	-0.19812535760718014	0.18329474513105243	-0.21311951596971782	0.12549921476449943	-0.19299694894830996	0.23438466036463912	-0.2406842844384376	0.13427478473269241	-0.23521817965044084	0.2503700938364633	-0.5621688815241762	0.28527843316017704	-0.19170726275337757	0.218539999645151	-0.3109980088607883	1.0000000000000018	-0.4250412121137667	0.27703697759535195	-0.2415590316501822	0.22419499793242098	-0.3873229966561888	0.15434923149859212	-0.12711867457324988	0.13995540275312487	-0.14364375638171303	0.21444057174861464	-0.13930725743287617	0.14514168344777195	-0.10244792566032045	0.09233291355946574	-0.21446610716718656	0.15527214925215124	-0.18799876454629527
0.0963603134440075	-0.14401194130872122	0.17425899666208608	-0.18808120827362235	0.19842021686093195	-0.11089544685636303	0.15701856641265866	-0.21374410092839072	0.24332249756780808	-0.13580117406328227	0.17710509250293405	-0.18722548955974885	0.28220376974634015	-0.5017428357403496	0.18585947541942685	-0.17105058365516626	0.17379576870417426	-0.4250412121137667	1.000000000000001	-0.6076335211492712	0.17993431851743227	-0.15805942885227864	0.19814921851135847	-0.20099267153429504	0.15465150608719627	-0.10962879179069367	0.10826718495567175	-0.16489011021221656	0.13016500105611906	-0.1479818971904399	0.08269868791490283	-0.07424661071953481	0.17580500632925292	-0.14243067314625213	0.1753806167688896
-0.11661855405906131	0.16574800469393744	-0.21842491698415756	0.21249112248630342	-0.30053837387342963	0.12819981484923634	-0.18488004024773644	0.21894702501323873	-0.2742332568314694	0.18467203648347036	-0.23145097909853785	0.2028237027261068	-0.2697349737833563	0.27840431529881204	-0.29144701073981205	0.20054833326874122	-0.19724898990408782	0.27703697759535195	-0.6076335211492712	0.9999999999999978	-0.24579770066107065	0.188016506662383	-0.24031550731622256	0.2166640745760031	-0.23682403238845226	0.139725627272141	-0.14058850208027462	0.19713418622911605	-0.16795672722809846	0.19194713408056066	-0.11492200517377069	0.10049326621087348	-0.25133068377341633	0.18528979520097655	-0.2612158396652732
0.09844520410890135	-0.145892478662142	0.15341768865073463	-0.1471374675289499	0.17229098352800795	-0.1174821683557311	0.15780914367546525	-0.17364151593786253	0.16012668768196178	-0.10672896229055086	0.2465709282701883	-0.26065812078831074	0.18852227725947743	-0.16840791817227072	0.15190178868214074	-0.3420761224173359	0.2711396367013046	-0.2415590316501822	0.17993431851743227	-0.24579770066107065	1.0000000000000013	-0.5884505694353247	0.2734306635968924	-0.17050506351440398	0.1318150572868078	-0.36876799394921456	0.2654580887649479	-0.25780093412677946	0.15833263448766907	-0.17547301533030218	0.15642976357982538	-0.14972570065856453	0.23896246486147077	-0.19440627675964128	0.21071555755186167
-0.08403130617063745	0.12116988898781247	-0.13216594932115078	0.12221440270485837	-0.14619892279341726	0.09751672176836305	-0.14233518002766243	0.14710487395767877	-0.1387354854600265	0.08964995696097111	-0.2286897316117417	0.2395367095212591	-0.17823677579478836	0.14360532892093386	-0.12872635506666605	0.249019454132295	-0.43528641363981874	0.22419499793242098	-0.15805942885227864	0.188016506662383	-0.5884505694353247	0.9999999999999989	-0.4213047316967679	0.1343899467737529	-0.1069654748224112	0.2511320674011137	-0.34324308417982535	0.23533657426596355	-0.13627958378088628	0.1383661012633076	-0.14198916871266223	0.1332820998034187	-0.21931459615943527	0.15564882581289047	-0.17314545260170427
0.0862583856609318	-0.1267126822690727	0.14201216185539473	-0.13675106499646883	0.1606152031677134	-0.10070847530985229	0.1403577612077368	-0.16491166304574975	0.15636433690374352	-0.10030069845974034	0.1965422886582558	-0.2088972571780408	0.20993210318438987	-0.1758920423602241	0.1428950677729148	-0.21744845459350626	0.22427366716780606	-0.3873229966561888	0.19814921851135847	-0.24031550731622256	0.2734306635968924	-0.4213047316967679	0.9999999999999979	-0.2003242830464256	0.151942921668318	-0.2003574007378163	0.1998043904556338	-0.5936045738314362	0.213330128989945	-0.2084196042083119	0.12867511333512166	-0.12437533489443306	0.2722449336535873	-0.22881900840889954	0.21849033168293153
-0.06076765618099203	0.08723683381217022	-0.10691572198886153	0.10328627776644751	-0.1366734432079605	0.06856628969484023	-0.0957443500647391	0.11161873141267278	-0.12207551248817021	0.08288682779766776	-0.13372323834922376	0.11788060160672409	-0.13252329431351392	0.12982907636392826	-0.12368740264408704	0.12557202251824282	-0.11832430954633993	0.15434923149859212	-0.20099267153429504	0.2166640745760031	-0.17050506351440398	0.1343899467737529	-0.2003242830464256	0.999999999999999	-0.7286582606102256	0.10935054002367113	-0.11205952119488856	0.20509995926195654	-0.3807092915840336	0.318400027659016	-0.09724077550370823	0.08637738266699595	-0.24796252538171493	0.24178314253327096	-0.3232242520788659
0.049050991017491746	-0.07081166744758693	0.08601443636461853	-0.08399795729294479	0.10933360303820816	-0.05563678099192278	0.07718410366569134	-0.09098854162401955	0.09852706311091	-0.06712645699422046	0.10605046765997467	-0.09525952758883302	0.10654118857452416	-0.10729858192474293	0.09962307087738735	-0.10146002389162372	0.09441295155384566	-0.12711867457324988	0.15465150608719627	-0.23682403238845226	0.1318150572868078	-0.1069654748224112	0.151942921668318	-0.7286582606102256	0.9999999999999974	-0.08729598531623646	0.0878445124884433	-0.1723249572614644	0.26207418377037756	-0.535588295355634	0.0746925393758893	-0.06730210316719185	0.186962541449047	-0.21792708203287067	0.24186586036142338
-0.05726359626140666	0.08262903407642098	-0.09283723044977844	0.08726810092987732	-0.10887882520069521	0.06621580395213326	-0.09207399550923578	0.10017105872919656	-0.0971895470555803	0.06600215202725303	-0.14827915437314668	0.13679751161107095	-0.11440476673971346	0.09895846867728017	-0.0960762312261304	0.1570158320701005	-0.15815404878327477	0.13995540275312487	-0.10962879179069367	0.139725627272141	-0.36876799394921456	0.2511320674011137	-0.2003574007378163	0.10935054002367113	-0.08729598531623646	0.9999999999999979	-0.7787024032713131	0.19146905096541503	-0.1153921206197779	0.11588174272456561	-0.30968194183065345	0.23419852904869362	-0.21985583756616994	0.13766607495328775	-0.15024159380937835
0.05609158542876304	-0.08181824081142242	0.08989354587660588	-0.08520085984026401	0.10359894841200543	-0.06560066616299084	0.0905519808354576	-0.09929891599909378	0.09458357361758042	-0.06342638318014286	0.14061003735543615	-0.14209344370354576	0.11284952613614581	-0.09830482603050165	0.09150505300343378	-0.1603900327190498	0.16037143516618982	-0.14364375638171303	0.10826718495567175	-0.14058850208027462	0.2654580887649479	-0.34324308417982535	0.1998043904556338	-0.11205952119488856	0.0878445124884433	-0.7787024032713131	0.999999999999998	-0.23234781370472696	0.11841298609334275	-0.11921362844486909	0.237634808010725	-0.30348260458734955	0.20283573728883417	-0.14067436169709638	0.1427669265011897
-0.07264932009541562	0.10476708419685504	-0.12235882078158447	0.11602182760021122	-0.1462807229202457	0.08317369699844886	-0.11639705738249616	0.13242186824562008	-0.1328158949047641	0.0889673470839	-0.17069198102159175	0.15883248315015353	-0.16559319917791507	0.1388935066413195	-0.13008599354586303	0.17147312497278647	-0.17267206518448375	0.21444057174861464	-0.16489011021221656	0.19713418622911605	-0.25780093412677946	0.23533657426596355	-0.5936045738314362	0.20509995926195654	-0.1723249572614644	0.19146905096541503	-0.23234781370472696	0.9999999999999963	-0.38857880986780563	0.23036004585208866	-0.15364693065465873	0.14480609321997495	-0.4757780228104628	0.26981020607190653	-0.2631376769256397
0.05213546122376954	-0.07535115520144732	0.0891315726658933	-0.08591076802804333	0.11071512399757924	-0.05961037351513152	0.08215683234803847	-0.09503665368325154	0.09787902171571966	-0.06728410132689719	0.11800547710025544	-0.1069855160097479	0.11109084069775768	-0.10317458315600424	0.09915615294806043	-0.11702309607289174	0.1089008134134231	-0.13930725743287617	0.13016500105611906	-0.16795672722809846	0.15833263448766907	-0.13627958378088628	0.213330128989945	-0.3807092915840336	0.26207418377037756	-0.1153921206197779	0.11841298609334275	-0.38857880986780563	0.9999999999999961	-0.5282419733859187	0.09828876108845142	-0.09150043701220228	0.2718765543391091	-0.5611866865130969	0.2952566140015575
-0.058607647173020416	0.08414145361132612	-0.1016013684918296	0.09746434020469912	-0.12978597682136267	0.06642474845336395	-0.09191599165797742	0.1056776231982371	-0.11154578722121636	0.07805618613476197	-0.13271513612892116	0.11594754846862702	-0.12254458626243232	0.11429905413448581	-0.11649860550949362	0.1266416134837803	-0.1172986583536146	0.14514168344777195	-0.1479818971904399	0.19194713408056066	-0.17547301533030218	0.1383661012633076	-0.2084196042083119	0.318400027659016	-0.535588295355634	0.11588174272456561	-0.11921362844486909	0.23036004585208866	-0.5282419733859187	0.9999999999999962	-0.10454695865552635	0.09333146325944959	-0.27573134830759577	0.2906857845823587	-0.45240632439266726
0.04138833362240372	-0.06046268986190095	0.0675913041613539	-0.06511567977238791	0.08058093536493702	-0.048310460481786846	0.06521896068497528	-0.07370119655724146	0.07144498295671314	-0.0492269675568118	0.0985408278927098	-0.09296433333645814	0.08138236705108574	-0.0742256295125068	0.0713968495638902	-0.10872564860543218	0.09665427320473793	-0.10244792566032045	0.08269868791490283	-0.11492200517377069	0.15642976357982538	-0.14198916871266223	0.12867511333512166	-0.09724077550370823	0.0746925393758893	-0.30968194183065345	0.237634808010725	-0.15364693065465873	0.09828876108845142	-0.10454695865552635	0.9999999999999969	-0.8685530445055271	0.2118288504463452	-0.13814093636035507	0.1227396399930746
-0.03705787724808504	0.053902827052233517	-0.06068194634224178	0.05808759681217708	-0.07234829197767856	0.04306080135229154	-0.058694930936292695	0.06583852016412026	-0.06414837118316435	0.044070676495178394	-0.08964601900557564	0.08377346922067587	-0.0738016287674301	0.06630765089884036	-0.06407629842504851	0.09651438505726015	-0.08986126634521974	0.09233291355946574	-0.07424661071953481	0.10049326621087348	-0.14972570065856453	0.1332820998034187	-0.12437533489443306	0.08637738266699595	-0.06730210316719185	0.23419852904869362	-0.30348260458734955	0.14480609321997495	-0.09150043701220228	0.09333146325944959	-0.8685530445055271	0.9999999999999959	-0.272220948941132	0.12555535554830483	-0.11332673860289527
0.08213329930381134	-0.12030033212678147	0.13642372807379777	-0.13309314255678906	0.16546348702139826	-0.09570969860315459	0.1281928994472817	-0.14898483086704278	0.14626400187023061	-0.10139685929856461	0.18501284290838826	-0.17281388666029737	0.16501242146783027	-0.1543509460822136	0.1472418705792672	-0.19896127542840225	0.17096449974530914	-0.21446610716718656	0.17580500632925292	-0.25133068377341633	0.23896246486147077	-0.21931459615943527	0.2722449336535873	-0.24796252538171493	0.186962541449047	-0.21985583756616994	0.20283573728883417	-0.4757780228104628	0.2718765543391091	-0.27573134830759577	0.2118288504463452	-0.272220948941132	0.9999999999999963	-0.47096546628784686	0.2953721096054406
-0.06264963847102056	0.09019485044098566	-0.10717187480838465	0.10269962432876587	-0.13537312810159427	0.0714323889995376	-0.09809259124821781	0.11224543918614616	-0.11552521063816378	0.08133629392814995	-0.14414472031969516	0.1264735945969476	-0.12852734599634605	0.11779746834916871	-0.12071713257776243	0.14065033126062063	-0.12830192484075775	0.15527214925215124	-0.14243067314625213	0.18528979520097655	-0.19440627675964128	0.15564882581289047	-0.22881900840889954	0.24178314253327096	-0.21792708203287067	0.13766607495328775	-0.14067436169709638	0.26981020607190653	-0.5611866865130969	0.2906857845823587	-0.13814093636035507	0.12555535554830483	-0.47096546628784686	0.999999999999997	-0.5235711593736438
0.07785614062609902	-0.11343655134767525	0.13191268119752939	-0.12915030008511244	0.16637603939724482	-0.08992482744912528	0.12039416655788769	-0.14040027302416452	0.1420894498984263	-0.10108679686821563	0.1728248895910781	-0.15389804820211697	0.15336860473970207	-0.1482921525675438	0.14857773522615375	-0.17617955222667883	0.14962545965264765	-0.18799876454629527	0.1753806167688896	-0.2612158396652732	0.21071555755186167	-0.17314545260170427	0.21849033168293153	-0.3232242520788659	0.24186586036142338	-0.15024159380937835	0.1427669265011897	-0.2631376769256397	0.2952566140015575	-0.45240632439266726	0.1227396399930746	-0.11332673860289527	0.2953721096054406	-0.5235711593736438	0.9999999999999969
