1.0	-0.9906348951060382	0.07407958688467037	-0.05484258074171654	0.040201108755850305	-0.055768944323552096	0.05228439112126107	-0.05281856561592348	0.03482156814960481	-0.031826908617906734	0.019720756036610942	-0.02051429087969363	0.03232058014839489	-0.038506259551528275	0.025445825263167354	-0.020342472552293493	0.020115993889928338	-0.03002745100799869	0.028528493207536188	-0.028137563507433228	0.016985027537124973	-0.016906066543523512	0.025770363655428515	-0.023000515637516775	0.02011324223152685	-0.01715194715463779	0.018411845937311423	-0.02468189059555055	0.01839878738517243	-0.01628633944767443	0.01946024258789805	-0.019148125210935202	0.014309733662426969	-0.01550918764774826	0.01196306929609327	-0.00970563260641067	0.008414592919272743	-0.015724163561632497	0.010701210675246608	-0.010512617970023296
-0.9906348951060382	1.0000000000000004	-0.08048605948624368	0.05321497716229091	-0.04007553651253804	0.05274620974799618	-0.054209031237394026	0.05012853254194555	-0.03414179934276366	0.030797174268766946	-0.01904678627628163	0.01966569677470941	-0.031245220331871097	0.036720093087102536	-0.024583423767376874	0.01942580997050323	-0.01934562231787432	0.028620780605211747	-0.027485407151310218	0.026849121978436488	-0.01631659521271262	0.016198403359981673	-0.024786908853716316	0.021968164254011432	-0.0193194565217893	0.016389293300778644	-0.017644478647500298	0.02343550242115912	-0.01760169454372585	0.01554842612167806	-0.018692685826534963	0.01823750052284743	-0.013621382656480394	0.014740720577962791	-0.01141452586437071	0.009243283817382061	-0.008021894660695505	0.01492866024125495	-0.010187426986100005	0.01000248087124192
0.07407958688467037	-0.08048605948624368	1.0	-0.7547424600782459	0.2759822589155371	-0.08172145067663941	0.07313657457418773	-0.353855486805673	0.2562078759441887	-0.24162467006186036	0.09904045128265307	-0.10719597248891743	0.18968086902879835	-0.27812146013927685	0.16933924686750065	-0.11074111532980269	0.11117749799034714	-0.1837092864728133	0.17574887155534197	-0.1899524093977603	0.09209189698393296	-0.09506276652419794	0.14899088879969702	-0.13903960016365183	0.11518266936689125	-0.09541385779631968	0.1025563337878184	-0.14521704777227543	0.10756099959869081	-0.09526919011139774	0.10640390930400884	-0.10840391849278501	0.0826710729242535	-0.09031119204412448	0.0688430676570579	-0.054987434426992804	0.04758929844247642	-0.0914097040167112	0.06190118308766013	-0.06091946762060878
-0.05484258074171654	0.05321497716229091	-0.7547424600782459	1.0	-0.4336509252232856	0.05453125618066808	-0.04999192268349708	0.21742945595210475	-0.35871948722206237	0.24435069034492585	-0.0755806097437721	0.07936627575058947	-0.14618015473050225	0.22685981897779	-0.15671362568112107	0.08155300404023345	-0.08495473719005948	0.1352789030632869	-0.14628712078831307	0.15366923461033385	-0.06957630853406083	0.07162546271102832	-0.11583760697635875	0.10602255519404113	-0.08964869408996347	0.07070039713287332	-0.07719258896660915	0.10598395709872516	-0.08225097638428876	0.07188928039915897	-0.08055826792084919	0.07943731659395155	-0.060892342655654914	0.06621626654908319	-0.051437637946757826	0.04028490156320448	-0.035033911100419105	0.0664901188935434	-0.04570096068045953	0.044889048353361063
0.040201108755850305	-0.04007553651253804	0.2759822589155371	-0.4336509252232856	1.0	-0.07504757195920567	0.06627638008323898	-0.29357350520757336	0.31264973175222055	-0.6258809942371149	0.1020394941008046	-0.11090092376338288	0.18854059029600362	-0.33044373116492276	0.24577010233525812	-0.1193977765248847	0.12050666504801501	-0.20089549045313326	0.20800167321948992	-0.2722022672640199	0.09935784212053998	-0.10399676985262099	0.16430122345821951	-0.16017807174508394	0.13000238132521827	-0.10439200507008184	0.11247376478541497	-0.1638255855292488	0.12192312873240226	-0.1082022521425458	0.11625158388236968	-0.11998719542202829	0.09268376062154425	-0.10177006572484681	0.07736788662438746	-0.060954939364064695	0.05273233123809354	-0.10269012413586287	0.06957367616885568	-0.06856984827589782
-0.055768944323552096	0.05274620974799618	-0.08172145067663941	0.05453125618066808	-0.07504757195920567	1.0000000000000002	-0.9642735282685124	0.1552614091435493	-0.06601873321721669	0.051577289486718206	-0.08826270484291059	0.07742687550016124	-0.11010546162150375	0.0659858620637781	-0.049221128519192546	0.05659436442206395	-0.05502707361838055	0.07120199955463069	-0.06596112583769459	0.04955963883250887	-0.047592152313741504	0.04310874437732869	-0.06588599664658075	0.04978576202469825	-0.04594782003695134	0.04180287170625169	-0.04558767495882875	0.049811847439856144	-0.04048001511925574	0.03462295207321307	-0.0487056351897423	0.04216198283140708	-0.029986973741555678	0.031332859097603104	-0.025393044404785577	0.021144429622266366	-0.018601827573144908	0.031599762657784525	-0.02216710092323771	0.021499848901941152
0.05228439112126107	-0.054209031237394026	0.07313657457418773	-0.04999192268349708	0.06627638008323898	-0.9642735282685124	1.0000000000000007	-0.185915594680283	0.05991917798130355	-0.047022513443040294	0.07704827764317475	-0.07459289784047558	0.10120330741977095	-0.06115881284758484	0.044481553296838706	-0.05226634378693823	0.049548820406066854	-0.06668489991801381	0.05940249132385269	-0.04534765472182282	0.042862148506396656	-0.039119051287563565	0.05920114331650955	-0.04525298153174997	0.04115974195443374	-0.037991081795858805	0.041077881409174136	-0.04543993667493602	0.036541936361568716	-0.03132033274521135	0.043594573597077774	-0.038291502635942186	0.02721039967768033	-0.02848703893049545	0.022939731457969112	-0.019180957466691205	0.016845610161521245	-0.02878034905122164	0.020098687326049317	-0.01950639463551955
-0.05281856561592348	0.05012853254194555	-0.353855486805673	0.21742945595210475	-0.29357350520757336	0.1552614091435493	-0.185915594680283	1.0000000000000002	-0.2896162166453452	0.20265835210093106	-0.21220685194038919	0.20233917422450684	-0.6069874871944164	0.2584227703769407	-0.1914000928665744	0.16656548797458526	-0.18597339542001926	0.2770788928641923	-0.2575354235726104	0.1874649560558563	-0.15030645197160497	0.14648456745023705	-0.2509846334713625	0.18390348360414072	-0.16511358512072527	0.1366448559959262	-0.1536408242960558	0.17568899606294214	-0.14646669359074752	0.1240371629343698	-0.16207329707951865	0.14225129472523237	-0.10456568042351097	0.10989607215904211	-0.08933814026563563	0.07149684632804501	-0.06300977765608745	0.10989311161597998	-0.07764700891268998	0.07538329390429863
0.03482156814960481	-0.03414179934276366	0.2562078759441887	-0.35871948722206237	0.31264973175222055	-0.06601873321721669	0.05991917798130355	-0.2896162166453452	1.0000000000000002	-0.5518118254809611	0.09505310030783834	-0.10197773505367473	0.19370397837764955	-0.5716421426324774	0.24962925271443762	-0.10215502913550549	0.10722640622293655	-0.18355987860242526	0.21064752739867676	-0.23461588138352202	0.08683394564281917	-0.09098872299119551	0.1504827430921764	-0.14396760678392906	0.11490895748856574	-0.08825242173161289	0.0967417839790804	-0.1352357321101189	0.10694021703243017	-0.09288573332939161	0.09973457208165369	-0.09893123260528673	0.07685197241488605	-0.08377895644517418	0.06504325936960555	-0.05010838755682047	0.043639685362242865	-0.08366389173831579	0.057704773006266794	-0.05666911052685268
-0.031826908617906734	0.030797174268766946	-0.24162467006186036	0.24435069034492585	-0.6258809942371149	0.051577289486718206	-0.047022513443040294	0.20265835210093106	-0.5518118254809611	0.999999999999999	-0.08008075373021811	0.08403458991785012	-0.1546543184085321	0.29039719412847453	-0.37335859497897955	0.087734713342476	-0.09383467364517838	0.15199084715359865	-0.1924686038570327	0.23660803109729986	-0.07566549938795006	0.07919134320574944	-0.13250040873364163	0.1249108039574247	-0.10434530541714511	0.0768992667119915	-0.08496014611791865	0.1175697010257456	-0.09528631574649876	0.0823150649488765	-0.08820206527838471	0.08642052701149762	-0.06745510475308776	0.0734741651029514	-0.05770866865359854	0.0438422124800593	-0.03824838757336924	0.07307590036209996	-0.050828024050514134	0.04991591734260267
0.019720756036610942	-0.01904678627628163	0.09904045128265307	-0.0755806097437721	0.1020394941008046	-0.08826270484291059	0.07704827764317475	-0.21220685194038919	0.09505310030783834	-0.08008075373021811	0.9999999999999984	-0.8294968607243028	0.21691513187951025	-0.12331929662336402	0.08322500816549284	-0.3590516985703144	0.17753145298834538	-0.16883243075070792	0.12128904982970276	-0.09243509204068363	0.1862310524217298	-0.1357967203595789	0.13713193411068555	-0.10631127152968603	0.09418459298935021	-0.13859334118419256	0.13186260887811938	-0.1178182984653887	0.08690830372370734	-0.07463437649167151	0.133549604817001	-0.1155439400784107	0.07133248764521428	-0.07180225581641338	0.056191650989787255	-0.056302026048837106	0.04921798645417362	-0.07545020058469361	0.05071252136825834	-0.04861994622298353
-0.02051429087969363	0.01966569677470941	-0.10719597248891743	0.07936627575058947	-0.11090092376338288	0.07742687550016124	-0.07459289784047558	0.20233917422450684	-0.10197773505367473	0.08403458991785012	-0.8294968607243028	0.9999999999999987	-0.32545513383467506	0.1270953924882292	-0.08888409959341738	0.23500964208950034	-0.2087390920915091	0.17576885751737534	-0.13218288531009315	0.09545635772609626	-0.19232788489051558	0.14137262153935787	-0.1514341647604399	0.11125072296842206	-0.10083853067352877	0.13468999914328172	-0.14102592103363298	0.1198873877567479	-0.0917478657324205	0.07787328494783174	-0.14413619418559265	0.11747384402739006	-0.07340981755001422	0.07344721264048776	-0.05848530298392701	0.0575692482549698	-0.05079416115373924	0.07667182146101856	-0.05224271936137409	0.04998345233977823
0.03232058014839489	-0.031245220331871097	0.18968086902879835	-0.14618015473050225	0.18854059029600362	-0.11010546162150375	0.10120330741977095	-0.6069874871944164	0.19370397837764955	-0.1546543184085321	0.21691513187951025	-0.32545513383467506	0.999999999999997	-0.28961503510622855	0.1621865011111983	-0.17140564588356558	0.1728480024980944	-0.5065506795887245	0.2380625676020632	-0.1775171500264378	0.13762819584665043	-0.1423800274377506	0.23482042690292543	-0.18155835533311487	0.14075033389955463	-0.12758686228352964	0.1380585003470891	-0.16841964711023247	0.13272465097741984	-0.1130081376871178	0.13812405156855995	-0.13063114386959063	0.0957744765598583	-0.10118970187541612	0.07931627474572545	-0.0649522413368696	0.05688017334740956	-0.1020961985179504	0.07039408075131852	-0.06839408790325557
-0.038506259551528275	0.036720093087102536	-0.27812146013927685	0.22685981897779	-0.33044373116492276	0.0659858620637781	-0.06115881284758484	0.2584227703769407	-0.5716421426324774	0.29039719412847453	-0.12331929662336402	0.1270953924882292	-0.28961503510622855	1.0000000000000007	-0.4181632272989752	0.12350697056085826	-0.1380742800300638	0.23041280272871292	-0.3733991818006499	0.27780034994773284	-0.1089295772215143	0.11459831738215855	-0.20377330367633137	0.187900241192458	-0.15298202227816007	0.10721104473265157	-0.12078061510635545	0.16070993952299395	-0.1404650427032337	0.11707437748419386	-0.12437453917218425	0.117723544388195	-0.09268230806160015	0.10020082309696392	-0.08040392607370866	0.059532718578734	-0.052291008322197144	0.0985215875982614	-0.06987113354167758	0.06832305811035647
0.025445825263167354	-0.024583423767376874	0.16933924686750065	-0.15671362568112107	0.24577010233525812	-0.049221128519192546	0.044481553296838706	-0.1914000928665744	0.24962925271443762	-0.37335859497897955	0.08322500816549284	-0.08888409959341738	0.1621865011111983	-0.4181632272989752	0.9999999999999992	-0.09384264844737107	0.10188381095260726	-0.18529563565207283	0.2589056831746892	-0.7255098417312975	0.08072455523463054	-0.08744664743697991	0.15150477586251312	-0.15873235665157043	0.11926974479238216	-0.08284720641239758	0.0921302308478626	-0.13413944701202515	0.11103767986446224	-0.09634681264804376	0.0937616957695727	-0.09345387543440431	0.07509302672418457	-0.08254287753578037	0.06440058431154108	-0.04737482758548371	0.041408335846946705	-0.08125254714327174	0.05670260615852432	-0.05579129954153188
-0.020342472552293493	0.01942580997050323	-0.11074111532980269	0.08155300404023345	-0.1193977765248847	0.05659436442206395	-0.05226634378693823	0.16656548797458526	-0.10215502913550549	0.087734713342476	-0.3590516985703144	0.23500964208950034	-0.17140564588356558	0.12350697056085826	-0.09384264844737107	0.9999999999999988	-0.3907530022068442	0.1697900738003935	-0.1443421322541915	0.10249656205756269	-0.6507808234972485	0.2541158409954423	-0.19316026185051205	0.1393008453262459	-0.1379767337216102	0.27850982113056055	-0.26962452094219824	0.16977297709581546	-0.12427761716845427	0.10504761566621658	-0.2790209994691785	0.19989319166992378	-0.10991736549770316	0.10411914632116973	-0.08324778230804811	0.09727931398963592	-0.0865283875315254	0.11258356119654973	-0.07538116750983723	0.07091458626697439
0.020115993889928338	-0.01934562231787432	0.11117749799034714	-0.08495473719005948	0.12050666504801501	-0.05502707361838055	0.049548820406066854	-0.18597339542001926	0.10722640622293655	-0.09383467364517838	0.17753145298834538	-0.2087390920915091	0.1728480024980944	-0.1380742800300638	0.10188381095260726	-0.3907530022068442	0.9999999999999966	-0.24579920428622212	0.16549137780459974	-0.11738707497403483	0.26366237887694094	-0.7002774688089682	0.24163269738481485	-0.1785891704523548	0.14758645375953613	-0.2685064710076064	0.2822726750806321	-0.2137675367602074	0.14327651804043243	-0.12267039888876703	0.21523016746886586	-0.2483473007405665	0.1284875226831562	-0.12390870802514922	0.09383223548801448	-0.11035689684631247	0.0947002881563204	-0.13547232467526962	0.0874211633028054	-0.08264769203310514
-0.03002745100799869	0.028620780605211747	-0.1837092864728133	0.1352789030632869	-0.20089549045313326	0.07120199955463069	-0.06668489991801381	0.2770788928641923	-0.18355987860242526	0.15199084715359865	-0.16883243075070792	0.17576885751737534	-0.5065506795887245	0.23041280272871292	-0.18529563565207283	0.1697900738003935	-0.24579920428622212	0.9999999999999964	-0.45542153309411865	0.20199208566621601	-0.15126961250228144	0.19078075379066567	-0.5064793695642708	0.26229434672831	-0.18647303597566514	0.14472677818618063	-0.17011110202414725	0.2084647527196635	-0.1820767378780934	0.14578266173538393	-0.15809079765266182	0.1519686472304285	-0.11718132068415266	0.12285497976576296	-0.09817279851157235	0.07511132779014648	-0.0663104610258995	0.12167251086429046	-0.0859284714323481	0.08307819814351484
0.028528493207536188	-0.027485407151310218	0.17574887155534197	-0.14628712078831307	0.20800167321948992	-0.06596112583769459	0.05940249132385269	-0.2575354235726104	0.21064752739867676	-0.1924686038570327	0.12128904982970276	-0.13218288531009315	0.2380625676020632	-0.3733991818006499	0.2589056831746892	-0.1443421322541915	0.16549137780459974	-0.45542153309411865	1.0000000000000007	-0.4455936165869266	0.1245176075413784	-0.1477045582219504	0.2854746696084748	-0.4553884356820406	0.19995965483279848	-0.12955769520874358	0.1468165721804043	-0.23437038348473452	0.2104386379866099	-0.1742046924761662	0.14316562441202024	-0.14649347730399062	0.12410948655961641	-0.1383968610595099	0.10636016541045756	-0.07391254537386785	0.06492030063674031	-0.1328639769575402	0.09365847945191538	-0.09192927399132521
-0.028137563507433228	0.026849121978436488	-0.1899524093977603	0.15366923461033385	-0.2722022672640199	0.04955963883250887	-0.04534765472182282	0.1874649560558563	-0.23461588138352202	0.23660803109729986	-0.09243509204068363	0.09545635772609626	-0.1775171500264378	0.27780034994773284	-0.7255098417312975	0.10249656205756269	-0.11738707497403483	0.20199208566621601	-0.4455936165869266	0.9999999999999981	-0.0909262085691937	0.0990995823074134	-0.18372057587073354	0.1856740709675847	-0.1484782905312977	0.09163448183210626	-0.10431338428350827	0.14631666704886795	-0.13411139115663712	0.11165103949225519	-0.1061756933647764	0.10227560591469827	-0.08337828256673496	0.09114489056667012	-0.0733771651783431	0.05183754589028073	-0.045603962948479945	0.08843518772779353	-0.0633472493930516	0.06216534872011091
0.016985027537124973	-0.01631659521271262	0.09209189698393296	-0.06957630853406083	0.09935784212053998	-0.047592152313741504	0.042862148506396656	-0.15030645197160497	0.08683394564281917	-0.07566549938795006	0.1862310524217298	-0.19232788489051558	0.13762819584665043	-0.1089295772215143	0.08072455523463054	-0.6507808234972485	0.26366237887694094	-0.15126961250228144	0.1245176075413784	-0.0909262085691937	0.9999999999999953	-0.3112150117631878	0.17029394953564825	-0.12917734116150506	0.12138954759395737	-0.5338949924988305	0.2623081593282666	-0.16883798905937583	0.1137705154058149	-0.09720825466387278	0.24731774522770045	-0.21420268101123302	0.1074600939201364	-0.10117159459194998	0.07784942518801598	-0.10045510051259646	0.08644163377893185	-0.11231150732636712	0.07245424323136176	-0.06801437473684903
-0.016906066543523512	0.016198403359981673	-0.09506276652419794	0.07162546271102832	-0.10399676985262099	0.04310874437732869	-0.039119051287563565	0.14648456745023705	-0.09098872299119551	0.07919134320574944	-0.1357967203595789	0.14137262153935787	-0.1423800274377506	0.11459831738215855	-0.08744664743697991	0.2541158409954423	-0.7002774688089682	0.19078075379066567	-0.1477045582219504	0.0990995823074134	-0.3112150117631878	0.9999999999999977	-0.3128822468768969	0.16555667742017174	-0.1369935009187342	0.24587121343283377	-0.4528721127794082	0.19055158923330015	-0.13428109031362492	0.10978950000810025	-0.20686523331317272	0.2164806939802935	-0.11529976327166368	0.10699224797855875	-0.08317016716600137	0.09488902326930998	-0.08479510937803453	0.11627548214630315	-0.07663235461919841	0.07170332553225606
0.025770363655428515	-0.024786908853716316	0.14899088879969702	-0.11583760697635875	0.16430122345821951	-0.06588599664658075	0.05920114331650955	-0.2509846334713625	0.1504827430921764	-0.13250040873364163	0.13713193411068555	-0.1514341647604399	0.23482042690292543	-0.20377330367633137	0.15150477586251312	-0.19316026185051205	0.24163269738481485	-0.5064793695642708	0.2854746696084748	-0.18372057587073354	0.17029394953564825	-0.3128822468768969	0.9999999999999964	-0.5156194568098014	0.22684861821274757	-0.1804506102518827	0.2109643375628051	-0.3404865620887656	0.24862182404779481	-0.20447349648545468	0.18301118078031134	-0.19721517562637192	0.16225443376792684	-0.17128927359271642	0.1286401024327842	-0.09648663068315946	0.08488232326636351	-0.17128391756013253	0.11629584388937596	-0.11237287498232844
-0.023000515637516775	0.021968164254011432	-0.13903960016365183	0.10602255519404113	-0.16017807174508394	0.04978576202469825	-0.04525298153174997	0.18390348360414072	-0.14396760678392906	0.1249108039574247	-0.10631127152968603	0.11125072296842206	-0.18155835533311487	0.187900241192458	-0.15873235665157043	0.1393008453262459	-0.1785891704523548	0.26229434672831	-0.4553884356820406	0.1856740709675847	-0.12917734116150506	0.16555667742017174	-0.5156194568098014	0.9999999999999972	-0.346834861117318	0.13395255165873096	-0.16458631161024206	0.2743550329842759	-0.48479573546004506	0.2520964912273673	-0.15293932050288997	0.15288192256099878	-0.14771410685031114	0.1659407188817829	-0.13653634901856376	0.07744101544519791	-0.06928408583424774	0.14804434423517446	-0.11457710955130569	0.11080329593182969
0.02011324223152685	-0.0193194565217893	0.11518266936689125	-0.08964869408996347	0.13000238132521827	-0.04594782003695134	0.04115974195443374	-0.16511358512072527	0.11490895748856574	-0.10434530541714511	0.09418459298935021	-0.10083853067352877	0.14075033389955463	-0.15298202227816007	0.11926974479238216	-0.1379767337216102	0.14758645375953613	-0.18647303597566514	0.19995965483279848	-0.1484782905312977	0.12138954759395737	-0.1369935009187342	0.22684861821274757	-0.346834861117318	1.0000000000000002	-0.13981483187419788	0.16123165295054917	-0.3527106539588637	0.31675284134790954	-0.7068992922135943	0.16140571636179704	-0.1790702844552343	0.18494104579392348	-0.24071794100435986	0.20253441913597234	-0.09437635529303577	0.08338012006474745	-0.20848971975175165	0.1575334173193263	-0.18210423229773148
-0.01715194715463779	0.016389293300778644	-0.09541385779631968	0.07070039713287332	-0.10439200507008184	0.04180287170625169	-0.037991081795858805	0.1366448559959262	-0.08825242173161289	0.0768992667119915	-0.13859334118419256	0.13468999914328172	-0.12758686228352964	0.10721104473265157	-0.08284720641239758	0.27850982113056055	-0.2685064710076064	0.14472677818618063	-0.12955769520874358	0.09163448183210626	-0.5338949924988305	0.24587121343283377	-0.1804506102518827	0.13395255165873096	-0.13981483187419788	0.9999999999999969	-0.5060523360102334	0.18853551193915669	-0.12881078905162102	0.10737332095661306	-0.5030572453388565	0.27549698388546456	-0.12935515836390024	0.1138909841044498	-0.08985257844787442	0.1332500822140028	-0.11864727712685702	0.12935939633626903	-0.08377615661690635	0.07706601398838236
0.018411845937311423	-0.017644478647500298	0.1025563337878184	-0.07719258896660915	0.11247376478541497	-0.04558767495882875	0.041077881409174136	-0.1536408242960558	0.0967417839790804	-0.08496014611791865	0.13186260887811938	-0.14102592103363298	0.1380585003470891	-0.12078061510635545	0.0921302308478626	-0.26962452094219824	0.2822726750806321	-0.17011110202414725	0.1468165721804043	-0.10431338428350827	0.2623081593282666	-0.4528721127794082	0.2109643375628051	-0.16458631161024206	0.16123165295054917	-0.5060523360102334	0.9999999999999978	-0.294569365812545	0.1597156151845652	-0.13123168980462985	0.30205540980904305	-0.48380608145569765	0.171199643263382	-0.1426763865800865	0.10825371520445093	-0.16378748087418954	0.14483895264664	-0.1680545536735615	0.10405435725627148	-0.0945064605031186
-0.02468189059555055	0.02343550242115912	-0.14521704777227543	0.10598395709872516	-0.1638255855292488	0.049811847439856144	-0.04543993667493602	0.17568899606294214	-0.1352357321101189	0.1175697010257456	-0.1178182984653887	0.1198873877567479	-0.16841964711023247	0.16070993952299395	-0.13413944701202515	0.16977297709581546	-0.2137675367602074	0.2084647527196635	-0.23437038348473452	0.14631666704886795	-0.16883798905937583	0.19055158923330015	-0.3404865620887656	0.2743550329842759	-0.3527106539588637	0.18853551193915669	-0.294569365812545	0.9999999999999967	-0.49457555817482546	0.2598588131847455	-0.23931680804634584	0.23133183346483993	-0.421090338489522	0.23618290090845617	-0.20029090053433962	0.11683726842225498	-0.11030389964741891	0.2578198632252656	-0.18497006236183774	0.1569531082188833
0.01839878738517243	-0.01760169454372585	0.10756099959869081	-0.08225097638428876	0.12192312873240226	-0.04048001511925574	0.036541936361568716	-0.14646669359074752	0.10694021703243017	-0.09528631574649876	0.08690830372370734	-0.0917478657324205	0.13272465097741984	-0.1404650427032337	0.11103767986446224	-0.12427761716845427	0.14327651804043243	-0.1820767378780934	0.2104386379866099	-0.13411139115663712	0.1137705154058149	-0.13428109031362492	0.24862182404779481	-0.48479573546004506	0.31675284134790954	-0.12881078905162102	0.1597156151845652	-0.49457555817482546	0.9999999999999962	-0.5291852279697848	0.15130098045324353	-0.16095722958084796	0.19516681341859643	-0.25995519509144	0.1813948907226243	-0.08341500009868508	0.07547484502561373	-0.19352411982263315	0.1548446927748431	-0.1485295774919276
-0.01628633944767443	0.01554842612167806	-0.09526919011139774	0.07188928039915897	-0.1082022521425458	0.03462295207321307	-0.03132033274521135	0.1240371629343698	-0.09288573332939161	0.0823150649488765	-0.07463437649167151	0.07787328494783174	-0.1130081376871178	0.11707437748419386	-0.09634681264804376	0.10504761566621658	-0.12267039888876703	0.14578266173538393	-0.1742046924761662	0.11165103949225519	-0.09720825466387278	0.10978950000810025	-0.20447349648545468	0.2520964912273673	-0.7068992922135943	0.10737332095661306	-0.13123168980462985	0.2598588131847455	-0.5291852279697848	0.9999999999999956	-0.13212401866796666	0.1337408053262912	-0.15409399068737026	0.1994269265540177	-0.25164266198078683	0.0704740275627313	-0.06375202330617022	0.15625268983759807	-0.14169150181740867	0.1622759856194938
0.01946024258789805	-0.018692685826534963	0.10640390930400884	-0.08055826792084919	0.11625158388236968	-0.0487056351897423	0.043594573597077774	-0.16207329707951865	0.09973457208165369	-0.08820206527838471	0.133549604817001	-0.14413619418559265	0.13812405156855995	-0.12437453917218425	0.0937616957695727	-0.2790209994691785	0.21523016746886586	-0.15809079765266182	0.14316562441202024	-0.1061756933647764	0.24731774522770045	-0.20686523331317272	0.18301118078031134	-0.15293932050288997	0.16140571636179704	-0.5030572453388565	0.30205540980904305	-0.23931680804634584	0.15130098045324353	-0.13212401866796666	0.9999999999999961	-0.572484175643587	0.18999515907909342	-0.1671807032243471	0.12196206816157218	-0.30678758896743175	0.22088986750802572	-0.20692161998260722	0.12140485028787494	-0.11091210822839799
-0.019148125210935202	0.01823750052284743	-0.10840391849278501	0.07943731659395155	-0.11998719542202829	0.04216198283140708	-0.038291502635942186	0.14225129472523237	-0.09893123260528673	0.08642052701149762	-0.1155439400784107	0.11747384402739006	-0.13063114386959063	0.117723544388195	-0.09345387543440431	0.19989319166992378	-0.2483473007405665	0.1519686472304285	-0.14649347730399062	0.10227560591469827	-0.21420268101123302	0.2164806939802935	-0.19721517562637192	0.15288192256099878	-0.1790702844552343	0.27549698388546456	-0.48380608145569765	0.23133183346483993	-0.16095722958084796	0.1337408053262912	-0.572484175643587	0.9999999999999957	-0.26655448201988996	0.16249428256256634	-0.12988078902047862	0.25001702768269607	-0.3446546285984991	0.20685801703208354	-0.12846199807992725	0.109374221495635
0.014309733662426969	-0.013621382656480394	0.0826710729242535	-0.060892342655654914	0.09268376062154425	-0.029986973741555678	0.02721039967768033	-0.10456568042351097	0.07685197241488605	-0.06745510475308776	0.07133248764521428	-0.07340981755001422	0.0957744765598583	-0.09268230806160015	0.07509302672418457	-0.10991736549770316	0.1284875226831562	-0.11718132068415266	0.12410948655961641	-0.08337828256673496	0.1074600939201364	-0.11529976327166368	0.16225443376792684	-0.14771410685031114	0.18494104579392348	-0.12935515836390024	0.171199643263382	-0.421090338489522	0.19516681341859643	-0.15409399068737026	0.18999515907909342	-0.26655448201988996	0.9999999999999951	-0.356883267320218	0.1947846612165163	-0.1321117735981164	0.1305219373924045	-0.7105730381846589	0.2490607770905216	-0.18714200258870184
-0.01550918764774826	0.014740720577962791	-0.09031119204412448	0.06621626654908319	-0.10177006572484681	0.031332859097603104	-0.02848703893049545	0.10989607215904211	-0.08377895644517418	0.0734741651029514	-0.07180225581641338	0.07344721264048776	-0.10118970187541612	0.10020082309696392	-0.08254287753578037	0.10411914632116973	-0.12390870802514922	0.12285497976576296	-0.1383968610595099	0.09114489056667012	-0.10117159459194998	0.10699224797855875	-0.17128927359271642	0.1659407188817829	-0.24071794100435986	0.1138909841044498	-0.1426763865800865	0.23618290090845617	-0.25995519509144	0.1994269265540177	-0.1671807032243471	0.16249428256256634	-0.356883267320218	0.999999999999996	-0.47624629360830717	0.09140413070358372	-0.08875864754063595	0.2869770920218542	-0.6124772932046259	0.30431702658766896
0.01196306929609327	-0.01141452586437071	0.0688430676570579	-0.051437637946757826	0.07736788662438746	-0.025393044404785577	0.022939731457969112	-0.08933814026563563	0.06504325936960555	-0.05770866865359854	0.056191650989787255	-0.05848530298392701	0.07931627474572545	-0.08040392607370866	0.06440058431154108	-0.08324778230804811	0.09383223548801448	-0.09817279851157235	0.10636016541045756	-0.0733771651783431	0.07784942518801598	-0.08317016716600137	0.1286401024327842	-0.13653634901856376	0.20253441913597234	-0.08985257844787442	0.10825371520445093	-0.20029090053433962	0.1813948907226243	-0.25164266198078683	0.12196206816157218	-0.12988078902047862	0.1947846612165163	-0.47624629360830717	0.9999999999999953	-0.07549294037850968	0.06997267713179355	-0.24217166459002226	0.3097666226732596	-0.7271531675943026
-0.00970563260641067	0.009243283817382061	-0.054987434426992804	0.04028490156320448	-0.060954939364064695	0.021144429622266366	-0.019180957466691205	0.07149684632804501	-0.05010838755682047	0.0438422124800593	-0.056302026048837106	0.0575692482549698	-0.0649522413368696	0.059532718578734	-0.04737482758548371	0.09727931398963592	-0.11035689684631247	0.07511132779014648	-0.07391254537386785	0.05183754589028073	-0.10045510051259646	0.09488902326930998	-0.09648663068315946	0.07744101544519791	-0.09437635529303577	0.1332500822140028	-0.16378748087418954	0.11683726842225498	-0.08341500009868508	0.0704740275627313	-0.30678758896743175	0.25001702768269607	-0.1321117735981164	0.09140413070358372	-0.07549294037850968	0.9999999999999951	-0.8832932314681938	0.13885018489254292	-0.0803075668075405	0.06384497411991441
0.008414592919272743	-0.008021894660695505	0.04758929844247642	-0.035033911100419105	0.05273233123809354	-0.018601827573144908	0.016845610161521245	-0.06300977765608745	0.043639685362242865	-0.03824838757336924	0.04921798645417362	-0.05079416115373924	0.05688017334740956	-0.052291008322197144	0.041408335846946705	-0.0865283875315254	0.0947002881563204	-0.0663104610258995	0.06492030063674031	-0.045603962948479945	0.08644163377893185	-0.08479510937803453	0.08488232326636351	-0.06928408583424774	0.08338012006474745	-0.11864727712685702	0.14483895264664	-0.11030389964741891	0.07547484502561373	-0.06375202330617022	0.22088986750802572	-0.3446546285984991	0.1305219373924045	-0.08875864754063595	0.06997267713179355	-0.8832932314681938	0.9999999999999967	-0.1613434097995042	0.07794703480539505	-0.06142189710396952
-0.015724163561632497	0.01492866024125495	-0.0914097040167112	0.0664901188935434	-0.10269012413586287	0.031599762657784525	-0.02878034905122164	0.10989311161597998	-0.08366389173831579	0.07307590036209996	-0.07545020058469361	0.07667182146101856	-0.1020961985179504	0.0985215875982614	-0.08125254714327174	0.11258356119654973	-0.13547232467526962	0.12167251086429046	-0.1328639769575402	0.08843518772779353	-0.11231150732636712	0.11627548214630315	-0.17128391756013253	0.14804434423517446	-0.20848971975175165	0.12935939633626903	-0.1680545536735615	0.2578198632252656	-0.19352411982263315	0.15625268983759807	-0.20692161998260722	0.20685801703208354	-0.7105730381846589	0.2869770920218542	-0.24217166459002226	0.13885018489254292	-0.1613434097995042	0.9999999999999964	-0.4197452093870514	0.209512953853062
0.010701210675246608	-0.010187426986100005	0.06190118308766013	-0.04570096068045953	0.06957367616885568	-0.02216710092323771	0.020098687326049317	-0.07764700891268998	0.057704773006266794	-0.050828024050514134	0.05071252136825834	-0.05224271936137409	0.07039408075131852	-0.06987113354167758	0.05670260615852432	-0.07538116750983723	0.0874211633028054	-0.0859284714323481	0.09365847945191538	-0.0633472493930516	0.07245424323136176	-0.07663235461919841	0.11629584388937596	-0.11457710955130569	0.1575334173193263	-0.08377615661690635	0.10405435725627148	-0.18497006236183774	0.1548446927748431	-0.14169150181740867	0.12140485028787494	-0.12846199807992725	0.2490607770905216	-0.6124772932046259	0.3097666226732596	-0.0803075668075405	0.07794703480539505	-0.4197452093870514	0.9999999999999962	-0.5462897014857232
-0.010512617970023296	0.01000248087124192	-0.06091946762060878	0.044889048353361063	-0.06856984827589782	0.021499848901941152	-0.01950639463551955	0.07538329390429863	-0.05666911052685268	0.04991591734260267	-0.04861994622298353	0.04998345233977823	-0.06839408790325557	0.06832305811035647	-0.05579129954153188	0.07091458626697439	-0.08264769203310514	0.08307819814351484	-0.09192927399132521	0.06216534872011091	-0.06801437473684903	0.07170332553225606	-0.11237287498232844	0.11080329593182969	-0.18210423229773148	0.07706601398838236	-0.0945064605031186	0.1569531082188833	-0.1485295774919276	0.1622759856194938	-0.11091210822839799	0.109374221495635	-0.18714200258870184	0.30431702658766896	-0.7271531675943026	0.06384497411991441	-0.06142189710396952	0.209512953853062	-0.5462897014857232	0.9999999999999962
