0.9999999999999999	-0.3300731343927369	0.11862054235126743	-0.031017623319923554	0.027088627522872374	-0.8417764854597191	0.23532524746179193	-0.11869318262292297	0.039736706251804414	-0.0389564456874401	0.21412088666984694	-0.12546249257349423	0.06017786024015094	-0.05400189666993645	0.06072314669241677	-0.22516629953766143	0.0993718095768042	-0.07306283527208786	0.05283435053109126	-0.045541472707459604	0.10483434282256572	-0.10785842566315879	0.06618508679808495	-0.05236763998297957	0.045641254900593	-0.025948716061824233	0.025497056943922236	-0.05977336218705204	0.045544657980509586	-0.05512708211381614	0.011539193674458189	-0.012211206799141602	0.025680993848026527	-0.03550043022045763	0.03593066647645211	-0.015994187525923336	0.014000520576039387	-0.025631872085200978	0.02890823023162473	-0.037596380382843936
-0.3300731343927369	1.0000000000000002	-0.31410706082101125	0.04218294305002099	-0.03624161988622262	0.2237596559601972	-0.8219195110113449	0.23177286591883056	-0.052743958652897306	0.04952205484529835	-0.11093554678130915	0.1221085251497561	-0.06715820731911816	0.05768374433468038	-0.0544380103657091	0.10239002984941	-0.10439128718069206	0.06062006077254653	-0.047474733973449645	0.03954333253555098	-0.07510618222738359	0.0717525738865257	-0.052483780923964836	0.04398928418356737	-0.038753175067472584	0.01849779252223712	-0.018658991800754515	0.046007877673774775	-0.03657878141108965	0.04361146473806994	-0.008789509248163335	0.009280465506331707	-0.020135827665416297	0.0278401310113325	-0.028478553513989705	0.01230271777828784	-0.010804585773172955	0.019918278843701308	-0.022731784775278444	0.029220453313124336
0.11862054235126743	-0.31410706082101125	0.9999999999999996	-0.09972541775248758	0.07777529841821434	-0.11678056320081015	0.23734536709340903	-0.8863738767664605	0.11501357651054939	-0.10940881747210972	0.06958869715833137	-0.08413788780207444	0.10845711227287762	-0.09917289444181922	0.0687616410441048	-0.06794229678712983	0.06886277118455914	-0.07151787124225464	0.06116412500443141	-0.051621851244730885	0.05587920667411984	-0.05525727298802746	0.05472331947563224	-0.05541532686920911	0.04741905707778795	-0.016360975535594856	0.016393133618738617	-0.052097436165092874	0.04257524178826208	-0.052681291747953954	0.009474578917733031	-0.010082407210947152	0.023311682275261498	-0.032758858906254254	0.03343239972201274	-0.014126509004779839	0.012308035593544774	-0.02327428678786564	0.026492381413928817	-0.0347552555258185
-0.031017623319923554	0.04218294305002099	-0.09972541775248758	0.9999999999999987	-0.8299743998281525	0.028423329168864666	-0.04728247378569045	0.09254631820996315	-0.4380772990107541	0.29662326426521163	-0.03256291634405293	0.04573319043018654	-0.11809533527038625	0.11111473395953926	-0.09382709742565383	0.029943539525436238	-0.04088854080539585	0.06617287962675912	-0.0671664236762614	0.06171069753246871	-0.03592806237229897	0.03477448222247974	-0.0499276869200468	0.057150319114038	-0.052319315298135126	0.012591575108497916	-0.012670843934906185	0.04912035569341936	-0.0424964087430806	0.054017931578611685	-0.00889588318095834	0.00949893215243646	-0.023123327318548693	0.03274200646527967	-0.03381132892163133	0.0138527303468974	-0.012035785139879282	0.023119572741277232	-0.02650886137655837	0.03501623783098397
0.027088627522872374	-0.03624161988622262	0.07777529841821434	-0.8299743998281525	0.9999999999999989	-0.02515173358092727	0.03993493695991661	-0.07945422577394957	0.28900372602580937	-0.4580692108134864	0.029198088574694664	-0.04107622687938112	0.09482347979146397	-0.09506960745235173	0.091330314145105	-0.02720475179134918	0.036236284303342386	-0.06254453051865437	0.06044166929060897	-0.06227882512718492	0.03259546095001088	-0.03198844826459416	0.04664838846152887	-0.05448338116734404	0.04998438258771492	-0.011918398949930013	0.011936459252075371	-0.04778401947097442	0.040908595320342245	-0.053839526987342304	0.008702045991755872	-0.009320864280843678	0.022668081259079962	-0.032308817320408086	0.033153574870339896	-0.013734174971135372	0.011876191755378452	-0.022897857073048082	0.026036218884710433	-0.03500119525948545
-0.8417764854597191	0.2237596559601972	-0.11678056320081015	0.028423329168864666	-0.02515173358092727	0.9999999999999981	-0.2787131573747818	0.10684405236775558	-0.03664768850507875	0.03541979870478067	-0.3186378885017908	0.11344074570212626	-0.05576541825793849	0.048966906605779584	-0.0564101886592156	0.2016839607369783	-0.09702817223058348	0.0656494872013596	-0.04824607276740413	0.04128418217949715	-0.10241094180707182	0.0966817999359656	-0.060549880510751955	0.04709670693849951	-0.04156410040762778	0.024082615226558954	-0.023939770786837875	0.05328382106421525	-0.04103252279376556	0.04900955016194463	-0.010460864618340145	0.011033635337855693	-0.023015775291605502	0.031664931621056415	-0.032221326789218394	0.014281558578285777	-0.01254693146339405	0.02284043987478461	-0.025897420116680666	0.03334973503452704
0.23532524746179193	-0.8219195110113449	0.23734536709340903	-0.04728247378569045	0.03993493695991661	-0.2787131573747818	0.9999999999999982	-0.3093802171462686	0.06073011818145804	-0.058192841173651165	0.12288316453824703	-0.1690671889639004	0.07839896958109492	-0.06884180718936432	0.062448365258544525	-0.12310966325328328	0.11938882159253326	-0.0718351971160354	0.055408535264806026	-0.04618840608575041	0.0858086325327631	-0.0857275423776728	0.061296415602875125	-0.05175598822269803	0.04508944841785159	-0.021483572385559105	0.02155056776180289	-0.05431117055315285	0.04286951925857513	-0.05137815972081108	0.010265302747718568	-0.01085513829919957	0.023615835950976674	-0.03273377652390633	0.03337264128875229	-0.014449998575678347	0.012670723560398335	-0.0234185026485964	0.026650139749990275	-0.03440843051095335
-0.11869318262292297	0.23177286591883056	-0.8863738767664605	0.09254631820996315	-0.07945422577394957	0.10684405236775558	-0.3093802171462686	0.9999999999999972	-0.13468702674436556	0.10742552091429927	-0.0703208229891263	0.08704622510065166	-0.12973094729094814	0.10256587655456688	-0.07165901036435608	0.06553930699805721	-0.07430575144530327	0.07200252637728488	-0.06346642221144436	0.05218409003888767	-0.057828659361623895	0.05575790398509452	-0.05586916496385636	0.05591512709412629	-0.04842600407029673	0.016567224197302895	-0.016697856595827187	0.05196385987348045	-0.04291451729179486	0.05235849247172193	-0.009492523171139407	0.010081065745848071	-0.02331630209714836	0.03264874732801102	-0.03348726805218646	0.014048843619001791	-0.012273592582589875	0.023154660079987607	-0.02649291317315623	0.03444758651862216
0.039736706251804414	-0.052743958652897306	0.11501357651054939	-0.4380772990107541	0.28900372602580937	-0.03664768850507875	0.06073011818145804	-0.13468702674436556	0.9999999999999966	-0.7796239975378693	0.043980381088658156	-0.0658543290448746	0.17705480515178662	-0.2321559284320257	0.1360064676560163	-0.040859851952353705	0.057796002056506604	-0.10215399973714678	0.10457792182492244	-0.09650795031815065	0.050346160683990164	-0.0495096312460719	0.07362774770854824	-0.08898497707815865	0.07775673907654541	-0.018180019372519802	0.01823202354434019	-0.07396174291857423	0.06360237790017965	-0.08180536484001902	0.013052856638186458	-0.013977446725404973	0.034305047934422545	-0.04897097687768505	0.05018298504327187	-0.020549774102207357	0.01780663098704177	-0.03444946586582791	0.03928370178255386	-0.052394536905577195
-0.0389564456874401	0.04952205484529835	-0.10940881747210972	0.29662326426521163	-0.4580692108134864	0.03541979870478067	-0.058192841173651165	0.10742552091429927	-0.7796239975378693	0.9999999999999963	-0.04384474188162656	0.06355993588854043	-0.17780737155420676	0.16641005026191627	-0.16711826004353048	0.040187882100277635	-0.057225135596630394	0.09674016872318471	-0.10043914260906407	0.09833736339851873	-0.05015872681602198	0.048624276039931726	-0.07239052984357759	0.08493570655783685	-0.07901921368500255	0.017919949173304906	-0.01801944272896903	0.07187314886576325	-0.06254205002150491	0.08042795161885331	-0.01291485986297864	0.013809392080950002	-0.03387498861338674	0.04817310941296974	-0.04972851079555593	0.02026640572785935	-0.017587205602068032	0.033932553068482696	-0.03886514924250435	0.05159811979780374
0.21412088666984694	-0.11093554678130915	0.06958869715833137	-0.03256291634405293	0.029198088574694664	-0.3186378885017908	0.12288316453824703	-0.0703208229891263	0.043980381088658156	-0.04384474188162656	0.9999999999999943	-0.21530511192839336	0.08365439398346006	-0.07574712867211664	0.09315951358250131	-0.8132023653789319	0.172740302164876	-0.12353338194234191	0.08393557617515299	-0.07131929414241993	0.22756195337631438	-0.23253782034539475	0.11736826778784079	-0.085456862183504	0.07320228628178958	-0.05121862665115446	0.049388599631724546	-0.1037751776393464	0.07617489427356643	-0.0906431707586611	0.019910715631601357	-0.02104727965939224	0.042568266606442445	-0.05868766481620058	0.058936188568035286	-0.026656167046026687	0.02340091976517282	-0.04238807047490082	0.04754872862123071	-0.06150177510024357
-0.12546249257349423	0.1221085251497561	-0.08413788780207444	0.04573319043018654	-0.04107622687938112	0.11344074570212626	-0.1690671889639004	0.08704622510065166	-0.0658543290448746	0.06355993588854043	-0.21530511192839336	0.9999999999999938	-0.18920867991198795	0.13526004320992568	-0.1322282821635083	0.18323329603784902	-0.8286741889035962	0.17153109678904468	-0.12789282292422183	0.093812051598837	-0.27006429880637023	0.24177357490314663	-0.15796448097123567	0.10996033298962796	-0.09749199442314291	0.05489570568433279	-0.05729152986600116	0.11735533084150888	-0.09376053698638323	0.10273286493785316	-0.02241331526737304	0.023418421135047503	-0.04904282619935366	0.06671916242363213	-0.06881572661591301	0.029321780106876437	-0.026132651934257112	0.04728170712091963	-0.05479487779969351	0.06749547098957218
0.06017786024015094	-0.06715820731911816	0.10845711227287762	-0.11809533527038625	0.09482347979146397	-0.05576541825793849	0.07839896958109492	-0.12973094729094814	0.17705480515178662	-0.17780737155420676	0.08365439398346006	-0.18920867991198795	0.9999999999999951	-0.8226202070941806	0.185334373787333	-0.07830246761383738	0.14115572700514	-0.2755661982560792	0.24345909042471997	-0.16158134160499849	0.10557521072325367	-0.10686199446864042	0.16219802108908316	-0.20034412288100098	0.14661449894547932	-0.03659029106558099	0.03673356378583457	-0.15433318250506572	0.12839450332239946	-0.15199329819734086	0.024235742841792293	-0.025923232383662172	0.06465945307696624	-0.09230137230977177	0.09344129282824162	-0.037538744127989014	0.03274488792709222	-0.06375816850848576	0.07300752835477028	-0.09463992584376321
-0.05400189666993645	0.05768374433468038	-0.09917289444181922	0.11111473395953926	-0.09506960745235173	0.048966906605779584	-0.06884180718936432	0.10256587655456688	-0.2321559284320257	0.16641005026191627	-0.07574712867211664	0.13526004320992568	-0.8226202070941806	0.9999999999999961	-0.20189555572964032	0.06855588972500441	-0.12315824332138361	0.21521843229355397	-0.3375275500860589	0.1533308139147081	-0.09567148244859526	0.09230556889170663	-0.1486029687244752	0.18474562876735065	-0.14570020320777027	0.032082190581817625	-0.032532205905211505	0.13183154493444607	-0.11827590419789402	0.13278105229598544	-0.02136575559149352	0.02275331672229388	-0.05744548280752852	0.0811577404257143	-0.08384962946069008	0.03273538752577843	-0.028752613053885757	0.05574215254634356	-0.06502617938750285	0.08217217909683493
0.06072314669241677	-0.0544380103657091	0.0687616410441048	-0.09382709742565383	0.091330314145105	-0.0564101886592156	0.062448365258544525	-0.07165901036435608	0.1360064676560163	-0.16711826004353048	0.09315951358250131	-0.1322282821635083	0.185334373787333	-0.20189555572964032	0.9999999999999936	-0.08972187967818028	0.11620821360327135	-0.3042176936322258	0.25942944178614685	-0.6416360115615161	0.12173476657240243	-0.12575813684578882	0.2208520835053497	-0.3001297054040591	0.3077836610253562	-0.05712677380027313	0.056214679479827195	-0.26937871083523146	0.22882569759008514	-0.3548415827086468	0.049452768449626594	-0.05366325296623014	0.1329470370127302	-0.1960091198574018	0.19824891045567508	-0.08294343912009636	0.07052513604056965	-0.13924265768642574	0.15424054334575726	-0.22198138652468738
-0.22516629953766143	0.10239002984941	-0.06794229678712983	0.029943539525436238	-0.02720475179134918	0.2016839607369783	-0.12310966325328328	0.06553930699805721	-0.040859851952353705	0.040187882100277635	-0.8132023653789319	0.18323329603784902	-0.07830246761383738	0.06855588972500441	-0.08972187967818028	0.9999999999999915	-0.19756550933679468	0.11219912557592998	-0.07847537971722424	0.06550193042335949	-0.3597790245951668	0.22116379356949833	-0.11528106739772198	0.07754429704694944	-0.06817549868961685	0.05551773969038622	-0.05555120122658212	0.09340722221463581	-0.07009816543929445	0.08029756692901398	-0.019190714902742094	0.020070360256133863	-0.03868343854516462	0.05257792731950272	-0.053420152334002845	0.02416465010453638	-0.02145561130579233	0.037960141482386606	-0.043072206955670836	0.05431889673453432
0.0993718095768042	-0.10439128718069206	0.06886277118455914	-0.04088854080539585	0.036236284303342386	-0.09702817223058348	0.11938882159253326	-0.07430575144530327	0.057796002056506604	-0.057225135596630394	0.172740302164876	-0.8286741889035962	0.14115572700514	-0.12315824332138361	0.11620821360327135	-0.19756550933679468	0.9999999999999933	-0.19793423913511643	0.11969827742601741	-0.0877636644741625	0.23657474637807752	-0.3571699586652124	0.15696872185995134	-0.10701905893661216	0.09028469147147021	-0.05128968131969399	0.05190945481988649	-0.11875570768152023	0.09011429936233681	-0.0995274399599059	0.020798900045139096	-0.021882580863920913	0.04665275114601742	-0.06412750790801776	0.06512934523709137	-0.027809142726396646	0.0246602468204184	-0.04524023313691108	0.05186233553477505	-0.06465764907467014
-0.07306283527208786	0.06062006077254653	-0.07151787124225464	0.06617287962675912	-0.06254453051865437	0.0656494872013596	-0.0718351971160354	0.07200252637728488	-0.10215399973714678	0.09674016872318471	-0.12353338194234191	0.17153109678904468	-0.2755661982560792	0.21521843229355397	-0.3042176936322258	0.11219912557592998	-0.19793423913511643	0.9999999999999931	-0.5141072851875274	0.21758918471641536	-0.1878001471781144	0.18454383057412213	-0.5669316050796497	0.279182281650429	-0.24461755321331188	0.059537360244365775	-0.061378984326483754	0.2636496875332261	-0.23328840170253137	0.21470204274303004	-0.037197575477858555	0.03924870220512686	-0.10336242526987773	0.1401408736406787	-0.1469672396741179	0.05486503366329003	-0.0491733970232436	0.09500757114567146	-0.11476313431336577	0.13335335588014474
0.05283435053109126	-0.047474733973449645	0.06116412500443141	-0.0671664236762614	0.06044166929060897	-0.04824607276740413	0.055408535264806026	-0.06346642221144436	0.10457792182492244	-0.10043914260906407	0.08393557617515299	-0.12789282292422183	0.24345909042471997	-0.3375275500860589	0.25942944178614685	-0.07847537971722424	0.11969827742601741	-0.5141072851875274	0.9999999999999929	-0.3217727003536797	0.11747395465131535	-0.12068026080079942	0.2529559530243648	-0.5744218877462727	0.26945653744081116	-0.04632720374466065	0.04659557619754381	-0.23744822934911433	0.21552257738857705	-0.2284849725741019	0.032680078136052906	-0.034967332096655014	0.09338135177754013	-0.13557673470899134	0.13669354129084224	-0.051007514421305605	0.04491745284194254	-0.08942416288032765	0.10439145204104844	-0.13011062786790978
-0.045541472707459604	0.03954333253555098	-0.051621851244730885	0.06171069753246871	-0.06227882512718492	0.04128418217949715	-0.04618840608575041	0.05218409003888767	-0.09650795031815065	0.09833736339851873	-0.07131929414241993	0.093812051598837	-0.16158134160499849	0.1533308139147081	-0.6416360115615161	0.06550193042335949	-0.0877636644741625	0.21758918471641536	-0.3217727003536797	0.9999999999999941	-0.09508026429890218	0.09316353648862043	-0.1816833024804268	0.2721211574055106	-0.5854848790029878	0.03939223277332269	-0.03973379360773104	0.18188376556364302	-0.18306102990324907	0.2413037633375184	-0.0322681635333486	0.03446889202525617	-0.09096495780892587	0.13002906666505096	-0.1458170327714027	0.051411960996228016	-0.04511318285011539	0.08855886719339195	-0.10528113408381687	0.13507237368956354
0.10483434282256572	-0.07510618222738359	0.05587920667411984	-0.03592806237229897	0.03259546095001088	-0.10241094180707182	0.0858086325327631	-0.057828659361623895	0.050346160683990164	-0.05015872681602198	0.22756195337631438	-0.27006429880637023	0.10557521072325367	-0.09567148244859526	0.12173476657240243	-0.3597790245951668	0.23657474637807752	-0.1878001471781144	0.11747395465131535	-0.09508026429890218	0.9999999999999927	-0.7705913253129324	0.2011603531962833	-0.12228024180573106	0.10036644877577193	-0.12931697288748253	0.11218447667627973	-0.16467146325740084	0.11105307933088156	-0.12442081314790894	0.03133914347891145	-0.032951457475461146	0.05905670566634289	-0.08085109254883607	0.08001376188679477	-0.037082166630896654	0.03306230812935206	-0.057887248666981514	0.06446824162816728	-0.08120837875914602
-0.10785842566315879	0.0717525738865257	-0.05525727298802746	0.03477448222247974	-0.03198844826459416	0.0966817999359656	-0.0857275423776728	0.05575790398509452	-0.0495096312460719	0.048624276039931726	-0.23253782034539475	0.24177357490314663	-0.10686199446864042	0.09230556889170663	-0.12575813684578882	0.22116379356949833	-0.3571699586652124	0.18454383057412213	-0.12068026080079942	0.09316353648862043	-0.7705913253129324	0.99999999999999	-0.2877355827161749	0.11925924978203464	-0.10102098119306212	0.0978346840992807	-0.10330138350853256	0.15906737326191625	-0.11207020104400973	0.11617679538604049	-0.029143160835555897	0.03032894463351639	-0.05692989583324213	0.07669057633359853	-0.07722313506799094	0.03445639877307333	-0.030999954948680707	0.05443778017480499	-0.06197516857749771	0.07554714110807251
0.06618508679808495	-0.052483780923964836	0.05472331947563224	-0.0499276869200468	0.04664838846152887	-0.060549880510751955	0.061296415602875125	-0.05586916496385636	0.07362774770854824	-0.07239052984357759	0.11736826778784079	-0.15796448097123567	0.16219802108908316	-0.1486029687244752	0.2208520835053497	-0.11528106739772198	0.15696872185995134	-0.5669316050796497	0.2529559530243648	-0.1816833024804268	0.2011603531962833	-0.2877355827161749	0.9999999999999911	-0.29270434714816274	0.20319928274494198	-0.07461334245242718	0.07445960406944083	-0.5475396801681889	0.2603585667998102	-0.25109532525816664	0.04064894760795769	-0.043584747043598535	0.11521352206916034	-0.1614812781813045	0.15419687477100116	-0.06090829032365915	0.05390311749879972	-0.10841842890634576	0.12160622384119912	-0.14780500402767244
-0.05236763998297957	0.04398928418356737	-0.05541532686920911	0.057150319114038	-0.05448338116734404	0.04709670693849951	-0.05175598822269803	0.05591512709412629	-0.08898497707815865	0.08493570655783685	-0.085456862183504	0.10996033298962796	-0.20034412288100098	0.18474562876735065	-0.3001297054040591	0.07754429704694944	-0.10701905893661216	0.279182281650429	-0.5744218877462727	0.2721211574055106	-0.12228024180573106	0.11925924978203464	-0.29270434714816274	0.9999999999999908	-0.5057480025001581	0.048077333514143596	-0.04921702858585469	0.24895307889792317	-0.36385418562303523	0.26411107008846246	-0.036216468213623884	0.038517730936251056	-0.11030330497943124	0.15906566074090628	-0.16613964263550768	0.05600018606386366	-0.050110822642142325	0.10035387500048679	-0.1233693637950104	0.14334333838533203
0.045641254900593	-0.038753175067472584	0.04741905707778795	-0.052319315298135126	0.04998438258771492	-0.04156410040762778	0.04508944841785159	-0.04842600407029673	0.07775673907654541	-0.07901921368500255	0.07320228628178958	-0.09749199442314291	0.14661449894547932	-0.14570020320777027	0.3077836610253562	-0.06817549868961685	0.09028469147147021	-0.24461755321331188	0.26945653744081116	-0.5854848790029878	0.10036644877577193	-0.10102098119306212	0.20319928274494198	-0.5057480025001581	0.9999999999999928	-0.044813898447209614	0.0449307944231109	-0.2318333610681473	0.24041542469133678	-0.4214198742055416	0.037725373941174846	-0.04062869427492563	0.11078663812704072	-0.16756188577615397	0.1834045744805919	-0.06147817432046404	0.053691725626885914	-0.10902707408724467	0.12792061753011919	-0.17058955172143753
-0.025948716061824233	0.01849779252223712	-0.016360975535594856	0.012591575108497916	-0.011918398949930013	0.024082615226558954	-0.021483572385559105	0.016567224197302895	-0.018180019372519802	0.017919949173304906	-0.05121862665115446	0.05489570568433279	-0.03659029106558099	0.032082190581817625	-0.05712677380027313	0.05551773969038622	-0.05128968131969399	0.059537360244365775	-0.04632720374466065	0.03939223277332269	-0.12931697288748253	0.0978346840992807	-0.07461334245242718	0.048077333514143596	-0.044813898447209614	0.9999999999999917	-0.9702341367896246	0.08552866293885301	-0.05976095519950195	0.054221192590570406	-0.08754080604188343	0.08626889528085561	-0.040306078942071964	0.043154150706246876	-0.04212600040995602	0.04312018894164329	-0.04405067270322649	0.03806860770168971	-0.03805507679563801	0.03990410240257512
0.025497056943922236	-0.018658991800754515	0.016393133618738617	-0.012670843934906185	0.011936459252075371	-0.023939770786837875	0.02155056776180289	-0.016697856595827187	0.01823202354434019	-0.01801944272896903	0.049388599631724546	-0.05729152986600116	0.03673356378583457	-0.032532205905211505	0.056214679479827195	-0.05555120122658212	0.05190945481988649	-0.061378984326483754	0.04659557619754381	-0.03973379360773104	0.11218447667627973	-0.10330138350853256	0.07445960406944083	-0.04921702858585469	0.0449307944231109	-0.9702341367896246	0.9999999999999926	-0.09521735714375978	0.060661781889485365	-0.056182879019006156	0.0829216867000967	-0.09633089275949988	0.04059018643524427	-0.04423871232100244	0.042524338082889995	-0.04370857826939304	0.04360734624131047	-0.03883276073547297	0.038268061430766	-0.040861037473459635
-0.05977336218705204	0.046007877673774775	-0.052097436165092874	0.04912035569341936	-0.04778401947097442	0.05328382106421525	-0.05431117055315285	0.05196385987348045	-0.07396174291857423	0.07187314886576325	-0.1037751776393464	0.11735533084150888	-0.15433318250506572	0.13183154493444607	-0.26937871083523146	0.09340722221463581	-0.11875570768152023	0.2636496875332261	-0.23744822934911433	0.18188376556364302	-0.16467146325740084	0.15906737326191625	-0.5475396801681889	0.24895307889792317	-0.2318333610681473	0.08552866293885301	-0.09521735714375978	0.9999999999999927	-0.5940025052351179	0.2698297241015658	-0.049322827591846266	0.05217501200178815	-0.16878724675763668	0.20463945870724096	-0.20083434306309092	0.07125805762186972	-0.06562225773044711	0.13320683802662492	-0.16006940312002954	0.1644843717211876
0.045544657980509586	-0.03657878141108965	0.04257524178826208	-0.0424964087430806	0.040908595320342245	-0.04103252279376556	0.04286951925857513	-0.04291451729179486	0.06360237790017965	-0.06254205002150491	0.07617489427356643	-0.09376053698638323	0.12839450332239946	-0.11827590419789402	0.22882569759008514	-0.07009816543929445	0.09011429936233681	-0.23328840170253137	0.21552257738857705	-0.18306102990324907	0.11105307933088156	-0.11207020104400973	0.2603585667998102	-0.36385418562303523	0.24041542469133678	-0.05976095519950195	0.060661781889485365	-0.5940025052351179	0.9999999999999931	-0.493051129369524	0.04705920804013135	-0.050761178873520524	0.16824717774516978	-0.3272364023710121	0.23562544990251474	-0.07473044090322667	0.06736495665964942	-0.1472832985814642	0.1766902067018602	-0.1952095971658234
-0.05512708211381614	0.04361146473806994	-0.052681291747953954	0.054017931578611685	-0.053839526987342304	0.04900955016194463	-0.05137815972081108	0.05235849247172193	-0.08180536484001902	0.08042795161885331	-0.0906431707586611	0.10273286493785316	-0.15199329819734086	0.13278105229598544	-0.3548415827086468	0.08029756692901398	-0.0995274399599059	0.21470204274303004	-0.2284849725741019	0.2413037633375184	-0.12442081314790894	0.11617679538604049	-0.25109532525816664	0.26411107008846246	-0.4214198742055416	0.054221192590570406	-0.056182879019006156	0.2698297241015658	-0.493051129369524	0.9999999999999943	-0.05199330131098519	0.05501993398100069	-0.17164699366688035	0.25131125729010884	-0.46536567826221326	0.08178343406476543	-0.07460114936763942	0.1524375272840949	-0.20693882820477544	0.24090425204732638
0.011539193674458189	-0.008789509248163335	0.009474578917733031	-0.00889588318095834	0.008702045991755872	-0.010460864618340145	0.010265302747718568	-0.009492523171139407	0.013052856638186458	-0.01291485986297864	0.019910715631601357	-0.02241331526737304	0.024235742841792293	-0.02136575559149352	0.049452768449626594	-0.019190714902742094	0.020798900045139096	-0.037197575477858555	0.032680078136052906	-0.0322681635333486	0.03133914347891145	-0.029143160835555897	0.04064894760795769	-0.036216468213623884	0.037725373941174846	-0.08754080604188343	0.0829216867000967	-0.049322827591846266	0.04705920804013135	-0.05199330131098519	0.9999999999999925	-0.8941127171714904	0.11031753466066774	-0.07634655225856372	0.0631755259261985	-0.3405347077731211	0.23839364784853684	-0.11686109397621507	0.07947849291750542	-0.06611094091586639
-0.012211206799141602	0.009280465506331707	-0.010082407210947152	0.00949893215243646	-0.009320864280843678	0.011033635337855693	-0.01085513829919957	0.010081065745848071	-0.013977446725404973	0.013809392080950002	-0.02104727965939224	0.023418421135047503	-0.025923232383662172	0.02275331672229388	-0.05366325296623014	0.020070360256133863	-0.021882580863920913	0.03924870220512686	-0.034967332096655014	0.03446889202525617	-0.032951457475461146	0.03032894463351639	-0.043584747043598535	0.038517730936251056	-0.04062869427492563	0.08626889528085561	-0.09633089275949988	0.05217501200178815	-0.050761178873520524	0.05501993398100069	-0.8941127171714904	0.9999999999999933	-0.13343816585511104	0.08188465824913381	-0.0694312768886206	0.24725860197979233	-0.3157305658662781	0.12492002070635985	-0.0886144505881692	0.06947791039882473
0.025680993848026527	-0.020135827665416297	0.023311682275261498	-0.023123327318548693	0.022668081259079962	-0.023015775291605502	0.023615835950976674	-0.02331630209714836	0.034305047934422545	-0.03387498861338674	0.042568266606442445	-0.04904282619935366	0.06465945307696624	-0.05744548280752852	0.1329470370127302	-0.03868343854516462	0.04665275114601742	-0.10336242526987773	0.09338135177754013	-0.09096495780892587	0.05905670566634289	-0.05692989583324213	0.11521352206916034	-0.11030330497943124	0.11078663812704072	-0.040306078942071964	0.04059018643524427	-0.16878724675763668	0.16824717774516978	-0.17164699366688035	0.11031753466066774	-0.13343816585511104	0.9999999999999931	-0.5051109753214669	0.22389208235256963	-0.20286481165833264	0.1829140837765906	-0.7079593172535587	0.28560417508855573	-0.24610046245213896
-0.03550043022045763	0.0278401310113325	-0.032758858906254254	0.03274200646527967	-0.032308817320408086	0.031664931621056415	-0.03273377652390633	0.03264874732801102	-0.04897097687768505	0.04817310941296974	-0.05868766481620058	0.06671916242363213	-0.09230137230977177	0.0811577404257143	-0.1960091198574018	0.05257792731950272	-0.06412750790801776	0.1401408736406787	-0.13557673470899134	0.13002906666505096	-0.08085109254883607	0.07669057633359853	-0.1614812781813045	0.15906566074090628	-0.16756188577615397	0.043154150706246876	-0.04423871232100244	0.20463945870724096	-0.3272364023710121	0.25131125729010884	-0.07634655225856372	0.08188465824913381	-0.5051109753214669	0.9999999999999938	-0.48448411286845494	0.12303024198392458	-0.11896878878412452	0.2856555563586115	-0.4711002409012878	0.29723004816251036
0.03593066647645211	-0.028478553513989705	0.03343239972201274	-0.03381132892163133	0.033153574870339896	-0.032221326789218394	0.03337264128875229	-0.03348726805218646	0.05018298504327187	-0.04972851079555593	0.058936188568035286	-0.06881572661591301	0.09344129282824162	-0.08384962946069008	0.19824891045567508	-0.053420152334002845	0.06512934523709137	-0.1469672396741179	0.13669354129084224	-0.1458170327714027	0.08001376188679477	-0.07722313506799094	0.15419687477100116	-0.16613964263550768	0.1834045744805919	-0.04212600040995602	0.042524338082889995	-0.20083434306309092	0.23562544990251474	-0.46536567826221326	0.0631755259261985	-0.0694312768886206	0.22389208235256963	-0.48448411286845494	0.9999999999999926	-0.11363226794656661	0.09958254489754359	-0.23259054981920793	0.2935928017226309	-0.5861057219025223
-0.015994187525923336	0.01230271777828784	-0.014126509004779839	0.0138527303468974	-0.013734174971135372	0.014281558578285777	-0.014449998575678347	0.014048843619001791	-0.020549774102207357	0.02026640572785935	-0.026656167046026687	0.029321780106876437	-0.037538744127989014	0.03273538752577843	-0.08294343912009636	0.02416465010453638	-0.027809142726396646	0.05486503366329003	-0.051007514421305605	0.051411960996228016	-0.037082166630896654	0.03445639877307333	-0.06090829032365915	0.05600018606386366	-0.06147817432046404	0.04312018894164329	-0.04370857826939304	0.07125805762186972	-0.07473044090322667	0.08178343406476543	-0.3405347077731211	0.24725860197979233	-0.20286481165833264	0.12303024198392458	-0.11363226794656661	0.9999999999999929	-0.8449750917248146	0.20952716084761022	-0.15711657699110412	0.10815542287149994
0.014000520576039387	-0.010804585773172955	0.012308035593544774	-0.012035785139879282	0.011876191755378452	-0.01254693146339405	0.012670723560398335	-0.012273592582589875	0.01780663098704177	-0.017587205602068032	0.02340091976517282	-0.026132651934257112	0.03274488792709222	-0.028752613053885757	0.07052513604056965	-0.02145561130579233	0.0246602468204184	-0.0491733970232436	0.04491745284194254	-0.04511318285011539	0.03306230812935206	-0.030999954948680707	0.05390311749879972	-0.050110822642142325	0.053691725626885914	-0.04405067270322649	0.04360734624131047	-0.06562225773044711	0.06736495665964942	-0.07460114936763942	0.23839364784853684	-0.3157305658662781	0.1829140837765906	-0.11896878878412452	0.09958254489754359	-0.8449750917248146	0.9999999999999929	-0.2927991034031024	0.14103584023940186	-0.1047323506336414
-0.025631872085200978	0.019918278843701308	-0.02327428678786564	0.023119572741277232	-0.022897857073048082	0.02284043987478461	-0.0234185026485964	0.023154660079987607	-0.03444946586582791	0.033932553068482696	-0.04238807047490082	0.04728170712091963	-0.06375816850848576	0.05574215254634356	-0.13924265768642574	0.037960141482386606	-0.04524023313691108	0.09500757114567146	-0.08942416288032765	0.08855886719339195	-0.057887248666981514	0.05443778017480499	-0.10841842890634576	0.10035387500048679	-0.10902707408724467	0.03806860770168971	-0.03883276073547297	0.13320683802662492	-0.1472832985814642	0.1524375272840949	-0.11686109397621507	0.12492002070635985	-0.7079593172535587	0.2856555563586115	-0.23259054981920793	0.20952716084761022	-0.2927991034031024	0.9999999999999932	-0.455915760032951	0.23117660564791528
0.02890823023162473	-0.022731784775278444	0.026492381413928817	-0.02650886137655837	0.026036218884710433	-0.025897420116680666	0.026650139749990275	-0.02649291317315623	0.03928370178255386	-0.03886514924250435	0.04754872862123071	-0.05479487779969351	0.07300752835477028	-0.06502617938750285	0.15424054334575726	-0.043072206955670836	0.05186233553477505	-0.11476313431336577	0.10439145204104844	-0.10528113408381687	0.06446824162816728	-0.06197516857749771	0.12160622384119912	-0.1233693637950104	0.12792061753011919	-0.03805507679563801	0.038268061430766	-0.16006940312002954	0.1766902067018602	-0.20693882820477544	0.07947849291750542	-0.0886144505881692	0.28560417508855573	-0.4711002409012878	0.2935928017226309	-0.15711657699110412	0.14103584023940186	-0.455915760032951	0.9999999999999936	-0.6204973883429123
-0.037596380382843936	0.029220453313124336	-0.0347552555258185	0.03501623783098397	-0.03500119525948545	0.03334973503452704	-0.03440843051095335	0.03444758651862216	-0.052394536905577195	0.05159811979780374	-0.06150177510024357	0.06749547098957218	-0.09463992584376321	0.08217217909683493	-0.22198138652468738	0.05431889673453432	-0.06465764907467014	0.13335335588014474	-0.13011062786790978	0.13507237368956354	-0.08120837875914602	0.07554714110807251	-0.14780500402767244	0.14334333838533203	-0.17058955172143753	0.03990410240257512	-0.040861037473459635	0.1644843717211876	-0.1952095971658234	0.24090425204732638	-0.06611094091586639	0.06947791039882473	-0.24610046245213896	0.29723004816251036	-0.5861057219025223	0.10815542287149994	-0.1047323506336414	0.23117660564791528	-0.6204973883429123	0.999999999999994
