1.0000000000000002	-0.4036352959775652	0.25539244003700173	-0.11837932761723433	0.10643697700820748	-0.7153355044935102	0.21927783079689978	-0.21558812886761558	0.11025743369160693	-0.0984579488641088	0.2690199941411531	-0.23675555243517388	0.18654149169574621	-0.17726518885856557	0.09818750721841604	-0.26856071825709354	0.1491678597115806	-0.1587542290165923	0.10797524115982694	-0.08231673592189313	0.16128782855333143	-0.14979889571115204	0.1295713078246571	-0.10783388116511684	0.13261247384116565	-0.16950059237285905	0.13145217978316093	-0.16674673229198217	0.08577447721502084	-0.07402631082731514
-0.4036352959775652	1.0	-0.7919146176482097	0.12338909066276589	-0.1118864200572461	0.23013180556180307	-0.2638129438892927	0.22899768552764094	-0.11231055516273201	0.09287274123961961	-0.17120026870127422	0.18921365376723617	-0.1912019541762445	0.148578527705324	-0.09148807280804193	0.1527248831167525	-0.11636898595867495	0.12219919065115353	-0.08698867591426813	0.07310202692295593	-0.10801395983914354	0.10510841135033955	-0.09718665606442389	0.0834261832068883	-0.11997359226776078	0.10663831370795748	-0.09221173499094935	0.11328921998189756	-0.07179148455543262	0.06031348460892326
0.25539244003700173	-0.7919146176482097	1.0000000000000004	-0.16660675669809244	0.12703861544613632	-0.24750733036160844	0.22742415759521728	-0.3408205649372967	0.13428379914054667	-0.1107530145427569	0.1723982022793214	-0.2087447771368101	0.2077453771353142	-0.18234481000110714	0.10126799562752517	-0.1770154125513938	0.12839526282292435	-0.14285008912934383	0.09894149366629987	-0.08261568456944988	0.11992083989872844	-0.12116808533951037	0.11059464265598065	-0.09670396575214285	0.1287227093217705	-0.1251188612124508	0.1045333236203397	-0.133655666011234	0.07852306427962574	-0.06736228763532648
-0.11837932761723433	0.12338909066276589	-0.16660675669809244	1.0000000000000002	-0.6213529205506367	0.10376946678223388	-0.12279547903855026	0.16141618417813364	-0.6131326550999551	0.31010362693448945	-0.10394800900593006	0.11515100072891632	-0.16651962801665937	0.26850037103466395	-0.21959043098702763	0.10644654745611526	-0.0979873142212881	0.10877984220028296	-0.11509857967755868	0.15706128906383288	-0.08524974645887097	0.09074783968919582	-0.09274582728370219	0.10418742866827031	-0.21982094070853037	0.0866703010562233	-0.08024908262394656	0.103773485935787	-0.10884679671493717	0.0923270203120084
0.10643697700820748	-0.1118864200572461	0.12703861544613632	-0.6213529205506367	0.9999999999999996	-0.10107929351621874	0.11118178570062011	-0.15204296910263335	0.3206909401048152	-0.5978108087476558	0.0993169895805409	-0.11403911083121734	0.15043747724777828	-0.30449881428080766	0.23393470315698855	-0.10987429590187857	0.09562181610991051	-0.10962271249427862	0.11145827110704354	-0.19708732016215347	0.08499334027674234	-0.09260876032051547	0.0927257952430207	-0.10891774379096011	0.19822881703272818	-0.09043827102334936	0.08082802289470371	-0.10894318324324662	0.10026960447698188	-0.09296053136341861
-0.7153355044935102	0.23013180556180307	-0.24750733036160844	0.10376946678223388	-0.10107929351621874	0.9999999999999993	-0.2672270219965583	0.1921978075582476	-0.10092327850293027	0.08934171183065737	-0.4706560647346716	0.23626744686470344	-0.1868643392294432	0.1523399730433732	-0.09516729184330316	0.2390163161071526	-0.14365546596689022	0.14092581005575167	-0.09918491176191911	0.07747819057495342	-0.16052294292388547	0.13268273954259596	-0.11743940601273367	0.09573325398574278	-0.13273502550053726	0.14257949495696512	-0.11983849042573194	0.13952984718032196	-0.08269637703258506	0.0688388802580259
0.21927783079689978	-0.2638129438892927	0.22742415759521728	-0.12279547903855026	0.11118178570062011	-0.2672270219965583	0.9999999999999997	-0.49502394962013097	0.1272746493247435	-0.10448552036231246	0.2507012862611621	-0.6681487431867342	0.2727447016693342	-0.18786283126276815	0.10239929616400244	-0.21638433532714166	0.1760036250756981	-0.1836338968238809	0.11259993516311875	-0.08313504636162504	0.14492772279093522	-0.15152817068713278	0.13375423584900653	-0.10932882359858438	0.13491232287068897	-0.14323033535985244	0.12435607013435553	-0.15384017688371	0.08440661100797102	-0.07152695600547998
-0.21558812886761558	0.22899768552764094	-0.3408205649372967	0.16141618417813364	-0.15204296910263335	0.1921978075582476	-0.49502394962013097	0.9999999999999997	-0.2073698354158617	0.13934968462906575	-0.20663484946021318	0.28003641714543265	-0.6112959264745482	0.23785153542792875	-0.1370667393158733	0.18210008323621654	-0.19040385942522894	0.20925979382446433	-0.13656718015524416	0.10597591026565523	-0.14320571153300446	0.15251566549631332	-0.15241700068315747	0.12586745461643511	-0.17414324984188936	0.1373597586480614	-0.13054824261537376	0.15746490787442446	-0.1026948155769441	0.08543013459699211
0.11025743369160693	-0.11231055516273201	0.13428379914054667	-0.6131326550999551	0.3206909401048152	-0.10092327850293027	0.1272746493247435	-0.2073698354158617	0.9999999999999994	-0.48745529066826687	0.10294539583092717	-0.12156987237587313	0.18355747375226103	-0.46512279876534296	0.2201848092603833	-0.10758461430948843	0.10119398719455693	-0.11639450974095056	0.12518163646580574	-0.16618236293073257	0.08571568251774556	-0.09399283338456826	0.09651593600689894	-0.11512623022832787	0.2006374948550559	-0.08820782284701142	0.08165830049905681	-0.1074253236436998	0.1018186822096557	-0.0891182377783174
-0.0984579488641088	0.09287274123961961	-0.1107530145427569	0.31010362693448945	-0.5978108087476558	0.08934171183065737	-0.10448552036231246	0.13934968462906575	-0.48745529066826687	1.000000000000001	-0.0916205503840739	0.10237490787419636	-0.14572433608496896	0.26624931429249576	-0.44908011092640704	0.09769345373268423	-0.08943715378696077	0.10081147851661382	-0.10986415011386721	0.22603291055264563	-0.07821909928967967	0.08472227216497104	-0.08692920229922982	0.10288327907029282	-0.2554646968476743	0.08121552212815208	-0.0747296735955348	0.09903386138795539	-0.11214145124116635	0.09948824340082266
0.2690199941411531	-0.17120026870127422	0.1723982022793214	-0.10394800900593006	0.0993169895805409	-0.4706560647346716	0.2507012862611621	-0.20663484946021318	0.10294539583092717	-0.0916205503840739	0.9999999999999988	-0.4416968678964543	0.20295806134449088	-0.16713658812531	0.09662052450436392	-0.5725724535713869	0.18791742386240337	-0.18168309077840597	0.11546007387047315	-0.08007280668577586	0.23130139919670611	-0.1836106502172497	0.1488965628900039	-0.11420478647131152	0.13464587730581706	-0.21361434146788932	0.15930093596835715	-0.18645119544381492	0.08880639184616643	-0.07518659593812607
-0.23675555243517388	0.18921365376723617	-0.2087447771368101	0.11515100072891632	-0.11403911083121734	0.23626744686470344	-0.6681487431867342	0.28003641714543265	-0.12156987237587313	0.10237490787419636	-0.4416968678964543	0.9999999999999972	-0.3284494378143021	0.18280753308355238	-0.11010842841054228	0.23771579466746443	-0.24526194221140674	0.1980064564066375	-0.12360733201610236	0.08800527751491834	-0.17312623485701098	0.17106431760173432	-0.15115655490416705	0.11655926634015713	-0.15117612106423314	0.15325577578225613	-0.14215285939916117	0.16179201157652082	-0.09394662887447981	0.07769060405994263
0.18654149169574621	-0.1912019541762445	0.2077453771353142	-0.16651962801665937	0.15043747724777828	-0.1868643392294432	0.2727447016693342	-0.6112959264745482	0.18355747375226103	-0.14572433608496896	0.20295806134449088	-0.3284494378143021	0.9999999999999973	-0.3774277769207204	0.14348316724525606	-0.21595645206932132	0.2308152394202626	-0.3872444349035346	0.17238084836345044	-0.115027213914954	0.16435023307405966	-0.19854988745928429	0.1966705871160463	-0.16536847562800563	0.18213072447358702	-0.17013011646633103	0.15773704264086075	-0.208690490574593	0.1133611769768543	-0.09646313242238863
-0.17726518885856557	0.148578527705324	-0.18234481000110714	0.26850037103466395	-0.30449881428080766	0.1523399730433732	-0.18786283126276815	0.23785153542792875	-0.46512279876534296	0.26624931429249576	-0.16713658812531	0.18280753308355238	-0.3774277769207204	0.9999999999999981	-0.3321333689469919	0.16846426087772087	-0.1770771059820844	0.2005241593120487	-0.29531593756724994	0.2209018352095295	-0.14349080085525953	0.1579079439089067	-0.17272096063444403	0.21191340862989688	-0.3759665730206086	0.14209803001940313	-0.13888920459984627	0.1771421821853532	-0.19442769461640227	0.15640137970731627
0.09818750721841604	-0.09148807280804193	0.10126799562752517	-0.21959043098702763	0.23393470315698855	-0.09516729184330316	0.10239929616400244	-0.1370667393158733	0.2201848092603833	-0.44908011092640704	0.09662052450436392	-0.11010842841054228	0.14348316724525606	-0.3321333689469919	0.9999999999999969	-0.11189166708175105	0.09709150253152088	-0.11291606974733462	0.12087380663019648	-0.6809606149321522	0.08705976725984808	-0.09672740377094534	0.09782650138757476	-0.12357350837673281	0.29515126732822117	-0.0948863730073667	0.0844604690031818	-0.11743007592542389	0.12427974792562643	-0.12980090916320527
-0.26856071825709354	0.1527248831167525	-0.1770154125513938	0.10644654745611526	-0.10987429590187857	0.2390163161071526	-0.21638433532714166	0.18210008323621654	-0.10758461430948843	0.09769345373268423	-0.5725724535713869	0.23771579466746443	-0.21595645206932132	0.16846426087772087	-0.11189166708175105	1.0000000000000044	-0.2532488702219012	0.19589012404173423	-0.13350179486480043	0.09100516441799096	-0.531042358975992	0.22117187894850787	-0.178832251191688	0.12675348816660098	-0.1638421889862889	0.25508141146511915	-0.2145595743571479	0.2009151015174811	-0.10678114133414966	0.08666962124987368
0.1491678597115806	-0.11636898595867495	0.12839526282292435	-0.0979873142212881	0.09562181610991051	-0.14365546596689022	0.1760036250756981	-0.19040385942522894	0.10119398719455693	-0.08943715378696077	0.18791742386240337	-0.24526194221140674	0.2308152394202626	-0.1770771059820844	0.09709150253152088	-0.2532488702219012	0.9999999999999999	-0.605068908379111	0.17806735335259793	-0.08151850668735687	0.21998810988800396	-0.5632267927759333	0.2865618339638296	-0.1809264852646278	0.13864945475860593	-0.21764704060344447	0.23197499201103944	-0.2750857709770136	0.10045312018492575	-0.08498737842593868
-0.1587542290165923	0.12219919065115353	-0.14285008912934383	0.10877984220028296	-0.10962271249427862	0.14092581005575167	-0.1836338968238809	0.20925979382446433	-0.11639450974095056	0.10081147851661382	-0.18168309077840597	0.1980064564066375	-0.3872444349035346	0.2005241593120487	-0.11291606974733462	0.19589012404173423	-0.605068908379111	0.9999999999999986	-0.26923291011797096	0.09320660641750686	-0.20100179231966303	0.29635239777286515	-0.4521196204773792	0.21635182853454385	-0.1625670688870638	0.18449936710124934	-0.2232857186869674	0.2603561588115225	-0.11560224347748863	0.0948140813335879
0.10797524115982694	-0.08698867591426813	0.09894149366629987	-0.11509857967755868	0.11145827110704354	-0.09918491176191911	0.11259993516311875	-0.13656718015524416	0.12518163646580574	-0.10986415011386721	0.11546007387047315	-0.12360733201610236	0.17238084836345044	-0.29531593756724994	0.12087380663019648	-0.13350179486480043	0.17806735335259793	-0.26923291011797096	0.9999999999999978	-0.11027321842704159	0.12725422292000596	-0.18559662536782232	0.23800166365153208	-0.8253586709540812	0.17758481027892528	-0.13387849464207413	0.14231212479161034	-0.21769439757058306	0.14296165836823968	-0.1288902606385419
-0.08231673592189313	0.07310202692295593	-0.08261568456944988	0.15706128906383288	-0.19708732016215347	0.07747819057495342	-0.08313504636162504	0.10597591026565523	-0.16618236293073257	0.22603291055264563	-0.08007280668577586	0.08800527751491834	-0.115027213914954	0.2209018352095295	-0.6809606149321522	0.09100516441799096	-0.08151850668735687	0.09320660641750686	-0.11027321842704159	0.999999999999995	-0.07297483408692272	0.08073939678501955	-0.08413739710563752	0.11042377672875178	-0.5892518830997785	0.07824165106597114	-0.07153617008492004	0.09872294873953068	-0.14873222745131331	0.14492503816245667
0.16128782855333143	-0.10801395983914354	0.11992083989872844	-0.08524974645887097	0.08499334027674234	-0.16052294292388547	0.14492772279093522	-0.14320571153300446	0.08571568251774556	-0.07821909928967967	0.23130139919670611	-0.17312623485701098	0.16435023307405966	-0.14349080085525953	0.08705976725984808	-0.531042358975992	0.21998810988800396	-0.20100179231966303	0.12725422292000596	-0.07297483408692272	0.9999999999999941	-0.346611976214611	0.20147118186146856	-0.12849392666234022	0.12705764418708537	-0.6089251934521991	0.27950868792988154	-0.26866675986079774	0.09191865190162862	-0.07720997492678497
-0.14979889571115204	0.10510841135033955	-0.12116808533951037	0.09074783968919582	-0.09260876032051547	0.13268273954259596	-0.15152817068713278	0.15251566549631332	-0.09399283338456826	0.08472227216497104	-0.1836106502172497	0.17106431760173432	-0.19854988745928429	0.1579079439089067	-0.09672740377094534	0.22117187894850787	-0.5632267927759333	0.29635239777286515	-0.18559662536782232	0.08073939678501955	-0.346611976214611	0.999999999999996	-0.45554841885657443	0.1773755513927512	-0.1435004829499058	0.2622116531321098	-0.4290003231755588	0.29848400873772973	-0.10633098291000122	0.08671621261772883
0.1295713078246571	-0.09718665606442389	0.11059464265598065	-0.09274582728370219	0.0927257952430207	-0.11743940601273367	0.13375423584900653	-0.15241700068315747	0.09651593600689894	-0.08692920229922982	0.1488965628900039	-0.15115655490416705	0.1966705871160463	-0.17272096063444403	0.09782650138757476	-0.178832251191688	0.2865618339638296	-0.4521196204773792	0.23800166365153208	-0.08413739710563752	0.20147118186146856	-0.45554841885657443	0.9999999999999947	-0.332126037103912	0.14629812174601878	-0.21369339747131935	0.2649104316620775	-0.5761854264324134	0.11930140675014904	-0.09986205208747564
-0.10783388116511684	0.0834261832068883	-0.09670396575214285	0.10418742866827031	-0.10891774379096011	0.09573325398574278	-0.10932882359858438	0.12586745461643511	-0.11512623022832787	0.10288327907029282	-0.11420478647131152	0.11655926634015713	-0.16536847562800563	0.21191340862989688	-0.12357350837673281	0.12675348816660098	-0.1809264852646278	0.21635182853454385	-0.8253586709540812	0.11042377672875178	-0.12849392666234022	0.1773755513927512	-0.332126037103912	0.9999999999999947	-0.2070212144914685	0.1275256533163655	-0.14629406863212285	0.20425932370894098	-0.17740983748707348	0.13542775924117614
0.13261247384116565	-0.11997359226776078	0.1287227093217705	-0.21982094070853037	0.19822881703272818	-0.13273502550053726	0.13491232287068897	-0.17414324984188936	0.2006374948550559	-0.2554646968476743	0.13464587730581706	-0.15117612106423314	0.18213072447358702	-0.3759665730206086	0.29515126732822117	-0.1638421889862889	0.13864945475860593	-0.1625670688870638	0.17758481027892528	-0.5892518830997785	0.12705764418708537	-0.1435004829499058	0.14629812174601878	-0.2070212144914685	0.9999999999999941	-0.14242967581336136	0.1255857066107159	-0.18119753685947237	0.23576296070820862	-0.33889013498002063
-0.16950059237285905	0.10663831370795748	-0.1251188612124508	0.0866703010562233	-0.09043827102334936	0.14257949495696512	-0.14323033535985244	0.1373597586480614	-0.08820782284701142	0.08121552212815208	-0.21361434146788932	0.15325577578225613	-0.17013011646633103	0.14209803001940313	-0.0948863730073667	0.25508141146511915	-0.21764704060344447	0.18449936710124934	-0.13387849464207413	0.07824165106597114	-0.6089251934521991	0.2622116531321098	-0.21369339747131935	0.1275256533163655	-0.14242967581336136	0.9999999999999936	-0.5875295949220746	0.26191673143713967	-0.1017268398008845	0.0816632866455017
0.13145217978316093	-0.09221173499094935	0.1045333236203397	-0.08024908262394656	0.08082802289470371	-0.11983849042573194	0.12435607013435553	-0.13054824261537376	0.08165830049905681	-0.0747296735955348	0.15930093596835715	-0.14215285939916117	0.15773704264086075	-0.13888920459984627	0.0844604690031818	-0.2145595743571479	0.23197499201103944	-0.2232857186869674	0.14231212479161034	-0.07153617008492004	0.27950868792988154	-0.4290003231755588	0.2649104316620775	-0.14629406863212285	0.1255857066107159	-0.5875295949220746	0.9999999999999933	-0.5342192322337396	0.10036060681103343	-0.08393492401729247
-0.16674673229198217	0.11328921998189756	-0.133655666011234	0.103773485935787	-0.10894318324324662	0.13952984718032196	-0.15384017688371	0.15746490787442446	-0.1074253236436998	0.09903386138795539	-0.18645119544381492	0.16179201157652082	-0.208690490574593	0.1771421821853532	-0.11743007592542389	0.2009151015174811	-0.2750857709770136	0.2603561588115225	-0.21769439757058306	0.09872294873953068	-0.26866675986079774	0.29848400873772973	-0.5761854264324134	0.20425932370894098	-0.18119753685947237	0.26191673143713967	-0.5342192322337396	0.999999999999994	-0.16241570036369232	0.12196787924081573
0.08577447721502084	-0.07179148455543262	0.07852306427962574	-0.10884679671493717	0.10026960447698188	-0.08269637703258506	0.08440661100797102	-0.1026948155769441	0.1018186822096557	-0.11214145124116635	0.08880639184616643	-0.09394662887447981	0.1133611769768543	-0.19442769461640227	0.12427974792562643	-0.10678114133414966	0.10045312018492575	-0.11560224347748863	0.14296165836823968	-0.14873222745131331	0.09191865190162862	-0.10633098291000122	0.11930140675014904	-0.17740983748707348	0.23576296070820862	-0.1017268398008845	0.10036060681103343	-0.16241570036369232	0.9999999999999933	-0.8824539392255318
-0.07402631082731514	0.06031348460892326	-0.06736228763532648	0.0923270203120084	-0.09296053136341861	0.0688388802580259	-0.07152695600547998	0.08543013459699211	-0.0891182377783174	0.09948824340082266	-0.07518659593812607	0.07769060405994263	-0.09646313242238863	0.15640137970731627	-0.12980090916320527	0.08666962124987368	-0.08498737842593868	0.0948140813335879	-0.1288902606385419	0.14492503816245667	-0.07720997492678497	0.08671621261772883	-0.09986205208747564	0.13542775924117614	-0.33889013498002063	0.0816632866455017	-0.08393492401729247	0.12196787924081573	-0.8824539392255318	0.9999999999999931
