1.0	-0.25397034031830945	0.2085945419730223	-0.13469301486695712	0.166350359260388	-0.6328596573353782	0.28784759476017224	-0.23377078660881026	0.13407274550906675	-0.15567493296994078	0.3003950135653203	-0.24682055355270768	0.17197591650612282	-0.18349302069121393	0.15093868768560134	-0.18372837384370844	0.22222272750816416	-0.20138464367824632	0.12548710182213035	-0.1372042170617303	0.16568132693657006	-0.15347144784243222	0.13704898443478458	-0.10824402411639443	0.09630981389202502	-0.14927673007290881	0.1407119627860565	-0.11946184771605416	0.10192151876206762	-0.10027492248038165	0.10062428780615643	-0.08143021589689613	0.10973657162914174	-0.06145828975149345	0.05937884785618617	-0.020354754464646848	0.04844945724304099	-0.05230335292822307	0.0685459322325981	-0.07715217519871259	0.021572663143183506	-0.011858358293122855	0.011476172477641523	-0.036540659532965036	0.033062096221146094
-0.25397034031830945	0.9999999999999996	-0.7947052196062984	0.13537905392804003	-0.16228895177745423	0.19775990512991853	-0.3997380039830262	0.2137322671798811	-0.1311013630303179	0.127424742790115	-0.2049327025525601	0.1988270478268445	-0.14562735230429244	0.1386155361052573	-0.12617346040551017	0.11994152298841453	-0.18748402753146418	0.1461339458984154	-0.09287372717532545	0.0969944435427564	-0.11649542003839997	0.10392717477075929	-0.09821164617648159	0.07593334764852806	-0.0687103624169795	0.09644537282823164	-0.09574858954620698	0.07847529187771919	-0.0678317971131377	0.06514232646665014	-0.06661609321299446	0.05301084118433439	-0.07313386000341238	0.039986021681487675	-0.038295508317145066	0.013226767222971787	-0.03138074069272588	0.03355003780862462	-0.04500072470939602	0.04870192850800931	-0.01405464239009454	0.007525172120528938	-0.0072926962196979035	0.02259318923055503	-0.020619943097301523
0.2085945419730223	-0.7947052196062984	0.9999999999999991	-0.18731110981139132	0.1833412255056211	-0.18305419536419076	0.2550631546583483	-0.3147023835033195	0.16184676049188995	-0.15957106912696845	0.1918234781560172	-0.1986281924019549	0.1677258863318601	-0.16799784243533591	0.14668117801481417	-0.12460781494555594	0.1800044605047796	-0.1710425232919613	0.10800080044748696	-0.11540582890165983	0.12094338349895391	-0.11940374378987302	0.11097636493018508	-0.08943977155403025	0.08008850849716899	-0.10749728730109591	0.10627412968571227	-0.08944148763426209	0.07765818824143977	-0.07567939218190313	0.07436418030204893	-0.05978231887626192	0.0822191533855637	-0.04544347247026162	0.04437573723100881	-0.014884639019894022	0.035467403525819785	-0.038065964407719755	0.05093204060339619	-0.05671297352206093	0.01580236527137679	-0.00858406462330171	0.008314728257191695	-0.026263487854032146	0.023897968723032875
-0.13469301486695712	0.13537905392804003	-0.18731110981139132	0.9999999999999984	-0.6728985109780516	0.09880876707535993	-0.13359901313173503	0.25975050258719645	-0.5983582140252869	0.2691679146423017	-0.13282790364439723	0.11518762398898845	-0.15861040206939886	0.17112156916623764	-0.20577289735723062	0.0873765393347837	-0.1330301385930872	0.13547787404833658	-0.10515705888899295	0.11267777633018324	-0.09228692891715175	0.09195943958597029	-0.09151067853069081	0.082477945324134	-0.07700297228674569	0.08096813427037329	-0.08523032329948305	0.07154570750401253	-0.0659425012049356	0.06330625411191887	-0.05969367480354355	0.04725480291433567	-0.06733955706234174	0.03699749521348647	-0.03694685262518273	0.011887822087432514	-0.02830919924463329	0.030040904894743488	-0.04196589020910849	0.045995648686840876	-0.012669343108369438	0.006797238071131095	-0.006596353651807796	0.020946999422230994	-0.019244782222458734
0.166350359260388	-0.16228895177745423	0.1833412255056211	-0.6728985109780516	0.999999999999998	-0.12418059297779704	0.16015159514709199	-0.3452483019252007	0.318815956276601	-0.40966637970701475	0.1660336479521673	-0.14777668640167235	0.1980129290055714	-0.250709351077692	0.24139753734765956	-0.11399144387486936	0.16651671721592884	-0.1876941239706226	0.1428024989718883	-0.16266281153775375	0.1186919929371727	-0.12735851476625992	0.1221612994703186	-0.11740151922245137	0.10561736501605384	-0.10972972985056866	0.11323686113616067	-0.09803425494486454	0.09000956987920698	-0.08889589269431603	0.07981859831877477	-0.06405610276273259	0.09022499422975244	-0.05033755660371871	0.05160138724331698	-0.016026446371225495	0.038368642834440206	-0.0410076419320597	0.0566058135460286	-0.06508995757219814	0.017047167133529936	-0.009341002717957587	0.009055014379357025	-0.02953571997852012	0.02695628732553167
-0.6328596573353782	0.19775990512991853	-0.18305419536419076	0.09880876707535993	-0.12418059297779704	0.999999999999999	-0.483733278209635	0.1764194983978145	-0.10169372545560026	0.11332469570652924	-0.48106514247386295	0.2524710334300326	-0.1394531796639227	0.13732602482491468	-0.11374921775309027	0.16915082732724093	-0.21334753700955908	0.15700768666747777	-0.09410499766898223	0.09971889725935802	-0.1496488645756374	0.11769159900674374	-0.10702671457770013	0.07935984828459529	-0.07073874058881467	0.1156945993976979	-0.10915984021238896	0.08825147119591693	-0.07393767032825276	0.0715561644749102	-0.07582286748419714	0.060560196817129215	-0.08158339860732264	0.044610847444391886	-0.04210544874524686	0.0150029472306417	-0.03551641177259647	0.03818638821170134	-0.04987071888880734	0.05418096735319613	-0.01590381116541014	0.008522375297295355	-0.008250531757077215	0.02529255113856345	-0.022975436754163005
0.28784759476017224	-0.3997380039830262	0.2550631546583483	-0.13359901313173503	0.16015159514709199	-0.483733278209635	0.999999999999999	-0.269799628065386	0.13836794037147168	-0.150909227663835	0.29786556873090736	-0.5212645752533736	0.1913469864571515	-0.18508739030851432	0.14855517929287196	-0.1811497983283821	0.26724679552362146	-0.21006214147380173	0.12096603270768978	-0.12788807172663363	0.15806230156706771	-0.14652432316976324	0.1333416974966027	-0.10118616992356015	0.08947252625031944	-0.13514424532521477	0.1285961496441351	-0.10640329674696719	0.08967255647963013	-0.08732817772194415	0.08898710496541945	-0.07175374253463523	0.09697538197293211	-0.05325459679841954	0.05112380466901323	-0.017694250690769922	0.04208042564552591	-0.04532851630694517	0.05941141682256039	-0.06562447274315401	0.018748643959061614	-0.01012983633453788	0.0098051699069457	-0.030369032237780785	0.02758369049719723
-0.23377078660881026	0.2137322671798811	-0.3147023835033195	0.25975050258719645	-0.3452483019252007	0.1764194983978145	-0.269799628065386	0.9999999999999983	-0.4688325023888698	0.2690992247325245	-0.23763993968486474	0.21427478147539317	-0.4515067514474322	0.275102840766454	-0.2937859827432379	0.1532248328412805	-0.25034478022816253	0.24849860909958668	-0.17405035760470527	0.16875090768184062	-0.1628621996830267	0.15704210354144815	-0.16719360369162106	0.12977152151669705	-0.12166880434210026	0.1363911352177953	-0.14682458148542382	0.11884969775220042	-0.10720829184968945	0.10037826553760601	-0.10010127049722649	0.07855314363643402	-0.11277303752233184	0.0606928075438759	-0.05870969793222751	0.01971463703665952	-0.0467569483995832	0.04940219263950275	-0.0691169729772354	0.07252995296084591	-0.021026467255526305	0.011063275749770791	-0.010742363214080146	0.033051437629804226	-0.030489715522801414
0.13407274550906675	-0.1311013630303179	0.16184676049188995	-0.5983582140252869	0.318815956276601	-0.10169372545560026	0.13836794037147168	-0.4688325023888698	0.999999999999998	-0.4905640790120897	0.13598086965726613	-0.12358022917980552	0.19229781229075096	-0.21538482673205078	0.2417112068575153	-0.09153283161877707	0.14047083391966672	-0.15542926423453196	0.11898581309915904	-0.12943671202618126	0.09619379171920833	-0.09994780833285376	0.10025341728304794	-0.09278442518278501	0.08569399056932053	-0.08530851527921608	0.09008520462962646	-0.07596454694921503	0.0701515298123353	-0.06779342594620191	0.06247975356000158	-0.04961436404315518	0.07078384574808988	-0.038843942434342686	0.03925248968407756	-0.012410457104095746	0.029603731669021225	-0.031442102700906534	0.04396423853952944	-0.048692302541954675	0.013219775401271928	-0.007100698301064806	0.006889849100099832	-0.021925595856809373	0.020143940680868146
-0.15567493296994078	0.127424742790115	-0.15957106912696845	0.2691679146423017	-0.40966637970701475	0.11332469570652924	-0.150909227663835	0.2690992247325245	-0.4905640790120897	0.9999999999999977	-0.15959387389801608	0.136702194443534	-0.213341129032598	0.2548934266016944	-0.6110888764583595	0.10646347864221568	-0.16528480828451875	0.17216570403261786	-0.15837805549506728	0.17232263136813286	-0.11479167088486977	0.11491594908008132	-0.11817632312781656	0.1169535026950743	-0.11656540205347198	0.10017564471488112	-0.10800510510401438	0.09068787071334376	-0.08733277498089954	0.08330276073262739	-0.07545123547998293	0.05938197894889846	-0.08607275398206166	0.047130876090938245	-0.04819788885682679	0.014943595156705082	-0.03560008997664716	0.037585772867161305	-0.05373622887861738	0.05863829211229542	-0.01594777291935983	0.008494353256844937	-0.008250648178246316	0.02623124147812174	-0.02425204767340887
0.3003950135653203	-0.2049327025525601	0.1918234781560172	-0.13282790364439723	0.1660336479521673	-0.48106514247386295	0.29786556873090736	-0.23763993968486474	0.13598086965726613	-0.15959387389801608	0.999999999999995	-0.4356571851863033	0.1961633499853303	-0.2013306381136409	0.15886037486957494	-0.37761713403519565	0.2934356808134255	-0.23784653105276968	0.1374555011926034	-0.1478083400794214	0.240659514328981	-0.18550636208433585	0.16115724389264738	-0.11831611879791305	0.1043490414193192	-0.1924032246716474	0.16838753183679245	-0.13612268742108113	0.11130561821046199	-0.10872059270208204	0.11692707960000602	-0.09453355188477781	0.12380267695221593	-0.06788752866126162	0.06374206979529086	-0.02310296008742165	0.05469946348395627	-0.059259227997480034	0.07526137050935379	-0.08258944025653	0.02440654528547458	-0.013122323788194126	0.012688218125329963	-0.03843279988570873	0.03478789247289596
-0.24682055355270768	0.1988270478268445	-0.1986281924019549	0.11518762398898845	-0.14777668640167235	0.2524710334300326	-0.5212645752533736	0.21427478147539317	-0.12358022917980552	0.136702194443534	-0.4356571851863033	0.9999999999999944	-0.24796349305900464	0.1854596019899698	-0.14642909447940963	0.21720605887018643	-0.5776924560933261	0.23039354373658746	-0.12436407037572775	0.12411037577344176	-0.1885377901625034	0.1516083987224695	-0.14537039994686624	0.10008322117731165	-0.08884338111160914	0.13997734876340792	-0.1351289805091678	0.1069731398265727	-0.08882740250958425	0.08482052930684998	-0.09098255385455646	0.0723280614475097	-0.0983065736689095	0.0527986590135411	-0.049501624238955474	0.017758032087518107	-0.0420071658622813	0.04502215114899969	-0.05909820528652117	0.0629404793801746	-0.01882969995984341	0.009943652788274759	-0.009630038151175453	0.028874943264270463	-0.026332949048396607
0.17197591650612282	-0.14562735230429244	0.1677258863318601	-0.15861040206939886	0.1980129290055714	-0.1394531796639227	0.1913469864571515	-0.4515067514474322	0.19229781229075096	-0.213341129032598	0.1961633499853303	-0.24796349305900464	0.9999999999999953	-0.5646999950605827	0.24718474634516002	-0.14232992452962698	0.2392380770640719	-0.49718166540296166	0.19966993425884083	-0.18071914515935283	0.1456004821196815	-0.18329566473201261	0.19579029812008358	-0.14525111634976368	0.12440816557816092	-0.1306392208785417	0.14111165203073453	-0.11773830163141538	0.10165443836781803	-0.09698147733469321	0.09195343387892899	-0.07357250675847177	0.1050824544465305	-0.05616307618558405	0.055426256239967685	-0.01798997565771327	0.04298398071284859	-0.0457371064915786	0.06315049504171687	-0.06838351258564768	0.019128480808859795	-0.010143888850823075	0.00983832453631742	-0.0302474617618366	0.02781716864232156
-0.18349302069121393	0.1386155361052573	-0.16799784243533591	0.17112156916623764	-0.250709351077692	0.13732602482491468	-0.18508739030851432	0.275102840766454	-0.21538482673205078	0.2548934266016944	-0.2013306381136409	0.1854596019899698	-0.5646999950605827	0.9999999999999976	-0.5111569337106096	0.13762777489596775	-0.22781506228167817	0.2681353495766005	-0.3180475058380203	0.22873346524431595	-0.1488954327818646	0.15706410351709782	-0.17584658827508726	0.17727129694341626	-0.1631322834471398	0.12924233850525044	-0.14326775046046505	0.11856050482436044	-0.114164821177424	0.10796747579064538	-0.09684340474014665	0.0761639672797489	-0.11148552217304195	0.06023383597776092	-0.06188737170150175	0.018996639698269844	-0.04529766424877922	0.04774108918721456	-0.06864521755743465	0.07425641999225693	-0.020271037481727358	0.010710896539144503	-0.010405869624980591	0.032707770508698414	-0.030332259532394906
0.15093868768560134	-0.12617346040551017	0.14668117801481417	-0.20577289735723062	0.24139753734765956	-0.11374921775309027	0.14855517929287196	-0.2937859827432379	0.2417112068575153	-0.6110888764583595	0.15886037486957494	-0.14642909447940963	0.24718474634516002	-0.5111569337106096	0.9999999999999958	-0.11228848207728584	0.17070433995904427	-0.2148948976504852	0.21468818480030707	-0.30007531826134093	0.1187249636918876	-0.13428600679427072	0.13486023090902965	-0.16438129301976198	0.15674329469426482	-0.10987249083631243	0.11724723295203267	-0.10269021196097727	0.10167224062864	-0.1016000740331657	0.08166208136997044	-0.06524043713673262	0.09428386430995779	-0.052390181983333374	0.057021353584716224	-0.01619391130539293	0.03888367561949474	-0.04129009598909789	0.05916259655250213	-0.06913360540980144	0.017248507407477708	-0.009360079204799414	0.009083824361298232	-0.029827858787603398	0.027488747339857015
-0.18372837384370844	0.11994152298841453	-0.12460781494555594	0.0873765393347837	-0.11399144387486936	0.16915082732724093	-0.1811497983283821	0.1532248328412805	-0.09153283161877707	0.10646347864221568	-0.37761713403519565	0.21720605887018643	-0.14232992452962698	0.13762777489596775	-0.11228848207728584	0.9999999999999963	-0.37599376483375324	0.18818894947390782	-0.10417641855872842	0.10717843426312657	-0.7358967042107465	0.17804661416570594	-0.15840152580384118	0.0894503422315852	-0.07996801164406815	0.22181100278977148	-0.197536626995169	0.12745068268576318	-0.09619511426134088	0.08869747280838947	-0.1271333181942507	0.09402701280666553	-0.12276201696801431	0.06184649099404836	-0.05177782196581917	0.022887628415510994	-0.05235434028439075	0.055520099203844764	-0.06931386155932152	0.0661815049377913	-0.02425670628026732	0.011809993262757688	-0.011437397289654523	0.030357843759271873	-0.02770512459833445
0.22222272750816416	-0.18748402753146418	0.1800044605047796	-0.1330301385930872	0.16651671721592884	-0.21334753700955908	0.26724679552362146	-0.25034478022816253	0.14047083391966672	-0.16528480828451875	0.2934356808134255	-0.5776924560933261	0.2392380770640719	-0.22781506228167817	0.17070433995904427	-0.37599376483375324	0.9999999999999942	-0.39733246889738744	0.16027340358342634	-0.16398739719325797	0.2431918834044397	-0.22618136725112656	0.2012980276547429	-0.133871572691151	0.11513105745769378	-0.19689966649010018	0.1795457399043051	-0.1445540011405959	0.11568883606884856	-0.11208292657544743	0.11926225396951333	-0.09668565872733154	0.1281126249825689	-0.06893265399384978	0.0648032269851598	-0.023260973543010304	0.05525576530121047	-0.0597657731865956	0.076321854453695	-0.08300359045152683	0.024572636989220662	-0.013083379922774458	0.01265271250997868	-0.03763035063181485	0.034174927920623224
-0.20138464367824632	0.1461339458984154	-0.1710425232919613	0.13547787404833658	-0.1876941239706226	0.15700768666747777	-0.21006214147380173	0.24849860909958668	-0.15542926423453196	0.17216570403261786	-0.23784653105276968	0.23039354373658746	-0.49718166540296166	0.2681353495766005	-0.2148948976504852	0.18818894947390782	-0.39733246889738744	0.9999999999999937	-0.2755604171233616	0.19682486692090906	-0.20580541470559982	0.26494534681896537	-0.4611109457760673	0.1727055132725309	-0.1498383212636549	0.17647776748024388	-0.20984220428023687	0.1636500441332416	-0.13377927448098526	0.12094352627040614	-0.1255465008624248	0.09924076763058058	-0.14664612205227665	0.07457124107137154	-0.06955175719853927	0.024074846471996814	-0.05736399263956963	0.06056702962507288	-0.08420365608489372	0.08511339295486933	-0.025632379278366896	0.013237484130632353	-0.0128496921595906	0.03773806420750118	-0.03484763853870249
0.12548710182213035	-0.09287372717532545	0.10800080044748696	-0.10515705888899295	0.1428024989718883	-0.09410499766898223	0.12096603270768978	-0.17405035760470527	0.11898581309915904	-0.15837805549506728	0.1374555011926034	-0.12436407037572775	0.19966993425884083	-0.3180475058380203	0.21468818480030707	-0.10417641855872842	0.16027340358342634	-0.2755604171233616	0.9999999999999943	-0.5973296071696861	0.11261567591871528	-0.14584883512776267	0.15896088589036092	-0.5668374295436919	0.3095474834236544	-0.10962924721051008	0.12213834984042547	-0.11450149345220566	0.13276017745459945	-0.1401792586542761	0.08543839125706121	-0.06841403495923498	0.10311064022386149	-0.05835582840417848	0.07374391287278205	-0.016791711931077435	0.040769524477439055	-0.04302697650165076	0.06589135989786368	-0.08396903436570542	0.01790886953336989	-0.009829925513974984	0.009551763072842745	-0.03330868262173006	0.03103266789803282
-0.1372042170617303	0.0969944435427564	-0.11540582890165983	0.11267777633018324	-0.16266281153775375	0.09971889725935802	-0.12788807172663363	0.16875090768184062	-0.12943671202618126	0.17232263136813286	-0.1478083400794214	0.12411037577344176	-0.18071914515935283	0.22873346524431595	-0.30007531826134093	0.10717843426312657	-0.16398739719325797	0.19682486692090906	-0.5973296071696861	0.9999999999999941	-0.11928308769912248	0.13371604822033845	-0.1470663631330933	0.3224002237399363	-0.5604669683648591	0.1144640500198585	-0.1301594808973128	0.1241523448820187	-0.16894390179160276	0.16722279909804752	-0.09640482193132852	0.07580044274759423	-0.11844943690572403	0.06763402384607296	-0.0908839368437161	0.018924801937122687	-0.04596310362491067	0.04792498386836471	-0.07791916897734852	0.0956707677911822	-0.020264472271012093	0.011038930996362398	-0.01075143334596639	0.038043056422649754	-0.03606697184626656
0.16568132693657006	-0.11649542003839997	0.12094338349895391	-0.09228692891715175	0.1186919929371727	-0.1496488645756374	0.15806230156706771	-0.1628621996830267	0.09619379171920833	-0.11479167088486977	0.240659514328981	-0.1885377901625034	0.1456004821196815	-0.1488954327818646	0.1187249636918876	-0.7358967042107465	0.2431918834044397	-0.20580541470559982	0.11261567591871528	-0.11928308769912248	0.9999999999999907	-0.24289546885317465	0.17570230237987958	-0.09998110304191274	0.08831342636293629	-0.3873064159113	0.22796177820022287	-0.15101868515555203	0.10844183636386422	-0.10230704514662012	0.14886177904998685	-0.11571905550032963	0.13740172119326977	-0.07046455291871591	0.05915979273938298	-0.0267218550216738	0.06126196524399541	-0.06642794718793986	0.07726185365270713	-0.07659481461526726	0.0279684951928796	-0.013873215103908917	0.013389886713634341	-0.03482284462893153	0.03157030554075918
-0.15347144784243222	0.10392717477075929	-0.11940374378987302	0.09195943958597029	-0.12735851476625992	0.11769159900674374	-0.14652432316976324	0.15704210354144815	-0.09994780833285376	0.11491594908008132	-0.18550636208433585	0.1516083987224695	-0.18329566473201261	0.15706410351709782	-0.13428600679427072	0.17804661416570594	-0.22618136725112656	0.26494534681896537	-0.14584883512776267	0.13371604822033845	-0.24289546885317465	0.999999999999991	-0.7213638013797607	0.1283130886074153	-0.11433600720016511	0.2335357031968911	-0.4140484538060138	0.20841772108767204	-0.14049186477901895	0.11979531945198157	-0.14882648129268483	0.11766572085556239	-0.17347895792663465	0.08192741976519778	-0.06835842149850858	0.0272454436800571	-0.06478659855776567	0.0685698741243484	-0.0912008453040846	0.08509714552222625	-0.028897221643763026	0.014432236776494791	-0.013991393891957537	0.03737166624478631	-0.03436719657969513
0.13704898443478458	-0.09821164617648159	0.11097636493018508	-0.09151067853069081	0.1221612994703186	-0.10702671457770013	0.1333416974966027	-0.16719360369162106	0.10025341728304794	-0.11817632312781656	0.16115724389264738	-0.14537039994686624	0.19579029812008358	-0.17584658827508726	0.13486023090902965	-0.15840152580384118	0.2012980276547429	-0.4611109457760673	0.15896088589036092	-0.1470663631330933	0.17570230237987958	-0.7213638013797607	0.9999999999999938	-0.1572640723404641	0.12232790590067052	-0.2035941043773183	0.24226483737186885	-0.23922944698773652	0.1358644147133861	-0.12194677946157906	0.12890122572196308	-0.10850571745015349	0.15877743043547166	-0.07696928461569251	0.06740143201147554	-0.024256530539745323	0.0589838230505494	-0.06347998795959903	0.08354975713102863	-0.08465983297732015	0.025613626562980156	-0.013371950044530068	0.012938062117975187	-0.036118747368623645	0.033007935625550835
-0.10824402411639443	0.07593334764852806	-0.08943977155403025	0.082477945324134	-0.11740151922245137	0.07935984828459529	-0.10118616992356015	0.12977152151669705	-0.09278442518278501	0.1169535026950743	-0.11831611879791305	0.10008322117731165	-0.14525111634976368	0.17727129694341626	-0.16438129301976198	0.0894503422315852	-0.133871572691151	0.1727055132725309	-0.5668374295436919	0.3224002237399363	-0.09998110304191274	0.1283130886074153	-0.1572640723404641	0.9999999999999922	-0.6808842049765731	0.10053298444080395	-0.11662370610396221	0.1155285196602715	-0.16849106246167414	0.16876108988286148	-0.0850053072717985	0.06742492310632936	-0.10685200716981783	0.0614836814584226	-0.08846807353298877	0.016606222898163145	-0.040644628432448905	0.04242382487801453	-0.07027963106028608	0.09071741098331831	-0.017766990445607964	0.009775921095594792	-0.009519847255764007	0.034582263309865365	-0.032800337674399944
0.09630981389202502	-0.0687103624169795	0.08008850849716899	-0.07700297228674569	0.10561736501605384	-0.07073874058881467	0.08947252625031944	-0.12166880434210026	0.08569399056932053	-0.11656540205347198	0.1043490414193192	-0.08884338111160914	0.12440816557816092	-0.1631322834471398	0.15674329469426482	-0.07996801164406815	0.11513105745769378	-0.1498383212636549	0.3095474834236544	-0.5604669683648591	0.08831342636293629	-0.11433600720016511	0.12232790590067052	-0.6808842049765731	0.9999999999999938	-0.09325724968381346	0.10568300247204729	-0.1145194197195335	0.17510206051655927	-0.25553507370742806	0.08019408699027455	-0.06450779617611	0.1024367507436451	-0.06154592299699794	0.1030529240018644	-0.015788444525044645	0.03902528968313507	-0.04091903368274306	0.06931953387709773	-0.10710261324599243	0.016875157691159836	-0.009610426529399991	0.00935232896255919	-0.037012464374745646	0.034888261711146326
-0.14927673007290881	0.09644537282823164	-0.10749728730109591	0.08096813427037329	-0.10972972985056866	0.1156945993976979	-0.13514424532521477	0.1363911352177953	-0.08530851527921608	0.10017564471488112	-0.1924032246716474	0.13997734876340792	-0.1306392208785417	0.12924233850525044	-0.10987249083631243	0.22181100278977148	-0.19689966649010018	0.17647776748024388	-0.10962924721051008	0.1144640500198585	-0.3873064159113	0.2335357031968911	-0.2035941043773183	0.10053298444080395	-0.09325724968381346	0.9999999999999931	-0.640715618037582	0.24004247344279672	-0.15485880728542367	0.13292723156214523	-0.38431065784533347	0.21504519427394467	-0.2506071756958786	0.11092837457020802	-0.07690715857287132	0.050409479464520277	-0.10714311047786734	0.11065735008563482	-0.12395220457785948	0.09830133244336434	-0.05315274247163143	0.02197713509869294	-0.021270487235548995	0.04455108013989111	-0.040801147295289615
0.1407119627860565	-0.09574858954620698	0.10627412968571227	-0.08523032329948305	0.11323686113616067	-0.10915984021238896	0.1285961496441351	-0.14682458148542382	0.09008520462962646	-0.10800510510401438	0.16838753183679245	-0.1351289805091678	0.14111165203073453	-0.14326775046046505	0.11724723295203267	-0.197536626995169	0.1795457399043051	-0.20984220428023687	0.12213834984042547	-0.1301594808973128	0.22796177820022287	-0.4140484538060138	0.24226483737186885	-0.11662370610396221	0.10568300247204729	-0.640715618037582	0.9999999999999939	-0.3821773814368694	0.1768509091333166	-0.16178762197928456	0.2241299795385995	-0.19565113771643053	0.23098513853555808	-0.11163426274997687	0.08842639351515363	-0.03977115018049765	0.09559816690811121	-0.10619112491291675	0.11706700459564315	-0.1160728705669089	0.04124381415426999	-0.021117142835319652	0.020308725471626085	-0.04933875911334188	0.04449504515647702
-0.11946184771605416	0.07847529187771919	-0.08944148763426209	0.07154570750401253	-0.09803425494486454	0.08825147119591693	-0.10640329674696719	0.11884969775220042	-0.07596454694921503	0.09068787071334376	-0.13612268742108113	0.1069731398265727	-0.11773830163141538	0.11856050482436044	-0.10269021196097727	0.12745068268576318	-0.1445540011405959	0.1636500441332416	-0.11450149345220566	0.1241523448820187	-0.15101868515555203	0.20841772108767204	-0.23922944698773652	0.1155285196602715	-0.1145194197195335	0.24004247344279672	-0.3821773814368694	0.999999999999996	-0.4213221708063282	0.22906585380595593	-0.26760141752724553	0.22702150090642756	-0.6051164643356198	0.18016406458658993	-0.12469472381012199	0.04635518533152473	-0.11874819787355408	0.12073665628394713	-0.19489161894477927	0.15034701572305476	-0.04943362090010778	0.02443989393795114	-0.02379782975134564	0.06169519774145711	-0.056955329377614376
0.10192151876206762	-0.0678317971131377	0.07765818824143977	-0.0659425012049356	0.09000956987920698	-0.07393767032825276	0.08967255647963013	-0.10720829184968945	0.0701515298123353	-0.08733277498089954	0.11130561821046199	-0.08882740250958425	0.10165443836781803	-0.114164821177424	0.10167224062864	-0.09619511426134088	0.11568883606884856	-0.13377927448098526	0.13276017745459945	-0.16894390179160276	0.10844183636386422	-0.14049186477901895	0.1358644147133861	-0.16849106246167414	0.17510206051655927	-0.15485880728542367	0.1768509091333166	-0.4213221708063282	0.9999999999999947	-0.6973316453072786	0.14883856438643733	-0.132895629761642	0.22790115927857965	-0.17766421589240697	0.23611507867192394	-0.029716645378464888	0.0783107652157163	-0.08390847751735726	0.16220392399468517	-0.3079996315601642	0.031526148003643624	-0.020235683203388363	0.019627329291294723	-0.09416324933184951	0.08375816876439074
-0.10027492248038165	0.06514232646665014	-0.07567939218190313	0.06330625411191887	-0.08889589269431603	0.0715561644749102	-0.08732817772194415	0.10037826553760601	-0.06779342594620191	0.08330276073262739	-0.10872059270208204	0.08482052930684998	-0.09698147733469321	0.10796747579064538	-0.1016000740331657	0.08869747280838947	-0.11208292657544743	0.12094352627040614	-0.1401792586542761	0.16722279909804752	-0.10230704514662012	0.11979531945198157	-0.12194677946157906	0.16876108988286148	-0.25553507370742806	0.13292723156214523	-0.16178762197928456	0.22906585380595593	-0.6973316453072786	0.9999999999999951	-0.1466349018593172	0.11708190953027771	-0.21381561846368627	0.13724846227206508	-0.42439533629611176	0.028468857060526858	-0.07286732902363897	0.07466788986677579	-0.15705427222492252	0.27227927492685444	-0.03061604757691829	0.018252632763066927	-0.017838714191836386	0.08280533863985207	-0.08150783228358807
0.10062428780615643	-0.06661609321299446	0.07436418030204893	-0.05969367480354355	0.07981859831877477	-0.07582286748419714	0.08898710496541945	-0.10010127049722649	0.06247975356000158	-0.07545123547998293	0.11692707960000602	-0.09098255385455646	0.09195343387892899	-0.09684340474014665	0.08166208136997044	-0.1271333181942507	0.11926225396951333	-0.1255465008624248	0.08543839125706121	-0.09640482193132852	0.14886177904998685	-0.14882648129268483	0.12890122572196308	-0.0850053072717985	0.08019408699027455	-0.38431065784533347	0.2241299795385995	-0.26760141752724553	0.14883856438643733	-0.1466349018593172	0.9999999999999957	-0.7256892495743941	0.27458503528967465	-0.1348964528877266	0.08214033912759561	-0.10551835722969459	0.19256721398025795	-0.2225183615209978	0.1312658796680549	-0.11179001077637764	0.09579933108544027	-0.037552035802397896	0.03551359600638354	-0.0502773778745183	0.04471790650391253
-0.08143021589689613	0.05301084118433439	-0.05978231887626192	0.04725480291433567	-0.06405610276273259	0.060560196817129215	-0.07175374253463523	0.07855314363643402	-0.04961436404315518	0.05938197894889846	-0.09453355188477781	0.0723280614475097	-0.07357250675847177	0.0761639672797489	-0.06524043713673262	0.09402701280666553	-0.09668565872733154	0.09924076763058058	-0.06841403495923498	0.07580044274759423	-0.11571905550032963	0.11766572085556239	-0.10850571745015349	0.06742492310632936	-0.06450779617611	0.21504519427394467	-0.19565113771643053	0.22702150090642756	-0.132895629761642	0.11708190953027771	-0.7256892495743941	0.9999999999999962	-0.45519337337654425	0.13743071005350815	-0.06737045720542395	0.0804833065554161	-0.28589014670570245	0.21473780754776062	-0.14280674415149694	0.08841746160919485	-0.08357098683928149	0.036732538015261454	-0.03541783783642969	0.041361058362334086	-0.037538307556890596
0.10973657162914174	-0.07313386000341238	0.0822191533855637	-0.06733955706234174	0.09022499422975244	-0.08158339860732264	0.09697538197293211	-0.11277303752233184	0.07078384574808988	-0.08607275398206166	0.12380267695221593	-0.0983065736689095	0.1050824544465305	-0.11148552217304195	0.09428386430995779	-0.12276201696801431	0.1281126249825689	-0.14664612205227665	0.10311064022386149	-0.11844943690572403	0.13740172119326977	-0.17347895792663465	0.15877743043547166	-0.10685200716981783	0.1024367507436451	-0.2506071756958786	0.23098513853555808	-0.6051164643356198	0.22790115927857965	-0.21381561846368627	0.27458503528967465	-0.45519337337654425	0.999999999999998	-0.296834965963611	0.1152985482930087	-0.05273771190287872	0.1566861495776814	-0.1767130745588293	0.21924348389378231	-0.1552972552472068	0.054177399587758183	-0.0314907623661675	0.03024691081917563	-0.06625217267223589	0.058987281166256636
-0.06145828975149345	0.039986021681487675	-0.04544347247026162	0.03699749521348647	-0.05033755660371871	0.044610847444391886	-0.05325459679841954	0.0606928075438759	-0.038843942434342686	0.047130876090938245	-0.06788752866126162	0.0527986590135411	-0.05616307618558405	0.06023383597776092	-0.052390181983333374	0.06184649099404836	-0.06893265399384978	0.07457124107137154	-0.05835582840417848	0.06763402384607296	-0.07046455291871591	0.08192741976519778	-0.07696928461569251	0.0614836814584226	-0.06154592299699794	0.11092837457020802	-0.11163426274997687	0.18016406458658993	-0.17766421589240697	0.13724846227206508	-0.1348964528877266	0.13743071005350815	-0.296834965963611	0.9999999999999988	-0.09814488395043205	0.0318666081788636	-0.12095998063464347	0.12724431539868278	-0.8908077405039256	0.11782349939188518	-0.033963662045228354	0.023581511070764782	-0.02348846531931625	0.06493347210020481	-0.06121602609254869
0.05937884785618617	-0.038295508317145066	0.04437573723100881	-0.03694685262518273	0.05160138724331698	-0.04210544874524686	0.05112380466901323	-0.05870969793222751	0.03925248968407756	-0.04819788885682679	0.06374206979529086	-0.049501624238955474	0.055426256239967685	-0.06188737170150175	0.057021353584716224	-0.05177782196581917	0.0648032269851598	-0.06955175719853927	0.07374391287278205	-0.0908839368437161	0.05915979273938298	-0.06835842149850858	0.06740143201147554	-0.08846807353298877	0.1030529240018644	-0.07690715857287132	0.08842639351515363	-0.12469472381012199	0.23611507867192394	-0.42439533629611176	0.08214033912759561	-0.06737045720542395	0.1152985482930087	-0.09814488395043205	0.9999999999999973	-0.016768273346552814	0.04422544595469512	-0.04625689664098971	0.10537880946144097	-0.8330342980418235	0.017980993773280142	-0.015257950236668637	0.014825262562872709	-0.1228341447548289	0.1141558071155759
-0.020354754464646848	0.013226767222971787	-0.014884639019894022	0.011887822087432514	-0.016026446371225495	0.0150029472306417	-0.017694250690769922	0.01971463703665952	-0.012410457104095746	0.014943595156705082	-0.02310296008742165	0.017758032087518107	-0.01798997565771327	0.018996639698269844	-0.01619391130539293	0.022887628415510994	-0.023260973543010304	0.024074846471996814	-0.016791711931077435	0.018924801937122687	-0.0267218550216738	0.0272454436800571	-0.024256530539745323	0.016606222898163145	-0.015788444525044645	0.050409479464520277	-0.03977115018049765	0.04635518533152473	-0.029716645378464888	0.028468857060526858	-0.10551835722969459	0.0804833065554161	-0.05273771190287872	0.0318666081788636	-0.016768273346552814	0.9999999999999968	-0.11102974458057152	0.10048519118609943	-0.033133850657511246	0.02251660716056547	-0.9803960301958666	0.02646242319277507	-0.025676091423320994	0.0121356744444657	-0.011023008954477387
0.04844945724304099	-0.03138074069272588	0.035467403525819785	-0.02830919924463329	0.038368642834440206	-0.03551641177259647	0.04208042564552591	-0.0467569483995832	0.029603731669021225	-0.03560008997664716	0.05469946348395627	-0.0420071658622813	0.04298398071284859	-0.04529766424877922	0.03888367561949474	-0.05235434028439075	0.05525576530121047	-0.05736399263956963	0.040769524477439055	-0.04596310362491067	0.06126196524399541	-0.06478659855776567	0.0589838230505494	-0.040644628432448905	0.03902528968313507	-0.10714311047786734	0.09559816690811121	-0.11874819787355408	0.0783107652157163	-0.07286732902363897	0.19256721398025795	-0.28589014670570245	0.1566861495776814	-0.12095998063464347	0.04422544595469512	-0.11102974458057152	0.9999999999999957	-0.8959352513935355	0.12599654643774608	-0.058716900994167626	0.1017022877530824	-0.10122639070990444	0.0921142195399261	-0.034344633082801855	0.031295528164787645
-0.05230335292822307	0.03355003780862462	-0.038065964407719755	0.030040904894743488	-0.0410076419320597	0.03818638821170134	-0.04532851630694517	0.04940219263950275	-0.031442102700906534	0.037585772867161305	-0.059259227997480034	0.04502215114899969	-0.0457371064915786	0.04774108918721456	-0.04129009598909789	0.055520099203844764	-0.0597657731865956	0.06056702962507288	-0.04302697650165076	0.04792498386836471	-0.06642794718793986	0.0685698741243484	-0.06347998795959903	0.04242382487801453	-0.04091903368274306	0.11065735008563482	-0.10619112491291675	0.12073665628394713	-0.08390847751735726	0.07466788986677579	-0.2225183615209978	0.21473780754776062	-0.1767130745588293	0.12724431539868278	-0.04625689664098971	0.10048519118609943	-0.8959352513935355	0.9999999999999942	-0.16183778678245625	0.06020890237072969	-0.1104247363334582	0.09735054859929335	-0.10751222833573536	0.03622025242569455	-0.03363347398836289
0.0685459322325981	-0.04500072470939602	0.05093204060339619	-0.04196589020910849	0.0566058135460286	-0.04987071888880734	0.05941141682256039	-0.0691169729772354	0.04396423853952944	-0.05373622887861738	0.07526137050935379	-0.05909820528652117	0.06315049504171687	-0.06864521755743465	0.05916259655250213	-0.06931386155932152	0.076321854453695	-0.08420365608489372	0.06589135989786368	-0.07791916897734852	0.07726185365270713	-0.0912008453040846	0.08354975713102863	-0.07027963106028608	0.06931953387709773	-0.12395220457785948	0.11706700459564315	-0.19489161894477927	0.16220392399468517	-0.15705427222492252	0.1312658796680549	-0.14280674415149694	0.21924348389378231	-0.8908077405039256	0.10537880946144097	-0.033133850657511246	0.12599654643774608	-0.16183778678245625	0.9999999999999947	-0.14345288656935354	0.03484492946807863	-0.02690477937636332	0.02647997901196597	-0.08039047854360373	0.0698787098932486
-0.07715217519871259	0.04870192850800931	-0.05671297352206093	0.045995648686840876	-0.06508995757219814	0.05418096735319613	-0.06562447274315401	0.07252995296084591	-0.048692302541954675	0.05863829211229542	-0.08258944025653	0.0629404793801746	-0.06838351258564768	0.07425641999225693	-0.06913360540980144	0.0661815049377913	-0.08300359045152683	0.08511339295486933	-0.08396903436570542	0.0956707677911822	-0.07659481461526726	0.08509714552222625	-0.08465983297732015	0.09071741098331831	-0.10710261324599243	0.09830133244336434	-0.1160728705669089	0.15034701572305476	-0.3079996315601642	0.27227927492685444	-0.11179001077637764	0.08841746160919485	-0.1552972552472068	0.11782349939188518	-0.8330342980418235	0.02251660716056547	-0.058716900994167626	0.06020890237072969	-0.14345288656935354	0.9999999999999946	-0.024276129501126627	0.018926141622979883	-0.01850284319601217	0.1412045301499871	-0.16988629299772198
0.021572663143183506	-0.01405464239009454	0.01580236527137679	-0.012669343108369438	0.017047167133529936	-0.01590381116541014	0.018748643959061614	-0.021026467255526305	0.013219775401271928	-0.01594777291935983	0.02440654528547458	-0.01882969995984341	0.019128480808859795	-0.020271037481727358	0.017248507407477708	-0.02425670628026732	0.024572636989220662	-0.025632379278366896	0.01790886953336989	-0.020264472271012093	0.0279684951928796	-0.028897221643763026	0.025613626562980156	-0.017766990445607964	0.016875157691159836	-0.05315274247163143	0.04124381415426999	-0.04943362090010778	0.031526148003643624	-0.03061604757691829	0.09579933108544027	-0.08357098683928149	0.054177399587758183	-0.033963662045228354	0.017980993773280142	-0.9803960301958666	0.1017022877530824	-0.1104247363334582	0.03484492946807863	-0.024276129501126627	0.9999999999999942	-0.02831249894465202	0.02662481894630223	-0.013008522007420528	0.011758936265314286
-0.011858358293122855	0.007525172120528938	-0.00858406462330171	0.006797238071131095	-0.009341002717957587	0.008522375297295355	-0.01012983633453788	0.011063275749770791	-0.007100698301064806	0.008494353256844937	-0.013122323788194126	0.009943652788274759	-0.010143888850823075	0.010710896539144503	-0.009360079204799414	0.011809993262757688	-0.013083379922774458	0.013237484130632353	-0.009829925513974984	0.011038930996362398	-0.013873215103908917	0.014432236776494791	-0.013371950044530068	0.009775921095594792	-0.009610426529399991	0.02197713509869294	-0.021117142835319652	0.02443989393795114	-0.020235683203388363	0.018252632763066927	-0.037552035802397896	0.036732538015261454	-0.0314907623661675	0.023581511070764782	-0.015257950236668637	0.02646242319277507	-0.10122639070990444	0.09735054859929335	-0.02690477937636332	0.018926141622979883	-0.02831249894465202	0.999999999999994	-0.9863745065003601	0.05049852744076861	-0.05053932806634953
0.011476172477641523	-0.0072926962196979035	0.008314728257191695	-0.006596353651807796	0.009055014379357025	-0.008250531757077215	0.0098051699069457	-0.010742363214080146	0.006889849100099832	-0.008250648178246316	0.012688218125329963	-0.009630038151175453	0.00983832453631742	-0.010405869624980591	0.009083824361298232	-0.011437397289654523	0.01265271250997868	-0.0128496921595906	0.009551763072842745	-0.01075143334596639	0.013389886713634341	-0.013991393891957537	0.012938062117975187	-0.009519847255764007	0.00935232896255919	-0.021270487235548995	0.020308725471626085	-0.02379782975134564	0.019627329291294723	-0.017838714191836386	0.03551359600638354	-0.03541783783642969	0.03024691081917563	-0.02348846531931625	0.014825262562872709	-0.025676091423320994	0.0921142195399261	-0.10751222833573536	0.02647997901196597	-0.01850284319601217	0.02662481894630223	-0.9863745065003601	0.9999999999999936	-0.05339114569818299	0.0486315268707415
