1.0	-0.5485901816687461	0.240521487994937	-0.2694901089156645	0.07708691928877293	-0.6210625338591276	0.32986587421933583	-0.2218802481536564	0.14803869797001692	-0.0696916976962158	0.12203247869695835	-0.10956607031492346	0.13808446023855475	-0.09136207287746537	0.08857665226305048	-0.11137401317132524	0.09389554107473853	-0.1029603889051453	0.08407571648116888	-0.07146597750225121	0.10549104810449533	-0.11195690501526855	0.09261740491306834	-0.08447664417149477	0.08309585771729172	-0.05998128546976382	0.0510138640009426	-0.16878802584782474	0.05584092018337127	-0.0675907652909671
-0.5485901816687461	1.0	-0.5693738286814558	0.2586373599123782	-0.07845303502475234	0.2646922619344735	-0.44872615180015346	0.19988586384635	-0.15838275927235473	0.06847574665491998	-0.09346220803828743	0.08698284064818056	-0.1319094688266567	0.08512414445451598	-0.08518406589292174	0.08268097369103235	-0.07899845573392772	0.08813615002316262	-0.07534105882570756	0.06420628906216168	-0.09007747202039702	0.09109751813061136	-0.07922240207600273	0.07263823029496447	-0.07559118868589315	0.048278214112928895	-0.04142186612518021	0.13438335684701863	-0.04825784238214412	0.05777304457580283
0.240521487994937	-0.5693738286814558	1.0	-0.6061624285467551	0.10232406253380301	-0.15598266861141868	0.22489851260290006	-0.3588839939421358	0.24996163210002809	-0.09424347404281162	0.07763133234525325	-0.08053035869655134	0.15170322966368438	-0.10861446296932742	0.10374290414649555	-0.07402249112008066	0.07599500303363223	-0.09924472421934842	0.086581897288748	-0.07528924228100943	0.08989393211896735	-0.09669607871849767	0.08749356115457417	-0.08325795651916972	0.08522183567436463	-0.052601203385497064	0.04513713244248421	-0.15462949322712377	0.05487914806335059	-0.06645325449739167
-0.2694901089156645	0.2586373599123782	-0.6061624285467551	1.0	-0.15486591911355263	0.15535299050861223	-0.26514702879822205	0.3105252566808888	-0.5356696638555615	0.13277602103563949	-0.08612053609634195	0.08771508522865837	-0.18738591269059515	0.13750222793489913	-0.13991824609013098	0.08015106383996182	-0.0852821829576142	0.11031485812003479	-0.1038243330215543	0.09001829969452535	-0.10134184783303929	0.10367457160291178	-0.09792500648881096	0.09373798386204715	-0.10321463455199549	0.05500958407569711	-0.04761805137419819	0.15664975258453995	-0.06216024233601866	0.07406110265462439
0.07708691928877293	-0.07845303502475234	0.10232406253380301	-0.15486591911355263	1.0000000000000002	-0.05217526214975197	0.08061841425620388	-0.18924008337487414	0.17657129122916868	-0.8904669667008606	0.06007065516169683	-0.07062673215907612	0.15076469517145372	-0.21906130852819428	0.22179356262164415	-0.06177775354842318	0.07111146701812737	-0.11212747193647737	0.12011796288763515	-0.12615807406593277	0.08614414122199678	-0.09991607190590451	0.09823923804929502	-0.1102767837826384	0.1142042217457012	-0.0544763093441707	0.04705569780740053	-0.1683615582491171	0.0701276592565986	-0.08824664489923381
-0.6210625338591276	0.2646922619344735	-0.15598266861141868	0.15535299050861223	-0.05217526214975197	1.0000000000000009	-0.6859846707297635	0.13631255726687563	-0.09416984611226926	0.04629879871275043	-0.1553052185750169	0.10671796095953723	-0.10122154645553688	0.06353021318970711	-0.06236064536181333	0.11184991856071265	-0.08703447064343334	0.07844247670947929	-0.06171044712049453	0.051343048107652764	-0.08946481923834097	0.08820611821517281	-0.070012656367564	0.061557919410095384	-0.06044865469699726	0.045195076199107606	-0.03848002996223458	0.11795947542588961	-0.040513504233276536	0.04846815770305836
0.32986587421933583	-0.44872615180015346	0.22489851260290006	-0.26514702879822205	0.08061841425620388	-0.6859846707297635	1.000000000000001	-0.23609828078467274	0.1526850265374713	-0.07273705184370938	0.14006669385798723	-0.13603692684560215	0.14849774615111083	-0.09703170349730224	0.09403818235756137	-0.12723873005563616	0.1097561247141417	-0.113232059328528	0.09085591827001836	-0.07677018076844612	0.11683875626891028	-0.12358115616738781	0.10121718599835572	-0.09146311018536084	0.08936354651455464	-0.06562044883930743	0.05578529922047805	-0.1822434724473672	0.06033341538395491	-0.07290972143631075
-0.2218802481536564	0.19988586384635	-0.3588839939421358	0.3105252566808888	-0.18924008337487414	0.13631255726687563	-0.23609828078467274	1.0000000000000007	-0.7123947805181403	0.1618228674048788	-0.09234138713972369	0.09989119463943152	-0.29168152844647083	0.1751749144801466	-0.17348204960841868	0.08803215652176859	-0.09866463795299726	0.13896999538148164	-0.12706683364057889	0.10925577504088603	-0.11430074328724538	0.11973057852543584	-0.11800855631298769	0.11286074806609056	-0.12261546658691551	0.06311998271017734	-0.0548241831891482	0.18184360006068195	-0.0740257612904531	0.08808305849161557
0.14803869797001692	-0.15838275927235473	0.24996163210002809	-0.5356696638555615	0.17657129122916868	-0.09416984611226926	0.1526850265374713	-0.7123947805181403	1.0000000000000007	-0.20355438079972962	0.06868253837666641	-0.07636605496806698	0.1850226553257996	-0.18650891744035322	0.1557113239365816	-0.06715767011426597	0.07498146898310722	-0.11016223143082522	0.10589570378889405	-0.09380605362163721	0.08769076235002506	-0.09551756390837876	0.09307226959793295	-0.09376060201634911	0.09903288326120413	-0.05095693514850614	0.04410811084869734	-0.150508897016932	0.06058614913717732	-0.07312414639208356
-0.0696916976962158	0.06847574665491998	-0.09424347404281162	0.13277602103563949	-0.8904669667008606	0.04629879871275043	-0.07273705184370938	0.1618228674048788	-0.20355438079972962	1.0000000000000016	-0.051256178904152586	0.059587786728454224	-0.13879929311479344	0.19062781453666436	-0.29563281911637135	0.052042969125055405	-0.060619586561025215	0.09488309297152152	-0.1081572911327385	0.11276734989045517	-0.07263013905132074	0.08202149395389843	-0.08313939670653019	0.09261750102613839	-0.10581819007477795	0.04398662044651626	-0.03818102887856551	0.13320345040558235	-0.05957856273426077	0.07339455443561667
0.12203247869695835	-0.09346220803828743	0.07763133234525325	-0.08612053609634195	0.06007065516169683	-0.1553052185750169	0.14006669385798723	-0.09234138713972369	0.06868253837666641	-0.051256178904152586	1.0	-0.5166811994214258	0.172217264387925	-0.0936970615259394	0.09219816931900338	-0.7091735203641001	0.2947067386358764	-0.17649262025563106	0.11450184260818624	-0.08827731928592708	0.24457709617152884	-0.22786301627989974	0.14873071060072368	-0.11669788078198404	0.10548731033639047	-0.10216857008696725	0.085792016394372	-0.20489488968716	0.07428632541783459	-0.08654956325134408
-0.10956607031492346	0.08698284064818056	-0.08053035869655134	0.08771508522865837	-0.07062673215907612	0.10671796095953723	-0.13603692684560215	0.09989119463943152	-0.07636605496806698	0.059587786728454224	-0.5166811994214258	0.9999999999999999	-0.2476250205454606	0.11399052753284378	-0.11290962731321291	0.2985145317207561	-0.6980463437498698	0.22603615798375842	-0.14419535732574637	0.10445301942908933	-0.23640036350790858	0.20176596431416632	-0.18124981379744834	0.13228261185047518	-0.12596226456197213	0.08998720246926276	-0.0798874683598825	0.19730854243381388	-0.08427607842878489	0.09512625856237852
0.13808446023855475	-0.1319094688266567	0.15170322966368438	-0.18738591269059515	0.15076469517145372	-0.10122154645553688	0.14849774615111083	-0.29168152844647083	0.1850226553257996	-0.13879929311479344	0.172217264387925	-0.2476250205454606	0.9999999999999972	-0.3844168084339197	0.2534838369183206	-0.18395179144078908	0.22555393488834793	-0.4739940033042603	0.2634348026441854	-0.22140085348124366	0.23188817288816466	-0.2842562366314248	0.2815294005024337	-0.26469312376401793	0.22660667828883052	-0.14923817246494211	0.12893684980160305	-0.46039633799260765	0.16184698704602946	-0.19860061094949372
-0.09136207287746537	0.08512414445451598	-0.10861446296932742	0.13750222793489913	-0.21906130852819428	0.06353021318970711	-0.09703170349730224	0.1751749144801466	-0.18650891744035322	0.19062781453666436	-0.0936970615259394	0.11399052753284378	-0.3844168084339197	1.0000000000000007	-0.7321211153549764	0.09578034954185789	-0.12002514837099595	0.20473921203922477	-0.3438779735598019	0.2425441526118001	-0.1343881411154542	0.1502984635424951	-0.1714016809835788	0.19880152995858366	-0.2320782663162962	0.0771444127941186	-0.06786999717109117	0.227283244851149	-0.1244983222272808	0.14441178240210972
0.08857665226305048	-0.08518406589292174	0.10374290414649555	-0.13991824609013098	0.22179356262164415	-0.06236064536181333	0.09403818235756137	-0.17348204960841868	0.1557113239365816	-0.29563281911637135	0.09219816931900338	-0.11290962731321291	0.2534838369183206	-0.7321211153549764	0.9999999999999973	-0.09641660931860048	0.1153916772425972	-0.19801415987097576	0.2523047603871231	-0.3444134577339527	0.13520185930514625	-0.15919605174408313	0.1667879328993123	-0.20606643848128334	0.22798545453985697	-0.08427090751062644	0.0733300828966249	-0.2585501359057137	0.12594836701904047	-0.1579584301531197
-0.11137401317132524	0.08268097369103235	-0.07402249112008066	0.08015106383996182	-0.06177775354842318	0.11184991856071265	-0.12723873005563616	0.08803215652176859	-0.06715767011426597	0.052042969125055405	-0.7091735203641001	0.2985145317207561	-0.18395179144078908	0.09578034954185789	-0.09641660931860048	0.9999999999999992	-0.4073547630567339	0.1812316341916981	-0.12139942136861079	0.09091245240769376	-0.4176898648634788	0.22919604784288664	-0.15929887484183794	0.11850266875087741	-0.11111252023917348	0.10214191259686173	-0.0880980836156261	0.1943556889243447	-0.07601395480201201	0.08668770029943548
0.09389554107473853	-0.07899845573392772	0.07599500303363223	-0.0852821829576142	0.07111146701812737	-0.08703447064343334	0.1097561247141417	-0.09866463795299726	0.07498146898310722	-0.060619586561025215	0.2947067386358764	-0.6980463437498698	0.22555393488834793	-0.12002514837099595	0.1153916772425972	-0.4073547630567339	0.9999999999999966	-0.3728269657679566	0.15940987056139325	-0.11591995565341624	0.2349732384746243	-0.2625154915694791	0.20735624252377874	-0.1544176863904386	0.1331768905450778	-0.1055460912635686	0.09268218315503587	-0.22802021302689954	0.09376098209856329	-0.10747936642955994
-0.1029603889051453	0.08813615002316262	-0.09924472421934842	0.11031485812003479	-0.11212747193647737	0.07844247670947929	-0.113232059328528	0.13896999538148164	-0.11016223143082522	0.09488309297152152	-0.17649262025563106	0.22603615798375842	-0.4739940033042603	0.20473921203922477	-0.19801415987097576	0.1812316341916981	-0.3728269657679566	0.9999999999999987	-0.3837958994211283	0.2009274792905618	-0.24035364594079334	0.25328395447185015	-0.5442640693864647	0.26803117509933705	-0.22954475800326912	0.11220333414295319	-0.1039517797116882	0.29336731629428414	-0.15778223567952404	0.16818018294293444
0.08407571648116888	-0.07534105882570756	0.086581897288748	-0.1038243330215543	0.12011796288763515	-0.06171044712049453	0.09085591827001836	-0.12706683364057889	0.10589570378889405	-0.1081572911327385	0.11450184260818624	-0.14419535732574637	0.2634348026441854	-0.3438779735598019	0.2523047603871231	-0.12139942136861079	0.15940987056139325	-0.3837958994211283	0.9999999999999997	-0.49510934840203674	0.17084826697595706	-0.2017148973610553	0.26587746409888185	-0.5183765778978736	0.3004157285619073	-0.09609270404698064	0.08599147908214289	-0.27913819597117245	0.20979510014544697	-0.2503061616855782
-0.07146597750225121	0.06420628906216168	-0.07528924228100943	0.09001829969452535	-0.12615807406593277	0.051343048107652764	-0.07677018076844612	0.10925577504088603	-0.09380605362163721	0.11276734989045517	-0.08827731928592708	0.10445301942908933	-0.22140085348124366	0.2425441526118001	-0.3444134577339527	0.09091245240769376	-0.11591995565341624	0.2009274792905618	-0.49510934840203674	0.9999999999999968	-0.13445482189412444	0.14939133064649046	-0.18399207183944072	0.2475846492806484	-0.6903536042501386	0.07509067857634602	-0.06678079358901395	0.21908479867844946	-0.17170081193205447	0.19831325656291096
0.10549104810449533	-0.09007747202039702	0.08989393211896735	-0.10134184783303929	0.08614414122199678	-0.08946481923834097	0.11683875626891028	-0.11430074328724538	0.08769076235002506	-0.07263013905132074	0.24457709617152884	-0.23640036350790858	0.23188817288816466	-0.1343881411154542	0.13520185930514625	-0.4176898648634788	0.2349732384746243	-0.24035364594079334	0.17084826697595706	-0.13445482189412444	0.9999999999999948	-0.6415015679382532	0.2523083560024859	-0.1926971376919328	0.16458436420583258	-0.2583388859131375	0.20309903350400083	-0.37916633630471674	0.12219946399939978	-0.14293269782550855
-0.11195690501526855	0.09109751813061136	-0.09669607871849767	0.10367457160291178	-0.09991607190590451	0.08820611821517281	-0.12358115616738781	0.11973057852543584	-0.09551756390837876	0.08202149395389843	-0.22786301627989974	0.20176596431416632	-0.2842562366314248	0.1502984635424951	-0.15919605174408313	0.22919604784288664	-0.2625154915694791	0.25328395447185015	-0.2017148973610553	0.14939133064649046	-0.6415015679382532	0.9999999999999938	-0.4182486697704649	0.20844142950656686	-0.1966812193070751	0.22482199622045718	-0.28785685068713135	0.2979358441893352	-0.1362640289421493	0.14390049377647243
0.09261740491306834	-0.07922240207600273	0.08749356115457417	-0.09792500648881096	0.09823923804929502	-0.070012656367564	0.10121718599835572	-0.11800855631298769	0.09307226959793295	-0.08313939670653019	0.14873071060072368	-0.18124981379744834	0.2815294005024337	-0.1714016809835788	0.1667879328993123	-0.15929887484183794	0.20735624252377874	-0.5442640693864647	0.26587746409888185	-0.18399207183944072	0.2523083560024859	-0.4182486697704649	0.9999999999999946	-0.452882461985702	0.2157907161044994	-0.139064411336012	0.13181083594701765	-0.4299317628578161	0.1870500780416215	-0.2012395556184099
-0.08447664417149477	0.07263823029496447	-0.08325795651916972	0.09373798386204715	-0.1102767837826384	0.061557919410095384	-0.09146311018536084	0.11286074806609056	-0.09376060201634911	0.09261750102613839	-0.11669788078198404	0.13228261185047518	-0.26469312376401793	0.19880152995858366	-0.20606643848128334	0.11850266875087741	-0.1544176863904386	0.26803117509933705	-0.5183765778978736	0.2475846492806484	-0.1926971376919328	0.20844142950656686	-0.452882461985702	0.9999999999999946	-0.3365767381867506	0.09491468829505931	-0.08855553998881495	0.26150923819130834	-0.45118220744145743	0.28190052865518905
0.08309585771729172	-0.07559118868589315	0.08522183567436463	-0.10321463455199549	0.1142042217457012	-0.06044865469699726	0.08936354651455464	-0.12261546658691551	0.09903288326120413	-0.10581819007477795	0.10548731033639047	-0.12596226456197213	0.22660667828883052	-0.2320782663162962	0.22798545453985697	-0.11111252023917348	0.1331768905450778	-0.22954475800326912	0.3004157285619073	-0.6903536042501386	0.16458436420583258	-0.1966812193070751	0.2157907161044994	-0.3365767381867506	0.9999999999999939	-0.10233443133978129	0.08973685590095433	-0.3150621799884642	0.22307034417634258	-0.350378556126434
-0.05998128546976382	0.048278214112928895	-0.052601203385497064	0.05500958407569711	-0.0544763093441707	0.045195076199107606	-0.06562044883930743	0.06311998271017734	-0.05095693514850614	0.04398662044651626	-0.10216857008696725	0.08998720246926276	-0.14923817246494211	0.0771444127941186	-0.08427090751062644	0.10214191259686173	-0.1055460912635686	0.11220333414295319	-0.09609270404698064	0.07509067857634602	-0.2583388859131375	0.22482199622045718	-0.139064411336012	0.09491468829505931	-0.10233443133978129	0.9999999999999947	-0.906093776426013	0.190111031259862	-0.06576443219210854	0.07054383597629983
0.0510138640009426	-0.04142186612518021	0.04513713244248421	-0.04761805137419819	0.04705569780740053	-0.03848002996223458	0.05578529922047805	-0.0548241831891482	0.04410811084869734	-0.03818102887856551	0.085792016394372	-0.0798874683598825	0.12893684980160305	-0.06786999717109117	0.0733300828966249	-0.0880980836156261	0.09268218315503587	-0.1039517797116882	0.08599147908214289	-0.06678079358901395	0.20309903350400083	-0.28785685068713135	0.13181083594701765	-0.08855553998881495	0.08973685590095433	-0.906093776426013	0.9999999999999947	-0.22033355506814506	0.06011996463968151	-0.06464640221051135
-0.16878802584782474	0.13438335684701863	-0.15462949322712377	0.15664975258453995	-0.1683615582491171	0.11795947542588961	-0.1822434724473672	0.18184360006068195	-0.150508897016932	0.13320345040558235	-0.20489488968716	0.19730854243381388	-0.46039633799260765	0.227283244851149	-0.2585501359057137	0.1943556889243447	-0.22802021302689954	0.29336731629428414	-0.27913819597117245	0.21908479867844946	-0.37916633630471674	0.2979358441893352	-0.4299317628578161	0.26150923819130834	-0.3150621799884642	0.190111031259862	-0.22033355506814506	0.9999999999999944	-0.205184563934275	0.2002142758698902
0.05584092018337127	-0.04825784238214412	0.05487914806335059	-0.06216024233601866	0.0701276592565986	-0.040513504233276536	0.06033341538395491	-0.0740257612904531	0.06058614913717732	-0.05957856273426077	0.07428632541783459	-0.08427607842878489	0.16184698704602946	-0.1244983222272808	0.12594836701904047	-0.07601395480201201	0.09376098209856329	-0.15778223567952404	0.20979510014544697	-0.17170081193205447	0.12219946399939978	-0.1362640289421493	0.1870500780416215	-0.45118220744145743	0.22307034417634258	-0.06576443219210854	0.06011996463968151	-0.205184563934275	0.9999999999999947	-0.8026423431274182
-0.0675907652909671	0.05777304457580283	-0.06645325449739167	0.07406110265462439	-0.08824664489923381	0.04846815770305836	-0.07290972143631075	0.08808305849161557	-0.07312414639208356	0.07339455443561667	-0.08654956325134408	0.09512625856237852	-0.19860061094949372	0.14441178240210972	-0.1579584301531197	0.08668770029943548	-0.10747936642955994	0.16818018294293444	-0.2503061616855782	0.19831325656291096	-0.14293269782550855	0.14390049377647243	-0.2012395556184099	0.28190052865518905	-0.350378556126434	0.07054383597629983	-0.06464640221051135	0.2002142758698902	-0.8026423431274182	0.9999999999999944
