0.9999999999999999	-0.7841055018445017	0.1969107491867272	-0.17583740608038526	0.13950601948658153	-0.3171644381461977	0.2947439655056086	-0.20044992363274614	0.14544320943376618	-0.11181336657311715	0.19364946287467347	-0.26182020297797126	0.17987133042630296	-0.13234687990606503	0.10143501499411874	-0.21613971107406554	0.18217393360482265	-0.18071312237840922	0.14150526209817493	-0.17710311370311943	0.0808955399864877	-0.08964600739385177	0.0698043780586401	-0.08756567178533199	0.12007933789752531	-0.05199281245277669	0.08656063875816519	-0.06263586734194726	0.12407666280932597	-0.025377706729643054	0.06562895335531187	-0.06529344502284609	0.036463548029235945	-0.051935154522413984	0.026151875130457247
-0.7841055018445017	0.9999999999999997	-0.189519189438149	0.13739033347025914	-0.1140152726913693	0.21445705564646123	-0.47988431984197283	0.1792313122240992	-0.1307742724260078	0.09072520305375133	-0.16294936036164437	0.22101797541966897	-0.16598644941578602	0.10998403073401083	-0.0839874014301031	0.16089063769565884	-0.16201730358644253	0.1453150746304669	-0.1195204762922525	0.13692378316303974	-0.06798973947944312	0.0748033328667022	-0.05753179327892619	0.07209884575611622	-0.09891809699288329	0.04313609651493576	-0.07322384066362553	0.05120080796783844	-0.10222078113133985	0.020678785693491585	-0.05449883390769143	0.053029162735570005	-0.029596366639320245	0.04176444837224634	-0.02133898883795446
0.1969107491867272	-0.189519189438149	0.9999999999999992	-0.510950291822823	0.2939234091921512	-0.21814376577355649	0.22576903895531916	-0.42944376148107055	0.2638787633260301	-0.2204911968500544	0.16474679118325344	-0.22861204821994832	0.2577087179419009	-0.24096082097401145	0.19256188297314658	-0.20866513976751963	0.1927328515100249	-0.29554860820839524	0.24419805095111533	-0.3693098505015688	0.10768709647179081	-0.11169040403252763	0.11553968299918874	-0.15760661941677528	0.2199778989189812	-0.0696484676163449	0.11140896323158365	-0.1033683584152334	0.2252540025800558	-0.043789456343848905	0.09066626868119679	-0.09057055624955887	0.052138268174469884	-0.07486770613874037	0.045424596707273696
-0.17583740608038526	0.13739033347025914	-0.510950291822823	0.9999999999999986	-0.6219536649591815	0.15838422833273766	-0.18297219452635502	0.23544272697290122	-0.3004493848174169	0.23312844139892624	-0.13079484607856973	0.17123000036008287	-0.2129099036906347	0.22114721867326836	-0.21585528635594312	0.15676576913575443	-0.16493324655060845	0.2231670677649055	-0.2399709069257354	0.2931164887181212	-0.10124529036152016	0.09961596980154593	-0.11853629811762625	0.1628222089642782	-0.24155005041865577	0.06428068733212336	-0.10287149472759712	0.10292442429600003	-0.24940843288319797	0.04580199967694621	-0.08546390984449881	0.08101899975185314	-0.04759726748582834	0.06708213500636706	-0.048118737146591095
0.13950601948658153	-0.1140152726913693	0.2939234091921512	-0.6219536649591815	0.9999999999999983	-0.1440520844605825	0.15031289698516717	-0.19836623426535052	0.23441385722207864	-0.39953552034486856	0.11431782009197974	-0.1500935115400582	0.17916175454961442	-0.22864592892315638	0.2481072549339833	-0.14423346177069513	0.14226099950275337	-0.21590848074624974	0.21967889015599362	-0.41165220926866547	0.08794952695719951	-0.08771666520164104	0.10346563504960313	-0.1465706625638526	0.21096084726470415	-0.05648845483348383	0.08959626217812688	-0.09148517026234904	0.21402213428354946	-0.040218060207105756	0.07477920827060731	-0.07319046503100257	0.0428828207579586	-0.061227123727515306	0.04198182048548427
-0.3171644381461977	0.21445705564646123	-0.21814376577355649	0.15838422833273766	-0.1440520844605825	0.9999999999999987	-0.3649280557807653	0.1925156390052267	-0.15497933404387507	0.1087205896048583	-0.70352946520521	0.2821366790109358	-0.2104210763343375	0.1316402572191707	-0.10266545338207159	0.2872468294138423	-0.2994836799131019	0.17971765851455865	-0.15400192775541796	0.16410303514925484	-0.11703526374483923	0.12558921017259467	-0.08227638205940958	0.09537851371848168	-0.1323273051832374	0.0723256565198589	-0.12739142419600585	0.0724040197168201	-0.1384841907074127	0.028919522142081176	-0.09148598060131694	0.08463091486022921	-0.04665995992249222	0.0645427960194001	-0.02982517347719424
0.2947439655056086	-0.47988431984197283	0.22576903895531916	-0.18297219452635502	0.15031289698516717	-0.3649280557807653	0.9999999999999974	-0.3677151895790312	0.18981438644533816	-0.1285876273977938	0.24020092682682703	-0.5356810348984532	0.261872082591861	-0.16394462619826997	0.11711693721052178	-0.24394006994591072	0.22937395329800891	-0.2215486441606555	0.16739826193618737	-0.18550754220965116	0.09073592447708792	-0.1048212550659411	0.07741406902891744	-0.0976109719159085	0.1310673377977472	-0.05797200189294949	0.09853782249476159	-0.0693375437423435	0.1350836887287083	-0.027425089037935807	0.0723266654414591	-0.07142397864513378	0.039631576295906176	-0.05604106686165334	0.02823753649072508
-0.20044992363274614	0.1792313122240992	-0.42944376148107055	0.23544272697290122	-0.19836623426535052	0.1925156390052267	-0.3677151895790312	0.9999999999999961	-0.4752044353831401	0.18229595417040886	-0.1630764847005089	0.2603362204096816	-0.5245319065767929	0.2512158228607551	-0.17251864338807246	0.17416432694909004	-0.18616794366936812	0.2710468789131315	-0.240957785570859	0.2263677349092535	-0.08480739957789635	0.09199257769267154	-0.08899503334307672	0.12516507594072485	-0.1656560632742485	0.053986763809632535	-0.09039120085290253	0.07895357605521032	-0.16799023932060828	0.03188864489786868	-0.06894200723098262	0.06731937726533221	-0.03832285284764141	0.05417150063429724	-0.03297581906271693
0.14544320943376618	-0.1307742724260078	0.2638787633260301	-0.3004493848174169	0.23441385722207864	-0.15497933404387507	0.18981438644533816	-0.4752044353831401	0.9999999999999961	-0.3398362580130615	0.12394540469348678	-0.18707376581940155	0.25278352386682257	-0.6032082564682822	0.2626864142989201	-0.14710846079634207	0.14744450626273356	-0.27408970147098566	0.26391113299469837	-0.27398586637395	0.07636966663166163	-0.08103395236936704	0.08854191835318023	-0.13698440932661685	0.17276312909861663	-0.04897680066794225	0.08015415465123536	-0.07979337830819909	0.17302108674452069	-0.03248128423176804	0.06323080083850753	-0.062247115581501845	0.03590656138300328	-0.051032202316167015	0.03354525631948689
-0.11181336657311715	0.09072520305375133	-0.2204911968500544	0.23312844139892624	-0.39953552034486856	0.1087205896048583	-0.1285876273977938	0.18229595417040886	-0.3398362580130615	0.9999999999999956	-0.0899304517862023	0.12341568311381752	-0.16789616944932415	0.27680009142815004	-0.7401855603928005	0.10716382715362179	-0.11196169451511613	0.17860637135154597	-0.21819443293520732	0.26349314360130455	-0.06395041718798875	0.06525137051350909	-0.07894775471140106	0.11992696697447384	-0.16637463680484813	0.040797885265265024	-0.06615873717441499	0.06970004698827152	-0.16551642051956506	0.030076527095879498	-0.05348895194772853	0.051768224576755076	-0.03033549173104521	0.04291412923813186	-0.03135380020148193
0.19364946287467347	-0.16294936036164437	0.16474679118325344	-0.13079484607856973	0.11431782009197974	-0.70352946520521	0.24020092682682703	-0.1630764847005089	0.12394540469348678	-0.0899304517862023	0.9999999999999959	-0.36597495050087203	0.18172109396421798	-0.11054699348152576	0.0838267819674682	-0.49099822055044057	0.2692583869779269	-0.16237684397233185	0.1256970647370084	-0.13735970835929967	0.09536878425981642	-0.11031190084738822	0.06699302272036181	-0.07679245931623162	0.1046972086163153	-0.05977442789367947	0.10528692442699289	-0.059629527851150374	0.10944351583308344	-0.023266925325714026	0.07398424050012459	-0.07088295886936556	0.03870072519395918	-0.05396836344964351	0.023907298480570174
-0.26182020297797126	0.22101797541966897	-0.22861204821994832	0.17123000036008287	-0.1500935115400582	0.2821366790109358	-0.5356810348984532	0.2603362204096816	-0.18707376581940155	0.12341568311381752	-0.36597495050087203	0.9999999999999976	-0.44835212571355787	0.16051132819670597	-0.1171080890211069	0.2741958365547992	-0.4087283873184645	0.2373476364304448	-0.182234796533978	0.1792613400129432	-0.11076441709616833	0.1331641998579027	-0.08553856336544637	0.10267156980449466	-0.13761147312454244	0.06917286692717617	-0.12439815278045187	0.07570349172431073	-0.14252772282551338	0.029231095816381843	-0.08488984422232787	0.08227538074744542	-0.0450914437791273	0.06290295396636182	-0.03006677121079042
0.17987133042630296	-0.16598644941578602	0.2577087179419009	-0.2129099036906347	0.17916175454961442	-0.2104210763343375	0.261872082591861	-0.5245319065767929	0.25278352386682257	-0.16789616944932415	0.18172109396421798	-0.44835212571355787	0.999999999999997	-0.2585885499384217	0.156470788829311	-0.20157638662094798	0.2113587775024792	-0.5199013626204922	0.2518803683453724	-0.22899888888209835	0.0892463958963599	-0.10162344463469503	0.09428532206890777	-0.1284482476799758	0.16294451999682044	-0.05710003120240497	0.09624286663459278	-0.08448917749595707	0.16560463434287537	-0.03193324546290915	0.07187385179408289	-0.07107754901005528	0.040072982699435516	-0.056714305074922026	0.03287067552542147
-0.13234687990606503	0.10998403073401083	-0.24096082097401145	0.22114721867326836	-0.22864592892315638	0.1316402572191707	-0.16394462619826997	0.2512158228607551	-0.6032082564682822	0.27680009142815004	-0.11054699348152576	0.16051132819670597	-0.2585885499384217	0.9999999999999939	-0.4361653677764552	0.1287935364390922	-0.13654131880274575	0.2553461864625547	-0.44894195287602384	0.2615087874799613	-0.07192575703610943	0.07565144346504575	-0.09011344358119987	0.1571158598491346	-0.19066095615205547	0.04593782920641101	-0.07550251241023072	0.08083979060762544	-0.18661760425697568	0.03338594429105948	-0.05950818841891472	0.05814420077828866	-0.03384804552783574	0.04791146679144731	-0.03444681728695609
0.10143501499411874	-0.0839874014301031	0.19256188297314658	-0.21585528635594312	0.2481072549339833	-0.10266545338207159	0.11711693721052178	-0.17251864338807246	0.2626864142989201	-0.7401855603928005	0.0838267819674682	-0.1171080890211069	0.156470788829311	-0.4361653677764552	0.9999999999999956	-0.10144366893015032	0.10407425492051252	-0.18253314598333964	0.21597394163518102	-0.3517802163152503	0.05929182623292714	-0.060939046649301574	0.07377172685286534	-0.11691126883449605	0.1554612186208184	-0.037940111847472015	0.061421382855840735	-0.06582642982324097	0.15288586125755324	-0.02803066826967079	0.04963346461413597	-0.048388803933341905	0.02832863371675593	-0.04017980661345484	0.029109782658349667
-0.21613971107406554	0.16089063769565884	-0.20866513976751963	0.15676576913575443	-0.14423346177069513	0.2872468294138423	-0.24394006994591072	0.17416432694909004	-0.14710846079634207	0.10716382715362179	-0.49099822055044057	0.2741958365547992	-0.20157638662094798	0.1287935364390922	-0.10144366893015032	0.999999999999994	-0.6561492089573756	0.18739208842918556	-0.15693631521245482	0.1666520462331544	-0.17251547770010744	0.19666237769597605	-0.09792322669688247	0.09993720213186591	-0.13794625668779786	0.10413436847349453	-0.19632051438503242	0.0858596839221851	-0.1465103222748824	0.03277216185842936	-0.1280353199791277	0.11709440943149038	-0.06302558813523952	0.0859060842681729	-0.03360310311688451
0.18217393360482265	-0.16201730358644253	0.1927328515100249	-0.16493324655060845	0.14226099950275337	-0.2994836799131019	0.22937395329800891	-0.18616794366936812	0.14744450626273356	-0.11196169451511613	0.2692583869779269	-0.4087283873184645	0.2113587775024792	-0.13654131880274575	0.10407425492051252	-0.6561492089573756	0.999999999999993	-0.23417236846651165	0.16145465995836716	-0.17956933229707317	0.1751925737386986	-0.32721180462477745	0.10507309861639695	-0.10121118777758484	0.13492948922834172	-0.11407628571026501	0.20581009013634471	-0.09575474849356636	0.1435532745459808	-0.033953094132349614	0.12819503066404975	-0.13464208663857724	0.06991071123192195	-0.09833725200454191	0.03448582483638424
-0.18071312237840922	0.1453150746304669	-0.29554860820839524	0.2231670677649055	-0.21590848074624974	0.17971765851455865	-0.2215486441606555	0.2710468789131315	-0.27408970147098566	0.17860637135154597	-0.16237684397233185	0.2373476364304448	-0.5199013626204922	0.2553461864625547	-0.18253314598333964	0.18739208842918556	-0.23417236846651165	0.9999999999999927	-0.5618797003932502	0.2664214758246398	-0.103940848129766	0.11361849241024152	-0.14447039124389305	0.2004857758400089	-0.24730370241138444	0.06579061312273728	-0.1117259845058681	0.12159619454308768	-0.2483693099118261	0.04405320403776501	-0.08389772685150226	0.08145772105192353	-0.046898023044884794	0.06586933037964651	-0.04543032090992452
0.14150526209817493	-0.1195204762922525	0.24419805095111533	-0.2399709069257354	0.21967889015599362	-0.15400192775541796	0.16739826193618737	-0.240957785570859	0.26391113299469837	-0.21819443293520732	0.1256970647370084	-0.182234796533978	0.2518803683453724	-0.44894195287602384	0.21597394163518102	-0.15693631521245482	0.16145465995836716	-0.5618797003932502	0.9999999999999926	-0.3896947022162538	0.08799981297770311	-0.0941935890922057	0.12503316899417752	-0.34032365782002694	0.26171989243407673	-0.05670647665529241	0.09256489418903477	-0.11765963819323802	0.25202166859526115	-0.04546028576280089	0.07321587562317557	-0.07305776695504375	0.042816795753277195	-0.06102883333173794	0.04596312072860803
-0.17710311370311943	0.13692378316303974	-0.3693098505015688	0.2931164887181212	-0.41165220926866547	0.16410303514925484	-0.18550754220965116	0.2263677349092535	-0.27398586637395	0.26349314360130455	-0.13735970835929967	0.1792613400129432	-0.22899888888209835	0.2615087874799613	-0.3517802163152503	0.1666520462331544	-0.17956933229707317	0.2664214758246398	-0.3896947022162538	0.9999999999999925	-0.11613612815582887	0.11438652633535057	-0.1616349865644899	0.24568982371581932	-0.39247212807010123	0.07370673496074841	-0.11829268337497278	0.13975610094338034	-0.36575716242333844	0.06419839423729558	-0.09818548697385442	0.09313106077986759	-0.05586785383428948	0.07838599272374605	-0.06765099185289208
0.0808955399864877	-0.06798973947944312	0.10768709647179081	-0.10124529036152016	0.08794952695719951	-0.11703526374483923	0.09073592447708792	-0.08480739957789635	0.07636966663166163	-0.06395041718798875	0.09536878425981642	-0.11076441709616833	0.0892463958963599	-0.07192575703610943	0.05929182623292714	-0.17251547770010744	0.1751925737386986	-0.103940848129766	0.08799981297770311	-0.11613612815582887	0.9999999999999922	-0.4675002461025738	0.10507839373459804	-0.06995244327499017	0.09322451901657604	-0.6257071649342079	0.2958735558506967	-0.1009710266906378	0.10660903083875066	-0.04729769741984714	0.30486834887841524	-0.3461416708554443	0.1621748053552267	-0.24980279346113088	0.046104194262087686
-0.08964600739385177	0.0748033328667022	-0.11169040403252763	0.09961596980154593	-0.08771666520164104	0.12558921017259467	-0.1048212550659411	0.09199257769267154	-0.08103395236936704	0.06525137051350909	-0.11031190084738822	0.1331641998579027	-0.10162344463469503	0.07565144346504575	-0.060939046649301574	0.19666237769597605	-0.32721180462477745	0.11361849241024152	-0.0941935890922057	0.11438652633535057	-0.4675002461025738	0.9999999999999922	-0.16450965666199832	0.07469233529691444	-0.09619997806419817	0.2343142107965118	-0.6877309979236332	0.13028259284481922	-0.11288076722464722	0.035691226019364634	-0.23895146754089797	0.23596412164698705	-0.11711162851086035	0.1528201147938206	-0.03556937518797933
0.0698043780586401	-0.05753179327892619	0.11553968299918874	-0.11853629811762625	0.10346563504960313	-0.08227638205940958	0.07741406902891744	-0.08899503334307672	0.08854191835318023	-0.07894775471140106	0.06699302272036181	-0.08553856336544637	0.09428532206890777	-0.09011344358119987	0.07377172685286534	-0.09792322669688247	0.10507309861639695	-0.14447039124389305	0.12503316899417752	-0.1616349865644899	0.10507839373459804	-0.16450965666199832	0.9999999999999908	-0.16441393396868653	0.15063274098847598	-0.0681252991023746	0.12463284377938356	-0.8986258971091704	0.22210969138252953	-0.03899205447582401	0.07960991361020006	-0.08464946391142665	0.049264713179400704	-0.06760405218448998	0.03837535881305296
-0.08756567178533199	0.07209884575611622	-0.15760661941677528	0.1628222089642782	-0.1465706625638526	0.09537851371848168	-0.0976109719159085	0.12516507594072485	-0.13698440932661685	0.11992696697447384	-0.07679245931623162	0.10267156980449466	-0.1284482476799758	0.1571158598491346	-0.11691126883449605	0.09993720213186591	-0.10121118777758484	0.2004857758400089	-0.34032365782002694	0.24568982371581932	-0.06995244327499017	0.07469233529691444	-0.16441393396868653	0.9999999999999901	-0.664026822608526	0.04545926059202258	-0.07371949403553954	0.15416226037954228	-0.5663384843634643	0.06442350161380027	-0.059217001003704556	0.060683457730124214	-0.037734197733713296	0.05383715736945178	-0.06363008684107418
0.12007933789752531	-0.09891809699288329	0.2199778989189812	-0.24155005041865577	0.21096084726470415	-0.1323273051832374	0.1310673377977472	-0.1656560632742485	0.17276312909861663	-0.16637463680484813	0.1046972086163153	-0.13761147312454244	0.16294451999682044	-0.19066095615205547	0.1554612186208184	-0.13794625668779786	0.13492948922834172	-0.24730370241138444	0.26171989243407673	-0.39247212807010123	0.09322451901657604	-0.09619997806419817	0.15063274098847598	-0.664026822608526	0.9999999999999888	-0.06115187407224315	0.0961363591321106	-0.15675476601218974	0.32196921295793995	-0.07460588838045859	0.08048821365085795	-0.08363661407660904	0.051032984307493715	-0.07417874079684929	0.07028129874781713
-0.05199281245277669	0.04313609651493576	-0.0696484676163449	0.06428068733212336	-0.05648845483348383	0.0723256565198589	-0.05797200189294949	0.053986763809632535	-0.04897680066794225	0.040797885265265024	-0.05977442789367947	0.06917286692717617	-0.05710003120240497	0.04593782920641101	-0.037940111847472015	0.10413436847349453	-0.11407628571026501	0.06579061312273728	-0.05670647665529241	0.07370673496074841	-0.6257071649342079	0.2343142107965118	-0.0681252991023746	0.04545926059202258	-0.06115187407224315	0.999999999999989	-0.2963191643900209	0.06319469221157793	-0.0701868344735906	0.03141567410103568	-0.639580702891049	0.25776266413844334	-0.12272228274193797	0.16751190386608858	-0.030877914794500697
0.08656063875816519	-0.07322384066362553	0.11140896323158365	-0.10287149472759712	0.08959626217812688	-0.12739142419600585	0.09853782249476159	-0.09039120085290253	0.08015415465123536	-0.06615873717441499	0.10528692442699289	-0.12439815278045187	0.09624286663459278	-0.07550251241023072	0.061421382855840735	-0.19632051438503242	0.20581009013634471	-0.1117259845058681	0.09256489418903477	-0.11829268337497278	0.2958735558506967	-0.6877309979236332	0.12463284377938356	-0.07371949403553954	0.0961363591321106	-0.2963191643900209	0.9999999999999881	-0.12172235834162981	0.11141106300832404	-0.04520517091703121	0.2512410958478883	-0.4314994839099382	0.17159094287139331	-0.23674645240044023	0.044459428161790236
-0.06263586734194726	0.05120080796783844	-0.1033683584152334	0.10292442429600003	-0.09148517026234904	0.0724040197168201	-0.0693375437423435	0.07895357605521032	-0.07979337830819909	0.06970004698827152	-0.059629527851150374	0.07570349172431073	-0.08448917749595707	0.08083979060762544	-0.06582642982324097	0.0858596839221851	-0.09575474849356636	0.12159619454308768	-0.11765963819323802	0.13975610094338034	-0.1009710266906378	0.13028259284481922	-0.8986258971091704	0.15416226037954228	-0.15675476601218974	0.06319469221157793	-0.12172235834162981	0.9999999999999877	-0.29975509093304487	0.0406415689486186	-0.07587168803373494	0.07678719695406175	-0.04649268603358202	0.06163771438965986	-0.0406988530111946
0.12407666280932597	-0.10222078113133985	0.2252540025800558	-0.24940843288319797	0.21402213428354946	-0.1384841907074127	0.1350836887287083	-0.16799023932060828	0.17302108674452069	-0.16551642051956506	0.10944351583308344	-0.14252772282551338	0.16560463434287537	-0.18661760425697568	0.15288586125755324	-0.1465103222748824	0.1435532745459808	-0.2483693099118261	0.25202166859526115	-0.36575716242333844	0.10660903083875066	-0.11288076722464722	0.22210969138252953	-0.5663384843634643	0.32196921295793995	-0.0701868344735906	0.11141106300832404	-0.29975509093304487	0.9999999999999863	-0.11711387447749598	0.0919198295294641	-0.09674658327223874	0.06081093697770738	-0.08814477433878318	0.10252774161133765
-0.025377706729643054	0.020678785693491585	-0.043789456343848905	0.04580199967694621	-0.040218060207105756	0.028919522142081176	-0.027425089037935807	0.03188864489786868	-0.03248128423176804	0.030076527095879498	-0.023266925325714026	0.029231095816381843	-0.03193324546290915	0.03338594429105948	-0.02803066826967079	0.03277216185842936	-0.033953094132349614	0.04405320403776501	-0.04546028576280089	0.06419839423729558	-0.04729769741984714	0.035691226019364634	-0.03899205447582401	0.06442350161380027	-0.07460588838045859	0.03141567410103568	-0.04520517091703121	0.0406415689486186	-0.11711387447749598	0.9999999999999869	-0.050643479816216974	0.05114346549249685	-0.06926875252410311	0.08867270795999166	-0.9770060114012976
0.06562895335531187	-0.05449883390769143	0.09066626868119679	-0.08546390984449881	0.07477920827060731	-0.09148598060131694	0.0723266654414591	-0.06894200723098262	0.06323080083850753	-0.05348895194772853	0.07398424050012459	-0.08488984422232787	0.07187385179408289	-0.05950818841891472	0.04963346461413597	-0.1280353199791277	0.12819503066404975	-0.08389772685150226	0.07321587562317557	-0.09818548697385442	0.30486834887841524	-0.23895146754089797	0.07960991361020006	-0.059217001003704556	0.08048821365085795	-0.639580702891049	0.2512410958478883	-0.07587168803373494	0.0919198295294641	-0.050643479816216974	0.9999999999999873	-0.5248638368465112	0.20713755128335082	-0.30357488503259705	0.049183306368016856
-0.06529344502284609	0.053029162735570005	-0.09057055624955887	0.08101899975185314	-0.07319046503100257	0.08463091486022921	-0.07142397864513378	0.06731937726533221	-0.062247115581501845	0.051768224576755076	-0.07088295886936556	0.08227538074744542	-0.07107754901005528	0.05814420077828866	-0.048388803933341905	0.11709440943149038	-0.13464208663857724	0.08145772105192353	-0.07305776695504375	0.09313106077986759	-0.3461416708554443	0.23596412164698705	-0.08464946391142665	0.060683457730124214	-0.08363661407660904	0.25776266413844334	-0.4314994839099382	0.07678719695406175	-0.09674658327223874	0.05114346549249685	-0.5248638368465112	0.9999999999999878	-0.48824528590276783	0.3014468473954437	-0.05230975255924429
0.036463548029235945	-0.029596366639320245	0.052138268174469884	-0.04759726748582834	0.0428828207579586	-0.04665995992249222	0.039631576295906176	-0.03832285284764141	0.03590656138300328	-0.03033549173104521	0.03870072519395918	-0.0450914437791273	0.040072982699435516	-0.03384804552783574	0.02832863371675593	-0.06302558813523952	0.06991071123192195	-0.046898023044884794	0.042816795753277195	-0.05586785383428948	0.1621748053552267	-0.11711162851086035	0.049264713179400704	-0.037734197733713296	0.051032984307493715	-0.12272228274193797	0.17159094287139331	-0.04649268603358202	0.06081093697770738	-0.06926875252410311	0.20713755128335082	-0.48824528590276783	0.9999999999999878	-0.8081176983639992	0.06805377761880585
-0.051935154522413984	0.04176444837224634	-0.07486770613874037	0.06708213500636706	-0.061227123727515306	0.0645427960194001	-0.05604106686165334	0.05417150063429724	-0.051032202316167015	0.04291412923813186	-0.05396836344964351	0.06290295396636182	-0.056714305074922026	0.04791146679144731	-0.04017980661345484	0.0859060842681729	-0.09833725200454191	0.06586933037964651	-0.06102883333173794	0.07838599272374605	-0.24980279346113088	0.1528201147938206	-0.06760405218448998	0.05383715736945178	-0.07417874079684929	0.16751190386608858	-0.23674645240044023	0.06163771438965986	-0.08814477433878318	0.08867270795999166	-0.30357488503259705	0.3014468473954437	-0.8081176983639992	0.9999999999999879	-0.1011949774738484
0.026151875130457247	-0.02133898883795446	0.045424596707273696	-0.048118737146591095	0.04198182048548427	-0.02982517347719424	0.02823753649072508	-0.03297581906271693	0.03354525631948689	-0.03135380020148193	0.023907298480570174	-0.03006677121079042	0.03287067552542147	-0.03444681728695609	0.029109782658349667	-0.03360310311688451	0.03448582483638424	-0.04543032090992452	0.04596312072860803	-0.06765099185289208	0.046104194262087686	-0.03556937518797933	0.03837535881305296	-0.06363008684107418	0.07028129874781713	-0.030877914794500697	0.044459428161790236	-0.0406988530111946	0.10252774161133765	-0.9770060114012976	0.049183306368016856	-0.05230975255924429	0.06805377761880585	-0.1011949774738484	0.9999999999999879
