1.0	-0.3397939371344838	0.13232519506487503	-0.08361235699569426	0.10050591061909186	-0.8444733957364118	0.1913481056797457	-0.16396964826781552	0.1067538449021406	-0.09032073926848441	0.24615481610886009	-0.24654202707733366	0.125207959513062	-0.07570239011047525	0.07232149045022515	-0.09334289234772632	0.09958955815469822	-0.08816831066341561	0.0732342462002467	-0.0595752640390845	0.07061887113941676	-0.07627263961310327	0.07120937860557817	-0.07670743543018907	0.07407009424945234	-0.09296511939591985	0.0661578428523458	-0.05996540074560174	0.02611639584620234	-0.02568833001938563	0.05197173969904808	-0.05918442156672519	0.058556635997574095	-0.028373590876920183	0.023463164733073	-0.06625247797347854	0.037959815949057285	-0.05983019158095723	0.03742934933093914	-0.03425384625242728
-0.3397939371344838	1.0000000000000002	-0.32329951533448176	0.1769371445245418	-0.21636020699959346	0.2231041346799762	-0.6715590867251314	0.30156734205603014	-0.23175903849274807	0.1730901839897683	-0.2879871354568815	0.25379381277875657	-0.23184524356198127	0.13985916466464007	-0.13683370723522834	0.12310967802579481	-0.1424749387835994	0.14016915376971614	-0.12934016873272153	0.10713789133068276	-0.10282291701697029	0.11304883226355847	-0.11545377383914003	0.12843101002485954	-0.1351139754478126	0.13425141077312627	-0.1016826404254823	0.0950804972755777	-0.043517952818718064	0.042866500471078976	-0.08228053479835111	0.09240934390269719	-0.09450194621508759	0.04694349708842067	-0.039108718590800985	0.10524281507743737	-0.06065303087055367	0.09547017373221318	-0.06317998194507872	0.05705586399597003
0.13232519506487503	-0.32329951533448176	1.0	-0.5987623762232746	0.30657824325009636	-0.132784562457672	0.21809163806580592	-0.429586600844279	0.3006922092605763	-0.3108252087282226	0.16256554649537883	-0.18324594152268942	0.24528802237665676	-0.19060072598093428	0.1812630615560663	-0.1507268423654195	0.15704514170976802	-0.18649461721247462	0.16842350199106224	-0.14693060149739942	0.1329812211360057	-0.15618598075638493	0.1550738821004323	-0.18290499482106018	0.17240574812559178	-0.2011824798836314	0.1434372658974979	-0.14147046350980355	0.06412368189777484	-0.06446326512422759	0.12726116693596998	-0.1463192057396732	0.1373203152794033	-0.07143018653017455	0.059002605585780445	-0.18523117531090205	0.10305388229775032	-0.16776469078499426	0.0943104752690534	-0.09103336966784911
-0.08361235699569426	0.1769371445245418	-0.5987623762232746	1.0000000000000004	-0.5616535675282021	0.08097987957199891	-0.13778624311693524	0.25129639552117194	-0.452701925769669	0.2872417155873185	-0.10924277005433976	0.11868959028439004	-0.2051138679929939	0.17857386274758735	-0.17163078762495232	0.10435212967419953	-0.11255960522516942	0.14174042269725484	-0.14480411334775764	0.12628280508810713	-0.09311196198340706	0.10983592463163329	-0.11647932408765357	0.14250490194837068	-0.1477043110667396	0.13553026745361224	-0.10044748751256728	0.0997053918050093	-0.045887991010712885	0.045930979151998994	-0.08658858974224667	0.09893480395019413	-0.09718917844495185	0.04991454286023889	-0.041517106872004564	0.12065681379101861	-0.06803035440550352	0.1095229903390258	-0.06585484134893597	0.062048198726040574
0.10050591061909186	-0.21636020699959346	0.30657824325009636	-0.5616535675282021	1.0000000000000004	-0.09984716221069394	0.15810173584575266	-0.29535995646758767	0.3103747029585581	-0.5668607996916385	0.13188790795268387	-0.14679292902412533	0.2381445489356985	-0.20854814036829136	0.21251358294856404	-0.1397499922949129	0.14606261646685936	-0.1841445016223761	0.17552449776038614	-0.16349311824612692	0.12502850425831094	-0.14888727536709523	0.15236075265515783	-0.18782266476538287	0.18226943869152737	-0.18898282143008016	0.13649173610662788	-0.1364330622381078	0.062044344855473485	-0.0624714023663678	0.12061185848970771	-0.1389176272645596	0.13182728099905716	-0.06846724555511252	0.056684408661847936	-0.17459402372898902	0.09733912659840309	-0.15827448610668124	0.0898026265316307	-0.08649284130950989
-0.8444733957364118	0.2231041346799762	-0.132784562457672	0.08097987957199891	-0.09984716221069394	0.9999999999999996	-0.18568219874079495	0.143899150580992	-0.10447434610990014	0.08614974059606292	-0.37737029412397843	0.22118799812717477	-0.12408929444854734	0.07282799970072866	-0.0701918408991143	0.0878990007567124	-0.09631202387772413	0.08316855001396399	-0.07044663015003408	0.057175232875973855	-0.06738039418902643	0.07120571686550335	-0.06765291692962905	0.07246912971270494	-0.07174250092639892	0.0852868871949647	-0.06219439657428945	0.05612766567587782	-0.024678210362516637	0.024223652279329808	-0.048586731805243775	0.05497551514798254	-0.0552136623824059	0.026707675429460582	-0.02213071002968871	0.06109853575252613	-0.035182399263939	0.055227861312058035	-0.03542395622291445	0.032143301166928845
0.1913481056797457	-0.6715590867251314	0.21809163806580592	-0.13778624311693524	0.15810173584575266	-0.18568219874079495	0.9999999999999994	-0.5240132951153328	0.18934366936190863	-0.1418600155192437	0.23571967517198827	-0.35432567435033424	0.18233284016408582	-0.11477193570741137	0.10821706991774833	-0.1087150923811732	0.12533523602142677	-0.11763547409382147	0.10404202769600247	-0.08593409261341543	0.08652869952070096	-0.09574957290942691	0.09448974925935334	-0.10505749626410854	0.10580425987263757	-0.11351570909229564	0.08412948344663855	-0.07819706391908683	0.03487997856870555	-0.03438759029922684	0.06721711806186488	-0.0761784920627502	0.07674465161123444	-0.037697609016542705	0.03129930465187452	-0.08633406411491161	0.04955931488877532	-0.0781918523993063	0.050042936580878335	-0.04563493594587878
-0.16396964826781552	0.30156734205603014	-0.429586600844279	0.25129639552117194	-0.29535995646758767	0.143899150580992	-0.5240132951153328	0.9999999999999989	-0.4417001580684166	0.24751699190645227	-0.21866611190375587	0.21951402210666496	-0.31501750005552503	0.20083987879701443	-0.1911911563974508	0.1362996510108011	-0.15727522033805608	0.1760537928894778	-0.17293166893451548	0.14424696475780877	-0.1187535563049896	0.13468334729918513	-0.14383159404654908	0.1661782769940165	-0.17816495445814431	0.15985904122223396	-0.12241043238854842	0.11771670806437944	-0.05448736824992184	0.05388383694719819	-0.10101070430898701	0.11366987044078135	-0.11668584407289077	0.058592879613084625	-0.04890655918391853	0.1314952605808181	-0.07557635017970302	0.11947587584972236	-0.07864091253725937	0.07139030548581615
0.1067538449021406	-0.23175903849274807	0.3006922092605763	-0.452701925769669	0.3103747029585581	-0.10447434610990014	0.18934366936190863	-0.4417001580684166	0.9999999999999976	-0.4928360029219244	0.14065289464467873	-0.15782545053717995	0.2674361082781451	-0.3802258688510834	0.2519783032070584	-0.13575087464320787	0.14702317267656134	-0.19810177190010483	0.2097682132004683	-0.1869949491218042	0.11967134898055294	-0.14288702418899968	0.15542045189999953	-0.2029075041386868	0.1976422768608581	-0.17182611683670473	0.12837140344911374	-0.1289623926134497	0.05811326598477289	-0.05821318511584867	0.10802041906958014	-0.1242091487602031	0.12373208964000186	-0.06253762677410547	0.05200854435789794	-0.1475389551740116	0.08357096691383151	-0.13401668100219297	0.08119865058948486	-0.07630351521594679
-0.09032073926848441	0.1730901839897683	-0.3108252087282226	0.2872417155873185	-0.5668607996916385	0.08614974059606292	-0.1418600155192437	0.24751699190645227	-0.4928360029219244	0.9999999999999977	-0.12548386463039382	0.1340149562772327	-0.2950005152831357	0.26639538590949957	-0.39986657380305995	0.1291267453432041	-0.14394325274750766	0.19146973060007008	-0.21946393991171062	0.21234891737390055	-0.11696515875395479	0.13884400158162258	-0.15816865985701073	0.20054184216364407	-0.25087509945067005	0.16381060846505677	-0.1267338642567339	0.12691748328817187	-0.06051829057458039	0.06045451407353261	-0.10618881217499389	0.12047458994162417	-0.12460642112169802	0.06363056590434998	-0.053546783119288885	0.14114370670475487	-0.0808365791472883	0.12850458156817446	-0.08355562575280333	0.07677994543990238
0.24615481610886009	-0.2879871354568815	0.16256554649537883	-0.10924277005433976	0.13188790795268387	-0.37737029412397843	0.23571967517198827	-0.21866611190375587	0.14065289464467873	-0.12548386463039382	0.9999999999999961	-0.7521583990435871	0.18900517049306012	-0.11172361689265896	0.10451850610433644	-0.1939444248401884	0.1907102183918817	-0.1465009941264897	0.11189800161314786	-0.08888663519557798	0.12651181621363608	-0.1317243199773806	0.11496060850584608	-0.11946603167826572	0.1096840643248764	-0.15764085605863348	0.10944243796535957	-0.09590113294319359	0.04008797307470442	-0.03924647966376486	0.08225986909497847	-0.09440237308229449	0.09253870577450751	-0.043478838720890915	0.035795795103941506	-0.10208209127658083	0.05862030666202162	-0.09189788676988513	0.05641990022441347	-0.051629957481558575
-0.24654202707733366	0.25379381277875657	-0.18324594152268942	0.11868959028439004	-0.14679292902412533	0.22118799812717477	-0.35432567435033424	0.21951402210666496	-0.15782545053717995	0.1340149562772327	-0.7521583990435871	0.9999999999999942	-0.2415769161200958	0.12393530847870697	-0.1162474198532045	0.17861562088194363	-0.25749452764015524	0.15772292513645228	-0.12364976708565274	0.09670412562190193	-0.13032406242624178	0.13562602771246918	-0.12394869961600782	0.12620216847747526	-0.12052845969506046	0.15292067362949974	-0.11412855393399085	0.09913411976114661	-0.04196279740390563	0.04091773116973046	-0.08447639014311714	0.09572878772884738	-0.09694239894256111	0.04515860671433356	-0.037307250025592965	0.10228930728735652	-0.05930282908829177	0.09230255957137233	-0.058927806061726914	0.05324995784540464
0.125207959513062	-0.23184524356198127	0.24528802237665676	-0.2051138679929939	0.2381445489356985	-0.12408929444854734	0.18233284016408582	-0.31501750005552503	0.2674361082781451	-0.2950005152831357	0.18900517049306012	-0.2415769161200958	0.9999999999999943	-0.42355348753879335	0.2639317924914501	-0.22793402762791015	0.23905535045716214	-0.4282003524577657	0.28369944952870757	-0.23408277080565215	0.19415380126754656	-0.2381717880256158	0.25454636765515454	-0.30337077239635324	0.24760122238773352	-0.2867662715175089	0.2076638339531146	-0.21373226580840504	0.08809301347439642	-0.08804038118216087	0.17308889388826032	-0.20347462765009075	0.19681479458445306	-0.09628163672979591	0.07900165236631408	-0.24074373278842798	0.13512103090387664	-0.21827264805464963	0.12171371316631482	-0.11663146583977885
-0.07570239011047525	0.13985916466464007	-0.19060072598093428	0.17857386274758735	-0.20854814036829136	0.07282799970072866	-0.11477193570741137	0.20083987879701443	-0.3802258688510834	0.26639538590949957	-0.11172361689265896	0.12393530847870697	-0.42355348753879335	0.9999999999999944	-0.5799356149034498	0.1316715972964105	-0.15077057755535625	0.2396598102364359	-0.44995264407592617	0.27104453728006794	-0.1177859019060386	0.14382145049442469	-0.1798557022499431	0.24701222238947232	-0.26825704070047246	0.16103499240740554	-0.1274116616278906	0.13095482103117068	-0.058801489891310885	0.058747107288920054	-0.10219917145900831	0.11754525462126195	-0.12495783931686195	0.060826424880563765	-0.05104870825370073	0.13256577595262564	-0.07631753149081044	0.1208597137569209	-0.07667238095098501	0.07091712189755359
0.07232149045022515	-0.13683370723522834	0.1812630615560663	-0.17163078762495232	0.21251358294856404	-0.0701918408991143	0.10821706991774833	-0.1911911563974508	0.2519783032070584	-0.39986657380305995	0.10451850610433644	-0.1162474198532045	0.2639317924914501	-0.5799356149034498	0.999999999999994	-0.130381119104161	0.14247304475506828	-0.22384649436026738	0.2826632892052212	-0.5095584003372439	0.11644389338626901	-0.14444849999550857	0.17050399647966324	-0.2576568894954623	0.28151729685309307	-0.16515001458183778	0.12727422046060083	-0.13280090218408022	0.06050204893113585	-0.06160685789696862	0.10420349308441056	-0.12107583361086872	0.12439302868563445	-0.06279251737706466	0.052700453100960824	-0.13932472534218032	0.07945116937921254	-0.12692871361847155	0.07857374879803766	-0.07397542117417069
-0.09334289234772632	0.12310967802579481	-0.1507268423654195	0.10435212967419953	-0.1397499922949129	0.0878990007567124	-0.1087150923811732	0.1362996510108011	-0.13575087464320787	0.1291267453432041	-0.1939444248401884	0.17861562088194363	-0.22793402762791015	0.1316715972964105	-0.130381119104161	0.9999999999999912	-0.6493874423767277	0.227856699720254	-0.1631537907672557	0.11573272249272318	-0.5582892537059955	0.2634538055362489	-0.20098406327834903	0.1662777772566298	-0.15294032959350345	0.2789304173445783	-0.21419865967003227	0.1488122062526593	-0.05773402824792087	0.05451318870668965	-0.1300299113808977	0.14277312511709167	-0.14873399620556602	0.061094966585068515	-0.050160084517945035	0.1290495539172416	-0.07796997694736707	0.11514933916716946	-0.07786584280154236	0.06727442001238668
0.09958955815469822	-0.1424749387835994	0.15704514170976802	-0.11255960522516942	0.14606261646685936	-0.09631202387772413	0.12533523602142677	-0.15727522033805608	0.14702317267656134	-0.14394325274750766	0.1907102183918817	-0.25749452764015524	0.23905535045716214	-0.15077057755535625	0.14247304475506828	-0.6493874423767277	0.9999999999999916	-0.3899831946881504	0.18988906264159042	-0.13323336352774923	0.29179185422492415	-0.3627650892844506	0.2326380350387639	-0.20392117147710964	0.1658468029076786	-0.31660421487280616	0.22363953552598792	-0.17472789258059515	0.06362159055166716	-0.06078032030561535	0.1393448632029518	-0.16406325866499286	0.16175028819673132	-0.06775995239395578	0.055184313942068	-0.15044583666578157	0.08858870083659606	-0.13428809047017626	0.084014625749884	-0.07481403797658448
-0.08816831066341561	0.14016915376971614	-0.18649461721247462	0.14174042269725484	-0.1841445016223761	0.08316855001396399	-0.11763547409382147	0.1760537928894778	-0.19810177190010483	0.19146973060007008	-0.1465009941264897	0.15772292513645228	-0.4282003524577657	0.2396598102364359	-0.22384649436026738	0.227856699720254	-0.3899831946881504	0.9999999999999901	-0.4546714785512384	0.21173749981212353	-0.20377374003382143	0.24667075936087296	-0.4929311919495735	0.30275216653336695	-0.26174023541067587	0.22844672817620218	-0.21022151369142797	0.2149337914864424	-0.0798820448777904	0.07552102741510824	-0.14585294563367693	0.16544431331325507	-0.20803543413893807	0.08239686964608463	-0.06786996308765463	0.1627621025939033	-0.09832797221221605	0.14959352625736333	-0.10054785755268564	0.0888302186062277
0.0732342462002467	-0.12934016873272153	0.16842350199106224	-0.14480411334775764	0.17552449776038614	-0.07044663015003408	0.10404202769600247	-0.17293166893451548	0.2097682132004683	-0.21946393991171062	0.11189800161314786	-0.12364976708565274	0.28369944952870757	-0.44995264407592617	0.2826632892052212	-0.1631537907672557	0.18988906264159042	-0.4546714785512384	0.9999999999999907	-0.41129155913849996	0.14319202567505546	-0.1844007762216215	0.25893082228424363	-0.5085698517772229	0.2971748800960744	-0.18830248026051066	0.15560163471739458	-0.16763024105812788	0.06824794251830867	-0.06765142507167594	0.118079672147862	-0.13735227530687874	0.1529216282553839	-0.07006910814660154	0.05833544770707824	-0.14635057135347995	0.0853759911959145	-0.13391508973579777	0.08566784767020787	-0.07872260247711987
-0.0595752640390845	0.10713789133068276	-0.14693060149739942	0.12628280508810713	-0.16349311824612692	0.057175232875973855	-0.08593409261341543	0.14424696475780877	-0.1869949491218042	0.21234891737390055	-0.08888663519557798	0.09670412562190193	-0.23408277080565215	0.27104453728006794	-0.5095584003372439	0.11573272249272318	-0.13323336352774923	0.21173749981212353	-0.41129155913849996	0.9999999999999895	-0.10563890043760618	0.13143135414266066	-0.17355563794356543	0.2692577719666504	-0.6497186423432163	0.14248816098592296	-0.11622310786728272	0.12225449732250172	-0.06342008133978416	0.06553899407631701	-0.09200389445271329	0.10585632592138561	-0.11638884447507822	0.060340848279465356	-0.05271213729298887	0.11692716902164063	-0.06793371129392144	0.10701801872181989	-0.07356446720713616	0.06761634210420683
0.07061887113941676	-0.10282291701697029	0.1329812211360057	-0.09311196198340706	0.12502850425831094	-0.06738039418902643	0.08652869952070096	-0.1187535563049896	0.11967134898055294	-0.11696515875395479	0.12651181621363608	-0.13032406242624178	0.19415380126754656	-0.1177859019060386	0.11644389338626901	-0.5582892537059955	0.29179185422492415	-0.20377374003382143	0.14319202567505546	-0.10563890043760618	0.9999999999999859	-0.4382050329252853	0.2000010037161634	-0.1657014851877028	0.1391801565926329	-0.5798264002298307	0.26112800085358484	-0.16436908250155916	0.058346120870935485	-0.054997733965566314	0.14477149593039843	-0.16743220125461356	0.15508598958219724	-0.06216670083704141	0.050465613884326986	-0.13926682966561144	0.0828516039964111	-0.1219391852925617	0.07728551057242189	-0.06728703318366189
-0.07627263961310327	0.11304883226355847	-0.15618598075638493	0.10983592463163329	-0.14888727536709523	0.07120571686550335	-0.09574957290942691	0.13468334729918513	-0.14288702418899968	0.13884400158162258	-0.1317243199773806	0.13562602771246918	-0.2381717880256158	0.14382145049442469	-0.14444849999550857	0.2634538055362489	-0.3627650892844506	0.24667075936087296	-0.1844007762216215	0.13143135414266066	-0.4382050329252853	0.9999999999999879	-0.39562022551280157	0.21531319474795824	-0.17970647311494772	0.31273607457131236	-0.5672028081513065	0.23313194359099096	-0.0762319080462528	0.07012148853759098	-0.1926998417639923	0.22129021574538166	-0.22201551034418102	0.07971364459921858	-0.06452142496528185	0.16630195905563272	-0.10247388727439288	0.14671099340144225	-0.09624485432735581	0.08247419862768794
0.07120937860557817	-0.11545377383914003	0.1550738821004323	-0.11647932408765357	0.15236075265515783	-0.06765291692962905	0.09448974925935334	-0.14383159404654908	0.15542045189999953	-0.15816865985701073	0.11496060850584608	-0.12394869961600782	0.25454636765515454	-0.1798557022499431	0.17050399647966324	-0.20098406327834903	0.2326380350387639	-0.4929311919495735	0.25893082228424363	-0.17355563794356543	0.2000010037161634	-0.39562022551280157	0.9999999999999867	-0.4899694121382861	0.22469287982667308	-0.24189047246516449	0.24741727290592158	-0.407558734676163	0.08864005388191554	-0.08262746564722215	0.15696144145285865	-0.19397094318866273	0.24749439060446557	-0.09121332638679558	0.07242448274554417	-0.17498208982272834	0.10595893389758079	-0.16354990642846096	0.10192847711159138	-0.09140884056319327
-0.07670743543018907	0.12843101002485954	-0.18290499482106018	0.14250490194837068	-0.18782266476538287	0.07246912971270494	-0.10505749626410854	0.1661782769940165	-0.2029075041386868	0.20054184216364407	-0.11946603167826572	0.12620216847747526	-0.30337077239635324	0.24701222238947232	-0.2576568894954623	0.1662777772566298	-0.20392117147710964	0.30275216653336695	-0.5085698517772229	0.2692577719666504	-0.1657014851877028	0.21531319474795824	-0.4899694121382861	0.9999999999999881	-0.4663540176886177	0.2002166176486125	-0.1922475272429297	0.2087350397173602	-0.08603387149781949	0.08253695965371134	-0.1380493174898043	0.15588007709350976	-0.2040146483683297	0.08464302758790553	-0.07122510312025344	0.15568969897849533	-0.09452333690053866	0.1439701627163708	-0.10223009939664048	0.09012158566366169
0.07407009424945234	-0.1351139754478126	0.17240574812559178	-0.1477043110667396	0.18226943869152737	-0.07174250092639892	0.10580425987263757	-0.17816495445814431	0.1976422768608581	-0.25087509945067005	0.1096840643248764	-0.12052845969506046	0.24760122238773352	-0.26825704070047246	0.28151729685309307	-0.15294032959350345	0.1658468029076786	-0.26174023541067587	0.2971748800960744	-0.6497186423432163	0.1391801565926329	-0.17970647311494772	0.22469287982667308	-0.4663540176886177	0.99999999999999	-0.19623555428833037	0.15573555924218105	-0.16980571562923885	0.09070263101839843	-0.10200286376451885	0.12532973385453708	-0.14690980200575493	0.15512141749599723	-0.08594815353219985	0.075257754455093	-0.16508414665903137	0.09478643998450156	-0.1510567248594766	0.10159634049297588	-0.09652999669769166
-0.09296511939591985	0.13425141077312627	-0.2011824798836314	0.13553026745361224	-0.18898282143008016	0.0852868871949647	-0.11351570909229564	0.15985904122223396	-0.17182611683670473	0.16381060846505677	-0.15764085605863348	0.15292067362949974	-0.2867662715175089	0.16103499240740554	-0.16515001458183778	0.2789304173445783	-0.31660421487280616	0.22844672817620218	-0.18830248026051066	0.14248816098592296	-0.5798264002298307	0.31273607457131236	-0.24189047246516449	0.2002166176486125	-0.19623555428833037	0.9999999999999858	-0.45911851484798605	0.21195397843352412	-0.08216507405480185	0.07623567066429239	-0.23410579506432333	0.2282060941615292	-0.223526436453951	0.08703185922026331	-0.0714181953940263	0.18532995283774642	-0.11498739469508787	0.1606520732414418	-0.1129594380611986	0.0942478510533162
0.0661578428523458	-0.1016826404254823	0.1434372658974979	-0.10044748751256728	0.13649173610662788	-0.06219439657428945	0.08412948344663855	-0.12241043238854842	0.12837140344911374	-0.1267338642567339	0.10944243796535957	-0.11412855393399085	0.2076638339531146	-0.1274116616278906	0.12727422046060083	-0.21419865967003227	0.22363953552598792	-0.21022151369142797	0.15560163471739458	-0.11622310786728272	0.26112800085358484	-0.5672028081513065	0.24741727290592158	-0.1922475272429297	0.15573555924218105	-0.45911851484798605	0.999999999999986	-0.33841427056481543	0.08222387008540383	-0.07579220612725986	0.23720265889238606	-0.42078588015748425	0.25049424700659506	-0.08751346853738808	0.06897437598612337	-0.20747512148570463	0.12118116204976692	-0.1754201927079307	0.10060598640074968	-0.08755022002632913
-0.05996540074560174	0.0950804972755777	-0.14147046350980355	0.0997053918050093	-0.1364330622381078	0.05612766567587782	-0.07819706391908683	0.11771670806437944	-0.1289623926134497	0.12691748328817187	-0.09590113294319359	0.09913411976114661	-0.21373226580840504	0.13095482103117068	-0.13280090218408022	0.1488122062526593	-0.17472789258059515	0.2149337914864424	-0.16763024105812788	0.12225449732250172	-0.16436908250155916	0.23313194359099096	-0.407558734676163	0.2087350397173602	-0.16980571562923885	0.21195397843352412	-0.33841427056481543	0.9999999999999863	-0.15003408895258688	0.11638161651800343	-0.18991535920769395	0.2307419486147446	-0.7091585617301055	0.1378556565363896	-0.10586967924010811	0.17802614482380502	-0.12615204645047168	0.18278693428869142	-0.13062747662983978	0.11047538869660525
0.02611639584620234	-0.043517952818718064	0.06412368189777484	-0.045887991010712885	0.062044344855473485	-0.024678210362516637	0.03487997856870555	-0.05448736824992184	0.05811326598477289	-0.06051829057458039	0.04008797307470442	-0.04196279740390563	0.08809301347439642	-0.058801489891310885	0.06050204893113585	-0.05773402824792087	0.06362159055166716	-0.0798820448777904	0.06824794251830867	-0.06342008133978416	0.058346120870935485	-0.0762319080462528	0.08864005388191554	-0.08603387149781949	0.09070263101839843	-0.08216507405480185	0.08222387008540383	-0.15003408895258688	0.9999999999999873	-0.7641090115904838	0.0693371376056499	-0.08152270587369538	0.13822850494725406	-0.4970527850291051	0.3024483272094572	-0.08130333380618751	0.05360752464610319	-0.08299858322256035	0.2214097819389495	-0.23843257105654111
-0.02568833001938563	0.042866500471078976	-0.06446326512422759	0.045930979151998994	-0.0624714023663678	0.024223652279329808	-0.03438759029922684	0.05388383694719819	-0.05821318511584867	0.06045451407353261	-0.03924647966376486	0.04091773116973046	-0.08804038118216087	0.058747107288920054	-0.06160685789696862	0.05451318870668965	-0.06078032030561535	0.07552102741510824	-0.06765142507167594	0.06553899407631701	-0.054997733965566314	0.07012148853759098	-0.08262746564722215	0.08253695965371134	-0.10200286376451885	0.07623567066429239	-0.07579220612725986	0.11638161651800343	-0.7641090115904838	0.9999999999999858	-0.06507268356431653	0.07373417028838598	-0.12390093916740452	0.3109552088911344	-0.48681508072217183	0.07556292032870654	-0.05065914319983958	0.07730324476380254	-0.2622972404420213	0.22539479401053014
0.05197173969904808	-0.08228053479835111	0.12726116693596998	-0.08658858974224667	0.12061185848970771	-0.048586731805243775	0.06721711806186488	-0.10101070430898701	0.10802041906958014	-0.10618881217499389	0.08225986909497847	-0.08447639014311714	0.17308889388826032	-0.10219917145900831	0.10420349308441056	-0.1300299113808977	0.1393448632029518	-0.14585294563367693	0.118079672147862	-0.09200389445271329	0.14477149593039843	-0.1926998417639923	0.15696144145285865	-0.1380493174898043	0.12532973385453708	-0.23410579506432333	0.23720265889238606	-0.18991535920769395	0.0693371376056499	-0.06507268356431653	0.9999999999999872	-0.6825702579897756	0.2202933321021483	-0.07900246756440697	0.06230693726624958	-0.5065219289468067	0.2057726834982998	-0.26216734840008354	0.09895885276494715	-0.08367068115166015
-0.05918442156672519	0.09240934390269719	-0.1463192057396732	0.09893480395019413	-0.1389176272645596	0.05497551514798254	-0.0761784920627502	0.11366987044078135	-0.1242091487602031	0.12047458994162417	-0.09440237308229449	0.09572878772884738	-0.20347462765009075	0.11754525462126195	-0.12107583361086872	0.14277312511709167	-0.16406325866499286	0.16544431331325507	-0.13735227530687874	0.10585632592138561	-0.16743220125461356	0.22129021574538166	-0.19397094318866273	0.15588007709350976	-0.14690980200575493	0.2282060941615292	-0.42078588015748425	0.2307419486147446	-0.08152270587369538	0.07373417028838598	-0.6825702579897756	0.9999999999999866	-0.3463406533538671	0.0909444121804169	-0.0720605001900074	0.2588044835457257	-0.1631443296502805	0.19241676300447993	-0.10901234451580136	0.08909678716970207
0.058556635997574095	-0.09450194621508759	0.1373203152794033	-0.09718917844495185	0.13182728099905716	-0.0552136623824059	0.07674465161123444	-0.11668584407289077	0.12373208964000186	-0.12460642112169802	0.09253870577450751	-0.09694239894256111	0.19681479458445306	-0.12495783931686195	0.12439302868563445	-0.14873399620556602	0.16175028819673132	-0.20803543413893807	0.1529216282553839	-0.11638884447507822	0.15508598958219724	-0.22201551034418102	0.24749439060446557	-0.2040146483683297	0.15512141749599723	-0.223526436453951	0.25049424700659506	-0.7091585617301055	0.13822850494725406	-0.12390093916740452	0.2202933321021483	-0.3463406533538671	0.9999999999999866	-0.18533095743334332	0.11990916977828721	-0.2413040432901869	0.1654258176161369	-0.2859467778371604	0.14553853810161216	-0.12939673296409882
-0.028373590876920183	0.04694349708842067	-0.07143018653017455	0.04991454286023889	-0.06846724555511252	0.026707675429460582	-0.037697609016542705	0.058592879613084625	-0.06253762677410547	0.06363056590434998	-0.043478838720890915	0.04515860671433356	-0.09628163672979591	0.060826424880563765	-0.06279251737706466	0.061094966585068515	-0.06775995239395578	0.08239686964608463	-0.07006910814660154	0.060340848279465356	-0.06216670083704141	0.07971364459921858	-0.09121332638679558	0.08464302758790553	-0.08594815353219985	0.08703185922026331	-0.08751346853738808	0.1378556565363896	-0.4970527850291051	0.3109552088911344	-0.07900246756440697	0.0909444121804169	-0.18533095743334332	0.9999999999999869	-0.6379215118076886	0.09131840091866603	-0.06304094169800342	0.09675190170947162	-0.4285443505557373	0.2918019868583517
0.023463164733073	-0.039108718590800985	0.059002605585780445	-0.041517106872004564	0.056684408661847936	-0.02213071002968871	0.03129930465187452	-0.04890655918391853	0.05200854435789794	-0.053546783119288885	0.035795795103941506	-0.037307250025592965	0.07900165236631408	-0.05104870825370073	0.052700453100960824	-0.050160084517945035	0.055184313942068	-0.06786996308765463	0.05833544770707824	-0.05271213729298887	0.050465613884326986	-0.06452142496528185	0.07242448274554417	-0.07122510312025344	0.075257754455093	-0.0714181953940263	0.06897437598612337	-0.10586967924010811	0.3024483272094572	-0.48681508072217183	0.06230693726624958	-0.0720605001900074	0.11990916977828721	-0.6379215118076886	0.9999999999999872	-0.0747804609012	0.05019701801828315	-0.07802007623513904	0.29622632923816816	-0.47474564524289486
-0.06625247797347854	0.10524281507743737	-0.18523117531090205	0.12065681379101861	-0.17459402372898902	0.06109853575252613	-0.08633406411491161	0.1314952605808181	-0.1475389551740116	0.14114370670475487	-0.10208209127658083	0.10228930728735652	-0.24074373278842798	0.13256577595262564	-0.13932472534218032	0.1290495539172416	-0.15044583666578157	0.1627621025939033	-0.14635057135347995	0.11692716902164063	-0.13926682966561144	0.16630195905563272	-0.17498208982272834	0.15568969897849533	-0.16508414665903137	0.18532995283774642	-0.20747512148570463	0.17802614482380502	-0.08130333380618751	0.07556292032870654	-0.5065219289468067	0.2588044835457257	-0.2413040432901869	0.09131840091866603	-0.0747804609012	0.9999999999999867	-0.5631770513567833	0.31039939159293045	-0.13429264127185764	0.10242130817382597
0.037959815949057285	-0.06065303087055367	0.10305388229775032	-0.06803035440550352	0.09733912659840309	-0.035182399263939	0.04955931488877532	-0.07557635017970302	0.08357096691383151	-0.0808365791472883	0.05862030666202162	-0.05930282908829177	0.13512103090387664	-0.07631753149081044	0.07945116937921254	-0.07796997694736707	0.08858870083659606	-0.09832797221221605	0.0853759911959145	-0.06793371129392144	0.0828516039964111	-0.10247388727439288	0.10595893389758079	-0.09452333690053866	0.09478643998450156	-0.11498739469508787	0.12118116204976692	-0.12615204645047168	0.05360752464610319	-0.05065914319983958	0.2057726834982998	-0.1631443296502805	0.1654258176161369	-0.06304094169800342	0.05019701801828315	-0.5631770513567833	0.9999999999999867	-0.7390194125226215	0.09101605701025899	-0.07212926769515537
-0.05983019158095723	0.09547017373221318	-0.16776469078499426	0.1095229903390258	-0.15827448610668124	0.055227861312058035	-0.0781918523993063	0.11947587584972236	-0.13401668100219297	0.12850458156817446	-0.09189788676988513	0.09230255957137233	-0.21827264805464963	0.1208597137569209	-0.12692871361847155	0.11514933916716946	-0.13428809047017626	0.14959352625736333	-0.13391508973579777	0.10701801872181989	-0.1219391852925617	0.14671099340144225	-0.16354990642846096	0.1439701627163708	-0.1510567248594766	0.1606520732414418	-0.1754201927079307	0.18278693428869142	-0.08299858322256035	0.07730324476380254	-0.26216734840008354	0.19241676300447993	-0.2859467778371604	0.09675190170947162	-0.07802007623513904	0.31039939159293045	-0.7390194125226215	0.9999999999999869	-0.15060930165713698	0.1099917346917882
0.03742934933093914	-0.06317998194507872	0.0943104752690534	-0.06585484134893597	0.0898026265316307	-0.03542395622291445	0.050042936580878335	-0.07864091253725937	0.08119865058948486	-0.08355562575280333	0.05641990022441347	-0.058927806061726914	0.12171371316631482	-0.07667238095098501	0.07857374879803766	-0.07786584280154236	0.084014625749884	-0.10054785755268564	0.08566784767020787	-0.07356446720713616	0.07728551057242189	-0.09624485432735581	0.10192847711159138	-0.10223009939664048	0.10159634049297588	-0.1129594380611986	0.10060598640074968	-0.13062747662983978	0.2214097819389495	-0.2622972404420213	0.09895885276494715	-0.10901234451580136	0.14553853810161216	-0.4285443505557373	0.29622632923816816	-0.13429264127185764	0.09101605701025899	-0.15060930165713698	0.9999999999999871	-0.772688328303846
-0.03425384625242728	0.05705586399597003	-0.09103336966784911	0.062048198726040574	-0.08649284130950989	0.032143301166928845	-0.04563493594587878	0.07139030548581615	-0.07630351521594679	0.07677994543990238	-0.051629957481558575	0.05324995784540464	-0.11663146583977885	0.07091712189755359	-0.07397542117417069	0.06727442001238668	-0.07481403797658448	0.0888302186062277	-0.07872260247711987	0.06761634210420683	-0.06728703318366189	0.08247419862768794	-0.09140884056319327	0.09012158566366169	-0.09652999669769166	0.0942478510533162	-0.08755022002632913	0.11047538869660525	-0.23843257105654111	0.22539479401053014	-0.08367068115166015	0.08909678716970207	-0.12939673296409882	0.2918019868583517	-0.47474564524289486	0.10242130817382597	-0.07212926769515537	0.1099917346917882	-0.772688328303846	0.9999999999999871
