1.0000000000000002	-0.6517826764311352	0.2488873668043595	-0.21231378911637694	0.1853538126700238	-0.5377793594026435	0.2554597123852057	-0.21044242326583465	0.1670115640989565	-0.19764614589768356	0.25288946880163554	-0.19985628673225217	0.17943697320116964	-0.2087771701927393	0.11405650038696188	-0.17492503999110348	0.16760639398097052	-0.12390278310044009	0.12681949108276996	-0.09175240616780726	0.16753154551871316	-0.14725900383736226	0.13938534306965647	-0.11226077982018545	0.11087738342804788	-0.10499691380270004	0.11584674928175763	-0.08774633207450253	0.08378959900683862	-0.08737005765535685	0.09358487404246127	-0.09055024095213941	0.0859775344136269	-0.07479598792950998	0.0728422469657167	-0.136398838174959	0.08277542111224748	-0.09152385452612283	0.08022889617839933	-0.07256919398740269	0.09043651684502099	-0.0630664022893252	0.08968638070184315	-0.07086667990654219	0.060458513995770194
-0.6517826764311352	1.0000000000000007	-0.4860409238458495	0.2366315804784756	-0.2261764365427956	0.2717183760988166	-0.3294434601466148	0.22991211752936744	-0.1871108638407965	0.19717374269175347	-0.24558145437056983	0.19950995633643745	-0.19992359143714222	0.20148134591378955	-0.11611862601007619	0.15672727077150195	-0.17357497872258237	0.1259238001999246	-0.13212285163743498	0.0911040317556064	-0.17134079421674123	0.1434979602946949	-0.14282724639532424	0.11191476188752536	-0.1123162821471545	0.10100687193455819	-0.11516607304566996	0.08569951577221528	-0.08329042543106929	0.08579939573937402	-0.09165124545234685	0.08762032828745038	-0.08472725164882948	0.0732427429742195	-0.07167454052012694	0.12730934386241372	-0.08060043804116039	0.08818842345739013	-0.0783622910706623	0.07021332705880401	-0.08752599710168865	0.06100792221638711	-0.08712384594333947	0.06854709801053145	-0.05893493927646497
0.2488873668043595	-0.4860409238458495	1.0000000000000004	-0.5861813142363567	0.2790480306388315	-0.20398624534951393	0.24521253453766031	-0.38401515556935817	0.2616474111306767	-0.279950510692459	0.18255236798162894	-0.19596344461050222	0.22196995895975494	-0.26653947828776703	0.1342199819479013	-0.13960287082488518	0.15896043342757143	-0.1420064748684041	0.1455431216348132	-0.10539290056530835	0.1558659287434929	-0.14248914386557265	0.15073860157004929	-0.12298740957536262	0.12436632373895673	-0.10331917064254756	0.11749162283429974	-0.09023835600896603	0.09097313790120191	-0.09479100970033874	0.0950176185746777	-0.09253113934748003	0.08935157300812824	-0.07992249495875108	0.0783455223336979	-0.14074863656038542	0.08621448995264772	-0.09526667109990661	0.08511832230173767	-0.0770346833625064	0.09529412245619917	-0.06613271731718252	0.09474295621493187	-0.07487793092682866	0.06437887346640858
-0.21231378911637694	0.2366315804784756	-0.5861813142363567	1.0000000000000004	-0.5488494332660662	0.16330113468970686	-0.21949447785136295	0.25695052043753885	-0.401845649295422	0.2954765289664436	-0.1710266274795078	0.1698334986870327	-0.20983249082385252	0.2512315832204614	-0.13792510788521917	0.12710501810078847	-0.1509315264203485	0.13216744099086633	-0.14397681320507166	0.10348411965660138	-0.15095203226879128	0.1328561135375712	-0.14775299930131144	0.11870964726048598	-0.12453340340619	0.09729558999303192	-0.11294744729688434	0.08590135003766425	-0.0887362942133605	0.09150750608569402	-0.09087872696366361	0.08780700154147153	-0.08599028906296392	0.07693497079483178	-0.07597118230966621	0.13057924203691268	-0.08260997951419775	0.09046717176922403	-0.08200760057504614	0.0735686114303608	-0.09139584477348062	0.06325838251568328	-0.09112117688943712	0.07153365067489191	-0.062001091271502815
0.1853538126700238	-0.2261764365427956	0.2790480306388315	-0.5488494332660662	0.9999999999999998	-0.17104331986098115	0.2131971934327855	-0.2565583607252301	0.3031607116108932	-0.5626303378721805	0.17594594790060467	-0.18492615932927947	0.21398039208454908	-0.3344837984970328	0.17019229198975147	-0.14190168849524956	0.16646660516981612	-0.1551908324661307	0.16717469442831923	-0.13306462907042318	0.1708204588812573	-0.1562685363171142	0.17515734716452266	-0.14649530318605267	0.1535305940004505	-0.1207657492116475	0.13791008110087896	-0.10729917586657915	0.11145576432817714	-0.11687978677135029	0.1141396754061814	-0.11159328255816785	0.1077235644396209	-0.0983105128057842	0.09698199971927782	-0.17898116391153468	0.10625097177405943	-0.11739822227194376	0.10569635794249206	-0.09590802193852542	0.12073760584427393	-0.08288066831384447	0.11956560264272152	-0.0933570885205455	0.08035450940986602
-0.5377793594026435	0.2717183760988166	-0.20398624534951393	0.16330113468970686	-0.17104331986098115	0.9999999999999992	-0.39403606697512883	0.20400528506806176	-0.15511001722955814	0.1715257514478925	-0.5812017335459675	0.233418187135715	-0.19652060551057815	0.18872858345455723	-0.11061037208530106	0.2285770691210762	-0.21483781075714045	0.12696288943670386	-0.13023651022932078	0.0888182112765409	-0.21914582179686992	0.16668465151368175	-0.147733372144809	0.11371859053561902	-0.11062935559336187	0.11298624966777399	-0.12571880715541014	0.0914404211489408	-0.08419484331376065	0.08676878156869777	-0.0991989458977123	0.0935603537471578	-0.08929420674139982	0.07488496048630854	-0.07271153966134078	0.13247334668071223	-0.08412769378539796	0.09194538938478271	-0.08024786494757737	0.07183683393502967	-0.0896205431624382	0.06292969101488434	-0.08911485910863731	0.07034483960951712	-0.060060164816727796
0.2554597123852057	-0.3294434601466148	0.24521253453766031	-0.21949447785136295	0.2131971934327855	-0.39403606697512883	0.9999999999999983	-0.4664436068809025	0.22843053996037627	-0.2472410514110683	0.26385071922899084	-0.5256822827791381	0.2987267121249876	-0.2724369414930469	0.14303815713513482	-0.20901013270644606	0.24119897410230776	-0.17642013778115767	0.17044508451690338	-0.11535071266077904	0.20264365985430338	-0.20079901316210813	0.18206273873218579	-0.144849450706599	0.1390989341319296	-0.1292431036501759	0.14555713862850658	-0.10996869064873364	0.10459973795304173	-0.10875752885098695	0.11427659766405536	-0.11156886539984269	0.10651685279944725	-0.09256854695370506	0.08981676951996814	-0.16261272126400003	0.10096681024343455	-0.11187358209482605	0.09810622817587893	-0.08877093669172209	0.10871159675627362	-0.07628717880547523	0.10821241413510686	-0.08638433459529149	0.07378393493998155
-0.21044242326583465	0.22991211752936744	-0.38401515556935817	0.25695052043753885	-0.2565583607252301	0.20400528506806176	-0.4664436068809025	0.9999999999999987	-0.4408485059494048	0.2675190870262516	-0.20728951695802808	0.2761174302283565	-0.5086615343323121	0.2814909569546538	-0.15027510421800297	0.15775414949425373	-0.19890499364651934	0.18805658791578153	-0.19026498088798116	0.11545370364721028	-0.17760411864052586	0.1651886011963074	-0.18249761160118136	0.1418799446958267	-0.1402996205396084	0.11232917176785505	-0.13105967082963346	0.09948836319469763	-0.10117670936497461	0.1037955161903295	-0.10280982290150338	0.09979604648758612	-0.09806122787698499	0.08707293469810243	-0.08527086732213604	0.1435328493240908	-0.09226037385775285	0.10147985131347602	-0.09144404584332168	0.0822167417276616	-0.09987495037820382	0.06979541815791052	-0.099899389848986	0.07964362108271192	-0.06888445392371753
0.1670115640989565	-0.1871108638407965	0.2616474111306767	-0.401845649295422	0.3031607116108932	-0.15511001722955814	0.22843053996037627	-0.4408485059494048	0.9999999999999992	-0.57069893309031	0.16247608375215436	-0.18827125304058392	0.2452117778327218	-0.4672259707439431	0.16664311676917828	-0.12782379907474906	0.15512447637649568	-0.15185262687896836	0.1632086952327363	-0.12219856326921144	0.15153464476527312	-0.1390099722859605	0.15918968026679256	-0.1310365894210165	0.13848345843360266	-0.10036240699204925	0.11706712167029128	-0.09009635503982698	0.09575888971885306	-0.09930759937818354	0.09375051716437639	-0.09128393574545428	0.08993051379676467	-0.08210749845120659	0.08114088227705682	-0.13437768401239783	0.08592527948215282	-0.09455160517655527	0.08636248835212881	-0.07782882727657138	0.09460577154641721	-0.06569299477445362	0.0946653549553241	-0.07519599469681032	0.06539838796112395
-0.19764614589768356	0.19717374269175347	-0.279950510692459	0.2954765289664436	-0.5626303378721805	0.1715257514478925	-0.2472410514110683	0.2675190870262516	-0.57069893309031	0.9999999999999977	-0.1954481286302746	0.19504267313014995	-0.2521223040384001	0.29979896605535516	-0.20508601912947735	0.1499297123451405	-0.18411249217610137	0.16485029221513192	-0.18913078290736635	0.14192896337375066	-0.1879031277170581	0.1637134358377173	-0.1942814315206782	0.15531407065705743	-0.1726653820782794	0.12159841434271051	-0.14421724265971844	0.10946368964586321	-0.11778238508859215	0.12025241474866752	-0.11570256400260552	0.11144791299854165	-0.11098656006418446	0.10032262937674984	-0.10015600786221353	0.1612514041721221	-0.10636810939958939	0.11545908857751927	-0.10689636634554926	0.09496118737382495	-0.1181216965323785	0.08146825751323444	-0.11828937009811077	0.09224841689397299	-0.08090161312042231
0.25288946880163554	-0.24558145437056983	0.18255236798162894	-0.1710266274795078	0.17594594790060467	-0.5812017335459675	0.26385071922899084	-0.20728951695802808	0.16247608375215436	-0.1954481286302746	0.9999999999999986	-0.3091341848571856	0.2086284366164485	-0.2244467043243453	0.1283289707116169	-0.5021746206635365	0.2612299468426108	-0.14949540910966974	0.14846223888768378	-0.1056712004875398	0.2653454715669042	-0.22111041180009255	0.17373092440641583	-0.137154612201833	0.13006752235835525	-0.14752440657665264	0.1543714760255022	-0.11435343232063609	0.10140925005584163	-0.10571119476433251	0.12316096720412083	-0.11801085685032153	0.10963917543122781	-0.0918011281884367	0.08849089973603719	-0.17031449513076108	0.1041699525339187	-0.11523972589209434	0.09857095657708301	-0.0889884520741309	0.1107893272946212	-0.07812243258768417	0.10980211101587596	-0.08725215441805056	0.0737906494504309
-0.19985628673225217	0.19950995633643745	-0.19596344461050222	0.1698334986870327	-0.18492615932927947	0.233418187135715	-0.5256822827791381	0.2761174302283565	-0.18827125304058392	0.19504267313014995	-0.3091341848571856	0.9999999999999971	-0.5101232886546103	0.23531443111848716	-0.1364814310099201	0.23153267724270116	-0.44653416191939665	0.19319776890683374	-0.18750645317303302	0.11014237247516513	-0.22970356067724243	0.2279125625219439	-0.20207553789916105	0.14775138652996317	-0.13828539365896828	0.13178532761730577	-0.15650219876807933	0.11245709929354872	-0.10430140159144576	0.10658823532043575	-0.1157666635317354	0.1116408430343777	-0.1083769285651083	0.09113917428984396	-0.08816482852416013	0.15301034274821904	-0.0997190608676898	0.10930442503352851	-0.09594580541082848	0.08594270264133916	-0.10460036880373876	0.07394315549894406	-0.10453306013640264	0.08367610540235286	-0.0716642846497307
0.17943697320116964	-0.19992359143714222	0.22196995895975494	-0.20983249082385252	0.21398039208454908	-0.19652060551057815	0.2987267121249876	-0.5086615343323121	0.2452117778327218	-0.2521223040384001	0.2086284366164485	-0.5101232886546103	0.9999999999999966	-0.3651714414740825	0.16482942015131366	-0.1812204209194732	0.23353048604386337	-0.3567310692129835	0.24030464578196106	-0.13462531728235716	0.19322460213515835	-0.20478829081555233	0.22099599574589138	-0.17612440929094192	0.15929494101996755	-0.12971078103775785	0.1499355803252665	-0.1169328382941614	0.11754537155744013	-0.12184146844200099	0.11660895183098777	-0.11537009187528682	0.11263582857192715	-0.10147615146039979	0.09813048925265018	-0.16639740421881588	0.10517575733964304	-0.11738045708185463	0.10467968969884682	-0.09533160712089636	0.1127823920096121	-0.07940309273008814	0.11293082082783189	-0.09179352939234466	0.07888134463805675
-0.2087771701927393	0.20148134591378955	-0.26653947828776703	0.2512315832204614	-0.3344837984970328	0.18872858345455723	-0.2724369414930469	0.2814909569546538	-0.4672259707439431	0.29979896605535516	-0.2244467043243453	0.23531443111848716	-0.3651714414740825	1.0	-0.37396626894583224	0.1762974019513268	-0.22346837317885748	0.22857556131862994	-0.2963124347965509	0.21819979735091344	-0.22362936803942374	0.2005866868552951	-0.256063140244914	0.21312389769383397	-0.24818883085517648	0.1464833889642056	-0.17582071331906726	0.1354118311005436	-0.1558649800076411	0.15965047467576174	-0.13945416613915473	0.13548459867301738	-0.13700523742523568	0.12878735018912985	-0.12918662970991915	0.19142358833947848	-0.12930170398617155	0.14145995395567612	-0.13339412355985875	0.11933795189661688	-0.14154138371341396	0.09840027589790354	-0.14287939923749116	0.1143746207330617	-0.10119735725894055
0.11405650038696188	-0.11611862601007619	0.1342199819479013	-0.13792510788521917	0.17019229198975147	-0.11061037208530106	0.14303815713513482	-0.15027510421800297	0.16664311676917828	-0.20508601912947735	0.1283289707116169	-0.1364814310099201	0.16482942015131366	-0.37396626894583224	0.9999999999999974	-0.11133875388349898	0.13664449217950017	-0.1618053577312775	0.18667156635614932	-0.7412865783084742	0.1439521859392823	-0.14377832630924295	0.189221783332336	-0.2294159950503619	0.2839087320400445	-0.11261327843269768	0.13088045169482093	-0.11010999378571085	0.15083286223116646	-0.1860952418370123	0.10788208798142876	-0.11022600800297001	0.11001787127431077	-0.12503201302208905	0.12379951006634031	-0.16932775854085524	0.106042708145877	-0.12339376545554456	0.11799443439298024	-0.11558971260961157	0.1157204189070202	-0.08192330353965761	0.11813359894233148	-0.10482678585217121	0.0917535523920479
-0.17492503999110348	0.15672727077150195	-0.13960287082488518	0.12710501810078847	-0.14190168849524956	0.2285770691210762	-0.20901013270644606	0.15775414949425373	-0.12782379907474906	0.1499297123451405	-0.5021746206635365	0.23153267724270116	-0.1812204209194732	0.1762974019513268	-0.11133875388349898	0.9999999999999966	-0.48697666615606666	0.13569630118672293	-0.1358769642123852	0.0924471229515536	-0.5789208570103772	0.26841410398433535	-0.17834463938186246	0.1290091823456717	-0.11875846690279936	0.16444006209250078	-0.17312583026354608	0.1164029337023052	-0.09472644956137041	0.09710805384729619	-0.13351039900074352	0.11910079724703365	-0.11087751110985286	0.0859393995952393	-0.08222211831986824	0.1542952717534882	-0.10163578158757246	0.1096824590884059	-0.09248011937115083	0.08200381930432774	-0.1030379963016632	0.07357385612996561	-0.1023743365456952	0.08095265676542981	-0.06831918324664182
0.16760639398097052	-0.17357497872258237	0.15896043342757143	-0.1509315264203485	0.16646660516981612	-0.21483781075714045	0.24119897410230776	-0.19890499364651934	0.15512447637649568	-0.18411249217610137	0.2612299468426108	-0.44653416191939665	0.23353048604386337	-0.22346837317885748	0.13664449217950017	-0.48697666615606666	0.9999999999999959	-0.18499883310909437	0.17121832275594945	-0.11593951252797441	0.3057043653282497	-0.5232072170770471	0.22947550106103573	-0.16839223418975824	0.14682413748156378	-0.18141882064166706	0.21040213629179044	-0.14756028637512728	0.11749047734055967	-0.12144722394584352	0.1460074473191438	-0.14463101440400208	0.13403191248968827	-0.10645734522423923	0.1010744997999705	-0.18761167901613976	0.12152594495596945	-0.1344393569350786	0.11260513968489856	-0.10109504031963056	0.12318061157874682	-0.08854093825876819	0.12280017850042228	-0.09912939835957336	0.08341282694997162
-0.12390278310044009	0.1259238001999246	-0.1420064748684041	0.13216744099086633	-0.1551908324661307	0.12696288943670386	-0.17642013778115767	0.18805658791578153	-0.15185262687896836	0.16485029221513192	-0.14949540910966974	0.19319776890683374	-0.3567310692129835	0.22857556131862994	-0.1618053577312775	0.13569630118672293	-0.18499883310909437	0.9999999999999953	-0.7150031859086494	0.14495249253804	-0.17139191376403637	0.19298331512685507	-0.4375782189969079	0.25559293678392353	-0.1924696961683368	0.12019066767590818	-0.1488366828844415	0.12471342259303683	-0.1415029752561287	0.13810516812735066	-0.11067889644614921	0.11175402705550769	-0.11869586764293785	0.11176148283166729	-0.10657653132099351	0.152043249606127	-0.10240274609542524	0.11552528093397829	-0.1073770005304763	0.09786955920790306	-0.10637492909028044	0.07601378085061095	-0.10825794792321913	0.09221423207654338	-0.080455076012099
0.12681949108276996	-0.13212285163743498	0.1455431216348132	-0.14397681320507166	0.16717469442831923	-0.13023651022932078	0.17044508451690338	-0.19026498088798116	0.1632086952327363	-0.18913078290736635	0.14846223888768378	-0.18750645317303302	0.24030464578196106	-0.2963124347965509	0.18667156635614932	-0.1358769642123852	0.17121832275594945	-0.7150031859086494	0.999999999999993	-0.1921036743904388	0.16891154777283313	-0.19056086839213107	0.29696891307493256	-0.3911545063255468	0.2217749867196612	-0.12886248660814756	0.15218653288059733	-0.13134759742365296	0.16645065857878752	-0.17046917268635356	0.11922598009022423	-0.12245898185646928	0.12498409986863715	-0.13355000349828788	0.1242592122894625	-0.1762795022880795	0.11355671790159325	-0.13151188981023387	0.12277400672646228	-0.11561305571666354	0.11996881466104935	-0.08576309908777902	0.12226530873569061	-0.10722805693924563	0.09299463843056698
-0.09175240616780726	0.0911040317556064	-0.10539290056530835	0.10348411965660138	-0.13306462907042318	0.0888182112765409	-0.11535071266077904	0.11545370364721028	-0.12219856326921144	0.14192896337375066	-0.1056712004875398	0.11014237247516513	-0.13462531728235716	0.21819979735091344	-0.7412865783084742	0.0924471229515536	-0.11593951252797441	0.14495249253804	-0.1921036743904388	0.9999999999999932	-0.12247230967536535	0.12266837059661567	-0.1856138239650215	0.21891247303006062	-0.5064947446928074	0.09359784825253248	-0.11214935321455083	0.09457884745781316	-0.14992559555941354	0.17341934619058347	-0.09027476852130692	0.09218422975925389	-0.09574373309430159	0.11305534256069738	-0.11760629693287894	0.13302215509987017	-0.0894102700487128	0.10314429662211931	-0.10402476150289909	0.09893554718538324	-0.09574943027239008	0.0682129765058693	-0.09913370762892129	0.08901648746432798	-0.08067974415769076
0.16753154551871316	-0.17134079421674123	0.1558659287434929	-0.15095203226879128	0.1708204588812573	-0.21914582179686992	0.20264365985430338	-0.17760411864052586	0.15153464476527312	-0.1879031277170581	0.2653454715669042	-0.22970356067724243	0.19322460213515835	-0.22362936803942374	0.1439521859392823	-0.5789208570103772	0.3057043653282497	-0.17139191376403637	0.16891154777283313	-0.12247230967536535	0.9999999999999932	-0.45751331433241077	0.22995266256062497	-0.17580981048652133	0.15653464944940618	-0.3116250587624752	0.24412468386152045	-0.17083597110692306	0.12942778804668847	-0.13451195337310315	0.20024958108449836	-0.18036296174655428	0.15759685699665935	-0.12079721658403038	0.11432021472566521	-0.23268603120491932	0.14681409932627734	-0.16070000179540775	0.13080842957486016	-0.1167555006520685	0.14716012916428398	-0.1061339766414826	0.14553595808455289	-0.11585607716033205	0.09640353568671856
-0.14725900383736226	0.1434979602946949	-0.14248914386557265	0.1328561135375712	-0.1562685363171142	0.16668465151368175	-0.20079901316210813	0.1651886011963074	-0.1390099722859605	0.1637134358377173	-0.22111041180009255	0.2279125625219439	-0.20478829081555233	0.2005866868552951	-0.14377832630924295	0.26841410398433535	-0.5232072170770471	0.19298331512685507	-0.19056086839213107	0.12266837059661567	-0.45751331433241077	0.9999999999999961	-0.4095180735859788	0.19940375527760876	-0.1692608173320625	0.22107421781961425	-0.39992911404954373	0.19312034588930987	-0.13770278109333547	0.13645166388345542	-0.18254827907133342	0.1766377767907647	-0.17530411734750934	0.12232340311942827	-0.11535211800623854	0.19839364585305538	-0.14509941807956753	0.15377729007362187	-0.12883027055282503	0.11230566256315742	-0.13756977451500732	0.10033183848035959	-0.13800027193527306	0.11073475468912	-0.09359696488503663
0.13938534306965647	-0.14282724639532424	0.15073860157004929	-0.14775299930131144	0.17515734716452266	-0.147733372144809	0.18206273873218579	-0.18249761160118136	0.15918968026679256	-0.1942814315206782	0.17373092440641583	-0.20207553789916105	0.22099599574589138	-0.256063140244914	0.189221783332336	-0.17834463938186246	0.22947550106103573	-0.4375782189969079	0.29696891307493256	-0.1856138239650215	0.22995266256062497	-0.4095180735859788	0.9999999999999941	-0.4989646480939478	0.24926084414194866	-0.18201180229781916	0.22641261012904335	-0.22976607686872874	0.2018010894987625	-0.2048888909363037	0.16113112274116187	-0.170766908144036	0.18359187504091837	-0.16777123384595882	0.15226183612960878	-0.2239384383082068	0.1494670045060295	-0.17334188614404766	0.1545154726151327	-0.1437190941768027	0.1507821528510544	-0.10965102086044004	0.15369399534160205	-0.13472679309887065	0.11525456486404549
-0.11226077982018545	0.11191476188752536	-0.12298740957536262	0.11870964726048598	-0.14649530318605267	0.11371859053561902	-0.144849450706599	0.1418799446958267	-0.1310365894210165	0.15531407065705743	-0.137154612201833	0.14775138652996317	-0.17612440929094192	0.21312389769383397	-0.2294159950503619	0.1290091823456717	-0.16839223418975824	0.25559293678392353	-0.3911545063255468	0.21891247303006062	-0.17580981048652133	0.19940375527760876	-0.4989646480939478	0.9999999999999906	-0.5132542049738791	0.1348173441605104	-0.16960960053286517	0.15064151856344754	-0.36547733299971435	0.25607564346409084	-0.12819091219097886	0.13360053808395012	-0.14933201965155465	0.1923123920106994	-0.18083329816941723	0.17754581064269645	-0.12725669899587394	0.14864752822541935	-0.15745775489419417	0.14270526986135354	-0.12952072361396524	0.09433568410631928	-0.13612080790056458	0.1282154913353801	-0.11658528501504617
0.11087738342804788	-0.1123162821471545	0.12436632373895673	-0.12453340340619	0.1535305940004505	-0.11062935559336187	0.1390989341319296	-0.1402996205396084	0.13848345843360266	-0.1726653820782794	0.13006752235835525	-0.13828539365896828	0.15929494101996755	-0.24818883085517648	0.2839087320400445	-0.11875846690279936	0.14682413748156378	-0.1924696961683368	0.2217749867196612	-0.5064947446928074	0.15653464944940618	-0.1692608173320625	0.24926084414194866	-0.5132542049738791	0.9999999999999888	-0.12959096457968483	0.15248797291802454	-0.13623415088085997	0.24725845824263162	-0.38326087187428337	0.12415112701504709	-0.13071243221974943	0.13518281454231873	-0.1865489109876146	0.1869503198245141	-0.19090431487227683	0.12618248726734344	-0.1514794205316825	0.15408297808354832	-0.15676841115631537	0.13288481577597894	-0.09635091152558137	0.13903110260209045	-0.13461324922727763	0.12085787142534182
-0.10499691380270004	0.10100687193455819	-0.10331917064254756	0.09729558999303192	-0.1207657492116475	0.11298624966777399	-0.1292431036501759	0.11232917176785505	-0.10036240699204925	0.12159841434271051	-0.14752440657665264	0.13178532761730577	-0.12971078103775785	0.1464833889642056	-0.11261327843269768	0.16444006209250078	-0.18141882064166706	0.12019066767590818	-0.12886248660814756	0.09359784825253248	-0.3116250587624752	0.22107421781961425	-0.18201180229781916	0.1348173441605104	-0.12959096457968483	0.9999999999999926	-0.48211990075564654	0.21317707842366687	-0.12046583366967724	0.11942969563648748	-0.6723343191895407	0.2711979810255444	-0.22220184876294233	0.12073719087934828	-0.11297948221833415	0.23920278184379054	-0.20427884918220637	0.18372328161813678	-0.14200349740533716	0.11466310176982462	-0.17270632758057552	0.12663174335428312	-0.1681238853532128	0.12021772576330264	-0.09891859640734683
0.11584674928175763	-0.11516607304566996	0.11749162283429974	-0.11294744729688434	0.13791008110087896	-0.12571880715541014	0.14555713862850658	-0.13105967082963346	0.11706712167029128	-0.14421724265971844	0.1543714760255022	-0.15650219876807933	0.1499355803252665	-0.17582071331906726	0.13088045169482093	-0.17312583026354608	0.21040213629179044	-0.1488366828844415	0.15218653288059733	-0.11214935321455083	0.24412468386152045	-0.39992911404954373	0.22641261012904335	-0.16960960053286517	0.15248797291802454	-0.48211990075564654	0.9999999999999949	-0.46217987336981525	0.14559205489306087	-0.1472313083853655	0.2826842142431687	-0.3588278879913074	0.2811490618194154	-0.15008343093631815	0.13461078808065122	-0.2676569902757415	0.21643734848081211	-0.23257258076421225	0.16524154732475324	-0.13998195389092033	0.17716199884225936	-0.13870077207742063	0.17801638969297245	-0.1433931492147189	0.1154027354674875
-0.08774633207450253	0.08569951577221528	-0.09023835600896603	0.08590135003766425	-0.10729917586657915	0.0914404211489408	-0.10996869064873364	0.09948836319469763	-0.09009635503982698	0.10946368964586321	-0.11435343232063609	0.11245709929354872	-0.1169328382941614	0.1354118311005436	-0.11010999378571085	0.1164029337023052	-0.14756028637512728	0.12471342259303683	-0.13134759742365296	0.09457884745781316	-0.17083597110692306	0.19312034588930987	-0.22976607686872874	0.15064151856344754	-0.13623415088085997	0.21317707842366687	-0.46217987336981525	0.9999999999999916	-0.15542432093176584	0.13850200799352905	-0.2125976527350326	0.2496482483829529	-0.7373935290377112	0.1610849840659285	-0.13871165707575545	0.19382911078080725	-0.19555626039020516	0.2027323628435318	-0.16201560444004626	0.12507048514377195	-0.15211032176169903	0.1175030921193253	-0.1576585660653437	0.12665837534381816	-0.10671097118776689
0.08378959900683862	-0.08329042543106929	0.09097313790120191	-0.0887362942133605	0.11145576432817714	-0.08419484331376065	0.10459973795304173	-0.10117670936497461	0.09575888971885306	-0.11778238508859215	0.10140925005584163	-0.10430140159144576	0.11754537155744013	-0.1558649800076411	0.15083286223116646	-0.09472644956137041	0.11749047734055967	-0.1415029752561287	0.16645065857878752	-0.14992559555941354	0.12942778804668847	-0.13770278109333547	0.2018010894987625	-0.36547733299971435	0.24725845824263162	-0.12046583366967724	0.14559205489306087	-0.15542432093176584	0.9999999999999948	-0.617249494417585	0.11916787505823868	-0.13513178484718982	0.1586711738949686	-0.5204469313767567	0.29443963177313365	-0.17330406757350433	0.13477579420800603	-0.17864281431806753	0.21701152422279996	-0.20870414383522673	0.13071059118843217	-0.10032756513689717	0.14576746708839552	-0.17406414688628893	0.15543832247694653
-0.08737005765535685	0.08579939573937402	-0.09479100970033874	0.09150750608569402	-0.11687978677135029	0.08676878156869777	-0.10875752885098695	0.1037955161903295	-0.09930759937818354	0.12025241474866752	-0.10571119476433251	0.10658823532043575	-0.12184146844200099	0.15965047467576174	-0.1860952418370123	0.09710805384729619	-0.12144722394584352	0.13810516812735066	-0.17046917268635356	0.17341934619058347	-0.13451195337310315	0.13645166388345542	-0.2048888909363037	0.25607564346409084	-0.38326087187428337	0.11942969563648748	-0.1472313083853655	0.13850200799352905	-0.617249494417585	0.9999999999999882	-0.12106083908665818	0.13179086964541037	-0.15182306704171733	0.3019100308189346	-0.4777090111397873	0.17085525685288055	-0.13787957773185186	0.16823573454602583	-0.22168929829424677	0.21879884135610259	-0.1383150331364208	0.10363459255913929	-0.15561821761728428	0.1708126575311078	-0.18193963064464136
0.09358487404246127	-0.09165124545234685	0.0950176185746777	-0.09087872696366361	0.1141396754061814	-0.0991989458977123	0.11427659766405536	-0.10280982290150338	0.09375051716437639	-0.11570256400260552	0.12316096720412083	-0.1157666635317354	0.11660895183098777	-0.13945416613915473	0.10788208798142876	-0.13351039900074352	0.1460074473191438	-0.11067889644614921	0.11922598009022423	-0.09027476852130692	0.20024958108449836	-0.18254827907133342	0.16113112274116187	-0.12819091219097886	0.12415112701504709	-0.6723343191895407	0.2826842142431687	-0.2125976527350326	0.11916787505823868	-0.12106083908665818	0.9999999999999869	-0.4711364518111127	0.20983094290813384	-0.12503209040421479	0.11519208853297086	-0.34753162958469597	0.2315326185008165	-0.21993798581324325	0.15099805635878766	-0.12359163274787206	0.18830816656811344	-0.14545323487396933	0.18003849250182682	-0.13198396710334453	0.10455181560961442
-0.09055024095213941	0.08762032828745038	-0.09253113934748003	0.08780700154147153	-0.11159328255816785	0.0935603537471578	-0.11156886539984269	0.09979604648758612	-0.09128393574545428	0.11144791299854165	-0.11801085685032153	0.1116408430343777	-0.11537009187528682	0.13548459867301738	-0.11022600800297001	0.11910079724703365	-0.14463101440400208	0.11175402705550769	-0.12245898185646928	0.09218422975925389	-0.18036296174655428	0.1766377767907647	-0.170766908144036	0.13360053808395012	-0.13071243221974943	0.2711979810255444	-0.3588278879913074	0.2496482483829529	-0.13513178484718982	0.13179086964541037	-0.4711364518111127	0.9999999999999887	-0.37780226999917843	0.14710540671165787	-0.1333596660896125	0.2531086555151595	-0.5510011860712376	0.2718090743770152	-0.1889031168115166	0.1372108374966848	-0.2247538030339419	0.19195599693985604	-0.2235836356189544	0.15102750164413914	-0.12034936377672902
0.0859775344136269	-0.08472725164882948	0.08935157300812824	-0.08599028906296392	0.1077235644396209	-0.08929420674139982	0.10651685279944725	-0.09806122787698499	0.08993051379676467	-0.11098656006418446	0.10963917543122781	-0.1083769285651083	0.11263582857192715	-0.13700523742523568	0.11001787127431077	-0.11087751110985286	0.13403191248968827	-0.11869586764293785	0.12498409986863715	-0.09574373309430159	0.15759685699665935	-0.17530411734750934	0.18359187504091837	-0.14933201965155465	0.13518281454231873	-0.22220184876294233	0.2811490618194154	-0.7373935290377112	0.1586711738949686	-0.15182306704171733	0.20983094290813384	-0.37780226999917843	0.9999999999999885	-0.21466403352674704	0.1532375612920566	-0.2182767689588112	0.22312059149653748	-0.28476453614044545	0.18395445717053013	-0.14526162277225596	0.16150500865161638	-0.13265683854300175	0.16989597309178933	-0.14694237258591705	0.11888755869470795
-0.07479598792950998	0.0732427429742195	-0.07992249495875108	0.07693497079483178	-0.0983105128057842	0.07488496048630854	-0.09256854695370506	0.08707293469810243	-0.08210749845120659	0.10032262937674984	-0.0918011281884367	0.09113917428984396	-0.10147615146039979	0.12878735018912985	-0.12503201302208905	0.0859393995952393	-0.10645734522423923	0.11176148283166729	-0.13355000349828788	0.11305534256069738	-0.12079721658403038	0.12232340311942827	-0.16777123384595882	0.1923123920106994	-0.1865489109876146	0.12073719087934828	-0.15008343093631815	0.1610849840659285	-0.5204469313767567	0.3019100308189346	-0.12503209040421479	0.14710540671165787	-0.21466403352674704	0.999999999999989	-0.5732819213615504	0.17108578663289845	-0.15696067406976097	0.20921445718028325	-0.4088344248761737	0.2485583297723807	-0.14200409651454543	0.1119225601113717	-0.1666164800116407	0.2132418930457561	-0.20799595275649813
0.0728422469657167	-0.07167454052012694	0.0783455223336979	-0.07597118230966621	0.09698199971927782	-0.07271153966134078	0.08981676951996814	-0.08527086732213604	0.08114088227705682	-0.10015600786221353	0.08849089973603719	-0.08816482852416013	0.09813048925265018	-0.12918662970991915	0.12379951006634031	-0.08222211831986824	0.1010744997999705	-0.10657653132099351	0.1242592122894625	-0.11760629693287894	0.11432021472566521	-0.11535211800623854	0.15226183612960878	-0.18083329816941723	0.1869503198245141	-0.11297948221833415	0.13461078808065122	-0.13871165707575545	0.29443963177313365	-0.4777090111397873	0.11519208853297086	-0.1333596660896125	0.1532375612920566	-0.5732819213615504	0.9999999999999866	-0.17159311712106784	0.13979458251547236	-0.1894545344895703	0.25130086535672025	-0.47269204037563417	0.13563764355849073	-0.10734154338239145	0.15971258673717031	-0.2314746695416855	0.231969694347268
-0.136398838174959	0.12730934386241372	-0.14074863656038542	0.13057924203691268	-0.17898116391153468	0.13247334668071223	-0.16261272126400003	0.1435328493240908	-0.13437768401239783	0.1612514041721221	-0.17031449513076108	0.15301034274821904	-0.16639740421881588	0.19142358833947848	-0.16932775854085524	0.1542952717534882	-0.18761167901613976	0.152043249606127	-0.1762795022880795	0.13302215509987017	-0.23268603120491932	0.19839364585305538	-0.2239384383082068	0.17754581064269645	-0.19090431487227683	0.23920278184379054	-0.2676569902757415	0.19382911078080725	-0.17330406757350433	0.17085525685288055	-0.34753162958469597	0.2531086555151595	-0.2182767689588112	0.17108578663289845	-0.17159311712106784	0.9999999999999873	-0.2923078138937032	0.2567676391811226	-0.22917713073019755	0.17819953172981312	-0.5394396980005273	0.27608873651521026	-0.40473453726907677	0.20340705811178036	-0.16939460571687812
0.08277542111224748	-0.08060043804116039	0.08621448995264772	-0.08260997951419775	0.10625097177405943	-0.08412769378539796	0.10096681024343455	-0.09226037385775285	0.08592527948215282	-0.10636810939958939	0.1041699525339187	-0.0997190608676898	0.10517575733964304	-0.12930170398617155	0.106042708145877	-0.10163578158757246	0.12152594495596945	-0.10240274609542524	0.11355671790159325	-0.0894102700487128	0.14681409932627734	-0.14509941807956753	0.1494670045060295	-0.12725669899587394	0.12618248726734344	-0.20427884918220637	0.21643734848081211	-0.19555626039020516	0.13477579420800603	-0.13787957773185186	0.2315326185008165	-0.5510011860712376	0.22312059149653748	-0.15696067406976097	0.13979458251547236	-0.2923078138937032	0.9999999999999875	-0.5476128921454945	0.22605440186977455	-0.16291039602290303	0.2521221640770851	-0.35935300439770773	0.2646787712337495	-0.19161295499947342	0.13769161011953532
-0.09152385452612283	0.08818842345739013	-0.09526667109990661	0.09046717176922403	-0.11739822227194376	0.09194538938478271	-0.11187358209482605	0.10147985131347602	-0.09455160517655527	0.11545908857751927	-0.11523972589209434	0.10930442503352851	-0.11738045708185463	0.14145995395567612	-0.12339376545554456	0.1096824590884059	-0.1344393569350786	0.11552528093397829	-0.13151188981023387	0.10314429662211931	-0.16070000179540775	0.15377729007362187	-0.17334188614404766	0.14864752822541935	-0.1514794205316825	0.18372328161813678	-0.23257258076421225	0.2027323628435318	-0.17864281431806753	0.16823573454602583	-0.21993798581324325	0.2718090743770152	-0.28476453614044545	0.20921445718028325	-0.1894545344895703	0.2567676391811226	-0.5476128921454945	0.9999999999999882	-0.49591314348740534	0.19766074630676392	-0.2663615927992647	0.23090987518358297	-0.3343196529117813	0.24173857011640032	-0.18718589988080273
0.08022889617839933	-0.0783622910706623	0.08511832230173767	-0.08200760057504614	0.10569635794249206	-0.08024786494757737	0.09810622817587893	-0.09144404584332168	0.08636248835212881	-0.10689636634554926	0.09857095657708301	-0.09594580541082848	0.10467968969884682	-0.13339412355985875	0.11799443439298024	-0.09248011937115083	0.11260513968489856	-0.1073770005304763	0.12277400672646228	-0.10402476150289909	0.13080842957486016	-0.12883027055282503	0.1545154726151327	-0.15745775489419417	0.15408297808354832	-0.14200349740533716	0.16524154732475324	-0.16201560444004626	0.21701152422279996	-0.22168929829424677	0.15099805635878766	-0.1889031168115166	0.18395445717053013	-0.4088344248761737	0.25130086535672025	-0.22917713073019755	0.22605440186977455	-0.49591314348740534	0.9999999999999881	-0.326797053101403	0.18641161291949807	-0.16364556316054554	0.2360088147610635	-0.5151175690700894	0.260822434069657
-0.07256919398740269	0.07021332705880401	-0.0770346833625064	0.0735686114303608	-0.09590802193852542	0.07183683393502967	-0.08877093669172209	0.0822167417276616	-0.07782882727657138	0.09496118737382495	-0.0889884520741309	0.08594270264133916	-0.09533160712089636	0.11933795189661688	-0.11558971260961157	0.08200381930432774	-0.10109504031963056	0.09786955920790306	-0.11561305571666354	0.09893554718538324	-0.1167555006520685	0.11230566256315742	-0.1437190941768027	0.14270526986135354	-0.15676841115631537	0.11466310176982462	-0.13998195389092033	0.12507048514377195	-0.20870414383522673	0.21879884135610259	-0.12359163274787206	0.1372108374966848	-0.14526162277225596	0.2485583297723807	-0.47269204037563417	0.17819953172981312	-0.16291039602290303	0.19766074630676392	-0.326797053101403	0.9999999999999885	-0.16687040685743412	0.12995302083266672	-0.2131934371764683	0.2950360515182968	-0.6501108670746547
0.09043651684502099	-0.08752599710168865	0.09529412245619917	-0.09139584477348062	0.12073760584427393	-0.0896205431624382	0.10871159675627362	-0.09987495037820382	0.09460577154641721	-0.1181216965323785	0.1107893272946212	-0.10460036880373876	0.1127823920096121	-0.14154138371341396	0.1157204189070202	-0.1030379963016632	0.12318061157874682	-0.10637492909028044	0.11996881466104935	-0.09574943027239008	0.14716012916428398	-0.13756977451500732	0.1507821528510544	-0.12952072361396524	0.13288481577597894	-0.17270632758057552	0.17716199884225936	-0.15211032176169903	0.13071059118843217	-0.1383150331364208	0.18830816656811344	-0.2247538030339419	0.16150500865161638	-0.14200409651454543	0.13563764355849073	-0.5394396980005273	0.2521221640770851	-0.2663615927992647	0.18641161291949807	-0.16687040685743412	0.9999999999999876	-0.617935242475659	0.3181170432716078	-0.20081001789347636	0.14099109507307223
-0.0630664022893252	0.06100792221638711	-0.06613271731718252	0.06325838251568328	-0.08288066831384447	0.06292969101488434	-0.07628717880547523	0.06979541815791052	-0.06569299477445362	0.08146825751323444	-0.07812243258768417	0.07394315549894406	-0.07940309273008814	0.09840027589790354	-0.08192330353965761	0.07357385612996561	-0.08854093825876819	0.07601378085061095	-0.08576309908777902	0.0682129765058693	-0.1061339766414826	0.10033183848035959	-0.10965102086044004	0.09433568410631928	-0.09635091152558137	0.12663174335428312	-0.13870077207742063	0.1175030921193253	-0.10032756513689717	0.10363459255913929	-0.14545323487396933	0.19195599693985604	-0.13265683854300175	0.1119225601113717	-0.10734154338239145	0.27608873651521026	-0.35935300439770773	0.23090987518358297	-0.16364556316054554	0.12995302083266672	-0.617935242475659	0.999999999999988	-0.6024440383077787	0.17455902242793594	-0.12208818559428707
0.08968638070184315	-0.08712384594333947	0.09474295621493187	-0.09112117688943712	0.11956560264272152	-0.08911485910863731	0.10821241413510686	-0.099899389848986	0.0946653549553241	-0.11828937009811077	0.10980211101587596	-0.10453306013640264	0.11293082082783189	-0.14287939923749116	0.11813359894233148	-0.1023743365456952	0.12280017850042228	-0.10825794792321913	0.12226530873569061	-0.09913370762892129	0.14553595808455289	-0.13800027193527306	0.15369399534160205	-0.13612080790056458	0.13903110260209045	-0.1681238853532128	0.17801638969297245	-0.1576585660653437	0.14576746708839552	-0.15561821761728428	0.18003849250182682	-0.2235836356189544	0.16989597309178933	-0.1666164800116407	0.15971258673717031	-0.40473453726907677	0.2646787712337495	-0.3343196529117813	0.2360088147610635	-0.2131934371764683	0.3181170432716078	-0.6024440383077787	0.9999999999999882	-0.34801914484867846	0.19200661235379363
-0.07086667990654219	0.06854709801053145	-0.07487793092682866	0.07153365067489191	-0.0933570885205455	0.07034483960951712	-0.08638433459529149	0.07964362108271192	-0.07519599469681032	0.09224841689397299	-0.08725215441805056	0.08367610540235286	-0.09179352939234466	0.1143746207330617	-0.10482678585217121	0.08095265676542981	-0.09912939835957336	0.09221423207654338	-0.10722805693924563	0.08901648746432798	-0.11585607716033205	0.11073475468912	-0.13472679309887065	0.1282154913353801	-0.13461324922727763	0.12021772576330264	-0.1433931492147189	0.12665837534381816	-0.17406414688628893	0.1708126575311078	-0.13198396710334453	0.15102750164413914	-0.14694237258591705	0.2132418930457561	-0.2314746695416855	0.20340705811178036	-0.19161295499947342	0.24173857011640032	-0.5151175690700894	0.2950360515182968	-0.20081001789347636	0.17455902242793594	-0.34801914484867846	0.9999999999999885	-0.6024255461306264
