0.9999999999999999	-0.7262724972540444	0.07171785544341025	-0.02796667160438086	0.030552435193007467	-0.4603825407342401	0.3004795265527236	-0.07192253879084869	0.05452108374875065	-0.04295497392979622	0.26274235409463204	-0.23285678934207785	0.18626547350763586	-0.05457699201402688	0.04513789873175662	-0.22491242710998471	0.16436154947843773	-0.06813119698508797	0.0672087692397865	-0.07128575567444377	0.042606136222511984	-0.04001244816982995	0.06480587112082603	-0.04942048378367303	0.04519477852536812	-0.03659701657706203	0.03965134092969557	-0.04137768002488097	0.044236154987578914	-0.039632811272396234	0.047340130998016344	-0.04390723932771981	0.047283638490890824	-0.04095998576427079	0.03063570950866412	-0.02364975050928894	0.02721689231078226	-0.029190690636230476	0.0317145145467132	-0.0398746393457693	0.0212824195940572	-0.023196255188784782	0.024863329489176512	-0.017082593009401948	0.016454263855157632
-0.7262724972540444	0.9999999999999994	-0.07793472915912253	0.025066330501498667	-0.027355582250539932	0.2664151251497051	-0.5365780293967733	0.07527656956792098	-0.04754003196081079	0.036594574766723606	-0.2561648392565072	0.22272805957011588	-0.19437973190787525	0.047728972328895426	-0.03846611178350983	0.17578774235968894	-0.15265751260335172	0.058416728864340677	-0.057562573505841604	0.05909316408987601	-0.03548665426127687	0.03341233814888403	-0.05482547606709448	0.04108846655532425	-0.037551690579875056	0.03005653789524513	-0.03263786635531052	0.03401028751716294	-0.03640079383236904	0.03246886085373093	-0.03867096088702234	0.0357130970754998	-0.0386303237877249	0.03346988298864882	-0.02511957070353572	0.0192526004197146	-0.022156673020667917	0.023770429716926878	-0.025913791374730287	0.03251413017682115	-0.017328142180602135	0.018873857694600316	-0.02025292599262018	0.013925654746316522	-0.01342380495609289
0.07171785544341025	-0.07793472915912253	0.9999999999999993	-0.09304638242827525	0.08478032431566956	-0.07003920353775174	0.1103262604124274	-0.9498434027169838	0.07492610765691653	-0.05266589566032869	0.08034289437240238	-0.11167280938179024	0.16116275758242157	-0.06474715671915725	0.048096261019650484	-0.1199893246480939	0.09471149281836382	-0.05434833179140262	0.05997899905730757	-0.06412334141295362	0.030343775784862942	-0.028606130609891436	0.050429248438985046	-0.04079212823279415	0.037548699062895145	-0.026980023057787437	0.02939067997009045	-0.031495809585567566	0.034283009920191815	-0.03121337690715726	0.03481546704168414	-0.03258338105751193	0.03551015855065007	-0.031520942930260656	0.024013669269843833	-0.017532467695517695	0.020209685659920405	-0.021872701267888	0.024349863082339326	-0.03075478974421505	0.015796232049340587	-0.017256010960440334	0.01858769196462448	-0.013080813302496407	0.012608648158528624
-0.02796667160438086	0.025066330501498667	-0.09304638242827525	0.9999999999999996	-0.9466389188377616	0.025668637516574295	-0.037788209977233665	0.08096361909443492	-0.21900340689130615	0.12175394675784175	-0.03453201265413457	0.04046044492604073	-0.06520312574360877	0.13004539196944037	-0.0986373640951305	0.060239754841221925	-0.05648662791069095	0.06723521053847006	-0.09245836321073449	0.0932330455163871	-0.02984161571667011	0.028324366500731342	-0.05991565299782675	0.05223011246303968	-0.0490679032406249	0.027362113443344827	-0.03031564094600824	0.03406784407692318	-0.03863690270942906	0.035660632910009156	-0.03469308031389248	0.03241409506753197	-0.03692793759775261	0.03422763261299201	-0.027356366938102474	0.017497059359479	-0.02025124523425538	0.022330318782701274	-0.026386498024481893	0.03329019155819225	-0.01583327381980188	0.017310584266847083	-0.018943201849534005	0.013977691104241859	-0.013541753401901953
0.030552435193007467	-0.027355582250539932	0.08478032431566956	-0.9466389188377616	0.9999999999999998	-0.02812626730315139	0.04100042768894841	-0.08461480805221833	0.17794926938164676	-0.14070265736368412	0.0378601059237425	-0.044163978108034935	0.06988437441967782	-0.14339035993937066	0.10356491220784311	-0.06818309382360464	0.06249169508032949	-0.07559712128325534	0.0965110687737557	-0.10878270693266802	0.03329675591508236	-0.03174633396536275	0.06593351305807629	-0.059734650124087595	0.055442970971894996	-0.030914929526087463	0.034145715448669366	-0.038648267818956396	0.04373577439263046	-0.040863169584286395	0.03904658159516506	-0.036925571666343915	0.04173234976918038	-0.039161897460503005	0.031149927028484944	-0.01986024502339382	0.02297180330973261	-0.025400646668180715	0.03006698073671413	-0.03821639890824842	0.017941846970615117	-0.0196746913509174	0.021484389719128548	-0.015989193055336505	0.015455643424172067
-0.4603825407342401	0.2664151251497051	-0.07003920353775174	0.025668637516574295	-0.02812626730315139	0.9999999999999998	-0.3828850690155804	0.06855624290959945	-0.050272447853879805	0.03889175792128646	-0.7161337715825089	0.23814862243317894	-0.19769330340983784	0.05051365157090168	-0.04103455924333912	0.2019187904597252	-0.16585974907702217	0.06296413513076524	-0.06182024614829453	0.06344536746084252	-0.03875526176402994	0.03638344830285205	-0.059364191629766694	0.04431513571748337	-0.0405104526951783	0.03264940178744004	-0.0354531177855982	0.036845174205643975	-0.03940874964365972	0.0350676864211535	-0.04203110837539821	0.03869909983089946	-0.04189542340629014	0.0361974175511236	-0.027151735318417695	0.020878724708458623	-0.024027797737406643	0.025753891722434374	-0.028039273992156104	0.035138930177122885	-0.018795654580123076	0.020458320016272055	-0.021956060214633262	0.015061309636795094	-0.014522244391589771
0.3004795265527236	-0.5365780293967733	0.1103262604124274	-0.037788209977233665	0.04100042768894841	-0.3828850690155804	0.9999999999999999	-0.12160105973539852	0.07172074818911431	-0.05622670083214463	0.27886870951408754	-0.5198071786823268	0.2670297223595731	-0.07267305554885954	0.058742250722151175	-0.2782180403611971	0.2196558785416366	-0.08973497169237549	0.08722023198880925	-0.09201594460486656	0.054431153362898575	-0.05144768654132666	0.08354636191008939	-0.06364274842253319	0.05808229808722325	-0.046676604446725584	0.050567645764996616	-0.052868028728772935	0.05650613074664187	-0.05067084898753654	0.06011465201724266	-0.055853089291848436	0.06014153051792529	-0.05226081910136488	0.03913427499171762	-0.03006172585169444	0.03458995367581521	-0.03713336140971481	0.0404295878350269	-0.05086455098930412	0.027041058008485795	-0.029489655938410485	0.03160709347908074	-0.02176959126656006	0.020966805254652266
-0.07192253879084869	0.07527656956792098	-0.9498434027169838	0.08096361909443492	-0.08461480805221833	0.06855624290959945	-0.12160105973539852	1.0000000000000002	-0.07616706614016006	0.04978213199244076	-0.08037014429862549	0.11129983321895433	-0.1938641996424665	0.06234197288536273	-0.04592756507609686	0.10800326433746245	-0.09044528532327718	0.050889600411363964	-0.05715364036413193	0.05889101096084465	-0.027882323944341772	0.026304031522818707	-0.04695008389654332	0.03754805678007419	-0.034610299551863954	0.02459184074648019	-0.026835949257488664	0.028742967960378434	-0.031343516434391226	0.02842467028445975	-0.031648284095685514	0.029503818371173315	-0.03229374370670562	0.028646877050447498	-0.021896924397642095	0.01589126180827587	-0.018320906430912935	0.019831656670468094	-0.022139644460923636	0.027902582070412057	-0.0143230576104466	0.015635208477501973	-0.016862101707168124	0.011869163714764363	-0.011450092884986187
0.05452108374875065	-0.04754003196081079	0.07492610765691653	-0.21900340689130615	0.17794926938164676	-0.050272447853879805	0.07172074818911431	-0.07616706614016006	0.9999999999999999	-0.4768614528585863	0.06926286950401396	-0.08258145518238862	0.13181267269385152	-0.6660786747406451	0.2858982682682258	-0.13267964510941652	0.12622441500391895	-0.1981905896051283	0.26361382428950564	-0.26948815547667043	0.07507137053486339	-0.07229403204108957	0.1581175168078164	-0.14465904499114396	0.13322251130528878	-0.06941537994386905	0.0769102663293132	-0.08831065287344954	0.10057685315648651	-0.09393398301715393	0.08643385932634139	-0.0816741989524757	0.09338398573302141	-0.08873798446542548	0.07145286830666654	-0.04393471575392148	0.050847367945181854	-0.0565120340177261	0.06797013365590877	-0.08627891891163386	0.0397059652953441	-0.04355912261999157	0.047747862907039404	-0.03595904415459011	0.03480720852044628
-0.04295497392979622	0.036594574766723606	-0.05266589566032869	0.12175394675784175	-0.14070265736368412	0.03889175792128646	-0.05622670083214463	0.04978213199244076	-0.4768614528585863	1.0	-0.054593017580497706	0.06228617240630005	-0.10201558285507392	0.2674780792604595	-0.7621732434406475	0.09837071200463955	-0.1017978903770853	0.14049710721217987	-0.21939756124143509	0.23490424388182335	-0.06662315244819471	0.06208195513942615	-0.14249377426547902	0.1186911065721676	-0.12865598330742056	0.05963264164081785	-0.06732566810331074	0.07498320045422537	-0.08816230282005275	0.07945039173636222	-0.07677582838881913	0.06832219428930915	-0.08233506340812484	0.07375225064092068	-0.06280552296996016	0.03755421036514345	-0.04372131735809192	0.04809554367400584	-0.058221427017236135	0.07102488399027876	-0.03435148906118824	0.03708638065013176	-0.04134481836251415	0.03011365858141068	-0.02959389413433419
0.26274235409463204	-0.2561648392565072	0.08034289437240238	-0.03453201265413457	0.0378601059237425	-0.7161337715825089	0.27886870951408754	-0.08037014429862549	0.06926286950401396	-0.054593017580497706	0.9999999999999999	-0.36216677363803884	0.23792390221992585	-0.06966659880818275	0.05755816066002566	-0.32970222041410885	0.21927124024757427	-0.08835360155585695	0.08641416043385534	-0.09097439720217018	0.05558802677285074	-0.05213008911559215	0.08379150965827845	-0.06340908420027296	0.057958100632991824	-0.0472141803220582	0.05115132636047676	-0.05319423180527598	0.056801126985111076	-0.05071574311321849	0.06093976694192375	-0.05630414597477596	0.06070944480024653	-0.05245658247172158	0.039232154613327345	-0.030350544580716714	0.03492293580502479	-0.037420975205078796	0.040625434044921666	-0.05099883661679914	0.027313314339255136	-0.02974772273074132	0.03189027635627262	-0.021861483972908168	0.021064870582342098
-0.23285678934207785	0.22272805957011588	-0.11167280938179024	0.04046044492604073	-0.044163978108034935	0.23814862243317894	-0.5198071786823268	0.11129983321895433	-0.08258145518238862	0.06228617240630005	-0.36216677363803884	1.0000000000000002	-0.57948230235494	0.08665007161537266	-0.06580184528551564	0.2802203744977113	-0.3614973762360551	0.10603052909712202	-0.10060416405339527	0.09901033364894152	-0.06011793540782801	0.05749182112266305	-0.0948088437251354	0.06929481640721691	-0.06298997800160415	0.04984345086243525	-0.054223066335218416	0.056440494081587265	-0.06030318317119769	0.05363073915104894	-0.06325975678969972	0.05841779658727637	-0.06328190426142213	0.055077748468266234	-0.041450967746027925	0.03146061477747255	-0.03618557867275057	0.03887340302283669	-0.042565765404313984	0.05339064036063015	-0.02828757965189066	0.030829755142127345	-0.033084275131144675	0.022829235976365853	-0.022010058587290854
0.18626547350763586	-0.19437973190787525	0.16116275758242157	-0.06520312574360877	0.06988437441967782	-0.19769330340983784	0.2670297223595731	-0.1938641996424665	0.13181267269385152	-0.10201558285507392	0.23792390221992585	-0.57948230235494	0.9999999999999987	-0.15321767119630755	0.105501901811287	-0.38333911077921434	0.29153170951936225	-0.15108160382959765	0.15162392294429744	-0.1585947521943963	0.08567572085161357	-0.08108439588862722	0.1370096497413522	-0.10684250971181165	0.09758555687166766	-0.0754691525101241	0.08181883416647048	-0.08665031158705554	0.09311659629967543	-0.08431180390234601	0.09751268891204214	-0.09133867514917225	0.09841494916661393	-0.08634780807179808	0.06493831385251929	-0.04909114978496196	0.05652125110714045	-0.06089212104977094	0.06673367902029985	-0.0842620358981083	0.044169810405090715	-0.04824958921797952	0.05175889922260765	-0.03596522216509821	0.0346240036099113
-0.05457699201402688	0.047728972328895426	-0.06474715671915725	0.13004539196944037	-0.14339035993937066	0.05051365157090168	-0.07267305554885954	0.06234197288536273	-0.6660786747406451	0.2674780792604595	-0.06966659880818275	0.08665007161537266	-0.15321767119630755	0.9999999999999989	-0.33903226038832485	0.12734817064914392	-0.1297774831955597	0.20865953888986097	-0.5054698877040734	0.23268953320557087	-0.07709616591052748	0.07333770272935297	-0.17861566773029233	0.13824475248711365	-0.13126507764444997	0.06768378423840894	-0.07587198122285854	0.08536824636224302	-0.09796816790834839	0.08762086831871467	-0.0846358407777343	0.07735488040267165	-0.09055509556454623	0.08309255000182411	-0.06796074757889299	0.04199432876863838	-0.04867168340436064	0.05370505932701157	-0.06436585918210692	0.0798553369496186	-0.038102517057406665	0.04147068851976654	-0.04572070158417136	0.03361344270337756	-0.03275498093037724
0.04513789873175662	-0.03846611178350983	0.048096261019650484	-0.0986373640951305	0.10356491220784311	-0.04103455924333912	0.058742250722151175	-0.04592756507609686	0.2858982682682258	-0.7621732434406475	0.05755816066002566	-0.06580184528551564	0.105501901811287	-0.33903226038832485	0.9999999999999989	-0.10836648394411928	0.10810699169337125	-0.1584756092074655	0.21629962296897953	-0.3894520297957515	0.07133929547558078	-0.067492645395296	0.1502256678910865	-0.1456893125424653	0.15249071540591685	-0.06584184925402249	0.07392541283711736	-0.08465171282646812	0.09974182063862286	-0.09417792744707976	0.0834132900152651	-0.07646942442998966	0.09077466474851117	-0.08509115280892472	0.07220475907106813	-0.04164663369684728	0.048420315232536995	-0.05383013065923464	0.06621177526691857	-0.08265612021712117	0.03793622580034794	-0.04128853758880225	0.04586692632552201	-0.03451342929009134	0.033718470068602305
-0.22491242710998471	0.17578774235968894	-0.1199893246480939	0.060239754841221925	-0.06818309382360464	0.2019187904597252	-0.2782180403611971	0.10800326433746245	-0.13267964510941652	0.09837071200463955	-0.32970222041410885	0.2802203744977113	-0.38333911077921434	0.12734817064914392	-0.10836648394411928	0.9999999999999997	-0.6819370452856142	0.18497101044028408	-0.1798929001899599	0.1607156790423272	-0.13162360193251207	0.11616703895953139	-0.18353874549942292	0.12167474079053694	-0.11193322270340411	0.09603963246022623	-0.10538127851036157	0.10393724947706784	-0.11083622844066537	0.09284377298190459	-0.12328955079236689	0.10501086820139034	-0.1181657060473373	0.09697621841927405	-0.07319990813404278	0.05783655426948103	-0.06659738911083289	0.07024000940494271	-0.07586293838870438	0.09209726984596656	-0.05237611951235213	0.05606527716547642	-0.06070429288829116	0.04000160102890725	-0.038903118970123336
0.16436154947843773	-0.15265751260335172	0.09471149281836382	-0.05648662791069095	0.06249169508032949	-0.16585974907702217	0.2196558785416366	-0.09044528532327718	0.12622441500391895	-0.1017978903770853	0.21927124024757427	-0.3614973762360551	0.29153170951936225	-0.1297774831955597	0.10810699169337125	-0.6819370452856142	1.0000000000000007	-0.2595111653032428	0.18112124162412782	-0.18108549054558426	0.12481115061157126	-0.12874156309668797	0.18924735243364157	-0.1337664371585415	0.11831462899626691	-0.09877547533833725	0.10667447244527417	-0.10987427267442958	0.11491593564220873	-0.10131170155637817	0.12026855393855133	-0.11141770442953401	0.11945659762039178	-0.10445458890838183	0.07805189381136768	-0.05971037961727183	0.06844926147404497	-0.07348886102958158	0.08023290335367723	-0.10066821074347627	0.05341962707341765	-0.05835322541293306	0.062324825383431155	-0.04296541212438119	0.04137310282811097
-0.06813119698508797	0.058416728864340677	-0.05434833179140262	0.06723521053847006	-0.07559712128325534	0.06296413513076524	-0.08973497169237549	0.050889600411363964	-0.1981905896051283	0.14049710721217987	-0.08835360155585695	0.10603052909712202	-0.15108160382959765	0.20865953888986097	-0.1584756092074655	0.18497101044028408	-0.2595111653032428	1.0000000000000002	-0.5413190715895138	0.24381121901457908	-0.15168249338335368	0.14694227979755858	-0.6402988587868378	0.22218966666649764	-0.19194226915942497	0.11117566366971987	-0.1282744599773108	0.14046344966493338	-0.15527436587995266	0.1245214628092345	-0.13134820821710275	0.11567808173296525	-0.137953547061419	0.12178372431362486	-0.09776450622960656	0.06285601582924562	-0.07256325781250218	0.07937484238973498	-0.09379164011941596	0.1132970245681246	-0.05676646672491038	0.06148095290307727	-0.06761140967600464	0.04808297754825196	-0.04698850710747471
0.0672087692397865	-0.057562573505841604	0.05997899905730757	-0.09245836321073449	0.0965110687737557	-0.06182024614829453	0.08722023198880925	-0.05715364036413193	0.26361382428950564	-0.21939756124143509	0.08641416043385534	-0.10060416405339527	0.15162392294429744	-0.5054698877040734	0.21629962296897953	-0.1798929001899599	0.18112124162412782	-0.5413190715895138	1.0000000000000018	-0.38675892488513897	0.11435022679280085	-0.11387915365099982	0.2769624243232298	-0.24423945205112582	0.19826770452233805	-0.10308530354804583	0.11422645437783968	-0.133938920340125	0.15070650962889967	-0.13734242000069594	0.12407037390518522	-0.11797174699412832	0.1346783365524569	-0.13002933864133065	0.10365638273427143	-0.06313913388863707	0.07292232249054066	-0.08135344554380065	0.09840159153974284	-0.12484013001229159	0.056840890168622656	-0.06253668560298137	0.0684066000310169	-0.05182613934956223	0.0500933843732234
-0.07128575567444377	0.05909316408987601	-0.06412334141295362	0.0932330455163871	-0.10878270693266802	0.06344536746084252	-0.09201594460486656	0.05889101096084465	-0.26948815547667043	0.23490424388182335	-0.09097439720217018	0.09901033364894152	-0.1585947521943963	0.23268953320557087	-0.3894520297957515	0.1607156790423272	-0.18108549054558426	0.24381121901457908	-0.38675892488513897	1.0000000000000004	-0.14645854908442796	0.13328399257055018	-0.3234118010897488	0.28657004460989677	-0.5076671089878314	0.13006636362226642	-0.1509634142282457	0.16710329788478714	-0.21295734631281146	0.19106983907820604	-0.17166443038173343	0.1449098281777908	-0.1874446246852523	0.1622610267803852	-0.1588296673389243	0.08143299722307155	-0.09561678973588705	0.1051296680224616	-0.1333441871418161	0.1551400154665247	-0.07552139208353915	0.0803698659743046	-0.09187489728961269	0.06649748732630743	-0.06685695194485697
0.042606136222511984	-0.03548665426127687	0.030343775784862942	-0.02984161571667011	0.03329675591508236	-0.03875526176402994	0.054431153362898575	-0.027882323944341772	0.07507137053486339	-0.06662315244819471	0.05558802677285074	-0.06011793540782801	0.08567572085161357	-0.07709616591052748	0.07133929547558078	-0.13162360193251207	0.12481115061157126	-0.15168249338335368	0.11435022679280085	-0.14645854908442796	1.0000000000000009	-0.8403885795232315	0.18855347180469967	-0.13470067801911195	0.10886301089202914	-0.32205008653072814	0.250946648672431	-0.1808186934344974	0.14458745290722863	-0.10893155567711238	0.19670523746629298	-0.1688522698616319	0.15125578112250496	-0.1254883655904059	0.08330365582816969	-0.08743704660236622	0.09421753419051726	-0.09500733669973324	0.09153380707023237	-0.1126007730207388	0.07246975639091142	-0.07985808927282059	0.07855920611780767	-0.04818759334153812	0.04581475150806886
-0.04001244816982995	0.03341233814888403	-0.028606130609891436	0.028324366500731342	-0.03174633396536275	0.03638344830285205	-0.05144768654132666	0.026304031522818707	-0.07229403204108957	0.06208195513942615	-0.05213008911559215	0.05749182112266305	-0.08108439588862722	0.07333770272935297	-0.067492645395296	0.11616703895953139	-0.12874156309668797	0.14694227979755858	-0.11387915365099982	0.13328399257055018	-0.8403885795232315	1.0000000000000027	-0.24166787910942839	0.13030639241234407	-0.10618673333742525	0.23661501110561167	-0.3338129900866037	0.1747087568346578	-0.1472099406078572	0.09965539348414336	-0.19483136826936956	0.1479388456214682	-0.14935882004701115	0.11544691444185888	-0.07769804071256933	0.07891521053999229	-0.08704463951489183	0.08687901266428677	-0.08540037188076667	0.10141377978296978	-0.06736623543797267	0.07213050111158242	-0.0733431526908418	0.04394966852306421	-0.042204533516553
0.06480587112082603	-0.05482547606709448	0.050429248438985046	-0.05991565299782675	0.06593351305807629	-0.059364191629766694	0.08354636191008939	-0.04695008389654332	0.1581175168078164	-0.14249377426547902	0.08379150965827845	-0.0948088437251354	0.1370096497413522	-0.17861566773029233	0.1502256678910865	-0.18353874549942292	0.18924735243364157	-0.6402988587868378	0.2769624243232298	-0.3234118010897488	0.18855347180469967	-0.24166787910942839	0.9999999999999993	-0.41206385668521317	0.23993352238073082	-0.1479598541894656	0.1663199989508399	-0.2080887767654282	0.2042440167221966	-0.16712715025791455	0.1592114674771922	-0.14992870839069103	0.17109531957009116	-0.16357935127167847	0.1250418141589842	-0.07939354225376098	0.09107076912592467	-0.10132419647643336	0.12060266399044965	-0.1502419198917067	0.07070099627194645	-0.0779265495632538	0.08449846229325003	-0.06245506380404993	0.06029579434665168
-0.04942048378367303	0.04108846655532425	-0.04079212823279415	0.05223011246303968	-0.059734650124087595	0.04431513571748337	-0.06364274842253319	0.03754805678007419	-0.14465904499114396	0.1186911065721676	-0.06340908420027296	0.06929481640721691	-0.10684250971181165	0.13824475248711365	-0.1456893125424653	0.12167474079053694	-0.1337664371585415	0.22218966666649764	-0.24423945205112582	0.28657004460989677	-0.13470067801911195	0.13030639241234407	-0.41206385668521317	0.9999999999999984	-0.6689693235447487	0.12692988964847626	-0.15407277448280635	0.19799080991381143	-0.3558918136678273	0.21051042678543772	-0.15398850115310186	0.1370516741257062	-0.18229373724939324	0.18189395992034688	-0.1674555141026213	0.07523628244617024	-0.08827431042613257	0.10090728796875577	-0.14015417091483862	0.1600899849597316	-0.0691322381548235	0.07489489506619541	-0.08597329666788577	0.06679648370385523	-0.06668166643453008
0.04519477852536812	-0.037551690579875056	0.037548699062895145	-0.0490679032406249	0.055442970971894996	-0.0405104526951783	0.05808229808722325	-0.034610299551863954	0.13322251130528878	-0.12865598330742056	0.057958100632991824	-0.06298997800160415	0.09758555687166766	-0.13126507764444997	0.15249071540591685	-0.11193322270340411	0.11831462899626691	-0.19194226915942497	0.19826770452233805	-0.5076671089878314	0.10886301089202914	-0.10618673333742525	0.23993352238073082	-0.6689693235447487	0.9999999999999997	-0.10970741474270944	0.12683661488895961	-0.1661987187656595	0.22331016560581185	-0.31073594157749457	0.13443620336573567	-0.12399581019451597	0.1590226952689476	-0.17220553957306287	0.18308016845987998	-0.06791071284953598	0.07973227566312281	-0.09265803589125762	0.13291423291130935	-0.17060488816602196	0.06245665783200314	-0.06818586550510974	0.0783657468808672	-0.0661232198756421	0.06561416246441834
-0.03659701657706203	0.03005653789524513	-0.026980023057787437	0.027362113443344827	-0.030914929526087463	0.03264940178744004	-0.046676604446725584	0.02459184074648019	-0.06941537994386905	0.05963264164081785	-0.0472141803220582	0.04984345086243525	-0.0754691525101241	0.06768378423840894	-0.06584184925402249	0.09603963246022623	-0.09877547533833725	0.11117566366971987	-0.10308530354804583	0.13006636362226642	-0.32205008653072814	0.23661501110561167	-0.1479598541894656	0.12692988964847626	-0.10970741474270944	0.999999999999996	-0.5997486145676164	0.24348350044190195	-0.19893171840317753	0.12187848109798821	-0.5856951207743446	0.2328771170214689	-0.22163702761512316	0.15241759353045936	-0.0965853096711106	0.14073827074341	-0.14405641676069672	0.12914469531904343	-0.11316378724262362	0.13033109990285455	-0.11617349172703706	0.11521491021769117	-0.11187650295779111	0.05778654586434004	-0.05540496897299408
0.03965134092969557	-0.03263786635531052	0.02939067997009045	-0.03031564094600824	0.034145715448669366	-0.0354531177855982	0.050567645764996616	-0.026835949257488664	0.0769102663293132	-0.06732566810331074	0.05115132636047676	-0.054223066335218416	0.08181883416647048	-0.07587198122285854	0.07392541283711736	-0.10538127851036157	0.10667447244527417	-0.1282744599773108	0.11422645437783968	-0.1509634142282457	0.250946648672431	-0.3338129900866037	0.1663199989508399	-0.15407277448280635	0.12683661488895961	-0.5997486145676164	0.9999999999999999	-0.4930127792572304	0.23624518526964702	-0.14837835514830083	0.2870373863969895	-0.2791884952399453	0.23791407300381617	-0.18785052833913746	0.11350956868474162	-0.130057977028242	0.14237055782508784	-0.14185325757233813	0.1309799816261032	-0.15637830575218412	0.1062385873950062	-0.11829575522776088	0.11539357034247359	-0.06730489507295068	0.06378456221068493
-0.04137768002488097	0.03401028751716294	-0.031495809585567566	0.03406784407692318	-0.038648267818956396	0.036845174205643975	-0.052868028728772935	0.028742967960378434	-0.08831065287344954	0.07498320045422537	-0.05319423180527598	0.056440494081587265	-0.08665031158705554	0.08536824636224302	-0.08465171282646812	0.10393724947706784	-0.10987427267442958	0.14046344966493338	-0.133938920340125	0.16710329788478714	-0.1808186934344974	0.1747087568346578	-0.2080887767654282	0.19799080991381143	-0.1661987187656595	0.24348350044190195	-0.4930127792572304	0.9999999999999982	-0.5768716513714112	0.17894060211135845	-0.264185359001667	0.22685770090328178	-0.41893031636139644	0.24213336011432593	-0.14472590638456773	0.1189050505659851	-0.1393607376432888	0.15956996867541726	-0.16985504020244757	0.17927039763331373	-0.10708738364927647	0.1162957817241947	-0.13185089635448913	0.07920164204593375	-0.07693217814070644
0.044236154987578914	-0.03640079383236904	0.034283009920191815	-0.03863690270942906	0.04373577439263046	-0.03940874964365972	0.05650613074664187	-0.031343516434391226	0.10057685315648651	-0.08816230282005275	0.056801126985111076	-0.06030318317119769	0.09311659629967543	-0.09796816790834839	0.09974182063862286	-0.11083622844066537	0.11491593564220873	-0.15527436587995266	0.15070650962889967	-0.21295734631281146	0.14458745290722863	-0.1472099406078572	0.2042440167221966	-0.3558918136678273	0.22331016560581185	-0.19893171840317753	0.23624518526964702	-0.5768716513714112	0.9999999999999986	-0.294963880433212	0.2042553665365063	-0.20757913044440993	0.27502363301750854	-0.44031520897984766	0.20296573466411647	-0.10802266905088816	0.12604448977235752	-0.1544505155180131	0.2253764033429183	-0.2571858154751034	0.09709440265293044	-0.10911539583997062	0.12367759858496494	-0.1050992972222629	0.09955612907213876
-0.039632811272396234	0.03246886085373093	-0.03121337690715726	0.035660632910009156	-0.040863169584286395	0.0350676864211535	-0.05067084898753654	0.02842467028445975	-0.09393398301715393	0.07945039173636222	-0.05071574311321849	0.05363073915104894	-0.08431180390234601	0.08762086831871467	-0.09417792744707976	0.09284377298190459	-0.10131170155637817	0.1245214628092345	-0.13734242000069594	0.19106983907820604	-0.10893155567711238	0.09965539348414336	-0.16712715025791455	0.21051042678543772	-0.31073594157749457	0.12187848109798821	-0.14837835514830083	0.17894060211135845	-0.294963880433212	0.9999999999999977	-0.16944648490992636	0.14504910348199654	-0.21895862021101098	0.22610307247413525	-0.7430973572337523	0.08451436876899557	-0.10251563356070954	0.12343412971552645	-0.23341617382843666	0.27632998998414304	-0.08155755946276014	0.08682509683630238	-0.10912930710203175	0.10308322717889168	-0.11314987435039742
0.047340130998016344	-0.03867096088702234	0.03481546704168414	-0.03469308031389248	0.03904658159516506	-0.04203110837539821	0.06011465201724266	-0.031648284095685514	0.08643385932634139	-0.07677582838881913	0.06093976694192375	-0.06325975678969972	0.09751268891204214	-0.0846358407777343	0.0834132900152651	-0.12328955079236689	0.12026855393855133	-0.13134820821710275	0.12407037390518522	-0.17166443038173343	0.19670523746629298	-0.19483136826936956	0.1592114674771922	-0.15398850115310186	0.13443620336573567	-0.5856951207743446	0.2870373863969895	-0.264185359001667	0.2042553665365063	-0.16944648490992636	0.9999999999999988	-0.4507633945403326	0.26130897913021356	-0.2082523773200413	0.1293581584117176	-0.2941452571150398	0.23345136437305547	-0.2015221127532891	0.15324149370600063	-0.19052922946683332	0.1876699880121109	-0.20009098701450223	0.16593856212968439	-0.08293979442725043	0.07763909620280449
-0.04390723932771981	0.0357130970754998	-0.03258338105751193	0.03241409506753197	-0.036925571666343915	0.03869909983089946	-0.055853089291848436	0.029503818371173315	-0.0816741989524757	0.06832219428930915	-0.05630414597477596	0.05841779658727637	-0.09133867514917225	0.07735488040267165	-0.07646942442998966	0.10501086820139034	-0.11141770442953401	0.11567808173296525	-0.11797174699412832	0.1449098281777908	-0.1688522698616319	0.1479388456214682	-0.14992870839069103	0.1370516741257062	-0.12399581019451597	0.2328771170214689	-0.2791884952399453	0.22685770090328178	-0.20757913044440993	0.14504910348199654	-0.4507633945403326	1.0000000000000018	-0.46689298415432945	0.19860949001662034	-0.12105972350758491	0.2516925764597753	-0.5137436844951264	0.2406885698780164	-0.1598822166609963	0.1665314127202062	-0.23276426024686536	0.23532960209386672	-0.23605209523477896	0.08016254014911471	-0.07809584380087609
0.047283638490890824	-0.0386303237877249	0.03551015855065007	-0.03692793759775261	0.04173234976918038	-0.04189542340629014	0.06014153051792529	-0.03229374370670562	0.09338398573302141	-0.08233506340812484	0.06070944480024653	-0.06328190426142213	0.09841494916661393	-0.09055509556454623	0.09077466474851117	-0.1181657060473373	0.11945659762039178	-0.137953547061419	0.1346783365524569	-0.1874446246852523	0.15125578112250496	-0.14935882004701115	0.17109531957009116	-0.18229373724939324	0.1590226952689476	-0.22163702761512316	0.23791407300381617	-0.41893031636139644	0.27502363301750854	-0.21895862021101098	0.26130897913021356	-0.46689298415432945	1.0	-0.3867170921420881	0.1736094710577035	-0.18988711305088232	0.22954254791743123	-0.37907404402978156	0.2323357907152098	-0.26196988322342396	0.16600478610569416	-0.20835597045257645	0.22751300714178457	-0.11590541122975798	0.10758283057477716
-0.04095998576427079	0.03346988298864882	-0.031520942930260656	0.03422763261299201	-0.039161897460503005	0.0361974175511236	-0.05226081910136488	0.028646877050447498	-0.08873798446542548	0.07375225064092068	-0.05245658247172158	0.055077748468266234	-0.08634780807179808	0.08309255000182411	-0.08509115280892472	0.09697621841927405	-0.10445458890838183	0.12178372431362486	-0.13002933864133065	0.1622610267803852	-0.1254883655904059	0.11544691444185888	-0.16357935127167847	0.18189395992034688	-0.17220553957306287	0.15241759353045936	-0.18785052833913746	0.24213336011432593	-0.44031520897984766	0.22610307247413525	-0.2082523773200413	0.19860949001662034	-0.3867170921420881	0.9999999999999987	-0.26050566120900365	0.11304125051419227	-0.14036658916333708	0.19046840250530275	-0.6061737337231714	0.2957824197537559	-0.10982955077096078	0.12034907684024888	-0.15958027927846505	0.14917684546796683	-0.15332735866767228
0.03063570950866412	-0.02511957070353572	0.024013669269843833	-0.027356366938102474	0.031149927028484944	-0.027151735318417695	0.03913427499171762	-0.021896924397642095	0.07145286830666654	-0.06280552296996016	0.039232154613327345	-0.041450967746027925	0.06493831385251929	-0.06796074757889299	0.07220475907106813	-0.07319990813404278	0.07805189381136768	-0.09776450622960656	0.10365638273427143	-0.1588296673389243	0.08330365582816969	-0.07769804071256933	0.1250418141589842	-0.1674555141026213	0.18308016845987998	-0.0965853096711106	0.11350956868474162	-0.14472590638456773	0.20296573466411647	-0.7430973572337523	0.1293581584117176	-0.12105972350758491	0.1736094710577035	-0.26050566120900365	0.999999999999998	-0.06930413828249053	0.08391798201021176	-0.10885603038472363	0.23009788779793952	-0.48837807881991496	0.0663299871173545	-0.07278439438024986	0.09144580848991596	-0.11172121659451072	0.11504395094835629
-0.02364975050928894	0.0192526004197146	-0.017532467695517695	0.017497059359479	-0.01986024502339382	0.020878724708458623	-0.03006172585169444	0.01589126180827587	-0.04393471575392148	0.03755421036514345	-0.030350544580716714	0.03146061477747255	-0.04909114978496196	0.04199432876863838	-0.04164663369684728	0.05783655426948103	-0.05971037961727183	0.06285601582924562	-0.06313913388863707	0.08143299722307155	-0.08743704660236622	0.07891521053999229	-0.07939354225376098	0.07523628244617024	-0.06791071284953598	0.14073827074341	-0.130057977028242	0.1189050505659851	-0.10802266905088816	0.08451436876899557	-0.2941452571150398	0.2516925764597753	-0.18988711305088232	0.11304125051419227	-0.06930413828249053	0.999999999999999	-0.5337987283436632	0.19795447793693033	-0.0952994976552619	0.10139391977963905	-0.673063790807687	0.3005857155303537	-0.21442393967900877	0.0503748456107513	-0.0481321749840797
0.02721689231078226	-0.022156673020667917	0.020209685659920405	-0.02025124523425538	0.02297180330973261	-0.024027797737406643	0.03458995367581521	-0.018320906430912935	0.050847367945181854	-0.04372131735809192	0.03492293580502479	-0.03618557867275057	0.05652125110714045	-0.04867168340436064	0.048420315232536995	-0.06659738911083289	0.06844926147404497	-0.07256325781250218	0.07292232249054066	-0.09561678973588705	0.09421753419051726	-0.08704463951489183	0.09107076912592467	-0.08827431042613257	0.07973227566312281	-0.14405641676069672	0.14237055782508784	-0.1393607376432888	0.12604448977235752	-0.10251563356070954	0.23345136437305547	-0.5137436844951264	0.22954254791743123	-0.14036658916333708	0.08391798201021176	-0.5337987283436632	0.9999999999999978	-0.3122234225262673	0.11908805008514227	-0.12650145763742957	0.3011509022263428	-0.46429034642471134	0.2473563935348921	-0.06234178921276619	0.0587593103526827
-0.029190690636230476	0.023770429716926878	-0.021872701267888	0.022330318782701274	-0.025400646668180715	0.025753891722434374	-0.03713336140971481	0.019831656670468094	-0.0565120340177261	0.04809554367400584	-0.037420975205078796	0.03887340302283669	-0.06089212104977094	0.05370505932701157	-0.05383013065923464	0.07024000940494271	-0.07348886102958158	0.07937484238973498	-0.08135344554380065	0.1051296680224616	-0.09500733669973324	0.08687901266428677	-0.10132419647643336	0.10090728796875577	-0.09265803589125762	0.12914469531904343	-0.14185325757233813	0.15956996867541726	-0.1544505155180131	0.12343412971552645	-0.2015221127532891	0.2406885698780164	-0.37907404402978156	0.19046840250530275	-0.10885603038472363	0.19795447793693033	-0.3122234225262673	0.9999999999999989	-0.22350970027199626	0.1685096171124038	-0.2365587771000282	0.27493241409334884	-0.723942997697037	0.09289229955539122	-0.0893699742023647
0.0317145145467132	-0.025913791374730287	0.024349863082339326	-0.026386498024481893	0.03006698073671413	-0.028039273992156104	0.0404295878350269	-0.022139644460923636	0.06797013365590877	-0.058221427017236135	0.040625434044921666	-0.042565765404313984	0.06673367902029985	-0.06436585918210692	0.06621177526691857	-0.07586293838870438	0.08023290335367723	-0.09379164011941596	0.09840159153974284	-0.1333441871418161	0.09153380707023237	-0.08540037188076667	0.12060266399044965	-0.14015417091483862	0.13291423291130935	-0.11316378724262362	0.1309799816261032	-0.16985504020244757	0.2253764033429183	-0.23341617382843666	0.15324149370600063	-0.1598822166609963	0.2323357907152098	-0.6061737337231714	0.23009788779793952	-0.0952994976552619	0.11908805008514227	-0.22350970027199626	0.9999999999999987	-0.5774834685681292	0.09380906690672332	-0.10847719619689841	0.15142562060704473	-0.254853185188332	0.2009421808556754
-0.0398746393457693	0.03251413017682115	-0.03075478974421505	0.03329019155819225	-0.03821639890824842	0.035138930177122885	-0.05086455098930412	0.027902582070412057	-0.08627891891163386	0.07102488399027876	-0.05099883661679914	0.05339064036063015	-0.0842620358981083	0.0798553369496186	-0.08265612021712117	0.09209726984596656	-0.10066821074347627	0.1132970245681246	-0.12484013001229159	0.1551400154665247	-0.1126007730207388	0.10141377978296978	-0.1502419198917067	0.1600899849597316	-0.17060488816602196	0.13033109990285455	-0.15637830575218412	0.17927039763331373	-0.2571858154751034	0.27632998998414304	-0.19052922946683332	0.1665314127202062	-0.26196988322342396	0.2957824197537559	-0.48837807881991496	0.10139391977963905	-0.12650145763742957	0.1685096171124038	-0.5774834685681292	0.999999999999999	-0.10130613475429734	0.10857043814641154	-0.1495201557016632	0.20421052386914273	-0.26255512039578244
0.0212824195940572	-0.017328142180602135	0.015796232049340587	-0.01583327381980188	0.017941846970615117	-0.018795654580123076	0.027041058008485795	-0.0143230576104466	0.0397059652953441	-0.03435148906118824	0.027313314339255136	-0.02828757965189066	0.044169810405090715	-0.038102517057406665	0.03793622580034794	-0.05237611951235213	0.05341962707341765	-0.05676646672491038	0.056840890168622656	-0.07552139208353915	0.07246975639091142	-0.06736623543797267	0.07070099627194645	-0.0691322381548235	0.06245665783200314	-0.11617349172703706	0.1062385873950062	-0.10708738364927647	0.09709440265293044	-0.08155755946276014	0.1876699880121109	-0.23276426024686536	0.16600478610569416	-0.10982955077096078	0.0663299871173545	-0.673063790807687	0.3011509022263428	-0.2365587771000282	0.09380906690672332	-0.10130613475429734	0.9999999999999997	-0.5776125654078749	0.22618250868099485	-0.05064743980557249	0.04744493107119013
-0.023196255188784782	0.018873857694600316	-0.017256010960440334	0.017310584266847083	-0.0196746913509174	0.020458320016272055	-0.029489655938410485	0.015635208477501973	-0.04355912261999157	0.03708638065013176	-0.02974772273074132	0.030829755142127345	-0.04824958921797952	0.04147068851976654	-0.04128853758880225	0.05606527716547642	-0.05835322541293306	0.06148095290307727	-0.06253668560298137	0.0803698659743046	-0.07985808927282059	0.07213050111158242	-0.0779265495632538	0.07489489506619541	-0.06818586550510974	0.11521491021769117	-0.11829575522776088	0.1162957817241947	-0.10911539583997062	0.08682509683630238	-0.20009098701450223	0.23532960209386672	-0.20835597045257645	0.12034907684024888	-0.07278439438024986	0.3005857155303537	-0.46429034642471134	0.27493241409334884	-0.10847719619689841	0.10857043814641154	-0.5776125654078749	0.9999999999999997	-0.4969161902096384	0.05871974242981057	-0.05606814198064082
0.024863329489176512	-0.02025292599262018	0.01858769196462448	-0.018943201849534005	0.021484389719128548	-0.021956060214633262	0.03160709347908074	-0.016862101707168124	0.047747862907039404	-0.04134481836251415	0.03189027635627262	-0.033084275131144675	0.05175889922260765	-0.04572070158417136	0.04586692632552201	-0.06070429288829116	0.062324825383431155	-0.06761140967600464	0.0684066000310169	-0.09187489728961269	0.07855920611780767	-0.0733431526908418	0.08449846229325003	-0.08597329666788577	0.0783657468808672	-0.11187650295779111	0.11539357034247359	-0.13185089635448913	0.12367759858496494	-0.10912930710203175	0.16593856212968439	-0.23605209523477896	0.22751300714178457	-0.15958027927846505	0.09144580848991596	-0.21442393967900877	0.2473563935348921	-0.723942997697037	0.15142562060704473	-0.1495201557016632	0.22618250868099485	-0.4969161902096384	1.0	-0.08795879534478634	0.07859485364396823
