1.0000000000000002	-0.35537974068764233	0.22290329264326947	-0.09158122941381654	0.115675947831499	-0.8065566395174553	0.2860341003344968	-0.2954604278482557	0.11770397281740856	-0.07748841581879407	0.15457873355545626	-0.14605198063282882	0.12477401102413607	-0.11311267323232509	0.06659425834697649	-0.10486754962318384	0.1026927350425577	-0.11435704847274776	0.09368862764948015	-0.11542512892438916	0.1136673248842669	-0.07307217648632956	0.07563344294323199	-0.07315238250761913	0.05311754438320353	-0.05140039086495527	0.056141528678262866	-0.054950723852826275	0.05082482512415955	-0.046947316084806213	0.05513653500427372	-0.043036489172171385	0.04729944003568649	-0.038526201249186	0.05337182445289819
-0.35537974068764233	1.0	-0.6894117658431073	0.1501212721085669	-0.17743012865979946	0.24698421986677624	-0.4860937852886905	0.3092094812635473	-0.16578118706805375	0.09338869038856104	-0.12694324066122153	0.13096168429113655	-0.14090447529894953	0.12406209656142486	-0.07964721803943843	0.082537215721004	-0.10489033063503482	0.1190652323498592	-0.10331402029827513	0.12727943659699864	-0.11009095036395998	0.07308779312713216	-0.07852511414662236	0.07787659997262351	-0.057846483833296554	0.051228013248178314	-0.05711205741743227	0.05569744204422391	-0.05495522574561911	0.050533432512311294	-0.05655608937468361	0.04361400192116735	-0.04867395914952323	0.04123547209202267	-0.05780804047637345
0.22290329264326947	-0.6894117658431073	0.9999999999999998	-0.23735779976086577	0.20527827617771793	-0.2164372771140278	0.294110520890316	-0.4830601383457013	0.20036402006219867	-0.1243523267361964	0.13532751571390103	-0.15624971283991268	0.17396629441315092	-0.16540494315939003	0.10186753427733111	-0.09266033820338528	0.12489189185667995	-0.155559465235535	0.13191823307566938	-0.1711811282735007	0.12447841755319358	-0.0891644641710733	0.09451529888486455	-0.10024231257096847	0.07362798283065176	-0.06193249576432487	0.06868436448886459	-0.0680940741293191	0.06928703024033372	-0.0650876951992255	0.06791636073945581	-0.05300666006969934	0.058754541516547645	-0.052201935959263375	0.07216768117755637
-0.09158122941381654	0.1501212721085669	-0.23735779976086577	0.9999999999999998	-0.6979589408820162	0.08211476624237507	-0.10713673403030524	0.1534422071047358	-0.5819962294599217	0.17990270926774565	-0.0934968968869669	0.11104594990311618	-0.1317511720818163	0.15838592944568294	-0.13744329367166622	0.06490155009340508	-0.09699699340609531	0.12341196309093042	-0.1264452462261034	0.18738225422199298	-0.09433360593956397	0.07031888079349796	-0.07648863475314113	0.09216663724687939	-0.07045429206094049	0.04906601182197454	-0.054721314316403806	0.05490093624131502	-0.06374093732132328	0.06188861033436057	-0.05460095216616151	0.042587391796932494	-0.04751768240312516	0.04746963261317353	-0.06552218249326801
0.115675947831499	-0.17743012865979946	0.20527827617771793	-0.6979589408820162	1.0000000000000002	-0.10585583317074475	0.12849242759123194	-0.18612401586757835	0.32143402161225587	-0.2503909234863988	0.13711644224216038	-0.16674245683617314	0.17101831544278212	-0.21207188715540085	0.17495619915333424	-0.09698063503429102	0.14138425624902012	-0.180713544111648	0.17581794402296785	-0.2996887742399574	0.14164057821812068	-0.10529922050451354	0.1135728904946382	-0.14074800149431554	0.10645318410440148	-0.07427180566016275	0.08208402504986492	-0.08312175597051158	0.09553076524306031	-0.09599570197612654	0.08228127732860496	-0.0645133689832448	0.07149118456096867	-0.07235177608296055	0.0982002912866369
-0.8065566395174553	0.24698421986677624	-0.2164372771140278	0.08211476624237507	-0.10585583317074475	1.0	-0.4333037360199569	0.24228162099624984	-0.10657491188674059	0.0664741775720513	-0.17900078232216082	0.13152738640126968	-0.11221908082793243	0.09632751010639735	-0.05785779982889274	0.10016233127494496	-0.09347489011218017	0.09814770778521054	-0.08149447065399712	0.09742043590013275	-0.1091102561787285	0.06474817779501311	-0.06762800557268211	0.06274774157228248	-0.04589014600576837	0.045754565397829614	-0.05019377999006642	0.04846144351579902	-0.04408132604035787	0.04024966800255682	-0.04922264256483537	0.03809204350149402	-0.04206502302197096	0.033259566922140577	-0.04642974484979471
0.2860341003344968	-0.4860937852886905	0.294110520890316	-0.10713673403030524	0.12849242759123194	-0.4333037360199569	1.0000000000000004	-0.6421650354757179	0.13621584316605675	-0.08342350110635988	0.12951899108490414	-0.15007253088614533	0.15817717807285314	-0.13278125663096885	0.07159885871096013	-0.08447888125645096	0.10822631447301843	-0.12947292403178626	0.10374338890109759	-0.1204154842249671	0.10413623230585065	-0.07333277619933898	0.0767420209036139	-0.07529443606150454	0.054810872938757624	-0.04985263122255055	0.055667424349400675	-0.05428740344131865	0.052340359891848445	-0.04787985539739833	0.0542057041149344	-0.04223683629080698	0.04688411091256834	-0.03908195806630601	0.05440939551483072
-0.2954604278482557	0.3092094812635473	-0.4830601383457013	0.1534422071047358	-0.18612401586757835	0.24228162099624984	-0.6421650354757179	1.000000000000001	-0.21094085843015617	0.11250681665208714	-0.14829716340243534	0.16357037908317437	-0.28084068419648844	0.18039248406224878	-0.09820061087464796	0.09603655115878047	-0.13884870912987657	0.17055423707920758	-0.14316242364917986	0.15650883676471802	-0.12969868952212718	0.09280139402388723	-0.09967099261300351	0.09832031323927362	-0.07256547425069727	0.0630987798474608	-0.07127717602957867	0.06929580979033353	-0.06933999515920097	0.06262948210338998	-0.06968613699865636	0.05390821789424362	-0.06039956939830368	0.05126405503279602	-0.07210337605707244
0.11770397281740856	-0.16578118706805375	0.20036402006219867	-0.5819962294599217	0.32143402161225587	-0.10657491188674059	0.13621584316605675	-0.21094085843015617	0.9999999999999991	-0.3830454310647236	0.1374758264553411	-0.1707835533873787	0.20438831522433726	-0.30673730876848315	0.22913216680736148	-0.09643972627853589	0.1491080243458395	-0.20012217246224678	0.20866938207500405	-0.3307359150550823	0.13978090341586782	-0.10854854486995694	0.11721781517483282	-0.14971207224563945	0.11361061415933038	-0.07489119297360657	0.08349268793310691	-0.08438519946531589	0.1014515185556643	-0.10030755376371067	0.0828813604759443	-0.0651101582017171	0.07246646128507431	-0.07520643240489505	0.10274811911759381
-0.07748841581879407	0.09338869038856104	-0.1243523267361964	0.17990270926774565	-0.2503909234863988	0.0664741775720513	-0.08342350110635988	0.11250681665208714	-0.3830454310647236	0.9999999999999988	-0.10198752067845551	0.1152169836349674	-0.14384270683313727	0.16523085733816212	-0.7855843404307573	0.06964303003874524	-0.11303249825445248	0.136802295386228	-0.17440763183369754	0.2783418331742961	-0.10614562092916639	0.08013238304917276	-0.09112973148712425	0.11405424348301536	-0.1003495379106806	0.05582075856561595	-0.06349439088991579	0.06311809065084995	-0.08504133142222206	0.08020865869245469	-0.06372104524895246	0.0489659366640695	-0.05577715096379371	0.06083853025844994	-0.08794140907512532
0.15457873355545626	-0.12694324066122153	0.13532751571390103	-0.0934968968869669	0.13711644224216038	-0.17900078232216082	0.12951899108490414	-0.14829716340243534	0.1374758264553411	-0.10198752067845551	0.9999999999999993	-0.5019026589310923	0.16274789421567043	-0.1487598404487244	0.09084559478052902	-0.6095145849405013	0.22438708370503654	-0.18174569100975427	0.13861915732020896	-0.1673708055641135	0.31374224932857914	-0.15654425569501088	0.14801268931220957	-0.11792089082868229	0.08340353709709847	-0.11189056165719698	0.11642006228251467	-0.11039507110889477	0.08165043935866849	-0.07426731668422884	0.1110763531046227	-0.08752748438652586	0.09337611874834081	-0.06272645249472844	0.08622085279051289
-0.14605198063282882	0.13096168429113655	-0.15624971283991268	0.11104594990311618	-0.16674245683617314	0.13152738640126968	-0.15007253088614533	0.16357037908317437	-0.1707835533873787	0.1152169836349674	-0.5019026589310923	0.9999999999999982	-0.27452720335254444	0.1928643618269518	-0.10904790371595577	0.23642913865165868	-0.5541669198631163	0.2563683032828088	-0.19533416113085642	0.18645687275318246	-0.30756558217249175	0.23005673469506688	-0.23647966132774867	0.1436945129020671	-0.10383277059408473	0.13854766358488874	-0.16854916744517215	0.14809510054245537	-0.1039581261234577	0.08849731343966726	-0.15073344571787017	0.11525125458374888	-0.1310011555639062	0.07661264862269623	-0.108768286653267
0.12477401102413607	-0.14090447529894953	0.17396629441315092	-0.1317511720818163	0.17101831544278212	-0.11221908082793243	0.15817717807285314	-0.28084068419648844	0.20438831522433726	-0.14384270683313727	0.16274789421567043	-0.27452720335254444	0.9999999999999986	-0.6073409413203423	0.13425725569312824	-0.11252090644801961	0.23298246049402488	-0.5357151068194606	0.29770163185177245	-0.2461309942985597	0.14939291305602845	-0.14874722853985073	0.14840946646847727	-0.16168017302306512	0.11042283371676297	-0.08894472097151311	0.10209817714345372	-0.10135362581006234	0.10681375079177761	-0.09374782532797062	0.09501990383476183	-0.07623476042728236	0.08461396079993996	-0.07594019917929914	0.10489077080172293
-0.11311267323232509	0.12406209656142486	-0.16540494315939003	0.15838592944568294	-0.21207188715540085	0.09632751010639735	-0.13278125663096885	0.18039248406224878	-0.30673730876848315	0.16523085733816212	-0.1487598404487244	0.1928643618269518	-0.6073409413203423	0.9999999999999998	-0.17247495392769896	0.10029458887425441	-0.20003481705394127	0.30191830968085914	-0.546112973136707	0.2633236056347704	-0.14440279036989778	0.12793472076267448	-0.14079936852992458	0.1790290213507265	-0.1293596784933174	0.08177989214494556	-0.09488105909842576	0.09378761013111608	-0.12650254129299252	0.10427081206489235	-0.09086467836048719	0.0712680316472654	-0.08088546981153923	0.08494449266724213	-0.12155467372083326
0.06659425834697649	-0.07964721803943843	0.10186753427733111	-0.13744329367166622	0.17495619915333424	-0.05785779982889274	0.07159885871096013	-0.09820061087464796	0.22913216680736148	-0.7855843404307573	0.09084559478052902	-0.10904790371595577	0.13425725569312824	-0.17247495392769896	0.9999999999999979	-0.06281188422694657	0.10497045164316937	-0.13982163569626152	0.17737613924524231	-0.46921587392876557	0.09367715693387817	-0.07485886501678828	0.08349915554567179	-0.11481980456659015	0.10060294515196719	-0.051115862689153614	0.05793672217259912	-0.05831695335117925	0.08134707744482508	-0.08280815416374145	0.05749714927733689	-0.044822618761388516	0.05067152629643964	-0.057949840051782386	0.08124497293140864
-0.10486754962318384	0.082537215721004	-0.09266033820338528	0.06490155009340508	-0.09698063503429102	0.10016233127494496	-0.08447888125645096	0.09603655115878047	-0.09643972627853589	0.06964303003874524	-0.6095145849405013	0.23642913865165868	-0.11252090644801961	0.10029458887425441	-0.06281188422694657	0.9999999999999946	-0.1724337018041546	0.12382674552992545	-0.09691021599670928	0.11317149682594753	-0.6866979745696365	0.1176880366092196	-0.11564340869350846	0.08261025724224792	-0.0589514153538553	0.1006566701090037	-0.09967589101716226	0.08601009340437879	-0.058278595427222614	0.05206022020900384	-0.09596459401000222	0.07100906502099193	-0.07522570633024643	0.044622890435302265	-0.06189508198308913
0.1026927350425577	-0.10489033063503482	0.12489189185667995	-0.09699699340609531	0.14138425624902012	-0.09347489011218017	0.10822631447301843	-0.13884870912987657	0.1491080243458395	-0.11303249825445248	0.22438708370503654	-0.5541669198631163	0.23298246049402488	-0.20003481705394127	0.10497045164316937	-0.1724337018041546	0.9999999999999994	-0.45641856399089265	0.20679398113848838	-0.20065453142294892	0.19547305194770018	-0.4569473669178698	0.25155401082977874	-0.15295047158026462	0.1021950771610241	-0.1541868550595783	0.184491397100986	-0.16796154517668122	0.1019640302175935	-0.08873232659465584	0.14663766015182994	-0.12372273430217129	0.1318729218120959	-0.0752645294186702	0.10251716602841415
-0.11435704847274776	0.1190652323498592	-0.155559465235535	0.12341196309093042	-0.180713544111648	0.09814770778521054	-0.12947292403178626	0.17055423707920758	-0.20012217246224678	0.136802295386228	-0.18174569100975427	0.2563683032828088	-0.5357151068194606	0.30191830968085914	-0.13982163569626152	0.12382674552992545	-0.45641856399089265	0.9999999999999961	-0.4768268316447244	0.24270484137130174	-0.17195569871889002	0.19827163111049984	-0.21283482547571675	0.17954423568564848	-0.12714377463812235	0.10967293776364655	-0.13418704492627434	0.12734542060258391	-0.12624520814332432	0.10361291624155564	-0.11955805999008665	0.0947349194290722	-0.1080261828610474	0.08639261431020381	-0.12281824281277849
0.09368862764948015	-0.10331402029827513	0.13191823307566938	-0.1264452462261034	0.17581794402296785	-0.08149447065399712	0.10374338890109759	-0.14316242364917986	0.20866938207500405	-0.17440763183369754	0.13861915732020896	-0.19533416113085642	0.29770163185177245	-0.546112973136707	0.17737613924524231	-0.09691021599670928	0.20679398113848838	-0.4768268316447244	0.9999999999999963	-0.470861304778001	0.136175042535452	-0.13855760966913475	0.14723280917119613	-0.2966424870485067	0.1601886122566274	-0.0841665798715155	0.09699130421939342	-0.09917550990515607	0.15608933122134733	-0.13027009172478018	0.09143117036376443	-0.0735864472065696	0.08272004770473182	-0.10209300460842674	0.13873664879517353
-0.11542512892438916	0.12727943659699864	-0.1711811282735007	0.18738225422199298	-0.2996887742399574	0.09742043590013275	-0.1204154842249671	0.15650883676471802	-0.3307359150550823	0.2783418331742961	-0.1673708055641135	0.18645687275318246	-0.2461309942985597	0.2633236056347704	-0.46921587392876557	0.11317149682594753	-0.20065453142294892	0.24270484137130174	-0.470861304778001	0.9999999999999967	-0.17449296032979056	0.13751554293734064	-0.16018913976351515	0.21804172492222182	-0.23489382463479755	0.09411406722278755	-0.10863099302849107	0.10782261101859625	-0.16744780606246643	0.16193293408425158	-0.10821363769832439	0.08308379110637515	-0.09563951197297846	0.11360671885344883	-0.1661268943809712
0.1136673248842669	-0.11009095036395998	0.12447841755319358	-0.09433360593956397	0.14164057821812068	-0.1091102561787285	0.10413623230585065	-0.12969868952212718	0.13978090341586782	-0.10614562092916639	0.31374224932857914	-0.30756558217249175	0.14939291305602845	-0.14440279036989778	0.09367715693387817	-0.6866979745696365	0.19547305194770018	-0.17195569871889002	0.136175042535452	-0.17449296032979056	0.9999999999999948	-0.16672249329434555	0.15561946908355836	-0.12368072023409875	0.087371919763297	-0.16579214074249735	0.1412024787484851	-0.12620106358740116	0.08567178111053055	-0.078696316754073	0.13747408114683035	-0.10524443341947293	0.10699841169289234	-0.06685796526159604	0.09133692863449516
-0.07307217648632956	0.07308779312713216	-0.0891644641710733	0.07031888079349796	-0.10529922050451354	0.06474817779501311	-0.07333277619933898	0.09280139402388723	-0.10854854486995694	0.08013238304917276	-0.15654425569501088	0.23005673469506688	-0.14874722853985073	0.12793472076267448	-0.07485886501678828	0.1176880366092196	-0.4569473669178698	0.19827163111049984	-0.13855760966913475	0.13751554293734064	-0.16672249329434555	0.9999999999999962	-0.6187996621969104	0.1359252521057043	-0.08929915675047234	0.2242346899848361	-0.41552129338918486	0.25602108679602786	-0.09464730351573494	0.07621637857674551	-0.22145084672586307	0.18325962669622767	-0.20791187795037677	0.06883870832508251	-0.09412812926638697
0.07563344294323199	-0.07852511414662236	0.09451529888486455	-0.07648863475314113	0.1135728904946382	-0.06762800557268211	0.0767420209036139	-0.09967099261300351	0.11721781517483282	-0.09112973148712425	0.14801268931220957	-0.23647966132774867	0.14840946646847727	-0.14079936852992458	0.08349915554567179	-0.11564340869350846	0.25155401082977874	-0.21283482547571675	0.14723280917119613	-0.16018913976351515	0.15561946908355836	-0.6187996621969104	0.999999999999995	-0.19568471500303786	0.10806151875843192	-0.2262938436064048	0.2624118562091098	-0.5002423213884015	0.11702294137558825	-0.09457357088888912	0.2092248947428066	-0.2191796099114312	0.23494226463646795	-0.08492568389928412	0.1109444894964791
-0.07315238250761913	0.07787659997262351	-0.10024231257096847	0.09216663724687939	-0.14074800149431554	0.06274774157228248	-0.07529443606150454	0.09832031323927362	-0.14971207224563945	0.11405424348301536	-0.11792089082868229	0.1436945129020671	-0.16168017302306512	0.1790290213507265	-0.11481980456659015	0.08261025724224792	-0.15295047158026462	0.17954423568564848	-0.2966424870485067	0.21804172492222182	-0.12368072023409875	0.1359252521057043	-0.19568471500303786	0.9999999999999938	-0.44958275481962934	0.08770070713228721	-0.10132886786336114	0.11838012848737188	-0.5917060274054808	0.294478792284387	-0.0977422309252011	0.08218144143580841	-0.09603247464823207	0.25455134463197815	-0.3653964875628764
0.05311754438320353	-0.057846483833296554	0.07362798283065176	-0.07045429206094049	0.10645318410440148	-0.04589014600576837	0.054810872938757624	-0.07256547425069727	0.11361061415933038	-0.1003495379106806	0.08340353709709847	-0.10383277059408473	0.11042283371676297	-0.1293596784933174	0.10060294515196719	-0.0589514153538553	0.1021950771610241	-0.12714377463812235	0.1601886122566274	-0.23489382463479755	0.087371919763297	-0.08929915675047234	0.10806151875843192	-0.44958275481962934	0.9999999999999906	-0.05957103107472191	0.06697772963779192	-0.0777017205867087	0.27650694512571466	-0.7751310963520036	0.06537696900224686	-0.05532533646251188	0.06271057352687952	-0.1796425914748018	0.20565063262643726
-0.05140039086495527	0.051228013248178314	-0.06193249576432487	0.04906601182197454	-0.07427180566016275	0.045754565397829614	-0.04985263122255055	0.0630987798474608	-0.07489119297360657	0.05582075856561595	-0.11189056165719698	0.13854766358488874	-0.08894472097151311	0.08177989214494556	-0.051115862689153614	0.1006566701090037	-0.1541868550595783	0.10967293776364655	-0.0841665798715155	0.09411406722278755	-0.16579214074249735	0.2242346899848361	-0.2262938436064048	0.08770070713228721	-0.05957103107472191	0.9999999999999903	-0.6551460232377198	0.23328326441235128	-0.06352426076854722	0.05263855163277468	-0.5894883823516366	0.26676032109651593	-0.2360735063344663	0.049834454529074854	-0.06662270955280765
0.056141528678262866	-0.05711205741743227	0.06868436448886459	-0.054721314316403806	0.08208402504986492	-0.05019377999006642	0.055667424349400675	-0.07127717602957867	0.08349268793310691	-0.06349439088991579	0.11642006228251467	-0.16854916744517215	0.10209817714345372	-0.09488105909842576	0.05793672217259912	-0.09967589101716226	0.184491397100986	-0.13418704492627434	0.09699130421939342	-0.10863099302849107	0.1412024787484851	-0.41552129338918486	0.2624118562091098	-0.10132886786336114	0.06697772963779192	-0.6551460232377198	0.9999999999999912	-0.355662064569726	0.07150594183936969	-0.05961500519825671	0.30342155575073054	-0.3377978311029689	0.23962336233047254	-0.055560939590163984	0.07314776094493383
-0.054950723852826275	0.05569744204422391	-0.0680940741293191	0.05490093624131502	-0.08312175597051158	0.04846144351579902	-0.05428740344131865	0.06929580979033353	-0.08438519946531589	0.06311809065084995	-0.11039507110889477	0.14809510054245537	-0.10135362581006234	0.09378761013111608	-0.05831695335117925	0.08601009340437879	-0.16796154517668122	0.12734542060258391	-0.09917550990515607	0.10782261101859625	-0.12620106358740116	0.25602108679602786	-0.5002423213884015	0.11838012848737188	-0.0777017205867087	0.23328326441235128	-0.355662064569726	0.99999999999999	-0.09088727443538276	0.06878481010127767	-0.31809892539507895	0.28752688325554226	-0.6132968826082903	0.06928521927963102	-0.08937361073619443
0.05082482512415955	-0.05495522574561911	0.06928703024033372	-0.06374093732132328	0.09553076524306031	-0.04408132604035787	0.052340359891848445	-0.06933999515920097	0.1014515185556643	-0.08504133142222206	0.08165043935866849	-0.1039581261234577	0.10681375079177761	-0.12650254129299252	0.08134707744482508	-0.058278595427222614	0.1019640302175935	-0.12624520814332432	0.15608933122134733	-0.16744780606246643	0.08567178111053055	-0.09464730351573494	0.11702294137558825	-0.5917060274054808	0.27650694512571466	-0.06352426076854722	0.07150594183936969	-0.09088727443538276	0.9999999999999917	-0.43861099335586273	0.06965568767642834	-0.06161532191138355	0.07187664790345441	-0.5130628594455063	0.3085868148339985
-0.046947316084806213	0.050533432512311294	-0.0650876951992255	0.06188861033436057	-0.09599570197612654	0.04024966800255682	-0.04787985539739833	0.06262948210338998	-0.10030755376371067	0.08020865869245469	-0.07426731668422884	0.08849731343966726	-0.09374782532797062	0.10427081206489235	-0.08280815416374145	0.05206022020900384	-0.08873232659465584	0.10361291624155564	-0.13027009172478018	0.16193293408425158	-0.078696316754073	0.07621637857674551	-0.09457357088888912	0.294478792284387	-0.7751310963520036	0.05263855163277468	-0.05961500519825671	0.06878481010127767	-0.43861099335586273	0.9999999999999921	-0.05925797521467265	0.04954354704591164	-0.05769677915806544	0.2078138925880923	-0.2881860816439141
0.05513653500427372	-0.05655608937468361	0.06791636073945581	-0.05460095216616151	0.08228127732860496	-0.04922264256483537	0.0542057041149344	-0.06968613699865636	0.0828813604759443	-0.06372104524895246	0.1110763531046227	-0.15073344571787017	0.09501990383476183	-0.09086467836048719	0.05749714927733689	-0.09596459401000222	0.14663766015182994	-0.11955805999008665	0.09143117036376443	-0.10821363769832439	0.13747408114683035	-0.22145084672586307	0.2092248947428066	-0.0977422309252011	0.06537696900224686	-0.5894883823516366	0.30342155575073054	-0.31809892539507895	0.06965568767642834	-0.05925797521467265	0.9999999999999929	-0.5770852766550691	0.2736680878854479	-0.05623718274899285	0.07278340622679824
-0.043036489172171385	0.04361400192116735	-0.05300666006969934	0.042587391796932494	-0.0645133689832448	0.03809204350149402	-0.04223683629080698	0.05390821789424362	-0.0651101582017171	0.0489659366640695	-0.08752748438652586	0.11525125458374888	-0.07623476042728236	0.0712680316472654	-0.044822618761388516	0.07100906502099193	-0.12372273430217129	0.0947349194290722	-0.0735864472065696	0.08308379110637515	-0.10524443341947293	0.18325962669622767	-0.2191796099114312	0.08218144143580841	-0.05532533646251188	0.26676032109651593	-0.3377978311029689	0.28752688325554226	-0.06161532191138355	0.04954354704591164	-0.5770852766550691	0.9999999999999941	-0.6250597000776108	0.051623697680558495	-0.06595742285699241
0.04729944003568649	-0.04867395914952323	0.058754541516547645	-0.04751768240312516	0.07149118456096867	-0.04206502302197096	0.04688411091256834	-0.06039956939830368	0.07246646128507431	-0.05577715096379371	0.09337611874834081	-0.1310011555639062	0.08461396079993996	-0.08088546981153923	0.05067152629643964	-0.07522570633024643	0.1318729218120959	-0.1080261828610474	0.08272004770473182	-0.09563951197297846	0.10699841169289234	-0.20791187795037677	0.23494226463646795	-0.09603247464823207	0.06271057352687952	-0.2360735063344663	0.23962336233047254	-0.6132968826082903	0.07187664790345441	-0.05769677915806544	0.2736680878854479	-0.6250597000776108	0.9999999999999946	-0.06462653698596754	0.07605772793780041
-0.038526201249186	0.04123547209202267	-0.052201935959263375	0.04746963261317353	-0.07235177608296055	0.033259566922140577	-0.03908195806630601	0.05126405503279602	-0.07520643240489505	0.06083853025844994	-0.06272645249472844	0.07661264862269623	-0.07594019917929914	0.08494449266724213	-0.057949840051782386	0.044622890435302265	-0.0752645294186702	0.08639261431020381	-0.10209300460842674	0.11360671885344883	-0.06685796526159604	0.06883870832508251	-0.08492568389928412	0.25455134463197815	-0.1796425914748018	0.049834454529074854	-0.055560939590163984	0.06928521927963102	-0.5130628594455063	0.2078138925880923	-0.05623718274899285	0.051623697680558495	-0.06462653698596754	0.9999999999999947	-0.7819266389828342
0.05337182445289819	-0.05780804047637345	0.07216768117755637	-0.06552218249326801	0.0982002912866369	-0.04642974484979471	0.05440939551483072	-0.07210337605707244	0.10274811911759381	-0.08794140907512532	0.08622085279051289	-0.108768286653267	0.10489077080172293	-0.12155467372083326	0.08124497293140864	-0.06189508198308913	0.10251716602841415	-0.12281824281277849	0.13873664879517353	-0.1661268943809712	0.09133692863449516	-0.09412812926638697	0.1109444894964791	-0.3653964875628764	0.20565063262643726	-0.06662270955280765	0.07314776094493383	-0.08937361073619443	0.3085868148339985	-0.2881860816439141	0.07278340622679824	-0.06595742285699241	0.07605772793780041	-0.7819266389828342	0.9999999999999947
