0.9999999999999998	-0.2750256172556026	0.17184230515491616	-0.04399094494889855	0.036431479186480854	-0.7247004186103407	0.1971075378472562	-0.14938390345150532	0.05103559159423958	-0.04635147492349472	0.31777470692952087	-0.1665479779142257	0.1573127913338473	-0.04508406929685143	0.04718370012230511	-0.08118122347140223	0.07860683216268165	-0.04496269211470622	0.04030622072973744	-0.03909752649099899	0.05842155884053094	-0.059082896970408916	0.04215252424520629	-0.03962741199428194	0.037990465152712795	-0.017378511269647158	0.021215790968141843	-0.03830177070265549	0.030978056367112445	-0.017143892141450498	0.019058955177536335	-0.024819937588336213	0.018959348416764638	-0.015696135931637434	0.02067665060668533
-0.2750256172556026	0.9999999999999998	-0.540128530878911	0.07645817338968908	-0.0611652416985551	0.1957021584796107	-0.6557847309129895	0.31137834792550495	-0.08804731299472005	0.0718168291544616	-0.22736934260546235	0.2422955440251255	-0.27692028608721886	0.05577240874236636	-0.05378710005564625	0.07860679769627757	-0.08758712074039585	0.049665800565787184	-0.048056214280078405	0.041744433607018995	-0.05770530475031654	0.06260564805508778	-0.04720835088666174	0.03956735981952503	-0.038241097710207866	0.015344784105555318	-0.018847707501092416	0.034434724729789	-0.028782008871597976	0.01645336326720099	-0.016676167405837543	0.021512242763344742	-0.01717587819284891	0.014319614768919381	-0.019795868198876576
0.17184230515491616	-0.540128530878911	0.9999999999999998	-0.12462936720021708	0.08612270781312173	-0.15138902954103783	0.31366810822795527	-0.6743648913612351	0.12557619230822425	-0.10739882093434404	0.18180157999628077	-0.2503160259205185	0.24647158780187106	-0.06680197963011658	0.06150710697650303	-0.0800266907804959	0.08460030653143284	-0.05247528043650227	0.05524782872783072	-0.04832195337800807	0.05694579367091959	-0.06435661666554378	0.0485225365488271	-0.04527601270488012	0.043084893270052285	-0.016017496255424337	0.020137645717406213	-0.0383603532630168	0.03186573851671814	-0.018503492308601165	0.017364168370998065	-0.023243642783898184	0.018969055418865094	-0.015908648855304137	0.02215579737704479
-0.04399094494889855	0.07645817338968908	-0.12462936720021708	1.0	-0.6489287379872772	0.036103161772499684	-0.07022587857936435	0.10413714828723282	-0.6495210209211871	0.33229215772109577	-0.05123954190462256	0.0574798082260303	-0.0683918142029034	0.1264250247373529	-0.11077738337776821	0.0248655154944496	-0.027757818856638757	0.03576759633707075	-0.10205964856628139	0.07253328311705584	-0.021195279319023718	0.02309768714846142	-0.034733648123589554	0.059353941152173774	-0.05910183797709719	0.0085853813765237	-0.013373797188360643	0.03669909386246507	-0.03338156780715948	0.023171153972507973	-0.009395748370734171	0.015776690094179327	-0.019299494233504095	0.016684365202845948	-0.027715109936344542
0.036431479186480854	-0.0611652416985551	0.08612270781312173	-0.6489287379872772	1.0	-0.029598200208143664	0.05332930022092712	-0.07701681564096259	0.3237323284378054	-0.6769124932269435	0.042565900172189704	-0.04569572035858836	0.052739946925573294	-0.09744230169368866	0.08616806814613971	-0.020457625058312057	0.02261508244736468	-0.02884589321842915	0.07469294011551013	-0.06033191582237068	0.01737598561438537	-0.01888111868371349	0.027660104583186334	-0.04921873283320912	0.04759638483727969	-0.007202917569464595	0.011270425236544408	-0.031038267192361017	0.027616890684600923	-0.018987137053876422	0.007883055999850353	-0.013364791926682	0.016002482891449947	-0.013863690775294273	0.022562495186663794
-0.7247004186103407	0.1957021584796107	-0.15138902954103783	0.036103161772499684	-0.029598200208143664	1.0000000000000013	-0.21775474812382611	0.1343492687920188	-0.0423779034741475	0.03736191947013602	-0.5573859348403135	0.16281691859941436	-0.155791681728542	0.03576910710539612	-0.0363144210326223	0.07550117494064107	-0.07388328028503356	0.03733570308439608	-0.03181645363159798	0.029670934582241282	-0.05409653646473484	0.052761450847595294	-0.035296721722645925	0.02964446849448926	-0.028425956963212737	0.013937512831647509	-0.016458770216506408	0.028288927337683283	-0.02305258102605933	0.012656632356648722	-0.015203533628734986	0.018925969292546294	-0.013974041771009874	0.011565888259022578	-0.015258232897629398
0.1971075378472562	-0.6557847309129895	0.31366810822795527	-0.07022587857936435	0.05332930022092712	-0.21775474812382611	1.000000000000001	-0.4906212096984745	0.08310410539126069	-0.06956514788677894	0.20281800494028698	-0.3876315508609627	0.2748051860941558	-0.052745627115977786	0.04902592479839658	-0.08390946970644043	0.09267317190217017	-0.04913273432960265	0.04461660040221386	-0.03873373598349127	0.0582574439317659	-0.06733377945497394	0.04578488880403483	-0.03690665532630589	0.035213133242345256	-0.015003085439111528	0.01826995375167538	-0.03255704985127382	0.026966236770683716	-0.015198869657754693	0.01620375389846008	-0.020852062931665506	0.016055377810540325	-0.013388399837842804	0.018244650934295684
-0.14938390345150532	0.31137834792550495	-0.6743648913612351	0.10413714828723282	-0.07701681564096259	0.1343492687920188	-0.4906212096984745	1.0000000000000007	-0.1409403680608539	0.09778818948534519	-0.1695175263764405	0.2578252276488713	-0.3975465209062675	0.06389921815000729	-0.056995753470926835	0.07230626821615431	-0.08065062887448506	0.04963951178189453	-0.052623741453757096	0.04336177004261018	-0.05195623530868866	0.05900436943949631	-0.046500006645326886	0.03997492464105862	-0.038340192924796374	0.013891662241603282	-0.01739896031046289	0.0330696382834299	-0.02784755868313371	0.0162163535368358	-0.01503742099362703	0.019898098102209848	-0.01646263288859967	0.013805108275982983	-0.019441217761597573
0.05103559159423958	-0.08804731299472005	0.12557619230822425	-0.6495210209211871	0.3237323284378054	-0.0423779034741475	0.08310410539126069	-0.1409403680608539	1.0000000000000009	-0.6128245397520562	0.05980423092331174	-0.06954866669586833	0.08191244321251206	-0.2107067965688052	0.1358271399367826	-0.029910850005431085	0.033334784353545824	-0.04509368333525872	0.13008128528370388	-0.09501189314270068	0.025569836152978708	-0.028023338995033464	0.0429907379194833	-0.07725235008655414	0.07336092236419486	-0.010571648529105514	0.01664040449592727	-0.046535825481284425	0.041873315899193485	-0.028821829906612167	0.011548229839092764	-0.01969894325833754	0.02398000999320306	-0.020862392044852206	0.034146604478796534
-0.04635147492349472	0.0718168291544616	-0.10739882093434404	0.33229215772109577	-0.6769124932269435	0.03736191947013602	-0.06956514788677894	0.09778818948534519	-0.6128245397520562	1.0000000000000009	-0.05483510296875754	0.05815098591930678	-0.0704107359888394	0.14086913390929273	-0.13666431420755892	0.026761849551079707	-0.03003328134366073	0.0409004885532005	-0.11636568436416987	0.08728929905717156	-0.023355704700120893	0.02526771116990487	-0.03989694995430894	0.07043049493312123	-0.07087041737528145	0.009867533155943513	-0.015615300180622956	0.04360952641472042	-0.039701229023212575	0.027850775983353112	-0.010816633684934537	0.018459754862401333	-0.02305079393187394	0.019922008408083294	-0.0333561118683203
0.31777470692952087	-0.22736934260546235	0.18180157999628077	-0.05123954190462256	0.042565900172189704	-0.5573859348403135	0.20281800494028698	-0.1695175263764405	0.05980423092331174	-0.05483510296875754	1.0	-0.29839743694001875	0.21808676691734158	-0.05778134910234314	0.059934413141042614	-0.1470626662310104	0.1265603426409817	-0.06364483156700697	0.05195258002576193	-0.05017663200605314	0.09556812283939863	-0.09357492593076208	0.05942933520916827	-0.05120594916788882	0.0488374268743342	-0.02511782753688638	0.02957799405867648	-0.05044257983490441	0.04061671412562062	-0.022051725747454093	0.02735280205018381	-0.03427080669353519	0.024764375075837675	-0.020469762553900095	0.026584295944847236
-0.1665479779142257	0.2422955440251255	-0.2503160259205185	0.0574798082260303	-0.04569572035858836	0.16281691859941436	-0.3876315508609627	0.2578252276488713	-0.06954866669586833	0.05815098591930678	-0.29839743694001875	0.9999999999999988	-0.7557723334248917	0.06452969357627775	-0.05846674910948257	0.13638677084353795	-0.19478285405851226	0.0751903820545129	-0.05608890151811653	0.04601853680136498	-0.09422876048235734	0.11364795546438529	-0.07129588397216707	0.044310598459245044	-0.04224031244995848	0.021133841632734407	-0.024815464479114337	0.04052780142942257	-0.03362826580273294	0.018135674966563965	-0.022646149526991656	0.027717742023456865	-0.019841421586788983	0.01644305250785645	-0.021806415094219878
0.1573127913338473	-0.27692028608721886	0.24647158780187106	-0.0683918142029034	0.052739946925573294	-0.155791681728542	0.2748051860941558	-0.3975465209062675	0.08191244321251206	-0.0704107359888394	0.21808676691734158	-0.7557723334248917	1.0000000000000007	-0.08154298899391316	0.06795803715332656	-0.1327433365363016	0.14511970470485236	-0.08911198323953466	0.0659968907958168	-0.054219926459032286	0.08846177175147235	-0.11021192444316033	0.07788306390933486	-0.05177474942864224	0.04867795166075131	-0.021723364453492214	0.026366750101630476	-0.04610771668840466	0.0381032037129643	-0.02088182922712617	0.023270895910735917	-0.02989560422208111	0.022444972403058414	-0.018698000700733998	0.02500954791956783
-0.04508406929685143	0.05577240874236636	-0.06680197963011658	0.1264250247373529	-0.09744230169368866	0.03576910710539612	-0.052745627115977786	0.06389921815000729	-0.2107067965688052	0.14086913390929273	-0.05778134910234314	0.06452969357627775	-0.08154298899391316	1.0	-0.5361706694624566	0.04194430255161155	-0.04988533385891313	0.12005000465846992	-0.6951322497626946	0.29285130403166953	-0.043707219151159785	0.047744620926358214	-0.11857204312223261	0.22605577487856915	-0.2225174983143916	0.0221706148262239	-0.038267129392482495	0.11959090286452287	-0.11536035436864248	0.08123268945731676	-0.02421831835655696	0.04528064484101358	-0.0635420503010966	0.055772547586394425	-0.09642945093547584
0.04718370012230511	-0.05378710005564625	0.06150710697650303	-0.11077738337776821	0.08616806814613971	-0.0363144210326223	0.04902592479839658	-0.056995753470926835	0.1358271399367826	-0.13666431420755892	0.059934413141042614	-0.05846674910948257	0.06795803715332656	-0.5361706694624566	0.9999999999999996	-0.04170357910600438	0.04738166096237062	-0.10795824841831304	0.3130469149995619	-0.6666265740789058	0.0420996076549965	-0.04592621345099219	0.09828514411841809	-0.29477976107242587	0.2507960686024399	-0.027863847734891815	0.05058110369203996	-0.16833145316479037	0.13640934827501913	-0.09912241157238581	0.030146713055947363	-0.06232822878788695	0.07508870021450711	-0.06852000448697224	0.10723045139179985
-0.08118122347140223	0.07860679769627757	-0.0800266907804959	0.0248655154944496	-0.020457625058312057	0.07550117494064107	-0.08390946970644043	0.07230626821615431	-0.029910850005431085	0.026761849551079707	-0.1470626662310104	0.13638677084353795	-0.1327433365363016	0.04194430255161155	-0.04170357910600438	0.9999999999999989	-0.6544309587544757	0.1085241919993523	-0.042961024781741144	0.037669681098284634	-0.6329502537659822	0.3252780494295524	-0.11000887199497482	0.041226462037925966	-0.038427277112714764	0.06776553630502019	-0.055259327790989105	0.05055585946923052	-0.04016167688122594	0.0172929790021455	-0.07197652435232958	0.05632617999125818	-0.023520002768673307	0.01893297199022093	-0.020915997706484918
0.07860683216268165	-0.08758712074039585	0.08460030653143284	-0.027757818856638757	0.02261508244736468	-0.07388328028503356	0.09267317190217017	-0.08065062887448506	0.033334784353545824	-0.03003328134366073	0.1265603426409817	-0.19478285405851226	0.14511970470485236	-0.04988533385891313	0.04738166096237062	-0.6544309587544757	0.9999999999999988	-0.15420230999846227	0.05134692810803668	-0.04427352423716927	0.3263559418601508	-0.604996934006233	0.13994142485476313	-0.04813439798065408	0.04356184988699557	-0.05384288861469218	0.05694192176508412	-0.05812710079509872	0.044990953859806414	-0.019462193896512985	0.0548609110807918	-0.060241089605711264	0.026034216792610063	-0.021122479601124136	0.023389857008733014
-0.04496269211470622	0.049665800565787184	-0.05247528043650227	0.03576759633707075	-0.02884589321842915	0.03733570308439608	-0.04913273432960265	0.04963951178189453	-0.04509368333525872	0.0409004885532005	-0.06364483156700697	0.0751903820545129	-0.08911198323953466	0.12005000465846992	-0.10795824841831304	0.1085241919993523	-0.15420230999846227	1.0000000000000004	-0.1748631503158708	0.10697771698254128	-0.15017590928619998	0.16965047450431966	-0.9144699622290835	0.11766656043360471	-0.10621972502834053	0.03638756360501478	-0.051233330817586555	0.1293098727337875	-0.11176534172774588	0.04479056256073032	-0.039500121467981264	0.053836708635543434	-0.06090990664430335	0.04851682136611788	-0.054224104613817665
0.04030622072973744	-0.048056214280078405	0.05524782872783072	-0.10205964856628139	0.07469294011551013	-0.03181645363159798	0.04461660040221386	-0.052623741453757096	0.13008128528370388	-0.11636568436416987	0.05195258002576193	-0.05608890151811653	0.0659968907958168	-0.6951322497626946	0.3130469149995619	-0.042961024781741144	0.05134692810803668	-0.1748631503158708	1.0	-0.43878703505855454	0.04653391136043431	-0.05173378843406565	0.1393193354611774	-0.3771022463170928	0.24339744715141065	-0.024875024934879232	0.044044109856709424	-0.14710701971802567	0.13614008988946705	-0.08938861213716537	0.02693413576249548	-0.052489933257972195	0.07100285761997666	-0.06453430144714016	0.10150767921642573
-0.03909752649099899	0.041744433607018995	-0.04832195337800807	0.07253328311705584	-0.06033191582237068	0.029670934582241282	-0.03873373598349127	0.04336177004261018	-0.09501189314270068	0.08728929905717156	-0.05017663200605314	0.04601853680136498	-0.054219926459032286	0.29285130403166953	-0.6666265740789058	0.037669681098284634	-0.04427352423716927	0.10697771698254128	-0.43878703505855454	0.9999999999999997	-0.040321126038574136	0.04349695376567913	-0.10541990329469929	0.27616110652889425	-0.4525298555948185	0.025075005129950624	-0.045217517262754005	0.1480004394007455	-0.13746533646621212	0.1303125808893149	-0.027358188292338284	0.05440151039909301	-0.07971685524725337	0.07106452772807731	-0.15094596873117389
0.05842155884053094	-0.05770530475031654	0.05694579367091959	-0.021195279319023718	0.01737598561438537	-0.05409653646473484	0.0582574439317659	-0.05195623530868866	0.025569836152978708	-0.023355704700120893	0.09556812283939863	-0.09422876048235734	0.08846177175147235	-0.043707219151159785	0.0420996076549965	-0.6329502537659822	0.3263559418601508	-0.15017590928619998	0.04653391136043431	-0.040321126038574136	0.999999999999998	-0.66085339146382	0.1381962906999903	-0.04514288867988593	0.04072474432030369	-0.09421304800937481	0.06934010978547415	-0.058663893830639094	0.04486435983027212	-0.018390527021196267	0.08560303334829612	-0.07134175344715918	0.025911263113706225	-0.020896340153301527	0.022136267410739742
-0.059082896970408916	0.06260564805508778	-0.06435661666554378	0.02309768714846142	-0.01888111868371349	0.052761450847595294	-0.06733377945497394	0.05900436943949631	-0.028023338995033464	0.02526771116990487	-0.09357492593076208	0.11364795546438529	-0.11021192444316033	0.047744620926358214	-0.04592621345099219	0.3252780494295524	-0.604996934006233	0.16965047450431966	-0.05173378843406565	0.04349695376567913	-0.66085339146382	0.9999999999999993	-0.21554714220662455	0.048799716014307805	-0.044349221207740326	0.07023241805218643	-0.07486048295247993	0.06295329398437921	-0.04911278486227699	0.019839716804696067	-0.07231057200140653	0.07093953819926511	-0.02805739967097242	0.022522066025014578	-0.023946615020346472
0.04215252424520629	-0.04720835088666174	0.0485225365488271	-0.034733648123589554	0.027660104583186334	-0.035296721722645925	0.04578488880403483	-0.046500006645326886	0.0429907379194833	-0.03989694995430894	0.05942933520916827	-0.07129588397216707	0.07788306390933486	-0.11857204312223261	0.09828514411841809	-0.11000887199497482	0.13994142485476313	-0.9144699622290835	0.1393193354611774	-0.10541990329469929	0.1381962906999903	-0.21554714220662455	1.0000000000000004	-0.12033264189777261	0.09836376227301148	-0.03579757413634186	0.05199750747868486	-0.15068344913399548	0.10732875261804622	-0.04219405038289558	0.037956808473993936	-0.05558369056957129	0.057552363307845966	-0.04681494281415799	0.05023440785748124
-0.03962741199428194	0.03956735981952503	-0.04527601270488012	0.059353941152173774	-0.04921873283320912	0.02964446849448926	-0.03690665532630589	0.03997492464105862	-0.07725235008655414	0.07043049493312123	-0.05120594916788882	0.044310598459245044	-0.05177474942864224	0.22605577487856915	-0.29477976107242587	0.041226462037925966	-0.04813439798065408	0.11766656043360471	-0.3771022463170928	0.27616110652889425	-0.04514288867988593	0.048799716014307805	-0.12033264189777261	0.9999999999999988	-0.6596525187014198	0.036091336842838134	-0.06993805078295687	0.24754095652297473	-0.36682319181493733	0.1878633382661541	-0.0394037178028925	0.08194163050796607	-0.14928446787792946	0.13462298001136008	-0.22802301584880963
0.037990465152712795	-0.038241097710207866	0.043084893270052285	-0.05910183797709719	0.04759638483727969	-0.028425956963212737	0.035213133242345256	-0.038340192924796374	0.07336092236419486	-0.07087041737528145	0.0488374268743342	-0.04224031244995848	0.04867795166075131	-0.2225174983143916	0.2507960686024399	-0.038427277112714764	0.04356184988699557	-0.10621972502834053	0.24339744715141065	-0.4525298555948185	0.04072474432030369	-0.044349221207740326	0.09836376227301148	-0.6596525187014198	0.9999999999999997	-0.036234718536235964	0.07037616562873772	-0.25861115782151023	0.21508871118240427	-0.3179124387266241	0.038874693307170416	-0.08733973442888432	0.11689845560591744	-0.11390897069066895	0.23188749912479328
-0.017378511269647158	0.015344784105555318	-0.016017496255424337	0.0085853813765237	-0.007202917569464595	0.013937512831647509	-0.015003085439111528	0.013891662241603282	-0.010571648529105514	0.009867533155943513	-0.02511782753688638	0.021133841632734407	-0.021723364453492214	0.0221706148262239	-0.027863847734891815	0.06776553630502019	-0.05384288861469218	0.03638756360501478	-0.024875024934879232	0.025075005129950624	-0.09421304800937481	0.07023241805218643	-0.03579757413634186	0.036091336842838134	-0.036234718536235964	1.0	-0.3304658994633196	0.0825776812769897	-0.06249219337335634	0.018355644522269263	-0.9030036320013222	0.24106245983867905	-0.036751040106196814	0.028341284916734894	-0.022709167383263926
0.021215790968141843	-0.018847707501092416	0.020137645717406213	-0.013373797188360643	0.011270425236544408	-0.016458770216506408	0.01826995375167538	-0.01739896031046289	0.01664040449592727	-0.015615300180622956	0.02957799405867648	-0.024815464479114337	0.026366750101630476	-0.038267129392482495	0.05058110369203996	-0.055259327790989105	0.05694192176508412	-0.051233330817586555	0.044044109856709424	-0.045217517262754005	0.06934010978547415	-0.07486048295247993	0.05199750747868486	-0.06993805078295687	0.07037616562873772	-0.3304658994633196	0.9999999999999987	-0.21664860913130432	0.13617321142456984	-0.03631780561551974	0.24375541958007435	-0.8678175059789015	0.07840914336127658	-0.06073020164315432	0.04495863934627728
-0.03830177070265549	0.034434724729789	-0.0383603532630168	0.03669909386246507	-0.031038267192361017	0.028288927337683283	-0.03255704985127382	0.0330696382834299	-0.046535825481284425	0.04360952641472042	-0.05044257983490441	0.04052780142942257	-0.04610771668840466	0.11959090286452287	-0.16833145316479037	0.05055585946923052	-0.05812710079509872	0.1293098727337875	-0.14710701971802567	0.1480004394007455	-0.058663893830639094	0.06295329398437921	-0.15068344913399548	0.24754095652297473	-0.25861115782151023	0.0825776812769897	-0.21664860913130432	0.9999999999999983	-0.7505534790676793	0.13188386302783708	-0.09091800568897507	0.18027708578306154	-0.3248314878281392	0.2383974217031142	-0.1653939633585263
0.030978056367112445	-0.028782008871597976	0.03186573851671814	-0.03338156780715948	0.027616890684600923	-0.02305258102605933	0.026966236770683716	-0.02784755868313371	0.041873315899193485	-0.039701229023212575	0.04061671412562062	-0.03362826580273294	0.0381032037129643	-0.11536035436864248	0.13640934827501913	-0.04016167688122594	0.044990953859806414	-0.11176534172774588	0.13614008988946705	-0.13746533646621212	0.04486435983027212	-0.04911278486227699	0.10732875261804622	-0.36682319181493733	0.21508871118240427	-0.06249219337335634	0.13617321142456984	-0.7505534790676793	0.9999999999999977	-0.1303906801096221	0.06480839368896447	-0.16213039835307996	0.2545873202654228	-0.350690369863957	0.14051665354140577
-0.017143892141450498	0.01645336326720099	-0.018503492308601165	0.023171153972507973	-0.018987137053876422	0.012656632356648722	-0.015198869657754693	0.0162163535368358	-0.028821829906612167	0.027850775983353112	-0.022051725747454093	0.018135674966563965	-0.02088182922712617	0.08123268945731676	-0.09912241157238581	0.0172929790021455	-0.019462193896512985	0.04479056256073032	-0.08938861213716537	0.1303125808893149	-0.018390527021196267	0.019839716804696067	-0.04219405038289558	0.1878633382661541	-0.3179124387266241	0.018355644522269263	-0.03631780561551974	0.13188386302783708	-0.1303906801096221	0.9999999999999976	-0.019840723529812504	0.04446187776851193	-0.11732954318565372	0.11268713424413804	-0.9026362533330476
0.019058955177536335	-0.016676167405837543	0.017364168370998065	-0.009395748370734171	0.007883055999850353	-0.015203533628734986	0.01620375389846008	-0.01503742099362703	0.011548229839092764	-0.010816633684934537	0.02735280205018381	-0.022646149526991656	0.023270895910735917	-0.02421831835655696	0.030146713055947363	-0.07197652435232958	0.0548609110807918	-0.039500121467981264	0.02693413576249548	-0.027358188292338284	0.08560303334829612	-0.07231057200140653	0.037956808473993936	-0.0394037178028925	0.038874693307170416	-0.9030036320013222	0.24375541958007435	-0.09091800568897507	0.06480839368896447	-0.019840723529812504	0.9999999999999981	-0.32603794520440077	0.03910419291014063	-0.030614082772441167	0.024399851326296892
-0.024819937588336213	0.021512242763344742	-0.023243642783898184	0.015776690094179327	-0.013364791926682	0.018925969292546294	-0.020852062931665506	0.019898098102209848	-0.01969894325833754	0.018459754862401333	-0.03427080669353519	0.027717742023456865	-0.02989560422208111	0.04528064484101358	-0.06232822878788695	0.05632617999125818	-0.060241089605711264	0.053836708635543434	-0.052489933257972195	0.05440151039909301	-0.07134175344715918	0.07093953819926511	-0.05558369056957129	0.08194163050796607	-0.08733973442888432	0.24106245983867905	-0.8678175059789015	0.18027708578306154	-0.16213039835307996	0.04446187776851193	-0.32603794520440077	0.9999999999999981	-0.09748352705302205	0.07196333011646365	-0.05597255572457922
0.018959348416764638	-0.01717587819284891	0.018969055418865094	-0.019299494233504095	0.016002482891449947	-0.013974041771009874	0.016055377810540325	-0.01646263288859967	0.02398000999320306	-0.02305079393187394	0.024764375075837675	-0.019841421586788983	0.022444972403058414	-0.0635420503010966	0.07508870021450711	-0.023520002768673307	0.026034216792610063	-0.06090990664430335	0.07100285761997666	-0.07971685524725337	0.025911263113706225	-0.02805739967097242	0.057552363307845966	-0.14928446787792946	0.11689845560591744	-0.036751040106196814	0.07840914336127658	-0.3248314878281392	0.2545873202654228	-0.11732954318565372	0.03910419291014063	-0.09748352705302205	0.999999999999998	-0.884221114257288	0.1243517485142259
-0.015696135931637434	0.014319614768919381	-0.015908648855304137	0.016684365202845948	-0.013863690775294273	0.011565888259022578	-0.013388399837842804	0.013805108275982983	-0.020862392044852206	0.019922008408083294	-0.020469762553900095	0.01644305250785645	-0.018698000700733998	0.055772547586394425	-0.06852000448697224	0.01893297199022093	-0.021122479601124136	0.04851682136611788	-0.06453430144714016	0.07106452772807731	-0.020896340153301527	0.022522066025014578	-0.04681494281415799	0.13462298001136008	-0.11390897069066895	0.028341284916734894	-0.06073020164315432	0.2383974217031142	-0.350690369863957	0.11268713424413804	-0.030614082772441167	0.07196333011646365	-0.884221114257288	0.9999999999999984	-0.14292628697943535
0.02067665060668533	-0.019795868198876576	0.02215579737704479	-0.027715109936344542	0.022562495186663794	-0.015258232897629398	0.018244650934295684	-0.019441217761597573	0.034146604478796534	-0.0333561118683203	0.026584295944847236	-0.021806415094219878	0.02500954791956783	-0.09642945093547584	0.10723045139179985	-0.020915997706484918	0.023389857008733014	-0.054224104613817665	0.10150767921642573	-0.15094596873117389	0.022136267410739742	-0.023946615020346472	0.05023440785748124	-0.22802301584880963	0.23188749912479328	-0.022709167383263926	0.04495863934627728	-0.1653939633585263	0.14051665354140577	-0.9026362533330476	0.024399851326296892	-0.05597255572457922	0.1243517485142259	-0.14292628697943535	0.9999999999999982
