1.0	-0.9903409579270024	0.03673181044511968	-0.02588316705786208	0.026353208990276517	-0.0794152520546122	0.0893009708906948	-0.049404149701201036	0.02660915559245959	-0.024067372130628532	0.040075990269366514	-0.04791583253543354	0.03669501827567494	-0.03157200781724086	0.022082440909139137	-0.025269896124558915	0.027332326425046086	-0.03290322437853583	0.027418262248416297	-0.017032371253123995	0.01766898456835828	-0.022470779205715403	0.020089347311078733	-0.019993302878106738	0.020614320982192687	-0.020213194952227093	0.015173026179135596	-0.015455891342992441	0.010417494394617175	-0.011250127445172592	0.00967113531467744	-0.013935143543679718	0.011419142780190714	-0.008058163419114918	0.008038435395956297	-0.009304169852696095	0.009925244152883065	-0.011239157638571504	0.006945905005410315	-0.006838027863001553
-0.9903409579270024	1.0	-0.036321661525324046	0.02504805173608635	-0.02567330644500819	0.07354834980514023	-0.09795191796274834	0.04754282688915734	-0.025870616229752414	0.02320164018821195	-0.03865535159294303	0.045242497695916845	-0.03570039099520484	0.030272909730126755	-0.02136970235609549	0.024114144319870592	-0.026388610990918087	0.031371093623655456	-0.02649296107979057	0.01641688808473688	-0.016918547169631145	0.021443820848914233	-0.019276461387511018	0.019173982789306522	-0.019894144535639764	0.019272182741932462	-0.014518604028129474	0.014771835878688853	-0.009986299180147228	0.01077473897274711	-0.009255625801545939	0.013312800697045315	-0.010925617200775119	0.0077160258428520395	-0.007706197793291842	0.008891699309572457	-0.009505623237887536	0.010745222867334023	-0.006655052016808499	0.006546970423599557
0.03673181044511968	-0.036321661525324046	1.0000000000000002	-0.6050128604671867	0.2911975969970664	-0.21323786435261002	0.20641248265018014	-0.41333633830631383	0.29246451929859696	-0.29025952168022046	0.16740657107901166	-0.21606573562803383	0.25516667655941355	-0.31963859769234454	0.2011097744161645	-0.14435808350732032	0.15914720553441183	-0.3206048119847563	0.23996962474929323	-0.16233671226482269	0.12984330301509747	-0.18820205512716334	0.1756202372513999	-0.18908305446859455	0.18053798662988357	-0.17098088241925885	0.12992479787985703	-0.1415395269050433	0.09447562729589594	-0.10653084212096484	0.08691516617189285	-0.1293470041589632	0.10357069913562389	-0.07436493308342344	0.07372222536258115	-0.0868439657292975	0.08975426126941405	-0.10575518678559025	0.06375749414172248	-0.06390843302283698
-0.02588316705786208	0.02504805173608635	-0.6050128604671867	0.9999999999999999	-0.5172732155915123	0.13693440691780853	-0.1506200865677691	0.24029999474688463	-0.47182133904174794	0.29525280326571035	-0.1188576115401088	0.14529191086547041	-0.19849834307935266	0.2483004586655061	-0.18258313658781972	0.09730970018845007	-0.11225844325395891	0.20745733916918993	-0.2013645569221952	0.13371927374262538	-0.08718002035825802	0.12373754123748422	-0.12358897157223937	0.13629777992728584	-0.14415480317183232	0.11129477714878155	-0.08712481003188567	0.09412423751260393	-0.0650519178413105	0.07285466736428904	-0.057971011273166624	0.08507136218281187	-0.06936194054654578	0.050422439660051395	-0.05085424915148974	0.056961237264141776	-0.06037636440881401	0.06974854754651261	-0.04349665451416258	0.04320700675671568
0.026353208990276517	-0.02567330644500819	0.2911975969970664	-0.5172732155915123	1.000000000000001	-0.1540503140194933	0.1525379225534607	-0.24536592987208836	0.31155721768744715	-0.6306916217770404	0.12941902287459106	-0.16350987984201537	0.19774179554091456	-0.2788849754342908	0.22146136275901862	-0.11580167173912342	0.12961264927543253	-0.264224517248864	0.2175884710740186	-0.17612335056461728	0.10902518115329857	-0.16026152229081336	0.15346891385831557	-0.17541817953638164	0.17159880043574116	-0.14511535127088748	0.11158082248346828	-0.12272823270932129	0.08302204798690353	-0.0948787847077645	0.07483259963487654	-0.11173952692940185	0.0897016563464202	-0.06515031912952585	0.06507309880160983	-0.0747987082510847	0.07756950099794427	-0.0914730203135364	0.0558925154443058	-0.0560719189585916
-0.0794152520546122	0.07354834980514023	-0.21323786435261002	0.13693440691780853	-0.1540503140194933	1.0000000000000002	-0.7094284145197776	0.2495448256941492	-0.1521683666072446	0.12970290013297056	-0.4845052491799284	0.28758768655158756	-0.2344069654247492	0.1707738315642353	-0.12822392853162284	0.18468910707592914	-0.2115516200931075	0.17403767504452064	-0.15947571611068134	0.09610168179205111	-0.11577135571871973	0.13171752540927123	-0.11591479421351282	0.11063488254679986	-0.11962699038376894	0.11717898121168378	-0.08872676877325039	0.08642202356366906	-0.05883867833266076	0.0621098230248809	-0.054798510044543634	0.07726359699871159	-0.06435011195944507	0.04501303149317045	-0.04512815665839986	0.05146218083390836	-0.056022203537014564	0.061922688040026395	-0.03893800009141242	0.03793409889056017
0.0893009708906948	-0.09795191796274834	0.20641248265018014	-0.1506200865677691	0.1525379225534607	-0.7094284145197776	1.000000000000001	-0.43310843174050495	0.16658654774720966	-0.14351325302007978	0.272928806102831	-0.3619154619140256	0.24665493530465593	-0.19611158408546803	0.12732202612671112	-0.1593667163953985	0.16635735767652682	-0.19124759131126193	0.16014493064735724	-0.09806459008913603	0.1039953279484782	-0.12948858644425548	0.1147808900328531	-0.11352897126590969	0.11710722059577815	-0.1161618372469678	0.08650467862122786	-0.08737717926785514	0.05854719128598145	-0.06296963070604844	0.054364779472774585	-0.07835793147459691	0.06436137263186886	-0.04521598457713872	0.045079374700913506	-0.0520723263159374	0.05564242640362897	-0.0628019278612555	0.03893746857848954	-0.03826424897799839
-0.049404149701201036	0.04754282688915734	-0.41333633830631383	0.24029999474688463	-0.24536592987208836	0.2495448256941492	-0.43310843174050495	1.0000000000000013	-0.3524347332192353	0.21768632632842375	-0.2176396543526618	0.25641031035824646	-0.560149015782907	0.28602429820531344	-0.18215959199855727	0.13892274671770402	-0.1643973628303126	0.2382553014395694	-0.22916548259332006	0.134766920141515	-0.10732331187569986	0.1405256275419477	-0.14037094851172124	0.14392721626455565	-0.1548275001725596	0.12516061307623544	-0.09805989275721601	0.10203995624267796	-0.07049060952411122	0.07675364676279876	-0.06328686421307482	0.09120104922453162	-0.07549948903016392	0.05412256343046943	-0.054640005303544605	0.060808236694340274	-0.06568299609966936	0.07414686234338108	-0.04679908269745352	0.04600210350447541
0.02660915559245959	-0.025870616229752414	0.29246451929859696	-0.47182133904174794	0.31155721768744715	-0.1521683666072446	0.16658654774720966	-0.3524347332192353	0.9999999999999993	-0.5357022376022171	0.12997072390815953	-0.1664354762555333	0.24318945365069236	-0.47785605284061533	0.20288936153092846	-0.10253495061437626	0.11754597474190381	-0.22446818563418297	0.22491018410342561	-0.1517224565647885	0.08940005434800675	-0.1261235511889488	0.12778973320053658	-0.14431560218824466	0.14938857486191165	-0.11278555685907526	0.0883346034638806	-0.0954656723616731	0.06565537038272776	-0.07366937137786167	0.058056259566824045	-0.08553664327614599	0.06994836125019356	-0.05080479270260861	0.05127481961894334	-0.056880154532887035	0.06041552498191934	-0.06971120733271516	0.04375928172516857	-0.04343872204255725
-0.024067372130628532	0.02320164018821195	-0.29025952168022046	0.29525280326571035	-0.6306916217770404	0.12970290013297056	-0.14351325302007978	0.21768632632842375	-0.5357022376022171	1.0000000000000009	-0.11589455329960027	0.14071171724043488	-0.1944391678978599	0.2593707333860143	-0.3272659023568096	0.09722659834923818	-0.1129721132215416	0.21267764136630787	-0.2267264520692744	0.18620409013769665	-0.08981938167000289	0.12879438669359475	-0.13333140295609006	0.15525684258997582	-0.17744497038971607	0.11526211752035849	-0.09139539344055343	0.0995501505525815	-0.07001427345671848	0.07939475861795843	-0.06063392430382117	0.08931782355034522	-0.07321476201236629	0.053941184253117586	-0.05501931627002897	0.05946200580813219	-0.06342826934692683	0.07317221047071833	-0.04658704951348837	0.046235041746146614
0.040075990269366514	-0.03865535159294303	0.16740657107901166	-0.1188576115401088	0.12941902287459106	-0.4845052491799284	0.272928806102831	-0.2176396543526618	0.12997072390815953	-0.11589455329960027	1.0000000000000016	-0.6430762483374488	0.22771395014667214	-0.1722922430830182	0.11753943954148748	-0.382361077037193	0.25659726826808843	-0.18300759313898418	0.14968390946661952	-0.09059036799746595	0.14650656926307132	-0.1579633764982106	0.12021363276408205	-0.11061162142557353	0.11400504284011312	-0.142280923532976	0.09808723590228177	-0.09278676547116176	0.06004443174150767	-0.06272149210139176	0.05763537657200328	-0.0824190648849637	0.06791095816980221	-0.04626258591233446	0.04565534664643507	-0.05406403945911256	0.05775389680557019	-0.06415928352179621	0.03967055600340369	-0.038669597117929104
-0.04791583253543354	0.045242497695916845	-0.21606573562803383	0.14529191086547041	-0.16350987984201537	0.28758768655158756	-0.3619154619140256	0.25641031035824646	-0.1664354762555333	0.14071171724043488	-0.6430762483374488	0.9999999999999987	-0.4387779496586832	0.211901478886289	-0.14523418758918036	0.22955434933792876	-0.2835061421788977	0.20576880706746262	-0.1889255254856709	0.10924132438396743	-0.1376572301466905	0.15388447090900073	-0.1340959152484734	0.1259168582882922	-0.13544254929608518	0.13551435775330944	-0.10205850021745869	0.09843630169169881	-0.06635161268294681	0.06972361459550554	-0.06189270835767482	0.08746334062279454	-0.07299842466840932	0.05072297684185168	-0.05074642905932767	0.05791398202917107	-0.06305677247559019	0.0695635773796364	-0.04379859489247456	0.042611617230993215
0.03669501827567494	-0.03570039099520484	0.25516667655941355	-0.19849834307935266	0.19774179554091456	-0.2344069654247492	0.24665493530465593	-0.560149015782907	0.24318945365069236	-0.1944391678978599	0.22771395014667214	-0.4387779496586832	0.9999999999999976	-0.4776268567590916	0.17493284457846692	-0.14946905517934977	0.16799274080608784	-0.3220084190041338	0.24409019677597477	-0.13660105211170684	0.11027640850909176	-0.14572234216269003	0.1473738566986011	-0.14935966558350686	0.15232840461897768	-0.12897407810360628	0.09999119523907594	-0.10475817737708422	0.07067492727445218	-0.07686671352860078	0.06350946912847799	-0.09256916456956527	0.07654854176840295	-0.05440092989814806	0.05458238128350427	-0.0611116298897441	0.06569995549100524	-0.07447218355629058	0.046832048816766635	-0.04608266799248811
-0.03157200781724086	0.030272909730126755	-0.31963859769234454	0.2483004586655061	-0.2788849754342908	0.1707738315642353	-0.19611158408546803	0.28602429820531344	-0.47785605284061533	0.2593707333860143	-0.1722922430830182	0.211901478886289	-0.4776268567590916	0.9999999999999993	-0.27747212545408	0.12785524425218492	-0.1529571912361421	0.2843804016553224	-0.4641806796497814	0.19652722524518942	-0.10995120209511111	0.15166080690049455	-0.16528007829893143	0.18541541952283908	-0.20163063701766523	0.1341749560244263	-0.10780711823950463	0.1154508395992897	-0.08090641835503545	0.08951188584560485	-0.07003039078231223	0.10208171475007907	-0.08489167139733252	0.0618406551547021	-0.06305677631558772	0.06758963749572584	-0.07329323914516765	0.08314758726778261	-0.05347358567193795	0.05263334876192355
0.022082440909139137	-0.02136970235609549	0.2011097744161645	-0.18258313658781972	0.22146136275901862	-0.12822392853162284	0.12732202612671112	-0.18215959199855727	0.20288936153092846	-0.3272659023568096	0.11753943954148748	-0.14523418758918036	0.17493284457846692	-0.27747212545408	0.9999999999999962	-0.11689499049584785	0.13209983946921308	-0.2900090740118768	0.27604812778528176	-0.6962161974456895	0.12218586760290823	-0.18766082289926492	0.19316965820815102	-0.27796092958628466	0.2908889151324501	-0.16702295703884318	0.13168011923323986	-0.14981899114484637	0.1044426135081667	-0.12689382594016188	0.08703097142112295	-0.13308954577274124	0.10765626349973177	-0.08123784664078475	0.08311915833151921	-0.08697038834746243	0.0908766039535017	-0.10786508984109941	0.0695032406583634	-0.07008939164894304
-0.025269896124558915	0.024114144319870592	-0.14435808350732032	0.09730970018845007	-0.11580167173912342	0.18468910707592914	-0.1593667163953985	0.13892274671770402	-0.10253495061437626	0.09722659834923818	-0.382361077037193	0.22955434933792876	-0.14946905517934977	0.12785524425218492	-0.11689499049584785	0.9999999999999999	-0.7526580649648179	0.17490734056714669	-0.14435028713277834	0.08943390810385261	-0.3538997881804771	0.23852342030341886	-0.15038149479100635	0.12003194014592229	-0.1252651156022802	0.21079027413232526	-0.14056113160976477	0.11662322177973061	-0.07278948070668496	0.07210457889676358	-0.07396287662706215	0.10229370044483768	-0.0857271833748192	0.05562201883015756	-0.05417207912657326	0.06638432331600894	-0.07150769397003658	0.07686257214665947	-0.047532393203451935	0.04561483932818518
0.027332326425046086	-0.026388610990918087	0.15914720553441183	-0.11225844325395891	0.12961264927543253	-0.2115516200931075	0.16635735767652682	-0.1643973628303126	0.11754597474190381	-0.1129721132215416	0.25659726826808843	-0.2835061421788977	0.16799274080608784	-0.1529571912361421	0.13209983946921308	-0.7526580649648179	1.0	-0.24345703994012208	0.16750533520189195	-0.10368889244381248	0.25710226124750857	-0.3284333967643201	0.1755183004803144	-0.14532099819662997	0.14236525513246615	-0.25134808189369995	0.1586848515193495	-0.1415453757996493	0.08507618229272094	-0.08600005848384361	0.08591915284408262	-0.12433977566027031	0.10137955458780606	-0.06598538198745903	0.06357431408874031	-0.07975975258580824	0.0835085921475245	-0.0924289543542601	0.055923430764008006	-0.05424532264954773
-0.03290322437853583	0.031371093623655456	-0.3206048119847563	0.20745733916918993	-0.264224517248864	0.17403767504452064	-0.19124759131126193	0.2382553014395694	-0.22446818563418297	0.21267764136630787	-0.18300759313898418	0.20576880706746262	-0.3220084190041338	0.2843804016553224	-0.2900090740118768	0.17490734056714669	-0.24345703994012208	0.9999999999999998	-0.5756789618373411	0.22930121150785174	-0.16294825887106515	0.22418290713519098	-0.372887969793487	0.27053130222625366	-0.29264026162034235	0.19011626735949455	-0.1689199593609404	0.18087274781672344	-0.12448773736121788	0.1292633867928315	-0.10514129034502698	0.15046268010079858	-0.1324266133448658	0.0931164522813691	-0.09473232125011266	0.09793171560682887	-0.11173737631030467	0.1217636888381789	-0.0806756561755693	0.0778089056182904
0.027418262248416297	-0.02649296107979057	0.23996962474929323	-0.2013645569221952	0.2175884710740186	-0.15947571611068134	0.16014493064735724	-0.22916548259332006	0.22491018410342561	-0.2267264520692744	0.14968390946661952	-0.1889255254856709	0.24409019677597477	-0.4641806796497814	0.27604812778528176	-0.14435028713277834	0.16750533520189195	-0.5756789618373411	0.9999999999999978	-0.3492113848379901	0.1392398001778245	-0.20696188762577922	0.24245060721183423	-0.3364913548553486	0.2678539196888199	-0.18012977689052043	0.14566553708553093	-0.16327502471375005	0.10980593025035487	-0.12356053998665789	0.0935439413124035	-0.14082019750023317	0.11650548532763681	-0.08458986886524314	0.08523097598881306	-0.09142568205542861	0.09782587450684438	-0.11320401652549006	0.07235166632385906	-0.07180241593315753
-0.017032371253123995	0.01641688808473688	-0.16233671226482269	0.13371927374262538	-0.17612335056461728	0.09610168179205111	-0.09806459008913603	0.134766920141515	-0.1517224565647885	0.18620409013769665	-0.09059036799746595	0.10924132438396743	-0.13660105211170684	0.19652722524518942	-0.6962161974456895	0.08943390810385261	-0.10368889244381248	0.22930121150785174	-0.3492113848379901	0.9999999999999963	-0.09425024367416768	0.14258855291735464	-0.16926163498199215	0.24366011633621132	-0.5119090079427517	0.12518001956373012	-0.10319545541166315	0.1168599905351791	-0.087753819572824	0.10641411738244475	-0.06723924134294246	0.1016517916103533	-0.08471134824317937	0.06600751732163317	-0.0709347014838913	0.06589223173221725	-0.07111267649972287	0.08252461092709701	-0.057093965668327216	0.056558000650077385
0.01766898456835828	-0.016918547169631145	0.12984330301509747	-0.08718002035825802	0.10902518115329857	-0.11577135571871973	0.1039953279484782	-0.10732331187569986	0.08940005434800675	-0.08981938167000289	0.14650656926307132	-0.1376572301466905	0.11027640850909176	-0.10995120209511111	0.12218586760290823	-0.3538997881804771	0.25710226124750857	-0.16294825887106515	0.1392398001778245	-0.09425024367416768	0.9999999999999979	-0.5788761041150251	0.2066038548781733	-0.14714159536569255	0.14523697004159528	-0.6145842975634653	0.24110850669973993	-0.1820571387571991	0.09894808284899295	-0.09381191908380752	0.10998558248949325	-0.15526463608099178	0.12651881740353285	-0.07645554625856714	0.07176212945125493	-0.09712702025267841	0.09911559913591365	-0.10647367413928574	0.06394500701218989	-0.06095703312465268
-0.022470779205715403	0.021443820848914233	-0.18820205512716334	0.12373754123748422	-0.16026152229081336	0.13171752540927123	-0.12948858644425548	0.1405256275419477	-0.1261235511889488	0.12879438669359475	-0.1579633764982106	0.15388447090900073	-0.14572234216269003	0.15166080690049455	-0.18766082289926492	0.23852342030341886	-0.3284333967643201	0.22418290713519098	-0.20696188762577922	0.14258855291735464	-0.5788761041150251	0.9999999999999967	-0.40612030003390337	0.22126659275600943	-0.2315245262326084	0.31722086041644953	-0.35100074399642595	0.2338201748394256	-0.14028880317920286	0.12980483741492718	-0.13728014011752457	0.19227402075065758	-0.17143071494033818	0.10477665700351561	-0.10131371493969105	0.11687932190072192	-0.13536016579564064	0.13889519892965363	-0.08921642525834539	0.08370323719552823
0.020089347311078733	-0.019276461387511018	0.1756202372513999	-0.12358897157223937	0.15346891385831557	-0.11591479421351282	0.1147808900328531	-0.14037094851172124	0.12778973320053658	-0.13333140295609006	0.12021363276408205	-0.1340959152484734	0.1473738566986011	-0.16528007829893143	0.19316965820815102	-0.15038149479100635	0.1755183004803144	-0.372887969793487	0.24245060721183423	-0.16926163498199215	0.2066038548781733	-0.40612030003390337	0.9999999999999959	-0.5632459064323229	0.2690477757566259	-0.2637399977054561	0.24576942888204217	-0.3845182975943293	0.15392609395507603	-0.154081382469582	0.1282430566840309	-0.21826189935781437	0.19233515533147566	-0.12041911942835842	0.1105862100232769	-0.121744068185933	0.13409991186155784	-0.15661119498031972	0.09693692319711132	-0.09489174630003575
-0.019993302878106738	0.019173982789306522	-0.18908305446859455	0.13629777992728584	-0.17541817953638164	0.11063488254679986	-0.11352897126590969	0.14392721626455565	-0.14431560218824466	0.15525684258997582	-0.11061162142557353	0.1259168582882922	-0.14935966558350686	0.18541541952283908	-0.27796092958628466	0.12003194014592229	-0.14532099819662997	0.27053130222625366	-0.3364913548553486	0.24366011633621132	-0.14714159536569255	0.22126659275600943	-0.5632459064323229	0.9999999999999962	-0.578526869982975	0.17962735321433423	-0.17486829229519132	0.20079096059546553	-0.14382728513616244	0.14773329828008117	-0.10261648415901636	0.15411519990126574	-0.14158038474128215	0.10279869079917904	-0.10660417191348211	0.09550744414379103	-0.11031624966293219	0.12175671717636147	-0.08777912889557497	0.08414745430019889
0.020614320982192687	-0.019894144535639764	0.18053798662988357	-0.14415480317183232	0.17159880043574116	-0.11962699038376894	0.11710722059577815	-0.1548275001725596	0.14938857486191165	-0.17744497038971607	0.11400504284011312	-0.13544254929608518	0.15232840461897768	-0.20163063701766523	0.2908889151324501	-0.1252651156022802	0.14236525513246615	-0.29264026162034235	0.2678539196888199	-0.5119090079427517	0.14523697004159528	-0.2315245262326084	0.2690477757566259	-0.578526869982975	0.9999999999999957	-0.20084313256039132	0.16486187441664102	-0.19468216598029123	0.1475984442714513	-0.20553111562336768	0.10663055492372653	-0.16641159065155084	0.13749705335263038	-0.11152657171391402	0.12150031143197455	-0.1056885993484109	0.11283731424193054	-0.133699052527588	0.09546220923355497	-0.09609133906361007
-0.020213194952227093	0.019272182741932462	-0.17098088241925885	0.11129477714878155	-0.14511535127088748	0.11717898121168378	-0.1161618372469678	0.12516061307623544	-0.11278555685907526	0.11526211752035849	-0.142280923532976	0.13551435775330944	-0.12897407810360628	0.1341749560244263	-0.16702295703884318	0.21079027413232526	-0.25134808189369995	0.19011626735949455	-0.18012977689052043	0.12518001956373012	-0.6145842975634653	0.31722086041644953	-0.2637399977054561	0.17962735321433423	-0.20084313256039132	0.9999999999999961	-0.47986863285589126	0.24109425550582003	-0.14115247406279247	0.1264279599204909	-0.17703793190274889	0.20958677435204162	-0.18259931282297126	0.1059016042722606	-0.10060718310849372	0.13680652086547432	-0.14439233257494705	0.14544104525318036	-0.08986283824083557	0.08364985581670992
0.015173026179135596	-0.014518604028129474	0.12992479787985703	-0.08712481003188567	0.11158082248346828	-0.08872676877325039	0.08650467862122786	-0.09805989275721601	0.0883346034638806	-0.09139539344055343	0.09808723590228177	-0.10205850021745869	0.09999119523907594	-0.10780711823950463	0.13168011923323986	-0.14056113160976477	0.1586848515193495	-0.1689199593609404	0.14566553708553093	-0.10319545541166315	0.24110850669973993	-0.35100074399642595	0.24576942888204217	-0.17486829229519132	0.16486187441664102	-0.47986863285589126	0.9999999999999967	-0.5693009611421979	0.16758703400380354	-0.14775473676489978	0.1647372392996303	-0.4104035207093031	0.27069799639431236	-0.13665937451664195	0.11404902743221065	-0.14614272785685203	0.1587718704255856	-0.17974450255550908	0.10463076931531601	-0.09972948569446799
-0.015455891342992441	0.014771835878688853	-0.1415395269050433	0.09412423751260393	-0.12272823270932129	0.08642202356366906	-0.08737717926785514	0.10203995624267796	-0.0954656723616731	0.0995501505525815	-0.09278676547116176	0.09843630169169881	-0.10475817737708422	0.1154508395992897	-0.14981899114484637	0.11662322177973061	-0.1415453757996493	0.18087274781672344	-0.16327502471375005	0.1168599905351791	-0.1820571387571991	0.2338201748394256	-0.3845182975943293	0.20079096059546553	-0.19468216598029123	0.24109425550582003	-0.5693009611421979	0.9999999999999964	-0.26080394411370833	0.17651098862542428	-0.16222773952701622	0.30199244952922444	-0.4852169537099281	0.17752785403035176	-0.1436323355391478	0.13871434924011516	-0.1824951383942274	0.1960479612158031	-0.1322734323851443	0.12030864889483939
0.010417494394617175	-0.009986299180147228	0.09447562729589594	-0.0650519178413105	0.08302204798690353	-0.05883867833266076	0.05854719128598145	-0.07049060952411122	0.06565537038272776	-0.07001427345671848	0.06004443174150767	-0.06635161268294681	0.07067492727445218	-0.08090641835503545	0.1044426135081667	-0.07278948070668496	0.08507618229272094	-0.12448773736121788	0.10980593025035487	-0.087753819572824	0.09894808284899295	-0.14028880317920286	0.15392609395507603	-0.14382728513616244	0.1475984442714513	-0.14115247406279247	0.16758703400380354	-0.26080394411370833	0.9999999999999981	-0.5618273420143428	0.11284853062640092	-0.20352044439320296	0.20615717881646087	-0.6112736940086889	0.3043371689722736	-0.1061689417174724	0.1384980360801025	-0.16922157359047965	0.2595214192828029	-0.28682845356027764
-0.011250127445172592	0.01077473897274711	-0.10653084212096484	0.07285466736428904	-0.0948787847077645	0.0621098230248809	-0.06296963070604844	0.07675364676279876	-0.07366937137786167	0.07939475861795843	-0.06272149210139176	0.06972361459550554	-0.07686671352860078	0.08951188584560485	-0.12689382594016188	0.07210457889676358	-0.08600005848384361	0.1292633867928315	-0.12356053998665789	0.10641411738244475	-0.09381191908380752	0.12980483741492718	-0.154081382469582	0.14773329828008117	-0.20553111562336768	0.1264279599204909	-0.14775473676489978	0.17651098862542428	-0.5618273420143428	0.9999999999999976	-0.10843489249789003	0.1605510870699763	-0.1686852494471946	0.30461116851560976	-0.6253782061294866	0.09742118551165925	-0.14013407314928367	0.14936737394963034	-0.2909760361356467	0.26062322533242654
0.00967113531467744	-0.009255625801545939	0.08691516617189285	-0.057971011273166624	0.07483259963487654	-0.054798510044543634	0.054364779472774585	-0.06328686421307482	0.058056259566824045	-0.06063392430382117	0.05763537657200328	-0.06189270835767482	0.06350946912847799	-0.07003039078231223	0.08703097142112295	-0.07396287662706215	0.08591915284408262	-0.10514129034502698	0.0935439413124035	-0.06723924134294246	0.10998558248949325	-0.13728014011752457	0.1282430566840309	-0.10261648415901636	0.10663055492372653	-0.17703793190274889	0.1647372392996303	-0.16222773952701622	0.11284853062640092	-0.10843489249789003	0.9999999999999972	-0.3223427622349266	0.19109730725513574	-0.09926331677513858	0.08794394030452007	-0.8230342555697437	0.25685627071192885	-0.2779281787853738	0.08804824714402681	-0.0834914342847572
-0.013935143543679718	0.013312800697045315	-0.1293470041589632	0.08507136218281187	-0.11173952692940185	0.07726359699871159	-0.07835793147459691	0.09120104922453162	-0.08553664327614599	0.08931782355034522	-0.0824190648849637	0.08746334062279454	-0.09256916456956527	0.10208171475007907	-0.13308954577274124	0.10229370044483768	-0.12433977566027031	0.15046268010079858	-0.14082019750023317	0.1016517916103533	-0.15526463608099178	0.19227402075065758	-0.21826189935781437	0.15411519990126574	-0.16641159065155084	0.20958677435204162	-0.4104035207093031	0.30199244952922444	-0.20352044439320296	0.1605510870699763	-0.3223427622349266	0.9999999999999966	-0.6529124723783047	0.17594902152662878	-0.14696031318203662	0.2116385153211427	-0.26556220714395506	0.24656588650245953	-0.14065901320495025	0.12166004443678391
0.011419142780190714	-0.010925617200775119	0.10357069913562389	-0.06936194054654578	0.0897016563464202	-0.06435011195944507	0.06436137263186886	-0.07549948903016392	0.06994836125019356	-0.07321476201236629	0.06791095816980221	-0.07299842466840932	0.07654854176840295	-0.08489167139733252	0.10765626349973177	-0.0857271833748192	0.10137955458780606	-0.1324266133448658	0.11650548532763681	-0.08471134824317937	0.12651881740353285	-0.17143071494033818	0.19233515533147566	-0.14158038474128215	0.13749705335263038	-0.18259931282297126	0.27069799639431236	-0.4852169537099281	0.20615717881646087	-0.1686852494471946	0.19109730725513574	-0.6529124723783047	0.9999999999999961	-0.24782566392304367	0.14944454134923763	-0.17429497475576983	0.22616119504579515	-0.34577293696248884	0.1485751285531109	-0.13306058194209536
-0.008058163419114918	0.0077160258428520395	-0.07436493308342344	0.050422439660051395	-0.06515031912952585	0.04501303149317045	-0.04521598457713872	0.05412256343046943	-0.05080479270260861	0.053941184253117586	-0.04626258591233446	0.05072297684185168	-0.05440092989814806	0.0618406551547021	-0.08123784664078475	0.05562201883015756	-0.06598538198745903	0.0931164522813691	-0.08458986886524314	0.06600751732163317	-0.07645554625856714	0.10477665700351561	-0.12041911942835842	0.10279869079917904	-0.11152657171391402	0.1059016042722606	-0.13665937451664195	0.17752785403035176	-0.6112736940086889	0.30461116851560976	-0.09926331677513858	0.17594902152662878	-0.24782566392304367	0.9999999999999969	-0.4498340178240975	0.08954802803501377	-0.13001880077889919	0.15226847822400943	-0.4849004185179822	0.2923409633757558
0.008038435395956297	-0.007706197793291842	0.07372222536258115	-0.05085424915148974	0.06507309880160983	-0.04512815665839986	0.045079374700913506	-0.054640005303544605	0.05127481961894334	-0.05501931627002897	0.04565534664643507	-0.05074642905932767	0.05458238128350427	-0.06305677631558772	0.08311915833151921	-0.05417207912657326	0.06357431408874031	-0.09473232125011266	0.08523097598881306	-0.0709347014838913	0.07176212945125493	-0.10131371493969105	0.1105862100232769	-0.10660417191348211	0.12150031143197455	-0.10060718310849372	0.11404902743221065	-0.1436323355391478	0.3043371689722736	-0.6253782061294866	0.08794394030452007	-0.14696031318203662	0.14944454134923763	-0.4498340178240975	0.9999999999999959	-0.08223816935251366	0.11392770814751255	-0.13654033414626493	0.2967270909933934	-0.5055295782063312
-0.009304169852696095	0.008891699309572457	-0.0868439657292975	0.056961237264141776	-0.0747987082510847	0.05146218083390836	-0.0520723263159374	0.060808236694340274	-0.056880154532887035	0.05946200580813219	-0.05406403945911256	0.05791398202917107	-0.0611116298897441	0.06758963749572584	-0.08697038834746243	0.06638432331600894	-0.07975975258580824	0.09793171560682887	-0.09142568205542861	0.06589223173221725	-0.09712702025267841	0.11687932190072192	-0.121744068185933	0.09550744414379103	-0.1056885993484109	0.13680652086547432	-0.14614272785685203	0.13871434924011516	-0.1061689417174724	0.09742118551165925	-0.8230342555697437	0.2116385153211427	-0.17429497475576983	0.08954802803501377	-0.08223816935251366	0.9999999999999971	-0.4041982519465231	0.24088154854757968	-0.08184856313536604	0.07502222811332422
0.009925244152883065	-0.009505623237887536	0.08975426126941405	-0.06037636440881401	0.07756950099794427	-0.056022203537014564	0.05564242640362897	-0.06568299609966936	0.06041552498191934	-0.06342826934692683	0.05775389680557019	-0.06305677247559019	0.06569995549100524	-0.07329323914516765	0.0908766039535017	-0.07150769397003658	0.0835085921475245	-0.11173737631030467	0.09782587450684438	-0.07111267649972287	0.09911559913591365	-0.13536016579564064	0.13409991186155784	-0.11031624966293219	0.11283731424193054	-0.14439233257494705	0.1587718704255856	-0.1824951383942274	0.1384980360801025	-0.14013407314928367	0.25685627071192885	-0.26556220714395506	0.22616119504579515	-0.13001880077889919	0.11392770814751255	-0.4041982519465231	0.999999999999997	-0.7773848245449703	0.12917740948665035	-0.1228319354790227
-0.011239157638571504	0.010745222867334023	-0.10575518678559025	0.06974854754651261	-0.0914730203135364	0.061922688040026395	-0.0628019278612555	0.07414686234338108	-0.06971120733271516	0.07317221047071833	-0.06415928352179621	0.0695635773796364	-0.07447218355629058	0.08314758726778261	-0.10786508984109941	0.07686257214665947	-0.0924289543542601	0.1217636888381789	-0.11320401652549006	0.08252461092709701	-0.10647367413928574	0.13889519892965363	-0.15661119498031972	0.12175671717636147	-0.133699052527588	0.14544104525318036	-0.17974450255550908	0.1960479612158031	-0.16922157359047965	0.14936737394963034	-0.2779281787853738	0.24656588650245953	-0.34577293696248884	0.15226847822400943	-0.13654033414626493	0.24088154854757968	-0.7773848245449703	0.9999999999999971	-0.17429107018622797	0.13595559497429846
0.006945905005410315	-0.006655052016808499	0.06375749414172248	-0.04349665451416258	0.0558925154443058	-0.03893800009141242	0.03893746857848954	-0.04679908269745352	0.04375928172516857	-0.04658704951348837	0.03967055600340369	-0.04379859489247456	0.046832048816766635	-0.05347358567193795	0.0695032406583634	-0.047532393203451935	0.055923430764008006	-0.0806756561755693	0.07235166632385906	-0.057093965668327216	0.06394500701218989	-0.08921642525834539	0.09693692319711132	-0.08777912889557497	0.09546220923355497	-0.08986283824083557	0.10463076931531601	-0.1322734323851443	0.2595214192828029	-0.2909760361356467	0.08804824714402681	-0.14065901320495025	0.1485751285531109	-0.4849004185179822	0.2967270909933934	-0.08184856313536604	0.12917740948665035	-0.17429107018622797	0.9999999999999974	-0.7397408500552788
-0.006838027863001553	0.006546970423599557	-0.06390843302283698	0.04320700675671568	-0.0560719189585916	0.03793409889056017	-0.03826424897799839	0.04600210350447541	-0.04343872204255725	0.046235041746146614	-0.038669597117929104	0.042611617230993215	-0.04608266799248811	0.05263334876192355	-0.07008939164894304	0.04561483932818518	-0.05424532264954773	0.0778089056182904	-0.07180241593315753	0.056558000650077385	-0.06095703312465268	0.08370323719552823	-0.09489174630003575	0.08414745430019889	-0.09609133906361007	0.08364985581670992	-0.09972948569446799	0.12030864889483939	-0.28682845356027764	0.26062322533242654	-0.0834914342847572	0.12166004443678391	-0.13306058194209536	0.2923409633757558	-0.5055295782063312	0.07502222811332422	-0.1228319354790227	0.13595559497429846	-0.7397408500552788	0.9999999999999973
