1.0000000000000002	-0.6726162797561483	0.24387235260311343	-0.23877634953499505	0.0937947765406911	-0.3815840914345879	0.2917125365847923	-0.28837808925027747	0.22820003262347296	-0.09625623722771873	0.24710258311469624	-0.15750409797523404	0.14177733507509946	-0.13855846131970073	0.12204610797929726	-0.14890281725089058	0.1266974456041076	-0.14901287642265598	0.13382534142065564	-0.12160486857456743	0.12334265135486427	-0.1343850618945396	0.13457617688841034	-0.2013812914377796	0.11724064628767523	-0.14294637876282082	0.16706763057420332	-0.16236577668152574	0.13953205047408712	-0.10971283430439129	0.09871370338229449	-0.12083186364294525	0.11616472807996624	-0.1472891902135264	0.11768792984024253	-0.11883112820486276	0.08515512758816797	-0.13304568046214615	0.10518534685715356	-0.169711124558732
-0.6726162797561483	1.0	-0.3698745561695796	0.22151445043177073	-0.08405939496484446	0.2319866341962455	-0.49571032587644337	0.27906320002877705	-0.23379226499321504	0.08172193514945437	-0.2011725139735871	0.11819971053991557	-0.11401243554749725	0.11058130178483629	-0.09851289143037605	0.10145494929179803	-0.09107469167963905	0.10570729822368927	-0.10524069488978059	0.09054189215625558	-0.08506609683826206	0.09177523013549674	-0.09425528285259444	0.12995321370722307	-0.07911649455357285	0.09260865245028115	-0.1139239480499915	0.10384160172750065	-0.09164485233052827	0.07204768462222398	-0.06434152278100766	0.07700139936080147	-0.07455546621380435	0.09367256074293584	-0.0768720471671019	0.07561603918924176	-0.05460774952545833	0.08382866902971178	-0.06662922687243887	0.10596231726322347
0.24387235260311343	-0.3698745561695796	1.0	-0.6973442333487816	0.12770359161473707	-0.1788224244862068	0.2512161700689875	-0.41752907496462105	0.2928259014364873	-0.13012526306497874	0.16126153553565784	-0.123611278475161	0.12015224369127134	-0.13688103766169346	0.11520258650852479	-0.10583375809181608	0.09500447244621017	-0.11487193689403477	0.11993017837599826	-0.1063764408045728	0.08904716899629858	-0.09782566262052256	0.10047266941714797	-0.14388627348250585	0.0874371790826613	-0.09897330647189179	0.1202714421979233	-0.11331981133572588	0.09988944724424215	-0.07971167409524432	0.06871418473503697	-0.08298872789537484	0.08102613937503746	-0.10271857012150999	0.08403491644809648	-0.08137706199732027	0.05878439742722554	-0.0914967763146372	0.07275594932082413	-0.11603465393788231
-0.23877634953499505	0.22151445043177073	-0.6973442333487816	0.9999999999999998	-0.19742493836389569	0.1512439926471338	-0.21495929590905782	0.26100217273171783	-0.5193879535897846	0.16162366176226842	-0.1541932595345575	0.10879286060402668	-0.1090283637239757	0.15772655124559307	-0.1371245125223365	0.09581772280349524	-0.08783704838489508	0.10586140280102366	-0.1370255510381189	0.11410883796683366	-0.08201482217840007	0.08936921046554265	-0.0937529044315346	0.13191089187920033	-0.08423713325688209	0.08892443852806751	-0.11264032704228366	0.10205853334780512	-0.09251715193720039	0.07472138347752823	-0.06211786101167446	0.0742995846443198	-0.07328970970892407	0.09309073417774312	-0.0779783770485298	0.07269512244873165	-0.052851573659275376	0.0818254735994236	-0.06547699989025349	0.10339134527228003
0.0937947765406911	-0.08405939496484446	0.12770359161473707	-0.19742493836389569	0.9999999999999993	-0.0724445047540332	0.08317062953743337	-0.10519391210022142	0.16889503586184745	-0.938325158345544	0.0763949223886452	-0.061066288026133425	0.059247788306512984	-0.11591208251118194	0.13238212134441932	-0.058385093159630266	0.052859784174787955	-0.0654279945097834	0.09455662059146702	-0.11014112614216073	0.05072711074086025	-0.055853470025166295	0.05885576372584752	-0.09155101534418907	0.062436466256703384	-0.056538959994241585	0.07242603235612519	-0.06769678065127192	0.06306895639914455	-0.054508842033990874	0.039715128696244904	-0.04813279295383166	0.04867169972857837	-0.06398487784736627	0.054275347160466614	-0.04685423721359007	0.034270613627426574	-0.05449572837326793	0.04405037122547971	-0.06950556367586228
-0.3815840914345879	0.2319866341962455	-0.1788224244862068	0.1512439926471338	-0.0724445047540332	1.0000000000000002	-0.3622468341477945	0.22623612972509893	-0.20446581438157355	0.07062317835616456	-0.7469261028565113	0.16176970724228462	-0.15001714022671564	0.11188938077118331	-0.10230532315324019	0.14299813903423403	-0.125484183285989	0.13167047345783298	-0.11369367362059493	0.09656571374260207	-0.1153512078062848	0.11715732328626285	-0.11944116126048383	0.14672229078444513	-0.08972795009111648	0.11372041297332063	-0.14225135796135396	0.11988148559368547	-0.10615201746867145	0.08129469733423023	-0.07888546176230718	0.090911918393117	-0.0864316493038998	0.10585901659946774	-0.08788168056400547	0.08961770058353753	-0.06482093878058923	0.09552715178820145	-0.07583006403153932	0.11908823952921065
0.2917125365847923	-0.49571032587644337	0.2512161700689875	-0.21495929590905782	0.08317062953743337	-0.3622468341477945	0.9999999999999998	-0.6355577455193245	0.23838119296865135	-0.08391540137265464	0.23242056709945394	-0.16224111713202233	0.15018915375043274	-0.12443363444755336	0.10655618421463567	-0.12264632410516901	0.11106507111556217	-0.13006065183806445	0.11638174344102566	-0.10158162705134813	0.10068294511639256	-0.10987050620958859	0.11203519906926215	-0.150458314542505	0.09025111287814426	-0.10836638968753289	0.13062887209061674	-0.12075794688227492	0.1055819831789938	-0.08266105675425449	0.07491130728929975	-0.08936785109246934	0.08631458135987703	-0.10791781651638317	0.08815366713708914	-0.0878506610460695	0.06333919696459242	-0.09698438522365158	0.07690365487638616	-0.12230787845894212
-0.28837808925027747	0.27906320002877705	-0.41752907496462105	0.26100217273171783	-0.10519391210022142	0.22623612972509893	-0.6355577455193245	1.0000000000000002	-0.41061126191109	0.10182799643227668	-0.23104663280643184	0.1694647595892946	-0.20449895284607156	0.1510857933355971	-0.1305212730934645	0.12265594312950337	-0.11831625084811598	0.1400090389219867	-0.14001708860315035	0.11479732120964488	-0.10342377946934034	0.11247886988511432	-0.11910491198456584	0.14808064541868493	-0.09292450082960406	0.1058188832971404	-0.13414154421706753	0.11766256862204567	-0.10568732393276792	0.08288577371954009	-0.07376727639937758	0.0864163378978881	-0.0844183406724744	0.10483215456457054	-0.08784787686366036	0.08475381251993254	-0.061624003989735915	0.0932202546150589	-0.07435909027279453	0.11667727987619092
0.22820003262347296	-0.23379226499321504	0.2928259014364873	-0.5193879535897846	0.16889503586184745	-0.20446581438157355	0.23838119296865135	-0.41061126191109	0.9999999999999982	-0.19490438269098814	0.19550122167789152	-0.16894562155850712	0.161495842788398	-0.3612530613664805	0.21271998787567825	-0.15546985262841168	0.1385484360884987	-0.17394552998775226	0.22036817161128291	-0.19597340766371374	0.13181057545949781	-0.1464702215372739	0.15131794313457034	-0.23010294079989949	0.14072906935436438	-0.14913089404130794	0.18026279748348312	-0.17548566277594677	0.15580637385225674	-0.12765803309414692	0.10364044925804777	-0.12619706486400017	0.1249285779245195	-0.16046750866278103	0.13152410783079188	-0.12342680934616261	0.08937788986352785	-0.14144610448252098	0.11272831359157033	-0.17992752499353148
-0.09625623722771873	0.08172193514945437	-0.13012526306497874	0.16162366176226842	-0.938325158345544	0.07062317835616456	-0.08391540137265464	0.10182799643227668	-0.19490438269098814	0.9999999999999961	-0.07667652040905827	0.059098969590500226	-0.058321431651319686	0.11706890566509348	-0.15887235784556927	0.055847524383809265	-0.05131900372865871	0.0633087293656263	-0.09844659739845271	0.10841893366380731	-0.048821794962014275	0.053493083858893536	-0.05698647584757139	0.08625352272812019	-0.06091926716792948	0.053385155740645056	-0.0701240416385488	0.06359926882507638	-0.06025060620767438	0.052012540738704885	-0.037598210764827285	0.04520869352865732	-0.045868484551744325	0.06011890326275879	-0.0519071308788658	0.043977513646670414	-0.03227065466030048	0.05092495195165897	-0.041307328586996914	0.06470287953527185
0.24710258311469624	-0.2011725139735871	0.16126153553565784	-0.1541932595345575	0.0763949223886452	-0.7469261028565113	0.23242056709945394	-0.23104663280643184	0.19550122167789152	-0.07667652040905827	0.9999999999999994	-0.24772519094149406	0.1850675303770664	-0.13212158388054102	0.11854969136287602	-0.22319463625991226	0.1707840917310363	-0.18152554812015662	0.13575804117471912	-0.12038959879884344	0.15736060190444476	-0.16434790875697167	0.15955311420319282	-0.2059854793476144	0.12034855567286645	-0.1632666619363792	0.18591049332002618	-0.16984153541297173	0.14553863130164715	-0.11158111665366523	0.110490648689218	-0.12947377065188054	0.12121118602914209	-0.14885440092674695	0.12059154646292035	-0.12819999453982472	0.09155226989118258	-0.13594003523161577	0.10705063374563446	-0.16998536979128828
-0.15750409797523404	0.11819971053991557	-0.123611278475161	0.10879286060402668	-0.061066288026133425	0.16176970724228462	-0.16224111713202233	0.1694647595892946	-0.16894562155850712	0.059098969590500226	-0.24772519094149406	0.9999999999999998	-0.7734117217605904	0.1301717876328879	-0.11567728677728215	0.21777975755360315	-0.3696186810154343	0.27686275088177886	-0.14770562805839801	0.11190073206264152	-0.18230292718223562	0.19622883783019754	-0.22484738255836711	0.15530760746099567	-0.10068587131606097	0.13443560514601216	-0.17924123673812675	0.13335785768495298	-0.12166919815553459	0.0863717193856428	-0.09436795093799709	0.09731437707415133	-0.0953609560825773	0.10596446469174813	-0.0941167004185411	0.09578782379700328	-0.07116820854298724	0.0961649179647695	-0.07674073906168805	0.11303384082814033
0.14177733507509946	-0.11401243554749725	0.12015224369127134	-0.1090283637239757	0.059247788306512984	-0.15001714022671564	0.15018915375043274	-0.20449895284607156	0.161495842788398	-0.058321431651319686	0.1850675303770664	-0.7734117217605904	0.9999999999999943	-0.14592688751144145	0.11594468592260232	-0.21430500754799675	0.25687561718858737	-0.418055593249601	0.1508172191842002	-0.11779302556487431	0.16391461562710813	-0.20111400805003013	0.21611256646821503	-0.1597277255183111	0.09934727125313919	-0.13143048761196036	0.16292929507479098	-0.13578417804238754	0.1189026808531731	-0.08622848757760947	0.08969952880401069	-0.09542604780306141	0.09385328138880111	-0.10550535499622807	0.09213221208907078	-0.09393896968770686	0.06908300761285446	-0.09604335851141463	0.07602289988144514	-0.1129955933877849
-0.13855846131970073	0.11058130178483629	-0.13688103766169346	0.15772655124559307	-0.11591208251118194	0.11188938077118331	-0.12443363444755336	0.1510857933355971	-0.3612530613664805	0.11706890566509348	-0.13212158388054102	0.1301717876328879	-0.14592688751144145	0.9999999999999946	-0.5790817798107668	0.11655428520813807	-0.11979010261578603	0.1626032971306873	-0.5977543199584026	0.3143700416754215	-0.10416036586440626	0.11592333206514348	-0.13554400932870858	0.18305444398374662	-0.1417361255298139	0.10258562835527175	-0.14062181994460657	0.12480991930530339	-0.12633502673617872	0.11222956681004245	-0.07277613918187396	0.08465881921843019	-0.08958195436617394	0.1168334091373121	-0.10694426810222493	0.08184933381993374	-0.06112749774127983	0.09573694373131202	-0.0787250660523029	0.11953248725694123
0.12204610797929726	-0.09851289143037605	0.11520258650852479	-0.1371245125223365	0.13238212134441932	-0.10230532315324019	0.10655618421463567	-0.1305212730934645	0.21271998787567825	-0.15887235784556927	0.11854969136287602	-0.11567728677728215	0.11594468592260232	-0.5790817798107668	0.9999999999999957	-0.11068284357845137	0.10602105947067755	-0.14229934835369623	0.3237334283625923	-0.6502324070678456	0.09792789060717048	-0.110272019066419	0.12283390828486934	-0.20498848593658175	0.17178375398006385	-0.10275293657665911	0.13832923565133276	-0.13236459514679466	0.13496267560791497	-0.14042095266581384	0.07302860048487417	-0.08731129638997023	0.0947197625442315	-0.13218747958665703	0.11910544038705476	-0.0839183910063144	0.06290268277337793	-0.10325929645871873	0.08587026660895063	-0.13183459154945312
-0.14890281725089058	0.10145494929179803	-0.10583375809181608	0.09581772280349524	-0.058385093159630266	0.14299813903423403	-0.12264632410516901	0.12265594312950337	-0.15546985262841168	0.055847524383809265	-0.22319463625991226	0.21777975755360315	-0.21430500754799675	0.11655428520813807	-0.11068284357845137	0.9999999999999936	-0.599813317279133	0.25790486399308643	-0.14270123981809857	0.11041478749950422	-0.5562303358122751	0.2943333571488359	-0.2657901411104935	0.17041476063594782	-0.11147756473172402	0.21970403159735358	-0.2577285791926714	0.15275133715451233	-0.13989059158175454	0.09566469975015249	-0.15404367704922953	0.1304628914999688	-0.11344865360422576	0.11938098175790249	-0.10716758467682626	0.1314560424919069	-0.09812987575421708	0.11154949949629533	-0.08842243483332451	0.12711875486773772
0.1266974456041076	-0.09107469167963905	0.09500447244621017	-0.08783704838489508	0.052859784174787955	-0.125484183285989	0.11106507111556217	-0.11831625084811598	0.1385484360884987	-0.05131900372865871	0.1707840917310363	-0.3696186810154343	0.25687561718858737	-0.11979010261578603	0.10602105947067755	-0.599813317279133	0.9999999999999932	-0.46244563873946654	0.14542883126283856	-0.11315685891922748	0.27933025274802914	-0.39612182379553096	0.2748643120675456	-0.1671924081883307	0.1042803527750922	-0.1773687468268809	0.2004081780024553	-0.1483374339828501	0.1293253944394091	-0.08979995089088866	0.11592447118687249	-0.1120197057474948	0.10362952744470545	-0.11027642420034711	0.09779329158261914	-0.11189561254836031	0.08182978117667121	-0.10257222053277158	0.08075637961302012	-0.11698664614416188
-0.14901287642265598	0.10570729822368927	-0.11487193689403477	0.10586140280102366	-0.0654279945097834	0.13167047345783298	-0.13006065183806445	0.1400090389219867	-0.17394552998775226	0.0633087293656263	-0.18152554812015662	0.27686275088177886	-0.418055593249601	0.1626032971306873	-0.14229934835369623	0.25790486399308643	-0.46244563873946654	0.9999999999999931	-0.25133471299788873	0.15317946014543532	-0.24260806807728688	0.28539175060933153	-0.5615315042815868	0.20116661037538222	-0.13138765016656975	0.16363134202181748	-0.22176064723484376	0.17935015147977815	-0.16153493477861317	0.10914205178529811	-0.1157025329082378	0.1165969847806103	-0.12418574635580637	0.12886721453196687	-0.11786571101708998	0.11369586499328818	-0.08611969420504283	0.1172663461747268	-0.0937721562972334	0.1332328455029682
0.13382534142065564	-0.10524069488978059	0.11993017837599826	-0.1370255510381189	0.09455662059146702	-0.11369367362059493	0.11638174344102566	-0.14001708860315035	0.22036817161128291	-0.09844659739845271	0.13575804117471912	-0.14770562805839801	0.1508172191842002	-0.5977543199584026	0.3237334283625923	-0.14270123981809857	0.14542883126283856	-0.25133471299788873	0.9999999999999898	-0.5730959315808645	0.12423766884487684	-0.14427504354442724	0.1687446955530914	-0.2555741453270021	0.18056164337015376	-0.1211748882319747	0.16209904127193397	-0.1526989214294946	0.15485419752090615	-0.14531060312788763	0.08538477404843893	-0.0992917509768336	0.10727469354499544	-0.1418987473550473	0.12934416381023486	-0.0956776977910345	0.07174087388665376	-0.1141950821358703	0.09400335615258529	-0.14193236352250438
-0.12160486857456743	0.09054189215625558	-0.1063764408045728	0.11410883796683366	-0.11014112614216073	0.09656571374260207	-0.10158162705134813	0.11479732120964488	-0.19597340766371374	0.10841893366380731	-0.12038959879884344	0.11190073206264152	-0.11779302556487431	0.3143700416754215	-0.6502324070678456	0.11041478749950422	-0.11315685891922748	0.15317946014543532	-0.5730959315808645	0.9999999999999931	-0.10144510526816745	0.11265796604535606	-0.13449331439420034	0.20876216871350792	-0.2631859376758655	0.09994913054205956	-0.14575685068882466	0.13112523649510313	-0.14732765612351278	0.15883828631565164	-0.0721101351392381	0.08435811742531121	-0.09511769904864323	0.1334781236697012	-0.1343463112315441	0.08053384284309172	-0.0614608835392295	0.10017368728850197	-0.08523278572710882	0.12664769252749455
0.12334265135486427	-0.08506609683826206	0.08904716899629858	-0.08201482217840007	0.05072711074086025	-0.1153512078062848	0.10068294511639256	-0.10342377946934034	0.13181057545949781	-0.048821794962014275	0.15736060190444476	-0.18230292718223562	0.16391461562710813	-0.10416036586440626	0.09792789060717048	-0.5562303358122751	0.27933025274802914	-0.24260806807728688	0.12423766884487684	-0.10144510526816745	0.9999999999999911	-0.5254379529290627	0.2520144843333717	-0.17180224012936549	0.10635874687518058	-0.4253958794424452	0.2519000316849339	-0.1582177351099043	0.13594296978183357	-0.09312366984561025	0.19322375596951732	-0.15862661545140405	0.11662282040508287	-0.11878465354869164	0.10412288611321556	-0.16642823725515032	0.11501879236578316	-0.11563501203838075	0.08927158452501749	-0.12798105408240124
-0.1343850618945396	0.09177523013549674	-0.09782566262052256	0.08936921046554265	-0.055853470025166295	0.11715732328626285	-0.10987050620958859	0.11247886988511432	-0.1464702215372739	0.053493083858893536	-0.16434790875697167	0.19622883783019754	-0.20111400805003013	0.11592333206514348	-0.110272019066419	0.2943333571488359	-0.39612182379553096	0.28539175060933153	-0.14427504354442724	0.11265796604535606	-0.5254379529290627	0.999999999999991	-0.5674583279775472	0.19168634405306498	-0.12195655421678056	0.2192296444536712	-0.2882976224452132	0.1806835978251038	-0.15976042160671305	0.10336789218351423	-0.15069061971462225	0.13457583248193716	-0.1283139061625903	0.12735950383356742	-0.11541690490807555	0.13371114132296574	-0.1001432116803935	0.11998689711617704	-0.0948475297636435	0.1334489628035568
0.13457617688841034	-0.09425528285259444	0.10047266941714797	-0.0937529044315346	0.05885576372584752	-0.11944116126048383	0.11203519906926215	-0.11910491198456584	0.15131794313457034	-0.05698647584757139	0.15955311420319282	-0.22484738255836711	0.21611256646821503	-0.13554400932870858	0.12283390828486934	-0.2657901411104935	0.2748643120675456	-0.5615315042815868	0.1687446955530914	-0.13449331439420034	0.2520144843333717	-0.5674583279775472	0.9999999999999902	-0.2750410299129983	0.14378234170581822	-0.18537297610377657	0.22696809321197295	-0.27653900309839513	0.1917242543251076	-0.12193101141447642	0.12397136486423879	-0.13040425149392096	0.15046141884342107	-0.14537779715227211	0.13045559743196192	-0.12554843625860465	0.09505554286735426	-0.13817451913240494	0.1067685524129186	-0.1489735578907002
-0.2013812914377796	0.12995321370722307	-0.14388627348250585	0.13191089187920033	-0.09155101534418907	0.14672229078444513	-0.150458314542505	0.14808064541868493	-0.23010294079989949	0.08625352272812019	-0.2059854793476144	0.15530760746099567	-0.1597277255183111	0.18305444398374662	-0.20498848593658175	0.17041476063594782	-0.1671924081883307	0.20116661037538222	-0.2555741453270021	0.20876216871350792	-0.17180224012936549	0.19168634405306498	-0.2750410299129983	0.9999999999999918	-0.48340667232879764	0.16859389907302996	-0.3052025790252457	0.2649678695569372	-0.4876584091603064	0.279970629568324	-0.12700040751327565	0.1490926181788036	-0.1936087772764862	0.25294664792514304	-0.2860502209702276	0.13844122931561137	-0.11101847282930692	0.18535408587876234	-0.16217967862698807	0.22113708981371616
0.11724064628767523	-0.07911649455357285	0.0874371790826613	-0.08423713325688209	0.062436466256703384	-0.08972795009111648	0.09025111287814426	-0.09292450082960406	0.14072906935436438	-0.06091926716792948	0.12034855567286645	-0.10068587131606097	0.09934727125313919	-0.1417361255298139	0.17178375398006385	-0.11147756473172402	0.1042803527750922	-0.13138765016656975	0.18056164337015376	-0.2631859376758655	0.10635874687518058	-0.12195655421678056	0.14378234170581822	-0.48340667232879764	0.9999999999999871	-0.11386323048908213	0.18035518205887527	-0.20301768791379024	0.2670467035010111	-0.6798590617173091	0.08620069978892927	-0.10745013105760942	0.14586264153699718	-0.2673597976495988	0.2712559105341194	-0.09807865205027179	0.07960034286773918	-0.15586209476865845	0.14285497023080482	-0.21148121276278298
-0.14294637876282082	0.09260865245028115	-0.09897330647189179	0.08892443852806751	-0.056538959994241585	0.11372041297332063	-0.10836638968753289	0.1058188832971404	-0.14913089404130794	0.053385155740645056	-0.1632666619363792	0.13443560514601216	-0.13143048761196036	0.10258562835527175	-0.10275293657665911	0.21970403159735358	-0.1773687468268809	0.16363134202181748	-0.1211748882319747	0.09994913054205956	-0.4253958794424452	0.2192296444536712	-0.18537297610377657	0.16859389907302996	-0.11386323048908213	0.9999999999999899	-0.45185578488385486	0.1612372354069573	-0.14780726570399963	0.10043279999590943	-0.6007735639758606	0.24021908084433258	-0.14143237365973715	0.13401075131136542	-0.11866161894316807	0.2586792105721628	-0.1982581125640001	0.13691315326609604	-0.10541626526166803	0.14670766636592947
0.16706763057420332	-0.1139239480499915	0.1202714421979233	-0.11264032704228366	0.07242603235612519	-0.14225135796135396	0.13062887209061674	-0.13414154421706753	0.18026279748348312	-0.0701240416385488	0.18591049332002618	-0.17924123673812675	0.16292929507479098	-0.14062181994460657	0.13832923565133276	-0.2577285791926714	0.2004081780024553	-0.22176064723484376	0.16209904127193397	-0.14575685068882466	0.2519000316849339	-0.2882976224452132	0.22696809321197295	-0.3052025790252457	0.18035518205887527	-0.45185578488385486	0.9999999999999891	-0.2882973333140662	0.23412711247712267	-0.17151407379913333	0.2705630803814841	-0.35601612434069135	0.22240969702058908	-0.24830293666026831	0.1959068483219863	-0.34640711807266433	0.2267477265500028	-0.24876666812780604	0.1880160439874026	-0.2944762395463644
-0.16236577668152574	0.10384160172750065	-0.11331981133572588	0.10205853334780512	-0.06769678065127192	0.11988148559368547	-0.12075794688227492	0.11766256862204567	-0.17548566277594677	0.06359926882507638	-0.16984153541297173	0.13335785768495298	-0.13578417804238754	0.12480991930530339	-0.13236459514679466	0.15275133715451233	-0.1483374339828501	0.17935015147977815	-0.1526989214294946	0.13112523649510313	-0.1582177351099043	0.1806835978251038	-0.27653900309839513	0.2649678695569372	-0.20301768791379024	0.1612372354069573	-0.2882973333140662	0.9999999999999869	-0.5434686182321616	0.19123022518531252	-0.13546105509801604	0.1764157606429174	-0.5380455191762998	0.2457913790938663	-0.2242940957586182	0.14445826259192573	-0.13617491139511226	0.26782202827421886	-0.20807342190751227	0.22919770549937368
0.13953205047408712	-0.09164485233052827	0.09988944724424215	-0.09251715193720039	0.06306895639914455	-0.10615201746867145	0.1055819831789938	-0.10568732393276792	0.15580637385225674	-0.06025060620767438	0.14553863130164715	-0.12166919815553459	0.1189026808531731	-0.12633502673617872	0.13496267560791497	-0.13989059158175454	0.1293253944394091	-0.16153493477861317	0.15485419752090615	-0.14732765612351278	0.13594296978183357	-0.15976042160671305	0.1917242543251076	-0.4876584091603064	0.2670467035010111	-0.14780726570399963	0.23412711247712267	-0.5434686182321616	0.9999999999999878	-0.35385948872104234	0.11630808004225456	-0.153105919842098	0.2508928355433657	-0.37848473954976714	0.270125416518244	-0.132526047871306	0.11329772714072026	-0.25170663342645694	0.20043012548285527	-0.265970712725199
-0.10971283430439129	0.07204768462222398	-0.07971167409524432	0.07472138347752823	-0.054508842033990874	0.08129469733423023	-0.08266105675425449	0.08288577371954009	-0.12765803309414692	0.052012540738704885	-0.11158111665366523	0.0863717193856428	-0.08622848757760947	0.11222956681004245	-0.14042095266581384	0.09566469975015249	-0.08979995089088866	0.10914205178529811	-0.14531060312788763	0.15883828631565164	-0.09312366984561025	0.10336789218351423	-0.12193101141447642	0.279970629568324	-0.6798590617173091	0.10043279999590943	-0.17151407379913333	0.19123022518531252	-0.35385948872104234	0.9999999999999852	-0.07764441222954058	0.09699953398129403	-0.142468693543121	0.2602560511013862	-0.49974982800381224	0.08745750902461648	-0.07280281449805495	0.14361908834846993	-0.13971418398368174	0.19171865621544515
0.09871370338229449	-0.06434152278100766	0.06871418473503697	-0.06211786101167446	0.039715128696244904	-0.07888546176230718	0.07491130728929975	-0.07376727639937758	0.10364044925804777	-0.037598210764827285	0.110490648689218	-0.09436795093799709	0.08969952880401069	-0.07277613918187396	0.07302860048487417	-0.15404367704922953	0.11592447118687249	-0.1157025329082378	0.08538477404843893	-0.0721101351392381	0.19322375596951732	-0.15069061971462225	0.12397136486423879	-0.12700040751327565	0.08620069978892927	-0.6007735639758606	0.2705630803814841	-0.13546105509801604	0.11630808004225456	-0.07764441222954058	0.9999999999999853	-0.42890469555672306	0.13489136028672355	-0.10985841245517518	0.09407380276634544	-0.5337792430918091	0.2715539787548972	-0.13051591312779923	0.09195396284825691	-0.12262379193703285
-0.12083186364294525	0.07700139936080147	-0.08298872789537484	0.0742995846443198	-0.04813279295383166	0.090911918393117	-0.08936785109246934	0.0864163378978881	-0.12619706486400017	0.04520869352865732	-0.12947377065188054	0.09731437707415133	-0.09542604780306141	0.08465881921843019	-0.08731129638997023	0.1304628914999688	-0.1120197057474948	0.1165969847806103	-0.0992917509768336	0.08435811742531121	-0.15862661545140405	0.13457583248193716	-0.13040425149392096	0.1490926181788036	-0.10745013105760942	0.24021908084433258	-0.35601612434069135	0.1764157606429174	-0.153105919842098	0.09699953398129403	-0.42890469555672306	0.999999999999986	-0.25044409853586064	0.14148432546869646	-0.12283172971485339	0.3259299121385223	-0.6677094262413267	0.18788821524969615	-0.12898067799259239	0.1556801401472675
0.11616472807996624	-0.07455546621380435	0.08102613937503746	-0.07328970970892407	0.04867169972857837	-0.0864316493038998	0.08631458135987703	-0.0844183406724744	0.1249285779245195	-0.045868484551744325	0.12121118602914209	-0.0953609560825773	0.09385328138880111	-0.08958195436617394	0.0947197625442315	-0.11344865360422576	0.10362952744470545	-0.12418574635580637	0.10727469354499544	-0.09511769904864323	0.11662282040508287	-0.1283139061625903	0.15046141884342107	-0.1936087772764862	0.14586264153699718	-0.14143237365973715	0.22240969702058908	-0.5380455191762998	0.2508928355433657	-0.142468693543121	0.13489136028672355	-0.25044409853586064	0.9999999999999857	-0.2723519855468716	0.19125469523701552	-0.15224920609560152	0.1632297008993354	-0.6218931869155709	0.25373948289884374	-0.28409242385692046
-0.1472891902135264	0.09367256074293584	-0.10271857012150999	0.09309073417774312	-0.06398487784736627	0.10585901659946774	-0.10791781651638317	0.10483215456457054	-0.16046750866278103	0.06011890326275879	-0.14885440092674695	0.10596446469174813	-0.10550535499622807	0.1168334091373121	-0.13218747958665703	0.11938098175790249	-0.11027642420034711	0.12886721453196687	-0.1418987473550473	0.1334781236697012	-0.11878465354869164	0.12735950383356742	-0.14537779715227211	0.25294664792514304	-0.2673597976495988	0.13401075131136542	-0.24830293666026831	0.2457913790938663	-0.37848473954976714	0.2602560511013862	-0.10985841245517518	0.14148432546869646	-0.2723519855468716	0.9999999999999851	-0.6282281712248389	0.12256095175228249	-0.11098185462692033	0.24737414053905626	-0.3930997478722185	0.3000491535363758
0.11768792984024253	-0.0768720471671019	0.08403491644809648	-0.0779783770485298	0.054275347160466614	-0.08788168056400547	0.08815366713708914	-0.08784787686366036	0.13152410783079188	-0.0519071308788658	0.12059154646292035	-0.0941167004185411	0.09213221208907078	-0.10694426810222493	0.11910544038705476	-0.10716758467682626	0.09779329158261914	-0.11786571101708998	0.12934416381023486	-0.1343463112315441	0.10412288611321556	-0.11541690490807555	0.13045559743196192	-0.2860502209702276	0.2712559105341194	-0.11866161894316807	0.1959068483219863	-0.2242940957586182	0.270125416518244	-0.49974982800381224	0.09407380276634544	-0.12283172971485339	0.19125469523701552	-0.6282281712248389	0.9999999999999841	-0.10844871304074116	0.09302187317049501	-0.2143391583946583	0.2349301662331622	-0.3588416905416143
-0.11883112820486276	0.07561603918924176	-0.08137706199732027	0.07269512244873165	-0.04685423721359007	0.08961770058353753	-0.0878506610460695	0.08475381251993254	-0.12342680934616261	0.043977513646670414	-0.12819999453982472	0.09578782379700328	-0.09393896968770686	0.08184933381993374	-0.0839183910063144	0.1314560424919069	-0.11189561254836031	0.11369586499328818	-0.0956776977910345	0.08053384284309172	-0.16642823725515032	0.13371114132296574	-0.12554843625860465	0.13844122931561137	-0.09807865205027179	0.2586792105721628	-0.34640711807266433	0.14445826259192573	-0.132526047871306	0.08745750902461648	-0.5337792430918091	0.3259299121385223	-0.15224920609560152	0.12256095175228249	-0.10844871304074116	0.9999999999999846	-0.6222613303889593	0.14837674600851397	-0.10743747604059761	0.13553696521753697
0.08515512758816797	-0.05460774952545833	0.05878439742722554	-0.052851573659275376	0.034270613627426574	-0.06482093878058923	0.06333919696459242	-0.061624003989735915	0.08937788986352785	-0.03227065466030048	0.09155226989118258	-0.07116820854298724	0.06908300761285446	-0.06112749774127983	0.06290268277337793	-0.09812987575421708	0.08182978117667121	-0.08611969420504283	0.07174087388665376	-0.0614608835392295	0.11501879236578316	-0.1001432116803935	0.09505554286735426	-0.11101847282930692	0.07960034286773918	-0.1982581125640001	0.2267477265500028	-0.13617491139511226	0.11329772714072026	-0.07280281449805495	0.2715539787548972	-0.6677094262413267	0.1632297008993354	-0.11098185462692033	0.09302187317049501	-0.6222613303889593	0.9999999999999847	-0.18130223262160353	0.10628366904929554	-0.12701174768322587
-0.13304568046214615	0.08382866902971178	-0.0914967763146372	0.0818254735994236	-0.05449572837326793	0.09552715178820145	-0.09698438522365158	0.0932202546150589	-0.14144610448252098	0.05092495195165897	-0.13594003523161577	0.0961649179647695	-0.09604335851141463	0.09573694373131202	-0.10325929645871873	0.11154949949629533	-0.10257222053277158	0.1172663461747268	-0.1141950821358703	0.10017368728850197	-0.11563501203838075	0.11998689711617704	-0.13817451913240494	0.18535408587876234	-0.15586209476865845	0.13691315326609604	-0.24876666812780604	0.26782202827421886	-0.25170663342645694	0.14361908834846993	-0.13051591312779923	0.18788821524969615	-0.6218931869155709	0.24737414053905626	-0.2143391583946583	0.14837674600851397	-0.18130223262160353	0.9999999999999847	-0.5245093702639668	0.2886312071288827
0.10518534685715356	-0.06662922687243887	0.07275594932082413	-0.06547699989025349	0.04405037122547971	-0.07583006403153932	0.07690365487638616	-0.07435909027279453	0.11272831359157033	-0.041307328586996914	0.10705063374563446	-0.07674073906168805	0.07602289988144514	-0.0787250660523029	0.08587026660895063	-0.08842243483332451	0.08075637961302012	-0.0937721562972334	0.09400335615258529	-0.08523278572710882	0.08927158452501749	-0.0948475297636435	0.1067685524129186	-0.16217967862698807	0.14285497023080482	-0.10541626526166803	0.1880160439874026	-0.20807342190751227	0.20043012548285527	-0.13971418398368174	0.09195396284825691	-0.12898067799259239	0.25373948289884374	-0.3930997478722185	0.2349301662331622	-0.10743747604059761	0.10628366904929554	-0.5245093702639668	0.9999999999999848	-0.6588214868375966
-0.169711124558732	0.10596231726322347	-0.11603465393788231	0.10339134527228003	-0.06950556367586228	0.11908823952921065	-0.12230787845894212	0.11667727987619092	-0.17992752499353148	0.06470287953527185	-0.16998536979128828	0.11303384082814033	-0.1129955933877849	0.11953248725694123	-0.13183459154945312	0.12711875486773772	-0.11698664614416188	0.1332328455029682	-0.14193236352250438	0.12664769252749455	-0.12798105408240124	0.1334489628035568	-0.1489735578907002	0.22113708981371616	-0.21148121276278298	0.14670766636592947	-0.2944762395463644	0.22919770549937368	-0.265970712725199	0.19171865621544515	-0.12262379193703285	0.1556801401472675	-0.28409242385692046	0.3000491535363758	-0.3588416905416143	0.13553696521753697	-0.12701174768322587	0.2886312071288827	-0.6588214868375966	0.9999999999999847
