1.0	-0.17162956720843267	0.0981104414146415	-0.056182824335711146	0.04550618022304084	-0.9612223496103766	0.13857580452311252	-0.08513313159963298	0.057504687098874914	-0.05575691227339771	0.10407163956757634	-0.06540403391770801	0.06363215170670956	-0.050915535777896766	0.05933174155762805	-0.08863388059476267	0.053331363345978225	-0.04942385738097873	0.039608104121070076	-0.042690842533638335	0.04283217100785183	-0.04337961231718945	0.05231072544664889	-0.049907049490250446	0.04443385327882503	-0.024381291225854605	0.02915439602482469	-0.027479400831210886	0.019524709062268913	-0.018224592191728232	0.029386198518751405	-0.031082739053462927	0.022712748733619115	-0.015320882205724314	0.014137021312606447
-0.17162956720843267	1.0	-0.6007694202235536	0.17554457631300274	-0.1491750360210736	0.14431573937268613	-0.6563235547475391	0.2937098011609577	-0.18216400936331284	0.16021214843152234	-0.1174532788045473	0.14398365440895	-0.15339219484034808	0.12725987627179686	-0.1501703417352551	0.09796964588850185	-0.1218850294633826	0.10832745428073663	-0.09532908527213613	0.09792137202113506	-0.0708191629361768	0.07387337476454332	-0.11007559527494955	0.10835049891856073	-0.09928416136736837	0.040770740607067625	-0.052697246970778246	0.04982401206349594	-0.03827719990062242	0.03558119784890604	-0.05148089248001735	0.054432425350368296	-0.04169785125910032	0.029204154586443643	-0.027288737091790357
0.0981104414146415	-0.6007694202235536	1.0	-0.3027169238057891	0.19346375413979883	-0.10093972310678825	0.3160814372489785	-0.5838868820692138	0.23179006907473154	-0.22409559222105813	0.10113026080617142	-0.11948318817614671	0.14508730973448616	-0.15307805264582344	0.16580222625857743	-0.09003295005950095	0.10007573707469332	-0.10493955108138085	0.10657497923684658	-0.10998811545333546	0.06758883660946406	-0.07135073931463541	0.10898599378515252	-0.11790463438962757	0.106007671513205	-0.03945272473669511	0.05171774072709442	-0.049472889361860395	0.03933340563454507	-0.036742644164683994	0.049865175029763835	-0.05418472276409884	0.04153175343056309	-0.029799064213056378	0.02786690084075296
-0.056182824335711146	0.17554457631300274	-0.3027169238057891	0.9999999999999998	-0.7969962239213185	0.05522577391546255	-0.20915789768255852	0.2145266575204715	-0.2838341624309268	0.28243731189220017	-0.09469359178683466	0.09671357109016411	-0.13568931718251737	0.15847104054638805	-0.2343078841895554	0.0814795174792984	-0.08872563297117633	0.09446816524840386	-0.11916116802214605	0.11984238373270852	-0.06741016356323207	0.06933090633101487	-0.11335974004999771	0.12078894000961977	-0.12114015043350848	0.0393460337188135	-0.05193628341223281	0.04947595809639715	-0.040950875498308226	0.03809053511905535	-0.05075257136760283	0.05366101082241467	-0.04204887224970843	0.03057042973560798	-0.028920270280658886
0.04550618022304084	-0.1491750360210736	0.19346375413979883	-0.7969962239213185	1.0000000000000007	-0.04605862245755704	0.15770577602645447	-0.19806817713956723	0.23574099546897756	-0.45754259642202694	0.07849824970099696	-0.08070343450497677	0.11183029770462012	-0.1471454600817829	0.19421628698473303	-0.06968829837801009	0.07303020301416106	-0.08047927993110061	0.10348323462432009	-0.1088883855624829	0.057028498823063774	-0.05938539356864131	0.09559928876312275	-0.10849858680357256	0.10333238720057297	-0.033500693454886626	0.044400409595598433	-0.042577578468356636	0.035448863826644056	-0.03314318608642105	0.042966472558305234	-0.0464695687257073	0.03612465548368653	-0.02651558592368033	0.02498741868266517
-0.9612223496103766	0.14431573937268613	-0.10093972310678825	0.05522577391546255	-0.04605862245755704	1.000000000000001	-0.1570450086512633	0.08390450477100145	-0.05825577734422809	0.055165708000314125	-0.12009261404185156	0.06733995401370912	-0.0658481936440694	0.050853311485354456	-0.060148019857372045	0.0867224235548414	-0.05563511488324333	0.05025278515948731	-0.039838935068670554	0.04261044462328764	-0.04310575143601667	0.04324511006166333	-0.05309329706789346	0.049808257933095984	-0.0447011377827324	0.024398637728629168	-0.02920288745896801	0.027428164355349453	-0.019525233489520084	0.018187208133239135	-0.029603703580332	0.030883281022235545	-0.022703768561632497	0.01529155709798981	-0.014133054081947262
0.13857580452311252	-0.6563235547475391	0.3160814372489785	-0.20915789768255852	0.15770577602645447	-0.1570450086512633	1.0000000000000013	-0.46919205449373247	0.21958775101189124	-0.22106597069670034	0.14815232724122218	-0.24538263988614456	0.19304419388679164	-0.1735934121659283	0.184516063925012	-0.13319270218640278	0.162232202084932	-0.15061887152414583	0.1249313222120944	-0.13271383267420211	0.0933708126379296	-0.09996321641299988	0.14356114174425896	-0.14831255110187963	0.12933265241184919	-0.05422173959746247	0.07032515964859995	-0.067029821472892	0.051216897741034044	-0.04786488885866311	0.06768835489177816	-0.07378557912508009	0.05581108340803026	-0.03927425822158962	0.036505888761106844
-0.08513313159963298	0.2937098011609577	-0.5838868820692138	0.2145266575204715	-0.19806817713956723	0.08390450477100145	-0.46919205449373247	1.0000000000000016	-0.4668908943995069	0.2460004332662629	-0.11814928420304976	0.14460436459497336	-0.2038014689100382	0.18698022352219365	-0.20292636897086114	0.10253232384988654	-0.12494709021117253	0.12925989678607894	-0.1344619717046907	0.12716384031143865	-0.07942955258873184	0.08359503791954745	-0.13217828510059204	0.13748166617752774	-0.1261267492357419	0.04609175417788042	-0.060799802884139324	0.05797277708783446	-0.04611806558006496	0.0428765605666507	-0.05852936016014895	0.06289806853327413	-0.04865932452606148	0.034787098867643904	-0.03261548968421195
0.057504687098874914	-0.18216400936331284	0.23179006907473154	-0.2838341624309268	0.23574099546897756	-0.05825577734422809	0.21958775101189124	-0.4668908943995069	1.0000000000000018	-0.6183495945630706	0.108811149895083	-0.11746578750638852	0.16808005116159264	-0.36928372636097273	0.2630452274258077	-0.09818723964000829	0.1051974673225606	-0.12120010598288938	0.18772099832159536	-0.1710929575666081	0.08124785391188367	-0.08580447277130875	0.1418490744376405	-0.17553849968322668	0.15353037574512626	-0.047708815929958105	0.06412767792303938	-0.06191056383351782	0.052498448550720125	-0.04902464567922517	0.060961311958581885	-0.06708233161732025	0.052330684297788296	-0.03895493513450598	0.036630787017293505
-0.05575691227339771	0.16021214843152234	-0.22409559222105813	0.28243731189220017	-0.45754259642202694	0.055165708000314125	-0.22106597069670034	0.2460004332662629	-0.6183495945630706	1.0000000000000027	-0.10939715648501286	0.11172661607293681	-0.16304488238853845	0.232494725012015	-0.4041141813736564	0.09574900143068699	-0.10342093426524498	0.11395740119059958	-0.1683519349237235	0.16378929783979648	-0.08082280936201379	0.08379640385413127	-0.13973808635286888	0.15765668064175162	-0.15602861260779186	0.04731620639053132	-0.06317011964837006	0.06053132228776512	-0.05126093796602349	0.04777680798843209	-0.06097901978670226	0.06552992272812237	-0.051472669264830496	0.038019350177798186	-0.03599026661199089
0.10407163956757634	-0.1174532788045473	0.10113026080617142	-0.09469359178683466	0.07849824970099696	-0.12009261404185156	0.14815232724122218	-0.11814928420304976	0.108811149895083	-0.10939715648501286	1.0000000000000018	-0.3374255265092325	0.22048907186807815	-0.14368947169066598	0.16335611695422006	-0.7563266170033552	0.22332324561026543	-0.19636442213602334	0.12207139393707162	-0.13529720747457072	0.22989452320075673	-0.22500643431021336	0.20432639849119674	-0.17795278127077213	0.14849516074994856	-0.12684750776375897	0.13745905788866458	-0.1284583409361142	0.08112733705326207	-0.0758073662368828	0.1428100324040253	-0.14940499487492437	0.10357524108809496	-0.06601656505255692	0.05979968087043743
-0.06540403391770801	0.14398365440895	-0.11948318817614671	0.09671357109016411	-0.08070343450497677	0.06733995401370912	-0.24538263988614456	0.14460436459497336	-0.11746578750638852	0.11172661607293681	-0.3374255265092325	1.000000000000004	-0.42677609574476677	0.14464996059448032	-0.15113226295337723	0.2229556841043619	-0.706699213658372	0.29206023319764085	-0.12205621701803485	0.12124124893376274	-0.14847403896225495	0.16023676856585686	-0.21877998278415714	0.16235700952164314	-0.13009702062868306	0.08033208893545388	-0.10421835092351288	0.09491176178622622	-0.06347534089022597	0.058197162970809985	-0.09907539246338375	0.10134571265584033	-0.07697756304993164	0.049809769898273515	-0.045778558445572395
0.06363215170670956	-0.15339219484034808	0.14508730973448616	-0.13568931718251737	0.11183029770462012	-0.0658481936440694	0.19304419388679164	-0.2038014689100382	0.16808005116159264	-0.16304488238853845	0.22048907186807815	-0.42677609574476677	1.000000000000005	-0.270585726675932	0.21999393618897342	-0.22445044291472058	0.3004766093345683	-0.6064743022574309	0.19509957113838466	-0.19426856310043178	0.16048181259821018	-0.18662853126082288	0.2834607463913508	-0.2698478319365407	0.19292882862125127	-0.09399852996820324	0.1268879738503868	-0.12466682013558826	0.08878437690764632	-0.08297278511001532	0.11439112951187198	-0.13437743509855754	0.10019793667443985	-0.06916139497231492	0.063161736212556
-0.050915535777896766	0.12725987627179686	-0.15307805264582344	0.15847104054638805	-0.1471454600817829	0.050853311485354456	-0.1735934121659283	0.18698022352219365	-0.36928372636097273	0.232494725012015	-0.14368947169066598	0.14464996059448032	-0.270585726675932	1.0000000000000007	-0.4301581739689581	0.12742109936393767	-0.1408644734787241	0.17595709564753043	-0.6197361358362892	0.2676645816465899	-0.11726037230812579	0.12230506671618803	-0.23508925988778115	0.2810425675914741	-0.2660119435230618	0.06806754507168992	-0.09437547694620081	0.09107781010310918	-0.08174056802306447	0.07472791367948034	-0.08826533981131018	0.09558798646661504	-0.07744681787304201	0.05860069811093954	-0.055880750620302934
0.05933174155762805	-0.1501703417352551	0.16580222625857743	-0.2343078841895554	0.19421628698473303	-0.060148019857372045	0.184516063925012	-0.20292636897086114	0.2630452274258077	-0.4041141813736564	0.16335611695422006	-0.15113226295337723	0.21999393618897342	-0.4301581739689581	1.0000000000000056	-0.15273836824455667	0.14192419263649916	-0.1704571317908334	0.26685953496508563	-0.4041539538994039	0.13108264422266436	-0.138978854443631	0.22139460705288316	-0.301580250913098	0.2801067540824687	-0.07854335377058563	0.10592127220381194	-0.10331244488873655	0.09087294398549929	-0.0866231267140737	0.10055621539847308	-0.11435638610909352	0.08808752949425838	-0.06771836676510873	0.06367316764658706
-0.08863388059476267	0.09796964588850185	-0.09003295005950095	0.0814795174792984	-0.06968829837801009	0.0867224235548414	-0.13319270218640278	0.10253232384988654	-0.09818723964000829	0.09574900143068699	-0.7563266170033552	0.2229556841043619	-0.22445044291472058	0.12742109936393767	-0.15273836824455667	1.0000000000000038	-0.23137459332120383	0.17888314969912872	-0.1128346785594386	0.12080001828451302	-0.3830011428627718	0.22728580112715735	-0.21840544079387672	0.15954586605130852	-0.14085006592735175	0.15702161253632052	-0.14771992505805615	0.12602503416723795	-0.07902545461744608	0.0716946391907606	-0.19441467866785336	0.14058794964823926	-0.10420337238895559	0.06349527654079445	-0.05841804390768586
0.053331363345978225	-0.1218850294633826	0.10007573707469332	-0.08872563297117633	0.07303020301416106	-0.05563511488324333	0.162232202084932	-0.12494709021117253	0.1051974673225606	-0.10342093426524498	0.22332324561026543	-0.706699213658372	0.3004766093345683	-0.1408644734787241	0.14192419263649916	-0.23137459332120383	1.000000000000006	-0.5062461794983889	0.12111244153544519	-0.12128579134054193	0.1511436879724265	-0.1967686266493901	0.22510377550105096	-0.17200638217639477	0.12734335429494673	-0.08249475249726083	0.1111679493416479	-0.10264030151074721	0.06557813227030526	-0.06040565229403249	0.09873028774065905	-0.10831270498116315	0.08058957125024188	-0.05191373312344255	0.04723183744420251
-0.04942385738097873	0.10832745428073663	-0.10493955108138085	0.09446816524840386	-0.08047927993110061	0.05025278515948731	-0.15061887152414583	0.12925989678607894	-0.12120010598288938	0.11395740119059958	-0.19636442213602334	0.29206023319764085	-0.6064743022574309	0.17595709564753043	-0.1704571317908334	0.17888314969912872	-0.5062461794983889	1.0000000000000056	-0.16958444738997588	0.14700000465141078	-0.1527300677770365	0.17795426924920044	-0.4471964694708943	0.21987361790445864	-0.1578819927679216	0.08454198841432704	-0.12257854006700818	0.1181182606232397	-0.07750115297218456	0.07026143216892543	-0.1048348440792122	0.11674670208795276	-0.09296094310424143	0.05991150420847833	-0.05492976595620955
0.039608104121070076	-0.09532908527213613	0.10657497923684658	-0.11916116802214605	0.10348323462432009	-0.039838935068670554	0.1249313222120944	-0.1344619717046907	0.18772099832159536	-0.1683519349237235	0.12207139393707162	-0.12205621701803485	0.19509957113838466	-0.6197361358362892	0.26685953496508563	-0.1128346785594386	0.12111244153544519	-0.16958444738997588	1.000000000000004	-0.4332382436689845	0.10495972205795312	-0.11449137828827677	0.22291570069550762	-0.5094393876465096	0.272254796185908	-0.06143667617009014	0.08809452437953988	-0.08752776555866201	0.0853653016835541	-0.0785009314524316	0.07862738309455597	-0.09080894070809739	0.07342884078278977	-0.05968797487558543	0.055858792965982576
-0.042690842533638335	0.09792137202113506	-0.10998811545333546	0.11984238373270852	-0.1088883855624829	0.04261044462328764	-0.13271383267420211	0.12716384031143865	-0.1710929575666081	0.16378929783979648	-0.13529720747457072	0.12124124893376274	-0.19426856310043178	0.2676645816465899	-0.4041539538994039	0.12080001828451302	-0.12128579134054193	0.14700000465141078	-0.4332382436689845	1.0000000000000095	-0.11472307469767885	0.11924426906354235	-0.21702575785191205	0.2828669095299614	-0.6902208095758169	0.0676110861001011	-0.09595546660346588	0.09391306859883225	-0.10099914589848386	0.0980710449446607	-0.08800907224907044	0.0994967965362995	-0.08168580831003705	0.06921781464899088	-0.06994861058368557
0.04283217100785183	-0.0708191629361768	0.06758883660946406	-0.06741016356323207	0.057028498823063774	-0.04310575143601667	0.0933708126379296	-0.07942955258873184	0.08124785391188367	-0.08082280936201379	0.22989452320075673	-0.14847403896225495	0.16048181259821018	-0.11726037230812579	0.13108264422266436	-0.3830011428627718	0.1511436879724265	-0.1527300677770365	0.10495972205795312	-0.11472307469767885	1.0000000000000062	-0.6242522807819599	0.21954579656490597	-0.16951448588250811	0.12874483977776358	-0.41424215811030524	0.23040173635813985	-0.19953417928151024	0.09891050521679502	-0.09115481117009916	0.27398642355279307	-0.2224855224566777	0.14673824248613657	-0.0837197434688852	0.07383198986763893
-0.04337961231718945	0.07387337476454332	-0.07135073931463541	0.06933090633101487	-0.05938539356864131	0.04324511006166333	-0.09996321641299988	0.08359503791954745	-0.08580447277130875	0.08379640385413127	-0.22500643431021336	0.16023676856585686	-0.18662853126082288	0.12230506671618803	-0.138978854443631	0.22728580112715735	-0.1967686266493901	0.17795426924920044	-0.11449137828827677	0.11924426906354235	-0.6242522807819599	1.0000000000000053	-0.3469272272400714	0.18124975302454133	-0.14003973374942333	0.21761572118992956	-0.44124302711538327	0.23296734143498632	-0.11527916675069333	0.09953149020532945	-0.26380146943484434	0.2260060979249755	-0.1799597864785452	0.09365732718064082	-0.08475097916413785
0.05231072544664889	-0.11007559527494955	0.10898599378515252	-0.11335974004999771	0.09559928876312275	-0.05309329706789346	0.14356114174425896	-0.13217828510059204	0.1418490744376405	-0.13973808635286888	0.20432639849119674	-0.21877998278415714	0.2834607463913508	-0.23508925988778115	0.22139460705288316	-0.21840544079387672	0.22510377550105096	-0.4471964694708943	0.22291570069550762	-0.21702575785191205	0.21954579656490597	-0.3469272272400714	1.000000000000003	-0.503203697245445	0.2276744128212886	-0.12854801238280927	0.20810462966575122	-0.2460663443609781	0.13300486929908054	-0.12158534372896193	0.15151843108107893	-0.2057674629317156	0.16071197931521808	-0.10421492621898017	0.09240743245498118
-0.049907049490250446	0.10835049891856073	-0.11790463438962757	0.12078894000961977	-0.10849858680357256	0.049808257933095984	-0.14831255110187963	0.13748166617752774	-0.17553849968322668	0.15765668064175162	-0.17795278127077213	0.16235700952164314	-0.2698478319365407	0.2810425675914741	-0.301580250913098	0.15954586605130852	-0.17200638217639477	0.21987361790445864	-0.5094393876465096	0.2828669095299614	-0.16951448588250811	0.18124975302454133	-0.503203697245445	1.0000000000000049	-0.40055440989804475	0.09652117250506913	-0.14570920434160256	0.14416083447595301	-0.15697404647807126	0.12680292194817191	-0.12553697696676785	0.1408741707907805	-0.12127597172754437	0.09810760822240373	-0.09204941680358271
0.04443385327882503	-0.09928416136736837	0.106007671513205	-0.12114015043350848	0.10333238720057297	-0.0447011377827324	0.12933265241184919	-0.1261267492357419	0.15353037574512626	-0.15602861260779186	0.14849516074994856	-0.13009702062868306	0.19292882862125127	-0.2660119435230618	0.2801067540824687	-0.14085006592735175	0.12734335429494673	-0.1578819927679216	0.272254796185908	-0.6902208095758169	0.12874483977776358	-0.14003973374942333	0.2276744128212886	-0.40055440989804475	1.0000000000000069	-0.0777715087549376	0.11240984418916981	-0.11384597441054646	0.12908855664526275	-0.14630759864052548	0.09912012663914002	-0.12405794836472245	0.09833896642958646	-0.09125411462462527	0.09040359675323952
-0.024381291225854605	0.040770740607067625	-0.03945272473669511	0.0393460337188135	-0.033500693454886626	0.024398637728629168	-0.05422173959746247	0.04609175417788042	-0.047708815929958105	0.04731620639053132	-0.12684750776375897	0.08033208893545388	-0.09399852996820324	0.06806754507168992	-0.07854335377058563	0.15702161253632052	-0.08249475249726083	0.08454198841432704	-0.06143667617009014	0.0676110861001011	-0.41424215811030524	0.21761572118992956	-0.12854801238280927	0.09652117250506913	-0.0777715087549376	1.0000000000000049	-0.16527544432457608	0.12348696852366517	-0.06413505001410706	0.057612561560914856	-0.8431485496058846	0.14740424060086588	-0.10231908516885725	0.0544710681161827	-0.0488857536143439
0.02915439602482469	-0.052697246970778246	0.05171774072709442	-0.05193628341223281	0.044400409595598433	-0.02920288745896801	0.07032515964859995	-0.060799802884139324	0.06412767792303938	-0.06317011964837006	0.13745905788866458	-0.10421835092351288	0.1268879738503868	-0.09437547694620081	0.10592127220381194	-0.14771992505805615	0.1111679493416479	-0.12257854006700818	0.08809452437953988	-0.09595546660346588	0.23040173635813985	-0.44124302711538327	0.20810462966575122	-0.14570920434160256	0.11240984418916981	-0.16527544432457608	1.0000000000000049	-0.6311207433455208	0.15766364531788002	-0.13919778914416303	0.17125642094553215	-0.4678843083290756	0.29026557919749885	-0.13768977514365785	0.11578977469274843
-0.027479400831210886	0.04982401206349594	-0.049472889361860395	0.04947595809639715	-0.042577578468356636	0.027428164355349453	-0.067029821472892	0.05797277708783446	-0.06191056383351782	0.06053132228776512	-0.1284583409361142	0.09491176178622622	-0.12466682013558826	0.09107781010310918	-0.10331244488873655	0.12602503416723795	-0.10264030151074721	0.1181182606232397	-0.08752776555866201	0.09391306859883225	-0.19953417928151024	0.23296734143498632	-0.2460663443609781	0.14416083447595301	-0.11384597441054646	0.12348696852366517	-0.6311207433455208	1.000000000000005	-0.24227977404851456	0.16481962943869963	-0.15421737593807172	0.3203005428013166	-0.5442526787344146	0.17292610756292182	-0.15123964613318125
0.019524709062268913	-0.03827719990062242	0.03933340563454507	-0.040950875498308226	0.035448863826644056	-0.019525233489520084	0.051216897741034044	-0.04611806558006496	0.052498448550720125	-0.05126093796602349	0.08112733705326207	-0.06347534089022597	0.08878437690764632	-0.08174056802306447	0.09087294398549929	-0.07902545461744608	0.06557813227030526	-0.07750115297218456	0.0853653016835541	-0.10099914589848386	0.09891050521679502	-0.11527916675069333	0.13300486929908054	-0.15697404647807126	0.12908855664526275	-0.06413505001410706	0.15766364531788002	-0.24227977404851456	1.0000000000000038	-0.7415045727595515	0.07982535228869694	-0.19140416371022628	0.1925590430517352	-0.47467772477683384	0.3089956024603626
-0.018224592191728232	0.03558119784890604	-0.036742644164683994	0.03809053511905535	-0.03314318608642105	0.018187208133239135	-0.04786488885866311	0.0428765605666507	-0.04902464567922517	0.04777680798843209	-0.0758073662368828	0.058197162970809985	-0.08297278511001532	0.07472791367948034	-0.0866231267140737	0.0716946391907606	-0.06040565229403249	0.07026143216892543	-0.0785009314524316	0.0980710449446607	-0.09115481117009916	0.09953149020532945	-0.12158534372896193	0.12680292194817191	-0.14630759864052548	0.057612561560914856	-0.13919778914416303	0.16481962943869963	-0.7415045727595515	1.000000000000004	-0.07391225082122332	0.15003181671476076	-0.1674633917518343	0.3084634130530337	-0.5259676882720024
0.029386198518751405	-0.05148089248001735	0.049865175029763835	-0.05075257136760283	0.042966472558305234	-0.029603703580332	0.06768835489177816	-0.05852936016014895	0.060961311958581885	-0.06097901978670226	0.1428100324040253	-0.09907539246338375	0.11439112951187198	-0.08826533981131018	0.10055621539847308	-0.19441467866785336	0.09873028774065905	-0.1048348440792122	0.07862738309455597	-0.08800907224907044	0.27398642355279307	-0.26380146943484434	0.15151843108107893	-0.12553697696676785	0.09912012663914002	-0.8431485496058846	0.17125642094553215	-0.15421737593807172	0.07982535228869694	-0.07391225082122332	1.0000000000000038	-0.20450198645653633	0.12484081935086641	-0.06914968798169509	0.061021962689636264
-0.031082739053462927	0.054432425350368296	-0.05418472276409884	0.05366101082241467	-0.0464695687257073	0.030883281022235545	-0.07378557912508009	0.06289806853327413	-0.06708233161732025	0.06552992272812237	-0.14940499487492437	0.10134571265584033	-0.13437743509855754	0.09558798646661504	-0.11435638610909352	0.14058794964823926	-0.10831270498116315	0.11674670208795276	-0.09080894070809739	0.0994967965362995	-0.2224855224566777	0.2260060979249755	-0.2057674629317156	0.1408741707907805	-0.12405794836472245	0.14740424060086588	-0.4678843083290756	0.3203005428013166	-0.19140416371022628	0.15003181671476076	-0.20450198645653633	1.0000000000000036	-0.6868909334879467	0.18495865182093882	-0.1777571529878967
0.022712748733619115	-0.04169785125910032	0.04153175343056309	-0.04204887224970843	0.03612465548368653	-0.022703768561632497	0.05581108340803026	-0.04865932452606148	0.052330684297788296	-0.051472669264830496	0.10357524108809496	-0.07697756304993164	0.10019793667443985	-0.07744681787304201	0.08808752949425838	-0.10420337238895559	0.08058957125024188	-0.09296094310424143	0.07342884078278977	-0.08168580831003705	0.14673824248613657	-0.1799597864785452	0.16071197931521808	-0.12127597172754437	0.09833896642958646	-0.10231908516885725	0.29026557919749885	-0.5442526787344146	0.1925590430517352	-0.1674633917518343	0.12484081935086641	-0.6868909334879467	1.0000000000000038	-0.2727502777420622	0.1788139990087233
-0.015320882205724314	0.029204154586443643	-0.029799064213056378	0.03057042973560798	-0.02651558592368033	0.01529155709798981	-0.03927425822158962	0.034787098867643904	-0.03895493513450598	0.038019350177798186	-0.06601656505255692	0.049809769898273515	-0.06916139497231492	0.05860069811093954	-0.06771836676510873	0.06349527654079445	-0.05191373312344255	0.05991150420847833	-0.05968797487558543	0.06921781464899088	-0.0837197434688852	0.09365732718064082	-0.10421492621898017	0.09810760822240373	-0.09125411462462527	0.0544710681161827	-0.13768977514365785	0.17292610756292182	-0.47467772477683384	0.3084634130530337	-0.06914968798169509	0.18495865182093882	-0.2727502777420622	1.0000000000000033	-0.7560176752987559
0.014137021312606447	-0.027288737091790357	0.02786690084075296	-0.028920270280658886	0.02498741868266517	-0.014133054081947262	0.036505888761106844	-0.03261548968421195	0.036630787017293505	-0.03599026661199089	0.05979968087043743	-0.045778558445572395	0.063161736212556	-0.055880750620302934	0.06367316764658706	-0.05841804390768586	0.04723183744420251	-0.05492976595620955	0.055858792965982576	-0.06994861058368557	0.07383198986763893	-0.08475097916413785	0.09240743245498118	-0.09204941680358271	0.09040359675323952	-0.0488857536143439	0.11578977469274843	-0.15123964613318125	0.3089956024603626	-0.5259676882720024	0.061021962689636264	-0.1777571529878967	0.1788139990087233	-0.7560176752987559	1.0000000000000036
