1.0	-0.6251225650560683	0.20547918601625323	-0.20711637072478772	0.1722658078462515	-0.6427927516822017	0.25459602952612975	-0.19253363549863262	0.15665070664826236	-0.14948259258804827	0.23718788709184452	-0.19091100122647492	0.15812152210172986	-0.15071021028026338	0.15436215028302405	-0.13059994556965346	0.15652163548527961	-0.12181570721029189	0.12579812747734562	-0.055856464071404294	0.14008019641993077	-0.11640513365160922	0.1354878984440046	-0.10584987615424178	0.06467370877795883	-0.08615201673432266	0.08514588757724376	-0.12275100883940356	0.09828868192830136	-0.13643336050679544	0.08494181490569523	-0.08336495908473336	0.07564709612743027	-0.08482439143172696	0.09279596107495107	-0.09684453662968791	0.07149804316109827	-0.08378035544294103	0.07320654784200625	-0.07123317283758619	0.07589958170575306	-0.05364745431995581	0.08608138085107278	-0.06717668398016056	0.05480785083203393
-0.6251225650560683	0.9999999999999996	-0.3879436560670453	0.2565286587810658	-0.2420336703866809	0.31377015257045743	-0.38378264655013467	0.24900167447745997	-0.2140272334179474	0.18984439649921542	-0.29418647498059075	0.22895527539976243	-0.2112466938060187	0.19057645420507452	-0.21091464892991474	0.15802583801849884	-0.20628992668421958	0.15550727854739757	-0.16460085410412661	0.07393091181451275	-0.18038058526587877	0.1386799709102242	-0.17779992980109505	0.13303938983587427	-0.08687304989413076	0.10491448198269676	-0.10341421933400151	0.1464726409478236	-0.12378442315391062	0.16250252978868077	-0.10617820324734717	0.10033757565324793	-0.09184408583911431	0.1042378787848619	-0.11532463024621482	0.11625081672017798	-0.08693305015263991	0.10085569600938545	-0.09017350283273126	0.08665579292983136	-0.09411099688462525	0.0660233528404406	-0.10710795218223366	0.08164054244556976	-0.06736475967907564
0.20547918601625323	-0.3879436560670453	1.0	-0.6796363929930156	0.22657315840981263	-0.20955029198077138	0.2553798151770843	-0.45768195297514336	0.2578901100530758	-0.20930577543342874	0.19802637309751464	-0.2081610565708208	0.20807548698041609	-0.20962692598456673	0.19251269332850188	-0.12196048232961688	0.16182949976226865	-0.13884505975498335	0.14791459366870674	-0.06720808003983307	0.1384355977061232	-0.11765697051182343	0.1498661162450281	-0.12057858140079511	0.07697323243036445	-0.08594648166427671	0.0870963689860914	-0.12665285311773114	0.10794087254915369	-0.1457600917594656	0.08618134801526116	-0.08550221597346894	0.07857135474905023	-0.09157059900509228	0.09942978499274618	-0.0990311210774138	0.07373214244194522	-0.0867824968399057	0.07801430768506494	-0.07567809183884439	0.07883991275249368	-0.05562381086973298	0.08968992500679299	-0.07121984828493663	0.058224850482080384
-0.20711637072478772	0.2565286587810658	-0.6796363929930156	1.0000000000000002	-0.36054264390960195	0.19747970174047275	-0.2595982677617233	0.2908067289639761	-0.3706522876652846	0.24368650615670093	-0.23569167703399435	0.21116600990605744	-0.2328141775626606	0.23037728446384687	-0.2509484577820181	0.14141156761139953	-0.1916537424110241	0.15862477945395992	-0.17794687341860949	0.08403370703198657	-0.16617185873481158	0.13518546849950577	-0.18024139300606704	0.13963000167428466	-0.0981131283664162	0.10029538792964772	-0.10127223912459139	0.1454445759986569	-0.12787196782044372	0.16691087123458803	-0.10208791499356196	0.09908089315127626	-0.09140196467499627	0.10658685377233502	-0.11740817341070064	0.11487979596827527	-0.0860190161031439	0.10049379012740678	-0.09149400595534957	0.08801745756227526	-0.09327385699661693	0.0654783570402185	-0.10632670708558913	0.08279395747593721	-0.06825933481029854
0.1722658078462515	-0.2420336703866809	0.22657315840981263	-0.36054264390960195	1.0000000000000002	-0.20270546794431638	0.20964115273189396	-0.22624536212521304	0.24965865358373132	-0.47355214307236654	0.23747061977324319	-0.21145986359256738	0.2033671244997063	-0.2305201884025627	0.2992570120769236	-0.15472620587805694	0.20006885736551328	-0.17045512584868255	0.18858354642299874	-0.11057416547588676	0.19156735387962265	-0.1821467457360186	0.19885984731430167	-0.16577586529262175	0.12383380006342594	-0.1302324475896416	0.13552398527084944	-0.20162315845642423	0.16134867338313774	-0.24921658665099355	0.13236415883351527	-0.1382850401970133	0.12587517935596598	-0.1432328125677075	0.16078550697896718	-0.16523519101688014	0.11985959088522358	-0.1416446098674101	0.12517239430004967	-0.12443938796241398	0.13085780347297332	-0.09216634894527895	0.1489329145184868	-0.11734725083313394	0.09543177622022078
-0.6427927516822017	0.31377015257045743	-0.20955029198077138	0.19747970174047275	-0.20270546794431638	1.0	-0.4134677540715256	0.21736781696469543	-0.1853944352191218	0.16867141852353668	-0.42500800364143265	0.2343518363406345	-0.1976503526419487	0.17573457681504281	-0.18555883489414512	0.1781727780786932	-0.2106703490313676	0.1511863684642168	-0.1546191281547524	0.06629234507847272	-0.1879435322739946	0.13950815184286317	-0.169675764172565	0.12683358361735264	-0.07743928483596912	0.10622274205713667	-0.10264632873707331	0.1447934695692956	-0.11760622962650717	0.15701630327033786	-0.1052477968178466	0.09893216829417532	-0.08981615403682651	0.10005653984199582	-0.1097393826852136	0.11433423767956902	-0.085081372238884	0.09877372044654627	-0.08651625897088712	0.08342218820183851	-0.09073796699622352	0.06391747354865966	-0.10295765281058247	0.07868403436735098	-0.06455510296177507
0.25459602952612975	-0.38378264655013467	0.2553798151770843	-0.2595982677617233	0.20964115273189396	-0.4134677540715256	0.9999999999999997	-0.5104146966349669	0.2476971456329675	-0.21155269947705868	0.2610319721665554	-0.48102999063906776	0.27438974570306046	-0.24310777854943458	0.20221924245687317	-0.16265781050810083	0.21568694788369966	-0.1749214826533469	0.173426842965504	-0.07225744880589936	0.1695489269237163	-0.1428358102768245	0.1791073687892671	-0.1427529743235071	0.08241358232607578	-0.10434994825115168	0.10433853498281226	-0.1515792349272085	0.12571034199062722	-0.16978374441951422	0.10252094487288142	-0.10162443871657137	0.09293298792759246	-0.1071499262943504	0.11495748642353106	-0.11700830357788745	0.08702928696395967	-0.10259758803678913	0.09088555661372769	-0.08821433283326023	0.0917116936501884	-0.06495225060625559	0.10409069120795356	-0.08307031631312065	0.0676150599125428
-0.19253363549863262	0.24900167447745997	-0.45768195297514336	0.2908067289639761	-0.22624536212521304	0.21736781696469543	-0.5104146966349669	0.9999999999999993	-0.46761847314193244	0.23034913303645532	-0.22376136313986833	0.2724005163589465	-0.37325815307538646	0.26945635167812876	-0.22509341477227357	0.13927554223016758	-0.1945854888115587	0.17090250953205074	-0.18138160234407968	0.07525244156877504	-0.15464278579899754	0.1280222743543763	-0.17823703875124225	0.1392473237624217	-0.08629695834294163	0.0936440337920027	-0.09486627086845924	0.1373895176597855	-0.12120612518021619	0.15634315755190237	-0.09366919030727476	0.09217401298818687	-0.08515470585445126	0.1005595153305199	-0.10802680818127404	0.10590432777575134	-0.07944483795457839	0.09352286100265823	-0.08490263203764942	0.08174890007695725	-0.08452282404809536	0.05966242546987735	-0.09618798485927113	0.07685859325956824	-0.06291776944662193
0.15665070664826236	-0.2140272334179474	0.2578901100530758	-0.3706522876652846	0.24965865358373132	-0.1853944352191218	0.2476971456329675	-0.46761847314193244	0.9999999999999991	-0.4550952024897782	0.20205408783648443	-0.24165525680742359	0.2729347690525538	-0.5204785027787011	0.2708277005858487	-0.13321698698002327	0.1816520761610183	-0.1742622559716156	0.2026422384144012	-0.08860904191638032	0.15024815031280128	-0.132330307503212	0.17777692458851324	-0.15828826173817842	0.0983257307565168	-0.09503246718182386	0.0979920895696989	-0.14431867195482934	0.13019493025985657	-0.1706224846734051	0.09507972217531371	-0.09623716199816161	0.08928992835962664	-0.10879593515005534	0.1149250240022968	-0.11064055049153915	0.0828779409171802	-0.0984714266387206	0.09039122836466151	-0.0875796121269906	0.08787717502320062	-0.062179469717813914	0.10006285727979593	-0.08225778107623281	0.06696200881617262
-0.14948259258804827	0.18984439649921542	-0.20930577543342874	0.24368650615670093	-0.47355214307236654	0.16867141852353668	-0.21155269947705868	0.23034913303645532	-0.4550952024897782	1.0000000000000004	-0.21096429056289176	0.19823913329771153	-0.2205286098538689	0.2619446942901255	-0.5955091190034202	0.1351828767000419	-0.1837710229551648	0.1599032638567921	-0.18904951699481937	0.14396458117254668	-0.1619981722015677	0.14042584856297177	-0.18222133439137445	0.14957422114994393	-0.16576240644304924	0.10213911009429986	-0.10515953307929667	0.15348233599985653	-0.13651177426296776	0.18339771366867363	-0.10394805409400158	0.10419113840823709	-0.09636117290874151	0.1143004715598159	-0.1256985458139159	0.12134228736067795	-0.09040906990995339	0.10652452480478744	-0.09774294285934017	0.09472193950286048	-0.09780302262092525	0.06882681670339086	-0.11152824561675619	0.08901974771282148	-0.0730838311470475
0.23718788709184452	-0.29418647498059075	0.19802637309751464	-0.23569167703399435	0.23747061977324319	-0.42500800364143265	0.2610319721665554	-0.22376136313986833	0.20205408783648443	-0.21096429056289176	0.9999999999999994	-0.3548544231687042	0.23379628658921153	-0.22602966510709765	0.2187776830452512	-0.4603795021145313	0.29628443397385884	-0.21725532563197103	0.2028506312314812	-0.08355324005659635	0.28545150398754954	-0.24264067948946105	0.226851391428537	-0.18133888448332033	0.09584611993906839	-0.18240284040774654	0.16857434199364432	-0.2419026573042605	0.16989073040031832	-0.24971692381386587	0.16422713674060527	-0.16360020355430677	0.14443909815650385	-0.15212355026225613	0.1637119155692135	-0.18955933686351922	0.1372003103430992	-0.16117126785474303	0.13208893422093973	-0.12983368357490707	0.1399409189873655	-0.10012551479479063	0.15728266350191683	-0.12289381572374344	0.09879689504405698
-0.19091100122647492	0.22895527539976243	-0.2081610565708208	0.21116600990605744	-0.21145986359256738	0.2343518363406345	-0.48102999063906776	0.2724005163589465	-0.24165525680742359	0.19823913329771153	-0.3548544231687042	0.9999999999999989	-0.5525594829594047	0.266286839069662	-0.22004512595652223	0.2145315810518859	-0.38104695315485315	0.2325115591854612	-0.21702494374843428	0.07761379463286137	-0.21314323428540646	0.16185780710079303	-0.23082867250950437	0.16630123458197255	-0.08922523466525924	0.12031812304536713	-0.11847549621132973	0.1691977623312315	-0.14437512512004516	0.18360443350772018	-0.11768703732841526	0.11303002852421798	-0.10373760344036982	0.11953787216130383	-0.12742501480796728	0.12883017400003235	-0.0967748128446341	0.11346921169213979	-0.10099600300336589	0.09690096508220497	-0.10149050765861495	0.0718291093302764	-0.11517931576875974	0.09120549958101598	-0.07450952702825445
0.15812152210172986	-0.2112466938060187	0.20807548698041609	-0.2328141775626606	0.2033671244997063	-0.1976503526419487	0.27438974570306046	-0.37325815307538646	0.2729347690525538	-0.2205286098538689	0.23379628658921153	-0.5525594829594047	0.9999999999999976	-0.5211909062164293	0.22063411649654113	-0.16788658799371423	0.24280748281161227	-0.31099533579483263	0.23719760166582876	-0.07937286239483461	0.17272177651704315	-0.15211884882984836	0.2268452912781536	-0.18420894446151265	0.0882809522581448	-0.10790495717818747	0.11111038892285878	-0.16429998384105685	0.1452566154546899	-0.18587840736187988	0.10591339124277682	-0.10735771578482832	0.09966839288272364	-0.12082472883522895	0.1249716513347471	-0.12179128595365495	0.09177207984043902	-0.10937155545678656	0.09923485450130703	-0.09583405595954998	0.0956104571896153	-0.06792823375253347	0.10868029904183615	-0.090031684911422	0.07298660363586473
-0.15071021028026338	0.19057645420507452	-0.20962692598456673	0.23037728446384687	-0.2305201884025627	0.17573457681504281	-0.24310777854943458	0.26945635167812876	-0.5204785027787011	0.2619446942901255	-0.22602966510709765	0.266286839069662	-0.5211909062164293	0.9999999999999964	-0.332353130818235	0.15233182052090896	-0.2230265155710041	0.23068115350009943	-0.37288258298705357	0.09840460397710893	-0.17053353653150619	0.14647664330312063	-0.23081777387922628	0.2045178749460751	-0.10930603925394877	0.10506591636907846	-0.10933038025261267	0.16044852808440166	-0.16235211286939014	0.18877622779496417	-0.10539585172874145	0.10601572694147568	-0.09978426112069237	0.12638677149733685	-0.131184736734101	0.12044564965754956	-0.0914878259038173	0.10889964653890995	-0.10325411072019926	0.09824238338612369	-0.09654141757031123	0.06831528223938749	-0.11011776352147074	0.0920227213670453	-0.07527295858156383
0.15436215028302405	-0.21091464892991474	0.19251269332850188	-0.2509484577820181	0.2992570120769236	-0.18555883489414512	0.20221924245687317	-0.22509341477227357	0.2708277005858487	-0.5955091190034202	0.2187776830452512	-0.22004512595652223	0.22063411649654113	-0.332353130818235	0.999999999999998	-0.1470591546378429	0.19292174431138678	-0.1767597364915567	0.20165955496516924	-0.2883576179799605	0.17647221156231688	-0.16928780540866403	0.1957916947470967	-0.17647735831156688	0.21831761934005856	-0.11949189533324062	0.12532995441039368	-0.18785623815534977	0.1581833992931901	-0.2355518521209321	0.12030625454505472	-0.1265301096585001	0.11633970907731048	-0.13836894807488387	0.15028162335860915	-0.14853197467392287	0.10907074966855188	-0.13027592734980928	0.11754059342802721	-0.11650047820837998	0.1165640907122625	-0.08256172311795959	0.1326363184462574	-0.10957481642849087	0.0886243971104709
-0.13059994556965346	0.15802583801849884	-0.12196048232961688	0.14141156761139953	-0.15472620587805694	0.1781727780786932	-0.16265781050810083	0.13927554223016758	-0.13321698698002327	0.1351828767000419	-0.4603795021145313	0.2145315810518859	-0.16788658799371423	0.15233182052090896	-0.1470591546378429	0.9999999999999923	-0.5442591666360749	0.20113095469658276	-0.16454720959629363	0.056698561237379076	-0.5847702761891543	0.19842110079925576	-0.20033742128690918	0.13864856917726637	-0.06530440605927391	0.17056536902350794	-0.13977449353211963	0.17981591568347527	-0.1256635742213156	0.16950419593582597	-0.1530972342294162	0.12411088476055768	-0.108498817226399	0.10960798033581752	-0.1165497380042397	0.13988802898755848	-0.10411444484901268	0.11808426414473752	-0.09508865576822889	0.0914279532621075	-0.10511453497850176	0.07474981729539894	-0.11776503141615485	0.0867102415368619	-0.07019208958188297
0.15652163548527961	-0.20628992668421958	0.16182949976226865	-0.1916537424110241	0.20006885736551328	-0.2106703490313676	0.21568694788369966	-0.1945854888115587	0.1816520761610183	-0.1837710229551648	0.29628443397385884	-0.38104695315485315	0.24280748281161227	-0.2230265155710041	0.19292174431138678	-0.5442591666360749	0.9999999999999997	-0.42894744479644464	0.23268303323527384	-0.07577726061712022	0.2854865018251704	-0.23105313776987765	0.2695017824412113	-0.2017678169638981	0.08607208093134457	-0.1702844462835764	0.15909281318712876	-0.22982846752066727	0.16796833627989521	-0.22896053698392058	0.15181236527059533	-0.15003040746048438	0.13441687962290946	-0.1464798914949468	0.1518834038088802	-0.16899343091813993	0.12535159185978498	-0.14806433952622153	0.12326418423326782	-0.11979231201594609	0.1261635238961159	-0.0904056781504115	0.14205203691020893	-0.11315771523662939	0.09090769624328299
-0.12181570721029189	0.15550727854739757	-0.13884505975498335	0.15862477945395992	-0.17045512584868255	0.1511863684642168	-0.1749214826533469	0.17090250953205074	-0.1742622559716156	0.1599032638567921	-0.21725532563197103	0.2325115591854612	-0.31099533579483263	0.23068115350009943	-0.1767597364915567	0.20113095469658276	-0.42894744479644464	0.9999999999999932	-0.45996461640906794	0.071644624662204	-0.2012326222963772	0.1772890217451153	-0.6133143757839802	0.2604263815970948	-0.08114301419387783	0.11980081638521795	-0.13079566952187843	0.19323223842611398	-0.18536745685403913	0.20308281033242417	-0.11755668689835183	0.11962889319835311	-0.11454318512782365	0.1420476216633489	-0.14067004428262178	0.13100981418586533	-0.10210281742054372	0.1219420478280725	-0.11298059051490525	0.10647391349683726	-0.10409128449942107	0.07413577529156178	-0.1185462302773477	0.09978300462316954	-0.0810155782852521
0.12579812747734562	-0.16460085410412661	0.14791459366870674	-0.17794687341860949	0.18858354642299874	-0.1546191281547524	0.173426842965504	-0.18138160234407968	0.2026422384144012	-0.18904951699481937	0.2028506312314812	-0.21702494374843428	0.23719760166582876	-0.37288258298705357	0.20165955496516924	-0.16454720959629363	0.23268303323527384	-0.45996461640906794	0.9999999999999976	-0.09320564349930187	0.17827377195748415	-0.17689270855124536	0.3056800864153344	-0.5858630701495348	0.10056331851695087	-0.11963986422014848	0.13207608214830133	-0.20504241851736768	0.254244240831762	-0.27023829481143885	0.11904094402479425	-0.12891142991459317	0.12597878861973333	-0.19737807887100836	0.1751629215894222	-0.14193257878074433	0.1105637669029559	-0.13697594214027198	0.1403475419001964	-0.13364830093141425	0.1129374805775377	-0.08082943876819218	0.12931024468735805	-0.1244158100066696	0.09935065773097082
-0.055856464071404294	0.07393091181451275	-0.06720808003983307	0.08403370703198657	-0.11057416547588676	0.06629234507847272	-0.07225744880589936	0.07525244156877504	-0.08860904191638032	0.14396458117254668	-0.08355324005659635	0.07761379463286137	-0.07937286239483461	0.09840460397710893	-0.2883576179799605	0.056698561237379076	-0.07577726061712022	0.071644624662204	-0.09320564349930187	0.999999999999995	-0.06906797206623791	0.06529691422431996	-0.0833512363505195	0.08447091466532594	-0.9241420014226854	0.04620782866222231	-0.04896461968136422	0.07319935255465099	-0.07114622348335876	0.09525539363194464	-0.04694458416776625	0.049192580713352016	-0.04600880772873922	0.05801422009376157	-0.06285531677797637	0.057170523413521454	-0.042629621879455286	0.051048009416983	-0.04843063688956367	0.04710884089166301	-0.045654126196229924	0.03228890921900503	-0.05212902083810427	0.04409876496521699	-0.036056708800315924
0.14008019641993077	-0.18038058526587877	0.1384355977061232	-0.16617185873481158	0.19156735387962265	-0.1879435322739946	0.1695489269237163	-0.15464278579899754	0.15024815031280128	-0.1619981722015677	0.28545150398754954	-0.21314323428540646	0.17272177651704315	-0.17053353653150619	0.17647221156231688	-0.5847702761891543	0.2854865018251704	-0.2012326222963772	0.17827377195748415	-0.06906797206623791	0.9999999999999956	-0.36837691361489666	0.21481169291572635	-0.1644669847252249	0.07982926304255993	-0.3557488587115872	0.2246538461256451	-0.2752841952365717	0.16032914970887718	-0.22814968764874619	0.23718378118595423	-0.1941949389798856	0.1617670856826164	-0.14666470914781998	0.15664220258451156	-0.21697482234479268	0.15786731681828253	-0.17671732955107308	0.13074268243496076	-0.12593494947894274	0.15368142928413098	-0.11037253387451061	0.17037218079746172	-0.12014230770944552	0.09656163978268523
-0.11640513365160922	0.1386799709102242	-0.11765697051182343	0.13518546849950577	-0.1821467457360186	0.13950815184286317	-0.1428358102768245	0.1280222743543763	-0.132330307503212	0.14042584856297177	-0.24264067948946105	0.16185780710079303	-0.15211884882984836	0.14647664330312063	-0.16928780540866403	0.19842110079925576	-0.23105313776987765	0.1772890217451153	-0.17689270855124536	0.06529691422431996	-0.36837691361489666	0.999999999999993	-0.26644912648893715	0.15980939810623537	-0.07741143690881988	0.23038496393041166	-0.6719392399829471	0.3010564285202863	-0.16947092680059947	0.1983985816845952	-0.24677545578247645	0.24144794690316718	-0.2064072103714509	0.14871893647608345	-0.16561988353868887	0.2128665028026886	-0.2076475726296232	0.19292729707194275	-0.14017203390054342	0.12495410344492439	-0.19328041092059872	0.1351471684944876	-0.21948668294851736	0.12015255521839169	-0.10124919390192327
0.1354878984440046	-0.17779992980109505	0.1498661162450281	-0.18024139300606704	0.19885984731430167	-0.169675764172565	0.1791073687892671	-0.17823703875124225	0.17777692458851324	-0.18222133439137445	0.226851391428537	-0.23082867250950437	0.2268452912781536	-0.23081777387922628	0.1957916947470967	-0.20033742128690918	0.2695017824412113	-0.6133143757839802	0.3056800864153344	-0.0833512363505195	0.21481169291572635	-0.26644912648893715	0.9999999999999942	-0.39719963629004634	0.09394218155164344	-0.15089456357815523	0.1834636143179063	-0.30487261399523513	0.23337146119103977	-0.2799440070980822	0.1479114305021784	-0.16462733242048452	0.15941740536059196	-0.19459596467322104	0.18437366046649978	-0.17391047835543882	0.13810202325661736	-0.16923363680742845	0.15023023599015448	-0.14372763064964453	0.13679352797465483	-0.09830502895356774	0.15582166147927592	-0.13485866853351772	0.1078939087726011
-0.10584987615424178	0.13303938983587427	-0.12057858140079511	0.13963000167428466	-0.16577586529262175	0.12683358361735264	-0.1427529743235071	0.1392473237624217	-0.15828826173817842	0.14957422114994393	-0.18133888448332033	0.16630123458197255	-0.18420894446151265	0.2045178749460751	-0.17647735831156688	0.13864856917726637	-0.2017678169638981	0.2604263815970948	-0.5858630701495348	0.08447091466532594	-0.1644669847252249	0.15980939810623537	-0.39719963629004634	0.9999999999999855	-0.09989489373859978	0.10887296769592021	-0.1257796098298853	0.19265028118951927	-0.5343168113029665	0.25286887413072	-0.11183690260824597	0.12118633687381065	-0.1260274124037676	0.22256177044229056	-0.1994187765017143	0.13087634958074965	-0.10605690684753186	0.13192866413528917	-0.1594288496832684	0.13631229357099908	-0.10903666299931225	0.07764615287023145	-0.12595310378134666	0.12527900228437788	-0.10402072192263195
0.06467370877795883	-0.08687304989413076	0.07697323243036445	-0.0981131283664162	0.12383380006342594	-0.07743928483596912	0.08241358232607578	-0.08629695834294163	0.0983257307565168	-0.16576240644304924	0.09584611993906839	-0.08922523466525924	0.0882809522581448	-0.10930603925394877	0.21831761934005856	-0.06530440605927391	0.08607208093134457	-0.08114301419387783	0.10056331851695087	-0.9241420014226854	0.07982926304255993	-0.07741143690881988	0.09394218155164344	-0.09989489373859978	0.9999999999999891	-0.05440802663213826	0.057818774284377754	-0.08706524254083817	0.08175542298446117	-0.11569404473037022	0.05512914039401387	-0.05845020504371618	0.054448201545774046	-0.06841370082877277	0.07373323800966897	-0.0681792354415588	0.050542542732475014	-0.060714565732326614	0.05696539948707463	-0.055965653131746146	0.05399528882329305	-0.038248926082462484	0.06159401062505898	-0.05243102146993032	0.042606188249606075
-0.08615201673432266	0.10491448198269676	-0.08594648166427671	0.10029538792964772	-0.1302324475896416	0.10622274205713667	-0.10434994825115168	0.0936440337920027	-0.09503246718182386	0.10213911009429986	-0.18240284040774654	0.12031812304536713	-0.10790495717818747	0.10506591636907846	-0.11949189533324062	0.17056536902350794	-0.1702844462835764	0.11980081638521795	-0.11963986422014848	0.04620782866222231	-0.3557488587115872	0.23038496393041166	-0.15089456357815523	0.10887296769592021	-0.05440802663213826	0.9999999999999916	-0.272064683856552	0.21089856037071666	-0.11559931822608746	0.1495553878172872	-0.7961045342423531	0.1908037864650667	-0.14660521524680523	0.1070434086875196	-0.11702366273138623	0.2168672643580088	-0.1626893502345094	0.14945574005663093	-0.10121113810764665	0.09263189659350088	-0.16264031401991458	0.11083839910850188	-0.17432907174337614	0.0899185084199919	-0.07391106905691416
0.08514588757724376	-0.10341421933400151	0.0870963689860914	-0.10127223912459139	0.13552398527084944	-0.10264632873707331	0.10433853498281226	-0.09486627086845924	0.0979920895696989	-0.10515953307929667	0.16857434199364432	-0.11847549621132973	0.11111038892285878	-0.10933038025261267	0.12532995441039368	-0.13977449353211963	0.15909281318712876	-0.13079566952187843	0.13207608214830133	-0.04896461968136422	0.2246538461256451	-0.6719392399829471	0.1834636143179063	-0.1257796098298853	0.057818774284377754	-0.272064683856552	0.9999999999999909	-0.4794520411682	0.13975667604048417	-0.16343444920544967	0.22086127689551668	-0.35898050724534886	0.2205580712506642	-0.1290469282242587	0.1353311614450872	-0.2051855500243095	0.20987024881425143	-0.2043012750296389	0.12134001121346664	-0.10689551140275487	0.1645246958633093	-0.12175205630004148	0.18421654395468198	-0.10327588839486093	0.08495321779318281
-0.12275100883940356	0.1464726409478236	-0.12665285311773114	0.1454445759986569	-0.20162315845642423	0.1447934695692956	-0.1515792349272085	0.1373895176597855	-0.14431867195482934	0.15348233599985653	-0.2419026573042605	0.1691977623312315	-0.16429998384105685	0.16044852808440166	-0.18785623815534977	0.17981591568347527	-0.22982846752066727	0.19323223842611398	-0.20504241851736768	0.07319935255465099	-0.2752841952365717	0.3010564285202863	-0.30487261399523513	0.19265028118951927	-0.08706524254083817	0.21089856037071666	-0.4794520411682	0.9999999999999887	-0.24349398254575508	0.23548003072155188	-0.23927540447958234	0.27627385946487504	-0.4460750917446884	0.19829699661893682	-0.212043056427203	0.23971065136342273	-0.24548190417643304	0.2756549327081474	-0.18762720443524528	0.1573159299609346	-0.22869174234793066	0.16064736264760748	-0.2656153620464246	0.15071187392757157	-0.12821556270243128
0.09828868192830136	-0.12378442315391062	0.10794087254915369	-0.12787196782044372	0.16134867338313774	-0.11760622962650717	0.12571034199062722	-0.12120612518021619	0.13019493025985657	-0.13651177426296776	0.16989073040031832	-0.14437512512004516	0.1452566154546899	-0.16235211286939014	0.1581833992931901	-0.1256635742213156	0.16796833627989521	-0.18536745685403913	0.254244240831762	-0.07114622348335876	0.16032914970887718	-0.16947092680059947	0.23337146119103977	-0.5343168113029665	0.08175542298446117	-0.11559931822608746	0.13975667604048417	-0.24349398254575508	0.9999999999999883	-0.4383645764818879	0.12054393506199486	-0.14331522435904065	0.15910547243480586	-0.5185733454267436	0.27465246053934467	-0.1497266133684417	0.12512839059291228	-0.16814118455379498	0.22623208945738432	-0.19870624396239409	0.12500772651984762	-0.09023205004848386	0.14564669171187794	-0.18142039149110906	0.1425305358865381
-0.13643336050679544	0.16250252978868077	-0.1457600917594656	0.16691087123458803	-0.24921658665099355	0.15701630327033786	-0.16978374441951422	0.15634315755190237	-0.1706224846734051	0.18339771366867363	-0.24971692381386587	0.18360443350772018	-0.18587840736187988	0.18877622779496417	-0.2355518521209321	0.16950419593582597	-0.22896053698392058	0.20308281033242417	-0.27023829481143885	0.09525539363194464	-0.22814968764874619	0.1983985816845952	-0.2799440070980822	0.25286887413072	-0.11569404473037022	0.1495553878172872	-0.16343444920544967	0.23548003072155188	-0.4383645764818879	0.9999999999999871	-0.1627264651253108	0.16827435649593947	-0.17415489017016358	0.29281199610009934	-0.5516564183926818	0.1904537960738022	-0.15433229489840383	0.18582577113082097	-0.25012174344130506	0.23326492321028175	-0.17763029989675805	0.12285421741214772	-0.208577584362937	0.19921130564567358	-0.19044286402319582
0.08494181490569523	-0.10617820324734717	0.08618134801526116	-0.10208791499356196	0.13236415883351527	-0.1052477968178466	0.10252094487288142	-0.09366919030727476	0.09507972217531371	-0.10394805409400158	0.16422713674060527	-0.11768703732841526	0.10591339124277682	-0.10539585172874145	0.12030625454505472	-0.1530972342294162	0.15181236527059533	-0.11755668689835183	0.11904094402479425	-0.04694458416776625	0.23718378118595423	-0.24677545578247645	0.1479114305021784	-0.11183690260824597	0.05512914039401387	-0.7961045342423531	0.22086127689551668	-0.23927540447958234	0.12054393506199486	-0.1627264651253108	0.999999999999988	-0.2450672499272863	0.16171322710345687	-0.1153409568481488	0.12351611585873291	-0.32038529712815234	0.18662079466292175	-0.1744811282077419	0.10914615066372789	-0.10101605791391381	0.17273624436373908	-0.12234356859726779	0.17986842880734322	-0.09822285716219212	0.07928041013555735
-0.08336495908473336	0.10033757565324793	-0.08550221597346894	0.09908089315127626	-0.1382850401970133	0.09893216829417532	-0.10162443871657137	0.09217401298818687	-0.09623716199816161	0.10419113840823709	-0.16360020355430677	0.11303002852421798	-0.10735771578482832	0.10601572694147568	-0.1265301096585001	0.12411088476055768	-0.15003040746048438	0.11962889319835311	-0.12891142991459317	0.049192580713352016	-0.1941949389798856	0.24144794690316718	-0.16462733242048452	0.12118633687381065	-0.05845020504371618	0.1908037864650667	-0.35898050724534886	0.27627385946487504	-0.14331522435904065	0.16827435649593947	-0.2450672499272863	0.9999999999999903	-0.4278059001981534	0.14601536166667084	-0.15193875508653332	0.27876127331116324	-0.623323882252904	0.2983255328153362	-0.14826798410175476	0.12252269419372522	-0.25114568076275	0.1963632108214992	-0.277955981112332	0.12057899771978549	-0.09932918377286913
0.07564709612743027	-0.09184408583911431	0.07857135474905023	-0.09140196467499627	0.12587517935596598	-0.08981615403682651	0.09293298792759246	-0.08515470585445126	0.08928992835962664	-0.09636117290874151	0.14443909815650385	-0.10373760344036982	0.09966839288272364	-0.09978426112069237	0.11633970907731048	-0.108498817226399	0.13441687962290946	-0.11454318512782365	0.12597878861973333	-0.04600880772873922	0.1617670856826164	-0.2064072103714509	0.15941740536059196	-0.1260274124037676	0.054448201545774046	-0.14660521524680523	0.2205580712506642	-0.4460750917446884	0.15910547243480586	-0.17415489017016358	0.16171322710345687	-0.4278059001981534	0.99999999999999	-0.20467728924582318	0.16561854223343966	-0.22233541804898824	0.27471818170913126	-0.6704924629911144	0.1825753017883651	-0.14292304283580798	0.179724024248031	-0.14292284463799276	0.20899637772231267	-0.13814592527954245	0.10884690050305337
-0.08482439143172696	0.1042378787848619	-0.09157059900509228	0.10658685377233502	-0.1432328125677075	0.10005653984199582	-0.1071499262943504	0.1005595153305199	-0.10879593515005534	0.1143004715598159	-0.15212355026225613	0.11953787216130383	-0.12082472883522895	0.12638677149733685	-0.13836894807488387	0.10960798033581752	-0.1464798914949468	0.1420476216633489	-0.19737807887100836	0.05801422009376157	-0.14666470914781998	0.14871893647608345	-0.19459596467322104	0.22256177044229056	-0.06841370082877277	0.1070434086875196	-0.1290469282242587	0.19829699661893682	-0.5185733454267436	0.29281199610009934	-0.1153409568481488	0.14601536166667084	-0.20467728924582318	0.9999999999999872	-0.5026653297328911	0.1465264061138393	-0.13336370617382695	0.19111449235581737	-0.4929351173065182	0.2578060695258281	-0.12826091503994824	0.09330417400929056	-0.15241299189147361	0.22715193547261214	-0.19471269296493304
0.09279596107495107	-0.11532463024621482	0.09942978499274618	-0.11740817341070064	0.16078550697896718	-0.1097393826852136	0.11495748642353106	-0.10802680818127404	0.1149250240022968	-0.1256985458139159	0.1637119155692135	-0.12742501480796728	0.1249716513347471	-0.131184736734101	0.15028162335860915	-0.1165497380042397	0.1518834038088802	-0.14067004428262178	0.1751629215894222	-0.06285531677797637	0.15664220258451156	-0.16561988353868887	0.18437366046649978	-0.1994187765017143	0.07373323800966897	-0.11702366273138623	0.1353311614450872	-0.212043056427203	0.27465246053934467	-0.5516564183926818	0.12351611585873291	-0.15193875508653332	0.16561854223343966	-0.5026653297328911	0.9999999999999872	-0.16464892182289914	0.13513235557217498	-0.1871808489914768	0.29032299980460985	-0.43838001915239666	0.13665341101923395	-0.09969973337266888	0.16111054992766632	-0.2772606612314654	0.22756216349859001
-0.09684453662968791	0.11625081672017798	-0.0990311210774138	0.11487979596827527	-0.16523519101688014	0.11433423767956902	-0.11700830357788745	0.10590432777575134	-0.11064055049153915	0.12134228736067795	-0.18955933686351922	0.12883017400003235	-0.12179128595365495	0.12044564965754956	-0.14853197467392287	0.13988802898755848	-0.16899343091813993	0.13100981418586533	-0.14193257878074433	0.057170523413521454	-0.21697482234479268	0.2128665028026886	-0.17391047835543882	0.13087634958074965	-0.0681792354415588	0.2168672643580088	-0.2051855500243095	0.23971065136342273	-0.1497266133684417	0.1904537960738022	-0.32038529712815234	0.27876127331116324	-0.22233541804898824	0.1465264061138393	-0.16464892182289914	0.9999999999999872	-0.4641254305639158	0.24596481666039635	-0.1518348993828972	0.13321093482760482	-0.5185220390273332	0.2832027440925293	-0.4282052592565533	0.1349127304666159	-0.11173575706697869
0.07149804316109827	-0.08693305015263991	0.07373214244194522	-0.0860190161031439	0.11985959088522358	-0.085081372238884	0.08702928696395967	-0.07944483795457839	0.0828779409171802	-0.09040906990995339	0.1372003103430992	-0.0967748128446341	0.09177207984043902	-0.0914878259038173	0.10907074966855188	-0.10411444484901268	0.12535159185978498	-0.10210281742054372	0.1105637669029559	-0.042629621879455286	0.15786731681828253	-0.2076475726296232	0.13810202325661736	-0.10605690684753186	0.050542542732475014	-0.1626893502345094	0.20987024881425143	-0.24548190417643304	0.12512839059291228	-0.15433229489840383	0.18662079466292175	-0.623323882252904	0.27471818170913126	-0.13336370617382695	0.13513235557217498	-0.4641254305639158	0.9999999999999841	-0.42162220806191003	0.1410209759013684	-0.11782071546834182	0.2602370257912796	-0.28617694863544735	0.2676097366166532	-0.11745327094320612	0.09295677167070243
-0.08378035544294103	0.10085569600938545	-0.0867824968399057	0.10049379012740678	-0.1416446098674101	0.09877372044654627	-0.10259758803678913	0.09352286100265823	-0.0984714266387206	0.10652452480478744	-0.16117126785474303	0.11346921169213979	-0.10937155545678656	0.10889964653890995	-0.13027592734980928	0.11808426414473752	-0.14806433952622153	0.1219420478280725	-0.13697594214027198	0.051048009416983	-0.17671732955107308	0.19292729707194275	-0.16923363680742845	0.13192866413528917	-0.060714565732326614	0.14945574005663093	-0.2043012750296389	0.2756549327081474	-0.16814118455379498	0.18582577113082097	-0.1744811282077419	0.2983255328153362	-0.6704924629911144	0.19111449235581737	-0.1871808489914768	0.24596481666039635	-0.42162220806191003	0.9999999999999852	-0.2623207500508053	0.16285194615189308	-0.23243144191590295	0.1813107442088881	-0.2911871291365575	0.15952877999828824	-0.1303089800761675
0.07320654784200625	-0.09017350283273126	0.07801430768506494	-0.09149400595534957	0.12517239430004967	-0.08651625897088712	0.09088555661372769	-0.08490263203764942	0.09039122836466151	-0.09774294285934017	0.13208893422093973	-0.10099600300336589	0.09923485450130703	-0.10325411072019926	0.11754059342802721	-0.09508865576822889	0.12326418423326782	-0.11298059051490525	0.1403475419001964	-0.04843063688956367	0.13074268243496076	-0.14017203390054342	0.15023023599015448	-0.1594288496832684	0.05696539948707463	-0.10121113810764665	0.12134001121346664	-0.18762720443524528	0.22623208945738432	-0.25012174344130506	0.10914615066372789	-0.14826798410175476	0.1825753017883651	-0.4929351173065182	0.29032299980460985	-0.1518348993828972	0.1410209759013684	-0.2623207500508053	0.9999999999999851	-0.5042688299058057	0.12918863616281664	-0.09794537803620132	0.15768384553329975	-0.5028064445970202	0.28947260846511735
-0.07123317283758619	0.08665579292983136	-0.07567809183884439	0.08801745756227526	-0.12443938796241398	0.08342218820183851	-0.08821433283326023	0.08174890007695725	-0.0875796121269906	0.09472193950286048	-0.12983368357490707	0.09690096508220497	-0.09583405595954998	0.09824238338612369	-0.11650047820837998	0.0914279532621075	-0.11979231201594609	0.10647391349683726	-0.13364830093141425	0.04710884089166301	-0.12593494947894274	0.12495410344492439	-0.14372763064964453	0.13631229357099908	-0.055965653131746146	0.09263189659350088	-0.10689551140275487	0.1573159299609346	-0.19870624396239409	0.23326492321028175	-0.10101605791391381	0.12252269419372522	-0.14292304283580798	0.2578060695258281	-0.43838001915239666	0.13321093482760482	-0.11782071546834182	0.16285194615189308	-0.5042688299058057	0.9999999999999833	-0.12190622321769662	0.08852891160506991	-0.1488938516522994	0.3234589120613156	-0.5959616856721116
0.07589958170575306	-0.09411099688462525	0.07883991275249368	-0.09327385699661693	0.13085780347297332	-0.09073796699622352	0.0917116936501884	-0.08452282404809536	0.08787717502320062	-0.09780302262092525	0.1399409189873655	-0.10149050765861495	0.0956104571896153	-0.09654141757031123	0.1165640907122625	-0.10511453497850176	0.1261635238961159	-0.10409128449942107	0.1129374805775377	-0.045654126196229924	0.15368142928413098	-0.19328041092059872	0.13679352797465483	-0.10903666299931225	0.05399528882329305	-0.16264031401991458	0.1645246958633093	-0.22869174234793066	0.12500772651984762	-0.17763029989675805	0.17273624436373908	-0.25114568076275	0.179724024248031	-0.12826091503994824	0.13665341101923395	-0.5185220390273332	0.2602370257912796	-0.23243144191590295	0.12918863616281664	-0.12190622321769662	0.9999999999999825	-0.648985176132545	0.32746990695922584	-0.12627196084664136	0.09637550695949298
-0.05364745431995581	0.0660233528404406	-0.05562381086973298	0.0654783570402185	-0.09216634894527895	0.06391747354865966	-0.06495225060625559	0.05966242546987735	-0.062179469717813914	0.06882681670339086	-0.10012551479479063	0.0718291093302764	-0.06792823375253347	0.06831528223938749	-0.08256172311795959	0.07474981729539894	-0.0904056781504115	0.07413577529156178	-0.08082943876819218	0.03228890921900503	-0.11037253387451061	0.1351471684944876	-0.09830502895356774	0.07764615287023145	-0.038248926082462484	0.11083839910850188	-0.12175205630004148	0.16064736264760748	-0.09023205004848386	0.12285421741214772	-0.12234356859726779	0.1963632108214992	-0.14292284463799276	0.09330417400929056	-0.09969973337266888	0.2832027440925293	-0.28617694863544735	0.1813107442088881	-0.09794537803620132	0.08852891160506991	-0.648985176132545	0.999999999999982	-0.6314920871221089	0.09574887284952655	-0.07373442498084995
0.08608138085107278	-0.10710795218223366	0.08968992500679299	-0.10632670708558913	0.1489329145184868	-0.10295765281058247	0.10409069120795356	-0.09618798485927113	0.10006285727979593	-0.11152824561675619	0.15728266350191683	-0.11517931576875974	0.10868029904183615	-0.11011776352147074	0.1326363184462574	-0.11776503141615485	0.14205203691020893	-0.1185462302773477	0.12931024468735805	-0.05212902083810427	0.17037218079746172	-0.21948668294851736	0.15582166147927592	-0.12595310378134666	0.06159401062505898	-0.17432907174337614	0.18421654395468198	-0.2656153620464246	0.14564669171187794	-0.208577584362937	0.17986842880734322	-0.277955981112332	0.20899637772231267	-0.15241299189147361	0.16111054992766632	-0.4282052592565533	0.2676097366166532	-0.2911871291365575	0.15768384553329975	-0.1488938516522994	0.32746990695922584	-0.6314920871221089	0.999999999999982	-0.17006159511999358	0.12204963749928496
-0.06717668398016056	0.08164054244556976	-0.07121984828493663	0.08279395747593721	-0.11734725083313394	0.07868403436735098	-0.08307031631312065	0.07685859325956824	-0.08225778107623281	0.08901974771282148	-0.12289381572374344	0.09120549958101598	-0.090031684911422	0.0920227213670453	-0.10957481642849087	0.0867102415368619	-0.11315771523662939	0.09978300462316954	-0.1244158100066696	0.04409876496521699	-0.12014230770944552	0.12015255521839169	-0.13485866853351772	0.12527900228437788	-0.05243102146993032	0.0899185084199919	-0.10327588839486093	0.15071187392757157	-0.18142039149110906	0.19921130564567358	-0.09822285716219212	0.12057899771978549	-0.13814592527954245	0.22715193547261214	-0.2772606612314654	0.1349127304666159	-0.11745327094320612	0.15952877999828824	-0.5028064445970202	0.3234589120613156	-0.12627196084664136	0.09574887284952655	-0.17006159511999358	0.9999999999999823	-0.6964819864335257
