1.0000000000000002	-0.7060186125734641	0.154055338093272	-0.05515093515527965	0.04094012999083187	-0.5798675577770322	0.30824856694213854	-0.1501293890533198	0.0689255613605936	-0.07148968279378791	0.17571257349264627	-0.20033449914419948	0.09639843216572326	-0.07797340502320427	0.07674004173499287	-0.11435416704464867	0.14378673278908935	-0.06839733175777396	0.05869426361961471	-0.07559968576113442	0.11842569671591324	-0.09267276478132548	0.05198556582777408	-0.04868717602093223	0.033776222274023666	-0.11719027276303681	0.0767614352295327	-0.05251176135341215	0.04643775131408773	-0.040511069618623885
-0.7060186125734641	1.0000000000000002	-0.2289057127623514	0.05839430598207334	-0.043861189388215156	0.3202411761379779	-0.5244826827815687	0.17006203164200973	-0.07642381900643404	0.07534024089773267	-0.19392605271811217	0.20907693062547247	-0.10582057391431629	0.08131273358247972	-0.08131256259224316	0.11864501326563355	-0.16703341860462506	0.07085464254361376	-0.06121618252092697	0.07684627351487093	-0.12832145551128118	0.0944033151777934	-0.0540669138447363	0.050079338645964575	-0.03462791937023365	0.11400911894446786	-0.0801320616273842	0.053897753058247705	-0.04817164200919037	0.041157927205599666
0.154055338093272	-0.2289057127623514	1.0000000000000004	-0.19447514013069483	0.13429599847856086	-0.15387073439387694	0.16977217355523957	-0.851423025433243	0.23611861320196065	-0.25486626722614586	0.10241688668708901	-0.12168802335124425	0.12197685710659868	-0.10833460915923455	0.08889674410973965	-0.07091247153369944	0.09558222986022302	-0.07224804911120536	0.06447894880556078	-0.0847847592435052	0.08484746838615247	-0.07175633370310187	0.0516239125899303	-0.050683879313473276	0.03515097962073591	-0.08989558710489481	0.0625883452219918	-0.05195662585795816	0.046347801029020884	-0.042351076484643195
-0.05515093515527965	0.05839430598207334	-0.19447514013069483	1.0000000000000007	-0.7629892097584572	0.05134228325598306	-0.05820727955371321	0.16276626529017119	-0.5091246432962742	0.32243806143334874	-0.04616929052376839	0.04937406458651546	-0.07741558923558818	0.07577450437874413	-0.06364571638835011	0.03247769158300558	-0.044966636815722515	0.04059965584833451	-0.04022535866394498	0.04963988436348111	-0.042700063516709456	0.03581677641145476	-0.029468566755674056	0.029146105698472164	-0.0202590613781267	0.043823616237182714	-0.03279880129241261	0.02889426564195676	-0.02676738108792215	0.02387619433381547
0.04094012999083187	-0.043861189388215156	0.13429599847856086	-0.7629892097584572	1.0000000000000002	-0.03943439446366081	0.0436787742972895	-0.12673685104568816	0.30271744058652	-0.5553872744396092	0.03537546889023848	-0.0381448670472885	0.05882296930167017	-0.059400975776937946	0.05002972548564359	-0.02513073813103828	0.034639695338301336	-0.03221095582395832	0.031609349570392076	-0.040111314926983735	0.033215849115612504	-0.02824878897562646	0.023298091771915896	-0.023192862309747632	0.01616755369626827	-0.034817888420871725	0.025826911965914134	-0.02299871341242296	0.02119895488516656	-0.019150889821550842
-0.5798675577770322	0.3202411761379779	-0.15387073439387694	0.05134228325598306	-0.03943439446366081	1.0000000000000002	-0.5906064231451167	0.13644223139328865	-0.06827842316096801	0.0659411691656137	-0.3279141580287613	0.2637732769849448	-0.12614283358001227	0.0956067365571004	-0.09911314493407386	0.1714090383132604	-0.22605720473233645	0.08790543551955081	-0.07541545089602403	0.09375260132973208	-0.17751202633313487	0.12378323871376047	-0.0679191047104977	0.06222153944711967	-0.04295173855771953	0.14900106474377536	-0.10446938345853918	0.06762573033367483	-0.06041634382859336	0.05092340358803026
0.30824856694213854	-0.5244826827815687	0.16977217355523957	-0.05820727955371321	0.0436787742972895	-0.5906064231451167	1.0000000000000009	-0.18719904251005104	0.07749563966661405	-0.07522634810979369	0.23524861818091064	-0.4404637530331961	0.1263575865785108	-0.09874858611533321	0.09272696214122823	-0.15153367797368633	0.20202133921382215	-0.08537027983613843	0.07216398931432606	-0.09093009674669168	0.14620698096669332	-0.11564822134035399	0.06410054789344344	-0.059432536714012774	0.040783780184918066	-0.13878506624031353	0.09395665242417524	-0.06404196107326171	0.05663235073258588	-0.048718005729133436
-0.1501293890533198	0.17006203164200973	-0.851423025433243	0.16276626529017119	-0.12673685104568816	0.13644223139328865	-0.18719904251005104	1.000000000000001	-0.33519847090575816	0.20694349788330701	-0.10083386694158109	0.11475483322965725	-0.13356820941196323	0.10493158166119307	-0.08670697044273361	0.06790616645852023	-0.09391660026043208	0.06799044258309177	-0.061458940706153195	0.07799874712768622	-0.08179242490402604	0.06671247502282572	-0.048741586161758034	0.04732553804867068	-0.03269111907452908	0.08170451830579148	-0.05888512253721642	0.0483386807663672	-0.04359785969355816	0.03900247127191834
0.0689255613605936	-0.07642381900643404	0.23611861320196065	-0.5091246432962742	0.30271744058652	-0.06827842316096801	0.07749563966661405	-0.33519847090575816	1.0000000000000007	-0.6914192707098068	0.059083689847867986	-0.06581187979762315	0.10668269606138883	-0.12242487278003554	0.08485353223420383	-0.04186429621931499	0.05777280899687816	-0.055413014034388995	0.05519269394825911	-0.06771094623318101	0.05424524186776682	-0.046835419137416755	0.03949856182356038	-0.039471909958116426	0.027177848263228804	-0.05721242405027445	0.04258508326980575	-0.03874385891485478	0.03572095170707561	-0.032137112971058965
-0.07148968279378791	0.07534024089773267	-0.25486626722614586	0.32243806143334874	-0.5553872744396092	0.0659411691656137	-0.07522634810979369	0.20694349788330701	-0.6914192707098068	1.0000000000000004	-0.05953474301585888	0.06349979205506408	-0.10038351063644614	0.09788347425213767	-0.08430893876035818	0.04180540719321018	-0.057963856661704186	0.05234159832696017	-0.05205944666360572	0.06441031404972675	-0.05494247441036285	0.04602782534278725	-0.03799522423232588	0.03759649152839959	-0.026148074582946844	0.05620228782597906	-0.04218499613736223	0.03722070090586847	-0.03453248859703877	0.030791738534541188
0.17571257349264627	-0.19392605271811217	0.10241688668708901	-0.04616929052376839	0.03537546889023848	-0.3279141580287613	0.23524861818091064	-0.10083386694158109	0.059083689847867986	-0.05953474301585888	1.000000000000002	-0.5370334085352076	0.16451351684417048	-0.13634188672431524	0.1343623629802518	-0.5737546541097032	0.32151101821170674	-0.13422535354373877	0.11017168570831579	-0.14181865253377882	0.2733484590034088	-0.21677962838327608	0.10291156760527381	-0.09479116473893281	0.06501773001663688	-0.2861209284959597	0.16245612425871336	-0.10496964738283254	0.09063545160491224	-0.07855171432998112
-0.20033449914419948	0.20907693062547247	-0.12168802335124425	0.04937406458651546	-0.0381448670472885	0.2637732769849448	-0.4404637530331961	0.11475483322965725	-0.06581187979762315	0.06349979205506408	-0.5370334085352076	1.0000000000000002	-0.24256600466473718	0.15428012662509918	-0.1441107763553246	0.27836100429893285	-0.5104391317690917	0.13848346990002997	-0.11521937607336678	0.1383084152189931	-0.25244391477623346	0.1888490046737596	-0.10391364600221079	0.09347311711456828	-0.06324691052359045	0.21137341280508787	-0.15408385849056472	0.10104686311279337	-0.08993710792411196	0.07478284990779899
0.09639843216572326	-0.10582057391431629	0.12197685710659868	-0.07741558923558818	0.05882296930167017	-0.12614283358001227	0.1263575865785108	-0.13356820941196323	0.10668269606138883	-0.10038351063644614	0.16451351684417048	-0.24256600466473718	0.9999999999999989	-0.717671662551497	0.29330102282646914	-0.12769881079453496	0.17865014124606793	-0.34021250064358366	0.2553558494512345	-0.3211178435299307	0.16449442414385257	-0.17470695329811128	0.18920358330987272	-0.19114298682984182	0.12317062814998836	-0.2014681832650744	0.15613683319906302	-0.18461565158381593	0.15950793866551055	-0.15004115847088229
-0.07797340502320427	0.08131273358247972	-0.10833460915923455	0.07577450437874413	-0.059400975776937946	0.0956067365571004	-0.09874858611533321	0.10493158166119307	-0.12242487278003554	0.09788347425213767	-0.13634188672431524	0.15428012662509918	-0.717671662551497	1.0000000000000022	-0.4914534012549698	0.10200157000627784	-0.14754599776971453	0.234004897229446	-0.30973917593019107	0.27768415131383545	-0.14011132546156618	0.13792180829999787	-0.161242866971628	0.16491241122912195	-0.10754460670830138	0.15680935736493798	-0.13098609898110208	0.1475265250042309	-0.14362297461414986	0.12249257636186911
0.07674004173499287	-0.08131256259224316	0.08889674410973965	-0.06364571638835011	0.05002972548564359	-0.09911314493407386	0.09272696214122823	-0.08670697044273361	0.08485353223420383	-0.08430893876035818	0.1343623629802518	-0.1441107763553246	0.29330102282646914	-0.4914534012549698	0.9999999999999994	-0.11154043279184922	0.1536002985454688	-0.2863991025081859	0.28558774277895277	-0.6488668537434524	0.16926160753499858	-0.18471465965412173	0.1934428215351652	-0.21624032660488474	0.16150629880815767	-0.23368364322891466	0.17232393032441068	-0.2028973691706618	0.17960703822427385	-0.20124622174542986
-0.11435416704464867	0.11864501326563355	-0.07091247153369944	0.03247769158300558	-0.02513073813103828	0.1714090383132604	-0.15153367797368633	0.06790616645852023	-0.04186429621931499	0.04180540719321018	-0.5737546541097032	0.27836100429893285	-0.12769881079453496	0.10200157000627784	-0.11154043279184922	1.0000000000000013	-0.5516017616161268	0.11593359577195021	-0.09383286943728293	0.11361045896329745	-0.49373787084159254	0.2086905291708239	-0.09195714545739554	0.080606113346169	-0.054642827973071	0.25062473893013326	-0.15606080390773772	0.09090981120199676	-0.07932543102387457	0.06496682557203912
0.14378673278908935	-0.16703341860462506	0.09558222986022302	-0.044966636815722515	0.034639695338301336	-0.22605720473233645	0.20202133921382215	-0.09391660026043208	0.05777280899687816	-0.057963856661704186	0.32151101821170674	-0.5104391317690917	0.17865014124606793	-0.14754599776971453	0.1536002985454688	-0.5516017616161268	1.0000000000000004	-0.18708186175665792	0.13590599804788503	-0.1621403533976633	0.2947290410255414	-0.3483533208451685	0.13524454795514865	-0.11700052283734806	0.07746712435484575	-0.3180873195014137	0.21223952571495774	-0.1314790270638897	0.11274614219665163	-0.09222962602091406
-0.06839733175777396	0.07085464254361376	-0.07224804911120536	0.04059965584833451	-0.03221095582395832	0.08790543551955081	-0.08537027983613843	0.06799044258309177	-0.055413014034388995	0.05234159832696017	-0.13422535354373877	0.13848346990002997	-0.34021250064358366	0.234004897229446	-0.2863991025081859	0.11593359577195021	-0.18708186175665792	0.9999999999999994	-0.5415011254272223	0.2673003698499006	-0.16675751623737495	0.18911625243589802	-0.5593809763092548	0.2813055990192437	-0.15555451907567924	0.1751828826859313	-0.1906061257330991	0.26129023630690773	-0.2664579773497811	0.15950761853924073
0.05869426361961471	-0.06121618252092697	0.06447894880556078	-0.04022535866394498	0.031609349570392076	-0.07541545089602403	0.07216398931432606	-0.061458940706153195	0.05519269394825911	-0.05205944666360572	0.11017168570831579	-0.11521937607336678	0.2553558494512345	-0.30973917593019107	0.28558774277895277	-0.09383286943728293	0.13590599804788503	-0.5415011254272223	1.0000000000000013	-0.5029381443211879	0.13842780575105335	-0.16397446187339945	0.27689912804896716	-0.4373435150242415	0.17569239891616564	-0.16067868599810534	0.15742069979581194	-0.2502246814254168	0.24142559312957115	-0.19319872387940523
-0.07559968576113442	0.07684627351487093	-0.0847847592435052	0.04963988436348111	-0.040111314926983735	0.09375260132973208	-0.09093009674669168	0.07799874712768622	-0.06771094623318101	0.06441031404972675	-0.14181865253377882	0.1383084152189931	-0.3211178435299307	0.27768415131383545	-0.6488668537434524	0.11361045896329745	-0.1621403533976633	0.2673003698499006	-0.5029381443211879	0.9999999999999991	-0.18074604035825875	0.17078174841434465	-0.21565667065156802	0.23024289825953353	-0.2006468653457372	0.18881532883995727	-0.1797584776392722	0.19275702307636672	-0.21461557296751319	0.1852940724115147
0.11842569671591324	-0.12832145551128118	0.08484746838615247	-0.042700063516709456	0.033215849115612504	-0.17751202633313487	0.14620698096669332	-0.08179242490402604	0.05424524186776682	-0.05494247441036285	0.2733484590034088	-0.25244391477623346	0.16449442414385257	-0.14011132546156618	0.16926160753499858	-0.49373787084159254	0.2947290410255414	-0.16675751623737495	0.13842780575105335	-0.18074604035825875	0.9999999999999997	-0.39731558555146884	0.14102311825907596	-0.12727172022262426	0.08807866609219095	-0.5997089168227909	0.2665734509900844	-0.14827122496160605	0.1255869240245736	-0.10683217446482253
-0.09267276478132548	0.0944033151777934	-0.07175633370310187	0.03581677641145476	-0.02824878897562646	0.12378323871376047	-0.11564822134035399	0.06671247502282572	-0.046835419137416755	0.04602782534278725	-0.21677962838327608	0.1888490046737596	-0.17470695329811128	0.13792180829999787	-0.18471465965412173	0.2086905291708239	-0.3483533208451685	0.18911625243589802	-0.16397446187339945	0.17078174841434465	-0.39731558555146884	1.0	-0.23599104418011904	0.15925022914026893	-0.10154863244857758	0.3140147238057204	-0.696277905516086	0.20722134676477708	-0.1810481505640922	0.11328259318134391
0.05198556582777408	-0.0540669138447363	0.0516239125899303	-0.029468566755674056	0.023298091771915896	-0.0679191047104977	0.06410054789344344	-0.048741586161758034	0.03949856182356038	-0.03799522423232588	0.10291156760527381	-0.10391364600221079	0.18920358330987272	-0.161242866971628	0.1934428215351652	-0.09195714545739554	0.13524454795514865	-0.5593809763092548	0.27689912804896716	-0.21565667065156802	0.14102311825907596	-0.23599104418011904	1.0	-0.45100861125515884	0.16331166425601895	-0.16231633605708368	0.198612558344398	-0.5299554545127685	0.30098559105115263	-0.18252710581900033
-0.04868717602093223	0.050079338645964575	-0.050683879313473276	0.029146105698472164	-0.023192862309747632	0.06222153944711967	-0.059432536714012774	0.04732553804867068	-0.039471909958116426	0.03759649152839959	-0.09479116473893281	0.09347311711456828	-0.19114298682984182	0.16491241122912195	-0.21624032660488474	0.080606113346169	-0.11700052283734806	0.2813055990192437	-0.4373435150242415	0.23024289825953353	-0.12727172022262426	0.15925022914026893	-0.45100861125515884	0.9999999999999999	-0.325387069402376	0.14217972426924808	-0.1666564262203846	0.3011914406488969	-0.5697376526043393	0.23851782032074298
0.033776222274023666	-0.03462791937023365	0.03515097962073591	-0.0202590613781267	0.01616755369626827	-0.04295173855771953	0.040783780184918066	-0.03269111907452908	0.027177848263228804	-0.026148074582946844	0.06501773001663688	-0.06324691052359045	0.12317062814998836	-0.10754460670830138	0.16150629880815767	-0.054642827973071	0.07746712435484575	-0.15555451907567924	0.17569239891616564	-0.2006468653457372	0.08807866609219095	-0.10154863244857758	0.16331166425601895	-0.325387069402376	0.9999999999999993	-0.09910418313183868	0.10337703177156947	-0.15410517890275782	0.1891491293499235	-0.881368341400903
-0.11719027276303681	0.11400911894446786	-0.08989558710489481	0.043823616237182714	-0.034817888420871725	0.14900106474377536	-0.13878506624031353	0.08170451830579148	-0.05721242405027445	0.05620228782597906	-0.2861209284959597	0.21137341280508787	-0.2014681832650744	0.15680935736493798	-0.23368364322891466	0.25062473893013326	-0.3180873195014137	0.1751828826859313	-0.16067868599810534	0.18881532883995727	-0.5997089168227909	0.3140147238057204	-0.16231633605708368	0.14217972426924808	-0.09910418313183868	0.9999999999999996	-0.5114797359038352	0.17522388356104654	-0.16089979900318724	0.11248430843674817
0.0767614352295327	-0.0801320616273842	0.0625883452219918	-0.03279880129241261	0.025826911965914134	-0.10446938345853918	0.09395665242417524	-0.05888512253721642	0.04258508326980575	-0.04218499613736223	0.16245612425871336	-0.15408385849056472	0.15613683319906302	-0.13098609898110208	0.17232393032441068	-0.15606080390773772	0.21223952571495774	-0.1906061257330991	0.15742069979581194	-0.1797584776392722	0.2665734509900844	-0.696277905516086	0.198612558344398	-0.1666564262203846	0.10337703177156947	-0.5114797359038352	1.0	-0.28787709504826486	0.18383308332018858	-0.12243477678851379
-0.05251176135341215	0.053897753058247705	-0.05195662585795816	0.02889426564195676	-0.02299871341242296	0.06762573033367483	-0.06404196107326171	0.0483386807663672	-0.03874385891485478	0.03722070090586847	-0.10496964738283254	0.10104686311279337	-0.18461565158381593	0.1475265250042309	-0.2028973691706618	0.09090981120199676	-0.1314790270638897	0.26129023630690773	-0.2502246814254168	0.19275702307636672	-0.14827122496160605	0.20722134676477708	-0.5299554545127685	0.3011914406488969	-0.15410517890275782	0.17522388356104654	-0.28787709504826486	0.9999999999999998	-0.6466989602760205	0.1582029578723682
0.04643775131408773	-0.04817164200919037	0.046347801029020884	-0.02676738108792215	0.02119895488516656	-0.06041634382859336	0.05663235073258588	-0.04359785969355816	0.03572095170707561	-0.03453248859703877	0.09063545160491224	-0.08993710792411196	0.15950793866551055	-0.14362297461414986	0.17960703822427385	-0.07932543102387457	0.11274614219665163	-0.2664579773497811	0.24142559312957115	-0.21461557296751319	0.1255869240245736	-0.1810481505640922	0.30098559105115263	-0.5697376526043393	0.1891491293499235	-0.16089979900318724	0.18383308332018858	-0.6466989602760205	1.0	-0.22398535189381072
-0.040511069618623885	0.041157927205599666	-0.042351076484643195	0.02387619433381547	-0.019150889821550842	0.05092340358803026	-0.048718005729133436	0.03900247127191834	-0.032137112971058965	0.030791738534541188	-0.07855171432998112	0.07478284990779899	-0.15004115847088229	0.12249257636186911	-0.20124622174542986	0.06496682557203912	-0.09222962602091406	0.15950761853924073	-0.19319872387940523	0.1852940724115147	-0.10683217446482253	0.11328259318134391	-0.18252710581900033	0.23851782032074298	-0.881368341400903	0.11248430843674817	-0.12243477678851379	0.1582029578723682	-0.22398535189381072	1.0
