1.0000000000000002	-0.7848941006337651	0.19656177496618585	-0.17526815212026073	0.13804727101796693	-0.3191243212162747	0.29490541083647337	-0.19976695484759358	0.1449533173076296	-0.11188416448442647	0.19423381715610252	-0.2624624771166063	0.17966047939118246	-0.13229747956668872	0.10169784323507769	-0.21710239741031825	0.18240729364890448	-0.1820279498595956	0.14078145028593997	-0.1852547436393218	0.0636231186078373	-0.08449712091155687	0.06317770470682835	-0.08229740662836718	0.10744998151117531	-0.050819854998117885	0.08763931614000844	-0.05810228714293326	0.1078150081996906	-0.07197565460386379	0.048284128151060805	-0.04813697638847534	0.07083373700546881	-0.09799900430723422	0.052630281879315434	-0.05225439315490997	0.04434424906659823	-0.0601941846753755	0.05675995027019834	-0.09944650967796032
-0.7848941006337651	1.0	-0.19014849505611084	0.13663084158576505	-0.11346925886698457	0.2150229471779021	-0.47959861342756516	0.17863109624381215	-0.1301974841885646	0.09057126933379428	-0.1630860055368765	0.221003309817109	-0.16543605642386547	0.10965654442145858	-0.08395955762050898	0.16099538544584657	-0.16218544903825835	0.14566765314530908	-0.11852854733199056	0.14178155858534894	-0.05319014663196897	0.07057067882889671	-0.05174572431657378	0.06728150215550871	-0.08804960379462239	0.04185019948200993	-0.07453709073613596	0.04715802308246491	-0.0879425898131883	0.056162564332500844	-0.03953034109450898	0.03914963999212277	-0.056167374437178404	0.0757303960293554	-0.04114774669624009	0.04191221850590504	-0.03580600453548057	0.04716429249175415	-0.04424831031476798	0.07692837983829337
0.19656177496618585	-0.19014849505611084	1.0	-0.5269343231154313	0.2928209003395206	-0.2213488374032984	0.22741072261388856	-0.43699819228514253	0.2683988054248482	-0.2286780750154905	0.16634032595975728	-0.231195496207543	0.26118430530559394	-0.24711117622605197	0.19902046124504388	-0.21111631059979646	0.1936661612273711	-0.30507357267280133	0.24773798017623547	-0.41066498839236076	0.08595166042930652	-0.10577706421359777	0.10490379184195223	-0.1503395333892729	0.19749781502979694	-0.0699519924168034	0.11259252317445759	-0.09684023593342625	0.197230201338133	-0.1423728282125342	0.07149293138447455	-0.07247053508766406	0.12806724625595875	-0.19407325908101683	0.10339723408266785	-0.081962835264149	0.07025566750246737	-0.1118744598270108	0.10932414152658672	-0.1989224394247432
-0.17526815212026073	0.13663084158576505	-0.5269343231154313	1.0000000000000007	-0.6346349832572108	0.15616115072117429	-0.18186677249566288	0.23575440137500178	-0.30065535558465667	0.23420376030558865	-0.1289689224578925	0.1691067481303363	-0.21154487991391618	0.2193982130949425	-0.21616674669104033	0.1530932950874978	-0.16124171545510757	0.219148222118287	-0.2332829525082793	0.2983504521279484	-0.07465985621675214	0.08917737177245748	-0.09733589388844636	0.14108860676479362	-0.19670606015925268	0.05946937549805262	-0.09854469115882108	0.08710177147992962	-0.1941422252244215	0.11338642766713632	-0.06102309928535909	0.06092935605310191	-0.10839612268699947	0.14792897265578575	-0.0835695857722193	0.06754474192085201	-0.05876502401172326	0.08915921578824346	-0.08620621891863736	0.15228065677519556
0.13804727101796693	-0.11346925886698457	0.2928209003395206	-0.6346349832572108	1.000000000000001	-0.14453509742012832	0.14998260764426363	-0.20017746412842233	0.23693472817727484	-0.41160482430183143	0.11416431080958378	-0.15024094662687795	0.17996394493878148	-0.23270968250711876	0.2540667744667159	-0.14410724600219046	0.14111462368998431	-0.21948535994327753	0.22025980123106345	-0.45289048694944184	0.06896536501135349	-0.08174490641092164	0.09074656740932703	-0.13598025716113674	0.18329820729938257	-0.05599796145632297	0.08907094413270976	-0.08298264962373973	0.18064282133525475	-0.12633925147712866	0.058867776719410105	-0.059745851163544	0.11223382618092835	-0.17047378525591658	0.0918995772563397	-0.06795574930567577	0.05885329943995177	-0.09740865777714283	0.09600989082962372	-0.17545881829442678
-0.3191243212162747	0.2150229471779021	-0.2213488374032984	0.15616115072117429	-0.14453509742012832	1.0000000000000007	-0.36654481681817275	0.19216584928609454	-0.15427859605206137	0.10803923942917656	-0.7038740120427863	0.2823976154526318	-0.2098779694789665	0.1307669823306971	-0.10218462977461337	0.2866188161959103	-0.3013047433639702	0.17909491588071458	-0.15207839176620103	0.16619879878919314	-0.0906072564785096	0.11927450102503162	-0.07394742462462477	0.08818398951707598	-0.11717404575398904	0.06898169518950953	-0.13194719088027582	0.06645402606898322	-0.1181846497417476	0.07171653564144304	-0.06366738267870094	0.06184857731606209	-0.0789477353460428	0.09746066873513501	-0.05301095425085834	0.06381410882356126	-0.05510190482629353	0.06422372009879837	-0.05845688712349657	0.09777270936191455
0.29490541083647337	-0.47959861342756516	0.22741072261388856	-0.18186677249566288	0.14998260764426363	-0.36654481681817275	1.000000000000001	-0.3664362744148385	0.18921408269736884	-0.12836180715379159	0.24070201272787828	-0.5361586297683665	0.26134236726100335	-0.16365132469899737	0.11718281339984155	-0.24473297335404484	0.22979484798047264	-0.2225702692372146	0.1665094558772524	-0.19201846895439478	0.07165785878486162	-0.09922218147045596	0.07011791351611685	-0.0917222972905328	0.11765977317496518	-0.05676504923213947	0.10055282376686794	-0.06427681624384458	0.11708249599748902	-0.07465828214364696	0.05291536441848447	-0.052600757056434654	0.07412514886332078	-0.10020699395535741	0.05457955970100683	-0.056204689291852565	0.04779419849352127	-0.06251308583055067	0.05858005877488389	-0.10199941369209316
-0.19976695484759358	0.17863109624381215	-0.43699819228514253	0.23575440137500178	-0.20017746412842233	0.19216584928609454	-0.3664362744148385	1.0	-0.47498925114643464	0.18271072800516236	-0.16257457109257148	0.25944930770792385	-0.5229380451840978	0.2513683314421412	-0.1730529905419713	0.17342382089902714	-0.18549462117974053	0.2719671906806178	-0.24017890807310313	0.23485297497704397	-0.06636726405768899	0.08633489747429254	-0.07967856495384067	0.11755368198914141	-0.14877288290645346	0.05263485383680859	-0.0912647788515763	0.07242506257356067	-0.14428442263617902	0.0872221336288298	-0.05120431956510676	0.05112528251431206	-0.08066394027998837	0.11308718824895021	-0.0634437878687973	0.055614240453477314	-0.047821617786339726	0.0683274619653445	-0.06562884046787712	0.1170891889662238
0.1449533173076296	-0.1301974841885646	0.2683988054248482	-0.30065535558465667	0.23693472817727484	-0.15427859605206137	0.18921408269736884	-0.47498925114643464	0.9999999999999983	-0.3396497291777401	0.12334824000978437	-0.1862384269171715	0.25245183908645397	-0.6035320225564472	0.2630220581128995	-0.1459579992331074	0.14649312032639283	-0.2745116785252921	0.2632450991758859	-0.2832346828480091	0.05975089634032422	-0.07566910855902989	0.07917847927854128	-0.1292438729725331	0.15533226021264765	-0.04792638766032031	0.08026933708031359	-0.073115696803737	0.1490897300519877	-0.09137335794874665	0.047818781004955645	-0.04806469147927166	0.08106373367788833	-0.11674669690336405	0.06606818589467339	-0.05312894081041284	0.0457835187160941	-0.06919443443944912	0.0673503386009508	-0.12205813737056323
-0.11188416448442647	0.09057126933379428	-0.2286780750154905	0.23420376030558865	-0.41160482430183143	0.10803923942917656	-0.12836180715379159	0.18271072800516236	-0.3396497291777401	0.9999999999999958	-0.08940761166496067	0.12275565215157734	-0.1676711923420585	0.27596773429983723	-0.7363197957175223	0.10588136250441275	-0.11088019746465959	0.17778285719831663	-0.21629165936652484	0.27132600763311326	-0.04911490098275931	0.06010171592455897	-0.0680197889115148	0.1096230361208566	-0.1439056885286195	0.03927699298672122	-0.06531282165857512	0.06169722402346571	-0.13657556042337457	0.0791449266444796	-0.039976356118622006	0.040134574881257615	-0.07067508516288216	0.10049265263151112	-0.057656737000790416	0.044521306265845925	-0.038636920299084165	0.05955729912377434	-0.05818391327784282	0.10501848958962395
0.19423381715610252	-0.1630860055368765	0.16634032595975728	-0.1289689224578925	0.11416431080958378	-0.7038740120427863	0.24070201272787828	-0.16257457109257148	0.12334824000978437	-0.08940761166496067	0.9999999999999943	-0.36658187329885117	0.18134826198177217	-0.10999217622747276	0.08352391842446649	-0.49024573999245885	0.2705492289643514	-0.16247721228854067	0.12451611676070375	-0.1399954498699442	0.07503706264938466	-0.10509429029601947	0.06083585590866371	-0.0717079580669131	0.09367469561078087	-0.05797415224495196	0.10905901551668977	-0.05529058023692522	0.09462943534955733	-0.05914950066289675	0.052459716308619696	-0.051426736356118094	0.06423672099149304	-0.08079169706159953	0.04358828810626914	-0.05321374176689446	0.04543543393460628	-0.05300690640150675	0.04821311783373153	-0.08103643743801069
-0.2624624771166063	0.221003309817109	-0.231195496207543	0.1691067481303363	-0.15024094662687795	0.2823976154526318	-0.5361586297683665	0.25944930770792385	-0.1862384269171715	0.12275565215157734	-0.36658187329885117	0.9999999999999966	-0.44676806651417605	0.159798157462931	-0.11674395353577523	0.2745960080976954	-0.4104216536627317	0.23749363969905465	-0.18081911451308677	0.18289947145478452	-0.08798903777861052	0.12730814275738622	-0.07758686947040394	0.09612050039716048	-0.12353426984454381	0.06776759227065152	-0.12903985711267751	0.07014456452346124	-0.1230829794337899	0.07513083294643662	-0.061305197587039464	0.06044013472076498	-0.07782693273434856	0.10059862840732607	-0.055122987147414926	0.0626288877883101	-0.05356721461258388	0.06476612923446827	-0.0596822030202156	0.10196286388281622
0.17966047939118246	-0.16543605642386547	0.26118430530559394	-0.21154487991391618	0.17996394493878148	-0.2098779694789665	0.26134236726100335	-0.5229380451840978	0.25245183908645397	-0.1676711923420585	0.18134826198177217	-0.44676806651417605	0.9999999999999943	-0.25870755049110017	0.1568129287953006	-0.20092796094628562	0.21110390570068654	-0.523676696027895	0.2517706160112831	-0.2366890334388176	0.07056753475243523	-0.09596612081777957	0.08587227702264902	-0.12191457215636362	0.14821690221109005	-0.05613911259789394	0.09782524641329622	-0.07870037443027689	0.14435544556218524	-0.08788995249730797	0.053569894796921154	-0.053557572442658116	0.08137040379785683	-0.1135807029878325	0.06373403384130549	-0.05788638763929725	0.04953463737667666	-0.0691261881955889	0.0660816961998314	-0.1177682859201218
-0.13229747956668872	0.10965654442145858	-0.24711117622605197	0.2193982130949425	-0.23270968250711876	0.1307669823306971	-0.16365132469899737	0.2513683314421412	-0.6035320225564472	0.27596773429983723	-0.10999217622747276	0.159798157462931	-0.25870755049110017	0.999999999999998	-0.4361659417422858	0.12745219289172388	-0.13571941015680056	0.25514141161808584	-0.44877340036350344	0.2662651544531216	-0.05612651031419815	0.07056196222051284	-0.08045352943234318	0.1492141342705288	-0.17409302458621218	0.04480733036739641	-0.07561305706679669	0.07377999712880838	-0.16135463496940705	0.08918388661276644	-0.04488810682945322	0.045060332096089374	-0.07682852621568514	0.10977779178328408	-0.06432590606622425	0.04964125598331198	-0.04299142913797924	0.06520005650875406	-0.06378613648945611	0.11607955665783123
0.10169784323507769	-0.08395955762050898	0.19902046124504388	-0.21616674669104033	0.2540667744667159	-0.10218462977461337	0.11718281339984155	-0.1730529905419713	0.2630220581128995	-0.7363197957175223	0.08352391842446649	-0.11674395353577523	0.1568129287953006	-0.4361659417422858	0.9999999999999913	-0.10045682201204953	0.10338329871979443	-0.1823749328673053	0.21543797081148372	-0.3643747114919159	0.045972604557874525	-0.05648452987175379	0.06450949275739108	-0.10864108464633801	0.13683517401528744	-0.03688475438180755	0.06100066289409293	-0.05908353839484109	0.12850729728349763	-0.07607433928424585	0.037568118293669434	-0.037801419561512166	0.06681917787919808	-0.096132583857964	0.05515456696429196	-0.04203703576384406	0.03644377642116875	-0.05667520587794022	0.05552707307556387	-0.10087143771742288
-0.21710239741031825	0.16099538544584657	-0.21111631059979646	0.1530932950874978	-0.14410724600219046	0.2866188161959103	-0.24473297335404484	0.17342382089902714	-0.1459579992331074	0.10588136250441275	-0.49024573999245885	0.2745960080976954	-0.20092796094628562	0.12745219289172388	-0.10045682201204953	0.9999999999999927	-0.6626810267273421	0.18629257920296316	-0.1546477801738785	0.16661858532339338	-0.13600800729823828	0.18998408163833763	-0.08947970987541011	0.09273106112563294	-0.1231235353852597	0.10051766860618495	-0.20822873511781528	0.07989958564350275	-0.12650328518738532	0.07710881352391807	-0.08872425452703013	0.0854873869149023	-0.09334516379775258	0.10759984856304863	-0.05736924672248412	0.08470789326859736	-0.07338692959035797	0.07507363984671786	-0.06592558751391098	0.10598868668781308
0.18240729364890448	-0.16218544903825835	0.1936661612273711	-0.16124171545510757	0.14111462368998431	-0.3013047433639702	0.22979484798047264	-0.18549462117974053	0.14649312032639283	-0.11088019746465959	0.2705492289643514	-0.4104216536627317	0.21110390570068654	-0.13571941015680056	0.10338329871979443	-0.6626810267273421	0.9999999999999925	-0.23443978342634295	0.16013111158686028	-0.18141448873235336	0.14438923653309693	-0.31466550218065714	0.09765436679678723	-0.09570249380662461	0.12298169565259337	-0.11543552360886007	0.21387904325384327	-0.09059009297393382	0.12722952471780466	-0.0824179001088932	0.09373472760176024	-0.09406238271747139	0.09652694843821365	-0.11646937179236613	0.06096818493774302	-0.09426402327309091	0.07798039649547843	-0.08065099121603052	0.07051886854676663	-0.11446521393365802
-0.1820279498595956	0.14566765314530908	-0.30507357267280133	0.219148222118287	-0.21948535994327753	0.17909491588071458	-0.2225702692372146	0.2719671906806178	-0.2745116785252921	0.17778285719831663	-0.16247721228854067	0.23749363969905465	-0.523676696027895	0.25514141161808584	-0.1823749328673053	0.18629257920296316	-0.23443978342634295	0.9999999999999907	-0.5614229959920346	0.26634907648162076	-0.0817089883585118	0.10709596768767224	-0.13119579537906034	0.190546295136933	-0.22806653233680368	0.06429103570073619	-0.11350289804799336	0.11263819680867433	-0.21551065989710777	0.11209686601303843	-0.062441316479061995	0.062249601132883296	-0.09865366489946974	0.13642692528605382	-0.08108462721054238	0.06713596818113911	-0.058118090209988246	0.08289450672223163	-0.08019467015264967	0.14422478511716322
0.14078145028593997	-0.11852854733199056	0.24773798017623547	-0.2332829525082793	0.22025980123106345	-0.15207839176620103	0.1665094558772524	-0.24017890807310313	0.2632450991758859	-0.21629165936652484	0.12451611676070375	-0.18081911451308677	0.2517706160112831	-0.44877340036350344	0.21543797081148372	-0.1546477801738785	0.16013111158686028	-0.5614229959920346	0.9999999999999899	-0.39102222910937223	0.07003567902123418	-0.08857592362527889	0.11561819436373102	-0.33295630180968505	0.24995067270333282	-0.05648789579121981	0.09334619518506844	-0.11055263821761115	0.2290930464066658	-0.12964735037839806	0.05719700803954422	-0.057906434459116474	0.10235536494516732	-0.15211069206457475	0.09122973488454296	-0.06438382751697407	0.05580641693279463	-0.08857520957855107	0.08801408778412873	-0.16479374954352438
-0.1852547436393218	0.14178155858534894	-0.41066498839236076	0.2983504521279484	-0.45289048694944184	0.16619879878919314	-0.19201846895439478	0.23485297497704397	-0.2832346828480091	0.27132600763311326	-0.1399954498699442	0.18289947145478452	-0.2366890334388176	0.2662651544531216	-0.3643747114919159	0.16661858532339338	-0.18141448873235336	0.26634907648162076	-0.39102222910937223	0.9999999999999934	-0.08751824814240391	0.10432267279580022	-0.13249035411948532	0.21530380263982726	-0.3233976617740375	0.069558224058378	-0.11563126272075298	0.1177368411972816	-0.2843345278960706	0.14389681602396567	-0.07170710042329902	0.07165655847374335	-0.1303954935335575	0.1751879507805154	-0.10606016190926308	0.07907525354071746	-0.0692583529837916	0.10609989542169897	-0.1036555821036679	0.18452793427476816
0.0636231186078373	-0.05319014663196897	0.08595166042930652	-0.07465985621675214	0.06896536501135349	-0.0906072564785096	0.07165785878486162	-0.06636726405768899	0.05975089634032422	-0.04911490098275931	0.07503706264938466	-0.08798903777861052	0.07056753475243523	-0.05612651031419815	0.045972604557874525	-0.13600800729823828	0.14438923653309693	-0.0817089883585118	0.07003567902123418	-0.08751824814240391	0.9999999999999888	-0.40166295262940804	0.0870898685204376	-0.05662709795390613	0.07544809395924257	-0.755260517756624	0.2805699100298554	-0.08354415425214311	0.08596934106462131	-0.06437924967503245	0.25725100815723256	-0.2431633913467739	0.12822754527156413	-0.11614804750152545	0.050579160295425724	-0.2523512038288841	0.1646932627722616	-0.10990257001271514	0.07859137473845623	-0.09804118028014214
-0.08449712091155687	0.07057067882889671	-0.10577706421359777	0.08917737177245748	-0.08174490641092164	0.11927450102503162	-0.09922218147045596	0.08633489747429254	-0.07566910855902989	0.06010171592455897	-0.10509429029601947	0.12730814275738622	-0.09596612081777957	0.07056196222051284	-0.05648452987175379	0.18998408163833763	-0.31466550218065714	0.10709596768767224	-0.08857592362527889	0.10432267279580022	-0.40166295262940804	0.9999999999999869	-0.15841539343248384	0.06966081603270666	-0.0883332271087269	0.24546787878044782	-0.7523470351050526	0.12724504092762157	-0.10264783631196245	0.0671589637498018	-0.17832005144889965	0.1749625392591803	-0.11165947327605862	0.10553088419646614	-0.051041168825299285	0.15027457101537808	-0.12994519682807096	0.09031511467266501	-0.06970172269621291	0.0964230052600207
0.06317770470682835	-0.05174572431657378	0.10490379184195223	-0.09733589388844636	0.09074656740932703	-0.07394742462462477	0.07011791351611685	-0.07967856495384067	0.07917847927854128	-0.0680197889115148	0.06083585590866371	-0.07758686947040394	0.08587227702264902	-0.08045352943234318	0.06450949275739108	-0.08947970987541011	0.09765436679678723	-0.13119579537906034	0.11561819436373102	-0.13249035411948532	0.0870898685204376	-0.15841539343248384	0.9999999999999903	-0.1572837379861952	0.14436197662816777	-0.06982858635413021	0.12857704426465405	-0.907221928770306	0.2129106523823483	-0.11414336320815618	0.06227027615115976	-0.06382694157578922	0.09276010861057817	-0.13046493242459514	0.07855348316933418	-0.0666677042184258	0.0568818455880858	-0.08030720805686502	0.07669369329087963	-0.14262014120897165
-0.08229740662836718	0.06728150215550871	-0.1503395333892729	0.14108860676479362	-0.13598025716113674	0.08818398951707598	-0.0917222972905328	0.11755368198914141	-0.1292438729725331	0.1096230361208566	-0.0717079580669131	0.09612050039716048	-0.12191457215636362	0.1492141342705288	-0.10864108464633801	0.09273106112563294	-0.09570249380662461	0.190546295136933	-0.33295630180968505	0.21530380263982726	-0.05662709795390613	0.06966081603270666	-0.1572837379861952	0.9999999999999898	-0.6830434302062266	0.046263096519460145	-0.07367136121924017	0.14742307835091645	-0.542755189731683	0.16670118350424543	-0.0492138588425134	0.050729450395569683	-0.10154910023840973	0.1607724208101152	-0.11343775973071957	0.05739715050938747	-0.050579666447312974	0.09012172692770887	-0.0938840421352928	0.1858354892517083
0.10744998151117531	-0.08804960379462239	0.19749781502979694	-0.19670606015925268	0.18329820729938257	-0.11717404575398904	0.11765977317496518	-0.14877288290645346	0.15533226021264765	-0.1439056885286195	0.09367469561078087	-0.12353426984454381	0.14821690221109005	-0.17409302458621218	0.13683517401528744	-0.1231235353852597	0.12298169565259337	-0.22806653233680368	0.24995067270333282	-0.3233976617740375	0.07544809395924257	-0.0883332271087269	0.14436197662816777	-0.6830434302062266	0.999999999999989	-0.06260155228805679	0.09464549768016799	-0.1503083018400566	0.3195816970460446	-0.2522457552648935	0.06908768937867969	-0.07191539679288227	0.1517394525067338	-0.2556875289789074	0.16340449259752826	-0.08319522626243943	0.07338823742073507	-0.13908955089795796	0.14586318664748488	-0.29717422657588477
-0.050819854998117885	0.04185019948200993	-0.0699519924168034	0.05946937549805262	-0.05599796145632297	0.06898169518950953	-0.05676504923213947	0.05263485383680859	-0.04792638766032031	0.03927699298672122	-0.05797415224495196	0.06776759227065152	-0.05613911259789394	0.04480733036739641	-0.03688475438180755	0.10051766860618495	-0.11543552360886007	0.06429103570073619	-0.05648789579121981	0.069558224058378	-0.755260517756624	0.24546787878044782	-0.06982858635413021	0.046263096519460145	-0.06260155228805679	0.9999999999999881	-0.33780470931953455	0.06445591337445353	-0.0713997603234359	0.05257646510284966	-0.43317069017846876	0.22746607307903632	-0.12040200111974525	0.09612992533530058	-0.04178796750780547	0.21252938074174932	-0.1657835138570383	0.0958166532380285	-0.06795188557303594	0.08051351449854938
0.08763931614000844	-0.07453709073613596	0.11259252317445759	-0.09854469115882108	0.08907094413270976	-0.13194719088027582	0.10055282376686794	-0.0912647788515763	0.08026933708031359	-0.06531282165857512	0.10905901551668977	-0.12903985711267751	0.09782524641329622	-0.07561305706679669	0.06100066289409293	-0.20822873511781528	0.21387904325384327	-0.11350289804799336	0.09334619518506844	-0.11563126272075298	0.2805699100298554	-0.7523470351050526	0.12857704426465405	-0.07367136121924017	0.09464549768016799	-0.33780470931953455	0.9999999999999837	-0.12819322211990453	0.1086726402199215	-0.07704112742968366	0.21028963142187648	-0.27543545256051255	0.1325655202152162	-0.12726599185798876	0.0590009359476408	-0.20448450653191882	0.16231676085475855	-0.11268077381984153	0.08400218530452105	-0.11332867018084469
-0.05810228714293326	0.04715802308246491	-0.09684023593342625	0.08710177147992962	-0.08298264962373973	0.06645402606898322	-0.06427681624384458	0.07242506257356067	-0.073115696803737	0.06169722402346571	-0.05529058023692522	0.07014456452346124	-0.07870037443027689	0.07377999712880838	-0.05908353839484109	0.07989958564350275	-0.09059009297393382	0.11263819680867433	-0.11055263821761115	0.1177368411972816	-0.08354415425214311	0.12724504092762157	-0.907221928770306	0.14742307835091645	-0.1503083018400566	0.06445591337445353	-0.12819322211990453	0.9999999999999851	-0.2816848020283512	0.10260537118395882	-0.05861381487613405	0.05910970784624139	-0.08682406385804611	0.11313513991371421	-0.07206984363032153	0.06061733524247359	-0.05267814280079031	0.07167289052823375	-0.0678473050664029	0.12322071934599238
0.1078150081996906	-0.0879425898131883	0.197230201338133	-0.1941422252244215	0.18064282133525475	-0.1181846497417476	0.11708249599748902	-0.14428442263617902	0.1490897300519877	-0.13657556042337457	0.09462943534955733	-0.1230829794337899	0.14435544556218524	-0.16135463496940705	0.12850729728349763	-0.12650328518738532	0.12722952471780466	-0.21551065989710777	0.2290930464066658	-0.2843345278960706	0.08596934106462131	-0.10264783631196245	0.2129106523823483	-0.542755189731683	0.3195816970460446	-0.0713997603234359	0.1086726402199215	-0.2816848020283512	0.9999999999999833	-0.34575967608392044	0.07860364769541454	-0.08207535973904657	0.17473532456759297	-0.29316260701275576	0.20729123185582332	-0.09445874299292165	0.08368077670285956	-0.159683382939608	0.1696343905271	-0.35121181591761763
-0.07197565460386379	0.056162564332500844	-0.1423728282125342	0.11338642766713632	-0.12633925147712866	0.07171653564144304	-0.07465828214364696	0.0872221336288298	-0.09137335794874665	0.0791449266444796	-0.05914950066289675	0.07513083294643662	-0.08788995249730797	0.08918388661276644	-0.07607433928424585	0.07710881352391807	-0.0824179001088932	0.11209686601303843	-0.12964735037839806	0.14389681602396567	-0.06437924967503245	0.0671589637498018	-0.11414336320815618	0.16670118350424543	-0.2522457552648935	0.05257646510284966	-0.07704112742968366	0.10260537118395882	-0.34575967608392044	0.9999999999999825	-0.06368082371126577	0.06610157241304623	-0.18426509127822294	0.20446142586969737	-0.7801913382966018	0.0726609619421563	-0.06990732697523953	0.13208618420268625	-0.17007794338162616	0.29418818161936333
0.048284128151060805	-0.03953034109450898	0.07149293138447455	-0.06102309928535909	0.058867776719410105	-0.06366738267870094	0.05291536441848447	-0.05120431956510676	0.047818781004955645	-0.039976356118622006	0.052459716308619696	-0.061305197587039464	0.053569894796921154	-0.04488810682945322	0.037568118293669434	-0.08872425452703013	0.09373472760176024	-0.062441316479061995	0.05719700803954422	-0.07170710042329902	0.25725100815723256	-0.17832005144889965	0.06227027615115976	-0.0492138588425134	0.06908768937867969	-0.43317069017846876	0.21028963142187648	-0.05861381487613405	0.07860364769541454	-0.06368082371126577	0.9999999999999831	-0.6180779645361258	0.17307029703865123	-0.13049452518937615	0.052376054957425	-0.5019140855654911	0.29594647919939626	-0.1487998231326896	0.0966606490702627	-0.10271106771983454
-0.04813697638847534	0.03914963999212277	-0.07247053508766406	0.06092935605310191	-0.059745851163544	0.06184857731606209	-0.052600757056434654	0.05112528251431206	-0.04806469147927166	0.040134574881257615	-0.051426736356118094	0.06044013472076498	-0.053557572442658116	0.045060332096089374	-0.037801419561512166	0.0854873869149023	-0.09406238271747139	0.062249601132883296	-0.057906434459116474	0.07165655847374335	-0.2431633913467739	0.1749625392591803	-0.06382694157578922	0.050729450395569683	-0.07191539679288227	0.22746607307903632	-0.27543545256051255	0.05910970784624139	-0.08207535973904657	0.06610157241304623	-0.6180779645361258	0.9999999999999822	-0.24492382228024298	0.13827509838370358	-0.055291122061310725	0.32617187225858135	-0.5600224344027332	0.1730889317636073	-0.11130519546835056	0.10782374798184466
0.07083373700546881	-0.056167374437178404	0.12806724625595875	-0.10839612268699947	0.11223382618092835	-0.0789477353460428	0.07412514886332078	-0.08066394027998837	0.08106373367788833	-0.07067508516288216	0.06423672099149304	-0.07782693273434856	0.08137040379785683	-0.07682852621568514	0.06681917787919808	-0.09334516379775258	0.09652694843821365	-0.09865366489946974	0.10235536494516732	-0.1303954935335575	0.12822754527156413	-0.11165947327605862	0.09276010861057817	-0.10154910023840973	0.1517394525067338	-0.12040200111974525	0.1325655202152162	-0.08682406385804611	0.17473532456759297	-0.18426509127822294	0.17307029703865123	-0.24492382228024298	0.9999999999999815	-0.4977829436898841	0.15864432305049078	-0.24290679147895122	0.21699037069780813	-0.6315835837270024	0.3153631431621756	-0.32793148311581777
-0.09799900430723422	0.0757303960293554	-0.19407325908101683	0.14792897265578575	-0.17047378525591658	0.09746066873513501	-0.10020699395535741	0.11308718824895021	-0.11674669690336405	0.10049265263151112	-0.08079169706159953	0.10059862840732607	-0.1135807029878325	0.10977779178328408	-0.096132583857964	0.10759984856304863	-0.11646937179236613	0.13642692528605382	-0.15211069206457475	0.1751879507805154	-0.11614804750152545	0.10553088419646614	-0.13046493242459514	0.1607724208101152	-0.2556875289789074	0.09612992533530058	-0.12726599185798876	0.11313513991371421	-0.29316260701275576	0.20446142586969737	-0.13049452518937615	0.13827509838370358	-0.4977829436898841	0.9999999999999822	-0.22725678262178675	0.1467135530504063	-0.15280121805570304	0.3056721461732729	-0.5688749273102466	0.30354267505636756
0.052630281879315434	-0.04114774669624009	0.10339723408266785	-0.0835695857722193	0.0918995772563397	-0.05301095425085834	0.05457955970100683	-0.0634437878687973	0.06606818589467339	-0.057656737000790416	0.04358828810626914	-0.055122987147414926	0.06373403384130549	-0.06432590606622425	0.05515456696429196	-0.05736924672248412	0.06096818493774302	-0.08108462721054238	0.09122973488454296	-0.10606016190926308	0.050579160295425724	-0.051041168825299285	0.07855348316933418	-0.11343775973071957	0.16340449259752826	-0.04178796750780547	0.0590009359476408	-0.07206984363032153	0.20729123185582332	-0.7801913382966018	0.052376054957425	-0.055291122061310725	0.15864432305049078	-0.22725678262178675	0.9999999999999812	-0.061501282855107926	0.059981384708960916	-0.12836016665290692	0.17170701528319954	-0.4910585565872672
-0.05225439315490997	0.04191221850590504	-0.081962835264149	0.06754474192085201	-0.06795574930567577	0.06381410882356126	-0.056204689291852565	0.055614240453477314	-0.05312894081041284	0.044521306265845925	-0.05321374176689446	0.0626288877883101	-0.05788638763929725	0.04964125598331198	-0.04203703576384406	0.08470789326859736	-0.09426402327309091	0.06713596818113911	-0.06438382751697407	0.07907525354071746	-0.2523512038288841	0.15027457101537808	-0.0666677042184258	0.05739715050938747	-0.08319522626243943	0.21252938074174932	-0.20448450653191882	0.06061733524247359	-0.09445874299292165	0.0726609619421563	-0.5019140855654911	0.32617187225858135	-0.24290679147895122	0.1467135530504063	-0.061501282855107926	0.9999999999999811	-0.6888670051974808	0.1882471622259269	-0.12917906415913966	0.11760937516010109
0.04434424906659823	-0.03580600453548057	0.07025566750246737	-0.05876502401172326	0.05885329943995177	-0.05510190482629353	0.04779419849352127	-0.047821617786339726	0.0457835187160941	-0.038636920299084165	0.04543543393460628	-0.05356721461258388	0.04953463737667666	-0.04299142913797924	0.03644377642116875	-0.07338692959035797	0.07798039649547843	-0.058118090209988246	0.05580641693279463	-0.0692583529837916	0.1646932627722616	-0.12994519682807096	0.0568818455880858	-0.050579666447312974	0.07338823742073507	-0.1657835138570383	0.16231676085475855	-0.05267814280079031	0.08368077670285956	-0.06990732697523953	0.29594647919939626	-0.5600224344027332	0.21699037069780813	-0.15280121805570304	0.059981384708960916	-0.6888670051974808	0.9999999999999809	-0.25883437108277246	0.13519082906510796	-0.11842917774854811
-0.0601941846753755	0.04716429249175415	-0.1118744598270108	0.08915921578824346	-0.09740865777714283	0.06422372009879837	-0.06251308583055067	0.0683274619653445	-0.06919443443944912	0.05955729912377434	-0.05300690640150675	0.06476612923446827	-0.0691261881955889	0.06520005650875406	-0.05667520587794022	0.07507363984671786	-0.08065099121603052	0.08289450672223163	-0.08857520957855107	0.10609989542169897	-0.10990257001271514	0.09031511467266501	-0.08030720805686502	0.09012172692770887	-0.13908955089795796	0.0958166532380285	-0.11268077381984153	0.07167289052823375	-0.159683382939608	0.13208618420268625	-0.1487998231326896	0.1730889317636073	-0.6315835837270024	0.3056721461732729	-0.12836016665290692	0.1882471622259269	-0.25883437108277246	0.9999999999999811	-0.5923091655864356	0.24128289279404186
0.05675995027019834	-0.04424831031476798	0.10932414152658672	-0.08620621891863736	0.09600989082962372	-0.05845688712349657	0.05858005877488389	-0.06562884046787712	0.0673503386009508	-0.05818391327784282	0.04821311783373153	-0.0596822030202156	0.0660816961998314	-0.06378613648945611	0.05552707307556387	-0.06592558751391098	0.07051886854676663	-0.08019467015264967	0.08801408778412873	-0.1036555821036679	0.07859137473845623	-0.06970172269621291	0.07669369329087963	-0.0938840421352928	0.14586318664748488	-0.06795188557303594	0.08400218530452105	-0.0678473050664029	0.1696343905271	-0.17007794338162616	0.0966606490702627	-0.11130519546835056	0.3153631431621756	-0.5688749273102466	0.17170701528319954	-0.12917906415913966	0.13519082906510796	-0.5923091655864356	0.9999999999999813	-0.432986089772167
-0.09944650967796032	0.07692837983829337	-0.1989224394247432	0.15228065677519556	-0.17545881829442678	0.09777270936191455	-0.10199941369209316	0.1170891889662238	-0.12205813737056323	0.10501848958962395	-0.08103643743801069	0.10196286388281622	-0.1177682859201218	0.11607955665783123	-0.10087143771742288	0.10598868668781308	-0.11446521393365802	0.14422478511716322	-0.16479374954352438	0.18452793427476816	-0.09804118028014214	0.0964230052600207	-0.14262014120897165	0.1858354892517083	-0.29717422657588477	0.08051351449854938	-0.11332867018084469	0.12322071934599238	-0.35121181591761763	0.29418818161936333	-0.10271106771983454	0.10782374798184466	-0.32793148311581777	0.30354267505636756	-0.4910585565872672	0.11760937516010109	-0.11842917774854811	0.24128289279404186	-0.432986089772167	0.9999999999999815
