1.0	-0.5243023947712251	0.2279463336649423	-0.13021828398294907	0.12917331927470566	-0.6005472937283985	0.3148401141541046	-0.27308504328137884	0.12778261392933254	-0.11835730843938086	0.24828947587259953	-0.20069039852365775	0.1666166187032314	-0.14007466193684068	0.14728895817187196	-0.3011979435232458	0.18966366209374497	-0.21215670088162872	0.08630629779373161	-0.08239732021996587	0.13218884071639678	-0.10865581469959099	0.13658997024999261	-0.08348648935102636	0.07601363854581299	-0.08537620109287541	0.09947078998562876	-0.10420627391765001	0.09294023007272945	-0.0895058648641797	0.10816684559196836	-0.09403154858152604	0.10592502006688155	-0.08650624403615303	0.07515158311945136	-0.13245429906029949	0.10858310562736763	-0.1828580546922035	0.08092924593680884	-0.10375852398712918
-0.5243023947712251	1.0	-0.433782394494687	0.15492439724541068	-0.1727369388690001	0.30233217905643633	-0.5784391371883908	0.29556027058078416	-0.13667449275316026	0.12035113909011666	-0.19221234997404524	0.17473412780654488	-0.15389560473941574	0.1280526047826139	-0.14698320262685963	0.17989877185735428	-0.16992389604791153	0.16214213942971484	-0.07213549197388783	0.06752334196577425	-0.10819893978219089	0.08860206915885566	-0.11290535372328146	0.06614835703355582	-0.061103580116664793	0.06778705865201208	-0.07985555094952104	0.08132462427916043	-0.07283396787960114	0.06812475142217851	-0.08640722545118444	0.07325439320263166	-0.08328890280075868	0.06523185793137896	-0.057516572472322516	0.09202087075286597	-0.07974927871847942	0.12040711316954442	-0.05849852474240878	0.07302373265806397
0.2279463336649423	-0.433782394494687	1.0000000000000004	-0.3222022299733144	0.22618947848754134	-0.2145399023988985	0.2656313586820363	-0.7224443234314745	0.1734936080890645	-0.1648501810672502	0.12689358012914936	-0.12768396734059334	0.12235045380903488	-0.13537244521552277	0.14225826446572137	-0.13340755462832846	0.11821304004055551	-0.13983116636381918	0.06360528364805691	-0.06083690327144768	0.07775497562509187	-0.06488747260027636	0.08237767924050304	-0.05520028763260625	0.05062041778617116	-0.04972720942071894	0.05876559903573503	-0.06173627093038613	0.05668024765303656	-0.05461709661110278	0.062741464693217	-0.05474266454085395	0.06197561545868122	-0.05102661888289227	0.04508046113787434	-0.06987874245806393	0.05897771000404506	-0.09300332461213769	0.04525758338398993	-0.05704239916007407
-0.13021828398294907	0.15492439724541068	-0.3222022299733144	1.0	-0.8729105405428985	0.10422162494864158	-0.11740723942102244	0.20356978534937828	-0.19072782881307707	0.18631466951291667	-0.07408551011438637	0.07904248689740452	-0.09134164322899281	0.1199352690034135	-0.15522087738892926	0.07853095356480813	-0.07663986572186468	0.10105773525538587	-0.05310825547952659	0.050600511208572126	-0.05547955755300681	0.04554684695594412	-0.059342323640186795	0.04335754482222867	-0.04033366819343757	0.03564160851077314	-0.04231856776212974	0.045058843837108696	-0.0427537329049154	0.041400235562967916	-0.04540796378477311	0.03956828033805148	-0.04540470289922446	0.03803316535997695	-0.03401192114984694	0.050017652679773594	-0.042877833596018544	0.06654295058463061	-0.03332858055750004	0.04175656507061318
0.12917331927470566	-0.1727369388690001	0.22618947848754134	-0.8729105405428985	1.0000000000000009	-0.11414864144621516	0.12288863206535165	-0.22885805189054598	0.18656603468815636	-0.25908644203869885	0.07917383293048208	-0.08590002290078719	0.09688852328689845	-0.13228041231293472	0.15412430791431597	-0.08655146163387209	0.08192643839883919	-0.11334703551734601	0.0569679632271911	-0.05517850975908737	0.05903429293874246	-0.048867613791993	0.06327539411792266	-0.047203685032627354	0.043452790917403866	-0.038218207085385494	0.045352052878668885	-0.048711361996248655	0.04613439899608385	-0.04520005180214366	0.0484774326962965	-0.042677756374527635	0.04874753348424188	-0.04142870521711485	0.036873924514370986	-0.05493747077560665	0.046390859577806545	-0.07385028709531595	0.03642774004562733	-0.045971754358297465
-0.6005472937283985	0.30233217905643633	-0.2145399023988985	0.10422162494864158	-0.11414864144621516	1.0000000000000009	-0.5483797689473078	0.2209919163852661	-0.11088958740791248	0.0969017724227035	-0.38793375935959123	0.1957608221869705	-0.154562623790061	0.11624984746711228	-0.12874550738960877	0.24992933305893403	-0.18706373077810548	0.16516894122150647	-0.06866054762449389	0.06418086097566561	-0.10860078531923117	0.09047613550999671	-0.11237648411378784	0.06391028404359002	-0.05870288964235921	0.06765178103333568	-0.07953659870861175	0.08055266022138992	-0.0709358982601673	0.06634629119106278	-0.08492340011728296	0.07266722974799661	-0.08150629205229486	0.06374999007057706	-0.05586331104176572	0.09075874830211167	-0.07706120141840582	0.11864250199120106	-0.05709652297416042	0.07158182668416051
0.3148401141541046	-0.5784391371883908	0.2656313586820363	-0.11740723942102244	0.12288863206535165	-0.5483797689473078	1.0000000000000009	-0.4127046297738518	0.12350207939525876	-0.10845974208691583	0.20245333251333894	-0.23413559144439552	0.1487839697183614	-0.11921641911937648	0.12537685127074294	-0.1963918695359946	0.17198217927843884	-0.15805511042636916	0.063827412681221	-0.05997954323212539	0.09133087425579063	-0.0792399516217229	0.0961994236688594	-0.057386171010012796	0.05250514004862251	-0.05756785621504054	0.06805500989401686	-0.06962225212879926	0.0615443620925215	-0.05816035288736934	0.07130259501580802	-0.06230454025032463	0.06929832190861175	-0.05521691919266254	0.0484236920384225	-0.0768191124485835	0.06445511694922243	-0.10037713764435545	0.04885603477138009	-0.06139315582748901
-0.27308504328137884	0.29556027058078416	-0.7224443234314745	0.20356978534937828	-0.22885805189054598	0.2209919163852661	-0.4127046297738518	1.0000000000000009	-0.24867282083245626	0.1758215606790956	-0.1420942759730114	0.14134702318228695	-0.14043258546536458	0.14825828430303464	-0.16506603558846508	0.13756815979389966	-0.13355798933414484	0.14564759231514735	-0.06897054076258517	0.06493770043007888	-0.08469428291602434	0.07044582180543617	-0.08972261141626454	0.05870497813209964	-0.05427712399179583	0.053595249433902446	-0.0634903638644528	0.06595775825432428	-0.06055723635248357	0.057641118010478685	-0.06776633965564763	0.05857261016316269	-0.06650688115778873	0.0539225927562527	-0.04783980426124943	0.07287948790355071	-0.06237622320448151	0.09578427996670338	-0.04750529678850068	0.059416270497087725
0.12778261392933254	-0.13667449275316026	0.1734936080890645	-0.19072782881307707	0.18656603468815636	-0.11088958740791248	0.12350207939525876	-0.24867282083245626	1.0000000000000009	-0.7641305536142889	0.09206446072722343	-0.12311382794074656	0.1703167144971415	-0.41060566207676624	0.29801723078882153	-0.09973946547440177	0.11121186309331224	-0.18406472058251783	0.1016620644375243	-0.09874275251003695	0.07346055535332488	-0.06336883099535563	0.08154725218958071	-0.07335918785028686	0.06685000755327355	-0.04792947243340172	0.05770654849844849	-0.0636935482151406	0.06286244925397391	-0.06279818118881178	0.05957463490615775	-0.05417608509796189	0.06160763567968351	-0.05507742773995449	0.049625213358467965	-0.06563817934667066	0.05473732658009257	-0.08738590893728207	0.04608939847962898	-0.05788915768823813
-0.11835730843938086	0.12035113909011666	-0.1648501810672502	0.18631466951291667	-0.25908644203869885	0.0969017724227035	-0.10845974208691583	0.1758215606790956	-0.7641305536142889	0.9999999999999998	-0.08190164625508939	0.10450602348826014	-0.14971122361465683	0.27179895242767765	-0.456401166901372	0.08734599988445792	-0.09839898262980597	0.1527096559638403	-0.09337506002052023	0.08962375264935087	-0.06664940416463484	0.056755219985565014	-0.07370530452983139	0.0657137970900247	-0.06177639189885342	0.04328316747460986	-0.052154856697404134	0.057306368807774045	-0.057107553021504574	0.05655449157848669	-0.05409838088735375	0.04880655429588084	-0.05587347014944128	0.04961182972248729	-0.04505028928258205	0.05879011847337149	-0.04950979340461975	0.07805389827597609	-0.0415382093623866	0.05188698824399669
0.24828947587259953	-0.19221234997404524	0.12689358012914936	-0.07408551011438637	0.07917383293048208	-0.38793375935959123	0.20245333251333894	-0.1420942759730114	0.09206446072722343	-0.08190164625508939	0.9999999999999987	-0.3399978246309896	0.18213563701941143	-0.12121810233546519	0.12317822366360584	-0.757541484097704	0.2603658356365077	-0.21139372654299377	0.07380554420866813	-0.06910239685783609	0.12065808723477091	-0.10811913196901127	0.1226676747678311	-0.06841301965630514	0.06189702691014669	-0.07490698477433069	0.0872804881754853	-0.0881181936420438	0.0746956031953796	-0.07030660797847431	0.08862195167929222	-0.07925463011926745	0.08512495955989009	-0.06715093080109084	0.05818231219098063	-0.09400661144843883	0.07588014105650476	-0.12023205762771537	0.058599166561692916	-0.07397808987517404
-0.20069039852365775	0.17473412780654488	-0.12768396734059334	0.07904248689740452	-0.08590002290078719	0.1957608221869705	-0.23413559144439552	0.14134702318228695	-0.12311382794074656	0.10450602348826014	-0.3399978246309896	0.9999999999999983	-0.46894183913676674	0.18221975180368954	-0.1814495393270454	0.26617992195482637	-0.6601118566189821	0.2967881128435812	-0.09922788864483797	0.08995316070037725	-0.1492241088249502	0.152262052394233	-0.16434568529213164	0.08497671808073215	-0.0771851759249937	0.09029841676066697	-0.11157181093211897	0.10741475493561947	-0.08993519618268785	0.083181931891436	-0.10451973624507452	0.09523070598763654	-0.1010612310387028	0.07856534347168898	-0.06840576538324718	0.102641161866105	-0.08292919847798313	0.12886388998699516	-0.06619067343932301	0.08265493201096494
0.1666166187032314	-0.15389560473941574	0.12235045380903488	-0.09134164322899281	0.09688852328689845	-0.154562623790061	0.1487839697183614	-0.14043258546536458	0.1703167144971415	-0.14971122361465683	0.18213563701941143	-0.46894183913676674	0.9999999999999992	-0.4274874534187815	0.2532090338696532	-0.19829115105147874	0.2805415953958753	-0.6271758477923707	0.14685142016889446	-0.134907111800373	0.13037711546393746	-0.1249485031416184	0.15107782027139355	-0.10889649248112242	0.09763509611164048	-0.08423022129896808	0.10185081226551349	-0.10903088745553276	0.09934151262468964	-0.09645069009166485	0.10045780400941362	-0.09339077079411216	0.10200794069354611	-0.08689352972037116	0.07693841055233173	-0.10681223093619582	0.08653965817585971	-0.138017572715482	0.07231720074920216	-0.09081935471270122
-0.14007466193684068	0.1280526047826139	-0.13537244521552277	0.1199352690034135	-0.13228041231293472	0.11624984746711228	-0.11921641911937648	0.14825828430303464	-0.41060566207676624	0.27179895242767765	-0.12121810233546519	0.18221975180368954	-0.4274874534187815	1.0000000000000004	-0.6643112154782798	0.1264286941244105	-0.1681989415756105	0.261091377146953	-0.2031928158507492	0.16111784351938718	-0.10170122610126828	0.08901985250555829	-0.11524153916486445	0.11236451398854844	-0.1053265045938638	0.06582777559449168	-0.08022853074384395	0.08868604244038338	-0.09089445193155186	0.08924689743298513	-0.08122088101164697	0.07430855894351855	-0.0849762122450176	0.07674179169684946	-0.07047830839520595	0.08530841669538222	-0.07160935641855594	0.11213268021616224	-0.06243221849696332	0.07727820433094165
0.14728895817187196	-0.14698320262685963	0.14225826446572137	-0.15522087738892926	0.15412430791431597	-0.12874550738960877	0.12537685127074294	-0.16506603558846508	0.29801723078882153	-0.456401166901372	0.12317822366360584	-0.1814495393270454	0.2532090338696532	-0.6643112154782798	0.9999999999999951	-0.139102017677415	0.16173973867353672	-0.30847736069772874	0.17836155404900414	-0.1982703571950778	0.10956600701823177	-0.09584646527226853	0.12368837110985466	-0.12674754337702884	0.11603587751651966	-0.07257505177199806	0.08791345012128508	-0.09980120242015203	0.10124667060974937	-0.10416057414510296	0.08956517811313716	-0.0833167413620693	0.09476933270698001	-0.08865958227701269	0.08022130069701948	-0.10035163445704934	0.08266261155016666	-0.1347309799849532	0.07263233683451992	-0.0916382438063218
-0.3011979435232458	0.17989877185735428	-0.13340755462832846	0.07853095356480813	-0.08655146163387209	0.24992933305893403	-0.1963918695359946	0.13756815979389966	-0.09973946547440177	0.08734599988445792	-0.757541484097704	0.26617992195482637	-0.19829115105147874	0.1264286941244105	-0.139102017677415	0.9999999999999957	-0.38985267649349725	0.2101251292499943	-0.08089732313719673	0.07459510134378391	-0.15765882697024372	0.13369153154313929	-0.15295515840179974	0.07657955555357983	-0.06986011805658537	0.09152332944115003	-0.10716809642861774	0.10364954975580078	-0.08673922072147132	0.07947371525100523	-0.10876152049729951	0.09396597494494853	-0.10141802959883493	0.07671312149447779	-0.06661816418046783	0.10606346187703179	-0.08745463533275284	0.1329270197209016	-0.06641667890931144	0.08283407193601919
0.18966366209374497	-0.16992389604791153	0.11821304004055551	-0.07663986572186468	0.08192643839883919	-0.18706373077810548	0.17198217927843884	-0.13355798933414484	0.11121186309331224	-0.09839898262980597	0.2603658356365077	-0.6601118566189821	0.2805415953958753	-0.1681989415756105	0.16173973867353672	-0.38985267649349725	0.9999999999999942	-0.4241703745862018	0.109397179696899	-0.1013829095818257	0.17734200909457223	-0.24288779956028944	0.19496969686363924	-0.09915042662375632	0.08820564334271376	-0.11238230267536346	0.1375572778945576	-0.13366039298036247	0.1061700525230926	-0.09902120966459148	0.12341193873338398	-0.11914684310686144	0.12033183135616964	-0.09415111158058617	0.08064516180599438	-0.12530670151545834	0.09804033145710703	-0.1561039298392355	0.07886728962168313	-0.09947082408616692
-0.21215670088162872	0.16214213942971484	-0.13983116636381918	0.10105773525538587	-0.11334703551734601	0.16516894122150647	-0.15805511042636916	0.14564759231514735	-0.18406472058251783	0.1527096559638403	-0.21139372654299377	0.2967881128435812	-0.6271758477923707	0.261091377146953	-0.30847736069772874	0.2101251292499943	-0.4241703745862018	0.9999999999999918	-0.21596459582894817	0.16322220450426222	-0.1860420327772885	0.17185671372118633	-0.23566676276907597	0.13841099794965353	-0.1296522662451045	0.11532615815176989	-0.14161629368786172	0.14609747432973974	-0.13362978605048895	0.12264785970187547	-0.13939805053461923	0.12494656005169301	-0.1393158455779712	0.1122001659599896	-0.1009431690310413	0.13411239830051247	-0.11238744220445981	0.16889913087817043	-0.09270956781497659	0.11354750893783846
0.08630629779373161	-0.07213549197388783	0.06360528364805691	-0.05310825547952659	0.0569679632271911	-0.06866054762449389	0.063827412681221	-0.06897054076258517	0.1016620644375243	-0.09337506002052023	0.07380554420866813	-0.09922788864483797	0.14685142016889446	-0.2031928158507492	0.17836155404900414	-0.08089732313719673	0.109397179696899	-0.21596459582894817	0.999999999999993	-0.8016472460740137	0.10102774693794317	-0.08825492691354914	0.12334697649483027	-0.3776156921055968	0.27713396026804354	-0.06995279904922568	0.09018771531876901	-0.12030352683572686	0.16137609448392046	-0.1715017685739918	0.08554505739571014	-0.08634502584207748	0.10465850569168629	-0.12412790491362227	0.11871111852981293	-0.08642144579902175	0.07464584016908586	-0.11781426674754679	0.08457130194400897	-0.10247191496787396
-0.08239732021996587	0.06752334196577425	-0.06083690327144768	0.050600511208572126	-0.05517850975908737	0.06418086097566561	-0.05997954323212539	0.06493770043007888	-0.09874275251003695	0.08962375264935087	-0.06910239685783609	0.08995316070037725	-0.134907111800373	0.16111784351938718	-0.1982703571950778	0.07459510134378391	-0.1013829095818257	0.16322220450426222	-0.8016472460740137	0.999999999999994	-0.09722290600388676	0.08276829006915484	-0.11792256025805214	0.27190822207075305	-0.423065772820891	0.06639008734809293	-0.08605076313195482	0.11053624760142232	-0.1561169668069398	0.1630893189534773	-0.0821497709008972	0.08113232042739213	-0.10085769767561349	0.11417476987179123	-0.12137101073287794	0.08013692390093143	-0.0705099354788363	0.10802181691718721	-0.08000913268741239	0.09380909254170497
0.13218884071639678	-0.10819893978219089	0.07775497562509187	-0.05547955755300681	0.05903429293874246	-0.10860078531923117	0.09133087425579063	-0.08469428291602434	0.07346055535332488	-0.06664940416463484	0.12065808723477091	-0.1492241088249502	0.13037711546393746	-0.10170122610126828	0.10956600701823177	-0.15765882697024372	0.17734200909457223	-0.1860420327772885	0.10102774693794317	-0.09722290600388676	0.9999999999999932	-0.5342979690641395	0.3023373167436661	-0.13713681604755576	0.1178134144765371	-0.48657402646485676	0.29504047929795846	-0.2735687826886825	0.1803559463678728	-0.16797271915427464	0.2925092025125383	-0.27212946310888114	0.22797753433678877	-0.1705757105079664	0.13706054412157312	-0.29260003123787337	0.1929477389415494	-0.3240813540954038	0.1456004391213555	-0.18997417777626902
-0.10865581469959099	0.08860206915885566	-0.06488747260027636	0.04554684695594412	-0.048867613791993	0.09047613550999671	-0.0792399516217229	0.07044582180543617	-0.06336883099535563	0.056755219985565014	-0.10811913196901127	0.152262052394233	-0.1249485031416184	0.08901985250555829	-0.09584646527226853	0.13369153154313929	-0.24288779956028944	0.17185671372118633	-0.08825492691354914	0.08276829006915484	-0.5342979690641395	0.9999999999999934	-0.6042514021610162	0.1191899383350178	-0.10208008712553128	0.2410753836555061	-0.4091677119453256	0.2503972957143211	-0.15958388307226296	0.1335790245288952	-0.225668874681627	0.2251938335939392	-0.20423758783388937	0.13580904328763987	-0.11029220682171777	0.18216984580587756	-0.13309299738583552	0.21141895099742997	-0.10800211374895263	0.13549349483828396
0.13658997024999261	-0.11290535372328146	0.08237767924050304	-0.059342323640186795	0.06327539411792266	-0.11237648411378784	0.0961994236688594	-0.08972261141626454	0.08154725218958071	-0.07370530452983139	0.1226676747678311	-0.16434568529213164	0.15107782027139355	-0.11524153916486445	0.12368837110985466	-0.15295515840179974	0.19496969686363924	-0.23566676276907597	0.12334697649483027	-0.11792256025805214	0.3023373167436661	-0.6042514021610162	0.9999999999999932	-0.18752511694130983	0.14733637994260224	-0.23037783315981125	0.28509212176107374	-0.4162169491222434	0.2223544575445209	-0.19861843743776994	0.22644156089813672	-0.26422056268028704	0.24677395870536722	-0.19597649300420186	0.15649436172139267	-0.25575534272719264	0.18185935736521652	-0.3124483401624957	0.1547873778809416	-0.19964289083170766
-0.08348648935102636	0.06614835703355582	-0.05520028763260625	0.04335754482222867	-0.047203685032627354	0.06391028404359002	-0.057386171010012796	0.05870497813209964	-0.07335918785028686	0.0657137970900247	-0.06841301965630514	0.08497671808073215	-0.10889649248112242	0.11236451398854844	-0.12674754337702884	0.07657955555357983	-0.09915042662375632	0.13841099794965353	-0.3776156921055968	0.27190822207075305	-0.13713681604755576	0.1191899383350178	-0.18752511694130983	0.9999999999999876	-0.7025612215569191	0.09699647990657079	-0.13308336146817074	0.18877363107908424	-0.39732701825670386	0.2561109714188569	-0.11831437898520826	0.12304588693898687	-0.1595427816328903	0.1926862531259525	-0.20251899004264107	0.10990209667423945	-0.09760846537625936	0.14898141052767322	-0.12475959493166126	0.14007510358855357
0.07601363854581299	-0.061103580116664793	0.05062041778617116	-0.04033366819343757	0.043452790917403866	-0.05870288964235921	0.05250514004862251	-0.05427712399179583	0.06685000755327355	-0.06177639189885342	0.06189702691014669	-0.0771851759249937	0.09763509611164048	-0.1053265045938638	0.11603587751651966	-0.06986011805658537	0.08820564334271376	-0.1296522662451045	0.27713396026804354	-0.423065772820891	0.1178134144765371	-0.10208008712553128	0.14733637994260224	-0.7025612215569191	0.9999999999999908	-0.08485945376164533	0.11301117125102415	-0.16490034552157593	0.24770715108391472	-0.37998613519201624	0.10352253366903438	-0.11014028587239898	0.13834989183862634	-0.1917798621339809	0.19798160031228385	-0.10216383133416458	0.09027227238684715	-0.14301458035034204	0.11854119061772347	-0.1421159102458032
-0.08537620109287541	0.06778705865201208	-0.04972720942071894	0.03564160851077314	-0.038218207085385494	0.06765178103333568	-0.05756785621504054	0.053595249433902446	-0.04792947243340172	0.04328316747460986	-0.07490698477433069	0.09029841676066697	-0.08423022129896808	0.06582777559449168	-0.07257505177199806	0.09152332944115003	-0.11238230267536346	0.11532615815176989	-0.06995279904922568	0.06639008734809293	-0.48657402646485676	0.2410753836555061	-0.23037783315981125	0.09699647990657079	-0.08485945376164533	0.9999999999999861	-0.428706660900528	0.21567870824168733	-0.14140641737823662	0.11890349747924371	-0.6670270061897572	0.2521703874706165	-0.20495434584534336	0.12483098145328454	-0.10028575246233104	0.2048017137234582	-0.14431240971315096	0.20416279113647717	-0.10106533787373045	0.12649097409906132
0.09947078998562876	-0.07985555094952104	0.05876559903573503	-0.04231856776212974	0.045352052878668885	-0.07953659870861175	0.06805500989401686	-0.0634903638644528	0.05770654849844849	-0.052154856697404134	0.0872804881754853	-0.11157181093211897	0.10185081226551349	-0.08022853074384395	0.08791345012128508	-0.10716809642861774	0.1375572778945576	-0.14161629368786172	0.09018771531876901	-0.08605076313195482	0.29504047929795846	-0.4091677119453256	0.28509212176107374	-0.13308336146817074	0.11301117125102415	-0.428706660900528	0.9999999999999896	-0.4464353781427217	0.2031719558713839	-0.16440067565902935	0.28557879054931806	-0.5154964351315386	0.28872068670943274	-0.17485738439800194	0.13445981111763028	-0.2072794513724145	0.1524766865838612	-0.2372879397284691	0.12861859815535606	-0.15960361371242093
-0.10420627391765001	0.08132462427916043	-0.06173627093038613	0.045058843837108696	-0.048711361996248655	0.08055266022138992	-0.06962225212879926	0.06595775825432428	-0.0636935482151406	0.057306368807774045	-0.0881181936420438	0.10741475493561947	-0.10903088745553276	0.08868604244038338	-0.09980120242015203	0.10364954975580078	-0.13366039298036247	0.14609747432973974	-0.12030352683572686	0.11053624760142232	-0.2735687826886825	0.2503972957143211	-0.4162169491222434	0.18877363107908424	-0.16490034552157593	0.21567870824168733	-0.4464353781427217	0.9999999999999861	-0.4840403487741393	0.2169925798353851	-0.24630032980844407	0.28512550382791685	-0.4451253276898327	0.23495735336769288	-0.1892062096042125	0.18661961461661997	-0.15446974542823813	0.23308087356276302	-0.15964058537717038	0.1805780279711244
0.09294023007272945	-0.07283396787960114	0.05668024765303656	-0.0427537329049154	0.04613439899608385	-0.0709358982601673	0.0615443620925215	-0.06055723635248357	0.06286244925397391	-0.057107553021504574	0.0746956031953796	-0.08993519618268785	0.09934151262468964	-0.09089445193155186	0.10124667060974937	-0.08673922072147132	0.1061700525230926	-0.13362978605048895	0.16137609448392046	-0.1561169668069398	0.1803559463678728	-0.15958388307226296	0.2223544575445209	-0.39732701825670386	0.24770715108391472	-0.14140641737823662	0.2031719558713839	-0.4840403487741393	0.9999999999999833	-0.42632493631860063	0.1648129081205159	-0.1968891340580062	0.2468943067024422	-0.46265512903266337	0.27630861921217514	-0.1559265831585263	0.13672196410528978	-0.22161853031680703	0.20042888059456096	-0.23447182063007682
-0.0895058648641797	0.06812475142217851	-0.05461709661110278	0.041400235562967916	-0.04520005180214366	0.06634629119106278	-0.05816035288736934	0.057641118010478685	-0.06279818118881178	0.05655449157848669	-0.07030660797847431	0.083181931891436	-0.09645069009166485	0.08924689743298513	-0.10416057414510296	0.07947371525100523	-0.09902120966459148	0.12264785970187547	-0.1715017685739918	0.1630893189534773	-0.16797271915427464	0.1335790245288952	-0.19861843743776994	0.2561109714188569	-0.37998613519201624	0.11890349747924371	-0.16440067565902935	0.2169925798353851	-0.42632493631860063	0.9999999999999828	-0.15074296230384807	0.15496081547653973	-0.219931997658237	0.29953626940460537	-0.6469748805636324	0.1332580085169473	-0.1275275806838117	0.18480976795570678	-0.19430264152941676	0.2026478186959462
0.10816684559196836	-0.08640722545118444	0.062741464693217	-0.04540796378477311	0.0484774326962965	-0.08492340011728296	0.07130259501580802	-0.06776633965564763	0.05957463490615775	-0.05409838088735375	0.08862195167929222	-0.10451973624507452	0.10045780400941362	-0.08122088101164697	0.08956517811313716	-0.10876152049729951	0.12341193873338398	-0.13939805053461923	0.08554505739571014	-0.0821497709008972	0.2925092025125383	-0.225668874681627	0.22644156089813672	-0.11831437898520826	0.10352253366903438	-0.6670270061897572	0.28557879054931806	-0.24630032980844407	0.1648129081205159	-0.15074296230384807	0.999999999999984	-0.36760871439315357	0.23950297208456528	-0.15879501088368256	0.12606182621935272	-0.357037157541807	0.20711544654962605	-0.29872880349780717	0.13440211587240017	-0.1729357519387375
-0.09403154858152604	0.07325439320263166	-0.05474266454085395	0.03956828033805148	-0.042677756374527635	0.07266722974799661	-0.06230454025032463	0.05857261016316269	-0.05417608509796189	0.04880655429588084	-0.07925463011926745	0.09523070598763654	-0.09339077079411216	0.07430855894351855	-0.0833167413620693	0.09396597494494853	-0.11914684310686144	0.12494656005169301	-0.08634502584207748	0.08113232042739213	-0.27212946310888114	0.2251938335939392	-0.26422056268028704	0.12304588693898687	-0.11014028587239898	0.2521703874706165	-0.5154964351315386	0.28512550382791685	-0.1968891340580062	0.15496081547653973	-0.36760871439315357	0.999999999999983	-0.6283468937799154	0.1819506601688245	-0.1422765213367635	0.19608456382974973	-0.16431233972666032	0.2279305006007969	-0.1329923088215141	0.15488392496843187
0.10592502006688155	-0.08328890280075868	0.06197561545868122	-0.04540470289922446	0.04874753348424188	-0.08150629205229486	0.06929832190861175	-0.06650688115778873	0.06160763567968351	-0.05587347014944128	0.08512495955989009	-0.1010612310387028	0.10200794069354611	-0.0849762122450176	0.09476933270698001	-0.10141802959883493	0.12033183135616964	-0.1393158455779712	0.10465850569168629	-0.10085769767561349	0.22797753433678877	-0.20423758783388937	0.24677395870536722	-0.1595427816328903	0.13834989183862634	-0.20495434584534336	0.28872068670943274	-0.4451253276898327	0.2468943067024422	-0.219931997658237	0.23950297208456528	-0.6283468937799154	0.9999999999999805	-0.309047642176066	0.19148901366455076	-0.2264349834089753	0.1808371941033975	-0.3198210423622928	0.18099683632651645	-0.21833722349494744
-0.08650624403615303	0.06523185793137896	-0.05102661888289227	0.03803316535997695	-0.04142870521711485	0.06374999007057706	-0.05521691919266254	0.0539225927562527	-0.05507742773995449	0.04961182972248729	-0.06715093080109084	0.07856534347168898	-0.08689352972037116	0.07674179169684946	-0.08865958227701269	0.07671312149447779	-0.09415111158058617	0.1122001659599896	-0.12412790491362227	0.11417476987179123	-0.1705757105079664	0.13580904328763987	-0.19597649300420186	0.1926862531259525	-0.1917798621339809	0.12483098145328454	-0.17485738439800194	0.23495735336769288	-0.46265512903266337	0.29953626940460537	-0.15879501088368256	0.1819506601688245	-0.309047642176066	0.9999999999999808	-0.5729034220333354	0.1414317813431147	-0.13979020861505886	0.21463758148918355	-0.40558034579232166	0.2774156309629866
0.07515158311945136	-0.057516572472322516	0.04508046113787434	-0.03401192114984694	0.036873924514370986	-0.05586331104176572	0.0484236920384225	-0.04783980426124943	0.049625213358467965	-0.04505028928258205	0.05818231219098063	-0.06840576538324718	0.07693841055233173	-0.07047830839520595	0.08022130069701948	-0.06661816418046783	0.08064516180599438	-0.1009431690310413	0.11871111852981293	-0.12137101073287794	0.13706054412157312	-0.11029220682171777	0.15649436172139267	-0.20251899004264107	0.19798160031228385	-0.10028575246233104	0.13445981111763028	-0.1892062096042125	0.27630861921217514	-0.6469748805636324	0.12606182621935272	-0.1422765213367635	0.19148901366455076	-0.5729034220333354	0.9999999999999823	-0.12231197205179929	0.11804006329986133	-0.19051618820475855	0.227963633103144	-0.2903281916648712
-0.13245429906029949	0.09202087075286597	-0.06987874245806393	0.050017652679773594	-0.05493747077560665	0.09075874830211167	-0.0768191124485835	0.07287948790355071	-0.06563817934667066	0.05879011847337149	-0.09400661144843883	0.102641161866105	-0.10681223093619582	0.08530841669538222	-0.10035163445704934	0.10606346187703179	-0.12530670151545834	0.13411239830051247	-0.08642144579902175	0.08013692390093143	-0.29260003123787337	0.18216984580587756	-0.25575534272719264	0.10990209667423945	-0.10216383133416458	0.2048017137234582	-0.2072794513724145	0.18661961461661997	-0.1559265831585263	0.1332580085169473	-0.357037157541807	0.19608456382974973	-0.2264349834089753	0.1414317813431147	-0.12231197205179929	0.9999999999999818	-0.7273402203979683	0.3057417714821773	-0.13442589979139938	0.16116326452370267
0.10858310562736763	-0.07974927871847942	0.05897771000404506	-0.042877833596018544	0.046390859577806545	-0.07706120141840582	0.06445511694922243	-0.06237622320448151	0.05473732658009257	-0.04950979340461975	0.07588014105650476	-0.08292919847798313	0.08653965817585971	-0.07160935641855594	0.08266261155016666	-0.08745463533275284	0.09804033145710703	-0.11238744220445981	0.07464584016908586	-0.0705099354788363	0.1929477389415494	-0.13309299738583552	0.18185935736521652	-0.09760846537625936	0.09027227238684715	-0.14431240971315096	0.1524766865838612	-0.15446974542823813	0.13672196410528978	-0.1275275806838117	0.20711544654962605	-0.16431233972666032	0.1808371941033975	-0.13979020861505886	0.11804006329986133	-0.7273402203979683	0.9999999999999811	-0.5407401631555315	0.1629184384249474	-0.20844283417072523
-0.1828580546922035	0.12040711316954442	-0.09300332461213769	0.06654295058463061	-0.07385028709531595	0.11864250199120106	-0.10037713764435545	0.09578427996670338	-0.08738590893728207	0.07805389827597609	-0.12023205762771537	0.12886388998699516	-0.138017572715482	0.11213268021616224	-0.1347309799849532	0.1329270197209016	-0.1561039298392355	0.16889913087817043	-0.11781426674754679	0.10802181691718721	-0.3240813540954038	0.21141895099742997	-0.3124483401624957	0.14898141052767322	-0.14301458035034204	0.20416279113647717	-0.2372879397284691	0.23308087356276302	-0.22161853031680703	0.18480976795570678	-0.29872880349780717	0.2279305006007969	-0.3198210423622928	0.21463758148918355	-0.19051618820475855	0.3057417714821773	-0.5407401631555315	0.9999999999999811	-0.3272337214257236	0.258825253736193
0.08092924593680884	-0.05849852474240878	0.04525758338398993	-0.03332858055750004	0.03642774004562733	-0.05709652297416042	0.04885603477138009	-0.04750529678850068	0.04608939847962898	-0.0415382093623866	0.058599166561692916	-0.06619067343932301	0.07231720074920216	-0.06243221849696332	0.07263233683451992	-0.06641667890931144	0.07886728962168313	-0.09270956781497659	0.08457130194400897	-0.08000913268741239	0.1456004391213555	-0.10800211374895263	0.1547873778809416	-0.12475959493166126	0.11854119061772347	-0.10106533787373045	0.12861859815535606	-0.15964058537717038	0.20042888059456096	-0.19430264152941676	0.13440211587240017	-0.1329923088215141	0.18099683632651645	-0.40558034579232166	0.227963633103144	-0.13442589979139938	0.1629184384249474	-0.3272337214257236	0.9999999999999813	-0.7850768533606339
-0.10375852398712918	0.07302373265806397	-0.05704239916007407	0.04175656507061318	-0.045971754358297465	0.07158182668416051	-0.06139315582748901	0.059416270497087725	-0.05788915768823813	0.05188698824399669	-0.07397808987517404	0.08265493201096494	-0.09081935471270122	0.07727820433094165	-0.0916382438063218	0.08283407193601919	-0.09947082408616692	0.11354750893783846	-0.10247191496787396	0.09380909254170497	-0.18997417777626902	0.13549349483828396	-0.19964289083170766	0.14007510358855357	-0.1421159102458032	0.12649097409906132	-0.15960361371242093	0.1805780279711244	-0.23447182063007682	0.2026478186959462	-0.1729357519387375	0.15488392496843187	-0.21833722349494744	0.2774156309629866	-0.2903281916648712	0.16116326452370267	-0.20844283417072523	0.258825253736193	-0.7850768533606339	0.9999999999999813
