1.0	-0.271530215729362	0.1743712633609458	-0.09068928357154951	0.10018681801104923	-0.7970927876778273	0.28312792730653047	-0.1027742378396728	0.09641822780774399	-0.07562216251178042	0.23931757881870871	-0.2539528225787227	0.10401611433839177	-0.10612044206641684	0.0655212920504858	-0.1902909174497077	0.16373447436015562	-0.12320281983820205	0.12262924102710193	-0.15112886925444763	0.13326339369650608	-0.13701908990612016	0.13411213317825876	-0.13846113780499947	0.11669419751612811	-0.11703028403571039	0.10315698159274905	-0.13875798156382046	0.10762429157539471	-0.25050087765569756
-0.271530215729362	1.0000000000000004	-0.6470068139662348	0.1834251499492849	-0.21300999853314775	0.20034076122717737	-0.5514599542844164	0.15047304074791726	-0.1441051011605934	0.08417157069494056	-0.17315606754991872	0.2025579545375395	-0.12713899627192052	0.1238039889180151	-0.07447840594028071	0.1254630962830119	-0.146458642488996	0.12382631229674271	-0.12720259260815328	0.14201545661384044	-0.11260281426985021	0.1116298141605114	-0.13191110734570627	0.12859129972183928	-0.11013309224252324	0.09323702990811539	-0.08935686790167965	0.1256765214816714	-0.10162239903550438	0.2259610735676588
0.1743712633609458	-0.6470068139662348	1.0	-0.35970271667305476	0.2530659827142419	-0.14371392771275973	0.2732672413641679	-0.2440391989345073	0.19143293446776688	-0.11965894315295286	0.14839589643365325	-0.19627856831124169	0.16573250293265662	-0.17223364756353654	0.10253769948629117	-0.12072325702937999	0.14185808309673617	-0.1626064803929888	0.16593233290877768	-0.2077544782316248	0.11457999626173145	-0.12091101663094456	0.16367071654820606	-0.17888676678330942	0.15841908445513497	-0.1037735739079073	0.09866510650931327	-0.1656902273299572	0.13560191837857094	-0.34455113707665214
-0.09068928357154951	0.1834251499492849	-0.35970271667305476	1.0000000000000004	-0.8643017556934467	0.07013337823878982	-0.13689080566926376	0.14652894626850574	-0.18450824645798927	0.08696773804159152	-0.07849419696949823	0.0968739111905523	-0.1085294486798244	0.1193414332079398	-0.07657943707098763	0.06287300819942326	-0.07603598120888355	0.09364393257080957	-0.0992727630949287	0.10916146889617913	-0.06145393690636453	0.06394937848056138	-0.093222816823671	0.09479844842444991	-0.08388103837660513	0.05454331043609592	-0.05280213341675288	0.08821920757449148	-0.07336207438331303	0.1692673238638075
0.10018681801104923	-0.21300999853314775	0.2530659827142419	-0.8643017556934467	1.000000000000001	-0.07932360205573945	0.1466672122046533	-0.1530542031498989	0.15867301373770681	-0.1100021612631316	0.09122166277620572	-0.11634639853303058	0.11779416686325053	-0.1353204384132276	0.09048470613579984	-0.07504394438511197	0.09000641677574597	-0.11284824117961162	0.11847127114039496	-0.1457245811944172	0.07386258684846576	-0.07807515919752155	0.11338605533825892	-0.1237070733896489	0.11094150705770674	-0.06738676100124488	0.06472701716614407	-0.11285596693178013	0.09379600626140493	-0.23628413377983967
-0.7970927876778273	0.20034076122717737	-0.14371392771275973	0.07013337823878982	-0.07932360205573945	1.000000000000001	-0.3932364387078792	0.08114611864113211	-0.0765758595661621	0.05603968583859263	-0.33230301371800386	0.22034833878921634	-0.08252990851977558	0.08157674344776471	-0.0490713650179594	0.17383463757151238	-0.15108690216578963	0.09567920815264498	-0.09451640467902356	0.10764084241104838	-0.12072478176224281	0.11513021412769854	-0.1053739542545675	0.10114000834245017	-0.08365181696488672	0.09621375546136496	-0.08646848220680796	0.10438205866474043	-0.080584885675793	0.17264837983059883
0.28312792730653047	-0.5514599542844164	0.2732672413641679	-0.13689080566926376	0.1466672122046533	-0.3932364387078792	1.0000000000000007	-0.15944884673630344	0.14121022755707544	-0.10346376940467897	0.23882266715931616	-0.408460227730885	0.146352567070981	-0.14786489158098035	0.08955666039339102	-0.1880077273423548	0.20843925994395157	-0.1635512925449937	0.16295986428203552	-0.1999248401292377	0.15462068404673168	-0.1623862708337679	0.1728580638185311	-0.17947953580286827	0.1537351363381469	-0.13403300629453385	0.1242485670643829	-0.1758443541135493	0.13884164424913556	-0.33065575719643514
-0.1027742378396728	0.15047304074791726	-0.2440391989345073	0.14652894626850574	-0.1530542031498989	0.08114611864113211	-0.15944884673630344	0.9999999999999999	-0.7342225776795062	0.13668085791298346	-0.10320835956447257	0.12970699076164846	-0.4829082305408078	0.3002762037464225	-0.13011626639330148	0.08499448705602873	-0.11168478222075619	0.19484689574434277	-0.2000843446727806	0.1402262768893236	-0.0847069872901449	0.08969234357478921	-0.1583829669239509	0.12743662878760334	-0.10863527269342717	0.07346861063058396	-0.07337296500811279	0.12341078329003861	-0.10296497397905224	0.17071603160983762
0.09641822780774399	-0.1441051011605934	0.19143293446776688	-0.18450824645798927	0.15867301373770681	-0.0765758595661621	0.14121022755707544	-0.7342225776795062	0.9999999999999993	-0.18852091422174608	0.09830614040607312	-0.12658140254863198	0.30181200631207117	-0.4737044612590487	0.1576938704525213	-0.08306315521739037	0.10656199604985565	-0.19333343816825826	0.19495628886116914	-0.15461942776362636	0.08269736078069935	-0.08897467316353272	0.14953244318315373	-0.1357349202454114	0.11535537054426145	-0.07385127655905938	0.07285665332034165	-0.12813776257805654	0.10524699980704527	-0.1868203122083012
-0.07562216251178042	0.08417157069494056	-0.11965894315295286	0.08696773804159152	-0.1100021612631316	0.05603968583859263	-0.10346376940467897	0.13668085791298346	-0.18852091422174608	1.000000000000001	-0.07406145811860329	0.08501337961528153	-0.17870336580270207	0.20945327006609016	-0.912216205513648	0.05972369297641661	-0.07766043096232444	0.12090783435664677	-0.1514450243620256	0.1471194595535667	-0.06193235590458931	0.063818190349773	-0.11608651011313977	0.09954622698401022	-0.11479752276607089	0.052819911558496975	-0.053682175284848636	0.08982458941043456	-0.08339285926082672	0.12915945516115013
0.23931757881870871	-0.17315606754991872	0.14839589643365325	-0.07849419696949823	0.09122166277620572	-0.33230301371800386	0.23882266715931616	-0.10320835956447257	0.09830614040607312	-0.07406145811860329	0.9999999999999996	-0.5034967219532049	0.11819077851686594	-0.11380737991931258	0.06538550229697124	-0.6165625740318037	0.2986511751976339	-0.14706383935981945	0.13700072703153132	-0.14104152713844315	0.24103554789883666	-0.23298337129742722	0.16173317410457408	-0.1420471087904413	0.11036418006146115	-0.1931543166921974	0.15924150543260818	-0.1601525657367113	0.116685254138759	-0.21281928537005002
-0.2539528225787227	0.2025579545375395	-0.19627856831124169	0.0968739111905523	-0.11634639853303058	0.22034833878921634	-0.408460227730885	0.12970699076164846	-0.12658140254863198	0.08501337961528153	-0.5034967219532049	0.9999999999999969	-0.16742247831315066	0.14031346387564184	-0.07711932865669506	0.2965015044605873	-0.5463236846249817	0.1790037532637944	-0.17108976482934302	0.14926860727642802	-0.2525748225216142	0.23665234103446373	-0.19622370410920364	0.151011834595663	-0.11860295283595347	0.17498160237363033	-0.17942747320558805	0.1688648343035829	-0.12957823702850177	0.21238007580259466
0.10401611433839177	-0.12713899627192052	0.16573250293265662	-0.1085294486798244	0.11779416686325053	-0.08252990851977558	0.146352567070981	-0.4829082305408078	0.30181200631207117	-0.17870336580270207	0.11819077851686594	-0.16742247831315066	1.0000000000000047	-0.6253011799778802	0.16059150192638896	-0.10296949745189975	0.1401160675427035	-0.40917434011205545	0.2687158484846498	-0.17416540420520954	0.10091677250627029	-0.11181908386133844	0.2003229389016447	-0.15999465951556022	0.12949795128022423	-0.08940472712749763	0.08918604767623947	-0.15894585301576777	0.12509954120998773	-0.18933762671246418
-0.10612044206641684	0.1238039889180151	-0.17223364756353654	0.1193414332079398	-0.1353204384132276	0.08157674344776471	-0.14786489158098035	0.3002762037464225	-0.4737044612590487	0.20945327006609016	-0.11380737991931258	0.14031346387564184	-0.6253011799778802	1.0000000000000024	-0.2676307180334268	0.09539371948463173	-0.1294357360571423	0.26090150850418287	-0.3664210403911722	0.17832058966142034	-0.09700185120722606	0.10352046335133741	-0.19754975574248687	0.15580880642316183	-0.1372214485052886	0.08389078071146473	-0.0850416765239394	0.14661997727795467	-0.1265677836573009	0.1820015066809708
0.0655212920504858	-0.07447840594028071	0.10253769948629117	-0.07657943707098763	0.09048470613579984	-0.0490713650179594	0.08955666039339102	-0.13011626639330148	0.1576938704525213	-0.912216205513648	0.06538550229697124	-0.07711932865669506	0.16059150192638896	-0.2676307180334268	0.9999999999999973	-0.0536923174466329	0.06956815238922696	-0.11594724393916414	0.14030833252522068	-0.1671333951320068	0.05539713932136718	-0.05793888645414139	0.10392124039969698	-0.09549189067368696	0.11002181971864378	-0.04809936779497948	0.04856398392341092	-0.0838706235969788	0.07685112349168359	-0.12701757023110327
-0.1902909174497077	0.1254630962830119	-0.12072325702937999	0.06287300819942326	-0.07504394438511197	0.17383463757151238	-0.1880077273423548	0.08499448705602873	-0.08306315521739037	0.05972369297641661	-0.6165625740318037	0.2965015044605873	-0.10296949745189975	0.09539371948463173	-0.0536923174466329	1.000000000000002	-0.5025675357508306	0.1382766743923011	-0.1266014154402124	0.11176571217627136	-0.4372295344927835	0.2589305236164453	-0.1576643598829321	0.11847969501707559	-0.08892193678782284	0.2046908997550855	-0.18464329686000172	0.1426182110646301	-0.10339672808666152	0.15783234234648924
0.16373447436015562	-0.146458642488996	0.14185808309673617	-0.07603598120888355	0.09000641677574597	-0.15108690216578963	0.20843925994395157	-0.11168478222075619	0.10656199604985565	-0.07766043096232444	0.2986511751976339	-0.5463236846249817	0.1401160675427035	-0.1294357360571423	0.06956815238922696	-0.5025675357508306	1.000000000000003	-0.23148549625358367	0.17006636095964353	-0.1456234656890949	0.2789676912757971	-0.4461872136690822	0.20086398453690585	-0.15236086328304965	0.11362617058021487	-0.22261786006959342	0.20948260282768394	-0.18266047933266627	0.1288375065484769	-0.1985908606552316
-0.12320281983820205	0.12382631229674271	-0.1626064803929888	0.09364393257080957	-0.11284824117961162	0.09567920815264498	-0.1635512925449937	0.19484689574434277	-0.19333343816825826	0.12090783435664677	-0.14706383935981945	0.1790037532637944	-0.40917434011205545	0.26090150850418287	-0.11594724393916414	0.1382766743923011	-0.23148549625358367	1.0000000000000033	-0.6247340423065146	0.21620515357393397	-0.1393776620486909	0.1601750844835429	-0.4551920860515025	0.2138489101570541	-0.17020627517449977	0.12050474848908127	-0.12540938306688101	0.22522599877308808	-0.17915815476875224	0.21024478786599987
0.12262924102710193	-0.12720259260815328	0.16593233290877768	-0.0992727630949287	0.11847127114039496	-0.09451640467902356	0.16295986428203552	-0.2000843446727806	0.19495628886116914	-0.1514450243620256	0.13700072703153132	-0.17108976482934302	0.2687158484846498	-0.3664210403911722	0.14030833252522068	-0.1266014154402124	0.17006636095964353	-0.6247340423065146	0.9999999999999978	-0.38930966532936395	0.1277307208115217	-0.14553652136945855	0.27384625833817	-0.30340895402103363	0.2257386227900244	-0.11790685421308356	0.11827065517845206	-0.23676286499213053	0.19841258420078656	-0.27074684834673385
-0.15112886925444763	0.14201545661384044	-0.2077544782316248	0.10916146889617913	-0.1457245811944172	0.10764084241104838	-0.1999248401292377	0.1402262768893236	-0.15461942776362636	0.1471194595535667	-0.14104152713844315	0.14926860727642802	-0.17416540420520954	0.17832058966142034	-0.1671333951320068	0.11176571217627136	-0.1456234656890949	0.21620515357393397	-0.38930966532936395	0.9999999999999992	-0.11977724885366983	0.12141084509112854	-0.2385529800133609	0.24509619070839997	-0.7061119724003486	0.10099063532815417	-0.10534921951056989	0.1817696432076704	-0.20752419190898436	0.30275039333880727
0.13326339369650608	-0.11260281426985021	0.11457999626173145	-0.06145393690636453	0.07386258684846576	-0.12072478176224281	0.15462068404673168	-0.0847069872901449	0.08269736078069935	-0.06193235590458931	0.24103554789883666	-0.2525748225216142	0.10091677250627029	-0.09700185120722606	0.05539713932136718	-0.4372295344927835	0.2789676912757971	-0.1393776620486909	0.1277307208115217	-0.11977724885366983	0.9999999999999969	-0.5508487642520017	0.18633643308273076	-0.1389541595211457	0.09614144397507723	-0.5359551016263009	0.3019894610599385	-0.19094903911146976	0.12430307396467519	-0.16775323856548374
-0.13701908990612016	0.1116298141605114	-0.12091101663094456	0.06394937848056138	-0.07807515919752155	0.11513021412769854	-0.1623862708337679	0.08969234357478921	-0.08897467316353272	0.063818190349773	-0.23298337129742722	0.23665234103446373	-0.11181908386133844	0.10352046335133741	-0.05793888645414139	0.2589305236164453	-0.4461872136690822	0.1601750844835429	-0.14553652136945855	0.12141084509112854	-0.5508487642520017	0.9999999999999968	-0.2654092866086235	0.14501922978933074	-0.09892254590593935	0.3097342625548113	-0.5128234074046455	0.20799540305284972	-0.13930648901296055	0.16148369302158944
0.13411213317825876	-0.13191110734570627	0.16367071654820606	-0.093222816823671	0.11338605533825892	-0.1053739542545675	0.1728580638185311	-0.1583829669239509	0.14953244318315373	-0.11608651011313977	0.16173317410457408	-0.19622370410920364	0.2003229389016447	-0.19754975574248687	0.10392124039969698	-0.1576643598829321	0.20086398453690585	-0.4551920860515025	0.27384625833817	-0.2385529800133609	0.18633643308273076	-0.2654092866086235	0.9999999999999957	-0.35496827983047446	0.18873734390704144	-0.19137719729738883	0.19885953455653957	-0.5828665766109519	0.27292287816099503	-0.2763216088587961
-0.13846113780499947	0.12859129972183928	-0.17888676678330942	0.09479844842444991	-0.1237070733896489	0.10114000834245017	-0.17947953580286827	0.12743662878760334	-0.1357349202454114	0.09954622698401022	-0.1420471087904413	0.151011834595663	-0.15999465951556022	0.15580880642316183	-0.09549189067368696	0.11847969501707559	-0.15236086328304965	0.2138489101570541	-0.30340895402103363	0.24509619070839997	-0.1389541595211457	0.14501922978933074	-0.35496827983047446	0.9999999999999959	-0.33424774777567734	0.12441142196865396	-0.13792010109485647	0.2958807827496033	-0.6897512235913071	0.26434494638185957
0.11669419751612811	-0.11013309224252324	0.15841908445513497	-0.08388103837660513	0.11094150705770674	-0.08365181696488672	0.1537351363381469	-0.10863527269342717	0.11535537054426145	-0.11479752276607089	0.11036418006146115	-0.11860295283595347	0.12949795128022423	-0.1372214485052886	0.11002181971864378	-0.08892193678782284	0.11362617058021487	-0.17020627517449977	0.2257386227900244	-0.7061119724003486	0.09614144397507723	-0.09892254590593935	0.18873734390704144	-0.33424774777567734	0.9999999999999948	-0.08400858458384171	0.08734936204620329	-0.16649538759073895	0.2017488653125873	-0.5125334543277797
-0.11703028403571039	0.09323702990811539	-0.1037735739079073	0.05454331043609592	-0.06738676100124488	0.09621375546136496	-0.13403300629453385	0.07346861063058396	-0.07385127655905938	0.052819911558496975	-0.1931543166921974	0.17498160237363033	-0.08940472712749763	0.08389078071146473	-0.04809936779497948	0.2046908997550855	-0.22261786006959342	0.12050474848908127	-0.11790685421308356	0.10099063532815417	-0.5359551016263009	0.3097342625548113	-0.19137719729738883	0.12441142196865396	-0.08400858458384171	0.9999999999999944	-0.707179699026268	0.19327576957606826	-0.13287259991634606	0.13588847837612295
0.10315698159274905	-0.08935686790167965	0.09866510650931327	-0.05280213341675288	0.06472701716614407	-0.08646848220680796	0.1242485670643829	-0.07337296500811279	0.07285665332034165	-0.053682175284848636	0.15924150543260818	-0.17942747320558805	0.08918604767623947	-0.0850416765239394	0.04856398392341092	-0.18464329686000172	0.20948260282768394	-0.12540938306688101	0.11827065517845206	-0.10534921951056989	0.3019894610599385	-0.5128234074046455	0.19885953455653957	-0.13792010109485647	0.08734936204620329	-0.707179699026268	0.9999999999999947	-0.2845130063461766	0.14324564264119144	-0.14185322710378717
-0.13875798156382046	0.1256765214816714	-0.1656902273299572	0.08821920757449148	-0.11285596693178013	0.10438205866474043	-0.1758443541135493	0.12341078329003861	-0.12813776257805654	0.08982458941043456	-0.1601525657367113	0.1688648343035829	-0.15894585301576777	0.14661997727795467	-0.0838706235969788	0.1426182110646301	-0.18266047933266627	0.22522599877308808	-0.23676286499213053	0.1817696432076704	-0.19094903911146976	0.20799540305284972	-0.5828665766109519	0.2958807827496033	-0.16649538759073895	0.19327576957606826	-0.2845130063461766	0.9999999999999946	-0.547751632978625	0.222490549068602
0.10762429157539471	-0.10162239903550438	0.13560191837857094	-0.07336207438331303	0.09379600626140493	-0.080584885675793	0.13884164424913556	-0.10296497397905224	0.10524699980704527	-0.08339285926082672	0.116685254138759	-0.12957823702850177	0.12509954120998773	-0.1265677836573009	0.07685112349168359	-0.10339672808666152	0.1288375065484769	-0.17915815476875224	0.19841258420078656	-0.20752419190898436	0.12430307396467519	-0.13930648901296055	0.27292287816099503	-0.6897512235913071	0.2017488653125873	-0.13287259991634606	0.14324564264119144	-0.547751632978625	0.9999999999999944	-0.27138308962522667
-0.25050087765569756	0.2259610735676588	-0.34455113707665214	0.1692673238638075	-0.23628413377983967	0.17264837983059883	-0.33065575719643514	0.17071603160983762	-0.1868203122083012	0.12915945516115013	-0.21281928537005002	0.21238007580259466	-0.18933762671246418	0.1820015066809708	-0.12701757023110327	0.15783234234648924	-0.1985908606552316	0.21024478786599987	-0.27074684834673385	0.30275039333880727	-0.16775323856548374	0.16148369302158944	-0.2763216088587961	0.26434494638185957	-0.5125334543277797	0.13588847837612295	-0.14185322710378717	0.222490549068602	-0.27138308962522667	0.9999999999999944
