1.0	-0.36924141206219396	0.16198573568999336	-0.1214539242389065	0.1673193811462443	-0.8408847622732482	0.2051373811054677	-0.14141747920480685	0.1228518467295028	-0.09850063076658797	0.13830575359030262	-0.19028799994074244	0.12160649883718419	-0.09114448720025727	0.09768890422365446	-0.14975958126263658	0.07533287484323536	-0.06622122848768111	0.064568943131747	-0.07159223026993375	0.08798457612133824	-0.05707039192398627	0.06479639040653319	-0.06514474618853953	0.05247743455926895	-0.06266583342289946	0.05245466594392243	-0.05991167611009235	0.06706208812031923	-0.05668945313061446	0.05323603758293406	-0.05369681517036417	0.058907315001472255	-0.05976716424452969	0.06202349587747375	-0.06057537619629957	0.05001948425640101	-0.051856561358037234	0.054767209744140004	-0.0485933966110155	0.06274631396632098	-0.043899804057510164	0.05254672647568302	-0.04966344213559354	0.060793286411686305
-0.36924141206219396	1.0	-0.5702160298619116	0.291030375261927	-0.4421699060563673	0.2444804020400439	-0.29802828553379584	0.20246781784616633	-0.2564809196210171	0.19626030819400261	-0.09730052884682899	0.24335371321370072	-0.2078257058854518	0.1585532037520303	-0.1838032321924191	0.09609716351503655	-0.11280036227523567	0.09856107387284448	-0.11027046869255076	0.1208839681460947	-0.13516876753828785	0.08673332848675307	-0.10297410915708069	0.10793904236879721	-0.08863247748443256	0.0950836560619816	-0.08198074269642806	0.09377421551838583	-0.11202030091309376	0.09413061059169893	-0.08506427301122635	0.08586303650875877	-0.0960133533080076	0.09775250230453086	-0.10554590326945208	0.09574826519339674	-0.08158241535484377	0.08421307077668334	-0.09080295676258826	0.08109891050124933	-0.10471139644274918	0.07218263693974968	-0.08784633397020897	0.08218664421228397	-0.10324010311212178
0.16198573568999336	-0.5702160298619116	1.0000000000000004	-0.6683478836035741	0.30497921936735073	-0.168579725597993	0.18062665443471015	-0.17660315779689664	0.20374328864747235	-0.1715976461033457	0.06535705682264438	-0.20935689062982446	0.1508577691957923	-0.12740569266371074	0.1368581046589684	-0.06928899720408944	0.08555506523652708	-0.07669864548030267	0.08469792698583421	-0.09575807446238802	0.09748657827441494	-0.0656337995517829	0.07713620752457896	-0.08388775489592662	0.06768339563211359	-0.0717439060163315	0.06136783121941872	-0.0715267178485272	0.08394413288601307	-0.07292550937639679	0.06329355040704844	-0.06469140249663426	0.07163727865041433	-0.07430246071932545	0.07820587541461858	-0.07257916930584873	0.06084439637401757	-0.06346062502011725	0.06765442829496429	-0.061105572447544665	0.07696703751554847	-0.0537681661096775	0.06479934967717776	-0.061502977889044935	0.07594344737218692
-0.1214539242389065	0.291030375261927	-0.6683478836035741	0.9999999999999998	-0.5722275948331462	0.12110623300577904	-0.1574044220157328	0.14991084397705556	-0.2969178617780108	0.20567555061221932	-0.0530625476604741	0.18037853884769575	-0.14765797616941304	0.13282543439166083	-0.15104119319271236	0.055264267990353104	-0.07859680630210668	0.07052779574803879	-0.08444377394100538	0.09472477627823837	-0.0891404105914212	0.06019513839006518	-0.07177763271311488	0.08070585581204659	-0.06549919503367102	0.06562379489488625	-0.056573562287470375	0.06621832336920425	-0.07977957903232903	0.06943872452767398	-0.05834102016916945	0.059809711391114	-0.06664189458814669	0.06959166405521951	-0.07393570294573497	0.0667582136994975	-0.056396756898165874	0.058936706432477136	-0.06321211820871826	0.05727279502051905	-0.07130284323182898	0.04983831516627724	-0.06023131332520935	0.05725624737205856	-0.07106220161667814
0.1673193811462443	-0.4421699060563673	0.30497921936735073	-0.5722275948331462	1.0	-0.18773546134116503	0.2105274930300604	-0.1936500372404621	0.2799066336293366	-0.36234981229727586	0.08251019668281157	-0.30448429860177256	0.1919549715737107	-0.1858674210309402	0.20803480082247947	-0.08864972817320123	0.12213896153789312	-0.11046561725109336	0.12480158202601102	-0.14532195428198905	0.14132126031440742	-0.09617636654264702	0.11202991095290621	-0.12514766858376447	0.10073617126427155	-0.10587637618303473	0.08981400983682865	-0.10501880641198831	0.12364163042336773	-0.10956939001534224	0.09331623899416705	-0.09573526943326596	0.1054823043540014	-0.1104521211058057	0.11554492620415721	-0.10797838758177304	0.08992106453188133	-0.09406515519527535	0.09994859462794961	-0.09101669822727534	0.11360441925818413	-0.07961694389539625	0.09570552146893609	-0.09127291017340845	0.11213696337262669
-0.8408847622732482	0.2444804020400439	-0.168579725597993	0.12110623300577904	-0.18773546134116503	0.9999999999999998	-0.28920257094053037	0.15357892575436868	-0.1376793917326228	0.10667767331946494	-0.18746844922985748	0.1861290035988323	-0.14027808099293784	0.09940099918819494	-0.10898287407586418	0.15219057666763017	-0.07998461982144922	0.0693762152971455	-0.069745258994547	0.07633241585852359	-0.09514892196249274	0.060228673457759375	-0.06910683256053039	0.06924997178669316	-0.05613862019872961	0.06605711131527921	-0.05572497082028578	0.06322000509711101	-0.07178164253827263	0.06008132956953329	-0.05661027141963798	0.05686043231195501	-0.06274709029020319	0.06337190206128376	-0.06647463809416589	0.06386354879474458	-0.053200899306327404	0.054985191756332555	-0.05841090596378194	0.05167574224785162	-0.06706800436531493	0.04670487119526417	-0.05614643483329879	0.05282279377945864	-0.06512733255072407
0.2051373811054677	-0.29802828553379584	0.18062665443471015	-0.1574044220157328	0.2105274930300604	-0.28920257094053037	0.9999999999999994	-0.5933624978630727	0.21875095989418578	-0.1790005434739421	0.08780017476715096	-0.5346932586565012	0.2792329914955884	-0.19610421532460906	0.18367290171636505	-0.08997807647716835	0.14544903699253817	-0.1297270028571445	0.12183189161108868	-0.13463027859228055	0.13037765704119986	-0.09452266294014319	0.11522477084669895	-0.11876773221586624	0.09383817706021723	-0.09767356440942762	0.08730059556510704	-0.10549089370036258	0.11668424882656782	-0.10037408616029511	0.08559080133827597	-0.08871801398070664	0.09907181867321162	-0.1022867726963869	0.10497566050489299	-0.09764245563081322	0.08238726306146647	-0.0868005320118247	0.09183170900970991	-0.08205542784914212	0.10194724733577613	-0.07206636202538509	0.0862850724700262	-0.08255663667046417	0.10071373970756946
-0.14141747920480685	0.20246781784616633	-0.17660315779689664	0.14991084397705556	-0.1936500372404621	0.15357892575436868	-0.5933624978630727	0.999999999999999	-0.3103454591999526	0.20085758266470502	-0.0632463361025169	0.2823169450856302	-0.5909039155498481	0.2390487679602788	-0.23074617577558698	0.06399109500046478	-0.12405691645816543	0.11313921968833775	-0.12947046540053248	0.13479975107081973	-0.10868585899978304	0.07921622084885388	-0.10121768359672159	0.11247917946305143	-0.08957957006026367	0.0817692469538095	-0.07412940498595194	0.0901724114407358	-0.10661825049017032	0.0917122584192025	-0.07241169339216032	0.07559548014188883	-0.08551642332844976	0.08992187682772303	-0.09397634868793257	0.08243674475587402	-0.07047799614916282	0.07464975306577398	-0.0800357477696429	0.07201464075308062	-0.08675697254026546	0.061581623770305384	-0.07405607777189713	0.07129129459109795	-0.08778425337426732
0.1228518467295028	-0.2564809196210171	0.20374328864747235	-0.2969178617780108	0.2799066336293366	-0.1376793917326228	0.21875095989418578	-0.3103454591999526	0.9999999999999977	-0.6707543805888581	0.06406274306236046	-0.2832416539551698	0.24963621799632202	-0.3310144627223469	0.29374536435925636	-0.0674780644570788	0.11972017321182266	-0.11126961087601858	0.15455550441693383	-0.17865212932299634	0.12277602055465359	-0.08860208580060579	0.1082196382237112	-0.1386712991292925	0.10942122213215023	-0.09453017693491363	0.08279322106593538	-0.1005355526594651	0.12438777199027716	-0.11377338990118964	0.08354796247480976	-0.08762402533973397	0.09804911525070872	-0.10650171887038534	0.1110362664054525	-0.09673451308136584	0.08175165477209183	-0.08710131952480905	0.09328770453435722	-0.08605905408270312	0.1006778837396457	-0.07187440600535655	0.08621603592112419	-0.08390334759412091	0.10276569667009701
-0.09850063076658797	0.19626030819400261	-0.1715976461033457	0.20567555061221932	-0.36234981229727586	0.10667767331946494	-0.1790005434739421	0.20085758266470502	-0.6707543805888581	0.9999999999999997	-0.05180252452004401	0.21162245243381117	-0.23335549399668895	0.2625673786877627	-0.5046791396768582	0.05402142661178509	-0.10136042492677871	0.09312272318920961	-0.14470216603266617	0.16079884816774262	-0.10363425014356878	0.07427667952332166	-0.09291960201008685	0.12024917814834933	-0.09922005307532371	0.07910877493831517	-0.07005775700359988	0.08500648413804658	-0.1101536437047509	0.09826555327274994	-0.07062657224316232	0.0741100468816332	-0.08392976699028942	0.09114770709394618	-0.097839870504397	0.08119998807127496	-0.06955383161740882	0.07404817945524783	-0.08036253626415815	0.07397705700023133	-0.08575247417105783	0.06109567843481516	-0.07377871710269432	0.07164751344696084	-0.0890870395286986
0.13830575359030262	-0.09730052884682899	0.06535705682264438	-0.0530625476604741	0.08251019668281157	-0.18746844922985748	0.08780017476715096	-0.0632463361025169	0.06406274306236046	-0.05180252452004401	0.999999999999997	-0.10518587560593516	0.06545219305757828	-0.05117700994117414	0.05584960320679567	-0.947932502699646	0.07490623967107783	-0.06310386557277413	0.04515908079966061	-0.050180069655168004	0.12025344534710548	-0.06644623157619554	0.05932119189532394	-0.05004683637192155	0.03965688358610479	-0.0788756629252192	0.05598063736912762	-0.05691758880284874	0.05473244116237854	-0.0442233805451357	0.05565295652078367	-0.0530432674072233	0.053901547109200296	-0.05183457875029853	0.04952934922941232	-0.06337824675263884	0.047011280159895384	-0.04764947978566132	0.04770225281343186	-0.04028882279759881	0.05636841503801754	-0.0402938034542799	0.04610572632253698	-0.043591044698530625	0.05020935220731233
-0.19028799994074244	0.24335371321370072	-0.20935689062982446	0.18037853884769575	-0.30448429860177256	0.1861290035988323	-0.5346932586565012	0.2823169450856302	-0.2832416539551698	0.21162245243381117	-0.10518587560593516	0.9999999999999987	-0.34990646403546044	0.22242614599286403	-0.25817385432442586	0.10265951351033932	-0.31130536658355834	0.2073234953870031	-0.17187797896969104	0.17952333599768244	-0.21812972905209574	0.1514449906896527	-0.19827873680166827	0.16867417470989793	-0.1377372636054583	0.15249428280196453	-0.14372687707117995	0.167278108097004	-0.18354082368017569	0.14478218713910213	-0.13803930544092044	0.1401786108044895	-0.16104261616528256	0.15699736310629797	-0.16590196738599636	0.15157123516320567	-0.13231034958073531	0.1366453585990106	-0.146963846379008	0.12675751681723307	-0.16718801468006675	0.1153845774464195	-0.14026380992694665	0.13043477782033988	-0.1628797492171458
0.12160649883718419	-0.2078257058854518	0.1508577691957923	-0.14765797616941304	0.1919549715737107	-0.14027808099293784	0.2792329914955884	-0.5909039155498481	0.24963621799632202	-0.23335549399668895	0.06545219305757828	-0.34990646403546044	0.9999999999999996	-0.5117384831000794	0.2665279981348839	-0.06836877615803433	0.1535972029397624	-0.16293930678656235	0.17569861072565385	-0.18805297386144973	0.12778724015100962	-0.09817876984992073	0.1262911509382677	-0.1524616107836443	0.1153160819968543	-0.09965738667401756	0.09080308210205956	-0.1143683288019774	0.1323744308824448	-0.11873420588009108	0.08741022330108975	-0.09266284110930503	0.10430097832627257	-0.11248193835912373	0.11445327055525151	-0.10063934586312684	0.08546808824195325	-0.0917028037681738	0.0974434759788911	-0.08867387708662348	0.1035258057021937	-0.07449859466797104	0.08888986185626421	-0.08683632008125408	0.10534798910575843
-0.09114448720025727	0.1585532037520303	-0.12740569266371074	0.13282543439166083	-0.1858674210309402	0.09940099918819494	-0.19610421532460906	0.2390487679602788	-0.3310144627223469	0.2625673786877627	-0.05117700994117414	0.22242614599286403	-0.5117384831000794	0.9999999999999977	-0.6148851514909476	0.052980413944477805	-0.12421746153478479	0.11908353040957081	-0.3069514943903687	0.2322869953519999	-0.11159076078170446	0.08429897529615643	-0.11262989807791772	0.17188890564997966	-0.13361299593734416	0.08712988665484654	-0.0797945594440173	0.10057684194452383	-0.14029850431330565	0.12293787699997051	-0.07800635646402122	0.08348980043542469	-0.09632315625867308	0.10832189040342699	-0.11523528293176702	0.08954715765516251	-0.07792054080873424	0.08431211151535621	-0.09252694364580694	0.08527406391404276	-0.0937606137130288	0.06788202405816636	-0.08188864891415887	0.080837718225922	-0.10032493151311053
0.09768890422365446	-0.1838032321924191	0.1368581046589684	-0.15104119319271236	0.20803480082247947	-0.10898287407586418	0.18367290171636505	-0.23074617577558698	0.29374536435925636	-0.5046791396768582	0.05584960320679567	-0.25817385432442586	0.2665279981348839	-0.6148851514909476	0.9999999999999971	-0.05851730421778754	0.12328417483446942	-0.11818210509668405	0.2219950468405201	-0.29960790038565094	0.12046976879288085	-0.09031236441136907	0.11461950217366004	-0.1759705607603088	0.14078690074726777	-0.09496473761226713	0.08477826027391946	-0.10613965024721636	0.14223323328883894	-0.1370992758061333	0.08437320795157252	-0.09017121082243369	0.1023810188606511	-0.1160056323963359	0.12245850146753089	-0.09788424104327084	0.08392117027087409	-0.09085811027096624	0.0985823634373293	-0.09276309084900423	0.10131644094549477	-0.07346598532902834	0.08820388933113789	-0.08745519294752478	0.1075113679497777
-0.14975958126263658	0.09609716351503655	-0.06928899720408944	0.055264267990353104	-0.08864972817320123	0.15219057666763017	-0.08997807647716835	0.06399109500046478	-0.0674780644570788	0.05402142661178509	-0.947932502699646	0.10265951351033932	-0.06836877615803433	0.052980413944477805	-0.05851730421778754	0.999999999999996	-0.08242557917566455	0.06522808756628218	-0.046807050659884046	0.05155306819524589	-0.1444554555272622	0.0690071643290653	-0.06250215142947979	0.05145764389288049	-0.040952019377761675	0.08034210465909551	-0.05892854533286315	0.05882523654011758	-0.05679948870500144	0.04536566045016894	-0.05784137159317214	0.05443800270723281	-0.055926062890242385	0.05323481977537969	-0.05130154432717571	0.06419266699483193	-0.048491615536896446	0.048944826568334196	-0.04931551220380439	0.04144346003831202	-0.058419677590228924	0.0414809349439234	-0.04774298248083326	0.044846266876003106	-0.05203690234126036
0.07533287484323536	-0.11280036227523567	0.08555506523652708	-0.07859680630210668	0.12213896153789312	-0.07998461982144922	0.14544903699253817	-0.12405691645816543	0.11972017321182266	-0.10136042492677871	0.07490623967107783	-0.31130536658355834	0.1535972029397624	-0.12421746153478479	0.12328417483446942	-0.08242557917566455	0.9999999999999972	-0.7939628972627759	0.1447632345502726	-0.1513490337096986	0.17125414716808607	-0.2253987352390939	0.26382609828910814	-0.15376175894125688	0.10998505251890986	-0.14569051276550737	0.1698793760768994	-0.24625484084792854	0.15337594936845106	-0.1198059283883776	0.117626458183851	-0.1320662049486019	0.1470042847382038	-0.13970867654948355	0.11917587777385555	-0.13164859626246692	0.11132886416233978	-0.12295194674897646	0.11833808411309572	-0.09701041808626604	0.12253275035236127	-0.09206758456249368	0.10456187704507937	-0.10283367767695983	0.11433837873678236
-0.06622122848768111	0.09856107387284448	-0.07669864548030267	0.07052779574803879	-0.11046561725109336	0.0693762152971455	-0.1297270028571445	0.11313921968833775	-0.11126961087601858	0.09312272318920961	-0.06310386557277413	0.2073234953870031	-0.16293930678656235	0.11908353040957081	-0.11818210509668405	0.06522808756628218	-0.7939628972627759	0.9999999999999981	-0.1616953792164787	0.1415519823233712	-0.15453781071246683	0.17135947954859068	-0.4177281970168198	0.145886974070812	-0.10485557218592188	0.12537538564078066	-0.15679555818741472	0.2242075211121773	-0.1482382454495742	0.10838134254573173	-0.10522592284404134	0.11689900434288787	-0.13925635412621898	0.12603691028488978	-0.10988430724561268	0.11458837613795832	-0.10039958495276682	0.10980898141110944	-0.1084468702086381	0.08716540445714836	-0.11058715400789051	0.08227824451513355	-0.0946658900140493	0.09207613732329639	-0.10415443030962951
0.064568943131747	-0.11027046869255076	0.08469792698583421	-0.08444377394100538	0.12480158202601102	-0.069745258994547	0.12183189161108868	-0.12947046540053248	0.15455550441693383	-0.14470216603266617	0.04515908079966061	-0.17187797896969104	0.17569861072565385	-0.3069514943903687	0.2219950468405201	-0.046807050659884046	0.1447632345502726	-0.1616953792164787	0.9999999999999943	-0.686149925360538	0.12395598987252945	-0.10151213791049696	0.1474777655831315	-0.4977408068089619	0.2518059173159344	-0.10250014819675164	0.09690264219633382	-0.13294592309264866	0.22195405263827422	-0.21075149343718055	0.09257217382352466	-0.10372575538821072	0.12299625101947995	-0.15813820418542196	0.1609925025009425	-0.10726045929686169	0.09593663348022262	-0.10821241297407205	0.12152689342490353	-0.11550929792714272	0.11030014999362606	-0.08286646317770043	0.09981565282608369	-0.1029879685341879	0.12691246681680574
-0.07159223026993375	0.1208839681460947	-0.09575807446238802	0.09472477627823837	-0.14532195428198905	0.07633241585852359	-0.13463027859228055	0.13479975107081973	-0.17865212932299634	0.16079884816774262	-0.050180069655168004	0.17952333599768244	-0.18805297386144973	0.2322869953519999	-0.29960790038565094	0.05155306819524589	-0.1513490337096986	0.1415519823233712	-0.686149925360538	0.9999999999999918	-0.1418773768073048	0.1093965146688853	-0.15698862416891068	0.30348048276032463	-0.39528638014733863	0.11369913748192176	-0.10680027464829935	0.1388086755228199	-0.25020965826151464	0.23549152095145515	-0.10508620278703479	0.11573619514091	-0.13952723709511147	0.16700988647293422	-0.20830442342168626	0.12036395914159667	-0.1098062720983778	0.12125554871277505	-0.14092449190413373	0.1364195253789014	-0.12880811906283313	0.09526903918292984	-0.11734430299990245	0.11900530826293881	-0.15674877948679933
0.08798457612133824	-0.13516876753828785	0.09748657827441494	-0.0891404105914212	0.14132126031440742	-0.09514892196249274	0.13037765704119986	-0.10868585899978304	0.12277602055465359	-0.10363425014356878	0.12025344534710548	-0.21812972905209574	0.12778724015100962	-0.11159076078170446	0.12046976879288085	-0.1444554555272622	0.17125414716808607	-0.15453781071246683	0.12395598987252945	-0.1418773768073048	0.9999999999999969	-0.4279854889384255	0.20120685451645529	-0.1571758642341028	0.1223664345737871	-0.557676545776776	0.2776072153571697	-0.21558001738332788	0.18339898239867167	-0.1431011898900597	0.27154479524461006	-0.23789427715347228	0.209485996648719	-0.19087068902034926	0.16310819738551813	-0.30674222173918064	0.1947687290653797	-0.1892514664804197	0.17618701310764323	-0.14028470392711204	0.21811186096590546	-0.1616841754390142	0.1722590835930489	-0.16379342038974343	0.1723037474069295
-0.05707039192398627	0.08673332848675307	-0.0656337995517829	0.06019513839006518	-0.09617636654264702	0.060228673457759375	-0.09452266294014319	0.07921622084885388	-0.08860208580060579	0.07427667952332166	-0.06644623157619554	0.1514449906896527	-0.09817876984992073	0.08429897529615643	-0.09031236441136907	0.0690071643290653	-0.2253987352390939	0.17135947954859068	-0.10151213791049696	0.1093965146688853	-0.4279854889384255	0.9999999999999939	-0.2802655958224245	0.12774071430192963	-0.096655315461661	0.25637852680910644	-0.7406317271134158	0.2533391039888642	-0.16011728715004353	0.10796605154211973	-0.18841446187622088	0.18669351013344135	-0.18917509827594955	0.14817839710121158	-0.12202200894338515	0.17516694596567886	-0.15110651387008023	0.14443194736515896	-0.13716439134688377	0.10110621357449892	-0.1557768440489267	0.11488987279824966	-0.1265491652113795	0.11719350114949911	-0.12565653489097278
0.06479639040653319	-0.10297410915708069	0.07713620752457896	-0.07177763271311488	0.11202991095290621	-0.06910683256053039	0.11522477084669895	-0.10121768359672159	0.1082196382237112	-0.09291960201008685	0.05932119189532394	-0.19827873680166827	0.1262911509382677	-0.11262989807791772	0.11461950217366004	-0.06250215142947979	0.26382609828910814	-0.4177281970168198	0.1474777655831315	-0.15698862416891068	0.20120685451645529	-0.2802655958224245	0.9999999999999963	-0.21449393016636564	0.1334243995215353	-0.18852658658829557	0.24019518467195455	-0.6805336284574917	0.2131214379464224	-0.14767609505655224	0.1512275914824681	-0.18571883173903075	0.2202489819750274	-0.19403688194767335	0.14347932458106752	-0.1682026707694074	0.14734669554818103	-0.1730810782920163	0.15555665166934685	-0.11921590879749117	0.15080537196372404	-0.11772497255022321	0.13044404567322881	-0.13044351768077592	0.13778302262502007
-0.06514474618853953	0.10793904236879721	-0.08388775489592662	0.08070585581204659	-0.12514766858376447	0.06924997178669316	-0.11876773221586624	0.11247917946305143	-0.1386712991292925	0.12024917814834933	-0.05004683637192155	0.16867417470989793	-0.1524616107836443	0.17188890564997966	-0.1759705607603088	0.05145764389288049	-0.15376175894125688	0.145886974070812	-0.4977408068089619	0.30348048276032463	-0.1571758642341028	0.12774071430192963	-0.21449393016636564	0.9999999999999911	-0.46181192360911505	0.13032664255824564	-0.12697580483171816	0.18140831649032763	-0.49320234803163904	0.2712351263620449	-0.12111717945547815	0.13786156888857784	-0.1734057125218968	0.22899984245378097	-0.2329233007375707	0.13858353956035402	-0.12945814705095307	0.14752600106187966	-0.1764236157796199	0.1551463392068989	-0.14589462161133104	0.11027368371650173	-0.13476997602323443	0.13927357896089598	-0.1754995683424733
0.05247743455926895	-0.08863247748443256	0.06768339563211359	-0.06549919503367102	0.10073617126427155	-0.05613862019872961	0.09383817706021723	-0.08957957006026367	0.10942122213215023	-0.09922005307532371	0.03965688358610479	-0.1377372636054583	0.1153160819968543	-0.13361299593734416	0.14078690074726777	-0.040952019377761675	0.10998505251890986	-0.10485557218592188	0.2518059173159344	-0.39528638014733863	0.1223664345737871	-0.096655315461661	0.1334243995215353	-0.46181192360911505	0.9999999999999909	-0.10362195318057257	0.09384428935923467	-0.126947171982474	0.24137768140645238	-0.6776043592709413	0.09517674391118121	-0.10824580044748326	0.1282409715551762	-0.17545733174099665	0.23461212825459635	-0.11255479283130969	0.10144806586295753	-0.11630063568323021	0.1338948630100402	-0.16342521326330067	0.11606803149078677	-0.08916976781534997	0.1085918213890872	-0.11764934957055492	0.15047528578498098
-0.06266583342289946	0.0950836560619816	-0.0717439060163315	0.06562379489488625	-0.10587637618303473	0.06605711131527921	-0.09767356440942762	0.0817692469538095	-0.09453017693491363	0.07910877493831517	-0.0788756629252192	0.15249428280196453	-0.09965738667401756	0.08712988665484654	-0.09496473761226713	0.08034210465909551	-0.14569051276550737	0.12537538564078066	-0.10250014819675164	0.11369913748192176	-0.557676545776776	0.25637852680910644	-0.18852658658829557	0.13032664255824564	-0.10362195318057257	0.9999999999999913	-0.34337418640007256	0.19204030575170364	-0.1671249216040356	0.1184160115882758	-0.5710855004361496	0.24209752863897163	-0.2176936772175213	0.16760116546632425	-0.1448627060861355	0.2781636137264037	-0.20491462499684887	0.17571008608168456	-0.16780873003106556	0.12188691061944908	-0.2303358857357758	0.1568744457727396	-0.1703712729644674	0.14881364728240562	-0.15810284820390894
0.05245466594392243	-0.08198074269642806	0.06136783121941872	-0.056573562287470375	0.08981400983682865	-0.05572497082028578	0.08730059556510704	-0.07412940498595194	0.08279322106593538	-0.07005775700359988	0.05598063736912762	-0.14372687707117995	0.09080308210205956	-0.0797945594440173	0.08477826027391946	-0.05892854533286315	0.1698793760768994	-0.15679555818741472	0.09690264219633382	-0.10680027464829935	0.2776072153571697	-0.7406317271134158	0.24019518467195455	-0.12697580483171816	0.09384428935923467	-0.34337418640007256	0.9999999999999959	-0.3766907117646511	0.1581838941657534	-0.10716915259330986	0.19714526815803837	-0.23476367359878342	0.19679813085282147	-0.15405872584683378	0.11797967050473823	-0.18665139693758848	0.15733693104329016	-0.15314570983972964	0.1372227135864795	-0.09994513938979999	0.1532060280404874	-0.11786000313630349	0.12498788310824635	-0.11790186807755126	0.12172864291120244
-0.05991167611009235	0.09377421551838583	-0.0715267178485272	0.06621832336920425	-0.10501880641198831	0.06322000509711101	-0.10549089370036258	0.0901724114407358	-0.1005355526594651	0.08500648413804658	-0.05691758880284874	0.167278108097004	-0.1143683288019774	0.10057684194452383	-0.10613965024721636	0.05882523654011758	-0.24625484084792854	0.2242075211121773	-0.13294592309264866	0.1388086755228199	-0.21558001738332788	0.2533391039888642	-0.6805336284574917	0.18140831649032763	-0.126947171982474	0.19204030575170364	-0.3766907117646511	0.999999999999994	-0.2785976745620201	0.1392379012247717	-0.16565792629911574	0.2032104767009747	-0.3412611395577925	0.20721448423828595	-0.1455337699940244	0.1699696159415382	-0.16362773949991138	0.18736516496129588	-0.172925225095638	0.11910581284337464	-0.16011211205931622	0.12383313836107418	-0.13882016768223404	0.1348334382665685	-0.14206468688931856
0.06706208812031923	-0.11202030091309376	0.08394413288601307	-0.07977957903232903	0.12364163042336773	-0.07178164253827263	0.11668424882656782	-0.10661825049017032	0.12438777199027716	-0.1101536437047509	0.05473244116237854	-0.18354082368017569	0.1323744308824448	-0.14029850431330565	0.14223323328883894	-0.05679948870500144	0.15337594936845106	-0.1482382454495742	0.22195405263827422	-0.25020965826151464	0.18339898239867167	-0.16011728715004353	0.2131214379464224	-0.49320234803163904	0.24137768140645238	-0.1671249216040356	0.1581838941657534	-0.2785976745620201	0.9999999999999858	-0.3075705572552211	0.15213405311522085	-0.18793547873963995	0.23375069925180758	-0.5558937355799684	0.2266997852759663	-0.18075672785618288	0.16707455347276812	-0.21196911717363134	0.24136844240796146	-0.18327074557061135	0.17557735004206637	-0.14113044842244227	0.16475906453368377	-0.18397526491411423	0.19126506462854742
-0.05668945313061446	0.09413061059169893	-0.07292550937639679	0.06943872452767398	-0.10956939001534224	0.06008132956953329	-0.10037408616029511	0.0917122584192025	-0.11377338990118964	0.09826555327274994	-0.0442233805451357	0.14478218713910213	-0.11873420588009108	0.12293787699997051	-0.1370992758061333	0.04536566045016894	-0.1198059283883776	0.10838134254573173	-0.21075149343718055	0.23549152095145515	-0.1431011898900597	0.10796605154211973	-0.14767609505655224	0.2712351263620449	-0.6776043592709413	0.1184160115882758	-0.10716915259330986	0.1392379012247717	-0.3075705572552211	0.9999999999999868	-0.11168605530073704	0.12571725901702643	-0.15261537067821082	0.19757650818625358	-0.45601503304000557	0.13065232709855995	-0.12134592994311018	0.1367815253960341	-0.16564012545302856	0.21118784710357377	-0.1410346117156979	0.10716068970781373	-0.13494221034579693	0.1441148755245172	-0.20848903694186582
0.05323603758293406	-0.08506427301122635	0.06329355040704844	-0.05834102016916945	0.09331623899416705	-0.05661027141963798	0.08559080133827597	-0.07241169339216032	0.08354796247480976	-0.07062657224316232	0.05565295652078367	-0.13803930544092044	0.08741022330108975	-0.07800635646402122	0.08437320795157252	-0.05784137159317214	0.117626458183851	-0.10522592284404134	0.09257217382352466	-0.10508620278703479	0.27154479524461006	-0.18841446187622088	0.1512275914824681	-0.12111717945547815	0.09517674391118121	-0.5710855004361496	0.19714526815803837	-0.16565792629911574	0.15213405311522085	-0.11168605530073704	0.9999999999999917	-0.4089160089346578	0.22445513716263585	-0.17182627328913794	0.13370989587508694	-0.5553211380200193	0.2461525583874066	-0.1991203125850139	0.1687560037408346	-0.11846086605080798	0.23936791540220095	-0.1804619830310468	0.1711059261007304	-0.15456904638049565	0.14822412925914102
-0.05369681517036417	0.08586303650875877	-0.06469140249663426	0.059809711391114	-0.09573526943326596	0.05686043231195501	-0.08871801398070664	0.07559548014188883	-0.08762402533973397	0.0741100468816332	-0.0530432674072233	0.1401786108044895	-0.09266284110930503	0.08348980043542469	-0.09017121082243369	0.05443800270723281	-0.1320662049486019	0.11689900434288787	-0.10372575538821072	0.11573619514091	-0.23789427715347228	0.18669351013344135	-0.18571883173903075	0.13786156888857784	-0.10824580044748326	0.24209752863897163	-0.23476367359878342	0.2032104767009747	-0.18793547873963995	0.12571725901702643	-0.4089160089346578	0.9999999999999893	-0.5098827280503286	0.2183274539759879	-0.15467150360444112	0.28644964573214954	-0.538823411272973	0.2829220132240804	-0.22959332918818126	0.13607293563100792	-0.2684742917049091	0.22749339863238027	-0.2194899702530415	0.18382326674067456	-0.17331939976331107
0.058907315001472255	-0.0960133533080076	0.07163727865041433	-0.06664189458814669	0.1054823043540014	-0.06274709029020319	0.09907181867321162	-0.08551642332844976	0.09804911525070872	-0.08392976699028942	0.053901547109200296	-0.16104261616528256	0.10430097832627257	-0.09632315625867308	0.1023810188606511	-0.055926062890242385	0.1470042847382038	-0.13925635412621898	0.12299625101947995	-0.13952723709511147	0.209485996648719	-0.18917509827594955	0.2202489819750274	-0.1734057125218968	0.1282409715551762	-0.2176936772175213	0.19679813085282147	-0.3412611395577925	0.23375069925180758	-0.15261537067821082	0.22445513716263585	-0.5098827280503286	0.9999999999999882	-0.3826575813999457	0.17347533835260062	-0.2511059395693436	0.2840757635964148	-0.5003488601314863	0.2780487501732846	-0.156266071751791	0.21846723383169497	-0.19470110215804443	0.19931455835832793	-0.20190022672566418	0.18181396223944243
-0.05976716424452969	0.09775250230453086	-0.07430246071932545	0.06959166405521951	-0.1104521211058057	0.06337190206128376	-0.1022867726963869	0.08992187682772303	-0.10650171887038534	0.09114770709394618	-0.05183457875029853	0.15699736310629797	-0.11248193835912373	0.10832189040342699	-0.1160056323963359	0.05323481977537969	-0.13970867654948355	0.12603691028488978	-0.15813820418542196	0.16700988647293422	-0.19087068902034926	0.14817839710121158	-0.19403688194767335	0.22899984245378097	-0.17545733174099665	0.16760116546632425	-0.15405872584683378	0.20721448423828595	-0.5558937355799684	0.19757650818625358	-0.17182627328913794	0.2183274539759879	-0.3826575813999457	0.9999999999999916	-0.26232566247732453	0.19407024357112182	-0.21184627886881674	0.2740584839095028	-0.5031661707412957	0.1933308237700025	-0.20829375622513266	0.16606293971083536	-0.20672839279355582	0.22215754955740116	-0.22819537068185314
0.06202349587747375	-0.10554590326945208	0.07820587541461858	-0.07393570294573497	0.11554492620415721	-0.06647463809416589	0.10497566050489299	-0.09397634868793257	0.1110362664054525	-0.097839870504397	0.04952934922941232	-0.16590196738599636	0.11445327055525151	-0.11523528293176702	0.12245850146753089	-0.05130154432717571	0.11917587777385555	-0.10988430724561268	0.1609925025009425	-0.20830442342168626	0.16310819738551813	-0.12202200894338515	0.14347932458106752	-0.2329233007375707	0.23461212825459635	-0.1448627060861355	0.11797967050473823	-0.1455337699940244	0.2266997852759663	-0.45601503304000557	0.13370989587508694	-0.15467150360444112	0.17347533835260062	-0.26232566247732453	0.9999999999999882	-0.1675429859298075	0.14722582271348228	-0.17451302148576273	0.20311783618773369	-0.6180455284559128	0.16867567026213903	-0.13713621335653758	0.16873527321622156	-0.21059232350195112	0.2864550646479589
-0.06057537619629957	0.09574826519339674	-0.07257916930584873	0.0667582136994975	-0.10797838758177304	0.06386354879474458	-0.09764245563081322	0.08243674475587402	-0.09673451308136584	0.08119998807127496	-0.06337824675263884	0.15157123516320567	-0.10063934586312684	0.08954715765516251	-0.09788424104327084	0.06419266699483193	-0.13164859626246692	0.11458837613795832	-0.10726045929686169	0.12036395914159667	-0.30674222173918064	0.17516694596567886	-0.1682026707694074	0.13858353956035402	-0.11255479283130969	0.2781636137264037	-0.18665139693758848	0.1699696159415382	-0.18075672785618288	0.13065232709855995	-0.5553211380200193	0.28644964573214954	-0.2511059395693436	0.19407024357112182	-0.1675429859298075	0.9999999999999873	-0.3861601033036512	0.2309466984993999	-0.2163628887999517	0.14652897283414776	-0.47876375291479967	0.25620288934961444	-0.24937819075777126	0.198956615090968	-0.19519265279462367
0.05001948425640101	-0.08158241535484377	0.06084439637401757	-0.056396756898165874	0.08992106453188133	-0.053200899306327404	0.08238726306146647	-0.07047799614916282	0.08175165477209183	-0.06955383161740882	0.047011280159895384	-0.13231034958073531	0.08546808824195325	-0.07792054080873424	0.08392117027087409	-0.048491615536896446	0.11132886416233978	-0.10039958495276682	0.09593663348022262	-0.1098062720983778	0.1947687290653797	-0.15110651387008023	0.14734669554818103	-0.12945814705095307	0.10144806586295753	-0.20491462499684887	0.15733693104329016	-0.16362773949991138	0.16707455347276812	-0.12134592994311018	0.2461525583874066	-0.538823411272973	0.2840757635964148	-0.21184627886881674	0.14722582271348228	-0.3861601033036512	0.9999999999999859	-0.4428986402630235	0.23816398829313967	-0.14020126628003485	0.2872397386002772	-0.4413527000347884	0.24808389967660643	-0.21705060849949323	0.1723176818540687
-0.051856561358037234	0.08421307077668334	-0.06346062502011725	0.058936706432477136	-0.09406515519527535	0.054985191756332555	-0.0868005320118247	0.07464975306577398	-0.08710131952480905	0.07404817945524783	-0.04764947978566132	0.1366453585990106	-0.0917028037681738	0.08431211151535621	-0.09085811027096624	0.048944826568334196	-0.12295194674897646	0.10980898141110944	-0.10821241297407205	0.12125554871277505	-0.1892514664804197	0.14443194736515896	-0.1730810782920163	0.14752600106187966	-0.11630063568323021	0.17571008608168456	-0.15314570983972964	0.18736516496129588	-0.21196911717363134	0.1367815253960341	-0.1991203125850139	0.2829220132240804	-0.5003488601314863	0.2740584839095028	-0.17451302148576273	0.2309466984993999	-0.4428986402630235	0.9999999999999868	-0.5526736664474116	0.16209829175371218	-0.24662902222128782	0.22128443135508308	-0.2612867223741477	0.23664928941728783	-0.20330159403270565
0.054767209744140004	-0.09080295676258826	0.06765442829496429	-0.06321211820871826	0.09994859462794961	-0.05841090596378194	0.09183170900970991	-0.0800357477696429	0.09328770453435722	-0.08036253626415815	0.04770225281343186	-0.146963846379008	0.0974434759788911	-0.09252694364580694	0.0985823634373293	-0.04931551220380439	0.11833808411309572	-0.1084468702086381	0.12152689342490353	-0.14092449190413373	0.17618701310764323	-0.13716439134688377	0.15555665166934685	-0.1764236157796199	0.1338948630100402	-0.16780873003106556	0.1372227135864795	-0.172925225095638	0.24136844240796146	-0.16564012545302856	0.1687560037408346	-0.22959332918818126	0.2780487501732846	-0.5031661707412957	0.20311783618773369	-0.2163628887999517	0.23816398829313967	-0.5526736664474116	0.9999999999999863	-0.2282796575271685	0.21319663035416941	-0.2006077997483789	0.2439652698146807	-0.4085190551100076	0.23749190691705305
-0.0485933966110155	0.08109891050124933	-0.061105572447544665	0.05727279502051905	-0.09101669822727534	0.05167574224785162	-0.08205542784914212	0.07201464075308062	-0.08605905408270312	0.07397705700023133	-0.04028882279759881	0.12675751681723307	-0.08867387708662348	0.08527406391404276	-0.09276309084900423	0.04144346003831202	-0.09701041808626604	0.08716540445714836	-0.11550929792714272	0.1364195253789014	-0.14028470392711204	0.10110621357449892	-0.11921590879749117	0.1551463392068989	-0.16342521326330067	0.12188691061944908	-0.09994513938979999	0.11910581284337464	-0.18327074557061135	0.21118784710357377	-0.11846086605080798	0.13607293563100792	-0.156266071751791	0.1933308237700025	-0.6180455284559128	0.14652897283414776	-0.14020126628003485	0.16209829175371218	-0.2282796575271685	0.9999999999999867	-0.16656244868847042	0.13435474087564078	-0.18959569139994958	0.23015168157449623	-0.614629026687224
0.06274631396632098	-0.10471139644274918	0.07696703751554847	-0.07130284323182898	0.11360441925818413	-0.06706800436531493	0.10194724733577613	-0.08675697254026546	0.1006778837396457	-0.08575247417105783	0.05636841503801754	-0.16718801468006675	0.1035258057021937	-0.0937606137130288	0.10131644094549477	-0.058419677590228924	0.12253275035236127	-0.11058715400789051	0.11030014999362606	-0.12880811906283313	0.21811186096590546	-0.1557768440489267	0.15080537196372404	-0.14589462161133104	0.11606803149078677	-0.2303358857357758	0.1532060280404874	-0.16011211205931622	0.17557735004206637	-0.1410346117156979	0.23936791540220095	-0.2684742917049091	0.21846723383169497	-0.20829375622513266	0.16867567026213903	-0.47876375291479967	0.2872397386002772	-0.24662902222128782	0.21319663035416941	-0.16656244868847042	0.9999999999999863	-0.5851959556697925	0.2861571507865217	-0.27140232170035383	0.20090568133098752
-0.043899804057510164	0.07218263693974968	-0.0537681661096775	0.04983831516627724	-0.07961694389539625	0.04670487119526417	-0.07206636202538509	0.061581623770305384	-0.07187440600535655	0.06109567843481516	-0.0402938034542799	0.1153845774464195	-0.07449859466797104	0.06788202405816636	-0.07346598532902834	0.0414809349439234	-0.09206758456249368	0.08227824451513355	-0.08286646317770043	0.09526903918292984	-0.1616841754390142	0.11488987279824966	-0.11772497255022321	0.11027368371650173	-0.08916976781534997	0.1568744457727396	-0.11786000313630349	0.12383313836107418	-0.14113044842244227	0.10716068970781373	-0.1804619830310468	0.22749339863238027	-0.19470110215804443	0.16606293971083536	-0.13713621335653758	0.25620288934961444	-0.4413527000347884	0.22128443135508308	-0.2006077997483789	0.13435474087564078	-0.5851959556697925	0.9999999999999853	-0.5398033381266666	0.2479922643632584	-0.18301363779119495
0.05254672647568302	-0.08784633397020897	0.06479934967717776	-0.06023131332520935	0.09570552146893609	-0.05614643483329879	0.0862850724700262	-0.07405607777189713	0.08621603592112419	-0.07377871710269432	0.04610572632253698	-0.14026380992694665	0.08888986185626421	-0.08188864891415887	0.08820388933113789	-0.04774298248083326	0.10456187704507937	-0.0946658900140493	0.09981565282608369	-0.11734430299990245	0.1722590835930489	-0.1265491652113795	0.13044404567322881	-0.13476997602323443	0.1085918213890872	-0.1703712729644674	0.12498788310824635	-0.13882016768223404	0.16475906453368377	-0.13494221034579693	0.1711059261007304	-0.2194899702530415	0.19931455835832793	-0.20672839279355582	0.16873527321622156	-0.24937819075777126	0.24808389967660643	-0.2612867223741477	0.2439652698146807	-0.18959569139994958	0.2861571507865217	-0.5398033381266666	0.9999999999999853	-0.5914984398977281	0.24151551704299734
-0.04966344213559354	0.08218664421228397	-0.061502977889044935	0.05725624737205856	-0.09127291017340845	0.05282279377945864	-0.08255663667046417	0.07129129459109795	-0.08390334759412091	0.07164751344696084	-0.043591044698530625	0.13043477782033988	-0.08683632008125408	0.080837718225922	-0.08745519294752478	0.044846266876003106	-0.10283367767695983	0.09207613732329639	-0.1029879685341879	0.11900530826293881	-0.16379342038974343	0.11719350114949911	-0.13044351768077592	0.13927357896089598	-0.11764934957055492	0.14881364728240562	-0.11790186807755126	0.1348334382665685	-0.18397526491411423	0.1441148755245172	-0.15456904638049565	0.18382326674067456	-0.20190022672566418	0.22215754955740116	-0.21059232350195112	0.198956615090968	-0.21705060849949323	0.23664928941728783	-0.4085190551100076	0.23015168157449623	-0.27140232170035383	0.2479922643632584	-0.5914984398977281	0.9999999999999856	-0.4778239347210812
