1.0000000000000002	-0.7212969896852286	0.20950988422603856	-0.2261767740811128	0.08059541673653794	-0.4992451365789855	0.30824233218805436	-0.17380883218514673	0.16108268301463063	-0.09658273314782924	0.23013764780118076	-0.16306688641327877	0.1416282695945478	-0.07612281995860473	0.07850232518582345	-0.046076698447489045	0.04192243606484497	-0.11894385556273798	0.07614950908684211	-0.10513998289491759	0.01630925450262825	-0.12680769275453357	0.0910792651510013	-0.09158253465135857	0.0674971921309179	-0.016309322126461	0.08403003565957672	-0.04235635028986956	0.04978822792692441	-0.13295786661900227
-0.7212969896852286	1.0000000000000004	-0.32125171890484516	0.21795165813444206	-0.08150311969150414	0.2962796310514512	-0.4680640482988491	0.19246537455909274	-0.18684073106487656	0.09248717498963885	-0.2242647806615764	0.1582759974689475	-0.1508517427907955	0.07569347961737619	-0.08006153048512928	0.038643495523988394	-0.03580090956683166	0.10058483506712323	-0.06581150174261069	0.08846678222684748	-0.013518112817024926	0.10309622552314382	-0.07755143535823071	0.0748575943395611	-0.05552555915435721	0.013490335774151908	-0.07051436976378067	0.03497097491166186	-0.04135539058726727	0.10694838074793347
0.20950988422603856	-0.32125171890484516	1.0000000000000002	-0.7348057471113334	0.17302418703735128	-0.1695982277727021	0.20905196973806298	-0.413963793783568	0.2688536572633799	-0.2021324053746879	0.17207140848766667	-0.14978487006386668	0.14932132174123106	-0.10634137429658305	0.10915686226948305	-0.0360599513013437	0.03380213130227042	-0.10118116937128326	0.06967617214651432	-0.09217116994593591	0.013182614699574352	-0.09986745589236833	0.0774776565056473	-0.07354563901419146	0.05488625278579403	-0.013135232820935157	0.0701563266450015	-0.03433715331873981	0.0408396642335687	-0.10283419695980997
-0.2261767740811128	0.21795165813444206	-0.7348057471113334	1.0	-0.3047415355987367	0.16420541218871096	-0.21420658280764818	0.2680674812190679	-0.345349803550222	0.22380559802753794	-0.2049811686491877	0.1454176369927859	-0.1593332063938655	0.12158446321744788	-0.13876890368564063	0.037897691766957654	-0.03603910308958475	0.10307286545864058	-0.07430486957641827	0.09580564426870307	-0.013690071983217849	0.10103587824176495	-0.08109014946177273	0.07491856711247803	-0.05637833835691309	0.013612198192589714	-0.07401248362590826	0.0355952949772698	-0.04262756685676336	0.10353591708869105
0.08059541673653794	-0.08150311969150414	0.17302418703735128	-0.3047415355987367	1.0000000000000007	-0.06720420726043096	0.08293024613242354	-0.11704656459361046	0.14542218026233128	-0.9131652440151757	0.0875758426977195	-0.06543862440105855	0.06841260024083455	-0.08352425682543282	0.09011770175550594	-0.018276494294435317	0.017372609472856817	-0.05205793028148718	0.03985353273586835	-0.05196139843539502	0.006785206671239608	-0.05036653667164345	0.04061030494634902	-0.038038436191307416	0.028681933813379697	-0.0067455313239852205	0.03691188037914615	-0.017757389758052626	0.0212890050056156	-0.05175537793949996
-0.4992451365789855	0.2962796310514512	-0.1695982277727021	0.16420541218871096	-0.06720420726043096	1.0000000000000013	-0.6279897141344283	0.18133289972892833	-0.1814494999290684	0.07815466731733112	-0.4489560958203944	0.1901767424615041	-0.17194599404192543	0.07824485602872332	-0.08216651358535768	0.051457830240348015	-0.04706844672541188	0.12471484299353258	-0.0795308093703353	0.1087122887505349	-0.017122828006589423	0.13123618809778909	-0.09581256649350618	0.09467355442659534	-0.0698829313954135	0.017109616269985275	-0.0875998774490126	0.043970296330510514	-0.05175008710002133	0.13705410972660703
0.30824233218805436	-0.4680640482988491	0.20905196973806298	-0.21420658280764818	0.08293024613242354	-0.6279897141344283	1.0000000000000004	-0.2982312118604246	0.21524917591780404	-0.09829767264680928	0.27251237572926307	-0.29071442659886954	0.20905678385720086	-0.09494515989769084	0.09636198122380048	-0.05481872545084664	0.05001972601944354	-0.1460312816205788	0.09249779331379829	-0.1264969934810645	0.019366671212875382	-0.1504055749712523	0.11036823097005223	-0.10866359657549161	0.08017915937652455	-0.019356631900771304	0.09997700300688667	-0.05019924606911026	0.05908221971779909	-0.1564747982068458
-0.17380883218514673	0.19246537455909274	-0.413963793783568	0.2680674812190679	-0.11704656459361046	0.18133289972892833	-0.2982312118604246	1.0000000000000018	-0.7283142602460365	0.13090054110950025	-0.19165611710747696	0.19971518229534016	-0.2543394913795647	0.15219429971727708	-0.16027317208977823	0.040196120689783156	-0.037929839823453694	0.11934344465635602	-0.0844841097643167	0.10781561010905644	-0.014656178017491469	0.11062572975976745	-0.08985615984026923	0.08225584427826559	-0.06172151772474396	0.014586074954384604	-0.07844010147708683	0.03811220571066559	-0.04547294575048552	0.11258348825042429
0.16108268301463063	-0.18684073106487656	0.2688536572633799	-0.345349803550222	0.14542218026233128	-0.1814494999290684	0.21524917591780404	-0.7283142602460365	1.0000000000000007	-0.1898126673327655	0.19556783336315817	-0.20634605844681514	0.19735267305813078	-0.262282720971505	0.19702388318446534	-0.04878746063647252	0.04563977776179115	-0.1481764685389555	0.10738684688513367	-0.1411739531286935	0.01830992368348894	-0.14069704142947673	0.11013663049266544	-0.1053553378741868	0.0786260103827846	-0.018245674422299442	0.09753922385262925	-0.04791256835419545	0.05696907513807222	-0.1444153225833211
-0.09658273314782924	0.09248717498963885	-0.2021324053746879	0.22380559802753794	-0.9131652440151757	0.07815466731733112	-0.09829767264680928	0.13090054110950025	-0.1898126673327655	1.0000000000000018	-0.1055791768507017	0.07493107910893484	-0.0805584713788053	0.09632084528990949	-0.11615013242005506	0.0209906527618465	-0.020049809756895354	0.05902232018885809	-0.04587931275879936	0.05897185823533981	-0.007745963914421649	0.05688960721219954	-0.046506529389639936	0.043015393273584716	-0.0325598849993147	0.0076946041338508565	-0.042383383023372294	0.020250189092194983	-0.024341514670205195	0.0583103726457732
0.23013764780118076	-0.2242647806615764	0.17207140848766667	-0.2049811686491877	0.0875758426977195	-0.4489560958203944	0.27251237572926307	-0.19165611710747696	0.19556783336315817	-0.1055791768507017	1.0000000000000002	-0.31904938344944545	0.23913925582903195	-0.12573456139771344	0.12733594666356055	-0.13611754615712088	0.11692590685111513	-0.29867570793574444	0.18360241862070698	-0.2631252330855612	0.04336093376208708	-0.3400691013264555	0.22791686171094463	-0.24293884255705875	0.17743352855942893	-0.043495614785848846	0.21515057892145656	-0.11117404773258555	0.12945073871942103	-0.36236388982584683
-0.16306688641327877	0.1582759974689475	-0.14978487006386668	0.1454176369927859	-0.06543862440105855	0.1901767424615041	-0.29071442659886954	0.19971518229534016	-0.20634605844681514	0.07493107910893484	-0.31904938344944545	1.0000000000000013	-0.8224684932439675	0.09061268939488908	-0.09708946408346357	0.056033687629444884	-0.05450516701620091	0.17403063987208914	-0.10424239847006503	0.12606483275614486	-0.01951231045385184	0.1423159643903706	-0.1329661157853924	0.10292885602749335	-0.07768599320148618	0.019346287630236266	-0.10541763681878316	0.049762590488072356	-0.059832472763349444	0.13850811881817948
0.1416282695945478	-0.1508517427907955	0.14932132174123106	-0.1593332063938655	0.06841260024083455	-0.17194599404192543	0.20905678385720086	-0.2543394913795647	0.19735267305813078	-0.0805584713788053	0.23913925582903195	-0.8224684932439675	1.000000000000002	-0.09933186374282266	0.10070059362048617	-0.062257774717710414	0.05925085064677335	-0.2466957592957227	0.12490675373886123	-0.15653166060297025	0.022361116384123855	-0.17143816378731333	0.15210837815795888	-0.12295145672032096	0.0915956695388179	-0.02223810288142076	0.1183180370409194	-0.057024544349905615	0.06799906671962413	-0.1641846403454685
-0.07612281995860473	0.07569347961737619	-0.10634137429658305	0.12158446321744788	-0.08352425682543282	0.07824485602872332	-0.09494515989769084	0.15219429971727708	-0.262282720971505	0.09632084528990949	-0.12573456139771344	0.09061268939488908	-0.09933186374282266	1.000000000000001	-0.904840178493545	0.033085600857253636	-0.03289446767614106	0.11855399611541345	-0.16619793927290677	0.16493737685357432	-0.01302394164674643	0.09084263715811516	-0.09318790013073155	0.08116159173772475	-0.06491339731020816	0.012836835259833246	-0.07600230631060448	0.0346344381502066	-0.0428387432561022	0.09147852575679995
0.07850232518582345	-0.08006153048512928	0.10915686226948305	-0.13876890368564063	0.09011770175550594	-0.08216651358535768	0.09636198122380048	-0.16027317208977823	0.19702388318446534	-0.11615013242005506	0.12733594666356055	-0.09708946408346357	0.10070059362048617	-0.904840178493545	1.0000000000000016	-0.03593436477308971	0.03522220019361535	-0.13113168667410302	0.15360881673998578	-0.20545887758540135	0.014144247948285964	-0.10143173869419317	0.09837832804580157	-0.09046578819826885	0.07110281318134316	-0.013974020563651296	0.08109811081458497	-0.03762607560801459	0.046200129154294646	-0.10358148715707902
-0.046076698447489045	0.038643495523988394	-0.0360599513013437	0.037897691766957654	-0.018276494294435317	0.051457830240348015	-0.05481872545084664	0.040196120689783156	-0.04878746063647252	0.0209906527618465	-0.13611754615712088	0.056033687629444884	-0.062257774717710414	0.033085600857253636	-0.03593436477308971	1.0000000000000022	-0.9663796775642672	0.11845035870049367	-0.06579375128513891	0.07453878573165738	-0.06027565896443682	0.10326510295334101	-0.09685507061482228	0.06207963911339956	-0.04773196536878817	0.05591906729065043	-0.08896892116446084	0.037209352490329216	-0.04504270756389388	0.07960938708941798
0.04192243606484497	-0.03580090956683166	0.03380213130227042	-0.03603910308958475	0.017372609472856817	-0.04706844672541188	0.05001972601944354	-0.037929839823453694	0.04563977776179115	-0.020049809756895354	0.11692590685111513	-0.05450516701620091	0.05925085064677335	-0.03289446767614106	0.03522220019361535	-0.9663796775642672	1.0000000000000018	-0.1381612016323185	0.06864233557157172	-0.08026038741875413	0.05535412831451205	-0.11126275168286433	0.09710278761992255	-0.06415406856199901	0.04877811281051328	-0.056355950147924716	0.0849444214505895	-0.036449617473871	0.04368913743647542	-0.08135515819638402
-0.11894385556273798	0.10058483506712323	-0.10118116937128326	0.10307286545864058	-0.05205793028148718	0.12471484299353258	-0.1460312816205788	0.11934344465635602	-0.1481764685389555	0.05902232018885809	-0.29867570793574444	0.17403063987208914	-0.2466957592957227	0.11855399611541345	-0.13113168667410302	0.11845035870049367	-0.1381612016323185	1.0000000000000018	-0.473686037271649	0.29059429626360656	-0.04099313600688301	0.27005011203876206	-0.6020127376404112	0.20693831879052782	-0.16692181952796897	0.03983679354613437	-0.24005954294997378	0.10126065362446057	-0.12684682974856304	0.20512169162087868
0.07614950908684211	-0.06581150174261069	0.06967617214651432	-0.07430486957641827	0.03985353273586835	-0.0795308093703353	0.09249779331379829	-0.0844841097643167	0.10738684688513367	-0.04587931275879936	0.18360241862070698	-0.10424239847006503	0.12490675373886123	-0.16619793927290677	0.15360881673998578	-0.06579375128513891	0.06864233557157172	-0.473686037271649	1.0000000000000029	-0.7652231296418128	0.02535361377045549	-0.1699850690263798	0.23399213535380453	-0.23077374740205353	0.16711207839526945	-0.024779567807411203	0.1541778651496284	-0.06739568905217769	0.08589634942707777	-0.16476828260792237
-0.10513998289491759	0.08846678222684748	-0.09217116994593591	0.09580564426870307	-0.05196139843539502	0.1087122887505349	-0.1264969934810645	0.10781561010905644	-0.1411739531286935	0.05897185823533981	-0.2631252330855612	0.12606483275614486	-0.15653166060297025	0.16493737685357432	-0.20545887758540135	0.07453878573165738	-0.08026038741875413	0.29059429626360656	-0.7652231296418128	1.0000000000000022	-0.031949191872882095	0.1948525005872963	-0.28103136255795896	0.214784552890673	-0.2180204937349487	0.031061051991543964	-0.2067089803300085	0.08737418343064465	-0.11309630740806208	0.19436936484013717
0.01630925450262825	-0.013518112817024926	0.013182614699574352	-0.013690071983217849	0.006785206671239608	-0.017122828006589423	0.019366671212875382	-0.014656178017491469	0.01830992368348894	-0.007745963914421649	0.04336093376208708	-0.01951231045385184	0.022361116384123855	-0.01302394164674643	0.014144247948285964	-0.06027565896443682	0.05535412831451205	-0.04099313600688301	0.02535361377045549	-0.031949191872882095	1.0000000000000027	-0.09897943001127547	0.04945464680828327	-0.03633858148020135	0.027382596076843325	-0.9845445491146612	0.098245743784432	-0.03988434980413479	0.03708346893591639	-0.05445985401018952
-0.12680769275453357	0.10309622552314382	-0.09986745589236833	0.10103587824176495	-0.05036653667164345	0.13123618809778909	-0.1504055749712523	0.11062572975976745	-0.14069704142947673	0.05688960721219954	-0.3400691013264555	0.1423159643903706	-0.17143816378731333	0.09084263715811516	-0.10143173869419317	0.10326510295334101	-0.11126275168286433	0.27005011203876206	-0.1699850690263798	0.1948525005872963	-0.09897943001127547	1.0000000000000016	-0.5530468567295168	0.20551583991925404	-0.1632390174999283	0.08940801201144882	-0.537357497882158	0.18104018319835272	-0.22376160947421794	0.2585415666768021
0.0910792651510013	-0.07755143535823071	0.0774776565056473	-0.08109014946177273	0.04061030494634902	-0.09581256649350618	0.11036823097005223	-0.08985615984026923	0.11013663049266544	-0.046506529389639936	0.22791686171094463	-0.1329661157853924	0.15210837815795888	-0.09318790013073155	0.09837832804580157	-0.09685507061482228	0.09710278761992255	-0.6020127376404112	0.23399213535380453	-0.28103136255795896	0.04945464680828327	-0.5530468567295168	1.0000000000000004	-0.29821379270067	0.18753069625098465	-0.04870720382882754	0.24922246600432968	-0.11608084357480586	0.13486191415980286	-0.24732157175804642
-0.09158253465135857	0.0748575943395611	-0.07354563901419146	0.07491856711247803	-0.038038436191307416	0.09467355442659534	-0.10866359657549161	0.08225584427826559	-0.1053553378741868	0.043015393273584716	-0.24293884255705875	0.10292885602749335	-0.12295145672032096	0.08116159173772475	-0.09046578819826885	0.06207963911339956	-0.06415406856199901	0.20693831879052782	-0.23077374740205353	0.214784552890673	-0.03633858148020135	0.20551583991925404	-0.29821379270067	1.0000000000000004	-0.7628546206199223	0.03519633786049348	-0.2668850142664688	0.11690570615398407	-0.16270931329663046	0.3002389800843184
0.0674971921309179	-0.05552555915435721	0.05488625278579403	-0.05637833835691309	0.028681933813379697	-0.0698829313954135	0.08017915937652455	-0.06172151772474396	0.0786260103827846	-0.0325598849993147	0.17743352855942893	-0.07768599320148618	0.0915956695388179	-0.06491339731020816	0.07110281318134316	-0.04773196536878817	0.04877811281051328	-0.16692181952796897	0.16711207839526945	-0.2180204937349487	0.027382596076843325	-0.1632390174999283	0.18753069625098465	-0.7628546206199223	1.0000000000000007	-0.02665752539352493	0.19669578590249903	-0.09731993137136465	0.1314794479700835	-0.5075682775926614
-0.016309322126461	0.013490335774151908	-0.013135232820935157	0.013612198192589714	-0.0067455313239852205	0.017109616269985275	-0.019356631900771304	0.014586074954384604	-0.018245674422299442	0.0076946041338508565	-0.043495614785848846	0.019346287630236266	-0.02223810288142076	0.012836835259833246	-0.013974020563651296	0.05591906729065043	-0.056355950147924716	0.03983679354613437	-0.024779567807411203	0.031061051991543964	-0.9845445491146612	0.08940801201144882	-0.04870720382882754	0.03519633786049348	-0.02665752539352493	1.0	-0.11032287864129958	0.03991886849445324	-0.03783617592368377	0.05268790694986482
0.08403003565957672	-0.07051436976378067	0.0701563266450015	-0.07401248362590826	0.03691188037914615	-0.0875998774490126	0.09997700300688667	-0.07844010147708683	0.09753922385262925	-0.042383383023372294	0.21515057892145656	-0.10541763681878316	0.1183180370409194	-0.07600230631060448	0.08109811081458497	-0.08896892116446084	0.0849444214505895	-0.24005954294997378	0.1541778651496284	-0.2067089803300085	0.098245743784432	-0.537357497882158	0.24922246600432968	-0.2668850142664688	0.19669578590249903	-0.11032287864129958	1.0000000000000002	-0.4425228447132683	0.28371626100592007	-0.44298789474412104
-0.04235635028986956	0.03497097491166186	-0.03433715331873981	0.0355952949772698	-0.017757389758052626	0.043970296330510514	-0.05019924606911026	0.03811220571066559	-0.04791256835419545	0.020250189092194983	-0.11117404773258555	0.049762590488072356	-0.057024544349905615	0.0346344381502066	-0.03762607560801459	0.037209352490329216	-0.036449617473871	0.10126065362446057	-0.06739568905217769	0.08737418343064465	-0.03988434980413479	0.18104018319835272	-0.11608084357480586	0.11690570615398407	-0.09731993137136465	0.03991886849445324	-0.4425228447132683	0.9999999999999998	-0.8359190672462798	0.21295478648441077
0.04978822792692441	-0.04135539058726727	0.0408396642335687	-0.04262756685676336	0.0212890050056156	-0.05175008710002133	0.05908221971779909	-0.04547294575048552	0.05696907513807222	-0.024341514670205195	0.12945073871942103	-0.059832472763349444	0.06799906671962413	-0.0428387432561022	0.046200129154294646	-0.04504270756389388	0.04368913743647542	-0.12684682974856304	0.08589634942707777	-0.11309630740806208	0.03708346893591639	-0.22376160947421794	0.13486191415980286	-0.16270931329663046	0.1314794479700835	-0.03783617592368377	0.28371626100592007	-0.8359190672462798	1.0000000000000002	-0.33491396889980773
-0.13295786661900227	0.10694838074793347	-0.10283419695980997	0.10353591708869105	-0.05175537793949996	0.13705410972660703	-0.1564747982068458	0.11258348825042429	-0.1444153225833211	0.0583103726457732	-0.36236388982584683	0.13850811881817948	-0.1641846403454685	0.09147852575679995	-0.10358148715707902	0.07960938708941798	-0.08135515819638402	0.20512169162087868	-0.16476828260792237	0.19436936484013717	-0.05445985401018952	0.2585415666768021	-0.24732157175804642	0.3002389800843184	-0.5075682775926614	0.05268790694986482	-0.44298789474412104	0.21295478648441077	-0.33491396889980773	1.0
