1.0	-0.5556070690282144	0.21169853149096346	-0.22760027454974713	0.15723163561528294	-0.6641984657911747	0.30817766740740515	-0.23786094890019027	0.12093171911996314	-0.07108984063025862	0.22033869653000326	-0.16742530414951415	0.1512584614086719	-0.11978299923180473	0.09343582348323329	-0.1598493124935475	0.1322148768269291	-0.16134887750310695	0.10267864051217224	-0.08194105360692709	0.14614409016085847	-0.13256457530901639	0.10711130277672025	-0.11627570522539335	0.07889282286742527	-0.13931380899518464	0.10242312824943521	-0.08962077125597404	0.10265089673904294	-0.08103396323769725	0.07589364772607118	-0.08861896630540575	0.08968422757862118	-0.06501606273459747	0.055321101881727855	-0.09080527194657485	0.07502884500348511	-0.08432560391335085	0.06313357386818332	-0.05997079486555906
-0.5556070690282144	0.9999999999999997	-0.4337396704469555	0.26340979223613975	-0.20972018607856507	0.29812288500854717	-0.5108827003771573	0.2690431146345738	-0.15345329320379147	0.0905981686607391	-0.21396377972752542	0.17257979153167405	-0.18650202725328882	0.13896570824324597	-0.12070316194275403	0.13736403606101438	-0.14785296821206234	0.17455768720167536	-0.12317454088564173	0.09608702709352739	-0.15610944968892496	0.13601835573476798	-0.11863900052946325	0.12488104391877046	-0.09157722177403962	0.13594425053719728	-0.11039844293393493	0.09655279039985266	-0.11641129542609842	0.09130605954861934	-0.07780522654697314	0.0915794425007072	-0.09838168827321864	0.07123049027042025	-0.06132931792044351	0.0916705725417129	-0.07922096977997914	0.08977361687894722	-0.06929373730544292	0.06508095189141475
0.21169853149096346	-0.4337396704469555	1.0	-0.72133283805208	0.18492841798906184	-0.17657577911479777	0.24088430552857718	-0.3793224043295047	0.19273639145492183	-0.08301329717938888	0.1485406203103079	-0.14431304210320856	0.19288248585304463	-0.180266334653651	0.10851242353782498	-0.10281491261988873	0.12339620438660083	-0.1768099796254527	0.11213048189321276	-0.08835196962892979	0.12104685076221772	-0.11579741024922469	0.103129400122684	-0.11107377092325407	0.08141583810235706	-0.11485118367728349	0.09388829482756607	-0.08344686918051035	0.10066686366271087	-0.08174370781401281	0.0660538003978917	-0.07859268178676972	0.08453782797652788	-0.06185847000194607	0.05313658559968942	-0.07872163667257234	0.06784137209702595	-0.07798975831337203	0.05991007860537199	-0.05672104093222724
-0.22760027454974713	0.26340979223613975	-0.72133283805208	1.0	-0.28522673855923814	0.17248408648263377	-0.2415686488135576	0.2722816991282517	-0.30784819541399455	0.11999143535200986	-0.18318739564840314	0.15915707675960458	-0.22315216613536604	0.21279979865308027	-0.15912668743105346	0.12186588219007705	-0.14393785559941713	0.1921081932542859	-0.15000857227683603	0.11653984903465754	-0.15475413758232687	0.1413338439296315	-0.13115693608327011	0.1396861235765849	-0.10823206943549374	0.14127887412034437	-0.11931897060842582	0.10627924497842516	-0.13278718053222308	0.10635022423996615	-0.08300431378270261	0.09884670116591576	-0.1095183835688567	0.0801137907610798	-0.06938731434966029	0.09821706837552362	-0.08640866559131151	0.09952381756169046	-0.0778446687839788	0.07313455146661302
0.15723163561528294	-0.20972018607856507	0.18492841798906184	-0.28522673855923814	1.0000000000000002	-0.1570399255283315	0.18252081662357358	-0.2557421697760581	0.16331792589483143	-0.514078307256247	0.1870359879995334	-0.21833761221749937	0.19890321857957663	-0.18507731014144488	0.3005764114990154	-0.152594438674234	0.1806880572737968	-0.27280727019166695	0.22058009295018752	-0.22980485613529916	0.19004354929689296	-0.22849922861831015	0.20049876557338359	-0.2635874723259187	0.1826367956561571	-0.2738594264994905	0.1901682901534272	-0.18181547657444977	0.20808890386772722	-0.20800292812056573	0.15223257785450278	-0.18436924782072994	0.18090943797271183	-0.14298046424701022	0.11924018733839623	-0.196116082787673	0.15467831232295712	-0.19164141417468167	0.1356043973701645	-0.1385831460610101
-0.6641984657911747	0.29812288500854717	-0.17657577911479777	0.17248408648263377	-0.1570399255283315	1.0000000000000004	-0.5088325421568232	0.22095780391664088	-0.11277751258599954	0.06975330302848766	-0.3575287376686842	0.16896533070580225	-0.1506076925262831	0.10770430657372641	-0.09249673481677358	0.17620033001829735	-0.13782563419544994	0.1511447613375591	-0.10055077259261572	0.07911190134077054	-0.16595381644993826	0.13039226149075406	-0.10579582514322915	0.11122785333530197	-0.07685505202844348	0.1336107249254365	-0.1011579666121557	0.08711192245075439	-0.10066251417150779	0.07797161077884728	-0.0735389364030921	0.08510278059704507	-0.08755198979615537	0.06285204103884894	-0.05367576833249869	0.08632442464135237	-0.07257847579078303	0.08075536610361732	-0.06116839762320807	0.05757887892539578
0.30817766740740515	-0.5108827003771573	0.24088430552857718	-0.2415686488135576	0.18252081662357358	-0.5088325421568232	1.0000000000000007	-0.47682432394616087	0.15653647653780092	-0.08290118699085393	0.21887533380722374	-0.24982090013576685	0.21452411042754593	-0.1530519897623946	0.10931007707581654	-0.1531250406004287	0.1757950951018058	-0.2129767164839599	0.12189037483903369	-0.09587677949221202	0.15500881980273662	-0.14769828422215803	0.12249057133722625	-0.12973632336546267	0.09025674659738019	-0.143022583136699	0.1135149339789345	-0.09894440684971302	0.11501907150178743	-0.09154425239444802	0.08012414093628285	-0.09454663590301042	0.09878463264717567	-0.07148923139908621	0.061034767870376545	-0.09509017619741465	0.0806792104892951	-0.09125666928491756	0.06926090250445455	-0.06549864589342777
-0.23786094890019027	0.2690431146345738	-0.3793224043295047	0.2722816991282517	-0.2557421697760581	0.22095780391664088	-0.47682432394616087	1.0000000000000002	-0.2949690995910968	0.1139378205744077	-0.2102649065743643	0.20601660306479022	-0.49718661602309905	0.2339645937947089	-0.15262352407792804	0.13897115595627516	-0.19116553116405807	0.26998265763458096	-0.16555987500223138	0.12448811436503149	-0.17021024746503868	0.16002715300392806	-0.14802897021889314	0.15235575346936575	-0.1148514014212307	0.1516040788613746	-0.13066420160445408	0.11494584712105611	-0.14062980176307285	0.11271971638062095	-0.08871192051420848	0.10573730056599598	-0.1166494438818633	0.08468124016331166	-0.07304288811503133	0.10437053275133824	-0.09195016395906747	0.10524365346973932	-0.08204007831237191	0.0769697158166042
0.12093171911996314	-0.15345329320379147	0.19273639145492183	-0.30784819541399455	0.16331792589483143	-0.11277751258599954	0.15653647653780092	-0.2949690995910968	0.9999999999999999	-0.09206376444648637	0.1169417955461499	-0.13532421185976692	0.24389682121639916	-0.8307491386459824	0.11575535157976456	-0.08315948136723562	0.11817612245474492	-0.20680758348537231	0.12050824787447034	-0.09607498520466008	0.10203054569889207	-0.1060512474539254	0.09748892075427923	-0.1075226424124513	0.08003885335886439	-0.10077445239813233	0.08507415899489544	-0.07670014160889137	0.0926747405845861	-0.08055365726532256	0.058589992905826546	-0.07055799549201634	0.07664834788084061	-0.05671297078206341	0.04854424135230586	-0.07012334391973728	0.06081556504765044	-0.07097576713158174	0.05444539221367266	-0.05195210806850219
-0.07108984063025862	0.0905981686607391	-0.08301329717938888	0.11999143535200986	-0.514078307256247	0.06975330302848766	-0.08290118699085393	0.1139378205744077	-0.09206376444648637	0.9999999999999971	-0.08631489814463006	0.0980221186075708	-0.09817463789949064	0.09999241263320813	-0.775069966990576	0.0686129707554791	-0.08451507554706673	0.1284186844033965	-0.17708577472162412	0.18403616378072177	-0.08753073355751911	0.10512129267996428	-0.10001088458571651	0.13134508393329936	-0.12301908332558349	0.11723386040375741	-0.08906715217994407	0.0861414039683888	-0.10745840269856131	0.1161424016330493	-0.0668834892058684	0.08183991429451144	-0.08529044918476707	0.06790226488867739	-0.05725352789116356	0.0845827694703159	-0.06946275524659865	0.08628937125632731	-0.06360134698368723	0.0639231314363763
0.22033869653000326	-0.21396377972752542	0.1485406203103079	-0.18318739564840314	0.1870359879995334	-0.3575287376686842	0.21887533380722374	-0.2102649065743643	0.1169417955461499	-0.08631489814463006	0.9999999999999983	-0.29370260265073533	0.16336638958334018	-0.12225828885829876	0.11327993546421018	-0.6394700081708118	0.20735510236570578	-0.20450298737711528	0.13360138932611063	-0.10809815560074498	0.30232645291781063	-0.23530155961833707	0.16406048099128226	-0.1775996134416645	0.1096880969339634	-0.26052972432772564	0.16683845178865983	-0.14202916976141222	0.15187005305765233	-0.11533001348385888	0.1311276491156716	-0.14832043025440783	0.13922588407736453	-0.09915148890879139	0.08336994985434827	-0.15532894872448155	0.12261566671145518	-0.13257866686495617	0.09657963483670931	-0.09157617764869684
-0.16742530414951415	0.17257979153167405	-0.14431304210320856	0.15915707675960458	-0.21833761221749937	0.16896533070580225	-0.24982090013576685	0.20601660306479022	-0.13532421185976692	0.0980221186075708	-0.29370260265073533	0.9999999999999989	-0.2559155122982389	0.1343597911908584	-0.13138499162299988	0.18527961529760312	-0.7566155113712235	0.2703587699892315	-0.15769542547939794	0.11858570059383461	-0.2191898138476016	0.23539454382843736	-0.18592861506146824	0.1684202511322435	-0.11716223270938045	0.17240984376987842	-0.1725813905028569	0.1367047431424357	-0.15652314416250976	0.11593931993419013	-0.10195117633686662	0.12205176540605078	-0.13446384231862507	0.09355095964595782	-0.08006420973766495	0.11635559946817509	-0.10535831314815648	0.11651393254878833	-0.09067128631365541	0.08376341796797843
0.1512584614086719	-0.18650202725328882	0.19288248585304463	-0.22315216613536604	0.19890321857957663	-0.1506076925262831	0.21452411042754593	-0.49718661602309905	0.24389682121639916	-0.09817463789949064	0.16336638958334018	-0.2559155122982389	0.9999999999999998	-0.3531106947461073	0.12884251535908972	-0.11824400311965785	0.21898225666694043	-0.6224467291688903	0.16788428292761548	-0.12873909901210537	0.1428767674970561	-0.1600568635330085	0.14705311294764878	-0.15296221185212877	0.10788730540169898	-0.13653720620139378	0.12118788680539144	-0.10792667617338023	0.12684377103196307	-0.10836002619237319	0.07973847318978441	-0.09657336280210341	0.10547403153634201	-0.07703197093327163	0.06572434595107991	-0.09446431786174808	0.08289433169332044	-0.09601448326420399	0.07376690977007522	-0.06998116797003993
-0.11978299923180473	0.13896570824324597	-0.180266334653651	0.21279979865308027	-0.18507731014144488	0.10770430657372641	-0.1530519897623946	0.2339645937947089	-0.8307491386459824	0.09999241263320813	-0.12225828885829876	0.1343597911908584	-0.3531106947461073	0.9999999999999997	-0.13723645225374892	0.08521275139599664	-0.12468689772491778	0.2055593409816123	-0.13961189725133757	0.10404769712691672	-0.10780784906492094	0.1094253374500915	-0.10385495729590336	0.11207448590880835	-0.08698434819713927	0.1035542759016533	-0.08958793670085916	0.08051470377061216	-0.09921306575420158	0.08535121194379951	-0.06087428699184992	0.07332855076356035	-0.08107881215756763	0.05983186948684876	-0.051443892536947165	0.07243350211103416	-0.06362164922794852	0.07414179789326905	-0.0575143717859923	0.05455107222058751
0.09343582348323329	-0.12070316194275403	0.10851242353782498	-0.15912668743105346	0.3005764114990154	-0.09249673481677358	0.10931007707581654	-0.15262352407792804	0.11575535157976456	-0.775069966990576	0.11327993546421018	-0.13138499162299988	0.12884251535908972	-0.13723645225374892	0.9999999999999963	-0.09092721879997073	0.1119917674626704	-0.17395905329791014	0.21270735859912138	-0.3128120151867833	0.11513718155400053	-0.14023877881415062	0.13127526480256488	-0.17774589963041862	0.15815269739528734	-0.1569596843297854	0.11737344115124568	-0.11407812334728168	0.13926196139480243	-0.16084665657573555	0.08903389914702928	-0.10896552511030759	0.1120609027277021	-0.08980677129504999	0.07523380352312631	-0.11305912660143747	0.09207487437099236	-0.11481455182954614	0.08374391195520318	-0.08490464565352483
-0.1598493124935475	0.13736403606101438	-0.10281491261988873	0.12186588219007705	-0.152594438674234	0.17620033001829735	-0.1531250406004287	0.13897115595627516	-0.08315948136723562	0.0686129707554791	-0.6394700081708118	0.18527961529760312	-0.11824400311965785	0.08521275139599664	-0.09092721879997073	0.9999999999999967	-0.17919038697966652	0.14590843507026152	-0.10494270332847759	0.08357169926199785	-0.6304534650501029	0.19786886751378013	-0.13897970849124267	0.13572855608198228	-0.08704112365216207	0.20626288042968552	-0.14340091169574082	0.11451628431104642	-0.12425739236411007	0.08963335934163165	-0.10859847045422905	0.1156963597666816	-0.11359532764292596	0.07839297679850384	-0.06646649504920243	0.11755398081181875	-0.09834050727326749	0.10251689225209215	-0.07687786465492023	0.07117176016694562
0.1322148768269291	-0.14785296821206234	0.12339620438660083	-0.14393785559941713	0.1806880572737968	-0.13782563419544994	0.1757950951018058	-0.19116553116405807	0.11817612245474492	-0.08451507554706673	0.20735510236570578	-0.7566155113712235	0.21898225666694043	-0.12468689772491778	0.1119917674626704	-0.17919038697966652	1.0000000000000027	-0.397753355588873	0.1465772806776156	-0.11223134607348158	0.18960374712368286	-0.32474143512710146	0.18244126840903005	-0.16921649108777584	0.10722836820047958	-0.16440879611400716	0.16657029859130462	-0.13356314324526292	0.14196547986899674	-0.10836328685824576	0.09536718577464168	-0.11701124828415577	0.12394675140562349	-0.08656709567883246	0.07311419241599879	-0.10998538226045201	0.09798144056252919	-0.10923618842865249	0.0830760220180913	-0.07760389145519267
-0.16134887750310695	0.17455768720167536	-0.1768099796254527	0.1921081932542859	-0.27280727019166695	0.1511447613375591	-0.2129767164839599	0.26998265763458096	-0.20680758348537231	0.1284186844033965	-0.20450298737711528	0.2703587699892315	-0.6224467291688903	0.2055593409816123	-0.17395905329791014	0.14590843507026152	-0.397753355588873	0.999999999999995	-0.2817889909093341	0.17609901524974803	-0.18818722341158772	0.21076410441040597	-0.22419237209897175	0.2021227400038636	-0.15021808653271018	0.1704916816379968	-0.16395809689640295	0.143628093179319	-0.17239049689182012	0.14362090981871573	-0.10206195554134428	0.12412325531503478	-0.1408105284212938	0.10156861956031032	-0.08714360206111155	0.11925541862322588	-0.10767042499786734	0.12419045062573386	-0.09727020596793032	0.09120174507579859
0.10267864051217224	-0.12317454088564173	0.11213048189321276	-0.15000857227683603	0.22058009295018752	-0.10055077259261572	0.12189037483903369	-0.16555987500223138	0.12050824787447034	-0.17708577472162412	0.13360138932611063	-0.15769542547939794	0.16788428292761548	-0.13961189725133757	0.21270735859912138	-0.10494270332847759	0.1465772806776156	-0.2817889909093341	0.9999999999999963	-0.7227195456650412	0.13800908476080406	-0.1811612025534018	0.19822497656696705	-0.33625588740110735	0.26376302734749524	-0.1661673050710973	0.1480539617680528	-0.1493485528876946	0.19343287986187452	-0.2709088328816325	0.0989171876415161	-0.12436095457996207	0.14023680518370019	-0.11401997771904765	0.09567403925991891	-0.1213359808213045	0.10626307698297088	-0.13433802470733847	0.10292631179464547	-0.10302467802070761
-0.08194105360692709	0.09608702709352739	-0.08835196962892979	0.11653984903465754	-0.22980485613529916	0.07911190134077054	-0.09587677949221202	0.12448811436503149	-0.09607498520466008	0.18403616378072177	-0.10809815560074498	0.11858570059383461	-0.12873909901210537	0.10404769712691672	-0.3128120151867833	0.08357169926199785	-0.11223134607348158	0.17609901524974803	-0.7227195456650412	0.9999999999999982	-0.11223031399132712	0.14027665172249457	-0.15915234152684077	0.21884027060544814	-0.4304958932288019	0.13457452920365237	-0.12295430216267908	0.12388332632410025	-0.18120695845972523	0.24537385983544907	-0.08125524591034665	0.1022033018842826	-0.11949835515034227	0.09844562517299636	-0.08421797239473723	0.09926647327462532	-0.08843388361695048	0.1119148253737448	-0.08873212721852308	0.08748117078395923
0.14614409016085847	-0.15610944968892496	0.12104685076221772	-0.15475413758232687	0.19004354929689296	-0.16595381644993826	0.15500881980273662	-0.17021024746503868	0.10203054569889207	-0.08753073355751911	0.30232645291781063	-0.2191898138476016	0.1428767674970561	-0.10780784906492094	0.11513718155400053	-0.6304534650501029	0.18960374712368286	-0.18818722341158772	0.13800908476080406	-0.11223031399132712	0.9999999999999974	-0.3636795451056541	0.19722087794295123	-0.20157698203598956	0.11935491697360673	-0.40210215565328505	0.21351552520036615	-0.17166661893900803	0.17443019820790262	-0.12583511815390716	0.17333319602803848	-0.18255816170570288	0.16472389877994315	-0.11365551080433361	0.09518653386476852	-0.19056019986362255	0.14944938134623972	-0.15294174804571742	0.11125975108635214	-0.103698285747913
-0.13256457530901639	0.13601835573476798	-0.11579741024922469	0.1413338439296315	-0.22849922861831015	0.13039226149075406	-0.14769828422215803	0.16002715300392806	-0.1060512474539254	0.10512129267996428	-0.23530155961833707	0.23539454382843736	-0.1600568635330085	0.1094253374500915	-0.14023877881415062	0.19786886751378013	-0.32474143512710146	0.21076410441040597	-0.1811612025534018	0.14027665172249457	-0.3636795451056541	0.9999999999999927	-0.4951466669863023	0.27590027656759186	-0.16049874955567	0.2523188276076867	-0.48446481337127023	0.261616051625208	-0.24922334303918223	0.1606965867101989	-0.1595592139523468	0.20366800330899223	-0.22752781995521304	0.14464808014106106	-0.12090639556333825	0.17191640668997546	-0.1698938465449903	0.17893852775485886	-0.13817953627730825	0.12486536673739497
0.10711130277672025	-0.11863900052946325	0.103129400122684	-0.13115693608327011	0.20049876557338359	-0.10579582514322915	0.12249057133722625	-0.14802897021889314	0.09748892075427923	-0.10001088458571651	0.16406048099128226	-0.18592861506146824	0.14705311294764878	-0.10385495729590336	0.13127526480256488	-0.13897970849124267	0.18244126840903005	-0.22419237209897175	0.19822497656696705	-0.15915234152684077	0.19722087794295123	-0.4951466669863023	0.999999999999994	-0.6564474875046166	0.17821454607110607	-0.2148260822608142	0.2567381357770765	-0.31379835612295565	0.23729610767792653	-0.1838461485015871	0.13163507367852248	-0.17477927443408872	0.2058181272628644	-0.14216617120245176	0.11481075225300148	-0.15376404151688308	0.14284571217374756	-0.17411556190988123	0.12917227725313374	-0.12289628133826662
-0.11627570522539335	0.12488104391877046	-0.11107377092325407	0.1396861235765849	-0.2635874723259187	0.11122785333530197	-0.12973632336546267	0.15235575346936575	-0.1075226424124513	0.13134508393329936	-0.1775996134416645	0.1684202511322435	-0.15296221185212877	0.11207448590880835	-0.17774589963041862	0.13572855608198228	-0.16921649108777584	0.2021227400038636	-0.33625588740110735	0.21884027060544814	-0.20157698203598956	0.27590027656759186	-0.6564474875046166	0.9999999999999958	-0.2914401167401241	0.20605695949357847	-0.24171545786447662	0.23467707305508786	-0.31945936025980937	0.2287375142177312	-0.13164977049971163	0.16784423618294067	-0.2188959635179796	0.15747337314123847	-0.13364992191076974	0.1522281509972767	-0.14713672303129063	0.17628531569322353	-0.14521572249700604	0.13327848709372778
0.07889282286742527	-0.09157722177403962	0.08141583810235706	-0.10823206943549374	0.1826367956561571	-0.07685505202844348	0.09025674659738019	-0.1148514014212307	0.08003885335886439	-0.12301908332558349	0.1096880969339634	-0.11716223270938045	0.10788730540169898	-0.08698434819713927	0.15815269739528734	-0.08704112365216207	0.10722836820047958	-0.15021808653271018	0.26376302734749524	-0.4304958932288019	0.11935491697360673	-0.16049874955567	0.17821454607110607	-0.2914401167401241	0.9999999999999943	-0.15443380050870198	0.14411107956255406	-0.1609404620767086	0.24643973453571466	-0.7308087049251465	0.09477654586039624	-0.12249990525596052	0.14644584134387129	-0.13572616346091346	0.11334494261043933	-0.11714390168387842	0.10551644384433509	-0.1429409133849157	0.11315836303815757	-0.11845373344124464
-0.13931380899518464	0.13594425053719728	-0.11485118367728349	0.14127887412034437	-0.2738594264994905	0.1336107249254365	-0.143022583136699	0.1516040788613746	-0.10077445239813233	0.11723386040375741	-0.26052972432772564	0.17240984376987842	-0.13653720620139378	0.1035542759016533	-0.1569596843297854	0.20626288042968552	-0.16440879611400716	0.1704916816379968	-0.1661673050710973	0.13457452920365237	-0.40210215565328505	0.2523188276076867	-0.2148260822608142	0.20605695949357847	-0.15443380050870198	0.999999999999995	-0.35223619628044006	0.22800028636344108	-0.2584496106317748	0.1571873359982415	-0.5189774173316768	0.2777739117513279	-0.2584910464775696	0.15970825044262293	-0.13880239820317736	0.286479725076687	-0.26461034114185933	0.21009745003868976	-0.16604274513217426	0.14080826027793036
0.10242312824943521	-0.11039844293393493	0.09388829482756607	-0.11931897060842582	0.1901682901534272	-0.1011579666121557	0.1135149339789345	-0.13066420160445408	0.08507415899489544	-0.08906715217994407	0.16683845178865983	-0.1725813905028569	0.12118788680539144	-0.08958793670085916	0.11737344115124568	-0.14340091169574082	0.16657029859130462	-0.16395809689640295	0.1480539617680528	-0.12295430216267908	0.21351552520036615	-0.48446481337127023	0.2567381357770765	-0.24171545786447662	0.14411107956255406	-0.35223619628044006	0.999999999999994	-0.5506392097043573	0.25791537110865925	-0.16270205165491788	0.20866443437918253	-0.3682654459168964	0.2769858514781478	-0.1710734135895165	0.13360307490398027	-0.2240884775413081	0.2190597635550126	-0.229183386683503	0.15755669701878225	-0.145784957614845
-0.08962077125597404	0.09655279039985266	-0.08344686918051035	0.10627924497842516	-0.18181547657444977	0.08711192245075439	-0.09894440684971302	0.11494584712105611	-0.07670014160889137	0.0861414039683888	-0.14202916976141222	0.1367047431424357	-0.10792667617338023	0.08051470377061216	-0.11407812334728168	0.11451628431104642	-0.13356314324526292	0.143628093179319	-0.1493485528876946	0.12388332632410025	-0.17166661893900803	0.261616051625208	-0.31379835612295565	0.23467707305508786	-0.1609404620767086	0.22800028636344108	-0.5506392097043573	0.9999999999999922	-0.43823177527051677	0.18122707041170272	-0.16002893477227326	0.23250111567137743	-0.511394987991009	0.20916390626165302	-0.15871395554769652	0.17670829620940706	-0.18938365555333075	0.23772671940503848	-0.1793642750731754	0.15973671082328716
0.10265089673904294	-0.11641129542609842	0.10066686366271087	-0.13278718053222308	0.20808890386772722	-0.10066251417150779	0.11501907150178743	-0.14062980176307285	0.0926747405845861	-0.10745840269856131	0.15187005305765233	-0.15652314416250976	0.12684377103196307	-0.09921306575420158	0.13926196139480243	-0.12425739236411007	0.14196547986899674	-0.17239049689182012	0.19343287986187452	-0.18120695845972523	0.17443019820790262	-0.24922334303918223	0.23729610767792653	-0.31945936025980937	0.24643973453571466	-0.2584496106317748	0.25791537110865925	-0.43823177527051677	0.9999999999999951	-0.4336892509869916	0.1628828778557171	-0.22363186399525392	0.28720236883531386	-0.3945658404560252	0.22281354225828046	-0.20386929139080257	0.18816985064894237	-0.2852153986974398	0.22779687482267352	-0.23954555404259975
-0.08103396323769725	0.09130605954861934	-0.08174370781401281	0.10635022423996615	-0.20800292812056573	0.07797161077884728	-0.09154425239444802	0.11271971638062095	-0.08055365726532256	0.1161424016330493	-0.11533001348385888	0.11593931993419013	-0.10836002619237319	0.08535121194379951	-0.16084665657573555	0.08963335934163165	-0.10836328685824576	0.14362090981871573	-0.2709088328816325	0.24537385983544907	-0.12583511815390716	0.1606965867101989	-0.1838461485015871	0.2287375142177312	-0.7308087049251465	0.1571873359982415	-0.16270205165491788	0.18122707041170272	-0.4336892509869916	0.9999999999999923	-0.10006103708390934	0.13033524020851397	-0.17226464353330478	0.16423237136611146	-0.1494634044722384	0.12105438061971459	-0.114928230396772	0.15379234980341366	-0.13560036119484367	0.13421477762913003
0.07589364772607118	-0.07780522654697314	0.0660538003978917	-0.08300431378270261	0.15223257785450278	-0.0735389364030921	0.08012414093628285	-0.08871192051420848	0.058589992905826546	-0.0668834892058684	0.1311276491156716	-0.10195117633686662	0.07973847318978441	-0.06087428699184992	0.08903389914702928	-0.10859847045422905	0.09536718577464168	-0.10206195554134428	0.0989171876415161	-0.08125524591034665	0.17333319602803848	-0.1595592139523468	0.13163507367852248	-0.13164977049971163	0.09477654586039624	-0.5189774173316768	0.20866443437918253	-0.16002893477227326	0.1628828778557171	-0.10006103708390934	0.9999999999999916	-0.45513355706543085	0.19220614985760348	-0.11605051398085815	0.09790287986030818	-0.6288304821398126	0.2894645194102892	-0.18324239489625938	0.12478695295557549	-0.10451284328418879
-0.08861896630540575	0.0915794425007072	-0.07859268178676972	0.09884670116591576	-0.18436924782072994	0.08510278059704507	-0.09454663590301042	0.10573730056599598	-0.07055799549201634	0.08183991429451144	-0.14832043025440783	0.12205176540605078	-0.09657336280210341	0.07332855076356035	-0.10896552511030759	0.1156963597666816	-0.11701124828415577	0.12412325531503478	-0.12436095457996207	0.1022033018842826	-0.18255816170570288	0.20366800330899223	-0.17477927443408872	0.16784423618294067	-0.12249990525596052	0.2777739117513279	-0.3682654459168964	0.23250111567137743	-0.22363186399525392	0.13033524020851397	-0.45513355706543085	0.9999999999999919	-0.3447906992448206	0.1640867936675437	-0.13765995199056577	0.31559058838717946	-0.5917045470541495	0.25735517279192066	-0.17956149847209368	0.1428375548465125
0.08968422757862118	-0.09838168827321864	0.08453782797652788	-0.1095183835688567	0.18090943797271183	-0.08755198979615537	0.09878463264717567	-0.1166494438818633	0.07664834788084061	-0.08529044918476707	0.13922588407736453	-0.13446384231862507	0.10547403153634201	-0.08107881215756763	0.1120609027277021	-0.11359532764292596	0.12394675140562349	-0.1408105284212938	0.14023680518370019	-0.11949835515034227	0.16472389877994315	-0.22752781995521304	0.2058181272628644	-0.2188959635179796	0.14644584134387129	-0.2584910464775696	0.2769858514781478	-0.511394987991009	0.28720236883531386	-0.17226464353330478	0.19220614985760348	-0.3447906992448206	0.9999999999999907	-0.3578386040555558	0.21356469481786697	-0.23335844629754832	0.24884596045734403	-0.4901454596458343	0.2585508400153177	-0.24430608958253364
-0.06501606273459747	0.07123049027042025	-0.06185847000194607	0.0801137907610798	-0.14298046424701022	0.06285204103884894	-0.07148923139908621	0.08468124016331166	-0.05671297078206341	0.06790226488867739	-0.09915148890879139	0.09355095964595782	-0.07703197093327163	0.05983186948684876	-0.08980677129504999	0.07839297679850384	-0.08656709567883246	0.10156861956031032	-0.11401997771904765	0.09844562517299636	-0.11365551080433361	0.14464808014106106	-0.14216617120245176	0.15747337314123847	-0.13572616346091346	0.15970825044262293	-0.1710734135895165	0.20916390626165302	-0.3945658404560252	0.16423237136611146	-0.11605051398085815	0.1640867936675437	-0.3578386040555558	0.9999999999999908	-0.6051864996790999	0.14101191844618907	-0.15790927539532493	0.2639952497349555	-0.4618839674888015	0.3178006699605895
0.055321101881727855	-0.06132931792044351	0.05313658559968942	-0.06938731434966029	0.11924018733839623	-0.05367576833249869	0.061034767870376545	-0.07304288811503133	0.04854424135230586	-0.05725352789116356	0.08336994985434827	-0.08006420973766495	0.06572434595107991	-0.051443892536947165	0.07523380352312631	-0.06646649504920243	0.07311419241599879	-0.08714360206111155	0.09567403925991891	-0.08421797239473723	0.09518653386476852	-0.12090639556333825	0.11481075225300148	-0.13364992191076974	0.11334494261043933	-0.13880239820317736	0.13360307490398027	-0.15871395554769652	0.22281354225828046	-0.1494634044722384	0.09790287986030818	-0.13765995199056577	0.21356469481786697	-0.6051864996790999	0.9999999999999906	-0.12382702011616172	0.13036973190348702	-0.2375648928596942	0.299998755534524	-0.6621886874228073
-0.09080527194657485	0.0916705725417129	-0.07872163667257234	0.09821706837552362	-0.196116082787673	0.08632442464135237	-0.09509017619741465	0.10437053275133824	-0.07012334391973728	0.0845827694703159	-0.15532894872448155	0.11635559946817509	-0.09446431786174808	0.07243350211103416	-0.11305912660143747	0.11755398081181875	-0.10998538226045201	0.11925541862322588	-0.1213359808213045	0.09926647327462532	-0.19056019986362255	0.17191640668997546	-0.15376404151688308	0.1522281509972767	-0.11714390168387842	0.286479725076687	-0.2240884775413081	0.17670829620940706	-0.20386929139080257	0.12105438061971459	-0.6288304821398126	0.31559058838717946	-0.23335844629754832	0.14101191844618907	-0.12382702011616172	0.9999999999999907	-0.5417416305185444	0.22395386114090793	-0.16412037555683495	0.12736050489394318
0.07502884500348511	-0.07922096977997914	0.06784137209702595	-0.08640866559131151	0.15467831232295712	-0.07257847579078303	0.0806792104892951	-0.09195016395906747	0.06081556504765044	-0.06946275524659865	0.12261566671145518	-0.10535831314815648	0.08289433169332044	-0.06362164922794852	0.09207487437099236	-0.09834050727326749	0.09798144056252919	-0.10767042499786734	0.10626307698297088	-0.08843388361695048	0.14944938134623972	-0.1698938465449903	0.14284571217374756	-0.14713672303129063	0.10551644384433509	-0.26461034114185933	0.2190597635550126	-0.18938365555333075	0.18816985064894237	-0.114928230396772	0.2894645194102892	-0.5917045470541495	0.24884596045734403	-0.15790927539532493	0.13036973190348702	-0.5417416305185444	0.9999999999999903	-0.4118263903027832	0.18768680131123602	-0.15010041131900198
-0.08432560391335085	0.08977361687894722	-0.07798975831337203	0.09952381756169046	-0.19164141417468167	0.08075536610361732	-0.09125666928491756	0.10524365346973932	-0.07097576713158174	0.08628937125632731	-0.13257866686495617	0.11651393254878833	-0.09601448326420399	0.07414179789326905	-0.11481455182954614	0.10251689225209215	-0.10923618842865249	0.12419045062573386	-0.13433802470733847	0.1119148253737448	-0.15294174804571742	0.17893852775485886	-0.17411556190988123	0.17628531569322353	-0.1429409133849157	0.21009745003868976	-0.229183386683503	0.23772671940503848	-0.2852153986974398	0.15379234980341366	-0.18324239489625938	0.25735517279192066	-0.4901454596458343	0.2639952497349555	-0.2375648928596942	0.22395386114090793	-0.4118263903027832	0.9999999999999909	-0.5328186894942966	0.25015762934405694
0.06313357386818332	-0.06929373730544292	0.05991007860537199	-0.0778446687839788	0.1356043973701645	-0.06116839762320807	0.06926090250445455	-0.08204007831237191	0.05444539221367266	-0.06360134698368723	0.09657963483670931	-0.09067128631365541	0.07376690977007522	-0.0575143717859923	0.08374391195520318	-0.07687786465492023	0.0830760220180913	-0.09727020596793032	0.10292631179464547	-0.08873212721852308	0.11125975108635214	-0.13817953627730825	0.12917227725313374	-0.14521572249700604	0.11315836303815757	-0.16604274513217426	0.15755669701878225	-0.1793642750731754	0.22779687482267352	-0.13560036119484367	0.12478695295557549	-0.17956149847209368	0.2585508400153177	-0.4618839674888015	0.299998755534524	-0.16412037555683495	0.18768680131123602	-0.5328186894942966	0.9999999999999911	-0.5646131876309488
-0.05997079486555906	0.06508095189141475	-0.05672104093222724	0.07313455146661302	-0.1385831460610101	0.05757887892539578	-0.06549864589342777	0.0769697158166042	-0.05195210806850219	0.0639231314363763	-0.09157617764869684	0.08376341796797843	-0.06998116797003993	0.05455107222058751	-0.08490464565352483	0.07117176016694562	-0.07760389145519267	0.09120174507579859	-0.10302467802070761	0.08748117078395923	-0.103698285747913	0.12486536673739497	-0.12289628133826662	0.13327848709372778	-0.11845373344124464	0.14080826027793036	-0.145784957614845	0.15973671082328716	-0.23954555404259975	0.13421477762913003	-0.10451284328418879	0.1428375548465125	-0.24430608958253364	0.3178006699605895	-0.6621886874228073	0.12736050489394318	-0.15010041131900198	0.25015762934405694	-0.5646131876309488	0.999999999999991
