1.0000000000000002	-0.3782526372518562	0.17328843269471328	-0.051681074386480924	0.05631149157393129	-0.8692637368571844	0.225149580362651	-0.1300725891870372	0.0660657391191574	-0.057066613006665635	0.162740506915306	-0.1561399029506587	0.1084894905518731	-0.06928959464569924	0.05917383895729125	-0.10496515213931641	0.11151595720503076	-0.10817596871413487	0.04766498514349169	-0.051189474615261944	0.07919726139565209	-0.08115066246240792	0.08228166288085634	-0.03654573604087853	0.0314595566527415	-0.07746996378840934	0.0644646461720866	-0.06451607299777222	0.036024388245688835	-0.0350653083588484	0.041219201104909925	-0.048452006830916876	0.05363165218039611	-0.048222658401760606	0.03681290268361926	-0.035928667302086235	0.04846779089957008	-0.05116582616395521	0.03905592277455798	-0.027984762171890862	0.05560509921093974	-0.040935125906243645	0.046100002070997334	-0.03010204304083218	0.039663269179924215
-0.3782526372518562	1.0000000000000002	-0.4504410344850849	0.0993860563925872	-0.11004203481128598	0.2649312619434411	-0.6356122846006326	0.25516264102988123	-0.13114113299865565	0.10876175762586912	-0.265433600575195	0.26529277742934304	-0.21769384195997807	0.12971787871643822	-0.11401031025058353	0.1627948890340695	-0.21265713407258854	0.1937882458035476	-0.09024621037544592	0.09526009845031543	-0.1376150525736602	0.14024609646430017	-0.14908788776311283	0.06483338687767566	-0.05658746708614425	0.1299985390528355	-0.11330668824820149	0.1119635012427506	-0.06404615271903039	0.062369133283508044	-0.07230795245086218	0.08432612560033446	-0.0945957275662443	0.08436648554884339	-0.06536180430369978	0.06246935761746346	-0.08542826238303185	0.08918558219242634	-0.06905688064893614	0.04938429222698878	-0.0986670712307646	0.0718731972339123	-0.08156738426833626	0.053122196977732794	-0.07037983787557095
0.17328843269471328	-0.4504410344850849	1.0000000000000004	-0.17313598500868266	0.16579197627478534	-0.2026448397155364	0.28879912166477995	-0.5105427169806424	0.20252148394488298	-0.1853423615304329	0.2488521353453081	-0.2922965962655857	0.2861344211121831	-0.21683495658217852	0.17139935628670694	-0.20669169021116202	0.2284304096656997	-0.31542016570321785	0.13957616266169118	-0.15902050566252918	0.1704886240073066	-0.18472102668801135	0.19803173922928397	-0.10102635340228625	0.08786618697989873	-0.19211948435856183	0.15692129795103424	-0.16475427020035566	0.09744325378765191	-0.09860071072839705	0.10542213969155395	-0.12589428316620072	0.13707942995010247	-0.13109413781139842	0.09883340200136184	-0.0930226179546159	0.12519946199578513	-0.1352265300288627	0.10413553786983204	-0.0754765555882907	0.1450645884927449	-0.1076644340028797	0.1207609545815068	-0.07970443815445218	0.10456722811088483
-0.051681074386480924	0.0993860563925872	-0.17313598500868266	1.0000000000000002	-0.7367535033505512	0.057006585424676834	-0.10148684605544704	0.17687442019817226	-0.5469400397606258	0.2867043988721451	-0.09558901219861937	0.09760675736198163	-0.14600770008902964	0.1849208055932281	-0.2008171474831585	0.07317977895798079	-0.08781406777788847	0.11432050925892842	-0.12106523229434459	0.14030991268675772	-0.06415718099938493	0.06805674054293648	-0.07853570901660328	0.05092680341345514	-0.05056411857893069	0.06826851595240124	-0.05970023006987413	0.061506687906069744	-0.04679120777057537	0.052275945967814895	-0.039951167182017876	0.047598073769477424	-0.05342356188009698	0.055396215453298564	-0.044073384606976324	0.03479417319889523	-0.048426584060206626	0.05176144107554841	-0.04400360269430141	0.03268271657573409	-0.05597001085088059	0.04122562550153247	-0.04714404534310314	0.03155286058511678	-0.04155526707836879
0.05631149157393129	-0.11004203481128598	0.16579197627478534	-0.7367535033505512	0.9999999999999996	-0.06338952891544244	0.10495948346526031	-0.18192321552842552	0.3177606456607811	-0.4588280864079052	0.10654102855124015	-0.11063709029674615	0.15080828164070892	-0.24860622949406216	0.23043445892248404	-0.08479951356995345	0.09804003750543744	-0.13312100354640294	0.14777018871840267	-0.19722363650158212	0.07369120825142365	-0.07871251918795741	0.08984729122164203	-0.06516210313946734	0.06529802725335895	-0.08095218950460738	0.06983005375933038	-0.0727667124660293	0.058495690989748106	-0.06812021571513456	0.04722226021574673	-0.056760537940403095	0.06329684548502858	-0.06864579344328818	0.05425563952900451	-0.04134814451359252	0.05748761986155566	-0.06213406481899516	0.05360824753230919	-0.04032017392381544	0.06626259765975201	-0.04918247763796416	0.056123874406772044	-0.037872440098559806	0.04964838285066022
-0.8692637368571844	0.2649312619434411	-0.2026448397155364	0.057006585424676834	-0.06338952891544244	1.0000000000000002	-0.29059846246728804	0.14088858510498806	-0.0740303579982351	0.06285505883356036	-0.214866103972522	0.16735080500433133	-0.1234780913093398	0.07619647379737034	-0.06638348473583906	0.11669668432210965	-0.12798046068855107	0.11774007755223151	-0.053098876024658306	0.05637246280632415	-0.09011217722874787	0.09012847730169501	-0.0926174711452097	0.04034562847701263	-0.03484432263482942	0.0851203535930531	-0.07210808107628741	0.07129313087480002	-0.03992968078781956	0.038684695793322316	-0.04593141242733998	0.05362624607947427	-0.05973485267789278	0.05318004422948911	-0.04088836779074799	0.039831296674231756	-0.05398468124653756	0.05657790701161216	-0.043366117855992384	0.031000895724254775	-0.062112414935669574	0.04546075047272882	-0.05137485301585328	0.03346432633793086	-0.0442232489721919
0.225149580362651	-0.6356122846006326	0.28879912166477995	-0.10148684605544704	0.10495948346526031	-0.29059846246728804	1.0000000000000002	-0.3736810136770651	0.13454124615338559	-0.11178910506974167	0.23411971723115488	-0.46378779876479476	0.22322797795458288	-0.13132004353745247	0.1096806298418959	-0.1628583220758323	0.2172106550693786	-0.20923581833991858	0.08787962162509623	-0.0938622666193053	0.13135409217583352	-0.1434544859823907	0.14397173163421031	-0.0618275902126303	0.05372930716821788	-0.12624833195357665	0.10719282635479171	-0.10841364023586571	0.06048285493728872	-0.05929769214777959	0.06701372696935835	-0.07973796995634172	0.08890682718868467	-0.07964063370513995	0.06085911447032967	-0.058372785594155284	0.07939407184919396	-0.08385476652071534	0.06427638013977292	-0.046163917075680794	0.09014388354298698	-0.06664870716851529	0.07510872679924072	-0.049089822491587144	0.06455955768100188
-0.1300725891870372	0.25516264102988123	-0.5105427169806424	0.17687442019817226	-0.18192321552842552	0.14088858510498806	-0.3736810136770651	1.0000000000000002	-0.3311197734342984	0.19272082346042588	-0.2075736074945008	0.23678442709816255	-0.5468371918530509	0.20843097957595053	-0.18319889946164244	0.15321389611457017	-0.20407526285541971	0.26252373301271037	-0.13797329594883437	0.14171654341803586	-0.13349462943559012	0.14395349931619378	-0.16669935437528907	0.0756868655872609	-0.06866277201757696	0.13395278917787254	-0.11747873821667344	0.12051194642653328	-0.07292037832783116	0.07373169152219324	-0.07477479274552261	0.08918857827977546	-0.10065497752226286	0.09256749024174703	-0.0719067934331099	0.06494329709247014	-0.08968257674757395	0.09463601321806266	-0.07476777012549919	0.05406348632747276	-0.10241127955087295	0.07536111610292151	-0.08557119289841945	0.05616509492786686	-0.07406338274799151
0.0660657391191574	-0.13114113299865565	0.20252148394488298	-0.5469400397606258	0.3177606456607811	-0.0740303579982351	0.13454124615338559	-0.3311197734342984	0.9999999999999993	-0.5671157734028276	0.11858143575183132	-0.12849056231365047	0.1952982210995398	-0.2997023118803347	0.2569624208319342	-0.09246330024261179	0.11171600049257109	-0.1528020636767092	0.16340701884601713	-0.1995699948929825	0.08044193667025304	-0.08647582236874969	0.09912020300113977	-0.06581153977400558	0.06581295322715446	-0.0858077706587181	0.07458294124752743	-0.07752642845764032	0.059539628975427424	-0.06793156990689997	0.04939667262049012	-0.059406023004868205	0.06662209244752283	-0.06982004041951444	0.055302238951188985	-0.04313929706771352	0.060043311264968445	-0.06449772536322179	0.05495642314344959	-0.04105585241941043	0.06882562978053054	-0.051026134636219946	0.05823176621579649	-0.03908753567388884	0.051295263611611824
-0.057066613006665635	0.10876175762586912	-0.1853423615304329	0.2867043988721451	-0.4588280864079052	0.06285505883356036	-0.11178910506974167	0.19272082346042588	-0.5671157734028276	0.9999999999999977	-0.10820150834325895	0.10953012560389294	-0.1696015164243651	0.2514611156095756	-0.5324979130328321	0.08286854131518637	-0.09992758305677586	0.1310186548355711	-0.17802926120286253	0.21221944238721024	-0.07314306287188786	0.07762454433753906	-0.09045005031732903	0.06444462438736753	-0.06711547000583978	0.07779900390159844	-0.06854967851381012	0.07076450386686495	-0.05821236367290633	0.0669370256530018	-0.04583975784148029	0.05487413264051429	-0.06186770630999537	0.06619444928487807	-0.053384456349700286	0.03991016727382979	-0.05592643315700162	0.059925885039906354	-0.052401257267477894	0.03926144057168968	-0.06439000263005135	0.04754354560944947	-0.05455840925853986	0.036753150898175414	-0.048346232928997854
0.162740506915306	-0.265433600575195	0.2488521353453081	-0.09558901219861937	0.10654102855124015	-0.214866103972522	0.23411971723115488	-0.2075736074945008	0.11858143575183132	-0.10820150834325895	0.9999999999999988	-0.462952680908773	0.2108927570000583	-0.1419655116906132	0.11744327697434111	-0.5573347316608427	0.29154783096796094	-0.2631132298583703	0.09930988710711214	-0.10796948922577401	0.2687900250282209	-0.25804145035131726	0.2243518583829251	-0.096953049234075	0.07974254876581943	-0.2576314701791159	0.19043871212978533	-0.1910522465712192	0.09620789862140154	-0.09143961731500705	0.11834891791931873	-0.14062146547410048	0.15148284510096677	-0.13402242136680698	0.09883404892368577	-0.1049177335470185	0.1360734372813593	-0.14614323451365044	0.10650534987212242	-0.07625822310566777	0.15191715854841426	-0.1147912962388678	0.12670913111721405	-0.08280626823119588	0.10760981975283895
-0.1561399029506587	0.26529277742934304	-0.2922965962655857	0.09760675736198163	-0.11063709029674615	0.16735080500433133	-0.46378779876479476	0.23678442709816255	-0.12849056231365047	0.10953012560389294	-0.462952680908773	1.0000000000000022	-0.2879204655455351	0.14153184572798652	-0.12085484498304054	0.251592482372002	-0.5287191940632762	0.2641466131617358	-0.10015733282750691	0.10268495072515621	-0.20982954017366764	0.22393993102326723	-0.21512041104048693	0.0786643923918853	-0.06691137226303417	0.17499408027404642	-0.153631937336397	0.1496409457023575	-0.07827910656363377	0.07400354834822558	-0.09061570499651819	0.1074639336167233	-0.12162124734258328	0.10316535887161986	-0.0789578775810896	0.07823414272674582	-0.1069016162629455	0.11123388162148873	-0.08409171183627494	0.05986611710124087	-0.1196324367383462	0.08831461461507106	-0.0996122645639839	0.06458462886202228	-0.0850101207955736
0.1084894905518731	-0.21769384195997807	0.2861344211121831	-0.14600770008902964	0.15080828164070892	-0.1234780913093398	0.22322797795458288	-0.5468371918530509	0.1952982210995398	-0.1696015164243651	0.2108927570000583	-0.2879204655455351	0.999999999999999	-0.3023671401526594	0.17926249199476219	-0.17715744684046103	0.23755009690714454	-0.5610362147546036	0.16025803436222566	-0.1571178297131073	0.15217586915435002	-0.17759419267561635	0.2050441413730456	-0.08585739099567152	0.07607123404629505	-0.15723701791579062	0.1349659343043978	-0.14673239734033394	0.0819159387262062	-0.0821634555404463	0.08290364410397194	-0.10241326774294356	0.11499760160221292	-0.104331241059311	0.07936620800537318	-0.07268255058788108	0.10025107712174627	-0.1073479206598318	0.08288989290471267	-0.06004594296072316	0.11136632681186821	-0.0836365502868567	0.09411837706194344	-0.06189373301416897	0.08082374759890064
-0.06928959464569924	0.12971787871643822	-0.21683495658217852	0.1849208055932281	-0.24860622949406216	0.07619647379737034	-0.13132004353745247	0.20843097957595053	-0.2997023118803347	0.2514611156095756	-0.1419655116906132	0.14153184572798652	-0.3023671401526594	0.9999999999999974	-0.49573859765903266	0.10898015933756115	-0.13500593456429497	0.18772505191948594	-0.5847019793830681	0.3154516683116516	-0.09781720852522785	0.10430350787975412	-0.12511794796333292	0.09466300042587435	-0.0992920188578881	0.10293388489177177	-0.09221643518749857	0.0954485343006699	-0.08488012463474717	0.09493192989938334	-0.06118863627530213	0.07358274708540444	-0.08375678790128585	0.09088809685787676	-0.07465422938861661	0.05315153029654442	-0.07522052086199951	0.08048293163806414	-0.0723712779471902	0.05423132179339217	-0.08610389503982613	0.0636361163556806	-0.07339492432669752	0.04967067818059226	-0.06535875223962068
0.05917383895729125	-0.11401031025058353	0.17139935628670694	-0.2008171474831585	0.23043445892248404	-0.06638348473583906	0.1096806298418959	-0.18319889946164244	0.2569624208319342	-0.5324979130328321	0.11744327697434111	-0.12085484498304054	0.17926249199476219	-0.49573859765903266	0.9999999999999986	-0.094021061852475	0.1098437282805295	-0.15486387686958158	0.2836681633563298	-0.5028544928924438	0.0827641092660102	-0.08887871139373585	0.10340535939443243	-0.09596680723094454	0.10571052606299118	-0.09105104677834384	0.07971636368687769	-0.08385607647301811	0.0812461914771418	-0.1038336569452021	0.05362854082309231	-0.06551863932730907	0.07378396568813259	-0.0869453958846479	0.07039248486765438	-0.04699683695775512	0.06640337897623359	-0.07242396749105472	0.06675959435310858	-0.0515570705815413	0.07548518959543166	-0.056575917449386	0.06498845153752499	-0.04462680878384016	0.058173213344130864
-0.10496515213931641	0.1627948890340695	-0.20669169021116202	0.07317977895798079	-0.08479951356995345	0.11669668432210965	-0.1628583220758323	0.15321389611457017	-0.09246330024261179	0.08286854131518637	-0.5573347316608427	0.251592482372002	-0.17715744684046103	0.10898015933756115	-0.094021061852475	0.9999999999999991	-0.37068820102377487	0.21959104450891284	-0.07966782031439326	0.08378591272878959	-0.5834125620715095	0.27826854807923473	-0.24551920609001138	0.08196103355227738	-0.06738317191734677	0.23920067476549448	-0.20191373406617483	0.17470196393463344	-0.08346624917988403	0.07580169153410453	-0.11159018513321828	0.12514816053050237	-0.14188052167455859	0.11229280584747235	-0.08539573322730969	0.0936576216817352	-0.12463355051954352	0.12612949347595073	-0.09243467485826683	0.0651063337738463	-0.1373504280328029	0.10080008820696337	-0.1129824627173184	0.07223193281193949	-0.09500398154514128
0.11151595720503076	-0.21265713407258854	0.2284304096656997	-0.08781406777788847	0.09804003750543744	-0.12798046068855107	0.2172106550693786	-0.20407526285541971	0.11171600049257109	-0.09992758305677586	0.29154783096796094	-0.5287191940632762	0.23755009690714454	-0.13500593456429497	0.1098437282805295	-0.37068820102377487	1.000000000000002	-0.43688475136335186	0.09529136836135985	-0.09937884988200718	0.26207490150484736	-0.45103512076425656	0.26851074393584573	-0.08595766967913283	0.07036826849765686	-0.2139158640057079	0.17843865378975451	-0.18421327344171332	0.08484831652126137	-0.07867354364312378	0.09835069196831832	-0.12182992254326566	0.1366896759963629	-0.11268518940050412	0.08372586777446847	-0.08593023431788116	0.11638762000174105	-0.123200664730425	0.08986899957556198	-0.06405178389002394	0.12504378650117073	-0.09495154303965853	0.10566668019719827	-0.06855911061604103	0.08902397891228012
-0.10817596871413487	0.1937882458035476	-0.31542016570321785	0.11432050925892842	-0.13312100354640294	0.11774007755223151	-0.20923581833991858	0.26252373301271037	-0.1528020636767092	0.1310186548355711	-0.2631132298583703	0.2641466131617358	-0.5610362147546036	0.18772505191948594	-0.15486387686958158	0.21959104450891284	-0.43688475136335186	0.9999999999999967	-0.14386555331214163	0.13237560140903246	-0.2133613131305924	0.252244046461588	-0.4077155502517676	0.09871395246953081	-0.08379751262201836	0.19331025888299533	-0.1853398079889	0.19697835053673082	-0.09788612411483041	0.09030833489394925	-0.10425463192230144	0.12925470806732595	-0.15449417384244307	0.12322575377074163	-0.0948313513855319	0.0897183511491474	-0.12783370746178024	0.13229080407601254	-0.1005498449060804	0.07138904746949168	-0.1389746677922966	0.10322470684286233	-0.11749202007400789	0.0758786288488498	-0.09978434273917557
0.04766498514349169	-0.09024621037544592	0.13957616266169118	-0.12106523229434459	0.14777018871840267	-0.053098876024658306	0.08787962162509623	-0.13797329594883437	0.16340701884601713	-0.17802926120286253	0.09930988710711214	-0.10015733282750691	0.16025803436222566	-0.5847019793830681	0.2836681633563298	-0.07966782031439326	0.09529136836135985	-0.14386555331214163	1.0000000000000009	-0.6971084639018463	0.07136238871404121	-0.07720053642214662	0.09242183201697653	-0.11290223508525797	0.12157205009100919	-0.07813008700550471	0.06985207963209343	-0.07426671332029353	0.08800483021073208	-0.11320415162027708	0.04657605570173453	-0.05786111386108398	0.0660339528157943	-0.08387901029099507	0.06931316342220317	-0.040809351289605764	0.05874846126735918	-0.06454329537260108	0.06362371394698997	-0.04994512121456004	0.06578122413353268	-0.049754060710864474	0.05761476118881628	-0.04025338900313845	0.05222218451272363
-0.051189474615261944	0.09526009845031543	-0.15902050566252918	0.14030991268675772	-0.19722363650158212	0.05637246280632415	-0.0938622666193053	0.14171654341803586	-0.1995699948929825	0.21221944238721024	-0.10796948922577401	0.10268495072515621	-0.1571178297131073	0.3154516683116516	-0.5028544928924438	0.08378591272878959	-0.09937884988200718	0.13237560140903246	-0.6971084639018463	1.0000000000000042	-0.07614375749176448	0.08058646961789166	-0.0978041733661889	0.12230423823616601	-0.17849662945501876	0.08298005285348756	-0.07552503040560092	0.07916824973325026	-0.10194106542997088	0.13266008376924115	-0.05122391553704145	0.06303929724529977	-0.0724535722708868	0.09368991369488305	-0.08122386891112372	0.044686896943282296	-0.06488861845844046	0.07099037820492057	-0.07279827130629725	0.057150239892531145	-0.07325708281867656	0.05503234023788684	-0.06429027959308925	0.04514873319339299	-0.05885724867507744
0.07919726139565209	-0.1376150525736602	0.1704886240073066	-0.06415718099938493	0.07369120825142365	-0.09011217722874787	0.13135409217583352	-0.13349462943559012	0.08044193667025304	-0.07314306287188786	0.2687900250282209	-0.20982954017366764	0.15217586915435002	-0.09781720852522785	0.0827641092660102	-0.5834125620715095	0.26207490150484736	-0.2133613131305924	0.07136238871404121	-0.07614375749176448	0.9999999999999974	-0.5238679259166429	0.2589697109977686	-0.08330065505914186	0.0660069739806906	-0.41021913376258223	0.23055933335371948	-0.20576647938723225	0.08388222523855572	-0.07533360530549915	0.11773675096609523	-0.13530161722926407	0.14738984348680126	-0.11473264822194412	0.08370479658239353	-0.10153739276001793	0.12615609422721763	-0.1312192447107919	0.09141396165804602	-0.06467868280088875	0.13175137360581304	-0.10102705356298083	0.11017445044381204	-0.07073031129708558	0.09105571897434969
-0.08115066246240792	0.14024609646430017	-0.18472102668801135	0.06805674054293648	-0.07871251918795741	0.09012847730169501	-0.1434544859823907	0.14395349931619378	-0.08647582236874969	0.07762454433753906	-0.25804145035131726	0.22393993102326723	-0.17759419267561635	0.10430350787975412	-0.08887871139373585	0.27826854807923473	-0.45103512076425656	0.252244046461588	-0.07720053642214662	0.08058646961789166	-0.5238679259166429	0.9999999999999998	-0.5411542991913292	0.09052658400368864	-0.07110183377232338	0.24552563160622173	-0.2485626427783696	0.22750848049590736	-0.090941600608436	0.0784877023548663	-0.10660332819590584	0.13568709020777875	-0.16157084355555004	0.11652118487687059	-0.0864098520611814	0.09127559030459771	-0.12758280318333728	0.1312152860655925	-0.09369307601188051	0.06591300957891871	-0.12980318404325764	0.09937562015015264	-0.11092809160301349	0.07095355431857395	-0.09185468424283542
0.08228166288085634	-0.14908788776311283	0.19803173922928397	-0.07853570901660328	0.08984729122164203	-0.0926174711452097	0.14397173163421031	-0.16669935437528907	0.09912020300113977	-0.09045005031732903	0.2243518583829251	-0.21512041104048693	0.2050441413730456	-0.12511794796333292	0.10340535939443243	-0.24551920609001138	0.26851074393584573	-0.4077155502517676	0.09242183201697653	-0.0978041733661889	0.2589697109977686	-0.5411542991913292	0.9999999999999986	-0.13466094467326115	0.09476660889600928	-0.2790176006170898	0.2555648874110339	-0.4675356822501683	0.12447443212587443	-0.10492963943296167	0.12230560594658357	-0.18300083479354465	0.21655902238090666	-0.1569935676532156	0.10993006551391267	-0.10905273440810404	0.15824543219500722	-0.17595304142064744	0.1194648300556314	-0.08481669934922607	0.15249398518696564	-0.123269666315885	0.13589658958043166	-0.08797887881801607	0.11127990736151402
-0.03654573604087853	0.06483338687767566	-0.10102635340228625	0.05092680341345514	-0.06516210313946734	0.04034562847701263	-0.0618275902126303	0.0756868655872609	-0.06581153977400558	0.06444462438736753	-0.096953049234075	0.0786643923918853	-0.08585739099567152	0.09466300042587435	-0.09596680723094454	0.08196103355227738	-0.08595766967913283	0.09871395246953081	-0.11290223508525797	0.12230423823616601	-0.08330065505914186	0.09052658400368864	-0.13466094467326115	1.0000000000000013	-0.5387929425762757	0.10211096677539343	-0.1055923026560894	0.12357649241139487	-0.6856197297488171	0.30824488926962396	-0.07000501967067982	0.09856529684544381	-0.12402234853714103	0.24172075335585091	-0.21002323436816803	0.06209149980525781	-0.10282771025763648	0.11945087230132571	-0.18229580953205002	0.1333855096379539	-0.10383336103475715	0.08451502982399464	-0.10411541344872242	0.08232182688543567	-0.10458020549770436
0.0314595566527415	-0.05658746708614425	0.08786618697989873	-0.05056411857893069	0.06529802725335895	-0.03484432263482942	0.05372930716821788	-0.06866277201757696	0.06581295322715446	-0.06711547000583978	0.07974254876581943	-0.06691137226303417	0.07607123404629505	-0.0992920188578881	0.10571052606299118	-0.06738317191734677	0.07036826849765686	-0.08379751262201836	0.12157205009100919	-0.17849662945501876	0.0660069739806906	-0.07110183377232338	0.09476660889600928	-0.5387929425762757	0.9999999999999976	-0.08245872659883605	0.08090421932607157	-0.09352708255536143	0.29079459171149696	-0.7190974189062509	0.05581908677351347	-0.0792108672303349	0.09524143575750675	-0.2067421487840953	0.18943020944543426	-0.04998184296496256	0.0809713122049869	-0.09768696315141534	0.1408631559333142	-0.13138992707468816	0.08254999359256364	-0.06813528139921834	0.08245780635918212	-0.06611217060136843	0.08175604855092344
-0.07746996378840934	0.1299985390528355	-0.19211948435856183	0.06826851595240124	-0.08095218950460738	0.0851203535930531	-0.12624833195357665	0.13395278917787254	-0.0858077706587181	0.07779900390159844	-0.2576314701791159	0.17499408027404642	-0.15723701791579062	0.10293388489177177	-0.09105104677834384	0.23920067476549448	-0.2139158640057079	0.19331025888299533	-0.07813008700550471	0.08298005285348756	-0.41021913376258223	0.24552563160622173	-0.2790176006170898	0.10211096677539343	-0.08245872659883605	1.0000000000000022	-0.6364609709690116	0.2732004396594673	-0.10916725412959023	0.09447908302716752	-0.25054564517847333	0.2042703889379491	-0.22397233678704823	0.15081116159373156	-0.11390713137954533	0.1762162504479429	-0.2015695271274073	0.1840914089127051	-0.12672307023690335	0.08766356062839342	-0.20889609776768459	0.1515031116847917	-0.16395506910334584	0.10151600595506903	-0.1322875362031182
0.0644646461720866	-0.11330668824820149	0.15692129795103424	-0.05970023006987413	0.06983005375933038	-0.07210808107628741	0.10719282635479171	-0.11747873821667344	0.07458294124752743	-0.06854967851381012	0.19043871212978533	-0.153631937336397	0.1349659343043978	-0.09221643518749857	0.07971636368687769	-0.20191373406617483	0.17843865378975451	-0.1853398079889	0.06985207963209343	-0.07552503040560092	0.23055933335371948	-0.2485626427783696	0.2555648874110339	-0.1055923026560894	0.08090421932607157	-0.6364609709690116	0.9999999999999999	-0.5153937983653459	0.11219893022118922	-0.09553730519648303	0.1624612006383714	-0.28384406564443637	0.2530052620815218	-0.1609169653698266	0.11018664840914001	-0.1459351083632414	0.20022296582556828	-0.2033880620140825	0.12433839834510678	-0.08708202752323106	0.17186029597277844	-0.14452260759687538	0.15136404445824422	-0.09538603959454968	0.11891487479456572
-0.06451607299777222	0.1119635012427506	-0.16475427020035566	0.061506687906069744	-0.0727667124660293	0.07129313087480002	-0.10841364023586571	0.12051194642653328	-0.07752642845764032	0.07076450386686495	-0.1910522465712192	0.1496409457023575	-0.14673239734033394	0.0954485343006699	-0.08385607647301811	0.17470196393463344	-0.18421327344171332	0.19697835053673082	-0.07426671332029353	0.07916824973325026	-0.20576647938723225	0.22750848049590736	-0.4675356822501683	0.12357649241139487	-0.09352708255536143	0.2732004396594673	-0.5153937983653459	0.9999999999999994	-0.14784824277687886	0.10776982588207566	-0.14132261783999275	0.24734524944282713	-0.49880447825001306	0.18071528180015586	-0.1261653798890898	0.1222227324165704	-0.21518178942189864	0.21849522881005362	-0.14227575234861137	0.09678917733920421	-0.17841792016288363	0.14570008247647534	-0.16822370377126455	0.10328892896354812	-0.13115631205059075
0.036024388245688835	-0.06404615271903039	0.09744325378765191	-0.04679120777057537	0.058495690989748106	-0.03992968078781956	0.06048285493728872	-0.07292037832783116	0.059539628975427424	-0.05821236367290633	0.09620789862140154	-0.07827910656363377	0.0819159387262062	-0.08488012463474717	0.0812461914771418	-0.08346624917988403	0.08484831652126137	-0.09788612411483041	0.08800483021073208	-0.10194106542997088	0.08388222523855572	-0.090941600608436	0.12447443212587443	-0.6856197297488171	0.29079459171149696	-0.10916725412959023	0.11219893022118922	-0.14784824277687886	0.9999999999999999	-0.42202096679714407	0.07291516885508033	-0.11105012379461579	0.1405541839001386	-0.43549799441593523	0.21284097056259244	-0.06552445806412652	0.1097343289094572	-0.13262316537583219	0.19318793526789912	-0.15288847024675276	0.10675737870242591	-0.08972534228202186	0.10875147930911083	-0.0869844671845005	0.1067184026374017
-0.0350653083588484	0.062369133283508044	-0.09860071072839705	0.052275945967814895	-0.06812021571513456	0.038684695793322316	-0.05929769214777959	0.07373169152219324	-0.06793156990689997	0.0669370256530018	-0.09143961731500705	0.07400354834822558	-0.0821634555404463	0.09493192989938334	-0.1038336569452021	0.07580169153410453	-0.07867354364312378	0.09030833489394925	-0.11320415162027708	0.13266008376924115	-0.07533360530549915	0.0784877023548663	-0.10492963943296167	0.30824488926962396	-0.7190974189062509	0.09447908302716752	-0.09553730519648303	0.10776982588207566	-0.42202096679714407	0.9999999999999963	-0.06736566060707037	0.09416623729380108	-0.11513568782607261	0.2343867502430633	-0.3299731494840929	0.06006152056323699	-0.09953351296581507	0.11949799248818999	-0.19789696439137192	0.17223778722636157	-0.10167219856164497	0.08365453514448432	-0.1038965757560615	0.08522976972556867	-0.10698283990747506
0.041219201104909925	-0.07230795245086218	0.10542213969155395	-0.039951167182017876	0.04722226021574673	-0.04593141242733998	0.06701372696935835	-0.07477479274552261	0.04939667262049012	-0.04583975784148029	0.11834891791931873	-0.09061570499651819	0.08290364410397194	-0.06118863627530213	0.05362854082309231	-0.11159018513321828	0.09835069196831832	-0.10425463192230144	0.04657605570173453	-0.05122391553704145	0.11773675096609523	-0.10660332819590584	0.12230560594658357	-0.07000501967067982	0.05581908677351347	-0.25054564517847333	0.1624612006383714	-0.14132261783999275	0.07291516885508033	-0.06736566060707037	0.9999999999999967	-0.1928180304089837	0.14621663908590435	-0.11673551240720245	0.0829133699214574	-0.8517318098369305	0.1891582480378114	-0.16614454801816483	0.09653416101728075	-0.06800480987359722	0.2391055226724032	-0.18525191168260252	0.14261403386259663	-0.08797314103350937	0.10522240151380628
-0.048452006830916876	0.08432612560033446	-0.12589428316620072	0.047598073769477424	-0.056760537940403095	0.05362624607947427	-0.07973796995634172	0.08918857827977546	-0.059406023004868205	0.05487413264051429	-0.14062146547410048	0.1074639336167233	-0.10241326774294356	0.07358274708540444	-0.06551863932730907	0.12514816053050237	-0.12182992254326566	0.12925470806732595	-0.05786111386108398	0.06303929724529977	-0.13530161722926407	0.13568709020777875	-0.18300083479354465	0.09856529684544381	-0.0792108672303349	0.2042703889379491	-0.28384406564443637	0.24734524944282713	-0.11105012379461579	0.09416623729380108	-0.1928180304089837	0.9999999999999993	-0.5382893311393545	0.18036232845337105	-0.1278094768320928	0.1657206191120123	-0.6378906359090373	0.2852361481964809	-0.15416173577551176	0.10191556375479159	-0.2248233096024173	0.20783195780583316	-0.21168615057506032	0.1209350970295765	-0.14900648449088294
0.05363165218039611	-0.0945957275662443	0.13707942995010247	-0.05342356188009698	0.06329684548502858	-0.05973485267789278	0.08890682718868467	-0.10065497752226286	0.06662209244752283	-0.06186770630999537	0.15148284510096677	-0.12162124734258328	0.11499760160221292	-0.08375678790128585	0.07378396568813259	-0.14188052167455859	0.1366896759963629	-0.15449417384244307	0.0660339528157943	-0.0724535722708868	0.14738984348680126	-0.16157084355555004	0.21655902238090666	-0.12402234853714103	0.09524143575750675	-0.22397233678704823	0.2530052620815218	-0.49880447825001306	0.1405541839001386	-0.11513568782607261	0.14621663908590435	-0.5382893311393545	1.0000000000000002	-0.2783909937960045	0.14987395739515413	-0.13678908002630802	0.2904876834565087	-0.42182396153261537	0.18144602486883066	-0.1221134401019089	0.19281681965811784	-0.18825233217568813	0.20939087267508516	-0.1280335562335204	0.1509226005367737
-0.048222658401760606	0.08436648554884339	-0.13109413781139842	0.055396215453298564	-0.06864579344328818	0.05318004422948911	-0.07964063370513995	0.09256749024174703	-0.06982004041951444	0.06619444928487807	-0.13402242136680698	0.10316535887161986	-0.104331241059311	0.09088809685787676	-0.0869453958846479	0.11229280584747235	-0.11268518940050412	0.12322575377074163	-0.08387901029099507	0.09368991369488305	-0.11473264822194412	0.11652118487687059	-0.1569935676532156	0.24172075335585091	-0.2067421487840953	0.15081116159373156	-0.1609169653698266	0.18071528180015586	-0.43549799441593523	0.2343867502430633	-0.11673551240720245	0.18036232845337105	-0.2783909937960045	1.0000000000000018	-0.4427968631957311	0.10441512550861219	-0.19210393885332455	0.22901878475019372	-0.5135794319835928	0.2741025695528109	-0.17873064653954018	0.15170761923675588	-0.19589202863060845	0.16492892642395174	-0.20498955935781837
0.03681290268361926	-0.06536180430369978	0.09883340200136184	-0.044073384606976324	0.05425563952900451	-0.04088836779074799	0.06085911447032967	-0.0719067934331099	0.055302238951188985	-0.053384456349700286	0.09883404892368577	-0.0789578775810896	0.07936620800537318	-0.07465422938861661	0.07039248486765438	-0.08539573322730969	0.08372586777446847	-0.0948313513855319	0.06931316342220317	-0.08122386891112372	0.08370479658239353	-0.0864098520611814	0.10993006551391267	-0.21002323436816803	0.18943020944543426	-0.11390713137954533	0.11018664840914001	-0.1261653798890898	0.21284097056259244	-0.3299731494840929	0.0829133699214574	-0.1278094768320928	0.14987395739515413	-0.4427968631957311	0.9999999999999953	-0.07648990273268702	0.12968671182743075	-0.18194644367854565	0.31456608231078076	-0.6794668402851327	0.12579743259204954	-0.1136299474317638	0.13858380153706878	-0.129228047378457	0.14346752983195943
-0.035928667302086235	0.06246935761746346	-0.0930226179546159	0.03479417319889523	-0.04134814451359252	0.039831296674231756	-0.058372785594155284	0.06494329709247014	-0.04313929706771352	0.03991016727382979	-0.1049177335470185	0.07823414272674582	-0.07268255058788108	0.05315153029654442	-0.04699683695775512	0.0936576216817352	-0.08593023431788116	0.0897183511491474	-0.040809351289605764	0.044686896943282296	-0.10153739276001793	0.09127559030459771	-0.10905273440810404	0.06209149980525781	-0.04998184296496256	0.1762162504479429	-0.1459351083632414	0.1222227324165704	-0.06552445806412652	0.06006152056323699	-0.8517318098369305	0.1657206191120123	-0.13678908002630802	0.10441512550861219	-0.07648990273268702	0.9999999999999973	-0.21783501398687855	0.1553273217432706	-0.0902991681763706	0.06260938745456583	-0.34673157148942163	0.1849643852671075	-0.1469466334543577	0.0853687142790994	-0.10438917712633654
0.04846779089957008	-0.08542826238303185	0.12519946199578513	-0.048426584060206626	0.05748761986155566	-0.05398468124653756	0.07939407184919396	-0.08968257674757395	0.060043311264968445	-0.05592643315700162	0.1360734372813593	-0.1069016162629455	0.10025107712174627	-0.07522052086199951	0.06640337897623359	-0.12463355051954352	0.11638762000174105	-0.12783370746178024	0.05874846126735918	-0.06488861845844046	0.12615609422721763	-0.12758280318333728	0.15824543219500722	-0.10282771025763648	0.0809713122049869	-0.2015695271274073	0.20022296582556828	-0.21518178942189864	0.1097343289094572	-0.09953351296581507	0.1891582480378114	-0.6378906359090373	0.2904876834565087	-0.19210393885332455	0.12968671182743075	-0.21783501398687855	0.9999999999999986	-0.465444944831697	0.16453545077619494	-0.11304027621137329	0.24969989957605343	-0.34769160596779475	0.25055229789994393	-0.14275131853421996	0.16260632817111104
-0.05116582616395521	0.08918558219242634	-0.1352265300288627	0.05176144107554841	-0.06213406481899516	0.05657790701161216	-0.08385476652071534	0.09463601321806266	-0.06449772536322179	0.059925885039906354	-0.14614323451365044	0.11123388162148873	-0.1073479206598318	0.08048293163806414	-0.07242396749105472	0.12612949347595073	-0.123200664730425	0.13229080407601254	-0.06454329537260108	0.07099037820492057	-0.1312192447107919	0.1312152860655925	-0.17595304142064744	0.11945087230132571	-0.09768696315141534	0.1840914089127051	-0.2033880620140825	0.21849522881005362	-0.13262316537583219	0.11949799248818999	-0.16614454801816483	0.2852361481964809	-0.42182396153261537	0.22901878475019372	-0.18194644367854565	0.1553273217432706	-0.465444944831697	0.9999999999999989	-0.2926955263645565	0.16085580328667023	-0.2722584329371096	0.2674334763961863	-0.5039068422763344	0.21070988229384136	-0.2522346262441986
0.03905592277455798	-0.06905688064893614	0.10413553786983204	-0.04400360269430141	0.05360824753230919	-0.043366117855992384	0.06427638013977292	-0.07476777012549919	0.05495642314344959	-0.052401257267477894	0.10650534987212242	-0.08409171183627494	0.08288989290471267	-0.0723712779471902	0.06675959435310858	-0.09243467485826683	0.08986899957556198	-0.1005498449060804	0.06362371394698997	-0.07279827130629725	0.09141396165804602	-0.09369307601188051	0.1194648300556314	-0.18229580953205002	0.1408631559333142	-0.12672307023690335	0.12433839834510678	-0.14227575234861137	0.19318793526789912	-0.19789696439137192	0.09653416101728075	-0.15416173577551176	0.18144602486883066	-0.5135794319835928	0.31456608231078076	-0.0902991681763706	0.16453545077619494	-0.2926955263645565	0.9999999999999981	-0.6104478290317235	0.1505542566137498	-0.14569341980693237	0.1913528941498975	-0.23483459849642935	0.20411876192048278
-0.027984762171890862	0.04938429222698878	-0.0754765555882907	0.03268271657573409	-0.04032017392381544	0.031000895724254775	-0.046163917075680794	0.05406348632747276	-0.04105585241941043	0.03926144057168968	-0.07625822310566777	0.05986611710124087	-0.06004594296072316	0.05423132179339217	-0.0515570705815413	0.0651063337738463	-0.06405178389002394	0.07138904746949168	-0.04994512121456004	0.057150239892531145	-0.06467868280088875	0.06591300957891871	-0.08481669934922607	0.1333855096379539	-0.13138992707468816	0.08766356062839342	-0.08708202752323106	0.09678917733920421	-0.15288847024675276	0.17223778722636157	-0.06800480987359722	0.10191556375479159	-0.1221134401019089	0.2741025695528109	-0.6794668402851327	0.06260938745456583	-0.11304027621137329	0.16085580328667023	-0.6104478290317235	0.9999999999999984	-0.10739438157640903	0.09838794791870722	-0.13263693807430726	0.13620645013386817	-0.158672970568785
0.05560509921093974	-0.0986670712307646	0.1450645884927449	-0.05597001085088059	0.06626259765975201	-0.062112414935669574	0.09014388354298698	-0.10241127955087295	0.06882562978053054	-0.06439000263005135	0.15191715854841426	-0.1196324367383462	0.11136632681186821	-0.08610389503982613	0.07548518959543166	-0.1373504280328029	0.12504378650117073	-0.1389746677922966	0.06578122413353268	-0.07325708281867656	0.13175137360581304	-0.12980318404325764	0.15249398518696564	-0.10383336103475715	0.08254999359256364	-0.20889609776768459	0.17186029597277844	-0.17841792016288363	0.10675737870242591	-0.10167219856164497	0.2391055226724032	-0.2248233096024173	0.19281681965811784	-0.17873064653954018	0.12579743259204954	-0.34673157148942163	0.24969989957605343	-0.2722584329371096	0.1505542566137498	-0.10739438157640903	0.9999999999999986	-0.6402230515943708	0.27325027290964654	-0.16512203945129567	0.17860920798966695
-0.040935125906243645	0.0718731972339123	-0.1076644340028797	0.04122562550153247	-0.04918247763796416	0.04546075047272882	-0.06664870716851529	0.07536111610292151	-0.051026134636219946	0.04754354560944947	-0.1147912962388678	0.08831461461507106	-0.0836365502868567	0.0636361163556806	-0.056575917449386	0.10080008820696337	-0.09495154303965853	0.10322470684286233	-0.049754060710864474	0.05503234023788684	-0.10102705356298083	0.09937562015015264	-0.123269666315885	0.08451502982399464	-0.06813528139921834	0.1515031116847917	-0.14452260759687538	0.14570008247647534	-0.08972534228202186	0.08365453514448432	-0.18525191168260252	0.20783195780583316	-0.18825233217568813	0.15170761923675588	-0.1136299474317638	0.1849643852671075	-0.34769160596779475	0.2674334763961863	-0.14569341980693237	0.09838794791870722	-0.6402230515943708	0.9999999999999983	-0.5215540169916087	0.18954369935592674	-0.22146900007651982
0.046100002070997334	-0.08156738426833626	0.1207609545815068	-0.04714404534310314	0.056123874406772044	-0.05137485301585328	0.07510872679924072	-0.08557119289841945	0.05823176621579649	-0.05455840925853986	0.12670913111721405	-0.0996122645639839	0.09411837706194344	-0.07339492432669752	0.06498845153752499	-0.1129824627173184	0.10566668019719827	-0.11749202007400789	0.05761476118881628	-0.06429027959308925	0.11017445044381204	-0.11092809160301349	0.13589658958043166	-0.10411541344872242	0.08245780635918212	-0.16395506910334584	0.15136404445824422	-0.16822370377126455	0.10875147930911083	-0.1038965757560615	0.14261403386259663	-0.21168615057506032	0.20939087267508516	-0.19589202863060845	0.13858380153706878	-0.1469466334543577	0.25055229789994393	-0.5039068422763344	0.1913528941498975	-0.13263693807430726	0.27325027290964654	-0.5215540169916087	0.9999999999999982	-0.4199699920676586	0.27588152562143997
