1.0000000000000002	-0.6505179234769938	0.28931834513242366	-0.09412339243412653	0.10079165977975552	-0.5217755130030594	0.2879743366051519	-0.18786600174179247	0.1160759781206302	-0.12881323681132786	0.22218128206546006	-0.27085060471729183	0.18549711770353491	-0.0990795532974655	0.08493045630321665	-0.21058090225627304	0.18228278140310933	-0.16372548699128261	0.1171049095997955	-0.08439486387871441	0.1470646820920056	-0.15637205874465926	0.11593943516170993	-0.08488621201183294	0.10694768070411206
-0.6505179234769938	1.0000000000000009	-0.5138465715752287	0.09232598603156636	-0.09868296925233155	0.2838290383018491	-0.40665164894018857	0.1997802047305422	-0.11757465329268979	0.12162911615776979	-0.18528609786490724	0.24567870346989437	-0.20129263113590157	0.09258643786195338	-0.07996365597763992	0.1575385578274259	-0.17148924196642557	0.14512602228632426	-0.1076336877066337	0.07692082283904335	-0.1279667824793658	0.12984425928220356	-0.10555670887659914	0.07662037258176312	-0.09827745706867551
0.28931834513242366	-0.5138465715752287	1.0000000000000009	-0.16742933380374928	0.1633105207274273	-0.2881388426782315	0.275776128939354	-0.3792128784899209	0.19075918537711378	-0.21390810949819933	0.19942456885331314	-0.3181973328864225	0.27584527857160895	-0.15475759610199222	0.12991908461242724	-0.20320460521091874	0.21706828820952753	-0.22320063244994975	0.16110867769569168	-0.12016557363112593	0.1666564513335685	-0.18295320071813495	0.15642151541160765	-0.11643379667161316	0.14928822241895565
-0.09412339243412653	0.09232598603156636	-0.16742933380374928	1.0000000000000009	-0.7864166125801242	0.09011258136643197	-0.10182091152257416	0.16986595726428239	-0.4823149037012538	0.28117787538946687	-0.07744012565366622	0.11105059032796515	-0.17525727223856116	0.1637921085091474	-0.1449223053717735	0.07488756257762554	-0.09648358655033062	0.1070125158238523	-0.10229360233749973	0.08542189329213755	-0.07138188348179385	0.0758599768643304	-0.0890577238691558	0.06949513355748556	-0.1009198243400994
0.10079165977975552	-0.09868296925233155	0.1633105207274273	-0.7864166125801242	1.0000000000000007	-0.10010488519566874	0.10653384288294901	-0.16855164623601715	0.3006331508301185	-0.42312814171915786	0.08656482477990891	-0.12394320613398793	0.16544951092361254	-0.20977391821496336	0.16926197861271605	-0.08613276743917397	0.1088961244800846	-0.1259455736778988	0.11848662032354738	-0.10242510509297796	0.08180759837127566	-0.08874833156019274	0.1025099321237293	-0.08181962907922714	0.11611417296528387
-0.5217755130030594	0.2838290383018491	-0.2881388426782315	0.09011258136643197	-0.10010488519566874	1.0000000000000004	-0.487254470215686	0.19023920703387526	-0.11846027767681333	0.12217008220673477	-0.4771092463595662	0.2743313044433759	-0.20930824977545062	0.09722153758778913	-0.08522346068269589	0.2497650978833429	-0.21902043838421525	0.16597297604657799	-0.12481532988818039	0.08668747564039953	-0.18443856119207452	0.16842480472472568	-0.1248127532939757	0.0888944472506254	-0.11294071890784378
0.2879743366051519	-0.40665164894018857	0.275776128939354	-0.10182091152257416	0.10653384288294901	-0.487254470215686	1.0000000000000013	-0.3123315851419109	0.13773613504330204	-0.13988376796543475	0.22193662942283404	-0.5856832097401785	0.24768707124923323	-0.10627937729380917	0.09094540556572131	-0.19675387208214645	0.22360178276744633	-0.17980640422690175	0.12381483804487457	-0.08787318944453099	0.14967538327266022	-0.15950204448487154	0.11965990729602591	-0.08786212208229557	0.11057397528507033
-0.18786600174179247	0.1997802047305422	-0.3792128784899209	0.16986595726428239	-0.16855164623601715	0.19023920703387526	-0.3123315851419109	1.000000000000001	-0.35220151698887364	0.22533382967086465	-0.14535139754412948	0.24674068505987443	-0.711337304522401	0.1560379225522028	-0.13289254895806193	0.13433354980222859	-0.17370384925209056	0.1774486854847163	-0.13477884257398576	0.10040080894212877	-0.11900325073939123	0.12592421660793984	-0.12248262210262773	0.0919639217336814	-0.12290525053098192
0.1160759781206302	-0.11757465329268979	0.19075918537711378	-0.4823149037012538	0.3006331508301185	-0.11846027767681333	0.13773613504330204	-0.35220151698887364	1.0000000000000016	-0.6186497529099091	0.09768407797657526	-0.15025955093149693	0.237528442579193	-0.3141322706812921	0.23002052289360894	-0.09571457910991513	0.12375446259067319	-0.14330519537654654	0.13816694199940804	-0.12099340391033468	0.08937715102449266	-0.09696284154862593	0.11319357428750898	-0.09217024698664032	0.13356695115716746
-0.12881323681132786	0.12162911615776979	-0.21390810949819933	0.28117787538946687	-0.42312814171915786	0.12217008220673477	-0.13988376796543475	0.22533382967086465	-0.6186497529099091	1.0000000000000016	-0.10864852695720542	0.1523337246617803	-0.25814368459275144	0.2821698948953614	-0.40780588263309697	0.1044002755218407	-0.14089834302278317	0.16018741038239684	-0.17409012990922446	0.1575983067870534	-0.10265012673331653	0.10862815238680981	-0.14371401183040644	0.1145126097320086	-0.18325938262803992
0.22218128206546006	-0.18528609786490724	0.19942456885331314	-0.07744012565366622	0.08656482477990891	-0.4771092463595662	0.22193662942283404	-0.14535139754412948	0.09768407797657526	-0.10864852695720542	1.0000000000000029	-0.26332133051528467	0.1610619737166469	-0.08982165277138249	0.07810032614392327	-0.6914706419593774	0.22541017052210932	-0.17883336108269238	0.12169703761964674	-0.08505761378830151	0.23825062482113712	-0.24098704089617745	0.12467631738325582	-0.09060359698589182	0.10851618533051677
-0.27085060471729183	0.24567870346989437	-0.3181973328864225	0.11105059032796515	-0.12394320613398793	0.2743313044433759	-0.5856832097401785	0.24674068505987443	-0.15025955093149693	0.1523337246617803	-0.26332133051528467	0.9999999999999998	-0.3463998296610572	0.12450041069123619	-0.10958168573974443	0.2146960466552545	-0.4491456828556838	0.2379150360785889	-0.16924659427167046	0.113557044983279	-0.20286243227332473	0.2025416778464816	-0.1630467150326774	0.11628241472382542	-0.14736481793238834
0.18549711770353491	-0.20129263113590157	0.27584527857160895	-0.17525727223856116	0.16544951092361254	-0.20930824977545062	0.24768707124923323	-0.711337304522401	0.237528442579193	-0.25814368459275144	0.1610619737166469	-0.3463998296610572	1.0000000000000024	-0.18888201509735314	0.1483542781246765	-0.16068825527917577	0.21047000361529264	-0.26050630629408483	0.16294703986770803	-0.1216983409367972	0.1405698135009047	-0.1561988019891905	0.14632168545196306	-0.11256863414373448	0.14430715397553495
-0.0990795532974655	0.09258643786195338	-0.15475759610199222	0.1637921085091474	-0.20977391821496336	0.09722153758778913	-0.10627937729380917	0.1560379225522028	-0.3141322706812921	0.2821698948953614	-0.08982165277138249	0.12450041069123619	-0.18888201509735314	1.0000000000000033	-0.7825741009383754	0.09010642448038285	-0.1304110738470418	0.17036639159837322	-0.26653792237488394	0.2245696734868922	-0.09091904234744459	0.10054691582146157	-0.1588501811759389	0.1422806788042144	-0.23770042072135383
0.08493045630321665	-0.07996365597763992	0.12991908461242724	-0.1449223053717735	0.16926197861271605	-0.08522346068269589	0.09094540556572131	-0.13289254895806193	0.23002052289360894	-0.40780588263309697	0.07810032614392327	-0.10958168573974443	0.1483542781246765	-0.7825741009383754	1.0000000000000038	-0.08008631934092908	0.11295222217941624	-0.15756088528830706	0.2059122356928808	-0.2978768160459299	0.07944783789719154	-0.09029046223197103	0.1336803584544714	-0.1292997087849986	0.20974169051060493
-0.21058090225627304	0.1575385578274259	-0.20320460521091874	0.07488756257762554	-0.08613276743917397	0.2497650978833429	-0.19675387208214645	0.13433354980222859	-0.09571457910991513	0.1044002755218407	-0.6914706419593774	0.2146960466552545	-0.16068825527917577	0.09010642448038285	-0.08008631934092908	1.0000000000000053	-0.31363445893823855	0.18729530139860218	-0.13609844167267923	0.09113290553024134	-0.44781599268553124	0.26465793312544555	-0.14206606215349243	0.09922205590643383	-0.12020007917297182
0.18228278140310933	-0.17148924196642557	0.21706828820952753	-0.09648358655033062	0.1088961244800846	-0.21902043838421525	0.22360178276744633	-0.17370384925209056	0.12375446259067319	-0.14089834302278317	0.22541017052210932	-0.4491456828556838	0.21047000361529264	-0.1304110738470418	0.11295222217941624	-0.31363445893823855	1.0000000000000049	-0.5539396975100711	0.2166872814681549	-0.1429926878126188	0.2571359920160156	-0.4051724872605628	0.19738140282031957	-0.15248486205783554	0.16901348674649286
-0.16372548699128261	0.14512602228632426	-0.22320063244994975	0.1070125158238523	-0.1259455736778988	0.16597297604657799	-0.17980640422690175	0.1774486854847163	-0.14330519537654654	0.16018741038239684	-0.17883336108269238	0.2379150360785889	-0.26050630629408483	0.17036639159837322	-0.15756088528830706	0.18729530139860218	-0.5539396975100711	1.0000000000000044	-0.4895769891932121	0.22112601703881785	-0.2023672512127252	0.2229583591793543	-0.3369895016837106	0.23517152009079148	-0.2822195376982102
0.1171049095997955	-0.1076336877066337	0.16110867769569168	-0.10229360233749973	0.11848662032354738	-0.12481532988818039	0.12381483804487457	-0.13477884257398576	0.13816694199940804	-0.17409012990922446	0.12169703761964674	-0.16924659427167046	0.16294703986770803	-0.26653792237488394	0.2059122356928808	-0.13609844167267923	0.2166872814681549	-0.4895769891932121	1.0000000000000047	-0.5039018006171256	0.1361670428765656	-0.17098004930108934	0.28249253251143636	-0.43538961136027643	0.31347734513380165
-0.08439486387871441	0.07692082283904335	-0.12016557363112593	0.08542189329213755	-0.10242510509297796	0.08668747564039953	-0.08787318944453099	0.10040080894212877	-0.12099340391033468	0.1575983067870534	-0.08505761378830151	0.113557044983279	-0.1216983409367972	0.2245696734868922	-0.2978768160459299	0.09113290553024134	-0.1429926878126188	0.22112601703881785	-0.5039018006171256	1.0000000000000044	-0.09490959814910707	0.11245869513561024	-0.22370339057894062	0.23904335069142804	-0.7160356350716187
0.1470646820920056	-0.1279667824793658	0.1666564513335685	-0.07138188348179385	0.08180759837127566	-0.18443856119207452	0.14967538327266022	-0.11900325073939123	0.08937715102449266	-0.10265012673331653	0.23825062482113712	-0.20286243227332473	0.1405698135009047	-0.09091904234744459	0.07944783789719154	-0.44781599268553124	0.2571359920160156	-0.2023672512127252	0.1361670428765656	-0.09490959814910707	1.0000000000000042	-0.7521973847438225	0.15773406225600317	-0.11470023990283829	0.12029958763669354
-0.15637205874465926	0.12984425928220356	-0.18295320071813495	0.0758599768643304	-0.08874833156019274	0.16842480472472568	-0.15950204448487154	0.12592421660793984	-0.09696284154862593	0.10862815238680981	-0.24098704089617745	0.2025416778464816	-0.1561988019891905	0.10054691582146157	-0.09029046223197103	0.26465793312544555	-0.4051724872605628	0.2229583591793543	-0.17098004930108934	0.11245869513561024	-0.7521973847438225	1.0000000000000042	-0.22606980985809705	0.1410054185739006	-0.1502937042091076
0.11593943516170993	-0.10555670887659914	0.15642151541160765	-0.0890577238691558	0.1025099321237293	-0.1248127532939757	0.11965990729602591	-0.12248262210262773	0.11319357428750898	-0.14371401183040644	0.12467631738325582	-0.1630467150326774	0.14632168545196306	-0.1588501811759389	0.1336803584544714	-0.14206606215349243	0.19738140282031957	-0.3369895016837106	0.28249253251143636	-0.22370339057894062	0.15773406225600317	-0.22606980985809705	1.0000000000000042	-0.7495782643901469	0.24772243680969808
-0.08488621201183294	0.07662037258176312	-0.11643379667161316	0.06949513355748556	-0.08181962907922714	0.0888944472506254	-0.08786212208229557	0.0919639217336814	-0.09217024698664032	0.1145126097320086	-0.09060359698589182	0.11628241472382542	-0.11256863414373448	0.1422806788042144	-0.1292997087849986	0.09922205590643383	-0.15248486205783554	0.23517152009079148	-0.43538961136027643	0.23904335069142804	-0.11470023990283829	0.1410054185739006	-0.7495782643901469	1.000000000000004	-0.3682911510162045
0.10694768070411206	-0.09827745706867551	0.14928822241895565	-0.1009198243400994	0.11611417296528387	-0.11294071890784378	0.11057397528507033	-0.12290525053098192	0.13356695115716746	-0.18325938262803992	0.10851618533051677	-0.14736481793238834	0.14430715397553495	-0.23770042072135383	0.20974169051060493	-0.12020007917297182	0.16901348674649286	-0.2822195376982102	0.31347734513380165	-0.7160356350716187	0.12029958763669354	-0.1502937042091076	0.24772243680969808	-0.3682911510162045	1.0000000000000042
