1.0000000000000002	-0.8784702015295072	0.0580193912925689	-0.03667248373471722	0.03460920383313131	-0.3461794252348506	0.25547800062116427	-0.05912813741181194	0.05285025843114911	-0.03762599754067725	0.15275134371156915	-0.16406009858347428	0.05510958915797356	-0.03576801168068671	0.02811288433953609	-0.11254527609177853	0.11011170424636672	-0.05129893723938882	0.03719991340035707	-0.03363316686830268	0.08603429170349004	-0.06534785700654344	0.05038144760497784	-0.03974862423183554	0.03030998695688203	-0.07294321480479969	0.04864371444732377	-0.05261626108452355	0.03058452349617613	-0.029551991418736236	0.039186648568803537	-0.03201355228311997	0.03274795029369485	-0.031157306405730775	0.022888101350472922	-0.05626384624750433	0.0362091117336624	-0.028628043921946802	0.024736817248783613	-0.022312440172946726
-0.8784702015295072	1.0	-0.06758150645973687	0.0394930318830429	-0.036989956887923885	0.24339855278936534	-0.36438951592767727	0.06741130253976714	-0.057916633201180685	0.03919929593248226	-0.14709902718451445	0.1511681474162579	-0.05482840512589633	0.0366109736411966	-0.02891789161959793	0.10207278640218788	-0.10948608154278372	0.05002834797451066	-0.036538575887961056	0.03277498428517505	-0.08295840930114251	0.0615468568867481	-0.04827838541367841	0.038141273696318825	-0.02930508355532695	0.06672395570889918	-0.04601796981739909	0.04927494026291152	-0.029371391915158678	0.028276087883192073	-0.03623175382163187	0.030051475907130643	-0.031018447764504263	0.02941057928357088	-0.021770096683165496	0.05128833282432794	-0.0342593641806236	0.026940761837669205	-0.02346377518311173	0.02108079132574045
0.0580193912925689	-0.06758150645973687	1.0000000000000004	-0.3571147207559482	0.1986516372335172	-0.11590191398418513	0.14073184670801467	-0.820410720406485	0.2818271531276771	-0.2194572845815922	0.07482774192025649	-0.09827314823523446	0.09864942628251203	-0.1613433484578635	0.11883149924420423	-0.0750058522700576	0.08099785972951586	-0.09269442464982823	0.07751859910330108	-0.07417361319548574	0.07037025506321612	-0.06661278182823388	0.05864351890337662	-0.06652841546981525	0.05166587456722678	-0.06906163372628692	0.05088921359814367	-0.05975349174275529	0.045662314759061046	-0.047590012138619596	0.03823729348661708	-0.03406224035407549	0.039958141957901046	-0.040430171055262684	0.030760387713309804	-0.05548908149998135	0.03850872492424628	-0.03508439496229171	0.03139025780691756	-0.02957237044681802
-0.03667248373471722	0.0394930318830429	-0.3571147207559482	1.0000000000000004	-0.7007017642596833	0.06704574414809845	-0.08425891419004262	0.2344528529363192	-0.4890000499684798	0.28090804951762927	-0.04979467720277517	0.061819444349741216	-0.07871482373317389	0.18233235216062915	-0.16340766669533668	0.053437743168307704	-0.061167636831053744	0.07163764365022647	-0.0776809625636832	0.07193908623386902	-0.056282569495805866	0.05415683482702125	-0.049832259742017236	0.06136827036606734	-0.04904612265035714	0.054738836443643274	-0.042484189478629995	0.04989504639109168	-0.04233527819373515	0.044016860043803153	-0.030940186262561994	0.028505893258374132	-0.03506826556216578	0.035762547029467344	-0.027798967485794267	0.04439118620778829	-0.032574495356128705	0.030567200769697465	-0.02794263957039645	0.026350051320161702
0.03460920383313131	-0.036989956887923885	0.1986516372335172	-0.7007017642596833	1.0000000000000007	-0.06400050938621943	0.07575949666981317	-0.1826014254205346	0.2958420188599949	-0.534530099762892	0.04958609403984018	-0.061374137891735965	0.08651030634703437	-0.2498278166767713	0.20522396524768144	-0.05603794062263896	0.0642524454671893	-0.08167270408034949	0.09427387172873875	-0.0908160324029423	0.06065403560521973	-0.06096673025301823	0.056730279703584546	-0.07483041273663812	0.059236053088795836	-0.060987111050576324	0.0477259264152841	-0.057063338522689216	0.050041416350459264	-0.05310299036768347	0.03447374404312344	-0.03213659042997227	0.04025555856420754	-0.04162336034187326	0.03233437274811839	-0.04972597680938835	0.03657718386778709	-0.03524199780543637	0.03222326689812455	-0.0307299743890248
-0.3461794252348506	0.24339855278936534	-0.11590191398418513	0.06704574414809845	-0.06400050938621943	1.0000000000000009	-0.6225382624558312	0.11295997955252918	-0.10031736953884293	0.06702443398283302	-0.5332004456051616	0.3003397230480298	-0.10574482530584241	0.06420377508876893	-0.051044442899476114	0.2203235122841117	-0.23478151979673975	0.09513532766145462	-0.0675034465828763	0.059795364677612074	-0.17515148720821613	0.1182656033270037	-0.0924079984267529	0.07018383350526448	-0.05412875242905338	0.12353643646058016	-0.0870830745714347	0.09152417687551315	-0.05411027681354108	0.05165131191684903	-0.06703092888976335	0.05594695558639414	-0.05721641319053747	0.0536897804975099	-0.039779113986250614	0.09272658820445431	-0.06416770854134721	0.04923976599512782	-0.04300546422814086	0.038302518182169024
0.25547800062116427	-0.36438951592767727	0.14073184670801467	-0.08425891419004262	0.07575949666981317	-0.6225382624558312	1.000000000000001	-0.17740106466454014	0.11892686328696148	-0.08316495823852957	0.29456064277317434	-0.47269966049791656	0.1161474726066332	-0.07769679598219142	0.06037045501083668	-0.2307652332942758	0.22606748324779258	-0.10996094035887626	0.07650233812723968	-0.06980539106933685	0.16673395730429424	-0.13360740461658083	0.10133205764705772	-0.08113654355759849	0.06152769858655143	-0.14735881326383787	0.09711128713042337	-0.106526523626863	0.06145049261563329	-0.059900949307813006	0.07834991500553735	-0.06400131834752573	0.06538031655715303	-0.0625307798606645	0.04568915088115239	-0.11352732939810174	0.07185554718380086	-0.057323122954042766	0.049306860468175506	-0.044688349415064055
-0.05912813741181194	0.06741130253976714	-0.820410720406485	0.2344528529363192	-0.1826014254205346	0.11295997955252918	-0.17740106466454014	1.0000000000000022	-0.41916090053085453	0.17918097352559792	-0.07424720260248997	0.09671247955740046	-0.1049879903807136	0.13975209455452917	-0.10781196434467266	0.07115461618623822	-0.07875108817686294	0.08915459585185599	-0.07058693216127841	0.06552845063021791	-0.0660751627254312	0.061238514113375	-0.054030012612140015	0.05910152662147177	-0.0462550879119912	0.06256801229319359	-0.04651691432031566	0.054154225909891794	-0.04096108158386436	0.042243813692253426	-0.034646315987617034	0.030926185613611674	-0.03604867935475037	0.03618054591367358	-0.02756297468000239	0.049889715072659296	-0.03506990067269171	0.03146793446728467	-0.028210259606507405	0.026386000058079503
0.05285025843114911	-0.057916633201180685	0.2818271531276771	-0.4890000499684798	0.2958420188599949	-0.10031736953884293	0.11892686328696148	-0.41916090053085453	1.0000000000000018	-0.4826150279262255	0.07423254719261262	-0.09352447418198861	0.12418812401814969	-0.3799758708618956	0.24502511155164536	-0.08206860240634441	0.09264208028754482	-0.11824220389271643	0.12922647601355552	-0.12458900878108502	0.0860000241175767	-0.08624528808066094	0.07941085721585922	-0.10322966226361706	0.08103983079012705	-0.0867775313324853	0.06701474800371292	-0.08019953446464109	0.06862208578624476	-0.07302232997733919	0.04879085806526682	-0.04509599990723704	0.05582101655393906	-0.05765244000059819	0.04453252390055908	-0.07060397607474637	0.05117336303860406	-0.048970276345491955	0.044523877135157666	-0.04248262981935215
-0.03762599754067725	0.03919929593248226	-0.2194572845815922	0.28090804951762927	-0.534530099762892	0.06702443398283302	-0.08316495823852957	0.17918097352559792	-0.4826150279262255	1.0000000000000029	-0.054466481418412045	0.06642156279036333	-0.10599737063391942	0.2963070954930648	-0.5158395144107913	0.06141826491267627	-0.07305527144215304	0.09345352644274975	-0.12004951931765864	0.10570877774800393	-0.0685955522384436	0.0676435074759962	-0.06461689740071329	0.08426086707614726	-0.07023264629840245	0.06574399756878135	-0.05344883538774444	0.06298147138018581	-0.05832816072278723	0.060192247722531726	-0.03754176888227198	0.03574077968813686	-0.04564419360884045	0.04671995764304409	-0.036947352847137314	0.053240496976803046	-0.04113021535527685	0.039338237270082094	-0.03665064906910427	0.034454255660867156
0.15275134371156915	-0.14709902718451445	0.07482774192025649	-0.04979467720277517	0.04958609403984018	-0.5332004456051616	0.29456064277317434	-0.07424720260248997	0.07423254719261262	-0.054466481418412045	1.0000000000000009	-0.5996566365533366	0.11380308738556451	-0.05684518509283067	0.044783926175746565	-0.4361900931725795	0.2814711614357627	-0.10732601207526568	0.0689072502429837	-0.06154888089574128	0.19873027052822928	-0.1396613590438676	0.10194558983079352	-0.07473312230381897	0.0566078731173439	-0.14748435197959564	0.09674882228737179	-0.10331114278902584	0.056870789679986995	-0.05447101720489676	0.07617620174026027	-0.06213462901285476	0.061566407532193806	-0.0577707816284273	0.041998871525035904	-0.1072037445443263	0.06994143233764695	-0.05328456433429532	0.04574337468389958	-0.04082406383100828
-0.16406009858347428	0.1511681474162579	-0.09827314823523446	0.061819444349741216	-0.061374137891735965	0.3003397230480298	-0.47269966049791656	0.09671247955740046	-0.09352447418198861	0.06642156279036333	-0.5996566365533366	1.0000000000000016	-0.1678809045862978	0.07024393514064371	-0.05555034307766532	0.28385644448063035	-0.4718148342488895	0.14162670707004174	-0.08443989928281984	0.07382373233503135	-0.20405569329020398	0.1553075954682396	-0.11906405392906931	0.08613024923664249	-0.06615146442335565	0.14647080215124733	-0.10686427246786953	0.11249423556443712	-0.06496378197839041	0.062015886411596624	-0.07829903610008329	0.06715688062475501	-0.06803832445448325	0.06358803883555228	-0.04676096191916006	0.10836320236171854	-0.07662931982481709	0.05818622597259211	-0.05059341835329102	0.04496917685408367
0.05510958915797356	-0.05482840512589633	0.09864942628251203	-0.07871482373317389	0.08651030634703437	-0.10574482530584241	0.1161474726066332	-0.1049879903807136	0.12418812401814969	-0.10599737063391942	0.11380308738556451	-0.1678809045862978	1.0000000000000022	-0.17360006292290542	0.11672848916047683	-0.14726938332865658	0.18568317103307344	-0.8658849938047798	0.2047792913038592	-0.19053733106376955	0.13386075375741305	-0.16342870394294565	0.15978633285457022	-0.15932145024257438	0.1198825933730723	-0.13102809575276023	0.10948545378723155	-0.14232242329904507	0.09849163188980503	-0.10433337226921816	0.0712304636059566	-0.06982630425678157	0.08233409319639741	-0.08243053429410417	0.061240594304787066	-0.10122944294760634	0.07772104012418089	-0.07032228604270856	0.06233214914180206	-0.05827534848976845
-0.03576801168068671	0.0366109736411966	-0.1613433484578635	0.18233235216062915	-0.2498278166767713	0.06420377508876893	-0.07769679598219142	0.13975209455452917	-0.3799758708618956	0.2963070954930648	-0.05684518509283067	0.07024393514064371	-0.17360006292290542	1.0000000000000002	-0.7555774234809634	0.06725692255039195	-0.08268144379090497	0.13955810359127022	-0.2281620039837719	0.16186451513543412	-0.07519117803245927	0.0799127063140062	-0.07952086636486813	0.11433263138682453	-0.09716195927408637	0.07208468874629698	-0.06127450837645207	0.07427921655607903	-0.07397199590351511	0.07783523674051308	-0.040973603299577666	0.04046549393062154	-0.053112067225758154	0.0550364201364268	-0.04359315348393191	0.057694427506256335	-0.046376816403782606	0.0452305378520618	-0.04251354011199419	0.040166528980790234
0.02811288433953609	-0.02891789161959793	0.11883149924420423	-0.16340766669533668	0.20522396524768144	-0.051044442899476114	0.06037045501083668	-0.10781196434467266	0.24502511155164536	-0.5158395144107913	0.044783926175746565	-0.05555034307766532	0.11672848916047683	-0.7555774234809634	0.9999999999999993	-0.05388152647747049	0.06484254625146216	-0.10998897170090308	0.15207448358258882	-0.1484728140752639	0.060080382580698255	-0.06559594712022153	0.06435662126288964	-0.09793985713644074	0.08114414753833195	-0.05923983693058534	0.04987793918973476	-0.0614106126622214	0.06102701344008398	-0.06634646279521626	0.033522662910090095	-0.03308130611872457	0.04347749708075175	-0.04561278571079786	0.03585045595349601	-0.04753635649349661	0.03768231916953944	-0.037297196962582504	0.03483454145348796	-0.033294014357291235
-0.11254527609177853	0.10207278640218788	-0.0750058522700576	0.053437743168307704	-0.05603794062263896	0.2203235122841117	-0.2307652332942758	0.07115461618623822	-0.08206860240634441	0.06141826491267627	-0.4361900931725795	0.28385644448063035	-0.14726938332865658	0.06725692255039195	-0.05388152647747049	0.9999999999999983	-0.6025815817375713	0.13667176654687216	-0.0912859588737088	0.07904540503625458	-0.4975551635496545	0.21057798876763542	-0.15315513453471855	0.10065891850016494	-0.07698895365257193	0.21122062248352397	-0.14397288195501817	0.14442788380935975	-0.07793088806340337	0.07279743446906534	-0.1097694386505067	0.0886535367282077	-0.08553690558670148	0.078291742828168	-0.057096011207713106	0.14439481033937937	-0.1014333335278513	0.07264957654295137	-0.0627253178607442	0.054885503874133865
0.11011170424636672	-0.10948608154278372	0.08099785972951586	-0.061167636831053744	0.0642524454671893	-0.23478151979673975	0.22606748324779258	-0.07875108817686294	0.09264208028754482	-0.07305527144215304	0.2814711614357627	-0.4718148342488895	0.18568317103307344	-0.08268144379090497	0.06484254625146216	-0.6025815817375713	0.9999999999999996	-0.2196896250798588	0.11501698838219053	-0.10253634023751812	0.28342477638013186	-0.3152546521129373	0.1878191050536844	-0.12908138414885825	0.09550861933110437	-0.24583054495914333	0.16893517821282844	-0.18514020442231457	0.0952922873129534	-0.09138482457070461	0.1250532537276577	-0.1067204305529953	0.10378797933808483	-0.0972681469040056	0.0695601941921476	-0.17922746944501194	0.11752903106040777	-0.08965680675984569	0.07601879693353258	-0.06790476395019447
-0.05129893723938882	0.05002834797451066	-0.09269442464982823	0.07163764365022647	-0.08167270408034949	0.09513532766145462	-0.10996094035887626	0.08915459585185599	-0.11824220389271643	0.09345352644274975	-0.10732601207526568	0.14162670707004174	-0.8658849938047798	0.13955810359127022	-0.10998897170090308	0.13667176654687216	-0.2196896250798588	1.000000000000001	-0.2668003431726275	0.1741652965931123	-0.1298168468164607	0.15347783179608288	-0.18144586752566622	0.14639490331625946	-0.11696637055717661	0.11596284186841957	-0.10409865903880189	0.13045172565203222	-0.0938359074865713	0.09508628354440438	-0.06392222889185654	0.06446414632148342	-0.07687245201245793	0.07514253630210053	-0.05672329556464993	0.08861120168138795	-0.07296221072787251	0.06398960486768764	-0.057708338640605504	0.052898945446107085
0.03719991340035707	-0.036538575887961056	0.07751859910330108	-0.0776809625636832	0.09427387172873875	-0.0675034465828763	0.07650233812723968	-0.07058693216127841	0.12922647601355552	-0.12004951931765864	0.0689072502429837	-0.08443989928281984	0.2047792913038592	-0.2281620039837719	0.15207448358258882	-0.0912859588737088	0.11501698838219053	-0.2668003431726275	1.000000000000002	-0.7562912177498087	0.10969114383248016	-0.14274805216696768	0.15222646323856145	-0.3572367488674038	0.2728573410767224	-0.10867447066887545	0.10298349333017942	-0.13544281048486131	0.1706099670311477	-0.20092979883909262	0.061545241831412786	-0.0671098120503875	0.09697016003354336	-0.10681876109428559	0.08486927031268932	-0.08550752630310038	0.07600421563684386	-0.08112822246827221	0.07822705334247199	-0.07654849112394321
-0.03363316686830268	0.03277498428517505	-0.07417361319548574	0.07193908623386902	-0.0908160324029423	0.059795364677612074	-0.06980539106933685	0.06552845063021791	-0.12458900878108502	0.10570877774800393	-0.06154888089574128	0.07382373233503135	-0.19053733106376955	0.16186451513543412	-0.1484728140752639	0.07904540503625458	-0.10253634023751812	0.1741652965931123	-0.7562912177498087	1.0	-0.09895379515412737	0.11937907776662994	-0.13530197372077427	0.27240006259300126	-0.4580641497666499	0.09286497691832021	-0.09157533508879548	0.11477453437260618	-0.18506728831068733	0.19298135933875404	-0.05356467452754183	0.059745722901605236	-0.09239630173102216	0.10045388367164383	-0.08444996165691056	0.07303084013781462	-0.06908832818885838	0.07464433812813992	-0.07579974153886669	0.07174494277672663
0.08603429170349004	-0.08295840930114251	0.07037025506321612	-0.056282569495805866	0.06065403560521973	-0.17515148720821613	0.16673395730429424	-0.0660751627254312	0.0860000241175767	-0.0685955522384436	0.19873027052822928	-0.20405569329020398	0.13386075375741305	-0.07519117803245927	0.060080382580698255	-0.4975551635496545	0.28342477638013186	-0.1298168468164607	0.10969114383248016	-0.09895379515412737	0.9999999999999983	-0.3839002289233426	0.22015171040469558	-0.14346987868509029	0.10513810104112369	-0.520159344557386	0.2351454106204482	-0.24501963940495128	0.11204335001732763	-0.10535358760753899	0.21204299832791978	-0.15077009154893375	0.1342298901136646	-0.12356742114507877	0.08682505128474605	-0.2927331005596587	0.1639676904870767	-0.11703382349105729	0.09720711754798313	-0.08568822589851083
-0.06534785700654344	0.0615468568867481	-0.06661278182823388	0.05415683482702125	-0.06096673025301823	0.1182656033270037	-0.13360740461658083	0.061238514113375	-0.08624528808066094	0.0676435074759962	-0.1396613590438676	0.1553075954682396	-0.16342870394294565	0.0799127063140062	-0.06559594712022153	0.21057798876763542	-0.3152546521129373	0.15347783179608288	-0.14274805216696768	0.11937907776662994	-0.3839002289233426	0.9999999999999994	-0.6296093425799513	0.19467522099281073	-0.15003164143569223	0.2416192164365916	-0.3856297753516671	0.3021775801859363	-0.14608428378635263	0.12539838495966876	-0.13588139721967452	0.1694555176012241	-0.15766984959718822	0.13265303505667903	-0.0961238931901947	0.16921161816635955	-0.197658194984144	0.12296707724659253	-0.10688927178547573	0.08928249476358004
0.05038144760497784	-0.04827838541367841	0.05864351890337662	-0.049832259742017236	0.056730279703584546	-0.0924079984267529	0.10133205764705772	-0.054030012612140015	0.07941085721585922	-0.06461689740071329	0.10194558983079352	-0.11906405392906931	0.15978633285457022	-0.07952086636486813	0.06435662126288964	-0.15315513453471855	0.1878191050536844	-0.18144586752566622	0.15222646323856145	-0.13530197372077427	0.22015171040469558	-0.6296093425799513	0.9999999999999988	-0.3167356821524627	0.17240142861598023	-0.21287192251752768	0.2690717823917432	-0.5280971590265209	0.1595710541255662	-0.14450748401968888	0.11570988539177962	-0.14667985509597628	0.16476812231031807	-0.14552970407797497	0.0985977184149803	-0.15365086243203097	0.15754926909683542	-0.12925376574289454	0.10767255966467698	-0.09353657219174888
-0.03974862423183554	0.038141273696318825	-0.06652841546981525	0.06136827036606734	-0.07483041273663812	0.07018383350526448	-0.08113654355759849	0.05910152662147177	-0.10322966226361706	0.08426086707614726	-0.07473312230381897	0.08613024923664249	-0.15932145024257438	0.11433263138682453	-0.09793985713644074	0.10065891850016494	-0.12908138414885825	0.14639490331625946	-0.3572367488674038	0.27240006259300126	-0.14346987868509029	0.19467522099281073	-0.3167356821524627	0.999999999999999	-0.6364562797300264	0.13065167151286347	-0.14724249339993156	0.18899955333471097	-0.3980441975830828	0.28697090947768683	-0.0762506645372597	0.09212955648920115	-0.15342701343614887	0.16450662729912724	-0.13289720778025957	0.1011592157277019	-0.10721257922191055	0.11624548413553923	-0.12220124700916196	0.10941270049905868
0.03030998695688203	-0.02930508355532695	0.05166587456722678	-0.04904612265035714	0.059236053088795836	-0.05412875242905338	0.06152769858655143	-0.0462550879119912	0.08103983079012705	-0.07023264629840245	0.0566078731173439	-0.06615146442335565	0.1198825933730723	-0.09716195927408637	0.08114414753833195	-0.07698895365257193	0.09550861933110437	-0.11696637055717661	0.2728573410767224	-0.4580641497666499	0.10513810104112369	-0.15003164143569223	0.17240142861598023	-0.6364562797300264	0.9999999999999977	-0.10371288096035679	0.10827811341381391	-0.14740210713676552	0.2746826596518444	-0.45567011029329474	0.05956831707932614	-0.07066025896439726	0.11704167710281027	-0.1371332210480876	0.11420977285055328	-0.08108676345383735	0.08042239953201871	-0.09459637613741764	0.09673895283942169	-0.09721120433442651
-0.07294321480479969	0.06672395570889918	-0.06906163372628692	0.054738836443643274	-0.060987111050576324	0.12353643646058016	-0.14735881326383787	0.06256801229319359	-0.0867775313324853	0.06574399756878135	-0.14748435197959564	0.14647080215124733	-0.13102809575276023	0.07208468874629698	-0.05923983693058534	0.21122062248352397	-0.24583054495914333	0.11596284186841957	-0.10867447066887545	0.09286497691832021	-0.520159344557386	0.2416192164365916	-0.21287192251752768	0.13065167151286347	-0.10371288096035679	0.9999999999999966	-0.3830771025037033	0.23035145383395556	-0.11468056349682923	0.10076013527334318	-0.4958851101717201	0.19260441417250018	-0.1475138479183756	0.12217063286346037	-0.0910109232689864	0.3034732942610383	-0.23512952899859244	0.12013569656372933	-0.10533588329191278	0.08508103263985611
0.04864371444732377	-0.04601796981739909	0.05088921359814367	-0.042484189478629995	0.0477259264152841	-0.0870830745714347	0.09711128713042337	-0.04651691432031566	0.06701474800371292	-0.05344883538774444	0.09674882228737179	-0.10686427246786953	0.10948545378723155	-0.06127450837645207	0.04987793918973476	-0.14397288195501817	0.16893517821282844	-0.10409865903880189	0.10298349333017942	-0.09157533508879548	0.2351454106204482	-0.3856297753516671	0.2690717823917432	-0.14724249339993156	0.10827811341381391	-0.3830771025037033	0.9999999999999981	-0.5696235953123318	0.1227376988058084	-0.11086519335650645	0.17876227973575337	-0.4285510248070537	0.1886363254418685	-0.15362590022139286	0.09979261166054239	-0.22090916022593327	0.27711730104162097	-0.1563630290742226	0.11891076812954053	-0.09864413674246023
-0.05261626108452355	0.04927494026291152	-0.05975349174275529	0.04989504639109168	-0.057063338522689216	0.09152417687551315	-0.106526523626863	0.054154225909891794	-0.08019953446464109	0.06298147138018581	-0.10331114278902584	0.11249423556443712	-0.14232242329904507	0.07427921655607903	-0.0614106126622214	0.14442788380935975	-0.18514020442231457	0.13045172565203222	-0.13544281048486131	0.11477453437260618	-0.24501963940495128	0.3021775801859363	-0.5280971590265209	0.18899955333471097	-0.14740210713676552	0.23035145383395556	-0.5696235953123318	0.999999999999998	-0.1670503036460682	0.13794719638504435	-0.13958975570024312	0.21850871916004835	-0.29612578935217876	0.18245870961710903	-0.12119591727755813	0.1657658298175547	-0.25693078212473436	0.17415758144253835	-0.14322001020229402	0.11341734365813493
0.03058452349617613	-0.029371391915158678	0.045662314759061046	-0.04233527819373515	0.050041416350459264	-0.05411027681354108	0.06145049261563329	-0.04096108158386436	0.06862208578624476	-0.05832816072278723	0.056870789679986995	-0.06496378197839041	0.09849163188980503	-0.07397199590351511	0.06102701344008398	-0.07793088806340337	0.0952922873129534	-0.0938359074865713	0.1706099670311477	-0.18506728831068733	0.11204335001732763	-0.14608428378635263	0.1595710541255662	-0.3980441975830828	0.2746826596518444	-0.11468056349682923	0.1227376988058084	-0.1670503036460682	0.9999999999999966	-0.7348220815113384	0.06752377882356006	-0.08726124074866669	0.18931088451664901	-0.33780071965489056	0.19021442174005182	-0.09162228414526286	0.09936421104466248	-0.1518224020141281	0.16165778931561248	-0.16569422299147357
-0.029551991418736236	0.028276087883192073	-0.047590012138619596	0.044016860043803153	-0.05310299036768347	0.05165131191684903	-0.059900949307813006	0.042243813692253426	-0.07302232997733919	0.060192247722531726	-0.05447101720489676	0.062015886411596624	-0.10433337226921816	0.07783523674051308	-0.06634646279521626	0.07279743446906534	-0.09138482457070461	0.09508628354440438	-0.20092979883909262	0.19298135933875404	-0.10535358760753899	0.12539838495966876	-0.14450748401968888	0.28697090947768683	-0.45567011029329474	0.10076013527334318	-0.11086519335650645	0.13794719638504435	-0.7348220815113384	0.999999999999997	-0.060446161039564024	0.07806906243607466	-0.17466205476453173	0.21541803040022442	-0.2244048651751108	0.08039613343820488	-0.09191738514379647	0.13209202269197112	-0.15506791693130678	0.15420221397554482
0.039186648568803537	-0.03623175382163187	0.03823729348661708	-0.030940186262561994	0.03447374404312344	-0.06703092888976335	0.07834991500553735	-0.034646315987617034	0.04879085806526682	-0.03754176888227198	0.07617620174026027	-0.07829903610008329	0.0712304636059566	-0.040973603299577666	0.033522662910090095	-0.1097694386505067	0.1250532537276577	-0.06392222889185654	0.061545241831412786	-0.05356467452754183	0.21204299832791978	-0.13588139721967452	0.11570988539177962	-0.0762506645372597	0.05956831707932614	-0.4958851101717201	0.17876227973575337	-0.13958975570024312	0.06752377882356006	-0.060446161039564024	0.9999999999999973	-0.1642251172583173	0.09267979430830955	-0.07797750448485731	0.05669578775978925	-0.7912643953929923	0.17200957651917964	-0.07976689818650386	0.06685008753042249	-0.05420183265159529
-0.03201355228311997	0.030051475907130643	-0.03406224035407549	0.028505893258374132	-0.03213659042997227	0.05594695558639414	-0.06400131834752573	0.030926185613611674	-0.04509599990723704	0.03574077968813686	-0.06213462901285476	0.06715688062475501	-0.06982630425678157	0.04046549393062154	-0.03308130611872457	0.0886535367282077	-0.1067204305529953	0.06446414632148342	-0.0671098120503875	0.059745722901605236	-0.15077009154893375	0.1694555176012241	-0.14667985509597628	0.09212955648920115	-0.07066025896439726	0.19260441417250018	-0.4285510248070537	0.21850871916004835	-0.08726124074866669	0.07806906243607466	-0.1642251172583173	0.9999999999999984	-0.19120140696597143	0.128019778936146	-0.08458739561691347	0.1782594902483562	-0.8095007572390611	0.1509067803970659	-0.11257909022473615	0.08258805304177055
0.03274795029369485	-0.031018447764504263	0.039958141957901046	-0.03506826556216578	0.04025555856420754	-0.05721641319053747	0.06538031655715303	-0.03604867935475037	0.05582101655393906	-0.04564419360884045	0.061566407532193806	-0.06803832445448325	0.08233409319639741	-0.053112067225758154	0.04347749708075175	-0.08553690558670148	0.10378797933808483	-0.07687245201245793	0.09697016003354336	-0.09239630173102216	0.1342298901136646	-0.15766984959718822	0.16476812231031807	-0.15342701343614887	0.11704167710281027	-0.1475138479183756	0.1886363254418685	-0.29612578935217876	0.18931088451664901	-0.17466205476453173	0.09267979430830955	-0.19120140696597143	0.9999999999999982	-0.5887159804330943	0.22400380913173737	-0.12149380829748027	0.1852080829861122	-0.5653637815657352	0.2968355624723086	-0.23788766718545873
-0.031157306405730775	0.02941057928357088	-0.040430171055262684	0.035762547029467344	-0.04162336034187326	0.0536897804975099	-0.0625307798606645	0.03618054591367358	-0.05765244000059819	0.04671995764304409	-0.0577707816284273	0.06358803883555228	-0.08243053429410417	0.0550364201364268	-0.04561278571079786	0.078291742828168	-0.0972681469040056	0.07514253630210053	-0.10681876109428559	0.10045388367164383	-0.12356742114507877	0.13265303505667903	-0.14552970407797497	0.16450662729912724	-0.1371332210480876	0.12217063286346037	-0.15362590022139286	0.18245870961710903	-0.33780071965489056	0.21541803040022442	-0.07797750448485731	0.128019778936146	-0.5887159804330943	0.9999999999999987	-0.4142677088842848	0.10034523542053524	-0.15151786881576162	0.298473792781477	-0.4338440464893343	0.2689532905124662
0.022888101350472922	-0.021770096683165496	0.030760387713309804	-0.027798967485794267	0.03233437274811839	-0.039779113986250614	0.04568915088115239	-0.02756297468000239	0.04453252390055908	-0.036947352847137314	0.041998871525035904	-0.04676096191916006	0.061240594304787066	-0.04359315348393191	0.03585045595349601	-0.057096011207713106	0.0695601941921476	-0.05672329556464993	0.08486927031268932	-0.08444996165691056	0.08682505128474605	-0.0961238931901947	0.0985977184149803	-0.13289720778025957	0.11420977285055328	-0.0910109232689864	0.09979261166054239	-0.12119591727755813	0.19021442174005182	-0.2244048651751108	0.05669578775978925	-0.08458739561691347	0.22400380913173737	-0.4142677088842848	0.9999999999999994	-0.076224131833057	0.09806259005720297	-0.25509784489651194	0.2791274930675567	-0.7789613809113537
-0.05626384624750433	0.05128833282432794	-0.05548908149998135	0.04439118620778829	-0.04972597680938835	0.09272658820445431	-0.11352732939810174	0.049889715072659296	-0.07060397607474637	0.053240496976803046	-0.1072037445443263	0.10836320236171854	-0.10122944294760634	0.057694427506256335	-0.04753635649349661	0.14439481033937937	-0.17922746944501194	0.08861120168138795	-0.08550752630310038	0.07303084013781462	-0.2927331005596587	0.16921161816635955	-0.15365086243203097	0.1011592157277019	-0.08108676345383735	0.3034732942610383	-0.22090916022593327	0.1657658298175547	-0.09162228414526286	0.08039613343820488	-0.7912643953929923	0.1782594902483562	-0.12149380829748027	0.10034523542053524	-0.076224131833057	0.9999999999999981	-0.25006011409985396	0.10204583429900609	-0.08982123758875366	0.07089317893088118
0.0362091117336624	-0.0342593641806236	0.03850872492424628	-0.032574495356128705	0.03657718386778709	-0.06416770854134721	0.07185554718380086	-0.03506990067269171	0.05117336303860406	-0.04113021535527685	0.06994143233764695	-0.07662931982481709	0.07772104012418089	-0.046376816403782606	0.03768231916953944	-0.1014333335278513	0.11752903106040777	-0.07296221072787251	0.07600421563684386	-0.06908832818885838	0.1639676904870767	-0.197658194984144	0.15754926909683542	-0.10721257922191055	0.08042239953201871	-0.23512952899859244	0.27711730104162097	-0.25693078212473436	0.09936421104466248	-0.09191738514379647	0.17200957651917964	-0.8095007572390611	0.1852080829861122	-0.15151786881576162	0.09806259005720297	-0.25006011409985396	0.9999999999999989	-0.20372572008244788	0.13091223229687635	-0.1004706795042763
-0.028628043921946802	0.026940761837669205	-0.03508439496229171	0.030567200769697465	-0.03524199780543637	0.04923976599512782	-0.057323122954042766	0.03146793446728467	-0.048970276345491955	0.039338237270082094	-0.05328456433429532	0.05818622597259211	-0.07032228604270856	0.0452305378520618	-0.037297196962582504	0.07264957654295137	-0.08965680675984569	0.06398960486768764	-0.08112822246827221	0.07464433812813992	-0.11703382349105729	0.12296707724659253	-0.12925376574289454	0.11624548413553923	-0.09459637613741764	0.12013569656372933	-0.1563630290742226	0.17415758144253835	-0.1518224020141281	0.13209202269197112	-0.07976689818650386	0.1509067803970659	-0.5653637815657352	0.298473792781477	-0.25509784489651194	0.10204583429900609	-0.20372572008244788	0.9999999999999984	-0.6554274675279024	0.23610959074420748
0.024736817248783613	-0.02346377518311173	0.03139025780691756	-0.02794263957039645	0.03222326689812455	-0.04300546422814086	0.049306860468175506	-0.028210259606507405	0.044523877135157666	-0.03665064906910427	0.04574337468389958	-0.05059341835329102	0.06233214914180206	-0.04251354011199419	0.03483454145348796	-0.0627253178607442	0.07601879693353258	-0.057708338640605504	0.07822705334247199	-0.07579974153886669	0.09720711754798313	-0.10688927178547573	0.10767255966467698	-0.12220124700916196	0.09673895283942169	-0.10533588329191278	0.11891076812954053	-0.14322001020229402	0.16165778931561248	-0.15506791693130678	0.06685008753042249	-0.11257909022473615	0.2968355624723086	-0.4338440464893343	0.2791274930675567	-0.08982123758875366	0.13091223229687635	-0.6554274675279024	0.9999999999999984	-0.46225022211153416
-0.022312440172946726	0.02108079132574045	-0.02957237044681802	0.026350051320161702	-0.0307299743890248	0.038302518182169024	-0.044688349415064055	0.026386000058079503	-0.04248262981935215	0.034454255660867156	-0.04082406383100828	0.04496917685408367	-0.05827534848976845	0.040166528980790234	-0.033294014357291235	0.054885503874133865	-0.06790476395019447	0.052898945446107085	-0.07654849112394321	0.07174494277672663	-0.08568822589851083	0.08928249476358004	-0.09353657219174888	0.10941270049905868	-0.09721120433442651	0.08508103263985611	-0.09864413674246023	0.11341734365813493	-0.16569422299147357	0.15420221397554482	-0.05420183265159529	0.08258805304177055	-0.23788766718545873	0.2689532905124662	-0.7789613809113537	0.07089317893088118	-0.1004706795042763	0.23610959074420748	-0.46225022211153416	0.9999999999999983
