1.0	-0.7584052453265443	0.17043459092117702	-0.03014530070740278	0.031063104095258517	-0.4936971586982489	0.2700750765355052	-0.177748700140398	0.07454862512610333	-0.04956856598939964	0.21725368193588535	-0.1873502882036601	0.10708217018566654	-0.06558701465539718	0.06290531314398032	-0.10128836177524068	0.1041750539636607	-0.07849344322854339	0.0504942326403059	-0.04650478375057941	0.08104483571214094	-0.09108712766883893	0.07110568795999338	-0.047671898383010905	0.03967822518133076	-0.07397566658400148	0.07482339756780375	-0.0935864852176503	0.03941681039740158	-0.0441032900017944	0.0625055578595982	-0.08128169997524186	0.0662971553706412	-0.03918498215959288	0.02766055588027777	-0.08833937115294	0.05394861691247996	-0.049706014109158494	0.046421844618678126	-0.032157399463764565	0.04770771682147931	-0.04269264295320083	0.0427764919927372	-0.03258231173725309	0.06158974721262106
-0.7584052453265443	0.9999999999999998	-0.2909043855993652	0.04242763816083515	-0.044843897001195315	0.28639322906960196	-0.37400597475166336	0.20647624043015492	-0.09336567506041699	0.0603774087189641	-0.25310185145874425	0.18968086507612403	-0.13469919257222004	0.07932396381408013	-0.0779320888384807	0.10666579460651142	-0.11671174809612793	0.08839079769664367	-0.060161357285433946	0.054712775059425726	-0.09027901104409602	0.09822502294286226	-0.08133621002595108	0.05550663479323771	-0.04671991257061782	0.07997461374439807	-0.08268489635309817	0.10190606614174846	-0.04436637957061342	0.04929644792780182	-0.06863463844628524	0.08815916949667443	-0.07412364875709475	0.043696083618245174	-0.03092959945246112	0.09491987836435625	-0.060059543131220604	0.054889242248283995	-0.052102741305326467	0.035768987567085665	-0.052893976677913096	0.0470347160707421	-0.04789205872601225	0.03639145224318165	-0.06918360231363813
0.17043459092117702	-0.2909043855993652	0.9999999999999998	-0.11130990380896919	0.09973034219641225	-0.12988565270699265	0.17314093525032384	-0.867800227952497	0.12614194721894148	-0.08947087305238641	0.10907065018163437	-0.10828802436794917	0.17452225148086073	-0.11454827527939528	0.0954946574770398	-0.0803317339882389	0.0825652859894579	-0.10422046483831716	0.0748708809298414	-0.07093867796348938	0.07168303381141755	-0.08157445858897269	0.08409462229989911	-0.07063893552761011	0.05672034625187846	-0.07706077524530508	0.07758313429524637	-0.1105681544963327	0.049056450610250484	-0.0560546098726242	0.06645651101933617	-0.0890559191003667	0.07488988659163254	-0.04684260302130899	0.03324321845645722	-0.1018393198649295	0.06070102394206909	-0.057233641500516554	0.05455752107447768	-0.03874316530337265	0.054018618050480756	-0.04905040248343622	0.049424478667597666	-0.03784312152560217	0.07145990760425791
-0.03014530070740278	0.04242763816083515	-0.11130990380896919	1.0000000000000007	-0.9859830434077812	0.02345459321582673	-0.031895151633138934	0.08998469795823914	-0.05589984818262276	0.04381479891886492	-0.021487817714884616	0.02102994589334063	-0.04326306587294404	0.03558343033904954	-0.03745310647005988	0.018530987714282007	-0.01897915917511258	0.026183015443632784	-0.022980929185213717	0.02237108505168605	-0.017202338686193166	0.019440556125511543	-0.021594978258245773	0.021189140272546186	-0.01740148984831138	0.01929456189094497	-0.01944677285199888	0.02830913920079706	-0.013381017350960346	0.015315218947403406	-0.01681906989559485	0.022643732469169158	-0.019406391666714894	0.012431366466806936	-0.008864341724346369	0.0262143334178184	-0.01571082011678041	0.014860204887171494	-0.014447827614950821	0.010289668164170544	-0.013992951856397914	0.012726218468859195	-0.012943593999197086	0.009918507109785916	-0.018761461891793202
0.031063104095258517	-0.044843897001195315	0.09973034219641225	-0.9859830434077812	1.0000000000000009	-0.024734750314167768	0.03327313059459526	-0.0970784766764321	0.05521162058415834	-0.046399414403813975	0.02252843614239721	-0.0222465181910464	0.04483122412891046	-0.03714546475346148	0.03845113497651675	-0.019781815566732218	0.02015620820170945	-0.027893259377410412	0.024054247569391743	-0.023556554046040897	0.01834231399939427	-0.0207453202169309	0.02290769907081868	-0.022380198585396888	0.018291368832770973	-0.020719772008215835	0.02081693561561432	-0.03041764998558411	0.01427563450415363	-0.01636978464817406	0.018048193041721856	-0.024331948709140707	0.02078169503985727	-0.013313821847549938	0.009488966459156948	-0.028261805723181203	0.01684649475715534	-0.015952695116621587	0.015462471593914152	-0.011030460386946593	0.015025971342383319	-0.013678356837649727	0.013893850927535482	-0.01064823988601175	0.020141657522327574
-0.4936971586982489	0.28639322906960196	-0.12988565270699265	0.02345459321582673	-0.024734750314167768	1.0000000000000013	-0.5769451484034903	0.13031300074622776	-0.06625148609877538	0.04336333213375449	-0.5189468820217147	0.28442952155938217	-0.09782245377986297	0.05842364568462056	-0.05693847425458477	0.12416476937291561	-0.1363138133052435	0.07698625731335434	-0.0464434322293418	0.042209594388165114	-0.09615725194287718	0.10662004303145542	-0.07274291100028266	0.04372669671243132	-0.036593086730443314	0.07667018751010782	-0.07927082238707421	0.09116582722738567	-0.03739549075588125	0.04132494570744407	-0.06384749589782077	0.08106124455983653	-0.0651451830163973	0.03736259880323144	-0.026284778687159564	0.08379397293005827	-0.05266302449062805	0.04791302132652013	-0.04449066804329853	0.03039538241933573	-0.04600690152692727	0.04078301423808707	-0.0405039892311898	0.030805285765153782	-0.05791333539287759
0.2700750765355052	-0.37400597475166336	0.17314093525032384	-0.031895151633138934	0.03327313059459526	-0.5769451484034903	1.0000000000000016	-0.21607454451282612	0.09232156628493453	-0.06140743055435352	0.32029945614046623	-0.5200664843360134	0.13587699466661532	-0.08307374981293465	0.07929448593625486	-0.17619287875874823	0.18714466490963702	-0.11263658580834579	0.0659449579380723	-0.060427654746183036	0.1304170627275099	-0.1587982276264434	0.10399915053375858	-0.06286323611490963	0.052169576537651974	-0.11206242199069001	0.11390855149996197	-0.1346450629446081	0.05415743725028223	-0.060198526811841235	0.09208432389191472	-0.1195332063926323	0.09390432633042278	-0.054227068907811746	0.03809304896385816	-0.12433665208936914	0.07609480937789675	-0.06979532344291997	0.06419109505946358	-0.044207774432673645	0.06663679021415844	-0.059447232164601106	0.05839573673118432	-0.04451133921266195	0.08331876363259152
-0.177748700140398	0.20647624043015492	-0.867800227952497	0.08998469795823914	-0.0970784766764321	0.13031300074622776	-0.21607454451282612	1.0000000000000018	-0.1557542164546945	0.09727892075893839	-0.11655235888812313	0.11232843571288983	-0.23465541822883476	0.12592265723685805	-0.10794577159100054	0.07957200923732162	-0.08439913675069237	0.10557620530922127	-0.08050478380657823	0.07403408910661571	-0.071558273083953	0.08116653504327319	-0.08701078565745396	0.072907736582938	-0.0593250185295667	0.07423938363534133	-0.07597818381732332	0.1062408186048917	-0.048365562729411386	0.054800766633209555	-0.06421108839409566	0.08544540478755924	-0.07294160062801441	0.04548033757405444	-0.03233167126570686	0.09615150721561849	-0.058739188136768955	0.05508270336219769	-0.05313944150639105	0.037451899786768376	-0.051915866920604854	0.04693811069914362	-0.04753069762752199	0.03636771405394293	-0.06865994790419111
0.07454862512610333	-0.09336567506041699	0.12614194721894148	-0.05589984818262276	0.05521162058415834	-0.06625148609877538	0.09232156628493453	-0.1557542164546945	1.0000000000000018	-0.6773108484003507	0.07331393167397536	-0.07411487969756894	0.2531654973895177	-0.43187850438427633	0.32708933655634853	-0.09632888517419597	0.0962910534064284	-0.1734587027260556	0.19639344493412514	-0.2048101160425594	0.09490358088990676	-0.10851947374989877	0.13596769172258447	-0.18400251884271554	0.1426169182027281	-0.11658610875265452	0.11694101547655648	-0.18173540179647554	0.09348387076626757	-0.10883831125630186	0.10209970901475438	-0.1399537854932893	0.12157160213760747	-0.08226325696953332	0.05897404693305107	-0.1650310976206629	0.09784857523451705	-0.09408713447760855	0.09401564065826759	-0.06816810055884463	0.08702207043548364	-0.07985867848265692	0.08099981049893248	-0.062432949582690744	0.11713066240166403
-0.04956856598939964	0.0603774087189641	-0.08947087305238641	0.04381479891886492	-0.046399414403813975	0.04336333213375449	-0.06140743055435352	0.09727892075893839	-0.6773108484003507	1.0000000000000016	-0.04824500312975332	0.04838607014079657	-0.20233735107208006	0.2660325233154321	-0.6297934136453807	0.061088820480380994	-0.06257874133600552	0.11457366878134277	-0.15813776654649275	0.16081862367626543	-0.06082965426917792	0.06951023679342183	-0.0927998246547022	0.1304248330609592	-0.11777500904046641	0.07230597411905391	-0.07400927294473253	0.11311307229998135	-0.06375307578877852	0.0726989742148061	-0.06362950445118794	0.08679807395339399	-0.07760779883820204	0.053325995982351604	-0.03849236241723591	0.10036558156516576	-0.06172343257569686	0.05908710255409718	-0.0611896787660877	0.04380475005667359	-0.05424582181522037	0.04956003712433059	-0.05067783015898663	0.03909811153928072	-0.07308207534949897
0.21725368193588535	-0.25310185145874425	0.10907065018163437	-0.021487817714884616	0.02252843614239721	-0.5189468820217147	0.32029945614046623	-0.11655235888812313	0.07331393167397536	-0.04824500312975332	1.000000000000002	-0.6778994720407503	0.11066325034757973	-0.06662181411290194	0.06473149890951929	-0.21560191622438357	0.20802380256984346	-0.10097460800649209	0.05506133473491234	-0.049918007501053685	0.14113813885468923	-0.16618156690931513	0.09612770277185333	-0.05257675727781563	0.04379058102621664	-0.10680704162300513	0.10895578861689427	-0.12044392708586785	0.04696801183362513	-0.051684180298468614	0.0858985266577908	-0.1090608638132067	0.08403787977627517	-0.04728261768714178	0.03309304568009191	-0.10874599229743637	0.06775725804226779	-0.06154853341160239	0.056144975198010955	-0.03825126620832422	0.05876005329784905	-0.05202469182231184	0.050530877557973905	-0.038480617090972946	0.07157662491762412
-0.1873502882036601	0.18968086507612403	-0.10828802436794917	0.02102994589334063	-0.0222465181910464	0.28442952155938217	-0.5200664843360134	0.11232843571288983	-0.07411487969756894	0.04838607014079657	-0.6778994720407503	1.0000000000000013	-0.11594981213188879	0.06750386730152833	-0.06563593606472368	0.19546978897564596	-0.33296434337888997	0.10257841425503486	-0.05572182121511467	0.04998780076098725	-0.14921344562579966	0.1768696979292461	-0.10167603121285629	0.052667365852854205	-0.04404152495157755	0.10604494090513998	-0.11466640436035701	0.11913858726370079	-0.04676534081481827	0.05104971507462245	-0.08657789007600933	0.10777126827725997	-0.08455035943090274	0.04692362143295979	-0.03284677509671344	0.10507726269023239	-0.06771857622560602	0.060956303060445555	-0.05597858270225655	0.03779613967476173	-0.05827448975840485	0.05124106741655077	-0.050075990770899165	0.03806667559995628	-0.07089728683484618
0.10708217018566654	-0.13469919257222004	0.17452225148086073	-0.04326306587294404	0.04483122412891046	-0.09782245377986297	0.13587699466661532	-0.23465541822883476	0.2531654973895177	-0.20233735107208006	0.11066325034757973	-0.11594981213188879	1.0000000000000018	-0.5427405214471699	0.2519553592705933	-0.147127315016265	0.14954868473362568	-0.3848775184352428	0.23021417111309547	-0.21139688243449106	0.14481053764821988	-0.17140227772754058	0.2362896044930272	-0.21282854822666722	0.16023069759866163	-0.1731602224385761	0.17646152903094245	-0.27975788138810986	0.12419998808081825	-0.14319143226707814	0.14997245424192862	-0.2055570972757522	0.17667226658650573	-0.11394636294290729	0.08090900910725488	-0.23696068087000585	0.14090799315988	-0.13517841841826556	0.13057079917881553	-0.09403350078503028	0.12446560527995607	-0.11405740588642525	0.11407845674119167	-0.08782336254594567	0.16427307561922252
-0.06558701465539718	0.07932396381408013	-0.11454827527939528	0.03558343033904954	-0.03714546475346148	0.05842364568462056	-0.08307374981293465	0.12592265723685805	-0.43187850438427633	0.2660325233154321	-0.06662181411290194	0.06750386730152833	-0.5427405214471699	1.0000000000000007	-0.4860534719228138	0.08510215720975091	-0.08940210107309647	0.18654840928138158	-0.38223444774869847	0.23024202252721218	-0.08578437754887816	0.09928715548885515	-0.14812240481882977	0.21169499026545224	-0.17329146660042255	0.09882066503622977	-0.10334908147404039	0.1571689739183717	-0.09042601580539117	0.10139830443585784	-0.08692240679110044	0.11817240463705643	-0.10738597997990112	0.07361708296866643	-0.053145245695721294	0.1338181669499798	-0.08432919983433082	0.08051339622651797	-0.08444094303848207	0.05997187993168042	-0.07331664955731745	0.06679273577057687	-0.06825445627826242	0.052696090325960045	-0.09804857365568129
0.06290531314398032	-0.0779320888384807	0.0954946574770398	-0.03745310647005988	0.03845113497651675	-0.05693847425458477	0.07929448593625486	-0.10794577159100054	0.32708933655634853	-0.6297934136453807	0.06473149890951929	-0.06563593606472368	0.2519553592705933	-0.4860534719228138	1.000000000000001	-0.08797923415594615	0.08870916862093384	-0.16832593528829604	0.2268213287062591	-0.2940889158460103	0.08747312600796774	-0.10049892627870152	0.1315262481727209	-0.20361197268902959	0.1726072883693487	-0.1066051260676737	0.10807527389796369	-0.1683890128133615	0.09363326941469294	-0.10891253386489723	0.09347714991929636	-0.12824671863465756	0.11325047273236992	-0.078596180862561	0.05662074523370332	-0.1495073846438201	0.09034659408154724	-0.08701572807484352	0.08942491500973658	-0.06473463037254215	0.07967398926651081	-0.07306433005751864	0.07422831674478719	-0.05735588226415862	0.1069559946938595
-0.10128836177524068	0.10666579460651142	-0.0803317339882389	0.018530987714282007	-0.019781815566732218	0.12416476937291561	-0.17619287875874823	0.07957200923732162	-0.09632888517419597	0.061088820480380994	-0.21560191622438357	0.19546978897564596	-0.147127315016265	0.08510215720975091	-0.08797923415594615	1.0	-0.5437513386257653	0.1471780542916062	-0.07586138701369888	0.06672837785754536	-0.6695690656900581	0.30441667767095737	-0.16051197976394474	0.07151112406409244	-0.06095684008996043	0.21292371106163965	-0.21012107405035216	0.17994685818993406	-0.06969996646864324	0.07405497721908136	-0.17302201498296493	0.17400528419530073	-0.13712929873930638	0.07140260908527209	-0.049730329622198366	0.1617238659124243	-0.10990213706840937	0.0950480902560335	-0.08676104899480823	0.05659281558963532	-0.09441932896627464	0.08001396706290545	-0.07763277102939613	0.058547422907384766	-0.10864181270046601
0.1041750539636607	-0.11671174809612793	0.0825652859894579	-0.01897915917511258	0.02015620820170945	-0.1363138133052435	0.18714466490963702	-0.08439913675069237	0.0962910534064284	-0.06257874133600552	0.20802380256984346	-0.33296434337888997	0.14954868473362568	-0.08940210107309647	0.08870916862093384	-0.5437513386257653	0.9999999999999998	-0.19464118733048577	0.08160242487087327	-0.07214285600635814	0.30383813129674253	-0.590159917507267	0.19029249865423004	-0.07882062112535392	0.06512135390280514	-0.2038652399716578	0.22154357439690536	-0.2125360159771599	0.07404037854219758	-0.0797162112772458	0.15306626618584304	-0.19568398965266887	0.139936933641226	-0.07458924366069297	0.051655587578010656	-0.1706506472263836	0.11064422557771204	-0.09920052673875412	0.08842528705390626	-0.05916199399299053	0.09302290747953089	-0.0814875161360301	0.07659931526183436	-0.05834778169415318	0.10640779841176791
-0.07849344322854339	0.08839079769664367	-0.10422046483831716	0.026183015443632784	-0.027893259377410412	0.07698625731335434	-0.11263658580834579	0.10557620530922127	-0.1734587027260556	0.11457366878134277	-0.10097460800649209	0.10257841425503486	-0.3848775184352428	0.18654840928138158	-0.16832593528829604	0.1471780542916062	-0.19464118733048577	0.9999999999999969	-0.20770590833819538	0.1458900708596502	-0.1673248042302093	0.20989788308999657	-0.7552856754142411	0.1613808749232392	-0.12981902347477922	0.14714976786171888	-0.18449297893636887	0.2511309994575742	-0.10288964499194993	0.10790268992697807	-0.13009052217280284	0.16730257331492004	-0.1668506402549433	0.09219951818556281	-0.06505410059616643	0.16300114823913625	-0.12099797158317872	0.1101829176381469	-0.10921712416263159	0.07275573542225207	-0.09906778140250862	0.08751226764108766	-0.08897399838128976	0.06788158948163053	-0.1262760405205543
0.0504942326403059	-0.060161357285433946	0.0748708809298414	-0.022980929185213717	0.024054247569391743	-0.0464434322293418	0.0659449579380723	-0.08050478380657823	0.19639344493412514	-0.15813776654649275	0.05506133473491234	-0.05572182121511467	0.23021417111309547	-0.38223444774869847	0.2268213287062591	-0.07586138701369888	0.08160242487087327	-0.20770590833819538	0.9999999999999958	-0.5688843583307184	0.07831889811254211	-0.09242819204307422	0.15456979843129418	-0.5789423369560818	0.31008742804416367	-0.08801399367832735	0.09543170563706128	-0.14641303628678634	0.11692442373070917	-0.13098727041815925	0.0779045797473124	-0.1064534806487445	0.10300487838478377	-0.08005026080372915	0.05838668492599207	-0.11575032497158702	0.07847275542523156	-0.07566886548319596	0.08881537655265052	-0.06345089445932839	0.06620528611402318	-0.06021384441888891	0.06218852876641835	-0.0485540577653337	0.08814728976807834
-0.04650478375057941	0.054712775059425726	-0.07093867796348938	0.02237108505168605	-0.023556554046040897	0.042209594388165114	-0.060427654746183036	0.07403408910661571	-0.2048101160425594	0.16081862367626543	-0.049918007501053685	0.04998780076098725	-0.21139688243449106	0.23024202252721218	-0.2940889158460103	0.06672837785754536	-0.07214285600635814	0.1458900708596502	-0.5688843583307184	0.999999999999991	-0.06946123005295977	0.07985490976792854	-0.12837586309428023	0.32801072674550075	-0.6300722705339818	0.07783909078420345	-0.08501872815697566	0.12734425553744272	-0.12520030534026075	0.13661855234549614	-0.06978430710415615	0.09522867009241873	-0.0964524323996844	0.07866588147834733	-0.05919975083207856	0.10297976032349312	-0.07288520367149243	0.07027521083290716	-0.0894451868923221	0.06196383422406556	-0.0607790372951372	0.055154296572626674	-0.058028410664885004	0.04551347704663382	-0.08194500937877038
0.08104483571214094	-0.09027901104409602	0.07168303381141755	-0.017202338686193166	0.01834231399939427	-0.09615725194287718	0.1304170627275099	-0.071558273083953	0.09490358088990676	-0.06082965426917792	0.14113813885468923	-0.14921344562579966	0.14481053764821988	-0.08578437754887816	0.08747312600796774	-0.6695690656900581	0.30383813129674253	-0.1673248042302093	0.07831889811254211	-0.06946123005295977	0.9999999999999931	-0.47112210977476865	0.17363134004588004	-0.07557165204150834	0.06344622406053342	-0.35945564586733597	0.24034555105713876	-0.21313455639200943	0.07554167519306222	-0.08083616824869658	0.20265512055149257	-0.21337227907063375	0.14900699058379113	-0.07768870928325364	0.053681236345923915	-0.19797879951139144	0.12006081098396582	-0.10556466407979323	0.09294890753339133	-0.061413231266240605	0.10319831078168272	-0.08878901875021315	0.0818618256611339	-0.062139614012109726	0.11277223728363647
-0.09108712766883893	0.09822502294286226	-0.08157445858897269	0.019440556125511543	-0.0207453202169309	0.10662004303145542	-0.1587982276264434	0.08116653504327319	-0.10851947374989877	0.06951023679342183	-0.16618156690931513	0.1768696979292461	-0.17140227772754058	0.09928715548885515	-0.10049892627870152	0.30441667767095737	-0.590159917507267	0.20989788308999657	-0.09242819204307422	0.07985490976792854	-0.47112210977476865	0.9999999999999915	-0.3063851893180504	0.08820693139455305	-0.0737121353018759	0.23072392938455782	-0.38888491514608425	0.23952943151164716	-0.08352223477264566	0.08772876917595612	-0.18129253214492783	0.21653251935045775	-0.16365737888948284	0.08339735844038573	-0.05773113511547065	0.17804885425299616	-0.12651115990277254	0.1105264637807415	-0.09989505200984056	0.06537799466064137	-0.10377077007624744	0.08939933447830031	-0.0852126355463376	0.06464267505614807	-0.1182213030380693
0.07110568795999338	-0.08133621002595108	0.08409462229989911	-0.021594978258245773	0.02290769907081868	-0.07274291100028266	0.10399915053375858	-0.08701078565745396	0.13596769172258447	-0.0927998246547022	0.09612770277185333	-0.10167603121285629	0.2362896044930272	-0.14812240481882977	0.1315262481727209	-0.16051197976394474	0.19029249865423004	-0.7552856754142411	0.15456979843129418	-0.12837586309428023	0.17363134004588004	-0.3063851893180504	1.0	-0.16211647430699966	0.11610537389144363	-0.163995263953703	0.2046945366803102	-0.3819822434336609	0.10485827450361612	-0.11134481682875712	0.13660508358764206	-0.18465203955824705	0.170670393438147	-0.09438868194663133	0.06547046181977344	-0.17238939891096677	0.12238314269392744	-0.11480899019812928	0.10858595160835678	-0.07384851246704159	0.09954175528401105	-0.08890806820710936	0.08662788759802031	-0.06654362628226226	0.12122518782413612
-0.047671898383010905	0.05550663479323771	-0.07063893552761011	0.021189140272546186	-0.022380198585396888	0.04372669671243132	-0.06286323611490963	0.072907736582938	-0.18400251884271554	0.1304248330609592	-0.05257675727781563	0.052667365852854205	-0.21282854822666722	0.21169499026545224	-0.20361197268902959	0.07151112406409244	-0.07882062112535392	0.1613808749232392	-0.5789423369560818	0.32801072674550075	-0.07557165204150834	0.08820693139455305	-0.16211647430699966	0.99999999999999	-0.6432614564033242	0.08276173109695044	-0.09277965312634588	0.13906396061345266	-0.16999771487740875	0.16334582042855164	-0.07444232250457697	0.10168842417273227	-0.1067629505741999	0.09290387091713628	-0.0687228772322414	0.107211654120353	-0.07908077781000253	0.07664683577154903	-0.10265145215871291	0.07083050547641628	-0.06484141001806612	0.058767610428060876	-0.062130755011553365	0.04901893724782895	-0.0870300608067559
0.03967822518133076	-0.04671991257061782	0.05672034625187846	-0.01740148984831138	0.018291368832770973	-0.036593086730443314	0.052169576537651974	-0.0593250185295667	0.1426169182027281	-0.11777500904046641	0.04379058102621664	-0.04404152495157755	0.16023069759866163	-0.17329146660042255	0.1726072883693487	-0.06095684008996043	0.06512135390280514	-0.12981902347477922	0.31008742804416367	-0.6300722705339818	0.06344622406053342	-0.0737121353018759	0.11610537389144363	-0.6432614564033242	0.9999999999999974	-0.07266307499507911	0.07976264812050393	-0.12342856341634934	0.15110119187439616	-0.20180471057559565	0.06517322271972854	-0.09024232135491497	0.0940148555075529	-0.08710270605015615	0.06620579388944757	-0.09624655860942347	0.06992656506723112	-0.06885310688645563	0.09414453001024285	-0.0681277977670034	0.05738544044375286	-0.05238239732309241	0.055123170046090714	-0.043813590513170006	0.07689526656060505
-0.07397566658400148	0.07997461374439807	-0.07706077524530508	0.01929456189094497	-0.020719772008215835	0.07667018751010782	-0.11206242199069001	0.07423938363534133	-0.11658610875265452	0.07230597411905391	-0.10680704162300513	0.10604494090513998	-0.1731602224385761	0.09882066503622977	-0.1066051260676737	0.21292371106163965	-0.2038652399716578	0.14714976786171888	-0.08801399367832735	0.07783909078420345	-0.35945564586733597	0.23072392938455782	-0.163995263953703	0.08276173109695044	-0.07266307499507911	0.9999999999999915	-0.45928582254001493	0.2404019130575005	-0.0937599685335674	0.09741329801030559	-0.6377701178996963	0.28862028982720883	-0.2079518519147701	0.10035883275909481	-0.06929516016580287	0.27148093560793995	-0.17228883381631255	0.1405920258145243	-0.12420070108568183	0.07836987811481991	-0.1544945333301978	0.12285966929178212	-0.11447252963341548	0.08538270648169932	-0.15652479352482795
0.07482339756780375	-0.08268489635309817	0.07758313429524637	-0.01944677285199888	0.02081693561561432	-0.07927082238707421	0.11390855149996197	-0.07597818381732332	0.11694101547655648	-0.07400927294473253	0.10895578861689427	-0.11466640436035701	0.17646152903094245	-0.10334908147404039	0.10807527389796369	-0.21012107405035216	0.22154357439690536	-0.18449297893636887	0.09543170563706128	-0.08501872815697566	0.24034555105713876	-0.38888491514608425	0.2046945366803102	-0.09277965312634588	0.07976264812050393	-0.45928582254001493	0.9999999999999898	-0.4801225061575577	0.11280749862125254	-0.11690885353929459	0.27005523674224696	-0.5001746797387548	0.24109325371762108	-0.11524839650810388	0.07773425394958247	-0.2502494634758512	0.18381528338213762	-0.1618314729802081	0.13482619213986033	-0.08799923263829866	0.1405049518184618	-0.12313588609468239	0.1097165240416003	-0.08375155008006523	0.14805450417943783
-0.0935864852176503	0.10190606614174846	-0.1105681544963327	0.02830913920079706	-0.03041764998558411	0.09116582722738567	-0.1346450629446081	0.1062408186048917	-0.18173540179647554	0.11311307229998135	-0.12044392708586785	0.11913858726370079	-0.27975788138810986	0.1571689739183717	-0.1683890128133615	0.17994685818993406	-0.2125360159771599	0.2511309994575742	-0.14641303628678634	0.12734425553744272	-0.21313455639200943	0.23952943151164716	-0.3819822434336609	0.13906396061345266	-0.12342856341634934	0.2404019130575005	-0.4801225061575577	0.9999999999999918	-0.20841724655172733	0.18081408640257346	-0.22446333616243522	0.2969542762886276	-0.4266463931980231	0.17451658398561007	-0.11839662298556769	0.2446548478858618	-0.23329428138080086	0.2128369039113156	-0.20361136230947727	0.12801421294878965	-0.16981018556432154	0.14862260017055304	-0.14773501280889526	0.11293925105282637	-0.20396706702095804
0.03941681039740158	-0.04436637957061342	0.049056450610250484	-0.013381017350960346	0.01427563450415363	-0.03739549075588125	0.05415743725028223	-0.048365562729411386	0.09348387076626757	-0.06375307578877852	0.04696801183362513	-0.04676534081481827	0.12419998808081825	-0.09042601580539117	0.09363326941469294	-0.06969996646864324	0.07404037854219758	-0.10288964499194993	0.11692442373070917	-0.12520030534026075	0.07554167519306222	-0.08352223477264566	0.10485827450361612	-0.16999771487740875	0.15110119187439616	-0.0937599685335674	0.11280749862125254	-0.20841724655172733	0.9999999999999859	-0.8133585482721979	0.08783052536283537	-0.13139775225647352	0.17687617952667145	-0.3805522870558143	0.19779755688355063	-0.12367118133837111	0.11591172190754759	-0.12797764631516623	0.24049684739333463	-0.1964360578760339	0.08499295410877536	-0.0795946903516829	0.08648964384202118	-0.07412255299605328	0.11256505152027275
-0.0441032900017944	0.04929644792780182	-0.0560546098726242	0.015315218947403406	-0.01636978464817406	0.04132494570744407	-0.060198526811841235	0.054800766633209555	-0.10883831125630186	0.0726989742148061	-0.051684180298468614	0.05104971507462245	-0.14319143226707814	0.10139830443585784	-0.10891253386489723	0.07405497721908136	-0.0797162112772458	0.10790268992697807	-0.13098727041815925	0.13661855234549614	-0.08083616824869658	0.08772876917595612	-0.11134481682875712	0.16334582042855164	-0.20180471057559565	0.09741329801030559	-0.11690885353929459	0.18081408640257346	-0.8133585482721979	0.9999999999999887	-0.09322328696439494	0.13529189917729673	-0.19343653418916948	0.2636164684340526	-0.24546329686471383	0.13049875221129836	-0.12979424269068723	0.13529457908884113	-0.2892519091355412	0.1921255333042706	-0.09487503428296042	0.08734483152329661	-0.09972139788293918	0.08406477179585815	-0.13040113723489627
0.0625055578595982	-0.06863463844628524	0.06645651101933617	-0.01681906989559485	0.018048193041721856	-0.06384749589782077	0.09208432389191472	-0.06421108839409566	0.10209970901475438	-0.06362950445118794	0.0858985266577908	-0.08657789007600933	0.14997245424192862	-0.08692240679110044	0.09347714991929636	-0.17302201498296493	0.15306626618584304	-0.13009052217280284	0.0779045797473124	-0.06978430710415615	0.20265512055149257	-0.18129253214492783	0.13660508358764206	-0.07444232250457697	0.06517322271972854	-0.6377701178996963	0.27005523674224696	-0.22446333616243522	0.08783052536283537	-0.09322328696439494	0.9999999999999866	-0.4150625336455852	0.20195082145938142	-0.09830880034193866	0.06704523097168011	-0.5087758667485218	0.17886666627705355	-0.14752741817791365	0.12016365756145257	-0.07686817652176595	0.1691928541512392	-0.1381351963541495	0.11281063448958861	-0.0849646026030268	0.14904517439603032
-0.08128169997524186	0.08815916949667443	-0.0890559191003667	0.022643732469169158	-0.024331948709140707	0.08106124455983653	-0.1195332063926323	0.08544540478755924	-0.1399537854932893	0.08679807395339399	-0.1090608638132067	0.10777126827725997	-0.2055570972757522	0.11817240463705643	-0.12824671863465756	0.17400528419530073	-0.19568398965266887	0.16730257331492004	-0.1064534806487445	0.09522867009241873	-0.21337227907063375	0.21653251935045775	-0.18465203955824705	0.10168842417273227	-0.09024232135491497	0.28862028982720883	-0.5001746797387548	0.2969542762886276	-0.13139775225647352	0.13529189917729673	-0.4150625336455852	0.999999999999986	-0.4261658500814159	0.15674934055254672	-0.10463958412304028	0.2854502089222573	-0.3490660059524884	0.24436597380722586	-0.19263516506754116	0.11678680569567645	-0.2072986373299135	0.17729106401102673	-0.15295761864047105	0.1155455220794945	-0.20111154461749442
0.0662971553706412	-0.07412364875709475	0.07488988659163254	-0.019406391666714894	0.02078169503985727	-0.0651451830163973	0.09390432633042278	-0.07294160062801441	0.12157160213760747	-0.07760779883820204	0.08403787977627517	-0.08455035943090274	0.17667226658650573	-0.10738597997990112	0.11325047273236992	-0.13712929873930638	0.139936933641226	-0.1668506402549433	0.10300487838478377	-0.0964524323996844	0.14900699058379113	-0.16365737888948284	0.170670393438147	-0.1067629505741999	0.0940148555075529	-0.2079518519147701	0.24109325371762108	-0.4266463931980231	0.17687617952667145	-0.19343653418916948	0.20195082145938142	-0.4261658500814159	0.9999999999999878	-0.3106988336206874	0.1554858903624443	-0.2801167387785316	0.2914857879623346	-0.5184126113369053	0.2581743475567967	-0.1821794237884163	0.1799447018197018	-0.181688221578697	0.14700449841062463	-0.1196098329383902	0.18455286191560888
-0.03918498215959288	0.043696083618245174	-0.04684260302130899	0.012431366466806936	-0.013313821847549938	0.03736259880323144	-0.054227068907811746	0.04548033757405444	-0.08226325696953332	0.053325995982351604	-0.04728261768714178	0.04692362143295979	-0.11394636294290729	0.07361708296866643	-0.078596180862561	0.07140260908527209	-0.07458924366069297	0.09219951818556281	-0.08005026080372915	0.07866588147834733	-0.07768870928325364	0.08339735844038573	-0.09438868194663133	0.09290387091713628	-0.08710270605015615	0.10035883275909481	-0.11524839650810388	0.17451658398561007	-0.3805522870558143	0.2636164684340526	-0.09830880034193866	0.15674934055254672	-0.3106988336206874	0.9999999999999868	-0.434596461088114	0.14220720454465186	-0.1607224776581892	0.19430675628991126	-0.6511522646551449	0.29059700027837326	-0.10688991909754772	0.10271748788517157	-0.1196776536260442	0.1090796638726193	-0.14304011559308605
0.02766055588027777	-0.03092959945246112	0.03324321845645722	-0.008864341724346369	0.009488966459156948	-0.026284778687159564	0.03809304896385816	-0.03233167126570686	0.05897404693305107	-0.03849236241723591	0.03309304568009191	-0.03284677509671344	0.08090900910725488	-0.053145245695721294	0.05662074523370332	-0.049730329622198366	0.051655587578010656	-0.06505410059616643	0.05838668492599207	-0.05919975083207856	0.053681236345923915	-0.05773113511547065	0.06547046181977344	-0.0687228772322414	0.06620579388944757	-0.06929516016580287	0.07773425394958247	-0.11839662298556769	0.19779755688355063	-0.24546329686471383	0.06704523097168011	-0.10463958412304028	0.1554858903624443	-0.434596461088114	0.9999999999999872	-0.09935309022303171	0.10192378201736112	-0.12014465098745762	0.282656039378372	-0.8077693064402482	0.07220957851870963	-0.06935413943733272	0.07956822809460068	-0.07251950143445793	0.10378276389774371
-0.08833937115294	0.09491987836435625	-0.1018393198649295	0.0262143334178184	-0.028261805723181203	0.08379397293005827	-0.12433665208936914	0.09615150721561849	-0.1650310976206629	0.10036558156516576	-0.10874599229743637	0.10507726269023239	-0.23696068087000585	0.1338181669499798	-0.1495073846438201	0.1617238659124243	-0.1706506472263836	0.16300114823913625	-0.11575032497158702	0.10297976032349312	-0.19797879951139144	0.17804885425299616	-0.17238939891096677	0.107211654120353	-0.09624655860942347	0.27148093560793995	-0.2502494634758512	0.2446548478858618	-0.12367118133837111	0.13049875221129836	-0.5087758667485218	0.2854502089222573	-0.2801167387785316	0.14220720454465186	-0.09935309022303171	0.9999999999999849	-0.2929362099584508	0.2111119593327658	-0.185938091933287	0.11352884896304138	-0.4087091502065228	0.24579936244258638	-0.21137250095046473	0.15244295375280426	-0.27865825933688615
0.05394861691247996	-0.060059543131220604	0.06070102394206909	-0.01571082011678041	0.01684649475715534	-0.05266302449062805	0.07609480937789675	-0.058739188136768955	0.09784857523451705	-0.06172343257569686	0.06775725804226779	-0.06771857622560602	0.14090799315988	-0.08432919983433082	0.09034659408154724	-0.10990213706840937	0.11064422557771204	-0.12099797158317872	0.07847275542523156	-0.07288520367149243	0.12006081098396582	-0.12651115990277254	0.12238314269392744	-0.07908077781000253	0.06992656506723112	-0.17228883381631255	0.18381528338213762	-0.23329428138080086	0.11591172190754759	-0.12979424269068723	0.17886666627705355	-0.3490660059524884	0.2914857879623346	-0.1607224776581892	0.10192378201736112	-0.2929362099584508	0.9999999999999856	-0.6734468239087799	0.19637643522735382	-0.1252915917478249	0.2477019315757607	-0.3780632474914732	0.1610810971692779	-0.12710089569467337	0.1743937476868703
-0.049706014109158494	0.054889242248283995	-0.057233641500516554	0.014860204887171494	-0.015952695116621587	0.04791302132652013	-0.06979532344291997	0.05508270336219769	-0.09408713447760855	0.05908710255409718	-0.06154853341160239	0.060956303060445555	-0.13517841841826556	0.08051339622651797	-0.08701572807484352	0.0950480902560335	-0.09920052673875412	0.1101829176381469	-0.07566886548319596	0.07027521083290716	-0.10556466407979323	0.1105264637807415	-0.11480899019812928	0.07664683577154903	-0.06885310688645563	0.1405920258145243	-0.1618314729802081	0.2128369039113156	-0.12797764631516623	0.13529457908884113	-0.14752741817791365	0.24436597380722586	-0.5184126113369053	0.19430675628991126	-0.12014465098745762	0.2111119593327658	-0.6734468239087799	0.9999999999999856	-0.2985575763889281	0.13964820017610718	-0.21029575302006975	0.20610202708896774	-0.15073637659117237	0.1162581226553636	-0.16842614581651227
0.046421844618678126	-0.052102741305326467	0.05455752107447768	-0.014447827614950821	0.015462471593914152	-0.04449066804329853	0.06419109505946358	-0.05313944150639105	0.09401564065826759	-0.0611896787660877	0.056144975198010955	-0.05597858270225655	0.13057079917881553	-0.08444094303848207	0.08942491500973658	-0.08676104899480823	0.08842528705390626	-0.10921712416263159	0.08881537655265052	-0.0894451868923221	0.09294890753339133	-0.09989505200984056	0.10858595160835678	-0.10265145215871291	0.09414453001024285	-0.12420070108568183	0.13482619213986033	-0.20361136230947727	0.24049684739333463	-0.2892519091355412	0.12016365756145257	-0.19263516506754116	0.2581743475567967	-0.6511522646551449	0.282656039378372	-0.185938091933287	0.19637643522735382	-0.2985575763889281	0.9999999999999856	-0.423233539817431	0.13292741461344146	-0.1348396812141888	0.15441456132563425	-0.16889346677344344	0.17633935969493186
-0.032157399463764565	0.035768987567085665	-0.03874316530337265	0.010289668164170544	-0.011030460386946593	0.03039538241933573	-0.044207774432673645	0.037451899786768376	-0.06816810055884463	0.04380475005667359	-0.03825126620832422	0.03779613967476173	-0.09403350078503028	0.05997187993168042	-0.06473463037254215	0.05659281558963532	-0.05916199399299053	0.07275573542225207	-0.06345089445932839	0.06196383422406556	-0.061413231266240605	0.06537799466064137	-0.07384851246704159	0.07083050547641628	-0.0681277977670034	0.07836987811481991	-0.08799923263829866	0.12801421294878965	-0.1964360578760339	0.1921255333042706	-0.07686817652176595	0.11678680569567645	-0.1821794237884163	0.29059700027837326	-0.8077693064402482	0.11352884896304138	-0.1252915917478249	0.13964820017610718	-0.423233539817431	0.9999999999999859	-0.08786790813632077	0.08327528210251653	-0.10223621316619917	0.09261385883728641	-0.13549616174325804
0.04770771682147931	-0.052893976677913096	0.054018618050480756	-0.013992951856397914	0.015025971342383319	-0.04600690152692727	0.06663679021415844	-0.051915866920604854	0.08702207043548364	-0.05424582181522037	0.05876005329784905	-0.05827448975840485	0.12446560527995607	-0.07331664955731745	0.07967398926651081	-0.09441932896627464	0.09302290747953089	-0.09906778140250862	0.06620528611402318	-0.0607790372951372	0.10319831078168272	-0.10377077007624744	0.09954175528401105	-0.06484141001806612	0.05738544044375286	-0.1544945333301978	0.1405049518184618	-0.16981018556432154	0.08499295410877536	-0.09487503428296042	0.1691928541512392	-0.2072986373299135	0.1799447018197018	-0.10688991909754772	0.07220957851870963	-0.4087091502065228	0.2477019315757607	-0.21029575302006975	0.13292741461344146	-0.08786790813632077	0.9999999999999858	-0.7668744649137493	0.20264412333657222	-0.16402567031737875	0.18641378622290075
-0.04269264295320083	0.0470347160707421	-0.04905040248343622	0.012726218468859195	-0.013678356837649727	0.04078301423808707	-0.059447232164601106	0.04693811069914362	-0.07985867848265692	0.04956003712433059	-0.05202469182231184	0.05124106741655077	-0.11405740588642525	0.06679273577057687	-0.07306433005751864	0.08001396706290545	-0.0814875161360301	0.08751226764108766	-0.06021384441888891	0.055154296572626674	-0.08878901875021315	0.08939933447830031	-0.08890806820710936	0.058767610428060876	-0.05238239732309241	0.12285966929178212	-0.12313588609468239	0.14862260017055304	-0.0795946903516829	0.08734483152329661	-0.1381351963541495	0.17729106401102673	-0.181688221578697	0.10271748788517157	-0.06935413943733272	0.24579936244258638	-0.3780632474914732	0.20610202708896774	-0.1348396812141888	0.08327528210251653	-0.7668744649137493	0.9999999999999867	-0.29767685443617853	0.17492621850902923	-0.20420000420485224
0.0427764919927372	-0.04789205872601225	0.049424478667597666	-0.012943593999197086	0.013893850927535482	-0.0405039892311898	0.05839573673118432	-0.04753069762752199	0.08099981049893248	-0.05067783015898663	0.050530877557973905	-0.050075990770899165	0.11407845674119167	-0.06825445627826242	0.07422831674478719	-0.07763277102939613	0.07659931526183436	-0.08897399838128976	0.06218852876641835	-0.058028410664885004	0.0818618256611339	-0.0852126355463376	0.08662788759802031	-0.062130755011553365	0.055123170046090714	-0.11447252963341548	0.1097165240416003	-0.14773501280889526	0.08648964384202118	-0.09972139788293918	0.11281063448958861	-0.15295761864047105	0.14700449841062463	-0.1196776536260442	0.07956822809460068	-0.21137250095046473	0.1610810971692779	-0.15073637659117237	0.15441456132563425	-0.10223621316619917	0.20264412333657222	-0.29767685443617853	0.999999999999987	-0.763259055899328	0.30281232492611854
