0.9999999999999999	-0.6839250578524957	0.18021068714469834	-0.14821327282442467	0.09887447699795218	-0.19886119634214447	0.3113045711221051	-0.18363374904009414	0.1393065886001278	-0.10094693578575255	0.15509304448974015	-0.29093108432123643	0.17907643471146775	-0.15475394728242522	0.17488420446013228	-0.10794269930728266	0.19423373125801263	-0.1466772353386736	0.13507855772601107	-0.1254610710391178	0.13606577102571504	-0.1614950279724991	0.12738273480813847	-0.11951296891097955	0.08859372714089798	-0.01640263173716261	0.08931712527835577	-0.0996920322007794	0.0896607908187306	-0.12081620336706056	0.016309289850563735	-0.1176128470642025	0.11239046816320472	-0.08588797092091971	0.08177428758858035
-0.6839250578524957	1.0	-0.2286757832762283	0.1310738058265854	-0.0812070663755351	0.14230776756047978	-0.5784432793716368	0.1738749792165274	-0.12491130747444289	0.08058761656833528	-0.12643061083508098	0.22691140679131722	-0.13345200196968537	0.11019545789271463	-0.12479804505664037	0.08265775884489045	-0.16063809359427808	0.10199215068724428	-0.09400725959830702	0.08328915598566693	-0.10689467606426599	0.10955173218421392	-0.08905670743934936	0.07880675645649331	-0.05886543064665262	0.011222760710592583	-0.05956230017293921	0.06597772075784118	-0.05930967040455294	0.0787962238365848	-0.011200142216296326	0.07637583759811602	-0.07469572201103969	0.056011983101866114	-0.053817876117566936
0.18021068714469834	-0.2286757832762283	1.0000000000000002	-0.5229754476178721	0.18341647738954225	-0.08028225627162103	0.17926094008376373	-0.701889906180274	0.31336006810560946	-0.19007651936523592	0.07034455483399611	-0.12824283807964043	0.12356461210673157	-0.1459406897128845	0.16090113153053578	-0.05506871397757331	0.10356106088988415	-0.0944002814941321	0.10366957366598875	-0.09195190673686346	0.07280767147148239	-0.09137689672826668	0.07804087467171854	-0.08217977941024115	0.06297984880982523	-0.008825425605302676	0.05225591373016262	-0.06002779830030204	0.06023653273326266	-0.08290030387031685	0.008804224776048176	-0.06716318283594418	0.0675163805072844	-0.057114155691093196	0.054834318429938134
-0.14821327282442467	0.1310738058265854	-0.5229754476178721	1.0000000000000002	-0.39858583222022376	0.06468264970227075	-0.13672560872693684	0.30872436805860687	-0.6171141127029203	0.25853835792719376	-0.058813503443116304	0.10399261057414391	-0.1338049227821393	0.1712428442880479	-0.2081767014311003	0.04986894019257481	-0.09471289414720643	0.09701223326428005	-0.11760180326312382	0.09820212984859525	-0.06741764713598358	0.08845206881889552	-0.07884643259956323	0.08563602225032299	-0.06713676470522094	0.008350222333760935	-0.051533983631070035	0.059933766331220946	-0.06269917161605819	0.08581546655772185	-0.008340863555494122	0.06549829514345092	-0.06771711396427287	0.058771379918545696	-0.05710866624533799
0.09887447699795218	-0.0812070663755351	0.18341647738954225	-0.39858583222022376	1.0000000000000004	-0.050535521465018086	0.0916944924155664	-0.17911363799222568	0.24683344313600475	-0.8187696836679187	0.04591688832793635	-0.08159032876823194	0.1141094227894488	-0.16338778706272652	0.21980336608242285	-0.04221335767325874	0.07946555592448133	-0.09147814850517479	0.10772653693466665	-0.10764619691647856	0.057316132195848225	-0.08413239051784424	0.07335293794845443	-0.08997984484915462	0.07034276318287497	-0.007732601874547983	0.049928692590486184	-0.058953466170473284	0.06432052330946528	-0.09316680175064515	0.007710195589965194	-0.06441537983352745	0.06538671759917505	-0.06195260231708692	0.05866228646464834
-0.19886119634214447	0.14230776756047978	-0.08028225627162103	0.06468264970227075	-0.050535521465018086	1.0000000000000002	-0.2543186868234564	0.07991535687695671	-0.07061712344972566	0.049924195800165126	-0.8810651397358019	0.25019024722079225	-0.13089656820678527	0.0900733374895455	-0.1009539231965859	0.11254728778729346	-0.1913309007612156	0.09568739949684923	-0.08191739850564131	0.06921128972147689	-0.14221096829712926	0.10498345587206981	-0.08624689873922815	0.06682929953468617	-0.04966478481974611	0.01173184539282138	-0.05520918943980181	0.059786172811688756	-0.05110647597925778	0.06570524905856177	-0.011766585361540564	0.0686590742277431	-0.06837615808625412	0.047403927631169004	-0.046027834698180746
0.3113045711221051	-0.5784432793716368	0.17926094008376373	-0.13672560872693684	0.0916944924155664	-0.2543186868234564	1.0000000000000004	-0.21103515112248444	0.1402629958482097	-0.09271281440674195	0.19835439631955556	-0.5094357389058052	0.18326851330592928	-0.14825341924419583	0.15947412295004124	-0.12169310232986433	0.22584325132533398	-0.14529130776962368	0.12710562490547028	-0.11388733526423574	0.14493608286582912	-0.1592566557216735	0.12412891383986749	-0.10873852383640827	0.08044098702275682	-0.01570428942738499	0.08408167401588647	-0.09258886159097869	0.08170336604281853	-0.10853582555668459	0.015615574109560468	-0.1085860129081569	0.10347584072425184	-0.07731150433361908	0.07383323063090348
-0.18363374904009414	0.1738749792165274	-0.701889906180274	0.30872436805860687	-0.17911363799222568	0.07991535687695671	-0.21103515112248444	1.0000000000000016	-0.5418585960580027	0.16923960211118716	-0.0722132962055085	0.1290826997631271	-0.13533438597082698	0.15635093426141713	-0.17383761734491912	0.056523741740691504	-0.10800794314061994	0.09726046387989558	-0.11154876965556204	0.0916974383875722	-0.07551877830186188	0.091674660914045	-0.08030408076495299	0.08198003767250922	-0.06349074433045383	0.008861564041828826	-0.05240420389444281	0.060150308263276116	-0.060525594317701055	0.08168695765988886	-0.008853186985424338	0.06657482161910849	-0.06815209454674424	0.056618192648487047	-0.05505403452007372
0.1393065886001278	-0.12491130747444289	0.31336006810560946	-0.6171141127029203	0.24683344313600475	-0.07061712344972566	0.1402629958482097	-0.5418585960580027	1.0000000000000004	-0.31317084090610003	0.06340335102476624	-0.11505749269523222	0.15394100807261785	-0.25954668687009386	0.21353139977651425	-0.05472939111729225	0.10332766601213723	-0.11470433692274115	0.14009901227420704	-0.11675692072763202	0.07340511083486462	-0.10201367095536508	0.0903919475027219	-0.10183624825074457	0.07860566670456515	-0.00939265269475367	0.05927757083599714	-0.06926601054478608	0.07339346537690858	-0.10139364283603647	0.009371963516179627	-0.07560063813383719	0.07738026660160433	-0.06899001656417433	0.06640548548606409
-0.10094693578575255	0.08058761656833528	-0.19007651936523592	0.25853835792719376	-0.8187696836679187	0.049924195800165126	-0.09271281440674195	0.16923960211118716	-0.31317084090610003	0.9999999999999989	-0.045755899130154196	0.08098398394649804	-0.11870043224486959	0.1667014589662722	-0.33046108642327915	0.04204493868384223	-0.07952222005396409	0.09126355674116456	-0.11145071754256841	0.1066954001117108	-0.057284097040193535	0.08247538015597575	-0.07324727201418448	0.08779876290017626	-0.07043295464880214	0.007586189796658612	-0.04898027992015965	0.05781150300017667	-0.06328465497265665	0.09021466867439382	-0.007570115422874167	0.06268259498735006	-0.06459174734970187	0.060211756011342876	-0.057812616921587096
0.15509304448974015	-0.12643061083508098	0.07034455483399611	-0.058813503443116304	0.04591688832793635	-0.8810651397358019	0.19835439631955556	-0.0722132962055085	0.06340335102476624	-0.045755899130154196	0.9999999999999993	-0.34416657298224884	0.12136808335614482	-0.08614701674389633	0.09301754358681977	-0.11540414373957972	0.1746298989537441	-0.09295370117885561	0.07732231510475755	-0.06669036081620079	0.12561240111133729	-0.10314532955997967	0.08118495496722726	-0.06448191127966424	0.04760184228884023	-0.010943441424494823	0.05311135952360755	-0.05750573303553732	0.04901100648955091	-0.06355095311137325	0.010919360234999068	-0.06695824411268428	0.06470391988665986	-0.04571773816858579	0.044026280395295346
-0.29093108432123643	0.22691140679131722	-0.12824283807964043	0.10399261057414391	-0.08159032876823194	0.25019024722079225	-0.5094357389058052	0.1290826997631271	-0.11505749269523222	0.08098398394649804	-0.34416657298224884	0.9999999999999999	-0.284461810493312	0.16082499824998603	-0.16693678815133528	0.1916774528149541	-0.5102043580222967	0.18025393948356797	-0.14389495594649113	0.11779906484262037	-0.2381869594068899	0.19277411004832395	-0.15769031072525436	0.11405917429170075	-0.08432514749216524	0.019288954507791847	-0.09700433704102167	0.10335522809719143	-0.08706257713972959	0.11096951653288457	-0.019304473426432142	0.11803851124580944	-0.11618184093880077	0.08000920762708197	-0.07752920550131233
0.17907643471146775	-0.13345200196968537	0.12356461210673157	-0.1338049227821393	0.1141094227894488	-0.13089656820678527	0.18326851330592928	-0.13533438597082698	0.15394100807261785	-0.11870043224486959	0.12136808335614482	-0.284461810493312	0.9999999999999973	-0.49217807297007193	0.2744612881970142	-0.11914942433389675	0.22760430482655947	-0.5375922733888372	0.2930237078887546	-0.22666204058007625	0.15198322419382349	-0.29549575086727775	0.26153359706024343	-0.2126833812574012	0.15460364782360586	-0.020838269149445938	0.1484050369036427	-0.1697412436483872	0.15353875747309664	-0.20118645390047007	0.020720651310287466	-0.18714567003121815	0.17650750050955288	-0.1407450397128404	0.13390279724332455
-0.15475394728242522	0.11019545789271463	-0.1459406897128845	0.1712428442880479	-0.16338778706272652	0.0900733374895455	-0.14825341924419583	0.15635093426141713	-0.25954668687009386	0.1667014589662722	-0.08614701674389633	0.16082499824998603	-0.49217807297007193	0.9999999999999964	-0.522014759955524	0.08649453669628425	-0.16767220629302804	0.2596999420781511	-0.501742736206454	0.2328092940281503	-0.11765544877005972	0.18529254700659523	-0.1882107368185037	0.20237118216886785	-0.1621660631753625	0.015570205008161345	-0.10854073691940352	0.12886357363007497	-0.1472455773526335	0.18570122453900847	-0.01556510370151286	0.13264764189516548	-0.14467238170052524	0.12800198543887176	-0.12907103046066468
0.17488420446013228	-0.12479804505664037	0.16090113153053578	-0.2081767014311003	0.21980336608242285	-0.1009539231965859	0.15947412295004124	-0.17383761734491912	0.21353139977651425	-0.33046108642327915	0.09301754358681977	-0.16693678815133528	0.2744612881970142	-0.522014759955524	0.9999999999999956	-0.0940421961790378	0.17679373550501074	-0.23645783879933527	0.28543281746785515	-0.34246041792349824	0.12826646807401154	-0.21096549125438818	0.1834470612284413	-0.2520437510060069	0.20283226056248685	-0.01867778643302781	0.12704394979516556	-0.15258298354071614	0.17603082284097982	-0.26668243517835066	0.018601857179044563	-0.1644440184775583	0.16629788233954756	-0.1708727511091192	0.15990078911116895
-0.10794269930728266	0.08265775884489045	-0.05506871397757331	0.04986894019257481	-0.04221335767325874	0.11254728778729346	-0.12169310232986433	0.056523741740691504	-0.05472939111729225	0.04204493868384223	-0.11540414373957972	0.1916774528149541	-0.11914942433389675	0.08649453669628425	-0.0940421961790378	0.9999999999999961	-0.4676383134040073	0.11293732386322823	-0.0852158480428465	0.07291278816658064	-0.8170805783199193	0.15054532757325229	-0.10566901790948051	0.07240758476003682	-0.05252623366809617	0.02560265639595907	-0.06951767680782941	0.07084327500597419	-0.05577495336156442	0.07046576928620167	-0.02559515012935562	0.08450034831110376	-0.07786262648542161	0.051307386462704815	-0.04917710541933698
0.19423373125801263	-0.16063809359427808	0.10356106088988415	-0.09471289414720643	0.07946555592448133	-0.1913309007612156	0.22584325132533398	-0.10800794314061994	0.10332766601213723	-0.07952222005396409	0.1746298989537441	-0.5102043580222967	0.22760430482655947	-0.16767220629302804	0.17679373550501074	-0.4676383134040073	0.999999999999993	-0.24167575894164509	0.16388267623381544	-0.14090459552339096	0.294392380602297	-0.34523865005772275	0.20621512154567423	-0.1401097607128029	0.10092931249841991	-0.02595326259525672	0.13599539508674038	-0.13834081178310706	0.10726837499499906	-0.1357454832594918	0.025550159642351213	-0.16603102661672584	0.14780863788866827	-0.09864622686675856	0.09402157513803969
-0.1466772353386736	0.10199215068724428	-0.0944002814941321	0.09701223326428005	-0.09147814850517479	0.09568739949684923	-0.14529130776962368	0.09726046387989558	-0.11470433692274115	0.09126355674116456	-0.09295370117885561	0.18025393948356797	-0.5375922733888372	0.2596999420781511	-0.23645783879933527	0.11293732386322823	-0.24167575894164509	0.9999999999999959	-0.4126061464830737	0.19496042109664877	-0.14968473021534429	0.2815298723026903	-0.548052747664418	0.19081442234356913	-0.1416179949824282	0.018761427314783825	-0.14871522507201365	0.17047699472708566	-0.14502226035998278	0.1672142771325873	-0.018788755792656313	0.16464961712207532	-0.18322098893253363	0.1213636483680019	-0.12156705201586211
0.13507855772601107	-0.09400725959830702	0.10366957366598875	-0.11760180326312382	0.10772653693466665	-0.08191739850564131	0.12710562490547028	-0.11154876965556204	0.14009901227420704	-0.11145071754256841	0.07732231510475755	-0.14389495594649113	0.2930237078887546	-0.501742736206454	0.28543281746785515	-0.0852158480428465	0.16388267623381544	-0.4126061464830737	0.9999999999999934	-0.4474198449690276	0.1141790490348347	-0.21452409377083997	0.21922495247189897	-0.3745169439080126	0.24286852654856209	-0.016476378869335468	0.12665316873007032	-0.15861827076863272	0.21158318197423542	-0.2742800188481325	0.01644655907199253	-0.15211567616773133	0.16816601355287142	-0.17981913633358582	0.17316648429864884
-0.1254610710391178	0.08328915598566693	-0.09195190673686346	0.09820212984859525	-0.10764619691647856	0.06921128972147689	-0.11388733526423574	0.0916974383875722	-0.11675692072763202	0.1066954001117108	-0.06669036081620079	0.11779906484262037	-0.22666204058007625	0.2328092940281503	-0.34246041792349824	0.07291278816658064	-0.14090459552339096	0.19496042109664877	-0.4474198449690276	0.9999999999999943	-0.10250807203953315	0.15544974738218964	-0.16533982684322307	0.26081478528776414	-0.6543157428286629	0.0142948293901603	-0.10690476462092412	0.13529983422083108	-0.21229703852486476	0.29072830961068163	-0.014343279991473213	0.1247601995131555	-0.16110877635318344	0.16971582475035085	-0.20734729036952715
0.13606577102571504	-0.10689467606426599	0.07280767147148239	-0.06741764713598358	0.057316132195848225	-0.14221096829712926	0.14493608286582912	-0.07551877830186188	0.07340511083486462	-0.057284097040193535	0.12561240111133729	-0.2381869594068899	0.15198322419382349	-0.11765544877005972	0.12826646807401154	-0.8170805783199193	0.294392380602297	-0.14968473021534429	0.1141790490348347	-0.10250807203953315	0.9999999999999958	-0.2039733965235957	0.1335861127290925	-0.10149417238356086	0.07332652554643936	-0.03629592202390856	0.09339972928416951	-0.09730652695330796	0.07743705470318706	-0.09980913300089012	0.034684946793953494	-0.11948079547663892	0.10535065255844614	-0.07230716890465418	0.06860749845262104
-0.1614950279724991	0.10955173218421392	-0.09137689672826668	0.08845206881889552	-0.08413239051784424	0.10498345587206981	-0.1592566557216735	0.091674660914045	-0.10201367095536508	0.08247538015597575	-0.10314532955997967	0.19277411004832395	-0.29549575086727775	0.18529254700659523	-0.21096549125438818	0.15054532757325229	-0.34523865005772275	0.2815298723026903	-0.21452409377083997	0.15544974738218964	-0.2039733965235957	0.9999999999999953	-0.6289550613255919	0.17091525433697644	-0.12059609199961004	0.026469586599070387	-0.35405564803741446	0.24055919477127613	-0.14654210871864143	0.15353260534695432	-0.026664941153017645	0.25191168365749556	-0.2670637272387744	0.11962155989299836	-0.11962554487620403
0.12738273480813847	-0.08905670743934936	0.07804087467171854	-0.07884643259956323	0.07335293794845443	-0.08624689873922815	0.12412891383986749	-0.08030408076495299	0.0903919475027219	-0.07324727201418448	0.08118495496722726	-0.15769031072525436	0.26153359706024343	-0.1882107368185037	0.1834470612284413	-0.10566901790948051	0.20621512154567423	-0.548052747664418	0.21922495247189897	-0.16533982684322307	0.1335861127290925	-0.6289550613255919	0.9999999999999948	-0.1919552205268913	0.12308171124400143	-0.021065281413246484	0.213761358100194	-0.27433391165723137	0.14733156955759333	-0.159201962273711	0.020964466841303132	-0.23139784339899946	0.21866461350902744	-0.12154295085755104	0.11579772014982882
-0.11951296891097955	0.07880675645649331	-0.08217977941024115	0.08563602225032299	-0.08997984484915462	0.06682929953468617	-0.10873852383640827	0.08198003767250922	-0.10183624825074457	0.08779876290017626	-0.06448191127966424	0.11405917429170075	-0.2126833812574012	0.20237118216886785	-0.2520437510060069	0.07240758476003682	-0.1401097607128029	0.19081442234356913	-0.3745169439080126	0.26081478528776414	-0.10149417238356086	0.17091525433697644	-0.1919552205268913	0.9999999999999958	-0.3616682608223284	0.01577015107758294	-0.1421012795896325	0.19697434383528953	-0.6363165385576645	0.30074423679369755	-0.0158196889731961	0.15123359252673133	-0.22173956174008128	0.2568168390059369	-0.29250809058740634
0.08859372714089798	-0.05886543064665262	0.06297984880982523	-0.06713676470522094	0.07034276318287497	-0.04966478481974611	0.08044098702275682	-0.06349074433045383	0.07860566670456515	-0.07043295464880214	0.04760184228884023	-0.08432514749216524	0.15460364782360586	-0.1621660631753625	0.20283226056248685	-0.05252623366809617	0.10092931249841991	-0.1416179949824282	0.24286852654856209	-0.6543157428286629	0.07332652554643936	-0.12059609199961004	0.12308171124400143	-0.3616682608223284	0.999999999999996	-0.011036703580981416	0.0891805102486233	-0.12081870430686832	0.23199065028003585	-0.5527592333776228	0.011052831370415423	-0.10302125573833969	0.1339867227507882	-0.18693643462423318	0.20617686263813528
-0.01640263173716261	0.011222760710592583	-0.008825425605302676	0.008350222333760935	-0.007732601874547983	0.01173184539282138	-0.01570428942738499	0.008861564041828826	-0.00939265269475367	0.007586189796658612	-0.010943441424494823	0.019288954507791847	-0.020838269149445938	0.015570205008161345	-0.01867778643302781	0.02560265639595907	-0.02595326259525672	0.018761427314783825	-0.016476378869335468	0.0142948293901603	-0.03629592202390856	0.026469586599070387	-0.021065281413246484	0.01577015107758294	-0.011036703580981416	0.9999999999999964	-0.03207991531429106	0.024025484241874635	-0.013640987155851794	0.01495983849753197	-0.9967583770416926	0.04181697841002691	-0.03148311693537715	0.01179268007927163	-0.011456462885291056
0.08931712527835577	-0.05956230017293921	0.05225591373016262	-0.051533983631070035	0.049928692590486184	-0.05520918943980181	0.08408167401588647	-0.05240420389444281	0.05927757083599714	-0.04898027992015965	0.05311135952360755	-0.09700433704102167	0.1484050369036427	-0.10854073691940352	0.12704394979516556	-0.06951767680782941	0.13599539508674038	-0.14871522507201365	0.12665316873007032	-0.10690476462092412	0.09339972928416951	-0.35405564803741446	0.213761358100194	-0.1421012795896325	0.0891805102486233	-0.03207991531429106	0.9999999999999956	-0.5042155103847862	0.14045534168588747	-0.12371531191556627	0.03163547745542525	-0.7057592188621027	0.3120710135516861	-0.1061402306506772	0.09788538660253585
-0.0996920322007794	0.06597772075784118	-0.06002779830030204	0.059933766331220946	-0.058953466170473284	0.059786172811688756	-0.09258886159097869	0.060150308263276116	-0.06926601054478608	0.05781150300017667	-0.05750573303553732	0.10335522809719143	-0.1697412436483872	0.12886357363007497	-0.15258298354071614	0.07084327500597419	-0.13834081178310706	0.17047699472708566	-0.15861827076863272	0.13529983422083108	-0.09730652695330796	0.24055919477127613	-0.27433391165723137	0.19697434383528953	-0.12081870430686832	0.024025484241874635	-0.5042155103847862	0.9999999999999963	-0.27023250893664	0.16757122631011676	-0.024071008529319097	0.3143922206110572	-0.6745483356509827	0.15164208248348163	-0.14145141388925198
0.0896607908187306	-0.05930967040455294	0.06023653273326266	-0.06269917161605819	0.06432052330946528	-0.05110647597925778	0.08170336604281853	-0.060525594317701055	0.07339346537690858	-0.06328465497265665	0.04901100648955091	-0.08706257713972959	0.15353875747309664	-0.1472455773526335	0.17603082284097982	-0.05577495336156442	0.10726837499499906	-0.14502226035998278	0.21158318197423542	-0.21229703852486476	0.07743705470318706	-0.14654210871864143	0.14733156955759333	-0.6363165385576645	0.23199065028003585	-0.013640987155851794	0.14045534168588747	-0.27023250893664	0.9999999999999976	-0.41011416833417397	0.013636436404573116	-0.14781063535789976	0.2059332037260196	-0.46159086686657913	0.2861402849783052
-0.12081620336706056	0.0787962238365848	-0.08290030387031685	0.08581546655772185	-0.09316680175064515	0.06570524905856177	-0.10853582555668459	0.08168695765988886	-0.10139364283603647	0.09021466867439382	-0.06355095311137325	0.11096951653288457	-0.20118645390047007	0.18570122453900847	-0.26668243517835066	0.07046576928620167	-0.1357454832594918	0.1672142771325873	-0.2742800188481325	0.29072830961068163	-0.09980913300089012	0.15353260534695432	-0.159201962273711	0.30074423679369755	-0.5527592333776228	0.01495983849753197	-0.12371531191556627	0.16757122631011676	-0.41011416833417397	0.9999999999999968	-0.015019024741925971	0.13769653181040378	-0.19822724397376032	0.2738119986429849	-0.44161782014475764
0.016309289850563735	-0.011200142216296326	0.008804224776048176	-0.008340863555494122	0.007710195589965194	-0.011766585361540564	0.015615574109560468	-0.008853186985424338	0.009371963516179627	-0.007570115422874167	0.010919360234999068	-0.019304473426432142	0.020720651310287466	-0.01556510370151286	0.018601857179044563	-0.02559515012935562	0.025550159642351213	-0.018788755792656313	0.01644655907199253	-0.014343279991473213	0.034684946793953494	-0.026664941153017645	0.020964466841303132	-0.0158196889731961	0.011052831370415423	-0.9967583770416926	0.03163547745542525	-0.024071008529319097	0.013636436404573116	-0.015019024741925971	0.9999999999999969	-0.0437541813270379	0.030915315014182772	-0.011819832718635995	0.011444241027646122
-0.1176128470642025	0.07637583759811602	-0.06716318283594418	0.06549829514345092	-0.06441537983352745	0.0686590742277431	-0.1085860129081569	0.06657482161910849	-0.07560063813383719	0.06268259498735006	-0.06695824411268428	0.11803851124580944	-0.18714567003121815	0.13264764189516548	-0.1644440184775583	0.08450034831110376	-0.16603102661672584	0.16464961712207532	-0.15211567616773133	0.1247601995131555	-0.11948079547663892	0.25191168365749556	-0.23139784339899946	0.15123359252673133	-0.10302125573833969	0.04181697841002691	-0.7057592188621027	0.3143922206110572	-0.14781063535789976	0.13769653181040378	-0.0437541813270379	0.9999999999999973	-0.5093998869668592	0.11608966997460993	-0.11515816401924292
0.11239046816320472	-0.07469572201103969	0.0675163805072844	-0.06771711396427287	0.06538671759917505	-0.06837615808625412	0.10347584072425184	-0.06815209454674424	0.07738026660160433	-0.06459174734970187	0.06470391988665986	-0.11618184093880077	0.17650750050955288	-0.14467238170052524	0.16629788233954756	-0.07786262648542161	0.14780863788866827	-0.18322098893253363	0.16816601355287142	-0.16110877635318344	0.10535065255844614	-0.2670637272387744	0.21866461350902744	-0.22173956174008128	0.1339867227507882	-0.03148311693537715	0.3120710135516861	-0.6745483356509827	0.2059332037260196	-0.19822724397376032	0.030915315014182772	-0.5093998869668592	0.9999999999999978	-0.17272149250674432	0.14801622152654093
-0.08588797092091971	0.056011983101866114	-0.057114155691093196	0.058771379918545696	-0.06195260231708692	0.047403927631169004	-0.07731150433361908	0.056618192648487047	-0.06899001656417433	0.060211756011342876	-0.04571773816858579	0.08000920762708197	-0.1407450397128404	0.12800198543887176	-0.1708727511091192	0.051307386462704815	-0.09864622686675856	0.1213636483680019	-0.17981913633358582	0.16971582475035085	-0.07230716890465418	0.11962155989299836	-0.12154295085755104	0.2568168390059369	-0.18693643462423318	0.01179268007927163	-0.1061402306506772	0.15164208248348163	-0.46159086686657913	0.2738119986429849	-0.011819832718635995	0.11608966997460993	-0.17272149250674432	0.9999999999999978	-0.7667345687296994
0.08177428758858035	-0.053817876117566936	0.054834318429938134	-0.05710866624533799	0.05866228646464834	-0.046027834698180746	0.07383323063090348	-0.05505403452007372	0.06640548548606409	-0.057812616921587096	0.044026280395295346	-0.07752920550131233	0.13390279724332455	-0.12907103046066468	0.15990078911116895	-0.04917710541933698	0.09402157513803969	-0.12156705201586211	0.17316648429864884	-0.20734729036952715	0.06860749845262104	-0.11962554487620403	0.11579772014982882	-0.29250809058740634	0.20617686263813528	-0.011456462885291056	0.09788538660253585	-0.14145141388925198	0.2861402849783052	-0.44161782014475764	0.011444241027646122	-0.11515816401924292	0.14801622152654093	-0.7667345687296994	0.9999999999999978
