1.0	-0.3383891941819865	0.1292186489654927	-0.11802698708708055	0.05706905522094466	-0.8254911277823306	0.2625994732043912	-0.18678512255742794	0.1306356360724859	-0.06290915822191512	0.25543777084926816	-0.2856937823443526	0.14668142269116222	-0.13092882141615092	0.12283075591861203	-0.03299674363355136	0.031743987369285964	-0.06594380953392535	0.0397615490535286	-0.03812142706777548	0.016457995094939108	-0.017604489596913197	0.06737825773802908	-0.03531525546028402	0.028055469065145514	-0.012219561251119745	0.013722723301784983	-0.025361476144751587	0.02498782059037715	-0.019546678377658534	0.010760080131349464	-0.010473710091162831	0.027268724434480206	-0.02231038762317747	0.025020230706011032
-0.3383891941819865	0.9999999999999998	-0.32212190114547196	0.20359675863456728	-0.0973105301512584	0.24953047279295465	-0.6787245682594999	0.27527826499296665	-0.24515508323144827	0.09986384765249479	-0.3302803031948606	0.26656465298614185	-0.25026166978325315	0.19398379178347247	-0.18560215908580074	0.041843092820864736	-0.04180586364154859	0.10155141775496122	-0.058763156356651546	0.05543401753871595	-0.024372379991728862	0.02579747664646334	-0.11199175210576393	0.050231959337616455	-0.04071809116653694	0.01789443605997142	-0.020356879872804275	0.038816893948358494	-0.03660449320410357	0.028182619125675927	-0.015861120246963255	0.01540253520800336	-0.04256522919015629	0.032167046389438646	-0.03632241116024769
0.1292186489654927	-0.32212190114547196	0.9999999999999996	-0.7667397001452946	0.1747380136689628	-0.10888089350668782	0.1984657578630091	-0.31946488051117683	0.2667425672834813	-0.19810181888848802	0.15184315889909353	-0.15417780052480698	0.201512649076967	-0.23481645684170802	0.1624654765295577	-0.02823855996766271	0.027833696492403866	-0.08217027238141499	0.05326432973673191	-0.05200832756820585	0.017791700033258667	-0.019018271106624973	0.08471149417760886	-0.0422891076816277	0.03359579516294208	-0.013382856892949761	0.015199269536482984	-0.030128813941863553	0.029722337821012	-0.023312204401152357	0.01181854944008455	-0.011585808761069856	0.03251999444053394	-0.026338357587561676	0.02953856633074904
-0.11802698708708055	0.20359675863456728	-0.7667397001452946	0.9999999999999997	-0.2636817997097022	0.09413796967403221	-0.16636057472065807	0.2200973607922997	-0.4061460906081095	0.2022785768747636	-0.14154272572057905	0.13193948763138091	-0.1925335801373561	0.2170401278859064	-0.16348077147435572	0.02589941908188284	-0.02571502968475564	0.07608023104823557	-0.05084675860483934	0.048976640121525646	-0.016770102989416724	0.017852843615566875	-0.0817736077853751	0.039077679293837535	-0.03135048779340314	0.01253460249970546	-0.014287756381006086	0.028399626286098958	-0.027754752382049483	0.02167902249819268	-0.011092929258490772	0.010856151584287155	-0.030904589412249304	0.024455084771725158	-0.027530767179151414
0.05706905522094466	-0.0973105301512584	0.1747380136689628	-0.2636817997097022	0.9999999999999993	-0.04633510618088435	0.07467344136313706	-0.10029474510566742	0.14852462723492313	-0.9233365607197922	0.07054265737664735	-0.06854339515768774	0.08810138005966536	-0.11408373764579945	0.1358782823655409	-0.01393809586800144	0.013706040898755725	-0.039212793667604676	0.03455089340137588	-0.03488091607155264	0.009133044475838438	-0.00975861447095082	0.04124697024340602	-0.025529513319479204	0.020445950034587445	-0.007069364262284457	0.008006754631385917	-0.016038725526915022	0.01752055530753865	-0.014111465505015495	0.006263454047208676	-0.00616261986969812	0.017300930523199823	-0.01564065427601946	0.017720622616409755
-0.8254911277823306	0.24953047279295465	-0.10888089350668782	0.09413796967403221	-0.04633510618088435	0.9999999999999988	-0.34229455727568237	0.1603967165180634	-0.11307295252321915	0.05016714254009163	-0.34769866810418765	0.24137212770185804	-0.13278958988251285	0.10764107494504631	-0.10080745094602131	0.02901069691330442	-0.02822767818049725	0.056584375171779444	-0.0326181093423623	0.031089043609255615	-0.014115143629058321	0.01503435258588766	-0.05910671459925974	0.028753034712185457	-0.022963900034802472	0.010307990920636135	-0.011618086486533745	0.02139221245448796	-0.020576407611679372	0.015974769700701164	-0.009081527010786187	0.008814295027513526	-0.023140693660497702	0.018266209477000778	-0.020501793032302214
0.2625994732043912	-0.6787245682594999	0.1984657578630091	-0.16636057472065807	0.07467344136313706	-0.34229455727568237	0.9999999999999987	-0.4098119386688177	0.18974969885564558	-0.08092528767270989	0.2699901230702987	-0.36464111240477554	0.23090886746658418	-0.1769824197799225	0.1425656473174214	-0.03688147096000815	0.036430269254985596	-0.09079899908439185	0.0475937915747127	-0.045489669561059806	0.020183128669614383	-0.021525260898390068	0.09372540210077727	-0.04138992068797168	0.03296827417849756	-0.014753374943911962	0.016742460573972814	-0.03204422662429587	0.029800960052250847	-0.022932136762936307	0.013003179638859191	-0.012664431997436137	0.03471307103792884	-0.026285625105474084	0.029402835674420216
-0.18678512255742794	0.27527826499296665	-0.31946488051117683	0.2200973607922997	-0.10029474510566742	0.1603967165180634	-0.4098119386688177	0.9999999999999982	-0.36780208759941635	0.1050798913105452	-0.23164572212421455	0.23245435201572393	-0.6282807289358688	0.2805373086455736	-0.18749247573154987	0.044866569274129214	-0.045245472865491715	0.1564049491809843	-0.06633845507876399	0.06285769367018501	-0.029497662382295013	0.031381014586378174	-0.17028533356788475	0.057210949075967216	-0.0455039729519434	0.02110640381325333	-0.02433802055232267	0.04937783207997061	-0.042213808627444574	0.03163099065383822	-0.01859554557643308	0.018173211749203166	-0.05404781660172875	0.03659820875401937	-0.04066884879715765
0.1306356360724859	-0.24515508323144827	0.2667425672834813	-0.4061460906081095	0.14852462723492313	-0.11307295252321915	0.18974969885564558	-0.36780208759941635	0.9999999999999989	-0.1744233327242339	0.1665694625035653	-0.18153824655394626	0.2796915095980968	-0.6595373720391208	0.2300379160356107	-0.035845179836974016	0.03519861774173632	-0.11205378322341028	0.08382079490241313	-0.0830723810753524	0.023015720810599917	-0.024694266794951056	0.11166094740835392	-0.05907143480544774	0.046664249261534965	-0.017433378416094315	0.01980709458806944	-0.04002033866218235	0.040688328402781505	-0.03232521333987156	0.015367317085366754	-0.015126782572400917	0.04292123665990148	-0.03606881659342451	0.04036958506303387
-0.06290915822191512	0.09986384765249479	-0.19810181888848802	0.2022785768747636	-0.9233365607197922	0.05016714254009163	-0.08092528767270989	0.1050798913105452	-0.1744233327242339	0.999999999999999	-0.07771610215959741	0.0729755099093378	-0.09729313002247486	0.12005271386459217	-0.16879744539390526	0.015044277374327206	-0.014848090241157111	0.042562350527450325	-0.03798278468803261	0.037900650532402144	-0.00992126703675405	0.010580011844067174	-0.04544832091338518	0.027105541276472547	-0.02185647909010006	0.007631386160387988	-0.00866052643445688	0.017341033833402544	-0.018735331623925433	0.015040628417221457	-0.006766174729564617	0.0066485698739589955	-0.01878253166963574	0.0166470940256297	-0.018897201560856704
0.25543777084926816	-0.3302803031948606	0.15184315889909353	-0.14154272572057905	0.07054265737664735	-0.34769866810418765	0.2699901230702987	-0.23164572212421455	0.1665694625035653	-0.07771610215959741	1.0000000000000016	-0.7653594235376765	0.20962385834607486	-0.17840957883576553	0.1623160966197145	-0.06566539688431686	0.06112476790726018	-0.09427221524920575	0.05339833538991617	-0.05123315569863401	0.025333939142352095	-0.0270607083564069	0.09442236717312746	-0.04805111804358117	0.03802408314500738	-0.018069645006361195	0.020204726257626846	-0.03524026361085394	0.034076698978914625	-0.026545766033661405	0.015819783094484417	-0.015285421338229174	0.037790579074760425	-0.03044330221152415	0.03400256366433044
-0.2856937823443526	0.26656465298614185	-0.15417780052480698	0.13193948763138091	-0.06854339515768774	0.24137212770185804	-0.36464111240477554	0.23245435201572393	-0.18153824655394626	0.0729755099093378	-0.7653594235376765	1.0000000000000024	-0.29328452984114983	0.17727884983695402	-0.1653877611694824	0.061313122730900116	-0.06292171388541566	0.1040927471027502	-0.053842026533563146	0.050802904384430116	-0.02647928991517704	0.028072389863315783	-0.11058911585827402	0.04730405618052794	-0.03798156117524849	0.018547110430751676	-0.020969178944870357	0.037407197567182256	-0.03444979382068362	0.02639057629438046	-0.016301878854854117	0.01570609989467462	-0.04072702143371953	0.030327857606857016	-0.03400938543141241
0.14668142269116222	-0.25026166978325315	0.201512649076967	-0.1925335801373561	0.08810138005966536	-0.13278958988251285	0.23090886746658418	-0.6282807289358688	0.2796915095980968	-0.09729313002247486	0.20962385834607486	-0.29328452984114983	1.0000000000000027	-0.48390539924776516	0.18900009213721927	-0.0527824323196263	0.052404404035341634	-0.26387441427297	0.07444295318194756	-0.07211424513511847	0.032879851513202295	-0.03558183209168454	0.19575527618265257	-0.06420289948818317	0.04955303394122718	-0.023499224034548117	0.02702511065701586	-0.05622867145860215	0.04636908176238773	-0.03467245804342674	0.020507753368065387	-0.020179820276408814	0.05957957067207108	-0.04033614293358356	0.04413888237630237
-0.13092882141615092	0.19398379178347247	-0.23481645684170802	0.2170401278859064	-0.11408373764579945	0.10764107494504631	-0.1769824197799225	0.2805373086455736	-0.6595373720391208	0.12005271386459217	-0.17840957883576553	0.17727884983695402	-0.48390539924776516	1.0000000000000033	-0.33468066808010744	0.03934785306583685	-0.03940191465441953	0.1363930945122391	-0.11033410412779922	0.09993844643769063	-0.02658491264393562	0.028356821730492032	-0.1457214809773287	0.06454129929040173	-0.05177893989399817	0.019595411414721722	-0.022508168777596906	0.04635821656303151	-0.045251017824422396	0.03552779881717132	-0.017284661035458004	0.01698468281537901	-0.0504074405495705	0.039420315038683956	-0.044255373831400754
0.12283075591861203	-0.18560215908580074	0.1624654765295577	-0.16348077147435572	0.1358782823655409	-0.10080745094602131	0.1425656473174214	-0.18749247573154987	0.2300379160356107	-0.16879744539390526	0.1623160966197145	-0.1653877611694824	0.18900009213721927	-0.33468066808010744	1.0000000000000053	-0.03796935682115388	0.03680629614968348	-0.10227096110940835	0.16557851054099695	-0.20100702399697423	0.026119024036259385	-0.028112075230588875	0.104164812374573	-0.10795220429359695	0.08644603171226893	-0.02169510361118611	0.02438502725574727	-0.05087103931010548	0.06961522201419028	-0.059334842560496474	0.019266829587462564	-0.019216857518066177	0.05405288804185243	-0.06324439398538875	0.07220322659736461
-0.03299674363355136	0.041843092820864736	-0.02823855996766271	0.02589941908188284	-0.01393809586800144	0.02901069691330442	-0.03688147096000815	0.044866569274129214	-0.035845179836974016	0.015044277374327206	-0.06566539688431686	0.061313122730900116	-0.0527824323196263	0.03934785306583685	-0.03796935682115388	1.0000000000000042	-0.9683582748399983	0.10692285468732893	-0.020207169596936254	0.01902120606416236	-0.12080182226109333	0.11750176503587194	-0.11241072230055843	0.02967931543718562	-0.023033774471692973	0.05616218766537488	-0.06182333813551763	0.0385922784447242	-0.024430732727135453	0.016754750807621073	-0.04699071592172826	0.04056060971883607	-0.04186158982645377	0.021276621547303854	-0.02232212165832519
0.031743987369285964	-0.04180586364154859	0.027833696492403866	-0.02571502968475564	0.013706040898755725	-0.02822767818049725	0.036430269254985596	-0.045245472865491715	0.03519861774173632	-0.014848090241157111	0.06112476790726018	-0.06292171388541566	0.052404404035341634	-0.03940191465441953	0.03680629614968348	-0.9683582748399983	1.0000000000000047	-0.12038476041202413	0.019688805016622454	-0.01866592277463663	0.10779054010132778	-0.13107334073780047	0.10458922832896843	-0.028390176407473943	0.021675618383342542	-0.0537338580093794	0.05765535703748937	-0.036527384916562634	0.022964082275350066	-0.015816546156121436	0.043214057800441685	-0.03876779239882336	0.038656136370574176	-0.020082073901734776	0.020917812961403007
-0.06594380953392535	0.10155141775496122	-0.08217027238141499	0.07608023104823557	-0.039212793667604676	0.056584375171779444	-0.09079899908439185	0.1564049491809843	-0.11205378322341028	0.042562350527450325	-0.09427221524920575	0.1040927471027502	-0.26387441427297	0.1363930945122391	-0.10227096110940835	0.10692285468732893	-0.12038476041202413	1.0000000000000044	-0.07638068762387666	0.06869551807672768	-0.0776895138257005	0.08370367937078627	-0.8889474525991065	0.10005338498067105	-0.07527197440506526	0.04936738383678058	-0.05928131459485809	0.13474750104837252	-0.08147310509984866	0.05315302415035664	-0.04261138929319004	0.04193664628914621	-0.14645034158572184	0.06635194158967408	-0.07002448668432482
0.0397615490535286	-0.058763156356651546	0.05326432973673191	-0.05084675860483934	0.03455089340137588	-0.0326181093423623	0.0475937915747127	-0.06633845507876399	0.08382079490241313	-0.03798278468803261	0.05339833538991617	-0.053842026533563146	0.07444295318194756	-0.11033410412779922	0.16557851054099695	-0.020207169596936254	0.019688805016622454	-0.07638068762387666	1.0000000000000036	-0.9369192168199337	0.015790488761585574	-0.01718660150354816	0.07306727114181075	-0.17004589676766352	0.12866175654904405	-0.013894238544596019	0.01608268153235329	-0.0425551951377185	0.08850333823834894	-0.08387051053598994	0.012172064974229735	-0.012662856203386745	0.04461462695489104	-0.07275366571847214	0.08283043273971291
-0.03812142706777548	0.05543401753871595	-0.05200832756820585	0.048976640121525646	-0.03488091607155264	0.031089043609255615	-0.045489669561059806	0.06285769367018501	-0.0830723810753524	0.037900650532402144	-0.05123315569863401	0.050802904384430116	-0.07211424513511847	0.09993844643769063	-0.20100702399697423	0.01902120606416236	-0.01866592277463663	0.06869551807672768	-0.9369192168199337	1.0000000000000033	-0.015249708976027794	0.016518029427064172	-0.07080114793076467	0.1425424928614709	-0.147122635547305	0.013423690593834605	-0.015596454410528354	0.04130928971816867	-0.08856196205746701	0.08440709857652764	-0.011804155417595857	0.012266220679465957	-0.04405955878672949	0.07067808253949358	-0.08598216062933906
0.016457995094939108	-0.024372379991728862	0.017791700033258667	-0.016770102989416724	0.009133044475838438	-0.014115143629058321	0.020183128669614383	-0.029497662382295013	0.023015720810599917	-0.00992126703675405	0.025333939142352095	-0.02647928991517704	0.032879851513202295	-0.02658491264393562	0.026119024036259385	-0.12080182226109333	0.10779054010132778	-0.0776895138257005	0.015790488761585574	-0.015249708976027794	1.0000000000000029	-0.854810270630254	0.08087207068936296	-0.030938859393831855	0.023070569249432432	-0.3816456958615096	0.24674919744004326	-0.0629100809011484	0.02844838072948088	-0.01843995812041503	0.18490410309448596	-0.1783826327774995	0.062835080199243	-0.02617533553443161	0.024537683578222603
-0.017604489596913197	0.02579747664646334	-0.019018271106624973	0.017852843615566875	-0.00975861447095082	0.01503435258588766	-0.021525260898390068	0.031381014586378174	-0.024694266794951056	0.010580011844067174	-0.0270607083564069	0.028072389863315783	-0.03558183209168454	0.028356821730492032	-0.028112075230588875	0.11750176503587194	-0.13107334073780047	0.08370367937078627	-0.01718660150354816	0.016518029427064172	-0.854810270630254	1.000000000000004	-0.09899245554863358	0.03409574871161838	-0.02580996648880959	0.261300578389256	-0.3450482569144577	0.07171644466633438	-0.03219759734105732	0.020607627342871537	-0.20958800407624822	0.17520277158803066	-0.07429461714928694	0.029367050869683508	-0.027670126483340825
0.06737825773802908	-0.11199175210576393	0.08471149417760886	-0.0817736077853751	0.04124697024340602	-0.05910671459925974	0.09372540210077727	-0.17028533356788475	0.11166094740835392	-0.04544832091338518	0.09442236717312746	-0.11058911585827402	0.19575527618265257	-0.1457214809773287	0.104164812374573	-0.11241072230055843	0.10458922832896843	-0.8889474525991065	0.07306727114181075	-0.07080114793076467	0.08087207068936296	-0.09899245554863358	1.0000000000000036	-0.11961095995169564	0.07828678443871073	-0.05380076564352221	0.06326774190927924	-0.1752398289281454	0.08640311438138208	-0.05651656835981087	0.04481504438840399	-0.045464074847941696	0.1450537342343275	-0.07147332048559082	0.07233165581781138
-0.03531525546028402	0.050231959337616455	-0.0422891076816277	0.039077679293837535	-0.025529513319479204	0.028753034712185457	-0.04138992068797168	0.057210949075967216	-0.05907143480544774	0.027105541276472547	-0.04805111804358117	0.04730405618052794	-0.06420289948818317	0.06454129929040173	-0.10795220429359695	0.02967931543718562	-0.028390176407473943	0.10005338498067105	-0.17004589676766352	0.1425424928614709	-0.030938859393831855	0.03409574871161838	-0.11961095995169564	1.0000000000000044	-0.5790165257700793	0.03375806692975102	-0.04062781910467371	0.1394153004991625	-0.5727548994450389	0.3087831046213645	-0.029707747699126957	0.03279543981975723	-0.15213864367457808	0.28856214217577075	-0.3906443324222896
0.028055469065145514	-0.04071809116653694	0.03359579516294208	-0.03135048779340314	0.020445950034587445	-0.022963900034802472	0.03296827417849756	-0.0455039729519434	0.046664249261534965	-0.02185647909010006	0.03802408314500738	-0.03798156117524849	0.04955303394122718	-0.05177893989399817	0.08644603171226893	-0.023033774471692973	0.021675618383342542	-0.07527197440506526	0.12866175654904405	-0.147122635547305	0.023070569249432432	-0.02580996648880959	0.07828678443871073	-0.5790165257700793	1.0000000000000042	-0.02602275279734286	0.030521291245191193	-0.10625897838224349	0.2864363451780333	-0.6650146602626401	0.022339342737054582	-0.02508081373722136	0.10474785727243699	-0.2929059203754048	0.2893953997889457
-0.012219561251119745	0.01789443605997142	-0.013382856892949761	0.01253460249970546	-0.007069364262284457	0.010307990920636135	-0.014753374943911962	0.02110640381325333	-0.017433378416094315	0.007631386160387988	-0.018069645006361195	0.018547110430751676	-0.023499224034548117	0.019595411414721722	-0.02169510361118611	0.05616218766537488	-0.0537338580093794	0.04936738383678058	-0.013894238544596019	0.013423690593834605	-0.3816456958615096	0.261300578389256	-0.05380076564352221	0.03375806692975102	-0.02602275279734286	1.0000000000000049	-0.6197116615835375	0.09305168107396224	-0.035892598286567184	0.02202446539556783	-0.5699575272385685	0.3151744431985569	-0.09820238093114504	0.033547175256874485	-0.029992065396953784
0.013722723301784983	-0.020356879872804275	0.015199269536482984	-0.014287756381006086	0.008006754631385917	-0.011618086486533745	0.016742460573972814	-0.02433802055232267	0.01980709458806944	-0.00866052643445688	0.020204726257626846	-0.020969178944870357	0.02702511065701586	-0.022508168777596906	0.02438502725574727	-0.06182333813551763	0.05765535703748937	-0.05928131459485809	0.01608268153235329	-0.015596454410528354	0.24674919744004326	-0.3450482569144577	0.06326774190927924	-0.04062781910467371	0.030521291245191193	-0.6197116615835375	1.0000000000000049	-0.14058386684283153	0.043850380870411126	-0.026416402381666933	0.32223830914676216	-0.580861214063347	0.12191187467964884	-0.04105205439442878	0.03536228443521181
-0.025361476144751587	0.038816893948358494	-0.030128813941863553	0.028399626286098958	-0.016038725526915022	0.02139221245448796	-0.03204422662429587	0.04937783207997061	-0.04002033866218235	0.017341033833402544	-0.03524026361085394	0.037407197567182256	-0.05622867145860215	0.04635821656303151	-0.05087103931010548	0.0385922784447242	-0.036527384916562634	0.13474750104837252	-0.0425551951377185	0.04130928971816867	-0.0629100809011484	0.07171644466633438	-0.1752398289281454	0.1394153004991625	-0.10625897838224349	0.09305168107396224	-0.14058386684283153	1.0000000000000044	-0.21242767085305864	0.09977412789122803	-0.07856698842700303	0.09818836341567089	-0.9087751959709969	0.17040173098807193	-0.1358006983079555
0.02498782059037715	-0.03660449320410357	0.029722337821012	-0.027754752382049483	0.01752055530753865	-0.020576407611679372	0.029800960052250847	-0.042213808627444574	0.040688328402781505	-0.018735331623925433	0.034076698978914625	-0.03444979382068362	0.04636908176238773	-0.045251017824422396	0.06961522201419028	-0.024430732727135453	0.022964082275350066	-0.08147310509984866	0.08850333823834894	-0.08856196205746701	0.02844838072948088	-0.03219759734105732	0.08640311438138208	-0.5727548994450389	0.2864363451780333	-0.035892598286567184	0.043850380870411126	-0.21242767085305864	1.0000000000000044	-0.38836003516740564	0.030268655684134622	-0.03566093052861717	0.1791087584486018	-0.5945132656326902	0.314771124721811
-0.019546678377658534	0.028182619125675927	-0.023312204401152357	0.02167902249819268	-0.014111465505015495	0.015974769700701164	-0.022932136762936307	0.03163099065383822	-0.03232521333987156	0.015040628417221457	-0.026545766033661405	0.02639057629438046	-0.03467245804342674	0.03552779881717132	-0.059334842560496474	0.016754750807621073	-0.015816546156121436	0.05315302415035664	-0.08387051053598994	0.08440709857652764	-0.01843995812041503	0.020607627342871537	-0.05651656835981087	0.3087831046213645	-0.6650146602626401	0.02202446539556783	-0.026416402381666933	0.09977412789122803	-0.38836003516740564	1.000000000000004	-0.01901820397547474	0.02167244786262816	-0.1033772661393912	0.28278692719631415	-0.542922842479135
0.010760080131349464	-0.015861120246963255	0.01181854944008455	-0.011092929258490772	0.006263454047208676	-0.009081527010786187	0.013003179638859191	-0.01859554557643308	0.015367317085366754	-0.006766174729564617	0.015819783094484417	-0.016301878854854117	0.020507753368065387	-0.017284661035458004	0.019266829587462564	-0.04699071592172826	0.043214057800441685	-0.04261138929319004	0.012172064974229735	-0.011804155417595857	0.18490410309448596	-0.20958800407624822	0.04481504438840399	-0.029707747699126957	0.022339342737054582	-0.5699575272385685	0.32223830914676216	-0.07856698842700303	0.030268655684134622	-0.01901820397547474	1.0000000000000044	-0.7218503387758772	0.07899472583379274	-0.029097250841541106	0.025468795793602752
-0.010473710091162831	0.01540253520800336	-0.011585808761069856	0.010856151584287155	-0.00616261986969812	0.008814295027513526	-0.012664431997436137	0.018173211749203166	-0.015126782572400917	0.0066485698739589955	-0.015285421338229174	0.01570609989467462	-0.020179820276408814	0.01698468281537901	-0.019216857518066177	0.04056060971883607	-0.03876779239882336	0.04193664628914621	-0.012662856203386745	0.012266220679465957	-0.1783826327774995	0.17520277158803066	-0.045464074847941696	0.03279543981975723	-0.02508081373722136	0.3151744431985569	-0.580861214063347	0.09818836341567089	-0.03566093052861717	0.02167244786262816	-0.7218503387758772	1.0000000000000038	-0.10821535280903218	0.03402399169785268	-0.029454346523705682
0.027268724434480206	-0.04256522919015629	0.03251999444053394	-0.030904589412249304	0.017300930523199823	-0.023140693660497702	0.03471307103792884	-0.05404781660172875	0.04292123665990148	-0.01878253166963574	0.037790579074760425	-0.04072702143371953	0.05957957067207108	-0.0504074405495705	0.05405288804185243	-0.04186158982645377	0.038656136370574176	-0.14645034158572184	0.04461462695489104	-0.04405955878672949	0.062835080199243	-0.07429461714928694	0.1450537342343275	-0.15213864367457808	0.10474785727243699	-0.09820238093114504	0.12191187467964884	-0.9087751959709969	0.1791087584486018	-0.1033772661393912	0.07899472583379274	-0.10821535280903218	1.000000000000004	-0.2124392341615136	0.13369901519308428
-0.02231038762317747	0.032167046389438646	-0.026338357587561676	0.024455084771725158	-0.01564065427601946	0.018266209477000778	-0.026285625105474084	0.03659820875401937	-0.03606881659342451	0.0166470940256297	-0.03044330221152415	0.030327857606857016	-0.04033614293358356	0.039420315038683956	-0.06324439398538875	0.021276621547303854	-0.020082073901734776	0.06635194158967408	-0.07275366571847214	0.07067808253949358	-0.02617533553443161	0.029367050869683508	-0.07147332048559082	0.28856214217577075	-0.2929059203754048	0.033547175256874485	-0.04105205439442878	0.17040173098807193	-0.5945132656326902	0.28278692719631415	-0.029097250841541106	0.03402399169785268	-0.2124392341615136	1.0000000000000044	-0.6456750564587179
0.025020230706011032	-0.03632241116024769	0.02953856633074904	-0.027530767179151414	0.017720622616409755	-0.020501793032302214	0.029402835674420216	-0.04066884879715765	0.04036958506303387	-0.018897201560856704	0.03400256366433044	-0.03400938543141241	0.04413888237630237	-0.044255373831400754	0.07220322659736461	-0.02232212165832519	0.020917812961403007	-0.07002448668432482	0.08283043273971291	-0.08598216062933906	0.024537683578222603	-0.027670126483340825	0.07233165581781138	-0.3906443324222896	0.2893953997889457	-0.029992065396953784	0.03536228443521181	-0.1358006983079555	0.314771124721811	-0.542922842479135	0.025468795793602752	-0.029454346523705682	0.13369901519308428	-0.6456750564587179	1.0000000000000044
