1.0	-0.7214792571421024	0.20929899551158473	-0.22590929845247104	0.08037116836929359	-0.4992254120652375	0.3082196995358375	-0.1734034496993864	0.16075984625961198	-0.09632518907653538	0.22985793903186952	-0.1640702416849186	0.1418734512503929	-0.07442451157646929	0.07692310168847026	-0.04971195014841467	0.044638382309977825	-0.12407356220822963	0.07061522979783762	-0.09823201074815771	0.020810995600569693	-0.1683473621555736	0.09138000691489175	-0.04012523550263781	0.03702754400699345	-0.020415568079776354	0.02411311239670679	-0.011997266232095493	0.010195169513062615	-0.014785718427885328	0.058812636804770405	-0.024766226235215537	0.011806776957706978	-0.010682799558483589	0.016241954026358432
-0.7214792571421024	1.0000000000000002	-0.3209761533429684	0.2177774530727682	-0.08133809500667721	0.29625757211159	-0.46797385151858456	0.19215557065327815	-0.18671279433104845	0.09230764809339695	-0.22400586970908246	0.15886464794171168	-0.15082127715888727	0.07438106173401045	-0.07887864860870133	0.04137646284504531	-0.03786882747407986	0.10435101764118661	-0.06138947710481522	0.08294309889237383	-0.01689578869223738	0.13491397408550898	-0.07752077646920516	0.033961301509850765	-0.03159663065730789	0.016546013030966054	-0.019553194216319465	0.009908642212843115	-0.008505898273182433	0.01247524728827268	-0.04797805049656444	0.02003009201520113	-0.009757109506894793	0.008881480924409704	-0.013741827225240005
0.20929899551158473	-0.3209761533429684	1.0000000000000004	-0.7352374205429782	0.17301745401938767	-0.1693116503536248	0.2086942011978545	-0.4137020059411862	0.2690017710977283	-0.20218382057885734	0.17115478630017006	-0.14992732791436744	0.1491178267677522	-0.1051703281162028	0.10819745741509858	-0.03839672424450332	0.03557352187324439	-0.10444009369182795	0.06555725860928809	-0.0869384175847265	0.016102014220959675	-0.12866701882863318	0.07702948215452082	-0.034774199493259536	0.03254114928232006	-0.015753844528645124	0.018757108035517063	-0.009739475945118552	0.008479077232459832	-0.012650809506987406	0.04594544196000078	-0.019175134024528515	0.009593258707901977	-0.00881837129593577	0.013955905641946702
-0.22590929845247104	0.2177774530727682	-0.7352374205429782	1.0000000000000002	-0.304582229876073	0.1638094333265336	-0.2137291838335905	0.2680468718752368	-0.3459957428869892	0.22372538071994016	-0.20348396931280802	0.14538098915378736	-0.15885014708916104	0.12057217116143461	-0.13796626421614103	0.03998215601226218	-0.0376131874350839	0.10566892339186379	-0.07010968664658636	0.09040618680126353	-0.01635519201123814	0.12792133126761757	-0.0801066837132327	0.036370900312172855	-0.03438145705686172	0.01596967433863076	-0.01902391105468393	0.010036672989509507	-0.00881917951290219	0.013272320175701393	-0.04742152474348152	0.019390506543123357	-0.00989746676885189	0.009145674383224802	-0.014689121709177091
0.08037116836929359	-0.08133809500667721	0.17301745401938767	-0.304582229876073	0.9999999999999996	-0.06694195476350509	0.08263403414375603	-0.11699969557708553	0.14549012394981375	-0.9132981020513796	0.0866839904615718	-0.06537301550049492	0.06817529437894043	-0.0830859883810087	0.08967467928310038	-0.019256214225580902	0.018105986066580853	-0.05330014435669997	0.03784074685773993	-0.04934442956470191	0.008049267833152726	-0.06349883639235512	0.040047063741252484	-0.01897199807329209	0.017912613328654323	-0.007861116801580989	0.009414646089991784	-0.005045951297206792	0.004476818393720193	-0.006826257914286277	0.023220917978235008	-0.009594664617774529	0.004974400763114198	-0.004632500796914964	0.007546543119484007
-0.4992254120652375	0.29625757211159	-0.1693116503536248	0.1638094333265336	-0.06694195476350509	0.9999999999999999	-0.6281236110252192	0.1809083985185402	-0.18115245798478977	0.07783903437930821	-0.4487495307177951	0.19123198869053953	-0.17212246033585088	0.07650412855444295	-0.08055626871312549	0.05521653503630453	-0.049875626061104725	0.12995219620790707	-0.07383166873292894	0.10162643863444745	-0.021742110940492814	0.17375930390265637	-0.09613985991812297	0.0417785197677978	-0.03864665651512433	0.02131117198344591	-0.025010341263532528	0.012472682472071861	-0.010610934869489224	0.015401425584438347	-0.06110581013583179	0.025668277066481067	-0.012276898282315438	0.011110824736067487	-0.01693389548562618
0.3082196995358375	-0.46797385151858456	0.2086942011978545	-0.2137291838335905	0.08263403414375603	-0.6281236110252192	0.999999999999999	-0.2974045825947716	0.21489368841125228	-0.09794029477458108	0.2724632923952494	-0.2922582445408499	0.20922666641184065	-0.09292911981482563	0.0945695708249297	-0.05910846341081754	0.05324810116361157	-0.1523067812446531	0.08613757375335468	-0.11859783090798735	0.024579607909071297	-0.19916423167495018	0.11084639006841773	-0.04837556175795395	0.04470826648142886	-0.024105377818953683	0.02848957437981275	-0.01427958894781119	0.012177663388795286	-0.017743680595345118	0.06910849567622557	-0.02924193707103473	0.01405065798086339	-0.012741881506444909	0.019501816834310383
-0.1734034496993864	0.19215557065327815	-0.4137020059411862	0.2680468718752368	-0.11699969557708553	0.1809083985185402	-0.2974045825947716	0.9999999999999982	-0.7294290460523649	0.13085100156584556	-0.1903625058729322	0.199587211848172	-0.25378992827132113	0.1510431291288787	-0.15954932699079638	0.042682730021536344	-0.03983296170022414	0.1230516056798735	-0.0802830964473176	0.1024697453692693	-0.01768967279536997	0.14154539402350547	-0.08939231954501958	0.04044263706674157	-0.03806825281056024	0.0172937508982665	-0.020640186706279356	0.010935362682781502	-0.00962155174768848	0.014544479094132153	-0.05004597530718366	0.021066859213465294	-0.010769997379684346	0.009970417507931198	-0.016066721657703346
0.16075984625961198	-0.18671279433104845	0.2690017710977283	-0.3459957428869892	0.14549012394981375	-0.18115245798478977	0.21489368841125228	-0.7294290460523649	0.9999999999999983	-0.1899799793837881	0.19408494032077322	-0.20668041390551653	0.1973741201101192	-0.25995545019565297	0.19584770242270091	-0.05207384495294267	0.04813815324759599	-0.15335991630835255	0.1020825336577223	-0.13434279125760412	0.022304909971948835	-0.1815519551314233	0.10976254570841286	-0.051374720954007164	0.04795412088974785	-0.021836362172672652	0.026125813020785815	-0.013783149944682282	0.0121128206044368	-0.01833182380554615	0.06250288235597129	-0.02671968378541182	0.013563993890177574	-0.012567353493465841	0.020188318699088256
-0.09632518907653538	0.09230764809339695	-0.20218382057885734	0.22372538071994016	-0.9132981020513796	0.07783903437930821	-0.09794029477458108	0.13085100156584556	-0.1899799793837881	0.9999999999999974	-0.1044812058481566	0.07481844743080468	-0.08023284496013158	0.09583029818018161	-0.11563046181679414	0.022043882049872964	-0.020836903118315032	0.06028172480980997	-0.04359918414183842	0.05599895586390502	-0.009117149072811564	0.07125264896204368	-0.045765250930687944	0.021647537475695294	-0.020539324527500926	0.008896868573705101	-0.010655284024740707	0.005741278626355838	-0.005109115914088726	0.00780848185736133	-0.026494360153576355	0.010846008061072955	-0.005662866287673889	0.005281400263249799	-0.008645414675574732
0.22985793903186952	-0.22400586970908246	0.17115478630017006	-0.20348396931280802	0.0866839904615718	-0.4487495307177951	0.2724632923952494	-0.1903625058729322	0.19408494032077322	-0.1044812058481566	0.999999999999996	-0.32309179212391215	0.24076840201225494	-0.12084923274422084	0.1225692192148501	-0.14753697260529477	0.12498078365749417	-0.3142382335568337	0.16821552709764767	-0.24402167381720605	0.05702250598675982	-0.4614296444043001	0.23013486136309919	-0.10018467296207668	0.09134579736018195	-0.05606667541313194	0.06536836682259768	-0.031479345905457985	0.02626175649843748	-0.037249043478266235	0.15877979959811622	-0.06738601365565035	0.03095988004432207	-0.02768586801116239	0.04075672099787234
-0.1640702416849186	0.15886464794171168	-0.14992732791436744	0.14538098915378736	-0.06537301550049492	0.19123198869053953	-0.2922582445408499	0.199587211848172	-0.20668041390551653	0.07481844743080468	-0.32309179212391215	0.9999999999999954	-0.8198371119020686	0.08919942037541886	-0.09589211516189211	0.05931367798543821	-0.05727780813562612	0.17843141152168068	-0.09872433628589874	0.11967181966769175	-0.022992467044071787	0.17836909978642979	-0.13283329621747397	0.052160557279644706	-0.04956731560670999	0.02238549651577351	-0.026594343499257624	0.014299920298726228	-0.012579599601212011	0.018923721224408146	-0.06558590850254803	0.02697201944281665	-0.014091892779162889	0.012984860045983386	-0.021031560081762064
0.1418734512503929	-0.15082127715888727	0.1491178267677522	-0.15885014708916104	0.06817529437894043	-0.17212246033585088	0.20922666641184065	-0.25378992827132113	0.1973741201101192	-0.08023284496013158	0.24076840201225494	-0.8198371119020686	0.9999999999999947	-0.09769103587747453	0.09932002476366111	-0.06646426748756858	0.06269935551911354	-0.2558905663607035	0.11935145891710414	-0.15030778726729552	0.026815782597162503	-0.2192705794951022	0.15326032940477807	-0.06220365887299181	0.058074362091152194	-0.026204317204882553	0.03120248442329799	-0.01667947029049014	0.014624787591443774	-0.022049369675251514	0.07327856562307233	-0.03178347263700712	0.016396246640732096	-0.015119039694610367	0.024366152948625375
-0.07442451157646929	0.07438106173401045	-0.1051703281162028	0.12057217116143461	-0.0830859883810087	0.07650412855444295	-0.09292911981482563	0.1510431291288787	-0.25995545019565297	0.09583029818018161	-0.12084923274422084	0.08919942037541886	-0.09769103587747453	0.9999999999999952	-0.9067251769181635	0.03348456299623977	-0.03312544222822198	0.11875893182904673	-0.16466218877516253	0.16252313192989312	-0.013638833974549076	0.10483106743190913	-0.09038689831577688	0.052944415518265515	-0.05200133820311507	0.013223573387067958	-0.016351216207490863	0.010509072785904667	-0.010275157846815177	0.017421482328074365	-0.03915780718557026	0.016439364502257456	-0.010381485960034678	0.010352460084338785	-0.019395660882590163
0.07692310168847026	-0.07887864860870133	0.10819745741509858	-0.13796626421614103	0.08967467928310038	-0.08055626871312549	0.0945695708249297	-0.15954932699079638	0.19584770242270091	-0.11563046181679414	0.1225692192148501	-0.09589211516189211	0.09932002476366111	-0.9067251769181635	0.999999999999995	-0.03664265550251138	0.035678074448981474	-0.13195773719119838	0.15171135036786185	-0.20221379501357542	0.015129436434127985	-0.11934859244420094	0.09562814762852345	-0.05756339522687812	0.055246276155458345	-0.014708665345055546	0.01812476196380326	-0.01143806316145328	0.01108595642318883	-0.018737807257555642	0.042477295784309185	-0.01829640045000387	0.011274591373460305	-0.011211103565127415	0.020683558295716158
-0.04971195014841467	0.04137646284504531	-0.03839672424450332	0.03998215601226218	-0.019256214225580902	0.05521653503630453	-0.05910846341081754	0.042682730021536344	-0.05207384495294267	0.022043882049872964	-0.14753697260529477	0.05931367798543821	-0.06646426748756858	0.03348456299623977	-0.03664265550251138	0.9999999999999947	-0.9638198322176941	0.12038697381714687	-0.06303321272358677	0.07149556330326633	-0.06286549643672602	0.11538858359333727	-0.09687672110800837	0.034691721240321195	-0.03364343408445836	0.0566931000334858	-0.02813780759141584	0.01217030323880162	-0.009910609872128792	0.013509166842687171	-0.05793027129377823	0.028142589884582576	-0.012060043917883444	0.010398377778533559	-0.015130119457359833
0.044638382309977825	-0.03786882747407986	0.03557352187324439	-0.0376131874350839	0.018105986066580853	-0.049875626061104725	0.05324810116361157	-0.03983296170022414	0.04813815324759599	-0.020836903118315032	0.12498078365749417	-0.05727780813562612	0.06269935551911354	-0.03312544222822198	0.035678074448981474	-0.9638198322176941	0.9999999999999942	-0.14176590624507357	0.066272815221857	-0.0778286852385278	0.057687810980854556	-0.1269769804773396	0.09803442961287492	-0.03603799634364778	0.034423745362909985	-0.05714722020847514	0.02809114916780622	-0.012290635007458342	0.010000821310849518	-0.01371580045816535	0.05446871192918471	-0.028526142964598385	0.0121357596168496	-0.010507435565578612	0.015283227112813123
-0.12407356220822963	0.10435101764118661	-0.10444009369182795	0.10566892339186379	-0.05330014435669997	0.12995219620790707	-0.1523067812446531	0.1230516056798735	-0.15335991630835255	0.06028172480980997	-0.3142382335568337	0.17843141152168068	-0.2558905663607035	0.11875893182904673	-0.13195773719119838	0.12038697381714687	-0.14176590624507357	0.9999999999999936	-0.46400909580255745	0.2871787153643448	-0.03998167285567023	0.2881145394197754	-0.599639545306789	0.14862063991230107	-0.14831202336936522	0.038055748245601075	-0.04679874553767203	0.03199542484854323	-0.030113057468230002	0.04871135330243613	-0.11160167706963099	0.04558182040844469	-0.031417640310211326	0.02980383861632605	-0.05526521488373916
0.07061522979783762	-0.06138947710481522	0.06555725860928809	-0.07010968664658636	0.03784074685773993	-0.07383166873292894	0.08613757375335468	-0.0802830964473176	0.1020825336577223	-0.04359918414183842	0.16821552709764767	-0.09872433628589874	0.11935145891710414	-0.16466218877516253	0.15171135036786185	-0.06303321272358677	0.066272815221857	-0.46400909580255745	0.9999999999999928	-0.7800106006739618	0.022645470727709116	-0.17259346555452035	0.22223499194922183	-0.19045799686261428	0.16186342710377732	-0.021751072668911943	0.027908558248283758	-0.0226842750454464	0.02458910287648064	-0.04672569528261204	0.06138328730747317	-0.027527006039629803	0.02234137017362689	-0.024049310565354132	0.0511980551245095
-0.09823201074815771	0.08294309889237383	-0.0869384175847265	0.09040618680126353	-0.04934442956470191	0.10162643863444745	-0.11859783090798735	0.1024697453692693	-0.13434279125760412	0.05599895586390502	-0.24402167381720605	0.11967181966769175	-0.15030778726729552	0.16252313192989312	-0.20221379501357542	0.07149556330326633	-0.0778286852385278	0.2871787153643448	-0.7800106006739618	0.9999999999999928	-0.028162117375857953	0.19346109600445763	-0.27233557443327694	0.18190305902382414	-0.21637288924403372	0.026844324374893615	-0.035150852209785075	0.028564819555167213	-0.031280308792010374	0.058796197257550545	-0.08590121434157205	0.03438212420577529	-0.028378444969758956	0.03043401719121327	-0.06609557785431695
0.020810995600569693	-0.01689578869223738	0.016102014220959675	-0.01635519201123814	0.008049267833152726	-0.021742110940492814	0.024579607909071297	-0.01768967279536997	0.022304909971948835	-0.009117149072811564	0.05702250598675982	-0.022992467044071787	0.026815782597162503	-0.013638833974549076	0.015129436434127985	-0.06286549643672602	0.057687810980854556	-0.03998167285567023	0.022645470727709116	-0.028162117375857953	0.9999999999999922	-0.09329991422411638	0.049879733519406555	-0.017159832966863645	0.01664916757484153	-0.9671375540937105	0.11994900872002107	-0.029526295172356495	0.016950453365440994	-0.012619811041633604	0.10659018339201003	-0.12741842489476593	0.02877343431969285	-0.01967542682069318	0.01365505412343665
-0.1683473621555736	0.13491397408550898	-0.12866701882863318	0.12792133126761757	-0.06349883639235512	0.17375930390265637	-0.19916423167495018	0.14154539402350547	-0.1815519551314233	0.07125264896204368	-0.4614296444043001	0.17836909978642979	-0.2192705794951022	0.10483106743190913	-0.11934859244420094	0.11538858359333727	-0.1269769804773396	0.2881145394197754	-0.17259346555452035	0.19346109600445763	-0.09329991422411638	0.9999999999999919	-0.6204302330818834	0.13009879981832895	-0.13121080971798396	0.08231421586033694	-0.11029858460675336	0.04638879179402981	-0.03790169168123649	0.05105959732480567	-0.20258255787745896	0.09739965568500855	-0.046245435245799736	0.03890642994222507	-0.05824992238365197
0.09138000691489175	-0.07752077646920516	0.07702948215452082	-0.0801066837132327	0.040047063741252484	-0.09613985991812297	0.11084639006841773	-0.08939231954501958	0.10976254570841286	-0.045765250930687944	0.23013486136309919	-0.13283329621747397	0.15326032940477807	-0.09038689831577688	0.09562814762852345	-0.09687672110800837	0.09803442961287492	-0.599639545306789	0.22223499194922183	-0.27233557443327694	0.049879733519406555	-0.6204302330818834	0.9999999999999917	-0.1941844779599499	0.1539901391815012	-0.048406247813691836	0.06008593183259602	-0.04059369609343458	0.03471663206410282	-0.05299387724668963	0.09828395867969572	-0.059692597262023125	0.03831825030336611	-0.03452491185551497	0.05839417850178345
-0.04012523550263781	0.033961301509850765	-0.034774199493259536	0.036370900312172855	-0.01897199807329209	0.0417785197677978	-0.04837556175795395	0.04044263706674157	-0.051374720954007164	0.021647537475695294	-0.10018467296207668	0.052160557279644706	-0.06220365887299181	0.052944415518265515	-0.05756339522687812	0.034691721240321195	-0.03603799634364778	0.14862063991230107	-0.19045799686261428	0.18190305902382414	-0.017159832966863645	0.13009879981832895	-0.1941844779599499	0.9999999999999922	-0.9065502999953411	0.01645181333953044	-0.02894018010616203	0.047519265356387994	-0.06903221720213125	0.15745012003962897	-0.041298199706181975	0.02837420975286984	-0.047608877584118116	0.06284685135492227	-0.18002692656697045
0.03702754400699345	-0.03159663065730789	0.03254114928232006	-0.03438145705686172	0.017912613328654323	-0.03864665651512433	0.04470826648142886	-0.03806825281056024	0.04795412088974785	-0.020539324527500926	0.09134579736018195	-0.04956731560670999	0.058074362091152194	-0.05200133820311507	0.055246276155458345	-0.03364343408445836	0.034423745362909985	-0.14831202336936522	0.16186342710377732	-0.21637288924403372	0.01664916757484153	-0.13121080971798396	0.1539901391815012	-0.9065502999953411	0.9999999999999925	-0.016043767726852176	0.028143192011815338	-0.048373003131396114	0.06886811807534687	-0.2024361380524562	0.03841783965411229	-0.027908414766688733	0.046395226124036425	-0.06449290436945268	0.162118016874353
-0.020415568079776354	0.016546013030966054	-0.015753844528645124	0.01596967433863076	-0.007861116801580989	0.02131117198344591	-0.024105377818953683	0.0172937508982665	-0.021836362172672652	0.008896868573705101	-0.05606667541313194	0.02238549651577351	-0.026204317204882553	0.013223573387067958	-0.014708665345055546	0.0566931000334858	-0.05714722020847514	0.038055748245601075	-0.021751072668911943	0.026844324374893615	-0.9671375540937105	0.08231421586033694	-0.048406247813691836	0.01645181333953044	-0.016043767726852176	0.999999999999994	-0.13847643370014726	0.027903715456220442	-0.016153143616218456	0.012001879363971608	-0.11768731388400677	0.11698438850716979	-0.027423336049113494	0.018498211343784845	-0.013046091247667781
0.02411311239670679	-0.019553194216319465	0.018757108035517063	-0.01902391105468393	0.009414646089991784	-0.025010341263532528	0.02848957437981275	-0.020640186706279356	0.026125813020785815	-0.010655284024740707	0.06536836682259768	-0.026594343499257624	0.03120248442329799	-0.016351216207490863	0.01812476196380326	-0.02813780759141584	0.02809114916780622	-0.04679874553767203	0.027908558248283758	-0.035150852209785075	0.11994900872002107	-0.11029858460675336	0.06008593183259602	-0.02894018010616203	0.028143192011815338	-0.13847643370014726	0.9999999999999916	-0.16111528629902616	0.0786596892865556	-0.04404384959015624	0.1116368204297982	-0.9376851191699993	0.14821051722276857	-0.09335493872729482	0.04633493870267029
-0.011997266232095493	0.009908642212843115	-0.009739475945118552	0.010036672989509507	-0.005045951297206792	0.012472682472071861	-0.01427958894781119	0.010935362682781502	-0.013783149944682282	0.005741278626355838	-0.031479345905457985	0.014299920298726228	-0.01667947029049014	0.010509072785904667	-0.01143806316145328	0.01217030323880162	-0.012290635007458342	0.03199542484854323	-0.0226842750454464	0.028564819555167213	-0.029526295172356495	0.04638879179402981	-0.04059369609343458	0.047519265356387994	-0.048373003131396114	0.027903715456220442	-0.16111528629902616	0.9999999999999928	-0.48108551282576434	0.1451342951505554	-0.03585650776315284	0.14098457074734982	-0.7828309736104369	0.3060712986743267	-0.1639502150541879
0.010195169513062615	-0.008505898273182433	0.008479077232459832	-0.00881917951290219	0.004476818393720193	-0.010610934869489224	0.012177663388795286	-0.00962155174768848	0.0121128206044368	-0.005109115914088726	0.02626175649843748	-0.012579599601212011	0.014624787591443774	-0.010275157846815177	0.01108595642318883	-0.009910609872128792	0.010000821310849518	-0.030113057468230002	0.02458910287648064	-0.031280308792010374	0.016950453365440994	-0.03790169168123649	0.03471663206410282	-0.06903221720213125	0.06886811807534687	-0.016153143616218456	0.0786596892865556	-0.48108551282576434	0.9999999999999905	-0.30675994586632227	0.02393992107226009	-0.07876489605665996	0.298954877053567	-0.7407650318106411	0.23311248024370562
-0.014785718427885328	0.01247524728827268	-0.012650809506987406	0.013272320175701393	-0.006826257914286277	0.015401425584438347	-0.017743680595345118	0.014544479094132153	-0.01833182380554615	0.00780848185736133	-0.037249043478266235	0.018923721224408146	-0.022049369675251514	0.017421482328074365	-0.018737807257555642	0.013509166842687171	-0.01371580045816535	0.04871135330243613	-0.04672569528261204	0.058796197257550545	-0.012619811041633604	0.05105959732480567	-0.05299387724668963	0.15745012003962897	-0.2024361380524562	0.012001879363971608	-0.04404384959015624	0.1451342951505554	-0.30675994586632227	0.9999999999999909	-0.022557743204471688	0.04292264079420822	-0.14186201914332075	0.2223400662169756	-0.8804251919392201
0.058812636804770405	-0.04797805049656444	0.04594544196000078	-0.04742152474348152	0.023220917978235008	-0.06110581013583179	0.06910849567622557	-0.05004597530718366	0.06250288235597129	-0.026494360153576355	0.15877979959811622	-0.06558590850254803	0.07327856562307233	-0.03915780718557026	0.042477295784309185	-0.05793027129377823	0.05446871192918471	-0.11160167706963099	0.06138328730747317	-0.08590121434157205	0.10659018339201003	-0.20258255787745896	0.09828395867969572	-0.041298199706181975	0.03841783965411229	-0.11768731388400677	0.1116368204297982	-0.03585650776315284	0.02393992107226009	-0.022557743204471688	0.9999999999999918	-0.12791884445247165	0.036697143046535	-0.026874953002704795	0.024619706038645453
-0.024766226235215537	0.02003009201520113	-0.019175134024528515	0.019390506543123357	-0.009594664617774529	0.025668277066481067	-0.02924193707103473	0.021066859213465294	-0.02671968378541182	0.010846008061072955	-0.06738601365565035	0.02697201944281665	-0.03178347263700712	0.016439364502257456	-0.01829640045000387	0.028142589884582576	-0.028526142964598385	0.04558182040844469	-0.027527006039629803	0.03438212420577529	-0.12741842489476593	0.09739965568500855	-0.059692597262023125	0.02837420975286984	-0.027908414766688733	0.11698438850716979	-0.9376851191699993	0.14098457074734982	-0.07876489605665996	0.04292264079420822	-0.12791884445247165	0.9999999999999917	-0.17875730510658688	0.08896079365768933	-0.046751003446265385
0.011806776957706978	-0.009757109506894793	0.009593258707901977	-0.00989746676885189	0.004974400763114198	-0.012276898282315438	0.01405065798086339	-0.010769997379684346	0.013563993890177574	-0.005662866287673889	0.03095988004432207	-0.014091892779162889	0.016396246640732096	-0.010381485960034678	0.011274591373460305	-0.012060043917883444	0.0121357596168496	-0.031417640310211326	0.02234137017362689	-0.028378444969758956	0.02877343431969285	-0.046245435245799736	0.03831825030336611	-0.047608877584118116	0.046395226124036425	-0.027423336049113494	0.14821051722276857	-0.7828309736104369	0.298954877053567	-0.14186201914332075	0.036697143046535	-0.17875730510658688	0.9999999999999916	-0.4842045205362038	0.14263548725545117
-0.010682799558483589	0.008881480924409704	-0.00881837129593577	0.009145674383224802	-0.004632500796914964	0.011110824736067487	-0.012741881506444909	0.009970417507931198	-0.012567353493465841	0.005281400263249799	-0.02768586801116239	0.012984860045983386	-0.015119039694610367	0.010352460084338785	-0.011211103565127415	0.010398377778533559	-0.010507435565578612	0.02980383861632605	-0.024049310565354132	0.03043401719121327	-0.01967542682069318	0.03890642994222507	-0.03452491185551497	0.06284685135492227	-0.06449290436945268	0.018498211343784845	-0.09335493872729482	0.3060712986743267	-0.7407650318106411	0.2223400662169756	-0.026874953002704795	0.08896079365768933	-0.4842045205362038	0.9999999999999917	-0.2982504699703811
0.016241954026358432	-0.013741827225240005	0.013955905641946702	-0.014689121709177091	0.007546543119484007	-0.01693389548562618	0.019501816834310383	-0.016066721657703346	0.020188318699088256	-0.008645414675574732	0.04075672099787234	-0.021031560081762064	0.024366152948625375	-0.019395660882590163	0.020683558295716158	-0.015130119457359833	0.015283227112813123	-0.05526521488373916	0.0511980551245095	-0.06609557785431695	0.01365505412343665	-0.05824992238365197	0.05839417850178345	-0.18002692656697045	0.162118016874353	-0.013046091247667781	0.04633493870267029	-0.1639502150541879	0.23311248024370562	-0.8804251919392201	0.024619706038645453	-0.046751003446265385	0.14263548725545117	-0.2982504699703811	0.9999999999999916
