1.0	-0.2986140725728277	0.1796590302779641	-0.13825844833742737	0.12718558238983096	-0.7835961923141839	0.2507588477865841	-0.20248276264911785	0.09536439089523857	-0.09142255693858584	0.2767990485180783	-0.2536785944627579	0.16801452781978563	-0.12707865934624538	0.08435904221473238	-0.3155342095829047	0.19539986298444584	-0.17450848495714114	0.14632560481883014	-0.11954076638212402	0.10762077422796185	-0.12209120615574405	0.1302969614429724	-0.10608014183480274	0.09159684843057216	-0.08365606693428469	0.1154742498052203	-0.08875986712446898	0.0790940836396792	-0.06760255861508403	0.09994071075144884	-0.09139591972683533	0.09051613605904647	-0.04474424945426154	0.046236521607482386	-0.023662885017584397	0.07534019619792146	-0.09648779469033321	0.01976417835459536	-0.021649302569230613	0.02578036119462588	-0.06845034570356542	0.09210130022256173	-0.02805210940933341	0.029415589492890262
-0.2986140725728277	1.0000000000000002	-0.44707814482256514	0.1968620907066891	-0.1826605024016798	0.2227596924788382	-0.6688379871802365	0.2497803538739824	-0.1267042693424699	0.1150016538522913	-0.21911756536536103	0.24643343741795	-0.2312482604858389	0.15279854434726234	-0.1055252302635438	0.20532566959262344	-0.2196114542141973	0.19426033722739527	-0.1893372170202868	0.14247463230015991	-0.13319833073379936	0.14144524124188507	-0.1627633498061616	0.12723099035456817	-0.1150751897376752	0.10014572612353731	-0.14533361736357575	0.10799955892446837	-0.09967116870997872	0.08304029942085367	-0.12831292394257246	0.11083836646998774	-0.11484463591117697	0.055235526721950354	-0.058123192483031084	0.03003824439520506	-0.09471439047754072	0.11575958679415996	-0.024606339132504856	0.026804316707020107	-0.03299332732772037	0.08453457636124553	-0.11998453950392918	0.03524271241078712	-0.03745122310556129
0.1796590302779641	-0.44707814482256514	1.0	-0.542594934552254	0.29646064091617064	-0.15355121073094713	0.23992782006991825	-0.258199877670868	0.1980447744633425	-0.18519629245109928	0.16231487894505506	-0.20404492437761493	0.19610391015447606	-0.22208602493396595	0.1504923775356912	-0.1967972724426585	0.1856649880569713	-0.21277716809263045	0.21119052623566886	-0.2024883436827446	0.13875964007301259	-0.14994592252623515	0.1739910320582762	-0.15598936944562983	0.13967231599014734	-0.10885127040378947	0.15275302018669754	-0.12617058449589594	0.11828917533599093	-0.1023276741566815	0.1398427149953301	-0.1258827862148062	0.13124697837567426	-0.06817721758650602	0.07053243845985332	-0.034206866574887786	0.11448374060368106	-0.1477510001219931	0.03079861551634233	-0.033778553868199786	0.037369115729456	-0.10829889283214195	0.15079527578622864	-0.04765377145359344	0.050119905255294
-0.13825844833742737	0.1968620907066891	-0.542594934552254	1.0000000000000004	-0.6137357464531805	0.10673511876357013	-0.15766164191086862	0.162350309984772	-0.34839160908693834	0.22661907808792892	-0.11966733925961516	0.13981006930475293	-0.1480096090986555	0.22180787600685212	-0.17051921997230535	0.13935025499573975	-0.1442437773367427	0.16455534399667623	-0.20662478563109812	0.19233086110062766	-0.12218897282296974	0.1249826372887091	-0.15224019515923823	0.13757494526178243	-0.1319809586102783	0.09367382634211716	-0.13426553951468684	0.10848174185686305	-0.10890263640122176	0.0922150301316693	-0.12539280942369577	0.10786736324596116	-0.11682722367245948	0.06008887169250221	-0.06353701913388601	0.03026290016316257	-0.0998763013939192	0.1222835751554195	-0.027132508599558812	0.02962849160799524	-0.03329469350168149	0.09176497380226424	-0.13531497994112418	0.0406855854523752	-0.04349165162958006
0.12718558238983096	-0.1826605024016798	0.29646064091617064	-0.6137357464531805	1.0000000000000004	-0.10254084799747765	0.1418772625069354	-0.163688706541648	0.24312538150852006	-0.2864151721945096	0.11694737345444428	-0.14063958040694727	0.14390187403313162	-0.24922064259953527	0.18492382785769748	-0.14538337511363036	0.1444043440781505	-0.1743320954634196	0.20705461147401258	-0.23755644433492273	0.1261846807953402	-0.13178715877703565	0.1587286384687115	-0.1541464154767168	0.14288079136772597	-0.09882507407082362	0.13941520762967372	-0.11849318160876605	0.11706693208447586	-0.1027225669682471	0.13110665776825875	-0.11639440473417498	0.12489008640195183	-0.06711108884016752	0.06965014133955372	-0.0324411725657027	0.11095644535970157	-0.14200842573786915	0.030548729417926745	-0.03353737904507687	0.0355226119852442	-0.10628985346572313	0.15244128756239983	-0.04864333608466222	0.05142589085092372
-0.7835961923141839	0.2227596924788382	-0.15355121073094713	0.10673511876357013	-0.10254084799747765	0.9999999999999994	-0.3085321998032713	0.16831903590536662	-0.07690334230786271	0.07227744794833037	-0.41871899260498063	0.22627169513777842	-0.15258932195880312	0.10071409563050271	-0.0677114581453643	0.2462169603359891	-0.1791597112970089	0.14307238118159793	-0.12378626979063777	0.0945054953854142	-0.09202222330270814	0.1023188956419153	-0.11045177304666955	0.08606123185859055	-0.07533299888598989	0.0697760186530066	-0.09860303188334023	0.07294995076614172	-0.06527681350557474	0.055048390248137416	-0.08452875374497135	0.07552331497358124	-0.07540874078330825	0.03639473369989953	-0.03789177851658955	0.01973776653448046	-0.061843980701515276	0.07745656680720164	-0.01605957534401177	0.017544284980905822	-0.021569182768538326	0.055281334430660134	-0.07547489283924694	0.022502532199886446	-0.023707765893368572
0.2507588477865841	-0.6688379871802365	0.23992782006991825	-0.15766164191086862	0.1418772625069354	-0.3085321998032713	0.9999999999999994	-0.3918608697477175	0.10900280042523569	-0.10092881196877186	0.2279196339185081	-0.37941222174438266	0.24682480751323013	-0.14053652757857588	0.09326093919975013	-0.22385127470612087	0.21866838979706213	-0.20115967817056957	0.166784184124774	-0.1282219969401	0.11442664794879685	-0.1311269167665935	0.1444957716177913	-0.11380656635525277	0.09977304669955447	-0.08754753107869949	0.1249399030759409	-0.09539446994448872	0.0858008368166032	-0.07255052994324836	0.1074035636253409	-0.09627513272092912	0.09821535683300102	-0.04763811393168176	0.049615446867918626	-0.025239330361168388	0.08006413570937027	-0.10066416498838818	0.021018260734271803	-0.022969325566175303	0.027586978033912423	-0.07186132459217048	0.0986570206329663	-0.02952195273988805	0.031126595871790907
-0.20248276264911785	0.2497803538739824	-0.258199877670868	0.162350309984772	-0.163688706541648	0.16831903590536662	-0.3918608697477175	0.9999999999999986	-0.14718112363049324	0.12394415380842447	-0.2010048666177561	0.25909233231096496	-0.7227663591791919	0.1772896751347322	-0.11872053558931356	0.19783536128145515	-0.23483669570587726	0.2582628785069043	-0.2310019298240921	0.15336443421771262	-0.13612262447235374	0.15014701126706295	-0.1856937195733416	0.13762185765232615	-0.12415058594947494	0.10208823858062885	-0.14983563829621735	0.11530222185769193	-0.10596626297966454	0.0879502682747291	-0.12874630443239457	0.11245260921315964	-0.12130166393965638	0.05706316700097791	-0.06012463882161423	0.029956186013110748	-0.09474950073842407	0.11630368709630844	-0.025055539847281035	0.027296120725989095	-0.03286841756055869	0.0832380095765679	-0.11681782370642524	0.03413389418891845	-0.036200403076600815
0.09536439089523857	-0.1267042693424699	0.1980447744633425	-0.34839160908693834	0.24312538150852006	-0.07690334230786271	0.10900280042523569	-0.14718112363049324	0.9999999999999973	-0.674269448009911	0.09078677034449689	-0.11124061562950174	0.13229669465871735	-0.4850062826534874	0.29086113366325134	-0.11037590371848427	0.11760590316707498	-0.15346615894324897	0.22812458346591202	-0.27755597911125696	0.09499426343556623	-0.10255456546738373	0.13027557813536003	-0.1366634192122079	0.13569928605766	-0.07333690767454094	0.10540197592212659	-0.09173897462524482	0.10001456370993903	-0.08885138815285702	0.09508879783467697	-0.08415201397654305	0.09576836682168131	-0.05174365594013692	0.0544710859193576	-0.02281741598084142	0.07591597643653814	-0.09558698634670158	0.022480477392714637	-0.02474852727529124	0.025014237385440983	-0.06857194644759979	0.09745457412762323	-0.029905564261146298	0.031649148081164265
-0.09142255693858584	0.1150016538522913	-0.18519629245109928	0.22661907808792892	-0.2864151721945096	0.07227744794833037	-0.10092881196877186	0.12394415380842447	-0.674269448009911	0.999999999999996	-0.08593682172072967	0.10297196106890628	-0.11971486290043488	0.3027929838313484	-0.5222692555241426	0.10335729359086483	-0.11287809166522367	0.14278337170430452	-0.23263400099446468	0.26474140615961783	-0.09570594550338925	0.10102616177164365	-0.1310567248821016	0.13339144105084025	-0.14513105458067066	0.07321413440706567	-0.10616528362605536	0.09158753837629213	-0.10383522261788666	0.089633909407301	-0.09632578715855228	0.08389466896746375	-0.0974905739412016	0.05198345637916932	-0.05554751909297901	0.0230120128950349	-0.07636108137317055	0.09437992939610934	-0.022637716626516917	0.024845067890300818	-0.025284110524774743	0.06831959287864049	-0.09878841076264505	0.029882897759086386	-0.031781456183449464
0.2767990485180783	-0.21911756536536103	0.16231487894505506	-0.11966733925961516	0.11694737345444428	-0.41871899260498063	0.2279196339185081	-0.2010048666177561	0.09078677034449689	-0.08593682172072967	0.9999999999999958	-0.49958938350441184	0.19290545657427097	-0.1229505439022044	0.0816726805978028	-0.6247259482991518	0.2800601539804362	-0.1972787663416735	0.15429852511986034	-0.11516325474453129	0.12040695332111957	-0.139841927701989	0.1417179549460584	-0.10754612710127942	0.0924618482322629	-0.09108729363736297	0.12648722282874178	-0.09162552624490099	0.08014011834256143	-0.0677082502365302	0.10532386031603637	-0.09559172333892069	0.09311528244743261	-0.0444195924397028	0.0461009732363079	-0.02437190084093919	0.07545558614142242	-0.09483360185694248	0.019459426748927568	-0.021266741490684773	0.026568837894494726	-0.0669355709553649	0.08993810532456636	-0.026716202364568384	0.02808463603265187
-0.2536785944627579	0.24643343741795	-0.20404492437761493	0.13981006930475293	-0.14063958040694727	0.22627169513777842	-0.37941222174438266	0.25909233231096496	-0.11124061562950174	0.10297196106890628	-0.49958938350441184	0.9999999999999946	-0.3539320632924109	0.1492319170758622	-0.09972957202568954	0.3123640096732895	-0.5230740616737801	0.2544642814483502	-0.2011793273035984	0.13787162850023504	-0.14786541194173472	0.17753870915072634	-0.1838914595631532	0.13111172945377803	-0.11401610079596061	0.10904041109318861	-0.1620206202006767	0.11270439613277555	-0.09873796838151654	0.08245465336762693	-0.12998102073785706	0.11600472031793935	-0.11559148708035322	0.05380619005020053	-0.05617877382271234	0.029739988433760255	-0.09142823872642954	0.11308560767275504	-0.023514510439431566	0.02564406010940536	-0.032511517923129764	0.07999869660593693	-0.10869863669545511	0.03184306282526595	-0.033584586416500056
0.16801452781978563	-0.2312482604858389	0.19610391015447606	-0.1480096090986555	0.14390187403313162	-0.15258932195880312	0.24682480751323013	-0.7227663591791919	0.13229669465871735	-0.11971486290043488	0.19290545657427097	-0.3539320632924109	0.9999999999999992	-0.2000076149982195	0.11719255950152549	-0.2115797107083441	0.24127754075768765	-0.40098390154161423	0.22193270114014874	-0.15529381390686475	0.12455411239139026	-0.15035382217300744	0.1801853762355007	-0.13660176581057962	0.11746556113769199	-0.09556803823865732	0.13761720928294266	-0.11216908540265126	0.09921638948704484	-0.08414393051690924	0.115682921373359	-0.10520161839879547	0.11202924607090813	-0.053607028974565325	0.05576268076587498	-0.027100366519580393	0.0866785786203242	-0.11001902766864145	0.023297358766090546	-0.025483536147565034	0.02958377599390532	-0.07679948078412455	0.10442427194936141	-0.031158434967076966	0.0327972345115731
-0.12707865934624538	0.15279854434726234	-0.22208602493396595	0.22180787600685212	-0.24922064259953527	0.10071409563050271	-0.14053652757857588	0.1772896751347322	-0.4850062826534874	0.3027929838313484	-0.1229505439022044	0.1492319170758622	-0.2000076149982195	0.9999999999999993	-0.4860901883374238	0.14646401551433774	-0.16774752744625854	0.22314524344126505	-0.4840050872288346	0.30425216544089845	-0.1323860066450829	0.1420413894792595	-0.18690758492302123	0.18202866906285928	-0.1889903465764038	0.10078732415492844	-0.14702362554777954	0.12584995865887258	-0.1396059568303165	0.11822675874901455	-0.13122377940286092	0.11445794558647118	-0.1334639058347923	0.06917414992392829	-0.07397965437897502	0.031103819258458173	-0.10231523158976151	0.1260998359601716	-0.030006889662314018	0.03288210908779676	-0.034168030189678705	0.09046544905777472	-0.1299542687535061	0.038857837950593235	-0.0413144725871452
0.08435904221473238	-0.1055252302635438	0.1504923775356912	-0.17051921997230535	0.18492382785769748	-0.0677114581453643	0.09326093919975013	-0.11872053558931356	0.29086113366325134	-0.5222692555241426	0.0816726805978028	-0.09972957202568954	0.11719255950152549	-0.4860901883374238	0.9999999999999969	-0.10018746537293025	0.10994684759630775	-0.1480608356884973	0.2497902679389338	-0.591454809362018	0.09097838531603981	-0.09928679188567828	0.1307521590576652	-0.15352695119340537	0.16804740383362468	-0.07006129171943468	0.10143357459399484	-0.09193354509274865	0.10909616488145772	-0.10150603349625605	0.09050707866687163	-0.08029089516187116	0.09526188016815142	-0.05327425537528298	0.0564092707063304	-0.021609208286319834	0.07217638981249673	-0.09103997700187946	0.022664594781536873	-0.025047130307434648	0.023688553423317573	-0.06424568000841964	0.09097434139255695	-0.02800915503630372	0.029605623243101984
-0.3155342095829047	0.20532566959262344	-0.1967972724426585	0.13935025499573975	-0.14538337511363036	0.2462169603359891	-0.22385127470612087	0.19783536128145515	-0.11037590371848427	0.10335729359086483	-0.6247259482991518	0.3123640096732895	-0.2115797107083441	0.14646401551433774	-0.10018746537293025	0.9999999999999899	-0.4954936609570793	0.23673676791906056	-0.20490477124167283	0.14041440463150187	-0.1798785805300911	0.18930534261866047	-0.19356537851938457	0.1372645861725073	-0.12025313385970363	0.12632578384095794	-0.18042527858488017	0.12000546866568214	-0.10522067500173134	0.08727767774563899	-0.14780510956968346	0.12895785179394856	-0.12473749389443797	0.05754473971316028	-0.06024344090401009	0.03339154442743097	-0.10011691536272486	0.1220329918339649	-0.025214149526066525	0.027457644085590854	-0.03654452076112654	0.08697384510799325	-0.11836276020496485	0.0342561541541069	-0.03617860272622687
0.19539986298444584	-0.2196114542141973	0.1856649880569713	-0.1442437773367427	0.1444043440781505	-0.1791597112970089	0.21866838979706213	-0.23483669570587726	0.11760590316707498	-0.11287809166522367	0.2800601539804362	-0.5230740616737801	0.24127754075768765	-0.16774752744625854	0.10994684759630775	-0.4954936609570793	0.9999999999999998	-0.4472425869118557	0.2253390701682891	-0.15938286563605977	0.17609242685876547	-0.3037274305365447	0.22739057954019196	-0.15839580449594834	0.1298820536244633	-0.13463791060692096	0.1943786363983738	-0.13684467928472818	0.11252703381075202	-0.09543182655999126	0.1471218354440639	-0.14043340699151882	0.13239445915984208	-0.061472028862528685	0.06336418191042177	-0.03365746920267574	0.103553251405305	-0.13150429375453476	0.026536592418173955	-0.029021331573294225	0.03651409811330678	-0.09061498881887935	0.11829002627439966	-0.035040538774916904	0.03668570792588477
-0.17450848495714114	0.19426033722739527	-0.21277716809263045	0.16455534399667623	-0.1743320954634196	0.14307238118159793	-0.20115967817056957	0.2582628785069043	-0.15346615894324897	0.14278337170430452	-0.1972787663416735	0.2544642814483502	-0.40098390154161423	0.22314524344126505	-0.1480608356884973	0.23673676791906056	-0.4472425869118557	0.9999999999999999	-0.494997202325294	0.2098975230609574	-0.1822729654960652	0.2291811105762339	-0.38492829880374585	0.20749377310719117	-0.17584409222221645	0.13584562324372704	-0.20519612361761372	0.17398858981006277	-0.14849214194301522	0.12271411452297139	-0.16310743593687832	0.14806172304122053	-0.17354963091820685	0.07656267929663442	-0.08010584549069709	0.03756107769405107	-0.12061872343980118	0.1517105135511111	-0.03275713550203285	0.035707498489015006	-0.04102685601677791	0.10368854716318374	-0.14086885586808157	0.041339158585317504	-0.04354740625131934
0.14632560481883014	-0.1893372170202868	0.21119052623566886	-0.20662478563109812	0.20705461147401258	-0.12378626979063777	0.166784184124774	-0.2310019298240921	0.22812458346591202	-0.23263400099446468	0.15429852511986034	-0.2011793273035984	0.22193270114014874	-0.4840050872288346	0.2497902679389338	-0.20490477124167283	0.2253390701682891	-0.494997202325294	0.9999999999999951	-0.42456910649944574	0.1519980595542189	-0.18395723867807598	0.23732717509420825	-0.2795636090736718	0.21576386770692738	-0.119407248158091	0.1700136793926715	-0.15817364438172926	0.16161793106870292	-0.1454249205592578	0.14567127944822136	-0.1353518808549249	0.15376111576487547	-0.08213580911450584	0.08479892232667638	-0.0347743571343087	0.11560123195605715	-0.1515873639780811	0.034812058805234684	-0.03850320489240716	0.037880117632391894	-0.103417232711979	0.13925149225658884	-0.043273657204954526	0.04526191790865722
-0.11954076638212402	0.14247463230015991	-0.2024883436827446	0.19233086110062766	-0.23755644433492273	0.0945054953854142	-0.1282219969401	0.15336443421771262	-0.27755597911125696	0.26474140615961783	-0.11516325474453129	0.13787162850023504	-0.15529381390686475	0.30425216544089845	-0.591454809362018	0.14041440463150187	-0.15938286563605977	0.2098975230609574	-0.42456910649944574	0.9999999999999948	-0.13842643045523345	0.1486689617495494	-0.20422671127110384	0.23521652250216332	-0.35371822977272327	0.10546891836031792	-0.15469339186893782	0.14142084723090007	-0.18436857074076446	0.16480053552195814	-0.13770907594420895	0.1205338961463058	-0.1493909469383687	0.08302009969379635	-0.09020802744281022	0.03265106182006467	-0.10900909344193603	0.1351019483065343	-0.03515974771999737	0.03874498956825255	-0.03586240318521435	0.09544562294959563	-0.13696147433025008	0.041714265147171845	-0.044266232029734134
0.10762077422796185	-0.13319833073379936	0.13875964007301259	-0.12218897282296974	0.1261846807953402	-0.09202222330270814	0.11442664794879685	-0.13612262447235374	0.09499426343556623	-0.09570594550338925	0.12040695332111957	-0.14786541194173472	0.12455411239139026	-0.1323860066450829	0.09097838531603981	-0.1798785805300911	0.17609242685876547	-0.1822729654960652	0.1519980595542189	-0.13842643045523345	0.9999999999999909	-0.43730725425175726	0.2177842484934072	-0.1606839432729815	0.12278970648102584	-0.7016818409452479	0.28768586780737254	-0.1538986611123946	0.11223904242399489	-0.09736924329327099	0.2763819080897987	-0.27039937369616646	0.1436779408572836	-0.06621846052003087	0.06621576916345957	-0.058185406764728616	0.13974844045775875	-0.17519322064309262	0.028629563053693737	-0.03139356653485354	0.05990879318509421	-0.1225019441474001	0.1355721829450175	-0.039379747178732646	0.04037418616938164
-0.12209120615574405	0.14144524124188507	-0.14994592252623515	0.1249826372887091	-0.13178715877703565	0.1023188956419153	-0.1311269167665935	0.15014701126706295	-0.10255456546738373	0.10102616177164365	-0.139841927701989	0.17753870915072634	-0.15035382217300744	0.1420413894792595	-0.09928679188567828	0.18930534261866047	-0.3037274305365447	0.2291811105762339	-0.18395723867807598	0.1486689617495494	-0.43730725425175726	0.9999999999999937	-0.48277926012866235	0.19463834541144023	-0.15229721938620788	0.25546306806307867	-0.5412878176365443	0.19570075072314647	-0.1386618316046721	0.11423026830100394	-0.24561494960164507	0.23982277522172607	-0.18387793910075678	0.07455284558015912	-0.07613170989686688	0.050846032614891616	-0.14137079549295725	0.1712374372328947	-0.03160214329588963	0.034389604538679446	-0.05486498697934691	0.11604688844240456	-0.13962678108855134	0.03982766398462316	-0.04132227051957514
0.1302969614429724	-0.1627633498061616	0.1739910320582762	-0.15224019515923823	0.1587286384687115	-0.11045177304666955	0.1444957716177913	-0.1856937195733416	0.13027557813536003	-0.1310567248821016	0.1417179549460584	-0.1838914595631532	0.1801853762355007	-0.18690758492302123	0.1307521590576652	-0.19356537851938457	0.22739057954019196	-0.38492829880374585	0.23732717509420825	-0.20422671127110384	0.2177842484934072	-0.48277926012866235	0.9999999999999925	-0.3982347299034482	0.22278281706879255	-0.17719833735795976	0.25489836252781717	-0.40660048360076484	0.20171905873151477	-0.17204711334809672	0.18611496362594548	-0.19527951539007737	0.2499748346380284	-0.10320781875618022	0.10275053314549949	-0.04364928702598453	0.1489651414782407	-0.2130213952399978	0.041984407604022375	-0.046020749361335364	0.04691842495331411	-0.12742118224702823	0.15735913775435015	-0.04774664817269826	0.04932815503407389
-0.10608014183480274	0.12723099035456817	-0.15598936944562983	0.13757494526178243	-0.1541464154767168	0.08606123185859055	-0.11380656635525277	0.13762185765232615	-0.1366634192122079	0.13339144105084025	-0.10754612710127942	0.13111172945377803	-0.13660176581057962	0.18202866906285928	-0.15352695119340537	0.1372645861725073	-0.15839580449594834	0.20749377310719117	-0.2795636090736718	0.23521652250216332	-0.1606839432729815	0.19463834541144023	-0.3982347299034482	0.9999999999999938	-0.6457007058529808	0.12189127108894086	-0.18604542080531775	0.20945218190465886	-0.38503394945966746	0.27438696032584575	-0.1496821732072637	0.13849408486150497	-0.20188878887216544	0.11299813884584083	-0.12267137840199657	0.035052796543695836	-0.12070427398046155	0.15790530399224936	-0.0451573164743434	0.05027665454262361	-0.03823407678799162	0.10216968575782043	-0.13752114288226655	0.04411542219137942	-0.046008979294347295
0.09159684843057216	-0.1150751897376752	0.13967231599014734	-0.1319809586102783	0.14288079136772597	-0.07533299888598989	0.09977304669955447	-0.12415058594947494	0.13569928605766	-0.14513105458067066	0.0924618482322629	-0.11401610079596061	0.11746556113769199	-0.1889903465764038	0.16804740383362468	-0.12025313385970363	0.1298820536244633	-0.17584409222221645	0.21576386770692738	-0.35371822977272327	0.12278970648102584	-0.15229721938620788	0.22278281706879255	-0.6457007058529808	0.9999999999999937	-0.09773529391017724	0.14105902949482474	-0.175557539011742	0.2943690693304318	-0.47583278166642445	0.11928680591986177	-0.11448970792580312	0.15913005221368956	-0.12319280263082949	0.12690560207974652	-0.028794457108024567	0.10215230859236538	-0.14158146031351682	0.04648909545310208	-0.05337989182825123	0.03127097455345363	-0.08957249696381238	0.11761789329158906	-0.0412037170976395	0.0423640411672706
-0.08365606693428469	0.10014572612353731	-0.10885127040378947	0.09367382634211716	-0.09882507407082362	0.0697760186530066	-0.08754753107869949	0.10208823858062885	-0.07333690767454094	0.07321413440706567	-0.09108729363736297	0.10904041109318861	-0.09556803823865732	0.10078732415492844	-0.07006129171943468	0.12632578384095794	-0.13463791060692096	0.13584562324372704	-0.119407248158091	0.10546891836031792	-0.7016818409452479	0.25546306806307867	-0.17719833735795976	0.12189127108894086	-0.09773529391017724	0.9999999999999917	-0.3663751014271949	0.12339066824161168	-0.09081960986806756	0.077007740904825	-0.4942480568784706	0.2642888631302075	-0.12237233162214033	0.05336947329044176	-0.05394812262071713	0.07171730652622839	-0.12877413632135623	0.14585117690959637	-0.023230518229814045	0.02532859028105545	-0.07605593371056578	0.10586929240982348	-0.11781332752758371	0.03232427882395574	-0.033310360754858576
0.1154742498052203	-0.14533361736357575	0.15275302018669754	-0.13426553951468684	0.13941520762967372	-0.09860303188334023	0.1249399030759409	-0.14983563829621735	0.10540197592212659	-0.10616528362605536	0.12648722282874178	-0.1620206202006767	0.13761720928294266	-0.14702362554777954	0.10143357459399484	-0.18042527858488017	0.1943786363983738	-0.20519612361761372	0.1700136793926715	-0.15469339186893782	0.28768586780737254	-0.5412878176365443	0.25489836252781717	-0.18604542080531775	0.14105902949482474	-0.3663751014271949	0.9999999999999909	-0.20385379031439194	0.13234172269585864	-0.11439294013896946	0.29439770694240863	-0.518951379245233	0.17958158983157474	-0.07832507528357097	0.07800389656765812	-0.06232687263134268	0.18446808634000883	-0.21875563435981746	0.03361531653231268	-0.03675975460225872	0.0655108735970771	-0.15170435395354295	0.16199444052665007	-0.04546106149475483	0.046645364338012286
-0.08875986712446898	0.10799955892446837	-0.12617058449589594	0.10848174185686305	-0.11849318160876605	0.07294995076614172	-0.09539446994448872	0.11530222185769193	-0.09173897462524482	0.09158753837629213	-0.09162552624490099	0.11270439613277555	-0.11216908540265126	0.12584995865887258	-0.09193354509274865	0.12000546866568214	-0.13684467928472818	0.17398858981006277	-0.15817364438172926	0.14142084723090007	-0.1538986611123946	0.19570075072314647	-0.40660048360076484	0.20945218190465886	-0.175557539011742	0.12339066824161168	-0.20385379031439194	0.9999999999999908	-0.2861953002895046	0.18337042325468222	-0.15382313023943275	0.1571955961967479	-0.7334457333856751	0.13100835578471628	-0.13245769860173826	0.037238300055650854	-0.16544092447231715	0.2299283731775122	-0.050805016686002354	0.05306496491668048	-0.04038172389944597	0.12219109729495674	-0.16312675325674603	0.04654572788360075	-0.04859974462910101
0.0790940836396792	-0.09967116870997872	0.11828917533599093	-0.10890263640122176	0.11706693208447586	-0.06527681350557474	0.0858008368166032	-0.10596626297966454	0.10001456370993903	-0.10383522261788666	0.08014011834256143	-0.09873796838151654	0.09921638948704484	-0.1396059568303165	0.10909616488145772	-0.10522067500173134	0.11252703381075202	-0.14849214194301522	0.16161793106870292	-0.18436857074076446	0.11223904242399489	-0.1386618316046721	0.20171905873151477	-0.38503394945966746	0.2943690693304318	-0.09081960986806756	0.13234172269585864	-0.2861953002895046	0.9999999999999929	-0.750181891062008	0.11156449375213992	-0.11051247195238756	0.19904059282846565	-0.17174596138331719	0.16664324344556866	-0.027345007485721974	0.10443632819672079	-0.15245288142089913	0.06056551738251156	-0.0709410328209985	0.029621841167129744	-0.08949058493001719	0.11555083894758925	-0.04440399329036671	0.04504040236500098
-0.06760255861508403	0.08304029942085367	-0.1023276741566815	0.0922150301316693	-0.1027225669682471	0.055048390248137416	-0.07255052994324836	0.0879502682747291	-0.08885138815285702	0.089633909407301	-0.0677082502365302	0.08245465336762693	-0.08414393051690924	0.11822675874901455	-0.10150603349625605	0.08727767774563899	-0.09543182655999126	0.12271411452297139	-0.1454249205592578	0.16480053552195814	-0.09736924329327099	0.11423026830100394	-0.17204711334809672	0.27438696032584575	-0.47583278166642445	0.077007740904825	-0.11439294013896946	0.18337042325468222	-0.750181891062008	0.9999999999999954	-0.0970390848284814	0.09269180219622652	-0.1751690874907723	0.1645058907927009	-0.22013036860589538	0.02353026603843563	-0.08928914192233257	0.12172577411838875	-0.05935147299700982	0.068256852533301	-0.025605976801348195	0.07495330128678108	-0.10091060787047353	0.039526813307112864	-0.040568660064900786
0.09994071075144884	-0.12831292394257246	0.1398427149953301	-0.12539280942369577	0.13110665776825875	-0.08452875374497135	0.1074035636253409	-0.12874630443239457	0.09508879783467697	-0.09632578715855228	0.10532386031603637	-0.12998102073785706	0.115682921373359	-0.13122377940286092	0.09050707866687163	-0.14780510956968346	0.1471218354440639	-0.16310743593687832	0.14567127944822136	-0.13770907594420895	0.2763819080897987	-0.24561494960164507	0.18611496362594548	-0.1496821732072637	0.11928680591986177	-0.4942480568784706	0.29439770694240863	-0.15382313023943275	0.11156449375213992	-0.0970390848284814	0.9999999999999922	-0.6290209777526046	0.15492373844152668	-0.06977036827637471	0.06931111550060738	-0.1535410398817858	0.20094256398790677	-0.22727913836348035	0.030776004604285836	-0.033644619027635055	0.13188007558128995	-0.17149938354306996	0.16719991328636458	-0.045673293863995296	0.04650510675143103
-0.09139591972683533	0.11083836646998774	-0.1258827862148062	0.10786736324596116	-0.11639440473417498	0.07552331497358124	-0.09627513272092912	0.11245260921315964	-0.08415201397654305	0.08389466896746375	-0.09559172333892069	0.11600472031793935	-0.10520161839879547	0.11445794558647118	-0.08029089516187116	0.12895785179394856	-0.14043340699151882	0.14806172304122053	-0.1353518808549249	0.1205338961463058	-0.27039937369616646	0.23982277522172607	-0.19527951539007737	0.13849408486150497	-0.11448970792580312	0.2642888631302075	-0.518951379245233	0.1571955961967479	-0.11051247195238756	0.09269180219622652	-0.6290209777526046	0.9999999999999916	-0.1764015911368198	0.06803303601205868	-0.06878549677637122	0.09669699962830622	-0.3175697377433445	0.2275395648214419	-0.030089066372871325	0.0325012725343778	-0.10517420422481225	0.17897374776194921	-0.18660986344808111	0.044467189882488156	-0.04592085630605806
0.09051613605904647	-0.11484463591117697	0.13124697837567426	-0.11682722367245948	0.12489008640195183	-0.07540874078330825	0.09821535683300102	-0.12130166393965638	0.09576836682168131	-0.0974905739412016	0.09311528244743261	-0.11559148708035322	0.11202924607090813	-0.1334639058347923	0.09526188016815142	-0.12473749389443797	0.13239445915984208	-0.17354963091820685	0.15376111576487547	-0.1493909469383687	0.1436779408572836	-0.18387793910075678	0.2499748346380284	-0.20188878887216544	0.15913005221368956	-0.12237233162214033	0.17958158983157474	-0.7334457333856751	0.19904059282846565	-0.1751690874907723	0.15492373844152668	-0.1764015911368198	0.9999999999999909	-0.18049250960666124	0.14750783950317314	-0.03935887227040551	0.19023407194341316	-0.396658307216004	0.06070319280963693	-0.06358671450464834	0.04230696073254698	-0.1454120998645333	0.17507287745588615	-0.05221281716088956	0.053643870277535734
-0.04474424945426154	0.055235526721950354	-0.06817721758650602	0.06008887169250221	-0.06711108884016752	0.03639473369989953	-0.04763811393168176	0.05706316700097791	-0.05174365594013692	0.05198345637916932	-0.0444195924397028	0.05380619005020053	-0.053607028974565325	0.06917414992392829	-0.05327425537528298	0.05754473971316028	-0.061472028862528685	0.07656267929663442	-0.08213580911450584	0.08302009969379635	-0.06621846052003087	0.07455284558015912	-0.10320781875618022	0.11299813884584083	-0.12319280263082949	0.05336947329044176	-0.07832507528357097	0.13100835578471628	-0.17174596138331719	0.1645058907927009	-0.06977036827637471	0.06803303601205868	-0.18049250960666124	0.999999999999989	-0.8614632948159888	0.017461953625588642	-0.07242462136366284	0.10424820872172468	-0.3024885694212267	0.22719989349305883	-0.018976230332040083	0.06132711725567343	-0.08326380772280204	0.07225688111194851	-0.07463155305125287
0.046236521607482386	-0.058123192483031084	0.07053243845985332	-0.06353701913388601	0.06965014133955372	-0.03789177851658955	0.049615446867918626	-0.06012463882161423	0.0544710859193576	-0.05554751909297901	0.0461009732363079	-0.05617877382271234	0.05576268076587498	-0.07397965437897502	0.0564092707063304	-0.06024344090401009	0.06336418191042177	-0.08010584549069709	0.08479892232667638	-0.09020802744281022	0.06621576916345957	-0.07613170989686688	0.10275053314549949	-0.12267137840199657	0.12690560207974652	-0.05394812262071713	0.07800389656765812	-0.13245769860173826	0.16664324344556866	-0.22013036860589538	0.06931111550060738	-0.06878549677637122	0.14750783950317314	-0.8614632948159888	0.9999999999999893	-0.017473424613698305	0.07126201522410759	-0.10709971000667966	0.2204806120118131	-0.2864365549878949	0.018932441646102912	-0.06242176805976586	0.08209067875372128	-0.07654909382103559	0.07414255604735441
-0.023662885017584397	0.03003824439520506	-0.034206866574887786	0.03026290016316257	-0.0324411725657027	0.01973776653448046	-0.025239330361168388	0.029956186013110748	-0.02281741598084142	0.0230120128950349	-0.02437190084093919	0.029739988433760255	-0.027100366519580393	0.031103819258458173	-0.021609208286319834	0.03339154442743097	-0.03365746920267574	0.03756107769405107	-0.0347743571343087	0.03265106182006467	-0.058185406764728616	0.050846032614891616	-0.04364928702598453	0.035052796543695836	-0.028794457108024567	0.07171730652622839	-0.06232687263134268	0.037238300055650854	-0.027345007485721974	0.02353026603843563	-0.1535410398817858	0.09669699962830622	-0.03935887227040551	0.017461953625588642	-0.017473424613698305	0.9999999999999881	-0.0716829043453066	0.06498470246467981	-0.008006294470524023	0.008696322378945132	-0.9749301792997263	0.06974845762285925	-0.06283778551381287	0.01367037896656269	-0.013996536708346836
0.07534019619792146	-0.09471439047754072	0.11448374060368106	-0.0998763013939192	0.11095644535970157	-0.061843980701515276	0.08006413570937027	-0.09474950073842407	0.07591597643653814	-0.07636108137317055	0.07545558614142242	-0.09142823872642954	0.0866785786203242	-0.10231523158976151	0.07217638981249673	-0.10011691536272486	0.103553251405305	-0.12061872343980118	0.11560123195605715	-0.10900909344193603	0.13974844045775875	-0.14137079549295725	0.1489651414782407	-0.12070427398046155	0.10215230859236538	-0.12877413632135623	0.18446808634000883	-0.16544092447231715	0.10443632819672079	-0.08928914192233257	0.20094256398790677	-0.3175697377433445	0.19023407194341316	-0.07242462136366284	0.07126201522410759	-0.0716829043453066	0.9999999999999878	-0.6162924384303046	0.033968102772247856	-0.03641275486718245	0.07297496420083455	-0.5632597527328287	0.3014136720438846	-0.060641204163764034	0.06117181781877479
-0.09648779469033321	0.11575958679415996	-0.1477510001219931	0.1222835751554195	-0.14200842573786915	0.07745656680720164	-0.10066416498838818	0.11630368709630844	-0.09558698634670158	0.09437992939610934	-0.09483360185694248	0.11308560767275504	-0.11001902766864145	0.1260998359601716	-0.09103997700187946	0.1220329918339649	-0.13150429375453476	0.1517105135511111	-0.1515873639780811	0.1351019483065343	-0.17519322064309262	0.1712374372328947	-0.2130213952399978	0.15790530399224936	-0.14158146031351682	0.14585117690959637	-0.21875563435981746	0.2299283731775122	-0.15245288142089913	0.12172577411838875	-0.22727913836348035	0.2275395648214419	-0.396658307216004	0.10424820872172468	-0.10709971000667966	0.06498470246467981	-0.6162924384303046	0.9999999999999892	-0.04918617479680801	0.05114823088675222	-0.07080030069710791	0.28359306317252897	-0.4033629100134017	0.07720596685241862	-0.08256283292111724
0.01976417835459536	-0.024606339132504856	0.03079861551634233	-0.027132508599558812	0.030548729417926745	-0.01605957534401177	0.021018260734271803	-0.025055539847281035	0.022480477392714637	-0.022637716626516917	0.019459426748927568	-0.023514510439431566	0.023297358766090546	-0.030006889662314018	0.022664594781536873	-0.025214149526066525	0.026536592418173955	-0.03275713550203285	0.034812058805234684	-0.03515974771999737	0.028629563053693737	-0.03160214329588963	0.041984407604022375	-0.0451573164743434	0.04648909545310208	-0.023230518229814045	0.03361531653231268	-0.050805016686002354	0.06056551738251156	-0.05935147299700982	0.030776004604285836	-0.030089066372871325	0.06070319280963693	-0.3024885694212267	0.2204806120118131	-0.008006294470524023	0.033968102772247856	-0.04918617479680801	0.9999999999999892	-0.9111754778369773	0.008676655447859465	-0.03235089609451444	0.045412355501499566	-0.12633690781775686	0.11458568207764679
-0.021649302569230613	0.026804316707020107	-0.033778553868199786	0.02962849160799524	-0.03353737904507687	0.017544284980905822	-0.022969325566175303	0.027296120725989095	-0.02474852727529124	0.024845067890300818	-0.021266741490684773	0.02564406010940536	-0.025483536147565034	0.03288210908779676	-0.025047130307434648	0.027457644085590854	-0.029021331573294225	0.035707498489015006	-0.03850320489240716	0.03874498956825255	-0.03139356653485354	0.034389604538679446	-0.046020749361335364	0.05027665454262361	-0.05337989182825123	0.02532859028105545	-0.03675975460225872	0.05306496491668048	-0.0709410328209985	0.068256852533301	-0.033644619027635055	0.0325012725343778	-0.06358671450464834	0.22719989349305883	-0.2864365549878949	0.008696322378945132	-0.03641275486718245	0.05114823088675222	-0.9111754778369773	0.9999999999999888	-0.009438305196917223	0.034424663386272106	-0.048855269593097016	0.11790633275953324	-0.13452145325205633
0.02578036119462588	-0.03299332732772037	0.037369115729456	-0.03329469350168149	0.0355226119852442	-0.021569182768538326	0.027586978033912423	-0.03286841756055869	0.025014237385440983	-0.025284110524774743	0.026568837894494726	-0.032511517923129764	0.02958377599390532	-0.034168030189678705	0.023688553423317573	-0.03654452076112654	0.03651409811330678	-0.04102685601677791	0.037880117632391894	-0.03586240318521435	0.05990879318509421	-0.05486498697934691	0.04691842495331411	-0.03823407678799162	0.03127097455345363	-0.07605593371056578	0.0655108735970771	-0.04038172389944597	0.029621841167129744	-0.025605976801348195	0.13188007558128995	-0.10517420422481225	0.04230696073254698	-0.018976230332040083	0.018932441646102912	-0.9749301792997263	0.07297496420083455	-0.07080030069710791	0.008676655447859465	-0.009438305196917223	0.9999999999999877	-0.07787263583347717	0.06561234075625835	-0.014705879806476564	0.014999136649215383
-0.06845034570356542	0.08453457636124553	-0.10829889283214195	0.09176497380226424	-0.10628985346572313	0.055281334430660134	-0.07186132459217048	0.0832380095765679	-0.06857194644759979	0.06831959287864049	-0.0669355709553649	0.07999869660593693	-0.07679948078412455	0.09046544905777472	-0.06424568000841964	0.08697384510799325	-0.09061498881887935	0.10368854716318374	-0.103417232711979	0.09544562294959563	-0.1225019441474001	0.11604688844240456	-0.12742118224702823	0.10216968575782043	-0.08957249696381238	0.10586929240982348	-0.15170435395354295	0.12219109729495674	-0.08949058493001719	0.07495330128678108	-0.17149938354306996	0.17897374776194921	-0.1454120998645333	0.06132711725567343	-0.06242176805976586	0.06974845762285925	-0.5632597527328287	0.28359306317252897	-0.03235089609451444	0.034424663386272106	-0.07787263583347717	0.9999999999999877	-0.7037095411856362	0.08320911298992364	-0.08616680186651648
0.09210130022256173	-0.11998453950392918	0.15079527578622864	-0.13531497994112418	0.15244128756239983	-0.07547489283924694	0.0986570206329663	-0.11681782370642524	0.09745457412762323	-0.09878841076264505	0.08993810532456636	-0.10869863669545511	0.10442427194936141	-0.1299542687535061	0.09097434139255695	-0.11836276020496485	0.11829002627439966	-0.14086885586808157	0.13925149225658884	-0.13696147433025008	0.1355721829450175	-0.13962678108855134	0.15735913775435015	-0.13752114288226655	0.11761789329158906	-0.11781332752758371	0.16199444052665007	-0.16312675325674603	0.11555083894758925	-0.10091060787047353	0.16719991328636458	-0.18660986344808111	0.17507287745588615	-0.08326380772280204	0.08209067875372128	-0.06283778551381287	0.3014136720438846	-0.4033629100134017	0.045412355501499566	-0.048855269593097016	0.06561234075625835	-0.7037095411856362	0.9999999999999886	-0.14564217149454547	0.12433316289681959
