0.9999999999999999	-0.6600006429786704	0.23719043718697636	-0.2150827084098815	0.09504304927980924	-0.6131471988617624	0.2833594898212114	-0.21481394292224634	0.15503583861762815	-0.09019265081454714	0.14001668769558032	-0.12754614782300389	0.1314386998804012	-0.14706879214409324	0.07927789705873019	-0.08472623317525901	0.09439440447795781	-0.08198637874106698	0.07157233474725473	-0.09579147373557383	0.0779662355101574	-0.06551429192113874	0.06230120803094269	-0.057552486156677046	0.016885763327479472	-0.057445182298836696	0.06323055885944849	-0.0520160700573137	0.07036072864276227	-0.01689689746671629	0.07308363008560478	-0.04174659437312142	0.042406668448422315	-0.023119448776105306	0.02778747173640402
-0.6600006429786704	0.9999999999999999	-0.4260620149616423	0.22104544386907912	-0.10510549177452377	0.31056024010421535	-0.47132151104362635	0.2582408988187144	-0.178839062993175	0.09546484016171607	-0.1361833967246356	0.12538147957146467	-0.13656376783110402	0.14395408329620224	-0.07904053919394786	0.08083201800091325	-0.09378459562408749	0.08061165362582645	-0.07172447156756216	0.09055086906551284	-0.0768371271243486	0.06395085584997007	-0.06178373876477443	0.056508197660568804	-0.01647166906348637	0.05571065176971639	-0.06193177970126719	0.05113697145590728	-0.07023204489372609	0.01641360786141864	-0.07070711222994648	0.04046395751965375	-0.04135517285591698	0.022710889813406902	-0.027317139991132416
0.23719043718697636	-0.4260620149616423	1.0	-0.5289224524463098	0.15123011253549437	-0.28465993082823193	0.30205703243047477	-0.5749994669252906	0.268514013267802	-0.1452097391981228	0.13564070038737908	-0.13113658370698492	0.15456131846700352	-0.19472397928858565	0.10179692742104363	-0.08383576914512715	0.0971723948240389	-0.08930557835072991	0.0790699804472287	-0.11551632680473457	0.07940804674756644	-0.06706599736875428	0.06634820181873666	-0.06199172440956389	0.018703988005498023	-0.058697707949716474	0.06503948819263376	-0.055057941572363094	0.07600159531732645	-0.018664413661263087	0.07443163008918309	-0.04305374460242879	0.04388684087578358	-0.02432118094933322	0.029190962704844035
-0.2150827084098815	0.22104544386907912	-0.5289224524463098	1.0000000000000007	-0.31139613683239176	0.22544830000062116	-0.2798365262557294	0.2978062345655496	-0.5425480390243141	0.22970846556407212	-0.18734890407449636	0.1633742405762656	-0.23065565020744289	0.2552176223126814	-0.14855581917601518	0.11446027314089274	-0.13958588242553746	0.12586341513421134	-0.1168362548872446	0.15045914244039615	-0.11348482244821535	0.09468358810523306	-0.09691736217003531	0.08877549899671602	-0.026468978913701154	0.08282195492263154	-0.09328092907791884	0.07927087826930083	-0.1127695775806008	0.026200635235470775	-0.10616918906795789	0.06116547382710129	-0.06313645379948474	0.03533422229830957	-0.04251678567562889
0.09504304927980924	-0.10510549177452377	0.15123011253549437	-0.31139613683239176	1.0000000000000013	-0.1303368255016096	0.12881279954854163	-0.1601579105438617	0.2469783060711681	-0.8760111382696442	0.09436140625693873	-0.09124843086185049	0.12111214170011207	-0.1864212420775692	0.1329926651595059	-0.06012745974482177	0.07110253194981428	-0.07016685451147558	0.06301434154935052	-0.14751622611691395	0.05781240330249197	-0.04934312389176209	0.05067612882949131	-0.04897383729350822	0.017032752949348307	-0.04337871429982523	0.04817153780629268	-0.04214432589766952	0.058940751580597056	-0.01705919298607411	0.055116605577329586	-0.032308265053495974	0.03294077649578392	-0.018548839899035285	0.02220584937472441
-0.6131471988617624	0.31056024010421535	-0.28465993082823193	0.22544830000062116	-0.1303368255016096	1.0000000000000016	-0.47725453764989906	0.2451148641087935	-0.20931687841327998	0.11564954525028659	-0.2695568635162575	0.19558684712778826	-0.21231020255600494	0.19207885743184586	-0.10837496607022902	0.1447336408653869	-0.16743433717454856	0.13201183769300268	-0.11898558398400451	0.12556485573700024	-0.13862900894540772	0.11266308196322171	-0.1061751319155323	0.0942985724118053	-0.02641907137164337	0.09791427747492494	-0.10961864041018934	0.08746044440532127	-0.11977912496447904	0.02627004438932298	-0.12550243869762845	0.07042982147129342	-0.07243732988701973	0.0392982467078865	-0.04744155805162986
0.2833594898212114	-0.47132151104362635	0.30205703243047477	-0.2798365262557294	0.12881279954854163	-0.47725453764989906	1.0000000000000024	-0.5564833171660496	0.23256369392818796	-0.1273359794545198	0.17702940482998755	-0.20827379157162515	0.18221168948499322	-0.2111488398989108	0.10781351993898584	-0.10680146685522184	0.11853117374764469	-0.10650704971399291	0.09125848866758185	-0.1289106987052521	0.0968530055399634	-0.08194711479672007	0.07782108320661844	-0.0727123884224091	0.021472809952980048	-0.07089931101395816	0.0777086937177868	-0.0650311877726151	0.08766804442794143	-0.021500977848741255	0.08795598620236532	-0.051114371530204594	0.051656440835059506	-0.0284059081562505	0.034041745912431684
-0.21481394292224634	0.2582408988187144	-0.5749994669252906	0.2978062345655496	-0.1601579105438617	0.2451148641087935	-0.5564833171660496	1.0000000000000022	-0.4136394057323839	0.14786454469438592	-0.14896873382649584	0.14536704878331128	-0.18022323566257076	0.20663143070776233	-0.10940932282302818	0.08960554179059078	-0.10516562723050157	0.09602783698291115	-0.0858366675477878	0.11702615533320822	-0.08543922110432375	0.07170908776348123	-0.07126680417362283	0.06603699235006495	-0.01965264177328322	0.06215595527253828	-0.06918815558007177	0.05876829986240788	-0.08172867071764195	0.019548689686865718	-0.07799057707712723	0.04531677130066036	-0.046307347368243885	0.025812062420192582	-0.0309768190748098
0.15503583861762815	-0.178839062993175	0.268514013267802	-0.5425480390243141	0.2469783060711681	-0.20931687841327998	0.23256369392818796	-0.4136394057323839	1.000000000000003	-0.33763367643919323	0.15373337990657607	-0.15588559212654424	0.21440169410579818	-0.4818126406398823	0.17084639522556816	-0.09629046070061167	0.113180674553752	-0.11325267337945219	0.10024902622788853	-0.18085369445533622	0.0916166484099471	-0.07804162415518137	0.07979302761779103	-0.07645214695202095	0.024243203581555083	-0.06772279125705498	0.07519469802232408	-0.06604442054780643	0.09224531919466926	-0.02417582843655706	0.08443592935837103	-0.04982194048698726	0.05076349351616091	-0.028681232607510092	0.03430976712777373
-0.09019265081454714	0.09546484016171607	-0.1452097391981228	0.22970846556407212	-0.8760111382696442	0.11564954525028659	-0.1273359794545198	0.14786454469438592	-0.33763367643919323	1.0000000000000016	-0.09508008253172445	0.08863350146389991	-0.12470726021472925	0.17643106900715957	-0.14932977049365304	0.05959581645255186	-0.07153547944926315	0.0691761569208942	-0.06331754485543908	0.13521771320268675	-0.058039682711586625	0.049165519852770186	-0.050788369072177306	0.04836666603392091	-0.016475099445745673	0.04304131226590346	-0.04809088153887889	0.041940299818179365	-0.05926556291483524	0.016405047388207954	-0.05464771208994596	0.031972185166606056	-0.03275719374237141	0.018492822509776376	-0.022166183698922502
0.14001668769558032	-0.1361833967246356	0.13564070038737908	-0.18734890407449636	0.09436140625693873	-0.2695568635162575	0.17702940482998755	-0.14896873382649584	0.15373337990657607	-0.09508008253172445	1.0000000000000013	-0.6214270652413544	0.2744850125981779	-0.2468501098302553	0.12270275353561488	-0.47871778618263944	0.25369693448648506	-0.18702070374026844	0.13816664236827703	-0.16328357829917692	0.22305161353609407	-0.18809700174085742	0.12897905188511452	-0.11693425630940973	0.030910824376237718	-0.14373123588089473	0.1429607795172843	-0.11205953083067284	0.13017565283384877	-0.03129238684826215	0.1356072436918339	-0.08513937029153898	0.08104695177606613	-0.04342516200479636	0.05135022795573998
-0.12754614782300389	0.12538147957146467	-0.13113658370698492	0.1633742405762656	-0.09124843086185049	0.19558684712778826	-0.20827379157162515	0.14536704878331128	-0.15588559212654424	0.08863350146389991	-0.6214270652413544	1.0	-0.5714213405295585	0.23479220965325318	-0.11864726035069899	0.23250470739584803	-0.25369971931909036	0.1886656469546411	-0.14888537363029433	0.1403736919210784	-0.19225195623359648	0.15486165403311986	-0.1259278003791775	0.11178552524681462	-0.02893055076074668	0.11765118945417039	-0.1275566268594567	0.10383358250145877	-0.13112003473568035	0.028958613748953362	-0.11987507099423185	0.07436669386209421	-0.0731079634477171	0.040585749575260364	-0.048103132885489015
0.1314386998804012	-0.13656376783110402	0.15456131846700352	-0.23065565020744289	0.12111214170011207	-0.21231020255600494	0.18221168948499322	-0.18022323566257076	0.21440169410579818	-0.12470726021472925	0.2744850125981779	-0.5714213405295585	1.0000000000000002	-0.5017265212295386	0.18029639821982296	-0.18302162553694828	0.1930018472813747	-0.32082791883087175	0.19008638987990786	-0.22491786961619467	0.15012415471096646	-0.13694742601291116	0.14070586502331883	-0.14162579480390627	0.03701953762870493	-0.1117241105963051	0.11928538791230407	-0.11773313607299521	0.15331934503846112	-0.03725123951566754	0.12275289385641411	-0.0786219528592587	0.07735624800077386	-0.045202605171050604	0.053088590775120334
-0.14706879214409324	0.14395408329620224	-0.19472397928858565	0.2552176223126814	-0.1864212420775692	0.19207885743184586	-0.2111488398989108	0.20663143070776233	-0.4818126406398823	0.17643106900715957	-0.2468501098302553	0.23479220965325318	-0.5017265212295386	0.9999999999999996	-0.383205164621055	0.14734439905031765	-0.17930728966693069	0.18443503109085618	-0.17218957622984923	0.2620084909533776	-0.1431487019089168	0.12077724212494047	-0.12783221041876236	0.12091130062807112	-0.037468252840448385	0.10264412740054123	-0.11527426225652164	0.10383075433964245	-0.14890558445269855	0.03693146324717368	-0.12455247426045382	0.07478425102067782	-0.07666845066372677	0.04429922894982826	-0.05291676940707839
0.07927789705873019	-0.07904053919394786	0.10179692742104363	-0.14855581917601518	0.1329926651595059	-0.10837496607022902	0.10781351993898584	-0.10940932282302818	0.17084639522556816	-0.14932977049365304	0.12270275353561488	-0.11864726035069899	0.18029639821982296	-0.383205164621055	1.0000000000000013	-0.0791719016597255	0.09583042257676466	-0.10680465114950725	0.10207036388614277	-0.8548615742699157	0.07699342867172963	-0.06647596430015319	0.0721231967790636	-0.07584576768395807	0.04197333948449935	-0.05774198201395269	0.06445396002897583	-0.06028678321230086	0.08660297277057366	-0.042173923492329776	0.07141464431537785	-0.04340233035628536	0.04431917176425354	-0.026127533259562977	0.031058350302724844
-0.08472623317525901	0.08083201800091325	-0.08383576914512715	0.11446027314089274	-0.06012745974482177	0.1447336408653869	-0.10680146685522184	0.08960554179059078	-0.09629046070061167	0.05959581645255186	-0.47871778618263944	0.23250470739584803	-0.18302162553694828	0.14734439905031765	-0.0791719016597255	0.9999999999999997	-0.5412126348619499	0.17017419615683316	-0.13206372759396517	0.1027949019205051	-0.5400660305920948	0.2900782171399847	-0.14806815538898174	0.1110726094900732	-0.026704218430491478	0.18696879620030163	-0.1952336822406492	0.12399865744386855	-0.1299158013343278	0.026922551265250897	-0.14526796831455135	0.09017862349397157	-0.08491751406308769	0.04369065540618236	-0.05169082439104904
0.09439440447795781	-0.09378459562408749	0.0971723948240389	-0.13958588242553746	0.07110253194981428	-0.16743433717454856	0.11853117374764469	-0.10516562723050157	0.113180674553752	-0.07153547944926315	0.25369693448648506	-0.25369971931909036	0.1930018472813747	-0.17930728966693069	0.09583042257676466	-0.5412126348619499	0.9999999999999988	-0.2775448792303594	0.1716465319603054	-0.12861391179379536	0.3200790756700267	-0.5614296694679672	0.19057533324152592	-0.15125195356042198	0.03410194210186252	-0.22380625071312904	0.2202653714301969	-0.168864431542405	0.16151251958936466	-0.034648820749847514	0.16522781160250571	-0.11313645899985392	0.10230159983833395	-0.05372415102103931	0.06274226910686047
-0.08198637874106698	0.08061165362582645	-0.08930557835072991	0.12586341513421134	-0.07016685451147558	0.13201183769300268	-0.10650704971399291	0.09602783698291115	-0.11325267337945219	0.0691761569208942	-0.18702070374026844	0.1886656469546411	-0.32082791883087175	0.18443503109085618	-0.10680465114950725	0.17017419615683316	-0.2775448792303594	0.9999999999999994	-0.669030217224433	0.13210349537529287	-0.1664896677734268	0.17658181031199796	-0.3275646464747006	0.27969422965063157	-0.05457433456555707	0.13317713896372618	-0.15094379016633463	0.21885736623485172	-0.32328402793360217	0.0535320205089099	-0.13429424047960759	0.10124211806012696	-0.10209096256201117	0.07164869568523777	-0.08230032846861338
0.07157233474725473	-0.07172447156756216	0.0790699804472287	-0.1168362548872446	0.06301434154935052	-0.11898558398400451	0.09125848866758185	-0.0858366675477878	0.10024902622788853	-0.06331754485543908	0.13816664236827703	-0.14888537363029433	0.19008638987990786	-0.17218957622984923	0.10207036388614277	-0.13206372759396517	0.1716465319603054	-0.669030217224433	1.0	-0.13910559276449214	0.12443460272333495	-0.13505015709149165	0.2060283057741194	-0.5539488578105211	0.06006950421025618	-0.11049707779234226	0.11957349364435335	-0.19546209674072407	0.2763609992796682	-0.060805300719006486	0.11232267248340402	-0.0880252759794494	0.08592339281036378	-0.06238153148209008	0.06927645341456662
-0.09579147373557383	0.09055086906551284	-0.11551632680473457	0.15045914244039615	-0.14751622611691395	0.12556485573700024	-0.1289106987052521	0.11702615533320822	-0.18085369445533622	0.13521771320268675	-0.16328357829917692	0.1403736919210784	-0.22491786961619467	0.2620084909533776	-0.8548615742699157	0.1027949019205051	-0.12861391179379536	0.13210349537529287	-0.13910559276449214	0.9999999999999981	-0.10343491752322287	0.08782918811469861	-0.09634734616750437	0.097536974311927	-0.05552705058802887	0.07652336029968286	-0.08656608287288874	0.07937507115438823	-0.11747631991495111	0.05207331481088241	-0.09629819636779094	0.05772796433015108	-0.0596666010487849	0.03512455127443943	-0.04197175048396326
0.0779662355101574	-0.0768371271243486	0.07940804674756644	-0.11348482244821535	0.05781240330249197	-0.13862900894540772	0.0968530055399634	-0.08543922110432375	0.0916166484099471	-0.058039682711586625	0.22305161353609407	-0.19225195623359648	0.15012415471096646	-0.1431487019089168	0.07699342867172963	-0.5400660305920948	0.3200790756700267	-0.1664896677734268	0.12443460272333495	-0.10343491752322287	0.9999999999999998	-0.5979106861777421	0.1709320732992822	-0.11879433191697032	0.027838333750563986	-0.3462594740236787	0.25746754041565945	-0.15443400341256072	0.13360087960913836	-0.02833462475242947	0.1735556815643423	-0.1114313844984081	0.09920399784600757	-0.048699734145575435	0.05728062221896539
-0.06551429192113874	0.06395085584997007	-0.06706599736875428	0.09468358810523306	-0.04934312389176209	0.11266308196322171	-0.08194711479672007	0.07170908776348123	-0.07804162415518137	0.049165519852770186	-0.18809700174085742	0.15486165403311986	-0.13694742601291116	0.12077724212494047	-0.06647596430015319	0.2900782171399847	-0.5614296694679672	0.17658181031199796	-0.13505015709149165	0.08782918811469861	-0.5979106861777421	0.9999999999999997	-0.25308607521789367	0.12507115073725597	-0.027967996999998575	0.2509751731568947	-0.36118526317167443	0.17975224916906066	-0.1478262095970641	0.028361279143855972	-0.16149644220316242	0.11101529698233568	-0.10133695964189657	0.05011930543528269	-0.05870388481428737
0.06230120803094269	-0.06178373876477443	0.06634820181873666	-0.09691736217003531	0.05067612882949131	-0.1061751319155323	0.07782108320661844	-0.07126680417362283	0.07979302761779103	-0.050788369072177306	0.12897905188511452	-0.1259278003791775	0.14070586502331883	-0.12783221041876236	0.0721231967790636	-0.14806815538898174	0.19057533324152592	-0.3275646464747006	0.2060283057741194	-0.09634734616750437	0.1709320732992822	-0.25308607521789367	1.0000000000000027	-0.2631596214982154	0.04631105878632899	-0.1715312875406545	0.19029188663436833	-0.7727037120977786	0.27208820551075474	-0.048173766645425734	0.13598745901533638	-0.12461393551481569	0.11747964778325662	-0.0710549690101944	0.07680583961026344
-0.057552486156677046	0.056508197660568804	-0.06199172440956389	0.08877549899671602	-0.04897383729350822	0.0942985724118053	-0.0727123884224091	0.06603699235006495	-0.07645214695202095	0.04836666603392091	-0.11693425630940973	0.11178552524681462	-0.14162579480390627	0.12091130062807112	-0.07584576768395807	0.1110726094900732	-0.15125195356042198	0.27969422965063157	-0.5539488578105211	0.097536974311927	-0.11879433191697032	0.12507115073725597	-0.2631596214982154	1.0	-0.10219794110046217	0.10823331247082377	-0.12481277905581815	0.2282022226011543	-0.6665647256827006	0.09323380033790499	-0.1123741674543848	0.09855035861114217	-0.10222091769038802	0.09423685493203732	-0.10468878988399048
0.016885763327479472	-0.01647166906348637	0.018703988005498023	-0.026468978913701154	0.017032752949348307	-0.02641907137164337	0.021472809952980048	-0.01965264177328322	0.024243203581555083	-0.016475099445745673	0.030910824376237718	-0.02893055076074668	0.03701953762870493	-0.037468252840448385	0.04197333948449935	-0.026704218430491478	0.03410194210186252	-0.05457433456555707	0.06006950421025618	-0.05552705058802887	0.027838333750563986	-0.027967996999998575	0.04631105878632899	-0.10219794110046217	1.0000000000000007	-0.026070570103845538	0.02913000641361745	-0.04574065783128093	0.09300602015571159	-0.9853098294622705	0.029633109338107783	-0.028740694954455977	0.028155146840993277	-0.03171908732425116	0.035259372160613936
-0.057445182298836696	0.05571065176971639	-0.058697707949716474	0.08282195492263154	-0.04337871429982523	0.09791427747492494	-0.07089931101395816	0.06215595527253828	-0.06772279125705498	0.04304131226590346	-0.14373123588089473	0.11765118945417039	-0.1117241105963051	0.10264412740054123	-0.05774198201395269	0.18696879620030163	-0.22380625071312904	0.13317713896372618	-0.11049707779234226	0.07652336029968286	-0.3462594740236787	0.2509751731568947	-0.1715312875406545	0.10823331247082377	-0.026070570103845538	1.0000000000000007	-0.7411161936205899	0.1583443261559807	-0.13797083094466098	0.026372384149555436	-0.39352351562792753	0.16413607859040596	-0.14890575824535604	0.06236694685110218	-0.07539287529237564
0.06323055885944849	-0.06193177970126719	0.06503948819263376	-0.09328092907791884	0.04817153780629268	-0.10961864041018934	0.0777086937177868	-0.06918815558007177	0.07519469802232408	-0.04809088153887889	0.1429607795172843	-0.1275566268594567	0.11928538791230407	-0.11527426225652164	0.06445396002897583	-0.1952336822406492	0.2202653714301969	-0.15094379016633463	0.11957349364435335	-0.08656608287288874	0.25746754041565945	-0.36118526317167443	0.19029188663436833	-0.12481277905581815	0.02913000641361745	-0.7411161936205899	1.0000000000000007	-0.22142136779747112	0.15063058699158677	-0.029710191358950536	0.2534373969572562	-0.22271653199194055	0.16324716142064694	-0.06899469797645298	0.08155475414122948
-0.0520160700573137	0.05113697145590728	-0.055057941572363094	0.07927087826930083	-0.04214432589766952	0.08746044440532127	-0.0650311877726151	0.05876829986240788	-0.06604442054780643	0.041940299818179365	-0.11205953083067284	0.10383358250145877	-0.11773313607299521	0.10383075433964245	-0.06028678321230086	0.12399865744386855	-0.168864431542405	0.21885736623485172	-0.19546209674072407	0.07937507115438823	-0.15443400341256072	0.17975224916906066	-0.7727037120977786	0.2282022226011543	-0.04574065783128093	0.1583443261559807	-0.22142136779747112	1.0000000000000002	-0.4368980800684333	0.046567711345252776	-0.12783616752296037	0.12342221510715679	-0.1315434730739011	0.07942257489928783	-0.08576020191058115
0.07036072864276227	-0.07023204489372609	0.07600159531732645	-0.1127695775806008	0.058940751580597056	-0.11977912496447904	0.08766804442794143	-0.08172867071764195	0.09224531919466926	-0.05926556291483524	0.13017565283384877	-0.13112003473568035	0.15331934503846112	-0.14890558445269855	0.08660297277057366	-0.1299158013343278	0.16151251958936466	-0.32328402793360217	0.2763609992796682	-0.11747631991495111	0.13360087960913836	-0.1478262095970641	0.27208820551075474	-0.6665647256827006	0.09300602015571159	-0.13797083094466098	0.15063058699158677	-0.4368980800684333	1.0000000000000009	-0.10217269257243863	0.13575938766228482	-0.131221593261664	0.12738970361623328	-0.143433029142173	0.12970412621126537
-0.01689689746671629	0.01641360786141864	-0.018664413661263087	0.026200635235470775	-0.01705919298607411	0.02627004438932298	-0.021500977848741255	0.019548689686865718	-0.02417582843655706	0.016405047388207954	-0.03129238684826215	0.028958613748953362	-0.03725123951566754	0.03693146324717368	-0.042173923492329776	0.026922551265250897	-0.034648820749847514	0.0535320205089099	-0.060805300719006486	0.05207331481088241	-0.02833462475242947	0.028361279143855972	-0.048173766645425734	0.09323380033790499	-0.9853098294622705	0.026372384149555436	-0.029710191358950536	0.046567711345252776	-0.10217269257243863	1.0000000000000013	-0.030047135115761944	0.029051957851318665	-0.0289036346463251	0.03253046867345453	-0.0374719928368903
0.07308363008560478	-0.07070711222994648	0.07443163008918309	-0.10616918906795789	0.055116605577329586	-0.12550243869762845	0.08795598620236532	-0.07799057707712723	0.08443592935837103	-0.05464771208994596	0.1356072436918339	-0.11987507099423185	0.12275289385641411	-0.12455247426045382	0.07141464431537785	-0.14526796831455135	0.16522781160250571	-0.13429424047960759	0.11232267248340402	-0.09629819636779094	0.1735556815643423	-0.16149644220316242	0.13598745901533638	-0.1123741674543848	0.029633109338107783	-0.39352351562792753	0.2534373969572562	-0.12783616752296037	0.13575938766228482	-0.030047135115761944	1.0000000000000007	-0.254934125523755	0.19410118020473038	-0.08058620461249887	0.09778750443856643
-0.04174659437312142	0.04046395751965375	-0.04305374460242879	0.06116547382710129	-0.032308265053495974	0.07042982147129342	-0.051114371530204594	0.04531677130066036	-0.04982194048698726	0.031972185166606056	-0.08513937029153898	0.07436669386209421	-0.0786219528592587	0.07478425102067782	-0.04340233035628536	0.09017862349397157	-0.11313645899985392	0.10124211806012696	-0.0880252759794494	0.05772796433015108	-0.1114313844984081	0.11101529698233568	-0.12461393551481569	0.09855035861114217	-0.028740694954455977	0.16413607859040596	-0.22271653199194055	0.12342221510715679	-0.131221593261664	0.029051957851318665	-0.254934125523755	1.0000000000000004	-0.8404388836240109	0.2092063824031955	-0.26617170919952254
0.042406668448422315	-0.04135517285591698	0.04388684087578358	-0.06313645379948474	0.03294077649578392	-0.07243732988701973	0.051656440835059506	-0.046307347368243885	0.05076349351616091	-0.03275719374237141	0.08104695177606613	-0.0731079634477171	0.07735624800077386	-0.07666845066372677	0.04431917176425354	-0.08491751406308769	0.10230159983833395	-0.10209096256201117	0.08592339281036378	-0.0596666010487849	0.09920399784600757	-0.10133695964189657	0.11747964778325662	-0.10222091769038802	0.028155146840993277	-0.14890575824535604	0.16324716142064694	-0.1315434730739011	0.12738970361623328	-0.0289036346463251	0.19410118020473038	-0.8404388836240109	1.0000000000000009	-0.3030309920444919	0.22866770771959213
-0.023119448776105306	0.022710889813406902	-0.02432118094933322	0.03533422229830957	-0.018548839899035285	0.0392982467078865	-0.0284059081562505	0.025812062420192582	-0.028681232607510092	0.018492822509776376	-0.04342516200479636	0.040585749575260364	-0.045202605171050604	0.04429922894982826	-0.026127533259562977	0.04369065540618236	-0.05372415102103931	0.07164869568523777	-0.06238153148209008	0.03512455127443943	-0.048699734145575435	0.05011930543528269	-0.0710549690101944	0.09423685493203732	-0.03171908732425116	0.06236694685110218	-0.06899469797645298	0.07942257489928783	-0.143433029142173	0.03253046867345453	-0.08058620461249887	0.2092063824031955	-0.3030309920444919	1.0000000000000009	-0.9095652907962986
0.02778747173640402	-0.027317139991132416	0.029190962704844035	-0.04251678567562889	0.02220584937472441	-0.04744155805162986	0.034041745912431684	-0.0309768190748098	0.03430976712777373	-0.022166183698922502	0.05135022795573998	-0.048103132885489015	0.053088590775120334	-0.05291676940707839	0.031058350302724844	-0.05169082439104904	0.06274226910686047	-0.08230032846861338	0.06927645341456662	-0.04197175048396326	0.05728062221896539	-0.05870388481428737	0.07680583961026344	-0.10468878988399048	0.035259372160613936	-0.07539287529237564	0.08155475414122948	-0.08576020191058115	0.12970412621126537	-0.0374719928368903	0.09778750443856643	-0.26617170919952254	0.22866770771959213	-0.9095652907962986	1.0000000000000009
