1.0000000000000002	-0.641236403577745	0.16463381622689896	-0.0710555031900843	0.08843816014667526	-0.6691554158562437	0.13063711304365666	-0.1032084620315958	0.08701447005996113	-0.0926176247834122	0.25049486561194967	-0.11685061356830116	0.11061138317387909	-0.07833960656290108	0.08123744771192956	-0.10597093040933438	0.111171754475144	-0.08559071838903454	0.0761284953956044	-0.08894883292296515	0.1251832711844064	-0.11055654079458208	0.0843741756760823	-0.06056349938866379	0.07353965073945057
-0.641236403577745	1.0	-0.3417945534141633	0.13069570324214133	-0.16709833399286078	0.31851281471121273	-0.24162438988336485	0.16865713655124756	-0.14879760527193275	0.15084624996577498	-0.3918951593134441	0.1838785895259616	-0.1885320261592476	0.1296744491231042	-0.1369644521454333	0.162760935815426	-0.1851616143024889	0.14060163756907432	-0.1269820109956198	0.14407257059379439	-0.21136202726276582	0.173377815941195	-0.14088296401156025	0.10007585804228877	-0.123620363797253
0.16463381622689896	-0.3417945534141633	1.0	-0.46274049679655027	0.2978578874151999	-0.21309800848461946	0.1725393943067066	-0.18241901449428252	0.16910378507778623	-0.19549024587411667	0.21519527171906452	-0.15263657719537765	0.17120003128402644	-0.14613956399956182	0.15326746319105497	-0.11333757637730002	0.15348522315552002	-0.1346900153727571	0.13085223901467063	-0.161796605027884	0.14036759275562055	-0.17845037982952258	0.1355920502014738	-0.10234690627017183	0.12398096134722619
-0.0710555031900843	0.13069570324214133	-0.46274049679655027	1.0000000000000002	-0.8211439949617969	0.09049879960691282	-0.09668218478096847	0.1046126485279641	-0.14637298991394454	0.1296816798367479	-0.1016339307783835	0.08081699819841301	-0.09600022702596736	0.09761500323687779	-0.09890213347681806	0.05558308335030254	-0.08153084479616117	0.0746365973321386	-0.07768548317029846	0.09179780049092691	-0.06855646535788129	0.09178719565825554	-0.07292174630049997	0.056689759094710745	-0.0679749679968068
0.08843816014667526	-0.16709833399286078	0.2978578874151999	-0.8211439949617969	1.0000000000000013	-0.11938634973548448	0.11358741683384747	-0.12072345498428813	0.14343649017759644	-0.167294032769282	0.1294248025662222	-0.10003086627177997	0.11667612947165514	-0.11449514404196744	0.11902866047698281	-0.07088719396836435	0.1013398799538819	-0.0924066436673707	0.09413626560919053	-0.1155551245130408	0.08750829027326185	-0.11837918535659166	0.09169796651518161	-0.07098149105954409	0.08529256983710679
-0.6691554158562437	0.31851281471121273	-0.21309800848461946	0.09049879960691282	-0.11938634973548448	1.0000000000000016	-0.17317474465250088	0.13216021467465366	-0.11847074630090897	0.12311132543123028	-0.5121044562623629	0.16568261059444941	-0.15928605340704075	0.1068312049694212	-0.11230536533344652	0.1704073588435252	-0.16568249244487807	0.12141625132207592	-0.10679042504321822	0.12184092583676416	-0.20913077216784892	0.15410508929611658	-0.12098200614745393	0.08525107013926293	-0.10461387860343786
0.13063711304365666	-0.24162438988336485	0.1725393943067066	-0.09668218478096847	0.11358741683384747	-0.17317474465250088	1.0000000000000009	-0.6620296401889848	0.25707785691285706	-0.2540367822550662	0.2119149637611786	-0.4693118308187683	0.2681740605482219	-0.2186376338084344	0.18908882408700303	-0.13363653079741197	0.25044983947753696	-0.2082759787190129	0.1769220700712287	-0.21010545763274535	0.14778060924494874	-0.22692884040511196	0.16936863022116172	-0.1303966052927901	0.14730741943174694
-0.1032084620315958	0.16865713655124756	-0.18241901449428252	0.1046126485279641	-0.12072345498428813	0.13216021467465366	-0.6620296401889848	1.0000000000000009	-0.4811202734938675	0.2439357256871806	-0.186074266520762	0.25803387491392393	-0.3476286380966506	0.23568378516168467	-0.21051065306178646	0.1162025915241761	-0.23150666648882254	0.20209870724372217	-0.1899253687783749	0.19711733191595343	-0.13582210437630415	0.1952834186122017	-0.1683450377151213	0.12778129770086888	-0.14850209015868723
0.08701447005996113	-0.14879760527193275	0.16910378507778623	-0.14637298991394454	0.14343649017759644	-0.11847074630090897	0.25707785691285706	-0.4811202734938675	1.0000000000000002	-0.5061520653208703	0.15740576983978383	-0.19701607867679036	0.24486981284053158	-0.5275689303419248	0.2961296060692698	-0.10123708566602632	0.18338714892800725	-0.1977410833284354	0.23427674005514895	-0.2571943288837986	0.11869896269496671	-0.19877139049100767	0.16771486771875022	-0.1461572536662331	0.16190967076608387
-0.0926176247834122	0.15084624996577498	-0.19549024587411667	0.1296816798367479	-0.167294032769282	0.12311132543123028	-0.2540367822550662	0.2439357256871806	-0.5061520653208703	0.999999999999999	-0.18030174733176263	0.18822021293634447	-0.2651581941901197	0.30553076698511744	-0.6454826781150165	0.11196950127413434	-0.20225967753547341	0.1953911767279823	-0.23687925956266148	0.2568962899906328	-0.1370907781360765	0.20183667579083525	-0.18903654822784302	0.1525852061074808	-0.19042316009829396
0.25049486561194967	-0.3918951593134441	0.21519527171906452	-0.1016339307783835	0.1294248025662222	-0.5121044562623629	0.2119149637611786	-0.186074266520762	0.15740576983978383	-0.18030174733176263	1.000000000000001	-0.31709505631607765	0.21375393463413755	-0.15220062279759683	0.15301493611282777	-0.4017523905570921	0.24403009621576147	-0.18206673216625308	0.15082378019886006	-0.1842700751692999	0.2759863095584426	-0.25894635090031826	0.17063506758188698	-0.12339502976338582	0.1439844767689965
-0.11685061356830116	0.1838785895259616	-0.15263657719537765	0.08081699819841301	-0.10003086627177997	0.16568261059444941	-0.4693118308187683	0.25803387491392393	-0.19701607867679036	0.18822021293634447	-0.31709505631607765	0.9999999999999984	-0.4077043163572213	0.18332652075070022	-0.17085864810622273	0.1881693178064527	-0.6046415159241733	0.2617900388888735	-0.18825250734344356	0.19815340121832742	-0.20036506160296524	0.24628940964124857	-0.2007897224070875	0.13915632669006012	-0.15957535633169068
0.11061138317387909	-0.1885320261592476	0.17120003128402644	-0.09600022702596736	0.11667612947165514	-0.15928605340704075	0.2681740605482219	-0.3476286380966506	0.24486981284053158	-0.2651581941901197	0.21375393463413755	-0.4077043163572213	1.0	-0.31143232461789794	0.22976882881215877	-0.15257780151885644	0.3023878243720008	-0.5591733567842281	0.27276368297284825	-0.30816177943637446	0.16690247347937126	-0.3283999460740442	0.25748377668070455	-0.1993308948704669	0.20602081832418465
-0.07833960656290108	0.1296744491231042	-0.14613956399956182	0.09761500323687779	-0.11449514404196744	0.1068312049694212	-0.2186376338084344	0.23568378516168467	-0.5275689303419248	0.30553076698511744	-0.15220062279759683	0.18332652075070022	-0.31143232461789794	0.9999999999999999	-0.49188077744911113	0.10094012668763076	-0.1967019993807845	0.2345382361693919	-0.47854730095617787	0.2900544191642621	-0.119413947248027	0.20290025584669752	-0.198972671928566	0.1788210424349966	-0.20090089238801653
0.08123744771192956	-0.1369644521454333	0.15326746319105497	-0.09890213347681806	0.11902866047698281	-0.11230536533344652	0.18908882408700303	-0.21051065306178646	0.2961296060692698	-0.6454826781150165	0.15301493611282777	-0.17085864810622273	0.22976882881215877	-0.49188077744911113	1.0000000000000007	-0.09987110849710519	0.1776300919711883	-0.20195935208278332	0.26182548656449445	-0.4070023015186823	0.11872408192660953	-0.21356360400189384	0.18200490210367826	-0.16782948228210706	0.19152104532939263
-0.10597093040933438	0.162760935815426	-0.11333757637730002	0.05558308335030254	-0.07088719396836435	0.1704073588435252	-0.13363653079741197	0.1162025915241761	-0.10123708566602632	0.11196950127413434	-0.4017523905570921	0.1881693178064527	-0.15257780151885644	0.10094012668763076	-0.09987110849710519	0.9999999999999984	-0.28422747591912556	0.14274898582231532	-0.10786497746063818	0.12337952144683574	-0.812805376778945	0.19740005731230018	-0.13233411908744389	0.08878576259790746	-0.10365625287056401
0.111171754475144	-0.1851616143024889	0.15348522315552002	-0.08153084479616117	0.1013398799538819	-0.16568249244487807	0.25044983947753696	-0.23150666648882254	0.18338714892800725	-0.20225967753547341	0.24403009621576147	-0.6046415159241733	0.3023878243720008	-0.1967019993807845	0.1776300919711883	-0.28422747591912556	0.9999999999999979	-0.43544572934818654	0.21546508808659237	-0.2401025781053134	0.2256443149376698	-0.3776002116336088	0.23938200628949347	-0.16813355549856576	0.1807376446185007
-0.08559071838903454	0.14060163756907432	-0.1346900153727571	0.0746365973321386	-0.0924066436673707	0.12141625132207592	-0.2082759787190129	0.20209870724372217	-0.1977410833284354	0.1953911767279823	-0.18206673216625308	0.2617900388888735	-0.5591733567842281	0.2345382361693919	-0.20195935208278332	0.14274898582231532	-0.43544572934818654	0.9999999999999974	-0.4311416039205428	0.27024850937100914	-0.15970234823474003	0.28685390562983015	-0.4087231174293342	0.2207711075186274	-0.2279229987202988
0.0761284953956044	-0.1269820109956198	0.13085223901467063	-0.07768548317029846	0.09413626560919053	-0.10679042504321822	0.1769220700712287	-0.1899253687783749	0.23427674005514895	-0.23687925956266148	0.15082378019886006	-0.18825250734344356	0.27276368297284825	-0.47854730095617787	0.26182548656449445	-0.10786497746063818	0.21546508808659237	-0.4311416039205428	0.9999999999999979	-0.5595683800659471	0.12419390882000943	-0.24974163447035358	0.25325575070446765	-0.3356376674271028	0.26605478551293615
-0.08894883292296515	0.14407257059379439	-0.161796605027884	0.09179780049092691	-0.1155551245130408	0.12184092583676416	-0.21010545763274535	0.19711733191595343	-0.2571943288837986	0.2568962899906328	-0.1842700751692999	0.19815340121832742	-0.30816177943637446	0.2900544191642621	-0.4070023015186823	0.12337952144683574	-0.2401025781053134	0.27024850937100914	-0.5595683800659471	0.9999999999999986	-0.15041295649330746	0.25566357525646893	-0.2878442718663729	0.2712857862883209	-0.43788094395288224
0.1251832711844064	-0.21136202726276582	0.14036759275562055	-0.06855646535788129	0.08750829027326185	-0.20913077216784892	0.14778060924494874	-0.13582210437630415	0.11869896269496671	-0.1370907781360765	0.2759863095584426	-0.20036506160296524	0.16690247347937126	-0.119413947248027	0.11872408192660953	-0.812805376778945	0.2256443149376698	-0.15970234823474003	0.12419390882000943	-0.15041295649330746	0.9999999999999986	-0.27893306020788633	0.1546376998831735	-0.10609949842018207	0.12208593013290711
-0.11055654079458208	0.173377815941195	-0.17845037982952258	0.09178719565825554	-0.11837918535659166	0.15410508929611658	-0.22692884040511196	0.1952834186122017	-0.19877139049100767	0.20183667579083525	-0.25894635090031826	0.24628940964124857	-0.3283999460740442	0.20290025584669752	-0.21356360400189384	0.19740005731230018	-0.3776002116336088	0.28685390562983015	-0.24974163447035358	0.25566357525646893	-0.27893306020788633	0.9999999999999989	-0.599607625143739	0.2637083421952399	-0.34106878015760844
0.0843741756760823	-0.14088296401156025	0.1355920502014738	-0.07292174630049997	0.09169796651518161	-0.12098200614745393	0.16936863022116172	-0.1683450377151213	0.16771486771875022	-0.18903654822784302	0.17063506758188698	-0.2007897224070875	0.25748377668070455	-0.198972671928566	0.18200490210367826	-0.13233411908744389	0.23938200628949347	-0.4087231174293342	0.25325575070446765	-0.2878442718663729	0.1546376998831735	-0.599607625143739	0.9999999999999988	-0.49178565910957606	0.2938757875319201
-0.06056349938866379	0.10007585804228877	-0.10234690627017183	0.056689759094710745	-0.07098149105954409	0.08525107013926293	-0.1303966052927901	0.12778129770086888	-0.1461572536662331	0.1525852061074808	-0.12339502976338582	0.13915632669006012	-0.1993308948704669	0.1788210424349966	-0.16782948228210706	0.08878576259790746	-0.16813355549856576	0.2207711075186274	-0.3356376674271028	0.2712857862883209	-0.10609949842018207	0.2637083421952399	-0.49178565910957606	0.9999999999999987	-0.7161577198189407
0.07353965073945057	-0.123620363797253	0.12398096134722619	-0.0679749679968068	0.08529256983710679	-0.10461387860343786	0.14730741943174694	-0.14850209015868723	0.16190967076608387	-0.19042316009829396	0.1439844767689965	-0.15957535633169068	0.20602081832418465	-0.20090089238801653	0.19152104532939263	-0.10365625287056401	0.1807376446185007	-0.2279229987202988	0.26605478551293615	-0.43788094395288224	0.12208593013290711	-0.34106878015760844	0.2938757875319201	-0.7161577198189407	0.9999999999999988
