1.0	-0.21915274085292138	0.19966029952587572	-0.34173145532107957	0.20663802580662757	-0.5048576230701638	0.20671484167756804	-0.21789589826224703	0.2258540950191857	-0.23715778760641912	0.3111168671044526	-0.22153625392192372	0.17448212205938443	-0.3087032826131334	0.21782983024094055	-0.06566677397212473	0.07219921615850886	-0.16625725054344773	0.17068590655150276	-0.3329838026014128	0.0646009693079735	-0.07709133124112097	0.16235363088101473	-0.16322130597934367	0.19715647576394701	-0.11534066387068753	0.09067074904156122	-0.1003549778462167	0.10763073172497041	-0.27434985455460337	0.08347504755244903	-0.08654528684051775	0.09602517070622586	-0.135178372828133	0.1192308731682403	-0.07941545943669169	0.080054002033479	-0.09868845262019202	0.09787670170020077	-0.1381269679200272
-0.21915274085292138	1.0000000000000002	-0.7574194278360433	0.22989260072410853	-0.15137918660778876	0.11174171835553032	-0.48504463184120594	0.25201280011097293	-0.19980057860983902	0.14047529962684865	-0.13779541829581313	0.15087530158266926	-0.12855338191437882	0.1636751142204448	-0.11786259697105161	0.024338142198337284	-0.028695752511844586	0.0840576544196549	-0.08434912991558016	0.13101794346653375	-0.024046414704149494	0.029306990862302568	-0.08383504623098995	0.07246559969870206	-0.08235070824867476	0.039667438421900215	-0.03334740990489431	0.036471533419583625	-0.04043083124487436	0.09321188988987689	-0.02977026436642629	0.030551918895838668	-0.03392104448963972	0.04573212281027158	-0.04165344292322229	0.027457514416817937	-0.0283914172725138	0.03329302892373411	-0.0341635285618593	0.04571834577796355
0.19966029952587572	-0.7574194278360433	1.0000000000000004	-0.3856754348207692	0.1839034029854812	-0.10571984174527564	0.28494053332614744	-0.30606977403826735	0.21596198325673724	-0.18033835024168177	0.13313920196288279	-0.17225580005578192	0.138710752256004	-0.20189653244768777	0.14113280863697383	-0.02821446132868266	0.033203582763114546	-0.09813259852484038	0.09801806219371974	-0.16120965984238303	0.027894814381696716	-0.0341352589292237	0.09573149382953064	-0.0854320255167808	0.09722968817729562	-0.04647332748195376	0.03893136162526541	-0.042794776812791396	0.04731192208963674	-0.11179459032764325	0.03479110933234491	-0.03580853384999151	0.0397747871857001	-0.053837598364769285	0.04940962665180845	-0.03220874284511056	0.033240753147464226	-0.03931057450821546	0.04022360788756181	-0.054482473892875714
-0.34173145532107957	0.22989260072410853	-0.3856754348207692	1.0000000000000016	-0.571478452163486	0.15303557554292394	-0.25649468285348753	0.23791508056270622	-0.39744149413454005	0.2951507242225859	-0.2242548551657632	0.1702837535744236	-0.15616382547620053	0.253135150911481	-0.2246148077270948	0.03763501059952553	-0.044181866153249726	0.12168737366736417	-0.13214280003865428	0.21502367772931855	-0.03769249904352302	0.04527509803920673	-0.12839996395342007	0.11293710682190483	-0.13689215678152702	0.06198230383196126	-0.052890722574616564	0.05733961652105848	-0.06466544120669176	0.14442783497942543	-0.047465290344865095	0.048307628055960304	-0.05411227341522052	0.07164141635158154	-0.06630864275338198	0.04332672635411753	-0.045297361535931335	0.052376024543528736	-0.05459176878808087	0.07112309943909
0.20663802580662757	-0.15137918660778876	0.1839034029854812	-0.571478452163486	1.0000000000000018	-0.0953728660338555	0.1645891409185671	-0.1858565926227904	0.26338937186599326	-0.6564509630494176	0.13777315936554135	-0.14478286546538	0.1289149292239907	-0.256465297356946	0.24310786875919618	-0.03095350916394092	0.03637745633697238	-0.10898496510533882	0.11905051627976533	-0.24883976005941258	0.030977182947089947	-0.03775956836177346	0.1098470266576501	-0.10376172883504278	0.12566517268811425	-0.051850849830134826	0.044129571557001764	-0.04899288123480443	0.05482480572053199	-0.13693505310876958	0.039386952480030504	-0.040662316579972844	0.04558055826847312	-0.061192008540130315	0.05937051100020528	-0.0364487356455419	0.03788883540166882	-0.045429228703168414	0.04686102707122234	-0.06467867694520141
-0.5048576230701638	0.11174171835553032	-0.10571984174527564	0.15303557554292394	-0.0953728660338555	1.0000000000000016	-0.1504209433694893	0.12385225318330359	-0.11256814688484536	0.10775123054900848	-0.7965748490894008	0.11471079677323662	-0.09082780700970362	0.14026400884558832	-0.09831723429822335	0.03177237922273034	-0.03362646359449708	0.07629382032182125	-0.07731303866334242	0.14275807158077314	-0.030469900543063574	0.03474496133947723	-0.07467791550112478	0.07229089028629758	-0.08580341188217525	0.050121560243350606	-0.03981884724822077	0.04350300168657085	-0.04683217368267895	0.11570483546392965	-0.036400598800682374	0.03746985216955294	-0.041365798137186584	0.05769694593210036	-0.05062638942331737	0.034233539647091166	-0.03466226187863927	0.04197414267516128	-0.041841181753132825	0.058177714988212614
0.20671484167756804	-0.48504463184120594	0.28494053332614744	-0.25649468285348753	0.1645891409185671	-0.1504209433694893	1.0000000000000018	-0.6478225592326223	0.26462279571619496	-0.18409174100952044	0.15941150229638107	-0.28583773938692575	0.20346560500599853	-0.2360655565866951	0.15147153244778253	-0.030428539509329392	0.036595594508441055	-0.11796424917601468	0.11208734400756612	-0.16684835064938244	0.029797796894915945	-0.03697700096284771	0.11185786903083231	-0.09481361241677996	0.10300788718964365	-0.04840921590926371	0.04102252876206827	-0.04505183074661498	0.04983504452966315	-0.11508191350941031	0.03623635517991292	-0.03730668973169341	0.041230354916928065	-0.05555835694222348	0.05084418201985605	-0.033381233718074464	0.03452067953338529	-0.04037946797692604	0.041438899914345274	-0.05571216461731944
-0.21789589826224703	0.25201280011097293	-0.30606977403826735	0.23791508056270622	-0.1858565926227904	0.12385225318330359	-0.6478225592326223	1.0000000000000024	-0.5144185909350752	0.194787356747459	-0.16028192634311444	0.2197585983602034	-0.24168584799238338	0.2411082365921143	-0.1654348141655783	0.02975949709978654	-0.035926791321171936	0.12009525735739286	-0.11764698731799082	0.1643306588570536	-0.029413817029097775	0.03630927203849717	-0.11809712344735636	0.096392928896677	-0.10524599118216683	0.04747372633259708	-0.040750374169295334	0.04466464116486001	-0.049873258657941726	0.11195313453363313	-0.035897086779025186	0.03683906082754132	-0.040838385486120544	0.05451452362547401	-0.050140170934975206	0.032869659209859424	-0.034193665004793594	0.03959723505942516	-0.040967024839479525	0.05422276638117819
0.2258540950191857	-0.19980057860983902	0.21596198325673724	-0.39744149413454005	0.26338937186599326	-0.11256814688484536	0.26462279571619496	-0.5144185909350752	1.0000000000000018	-0.3966135698351193	0.1554245110561275	-0.21482039629507854	0.19628834967405281	-0.4873943115340959	0.24943419775363068	-0.03435195337299004	0.041046686468427365	-0.13664732143119787	0.1424738333188914	-0.23547477174743453	0.03414664478012438	-0.04209294567626344	0.1316024348101828	-0.11918921127252645	0.13326888866978326	-0.05608217382083009	0.04809541583635993	-0.053324203636567466	0.059638103733465855	-0.1413695106466282	0.04251374916923285	-0.04382258987340121	0.04882841681644715	-0.06532663434533248	0.06204135377696204	-0.03912137567884562	0.040709433723244835	-0.04794763435321094	0.04960080597138114	-0.06713365312704872
-0.23715778760641912	0.14047529962684865	-0.18033835024168177	0.2951507242225859	-0.6564509630494176	0.10775123054900848	-0.18409174100952044	0.194787356747459	-0.3966135698351193	0.9999999999999999	-0.15793253178473332	0.1467995768521636	-0.14002882390589377	0.2713706173072485	-0.4379666201481957	0.031832515340508946	-0.03772216512179004	0.11359867652636894	-0.13018170417762626	0.2476635034823905	-0.031978693135489636	0.03885371258693928	-0.11942132424792412	0.10864948957386737	-0.1370111552472286	0.05271229552599484	-0.04550603851064714	0.0500984085771286	-0.05683015212609744	0.13365285293316267	-0.040518842705394555	0.04154317271982803	-0.04670529707580314	0.06176002348032003	-0.05999776114837472	0.03710039766065553	-0.038891595963231454	0.045641991972289395	-0.047755825052190656	0.06365910877012089
0.3111168671044526	-0.13779541829581313	0.13313920196288279	-0.2242548551657632	0.13777315936554135	-0.7965748490894008	0.15941150229638107	-0.16028192634311444	0.1554245110561275	-0.15793253178473332	1.0000000000000016	-0.16746457280793794	0.12755636981671267	-0.20779461200123803	0.14529863171550803	-0.048290615235121834	0.05055369419862892	-0.11320361800241269	0.11480383332735114	-0.21761502008458472	0.04592951495338485	-0.052706224915232615	0.11013910519939228	-0.10862087133525938	0.12972768309067936	-0.07685354286510411	0.060624559155332505	-0.06641429870818613	0.07126915216514405	-0.17804699528988932	0.05559130214190609	-0.05731109388818633	0.06328550332051885	-0.08863776337695001	0.07766406563830192	-0.05246205789699144	0.0529886935687283	-0.06451518584781041	0.0641219687718717	-0.08964325309974398
-0.22153625392192372	0.15087530158266926	-0.17225580005578192	0.1702837535744236	-0.14478286546538	0.11471079677323662	-0.28583773938692575	0.2197585983602034	-0.21482039629507854	0.1467995768521636	-0.16746457280793794	0.9999999999999988	-0.8017933488407454	0.2408508792008499	-0.16823201400814194	0.042523930835106624	-0.0581151690253556	0.21403069986060785	-0.18743032684708144	0.1699910385436163	-0.04061612292181963	0.053529087731961744	-0.21358197299282583	0.13932498435003424	-0.13040408740264905	0.059862825495359054	-0.05353225171120445	0.057764011430695816	-0.06438439039958462	0.12800832660015077	-0.04508457031958015	0.04624676146476308	-0.05009197633890781	0.06579646894009178	-0.05810997347924999	0.040493372742217024	-0.042359547021179	0.046603489224785445	-0.048622470208172425	0.06160195749832323
0.17448212205938443	-0.12855338191437882	0.138710752256004	-0.15616382547620053	0.1289149292239907	-0.09082780700970362	0.20346560500599853	-0.24168584799238338	0.19628834967405281	-0.14002882390589377	0.12755636981671267	-0.8017933488407454	0.9999999999999984	-0.3199998589813565	0.16200258407369336	-0.03685517866511236	0.0482571417030866	-0.3012935402866656	0.1797807456937591	-0.16898600075002745	0.03516028459455704	-0.04675862843789851	0.19446734346023353	-0.13804018709108581	0.12003883718300225	-0.053071232918968106	0.04715646349120048	-0.052260048363281644	0.057758713624054894	-0.12108667380166752	0.03973630702479697	-0.041115551963238406	0.04457594671095461	-0.05918545837806644	0.05322665138135474	-0.03600671580418005	0.03751075101034093	-0.04207280143641378	0.043642201811467454	-0.05694717637574352
-0.3087032826131334	0.1636751142204448	-0.20189653244768777	0.253135150911481	-0.256465297356946	0.14026400884558832	-0.2360655565866951	0.2411082365921143	-0.4873943115340959	0.2713706173072485	-0.20779461200123803	0.2408508792008499	-0.3199998589813565	0.9999999999999997	-0.5126090796364524	0.043139826811949514	-0.05229780331712634	0.18442861150296708	-0.23072685167949844	0.2880471263645274	-0.04330046157974471	0.053265763638718745	-0.18935445064871514	0.16462266835369435	-0.1860829023751161	0.06982154049299853	-0.06139972618143128	0.06784309347164709	-0.0774639606468511	0.1714782212358777	-0.05386364642428436	0.05521090583092631	-0.06183174054832482	0.0811725606094195	-0.07800315326585115	0.04896426061274566	-0.05155000371617614	0.05936504146327235	-0.06254692988837178	0.0815865445694799
0.21782983024094055	-0.11786259697105161	0.14113280863697383	-0.2246148077270948	0.24310786875919618	-0.09831723429822335	0.15147153244778253	-0.1654348141655783	0.24943419775363068	-0.4379666201481957	0.14529863171550803	-0.16823201400814194	0.16200258407369336	-0.5126090796364524	0.9999999999999973	-0.03526617222745296	0.042020464997989164	-0.14465197326278884	0.1736870629892985	-0.6011120463832744	0.035460193653542416	-0.04367535763143225	0.14439402674367943	-0.14535987229578606	0.18402686568234722	-0.05878481208730296	0.05123210990040311	-0.05787073307335234	0.06562604127654015	-0.17539467051750357	0.04517087193183544	-0.04689650050755378	0.05284664409366897	-0.0702783767765641	0.07309662802690686	-0.04169253369924425	0.0436923927781323	-0.05291102070446384	0.05518497152164656	-0.07778448060344728
-0.06566677397212473	0.024338142198337284	-0.02821446132868266	0.03763501059952553	-0.03095350916394092	0.03177237922273034	-0.030428539509329392	0.02975949709978654	-0.03435195337299004	0.031832515340508946	-0.048290615235121834	0.042523930835106624	-0.03685517866511236	0.043139826811949514	-0.03526617222745296	0.9999999999999962	-0.5304262238878785	0.044544606993117124	-0.04526879821414841	0.04865710681528808	-0.7337290243047072	0.2857430911844922	-0.05489789870371787	0.04600070561841051	-0.05197840847211401	0.23878718320411532	-0.1913368104165494	0.12011353647722696	-0.12507222780449584	0.06023694170312162	-0.16826276443932006	0.1289860561142349	-0.11041252220880589	0.11940360201075247	-0.04807496794680319	0.11158630149053969	-0.12028269286980338	0.07470756600595772	-0.07808596433935613	0.048087515861394106
0.07219921615850886	-0.028695752511844586	0.033203582763114546	-0.044181866153249726	0.03637745633697238	-0.03362646359449708	0.036595594508441055	-0.035926791321171936	0.041046686468427365	-0.03772216512179004	0.05055369419862892	-0.0581151690253556	0.0482571417030866	-0.05229780331712634	0.042020464997989164	-0.5304262238878785	0.9999999999999979	-0.05907586099264663	0.0556240407448288	-0.058117612347019246	0.29991316136001556	-0.6910953272517413	0.07024854676244177	-0.057325933475848335	0.06079150891897956	-0.26566977853306795	0.23716152380410058	-0.16493489705653894	0.14242175060944717	-0.07156542318876526	0.15922473954230545	-0.16508212551934934	0.1273538605900434	-0.15560079816922984	0.053986985565581805	-0.1302899433035012	0.12863180244028005	-0.08656421198779671	0.08604672625122987	-0.055344330109019416
-0.16625725054344773	0.0840576544196549	-0.09813259852484038	0.12168737366736417	-0.10898496510533882	0.07629382032182125	-0.11796424917601468	0.12009525735739286	-0.13664732143119787	0.11359867652636894	-0.11320361800241269	0.21403069986060785	-0.3012935402866656	0.18442861150296708	-0.14465197326278884	0.044544606993117124	-0.05907586099264663	0.9999999999999963	-0.5508903069992335	0.19018493065090164	-0.04503719343392391	0.06152074045494146	-0.6607193548835352	0.29956920495293127	-0.18991433884965864	0.06765355944425361	-0.06496619605855014	0.07843421431245229	-0.08763127539422652	0.16844344219034413	-0.05159043803648755	0.05446402544461262	-0.05914551543389487	0.07850947809536142	-0.07130442470305896	0.04656973707782429	-0.049051895286625985	0.054597535041067596	-0.05703750946148929	0.07481626488248076
0.17068590655150276	-0.08434912991558016	0.09801806219371974	-0.13214280003865428	0.11905051627976533	-0.07731303866334242	0.11208734400756612	-0.11764698731799082	0.1424738333188914	-0.13018170417762626	0.11480383332735114	-0.18743032684708144	0.1797807456937591	-0.23072685167949844	0.1736870629892985	-0.04526879821414841	0.0556240407448288	-0.5508903069992335	0.9999999999999971	-0.2944215323976351	0.04558042523474582	-0.05976076222256324	0.3264021878261649	-0.6146549552579029	0.24319421871248445	-0.07435404852094815	0.06841492574307349	-0.08791782054715482	0.0996006256995961	-0.23154005025569777	0.05627524091295119	-0.06044315318501497	0.06657669382206134	-0.09152831394811253	0.0893239753045687	-0.05210786884368489	0.0543483562796259	-0.06460514568537117	0.06682312471541145	-0.0954675159568379
-0.3329838026014128	0.13101794346653375	-0.16120965984238303	0.21502367772931855	-0.24883976005941258	0.14275807158077314	-0.16684835064938244	0.1643306588570536	-0.23547477174743453	0.2476635034823905	-0.21761502008458472	0.1699910385436163	-0.16898600075002745	0.2880471263645274	-0.6011120463832744	0.04865710681528808	-0.058117612347019246	0.19018493065090164	-0.2944215323976351	0.9999999999999953	-0.04952073348111008	0.06045561144676151	-0.21532259291291403	0.2152605312354841	-0.3727559298429377	0.08145813421413022	-0.0725498626056267	0.08141144517008486	-0.0949268932859815	0.23891044471777972	-0.0639159538633339	0.06589467731040088	-0.07504113988564019	0.0975668946543039	-0.10641451953147098	0.05830947053533529	-0.061930105209198234	0.07361651999484327	-0.0788884012703525	0.10631691173772653
0.0646009693079735	-0.024046414704149494	0.027894814381696716	-0.03769249904352302	0.030977182947089947	-0.030469900543063574	0.029797796894915945	-0.029413817029097775	0.03414664478012438	-0.031978693135489636	0.04592951495338485	-0.04061612292181963	0.03516028459455704	-0.04330046157974471	0.035460193653542416	-0.7337290243047072	0.29991316136001556	-0.04503719343392391	0.04558042523474582	-0.04952073348111008	0.9999999999999951	-0.38600881504403917	0.055795286235387646	-0.047292649900512795	0.0530510930771339	-0.4111198165373847	0.20203832029855115	-0.13414115369773555	0.12868821624867968	-0.06251319133747676	0.18318204843885738	-0.14659893722669784	0.1177407566460073	-0.1345743989930302	0.049794308236187315	-0.13028752911054253	0.12779201550003408	-0.08037523218451548	0.0815736085123986	-0.05040005137390171
-0.07709133124112097	0.029306990862302568	-0.0341352589292237	0.04527509803920673	-0.03775956836177346	0.03474496133947723	-0.03697700096284771	0.03630927203849717	-0.04209294567626344	0.03885371258693928	-0.052706224915232615	0.053529087731961744	-0.04675862843789851	0.053265763638718745	-0.04367535763143225	0.2857430911844922	-0.6910953272517413	0.06152074045494146	-0.05976076222256324	0.06045561144676151	-0.38600881504403917	0.9999999999999933	-0.08051243616389397	0.06277616220314718	-0.0662893181280348	0.24419617731810447	-0.4301544078820014	0.18459451449476363	-0.17806654427130514	0.07623858438396319	-0.18268095890730512	0.18581790541667792	-0.14798555483705186	0.15946325887756077	-0.059637621715631854	0.13614936319730436	-0.15275993320631676	0.09546827576943609	-0.0975479907266096	0.05998741976063336
0.16235363088101473	-0.08383504623098995	0.09573149382953064	-0.12839996395342007	0.1098470266576501	-0.07467791550112478	0.11185786903083231	-0.11809712344735636	0.1316024348101828	-0.11942132424792412	0.11013910519939228	-0.21358197299282583	0.19446734346023353	-0.18935445064871514	0.14439402674367943	-0.05489789870371787	0.07024854676244177	-0.6607193548835352	0.3264021878261649	-0.21532259291291403	0.055795286235387646	-0.08051243616389397	0.9999999999999918	-0.5304901226551058	0.22598650977796436	-0.08612676007988537	0.08265816843263206	-0.10873307736399906	0.11264576072929647	-0.23454002487390066	0.06450450915706597	-0.06955618743376259	0.07469708164811008	-0.10180304650476162	0.0921018281743888	-0.05910117637462714	0.06158854668312924	-0.07029931737703267	0.07217956749162095	-0.0997311214901471
-0.16322130597934367	0.07246559969870206	-0.0854320255167808	0.11293710682190483	-0.10376172883504278	0.07229089028629758	-0.09481361241677996	0.096392928896677	-0.11918921127252645	0.10864948957386737	-0.10862087133525938	0.13932498435003424	-0.13804018709108581	0.16462266835369435	-0.14535987229578606	0.04600070561841051	-0.057325933475848335	0.29956920495293127	-0.6146549552579029	0.2152605312354841	-0.047292649900512795	0.06277616220314718	-0.5304901226551058	0.9999999999999909	-0.4179779246226204	0.07612775425104663	-0.0738138475833983	0.09876593157583576	-0.1256175899376828	0.23546168875599294	-0.05851445043434367	0.06332756370603576	-0.07007811875780229	0.09570215198654844	-0.09391745039753013	0.053632208184361846	-0.05660735164223734	0.06559065153159231	-0.06914212777942907	0.09497311879658363
0.19715647576394701	-0.08235070824867476	0.09722968817729562	-0.13689215678152702	0.12566517268811425	-0.08580341188217525	0.10300788718964365	-0.10524599118216683	0.13326888866978326	-0.1370111552472286	0.12972768309067936	-0.13040408740264905	0.12003883718300225	-0.1860829023751161	0.18402686568234722	-0.05197840847211401	0.06079150891897956	-0.18991433884965864	0.24319421871248445	-0.3727559298429377	0.0530510930771339	-0.0662893181280348	0.22598650977796436	-0.4179779246226204	0.9999999999999918	-0.09209623005854162	0.08197807064426554	-0.10054381252594351	0.11539763227904991	-0.675638182674143	0.07163020668577294	-0.07763482555734123	0.08966784628318286	-0.12104053323688385	0.17887248170364276	-0.06854339127673309	0.07201862935855488	-0.10134000417794962	0.10505948151988313	-0.1882258594771754
-0.11534066387068753	0.039667438421900215	-0.04647332748195376	0.06198230383196126	-0.051850849830134826	0.050121560243350606	-0.04840921590926371	0.04747372633259708	-0.05608217382083009	0.05271229552599484	-0.07685354286510411	0.059862825495359054	-0.053071232918968106	0.06982154049299853	-0.05878481208730296	0.23878718320411532	-0.26566977853306795	0.06765355944425361	-0.07435404852094815	0.08145813421413022	-0.4111198165373847	0.24419617731810447	-0.08612676007988537	0.07612775425104663	-0.09209623005854162	0.9999999999999906	-0.37236267247227883	0.2061204385353085	-0.2396470360349022	0.10618614766929707	-0.5711992170641976	0.2594422074046701	-0.2248107645639748	0.21664659282822596	-0.09354270590821655	0.25522726678422863	-0.27695661898645774	0.15065757944375419	-0.1610828942246602	0.09168963566598275
0.09067074904156122	-0.03334740990489431	0.03893136162526541	-0.052890722574616564	0.044129571557001764	-0.03981884724822077	0.04102252876206827	-0.040750374169295334	0.04809541583635993	-0.04550603851064714	0.060624559155332505	-0.05353225171120445	0.04715646349120048	-0.06139972618143128	0.05123210990040311	-0.1913368104165494	0.23716152380410058	-0.06496619605855014	0.06841492574307349	-0.0725498626056267	0.20203832029855115	-0.4301544078820014	0.08265816843263206	-0.0738138475833983	0.08197807064426554	-0.37236267247227883	0.9999999999999908	-0.4760688944217483	0.2710972132395562	-0.09839384077097835	0.23787889416866442	-0.4553768722315417	0.23147139831517435	-0.27111283675208714	0.08006064324078335	-0.21444715587995572	0.2228824074843178	-0.1455063355348529	0.1378226930534076	-0.08199191355889289
-0.1003549778462167	0.036471533419583625	-0.042794776812791396	0.05733961652105848	-0.04899288123480443	0.04350300168657085	-0.04505183074661498	0.04466464116486001	-0.053324203636567466	0.0500984085771286	-0.06641429870818613	0.057764011430695816	-0.052260048363281644	0.06784309347164709	-0.05787073307335234	0.12011353647722696	-0.16493489705653894	0.07843421431245229	-0.08791782054715482	0.08141144517008486	-0.13414115369773555	0.18459451449476363	-0.10873307736399906	0.09876593157583576	-0.10054381252594351	0.2061204385353085	-0.4760688944217483	0.9999999999999905	-0.7394242618126964	0.11337574103147509	-0.17216089882258098	0.21119364417083708	-0.21920751095867913	0.250602772887821	-0.0841966012342191	0.14336049589138278	-0.1650814037238591	0.12557159408693144	-0.13433630736984747	0.08258175934046165
0.10763073172497041	-0.04043083124487436	0.04731192208963674	-0.06466544120669176	0.05482480572053199	-0.04683217368267895	0.04983504452966315	-0.049873258657941726	0.059638103733465855	-0.05683015212609744	0.07126915216514405	-0.06438439039958462	0.057758713624054894	-0.0774639606468511	0.06562604127654015	-0.12507222780449584	0.14242175060944717	-0.08763127539422652	0.0996006256995961	-0.0949268932859815	0.12868821624867968	-0.17806654427130514	0.11264576072929647	-0.1256175899376828	0.11539763227904991	-0.2396470360349022	0.2710972132395562	-0.7394242618126964	0.9999999999999882	-0.14388619050768076	0.170905585196483	-0.2189154015171353	0.22288648913227438	-0.42854211633193484	0.09308346686138193	-0.15844805949044857	0.1617990518031366	-0.13842032843105284	0.14086946985802332	-0.09421164169495022
-0.27434985455460337	0.09321188988987689	-0.11179459032764325	0.14442783497942543	-0.13693505310876958	0.11570483546392965	-0.11508191350941031	0.11195313453363313	-0.1413695106466282	0.13365285293316267	-0.17804699528988932	0.12800832660015077	-0.12108667380166752	0.1714782212358777	-0.17539467051750357	0.06023694170312162	-0.07156542318876526	0.16844344219034413	-0.23154005025569777	0.23891044471777972	-0.06251319133747676	0.07623858438396319	-0.23454002487390066	0.23546168875599294	-0.675638182674143	0.10618614766929707	-0.09839384077097835	0.11337574103147509	-0.14388619050768076	0.9999999999999911	-0.0873454759516699	0.09268761925160726	-0.11156371442544635	0.13871286436246685	-0.3557606642948481	0.08126338739296549	-0.08894635909435507	0.12157711671484092	-0.14227926179220257	0.2265005766541664
0.08347504755244903	-0.02977026436642629	0.03479110933234491	-0.047465290344865095	0.039386952480030504	-0.036400598800682374	0.03623635517991292	-0.035897086779025186	0.04251374916923285	-0.040518842705394555	0.05559130214190609	-0.04508457031958015	0.03973630702479697	-0.05386364642428436	0.04517087193183544	-0.16826276443932006	0.15922473954230545	-0.05159043803648755	0.05627524091295119	-0.0639159538633339	0.18318204843885738	-0.18268095890730512	0.06450450915706597	-0.05851445043434367	0.07163020668577294	-0.5711992170641976	0.23787889416866442	-0.17216089882258098	0.170905585196483	-0.0873454759516699	0.9999999999999872	-0.3680124723262123	0.2107173463177456	-0.23062049319265376	0.07808418042764728	-0.5703901095667019	0.2976843960866583	-0.15399141097881472	0.14137266722501102	-0.08067656507077026
-0.08654528684051775	0.030551918895838668	-0.03580853384999151	0.048307628055960304	-0.040662316579972844	0.03746985216955294	-0.03730668973169341	0.03683906082754132	-0.04382258987340121	0.04154317271982803	-0.05731109388818633	0.04624676146476308	-0.041115551963238406	0.05521090583092631	-0.04689650050755378	0.1289860561142349	-0.16508212551934934	0.05446402544461262	-0.06044315318501497	0.06589467731040088	-0.14659893722669784	0.18581790541667792	-0.06955618743376259	0.06332756370603576	-0.07763482555734123	0.2594422074046701	-0.4553768722315417	0.21119364417083708	-0.2189154015171353	0.09268761925160726	-0.3680124723262123	0.999999999999986	-0.4805477943585083	0.2728629715210804	-0.09038060488947393	0.27773684887600253	-0.49347196313838504	0.19935627393750943	-0.18380760799055149	0.09135741849053222
0.09602517070622586	-0.03392104448963972	0.0397747871857001	-0.05411227341522052	0.04558055826847312	-0.041365798137186584	0.041230354916928065	-0.040838385486120544	0.04882841681644715	-0.04670529707580314	0.06328550332051885	-0.05009197633890781	0.04457594671095461	-0.06183174054832482	0.05284664409366897	-0.11041252220880589	0.1273538605900434	-0.05914551543389487	0.06657669382206134	-0.07504113988564019	0.1177407566460073	-0.14798555483705186	0.07469708164811008	-0.07007811875780229	0.08966784628318286	-0.2248107645639748	0.23147139831517435	-0.21920751095867913	0.22288648913227438	-0.11156371442544635	0.2107173463177456	-0.4805477943585083	0.9999999999999849	-0.6303414623390264	0.11487208545739917	-0.21273386478567896	0.2413163991299464	-0.38224223844667615	0.2465842108095881	-0.1230548337467177
-0.135178372828133	0.04573212281027158	-0.053837598364769285	0.07164141635158154	-0.061192008540130315	0.05769694593210036	-0.05555835694222348	0.05451452362547401	-0.06532663434533248	0.06176002348032003	-0.08863776337695001	0.06579646894009178	-0.05918545837806644	0.0811725606094195	-0.0702783767765641	0.11940360201075247	-0.15560079816922984	0.07850947809536142	-0.09152831394811253	0.0975668946543039	-0.1345743989930302	0.15946325887756077	-0.10180304650476162	0.09570215198654844	-0.12104053323688385	0.21664659282822596	-0.27111283675208714	0.250602772887821	-0.42854211633193484	0.13871286436246685	-0.23062049319265376	0.2728629715210804	-0.6303414623390264	0.9999999999999836	-0.14636467467549408	0.18961639153303742	-0.24180953556885348	0.24716131317018175	-0.3008002868656117	0.13877071844620986
0.1192308731682403	-0.04165344292322229	0.04940962665180845	-0.06630864275338198	0.05937051100020528	-0.05062638942331737	0.05084418201985605	-0.050140170934975206	0.06204135377696204	-0.05999776114837472	0.07766406563830192	-0.05810997347924999	0.05322665138135474	-0.07800315326585115	0.07309662802690686	-0.04807496794680319	0.053986985565581805	-0.07130442470305896	0.0893239753045687	-0.10641451953147098	0.049794308236187315	-0.059637621715631854	0.0921018281743888	-0.09391745039753013	0.17887248170364276	-0.09354270590821655	0.08006064324078335	-0.0841966012342191	0.09308346686138193	-0.3557606642948481	0.07808418042764728	-0.09038060488947393	0.11487208545739917	-0.14636467467549408	0.9999999999999845	-0.08294688777212814	0.0889069618037066	-0.19861528578743837	0.20748442169874318	-0.8354592884854779
-0.07941545943669169	0.027457514416817937	-0.03220874284511056	0.04332672635411753	-0.0364487356455419	0.034233539647091166	-0.033381233718074464	0.032869659209859424	-0.03912137567884562	0.03710039766065553	-0.05246205789699144	0.040493372742217024	-0.03600671580418005	0.04896426061274566	-0.04169253369924425	0.11158630149053969	-0.1302899433035012	0.04656973707782429	-0.05210786884368489	0.05830947053533529	-0.13028752911054253	0.13614936319730436	-0.05910117637462714	0.053632208184361846	-0.06854339127673309	0.25522726678422863	-0.21444715587995572	0.14336049589138278	-0.15844805949044857	0.08126338739296549	-0.5703901095667019	0.27773684887600253	-0.21273386478567896	0.18961639153303742	-0.08294688777212814	0.9999999999999846	-0.6709880347364101	0.16912462871168638	-0.1681254003433512	0.08212470880903151
0.080054002033479	-0.0283914172725138	0.033240753147464226	-0.045297361535931335	0.03788883540166882	-0.03466226187863927	0.03452067953338529	-0.034193665004793594	0.040709433723244835	-0.038891595963231454	0.0529886935687283	-0.042359547021179	0.03751075101034093	-0.05155000371617614	0.0436923927781323	-0.12028269286980338	0.12863180244028005	-0.049051895286625985	0.0543483562796259	-0.061930105209198234	0.12779201550003408	-0.15275993320631676	0.06158854668312924	-0.05660735164223734	0.07201862935855488	-0.27695661898645774	0.2228824074843178	-0.1650814037238591	0.1617990518031366	-0.08894635909435507	0.2976843960866583	-0.49347196313838504	0.2413163991299464	-0.24180953556885348	0.0889069618037066	-0.6709880347364101	0.9999999999999846	-0.2552109223227129	0.1845211675931869	-0.09365260715729673
-0.09868845262019202	0.03329302892373411	-0.03931057450821546	0.052376024543528736	-0.045429228703168414	0.04197414267516128	-0.04037946797692604	0.03959723505942516	-0.04794763435321094	0.045641991972289395	-0.06451518584781041	0.046603489224785445	-0.04207280143641378	0.05936504146327235	-0.05291102070446384	0.07470756600595772	-0.08656421198779671	0.054597535041067596	-0.06460514568537117	0.07361651999484327	-0.08037523218451548	0.09546827576943609	-0.07029931737703267	0.06559065153159231	-0.10134000417794962	0.15065757944375419	-0.1455063355348529	0.12557159408693144	-0.13842032843105284	0.12157711671484092	-0.15399141097881472	0.19935627393750943	-0.38224223844667615	0.24716131317018175	-0.19861528578743837	0.16912462871168638	-0.2552109223227129	0.9999999999999849	-0.7824745216466867	0.19461931506542754
0.09787670170020077	-0.0341635285618593	0.04022360788756181	-0.05459176878808087	0.04686102707122234	-0.041841181753132825	0.041438899914345274	-0.040967024839479525	0.04960080597138114	-0.047755825052190656	0.0641219687718717	-0.048622470208172425	0.043642201811467454	-0.06254692988837178	0.05518497152164656	-0.07808596433935613	0.08604672625122987	-0.05703750946148929	0.06682312471541145	-0.0788884012703525	0.0815736085123986	-0.0975479907266096	0.07217956749162095	-0.06914212777942907	0.10505948151988313	-0.1610828942246602	0.1378226930534076	-0.13433630736984747	0.14086946985802332	-0.14227926179220257	0.14137266722501102	-0.18380760799055149	0.2465842108095881	-0.3008002868656117	0.20748442169874318	-0.1681254003433512	0.1845211675931869	-0.7824745216466867	0.9999999999999848	-0.3251903213334738
-0.1381269679200272	0.04571834577796355	-0.054482473892875714	0.07112309943909	-0.06467867694520141	0.058177714988212614	-0.05571216461731944	0.05422276638117819	-0.06713365312704872	0.06365910877012089	-0.08964325309974398	0.06160195749832323	-0.05694717637574352	0.0815865445694799	-0.07778448060344728	0.048087515861394106	-0.055344330109019416	0.07481626488248076	-0.0954675159568379	0.10631691173772653	-0.05040005137390171	0.05998741976063336	-0.0997311214901471	0.09497311879658363	-0.1882258594771754	0.09168963566598275	-0.08199191355889289	0.08258175934046165	-0.09421164169495022	0.2265005766541664	-0.08067656507077026	0.09135741849053222	-0.1230548337467177	0.13877071844620986	-0.8354592884854779	0.08212470880903151	-0.09365260715729673	0.19461931506542754	-0.3251903213334738	0.9999999999999847
