1.0	-0.38863987205214795	0.17583516326583207	-0.12456008898634982	0.1183594043400098	-0.7632377113250713	0.3057016127438262	-0.345389916600589	0.15690238097001494	-0.10641581122189446	0.22872217273341824	-0.1814843005259765	0.16791569350130178	-0.16219313496888338	0.1145994095938011	-0.10915344557450543	0.1596230362483531	-0.14481508651018452	0.1364432886537759	-0.11438554736624125	0.12434596136424012	-0.18953159939997122	0.13654824562165266	-0.13210759878273323	0.09099498234381183	-0.09294343888116283	0.07519629920849207	-0.19299888746036054	0.14458019918016324	-0.08791140954074027
-0.38863987205214795	1.0	-0.415167298691113	0.22386826866239035	-0.22139028340703099	0.26704242443336307	-0.4601734510166805	0.3193968709026162	-0.272438369063737	0.1770371935960964	-0.3949399285671571	0.2316441417907173	-0.24002884977149935	0.23142313862292477	-0.19485244963809276	0.16639208104671227	-0.23553610026102417	0.2010529651743367	-0.2120968565772108	0.17532538206713974	-0.20625952024903008	0.23616026842755525	-0.1912387448139955	0.19036094337800355	-0.14119736947307038	0.11492218071354221	-0.09699409281110778	0.24132179052210567	-0.23547032320659653	0.13047586310301024
0.17583516326583207	-0.415167298691113	1.0	-0.6573373061703394	0.25686299195235934	-0.15528362347785926	0.20290839827858237	-0.32245285851225947	0.28823304719224807	-0.2477233579026186	0.2162433484345601	-0.1810374552512982	0.19495961613586205	-0.27583452382329376	0.18025996168141853	-0.1086762376053939	0.16939638099253812	-0.17368052849107235	0.17908116218204473	-0.18201328890864782	0.12764491275259993	-0.20349501227625352	0.1582424355399099	-0.16470371900803113	0.11422452540955365	-0.09795420669283408	0.0802785288453273	-0.2170921127643986	0.16977839496016575	-0.11149733616803482
-0.12456008898634982	0.22386826866239035	-0.6573373061703394	1.0000000000000002	-0.43672061167500537	0.10504506687317029	-0.1377957521367332	0.20024948808023296	-0.46470387273306657	0.24535954945131652	-0.16522638499748318	0.13617598013236656	-0.1608240317772778	0.236422842253444	-0.17529484123703842	0.0825892560987963	-0.13184794787874396	0.13612421745957026	-0.15213448313999067	0.15459227111986407	-0.09787108917376135	0.14772839154577513	-0.12195693078587581	0.12769166362244413	-0.09114460495004982	0.07038495545645161	-0.05855745359708437	0.15720408994434293	-0.1338620658599646	0.08640142476624701
0.1183594043400098	-0.22139028340703099	0.25686299195235934	-0.43672061167500537	0.9999999999999999	-0.10328874874853292	0.12908149378341166	-0.1897403635702384	0.24622209242956322	-0.7137574358954776	0.1650222338914825	-0.13902528461284902	0.15323885745377688	-0.2164657894377794	0.25568628733174975	-0.08547238219466359	0.1362975537325832	-0.15327531375814862	0.17377091882541904	-0.2463493949746873	0.10020602956031241	-0.16668513284547307	0.13672933012933483	-0.15174278358724982	0.10961740746521512	-0.07948939388888329	0.06551900294710243	-0.18389731734740322	0.1478003548137559	-0.10711372045011644
-0.7632377113250713	0.26704242443336307	-0.15528362347785926	0.10504506687317029	-0.10328874874853292	1.0	-0.49251103931646995	0.2658265649605146	-0.13872590799183568	0.08982948087875961	-0.24499235576254438	0.16438832693865518	-0.1528960765747794	0.13541625642654156	-0.09945519063482562	0.10144333198119165	-0.14835239454578922	0.1234837497582713	-0.1182999877129419	0.09627949992000992	-0.11667406341872272	0.1527008538979581	-0.11510371464323596	0.11021511243710494	-0.07734280020034126	0.07417939485077668	-0.06115506352036231	0.15295495423588443	-0.12482595208437335	0.07333961296383384
0.3057016127438262	-0.4601734510166805	0.20290839827858237	-0.1377957521367332	0.12908149378341166	-0.49251103931646995	0.9999999999999992	-0.5908852892734798	0.1816944428703012	-0.11295425683934532	0.23648211180249742	-0.2842826428226439	0.21337719174877218	-0.18027685700211718	0.1222856975146561	-0.11602584178135464	0.19202066664014764	-0.15936179422963498	0.14664421723947232	-0.11881935075503186	0.13295051921984297	-0.17980651138216133	0.13918989756075925	-0.13279140247945184	0.09219395592238958	-0.08431924438984495	0.07051174798378645	-0.1758963084790875	0.14773912371787434	-0.08688133457280066
-0.345389916600589	0.3193968709026162	-0.32245285851225947	0.20024948808023296	-0.1897403635702384	0.2658265649605146	-0.5908852892734798	0.9999999999999984	-0.3039875408024048	0.1595315470533711	-0.31685635366231557	0.25318508628208386	-0.3331911154934423	0.24494084255188	-0.1731106820684703	0.14647169849249	-0.23654952959875855	0.20521928827979627	-0.20274179134325462	0.16096739347491462	-0.17621700824946188	0.21894424047447658	-0.18327508154896646	0.1746211986501701	-0.12472343126004311	0.10411052093239206	-0.08829388020973024	0.22018779318358517	-0.20176408596290374	0.11552639682198136
0.15690238097001494	-0.272438369063737	0.28823304719224807	-0.46470387273306657	0.24622209242956322	-0.13872590799183568	0.1816944428703012	-0.3039875408024048	0.999999999999998	-0.27472807048526976	0.21034583414422656	-0.20711780816747752	0.24744870246524714	-0.6183799008312748	0.19504638064453755	-0.11066008278449059	0.18289462470783133	-0.1979344305972037	0.20840925632226567	-0.19336324598787008	0.128271153379287	-0.2042165068970773	0.1670101099047327	-0.17411172606420872	0.1171852358785218	-0.09561175193136688	0.07942107174132235	-0.21365526384178363	0.1727368572950842	-0.11218671004741872
-0.10641581122189446	0.1770371935960964	-0.2477233579026186	0.24535954945131652	-0.7137574358954776	0.08982948087875961	-0.11295425683934532	0.1595315470533711	-0.27472807048526976	0.9999999999999963	-0.15486291784181233	0.1247443496411907	-0.14438553845543162	0.19359348205931726	-0.4700431367087698	0.07880233318801137	-0.12721720965140182	0.14107965571978356	-0.18197353872851077	0.24067850938488936	-0.09352653406759233	0.14507059930075736	-0.12622184025097324	0.14010668432276535	-0.10743085734615872	0.0687473552618996	-0.05751295712488296	0.15851329577068793	-0.14304912466179917	0.0987085518060764
0.22872217273341824	-0.3949399285671571	0.2162433484345601	-0.16522638499748318	0.1650222338914825	-0.24499235576254438	0.23648211180249742	-0.31685635366231557	0.21034583414422656	-0.15486291784181233	0.9999999999999989	-0.3095178096475564	0.24613705681326922	-0.24494897094560647	0.17400799083506718	-0.3751224817971211	0.28182147786744516	-0.2519490036815516	0.22192573125766735	-0.18424800095050264	0.2761181401644827	-0.41594282612851763	0.25290512467404636	-0.23620098929648628	0.15481729099814312	-0.21113585293957604	0.1623983638708658	-0.40844373712602383	0.24207615395878043	-0.154635415590672
-0.1814843005259765	0.2316441417907173	-0.1810374552512982	0.13617598013236656	-0.13902528461284902	0.16438832693865518	-0.2842826428226439	0.25318508628208386	-0.20711780816747752	0.1247443496411907	-0.3095178096475564	0.9999999999999928	-0.555619550043106	0.24113798988274657	-0.1492037043229662	0.18684491165729006	-0.5894420348263848	0.26774345994020127	-0.21209724703602553	0.14975658134933978	-0.20480080320824334	0.24944786932245466	-0.20673028924855408	0.17530182244610085	-0.1162691351287176	0.10831476632155716	-0.09517459031128157	0.21983516338351175	-0.18428757688694064	0.10756978585027568
0.16791569350130178	-0.24002884977149935	0.19495961613586205	-0.1608240317772778	0.15323885745377688	-0.1528960765747794	0.21337719174877218	-0.3331911154934423	0.24744870246524714	-0.14438553845543162	0.24613705681326922	-0.555619550043106	0.999999999999995	-0.4694884798966352	0.16500094289561715	-0.14797591655183054	0.2929931433561674	-0.4115538047366719	0.2417219040707896	-0.1761210912133324	0.16090887863398562	-0.25333872074948155	0.22316273152831614	-0.19964608619862842	0.12439269473401184	-0.10931683392184843	0.09328755626365774	-0.2442537368767513	0.19078280575031004	-0.11668794189702981
-0.16219313496888338	0.23142313862292477	-0.27583452382329376	0.236422842253444	-0.2164657894377794	0.13541625642654156	-0.18027685700211718	0.24494084255188	-0.6183799008312748	0.19359348205931726	-0.24494897094560647	0.24113798988274657	-0.4694884798966352	0.9999999999999957	-0.22014322870173528	0.12804488864754396	-0.23175119525532717	0.24076248766360106	-0.3102079964813142	0.19988117685096934	-0.15101370606397313	0.21226779407866075	-0.1976789975059033	0.19533594403217033	-0.1327929105015709	0.09798784516476614	-0.08390815779076381	0.2184421128893868	-0.20155711130258408	0.12098416111257973
0.1145994095938011	-0.19485244963809276	0.18025996168141853	-0.17529484123703842	0.25568628733174975	-0.09945519063482562	0.1222856975146561	-0.1731106820684703	0.19504638064453755	-0.4700431367087698	0.17400799083506718	-0.1492037043229662	0.16500094289561715	-0.22014322870173528	0.9999999999999937	-0.09313939899788624	0.153028225685078	-0.19761783178401776	0.2570355723104367	-0.6860332577828662	0.1085274896788113	-0.18727153197440846	0.16576495822213239	-0.20330921409234273	0.1528687566502355	-0.08743804299722777	0.0727880952537254	-0.2116745300574941	0.1787724472192937	-0.14708517074868477
-0.10915344557450543	0.16639208104671227	-0.1086762376053939	0.0825892560987963	-0.08547238219466359	0.10144333198119165	-0.11602584178135464	0.14647169849249	-0.11066008278449059	0.07880233318801137	-0.3751224817971211	0.18684491165729006	-0.14797591655183054	0.12804488864754396	-0.09313939899788624	0.999999999999997	-0.3147858406245529	0.1563657983836306	-0.12731969943860508	0.09730190932275858	-0.8247532970099966	0.21763404184761562	-0.14061032823184028	0.12275663900983008	-0.08057482933509055	0.1039476471218538	-0.0863478841058542	0.1824003471745532	-0.1278119035936987	0.07743468916494883
0.1596230362483531	-0.23553610026102417	0.16939638099253812	-0.13184794787874396	0.1362975537325832	-0.14835239454578922	0.19202066664014764	-0.23654952959875855	0.18289462470783133	-0.12721720965140182	0.28182147786744516	-0.5894420348263848	0.2929931433561674	-0.23175119525532717	0.153028225685078	-0.3147858406245529	0.9999999999999932	-0.41202899327248754	0.2281176857576779	-0.16717651099300163	0.24183596160166432	-0.4025817705751384	0.24574592783636207	-0.20704773815242924	0.127943145744631	-0.1419429515085345	0.12352157432994477	-0.2682853582569766	0.19999772054447007	-0.1206915484431057
-0.14481508651018452	0.2010529651743367	-0.17368052849107235	0.13612421745957026	-0.15327531375814862	0.1234837497582713	-0.15936179422963498	0.20521928827979627	-0.1979344305972037	0.14107965571978356	-0.2519490036815516	0.26774345994020127	-0.4115538047366719	0.24076248766360106	-0.19761783178401776	0.1563657983836306	-0.41202899327248754	0.9999999999999923	-0.49025372637181414	0.21365645701571062	-0.17732381219908236	0.27236425440299067	-0.4859088387065963	0.2647967436404167	-0.15585711041512	0.11356314998819912	-0.10219582458416951	0.2778987887472212	-0.23861343469873436	0.13825852219419657
0.1364432886537759	-0.2120968565772108	0.17908116218204473	-0.15213448313999067	0.17377091882541904	-0.1182999877129419	0.14664421723947232	-0.20274179134325462	0.20840925632226567	-0.18197353872851077	0.22192573125766735	-0.21209724703602553	0.2417219040707896	-0.3102079964813142	0.2570355723104367	-0.12731969943860508	0.2281176857576779	-0.49025372637181414	0.9999999999999918	-0.47878632943082905	0.1445654544506523	-0.25580929812972836	0.27306228583639885	-0.43813844593438217	0.18982397961397668	-0.11190535634029788	0.09567481682932674	-0.28494360062941343	0.2544211107507572	-0.17398902219229637
-0.11438554736624125	0.17532538206713974	-0.18201328890864782	0.15459227111986407	-0.2463493949746873	0.09627949992000992	-0.11881935075503186	0.16096739347491462	-0.19336324598787008	0.24067850938488936	-0.18424800095050264	0.14975658134933978	-0.1761210912133324	0.19988117685096934	-0.6860332577828662	0.09730190932275858	-0.16717651099300163	0.21365645701571062	-0.47878632943082905	0.9999999999999873	-0.1153027650636936	0.18134936221131784	-0.18393639571775885	0.22227854893299773	-0.21140283301728252	0.08386171155070822	-0.07157651719365701	0.2017359435013009	-0.2101665398718331	0.16201632742975214
0.12434596136424012	-0.20625952024903008	0.12764491275259993	-0.09787108917376135	0.10020602956031241	-0.11667406341872272	0.13295051921984297	-0.17621700824946188	0.128271153379287	-0.09352653406759233	0.2761181401644827	-0.20480080320824334	0.16090887863398562	-0.15101370606397313	0.1085274896788113	-0.8247532970099966	0.24183596160166432	-0.17732381219908236	0.1445654544506523	-0.1153027650636936	0.9999999999999886	-0.28986027077442866	0.16515077728648522	-0.1481113305059083	0.09594659622874022	-0.13952406937966833	0.11009973298281017	-0.2326973544868506	0.1511467861770251	-0.0937827672538872
-0.18953159939997122	0.23616026842755525	-0.20349501227625352	0.14772839154577513	-0.16668513284547307	0.1527008538979581	-0.17980651138216133	0.21894424047447658	-0.2042165068970773	0.14507059930075736	-0.41594282612851763	0.24944786932245466	-0.25333872074948155	0.21226779407866075	-0.18727153197440846	0.21763404184761562	-0.4025817705751384	0.27236425440299067	-0.25580929812972836	0.18134936221131784	-0.28986027077442866	0.9999999999999868	-0.4283683640232644	0.2505691869338501	-0.1758442954402916	0.24022491846483227	-0.32894160748478274	0.305668375850464	-0.3047824273466955	0.1563457212884538
0.13654824562165266	-0.1912387448139955	0.1582424355399099	-0.12195693078587581	0.13672933012933483	-0.11510371464323596	0.13918989756075925	-0.18327508154896646	0.1670101099047327	-0.12622184025097324	0.25290512467404636	-0.20673028924855408	0.22316273152831614	-0.1976789975059033	0.16576495822213239	-0.14061032823184028	0.24574592783636207	-0.4859088387065963	0.27306228583639885	-0.18393639571775885	0.16515077728648522	-0.4283683640232644	0.9999999999999872	-0.43322877312013053	0.1767873393228949	-0.13983166074774564	0.12912478293762963	-0.5322078193850994	0.27819637263975516	-0.16132253593583937
-0.13210759878273323	0.19036094337800355	-0.16470371900803113	0.12769166362244413	-0.15174278358724982	0.11021511243710494	-0.13279140247945184	0.1746211986501701	-0.17411172606420872	0.14010668432276535	-0.23620098929648628	0.17530182244610085	-0.19964608619862842	0.19533594403217033	-0.20330921409234273	0.12275663900983008	-0.20704773815242924	0.2647967436404167	-0.43813844593438217	0.22227854893299773	-0.1481113305059083	0.2505691869338501	-0.43322877312013053	0.9999999999999863	-0.37390874866145773	0.11232865315154829	-0.09985303676457986	0.2981832671538623	-0.549021821437631	0.259377010841411
0.09099498234381183	-0.14119736947307038	0.11422452540955365	-0.09114460495004982	0.10961740746521512	-0.07734280020034126	0.09219395592238958	-0.12472343126004311	0.1171852358785218	-0.10743085734615872	0.15481729099814312	-0.1162691351287176	0.12439269473401184	-0.1327929105015709	0.1528687566502355	-0.08057482933509055	0.127943145744631	-0.15585711041512	0.18982397961397668	-0.21140283301728252	0.09594659622874022	-0.1758442954402916	0.1767873393228949	-0.37390874866145773	0.999999999999985	-0.08177925266649796	0.06890830138122553	-0.22316168281287682	0.29135402098541613	-0.8136283666721242
-0.09294343888116283	0.11492218071354221	-0.09795420669283408	0.07038495545645161	-0.07948939388888329	0.07417939485077668	-0.08431924438984495	0.10411052093239206	-0.09561175193136688	0.0687473552618996	-0.21113585293957604	0.10831476632155716	-0.10931683392184843	0.09798784516476614	-0.08743804299722777	0.1039476471218538	-0.1419429515085345	0.11356314998819912	-0.11190535634029788	0.08386171155070822	-0.13952406937966833	0.24022491846483227	-0.13983166074774564	0.11232865315154829	-0.08177925266649796	0.9999999999999853	-0.9018599208388118	0.15423780657472735	-0.1458184028858565	0.07405947763175837
0.07519629920849207	-0.09699409281110778	0.0802785288453273	-0.05855745359708437	0.06551900294710243	-0.06115506352036231	0.07051174798378645	-0.08829388020973024	0.07942107174132235	-0.05751295712488296	0.1623983638708658	-0.09517459031128157	0.09328755626365774	-0.08390815779076381	0.0727880952537254	-0.0863478841058542	0.12352157432994477	-0.10219582458416951	0.09567481682932674	-0.07157651719365701	0.11009973298281017	-0.32894160748478274	0.12912478293762963	-0.09985303676457986	0.06890830138122553	-0.9018599208388118	0.9999999999999847	-0.15155540607134887	0.12022417986097197	-0.063027657685713
-0.19299888746036054	0.24132179052210567	-0.2170921127643986	0.15720408994434293	-0.18389731734740322	0.15295495423588443	-0.1758963084790875	0.22018779318358517	-0.21365526384178363	0.15851329577068793	-0.40844373712602383	0.21983516338351175	-0.2442537368767513	0.2184421128893868	-0.2116745300574941	0.1824003471745532	-0.2682853582569766	0.2778987887472212	-0.28494360062941343	0.2017359435013009	-0.2326973544868506	0.305668375850464	-0.5322078193850994	0.2981832671538623	-0.22316168281287682	0.15423780657472735	-0.15155540607134887	0.9999999999999847	-0.44316988027984816	0.19534926953284013
0.14458019918016324	-0.23547032320659653	0.16977839496016575	-0.1338620658599646	0.1478003548137559	-0.12482595208437335	0.14773912371787434	-0.20176408596290374	0.1727368572950842	-0.14304912466179917	0.24207615395878043	-0.18428757688694064	0.19078280575031004	-0.20155711130258408	0.1787724472192937	-0.1278119035936987	0.19999772054447007	-0.23861343469873436	0.2544211107507572	-0.2101665398718331	0.1511467861770251	-0.3047824273466955	0.27819637263975516	-0.549021821437631	0.29135402098541613	-0.1458184028858565	0.12022417986097197	-0.44316988027984816	0.9999999999999849	-0.4454058720642894
-0.08791140954074027	0.13047586310301024	-0.11149733616803482	0.08640142476624701	-0.10711372045011644	0.07333961296383384	-0.08688133457280066	0.11552639682198136	-0.11218671004741872	0.0987085518060764	-0.154635415590672	0.10756978585027568	-0.11668794189702981	0.12098416111257973	-0.14708517074868477	0.07743468916494883	-0.1206915484431057	0.13825852219419657	-0.17398902219229637	0.16201632742975214	-0.0937827672538872	0.1563457212884538	-0.16132253593583937	0.259377010841411	-0.8136283666721242	0.07405947763175837	-0.063027657685713	0.19534926953284013	-0.4454058720642894	0.9999999999999848
