1.0000000000000002	-0.7539662305436307	0.29808509996082666	-0.2940755861760574	0.14807059508230336	-0.3058264165620004	0.18152775112922243	-0.2522990512764495	0.18978842652137468	-0.13725176396470962	0.17034344797532977	-0.16058890594608743	0.15575583591622486	-0.15800487371740699	0.12616075542338787	-0.20825100455445703	0.1339325554099384	-0.1281031617350757	0.10219867301121546	-0.10372068008177078	0.09141034446103889	-0.08461987818709357	0.10212948855276423	-0.08368203109551421	0.08838293643069095	-0.07362697046045812	0.06710433463516034	-0.11810711926944062	0.08794292174484912	-0.07418048015877196	0.05105917465209656	-0.05421386396372139	0.051396386579107056	-0.051308677783857705	0.05683233834474957	-0.06205633477275495	0.049124712529872126	-0.04235381369626476	0.023341273522350818	-0.028350179045264635
-0.7539662305436307	1.0	-0.5317043657150817	0.23369540346726617	-0.12468360241478374	0.17372887926892217	-0.1323417615355964	0.17182649062468158	-0.16264778662982393	0.10629847896914492	-0.11776572047299926	0.10958973626048112	-0.11260154632255467	0.11387986671638031	-0.09527453957511132	0.13317198042361383	-0.09279237115401823	0.08726807575256235	-0.07537432612213281	0.0748705240871196	-0.06306894342378433	0.057735882987839084	-0.07059843031086913	0.05979592901516461	-0.0643549777050955	0.04953942937903944	-0.045547097525644814	0.07919748733620452	-0.06309863701620644	0.05233467504092957	-0.034512174311919996	0.03662971144217861	-0.034972781606421866	0.036202278426838846	-0.04060623934085399	0.04156816599232295	-0.03339448628480049	0.028633175962236836	-0.01591687235740854	0.01925674428877598
0.29808509996082666	-0.5317043657150817	1.0000000000000002	-0.6083475680150243	0.18201919304664574	-0.22078151351006126	0.17004235488225666	-0.2923244726199064	0.2552493553091332	-0.17185004989396496	0.14954369922737962	-0.15361448336644884	0.1623876442669407	-0.17806272572311557	0.1383545445483803	-0.19414625705527705	0.1297145031022765	-0.12714164552832793	0.1072755496662817	-0.11141984077983	0.089223018206348	-0.08277818713455852	0.1008025300543092	-0.0864653832724958	0.09070278595778905	-0.07203287242907706	0.06576932041366146	-0.11605669840445798	0.08896742405757317	-0.07533456994422529	0.049961909109841364	-0.05312169320952555	0.050427870066138296	-0.05169797478279926	0.057338605055630154	-0.060682393617920063	0.0481437873917168	-0.041530961075817704	0.022977224099652176	-0.027892734970685687
-0.2940755861760574	0.23369540346726617	-0.6083475680150243	1.0000000000000004	-0.2993326816035927	0.18224959227460108	-0.17029447343060528	0.26078182393412497	-0.5376628732235058	0.22619332836387693	-0.14197661064273	0.1454601273543211	-0.17555538453732433	0.196109331130185	-0.1677374901228965	0.16846457371371706	-0.1268159528434267	0.12220013701910004	-0.12055881945172714	0.12126869864565878	-0.08690822917643605	0.07940610975660546	-0.09908668544813677	0.0910791296826305	-0.09831333444107418	0.06765052479593282	-0.06263568704904253	0.10865567995650409	-0.09353198548604523	0.0772382348027603	-0.04723852732471166	0.05023571968023093	-0.04822939633223692	0.05286706023721097	-0.05977612067512061	0.056584001568330114	-0.04594345135786851	0.039321746673880595	-0.022088277784679027	0.026647939675993253
0.14807059508230336	-0.12468360241478374	0.18201919304664574	-0.2993326816035927	1.0000000000000002	-0.1822585111715252	0.1551830514980339	-0.26130596182342836	0.2775294759950941	-0.8028825327068676	0.14032326875632412	-0.15147385924125115	0.17394842883972006	-0.22332156776161347	0.21624448451293324	-0.19587138763546422	0.13407610610456347	-0.13758310586470654	0.1372337909914604	-0.17178608032816964	0.09517304753786744	-0.08878676191368531	0.10907747395163012	-0.10945373955963693	0.10995750814455409	-0.07863070277862243	0.07174424334523545	-0.1284607212066854	0.10378575888803741	-0.09119196259942394	0.054496438588746886	-0.05819431552351123	0.05526514421299954	-0.06061424301637845	0.06667825463925126	-0.0664651186317025	0.05263166476751521	-0.04566014942737926	0.025462209063386025	-0.030943102920393553
-0.3058264165620004	0.17372887926892217	-0.22078151351006126	0.18224959227460108	-0.1822585111715252	1.0	-0.5447148945172003	0.273189594460368	-0.2131948756760398	0.14569292386574714	-0.5527238435519101	0.3040353116786106	-0.24879326192952758	0.19413958894752328	-0.17367972241379998	0.2818547144641677	-0.22646491762418097	0.18174588372028797	-0.14689733608237365	0.13288584316697846	-0.13758002996420346	0.12238104221731287	-0.1503213122062824	0.1140527667415484	-0.1288600007828426	0.09658871713086252	-0.09096202618998804	0.15008125469194664	-0.1278584977165402	0.10037114913513757	-0.06769048641654128	0.07130152685568836	-0.0691231907778363	0.07108251220245873	-0.08191145777005283	0.07882703631507922	-0.06591672710377926	0.05527194164656066	-0.030942969665834243	0.037021742803588865
0.18152775112922243	-0.1323417615355964	0.17004235488225666	-0.17029447343060528	0.1551830514980339	-0.5447148945172003	1.0000000000000002	-0.48452688558521273	0.20892199162871855	-0.13722483575919034	0.29267196271109985	-0.530948392267954	0.25655463518662086	-0.20216093213796307	0.15542734455417775	-0.26615790289302504	0.20996247274962304	-0.18614043020128146	0.12698189907328195	-0.12213391444328306	0.12019931112386564	-0.11456525862181108	0.13719302589593388	-0.10076783842673298	0.10868248950013298	-0.08921625201860557	0.0826864317902209	-0.14177752471095031	0.10786182471310966	-0.08755857321989356	0.06125081473744249	-0.06490123414869416	0.061876909629885735	-0.06126437338892375	0.0690136098085795	-0.07254481938140217	0.05881031502565659	-0.049959810405110334	0.027538148060424622	-0.033186207838711984
-0.2522990512764495	0.17182649062468158	-0.2923244726199064	0.26078182393412497	-0.26130596182342836	0.273189594460368	-0.48452688558521273	1.0000000000000007	-0.4968199998332062	0.21586466895404727	-0.23896714661152577	0.2662114825359705	-0.3672911936282118	0.26007560682725134	-0.21996682789795757	0.23738681927039	-0.21044671703175405	0.19343743572076064	-0.16817841999501199	0.15876012115120397	-0.13270563457657178	0.12093260610985333	-0.15409939045821464	0.12639885926387992	-0.13969793960651858	0.09738576581464017	-0.09140738121278925	0.15469907475887804	-0.13443031711330988	0.10778261941078987	-0.06799675792390207	0.0720537079845884	-0.0696093258987873	0.07485550282418983	-0.08566556042474086	0.07999848016874006	-0.06618907874361042	0.05599883328306782	-0.031461577578245956	0.03775017663603336
0.18978842652137468	-0.16264778662982393	0.2552493553091332	-0.5376628732235058	0.2775294759950941	-0.2131948756760398	0.20892199162871855	-0.4968199998332062	1.0000000000000007	-0.38723470971387336	0.16367177804051808	-0.18558415024957584	0.2288126867453233	-0.3469093438040868	0.2124102050051937	-0.20102448640195625	0.15087131139978077	-0.1522050301175804	0.14498330296868406	-0.15585305713943112	0.10163438014362063	-0.0945504838642153	0.11800963796568127	-0.1101758743461235	0.11461030210607798	-0.07995626061779358	0.07379965381136015	-0.12951792483882746	0.10842263986120079	-0.09119832828656418	0.055447561579101245	-0.05907382817923855	0.056457175731049525	-0.061750856325555034	0.06917205657927313	-0.06661975581618126	0.05367945449922645	-0.046108271061154484	0.025800619827088637	-0.031184092070390752
-0.13725176396470962	0.10629847896914492	-0.17185004989396496	0.22619332836387693	-0.8028825327068676	0.14569292386574714	-0.13722483575919034	0.21586466895404727	-0.38723470971387336	1.0000000000000013	-0.11922134050512069	0.1282941058258969	-0.1628548566660929	0.20774207412339937	-0.2845681980715226	0.15364690207984508	-0.11490440923463503	0.1157380595250276	-0.1365899027746915	0.16085065724090689	-0.08087931826248404	0.07452086270144057	-0.09349505978434522	0.09950571721664148	-0.10415244797331555	0.06455386579822968	-0.0596460113312929	0.10509446524422746	-0.09483457451390938	0.08065935153643557	-0.04498439135701096	0.048052720352196786	-0.04610006942027432	0.05369055117529538	-0.06026710688734105	0.0541746408607474	-0.04380000444792183	0.037726771449618654	-0.021340389618217177	0.025781856716364578
0.17034344797532977	-0.11776572047299926	0.14954369922737962	-0.14197661064273	0.14032326875632412	-0.5527238435519101	0.29267196271109985	-0.23896714661152577	0.16367177804051808	-0.11922134050512069	1.0000000000000016	-0.493332596329433	0.2391037018253918	-0.1876841398927097	0.1507222639637506	-0.5325635568771582	0.24592300595884117	-0.20193262401544404	0.1294541039092537	-0.12108502385014515	0.13892549917278565	-0.13026708474724707	0.15186120419973068	-0.10447883957473214	0.11386218993170936	-0.09987042298852127	0.09237555113927556	-0.15628505752021113	0.11513102347067859	-0.09240037985022956	0.06831552298755524	-0.07211551549752725	0.06869128830736437	-0.06541106751028089	0.07378758920730834	-0.08050339056572348	0.06534848538152499	-0.05528736682917754	0.030308391839862725	-0.03649222219221926
-0.16058890594608743	0.10958973626048112	-0.15361448336644884	0.1454601273543211	-0.15147385924125115	0.3040353116786106	-0.530948392267954	0.2662114825359705	-0.18558415024957584	0.1282941058258969	-0.493332596329433	1.0000000000000009	-0.4425592706341736	0.22068929535536852	-0.17502742805890223	0.28818233039047103	-0.3462128913636371	0.2314490701692002	-0.14288042182570102	0.13157477157837663	-0.14421751221652174	0.1388958499898834	-0.16755657123048096	0.11076056378463732	-0.12100679203375117	0.09999779811587753	-0.09394417027976597	0.15715625184478815	-0.1199709035257426	0.09545343564341983	-0.0682531070343868	0.07211570844437307	-0.0689502367902424	0.06722082018485537	-0.07626167217874842	0.07953444307451452	-0.06528937001061713	0.054992485828520454	-0.030248293716132094	0.036307468459694237
0.15575583591622486	-0.11260154632255467	0.1623876442669407	-0.17555538453732433	0.17394842883972006	-0.24879326192952758	0.25655463518662086	-0.3672911936282118	0.2288126867453233	-0.1628548566660929	0.2391037018253918	-0.4425592706341736	1.000000000000001	-0.5320556972016036	0.23796144342007552	-0.2893378232115689	0.2620101398365417	-0.38950299170424846	0.18071665143013194	-0.18803349318503526	0.1536455094736547	-0.15496674043236824	0.2005564528561977	-0.14228670055753784	0.1437036124586982	-0.11799998859912088	0.10933723195221984	-0.1960521877663719	0.139954225004572	-0.11689785044158992	0.0795594820503207	-0.08497100306980988	0.08028111995365095	-0.0800028437821909	0.08867261819268486	-0.09467134495800483	0.07568785616614002	-0.06481649645323485	0.03546378721123126	-0.0428623622340268
-0.15800487371740699	0.11387986671638031	-0.17806272572311557	0.196109331130185	-0.22332156776161347	0.19413958894752328	-0.20216093213796307	0.26007560682725134	-0.3469093438040868	0.20774207412339937	-0.1876841398927097	0.22068929535536852	-0.5320556972016036	0.9999999999999982	-0.5240728882703031	0.21831872858906978	-0.1961693224538082	0.20713160746046358	-0.2795471209293157	0.2555307137926386	-0.13019192907897265	0.1206320980574359	-0.16079882203557222	0.17159171080560964	-0.18220292817282177	0.09838382548341967	-0.0925657999339352	0.160748438127831	-0.1607761439661648	0.13072477549783923	-0.0683719560576921	0.0731202103964111	-0.07076847694896787	0.0873429446424218	-0.10007350043639868	0.0807885490986352	-0.0667837648437235	0.05704992748181448	-0.032691025435240245	0.039213693665829066
0.12616075542338787	-0.09527453957511132	0.1383545445483803	-0.1677374901228965	0.21624448451293324	-0.17367972241379998	0.15542734455417775	-0.21996682789795757	0.2124102050051937	-0.2845681980715226	0.1507222639637506	-0.17502742805890223	0.23796144342007552	-0.5240728882703031	0.9999999999999988	-0.21349433233884152	0.15862436921124973	-0.17640434255206827	0.26796304134414906	-0.6001483200546439	0.11461465986528135	-0.10820449548022236	0.13683226182599384	-0.19506282278498144	0.17974233452064353	-0.09505740541278887	0.08754376053970868	-0.15917859088293632	0.152169064551414	-0.13981132681605715	0.06565508854967383	-0.07074365227695853	0.06765171708969428	-0.08743124117629479	0.0958585473009071	-0.07960358183516739	0.06386061115644817	-0.05561637801645428	0.03176513434219601	-0.03847803550541334
-0.20825100455445703	0.13317198042361383	-0.19414625705527705	0.16846457371371706	-0.19587138763546422	0.2818547144641677	-0.26615790289302504	0.23738681927039	-0.20102448640195625	0.15364690207984508	-0.5325635568771582	0.28818233039047103	-0.2893378232115689	0.21831872858906978	-0.21349433233884152	0.9999999999999999	-0.4781285196454829	0.2662633544835414	-0.194792421115003	0.164804739318376	-0.24184046374652537	0.19927897931299776	-0.23575535013133397	0.15250344299829274	-0.1773562285277557	0.14448903947750127	-0.13808731767415494	0.2130951644450308	-0.18074068196944032	0.13658910549973427	-0.10099740843969646	0.10492655388347763	-0.10253524083025631	0.09902127670570544	-0.1156021295074145	0.11378039905582311	-0.09778457007115195	0.08032431689630314	-0.04472915611754663	0.05309384448961687
0.1339325554099384	-0.09279237115401823	0.1297145031022765	-0.1268159528434267	0.13407610610456347	-0.22646491762418097	0.20996247274962304	-0.21044671703175405	0.15087131139978077	-0.11490440923463503	0.24592300595884117	-0.3462128913636371	0.2620101398365417	-0.1961693224538082	0.15862436921124973	-0.4781285196454829	1.000000000000003	-0.5893783587474903	0.147283728451299	-0.1334295787031613	0.23069301448503368	-0.31935438080601936	0.2793083294302229	-0.12620906047595834	0.13163988697481507	-0.1620519767707945	0.1489852047882446	-0.2559197312519693	0.13995745914160096	-0.11186095135448604	0.10359318995209867	-0.11031818240301844	0.10163191579436265	-0.08091764024249916	0.08866250715674429	-0.1211997948197374	0.09529452511979285	-0.08076830978912912	0.0423701667305509	-0.05119131478866801
-0.1281031617350757	0.08726807575256235	-0.12714164552832793	0.12220013701910004	-0.13758310586470654	0.18174588372028797	-0.18614043020128146	0.19343743572076064	-0.1522050301175804	0.1157380595250276	-0.20193262401544404	0.2314490701692002	-0.38950299170424846	0.20713160746046358	-0.17640434255206827	0.2662633544835414	-0.5893783587474903	0.9999999999999993	-0.17091423828456911	0.14181776169052354	-0.23471422043318094	0.245818569056959	-0.5058732099828261	0.13744842605444624	-0.14366599434558924	0.1488982239606317	-0.1466108079335335	0.24516705601039768	-0.14974293503474953	0.11534568942495878	-0.09882682016345984	0.10457845020508354	-0.09974070539728931	0.08313923375997359	-0.09284944114518873	0.1114799929474262	-0.09246316730100508	0.07687342466941564	-0.04093962844588318	0.04893241416294028
0.10219867301121546	-0.07537432612213281	0.1072755496662817	-0.12055881945172714	0.1372337909914604	-0.14689733608237365	0.12698189907328195	-0.16817841999501199	0.14498330296868406	-0.1365899027746915	0.1294541039092537	-0.14288042182570102	0.18071665143013194	-0.2795471209293157	0.26796304134414906	-0.194792421115003	0.147283728451299	-0.17091423828456911	1.0000000000000022	-0.5861087063815601	0.11540658995539434	-0.10980736994840815	0.14424529329944621	-0.5611162095480906	0.26853399518014964	-0.09834981106652331	0.09154935191112562	-0.17052641921754216	0.21093561725467222	-0.20255537497996157	0.0681937399603624	-0.07453867243057945	0.07210812477191235	-0.11992861338382844	0.125463467142311	-0.08259711179895177	0.06730354232151639	-0.05922497600732404	0.03508671601867115	-0.042430893586537136
-0.10372068008177078	0.0748705240871196	-0.11141984077983	0.12126869864565878	-0.17178608032816964	0.13288584316697846	-0.12213391444328306	0.15876012115120397	-0.15585305713943112	0.16085065724090689	-0.12108502385014515	0.13157477157837663	-0.18803349318503526	0.2555307137926386	-0.6001483200546439	0.164804739318376	-0.1334295787031613	0.14181776169052354	-0.5861087063815601	1.0000000000000004	-0.10306815006088381	0.09417797592064943	-0.12484654768759677	0.2526278119208856	-0.2783938815850591	0.08290091795713299	-0.07837737973787953	0.13974446425064582	-0.1941031343201649	0.1653051612684662	-0.05831719225838768	0.06338518966618645	-0.06227509933913689	0.1017789464681968	-0.11689827987836868	0.0694715795958767	-0.05827640388655178	0.050528079203128115	-0.030535764104306265	0.036526579101035295
0.09141034446103889	-0.06306894342378433	0.089223018206348	-0.08690822917643605	0.09517304753786744	-0.13758002996420346	0.12019931112386564	-0.13270563457657178	0.10163438014362063	-0.08087931826248404	0.13892549917278565	-0.14421751221652174	0.1536455094736547	-0.13019192907897265	0.11461465986528135	-0.24184046374652537	0.23069301448503368	-0.23471422043318094	0.11540658995539434	-0.10306815006088381	1.0000000000000022	-0.6885136662286832	0.28740053729013865	-0.11128308021503264	0.11418509923881923	-0.393749833937097	0.25167551961000373	-0.3470604306030904	0.1352706192633459	-0.10748774983719611	0.17771367593835538	-0.1750732750188277	0.14847256074368817	-0.08246083207443174	0.08642994877773422	-0.2011364412969484	0.14042226456273701	-0.11807701176094573	0.057561934678288185	-0.07004077521813029
-0.08461987818709357	0.057735882987839084	-0.08277818713455852	0.07940610975660546	-0.08878676191368531	0.12238104221731287	-0.11456525862181108	0.12093260610985333	-0.0945504838642153	0.07452086270144057	-0.13026708474724707	0.1388958499898834	-0.15496674043236824	0.1206320980574359	-0.10820449548022236	0.19927897931299776	-0.31935438080601936	0.245818569056959	-0.10980736994840815	0.09417797592064943	-0.6885136662286832	1.0000000000000036	-0.4976872672721944	0.10355625048587805	-0.10662639657276492	0.22615465531621035	-0.2436638089908209	0.2691544074880655	-0.12156175634239318	0.09309837908758858	-0.13357262617048746	0.137159628605089	-0.12364975458831332	0.07079190017767377	-0.07628776054036834	0.1390975593897477	-0.11358090108915404	0.09148179564684156	-0.045435231016044804	0.054205261973917285
0.10212948855276423	-0.07059843031086913	0.1008025300543092	-0.09908668544813677	0.10907747395163012	-0.1503213122062824	0.13719302589593388	-0.15409939045821464	0.11800963796568127	-0.09349505978434522	0.15186120419973068	-0.16755657123048096	0.2005564528561977	-0.16079882203557222	0.13683226182599384	-0.23575535013133397	0.2793083294302229	-0.5058732099828261	0.14424529329944621	-0.12484654768759677	0.28740053729013865	-0.4976872672721944	1.000000000000001	-0.1546526516488046	0.13963588359507276	-0.22115969015268816	0.2130370954992539	-0.4960072734102952	0.15979733022128872	-0.12505813169687396	0.133877517053886	-0.14734806510764736	0.13356322749208877	-0.09225503522807739	0.09685424039940725	-0.15439090700673222	0.12062331037239662	-0.10300207159214181	0.051913346046108005	-0.0627257064452457
-0.08368203109551421	0.05979592901516461	-0.0864653832724958	0.0910791296826305	-0.10945373955963693	0.1140527667415484	-0.10076783842673298	0.12639885926387992	-0.1101758743461235	0.09950571721664148	-0.10447883957473214	0.11076056378463732	-0.14228670055753784	0.17159171080560964	-0.19506282278498144	0.15250344299829274	-0.12620906047595834	0.13744842605444624	-0.5611162095480906	0.2526278119208856	-0.11128308021503264	0.10355625048587805	-0.1546526516488046	1.0000000000000002	-0.5884480551649971	0.09152896048261096	-0.08879578323567612	0.1630562541988759	-0.3739083330072556	0.26901694356010714	-0.06466976014683724	0.07181727578299113	-0.07206327222229761	0.1604074654127433	-0.1770080036549707	0.0764681420763016	-0.06598971329449131	0.05791171075364869	-0.03695592996730686	0.04394572501508653
0.08838293643069095	-0.0643549777050955	0.09070278595778905	-0.09831333444107418	0.10995750814455409	-0.1288600007828426	0.10868248950013298	-0.13969793960651858	0.11461030210607798	-0.10415244797331555	0.11386218993170936	-0.12100679203375117	0.1437036124586982	-0.18220292817282177	0.17974233452064353	-0.1773562285277557	0.13163988697481507	-0.14366599434558924	0.26853399518014964	-0.2783938815850591	0.11418509923881923	-0.10662639657276492	0.13963588359507276	-0.5884480551649971	1.0000000000000007	-0.10129869547851103	0.0953990714107889	-0.17910557326705104	0.290280290028171	-0.568243819786042	0.07151979652422394	-0.07987108770575174	0.07931969335789112	-0.18972307889359932	0.19887193929941008	-0.08669103733151517	0.07291638200973082	-0.06531620598546808	0.04173096238413536	-0.050348669528158835
-0.07362697046045812	0.04953942937903944	-0.07203287242907706	0.06765052479593282	-0.07863070277862243	0.09658871713086252	-0.08921625201860557	0.09738576581464017	-0.07995626061779358	0.06455386579822968	-0.09987042298852127	0.09999779811587753	-0.11799998859912088	0.09838382548341967	-0.09505740541278887	0.14448903947750127	-0.1620519767707945	0.1488982239606317	-0.09834981106652331	0.08290091795713299	-0.393749833937097	0.22615465531621035	-0.22115969015268816	0.09152896048261096	-0.10129869547851103	1.0000000000000022	-0.6329337773008772	0.27400368760118726	-0.1265982231882736	0.09185980983525437	-0.43189880614934006	0.25762512533794046	-0.22434878374788927	0.07720747546709171	-0.08343935865913021	0.26103862441465026	-0.21185837296199078	0.15265451732376856	-0.07088929804779054	0.08250654633820738
0.06710433463516034	-0.045547097525644814	0.06576932041366146	-0.06263568704904253	0.07174424334523545	-0.09096202618998804	0.0826864317902209	-0.09140738121278925	0.07379965381136015	-0.0596460113312929	0.09237555113927556	-0.09394417027976597	0.10933723195221984	-0.0925657999339352	0.08754376053970868	-0.13808731767415494	0.1489852047882446	-0.1466108079335335	0.09154935191112562	-0.07837737973787953	0.25167551961000373	-0.2436638089908209	0.2130370954992539	-0.08879578323567612	0.0953990714107889	-0.6329337773008772	0.9999999999999999	-0.4622422080454425	0.12578904178216696	-0.09200679847967211	0.2487217604270739	-0.41025058401140785	0.22963384310142296	-0.07838249491038772	0.08096901453046183	-0.24923553059738154	0.1982679405763984	-0.16305165500937546	0.07229639098039894	-0.08633843898467046
-0.11810711926944062	0.07919748733620452	-0.11605669840445798	0.10865567995650409	-0.1284607212066854	0.15008125469194664	-0.14177752471095031	0.15469907475887804	-0.12951792483882746	0.10509446524422746	-0.15628505752021113	0.15715625184478815	-0.1960521877663719	0.160748438127831	-0.15917859088293632	0.2130951644450308	-0.2559197312519693	0.24516705601039768	-0.17052641921754216	0.13974446425064582	-0.3470604306030904	0.2691544074880655	-0.4960072734102952	0.1630562541988759	-0.17910557326705104	0.27400368760118726	-0.4622422080454425	1.0000000000000018	-0.27204112119444435	0.16464567280926237	-0.19553926552345247	0.22302217894188567	-0.24148890751489535	0.13271172974797554	-0.14192192300103643	0.1946051646138655	-0.19193246428402988	0.15229536766169394	-0.07652039828516695	0.08860775139183967
0.08794292174484912	-0.06309863701620644	0.08896742405757317	-0.09353198548604523	0.10378575888803741	-0.1278584977165402	0.10786182471310966	-0.13443031711330988	0.10842263986120079	-0.09483457451390938	0.11513102347067859	-0.1199709035257426	0.139954225004572	-0.1607761439661648	0.152169064551414	-0.18074068196944032	0.13995745914160096	-0.14974293503474953	0.21093561725467222	-0.1941031343201649	0.1352706192633459	-0.12156175634239318	0.15979733022128872	-0.3739083330072556	0.290280290028171	-0.1265982231882736	0.12578904178216696	-0.27204112119444435	1.000000000000001	-0.5536710205126214	0.09002790515089198	-0.10544405754505674	0.10809617432856859	-0.4803966499335995	0.2990318337352314	-0.10729281352644793	0.09424756524009029	-0.08633129004475376	0.056508806439896864	-0.0678444367429325
-0.07418048015877196	0.05233467504092957	-0.07533456994422529	0.0772382348027603	-0.09119196259942394	0.10037114913513757	-0.08755857321989356	0.10778261941078987	-0.09119832828656418	0.08065935153643557	-0.09240037985022956	0.09545343564341983	-0.11689785044158992	0.13072477549783923	-0.13981132681605715	0.13658910549973427	-0.11186095135448604	0.11534568942495878	-0.20255537497996157	0.1653051612684662	-0.10748774983719611	0.09309837908758858	-0.12505813169687396	0.26901694356010714	-0.568243819786042	0.09185980983525437	-0.09200679847967211	0.16464567280926237	-0.5536710205126214	1.0000000000000027	-0.0681032507738964	0.07809903691446997	-0.08319730312822644	0.2728493421775755	-0.43058948990434776	0.07969446672828814	-0.07485737747661717	0.06676946459372547	-0.05076745238073025	0.0591348812970899
0.05105917465209656	-0.034512174311919996	0.049961909109841364	-0.04723852732471166	0.054496438588746886	-0.06769048641654128	0.06125081473744249	-0.06799675792390207	0.055447561579101245	-0.04498439135701096	0.06831552298755524	-0.0682531070343868	0.0795594820503207	-0.0683719560576921	0.06565508854967383	-0.10099740843969646	0.10359318995209867	-0.09882682016345984	0.0681937399603624	-0.05831719225838768	0.17771367593835538	-0.13357262617048746	0.133877517053886	-0.06466976014683724	0.07151979652422394	-0.43189880614934006	0.2487217604270739	-0.19553926552345247	0.09002790515089198	-0.0681032507738964	1.000000000000004	-0.3579646979450389	0.22269363534055073	-0.06149372605383185	0.06486759970267601	-0.7337957305844662	0.24398456842875074	-0.18936818854528817	0.08079081567173678	-0.0981353198096124
-0.05421386396372139	0.03662971144217861	-0.05312169320952555	0.05023571968023093	-0.05819431552351123	0.07130152685568836	-0.06490123414869416	0.0720537079845884	-0.05907382817923855	0.048052720352196786	-0.07211551549752725	0.07211570844437307	-0.08497100306980988	0.0731202103964111	-0.07074365227695853	0.10492655388347763	-0.11031818240301844	0.10457845020508354	-0.07453867243057945	0.06338518966618645	-0.1750732750188277	0.137159628605089	-0.14734806510764736	0.07181727578299113	-0.07987108770575174	0.25762512533794046	-0.41025058401140785	0.22302217894188567	-0.10544405754505674	0.07809903691446997	-0.3579646979450389	1.0000000000000027	-0.6288775026632208	0.07891769932436056	-0.08126398095673662	0.2679955314476582	-0.40823440781026993	0.27179850037762743	-0.11111003972523681	0.1247951887472557
0.051396386579107056	-0.034972781606421866	0.050427870066138296	-0.04822939633223692	0.05526514421299954	-0.0691231907778363	0.061876909629885735	-0.0696093258987873	0.056457175731049525	-0.04610006942027432	0.06869128830736437	-0.0689502367902424	0.08028111995365095	-0.07076847694896787	0.06765171708969428	-0.10253524083025631	0.10163191579436265	-0.09974070539728931	0.07210812477191235	-0.06227509933913689	0.14847256074368817	-0.12364975458831332	0.13356322749208877	-0.07206327222229761	0.07931969335789112	-0.22434878374788927	0.22963384310142296	-0.24148890751489535	0.10809617432856859	-0.08319730312822644	0.22269363534055073	-0.6288775026632208	1.0000000000000029	-0.09916063813431096	0.09253606857255277	-0.2744789780903989	0.31138605823787396	-0.5372144163612023	0.16006369754326916	-0.1947685274441685
-0.051308677783857705	0.036202278426838846	-0.05169797478279926	0.05286706023721097	-0.06061424301637845	0.07108251220245873	-0.06126437338892375	0.07485550282418983	-0.061750856325555034	0.05369055117529538	-0.06541106751028089	0.06722082018485537	-0.0800028437821909	0.0873429446424218	-0.08743124117629479	0.09902127670570544	-0.08091764024249916	0.08313923375997359	-0.11992861338382844	0.1017789464681968	-0.08246083207443174	0.07079190017767377	-0.09225503522807739	0.1604074654127433	-0.18972307889359932	0.07720747546709171	-0.07838249491038772	0.13271172974797554	-0.4803966499335995	0.2728493421775755	-0.06149372605383185	0.07891769932436056	-0.09916063813431096	1.0000000000000018	-0.7943942764367571	0.0721105050864854	-0.07532319300018915	0.07311311083574235	-0.0647918017884964	0.07339890390573658
0.05683233834474957	-0.04060623934085399	0.057338605055630154	-0.05977612067512061	0.06667825463925126	-0.08191145777005283	0.0690136098085795	-0.08566556042474086	0.06917205657927313	-0.06026710688734105	0.07378758920730834	-0.07626167217874842	0.08867261819268486	-0.10007350043639868	0.0958585473009071	-0.1156021295074145	0.08866250715674429	-0.09284944114518873	0.125463467142311	-0.11689827987836868	0.08642994877773422	-0.07628776054036834	0.09685424039940725	-0.1770080036549707	0.19887193929941008	-0.08343935865913021	0.08096901453046183	-0.14192192300103643	0.2990318337352314	-0.43058948990434776	0.06486759970267601	-0.08126398095673662	0.09253606857255277	-0.7943942764367571	1.000000000000002	-0.07829166966919998	0.07827864481147664	-0.07755212089904241	0.07174872307927102	-0.09040750788533655
-0.06205633477275495	0.04156816599232295	-0.060682393617920063	0.056584001568330114	-0.0664651186317025	0.07882703631507922	-0.07254481938140217	0.07999848016874006	-0.06661975581618126	0.0541746408607474	-0.08050339056572348	0.07953444307451452	-0.09467134495800483	0.0807885490986352	-0.07960358183516739	0.11378039905582311	-0.1211997948197374	0.1114799929474262	-0.08259711179895177	0.0694715795958767	-0.2011364412969484	0.1390975593897477	-0.15439090700673222	0.0764681420763016	-0.08669103733151517	0.26103862441465026	-0.24923553059738154	0.1946051646138655	-0.10729281352644793	0.07969446672828814	-0.7337957305844662	0.2679955314476582	-0.2744789780903989	0.0721105050864854	-0.07829166966919998	1.0000000000000022	-0.4121983562368122	0.2141320337259563	-0.09508325157749778	0.10818905242222518
0.049124712529872126	-0.03339448628480049	0.0481437873917168	-0.04594345135786851	0.05263166476751521	-0.06591672710377926	0.05881031502565659	-0.06618907874361042	0.05367945449922645	-0.04380000444792183	0.06534848538152499	-0.06528937001061713	0.07568785616614002	-0.0667837648437235	0.06386061115644817	-0.09778457007115195	0.09529452511979285	-0.09246316730100508	0.06730354232151639	-0.05827640388655178	0.14042226456273701	-0.11358090108915404	0.12062331037239662	-0.06598971329449131	0.07291638200973082	-0.21185837296199078	0.1982679405763984	-0.19193246428402988	0.09424756524009029	-0.07485737747661717	0.24398456842875074	-0.40823440781026993	0.31138605823787396	-0.07532319300018915	0.07827864481147664	-0.4121983562368122	1.0000000000000024	-0.6485193711583862	0.19165687271233106	-0.24333337738383048
-0.04235381369626476	0.028633175962236836	-0.041530961075817704	0.039321746673880595	-0.04566014942737926	0.05527194164656066	-0.049959810405110334	0.05599883328306782	-0.046108271061154484	0.037726771449618654	-0.05528736682917754	0.054992485828520454	-0.06481649645323485	0.05704992748181448	-0.05561637801645428	0.08032431689630314	-0.08076830978912912	0.07687342466941564	-0.05922497600732404	0.050528079203128115	-0.11807701176094573	0.09148179564684156	-0.10300207159214181	0.05791171075364869	-0.06531620598546808	0.15265451732376856	-0.16305165500937546	0.15229536766169394	-0.08633129004475376	0.06676946459372547	-0.18936818854528817	0.27179850037762743	-0.5372144163612023	0.07311311083574235	-0.07755212089904241	0.2141320337259563	-0.6485193711583862	1.0000000000000027	-0.32534716806248537	0.23822883026274086
0.023341273522350818	-0.01591687235740854	0.022977224099652176	-0.022088277784679027	0.025462209063386025	-0.030942969665834243	0.027538148060424622	-0.031461577578245956	0.025800619827088637	-0.021340389618217177	0.030308391839862725	-0.030248293716132094	0.03546378721123126	-0.032691025435240245	0.03176513434219601	-0.04472915611754663	0.0423701667305509	-0.04093962844588318	0.03508671601867115	-0.030535764104306265	0.057561934678288185	-0.045435231016044804	0.051913346046108005	-0.03695592996730686	0.04173096238413536	-0.07088929804779054	0.07229639098039894	-0.07652039828516695	0.056508806439896864	-0.05076745238073025	0.08079081567173678	-0.11111003972523681	0.16006369754326916	-0.0647918017884964	0.07174872307927102	-0.09508325157749778	0.19165687271233106	-0.32534716806248537	1.0000000000000024	-0.9065906945262875
-0.028350179045264635	0.01925674428877598	-0.027892734970685687	0.026647939675993253	-0.030943102920393553	0.037021742803588865	-0.033186207838711984	0.03775017663603336	-0.031184092070390752	0.025781856716364578	-0.03649222219221926	0.036307468459694237	-0.0428623622340268	0.039213693665829066	-0.03847803550541334	0.05309384448961687	-0.05119131478866801	0.04893241416294028	-0.042430893586537136	0.036526579101035295	-0.07004077521813029	0.054205261973917285	-0.0627257064452457	0.04394572501508653	-0.050348669528158835	0.08250654633820738	-0.08633843898467046	0.08860775139183967	-0.0678444367429325	0.0591348812970899	-0.0981353198096124	0.1247951887472557	-0.1947685274441685	0.07339890390573658	-0.09040750788533655	0.10818905242222518	-0.24333337738383048	0.23822883026274086	-0.9065906945262875	1.0000000000000024
