1.0	-0.4311605767484111	0.25748541699047295	-0.22563467247735736	0.11968894840985897	-0.6133870966627559	0.22666334909970093	-0.24676433849755003	0.1398547157182432	-0.10134924758259126	0.3098230466919014	-0.16954424554899444	0.15688217237030147	-0.1325079837565291	0.1433677571213785	-0.2045836810219563	0.18541451500164027	-0.1593592973353918	0.13832732184326865	-0.13163558562126165	0.1312943103404335	-0.19985494613206845	0.12368285239854854	-0.14208074902979803	0.11477082801879146	-0.10069833459559724	0.08530477740813447	-0.09523677605269062	0.10642116506564356	-0.09334676718199048	0.055961323119273376	-0.09190510542187533	0.09987687867419334	-0.11125667424103092	0.0959498798717708	-0.07228866241706303	0.0819887444943755	-0.20935313188705068	0.10518121503267402	-0.1459913218188173
-0.4311605767484111	1.0	-0.6890512948524934	0.21685376706464782	-0.12008774161864608	0.2018046435561272	-0.4037212914358106	0.2580587760236606	-0.13807084691224186	0.09429263399690536	-0.21493463544426844	0.1413379486158271	-0.14003949760612314	0.11466346514693625	-0.12647495511226667	0.12461754128767667	-0.1419315301927317	0.11426342112486304	-0.10618435384435992	0.09972818790460411	-0.0857769426539956	0.12610204729891022	-0.08836077206041192	0.10136940282360292	-0.08595896590040406	0.06425579159783659	-0.05531784183176634	0.06497304328104524	-0.0763962356627542	0.0663138759957709	-0.03597232171507402	0.05880055069337653	-0.06893535739543058	0.07317646846637667	-0.06302064600382454	0.046127963257320326	-0.05272147098037905	0.13333526990793215	-0.06938755926735826	0.09343006070033404
0.25748541699047295	-0.6890512948524934	0.9999999999999996	-0.4133493686505409	0.15928401239388645	-0.18323728342420753	0.25702994189371586	-0.2980313211140227	0.1825303146800222	-0.13020250613771364	0.19175244688352042	-0.16536240997253282	0.1622184231132265	-0.15245292615335665	0.16121842169633918	-0.14777135047168463	0.16578506304305923	-0.14742653497347347	0.13611064730245365	-0.13229832737669722	0.10180980198313798	-0.15747872059159254	0.11296984521120511	-0.1332606863729142	0.11199711810085122	-0.08246489184146577	0.07057882886781015	-0.08515661128786418	0.10049483467487064	-0.08827531949790117	0.048793946445257	-0.08005199913966861	0.08975755739611549	-0.09972312102549928	0.08572112655371197	-0.06308770969042052	0.07167875066591219	-0.18385265338711404	0.0941475403197234	-0.12882897859122067
-0.22563467247735736	0.21685376706464782	-0.4133493686505409	0.9999999999999996	-0.45372425764077945	0.13885750433981456	-0.19960885179567595	0.19961578275409175	-0.5069344739433885	0.27937018565700444	-0.1995217518229986	0.17053294743941488	-0.19481414099393973	0.2544294591584215	-0.301846313313496	0.13557810929146033	-0.18497092812268504	0.1583870086863755	-0.18281318801639435	0.17491079468435175	-0.09877751101128222	0.145500005602344	-0.12484494553415351	0.15187945567959257	-0.14583045513559045	0.07656729823249432	-0.06715620994361912	0.08746151821030552	-0.11925550046702608	0.10196698996874555	-0.044507565540655845	0.07224923008830766	-0.09412536791461432	0.09657673315789858	-0.08269227359639222	0.05653581952197306	-0.06543452351792137	0.1639055263816133	-0.09182513949295351	0.11648932440232773
0.11968894840985897	-0.12008774161864608	0.15928401239388645	-0.45372425764077945	0.9999999999999996	-0.08016405838313	0.11631270466169988	-0.13791123841607844	0.29024927288607594	-0.7657178783959989	0.11316028634803957	-0.12603545344281383	0.13374143791774176	-0.21553471819596876	0.2165852645934521	-0.09550553357963577	0.12391032853140903	-0.12264881888704113	0.13054422827720627	-0.14577157703783766	0.06928145108131485	-0.1075650685329446	0.09331056691153472	-0.1192444690178424	0.10758147872074139	-0.05825396550916649	0.050592815617563125	-0.06757784179716328	0.08860860181345152	-0.08006746810986257	0.036126721797771356	-0.05912260942629965	0.07136110065664467	-0.07825489442651597	0.06620490385712503	-0.04653382391374501	0.05328337529576696	-0.13682111836386118	0.07332018625459846	-0.09660512982165402
-0.6133870966627559	0.2018046435561272	-0.18323728342420753	0.13885750433981456	-0.08016405838313	0.9999999999999991	-0.19303071472353903	0.17014657277839412	-0.09410473716824175	0.06682776905128154	-0.672832751016628	0.1226599458321298	-0.11430124416602855	0.08860343571996858	-0.09710061248719758	0.1618339691655876	-0.14163082392069554	0.10610948723178422	-0.09268187148333279	0.08581786513922184	-0.10671182670996805	0.1377155563432121	-0.08340906898099762	0.09278781259554893	-0.07546893045197837	0.06752258732866807	-0.058091733817070314	0.06230633161867835	-0.06902286394387687	0.0600010273276802	-0.03513682508641173	0.057442979660008185	-0.06586552521301842	0.06934904962842524	-0.05984545408030517	0.04491158952013375	-0.051327859085157634	0.12876972395490252	-0.0658292224899372	0.0897126717289788
0.22666334909970093	-0.4037212914358106	0.25702994189371586	-0.19960885179567595	0.11631270466169988	-0.19303071472353903	0.9999999999999984	-0.7616497459304169	0.1456000378715476	-0.0997023301154377	0.19249602462651724	-0.24857246113204423	0.2185063022462743	-0.13898040172863874	0.14283776411322915	-0.14022192940001413	0.1781476356681863	-0.14090759240849568	0.123440265689495	-0.1143660330371192	0.0967073967380583	-0.1466690311355121	0.10531592772064764	-0.11794191504455351	0.0980248866853253	-0.07348573732650407	0.06337837603460303	-0.0751357240597635	0.08640118652792585	-0.07507839402047738	0.03997498004645115	-0.06523497413934572	0.07969784810399196	-0.08119042766334159	0.0698073730135846	-0.050996045799651016	0.05852082269971469	-0.1467910926484203	0.07706309337515191	-0.10264120034858792
-0.24676433849755003	0.2580587760236606	-0.2980313211140227	0.19961578275409175	-0.13791123841607844	0.17014657277839412	-0.7616497459304169	0.999999999999999	-0.18184534955470888	0.11442036848170824	-0.22142623528760544	0.2310882065351337	-0.3196809318984226	0.16158588391266768	-0.1725074001206294	0.1422702081053142	-0.2048688464621866	0.14969910640486786	-0.13940350929437992	0.12480305523868399	-0.10153584275701094	0.14730997517043526	-0.11450593459903909	0.12515971419444752	-0.10813785867974379	0.0739041935344493	-0.0646435571871519	0.07839662725717014	-0.09295260021614903	0.07952897253775296	-0.039622682228074545	0.06430312608121805	-0.08442511116036076	0.08149572881626582	-0.07019379841855704	0.0500797829671271	-0.05795176105538652	0.14331631836513437	-0.07776248277003091	0.10063816814429141
0.1398547157182432	-0.13807084691224186	0.1825303146800222	-0.5069344739433885	0.29024927288607594	-0.09410473716824175	0.1456000378715476	-0.18184534955470888	0.9999999999999967	-0.46651953842734406	0.13348785837126045	-0.17489190935081622	0.19276377214620624	-0.5352083548210748	0.28908028722747053	-0.11393337942122951	0.15302384399326557	-0.1510174445155671	0.16582882922872402	-0.1798469181979233	0.08249916386060611	-0.12779757062571348	0.11318871602574405	-0.14502473444018726	0.13052832823478022	-0.06800008622607347	0.05923482169271875	-0.07954956701663961	0.10484238341548932	-0.09461894144648923	0.040772711661265344	-0.06658626109690183	0.08407041778366006	-0.08893456109603146	0.07499078249052506	-0.052207695321599946	0.06009125150420487	-0.15295788098447768	0.08339586271809958	-0.10798309916892226
-0.10134924758259126	0.09429263399690536	-0.13020250613771364	0.27937018565700444	-0.7657178783959989	0.06682776905128154	-0.0997023301154377	0.11442036848170824	-0.46651953842734406	0.9999999999999966	-0.09685684213502455	0.1121116626997878	-0.12810455365318218	0.22502050500150764	-0.2847462383088154	0.07947891217861539	-0.10887907662948217	0.10526627301070203	-0.12354358440703173	0.13505684483367267	-0.05811725625256104	0.08899587886200643	-0.08097384712146917	0.10371127815908224	-0.10036021579106583	0.047714508274138034	-0.04174028832060486	0.05670984188898486	-0.07852528646736788	0.06983951954207104	-0.028816640178058787	0.04697328370554517	-0.060327328430304285	0.06373838023232685	-0.05381627165945748	0.03682248384845945	-0.042492646874796425	0.10786534803193093	-0.059925830112363396	0.07650174909489339
0.3098230466919014	-0.21493463544426844	0.19175244688352042	-0.1995217518229986	0.11316028634803957	-0.672832751016628	0.19249602462651724	-0.22142623528760544	0.13348785837126045	-0.09685684213502455	0.9999999999999976	-0.19078469350721175	0.1656448626862172	-0.13187324505960585	0.1433668894890535	-0.32055251293033155	0.2170654445726594	-0.17033934561172168	0.14422169680579405	-0.13454595106094466	0.17637680502551786	-0.23995785421782773	0.13375685551927885	-0.14910111083849556	0.1186668185690866	-0.11493021842263793	0.09763170939884284	-0.10176197597550288	0.1102114215556705	-0.09629081648188532	0.058552994530688546	-0.09595422745360019	0.10674044604095455	-0.11442341562179721	0.09869835112064698	-0.07501909134811513	0.08550271506394058	-0.21508946711641397	0.10846008205355724	-0.1494205918738159
-0.16954424554899444	0.1413379486158271	-0.16536240997253282	0.17053294743941488	-0.12603545344281383	0.1226599458321298	-0.24857246113204423	0.2310882065351337	-0.17489190935081622	0.1121116626997878	-0.19078469350721175	1.0000000000000002	-0.719462172155145	0.20561576059043687	-0.2056679100763739	0.18076632836838977	-0.4604796927723746	0.20057194311360385	-0.1659079351178877	0.14188340458174611	-0.12844102324783596	0.18712741280477493	-0.1462534023648156	0.146091322979907	-0.12211000436491959	0.08696364484681003	-0.07697348724544693	0.09182155349455062	-0.10217659522577231	0.08741321298133721	-0.041789233932542025	0.06749501604437051	-0.09905495867531673	0.08497018384570512	-0.07259902422595775	0.05188558378902229	-0.06086414496135969	0.146198457541368	-0.081284938606463	0.10172118103282292
0.15688217237030147	-0.14003949760612314	0.1622184231132265	-0.19481414099393973	0.13374143791774176	-0.11430124416602855	0.2185063022462743	-0.3196809318984226	0.19276377214620624	-0.12810455365318218	0.1656448626862172	-0.719462172155145	0.9999999999999983	-0.32951943839867426	0.21869711254173668	-0.1727774957875926	0.2682441493127389	-0.2562873497001358	0.17728036416083348	-0.16188060304943577	0.12005450078884301	-0.18938937927606875	0.15793600905024185	-0.16373655965044842	0.1307631758037403	-0.09050253760803502	0.07889199714340984	-0.09987385706642032	0.10905836618341028	-0.09585460674033787	0.04546092028434174	-0.07387344875662177	0.10522084837800004	-0.09346503293827364	0.07916235815392941	-0.0569890369936111	0.06642800470775186	-0.16248568220561094	0.088665130704044	-0.1125823193758514
-0.1325079837565291	0.11466346514693625	-0.15245292615335665	0.2544294591584215	-0.21553471819596876	0.08860343571996858	-0.13898040172863874	0.16158588391266768	-0.5352083548210748	0.22502050500150764	-0.13187324505960585	0.20561576059043687	-0.32951943839867426	0.9999999999999942	-0.6185077281351057	0.11428840589979024	-0.17171303906851856	0.16602417258670227	-0.22635028484164119	0.2176260586375978	-0.08394055270273254	0.1282107249004502	-0.12542404392886344	0.16153231837817017	-0.15832926731706246	0.0673228089917936	-0.05934013290732072	0.08275161328256286	-0.11689575027353935	0.1036621348661155	-0.03895543899071756	0.06328414870713636	-0.08826018417359595	0.08780599090987484	-0.07356546219433982	0.049284359026888755	-0.05741380257414235	0.14371742941761123	-0.08262010701111662	0.10196419727248933
0.1433677571213785	-0.12647495511226667	0.16121842169633918	-0.301846313313496	0.2165852645934521	-0.09710061248719758	0.14283776411322915	-0.1725074001206294	0.28908028722747053	-0.2847462383088154	0.1433668894890535	-0.2056679100763739	0.21869711254173668	-0.6185077281351057	0.9999999999999964	-0.13139788598715174	0.17930826244844908	-0.1985391697168234	0.23921736341062602	-0.42605504959176543	0.09677193537908817	-0.15159950586324122	0.14906312382072526	-0.20701966408097877	0.20908362069054653	-0.08260444987567532	0.07234614872932851	-0.10362238121220792	0.14960176671618325	-0.1448625495016933	0.05126343131838078	-0.08382759448305825	0.10869676171643027	-0.11794491689709792	0.09710864142518925	-0.06565710395420532	0.07587107168163944	-0.1945820756948915	0.1089199606044779	-0.13784207811926277
-0.2045836810219563	0.12461754128767667	-0.14777135047168463	0.13557810929146033	-0.09550553357963577	0.1618339691655876	-0.14022192940001413	0.1422702081053142	-0.11393337942122951	0.07947891217861539	-0.32055251293033155	0.18076632836838977	-0.1727774957875926	0.11428840589979024	-0.13139788598715174	0.9999999999999963	-0.44997668877850944	0.1698627224678006	-0.14240617102467873	0.11503325676655345	-0.670406287715804	0.3168773789525312	-0.14842427362070135	0.13504184673738	-0.10772473908469075	0.13636366627407448	-0.12901546931777544	0.09833368229999598	-0.09553977017315012	0.07956178497128566	-0.04609289432771206	0.07303544649631866	-0.10774851961806498	0.08191102166314963	-0.07106295909872674	0.05447244887373724	-0.06569568253287764	0.14313117149840276	-0.0798587282568839	0.09823806149076551
0.18541451500164027	-0.1419315301927317	0.16578506304305923	-0.18497092812268504	0.12391032853140903	-0.14163082392069554	0.1781476356681863	-0.2048688464621866	0.15302384399326557	-0.10887907662948217	0.2170654445726594	-0.4604796927723746	0.2682441493127389	-0.17171303906851856	0.17930826244844908	-0.44997668877850944	0.9999999999999952	-0.3255907258171069	0.2000843922805549	-0.16920508857977232	0.2568297337199083	-0.43287606175609467	0.20956079929220392	-0.2047439908957151	0.1497640037695751	-0.16547111908974493	0.14223220828548155	-0.13836440881011505	0.13204989658658395	-0.1143945364131276	0.06371542131780691	-0.10327249797835447	0.14339294961487511	-0.11990107834682294	0.10216370003128325	-0.0782213436309217	0.09194199652472528	-0.2148375872775197	0.11477714849578112	-0.14608241111941117
-0.1593592973353918	0.11426342112486304	-0.14742653497347347	0.1583870086863755	-0.12264881888704113	0.10610948723178422	-0.14090759240849568	0.14969910640486786	-0.1510174445155671	0.10526627301070203	-0.17033934561172168	0.20057194311360385	-0.2562873497001358	0.16602417258670227	-0.1985391697168234	0.1698627224678006	-0.3255907258171069	0.9999999999999922	-0.41856949024722995	0.212885319209415	-0.14372525386065207	0.21234672471337687	-0.635846129060483	0.3052282714816977	-0.2087915101265602	0.11272276002906427	-0.107053573479812	0.21120057601117853	-0.1682344093456888	0.13782535834495424	-0.05723011252598392	0.09095567613533068	-0.24236763033754538	0.11787157097462177	-0.09928375026294456	0.06763070325459951	-0.08337639056481833	0.18649219823300947	-0.11521866387927157	0.12646990774464426
0.13832732184326865	-0.10618435384435992	0.13611064730245365	-0.18281318801639435	0.13054422827720627	-0.09268187148333279	0.123440265689495	-0.13940350929437992	0.16582882922872402	-0.12354358440703173	0.14422169680579405	-0.1659079351178877	0.17728036416083348	-0.22635028484164119	0.23921736341062602	-0.14240617102467873	0.2000843922805549	-0.41856949024722995	0.9999999999999933	-0.49268984994330556	0.11166059892309411	-0.17746687636240271	0.2724819312119845	-0.5706570752462609	0.27479264042763435	-0.09778264033418947	0.08776476076254482	-0.15317928694961147	0.18907438663257864	-0.18221354125964803	0.05661133266957856	-0.09190308973212924	0.1565257111468922	-0.13237195548667666	0.10744798462622927	-0.07063460499987566	0.08360726872559508	-0.20651035560690165	0.12285257347952286	-0.14460463392825235
-0.13163558562126165	0.09972818790460411	-0.13229832737669722	0.17491079468435175	-0.14577157703783766	0.08581786513922184	-0.1143660330371192	0.12480305523868399	-0.1798469181979233	0.13505684483367267	-0.13454595106094466	0.14188340458174611	-0.16188060304943577	0.2176260586375978	-0.42605504959176543	0.11503325676655345	-0.16920508857977232	0.212885319209415	-0.49268984994330556	0.999999999999994	-0.08951042449163686	0.1358694615546372	-0.18107632740090987	0.27584836051414297	-0.5626870190626998	0.07674385089757735	-0.06928470465315183	0.11498246443044134	-0.25121085568344503	0.22508095846479623	-0.047734088170361184	0.07690929147744834	-0.12386246571727119	0.13077850442688696	-0.10509593455279646	0.059602248150898325	-0.07117275506257766	0.17734621826998184	-0.1217009934767952	0.13072441334808743
0.1312943103404335	-0.0857769426539956	0.10180980198313798	-0.09877751101128222	0.06928145108131485	-0.10671182670996805	0.0967073967380583	-0.10153584275701094	0.08249916386060611	-0.05811725625256104	0.17637680502551786	-0.12844102324783596	0.12005450078884301	-0.08394055270273254	0.09677193537908817	-0.670406287715804	0.2568297337199083	-0.14372525386065207	0.11166059892309411	-0.08951042449163686	0.9999999999999923	-0.6154367816092942	0.13271553340318662	-0.11495029769141403	0.08469950135359161	-0.18572948848558782	0.15676093716900477	-0.0900157144581125	0.0756820223286844	-0.06319903494377523	0.04083809993990062	-0.0650836206406754	0.09413759173476216	-0.06530430875646359	0.05621853754410164	-0.04655488337694862	0.05734028338618501	-0.11536775998109108	0.06407032780905414	-0.07716372360523224
-0.19985494613206845	0.12610204729891022	-0.15747872059159254	0.145500005602344	-0.1075650685329446	0.1377155563432121	-0.1466690311355121	0.14730997517043526	-0.12779757062571348	0.08899587886200643	-0.23995785421782773	0.18712741280477493	-0.18938937927606875	0.1282107249004502	-0.15159950586324122	0.3168773789525312	-0.43287606175609467	0.21234672471337687	-0.17746687636240271	0.1358694615546372	-0.6154367816092942	0.9999999999999916	-0.24049678148016757	0.17311904611331827	-0.13214504392883586	0.21259191287013565	-0.2656453728531699	0.13815333891632725	-0.11666962941456956	0.09539261228252639	-0.05914325729327386	0.09269931938577135	-0.1505948871004011	0.09453863584368463	-0.08195002832867766	0.06602039387051829	-0.08297965700415061	0.16167301894991348	-0.09362401388082198	0.10909703547524942
0.12368285239854854	-0.08836077206041192	0.11296984521120511	-0.12484494553415351	0.09331056691153472	-0.08340906898099762	0.10531592772064764	-0.11450593459903909	0.11318871602574405	-0.08097384712146917	0.13375685551927885	-0.1462534023648156	0.15793600905024185	-0.12542404392886344	0.14906312382072526	-0.14842427362070135	0.20956079929220392	-0.635846129060483	0.2724819312119845	-0.18107632740090987	0.13271553340318662	-0.24049678148016757	0.9999999999999901	-0.4974933691930848	0.18439851305315705	-0.11711878883870734	0.11066965782503135	-0.34885188479138335	0.14926874830359985	-0.12928575085476196	0.0543131084298115	-0.0881989638117583	0.24270539284362216	-0.1095900033658712	0.08869800176854474	-0.06418230889770474	0.07927111142860611	-0.17913946390568014	0.10511490190219121	-0.11494553772574707
-0.14208074902979803	0.10136940282360292	-0.1332606863729142	0.15187945567959257	-0.1192444690178424	0.09278781259554893	-0.11794191504455351	0.12515971419444752	-0.14502473444018726	0.10371127815908224	-0.14910111083849556	0.146091322979907	-0.16373655965044842	0.16153231837817017	-0.20701966408097877	0.13504184673738	-0.2047439908957151	0.3052282714816977	-0.5706570752462609	0.27584836051414297	-0.11495029769141403	0.17311904611331827	-0.4974933691930848	0.999999999999989	-0.3852398150787134	0.09732526607553153	-0.09174705324772063	0.1842605153180132	-0.23869063895062104	0.1958089401828638	-0.05446817666497971	0.08689704939259292	-0.2041966353194141	0.13223327652039538	-0.10766954480924888	0.06553274283751495	-0.08032169465746433	0.1874099382058869	-0.12616453636544675	0.13251616607124767
0.11477082801879146	-0.08595896590040406	0.11199711810085122	-0.14583045513559045	0.10758147872074139	-0.07546893045197837	0.0980248866853253	-0.10813785867974379	0.13052832823478022	-0.10036021579106583	0.1186668185690866	-0.12211000436491959	0.1307631758037403	-0.15832926731706246	0.20908362069054653	-0.10772473908469075	0.1497640037695751	-0.2087915101265602	0.27479264042763435	-0.5626870190626998	0.08469950135359161	-0.13214504392883586	0.18439851305315705	-0.3852398150787134	0.9999999999999912	-0.07794068270776965	0.07004038340846944	-0.12415167011361848	0.2832234464150408	-0.5161036745561117	0.05233990058517814	-0.08540929092191009	0.12730042629125313	-0.1594337162841824	0.11616220567748486	-0.06639900364268686	0.07875829094673917	-0.20523354122235482	0.1352228759185398	-0.15066303810472015
-0.10069833459559724	0.06425579159783659	-0.08246489184146577	0.07656729823249432	-0.05825396550916649	0.06752258732866807	-0.07348573732650407	0.0739041935344493	-0.06800008622607347	0.047714508274138034	-0.11493021842263793	0.08696364484681003	-0.09050253760803502	0.0673228089917936	-0.08260444987567532	0.13636366627407448	-0.16547111908974493	0.11272276002906427	-0.09778264033418947	0.07674385089757735	-0.18572948848558782	0.21259191287013565	-0.11711878883870734	0.09732526607553153	-0.07794068270776965	0.9999999999999903	-0.9058488706112588	0.14019108454610146	-0.07558882844596912	0.05916702472326991	-0.07746217599076405	0.11702848455105727	-0.15210751377433013	0.06309944823856375	-0.05465963487138285	0.06950042099438901	-0.10169820482186603	0.11351818820574973	-0.0674797927062405	0.06732503100510961
0.08530477740813447	-0.05531784183176634	0.07057882886781015	-0.06715620994361912	0.050592815617563125	-0.058091733817070314	0.06337837603460303	-0.0646435571871519	0.05923482169271875	-0.04174028832060486	0.09763170939884284	-0.07697348724544693	0.07889199714340984	-0.05934013290732072	0.07234614872932851	-0.12901546931777544	0.14223220828548155	-0.107053573479812	0.08776476076254482	-0.06928470465315183	0.15676093716900477	-0.2656453728531699	0.11066965782503135	-0.09174705324772063	0.07004038340846944	-0.9058488706112588	0.9999999999999905	-0.16074811164485064	0.06847739834319565	-0.05422407680544308	0.07393462313699163	-0.13202605909646986	0.13979763430481534	-0.0585422853098864	0.049824212641394305	-0.06834418805386469	0.09703560432878537	-0.10891760492431468	0.06213921022208686	-0.0619754851309077
-0.09523677605269062	0.06497304328104524	-0.08515661128786418	0.08746151821030552	-0.06757784179716328	0.06230633161867835	-0.0751357240597635	0.07839662725717014	-0.07954956701663961	0.05670984188898486	-0.10176197597550288	0.09182155349455062	-0.09987385706642032	0.08275161328256286	-0.10362238121220792	0.09833368229999598	-0.13836440881011505	0.21120057601117853	-0.15317928694961147	0.11498246443044134	-0.0900157144581125	0.13815333891632725	-0.34885188479138335	0.1842605153180132	-0.12415167011361848	0.14019108454610146	-0.16074811164485064	0.9999999999999907	-0.14481421736315345	0.10510688231142802	-0.0629548287285789	0.10108471460499223	-0.8447729191993044	0.10536954185947586	-0.08250412784731843	0.06622591915551118	-0.0916473047510937	0.17198311925434384	-0.10741407547177298	0.09602092557042746
0.10642116506564356	-0.0763962356627542	0.10049483467487064	-0.11925550046702608	0.08860860181345152	-0.06902286394387687	0.08640118652792585	-0.09295260021614903	0.10484238341548932	-0.07852528646736788	0.1102114215556705	-0.10217659522577231	0.10905836618341028	-0.11689575027353935	0.14960176671618325	-0.09553977017315012	0.13204989658658395	-0.1682344093456888	0.18907438663257864	-0.25121085568344503	0.0756820223286844	-0.11666962941456956	0.14926874830359985	-0.23869063895062104	0.2832234464150408	-0.07558882844596912	0.06847739834319565	-0.14481421736315345	0.9999999999999889	-0.735928171907912	0.05661852493159841	-0.092543855607519	0.1381786430617263	-0.3227343407964554	0.16229336277303627	-0.07195766162672601	0.08748782347229024	-0.23940860573923342	0.199577823129355	-0.18902598429334322
-0.09334676718199048	0.0663138759957709	-0.08827531949790117	0.10196698996874555	-0.08006746810986257	0.0600010273276802	-0.07507839402047738	0.07952897253775296	-0.09461894144648923	0.06983951954207104	-0.09629081648188532	0.08741321298133721	-0.09585460674033787	0.1036621348661155	-0.1448625495016933	0.07956178497128566	-0.1143945364131276	0.13782535834495424	-0.18221354125964803	0.22508095846479623	-0.06319903494377523	0.09539261228252639	-0.12928575085476196	0.1958089401828638	-0.5161036745561117	0.05916702472326991	-0.05422407680544308	0.10510688231142802	-0.735928171907912	0.9999999999999899	-0.04180612860927968	0.06705322792437624	-0.11109223532822027	0.17985738097456544	-0.12611903789384385	0.05203891277792726	-0.06419904204038537	0.16482933293489074	-0.1560556528087731	0.1325676037026512
0.055961323119273376	-0.03597232171507402	0.048793946445257	-0.044507565540655845	0.036126721797771356	-0.03513682508641173	0.03997498004645115	-0.039622682228074545	0.040772711661265344	-0.028816640178058787	0.058552994530688546	-0.041789233932542025	0.04546092028434174	-0.03895543899071756	0.05126343131838078	-0.04609289432771206	0.06371542131780691	-0.05723011252598392	0.05661133266957856	-0.047734088170361184	0.04083809993990062	-0.05914325729327386	0.0543131084298115	-0.05446817666497971	0.05233990058517814	-0.07746217599076405	0.07393462313699163	-0.0629548287285789	0.05661852493159841	-0.04180612860927968	0.9999999999999893	-0.5262944710908197	0.07456917213911778	-0.0590884756813788	0.05170225287816103	-0.7787846256501827	0.30267073591274196	-0.14801374766670586	0.07631972884818941	-0.056666237766329036
-0.09190510542187533	0.05880055069337653	-0.08005199913966861	0.07224923008830766	-0.05912260942629965	0.057442979660008185	-0.06523497413934572	0.06430312608121805	-0.06658626109690183	0.04697328370554517	-0.09595422745360019	0.06749501604437051	-0.07387344875662177	0.06328414870713636	-0.08382759448305825	0.07303544649631866	-0.10327249797835447	0.09095567613533068	-0.09190308973212924	0.07690929147744834	-0.0650836206406754	0.09269931938577135	-0.0881989638117583	0.08689704939259292	-0.08540929092191009	0.11702848455105727	-0.13202605909646986	0.10108471460499223	-0.092543855607519	0.06705322792437624	-0.5262944710908197	0.9999999999999886	-0.1311405208190198	0.09204069782622838	-0.08310382787790185	0.3156879862761149	-0.7052738362858527	0.21519891235290659	-0.12579703841568535	0.08746416071982704
0.09987687867419334	-0.06893535739543058	0.08975755739611549	-0.09412536791461432	0.07136110065664467	-0.06586552521301842	0.07969784810399196	-0.08442511116036076	0.08407041778366006	-0.060327328430304285	0.10674044604095455	-0.09905495867531673	0.10522084837800004	-0.08826018417359595	0.10869676171643027	-0.10774851961806498	0.14339294961487511	-0.24236763033754538	0.1565257111468922	-0.12386246571727119	0.09413759173476216	-0.1505948871004011	0.24270539284362216	-0.2041966353194141	0.12730042629125313	-0.15210751377433013	0.13979763430481534	-0.8447729191993044	0.1381786430617263	-0.11109223532822027	0.07456917213911778	-0.1311405208190198	0.9999999999999872	-0.12793878209631837	0.09389149900177819	-0.0816328056078653	0.10993823779109499	-0.23793984329958945	0.1243279848102142	-0.11379850846393338
-0.11125667424103092	0.07317646846637667	-0.09972312102549928	0.09657673315789858	-0.07825489442651597	0.06934904962842524	-0.08119042766334159	0.08149572881626582	-0.08893456109603146	0.06373838023232685	-0.11442341562179721	0.08497018384570512	-0.09346503293827364	0.08780599090987484	-0.11794491689709792	0.08191102166314963	-0.11990107834682294	0.11787157097462177	-0.13237195548667666	0.13077850442688696	-0.06530430875646359	0.09453863584368463	-0.1095900033658712	0.13223327652039538	-0.1594337162841824	0.06309944823856375	-0.0585422853098864	0.10536954185947586	-0.3227343407964554	0.17985738097456544	-0.0590884756813788	0.09204069782622838	-0.12793878209631837	0.9999999999999869	-0.4482721761539369	0.07248806681927641	-0.09920751653887197	0.267629941630577	-0.6857373679385766	0.2783844391901811
0.0959498798717708	-0.06302064600382454	0.08572112655371197	-0.08269227359639222	0.06620490385712503	-0.05984545408030517	0.0698073730135846	-0.07019379841855704	0.07499078249052506	-0.05381627165945748	0.09869835112064698	-0.07259902422595775	0.07916235815392941	-0.07356546219433982	0.09710864142518925	-0.07106295909872674	0.10216370003128325	-0.09928375026294456	0.10744798462622927	-0.10509593455279646	0.05621853754410164	-0.08195002832867766	0.08869800176854474	-0.10766954480924888	0.11616220567748486	-0.05465963487138285	0.049824212641394305	-0.08250412784731843	0.16229336277303627	-0.12611903789384385	0.05170225287816103	-0.08310382787790185	0.09389149900177819	-0.4482721761539369	0.999999999999986	-0.0659177566407597	0.08288845444960588	-0.23869889634236682	0.2567457624154517	-0.7956087890298372
-0.07228866241706303	0.046127963257320326	-0.06308770969042052	0.05653581952197306	-0.04653382391374501	0.04491158952013375	-0.050996045799651016	0.0500797829671271	-0.052207695321599946	0.03682248384845945	-0.07501909134811513	0.05188558378902229	-0.0569890369936111	0.049284359026888755	-0.06565710395420532	0.05447244887373724	-0.0782213436309217	0.06763070325459951	-0.07063460499987566	0.059602248150898325	-0.04655488337694862	0.06602039387051829	-0.06418230889770474	0.06553274283751495	-0.06639900364268686	0.06950042099438901	-0.06834418805386469	0.06622591915551118	-0.07195766162672601	0.05203891277792726	-0.7787846256501827	0.3156879862761149	-0.0816328056078653	0.07248806681927641	-0.0659177566407597	0.999999999999986	-0.4907746734599121	0.1707174504169954	-0.0987523206107797	0.06937047928001003
0.0819887444943755	-0.05272147098037905	0.07167875066591219	-0.06543452351792137	0.05328337529576696	-0.051327859085157634	0.05852082269971469	-0.05795176105538652	0.06009125150420487	-0.042492646874796425	0.08550271506394058	-0.06086414496135969	0.06642800470775186	-0.05741380257414235	0.07587107168163944	-0.06569568253287764	0.09194199652472528	-0.08337639056481833	0.08360726872559508	-0.07117275506257766	0.05734028338618501	-0.08297965700415061	0.07927111142860611	-0.08032169465746433	0.07875829094673917	-0.10169820482186603	0.09703560432878537	-0.0916473047510937	0.08748782347229024	-0.06419904204038537	0.30267073591274196	-0.7052738362858527	0.10993823779109499	-0.09920751653887197	0.08288845444960588	-0.4907746734599121	0.9999999999999862	-0.3428628950022217	0.13297492277418674	-0.08986360359983506
-0.20935313188705068	0.13333526990793215	-0.18385265338711404	0.1639055263816133	-0.13682111836386118	0.12876972395490252	-0.1467910926484203	0.14331631836513437	-0.15295788098447768	0.10786534803193093	-0.21508946711641397	0.146198457541368	-0.16248568220561094	0.14371742941761123	-0.1945820756948915	0.14313117149840276	-0.2148375872775197	0.18649219823300947	-0.20651035560690165	0.17734621826998184	-0.11536775998109108	0.16167301894991348	-0.17913946390568014	0.1874099382058869	-0.20523354122235482	0.11351818820574973	-0.10891760492431468	0.17198311925434384	-0.23940860573923342	0.16482933293489074	-0.14801374766670586	0.21519891235290659	-0.23793984329958945	0.267629941630577	-0.23869889634236682	0.1707174504169954	-0.3428628950022217	0.9999999999999865	-0.5143345609118221	0.22616041755423655
0.10518121503267402	-0.06938755926735826	0.0941475403197234	-0.09182513949295351	0.07332018625459846	-0.0658292224899372	0.07706309337515191	-0.07776248277003091	0.08339586271809958	-0.059925830112363396	0.10846008205355724	-0.081284938606463	0.088665130704044	-0.08262010701111662	0.1089199606044779	-0.0798587282568839	0.11477714849578112	-0.11521866387927157	0.12285257347952286	-0.1217009934767952	0.06407032780905414	-0.09362401388082198	0.10511490190219121	-0.12616453636544675	0.1352228759185398	-0.0674797927062405	0.06213921022208686	-0.10741407547177298	0.199577823129355	-0.1560556528087731	0.07631972884818941	-0.12579703841568535	0.1243279848102142	-0.6857373679385766	0.2567457624154517	-0.0987523206107797	0.13297492277418674	-0.5143345609118221	0.9999999999999868	-0.31250330924609504
-0.1459913218188173	0.09343006070033404	-0.12882897859122067	0.11648932440232773	-0.09660512982165402	0.0897126717289788	-0.10264120034858792	0.10063816814429141	-0.10798309916892226	0.07650174909489339	-0.1494205918738159	0.10172118103282292	-0.1125823193758514	0.10196419727248933	-0.13784207811926277	0.09823806149076551	-0.14608241111941117	0.12646990774464426	-0.14460463392825235	0.13072441334808743	-0.07716372360523224	0.10909703547524942	-0.11494553772574707	0.13251616607124767	-0.15066303810472015	0.06732503100510961	-0.0619754851309077	0.09602092557042746	-0.18902598429334322	0.1325676037026512	-0.056666237766329036	0.08746416071982704	-0.11379850846393338	0.2783844391901811	-0.7956087890298372	0.06937047928001003	-0.08986360359983506	0.22616041755423655	-0.31250330924609504	0.9999999999999869
