1.0	-0.7573813308707915	0.18587675001828816	-0.14222733836590445	0.11496198622195744	-0.4881345727370222	0.304698153677834	-0.23920464015626933	0.16040992863651846	-0.09464802117504481	0.17572440201416947	-0.1801086195381285	0.14386290386587194	-0.11999337686176371	0.10430131513274654	-0.12313318296112227	0.12125021437231195	-0.15401045739672642	0.08977512090272752	-0.0767085504733469	0.08893931972436736	-0.09352751502491306	0.07958417209395272	-0.0788400340515359	0.08182746621047118	-0.08579781657798506	0.07192771122241273	-0.06150686677545128	0.07120971981930238	-0.08160400299422903	0.020591721394909664	-0.05863977350911055	0.06549224184342026	-0.04278216877971097	0.04317572055404857	-0.020691736140152316	0.0717895427819848	-0.07780600669964932	0.04311990140792851	-0.06177226987447121
-0.7573813308707915	1.0000000000000002	-0.23582316490363753	0.1422156430759301	-0.11951744973578159	0.3012443133537114	-0.4877107481326263	0.23042442197340615	-0.1683136758085129	0.0936143558707429	-0.16112760121015787	0.16347877777569425	-0.1388482049980314	0.11078883322822368	-0.10078608194785492	0.10530173173011183	-0.11094797591777723	0.13359979207921346	-0.08351761318217017	0.07151504641893987	-0.07910781780898087	0.08174322771291687	-0.07171267139287565	0.0715693001455928	-0.07669458760517243	0.07413679680814196	-0.0638371439245913	0.05466131571376177	-0.06542298431777481	0.07402012513956008	-0.01823618267827859	0.05200322677354117	-0.05861761898096325	0.03855772666237122	-0.03911361428711497	0.01826206527888822	-0.0645320570259535	0.06808414724501671	-0.03807327843813726	0.05410096708255517
0.18587675001828816	-0.23582316490363753	1.0000000000000004	-0.5758841658782923	0.22206183717427808	-0.246135626266159	0.23285215089684483	-0.622109956482952	0.27077507899689496	-0.1759356416237157	0.15009728936482208	-0.16487278557152696	0.17067303952434276	-0.16130847135600698	0.14620058897713278	-0.1171034791525633	0.12287034043864042	-0.1770953815378477	0.11385951639997437	-0.10313240513563143	0.08860822536043646	-0.09658879888357656	0.08784577804022853	-0.09942159541644613	0.10465966828426308	-0.08820070650338514	0.0752185309890098	-0.06801999036009787	0.087845433968534	-0.10485087616751686	0.02227819653849517	-0.06372892840018589	0.07279943862869608	-0.0519227703775298	0.05234871618786603	-0.022410820392274277	0.07875026390237175	-0.08916428432667195	0.05012563126229881	-0.07203661488630385
-0.14222733836590445	0.1422156430759301	-0.5758841658782923	1.0000000000000004	-0.4751572018614466	0.17323202049670772	-0.16289998333574332	0.27556259246221315	-0.511567348555692	0.2591559473557479	-0.12979128867220405	0.13607110853589008	-0.15433670081575712	0.1772717167649197	-0.18674492543531848	0.10385467510695047	-0.11218524545707913	0.16233495986501675	-0.12527184778672532	0.11896641891462394	-0.08154497083868978	0.08942753365641791	-0.08657770272466157	0.10643127632992265	-0.11842706460808648	0.08167554572379018	-0.0709919140759981	0.06661889977783182	-0.09427069853796655	0.11365297987227883	-0.021501310412334756	0.06168915392106414	-0.07179998884408764	0.05429296080769597	-0.05498354486568611	0.021599287895917026	-0.07725796386491789	0.08783240935255998	-0.0501848438335567	0.07172093008728142
0.11496198622195744	-0.11951744973578159	0.22206183717427808	-0.4751572018614466	1.0000000000000007	-0.16971068743677298	0.13780906402859383	-0.2412106082143337	0.3112861478420109	-0.6888654565897621	0.129542526118965	-0.142513369891901	0.16077387866549578	-0.23186978553606266	0.2443046177962559	-0.11234270450417183	0.11973835741611087	-0.18908909159048498	0.14975541427996855	-0.1611945218337361	0.08718749135321255	-0.09835123367285117	0.0950452014988387	-0.1312757070977009	0.1393355066738546	-0.09009243762790888	0.07736483489938772	-0.07448372183554293	0.11044470505075414	-0.14309708858501452	0.02361114151804074	-0.06811196156291048	0.07941554380374746	-0.06435683581498315	0.06451519097582248	-0.023808453535781662	0.0840838471476936	-0.1007332442200205	0.05774772778936456	-0.08320344748157645
-0.4881345727370222	0.3012443133537114	-0.246135626266159	0.17323202049670772	-0.16971068743677298	1.000000000000001	-0.5782224154090334	0.2670524231767085	-0.25000823236818426	0.13338595706774348	-0.36982487335573583	0.25242197766027513	-0.2119999517381023	0.16400204525595188	-0.15217974657663913	0.1807596703532256	-0.18381756166996333	0.20033272742905933	-0.1274267139593177	0.10757523450942015	-0.13575445108007828	0.13182368050492999	-0.11497834282779384	0.1081790350712819	-0.1177186622058702	0.11965441633285404	-0.10416969431739789	0.08660074523329284	-0.10069208739695194	0.11114784364466493	-0.029166405239698892	0.08301334736739596	-0.09327353022606777	0.05907183240779389	-0.0601646906853569	0.02909450483066984	-0.1037938202819806	0.10464428074676019	-0.058554252761671075	0.08249027463979515
0.304698153677834	-0.4877107481326263	0.23285215089684483	-0.16289998333574332	0.13780906402859383	-0.5782224154090334	1.000000000000001	-0.44499618033624727	0.1941654291010691	-0.11092764398678708	0.2255351395821914	-0.3040076489471442	0.19346864600132033	-0.14488938878530516	0.12452749117225943	-0.14552758411765404	0.14973399606980156	-0.18062349501529323	0.1054684872105621	-0.08929445873252521	0.10444049288548728	-0.10851915579734939	0.09094273812789187	-0.08986664548282977	0.09480446653357874	-0.0975807058104893	0.08296446393903897	-0.06968558371257129	0.08154419793137901	-0.09203112638830616	0.02324510421696382	-0.06640252782904303	0.0740703528740097	-0.048139762209382674	0.04874504829989103	-0.023298677901260556	0.08142278971087552	-0.08570671097958138	0.047707943260574724	-0.06781570244844976
-0.23920464015626933	0.23042442197340615	-0.622109956482952	0.27556259246221315	-0.2412106082143337	0.2670524231767085	-0.44499618033624727	1.0000000000000004	-0.3420860129690701	0.17548370415625283	-0.19772159226607408	0.20746869854743596	-0.2584589705806808	0.1857582826949203	-0.1757932385472241	0.1383883799785669	-0.1533436004431918	0.2008610319082724	-0.13671510660429873	0.11886312504825029	-0.10782004957803283	0.11362502403836225	-0.10573337542217703	0.11372114673663368	-0.12610329110134233	0.10254271939882893	-0.0899436038287201	0.08000943150284599	-0.10401954180588971	0.1181852209346294	-0.026325093235944497	0.07523262832043877	-0.08643203587210019	0.05983051333987474	-0.06094260930345733	0.02633433103753372	-0.09464464153059522	0.10058553707161544	-0.057043052789879825	0.08071800040931115
0.16040992863651846	-0.1683136758085129	0.27077507899689496	-0.511567348555692	0.3112861478420109	-0.25000823236818426	0.1941654291010691	-0.3420860129690701	1.0000000000000004	-0.45028662720391877	0.18284456233342747	-0.2018237635078008	0.22114197053771936	-0.3192003191135235	0.25864106734362863	-0.16175078812252752	0.169504687273526	-0.26957960522713453	0.19226155886230087	-0.18678896212598406	0.12457360948488708	-0.14126838308116924	0.13393575551912162	-0.17454046227293324	0.17501996292352706	-0.13020215222245937	0.11057629976160806	-0.10567957366971141	0.146933484400425	-0.18879406146636338	0.03392761290115586	-0.09748178888754594	0.11291013312428358	-0.08809589539989879	0.08790863832243387	-0.034285270259483885	0.11984246464039344	-0.1469757884369114	0.08303260254727272	-0.12096227183105282
-0.09464802117504481	0.0936143558707429	-0.1759356416237157	0.2591559473557479	-0.6888654565897621	0.13338595706774348	-0.11092764398678708	0.17548370415625283	-0.45028662720391877	1.0000000000000016	-0.11342335391688003	0.12314592594325471	-0.15093110555248707	0.22894374116870567	-0.4244673091114332	0.09701415206800622	-0.10605737342930188	0.16507173693694857	-0.15719018683849112	0.17194412045110244	-0.07661035339464724	0.08607441599705593	-0.0861179161948206	0.12486579653920357	-0.15093628943683016	0.07844158608329319	-0.06841544346997334	0.06684353615861316	-0.1074362942535389	0.13469814194995525	-0.020917994575995726	0.060547405808651006	-0.07137480609146754	0.05988578682577034	-0.06066053227956842	0.021047381954281512	-0.07533110872996526	0.08849026351278014	-0.051526806306206596	0.07340631956899066
0.17572440201416947	-0.16112760121015787	0.15009728936482208	-0.12979128867220405	0.129542526118965	-0.36982487335573583	0.2255351395821914	-0.19772159226607408	0.18284456233342747	-0.11342335391688003	1.0000000000000007	-0.5863011597869321	0.26336392141823844	-0.19427333389934992	0.1508197269060145	-0.4829464085162942	0.27561110586967547	-0.2988211370225607	0.14142557324738822	-0.11525384188099068	0.21889519195818077	-0.20909001392782448	0.1437391501714752	-0.1230776040074157	0.1219719727662827	-0.19634624713641416	0.15029013427370597	-0.11325259104232618	0.11083711762557197	-0.12261683626340882	0.03874948521180164	-0.11036618241405463	0.11617634870788682	-0.06775256764918619	0.06802672386661773	-0.03897109572469528	0.1281113588666392	-0.13082878087045702	0.0706873692203123	-0.10066257868712869
-0.1801086195381285	0.16347877777569425	-0.16487278557152696	0.13607110853589008	-0.142513369891901	0.25242197766027513	-0.3040076489471442	0.20746869854743596	-0.2018237635078008	0.12314592594325471	-0.5863011597869321	0.9999999999999991	-0.5152927867962354	0.21663138790028394	-0.17536557493254276	0.2518632434714188	-0.3332971159196734	0.28400614187567047	-0.15464105609394685	0.12272676310702464	-0.1793351460307167	0.17826933230996686	-0.13585314447110738	0.12334099525571021	-0.1299306005813276	0.15136387164270662	-0.13325561548571677	0.10255281670814896	-0.11298688055777957	0.12209566877393054	-0.03417018831745542	0.09849404865224211	-0.10748272102740682	0.0655766935859439	-0.06655365949698115	0.03407918880127413	-0.11909998101772025	0.11710550813784243	-0.0648172492630878	0.09101692882672033
0.14386290386587194	-0.1388482049980314	0.17067303952434276	-0.15433670081575712	0.16077387866549578	-0.2119999517381023	0.19346864600132033	-0.2584589705806808	0.22114197053771936	-0.15093110555248707	0.26336392141823844	-0.5152927867962354	1.0000000000000004	-0.4598679508246932	0.22731628172203305	-0.21178699587265934	0.24495965857791294	-0.5182762263140361	0.20618383423500555	-0.16383414712148398	0.15002631297486493	-0.16738113800802362	0.13768142715071344	-0.1578141909375703	0.15778012653392476	-0.14457807406554496	0.12356086127929268	-0.10570073702983784	0.1350233697075103	-0.15133417509888997	0.03397200092471893	-0.09826772481724678	0.10978383274258492	-0.07603448643467817	0.07683151881891685	-0.034107709060324135	0.1183865570883969	-0.1264743883649506	0.07106475368239568	-0.10052922058028366
-0.11999337686176371	0.11078883322822368	-0.16130847135600698	0.1772717167649197	-0.23186978553606266	0.16400204525595188	-0.14488938878530516	0.1857582826949203	-0.3192003191135235	0.22894374116870567	-0.19427333389934992	0.21663138790028394	-0.4598679508246932	0.9999999999999987	-0.5580400771511279	0.15072193196036882	-0.1786219711768481	0.2717315114159295	-0.3929608520767453	0.26249755965397187	-0.1204224647336001	0.13229547121776722	-0.13498955510105265	0.21029902566937425	-0.24201804180735853	0.11759946666201765	-0.10551991575629399	0.10215723032768101	-0.185001382741778	0.19797989285049175	-0.031236418030123492	0.0910498044130153	-0.1081652069813442	0.0920631278475555	-0.09476395127824981	0.03126338677404886	-0.11385816427695489	0.12506320453543085	-0.07442572242161953	0.1033087362546176
0.10430131513274654	-0.10078608194785492	0.14620058897713278	-0.18674492543531848	0.2443046177962559	-0.15217974657663913	0.12452749117225943	-0.1757932385472241	0.25864106734362863	-0.4244673091114332	0.1508197269060145	-0.17536557493254276	0.22731628172203305	-0.5580400771511279	0.9999999999999963	-0.13440356214170185	0.14922429116348898	-0.2536459056922711	0.273641324066792	-0.45470317780521435	0.10550782366251452	-0.12068188919705075	0.12222739870673592	-0.21218093975060662	0.24450717397315447	-0.10899904059875962	0.09532822195211119	-0.09569777340574495	0.16988353588813476	-0.22782816536427197	0.02899899595689347	-0.08475885353914346	0.10061017404074694	-0.09296290662649315	0.09351361260721432	-0.02920138218604434	0.10433086122061694	-0.12463889685273832	0.07396594387042658	-0.10477099570896065
-0.12313318296112227	0.10530173173011183	-0.1171034791525633	0.10385467510695047	-0.11234270450417183	0.1807596703532256	-0.14552758411765404	0.1383883799785669	-0.16175078812252752	0.09701415206800622	-0.4829464085162942	0.2518632434714188	-0.21178699587265934	0.15072193196036882	-0.13440356214170185	0.9999999999999972	-0.5008492718423193	0.24782913002443166	-0.1288889841444288	0.10200265482806312	-0.5319437845947197	0.26974136044962116	-0.17357904908255486	0.1131563975195619	-0.11393785102464196	0.24962138814655394	-0.2097332912681007	0.13103996390502054	-0.10764552937638178	0.11147380336451303	-0.04652693978426985	0.13221828851577389	-0.13611974622539583	0.06701848179186715	-0.06760225083539399	0.04586257710255427	-0.15606133964001223	0.13558715261611182	-0.07250238122742073	0.10093014549891832
0.12125021437231195	-0.11094797591777723	0.12287034043864042	-0.11218524545707913	0.11973835741611087	-0.18381756166996333	0.14973399606980156	-0.1533436004431918	0.169504687273526	-0.10605737342930188	0.27561110586967547	-0.3332971159196734	0.24495965857791294	-0.1786219711768481	0.14922429116348898	-0.5008492718423193	0.9999999999999973	-0.4844363494345878	0.15376979769214955	-0.11924270614174994	0.2745913430959083	-0.46002956948404594	0.19088533636912242	-0.1340683874177716	0.12813895124156943	-0.25759827875735325	0.22090215700353505	-0.1504560105999159	0.12178229431329077	-0.12924973042912513	0.04901672750461499	-0.14676150091716672	0.1468513104405631	-0.07611629774346193	0.07609807997549431	-0.049221961672893444	0.16102797092311563	-0.15566152662881236	0.08226038834128493	-0.11625456941819043
-0.15401045739672642	0.13359979207921346	-0.1770953815378477	0.16233495986501675	-0.18908909159048498	0.20033272742905933	-0.18062349501529323	0.2008610319082724	-0.26957960522713453	0.16507173693694857	-0.2988211370225607	0.28400614187567047	-0.5182762263140361	0.2717315114159295	-0.2536459056922711	0.24782913002443166	-0.4844363494345878	0.9999999999999984	-0.2954726616955957	0.19088871257042694	-0.20409539564728071	0.2236215785193861	-0.20141045473296615	0.19075780382988275	-0.20445345516947147	0.18059612040441092	-0.17269927176297292	0.14295533664036741	-0.1772401952725174	0.18062669028302467	-0.045363207816375796	0.13218371504240933	-0.1507748938197871	0.0960669206369242	-0.09862753745436756	0.04502174033202348	-0.16482672081611233	0.1580089583992449	-0.08965536441903774	0.12370220653112976
0.08977512090272752	-0.08351761318217017	0.11385951639997437	-0.12527184778672532	0.14975541427996855	-0.1274267139593177	0.1054684872105621	-0.13671510660429873	0.19226155886230087	-0.15719018683849112	0.14142557324738822	-0.15464105609394685	0.20618383423500555	-0.3929608520767453	0.273641324066792	-0.1288889841444288	0.15376979769214955	-0.2954726616955957	0.9999999999999926	-0.5289992238250915	0.10587817035892566	-0.12390929477391341	0.14300656517768112	-0.51327734705732	0.2835446149891551	-0.10952601633798781	0.0998040127653445	-0.11088268891453484	0.2557409399289357	-0.29187076992880223	0.030509928634845005	-0.0912391554944715	0.112157113007786	-0.12176319454336659	0.11995126409427047	-0.03064996547627631	0.11201545881577996	-0.13317411219619546	0.08281888431550638	-0.11419078724341378
-0.0767085504733469	0.07151504641893987	-0.10313240513563143	0.11896641891462394	-0.1611945218337361	0.10757523450942015	-0.08929445873252521	0.11886312504825029	-0.18678896212598406	0.17194412045110244	-0.11525384188099068	0.12272676310702464	-0.16383414712148398	0.26249755965397187	-0.45470317780521435	0.10200265482806312	-0.11924270614174994	0.19088871257042694	-0.5289992238250915	0.9999999999999981	-0.08482191880325288	0.0974432786454316	-0.11330752400889925	0.24194185075937813	-0.5713224987365378	0.08746579523192965	-0.0799770818705067	0.0874263575819169	-0.21078833381376405	0.2591233572703524	-0.02485460727868014	0.07381778098487222	-0.09154408097021721	0.09988749841384491	-0.10439483149684108	0.024924164435742274	-0.09224765228133952	0.1082277931438359	-0.06837566816941727	0.09354868249898982
0.08893931972436736	-0.07910781780898087	0.08860822536043646	-0.08154497083868978	0.08718749135321255	-0.13575445108007828	0.10444049288548728	-0.10782004957803283	0.12457360948488708	-0.07661035339464724	0.21889519195818077	-0.1793351460307167	0.15002631297486493	-0.1204224647336001	0.10550782366251452	-0.5319437845947197	0.2745913430959083	-0.20409539564728071	0.10587817035892566	-0.08482191880325288	0.9999999999999958	-0.4512411640045041	0.1875659589811989	-0.102527629478789	0.09603288041098715	-0.572072880850794	0.27836190603196526	-0.15560783875803522	0.09768674448287591	-0.10041082115583548	0.05847455684990585	-0.16235187215226088	0.15041531326459662	-0.0657869178411146	0.06530145302342112	-0.05852938432234574	0.16931627144482647	-0.15032909674646155	0.07702044797347397	-0.10850955431496251
-0.09352751502491306	0.08174322771291687	-0.09658879888357656	0.08942753365641791	-0.09835123367285117	0.13182368050492999	-0.10851915579734939	0.11362502403836225	-0.14126838308116924	0.08607441599705593	-0.20909001392782448	0.17826933230996686	-0.16738113800802362	0.13229547121776722	-0.12068188919705075	0.26974136044962116	-0.46002956948404594	0.2236215785193861	-0.12390929477391341	0.0974432786454316	-0.4512411640045041	0.999999999999996	-0.3312158917308078	0.12249204312796814	-0.11280520743770298	0.3111728144104463	-0.5227790366166487	0.21478629166908156	-0.11928780457102231	0.116858655775603	-0.06451819519504602	0.21147641984817453	-0.20814641164865158	0.08000392974704262	-0.07961677645987607	0.06308249214207282	-0.23084980521849222	0.1807658901409239	-0.09291564594948905	0.12801949289236508
0.07958417209395272	-0.07171267139287565	0.08784577804022853	-0.08657770272466157	0.0950452014988387	-0.11497834282779384	0.09094273812789187	-0.10573337542217703	0.13393575551912162	-0.0861179161948206	0.1437391501714752	-0.13585314447110738	0.13768142715071344	-0.13498955510105265	0.12222739870673592	-0.17357904908255486	0.19088533636912242	-0.20141045473296615	0.14300656517768112	-0.11330752400889925	0.1875659589811989	-0.3312158917308078	0.9999999999999936	-0.201412239389592	0.13482957966902742	-0.23541184386390906	0.2414962513354622	-0.6835951962542278	0.17377943017009642	-0.16162765194037668	0.06718776891528319	-0.24353530677380683	0.2998783213855775	-0.123396258500775	0.11708445998836034	-0.06906510240031273	0.22930990292636386	-0.33097363308683675	0.15601391855624608	-0.2275462533573023
-0.0788400340515359	0.0715693001455928	-0.09942159541644613	0.10643127632992265	-0.1312757070977009	0.1081790350712819	-0.08986664548282977	0.11372114673663368	-0.17454046227293324	0.12486579653920357	-0.1230776040074157	0.12334099525571021	-0.1578141909375703	0.21029902566937425	-0.21218093975060662	0.1131563975195619	-0.1340683874177716	0.19075780382988275	-0.51327734705732	0.24194185075937813	-0.102527629478789	0.12249204312796814	-0.201412239389592	0.9999999999999919	-0.30701404863730924	0.10861401429395101	-0.10596358808419043	0.14286260539575454	-0.6398607070541171	0.28447244207697825	-0.03338504417576222	0.10309697905729397	-0.13766611135525186	0.16812513675646684	-0.1747896141799645	0.033372515489811974	-0.12765723621176822	0.14774688993327734	-0.09872052718758184	0.12831440824543727
0.08182746621047118	-0.07669458760517243	0.10465966828426308	-0.11842706460808648	0.1393355066738546	-0.1177186622058702	0.09480446653357874	-0.12610329110134233	0.17501996292352706	-0.15093628943683016	0.1219719727662827	-0.1299306005813276	0.15778012653392476	-0.24201804180735853	0.24450717397315447	-0.11393785102464196	0.12813895124156943	-0.20445345516947147	0.2835446149891551	-0.5713224987365378	0.09603288041098715	-0.11280520743770298	0.13482957966902742	-0.30701404863730924	0.999999999999991	-0.1026757790282346	0.09377300472701122	-0.10766641400058596	0.25367271959365534	-0.5877653925712223	0.030161017905425413	-0.09037328915982326	0.11351179772102489	-0.1486355062870109	0.15029050491335505	-0.030345833373834945	0.11229049031275307	-0.14185544756798615	0.09214180325981751	-0.12761444591956486
-0.08579781657798506	0.07413679680814196	-0.08820070650338514	0.08167554572379018	-0.09009243762790888	0.11965441633285404	-0.0975807058104893	0.10254271939882893	-0.13020215222245937	0.07844158608329319	-0.19634624713641416	0.15136387164270662	-0.14457807406554496	0.11759946666201765	-0.10899904059875962	0.24962138814655394	-0.25759827875735325	0.18059612040441092	-0.10952601633798781	0.08746579523192965	-0.572072880850794	0.3111728144104463	-0.23541184386390906	0.10861401429395101	-0.1026757790282346	0.9999999999999939	-0.5911815465284123	0.18880258858001583	-0.10862890050585759	0.10623516026146206	-0.0878356875467051	0.21994575719941803	-0.2035946891065869	0.07452574162083712	-0.07447176246550068	0.0810416491452072	-0.2505292819130104	0.17015419012612287	-0.08787590763103842	0.11961013580586535
0.07192771122241273	-0.0638371439245913	0.0752185309890098	-0.0709919140759981	0.07736483489938772	-0.10416969431739789	0.08296446393903897	-0.0899436038287201	0.11057629976160806	-0.06841544346997334	0.15029013427370597	-0.13325561548571677	0.12356086127929268	-0.10551991575629399	0.09532822195211119	-0.2097332912681007	0.22090215700353505	-0.17269927176297292	0.0998040127653445	-0.0799770818705067	0.27836190603196526	-0.5227790366166487	0.2414962513354622	-0.10596358808419043	0.09377300472701122	-0.5911815465284123	0.9999999999999948	-0.2706337500422955	0.10501572806529584	-0.10294656025610359	0.07829906601134483	-0.37903550855563917	0.2269749938999482	-0.07682321734820256	0.07493400523210539	-0.07805767664783284	0.24760826603412897	-0.19209728181893915	0.09432806691525375	-0.13066737392375852
-0.06150686677545128	0.05466131571376177	-0.06801999036009787	0.06661889977783182	-0.07448372183554293	0.08660074523329284	-0.06968558371257129	0.08000943150284599	-0.10567957366971141	0.06684353615861316	-0.11325259104232618	0.10255281670814896	-0.10570073702983784	0.10215723032768101	-0.09569777340574495	0.13103996390502054	-0.1504560105999159	0.14295533664036741	-0.11088268891453484	0.0874263575819169	-0.15560783875803522	0.21478629166908156	-0.6835951962542278	0.14286260539575454	-0.10766641400058596	0.18880258858001583	-0.2706337500422955	0.9999999999999941	-0.16355085243495793	0.12744174041054201	-0.06083305900045407	0.23363440083806078	-0.5421251846741068	0.10742494523178753	-0.10338954463464362	0.06031876942972985	-0.23250530199388642	0.2413325752358319	-0.12106308134306404	0.15886621142929258
0.07120971981930238	-0.06542298431777481	0.087845433968534	-0.09427069853796655	0.11044470505075414	-0.10069208739695194	0.08154419793137901	-0.10401954180588971	0.146933484400425	-0.1074362942535389	0.11083711762557197	-0.11298688055777957	0.1350233697075103	-0.185001382741778	0.16988353588813476	-0.10764552937638178	0.12178229431329077	-0.1772401952725174	0.2557409399289357	-0.21078833381376405	0.09768674448287591	-0.11928780457102231	0.17377943017009642	-0.6398607070541171	0.25367271959365534	-0.10862890050585759	0.10501572806529584	-0.16355085243495793	0.9999999999999913	-0.5098905042184991	0.03404093304751833	-0.10775570270412901	0.14541676219614436	-0.301745160527574	0.22601530468411363	-0.03423950238530157	0.12908254488633145	-0.16836863271195582	0.1183379593806323	-0.15546122914129762
-0.08160400299422903	0.07402012513956008	-0.10485087616751686	0.11365297987227883	-0.14309708858501452	0.11114784364466493	-0.09203112638830616	0.1181852209346294	-0.18879406146636338	0.13469814194995525	-0.12261683626340882	0.12209566877393054	-0.15133417509888997	0.19797989285049175	-0.22782816536427197	0.11147380336451303	-0.12924973042912513	0.18062669028302467	-0.29187076992880223	0.2591233572703524	-0.10041082115583548	0.116858655775603	-0.16162765194037668	0.28447244207697825	-0.5877653925712223	0.10623516026146206	-0.10294656025610359	0.12744174041054201	-0.5098905042184991	0.9999999999999883	-0.033993900741120686	0.10326567590207872	-0.13894022273500842	0.21921710215609944	-0.29574600541370893	0.033873539652491805	-0.13324895833393213	0.15341666347847713	-0.11388863980475897	0.14395078974375286
0.020591721394909664	-0.01823618267827859	0.02227819653849517	-0.021501310412334756	0.02361114151804074	-0.029166405239698892	0.02324510421696382	-0.026325093235944497	0.03392761290115586	-0.020917994575995726	0.03874948521180164	-0.03417018831745542	0.03397200092471893	-0.031236418030123492	0.02899899595689347	-0.04652693978426985	0.04901672750461499	-0.045363207816375796	0.030509928634845005	-0.02485460727868014	0.05847455684990585	-0.06451819519504602	0.06718776891528319	-0.03338504417576222	0.030161017905425413	-0.0878356875467051	0.07829906601134483	-0.06083305900045407	0.03404093304751833	-0.033993900741120686	0.9999999999999891	-0.1390795974737826	0.08250459004096455	-0.027858405205533975	0.0272402156643135	-0.9735881163635558	0.13166084380564722	-0.07987053768823056	0.03839743239128895	-0.05360644857709383
-0.05863977350911055	0.05200322677354117	-0.06372892840018589	0.06168915392106414	-0.06811196156291048	0.08301334736739596	-0.06640252782904303	0.07523262832043877	-0.09748178888754594	0.060547405808651006	-0.11036618241405463	0.09849404865224211	-0.09826772481724678	0.0910498044130153	-0.08475885353914346	0.13221828851577389	-0.14676150091716672	0.13218371504240933	-0.0912391554944715	0.07381778098487222	-0.16235187215226088	0.21147641984817453	-0.24353530677380683	0.10309697905729397	-0.09037328915982326	0.21994575719941803	-0.37903550855563917	0.23363440083806078	-0.10775570270412901	0.10326567590207872	-0.1390795974737826	0.9999999999999886	-0.4779061824346973	0.09303154571062215	-0.09026882194250861	0.12384986106242205	-0.6670744854368067	0.2552189802741278	-0.12196176974186826	0.1613319153251071
0.06549224184342026	-0.05861761898096325	0.07279943862869608	-0.07179998884408764	0.07941554380374746	-0.09327353022606777	0.0740703528740097	-0.08643203587210019	0.11291013312428358	-0.07137480609146754	0.11617634870788682	-0.10748272102740682	0.10978383274258492	-0.1081652069813442	0.10061017404074694	-0.13611974622539583	0.1468513104405631	-0.1507748938197871	0.112157113007786	-0.09154408097021721	0.15041531326459662	-0.20814641164865158	0.2998783213855775	-0.13766611135525186	0.11351179772102489	-0.2035946891065869	0.2269749938999482	-0.5421251846741068	0.14541676219614436	-0.13894022273500842	0.08250459004096455	-0.4779061824346973	0.9999999999999886	-0.15513416787087173	0.13370608650502122	-0.08449224725226072	0.2953892922926207	-0.45390635209926045	0.1825252527904358	-0.2430927001195216
-0.04278216877971097	0.03855772666237122	-0.0519227703775298	0.05429296080769597	-0.06435683581498315	0.05907183240779389	-0.048139762209382674	0.05983051333987474	-0.08809589539989879	0.05988578682577034	-0.06775256764918619	0.0655766935859439	-0.07603448643467817	0.0920631278475555	-0.09296290662649315	0.06701848179186715	-0.07611629774346193	0.0960669206369242	-0.12176319454336659	0.09988749841384491	-0.0657869178411146	0.08000392974704262	-0.123396258500775	0.16812513675646684	-0.1486355062870109	0.07452574162083712	-0.07682321734820256	0.10742494523178753	-0.301745160527574	0.21921710215609944	-0.027858405205533975	0.09303154571062215	-0.15513416787087173	0.9999999999999876	-0.8640785092556184	0.027702493712927004	-0.1162365646379401	0.15871966330204562	-0.2002131537194973	0.18883264773862668
0.04317572055404857	-0.03911361428711497	0.05234871618786603	-0.05498354486568611	0.06451519097582248	-0.0601646906853569	0.04874504829989103	-0.06094260930345733	0.08790863832243387	-0.06066053227956842	0.06802672386661773	-0.06655365949698115	0.07683151881891685	-0.09476395127824981	0.09351361260721432	-0.06760225083539399	0.07609807997549431	-0.09862753745436756	0.11995126409427047	-0.10439483149684108	0.06530145302342112	-0.07961677645987607	0.11708445998836034	-0.1747896141799645	0.15029050491335505	-0.07447176246550068	0.07493400523210539	-0.10338954463464362	0.22601530468411363	-0.29574600541370893	0.0272402156643135	-0.09026882194250861	0.13370608650502122	-0.8640785092556184	0.9999999999999878	-0.02725979853882449	0.11104347451275462	-0.16495517195308323	0.17047563785444242	-0.22482242905693742
-0.020691736140152316	0.01826206527888822	-0.022410820392274277	0.021599287895917026	-0.023808453535781662	0.02909450483066984	-0.023298677901260556	0.02633433103753372	-0.034285270259483885	0.021047381954281512	-0.03897109572469528	0.03407918880127413	-0.034107709060324135	0.03126338677404886	-0.02920138218604434	0.04586257710255427	-0.049221961672893444	0.04502174033202348	-0.03064996547627631	0.024924164435742274	-0.05852938432234574	0.06308249214207282	-0.06906510240031273	0.033372515489811974	-0.030345833373834945	0.0810416491452072	-0.07805767664783284	0.06031876942972985	-0.03423950238530157	0.033873539652491805	-0.9735881163635558	0.12384986106242205	-0.08449224725226072	0.027702493712927004	-0.02725979853882449	0.9999999999999889	-0.15010644177247146	0.07742630324721038	-0.0377525951788889	0.05192751874410641
0.0717895427819848	-0.0645320570259535	0.07875026390237175	-0.07725796386491789	0.0840838471476936	-0.1037938202819806	0.08142278971087552	-0.09464464153059522	0.11984246464039344	-0.07533110872996526	0.1281113588666392	-0.11909998101772025	0.1183865570883969	-0.11385816427695489	0.10433086122061694	-0.15606133964001223	0.16102797092311563	-0.16482672081611233	0.11201545881577996	-0.09224765228133952	0.16931627144482647	-0.23084980521849222	0.22930990292636386	-0.12765723621176822	0.11229049031275307	-0.2505292819130104	0.24760826603412897	-0.23250530199388642	0.12908254488633145	-0.13324895833393213	0.13166084380564722	-0.6670744854368067	0.2953892922926207	-0.1162365646379401	0.11104347451275462	-0.15010644177247146	0.9999999999999893	-0.4332976521090455	0.1843038427756959	-0.2666068654682701
-0.07780600669964932	0.06808414724501671	-0.08916428432667195	0.08783240935255998	-0.1007332442200205	0.10464428074676019	-0.08570671097958138	0.10058553707161544	-0.1469757884369114	0.08849026351278014	-0.13082878087045702	0.11710550813784243	-0.1264743883649506	0.12506320453543085	-0.12463889685273832	0.13558715261611182	-0.15566152662881236	0.1580089583992449	-0.13317411219619546	0.1082277931438359	-0.15032909674646155	0.1807658901409239	-0.33097363308683675	0.14774688993327734	-0.14185544756798615	0.17015419012612287	-0.19209728181893915	0.2413325752358319	-0.16836863271195582	0.15341666347847713	-0.07987053768823056	0.2552189802741278	-0.45390635209926045	0.15871966330204562	-0.16495517195308323	0.07742630324721038	-0.4332976521090455	0.9999999999999898	-0.4962239399336217	0.30463107858492655
0.04311990140792851	-0.03807327843813726	0.05012563126229881	-0.0501848438335567	0.05774772778936456	-0.058554252761671075	0.047707943260574724	-0.057043052789879825	0.08303260254727272	-0.051526806306206596	0.0706873692203123	-0.0648172492630878	0.07106475368239568	-0.07442572242161953	0.07396594387042658	-0.07250238122742073	0.08226038834128493	-0.08965536441903774	0.08281888431550638	-0.06837566816941727	0.07702044797347397	-0.09291564594948905	0.15601391855624608	-0.09872052718758184	0.09214180325981751	-0.08787590763103842	0.09432806691525375	-0.12106308134306404	0.1183379593806323	-0.11388863980475897	0.03839743239128895	-0.12196176974186826	0.1825252527904358	-0.2002131537194973	0.17047563785444242	-0.0377525951788889	0.1843038427756959	-0.4962239399336217	0.9999999999999895	-0.7803016285038776
-0.06177226987447121	0.05410096708255517	-0.07203661488630385	0.07172093008728142	-0.08320344748157645	0.08249027463979515	-0.06781570244844976	0.08071800040931115	-0.12096227183105282	0.07340631956899066	-0.10066257868712869	0.09101692882672033	-0.10052922058028366	0.1033087362546176	-0.10477099570896065	0.10093014549891832	-0.11625456941819043	0.12370220653112976	-0.11419078724341378	0.09354868249898982	-0.10850955431496251	0.12801949289236508	-0.2275462533573023	0.12831440824543727	-0.12761444591956486	0.11961013580586535	-0.13066737392375852	0.15886621142929258	-0.15546122914129762	0.14395078974375286	-0.05360644857709383	0.1613319153251071	-0.2430927001195216	0.18883264773862668	-0.22482242905693742	0.05192751874410641	-0.2666068654682701	0.30463107858492655	-0.7803016285038776	0.9999999999999893
