1.0000000000000002	-0.8913355247382048	0.1401239530554891	-0.04459972975185372	0.039964049538844984	-0.3081078666064354	0.23164846614875653	-0.15577917708279143	0.0832137851868649	-0.06945370232324696	0.15771561791140545	-0.16615731059408065	0.15191901121869855	-0.07782748004414883	0.0661161833743734	-0.13746455718558379	0.113439659038603	-0.10441136239373108	0.07739174386904266	-0.08782255659493314	0.048879460793440486	-0.05076631364130194	0.06888930718346484	-0.058876265933813954	0.05676364062048134	-0.05040146876962661	0.048346685245693556	-0.05806570245071733	0.061914937598415036	-0.04447216065487762	0.05866349289913136	-0.04622079155246663	0.08132287934925271	-0.054254850592330824	0.04478749048688099
-0.8913355247382048	1.0000000000000007	-0.1607539570753385	0.04501102954222322	-0.040767097523421815	0.2320869912620789	-0.3014024523685133	0.1520615403817346	-0.08536657270756404	0.06925550502254016	-0.15920323159765984	0.16116159008547615	-0.16430244805828131	0.07784856561479282	-0.06700400920023859	0.1278115093003976	-0.11586436173594665	0.10233917673113715	-0.0784087822472944	0.08708315722080337	-0.04883779389244213	0.050701845466281904	-0.06989002760465687	0.059192929087178894	-0.05755671247766173	0.04995803308125602	-0.04878143983138891	0.05825156201389489	-0.06304811243792911	0.044907646529346625	-0.05999389065845619	0.04684220693108783	-0.0837631285029262	0.0549275027851831	-0.04559134552888615
0.1401239530554891	-0.1607539570753385	1.0000000000000004	-0.17191563967344195	0.1380836754358732	-0.19530916589425762	0.19186512925839613	-0.48274111770502337	0.22477478374568885	-0.2128589350201537	0.16461966979369158	-0.18867835586812254	0.28385273891121243	-0.20987945315745046	0.185402552122778	-0.20366421927072922	0.17662988117927697	-0.22222946564241064	0.1939879795241799	-0.2642863437910713	0.1078717967842808	-0.11993416930340495	0.15993421271047725	-0.15801236128762114	0.15240155154118576	-0.11721027093033332	0.11727198862087172	-0.14282942574281923	0.15875635847834568	-0.12080935391135622	0.15120471988219183	-0.11845177565555907	0.21839397954859185	-0.1458165457213242	0.11994310468026444
-0.04459972975185372	0.04501102954222322	-0.17191563967344195	1.0000000000000007	-0.9157151460683383	0.06446764107147784	-0.06842885766453746	0.1406235525793395	-0.2035846442386364	0.21230589132723068	-0.061661824177399426	0.06937453507133798	-0.1273528471818563	0.12967857767796623	-0.17489341456542884	0.07340055201586417	-0.0719848146270254	0.09167097348752655	-0.11401767422372254	0.13614846042126968	-0.04349288664487955	0.04856177657513885	-0.06967044776815663	0.07652362879452605	-0.07857942736446265	0.04601608385449712	-0.0486739003012304	0.06027525100745705	-0.07282086790339087	0.05496302566717175	-0.06256399957194278	0.04855715204041799	-0.09370555702045053	0.06296132359898149	-0.05596448915985795
0.039964049538844984	-0.040767097523421815	0.1380836754358732	-0.9157151460683383	1.0000000000000013	-0.059422010620566894	0.06223118323426802	-0.13539234720679166	0.17395894514640495	-0.27922850507099656	0.05581433992806441	-0.06322043844834337	0.11148139006920489	-0.12556137224134198	0.16082063054959617	-0.06753810316365111	0.06525332529224569	-0.08509428449682689	0.1038873968687361	-0.13746777264328125	0.03913438770495392	-0.043926212118374997	0.06266244428750128	-0.07133915611241526	0.07183988910140583	-0.0416337798115973	0.04372930887159388	-0.0548149255388404	0.0656157588889168	-0.05040646779951418	0.05538890740296608	-0.0434072886193013	0.0825466525672228	-0.05712497718447162	0.05042882349467663
-0.3081078666064354	0.2320869912620789	-0.19530916589425762	0.06446764107147784	-0.059422010620566894	1.000000000000001	-0.6306626487997922	0.22415106540602958	-0.1318451235338574	0.10255551739006166	-0.518750673201097	0.30645955377453304	-0.27613929778955304	0.1189596936645484	-0.10177279125017008	0.2411051611990285	-0.21928473793248518	0.16648396072619837	-0.12342988372254433	0.1295122917395925	-0.08104057159894007	0.08111313698905114	-0.11301252673635054	0.09100838808600238	-0.08866714829807397	0.0801863151843767	-0.07764121014200825	0.09173536550210128	-0.09868043033248108	0.06889406184712889	-0.09407174561545206	0.07326890787215266	-0.12975908903305827	0.0846070601206298	-0.07033323733788432
0.23164846614875653	-0.3014024523685133	0.19186512925839613	-0.06842885766453746	0.06223118323426802	-0.6306626487997922	1.0000000000000016	-0.3437122196815564	0.1449414073885532	-0.11228645828648123	0.2930283368584389	-0.48778163538101915	0.25995063572043264	-0.12706102273321884	0.10592314793351792	-0.23460602985721388	0.20106773085599208	-0.17068531268139508	0.12410431432526534	-0.1348454706450612	0.07622705177782733	-0.07848329875816513	0.10774547720571905	-0.09105623623575611	0.0876222146971944	-0.07763067526988837	0.07432162227162961	-0.08968796280739982	0.09518959825339555	-0.06782369814758639	0.08893783196546484	-0.07021675530351229	0.12282743217957465	-0.08242125854084564	0.06836081540067178
-0.15577917708279143	0.1520615403817346	-0.48274111770502337	0.1406235525793395	-0.13539234720679166	0.22415106540602958	-0.3437122196815564	1.000000000000001	-0.46277349524886435	0.23366522114822072	-0.20519774173141614	0.23067930745429138	-0.4308621275678364	0.2419094210107341	-0.22293191623753558	0.2022932926590978	-0.19956105421204406	0.21495308186248416	-0.22486213515757492	0.23352459556749652	-0.10307963367712006	0.11168836848437744	-0.15887964540892238	0.15228465291287124	-0.15174593644435697	0.10722808067863511	-0.1107969146331735	0.1341546069186328	-0.15558264315293713	0.112227766188305	-0.14195025323965757	0.10937029186346196	-0.20708436884796938	0.13409258238909108	-0.11523888587561351
0.0832137851868649	-0.08536657270756404	0.22477478374568885	-0.2035846442386364	0.17395894514640495	-0.1318451235338574	0.1449414073885532	-0.46277349524886435	1.000000000000001	-0.5489037440539625	0.11875955407083205	-0.13781347335159583	0.23103647688618612	-0.4831095297782963	0.2937449251061825	-0.14005802073643037	0.13656632031656513	-0.18359902639144413	0.2473386272302981	-0.28288005403104133	0.07593433197202722	-0.08558650799351962	0.12400991129411568	-0.15238351114012444	0.14361166760457933	-0.08053062999662565	0.08434782287001041	-0.10857013351143209	0.12902722161709754	-0.098877199246953	0.10326915589954536	-0.08201326055628234	0.1525994802645072	-0.11031332358174822	0.09719114488505613
-0.06945370232324696	0.06925550502254016	-0.2128589350201537	0.21230589132723068	-0.27922850507099656	0.10255551739006166	-0.11228645828648123	0.23366522114822072	-0.5489037440539625	1.0000000000000004	-0.09968002314390655	0.11228144694560353	-0.209642876751994	0.27254368976460314	-0.6173372677615261	0.11772272528098751	-0.11899006537090957	0.1539769191684158	-0.22284145597475927	0.2648674546625103	-0.069997902693629	0.0785157191281136	-0.11520374190429261	0.13542566610691392	-0.14192440793418687	0.07370403851163383	-0.07881495503264936	0.09920611728090031	-0.12265268994734854	0.09337325486099213	-0.09951365067002783	0.07771424446957037	-0.15017540643489008	0.10385758442513082	-0.09467306833231871
0.15771561791140545	-0.15920323159765984	0.16461966979369158	-0.061661824177399426	0.05581433992806441	-0.518750673201097	0.2930283368584389	-0.20519774173141614	0.11875955407083205	-0.09968002314390655	1.0000000000000009	-0.5414301784891152	0.2586335292983573	-0.11994023719230494	0.09815603427034768	-0.5112194646112888	0.2659294045142063	-0.19838875711462414	0.12541608026056777	-0.13244468915791582	0.09511171941946252	-0.0909255430578278	0.11987619622484046	-0.0933486316051653	0.08900547713385197	-0.09333949656080573	0.08335204818965265	-0.09815182518056982	0.10015392780954684	-0.07008063671491327	0.09579140225106177	-0.07635101514866842	0.12752897066849014	-0.08615027087346076	0.07048315154019896
-0.16615731059408065	0.16116159008547615	-0.18867835586812254	0.06937453507133798	-0.06322043844834337	0.30645955377453304	-0.48778163538101915	0.23067930745429138	-0.13781347335159583	0.11228144694560353	-0.5414301784891152	0.9999999999999984	-0.44584962633538655	0.13737376434917184	-0.11181731569911893	0.2917229929285913	-0.368965786826251	0.21641049234465062	-0.14335477324380458	0.14716167001503705	-0.09210865923064786	0.09353433188384683	-0.13233020698326656	0.10362457777822554	-0.09939314529258685	0.0915991309184603	-0.08815148116174129	0.10625986943328816	-0.11089789959455763	0.07743026682670187	-0.10357881354875095	0.081784025397243	-0.1412368344331766	0.09476581639946023	-0.07821057369238808
0.15191901121869855	-0.16430244805828131	0.28385273891121243	-0.1273528471818563	0.11148139006920489	-0.27613929778955304	0.25995063572043264	-0.4308621275678364	0.23103647688618612	-0.209642876751994	0.2586335292983573	-0.44584962633538655	1.0000000000000033	-0.274110813739485	0.19633752509495267	-0.32266174508904716	0.26437282569777537	-0.34009370585841037	0.23271676062926866	-0.27721210614843095	0.12842055947840605	-0.14192584670735822	0.19119077213945854	-0.17657470652885746	0.16411976998612593	-0.13875498175698106	0.13286760732823527	-0.16908355135685774	0.17285524504971528	-0.12912330260514263	0.15568746711785642	-0.12657209612687348	0.21513779184822263	-0.15450974974612344	0.1259023665696678
-0.07782748004414883	0.07784856561479282	-0.20987945315745046	0.12967857767796623	-0.12556137224134198	0.1189596936645484	-0.12706102273321884	0.2419094210107341	-0.4831095297782963	0.27254368976460314	-0.11994023719230494	0.13737376434917184	-0.274110813739485	0.9999999999999957	-0.40672557069544557	0.146833030650291	-0.1592905846804898	0.22097746650649178	-0.5964075850571988	0.291468521641023	-0.08551888439513117	0.09727748838702287	-0.14971099037671906	0.19514015117763595	-0.18640864886338543	0.0897729737861281	-0.09690382175932188	0.12642290493871738	-0.15962449856590236	0.11736016439323342	-0.11670120916892256	0.09273780734371236	-0.17452458299107942	0.12823791931925355	-0.11760466991706098
0.0661161833743734	-0.06700400920023859	0.185402552122778	-0.17489341456542884	0.16082063054959617	-0.10177279125017008	0.10592314793351792	-0.22293191623753558	0.2937449251061825	-0.6173372677615261	0.09815603427034768	-0.11181731569911893	0.19633752509495267	-0.40672557069544557	1.0000000000000024	-0.12284096157695545	0.12255760158023875	-0.17236826549328296	0.2530332828064167	-0.5166638513414477	0.07265063101031573	-0.0829350157260925	0.12145518933112358	-0.1654658191409094	0.16792246905979802	-0.07734561334027235	0.08250751606970688	-0.10759158346901307	0.13330060507794947	-0.10787029837160471	0.10091448849188399	-0.08052262490502324	0.15232856825201047	-0.11408873712516801	0.10390665671012111
-0.13746455718558379	0.1278115093003976	-0.20366421927072922	0.07340055201586417	-0.06753810316365111	0.2411051611990285	-0.23460602985721388	0.2022932926590978	-0.14005802073643037	0.11772272528098751	-0.5112194646112888	0.2917229929285913	-0.32266174508904716	0.146833030650291	-0.12284096157695545	1.0000000000000009	-0.6078554556097745	0.2701587209682528	-0.1730440326591212	0.1648403265334857	-0.1721762203972248	0.13739890857970863	-0.18498971144279908	0.1262769157040545	-0.12249704163071014	0.14225465734552822	-0.12666125439924023	0.14046225783706381	-0.14536419805254164	0.09663427851000242	-0.1442208419752531	0.1123889372364487	-0.18728092285401549	0.12105953700618045	-0.09933605129724471
0.113439659038603	-0.11586436173594665	0.17662988117927697	-0.0719848146270254	0.06525332529224569	-0.21928473793248518	0.20106773085599208	-0.19956105421204406	0.13656632031656513	-0.11899006537090957	0.2659294045142063	-0.368965786826251	0.26437282569777537	-0.1592905846804898	0.12255760158023875	-0.6078554556097745	1.0000000000000004	-0.5347535787912598	0.18714923891982457	-0.17436298720473944	0.12571024096033578	-0.13216959899483516	0.18877956331288978	-0.13017836425469081	0.11978225054514388	-0.12471218863001993	0.11664442758179558	-0.1484380711304906	0.1381640753376203	-0.09444669182558199	0.12542866162820382	-0.10235194155654707	0.16432008094695283	-0.11627164925993644	0.09380170186596071
-0.10441136239373108	0.10233917673113715	-0.22222946564241064	0.09167097348752655	-0.08509428449682689	0.16648396072619837	-0.17068531268139508	0.21495308186248416	-0.18359902639144413	0.1539769191684158	-0.19838875711462414	0.21641049234465062	-0.34009370585841037	0.22097746650649178	-0.17236826549328296	0.2701587209682528	-0.5347535787912598	0.9999999999999982	-0.38530476327236884	0.23278180164642487	-0.14935762735688088	0.1738791973102743	-0.4003900838756976	0.1932886452348837	-0.18160377731901395	0.14722069995925924	-0.16605839767981015	0.22372793441562985	-0.21858517264858748	0.13677252614792162	-0.1784924939162219	0.14204774295430433	-0.24465973056113058	0.1682746919652378	-0.13943961920668296
0.07739174386904266	-0.0784087822472944	0.1939879795241799	-0.11401767422372254	0.1038873968687361	-0.12342988372254433	0.12410431432526534	-0.22486213515757492	0.2473386272302981	-0.22284145597475927	0.12541608026056777	-0.14335477324380458	0.23271676062926866	-0.5964075850571988	0.2530332828064167	-0.1730440326591212	0.18714923891982457	-0.38530476327236884	0.9999999999999977	-0.4302585260218433	0.09834036735853953	-0.1161028225148805	0.18179069796519148	-0.3488601396488002	0.2319434185535755	-0.10456077045183411	0.11310687852806478	-0.15971292429308842	0.19540226238139527	-0.14702516634576449	0.12847272264346882	-0.10542650842885269	0.19031843880924598	-0.15573042937638945	0.1385634983760417
-0.08782255659493314	0.08708315722080337	-0.2642863437910713	0.13614846042126968	-0.13746777264328125	0.1295122917395925	-0.1348454706450612	0.23352459556749652	-0.28288005403104133	0.2648674546625103	-0.13244468915791582	0.14716167001503705	-0.27721210614843095	0.291468521641023	-0.5166638513414477	0.1648403265334857	-0.17436298720473944	0.23278180164642487	-0.4302585260218433	0.9999999999999967	-0.11175569222749443	0.12687661213555532	-0.19165435445613668	0.25766857609913246	-0.3694529224626865	0.1173907658948769	-0.13005463614434215	0.16552543393779912	-0.22378453061840728	0.18285275878680365	-0.16486830249538476	0.1288758424588664	-0.2596586778413022	0.1849869922291758	-0.18652235613256207
0.048879460793440486	-0.04883779389244213	0.1078717967842808	-0.04349288664487955	0.03913438770495392	-0.08104057159894007	0.07622705177782733	-0.10307963367712006	0.07593433197202722	-0.069997902693629	0.09511171941946252	-0.09210865923064786	0.12842055947840605	-0.08551888439513117	0.07265063101031573	-0.1721762203972248	0.12571024096033578	-0.14935762735688088	0.09834036735853953	-0.11175569222749443	0.9999999999999986	-0.5011034927980478	0.19423997301147625	-0.09904517329842837	0.0903161414575396	-0.7503280694578635	0.2772916227082135	-0.17832608344714151	0.1287698612745619	-0.08282398538491652	0.2153300539635271	-0.194439515539833	0.16245526366413554	-0.11363405861871738	0.08121571881183326
-0.05076631364130194	0.050701845466281904	-0.11993416930340495	0.04856177657513885	-0.043926212118374997	0.08111313698905114	-0.07848329875816513	0.11168836848437744	-0.08558650799351962	0.0785157191281136	-0.0909255430578278	0.09353433188384683	-0.14192584670735822	0.09727748838702287	-0.0829350157260925	0.13739890857970863	-0.13216959899483516	0.1738791973102743	-0.1161028225148805	0.12687661213555532	-0.5011034927980478	0.9999999999999988	-0.3754321254369166	0.12085465634307836	-0.1105647880853947	0.30472775119655077	-0.6171661238262159	0.25375368417088323	-0.1737400366415514	0.10138889852885664	-0.27963406758435494	0.235883374261379	-0.2084534176665704	0.14053632178450984	-0.10092525091215565
0.06888930718346484	-0.06989002760465687	0.15993421271047725	-0.06967044776815663	0.06266244428750128	-0.11301252673635054	0.10774547720571905	-0.15887964540892238	0.12400991129411568	-0.11520374190429261	0.11987619622484046	-0.13233020698326656	0.19119077213945854	-0.14971099037671906	0.12145518933112358	-0.18498971144279908	0.18877956331288978	-0.4003900838756976	0.18179069796519148	-0.19165435445613668	0.19423997301147625	-0.3754321254369166	1.0000000000000004	-0.19391900006443555	0.16023119449246126	-0.2119583532330007	0.26204744268601093	-0.6421721699780231	0.2545241752621457	-0.15106842962561803	0.19360530164263307	-0.18383562430667708	0.2244460474327164	-0.20295836521930338	0.1396771468567087
-0.058876265933813954	0.059192929087178894	-0.15801236128762114	0.07652362879452605	-0.07133915611241526	0.09100838808600238	-0.09105623623575611	0.15228465291287124	-0.15238351114012444	0.13542566610691392	-0.0933486316051653	0.10362457777822554	-0.17657470652885746	0.19514015117763595	-0.1654658191409094	0.1262769157040545	-0.13017836425469081	0.1932886452348837	-0.3488601396488002	0.25766857609913246	-0.09904517329842837	0.12085465634307836	-0.19391900006443555	0.9999999999999954	-0.66815067955209	0.10656498419197696	-0.12770168011228175	0.19495407116976532	-0.44176081998620487	0.24809003744556557	-0.1375572113699979	0.11693293699183649	-0.22698544395748516	0.22948027704935997	-0.23998640612804756
0.05676364062048134	-0.05755671247766173	0.15240155154118576	-0.07857942736446265	0.07183988910140583	-0.08866714829807397	0.0876222146971944	-0.15174593644435697	0.14361166760457933	-0.14192440793418687	0.08900547713385197	-0.09939314529258685	0.16411976998612593	-0.18640864886338543	0.16792246905979802	-0.12249704163071014	0.11978225054514388	-0.18160377731901395	0.2319434185535755	-0.3694529224626865	0.0903161414575396	-0.1105647880853947	0.16023119449246126	-0.66815067955209	0.9999999999999976	-0.09986783411532954	0.1123961996401927	-0.17131512351605208	0.2655397460416406	-0.4337171520819994	0.12492917044502184	-0.10911441522560131	0.20666151276799907	-0.242419705442746	0.2478049026904193
-0.05040146876962661	0.04995803308125602	-0.11721027093033332	0.04601608385449712	-0.0416337798115973	0.0801863151843767	-0.07763067526988837	0.10722808067863511	-0.08053062999662565	0.07370403851163383	-0.09333949656080573	0.0915991309184603	-0.13875498175698106	0.0897729737861281	-0.07734561334027235	0.14225465734552822	-0.12471218863001993	0.14722069995925924	-0.10456077045183411	0.1173907658948769	-0.7503280694578635	0.30472775119655077	-0.2119583532330007	0.10656498419197696	-0.09986783411532954	0.9999999999999958	-0.3936936785561914	0.18638621019454976	-0.14688331433745888	0.0908999186796898	-0.33659097424120094	0.2268300883100789	-0.19784360928676362	0.1263289349528722	-0.09170920448804797
0.048346685245693556	-0.04878143983138891	0.11727198862087172	-0.0486739003012304	0.04372930887159388	-0.07764121014200825	0.07432162227162961	-0.1107969146331735	0.08434782287001041	-0.07881495503264936	0.08335204818965265	-0.08815148116174129	0.13286760732823527	-0.09690382175932188	0.08250751606970688	-0.12666125439924023	0.11664442758179558	-0.16605839767981015	0.11310687852806478	-0.13005463614434215	0.2772916227082135	-0.6171661238262159	0.26204744268601093	-0.12770168011228175	0.1123961996401927	-0.3936936785561914	0.9999999999999954	-0.36837429102906594	0.18162599801391635	-0.10825641172209126	0.2784346450850805	-0.42126574941120354	0.2117928444675171	-0.15469536263963235	0.10418856110236446
-0.05806570245071733	0.05825156201389489	-0.14282942574281923	0.06027525100745705	-0.0548149255388404	0.09173536550210128	-0.08968796280739982	0.1341546069186328	-0.10857013351143209	0.09920611728090031	-0.09815182518056982	0.10625986943328816	-0.16908355135685774	0.12642290493871738	-0.10759158346901307	0.14046225783706381	-0.1484380711304906	0.22372793441562985	-0.15971292429308842	0.16552543393779912	-0.17832608344714151	0.25375368417088323	-0.6421721699780231	0.19495407116976532	-0.17131512351605208	0.18638621019454976	-0.36837429102906594	0.9999999999999951	-0.46187307493895624	0.15745525741930896	-0.20665194031268425	0.18884248416546318	-0.26040413468851453	0.2170360000505583	-0.1558052870815361
0.061914937598415036	-0.06304811243792911	0.15875635847834568	-0.07282086790339087	0.0656157588889168	-0.09868043033248108	0.09518959825339555	-0.15558264315293713	0.12902722161709754	-0.12265268994734854	0.10015392780954684	-0.11089789959455763	0.17285524504971528	-0.15962449856590236	0.13330060507794947	-0.14536419805254164	0.1381640753376203	-0.21858517264858748	0.19540226238139527	-0.22378453061840728	0.1287698612745619	-0.1737400366415514	0.2545241752621457	-0.44176081998620487	0.2655397460416406	-0.14688331433745888	0.18162599801391635	-0.46187307493895624	0.9999999999999947	-0.31128674263364137	0.16721169317142331	-0.1600265759253352	0.2752848270033178	-0.49453858497242964	0.2510558413692188
-0.04447216065487762	0.044907646529346625	-0.12080935391135622	0.05496302566717175	-0.05040646779951418	0.06889406184712889	-0.06782369814758639	0.112227766188305	-0.098877199246953	0.09337325486099213	-0.07008063671491327	0.07743026682670187	-0.12912330260514263	0.11736016439323342	-0.10787029837160471	0.09663427851000242	-0.09444669182558199	0.13677252614792162	-0.14702516634576449	0.18285275878680365	-0.08282398538491652	0.10138889852885664	-0.15106842962561803	0.24809003744556557	-0.4337171520819994	0.0908999186796898	-0.10825641172209126	0.15745525741930896	-0.31128674263364137	0.9999999999999948	-0.12297683338617614	0.10750405078253941	-0.2413668415994875	0.2788880180713736	-0.7350270319935259
0.05866349289913136	-0.05999389065845619	0.15120471988219183	-0.06256399957194278	0.05538890740296608	-0.09407174561545206	0.08893783196546484	-0.14195025323965757	0.10326915589954536	-0.09951365067002783	0.09579140225106177	-0.10357881354875095	0.15568746711785642	-0.11670120916892256	0.10091448849188399	-0.1442208419752531	0.12542866162820382	-0.1784924939162219	0.12847272264346882	-0.16486830249538476	0.2153300539635271	-0.27963406758435494	0.19360530164263307	-0.1375572113699979	0.12492917044502184	-0.33659097424120094	0.2784346450850805	-0.20665194031268425	0.16721169317142331	-0.12297683338617614	0.999999999999995	-0.7437289765868312	0.26130333159090735	-0.1822407366907187	0.11763057566194039
-0.04622079155246663	0.04684220693108783	-0.11845177565555907	0.04855715204041799	-0.0434072886193013	0.07326890787215266	-0.07021675530351229	0.10937029186346196	-0.08201326055628234	0.07771424446957037	-0.07635101514866842	0.081784025397243	-0.12657209612687348	0.09273780734371236	-0.08052262490502324	0.1123889372364487	-0.10235194155654707	0.14204774295430433	-0.10542650842885269	0.1288758424588664	-0.194439515539833	0.235883374261379	-0.18383562430667708	0.11693293699183649	-0.10911441522560131	0.2268300883100789	-0.42126574941120354	0.18884248416546318	-0.1600265759253352	0.10750405078253941	-0.7437289765868312	0.9999999999999956	-0.3610836352630422	0.16829674280648224	-0.1089196936866045
0.08132287934925271	-0.0837631285029262	0.21839397954859185	-0.09370555702045053	0.0825466525672228	-0.12975908903305827	0.12282743217957465	-0.20708436884796938	0.1525994802645072	-0.15017540643489008	0.12752897066849014	-0.1412368344331766	0.21513779184822263	-0.17452458299107942	0.15232856825201047	-0.18728092285401549	0.16432008094695283	-0.24465973056113058	0.19031843880924598	-0.2596586778413022	0.16245526366413554	-0.2084534176665704	0.2244460474327164	-0.22698544395748516	0.20666151276799907	-0.19784360928676362	0.2117928444675171	-0.26040413468851453	0.2752848270033178	-0.2413668415994875	0.26130333159090735	-0.3610836352630422	0.9999999999999958	-0.5365063560417118	0.231484136596026
-0.054254850592330824	0.0549275027851831	-0.1458165457213242	0.06296132359898149	-0.05712497718447162	0.0846070601206298	-0.08242125854084564	0.13409258238909108	-0.11031332358174822	0.10385758442513082	-0.08615027087346076	0.09476581639946023	-0.15450974974612344	0.12823791931925355	-0.11408873712516801	0.12105953700618045	-0.11627164925993644	0.1682746919652378	-0.15573042937638945	0.1849869922291758	-0.11363405861871738	0.14053632178450984	-0.20295836521930338	0.22948027704935997	-0.242419705442746	0.1263289349528722	-0.15469536263963235	0.2170360000505583	-0.49453858497242964	0.2788880180713736	-0.1822407366907187	0.16829674280648224	-0.5365063560417118	0.9999999999999956	-0.48927601986299496
0.04478749048688099	-0.04559134552888615	0.11994310468026444	-0.05596448915985795	0.05042882349467663	-0.07033323733788432	0.06836081540067178	-0.11523888587561351	0.09719114488505613	-0.09467306833231871	0.07048315154019896	-0.07821057369238808	0.1259023665696678	-0.11760466991706098	0.10390665671012111	-0.09933605129724471	0.09380170186596071	-0.13943961920668296	0.1385634983760417	-0.18652235613256207	0.08121571881183326	-0.10092525091215565	0.1396771468567087	-0.23998640612804756	0.2478049026904193	-0.09170920448804797	0.10418856110236446	-0.1558052870815361	0.2510558413692188	-0.7350270319935259	0.11763057566194039	-0.1089196936866045	0.231484136596026	-0.48927601986299496	0.9999999999999956
