1.0000000000000002	-0.5906140277573412	0.2295727749026517	-0.24142963426864134	0.13929455431266732	-0.6372732389489635	0.29585998529116286	-0.20057122996788643	0.1324440169404866	-0.12184131515662273	0.17142663208855602	-0.12913458829869726	0.14995283028344172	-0.13480510916970956	0.05102997101244047	-0.14855805564746716	0.1201136666322786	-0.11141572022666994	0.11443106586520134	-0.052631997988990806	0.09968428142509822	-0.09168500861546343	0.08446731217972415	-0.07206724535051034	0.06679193637900242	-0.09069307071896535	0.06970931321594814	-0.08974871427751516	0.06573394267104789	-0.05357271835020108	0.016367285958600455	-0.01658689954265971	0.0812093755450848	-0.053365735278500234	0.08195789849091
-0.5906140277573412	1.0	-0.5163932860536571	0.2649494051131509	-0.18383388556837332	0.2820743830402	-0.4047488830065107	0.2451616110090247	-0.16850079218638583	0.14398544032179617	-0.15465899239232617	0.14360798488102258	-0.20325949549915318	0.1589613075092315	-0.06134354584926253	0.12305719691865331	-0.1421187254465894	0.1252109080304433	-0.13763235563744408	0.06184320106552307	-0.09947764149425584	0.09004158803583479	-0.09203001984105359	0.07965904226439104	-0.07592320937444894	0.08702692809991314	-0.07093021822036692	0.09492818312621866	-0.07389058371585887	0.060221999084745924	-0.0172069557823716	0.01730761203936154	-0.09284730096385997	0.06037579027756092	-0.09441984430287248
0.2295727749026517	-0.5163932860536571	1.0000000000000004	-0.5460546715205434	0.19485716472419326	-0.1915272798556175	0.24856796481058435	-0.5061647139757847	0.22288995425799651	-0.17260974987130628	0.11178635392596609	-0.12195082934455202	0.24723582730248025	-0.20723458449251117	0.06557768260571145	-0.0961101863149545	0.11578061656736556	-0.12419659023457391	0.13548990377058742	-0.06630151136145816	0.08176820394791434	-0.07758014111520056	0.08349646287587675	-0.07357369846095861	0.06907496710950704	-0.07446771810871085	0.06144815237494382	-0.08646234015777526	0.06710001236469972	-0.054865146426245515	0.015123461657079468	-0.015236476256883884	0.08346374765627869	-0.05459304283184717	0.084967037261849
-0.24142963426864134	0.2649494051131509	-0.5460546715205434	1.0	-0.35856900419166543	0.1899882513387912	-0.3123389423148612	0.3044769806203741	-0.4413219933484884	0.2546307563575958	-0.1406633751993248	0.15244547341652617	-0.3235463835338413	0.2628750421558334	-0.09954210524905263	0.11676769492299523	-0.15465236424985354	0.1630933915212193	-0.19450979374363453	0.09688691837196235	-0.10870283820166235	0.10176800236444129	-0.1150881344446719	0.10264215853868129	-0.09992375034575153	0.09662983811096577	-0.08237871849104794	0.11720561379367762	-0.09608689700735608	0.078618163631346	-0.02088691328570291	0.020910674357471213	-0.12253190099517688	0.07908809750935031	-0.12560864951039202
0.13929455431266732	-0.18383388556837332	0.19485716472419326	-0.35856900419166543	1.0000000000000002	-0.1422156855125765	0.19471971281388126	-0.24720247130385112	0.29001423988467284	-0.7199317203458228	0.11364406809464342	-0.12712185525147038	0.2162377994931562	-0.2696180065777052	0.15768124542752907	-0.10210035839974352	0.12179456296587488	-0.16907590617884236	0.17848891181111035	-0.17834198898456197	0.10158346834289543	-0.10114143237581993	0.11643742103669641	-0.10768734210322052	0.1047693632078197	-0.09747422063313135	0.0824007471176359	-0.12436221121211125	0.10021137976092845	-0.08349533220631584	0.022212578246690425	-0.022385053631073303	0.12918427715067754	-0.08359195056109354	0.1327806562640367
-0.6372732389489635	0.2820743830402	-0.1915272798556175	0.1899882513387912	-0.1422156855125765	1.0000000000000004	-0.5517769584213764	0.17695063468356256	-0.12463880327580132	0.1164090752309974	-0.3069182557953878	0.16484040779875048	-0.1508837186885035	0.12759713854703186	-0.051954036314385416	0.19020026431105908	-0.15941104222284502	0.12231986077975947	-0.12679719139029993	0.05319463833030529	-0.12653292903894206	0.10804528152982315	-0.09671299202517954	0.08056447548919926	-0.07485009017245023	0.10601919000597097	-0.08194991632597727	0.1008370646349201	-0.0738106102790139	0.05983160320791765	-0.018572487791080228	0.018766408654526008	-0.09094074833687053	0.059670428643483334	-0.09152536729339045
0.29585998529116286	-0.4047488830065107	0.24856796481058435	-0.3123389423148612	0.19471971281388126	-0.5517769584213764	1.0000000000000009	-0.3231946894892357	0.18764894108460478	-0.18050833172342118	0.21466481676839902	-0.31708658632537673	0.2210981698878757	-0.20267792798900758	0.07640994006610599	-0.20249604512611066	0.21985910096581507	-0.18613361026520753	0.17809863476897947	-0.07995192699219869	0.14363800904619276	-0.13754754602830296	0.130123523444364	-0.11119376088949502	0.1014909933428686	-0.135474456647531	0.10460645431514515	-0.13875716505189356	0.10019133301031431	-0.08175520824561532	0.024815561007689193	-0.025222662664172352	0.12262260625601917	-0.08105095517940444	0.12358024557531437
-0.20057122996788643	0.2451616110090247	-0.5061647139757847	0.3044769806203741	-0.24720247130385112	0.17695063468356256	-0.3231946894892357	1.0000000000000009	-0.3347363500183641	0.20464780867347593	-0.1215086124931741	0.1546687613969487	-0.582134383266992	0.2770267240799696	-0.08081769046147778	0.10403913737512872	-0.14729123816138498	0.15202836578624113	-0.17437264928597482	0.07988160514894307	-0.09216187679833303	0.08785997060754826	-0.0983456057349557	0.08654818015783124	-0.08104201395529546	0.08321677773526694	-0.06998615247621508	0.099908614397866	-0.07850884099511689	0.06403116380070276	-0.01710730811254648	0.017207454518455612	-0.09689109091814073	0.06347441145988225	-0.09872003675660625
0.1324440169404866	-0.16850079218638583	0.22288995425799651	-0.4413219933484884	0.29001423988467284	-0.12463880327580132	0.18764894108460478	-0.3347363500183641	1.0000000000000022	-0.48993219435659613	0.09593748867453347	-0.11985641046567273	0.2867523138437534	-0.56397803860835	0.1058318548678298	-0.08437097628716322	0.1151700262266239	-0.1596299281774821	0.18484635973360364	-0.10493190924261453	0.08043635016509008	-0.07964546744723673	0.09381963237973255	-0.08495243225895643	0.07769748739790636	-0.07466223388609323	0.06380967196234051	-0.09587011479298639	0.07500556405563535	-0.06149410002102386	0.015717795701973583	-0.015823919946528504	0.0912442588149753	-0.060263506617192764	0.09306322924100513
-0.12184131515662273	0.14398544032179617	-0.17260974987130628	0.2546307563575958	-0.7199317203458228	0.1164090752309974	-0.18050833172342118	0.20464780867347593	-0.48993219435659613	1.0000000000000007	-0.09703734185280219	0.10960214842794375	-0.22441812110103912	0.24403029923896674	-0.1948292744757507	0.08410684939359371	-0.10954437755092174	0.14107799440001575	-0.17210847767502585	0.1608719775716774	-0.08473414668118677	0.08231073527046157	-0.09781201088696358	0.08969475552223868	-0.08871151353365875	0.07783475917593548	-0.06738550351132032	0.1003412807830779	-0.08388202486123986	0.06947228391118176	-0.017605348001631244	0.017636257842086056	-0.10740654798355799	0.06932479035468674	-0.11070672821211651
0.17142663208855602	-0.15465899239232617	0.11178635392596609	-0.1406633751993248	0.11364406809464342	-0.3069182557953878	0.21466481676839902	-0.1215086124931741	0.09593748867453347	-0.09703734185280219	0.9999999999999997	-0.21525691049823217	0.11594732046155805	-0.10673589948808664	0.04798996563297863	-0.7780202836732911	0.1898740887671539	-0.14240749530744656	0.132854306461649	-0.05000926813437763	0.2520170376090451	-0.21868850869270617	0.1404068204251812	-0.10900611911022513	0.09394186904435092	-0.22007238089827214	0.1471337239738396	-0.15457060266799114	0.09587248167204604	-0.07690239572684612	0.028678961423267875	-0.029384486896626698	0.11169674033422845	-0.07542508520878682	0.10936824465415132
-0.12913458829869726	0.14360798488102258	-0.12195082934455202	0.15244547341652617	-0.12712185525147038	0.16484040779875048	-0.31708658632537673	0.1546687613969487	-0.11985641046567273	0.10960214842794375	-0.21525691049823217	0.9999999999999964	-0.1999721212424152	0.14645411382258502	-0.05748128740585613	0.18064000857046025	-0.8276473179094398	0.21317798702101062	-0.2113989438686839	0.05858916218656918	-0.12882840110047414	0.11674304338985513	-0.1228770834406494	0.09631862336456411	-0.08472339934339954	0.1052620170409696	-0.08830354830607505	0.11497760024200986	-0.08389724345769568	0.0668025257012244	-0.018458885484455546	0.018630043089443674	-0.09625150151819957	0.06468330964959065	-0.09609106353633977
0.14995283028344172	-0.20325949549915318	0.24723582730248025	-0.3235463835338413	0.2162377994931562	-0.1508837186885035	0.2210981698878757	-0.582134383266992	0.2867523138437534	-0.22441812110103912	0.11594732046155805	-0.1999721212424152	1.0000000000000009	-0.5739214850634213	0.08825244229737328	-0.1043984879327731	0.16155005997553104	-0.20219628884826113	0.2073200211996248	-0.09080225002832956	0.09423924920662	-0.09419799380223431	0.10913505995354121	-0.09635142828116136	0.08525602622996306	-0.08788756470853416	0.07427540143690113	-0.11117261730633574	0.08331334898323739	-0.06793438805280644	0.017673071573715	-0.017853063184149278	0.0989182266727205	-0.06608445812257474	0.10016781708627762
-0.13480510916970956	0.1589613075092315	-0.20723458449251117	0.2628750421558334	-0.2696180065777052	0.12759713854703186	-0.20267792798900758	0.2770267240799696	-0.56397803860835	0.24403029923896674	-0.10673589948808664	0.14645411382258502	-0.5739214850634213	0.9999999999999969	-0.10965127205349474	0.09372337882156603	-0.1453684030148565	0.20522971704939538	-0.325962296430627	0.10379707633501471	-0.09119611541537206	0.09110076034469328	-0.11290747419153449	0.10175429186031937	-0.09025480552284218	0.08372850736867316	-0.07291179870397263	0.11091311205461694	-0.08735519835485696	0.07065960558635499	-0.01730659487570267	0.017418070685675163	-0.10225296174293094	0.06831646303255921	-0.10403865888443853
0.05102997101244047	-0.06134354584926253	0.06557768260571145	-0.09954210524905263	0.15768124542752907	-0.051954036314385416	0.07640994006610599	-0.08081769046147778	0.1058318548678298	-0.1948292744757507	0.04798996563297863	-0.05748128740585613	0.08825244229737328	-0.10965127205349474	0.9999999999999972	-0.04311211289836433	0.056620603523490486	-0.09841648961018014	0.11657439276232956	-0.9491301938372028	0.04638457189323414	-0.048095841347897746	0.06049018428093235	-0.062006595782288614	0.06456223783605805	-0.044536865189622535	0.03914583631757926	-0.06311437439649549	0.05276981191108717	-0.048936666456184136	0.009719932705210892	-0.009806873714128566	0.06008970772831732	-0.041376485447230674	0.06290787989228021
-0.14855805564746716	0.12305719691865331	-0.0961101863149545	0.11676769492299523	-0.10210035839974352	0.19020026431105908	-0.20249604512611066	0.10403913737512872	-0.08437097628716322	0.08410684939359371	-0.7780202836732911	0.18064000857046025	-0.1043984879327731	0.09372337882156603	-0.04311211289836433	0.9999999999999966	-0.22297959003380902	0.13122530745810868	-0.12689586004898407	0.044463726218178706	-0.4116921808285167	0.2011448125875038	-0.13583364338757936	0.09940018658150677	-0.08791316601048736	0.1920350785890579	-0.14416657026326427	0.1370579106893626	-0.08917630482034775	0.07071354948196996	-0.025767654886308597	0.025983028375840996	-0.1043215535286574	0.06964636441189258	-0.10213149021973517
0.1201136666322786	-0.1421187254465894	0.11578061656736556	-0.15465236424985354	0.12179456296587488	-0.15941104222284502	0.21985910096581507	-0.14729123816138498	0.1151700262266239	-0.10954437755092174	0.1898740887671539	-0.8276473179094398	0.16155005997553104	-0.1453684030148565	0.056620603523490486	-0.22297959003380902	0.9999999999999958	-0.3091679784262955	0.20476709713089192	-0.05896887953309407	0.1347359153745083	-0.13168597329956674	0.13212298356260146	-0.10199667726485515	0.08615583391932989	-0.11494439772136715	0.09434696004546216	-0.1256951433246455	0.08622396749431004	-0.06880031398126366	0.019239614519265737	-0.019505228387039525	0.09735786997643486	-0.06617870686280501	0.09660885433029057
-0.11141572022666994	0.1252109080304433	-0.12419659023457391	0.1630933915212193	-0.16907590617884236	0.12231986077975947	-0.18613361026520753	0.15202836578624113	-0.1596299281774821	0.14107799440001575	-0.14240749530744656	0.21317798702101062	-0.20219628884826113	0.20522971704939538	-0.09841648961018014	0.13122530745810868	-0.3091679784262955	0.9999999999999976	-0.7451641625597715	0.09933248788134555	-0.15123276226455878	0.1649001837309858	-0.32715938121917065	0.19262598040108003	-0.1542670791381244	0.13365547616814044	-0.1297161076779538	0.2092955490247584	-0.15412618261167343	0.1180364112543578	-0.025203239633994515	0.02537594773014714	-0.15809946035395847	0.10964549270115964	-0.15571443831599174
0.11443106586520134	-0.13763235563744408	0.13548990377058742	-0.19450979374363453	0.17848891181111035	-0.12679719139029993	0.17809863476897947	-0.17437264928597482	0.18484635973360364	-0.17210847767502585	0.132854306461649	-0.2113989438686839	0.2073200211996248	-0.325962296430627	0.11657439276232956	-0.12689586004898407	0.20476709713089192	-0.7451641625597715	0.9999999999999973	-0.1347497821710006	0.13836481873859302	-0.15943686864957662	0.22554189112710354	-0.22623916276783282	0.15097871982111064	-0.13585822217897597	0.1226644716004546	-0.21659937740682222	0.15164634562757714	-0.12091034256193309	0.025556324329372514	-0.025954793082488936	0.15128772595521126	-0.10924056913025984	0.15055873218563756
-0.052631997988990806	0.06184320106552307	-0.06630151136145816	0.09688691837196235	-0.17834198898456197	0.05319463833030529	-0.07995192699219869	0.07988160514894307	-0.10493190924261453	0.1608719775716774	-0.05000926813437763	0.05858916218656918	-0.09080225002832956	0.10379707633501471	-0.9491301938372028	0.044463726218178706	-0.05896887953309407	0.09933248788134555	-0.1347497821710006	0.9999999999999977	-0.048459648223897867	0.04967202773721344	-0.06357090999321387	0.06501511811859664	-0.07159485158826392	0.04581980849127065	-0.04069365925246669	0.06505351087608927	-0.056339382832378916	0.051897200602350535	-0.010119666263980025	0.010183441821838689	-0.06442995026999009	0.04407102174587859	-0.06786661140897389
0.09968428142509822	-0.09947764149425584	0.08176820394791434	-0.10870283820166235	0.10158346834289543	-0.12653292903894206	0.14363800904619276	-0.09216187679833303	0.08043635016509008	-0.08473414668118677	0.2520170376090451	-0.12882840110047414	0.09423924920662	-0.09119611541537206	0.04638457189323414	-0.4116921808285167	0.1347359153745083	-0.15123276226455878	0.13836481873859302	-0.048459648223897867	0.9999999999999974	-0.5798610772054474	0.22310884304618267	-0.15328743044055615	0.12306161476531145	-0.5056684761537683	0.2935924891000478	-0.24082705124389508	0.12995870447398403	-0.10172167191965815	0.04261034707500866	-0.04353082277019898	0.1426599972067961	-0.09843551471681355	0.1352529588940134
-0.09168500861546343	0.09004158803583479	-0.07758014111520056	0.10176800236444129	-0.10114143237581993	0.10804528152982315	-0.13754754602830296	0.08785997060754826	-0.07964546744723673	0.08231073527046157	-0.21868850869270617	0.11674304338985513	-0.09419799380223431	0.09110076034469328	-0.048095841347897746	0.2011448125875038	-0.13168597329956674	0.1649001837309858	-0.15943686864957662	0.04967202773721344	-0.5798610772054474	0.9999999999999984	-0.4143860844442198	0.18018329861981913	-0.1489833738285313	0.3127019696842851	-0.5107013239181976	0.26854602234458674	-0.15685331129784996	0.11676184770338448	-0.0398486766246309	0.03973954054697841	-0.16381555926609373	0.11192945441991206	-0.15363838805530508
0.08446731217972415	-0.09203001984105359	0.08349646287587675	-0.1150881344446719	0.11643742103669641	-0.09671299202517954	0.130123523444364	-0.0983456057349557	0.09381963237973255	-0.09781201088696358	0.1404068204251812	-0.1228770834406494	0.10913505995354121	-0.11290747419153449	0.06049018428093235	-0.13583364338757936	0.13212298356260146	-0.32715938121917065	0.22554189112710354	-0.06357090999321387	0.22310884304618267	-0.4143860844442198	0.9999999999999982	-0.4165135094504013	0.2152735155402772	-0.21952168852744508	0.23446697095162122	-0.5968075579112556	0.23755403429646516	-0.17749852449805656	0.03403803452324861	-0.034584929692833534	0.2127372845885137	-0.1597864003354742	0.1951649376923437
-0.07206724535051034	0.07965904226439104	-0.07357369846095861	0.10264215853868129	-0.10768734210322052	0.08056447548919926	-0.11119376088949502	0.08654818015783124	-0.08495243225895643	0.08969475552223868	-0.10900611911022513	0.09631862336456411	-0.09635142828116136	0.10175429186031937	-0.062006595782288614	0.09940018658150677	-0.10199667726485515	0.19262598040108003	-0.22623916276783282	0.06501511811859664	-0.15328743044055615	0.18018329861981913	-0.4165135094504013	0.9999999999999978	-0.5358866552093235	0.14361379659010742	-0.14986921155596844	0.279975183541327	-0.5313000174204086	0.29817494641718806	-0.028999391386482536	0.02937368779322771	-0.2569335795776111	0.21990608904729078	-0.27735584965984394
0.06679193637900242	-0.07592320937444894	0.06907496710950704	-0.09992375034575153	0.1047693632078197	-0.07485009017245023	0.1014909933428686	-0.08104201395529546	0.07769748739790636	-0.08871151353365875	0.09394186904435092	-0.08472339934339954	0.08525602622996306	-0.09025480552284218	0.06456223783605805	-0.08791316601048736	0.08615583391932989	-0.1542670791381244	0.15097871982111064	-0.07159485158826392	0.12306161476531145	-0.1489833738285313	0.2152735155402772	-0.5358866552093235	0.9999999999999971	-0.130328504203305	0.12213075952836719	-0.2500301567398362	0.31082637924153933	-0.6555568197701704	0.02794730061465979	-0.02866128388668172	0.21007892847674703	-0.2030975968472094	0.2621980909445843
-0.09069307071896535	0.08702692809991314	-0.07446771810871085	0.09662983811096577	-0.09747422063313135	0.10601919000597097	-0.135474456647531	0.08321677773526694	-0.07466223388609323	0.07783475917593548	-0.22007238089827214	0.1052620170409696	-0.08788756470853416	0.08372850736867316	-0.044536865189622535	0.1920350785890579	-0.11494439772136715	0.13365547616814044	-0.13585822217897597	0.04581980849127065	-0.5056684761537683	0.3127019696842851	-0.21952168852744508	0.14361379659010742	-0.130328504203305	0.9999999999999971	-0.6985012853722257	0.23244102447589807	-0.13895102769944567	0.10438640986433069	-0.06331921003321081	0.059787918114013495	-0.1597458755681305	0.1045717108361335	-0.14807476986642162
0.06970931321594814	-0.07093021822036692	0.06144815237494382	-0.08237871849104794	0.0824007471176359	-0.08194991632597727	0.10460645431514515	-0.06998615247621508	0.06380967196234051	-0.06738550351132032	0.1471337239738396	-0.08830354830607505	0.07427540143690113	-0.07291179870397263	0.03914583631757926	-0.14416657026326427	0.09434696004546216	-0.1297161076779538	0.1226644716004546	-0.04069365925246669	0.2935924891000478	-0.5107013239181976	0.23446697095162122	-0.14986921155596844	0.12213075952836719	-0.6985012853722257	0.9999999999999971	-0.3479596059239209	0.13646832619636995	-0.10184609352517224	0.05027685637708846	-0.051845642495823414	0.14659526442864307	-0.10052807765896418	0.13174722463414956
-0.08974871427751516	0.09492818312621866	-0.08646234015777526	0.11720561379367762	-0.12436221121211125	0.1008370646349201	-0.13875716505189356	0.099908614397866	-0.09587011479298639	0.1003412807830779	-0.15457060266799114	0.11497760024200986	-0.11117261730633574	0.11091311205461694	-0.06311437439649549	0.1370579106893626	-0.1256951433246455	0.2092955490247584	-0.21659937740682222	0.06505351087608927	-0.24082705124389508	0.26854602234458674	-0.5968075579112556	0.279975183541327	-0.2500301567398362	0.23244102447589807	-0.3479596059239209	0.999999999999997	-0.3449805110966904	0.20594181677357648	-0.04063460018278346	0.04063279629726946	-0.36010611282769217	0.21613406734572327	-0.2656979748526245
0.06573394267104789	-0.07389058371585887	0.06710001236469972	-0.09608689700735608	0.10021137976092845	-0.0738106102790139	0.10019133301031431	-0.07850884099511689	0.07500556405563535	-0.08388202486123986	0.09587248167204604	-0.08389724345769568	0.08331334898323739	-0.08735519835485696	0.05276981191108717	-0.08917630482034775	0.08622396749431004	-0.15412618261167343	0.15164634562757714	-0.056339382832378916	0.12995870447398403	-0.15685331129784996	0.23755403429646516	-0.5313000174204086	0.31082637924153933	-0.13895102769944567	0.13646832619636995	-0.3449805110966904	0.9999999999999972	-0.509645372397617	0.029211803079254736	-0.029949725115813387	0.2720942208258039	-0.4093267311594557	0.2957516270537162
-0.05357271835020108	0.060221999084745924	-0.054865146426245515	0.078618163631346	-0.08349533220631584	0.05983160320791765	-0.08175520824561532	0.06403116380070276	-0.06149410002102386	0.06947228391118176	-0.07690239572684612	0.0668025257012244	-0.06793438805280644	0.07065960558635499	-0.048936666456184136	0.07071354948196996	-0.06880031398126366	0.1180364112543578	-0.12091034256193309	0.051897200602350535	-0.10172167191965815	0.11676184770338448	-0.17749852449805656	0.29817494641718806	-0.6555568197701704	0.10438640986433069	-0.10184609352517224	0.20594181677357648	-0.509645372397617	0.9999999999999966	-0.023589626687261778	0.024102196603850688	-0.23124168817535803	0.23579683456839462	-0.4200697881709269
0.016367285958600455	-0.0172069557823716	0.015123461657079468	-0.02088691328570291	0.022212578246690425	-0.018572487791080228	0.024815561007689193	-0.01710730811254648	0.015717795701973583	-0.017605348001631244	0.028678961423267875	-0.018458885484455546	0.017673071573715	-0.01730659487570267	0.009719932705210892	-0.025767654886308597	0.019239614519265737	-0.025203239633994515	0.025556324329372514	-0.010119666263980025	0.04261034707500866	-0.0398486766246309	0.03403803452324861	-0.028999391386482536	0.02794730061465979	-0.06331921003321081	0.05027685637708846	-0.04063460018278346	0.029211803079254736	-0.023589626687261778	0.9999999999999971	-0.9932425795992138	0.04415894179818815	-0.02734053744186024	0.037761792967637736
-0.01658689954265971	0.01730761203936154	-0.015236476256883884	0.020910674357471213	-0.022385053631073303	0.018766408654526008	-0.025222662664172352	0.017207454518455612	-0.015823919946528504	0.017636257842086056	-0.029384486896626698	0.018630043089443674	-0.017853063184149278	0.017418070685675163	-0.009806873714128566	0.025983028375840996	-0.019505228387039525	0.02537594773014714	-0.025954793082488936	0.010183441821838689	-0.04353082277019898	0.03973954054697841	-0.034584929692833534	0.02937368779322771	-0.02866128388668172	0.059787918114013495	-0.051845642495823414	0.04063279629726946	-0.029949725115813387	0.024102196603850688	-0.9932425795992138	0.9999999999999971	-0.046392149168689494	0.028093733452777294	-0.0391430585917983
0.0812093755450848	-0.09284730096385997	0.08346374765627869	-0.12253190099517688	0.12918427715067754	-0.09094074833687053	0.12262260625601917	-0.09689109091814073	0.0912442588149753	-0.10740654798355799	0.11169674033422845	-0.09625150151819957	0.0989182266727205	-0.10225296174293094	0.06008970772831732	-0.1043215535286574	0.09735786997643486	-0.15809946035395847	0.15128772595521126	-0.06442995026999009	0.1426599972067961	-0.16381555926609373	0.2127372845885137	-0.2569335795776111	0.21007892847674703	-0.1597458755681305	0.14659526442864307	-0.36010611282769217	0.2720942208258039	-0.23124168817535803	0.04415894179818815	-0.046392149168689494	0.9999999999999968	-0.640315903233621	0.31599741158892447
-0.053365735278500234	0.06037579027756092	-0.05459304283184717	0.07908809750935031	-0.08359195056109354	0.059670428643483334	-0.08105095517940444	0.06347441145988225	-0.060263506617192764	0.06932479035468674	-0.07542508520878682	0.06468330964959065	-0.06608445812257474	0.06831646303255921	-0.041376485447230674	0.06964636441189258	-0.06617870686280501	0.10964549270115964	-0.10924056913025984	0.04407102174587859	-0.09843551471681355	0.11192945441991206	-0.1597864003354742	0.21990608904729078	-0.2030975968472094	0.1045717108361335	-0.10052807765896418	0.21613406734572327	-0.4093267311594557	0.23579683456839462	-0.02734053744186024	0.028093733452777294	-0.640315903233621	0.9999999999999969	-0.5535040188450703
0.08195789849091	-0.09441984430287248	0.084967037261849	-0.12560864951039202	0.1327806562640367	-0.09152536729339045	0.12358024557531437	-0.09872003675660625	0.09306322924100513	-0.11070672821211651	0.10936824465415132	-0.09609106353633977	0.10016781708627762	-0.10403865888443853	0.06290787989228021	-0.10213149021973517	0.09660885433029057	-0.15571443831599174	0.15055873218563756	-0.06786661140897389	0.1352529588940134	-0.15363838805530508	0.1951649376923437	-0.27735584965984394	0.2621980909445843	-0.14807476986642162	0.13174722463414956	-0.2656979748526245	0.2957516270537162	-0.4200697881709269	0.037761792967637736	-0.0391430585917983	0.31599741158892447	-0.5535040188450703	0.9999999999999969
