1.0	-0.3627729327424664	0.16141699801005338	-0.09525441967088352	0.04576583965711426	-0.8882802157983867	0.2292095988004631	-0.14919816384893334	0.08724773651172027	-0.0377662405957629	0.022354240150894895	-0.018270332508478704	0.023726188505241268	-0.04474094275074118	0.03517594526113059	-0.019293162036080832	0.016386513011271864	-0.021976453764436698	0.04157606381952598	-0.02903366594351584	0.01257670397532171	-0.012008506199120663	0.03011645830941476	-0.026606387436948913	0.02296941581959261	-0.010618713401409002	0.014533273018090404	-0.025605104086517356	0.01798632526726692	-0.025750313719850097	0.018019585276623874	-0.008388683684936032	0.009285841038569666	-0.012729557832270769	0.02326454969128952
-0.3627729327424664	1.0	-0.46284007685212064	0.1841314626899002	-0.08834693284577354	0.258648313151931	-0.6957904310464685	0.29683176518321625	-0.17967330185034344	0.07176580499288635	-0.03305724492092596	0.031466972275481064	-0.043195276956759045	0.08342073007057343	-0.06570690650295412	0.02884560915063864	-0.028376456962378414	0.03923261055912132	-0.07844080661707584	0.05324657090195671	-0.020816562326404216	0.019945727954603792	-0.05448652853164413	0.047856041961089016	-0.04137616465781185	0.017618500787573425	-0.024286553154376434	0.04377613094128802	-0.031152984977492547	0.04564849291634111	-0.03002165924413434	0.014144657875875002	-0.01567156433093067	0.021951732644253586	-0.040154213206928815
0.16141699801005338	-0.46284007685212064	1.0	-0.46187709866746485	0.11914551942673852	-0.1943407159121555	0.2972774840152001	-0.6297371292053286	0.2625164255288964	-0.10371984218301357	0.04141165234544615	-0.0415886290248839	0.058784623075034445	-0.12053702399548887	0.08876452616574232	-0.03685292363247731	0.037174702970186047	-0.053752345117571036	0.10499651053010678	-0.07335840350399574	0.02671373107248303	-0.02574662851046543	0.07116007773121301	-0.0641054706246306	0.05542172382928684	-0.022583770368119403	0.031129238418030614	-0.05750387060686076	0.04013499677177109	-0.06206141501190164	0.03827465146629418	-0.01817204699896917	0.020094906781340308	-0.028363754026642114	0.05145544128779174
-0.09525441967088352	0.1841314626899002	-0.46187709866746485	1.0000000000000002	-0.25700145686511877	0.10539170940334641	-0.18668212156691302	0.27627826974126474	-0.6950063870279941	0.19895038967996584	-0.06762955642643498	0.06793625451124069	-0.10191168344577733	0.21840502639409848	-0.17124658721478203	0.05944979040592863	-0.06251816899267651	0.09065078190033417	-0.20841374330779466	0.13349764999441283	-0.04484020223768915	0.043210326128389334	-0.13188647699061778	0.11533647116706945	-0.09981510233285716	0.03787457094295096	-0.052430222575393336	0.09702158860100371	-0.07000603147310466	0.10732956604887632	-0.06428403115009076	0.030794189464532735	-0.03410548172109687	0.04905284778587799	-0.08946788019959184
0.04576583965711426	-0.08834693284577354	0.11914551942673852	-0.25700145686511877	1.0	-0.056711221808321416	0.07961218198929099	-0.14149264532037303	0.2241944238684824	-0.8740694110891796	0.05093248084284175	-0.05322518413979085	0.07209208133188735	-0.17370157641056932	0.21011730002947562	-0.047043589087284815	0.047035775108708724	-0.07056066879632458	0.13921708993030926	-0.19559838929808002	0.03480758039301328	-0.0338607653704937	0.09676490933910985	-0.0970995367789867	0.10877981781975436	-0.029725673593702023	0.04098671393199613	-0.08627351285763137	0.05631871620121604	-0.13580432158402383	0.05012958545708028	-0.024875255711928602	0.027328134408443245	-0.04091303998517808	0.07221029699356407
-0.8882802157983867	0.258648313151931	-0.1943407159121555	0.10539170940334641	-0.056711221808321416	0.9999999999999999	-0.30856664085773927	0.16031766062482877	-0.1064289266867552	0.04566850662681573	-0.027271217379040934	0.02201605728708661	-0.028779920648837946	0.05372204350044991	-0.04316478603037069	0.023185535639310667	-0.01986817228637208	0.026520512508041626	-0.051214066627720704	0.03524925237404436	-0.015337052096053499	0.01461744223476084	-0.037128251530524486	0.03245362528106424	-0.028044679913638446	0.012962710955471687	-0.017763555190754555	0.03112439490013365	-0.02210448731265411	0.031157023521921123	-0.02206293404557135	0.010264461170720185	-0.01137312837793589	0.015613000757725055	-0.028634942227412648
0.2292095988004631	-0.6957904310464685	0.2972774840152001	-0.18668212156691302	0.07961218198929099	-0.30856664085773927	1.0000000000000007	-0.5265714064098957	0.16956405327878804	-0.06857471108040127	0.03129893811979843	-0.03119791312602199	0.042028231519361164	-0.08138151312501576	0.06079683944579216	-0.027641041604584814	0.02757393388068472	-0.03834626794172817	0.07210728471718104	-0.05026850879161533	0.019522917084542322	-0.018778763576105025	0.05002646729846225	-0.04479959922412583	0.03862043201994101	-0.01646921272196246	0.022667106806855502	-0.0410819686393731	0.028731086193527204	-0.04325585591619131	0.027898094482148323	-0.013152669704430825	0.01454802995572654	-0.020314358368845296	0.03693844898693629
-0.14919816384893334	0.29683176518321625	-0.6297371292053286	0.27627826974126474	-0.14149264532037303	0.16031766062482877	-0.5265714064098957	1.000000000000001	-0.37096249960377714	0.11740933390815993	-0.046738452671416096	0.04774960069402436	-0.07060169944665852	0.13728483170299036	-0.10408845105359875	0.04120462872952103	-0.04304332954200479	0.062264905669447736	-0.1261076581536578	0.0833305041746226	-0.03023263328662008	0.029125741937105033	-0.08317975721825731	0.07345735755535518	-0.06327761908780484	0.02549565747196723	-0.035209037788321226	0.06425143985422642	-0.045754564109760504	0.06922593039023815	-0.04321481723796853	0.02052757416927152	-0.02272194387397457	0.03218782728799408	-0.058648733085066504
0.08724773651172027	-0.17967330185034344	0.2625164255288964	-0.6950063870279941	0.2241944238684824	-0.1064289266867552	0.16956405327878804	-0.37096249960377714	1.0000000000000004	-0.27784339295236077	0.06434810127268452	-0.07230912699386319	0.10770488706528446	-0.3519744217849448	0.17397178707104627	-0.05854059234667605	0.06387973675334296	-0.09885251448496635	0.20509567655266683	-0.14609355077352393	0.04266363202758815	-0.04165493562239868	0.12296781221738882	-0.11803965031125759	0.09996042334389174	-0.03579977927548464	0.04941125742181212	-0.09509452616082796	0.06507426999981858	-0.11259030069436538	0.05979080604699304	-0.02893915681129254	0.03188233190850303	-0.04608570971602707	0.08224248209935718
-0.0377662405957629	0.07176580499288635	-0.10371984218301357	0.19895038967996584	-0.8740694110891796	0.04566850662681573	-0.06857471108040127	0.11740933390815993	-0.27784339295236077	1.000000000000001	-0.04498950686279346	0.047184044464940234	-0.06666667160740297	0.1598303476317805	-0.2759811457058044	0.041017370083004906	-0.04225580158918744	0.06336686693920265	-0.13569125474161747	0.1736577991717506	-0.030688137570942863	0.029829949216182792	-0.0894496011437923	0.08715898161568494	-0.09938366545812943	0.026102120955872058	-0.036057813667692784	0.07388733628433396	-0.049959996184720815	0.11292768918387283	-0.04400644852645198	0.021785780100688885	-0.023980466738728622	0.03593481623310671	-0.06403451689015671
0.022354240150894895	-0.03305724492092596	0.04141165234544615	-0.06762955642643498	0.05093248084284175	-0.027271217379040934	0.03129893811979843	-0.046738452671416096	0.06434810127268452	-0.04498950686279346	1.0000000000000007	-0.26946501588616745	0.14666190043593944	-0.10362531835236807	0.07350692890103651	-0.814065008292193	0.21810099841656574	-0.1633682491850586	0.10045491561064168	-0.07065533592570612	0.19081975590277803	-0.18167814689166353	0.10978972366434565	-0.09661736871466954	0.07080672014715662	-0.14159626648407958	0.16959917737454758	-0.16148734980961738	0.09709064808169307	-0.08725823409217119	0.19470517671935023	-0.0782376164511592	0.0829816784611988	-0.07338449930888795	0.12496788795172363
-0.018270332508478704	0.031466972275481064	-0.0415886290248839	0.06793625451124069	-0.05322518413979085	0.02201605728708661	-0.03119791312602199	0.04774960069402436	-0.07230912699386319	0.047184044464940234	-0.26946501588616745	0.9999999999999994	-0.44505771142462486	0.13578224406136746	-0.08410400494016633	0.21773520945665292	-0.7598944409346572	0.29709714409307547	-0.1347792068261238	0.07608599553256434	-0.13310563234563014	0.13760267352891548	-0.11461014564692587	0.09640712672902244	-0.06678015376110688	0.08905459960536347	-0.12511900215548571	0.10242529350545905	-0.06648454207571218	0.07589327979894436	-0.12034488822226991	0.04966281843380914	-0.052870087807993016	0.048974145453467566	-0.08297780089275585
0.023726188505241268	-0.043195276956759045	0.058784623075034445	-0.10191168344577733	0.07209208133188735	-0.028779920648837946	0.042028231519361164	-0.07060169944665852	0.10770488706528446	-0.06666667160740297	0.14666190043593944	-0.44505771142462486	1.0000000000000022	-0.27636405188421664	0.11872845603302719	-0.14901853407303742	0.28701885397366195	-0.7589928368865911	0.19927527292952985	-0.1114908105328306	0.08574939936290604	-0.09110276942274073	0.14841739435727713	-0.13647684598774332	0.08801048474224034	-0.0627618205613529	0.0856773112150292	-0.11019939395217719	0.06945865358669649	-0.1009258338529809	0.08936608105903895	-0.04005575164821832	0.04295874295759028	-0.05002567850582262	0.08489069593921608
-0.04474094275074118	0.08342073007057343	-0.12053702399548887	0.21840502639409848	-0.17370157641056932	0.05372204350044991	-0.08138151312501576	0.13728483170299036	-0.3519744217849448	0.1598303476317805	-0.10362531835236807	0.13578224406136746	-0.27636405188421664	1.0000000000000027	-0.3641702758654092	0.0939011598817276	-0.12373182642356831	0.2026666908286416	-0.6600341851624841	0.25222042815638657	-0.06918425448725717	0.06858747960894579	-0.24274087004259928	0.2242047729965303	-0.17190741470652085	0.05647716284062143	-0.07841082707810375	0.14647926436960013	-0.10477736289444793	0.1743055497835677	-0.091788088668234	0.044946128550781284	-0.04942092803180608	0.07272487427825705	-0.12845799568929528
0.03517594526113059	-0.06570690650295412	0.08876452616574232	-0.17124658721478203	0.21011730002947562	-0.04316478603037069	0.06079683944579216	-0.10408845105359875	0.17397178707104627	-0.2759811457058044	0.07350692890103651	-0.08410400494016633	0.11872845603302719	-0.3641702758654092	1.000000000000003	-0.06856886534500439	0.07404373285458926	-0.11822742809599188	0.26334686652602823	-0.7413530605655135	0.051461279757556856	-0.050708337116523734	0.16277091170519278	-0.17667938728683497	0.23571472356913567	-0.043661048174110005	0.060347167969940135	-0.13322462204244062	0.08815468650630345	-0.28104016852993774	0.07252997217077974	-0.037318713392721165	0.04082302932901973	-0.06465017709243284	0.11252412288985975
-0.019293162036080832	0.02884560915063864	-0.03685292363247731	0.05944979040592863	-0.047043589087284815	0.023185535639310667	-0.027641041604584814	0.04120462872952103	-0.05854059234667605	0.041017370083004906	-0.814065008292193	0.21773520945665292	-0.14901853407303742	0.0939011598817276	-0.06856886534500439	1.0000000000000002	-0.2834985941953887	0.1520907819287133	-0.09571335179252877	0.06436160055812411	-0.2676323954451262	0.19012246847099437	-0.10494535936554272	0.08800056567436189	-0.06482004967421028	0.15857972666897294	-0.19699776378174422	0.13884068393853505	-0.09002171599536182	0.07740278365407945	-0.22939612857230013	0.0825567657611166	-0.08903985578099391	0.06854932195296727	-0.11541139501930019
0.016386513011271864	-0.028376456962378414	0.037174702970186047	-0.06251816899267651	0.047035775108708724	-0.01986817228637208	0.02757393388068472	-0.04304332954200479	0.06387973675334296	-0.04225580158918744	0.21810099841656574	-0.7598944409346572	0.28701885397366195	-0.12373182642356831	0.07404373285458926	-0.2834985941953887	1.0000000000000007	-0.44280396702584573	0.12039734655087136	-0.07026337106597044	0.13766809947364145	-0.17391252687454425	0.10763735435053594	-0.09355433150173872	0.06169378635975535	-0.0904336561180103	0.12349566029426595	-0.09912836960584674	0.06200475312481124	-0.07177519243926289	0.11305173548531637	-0.04782766696412285	0.050058708985945805	-0.045973469925201835	0.07684196369401713
-0.021976453764436698	0.03923261055912132	-0.053752345117571036	0.09065078190033417	-0.07056066879632458	0.026520512508041626	-0.03834626794172817	0.062264905669447736	-0.09885251448496635	0.06336686693920265	-0.1633682491850586	0.29709714409307547	-0.7589928368865911	0.2026666908286416	-0.11822742809599188	0.1520907819287133	-0.44280396702584573	0.999999999999996	-0.23441263664155956	0.10877323419579703	-0.09725939586858282	0.10140826907869525	-0.18363502872124027	0.14359793075410457	-0.09032130397161713	0.06901543478644097	-0.09631278331347057	0.11397805463233246	-0.07365550121865334	0.09982743073030753	-0.09802355362902401	0.04323265176681761	-0.046475494894239806	0.05269059632944836	-0.0897055543394582
0.04157606381952598	-0.07844080661707584	0.10499651053010678	-0.20841374330779466	0.13921708993030926	-0.051214066627720704	0.07210728471718104	-0.1261076581536578	0.20509567655266683	-0.13569125474161747	0.10045491561064168	-0.1347792068261238	0.19927527292952985	-0.6600341851624841	0.26334686652602823	-0.09571335179252877	0.12039734655087136	-0.23441263664155956	0.9999999999999998	-0.3568143025458263	0.06932460726458986	-0.06997920209245143	0.2516462768814545	-0.3932037534955748	0.1973003357144034	-0.05706145657342931	0.07888898350703463	-0.16697947070033659	0.1102398584713764	-0.21497164366420446	0.09175456707468896	-0.04642495755798593	0.05067113950254806	-0.07804067549125293	0.13056806351274158
-0.02903366594351584	0.05324657090195671	-0.07335840350399574	0.13349764999441283	-0.19559838929808002	0.03524925237404436	-0.05026850879161533	0.0833305041746226	-0.14609355077352393	0.1736577991717506	-0.07065533592570612	0.07608599553256434	-0.1114908105328306	0.25222042815638657	-0.7413530605655135	0.06436160055812411	-0.07026337106597044	0.10877323419579703	-0.3568143025458263	0.9999999999999988	-0.050217290078168275	0.04927969619881557	-0.18189373819042237	0.18698364952324506	-0.3805687529141819	0.04257819225671425	-0.05911686203539134	0.12720896698762418	-0.09052386102828218	0.25371412110303515	-0.07112471693444396	0.036717080142087334	-0.04035727908569114	0.06483331566551633	-0.11564359743726524
0.01257670397532171	-0.020816562326404216	0.02671373107248303	-0.04484020223768915	0.03480758039301328	-0.015337052096053499	0.019522917084542322	-0.03023263328662008	0.04266363202758815	-0.030688137570942863	0.19081975590277803	-0.13310563234563014	0.08574939936290604	-0.06918425448725717	0.051461279757556856	-0.2676323954451262	0.13766809947364145	-0.09725939586858282	0.06932460726458986	-0.050217290078168275	0.9999999999999973	-0.7012953182293741	0.0937103977616063	-0.0796228233285729	0.054155961540869116	-0.4808716280186807	0.31864608058374333	-0.1548731959105304	0.08813178402264742	-0.06718698831220807	0.2581262656546495	-0.10861804021556422	0.1011269700301593	-0.07002292975022997	0.10912363014836102
-0.012008506199120663	0.019945727954603792	-0.02574662851046543	0.043210326128389334	-0.0338607653704937	0.01461744223476084	-0.018778763576105025	0.029125741937105033	-0.04165493562239868	0.029829949216182792	-0.18167814689166353	0.13760267352891548	-0.09110276942274073	0.06858747960894579	-0.050708337116523734	0.19012246847099437	-0.17391252687454425	0.10140826907869525	-0.06997920209245143	0.04927969619881557	-0.7012953182293741	0.9999999999999962	-0.10238720998675692	0.08062408699163737	-0.05315663231958736	0.2959054077208902	-0.547521720718289	0.1421987220381855	-0.08572232025162302	0.0648089950063358	-0.2628822141788456	0.11470204091019438	-0.11252944497839723	0.06790494315511757	-0.10465737004045203
0.03011645830941476	-0.05448652853164413	0.07116007773121301	-0.13188647699061778	0.09676490933910985	-0.037128251530524486	0.05002646729846225	-0.08317975721825731	0.12296781221738882	-0.0894496011437923	0.10978972366434565	-0.11461014564692587	0.14841739435727713	-0.24274087004259928	0.16277091170519278	-0.10494535936554272	0.10763735435053594	-0.18363502872124027	0.2516462768814545	-0.18189373819042237	0.0937103977616063	-0.10238720998675692	0.9999999999999986	-0.749653441487334	0.2141926558244718	-0.0783603898545934	0.11014238853844929	-0.3634844203617141	0.1725515225854947	-0.26262567339274734	0.12329002026247882	-0.06691073780073092	0.07276627806231223	-0.11926759865828447	0.18777241409308448
-0.026606387436948913	0.047856041961089016	-0.0641054706246306	0.11533647116706945	-0.0970995367789867	0.03245362528106424	-0.04479959922412583	0.07345735755535518	-0.11803965031125759	0.08715898161568494	-0.09661736871466954	0.09640712672902244	-0.13647684598774332	0.2242047729965303	-0.17667938728683497	0.08800056567436189	-0.09355433150173872	0.14359793075410457	-0.3932037534955748	0.18698364952324506	-0.0796228233285729	0.08062408699163737	-0.749653441487334	0.9999999999999973	-0.2977138666944991	0.06650479836895337	-0.09399453449792959	0.22509831626339236	-0.1803568941643447	0.23191731108847316	-0.10889019683940171	0.0590051220297589	-0.06504445222745762	0.1135542565994018	-0.18295270759361856
0.02296941581959261	-0.04137616465781185	0.05542172382928684	-0.09981510233285716	0.10877981781975436	-0.028044679913638446	0.03862043201994101	-0.06327761908780484	0.09996042334389174	-0.09938366545812943	0.07080672014715662	-0.06678015376110688	0.08801048474224034	-0.17190741470652085	0.23571472356913567	-0.06482004967421028	0.06169378635975535	-0.09032130397161713	0.1973003357144034	-0.3805687529141819	0.054155961540869116	-0.05315663231958736	0.2141926558244718	-0.2977138666944991	0.9999999999999973	-0.047309509454983266	0.06580592978371426	-0.16683571571547282	0.1158362000394354	-0.7948769897340959	0.07995312740971329	-0.04457041866791912	0.04860782177639097	-0.08802936617151057	0.15219541993722696
-0.010618713401409002	0.017618500787573425	-0.022583770368119403	0.03787457094295096	-0.029725673593702023	0.012962710955471687	-0.01646921272196246	0.02549565747196723	-0.03579977927548464	0.026102120955872058	-0.14159626648407958	0.08905459960536347	-0.0627618205613529	0.05647716284062143	-0.043661048174110005	0.15857972666897294	-0.0904336561180103	0.06901543478644097	-0.05706145657342931	0.04257819225671425	-0.4808716280186807	0.2959054077208902	-0.0783603898545934	0.06650479836895337	-0.047309509454983266	0.9999999999999987	-0.5672060083398055	0.14854222082653334	-0.08729559459942376	0.05901323677841858	-0.5667903931700686	0.13727516959928232	-0.1274046942979008	0.07119950069905752	-0.1065901695235441
0.014533273018090404	-0.024286553154376434	0.031129238418030614	-0.052430222575393336	0.04098671393199613	-0.017763555190754555	0.022667106806855502	-0.035209037788321226	0.04941125742181212	-0.036057813667692784	0.16959917737454758	-0.12511900215548571	0.0856773112150292	-0.07841082707810375	0.060347167969940135	-0.19699776378174422	0.12349566029426595	-0.09631278331347057	0.07888898350703463	-0.05911686203539134	0.31864608058374333	-0.547521720718289	0.11014238853844929	-0.09399453449792959	0.06580592978371426	-0.5672060083398055	0.9999999999999978	-0.22568267510266543	0.12089544066397914	-0.08233966410383457	0.30161790620952134	-0.2026272848165006	0.16058685302676717	-0.09831440156228646	0.14680960991951178
-0.025605104086517356	0.04377613094128802	-0.05750387060686076	0.09702158860100371	-0.08627351285763137	0.03112439490013365	-0.0410819686393731	0.06425143985422642	-0.09509452616082796	0.07388733628433396	-0.16148734980961738	0.10242529350545905	-0.11019939395217719	0.14647926436960013	-0.13322462204244062	0.13884068393853505	-0.09912836960584674	0.11397805463233246	-0.16697947070033659	0.12720896698762418	-0.1548731959105304	0.1421987220381855	-0.3634844203617141	0.22509831626339236	-0.16683571571547282	0.14854222082653334	-0.22568267510266543	0.9999999999999977	-0.4979621176328708	0.1887620061452872	-0.2691386161209139	0.14660392075334033	-0.17083143765628822	0.2775965311575382	-0.5160910806349883
0.01798632526726692	-0.031152984977492547	0.04013499677177109	-0.07000603147310466	0.05631871620121604	-0.02210448731265411	0.028731086193527204	-0.045754564109760504	0.06507426999981858	-0.049959996184720815	0.09709064808169307	-0.06648454207571218	0.06945865358669649	-0.10477736289444793	0.08815468650630345	-0.09002171599536182	0.06200475312481124	-0.07365550121865334	0.1102398584713764	-0.09052386102828218	0.08813178402264742	-0.08572232025162302	0.1725515225854947	-0.1803568941643447	0.1158362000394354	-0.08729559459942376	0.12089544066397914	-0.4979621176328708	0.9999999999999979	-0.1587387614465653	0.14877369358539877	-0.1466794215025179	0.1505715108929118	-0.7059273722125217	0.3246486079048982
-0.025750313719850097	0.04564849291634111	-0.06206141501190164	0.10732956604887632	-0.13580432158402383	0.031157023521921123	-0.04325585591619131	0.06922593039023815	-0.11259030069436538	0.11292768918387283	-0.08725823409217119	0.07589327979894436	-0.1009258338529809	0.1743055497835677	-0.28104016852993774	0.07740278365407945	-0.07177519243926289	0.09982743073030753	-0.21497164366420446	0.25371412110303515	-0.06718698831220807	0.0648089950063358	-0.26262567339274734	0.23191731108847316	-0.7948769897340959	0.05901323677841858	-0.08233966410383457	0.1887620061452872	-0.1587387614465653	0.9999999999999974	-0.10168968388084931	0.05685471845902895	-0.06274948306577799	0.11623971241117494	-0.23262905071362436
0.018019585276623874	-0.03002165924413434	0.03827465146629418	-0.06428403115009076	0.05012958545708028	-0.02206293404557135	0.027898094482148323	-0.04321481723796853	0.05979080604699304	-0.04400644852645198	0.19470517671935023	-0.12034488822226991	0.08936608105903895	-0.091788088668234	0.07252997217077974	-0.22939612857230013	0.11305173548531637	-0.09802355362902401	0.09175456707468896	-0.07112471693444396	0.2581262656546495	-0.2628822141788456	0.12329002026247882	-0.10889019683940171	0.07995312740971329	-0.5667903931700686	0.30161790620952134	-0.2691386161209139	0.14877369358539877	-0.10168968388084931	0.9999999999999976	-0.23768113876277724	0.18527983381267238	-0.1230401082007625	0.1851499027503604
-0.008388683684936032	0.014144657875875002	-0.01817204699896917	0.030794189464532735	-0.024875255711928602	0.010264461170720185	-0.013152669704430825	0.02052757416927152	-0.02893915681129254	0.021785780100688885	-0.0782376164511592	0.04966281843380914	-0.04005575164821832	0.044946128550781284	-0.037318713392721165	0.0825567657611166	-0.04782766696412285	0.04323265176681761	-0.04642495755798593	0.036717080142087334	-0.10861804021556422	0.11470204091019438	-0.06691073780073092	0.0590051220297589	-0.04457041866791912	0.13727516959928232	-0.2026272848165006	0.14660392075334033	-0.1466794215025179	0.05685471845902895	-0.23768113876277724	0.9999999999999969	-0.9025842450510309	0.1504947675819678	-0.156017611180266
0.009285841038569666	-0.01567156433093067	0.020094906781340308	-0.03410548172109687	0.027328134408443245	-0.01137312837793589	0.01454802995572654	-0.02272194387397457	0.03188233190850303	-0.023980466738728622	0.0829816784611988	-0.052870087807993016	0.04295874295759028	-0.04942092803180608	0.04082302932901973	-0.08903985578099391	0.050058708985945805	-0.046475494894239806	0.05067113950254806	-0.04035727908569114	0.1011269700301593	-0.11252944497839723	0.07276627806231223	-0.06504445222745762	0.04860782177639097	-0.1274046942979008	0.16058685302676717	-0.17083143765628822	0.1505715108929118	-0.06274948306577799	0.18527983381267238	-0.9025842450510309	0.9999999999999969	-0.19785219935054876	0.15844526857116414
-0.012729557832270769	0.021951732644253586	-0.028363754026642114	0.04905284778587799	-0.04091303998517808	0.015613000757725055	-0.020314358368845296	0.03218782728799408	-0.04608570971602707	0.03593481623310671	-0.07338449930888795	0.048974145453467566	-0.05002567850582262	0.07272487427825705	-0.06465017709243284	0.06854932195296727	-0.045973469925201835	0.05269059632944836	-0.07804067549125293	0.06483331566551633	-0.07002292975022997	0.06790494315511757	-0.11926759865828447	0.1135542565994018	-0.08802936617151057	0.07119950069905752	-0.09831440156228646	0.2775965311575382	-0.7059273722125217	0.11623971241117494	-0.1230401082007625	0.1504947675819678	-0.19785219935054876	0.9999999999999969	-0.5824782506326125
0.02326454969128952	-0.040154213206928815	0.05145544128779174	-0.08946788019959184	0.07221029699356407	-0.028634942227412648	0.03693844898693629	-0.058648733085066504	0.08224248209935718	-0.06403451689015671	0.12496788795172363	-0.08297780089275585	0.08489069593921608	-0.12845799568929528	0.11252412288985975	-0.11541139501930019	0.07684196369401713	-0.0897055543394582	0.13056806351274158	-0.11564359743726524	0.10912363014836102	-0.10465737004045203	0.18777241409308448	-0.18295270759361856	0.15219541993722696	-0.1065901695235441	0.14680960991951178	-0.5160910806349883	0.3246486079048982	-0.23262905071362436	0.1851499027503604	-0.156017611180266	0.15844526857116414	-0.5824782506326125	0.9999999999999969
