1.0000000000000002	-0.5853952072235654	0.2203209045362765	-0.15002515363669955	0.12133636967422333	-0.6002434440887067	0.2224508210454682	-0.22608428031259503	0.14388264762674816	-0.1582515146770451	0.20675351024369423	-0.224180817742126	0.18803111317384594	-0.10341418706524204	0.11405885528463539	-0.17746390737438417	0.20460623764514405	-0.17490264303260233	0.12812133665768274	-0.08565053315612542	0.09227586379638204	-0.12303769593155259	0.10294234764211735	-0.09548136832535847	0.09749966691406949	-0.074842790401914	0.0995152751982008	-0.084234766519498	0.10365171868214568	-0.05919724714343191	0.05586239365782027	-0.06367831815555597	0.06378771665694673	-0.07544439670646985	0.07343072173566706
-0.5853952072235654	1.0	-0.4606129143665345	0.16828062075605688	-0.1471066214147422	0.26361976470980725	-0.3846462510694763	0.2558741624005047	-0.17640978409201138	0.16469063497120606	-0.17146051468338827	0.242645810309215	-0.22893011025770046	0.11656242523776014	-0.12932034773147671	0.13408953054363706	-0.21014135238926931	0.17038803324489288	-0.1440074045053618	0.09331478760428924	-0.0871908220345973	0.11855811723538363	-0.1042347576109383	0.09870769952237035	-0.10531849548350368	0.06818746255439115	-0.10152981968553429	0.08420574351560164	-0.10880200077928903	0.0621965202326744	-0.054241727115586946	0.06078645279487991	-0.06402878578833557	0.07478313185383505	-0.07744963799491758
0.2203209045362765	-0.4606129143665345	1.0000000000000002	-0.3220164957400815	0.19875402788061403	-0.17105800665093507	0.17693671361032337	-0.6936674283900902	0.2615625052855742	-0.24235567525099405	0.10610424549854278	-0.1658322986103112	0.1744555064989083	-0.10733989561960587	0.11163896215354496	-0.09025747534595088	0.13789971833888193	-0.13932531792723224	0.11841647170753658	-0.07841056783950436	0.062275044430161325	-0.08995126588900834	0.07887704891827704	-0.07813613881160747	0.08368120235970677	-0.04975107273540149	0.07609179969415664	-0.06432701628778822	0.08359924642742322	-0.04857877367794876	0.04018615117675379	-0.04542585978273227	0.04872785407688693	-0.057612299915609726	0.05976064720555131
-0.15002515363669955	0.16828062075605688	-0.3220164957400815	1.0000000000000002	-0.6808488017023291	0.11799751193010628	-0.11368689338958064	0.25384070842486284	-0.5136945131717932	0.3258214360986314	-0.08550771905833798	0.10803658008304272	-0.15128939498003952	0.11965305450531179	-0.12645954599171597	0.07276844374492457	-0.12128444420241026	0.12001178931218683	-0.12886255167605865	0.08311707607137091	-0.055994955071780435	0.08075852177905156	-0.07190222871636434	0.07639566550971638	-0.08581380088037974	0.044478689336362565	-0.07139429107890637	0.06004393691593867	-0.08158552356223038	0.0480496323592274	-0.037038517978864205	0.041702923064832934	-0.04587121879970265	0.05432464889731402	-0.058931612040633685
0.12133636967422333	-0.1471066214147422	0.19875402788061403	-0.6808488017023291	1.0000000000000002	-0.10903576251910246	0.09675426994170805	-0.21950511382591834	0.30628355262624435	-0.6103997663304296	0.0756243961476898	-0.0988014763385901	0.1325444085898312	-0.10903578581217935	0.11745526956358472	-0.06655700955782878	0.10774121016249719	-0.11485407274862547	0.11573688292212785	-0.07920263858295967	0.05210402742453649	-0.07644336204925815	0.06739071028979475	-0.07289583734904795	0.08032195326643093	-0.04192021042890764	0.06706992759953131	-0.0569945651144905	0.07669661430501454	-0.045416638384686625	0.03491521362330044	-0.03955950347369539	0.04347580812540833	-0.05193942776815019	0.05539200420438137
-0.6002434440887067	0.26361976470980725	-0.17105800665093507	0.11799751193010628	-0.10903576251910246	0.9999999999999997	-0.23945153177841544	0.15949827723487478	-0.12349500722419463	0.13088036674135775	-0.4718128407911378	0.19786111783120502	-0.2208304966261063	0.11563056302991082	-0.1336248815816618	0.2533414192189077	-0.33809119124968645	0.1885805071141199	-0.15423502733991276	0.10118630099471536	-0.1292208280748435	0.15312877116723306	-0.12988269260339205	0.11612861794078715	-0.11963856574310974	0.0980559734745723	-0.12760014140913264	0.10476780609883762	-0.1298642884114286	0.07313622742191649	-0.07264280134931105	0.08118651682416039	-0.07992647584799975	0.09284005965792072	-0.0916400886761052
0.2224508210454682	-0.3846462510694763	0.17693671361032337	-0.11368689338958064	0.09675426994170805	-0.23945153177841544	1.0000000000000002	-0.18851477291838423	0.11867715968500883	-0.1217578803622314	0.13720952665019395	-0.796353173592837	0.22823392918822286	-0.10449206163964937	0.10708527855703906	-0.11433799853180535	0.16341380988918	-0.18139156491280678	0.11831783768793264	-0.07900633782793773	0.0713809201024034	-0.10695700968048558	0.09289460573942586	-0.08497470692510718	0.08698221973106131	-0.05731650916262287	0.08514413820361807	-0.07277727452225814	0.09051209679917192	-0.05193887948722184	0.04526276202167831	-0.05137771974426317	0.05438250524490153	-0.06410280740600485	0.0639498682129844
-0.22608428031259503	0.2558741624005047	-0.6936674283900902	0.25384070842486284	-0.21950511382591834	0.15949827723487478	-0.18851477291838423	1.0000000000000009	-0.4632335464673577	0.24321085230687475	-0.1143407007559724	0.1592173403558128	-0.2283171288859184	0.13041158288139248	-0.13546495185512095	0.09475158185491946	-0.15681193669993387	0.15440148246540733	-0.14277188228132937	0.09182059206389134	-0.06916332855738178	0.09979709364355666	-0.08918480247177168	0.08901061304493846	-0.09760685163123223	0.05462197433421327	-0.08619364598107179	0.07229126607552744	-0.09586431265130368	0.0557572754771246	-0.04488236575183045	0.050440664870868644	-0.054900262263008745	0.06457121553782136	-0.06870203710104208
0.14388264762674816	-0.17640978409201138	0.2615625052855742	-0.5136945131717932	0.30628355262624435	-0.12349500722419463	0.11867715968500883	-0.4632335464673577	1.000000000000001	-0.5871979115440791	0.0863940333371802	-0.11901582036018157	0.16518968434127332	-0.17530827657557338	0.15111963179661997	-0.07526603444424099	0.12268994483723043	-0.13533417230306088	0.14631251053669136	-0.09738053402956004	0.05853790515680016	-0.08747245122324547	0.07761491441918099	-0.08446900358020944	0.09408049598838117	-0.04700683158570594	0.07569092560178269	-0.06466896750873091	0.08729677298902289	-0.05214757439073476	0.03920989227603966	-0.04442168272721542	0.04914805537814404	-0.05873648477328343	0.06305355054373961
-0.1582515146770451	0.16469063497120606	-0.24235567525099405	0.3258214360986314	-0.6103997663304296	0.13088036674135775	-0.1217578803622314	0.24321085230687475	-0.5871979115440791	0.999999999999999	-0.09914359239762567	0.11897238682281075	-0.18260113199126266	0.1558661749062377	-0.1854526384627258	0.08501740693410305	-0.14581417331372196	0.14462660856512408	-0.16904413824832948	0.11153950762710631	-0.06824438631885808	0.0987929335909216	-0.08865509164202992	0.09771220339467292	-0.11325631314616552	0.05414382314130948	-0.08890638482408543	0.07470563344199332	-0.10419515989052813	0.06184828039514942	-0.04569469621504493	0.05137670539100407	-0.05728965651090345	0.0678932023950658	-0.07572920171119449
0.20675351024369423	-0.17146051468338827	0.10610424549854278	-0.08550771905833798	0.0756243961476898	-0.4718128407911378	0.13720952665019395	-0.1143407007559724	0.0863940333371802	-0.09914359239762567	0.9999999999999994	-0.15715542981383018	0.15274176267535589	-0.08484622219646258	0.09735121607134055	-0.7288420378050648	0.2856055628143924	-0.1705599834464082	0.113171407178119	-0.07746996727790918	0.13774116677538026	-0.14988633980887592	0.11258538842163617	-0.0970036650356642	0.09253241817393792	-0.11581266519528471	0.10783580826580152	-0.0930567352027786	0.10429412721718498	-0.0589357474307108	0.07056151523175698	-0.08233794111078689	0.07061502047153048	-0.08417122727300567	0.07305749746898699
-0.224180817742126	0.242645810309215	-0.1658322986103112	0.10803658008304272	-0.0988014763385901	0.19786111783120502	-0.796353173592837	0.1592173403558128	-0.11901582036018157	0.11897238682281075	-0.15715542981383018	1.0000000000000013	-0.36520499987503285	0.12539014621128047	-0.13006394357535953	0.12273215408489473	-0.19795525557444793	0.19713234314617056	-0.14273869172773196	0.09254212039617458	-0.08045751881491313	0.11917177824041147	-0.10639105976222464	0.09699241061580617	-0.1016706032704124	0.06354575196119551	-0.0974614550126278	0.0822069191486318	-0.10442998357915924	0.059836959849226455	-0.051019056386261835	0.0574668864308045	-0.06166284487929774	0.07211585816847425	-0.07386872939023188
0.18803111317384594	-0.22893011025770046	0.1744555064989083	-0.15128939498003952	0.1325444085898312	-0.2208304966261063	0.22823392918822286	-0.2283171288859184	0.16518968434127332	-0.18260113199126266	0.15274176267535589	-0.36520499987503285	1.0000000000000004	-0.33425768315080945	0.23499818874188294	-0.14529516931068065	0.23106918823312064	-0.605298981430316	0.2474974388734338	-0.17393522607538828	0.1177253126156981	-0.22700527080240843	0.20587139725671344	-0.17790416596752365	0.17341256674034022	-0.09709654133321943	0.16301531487767373	-0.1468637401643386	0.17621834066984315	-0.10258815000191948	0.08119324305473016	-0.09327922949849018	0.10566008092105525	-0.12550217529885863	0.12294134564527717
-0.10341418706524204	0.11656242523776014	-0.10733989561960587	0.11965305450531179	-0.10903578581217935	0.11563056302991082	-0.10449206163964937	0.13041158288139248	-0.17530827657557338	0.1558661749062377	-0.08484622219646258	0.12539014621128047	-0.33425768315080945	1.0000000000000007	-0.6683743465982851	0.08036912039320165	-0.13320311773873597	0.2149865165219572	-0.5458635904772328	0.26213380053104174	-0.07425054497220257	0.12815371743263726	-0.1167719749092632	0.15475497863290966	-0.19622045926269654	0.061535039752045634	-0.10709156474371608	0.09678060235303008	-0.1399977980021421	0.09126845489153079	-0.0536349765634426	0.06183856052325797	-0.07290836157166761	0.08991965347957981	-0.10326231003160748
0.11405885528463539	-0.12932034773147671	0.11163896215354496	-0.12645954599171597	0.11745526956358472	-0.1336248815816618	0.10708527855703906	-0.13546495185512095	0.15111963179661997	-0.1854526384627258	0.09735121607134055	-0.13006394357535953	0.23499818874188294	-0.6683743465982851	1.0000000000000016	-0.0939060761183571	0.15428064597723745	-0.2406695558426406	0.3272583418166936	-0.45849363424142403	0.08997988305005937	-0.1562957468760477	0.13904103340048704	-0.20615036420158772	0.23931721650573495	-0.07541328675387088	0.13023600408449848	-0.12002632121807777	0.1709095440616943	-0.11631965126544463	0.06594324017475678	-0.07663694082741662	0.09029420520177876	-0.11379602164992376	0.12560061142864268
-0.17746390737438417	0.13408953054363706	-0.09025747534595088	0.07276844374492457	-0.06655700955782878	0.2533414192189077	-0.11433799853180535	0.09475158185491946	-0.07526603444424099	0.08501740693410305	-0.7288420378050648	0.12273215408489473	-0.14529516931068065	0.08036912039320165	-0.0939060761183571	0.9999999999999988	-0.514375004070091	0.15670415317093367	-0.11009728752359638	0.07520494076250606	-0.1874325026575283	0.1568950037886279	-0.12008542056349836	0.09644756746893145	-0.09153981128276226	0.12918965631351834	-0.11197682433152059	0.09466311164264649	-0.10503256962395656	0.058690067795128587	-0.07644452159045749	0.08726957728885981	-0.07219279264335351	0.08470230470989153	-0.07295651284800798
0.20460623764514405	-0.21014135238926931	0.13789971833888193	-0.12128444420241026	0.10774121016249719	-0.33809119124968645	0.16341380988918	-0.15681193669993387	0.12268994483723043	-0.14581417331372196	0.2856055628143924	-0.19795525557444793	0.23106918823312064	-0.13320311773873597	0.15428064597723745	-0.514375004070091	0.9999999999999976	-0.3201160427823805	0.18132992425932418	-0.12833415733732823	0.1768827960196506	-0.3916123703883052	0.22942813460193037	-0.17824937520016443	0.15630759578886694	-0.1546391430700068	0.1877971957161585	-0.17100311959968578	0.18167735454927236	-0.10143374279031542	0.10708972391266525	-0.12641624498906734	0.12206317619157855	-0.1458810595200929	0.12431817520071373
-0.17490264303260233	0.17038803324489288	-0.13932531792723224	0.12001178931218683	-0.11485407274862547	0.1885805071141199	-0.18139156491280678	0.15440148246540733	-0.13533417230306088	0.14462660856512408	-0.1705599834464082	0.19713234314617056	-0.605298981430316	0.2149865165219572	-0.2406695558426406	0.15670415317093367	-0.3201160427823805	0.9999999999999991	-0.2789828748983745	0.17987368575579984	-0.1433917727552536	0.2725588661467617	-0.40166373090085716	0.217103511212459	-0.2146257021009127	0.11259048361783887	-0.22683138846119308	0.18990066772936087	-0.23778176169958673	0.12834892170016132	-0.10033587067455188	0.11175810721794559	-0.1370538802625378	0.15039471368195173	-0.15927550313676692
0.12812133665768274	-0.1440074045053618	0.11841647170753658	-0.12886255167605865	0.11573688292212785	-0.15423502733991276	0.11831783768793264	-0.14277188228132937	0.14631251053669136	-0.16904413824832948	0.113171407178119	-0.14273869172773196	0.2474974388734338	-0.5458635904772328	0.3272583418166936	-0.11009728752359638	0.18132992425932418	-0.2789828748983745	0.999999999999999	-0.4854223645904933	0.10860637436851711	-0.18722341048238111	0.16532993442649624	-0.2509677999097941	0.26678337092711296	-0.09148214268073025	0.15743174860732728	-0.14572963411858408	0.20391923918865826	-0.13761086913590162	0.08020049824263381	-0.0935227991773328	0.10971607264593855	-0.13947554554338804	0.1483497559012439
-0.08565053315612542	0.09331478760428924	-0.07841056783950436	0.08311707607137091	-0.07920263858295967	0.10118630099471536	-0.07900633782793773	0.09182059206389134	-0.09738053402956004	0.11153950762710631	-0.07746996727790918	0.09254212039617458	-0.17393522607538828	0.26213380053104174	-0.45849363424142403	0.07520494076250606	-0.12833415733732823	0.17987368575579984	-0.4854223645904933	0.9999999999999986	-0.07770385414510789	0.13638019506902863	-0.13089439779552894	0.23446043668197825	-0.6172712184195175	0.06473159516027238	-0.12132985409416974	0.11201649634869622	-0.20574019998185877	0.15109157991015612	-0.058954524137627	0.0680106406098721	-0.08651669842568761	0.10745320216522633	-0.16454160997898362
0.09227586379638204	-0.0871908220345973	0.062275044430161325	-0.055994955071780435	0.05210402742453649	-0.1292208280748435	0.0713809201024034	-0.06916332855738178	0.05853790515680016	-0.06824438631885808	0.13774116677538026	-0.08045751881491313	0.1177253126156981	-0.07425054497220257	0.08997988305005937	-0.1874325026575283	0.1768827960196506	-0.1433917727552536	0.10860637436851711	-0.07770385414510789	0.999999999999999	-0.15874898826200565	0.12162089321897548	-0.1088138146922865	0.09857189127318586	-0.8125262193528915	0.1779407823275754	-0.15101358871042753	0.12348106736020405	-0.0723903593681611	0.257899628543082	-0.31338211116999876	0.1360780982159501	-0.16641714755481926	0.08999609295014396
-0.12303769593155259	0.11855811723538363	-0.08995126588900834	0.08075852177905156	-0.07644336204925815	0.15312877116723306	-0.10695700968048558	0.09979709364355666	-0.08747245122324547	0.0987929335909216	-0.14988633980887592	0.11917177824041147	-0.22700527080240843	0.12815371743263726	-0.1562957468760477	0.1568950037886279	-0.3916123703883052	0.2725588661467617	-0.18722341048238111	0.13638019506902863	-0.15874898826200565	0.9999999999999991	-0.7147984677439838	0.229237265492035	-0.18658790933030134	0.12067286587149635	-0.26882623983848297	0.2238303144062391	-0.24024051269921637	0.11942108782921179	-0.10336093456405565	0.11651102485901196	-0.14762836414386732	0.15338354457902573	-0.14573686430281588
0.10294234764211735	-0.1042347576109383	0.07887704891827704	-0.07190222871636434	0.06739071028979475	-0.12988269260339205	0.09289460573942586	-0.08918480247177168	0.07761491441918099	-0.08865509164202992	0.11258538842163617	-0.10639105976222464	0.20587139725671344	-0.1167719749092632	0.13904103340048704	-0.12008542056349836	0.22942813460193037	-0.40166373090085716	0.16532993442649624	-0.13089439779552894	0.12162089321897548	-0.7147984677439838	1.0000000000000002	-0.3269343374442052	0.1769327589685087	-0.10063399123169058	0.22901798290401038	-0.29878681180501226	0.22533972016275622	-0.11373100227921386	0.0894189957112323	-0.10432014141430676	0.14394909299596387	-0.15263986911798755	0.13200415695908468
-0.09548136832535847	0.09870769952237035	-0.07813613881160747	0.07639566550971638	-0.07289583734904795	0.11612861794078715	-0.08497470692510718	0.08901061304493846	-0.08446900358020944	0.09771220339467292	-0.0970036650356642	0.09699241061580617	-0.17790416596752365	0.15475497863290966	-0.20615036420158772	0.09644756746893145	-0.17824937520016443	0.217103511212459	-0.2509677999097941	0.23446043668197825	-0.1088138146922865	0.229237265492035	-0.3269343374442052	0.9999999999999972	-0.4820879338265047	0.08948656906348088	-0.19852476261394747	0.19006772268369357	-0.6263000764975722	0.22447977234796085	-0.08545142648671958	0.09775857652787777	-0.13734389405538108	0.16009884395676138	-0.24463382825182747
0.09749966691406949	-0.10531849548350368	0.08368120235970677	-0.08581380088037974	0.08032195326643093	-0.11963856574310974	0.08698221973106131	-0.09760685163123223	0.09408049598838117	-0.11325631314616552	0.09253241817393792	-0.1016706032704124	0.17341256674034022	-0.19622045926269654	0.23931721650573495	-0.09153981128276226	0.15630759578886694	-0.2146257021009127	0.26678337092711296	-0.6172712184195175	0.09857189127318586	-0.18658790933030134	0.1769327589685087	-0.4820879338265047	1.0	-0.08322888331178686	0.15568214809865802	-0.15146295775823107	0.2701481668908396	-0.26573947761103	0.07609657420475471	-0.08892202697033123	0.11424299999538742	-0.14731861815249137	0.2117296798274794
-0.074842790401914	0.06818746255439115	-0.04975107273540149	0.044478689336362565	-0.04192021042890764	0.0980559734745723	-0.05731650916262287	0.05462197433421327	-0.04700683158570594	0.05414382314130948	-0.11581266519528471	0.06354575196119551	-0.09709654133321943	0.061535039752045634	-0.07541328675387088	0.12918965631351834	-0.1546391430700068	0.11259048361783887	-0.09148214268073025	0.06473159516027238	-0.8125262193528915	0.12067286587149635	-0.10063399123169058	0.08948656906348088	-0.08322888331178686	0.9999999999999994	-0.1767739665237546	0.12763246876445797	-0.1059158527054695	0.060774356457837686	-0.4150655640812098	0.2571445818141548	-0.11906736639547205	0.13079437922296813	-0.07669444969370437
0.0995152751982008	-0.10152981968553429	0.07609179969415664	-0.07139429107890637	0.06706992759953131	-0.12760014140913264	0.08514413820361807	-0.08619364598107179	0.07569092560178269	-0.08890638482408543	0.10783580826580152	-0.0974614550126278	0.16301531487767373	-0.10709156474371608	0.13023600408449848	-0.11197682433152059	0.1877971957161585	-0.22683138846119308	0.15743174860732728	-0.12132985409416974	0.1779407823275754	-0.26882623983848297	0.22901798290401038	-0.19852476261394747	0.15568214809865802	-0.1767739665237546	0.9999999999999999	-0.696668077019429	0.21838396360129234	-0.12678057179013139	0.17943328563359115	-0.25892787346345003	0.2747112066525178	-0.34592986229718253	0.15045295303219824
-0.084234766519498	0.08420574351560164	-0.06432701628778822	0.06004393691593867	-0.0569945651144905	0.10476780609883762	-0.07277727452225814	0.07229126607552744	-0.06466896750873091	0.07470563344199332	-0.0930567352027786	0.0822069191486318	-0.1468637401643386	0.09678060235303008	-0.12002632121807777	0.09466311164264649	-0.17100311959968578	0.18990066772936087	-0.14572963411858408	0.11201649634869622	-0.15101358871042753	0.2238303144062391	-0.29878681180501226	0.19006772268369357	-0.15146295775823107	0.12763246876445797	-0.696668077019429	1.0	-0.26128749211308117	0.12536388480354654	-0.1528716654853372	0.1782041104232482	-0.4416669151560832	0.2828715270125015	-0.15304750987263632
0.10365171868214568	-0.10880200077928903	0.08359924642742322	-0.08158552356223038	0.07669661430501454	-0.1298642884114286	0.09051209679917192	-0.09586431265130368	0.08729677298902289	-0.10419515989052813	0.10429412721718498	-0.10442998357915924	0.17621834066984315	-0.1399977980021421	0.1709095440616943	-0.10503256962395656	0.18167735454927236	-0.23778176169958673	0.20391923918865826	-0.20574019998185877	0.12348106736020405	-0.24024051269921637	0.22533972016275622	-0.6263000764975722	0.2701481668908396	-0.1059158527054695	0.21838396360129234	-0.26128749211308117	0.9999999999999996	-0.3895939616804496	0.10079542624058264	-0.11980060577083643	0.16778497808864343	-0.22346993062048112	0.26735340362788174
-0.05919724714343191	0.0621965202326744	-0.04857877367794876	0.0480496323592274	-0.045416638384686625	0.07313622742191649	-0.05193887948722184	0.0557572754771246	-0.05214757439073476	0.06184828039514942	-0.0589357474307108	0.059836959849226455	-0.10258815000191948	0.09126845489153079	-0.11631965126544463	0.058690067795128587	-0.10143374279031542	0.12834892170016132	-0.13761086913590162	0.15109157991015612	-0.0723903593681611	0.11942108782921179	-0.11373100227921386	0.22447977234796085	-0.26573947761103	0.060774356457837686	-0.12678057179013139	0.12536388480354654	-0.3895939616804496	0.9999999999999997	-0.061771420541709116	0.07095725986860027	-0.11734563613315607	0.15200899335002954	-0.8248495771600481
0.05586239365782027	-0.054241727115586946	0.04018615117675379	-0.037038517978864205	0.03491521362330044	-0.07264280134931105	0.04526276202167831	-0.04488236575183045	0.03920989227603966	-0.04569469621504493	0.07056151523175698	-0.051019056386261835	0.08119324305473016	-0.0536349765634426	0.06594324017475678	-0.07644452159045749	0.10708972391266525	-0.10033587067455188	0.08020049824263381	-0.058954524137627	0.257899628543082	-0.10336093456405565	0.0894189957112323	-0.08545142648671958	0.07609657420475471	-0.4150655640812098	0.17943328563359115	-0.1528716654853372	0.10079542624058264	-0.061771420541709116	0.9999999999999994	-0.81058520556358	0.16998970794408416	-0.19191709824204148	0.07672964185715783
-0.06367831815555597	0.06078645279487991	-0.04542585978273227	0.041702923064832934	-0.03955950347369539	0.08118651682416039	-0.05137771974426317	0.050440664870868644	-0.04442168272721542	0.05137670539100407	-0.08233794111078689	0.0574668864308045	-0.09327922949849018	0.06183856052325797	-0.07663694082741662	0.08726957728885981	-0.12641624498906734	0.11175810721794559	-0.0935227991773328	0.0680106406098721	-0.31338211116999876	0.11651102485901196	-0.10432014141430676	0.09775857652787777	-0.08892202697033123	0.2571445818141548	-0.25892787346345003	0.1782041104232482	-0.11980060577083643	0.07095725986860027	-0.81058520556358	1.0	-0.24939769164262443	0.1990020238415345	-0.08993079381902584
0.06378771665694673	-0.06402878578833557	0.04872785407688693	-0.04587121879970265	0.04347580812540833	-0.07992647584799975	0.05438250524490153	-0.054900262263008745	0.04914805537814404	-0.05728965651090345	0.07061502047153048	-0.06166284487929774	0.10566008092105525	-0.07290836157166761	0.09029420520177876	-0.07219279264335351	0.12206317619157855	-0.1370538802625378	0.10971607264593855	-0.08651669842568761	0.1360780982159501	-0.14762836414386732	0.14394909299596387	-0.13734389405538108	0.11424299999538742	-0.11906736639547205	0.2747112066525178	-0.4416669151560832	0.16778497808864343	-0.11734563613315607	0.16998970794408416	-0.24939769164262443	1.000000000000001	-0.7746865069061344	0.14383443982861888
-0.07544439670646985	0.07478313185383505	-0.057612299915609726	0.05432464889731402	-0.05193942776815019	0.09284005965792072	-0.06410280740600485	0.06457121553782136	-0.05873648477328343	0.0678932023950658	-0.08417122727300567	0.07211585816847425	-0.12550217529885863	0.08991965347957981	-0.11379602164992376	0.08470230470989153	-0.1458810595200929	0.15039471368195173	-0.13947554554338804	0.10745320216522633	-0.16641714755481926	0.15338354457902573	-0.15263986911798755	0.16009884395676138	-0.14731861815249137	0.13079437922296813	-0.34592986229718253	0.2828715270125015	-0.22346993062048112	0.15200899335002954	-0.19191709824204148	0.1990020238415345	-0.7746865069061344	1.0000000000000009	-0.22520143062636216
0.07343072173566706	-0.07744963799491758	0.05976064720555131	-0.058931612040633685	0.05539200420438137	-0.0916400886761052	0.0639498682129844	-0.06870203710104208	0.06305355054373961	-0.07572920171119449	0.07305749746898699	-0.07386872939023188	0.12294134564527717	-0.10326231003160748	0.12560061142864268	-0.07295651284800798	0.12431817520071373	-0.15927550313676692	0.1483497559012439	-0.16454160997898362	0.08999609295014396	-0.14573686430281588	0.13200415695908468	-0.24463382825182747	0.2117296798274794	-0.07669444969370437	0.15045295303219824	-0.15304750987263632	0.26735340362788174	-0.8248495771600481	0.07672964185715783	-0.08993079381902584	0.14383443982861888	-0.22520143062636216	1.0000000000000009
