1.0	-0.8357086384375627	0.11960439195062547	-0.08141412052130977	0.11548490181687873	-0.3507816586777846	0.26861737697122134	-0.1665534868964314	0.108310555301614	-0.10268960495145127	0.1754050602647845	-0.21870406590151867	0.128970881984965	-0.07896748685592286	0.06922118276073518	-0.1634061327050057	0.15301857878622818	-0.13864416510403418	0.07591796013701181	-0.058767209346421954	0.042668693459130276	-0.04757451661239641	0.06797513161493181	-0.0686875571323436	0.0839086999375022	-0.03802280504591556	0.04363991008864983	-0.05218890389458943	0.051777046219730075	-0.05384993664123428	0.04382325864121321	-0.04211925313912997	0.04303231628272716	-0.051286368395542986	0.07642142256162415
-0.8357086384375627	1.0	-0.13309868719671542	0.08292911906263134	-0.11787352965480574	0.23238650884293016	-0.40586702209175846	0.16158816817644614	-0.10949431142544458	0.0968951155446484	-0.15522997833752614	0.1912830540056993	-0.12494004613117879	0.07456058332506488	-0.06652601425456851	0.13469216193288547	-0.14481673361753591	0.1252051143546052	-0.07232180143494557	0.05560393613304001	-0.03875562132856381	0.04301272836013377	-0.06359898759957337	0.06403911270271191	-0.08050777509099222	0.03488158758612938	-0.040465885607693985	0.0484225200120729	-0.04854052128690627	0.050250265625741836	-0.0406388554483326	0.038907044974446955	-0.040068099849271385	0.047414188926163364	-0.07244357041034581
0.11960439195062547	-0.13309868719671542	1.0000000000000002	-0.7329656704275573	0.32150242334432255	-0.16574101884733705	0.167331224266044	-0.291412703046039	0.18256666621601386	-0.21597193360089958	0.11061083616114012	-0.15784826298793905	0.16196109716864418	-0.14659250803492452	0.12579052917357156	-0.12980112830791316	0.12684187798864144	-0.19620535384284746	0.12469765794403909	-0.10083377590119774	0.05679538954077375	-0.06552671726836108	0.10525475753495445	-0.11456587273571797	0.1394048286783131	-0.057078411068624164	0.06780256934712195	-0.08419551174368738	0.08537888614792867	-0.09293663869753413	0.06700277971845653	-0.06751758692877002	0.07027941216503936	-0.08676489465532362	0.13115144744959628
-0.08141412052130977	0.08292911906263134	-0.7329656704275573	1.0	-0.5824705725114826	0.10540993174003851	-0.11247907063292617	0.1674009785415751	-0.1384080934747712	0.15537093458747528	-0.07188667509866001	0.10126451144312834	-0.10752544978137044	0.10080139774951431	-0.09148358383064352	0.08321073348168787	-0.08331533918530565	0.12386748853227299	-0.08495053793438953	0.06848682475908197	-0.03741370667128415	0.04298667678741675	-0.0698793936228991	0.07606565918826781	-0.09530188966874716	0.037583043016520455	-0.044825854852133085	0.05549916554711659	-0.05675112708437168	0.06134498912734083	-0.04434156665033595	0.0444474624812893	-0.04644686599723183	0.056948769991705506	-0.08742336763565645
0.11548490181687873	-0.11787352965480574	0.32150242334432255	-0.5824705725114826	1.0	-0.1874373771995564	0.17326627271428283	-0.25840721230839103	0.21617024886986863	-0.3256396844078625	0.12434411214646772	-0.17450351340410952	0.17360893414638168	-0.18874470261930024	0.16692889911369946	-0.1503824565586208	0.14421304869918064	-0.22501209432603989	0.15648400391699727	-0.12858733489239524	0.0701018132332125	-0.08114427206593425	0.1301472863091294	-0.14441555847797807	0.1765859773514959	-0.07144083353131156	0.08504179508263492	-0.10543873416758669	0.10765401768754845	-0.11839511789579353	0.0840786409791781	-0.08515605690584005	0.08866080234721901	-0.11021346304537888	0.16754321657306648
-0.3507816586777846	0.23238650884293016	-0.16574101884733705	0.10540993174003851	-0.1874373771995564	1.000000000000001	-0.4119208048510758	0.20744055864623537	-0.16106549510108	0.13893946957239622	-0.624078094276668	0.29951019181562166	-0.19734703950836088	0.11143930188435272	-0.10259511745930774	0.2800375602507284	-0.3185016714164435	0.19311383982521138	-0.1201348673319041	0.09078630484582764	-0.071461627453761	0.07651103453626891	-0.10761297588748017	0.10526230125140569	-0.13742480931785783	0.06085391837491756	-0.06999988260648747	0.08096140712713157	-0.08180063699287911	0.08360889315296403	-0.07137782746070927	0.06617174266775279	-0.06779325402862864	0.07869183464874972	-0.12462809072433062
0.26861737697122134	-0.40586702209175846	0.167331224266044	-0.11247907063292617	0.17326627271428283	-0.4119208048510758	1.000000000000002	-0.4219287092859742	0.1962227194743334	-0.17566088039281463	0.2500034211569518	-0.5159074289405776	0.2415234716559079	-0.13328292391508206	0.1149099151468503	-0.24535805128367055	0.24311635674334758	-0.24084359111713216	0.12109601968651529	-0.09343497523920423	0.06513031670256014	-0.07294551938071694	0.10745802379961773	-0.10800369380004003	0.13070642371174782	-0.05829866661460323	0.06718013293050205	-0.08156277107689752	0.08047510435317529	-0.08306968873613726	0.06703126457591238	-0.06474250108249446	0.06643758112724234	-0.07897565974813288	0.11665795696734585
-0.1665534868964314	0.16158816817644614	-0.291412703046039	0.1674009785415751	-0.25840721230839103	0.20744055864623537	-0.4219287092859742	1.0000000000000004	-0.49556539992808013	0.25391147950739673	-0.1595763734256869	0.24699965323119433	-0.46436503287589403	0.19167443854565783	-0.17401511073550577	0.1651631851008243	-0.19189930746127096	0.27664238271560126	-0.16358526302249832	0.12327710005780025	-0.06779715892800821	0.07618149535521104	-0.1329649968551362	0.13347071760799048	-0.17437185479314538	0.06502633315948816	-0.07824184012050245	0.09763921543221579	-0.09938209487467234	0.10101263364469347	-0.07701735178161542	0.07506299564497873	-0.07964062045574927	0.0932048442727082	-0.14568361469665447
0.108310555301614	-0.10949431142544458	0.18256666621601386	-0.1384080934747712	0.21617024886986863	-0.16106549510108	0.1962227194743334	-0.49556539992808013	1.0000000000000007	-0.620516197298895	0.1140991234493161	-0.17292393182327231	0.20927909149295224	-0.3832004240311441	0.26963945224421293	-0.12958204876550813	0.13591630991719203	-0.22490217747781835	0.17127378073911864	-0.14034751783175728	0.0584745393863825	-0.06701307374985409	0.1159053847941901	-0.13364401857480657	0.1680797854275956	-0.05798539289770566	0.06971290308070169	-0.08904669771643689	0.09176923646444345	-0.0951928699695846	0.06798956007858407	-0.06808390147655768	0.07195116899269888	-0.08640711918587748	0.12918359517124645
-0.10268960495145127	0.0968951155446484	-0.21597193360089958	0.15537093458747528	-0.3256396844078625	0.13893946957239622	-0.17566088039281463	0.25391147950739673	-0.620516197298895	1.0000000000000013	-0.10215868429553165	0.1453458252476826	-0.18020103446779384	0.30100992869756593	-0.49056996098884964	0.11473710286777249	-0.1255014079412699	0.18212194351413233	-0.19329902374203697	0.16139896928294523	-0.060279445692119744	0.06834057290871438	-0.12164003910178078	0.1399310040700557	-0.20814345962673395	0.06053841868754221	-0.07384655655756214	0.09276940112656833	-0.09916204530045164	0.10193334427688112	-0.07243703318232732	0.07155310146987265	-0.0766113887076842	0.09059617171209733	-0.14549986790911373
0.1754050602647845	-0.15522997833752614	0.11061083616114012	-0.07188667509866001	0.12434411214646772	-0.624078094276668	0.2500034211569518	-0.1595763734256869	0.1140991234493161	-0.10215868429553165	1.0000000000000009	-0.43384384518252106	0.16735860518302093	-0.08231706461434858	0.07395246946808316	-0.5346191271391164	0.298017290907981	-0.17348204653627244	0.0875778526726179	-0.06632334209659561	0.06510145795122409	-0.06912255112252506	0.08296777025814028	-0.07982140945192895	0.09671545502728147	-0.05051063392169038	0.05484215561324083	-0.06273414682344712	0.06109541753028685	-0.06231202662966573	0.055898740138982626	-0.051721064293831595	0.05143620464560118	-0.06025040335559776	0.0888396171583535
-0.21870406590151867	0.1912830540056993	-0.15784826298793905	0.10126451144312834	-0.17450351340410952	0.29951019181562166	-0.5159074289405776	0.24699965323119433	-0.17292393182327231	0.1453458252476826	-0.43384384518252106	1.0000000000000007	-0.35378820425309726	0.11735816623856268	-0.10596395329575418	0.29128060321447163	-0.47157847058181696	0.25335091141091487	-0.12333311458191494	0.0923532245996777	-0.07185435848466241	0.07865262411411986	-0.1136447084332989	0.10869759756526344	-0.13434720086333066	0.061297161513060694	-0.07037394076219286	0.0838822315937586	-0.0827228563827651	0.08388258801768518	-0.07070566627805112	0.06667541773335794	-0.06840748451079404	0.07977916132584005	-0.12040398553614093
0.128970881984965	-0.12494004613117879	0.16196109716864418	-0.10752544978137044	0.17360893414638168	-0.19734703950836088	0.2415234716559079	-0.46436503287589403	0.20927909149295224	-0.18020103446779384	0.16735860518302093	-0.35378820425309726	1.0000000000000007	-0.15210852691177404	0.12738990478140483	-0.1845615003895086	0.21911198669308518	-0.6938140611873385	0.15095173986906898	-0.11196113018021994	0.06922557669243667	-0.07987992923894853	0.14658001707599946	-0.13635099997391223	0.14696875949979982	-0.06575718672761144	0.07814632068835786	-0.10552252669647819	0.09739598238428258	-0.0976295712466962	0.07508695622449575	-0.07525387266251633	0.07899757012468346	-0.09351898517035126	0.12953141058311438
-0.07896748685592286	0.07456058332506488	-0.14659250803492452	0.10080139774951431	-0.18874470261930024	0.11143930188435272	-0.13328292391508206	0.19167443854565783	-0.3832004240311441	0.30100992869756593	-0.08231706461434858	0.11735816623856268	-0.15210852691177404	0.9999999999999999	-0.7430864403698432	0.09423129082026531	-0.102875314805858	0.16087360669776576	-0.31598042596268106	0.21135267960269533	-0.057141125101370906	0.06531835140488292	-0.12403982230949062	0.16190404282877374	-0.2266391737286348	0.058290365599077916	-0.07186007032824883	0.09371715654435998	-0.10363791325473165	0.10324056682970847	-0.0691305292366391	0.06951945703565907	-0.07525991395425716	0.08898611551295091	-0.13752020960244968
0.06922118276073518	-0.06652601425456851	0.12579052917357156	-0.09148358383064352	0.16692889911369946	-0.10259511745930774	0.1149099151468503	-0.17401511073550577	0.26963945224421293	-0.49056996098884964	0.07395246946808316	-0.10596395329575418	0.12738990478140483	-0.7430864403698432	1.0000000000000018	-0.08619588658311823	0.09112155286093616	-0.14737350683639297	0.21915400742149102	-0.24238847877262243	0.050837013136789885	-0.0588165838823604	0.10733541650264425	-0.14692021617163806	0.1962558281617871	-0.052361399645441405	0.06390977484790629	-0.08390712487277913	0.09064547913320256	-0.09404343577733197	0.06145575561292467	-0.06276706699792936	0.06713401341016338	-0.0812515994663395	0.11971395868762816
-0.1634061327050057	0.13469216193288547	-0.12980112830791316	0.08321073348168787	-0.1503824565586208	0.2800375602507284	-0.24535805128367055	0.1651631851008243	-0.12958204876550813	0.11473710286777249	-0.5346191271391164	0.29128060321447163	-0.1845615003895086	0.09423129082026531	-0.08619588658311823	0.9999999999999961	-0.6836455776161398	0.19745802321773004	-0.1067815173018092	0.0799281007899942	-0.10604544295240857	0.10079881139234427	-0.10529046781993454	0.0979397235045929	-0.1191125356830274	0.06999612435007861	-0.073193738723709	0.07900910386781242	-0.07645146338266932	0.0770758340705789	-0.0760486350666669	0.06737841289410856	-0.0653223810803423	0.07542966284811363	-0.11097511231288312
0.15301857878622818	-0.14481673361753591	0.12684187798864144	-0.08331533918530565	0.14421304869918064	-0.3185016714164435	0.24311635674334758	-0.19189930746127096	0.13591630991719203	-0.1255014079412699	0.298017290907981	-0.47157847058181696	0.21911198669308518	-0.102875314805858	0.09112155286093616	-0.6836455776161398	0.9999999999999966	-0.30474825358781793	0.11285715546000265	-0.08515321037154751	0.09244861615387338	-0.10392560547220231	0.1135773269894773	-0.10675003000862293	0.12000832064045037	-0.06989400946008971	0.07436088206755358	-0.08555943668505021	0.08043209031889119	-0.0817331258477224	0.07555693111045574	-0.07007893961827204	0.06844642676468993	-0.08073573883878649	0.11184701005099457
-0.13864416510403418	0.1252051143546052	-0.19620535384284746	0.12386748853227299	-0.22501209432603989	0.19311383982521138	-0.24084359111713216	0.27664238271560126	-0.22490217747781835	0.18212194351413233	-0.17348204653627244	0.25335091141091487	-0.6938140611873385	0.16087360669776576	-0.14737350683639297	0.19745802321773004	-0.30474825358781793	0.9999999999999971	-0.22578501287723127	0.1471853270542611	-0.09232843911529168	0.10444800261477931	-0.24194945397050344	0.18232380116023375	-0.20500648060033663	0.08732023217374367	-0.10718455987169578	0.1445710354134364	-0.13571026511732348	0.12950572902827215	-0.10176306669495448	0.10026307813425697	-0.10864114291666863	0.12300286362162392	-0.17821750992358612
0.07591796013701181	-0.07232180143494557	0.12469765794403909	-0.08495053793438953	0.15648400391699727	-0.1201348673319041	0.12109601968651529	-0.16358526302249832	0.17127378073911864	-0.19329902374203697	0.0875778526726179	-0.12333311458191494	0.15095173986906898	-0.31598042596268106	0.21915400742149102	-0.1067815173018092	0.11285715546000265	-0.22578501287723127	0.9999999999999987	-0.6022162704492309	0.08549416178600738	-0.10170385054713148	0.20729417783915488	-0.46376534126975655	0.3166595828187468	-0.09086765924484366	0.11233514550307663	-0.16351719696855027	0.18485132392255885	-0.18433519240444396	0.10377488024586569	-0.11060908884921536	0.11981428344344226	-0.14647335268274292	0.19558315728396036
-0.058767209346421954	0.05560393613304001	-0.10083377590119774	0.06848682475908197	-0.12858733489239524	0.09078630484582764	-0.09343497523920423	0.12327710005780025	-0.14034751783175728	0.16139896928294523	-0.06632334209659561	0.0923532245996777	-0.11196113018021994	0.21135267960269533	-0.24238847877262243	0.0799281007899942	-0.08515321037154751	0.1471853270542611	-0.6022162704492309	0.9999999999999969	-0.06364965297855066	0.07399939088596155	-0.15104932365307516	0.2314254748439299	-0.663684076184801	0.06697815802054233	-0.08355372439329736	0.11452427475293228	-0.13259664015591902	0.12946529880176505	-0.07824573382540048	0.08131857689017502	-0.08893784358881533	0.10641847681528283	-0.15345580653371865
0.042668693459130276	-0.03875562132856381	0.05679538954077375	-0.03741370667128415	0.0701018132332125	-0.071461627453761	0.06513031670256014	-0.06779715892800821	0.0584745393863825	-0.060279445692119744	0.06510145795122409	-0.07185435848466241	0.06922557669243667	-0.057141125101370906	0.050837013136789885	-0.10604544295240857	0.09244861615387338	-0.09232843911529168	0.08549416178600738	-0.06364965297855066	0.9999999999999992	-0.8277247408817543	0.17638795946670185	-0.1287327908495877	0.08932061924920022	-0.4077132217245822	0.20856322049697396	-0.14834099199933232	0.1074934915311999	-0.10120860998236261	0.22845222780004623	-0.17339164113861436	0.11480362676681789	-0.1306786129385918	0.11459409275115451
-0.04757451661239641	0.04301272836013377	-0.06552671726836108	0.04298667678741675	-0.08114427206593425	0.07651103453626891	-0.07294551938071694	0.07618149535521104	-0.06701307374985409	0.06834057290871438	-0.06912255112252506	0.07865262411411986	-0.07987992923894853	0.06531835140488292	-0.0588165838823604	0.10079881139234427	-0.10392560547220231	0.10444800261477931	-0.10170385054713148	0.07399939088596155	-0.8277247408817543	0.9999999999999963	-0.25800365421990207	0.14618990767788173	-0.10668084550989711	0.2667572755005894	-0.24864333335897323	0.1675860280783854	-0.12733801081254312	0.11435901815331445	-0.28392257816763117	0.18135152020539372	-0.13245011436467502	0.14035262492371506	-0.13746828462922472
0.06797513161493181	-0.06359898759957337	0.10525475753495445	-0.0698793936228991	0.1301472863091294	-0.10761297588748017	0.10745802379961773	-0.1329649968551362	0.1159053847941901	-0.12164003910178078	0.08296777025814028	-0.1136447084332989	0.14658001707599946	-0.12403982230949062	0.10733541650264425	-0.10529046781993454	0.1135773269894773	-0.24194945397050344	0.20729417783915488	-0.15104932365307516	0.17638795946670185	-0.25800365421990207	0.9999999999999973	-0.4893486525185443	0.19064078775703971	-0.1811230997380141	0.22107970412763692	-0.5887857813434769	0.28237272958756743	-0.24661250605893245	0.1809018852950544	-0.21080287725587962	0.22414839880352777	-0.26471992998642224	0.2333698644277975
-0.0686875571323436	0.06403911270271191	-0.11456587273571797	0.07606565918826781	-0.14441555847797807	0.10526230125140569	-0.10800369380004003	0.13347071760799048	-0.13364401857480657	0.1399310040700557	-0.07982140945192895	0.10869759756526344	-0.13635099997391223	0.16190404282877374	-0.14692021617163806	0.0979397235045929	-0.10675003000862293	0.18232380116023375	-0.46376534126975655	0.2314254748439299	-0.1287327908495877	0.14618990767788173	-0.4893486525185443	0.9999999999999987	-0.3209837855038246	0.1308706509782601	-0.17505054550655774	0.27336686730309423	-0.43905222715436387	0.25552177207885535	-0.1520447503302806	0.15712250872725464	-0.18695741610165958	0.2005301124326868	-0.3036363808775481
0.0839086999375022	-0.08050777509099222	0.1394048286783131	-0.09530188966874716	0.1765859773514959	-0.13742480931785783	0.13070642371174782	-0.17437185479314538	0.1680797854275956	-0.20814345962673395	0.09671545502728147	-0.13434720086333066	0.14696875949979982	-0.2266391737286348	0.1962558281617871	-0.1191125356830274	0.12000832064045037	-0.20500648060033663	0.3166595828187468	-0.663684076184801	0.08932061924920022	-0.10668084550989711	0.19064078775703971	-0.3209837855038246	0.9999999999999972	-0.09686798535227033	0.11759166234971226	-0.16066758091085742	0.17360136912354648	-0.19731667192080746	0.11124032307439369	-0.11943737271495615	0.1262862819686747	-0.16091197126001905	0.2118720874201623
-0.03802280504591556	0.03488158758612938	-0.057078411068624164	0.037583043016520455	-0.07144083353131156	0.06085391837491756	-0.05829866661460323	0.06502633315948816	-0.05798539289770566	0.06053841868754221	-0.05051063392169038	0.061297161513060694	-0.06575718672761144	0.058290365599077916	-0.052361399645441405	0.06999612435007861	-0.06989400946008971	0.08732023217374367	-0.09086765924484366	0.06697815802054233	-0.4077132217245822	0.2667572755005894	-0.1811230997380141	0.1308706509782601	-0.09686798535227033	0.999999999999996	-0.5372279870302668	0.18015420057489379	-0.13056774729720028	0.11579986287907497	-0.6127907940487045	0.2963421203437225	-0.16100538433600514	0.16613334074799252	-0.13660714472991903
0.04363991008864983	-0.040465885607693985	0.06780256934712195	-0.044825854852133085	0.08504179508263492	-0.06999988260648747	0.06718013293050205	-0.07824184012050245	0.06971290308070169	-0.07384655655756214	0.05484215561324083	-0.07037394076219286	0.07814632068835786	-0.07186007032824883	0.06390977484790629	-0.073193738723709	0.07436088206755358	-0.10718455987169578	0.11233514550307663	-0.08355372439329736	0.20856322049697396	-0.24864333335897323	0.22107970412763692	-0.17505054550655774	0.11759166234971226	-0.5372279870302668	0.9999999999999959	-0.34052253350816697	0.17831156753625255	-0.1621411471628354	0.32283231453213096	-0.5916319069742838	0.22870418592721353	-0.24770647146084385	0.17003492534987424
-0.05218890389458943	0.0484225200120729	-0.08419551174368738	0.05549916554711659	-0.10543873416758669	0.08096140712713157	-0.08156277107689752	0.09763921543221579	-0.08904669771643689	0.09276940112656833	-0.06273414682344712	0.0838822315937586	-0.10552252669647819	0.09371715654435998	-0.08390712487277913	0.07900910386781242	-0.08555943668505021	0.1445710354134364	-0.16351719696855027	0.11452427475293228	-0.14834099199933232	0.1675860280783854	-0.5887857813434769	0.27336686730309423	-0.16066758091085742	0.18015420057489379	-0.34052253350816697	0.9999999999999971	-0.46690383775569777	0.2425457742839677	-0.1907591111952825	0.2271521216950138	-0.3610383476765398	0.26435380549100945	-0.25112872237564327
0.051777046219730075	-0.04854052128690627	0.08537888614792867	-0.05675112708437168	0.10765401768754845	-0.08180063699287911	0.08047510435317529	-0.09938209487467234	0.09176923646444345	-0.09916204530045164	0.06109541753028685	-0.0827228563827651	0.09739598238428258	-0.10363791325473165	0.09064547913320256	-0.07645146338266932	0.08043209031889119	-0.13571026511732348	0.18485132392255885	-0.13259664015591902	0.1074934915311999	-0.12733801081254312	0.28237272958756743	-0.43905222715436387	0.17360136912354648	-0.13056774729720028	0.17831156753625255	-0.46690383775569777	0.999999999999998	-0.6024977463137204	0.14177654128907305	-0.1682261537946285	0.20439299512581174	-0.2531325535580869	0.2887955215326311
-0.05384993664123428	0.050250265625741836	-0.09293663869753413	0.06134498912734083	-0.11839511789579353	0.08360889315296403	-0.08306968873613726	0.10101263364469347	-0.0951928699695846	0.10193334427688112	-0.06231202662966573	0.08388258801768518	-0.0976295712466962	0.10324056682970847	-0.09404343577733197	0.0770758340705789	-0.0817331258477224	0.12950572902827215	-0.18433519240444396	0.12946529880176505	-0.10120860998236261	0.11435901815331445	-0.24661250605893245	0.25552177207885535	-0.19731667192080746	0.11579986287907497	-0.1621411471628354	0.2425457742839677	-0.6024977463137204	0.9999999999999969	-0.13754434285304	0.1465227266348295	-0.18433327385815745	0.202143829357669	-0.6234025373845338
0.04382325864121321	-0.0406388554483326	0.06700277971845653	-0.04434156665033595	0.0840786409791781	-0.07137782746070927	0.06703126457591238	-0.07701735178161542	0.06798956007858407	-0.07243703318232732	0.055898740138982626	-0.07070566627805112	0.07508695622449575	-0.0691305292366391	0.06145575561292467	-0.0760486350666669	0.07555693111045574	-0.10176306669495448	0.10377488024586569	-0.07824573382540048	0.22845222780004623	-0.28392257816763117	0.1809018852950544	-0.1520447503302806	0.11124032307439369	-0.6127907940487045	0.32283231453213096	-0.1907591111952825	0.14177654128907305	-0.13754434285304	0.9999999999999974	-0.575573769516717	0.2083645497742167	-0.24619546834819128	0.15540982238750076
-0.04211925313912997	0.038907044974446955	-0.06751758692877002	0.0444474624812893	-0.08515605690584005	0.06617174266775279	-0.06474250108249446	0.07506299564497873	-0.06808390147655768	0.07155310146987265	-0.051721064293831595	0.06667541773335794	-0.07525387266251633	0.06951945703565907	-0.06276706699792936	0.06737841289410856	-0.07007893961827204	0.10026307813425697	-0.11060908884921536	0.08131857689017502	-0.17339164113861436	0.18135152020539372	-0.21080287725587962	0.15712250872725464	-0.11943737271495615	0.2963421203437225	-0.5916319069742838	0.2271521216950138	-0.1682261537946285	0.1465227266348295	-0.575573769516717	0.9999999999999976	-0.36400362308538786	0.25144794133130255	-0.18095537311252102
0.04303231628272716	-0.040068099849271385	0.07027941216503936	-0.04644686599723183	0.08866080234721901	-0.06779325402862864	0.06643758112724234	-0.07964062045574927	0.07195116899269888	-0.0766113887076842	0.05143620464560118	-0.06840748451079404	0.07899757012468346	-0.07525991395425716	0.06713401341016338	-0.0653223810803423	0.06844642676468993	-0.10864114291666863	0.11981428344344226	-0.08893784358881533	0.11480362676681789	-0.13245011436467502	0.22414839880352777	-0.18695741610165958	0.1262862819686747	-0.16100538433600514	0.22870418592721353	-0.3610383476765398	0.20439299512581174	-0.18433327385815745	0.2083645497742167	-0.36400362308538786	0.9999999999999976	-0.7713386059990677	0.20098387217535307
-0.051286368395542986	0.047414188926163364	-0.08676489465532362	0.056948769991705506	-0.11021346304537888	0.07869183464874972	-0.07897565974813288	0.0932048442727082	-0.08640711918587748	0.09059617171209733	-0.06025040335559776	0.07977916132584005	-0.09351898517035126	0.08898611551295091	-0.0812515994663395	0.07542966284811363	-0.08073573883878649	0.12300286362162392	-0.14647335268274292	0.10641847681528283	-0.1306786129385918	0.14035262492371506	-0.26471992998642224	0.2005301124326868	-0.16091197126001905	0.16613334074799252	-0.24770647146084385	0.26435380549100945	-0.2531325535580869	0.202143829357669	-0.24619546834819128	0.25144794133130255	-0.7713386059990677	0.9999999999999976	-0.292611833897622
0.07642142256162415	-0.07244357041034581	0.13115144744959628	-0.08742336763565645	0.16754321657306648	-0.12462809072433062	0.11665795696734585	-0.14568361469665447	0.12918359517124645	-0.14549986790911373	0.0888396171583535	-0.12040398553614093	0.12953141058311438	-0.13752020960244968	0.11971395868762816	-0.11097511231288312	0.11184701005099457	-0.17821750992358612	0.19558315728396036	-0.15345580653371865	0.11459409275115451	-0.13746828462922472	0.2333698644277975	-0.3036363808775481	0.2118720874201623	-0.13660714472991903	0.17003492534987424	-0.25112872237564327	0.2887955215326311	-0.6234025373845338	0.15540982238750076	-0.18095537311252102	0.20098387217535307	-0.292611833897622	0.9999999999999977
