1.0000000000000002	-0.7142610630597831	0.2962997529807496	-0.056593111173596264	0.05722916794926396	-0.3765139798549068	0.25542684540599736	-0.22682621675162057	0.06049672721097636	-0.0606658098645499	0.25195698747414436	-0.19794974994528153	0.16329836617781723	-0.10070641448608697	0.1013628361174854	-0.220731569121046	0.1519388380566986	-0.16317379438864474	0.09252304997462267	-0.09768534688411873	0.0560611548335908	-0.05889259940855178	0.13130988921675352	-0.07930148324354834	0.08120261234574501	-0.05399803808280977	0.058193450743218085	-0.08521949419096661	0.07212846893266696	-0.060643292440290666	0.08633480724253192	-0.07866743335690524	0.08533110869489824	-0.05745921845893193	0.061227220173023
-0.7142610630597831	0.9999999999999998	-0.48209683805175757	0.05675398336057521	-0.05568248870965602	0.22481952341003442	-0.3538516145893592	0.21830864460050609	-0.05887709246882467	0.056134791654634246	-0.22501659910707217	0.17854689586259	-0.15697980146443724	0.08732523456420728	-0.08876354455266522	0.17516685202123705	-0.13536940189839988	0.13807861537941973	-0.0799342698515375	0.08257594103175346	-0.04596846138047376	0.04848054923078372	-0.11144436143487996	0.06628665468774825	-0.06827930224918141	0.04392682136383386	-0.04788643337809443	0.07012607241656259	-0.059995833574095915	0.05026806219776935	-0.06999844596017607	0.06329841809834255	-0.07048039503024736	0.04726999015340519	-0.05066586075246787
0.2962997529807496	-0.48209683805175757	0.9999999999999992	-0.11737452282378893	0.10358313923280854	-0.21869333693705817	0.2670302418967797	-0.33269054860596314	0.10507924599548543	-0.10259291592956007	0.22045960372450157	-0.23888305348364697	0.2163731566369475	-0.14250743617968428	0.14357136874852885	-0.29330890810912885	0.19622362867443757	-0.22630432919652485	0.1296318663430304	-0.13932759669228498	0.07830059192594296	-0.08247100965495005	0.18344801892604978	-0.11248611184517958	0.11493508579173597	-0.07605984342608585	0.08196620927144248	-0.12163468407995107	0.10257023328111962	-0.08649417265613657	0.12414938144168731	-0.11347058747940258	0.12170052543384896	-0.08226228601347092	0.08737151475867638
-0.056593111173596264	0.05675398336057521	-0.11737452282378893	0.9999999999999991	-0.6837324870331242	0.042879486731835934	-0.0667944304562662	0.08227802068106263	-0.6346949520032363	0.32845641548801335	-0.04947589560461734	0.058758063402666746	-0.06612781350760097	0.0761449322326917	-0.09121758539380963	0.06606526246222977	-0.05091145511079411	0.06311193246970644	-0.055720797761739244	0.06574492007419037	-0.019697967022099395	0.021180799701670514	-0.052627439686750016	0.03699599442424485	-0.03832563135575898	0.018912759506890225	-0.021052392098367213	0.03362255411784938	-0.030564241783710398	0.02648613529984889	-0.030513859398547213	0.027894076495775126	-0.033172184562712856	0.023437560974771107	-0.0250266092606912
0.05722916794926396	-0.05568248870965602	0.10358313923280854	-0.6837324870331242	0.9999999999999996	-0.044296348833402444	0.06572257255740241	-0.08006591635531306	0.3321770394813509	-0.6247911163714909	0.051626710155229	-0.06367907484506523	0.06910315979547717	-0.09723445547418554	0.116623115341293	-0.07517170546564238	0.05643362549556394	-0.07303590340118063	0.06777689387049796	-0.08714026815140732	0.022530868834097155	-0.024316813585690034	0.060465439353771654	-0.04501381514335529	0.04621534595390301	-0.021703387929025368	0.024147126926548964	-0.03941117431274041	0.036131029417883674	-0.031753803253301016	0.034895681080152036	-0.03220970267303484	0.03843222843326236	-0.02769684956568724	0.02937931062645905
-0.3765139798549068	0.22481952341003442	-0.21869333693705817	0.042879486731835934	-0.044296348833402444	0.9999999999999989	-0.3199175398625049	0.19470021892824838	-0.04807595532973407	0.04720898884770045	-0.7969039751428671	0.1771557857658251	-0.1493856729051575	0.08195453537498047	-0.08376617464555573	0.17859186001602675	-0.13703511318001294	0.13141916045534807	-0.07586519312241097	0.07762603317078166	-0.04476051060584199	0.046873825861749895	-0.10765793506456278	0.06308906463115838	-0.06523981630072559	0.04238305694506648	-0.046207311109806866	0.0666632853850962	-0.057275500734389036	0.047802064211885584	-0.0666732661334791	0.059865767893983096	-0.06735158976167842	0.04490354056945717	-0.048330541055309546
0.25542684540599736	-0.3538516145893592	0.2670302418967797	-0.0667944304562662	0.06572257255740241	-0.3199175398625049	0.9999999999999992	-0.6049411264527347	0.07893445105663298	-0.07579242544635559	0.24341849470045526	-0.44161975650581325	0.28940814983129004	-0.134840677359263	0.12944389519163668	-0.25730240238855423	0.2210170718291837	-0.21887887418581367	0.11962093103312349	-0.1190464353326465	0.06292827312831736	-0.06696958609566249	0.15644805964743783	-0.09203408381694661	0.09418741177120063	-0.05933063629863799	0.06498521855411794	-0.09459492760117381	0.08113095637846414	-0.06805074226246559	0.09037940208734063	-0.08206152217619594	0.09365904840946127	-0.06296455170166798	0.06757649595562576
-0.22682621675162057	0.21830864460050609	-0.33269054860596314	0.08227802068106263	-0.08006591635531306	0.19470021892824838	-0.6049411264527347	0.999999999999999	-0.10978978196830808	0.0926504058549607	-0.22284014232379018	0.29517247213045156	-0.5499665203656583	0.15686098588026673	-0.15685386759768372	0.21867655682603648	-0.21397035168984488	0.22502965726557975	-0.13874581489897034	0.12960318875340035	-0.06250157442221325	0.06712934572273965	-0.17327166106902045	0.09848342981957736	-0.10269443904797694	0.05855358626858123	-0.06600650760730814	0.09846563832404315	-0.08671523071386614	0.07214515563584327	-0.091864837015517	0.08198210853797022	-0.09899062621794281	0.06598040734277791	-0.07172834592020674
0.06049672721097636	-0.05887709246882467	0.10507924599548543	-0.6346949520032363	0.3321770394813509	-0.04807595532973407	0.07893445105663298	-0.10978978196830808	0.9999999999999994	-0.6684475857312631	0.055662172554652466	-0.07081985180638463	0.08192411739826887	-0.1082447093814046	0.12262541289238775	-0.07723323142501039	0.06060447162989885	-0.0775094604712978	0.07276729782022764	-0.08886351389549857	0.023138342849238207	-0.025008925494787913	0.06306946301315142	-0.046079952091393844	0.04748311855648495	-0.02218130081036256	0.024784593927147176	-0.04028083664831943	0.037014239157320966	-0.032401680155373966	0.03548338672345713	-0.032621463893594445	0.03935141242159641	-0.02820859177878094	0.030031357315031395
-0.0606658098645499	0.056134791654634246	-0.10259291592956007	0.32845641548801335	-0.6247911163714909	0.04720898884770045	-0.07579242544635559	0.0926504058549607	-0.6684475857312631	0.999999999999999	-0.05614763668856832	0.07004068188488956	-0.08141258428165213	0.11716551483146967	-0.1766299477029939	0.07830514523305077	-0.06214513507173873	0.08038302849041251	-0.08160667605853617	0.10133264932416017	-0.024274440970130862	0.02630105711033936	-0.06761098122984935	0.050434183951801714	-0.052657184640911105	0.02325246961207111	-0.026138542061485123	0.04306407132204232	-0.04025360828648197	0.035294334158937825	-0.03739043957507934	0.03428549391997464	-0.04220255794724757	0.03040616274171399	-0.03250201609545339
0.25195698747414436	-0.22501659910707217	0.22045960372450157	-0.04947589560461734	0.051626710155229	-0.7969039751428671	0.24341849470045526	-0.22284014232379018	0.055662172554652466	-0.05614763668856832	0.9999999999999996	-0.22053854459982558	0.1677797691675405	-0.1006708079383347	0.1012776328752956	-0.2549978625041285	0.16578386953470767	-0.16591239020081722	0.09312378480456822	-0.09722912485153509	0.05793985253830043	-0.0602475519965318	0.1330774220337522	-0.07929977748906754	0.0813503333632966	-0.055180478293092514	0.05912420057901344	-0.08482940514680196	0.07201035849905783	-0.06037463952234687	0.08575608246693354	-0.0778335835158197	0.08506789305601556	-0.057033366643034336	0.060960922339660314
-0.19794974994528153	0.17854689586259	-0.23888305348364697	0.058758063402666746	-0.06367907484506523	0.1771557857658251	-0.44161975650581325	0.29517247213045156	-0.07081985180638463	0.07004068188488956	-0.22053854459982558	0.9999999999999987	-0.536341852729562	0.16305370349701978	-0.1633547346383977	0.2843399225118375	-0.5181154499798145	0.26844757286022963	-0.15195419533367577	0.13912907945428696	-0.07668755560839653	0.08276062459170182	-0.20016438788842514	0.11006013010473534	-0.11476604973485117	0.06990948817838072	-0.07985636017031286	0.11113035857695282	-0.0974832931048678	0.0805806143200185	-0.10556324413998244	0.09310375068905988	-0.11213717916124877	0.07386455254778607	-0.08062494154197174
0.16329836617781723	-0.15697980146443724	0.2163731566369475	-0.06612781350760097	0.06910315979547717	-0.1493856729051575	0.28940814983129004	-0.5499665203656583	0.08192411739826887	-0.08141258428165213	0.1677797691675405	-0.536341852729562	0.9999999999999986	-0.26052777384325143	0.18976067215888023	-0.2669555101774179	0.2629984612579288	-0.39994824282538655	0.18529829949707355	-0.16758104332209559	0.07093075729981642	-0.077570504429566	0.2012700245037478	-0.1179538992483484	0.11905316483349587	-0.06634942848875182	0.07454684030046622	-0.11412086352147623	0.09854179005301705	-0.08309711554293962	0.09969091433790214	-0.09110872221032176	0.10976182064430154	-0.07458683815399449	0.08011793639877404
-0.10070641448608697	0.08732523456420728	-0.14250743617968428	0.0761449322326917	-0.09723445547418554	0.08195453537498047	-0.134840677359263	0.15686098588026673	-0.1082447093814046	0.11716551483146967	-0.1006708079383347	0.16305370349701978	-0.26052777384325143	0.9999999999999983	-0.6665110227523054	0.16429405964328114	-0.15374964081798018	0.22764157219141082	-0.559512893457633	0.31493423285536387	-0.056523140328258566	0.06255652879181021	-0.18169762341259882	0.14319835475216808	-0.15308591730063278	0.05336150708281132	-0.06189306603616362	0.10679926624937039	-0.10670063517074095	0.0930625135746403	-0.08458885664594022	0.07740405090873455	-0.10369261199110084	0.07575744963231128	-0.08238482801878622
0.1013628361174854	-0.08876354455266522	0.14357136874852885	-0.09121758539380963	0.116623115341293	-0.08376617464555573	0.12944389519163668	-0.15685386759768372	0.12262541289238775	-0.1766299477029939	0.1012776328752956	-0.1633547346383977	0.18976067215888023	-0.6665110227523054	0.9999999999999996	-0.18648426272553184	0.14883232518856881	-0.23219690974600554	0.3194315406277229	-0.5405527468690676	0.05975974015879544	-0.06631885984461708	0.17928028796615547	-0.16841287585486972	0.1720417421993115	-0.057371846361331455	0.06521551438357019	-0.11777472081147945	0.11618496542491415	-0.10843336735792732	0.08947247864452616	-0.08495422880594862	0.10963220720334554	-0.08558844945406895	0.0897914629798519
-0.220731569121046	0.17516685202123705	-0.29330890810912885	0.06606526246222977	-0.07517170546564238	0.17859186001602675	-0.25730240238855423	0.21867655682603648	-0.07723323142501039	0.07830514523305077	-0.2549978625041285	0.2843399225118375	-0.2669555101774179	0.16429405964328114	-0.18648426272553184	0.9999999999999989	-0.6254530380911827	0.289988984680666	-0.17195198148584062	0.16757869641254655	-0.1647205492048995	0.14483119751015144	-0.3130378947086939	0.16027549834152977	-0.17337681214389597	0.1328938328304024	-0.1433475056389968	0.1731780032062524	-0.1542654900764472	0.12400867536963502	-0.195043797464808	0.15839209560874662	-0.18830479996871174	0.11764515989175442	-0.1316418887693469
0.1519388380566986	-0.13536940189839988	0.19622362867443757	-0.05091145511079411	0.05643362549556394	-0.13703511318001294	0.2210170718291837	-0.21397035168984488	0.06060447162989885	-0.06214513507173873	0.16578386953470767	-0.5181154499798145	0.2629984612579288	-0.15374964081798018	0.14883232518856881	-0.6254530380911827	0.9999999999999994	-0.4194404039549288	0.15605467607387458	-0.14925410586432436	0.1027486946893104	-0.11476574980878729	0.22235909592260203	-0.12243684706052366	0.12370753168484468	-0.09210668137868126	0.10111327620050511	-0.12714160405624958	0.10687390119406895	-0.08886565824897966	0.12202182159614974	-0.11052125835780381	0.12406333265346887	-0.08197694121353025	0.08825398629177393
-0.16317379438864474	0.13807861537941973	-0.22630432919652485	0.06311193246970644	-0.07303590340118063	0.13141916045534807	-0.21887887418581367	0.22502965726557975	-0.0775094604712978	0.08038302849041251	-0.16591239020081722	0.26844757286022963	-0.39994824282538655	0.22764157219141082	-0.23219690974600554	0.289988984680666	-0.4194404039549288	0.9999999999999989	-0.34616380035247163	0.23399319534192425	-0.11028656394283945	0.1252439077943699	-0.49602327025925497	0.20174508651418543	-0.20736566794426006	0.10012147005792091	-0.12147469721463149	0.19343215386588836	-0.16973096106532268	0.13759307647962737	-0.15409730778943906	0.13688140016070977	-0.18857778025296143	0.1222289620507057	-0.13484477700999797
0.09252304997462267	-0.0799342698515375	0.1296318663430304	-0.055720797761739244	0.06777689387049796	-0.07586519312241097	0.11962093103312349	-0.13874581489897034	0.07276729782022764	-0.08160667605853617	0.09312378480456822	-0.15195419533367577	0.18529829949707355	-0.559512893457633	0.3194315406277229	-0.17195198148584062	0.15605467607387458	-0.34616380035247163	1.0000000000000007	-0.6293045766632227	0.059606035249021666	-0.06726540054702834	0.2017017127959645	-0.20267978719167584	0.19146794487716673	-0.056505750396594855	0.0657669521271851	-0.12090673830751135	0.12388820565900739	-0.11289434940867576	0.08774228877635767	-0.08225336986317872	0.11200279769695373	-0.08611254622151147	0.09206328946059367
-0.09768534688411873	0.08257594103175346	-0.13932759669228498	0.06574492007419037	-0.08714026815140732	0.07762603317078166	-0.1190464353326465	0.12960318875340035	-0.08886351389549857	0.10133264932416017	-0.09722912485153509	0.13912907945428696	-0.16758104332209559	0.31493423285536387	-0.5405527468690676	0.16757869641254655	-0.14925410586432436	0.23399319534192425	-0.6293045766632227	0.9999999999999984	-0.06513047308333071	0.07298060185132985	-0.22517110346003957	0.2115911581755838	-0.3088023604850546	0.061709969258338895	-0.07281087445786211	0.13606810812095255	-0.15203250967576348	0.13890422009768438	-0.09934542042581826	0.0915283895672379	-0.13232253949486952	0.10183825547234257	-0.11403704800325312
0.0560611548335908	-0.04596846138047376	0.07830059192594296	-0.019697967022099395	0.022530868834097155	-0.04476051060584199	0.06292827312831736	-0.06250157442221325	0.023138342849238207	-0.024274440970130862	0.05793985253830043	-0.07668755560839653	0.07093075729981642	-0.056523140328258566	0.05975974015879544	-0.1647205492048995	0.1027486946893104	-0.11028656394283945	0.059606035249021666	-0.06513047308333071	1.0000000000000004	-0.5520239794296207	0.14506924625143106	-0.07740521148481834	0.07157240120010501	-0.7161176765624688	0.31466784710509293	-0.11212730250172841	0.07348234410049158	-0.06128397602664713	0.21364017755617667	-0.21855931032185402	0.10423305424023555	-0.06439858166844584	0.06278480797567226
-0.05889259940855178	0.04848054923078372	-0.08247100965495005	0.021180799701670514	-0.024316813585690034	0.046873825861749895	-0.06696958609566249	0.06712934572273965	-0.025008925494787913	0.02630105711033936	-0.0602475519965318	0.08276062459170182	-0.077570504429566	0.06255652879181021	-0.06631885984461708	0.14483119751015144	-0.11476574980878729	0.1252439077943699	-0.06726540054702834	0.07298060185132985	-0.5520239794296207	1.0000000000000004	-0.21570505529023723	0.0932957815260857	-0.084934444557364	0.31400330745928223	-0.6968248421227042	0.13347001513675505	-0.08741467906918621	0.0709582852737848	-0.22943050389637448	0.21191667194796127	-0.12252412204879633	0.07288984339459995	-0.07272933857928432
0.13130988921675352	-0.11144436143487996	0.18344801892604978	-0.052627439686750016	0.060465439353771654	-0.10765793506456278	0.15644805964743783	-0.17327166106902045	0.06306946301315142	-0.06761098122984935	0.1330774220337522	-0.20016438788842514	0.2012700245037478	-0.18169762341259882	0.17928028796615547	-0.3130378947086939	0.22235909592260203	-0.49602327025925497	0.2017017127959645	-0.22517110346003957	0.14506924625143106	-0.21570505529023723	0.9999999999999997	-0.40083608677028637	0.25194377009257424	-0.1391635587649989	0.1686827317640369	-0.40638599948018245	0.23087385598777338	-0.19575893546336656	0.1804596466775127	-0.1916286280834591	0.2430131826565043	-0.1717274535584365	0.16850724644473883
-0.07930148324354834	0.06628665468774825	-0.11248611184517958	0.03699599442424485	-0.04501381514335529	0.06308906463115838	-0.09203408381694661	0.09848342981957736	-0.046079952091393844	0.050434183951801714	-0.07929977748906754	0.11006013010473534	-0.1179538992483484	0.14319835475216808	-0.16841287585486972	0.16027549834152977	-0.12243684706052366	0.20174508651418543	-0.20267978719167584	0.2115911581755838	-0.07740521148481834	0.0932957815260857	-0.40083608677028637	0.9999999999999979	-0.7104076881697206	0.07385019733667676	-0.0911936609460196	0.21756875211984428	-0.3901871026931451	0.2662653779033129	-0.11327471935560643	0.11248614853174939	-0.187262048132405	0.1624169798421152	-0.18355354921269018
0.08120261234574501	-0.06827930224918141	0.11493508579173597	-0.03832563135575898	0.04621534595390301	-0.06523981630072559	0.09418741177120063	-0.10269443904797694	0.04748311855648495	-0.052657184640911105	0.0813503333632966	-0.11476604973485117	0.11905316483349587	-0.15308591730063278	0.1720417421993115	-0.17337681214389597	0.12370753168484468	-0.20736566794426006	0.19146794487716673	-0.3088023604850546	0.07157240120010501	-0.084934444557364	0.25194377009257424	-0.7104076881697206	1.0000000000000009	-0.07065948543917229	0.08303490393727288	-0.21020706147488957	0.28157972155402594	-0.41032798578840846	0.10905621069910323	-0.1129090962901543	0.17419248093465034	-0.18228406565938848	0.189420304704208
-0.05399803808280977	0.04392682136383386	-0.07605984342608585	0.018912759506890225	-0.021703387929025368	0.04238305694506648	-0.05933063629863799	0.05855358626858123	-0.02218130081036256	0.02325246961207111	-0.055180478293092514	0.06990948817838072	-0.06634942848875182	0.05336150708281132	-0.057371846361331455	0.1328938328304024	-0.09210668137868126	0.10012147005792091	-0.056505750396594855	0.061709969258338895	-0.7161176765624688	0.31400330745928223	-0.1391635587649989	0.07385019733667676	-0.07065948543917229	1.0	-0.4930987167923032	0.113605025419398	-0.07484651116657103	0.0614847068840168	-0.3418758034108583	0.23592470973399582	-0.1116298985510436	0.06610346794576476	-0.06495628250680296
0.058193450743218085	-0.04788643337809443	0.08196620927144248	-0.021052392098367213	0.024147126926548964	-0.046207311109806866	0.06498521855411794	-0.06600650760730814	0.024784593927147176	-0.026138542061485123	0.05912420057901344	-0.07985636017031286	0.07454684030046622	-0.06189306603616362	0.06521551438357019	-0.1433475056389968	0.10111327620050511	-0.12147469721463149	0.0657669521271851	-0.07281087445786211	0.31466784710509293	-0.6968248421227042	0.1686827317640369	-0.0911936609460196	0.08303490393727288	-0.4930987167923032	0.9999999999999998	-0.15808441572447937	0.09056822479346642	-0.07445714503784663	0.2480310765429026	-0.3411118709019874	0.1357714785245633	-0.0799209422578094	0.07687436864014874
-0.08521949419096661	0.07012607241656259	-0.12163468407995107	0.03362255411784938	-0.03941117431274041	0.0666632853850962	-0.09459492760117381	0.09846563832404315	-0.04028083664831943	0.04306407132204232	-0.08482940514680196	0.11113035857695282	-0.11412086352147623	0.10679926624937039	-0.11777472081147945	0.1731780032062524	-0.12714160405624958	0.19343215386588836	-0.12090673830751135	0.13606810812095255	-0.11212730250172841	0.13347001513675505	-0.40638599948018245	0.21756875211984428	-0.21020706147488957	0.113605025419398	-0.15808441572447937	1.0	-0.4067163834840787	0.23590437968986744	-0.19334242077315497	0.1931019919113982	-0.6493308097096727	0.2526494169145953	-0.26661896381739636
0.07212846893266696	-0.059995833574095915	0.10257023328111962	-0.030564241783710398	0.036131029417883674	-0.057275500734389036	0.08113095637846414	-0.08671523071386614	0.037014239157320966	-0.04025360828648197	0.07201035849905783	-0.0974832931048678	0.09854179005301705	-0.10670063517074095	0.11618496542491415	-0.1542654900764472	0.10687390119406895	-0.16973096106532268	0.12388820565900739	-0.15203250967576348	0.07348234410049158	-0.08741467906918621	0.23087385598777338	-0.3901871026931451	0.28157972155402594	-0.07484651116657103	0.09056822479346642	-0.4067163834840787	0.9999999999999989	-0.660205224760113	0.1197142268716295	-0.12810681122545775	0.24594676854303485	-0.2984865859747142	0.2658765691315329
-0.060643292440290666	0.05026806219776935	-0.08649417265613657	0.02648613529984889	-0.031753803253301016	0.047802064211885584	-0.06805074226246559	0.07214515563584327	-0.032401680155373966	0.035294334158937825	-0.06037463952234687	0.0805806143200185	-0.08309711554293962	0.0930625135746403	-0.10843336735792732	0.12400867536963502	-0.08886565824897966	0.13759307647962737	-0.11289434940867576	0.13890422009768438	-0.06128397602664713	0.0709582852737848	-0.19575893546336656	0.2662653779033129	-0.41032798578840846	0.0614847068840168	-0.07445714503784663	0.23590437968986744	-0.660205224760113	1.0000000000000002	-0.10463744244735479	0.10690550443159398	-0.23031337672688168	0.25946580352402093	-0.4607562776742319
0.08633480724253192	-0.06999844596017607	0.12414938144168731	-0.030513859398547213	0.034895681080152036	-0.0666732661334791	0.09037940208734063	-0.091864837015517	0.03548338672345713	-0.03739043957507934	0.08575608246693354	-0.10556324413998244	0.09969091433790214	-0.08458885664594022	0.08947247864452616	-0.195043797464808	0.12202182159614974	-0.15409730778943906	0.08774228877635767	-0.09934542042581826	0.21364017755617667	-0.22943050389637448	0.1804596466775127	-0.11327471935560643	0.10905621069910323	-0.3418758034108583	0.2480310765429026	-0.19334242077315497	0.1197142268716295	-0.10463744244735479	1.0000000000000004	-0.7883949803193402	0.20006772558900596	-0.12406702539761086	0.11022230071134548
-0.07866743335690524	0.06329841809834255	-0.11347058747940258	0.027894076495775126	-0.03220970267303484	0.059865767893983096	-0.08206152217619594	0.08198210853797022	-0.032621463893594445	0.03428549391997464	-0.0778335835158197	0.09310375068905988	-0.09110872221032176	0.07740405090873455	-0.08495422880594862	0.15839209560874662	-0.11052125835780381	0.13688140016070977	-0.08225336986317872	0.0915283895672379	-0.21855931032185402	0.21191667194796127	-0.1916286280834591	0.11248614853174939	-0.1129090962901543	0.23592470973399582	-0.3411118709019874	0.1931019919113982	-0.12810681122545775	0.10690550443159398	-0.7883949803193402	1.0000000000000002	-0.28488849013536344	0.1316367834713706	-0.12490839335202394
0.08533110869489824	-0.07048039503024736	0.12170052543384896	-0.033172184562712856	0.03843222843326236	-0.06735158976167842	0.09365904840946127	-0.09899062621794281	0.03935141242159641	-0.04220255794724757	0.08506789305601556	-0.11213717916124877	0.10976182064430154	-0.10369261199110084	0.10963220720334554	-0.18830479996871174	0.12406333265346887	-0.18857778025296143	0.11200279769695373	-0.13232253949486952	0.10423305424023555	-0.12252412204879633	0.2430131826565043	-0.187262048132405	0.17419248093465034	-0.1116298985510436	0.1357714785245633	-0.6493308097096727	0.24594676854303485	-0.23031337672688168	0.20006772558900596	-0.28488849013536344	0.9999999999999999	-0.4653650612240019	0.2601011599797123
-0.05745921845893193	0.04726999015340519	-0.08226228601347092	0.023437560974771107	-0.02769684956568724	0.04490354056945717	-0.06296455170166798	0.06598040734277791	-0.02820859177878094	0.03040616274171399	-0.057033366643034336	0.07386455254778607	-0.07458683815399449	0.07575744963231128	-0.08558844945406895	0.11764515989175442	-0.08197694121353025	0.1222289620507057	-0.08611254622151147	0.10183825547234257	-0.06439858166844584	0.07288984339459995	-0.1717274535584365	0.1624169798421152	-0.18228406565938848	0.06610346794576476	-0.0799209422578094	0.2526494169145953	-0.2984865859747142	0.25946580352402093	-0.12406702539761086	0.1316367834713706	-0.4653650612240019	1.0000000000000002	-0.7390686793781446
0.061227220173023	-0.05066586075246787	0.08737151475867638	-0.0250266092606912	0.02937931062645905	-0.048330541055309546	0.06757649595562576	-0.07172834592020674	0.030031357315031395	-0.03250201609545339	0.060960922339660314	-0.08062494154197174	0.08011793639877404	-0.08238482801878622	0.0897914629798519	-0.1316418887693469	0.08825398629177393	-0.13484477700999797	0.09206328946059367	-0.11403704800325312	0.06278480797567226	-0.07272933857928432	0.16850724644473883	-0.18355354921269018	0.189420304704208	-0.06495628250680296	0.07687436864014874	-0.26661896381739636	0.2658765691315329	-0.4607562776742319	0.11022230071134548	-0.12490839335202394	0.2601011599797123	-0.7390686793781446	1.0000000000000002
