1.0000000000000002	-0.9684336641466859	0.1216141224476126	-0.11801390333146672	0.05701208681173012	-0.08786312121059964	0.10698305351064778	-0.10584455207075245	0.0782410992713729	-0.06524644585367886	0.07182953622667335	-0.08463675682033955	0.06709849600602835	-0.054030456811527884	0.07390031781423499	-0.039298914177650475	0.0731014383246039	-0.06964517140357	0.04222049671952774	-0.03781036374567281	0.03255626867315151	-0.03942795638372731	0.05134675968136175	-0.039936890484011514	0.028190536061520406	-0.0279937444293457	0.030835241613222375	-0.02806408179411901	0.03515004694463289	-0.034611695477844054	0.017185480642695396	-0.01862733582039656	0.027346935255034722	-0.021507855630281982	0.025987296373012007	-0.007428275137434229	0.01844508767288754	-0.0219631445985782	0.026526303854251317	-0.017696477610592485	0.008449032008418407	-0.013916026742265114	0.018238007299868714	-0.03374869686435595	0.025286266340191675
-0.9684336641466859	1.0000000000000004	-0.1378613175774041	0.10960066876261963	-0.05558786077936005	0.08072320531622025	-0.11577892750514866	0.1032192959435393	-0.07826421132130866	0.0609343045541699	-0.07153817306031338	0.08199104267402349	-0.06663213922250913	0.05320114369847681	-0.07386289219183959	0.038335366635620614	-0.07334909020091511	0.0671846176622151	-0.04148145987079601	0.03679355847195128	-0.032082372693368034	0.03874035057354232	-0.05093062171984503	0.03870817401111711	-0.02743762774621773	0.027337952125615416	-0.030313233112484357	0.027311995751659834	-0.03432454954035659	0.033462242194741344	-0.01678642568231211	0.01813634257772438	-0.02669622538239836	0.020863016687466592	-0.025215986301905354	0.007241510429957007	-0.017911594437468596	0.02124582606917054	-0.025739992903618763	0.017138220709442778	-0.00824542969599066	0.013461035817051707	-0.01767126621300169	0.03235500883688964	-0.024492916421050545
0.1216141224476126	-0.1378613175774041	1.0000000000000004	-0.7100986627557009	0.19725239796662758	-0.1281832127006746	0.2347449428339196	-0.5032770237028179	0.19285584906796588	-0.2173182147161102	0.11433471797960776	-0.17572721081644738	0.1730413755325971	-0.13202043495411644	0.16451121936598767	-0.07960231469065462	0.15275950305201513	-0.16699081949534628	0.09516179541226381	-0.08507651540151517	0.06630618557258038	-0.08155152182871483	0.1072714483103245	-0.08284953969515285	0.06064495619990692	-0.05668819075652432	0.06253856489114866	-0.05698568290583215	0.07198918906474132	-0.07440889875664419	0.03459953456401554	-0.03748530776398248	0.055306079345256005	-0.043476787260956024	0.05241675482733081	-0.014893291944314418	0.036914498113227605	-0.044064489509738416	0.05317767882505601	-0.035609782792168546	0.016934275459668514	-0.027842637841079886	0.03653265610406758	-0.06741550110626923	0.0504900499805937
-0.11801390333146672	0.10960066876261963	-0.7100986627557009	1.0000000000000002	-0.3738447202307727	0.12448897151705382	-0.2506891946695823	0.27027164882392035	-0.27147139608762627	0.24749070194945996	-0.12125656438170292	0.16997155266039896	-0.17641945728414804	0.15559815156924	-0.21011990885593462	0.08714047166608238	-0.17509368867160913	0.16145294599457843	-0.11161843907651978	0.09720083615473754	-0.07459273172108231	0.09055625286632624	-0.1226028991111798	0.09284109173534134	-0.06948180430257272	0.06310525364809802	-0.07077070048322524	0.06416839134038411	-0.08216756974362807	0.08388575293707447	-0.03900616333232514	0.041978727222159805	-0.06286081740824105	0.04925208818715962	-0.05959164780027878	0.016782050469287286	-0.041795072491929576	0.04945871768590935	-0.06041400905820492	0.04033103377283447	-0.019142547182734403	0.0313074095817419	-0.04120245417671929	0.074852766351952	-0.05728112023096515
0.05701208681173012	-0.05558786077936005	0.19725239796662758	-0.3738447202307727	1.0000000000000007	-0.07604884314215368	0.12282934095627257	-0.14699005660723458	0.18931167082316783	-0.8544584372000897	0.07005970381920529	-0.10384475704692782	0.10420542974927555	-0.11773522157863335	0.15037833425694966	-0.05603088548091355	0.10353035279943999	-0.1071256851897783	0.07934416949272913	-0.07284528140318446	0.046984756301464106	-0.057462071257480596	0.0763762739031327	-0.06536289885371935	0.05033513381213051	-0.04116317691683669	0.04547273264491874	-0.043630985977147346	0.056237206665566655	-0.062470666568371656	0.025838476458039338	-0.028055347572412435	0.042443286649021396	-0.034480704061578764	0.041817178952562435	-0.01121238009044525	0.02879505398574257	-0.03446848143096503	0.042137505416767314	-0.02842916786640255	0.012767609100518457	-0.021850422359858988	0.028618344023440462	-0.05407432316662262	0.040200022920224024
-0.08786312121059964	0.08072320531622025	-0.1281832127006746	0.12448897151705382	-0.07604884314215368	1.000000000000001	-0.3483117069483803	0.18416343622152118	-0.15037202554716028	0.08353740883152722	-0.8367950897435558	0.27434800158970757	-0.1643894753008857	0.10888464729438102	-0.1483295762885081	0.10392870519663014	-0.2114274327883508	0.15514332723655083	-0.08689173119913265	0.07578753232581394	-0.08683785629155905	0.10033094620495424	-0.12988979905223866	0.0854008785020825	-0.05749205075765831	0.06816528346264637	-0.07631780292699626	0.06246192782206405	-0.0766912593051958	0.06923927314979234	-0.04006309477230711	0.04288091511974638	-0.06096898176161489	0.04512686843935438	-0.05394709483694318	0.01697960133539107	-0.039539566818017	0.046650208049038674	-0.05541037997251501	0.03654722998145831	-0.01930964512713432	0.029374503087993904	-0.03873773291216178	0.06783728628311193	-0.05213184719781514
0.10698305351064778	-0.11577892750514866	0.2347449428339196	-0.2506891946695823	0.12282934095627257	-0.3483117069483803	1.0000000000000016	-0.5810333643359747	0.1987966809761381	-0.14182703523216178	0.2480780085901565	-0.5128449627641902	0.24708276545755906	-0.15330306647833722	0.18859714375321532	-0.12361591644365251	0.24028933339495015	-0.24236258643175013	0.11661670198084	-0.10405374955009776	0.09884668896236937	-0.12297123467132612	0.15187758014375646	-0.1098090985563633	0.07593659463695095	-0.08266948601155806	0.08966007529134137	-0.0773886865910041	0.09503107220570615	-0.0931628326332954	0.04838518468809443	-0.05256216852720869	0.07444476101530238	-0.05680285773576954	0.0678938937876409	-0.020637482811538613	0.048959541086200375	-0.05865927404799283	0.06929231973727533	-0.04619326929773867	0.023365592725464988	-0.03688319609351501	0.048382197402504185	-0.08807715635965728	0.06549584599116208
-0.10584455207075245	0.1032192959435393	-0.5032770237028179	0.27027164882392035	-0.14699005660723458	0.18416343622152118	-0.5810333643359747	1.0000000000000016	-0.24321739356333763	0.14878939364537994	-0.17816863695090285	0.26478548916464484	-0.344984135376305	0.17172519148233473	-0.21666391837158033	0.11072219273038418	-0.2343070911327196	0.23386903439274226	-0.1261056199152125	0.1078808454827	-0.09406283732443961	0.11547813422721842	-0.15499719699677286	0.10746685748436174	-0.07773540950252297	0.07769614725792516	-0.08687014567051664	0.07550105385993137	-0.09504685729659393	0.09339330574726414	-0.04669346888578778	0.050222179601465806	-0.07355001059372092	0.05608920023809939	-0.06738966151810553	0.019913700700795924	-0.048073040458214575	0.05695332114176144	-0.06855672548811009	0.04559343149282073	-0.02266536292823052	0.03590172086207761	-0.04730482051752946	0.08456635462267145	-0.06465520139601671
0.0782410992713729	-0.07826421132130866	0.19285584906796588	-0.27147139608762627	0.18931167082316783	-0.15037202554716028	0.1987966809761381	-0.24321739356333763	1.000000000000002	-0.27438105095742615	0.13336608088285246	-0.21773372088500126	0.23888255226055963	-0.5765562730523082	0.3278678878304301	-0.1234709625630896	0.2084202041744282	-0.26672134828631555	0.23082241194171502	-0.22828823797495867	0.10132849797494664	-0.1261268804541211	0.16454948465307098	-0.16781517333757323	0.13935228564952634	-0.09241942391395792	0.10040502991576439	-0.10404404828689191	0.13709849067418314	-0.17927993303217996	0.05907614720851004	-0.06477167961004335	0.10008452145680828	-0.08530957403691991	0.10361158101274337	-0.02580133578873113	0.06885671677209561	-0.08368562119261248	0.10273681612644779	-0.07058936965719284	0.029324581816353324	-0.05301727895118627	0.06916001230621618	-0.13629043200253893	0.09829096811971103
-0.06524644585367886	0.0609343045541699	-0.2173182147161102	0.24749070194945996	-0.8544584372000897	0.08353740883152722	-0.14182703523216178	0.14878939364537994	-0.27438105095742615	1.0000000000000002	-0.07975815458860655	0.11503149579470623	-0.12087917655992506	0.14436498413744286	-0.20238748621598274	0.06372323333603791	-0.12095899730450807	0.11956318726351631	-0.0961563071800189	0.08556872042493856	-0.05408883913774511	0.06592602144073693	-0.0887680466704403	0.07462201027198792	-0.05875345207934178	0.046990896461004114	-0.05232378859204784	0.049837116807873304	-0.06484322371039623	0.07175745693627152	-0.029570080878797887	0.0319862351817741	-0.048691721500483176	0.039384610015574355	-0.0478411134377269	0.012806474051732181	-0.0328267891391344	0.039099046460946016	-0.04813163494559302	0.032417674608093194	-0.014604548265497248	0.024788051777340052	-0.03253853726519257	0.060719941135311775	-0.04581929124417107
0.07182953622667335	-0.07153817306031338	0.11433471797960776	-0.12125656438170292	0.07005970381920529	-0.8367950897435558	0.2480780085901565	-0.17816863695090285	0.13336608088285246	-0.07975815458860655	1.0000000000000022	-0.40021451642580713	0.1596360554419381	-0.10213479188132372	0.1318781086890925	-0.10637959531050269	0.19094157842838125	-0.16082053497860746	0.08093258362799861	-0.07188228406971928	0.08254833642260623	-0.09625489613638714	0.11749686383287071	-0.08091935360477977	0.05397811172695671	-0.0654277774725386	0.07116821396783907	-0.05856716500582588	0.07093174285771249	-0.06586806716100942	0.03762581225006151	-0.0406626839848663	0.0564676215873544	-0.042102557472392825	0.050157904198851556	-0.015949423337375177	0.036786039261269866	-0.04389575959425169	0.05146599815388231	-0.03410769740693833	0.018052338975130925	-0.027566481923292516	0.03621304186805514	-0.06468133097463127	0.04850136447759961
-0.08463675682033955	0.08199104267402349	-0.17572721081644738	0.16997155266039896	-0.10384475704692782	0.27434800158970757	-0.5128449627641902	0.26478548916464484	-0.21773372088500126	0.11503149579470623	-0.40021451642580713	0.9999999999999998	-0.3812479982023545	0.17123753021630247	-0.21509273217133087	0.16000005991067182	-0.45876793281037626	0.2692979581626829	-0.1323802126605506	0.1134467440617326	-0.13330232133004152	0.16479797640391317	-0.20493024023918305	0.1257814003330372	-0.08442371526794085	0.1034897034560563	-0.11528921410549238	0.09173412611677174	-0.11149307080594345	0.1013313121449462	-0.059049510664712465	0.06333493627232814	-0.08864502324699243	0.06452301398705117	-0.07659814301431021	0.02478980117209927	-0.05648084896784925	0.06703063985598247	-0.07856610669112946	0.05186353995267934	-0.028104301377088803	0.04199010067301964	-0.05539949978906451	0.09649476991842645	-0.07351629251347769
0.06709849600602835	-0.06663213922250913	0.1730413755325971	-0.17641945728414804	0.10420542974927555	-0.1643894753008857	0.24708276545755906	-0.344984135376305	0.23888255226055963	-0.12087917655992506	0.1596360554419381	-0.3812479982023545	0.9999999999999996	-0.31456404011490147	0.23790452861757702	-0.12713288346547708	0.2523227368442939	-0.695349622965449	0.16962988827216252	-0.14524906224546963	0.10402767041952858	-0.13755431668438073	0.17990617212468588	-0.12571262654025567	0.0943375902149837	-0.08736636015490941	0.09513462032183823	-0.08436199103176528	0.1059548619031957	-0.11456041868591221	0.05112302683973945	-0.05557650998336045	0.08041004086431788	-0.061810077250745284	0.0738055841582203	-0.021682148165472745	0.051922894414774476	-0.06241734853948643	0.07431472963426597	-0.04992958761694613	0.02455152236447874	-0.03908152142459281	0.05140044393275435	-0.09323764030966955	0.06977586671828803
-0.054030456811527884	0.05320114369847681	-0.13202043495411644	0.15559815156924	-0.11773522157863335	0.10888464729438102	-0.15330306647833722	0.17172519148233473	-0.5765562730523082	0.14436498413744286	-0.10213479188132372	0.17123753021630247	-0.31456404011490147	1.000000000000001	-0.5719538826965361	0.09367236181290967	-0.16707536626812555	0.23342024620406954	-0.36510520600602997	0.22908659530118475	-0.07801459191223217	0.09821452653725928	-0.13153742606518326	0.1353855256568579	-0.1302608042845491	0.0700439236647172	-0.07686436960484272	0.07981891810079056	-0.11096808820710516	0.15275294012570084	-0.04473453158154413	0.04878925132642331	-0.0770566112767469	0.06582715515253305	-0.08028627373713375	0.019345822314648133	-0.05153899345714481	0.062364636832353396	-0.0782098660621106	0.053968855344698925	-0.022023964313210267	0.03934635057523319	-0.05163745359815666	0.09947755958343583	-0.07406751558489902
0.07390031781423499	-0.07386289219183959	0.16451121936598767	-0.21011990885593462	0.15037833425694966	-0.1483295762885081	0.18859714375321532	-0.21666391837158033	0.3278678878304301	-0.20238748621598274	0.1318781086890925	-0.21509273217133087	0.23790452861757702	-0.5719538826965361	0.9999999999999989	-0.12820176632252947	0.21186763706406736	-0.27481258481473536	0.2539147760941485	-0.2785910209298268	0.1051462653814105	-0.13100123726997162	0.17102358909833434	-0.18303294128491704	0.1595822158693359	-0.09702474651495845	0.10524577006109201	-0.11171954097462598	0.14855191495152006	-0.20629427278179327	0.06263043957513385	-0.06877983866415098	0.10738912421774813	-0.09312363050794407	0.11336805484507673	-0.027417116988685437	0.074230171393736	-0.09047130801603538	0.1116599730762675	-0.07721206959872629	0.031165917845907533	-0.05734855018209503	0.07475854750258837	-0.148971433361659	0.10694303723967995
-0.039298914177650475	0.038335366635620614	-0.07960231469065462	0.08714047166608238	-0.05603088548091355	0.10392870519663014	-0.12361591644365251	0.11072219273038418	-0.1234709625630896	0.06372323333603791	-0.10637959531050269	0.16000005991067182	-0.12713288346547708	0.09367236181290967	-0.12820176632252947	1.0000000000000004	-0.382370839992395	0.1599965017371205	-0.08852866637205989	0.079210346764232	-0.7542457054860966	0.28690276816131044	-0.31411932164645845	0.13661388599213964	-0.06954770081752142	0.22895261666233646	-0.26158389178698555	0.12323247757225805	-0.12770028915606138	0.08321424032903582	-0.10689293329997143	0.1049252597216628	-0.11899936456759126	0.06914812120671668	-0.07816923695023267	0.04051746073480297	-0.0672333749426067	0.07900439731678943	-0.08300804104280525	0.052880651018359516	-0.045681175113486176	0.04849186789872465	-0.06461843580601147	0.09726308012089888	-0.07478828866629998
0.0731014383246039	-0.07334909020091511	0.15275950305201513	-0.17509368867160913	0.10353035279943999	-0.2114274327883508	0.24028933339495015	-0.2343070911327196	0.2084202041744282	-0.12095899730450807	0.19094157842838125	-0.45876793281037626	0.2523227368442939	-0.16707536626812555	0.21186763706406736	-0.382370839992395	1.0000000000000018	-0.3766862218037667	0.14506723260682639	-0.13220144917814722	0.24177110738033306	-0.3808135788560904	0.2849138250305426	-0.17935060934887365	0.10350671977397292	-0.18738808322109937	0.18807510148741416	-0.13505819274424902	0.14969934362288925	-0.12775341701751725	0.09289059747108995	-0.10222142476486656	0.12460723226898761	-0.08692003992191416	0.10075824133126798	-0.03828717053087984	0.07795434637275789	-0.09528942396255714	0.10446372150457847	-0.06892035048257261	0.04258276923052371	-0.058777477156923455	0.07688011981355253	-0.13495617575162733	0.09727066892333175
-0.06964517140357	0.0671846176622151	-0.16699081949534628	0.16145294599457843	-0.1071256851897783	0.15514332723655083	-0.24236258643175013	0.23386903439274226	-0.26672134828631555	0.11956318726351631	-0.16082053497860746	0.2692979581626829	-0.695349622965449	0.23342024620406954	-0.27481258481473536	0.1599965017371205	-0.3766862218037667	1.000000000000001	-0.2097199338822958	0.15677305672715308	-0.1385084472629239	0.1831494961418714	-0.2836128190966588	0.15028183432019002	-0.10912915709191448	0.11116949664769472	-0.12459770043175171	0.10513510074548232	-0.1312292854570526	0.12719529728268372	-0.0643799696157861	0.06924804755745208	-0.10082623708887631	0.0740153659253625	-0.08796604053654822	0.026998423309802837	-0.06320180564462516	0.07521021852798776	-0.08921921423854798	0.05921488124435629	-0.03063949118990352	0.04696844252914917	-0.06213383698084596	0.10821350137039187	-0.08308161252200663
0.04222049671952774	-0.04148145987079601	0.09516179541226381	-0.11161843907651978	0.07934416949272913	-0.08689173119913265	0.11661670198084	-0.1261056199152125	0.23082241194171502	-0.0961563071800189	0.08093258362799861	-0.1323802126605506	0.16962988827216252	-0.36510520600602997	0.2539147760941485	-0.08852866637205989	0.14506723260682639	-0.2097199338822958	1.000000000000001	-0.7472251818411484	0.07434546490039194	-0.09523988636695625	0.13006646332580898	-0.21564930725679635	0.24736282172829385	-0.07048770852601294	0.07756665287675374	-0.09497316183343314	0.15176628322207822	-0.296786725794955	0.047807303989647526	-0.05226561702149079	0.09094207245077666	-0.08554758419914289	0.10516918167557122	-0.020604686524362106	0.05911364474806298	-0.0724873042821512	0.09597653976437635	-0.06930068772059958	0.023543439132310075	-0.045327623709555634	0.05990185569003986	-0.11772296252917355	0.08932066583455517
-0.03781036374567281	0.03679355847195128	-0.08507651540151517	0.09720083615473754	-0.07284528140318446	0.07578753232581394	-0.10405374955009776	0.1078808454827	-0.22828823797495867	0.08556872042493856	-0.07188228406971928	0.1134467440617326	-0.14524906224546963	0.22908659530118475	-0.2785910209298268	0.079210346764232	-0.13220144917814722	0.15677305672715308	-0.7472251818411484	0.9999999999999987	-0.06768903694933574	0.08554465665894742	-0.11956466235908397	0.17728452408355896	-0.4260205677223983	0.0642075739963115	-0.07164040345373147	0.08829949425347242	-0.14832236992705475	0.26628917948889347	-0.0446091940146372	0.048384381449914804	-0.0867863137661448	0.08145910110729833	-0.10386660114822853	0.0191881143164663	-0.055892617598879105	0.0673982897106302	-0.0933409291767541	0.066524480536298	-0.02201495631538864	0.04231221736540211	-0.05627543755552974	0.1075578713332771	-0.08729948196163852
0.03255626867315151	-0.032082372693368034	0.06630618557258038	-0.07459273172108231	0.046984756301464106	-0.08683785629155905	0.09884668896236937	-0.09406283732443961	0.10132849797494664	-0.05408883913774511	0.08254833642260623	-0.13330232133004152	0.10402767041952858	-0.07801459191223217	0.1051462653814105	-0.7542457054860966	0.24177110738033306	-0.1385084472629239	0.07434546490039194	-0.06768903694933574	0.9999999999999992	-0.42078102580081395	0.25297995189577677	-0.12208527506279578	0.05938729161915181	-0.33551802778584733	0.24441214260404653	-0.11155261529539512	0.10747518042328134	-0.07201983472305905	0.10535202089258021	-0.10787549828702266	0.10243361432883698	-0.05892535388946283	0.06573913601943841	-0.03878913715821757	0.057132182104667695	-0.06918235450350269	0.06979376340198351	-0.04474229496762507	0.04219435259227315	-0.04188416998883898	0.05525460614762998	-0.08497127916220315	0.06286628326316769
-0.03942795638372731	0.03874035057354232	-0.08155152182871483	0.09055625286632624	-0.057462071257480596	0.10033094620495424	-0.12297123467132612	0.11547813422721842	-0.1261268804541211	0.06592602144073693	-0.09625489613638714	0.16479797640391317	-0.13755431668438073	0.09821452653725928	-0.13100123726997162	0.28690276816131044	-0.3808135788560904	0.1831494961418714	-0.09523988636695625	0.08554465665894742	-0.42078102580081395	0.9999999999999976	-0.6719364249625507	0.1658692833877606	-0.07651309801431576	0.2306811419336543	-0.31650934099728606	0.14297210133859262	-0.14659990816415802	0.0907754286448572	-0.10198793914114664	0.10785565304567928	-0.1290344520938855	0.07394280368134874	-0.08202978631461919	0.03889127858531028	-0.06938215554004619	0.08374990810941167	-0.0870412267978274	0.05544754206794633	-0.04317156914960949	0.05051551826520251	-0.06737899164168586	0.10275162025609538	-0.07746684599864813
0.05134675968136175	-0.05093062171984503	0.1072714483103245	-0.1226028991111798	0.0763762739031327	-0.12988979905223866	0.15187758014375646	-0.15499719699677286	0.16454948465307098	-0.0887680466704403	0.11749686383287071	-0.20493024023918305	0.17990617212468588	-0.13153742606518326	0.17102358909833434	-0.31411932164645845	0.2849138250305426	-0.2836128190966588	0.13006646332580898	-0.11956466235908397	0.25297995189577677	-0.6719364249625507	0.9999999999999986	-0.2822161053141714	0.10706784915388559	-0.22384776514385368	0.2230271753221688	-0.20161493901386426	0.1956873434379273	-0.1282651892639799	0.1082683278570309	-0.12182174552898581	0.15930652154439345	-0.0979733046493115	0.10747965873997616	-0.04348242209099935	0.08788666609622946	-0.11014039071705528	0.11328340383329304	-0.07309738793406612	0.04811488903233741	-0.06544287202537885	0.08651821939359575	-0.13935982611336337	0.10118900149564333
-0.039936890484011514	0.03870817401111711	-0.08284953969515285	0.09284109173534134	-0.06536289885371935	0.0854008785020825	-0.1098090985563633	0.10746685748436174	-0.16781517333757323	0.07462201027198792	-0.08091935360477977	0.1257814003330372	-0.12571262654025567	0.1353855256568579	-0.18303294128491704	0.13661388599213964	-0.17935060934887365	0.15028183432019002	-0.21564930725679635	0.17728452408355896	-0.12208527506279578	0.1658692833877606	-0.2822161053141714	0.9999999999999968	-0.24919243250111278	0.12790016382780797	-0.14782045379674427	0.24272595613448947	-0.7270464607718787	0.21877674958833554	-0.1002219223228579	0.10709730313772778	-0.23897742834008318	0.18216427006624483	-0.19123178874180843	0.04150530359560749	-0.12634807721898467	0.1485439547909953	-0.20273679982869713	0.122415359270515	-0.048200392441872436	0.09014291860817505	-0.1239826673474349	0.18971491645012753	-0.16240918361744178
0.028190536061520406	-0.02743762774621773	0.06064495619990692	-0.06948180430257272	0.05033513381213051	-0.05749205075765831	0.07593659463695095	-0.07773540950252297	0.13935228564952634	-0.05875345207934178	0.05397811172695671	-0.08442371526794085	0.0943375902149837	-0.1302608042845491	0.1595822158693359	-0.06954770081752142	0.10350671977397292	-0.10912915709191448	0.24736282172829385	-0.4260205677223983	0.05938729161915181	-0.07651309801431576	0.10706784915388559	-0.24919243250111278	0.9999999999999988	-0.060173787396187256	0.06677339968043525	-0.09655989154976513	0.17174485565753575	-0.7929411588813636	0.04405487069953858	-0.048224752961879135	0.09284717001632625	-0.10344969318558656	0.1354578977752136	-0.01894543830619772	0.059309256029034	-0.0736142138416674	0.1069982189009353	-0.08559512716839651	0.02175110962270687	-0.04584128614493513	0.061008864174242436	-0.12485820598473885	0.09902223051021883
-0.0279937444293457	0.027337952125615416	-0.05668819075652432	0.06310525364809802	-0.04116317691683669	0.06816528346264637	-0.08266948601155806	0.07769614725792516	-0.09241942391395792	0.046990896461004114	-0.0654277774725386	0.1034897034560563	-0.08736636015490941	0.0700439236647172	-0.09702474651495845	0.22895261666233646	-0.18738808322109937	0.11116949664769472	-0.07048770852601294	0.0642075739963115	-0.33551802778584733	0.2306811419336543	-0.22384776514385368	0.12790016382780797	-0.060173787396187256	1.0000000000000009	-0.786355809831937	0.16279843473645478	-0.127797539293438	0.07290269836677311	-0.2820431656967707	0.2099408762985201	-0.15654309316118695	0.07081372638569271	-0.07639063089957622	0.07680626369436727	-0.07624847196870554	0.09080789748325578	-0.08291978639279689	0.05180502864201217	-0.08348669313402868	0.05432949801193923	-0.07233565674973126	0.0965453470339951	-0.07257902785296322
0.030835241613222375	-0.030313233112484357	0.06253856489114866	-0.07077070048322524	0.04547273264491874	-0.07631780292699626	0.08966007529134137	-0.08687014567051664	0.10040502991576439	-0.05232378859204784	0.07116821396783907	-0.11528921410549238	0.09513462032183823	-0.07686436960484272	0.10524577006109201	-0.26158389178698555	0.18807510148741416	-0.12459770043175171	0.07756665287675374	-0.07164040345373147	0.24441214260404653	-0.31650934099728606	0.2230271753221688	-0.14782045379674427	0.06677339968043525	-0.786355809831937	1.0	-0.21856245038768007	0.13900871244302346	-0.08199524447969044	0.19802357405245244	-0.2309633535697496	0.16515921633499453	-0.07709324939826091	0.08175931642285125	-0.0695817419992928	0.07992246590555557	-0.10060153566839009	0.08846921167058075	-0.05587563535761744	0.07248447957015913	-0.05847384061689139	0.07697313084858057	-0.10782622288013871	0.07758435998073077
-0.02806408179411901	0.027311995751659834	-0.05698568290583215	0.06416839134038411	-0.043630985977147346	0.06246192782206405	-0.0773886865910041	0.07550105385993137	-0.10404404828689191	0.049837116807873304	-0.05856716500582588	0.09173412611677174	-0.08436199103176528	0.07981891810079056	-0.11171954097462598	0.12323247757225805	-0.13505819274424902	0.10513510074548232	-0.09497316183343314	0.08829949425347242	-0.11155261529539512	0.14297210133859262	-0.20161493901386426	0.24272595613448947	-0.09655989154976513	0.16279843473645478	-0.21856245038768007	1.0000000000000013	-0.4027869867056315	0.11726460177095403	-0.15144836497848663	0.16225200437490564	-0.7338477332103395	0.16055611349882387	-0.1518205672054808	0.05551338310807225	-0.17383444789066066	0.21970920346577355	-0.1721480658394278	0.10033232291806612	-0.06499412399624836	0.11655688271058007	-0.17321123576484507	0.17596290460757205	-0.13503138630920603
0.03515004694463289	-0.03432454954035659	0.07198918906474132	-0.08216756974362807	0.056237206665566655	-0.0766912593051958	0.09503107220570615	-0.09504685729659393	0.13709849067418314	-0.06484322371039623	0.07093174285771249	-0.11149307080594345	0.1059548619031957	-0.11096808820710516	0.14855191495152006	-0.12770028915606138	0.14969934362288925	-0.1312292854570526	0.15176628322207822	-0.14832236992705475	0.10747518042328134	-0.14659990816415802	0.1956873434379273	-0.7270464607718787	0.17174485565753575	-0.127797539293438	0.13900871244302346	-0.4027869867056315	1.000000000000001	-0.2170164625577112	0.09661584547279813	-0.11046469450137232	0.24109018000847382	-0.23344635802740388	0.1785158612389448	-0.04019242883618198	0.12061579845899972	-0.16462728489542508	0.1933040753706916	-0.12018673377434032	0.04579111415628328	-0.09182339735060789	0.12284843631244244	-0.2069961013850305	0.14757429759650353
-0.034611695477844054	0.033462242194741344	-0.07440889875664419	0.08388575293707447	-0.062470666568371656	0.06923927314979234	-0.0931628326332954	0.09339330574726414	-0.17927993303217996	0.07175745693627152	-0.06586806716100942	0.1013313121449462	-0.11456041868591221	0.15275294012570084	-0.20629427278179327	0.08321424032903582	-0.12775341701751725	0.12719529728268372	-0.296786725794955	0.26628917948889347	-0.07201983472305905	0.0907754286448572	-0.1282651892639799	0.21877674958833554	-0.7929411588813636	0.07290269836677311	-0.08199524447969044	0.11726460177095403	-0.2170164625577112	1.000000000000001	-0.05484361704316057	0.05946319030306195	-0.1176770587506432	0.13324801544338077	-0.20918434817063794	0.02357642195083822	-0.07506893204675433	0.09101642628870436	-0.1445477514190844	0.11386058583164993	-0.027193895776174728	0.0571180830527335	-0.07663288954380128	0.15205451283148216	-0.13764568023885604
0.017185480642695396	-0.01678642568231211	0.03459953456401554	-0.03900616333232514	0.025838476458039338	-0.04006309477230711	0.04838518468809443	-0.04669346888578778	0.05907614720851004	-0.029570080878797887	0.03762581225006151	-0.059049510664712465	0.05112302683973945	-0.04473453158154413	0.06263043957513385	-0.10689293329997143	0.09289059747108995	-0.0643799696157861	0.047807303989647526	-0.0446091940146372	0.10535202089258021	-0.10198793914114664	0.1082683278570309	-0.1002219223228579	0.04405487069953858	-0.2820431656967707	0.19802357405245244	-0.15144836497848663	0.09661584547279813	-0.05484361704316057	0.999999999999999	-0.8540431659128864	0.1595139846643624	-0.060376166455342786	0.06119684682066039	-0.24290108583253878	0.07340759746921113	-0.09316629833651438	0.06757753345359076	-0.04215238418909545	0.19306237591521386	-0.05473945373167349	0.06684765394957276	-0.08435304081676423	0.058046534129260634
-0.01862733582039656	0.01813634257772438	-0.03748530776398248	0.041978727222159805	-0.028055347572412435	0.04288091511974638	-0.05256216852720869	0.050222179601465806	-0.06477167961004335	0.0319862351817741	-0.0406626839848663	0.06333493627232814	-0.05557650998336045	0.04878925132642331	-0.06877983866415098	0.1049252597216628	-0.10222142476486656	0.06924804755745208	-0.05226561702149079	0.048384381449914804	-0.10787549828702266	0.10785565304567928	-0.12182174552898581	0.10709730313772778	-0.048224752961879135	0.2099408762985201	-0.2309633535697496	0.16225200437490564	-0.11046469450137232	0.05946319030306195	-0.8540431659128864	0.9999999999999997	-0.2261607293215511	0.06928946249127833	-0.07063343764745207	0.18142789387668226	-0.08894548822946059	0.1057761258663588	-0.07858232762430233	0.04809653434524416	-0.22219375389872817	0.0629405141597795	-0.07927217918080734	0.0925106935475987	-0.0665598490902835
0.027346935255034722	-0.02669622538239836	0.055306079345256005	-0.06286081740824105	0.042443286649021396	-0.06096898176161489	0.07444476101530238	-0.07355001059372092	0.10008452145680828	-0.048691721500483176	0.0564676215873544	-0.08864502324699243	0.08041004086431788	-0.0770566112767469	0.10738912421774813	-0.11899936456759126	0.12460723226898761	-0.10082623708887631	0.09094207245077666	-0.0867863137661448	0.10243361432883698	-0.1290344520938855	0.15930652154439345	-0.23897742834008318	0.09284717001632625	-0.15654309316118695	0.16515921633499453	-0.7338477332103395	0.24109018000847382	-0.1176770587506432	0.1595139846643624	-0.2261607293215511	0.9999999999999983	-0.18676307733967	0.14875859089032747	-0.058796167168503694	0.17790791582180537	-0.3701883086592882	0.16981066166090636	-0.10177376431308295	0.06682317677100216	-0.13301485232957316	0.1861114014245028	-0.1995773969002219	0.132253589147065
-0.021507855630281982	0.020863016687466592	-0.043476787260956024	0.04925208818715962	-0.034480704061578764	0.04512686843935438	-0.05680285773576954	0.05608920023809939	-0.08530957403691991	0.039384610015574355	-0.042102557472392825	0.06452301398705117	-0.061810077250745284	0.06582715515253305	-0.09312363050794407	0.06914812120671668	-0.08692003992191416	0.0740153659253625	-0.08554758419914289	0.08145910110729833	-0.05892535388946283	0.07394280368134874	-0.0979733046493115	0.18216427006624483	-0.10344969318558656	0.07081372638569271	-0.07709324939826091	0.16055611349882387	-0.23344635802740388	0.13324801544338077	-0.060376166455342786	0.06928946249127833	-0.18676307733967	0.999999999999998	-0.5502998503660843	0.025591621858732226	-0.09955912402146357	0.13789329834621367	-0.6886880476583074	0.2545336646829431	-0.02928908629118488	0.08102625417615215	-0.11014379193010171	0.25950817172657425	-0.2439439336112883
0.025987296373012007	-0.025215986301905354	0.05241675482733081	-0.05959164780027878	0.041817178952562435	-0.05394709483694318	0.0678938937876409	-0.06738966151810553	0.10361158101274337	-0.0478411134377269	0.050157904198851556	-0.07659814301431021	0.0738055841582203	-0.08028627373713375	0.11336805484507673	-0.07816923695023267	0.10075824133126798	-0.08796604053654822	0.10516918167557122	-0.10386660114822853	0.06573913601943841	-0.08202978631461919	0.10747965873997616	-0.19123178874180843	0.1354578977752136	-0.07639063089957622	0.08175931642285125	-0.1518205672054808	0.1785158612389448	-0.20918434817063794	0.06119684682066039	-0.07063343764745207	0.14875859089032747	-0.5502998503660843	0.9999999999999968	-0.027103893094022526	0.10985875848218603	-0.15401225690449594	0.3158746163254854	-0.5520218338561172	0.030801679436182176	-0.09667584919182072	0.1266386126296276	-0.37416324185476835	0.29379474831099284
-0.007428275137434229	0.007241510429957007	-0.014893291944314418	0.016782050469287286	-0.01121238009044525	0.01697960133539107	-0.020637482811538613	0.019913700700795924	-0.02580133578873113	0.012806474051732181	-0.015949423337375177	0.02478980117209927	-0.021682148165472745	0.019345822314648133	-0.027417116988685437	0.04051746073480297	-0.03828717053087984	0.026998423309802837	-0.020604686524362106	0.0191881143164663	-0.03878913715821757	0.03889127858531028	-0.04348242209099935	0.04150530359560749	-0.01894543830619772	0.07680626369436727	-0.0695817419992928	0.05551338310807225	-0.04019242883618198	0.02357642195083822	-0.24290108583253878	0.18142789387668226	-0.058796167168503694	0.025591621858732226	-0.027103893094022526	0.999999999999996	-0.04185793254121706	0.04208828245633686	-0.02990042752195276	0.01878205496769035	-0.9472578006973129	0.03312480941847531	-0.03356139440371726	0.03891587817853691	-0.026425204337970146
0.01844508767288754	-0.017911594437468596	0.036914498113227605	-0.041795072491929576	0.02879505398574257	-0.039539566818017	0.048959541086200375	-0.048073040458214575	0.06885671677209561	-0.0328267891391344	0.036786039261269866	-0.05648084896784925	0.051922894414774476	-0.05153899345714481	0.074230171393736	-0.0672333749426067	0.07795434637275789	-0.06320180564462516	0.05911364474806298	-0.055892617598879105	0.057132182104667695	-0.06938215554004619	0.08788666609622946	-0.12634807721898467	0.059309256029034	-0.07624847196870554	0.07992246590555557	-0.17383444789066066	0.12061579845899972	-0.07506893204675433	0.07340759746921113	-0.08894548822946059	0.17790791582180537	-0.09955912402146357	0.10985875848218603	-0.04185793254121706	0.9999999999999961	-0.5070391325096899	0.1268887172466208	-0.08089203881040898	0.045549996190952964	-0.7249052857887869	0.32516420292388715	-0.23032907042232165	0.11949819645702878
-0.0219631445985782	0.02124582606917054	-0.044064489509738416	0.04945871768590935	-0.03446848143096503	0.046650208049038674	-0.05865927404799283	0.05695332114176144	-0.08368562119261248	0.039099046460946016	-0.04389575959425169	0.06703063985598247	-0.06241734853948643	0.062364636832353396	-0.09047130801603538	0.07900439731678943	-0.09528942396255714	0.07521021852798776	-0.0724873042821512	0.0673982897106302	-0.06918235450350269	0.08374990810941167	-0.11014039071705528	0.1485439547909953	-0.0736142138416674	0.09080789748325578	-0.10060153566839009	0.21970920346577355	-0.16462728489542508	0.09101642628870436	-0.09316629833651438	0.1057761258663588	-0.3701883086592882	0.13789329834621367	-0.15401225690449594	0.04208828245633686	-0.5070391325096899	0.9999999999999958	-0.18835765853193587	0.10916168395607136	-0.0482505545541906	0.2984361997132202	-0.6077148665266456	0.23822703049176303	-0.16515854987814016
0.026526303854251317	-0.025739992903618763	0.05317767882505601	-0.06041400905820492	0.042137505416767314	-0.05541037997251501	0.06929231973727533	-0.06855672548811009	0.10273681612644779	-0.04813163494559302	0.05146599815388231	-0.07856610669112946	0.07431472963426597	-0.0782098660621106	0.1116599730762675	-0.08300804104280525	0.10446372150457847	-0.08921921423854798	0.09597653976437635	-0.0933409291767541	0.06979376340198351	-0.0870412267978274	0.11328340383329304	-0.20273679982869713	0.1069982189009353	-0.08291978639279689	0.08846921167058075	-0.1721480658394278	0.1933040753706916	-0.1445477514190844	0.06757753345359076	-0.07858232762430233	0.16981066166090636	-0.6886880476583074	0.3158746163254854	-0.02990042752195276	0.1268887172466208	-0.18835765853193587	0.9999999999999953	-0.34677935757611766	0.03395303961650039	-0.11080667240211167	0.14708759812553535	-0.43036778615144505	0.25825353057208367
-0.017696477610592485	0.017138220709442778	-0.035609782792168546	0.04033103377283447	-0.02842916786640255	0.03654722998145831	-0.04619326929773867	0.04559343149282073	-0.07058936965719284	0.032417674608093194	-0.03410769740693833	0.05186353995267934	-0.04992958761694613	0.053968855344698925	-0.07721206959872629	0.052880651018359516	-0.06892035048257261	0.05921488124435629	-0.06930068772059958	0.066524480536298	-0.04474229496762507	0.05544754206794633	-0.07309738793406612	0.122415359270515	-0.08559512716839651	0.05180502864201217	-0.05587563535761744	0.10033232291806612	-0.12018673377434032	0.11386058583164993	-0.04215238418909545	0.04809653434524416	-0.10177376431308295	0.2545336646829431	-0.5520218338561172	0.01878205496769035	-0.08089203881040898	0.10916168395607136	-0.34677935757611766	0.9999999999999951	-0.021413051791579193	0.0700467400921384	-0.094178652140363	0.27708331789922935	-0.678454726617737
0.008449032008418407	-0.00824542969599066	0.016934275459668514	-0.019142547182734403	0.012767609100518457	-0.01930964512713432	0.023365592725464988	-0.02266536292823052	0.029324581816353324	-0.014604548265497248	0.018052338975130925	-0.028104301377088803	0.02455152236447874	-0.022023964313210267	0.031165917845907533	-0.045681175113486176	0.04258276923052371	-0.03063949118990352	0.023543439132310075	-0.02201495631538864	0.04219435259227315	-0.04317156914960949	0.04811488903233741	-0.048200392441872436	0.02175110962270687	-0.08348669313402868	0.07248447957015913	-0.06499412399624836	0.04579111415628328	-0.027193895776174728	0.19306237591521386	-0.22219375389872817	0.06682317677100216	-0.02928908629118488	0.030801679436182176	-0.9472578006973129	0.045549996190952964	-0.0482505545541906	0.03395303961650039	-0.021413051791579193	0.9999999999999952	-0.03744965111895931	0.037695652975299566	-0.04503525063928531	0.030007137513027176
-0.013916026742265114	0.013461035817051707	-0.027842637841079886	0.0313074095817419	-0.021850422359858988	0.029374503087993904	-0.03688319609351501	0.03590172086207761	-0.05301727895118627	0.024788051777340052	-0.027566481923292516	0.04199010067301964	-0.03908152142459281	0.03934635057523319	-0.05734855018209503	0.04849186789872465	-0.058777477156923455	0.04696844252914917	-0.045327623709555634	0.04231221736540211	-0.04188416998883898	0.05051551826520251	-0.06544287202537885	0.09014291860817505	-0.04584128614493513	0.05432949801193923	-0.05847384061689139	0.11655688271058007	-0.09182339735060789	0.0571180830527335	-0.05473945373167349	0.0629405141597795	-0.13301485232957316	0.08102625417615215	-0.09667584919182072	0.03312480941847531	-0.7249052857887869	0.2984361997132202	-0.11080667240211167	0.0700467400921384	-0.03744965111895931	0.9999999999999949	-0.5838978089379079	0.18405589842070308	-0.11002819248398203
0.018238007299868714	-0.01767126621300169	0.03653265610406758	-0.04120245417671929	0.028618344023440462	-0.03873773291216178	0.048382197402504185	-0.04730482051752946	0.06916001230621618	-0.03253853726519257	0.03621304186805514	-0.05539949978906451	0.05140044393275435	-0.05163745359815666	0.07475854750258837	-0.06461843580601147	0.07688011981355253	-0.06213383698084596	0.05990185569003986	-0.05627543755552974	0.05525460614762998	-0.06737899164168586	0.08651821939359575	-0.1239826673474349	0.061008864174242436	-0.07233565674973126	0.07697313084858057	-0.17321123576484507	0.12284843631244244	-0.07663288954380128	0.06684765394957276	-0.07927217918080734	0.1861114014245028	-0.11014379193010171	0.1266386126296276	-0.03356139440371726	0.32516420292388715	-0.6077148665266456	0.14708759812553535	-0.094178652140363	0.037695652975299566	-0.5838978089379079	0.9999999999999951	-0.33578557451205354	0.14535495590944297
