1.0000000000000002	-0.7142614688368703	0.29630133866434366	-0.056593524788107294	0.05722964874414754	-0.37651443794547707	0.25542800756847944	-0.22682736115221172	0.060497212764686885	-0.06066611955327783	0.2519577135085352	-0.1979510647828565	0.16329950483465405	-0.10070627984780839	0.10136228217194539	-0.2207340657411282	0.15194107602929974	-0.16317480917467495	0.09252392651796432	-0.09768606869188821	0.05607313296563631	-0.05890068809620693	0.13131345205547434	-0.079305589825502	0.08120598631522741	-0.054008274925429256	0.05820275722374737	-0.08521621085504838	0.07212978545540923	-0.060644339060906174	0.08630905224937675	-0.07864138547419905	0.0853258850410551	-0.05745668031926032	0.061224712133973486
-0.7142614688368703	0.9999999999999998	-0.4820979685707052	0.05675432802647787	-0.055682887559125684	0.2248200504720088	-0.35385230341791424	0.2183095292219074	-0.05887755435684137	0.05613518010435025	-0.22501733532436205	0.178547836810519	-0.1569808726636197	0.08732663396446073	-0.08876452011203549	0.17516837692020995	-0.13537047815189598	0.13808051606113336	-0.0799355977827044	0.08257656895343816	-0.0459799975712706	0.04848830257933914	-0.11144816474150271	0.06629029792270993	-0.06828144604068125	0.04393957102411341	-0.04789496148850256	0.0701283869065086	-0.0599979565359323	0.05027142349093373	-0.06999905316257349	0.06328866268292083	-0.07048054185522852	0.04727190292194362	-0.0506663482828596
0.29630133866434366	-0.4820979685707052	0.9999999999999992	-0.11737534638964364	0.10358427506979084	-0.218695069371037	0.26703272395995276	-0.33269299334167507	0.1050803795399618	-0.10259425469349152	0.22046186359158312	-0.23888626921908118	0.2163764415291752	-0.14251223540169905	0.14357640758936988	-0.293314945060235	0.19622683205010327	-0.22631097778715087	0.12963595376550907	-0.13933226661175546	0.07830437395665857	-0.08247557820080242	0.1834551518592726	-0.11249034760457409	0.11493914973609869	-0.07607201519274759	0.08197085075724146	-0.12164573358033041	0.10257386087794867	-0.0864992624974438	0.12420643220355759	-0.11350274230953189	0.12171350544703358	-0.0822754247433063	0.08738215494082352
-0.056593524788107294	0.05675432802647787	-0.11737534638964364	0.9999999999999991	-0.6837325758634986	0.04287980448393306	-0.06679485862860632	0.08227837470919735	-0.6346950465448867	0.3284565294477244	-0.04947632892291361	0.058758399053790565	-0.06612822312082405	0.07614564038929468	-0.09121806188710181	0.06606588314240744	-0.05091175572482744	0.06311216168110018	-0.05572197678153201	0.06574642655031089	-0.019701075192394984	0.021182186570069494	-0.052627046985255964	0.03699679495774886	-0.038327218068132114	0.01891639014005658	-0.021054587221202403	0.03362149392707797	-0.03056435378519533	0.026485827382097354	-0.030504965623563234	0.027883962676706252	-0.03317174732327331	0.023436289526928288	-0.025024985621903105
0.05722964874414754	-0.055682887559125684	0.10358427506979084	-0.6837325758634986	0.9999999999999996	-0.04429671328163545	0.0657230771720411	-0.08006634701251636	0.3321771731459943	-0.6247912205165423	0.05162722310733767	-0.06367947794796779	0.06910364375029329	-0.09723495693719998	0.11662344439711211	-0.07517249823614243	0.05643411896085135	-0.07303635791468839	0.06777788344318587	-0.08714115802577334	0.02253580584280688	-0.024320037878827503	0.060464795014282494	-0.04501450678790245	0.04621653898496213	-0.021708290193623112	0.024152348224560402	-0.03941062738002499	0.03613230506141803	-0.031753413516298505	0.03487984221340509	-0.03219739743973998	0.03843356056527546	-0.02769516425444181	0.029377862812123783
-0.37651443794547707	0.2248200504720088	-0.218695069371037	0.04287980448393306	-0.04429671328163545	0.9999999999999989	-0.3199180590278533	0.1947008842641908	-0.04807629658670553	0.047209327834493	-0.7969042985073723	0.17715653384592533	-0.14938634560847946	0.0819549555127001	-0.08376669461291075	0.17859319476444743	-0.13703631989053036	0.13142001603305165	-0.07586615934568092	0.07762769054881327	-0.04476133818336184	0.0468742319155976	-0.10765723044326825	0.06308898154316823	-0.06524148400754824	0.042390666389078256	-0.04620878577960115	0.06666242638552705	-0.057278017147911836	0.04780528496767999	-0.0666619964417271	0.059840523960329184	-0.06734921259128042	0.04490337041050123	-0.048329706487231075
0.25542800756847944	-0.35385230341791424	0.26703272395995276	-0.06679485862860632	0.0657230771720411	-0.3199180590278533	0.9999999999999992	-0.6049417115738669	0.07893489854350005	-0.07579287915745246	0.24341937435734465	-0.44162044794318384	0.28940895053674703	-0.13484147251871256	0.12944476470461205	-0.25730391651511414	0.22101797833813933	-0.2188801051210975	0.11962186896001127	-0.11904737697173798	0.06293285750160385	-0.06697354157752433	0.15644964844192338	-0.0920364564385874	0.09418919922958363	-0.05933389529829618	0.06498743048823138	-0.09459547728137942	0.08113126001469993	-0.0680510153506972	0.09038237968505554	-0.08206197732051418	0.09366039322500991	-0.06296310711560159	0.06757593380997405
-0.22682736115221172	0.2183095292219074	-0.33269299334167507	0.08227837470919735	-0.08006634701251636	0.1947008842641908	-0.6049417115738669	0.999999999999999	-0.10979014521558475	0.0926508245842042	-0.22284109214904854	0.29517325816107337	-0.549967120555828	0.15686176361266987	-0.1568547670096472	0.2186779769857379	-0.21397122932866866	0.22503091434759742	-0.13874656233657526	0.12960418704926593	-0.06250315151729795	0.06713070088667741	-0.17327327959019734	0.09848382920837574	-0.102695642357082	0.05855401209592919	-0.06600698827084378	0.09846954931890432	-0.08671598393628663	0.07214567885904154	-0.09186840348885233	0.08198199029177641	-0.09899242943773245	0.0659816716456121	-0.0717303040533558
0.060497212764686885	-0.05887755435684137	0.1050803795399618	-0.6346950465448867	0.3321771731459943	-0.04807629658670553	0.07893489854350005	-0.10979014521558475	0.9999999999999994	-0.6684476929398177	0.05566265833765642	-0.07082026625120441	0.08192453027991131	-0.10824524314009115	0.1226258754486016	-0.07723381720832895	0.060604864940981544	-0.07750993034395659	0.07276791193048034	-0.08886428672249626	0.023136902470677213	-0.02500830518245711	0.06307052039076814	-0.04608004812296078	0.04748361411056461	-0.022181858206938968	0.02478423004093983	-0.04028195540024461	0.03701348533002656	-0.03240065346399795	0.035483757381580355	-0.03261962873034888	0.039352600940902996	-0.02820747454554573	0.030029744290927793
-0.06066611955327783	0.05613518010435025	-0.10259425469349152	0.3284565294477244	-0.6247912205165423	0.047209327834493	-0.07579287915745246	0.0926508245842042	-0.6684476929398177	0.999999999999999	-0.05614813196375207	0.07004109782485896	-0.08141300832206369	0.11716582251606526	-0.17663019230952046	0.0783057717979651	-0.062145588949253844	0.08038356242877473	-0.08160700696000507	0.10133288825737209	-0.024274149081272352	0.026301654865146188	-0.06761183315827271	0.05043424269481348	-0.052657019368073064	0.02325368808566992	-0.026140067259534272	0.04306557519778227	-0.040254629365637166	0.035293620966944925	-0.037387685087212186	0.03428255984505808	-0.04220528299214216	0.0304061817421616	-0.03250063849470661
0.2519577135085352	-0.22501733532436205	0.22046186359158312	-0.04947632892291361	0.05162722310733767	-0.7969042985073723	0.24341937435734465	-0.22284109214904854	0.05566265833765642	-0.05614813196375207	0.9999999999999996	-0.22053957003610583	0.16778085130897388	-0.10067160057367502	0.10127861098525877	-0.2549996338237821	0.16578532664601084	-0.16591387618699555	0.0931247284884891	-0.09723049249023628	0.05793854902878816	-0.060246302516347605	0.13307824328336484	-0.07929889572307859	0.08135141260879179	-0.055181696787598204	0.0591254324834682	-0.08483550491307956	0.07201731206209114	-0.060380356216425526	0.08574630640272696	-0.07781815111013166	0.08507131379923447	-0.05703727526815974	0.060963947343677716
-0.1979510647828565	0.178547836810519	-0.23888626921908118	0.058758399053790565	-0.06367947794796779	0.17715653384592533	-0.44162044794318384	0.29517325816107337	-0.07082026625120441	0.07004109782485896	-0.22053957003610583	0.9999999999999987	-0.5363423838738522	0.16305434489747297	-0.1633554644426964	0.28434094371130175	-0.5181159452916878	0.2684484961132126	-0.15195487860872242	0.1391298209556857	-0.07668839961973482	0.08276141596325147	-0.20016561962130516	0.11006147822724155	-0.11476667984897394	0.06990964823865635	-0.0798574144438893	0.11113095291994303	-0.09748355184657255	0.08058028723284325	-0.10556529397022431	0.09310596769001567	-0.11213871243619244	0.07386480157083768	-0.0806261234628263
0.16329950483465405	-0.1569808726636197	0.2163764415291752	-0.06612822312082405	0.06910364375029329	-0.14938634560847946	0.28940895053674703	-0.549967120555828	0.08192453027991131	-0.08141300832206369	0.16778085130897388	-0.5363423838738522	0.9999999999999986	-0.26052829491291774	0.18976137206990762	-0.26695672699575695	0.26299917572380377	-0.3999490680316953	0.18529891198862708	-0.16758180140290316	0.07093182910974855	-0.07757131259633325	0.20127129434945915	-0.11795471565223806	0.11905407304894446	-0.06635042574586544	0.07454712887703957	-0.11412196828947754	0.09854177091280973	-0.08309836599571543	0.09969387372967681	-0.0911094932337682	0.10976112290609828	-0.07458603743893594	0.08012072765196034
-0.10070627984780839	0.08732663396446073	-0.14251223540169905	0.07614564038929468	-0.09723495693719998	0.0819549555127001	-0.13484147251871256	0.15686176361266987	-0.10824524314009115	0.11716582251606526	-0.10067160057367502	0.16305434489747297	-0.26052829491291774	0.9999999999999983	-0.6665113352406219	0.16429496611373842	-0.15375025896160904	0.22764219725701176	-0.5595131673004471	0.3149346334737554	-0.056523729336104146	0.06255705203368277	-0.18169849245860473	0.14319891561522716	-0.15308650088640402	0.05336196324954012	-0.06189367060889608	0.10679962820625093	-0.10670136370345697	0.09306300677451929	-0.0845905743367289	0.07740517575476603	-0.1036923861936061	0.07575609169691443	-0.0823843747947871
0.10136228217194539	-0.08876452011203549	0.14357640758936988	-0.09121806188710181	0.11662344439711211	-0.08376669461291075	0.12944476470461205	-0.1568547670096472	0.1226258754486016	-0.17663019230952046	0.10127861098525877	-0.1633554644426964	0.18976137206990762	-0.6665113352406219	0.9999999999999996	-0.18648529442768305	0.1488330530725716	-0.23219765093503064	0.3194319390179204	-0.5405531118078514	0.059760389082912854	-0.06631942288628125	0.17928125474541834	-0.16841344723854237	0.17204229975614513	-0.05737241721440638	0.06521607321345693	-0.11777522237576626	0.11618596108536465	-0.1084338415248601	0.08947413269884406	-0.08495492624723941	0.10963242018983727	-0.08558755095017485	0.08979050437894859
-0.2207340657411282	0.17516837692020995	-0.293314945060235	0.06606588314240744	-0.07517249823614243	0.17859319476444743	-0.25730391651511414	0.2186779769857379	-0.07723381720832895	0.0783057717979651	-0.2549996338237821	0.28434094371130175	-0.26695672699575695	0.16429496611373842	-0.18648529442768305	0.9999999999999989	-0.6254537535834453	0.2899902033314695	-0.17195285319158846	0.16757969648338467	-0.16472101156423463	0.14483172283015605	-0.31303942210627633	0.16027640732858783	-0.17337782724964054	0.13289425625213114	-0.14334796068394823	0.1731788684396177	-0.15426658101110038	0.12400938147196279	-0.19504470861817014	0.1583909575692021	-0.18830518204495897	0.11764077704791912	-0.13163950381760198
0.15194107602929974	-0.13537047815189598	0.19622683205010327	-0.05091175572482744	0.05643411896085135	-0.13703631989053036	0.22101797833813933	-0.21397122932866866	0.060604864940981544	-0.062145588949253844	0.16578532664601084	-0.5181159452916878	0.26299917572380377	-0.15375025896160904	0.1488330530725716	-0.6254537535834453	0.9999999999999994	-0.4194410783250725	0.15605527412993137	-0.14925479316851323	0.10274944473543296	-0.11476634691573608	0.2223601926861907	-0.12243766779269924	0.12370825729964058	-0.09210734802958068	0.10111384857207344	-0.1271417441160058	0.1068749938940281	-0.08886565383785143	0.12202331904458087	-0.11052161973492101	0.12406380763672117	-0.08197674325997552	0.0882533190466348
-0.16317480917467495	0.13808051606113336	-0.22631097778715087	0.06311216168110018	-0.07303635791468839	0.13142001603305165	-0.2188801051210975	0.22503091434759742	-0.07750993034395659	0.08038356242877473	-0.16591387618699555	0.2684484961132126	-0.3999490680316953	0.22764219725701176	-0.23219765093503064	0.2899902033314695	-0.4194410783250725	0.9999999999999989	-0.3461642821296145	0.23399387259478063	-0.1102874686823299	0.12524465434998505	-0.4960243418017316	0.2017458442228095	-0.2073665015774504	0.1001224203208908	-0.12147559097044917	0.19343315786599843	-0.16973189395912783	0.13759387520450336	-0.15410020752365072	0.13688260859760681	-0.188578044106201	0.12222871975713896	-0.13484573205828534
0.09252392651796432	-0.0799355977827044	0.12963595376550907	-0.05572197678153201	0.06777788344318587	-0.07586615934568092	0.11962186896001127	-0.13874656233657526	0.07276791193048034	-0.08160700696000507	0.0931247284884891	-0.15195487860872242	0.18529891198862708	-0.5595131673004471	0.3194319390179204	-0.17195285319158846	0.15605527412993137	-0.3461642821296145	1.0000000000000007	-0.6293048592844213	0.05960655860382495	-0.06726591423866395	0.2017024788059148	-0.2026802506308555	0.19146840790831826	-0.05650626890677459	0.06576756282021921	-0.12090725259851359	0.12388869533322246	-0.11289489879487005	0.0877438249151031	-0.08225419618937393	0.11200303332327502	-0.08611210426477822	0.0920635605984838
-0.09768606869188821	0.08257656895343816	-0.13933226661175546	0.06574642655031089	-0.08714115802577334	0.07762769054881327	-0.11904737697173798	0.12960418704926593	-0.08886428672249626	0.10133288825737209	-0.09723049249023628	0.1391298209556857	-0.16758180140290316	0.3149346334737554	-0.5405531118078514	0.16757969648338467	-0.14925479316851323	0.23399387259478063	-0.6293048592844213	0.9999999999999984	-0.06513107482221515	0.0729811640944374	-0.22517195153617794	0.21159161357817313	-0.30880275076808505	0.06171059658429335	-0.07281151893859758	0.1360687066478487	-0.15203305727884103	0.13890459793929724	-0.09934718358553611	0.0915293892264199	-0.13232320784290746	0.10183801422717738	-0.11403697665423101
0.05607313296563631	-0.0459799975712706	0.07830437395665857	-0.019701075192394984	0.02253580584280688	-0.04476133818336184	0.06293285750160385	-0.06250315151729795	0.023136902470677213	-0.024274149081272352	0.05793854902878816	-0.07668839961973482	0.07093182910974855	-0.056523729336104146	0.059760389082912854	-0.16472101156423463	0.10274944473543296	-0.1102874686823299	0.05960655860382495	-0.06513107482221515	1.0000000000000004	-0.5520241943600874	0.14507003041648608	-0.07740572586279093	0.07157293219094003	-0.7161178567147493	0.3146681326259327	-0.11212789189009628	0.07348288399583836	-0.06128440120924142	0.2136409135778791	-0.21855982525866202	0.10423374361561048	-0.06439890383472807	0.0627851661113551
-0.05890068809620693	0.04848830257933914	-0.08247557820080242	0.021182186570069494	-0.024320037878827503	0.0468742319155976	-0.06697354157752433	0.06713070088667741	-0.02500830518245711	0.026301654865146188	-0.060246302516347605	0.08276141596325147	-0.07757131259633325	0.06255705203368277	-0.06631942288628125	0.14483172283015605	-0.11476634691573608	0.12524465434998505	-0.06726591423866395	0.0729811640944374	-0.5520241943600874	1.0000000000000004	-0.2157056932209704	0.09329626720175993	-0.08493495604483389	0.3140035770578533	-0.6968250667422051	0.13347055522131704	-0.08741519794508709	0.07095869056262334	-0.22943151999034972	0.21191722304496471	-0.12252492477691912	0.07289039807138852	-0.07272981795465162
0.13131345205547434	-0.11144816474150271	0.1834551518592726	-0.052627046985255964	0.060464795014282494	-0.10765723044326825	0.15644964844192338	-0.17327327959019734	0.06307052039076814	-0.06761183315827271	0.13307824328336484	-0.20016561962130516	0.20127129434945915	-0.18169849245860473	0.17928125474541834	-0.31303942210627633	0.2223601926861907	-0.4960243418017316	0.2017024788059148	-0.22517195153617794	0.14507003041648608	-0.2157056932209704	0.9999999999999997	-0.40083657966199265	0.25194438195499275	-0.139164398561124	0.16868353243372258	-0.40638667422140357	0.2308745620793197	-0.1957595003667147	0.18046210147336203	-0.19163004041755657	0.24301399238231355	-0.17172783168554576	0.1685077769901193
-0.079305589825502	0.06629029792270993	-0.11249034760457409	0.03699679495774886	-0.04501450678790245	0.06308898154316823	-0.0920364564385874	0.09848382920837574	-0.04608004812296078	0.05043424269481348	-0.07929889572307859	0.11006147822724155	-0.11795471565223806	0.14319891561522716	-0.16841344723854237	0.16027640732858783	-0.12243766779269924	0.2017458442228095	-0.2026802506308555	0.21159161357817313	-0.07740572586279093	0.09329626720175993	-0.40083657966199265	0.9999999999999979	-0.7104079413436489	0.07385074252756839	-0.09119419830019726	0.21756925348194064	-0.390187423463329	0.2662656452037298	-0.11327631654646804	0.11248706413607301	-0.18726266466604255	0.16241728780015993	-0.18355389885399057
0.08120598631522741	-0.06828144604068125	0.11493914973609869	-0.038327218068132114	0.04621653898496213	-0.06524148400754824	0.09418919922958363	-0.102695642357082	0.04748361411056461	-0.052657019368073064	0.08135141260879179	-0.11476667984897394	0.11905407304894446	-0.15308650088640402	0.17204229975614513	-0.17337782724964054	0.12370825729964058	-0.2073665015774504	0.19146840790831826	-0.30880275076808505	0.07157293219094003	-0.08493495604483389	0.25194438195499275	-0.7104079413436489	1.0000000000000009	-0.07066004971128831	0.08303547167147976	-0.2102075884665266	0.28158008614929403	-0.4103281926085552	0.10905783199297929	-0.11291009467320576	0.17419307470256046	-0.18228433639683553	0.1894205757771267
-0.054008274925429256	0.04393957102411341	-0.07607201519274759	0.01891639014005658	-0.021708290193623112	0.042390666389078256	-0.05933389529829618	0.05855401209592919	-0.022181858206938968	0.02325368808566992	-0.055181696787598204	0.06990964823865635	-0.06635042574586544	0.05336196324954012	-0.05737241721440638	0.13289425625213114	-0.09210734802958068	0.1001224203208908	-0.05650626890677459	0.06171059658429335	-0.7161178567147493	0.3140035770578533	-0.139164398561124	0.07385074252756839	-0.07066004971128831	1.0	-0.49309897320640683	0.1136056231674059	-0.07484707342392248	0.06148514465814171	-0.34187651028488325	0.23592522107350042	-0.11163054319081872	0.06610377909776884	-0.06495668542038471
0.05820275722374737	-0.04789496148850256	0.08197085075724146	-0.021054587221202403	0.024152348224560402	-0.04620878577960115	0.06498743048823138	-0.06600698827084378	0.02478423004093983	-0.026140067259534272	0.0591254324834682	-0.0798574144438893	0.07454712887703957	-0.06189367060889608	0.06521607321345693	-0.14334796068394823	0.10111384857207344	-0.12147559097044917	0.06576756282021921	-0.07281151893859758	0.3146681326259327	-0.6968250667422051	0.16868353243372258	-0.09119419830019726	0.08303547167147976	-0.49309897320640683	0.9999999999999998	-0.158084973876962	0.09056877710911007	-0.07445759262575519	0.2480320519901145	-0.3411123708308563	0.13577213746966832	-0.07992135772736998	0.07687484329999733
-0.08521621085504838	0.0701283869065086	-0.12164573358033041	0.03362149392707797	-0.03941062738002499	0.06666242638552705	-0.09459547728137942	0.09846954931890432	-0.04028195540024461	0.04306557519778227	-0.08483550491307956	0.11113095291994303	-0.11412196828947754	0.10679962820625093	-0.11777522237576626	0.1731788684396177	-0.1271417441160058	0.19343315786599843	-0.12090725259851359	0.1360687066478487	-0.11212789189009628	0.13347055522131704	-0.40638667422140357	0.21756925348194064	-0.2102075884665266	0.1136056231674059	-0.158084973876962	1.0	-0.4067167961332209	0.23590477725961165	-0.19334434682902085	0.1931030030732651	-0.6493313551659523	0.25264978117008074	-0.26661942633307345
0.07212978545540923	-0.0599979565359323	0.10257386087794867	-0.03056435378519533	0.03613230506141803	-0.057278017147911836	0.08113126001469993	-0.08671598393628663	0.03701348533002656	-0.040254629365637166	0.07201731206209114	-0.09748355184657255	0.09854177091280973	-0.10670136370345697	0.11618596108536465	-0.15426658101110038	0.1068749938940281	-0.16973189395912783	0.12388869533322246	-0.15203305727884103	0.07348288399583836	-0.08741519794508709	0.2308745620793197	-0.390187423463329	0.28158008614929403	-0.07484707342392248	0.09056877710911007	-0.4067167961332209	0.9999999999999989	-0.6602054238779389	0.11971583759459498	-0.12810776218804204	0.24594732335267522	-0.29848690108731585	0.2658768750739691
-0.060644339060906174	0.05027142349093373	-0.0864992624974438	0.026485827382097354	-0.031753413516298505	0.04780528496767999	-0.0680510153506972	0.07214567885904154	-0.03240065346399795	0.035293620966944925	-0.060380356216425526	0.08058028723284325	-0.08309836599571543	0.09306300677451929	-0.1084338415248601	0.12400938147196279	-0.08886565383785143	0.13759387520450336	-0.11289489879487005	0.13890459793929724	-0.06128440120924142	0.07095869056262334	-0.1957595003667147	0.2662656452037298	-0.4103281926085552	0.06148514465814171	-0.07445759262575519	0.23590477725961165	-0.6602054238779389	1.0000000000000002	-0.10463878931867425	0.10690628349283607	-0.23031384684804043	0.2594660077164136	-0.46075643499711016
0.08630905224937675	-0.06999905316257349	0.12420643220355759	-0.030504965623563234	0.03487984221340509	-0.0666619964417271	0.09038237968505554	-0.09186840348885233	0.035483757381580355	-0.037387685087212186	0.08574630640272696	-0.10556529397022431	0.09969387372967681	-0.0845905743367289	0.08947413269884406	-0.19504470861817014	0.12202331904458087	-0.15410020752365072	0.0877438249151031	-0.09934718358553611	0.2136409135778791	-0.22943151999034972	0.18046210147336203	-0.11327631654646804	0.10905783199297929	-0.34187651028488325	0.2480320519901145	-0.19334434682902085	0.11971583759459498	-0.10463878931867425	1.0000000000000004	-0.7883970480352432	0.200069667121111	-0.12406849234619186	0.11022383850635839
-0.07864138547419905	0.06328866268292083	-0.11350274230953189	0.027883962676706252	-0.03219739743973998	0.059840523960329184	-0.08206197732051418	0.08198199029177641	-0.03261962873034888	0.03428255984505808	-0.07781815111013166	0.09310596769001567	-0.0911094932337682	0.07740517575476603	-0.08495492624723941	0.1583909575692021	-0.11052161973492101	0.13688260859760681	-0.08225419618937393	0.0915293892264199	-0.21855982525866202	0.21191722304496471	-0.19163004041755657	0.11248706413607301	-0.11291009467320576	0.23592522107350042	-0.3411123708308563	0.1931030030732651	-0.12810776218804204	0.10690628349283607	-0.7883970480352432	1.0000000000000002	-0.2848894992176697	0.13163754451867016	-0.12490928088211267
0.0853258850410551	-0.07048054185522852	0.12171350544703358	-0.03317174732327331	0.03843356056527546	-0.06734921259128042	0.09366039322500991	-0.09899242943773245	0.039352600940902996	-0.04220528299214216	0.08507131379923447	-0.11213871243619244	0.10976112290609828	-0.1036923861936061	0.10963242018983727	-0.18830518204495897	0.12406380763672117	-0.188578044106201	0.11200303332327502	-0.13232320784290746	0.10423374361561048	-0.12252492477691912	0.24301399238231355	-0.18726266466604255	0.17419307470256046	-0.11163054319081872	0.13577213746966832	-0.6493313551659523	0.24594732335267522	-0.23031384684804043	0.200069667121111	-0.2848894992176697	0.9999999999999999	-0.4653653745316786	0.26010158938668426
-0.05745668031926032	0.04727190292194362	-0.0822754247433063	0.023436289526928288	-0.02769516425444181	0.04490337041050123	-0.06296310711560159	0.0659816716456121	-0.02820747454554573	0.0304061817421616	-0.05703727526815974	0.07386480157083768	-0.07458603743893594	0.07575609169691443	-0.08558755095017485	0.11764077704791912	-0.08197674325997552	0.12222871975713896	-0.08611210426477822	0.10183801422717738	-0.06439890383472807	0.07289039807138852	-0.17172783168554576	0.16241728780015993	-0.18228433639683553	0.06610377909776884	-0.07992135772736998	0.25264978117008074	-0.29848690108731585	0.2594660077164136	-0.12406849234619186	0.13163754451867016	-0.4653653745316786	1.0000000000000002	-0.739068871404771
0.061224712133973486	-0.0506663482828596	0.08738215494082352	-0.025024985621903105	0.029377862812123783	-0.048329706487231075	0.06757593380997405	-0.0717303040533558	0.030029744290927793	-0.03250063849470661	0.060963947343677716	-0.0806261234628263	0.08012072765196034	-0.0823843747947871	0.08979050437894859	-0.13163950381760198	0.0882533190466348	-0.13484573205828534	0.0920635605984838	-0.11403697665423101	0.0627851661113551	-0.07272981795465162	0.1685077769901193	-0.18355389885399057	0.1894205757771267	-0.06495668542038471	0.07687484329999733	-0.26661942633307345	0.2658768750739691	-0.46075643499711016	0.11022383850635839	-0.12490928088211267	0.26010158938668426	-0.739068871404771	1.0000000000000002
