1.0	-0.32456553163144153	0.16156260623933258	-0.14033334563669314	0.1387941698939895	-0.5924758546122373	0.22835519857732042	-0.16902129776887476	0.15852022628830606	-0.11569220873701523	0.31739466904722374	-0.23036742680994174	0.151057594821546	-0.17361443356383668	0.18115403576973763	-0.3792726051221323	0.20001673833744202	-0.16862365245812067	0.15637971764316536	-0.16042814100546204	0.1704835105604594	-0.14922858942261483	0.21411967991229847	-0.1115768545655394	0.14745326573209233	-0.07071033190012863	0.07095474929453058	-0.08596777468245277	0.09538637683111428	-0.059542429746196994	0.07940788044208001	-0.0764927849297409	0.08065080631086297	-0.1437939787187537	0.0753643624193463
-0.32456553163144153	1.0	-0.4168202344556954	0.2509639967010614	-0.23947276335639994	0.20287489516586513	-0.5412397553208439	0.2727631753412948	-0.2994827993329251	0.18485873186008572	-0.23986058897465762	0.28001022054109437	-0.22997214363720883	0.2279193416983776	-0.2723661108333474	0.24558626394953476	-0.24099100812684737	0.19303412521330363	-0.2029191723602233	0.19764035228046103	-0.18937982017141272	0.15911866955268142	-0.2579848910648583	0.12236024960818312	-0.16998304952153903	0.07453235813073752	-0.07558306840717983	0.09068180487009782	-0.10271932988074516	0.06322763941581147	-0.08545273329645608	0.07965697652989638	-0.08542743802640139	0.14127115218418512	-0.08017712320096781
0.16156260623933258	-0.4168202344556954	0.9999999999999996	-0.7261674827171837	0.21885707573808716	-0.11325861237074249	0.22598214621964924	-0.3182938874211991	0.28725045749458833	-0.1929501013278647	0.1295394384812089	-0.19731809903936018	0.1852246922105111	-0.22094084541546483	0.19181088027126658	-0.16690913940952934	0.14722086411215954	-0.13302412070957667	0.13287803828495642	-0.15245714818487327	0.1137130197343098	-0.10110247797813282	0.15477107124502515	-0.08231079073170107	0.10952788251357286	-0.04754098897414553	0.048250837452560404	-0.05968953103857891	0.06721052363528882	-0.04191953317627341	0.05369538486631386	-0.051769867105112874	0.055754010772962465	-0.09890108772568673	0.05240861620553304
-0.14033334563669314	0.2509639967010614	-0.7261674827171837	0.9999999999999997	-0.3309474666626598	0.09576381510353695	-0.19633304009415498	0.2503419128630223	-0.4484805527149655	0.21702589997624103	-0.11204472819281253	0.1629593287085704	-0.17070517169080193	0.18956711083340128	-0.20193489104117524	0.13928388880021242	-0.12867588799661409	0.11651396619380336	-0.12207510026428178	0.14018123824135753	-0.09960514841990387	0.08762124733058135	-0.13766214869763746	0.07229763188384147	-0.09777305962432402	0.04120156518731428	-0.04188849193781666	0.05181460021594408	-0.05869589412122038	0.036505650377653735	-0.046673153897815144	0.0447664210809074	-0.04841827471715365	0.08480992146713127	-0.04563738150876147
0.1387941698939895	-0.23947276335639994	0.21885707573808716	-0.3309474666626598	0.9999999999999996	-0.09547945407449014	0.1654447786273967	-0.20355461703013725	0.24663375091621043	-0.7702379735306737	0.11279390715715334	-0.17090389588556684	0.15384790296907921	-0.20008476201874903	0.2753726453276271	-0.1584193299395376	0.13679792753278552	-0.14173812627242013	0.14550703402591936	-0.21768825130204342	0.1079248653900148	-0.09799624384838729	0.15097540981272975	-0.0899257032624696	0.117319820688443	-0.047194646256410046	0.04812967505249776	-0.0617385284355996	0.07026393309985683	-0.044217174945613065	0.05304521079788148	-0.05221182118063126	0.057278430435921235	-0.10634090958441261	0.054449703428059076
-0.5924758546122373	0.20287489516586513	-0.11325861237074249	0.09576381510353695	-0.09547945407449014	0.9999999999999991	-0.2387646513302675	0.12798068734435492	-0.11684462789163835	0.07925687557519198	-0.6833633584165117	0.16807364556997806	-0.11025835838877206	0.11785229201547835	-0.12321535908521951	0.2565316764260118	-0.14842840732717363	0.11475305548478668	-0.10804240734283331	0.10567184178208053	-0.119821265671718	0.10111691649061431	-0.14602887162440045	0.07079069435823365	-0.09432285326131687	0.046093682126990596	-0.04624112445145224	0.05448766349570179	-0.059964070918306425	0.037178811153846435	-0.05175878294953947	0.04902963115499718	-0.05110670804843798	0.08720257148349014	-0.046974906824811924
0.22835519857732042	-0.5412397553208439	0.22598214621964924	-0.19633304009415498	0.1654447786273967	-0.2387646513302675	0.9999999999999988	-0.4385512643919487	0.25179456202573997	-0.14463809307603015	0.2017980684553504	-0.5155146641878281	0.24060164751697438	-0.2398893247488941	0.19657504564496803	-0.2367034768903994	0.2336910346042269	-0.17887717450035662	0.16330046337224918	-0.1626613428891333	0.1481793871621767	-0.13574149190709398	0.19305258567248282	-0.09399669159221287	0.12495653428974561	-0.05838819217041648	0.05915004043663017	-0.0701840465098397	0.0773455919830178	-0.04793234304849398	0.06526196662847314	-0.06248055920377887	0.0654264729834116	-0.11107779367016012	0.060045402756260025
-0.16902129776887476	0.2727631753412948	-0.3182938874211991	0.2503419128630223	-0.20355461703013725	0.12798068734435492	-0.4385512643919487	0.9999999999999999	-0.609002881217239	0.1818358475150666	-0.14170761504818424	0.24685896251910908	-0.42122462820119994	0.2812138806483287	-0.20739949400115515	0.16826745222759146	-0.1716168400310857	0.14207876106211048	-0.1437896403517918	0.14969712391062623	-0.11823599599906293	0.10501082807356832	-0.16052368123271263	0.08016669074305345	-0.1080005917859537	0.04738494222397784	-0.048153775998988436	0.05836938552889111	-0.06532727542803173	0.040507781438531155	-0.05339987672269206	0.051050214754916286	-0.05448367337817965	0.09350661084352002	-0.050669758408161805
0.15852022628830606	-0.2994827993329251	0.28725045749458833	-0.4484805527149655	0.24663375091621043	-0.11684462789163835	0.25179456202573997	-0.609002881217239	0.9999999999999983	-0.30429313080408915	0.13088457860198655	-0.22600886820439806	0.2572456643584049	-0.3408759018269512	0.2217792414329153	-0.1713867342646766	0.15821431906716177	-0.1430205267679357	0.14399871119088933	-0.16639327249600946	0.11595253178785912	-0.10438396213259123	0.1580379856436959	-0.08368636955074911	0.11125478639957483	-0.0480236943786815	0.04879294835776192	-0.06016782779843521	0.0675634486448133	-0.04211912410327094	0.05401506215485904	-0.052200417168593576	0.05605567970198376	-0.09897344149271087	0.05246764404060267
-0.11569220873701523	0.18485873186008572	-0.1929501013278647	0.21702589997624103	-0.7702379735306737	0.07925687557519198	-0.14463809307603015	0.1818358475150666	-0.30429313080408915	0.9999999999999993	-0.09415415482977635	0.14195114219360563	-0.14149009896885678	0.17518082787270212	-0.43386048744262323	0.12849318514382213	-0.11698670923250049	0.12010361431484151	-0.13426426346674625	0.19214663609459037	-0.09103031392484608	0.08203734849878906	-0.1297382058730486	0.07531521969969791	-0.10173143540922996	0.03912231487836453	-0.03996419452697342	0.051081437242180616	-0.05855028693582354	0.03665778034469575	-0.04404482327949284	0.0430986295761973	-0.047399959526132886	0.08631877477994943	-0.045164349177327784
0.31739466904722374	-0.23986058897465762	0.1295394384812089	-0.11204472819281253	0.11279390715715334	-0.6833633584165117	0.2017980684553504	-0.14170761504818424	0.13088457860198655	-0.09415415482977635	1.0000000000000002	-0.20632433547259263	0.12803228997010127	-0.14313263015829455	0.14895337175837817	-0.4853817632162977	0.19248381508206835	-0.14945954879977755	0.13501344993512013	-0.1332844333417972	0.15524431960819055	-0.13405002112693032	0.18270813642141454	-0.09019610860673045	0.11867844477275913	-0.05983865479857421	0.05976654385846764	-0.07004596482677683	0.0764091209220599	-0.047495786160393794	0.06644558169692397	-0.06356906550546318	0.06552155960257378	-0.11293628536223381	0.05989366501470336
-0.23036742680994174	0.28001022054109437	-0.19731809903936018	0.1629593287085704	-0.17090389588556684	0.16807364556997806	-0.5155146641878281	0.24685896251910908	-0.22600886820439806	0.14195114219360563	-0.20632433547259263	0.9999999999999953	-0.3534337346387691	0.2489276815424416	-0.23014791874408833	0.2595207477535881	-0.5256339546984063	0.23954714283371634	-0.2253315499655518	0.1886661150073065	-0.19704347655686585	0.1780248980367292	-0.25197122715931186	0.11015610095129603	-0.14692631838340556	0.07137948026791124	-0.07284966682315937	0.08331878591463814	-0.09038624597104984	0.05558578171765321	-0.0794319087202928	0.07509552319369715	-0.07760707255495822	0.12605641756733707	-0.06954707454725954
0.151057594821546	-0.22997214363720883	0.1852246922105111	-0.17070517169080193	0.15384790296907921	-0.11025835838877206	0.24060164751697438	-0.42122462820119994	0.2572456643584049	-0.14149009896885678	0.12803228997010127	-0.3534337346387691	0.9999999999999984	-0.7345324131626917	0.20497830386785365	-0.173101941509875	0.1889034084075983	-0.16881574171751493	0.15891650697354057	-0.16070338113569949	0.11955785350272231	-0.10993209458136413	0.16284059859948488	-0.08129335249285634	0.1078616374479021	-0.047899903440252724	0.04872800588121748	-0.05894678126682834	0.06538986579044066	-0.04060067172687189	0.053536668085784445	-0.051620115083129366	0.05475338091753234	-0.09424546834899783	0.050512819725926944
-0.17361443356383668	0.2279193416983776	-0.22094084541546483	0.18956711083340128	-0.20008476201874903	0.11785229201547835	-0.2398893247488941	0.2812138806483287	-0.3408759018269512	0.17518082787270212	-0.14313263015829455	0.2489276815424416	-0.7345324131626917	0.9999999999999968	-0.31012452543321384	0.18007251794485693	-0.19862335684660845	0.1745431377494328	-0.20341164095096317	0.19149649904456573	-0.13659863970087505	0.12057570738908534	-0.1914492795138854	0.09465942198798158	-0.12910236577710404	0.05450287050648398	-0.05554395635622613	0.06771174798017676	-0.07618451121118393	0.04713988381941562	-0.06151245126740369	0.05872692600370312	-0.06312099069605875	0.10753294447758896	-0.05881139125699664
0.18115403576973763	-0.2723661108333474	0.19181088027126658	-0.20193489104117524	0.2753726453276271	-0.12321535908521951	0.19657504564496803	-0.20739949400115515	0.2217792414329153	-0.43386048744262323	0.14895337175837817	-0.23014791874408833	0.20497830386785365	-0.31012452543321384	0.9999999999999983	-0.22064190952259624	0.19654828560738233	-0.23266432612589147	0.25543933316485745	-0.5593308761451957	0.15254061215227524	-0.14131819369258813	0.22031872544375244	-0.14272559799843493	0.18625346271218426	-0.06811645605213074	0.06977852985851561	-0.0916531570163492	0.10554690594161528	-0.06670306727664813	0.07617858483073	-0.0759319008251454	0.0843808079894344	-0.15946009932250949	0.08081299812930309
-0.3792726051221323	0.24558626394953476	-0.16690913940952934	0.13928388880021242	-0.1584193299395376	0.2565316764260118	-0.2367034768903994	0.16826745222759146	-0.1713867342646766	0.12849318514382213	-0.4853817632162977	0.2595207477535881	-0.173101941509875	0.18007251794485693	-0.22064190952259624	0.9999999999999964	-0.4442684677030056	0.23929008081923528	-0.22637312418975997	0.19322395876918325	-0.32644309016660966	0.23249986657773622	-0.32192539315085106	0.1338439187068814	-0.17899437254055525	0.09831075896069118	-0.09761661595331175	0.10621424787333623	-0.11327950152809271	0.06933676387356257	-0.10924044586753648	0.09951546659231814	-0.099764221806913	0.15562574010305139	-0.08752149630695119
0.20001673833744202	-0.24099100812684737	0.14722086411215954	-0.12867588799661409	0.13679792753278552	-0.14842840732717363	0.2336910346042269	-0.1716168400310857	0.15821431906716177	-0.11698670923250049	0.19248381508206835	-0.5256339546984063	0.1889034084075983	-0.19862335684660845	0.19654828560738233	-0.4442684677030056	0.9999999999999952	-0.48896283763744325	0.24862136669076287	-0.21263861304151596	0.22834196781256638	-0.28370975412386856	0.27071058004830595	-0.11707666360992254	0.14747773286162458	-0.08148927141889437	0.08359976217100253	-0.0909976401941672	0.09392173092944872	-0.05800160456318489	0.08660465767540726	-0.08509308913896156	0.08317777875604583	-0.13463560953801917	0.07161226237610985
-0.16862365245812067	0.19303412521330363	-0.13302412070957667	0.11651396619380336	-0.14173812627242013	0.11475305548478668	-0.17887717450035662	0.14207876106211048	-0.1430205267679357	0.12010361431484151	-0.14945954879977755	0.23954714283371634	-0.16881574171751493	0.1745431377494328	-0.23266432612589147	0.23929008081923528	-0.48896283763744325	0.9999999999999961	-0.6078634044225413	0.26339040160983207	-0.19442441299234503	0.19475335962852108	-0.40834632811628446	0.13135428956364154	-0.1678821408702923	0.07467381192651444	-0.07757099258395467	0.09560766544912261	-0.10088539372614437	0.06162479682952024	-0.08157331495698708	0.08036214615309982	-0.08656036081502558	0.1393479014932678	-0.07539438009123468
0.15637971764316536	-0.2029191723602233	0.13287803828495642	-0.12207510026428178	0.14550703402591936	-0.10804240734283331	0.16330046337224918	-0.1437896403517918	0.14399871119088933	-0.13426426346674625	0.13501344993512013	-0.2253315499655518	0.15891650697354057	-0.20341164095096317	0.25543933316485745	-0.22637312418975997	0.24862136669076287	-0.6078634044225413	0.9999999999999946	-0.5724344767788215	0.1563924801510878	-0.15777206830528395	0.24879940687793894	-0.13930317828875088	0.17604439733980487	-0.06708642168573888	0.06900611076778904	-0.08931243158253425	0.09942462341921034	-0.06216172814749867	0.07352898224846047	-0.07398880665696494	0.08064863795818739	-0.14458266909731107	0.07461542321354078
-0.16042814100546204	0.19764035228046103	-0.15245714818487327	0.14018123824135753	-0.21768825130204342	0.10567184178208053	-0.1626613428891333	0.14969712391062623	-0.16639327249600946	0.19214663609459037	-0.1332844333417972	0.1886661150073065	-0.16070338113569949	0.19149649904456573	-0.5593308761451957	0.19322395876918325	-0.21263861304151596	0.26339040160983207	-0.5724344767788215	0.9999999999999933	-0.15763050232836365	0.14392822190615945	-0.25932256009203264	0.1651283671839228	-0.2809483535456038	0.06823437925939536	-0.07086179819741839	0.09510730776628631	-0.11579704785028733	0.07164646460669681	-0.07657737798506882	0.07588191565743008	-0.08714992909159841	0.15740041166525068	-0.08595729395929538
0.1704835105604594	-0.18937982017141272	0.1137130197343098	-0.09960514841990387	0.1079248653900148	-0.119821265671718	0.1481793871621767	-0.11823599599906293	0.11595253178785912	-0.09103031392484608	0.15524431960819055	-0.19704347655686585	0.11955785350272231	-0.13659863970087505	0.15254061215227524	-0.32644309016660966	0.22834196781256638	-0.19442441299234503	0.1563924801510878	-0.15763050232836365	0.9999999999999925	-0.7624344393312971	0.2854639915589531	-0.13359086491300484	0.15208033183166664	-0.20533179125764683	0.16687134552493296	-0.13378729269929468	0.11501409668204236	-0.07125796373364972	0.16365691554907316	-0.16359497602056697	0.12002563300203614	-0.17629761035431624	0.08729773452069485
-0.14922858942261483	0.15911866955268142	-0.10110247797813282	0.08762124733058135	-0.09799624384838729	0.10111691649061431	-0.13574149190709398	0.10501082807356832	-0.10438396213259123	0.08203734849878906	-0.13405002112693032	0.1780248980367292	-0.10993209458136413	0.12057570738908534	-0.14131819369258813	0.23249986657773622	-0.28370975412386856	0.19475335962852108	-0.15777206830528395	0.14392822190615945	-0.7624344393312971	0.9999999999999938	-0.4310930978194285	0.12459268610729518	-0.14301130152501787	0.1570881236157301	-0.18418933488263842	0.12538112169775426	-0.10758182838815712	0.06481638092688372	-0.1531897088493413	0.1467465302088507	-0.11465264652670364	0.15005717601183005	-0.07982263970483938
0.21411967991229847	-0.2579848910648583	0.15477107124502515	-0.13766214869763746	0.15097540981272975	-0.14602887162440045	0.19305258567248282	-0.16052368123271263	0.1580379856436959	-0.1297382058730486	0.18270813642141454	-0.25197122715931186	0.16284059859948488	-0.1914492795138854	0.22031872544375244	-0.32192539315085106	0.27071058004830595	-0.40834632811628446	0.24879940687793894	-0.25932256009203264	0.2854639915589531	-0.4310930978194285	0.9999999999999941	-0.2672808550239284	0.24343940617929674	-0.13571503398649085	0.14229505614810017	-0.2076413225607409	0.18202690320209886	-0.11224745942533867	0.14064481421153577	-0.15269191340600696	0.1650030464886303	-0.26789577041770846	0.13262227265691395
-0.1115768545655394	0.12236024960818312	-0.08231079073170107	0.07229763188384147	-0.0899257032624696	0.07079069435823365	-0.09399669159221287	0.08016669074305345	-0.08368636955074911	0.07531521969969791	-0.09019610860673045	0.11015610095129603	-0.08129335249285634	0.09465942198798158	-0.14272559799843493	0.1338439187068814	-0.11707666360992254	0.13135428956364154	-0.13930317828875088	0.1651283671839228	-0.13359086491300484	0.12459268610729518	-0.2672808550239284	0.9999999999999922	-0.6918257369871339	0.08511232260109308	-0.09734345645068868	0.1787908435138468	-0.5057230560057737	0.19947087170593775	-0.09786607577593638	0.10533587058293867	-0.16186859105054935	0.27599877401413464	-0.22949673757439215
0.14745326573209233	-0.16998304952153903	0.10952788251357286	-0.09777305962432402	0.117319820688443	-0.09432285326131687	0.12495653428974561	-0.1080005917859537	0.11125478639957483	-0.10173143540922996	0.11867844477275913	-0.14692631838340556	0.1078616374479021	-0.12910236577710404	0.18625346271218426	-0.17899437254055525	0.14747773286162458	-0.1678821408702923	0.17604439733980487	-0.2809483535456038	0.15208033183166664	-0.14301130152501787	0.24343940617929674	-0.6918257369871339	0.999999999999994	-0.09832680034464235	0.10686337983835584	-0.1917723333603496	0.27499377637306727	-0.1850065150600808	0.109702511258704	-0.1222935850111667	0.16600309045393047	-0.38757343259368443	0.18565164654948568
-0.07071033190012863	0.07453235813073752	-0.04754098897414553	0.04120156518731428	-0.047194646256410046	0.046093682126990596	-0.05838819217041648	0.04738494222397784	-0.0480236943786815	0.03912231487836453	-0.05983865479857421	0.07137948026791124	-0.047899903440252724	0.05450287050648398	-0.06811645605213074	0.09831075896069118	-0.08148927141889437	0.07467381192651444	-0.06708642168573888	0.06823437925939536	-0.20533179125764683	0.1570881236157301	-0.13571503398649085	0.08511232260109308	-0.09832680034464235	0.999999999999995	-0.5708994889709621	0.17027974191044148	-0.10247943341839073	0.05933650938534414	-0.7067431912270703	0.3180014145967121	-0.16717453553562933	0.1369877863953259	-0.07414850737402856
0.07095474929453058	-0.07558306840717983	0.048250837452560404	-0.04188849193781666	0.04812967505249776	-0.04624112445145224	0.05915004043663017	-0.048153775998988436	0.04879294835776192	-0.03996419452697342	0.05976654385846764	-0.07284966682315937	0.04872800588121748	-0.05554395635622613	0.06977852985851561	-0.09761661595331175	0.08359976217100253	-0.07757099258395467	0.06900611076778904	-0.07086179819741839	0.16687134552493296	-0.18418933488263842	0.14229505614810017	-0.09734345645068868	0.10686337983835584	-0.5708994889709621	0.9999999999999934	-0.29492349564316067	0.12238554906368314	-0.07059322468597605	0.3248147722528618	-0.6512705121017254	0.2218878198598141	-0.1639782312795896	0.08479540454276474
-0.08596777468245277	0.09068180487009782	-0.05968953103857891	0.05181460021594408	-0.0617385284355996	0.05448766349570179	-0.0701840465098397	0.05836938552889111	-0.06016782779843521	0.051081437242180616	-0.07004596482677683	0.08331878591463814	-0.05894678126682834	0.06771174798017676	-0.0916531570163492	0.10621424787333623	-0.0909976401941672	0.09560766544912261	-0.08931243158253425	0.09510730776628631	-0.13378729269929468	0.12538112169775426	-0.2076413225607409	0.1787908435138468	-0.1917723333603496	0.17027974191044148	-0.29492349564316067	0.9999999999999932	-0.3397778605745599	0.14938968960180815	-0.19848585986958833	0.24059158054488486	-0.7574608048695164	0.2819565703647851	-0.18041826717491805
0.09538637683111428	-0.10271932988074516	0.06721052363528882	-0.05869589412122038	0.07026393309985683	-0.059964070918306425	0.0773455919830178	-0.06532727542803173	0.0675634486448133	-0.05855028693582354	0.0764091209220599	-0.09038624597104984	0.06538986579044066	-0.07618451121118393	0.10554690594161528	-0.11327950152809271	0.09392173092944872	-0.10088539372614437	0.09942462341921034	-0.11579704785028733	0.11501409668204236	-0.10758182838815712	0.18202690320209886	-0.5057230560057737	0.27499377637306727	-0.10247943341839073	0.12238554906368314	-0.3397778605745599	0.9999999999999932	-0.48307819825451837	0.11357797328033833	-0.13606633764872067	0.22714561213006018	-0.45863065936054936	0.2937446995856574
-0.059542429746196994	0.06322763941581147	-0.04191953317627341	0.036505650377653735	-0.044217174945613065	0.037178811153846435	-0.04793234304849398	0.040507781438531155	-0.04211912410327094	0.03665778034469575	-0.047495786160393794	0.05558578171765321	-0.04060067172687189	0.04713988381941562	-0.06670306727664813	0.06933676387356257	-0.05800160456318489	0.06162479682952024	-0.06216172814749867	0.07164646460669681	-0.07125796373364972	0.06481638092688372	-0.11224745942533867	0.19947087170593775	-0.1850065150600808	0.05933650938534414	-0.07059322468597605	0.14938968960180815	-0.48307819825451837	0.9999999999999921	-0.06868419911365971	0.0778326114573436	-0.1346195340454865	0.2552998828264488	-0.7942891273966675
0.07940788044208001	-0.08545273329645608	0.05369538486631386	-0.046673153897815144	0.05304521079788148	-0.05175878294953947	0.06526196662847314	-0.05339987672269206	0.05401506215485904	-0.04404482327949284	0.06644558169692397	-0.0794319087202928	0.053536668085784445	-0.06151245126740369	0.07617858483073	-0.10924044586753648	0.08660465767540726	-0.08157331495698708	0.07352898224846047	-0.07657737798506882	0.16365691554907316	-0.1531897088493413	0.14064481421153577	-0.09786607577593638	0.109702511258704	-0.7067431912270703	0.3248147722528618	-0.19848585986958833	0.11357797328033833	-0.06868419911365971	0.9999999999999921	-0.5535246290926327	0.1836052570069564	-0.1753124397419319	0.0836613140579979
-0.0764927849297409	0.07965697652989638	-0.051769867105112874	0.0447664210809074	-0.05221182118063126	0.04902963115499718	-0.06248055920377887	0.051050214754916286	-0.052200417168593576	0.0430986295761973	-0.06356906550546318	0.07509552319369715	-0.051620115083129366	0.05872692600370312	-0.0759319008251454	0.09951546659231814	-0.08509308913896156	0.08036214615309982	-0.07398880665696494	0.07588191565743008	-0.16359497602056697	0.1467465302088507	-0.15269191340600696	0.10533587058293867	-0.1222935850111667	0.3180014145967121	-0.6512705121017254	0.24059158054488486	-0.13606633764872067	0.0778326114573436	-0.5535246290926327	0.9999999999999922	-0.3251131308120122	0.17955501851381916	-0.0980544920586191
0.08065080631086297	-0.08542743802640139	0.055754010772962465	-0.04841827471715365	0.057278430435921235	-0.05110670804843798	0.0654264729834116	-0.05448367337817965	0.05605567970198376	-0.047399959526132886	0.06552155960257378	-0.07760707255495822	0.05475338091753234	-0.06312099069605875	0.0843808079894344	-0.099764221806913	0.08317777875604583	-0.08656036081502558	0.08064863795818739	-0.08714992909159841	0.12002563300203614	-0.11465264652670364	0.1650030464886303	-0.16186859105054935	0.16600309045393047	-0.16717453553562933	0.2218878198598141	-0.7574608048695164	0.22714561213006018	-0.1346195340454865	0.1836052570069564	-0.3251131308120122	0.9999999999999925	-0.42350732013722386	0.15484930278643844
-0.1437939787187537	0.14127115218418512	-0.09890108772568673	0.08480992146713127	-0.10634090958441261	0.08720257148349014	-0.11107779367016012	0.09350661084352002	-0.09897344149271087	0.08631877477994943	-0.11293628536223381	0.12605641756733707	-0.09424546834899783	0.10753294447758896	-0.15946009932250949	0.15562574010305139	-0.13463560953801917	0.1393479014932678	-0.14458266909731107	0.15740041166525068	-0.17629761035431624	0.15005717601183005	-0.26789577041770846	0.27599877401413464	-0.38757343259368443	0.1369877863953259	-0.1639782312795896	0.2819565703647851	-0.45863065936054936	0.2552998828264488	-0.1753124397419319	0.17955501851381916	-0.42350732013722386	0.9999999999999925	-0.41435230111778976
0.0753643624193463	-0.08017712320096781	0.05240861620553304	-0.04563738150876147	0.054449703428059076	-0.046974906824811924	0.060045402756260025	-0.050669758408161805	0.05246764404060267	-0.045164349177327784	0.05989366501470336	-0.06954707454725954	0.050512819725926944	-0.05881139125699664	0.08081299812930309	-0.08752149630695119	0.07161226237610985	-0.07539438009123468	0.07461542321354078	-0.08595729395929538	0.08729773452069485	-0.07982263970483938	0.13262227265691395	-0.22949673757439215	0.18565164654948568	-0.07414850737402856	0.08479540454276474	-0.18041826717491805	0.2937446995856574	-0.7942891273966675	0.0836613140579979	-0.0980544920586191	0.15484930278643844	-0.41435230111778976	0.9999999999999923
