1.0	-0.36779971151441077	0.21020011821606482	-0.28689758418031586	0.21716438380439834	-0.6353962766536556	0.32396091318073766	-0.37707352377995706	0.1852295643423019	-0.16485379415465587	0.2117786172107793	-0.17864092744162655	0.16006765238491008	-0.13263632587916468	0.12393571949216699	-0.0675135441383909	0.07379942099815344	-0.13789141521539444	0.1160387389088677	-0.13653674770400945	0.05599250662242382	-0.06977751960883777	0.10247018081983122	-0.12686236354765504	0.09898283202823371	-0.042594080928836514	0.05048630899481812	-0.12289706307407929	0.0927809644250388	-0.17551703462278587
-0.36779971151441077	1.0000000000000002	-0.7438623331616832	0.2984392564427758	-0.2915551442467662	0.18717115950383523	-0.2690894835687661	0.22732314105797496	-0.18812411224208014	0.1484205410955863	-0.16570212570308368	0.11394724671260957	-0.11679065520909335	0.10423140019712136	-0.10645836826723469	0.04660395738987196	-0.051530505263645075	0.0942596306341862	-0.08417174667519645	0.0881729105166948	-0.03897060484448264	0.04729662785695521	-0.06818546561495435	0.08227131631474678	-0.06496704850757118	0.02918344537015801	-0.03500781430710578	0.07659728682853753	-0.058807533037345504	0.10710472999996565
0.21020011821606482	-0.7438623331616832	1.0	-0.5319795165730766	0.2304025403452816	-0.1308270988036897	0.17066991772150722	-0.22473576128156278	0.1711680421021977	-0.13674971165232813	0.12668250425153174	-0.09104839922206943	0.0927047286902553	-0.09170062420377327	0.09105438884127406	-0.03754164877600346	0.04169007706256137	-0.07894875197371386	0.07029933870660465	-0.0736236650639978	0.03147521217401325	-0.03857186279423823	0.05633837495565201	-0.06839089750798723	0.05396101176187372	-0.023650292393536602	0.028338521416544384	-0.06335576691447418	0.048614364068921265	-0.08861280730306019
-0.28689758418031586	0.2984392564427758	-0.5319795165730766	1.0	-0.5353378770146511	0.15863976581380973	-0.23144310541810934	0.26825232755873163	-0.37350611918186205	0.2453478939460092	-0.19942415253321366	0.12578963290293835	-0.1338836268829745	0.15293389746934494	-0.16045613128843147	0.05732836216765965	-0.06396526074996439	0.1213604479751367	-0.11184763565104532	0.11122211847623106	-0.04831944861063155	0.05872875272688425	-0.08574004789779018	0.10316970834987975	-0.08208245689590596	0.03612553655242761	-0.04350633963042402	0.09370630443407238	-0.07250569387139624	0.12985098947214238
0.21716438380439834	-0.2915551442467662	0.2304025403452816	-0.5353378770146511	1.0000000000000004	-0.14524718797618463	0.19596734104652716	-0.3672609703132462	0.3127366169264049	-0.4982927840028143	0.21723751893085191	-0.14834222399117317	0.15100880293942334	-0.24315672878368083	0.22218070084910455	-0.07487720335039902	0.08429616048248106	-0.17829668174984598	0.1571281730996738	-0.16567162470299315	0.06356336879909887	-0.08000970651394225	0.12187407852615345	-0.15132449029145598	0.1188983002345416	-0.04815084096064347	0.05761475383170148	-0.13662972699014628	0.1049064000122863	-0.19082593731513875
-0.6353962766536556	0.18717115950383523	-0.1308270988036897	0.15863976581380973	-0.14524718797618463	1.0000000000000009	-0.6706436461424962	0.23782624521259177	-0.12221828406497402	0.10314106617783994	-0.1800739152666644	0.14534583114586586	-0.13423655471596263	0.0841758140119661	-0.08057603941998318	0.047432353681523834	-0.0510944858247618	0.09085520584131085	-0.07668003315199547	0.08723299683987232	-0.038528168631838534	0.04709888362013477	-0.06698119232412562	0.08172755864256812	-0.06369654780232527	0.02901809717643904	-0.03435185484715471	0.07878591975817978	-0.05962465918528373	0.11172504364336297
0.32396091318073766	-0.2690894835687661	0.17066991772150722	-0.23144310541810934	0.19596734104652716	-0.6706436461424962	1.0	-0.43561192544456795	0.17780616314921732	-0.15216481437298876	0.20536590412852906	-0.2535374524460031	0.1952623460966852	-0.12150980677567713	0.11454900090071303	-0.06307970058471743	0.06922176686506094	-0.1278805267944062	0.1073202416898374	-0.1196974475602449	0.051653086081528465	-0.06406545670064735	0.091978678539515	-0.11219337868813505	0.08734843207182934	-0.039104951970794784	0.04629755745497323	-0.10717112375579756	0.08122434483876957	-0.15143286697489858
-0.37707352377995706	0.22732314105797496	-0.22473576128156278	0.26825232755873163	-0.3672609703132462	0.23782624521259177	-0.43561192544456795	0.9999999999999987	-0.4570064553985564	0.2536399544775434	-0.29480594392512277	0.22965531169931444	-0.3106357807992848	0.17887630214245684	-0.1898130455197313	0.07983886039760586	-0.08914149056553192	0.16227031883826776	-0.14817521395627695	0.14242669403666108	-0.06656084013503465	0.08003984185821002	-0.11391743753845658	0.1342585752771889	-0.10636421231809705	0.04948840995229235	-0.05957535855321645	0.12270160570328574	-0.09499301292050578	0.1690733839217753
0.1852295643423019	-0.18812411224208014	0.1711680421021977	-0.37350611918186205	0.3127366169264049	-0.12221828406497402	0.17780616314921732	-0.4570064553985564	0.9999999999999983	-0.6526283306535252	0.17525897796695025	-0.1265964785746894	0.13766975599788828	-0.2669775789825422	0.2365923008984644	-0.057551670518042004	0.06546867784463344	-0.1449851284624764	0.13646603000437804	-0.12291680900052351	0.048666676749072386	-0.06069840870340736	0.0920793752486691	-0.11191195088535544	0.0890466690764151	-0.03649122817693484	0.04388789131420839	-0.09548380100010892	0.07461473116194864	-0.12959510986511744
-0.16485379415465587	0.1484205410955863	-0.13674971165232813	0.2453478939460092	-0.4982927840028143	0.10314106617783994	-0.15216481437298876	0.2536399544775434	-0.6526283306535252	0.9999999999999989	-0.16787660277188868	0.10744122058609916	-0.11923650271411432	0.24935947225816	-0.4009145757322988	0.05487160412730407	-0.06289425397113088	0.13786254839255357	-0.13895015363637384	0.12043003463365087	-0.04679393465758471	0.05806490643525119	-0.08904880201447347	0.1071243788954167	-0.08843394385549495	0.03496030590535973	-0.042272668068768116	0.09005302525332719	-0.07121836941801338	0.12161229047028212
0.2117786172107793	-0.16570212570308368	0.12668250425153174	-0.19942415253321366	0.21723751893085191	-0.1800739152666644	0.20536590412852906	-0.29480594392512277	0.17525897796695025	-0.16787660277188868	0.999999999999999	-0.3203223464396373	0.23752739964509215	-0.1917691194381652	0.17481272169142287	-0.2183208459269027	0.18924634402176296	-0.2933136858322046	0.22783121768865308	-0.33320519425791983	0.15100570871890834	-0.18081670867214178	0.24347562719060828	-0.30942360381929773	0.23819005254569073	-0.11541541952318032	0.13056150939333483	-0.32255748672389245	0.2370865762878951	-0.4730335054888546
-0.17864092744162655	0.11394724671260957	-0.09104839922206943	0.12578963290293835	-0.14834222399117317	0.14534583114586586	-0.2535374524460031	0.22965531169931444	-0.1265964785746894	0.10744122058609916	-0.3203223464396373	0.9999999999999982	-0.8438430245636418	0.11238658363437656	-0.10816894434238629	0.08342064914241944	-0.09817842800003404	0.16118573414858825	-0.13199524021606998	0.11964533279371893	-0.06518871655283344	0.08005146906284018	-0.1048037022523507	0.1177694284621984	-0.09034102253262827	0.04811830400490084	-0.05671183475216803	0.10888700355177647	-0.0834496490988487	0.1475246440715892
0.16006765238491008	-0.11679065520909335	0.0927047286902553	-0.1338836268829745	0.15100880293942334	-0.13423655471596263	0.1952623460966852	-0.3106357807992848	0.13766975599788828	-0.11923650271411432	0.23752739964509215	-0.8438430245636418	0.9999999999999977	-0.13039072247623792	0.11719288110349993	-0.08236007546003796	0.09390923792042374	-0.2094067793374243	0.14494127578284127	-0.13231533362228892	0.06481585688567679	-0.08248406992915984	0.11389635001273651	-0.13020074614715607	0.09858306224168939	-0.04879412916119962	0.05714422768456413	-0.11959471648334999	0.09080679302258221	-0.1613576436865386
-0.13263632587916468	0.10423140019712136	-0.09170062420377327	0.15293389746934494	-0.24315672878368083	0.0841758140119661	-0.12150980677567713	0.17887630214245684	-0.2669775789825422	0.24935947225816	-0.1917691194381652	0.11238658363437656	-0.13039072247623792	0.9999999999999979	-0.7715001530247804	0.07175585951718286	-0.08653468455739668	0.22647410876421084	-0.3727841682490627	0.16997350013812026	-0.06241871501989508	0.07856841834473391	-0.13038468513753612	0.15172860592866227	-0.12920427626597777	0.04605417065630442	-0.056418154240352084	0.11148424476824735	-0.09217884421783903	0.1415622170324003
0.12393571949216699	-0.10645836826723469	0.09105438884127406	-0.16045613128843147	0.22218070084910455	-0.08057603941998318	0.11454900090071303	-0.1898130455197313	0.2365923008984644	-0.4009145757322988	0.17481272169142287	-0.10816894434238629	0.11719288110349993	-0.7715001530247804	0.9999999999999977	-0.06977110698556165	0.08222985026879925	-0.23096312064611688	0.2309283710947233	-0.19603048389571362	0.05985156409262637	-0.07706069871692771	0.12553093952976557	-0.15570749838286152	0.1304641296633076	-0.04472829525530196	0.05409113953163261	-0.11493635094409517	0.09293834433142875	-0.14926723009255713
-0.0675135441383909	0.04660395738987196	-0.03754164877600346	0.05732836216765965	-0.07487720335039902	0.047432353681523834	-0.06307970058471743	0.07983886039760586	-0.057551670518042004	0.05487160412730407	-0.2183208459269027	0.08342064914241944	-0.08236007546003796	0.07175585951718286	-0.06977110698556165	0.9999999999999976	-0.6541561940879077	0.1446331257524947	-0.1154357984790664	0.1065881436627561	-0.576892290671666	0.31203910303280336	-0.14717654081561948	0.1344194335590713	-0.0876713359943945	0.2317406081675888	-0.27662542458899453	0.11600332068454787	-0.08747006939629673	0.12976808086721503
0.07379942099815344	-0.051530505263645075	0.04169007706256137	-0.06396526074996439	0.08429616048248106	-0.0510944858247618	0.06922176686506094	-0.08914149056553192	0.06546867784463344	-0.06289425397113088	0.18924634402176296	-0.09817842800003404	0.09390923792042374	-0.08653468455739668	0.08222985026879925	-0.6541561940879077	0.9999999999999956	-0.21314769537867337	0.14299275615393667	-0.13070744169177848	0.30227789429307356	-0.5701708786088494	0.18789654026579877	-0.1768354503886669	0.10729042675634334	-0.22427065671253432	0.22628105267409515	-0.1461721085886333	0.10661604358588694	-0.15441669377658512
-0.13789141521539444	0.0942596306341862	-0.07894875197371386	0.1213604479751367	-0.17829668174984598	0.09085520584131085	-0.1278805267944062	0.16227031883826776	-0.1449851284624764	0.13786254839255357	-0.2933136858322046	0.16118573414858825	-0.2094067793374243	0.22647410876421084	-0.23096312064611688	0.1446331257524947	-0.21314769537867337	0.999999999999997	-0.7165953375216257	0.22243674048609788	-0.1268667919064442	0.16508142927635913	-0.3475667699070958	0.260305799395764	-0.19327281995501688	0.09023768119551769	-0.11250110244905452	0.18992573647634414	-0.1586038057758161	0.2033519225191201
0.1160387389088677	-0.08417174667519645	0.07029933870660465	-0.11184763565104532	0.1571281730996738	-0.07668003315199547	0.1073202416898374	-0.14817521395627695	0.13646603000437804	-0.13895015363637384	0.22783121768865308	-0.13199524021606998	0.14494127578284127	-0.3727841682490627	0.2309283710947233	-0.1154357984790664	0.14299275615393667	-0.7165953375216257	0.9999999999999968	-0.3045406588958638	0.09797525368576201	-0.13285561426690226	0.23626547032541292	-0.3148135463771355	0.2034030142774132	-0.07243654300276323	0.0876679655980428	-0.1782808189269077	0.14533541773816133	-0.20503073633168695
-0.13653674770400945	0.0881729105166948	-0.0736236650639978	0.11122211847623106	-0.16567162470299315	0.08723299683987232	-0.1196974475602449	0.14242669403666108	-0.12291680900052351	0.12043003463365087	-0.33320519425791983	0.11964533279371893	-0.13231533362228892	0.16997350013812026	-0.19603048389571362	0.1065881436627561	-0.13070744169177848	0.22243674048609788	-0.3045406588958638	0.9999999999999966	-0.1006298806842423	0.12105335769501371	-0.2362525758774061	0.2727546371953636	-0.7475257157213004	0.0720069034341717	-0.09249687940547294	0.18197890559975105	-0.18378223525810256	0.26001044308647664
0.05599250662242382	-0.03897060484448264	0.03147521217401325	-0.04831944861063155	0.06356336879909887	-0.038528168631838534	0.051653086081528465	-0.06656084013503465	0.048666676749072386	-0.04679393465758471	0.15100570871890834	-0.06518871655283344	0.06481585688567679	-0.06241871501989508	0.05985156409262637	-0.576892290671666	0.30227789429307356	-0.1268667919064442	0.09797525368576201	-0.1006298806842423	0.9999999999999954	-0.4957983817382072	0.15202396834704343	-0.1407038257821878	0.0836759367647495	-0.5008340284580881	0.3014049302345245	-0.11840642498414942	0.08560207752758482	-0.12307197831431717
-0.06977751960883777	0.04729662785695521	-0.03857186279423823	0.05872875272688425	-0.08000970651394225	0.04709888362013477	-0.06406545670064735	0.08003984185821002	-0.06069840870340736	0.05806490643525119	-0.18081670867214178	0.08005146906284018	-0.08248406992915984	0.07856841834473391	-0.07706069871692771	0.31203910303280336	-0.5701708786088494	0.16508142927635913	-0.13285561426690226	0.12105335769501371	-0.4957983817382072	0.9999999999999959	-0.28796755823598924	0.18273206666266797	-0.10715826803537479	0.27190699876614455	-0.4362826787738827	0.15022793974807824	-0.11216864332806961	0.1429966722226883
0.10247018081983122	-0.06818546561495435	0.05633837495565201	-0.08574004789779018	0.12187407852615345	-0.06698119232412562	0.091978678539515	-0.11391743753845658	0.0920793752486691	-0.08904880201447347	0.24347562719060828	-0.1048037022523507	0.11389635001273651	-0.13038468513753612	0.12553093952976557	-0.14717654081561948	0.18789654026579877	-0.3475667699070958	0.23626547032541292	-0.2362525758774061	0.15202396834704343	-0.28796755823598924	0.9999999999999929	-0.6252652444306896	0.22386617998491465	-0.11002432560171148	0.13909595182049675	-0.45503357776091696	0.2523142236805632	-0.27075799878561435
-0.12686236354765504	0.08227131631474678	-0.06839089750798723	0.10316970834987975	-0.15132449029145598	0.08172755864256812	-0.11219337868813505	0.1342585752771889	-0.11191195088535544	0.1071243788954167	-0.30942360381929773	0.1177694284621984	-0.13020074614715607	0.15172860592866227	-0.15570749838286152	0.1344194335590713	-0.1768354503886669	0.260305799395764	-0.3148135463771355	0.2727546371953636	-0.1407038257821878	0.18273206666266797	-0.6252652444306896	0.9999999999999932	-0.415190084929832	0.09753273310551766	-0.1298011554741578	0.27212552700083387	-0.2971052767830829	0.2678097673178105
0.09898283202823371	-0.06496704850757118	0.05396101176187372	-0.08208245689590596	0.1188983002345416	-0.06369654780232527	0.08734843207182934	-0.10636421231809705	0.0890466690764151	-0.08843394385549495	0.23819005254569073	-0.09034102253262827	0.09858306224168939	-0.12920427626597777	0.1304641296633076	-0.0876713359943945	0.10729042675634334	-0.19327281995501688	0.2034030142774132	-0.7475257157213004	0.0836759367647495	-0.10715826803537479	0.22386617998491465	-0.415190084929832	0.9999999999999932	-0.06052255805196291	0.07707835038610922	-0.19408272702423113	0.19249207985686057	-0.37276744039335874
-0.042594080928836514	0.02918344537015801	-0.023650292393536602	0.03612553655242761	-0.04815084096064347	0.02901809717643904	-0.039104951970794784	0.04948840995229235	-0.03649122817693484	0.03496030590535973	-0.11541541952318032	0.04811830400490084	-0.04879412916119962	0.04605417065630442	-0.04472829525530196	0.2317406081675888	-0.22427065671253432	0.09023768119551769	-0.07243654300276323	0.0720069034341717	-0.5008340284580881	0.27190699876614455	-0.11002432560171148	0.09753273310551766	-0.06052255805196291	0.9999999999999932	-0.7788882187191543	0.08404756702256802	-0.062477423809009516	0.08796224178375214
0.05048630899481812	-0.03500781430710578	0.028338521416544384	-0.04350633963042402	0.05761475383170148	-0.03435185484715471	0.04629755745497323	-0.05957535855321645	0.04388789131420839	-0.042272668068768116	0.13056150939333483	-0.05671183475216803	0.05714422768456413	-0.056418154240352084	0.05409113953163261	-0.27662542458899453	0.22628105267409515	-0.11250110244905452	0.0876679655980428	-0.09249687940547294	0.3014049302345245	-0.4362826787738827	0.13909595182049675	-0.1298011554741578	0.07707835038610922	-0.7788882187191543	0.9999999999999918	-0.11153805513897276	0.08003555973634988	-0.11400817543015529
-0.12289706307407929	0.07659728682853753	-0.06335576691447418	0.09370630443407238	-0.13662972699014628	0.07878591975817978	-0.10717112375579756	0.12270160570328574	-0.09548380100010892	0.09005302525332719	-0.32255748672389245	0.10888700355177647	-0.11959471648334999	0.11148424476824735	-0.11493635094409517	0.11600332068454787	-0.1461721085886333	0.18992573647634414	-0.1782808189269077	0.18197890559975105	-0.11840642498414942	0.15022793974807824	-0.45503357776091696	0.27212552700083387	-0.19408272702423113	0.08404756702256802	-0.11153805513897276	0.999999999999992	-0.6903550302399164	0.2999704131053511
0.0927809644250388	-0.058807533037345504	0.048614364068921265	-0.07250569387139624	0.1049064000122863	-0.05962465918528373	0.08122434483876957	-0.09499301292050578	0.07461473116194864	-0.07121836941801338	0.2370865762878951	-0.0834496490988487	0.09080679302258221	-0.09217884421783903	0.09293834433142875	-0.08747006939629673	0.10661604358588694	-0.1586038057758161	0.14533541773816133	-0.18378223525810256	0.08560207752758482	-0.11216864332806961	0.2523142236805632	-0.2971052767830829	0.19249207985686057	-0.062477423809009516	0.08003555973634988	-0.6903550302399164	0.9999999999999925	-0.5606276553989119
-0.17551703462278587	0.10710472999996565	-0.08861280730306019	0.12985098947214238	-0.19082593731513875	0.11172504364336297	-0.15143286697489858	0.1690733839217753	-0.12959510986511744	0.12161229047028212	-0.4730335054888546	0.1475246440715892	-0.1613576436865386	0.1415622170324003	-0.14926723009255713	0.12976808086721503	-0.15441669377658512	0.2033519225191201	-0.20503073633168695	0.26001044308647664	-0.12307197831431717	0.1429966722226883	-0.27075799878561435	0.2678097673178105	-0.37276744039335874	0.08796224178375214	-0.11400817543015529	0.2999704131053511	-0.5606276553989119	0.9999999999999925
