1.0	-0.12139263794343305	0.05424635888186065	-0.004323383353679209	0.004528261839351604	-0.9842922613868686	0.10026525312138274	-0.05121077361720442	0.019491409816720585	-0.016165571006493237	0.04619985651807923	-0.04763930818542785	0.04898351634248385	-0.025517177574055087	0.026876992533922513	-0.034401524200048585	0.037626933712397385	-0.038863502420582584	0.008406511217420372	-0.008110558138397563	0.031992818638318835	-0.018942031087961175	0.024734201374107916	-0.004854190196598171	0.004769064738771351
-0.12139263794343305	1.0000000000000007	-0.3519496502477649	0.022110256236956755	-0.023313493762361005	0.10872159802722363	-0.7539973527256898	0.25106399888065806	-0.10305704850678993	0.08195716724677972	-0.19613313208033475	0.2063658935300519	-0.28464496650370963	0.12947591716006454	-0.14473611729085045	0.1362385077487334	-0.17560869563862694	0.15843076635686026	-0.04166518102693238	0.03973671153388871	-0.1437988003068508	0.08356937775086028	-0.11116594403008627	0.02254359456942025	-0.02221071415152122
0.05424635888186065	-0.3519496502477649	1.0000000000000009	-0.022715017715112314	0.023373551625129954	-0.0550973011632799	0.20768195333858944	-0.17097445625669508	0.07666271179709186	-0.06577665406247221	0.13258877177063533	-0.14303359317699232	0.16126048299212542	-0.1047699576580809	0.10891897592234584	-0.12881295051827402	0.1466163260628082	-0.2218462373592165	0.03842011389916321	-0.037504357966019926	0.15461692866507004	-0.0893069837969547	0.1266088592465915	-0.024597636596941305	0.02422642938794172
-0.004323383353679209	0.022110256236956755	-0.022715017715112314	1.000000000000001	-0.9855395543589852	0.004437262016688074	-0.01973755256653304	0.03374965494802142	-0.12269821668976699	0.09989350741520478	-0.011501592939631388	0.012864448363567045	-0.03227954064291641	0.05333335171639381	-0.05275001781726318	0.009974328732306635	-0.011817659141035658	0.014851075517074293	-0.013023854430209716	0.013389842472506413	-0.011097197530664456	0.0066061083411005465	-0.009081050559908115	0.004718213660780098	-0.004479274437696566
0.004528261839351604	-0.023313493762361005	0.023373551625129954	-0.9855395543589852	1.0000000000000013	-0.004655531949372895	0.020490186684695544	-0.035234755350480026	0.10932663128805352	-0.1105766993767242	0.01198496709842669	-0.013438750313602294	0.033151377059783924	-0.05717065538478459	0.053995390968688564	-0.01044753992910891	0.012348906118213276	-0.015656563998853953	0.013704437842259857	-0.01420806007903998	0.011608053070382228	-0.0069174164334392125	0.009507559175348948	-0.004994477257084668	0.004730115971709501
-0.9842922613868686	0.10872159802722363	-0.0550973011632799	0.004437262016688074	-0.004655531949372895	1.0000000000000022	-0.11075053234440305	0.051947615867541555	-0.020161720851079652	0.016590380029044016	-0.0489476684540012	0.048593916729106915	-0.051495406375994264	0.02618544399641004	-0.027931361797471292	0.03496850669529012	-0.038855414320525146	0.038911082223669353	-0.008624696087610434	0.00830195139486778	-0.03289693698543389	0.01938877225331116	-0.02537084119988549	0.004961109326344561	-0.004878420175241526
0.10026525312138274	-0.7539973527256898	0.20768195333858944	-0.01973755256653304	0.020490186684695544	-0.11075053234440305	1.000000000000002	-0.403998960299111	0.0942654032458228	-0.07871450667207225	0.17884584781878438	-0.28134246291321335	0.2494647005257501	-0.12272598215915091	0.12113559900351395	-0.13337472996201719	0.16135627262715246	-0.15607143289164657	0.037097871690269506	-0.03588227603925	0.12421525966156181	-0.07501737440316936	0.09622015218221709	-0.020009065032414727	0.01957173713710532
-0.05121077361720442	0.25106399888065806	-0.17097445625669508	0.03374965494802142	-0.035234755350480026	0.051947615867541555	-0.403998960299111	1.0000000000000022	-0.20366038309667375	0.1462312171331294	-0.13411968576359373	0.15973353314493083	-0.770188209647128	0.21838340311974327	-0.2286359659549128	0.09827846567937543	-0.12342671913104375	0.12059012253388532	-0.05793258924347301	0.05479306817254972	-0.09917056361562887	0.0590040569546437	-0.07779396240928958	0.02315719107955152	-0.022514800678363388
0.019491409816720585	-0.10305704850678993	0.07666271179709186	-0.12269821668976699	0.10932663128805352	-0.020161720851079652	0.0942654032458228	-0.20366038309667375	1.000000000000002	-0.8537406531160757	0.05074984461218217	-0.05883253069782421	0.16668107995553788	-0.32971682912377775	0.26785696655813807	-0.042949289137708416	0.05108107382567069	-0.061968728874957975	0.06611078727055089	-0.06912968941648148	0.04603582089302259	-0.027701690519111692	0.037608385554648294	-0.022577636870973146	0.021256935884851894
-0.016165571006493237	0.08195716724677972	-0.06577665406247221	0.09989350741520478	-0.1105766993767242	0.016590380029044016	-0.07871450667207225	0.1462312171331294	-0.8537406531160757	1.0000000000000027	-0.043861687611951916	0.04980983124914388	-0.14945681159568505	0.24831037216110427	-0.3970011324030456	0.03668916133634308	-0.04403791871442904	0.05239451339577621	-0.06276507854309901	0.06342268556506594	-0.03984883248471195	0.02390958256504651	-0.032591449056917667	0.020249926471403494	-0.019377662380704333
0.04619985651807923	-0.19613313208033475	0.13258877177063533	-0.011501592939631388	0.01198496709842669	-0.0489476684540012	0.17884584781878438	-0.13411968576359373	0.05074984461218217	-0.043861687611951916	1.0000000000000024	-0.6763341553664365	0.1332193469506266	-0.07408464071439284	0.07078386760611809	-0.546981564005389	0.3029632404243359	-0.28534693160043867	0.030753602756890482	-0.02990486190418693	0.23570819250922062	-0.14426702918612808	0.16008730849971808	-0.024459219114723013	0.023957728231765653
-0.04763930818542785	0.2063658935300519	-0.14303359317699232	0.012864448363567045	-0.013438750313602294	0.048593916729106915	-0.28134246291321335	0.15973353314493083	-0.05883253069782421	0.04980983124914388	-0.6763341553664365	1.000000000000001	-0.1861974771855958	0.08450275470291853	-0.08220299902602117	0.2920633148890057	-0.5025880365653554	0.25052229218031313	-0.032451702230413056	0.031232238860604982	-0.23747654339961632	0.14642082514929727	-0.17376638906697858	0.02528518313744185	-0.024987662468907268
0.04898351634248385	-0.28464496650370963	0.16126048299212542	-0.03227954064291641	0.033151377059783924	-0.051495406375994264	0.2494647005257501	-0.770188209647128	0.16668107995553788	-0.14945681159568505	0.1332193469506266	-0.1861974771855958	1.0000000000000027	-0.35375798339654035	0.22276825033850828	-0.10639297634127304	0.12639957477117075	-0.13832798741950825	0.06625866960339596	-0.06463426789790958	0.10318153629666274	-0.062416910747650475	0.08160934622535396	-0.025997074718207155	0.024967472753618686
-0.025517177574055087	0.12947591716006454	-0.1047699576580809	0.05333335171639381	-0.05717065538478459	0.02618544399641004	-0.12272598215915091	0.21838340311974327	-0.32971682912377775	0.24831037216110427	-0.07408464071439284	0.08450275470291853	-0.35375798339654035	1.0000000000000022	-0.7745621321035437	0.06114657698863618	-0.07432983532252403	0.08736906710684933	-0.17616288201691374	0.14703252763137079	-0.06662577973872767	0.04030032530629715	-0.0550584125838556	0.043104411362288514	-0.04145024962673306
0.026876992533922513	-0.14473611729085045	0.10891897592234584	-0.05275001781726318	0.053995390968688564	-0.027931361797471292	0.12113559900351395	-0.2286359659549128	0.26785696655813807	-0.3970011324030456	0.07078386760611809	-0.08220299902602117	0.22276825033850828	-0.7745621321035437	1.0000000000000033	-0.062013733334161616	0.0731620892288229	-0.09422038742882877	0.14641672338871412	-0.1694641431395591	0.06718619115046054	-0.04092686734433647	0.05589365817807328	-0.045975644460267154	0.04309393752512286
-0.034401524200048585	0.1362385077487334	-0.12881295051827402	0.009974328732306635	-0.01044753992910891	0.03496850669529012	-0.13337472996201719	0.09827846567937543	-0.042949289137708416	0.03668916133634308	-0.546981564005389	0.2920633148890057	-0.10639297634127304	0.06114657698863618	-0.062013733334161616	1.0000000000000029	-0.4800382184939976	0.2960676329459591	-0.03079512628561098	0.029666015158785638	-0.5291154380030387	0.2229406568475732	-0.2611386808073796	0.03207948427109751	-0.03187030949319384
0.037626933712397385	-0.17560869563862694	0.1466163260628082	-0.011817659141035658	0.012348906118213276	-0.038855414320525146	0.16135627262715246	-0.12342671913104375	0.05108107382567069	-0.04403791871442904	0.3029632404243359	-0.5025880365653554	0.12639957477117075	-0.07432983532252403	0.0731620892288229	-0.4800382184939976	1.0000000000000027	-0.5562950050160593	0.039027134325099966	-0.03778095783965389	0.29134938352396683	-0.262070836689189	0.23904460064783273	-0.03377930933151394	0.03306926023601654
-0.038863502420582584	0.15843076635686026	-0.2218462373592165	0.014851075517074293	-0.015656563998853953	0.038911082223669353	-0.15607143289164657	0.12059012253388532	-0.061968728874957975	0.05239451339577621	-0.28534693160043867	0.25052229218031313	-0.13832798741950825	0.08736906710684933	-0.09422038742882877	0.2960676329459591	-0.5562950050160593	1.0000000000000029	-0.06410827962012827	0.05835304432037069	-0.486025321705719	0.2780345682420886	-0.44266118418104433	0.05783223209447441	-0.05883700897418828
0.008406511217420372	-0.04166518102693238	0.03842011389916321	-0.013023854430209716	0.013704437842259857	-0.008624696087610434	0.037097871690269506	-0.05793258924347301	0.06611078727055089	-0.06276507854309901	0.030753602756890482	-0.032451702230413056	0.06625866960339596	-0.17616288201691374	0.14641672338871412	-0.03079512628561098	0.039027134325099966	-0.06410827962012827	1.0000000000000024	-0.9458705758085928	0.039751570375346656	-0.02803873022482219	0.040588710376004006	-0.15873772973859201	0.13823261210543844
-0.008110558138397563	0.03973671153388871	-0.037504357966019926	0.013389842472506413	-0.01420806007903998	0.00830195139486778	-0.03588227603925	0.05479306817254972	-0.06912968941648148	0.06342268556506594	-0.02990486190418693	0.031232238860604982	-0.06463426789790958	0.14703252763137079	-0.1694641431395591	0.029666015158785638	-0.03778095783965389	0.05835304432037069	-0.9458705758085928	1.0000000000000024	-0.03886091104599759	0.026950842496258634	-0.03942051165866419	0.1404041654132846	-0.16517819157230768
0.031992818638318835	-0.1437988003068508	0.15461692866507004	-0.011097197530664456	0.011608053070382228	-0.03289693698543389	0.12421525966156181	-0.09917056361562887	0.04603582089302259	-0.03984883248471195	0.23570819250922062	-0.23747654339961632	0.10318153629666274	-0.06662577973872767	0.06718619115046054	-0.5291154380030387	0.29134938352396683	-0.486025321705719	0.039751570375346656	-0.03886091104599759	1.0000000000000024	-0.506735988982101	0.3046031214859866	-0.04249722084320243	0.040626553486946035
-0.018942031087961175	0.08356937775086028	-0.0893069837969547	0.0066061083411005465	-0.0069174164334392125	0.01938877225331116	-0.07501737440316936	0.0590040569546437	-0.027701690519111692	0.02390958256504651	-0.14426702918612808	0.14642082514929727	-0.062416910747650475	0.04030032530629715	-0.04092686734433647	0.2229406568475732	-0.262070836689189	0.2780345682420886	-0.02803873022482219	0.026950842496258634	-0.506735988982101	1.000000000000003	-0.7634635846101586	0.04798537163928805	-0.047343986190464385
0.024734201374107916	-0.11116594403008627	0.1266088592465915	-0.009081050559908115	0.009507559175348948	-0.02537084119988549	0.09622015218221709	-0.07779396240928958	0.037608385554648294	-0.032591449056917667	0.16008730849971808	-0.17376638906697858	0.08160934622535396	-0.0550584125838556	0.05589365817807328	-0.2611386808073796	0.23904460064783273	-0.44266118418104433	0.040588710376004006	-0.03942051165866419	0.3046031214859866	-0.7634635846101586	1.0000000000000038	-0.0742110819946206	0.06632030611823143
-0.004854190196598171	0.02254359456942025	-0.024597636596941305	0.004718213660780098	-0.004994477257084668	0.004961109326344561	-0.020009065032414727	0.02315719107955152	-0.022577636870973146	0.020249926471403494	-0.024459219114723013	0.02528518313744185	-0.025997074718207155	0.043104411362288514	-0.045975644460267154	0.03207948427109751	-0.03377930933151394	0.05783223209447441	-0.15873772973859201	0.1404041654132846	-0.04249722084320243	0.04798537163928805	-0.0742110819946206	1.0000000000000044	-0.9706262151400118
0.004769064738771351	-0.02221071415152122	0.02422642938794172	-0.004479274437696566	0.004730115971709501	-0.004878420175241526	0.01957173713710532	-0.022514800678363388	0.021256935884851894	-0.019377662380704333	0.023957728231765653	-0.024987662468907268	0.024967472753618686	-0.04145024962673306	0.04309393752512286	-0.03187030949319384	0.03306926023601654	-0.05883700897418828	0.13823261210543844	-0.16517819157230768	0.040626553486946035	-0.047343986190464385	0.06632030611823143	-0.9706262151400118	1.0000000000000044
