1.0	-0.5827482075804777	0.17347541673357056	-0.12946269820674358	0.07898007725814485	-0.6866817671875817	0.3308079813831821	-0.1514950646098642	0.10437109086098091	-0.08089307417625011	0.11212590983828974	-0.14275124233018702	0.10606252234044697	-0.07408422600481827	0.06122168097359461	-0.09810174869085017	0.09517853496568035	-0.09888730430394783	0.06687402913775008	-0.07804031606367001	0.05725693103924708	-0.07920263063645452	0.0712753985351868	-0.046167732328772776	0.04538728233132493	-0.05736291985962516	0.06568124452371799	-0.043443838927756544	0.03778747496601092	-0.0342577272244147	0.04340505017404547	-0.039181146740597375	0.03903357218578935	-0.034054853427770516	0.04149233948876335	-0.031481028276596996	0.03006550404385162	-0.029631645693320652	0.02903848984990634	-0.014297057998799682	0.04881130189232177	-0.0446045226712021	0.027360690963348974	-0.039640463586681315	0.01395425214078145
-0.5827482075804777	1.0	-0.3397597658804727	0.15891000702274644	-0.10110682879629779	0.31017991000839024	-0.60972205001448	0.18772401115454213	-0.1389475980992273	0.0960600294829308	-0.11588469805022765	0.16132661575161963	-0.1349818918299362	0.086823489648379	-0.07345882434781471	0.09499616017539435	-0.11389018108642589	0.11406272027642267	-0.0799441888058359	0.08982234493860186	-0.06323539138003488	0.08934323792883939	-0.08525394703960283	0.05391219386135965	-0.05401880122476888	0.06171048880576188	-0.07756962921131488	0.05062447244257516	-0.04461967019452735	0.04024184848495508	-0.0496069029437849	0.044211169148349064	-0.04582947732000569	0.03975563046201573	-0.0492252677140482	0.03578186487554388	-0.034442632670637	0.0340263136940255	-0.033513240733533976	0.016376130190285505	-0.05676547841694877	0.05043365180041021	-0.031252012436625905	0.04496916825074092	-0.01605003732380112
0.17347541673357056	-0.3397597658804727	1.0000000000000002	-0.4991215755620175	0.20469694960725357	-0.12403768419769932	0.18896611903865337	-0.6137654423624792	0.3096110984542669	-0.20915791597702363	0.10706610643920414	-0.19882796442734832	0.2023877559904831	-0.1587386194126837	0.13572727557189926	-0.09718328310077753	0.13446153505348626	-0.17934442503049935	0.13436273007299654	-0.1671037416805348	0.07139736864676273	-0.10952953461682585	0.10198870259747624	-0.06969372444769231	0.06922857987136995	-0.07104975361588835	0.0909520817788364	-0.06243384417003968	0.05573238907282045	-0.05135097777100076	0.05774859260023128	-0.05218078619784694	0.05556099258983783	-0.049009858416115736	0.059953294812293736	-0.042587937795391065	0.040896079340521786	-0.04138573161196927	0.04063357413810047	-0.019924162396194794	0.06742489599387455	-0.06172362359210573	0.0380567386924046	-0.055040376268352155	0.019460973511949232
-0.12946269820674358	0.15891000702274644	-0.4991215755620175	1.0000000000000002	-0.4338308450289035	0.08606193299362275	-0.13861372673864344	0.2992962178481818	-0.6168099868321091	0.25628572100644925	-0.08403010831963327	0.13651010413145684	-0.1534734518320824	0.15696805203746728	-0.1557004024041354	0.07352150846823365	-0.10432665996954352	0.12982604539316175	-0.13356666375127058	0.16237216172626578	-0.05673871688821948	0.0857431609876994	-0.08460053708796836	0.05921999764530429	-0.06062617505304125	0.0558689459597412	-0.07651693557211692	0.05208019947143791	-0.04755242349432	0.04404014548079438	-0.04731945417371984	0.04248433907543868	-0.04669513986026018	0.041230641190980674	-0.051154361608033244	0.03488205113004291	-0.033683156019902384	0.0341815070301511	-0.033705943618237734	0.016426791713679702	-0.05625943020897328	0.050312934892425686	-0.03129031347325602	0.044999315695646774	-0.016101041708450357
0.07898007725814485	-0.10110682879629779	0.20469694960725357	-0.4338308450289035	1.0000000000000009	-0.05647810449726988	0.0862161504976249	-0.19048983190025923	0.2553194709065647	-0.7417388469014825	0.0727385421093365	-0.11917306772225923	0.12674720097705905	-0.22235263312441908	0.2504771855392695	-0.0654874228788513	0.09438955215521233	-0.12283868872177366	0.16678565257363645	-0.28576722228538604	0.05280806598008601	-0.08209628531139539	0.0809913477816811	-0.06404370413749236	0.06648256017538112	-0.05276375701795508	0.07282823773412518	-0.052580240055185606	0.04939385213014918	-0.0476767048230163	0.045018858078683444	-0.0408800372389883	0.046439570453302374	-0.04199337676911782	0.05155094356602206	-0.033747732197962274	0.03254234500647648	-0.033860167392372395	0.033306000000425814	-0.01622504912709165	0.05420879627496518	-0.04983475737692157	0.030941006786125567	-0.044639275014194305	0.01585883114963034
-0.6866817671875817	0.31017991000839024	-0.12403768419769932	0.08606193299362275	-0.05647810449726988	1.0000000000000013	-0.6285207594853734	0.10489345177899312	-0.07557871655644459	0.05615807849641925	-0.12747833486596868	0.126907308690011	-0.0901597316573045	0.05531072068542438	-0.04503205485210173	0.0952272685706956	-0.08663796038828668	0.08048544278281	-0.051621618951410354	0.0567903354385681	-0.05066297054666548	0.06683693555815719	-0.060366972901180774	0.03748725707738619	-0.03691958055815505	0.049556249919075646	-0.05379304133367495	0.035568193088163495	-0.03091429025173325	0.027782047292096452	-0.03643739615082928	0.03256963447127374	-0.032045046791512724	0.02771403056278002	-0.03393870666359048	0.025808176267981545	-0.024675876640683644	0.024007688019720003	-0.023540941308373493	0.011493176534343383	-0.039501774711899064	0.03573697394832689	-0.02205053306927177	0.031798591351597974	-0.011235258322618754
0.3308079813831821	-0.60972205001448	0.18896611903865337	-0.13861372673864344	0.0862161504976249	-0.6285207594853734	1.0000000000000009	-0.17357307157196863	0.11657299566633939	-0.08755959394820735	0.1250519319228247	-0.2079838077599586	0.13200987511557763	-0.08314724980101962	0.06786076337284647	-0.10767623423223877	0.11874250805924019	-0.11699107442999047	0.07606752523526722	-0.08594350980363216	0.0647122806868166	-0.09167231709274379	0.08285330769171455	-0.05232843714344724	0.051511092426219804	-0.06387067846373805	0.0737480954816849	-0.04914423216263529	0.04289234250334498	-0.03870401586570686	0.04872175894439665	-0.043716960698918575	0.04413524866331081	-0.03834200727623379	0.04694142478976817	-0.03503308702668589	0.03354167814101232	-0.03306548953602928	0.0324382191604266	-0.01587921367176815	0.054324179816576695	-0.04933974290347659	0.030410938574103916	-0.04391850214449034	0.01551737296923308
-0.1514950646098642	0.18772401115454213	-0.6137654423624792	0.2992962178481818	-0.19048983190025923	0.10489345177899312	-0.17357307157196863	0.9999999999999998	-0.5630743168651525	0.17667401767709703	-0.107708011254145	0.19306067613252004	-0.3193596791696002	0.15377372413228077	-0.12947164586864335	0.09425459630510667	-0.14188305497425094	0.18700651714443078	-0.1386820593788952	0.1446882227518485	-0.06956796145031982	0.10574941877075755	-0.10233956093595944	0.06661378907049267	-0.06683785396571752	0.06750829856454788	-0.08763350792517646	0.05989183001042251	-0.0538788037335928	0.049014540303885544	-0.055489277233862815	0.04954403494973555	-0.053578822808653975	0.046781945766313136	-0.057983736083815234	0.04020365129617369	-0.038797391740707475	0.03900976666418396	-0.03842510686364186	0.018643288911796403	-0.06386697518409183	0.05718904854123184	-0.035621682845788157	0.05114480978546648	-0.01827270461365132
0.10437109086098091	-0.1389475980992273	0.3096110984542669	-0.6168099868321091	0.2553194709065647	-0.07557871655644459	0.11657299566633939	-0.5630743168651525	0.999999999999998	-0.30837711448854027	0.08776107522137022	-0.15995648547529284	0.18201084185584668	-0.20707954301579792	0.16799147504243245	-0.0793078453315441	0.11547106220168143	-0.15893205357818216	0.1528338495924797	-0.186854125297118	0.060074004942669894	-0.09308772418492588	0.08898778479448477	-0.06301237389848624	0.06350682202177135	-0.059354021161776155	0.07787006951878174	-0.0545915890045117	0.049785836944406796	-0.046320807412280174	0.04904912444861308	-0.04421714364059074	0.04845566576847486	-0.04294059146371543	0.05282898143319424	-0.03611273699051489	0.034785618232416965	-0.03547514138708176	0.034885281071564425	-0.016987514138746863	0.05742646912438082	-0.05228169108592262	0.03244551142396229	-0.0467509249944635	0.016616520856096148
-0.08089307417625011	0.0960600294829308	-0.20915791597702363	0.25628572100644925	-0.7417388469014825	0.05615807849641925	-0.08755959394820735	0.17667401767709703	-0.30837711448854027	0.9999999999999991	-0.07135192367416486	0.11102096508954123	-0.12595585395359674	0.20877413421089341	-0.42469046239728725	0.06273050714037201	-0.09220446742756708	0.11618265226080446	-0.17575147552821296	0.24774515437054337	-0.05083425225011773	0.077904987541035	-0.07936168202070554	0.060876477775307115	-0.06464730324266404	0.05016380834295421	-0.07094119776803412	0.05039608870151752	-0.0477776945887726	0.045457105087172496	-0.043423174026013193	0.03914023985975476	-0.04492475438105495	0.04027377698545494	-0.05017540247790821	0.032271248512995857	-0.03123148795792902	0.03229617871823227	-0.03187846415175708	0.015434099054971596	-0.05226143808231455	0.04700676106820235	-0.029400449910889928	0.04218516461982962	-0.015133281975291811
0.11212590983828974	-0.11588469805022765	0.10706610643920414	-0.08403010831963327	0.0727385421093365	-0.12747833486596868	0.1250519319228247	-0.107708011254145	0.08776107522137022	-0.07135192367416486	1.0000000000000004	-0.33961477544943386	0.17838722193574805	-0.10061347382826008	0.07338594011381548	-0.8094265693208036	0.25991622240670337	-0.20728107004414478	0.10077383580301	-0.09746274217196545	0.20666187952017095	-0.21212195240692755	0.1600511594483249	-0.09454268226289336	0.08892023529370341	-0.20805500118476705	0.1368033600598092	-0.09318623180650054	0.07762609198322466	-0.06884807613649635	0.1136942731594916	-0.10287853719893145	0.08322866074119308	-0.07104174585680133	0.08442270756388014	-0.07537323253718617	0.07041347506049542	-0.06376227453635457	0.06168800402282803	-0.029789490447026144	0.1012978998381604	-0.09502510491363275	0.05823361934327974	-0.08406316518648929	0.028960091058409573
-0.14275124233018702	0.16132661575161963	-0.19882796442734832	0.13651010413145684	-0.11917306772225923	0.126907308690011	-0.2079838077599586	0.19306067613252004	-0.15995648547529284	0.11102096508954123	-0.33961477544943386	1.0	-0.5391707490918951	0.15577614956760932	-0.11601199311366456	0.2418092378580313	-0.5295406092844942	0.31295974119252074	-0.16405537739810488	0.14159852547076215	-0.15918579716597414	0.2335250449778422	-0.2259360628276604	0.12008411286142989	-0.11986543480906368	0.14159817308719955	-0.16619670103212056	0.11361459226469155	-0.10070280584478668	0.08793018854269812	-0.1113154882633441	0.09603206132493838	-0.10259455854038423	0.08644541715384062	-0.10886566252065	0.0752930570497951	-0.0731184878233041	0.07147257941439622	-0.07055926405609846	0.033362437939729324	-0.11591036178764857	0.10132930463273583	-0.06426965584117673	0.09100179751360989	-0.032839942857772114
0.10606252234044697	-0.1349818918299362	0.2023877559904831	-0.1534734518320824	0.12674720097705905	-0.0901597316573045	0.13200987511557763	-0.3193596791696002	0.18201084185584668	-0.12595585395359674	0.17838722193574805	-0.5391707490918951	1.000000000000001	-0.22705095481052362	0.13654726330921518	-0.1682075654220476	0.2869025468569062	-0.617420255407454	0.20276728374714728	-0.17419887561719186	0.11163955841891188	-0.1831725417939672	0.16148605361355445	-0.09679783501923225	0.09262555702175561	-0.10646816389782206	0.11976163665216923	-0.08710378272732675	0.07684850414124557	-0.06866682481579282	0.0806039531553934	-0.0717347175495544	0.0761983794010435	-0.06577071650358765	0.08073397733053356	-0.056597538340798774	0.05444585289803146	-0.05438538330494279	0.053312090416075174	-0.0255092388714201	0.08607903799942984	-0.07857938523888566	0.04917724283452084	-0.07037877408150547	0.024963661463499043
-0.07408422600481827	0.086823489648379	-0.1587386194126837	0.15696805203746728	-0.22235263312441908	0.05531072068542438	-0.08314724980101962	0.15377372413228077	-0.20707954301579792	0.20877413421089341	-0.10061347382826008	0.15577614956760932	-0.22705095481052362	0.9999999999999993	-0.4931017095914614	0.08799877426339829	-0.14984144373731415	0.20793465458092456	-0.6935278086476468	0.32166116264208344	-0.06973397522345282	0.10936021696414513	-0.11400312065448956	0.08870220886302017	-0.08979478800015038	0.06699655327946578	-0.09022822182748745	0.06799239282103549	-0.06725896917051398	0.06172879458136005	-0.056812715699246306	0.05079522115906317	-0.06003986157135634	0.053259374357304545	-0.0668468263755705	0.04118312834038944	-0.03997908189730942	0.04152113932126543	-0.04099223678367816	0.019468540678512915	-0.06533871256545123	0.058879667151767345	-0.03730403387306257	0.05309269794267964	-0.019116998638141924
0.06122168097359461	-0.07345882434781471	0.13572727557189926	-0.1557004024041354	0.2504771855392695	-0.04503205485210173	0.06786076337284647	-0.12947164586864335	0.16799147504243245	-0.42469046239728725	0.07338594011381548	-0.11601199311366456	0.13654726330921518	-0.4931017095914614	1.0000000000000004	-0.06562291258882869	0.10222746514827098	-0.14073399859994282	0.2912889146765682	-0.6540891358139952	0.05353286489374634	-0.08476861363376943	0.08663333804511036	-0.07496208714994265	0.08086469681287804	-0.052775651941455205	0.07230949871681572	-0.056106645113629894	0.05551552747601537	-0.05558078027061469	0.045170648353951	-0.04092925239503937	0.048939924590825634	-0.04478396537280575	0.055278384590831765	-0.033491200507766446	0.03242349110556298	-0.034291038155206545	0.03375594796898714	-0.016139873831237335	0.05326062781171955	-0.04904835250575422	0.030885965369969355	-0.04421551659120355	0.015800958321683954
-0.09810174869085017	0.09499616017539435	-0.09718328310077753	0.07352150846823365	-0.0654874228788513	0.0952272685706956	-0.10767623423223877	0.09425459630510667	-0.0793078453315441	0.06273050714037201	-0.8094265693208036	0.2418092378580313	-0.1682075654220476	0.08799877426339829	-0.06562291258882869	1.0000000000000009	-0.354586935255234	0.18345370301609076	-0.09247903475675659	0.08500226055514762	-0.2821475504152685	0.2029299185575121	-0.16438285914239123	0.08979702170630335	-0.08641746984072685	0.1915986334890229	-0.1336942015554153	0.08861337654754695	-0.07504300426801179	0.06572236505887617	-0.11291881983479468	0.0950576228157077	-0.0800826613743105	0.0673322452033185	-0.0816929336635103	0.06939719620301871	-0.06615258465008643	0.05917277608299429	-0.05763161879456884	0.027408571235854513	-0.09557922600176849	0.08600609179855857	-0.053554375638803296	0.07643910593914997	-0.026791218576084005
0.09517853496568035	-0.11389018108642589	0.13446153505348626	-0.10432665996954352	0.09438955215521233	-0.08663796038828668	0.11874250805924019	-0.14188305497425094	0.11547106220168143	-0.09220446742756708	0.25991622240670337	-0.5295406092844942	0.2869025468569062	-0.14984144373731415	0.10222746514827098	-0.354586935255234	1.0000000000000016	-0.510949044146956	0.1580814683988615	-0.13740799560439745	0.1788773098094525	-0.4074509903972947	0.2267145477620395	-0.11968908026026184	0.11112288404924216	-0.16083341854694813	0.15155916976248945	-0.11172545693325707	0.09562894041739993	-0.08351529978222291	0.10845938791493935	-0.09525268583861429	0.09668256098622303	-0.08194396711816991	0.10001608762647905	-0.07273606898776806	0.06979466960472364	-0.06809670711813347	0.06652452042599119	-0.03146786731355147	0.10620873882392026	-0.09726023155505428	0.06112752211120845	-0.08712279823668402	0.03078602779309961
-0.09888730430394783	0.11406272027642267	-0.17934442503049935	0.12982604539316175	-0.12283868872177366	0.08048544278281	-0.11699107442999047	0.18700651714443078	-0.15893205357818216	0.11618265226080446	-0.20728107004414478	0.31295974119252074	-0.617420255407454	0.20793465458092456	-0.14073399859994282	0.18345370301609076	-0.510949044146956	0.999999999999998	-0.3065612496755262	0.17796576714370382	-0.13125995896907264	0.21408347723633528	-0.21852998075782842	0.11385878683776923	-0.11029884666351517	0.11812289537666756	-0.13888513196944732	0.10247804799283255	-0.09165833137145034	0.08018520008111933	-0.09265131693435365	0.08099302051464917	-0.09002809860048946	0.0763497213826979	-0.09531859864936047	0.0636532877661271	-0.061741248126922575	0.061827381312387714	-0.06087050301131315	0.028666596317001757	-0.09743567758155179	0.08720198420830938	-0.055355489060739234	0.07846734886922159	-0.02816063188450704
0.06687402913775008	-0.0799441888058359	0.13436273007299654	-0.13356666375127058	0.16678565257363645	-0.051621618951410354	0.07606752523526722	-0.1386820593788952	0.1528338495924797	-0.17575147552821296	0.10077383580301	-0.16405537739810488	0.20276728374714728	-0.6935278086476468	0.2912889146765682	-0.09247903475675659	0.1580814683988615	-0.3065612496755262	0.9999999999999974	-0.5185983776959522	0.07209990789228748	-0.11829815590007217	0.11818647156445168	-0.10445712751592597	0.09779050117588127	-0.0699805972347898	0.09035715606931202	-0.07208984618830025	0.07251046873020658	-0.06768248257251942	0.05789143946560912	-0.05219088888651286	0.06225959509680705	-0.05595295982782775	0.06918094308444826	-0.042125500073556366	0.040785142149720274	-0.042892505938853104	0.04217789045176104	-0.01998379856167864	0.0658358988704881	-0.06068882433638326	0.03840640433192549	-0.05477212968728966	0.019573437381602995
-0.07804031606367001	0.08982234493860186	-0.1671037416805348	0.16237216172626578	-0.28576722228538604	0.0567903354385681	-0.08594350980363216	0.1446882227518485	-0.186854125297118	0.24774515437054337	-0.09746274217196545	0.14159852547076215	-0.17419887561719186	0.32166116264208344	-0.6540891358139952	0.08500226055514762	-0.13740799560439745	0.17796576714370382	-0.5185983776959522	0.9999999999999956	-0.07085085173568152	0.11082913821547175	-0.11914023076968508	0.10343982321929619	-0.12436104657282221	0.06905037386974203	-0.09763776603714626	0.07631239987609865	-0.07799193238096146	0.07790903328909395	-0.06041130838171423	0.05446114893027759	-0.0671087615027955	0.06121571256421855	-0.0771072996322557	0.044554488003815104	-0.043312842868441045	0.045972255851517124	-0.04542934793872204	0.021513679662402634	-0.0713358836099002	0.06473408623016469	-0.04115740983719671	0.05855250481318765	-0.021122828122410495
0.05725693103924708	-0.06323539138003488	0.07139736864676273	-0.05673871688821948	0.05280806598008601	-0.05066297054666548	0.0647122806868166	-0.06956796145031982	0.060074004942669894	-0.05083425225011773	0.20666187952017095	-0.15918579716597414	0.11163955841891188	-0.06973397522345282	0.05353286489374634	-0.2821475504152685	0.1788773098094525	-0.13125995896907264	0.07209990789228748	-0.07085085173568152	0.9999999999999986	-0.3699252980978751	0.20666834013870103	-0.1138734916705913	0.10490023690380053	-0.7715545646756256	0.18092784214232416	-0.11978091530110789	0.09518881803156613	-0.08327093687016372	0.2125307159388394	-0.1857743608442027	0.10881187338400224	-0.09028408893462164	0.10427484985783676	-0.11804068636245288	0.10805068530731778	-0.08497540700469454	0.08097184715239449	-0.038158448476955265	0.13308628728121832	-0.12449462219256544	0.07644941849774148	-0.10938409052334583	0.0370223211350645
-0.07920263063645452	0.08934323792883939	-0.10952953461682585	0.0857431609876994	-0.08209628531139539	0.06683693555815719	-0.09167231709274379	0.10574941877075755	-0.09308772418492588	0.077904987541035	-0.21212195240692755	0.2335250449778422	-0.1831725417939672	0.10936021696414513	-0.08476861363376943	0.2029299185575121	-0.4074509903972947	0.21408347723633528	-0.11829815590007217	0.11082913821547175	-0.3699252980978751	0.9999999999999982	-0.6052513457885712	0.203980848090859	-0.19174546813667315	0.23946050333212635	-0.26414803553148275	0.19582088936424352	-0.16957238175582492	0.14030169491477731	-0.1798883467219892	0.14974810775450348	-0.17006963932084612	0.13701481063942975	-0.17191980211297755	0.11292440422984801	-0.11066583249861646	0.10948334820642676	-0.10765578201518416	0.04911600132244501	-0.1659728923044867	0.14880861544394114	-0.09619816783821188	0.13459043803924287	-0.04831797678131647
0.0712753985351868	-0.08525394703960283	0.10198870259747624	-0.08460053708796836	0.0809913477816811	-0.060366972901180774	0.08285330769171455	-0.10233956093595944	0.08898778479448477	-0.07936168202070554	0.1600511594483249	-0.2259360628276604	0.16148605361355445	-0.11400312065448956	0.08663333804511036	-0.16438285914239123	0.2267145477620395	-0.21852998075782842	0.11818647156445168	-0.11914023076968508	0.20666834013870103	-0.6052513457885712	0.9999999999999959	-0.3984089322263577	0.23102626757387493	-0.21980806164613195	0.2315857060956315	-0.3419795846337994	0.2292057321528934	-0.19099756521737862	0.1606164602185674	-0.154487845976952	0.2066455386693026	-0.17685400596897624	0.19527875146180046	-0.12032805615497555	0.1151591603476477	-0.13255906937651593	0.12544472036279433	-0.057686322282860844	0.17174084277795695	-0.17972651058443595	0.11398213817816777	-0.1631544448330923	0.055771138597445556
-0.046167732328772776	0.05391219386135965	-0.06969372444769231	0.05921999764530429	-0.06404370413749236	0.03748725707738619	-0.05232843714344724	0.06661378907049267	-0.06301237389848624	0.060876477775307115	-0.09454268226289336	0.12008411286142989	-0.09679783501923225	0.08870220886302017	-0.07496208714994265	0.08979702170630335	-0.11968908026026184	0.11385878683776923	-0.10445712751592597	0.10343982321929619	-0.1138734916705913	0.203980848090859	-0.3984089322263577	0.9999999999999962	-0.5972283487875132	0.11598000005848348	-0.1839833234839666	0.2571607642360267	-0.5246901135966018	0.3065445876864551	-0.11515895164062215	0.10936335751842394	-0.2075163901516409	0.18642064369568875	-0.24373958796485534	0.08851222411378482	-0.08790124527280999	0.1115560936454918	-0.110415560572053	0.04701232721322323	-0.13528554801870768	0.1350360748021608	-0.09262066198707719	0.12679174350458786	-0.046261765042644315
0.04538728233132493	-0.05401880122476888	0.06922857987136995	-0.06062617505304125	0.06648256017538112	-0.03691958055815505	0.051511092426219804	-0.06683785396571752	0.06350682202177135	-0.06464730324266404	0.08892023529370341	-0.11986543480906368	0.09262555702175561	-0.08979478800015038	0.08086469681287804	-0.08641746984072685	0.11112288404924216	-0.11029884666351517	0.09779050117588127	-0.12436104657282221	0.10490023690380053	-0.19174546813667315	0.23102626757387493	-0.5972283487875132	0.9999999999999968	-0.11388600030711644	0.16938589917848007	-0.24501742978515637	0.3134645511154713	-0.6039395286728819	0.10876214476031677	-0.10741583388806164	0.1840291137135819	-0.21058810931535718	0.23978884941002052	-0.08875884972965042	0.08642770405156412	-0.11309718151343545	0.1089662741539927	-0.04893009758996838	0.1330516682192078	-0.14597433095606213	0.0953074593557889	-0.13605267317438352	0.0472214641055944
-0.05736291985962516	0.06171048880576188	-0.07104975361588835	0.0558689459597412	-0.05276375701795508	0.049556249919075646	-0.06387067846373805	0.06750829856454788	-0.059354021161776155	0.05016380834295421	-0.20805500118476705	0.14159817308719955	-0.10646816389782206	0.06699655327946578	-0.052775651941455205	0.1915986334890229	-0.16083341854694813	0.11812289537666756	-0.0699805972347898	0.06905037386974203	-0.7715545646756256	0.23946050333212635	-0.21980806164613195	0.11598000005848348	-0.11388600030711644	0.9999999999999948	-0.22171843449955878	0.12492064371235118	-0.10202259714436429	0.08845730551423069	-0.36324401568431947	0.20510557844412833	-0.11996780819562976	0.09679237849552064	-0.11507777889230225	0.12800419290354198	-0.1255670248701842	0.09096150137758101	-0.0876994106697694	0.040457742431993314	-0.15133156070358345	0.1293328615499736	-0.08121469999861537	0.11408080740981538	-0.03957619887498634
0.06568124452371799	-0.07756962921131488	0.0909520817788364	-0.07651693557211692	0.07282823773412518	-0.05379304133367495	0.0737480954816849	-0.08763350792517646	0.07787006951878174	-0.07094119776803412	0.1368033600598092	-0.16619670103212056	0.11976163665216923	-0.09022822182748745	0.07230949871681572	-0.1336942015554153	0.15155916976248945	-0.13888513196944732	0.09035715606931202	-0.09763776603714626	0.18092784214232416	-0.26414803553148275	0.2315857060956315	-0.1839833234839666	0.16938589917848007	-0.22171843449955878	0.9999999999999968	-0.24986220928385788	0.16516394569852968	-0.1491313794363773	0.2267779444087407	-0.2703893680517049	0.20174753718092142	-0.17589317769660803	0.19066575647079725	-0.19902622129343475	0.18498602659124408	-0.1891783325871586	0.17800248834946136	-0.09486440441979085	0.2978627134488202	-0.3282699066054726	0.18446685757834055	-0.2830783584019704	0.08981513022141104
-0.043443838927756544	0.05062447244257516	-0.06243384417003968	0.05208019947143791	-0.052580240055185606	0.035568193088163495	-0.04914423216263529	0.05989183001042251	-0.0545915890045117	0.05039608870151752	-0.09318623180650054	0.11361459226469155	-0.08710378272732675	0.06799239282103549	-0.056106645113629894	0.08861337654754695	-0.11172545693325707	0.10247804799283255	-0.07208984618830025	0.07631239987609865	-0.11978091530110789	0.19582088936424352	-0.3419795846337994	0.2571607642360267	-0.24501742978515637	0.12492064371235118	-0.24986220928385788	0.9999999999999983	-0.4639971422145921	0.243156052391251	-0.14863332555547581	0.14821395116877537	-0.5948355613620695	0.27021644786004734	-0.3164618972662791	0.11357233120099902	-0.11804797686945877	0.17548897997488647	-0.1706926375256892	0.061155216688972565	-0.1671025519469973	0.16956594111801382	-0.13133809202050517	0.16491589106243018	-0.060792921017667166
0.03778747496601092	-0.04461967019452735	0.05573238907282045	-0.04755242349432	0.04939385213014918	-0.03091429025173325	0.04289234250334498	-0.0538788037335928	0.049785836944406796	-0.0477776945887726	0.07762609198322466	-0.10070280584478668	0.07684850414124557	-0.06725896917051398	0.05551552747601537	-0.07504300426801179	0.09562894041739993	-0.09165833137145034	0.07251046873020658	-0.07799193238096146	0.09518881803156613	-0.16957238175582492	0.2292057321528934	-0.5246901135966018	0.3134645511154713	-0.10202259714436429	0.16516394569852968	-0.4639971422145921	0.9999999999999937	-0.5573338406318481	0.10517349356185861	-0.10532200343868035	0.23276912770093275	-0.23898441777193713	0.25022260306398386	-0.08468081374317268	0.08407788621937762	-0.11838842235022021	0.11277837496883493	-0.046514072104264954	0.1251550878707147	-0.13457895644563864	0.09336361885524275	-0.1280152015411694	0.04529880978587341
-0.0342577272244147	0.04024184848495508	-0.05135097777100076	0.04404014548079438	-0.0476767048230163	0.027782047292096452	-0.03870401586570686	0.049014540303885544	-0.046320807412280174	0.045457105087172496	-0.06884807613649635	0.08793018854269812	-0.06866682481579282	0.06172879458136005	-0.05558078027061469	0.06572236505887617	-0.08351529978222291	0.08018520008111933	-0.06768248257251942	0.07790903328909395	-0.08327093687016372	0.14030169491477731	-0.19099756521737862	0.3065445876864551	-0.6039395286728819	0.08845730551423069	-0.1491313794363773	0.243156052391251	-0.5573338406318481	0.9999999999999969	-0.09474582254684652	0.09315104096922296	-0.20696095725879948	0.22465019488604415	-0.4030654453129049	0.07600331824361883	-0.07593070342342964	0.10524524840886842	-0.10437343150859221	0.04289217127083661	-0.11466680636735432	0.12072607812310324	-0.08472063442409683	0.11551729452180731	-0.04199481490887809
0.04340505017404547	-0.0496069029437849	0.05774859260023128	-0.04731945417371984	0.045018858078683444	-0.03643739615082928	0.04872175894439665	-0.055489277233862815	0.04904912444861308	-0.043423174026013193	0.1136942731594916	-0.1113154882633441	0.0806039531553934	-0.056812715699246306	0.045170648353951	-0.11291881983479468	0.10845938791493935	-0.09265131693435365	0.05789143946560912	-0.06041130838171423	0.2125307159388394	-0.1798883467219892	0.1606164602185674	-0.11515895164062215	0.10876214476031677	-0.36324401568431947	0.2267779444087407	-0.14863332555547581	0.10517349356185861	-0.09474582254684652	0.999999999999996	-0.7302273675367181	0.15589937329093448	-0.12383925274289335	0.12624605227848187	-0.294999428640189	0.25295465706076414	-0.13762895562508345	0.12477166147229582	-0.05621276812246046	0.2097483681120367	-0.19527836691321557	0.11929237955022645	-0.16733842405735092	0.05421932624926685
-0.039181146740597375	0.044211169148349064	-0.05218078619784694	0.04248433907543868	-0.0408800372389883	0.03256963447127374	-0.043716960698918575	0.04954403494973555	-0.04421714364059074	0.03914023985975476	-0.10287853719893145	0.09603206132493838	-0.0717347175495544	0.05079522115906317	-0.04092925239503937	0.0950576228157077	-0.09525268583861429	0.08099302051464917	-0.05219088888651286	0.05446114893027759	-0.1857743608442027	0.14974810775450348	-0.154487845976952	0.10936335751842394	-0.10741583388806164	0.20510557844412833	-0.2703893680517049	0.14821395116877537	-0.10532200343868035	0.09315104096922296	-0.7302273675367181	0.9999999999999984	-0.1904887922621919	0.12609595445900995	-0.13087023901666214	0.26139348036964943	-0.4268141222938597	0.14137726744022966	-0.1307834385989363	0.053430687803650546	-0.2260506340977183	0.17718484774344706	-0.11750196979286352	0.15410688077761758	-0.052397733235557895
0.03903357218578935	-0.04582947732000569	0.05556099258983783	-0.04669513986026018	0.046439570453302374	-0.032045046791512724	0.04413524866331081	-0.053578822808653975	0.04845566576847486	-0.04492475438105495	0.08322866074119308	-0.10259455854038423	0.0761983794010435	-0.06003986157135634	0.048939924590825634	-0.0800826613743105	0.09668256098622303	-0.09002809860048946	0.06225959509680705	-0.0671087615027955	0.10881187338400224	-0.17006963932084612	0.2066455386693026	-0.2075163901516409	0.1840291137135819	-0.11996780819562976	0.20174753718092142	-0.5948355613620695	0.23276912770093275	-0.20696095725879948	0.15589937329093448	-0.1904887922621919	0.9999999999999949	-0.5286368608190487	0.2864072761205108	-0.12791885676601847	0.13368778006087187	-0.2913448982384467	0.20607241653472336	-0.06888868652619833	0.16958892086116167	-0.19730943679106938	0.15733804709006108	-0.19677258533605455	0.06701695017783665
-0.034054853427770516	0.03975563046201573	-0.049009858416115736	0.041230641190980674	-0.04199337676911782	0.02771403056278002	-0.03834200727623379	0.046781945766313136	-0.04294059146371543	0.04027377698545494	-0.07104174585680133	0.08644541715384062	-0.06577071650358765	0.053259374357304545	-0.04478396537280575	0.0673322452033185	-0.08194396711816991	0.0763497213826979	-0.05595295982782775	0.06121571256421855	-0.09028408893462164	0.13701481063942975	-0.17685400596897624	0.18642064369568875	-0.21058810931535718	0.09679237849552064	-0.17589317769660803	0.27021644786004734	-0.23898441777193713	0.22465019488604415	-0.12383925274289335	0.12609595445900995	-0.5286368608190487	0.9999999999999963	-0.6889521787488838	0.10036688336079369	-0.10510187227816252	0.17797641975369458	-0.1978763705903305	0.06100897623254014	-0.14674586865981679	0.1570280217524641	-0.12698578593638882	0.16187769503016514	-0.060340058371508215
0.04149233948876335	-0.0492252677140482	0.059953294812293736	-0.051154361608033244	0.05155094356602206	-0.03393870666359048	0.04694142478976817	-0.057983736083815234	0.05282898143319424	-0.05017540247790821	0.08442270756388014	-0.10886566252065	0.08073397733053356	-0.0668468263755705	0.055278384590831765	-0.0816929336635103	0.10001608762647905	-0.09531859864936047	0.06918094308444826	-0.0771072996322557	0.10427484985783676	-0.17191980211297755	0.19527875146180046	-0.24373958796485534	0.23978884941002052	-0.11507777889230225	0.19066575647079725	-0.3164618972662791	0.25022260306398386	-0.4030654453129049	0.12624605227848187	-0.13087023901666214	0.2864072761205108	-0.6889521787488838	0.9999999999999967	-0.10885875870333228	0.10738825139153434	-0.16591213954716383	0.1598066899081635	-0.06708881683392923	0.15909239596173053	-0.1871703343844204	0.12869664531595384	-0.18320889492684034	0.06390561240180108
-0.031481028276596996	0.03578186487554388	-0.042587937795391065	0.03488205113004291	-0.033747732197962274	0.025808176267981545	-0.03503308702668589	0.04020365129617369	-0.03611273699051489	0.032271248512995857	-0.07537323253718617	0.0752930570497951	-0.056597538340798774	0.04118312834038944	-0.033491200507766446	0.06939719620301871	-0.07273606898776806	0.0636532877661271	-0.042125500073556366	0.044554488003815104	-0.11804068636245288	0.11292440422984801	-0.12032805615497555	0.08851222411378482	-0.08875884972965042	0.12800419290354198	-0.19902622129343475	0.11357233120099902	-0.08468081374317268	0.07600331824361883	-0.294999428640189	0.26139348036964943	-0.12791885676601847	0.10036688336079369	-0.10885875870333228	0.9999999999999956	-0.7589587533066122	0.15915377352953594	-0.1492296732857344	0.05722827088731703	-0.4288017473256539	0.19783084884970975	-0.13379524193884773	0.16670287671943843	-0.056608224503679944
0.03006550404385162	-0.034442632670637	0.040896079340521786	-0.033683156019902384	0.03254234500647648	-0.024675876640683644	0.03354167814101232	-0.038797391740707475	0.034785618232416965	-0.03123148795792902	0.07041347506049542	-0.0731184878233041	0.05444585289803146	-0.03997908189730942	0.03242349110556298	-0.06615258465008643	0.06979466960472364	-0.061741248126922575	0.040785142149720274	-0.043312842868441045	0.10805068530731778	-0.11066583249861646	0.1151591603476477	-0.08790124527280999	0.08642770405156412	-0.1255670248701842	0.18498602659124408	-0.11804797686945877	0.08407788621937762	-0.07593070342342964	0.25295465706076414	-0.4268141222938597	0.13368778006087187	-0.10510187227816252	0.10738825139153434	-0.7589587533066122	0.9999999999999937	-0.20585274088274347	0.15539569839213313	-0.058777914371326304	0.25673557466857166	-0.22458304124030812	0.14346280744316112	-0.17929117503697348	0.05726089505236654
-0.029631645693320652	0.0340263136940255	-0.04138573161196927	0.0341815070301511	-0.033860167392372395	0.024007688019720003	-0.03306548953602928	0.03900976666418396	-0.03547514138708176	0.03229617871823227	-0.06376227453635457	0.07147257941439622	-0.05438538330494279	0.04152113932126543	-0.034291038155206545	0.05917277608299429	-0.06809670711813347	0.061827381312387714	-0.042892505938853104	0.045972255851517124	-0.08497540700469454	0.10948334820642676	-0.13255906937651593	0.1115560936454918	-0.11309718151343545	0.09096150137758101	-0.1891783325871586	0.17548897997488647	-0.11838842235022021	0.10524524840886842	-0.13762895562508345	0.14137726744022966	-0.2913448982384467	0.17797641975369458	-0.16591213954716383	0.15915377352953594	-0.20585274088274347	0.999999999999994	-0.7095054545121008	0.10695692764240397	-0.21667706697209244	0.2607124022282418	-0.4363289030638138	0.30732205294586135	-0.10979517459150712
0.02903848984990634	-0.033513240733533976	0.04063357413810047	-0.033705943618237734	0.033306000000425814	-0.023540941308373493	0.0324382191604266	-0.03842510686364186	0.034885281071564425	-0.03187846415175708	0.06168800402282803	-0.07055926405609846	0.053312090416075174	-0.04099223678367816	0.03375594796898714	-0.05763161879456884	0.06652452042599119	-0.06087050301131315	0.04217789045176104	-0.04542934793872204	0.08097184715239449	-0.10765578201518416	0.12544472036279433	-0.110415560572053	0.1089662741539927	-0.0876994106697694	0.17800248834946136	-0.1706926375256892	0.11277837496883493	-0.10437343150859221	0.12477166147229582	-0.1307834385989363	0.20607241653472336	-0.1978763705903305	0.1598066899081635	-0.1492296732857344	0.15539569839213313	-0.7095054545121008	0.9999999999999939	-0.15712641119115003	0.1989323537670639	-0.2835986221055075	0.2889938482424044	-0.4996330783344836	0.13616119255629366
-0.014297057998799682	0.016376130190285505	-0.019924162396194794	0.016426791713679702	-0.01622504912709165	0.011493176534343383	-0.01587921367176815	0.018643288911796403	-0.016987514138746863	0.015434099054971596	-0.029789490447026144	0.033362437939729324	-0.0255092388714201	0.019468540678512915	-0.016139873831237335	0.027408571235854513	-0.03146786731355147	0.028666596317001757	-0.01998379856167864	0.021513679662402634	-0.038158448476955265	0.04911600132244501	-0.057686322282860844	0.04701232721322323	-0.04893009758996838	0.040457742431993314	-0.09486440441979085	0.061155216688972565	-0.046514072104264954	0.04289217127083661	-0.05621276812246046	0.053430687803650546	-0.06888868652619833	0.06100897623254014	-0.06708881683392923	0.05722827088731703	-0.058777914371326304	0.10695692764240397	-0.15712641119115003	0.9999999999999936	-0.10517165062503636	0.108496290205853	-0.09304118578819856	0.14209975894051202	-0.9622142355469236
0.04881130189232177	-0.05676547841694877	0.06742489599387455	-0.05625943020897328	0.05420879627496518	-0.039501774711899064	0.054324179816576695	-0.06386697518409183	0.05742646912438082	-0.05226143808231455	0.1012978998381604	-0.11591036178764857	0.08607903799942984	-0.06533871256545123	0.05326062781171955	-0.09557922600176849	0.10620873882392026	-0.09743567758155179	0.0658358988704881	-0.0713358836099002	0.13308628728121832	-0.1659728923044867	0.17174084277795695	-0.13528554801870768	0.1330516682192078	-0.15133156070358345	0.2978627134488202	-0.1671025519469973	0.1251550878707147	-0.11466680636735432	0.2097483681120367	-0.2260506340977183	0.16958892086116167	-0.14674586865981679	0.15909239596173053	-0.4288017473256539	0.25673557466857166	-0.21667706697209244	0.1989323537670639	-0.10517165062503636	0.999999999999994	-0.43310849920475014	0.2235687589362033	-0.34287435622723117	0.0988975475737012
-0.0446045226712021	0.05043365180041021	-0.06172362359210573	0.050312934892425686	-0.04983475737692157	0.03573697394832689	-0.04933974290347659	0.05718904854123184	-0.05228169108592262	0.04700676106820235	-0.09502510491363275	0.10132930463273583	-0.07857938523888566	0.058879667151767345	-0.04904835250575422	0.08600609179855857	-0.09726023155505428	0.08720198420830938	-0.06068882433638326	0.06473408623016469	-0.12449462219256544	0.14880861544394114	-0.17972651058443595	0.1350360748021608	-0.14597433095606213	0.1293328615499736	-0.3282699066054726	0.16956594111801382	-0.13457895644563864	0.12072607812310324	-0.19527836691321557	0.17718484774344706	-0.19730943679106938	0.1570280217524641	-0.1871703343844204	0.19783084884970975	-0.22458304124030812	0.2607124022282418	-0.2835986221055075	0.108496290205853	-0.43310849920475014	0.9999999999999942	-0.6098088738397496	0.3149363890806477	-0.118456804129565
0.027360690963348974	-0.031252012436625905	0.0380567386924046	-0.03129031347325602	0.030941006786125567	-0.02205053306927177	0.030410938574103916	-0.035621682845788157	0.03244551142396229	-0.029400449910889928	0.05823361934327974	-0.06426965584117673	0.04917724283452084	-0.03730403387306257	0.030885965369969355	-0.053554375638803296	0.06112752211120845	-0.055355489060739234	0.03840640433192549	-0.04115740983719671	0.07644941849774148	-0.09619816783821188	0.11398213817816777	-0.09262066198707719	0.0953074593557889	-0.08121469999861537	0.18446685757834055	-0.13133809202050517	0.09336361885524275	-0.08472063442409683	0.11929237955022645	-0.11750196979286352	0.15733804709006108	-0.12698578593638882	0.12869664531595384	-0.13379524193884773	0.14346280744316112	-0.4363289030638138	0.2889938482424044	-0.09304118578819856	0.2235687589362033	-0.6098088738397496	0.9999999999999942	-0.5627192961724983	0.09554963783016121
