1.0	-0.8141933322697996	0.28658909209512434	-0.415064021451152	0.013369094930855233	-0.22170255422943097	0.17669441000393524	-0.17304673910932572	0.15364005320401283	-0.013087217299412554	0.06740913157818412	-0.09361573407943495	0.10611579372391977	-0.09143291725628432	0.05033005154256733	-0.06863055925996091	0.06938521932029508	-0.0835386405243285	0.09928565004502546	-0.04335829598347555	0.06109518940527676	-0.07534295136880431	0.06457787309470452	-0.08014764325018053	0.0455115197239811	-0.04213119183989267	0.0742409709394689	-0.058837175812063255	0.06446320568086067	-0.050223320428927416	0.06537038932586155	-0.055494876871267945	0.04798505145247351	-0.04418269789305974	0.027173664548482086	-0.07171366769136797	0.052700285182599074	-0.047670567768782555	0.05100932579619886	-0.03353186352826516
-0.8141933322697996	1.0000000000000002	-0.44229093996785895	0.2897259849701633	-0.01153255392586524	0.16429572377006124	-0.1869674191455049	0.1576197500180193	-0.146127983405044	0.011225947233033448	-0.05849706799643405	0.08182608573327012	-0.09790160398748478	0.08200276427304003	-0.04479747264250393	0.05840242332308393	-0.06059365404954399	0.07181633787764505	-0.09020454773377565	0.038234455372762884	-0.053217530874858435	0.06454670383919206	-0.055984887081944254	0.06890001658743802	-0.039513953467237975	0.0365094683261193	-0.06485660096672986	0.05080999840251005	-0.05621158453786037	0.0430772343919159	-0.056831133530132916	0.047495511270460415	-0.04143225958705574	0.03814932698387826	-0.02333245871408209	0.059843135667738856	-0.04513334650276433	0.04081526134640956	-0.04429348689239659	0.02861769467821767
0.28658909209512434	-0.44229093996785895	1.0000000000000002	-0.8096418128381924	0.012891771801715742	-0.13583103372226085	0.15472091036020647	-0.2233470305973288	0.1520201314642817	-0.01263039177032412	0.053985570070266754	-0.07895618921844827	0.10131886684977845	-0.08341995828502156	0.04188924743385341	-0.05407353677280679	0.056952411005966104	-0.06786303713934014	0.0852274205022995	-0.035989964883238225	0.04728317204182076	-0.059730290783917214	0.05182871246933936	-0.06381931102585495	0.03644225699028725	-0.03254402222051983	0.05837359759817061	-0.046179548873803995	0.05085588965637813	-0.03975877269633854	0.05013267838766694	-0.04238302531430213	0.03709678554526583	-0.03434983932387733	0.021302271970664637	-0.05305396056160781	0.03997904989145615	-0.036529772817377265	0.03966845598928978	-0.026165851230911946
-0.415064021451152	0.2897259849701633	-0.8096418128381924	1.0000000000000002	-0.016865291878265368	0.15766067333758285	-0.18122672661945327	0.19334071126605618	-0.20214701326740436	0.016328525003111456	-0.0654594229157472	0.09257717977608114	-0.11958457232053805	0.10147070451615557	-0.05266940358418783	0.06496021407398782	-0.06882360218605749	0.0815313464892206	-0.10781181465529657	0.044862316196345134	-0.059205474860661286	0.07254129451838341	-0.06351895218114102	0.07844801517995527	-0.04525701830256298	0.04060572912615473	-0.07291136391155774	0.05712346338933073	-0.06347959313549352	0.04905322821165016	-0.06301532574514145	0.052694030957265894	-0.04626307431561578	0.042759422383479864	-0.02639723904092272	0.06548220809222413	-0.04990729609190526	0.045403195711477	-0.04963294606493204	0.032313730147691976
0.013369094930855233	-0.01153255392586524	0.012891771801715742	-0.016865291878265368	0.9999999999999998	-0.029017409858214455	0.0204083632388595	-0.024997038093640667	0.038020533410651314	-0.9952047117025012	0.01368307233277787	-0.01992659179818224	0.022020102898918596	-0.028172483694080347	0.057605050156443974	-0.014641017862178548	0.015683504682456533	-0.020376408234144546	0.02913643336947978	-0.049925168107395244	0.01339146421164957	-0.018470103268813796	0.016692142886442198	-0.026095584168312463	0.02498073758699249	-0.009447545482413007	0.01779922562506863	-0.015146570165707087	0.01741502187235324	-0.028274333185114513	0.014320582845541543	-0.013201422106205995	0.01190288025241518	-0.01177985717617651	0.012475947028690494	-0.016449477711555957	0.012236256333375155	-0.011926921924681963	0.013227494387445887	-0.015809189184872126
-0.22170255422943097	0.16429572377006124	-0.13583103372226085	0.15766067333758285	-0.029017409858214455	1.0000000000000007	-0.6201394135312126	0.3081987356437948	-0.4219787799948949	0.02794418355414546	-0.2092297517745875	0.2309115193471016	-0.2699909849560163	0.23065383477632717	-0.14098484287164206	0.1821373071929821	-0.18439722250951351	0.20714726922551793	-0.28739560282541127	0.11699978486314266	-0.1896942728134419	0.19384424147601467	-0.17319404794838636	0.2075837394092207	-0.12189243447386035	0.12672425392534398	-0.22198491421022892	0.16369570676072817	-0.18783938393795316	0.12896126827477536	-0.20429893825835785	0.1566096416774636	-0.138766123631352	0.1257069997575338	-0.07196892691812808	0.18378447391912886	-0.15174437975317656	0.1332549637538102	-0.15053411372227837	0.0864708281718316
0.17669441000393524	-0.1869674191455049	0.15472091036020647	-0.18122672661945327	0.0204083632388595	-0.6201394135312126	1.0000000000000007	-0.5923226238276511	0.28777549471550234	-0.01990313433364592	0.15508790997106622	-0.25470495299755047	0.24325859717479134	-0.19254060205868356	0.09918466744004319	-0.15738676635991902	0.15893265214896923	-0.18593865707773757	0.19798545076089646	-0.08620223286579451	0.1225651227119482	-0.16324935957543849	0.13669364911103057	-0.1629488575890452	0.09062177984871536	-0.08473814014531725	0.15008365731423476	-0.1200615667174076	0.12938921820929597	-0.0999144198957995	0.12868185310967947	-0.10979305908342799	0.09528882377238984	-0.0880657616263923	0.05366811055720643	-0.1385426616621545	0.10293238678196026	-0.09423105658964934	0.10107996333603084	-0.06617559979368072
-0.17304673910932572	0.1576197500180193	-0.2233470305973288	0.19334071126605618	-0.024997038093640667	0.3081987356437948	-0.5923226238276511	1.0000000000000013	-0.5063208605970505	0.02433325147124477	-0.14823037125896743	0.22800668312868744	-0.3997628823685953	0.24290169051579588	-0.11108695570096362	0.14349397197952451	-0.1588034779288047	0.183287496135143	-0.2377630132576799	0.09497663154384012	-0.11892005111925272	0.15594187028044057	-0.13716205990272948	0.16423911519661666	-0.09373068415485848	0.08169699317978737	-0.14905925032102302	0.11790791218138826	-0.1298158510686261	0.10103007863407854	-0.12423680135196893	0.1050941390611242	-0.09290733333668055	0.08643118803976838	-0.053695163772653084	0.1281028409807566	-0.09822177551090175	0.09078869157072517	-0.09963826302562086	0.06567648480051722
0.15364005320401283	-0.146127983405044	0.1520201314642817	-0.20214701326740436	0.038020533410651314	-0.4219787799948949	0.28777549471550234	-0.5063208605970505	1.0000000000000016	-0.03882663414098057	0.16505162887691788	-0.2569953355592868	0.29369673031747917	-0.49584419312633493	0.145721419090023	-0.17722671192162512	0.1826831603757971	-0.2348404257985356	0.2881412553262988	-0.1335182483240596	0.14174084702871825	-0.20225612807096577	0.17206678540803655	-0.23381129169279902	0.12822392025187054	-0.09979062161167325	0.17978416041654557	-0.15141554420897527	0.16234636694712554	-0.1458330077923714	0.14960977065346032	-0.13575947395371313	0.11755057019542998	-0.11127973877820034	0.074707056433356	-0.17678286744489943	0.12559530787530318	-0.1183038266779105	0.12452781397489379	-0.09384430595867804
-0.013087217299412554	0.011225947233033448	-0.01263039177032412	0.016328525003111456	-0.9952047117025012	0.02794418355414546	-0.01990313433364592	0.02433325147124477	-0.03882663414098057	1.000000000000002	-0.013271288879347589	0.019315811357004962	-0.021555738994459325	0.0276277113473113	-0.06120828284349163	0.01416217914776192	-0.015204030518385155	0.019707831720065974	-0.028671873511823404	0.048026849074139885	-0.012981932758997549	0.017846373232761333	-0.016161892306018152	0.025165676154980242	-0.02426760813031667	0.009150750588390743	-0.01725948754893372	0.01464859935465439	-0.01687625331390177	0.02700456197005202	-0.013878420654896154	0.012760243077578962	-0.011517132823227779	0.011386518156689375	-0.01196912705617128	0.015860492248317967	-0.011834163030906505	0.011522291677131955	-0.012805804635145353	0.015097330231812202
0.06740913157818412	-0.05849706799643405	0.053985570070266754	-0.0654594229157472	0.01368307233277787	-0.2092297517745875	0.15508790997106622	-0.14823037125896743	0.16505162887691788	-0.013271288879347589	1.0000000000000004	-0.40588466276923163	0.20916181932557124	-0.1445304893585318	0.08080664547355444	-0.803405969921559	0.2583773381259475	-0.2280803556109031	0.164019785975263	-0.07039299822337917	0.14353202903158455	-0.19985208828723527	0.15372511314554177	-0.1495653419168482	0.07869719242808697	-0.10009261676440878	0.1500482066782949	-0.12037687795506823	0.12182407918292182	-0.08530085530767542	0.12443314737146775	-0.10622893999619741	0.08957271537799852	-0.08187713608609558	0.0459908586590425	-0.12698674257247125	0.09352502190992831	-0.08780969565986947	0.09239170928079586	-0.05625029380957716
-0.09361573407943495	0.08182608573327012	-0.07895618921844827	0.09257717977608114	-0.01992659179818224	0.2309115193471016	-0.25470495299755047	0.22800668312868744	-0.2569953355592868	0.019315811357004962	-0.40588466276923163	1.0000000000000004	-0.5469350840196496	0.23186208408847808	-0.1186550927471631	0.27586075401581234	-0.47521264205625746	0.2801418395437905	-0.26152937464328	0.10101417903971384	-0.1571245611614106	0.2387307971430674	-0.20518611506607415	0.19233176009779632	-0.1058713950182386	0.1061196302289678	-0.19837892320788156	0.15224192903094344	-0.161465956991863	0.11145134639912088	-0.1517898754981539	0.12693579875848174	-0.11328483897954629	0.10445954290039972	-0.06005266451694461	0.14606526553543703	-0.11522345778048894	0.10836967828760405	-0.12001726621531131	0.07258883821073292
0.10611579372391977	-0.09790160398748478	0.10131886684977845	-0.11958457232053805	0.022020102898918596	-0.2699909849560163	0.24325859717479134	-0.3997628823685953	0.29369673031747917	-0.021555738994459325	0.20916181932557124	-0.5469350840196496	1.0000000000000007	-0.46247775906944666	0.1301965966233559	-0.21805057653539922	0.24973228592576077	-0.3237208272955485	0.27778297910891947	-0.11643303238173713	0.13686476472210274	-0.22716869140334775	0.19058020029369485	-0.2110672478364356	0.11311938314669763	-0.0957973991096061	0.17697221049301673	-0.14808837667062527	0.1536242477239588	-0.12362137174553278	0.13746475107878814	-0.12233957270892569	0.10802642001174156	-0.10173244708684927	0.0638025248434594	-0.14775398556190839	0.11080479575032276	-0.10597075602894748	0.11410776671247339	-0.07869791671162878
-0.09143291725628432	0.08200276427304003	-0.08341995828502156	0.10147070451615557	-0.028172483694080347	0.23065383477632717	-0.19254060205868356	0.24290169051579588	-0.49584419312633493	0.0276277113473113	-0.1445304893585318	0.23186208408847808	-0.46247775906944666	1.0000000000000044	-0.20331395223660265	0.14493397652482917	-0.16864680528904938	0.20924621646830482	-0.6040696039876007	0.16344315714682747	-0.11750095039374295	0.16932091078226613	-0.15638135340451692	0.2135633272721985	-0.12779014788916965	0.08193943090513163	-0.15630160414134697	0.12937177955106602	-0.14646829721933907	0.13257708063840032	-0.1219326706773109	0.10869726455515284	-0.09816477648668491	0.09442787392872623	-0.0660083648336346	0.13093341962147234	-0.09983085219158011	0.09599184149047163	-0.10675975544672828	0.0806224815511156
0.05033005154256733	-0.04479747264250393	0.04188924743385341	-0.05266940358418783	0.057605050156443974	-0.14098484287164206	0.09918466744004319	-0.11108695570096362	0.145721419090023	-0.06120828284349163	0.08080664547355444	-0.1186550927471631	0.1301965966233559	-0.20331395223660265	1.000000000000001	-0.08703588940969963	0.09710775027717929	-0.12968691322511383	0.2139433915504328	-0.8523018931214597	0.0830834574945945	-0.11828172350721211	0.11180529839267254	-0.1992609347175953	0.24458724620437458	-0.05894210466092823	0.11541986493636117	-0.10085340856222638	0.12050312540683865	-0.27563842502052627	0.08883796091342228	-0.08375959846446167	0.07786987814449572	-0.08004067972248402	0.10693986432106688	-0.0999905353327572	0.07687323179870492	-0.07764336739597072	0.08908837266476305	-0.1356416401601278
-0.06863055925996091	0.05840242332308393	-0.05407353677280679	0.06496021407398782	-0.014641017862178548	0.1821373071929821	-0.15738676635991902	0.14349397197952451	-0.17722671192162512	0.01416217914776192	-0.803405969921559	0.27586075401581234	-0.21805057653539922	0.14493397652482917	-0.08703588940969963	1.0000000000000009	-0.3605750476205742	0.220934983155887	-0.18047904630666445	0.07444923578178317	-0.18477755046268252	0.20072185824083358	-0.16660908256317536	0.15371273380947004	-0.08309869931500975	0.11457903565116767	-0.16997075752113772	0.12862277814443052	-0.13401505068526118	0.08826004183961239	-0.14503220707737668	0.11515346617192944	-0.09803320910772535	0.08863585592012505	-0.04839149083689875	0.13293107459672923	-0.10184378074739409	0.0944227088437618	-0.10164368873279185	0.0585460473109773
0.06938521932029508	-0.06059365404954399	0.056952411005966104	-0.06882360218605749	0.015683504682456533	-0.18439722250951351	0.15893265214896923	-0.1588034779288047	0.1826831603757971	-0.015204030518385155	0.2583773381259475	-0.47521264205625746	0.24973228592576077	-0.16864680528904938	0.09710775027717929	-0.3605750476205742	0.9999999999999982	-0.5586957241812115	0.20327076468014885	-0.08506477286676802	0.15268453667401194	-0.45565343567342553	0.2682276380850413	-0.19745098877217998	0.09855764504581159	-0.10571368283290135	0.20367352324836174	-0.16773326613632722	0.1591479168897094	-0.10388626397738562	0.14022916794599813	-0.12340704537211122	0.11026585649813542	-0.10198722154792061	0.055675143985679666	-0.13842477640594786	0.10826238191385823	-0.10506046108596058	0.1138968293193363	-0.06741160440530802
-0.0835386405243285	0.07181633787764505	-0.06786303713934014	0.0815313464892206	-0.020376408234144546	0.20714726922551793	-0.18593865707773757	0.183287496135143	-0.2348404257985356	0.019707831720065974	-0.2280803556109031	0.2801418395437905	-0.3237208272955485	0.20924621646830482	-0.12968691322511383	0.220934983155887	-0.5586957241812115	0.9999999999999984	-0.3049947883703726	0.11214479987287497	-0.17920147972206743	0.3187523434514394	-0.4902798772549387	0.2510721926031491	-0.12988001091072313	0.12276977003253889	-0.2645215989047758	0.2155232032175666	-0.21591862941338946	0.1314318189622105	-0.17539321248932271	0.15220201513311177	-0.14299388519113262	0.13195768707149746	-0.07135715197186905	0.16633844622942995	-0.13646562005336907	0.132516954287559	-0.14988813360441672	0.0851128306099934
0.09928565004502546	-0.09020454773377565	0.0852274205022995	-0.10781181465529657	0.02913643336947978	-0.28739560282541127	0.19798545076089646	-0.2377630132576799	0.2881412553262988	-0.028671873511823404	0.164019785975263	-0.26152937464328	0.27778297910891947	-0.6040696039876007	0.2139433915504328	-0.18047904630666445	0.20327076468014885	-0.3049947883703726	1.0000000000000002	-0.24925562150210248	0.14702204269369815	-0.23115729588824555	0.21421460495783673	-0.3917111758141711	0.1831140092453753	-0.10448668012426063	0.20013474473214912	-0.1780279300665749	0.19791665615657597	-0.1969851139920824	0.15362702309698148	-0.1442286735094994	0.12989907242661977	-0.1289006868551792	0.09343881247490002	-0.17629308752579778	0.1305309564354372	-0.12909474035411164	0.14040663480750598	-0.11603701255823354
-0.04335829598347555	0.038234455372762884	-0.035989964883238225	0.044862316196345134	-0.049925168107395244	0.11699978486314266	-0.08620223286579451	0.09497663154384012	-0.1335182483240596	0.048026849074139885	-0.07039299822337917	0.10101417903971384	-0.11643303238173713	0.16344315714682747	-0.8523018931214597	0.07444923578178317	-0.08506477286676802	0.11214479987287497	-0.24925562150210248	0.9999999999999959	-0.07405236610017313	0.10213765552708338	-0.10079514123052095	0.17701865992290544	-0.3424686978731627	0.052222251167416425	-0.10435497315297897	0.08927350303071821	-0.11094053434736646	0.22391740792222883	-0.0791344824203256	0.07329971844166112	-0.06925334524143133	0.0708169026075139	-0.09230298574351378	0.08550625135340001	-0.06765249916243425	0.06790706127766843	-0.07998941858257545	0.10713585459463656
0.06109518940527676	-0.053217530874858435	0.04728317204182076	-0.059205474860661286	0.01339146421164957	-0.1896942728134419	0.1225651227119482	-0.11892005111925272	0.14174084702871825	-0.012981932758997549	0.14353202903158455	-0.1571245611614106	0.13686476472210274	-0.11750095039374295	0.0830834574945945	-0.18477755046268252	0.15268453667401194	-0.17920147972206743	0.14702204269369815	-0.07405236610017313	0.9999999999999986	-0.2424594089535982	0.16557601141449824	-0.1888078705078518	0.09466227219760642	-0.7364782254151122	0.224611454371618	-0.17850110516157025	0.162729967333615	-0.10900533874824744	0.31337102968970953	-0.25874601882091847	0.15707441756749305	-0.13044258559662691	0.06096027958190396	-0.3194319831458227	0.18555167970830128	-0.16688924751386452	0.1399670741999885	-0.07632885441715401
-0.07534295136880431	0.06454670383919206	-0.059730290783917214	0.07254129451838341	-0.018470103268813796	0.19384424147601467	-0.16324935957543849	0.15594187028044057	-0.20225612807096577	0.017846373232761333	-0.19985208828723527	0.2387307971430674	-0.22716869140334775	0.16932091078226613	-0.11828172350721211	0.20072185824083358	-0.45565343567342553	0.3187523434514394	-0.23115729588824555	0.10213765552708338	-0.2424594089535982	1.0000000000000007	-0.5847776494508421	0.2606882337307301	-0.13088389118186047	0.15639420582571847	-0.38059246565273924	0.2569611550433579	-0.23988978370520236	0.1325232915967707	-0.2034619462468115	0.17624715691056606	-0.16146909439543242	0.14641397248231744	-0.07329525323613216	0.18514369951288884	-0.15201716679722005	0.14832621584854622	-0.16434488991953905	0.08727164124704542
0.06457787309470452	-0.055984887081944254	0.05182871246933936	-0.06351895218114102	0.016692142886442198	-0.17319404794838636	0.13669364911103057	-0.13716205990272948	0.17206678540803655	-0.016161892306018152	0.15372511314554177	-0.20518611506607415	0.19058020029369485	-0.15638135340451692	0.11180529839267254	-0.16660908256317536	0.2682276380850413	-0.4902798772549387	0.21421460495783673	-0.10079514123052095	0.16557601141449824	-0.5847776494508421	0.9999999999999952	-0.402158316409023	0.1402045658343424	-0.11992906643644247	0.2773394159638824	-0.3673185316112818	0.24142694649419008	-0.1425846822294184	0.160494850954164	-0.1565620467370699	0.15176742398407253	-0.1445400192586983	0.0733236831033771	-0.16376552562313015	0.13286613338033984	-0.14000043945231772	0.15166920142650808	-0.08817056398293172
-0.08014764325018053	0.06890001658743802	-0.06381931102585495	0.07844801517995527	-0.026095584168312463	0.2075837394092207	-0.1629488575890452	0.16423911519661666	-0.23381129169279902	0.025165676154980242	-0.1495653419168482	0.19233176009779632	-0.2110672478364356	0.2135633272721985	-0.1992609347175953	0.15371273380947004	-0.19745098877217998	0.2510721926031491	-0.3917111758141711	0.17701865992290544	-0.1888078705078518	0.2606882337307301	-0.402158316409023	0.9999999999999921	-0.361259567650908	0.13273343753439384	-0.3040099382837435	0.26541026675848683	-0.44791675624871824	0.24470606857969474	-0.20031896364490742	0.18573804013462286	-0.19237136481676456	0.20355820778406897	-0.12512047399384887	0.19537455514802524	-0.16995902018018647	0.17597669622717438	-0.22794023187362195	0.13952014153314846
0.0455115197239811	-0.039513953467237975	0.03644225699028725	-0.04525701830256298	0.02498073758699249	-0.12189243447386035	0.09062177984871536	-0.09373068415485848	0.12822392025187054	-0.02426760813031667	0.07869719242808697	-0.1058713950182386	0.11311938314669763	-0.12779014788916965	0.24458724620437458	-0.08309869931500975	0.09855764504581159	-0.12988001091072313	0.1831140092453753	-0.3424686978731627	0.09466227219760642	-0.13088389118186047	0.1402045658343424	-0.361259567650908	0.9999999999999881	-0.06708970849988032	0.14069892295154024	-0.12537714085117602	0.16769977322677782	-0.7536822225448573	0.10214637144776209	-0.09695725721456804	0.09582502615279305	-0.10442521449824779	0.18946753213881926	-0.10747595216650108	0.08904434150025659	-0.09344964360154184	0.11583086255316266	-0.22506411108702734
-0.04213119183989267	0.0365094683261193	-0.03254402222051983	0.04060572912615473	-0.009447545482413007	0.12672425392534398	-0.08473814014531725	0.08169699317978737	-0.09979062161167325	0.009150750588390743	-0.10009261676440878	0.1061196302289678	-0.0957973991096061	0.08193943090513163	-0.05894210466092823	0.11457903565116767	-0.10571368283290135	0.12276977003253889	-0.10448668012426063	0.052222251167416425	-0.7364782254151122	0.15639420582571847	-0.11992906643644247	0.13273343753439384	-0.06708970849988032	0.9999999999999952	-0.2226967457126615	0.14104453482416998	-0.12479328895121189	0.07637085653394896	-0.5505494796933811	0.20262903153965076	-0.12417699365559716	0.09808643408158915	-0.04332148713934045	0.21517798584671685	-0.14310636235261925	0.12336143980795813	-0.10606680940338979	0.05377693193880281
0.0742409709394689	-0.06485660096672986	0.05837359759817061	-0.07291136391155774	0.01779922562506863	-0.22198491421022892	0.15008365731423476	-0.14905925032102302	0.17978416041654557	-0.01725948754893372	0.1500482066782949	-0.19837892320788156	0.17697221049301673	-0.15630160414134697	0.11541986493636117	-0.16997075752113772	0.20367352324836174	-0.2645215989047758	0.20013474473214912	-0.10435497315297897	0.224611454371618	-0.38059246565273924	0.2773394159638824	-0.3040099382837435	0.14069892295154024	-0.2226967457126615	0.9999999999999891	-0.6085126366304605	0.28822906652485675	-0.16209733098934886	0.23757010054176034	-0.31087102902835456	0.2298826323344181	-0.20797926963268504	0.08823431392509476	-0.27353954672253605	0.2088833224345858	-0.2236917802373534	0.20194334043487325	-0.11033251175224898
-0.058837175812063255	0.05080999840251005	-0.046179548873803995	0.05712346338933073	-0.015146570165707087	0.16369570676072817	-0.1200615667174076	0.11790791218138826	-0.15141554420897527	0.01464859935465439	-0.12037687795506823	0.15224192903094344	-0.14808837667062527	0.12937177955106602	-0.10085340856222638	0.12862277814443052	-0.16773326613632722	0.2155232032175666	-0.1780279300665749	0.08927350303071821	-0.17850110516157025	0.2569611550433579	-0.3673185316112818	0.26541026675848683	-0.12537714085117602	0.14104453482416998	-0.6085126366304605	0.9999999999999929	-0.5139618520278068	0.134506988502356	-0.19194022695979257	0.21656980193049974	-0.282979827555389	0.22411529075111522	-0.07679108749256475	0.19639856585597043	-0.17539631383757262	0.20447418507199883	-0.22326375996237138	0.09206308560355744
0.06446320568086067	-0.05621158453786037	0.05085588965637813	-0.06347959313549352	0.01741502187235324	-0.18783938393795316	0.12938921820929597	-0.1298158510686261	0.16234636694712554	-0.01687625331390177	0.12182407918292182	-0.161465956991863	0.1536242477239588	-0.14646829721933907	0.12050312540683865	-0.13401505068526118	0.1591479168897094	-0.21591862941338946	0.19791665615657597	-0.11094053434736646	0.162729967333615	-0.23988978370520236	0.24142694649419008	-0.44791675624871824	0.16769977322677782	-0.12479328895121189	0.28822906652485675	-0.5139618520278068	0.9999999999999855	-0.1948506948225613	0.18291364802469176	-0.223061205093016	0.24276849152667887	-0.4657551914626214	0.1027598367388452	-0.22187037703702933	0.1817753499794161	-0.2381434028928081	0.2714351015425804	-0.12595022059491995
-0.050223320428927416	0.0430772343919159	-0.03975877269633854	0.04905322821165016	-0.028274333185114513	0.12896126827477536	-0.0999144198957995	0.10103007863407854	-0.1458330077923714	0.02700456197005202	-0.08530085530767542	0.11145134639912088	-0.12362137174553278	0.13257708063840032	-0.27563842502052627	0.08826004183961239	-0.10388626397738562	0.1314318189622105	-0.1969851139920824	0.22391740792222883	-0.10900533874824744	0.1325232915967707	-0.1425846822294184	0.24470606857969474	-0.7536822225448573	0.07637085653394896	-0.16209733098934886	0.134506988502356	-0.1948506948225613	0.9999999999999872	-0.11861607384519529	0.10849225016302028	-0.1095042236420825	0.11667968821965474	-0.32814171346202664	0.11779425920787753	-0.10189518359595588	0.10446887856499096	-0.1370851759142182	0.23459217787622852
0.06537038932586155	-0.056831133530132916	0.05013267838766694	-0.06301532574514145	0.014320582845541543	-0.20429893825835785	0.12868185310967947	-0.12423680135196893	0.14960977065346032	-0.013878420654896154	0.12443314737146775	-0.1517898754981539	0.13746475107878814	-0.1219326706773109	0.08883796091342228	-0.14503220707737668	0.14022916794599813	-0.17539321248932271	0.15362702309698148	-0.0791344824203256	0.31337102968970953	-0.2034619462468115	0.160494850954164	-0.20031896364490742	0.10214637144776209	-0.5505494796933811	0.23757010054176034	-0.19194022695979257	0.18291364802469176	-0.11861607384519529	0.9999999999999851	-0.4573472847570755	0.21052344260037445	-0.16025768717375408	0.06811297531574285	-0.4318408429814445	0.2557351655814302	-0.21945412068072914	0.17100131246901665	-0.0852465237262317
-0.055494876871267945	0.047495511270460415	-0.04238302531430213	0.052694030957265894	-0.013201422106205995	0.1566096416774636	-0.10979305908342799	0.1050941390611242	-0.13575947395371313	0.012760243077578962	-0.10622893999619741	0.12693579875848174	-0.12233957270892569	0.10869726455515284	-0.08375959846446167	0.11515346617192944	-0.12340704537211122	0.15220201513311177	-0.1442286735094994	0.07329971844166112	-0.25874601882091847	0.17624715691056606	-0.1565620467370699	0.18573804013462286	-0.09695725721456804	0.20262903153965076	-0.31087102902835456	0.21656980193049974	-0.223061205093016	0.10849225016302028	-0.4573472847570755	0.9999999999999871	-0.47369782601096533	0.20942404708309487	-0.06780836710604433	0.30897083082050947	-0.5120007604634238	0.290742899873227	-0.23790189500513972	0.08179348997012184
0.04798505145247351	-0.04143225958705574	0.03709678554526583	-0.04626307431561578	0.01190288025241518	-0.138766123631352	0.09528882377238984	-0.09290733333668055	0.11755057019542998	-0.011517132823227779	0.08957271537799852	-0.11328483897954629	0.10802642001174156	-0.09816477648668491	0.07786987814449572	-0.09803320910772535	0.11026585649813542	-0.14299388519113262	0.12989907242661977	-0.06925334524143133	0.15707441756749305	-0.16146909439543242	0.15176742398407253	-0.19237136481676456	0.09582502615279305	-0.12417699365559716	0.2298826323344181	-0.282979827555389	0.24276849152667887	-0.1095042236420825	0.21052344260037445	-0.47369782601096533	0.9999999999999852	-0.4013983899436404	0.07166284866891985	-0.24590773209168273	0.26929523597141364	-0.6190214945652726	0.29587404063332745	-0.08698868674785247
-0.04418269789305974	0.03814932698387826	-0.03434983932387733	0.042759422383479864	-0.01177985717617651	0.1257069997575338	-0.0880657616263923	0.08643118803976838	-0.11127973877820034	0.011386518156689375	-0.08187713608609558	0.10445954290039972	-0.10173244708684927	0.09442787392872623	-0.08004067972248402	0.08863585592012505	-0.10198722154792061	0.13195768707149746	-0.1289006868551792	0.0708169026075139	-0.13044258559662691	0.14641397248231744	-0.1445400192586983	0.20355820778406897	-0.10442521449824779	0.09808643408158915	-0.20797926963268504	0.22411529075111522	-0.4657551914626214	0.11667968821965474	-0.16025768717375408	0.20942404708309487	-0.4013983899436404	0.9999999999999855	-0.09309273152841091	0.18108773194278188	-0.18626630071145184	0.28259656612261097	-0.6830199289682855	0.10468012836924509
0.027173664548482086	-0.02333245871408209	0.021302271970664637	-0.02639723904092272	0.012475947028690494	-0.07196892691812808	0.05366811055720643	-0.053695163772653084	0.074707056433356	-0.01196912705617128	0.0459908586590425	-0.06005266451694461	0.0638025248434594	-0.0660083648336346	0.10693986432106688	-0.04839149083689875	0.055675143985679666	-0.07135715197186905	0.09343881247490002	-0.09230298574351378	0.06096027958190396	-0.07329525323613216	0.0733236831033771	-0.12512047399384887	0.18946753213881926	-0.04332148713934045	0.08823431392509476	-0.07679108749256475	0.1027598367388452	-0.32814171346202664	0.06811297531574285	-0.06780836710604433	0.07166284866891985	-0.09309273152841091	0.9999999999999845	-0.07315969891622698	0.06337108052301543	-0.07446565272991595	0.10597285835911542	-0.8983676247817814
-0.07171366769136797	0.059843135667738856	-0.05305396056160781	0.06548220809222413	-0.016449477711555957	0.18378447391912886	-0.1385426616621545	0.1281028409807566	-0.17678286744489943	0.015860492248317967	-0.12698674257247125	0.14606526553543703	-0.14775398556190839	0.13093341962147234	-0.0999905353327572	0.13293107459672923	-0.13842477640594786	0.16633844622942995	-0.17629308752579778	0.08550625135340001	-0.3194319831458227	0.18514369951288884	-0.16376552562313015	0.19537455514802524	-0.10747595216650108	0.21517798584671685	-0.27353954672253605	0.19639856585597043	-0.22187037703702933	0.11779425920787753	-0.4318408429814445	0.30897083082050947	-0.24590773209168273	0.18108773194278188	-0.07315969891622698	0.9999999999999849	-0.6375282712106115	0.25102265175381033	-0.23279090260350302	0.08748471038078987
0.052700285182599074	-0.04513334650276433	0.03997904989145615	-0.04990729609190526	0.012236256333375155	-0.15174437975317656	0.10293238678196026	-0.09822177551090175	0.12559530787530318	-0.011834163030906505	0.09352502190992831	-0.11522345778048894	0.11080479575032276	-0.09983085219158011	0.07687323179870492	-0.10184378074739409	0.10826238191385823	-0.13646562005336907	0.1305309564354372	-0.06765249916243425	0.18555167970830128	-0.15201716679722005	0.13286613338033984	-0.16995902018018647	0.08904434150025659	-0.14310636235261925	0.2088833224345858	-0.17539631383757262	0.1817753499794161	-0.10189518359595588	0.2557351655814302	-0.5120007604634238	0.26929523597141364	-0.18626630071145184	0.06337108052301543	-0.6375282712106115	0.9999999999999846	-0.41941068914768986	0.21342875174706705	-0.07795349440221419
-0.047670567768782555	0.04081526134640956	-0.036529772817377265	0.045403195711477	-0.011926921924681963	0.1332549637538102	-0.09423105658964934	0.09078869157072517	-0.1183038266779105	0.011522291677131955	-0.08780969565986947	0.10836967828760405	-0.10597075602894748	0.09599184149047163	-0.07764336739597072	0.0944227088437618	-0.10506046108596058	0.132516954287559	-0.12909474035411164	0.06790706127766843	-0.16688924751386452	0.14832621584854622	-0.14000043945231772	0.17597669622717438	-0.09344964360154184	0.12336143980795813	-0.2236917802373534	0.20447418507199883	-0.2381434028928081	0.10446887856499096	-0.21945412068072914	0.290742899873227	-0.6190214945652726	0.28259656612261097	-0.07446565272991595	0.25102265175381033	-0.41941068914768986	0.999999999999985	-0.4813542125136736	0.08815966817164264
0.05100932579619886	-0.04429348689239659	0.03966845598928978	-0.04963294606493204	0.013227494387445887	-0.15053411372227837	0.10107996333603084	-0.09963826302562086	0.12452781397489379	-0.012805804635145353	0.09239170928079586	-0.12001726621531131	0.11410776671247339	-0.10675975544672828	0.08908837266476305	-0.10164368873279185	0.1138968293193363	-0.14988813360441672	0.14040663480750598	-0.07998941858257545	0.1399670741999885	-0.16434488991953905	0.15166920142650808	-0.22794023187362195	0.11583086255316266	-0.10606680940338979	0.20194334043487325	-0.22326375996237138	0.2714351015425804	-0.1370851759142182	0.17100131246901665	-0.23790189500513972	0.29587404063332745	-0.6830199289682855	0.10597285835911542	-0.23279090260350302	0.21342875174706705	-0.4813542125136736	0.9999999999999856	-0.1375562250337407
-0.03353186352826516	0.02861769467821767	-0.026165851230911946	0.032313730147691976	-0.015809189184872126	0.0864708281718316	-0.06617559979368072	0.06567648480051722	-0.09384430595867804	0.015097330231812202	-0.05625029380957716	0.07258883821073292	-0.07869791671162878	0.0806224815511156	-0.1356416401601278	0.0585460473109773	-0.06741160440530802	0.0851128306099934	-0.11603701255823354	0.10713585459463656	-0.07632885441715401	0.08727164124704542	-0.08817056398293172	0.13952014153314846	-0.22506411108702734	0.05377693193880281	-0.11033251175224898	0.09206308560355744	-0.12595022059491995	0.23459217787622852	-0.0852465237262317	0.08179348997012184	-0.08698868674785247	0.10468012836924509	-0.8983676247817814	0.08748471038078987	-0.07795349440221419	0.08815966817164264	-0.1375562250337407	0.9999999999999853
