1.0	-0.7063862141517646	0.2866570208839322	-0.15725774663630965	0.11038059062241455	-0.3387986378431104	0.3017982958455786	-0.23671750280658505	0.21049666919006774	-0.22710646440174734	0.1689294468435644	-0.361141697914533	0.20695625816397956	-0.12021707591271347	0.11645173530544704	-0.14159513568603255	0.17461727846823372	-0.20836116239688288	0.12655284628969754	-0.09892357072335392	0.10784588537626269	-0.14731517045313552	0.12133575963459213	-0.13284240744014175	0.11571193757209049	-0.12981567709245379	0.1439162861862268	-0.10503723992086086	0.12094135117826482	-0.15284583249647057	0.1462291338622471	-0.09016818193367676	0.11788532050672565	-0.08132063365328597	0.09885029754593705
-0.7063862141517646	1.0000000000000002	-0.4577391381422973	0.1187976811283596	-0.0849903855501283	0.21969195305048544	-0.42480551837141856	0.22338875866093116	-0.17258338588900285	0.1596324629746375	-0.12217794993843235	0.2627966350016536	-0.18597611554755106	0.09151475152190172	-0.08640620906840554	0.10102547718412751	-0.1315118273555122	0.157330052219599	-0.09456247773238252	0.0724399566684057	-0.0768418506986607	0.10499745121376176	-0.08792471641799968	0.09599614549199423	-0.08409026550272848	0.09110563157972311	-0.10292682003200951	0.07519753993552201	-0.08649434309406431	0.10780700506512639	-0.10389965465712361	0.06420653362284434	-0.08412194909887649	0.057876771917853446	-0.07046260844385366
0.2866570208839322	-0.4577391381422973	1.0000000000000009	-0.21994471606000318	0.1427677945723489	-0.28102836355910976	0.27937069497403827	-0.5869191171661998	0.26141679748666974	-0.25944622290616126	0.16052690743672585	-0.3101579083123532	0.28231033011108125	-0.14314600918237247	0.13124155666474457	-0.1409992196773583	0.1818811408494601	-0.25587173166816196	0.14187316405814132	-0.11034553447633827	0.10911216609673534	-0.15583989176277288	0.13061079059246908	-0.1446847470982072	0.12561314987344502	-0.13103516981207564	0.1486811347991468	-0.1100182988221069	0.1258248296761914	-0.16091163044092738	0.14839577428371992	-0.09266582724465651	0.12126047832227924	-0.084757224426918	0.10284026101582144
-0.15725774663630965	0.1187976811283596	-0.21994471606000318	1.0000000000000009	-0.7964743891229215	0.14339513167305648	-0.14856784059424527	0.1567199802083684	-0.3461777967006544	0.3065018419954326	-0.09740436583331687	0.1461486296800855	-0.15824161473101211	0.13694411023873596	-0.14468635747415237	0.08201320623696591	-0.11014419861857903	0.12955189284032467	-0.14249002535808555	0.10560758862311108	-0.0722620742804245	0.11201124775392612	-0.09927523280703456	0.11895129782881386	-0.11854477757034848	0.08449511361053362	-0.12342421591110328	0.08841736310007732	-0.10635207602906602	0.1269652605614794	-0.12494799564218807	0.07623416950619054	-0.10142316660763068	0.06989132295924777	-0.08796770762804643
0.11038059062241455	-0.0849903855501283	0.1427677945723489	-0.7964743891229215	1.0000000000000018	-0.10872297627677106	0.1067720718525292	-0.11206143596647752	0.22203783907327765	-0.504407309403176	0.0727646331378574	-0.10965639424349266	0.1128889745792028	-0.10788159239086459	0.11919390169303788	-0.061644083934200074	0.08178431975878629	-0.09692822775835175	0.10815945758440988	-0.08734898837315277	0.05469515877095262	-0.08615722651642779	0.07574573544962208	-0.09310073460363738	0.09241070411422957	-0.0642893745160191	0.09290332022515257	-0.0670544243412844	0.08043140829132919	-0.09955226824039667	0.09354489936979747	-0.05741779445171563	0.07626633258421714	-0.05330121179503884	0.06683075416316617
-0.3387986378431104	0.21969195305048544	-0.28102836355910976	0.14339513167305648	-0.10872297627677106	1.0000000000000016	-0.39279786334727124	0.21811980886602533	-0.27280170662676495	0.2091636245696039	-0.5342094566382475	0.2982727392793075	-0.27597518044340075	0.14670694850153243	-0.14555249559316352	0.26382621141786367	-0.3270072803679319	0.255270781932966	-0.1659789670306624	0.12186039791347732	-0.18103499218249294	0.19650580516165042	-0.1665594476659602	0.1686884360176366	-0.15024234057379063	0.19114016763532307	-0.21160181975237277	0.14787325999561118	-0.17150036685406786	0.18567081488326856	-0.22116786418785284	0.13168726918645807	-0.17345457004193843	0.1108129562068711	-0.13642669797061263
0.3017982958455786	-0.42480551837141856	0.27937069497403827	-0.14856784059424527	0.1067720718525292	-0.39279786334727124	1.0000000000000018	-0.2962705334920509	0.22765375542671246	-0.21578205276015053	0.19926313751666969	-0.6411206619919666	0.24238835399756412	-0.12687706496445206	0.12133407362264849	-0.16173829090649394	0.20868448253245797	-0.22788729695480092	0.133916395926698	-0.10265173481562236	0.11852134840966763	-0.15544303990969285	0.12913058821449616	-0.1387661782016146	0.1209857054222481	-0.13980390317431013	0.1530022361615974	-0.1111562721107782	0.12774662705343476	-0.15653653475190793	0.15534697393423214	-0.09554881263525045	0.12508118752244357	-0.08517575281923029	0.10368949797797328
-0.23671750280658505	0.22338875866093116	-0.5869191171661998	0.1567199802083684	-0.11206143596647752	0.21811980886602533	-0.2962705334920509	1.0000000000000016	-0.3645762077959742	0.20732588750946157	-0.1401473059744764	0.25032448698410675	-0.560909613378135	0.14508975730013127	-0.12318429940137766	0.12215541558421845	-0.1742506529986914	0.24239168710528722	-0.13639684738962554	0.10055449437308786	-0.0940703734374881	0.13427401611624823	-0.11668167004191811	0.12830154251319414	-0.11227484393226699	0.11034154912345383	-0.12816652750409	0.09525224901298475	-0.10856447635392061	0.13683141990584832	-0.12594572303854717	0.07920298725675472	-0.1040153647339364	0.07262648427754322	-0.08819378450730114
0.21049666919006774	-0.17258338588900285	0.26141679748666974	-0.3461777967006544	0.22203783907327765	-0.27280170662676495	0.22765375542671246	-0.3645762077959742	0.9999999999999999	-0.47498440619487703	0.16842672326083452	-0.2726254571641106	0.2601280697399639	-0.37568698876429024	0.23854118930915216	-0.1479110474537304	0.18897583957504013	-0.24633358632811697	0.25118825217014323	-0.19789671612869594	0.12821413837063983	-0.20715640096643412	0.1742071994407268	-0.22642698699220534	0.1985996562636814	-0.15440587924833526	0.19762544417613556	-0.14808202033202839	0.17251115556074195	-0.24211147683357165	0.19421260210727356	-0.12282021518618606	0.16116043942046435	-0.1183557437411202	0.14445636751321556
-0.22710646440174734	0.1596324629746375	-0.25944622290616126	0.3065018419954326	-0.504407309403176	0.2091636245696039	-0.21578205276015053	0.20732588750946157	-0.47498440619487703	1.0000000000000016	-0.14825499276059256	0.20918121664499084	-0.2298865022771129	0.22572855582347912	-0.30105821257859955	0.12385171419915125	-0.16717812877652843	0.19008151954783345	-0.24273753899374761	0.1892341580290431	-0.1129251091173984	0.17869678888255017	-0.16123861152076657	0.19662224959227775	-0.20878367017303265	0.13117772495684513	-0.2036236293586713	0.14494800569477576	-0.17631362732666012	0.20653788097909778	-0.20645969092566596	0.12541386684935682	-0.167549410742973	0.11509592436958374	-0.14627308679597129
0.1689294468435644	-0.12217794993843235	0.16052690743672585	-0.09740436583331687	0.0727646331378574	-0.5342094566382475	0.19926313751666969	-0.1401473059744764	0.16842672326083452	-0.14825499276059256	1.0000000000000022	-0.25675236252999073	0.18254175966507202	-0.10124402746677454	0.10040595079135203	-0.6391048262289026	0.2884625554863279	-0.2526332283589974	0.1155724015003803	-0.08708776731032114	0.21579953873560562	-0.18084131467026518	0.13626813808204083	-0.13093428730470424	0.10861416896607907	-0.25403407788120164	0.15132086882974136	-0.1106248472901566	0.12103509038521326	-0.13794180560556818	0.1502052856747808	-0.09432256255893869	0.12045260166916946	-0.07976259585306303	0.09515679330171144
-0.361141697914533	0.2627966350016536	-0.3101579083123532	0.1461486296800855	-0.10965639424349266	0.2982727392793075	-0.6411206619919666	0.25032448698410675	-0.2726254571641106	0.20918121664499084	-0.25675236252999073	0.9999999999999983	-0.32351771897005904	0.14246578313577696	-0.1376379646417912	0.1919097703644389	-0.31586817188011396	0.25354756929442307	-0.15556303512680802	0.11420107571984893	-0.13868462792076688	0.17233117465111106	-0.14794788831486844	0.15390008782477044	-0.1371520655578395	0.15426038086298913	-0.1792283663511702	0.1278178639924506	-0.14799197803658248	0.1686947790346088	-0.1828605747241602	0.11107013840980262	-0.14641894491743387	0.09668148564352069	-0.11872222114345309
0.20695625816397956	-0.18597611554755106	0.28231033011108125	-0.15824161473101211	0.1128889745792028	-0.27597518044340075	0.24238835399756412	-0.560909613378135	0.2601280697399639	-0.2298865022771129	0.18254175966507202	-0.32351771897005904	1.0	-0.17815872605246783	0.14416416816726138	-0.17387456818458982	0.24599006205129312	-0.5372727840023162	0.16271997242158065	-0.12160163935495925	0.12696576155072395	-0.1826269899566389	0.16062729653785282	-0.16591085420976884	0.13818209884798968	-0.15015428166330025	0.1629036231206498	-0.1243844101409381	0.13718919058824572	-0.17121686725682295	0.15718927605908134	-0.10051690139631586	0.1314453110861874	-0.09183747623083209	0.11014255493405117
-0.12021707591271347	0.09151475152190172	-0.14314600918237247	0.13694411023873596	-0.10788159239086459	0.14670694850153243	-0.12687706496445206	0.14508975730013127	-0.37568698876429024	0.22572855582347912	-0.10124402746677454	0.14246578313577696	-0.17815872605246783	0.9999999999999994	-0.537972926131722	0.08924066796570114	-0.1175525651158292	0.14907930214865123	-0.6300016593686812	0.27595769860129027	-0.08564784633326995	0.15613275846676608	-0.1476526319415318	0.23315589481939455	-0.2367555312822038	0.10039202435470686	-0.14642266895776515	0.11372256444639003	-0.13395415342569963	0.18960699855261226	-0.13294641309659117	0.08807124059247066	-0.11712019753192505	0.09043830951111065	-0.11249007952274735
0.11645173530544704	-0.08640620906840554	0.13124155666474457	-0.14468635747415237	0.11919390169303788	-0.14555249559316352	0.12133407362264849	-0.12318429940137766	0.23854118930915216	-0.30105821257859955	0.10040595079135203	-0.1376379646417912	0.14416416816726138	-0.537972926131722	1.000000000000002	-0.08879387835412744	0.11392063173021368	-0.1407248736212266	0.3082918146465406	-0.6084576059858329	0.08842712350933128	-0.1701529996296712	0.15083404532589997	-0.25667150790722026	0.27425406279764053	-0.1048746971764745	0.15182120112956987	-0.11995592157641555	0.14086281072282927	-0.23720331768448336	0.13799157287233912	-0.09222322524915569	0.12180553622343424	-0.0991833464977704	0.12237456874889802
-0.14159513568603255	0.10102547718412751	-0.1409992196773583	0.08201320623696591	-0.061644083934200074	0.26382621141786367	-0.16173829090649394	0.12215541558421845	-0.1479110474537304	0.12385171419915125	-0.6391048262289026	0.1919097703644389	-0.17387456818458982	0.08924066796570114	-0.08879387835412744	0.9999999999999976	-0.5310314814736707	0.23256567815680235	-0.10363179017585385	0.07671971563244857	-0.34596806213199	0.16885536757194536	-0.13011402313083784	0.11617774822774724	-0.09715343853205864	0.24237952115670683	-0.13992650105747875	0.10096170391656963	-0.10953942184555651	0.11939529394891607	-0.1371251606000704	0.08566599747315373	-0.10973065660835087	0.07103518919377548	-0.08463104605609559
0.17461727846823372	-0.1315118273555122	0.1818811408494601	-0.11014419861857903	0.08178431975878629	-0.3270072803679319	0.20868448253245797	-0.1742506529986914	0.18897583957504013	-0.16717812877652843	0.2884625554863279	-0.31586817188011396	0.24599006205129312	-0.1175525651158292	0.11392063173021368	-0.5310314814736707	0.9999999999999998	-0.5598386744658622	0.13301828843925564	-0.09939732249103914	0.20088614997154033	-0.21238817896400114	0.16803115813492836	-0.15325879385664523	0.12317127890920189	-0.22854664348157136	0.16521178679956194	-0.1254604621761316	0.13358626776638202	-0.15331237690393096	0.15752157313069287	-0.1014547082946025	0.13077005637312328	-0.0879992076169344	0.10414130657846449
-0.20836116239688288	0.157330052219599	-0.25587173166816196	0.12955189284032467	-0.09692822775835175	0.255270781932966	-0.22788729695480092	0.24239168710528722	-0.24633358632811697	0.19008151954783345	-0.2526332283589974	0.25354756929442307	-0.5372727840023162	0.14907930214865123	-0.1407248736212266	0.23256567815680235	-0.5598386744658622	0.9999999999999976	-0.17125538623180314	0.11986435770177518	-0.16069059815018522	0.21159601177098541	-0.2402343864418825	0.1799009250730188	-0.14836575165627916	0.17047421436367308	-0.1910540339298344	0.14728552027614175	-0.15716514149953323	0.1718555024176679	-0.17477023160358512	0.11379281734969415	-0.1514842104527695	0.1007038852093701	-0.11988707972733793
0.12655284628969754	-0.09456247773238252	0.14187316405814132	-0.14249002535808555	0.10815945758440988	-0.1659789670306624	0.133916395926698	-0.13639684738962554	0.25118825217014323	-0.24273753899374761	0.1155724015003803	-0.15556303512680802	0.16271997242158065	-0.6300016593686812	0.3082918146465406	-0.10363179017585385	0.13301828843925564	-0.17125538623180314	0.9999999999999986	-0.3954546760139328	0.10523511059679899	-0.21440980600518433	0.19684656810996898	-0.4251316108631028	0.27153724913549554	-0.12423151866543784	0.17649201621233065	-0.14467794077075488	0.16242413441224876	-0.24505010076576467	0.15581984143443747	-0.10661277360743418	0.1405041728579962	-0.11219725990895266	0.13498835899032996
-0.09892357072335392	0.0724399566684057	-0.11034553447633827	0.10560758862311108	-0.08734898837315277	0.12186039791347732	-0.10265173481562236	0.10055449437308786	-0.19789671612869594	0.1892341580290431	-0.08708776731032114	0.11420107571984893	-0.12160163935495925	0.27595769860129027	-0.6084576059858329	0.07671971563244857	-0.09939732249103914	0.11986435770177518	-0.3954546760139328	0.9999999999999968	-0.07885759856388344	0.15309265675948083	-0.1487454106305852	0.25392607376830023	-0.5663611608164091	0.09204289604756397	-0.1442814791863913	0.11376098725129223	-0.13782876791865672	0.220335287814718	-0.12731550158964877	0.08596225640252059	-0.11497689866815075	0.09438698283439548	-0.12192189488201303
0.10784588537626269	-0.0768418506986607	0.10911216609673534	-0.0722620742804245	0.05469515877095262	-0.18103499218249294	0.11852134840966763	-0.0940703734374881	0.12821413837063983	-0.1129251091173984	0.21579953873560562	-0.13868462792076688	0.12696576155072395	-0.08564784633326995	0.08842712350933128	-0.34596806213199	0.20088614997154033	-0.16069059815018522	0.10523511059679899	-0.07885759856388344	1.0	-0.3078159074587482	0.1664674138353081	-0.13303990784625933	0.1051573634401184	-0.810290568882294	0.16770407206777327	-0.12143677575248381	0.1223807020376629	-0.12796700153023996	0.159809400505278	-0.10335815014920854	0.12468526896195009	-0.07913899032294178	0.0914408298400433
-0.14731517045313552	0.10499745121376176	-0.15583989176277288	0.11201124775392612	-0.08615722651642779	0.19650580516165042	-0.15544303990969285	0.13427401611624823	-0.20715640096643412	0.17869678888255017	-0.18084131467026518	0.17233117465111106	-0.1826269899566389	0.15613275846676608	-0.1701529996296712	0.16885536757194536	-0.21238817896400114	0.21159601177098541	-0.21440980600518433	0.15309265675948083	-0.3078159074587482	0.9999999999999974	-0.6235170660611504	0.2773926848685254	-0.2254319931480784	0.2365291338491532	-0.3853902973355828	0.2696546800027665	-0.2602452437462832	0.23103756511007348	-0.2506758378737187	0.18337255757146576	-0.24950906314815538	0.15537381761067098	-0.17844254045646651
0.12133575963459213	-0.08792471641799968	0.13061079059246908	-0.09927523280703456	0.07574573544962208	-0.1665594476659602	0.12913058821449616	-0.11668167004191811	0.1742071994407268	-0.16123861152076657	0.13626813808204083	-0.14794788831486844	0.16062729653785282	-0.1476526319415318	0.15083404532589997	-0.13011402313083784	0.16803115813492836	-0.2402343864418825	0.19684656810996898	-0.1487454106305852	0.1664674138353081	-0.6235170660611504	0.9999999999999961	-0.484671170236759	0.21196947347791437	-0.1821505431138592	0.27406480947145134	-0.3858100143915508	0.22812244065316153	-0.22430129077184843	0.19108441943195997	-0.1580324752578962	0.20978958107919726	-0.14487716801152442	0.15200344755478323
-0.13284240744014175	0.09599614549199423	-0.1446847470982072	0.11895129782881386	-0.09310073460363738	0.1686884360176366	-0.1387661782016146	0.12830154251319414	-0.22642698699220534	0.19662224959227775	-0.13093428730470424	0.15390008782477044	-0.16591085420976884	0.23315589481939455	-0.25667150790722026	0.11617774822774724	-0.15325879385664523	0.1799009250730188	-0.4251316108631028	0.25392607376830023	-0.13303990784625933	0.2773926848685254	-0.484671170236759	0.9999999999999974	-0.4951634815059776	0.145944052879952	-0.259747070810329	0.21957857888953738	-0.2516898193296466	0.2662909261979021	-0.20268378922770114	0.14550960059884196	-0.20130915378287678	0.15005060682896082	-0.18243626503431307
0.11571193757209049	-0.08409026550272848	0.12561314987344502	-0.11854477757034848	0.09241070411422957	-0.15024234057379063	0.1209857054222481	-0.11227484393226699	0.1985996562636814	-0.20878367017303265	0.10861416896607907	-0.1371520655578395	0.13818209884798968	-0.2367555312822038	0.27425406279764053	-0.09715343853205864	0.12317127890920189	-0.14836575165627916	0.27153724913549554	-0.5663611608164091	0.1051573634401184	-0.2254319931480784	0.21196947347791437	-0.4951634815059776	0.9999999999999993	-0.12352907725457209	0.19068246944903908	-0.15875096651044898	0.18759918933553466	-0.4302759672356489	0.16348322103805393	-0.11412570490218016	0.15146508448384002	-0.13546444184349885	0.17192630796702107
-0.12981567709245379	0.09110563157972311	-0.13103516981207564	0.08449511361053362	-0.0642893745160191	0.19114016763532307	-0.13980390317431013	0.11034154912345383	-0.15440587924833526	0.13117772495684513	-0.25403407788120164	0.15426038086298913	-0.15015428166330025	0.10039202435470686	-0.1048746971764745	0.24237952115670683	-0.22854664348157136	0.17047421436367308	-0.12423151866543784	0.09204289604756397	-0.810290568882294	0.2365291338491532	-0.1821505431138592	0.145944052879952	-0.12352907725457209	0.9999999999999948	-0.21460273967445337	0.14287544978578598	-0.14961767878446056	0.14904206914414841	-0.2257100437217716	0.13065881431048718	-0.15843058230476573	0.0950639432143856	-0.1114007343897444
0.1439162861862268	-0.10292682003200951	0.1486811347991468	-0.12342421591110328	0.09290332022515257	-0.21160181975237277	0.1530022361615974	-0.12816652750409	0.19762544417613556	-0.2036236293586713	0.15132086882974136	-0.1792283663511702	0.1629036231206498	-0.14642266895776515	0.15182120112956987	-0.13992650105747875	0.16521178679956194	-0.1910540339298344	0.17649201621233065	-0.1442814791863913	0.16770407206777327	-0.3853902973355828	0.27406480947145134	-0.259747070810329	0.19068246944903908	-0.21460273967445337	0.9999999999999954	-0.5435688921878625	0.2844130111320293	-0.3109261969125968	0.2794287200357297	-0.34941054428164137	0.30519457544352474	-0.21277007956048363	0.19771043480879572
-0.10503723992086086	0.07519753993552201	-0.1100182988221069	0.08841736310007732	-0.0670544243412844	0.14787325999561118	-0.1111562721107782	0.09525224901298475	-0.14808202033202839	0.14494800569477576	-0.1106248472901566	0.1278178639924506	-0.1243844101409381	0.11372256444639003	-0.11995592157641555	0.10096170391656963	-0.1254604621761316	0.14728552027614175	-0.14467794077075488	0.11376098725129223	-0.12143677575248381	0.2696546800027665	-0.3858100143915508	0.21957857888953738	-0.15875096651044898	0.14287544978578598	-0.5435688921878625	0.9999999999999953	-0.47989410098254004	0.23291264363973063	-0.2289641369463091	0.23980721126692603	-0.44636980406871407	0.20456823563268922	-0.1879335821159546
0.12094135117826482	-0.08649434309406431	0.1258248296761914	-0.10635207602906602	0.08043140829132919	-0.17150036685406786	0.12774662705343476	-0.10856447635392061	0.17251115556074195	-0.17631362732666012	0.12103509038521326	-0.14799197803658248	0.13718919058824572	-0.13395415342569963	0.14086281072282927	-0.10953942184555651	0.13358626776638202	-0.15716514149953323	0.16242413441224876	-0.13782876791865672	0.1223807020376629	-0.2602452437462832	0.22812244065316153	-0.2516898193296466	0.18759918933553466	-0.14961767878446056	0.2844130111320293	-0.47989410098254004	0.9999999999999944	-0.37823063837445764	0.21220076945606836	-0.19084133986304852	0.24294504979041728	-0.5387716868827894	0.2926712739668974
-0.15284583249647057	0.10780700506512639	-0.16091163044092738	0.1269652605614794	-0.09955226824039667	0.18567081488326856	-0.15653653475190793	0.13683141990584832	-0.24211147683357165	0.20653788097909778	-0.13794180560556818	0.1686947790346088	-0.17121686725682295	0.18960699855261226	-0.23720331768448336	0.11939529394891607	-0.15331237690393096	0.1718555024176679	-0.24505010076576467	0.220335287814718	-0.12796700153023996	0.23103756511007348	-0.22430129077184843	0.2662909261979021	-0.4302759672356489	0.14904206914414841	-0.3109261969125968	0.23291264363973063	-0.37823063837445764	0.9999999999999948	-0.2681352999269925	0.1807839920389014	-0.24944163875658915	0.26669736248200443	-0.48669403985582194
0.1462291338622471	-0.10389965465712361	0.14839577428371992	-0.12494799564218807	0.09354489936979747	-0.22116786418785284	0.15534697393423214	-0.12594572303854717	0.19421260210727356	-0.20645969092566596	0.1502052856747808	-0.1828605747241602	0.15718927605908134	-0.13294641309659117	0.13799157287233912	-0.1371251606000704	0.15752157313069287	-0.17477023160358512	0.15581984143443747	-0.12731550158964877	0.159809400505278	-0.2506758378737187	0.19108441943195997	-0.20268378922770114	0.16348322103805393	-0.2257100437217716	0.2794287200357297	-0.2289641369463091	0.21220076945606836	-0.2681352999269925	0.999999999999995	-0.6001428848696546	0.306375298732274	-0.15763602638571172	0.16743146484176377
-0.09016818193367676	0.06420653362284434	-0.09266582724465651	0.07623416950619054	-0.05741779445171563	0.13168726918645807	-0.09554881263525045	0.07920298725675472	-0.12282021518618606	0.12541386684935682	-0.09432256255893869	0.11107013840980262	-0.10051690139631586	0.08807124059247066	-0.09222322524915569	0.08566599747315373	-0.1014547082946025	0.11379281734969415	-0.10661277360743418	0.08596225640252059	-0.10335815014920854	0.18337255757146576	-0.1580324752578962	0.14550960059884196	-0.11412570490218016	0.13065881431048718	-0.34941054428164137	0.23980721126692603	-0.19084133986304852	0.1807839920389014	-0.6001428848696546	0.9999999999999956	-0.6357519898114187	0.12979921197349228	-0.12996570989199277
0.11788532050672565	-0.08412194909887649	0.12126047832227924	-0.10142316660763068	0.07626633258421714	-0.17345457004193843	0.12508118752244357	-0.1040153647339364	0.16116043942046435	-0.167549410742973	0.12045260166916946	-0.14641894491743387	0.1314453110861874	-0.11712019753192505	0.12180553622343424	-0.10973065660835087	0.13077005637312328	-0.1514842104527695	0.1405041728579962	-0.11497689866815075	0.12468526896195009	-0.24950906314815538	0.20978958107919726	-0.20130915378287678	0.15146508448384002	-0.15843058230476573	0.30519457544352474	-0.44636980406871407	0.24294504979041728	-0.24944163875658915	0.306375298732274	-0.6357519898114187	0.9999999999999951	-0.19048847273825853	0.17012385773763955
-0.08132063365328597	0.057876771917853446	-0.084757224426918	0.06989132295924777	-0.05330121179503884	0.1108129562068711	-0.08517575281923029	0.07262648427754322	-0.1183557437411202	0.11509592436958374	-0.07976259585306303	0.09668148564352069	-0.09183747623083209	0.09043830951111065	-0.0991833464977704	0.07103518919377548	-0.0879992076169344	0.1007038852093701	-0.11219725990895266	0.09438698283439548	-0.07913899032294178	0.15537381761067098	-0.14487716801152442	0.15005060682896082	-0.13546444184349885	0.0950639432143856	-0.21277007956048363	0.20456823563268922	-0.5387716868827894	0.26669736248200443	-0.15763602638571172	0.12979921197349228	-0.19048847273825853	0.9999999999999953	-0.7197998321917739
0.09885029754593705	-0.07046260844385366	0.10284026101582144	-0.08796770762804643	0.06683075416316617	-0.13642669797061263	0.10368949797797328	-0.08819378450730114	0.14445636751321556	-0.14627308679597129	0.09515679330171144	-0.11872222114345309	0.11014255493405117	-0.11249007952274735	0.12237456874889802	-0.08463104605609559	0.10414130657846449	-0.11988707972733793	0.13498835899032996	-0.12192189488201303	0.0914408298400433	-0.17844254045646651	0.15200344755478323	-0.18243626503431307	0.17192630796702107	-0.1114007343897444	0.19771043480879572	-0.1879335821159546	0.2926712739668974	-0.48669403985582194	0.16743146484176377	-0.12996570989199277	0.17012385773763955	-0.7197998321917739	0.9999999999999956
