1.0	-0.50057596182058	0.24600176447288005	-0.22174852082063418	0.18897342950374518	-0.5454462232064943	0.3203810181512271	-0.1706578854020577	0.1428312731813714	-0.13714948819465717	0.25733060862680973	-0.3068249832379306	0.14397762077393247	-0.16441967580255135	0.12268867014333533	-0.24047034112653787	0.23067137174807492	-0.1987966609587701	0.14760717117474897	-0.12140434556114175	0.18162546674637764	-0.18627882504445778	0.16111362058409953	-0.14321096744055722	0.11287786869260028	-0.28364176708593136	0.16526433451439587	-0.18456266266155114	0.11164917130682747	-0.12780507387926943
-0.50057596182058	1.0000000000000002	-0.37579646938754946	0.19491122950209594	-0.14135709364983498	0.25283881518229895	-0.7018287999159467	0.1523768275688487	-0.11828333278522174	0.09916162239955477	-0.15423551608049685	0.17538991398854892	-0.12367626511078351	0.12706486806392633	-0.0888038230621057	0.13081765459507882	-0.1468914820242887	0.1373014232607885	-0.1048899266430757	0.08469906942724938	-0.10628188880933555	0.10981991411062458	-0.10517166047594145	0.09567109256833944	-0.07768579223719738	0.15759453016467845	-0.09969115275529998	0.11635457677776126	-0.07427646688686831	0.08544409563159908
0.24600176447288005	-0.37579646938754946	1.0000000000000002	-0.6109383344616932	0.2570519434393666	-0.1976161827715612	0.2522639050330949	-0.34625958597510903	0.25768633254455375	-0.19525972282190013	0.13856320407885894	-0.17137933439836225	0.2296879061264128	-0.28059986852708735	0.16700400075442212	-0.15190858432067977	0.1746499626635429	-0.25173734552304633	0.19323612250240513	-0.15863530992674588	0.13008568483528057	-0.14952664848873334	0.16975069859005293	-0.17172733773888804	0.1397299169628394	-0.21910446310569265	0.1414294622923981	-0.19196339169788967	0.12966594811034848	-0.1543542662942708
-0.22174852082063418	0.19491122950209594	-0.6109383344616932	1.0000000000000004	-0.39838733445246266	0.14801206305900214	-0.21252118232510273	0.22549871937631688	-0.4866928100025656	0.21271185060261838	-0.11164811539253701	0.13214555910843456	-0.20945199448371404	0.28009488394028853	-0.1890429766779847	0.11885053817175996	-0.1492423798460951	0.20332888882637176	-0.1960391300546706	0.15446843418501965	-0.10610195131541511	0.1220379507830522	-0.14695469932816904	0.1530086054866672	-0.13777243248638393	0.1708701140110025	-0.11758753885544632	0.15756001747293077	-0.11821815696440027	0.13884870579765954
0.18897342950374518	-0.14135709364983498	0.2570519434393666	-0.39838733445246266	1.0000000000000004	-0.15353329751654174	0.1627386659765062	-0.21675154387312634	0.2516102002949222	-0.5451117586625907	0.12805942467477702	-0.15839498785032705	0.19358127348603707	-0.2933233667808774	0.2858310868606767	-0.16416801087511912	0.19033398624330675	-0.2998583188576778	0.25239134652727524	-0.2624539222009075	0.14721873860407675	-0.17792887564274065	0.21057796345426966	-0.24957740017952756	0.2101523912885299	-0.2760354787683922	0.17442212210601202	-0.2579553555193652	0.18505122599150517	-0.24315704790867998
-0.5454462232064943	0.25283881518229895	-0.1976161827715612	0.14801206305900214	-0.15353329751654174	1.0000000000000004	-0.4128069423782007	0.12626548895524844	-0.1051448355442015	0.09973195444953885	-0.565246002150787	0.28531113942870745	-0.11380737141624594	0.11538828942686359	-0.09300135365605733	0.2176693382898135	-0.24824844593212902	0.14585715592431317	-0.11145848474938391	0.08854295657104094	-0.1837150547460276	0.15316345179230315	-0.12866944309018835	0.10355430329657406	-0.08447845851529774	0.1992873314522272	-0.13709506137418426	0.13598319223160973	-0.08300808981477745	0.09166976982902733
0.3203810181512271	-0.7018287999159467	0.2522639050330949	-0.21252118232510273	0.1627386659765062	-0.4128069423782007	1.0000000000000002	-0.19300918915546528	0.13282474102885464	-0.11750843188931002	0.21049587646423767	-0.27111986712899816	0.14465439459928164	-0.1492470312723214	0.10524315878953562	-0.17883371570701095	0.19053038546034523	-0.1707666078099989	0.12638521132409994	-0.10238654062014527	0.1398317053968898	-0.14419830492067323	0.1317156129147832	-0.11782235442376598	0.0942366979940758	-0.20731644734082993	0.1283780276880667	-0.14698110940996967	0.09155690707084664	-0.10488977761562748
-0.1706578854020577	0.1523768275688487	-0.34625958597510903	0.22549871937631688	-0.21675154387312634	0.12626548895524844	-0.19300918915546528	0.9999999999999999	-0.27694557569071127	0.14906929601792293	-0.09867863837722353	0.1187582454414461	-0.7810407783571155	0.23683147257644568	-0.14606893335430043	0.10461250631426545	-0.1429194869837464	0.24771592060305964	-0.1882504313074926	0.13024572212447336	-0.09606626391926384	0.11507428187504262	-0.16361790790903205	0.13690744118469514	-0.11920459963330425	0.14725513167978824	-0.11015690124508015	0.14776134848752	-0.10740809002373505	0.11866341243243601
0.1428312731813714	-0.11828333278522174	0.25768633254455375	-0.4866928100025656	0.2516102002949222	-0.1051448355442015	0.13282474102885464	-0.27694557569071127	1.0000000000000002	-0.2620970292970823	0.0836402954594744	-0.10142777035671004	0.21787139380106332	-0.6951585702844294	0.2031910777237785	-0.09515178652636881	0.12192793097217612	-0.20741254975361992	0.21499609046252272	-0.16748248954584735	0.08675349939023058	-0.10494083806609215	0.13705120374754887	-0.15789880823709443	0.13703617325000148	-0.14262955980122782	0.10174634660427373	-0.1457964818715514	0.1158761180827103	-0.13798023417839808
-0.13714948819465717	0.09916162239955477	-0.19525972282190013	0.21271185060261838	-0.5451117586625907	0.09973195444953885	-0.11750843188931002	0.14906929601792293	-0.2620970292970823	1.000000000000001	-0.08337891548773466	0.10023059454713447	-0.1462791096061903	0.23302019380538905	-0.6602141318275323	0.0980844210361368	-0.12777353593642946	0.1923462893673076	-0.23401196266198726	0.25377406391278595	-0.09115233745292321	0.11025685909658849	-0.1438562756123258	0.17608207074094961	-0.21370403922719364	0.15209365155196938	-0.1095565068374873	0.15710316889162865	-0.140843391382382	0.17423060181073952
0.25733060862680973	-0.15423551608049685	0.13856320407885894	-0.11164811539253701	0.12805942467477702	-0.565246002150787	0.21049587646423767	-0.09867863837722353	0.0836402954594744	-0.08337891548773466	1.0	-0.5939304655400526	0.09150739304682731	-0.09354001761527042	0.07896039719679174	-0.37757913212149774	0.2642264439724904	-0.13257838678939	0.09733540627060262	-0.0767104499365353	0.21477233973931786	-0.17067187864365782	0.12300414367498792	-0.09317184938926955	0.07428624693421076	-0.21439979249879013	0.1407149573446368	-0.13109343646884006	0.07549258327813546	-0.08152671995852145
-0.3068249832379306	0.17538991398854892	-0.17137933439836225	0.13214555910843456	-0.15839498785032705	0.28531113942870745	-0.27111986712899816	0.1187582454414461	-0.10142777035671004	0.10023059454713447	-0.5939304655400526	0.9999999999999968	-0.11485969189737537	0.11195389081155359	-0.09625596226331458	0.24493064959019603	-0.5574097928287787	0.1623128380975634	-0.11951980283110748	0.09230682225847872	-0.21833216700317643	0.20513235907180752	-0.15266422291378884	0.11098810132833928	-0.08989056603066028	0.22488999905446505	-0.1732278687613475	0.15473556501095778	-0.09069384058965949	0.09684564970248229
0.14397762077393247	-0.12367626511078351	0.2296879061264128	-0.20945199448371404	0.19358127348603707	-0.11380737141624594	0.14465439459928164	-0.7810407783571155	0.21787139380106332	-0.1462791096061903	0.09150739304682731	-0.11485969189737537	1.0000000000000007	-0.2903650268227559	0.14175579963238846	-0.10258864138516886	0.1383980542453053	-0.3880886723467556	0.19537355218053404	-0.1362563298653822	0.09432863101832366	-0.11912048663279304	0.17328766389524627	-0.14676960793755328	0.12012565014818719	-0.14921213476252848	0.11199040688797213	-0.16226162802452465	0.11160639850625399	-0.12436839456470344
-0.16441967580255135	0.12706486806392633	-0.28059986852708735	0.28009488394028853	-0.2933233667808774	0.11538828942686359	-0.1492470312723214	0.23683147257644568	-0.6951585702844294	0.23302019380538905	-0.09354001761527042	0.11195389081155359	-0.2903650268227559	0.9999999999999954	-0.2774911622123925	0.10437497350625569	-0.13997295373147878	0.23096752096465192	-0.3490261265066351	0.20187234615609706	-0.09687496574494843	0.11705940502002585	-0.16022669547131477	0.1834713286423523	-0.17040936164406614	0.153787779394431	-0.11453776045468655	0.16095394924436143	-0.13899744450114615	0.15734913344120877
0.12268867014333533	-0.0888038230621057	0.16700400075442212	-0.1890429766779847	0.2858310868606767	-0.09300135365605733	0.10524315878953562	-0.14606893335430043	0.2031910777237785	-0.6602141318275323	0.07896039719679174	-0.09625596226331458	0.14175579963238846	-0.2774911622123925	1.0000000000000004	-0.09623297918968801	0.1232222587417541	-0.21319095106501063	0.24962891913306826	-0.4968487389452919	0.08962636786845149	-0.11197919713950039	0.14949573286961257	-0.2070067958134875	0.2350966712000389	-0.15335529978787685	0.11099297414657801	-0.17086808184113755	0.15541691796649523	-0.21779363963387882
-0.24047034112653787	0.13081765459507882	-0.15190858432067977	0.11885053817175996	-0.16416801087511912	0.2176693382898135	-0.17883371570701095	0.10461250631426545	-0.09515178652636881	0.0980844210361368	-0.37757913212149774	0.24493064959019603	-0.10258864138516886	0.10437497350625569	-0.09623297918968801	0.9999999999999952	-0.33063788403488775	0.15309814752432038	-0.11791323796674712	0.09082380863236016	-0.7241517519056622	0.2414777404679512	-0.1671211624227939	0.11089319576363199	-0.09078489242643498	0.26802289337549734	-0.2121096854735068	0.16293027139920144	-0.09324100197340607	0.09630667870067637
0.23067137174807492	-0.1468914820242887	0.1746499626635429	-0.1492423798460951	0.19033398624330675	-0.24824844593212902	0.19053038546034523	-0.1429194869837464	0.12192793097217612	-0.12777353593642946	0.2642264439724904	-0.5574097928287787	0.1383980542453053	-0.13997295373147878	0.1232222587417541	-0.33063788403488775	0.9999999999999928	-0.26104919792123	0.16229065893806363	-0.125283149532735	0.25570172163793287	-0.43950816977575363	0.22502803498650645	-0.1601908945653271	0.12200032621326126	-0.3769028184886649	0.2586231718898545	-0.24400549815180528	0.12953685063704268	-0.13710545913026828
-0.1987966609587701	0.1373014232607885	-0.25173734552304633	0.20332888882637176	-0.2998583188576778	0.14585715592431317	-0.1707666078099989	0.24771592060305964	-0.20741254975361992	0.1923462893673076	-0.13257838678939	0.1623128380975634	-0.3880886723467556	0.23096752096465192	-0.21319095106501063	0.15309814752432038	-0.26104919792123	0.9999999999999937	-0.45485762395022517	0.21515713046745913	-0.1532592957961889	0.20784945174735783	-0.49233366062350825	0.24071538068160792	-0.20337564015379517	0.21876406384533964	-0.19734288384555493	0.2726119122035844	-0.1950516275500813	0.1916733086026028
0.14760717117474897	-0.1048899266430757	0.19323612250240513	-0.1960391300546706	0.25239134652727524	-0.11145848474938391	0.12638521132409994	-0.1882504313074926	0.21499609046252272	-0.23401196266198726	0.09733540627060262	-0.11951980283110748	0.19537355218053404	-0.3490261265066351	0.24962891913306826	-0.11791323796674712	0.16229065893806363	-0.45485762395022517	0.9999999999999905	-0.4717907309208105	0.11297917033115679	-0.14989413936579293	0.23177314675342114	-0.44638826532519155	0.2672712661239936	-0.1824239565086967	0.14656603820012443	-0.2371101768222955	0.23805008842062703	-0.27231018358307296
-0.12140434556114175	0.08469906942724938	-0.15863530992674588	0.15446843418501965	-0.2624539222009075	0.08854295657104094	-0.10238654062014527	0.13024572212447336	-0.16748248954584735	0.25377406391278595	-0.0767104499365353	0.09230682225847872	-0.1362563298653822	0.20187234615609706	-0.4968487389452919	0.09082380863236016	-0.125283149532735	0.21515713046745913	-0.4717907309208105	0.9999999999999942	-0.08724732189611649	0.11022926143967844	-0.16235995231468153	0.24146767219447146	-0.5507909704621383	0.13951980702430847	-0.11159112871984679	0.1689840762227766	-0.19921710103360699	0.2583673192134718
0.18162546674637764	-0.10628188880933555	0.13008568483528057	-0.10610195131541511	0.14721873860407675	-0.1837150547460276	0.1398317053968898	-0.09606626391926384	0.08675349939023058	-0.09115233745292321	0.21477233973931786	-0.21833216700317643	0.09432863101832366	-0.09687496574494843	0.08962636786845149	-0.7241517519056622	0.25570172163793287	-0.1532592957961889	0.11297917033115679	-0.08724732189611649	0.9999999999999932	-0.37484772686252416	0.17365019860459407	-0.11203453952712347	0.08779591867813291	-0.4212169928019177	0.23971147343149468	-0.18116937373457281	0.09430540884294261	-0.09593468520669368
-0.18627882504445778	0.10981991411062458	-0.14952664848873334	0.1220379507830522	-0.17792887564274065	0.15316345179230315	-0.14419830492067323	0.11507428187504262	-0.10494083806609215	0.11025685909658849	-0.17067187864365782	0.20513235907180752	-0.11912048663279304	0.11705940502002585	-0.11197919713950039	0.2414777404679512	-0.43950816977575363	0.20784945174735783	-0.14989413936579293	0.11022926143967844	-0.37484772686252416	0.9999999999999918	-0.3672146901706621	0.1495037714583542	-0.11439022576737158	0.3143795148912222	-0.6082246752002306	0.2713918404784181	-0.13199613433980079	0.1233450224280328
0.16111362058409953	-0.10517166047594145	0.16975069859005293	-0.14695469932816904	0.21057796345426966	-0.12866944309018835	0.1317156129147832	-0.16361790790903205	0.13705120374754887	-0.1438562756123258	0.12300414367498792	-0.15266422291378884	0.17328766389524627	-0.16022669547131477	0.14949573286961257	-0.1671211624227939	0.22502803498650645	-0.49233366062350825	0.23177314675342114	-0.16235995231468153	0.17365019860459407	-0.3672146901706621	0.9999999999999912	-0.2806302730325881	0.16786917432358253	-0.2601519587262312	0.2645880245240441	-0.6110098613781278	0.21568072613122055	-0.1926034739158548
-0.14321096744055722	0.09567109256833944	-0.17172733773888804	0.1530086054866672	-0.24957740017952756	0.10355430329657406	-0.11782235442376598	0.13690744118469514	-0.15789880823709443	0.17608207074094961	-0.09317184938926955	0.11098810132833928	-0.14676960793755328	0.1834713286423523	-0.2070067958134875	0.11089319576363199	-0.1601908945653271	0.24071538068160792	-0.44638826532519155	0.24146767219447146	-0.11203453952712347	0.1495037714583542	-0.2806302730325881	0.9999999999999921	-0.3492106589707304	0.16844360422503604	-0.1591377950479508	0.2542709021399935	-0.6319962144944933	0.30179630134368185
0.11287786869260028	-0.07768579223719738	0.1397299169628394	-0.13777243248638393	0.2101523912885299	-0.08447845851529774	0.0942366979940758	-0.11920459963330425	0.13703617325000148	-0.21370403922719364	0.07428624693421076	-0.08989056603066028	0.12012565014818719	-0.17040936164406614	0.2350966712000389	-0.09078489242643498	0.12200032621326126	-0.20337564015379517	0.2672712661239936	-0.5507909704621383	0.08779591867813291	-0.11439022576737158	0.16786917432358253	-0.3492106589707304	0.9999999999999923	-0.14386932764083257	0.11743246191895698	-0.19799181206900018	0.2660878231764585	-0.6084398012624412
-0.28364176708593136	0.15759453016467845	-0.21910446310569265	0.1708701140110025	-0.2760354787683922	0.1992873314522272	-0.20731644734082993	0.14725513167978824	-0.14262955980122782	0.15209365155196938	-0.21439979249879013	0.22488999905446505	-0.14921213476252848	0.153787779394431	-0.15335529978787685	0.26802289337549734	-0.3769028184886649	0.21876406384533964	-0.1824239565086967	0.13951980702430847	-0.4212169928019177	0.3143795148912222	-0.2601519587262312	0.16844360422503604	-0.14386932764083257	0.9999999999999933	-0.5415886234897204	0.25919917627243033	-0.14945969607342924	0.1472007304370999
0.16526433451439587	-0.09969115275529998	0.1414294622923981	-0.11758753885544632	0.17442212210601202	-0.13709506137418426	0.1283780276880667	-0.11015690124508015	0.10174634660427373	-0.1095565068374873	0.1407149573446368	-0.1732278687613475	0.11199040688797213	-0.11453776045468655	0.11099297414657801	-0.2121096854735068	0.2586231718898545	-0.19734288384555493	0.14656603820012443	-0.11159112871984679	0.23971147343149468	-0.6082246752002306	0.2645880245240441	-0.1591377950479508	0.11743246191895698	-0.5415886234897204	0.999999999999994	-0.421483704022058	0.14575686249795167	-0.13428536983411365
-0.18456266266155114	0.11635457677776126	-0.19196339169788967	0.15756001747293077	-0.2579553555193652	0.13598319223160973	-0.14698110940996967	0.14776134848752	-0.1457964818715514	0.15710316889162865	-0.13109343646884006	0.15473556501095778	-0.16226162802452465	0.16095394924436143	-0.17086808184113755	0.16293027139920144	-0.24400549815180528	0.2726119122035844	-0.2371101768222955	0.1689840762227766	-0.18116937373457281	0.2713918404784181	-0.6110098613781278	0.2542709021399935	-0.19799181206900018	0.25919917627243033	-0.421483704022058	0.9999999999999944	-0.34886329352528406	0.21327587943811402
0.11164917130682747	-0.07427646688686831	0.12966594811034848	-0.11821815696440027	0.18505122599150517	-0.08300808981477745	0.09155690707084664	-0.10740809002373505	0.1158761180827103	-0.140843391382382	0.07549258327813546	-0.09069384058965949	0.11160639850625399	-0.13899744450114615	0.15541691796649523	-0.09324100197340607	0.12953685063704268	-0.1950516275500813	0.23805008842062703	-0.19921710103360699	0.09430540884294261	-0.13199613433980079	0.21568072613122055	-0.6319962144944933	0.2660878231764585	-0.14945969607342924	0.14575686249795167	-0.34886329352528406	0.9999999999999946	-0.5624624728900249
-0.12780507387926943	0.08544409563159908	-0.1543542662942708	0.13884870579765954	-0.24315704790867998	0.09166976982902733	-0.10488977761562748	0.11866341243243601	-0.13798023417839808	0.17423060181073952	-0.08152671995852145	0.09684564970248229	-0.12436839456470344	0.15734913344120877	-0.21779363963387882	0.09630667870067637	-0.13710545913026828	0.1916733086026028	-0.27231018358307296	0.2583673192134718	-0.09593468520669368	0.1233450224280328	-0.1926034739158548	0.30179630134368185	-0.6084398012624412	0.1472007304370999	-0.13428536983411365	0.21327587943811402	-0.5624624728900249	0.9999999999999949
