1.0	-0.5054830564075962	0.2994161095948059	-0.14102595881127075	0.12035595238893415	-0.4504485537537601	0.24293377566227367	-0.22934126245088146	0.21888554652904435	-0.14095923263611576	0.26188608772895977	-0.25665164432159854	0.20488190285498037	-0.22495275858875868	0.17606454858936668	-0.3224891639698329	0.22172698086757978	-0.2782663583981263	0.17828379370276443	-0.23019669437265108	0.1569151660281808	-0.1905164795521644	0.14890720753088968	-0.20389268319866935	0.1900001748689817	-0.18315991203634457	0.14691329260410116	-0.20175404896280202	0.1187081041447087	-0.1267408356349984
-0.5054830564075962	1.0000000000000004	-0.7694866363244717	0.13634985779923917	-0.12436858175047166	0.18517305858503472	-0.19840637622787044	0.1633016750101575	-0.14647157469439892	0.09900330411532741	-0.14297216804601567	0.13920762006810886	-0.12735889302904943	0.12939896685920446	-0.11817087001951691	0.15952466609217256	-0.12022380206973726	0.1495536951192689	-0.10092173078117016	0.12761997637293676	-0.08103716811309249	0.09859596919952106	-0.07783722979198504	0.10567834515168902	-0.10524813109183687	0.09310412885197539	-0.076388874326414	0.10398512836121573	-0.06309268817847614	0.06697138926624993
0.2994161095948059	-0.7694866363244717	1.0000000000000002	-0.22350146419775674	0.15853684575667856	-0.21302781242749222	0.19990895440813228	-0.21805758498339148	0.1841676131161659	-0.13274456597225123	0.1630844975102665	-0.17969074380736122	0.1607998952954606	-0.17446638687393426	0.15226744748735993	-0.21504630014469142	0.1563970370970503	-0.2077946000798217	0.1359675646474143	-0.17676533229787045	0.11000234663569694	-0.13566510634110984	0.1077044863088116	-0.14833848657961338	0.1422032647349302	-0.12894197775571958	0.10492028963297115	-0.14562552802791923	0.08698323572093583	-0.09320706213327437
-0.14102595881127075	0.13634985779923917	-0.22350146419775674	1.0000000000000007	-0.871009181711683	0.09432687706379661	-0.10382821999288847	0.10321166842628834	-0.2385335566709	0.23784383421604227	-0.08459432776534895	0.09557828277855915	-0.09727561110328103	0.1181591698917933	-0.24115366383250358	0.10633075196575882	-0.08682200517996722	0.12450096888449493	-0.09296650171589768	0.1293322588616182	-0.05914012346357102	0.07424884349643568	-0.06148880981223926	0.08475022763128347	-0.09843264214603034	0.06839103000597706	-0.058168645696334724	0.08127896385327922	-0.05308045686447982	0.05671843408958693
0.12035595238893415	-0.12436858175047166	0.15853684575667856	-0.871009181711683	1.000000000000001	-0.08873378812143154	0.09388154278211423	-0.09633389862356415	0.20141063783058918	-0.3408300602099144	0.07899146278772672	-0.0919420377276186	0.09094727934061984	-0.114846544631855	0.20888425020138782	-0.10412195575846876	0.08342617158513675	-0.12374818740353068	0.0896055502823342	-0.1293607812191854	0.05796164710222766	-0.07326194140881505	0.06062689467553736	-0.08430820713527713	0.0935533154052725	-0.0676665416761001	0.05723288373105838	-0.08080846531204791	0.05176055562385616	-0.05583481680351154
-0.4504485537537601	0.18517305858503472	-0.21302781242749222	0.09432687706379661	-0.08873378812143154	1.0000000000000009	-0.3815195256822125	0.22638825958162384	-0.19356713214428856	0.10927083081142887	-0.6672169814708323	0.25208616595690114	-0.2068840777894171	0.1740810356109648	-0.1432469350498931	0.25529906888539455	-0.21096451618141415	0.18728755483004203	-0.13557138163137103	0.15490622169191506	-0.12077566046552765	0.13516439190758625	-0.10184057852446385	0.12887747867059438	-0.14002344783870996	0.124873835249839	-0.10507666124737816	0.12952742261145556	-0.08134215228541138	0.08297700315702614
0.24293377566227367	-0.19840637622787044	0.19990895440813228	-0.10382821999288847	0.09388154278211423	-0.3815195256822125	1.0000000000000018	-0.7087245543894247	0.2221332664413528	-0.13076270983386687	0.23997928294330523	-0.2952034579227675	0.2765210795835649	-0.24407750463237224	0.15920985806195626	-0.2405117331535795	0.20152762846695813	-0.23721402025088922	0.16689061533456748	-0.18793436218103443	0.11819833585390532	-0.14397401017396075	0.11053714745800149	-0.14483413532070624	0.15333395453175477	-0.1307811722925678	0.10982655549213906	-0.14315651873771842	0.08885199363362913	-0.09280568986179738
-0.22934126245088146	0.1633016750101575	-0.21805758498339148	0.10321166842628834	-0.09633389862356415	0.22638825958162384	-0.7087245543894247	1.0000000000000016	-0.28469018787141487	0.1376613491105482	-0.20920366957815711	0.24216246704781078	-0.4633102119308156	0.23863896609732685	-0.16901416391044596	0.19340779548473644	-0.18622699221337183	0.20889344134236032	-0.16764419607228337	0.17158788738006706	-0.1013721040618657	0.12321505271208562	-0.0965705950463974	0.12503014187526554	-0.14337011638648478	0.11012897965342076	-0.09533915322528386	0.12277374600544502	-0.07933891127420117	0.08213617229084694
0.21888554652904435	-0.14647157469439892	0.1841676131161659	-0.2385335566709	0.20141063783058918	-0.19356713214428856	0.2221332664413528	-0.28469018787141487	1.0000000000000018	-0.529951366543803	0.18100487230209403	-0.23107492027175539	0.23506530584588367	-0.3402715558210046	0.31991338621918575	-0.24798910850700895	0.20442753394720842	-0.33066071469369623	0.23307407641638717	-0.3336777551152103	0.14255114264722915	-0.18421780276015107	0.15329362597527144	-0.2162415839827825	0.22449739954219655	-0.1678767019337295	0.14313923058293346	-0.20583771357791483	0.1289604945020735	-0.1414624573095604
-0.14095923263611576	0.09900330411532741	-0.13274456597225123	0.23784383421604227	-0.3408300602099144	0.10927083081142887	-0.13076270983386687	0.1376613491105482	-0.529951366543803	1.0000000000000016	-0.10408243176608474	0.1259505437458379	-0.13778447191650584	0.1853472346079143	-0.6759553766136661	0.1334754254299552	-0.11457477253151374	0.17680895654713466	-0.1416359218869966	0.20593739886120432	-0.0772735821326089	0.09867009371734474	-0.08326582562296331	0.11560094771462082	-0.142901720228006	0.08940981160128057	-0.07742971234976355	0.10946503402026408	-0.07350718273406977	0.07921416847922527
0.26188608772895977	-0.14297216804601567	0.1630844975102665	-0.08459432776534895	0.07899146278772672	-0.6672169814708323	0.23997928294330523	-0.20920366957815711	0.18100487230209403	-0.10408243176608474	1.0000000000000007	-0.422293309392093	0.211418350086144	-0.1869675489316618	0.13803660667629933	-0.4243061812330329	0.25734911557533724	-0.20258767793959434	0.14123809837997298	-0.1594259506906862	0.14631459753338497	-0.15974613523517317	0.11258251870910811	-0.13925646384874643	0.14506026246449927	-0.150477271540272	0.12036197767751301	-0.14319196254842864	0.08672151376919393	-0.08770716415767954
-0.25665164432159854	0.13920762006810886	-0.17969074380736122	0.09557828277855915	-0.0919420377276186	0.25208616595690114	-0.2952034579227675	0.24216246704781078	-0.23107492027175539	0.1259505437458379	-0.422293309392093	1.000000000000003	-0.47273284871098015	0.243226114023602	-0.17432198172994207	0.2956755740602806	-0.5440085759667269	0.23518104537733164	-0.18663095765885504	0.18128588756810873	-0.15100397407164945	0.18416599545006473	-0.1279053739167359	0.1489785876195642	-0.17185100986150448	0.14842303325736667	-0.13812099891213506	0.15278205058677619	-0.09754024694375221	0.0962687136751634
0.20488190285498037	-0.12735889302904943	0.1607998952954606	-0.09727561110328103	0.09094727934061984	-0.2068840777894171	0.2765210795835649	-0.4633102119308156	0.23506530584588367	-0.13778447191650584	0.211418350086144	-0.47273284871098015	1.0000000000000009	-0.5423101404701491	0.18328141379392401	-0.22583220931580186	0.23552063834586226	-0.30289228654265077	0.23785407444821757	-0.21086262044330364	0.11597790688191431	-0.14525797960661282	0.11151420906200228	-0.14126122479202366	0.16660524874611987	-0.12486730417347841	0.10961286973547806	-0.13873314222002814	0.09018790848286751	-0.09282506045894617
-0.22495275858875868	0.12939896685920446	-0.17446638687393426	0.1181591698917933	-0.114846544631855	0.1740810356109648	-0.24407750463237224	0.23863896609732685	-0.3402715558210046	0.1853472346079143	-0.1869675489316618	0.243226114023602	-0.5423101404701491	1.0000000000000004	-0.2936371363437577	0.1974826051584647	-0.21539694828734107	0.30729084781979055	-0.5224262788305215	0.26147493735345595	-0.11279563528069933	0.13938975850823723	-0.11665139824608897	0.14867664545392256	-0.2103911116038501	0.12142252239719689	-0.10996524830963005	0.14206106713002012	-0.10148702183463056	0.10399334777436317
0.17606454858936668	-0.11817087001951691	0.15226744748735993	-0.24115366383250358	0.20888425020138782	-0.1432469350498931	0.15920985806195626	-0.16901416391044596	0.31991338621918575	-0.6759553766136661	0.13803660667629933	-0.17432198172994207	0.18328141379392401	-0.2936371363437577	1.000000000000002	-0.18574254847995447	0.15854446461210922	-0.26512185003163435	0.20841095685305017	-0.3726554015755215	0.10941713042159044	-0.14175266474709855	0.1205469304396867	-0.1698794022006262	0.20337719387530975	-0.1279220446054273	0.11097275782567931	-0.15964279849611332	0.10602909389400858	-0.11673920131480942
-0.3224891639698329	0.15952466609217256	-0.21504630014469142	0.10633075196575882	-0.10412195575846876	0.25529906888539455	-0.2405117331535795	0.19340779548473644	-0.24798910850700895	0.1334754254299552	-0.4243061812330329	0.2956755740602806	-0.22583220931580186	0.1974826051584647	-0.18574254847995447	1.0000000000000016	-0.5633110618112898	0.22978779246674738	-0.16911637054356168	0.1895384993701432	-0.3397057625794367	0.24427677686705246	-0.1638386286704834	0.1790072557357552	-0.20491790557865733	0.23234561310303503	-0.19499194116991608	0.1920875003510728	-0.12163271463575	0.11531426058089955
0.22172698086757978	-0.12022380206973726	0.1563970370970503	-0.08682200517996722	0.08342617158513675	-0.21096451618141415	0.20152762846695813	-0.18622699221337183	0.20442753394720842	-0.11457477253151374	0.25734911557533724	-0.5440085759667269	0.23552063834586226	-0.21539694828734107	0.15854446461210922	-0.5633110618112898	0.9999999999999982	-0.2932920755398455	0.17761978251059238	-0.18436384253527355	0.2134681708499128	-0.3386368629632481	0.1657969793578475	-0.18506944041027987	0.1833142820181874	-0.21066621351893383	0.1903322723320323	-0.19943699192222758	0.11362586714286285	-0.11008282357750811
-0.2782663583981263	0.1495536951192689	-0.2077946000798217	0.12450096888449493	-0.12374818740353068	0.18728755483004203	-0.23721402025088922	0.20889344134236032	-0.33066071469369623	0.17680895654713466	-0.20258767793959434	0.23518104537733164	-0.30289228654265077	0.30729084781979055	-0.26512185003163435	0.22978779246674738	-0.2932920755398455	0.9999999999999994	-0.6184294843306586	0.2955239118376152	-0.1396457521450775	0.17340098629530185	-0.16786211443233798	0.18750343551841034	-0.2890145840730556	0.1462458282007917	-0.1393688948355519	0.1761165535138343	-0.1339720084032634	0.13177559134661376
0.17828379370276443	-0.10092173078117016	0.1359675646474143	-0.09296650171589768	0.0896055502823342	-0.13557138163137103	0.16689061533456748	-0.16764419607228337	0.23307407641638717	-0.1416359218869966	0.14123809837997298	-0.18663095765885504	0.23785407444821757	-0.5224262788305215	0.20841095685305017	-0.16911637054356168	0.17761978251059238	-0.6184294843306586	0.9999999999999971	-0.4515424110958908	0.09948229931182352	-0.1267810113276458	0.1148285066258716	-0.14644288205566036	0.2237060482302995	-0.10854196962788755	0.09994782156648546	-0.1336898432677289	0.09997941577535101	-0.10454766325900677
-0.23019669437265108	0.12761997637293676	-0.17676533229787045	0.1293322588616182	-0.1293607812191854	0.15490622169191506	-0.18793436218103443	0.17158788738006706	-0.3336777551152103	0.20593739886120432	-0.1594259506906862	0.18128588756810873	-0.21086262044330364	0.26147493735345595	-0.3726554015755215	0.1895384993701432	-0.18436384253527355	0.2955239118376152	-0.4515424110958908	0.9999999999999957	-0.12195486979404922	0.15553363638368756	-0.1477703543254789	0.20020894740808323	-0.5600739669821307	0.1356794484156944	-0.12784475062106027	0.17855034228645256	-0.1684519782348702	0.17570171769324017
0.1569151660281808	-0.08103716811309249	0.11000234663569694	-0.05914012346357102	0.05796164710222766	-0.12077566046552765	0.11819833585390532	-0.1013721040618657	0.14255114264722915	-0.0772735821326089	0.14631459753338497	-0.15100397407164945	0.11597790688191431	-0.11279563528069933	0.10941713042159044	-0.3397057625794367	0.2134681708499128	-0.1396457521450775	0.09948229931182352	-0.12195486979404922	0.9999999999999961	-0.4432119110679644	0.18084415046330204	-0.17629924583501588	0.15400187544446853	-0.7392798543428267	0.2788136849518207	-0.2316524629581619	0.11100827530414356	-0.09980862311805053
-0.1905164795521644	0.09859596919952106	-0.13566510634110984	0.07424884349643568	-0.07326194140881505	0.13516439190758625	-0.14397401017396075	0.12321505271208562	-0.18421780276015107	0.09867009371734474	-0.15974613523517317	0.18416599545006473	-0.14525797960661282	0.13938975850823723	-0.14175266474709855	0.24427677686705246	-0.3386368629632481	0.17340098629530185	-0.1267810113276458	0.15553363638368756	-0.4432119110679644	0.9999999999999969	-0.37327978417851937	0.2408221300926582	-0.2174698323252627	0.30044677961745986	-0.56799260818548	0.3000837553918628	-0.158755891510944	0.1325058517448558
0.14890720753088968	-0.07783722979198504	0.1077044863088116	-0.06148880981223926	0.06062689467553736	-0.10184057852446385	0.11053714745800149	-0.0965705950463974	0.15329362597527144	-0.08326582562296331	0.11258251870910811	-0.1279053739167359	0.11151420906200228	-0.11665139824608897	0.1205469304396867	-0.1638386286704834	0.1657969793578475	-0.16786211443233798	0.1148285066258716	-0.1477703543254789	0.18084415046330204	-0.37327978417851937	0.9999999999999966	-0.6903423282289746	0.2184992145764918	-0.1944584945732699	0.2513037233741721	-0.48277356929084425	0.19145604943844055	-0.1625565593346497
-0.20389268319866935	0.10567834515168902	-0.14833848657961338	0.08475022763128347	-0.08430820713527713	0.12887747867059438	-0.14483413532070624	0.12503014187526554	-0.2162415839827825	0.11560094771462082	-0.13925646384874643	0.1489785876195642	-0.14126122479202366	0.14867664545392256	-0.1698794022006262	0.1790072557357552	-0.18506944041027987	0.18750343551841034	-0.14644288205566036	0.20020894740808323	-0.17629924583501588	0.2408221300926582	-0.6903423282289746	0.9999999999999961	-0.3678125048700893	0.1740789046027132	-0.2207594423679775	0.2885959921837759	-0.30686593898277736	0.21379493015088913
0.1900001748689817	-0.10524813109183687	0.1422032647349302	-0.09843264214603034	0.0935533154052725	-0.14002344783870996	0.15333395453175477	-0.14337011638648478	0.22449739954219655	-0.142901720228006	0.14506026246449927	-0.17185100986150448	0.16660524874611987	-0.2103911116038501	0.20337719387530975	-0.20491790557865733	0.1833142820181874	-0.2890145840730556	0.2237060482302995	-0.5600739669821307	0.15400187544446853	-0.2174698323252627	0.2184992145764918	-0.3678125048700893	0.999999999999995	-0.18458231841104825	0.1769315598758806	-0.28755262175187885	0.26037875382298925	-0.4118206349888337
-0.18315991203634457	0.09310412885197539	-0.12894197775571958	0.06839103000597706	-0.0676665416761001	0.124873835249839	-0.1307811722925678	0.11012897965342076	-0.1678767019337295	0.08940981160128057	-0.150477271540272	0.14842303325736667	-0.12486730417347841	0.12142252239719689	-0.1279220446054273	0.23234561310303503	-0.21066621351893383	0.1462458282007917	-0.10854196962788755	0.1356794484156944	-0.7392798543428267	0.30044677961745986	-0.1944584945732699	0.1740789046027132	-0.18458231841104825	0.9999999999999954	-0.44423851512670337	0.23789968777333848	-0.12915616008316125	0.11016684896738384
0.14691329260410116	-0.076388874326414	0.10492028963297115	-0.058168645696334724	0.05723288373105838	-0.10507666124737816	0.10982655549213906	-0.09533915322528386	0.14313923058293346	-0.07742971234976355	0.12036197767751301	-0.13812099891213506	0.10961286973547806	-0.10996524830963005	0.11097275782567931	-0.19499194116991608	0.1903322723320323	-0.1393688948355519	0.09994782156648546	-0.12784475062106027	0.2788136849518207	-0.56799260818548	0.2513037233741721	-0.2207594423679775	0.1769315598758806	-0.44423851512670337	0.9999999999999948	-0.5648150941759364	0.15183723494742252	-0.13164561378012296
-0.20175404896280202	0.10398512836121573	-0.14562552802791923	0.08127896385327922	-0.08080846531204791	0.12952742261145556	-0.14315651873771842	0.12277374600544502	-0.20583771357791483	0.10946503402026408	-0.14319196254842864	0.15278205058677619	-0.13873314222002814	0.14206106713002012	-0.15964279849611332	0.1920875003510728	-0.19943699192222758	0.1761165535138343	-0.1336898432677289	0.17855034228645256	-0.2316524629581619	0.3000837553918628	-0.48277356929084425	0.2885959921837759	-0.28755262175187885	0.23789968777333848	-0.5648150941759364	0.9999999999999949	-0.2975237017860689	0.20098721896703386
0.1187081041447087	-0.06309268817847614	0.08698323572093583	-0.05308045686447982	0.05176055562385616	-0.08134215228541138	0.08885199363362913	-0.07933891127420117	0.1289604945020735	-0.07350718273406977	0.08672151376919393	-0.09754024694375221	0.09018790848286751	-0.10148702183463056	0.10602909389400858	-0.12163271463575	0.11362586714286285	-0.1339720084032634	0.09997941577535101	-0.1684519782348702	0.11100827530414356	-0.158755891510944	0.19145604943844055	-0.30686593898277736	0.26037875382298925	-0.12915616008316125	0.15183723494742252	-0.2975237017860689	0.9999999999999953	-0.8207414424506236
-0.1267408356349984	0.06697138926624993	-0.09320706213327437	0.05671843408958693	-0.05583481680351154	0.08297700315702614	-0.09280568986179738	0.08213617229084694	-0.1414624573095604	0.07921416847922527	-0.08770716415767954	0.0962687136751634	-0.09282506045894617	0.10399334777436317	-0.11673920131480942	0.11531426058089955	-0.11008282357750811	0.13177559134661376	-0.10454766325900677	0.17570171769324017	-0.09980862311805053	0.1325058517448558	-0.1625565593346497	0.21379493015088913	-0.4118206349888337	0.11016684896738384	-0.13164561378012296	0.20098721896703386	-0.8207414424506236	0.9999999999999953
