1.0	-0.7202502469983527	0.20846776541529183	-0.2243436401870561	0.07970283442557428	-0.5009810560113596	0.3086290917917485	-0.17209441814276355	0.16007523816869682	-0.09542990395593132	0.22747776820332444	-0.15814441959021175	0.13887922162463573	-0.07048853396581999	0.07363369861941109	-0.043023876670045924	0.03940863812964544	-0.09976851189889813	0.059389018196638534	-0.07998369005937092	0.025631659431177314	-0.12457506756804065	0.07681301557615094	-0.0368587409506422	0.03413832391256969	-0.02380576153560088	0.049842669368753235	-0.025994079604170817	0.020245020643038455	-0.02335066393061802	0.08446614476519358	-0.03918158829670273	0.022591454023233374	-0.021030743004537857	0.022323784358347733	-0.02244953055263442	0.02789293183391257	-0.026891174314452277	0.015228805041152357	-0.01605410917248384	0.029119035318344155	-0.02482739929944761	0.022912766920666936	-0.01578593416378872	0.01793454452208884
-0.7202502469983527	1.0	-0.3206705476330985	0.2172449607335521	-0.08107305818063432	0.2965856136120558	-0.46985955030093485	0.19177522289221485	-0.1870172838673891	0.09194054072383896	-0.21943189712065192	0.15521588695225455	-0.14947762736353157	0.07166442105207492	-0.07669496615514104	0.03630656404359224	-0.033860952650625664	0.08610967865427935	-0.05302658467238949	0.06927050047442906	-0.021326984337854234	0.10164059043425336	-0.06699711405800081	0.031827137087180025	-0.02971519057070262	0.019762507778366335	-0.041583584237369596	0.02176496676429896	-0.01705876692999444	0.01979303195687592	-0.07051356896793688	0.03258060084223272	-0.018937349367502673	0.017653913344157	-0.018967422684057527	0.018704284691096786	-0.023262248457785135	0.022415117314748715	-0.01275241020399207	0.013510621588928528	-0.024298588762473393	0.02066238194679204	-0.01913639423941532	0.013197047043198582	-0.015135116726788946
0.20846776541529183	-0.3206705476330985	0.9999999999999996	-0.7354968422281878	0.17299582136131877	-0.1688886554027704	0.20829162168953697	-0.41357121264074265	0.269570757792735	-0.2021812578942732	0.16663068403164347	-0.14752691623609582	0.14725241658113175	-0.10283907062117195	0.10643557846083733	-0.03392449041271753	0.032007890407203934	-0.08785051554066985	0.05804914514850473	-0.07458630259239242	0.020788179283912155	-0.09861324659268872	0.06789010165200807	-0.03312633808013711	0.031083205936050552	-0.01923694713860498	0.040814065760098245	-0.021570308958289267	0.017044244806030055	-0.019996900740501214	0.06907814458143964	-0.03191619566261828	0.018777119019688825	-0.017563602687083266	0.019173306639981205	-0.018368085403919723	0.022877164578731138	-0.022079004058174714	0.012635459828710208	-0.013491619677150977	0.023893413885387942	-0.020297382176246413	0.018872787997782307	-0.01305350825539537	0.0151496435313445
-0.2243436401870561	0.2172449607335521	-0.7354968422281878	0.9999999999999998	-0.3045807520752881	0.16268660049372682	-0.21294526465099	0.26815535046316685	-0.3477747611610899	0.2237034201234509	-0.1963691220301071	0.14302809384472667	-0.15703141758916517	0.11890127960515887	-0.13680549370902131	0.0358196073738196	-0.034267391930666434	0.09066901797001312	-0.06336815700400758	0.07929317359227077	-0.021720162200549342	0.09993487210245725	-0.07220714454609785	0.03529086827842228	-0.03343753743231529	0.020050246194324852	-0.04284574920397353	0.02265744613469348	-0.0179964127079558	0.02117794150061166	-0.07286010237476154	0.03339596637060519	-0.019761157036347843	0.01849363071834116	-0.02036942187517882	0.019277434292039066	-0.02401920796119406	0.02314161460661407	-0.013294466424181332	0.014241748157168277	-0.025123322477391977	0.021259333090466404	-0.01982989388809542	0.01371402597582118	-0.016037246100848827
0.07970283442557428	-0.08107305818063432	0.17299582136131877	-0.3045807520752881	0.9999999999999996	-0.0664189075708578	0.08215028898823974	-0.11700327089911372	0.1458474196631071	-0.9133327533725377	0.08362748667393934	-0.06425124125739581	0.0671433328955018	-0.08234393918843458	0.08902557487049485	-0.01724086742888969	0.016487694601670624	-0.04586174264674331	0.03451034233157741	-0.04377661251369897	0.010704496800494581	-0.04972927597667472	0.036155813854217754	-0.018432413989275354	0.01743413078004871	-0.009883900591081452	0.021164688604335378	-0.011309690537517333	0.009032799490787797	-0.010740959284656635	0.035831491029716084	-0.016505640385479733	0.009857970448452377	-0.009258310823106384	0.010311138675961222	-0.009537281769791494	0.011897399693755015	-0.011497482282701718	0.006629995148148666	-0.007146672320488369	0.01243146214554744	-0.010536715742490087	0.00984803043847361	-0.006833885516902614	0.008051189605924365
-0.5009810560113596	0.2965856136120558	-0.1688886554027704	0.16268660049372682	-0.0664189075708578	1.0	-0.6305019461776382	0.17996204386633177	-0.180986052923168	0.07711184986589503	-0.4410509767077305	0.18527025239807038	-0.1698225633358096	0.07262238920459532	-0.07735233859002236	0.04825192272548448	-0.044418985535562824	0.10528757051057071	-0.06245508096179971	0.08311401561420752	-0.026886992202984152	0.12910104382550644	-0.08149240314380934	0.038558086950238275	-0.0358034337642902	0.02495140639035352	-0.05202369630919642	0.027109048088573326	-0.021133443221235747	0.02437646723604561	-0.08816451367149611	0.04085060156401705	-0.023568601340999376	0.021936643727018236	-0.02332656148343651	0.023404173827043972	-0.029083908348030478	0.028023583086420372	-0.015880433653314333	0.016747443172601417	-0.030365958963360574	0.025870078522532734	-0.023890126054147823	0.016455709652114285	-0.018721795566899572
0.3086290917917485	-0.46985955030093485	0.20829162168953697	-0.21294526465099	0.08215028898823974	-0.6305019461776382	0.9999999999999998	-0.2955066516891376	0.21416668919013548	-0.0973124193823835	0.2679871702037172	-0.2830783451961765	0.2060892038225059	-0.08821208430593949	0.0907368773630319	-0.05123710948429149	0.04707428420674039	-0.12352308559440323	0.07293758085467114	-0.0971124138088483	0.030411105134173354	-0.14802319849106976	0.09402177621238006	-0.044614467589965894	0.04138235069857097	-0.02823116233267228	0.0591320114372402	-0.030919825134215376	0.02413854884424689	-0.027929196838157155	0.09997374362558456	-0.04643893909840081	0.02686905753673873	-0.025034403044761584	0.02670824193416846	-0.026603977681898226	0.03307524117171404	-0.0319040681944263	0.018098150670341123	-0.01912237273286402	0.03451547120677918	-0.02942817375306522	0.02719083162209397	-0.018749736531833143	0.021377801158089522
-0.17209441814276355	0.19177522289221485	-0.41357121264074265	0.26815535046316685	-0.11700327089911372	0.17996204386633177	-0.2955066516891376	0.9999999999999989	-0.7315860093001053	0.13085687135209786	-0.183476404910894	0.1976983927702491	-0.2508644572883685	0.148483027597801	-0.15788190552241235	0.03782571626341324	-0.03593265712866047	0.10490471558370149	-0.07212309155783314	0.08910001835719114	-0.02303206663198913	0.1093324070574168	-0.07990400798952059	0.038759974904381725	-0.03657270487698337	0.0212912709202733	-0.045247669898684645	0.024109300673575033	-0.01918015576730131	0.022707006928546433	-0.07621532225592147	0.035320468593573524	-0.020986336975056023	0.019683699950042207	-0.021784007080984418	0.020338357865049204	-0.025369193168819727	0.024526655757527677	-0.014101648365433069	0.015152145860341458	-0.02647435783609771	0.022491729569159076	-0.02097746000136456	0.014547764507034284	-0.017044654752574596
0.16007523816869682	-0.1870172838673891	0.269570757792735	-0.3477747611610899	0.1458474196631071	-0.180986052923168	0.21416668919013548	-0.7315860093001053	0.9999999999999986	-0.1906139248833906	0.18842438511502518	-0.20459105055147758	0.19455217354883536	-0.25469855515910367	0.1932875871683952	-0.04571863276071226	0.04305407694204466	-0.12887490301777443	0.0910549557684359	-0.11598027919081401	0.028607793207963528	-0.13885674969621917	0.09659441879010547	-0.048772383162149026	0.04563563566279198	-0.026492006449237573	0.056158214611658167	-0.030050929073470165	0.02388422295261843	-0.02836579522382266	0.09423357795501662	-0.043957117670271904	0.026123519828929107	-0.02453696034667615	0.027123551764005115	-0.025285280479379134	0.031543942954793715	-0.03057010033638593	0.017562260761785905	-0.018885122114090578	0.032878761580433256	-0.028018540214328584	0.02610098586508129	-0.018129771817267132	0.021207388379294152
-0.09542990395593132	0.09194054072383896	-0.2021812578942732	0.2237034201234509	-0.9133327533725377	0.07711184986589503	-0.0973124193823835	0.13085687135209786	-0.1906139248833906	0.9999999999999982	-0.10049262284818271	0.07353605874031059	-0.0790856636986749	0.09508945185955678	-0.11496242183507226	0.019839817746669364	-0.019062658837692297	0.052251421814255454	-0.04001153072227262	0.05002586116602758	-0.01225679174312771	0.05621003303749446	-0.04166268660274666	0.021163967516252043	-0.020112548230563704	0.011306209774770516	-0.024277483991343447	0.012964254769056596	-0.010371238837573028	0.012335323842838537	-0.04119419177855253	0.01890806873407444	-0.011309679595367078	0.010620523457360958	-0.011859628758358715	0.010937578094197695	-0.013644947641270888	0.01317381598300903	-0.007605788017012796	0.008204443634927058	-0.014267120338514752	0.012072266968915092	-0.01129540612982744	0.007835595403833094	-0.009253057985412502
0.22747776820332444	-0.21943189712065192	0.16663068403164347	-0.1963691220301071	0.08362748667393934	-0.4410509767077305	0.2679871702037172	-0.183476404910894	0.18842438511502518	-0.10049262284818271	0.9999999999999971	-0.2995448422269699	0.2278708355637243	-0.10805105602040671	0.11135196235391633	-0.1266764337965821	0.1094915821334992	-0.24186455441588078	0.13439796777782925	-0.18961681712126838	0.06749879144824258	-0.33231652690461855	0.18460495628291498	-0.08891289645923399	0.08135448127001586	-0.06290987365717436	0.12945457106082278	-0.06686611316020534	0.051481153690112254	-0.05860699399484289	0.21946961245950233	-0.10225739655772101	0.05803306681968407	-0.05383985972326032	0.05586145426688081	-0.05837621092478253	0.07239457686615082	-0.06977170447039395	0.03918399778258691	-0.040895934695465055	0.07553187993589322	-0.06462672514149362	0.05928005092859398	-0.04073161171100567	0.045481736106935816
-0.15814441959021175	0.15521588695225455	-0.14752691623609582	0.14302809384472667	-0.06425124125739581	0.18527025239807038	-0.2830783451961765	0.1976983927702491	-0.20459105055147758	0.07353605874031059	-0.2995448422269699	0.9999999999999974	-0.8324700794061866	0.08557448716359492	-0.0925766612768487	0.053578237776205344	-0.05251804987773828	0.15960110158183125	-0.09007155109445057	0.1053144089118319	-0.031259025624890045	0.14247045615459636	-0.12472537633179687	0.05134147459015976	-0.04888126398082652	0.02874427986708813	-0.061467002902340445	0.032369129316664344	-0.02578791842511708	0.030270042634523153	-0.10385314538556951	0.047540874195595356	-0.0282283831009456	0.026365302031851865	-0.02924252198894338	0.027359206361605225	-0.03414172110818616	0.0328086464104298	-0.018896819136086082	0.020261531718440005	-0.03569097747948406	0.03010744911918778	-0.02817406868637569	0.01945816908966604	-0.02288219997818991
0.13887922162463573	-0.14947762736353157	0.14725241658113175	-0.15703141758916517	0.0671433328955018	-0.1698225633358096	0.2060892038225059	-0.2508644572883685	0.19455217354883536	-0.0790856636986749	0.2278708355637243	-0.8324700794061866	0.9999999999999977	-0.09248887851063738	0.09468024257264575	-0.05913703443076365	0.05674471572300103	-0.22284286536529085	0.10631227354759691	-0.12921061228697212	0.03508760751909751	-0.17134586180970487	0.13988196525996738	-0.05969176491880959	0.05583709278512828	-0.03240649169220619	0.0684288600374675	-0.03643155586337131	0.02898312937039537	-0.03427290848207752	0.1139187998379018	-0.05319992498428849	0.031646946196670064	-0.029651220773657748	0.03289774530950624	-0.030464438709947913	0.03806198537696391	-0.036792244169025656	0.021167714050758207	-0.022755123469232776	0.03963210672960954	-0.03369278876367027	0.031465750405899565	-0.021819145923830278	0.02561455135428748
-0.07048853396581999	0.07166442105207492	-0.10283907062117195	0.11890127960515887	-0.08234393918843458	0.07262238920459532	-0.08821208430593949	0.148483027597801	-0.25469855515910367	0.09508945185955678	-0.10805105602040671	0.08557448716359492	-0.09248887851063738	0.9999999999999976	-0.9099932087111829	0.031121745563436012	-0.031126655560189398	0.1104036383974452	-0.16082988661103667	0.15662562382617906	-0.020003174138670133	0.08891415097796418	-0.08831437672008399	0.05354483442913285	-0.0524684384630635	0.018322148840112604	-0.04045242435997832	0.0233078921046531	-0.019764170096030136	0.025352093908375138	-0.06705963569826741	0.031229603617892683	-0.020384624710958244	0.019642178451423024	-0.024394867074755383	0.01831862575873995	-0.023106809683800134	0.022674801887536226	-0.013626482159388192	0.015487479440597033	-0.02406297236765742	0.020354654158764966	-0.019541515919820576	0.01388541965614818	-0.017689165822429877
0.07363369861941109	-0.07669496615514104	0.10643557846083733	-0.13680549370902131	0.08902557487049485	-0.07735233859002236	0.0907368773630319	-0.15788190552241235	0.1932875871683952	-0.11496242183507226	0.11135196235391633	-0.0925766612768487	0.09468024257264575	-0.9099932087111829	0.999999999999997	-0.03374904518208491	0.03327574206799943	-0.12090769308670406	0.14714235536459538	-0.19277634078840844	0.021565486742969275	-0.09934983278624404	0.0918901835803455	-0.05764899855902856	0.055247129720079204	-0.019813430235060332	0.04332714266860646	-0.025038405085607316	0.02111660374449457	-0.027154308534835053	0.07140938995052135	-0.03358761741025911	0.021829861548561952	-0.021054302090960174	0.025919766025197636	-0.0196433588705642	0.024771653340641867	-0.02438152683103349	0.014598648535604794	-0.01656856152337174	0.02574741025138896	-0.021886223922941244	0.02094500453791414	-0.014900413146558185	0.01884909523495805
-0.043023876670045924	0.03630656404359224	-0.03392449041271753	0.0358196073738196	-0.01724086742888969	0.04825192272548448	-0.05123710948429149	0.03782571626341324	-0.04571863276071226	0.019839817746669364	-0.1266764337965821	0.053578237776205344	-0.05913703443076365	0.031121745563436012	-0.03374904518208491	0.9999999999999968	-0.9643965234902006	0.11839018076436296	-0.062200871472650764	0.07032943526652556	-0.07371030627317589	0.11276430635348463	-0.09917249271892208	0.03829679348488337	-0.03681136347586196	0.06383955848730564	-0.06226124195363582	0.028992995489625174	-0.02241894547240195	0.025001296815593575	-0.09570098697140819	0.04744847774607532	-0.025318175479442446	0.02318133146752998	-0.024316393657795955	0.025091449264635815	-0.031458432665559755	0.02974497383881134	-0.016660357235782196	0.017213599805462162	-0.032006420510927204	0.02754825452867861	-0.025311229940663257	0.017211681471300252	-0.01937838115474857
0.03940863812964544	-0.033860952650625664	0.032007890407203934	-0.034267391930666434	0.016487694601670624	-0.044418985535562824	0.04707428420674039	-0.03593265712866047	0.04305407694204466	-0.019062658837692297	0.1094915821334992	-0.05251804987773828	0.05674471572300103	-0.031126655560189398	0.03327574206799943	-0.9643965234902006	0.9999999999999972	-0.13888117649625997	0.06525949885853315	-0.0763143301158841	0.06624361147531944	-0.12262650418758075	0.0993644017354369	-0.03936922235240636	0.03728248008599047	-0.06314536804621693	0.05895905960696045	-0.02831198659421001	0.021902186521627277	-0.02474523497544217	0.08866710720736334	-0.04568455649559531	0.024580658746690638	-0.02264423178040714	0.02390981449087309	-0.024029492818269247	0.030172183508998446	-0.028852000814595984	0.016172102540202245	-0.01682739858016299	0.03053139118148334	-0.02661519502835581	0.02440663552568171	-0.016725607765359352	0.018883048576044628
-0.09976851189889813	0.08610967865427935	-0.08785051554066985	0.09066901797001312	-0.04586174264674331	0.10528757051057071	-0.12352308559440323	0.10490471558370149	-0.12887490301777443	0.052251421814255454	-0.24186455441588078	0.15960110158183125	-0.22284286536529085	0.1104036383974452	-0.12090769308670406	0.11839018076436296	-0.13888117649625997	0.9999999999999962	-0.4608999177349501	0.2864502599666935	-0.06589581122946962	0.2762576258314002	-0.6264586348354036	0.15789715914953342	-0.15629648170999308	0.05924464102659032	-0.13170684893350515	0.07271915629685888	-0.061058780382658905	0.07481131597943032	-0.21528316191313512	0.09811919378247735	-0.06339912987299906	0.059768124699797524	-0.07353131723418244	0.05664547743240637	-0.07168881728496032	0.06897106582770547	-0.041351193622113265	0.046213302217434464	-0.07466389131472231	0.062050312431763094	-0.06002040901238245	0.0419300030011408	-0.05326767043443405
0.059389018196638534	-0.05302658467238949	0.05804914514850473	-0.06336815700400758	0.03451034233157741	-0.06245508096179971	0.07293758085467114	-0.07212309155783314	0.0910549557684359	-0.04001153072227262	0.13439796777782925	-0.09007155109445057	0.10631227354759691	-0.16082988661103667	0.14714235536459538	-0.062200871472650764	0.06525949885853315	-0.4608999177349501	0.999999999999996	-0.7821194949387225	0.036957045946762086	-0.1641704996134401	0.2302681415748777	-0.19618296148567765	0.16552259779004125	-0.033600802754499066	0.07555014245382763	-0.048453879458491875	0.044154949256096365	-0.06254750132618735	0.12001216188204059	-0.057729980878225985	0.042316052309764846	-0.04223118854472255	0.05904848965653649	-0.03426100773094494	0.043927926502914126	-0.04421007185743876	0.027904233249357487	-0.033744614824835074	0.045295900240485715	-0.03850897337909827	0.03819671835595633	-0.02806332744626032	0.03886603865822256
-0.07998369005937092	0.06927050047442906	-0.07458630259239242	0.07929317359227077	-0.04377661251369897	0.08311401561420752	-0.0971124138088483	0.08910001835719114	-0.11598027919081401	0.05002586116602758	-0.18961681712126838	0.1053144089118319	-0.12921061228697212	0.15662562382617906	-0.19277634078840844	0.07032943526652556	-0.0763143301158841	0.2864502599666935	-0.7821194949387225	0.9999999999999958	-0.04898362974732889	0.188591160887036	-0.2867916579479746	0.18801893366358025	-0.22286404575851332	0.04417630851844576	-0.10314856801584626	0.06357935330991822	-0.05808185803938135	0.07987744273867925	-0.16971425961441228	0.07816137395768066	-0.05623727076238507	0.05552111307075635	-0.07765174880755706	0.04676607690656174	-0.059688825782964354	0.0591017145636989	-0.037239519707964894	0.044486211300158625	-0.0621340439530008	0.05196473692188504	-0.05154330566145736	0.037403228917830315	-0.051737514757580594
0.025631659431177314	-0.021326984337854234	0.020788179283912155	-0.021720162200549342	0.010704496800494581	-0.026886992202984152	0.030411105134173354	-0.02303206663198913	0.028607793207963528	-0.01225679174312771	0.06749879144824258	-0.031259025624890045	0.03508760751909751	-0.020003174138670133	0.021565486742969275	-0.07371030627317589	0.06624361147531944	-0.06589581122946962	0.036957045946762086	-0.04898362974732889	0.9999999999999966	-0.15065283613132419	0.07079514976820565	-0.032285371126946814	0.030106324865520975	-0.9509701222132207	0.15280018966862377	-0.05497524902383285	0.036850290139382604	-0.03501521738717292	0.14485880913072832	-0.1295566467506876	0.04633857247729122	-0.04073458404510328	0.03329266032846072	-0.04696786733204645	0.059913570340182215	-0.05732743972556413	0.028414445942569873	-0.025781579195146544	0.05226696152074895	-0.05397188035169356	0.044785288102685596	-0.030152992769548664	0.027610816754617365
-0.12457506756804065	0.10164059043425336	-0.09861324659268872	0.09993487210245725	-0.04972927597667472	0.12910104382550644	-0.14802319849106976	0.1093324070574168	-0.13885674969621917	0.05621003303749446	-0.33231652690461855	0.14247045615459636	-0.17134586180970487	0.08891415097796418	-0.09934983278624404	0.11276430635348463	-0.12262650418758075	0.2762576258314002	-0.1641704996134401	0.188591160887036	-0.15065283613132419	0.999999999999996	-0.5695142797911787	0.13613803635246563	-0.134137727152349	0.12590352475493333	-0.287294460289906	0.1125145479906532	-0.08701237248678399	0.0928715036834879	-0.4034361303935678	0.19044631949150134	-0.09942585449431036	0.08890170671073007	-0.09205805535810868	0.09994279853003132	-0.1262891877691575	0.11475349146123627	-0.06426725659771364	0.06494023633851186	-0.12942225156976078	0.10702073273338947	-0.09960894717944488	0.06593410323046019	-0.07388985007284722
0.07681301557615094	-0.06699711405800081	0.06789010165200807	-0.07220714454609785	0.036155813854217754	-0.08149240314380934	0.09402177621238006	-0.07990400798952059	0.09659441879010547	-0.04166268660274666	0.18460495628291498	-0.12472537633179687	0.13988196525996738	-0.08831437672008399	0.0918901835803455	-0.09917249271892208	0.0993644017354369	-0.6264586348354036	0.2302681415748777	-0.2867916579479746	0.07079514976820565	-0.5695142797911787	0.9999999999999941	-0.20835881974089424	0.16216514083492842	-0.06516570663052682	0.13203200973756007	-0.079848216522461	0.06428069094684569	-0.07973584386317632	0.18981787433331615	-0.10024004951209357	0.06602312419022253	-0.06260603066312886	0.07551271624269963	-0.05499916360118294	0.07057677375845291	-0.07027540229318198	0.041800042432891094	-0.04715428241920363	0.07127878178643501	-0.061951674926491625	0.059697012605876926	-0.04250821056090836	0.05343041521050494
-0.0368587409506422	0.031827137087180025	-0.03312633808013711	0.03529086827842228	-0.018432413989275354	0.038558086950238275	-0.044614467589965894	0.038759974904381725	-0.048772383162149026	0.021163967516252043	-0.08891289645923399	0.05134147459015976	-0.05969176491880959	0.05354483442913285	-0.05764899855902856	0.03829679348488337	-0.03936922235240636	0.15789715914953342	-0.19618296148567765	0.18801893366358025	-0.032285371126946814	0.13613803635246563	-0.20835881974089424	0.9999999999999937	-0.8949295524939002	0.029625863573797005	-0.07708180514676201	0.08353960592605314	-0.09882492470101875	0.1710454100752034	-0.10249624926867544	0.06227292820594089	-0.07528922579727788	0.08508581293032966	-0.16609103653115706	0.04163233308705259	-0.05687804024371484	0.06531274792968486	-0.04921086889954754	0.07132977891718614	-0.0563324763201826	0.05075976885018105	-0.056344571419233276	0.047636222999239475	-0.08455218021214181
0.03413832391256969	-0.02971519057070262	0.031083205936050552	-0.03343753743231529	0.01743413078004871	-0.0358034337642902	0.04138235069857097	-0.03657270487698337	0.04563563566279198	-0.020112548230563704	0.08135448127001586	-0.04888126398082652	0.05583709278512828	-0.0524684384630635	0.055247129720079204	-0.03681136347586196	0.03728248008599047	-0.15629648170999308	0.16552259779004125	-0.22286404575851332	0.030106324865520975	-0.134137727152349	0.16216514083492842	-0.8949295524939002	0.9999999999999944	-0.027790864496370825	0.071501679575298	-0.0843041571167722	0.09665353407756921	-0.22542103844073227	0.09352317587705677	-0.05864983701064299	0.07204186946651447	-0.08494265787563643	0.15362781063698744	-0.03893675565892829	0.05316534017236896	-0.06278414060766369	0.04647992982125608	-0.06870376946512438	0.05215248528408382	-0.04801936061493147	0.05280718439508388	-0.045425671181623176	0.07681352823250238
-0.02380576153560088	0.019762507778366335	-0.01923694713860498	0.020050246194324852	-0.009883900591081452	0.02495140639035352	-0.02823116233267228	0.0212912709202733	-0.026492006449237573	0.011306209774770516	-0.06290987365717436	0.02874427986708813	-0.03240649169220619	0.018322148840112604	-0.019813430235060332	0.06383955848730564	-0.06314536804621693	0.05924464102659032	-0.033600802754499066	0.04417630851844576	-0.9509701222132207	0.12590352475493333	-0.06516570663052682	0.029625863573797005	-0.027790864496370825	0.9999999999999951	-0.18400071958056968	0.052139091621791075	-0.035138536438250524	0.03279081347681753	-0.16187603992978897	0.1248945442130183	-0.044347887951539405	0.038454267620891866	-0.03138577754403359	0.04499569628781712	-0.057946531333535715	0.05395211316603325	-0.026803632227630804	0.024172490263868494	-0.05024826927987567	0.050837696888399175	-0.04252932663579702	0.02832254643461737	-0.025986134388415717
0.049842669368753235	-0.041583584237369596	0.040814065760098245	-0.04284574920397353	0.021164688604335378	-0.05202369630919642	0.0591320114372402	-0.045247669898684645	0.056158214611658167	-0.024277483991343447	0.12945457106082278	-0.061467002902340445	0.0684288600374675	-0.04045242435997832	0.04332714266860646	-0.06226124195363582	0.05895905960696045	-0.13170684893350515	0.07555014245382763	-0.10314856801584626	0.15280018966862377	-0.287294460289906	0.13203200973756007	-0.07708180514676201	0.071501679575298	-0.18400071958056968	0.9999999999999957	-0.21957886052143813	0.13063152636375	-0.11186610831077994	0.2899538503846904	-0.7467661970894005	0.17305567167904798	-0.14598531381650273	0.10577690411591718	-0.15808215713707974	0.2171856773456989	-0.20315389675711712	0.09470218114749186	-0.08102932548542566	0.1632190977908179	-0.18815853870651503	0.1507198933925249	-0.10046632320761806	0.08537869929376327
-0.025994079604170817	0.02176496676429896	-0.021570308958289267	0.02265744613469348	-0.011309690537517333	0.027109048088573326	-0.030919825134215376	0.024109300673575033	-0.030050929073470165	0.012964254769056596	-0.06686611316020534	0.032369129316664344	-0.03643155586337131	0.0233078921046531	-0.025038405085607316	0.028992995489625174	-0.02831198659421001	0.07271915629685888	-0.048453879458491875	0.06357935330991822	-0.05497524902383285	0.1125145479906532	-0.079848216522461	0.08353960592605314	-0.0843041571167722	0.052139091621791075	-0.21957886052143813	0.9999999999999954	-0.5914693635574942	0.2204220736067697	-0.16255290495387842	0.174175106957344	-0.5778133149313868	0.32287166830279235	-0.23937150570290588	0.11745521059699253	-0.18351429925050006	0.2354507316813916	-0.13969164588458535	0.12465238458807892	-0.16260618231309198	0.15113724891218422	-0.1990601417367131	0.1279735510217735	-0.14211486360223896
0.020245020643038455	-0.01705876692999444	0.017044244806030055	-0.0179964127079558	0.009032799490787797	-0.021133443221235747	0.02413854884424689	-0.01918015576730131	0.02388422295261843	-0.010371238837573028	0.051481153690112254	-0.02578791842511708	0.02898312937039537	-0.019764170096030136	0.02111660374449457	-0.02241894547240195	0.021902186521627277	-0.061058780382658905	0.044154949256096365	-0.05808185803938135	0.036850290139382604	-0.08701237248678399	0.06428069094684569	-0.09882492470101875	0.09665353407756921	-0.035138536438250524	0.13063152636375	-0.5914693635574942	0.9999999999999963	-0.3953274359983303	0.1115464738588154	-0.11962726835997002	0.2988723879759301	-0.5854023208995967	0.2655775888994973	-0.0805695224425432	0.12072938367957961	-0.17925083998600017	0.1203612638450672	-0.1240293501061432	0.10648802920528644	-0.10840246806651697	0.1322829798645965	-0.11520549217897136	0.1286363692453098
-0.02335066393061802	0.01979303195687592	-0.019996900740501214	0.02117794150061166	-0.010740959284656635	0.02437646723604561	-0.027929196838157155	0.022707006928546433	-0.02836579522382266	0.012335323842838537	-0.05860699399484289	0.030270042634523153	-0.03427290848207752	0.025352093908375138	-0.027154308534835053	0.025001296815593575	-0.02474523497544217	0.07481131597943032	-0.06254750132618735	0.07987744273867925	-0.03501521738717292	0.0928715036834879	-0.07973584386317632	0.1710454100752034	-0.22542103844073227	0.03279081347681753	-0.11186610831077994	0.2204220736067697	-0.3953274359983303	0.999999999999996	-0.11084888975165834	0.09765386553218494	-0.2011684180427362	0.2607132963920781	-0.7605802988114717	0.07273714516824648	-0.10688091873071656	0.1399142549144176	-0.12015939781070123	0.19329467150922075	-0.09982731690855148	0.0960144133459224	-0.11820066698526502	0.11154582323576118	-0.22354504180817786
0.08446614476519358	-0.07051356896793688	0.06907814458143964	-0.07286010237476154	0.035831491029716084	-0.08816451367149611	0.09997374362558456	-0.07621532225592147	0.09423357795501662	-0.04119419177855253	0.21946961245950233	-0.10385314538556951	0.1139187998379018	-0.06705963569826741	0.07140938995052135	-0.09570098697140819	0.08866710720736334	-0.21528316191313512	0.12001216188204059	-0.16971425961441228	0.14485880913072832	-0.4034361303935678	0.18981787433331615	-0.10249624926867544	0.09352317587705677	-0.16187603992978897	0.2899538503846904	-0.16255290495387842	0.1115464738588154	-0.11084888975165834	0.9999999999999969	-0.41325589168570037	0.1416359559780033	-0.1268889373727545	0.1041455672882177	-0.18099766025761088	0.19614325643145455	-0.18819444590415751	0.09270306868979986	-0.08457511063752625	0.18262221040071674	-0.18213322274869195	0.14685852224867646	-0.0995871745120352	0.0895472490327901
-0.03918158829670273	0.03258060084223272	-0.03191619566261828	0.03339596637060519	-0.016505640385479733	0.04085060156401705	-0.04643893909840081	0.035320468593573524	-0.043957117670271904	0.01890806873407444	-0.10225739655772101	0.047540874195595356	-0.05319992498428849	0.031229603617892683	-0.03358761741025911	0.04744847774607532	-0.04568455649559531	0.09811919378247735	-0.057729980878225985	0.07816137395768066	-0.1295566467506876	0.19044631949150134	-0.10024004951209357	0.06227292820594089	-0.05864983701064299	0.1248945442130183	-0.7467661970894005	0.174175106957344	-0.11962726835997002	0.09765386553218494	-0.41325589168570037	0.9999999999999957	-0.19110203627617978	0.1333156055035966	-0.0970403843179277	0.16863241705382276	-0.3196211752245773	0.19238137349132403	-0.09088396263320017	0.0735380119903456	-0.18292410373978665	0.18127428398449066	-0.15534655726704327	0.09322427290513449	-0.07935384884106077
0.022591454023233374	-0.018937349367502673	0.018777119019688825	-0.019761157036347843	0.009857970448452377	-0.023568601340999376	0.02686905753673873	-0.020986336975056023	0.026123519828929107	-0.011309679595367078	0.05803306681968407	-0.0282283831009456	0.031646946196670064	-0.020384624710958244	0.021829861548561952	-0.025318175479442446	0.024580658746690638	-0.06339912987299906	0.042316052309764846	-0.05623727076238507	0.04633857247729122	-0.09942585449431036	0.06602312419022253	-0.07528922579727788	0.07204186946651447	-0.044347887951539405	0.17305567167904798	-0.5778133149313868	0.2988723879759301	-0.2011684180427362	0.1416359559780033	-0.19110203627617978	0.9999999999999939	-0.5558054640095385	0.19828733224096307	-0.11475720042904637	0.1799027691713524	-0.4076715390723843	0.14958001824238418	-0.11726414856725087	0.14507085247633425	-0.15766779437342315	0.1969095991579599	-0.1417930762313655	0.12142302726167259
-0.021030743004537857	0.017653913344157	-0.017563602687083266	0.01849363071834116	-0.009258310823106384	0.021936643727018236	-0.025034403044761584	0.019683699950042207	-0.02453696034667615	0.010620523457360958	-0.05383985972326032	0.026365302031851865	-0.029651220773657748	0.019642178451423024	-0.021054302090960174	0.02318133146752998	-0.02264423178040714	0.059768124699797524	-0.04223118854472255	0.05552111307075635	-0.04073458404510328	0.08890170671073007	-0.06260603066312886	0.08508581293032966	-0.08494265787563643	0.038454267620891866	-0.14598531381650273	0.32287166830279235	-0.5854023208995967	0.2607132963920781	-0.1268889373727545	0.1333156055035966	-0.5558054640095385	0.9999999999999944	-0.3688438564194239	0.09593758835769574	-0.15023673431276524	0.21568179222792727	-0.1710326786471869	0.14138809345642184	-0.13071343401069724	0.1284687720797733	-0.17056638786617884	0.1416313670303371	-0.15197240805322382
0.022323784358347733	-0.018967422684057527	0.019173306639981205	-0.02036942187517882	0.010311138675961222	-0.02332656148343651	0.02670824193416846	-0.021784007080984418	0.027123551764005115	-0.011859628758358715	0.05586145426688081	-0.02924252198894338	0.03289774530950624	-0.024394867074755383	0.025919766025197636	-0.024316393657795955	0.02390981449087309	-0.07353131723418244	0.05904848965653649	-0.07765174880755706	0.03329266032846072	-0.09205805535810868	0.07551271624269963	-0.16609103653115706	0.15362781063698744	-0.03138577754403359	0.10577690411591718	-0.23937150570290588	0.2655775888994973	-0.7605802988114717	0.1041455672882177	-0.0970403843179277	0.19828733224096307	-0.3688438564194239	0.9999999999999959	-0.07071175210306255	0.10272672490062952	-0.14888843107944402	0.12745328487647734	-0.29219848978429697	0.09356167451485098	-0.09667419845155062	0.11455466078025342	-0.12330708945797203	0.2153274236161531
-0.02244953055263442	0.018704284691096786	-0.018368085403919723	0.019277434292039066	-0.009537281769791494	0.023404173827043972	-0.026603977681898226	0.020338357865049204	-0.025285280479379134	0.010937578094197695	-0.05837621092478253	0.027359206361605225	-0.030464438709947913	0.01831862575873995	-0.0196433588705642	0.025091449264635815	-0.024029492818269247	0.05664547743240637	-0.03426100773094494	0.04676607690656174	-0.04696786733204645	0.09994279853003132	-0.05499916360118294	0.04163233308705259	-0.03893675565892829	0.04499569628781712	-0.15808215713707974	0.11745521059699253	-0.0805695224425432	0.07273714516824648	-0.18099766025761088	0.16863241705382276	-0.11475720042904637	0.09593758835769574	-0.07071175210306255	0.9999999999999927	-0.5314441715423339	0.20793311593851418	-0.0901878873593523	0.06372935333663773	-0.7534620845682176	0.24898989507144453	-0.18351284872839962	0.09480347094861037	-0.06770350572337083
0.02789293183391257	-0.023262248457785135	0.022877164578731138	-0.02401920796119406	0.011897399693755015	-0.029083908348030478	0.03307524117171404	-0.025369193168819727	0.031543942954793715	-0.013644947641270888	0.07239457686615082	-0.03414172110818616	0.03806198537696391	-0.023106809683800134	0.024771653340641867	-0.031458432665559755	0.030172183508998446	-0.07168881728496032	0.043927926502914126	-0.059688825782964354	0.059913570340182215	-0.1262891877691575	0.07057677375845291	-0.05687804024371484	0.05316534017236896	-0.057946531333535715	0.2171856773456989	-0.18351429925050006	0.12072938367957961	-0.10688091873071656	0.19614325643145455	-0.3196211752245773	0.1799027691713524	-0.15023673431276524	0.10272672490062952	-0.5314441715423339	0.9999999999999946	-0.42343610295399337	0.13819239666312164	-0.09303856696097368	0.31378791706171794	-0.4814949350188965	0.2710294917606511	-0.14884448229455197	0.09648449428859202
-0.026891174314452277	0.022415117314748715	-0.022079004058174714	0.02314161460661407	-0.011497482282701718	0.028023583086420372	-0.0319040681944263	0.024526655757527677	-0.03057010033638593	0.01317381598300903	-0.06977170447039395	0.0328086464104298	-0.036792244169025656	0.022674801887536226	-0.02438152683103349	0.02974497383881134	-0.028852000814595984	0.06897106582770547	-0.04421007185743876	0.0591017145636989	-0.05732743972556413	0.11475349146123627	-0.07027540229318198	0.06531274792968486	-0.06278414060766369	0.05395211316603325	-0.20315389675711712	0.2354507316813916	-0.17925083998600017	0.1399142549144176	-0.18819444590415751	0.19238137349132403	-0.4076715390723843	0.21568179222792727	-0.14888843107944402	0.20793311593851418	-0.42343610295399337	0.9999999999999938	-0.2928905737186909	0.13287045474431797	-0.28092607495775124	0.2946101773921488	-0.5381387170903978	0.2244446576355294	-0.14580930912390835
0.015228805041152357	-0.01275241020399207	0.012635459828710208	-0.013294466424181332	0.006629995148148666	-0.015880433653314333	0.018098150670341123	-0.014101648365433069	0.017562260761785905	-0.007605788017012796	0.03918399778258691	-0.018896819136086082	0.021167714050758207	-0.013626482159388192	0.014598648535604794	-0.016660357235782196	0.016172102540202245	-0.041351193622113265	0.027904233249357487	-0.037239519707964894	0.028414445942569873	-0.06426725659771364	0.041800042432891094	-0.04921086889954754	0.04647992982125608	-0.026803632227630804	0.09470218114749186	-0.13969164588458535	0.1203612638450672	-0.12015939781070123	0.09270306868979986	-0.09088396263320017	0.14958001824238418	-0.1710326786471869	0.12745328487647734	-0.0901878873593523	0.13819239666312164	-0.2928905737186909	0.9999999999999941	-0.2609718190314612	0.11635183970550542	-0.15431998856386198	0.20597147936133578	-0.8495144431316857	0.21728479311969084
-0.01605410917248384	0.013510621588928528	-0.013491619677150977	0.014241748157168277	-0.007146672320488369	0.016747443172601417	-0.01912237273286402	0.015152145860341458	-0.018885122114090578	0.008204443634927058	-0.040895934695465055	0.020261531718440005	-0.022755123469232776	0.015487479440597033	-0.01656856152337174	0.017213599805462162	-0.01682739858016299	0.046213302217434464	-0.033744614824835074	0.044486211300158625	-0.025781579195146544	0.06494023633851186	-0.04715428241920363	0.07132977891718614	-0.06870376946512438	0.024172490263868494	-0.08102932548542566	0.12465238458807892	-0.1240293501061432	0.19329467150922075	-0.08457511063752625	0.0735380119903456	-0.11726414856725087	0.14138809345642184	-0.29219848978429697	0.06372935333663773	-0.09303856696097368	0.13287045474431797	-0.2609718190314612	0.9999999999999931	-0.08628266830587786	0.09358102962670214	-0.11808474327970989	0.2106119153179973	-0.8646483113606441
0.029119035318344155	-0.024298588762473393	0.023893413885387942	-0.025123322477391977	0.01243146214554744	-0.030365958963360574	0.03451547120677918	-0.02647435783609771	0.032878761580433256	-0.014267120338514752	0.07553187993589322	-0.03569097747948406	0.03963210672960954	-0.02406297236765742	0.02574741025138896	-0.032006420510927204	0.03053139118148334	-0.07466389131472231	0.045295900240485715	-0.0621340439530008	0.05226696152074895	-0.12942225156976078	0.07127878178643501	-0.0563324763201826	0.05215248528408382	-0.05024826927987567	0.1632190977908179	-0.16260618231309198	0.10648802920528644	-0.09982731690855148	0.18262221040071674	-0.18292410373978665	0.14507085247633425	-0.13071343401069724	0.09356167451485098	-0.7534620845682176	0.31378791706171794	-0.28092607495775124	0.11635183970550542	-0.08628266830587786	0.9999999999999926	-0.38488593733733084	0.21893640367802897	-0.1307158185612569	0.08832185461945848
-0.02482739929944761	0.02066238194679204	-0.020297382176246413	0.021259333090466404	-0.010536715742490087	0.025870078522532734	-0.02942817375306522	0.022491729569159076	-0.028018540214328584	0.012072266968915092	-0.06462672514149362	0.03010744911918778	-0.03369278876367027	0.020354654158764966	-0.021886223922941244	0.02754825452867861	-0.02661519502835581	0.062050312431763094	-0.03850897337909827	0.05196473692188504	-0.05397188035169356	0.10702073273338947	-0.061951674926491625	0.05075976885018105	-0.04801936061493147	0.050837696888399175	-0.18815853870651503	0.15113724891218422	-0.10840246806651697	0.0960144133459224	-0.18213322274869195	0.18127428398449066	-0.15766779437342315	0.1284687720797733	-0.09667419845155062	0.24898989507144453	-0.4814949350188965	0.2946101773921488	-0.15431998856386198	0.09358102962670214	-0.38488593733733084	0.9999999999999926	-0.6558721582928223	0.1593130235788741	-0.10405865023002346
0.022912766920666936	-0.01913639423941532	0.018872787997782307	-0.01982989388809542	0.00984803043847361	-0.023890126054147823	0.02719083162209397	-0.02097746000136456	0.02610098586508129	-0.01129540612982744	0.05928005092859398	-0.02817406868637569	0.031465750405899565	-0.019541515919820576	0.02094500453791414	-0.025311229940663257	0.02440663552568171	-0.06002040901238245	0.03819671835595633	-0.05154330566145736	0.044785288102685596	-0.09960894717944488	0.059697012605876926	-0.056344571419233276	0.05280718439508388	-0.04252932663579702	0.1507198933925249	-0.1990601417367131	0.1322829798645965	-0.11820066698526502	0.14685852224867646	-0.15534655726704327	0.1969095991579599	-0.17056638786617884	0.11455466078025342	-0.18351284872839962	0.2710294917606511	-0.5381387170903978	0.20597147936133578	-0.11808474327970989	0.21893640367802897	-0.6558721582928223	0.9999999999999931	-0.27013122784972804	0.12293404566231458
