1.0	-0.8533051820801244	0.0727368920772207	-0.0669837415301582	0.05131471637587984	-0.38741180946755127	0.24801821556596806	-0.137221178695869	0.09131576335120568	-0.05138029542604744	0.18254607737025375	-0.1935562329173243	0.10736652604809584	-0.07591153238871501	0.0841512628171155	-0.0888522717636212	0.08258109106894515	-0.08089776965033756	0.07816678321244198	-0.05909280771840159	0.08505358453659456	-0.07553358377224734	0.06992671318256222	-0.06139261783399114	0.046888209375957245	-0.05290149076323411	0.038885365074666264	-0.04595136126220061	0.056903187931816146	-0.05838554355225939	0.025506084597722196	-0.030944468005164302	0.031345305977024104	-0.008761814930540976	0.0094852694534776	-0.028826534857159712	0.020748055322410374	-0.024533525302124957	0.007700446967592623	-0.008795767315693282
-0.8533051820801244	0.9999999999999999	-0.08987480048508617	0.07448293554431952	-0.05861653193070371	0.2626090122926343	-0.35540945753382003	0.14603343202813768	-0.10537753541801015	0.05678747248246929	-0.19455072823028607	0.18695742278432986	-0.12146533818577097	0.08429643563097694	-0.09545511398073671	0.0914588782364131	-0.0900219489105088	0.08772250956503534	-0.08748776132360103	0.06498460831963854	-0.09295363935097706	0.0799812095993842	-0.07726923260175698	0.06681117729290247	-0.05166236105511514	0.05607917636097816	-0.041881619433696726	0.049363089275326844	-0.06232624981570206	0.06300493732568907	-0.027281180548495303	0.033118316121586625	-0.03377806285864161	0.009449314030891708	-0.010240379351902253	0.030688727045558625	-0.022244044550672692	0.02620625292353662	-0.008290423101152309	0.009456704928905078
0.0727368920772207	-0.08987480048508617	0.9999999999999997	-0.9309856822492988	0.1819757566724472	-0.07137723948490848	0.07424115457905965	-0.12443819372555837	0.15076188086032802	-0.20812279354144866	0.055163947308196945	-0.0667179870869737	0.089407705970125	-0.12118079545522946	0.08950502766497265	-0.042081627860939254	0.05183934188171833	-0.06843658553137291	0.06916503393818618	-0.06627298935441366	0.040131809824037704	-0.05042080737736966	0.055220514273124896	-0.054889442599954	0.04891798485611689	-0.048306204217062415	0.033430474479076246	-0.04258453401715799	0.04970694354740242	-0.06782770514263778	0.023135683960337695	-0.02829610188573408	0.028086825633502052	-0.008813243814820963	0.009609160454821629	-0.02709551372520851	0.018946693390597992	-0.022956136700545974	0.0075877278423760654	-0.008892154607099276
-0.0669837415301582	0.07448293554431952	-0.9309856822492988	0.9999999999999998	-0.22773074781467773	0.062167276250994066	-0.06658209956240542	0.10655277652100913	-0.1702333985154511	0.18029823854856258	-0.04925124362200732	0.05858947759485036	-0.08224542813716093	0.11091914297908143	-0.08335235726984723	0.03708060272759076	-0.046350290057863806	0.06086594126261987	-0.06270728011021291	0.05885666090373442	-0.035692298163636074	0.044524034287504746	-0.04949271238275516	0.048619228589138586	-0.04347564308960464	0.04180843422140892	-0.02920493102005627	0.03716094793604108	-0.04394812170240066	0.05898412283563733	-0.020106696891907937	0.024613054244194917	-0.024531755917996494	0.007678570946285727	-0.008375519861118428	0.023478317079231523	-0.01648476477692917	0.019930254302145706	-0.00660641682969319	0.007731131685444819
0.05131471637587984	-0.05861653193070371	0.1819757566724472	-0.22773074781467773	0.9999999999999998	-0.07289736258046521	0.07188206811222837	-0.12909050281601636	0.1654294775512426	-0.9183363950614265	0.05758137406366469	-0.0713315203485672	0.09902715168337985	-0.1332056599675727	0.12314567392727406	-0.04912618863095647	0.0616259547247874	-0.08233259838329562	0.08609396809763738	-0.08880923056855373	0.046486251665617526	-0.06112943491811188	0.06766687256563544	-0.06910491256749375	0.06589792009609513	-0.06419180671608563	0.043846793576388605	-0.05595154563480405	0.06464065478395407	-0.09277315799427659	0.030678978431798863	-0.03744888748595639	0.037025466857313054	-0.011865116267510486	0.012959137469830788	-0.03612650742096008	0.025141803107760645	-0.030545667411959937	0.010197149822663695	-0.012003371638988479
-0.38741180946755127	0.2626090122926343	-0.07137723948490848	0.062167276250994066	-0.07289736258046521	1.0000000000000004	-0.5224027657010808	0.209182534565536	-0.15382712526304013	0.0685225116368647	-0.575924235575817	0.31557234975741333	-0.18960313348268965	0.12360965182355481	-0.14604252251277214	0.18133468405871297	-0.1559637907292464	0.13881385360137288	-0.13835215647334467	0.09872097305965165	-0.18789817887557783	0.13618597590122458	-0.1252219272362559	0.10528843029210237	-0.07885528893492025	0.08771217312060839	-0.06658569106658362	0.07669583711366242	-0.09809985061011404	0.09415602592449292	-0.04264354735228013	0.051608379654782835	-0.05287945648055956	0.01443622774241766	-0.015620097230557935	0.04739680298363574	-0.034632113153288464	0.04051907826532694	-0.012699558902402226	0.014406094689858432
0.24801821556596806	-0.35540945753382003	0.07424115457905965	-0.06658209956240542	0.07188206811222837	-0.5224027657010808	1.0000000000000009	-0.37615164188037326	0.1619479041340493	-0.07031781240091921	0.2965090448299732	-0.5559600571011862	0.21843852842310568	-0.13734134973485798	0.14001440858764566	-0.14447573359365948	0.14565826392608466	-0.14842580244562525	0.13427994902443796	-0.09930487455585527	0.13518226237077707	-0.13115777273248813	0.12101535578984161	-0.10504265968451973	0.07728350831918561	-0.08521661239659574	0.06279681885125521	-0.0753385561194059	0.09319461187580198	-0.09575791737413619	0.04109528913520704	-0.050104811822050704	0.050740029085617366	-0.01419163997197509	0.015353631644800027	-0.04650417933816127	0.03344129669745337	-0.03963765487054252	0.012437042325835075	-0.014205963838285717
-0.137221178695869	0.14603343202813768	-0.12443819372555837	0.10655277652100913	-0.12909050281601636	0.209182534565536	-0.37615164188037326	1.0000000000000007	-0.40761422371970474	0.12109518986890411	-0.18715777934952446	0.23487200574786982	-0.6294887762612743	0.2784621084313862	-0.25494000989961724	0.12825065903880103	-0.18887602586451768	0.24679947767126426	-0.23781280055619983	0.16716797227102564	-0.12871053943935482	0.15981570190159222	-0.20066197497174462	0.16569236671502285	-0.12663716517341558	0.11615350578515556	-0.0871332521258788	0.11024190828543189	-0.14141914104866538	0.15089892599275356	-0.05734447557666126	0.07082503419372922	-0.07260516392930079	0.02118690459346535	-0.02302363718652895	0.06537584007318159	-0.04724140831192265	0.05625072920199575	-0.01831554468767965	0.021026383373518615
0.09131576335120568	-0.10537753541801015	0.15076188086032802	-0.1702333985154511	0.1654294775512426	-0.15382712526304013	0.1619479041340493	-0.40761422371970474	1.0	-0.20482622332699013	0.12244505302399517	-0.16321852118548263	0.2800890452480136	-0.7220432657165043	0.253625547030694	-0.1027638364429103	0.13565781295715423	-0.20030727019956857	0.19580597997859628	-0.1938419976636147	0.0967076514250177	-0.13300576874240125	0.14941029717767898	-0.15271375283216332	0.13106259712881352	-0.12117742763284323	0.08397482538116133	-0.10999160234498834	0.12774640550567307	-0.1827171534477822	0.058045011860429284	-0.07152679252203722	0.07093892493860472	-0.022677879771322396	0.024742209916339544	-0.06812765932057109	0.04756337994412223	-0.057877086413543825	0.019349867665884545	-0.022751093448348275
-0.05138029542604744	0.05678747248246929	-0.20812279354144866	0.18029823854856258	-0.9183363950614265	0.0685225116368647	-0.07031781240091921	0.12109518986890411	-0.20482622332699013	0.9999999999999997	-0.05586169138110392	0.0678492245387889	-0.10059315516450451	0.13314548873347382	-0.13771737131845121	0.046748266253934176	-0.06027077056929166	0.07968613312508228	-0.08672578952101781	0.08673986985265851	-0.04492568984417557	0.058452702283971036	-0.06650865046744442	0.0665385827851353	-0.06481345976603285	0.05896881844993669	-0.04113783325146944	0.05232039833986031	-0.06233788737137475	0.08634111547655494	-0.028458573450503802	0.034798614006923904	-0.034739444177213405	0.01108607561380681	-0.012124481027281366	0.0332878410528763	-0.02338986437641033	0.028271326513095933	-0.009513152092875376	0.011163486126517661
0.18254607737025375	-0.19455072823028607	0.055163947308196945	-0.04925124362200732	0.05758137406366469	-0.575924235575817	0.2965090448299732	-0.18715777934952446	0.12244505302399517	-0.05586169138110392	0.9999999999999984	-0.6172004884125887	0.16593599965199735	-0.1077277803054458	0.12109663705148534	-0.3175569034060481	0.16367403599436556	-0.13538634921461792	0.12151750519566563	-0.08753636923148607	0.21086486759268772	-0.153772364507272	0.11640075569973236	-0.0993164951253417	0.0691879305202513	-0.08638184543802932	0.06366105149685052	-0.07251757819673071	0.08917605695938863	-0.08526794735146778	0.04075233310171152	-0.04920521295643033	0.04967666911698537	-0.013226412553109882	0.014247050354832242	-0.04533174341799078	0.03273265089555037	-0.03844497162203509	0.011695982630799674	-0.013246862536974314
-0.1935562329173243	0.18695742278432986	-0.0667179870869737	0.05858947759485036	-0.0713315203485672	0.31557234975741333	-0.5559600571011862	0.23487200574786982	-0.16321852118548263	0.0678492245387889	-0.6172004884125887	0.9999999999999987	-0.2589853111104261	0.1388830325994447	-0.15154723267056983	0.1930394673795762	-0.20802909108341228	0.16503450911754708	-0.15054350068275874	0.10536662673776448	-0.1955328403687175	0.16171829181841613	-0.14001516110030054	0.11602278662797992	-0.0827024469501702	0.09245216255758897	-0.06990475251907761	0.0815804556488429	-0.1031338828545806	0.09947658862183971	-0.04470965768884078	0.05437039618765761	-0.055462307340951526	0.015098070560189004	-0.016309211316575756	0.04984934991574519	-0.036250791125004296	0.04259076691780657	-0.013260509368886352	0.015048538379978257
0.10736652604809584	-0.12146533818577097	0.089407705970125	-0.08224542813716093	0.09902715168337985	-0.18960313348268965	0.21843852842310568	-0.6294887762612743	0.2800890452480136	-0.10059315516450451	0.16593599965199735	-0.2589853111104261	0.9999999999999986	-0.4046504742278385	0.22580488343227334	-0.12965874385782772	0.1938219967060797	-0.4266535043746275	0.23155674169038115	-0.17376263486028193	0.12287242291860637	-0.17702492123946736	0.20454066841552718	-0.18167423313184167	0.12277497659544594	-0.12015978900688985	0.08717116662700558	-0.11425351653193933	0.1376398284943908	-0.1568211938602081	0.0581907289494792	-0.07232759096736965	0.07280255106140882	-0.021333328298741686	0.02309901878247335	-0.06718374911834937	0.04768018809556469	-0.05751011770630671	0.01839826887585576	-0.02122343915817676
-0.07591153238871501	0.08429643563097694	-0.12118079545522946	0.11091914297908143	-0.1332056599675727	0.12360965182355481	-0.13734134973485798	0.2784621084313862	-0.7220432657165043	0.13314548873347382	-0.1077277803054458	0.1388830325994447	-0.4046504742278385	0.9999999999999989	-0.3835969743573195	0.09111393541621961	-0.1322752740910234	0.19918702810298505	-0.2291588538007054	0.1948968542052158	-0.08784141252977498	0.12291183602529733	-0.15080709362874595	0.14726287649973832	-0.12941971075908765	0.10454878274497782	-0.07448765477733109	0.0982140589371728	-0.11940737674283958	0.16368088417297438	-0.05067210303610787	0.06278006198684956	-0.0630638816224719	0.020151620196041956	-0.022025676239676353	0.059016647453949155	-0.04167354738298805	0.05046878422338742	-0.017104626990815004	0.020045830418571997
0.0841512628171155	-0.09545511398073671	0.08950502766497265	-0.08335235726984723	0.12314567392727406	-0.14604252251277214	0.14001440858764566	-0.25494000989961724	0.253625547030694	-0.13771737131845121	0.12109663705148534	-0.15154723267056983	0.22580488343227334	-0.3835969743573195	0.9999999999999989	-0.12175048339139055	0.1604566866480921	-0.24087848138098603	0.27917984498046583	-0.5886742728260168	0.11372445020194051	-0.1668117506595096	0.1908483870579131	-0.21995363771132687	0.27053968088244446	-0.18254826255907755	0.1235220225471134	-0.16689623217534563	0.19044474262251293	-0.388934434146431	0.08713759254792271	-0.10772630571883574	0.10601276690499764	-0.039756848760562916	0.04396568411375196	-0.1034280969951078	0.07160713413117964	-0.08794557408645134	0.03271241190711134	-0.03953887496482241
-0.0888522717636212	0.0914588782364131	-0.042081627860939254	0.03708060272759076	-0.04912618863095647	0.18133468405871297	-0.14447573359365948	0.12825065903880103	-0.1027638364429103	0.046748266253934176	-0.3175569034060481	0.1930394673795762	-0.12965874385782772	0.09111393541621961	-0.12175048339139055	0.9999999999999999	-0.288455952540488	0.15085142401794693	-0.1377703507565429	0.08904221775478809	-0.8215065145188836	0.24694246422450633	-0.15060921707311545	0.11559457112717063	-0.07198555447825605	0.10930505086794735	-0.08441050628398926	0.08406052584921357	-0.1060015196883731	0.08499155669970218	-0.050348116740551126	0.0590787889461843	-0.06011823149752092	0.014451694950245297	-0.01543553623181264	0.052704126536000664	-0.03910751657410083	0.04454185727596094	-0.01293724952513551	0.01436129524389299
0.08258109106894515	-0.0900219489105088	0.05183934188171833	-0.046350290057863806	0.0616259547247874	-0.1559637907292464	0.14565826392608466	-0.18887602586451768	0.13565781295715423	-0.06027077056929166	0.16367403599436556	-0.20802909108341228	0.1938219967060797	-0.1322752740910234	0.1604566866480921	-0.288455952540488	0.9999999999999988	-0.4206793537233711	0.21351035199585747	-0.1335777506157564	0.24135806123079231	-0.7257991434961828	0.2554142198902605	-0.2039884091810975	0.1017496553631001	-0.13567450667882675	0.10474014017729193	-0.12300374857425056	0.14454927246387472	-0.12421355822437709	0.06367130398594803	-0.08009850721526938	0.079078221301053	-0.01989636926827521	0.021190860838703737	-0.07144497954563449	0.050993962592080964	-0.06080008087999798	0.017601925452818443	-0.01975360064131326
-0.08089776965033756	0.08772250956503534	-0.06843658553137291	0.06086594126261987	-0.08233259838329562	0.13881385360137288	-0.14842580244562525	0.24679947767126426	-0.20030727019956857	0.07968613312508228	-0.13538634921461792	0.16503450911754708	-0.4266535043746275	0.19918702810298505	-0.24087848138098603	0.15085142401794693	-0.4206793537233711	0.9999999999999974	-0.465670630031282	0.19837735191758035	-0.15097002094544282	0.2657020651907721	-0.47509180363613246	0.27686467344297566	-0.1453429858961331	0.13731912725542814	-0.10591133023550395	0.14292474053907758	-0.18485804565374991	0.16294934655542553	-0.06781244697421443	0.08579213583461293	-0.08854120286411765	0.024021578213288566	-0.02579784889483134	0.0772068661837143	-0.05578818324988551	0.06692293570655516	-0.020773097173427107	0.02351361779586207
0.07816678321244198	-0.08748776132360103	0.06916503393818618	-0.06270728011021291	0.08609396809763738	-0.13835215647334467	0.13427994902443796	-0.23781280055619983	0.19580597997859628	-0.08672578952101781	0.12151750519566563	-0.15054350068275874	0.23155674169038115	-0.2291588538007054	0.27917984498046583	-0.1377703507565429	0.21351035199585747	-0.465670630031282	0.9999999999999983	-0.43881321891975006	0.12956655451673546	-0.22387606794901568	0.295124651872696	-0.493652595139788	0.2122183746866395	-0.17448296521898474	0.12491098226374477	-0.18273238892693233	0.2214934571308724	-0.25119748494988453	0.08454687431730525	-0.10747606865371155	0.10770002291248171	-0.03197376614928787	0.034489083859938055	-0.09895103410035955	0.06953680278744177	-0.08531001896257902	0.027153830730695286	-0.031322054163717195
-0.05909280771840159	0.06498460831963854	-0.06627298935441366	0.05885666090373442	-0.08880923056855373	0.09872097305965165	-0.09930487455585527	0.16716797227102564	-0.1938419976636147	0.08673986985265851	-0.08753636923148607	0.10536662673776448	-0.17376263486028193	0.1948968542052158	-0.5886742728260168	0.08904221775478809	-0.1335777506157564	0.19837735191758035	-0.43881321891975006	0.9999999999999967	-0.08681853577712603	0.12932850506472643	-0.1748540065220253	0.19839290995565848	-0.5147701933607313	0.12428815669138403	-0.0911054168455061	0.12408802754342353	-0.16582360013290084	0.30315650000371175	-0.06156278637322536	0.07701062523244533	-0.07886329641939688	0.03011304711606633	-0.03386363891208918	0.0714014432359862	-0.05120111719046935	0.061860352045032874	-0.024462468850210212	0.029218509458849243
0.08505358453659456	-0.09295363935097706	0.040131809824037704	-0.035692298163636074	0.046486251665617526	-0.18789817887557783	0.13518226237077707	-0.12871053943935482	0.0967076514250177	-0.04492568984417557	0.21086486759268772	-0.1955328403687175	0.12287242291860637	-0.08784141252977498	0.11372445020194051	-0.8215065145188836	0.24135806123079231	-0.15097002094544282	0.12956655451673546	-0.08681853577712603	0.9999999999999967	-0.37184787339469483	0.1491855804078699	-0.12012622581091828	0.06989540770633976	-0.12890455752352298	0.0899497657336096	-0.08839046008014755	0.1058272859871718	-0.085101137480697	0.05400298679434081	-0.06312087601250989	0.06270860669963364	-0.014703721766054226	0.01564057369340712	-0.05667351355694787	0.04115808018379494	-0.047153143760660925	0.013237466176496664	-0.014682484040928381
-0.07553358377224734	0.0799812095993842	-0.05042080737736966	0.044524034287504746	-0.06112943491811188	0.13618597590122458	-0.13115777273248813	0.15981570190159222	-0.13300576874240125	0.058452702283971036	-0.153772364507272	0.16171829181841613	-0.17702492123946736	0.12291183602529733	-0.1668117506595096	0.24694246422450633	-0.7257991434961828	0.2657020651907721	-0.22387606794901568	0.12932850506472643	-0.37184787339469483	0.9999999999999979	-0.3561383402450543	0.20348423672710544	-0.10258038630369179	0.13483215186622668	-0.11737333630370786	0.12389967586477921	-0.15535037828323484	0.11889124900206305	-0.06458450722926681	0.08160644355178127	-0.08192880139079482	0.019826065606976927	-0.021094192394549533	0.07049179119153795	-0.051533704258246306	0.06040963838899331	-0.01754134835678565	0.0195004499425404
0.06992671318256222	-0.07726923260175698	0.055220514273124896	-0.04949271238275516	0.06766687256563544	-0.1252219272362559	0.12101535578984161	-0.20066197497174462	0.14941029717767898	-0.06650865046744442	0.11640075569973236	-0.14001516110030054	0.20454066841552718	-0.15080709362874595	0.1908483870579131	-0.15060921707311545	0.2554142198902605	-0.47509180363613246	0.295124651872696	-0.1748540065220253	0.1491855804078699	-0.3561383402450543	0.9999999999999993	-0.6310944746964487	0.13397255652729867	-0.17099315371003035	0.1291949338337149	-0.2102911104493009	0.23277246912019248	-0.16407244705066557	0.08373974373326415	-0.10943760891367416	0.11183574232411601	-0.027310588882825407	0.028686928647766913	-0.09677577294340553	0.068850199771682	-0.08447029757413332	0.02386470706343828	-0.026555717847046245
-0.06139261783399114	0.06681117729290247	-0.054889442599954	0.048619228589138586	-0.06910491256749375	0.10528843029210237	-0.10504265968451973	0.16569236671502285	-0.15271375283216332	0.0665385827851353	-0.0993164951253417	0.11602278662797992	-0.18167423313184167	0.14726287649973832	-0.21995363771132687	0.11559457112717063	-0.2039884091810975	0.27686467344297566	-0.493652595139788	0.19839290995565848	-0.12012622581091828	0.20348423672710544	-0.6310944746964487	0.9999999999999986	-0.16353401551695992	0.16362041732320798	-0.12980598218401201	0.20574968927958218	-0.39025962459865116	0.1761344998255805	-0.08295463091567239	0.10855602879086679	-0.1158491552190877	0.029849631001325413	-0.031259276028803414	0.09488074376731556	-0.06911509617782072	0.08386023573826755	-0.025382718898461026	0.027886873482690075
0.046888209375957245	-0.05166236105511514	0.04891798485611689	-0.04347564308960464	0.06589792009609513	-0.07885528893492025	0.07728350831918561	-0.12663716517341558	0.13106259712881352	-0.06481345976603285	0.0691879305202513	-0.0827024469501702	0.12277497659544594	-0.12941971075908765	0.27053968088244446	-0.07198555447825605	0.1017496553631001	-0.1453429858961331	0.2122183746866395	-0.5147701933607313	0.06989540770633976	-0.10258038630369179	0.13397255652729867	-0.16353401551695992	0.9999999999999984	-0.11976692989928994	0.0863247799876514	-0.12251040571786218	0.16107650842314608	-0.7582057375410961	0.05946628886426946	-0.07478149708723125	0.07618604862264342	-0.04325463282819044	0.0498059337196795	-0.0695147232966005	0.04987001625776004	-0.060739788251796274	0.031677145036169585	-0.040242594517268006
-0.05290149076323411	0.05607917636097816	-0.048306204217062415	0.04180843422140892	-0.06419180671608563	0.08771217312060839	-0.08521661239659574	0.11615350578515556	-0.12117742763284323	0.05896881844993669	-0.08638184543802932	0.09245216255758897	-0.12015978900688985	0.10454878274497782	-0.18254826255907755	0.10930505086794735	-0.13567450667882675	0.13731912725542814	-0.17448296521898474	0.12428815669138403	-0.12890455752352298	0.13483215186622668	-0.17099315371003035	0.16362041732320798	-0.11976692989928994	0.9999999999999983	-0.681087528827194	0.27623624340849223	-0.34170408464855834	0.13791464768053227	-0.3520533523184602	0.2838595721573429	-0.28661001650956114	0.04269745876166711	-0.04407022952725813	0.23593341913796295	-0.1911730828630689	0.18276090089449126	-0.041041694508921776	0.04195535094411243
0.038885365074666264	-0.041881619433696726	0.033430474479076246	-0.02920493102005627	0.043846793576388605	-0.06658569106658362	0.06279681885125521	-0.0871332521258788	0.08397482538116133	-0.04113783325146944	0.06366105149685052	-0.06990475251907761	0.08717116662700558	-0.07448765477733109	0.1235220225471134	-0.08441050628398926	0.10474014017729193	-0.10591133023550395	0.12491098226374477	-0.0911054168455061	0.0899497657336096	-0.11737333630370786	0.1291949338337149	-0.12980598218401201	0.0863247799876514	-0.681087528827194	0.9999999999999971	-0.39797880173945444	0.2507285766136919	-0.10726656813980755	0.24146995014634598	-0.45994529641797616	0.2775923206432525	-0.036316889087108284	0.03631133123046176	-0.2338857633846877	0.16322943762223321	-0.18533904485991542	0.03534654898297687	-0.036325085153999806
-0.04595136126220061	0.049363089275326844	-0.04258453401715799	0.03716094793604108	-0.05595154563480405	0.07669583711366242	-0.0753385561194059	0.11024190828543189	-0.10999160234498834	0.05232039833986031	-0.07251757819673071	0.0815804556488429	-0.11425351653193933	0.0982140589371728	-0.16689623217534563	0.08406052584921357	-0.12300374857425056	0.14292474053907758	-0.18273238892693233	0.12408802754342353	-0.08839046008014755	0.12389967586477921	-0.2102911104493009	0.20574968927958218	-0.12251040571786218	0.27623624340849223	-0.39797880173945444	0.9999999999999974	-0.6379719229164316	0.1471979692508748	-0.1757382434809258	0.2629877986360021	-0.45125258164792126	0.046463576950949353	-0.046358910103166055	0.17752509311027745	-0.15455547751639026	0.17734147948979406	-0.0413613542651166	0.041578822415896645
0.056903187931816146	-0.06232624981570206	0.04970694354740242	-0.04394812170240066	0.06464065478395407	-0.09809985061011404	0.09319461187580198	-0.14141914104866538	0.12774640550567307	-0.06233788737137475	0.08917605695938863	-0.1031338828545806	0.1376398284943908	-0.11940737674283958	0.19044474262251293	-0.1060015196883731	0.14454927246387472	-0.18485804565374991	0.2214934571308724	-0.16582360013290084	0.1058272859871718	-0.15535037828323484	0.23277246912019248	-0.39025962459865116	0.16107650842314608	-0.34170408464855834	0.2507285766136919	-0.6379719229164316	0.9999999999999969	-0.24019608305166681	0.16956370522678268	-0.23792018394756773	0.24129078069462115	-0.05693598158382619	0.05528877194497517	-0.20165563930437483	0.14118340900460224	-0.18130531816401538	0.04740488940757716	-0.04997666119069166
-0.05838554355225939	0.06300493732568907	-0.06782770514263778	0.05898412283563733	-0.09277315799427659	0.09415602592449292	-0.09575791737413619	0.15089892599275356	-0.1827171534477822	0.08634111547655494	-0.08526794735146778	0.09947658862183971	-0.1568211938602081	0.16368088417297438	-0.388934434146431	0.08499155669970218	-0.12421355822437709	0.16294934655542553	-0.25119748494988453	0.30315650000371175	-0.085101137480697	0.11889124900206305	-0.16407244705066557	0.1761344998255805	-0.7582057375410961	0.13791464768053227	-0.10726656813980755	0.1471979692508748	-0.24019608305166681	0.9999999999999982	-0.0713085224282364	0.08963017453288105	-0.09547532684309001	0.057220260128663554	-0.07213752246666695	0.08135353801935533	-0.06068751288740845	0.0722965398393822	-0.04229131340397914	0.05235939694160543
0.025506084597722196	-0.027281180548495303	0.023135683960337695	-0.020106696891907937	0.030678978431798863	-0.04264354735228013	0.04109528913520704	-0.05734447557666126	0.058045011860429284	-0.028458573450503802	0.04075233310171152	-0.04470965768884078	0.0581907289494792	-0.05067210303610787	0.08713759254792271	-0.050348116740551126	0.06367130398594803	-0.06781244697421443	0.08454687431730525	-0.06156278637322536	0.05400298679434081	-0.06458450722926681	0.08373974373326415	-0.08295463091567239	0.05946628886426946	-0.3520533523184602	0.24146995014634598	-0.1757382434809258	0.16956370522678268	-0.0713085224282364	0.9999999999999971	-0.4172548049921839	0.24549523407851542	-0.03226332268470059	0.031565697550565944	-0.7360367437293847	0.23603242484567227	-0.2508197540597268	0.03498349799934509	-0.035125943683780525
-0.030944468005164302	0.033118316121586625	-0.02829610188573408	0.024613054244194917	-0.03744888748595639	0.051608379654782835	-0.050104811822050704	0.07082503419372922	-0.07152679252203722	0.034798614006923904	-0.04920521295643033	0.05437039618765761	-0.07232759096736965	0.06278006198684956	-0.10772630571883574	0.0590787889461843	-0.08009850721526938	0.08579213583461293	-0.10747606865371155	0.07701062523244533	-0.06312087601250989	0.08160644355178127	-0.10943760891367416	0.10855602879086679	-0.07478149708723125	0.2838595721573429	-0.45994529641797616	0.2629877986360021	-0.23792018394756773	0.08963017453288105	-0.4172548049921839	0.9999999999999982	-0.6333979233788225	0.04089587843437901	-0.039979501859953005	0.2595831418764272	-0.2347719689774973	0.22560757725986416	-0.03949615100913255	0.03853854332576094
0.031345305977024104	-0.03377806285864161	0.028086825633502052	-0.024531755917996494	0.037025466857313054	-0.05287945648055956	0.050740029085617366	-0.07260516392930079	0.07093892493860472	-0.034739444177213405	0.04967666911698537	-0.055462307340951526	0.07280255106140882	-0.0630638816224719	0.10601276690499764	-0.06011823149752092	0.079078221301053	-0.08854120286411765	0.10770002291248171	-0.07886329641939688	0.06270860669963364	-0.08192880139079482	0.11183574232411601	-0.1158491552190877	0.07618604862264342	-0.28661001650956114	0.2775923206432525	-0.45125258164792126	0.24129078069462115	-0.09547532684309001	0.24549523407851542	-0.6333979233788225	0.9999999999999969	-0.053186127129776155	0.048596526739332076	-0.2760703137893509	0.23564112859421166	-0.37588587427017556	0.04959144376122442	-0.04810569193983828
-0.008761814930540976	0.009449314030891708	-0.008813243814820963	0.007678570946285727	-0.011865116267510486	0.01443622774241766	-0.01419163997197509	0.02118690459346535	-0.022677879771322396	0.01108607561380681	-0.013226412553109882	0.015098070560189004	-0.021333328298741686	0.020151620196041956	-0.039756848760562916	0.014451694950245297	-0.01989636926827521	0.024021578213288566	-0.03197376614928787	0.03011304711606633	-0.014703721766054226	0.019826065606976927	-0.027310588882825407	0.029849631001325413	-0.04325463282819044	0.04269745876166711	-0.036316889087108284	0.046463576950949353	-0.05693598158382619	0.057220260128663554	-0.03226332268470059	0.04089587843437901	-0.053186127129776155	0.9999999999999969	-0.7932696967073065	0.03564940829827614	-0.042887827566942455	0.05208504718520102	-0.5126183079047225	0.31288308848503876
0.0094852694534776	-0.010240379351902253	0.009609160454821629	-0.008375519861118428	0.012959137469830788	-0.015620097230557935	0.015353631644800027	-0.02302363718652895	0.024742209916339544	-0.012124481027281366	0.014247050354832242	-0.016309211316575756	0.02309901878247335	-0.022025676239676353	0.04396568411375196	-0.01543553623181264	0.021190860838703737	-0.02579784889483134	0.034489083859938055	-0.03386363891208918	0.01564057369340712	-0.021094192394549533	0.028686928647766913	-0.031259276028803414	0.0498059337196795	-0.04407022952725813	0.03631133123046176	-0.046358910103166055	0.05528877194497517	-0.07213752246666695	0.031565697550565944	-0.039979501859953005	0.048596526739332076	-0.7932696967073065	0.9999999999999977	-0.03547943267341898	0.0392751192278425	-0.04838180827885982	0.31201866616646184	-0.5114840563612495
-0.028826534857159712	0.030688727045558625	-0.02709551372520851	0.023478317079231523	-0.03612650742096008	0.04739680298363574	-0.04650417933816127	0.06537584007318159	-0.06812765932057109	0.0332878410528763	-0.04533174341799078	0.04984934991574519	-0.06718374911834937	0.059016647453949155	-0.1034280969951078	0.052704126536000664	-0.07144497954563449	0.0772068661837143	-0.09895103410035955	0.0714014432359862	-0.05667351355694787	0.07049179119153795	-0.09677577294340553	0.09488074376731556	-0.0695147232966005	0.23593341913796295	-0.2338857633846877	0.17752509311027745	-0.20165563930437483	0.08135353801935533	-0.7360367437293847	0.2595831418764272	-0.2760703137893509	0.03564940829827614	-0.03547943267341898	0.9999999999999984	-0.4227648057452641	0.2566029977217705	-0.03855155578681143	0.038002172139875626
0.020748055322410374	-0.022244044550672692	0.018946693390597992	-0.01648476477692917	0.025141803107760645	-0.034632113153288464	0.03344129669745337	-0.04724140831192265	0.04756337994412223	-0.02338986437641033	0.03273265089555037	-0.036250791125004296	0.04768018809556469	-0.04167354738298805	0.07160713413117964	-0.03910751657410083	0.050993962592080964	-0.05578818324988551	0.06953680278744177	-0.05120111719046935	0.04115808018379494	-0.051533704258246306	0.068850199771682	-0.06911509617782072	0.04987001625776004	-0.1911730828630689	0.16322943762223321	-0.15455547751639026	0.14118340900460224	-0.06068751288740845	0.23603242484567227	-0.2347719689774973	0.23564112859421166	-0.042887827566942455	0.0392751192278425	-0.4227648057452641	0.9999999999999983	-0.7996529044584705	0.056126477907990455	-0.054602529962032936
-0.024533525302124957	0.02620625292353662	-0.022956136700545974	0.019930254302145706	-0.030545667411959937	0.04051907826532694	-0.03963765487054252	0.05625072920199575	-0.057877086413543825	0.028271326513095933	-0.03844497162203509	0.04259076691780657	-0.05751011770630671	0.05046878422338742	-0.08794557408645134	0.04454185727596094	-0.06080008087999798	0.06692293570655516	-0.08531001896257902	0.061860352045032874	-0.047153143760660925	0.06040963838899331	-0.08447029757413332	0.08386023573826755	-0.060739788251796274	0.18276090089449126	-0.18533904485991542	0.17734147948979406	-0.18130531816401538	0.0722965398393822	-0.2508197540597268	0.22560757725986416	-0.37588587427017556	0.05208504718520102	-0.04838180827885982	0.2566029977217705	-0.7996529044584705	0.9999999999999989	-0.07310682248555031	0.06388884156360897
0.007700446967592623	-0.008290423101152309	0.0075877278423760654	-0.00660641682969319	0.010197149822663695	-0.012699558902402226	0.012437042325835075	-0.01831554468767965	0.019349867665884545	-0.009513152092875376	0.011695982630799674	-0.013260509368886352	0.01839826887585576	-0.017104626990815004	0.03271241190711134	-0.01293724952513551	0.017601925452818443	-0.020773097173427107	0.027153830730695286	-0.024462468850210212	0.013237466176496664	-0.01754134835678565	0.02386470706343828	-0.025382718898461026	0.031677145036169585	-0.041041694508921776	0.03534654898297687	-0.0413613542651166	0.04740488940757716	-0.04229131340397914	0.03498349799934509	-0.03949615100913255	0.04959144376122442	-0.5126183079047225	0.31201866616646184	-0.03855155578681143	0.056126477907990455	-0.07310682248555031	0.999999999999999	-0.7937311804438473
-0.008795767315693282	0.009456704928905078	-0.008892154607099276	0.007731131685444819	-0.012003371638988479	0.014406094689858432	-0.014205963838285717	0.021026383373518615	-0.022751093448348275	0.011163486126517661	-0.013246862536974314	0.015048538379978257	-0.02122343915817676	0.020045830418571997	-0.03953887496482241	0.01436129524389299	-0.01975360064131326	0.02351361779586207	-0.031322054163717195	0.029218509458849243	-0.014682484040928381	0.0195004499425404	-0.026555717847046245	0.027886873482690075	-0.040242594517268006	0.04195535094411243	-0.036325085153999806	0.041578822415896645	-0.04997666119069166	0.05235939694160543	-0.035125943683780525	0.03853854332576094	-0.04810569193983828	0.31288308848503876	-0.5114840563612495	0.038002172139875626	-0.054602529962032936	0.06388884156360897	-0.7937311804438473	0.9999999999999989
