1.0	-0.7307758392647415	0.17390064097390243	-0.05480108390024597	0.054779643268182146	-0.5369602912276273	0.30744967796396877	-0.119281587403877	0.0858134906835047	-0.08168741264706954	0.2185731059766267	-0.204097215667532	0.10843843987117097	-0.0914346760872414	0.06527156240767737	-0.12911824116687584	0.12085364352834513	-0.07466754038665133	0.04536369687324502	-0.046142271124261995	0.07971223737884024	-0.08947713886991403	0.07694807836679679	-0.036700758603160265	0.03895265562669938	-0.02033664048016976	0.029362530913119186	-0.04057515073327508	0.040512255859787454	-0.02988133475664768	0.021047487283497972	-0.026497025585574492	0.044162748705208414	-0.027941610761348087	0.024889163023037328
-0.7307758392647415	0.9999999999999999	-0.22838349629888308	0.05916196384315782	-0.059519880039085586	0.31492661300766484	-0.5045006759819413	0.12391506384461835	-0.09193357519760481	0.08294555469407884	-0.2423267444576481	0.20734999366287765	-0.11647468159640492	0.09349801717961224	-0.06782958119090556	0.12272944793324235	-0.13125647523798503	0.0774901123179691	-0.04692514687413291	0.047292061530690176	-0.08190666211751925	0.08886057630984347	-0.08157653841538023	0.0376266193378037	-0.040169284219997034	0.02063226867601197	-0.03019056105138458	0.04193390852509473	-0.04172327840312129	0.030595048003346826	-0.021489790797839053	0.027057659058884583	-0.0460801422848192	0.028488192118731603	-0.025516802697518576
0.17390064097390243	-0.22838349629888308	0.9999999999999999	-0.2148910567966955	0.1770121035500633	-0.1624315110164262	0.16177133992373158	-0.2958432126525628	0.19472916028907833	-0.19544902036796288	0.19901131748430068	-0.1741819136487041	0.1834231869841086	-0.17905909128588923	0.14527726037111227	-0.15188998040009571	0.13533972628607405	-0.1258804652965362	0.09956426645792671	-0.10305166888765299	0.09582054391756728	-0.10236974652756853	0.13492231013385794	-0.08129658516521045	0.08754400490214172	-0.029379431385276274	0.049712621508593194	-0.07431549977566926	0.09160354876211607	-0.06729154545427164	0.03061031496875724	-0.044681799630782115	0.08198358054528654	-0.061815672270632414	0.0550056052875974
-0.05480108390024597	0.05916196384315782	-0.2148910567966955	1.0	-0.9069234979117132	0.05596204303140875	-0.05931144218065377	0.16923366644669943	-0.23648271913409863	0.18120247359167538	-0.08156029891839002	0.07248938312891379	-0.1171911253753205	0.13598241719543505	-0.13752590233414694	0.05771899259856316	-0.057776192317343225	0.06879336181119687	-0.07622954583813207	0.07702143374767846	-0.03865906730644214	0.041821936176302706	-0.07581508014131955	0.05621615038806824	-0.06393841464961977	0.012354882117985218	-0.024231419731882406	0.038555400365400644	-0.061163811918023454	0.0439573205322347	-0.012937442204673508	0.021514909172414304	-0.043180111542099005	0.03565072982963371	-0.03282485737549534
0.054779643268182146	-0.059519880039085586	0.1770121035500633	-0.9069234979117132	0.9999999999999999	-0.057423928721166535	0.05993486226447442	-0.17995544232867516	0.19011514037888533	-0.23423635202734536	0.0826182832477196	-0.0745930545588641	0.11613281437889918	-0.14272547877400413	0.13925810419189547	-0.060277586013977376	0.05905439006250469	-0.07023646691072558	0.07667279011188327	-0.08063744619067702	0.03983948285802268	-0.04324353219025744	0.07557417233594077	-0.05767555160830059	0.06445677254498361	-0.012712328205775452	0.02458294168030289	-0.03914024408642252	0.0614806398936353	-0.044926975850018515	0.013287558173814037	-0.021921319296510935	0.043441639388746914	-0.03664404789361255	0.033408089745231975
-0.5369602912276273	0.31492661300766484	-0.1624315110164262	0.05596204303140875	-0.057423928721166535	1.0000000000000007	-0.6205969817142176	0.13244329989053236	-0.0989915075399222	0.08858480284017206	-0.4147193332835469	0.26336522960982156	-0.13379839496202786	0.10441939919071619	-0.07345222002899802	0.15379198723121065	-0.16163891534843308	0.08916285456567122	-0.05097889973934529	0.05121768633611306	-0.10138948640815164	0.109577433536272	-0.0930567979315928	0.04081751111358026	-0.04339876399610561	0.024661299134821013	-0.03482314249295315	0.047497619522488634	-0.04502529685669932	0.033064284565756136	-0.025680493298300265	0.031235866886078587	-0.05203680259472876	0.03096226635908489	-0.027726960417540747
0.30744967796396877	-0.5045006759819413	0.16177133992373158	-0.05931144218065377	0.05993486226447442	-0.6205969817142176	1.000000000000002	-0.1629298132074734	0.10942047402860304	-0.09571878209069687	0.28271293443757445	-0.4286413271535003	0.14859129921686903	-0.11754041173460732	0.07828768478207287	-0.1583743153998659	0.1688789266363629	-0.09675221721367358	0.053675948659319635	-0.05430389893972504	0.10093955878696644	-0.11930342932470664	0.09653812669591305	-0.042900182890183186	0.045300076974262804	-0.024796020551353947	0.03568231766545024	-0.04918784699938737	0.04658518109901643	-0.034410659051458944	0.025626354509624062	-0.03214932432458171	0.05326782044636324	-0.032046410467827115	0.028610413774101007
-0.119281587403877	0.12391506384461835	-0.2958432126525628	0.16923366644669943	-0.17995544232867516	0.13244329989053236	-0.1629298132074734	1.0000000000000016	-0.6745649904985715	0.2405651759188543	-0.20222636855859613	0.18302364754170686	-0.4233049288077146	0.3003376732463185	-0.21978007298865188	0.12845626754649137	-0.14261271143061158	0.18493938209481678	-0.13582035166179882	0.1320256834201581	-0.09009393143655542	0.09828008285873455	-0.2130510971920812	0.100905755217216	-0.11117581907722943	0.028417611644968137	-0.058949374762063585	0.09485590397635363	-0.1095808453893832	0.07872305393323412	-0.02987290241076799	0.05144651311981769	-0.10827365393531997	0.06780500851704137	-0.0624448053040544
0.0858134906835047	-0.09193357519760481	0.19472916028907833	-0.23648271913409863	0.19011514037888533	-0.0989915075399222	0.10942047402860304	-0.6745649904985715	1.0000000000000004	-0.35635993244681125	0.14370924425339784	-0.140619165356806	0.27400463837393024	-0.47578010837865364	0.23586238518244163	-0.10044473426584266	0.10550668141106281	-0.1446941814446551	0.13349018335786647	-0.13904868200865195	0.06793327393252836	-0.07544958645664233	0.14866731449565876	-0.09909932221570054	0.10545708262797435	-0.02150240794162292	0.04356122275361683	-0.07138318692802482	0.09883045295574537	-0.07345186408784546	0.022476329603784734	-0.03860448150097218	0.0787785194802497	-0.059888407625578816	0.05442229429612727
-0.08168741264706954	0.08294555469407884	-0.19544902036796288	0.18120247359167538	-0.23423635202734536	0.08858480284017206	-0.09571878209069687	0.2405651759188543	-0.35635993244681125	0.9999999999999999	-0.14685069231443715	0.12870251299101632	-0.2488434077070355	0.2830659038062814	-0.6952605282294135	0.0991890805093984	-0.10605447007427946	0.14030473279600542	-0.24320373336149828	0.24404331155669662	-0.06919116153819235	0.07490251321654816	-0.1613878465576668	0.1621292960924835	-0.2024040001591486	0.023118111202840512	-0.04963883082076251	0.08149114251610069	-0.17752976466877834	0.12433700771128213	-0.02430713727772195	0.0438391648612546	-0.09248239151058325	0.09071451702353384	-0.08650182348652191
0.2185731059766267	-0.2423267444576481	0.19901131748430068	-0.08156029891839002	0.0826182832477196	-0.4147193332835469	0.28271293443757445	-0.20222636855859613	0.14370924425339784	-0.14685069231443715	1.000000000000001	-0.5933230229878936	0.208284342519332	-0.17812325992185976	0.11576261630342201	-0.3833819004812009	0.26624486086373517	-0.14921351131256053	0.08071108015444112	-0.08286014984892884	0.1931580426157399	-0.22657538936049101	0.1447411951933195	-0.06574307136278054	0.06854687614076534	-0.04564127846057859	0.05960896576874456	-0.07802368901829437	0.07089276551237313	-0.05297858855923767	0.04668462123563173	-0.05453315402306489	0.08289535796913476	-0.050241821550920926	0.04435682405466132
-0.204097215667532	0.20734999366287765	-0.1741819136487041	0.07248938312891379	-0.0745930545588641	0.26336522960982156	-0.4286413271535003	0.18302364754170686	-0.140619165356806	0.12870251299101632	-0.5933230229878936	0.9999999999999991	-0.30274756987458673	0.17358179402538937	-0.11070035967201189	0.24161504046133545	-0.4228055500293254	0.15997709361417492	-0.07616097628101945	0.07595636651327323	-0.17719190782452385	0.20331368535426306	-0.1579540677724515	0.06021738122534735	-0.06322241458601911	0.039635585170021366	-0.05554189231391198	0.07535685024975597	-0.06483808338687833	0.04790209808974833	-0.04119847287721093	0.049646909708314965	-0.08158796644147413	0.04503935511184709	-0.04028959857176048
0.10843843987117097	-0.11647468159640492	0.1834231869841086	-0.1171911253753205	0.11613281437889918	-0.13379839496202786	0.14859129921686903	-0.4233049288077146	0.27400463837393024	-0.2488434077070355	0.208284342519332	-0.30274756987458673	0.9999999999999992	-0.5766686765834456	0.2118952322382996	-0.15130198786360077	0.17167516340573338	-0.4034590761684655	0.13693463584824866	-0.1410565030025409	0.10161647939903083	-0.12074051146696062	0.2528054018227601	-0.10574768582615686	0.10581898974102014	-0.030992385945931983	0.06337144067875145	-0.11156384175186279	0.10213634247003746	-0.07768794865143451	0.03215651142165572	-0.056541178467933585	0.1145800519525013	-0.0687840484156583	0.06105197628906878
-0.0914346760872414	0.09349801717961224	-0.17905909128588923	0.13598241719543505	-0.14272547877400413	0.10441939919071619	-0.11754041173460732	0.3003376732463185	-0.47578010837865364	0.2830659038062814	-0.17812325992185976	0.17358179402538937	-0.5766686765834456	1.0	-0.40454180692112984	0.11676307235852443	-0.13378355197557953	0.2022671529504157	-0.20656542051084842	0.1864296918776594	-0.08209036424173953	0.09132003940383965	-0.22000717778405138	0.13211919940379338	-0.13956255817703367	0.026200404111551827	-0.056502812637500774	0.09455910522617673	-0.12610007540102164	0.09318953841226821	-0.0274734259292769	0.04950827168714733	-0.10593460701304626	0.07447747921671125	-0.0683648549450724
0.06527156240767737	-0.06782958119090556	0.14527726037111227	-0.13752590233414694	0.13925810419189547	-0.07345222002899802	0.07828768478207287	-0.21978007298865188	0.23586238518244163	-0.6952605282294135	0.11576261630342201	-0.11070035967201189	0.2118952322382996	-0.40454180692112984	0.9999999999999989	-0.08390368265527251	0.0869448160637754	-0.1240494938063908	0.22689152638771426	-0.4076210733161666	0.05675044495448884	-0.06280839949476018	0.12765027476795476	-0.1645580569240834	0.1848976184315265	-0.01882489859682514	0.039731806565041515	-0.06710827883934199	0.14855675020321477	-0.11848042884779783	0.01966969374309412	-0.03561895154501389	0.07337821238925221	-0.082906252059838	0.07557799765469865
-0.12911824116687584	0.12272944793324235	-0.15188998040009571	0.05771899259856316	-0.060277586013977376	0.15379198723121065	-0.1583743153998659	0.12845626754649137	-0.10044473426584266	0.0991890805093984	-0.3833819004812009	0.24161504046133545	-0.15130198786360077	0.11676307235852443	-0.08390368265527251	1.0000000000000009	-0.4671836366167926	0.13859205602839242	-0.062056630592465495	0.06137098016302605	-0.6490633232160922	0.3155017948716813	-0.15269805256393745	0.050855701472418795	-0.053904462733506055	0.09147730912408177	-0.07596454261348215	0.08147705805306632	-0.05836119200255009	0.04255514063517463	-0.09946524650918179	0.06701790154288295	-0.09049181813192393	0.04297269391819671	-0.03863784155509514
0.12085364352834513	-0.13125647523798503	0.13533972628607405	-0.057776192317343225	0.05905439006250469	-0.16163891534843308	0.1688789266363629	-0.14261271143061158	0.10550668141106281	-0.10605447007427946	0.26624486086373517	-0.4228055500293254	0.17167516340573338	-0.13378355197557953	0.0869448160637754	-0.4671836366167926	1.0000000000000033	-0.19833679606079338	0.06351154949841106	-0.06368180483001316	0.2954380756371167	-0.6155689949153684	0.16366039377722708	-0.05198686785641666	0.05370615723425499	-0.06035059083492213	0.07516208737367615	-0.08486541056296984	0.056762949150936944	-0.0422509321839964	0.06041500021039728	-0.06901843373090083	0.08772380238333069	-0.0422991629634506	0.03742183837409349
-0.07466754038665133	0.0774901123179691	-0.1258804652965362	0.06879336181119687	-0.07023646691072558	0.08916285456567122	-0.09675221721367358	0.18493938209481678	-0.1446941814446551	0.14030473279600542	-0.14921351131256053	0.15997709361417492	-0.4034590761684655	0.2022671529504157	-0.1240494938063908	0.13859205602839242	-0.19833679606079338	0.9999999999999988	-0.1051389240978054	0.09534243908536622	-0.09966050150042681	0.1248802533465864	-0.7860274990614661	0.08229598528042359	-0.08024963727262582	0.03519025573799796	-0.09628875736173186	0.1864525975469901	-0.08512523512190326	0.06337649520999065	-0.03674364035590442	0.08205649365720089	-0.20172800084548487	0.06708884753656529	-0.06013388079390194
0.04536369687324502	-0.04692514687413291	0.09956426645792671	-0.07622954583813207	0.07667279011188327	-0.05097889973934529	0.053675948659319635	-0.13582035166179882	0.13349018335786647	-0.24320373336149828	0.08071108015444112	-0.07616097628101945	0.13693463584824866	-0.20656542051084842	0.22689152638771426	-0.062056630592465495	0.06351154949841106	-0.1051389240978054	1.0	-0.6265647312493301	0.04180678135871528	-0.04655999747949659	0.10335849190825609	-0.5927042922600837	0.29491483653256273	-0.014950354861431656	0.03405645428142121	-0.0617972588791121	0.23079836415299532	-0.19694626974830784	0.01558250721420756	-0.031238537825732028	0.06580655171671375	-0.12290901920508329	0.10699750354007025
-0.046142271124261995	0.047292061530690176	-0.10305166888765299	0.07702143374767846	-0.08063744619067702	0.05121768633611306	-0.05430389893972504	0.1320256834201581	-0.13904868200865195	0.24404331155669662	-0.08286014984892884	0.07595636651327323	-0.1410565030025409	0.1864296918776594	-0.4076210733161666	0.06137098016302605	-0.06368180483001316	0.09534243908536622	-0.6265647312493301	0.9999999999999971	-0.041915016148804926	0.04614128296356804	-0.10200150209932676	0.300100404501058	-0.47261054672459557	0.015029548403801687	-0.0344713743711478	0.061347066191935265	-0.2639685494113492	0.2044348543201389	-0.01571336473057305	0.03137688639988545	-0.06694244178509608	0.120442750207728	-0.11709493288487631
0.07971223737884024	-0.08190666211751925	0.09582054391756728	-0.03865906730644214	0.03983948285802268	-0.10138948640815164	0.10093955878696644	-0.09009393143655542	0.06793327393252836	-0.06919116153819235	0.1931580426157399	-0.17719190782452385	0.10161647939903083	-0.08209036424173953	0.05675044495448884	-0.6490633232160922	0.2954380756371167	-0.09966050150042681	0.04180678135871528	-0.041915016148804926	0.9999999999999954	-0.6394011245352101	0.10185018818817684	-0.03458792685698916	0.03619978797050072	-0.11223645975702291	0.06952985496144512	-0.061454118691250274	0.03904852793697098	-0.028885339624287562	0.10045423043663129	-0.06400126461338997	0.06420571578370443	-0.029696075395857318	0.02628384112600638
-0.08947713886991403	0.08886057630984347	-0.10236974652756853	0.041821936176302706	-0.04324353219025744	0.109577433536272	-0.11930342932470664	0.09828008285873455	-0.07544958645664233	0.07490251321654816	-0.22657538936049101	0.20331368535426306	-0.12074051146696062	0.09132003940383965	-0.06280839949476018	0.3155017948716813	-0.6155689949153684	0.1248802533465864	-0.04655999747949659	0.04614128296356804	-0.6394011245352101	0.9999999999999974	-0.13387412400601814	0.03825328226877718	-0.03997821185819477	0.07423702184188122	-0.08648231019403267	0.07204093422732866	-0.04312273795146158	0.031781135188528396	-0.07678654043315014	0.07303634011658332	-0.07619672802531796	0.03279078935802014	-0.029187369241268288
0.07694807836679679	-0.08157653841538023	0.13492231013385794	-0.07581508014131955	0.07557417233594077	-0.0930567979315928	0.09653812669591305	-0.2130510971920812	0.14866731449565876	-0.1613878465576668	0.1447411951933195	-0.1579540677724515	0.2528054018227601	-0.22000717778405138	0.12765027476795476	-0.15269805256393745	0.16366039377722708	-0.7860274990614661	0.10335849190825609	-0.10200150209932676	0.10185018818817684	-0.13387412400601814	0.9999999999999984	-0.09001498491201076	0.08465962745441884	-0.03830936317586405	0.10426443643439677	-0.3053457845387018	0.09038361265179852	-0.06915665534093812	0.03931699620012548	-0.0948882763986072	0.20866856188170524	-0.07525679157617428	0.06458208856353458
-0.036700758603160265	0.0376266193378037	-0.08129658516521045	0.05621615038806824	-0.05767555160830059	0.04081751111358026	-0.042900182890183186	0.100905755217216	-0.09909932221570054	0.1621292960924835	-0.06574307136278054	0.06021738122534735	-0.10574768582615686	0.13211919940379338	-0.1645580569240834	0.050855701472418795	-0.05198686785641666	0.08229598528042359	-0.5927042922600837	0.300100404501058	-0.03458792685698916	0.03825328226877718	-0.09001498491201076	0.9999999999999963	-0.5455790228270097	0.01322881138310135	-0.032232748483572375	0.06082239028339336	-0.4481802364498984	0.26349413277476924	-0.013802202810999427	0.029810716586567126	-0.0648070689107882	0.1486306694466163	-0.1408762168203207
0.03895265562669938	-0.040169284219997034	0.08754400490214172	-0.06393841464961977	0.06445677254498361	-0.04339876399610561	0.045300076974262804	-0.11117581907722943	0.10545708262797435	-0.2024040001591486	0.06854687614076534	-0.06322241458601911	0.10581898974102014	-0.13956255817703367	0.1848976184315265	-0.053904462733506055	0.05370615723425499	-0.08024963727262582	0.29491483653256273	-0.47261054672459557	0.03619978797050072	-0.03997821185819477	0.08465962745441884	-0.5455790228270097	0.9999999999999977	-0.013940511115201221	0.033536916996184385	-0.063728611544178	0.3112306912361836	-0.5066447558313112	0.014508343371490425	-0.03163706389197836	0.06762127802331362	-0.19818879233982067	0.17496041665269157
-0.02033664048016976	0.02063226867601197	-0.029379431385276274	0.012354882117985218	-0.012712328205775452	0.024661299134821013	-0.024796020551353947	0.028417611644968137	-0.02150240794162292	0.023118111202840512	-0.04564127846057859	0.039635585170021366	-0.030992385945931983	0.026200404111551827	-0.01882489859682514	0.09147730912408177	-0.06035059083492213	0.03519025573799796	-0.014950354861431656	0.015029548403801687	-0.11223645975702291	0.07423702184188122	-0.03830936317586405	0.01322881138310135	-0.013940511115201221	0.9999999999999973	-0.13735813847610287	0.05424626807125489	-0.016747069445383032	0.012502642641070554	-0.9708617211988448	0.11732714808182779	-0.05603046904283721	0.01614498382741708	-0.013951250140752493
0.029362530913119186	-0.03019056105138458	0.049712621508593194	-0.024231419731882406	0.02458294168030289	-0.03482314249295315	0.03568231766545024	-0.058949374762063585	0.04356122275361683	-0.04963883082076251	0.05960896576874456	-0.05554189231391198	0.06337144067875145	-0.056502812637500774	0.039731806565041515	-0.07596454261348215	0.07516208737367615	-0.09628875736173186	0.03405645428142121	-0.0344713743711478	0.06952985496144512	-0.08648231019403267	0.10426443643439677	-0.032232748483572375	0.033536916996184385	-0.13735813847610287	0.9999999999999991	-0.28735389776785086	0.04392947114674039	-0.03337017787847699	0.12211379531955727	-0.8982023232077052	0.23333481824381755	-0.0504611130306752	0.04205827811958322
-0.04057515073327508	0.04193390852509473	-0.07431549977566926	0.038555400365400644	-0.03914024408642252	0.047497619522488634	-0.04918784699938737	0.09485590397635363	-0.07138318692802482	0.08149114251610069	-0.07802368901829437	0.07535685024975597	-0.11156384175186279	0.09455910522617673	-0.06710827883934199	0.08147705805306632	-0.08486541056296984	0.1864525975469901	-0.0617972588791121	0.061347066191935265	-0.061454118691250274	0.07204093422732866	-0.3053457845387018	0.06082239028339336	-0.063728611544178	0.05424626807125489	-0.28735389776785086	0.9999999999999967	-0.09276046459303362	0.06704282469285612	-0.05706031865721017	0.22237146268293306	-0.8356876742349215	0.10663589435731188	-0.09505736855889699
0.040512255859787454	-0.04172327840312129	0.09160354876211607	-0.061163811918023454	0.0614806398936353	-0.04502529685669932	0.04658518109901643	-0.1095808453893832	0.09883045295574537	-0.17752976466877834	0.07089276551237313	-0.06483808338687833	0.10213634247003746	-0.12610007540102164	0.14855675020321477	-0.05836119200255009	0.056762949150936944	-0.08512523512190326	0.23079836415299532	-0.2639685494113492	0.03904852793697098	-0.04312273795146158	0.09038361265179852	-0.4481802364498984	0.3112306912361836	-0.016747069445383032	0.04392947114674039	-0.09276046459303362	0.9999999999999969	-0.6642500695717609	0.017372661607919244	-0.04245558158685831	0.0926796741610103	-0.33732423850817417	0.24710590988145759
-0.02988133475664768	0.030595048003346826	-0.06729154545427164	0.0439573205322347	-0.044926975850018515	0.033064284565756136	-0.034410659051458944	0.07872305393323412	-0.07345186408784546	0.12433700771128213	-0.05297858855923767	0.04790209808974833	-0.07768794865143451	0.09318953841226821	-0.11848042884779783	0.04255514063517463	-0.0422509321839964	0.06337649520999065	-0.19694626974830784	0.2044348543201389	-0.028885339624287562	0.031781135188528396	-0.06915665534093812	0.26349413277476924	-0.5066447558313112	0.012502642641070554	-0.03337017787847699	0.06704282469285612	-0.6642500695717609	0.9999999999999979	-0.01301887699790008	0.031953736290985926	-0.07207199710766667	0.2625619161390132	-0.38329325241847756
0.021047487283497972	-0.021489790797839053	0.03061031496875724	-0.012937442204673508	0.013287558173814037	-0.025680493298300265	0.025626354509624062	-0.02987290241076799	0.022476329603784734	-0.02430713727772195	0.04668462123563173	-0.04119847287721093	0.03215651142165572	-0.0274734259292769	0.01966969374309412	-0.09946524650918179	0.06041500021039728	-0.03674364035590442	0.01558250721420756	-0.01571336473057305	0.10045423043663129	-0.07678654043315014	0.03931699620012548	-0.013802202810999427	0.014508343371490425	-0.9708617211988448	0.12211379531955727	-0.05706031865721017	0.017372661607919244	-0.01301887699790008	0.9999999999999978	-0.1328485439260426	0.05698702426177783	-0.016799774342147043	0.014408526309694697
-0.026497025585574492	0.027057659058884583	-0.044681799630782115	0.021514909172414304	-0.021921319296510935	0.031235866886078587	-0.03214932432458171	0.05144651311981769	-0.03860448150097218	0.0438391648612546	-0.05453315402306489	0.049646909708314965	-0.056541178467933585	0.04950827168714733	-0.03561895154501389	0.06701790154288295	-0.06901843373090083	0.08205649365720089	-0.031238537825732028	0.03137688639988545	-0.06400126461338997	0.07303634011658332	-0.0948882763986072	0.029810716586567126	-0.03163706389197836	0.11732714808182779	-0.8982023232077052	0.22237146268293306	-0.04245558158685831	0.031953736290985926	-0.1328485439260426	0.9999999999999971	-0.3154141232638167	0.051149539589267524	-0.044022317637048454
0.044162748705208414	-0.0460801422848192	0.08198358054528654	-0.043180111542099005	0.043441639388746914	-0.05203680259472876	0.05326782044636324	-0.10827365393531997	0.0787785194802497	-0.09248239151058325	0.08289535796913476	-0.08158796644147413	0.1145800519525013	-0.10593460701304626	0.07337821238925221	-0.09049181813192393	0.08772380238333069	-0.20172800084548487	0.06580655171671375	-0.06694244178509608	0.06420571578370443	-0.07619672802531796	0.20866856188170524	-0.0648070689107882	0.06762127802331362	-0.05603046904283721	0.23333481824381755	-0.8356876742349215	0.0926796741610103	-0.07207199710766667	0.05698702426177783	-0.3154141232638167	0.9999999999999971	-0.13814349403992943	0.1022028081026643
-0.027941610761348087	0.028488192118731603	-0.061815672270632414	0.03565072982963371	-0.03664404789361255	0.03096226635908489	-0.032046410467827115	0.06780500851704137	-0.059888407625578816	0.09071451702353384	-0.050241821550920926	0.04503935511184709	-0.0687840484156583	0.07447747921671125	-0.082906252059838	0.04297269391819671	-0.0422991629634506	0.06708884753656529	-0.12290901920508329	0.120442750207728	-0.029696075395857318	0.03279078935802014	-0.07525679157617428	0.1486306694466163	-0.19818879233982067	0.01614498382741708	-0.0504611130306752	0.10663589435731188	-0.33732423850817417	0.2625619161390132	-0.016799774342147043	0.051149539589267524	-0.13814349403992943	0.9999999999999972	-0.861419308372301
0.024889163023037328	-0.025516802697518576	0.0550056052875974	-0.03282485737549534	0.033408089745231975	-0.027726960417540747	0.028610413774101007	-0.0624448053040544	0.05442229429612727	-0.08650182348652191	0.04435682405466132	-0.04028959857176048	0.06105197628906878	-0.0683648549450724	0.07557799765469865	-0.03863784155509514	0.03742183837409349	-0.06013388079390194	0.10699750354007025	-0.11709493288487631	0.02628384112600638	-0.029187369241268288	0.06458208856353458	-0.1408762168203207	0.17496041665269157	-0.013951250140752493	0.04205827811958322	-0.09505736855889699	0.24710590988145759	-0.38329325241847756	0.014408526309694697	-0.044022317637048454	0.1022028081026643	-0.861419308372301	0.9999999999999973
