0.9999999999999999	-0.7262724972540462	0.07171785544341129	-0.027966671604382806	0.03055243519300985	-0.4603825407342422	0.3004795265527273	-0.07192253879084946	0.05452108374876011	-0.042954973929804297	0.26274235409463426	-0.23285678934208134	0.1862654735076422	-0.05457699201403571	0.045137898731764256	-0.22491242710999326	0.1643615494784458	-0.0681311969851041	0.06720876923980011	-0.07128575567444259	0.04260613622252684	-0.04001244816983316	0.06480587112081602	-0.04942048378366437	0.0451947785253677	-0.03659701657706598	0.039651340929695314	-0.04137768002488201	0.044236154987578186	-0.03963281127240459	0.04734013099803211	-0.04390723932771806	0.04728363849089534	-0.04095998576428238	0.030635709508670204	-0.02364975050929015	0.027216892310784065	-0.02919069063623121	0.031714514546717164	-0.039874639345777174	0.02128241959405701	-0.023196255188782718	0.024863329489176342	-0.017082593009395467	0.01645426385514702
-0.7262724972540462	0.9999999999999994	-0.07793472915912183	0.02506633050150018	-0.027355582250541723	0.2664151251497083	-0.5365780293967759	0.07527656956791967	-0.04754003196081798	0.03659457476672809	-0.25616483925650896	0.22272805957011874	-0.19437973190787974	0.04772897232890271	-0.03846611178351673	0.17578774235969555	-0.15265751260335786	0.05841672886435469	-0.05756257350585658	0.05909316408986248	-0.035486654261276715	0.033412338148871915	-0.054825476067085675	0.04108846655532089	-0.03755169057987173	0.030056537895246534	-0.03263786635530663	0.03401028751716327	-0.036400793832369854	0.032468860853743564	-0.03867096088703589	0.0357130970755039	-0.038630323787733525	0.033469882988665496	-0.025119570703544206	0.019252600419718255	-0.02215667302067285	0.023770429716931992	-0.025913791374739262	0.03251413017683786	-0.017328142180605202	0.018873857694602442	-0.02025292599262431	0.013925654746317326	-0.013423804956090671
0.07171785544341129	-0.07793472915912183	0.9999999999999993	-0.09304638242827151	0.08478032431566562	-0.07003920353774963	0.11032626041242802	-0.9498434027169839	0.07492610765692077	-0.05266589566033333	0.0803428943724005	-0.11167280938179228	0.16116275758242285	-0.06474715671916112	0.048096261019658734	-0.11998932464809951	0.09471149281837073	-0.054348331791410964	0.05997899905731078	-0.06412334141296278	0.03034377578486623	-0.028606130609893442	0.05042924843901121	-0.04079212823280185	0.03754869906289448	-0.026980023057795226	0.029390679970096423	-0.031495809585568565	0.03428300992019901	-0.031213376907161035	0.03481546704169004	-0.03258338105752402	0.03551015855066175	-0.031520942930272064	0.024013669269851344	-0.017532467695524433	0.020209685659927173	-0.02187270126789813	0.02434986308234775	-0.030754789744226567	0.015796232049344973	-0.017256010960443394	0.018587691964630476	-0.013080813302493333	0.01260864815852306
-0.027966671604382806	0.02506633050150018	-0.09304638242827151	0.9999999999999996	-0.9466389188377623	0.025668637516574777	-0.0377882099772363	0.08096361909443048	-0.21900340689130995	0.12175394675784741	-0.034532012654137495	0.040460444926043865	-0.06520312574361399	0.13004539196944598	-0.09863736409513603	0.060239754841229266	-0.05648662791069877	0.06723521053847627	-0.09245836321074222	0.09323304551639218	-0.02984161571666973	0.028324366500730783	-0.05991565299783135	0.05223011246304764	-0.04906790324062327	0.027362113443349285	-0.03031564094601979	0.03406784407691351	-0.03863690270943483	0.03566063291001381	-0.03469308031388861	0.03241409506753189	-0.0369279375977614	0.034227632613001956	-0.027356366938111613	0.017497059359480826	-0.020251245234255526	0.022330318782712775	-0.02638649802449354	0.03329019155821541	-0.015833273819803668	0.017310584266843836	-0.018943201849538627	0.013977691104242752	-0.013541753401903733
0.03055243519300985	-0.027355582250541723	0.08478032431566562	-0.9466389188377623	0.9999999999999998	-0.02812626730315273	0.04100042768895225	-0.0846148080522161	0.17794926938165176	-0.14070265736368998	0.03786010592374631	-0.044163978108038994	0.06988437441968436	-0.143390359939377	0.1035649122078496	-0.06818309382361351	0.06249169508033891	-0.07559712128326157	0.09651106877376416	-0.1087827069326742	0.03329675591507682	-0.03174633396536329	0.06593351305808075	-0.059734650124095526	0.05544297097189574	-0.03091492952609001	0.03414571544869024	-0.038648267818950276	0.043735774392635804	-0.04086316958428467	0.03904658159516219	-0.0369255716663486	0.041732349769186626	-0.03916189746050944	0.03114992702849077	-0.01986024502339611	0.02297180330973285	-0.02540064666819223	0.030066980736721316	-0.03821639890826738	0.017941846970615963	-0.019674691350913542	0.021484389719131438	-0.015989193055336803	0.015455643424173594
-0.4603825407342422	0.2664151251497083	-0.07003920353774963	0.025668637516574777	-0.02812626730315273	0.9999999999999998	-0.38288506901558184	0.068556242909597	-0.05027244785388681	0.0388917579212937	-0.7161337715825088	0.23814862243318094	-0.197693303409842	0.05051365157090934	-0.041034559243345814	0.20191879045973193	-0.16585974907702952	0.06296413513077993	-0.06182024614830314	0.06344536746085547	-0.03875526176404245	0.03638344830286304	-0.059364191629778656	0.044315135717483786	-0.0405104526951906	0.03264940178744325	-0.035453117785594575	0.036845174205643136	-0.039408749643660854	0.03506768642116045	-0.04203110837540503	0.03869909983089218	-0.04189542340629162	0.03619741755113239	-0.027151735318424977	0.02087872470845628	-0.024027797737404682	0.025753891722431633	-0.028039273992159525	0.035138930177129026	-0.01879565458012065	0.020458320016267982	-0.021956060214631257	0.01506130963679201	-0.014522244391584286
0.3004795265527273	-0.5365780293967759	0.11032626041242802	-0.0377882099772363	0.04100042768895225	-0.38288506901558184	0.9999999999999999	-0.12160105973540011	0.07172074818912531	-0.0562267008321543	0.2788687095140887	-0.5198071786823294	0.26702972235958006	-0.07267305554887055	0.058742250722162916	-0.2782180403612073	0.2196558785416475	-0.08973497169238473	0.087220231988824	-0.09201594460487324	0.054431153362910094	-0.05144768654132919	0.08354636191009664	-0.063642748422531	0.05808229808723274	-0.04667660444674075	0.05056764576500081	-0.05286802872877888	0.05650613074664351	-0.05067084898754938	0.06011465201726541	-0.05585308929185655	0.06014153051793283	-0.05226081910138199	0.03913427499172756	-0.030061725851699812	0.0345899536758211	-0.03713336140971896	0.04042958783503346	-0.050864550989316734	0.027041058008488297	-0.02948965593841161	0.03160709347908286	-0.02176959126655428	0.02096680525464143
-0.07192253879084946	0.07527656956791967	-0.9498434027169839	0.08096361909443048	-0.0846148080522161	0.068556242909597	-0.12160105973540011	1.0000000000000002	-0.07616706614016396	0.04978213199244578	-0.08037014429862499	0.11129983321895683	-0.19386419964246843	0.06234197288536655	-0.04592756507610432	0.10800326433746839	-0.09044528532328361	0.050889600411370355	-0.05715364036413415	0.05889101096085491	-0.027882323944346844	0.026304031522824144	-0.04695008389656136	0.03754805678007363	-0.03461029955186214	0.024591840746488857	-0.026835949257492265	0.028742967960376713	-0.03134351643439525	0.0284246702844605	-0.03164828409569108	0.02950381837118334	-0.032293743706715596	0.028646877050455308	-0.02189692439764746	0.015891261808281792	-0.018320906430918944	0.019831656670476875	-0.022139644460930315	0.027902582070420984	-0.014323057610450877	0.01563520847750477	-0.016862101707173702	0.011869163714761887	-0.011450092884981975
0.05452108374876011	-0.04754003196081798	0.07492610765692077	-0.21900340689130995	0.17794926938165176	-0.05027244785388681	0.07172074818912531	-0.07616706614016396	0.9999999999999999	-0.47686145285859366	0.06926286950402567	-0.08258145518239914	0.13181267269386834	-0.6660786747406521	0.285898268268237	-0.1326796451094359	0.12622441500393844	-0.19819058960513847	0.2636138242895157	-0.26948815547668253	0.07507137053487482	-0.07229403204109487	0.15811751680782496	-0.14465904499115192	0.133222511305301	-0.06941537994387464	0.07691026632930795	-0.0883106528734592	0.10057685315649635	-0.0939339830171743	0.08643385932635321	-0.08167419895247693	0.09338398573304034	-0.08873798446543775	0.07145286830667766	-0.04393471575392721	0.05084736794518398	-0.056512034017751726	0.06797013365592501	-0.08627891891165455	0.03970596529535112	-0.04355912261998603	0.04774786290705019	-0.035959044154593306	0.034807208520455435
-0.042954973929804297	0.03659457476672809	-0.05266589566033333	0.12175394675784741	-0.14070265736368998	0.0388917579212937	-0.0562267008321543	0.04978213199244578	-0.47686145285859366	1.0	-0.05459301758050859	0.06228617240630954	-0.10201558285508872	0.26747807926046996	-0.7621732434406532	0.09837071200465934	-0.101797890377102	0.14049710721219025	-0.21939756124144583	0.23490424388183498	-0.06662315244820043	0.06208195513943233	-0.14249377426549	0.118691106572176	-0.12865598330743053	0.05963264164082183	-0.06732566810332526	0.07498320045424145	-0.08816230282006333	0.07945039173636669	-0.07677582838881546	0.06832219428931499	-0.08233506340814531	0.07375225064094189	-0.0628055229699683	0.03755421036515953	-0.04372131735809666	0.048095543674034284	-0.05822142701726297	0.07102488399029575	-0.03435148906119672	0.037086380650118815	-0.04134481836252428	0.030113658581361988	-0.029593894134283143
0.26274235409463426	-0.25616483925650896	0.0803428943724005	-0.034532012654137495	0.03786010592374631	-0.7161337715825088	0.2788687095140887	-0.08037014429862499	0.06926286950402567	-0.05459301758050859	0.9999999999999999	-0.36216677363804156	0.2379239022199323	-0.0696665988081936	0.057558160660038174	-0.32970222041411706	0.21927124024758446	-0.08835360155587076	0.08641416043386765	-0.09097439720218813	0.05558802677285096	-0.05213008911559859	0.08379150965829578	-0.06340908420028492	0.05795810063300741	-0.047214180322066986	0.051151326360483876	-0.05319423180528382	0.056801126985119084	-0.050715743113228295	0.06093976694194688	-0.05630414597477772	0.06070944480025409	-0.05245658247173641	0.03923215461333735	-0.03035054458071846	0.03492293580502725	-0.03742097520507849	0.04062543404492672	-0.050998836616806355	0.02731331433925462	-0.029747722730739452	0.031890276356271674	-0.0218614839729021	0.021064870582331634
-0.23285678934208134	0.22272805957011874	-0.11167280938179228	0.040460444926043865	-0.044163978108038994	0.23814862243318094	-0.5198071786823294	0.11129983321895683	-0.08258145518239914	0.06228617240630954	-0.36216677363804156	1.0000000000000002	-0.5794823023549449	0.08665007161538274	-0.06580184528552513	0.28022037449772147	-0.36149737623606354	0.10603052909712969	-0.10060416405340726	0.0990103336489557	-0.06011793540783147	0.057491821122665716	-0.09480884372514449	0.06929481640722132	-0.06298997800161063	0.049843450862455625	-0.054223066335230115	0.056440494081593295	-0.06030318317120683	0.053630739151059446	-0.06325975678972044	0.058417796587281655	-0.0632819042614301	0.05507774846828079	-0.04145096774603649	0.03146061477747543	-0.03618557867275322	0.038873403022835824	-0.042565765404319784	0.05339064036063879	-0.028287579651891635	0.030829755142127085	-0.033084275131144494	0.022829235976365724	-0.02201005858728808
0.1862654735076422	-0.19437973190787974	0.16116275758242285	-0.06520312574361399	0.06988437441968436	-0.197693303409842	0.26702972235958006	-0.19386419964246843	0.13181267269386834	-0.10201558285508872	0.2379239022199323	-0.5794823023549449	0.9999999999999987	-0.15321767119632237	0.10550190181130446	-0.38333911077923166	0.29153170951938157	-0.1510816038296144	0.1516239229443176	-0.15859475219441582	0.0856757208516208	-0.08108439588863413	0.13700964974136934	-0.10684250971182609	0.09758555687167633	-0.0754691525101384	0.08181883416648125	-0.0866503115870701	0.09311659629970293	-0.08431180390236374	0.09751268891206057	-0.09133867514918904	0.09841494916664092	-0.08634780807183054	0.0649383138525444	-0.04909114978497437	0.05652125110715291	-0.06089212104978667	0.06673367902032117	-0.08426203589812732	0.04416981040509812	-0.048249589217982905	0.05175889922261834	-0.03596522216508574	0.03462400360989092
-0.05457699201403571	0.04772897232890271	-0.06474715671916112	0.13004539196944598	-0.143390359939377	0.05051365157090934	-0.07267305554887055	0.06234197288536655	-0.6660786747406521	0.26747807926046996	-0.0696665988081936	0.08665007161538274	-0.15321767119632237	0.9999999999999989	-0.3390322603883335	0.12734817064916168	-0.12977748319557603	0.2086595388898693	-0.5054698877040801	0.23268953320558292	-0.07709616591053571	0.07333770272935954	-0.17861566773030213	0.13824475248712206	-0.13126507764446085	0.06768378423841316	-0.07587198122285749	0.08536824636226097	-0.0979681679083601	0.08762086831873131	-0.08463584077774952	0.07735488040267753	-0.0905550955645672	0.08309255000183582	-0.06796074757889552	0.041994328768648934	-0.04867168340436463	0.05370505932703845	-0.0643658591821243	0.07985533694962398	-0.03810251705741908	0.041470688519767124	-0.045720701584184224	0.0336134427033646	-0.03275498093036482
0.045137898731764256	-0.03846611178351673	0.048096261019658734	-0.09863736409513603	0.1035649122078496	-0.041034559243345814	0.058742250722162916	-0.04592756507610432	0.285898268268237	-0.7621732434406532	0.057558160660038174	-0.06580184528552513	0.10550190181130446	-0.3390322603883335	0.9999999999999989	-0.10836648394413731	0.10810699169338654	-0.1584756092074754	0.21629962296899014	-0.3894520297957597	0.07133929547558784	-0.06749264539530263	0.1502256678910974	-0.1456893125424735	0.15249071540592538	-0.0658418492540277	0.07392541283712992	-0.08465171282648606	0.09974182063863936	-0.0941779274470861	0.08341329001526414	-0.07646942442999732	0.0907746647485283	-0.08509115280894515	0.07220475907107175	-0.04164663369686057	0.04842031523255283	-0.05383013065925796	0.0662117752669408	-0.08265612021713555	0.03793622580035346	-0.0412885375887969	0.045866926325532256	-0.03451342929007516	0.033718470068585256
-0.22491242710999326	0.17578774235969555	-0.11998932464809951	0.060239754841229266	-0.06818309382361351	0.20191879045973193	-0.2782180403612073	0.10800326433746839	-0.1326796451094359	0.09837071200465934	-0.32970222041411706	0.28022037449772147	-0.38333911077923166	0.12734817064916168	-0.10836648394413731	0.9999999999999997	-0.6819370452856278	0.18497101044030081	-0.17989290018998044	0.16071567904235354	-0.13162360193252126	0.11616703895954061	-0.18353874549944246	0.1216747407905543	-0.11193322270341989	0.09603963246024023	-0.10538127851037664	0.10393724947708136	-0.11083622844068225	0.09284377298192249	-0.12328955079240184	0.10501086820140686	-0.11816570604734059	0.09697621841929598	-0.07319990813405818	0.05783655426946663	-0.06659738911082293	0.07024000940491341	-0.07586293838870645	0.09209726984598562	-0.052376119512338816	0.056065277165478405	-0.0607042928882784	0.040001601028972086	-0.038903118970197985
0.1643615494784458	-0.15265751260335786	0.09471149281837073	-0.05648662791069877	0.06249169508033891	-0.16585974907702952	0.2196558785416475	-0.09044528532328361	0.12622441500393844	-0.101797890377102	0.21927124024758446	-0.36149737623606354	0.29153170951938157	-0.12977748319557603	0.10810699169338654	-0.6819370452856278	1.0000000000000007	-0.25951116530325524	0.18112124162414636	-0.18108549054560516	0.12481115061158193	-0.128741563096698	0.1892473524336582	-0.13376643715855538	0.11831462899628141	-0.09877547533835261	0.10667447244528909	-0.10987427267444176	0.11491593564222272	-0.10131170155639437	0.12026855393857672	-0.11141770442955692	0.11945659762039824	-0.10445458890839326	0.0780518938113797	-0.05971037961727486	0.06844926147405275	-0.0734888610295734	0.08023290335368546	-0.10066821074349644	0.053419627073425374	-0.05835322541294545	0.062324825383435825	-0.04296541212441846	0.04137310282815332
-0.0681311969851041	0.05841672886435469	-0.054348331791410964	0.06723521053847627	-0.07559712128326157	0.06296413513077993	-0.08973497169238473	0.050889600411370355	-0.19819058960513847	0.14049710721219025	-0.08835360155587076	0.10603052909712969	-0.1510816038296144	0.2086595388898693	-0.1584756092074754	0.18497101044030081	-0.25951116530325524	1.0000000000000002	-0.5413190715895202	0.2438112190145903	-0.15168249338336093	0.14694227979756452	-0.6402988587868436	0.2221896666665052	-0.19194226915943352	0.1111756636697272	-0.12827445997732012	0.14046344966494279	-0.15527436587996465	0.12452146280924287	-0.13134820821711743	0.11567808173297572	-0.1379535470614269	0.12178372431364115	-0.09776450622961541	0.0628560158292492	-0.07256325781250889	0.07937484238972684	-0.09379164011941882	0.11329702456813637	-0.056766466724920084	0.06148095290309963	-0.06761140967601224	0.0480829775483052	-0.04698850710752813
0.06720876923980011	-0.05756257350585658	0.05997899905731078	-0.09245836321074222	0.09651106877376416	-0.06182024614830314	0.087220231988824	-0.05715364036413415	0.2636138242895157	-0.21939756124144583	0.08641416043386765	-0.10060416405340726	0.1516239229443176	-0.5054698877040801	0.21629962296899014	-0.17989290018998044	0.18112124162414636	-0.5413190715895202	1.0000000000000018	-0.38675892488515135	0.11435022679281104	-0.11387915365100858	0.2769624243232398	-0.24423945205113556	0.1982677045223487	-0.103085303548058	0.1142264543778536	-0.1339389203401397	0.15070650962891313	-0.13734242000071079	0.12407037390520358	-0.11797174699414205	0.1346783365524819	-0.13002933864134733	0.10365638273427814	-0.06313913388864022	0.07292232249052827	-0.08135344554381792	0.09840159153975621	-0.12484013001230004	0.05684089016863671	-0.06253668560298686	0.06840660003102614	-0.051826139349591016	0.05009338437325796
-0.07128575567444259	0.05909316408986248	-0.06412334141296278	0.09323304551639218	-0.1087827069326742	0.06344536746085547	-0.09201594460487324	0.05889101096085491	-0.26948815547668253	0.23490424388183498	-0.09097439720218813	0.0990103336489557	-0.15859475219441582	0.23268953320558292	-0.3894520297957597	0.16071567904235354	-0.18108549054560516	0.2438112190145903	-0.38675892488515135	1.0000000000000004	-0.1464585490844393	0.133283992570559	-0.3234118010897588	0.28657004460990565	-0.5076671089878387	0.1300663636222767	-0.15096341422825982	0.16710329788479986	-0.21295734631282867	0.19106983907821876	-0.1716644303817507	0.14490982817781295	-0.187444624685271	0.16226102678040757	-0.15882966733893725	0.08143299722308	-0.09561678973590186	0.10512966802248452	-0.13334418714182736	0.15514001546654463	-0.0755213920835443	0.0803698659743103	-0.0918748972896272	0.06649748732633143	-0.06685695194488508
0.04260613622252684	-0.035486654261276715	0.03034377578486623	-0.02984161571666973	0.03329675591507682	-0.03875526176404245	0.054431153362910094	-0.027882323944346844	0.07507137053487482	-0.06662315244820043	0.05558802677285096	-0.06011793540783147	0.0856757208516208	-0.07709616591053571	0.07133929547558784	-0.13162360193252126	0.12481115061158193	-0.15168249338336093	0.11435022679281104	-0.1464585490844393	1.0000000000000009	-0.8403885795232349	0.18855347180470713	-0.1347006780191196	0.10886301089203701	-0.32205008653073275	0.2509466486724375	-0.1808186934345041	0.14458745290723976	-0.10893155567712065	0.19670523746630192	-0.16885226986164387	0.15125578112251598	-0.12548836559042043	0.08330365582817902	-0.08743704660236615	0.09421753419052287	-0.09500733669973185	0.09153380707024217	-0.11260077302075105	0.07246975639092182	-0.07985808927282945	0.07855920611779914	-0.048187593341551274	0.04581475150808487
-0.04001244816983316	0.033412338148871915	-0.028606130609893442	0.028324366500730783	-0.03174633396536329	0.03638344830286304	-0.05144768654132919	0.026304031522824144	-0.07229403204109487	0.06208195513943233	-0.05213008911559859	0.057491821122665716	-0.08108439588863413	0.07333770272935954	-0.06749264539530263	0.11616703895954061	-0.128741563096698	0.14694227979756452	-0.11387915365100858	0.133283992570559	-0.8403885795232349	1.0000000000000027	-0.2416678791094328	0.13030639241235062	-0.106186733337432	0.23661501110561586	-0.3338129900866081	0.17470875683466316	-0.1472099406078662	0.09965539348414926	-0.1948313682693774	0.14793884562148074	-0.14935882004701992	0.11544691444187338	-0.07769804071257816	0.07891521053999707	-0.08704463951490618	0.08687901266429321	-0.08540037188078109	0.1014137797829811	-0.06736623543797987	0.07213050111158577	-0.07334315269083518	0.043949668523065304	-0.04220453351655169
0.06480587112081602	-0.054825476067085675	0.05042924843901121	-0.05991565299783135	0.06593351305808075	-0.059364191629778656	0.08354636191009664	-0.04695008389656136	0.15811751680782496	-0.14249377426549	0.08379150965829578	-0.09480884372514449	0.13700964974136934	-0.17861566773030213	0.1502256678910974	-0.18353874549944246	0.1892473524336582	-0.6402988587868436	0.2769624243232398	-0.3234118010897588	0.18855347180470713	-0.2416678791094328	0.9999999999999993	-0.41206385668522016	0.23993352238073865	-0.1479598541894738	0.16631999895085062	-0.2080887767654378	0.2042440167222108	-0.1671271502579268	0.15921146747721027	-0.1499287083907102	0.17109531957010493	-0.16357935127170173	0.12504181415900298	-0.07939354225377133	0.09107076912594915	-0.10132419647643624	0.12060266399046149	-0.1502419198917228	0.07070099627194443	-0.07792654956326563	0.08449846229326019	-0.0624550638040672	0.060295794346664947
-0.04942048378366437	0.04108846655532089	-0.04079212823280185	0.05223011246304764	-0.059734650124095526	0.044315135717483786	-0.063642748422531	0.03754805678007363	-0.14465904499115192	0.118691106572176	-0.06340908420028492	0.06929481640722132	-0.10684250971182609	0.13824475248712206	-0.1456893125424735	0.1216747407905543	-0.13376643715855538	0.2221896666665052	-0.24423945205113556	0.28657004460990565	-0.1347006780191196	0.13030639241235062	-0.41206385668522016	0.9999999999999984	-0.6689693235447535	0.12692988964848245	-0.1540727744828151	0.19799080991381993	-0.35589181366783706	0.21051042678544787	-0.15398850115311438	0.13705167412572403	-0.18229373724940662	0.18189395992036467	-0.1674555141026332	0.07523628244617638	-0.08827431042614395	0.10090728796876208	-0.14015417091485122	0.16008998495974552	-0.06913223815482614	0.07489489506619831	-0.08597329666788613	0.06679648370385917	-0.06668166643453377
0.0451947785253677	-0.03755169057987173	0.03754869906289448	-0.04906790324062327	0.05544297097189574	-0.0405104526951906	0.05808229808723274	-0.03461029955186214	0.133222511305301	-0.12865598330743053	0.05795810063300741	-0.06298997800161063	0.09758555687167633	-0.13126507764446085	0.15249071540592538	-0.11193322270341989	0.11831462899628141	-0.19194226915943352	0.1982677045223487	-0.5076671089878387	0.10886301089203701	-0.106186733337432	0.23993352238073865	-0.6689693235447535	0.9999999999999997	-0.10970741474271553	0.12683661488896877	-0.16619871876566794	0.22331016560582284	-0.3107359415775019	0.134436203365747	-0.12399581019453244	0.15902269526896134	-0.17220553957307905	0.18308016845989103	-0.06791071284954145	0.07973227566313282	-0.09265803589126832	0.1329142329113198	-0.17060488816603453	0.0624566578320066	-0.06818586550511506	0.07836574688087461	-0.06612321987564963	0.06561416246442622
-0.03659701657706598	0.030056537895246534	-0.026980023057795226	0.027362113443349285	-0.03091492952609001	0.03264940178744325	-0.04667660444674075	0.024591840746488857	-0.06941537994387464	0.05963264164082183	-0.047214180322066986	0.049843450862455625	-0.0754691525101384	0.06768378423841316	-0.0658418492540277	0.09603963246024023	-0.09877547533835261	0.1111756636697272	-0.103085303548058	0.1300663636222767	-0.32205008653073275	0.23661501110561586	-0.1479598541894738	0.12692988964848245	-0.10970741474271553	0.999999999999996	-0.5997486145676204	0.24348350044190648	-0.19893171840318805	0.12187848109798599	-0.5856951207743488	0.2328771170214781	-0.22163702761513004	0.15241759353047343	-0.09658530967110965	0.14073827074341244	-0.14405641676070108	0.12914469531904807	-0.11316378724262886	0.1303310999028635	-0.11617349172704206	0.1152149102176995	-0.11187650295779687	0.057786545864337485	-0.055404968972991554
0.039651340929695314	-0.03263786635530663	0.029390679970096423	-0.03031564094601979	0.03414571544869024	-0.035453117785594575	0.05056764576500081	-0.026835949257492265	0.07691026632930795	-0.06732566810332526	0.051151326360483876	-0.054223066335230115	0.08181883416648125	-0.07587198122285749	0.07392541283712992	-0.10538127851037664	0.10667447244528909	-0.12827445997732012	0.1142264543778536	-0.15096341422825982	0.2509466486724375	-0.3338129900866081	0.16631999895085062	-0.1540727744828151	0.12683661488896877	-0.5997486145676204	0.9999999999999999	-0.49301277925723513	0.2362451852696568	-0.1483783551483097	0.2870373863969973	-0.27918849523995753	0.237914073003828	-0.18785052833915303	0.11350956868475258	-0.13005797702824798	0.1423705578250974	-0.14185325757234868	0.13097998162611457	-0.1563783057521973	0.10623858739501463	-0.1182957552277749	0.1153935703424871	-0.0673048950729518	0.06378456221068582
-0.04137768002488201	0.03401028751716327	-0.031495809585568565	0.03406784407691351	-0.038648267818950276	0.036845174205643136	-0.05286802872877888	0.028742967960376713	-0.0883106528734592	0.07498320045424145	-0.05319423180528382	0.056440494081593295	-0.0866503115870701	0.08536824636226097	-0.08465171282648606	0.10393724947708136	-0.10987427267444176	0.14046344966494279	-0.1339389203401397	0.16710329788479986	-0.1808186934345041	0.17470875683466316	-0.2080887767654378	0.19799080991381993	-0.16619871876566794	0.24348350044190648	-0.49301277925723513	0.9999999999999982	-0.5768716513714182	0.17894060211136412	-0.2641853590016753	0.22685770090329366	-0.4189303163614052	0.242133360114339	-0.14472590638457508	0.11890505056599046	-0.13936073764329565	0.15956996867542617	-0.1698550402024551	0.17927039763332436	-0.10708738364928531	0.11629578172420833	-0.13185089635450006	0.07920164204593388	-0.07693217814070714
0.044236154987578186	-0.036400793832369854	0.03428300992019901	-0.03863690270943483	0.043735774392635804	-0.039408749643660854	0.05650613074664351	-0.03134351643439525	0.10057685315649635	-0.08816230282006333	0.056801126985119084	-0.06030318317120683	0.09311659629970293	-0.0979681679083601	0.09974182063863936	-0.11083622844068225	0.11491593564222272	-0.15527436587996465	0.15070650962891313	-0.21295734631282867	0.14458745290723976	-0.1472099406078662	0.2042440167222108	-0.35589181366783706	0.22331016560582284	-0.19893171840318805	0.2362451852696568	-0.5768716513714182	0.9999999999999986	-0.2949638804332274	0.20425536653652426	-0.20757913044442947	0.2750236330175249	-0.4403152089798632	0.2029657346641377	-0.1080226690508968	0.126044489772369	-0.15445051551802433	0.22537640334293227	-0.2571858154751197	0.09709440265294011	-0.10911539583998228	0.12367759858497575	-0.10509929722226839	0.09955612907214392
-0.03963281127240459	0.032468860853743564	-0.031213376907161035	0.03566063291001381	-0.04086316958428467	0.03506768642116045	-0.05067084898754938	0.0284246702844605	-0.0939339830171743	0.07945039173636669	-0.050715743113228295	0.053630739151059446	-0.08431180390236374	0.08762086831873131	-0.0941779274470861	0.09284377298192249	-0.10131170155639437	0.12452146280924287	-0.13734242000071079	0.19106983907821876	-0.10893155567712065	0.09965539348414926	-0.1671271502579268	0.21051042678544787	-0.3107359415775019	0.12187848109798599	-0.1483783551483097	0.17894060211136412	-0.2949638804332274	0.9999999999999977	-0.16944648490992545	0.14504910348201253	-0.21895862021102036	0.22610307247415842	-0.7430973572337608	0.08451436876900045	-0.10251563356071651	0.12343412971553432	-0.2334161738284477	0.2763299899841548	-0.08155755946276508	0.08682509683630851	-0.10912930710203846	0.1030832271788978	-0.11314987435040266
0.04734013099803211	-0.03867096088703589	0.03481546704169004	-0.03469308031388861	0.03904658159516219	-0.04203110837540503	0.06011465201726541	-0.03164828409569108	0.08643385932635321	-0.07677582838881546	0.06093976694194688	-0.06325975678972044	0.09751268891206057	-0.08463584077774952	0.08341329001526414	-0.12328955079240184	0.12026855393857672	-0.13134820821711743	0.12407037390520358	-0.1716644303817507	0.19670523746630192	-0.1948313682693774	0.15921146747721027	-0.15398850115311438	0.134436203365747	-0.5856951207743488	0.2870373863969973	-0.2641853590016753	0.20425536653652426	-0.16944648490992545	0.9999999999999988	-0.45076339454033965	0.2613089791302176	-0.20825237732005192	0.12935815841171291	-0.2941452571150407	0.23345136437305802	-0.2015221127532923	0.153241493706003	-0.1905292294668389	0.18766998801211263	-0.2000909870145045	0.16593856212968613	-0.08293979442725061	0.07763909620280383
-0.04390723932771806	0.0357130970755039	-0.03258338105752402	0.03241409506753189	-0.0369255716663486	0.03869909983089218	-0.05585308929185655	0.02950381837118334	-0.08167419895247693	0.06832219428931499	-0.05630414597477772	0.058417796587281655	-0.09133867514918904	0.07735488040267753	-0.07646942442999732	0.10501086820140686	-0.11141770442955692	0.11567808173297572	-0.11797174699414205	0.14490982817781295	-0.16885226986164387	0.14793884562148074	-0.1499287083907102	0.13705167412572403	-0.12399581019453244	0.2328771170214781	-0.27918849523995753	0.22685770090329366	-0.20757913044442947	0.14504910348201253	-0.45076339454033965	1.0000000000000018	-0.46689298415433855	0.19860949001663297	-0.12105972350759267	0.2516925764597786	-0.5137436844951306	0.24068856987802298	-0.1598822166610034	0.1665314127202165	-0.2327642602468689	0.23532960209387055	-0.2360520952347842	0.08016254014911833	-0.07809584380087907
0.04728363849089534	-0.038630323787733525	0.03551015855066175	-0.0369279375977614	0.041732349769186626	-0.04189542340629162	0.06014153051793283	-0.032293743706715596	0.09338398573304034	-0.08233506340814531	0.06070944480025409	-0.0632819042614301	0.09841494916664092	-0.0905550955645672	0.0907746647485283	-0.11816570604734059	0.11945659762039824	-0.1379535470614269	0.1346783365524819	-0.187444624685271	0.15125578112251598	-0.14935882004701992	0.17109531957010493	-0.18229373724940662	0.15902269526896134	-0.22163702761513004	0.237914073003828	-0.4189303163614052	0.2750236330175249	-0.21895862021102036	0.2613089791302176	-0.46689298415433855	1.0	-0.3867170921420972	0.17360947105770744	-0.18988711305088646	0.22954254791743686	-0.37907404402978634	0.23233579071521465	-0.2619698832234311	0.16600478610569827	-0.2083559704525807	0.22751300714178924	-0.11590541122976047	0.10758283057477924
-0.04095998576428238	0.033469882988665496	-0.031520942930272064	0.034227632613001956	-0.03916189746050944	0.03619741755113239	-0.05226081910138199	0.028646877050455308	-0.08873798446543775	0.07375225064094189	-0.05245658247173641	0.05507774846828079	-0.08634780807183054	0.08309255000183582	-0.08509115280894515	0.09697621841929598	-0.10445458890839326	0.12178372431364115	-0.13002933864134733	0.16226102678040757	-0.12548836559042043	0.11544691444187338	-0.16357935127170173	0.18189395992036467	-0.17220553957307905	0.15241759353047343	-0.18785052833915303	0.242133360114339	-0.4403152089798632	0.22610307247415842	-0.20825237732005192	0.19860949001663297	-0.3867170921420972	0.9999999999999987	-0.2605056612090138	0.11304125051419699	-0.14036658916334308	0.19046840250530764	-0.606173733723176	0.29578241975376185	-0.10982955077096551	0.1203490768402536	-0.15958027927847018	0.14917684546796908	-0.15332735866767444
0.030635709508670204	-0.025119570703544206	0.024013669269851344	-0.027356366938111613	0.03114992702849077	-0.027151735318424977	0.03913427499172756	-0.02189692439764746	0.07145286830667766	-0.0628055229699683	0.03923215461333735	-0.04145096774603649	0.0649383138525444	-0.06796074757889552	0.07220475907107175	-0.07319990813405818	0.0780518938113797	-0.09776450622961541	0.10365638273427814	-0.15882966733893725	0.08330365582817902	-0.07769804071257816	0.12504181415900298	-0.1674555141026332	0.18308016845989103	-0.09658530967110965	0.11350956868475258	-0.14472590638457508	0.2029657346641377	-0.7430973572337608	0.12935815841171291	-0.12105972350759267	0.17360947105770744	-0.2605056612090138	0.999999999999998	-0.06930413828249217	0.08391798201021432	-0.10885603038472648	0.23009788779794269	-0.4883780788199181	0.06632998711735616	-0.07278439438025153	0.09144580848991818	-0.11172121659451176	0.11504395094835652
-0.02364975050929015	0.019252600419718255	-0.017532467695524433	0.017497059359480826	-0.01986024502339611	0.02087872470845628	-0.030061725851699812	0.015891261808281792	-0.04393471575392721	0.03755421036515953	-0.03035054458071846	0.03146061477747543	-0.04909114978497437	0.041994328768648934	-0.04164663369686057	0.05783655426946663	-0.05971037961727486	0.0628560158292492	-0.06313913388864022	0.08143299722308	-0.08743704660236615	0.07891521053999707	-0.07939354225377133	0.07523628244617638	-0.06791071284954145	0.14073827074341244	-0.13005797702824798	0.11890505056599046	-0.1080226690508968	0.08451436876900045	-0.2941452571150407	0.2516925764597786	-0.18988711305088646	0.11304125051419699	-0.06930413828249217	0.999999999999999	-0.5337987283436649	0.19795447793693255	-0.09529949765526398	0.10139391977964271	-0.6730637908076884	0.30058571553035474	-0.2144239396790103	0.05037484561075225	-0.04813217498408049
0.027216892310784065	-0.02215667302067285	0.020209685659927173	-0.020251245234255526	0.02297180330973285	-0.024027797737404682	0.0345899536758211	-0.018320906430918944	0.05084736794518398	-0.04372131735809666	0.03492293580502725	-0.03618557867275322	0.05652125110715291	-0.04867168340436463	0.04842031523255283	-0.06659738911082293	0.06844926147405275	-0.07256325781250889	0.07292232249052827	-0.09561678973590186	0.09421753419052287	-0.08704463951490618	0.09107076912594915	-0.08827431042614395	0.07973227566313282	-0.14405641676070108	0.1423705578250974	-0.13936073764329565	0.126044489772369	-0.10251563356071651	0.23345136437305802	-0.5137436844951306	0.22954254791743686	-0.14036658916334308	0.08391798201021432	-0.5337987283436649	0.9999999999999978	-0.31222342252626983	0.11908805008514443	-0.12650145763743384	0.30115090222634394	-0.46429034642471245	0.24735639353489428	-0.06234178921276707	0.058759310352683294
-0.02919069063623121	0.023770429716931992	-0.02187270126789813	0.022330318782712775	-0.02540064666819223	0.025753891722431633	-0.03713336140971896	0.019831656670476875	-0.056512034017751726	0.048095543674034284	-0.03742097520507849	0.038873403022835824	-0.06089212104978667	0.05370505932703845	-0.05383013065925796	0.07024000940491341	-0.0734888610295734	0.07937484238972684	-0.08135344554381792	0.10512966802248452	-0.09500733669973185	0.08687901266429321	-0.10132419647643624	0.10090728796876208	-0.09265803589126832	0.12914469531904807	-0.14185325757234868	0.15956996867542617	-0.15445051551802433	0.12343412971553432	-0.2015221127532923	0.24068856987802298	-0.37907404402978634	0.19046840250530764	-0.10885603038472648	0.19795447793693255	-0.31222342252626983	0.9999999999999989	-0.22350970027199796	0.16850961711240786	-0.2365587771000302	0.2749324140933507	-0.7239429976970381	0.09289229955539169	-0.089369974202365
0.031714514546717164	-0.025913791374739262	0.02434986308234775	-0.02638649802449354	0.030066980736721316	-0.028039273992159525	0.04042958783503346	-0.022139644460930315	0.06797013365592501	-0.05822142701726297	0.04062543404492672	-0.042565765404319784	0.06673367902032117	-0.0643658591821243	0.0662117752669408	-0.07586293838870645	0.08023290335368546	-0.09379164011941882	0.09840159153975621	-0.13334418714182736	0.09153380707024217	-0.08540037188078109	0.12060266399046149	-0.14015417091485122	0.1329142329113198	-0.11316378724262886	0.13097998162611457	-0.1698550402024551	0.22537640334293227	-0.2334161738284477	0.153241493706003	-0.1598822166610034	0.23233579071521465	-0.606173733723176	0.23009788779794269	-0.09529949765526398	0.11908805008514443	-0.22350970027199796	0.9999999999999987	-0.5774834685681308	0.09380906690672552	-0.10847719619690013	0.15142562060704698	-0.25485318518833233	0.2009421808556756
-0.039874639345777174	0.03251413017683786	-0.030754789744226567	0.03329019155821541	-0.03821639890826738	0.035138930177129026	-0.050864550989316734	0.027902582070420984	-0.08627891891165455	0.07102488399029575	-0.050998836616806355	0.05339064036063879	-0.08426203589812732	0.07985533694962398	-0.08265612021713555	0.09209726984598562	-0.10066821074349644	0.11329702456813637	-0.12484013001230004	0.15514001546654463	-0.11260077302075105	0.1014137797829811	-0.1502419198917228	0.16008998495974552	-0.17060488816603453	0.1303310999028635	-0.1563783057521973	0.17927039763332436	-0.2571858154751197	0.2763299899841548	-0.1905292294668389	0.1665314127202165	-0.2619698832234311	0.29578241975376185	-0.4883780788199181	0.10139391977964271	-0.12650145763743384	0.16850961711240786	-0.5774834685681308	0.999999999999999	-0.1013061347542978	0.10857043814641362	-0.14952015570166705	0.20421052386914312	-0.26255512039578266
0.02128241959405701	-0.017328142180605202	0.015796232049344973	-0.015833273819803668	0.017941846970615963	-0.01879565458012065	0.027041058008488297	-0.014323057610450877	0.03970596529535112	-0.03435148906119672	0.02731331433925462	-0.028287579651891635	0.04416981040509812	-0.03810251705741908	0.03793622580035346	-0.052376119512338816	0.053419627073425374	-0.056766466724920084	0.05684089016863671	-0.0755213920835443	0.07246975639092182	-0.06736623543797987	0.07070099627194443	-0.06913223815482614	0.0624566578320066	-0.11617349172704206	0.10623858739501463	-0.10708738364928531	0.09709440265294011	-0.08155755946276508	0.18766998801211263	-0.2327642602468689	0.16600478610569827	-0.10982955077096551	0.06632998711735616	-0.6730637908076884	0.30115090222634394	-0.2365587771000302	0.09380906690672552	-0.1013061347542978	0.9999999999999997	-0.5776125654078754	0.22618250868099551	-0.050647439805571716	0.04744493107118935
-0.023196255188782718	0.018873857694602442	-0.017256010960443394	0.017310584266843836	-0.019674691350913542	0.020458320016267982	-0.02948965593841161	0.01563520847750477	-0.04355912261998603	0.037086380650118815	-0.029747722730739452	0.030829755142127085	-0.048249589217982905	0.041470688519767124	-0.0412885375887969	0.056065277165478405	-0.05835322541294545	0.06148095290309963	-0.06253668560298686	0.0803698659743103	-0.07985808927282945	0.07213050111158577	-0.07792654956326563	0.07489489506619831	-0.06818586550511506	0.1152149102176995	-0.1182957552277749	0.11629578172420833	-0.10911539583998228	0.08682509683630851	-0.2000909870145045	0.23532960209387055	-0.2083559704525807	0.1203490768402536	-0.07278439438025153	0.30058571553035474	-0.46429034642471245	0.2749324140933507	-0.10847719619690013	0.10857043814641362	-0.5776125654078754	0.9999999999999997	-0.49691619020963906	0.0587197424298094	-0.056068141980639655
0.024863329489176342	-0.02025292599262431	0.018587691964630476	-0.018943201849538627	0.021484389719131438	-0.021956060214631257	0.03160709347908286	-0.016862101707173702	0.04774786290705019	-0.04134481836252428	0.031890276356271674	-0.033084275131144494	0.05175889922261834	-0.045720701584184224	0.045866926325532256	-0.0607042928882784	0.062324825383435825	-0.06761140967601224	0.06840660003102614	-0.0918748972896272	0.07855920611779914	-0.07334315269083518	0.08449846229326019	-0.08597329666788613	0.07836574688087461	-0.11187650295779687	0.1153935703424871	-0.13185089635450006	0.12367759858497575	-0.10912930710203846	0.16593856212968613	-0.2360520952347842	0.22751300714178924	-0.15958027927847018	0.09144580848991818	-0.2144239396790103	0.24735639353489428	-0.7239429976970381	0.15142562060704698	-0.14952015570166705	0.22618250868099551	-0.49691619020963906	1.0	-0.0879587953447862	0.078594853643968
