1.0000000000000002	-0.5556459103007014	0.1873490176747204	-0.1091891464886587	0.09539043774689669	-0.7021817990607878	0.29289846988973056	-0.18949275918510355	0.09654065046842487	-0.07726212529097229	0.21561258251494364	-0.23087165433131943	0.08935779099034849	-0.07316038024229694	0.07005482428649698	-0.11819998698924329	0.09390104814472099	-0.08807568704024306	0.06630758417727753	-0.06383279712645822	0.046336354690153556	-0.0687078422503082	0.07327516722133266	-0.05232426370264298	0.0500979750517502	-0.03951160187553808	0.04735091560811829	-0.05405377659076299	0.044217814405250175	-0.0385419155041134	0.029769989131870275	-0.03455936576493533	0.03806722391637511	-0.03878621814695179	0.0369085630986123	-0.037525699912586176	0.024692144168142853	-0.026122792493034737	0.023845424875927272	-0.023928250452138665
-0.5556459103007014	1.0	-0.3982757885271265	0.1578186181871694	-0.14001471167225193	0.29794795224626436	-0.5868223896379721	0.26978669040560144	-0.14610001382466553	0.10578816969774385	-0.19718849988424017	0.19397329449560025	-0.10121054404491044	0.08276091732308098	-0.083094631868718	0.10370421384286907	-0.09046416694923093	0.09441333914158272	-0.07475507518089301	0.07277566011385671	-0.04685627719255875	0.06801116762209437	-0.07690301739881365	0.05647627064073829	-0.0552416502098161	0.03989142301220939	-0.048499434411385454	0.05594706694154749	-0.04763740561181633	0.04196779933269861	-0.031046412715034177	0.035983607543765804	-0.04061030957713311	0.041691631648645415	-0.03996688490661107	0.039668844806817524	-0.02621684023770767	0.027823373233381764	-0.025633297652000578	0.02575322647640615
0.1873490176747204	-0.3982757885271265	1.0000000000000002	-0.3970521680621368	0.19678428451774546	-0.19598575980910704	0.27762126564460454	-0.7057548005560813	0.2403353037395853	-0.16833267713754677	0.12871301502955285	-0.15017956267069632	0.12444736387480283	-0.10724648304859327	0.10167579205604554	-0.08918804407401028	0.07493397257045864	-0.11630848529830139	0.08903474472679265	-0.09046901069392518	0.04394181979921188	-0.06483628682392968	0.07546121698792091	-0.0626515009882454	0.060840508331505574	-0.038761351368029995	0.04705178029615965	-0.057427383008034426	0.051232386525966685	-0.04652518258152873	0.03142273333163119	-0.03694022385370982	0.042369481771748825	-0.04526056160771611	0.04285373257522765	-0.04221810421107181	0.027463068792333803	-0.029616525010988475	0.027344208153810733	-0.02784579283163601
-0.1091891464886587	0.1578186181871694	-0.3970521680621368	1.000000000000001	-0.48497836326143845	0.10831835655579897	-0.16281651631837996	0.2570258428489816	-0.6737845353188432	0.2984238121792801	-0.08768891749817004	0.09806077234255722	-0.11211067733608948	0.11498326324276978	-0.13226005895294404	0.06975552667301413	-0.05956356470059297	0.10460446453791876	-0.09707553095135611	0.10693079460008005	-0.0398192668250009	0.05767666159366911	-0.07106122725327646	0.06484756668718339	-0.06590356252132136	0.0356971906784476	-0.043794184184669994	0.055189751460884715	-0.05274189598349162	0.04958206378757599	-0.030622121409105474	0.036188971475768425	-0.04296303968970324	0.04704757110510005	-0.04476329141683239	0.04280726608554003	-0.027774498033871445	0.03026904427763325	-0.02825452105226228	0.02898954957824209
0.09539043774689669	-0.14001471167225193	0.19678428451774546	-0.48497836326143845	1.0000000000000007	-0.10668537804027159	0.13620210872974006	-0.2218766627990499	0.31883237129850894	-0.727529791814363	0.08944087977290231	-0.10517380357162885	0.12360044442210287	-0.1390266141927646	0.18375394199683232	-0.08591831479661487	0.0708980286956699	-0.1363386450729888	0.12039935390437106	-0.1704132863861172	0.0515961138649756	-0.07552974418982755	0.09107502350148289	-0.09037509853742637	0.09168513897448158	-0.047513767315049464	0.05788224035398738	-0.07531386577194984	0.07196123895938686	-0.0714110001846682	0.04212934644259214	-0.050504477010108455	0.05947142329205101	-0.0674187485663482	0.062402860420122525	-0.06166390643448506	0.0390256512039323	-0.04313415398533771	0.03971779929055742	-0.041428350013404204
-0.7021817990607878	0.29794795224626436	-0.19598575980910704	0.10831835655579897	-0.10668537804027159	1.0	-0.4287663169560815	0.18413085944950308	-0.10440632514824254	0.08150011319316697	-0.3889169273302013	0.2504124765441277	-0.09815060974252972	0.07800034327196177	-0.07697312603570294	0.13234058722007586	-0.11198359738699498	0.09304822123461083	-0.0723506251783733	0.0683839370481321	-0.05303824634709615	0.07681460731891712	-0.08374692301368951	0.057285580032554774	-0.055495951273427366	0.04426397163509603	-0.05362946638376457	0.05980303275890633	-0.04900486418642441	0.04229169539232522	-0.03324823387702807	0.03826703851065801	-0.0423640058421753	0.04257472537677054	-0.04091339351491563	0.041102049135043395	-0.02734224767934199	0.02875294747814945	-0.026371609512072375	0.02631691728802467
0.29289846988973056	-0.5868223896379721	0.27762126564460454	-0.16281651631837996	0.13620210872974006	-0.4287663169560815	1.0000000000000009	-0.4470025865168813	0.14876694341061716	-0.11487346751956859	0.2325794145617262	-0.32937855349080586	0.12662064279412064	-0.1024512275344485	0.09523325183851032	-0.13489363200555432	0.11415399172044265	-0.12022957435640777	0.08961419637081108	-0.08640368289837186	0.056898279281520144	-0.08491904701116783	0.09205515253918473	-0.06793821940856644	0.0650836510739826	-0.04882460563764492	0.0588471099384098	-0.06808043647648093	0.05688396889642506	-0.04996581692420963	0.03735059277019525	-0.04346690676602447	0.048314740070965534	-0.04979789025682915	0.047351182593258274	-0.04767710947029437	0.03131458882154975	-0.033272286363638444	0.030478082896166134	-0.030687362631081613
-0.18949275918510355	0.26978669040560144	-0.7057548005560813	0.2570258428489816	-0.2218766627990499	0.18413085944950308	-0.4470025865168813	1.0000000000000007	-0.30873604556779094	0.17207862443486083	-0.14178786092106765	0.15691590248503748	-0.1636920510345738	0.12002148297574829	-0.11387951169215824	0.09253540968363391	-0.0809373982386226	0.1271300791653198	-0.10039028400812079	0.09694382342293302	-0.04717529806866288	0.06895664253647352	-0.08249271375440043	0.06758549842744767	-0.06628332296357618	0.04130766581128796	-0.050529719688151876	0.061340728861806595	-0.05556553985477604	0.0500529542738917	-0.03359832284468079	0.039331185847519747	-0.04556634119496892	0.048434464115216166	-0.04628872286925853	0.04479950451475911	-0.029377236363289372	0.03160813851642985	-0.02938568720513781	0.029827371122491196
0.09654065046842487	-0.14610001382466553	0.2403353037395853	-0.6737845353188432	0.31883237129850894	-0.10440632514824254	0.14876694341061716	-0.30873604556779094	1.000000000000002	-0.5329227886513764	0.0836746900792928	-0.09740570542368766	0.11922735836272327	-0.1432611835522685	0.14556388411125032	-0.0703481699730599	0.059445617093824454	-0.11426966811357211	0.10572398884097371	-0.12191717261216102	0.0403972546816583	-0.0590520409633221	0.07244064174021898	-0.06903126339173182	0.06912641871363114	-0.036532277817014715	0.04478553922818806	-0.0571867962487865	0.05519490619080813	-0.052504715434466956	0.031422945964145986	-0.037304134289501176	0.04416328694703865	-0.04921624749447932	0.04642877137584823	-0.04438643749203934	0.028621876240596013	-0.0313708441821267	0.02926646625452584	-0.030222546665507128
-0.07726212529097229	0.10578816969774385	-0.16833267713754677	0.2984238121792801	-0.727529791814363	0.08150011319316697	-0.11487346751956859	0.17207862443486083	-0.5329227886513764	1.000000000000002	-0.07336735475000264	0.08349201530320488	-0.11455779520298826	0.13209590905757576	-0.23342593181668989	0.068443493120957	-0.05804455966328599	0.1152421714822343	-0.11306933384493495	0.15243900331496757	-0.04262074080903718	0.06164689421733497	-0.07731262086476418	0.07697384380203545	-0.0813735380048647	0.03890566553727949	-0.047906584624898156	0.06208459716704587	-0.06178567394928879	0.0608198750282249	-0.03457577275090315	0.041189085047551505	-0.04965049087512055	0.05608171918651887	-0.05314070734787587	0.049992291713168796	-0.03217148953461966	0.03546933499150294	-0.03327313324788625	0.03452996267667742
0.21561258251494364	-0.19718849988424017	0.12871301502955285	-0.08768891749817004	0.08944087977290231	-0.3889169273302013	0.2325794145617262	-0.14178786092106765	0.0836746900792928	-0.07336735475000264	1.0000000000000027	-0.7599114886225041	0.14260046026442008	-0.10937751699466444	0.09588620359101573	-0.31727622241925896	0.2144000876920109	-0.13963709115285017	0.09921770100367938	-0.08910407331570011	0.086976060751412	-0.1314971601386034	0.12862279032981538	-0.08180258441810645	0.0764576705564699	-0.07175253321868838	0.0853472508799941	-0.09168602249268581	0.07040357677126115	-0.05904779520142718	0.05005430630560672	-0.05747674351689199	0.06082590985673626	-0.06013288669148764	0.0574331474578397	-0.05917222643591151	0.039403953071518186	-0.04106482380553174	0.03727971611609445	-0.037040681864084456
-0.23087165433131943	0.19397329449560025	-0.15017956267069632	0.09806077234255722	-0.10517380357162885	0.2504124765441277	-0.32937855349080586	0.15691590248503748	-0.09740570542368766	0.08349201530320488	-0.7599114886225041	1.0000000000000018	-0.19909581141163563	0.1263578416162088	-0.11350691912193221	0.24194888207132828	-0.28226790351695186	0.15539924769168698	-0.11695393176827917	0.10074521489372551	-0.09694974431141998	0.14388683824289167	-0.15066941032982561	0.09218670895771461	-0.08785454382884308	0.07802553852455535	-0.09668339642255704	0.10137517889922902	-0.08014842267161967	0.0666982931865972	-0.056050271460246395	0.06364022349986226	-0.0687453841308562	0.06739609760578172	-0.06526427889151355	0.06539296087633187	-0.044175322395058954	0.04584592975439056	-0.04206825562533913	0.04160095325807142
0.08935779099034849	-0.10121054404491044	0.12444736387480283	-0.11211067733608948	0.12360044442210287	-0.09815060974252972	0.12662064279412064	-0.1636920510345738	0.11922735836272327	-0.11455779520298826	0.14260046026442008	-0.19909581141163563	1.0000000000000022	-0.5931746970492349	0.23668223611927858	-0.1401118935889815	0.1256258440067372	-0.6321514204603013	0.3045430509567574	-0.22847708094030986	0.08367853065595364	-0.12991000503628242	0.17038428276977527	-0.1575192022922852	0.1381477805866148	-0.07658537098974554	0.09480982483253202	-0.1255365398946268	0.12012981280886008	-0.10522177322411452	0.06259113915147937	-0.07427000190970552	0.08688800776586152	-0.09752691550611835	0.09206157738781028	-0.08524672026997182	0.05560170238167834	-0.06084770390546157	0.05744805692165886	-0.05904909004944123
-0.07316038024229694	0.08276091732308098	-0.10724648304859327	0.11498326324276978	-0.1390266141927646	0.07800034327196177	-0.1024512275344485	0.12002148297574829	-0.1432611835522685	0.13209590905757576	-0.10937751699466444	0.1263578416162088	-0.5931746970492349	1.0000000000000022	-0.42486251594174146	0.10957101605860103	-0.09928954986149971	0.31838335555001657	-0.5443786063996329	0.2695072596107094	-0.0747473915332625	0.10912509951280458	-0.1540128216752463	0.16771138224364202	-0.15581750935255567	0.06790332317904199	-0.08618303821533377	0.11394540902723577	-0.1306117009584863	0.1115007384637498	-0.05882764971927411	0.06945072611784195	-0.08622067904664357	0.09858428118586289	-0.09606724132132297	0.081736343725188	-0.054209889491343186	0.05971980232287111	-0.05824835919714358	0.05981656561208171
0.07005482428649698	-0.083094631868718	0.10167579205604554	-0.13226005895294404	0.18375394199683232	-0.07697312603570294	0.09523325183851032	-0.11387951169215824	0.14556388411125032	-0.23342593181668989	0.09588620359101573	-0.11350691912193221	0.23668223611927858	-0.42486251594174146	1.0000000000000016	-0.12241348311700523	0.10303898735644604	-0.2831307687624426	0.29286497071418327	-0.7011193233870731	0.0869774785145677	-0.12752353530998764	0.16263552590026917	-0.198356239623497	0.21482675117666855	-0.08206567407460313	0.1020064190500601	-0.13969726936496263	0.1502446794128291	-0.1644017485920105	0.07610482823567095	-0.09205823252092418	0.11230749994378028	-0.13803107533277492	0.1277012400912344	-0.11542153437043251	0.07310122978487692	-0.082815630456692	0.07856153745180318	-0.08418406626834876
-0.11819998698924329	0.10370421384286907	-0.08918804407401028	0.06975552667301413	-0.08591831479661487	0.13234058722007586	-0.13489363200555432	0.09253540968363391	-0.0703481699730599	0.068443493120957	-0.31727622241925896	0.24194888207132828	-0.1401118935889815	0.10957101605860103	-0.12241348311700523	0.9999999999999994	-0.7623800464343549	0.15367325306854898	-0.12686235209876734	0.10921395101982079	-0.21985285907593255	0.27392750236746244	-0.28170040124361234	0.13206085818964117	-0.12570077663546567	0.15386026589592405	-0.19053533204383175	0.172330674825261	-0.12302668344184567	0.09563312262497466	-0.09926212763690172	0.1085309347679382	-0.11097853549643931	0.10046152583195696	-0.09888428363606563	0.1017860023891751	-0.07108200245537341	0.07115239393234005	-0.06459724613655535	0.062282785581470324
0.09390104814472099	-0.09046416694923093	0.07493397257045864	-0.05956356470059297	0.0708980286956699	-0.11198359738699498	0.11415399172044265	-0.0809373982386226	0.059445617093824454	-0.05804455966328599	0.2144000876920109	-0.28226790351695186	0.1256258440067372	-0.09928954986149971	0.10303898735644604	-0.7623800464343549	0.9999999999999998	-0.15708385136092656	0.11204026487295421	-0.09595831525621129	0.1766070316020115	-0.43527968988260507	0.22950060928570976	-0.11767796225207111	0.10472731625211235	-0.14521858427340986	0.1729549888284829	-0.16564063522073608	0.10594502794479231	-0.08261163947131644	0.0861100993618398	-0.09910796095456477	0.09353397259473614	-0.08729889612534425	0.08315168546352926	-0.0905768954345891	0.060908682510522366	-0.06176751383657276	0.05482931133356819	-0.05355383380672549
-0.08807568704024306	0.09441333914158272	-0.11630848529830139	0.10460446453791876	-0.1363386450729888	0.09304822123461083	-0.12022957435640777	0.1271300791653198	-0.11426966811357211	0.1152421714822343	-0.13963709115285017	0.15539924769168698	-0.6321514204603013	0.31838335555001657	-0.2831307687624426	0.15367325306854898	-0.15708385136092656	0.9999999999999987	-0.5276911220288265	0.23751661459372078	-0.10357399853953625	0.15733897046521464	-0.2667064788393363	0.19369012939458752	-0.1753953789678722	0.09253678300913402	-0.11814639985492852	0.15368944489874722	-0.15673565811807694	0.12608884823068794	-0.07556523256767982	0.08822655422003946	-0.10685834917184478	0.11616410580939858	-0.11443188208902202	0.09917093497502809	-0.06680623657591156	0.07224907668005498	-0.07006708642254926	0.07063742589094524
0.06630758417727753	-0.07475507518089301	0.08903474472679265	-0.09707553095135611	0.12039935390437106	-0.0723506251783733	0.08961419637081108	-0.10039028400812079	0.10572398884097371	-0.11306933384493495	0.09921770100367938	-0.11695393176827917	0.3045430509567574	-0.5443786063996329	0.29286497071418327	-0.12686235209876734	0.11204026487295421	-0.5276911220288265	0.9999999999999979	-0.42989555682885633	0.09059878509941317	-0.13520665752009806	0.1897918965223235	-0.2966603569995178	0.19892524417134702	-0.08414825881185758	0.10710977927658605	-0.1484003653149405	0.17744514021720367	-0.1494664246573004	0.07296862322541078	-0.08690335983042324	0.1077397852821199	-0.12886782342667596	0.12194115222082522	-0.10264306083118545	0.06762919695054838	-0.0753178651979688	0.07366106259627209	-0.07651992816878558
-0.06383279712645822	0.07277566011385671	-0.09046901069392518	0.10693079460008005	-0.1704132863861172	0.0683839370481321	-0.08640368289837186	0.09694382342293302	-0.12191717261216102	0.15243900331496757	-0.08910407331570011	0.10074521489372551	-0.22847708094030986	0.2695072596107094	-0.7011193233870731	0.10921395101982079	-0.09595831525621129	0.23751661459372078	-0.42989555682885633	1.0000000000000009	-0.08481843807193479	0.11886122579627349	-0.16700297808783424	0.20460853495881218	-0.3476114885186683	0.07810707281795438	-0.10014746302576631	0.13471361892799405	-0.16862115319922677	0.1812522550590369	-0.07366470246743988	0.08749987358926681	-0.11514240099528579	0.13848422331834057	-0.14438212985794352	0.10832521656921743	-0.07223393884088791	0.08105331900241089	-0.08227450292486517	0.08612790211596985
0.046336354690153556	-0.04685627719255875	0.04394181979921188	-0.0398192668250009	0.0515961138649756	-0.05303824634709615	0.056898279281520144	-0.04717529806866288	0.0403972546816583	-0.04262074080903718	0.086976060751412	-0.09694974431141998	0.08367853065595364	-0.0747473915332625	0.0869774785145677	-0.21985285907593255	0.1766070316020115	-0.10357399853953625	0.09059878509941317	-0.08481843807193479	0.9999999999999996	-0.38379328841166843	0.22731898801600192	-0.13457130159850353	0.11291015594266678	-0.7828889128853035	0.28752127800001753	-0.2705226455685714	0.12769674720546767	-0.0957186617280224	0.149659738401947	-0.17238405293235048	0.12219949798470328	-0.10805437930991225	0.09854663036666017	-0.13531038770343798	0.08434553908900526	-0.08345813876903194	0.06814820625617399	-0.06620045775323952
-0.0687078422503082	0.06801116762209437	-0.06483628682392968	0.05767666159366911	-0.07552974418982755	0.07681460731891712	-0.08491904701116783	0.06895664253647352	-0.0590520409633221	0.06164689421733497	-0.1314971601386034	0.14388683824289167	-0.12991000503628242	0.10912509951280458	-0.12752353530998764	0.27392750236746244	-0.43527968988260507	0.15733897046521464	-0.13520665752009806	0.11886122579627349	-0.38379328841166843	1.0000000000000002	-0.5290183617082088	0.18091784344787187	-0.15683180932630997	0.2554599777089712	-0.43037389759078826	0.28327826061336825	-0.17191233818521695	0.1238082789000883	-0.1497629058262125	0.1645943231659538	-0.14825837679547038	0.1318845728026689	-0.12722526335118728	0.13776688244898433	-0.09572676885011608	0.0946154303377458	-0.08391561718644958	0.0807094606947856
0.07327516722133266	-0.07690301739881365	0.07546121698792091	-0.07106122725327646	0.09107502350148289	-0.08374692301368951	0.09205515253918473	-0.08249271375440043	0.07244064174021898	-0.07731262086476418	0.12862279032981538	-0.15066941032982561	0.17038428276977527	-0.1540128216752463	0.16263552590026917	-0.28170040124361234	0.22950060928570976	-0.2667064788393363	0.1897918965223235	-0.16700297808783424	0.22731898801600192	-0.5290183617082088	1.0000000000000004	-0.3475923753827767	0.20346324613012315	-0.2294474237017047	0.28339460965425345	-0.48656670822681475	0.24242854066454989	-0.1759567222829761	0.14810385926540956	-0.18013059898431236	0.1745495517612877	-0.18236923153372214	0.1620812542103939	-0.17570703769094037	0.11286595391408938	-0.12029713048567217	0.10624359321162402	-0.1069977169452656
-0.05232426370264298	0.05647627064073829	-0.0626515009882454	0.06484756668718339	-0.09037509853742637	0.057285580032554774	-0.06793821940856644	0.06758549842744767	-0.06903126339173182	0.07697384380203545	-0.08180258441810645	0.09218670895771461	-0.1575192022922852	0.16771138224364202	-0.198356239623497	0.13206085818964117	-0.11767796225207111	0.19369012939458752	-0.2966603569995178	0.20460853495881218	-0.13457130159850353	0.18091784344787187	-0.3475923753827767	0.9999999999999966	-0.4041474658163701	0.12184529064664228	-0.17482947243723387	0.24480711316967074	-0.6625631623193262	0.27135394300628374	-0.11003772107850535	0.12757675379317496	-0.18286090576386776	0.22070143115821106	-0.22726792025962494	0.14676074672045847	-0.10449706907677603	0.11622977083722144	-0.1261939083590141	0.12527873073461115
0.0500979750517502	-0.0552416502098161	0.060840508331505574	-0.06590356252132136	0.09168513897448158	-0.055495951273427366	0.0650836510739826	-0.06628332296357618	0.06912641871363114	-0.0813735380048647	0.0764576705564699	-0.08785454382884308	0.1381477805866148	-0.15581750935255567	0.21482675117666855	-0.12570077663546567	0.10472731625211235	-0.1753953789678722	0.19892524417134702	-0.3476114885186683	0.11291015594266678	-0.15683180932630997	0.20346324613012315	-0.4041474658163701	0.9999999999999967	-0.10948902047796788	0.14146794696115253	-0.20757827550455224	0.28928484976997215	-0.6346527302356287	0.11502380265214733	-0.1411937134972381	0.1880920489568726	-0.2801725964188117	0.2699015258542151	-0.18912380476056234	0.12083049164354277	-0.14495177540752804	0.14826018224346293	-0.17433378874786637
-0.03951160187553808	0.03989142301220939	-0.038761351368029995	0.0356971906784476	-0.047513767315049464	0.04426397163509603	-0.04882460563764492	0.04130766581128796	-0.036532277817014715	0.03890566553727949	-0.07175253321868838	0.07802553852455535	-0.07658537098974554	0.06790332317904199	-0.08206567407460313	0.15386026589592405	-0.14521858427340986	0.09253678300913402	-0.08414825881185758	0.07810707281795438	-0.7828889128853035	0.2554599777089712	-0.2294474237017047	0.12184529064664228	-0.10948902047796788	0.9999999999999984	-0.45116972933529553	0.2371419683806024	-0.12384085984785223	0.08966569778875476	-0.18346706044288424	0.17385623357540061	-0.12258567769844478	0.10132241039365224	-0.09574757526006089	0.12738795863103441	-0.08403043960514761	0.07964638438915081	-0.06594426662472673	0.06270017243583069
0.04735091560811829	-0.048499434411385454	0.04705178029615965	-0.043794184184669994	0.05788224035398738	-0.05362946638376457	0.0588471099384098	-0.050529719688151876	0.04478553922818806	-0.047906584624898156	0.0853472508799941	-0.09668339642255704	0.09480982483253202	-0.08618303821533377	0.1020064190500601	-0.19053533204383175	0.1729549888284829	-0.11814639985492852	0.10710977927658605	-0.10014746302576631	0.28752127800001753	-0.43037389759078826	0.28339460965425345	-0.17482947243723387	0.14146794696115253	-0.45116972933529553	1.000000000000002	-0.5947056406921978	0.1792080744226181	-0.12383408056621914	0.1933336337113073	-0.28498237041107094	0.15831142142194835	-0.13721395726000268	0.12454792386066763	-0.15823909099981817	0.10531697875786566	-0.10281853472630972	0.08494387782055601	-0.0819697976269291
-0.05405377659076299	0.05594706694154749	-0.057427383008034426	0.055189751460884715	-0.07531386577194984	0.05980303275890633	-0.06808043647648093	0.061340728861806595	-0.0571867962487865	0.06208459716704587	-0.09168602249268581	0.10137517889922902	-0.1255365398946268	0.11394540902723577	-0.13969726936496263	0.172330674825261	-0.16564063522073608	0.15368944489874722	-0.1484003653149405	0.13471361892799405	-0.2705226455685714	0.28327826061336825	-0.48656670822681475	0.24480711316967074	-0.20757827550455224	0.2371419683806024	-0.5947056406921978	1.000000000000001	-0.35051789944206946	0.17641393188684526	-0.17776885153205857	0.19565067683640622	-0.20821240665956098	0.18177695035461294	-0.17463989462869653	0.16694420291743828	-0.12043003680758195	0.12202072478222911	-0.11085859635312392	0.10637071624957263
0.044217814405250175	-0.04763740561181633	0.051232386525966685	-0.05274189598349162	0.07196123895938686	-0.04900486418642441	0.05688396889642506	-0.05556553985477604	0.05519490619080813	-0.06178567394928879	0.07040357677126115	-0.08014842267161967	0.12012981280886008	-0.1306117009584863	0.1502446794128291	-0.12302668344184567	0.10594502794479231	-0.15673565811807694	0.17744514021720367	-0.16862115319922677	0.12769674720546767	-0.17191233818521695	0.24242854066454989	-0.6625631623193262	0.28928484976997215	-0.12384085984785223	0.1792080744226181	-0.35051789944206946	1.0	-0.4187661465215571	0.11137760227107768	-0.13385300955060309	0.18910294278034986	-0.3170782871690052	0.23965283189501338	-0.1550652308120869	0.10739378363378467	-0.12452056955750754	0.1340946467918127	-0.13990206846940767
-0.0385419155041134	0.04196779933269861	-0.04652518258152873	0.04958206378757599	-0.0714110001846682	0.04229169539232522	-0.04996581692420963	0.0500529542738917	-0.052504715434466956	0.0608198750282249	-0.05904779520142718	0.0666982931865972	-0.10522177322411452	0.1115007384637498	-0.1644017485920105	0.09563312262497466	-0.08261163947131644	0.12608884823068794	-0.1494664246573004	0.1812522550590369	-0.0957186617280224	0.1238082789000883	-0.1759567222829761	0.27135394300628374	-0.6346527302356287	0.08966569778875476	-0.12383408056621914	0.17641393188684526	-0.4187661465215571	0.9999999999999998	-0.09603872468624558	0.11419153031327293	-0.17955509083997814	0.2554946105707986	-0.49449459920429556	0.14881763676556944	-0.10671609976365123	0.1253934960982276	-0.15909693889329168	0.17350103750438758
0.029769989131870275	-0.031046412715034177	0.03142273333163119	-0.030622121409105474	0.04212934644259214	-0.03324823387702807	0.03735059277019525	-0.03359832284468079	0.031422945964145986	-0.03457577275090315	0.05005430630560672	-0.056050271460246395	0.06259113915147937	-0.05882764971927411	0.07610482823567095	-0.09926212763690172	0.0861100993618398	-0.07556523256767982	0.07296862322541078	-0.07366470246743988	0.149659738401947	-0.1497629058262125	0.14810385926540956	-0.11003772107850535	0.11502380265214733	-0.18346706044288424	0.1933336337113073	-0.17776885153205857	0.11137760227107768	-0.09603872468624558	1.0000000000000002	-0.7819942097328438	0.21397467900244588	-0.13845675970156401	0.12468813449159089	-0.4521207705115134	0.19428846728842644	-0.16357844132659907	0.1031661871159724	-0.09385441491319345
-0.03455936576493533	0.035983607543765804	-0.03694022385370982	0.036188971475768425	-0.050504477010108455	0.03826703851065801	-0.04346690676602447	0.039331185847519747	-0.037304134289501176	0.041189085047551505	-0.05747674351689199	0.06364022349986226	-0.07427000190970552	0.06945072611784195	-0.09205823252092418	0.1085309347679382	-0.09910796095456477	0.08822655422003946	-0.08690335983042324	0.08749987358926681	-0.17238405293235048	0.1645943231659538	-0.18013059898431236	0.12757675379317496	-0.1411937134972381	0.17385623357540061	-0.28498237041107094	0.19565067683640622	-0.13385300955060309	0.11419153031327293	-0.7819942097328438	1.0000000000000002	-0.299959972016735	0.16330535753023362	-0.1537134350245743	0.2779633908466281	-0.21945176364138716	0.1695258714536927	-0.12107978647481091	0.10636198218482082
0.03806722391637511	-0.04061030957713311	0.042369481771748825	-0.04296303968970324	0.05947142329205101	-0.0423640058421753	0.048314740070965534	-0.04556634119496892	0.04416328694703865	-0.04965049087512055	0.06082590985673626	-0.0687453841308562	0.08688800776586152	-0.08622067904664357	0.11230749994378028	-0.11097853549643931	0.09353397259473614	-0.10685834917184478	0.1077397852821199	-0.11514240099528579	0.12219949798470328	-0.14825837679547038	0.1745495517612877	-0.18286090576386776	0.1880920489568726	-0.12258567769844478	0.15831142142194835	-0.20821240665956098	0.18910294278034986	-0.17955509083997814	0.21397467900244588	-0.299959972016735	1.0000000000000002	-0.5296368019837425	0.25139744105349976	-0.4074308593669277	0.27476032825057184	-0.4827597088581107	0.22609927637778282	-0.22180918152038703
-0.03878621814695179	0.041691631648645415	-0.04526056160771611	0.04704757110510005	-0.0674187485663482	0.04257472537677054	-0.04979789025682915	0.048434464115216166	-0.04921624749447932	0.05608171918651887	-0.06013288669148764	0.06739609760578172	-0.09752691550611835	0.09858428118586289	-0.13803107533277492	0.10046152583195696	-0.08729889612534425	0.11616410580939858	-0.12886782342667596	0.13848422331834057	-0.10805437930991225	0.1318845728026689	-0.18236923153372214	0.22070143115821106	-0.2801725964188117	0.10132241039365224	-0.13721395726000268	0.18177695035461294	-0.3170782871690052	0.2554946105707986	-0.13845675970156401	0.16330535753023362	-0.5296368019837425	0.9999999999999998	-0.5393191000014821	0.21933334110726377	-0.184122558032643	0.2255158159019656	-0.3308866653268811	0.25339276663542587
0.0369085630986123	-0.03996688490661107	0.04285373257522765	-0.04476329141683239	0.062402860420122525	-0.04091339351491563	0.047351182593258274	-0.04628872286925853	0.04642877137584823	-0.05314070734787587	0.0574331474578397	-0.06526427889151355	0.09206157738781028	-0.09606724132132297	0.1277012400912344	-0.09888428363606563	0.08315168546352926	-0.11443188208902202	0.12194115222082522	-0.14438212985794352	0.09854663036666017	-0.12722526335118728	0.1620812542103939	-0.22726792025962494	0.2699015258542151	-0.09574757526006089	0.12454792386066763	-0.17463989462869653	0.23965283189501338	-0.49449459920429556	0.12468813449159089	-0.1537134350245743	0.25139744105349976	-0.5393191000014821	0.9999999999999998	-0.22540540389366182	0.1555131707642892	-0.2026943673569718	0.2643279688259421	-0.4242804180627825
-0.037525699912586176	0.039668844806817524	-0.04221810421107181	0.04280726608554003	-0.06166390643448506	0.041102049135043395	-0.04767710947029437	0.04479950451475911	-0.04438643749203934	0.049992291713168796	-0.05917222643591151	0.06539296087633187	-0.08524672026997182	0.081736343725188	-0.11542153437043251	0.1017860023891751	-0.0905768954345891	0.09917093497502809	-0.10264306083118545	0.10832521656921743	-0.13531038770343798	0.13776688244898433	-0.17570703769094037	0.14676074672045847	-0.18912380476056234	0.12738795863103441	-0.15823909099981817	0.16694420291743828	-0.1550652308120869	0.14881763676556944	-0.4521207705115134	0.2779633908466281	-0.4074308593669277	0.21933334110726377	-0.22540540389366182	1.0	-0.5689269919808245	0.29054597505783125	-0.19694067608965538	0.1605004015564477
0.024692144168142853	-0.02621684023770767	0.027463068792333803	-0.027774498033871445	0.0390256512039323	-0.02734224767934199	0.03131458882154975	-0.029377236363289372	0.028621876240596013	-0.03217148953461966	0.039403953071518186	-0.044175322395058954	0.05560170238167834	-0.054209889491343186	0.07310122978487692	-0.07108200245537341	0.060908682510522366	-0.06680623657591156	0.06762919695054838	-0.07223393884088791	0.08434553908900526	-0.09572676885011608	0.11286595391408938	-0.10449706907677603	0.12083049164354277	-0.08403043960514761	0.10531697875786566	-0.12043003680758195	0.10739378363378467	-0.10671609976365123	0.19428846728842644	-0.21945176364138716	0.27476032825057184	-0.184122558032643	0.1555131707642892	-0.5689269919808245	1.0000000000000004	-0.6828961442603537	0.18442773753271113	-0.1693169710928798
-0.026122792493034737	0.027823373233381764	-0.029616525010988475	0.03026904427763325	-0.04313415398533771	0.02875294747814945	-0.033272286363638444	0.03160813851642985	-0.0313708441821267	0.03546933499150294	-0.04106482380553174	0.04584592975439056	-0.06084770390546157	0.05971980232287111	-0.082815630456692	0.07115239393234005	-0.06176751383657276	0.07224907668005498	-0.0753178651979688	0.08105331900241089	-0.08345813876903194	0.0946154303377458	-0.12029713048567217	0.11622977083722144	-0.14495177540752804	0.07964638438915081	-0.10281853472630972	0.12202072478222911	-0.12452056955750754	0.1253934960982276	-0.16357844132659907	0.1695258714536927	-0.4827597088581107	0.2255158159019656	-0.2026943673569718	0.29054597505783125	-0.6828961442603537	1.0000000000000009	-0.3198059284437172	0.2056740499232907
0.023845424875927272	-0.025633297652000578	0.027344208153810733	-0.02825452105226228	0.03971779929055742	-0.026371609512072375	0.030478082896166134	-0.02938568720513781	0.02926646625452584	-0.03327313324788625	0.03727971611609445	-0.04206825562533913	0.05744805692165886	-0.05824835919714358	0.07856153745180318	-0.06459724613655535	0.05482931133356819	-0.07006708642254926	0.07366106259627209	-0.08227450292486517	0.06814820625617399	-0.08391561718644958	0.10624359321162402	-0.1261939083590141	0.14826018224346293	-0.06594426662472673	0.08494387782055601	-0.11085859635312392	0.1340946467918127	-0.15909693889329168	0.1031661871159724	-0.12107978647481091	0.22609927637778282	-0.3308866653268811	0.2643279688259421	-0.19694067608965538	0.18442773753271113	-0.3198059284437172	1.0000000000000009	-0.7972472591072879
-0.023928250452138665	0.02575322647640615	-0.02784579283163601	0.02898954957824209	-0.041428350013404204	0.02631691728802467	-0.030687362631081613	0.029827371122491196	-0.030222546665507128	0.03452996267667742	-0.037040681864084456	0.04160095325807142	-0.05904909004944123	0.05981656561208171	-0.08418406626834876	0.062282785581470324	-0.05355383380672549	0.07063742589094524	-0.07651992816878558	0.08612790211596985	-0.06620045775323952	0.0807094606947856	-0.1069977169452656	0.12527873073461115	-0.17433378874786637	0.06270017243583069	-0.0819697976269291	0.10637071624957263	-0.13990206846940767	0.17350103750438758	-0.09385441491319345	0.10636198218482082	-0.22180918152038703	0.25339276663542587	-0.4242804180627825	0.1605004015564477	-0.1693169710928798	0.2056740499232907	-0.7972472591072879	1.0000000000000009
