0.9999999999999999	-0.868971725572001	0.1811052663029666	-0.13140891707039665	0.12700551284085193	-0.15962001563872094	0.2578917573749604	-0.2230610262595131	0.12795975157932363	-0.10208069300523169	0.12009259646202551	-0.2290576397279578	0.12869524064351076	-0.11401023850219491	0.1108408094081965	-0.06750370156914137	0.08033196473336945	-0.11404219842700386	0.0998180204520793	-0.09857942136776691	0.07485402323587434	-0.08816279417404009	0.10256074165384398	-0.08966105306193106	0.08057099083106073	-0.06334537001066455	0.08489035699496995	-0.10034304706834897	0.08223745586957597	-0.08229712560367822	0.054646388212934875	-0.08437754780321441	0.0862242036431825	-0.07549225453786038	0.0863339352311955	-0.0834708379784339	0.05828187184496828	-0.09606668564647075	0.09732848298174503	-0.17011707727206146
-0.868971725572001	0.9999999999999998	-0.19746319575874208	0.11620445408474595	-0.11496289476035794	0.12838525147040517	-0.36380572967102	0.19664057830362475	-0.1141891048207311	0.08776167898027788	-0.10441324116106139	0.18106229968372187	-0.10887581046207062	0.09424898772975727	-0.09457152884680899	0.05504018581104241	-0.06561789016297388	0.09187738718994587	-0.08273577839675877	0.08058776585909247	-0.06188187730955446	0.07032584896941269	-0.0839076954854636	0.07242966881417165	-0.06576264310657094	0.04971671142479668	-0.067825106842756	0.0796445627190153	-0.06605393607383993	0.0656794084145185	-0.043090312981561005	0.0664158843070719	-0.06853681408797915	0.05994094010455745	-0.06909644712175043	0.06454068971979465	-0.04545167207079088	0.07457152026531533	-0.07693351433775955	0.1290730951792861
0.1811052663029666	-0.19746319575874208	1.0	-0.5827271696674521	0.2989335095325094	-0.1648436930312093	0.2561460733255195	-0.5035078309716127	0.24822209405843834	-0.2110033541054437	0.13399750596610388	-0.2650270335585287	0.1932712940958087	-0.18985322754870826	0.19529024884848292	-0.09014859712965691	0.11251892680994621	-0.17718571115735643	0.1634554375274284	-0.16982753871668108	0.10251962322515862	-0.12651766752209978	0.15943761772753628	-0.14788779157182103	0.133267689203319	-0.10057530037954929	0.1333992277652318	-0.16081736605806832	0.13343169266922494	-0.13558135507105903	0.08679842307177975	-0.13493506220532223	0.1387943713663196	-0.12284803855524475	0.1401819926363789	-0.13713823876011416	0.09508107737069961	-0.1579693006204041	0.15838918077265277	-0.2883837798864304
-0.13140891707039665	0.11620445408474595	-0.5827271696674521	1.0000000000000002	-0.6604613056633066	0.10804812062293867	-0.17961518839593457	0.24296692060884337	-0.2888147885627766	0.22709774082063833	-0.09258077986542397	0.17560768272310762	-0.14917700537170853	0.15913490750771558	-0.19436614586906495	0.0638367811064995	-0.08136684440876295	0.13113666445382516	-0.13619604018653866	0.14071310447184812	-0.07397434049819095	0.0901613397353415	-0.12127824319577603	0.11552157432934965	-0.10743654081946316	0.0711817465567169	-0.09747730175916813	0.11756920115673357	-0.10108905249337315	0.10214610274954157	-0.06191368042258123	0.09665329374169433	-0.10156187275855531	0.09043323158153811	-0.10495544854017086	0.09525720200384707	-0.06703162621871296	0.11075525204904985	-0.11481718328932339	0.19382415475270945
0.12700551284085193	-0.11496289476035794	0.2989335095325094	-0.6604613056633066	0.9999999999999997	-0.13588623607540132	0.18846613039363405	-0.2688991096483744	0.2787850432605595	-0.40439122311055603	0.11358578590081908	-0.22636583415111677	0.18191485078575537	-0.2046634131421536	0.23922689203755565	-0.08345901716538981	0.10632691777301728	-0.17410192669828048	0.17302793651566842	-0.1948224672365914	0.09599568234463296	-0.12094016057679192	0.1579440287784602	-0.1568694837742667	0.14246327682073923	-0.10014836732796581	0.13278510591967707	-0.16220113072110853	0.13704070358532203	-0.14135044246991846	0.08650309623235757	-0.13521538778578068	0.13979273057760602	-0.12513261658465927	0.14293561563140775	-0.13785878865539422	0.09553260656442816	-0.15926871130566886	0.15963694899245437	-0.29090385763437554
-0.15962001563872094	0.12838525147040517	-0.1648436930312093	0.10804812062293867	-0.13588623607540132	1.0000000000000004	-0.31279729179354143	0.17587397843151295	-0.13814556273266698	0.10255489684862816	-0.8318157466433168	0.26946934315264953	-0.1627334121869339	0.12159589319038469	-0.12436795522808469	0.16051265499757497	-0.13958331786899997	0.12660396522610728	-0.11189369479918167	0.10157933776657463	-0.17709654656087429	0.12795660271458006	-0.12241497032774439	0.09382330746934259	-0.0867082274959804	0.07086608244656248	-0.09826353304239709	0.10548556960755162	-0.08746106976899576	0.08404316575030112	-0.06180033822631734	0.08947495393949434	-0.09121329368056058	0.07759884573316324	-0.09079129092597096	0.07893171036242341	-0.05747712843705889	0.09093609247637188	-0.09859641781274212	0.13976997007013706
0.2578917573749604	-0.36380572967102	0.2561460733255195	-0.17961518839593457	0.18846613039363405	-0.31279729179354143	0.9999999999999991	-0.5647341052084793	0.21232851614995504	-0.1610143079954461	0.21824197515562505	-0.4668683498769805	0.21677369671413493	-0.181366051890338	0.17044132017816038	-0.10681707056561308	0.12547374270196845	-0.17584088202071899	0.15246682017835547	-0.14667964223405916	0.11663993486753366	-0.1327027868843374	0.15438810091033195	-0.13158866061117375	0.11849754820944994	-0.088543050408821	0.12151404840179672	-0.1437959182113048	0.11824381374886811	-0.1172692547103717	0.07659236757463649	-0.11826434696147493	0.12152068389228449	-0.10624111127303774	0.12224240218452664	-0.11284502943936406	0.07968859311305426	-0.13058223284200246	0.13474524664537685	-0.22093176072615234
-0.2230610262595131	0.19664057830362475	-0.5035078309716127	0.24296692060884337	-0.2688991096483744	0.17587397843151295	-0.5647341052084793	0.9999999999999986	-0.37968147957088383	0.21416099895045226	-0.15560607179116337	0.26979532997440103	-0.2462849614728849	0.20223496310072758	-0.21279320110965266	0.08914567611949685	-0.11165461700486022	0.17469955978840712	-0.170071407682477	0.16160422342172334	-0.10286788421435314	0.11822072829842303	-0.15983469772095155	0.13847774230262272	-0.12807481615835647	0.08507569615508691	-0.12013884236959678	0.14315923707715597	-0.12207402264811043	0.12062127909771116	-0.07432252329904028	0.11553241997715236	-0.12213281793921127	0.10750490353523856	-0.12561569442054718	0.10925036035450275	-0.07798254266815173	0.12760633400186844	-0.13553871019679253	0.21230543285606346
0.12795975157932363	-0.1141891048207311	0.24822209405843834	-0.2888147885627766	0.2787850432605595	-0.13814556273266698	0.21232851614995504	-0.37968147957088383	0.999999999999998	-0.6201642011209353	0.11818593042170022	-0.24199719797212732	0.22557076517454858	-0.36595096226698764	0.30235417040037443	-0.08404483523943569	0.10898004570391076	-0.19724015676040701	0.21920064766035385	-0.2374827741220611	0.09652910327225903	-0.1213587358229924	0.16965013418175665	-0.17902139580973672	0.16050746887303954	-0.0939091318946131	0.1300872623616704	-0.1637762438073417	0.14261927750687142	-0.1466309107365052	0.08156775177605212	-0.12925370061303804	0.1359842154555145	-0.12355725565388376	0.14256340492122385	-0.12401032883772452	0.08758260363418753	-0.14543349180915116	0.1505226508381094	-0.2445385790758451
-0.10208069300523169	0.08776167898027788	-0.2110033541054437	0.22709774082063833	-0.40439122311055603	0.10255489684862816	-0.1610143079954461	0.21416099895045226	-0.6201642011209353	0.9999999999999986	-0.09016449710631357	0.17696372445659328	-0.18071863782672656	0.24025598311005641	-0.5417210107927733	0.06580029263876226	-0.08637612136603945	0.15394730168163598	-0.1913072752820904	0.21270948553298002	-0.07661494750664735	0.0954298595673731	-0.13941554414025775	0.1476552877776657	-0.1454440986168784	0.07477608326760793	-0.1054030488942793	0.13152507078080758	-0.1188192708830458	0.12135014447604786	-0.06530629906349336	0.10350549685344149	-0.11091931463298783	0.10109337831756567	-0.11905641217106512	0.09826753829638138	-0.06998870088179987	0.11585509228678056	-0.1228664587056813	0.19206536256399886
0.12009259646202551	-0.10441324116106139	0.13399750596610388	-0.09258077986542397	0.11358578590081908	-0.8318157466433168	0.21824197515562505	-0.15560607179116337	0.11818593042170022	-0.09016449710631357	0.9999999999999993	-0.38398424223426925	0.15511514869317203	-0.11566785991934656	0.1096283385391935	-0.20621037576553936	0.13905127970577585	-0.12458068297741501	0.10263522590676478	-0.09364552258951883	0.16709842375570655	-0.13205803673085137	0.11327203642566164	-0.08728613402932374	0.079199674364473	-0.06771326240982244	0.09170698017790707	-0.09972070261380957	0.08067145198579158	-0.07795446904043717	0.05814441645752499	-0.08476652373554211	0.08434193506068188	-0.07182212712332219	0.08299461985797899	-0.07472382157427959	0.05386832380607151	-0.08561063058800035	0.09042909662340365	-0.13193601736761998
-0.2290576397279578	0.18106229968372187	-0.2650270335585287	0.17560768272310762	-0.22636583415111677	0.26946934315264953	-0.4668683498769805	0.26979532997440103	-0.24199719797212732	0.17696372445659328	-0.38398424223426925	0.9999999999999994	-0.45381955824876896	0.23620040028898653	-0.2264471168574332	0.1513716465905992	-0.20547289728927648	0.23890627277030196	-0.21102106819323302	0.1793136035583543	-0.17108034783287632	0.18005215558784932	-0.22472317906197536	0.16427890634377396	-0.15243809513709464	0.10524639494224358	-0.1564160907569752	0.17765247264803777	-0.14933581577481822	0.14219281976315712	-0.09266106779366141	0.14167366935606993	-0.1503364903752907	0.12905494232531486	-0.15243014548339676	0.12454215654459201	-0.09122827790096258	0.14618992710078565	-0.16184502931326772	0.22298172972947844
0.12869524064351076	-0.10887581046207062	0.1932712940958087	-0.14917700537170853	0.18191485078575537	-0.1627334121869339	0.21677369671413493	-0.2462849614728849	0.22557076517454858	-0.18071863782672656	0.15511514869317203	-0.45381955824876896	0.9999999999999966	-0.507865704250742	0.2337885490988694	-0.10905838231707456	0.1511810421993384	-0.5101176294576328	0.2653409409453034	-0.21659575004091608	0.12153804313123737	-0.15959996086206651	0.25598635781742324	-0.19778106569021564	0.16746169861551494	-0.10308683993557767	0.1513146714659169	-0.20595798026685633	0.16028004281506264	-0.1554167261712285	0.08959572634703124	-0.1439237457538075	0.15142661736887925	-0.13405988398301583	0.15328422790068078	-0.12708361716982017	0.09145140742053293	-0.15073980424109254	0.15837650438542392	-0.2294703499089989
-0.11401023850219491	0.09424898772975727	-0.18985322754870826	0.15913490750771558	-0.2046634131421536	0.12159589319038469	-0.181366051890338	0.20223496310072758	-0.36595096226698764	0.24025598311005641	-0.11566785991934656	0.23620040028898653	-0.507865704250742	0.9999999999999952	-0.4149383621689717	0.08580436528580729	-0.1187955199215246	0.260020617106533	-0.5183831109076451	0.2681833340920823	-0.10028768984467784	0.12610202865719436	-0.2164743318465428	0.22015822099765645	-0.20000121489305572	0.09140340828542665	-0.13630994722062625	0.17626091219156437	-0.16416294904098178	0.15754312874406826	-0.08041507364628946	0.12899970738384983	-0.14178697047358046	0.12964214901452042	-0.15350369852576895	0.11471846104834037	-0.08352373029665999	0.13746892062955685	-0.15141852295279043	0.20940219089536455
0.1108408094081965	-0.09457152884680899	0.19529024884848292	-0.19436614586906495	0.23922689203755565	-0.12436795522808469	0.17044132017816038	-0.21279320110965266	0.30235417040037443	-0.5417210107927733	0.1096283385391935	-0.2264471168574332	0.2337885490988694	-0.4149383621689717	0.9999999999999993	-0.08530665928626838	0.11329052706249226	-0.21833641098615114	0.2751228204173421	-0.46285210608059796	0.09893652941598595	-0.12728079831799177	0.18855181537245735	-0.23076685187854332	0.22184937833600946	-0.10156389905563669	0.14255479900838125	-0.18503986966553032	0.16965070468908808	-0.18173515551748237	0.08844743160301985	-0.1420092954923479	0.15167088733402076	-0.14195203456847155	0.16532295547841297	-0.13388779616208957	0.0951132090389274	-0.1587844628555932	0.1661374421264925	-0.2594981676539629
-0.06750370156914137	0.05504018581104241	-0.09014859712965691	0.0638367811064995	-0.08345901716538981	0.16051265499757497	-0.10681707056561308	0.08914567611949685	-0.08404483523943569	0.06580029263876226	-0.20621037576553936	0.1513716465905992	-0.10905838231707456	0.08580436528580729	-0.08530665928626838	0.9999999999999949	-0.4673881418697519	0.12047565788523841	-0.08643302518279394	0.07782582547124996	-0.7870212179811211	0.2843388916294355	-0.11961993345008348	0.07852132270080145	-0.07037524558396503	0.10095626956305591	-0.12036328638982613	0.1037152846222018	-0.07805946343243134	0.07296790013458804	-0.08488067874170005	0.10208304872093939	-0.0884170925457006	0.07072734728442863	-0.079643653318655	0.07867115158982908	-0.05793208367638063	0.08520107270291724	-0.08788794379557378	0.11357503015164512
0.08033196473336945	-0.06561789016297388	0.11251892680994621	-0.08136684440876295	0.10632691777301728	-0.13958331786899997	0.12547374270196845	-0.11165461700486022	0.10898004570391076	-0.08637612136603945	0.13905127970577585	-0.20547289728927648	0.1511810421993384	-0.1187955199215246	0.11329052706249226	-0.4673881418697519	0.9999999999999942	-0.21070428840850838	0.12086935633489407	-0.10783755585958549	0.29996391650742754	-0.7406536928863973	0.18211012160542128	-0.1112272723579839	0.09722944396773665	-0.11460133466749535	0.17100960261623363	-0.1531260652486014	0.10886124336390852	-0.10157089170418361	0.09424557372313826	-0.14640579907779397	0.1211296520542491	-0.09751400762160745	0.10822769515036328	-0.10367134757498135	0.07515785005535794	-0.11619152582180943	0.11762647554656173	-0.15382624649396465
-0.11404219842700386	0.09187738718994587	-0.17718571115735643	0.13113666445382516	-0.17410192669828048	0.12660396522610728	-0.17584088202071899	0.17469955978840712	-0.19724015676040701	0.15394730168163598	-0.12458068297741501	0.23890627277030196	-0.5101176294576328	0.260020617106533	-0.21833641098615114	0.12047565788523841	-0.21070428840850838	0.999999999999999	-0.330545075658391	0.20868063306902282	-0.1395189615651505	0.19147461756373368	-0.5993454330529434	0.21443663158052104	-0.1855702066484339	0.1108179566227328	-0.18291994400886818	0.24973841540178388	-0.18957671477044644	0.1671030182592765	-0.0980142670372883	0.15845132410540178	-0.17663434263659256	0.1489993833144421	-0.17275653028864335	0.12826871412646434	-0.09559547834058066	0.15498934098295308	-0.1729836509233688	0.21498303069585706
0.0998180204520793	-0.08273577839675877	0.1634554375274284	-0.13619604018653866	0.17302793651566842	-0.11189369479918167	0.15246682017835547	-0.170071407682477	0.21920064766035385	-0.1913072752820904	0.10263522590676478	-0.21102106819323302	0.2653409409453034	-0.5183831109076451	0.2751228204173421	-0.08643302518279394	0.12086935633489407	-0.330545075658391	0.999999999999996	-0.4999000108683225	0.10052232325754301	-0.13347538256867053	0.2325628295620008	-0.4293167558664376	0.2770198081058605	-0.1009463168125836	0.1502471885914721	-0.21089331998775984	0.20971408424656648	-0.20746455884882053	0.08853895439320965	-0.14570627868108954	0.16074066573897763	-0.15668333218761732	0.18041265945323623	-0.12719416266172034	0.09259221748538485	-0.15460557642583392	0.16880215791547426	-0.2283179234899409
-0.09857942136776691	0.08058776585909247	-0.16982753871668108	0.14071310447184812	-0.1948224672365914	0.10157933776657463	-0.14667964223405916	0.16160422342172334	-0.2374827741220611	0.21270948553298002	-0.09364552258951883	0.1793136035583543	-0.21659575004091608	0.2681833340920823	-0.46285210608059796	0.07782582547124996	-0.10783755585958549	0.20868063306902282	-0.4999000108683225	1.0000000000000016	-0.0931546622041705	0.1178851649977875	-0.20758794518250984	0.2956751107689036	-0.5307445855815941	0.094696194473758	-0.14462992224844773	0.18748030065576823	-0.2106402364592284	0.21933804957584782	-0.08428618887845149	0.13729591906318314	-0.15951680328209192	0.15505960922809045	-0.20054276438088114	0.11974347751600999	-0.08880343749323394	0.14686476155539868	-0.1717844480805241	0.21467788182956857
0.07485402323587434	-0.06188187730955446	0.10251962322515862	-0.07397434049819095	0.09599568234463296	-0.17709654656087429	0.11663993486753366	-0.10286788421435314	0.09652910327225903	-0.07661494750664735	0.16709842375570655	-0.17108034783287632	0.12153804313123737	-0.10028768984467784	0.09893652941598595	-0.7870212179811211	0.29996391650742754	-0.1395189615651505	0.10052232325754301	-0.0931546622041705	0.9999999999999908	-0.4188155711792656	0.13963016203673842	-0.095156362550999	0.08427957264052603	-0.14576574504571832	0.14984699286157574	-0.13000405366859147	0.09527798478833381	-0.0898960396506893	0.10909538568695691	-0.13469685600411782	0.11018743022117695	-0.0878716575136671	0.09733861698105425	-0.1032025728103954	0.07416661620126809	-0.1097191010236548	0.10864066249225336	-0.14443459195852076
-0.08816279417404009	0.07032584896941269	-0.12651766752209978	0.0901613397353415	-0.12094016057679192	0.12795660271458006	-0.1327027868843374	0.11822072829842303	-0.1213587358229924	0.0954298595673731	-0.13205803673085137	0.18005215558784932	-0.15959996086206651	0.12610202865719436	-0.12728079831799177	0.2843388916294355	-0.7406536928863973	0.19147461756373368	-0.13347538256867053	0.1178851649977875	-0.4188155711792656	0.9999999999999992	-0.23922511966356794	0.1240180189277419	-0.11054823536863864	0.13220901768622545	-0.25484188392064094	0.1763521849974973	-0.1266722224898854	0.11468373811157645	-0.11372125334254106	0.168731720536608	-0.1435978035048291	0.11211583511590363	-0.1259939658347041	0.11425530945397436	-0.08541637872213549	0.12856883477444359	-0.13615588740582396	0.16485644045317333
0.10256074165384398	-0.0839076954854636	0.15943761772753628	-0.12127824319577603	0.1579440287784602	-0.12241497032774439	0.15438810091033195	-0.15983469772095155	0.16965013418175665	-0.13941554414025775	0.11327203642566164	-0.22472317906197536	0.25598635781742324	-0.2164743318465428	0.18855181537245735	-0.11961993345008348	0.18211012160542128	-0.5993454330529434	0.2325628295620008	-0.20758794518250984	0.13963016203673842	-0.23922511966356794	0.9999999999999912	-0.27662833597613645	0.19564913148901095	-0.13594830503109742	0.21974334514397645	-0.5020142501021804	0.230859782991262	-0.2036934426260695	0.11720110214396263	-0.2017049078999178	0.21240761410803274	-0.18147848725212715	0.19403588273998612	-0.15621042844451272	0.11421736474400074	-0.19080613710336358	0.19501581462707288	-0.2529125964957075
-0.08966105306193106	0.07242966881417165	-0.14788779157182103	0.11552157432934965	-0.1568694837742667	0.09382330746934259	-0.13158866061117375	0.13847774230262272	-0.17902139580973672	0.1476552877776657	-0.08728613402932374	0.16427890634377396	-0.19778106569021564	0.22015822099765645	-0.23076685187854332	0.07852132270080145	-0.1112272723579839	0.21443663158052104	-0.4293167558664376	0.2956751107689036	-0.095156362550999	0.1240180189277419	-0.27662833597613645	0.9999999999999893	-0.5971643934913505	0.10339842236371755	-0.16638144088207818	0.23789014406082837	-0.431672736079916	0.2776620570058736	-0.09270690899596762	0.15561768788602667	-0.19216077545921964	0.20277520091319814	-0.24279014057906184	0.1281851349779385	-0.09694242351574332	0.1620709397642615	-0.19905555519035303	0.21947015838786926
0.08057099083106073	-0.06576264310657094	0.133267689203319	-0.10743654081946316	0.14246327682073923	-0.0867082274959804	0.11849754820944994	-0.12807481615835647	0.16050746887303954	-0.1454440986168784	0.079199674364473	-0.15243809513709464	0.16746169861551494	-0.20000121489305572	0.22184937833600946	-0.07037524558396503	0.09722944396773665	-0.1855702066484339	0.2770198081058605	-0.5307445855815941	0.08427957264052603	-0.11054823536863864	0.19564913148901095	-0.5971643934913505	0.9999999999999878	-0.09571266685522051	0.144770886584246	-0.2085734944458959	0.2644593095019565	-0.40516238365986734	0.08482067275527794	-0.14315805693055542	0.1665411244992918	-0.1835167194655689	0.226973747596284	-0.12236683167532122	0.09040659592199696	-0.15342856037451452	0.17484423746362565	-0.21862523947108453
-0.06334537001066455	0.04971671142479668	-0.10057530037954929	0.0711817465567169	-0.10014836732796581	0.07086608244656248	-0.088543050408821	0.08507569615508691	-0.0939091318946131	0.07477608326760793	-0.06771326240982244	0.10524639494224358	-0.10308683993557767	0.09140340828542665	-0.10156389905563669	0.10095626956305591	-0.11460133466749535	0.1108179566227328	-0.1009463168125836	0.094696194473758	-0.14576574504571832	0.13220901768622545	-0.13594830503109742	0.10339842236371755	-0.09571266685522051	0.9999999999999931	-0.36017118011637234	0.16497601057420047	-0.12465311338187249	0.11023822892679278	-0.8215387322847352	0.26240577179776703	-0.186040976863948	0.12455513772585795	-0.13481567976242043	0.20831884375079782	-0.17146698229871238	0.16176026518385406	-0.1631569036594296	0.15110491645506074
0.08489035699496995	-0.067825106842756	0.1333992277652318	-0.09747730175916813	0.13278510591967707	-0.09826353304239709	0.12151404840179672	-0.12013884236959678	0.1300872623616704	-0.1054030488942793	0.09170698017790707	-0.1564160907569752	0.1513146714659169	-0.13630994722062625	0.14255479900838125	-0.12036328638982613	0.17100960261623363	-0.18291994400886818	0.1502471885914721	-0.14462992224844773	0.14984699286157574	-0.25484188392064094	0.21974334514397645	-0.16638144088207818	0.144770886584246	-0.36017118011637234	0.9999999999999959	-0.40957001007051536	0.20140517787337672	-0.17916500944746266	0.25260024054217856	-0.6362130149018057	0.27754604819067813	-0.19564563304300975	0.19301180275070856	-0.21291257587758117	0.15469570943238556	-0.23324843491904113	0.21248882708419764	-0.23772206705511967
-0.10034304706834897	0.0796445627190153	-0.16081736605806832	0.11756920115673357	-0.16220113072110853	0.10548556960755162	-0.1437959182113048	0.14315923707715597	-0.1637762438073417	0.13152507078080758	-0.09972070261380957	0.17765247264803777	-0.20595798026685633	0.17626091219156437	-0.18503986966553032	0.1037152846222018	-0.1531260652486014	0.24973841540178388	-0.21089331998775984	0.18748030065576823	-0.13000405366859147	0.1763521849974973	-0.5020142501021804	0.23789014406082837	-0.2085734944458959	0.16497601057420047	-0.40957001007051536	0.9999999999999889	-0.4314406940662102	0.2440874761427351	-0.14959798315039904	0.26454258213472615	-0.37889690381198493	0.24954472946709852	-0.2655866721918947	0.17212416155949017	-0.13635081818716543	0.22111346801062293	-0.2553443320513944	0.2501890715871472
0.08223745586957597	-0.06605393607383993	0.13343169266922494	-0.10108905249337315	0.13704070358532203	-0.08746106976899576	0.11824381374886811	-0.12207402264811043	0.14261927750687142	-0.1188192708830458	0.08067145198579158	-0.14933581577481822	0.16028004281506264	-0.16416294904098178	0.16965070468908808	-0.07805946343243134	0.10886124336390852	-0.18957671477044644	0.20971408424656648	-0.2106402364592284	0.09527798478833381	-0.1266722224898854	0.230859782991262	-0.431672736079916	0.2644593095019565	-0.12465311338187249	0.20140517787337672	-0.4314406940662102	0.9999999999999893	-0.525027760488657	0.11105922346772588	-0.20121225174541482	0.25215962853733226	-0.41657243624151524	0.30433337906139235	-0.15474563527587232	0.11718984082197745	-0.2059207641700979	0.24289027741068442	-0.25719492964959445
-0.08229712560367822	0.0656794084145185	-0.13558135507105903	0.10214610274954157	-0.14135044246991846	0.08404316575030112	-0.1172692547103717	0.12062127909771116	-0.1466309107365052	0.12135014447604786	-0.07795446904043717	0.14219281976315712	-0.1554167261712285	0.15754312874406826	-0.18173515551748237	0.07296790013458804	-0.10157089170418361	0.1671030182592765	-0.20746455884882053	0.21933804957584782	-0.0898960396506893	0.11468373811157645	-0.2036934426260695	0.2776620570058736	-0.40516238365986734	0.11023822892679278	-0.17916500944746266	0.2440874761427351	-0.525027760488657	0.9999999999999901	-0.1003426111572081	0.17214999371693623	-0.23153702886727257	0.2789735103523971	-0.5812223473475879	0.13968363817810533	-0.1079344879526433	0.18355359764964838	-0.24340759054427943	0.2406423345663059
0.054646388212934875	-0.043090312981561005	0.08679842307177975	-0.06191368042258123	0.08650309623235757	-0.06180033822631734	0.07659236757463649	-0.07432252329904028	0.08156775177605212	-0.06530629906349336	0.05814441645752499	-0.09266106779366141	0.08959572634703124	-0.08041507364628946	0.08844743160301985	-0.08488067874170005	0.09424557372313826	-0.0980142670372883	0.08853895439320965	-0.08428618887845149	0.10909538568695691	-0.11372125334254106	0.11720110214396263	-0.09270690899596762	0.08482067275527794	-0.8215387322847352	0.25260024054217856	-0.14959798315039904	0.11105922346772588	-0.1003426111572081	0.9999999999999879	-0.35100693056919624	0.17637840025265153	-0.11669402791788434	0.12058619150621554	-0.2926496736310592	0.17110696090373384	-0.1689347213138574	0.14754869325277775	-0.14159372744992244
-0.08437754780321441	0.0664158843070719	-0.13493506220532223	0.09665329374169433	-0.13521538778578068	0.08947495393949434	-0.11826434696147493	0.11553241997715236	-0.12925370061303804	0.10350549685344149	-0.08476652373554211	0.14167366935606993	-0.1439237457538075	0.12899970738384983	-0.1420092954923479	0.10208304872093939	-0.14640579907779397	0.15845132410540178	-0.14570627868108954	0.13729591906318314	-0.13469685600411782	0.168731720536608	-0.2017049078999178	0.15561768788602667	-0.14315805693055542	0.26240577179776703	-0.6362130149018057	0.26454258213472615	-0.20121225174541482	0.17214999371693623	-0.35100693056919624	0.9999999999999887	-0.4676110803398498	0.2153348086144653	-0.21770691331811431	0.20047805539145816	-0.16818809038114169	0.22922446207943414	-0.24044100244161926	0.218225993035433
0.0862242036431825	-0.06853681408797915	0.1387943713663196	-0.10156187275855531	0.13979273057760602	-0.09121329368056058	0.12152068389228449	-0.12213281793921127	0.1359842154555145	-0.11091931463298783	0.08434193506068188	-0.1503364903752907	0.15142661736887925	-0.14178697047358046	0.15167088733402076	-0.0884170925457006	0.1211296520542491	-0.17663434263659256	0.16074066573897763	-0.15951680328209192	0.11018743022117695	-0.1435978035048291	0.21240761410803274	-0.19216077545921964	0.1665411244992918	-0.186040976863948	0.27754604819067813	-0.37889690381198493	0.25215962853733226	-0.23153702886727257	0.17637840025265153	-0.4676110803398498	0.9999999999999886	-0.4727211606113944	0.2649618128359044	-0.24172813311026065	0.1951659919234827	-0.4307860709014112	0.2933422232740299	-0.28418049045156324
-0.07549225453786038	0.05994094010455745	-0.12284803855524475	0.09043323158153811	-0.12513261658465927	0.07759884573316324	-0.10624111127303774	0.10750490353523856	-0.12355725565388376	0.10109337831756567	-0.07182212712332219	0.12905494232531486	-0.13405988398301583	0.12964214901452042	-0.14195203456847155	0.07072734728442863	-0.09751400762160745	0.1489993833144421	-0.15668333218761732	0.15505960922809045	-0.0878716575136671	0.11211583511590363	-0.18147848725212715	0.20277520091319814	-0.1835167194655689	0.12455513772585795	-0.19564563304300975	0.24954472946709852	-0.41657243624151524	0.2789735103523971	-0.11669402791788434	0.2153348086144653	-0.4727211606113944	0.9999999999999885	-0.5186135528190922	0.16683277739719393	-0.13475354221102545	0.24606391929757	-0.47305746751226463	0.26997669735373453
0.0863339352311955	-0.06909644712175043	0.1401819926363789	-0.10495544854017086	0.14293561563140775	-0.09079129092597096	0.12224240218452664	-0.12561569442054718	0.14256340492122385	-0.11905641217106512	0.08299461985797899	-0.15243014548339676	0.15328422790068078	-0.15350369852576895	0.16532295547841297	-0.079643653318655	0.10822769515036328	-0.17275653028864335	0.18041265945323623	-0.20054276438088114	0.09733861698105425	-0.1259939658347041	0.19403588273998612	-0.24279014057906184	0.226973747596284	-0.13481567976242043	0.19301180275070856	-0.2655866721918947	0.30433337906139235	-0.5812223473475879	0.12058619150621554	-0.21770691331811431	0.2649618128359044	-0.5186135528190922	0.9999999999999875	-0.18331653059302055	0.13622657668290006	-0.24672259028539673	0.2803727512142125	-0.3571797919059057
-0.0834708379784339	0.06454068971979465	-0.13713823876011416	0.09525720200384707	-0.13785878865539422	0.07893171036242341	-0.11284502943936406	0.10925036035450275	-0.12401032883772452	0.09826753829638138	-0.07472382157427959	0.12454215654459201	-0.12708361716982017	0.11471846104834037	-0.13388779616208957	0.07867115158982908	-0.10367134757498135	0.12826871412646434	-0.12719416266172034	0.11974347751600999	-0.1032025728103954	0.11425530945397436	-0.15621042844451272	0.1281851349779385	-0.12236683167532122	0.20831884375079782	-0.21291257587758117	0.17212416155949017	-0.15474563527587232	0.13968363817810533	-0.2926496736310592	0.20047805539145816	-0.24172813311026065	0.16683277739719393	-0.18331653059302055	0.9999999999999883	-0.7441429011581275	0.30213528403014345	-0.2693108800953108	0.19826546518410626
0.05828187184496828	-0.04545167207079088	0.09508107737069961	-0.06703162621871296	0.09553260656442816	-0.05747712843705889	0.07968859311305426	-0.07798254266815173	0.08758260363418753	-0.06998870088179987	0.05386832380607151	-0.09122827790096258	0.09145140742053293	-0.08352373029665999	0.0951132090389274	-0.05793208367638063	0.07515785005535794	-0.09559547834058066	0.09259221748538485	-0.08880343749323394	0.07416661620126809	-0.08541637872213549	0.11421736474400074	-0.09694242351574332	0.09040659592199696	-0.17146698229871238	0.15469570943238556	-0.13635081818716543	0.11718984082197745	-0.1079344879526433	0.17110696090373384	-0.16818809038114169	0.1951659919234827	-0.13475354221102545	0.13622657668290006	-0.7441429011581275	0.9999999999999888	-0.5377309501443319	0.2053881365575989	-0.16497230096758514
-0.09606668564647075	0.07457152026531533	-0.1579693006204041	0.11075525204904985	-0.15926871130566886	0.09093609247637188	-0.13058223284200246	0.12760633400186844	-0.14543349180915116	0.11585509228678056	-0.08561063058800035	0.14618992710078565	-0.15073980424109254	0.13746892062955685	-0.1587844628555932	0.08520107270291724	-0.11619152582180943	0.15498934098295308	-0.15460557642583392	0.14686476155539868	-0.1097191010236548	0.12856883477444359	-0.19080613710336358	0.1620709397642615	-0.15342856037451452	0.16176026518385406	-0.23324843491904113	0.22111346801062293	-0.2059207641700979	0.18355359764964838	-0.1689347213138574	0.22922446207943414	-0.4307860709014112	0.24606391929757	-0.24672259028539673	0.30213528403014345	-0.5377309501443319	0.9999999999999887	-0.450827091756265	0.25844775930699426
0.09732848298174503	-0.07693351433775955	0.15838918077265277	-0.11481718328932339	0.15963694899245437	-0.09859641781274212	0.13474524664537685	-0.13553871019679253	0.1505226508381094	-0.1228664587056813	0.09042909662340365	-0.16184502931326772	0.15837650438542392	-0.15141852295279043	0.1661374421264925	-0.08788794379557378	0.11762647554656173	-0.1729836509233688	0.16880215791547426	-0.1717844480805241	0.10864066249225336	-0.13615588740582396	0.19501581462707288	-0.19905555519035303	0.17484423746362565	-0.1631569036594296	0.21248882708419764	-0.2553443320513944	0.24289027741068442	-0.24340759054427943	0.14754869325277775	-0.24044100244161926	0.2933422232740299	-0.47305746751226463	0.2803727512142125	-0.2693108800953108	0.2053881365575989	-0.450827091756265	0.9999999999999887	-0.5370972201395696
-0.17011707727206146	0.1290730951792861	-0.2883837798864304	0.19382415475270945	-0.29090385763437554	0.13976997007013706	-0.22093176072615234	0.21230543285606346	-0.2445385790758451	0.19206536256399886	-0.13193601736761998	0.22298172972947844	-0.2294703499089989	0.20940219089536455	-0.2594981676539629	0.11357503015164512	-0.15382624649396465	0.21498303069585706	-0.2283179234899409	0.21467788182956857	-0.14443459195852076	0.16485644045317333	-0.2529125964957075	0.21947015838786926	-0.21862523947108453	0.15110491645506074	-0.23772206705511967	0.2501890715871472	-0.25719492964959445	0.2406423345663059	-0.14159372744992244	0.218225993035433	-0.28418049045156324	0.26997669735373453	-0.3571797919059057	0.19826546518410626	-0.16497230096758514	0.25844775930699426	-0.5370972201395696	0.9999999999999887
