1.0	-0.7326084718016419	0.2852069121072952	-0.15610134940718592	0.16268412816118302	-0.34598881912816515	0.2255447572654655	-0.18969055290583958	0.17612428565717492	-0.21632278402353194	0.18501574093320836	-0.14897629816701205	0.13742207209389015	-0.13540213935647777	0.13268557867761366	-0.12527163641144712	0.1323866880517864	-0.16243193747766357	0.11774935517900821	-0.11961166692949217	0.128852444601561	-0.11372371287710926	0.10204043645813021	-0.1371401141921829	0.10980280610900708	-0.09513666189710775	0.08885103930236352	-0.08940645565927145	0.07989088525805671	-0.09082426270098384	0.09094059111130653	-0.0716732775379939	0.07718343564651692	-0.06740748848132627	0.10089932355753278
-0.7326084718016419	1.0	-0.5175950227355927	0.17478371300279158	-0.19712417239864397	0.20317380643535896	-0.20427524823930407	0.14966451103800257	-0.14849828131423382	0.16213991273724104	-0.14505067347234188	0.11348176172557381	-0.1081085957645672	0.10362744949535345	-0.1022775289440248	0.09414938375561306	-0.10317947153136248	0.11978856303341023	-0.08872883156131794	0.08916088581008313	-0.09843171487692853	0.08419163839368511	-0.07626661936148348	0.10106917105767155	-0.08276645131042518	0.0709735794185764	-0.06647854480162561	0.06637035565438325	-0.059542433607292694	0.06717083141185286	-0.06816911436159835	0.05334080060218845	-0.05764540828159853	0.05010977737751873	-0.07534289616872542
0.2852069121072952	-0.5175950227355927	1.0	-0.46472448387305565	0.287693084352296	-0.19732677241014437	0.1771519388511846	-0.22489007610030584	0.2061906764879921	-0.27712420525217146	0.18240928123328373	-0.15019807964961165	0.15329924222346125	-0.1556175579345067	0.15819782003967692	-0.12745542054389447	0.13696939202760883	-0.18366757608159773	0.13457818354718798	-0.14047618293988084	0.13959551131242862	-0.1262633772136413	0.11424217056660146	-0.1581862208126467	0.127503927271466	-0.10463610244253398	0.09901943301806852	-0.10028024660545602	0.09051476207955016	-0.10325949978851383	0.10218858613796303	-0.0804418935275668	0.08729834125771982	-0.07630919574632639	0.11506929124239784
-0.15610134940718592	0.17478371300279158	-0.46472448387305565	1.0000000000000004	-0.8086932459080395	0.1026199821086498	-0.09810393495656314	0.12969841155816	-0.15898410232941004	0.17230457601529642	-0.10226279190064912	0.0833993127294968	-0.09087578928786073	0.09318072268071716	-0.09955536071562453	0.07044929850818782	-0.07713687165630363	0.10165532909964055	-0.077374690608354	0.08088630337516506	-0.0779966837108584	0.06940564291187207	-0.06363861722162788	0.08825340688947678	-0.07431108702925752	0.057719968247455795	-0.05492947494399142	0.055365831795437616	-0.05042553725116117	0.057117426009276974	-0.05676395111972264	0.04441351772312858	-0.048454121091052516	0.04218394287653029	-0.06397643292122751
0.16268412816118302	-0.19712417239864397	0.287693084352296	-0.8086932459080395	1.0000000000000004	-0.12841772413435862	0.1193134086726168	-0.15838290734190213	0.17104416804574551	-0.2664133024621664	0.13527871259122848	-0.11048795912088537	0.11767366253931538	-0.12328267403726045	0.13561995597370577	-0.094598361774339	0.10237884101178611	-0.14001267912075446	0.10529252355929054	-0.1125989300788496	0.10574522277051455	-0.09556652289973262	0.08729799469182276	-0.12257375663265373	0.10191821227252953	-0.07916336495640562	0.0754068061448203	-0.0763540755311859	0.06952348526472435	-0.07914081263103223	0.078039914017084	-0.06123499148046334	0.06678942218850653	-0.058286601885295046	0.0883403996652212
-0.34598881912816515	0.20317380643535896	-0.19732677241014437	0.1026199821086498	-0.12841772413435862	1.0000000000000002	-0.7481535165107169	0.2354992705879307	-0.23057085789486578	0.18054429189971413	-0.3432687126964557	0.20961721794467356	-0.1729146829330663	0.14858194876016867	-0.1335543491112211	0.17118464271030503	-0.18901746670711056	0.16599391337535518	-0.12357042517876513	0.11546298224324791	-0.15757060264054762	0.12132112345656165	-0.10924171506859771	0.13322720645357813	-0.11014647592395137	0.10546386300968279	-0.09611212838365807	0.09347141459607683	-0.08219359162662089	0.09113477746183003	-0.09648193158780177	0.07502441091438322	-0.07984632172323829	0.06884897668689863	-0.10203105091743436
0.2255447572654655	-0.20427524823930407	0.1771519388511846	-0.09810393495656314	0.1193134086726168	-0.7481535165107169	1.0000000000000004	-0.3704566771174231	0.2333217964056725	-0.19424522764955104	0.24059480327201696	-0.29317546493544394	0.19235865466532812	-0.16748368655284565	0.14052536273194913	-0.1661216829228867	0.19566779648684257	-0.1819578885514809	0.13164694050362163	-0.12341876040376536	0.148556373386887	-0.12755703220559925	0.11306046460830041	-0.1426937512755464	0.11522695720679502	-0.10541186389025195	0.09659309191675612	-0.09549961123441844	0.08360448027407492	-0.0935817109946687	0.09570730311517256	-0.07543767184102085	0.0800248437839942	-0.06945931372993627	0.10222660476107723
-0.18969055290583958	0.14966451103800257	-0.22489007610030584	0.12969841155816	-0.15838290734190213	0.2354992705879307	-0.3704566771174231	1.0000000000000004	-0.6855209210602085	0.2463583977701288	-0.2252768027413368	0.21271093652900833	-0.3951042799536385	0.2542642205675064	-0.20006134341103096	0.14974704581406806	-0.19055752202316048	0.21010953439480282	-0.1715303253629979	0.15505568596470934	-0.15890137990693362	0.1351154037690373	-0.12739883984196368	0.16899002728898185	-0.14621430444052466	0.1111191138982937	-0.10627621510573318	0.10497099065221763	-0.09536554918013801	0.10542166794938004	-0.10743155243042965	0.08306379132980055	-0.09064459089730494	0.07796238851210696	-0.11797677670607694
0.17612428565717492	-0.14849828131423382	0.2061906764879921	-0.15898410232941004	0.17104416804574551	-0.23057085789486578	0.2333217964056725	-0.6855209210602085	1.0000000000000029	-0.37966079381901274	0.2149703495564088	-0.21088627376990943	0.27667999720831815	-0.33393920932047777	0.23138898605736402	-0.15513901095276975	0.18294256822818447	-0.2478908158359252	0.19393721493443897	-0.1903239612215031	0.16402692369137323	-0.1532763353379298	0.14172966798825107	-0.20650381034457163	0.16862177540640944	-0.12174877366442141	0.11665687923008984	-0.11808942483425523	0.1069803689704275	-0.12100727396638396	0.11685482707300221	-0.0920287720775609	0.0997977628948872	-0.08687460398234585	0.13004968021951183
-0.21632278402353194	0.16213991273724104	-0.27712420525217146	0.17230457601529642	-0.2664133024621664	0.18054429189971413	-0.19424522764955104	0.2463583977701288	-0.37966079381901274	1.0	-0.25887555481126395	0.1939285470176237	-0.25869265656185725	0.2644932604596372	-0.5786345352559477	0.17054914031034998	-0.19410538510343428	0.24173062656770034	-0.22694553805238685	0.2596687936126849	-0.2060591562106222	0.16771542729856603	-0.16540039366211864	0.22921442147011925	-0.2598514933261255	0.14554649341397602	-0.1429337909768205	0.14095011299179086	-0.13704773500913062	0.14979709251488788	-0.15183409394209865	0.11481255620915395	-0.1300518814181765	0.11102529365198475	-0.17590723195890168
0.18501574093320836	-0.14505067347234188	0.18240928123328373	-0.10226279190064912	0.13527871259122848	-0.3432687126964557	0.24059480327201696	-0.2252768027413368	0.2149703495564088	-0.25887555481126395	0.9999999999999997	-0.3262112982025958	0.20826381680671172	-0.20246999023124848	0.18373344480393822	-0.5622535166690376	0.2736163928961117	-0.2718588301703573	0.18437373938470872	-0.17636110217066436	0.2911762674038742	-0.21718556782905737	0.18107795491888737	-0.21616796485810377	0.1663103968678734	-0.2103554346048335	0.1694121011425448	-0.16727366835014998	0.13865384438083422	-0.15835847311545728	0.16494281798080002	-0.134660939469675	0.1345181424844821	-0.11882906902277432	0.16582060366496898
-0.14897629816701205	0.11348176172557381	-0.15019807964961165	0.0833993127294968	-0.11048795912088537	0.20961721794467356	-0.29317546493544394	0.21271093652900833	-0.21088627376990943	0.1939285470176237	-0.3262112982025958	0.999999999999999	-0.3730195871835853	0.2212874720822247	-0.17439838331863436	0.2435365356430336	-0.7034144317069309	0.24469509849527923	-0.18066652949207784	0.14730304857981058	-0.21958890659643132	0.18074269273620863	-0.16387238669334747	0.17163933690040337	-0.14413224156849286	0.1378629716207081	-0.13145582957595398	0.12414836104068412	-0.10728555455032505	0.1153058057045355	-0.1248887742041984	0.09596239541036801	-0.10264138810691237	0.08715495999955455	-0.1286601077267194
0.13742207209389015	-0.1081085957645672	0.15329924222346125	-0.09087578928786073	0.11767366253931538	-0.1729146829330663	0.19235865466532812	-0.3951042799536385	0.27667999720831815	-0.25869265656185725	0.20826381680671172	-0.3730195871835853	0.9999999999999986	-0.6471205202212307	0.24318950516254217	-0.1605352347893459	0.23561746693583185	-0.32741549994507124	0.23697286825185238	-0.19809817813042332	0.1616848582088184	-0.1576295146233974	0.14955578801208946	-0.21386635841103005	0.1716692725348304	-0.11704674376731479	0.11434466347725465	-0.11517665912946053	0.10333624946174576	-0.11488677714474103	0.11073943093793784	-0.08684073790237581	0.09441965101681446	-0.0815108935784099	0.12152438000551774
-0.13540213935647777	0.10362744949535345	-0.1556175579345067	0.09318072268071716	-0.12328267403726045	0.14858194876016867	-0.16748368655284565	0.2542642205675064	-0.33393920932047777	0.2644932604596372	-0.20246999023124848	0.2212874720822247	-0.6471205202212307	0.9999999999999993	-0.4221139191209097	0.14524421111767172	-0.208525054138751	0.26662364290845353	-0.3495498397517915	0.228225747034929	-0.15931463102323412	0.14673273061036127	-0.1470171989834221	0.2257195796422489	-0.2043280690312471	0.11393340179723446	-0.11316564145882582	0.11333384942479917	-0.10613566470890588	0.11690182623412454	-0.11176369492054761	0.08652544128071857	-0.09577571880307785	0.08231134728174866	-0.12517505151728514
0.13268557867761366	-0.1022775289440248	0.15819782003967692	-0.09955536071562453	0.13561995597370577	-0.1335543491112211	0.14052536273194913	-0.20006134341103096	0.23138898605736402	-0.5786345352559477	0.18373344480393822	-0.17439838331863436	0.24318950516254217	-0.4221139191209097	0.9999999999999991	-0.1334049183852533	0.16283504191216983	-0.2566166334231467	0.24499888057876068	-0.5008661158204091	0.15200955895622287	-0.14979504022828294	0.14597372698180816	-0.26092221329821863	0.26078621992322076	-0.11518187021749464	0.11511743946776949	-0.11883162603970478	0.1148560308423316	-0.13359587869015097	0.11397124512629796	-0.0895758609152256	0.09934433707135429	-0.08678359993913963	0.13163629173079083
-0.12527163641144712	0.09414938375561306	-0.12745542054389447	0.07044929850818782	-0.094598361774339	0.17118464271030503	-0.1661216829228867	0.14974704581406806	-0.15513901095276975	0.17054914031034998	-0.5622535166690376	0.2435365356430336	-0.1605352347893459	0.14524421111767172	-0.1334049183852533	0.9999999999999989	-0.3836738903876753	0.2018343432435494	-0.1398961918188688	0.12572855962085655	-0.5980939081731641	0.18211545929515954	-0.1565719703530569	0.1548976405045675	-0.1244748185905973	0.21053440498806625	-0.1675440432347156	0.14356602503561208	-0.11805996834137183	0.1262664807848383	-0.1625129310702389	0.11967351461296585	-0.1201122869838021	0.10072494592248893	-0.14241571858892763
0.1323866880517864	-0.10317947153136248	0.13696939202760883	-0.07713687165630363	0.10237884101178611	-0.18901746670711056	0.19566779648684257	-0.19055752202316048	0.18294256822818447	-0.19410538510343428	0.2736163928961117	-0.7034144317069309	0.23561746693583185	-0.208525054138751	0.16283504191216983	-0.3836738903876753	0.9999999999999969	-0.332141704330108	0.18697857237238086	-0.15259724645636147	0.23233043384771673	-0.24946488656265783	0.18658989777078722	-0.1877257179578957	0.14643216320659722	-0.1555237283173605	0.14485581370616032	-0.13865341135748463	0.1141108067666728	-0.12385474492199243	0.13065053093548074	-0.10315726382339294	0.10764778477247611	-0.09219314088747149	0.13226979529309768
-0.16243193747766357	0.11978856303341023	-0.18366757608159773	0.10165532909964055	-0.14001267912075446	0.16599391337535518	-0.1819578885514809	0.21010953439480282	-0.2478908158359252	0.24173062656770034	-0.2718588301703573	0.24469509849527923	-0.32741549994507124	0.26662364290845353	-0.2566166334231467	0.2018343432435494	-0.332141704330108	0.999999999999997	-0.5707581548527355	0.24088197439152517	-0.23787897537038527	0.2379118816549655	-0.3171038587348422	0.29518995788260227	-0.2573000752393333	0.16976718577934627	-0.1791761506516845	0.17991900070579236	-0.16163646492134853	0.16676899883922686	-0.17004812696548421	0.12989048377901424	-0.14678666656958184	0.1230846777295738	-0.18825804596886356
0.11774935517900821	-0.08872883156131794	0.13457818354718798	-0.077374690608354	0.10529252355929054	-0.12357042517876513	0.13164694050362163	-0.1715303253629979	0.19393721493443897	-0.22694553805238685	0.18437373938470872	-0.18066652949207784	0.23697286825185238	-0.3495498397517915	0.24499888057876068	-0.1398961918188688	0.18697857237238086	-0.5707581548527355	0.999999999999994	-0.3668419544413411	0.15996576948192684	-0.18043441102498214	0.19542931499715946	-0.5420993695929586	0.27877639448858016	-0.1229424522722645	0.12807221798309734	-0.13484159778427698	0.1257096029541806	-0.13930078979969143	0.12025073780802392	-0.09473486639483197	0.10556180554954975	-0.09121110802568627	0.13693030594644418
-0.11961166692949217	0.08916088581008313	-0.14047618293988084	0.08088630337516506	-0.1125989300788496	0.11546298224324791	-0.12341876040376536	0.15505568596470934	-0.1903239612215031	0.2596687936126849	-0.17636110217066436	0.14730304857981058	-0.19809817813042332	0.228225747034929	-0.5008661158204091	0.12572855962085655	-0.15259724645636147	0.24088197439152517	-0.3668419544413411	0.9999999999999989	-0.1519300510591066	0.14709943793497623	-0.15542653702465647	0.2977720708624615	-0.6349452382351058	0.11601323523422613	-0.12047898966339217	0.12462674945542898	-0.1358140580264881	0.15559117587726792	-0.11881505791185051	0.09266351032641192	-0.10573209549020045	0.09240873488480941	-0.14423275407744982
0.128852444601561	-0.09843171487692853	0.13959551131242862	-0.0779966837108584	0.10574522277051455	-0.15757060264054762	0.148556373386887	-0.15890137990693362	0.16402692369137323	-0.2060591562106222	0.2911762674038742	-0.21958890659643132	0.1616848582088184	-0.15931463102323412	0.15200955895622287	-0.5980939081731641	0.23233043384771673	-0.23787897537038527	0.15996576948192684	-0.1519300510591066	0.999999999999998	-0.2552748215032477	0.1956093958574939	-0.1938492473172631	0.14910461768353228	-0.45953940372224467	0.23493973272892346	-0.2089786968239402	0.1551696169387544	-0.17307943948521784	0.21622153340236758	-0.17421642381710725	0.15668876003703486	-0.13631465606431323	0.17738894507179565
-0.11372371287710926	0.08419163839368511	-0.1262633772136413	0.06940564291187207	-0.09556652289973262	0.12132112345656165	-0.12755703220559925	0.1351154037690373	-0.1532763353379298	0.16771542729856603	-0.21718556782905737	0.18074269273620863	-0.1576295146233974	0.14673273061036127	-0.14979504022828294	0.18211545929515954	-0.24946488656265783	0.2379118816549655	-0.18043441102498214	0.14709943793497623	-0.2552748215032477	0.9999999999999987	-0.7254335320226523	0.20856484083230167	-0.16956630260482225	0.22397436292078182	-0.3643637538842392	0.2725707764645351	-0.19632074303560668	0.18311543319158344	-0.20195049617376531	0.15851247360931592	-0.17505132755327238	0.13979188349780794	-0.1979501329739273
0.10204043645813021	-0.07626661936148348	0.11424217056660146	-0.06363861722162788	0.08729799469182276	-0.10924171506859771	0.11306046460830041	-0.12739883984196368	0.14172966798825107	-0.16540039366211864	0.18107795491888737	-0.16387238669334747	0.14955578801208946	-0.1470171989834221	0.14597372698180816	-0.1565719703530569	0.18658989777078722	-0.3171038587348422	0.19542931499715946	-0.15542653702465647	0.1956093958574939	-0.7254335320226523	0.9999999999999992	-0.27748528878644946	0.1742825554421613	-0.20209884453444038	0.2558308116148043	-0.38663406462466715	0.19408908822058754	-0.19775119449482936	0.17018042840257028	-0.14713297884137258	0.159404613277158	-0.13397489683366098	0.1757459210974616
-0.1371401141921829	0.10106917105767155	-0.1581862208126467	0.08825340688947678	-0.12257375663265373	0.13322720645357813	-0.1426937512755464	0.16899002728898185	-0.20650381034457163	0.22921442147011925	-0.21616796485810377	0.17163933690040337	-0.21386635841103005	0.2257195796422489	-0.26092221329821863	0.1548976405045675	-0.1877257179578957	0.29518995788260227	-0.5420993695929586	0.2977720708624615	-0.1938492473172631	0.20856484083230167	-0.27748528878644946	0.9999999999999972	-0.5525378763132242	0.14965443145244198	-0.16237020523460138	0.16927888963603002	-0.17586070432610276	0.1835787198732463	-0.1531031981918419	0.11892385270007058	-0.1365356088966858	0.1171141519798879	-0.18061785934909783
0.10980280610900708	-0.08276645131042518	0.127503927271466	-0.07431108702925752	0.10191821227252953	-0.11014647592395137	0.11522695720679502	-0.14621430444052466	0.16862177540640944	-0.2598514933261255	0.1663103968678734	-0.14413224156849286	0.1716692725348304	-0.2043280690312471	0.26078621992322076	-0.1244748185905973	0.14643216320659722	-0.2573000752393333	0.27877639448858016	-0.6349452382351058	0.14910461768353228	-0.16956630260482225	0.1742825554421613	-0.5525378763132242	0.9999999999999987	-0.1238874527248308	0.13106398544309908	-0.144872614708489	0.1631916536812024	-0.23468987656885698	0.1227379744073089	-0.09963287650525104	0.11232683080804473	-0.10191798980395117	0.1531787539539059
-0.09513666189710775	0.0709735794185764	-0.10463610244253398	0.057719968247455795	-0.07916336495640562	0.10546386300968279	-0.10541186389025195	0.1111191138982937	-0.12174877366442141	0.14554649341397602	-0.2103554346048335	0.1378629716207081	-0.11704674376731479	0.11393340179723446	-0.11518187021749464	0.21053440498806625	-0.1555237283173605	0.16976718577934627	-0.1229424522722645	0.11601323523422613	-0.45953940372224467	0.22397436292078182	-0.20209884453444038	0.14965443145244198	-0.1238874527248308	0.9999999999999963	-0.5584765733386872	0.2581921975192675	-0.19231727703411128	0.18213962330955666	-0.4639134515683769	0.24277102648175952	-0.21623613696022617	0.16344887445238537	-0.21511708251843312
0.08885103930236352	-0.06647854480162561	0.09901943301806852	-0.05492947494399142	0.0754068061448203	-0.09611212838365807	0.09659309191675612	-0.10627621510573318	0.11665687923008984	-0.1429337909768205	0.1694121011425448	-0.13145582957595398	0.11434466347725465	-0.11316564145882582	0.11511743946776949	-0.1675440432347156	0.14485581370616032	-0.1791761506516845	0.12807221798309734	-0.12047898966339217	0.23493973272892346	-0.3643637538842392	0.2558308116148043	-0.16237020523460138	0.13106398544309908	-0.5584765733386872	0.9999999999999973	-0.5528190899724009	0.22621247039590078	-0.23163716229316383	0.251785480293615	-0.24652573454342017	0.20539346022468313	-0.16727154811233036	0.19804195121960871
-0.08940645565927145	0.06637035565438325	-0.10028024660545602	0.055365831795437616	-0.0763540755311859	0.09347141459607683	-0.09549961123441844	0.10497099065221763	-0.11808942483425523	0.14095011299179086	-0.16727366835014998	0.12414836104068412	-0.11517665912946053	0.11333384942479917	-0.11883162603970478	0.14356602503561208	-0.13865341135748463	0.17991900070579236	-0.13484159778427698	0.12462674945542898	-0.2089786968239402	0.2725707764645351	-0.38663406462466715	0.16927888963603002	-0.144872614708489	0.2581921975192675	-0.5528190899724009	0.9999999999999986	-0.46878429772651914	0.2717683702364743	-0.24027993158591465	0.20680882667761985	-0.29557417120382107	0.19746428666135557	-0.2497302195380964
0.07989088525805671	-0.059542433607292694	0.09051476207955016	-0.05042553725116117	0.06952348526472435	-0.08219359162662089	0.08360448027407492	-0.09536554918013801	0.1069803689704275	-0.13704773500913062	0.13865384438083422	-0.10728555455032505	0.10333624946174576	-0.10613566470890588	0.1148560308423316	-0.11805996834137183	0.1141108067666728	-0.16163646492134853	0.1257096029541806	-0.1358140580264881	0.1551696169387544	-0.19632074303560668	0.19408908822058754	-0.17586070432610276	0.1631916536812024	-0.19231727703411128	0.22621247039590078	-0.46878429772651914	0.9999999999999974	-0.7350535099472795	0.17254220026747796	-0.16498052445826902	0.19335093242583895	-0.22172024327182777	0.2458257722592918
-0.09082426270098384	0.06717083141185286	-0.10325949978851383	0.057117426009276974	-0.07914081263103223	0.09113477746183003	-0.0935817109946687	0.10542166794938004	-0.12100727396638396	0.14979709251488788	-0.15835847311545728	0.1153058057045355	-0.11488677714474103	0.11690182623412454	-0.13359587869015097	0.1262664807848383	-0.12385474492199243	0.16676899883922686	-0.13930078979969143	0.15559117587726792	-0.17307943948521784	0.18311543319158344	-0.19775119449482936	0.1835787198732463	-0.23468987656885698	0.18213962330955666	-0.23163716229316383	0.2717683702364743	-0.7350535099472795	0.9999999999999969	-0.1994524521174021	0.16980521386168268	-0.21763898940634013	0.21629065769356065	-0.39016102871623637
0.09094059111130653	-0.06816911436159835	0.10218858613796303	-0.05676395111972264	0.078039914017084	-0.09648193158780177	0.09570730311517256	-0.10743155243042965	0.11685482707300221	-0.15183409394209865	0.16494281798080002	-0.1248887742041984	0.11073943093793784	-0.11176369492054761	0.11397124512629796	-0.1625129310702389	0.13065053093548074	-0.17004812696548421	0.12025073780802392	-0.11881505791185051	0.21622153340236758	-0.20195049617376531	0.17018042840257028	-0.1531031981918419	0.1227379744073089	-0.4639134515683769	0.251785480293615	-0.24027993158591465	0.17254220026747796	-0.1994524521174021	0.9999999999999967	-0.6640662141624283	0.2714615131152358	-0.23214456605414682	0.2199982084940633
-0.0716732775379939	0.05334080060218845	-0.0804418935275668	0.04441351772312858	-0.06123499148046334	0.07502441091438322	-0.07543767184102085	0.08306379132980055	-0.0920287720775609	0.11481255620915395	-0.134660939469675	0.09596239541036801	-0.08684073790237581	0.08652544128071857	-0.0895758609152256	0.11967351461296585	-0.10315726382339294	0.12989048377901424	-0.09473486639483197	0.09266351032641192	-0.17421642381710725	0.15851247360931592	-0.14713297884137258	0.11892385270007058	-0.09963287650525104	0.24277102648175952	-0.24652573454342017	0.20680882667761985	-0.16498052445826902	0.16980521386168268	-0.6640662141624283	0.999999999999997	-0.5417291462510061	0.24527070215673552	-0.27222436652684034
0.07718343564651692	-0.05764540828159853	0.08729834125771982	-0.048454121091052516	0.06678942218850653	-0.07984632172323829	0.0800248437839942	-0.09064459089730494	0.0997977628948872	-0.1300518814181765	0.1345181424844821	-0.10264138810691237	0.09441965101681446	-0.09577571880307785	0.09934433707135429	-0.1201122869838021	0.10764778477247611	-0.14678666656958184	0.10556180554954975	-0.10573209549020045	0.15668876003703486	-0.17505132755327238	0.159404613277158	-0.1365356088966858	0.11232683080804473	-0.21623613696022617	0.20539346022468313	-0.29557417120382107	0.19335093242583895	-0.21763898940634013	0.2714615131152358	-0.5417291462510061	0.9999999999999963	-0.5962054365803977	0.2949913986588694
-0.06740748848132627	0.05010977737751873	-0.07630919574632639	0.04218394287653029	-0.058286601885295046	0.06884897668689863	-0.06945931372993627	0.07796238851210696	-0.08687460398234585	0.11102529365198475	-0.11882906902277432	0.08715495999955455	-0.0815108935784099	0.08231134728174866	-0.08678359993913963	0.10072494592248893	-0.09219314088747149	0.1230846777295738	-0.09121110802568627	0.09240873488480941	-0.13631465606431323	0.13979188349780794	-0.13397489683366098	0.1171141519798879	-0.10191798980395117	0.16344887445238537	-0.16727154811233036	0.19746428666135557	-0.22172024327182777	0.21629065769356065	-0.23214456605414682	0.24527070215673552	-0.5962054365803977	0.9999999999999962	-0.6549092487054257
0.10089932355753278	-0.07534289616872542	0.11506929124239784	-0.06397643292122751	0.0883403996652212	-0.10203105091743436	0.10222660476107723	-0.11797677670607694	0.13004968021951183	-0.17590723195890168	0.16582060366496898	-0.1286601077267194	0.12152438000551774	-0.12517505151728514	0.13163629173079083	-0.14241571858892763	0.13226979529309768	-0.18825804596886356	0.13693030594644418	-0.14423275407744982	0.17738894507179565	-0.1979501329739273	0.1757459210974616	-0.18061785934909783	0.1531787539539059	-0.21511708251843312	0.19804195121960871	-0.2497302195380964	0.2458257722592918	-0.39016102871623637	0.2199982084940633	-0.27222436652684034	0.2949913986588694	-0.6549092487054257	0.999999999999996
