1.0000000000000002	-0.3782526372518601	0.17328843269470792	-0.051681074386481715	0.05631149157393234	-0.8692637368571859	0.22514958036265426	-0.13007258918703385	0.06606573911915863	-0.057066613006667335	0.16274050691530637	-0.15613990295065855	0.10848949055187261	-0.06928959464569764	0.05917383895729223	-0.10496515213931491	0.11151595720502704	-0.1081759687141351	0.04766498514348985	-0.0511894746152623	0.07919726139564857	-0.08115066246240522	0.08228166288085506	-0.036545736040885395	0.0314595566527564	-0.07746996378839419	0.06446464617206975	-0.06451607299776331	0.036024388245693845	-0.03506530835886102	0.04121920110489418	-0.04845200683090954	0.05363165218039858	-0.04822265840177215	0.03681290268363096	-0.03592866730208012	0.048467790899565016	-0.051165826163949234	0.03905592277457036	-0.027984762171899023	0.055605099210933165	-0.0409351259062458	0.04610000207099504	-0.03010204304083386	0.03966326917992579
-0.3782526372518601	1.0000000000000002	-0.4504410344850738	0.09938605639258671	-0.11004203481128644	0.26493126194344735	-0.6356122846006286	0.25516264102987135	-0.13114113299865496	0.10876175762587063	-0.2654336005751919	0.26529277742933727	-0.21769384195997105	0.1297178787164328	-0.1140103102505838	0.1627948890340671	-0.21265713407258066	0.19378824580354148	-0.09024621037544042	0.09526009845031137	-0.13761505257365866	0.14024609646429365	-0.1490878877631098	0.06483338687767644	-0.05658746708614973	0.1299985390528224	-0.1133066882481923	0.11196350124275005	-0.0640461527190333	0.06236913328350733	-0.07230795245084998	0.08432612560034076	-0.09459572756625106	0.0843664855488586	-0.06536180430370576	0.06246935761746267	-0.08542826238303432	0.08918558219242152	-0.0690568806489479	0.04938429222699679	-0.09866707123076741	0.07187319723392269	-0.08156738426833735	0.053122196977734265	-0.07037983787557307
0.17328843269470792	-0.4504410344850738	1.0000000000000004	-0.17313598500868643	0.16579197627479061	-0.20264483971552938	0.2887991216647614	-0.5105427169806371	0.2025214839448863	-0.18534236153043818	0.2488521353453042	-0.2922965962655765	0.28613442111217674	-0.21683495658217553	0.1713993562867099	-0.20669169021116188	0.22843040966568887	-0.31542016570321113	0.13957616266168904	-0.15902050566252657	0.17048862400730302	-0.1847210266880074	0.1980317392292787	-0.10102635340227714	0.08786618697988971	-0.1921194843585616	0.15692129795103388	-0.16475427020035266	0.09744325378763899	-0.09860071072839013	0.10542213969155126	-0.12589428316619447	0.13707942995009822	-0.13109413781137924	0.098833402001366	-0.09302261795461003	0.12519946199578139	-0.1352265300288656	0.10413553786983187	-0.07547655558829497	0.1450645884927388	-0.10766443400289459	0.1207609545815032	-0.0797044381544546	0.10456722811089224
-0.051681074386481715	0.09938605639258671	-0.17313598500868643	1.0000000000000002	-0.7367535033505533	0.05700658542467692	-0.10148684605544886	0.17687442019817756	-0.546940039760627	0.2867043988721485	-0.09558901219862342	0.09760675736198454	-0.14600770008903197	0.18492080559323099	-0.20081714748316337	0.07317977895798512	-0.08781406777788839	0.11432050925893104	-0.12106523229434799	0.1403099126867615	-0.06415718099938436	0.06805674054293667	-0.07853570901660972	0.05092680341346213	-0.05056411857893616	0.06826851595241598	-0.05970023006988908	0.06150668790608277	-0.04679120777057326	0.05227594596780554	-0.0399511671820184	0.04759807376948646	-0.05342356188010136	0.05539621545328342	-0.04407338460695632	0.034794173198890645	-0.04842658406022208	0.051761441075558336	-0.044003602694283675	0.03268271657572068	-0.055970010850886584	0.04122562550153569	-0.047144045343098046	0.03155286058511029	-0.04155526707836584
0.05631149157393234	-0.11004203481128644	0.16579197627479061	-0.7367535033505533	0.9999999999999996	-0.0633895289154426	0.10495948346526253	-0.18192321552843033	0.3177606456607837	-0.45882808640790895	0.10654102855124409	-0.11063709029674805	0.1508082816407103	-0.24860622949406486	0.23043445892248954	-0.08479951356995745	0.09804003750543622	-0.1331210035464039	0.1477701887184053	-0.1972236365015848	0.07369120825142549	-0.07871251918795935	0.08984729122164786	-0.06516210313946548	0.06529802725336548	-0.08095218950461201	0.06983005375933617	-0.07276671246603479	0.05849569098976207	-0.06812021571513412	0.047222260215746915	-0.05676053794041066	0.06329684548503008	-0.06864579344328041	0.05425563952898077	-0.04134814451358548	0.05748761986156968	-0.06213406481900526	0.05360824753228305	-0.04032017392380219	0.06626259765975248	-0.049182477637958494	0.05612387440675809	-0.03787244009854762	0.04964838285065187
-0.8692637368571859	0.26493126194344735	-0.20264483971552938	0.05700658542467692	-0.0633895289154426	1.0000000000000002	-0.2905984624672891	0.14088858510498345	-0.07403035799823564	0.06285505883356177	-0.21486610397252157	0.16735080500432917	-0.12347809130933757	0.07619647379736816	-0.06638348473583933	0.1166966843221091	-0.127980460688547	0.11774007755222819	-0.0530988760246583	0.05637246280632403	-0.09011217722874341	0.09012847730169418	-0.09261747114520702	0.04034562847700681	-0.034844322634831365	0.08512035359304473	-0.0721080810762767	0.07129313087479289	-0.03992968078781068	0.03868469579332043	-0.04593141242732934	0.05362624607946731	-0.059734852677894405	0.05318004422949149	-0.04088836779074744	0.03983129667422929	-0.053984681246532495	0.05657790701160142	-0.043366117855997026	0.031000895724257342	-0.06211241493566859	0.045460750472731765	-0.05137485301585105	0.033464326337930415	-0.0442232489721918
0.22514958036265426	-0.6356122846006286	0.2887991216647614	-0.10148684605544886	0.10495948346526253	-0.2905984624672891	1.0000000000000002	-0.3736810136770584	0.1345412461533859	-0.11178910506974377	0.234119717231153	-0.46378779876479076	0.22322797795457763	-0.1313200435374495	0.1096806298418974	-0.16285832207583173	0.21721065506937284	-0.20923581833991223	0.08787962162509423	-0.09386226661930283	0.13135409217583102	-0.14345448598238625	0.14397173163420798	-0.06182759021262126	0.05372930716821102	-0.1262483319535708	0.1071928263547847	-0.10841364023586657	0.06048285493727563	-0.05929769214776942	0.06701372696934256	-0.07973796995634473	0.08890682718869246	-0.07964063370514318	0.0608591144703214	-0.058372785594151884	0.07939407184919882	-0.08385476652071204	0.06427638013977208	-0.04616391707567148	0.09014388354299477	-0.0666487071685233	0.0751087267992428	-0.04908982249158794	0.06455955768100483
-0.13007258918703385	0.25516264102987135	-0.5105427169806371	0.17687442019817756	-0.18192321552843033	0.14088858510498345	-0.3736810136770584	1.0000000000000002	-0.3311197734343008	0.19272082346043046	-0.20757360749450016	0.2367844270981589	-0.5468371918530495	0.20843097957595016	-0.18319889946164591	0.1532138961145722	-0.20407526285541433	0.26252373301270737	-0.13797329594883434	0.14171654341803544	-0.1334946294355897	0.1439534993161919	-0.1666993543752868	0.0756868655872622	-0.06866277201757158	0.1339527891778759	-0.11747873821667425	0.1205119464265313	-0.0729203783278446	0.07373169152219863	-0.07477479274550716	0.08918857827976895	-0.10065497752226177	0.09256749024174876	-0.0719067934331002	0.06494329709245439	-0.08968257674756977	0.09463601321805964	-0.07476777012549463	0.05406348632745398	-0.10241127955086579	0.0753611161029216	-0.08557119289841218	0.056165094927861176	-0.07406338274798802
0.06606573911915863	-0.13114113299865496	0.2025214839448863	-0.546940039760627	0.3177606456607837	-0.07403035799823564	0.1345412461533859	-0.3311197734343008	0.9999999999999993	-0.5671157734028303	0.11858143575183418	-0.12849056231365152	0.1952982210995406	-0.29970231188033614	0.2569624208319386	-0.09246330024261533	0.11171600049256929	-0.15280206367671	0.16340701884601846	-0.19956999489298377	0.08044193667025074	-0.0864758223687486	0.09912020300113879	-0.06581153977401807	0.06581295322715135	-0.08580777065873138	0.07458294124753363	-0.07752642845763735	0.059539628975429006	-0.06793156990689699	0.049396672620489024	-0.05940602300486933	0.06662209244752598	-0.06982004041951069	0.05530223895118504	-0.04313929706771236	0.06004331126497847	-0.06449772536322959	0.05495642314344585	-0.04105585241940347	0.0688256297805342	-0.051026134636220064	0.05823176621578978	-0.039087535673885246	0.05129526361161543
-0.057066613006667335	0.10876175762587063	-0.18534236153043818	0.2867043988721485	-0.45882808640790895	0.06285505883356177	-0.11178910506974377	0.19272082346043046	-0.5671157734028303	0.9999999999999977	-0.10820150834326543	0.10953012560389694	-0.1696015164243683	0.2514611156095795	-0.5324979130328361	0.08286854131519353	-0.09992758305677711	0.13101865483557512	-0.17802926120286416	0.21221944238721246	-0.07314306287189067	0.07762454433754294	-0.09045005031733047	0.06444462438737096	-0.06711547000583849	0.07779900390160156	-0.06854967851380582	0.07076450386685408	-0.058212363672924365	0.0669370256530081	-0.045839757841492794	0.05487413264052472	-0.0618677063099956	0.06619444928487452	-0.053384456349695686	0.03991016727383547	-0.05592643315701064	0.059925885039916936	-0.052401257267469366	0.03926144057168727	-0.06439000263005278	0.04754354560944911	-0.05455840925852901	0.03675315089816763	-0.04834623292899473
0.16274050691530637	-0.2654336005751919	0.2488521353453042	-0.09558901219862342	0.10654102855124409	-0.21486610397252157	0.234119717231153	-0.20757360749450016	0.11858143575183418	-0.10820150834326543	0.9999999999999988	-0.462952680908772	0.210892757000059	-0.14196551169061433	0.11744327697434874	-0.5573347316608456	0.2915478309679586	-0.26311322985837166	0.0993098871071136	-0.10796948922577435	0.26879002502822374	-0.2580414503513188	0.22435185838292712	-0.09695304923407283	0.07974254876581573	-0.2576314701791197	0.1904387121297891	-0.19105224657122122	0.09620789862140057	-0.09143961731500186	0.11834891791932656	-0.14062146547410617	0.15148284510096496	-0.13402242136681228	0.09883404892367197	-0.104917733547026	0.13607343728135812	-0.14614323451363748	0.10650534987211692	-0.07625822310565278	0.1519171585484275	-0.11479129623886816	0.12670913111721013	-0.08280626823118789	0.10760981975282602
-0.15613990295065855	0.26529277742933727	-0.2922965962655765	0.09760675736198454	-0.11063709029674805	0.16735080500432917	-0.46378779876479076	0.2367844270981589	-0.12849056231365152	0.10953012560389694	-0.462952680908772	1.0000000000000022	-0.2879204655455292	0.1415318457279818	-0.12085484498304135	0.2515924823720014	-0.5287191940632707	0.2641466131617265	-0.10015733282750429	0.10268495072515339	-0.20982954017366584	0.22393993102326415	-0.21512041104048407	0.07866439239188043	-0.06691137226302944	0.1749940802740449	-0.15363193733638947	0.14964094570235228	-0.07827910656362175	0.0740035483482164	-0.0906157049965248	0.10746393361673418	-0.12162124734258034	0.10316535887162236	-0.07895787758107022	0.07823414272676055	-0.10690161626295644	0.11123388162147484	-0.08409171183626749	0.05986611710121119	-0.11963243673835734	0.08831461461507902	-0.09961226456397881	0.06458462886201725	-0.08501012079556668
0.10848949055187261	-0.21769384195997105	0.28613442111217674	-0.14600770008903197	0.1508082816407103	-0.12347809130933757	0.22322797795457763	-0.5468371918530495	0.1952982210995406	-0.1696015164243683	0.210892757000059	-0.2879204655455292	0.999999999999999	-0.30236714015265664	0.17926249199476246	-0.17715744684046242	0.237550096907136	-0.5610362147545995	0.16025803436222313	-0.1571178297131043	0.15217586915434805	-0.1775941926756131	0.2050441413730427	-0.08585739099567037	0.07607123404629108	-0.157237017915791	0.1349659343043967	-0.1467323973403314	0.08191593872621035	-0.08216345554044027	0.08290364410397127	-0.10241326774294122	0.11499760160220725	-0.104331241059313	0.07936620800536727	-0.07268255058787837	0.1002510771217347	-0.10734792065982807	0.08288989290471632	-0.060045942960721035	0.1113663268118592	-0.08363655028684996	0.09411837706193875	-0.061893733014166466	0.08082374759890411
-0.06928959464569764	0.1297178787164328	-0.21683495658217553	0.18492080559323099	-0.24860622949406486	0.07619647379736816	-0.1313200435374495	0.20843097957595016	-0.29970231188033614	0.2514611156095795	-0.14196551169061433	0.1415318457279818	-0.30236714015265664	0.9999999999999974	-0.4957385976590329	0.10898015933756271	-0.13500593456429122	0.1877250519194839	-0.5847019793830686	0.3154516683116515	-0.09781720852522814	0.10430350787975393	-0.1251179479633326	0.09466300042587154	-0.09929201885788644	0.10293388489177498	-0.09221643518750468	0.09544853430067406	-0.08488012463473699	0.09493192989938033	-0.0611886362752969	0.07358274708540342	-0.08375678790128534	0.09088809685787719	-0.0746542293886181	0.05315153029654282	-0.07522052086199583	0.08048293163807053	-0.07237127794718526	0.05423132179338374	-0.08610389503982627	0.06363611635567513	-0.07339492432668546	0.04967067818058343	-0.06535875223962918
0.05917383895729223	-0.1140103102505838	0.1713993562867099	-0.20081714748316337	0.23043445892248954	-0.06638348473583933	0.1096806298418974	-0.18319889946164591	0.2569624208319386	-0.5324979130328361	0.11744327697434874	-0.12085484498304135	0.17926249199476246	-0.4957385976590329	0.9999999999999986	-0.09402106185247969	0.10984372828052921	-0.15486387686958308	0.28366816335632977	-0.5028544928924434	0.0827641092660118	-0.08887871139373765	0.10340535939443396	-0.09596680723094322	0.1057105260629897	-0.09105104677834598	0.07971636368687735	-0.08385607647301861	0.08124619147714017	-0.10383365694520268	0.053628540823096545	-0.0655186393273109	0.07378396568813711	-0.08694539588464437	0.07039248486765062	-0.04699683695775595	0.06640337897623427	-0.07242396749106536	0.06675959435310892	-0.05155707058153616	0.07548518959543163	-0.056575917449382646	0.06498845153750805	-0.04462680878382587	0.058173213344127644
-0.10496515213931491	0.1627948890340671	-0.20669169021116188	0.07317977895798512	-0.08479951356995745	0.1166966843221091	-0.16285832207583173	0.1532138961145722	-0.09246330024261533	0.08286854131519353	-0.5573347316608456	0.2515924823720014	-0.17715744684046242	0.10898015933756271	-0.09402106185247969	0.9999999999999991	-0.37068820102377464	0.2195910445089167	-0.07966782031439443	0.08378591272879002	-0.5834125620715124	0.2782685480792376	-0.24551920609001465	0.08196103355227685	-0.06738317191734519	0.23920067476550078	-0.2019137340661788	0.1747019639346362	-0.08346624917988257	0.07580169153410546	-0.11159018513322898	0.12514816053049962	-0.14188052167456244	0.1122928058474604	-0.08539573322731857	0.09365762168174058	-0.12463355051954116	0.12612949347595143	-0.09243467485827093	0.06510633377386477	-0.13735042803282027	0.10080008820698622	-0.11298246271732007	0.07223193281193976	-0.09500398154513762
0.11151595720502704	-0.21265713407258066	0.22843040966568887	-0.08781406777788839	0.09804003750543622	-0.127980460688547	0.21721065506937284	-0.20407526285541433	0.11171600049256929	-0.09992758305677711	0.2915478309679586	-0.5287191940632707	0.237550096907136	-0.13500593456429122	0.10984372828052921	-0.37068820102377464	1.000000000000002	-0.4368847513633464	0.0952913683613564	-0.09937884988200336	0.26207490150484686	-0.4510351207642546	0.2685107439358439	-0.0859576696791303	0.07036826849765201	-0.21391586400570872	0.1784386537897528	-0.18421327344171073	0.08484831652125875	-0.078673543643121	0.09835069196832438	-0.12182992254326745	0.13668967599635742	-0.11268518940050683	0.08372586777445769	-0.08593023431789476	0.11638762000174616	-0.12320066473041229	0.08986899957556307	-0.06405178389001234	0.12504378650117495	-0.09495154303965714	0.10566668019719438	-0.0685591106160433	0.08902397891227888
-0.1081759687141351	0.19378824580354148	-0.31542016570321113	0.11432050925893104	-0.1331210035464039	0.11774007755222819	-0.20923581833991223	0.26252373301270737	-0.15280206367671	0.13101865483557512	-0.26311322985837166	0.2641466131617265	-0.5610362147545995	0.1877250519194839	-0.15486387686958308	0.2195910445089167	-0.4368847513633464	0.9999999999999967	-0.14386555331213938	0.13237560140902885	-0.21336131313059203	0.25224404646158605	-0.40771555025176615	0.09871395246952841	-0.08379751262201404	0.19331025888299722	-0.1853398079888992	0.19697835053673002	-0.09788612411482688	0.0903083348939445	-0.10425463192229922	0.12925470806732745	-0.15449417384244363	0.12322575377074078	-0.0948313513855243	0.08971835114914407	-0.12783370746177988	0.1322908040760191	-0.1005498449060895	0.07138904746949447	-0.13897466779227585	0.10322470684284668	-0.11749202007401205	0.07587862884884972	-0.09978434273918152
0.04766498514348985	-0.09024621037544042	0.13957616266168904	-0.12106523229434799	0.1477701887184053	-0.0530988760246583	0.08787962162509423	-0.13797329594883434	0.16340701884601846	-0.17802926120286416	0.0993098871071136	-0.10015733282750429	0.16025803436222313	-0.5847019793830686	0.28366816335632977	-0.07966782031439443	0.0952913683613564	-0.14386555331213938	1.0000000000000009	-0.6971084639018471	0.07136238871404144	-0.07720053642214617	0.0924218320169758	-0.1129022350852548	0.12157205009100785	-0.07813008700550599	0.06985207963209414	-0.07426671332029304	0.08800483021072757	-0.11320415162027331	0.0465760557017351	-0.05786111386110126	0.06603395281579795	-0.08387901029099784	0.06931316342220871	-0.04080935128961749	0.05874846126736639	-0.06454329537259561	0.06362371394698396	-0.04994512121456278	0.06578122413354022	-0.04975406071084773	0.057614761188790636	-0.040253389003109485	0.0522221845127091
-0.0511894746152623	0.09526009845031137	-0.15902050566252657	0.1403099126867615	-0.1972236365015848	0.05637246280632403	-0.09386226661930283	0.14171654341803544	-0.19956999489298377	0.21221944238721246	-0.10796948922577435	0.10268495072515339	-0.1571178297131043	0.3154516683116515	-0.5028544928924434	0.08378591272879002	-0.09937884988200336	0.13237560140902885	-0.6971084639018471	1.0000000000000042	-0.07614375749176447	0.080586469617891	-0.0978041733661873	0.12230423823616356	-0.1784966294550177	0.08298005285348764	-0.07552503040559978	0.07916824973324918	-0.10194106542996802	0.1326600837692384	-0.05122391553704055	0.06303929724530535	-0.0724535722708873	0.09368991369488444	-0.08122386891112499	0.04468689694329128	-0.06488861845844332	0.07099037820491448	-0.07279827130629403	0.05715023989253471	-0.07325708281868964	0.05503234023786123	-0.06429027959305204	0.045148733193366125	-0.05885724867505633
0.07919726139564857	-0.13761505257365866	0.17048862400730302	-0.06415718099938436	0.07369120825142549	-0.09011217722874341	0.13135409217583102	-0.1334946294355897	0.08044193667025074	-0.07314306287189067	0.26879002502822374	-0.20982954017366584	0.15217586915434805	-0.09781720852522814	0.0827641092660118	-0.5834125620715124	0.26207490150484686	-0.21336131313059203	0.07136238871404144	-0.07614375749176447	0.9999999999999974	-0.5238679259166443	0.2589697109977699	-0.0833006550591414	0.06600697398068892	-0.4102191337625848	0.2305593333537207	-0.2057664793872341	0.08388222523855443	-0.07533360530549894	0.11773675096609795	-0.1353016172292665	0.1473898434868031	-0.11473264822193834	0.08370479658239707	-0.1015373927600181	0.1261560942272266	-0.1312192447107934	0.09141396165804559	-0.06467868280089749	0.13175137360581476	-0.10102705356299706	0.11017445044381308	-0.07073031129708121	0.09105571897435527
-0.08115066246240522	0.14024609646429365	-0.1847210266880074	0.06805674054293667	-0.07871251918795935	0.09012847730169418	-0.14345448598238625	0.1439534993161919	-0.0864758223687486	0.07762454433754294	-0.2580414503513188	0.22393993102326415	-0.1775941926756131	0.10430350787975393	-0.08887871139373765	0.2782685480792376	-0.4510351207642546	0.25224404646158605	-0.07720053642214617	0.080586469617891	-0.5238679259166443	0.9999999999999998	-0.5411542991913297	0.09052658400368835	-0.07110183377232092	0.24552563160622506	-0.24856264277837145	0.22750848049590852	-0.0909416006084353	0.07848770235486596	-0.10660332819590959	0.1356870902077788	-0.16157084355554846	0.11652118487686829	-0.08640985206118422	0.0912755903046031	-0.1275828031833415	0.13121528606559038	-0.09369307601187626	0.06591300957892195	-0.12980318404327024	0.09937562015015906	-0.11092809160301145	0.0709535543185756	-0.09185468424283583
0.08228166288085506	-0.1490878877631098	0.1980317392292787	-0.07853570901660972	0.08984729122164786	-0.09261747114520702	0.14397173163420798	-0.1666993543752868	0.09912020300113879	-0.09045005031733047	0.22435185838292712	-0.21512041104048407	0.2050441413730427	-0.1251179479633326	0.10340535939443396	-0.24551920609001465	0.2685107439358439	-0.40771555025176615	0.0924218320169758	-0.0978041733661873	0.2589697109977699	-0.5411542991913297	0.9999999999999986	-0.13466094467326034	0.09476660889600583	-0.2790176006170916	0.25556488741103467	-0.46753568225016917	0.12447443212587309	-0.1049296394329588	0.12230560594658445	-0.18300083479354504	0.21655902238090782	-0.15699356765321335	0.10993006551391334	-0.10905273440810531	0.15824543219500747	-0.1759530414206566	0.11946483005563285	-0.08481669934923039	0.1524939851869796	-0.1232696663158884	0.1358965895804438	-0.08797887881802431	0.11127990736150933
-0.036545736040885395	0.06483338687767644	-0.10102635340227714	0.05092680341346213	-0.06516210313946548	0.04034562847700681	-0.06182759021262126	0.0756868655872622	-0.06581153977401807	0.06444462438737096	-0.09695304923407283	0.07866439239188043	-0.08585739099567037	0.09466300042587154	-0.09596680723094322	0.08196103355227685	-0.0859576696791303	0.09871395246952841	-0.1129022350852548	0.12230423823616356	-0.0833006550591414	0.09052658400368835	-0.13466094467326034	1.0000000000000013	-0.5387929425762679	0.1021109667753946	-0.10559230265608927	0.12357649241139487	-0.6856197297488125	0.3082448892696091	-0.07000501967067858	0.09856529684544225	-0.12402234853713946	0.24172075335584575	-0.21002323436816284	0.062091499805255634	-0.10282771025763446	0.1194508723013238	-0.18229580953204605	0.1333855096379491	-0.10383336103475216	0.08451502982399256	-0.10411541344873194	0.08232182688544919	-0.1045802054977078
0.0314595566527564	-0.05658746708614973	0.08786618697988971	-0.05056411857893616	0.06529802725336548	-0.034844322634831365	0.05372930716821102	-0.06866277201757158	0.06581295322715135	-0.06711547000583849	0.07974254876581573	-0.06691137226302944	0.07607123404629108	-0.09929201885788644	0.1057105260629897	-0.06738317191734519	0.07036826849765201	-0.08379751262201404	0.12157205009100785	-0.1784966294550177	0.06600697398068892	-0.07110183377232092	0.09476660889600583	-0.5387929425762679	0.9999999999999976	-0.08245872659883531	0.08090421932606921	-0.09352708255535867	0.29079459171148314	-0.7190974189062453	0.05581908677351189	-0.0792108672303327	0.09524143575750423	-0.2067421487840886	0.18943020944542904	-0.049981842964960874	0.08097131220498424	-0.09768696315141112	0.14086315593331117	-0.1313899270746844	0.08254999359256252	-0.06813528139921762	0.08245780635918738	-0.06611217060137446	0.08175604855091814
-0.07746996378839419	0.1299985390528224	-0.1921194843585616	0.06826851595241598	-0.08095218950461201	0.08512035359304473	-0.1262483319535708	0.1339527891778759	-0.08580777065873138	0.07779900390160156	-0.2576314701791197	0.1749940802740449	-0.157237017915791	0.10293388489177498	-0.09105104677834598	0.23920067476550078	-0.21391586400570872	0.19331025888299722	-0.07813008700550599	0.08298005285348764	-0.4102191337625848	0.24552563160622506	-0.2790176006170916	0.1021109667753946	-0.08245872659883531	1.0000000000000022	-0.6364609709690122	0.27320043965946733	-0.10916725412959058	0.09447908302716866	-0.2505456451784755	0.20427038893795088	-0.22397233678704978	0.150811161593732	-0.1139071313795463	0.17621625044794417	-0.20156952712740997	0.18409140891271072	-0.12672307023690355	0.08766356062839488	-0.20889609776768486	0.15150311168479846	-0.16395506910335367	0.10151600595506788	-0.13228753620312433
0.06446464617206975	-0.1133066882481923	0.15692129795103388	-0.05970023006988908	0.06983005375933617	-0.0721080810762767	0.1071928263547847	-0.11747873821667425	0.07458294124753363	-0.06854967851380582	0.1904387121297891	-0.15363193733638947	0.1349659343043967	-0.09221643518750468	0.07971636368687735	-0.2019137340661788	0.1784386537897528	-0.1853398079888992	0.06985207963209414	-0.07552503040559978	0.2305593333537207	-0.24856264277837145	0.25556488741103467	-0.10559230265608927	0.08090421932606921	-0.6364609709690122	0.9999999999999999	-0.5153937983653469	0.11219893022118896	-0.09553730519648249	0.16246120063837222	-0.2838440656444375	0.25300526208152235	-0.16091696536982605	0.11018664840914041	-0.14593510836324222	0.20022296582556912	-0.2033880620140855	0.12433839834510368	-0.08708202752323008	0.1718602959727811	-0.1445226075968783	0.1513640444582503	-0.09538603959456037	0.11891487479457594
-0.06451607299776331	0.11196350124275005	-0.16475427020035266	0.06150668790608277	-0.07276671246603479	0.07129313087479289	-0.10841364023586657	0.1205119464265313	-0.07752642845763735	0.07076450386685408	-0.19105224657122122	0.14964094570235228	-0.1467323973403314	0.09544853430067406	-0.08385607647301861	0.1747019639346362	-0.18421327344171073	0.19697835053673002	-0.07426671332029304	0.07916824973324918	-0.2057664793872341	0.22750848049590852	-0.46753568225016917	0.12357649241139487	-0.09352708255535867	0.27320043965946733	-0.5153937983653469	0.9999999999999994	-0.14784824277687855	0.10776982588207369	-0.14132261783999397	0.24734524944282793	-0.49880447825001345	0.18071528180015609	-0.12616537988908966	0.12222273241657092	-0.2151817894219005	0.21849522881005617	-0.1422757523486127	0.09678917733920481	-0.17841792016288746	0.14570008247647737	-0.16822370377127446	0.10328892896356211	-0.1311563120505953
0.036024388245693845	-0.0640461527190333	0.09744325378763899	-0.04679120777057326	0.05849569098976207	-0.03992968078781068	0.06048285493727563	-0.0729203783278446	0.059539628975429006	-0.058212363672924365	0.09620789862140057	-0.07827910656362175	0.08191593872621035	-0.08488012463473699	0.08124619147714017	-0.08346624917988257	0.08484831652125875	-0.09788612411482688	0.08800483021072757	-0.10194106542996802	0.08388222523855443	-0.0909416006084353	0.12447443212587309	-0.6856197297488125	0.29079459171148314	-0.10916725412959058	0.11219893022118896	-0.14784824277687855	0.9999999999999999	-0.4220209667971351	0.07291516885507911	-0.11105012379461432	0.14055418390013694	-0.4354979944159333	0.21284097056258955	-0.06552445806412528	0.10973432890945663	-0.13262316537583144	0.1931879352678976	-0.15288847024675045	0.1067573787024248	-0.08972534228202173	0.10875147930911772	-0.08698446718450815	0.10671840263740183
-0.03506530835886102	0.06236913328350733	-0.09860071072839013	0.05227594596780554	-0.06812021571513412	0.03868469579332043	-0.05929769214776942	0.07373169152219863	-0.06793156990689699	0.0669370256530081	-0.09143961731500186	0.0740035483482164	-0.08216345554044027	0.09493192989938033	-0.10383365694520268	0.07580169153410546	-0.078673543643121	0.0903083348939445	-0.11320415162027331	0.1326600837692384	-0.07533360530549894	0.07848770235486596	-0.1049296394329588	0.3082448892696091	-0.7190974189062453	0.09447908302716866	-0.09553730519648249	0.10776982588207369	-0.4220209667971351	0.9999999999999963	-0.0673656606070703	0.09416623729380118	-0.11513568782607168	0.23438675024305858	-0.32997314948409123	0.06006152056323699	-0.0995335129658154	0.1194979924881888	-0.19789696439136972	0.1722377872263596	-0.10167219856164539	0.08365453514448348	-0.10389657575606531	0.08522976972557378	-0.10698283990747327
0.04121920110489418	-0.07230795245084998	0.10542213969155126	-0.0399511671820184	0.047222260215746915	-0.04593141242732934	0.06701372696934256	-0.07477479274550716	0.049396672620489024	-0.045839757841492794	0.11834891791932656	-0.0906157049965248	0.08290364410397127	-0.0611886362752969	0.053628540823096545	-0.11159018513322898	0.09835069196832438	-0.10425463192229922	0.0465760557017351	-0.05122391553704055	0.11773675096609795	-0.10660332819590959	0.12230560594658445	-0.07000501967067858	0.05581908677351189	-0.2505456451784755	0.16246120063837222	-0.14132261783999397	0.07291516885507911	-0.0673656606070703	0.9999999999999967	-0.19281803040898562	0.14621663908590718	-0.11673551240720285	0.08291336992145827	-0.8517318098369318	0.18915824803781303	-0.1661445480181678	0.09653416101728153	-0.06800480987359776	0.23910552267240634	-0.18525191168260485	0.1426140338625986	-0.08797314103351131	0.10522240151380888
-0.04845200683090954	0.08432612560034076	-0.12589428316619447	0.04759807376948646	-0.05676053794041066	0.05362624607946731	-0.07973796995634473	0.08918857827976895	-0.05940602300486933	0.05487413264052472	-0.14062146547410617	0.10746393361673418	-0.10241326774294122	0.07358274708540342	-0.0655186393273109	0.12514816053049962	-0.12182992254326745	0.12925470806732745	-0.05786111386110126	0.06303929724530535	-0.1353016172292665	0.1356870902077788	-0.18300083479354504	0.09856529684544225	-0.0792108672303327	0.20427038893795088	-0.2838440656444375	0.24734524944282793	-0.11105012379461432	0.09416623729380118	-0.19281803040898562	0.9999999999999993	-0.5382893311393568	0.18036232845337044	-0.12780947683209304	0.16572061911201313	-0.6378906359090386	0.2852361481964847	-0.15416173577551265	0.10191556375479142	-0.224823309602421	0.20783195780583671	-0.2116861505750642	0.12093509702958	-0.14900648449088583
0.05363165218039858	-0.09459572756625106	0.13707942995009822	-0.05342356188010136	0.06329684548503008	-0.059734852677894405	0.08890682718869246	-0.10065497752226177	0.06662209244752598	-0.0618677063099956	0.15148284510096496	-0.12162124734258034	0.11499760160220725	-0.08375678790128534	0.07378396568813711	-0.14188052167456244	0.13668967599635742	-0.15449417384244363	0.06603395281579795	-0.0724535722708873	0.1473898434868031	-0.16157084355554846	0.21655902238090782	-0.12402234853713946	0.09524143575750423	-0.22397233678704978	0.25300526208152235	-0.49880447825001345	0.14055418390013694	-0.11513568782607168	0.14621663908590718	-0.5382893311393568	1.0000000000000002	-0.27839099379600424	0.1498739573951542	-0.13678908002631002	0.29048768345651166	-0.4218239615326183	0.18144602486883157	-0.12211344010190875	0.192816819658122	-0.18825233217569282	0.20939087267509307	-0.1280335562335274	0.15092260053677736
-0.04822265840177215	0.0843664855488586	-0.13109413781137924	0.05539621545328342	-0.06864579344328041	0.05318004422949149	-0.07964063370514318	0.09256749024174876	-0.06982004041951069	0.06619444928487452	-0.13402242136681228	0.10316535887162236	-0.104331241059313	0.09088809685787719	-0.08694539588464437	0.1122928058474604	-0.11268518940050683	0.12322575377074078	-0.08387901029099784	0.09368991369488444	-0.11473264822193834	0.11652118487686829	-0.15699356765321335	0.24172075335584575	-0.2067421487840886	0.150811161593732	-0.16091696536982605	0.18071528180015609	-0.4354979944159333	0.23438675024305858	-0.11673551240720285	0.18036232845337044	-0.27839099379600424	1.0000000000000018	-0.4427968631957293	0.104415125508611	-0.19210393885332552	0.22901878475019513	-0.513579431983592	0.2741025695528091	-0.1787306465395401	0.15170761923675763	-0.19589202863061073	0.16492892642395385	-0.20498955935781887
0.03681290268363096	-0.06536180430370576	0.098833402001366	-0.04407338460695632	0.05425563952898077	-0.04088836779074744	0.0608591144703214	-0.0719067934331002	0.05530223895118504	-0.053384456349695686	0.09883404892367197	-0.07895787758107022	0.07936620800536727	-0.0746542293886181	0.07039248486765062	-0.08539573322731857	0.08372586777445769	-0.0948313513855243	0.06931316342220871	-0.08122386891112499	0.08370479658239707	-0.08640985206118422	0.10993006551391334	-0.21002323436816284	0.18943020944542904	-0.1139071313795463	0.11018664840914041	-0.12616537988908966	0.21284097056258955	-0.32997314948409123	0.08291336992145827	-0.12780947683209304	0.1498739573951542	-0.4427968631957293	0.9999999999999953	-0.07648990273268733	0.12968671182743136	-0.18194644367854615	0.3145660823107792	-0.6794668402851315	0.1257974325920483	-0.11362994743176433	0.13858380153707095	-0.12922804737845947	0.14346752983196015
-0.03592866730208012	0.06246935761746267	-0.09302261795461003	0.034794173198890645	-0.04134814451358548	0.03983129667422929	-0.058372785594151884	0.06494329709245439	-0.04313929706771236	0.03991016727383547	-0.104917733547026	0.07823414272676055	-0.07268255058787837	0.05315153029654282	-0.04699683695775595	0.09365762168174058	-0.08593023431789476	0.08971835114914407	-0.04080935128961749	0.04468689694329128	-0.1015373927600181	0.0912755903046031	-0.10905273440810531	0.062091499805255634	-0.049981842964960874	0.17621625044794417	-0.14593510836324222	0.12222273241657092	-0.06552445806412528	0.06006152056323699	-0.8517318098369318	0.16572061911201313	-0.13678908002631002	0.104415125508611	-0.07648990273268733	0.9999999999999973	-0.21783501398688068	0.1553273217432731	-0.09029916817637068	0.06260938745456614	-0.34673157148942463	0.1849643852671104	-0.14694663345436007	0.08536871427910353	-0.10438917712634016
0.048467790899565016	-0.08542826238303432	0.12519946199578139	-0.04842658406022208	0.05748761986156968	-0.053984681246532495	0.07939407184919882	-0.08968257674756977	0.06004331126497847	-0.05592643315701064	0.13607343728135812	-0.10690161626295644	0.1002510771217347	-0.07522052086199583	0.06640337897623427	-0.12463355051954116	0.11638762000174616	-0.12783370746177988	0.05874846126736639	-0.06488861845844332	0.1261560942272266	-0.1275828031833415	0.15824543219500747	-0.10282771025763446	0.08097131220498424	-0.20156952712740997	0.20022296582556912	-0.2151817894219005	0.10973432890945663	-0.0995335129658154	0.18915824803781303	-0.6378906359090386	0.29048768345651166	-0.19210393885332552	0.12968671182743136	-0.21783501398688068	0.9999999999999986	-0.4654449448316997	0.16453545077619705	-0.11304027621137416	0.24969989957605895	-0.3476916059677989	0.2505522978999475	-0.14275131853422351	0.16260632817111526
-0.051165826163949234	0.08918558219242152	-0.1352265300288656	0.051761441075558336	-0.06213406481900526	0.05657790701160142	-0.08385476652071204	0.09463601321805964	-0.06449772536322959	0.059925885039916936	-0.14614323451363748	0.11123388162147484	-0.10734792065982807	0.08048293163807053	-0.07242396749106536	0.12612949347595143	-0.12320066473041229	0.1322908040760191	-0.06454329537259561	0.07099037820491448	-0.1312192447107934	0.13121528606559038	-0.1759530414206566	0.1194508723013238	-0.09768696315141112	0.18409140891271072	-0.2033880620140855	0.21849522881005617	-0.13262316537583144	0.1194979924881888	-0.1661445480181678	0.2852361481964847	-0.4218239615326183	0.22901878475019513	-0.18194644367854615	0.1553273217432731	-0.4654449448316997	0.9999999999999989	-0.29269552636455715	0.16085580328666993	-0.27225843293711277	0.2674334763961901	-0.5039068422763369	0.21070988229384435	-0.252234626244202
0.03905592277457036	-0.0690568806489479	0.10413553786983187	-0.044003602694283675	0.05360824753228305	-0.043366117855997026	0.06427638013977208	-0.07476777012549463	0.05495642314344585	-0.052401257267469366	0.10650534987211692	-0.08409171183626749	0.08288989290471632	-0.07237127794718526	0.06675959435310892	-0.09243467485827093	0.08986899957556307	-0.1005498449060895	0.06362371394698396	-0.07279827130629403	0.09141396165804559	-0.09369307601187626	0.11946483005563285	-0.18229580953204605	0.14086315593331117	-0.12672307023690355	0.12433839834510368	-0.1422757523486127	0.1931879352678976	-0.19789696439136972	0.09653416101728153	-0.15416173577551265	0.18144602486883157	-0.513579431983592	0.3145660823107792	-0.09029916817637068	0.16453545077619705	-0.29269552636455715	0.9999999999999981	-0.6104478290317221	0.15055425661375	-0.1456934198069339	0.19135289414989773	-0.23483459849643024	0.20411876192048362
-0.027984762171899023	0.04938429222699679	-0.07547655558829497	0.03268271657572068	-0.04032017392380219	0.031000895724257342	-0.04616391707567148	0.05406348632745398	-0.04105585241940347	0.03926144057168727	-0.07625822310565278	0.05986611710121119	-0.060045942960721035	0.05423132179338374	-0.05155707058153616	0.06510633377386477	-0.06405178389001234	0.07138904746949447	-0.04994512121456278	0.05715023989253471	-0.06467868280089749	0.06591300957892195	-0.08481669934923039	0.1333855096379491	-0.1313899270746844	0.08766356062839488	-0.08708202752323008	0.09678917733920481	-0.15288847024675045	0.1722377872263596	-0.06800480987359776	0.10191556375479142	-0.12211344010190875	0.2741025695528091	-0.6794668402851315	0.06260938745456614	-0.11304027621137416	0.16085580328666993	-0.6104478290317221	0.9999999999999984	-0.10739438157640838	0.09838794791870793	-0.13263693807430788	0.13620645013386895	-0.15867297056878527
0.055605099210933165	-0.09866707123076741	0.1450645884927388	-0.055970010850886584	0.06626259765975248	-0.06211241493566859	0.09014388354299477	-0.10241127955086579	0.0688256297805342	-0.06439000263005278	0.1519171585484275	-0.11963243673835734	0.1113663268118592	-0.08610389503982627	0.07548518959543163	-0.13735042803282027	0.12504378650117495	-0.13897466779227585	0.06578122413354022	-0.07325708281868964	0.13175137360581476	-0.12980318404327024	0.1524939851869796	-0.10383336103475216	0.08254999359256252	-0.20889609776768486	0.1718602959727811	-0.17841792016288746	0.1067573787024248	-0.10167219856164539	0.23910552267240634	-0.224823309602421	0.192816819658122	-0.1787306465395401	0.1257974325920483	-0.34673157148942463	0.24969989957605895	-0.27225843293711277	0.15055425661375	-0.10739438157640838	0.9999999999999986	-0.6402230515943732	0.27325027290964765	-0.16512203945129839	0.1786092079896708
-0.0409351259062458	0.07187319723392269	-0.10766443400289459	0.04122562550153569	-0.049182477637958494	0.045460750472731765	-0.0666487071685233	0.0753611161029216	-0.051026134636220064	0.04754354560944911	-0.11479129623886816	0.08831461461507902	-0.08363655028684996	0.06363611635567513	-0.056575917449382646	0.10080008820698622	-0.09495154303965714	0.10322470684284668	-0.04975406071084773	0.05503234023786123	-0.10102705356299706	0.09937562015015906	-0.1232696663158884	0.08451502982399256	-0.06813528139921762	0.15150311168479846	-0.1445226075968783	0.14570008247647737	-0.08972534228202173	0.08365453514448348	-0.18525191168260485	0.20783195780583671	-0.18825233217569282	0.15170761923675763	-0.11362994743176433	0.1849643852671104	-0.3476916059677989	0.2674334763961901	-0.1456934198069339	0.09838794791870793	-0.6402230515943732	0.9999999999999983	-0.5215540169916107	0.18954369935593263	-0.2214690000765255
0.04610000207099504	-0.08156738426833735	0.1207609545815032	-0.047144045343098046	0.05612387440675809	-0.05137485301585105	0.0751087267992428	-0.08557119289841218	0.05823176621578978	-0.05455840925852901	0.12670913111721013	-0.09961226456397881	0.09411837706193875	-0.07339492432668546	0.06498845153750805	-0.11298246271732007	0.10566668019719438	-0.11749202007401205	0.057614761188790636	-0.06429027959305204	0.11017445044381308	-0.11092809160301145	0.1358965895804438	-0.10411541344873194	0.08245780635918738	-0.16395506910335367	0.1513640444582503	-0.16822370377127446	0.10875147930911772	-0.10389657575606531	0.1426140338625986	-0.2116861505750642	0.20939087267509307	-0.19589202863061073	0.13858380153707095	-0.14694663345436007	0.2505522978999475	-0.5039068422763369	0.19135289414989773	-0.13263693807430788	0.27325027290964765	-0.5215540169916107	0.9999999999999982	-0.41996999206766167	0.27588152562144375
