1.0000000000000002	-0.25026736675098027	0.12036393143685853	-0.1333445904071405	0.10632653333258925	-0.12016178924483367	0.11190120594944074	-0.09243734405226516	0.10884401759535359	-0.08031915915277915	0.10940506124376412	-0.12902269582365283	0.08619940124971641	-0.12213389025638455	0.06986826030278306	-0.051356470408681666	0.061318900377456874	-0.0853249202243796	0.11194303991476977	-0.06967560892519366	0.05744193437909562	-0.058124919706455905	0.07154570507574015	-0.09176681357869089	0.12091476145984173	-0.053977150057721066	0.06686534080529992	-0.07291886406476836	0.07595114589822605	-0.07680360789248847	0.07939852169601874	-0.05738499204763345	0.06577762223261419	-0.08112454339784136	0.10882782322965567
-0.25026736675098027	1.0	-0.5400178374815625	0.28804485764294296	-0.2524597539794069	0.20857500119094982	-0.36587012123258644	0.1870817153164669	-0.2555381763395593	0.16973892748024758	-0.2278585975322755	0.24120537375024922	-0.19946724004281874	0.21449171569049558	-0.14149275529460192	0.08823856016606858	-0.10815237434926223	0.13775132845018526	-0.21761609020211908	0.1333638432032453	-0.09999637833056518	0.09827819017613483	-0.12225185844348362	0.16146959204910233	-0.22546500949669038	0.08924452474760965	-0.11246066187170456	0.12072878133606568	-0.13078879784437125	0.13472330005094202	-0.13284290390563366	0.09411606360231278	-0.11044246424320615	0.13309519729171745	-0.19469209227519715
0.12036393143685853	-0.5400178374815625	1.0000000000000002	-0.7052995331315788	0.1862058948868206	-0.124969051495008	0.15463295651654463	-0.19100879929730463	0.2250235229979629	-0.14781013516225786	0.12257306581424297	-0.15849936447030982	0.15584535887600073	-0.1992815195277809	0.09796959225509876	-0.052297530471766565	0.06401841305069057	-0.08815400223959446	0.13978338681248934	-0.09724062746437954	0.05827222626141981	-0.05956506167187893	0.07458708224933454	-0.10610561894143253	0.13103901375559943	-0.05233502583336257	0.06523472547871481	-0.07385131435920025	0.07885223346197093	-0.08019604587878845	0.07561500708453034	-0.05548786726524446	0.06440309195967892	-0.08051144013293537	0.10933249396449783
-0.1333445904071405	0.28804485764294296	-0.7052995331315788	0.9999999999999997	-0.30222956889371266	0.10484209995199102	-0.1304432365864851	0.16342055261875338	-0.4052956254329634	0.20385891081022006	-0.11569100310970196	0.1354805028652166	-0.15705523458499104	0.2331479684045647	-0.13304261829541641	0.05770851631747774	-0.07201380963180615	0.10329690384693817	-0.18331956917657444	0.12626731468876753	-0.06644793019590138	0.06787776164634428	-0.08943008811493569	0.131457983132452	-0.16974854607232023	0.06297303180700779	-0.07945255509370788	0.08983921591100713	-0.097951070757405	0.10114668041921229	-0.09291190441805947	0.06765621556774552	-0.07945724380470957	0.09873430533402769	-0.1398564689304709
0.10632653333258925	-0.2524597539794069	0.1862058948868206	-0.30222956889371266	0.9999999999999993	-0.09453177718529351	0.10459032978082757	-0.14250483261308333	0.28523164117385696	-0.7512147844653182	0.09494079830118468	-0.12725676329284485	0.12213794877703962	-0.28432412628140546	0.2282264360516941	-0.053727994388606946	0.0665220875261963	-0.10776692608753155	0.17280868062624588	-0.2610090574977702	0.060641898266432875	-0.06517281273729691	0.08643465127930101	-0.1414076117207815	0.1594971922042335	-0.05867003864587009	0.07242740445722651	-0.08965503070929524	0.09429171479878032	-0.10144476828566981	0.082167647671129	-0.06408864071362524	0.07342945778335441	-0.09853859769939982	0.120927914327983
-0.12016178924483367	0.20857500119094982	-0.124969051495008	0.10484209995199102	-0.09453177718529351	0.9999999999999998	-0.6056897336623303	0.12425557231329634	-0.09932473695823656	0.06780564264060272	-0.6794257766674934	0.3178766850901785	-0.13027213632707507	0.09549435989298528	-0.05746864191140287	0.08926786731353749	-0.08964829358856553	0.08078757081857504	-0.09300669919971678	0.05574375373396036	-0.08692088576509664	0.07326222413249565	-0.06993860461048847	0.07344960873048618	-0.09519007985878619	0.051483710793458176	-0.06089596128004829	0.06156193576175264	-0.06259580204024244	0.059228181079204655	-0.0681205191610037	0.048387037753491444	-0.0540993688625918	0.0645278710449662	-0.0832928179472765
0.11190120594944074	-0.36587012123258644	0.15463295651654463	-0.1304432365864851	0.10459032978082757	-0.6056897336623303	0.9999999999999991	-0.16679918950364778	0.11353861943095805	-0.07627378608646887	0.3232780812862175	-0.5863169587217856	0.161554061996901	-0.1082160196865541	0.06243948217140679	-0.07702310064655539	0.08795946617429266	-0.08368117155412037	0.09953783990924378	-0.06072776065901767	0.07497498155660244	-0.07377925211399039	0.07114843458019522	-0.07790294609611507	0.10015370621324142	-0.05044633447110339	0.06044381886781193	-0.06315656050673533	0.0647036866353058	-0.06206017758522168	0.0680410840591695	-0.04891915626758971	0.055183156606108764	-0.06654827090065707	0.08687915905692895
-0.09243734405226516	0.1870817153164669	-0.19100879929730463	0.16342055261875338	-0.14250483261308333	0.12425557231329634	-0.16679918950364778	0.9999999999999988	-0.22625399977065877	0.11487246735677872	-0.16764158549491603	0.20604011428655744	-0.8749979591591532	0.17616727830416767	-0.08264582189509868	0.0565413102673363	-0.06891237666164188	0.08833778376633733	-0.12747827184457658	0.07999758532138711	-0.061583494131547574	0.061294284128634406	-0.07438050654022967	0.09442592386292557	-0.11551300430227589	0.049591452194149836	-0.061211436442381424	0.06804992927814545	-0.07192513760260118	0.07053416475167161	-0.06994580070778515	0.051066650770534544	-0.058844086065374994	0.07264208262510666	-0.09632894058100844
0.10884401759535359	-0.2555381763395593	0.2250235229979629	-0.4052956254329634	0.28523164117385696	-0.09932473695823656	0.11353861943095805	-0.22625399977065877	0.9999999999999982	-0.4195482096372622	0.10478809820488226	-0.1375327369043881	0.17585158600167955	-0.6150814603273435	0.16709904180615998	-0.05806855320132748	0.07269517815444027	-0.1172301138922681	0.22167503907435313	-0.16860062775154186	0.06609011489272207	-0.07058946394858422	0.09558969127982973	-0.1638091548994104	0.16941269219905788	-0.0632511263978579	0.0787779002188733	-0.09684558396453989	0.10382769472131893	-0.10444447862212101	0.08952506087052002	-0.06858494377411446	0.07952966776370705	-0.10421065113235672	0.13188194154494673
-0.08031915915277915	0.16973892748024758	-0.14781013516225786	0.20385891081022006	-0.7512147844653182	0.06780564264060272	-0.07627378608646887	0.11487246735677872	-0.4195482096372622	0.9999999999999996	-0.07148314076347445	0.0918847471094937	-0.10414512196729307	0.23420251153906846	-0.33482450913684975	0.04273104302946366	-0.05357754414575222	0.08651063833460439	-0.15939360618565027	0.22868488412228685	-0.04904758105398287	0.05240100089827328	-0.07153612232262807	0.11946499280005086	-0.14593863459179848	0.04823177874209288	-0.06021644505301472	0.07384099959494615	-0.0798378956645317	0.08684163671422457	-0.06864919671514152	0.05283307432702128	-0.061413410245493585	0.08126987914233845	-0.10650748711088846
0.10940506124376412	-0.2278585975322755	0.12257306581424297	-0.11569100310970196	0.09494079830118468	-0.6794257766674934	0.3232780812862175	-0.16764158549491603	0.10478809820488226	-0.07148314076347445	0.9999999999999993	-0.5738820660857075	0.15874124988536875	-0.10682901195136989	0.059081635669626986	-0.13423422132278356	0.11562928363439003	-0.09857876056745478	0.09714626879343752	-0.05851750539459533	0.10954276032915838	-0.09593443351718005	0.08207719149103364	-0.07929935517999795	0.09675396298263976	-0.06002459432518451	0.06861772630025594	-0.06926212104520031	0.06806329272136923	-0.06175722065485344	0.07464925309052414	-0.0539967009876585	0.058888806843638036	-0.07083767888482073	0.08461534892776434
-0.12902269582365283	0.24120537375024922	-0.15849936447030982	0.1354805028652166	-0.12725676329284485	0.3178766850901785	-0.5863169587217856	0.20604011428655744	-0.1375327369043881	0.0918847471094937	-0.5738820660857075	0.9999999999999958	-0.2848343296205463	0.131886390241987	-0.07765889221219649	0.11293327669861715	-0.1426073227777037	0.11237363657719819	-0.12704172676746509	0.07522856801476098	-0.11087009841420963	0.10590141792866822	-0.09785941554323817	0.09967791800907669	-0.12839229587607084	0.06850551592402614	-0.08172029895182426	0.08332757458838845	-0.08470722049575675	0.07967340122381238	-0.091078777045696	0.0648906759789572	-0.07279968927206887	0.08671213634418744	-0.11189044576301853
0.08619940124971641	-0.19946724004281874	0.15584535887600073	-0.15705523458499104	0.12213794877703962	-0.13027213632707507	0.161554061996901	-0.8749979591591532	0.17585158600167955	-0.10414512196729307	0.15874124988536875	-0.2848343296205463	0.9999999999999993	-0.18740707782497043	0.07385440880223623	-0.05556701854400358	0.06782663636631714	-0.08867012139564093	0.11653211742265718	-0.07373457145659573	0.058881997000521456	-0.06052232362314246	0.07128231480162472	-0.08918163155104664	0.10343839544456628	-0.046475910581863795	0.05681779642700353	-0.06410570047524691	0.06665512908256083	-0.06436130146334891	0.06425194987705272	-0.04753749341683047	0.05429592460924139	-0.06774709284044966	0.08620320502349677
-0.12213389025638455	0.21449171569049558	-0.1992815195277809	0.2331479684045647	-0.28432412628140546	0.09549435989298528	-0.1082160196865541	0.17616727830416767	-0.6150814603273435	0.23420251153906846	-0.10682901195136989	0.131886390241987	-0.18740707782497043	0.9999999999999964	-0.18552187950465585	0.07250383165528766	-0.09356436448872517	0.15374534087962094	-0.4685495597001656	0.17338053268758913	-0.0855124348582093	0.09125642233091394	-0.13260117979998318	0.23315170600388885	-0.2558055563646814	0.08517398906408277	-0.10825863756726324	0.1316486866009069	-0.14953651421531805	0.14641663401077407	-0.12362434799731034	0.09305368397872	-0.1104483118569089	0.1413378383083605	-0.1936352940530111
0.06986826030278306	-0.14149275529460192	0.09796959225509876	-0.13304261829541641	0.2282264360516941	-0.05746864191140287	0.06243948217140679	-0.08264582189509868	0.16709904180615998	-0.33482450913684975	0.059081635669626986	-0.07765889221219649	0.07385440880223623	-0.18552187950465585	0.9999999999999981	-0.041292700739317734	0.051825678901761985	-0.09151177199813706	0.162556324810238	-0.8544183330485656	0.047397096085278735	-0.05238012056109875	0.07329376656687715	-0.14124989008790245	0.17763163545324243	-0.04863924486379937	0.06016201303207948	-0.07938945142129651	0.08503288881045591	-0.10837847571713677	0.06726640928871654	-0.054551168912691156	0.06281060952904587	-0.08908622602581624	0.1095706414363965
-0.051356470408681666	0.08823856016606858	-0.052297530471766565	0.05770851631747774	-0.053727994388606946	0.08926786731353749	-0.07702310064655539	0.0565413102673363	-0.05806855320132748	0.04273104302946366	-0.13423422132278356	0.11293327669861715	-0.05556701854400358	0.07250383165528766	-0.041292700739317734	0.9999999999999978	-0.531715221398482	0.18161896564997998	-0.08742988984296832	0.04334434717353048	-0.7450688545792344	0.2919892801321348	-0.16816994563455712	0.0854041306651897	-0.0848692849761832	0.14894645738675483	-0.14797254638424273	0.10989883313374976	-0.09303931086219845	0.061554378832163914	-0.13887670482045378	0.09208405739472174	-0.08791563505592893	0.09617580356387327	-0.0783481669657286
0.061318900377456874	-0.10815237434926223	0.06401841305069057	-0.07201380963180615	0.0665220875261963	-0.08964829358856553	0.08795946617429266	-0.06891237666164188	0.07269517815444027	-0.05357754414575222	0.11562928363439003	-0.1426073227777037	0.06782663636631714	-0.09356436448872517	0.051825678901761985	-0.531715221398482	1.000000000000002	-0.3222065428605314	0.11482623314831585	-0.055000982302410184	0.313162596109471	-0.6631758294509811	0.24611679347176432	-0.11414708056986532	0.10589209502330749	-0.13501247832001195	0.14376877627507306	-0.14011580128994017	0.11430089509615864	-0.0765619626283083	0.13041262087716052	-0.10044178799008469	0.09968810372909301	-0.11596665807381815	0.09529644841753351
-0.0853249202243796	0.13775132845018526	-0.08815400223959446	0.10329690384693817	-0.10776692608753155	0.08078757081857504	-0.08368117155412037	0.08833778376633733	-0.1172301138922681	0.08651063833460439	-0.09857876056745478	0.11237363657719819	-0.08867012139564093	0.15374534087962094	-0.09151177199813706	0.18161896564997998	-0.3222065428605314	1.0000000000000009	-0.26249192513461655	0.09631177988931286	-0.23950468527432478	0.27591235312092355	-0.7311169983207616	0.21393625189066934	-0.20106577498687364	0.15247433356237503	-0.19383445370222976	0.23172819382654472	-0.2177855313417627	0.13456271462898195	-0.1993613305084868	0.14436372868440675	-0.16998935576884971	0.18230128811279595	-0.1729556866039239
0.11194303991476977	-0.21761609020211908	0.13978338681248934	-0.18331956917657444	0.17280868062624588	-0.09300669919971678	0.09953783990924378	-0.12747827184457658	0.22167503907435313	-0.15939360618565027	0.09714626879343752	-0.12704172676746509	0.11653211742265718	-0.4685495597001656	0.162556324810238	-0.08742988984296832	0.11482623314831585	-0.26249192513461655	0.9999999999999974	-0.20677877439358158	0.10200639759291631	-0.12014123855365043	0.18871867890659186	-0.6294212095348835	0.27275902964565096	-0.10274849774699871	0.12718820762132296	-0.1908924835983558	0.20547538169920285	-0.17837503484495712	0.1365457379667137	-0.11369952968660786	0.13180511830690722	-0.18841542363672778	0.19047285120059398
-0.06967560892519366	0.1333638432032453	-0.09724062746437954	0.12626731468876753	-0.2610090574977702	0.05574375373396036	-0.06072776065901767	0.07999758532138711	-0.16860062775154186	0.22868488412228685	-0.05851750539459533	0.07522856801476098	-0.07373457145659573	0.17338053268758913	-0.8544183330485656	0.04334434717353048	-0.055000982302410184	0.09631177988931286	-0.20677877439358158	1.000000000000001	-0.05040641543067056	0.05547716839135035	-0.07970260047740557	0.15635548354889003	-0.25066291850119155	0.05230014204994384	-0.06539745525524802	0.08548807105123443	-0.0946929966849496	0.12159234938284243	-0.07334964689111907	0.05871283031411678	-0.0686658986732057	0.09583420655614715	-0.1295546172989247
0.05744193437909562	-0.09999637833056518	0.05827222626141981	-0.06644793019590138	0.060641898266432875	-0.08692088576509664	0.07497498155660244	-0.061583494131547574	0.06609011489272207	-0.04904758105398287	0.10954276032915838	-0.11087009841420963	0.058881997000521456	-0.0855124348582093	0.047397096085278735	-0.7450688545792344	0.313162596109471	-0.23950468527432478	0.10200639759291631	-0.05040641543067056	0.9999999999999977	-0.4484882394548029	0.19607940459840162	-0.10269787782317993	0.09749006850467877	-0.2261666725081456	0.17307790247435423	-0.1358187193430066	0.10981935192660487	-0.0725201895256187	0.15833711231485162	-0.11282426507209145	0.1033585300797539	-0.11756171077799146	0.0901957203477007
-0.058124919706455905	0.09827819017613483	-0.05956506167187893	0.06787776164634428	-0.06517281273729691	0.07326222413249565	-0.07377925211399039	0.061294284128634406	-0.07058946394858422	0.05240100089827328	-0.09593443351718005	0.10590141792866822	-0.06052232362314246	0.09125642233091394	-0.05238012056109875	0.2919892801321348	-0.6631758294509811	0.27591235312092355	-0.12014123855365043	0.05547716839135035	-0.4484882394548029	0.9999999999999998	-0.42425645987451477	0.121550175591788	-0.11291181845013404	0.1533111575028693	-0.18698957828297955	0.15826414725267102	-0.13073609632682778	0.08077476604909921	-0.1512963528914047	0.11197684734287566	-0.11304439642256423	0.12396049207206705	-0.10144043675297487
0.07154570507574015	-0.12225185844348362	0.07458708224933454	-0.08943008811493569	0.08643465127930101	-0.06993860461048847	0.07114843458019522	-0.07438050654022967	0.09558969127982973	-0.07153612232262807	0.08207719149103364	-0.09785941554323817	0.07128231480162472	-0.13260117979998318	0.07329376656687715	-0.16816994563455712	0.24611679347176432	-0.7311169983207616	0.18871867890659186	-0.07970260047740557	0.19607940459840162	-0.42425645987451477	0.9999999999999978	-0.22497556701835023	0.16292276153435387	-0.13880617661839864	0.16961322502545742	-0.30786513567159773	0.19985806720329113	-0.11680711861143603	0.1599618877818672	-0.1316430306260601	0.14885687926458077	-0.17259320752243668	0.13944858105637864
-0.09176681357869089	0.16146959204910233	-0.10610561894143253	0.131457983132452	-0.1414076117207815	0.07344960873048618	-0.07790294609611507	0.09442592386292557	-0.1638091548994104	0.11946499280005086	-0.07929935517999795	0.09967791800907669	-0.08918163155104664	0.23315170600388885	-0.14124989008790245	0.0854041306651897	-0.11414708056986532	0.21393625189066934	-0.6294212095348835	0.15635548354889003	-0.10269787782317993	0.121550175591788	-0.22497556701835023	0.9999999999999944	-0.4911443064203189	0.10941638768972387	-0.14128222467719245	0.21506125683382918	-0.3373389691929762	0.2170112650380409	-0.14895041014841495	0.1229937772110267	-0.15062121114811405	0.20994835438504372	-0.24150445833650763
0.12091476145984173	-0.22546500949669038	0.13103901375559943	-0.16974854607232023	0.1594971922042335	-0.09519007985878619	0.10015370621324142	-0.11551300430227589	0.16941269219905788	-0.14593863459179848	0.09675396298263976	-0.12839229587607084	0.10343839544456628	-0.2558055563646814	0.17763163545324243	-0.0848692849761832	0.10589209502330749	-0.20106577498687364	0.27275902964565096	-0.25066291850119155	0.09749006850467877	-0.11291181845013404	0.16292276153435387	-0.4911443064203189	0.9999999999999971	-0.10946198953212032	0.1346285588542423	-0.2004965478295909	0.22044689552344607	-0.5349128135645412	0.14649160083430612	-0.12891724016032807	0.14849351842158562	-0.23873899931568804	0.2974050758395379
-0.053977150057721066	0.08924452474760965	-0.05233502583336257	0.06297303180700779	-0.05867003864587009	0.051483710793458176	-0.05044633447110339	0.049591452194149836	-0.0632511263978579	0.04823177874209288	-0.06002459432518451	0.06850551592402614	-0.046475910581863795	0.08517398906408277	-0.04863924486379937	0.14894645738675483	-0.13501247832001195	0.15247433356237503	-0.10274849774699871	0.05230014204994384	-0.2261666725081456	0.1533111575028693	-0.13880617661839864	0.10941638768972387	-0.10946198953212032	0.9999999999999964	-0.6866164997224647	0.20811351945350545	-0.16382267275722728	0.09057176535694411	-0.572157158895414	0.2565590863412269	-0.19765968142185358	0.18728175664551477	-0.11321236861256824
0.06686534080529992	-0.11246066187170456	0.06523472547871481	-0.07945255509370788	0.07242740445722651	-0.06089596128004829	0.06044381886781193	-0.061211436442381424	0.0787779002188733	-0.06021644505301472	0.06861772630025594	-0.08172029895182426	0.05681779642700353	-0.10825863756726324	0.06016201303207948	-0.14797254638424273	0.14376877627507306	-0.19383445370222976	0.12718820762132296	-0.06539745525524802	0.17307790247435423	-0.18698957828297955	0.16961322502545742	-0.14128222467719245	0.1346285588542423	-0.6866164997224647	0.9999999999999982	-0.35692738878835795	0.21009571556060644	-0.11671555509822654	0.3202937864186821	-0.38260007130452084	0.2373833046484855	-0.260428152954349	0.14015610072031387
-0.07291886406476836	0.12072878133606568	-0.07385131435920025	0.08983921591100713	-0.08965503070929524	0.06156193576175264	-0.06315656050673533	0.06804992927814545	-0.09684558396453989	0.07384099959494615	-0.06926212104520031	0.08332757458838845	-0.06410570047524691	0.1316486866009069	-0.07938945142129651	0.10989883313374976	-0.14011580128994017	0.23172819382654472	-0.1908924835983558	0.08548807105123443	-0.1358187193430066	0.15826414725267102	-0.30786513567159773	0.21506125683382918	-0.2004965478295909	0.20811351945350545	-0.35692738878835795	0.9999999999999984	-0.646307535699505	0.16273586139831714	-0.270017702265984	0.23322179739611779	-0.361776544365088	0.29954459740755957	-0.20053533871290946
0.07595114589822605	-0.13078879784437125	0.07885223346197093	-0.097951070757405	0.09429171479878032	-0.06259580204024244	0.0647036866353058	-0.07192513760260118	0.10382769472131893	-0.0798378956645317	0.06806329272136923	-0.08470722049575675	0.06665512908256083	-0.14953651421531805	0.08503288881045591	-0.09303931086219845	0.11430089509615864	-0.2177855313417627	0.20547538169920285	-0.0946929966849496	0.10981935192660487	-0.13073609632682778	0.19985806720329113	-0.3373389691929762	0.22044689552344607	-0.16382267275722728	0.21009571556060644	-0.646307535699505	0.9999999999999984	-0.22244675370826814	0.20085222598617514	-0.19802351365349435	0.25029056315855097	-0.4958522738259742	0.22171791147371966
-0.07680360789248847	0.13472330005094202	-0.08019604587878845	0.10114668041921229	-0.10144476828566981	0.059228181079204655	-0.06206017758522168	0.07053416475167161	-0.10444447862212101	0.08684163671422457	-0.06175722065485344	0.07967340122381238	-0.06436130146334891	0.14641663401077407	-0.10837847571713677	0.061554378832163914	-0.0765619626283083	0.13456271462898195	-0.17837503484495712	0.12159234938284243	-0.0725201895256187	0.08077476604909921	-0.11680711861143603	0.2170112650380409	-0.5349128135645412	0.09057176535694411	-0.11671555509822654	0.16273586139831714	-0.22244675370826814	0.9999999999999971	-0.13009653996674897	0.11022981570365077	-0.13942268099417654	0.2175641770387371	-0.7243764937736463
0.07939852169601874	-0.13284290390563366	0.07561500708453034	-0.09291190441805947	0.082167647671129	-0.0681205191610037	0.0680410840591695	-0.06994580070778515	0.08952506087052002	-0.06864919671514152	0.07464925309052414	-0.091078777045696	0.06425194987705272	-0.12362434799731034	0.06726640928871654	-0.13887670482045378	0.13041262087716052	-0.1993613305084868	0.1365457379667137	-0.07334964689111907	0.15833711231485162	-0.1512963528914047	0.1599618877818672	-0.14895041014841495	0.14649160083430612	-0.572157158895414	0.3202937864186821	-0.270017702265984	0.20085222598617514	-0.13009653996674897	0.999999999999997	-0.5376923322719044	0.2732413998839479	-0.31378193078489724	0.1562408529627867
-0.05738499204763345	0.09411606360231278	-0.05548786726524446	0.06765621556774552	-0.06408864071362524	0.048387037753491444	-0.04891915626758971	0.051066650770534544	-0.06858494377411446	0.05283307432702128	-0.0539967009876585	0.0648906759789572	-0.04753749341683047	0.09305368397872	-0.054551168912691156	0.09208405739472174	-0.10044178799008469	0.14436372868440675	-0.11369952968660786	0.05871283031411678	-0.11282426507209145	0.11197684734287566	-0.1316430306260601	0.1229937772110267	-0.12891724016032807	0.2565590863412269	-0.38260007130452084	0.23322179739611779	-0.19802351365349435	0.11022981570365077	-0.5376923322719044	0.9999999999999967	-0.6361867040546682	0.2665260216723469	-0.14624326657900558
0.06577762223261419	-0.11044246424320615	0.06440309195967892	-0.07945724380470957	0.07342945778335441	-0.0540993688625918	0.055183156606108764	-0.058844086065374994	0.07952966776370705	-0.061413410245493585	0.058888806843638036	-0.07279968927206887	0.05429592460924139	-0.1104483118569089	0.06281060952904587	-0.08791563505592893	0.09968810372909301	-0.16998935576884971	0.13180511830690722	-0.0686658986732057	0.1033585300797539	-0.11304439642256423	0.14885687926458077	-0.15062121114811405	0.14849351842158562	-0.19765968142185358	0.2373833046484855	-0.361776544365088	0.25029056315855097	-0.13942268099417654	0.2732413998839479	-0.6361867040546682	0.9999999999999969	-0.5273566525993708	0.17474210835026943
-0.08112454339784136	0.13309519729171745	-0.08051144013293537	0.09873430533402769	-0.09853859769939982	0.0645278710449662	-0.06654827090065707	0.07264208262510666	-0.10421065113235672	0.08126987914233845	-0.07083767888482073	0.08671213634418744	-0.06774709284044966	0.1413378383083605	-0.08908622602581624	0.09617580356387327	-0.11596665807381815	0.18230128811279595	-0.18841542363672778	0.09583420655614715	-0.11756171077799146	0.12396049207206705	-0.17259320752243668	0.20994835438504372	-0.23873899931568804	0.18728175664551477	-0.260428152954349	0.29954459740755957	-0.4958522738259742	0.2175641770387371	-0.31378193078489724	0.2665260216723469	-0.5273566525993708	0.9999999999999967	-0.36607861234250194
0.10882782322965567	-0.19469209227519715	0.10933249396449783	-0.1398564689304709	0.120927914327983	-0.0832928179472765	0.08687915905692895	-0.09632894058100844	0.13188194154494673	-0.10650748711088846	0.08461534892776434	-0.11189044576301853	0.08620320502349677	-0.1936352940530111	0.1095706414363965	-0.0783481669657286	0.09529644841753351	-0.1729556866039239	0.19047285120059398	-0.1295546172989247	0.0901957203477007	-0.10144043675297487	0.13944858105637864	-0.24150445833650763	0.2974050758395379	-0.11321236861256824	0.14015610072031387	-0.20053533871290946	0.22171791147371966	-0.7243764937736463	0.1562408529627867	-0.14624326657900558	0.17474210835026943	-0.36607861234250194	0.9999999999999967
