1.0	-0.4162218624612354	0.19381996022838413	-0.2138797422831575	0.08259556794813287	-0.799138567055925	0.2550219748097759	-0.1755108575962151	0.16083656708116725	-0.07437321044666292	0.15154263688868333	-0.2336606838503136	0.1495155152328533	-0.15559817010715854	0.07360278762315785	-0.09881735883123904	0.12206210755071303	-0.10032596365737974	0.16797090294992822	-0.06831853461052749	0.08507208952388534	-0.0849825088907609	0.0863656009765874	-0.06845648667992586	0.068683400310393	-0.0877385913319091	0.07255031294424283	-0.07037499870125592	0.06267491932594693	-0.0618549177325768	0.059206110620635626	-0.07944086027178406	0.06218612399737689	-0.08416643959513709	0.07537949585145597	-0.05838210143209165	0.0736208826274846	-0.06471327060451243	0.04787557002593412	-0.054627400376950255
-0.4162218624612354	1.0000000000000002	-0.5423057683026848	0.3057450543300625	-0.14378280822856945	0.2686879872502141	-0.36661953585230705	0.2629613313497749	-0.2730181380407959	0.1216243021504501	-0.2192288572843046	0.25452973647970567	-0.22486821078369362	0.21232545953680657	-0.13000516706974688	0.1328165663014693	-0.20150325023097704	0.15917709739871874	-0.3111879489236277	0.11657333372986847	-0.12973883346121926	0.1293184119859591	-0.14026123988603725	0.1105312013905239	-0.11357862118184821	0.1269883626707561	-0.11237944620456594	0.1093071667834879	-0.10043417663094478	0.09830002353462093	-0.09128588361927993	0.11994969823549781	-0.09791160057677845	0.1292479049046083	-0.12405755681970669	0.08866777884581516	-0.1183756107399659	0.10003220160948656	-0.07541921770100088	0.08540011551147958
0.19381996022838413	-0.5423057683026848	1.0000000000000002	-0.6029879468940192	0.12857816521647952	-0.18392602202514377	0.22745256576517608	-0.43226537216028327	0.26826974895884387	-0.11547222847064895	0.14275826558368482	-0.21845017186250387	0.20617971495696824	-0.21221466808853687	0.09681105413383843	-0.09070583170967343	0.13693273990019364	-0.11318891637149925	0.2071614907597086	-0.08912998276558082	0.08750606384056539	-0.08973058938936355	0.09634860473389616	-0.07685610425708109	0.0782567789512624	-0.08798638577503441	0.07727538671465596	-0.07600584890293764	0.06933331694334026	-0.0684421049699167	0.06265326070628503	-0.08341169276470424	0.0675801935223426	-0.0906700470766003	0.08444250801301324	-0.06133997971705106	0.08051687050237676	-0.06963914572583364	0.052175044657182826	-0.05932292685909419
-0.2138797422831575	0.3057450543300625	-0.6029879468940192	1.0000000000000002	-0.23511660753900435	0.1843449418732997	-0.23050059502801848	0.2764019507777704	-0.3692499189757852	0.1760589647404017	-0.2268529775778461	0.21845311413727353	-0.22575522657608238	0.2303086986740604	-0.15914443010707355	0.13863482505464608	-0.21436832761001423	0.17204744114863146	-0.3543522964807937	0.14160447931273243	-0.1391266764515736	0.13989882014751287	-0.15399583442307344	0.12253357061423574	-0.1269726593824234	0.13636438349890717	-0.12224370763463546	0.11979867837933528	-0.11111937510482843	0.10889863782502959	-0.09957608889882774	0.13064040640703942	-0.10763279505355912	0.1422056438863513	-0.13807344474268743	0.09673402209154712	-0.13058085873092862	0.10987611579302628	-0.08319820985602411	0.09417797065852176
0.08259556794813287	-0.14378280822856945	0.12857816521647952	-0.23511660753900435	1.0000000000000007	-0.08604744816639007	0.09873787429864556	-0.13060328973012675	0.1672799661768198	-0.8885682466321073	0.08941797411109077	-0.11152704339691376	0.10383128417646537	-0.13582557177546173	0.2007756026061821	-0.06298370487058784	0.09230413518968561	-0.08559558784207595	0.1595816959596627	-0.21256844436315336	0.0622022166664924	-0.06970299467887202	0.07537445042865956	-0.0684169773205489	0.07145747704090172	-0.06754186064846314	0.05953568906303473	-0.06259264116634523	0.05814542224651425	-0.06104814907120859	0.047988427920694125	-0.06662614897460598	0.05438452729161676	-0.07821029328244973	0.06621686162762039	-0.04817193939241328	0.06078335675119516	-0.05767918050426457	0.042696329961618124	-0.049278087097908485
-0.799138567055925	0.2686879872502141	-0.18392602202514377	0.1843449418732997	-0.08604744816639007	1.0000000000000002	-0.38378353533159587	0.17288474634713924	-0.17048980266650804	0.07551117510883038	-0.191085279187312	0.2257135978049068	-0.15861835414222528	0.15143431079437636	-0.0801898101530165	0.10911889532213395	-0.13701391459882462	0.10857162098783836	-0.19055153583097154	0.07328668745311036	-0.09507014141990584	0.0919304297902608	-0.09461975905476115	0.07428444524458193	-0.07504462572088887	0.09429143913639322	-0.07886348890686813	0.07569405332857415	-0.06784798354711785	0.0666378778912234	-0.06411922353662887	0.08501616167457426	-0.06715960380835041	0.08948949866225454	-0.08205012446991074	0.06262018748689852	-0.08015842889348139	0.06923549247625296	-0.051465886709983415	0.058489986592960494
0.2550219748097759	-0.36661953585230705	0.22745256576517608	-0.23050059502801848	0.09873787429864556	-0.38378353533159587	1.000000000000001	-0.3642577279195297	0.23885079088136918	-0.09054135732574126	0.15228632853954668	-0.6609887080618279	0.2592565518395113	-0.24464654636731642	0.08678091942215103	-0.09948883444784382	0.1539689192071632	-0.12566827145066184	0.19331983502162042	-0.08055198641210551	0.08984140817685762	-0.09388115989724022	0.09752236387519185	-0.0767086568776624	0.07631348091043749	-0.09137383173750167	0.07872971679359099	-0.07679341574293534	0.06852383052994379	-0.06783239098033585	0.06294609254158919	-0.08467349748023555	0.06740956415657466	-0.09056878898937837	0.08154398333263214	-0.061731814272808085	0.0789075959334125	-0.06964252197102934	0.05160316199136527	-0.058763781880462156
-0.1755108575962151	0.2629613313497749	-0.43226537216028327	0.2764019507777704	-0.13060328973012675	0.17288474634713924	-0.3642577279195297	1.0000000000000007	-0.6009924848276647	0.12053047382185048	-0.13432341453081587	0.2678346455564376	-0.4263982709506863	0.296740040545971	-0.09714004584281496	0.08639599648176863	-0.13775563344661826	0.1152074033741878	-0.1985638211141526	0.08838233936322905	-0.0824717942345336	0.0860544663533549	-0.09267806256384416	0.07359440857866813	-0.0742192172069766	0.08327986663519125	-0.07331312163653268	0.07217883652841481	-0.06543651802909717	0.06486324822290301	-0.05879617979604517	0.07875988318766754	-0.06371065691112884	0.08561965117288904	-0.07837962201643214	0.057586118976337045	-0.07485820326550627	0.06564983520378725	-0.04896200055021857	0.05571105185189568
0.16083656708116725	-0.2730181380407959	0.26826974895884387	-0.3692499189757852	0.1672799661768198	-0.17048980266650804	0.23885079088136918	-0.6009924848276647	1.0000000000000002	-0.1923444305914412	0.1365191440512565	-0.269705796087638	0.3007464759051581	-0.5189553210107315	0.11618206821980381	-0.09085397948546134	0.13990699357018518	-0.1217157303308893	0.2083109139552432	-0.10850938023169743	0.08660945003624151	-0.09206945852039462	0.09816768706093673	-0.07969204296035819	0.08000932247081578	-0.08948611619469898	0.07823648108139389	-0.07801620633399642	0.07056129426435882	-0.07055980431905523	0.06294911834742546	-0.08520635558126284	0.06857703613521732	-0.09376442484730381	0.08380576081118248	-0.0621251102433638	0.07978699982450578	-0.07130758663393183	0.05297297995476921	-0.060516710903682144
-0.07437321044666292	0.1216243021504501	-0.11547222847064895	0.1760589647404017	-0.8885682466321073	0.07551117510883038	-0.09054135732574126	0.12053047382185048	-0.1923444305914412	0.9999999999999987	-0.08326258960646052	0.099457105215499	-0.0983280243252911	0.12524536356154012	-0.27357055718598094	0.05763046192515956	-0.08801921890484432	0.08012274267499737	-0.16240230445114603	0.19115085504650176	-0.05731277792040176	0.06376270908735857	-0.07030656056885298	0.06310691132430674	-0.06708253799708536	0.06111591805936669	-0.05451696850018743	0.05686758793402052	-0.05333333424445062	0.055533761682448404	-0.04366164756703108	0.060116887093159564	-0.0495434654702448	0.06995301504753214	-0.060787094302693793	0.043513225355389595	-0.055606595023938526	0.051964981321284395	-0.03864531445999092	0.04441202284514844
0.15154263688868333	-0.2192288572843046	0.14275826558368482	-0.2268529775778461	0.08941797411109077	-0.191085279187312	0.15228632853954668	-0.13432341453081587	0.1365191440512565	-0.08326258960646052	0.9999999999999999	-0.1929430772297297	0.12909907050438693	-0.14772918449138178	0.09441178140969145	-0.6709320765119249	0.21864472587510944	-0.18829733747305324	0.22500314527649345	-0.09278574923903528	0.30104693726977777	-0.24981052670013768	0.19256670685692573	-0.15193569344426502	0.14468457591907008	-0.328778570028079	0.205968164903831	-0.18272713518394337	0.1473160662493167	-0.14547255014680022	0.17361718735435844	-0.23437606578923031	0.15752692692620077	-0.21467815635349427	0.16740747655142404	-0.17364621179609674	0.18560461860990105	-0.16869363802197654	0.11863729624522366	-0.13649993853007764
-0.2336606838503136	0.25452973647970567	-0.21845017186250387	0.21845311413727353	-0.11152704339691376	0.2257135978049068	-0.6609887080618279	0.2678346455564376	-0.269705796087638	0.099457105215499	-0.1929430772297297	1.0000000000000009	-0.45489590456895757	0.2626812891282357	-0.10425317682853975	0.11995487312141198	-0.22575936393349524	0.16017082680081618	-0.24478581242831837	0.09533473517120593	-0.11007628929656361	0.11496801954069868	-0.12129015580962055	0.09354310286574324	-0.09308877081644722	0.10921569378078833	-0.09604736540817559	0.09268119779802704	-0.08283287972675385	0.0817058750494943	-0.07567685600447985	0.10121387349684144	-0.0813093546161153	0.10770115153520225	-0.09809546080279243	0.07364003609063566	-0.09497399671093769	0.08322383347351969	-0.06177305689776083	0.07011121729146788
0.1495155152328533	-0.22486821078369362	0.20617971495696824	-0.22575522657608238	0.10383128417646537	-0.15861835414222528	0.2592565518395113	-0.4263982709506863	0.3007464759051581	-0.0983280243252911	0.12909907050438693	-0.45489590456895757	0.9999999999999982	-0.666770684870029	0.09526385287206414	-0.08683595619865203	0.14722215327115373	-0.13701009727622737	0.19599789130498194	-0.08900580380163008	0.08137486053799534	-0.08807632283005873	0.09493252163325579	-0.07482648529339364	0.0736628670088279	-0.08349129470729598	0.07351677040210036	-0.07280661212670213	0.06510781990107142	-0.06495284046547348	0.05816822806683361	-0.0788533909659126	0.06346010029849913	-0.08576149079342774	0.07631590508037775	-0.05714082459127295	0.07310712469757	-0.06556877664428822	0.048529343250094135	-0.05532347902884234
-0.15559817010715854	0.21232545953680657	-0.21221466808853687	0.2303086986740604	-0.13582557177546173	0.15143431079437636	-0.24464654636731642	0.296740040545971	-0.5189553210107315	0.12524536356154012	-0.14772918449138178	0.2626812891282357	-0.666770684870029	0.9999999999999987	-0.1321897379215094	0.09650966451791344	-0.16235647926974317	0.1402699734987021	-0.2681268562395947	0.1152025598024243	-0.09332008649054738	0.09938681303749719	-0.1091404278454607	0.08751022301628311	-0.08757858448645678	0.09466250314619444	-0.08428371707605982	0.08360860700772219	-0.07596241955876507	0.07570546028109301	-0.06695468659796823	0.09016727947934691	-0.0733795200373185	0.09887081845986369	-0.08950176707335138	0.06559802505856392	-0.08501678348495566	0.07554237669144226	-0.05623471838822198	0.06401646494257013
0.07360278762315785	-0.13000516706974688	0.09681105413383843	-0.15914443010707355	0.2007756026061821	-0.0801898101530165	0.08678091942215103	-0.09714004584281496	0.11618206821980381	-0.27357055718598094	0.09441178140969145	-0.10425317682853975	0.09526385287206414	-0.1321897379215094	0.9999999999999992	-0.07233791060946641	0.10635578931017614	-0.11298801321647901	0.2176459575304624	-0.8715249402925885	0.0724118823914811	-0.08802014938936853	0.09765971771806946	-0.10403256577663553	0.11335352114609348	-0.08229651796648509	0.0737083651734864	-0.08180441391009262	0.07831373204549884	-0.0892431708442419	0.058130425335819934	-0.08293422909890893	0.06894346923435421	-0.10223513915913653	0.08213942366457631	-0.05888312313618207	0.07267828662227262	-0.07365859294296222	0.0541501342594906	-0.06286707926739026
-0.09881735883123904	0.1328165663014693	-0.09070583170967343	0.13863482505464608	-0.06298370487058784	0.10911889532213395	-0.09948883444784382	0.08639599648176863	-0.09085397948546134	0.05763046192515956	-0.6709320765119249	0.11995487312141198	-0.08683595619865203	0.09650966451791344	-0.07233791060946641	0.9999999999999984	-0.2371683854443915	0.16324818323311677	-0.1858667492431902	0.07052969843959037	-0.576256374047313	0.21212312494797173	-0.1676558657077365	0.119602607876637	-0.11668072360636508	0.256968405715408	-0.1799134361546282	0.13957726771560736	-0.11376511335131356	0.10920026206673257	-0.1438319440216496	0.1720799947988687	-0.12219094994183297	0.14988190808472135	-0.12849779810394282	0.12765846275621728	-0.1497479382298629	0.12209552559065122	-0.08740557846599724	0.09790978503304604
0.12206210755071303	-0.20150325023097704	0.13693273990019364	-0.21436832761001423	0.09230413518968561	-0.13701391459882462	0.1539689192071632	-0.13775563344661826	0.13990699357018518	-0.08801921890484432	0.21864472587510944	-0.22575936393349524	0.14722215327115373	-0.16235647926974317	0.10635578931017614	-0.2371683854443915	0.9999999999999986	-0.7288647452744507	0.2874311287915057	-0.1121509426938469	0.19325964804856244	-0.298824182203004	0.2561414196735774	-0.18413580018377393	0.15767546692667367	-0.2022672574993814	0.1904827621703059	-0.18249330626326205	0.14593554868152805	-0.1476968425161891	0.13141529934520269	-0.18896394955266013	0.14651315124343248	-0.1925193134200974	0.15407623491808395	-0.12779887364798573	0.15394581973165447	-0.1498620050470967	0.10641153415564436	-0.12116378581985608
-0.10032596365737974	0.15917709739871874	-0.11318891637149925	0.17204744114863146	-0.08559558784207595	0.10857162098783836	-0.12566827145066184	0.1152074033741878	-0.1217157303308893	0.08012274267499737	-0.18829733747305324	0.16017082680081618	-0.13701009727622737	0.1402699734987021	-0.11298801321647901	0.16324818323311677	-0.7288647452744507	0.9999999999999967	-0.43450611653445415	0.11688927224161404	-0.16200514195265445	0.22045512209089424	-0.3602952281494804	0.18614955486841891	-0.16365448908332814	0.16245132569085374	-0.16635833127177238	0.16520337537531735	-0.13813888471990543	0.13691040299869756	-0.11187629112752717	0.1565282897792909	-0.13420356741943945	0.16721181774549276	-0.14044568638308352	0.10731170731754713	-0.1349045260434369	0.1304113560149519	-0.09421541885814404	0.1059208311958816
0.16797090294992822	-0.3111879489236277	0.2071614907597086	-0.3543522964807937	0.1595816959596627	-0.19055153583097154	0.19331983502162042	-0.1985638211141526	0.2083109139552432	-0.16240230445114603	0.22500314527649345	-0.24478581242831837	0.19599789130498194	-0.2681268562395947	0.2176459575304624	-0.1858667492431902	0.2874311287915057	-0.43450611653445415	0.9999999999999957	-0.3075249473170864	0.17963510586073464	-0.22585244113518554	0.24300552024304134	-0.23829091273163577	0.19674679893458025	-0.2093484176303979	0.1827810868894522	-0.1979393162687772	0.17403322531910057	-0.18297214971770098	0.1440011079372829	-0.2083047585532577	0.1656266148522967	-0.24540556833514077	0.18863083350932888	-0.14691977362790445	0.17615352575490784	-0.17903178732673816	0.12938393253838695	-0.15048719949859565
-0.06831853461052749	0.11657333372986847	-0.08912998276558082	0.14160447931273243	-0.21256844436315336	0.07328668745311036	-0.08055198641210551	0.08838233936322905	-0.10850938023169743	0.19115085504650176	-0.09278574923903528	0.09533473517120593	-0.08900580380163008	0.1152025598024243	-0.8715249402925885	0.07052969843959037	-0.1121509426938469	0.11688927224161404	-0.3075249473170864	0.9999999999999987	-0.07152531446140477	0.08738728824989613	-0.10194655879346046	0.10861954750454746	-0.13484975596379573	0.07977399282225418	-0.07315876710046783	0.08096659211137616	-0.08007474960824601	0.09038714336707364	-0.0567655232330908	0.08040922408534998	-0.06827142595957689	0.09878586015578193	-0.08211314180797122	0.05698870817989226	-0.07131692402771012	0.07163206460620004	-0.05302329895460682	0.06121178999498396
0.08507208952388534	-0.12973883346121926	0.08750606384056539	-0.1391266764515736	0.0622022166664924	-0.09507014141990584	0.08984140817685762	-0.0824717942345336	0.08660945003624151	-0.05731277792040176	0.30104693726977777	-0.11007628929656361	0.08137486053799534	-0.09332008649054738	0.0724118823914811	-0.576256374047313	0.19325964804856244	-0.16200514195265445	0.17963510586073464	-0.07152531446140477	0.9999999999999969	-0.3724195403711784	0.19755242634590628	-0.1430414070037163	0.1339998886296592	-0.5443462696373609	0.2548311076322638	-0.17957055389666313	0.13561760792051344	-0.13026838732011398	0.1950504191338995	-0.23592285648103686	0.15080637268411648	-0.17905151139647424	0.14779319543295047	-0.17374791863347955	0.18289371631965068	-0.15003249843516034	0.10451654600265471	-0.11671656954287682
-0.0849825088907609	0.1293184119859591	-0.08973058938936355	0.13989882014751287	-0.06970299467887202	0.0919304297902608	-0.09388115989724022	0.0860544663533549	-0.09206945852039462	0.06376270908735857	-0.24981052670013768	0.11496801954069868	-0.08807632283005873	0.09938681303749719	-0.08802014938936853	0.21212312494797173	-0.298824182203004	0.22045512209089424	-0.22585244113518554	0.08738728824989613	-0.3724195403711784	1.0000000000000002	-0.444525837487992	0.2102055800738437	-0.20062373653535512	0.28692099429330603	-0.5882251356399998	0.24660048413636776	-0.1856353559630159	0.1687353825445531	-0.19213131068854433	0.2551944670335048	-0.2018585276409653	0.2038445168453806	-0.18368969076708558	0.16090510603750813	-0.21141179439599017	0.174159294739314	-0.12478254519926961	0.1344027773886093
0.0863656009765874	-0.14026123988603725	0.09634860473389616	-0.15399583442307344	0.07537445042865956	-0.09461975905476115	0.09752236387519185	-0.09267806256384416	0.09816768706093673	-0.07030656056885298	0.19256670685692573	-0.12129015580962055	0.09493252163325579	-0.1091404278454607	0.09765971771806946	-0.1676558657077365	0.2561414196735774	-0.3602952281494804	0.24300552024304134	-0.10194655879346046	0.19755242634590628	-0.444525837487992	0.9999999999999996	-0.5171653463091543	0.2705232482695367	-0.22252245398445641	0.25254710021118665	-0.34996560345223504	0.22671835582505181	-0.2383663554784151	0.15331255595759363	-0.23027909169714186	0.21488507145050562	-0.25504444147706296	0.20005720155194645	-0.14723866887413256	0.1839853301326178	-0.20405573486063927	0.14093448935597916	-0.15724714587688804
-0.06845648667992586	0.1105312013905239	-0.07685610425708109	0.12253357061423574	-0.0684169773205489	0.07428444524458193	-0.0767086568776624	0.07359440857866813	-0.07969204296035819	0.06310691132430674	-0.15193569344426502	0.09354310286574324	-0.07482648529339364	0.08751022301628311	-0.10403256577663553	0.119602607876637	-0.18413580018377393	0.18614955486841891	-0.23829091273163577	0.10861954750454746	-0.1430414070037163	0.2102055800738437	-0.5171653463091543	0.9999999999999991	-0.6676226058671973	0.15372989584110208	-0.17448362575545423	0.21125406540980304	-0.28200423882744363	0.2650435029670409	-0.11438778243959923	0.16146067096292566	-0.16709906919122075	0.21297834522982345	-0.19552279515232582	0.1095541703806585	-0.1455996059508466	0.1539321862644795	-0.11799333610633565	0.1306375477149606
0.068683400310393	-0.11357862118184821	0.0782567789512624	-0.1269726593824234	0.07145747704090172	-0.07504462572088887	0.07631348091043749	-0.0742192172069766	0.08000932247081578	-0.06708253799708536	0.14468457591907008	-0.09308877081644722	0.0736628670088279	-0.08757858448645678	0.11335352114609348	-0.11668072360636508	0.15767546692667367	-0.16365448908332814	0.19674679893458025	-0.13484975596379573	0.1339998886296592	-0.20062373653535512	0.2705232482695367	-0.6676226058671973	0.9999999999999968	-0.15628650808824665	0.1623016294191104	-0.222042806907243	0.2716029192983559	-0.5039938152575646	0.11526574956351877	-0.16981580400800864	0.16772744801748468	-0.25538412642638425	0.20673223055876028	-0.11478828085365897	0.14691938054739004	-0.1717683460461447	0.12897289291152259	-0.14981306139895867
-0.0877385913319091	0.1269883626707561	-0.08798638577503441	0.13636438349890717	-0.06754186064846314	0.09429143913639322	-0.09137383173750167	0.08327986663519125	-0.08948611619469898	0.06111591805936669	-0.328778570028079	0.10921569378078833	-0.08349129470729598	0.09466250314619444	-0.08229651796648509	0.256968405715408	-0.2022672574993814	0.16245132569085374	-0.2093484176303979	0.07977399282225418	-0.5443462696373609	0.28692099429330603	-0.22252245398445641	0.15372989584110208	-0.15628650808824665	0.999999999999997	-0.44849426195358494	0.20946376879916792	-0.160895874747539	0.14565057221023975	-0.3929609312549128	0.28794918909339834	-0.19001846803596037	0.19395830506983683	-0.18031179457447194	0.2290664842820113	-0.26771608856217055	0.17286917014314426	-0.12318807284050007	0.13232929631014856
0.07255031294424283	-0.11237944620456594	0.07727538671465596	-0.12224370763463546	0.05953568906303473	-0.07886348890686813	0.07872971679359099	-0.07331312163653268	0.07823648108139389	-0.05451696850018743	0.205968164903831	-0.09604736540817559	0.07351677040210036	-0.08428371707605982	0.0737083651734864	-0.1799134361546282	0.1904827621703059	-0.16635833127177238	0.1827810868894522	-0.07315876710046783	0.2548311076322638	-0.5882251356399998	0.25254710021118665	-0.17448362575545423	0.1623016294191104	-0.44849426195358494	0.9999999999999976	-0.35996481666689506	0.1805333261393945	-0.16297539894275295	0.22489776893759292	-0.42431160965904935	0.22308716716581942	-0.2066582775266965	0.1753423033153164	-0.18402759707360458	0.2228497581617676	-0.18992831365044283	0.12759853341562685	-0.136626043771784
-0.07037499870125592	0.1093071667834879	-0.07600584890293764	0.11979867837933528	-0.06259264116634523	0.07569405332857415	-0.07679341574293534	0.07217883652841481	-0.07801620633399642	0.05686758793402052	-0.18272713518394337	0.09268119779802704	-0.07280661212670213	0.08360860700772219	-0.08180441391009262	0.13957726771560736	-0.18249330626326205	0.16520337537531735	-0.1979393162687772	0.08096659211137616	-0.17957055389666313	0.24660048413636776	-0.34996560345223504	0.21125406540980304	-0.222042806907243	0.20946376879916792	-0.35996481666689506	0.9999999999999982	-0.39398964253943813	0.2340926397523182	-0.1679411203051039	0.24398687416074566	-0.5995721010178787	0.26709419543410357	-0.24139948852340473	0.1518399533655722	-0.2182770714613623	0.2629942523062209	-0.18393477827767787	0.17500228132197787
0.06267491932594693	-0.10043417663094478	0.06933331694334026	-0.11111937510482843	0.05814542224651425	-0.06784798354711785	0.06852383052994379	-0.06543651802909717	0.07056129426435882	-0.05333333424445062	0.1473160662493167	-0.08283287972675385	0.06510781990107142	-0.07596241955876507	0.07831373204549884	-0.11376511335131356	0.14593554868152805	-0.13813888471990543	0.17403322531910057	-0.08007474960824601	0.13561760792051344	-0.1856353559630159	0.22671835582505181	-0.28200423882744363	0.2716029192983559	-0.160895874747539	0.1805333261393945	-0.39398964253943813	1.0000000000000016	-0.6473616481330222	0.1248092131397188	-0.18351974203984414	0.22959504072943931	-0.4454293698566364	0.2601842060364957	-0.1225610934137179	0.1665163993984273	-0.2118858940137557	0.16934047088293938	-0.1826344208211107
-0.0618549177325768	0.09830002353462093	-0.0684421049699167	0.10889863782502959	-0.06104814907120859	0.0666378778912234	-0.06783239098033585	0.06486324822290301	-0.07055980431905523	0.055533761682448404	-0.14547255014680022	0.0817058750494943	-0.06495284046547348	0.07570546028109301	-0.0892431708442419	0.10920026206673257	-0.1476968425161891	0.13691040299869756	-0.18297214971770098	0.09038714336707364	-0.13026838732011398	0.1687353825445531	-0.2383663554784151	0.2650435029670409	-0.5039938152575646	0.14565057221023975	-0.16297539894275295	0.2340926397523182	-0.6473616481330222	0.9999999999999973	-0.1153749822782243	0.16164942308929606	-0.19462604398578043	0.27661072819132554	-0.34111156788446384	0.11219694297141948	-0.15661664391022523	0.1773754349781466	-0.15157637373099733	0.17284881806141303
0.059206110620635626	-0.09128588361927993	0.06265326070628503	-0.09957608889882774	0.047988427920694125	-0.06411922353662887	0.06294609254158919	-0.05879617979604517	0.06294911834742546	-0.04366164756703108	0.17361718735435844	-0.07567685600447985	0.05816822806683361	-0.06695468659796823	0.058130425335819934	-0.1438319440216496	0.13141529934520269	-0.11187629112752717	0.1440011079372829	-0.0567655232330908	0.1950504191338995	-0.19213131068854433	0.15331255595759363	-0.11438778243959923	0.11526574956351877	-0.3929609312549128	0.22489776893759292	-0.1679411203051039	0.1248092131397188	-0.1153749822782243	0.999999999999997	-0.5142966423422279	0.16653542044879455	-0.1680976099677967	0.1461900885973398	-0.6432690495280291	0.3100857398593074	-0.16722193240452812	0.10941794039266642	-0.11841446859505861
-0.07944086027178406	0.11994969823549781	-0.08341169276470424	0.13064040640703942	-0.06662614897460598	0.08501616167457426	-0.08467349748023555	0.07875988318766754	-0.08520635558126284	0.060116887093159564	-0.23437606578923031	0.10121387349684144	-0.0788533909659126	0.09016727947934691	-0.08293422909890893	0.1720799947988687	-0.18896394955266013	0.1565282897792909	-0.2083047585532577	0.08040922408534998	-0.23592285648103686	0.2551944670335048	-0.23027909169714186	0.16146067096292566	-0.16981580400800864	0.28794918909339834	-0.42431160965904935	0.24398687416074566	-0.18351974203984414	0.16164942308929606	-0.5142966423422279	0.9999999999999982	-0.30296720407015754	0.22198798636374775	-0.21450931488890856	0.2931947612698894	-0.46170636151139977	0.2258748752118665	-0.15499210143377912	0.1589317317411209
0.06218612399737689	-0.09791160057677845	0.0675801935223426	-0.10763279505355912	0.05438452729161676	-0.06715960380835041	0.06740956415657466	-0.06371065691112884	0.06857703613521732	-0.0495434654702448	0.15752692692620077	-0.0813093546161153	0.06346010029849913	-0.0733795200373185	0.06894346923435421	-0.12219094994183297	0.14651315124343248	-0.13420356741943945	0.1656266148522967	-0.06827142595957689	0.15080637268411648	-0.2018585276409653	0.21488507145050562	-0.16709906919122075	0.16772744801748468	-0.19001846803596037	0.22308716716581942	-0.5995721010178787	0.22959504072943931	-0.19462604398578043	0.16653542044879455	-0.30296720407015754	0.9999999999999983	-0.3146138845765633	0.23193259416403839	-0.16193427245576125	0.22499358237551098	-0.5404695069789789	0.22661813654532156	-0.21991652349132643
-0.08416643959513709	0.1292479049046083	-0.0906700470766003	0.1422056438863513	-0.07821029328244973	0.08948949866225454	-0.09056878898937837	0.08561965117288904	-0.09376442484730381	0.06995301504753214	-0.21467815635349427	0.10770115153520225	-0.08576149079342774	0.09887081845986369	-0.10223513915913653	0.14988190808472135	-0.1925193134200974	0.16721181774549276	-0.24540556833514077	0.09878586015578193	-0.17905151139647424	0.2038445168453806	-0.25504444147706296	0.21297834522982345	-0.25538412642638425	0.19395830506983683	-0.2066582775266965	0.26709419543410357	-0.4454293698566364	0.27661072819132554	-0.1680976099677967	0.22198798636374775	-0.3146138845765633	0.9999999999999974	-0.5120324614926114	0.16339053454553099	-0.25397499884177377	0.27853870701497385	-0.3687520492254238	0.27964780429018854
0.07537949585145597	-0.12405755681970669	0.08444250801301324	-0.13807344474268743	0.06621686162762039	-0.08205012446991074	0.08154398333263214	-0.07837962201643214	0.08380576081118248	-0.060787094302693793	0.16740747655142404	-0.09809546080279243	0.07631590508037775	-0.08950176707335138	0.08213942366457631	-0.12849779810394282	0.15407623491808395	-0.14044568638308352	0.18863083350932888	-0.08211314180797122	0.14779319543295047	-0.18368969076708558	0.20005720155194645	-0.19552279515232582	0.20673223055876028	-0.18031179457447194	0.1753423033153164	-0.24139948852340473	0.2601842060364957	-0.34111156788446384	0.1461900885973398	-0.21450931488890856	0.23193259416403839	-0.5120324614926114	0.9999999999999972	-0.15581130379813019	0.20607848691347347	-0.3192027078538434	0.2944368033939677	-0.5631127718661503
-0.05838210143209165	0.08866777884581516	-0.06133997971705106	0.09673402209154712	-0.04817193939241328	0.06262018748689852	-0.061731814272808085	0.057586118976337045	-0.0621251102433638	0.043513225355389595	-0.17364621179609674	0.07364003609063566	-0.05714082459127295	0.06559802505856392	-0.05888312313618207	0.12765846275621728	-0.12779887364798573	0.10731170731754713	-0.14691977362790445	0.05698870817989226	-0.17374791863347955	0.16090510603750813	-0.14723866887413256	0.1095541703806585	-0.11478828085365897	0.2290664842820113	-0.18402759707360458	0.1518399533655722	-0.1225610934137179	0.11219694297141948	-0.6432690495280291	0.2931947612698894	-0.16193427245576125	0.16339053454553099	-0.15581130379813019	0.9999999999999969	-0.6203170179987008	0.1746967692397633	-0.11600048558969897	0.12067244582489804
0.0736208826274846	-0.1183756107399659	0.08051687050237676	-0.13058085873092862	0.06078335675119516	-0.08015842889348139	0.0789075959334125	-0.07485820326550627	0.07978699982450578	-0.055606595023938526	0.18560461860990105	-0.09497399671093769	0.07310712469757	-0.08501678348495566	0.07267828662227262	-0.1497479382298629	0.15394581973165447	-0.1349045260434369	0.17615352575490784	-0.07131692402771012	0.18289371631965068	-0.21141179439599017	0.1839853301326178	-0.1455996059508466	0.14691938054739004	-0.26771608856217055	0.2228497581617676	-0.2182770714613623	0.1665163993984273	-0.15661664391022523	0.3100857398593074	-0.46170636151139977	0.22499358237551098	-0.25397499884177377	0.20607848691347347	-0.6203170179987008	0.999999999999998	-0.3310535889623527	0.17700903408766738	-0.19422347210553464
-0.06471327060451243	0.10003220160948656	-0.06963914572583364	0.10987611579302628	-0.05767918050426457	0.06923549247625296	-0.06964252197102934	0.06564983520378725	-0.07130758663393183	0.051964981321284395	-0.16869363802197654	0.08322383347351969	-0.06556877664428822	0.07554237669144226	-0.07365859294296222	0.12209552559065122	-0.1498620050470967	0.1304113560149519	-0.17903178732673816	0.07163206460620004	-0.15003249843516034	0.174159294739314	-0.20405573486063927	0.1539321862644795	-0.1717683460461447	0.17286917014314426	-0.18992831365044283	0.2629942523062209	-0.2118858940137557	0.1773754349781466	-0.16722193240452812	0.2258748752118665	-0.5404695069789789	0.27853870701497385	-0.3192027078538434	0.1746967692397633	-0.3310535889623527	0.999999999999998	-0.5210640514968632	0.27637460744684295
0.04787557002593412	-0.07541921770100088	0.052175044657182826	-0.08319820985602411	0.042696329961618124	-0.051465886709983415	0.05160316199136527	-0.04896200055021857	0.05297297995476921	-0.03864531445999092	0.11863729624522366	-0.06177305689776083	0.048529343250094135	-0.05623471838822198	0.0541501342594906	-0.08740557846599724	0.10641153415564436	-0.09421541885814404	0.12938393253838695	-0.05302329895460682	0.10451654600265471	-0.12478254519926961	0.14093448935597916	-0.11799333610633565	0.12897289291152259	-0.12318807284050007	0.12759853341562685	-0.18393477827767787	0.16934047088293938	-0.15157637373099733	0.10941794039266642	-0.15499210143377912	0.22661813654532156	-0.3687520492254238	0.2944368033939677	-0.11600048558969897	0.17700903408766738	-0.5210640514968632	0.9999999999999978	-0.670653679285556
-0.054627400376950255	0.08540011551147958	-0.05932292685909419	0.09417797065852176	-0.049278087097908485	0.058489986592960494	-0.058763781880462156	0.05571105185189568	-0.060516710903682144	0.04441202284514844	-0.13649993853007764	0.07011121729146788	-0.05532347902884234	0.06401646494257013	-0.06286707926739026	0.09790978503304604	-0.12116378581985608	0.1059208311958816	-0.15048719949859565	0.06121178999498396	-0.11671656954287682	0.1344027773886093	-0.15724714587688804	0.1306375477149606	-0.14981306139895867	0.13232929631014856	-0.136626043771784	0.17500228132197787	-0.1826344208211107	0.17284881806141303	-0.11841446859505861	0.1589317317411209	-0.21991652349132643	0.27964780429018854	-0.5631127718661503	0.12067244582489804	-0.19422347210553464	0.27637460744684295	-0.670653679285556	0.9999999999999978
