0.9999999999999999	-0.3647606934261106	0.18936924031157104	-0.15626417983689908	0.18356147186392086	-0.7436519340605336	0.2764654718621222	-0.19733656617418313	0.13090008290734859	-0.10923738698753307	0.2533475544699964	-0.23965341212829613	0.18239158515962167	-0.16740253886663914	0.12401460218307712	-0.17183362960798018	0.165070069103442	-0.17548096822261183	0.1322965528177223	-0.12094778236529606	0.10763709862922279	-0.09965351987553053	0.11241462584234455	-0.11452799680239031	0.12176667189458168	-0.11523907405320118	0.10944719668246426	-0.11868026081664254	0.09965659616274358	-0.09770116934661432	0.08094471412793976	-0.0844143472043387	0.09240023233431502	-0.08675042745224776	0.09676522924876031	-0.0696653206531195	0.0730028528035954	-0.0775778412115411	0.07063591294028253	-0.05675731459183118	0.07939838223913162	-0.06971176552007521	0.07590878520508137	-0.06458391858424434	0.0662750584365789
-0.3647606934261106	1.0000000000000002	-0.37285767538808534	0.1924934578772039	-0.21811027289576412	0.2580237830034168	-0.7487575347128252	0.23578473668633243	-0.12897532377995968	0.10031666637485337	-0.1954456652798207	0.19125385059037617	-0.1923119117147364	0.14715557729433856	-0.11125883903722429	0.12110504629008906	-0.133404678771711	0.14079046076931073	-0.11151722235298023	0.10019693729198721	-0.08022738349712032	0.0751701858755308	-0.08790562458547277	0.08894421928482159	-0.09993932082535514	0.08342005339670087	-0.08347175095832965	0.08953372727645098	-0.07784304494972474	0.07672526751713739	-0.060851984104066975	0.0630783222424836	-0.07054933754704208	0.0664825346955894	-0.07579040053712008	0.05190836466528212	-0.055022259201893124	0.05849885392026369	-0.05400776984574025	0.043207538154581	-0.059139547105078294	0.0514535581826128	-0.057654504335089334	0.04890175599617073	-0.0506076282876248
0.18936924031157104	-0.37285767538808534	1.0000000000000004	-0.5839014621671632	0.2989682446320239	-0.17556672196433268	0.24597177065602227	-0.48791863200406527	0.17475780562149235	-0.1401514644237957	0.16663674568398393	-0.18277347461915214	0.24044372640697362	-0.20137856134865179	0.1412523158659327	-0.12840941970121875	0.13689663104410515	-0.18146646767505534	0.13980923305248089	-0.12902074701596566	0.09050616159417427	-0.08901685799170647	0.10522079844064804	-0.10980899317319395	0.12230542772858984	-0.09623511313531924	0.09865509598010835	-0.10929945297363831	0.09485354171797056	-0.09487065429360195	0.07214876509753833	-0.07551236081368044	0.08500104432259814	-0.08111681695848141	0.09185317032116601	-0.062482538457034775	0.06601952002410529	-0.07090006867013164	0.06536274432199644	-0.05253453468284907	0.07192769903398366	-0.06317330471206425	0.06960991619115202	-0.059408179031998284	0.06113403355576548
-0.15626417983689908	0.1924934578772039	-0.5839014621671632	1.0000000000000004	-0.6805944601580896	0.13279528098934973	-0.18017645161692822	0.23630083121357867	-0.16767895507082725	0.12476511332063382	-0.1375585035668454	0.13751541082931337	-0.19080508352591943	0.16033505029826106	-0.12681030792185213	0.10399934411715316	-0.11319541170400026	0.14366118219508756	-0.11689734530376292	0.10914589670354566	-0.07567621779430866	0.07434737611184238	-0.08872441191846561	0.09168645669432503	-0.10616908908064265	0.07989157749079166	-0.08341091607069145	0.09175298332580147	-0.08040565466081905	0.08057216960809166	-0.061135210224236534	0.06371335250075573	-0.07240983026918071	0.06888963679296117	-0.07885047195470891	0.052838619228626475	-0.056187006089176435	0.06019799849609881	-0.055842384124532	0.04475774191001292	-0.06146123743320135	0.053546137032993185	-0.0594864800727683	0.050568443463066146	-0.052346429409390285
0.18356147186392086	-0.21811027289576412	0.2989682446320239	-0.6805944601580896	0.9999999999999998	-0.17122713980592918	0.18533917532553423	-0.27510842061496127	0.18303512827354487	-0.1683229450992994	0.1695142948554168	-0.17754951880559092	0.20689770842307945	-0.21453943539839795	0.16233500344548518	-0.14694937529087965	0.15188380990304703	-0.20854744716951334	0.15946011339801097	-0.15465815896971447	0.10887196190988138	-0.10890326157515202	0.12743106218577452	-0.13435527831406943	0.1475440229623638	-0.11783959007053248	0.12158086551695735	-0.1374374623102188	0.11680223455860407	-0.11766699520342702	0.09045167084263737	-0.09510964801629604	0.1070630375691777	-0.10221727993024636	0.11435624697107594	-0.07963227511314235	0.08396488850814503	-0.09038630277874883	0.08290369180929974	-0.06687526499976959	0.09435881050044255	-0.08310008343938426	0.0888388085841279	-0.0758888461486169	0.07785801452975326
-0.7436519340605336	0.2580237830034168	-0.17556672196433268	0.13279528098934973	-0.17122713980592918	1.0000000000000002	-0.3682774334646873	0.17851022124622007	-0.11913837474787914	0.09540154173496569	-0.3965531997195459	0.23517539553150124	-0.18060685651017777	0.14496235197410257	-0.11111916797050135	0.15710590898522042	-0.16367831785212972	0.14908509359635544	-0.11650576064864032	0.10371436400768563	-0.09699742009542488	0.08612009982908606	-0.09831832681522441	0.09731228702873312	-0.10670167420508518	0.09885262451243383	-0.0952107691518498	0.09966361916965459	-0.0855226048235911	0.08317787454095883	-0.06947333863377153	0.07153658710528807	-0.07883610730386985	0.0734511597869286	-0.08329168560306485	0.05861363719578992	-0.062009346000517336	0.06534807399549716	-0.060030485025233775	0.04794098331514119	-0.06605779081088702	0.057272376377689914	-0.06437078226419056	0.05440571821630531	-0.05633785041586404
0.2764654718621222	-0.7487575347128252	0.24597177065602227	-0.18017645161692822	0.18533917532553423	-0.3682774334646873	0.9999999999999998	-0.3029485897063862	0.13403196321731903	-0.10740585637228998	0.21410350437205708	-0.2607465922362593	0.20408148288813954	-0.16262820283690801	0.11616922684825481	-0.13680229137613342	0.14556327176780026	-0.15617371081313028	0.11967976835298144	-0.10768135888389117	0.08703181194588931	-0.08143729105711889	0.09414283285715092	-0.09608323807771925	0.10526629936777754	-0.09129195488970861	0.08947423865573234	-0.09656193994349556	0.08322372274888362	-0.08203402291416875	0.06521911691957889	-0.06785629272628829	0.07522733663658902	-0.07106924358560766	0.08034594367697116	-0.05571630476609424	0.058720300922412726	-0.06254881901315253	0.05744880925054962	-0.04606267830824571	0.06287470110766347	-0.055061638015978555	0.06130961989750498	-0.05217385764291688	0.05372866361636641
-0.19733656617418313	0.23578473668633243	-0.48791863200406527	0.23630083121357867	-0.27510842061496127	0.17851022124622007	-0.3029485897063862	1.0000000000000004	-0.2871780336077311	0.17689820893132244	-0.2154022661028731	0.22723445323620392	-0.5888327647529737	0.2574133667581864	-0.18783007018138745	0.14512351386797784	-0.1675223873227564	0.20920845001933636	-0.17631274526986965	0.1517125841800478	-0.10216288864872673	0.09932153153424546	-0.12128299923872175	0.12364948030237492	-0.14638622702824833	0.10554380497685978	-0.11083183906262255	0.11941793142262797	-0.10781719716337355	0.10707248065523348	-0.07957888299784704	0.08253376969744973	-0.09418868366171929	0.0896796578267474	-0.10428817217412525	0.06765275875592656	-0.07219152372831761	0.0772420070263363	-0.07216597843750078	0.057602838579187715	-0.07659011694413877	0.06650393749747795	-0.0763140230229875	0.0648044000918597	-0.06733886387416647
0.13090008290734859	-0.12897532377995968	0.17475780562149235	-0.16767895507082725	0.18303512827354487	-0.11913837474787914	0.13403196321731903	-0.2871780336077311	0.9999999999999992	-0.6659948016168602	0.14236160387859847	-0.1514704100071137	0.2309210523351172	-0.48812924215487946	0.30165967943548927	-0.12413580089326122	0.13534465046443983	-0.21772132204025132	0.2091473370055792	-0.22612777372482315	0.09590476168130231	-0.10003666449530099	0.12353785560165069	-0.1386247468786827	0.17144125763541723	-0.10189683473019269	0.11111097163104026	-0.12748414156975704	0.11734918825368104	-0.12460958955837627	0.07956869140746196	-0.08409409924286894	0.09741227408190108	-0.09671550791120356	0.11190007456882181	-0.06869437441604419	0.07286023171044219	-0.07988063181474704	0.07497464796124056	-0.06040643131384028	0.07623970535340319	-0.06752895351900565	0.07786283845550093	-0.06735761731461039	0.06911379152861148
-0.10923738698753307	0.10031666637485337	-0.1401514644237957	0.12476511332063382	-0.1683229450992994	0.09540154173496569	-0.10740585637228998	0.17689820893132244	-0.6659948016168602	0.9999999999999992	-0.11770362537573627	0.1182053112372873	-0.17832676586438134	0.27486378956844326	-0.5920609656156015	0.10259721528801452	-0.1143997234221016	0.17417139932181042	-0.1874943397860598	0.22364846635444	-0.08297503690315353	0.08656750197968616	-0.10910762102023333	0.11984792957602083	-0.1828340053739288	0.08717554787017279	-0.09816061095044319	0.11140767928610501	-0.10702301914089014	0.11560129396640156	-0.07051606931208938	0.07399831489125196	-0.08798100557751204	0.08727959401211952	-0.10566334003008448	0.06045423641316709	-0.06487922801174818	0.07115237522846474	-0.06799467996893659	0.05439058754285912	-0.06763123559829923	0.05920491963850704	-0.07015889263692474	0.06030635035452196	-0.06268748019485484
0.2533475544699964	-0.1954456652798207	0.16663674568398393	-0.1375585035668454	0.1695142948554168	-0.3965531997195459	0.21410350437205708	-0.2154022661028731	0.14236160387859847	-0.11770362537573627	0.9999999999999987	-0.6780560848404884	0.24107139716450227	-0.19742324944530523	0.1354832448066895	-0.33634304813176474	0.26677068062400283	-0.2115592671112143	0.15373186824107402	-0.13325551623890142	0.14909826246787777	-0.1235448049254399	0.13198348722105477	-0.1306344526611198	0.13275039113911408	-0.15308964440342476	0.12973985373770505	-0.13355755121425122	0.1116753333039455	-0.1070141445004164	0.09395956581668137	-0.09713020319617442	0.10212621316961348	-0.09491521827092543	0.1052830320386209	-0.0779507335577753	0.080642594967132	-0.08469575610668291	0.07630582646364396	-0.06112611250517358	0.08216474262019634	-0.07256041225553762	0.08169517032655023	-0.06956206262552485	0.07098688026057151
-0.23965341212829613	0.19125385059037617	-0.18277347461915214	0.13751541082931337	-0.17754951880559092	0.23517539553150124	-0.2607465922362593	0.22723445323620392	-0.1514704100071137	0.1182053112372873	-0.6780560848404884	0.9999999999999994	-0.3937433740387396	0.19911059504284706	-0.14030316693148423	0.24879616380362274	-0.37324936389649516	0.20651297757933254	-0.15806104546075425	0.13002524414762667	-0.13348338954338865	0.11288702461758378	-0.12662027388316188	0.12272839682653489	-0.13116454000374117	0.13136729347066675	-0.12094284935836269	0.12255125188624652	-0.10612969141241159	0.10152886251986354	-0.08612670884778333	0.08829248144396347	-0.09541411213705128	0.08869314328111955	-0.1005664860083871	0.07103510291934843	-0.07463988618391632	0.07830653089687674	-0.07161319184491115	0.05709020900209971	-0.07620528129900805	0.06645042880365999	-0.07640233278596144	0.0646996561529582	-0.06672889693734056
0.18239158515962167	-0.1923119117147364	0.24044372640697362	-0.19080508352591943	0.20689770842307945	-0.18060685651017777	0.20408148288813954	-0.5888327647529737	0.2309210523351172	-0.17832676586438134	0.24107139716450227	-0.3937433740387396	1.0000000000000009	-0.4350277017642016	0.19549225689051658	-0.17597518723999553	0.19889785812486974	-0.3168805061059826	0.21961943320048657	-0.17548401726283172	0.11721675754085562	-0.1154301902893407	0.14060593628382304	-0.14618552264290008	0.16003775945190885	-0.12210058838745376	0.12551293864544283	-0.13639551389138718	0.12255928341247722	-0.12046686989386177	0.08905614914156702	-0.0929389183044163	0.1046843224150073	-0.10023424573739204	0.11495514426409764	-0.07565335746267633	0.08003478476214008	-0.08594961669562728	0.07968974102816155	-0.06381164814982306	0.08372803686132331	-0.07349299929728255	0.08405270435997209	-0.07180404914413101	0.07399957606418558
-0.16740253886663914	0.14715557729433856	-0.20137856134865179	0.16033505029826106	-0.21453943539839795	0.14496235197410257	-0.16262820283690801	0.2574133667581864	-0.48812924215487946	0.27486378956844326	-0.19742324944530523	0.19911059504284706	-0.4350277017642016	1.0	-0.3952604147036169	0.15800107486023127	-0.18531821574259721	0.28022230508669177	-0.41368150663893305	0.25420255308447415	-0.12460547138993955	0.12859748806332225	-0.1676853840190994	0.1813819829190241	-0.2283077198606866	0.128193600315737	-0.14526478609148397	0.15848868432049387	-0.15566659274481576	0.1535301886213489	-0.10169949142839471	0.1057638304654272	-0.12469773778356771	0.12101603239815498	-0.14532931740199304	0.08602938131667416	-0.09267269146966718	0.1003501981197783	-0.09557075253296005	0.07601548945213639	-0.09602820901447726	0.08325791702743898	-0.09934305019138831	0.08464873463426237	-0.0884226171208192
0.12401460218307712	-0.11125883903722429	0.1412523158659327	-0.12681030792185213	0.16233500344548518	-0.11111916797050135	0.11616922684825481	-0.18783007018138745	0.30165967943548927	-0.5920609656156015	0.1354832448066895	-0.14030316693148423	0.19549225689051658	-0.3952604147036169	1.0	-0.1286183134178338	0.1388806317873463	-0.24018559506642254	0.2441052452505906	-0.48953017307827656	0.10434060111422977	-0.11197409295605935	0.13898663587669044	-0.16227460852902342	0.23591997929215308	-0.11181786931676668	0.1246353730468628	-0.14807593521589374	0.13922162763205287	-0.16212490619965506	0.08942096575734594	-0.09541659907183071	0.11215983343245726	-0.11511776701644434	0.13448325728848745	-0.07764024851660563	0.08222771835636693	-0.09162926100132204	0.08669961362256563	-0.07024497840729525	0.08491519739459202	-0.07597781766124728	0.08867381991208642	-0.0776265331787521	0.07918762469871561
-0.17183362960798018	0.12110504629008906	-0.12840941970121875	0.10399934411715316	-0.14694937529087965	0.15710590898522042	-0.13680229137613342	0.14512351386797784	-0.12413580089326122	0.10259721528801452	-0.33634304813176474	0.24879616380362274	-0.17597518723999553	0.15800107486023127	-0.1286183134178338	1.0000000000000016	-0.7139894798414683	0.21889262412533453	-0.1651171249163955	0.1324927545198827	-0.3909223756127969	0.18359341496833853	-0.18215505457023462	0.15244353938545901	-0.14543720139139552	0.23653623480048094	-0.18925879697032758	0.16016740761421264	-0.13325565620917	0.11929948298476512	-0.13026448626669576	0.12567817191514258	-0.12561454069903485	0.11055572253605771	-0.1226233948758848	0.0973672642439165	-0.10151837210723709	0.10112224735190317	-0.08995987894603032	0.0709827823801574	-0.09389192425604043	0.08144756489464623	-0.09735917486972655	0.08120189554234712	-0.08345531553442322
0.165070069103442	-0.133404678771711	0.13689663104410515	-0.11319541170400026	0.15188380990304703	-0.16367831785212972	0.14556327176780026	-0.1675223873227564	0.13534465046443983	-0.1143997234221016	0.26677068062400283	-0.37324936389649516	0.19889785812486974	-0.18531821574259721	0.1388806317873463	-0.7139894798414683	1.0000000000000018	-0.3236023842252865	0.186875210741237	-0.14895897736610986	0.23196325159558556	-0.18309825172530367	0.1743639426055666	-0.1640405308712988	0.15065565045112567	-0.23658394847058073	0.17436265557006442	-0.1672871381980061	0.13651331531597607	-0.12561662884529856	0.12303869673836255	-0.12631439970288166	0.12456984567738899	-0.11353647913453133	0.12360757567025792	-0.0978072780739651	0.09907021534310215	-0.10218542740622426	0.09014657028023224	-0.07197108465775784	0.09335211015419875	-0.08306968265844601	0.09654825240292167	-0.08222649682145693	0.08306811193386938
-0.17548096822261183	0.14079046076931073	-0.18146646767505534	0.14366118219508756	-0.20854744716951334	0.14908509359635544	-0.15617371081313028	0.20920845001933636	-0.21772132204025132	0.17417139932181042	-0.2115592671112143	0.20651297757933254	-0.3168805061059826	0.28022230508669177	-0.24018559506642254	0.21889262412533453	-0.3236023842252865	0.9999999999999989	-0.6099398193074939	0.25761047349949984	-0.1765996110877137	0.18766077470134315	-0.29345524253989375	0.2454159171167373	-0.26379507203211905	0.17227002688253273	-0.2046456066893362	0.2046925151204964	-0.20381499730894762	0.18297426233793554	-0.13308966230141017	0.13646790792019972	-0.15906534605932032	0.14994241719079632	-0.18041038859591071	0.10922011347078475	-0.11838961318307661	0.12602012597352155	-0.11975718626285126	0.09434294706776582	-0.11901540270288515	0.10205220600373699	-0.12510823466061424	0.10538545352975033	-0.11083323598692485
0.1322965528177223	-0.11151722235298023	0.13980923305248089	-0.11689734530376292	0.15946011339801097	-0.11650576064864032	0.11967976835298144	-0.17631274526986965	0.2091473370055792	-0.1874943397860598	0.15373186824107402	-0.15806104546075425	0.21961943320048657	-0.41368150663893305	0.2441052452505906	-0.1651171249163955	0.186875210741237	-0.6099398193074939	1.0000000000000013	-0.4331734548949224	0.13479293777844725	-0.15498977910445436	0.2128884917583672	-0.3229283318121373	0.24847182707271856	-0.1407493320529197	0.16433239354928103	-0.18936112734043095	0.19595804204197634	-0.18408600973578776	0.10866936531836388	-0.1153065865712174	0.13495149028712697	-0.13564807250396013	0.15733353017874535	-0.09170045466179207	0.09750546364435206	-0.10764138408352805	0.1017079605898847	-0.08146292559602251	0.09677943878052121	-0.08578483455489701	0.10386606768992265	-0.09018748338434449	0.09234625036716901
-0.12094778236529606	0.10019693729198721	-0.12902074701596566	0.10914589670354566	-0.15465815896971447	0.10371436400768563	-0.10768135888389117	0.1517125841800478	-0.22612777372482315	0.22364846635444	-0.13325551623890142	0.13002524414762667	-0.17548401726283172	0.25420255308447415	-0.48953017307827656	0.1324927545198827	-0.14895897736610986	0.25761047349949984	-0.4331734548949224	0.9999999999999994	-0.11725381220900753	0.1280909093313898	-0.16856032155777984	0.19638126195324793	-0.5642465429000454	0.12322296137613813	-0.14687331439361545	0.17274378883770847	-0.18563706031955213	0.22528595154145017	-0.10473409385478831	0.11074013708487739	-0.1379503365417237	0.1433550039904865	-0.1890121569665995	0.08938861013848483	-0.09661870914619211	0.1085361851513461	-0.10703639238800941	0.0853749130264853	-0.09733602437027214	0.08569142996093945	-0.10676120828651846	0.09280350795170506	-0.09681845295090988
0.10763709862922279	-0.08022738349712032	0.09050616159417427	-0.07567621779430866	0.10887196190988138	-0.09699742009542488	0.08703181194588931	-0.10216288864872673	0.09590476168130231	-0.08297503690315353	0.14909826246787777	-0.13348338954338865	0.11721675754085562	-0.12460547138993955	0.10434060111422977	-0.3909223756127969	0.23196325159558556	-0.1765996110877137	0.13479293777844725	-0.11725381220900753	1.0	-0.38577477559890877	0.21949909404106593	-0.1781381559102859	0.1319741486409618	-0.7018594796900259	0.26717546713247714	-0.20240713489812195	0.14792639482078707	-0.12422108073739553	0.18705889638691856	-0.1818361393790884	0.14607354965500705	-0.12347591482722824	0.12604101003284854	-0.1296397763973304	0.12204053400592328	-0.11787232033586671	0.09675330955701619	-0.07656888610123447	0.09642997113767227	-0.08744697266558879	0.10551180280551561	-0.0890943883664953	0.08761042292221238
-0.09965351987553053	0.0751701858755308	-0.08901685799170647	0.07434737611184238	-0.10890326157515202	0.08612009982908606	-0.08143729105711889	0.09932153153424546	-0.10003666449530099	0.08656750197968616	-0.1235448049254399	0.11288702461758378	-0.1154301902893407	0.12859748806332225	-0.11197409295605935	0.18359341496833853	-0.18309825172530367	0.18766077470134315	-0.15498977910445436	0.1280909093313898	-0.38577477559890877	0.9999999999999973	-0.5819359999583164	0.24317540848298952	-0.15132953270220775	0.2660673172301849	-0.5604785729899687	0.25132475369651036	-0.20191792880446427	0.14389183996105773	-0.16026043440092952	0.16717256729580895	-0.1593287860107024	0.134788207391094	-0.1444800183567394	0.11488902746920741	-0.11976869813352807	0.12064207342381002	-0.10471602280495693	0.0819431961134455	-0.09964650835077596	0.08863751017125487	-0.11171454811015849	0.09372481441574435	-0.09444851819514266
0.11241462584234455	-0.08790562458547277	0.10522079844064804	-0.08872441191846561	0.12743106218577452	-0.09831832681522441	0.09414283285715092	-0.12128299923872175	0.12353785560165069	-0.10910762102023333	0.13198348722105477	-0.12662027388316188	0.14060593628382304	-0.1676853840190994	0.13898663587669044	-0.18215505457023462	0.1743639426055666	-0.29345524253989375	0.2128884917583672	-0.16856032155777984	0.21949909404106593	-0.5819359999583164	0.9999999999999964	-0.5218669746297186	0.18398706174291612	-0.22948679469517205	0.28850470569810943	-0.3159616497669813	0.255037254059565	-0.1849971609946591	0.1468516437364995	-0.1620338686725289	0.1703843554961528	-0.15931488011122705	0.1673078190585999	-0.11906956354523449	0.12172856905609075	-0.13315838217625636	0.1172256066602386	-0.09347278796536078	0.10845336436277592	-0.0988769930330429	0.12154560738215658	-0.10570872251709851	0.10467826547857012
-0.11452799680239031	0.08894421928482159	-0.10980899317319395	0.09168645669432503	-0.13435527831406943	0.09731228702873312	-0.09608323807771925	0.12364948030237492	-0.1386247468786827	0.11984792957602083	-0.1306344526611198	0.12272839682653489	-0.14618552264290008	0.1813819829190241	-0.16227460852902342	0.15244353938545901	-0.1640405308712988	0.2454159171167373	-0.3229283318121373	0.19638126195324793	-0.1781381559102859	0.24317540848298952	-0.5218669746297186	0.9999999999999964	-0.24540794772683575	0.1761459799831427	-0.2671294431544376	0.28461770545912807	-0.5691237055459096	0.23409842307587053	-0.14275345590076438	0.15095556354303152	-0.1852728219489064	0.18075390913591596	-0.21307851247984091	0.11532114149626352	-0.12486915769508815	0.13765397835726298	-0.13260275759227289	0.10281203361426604	-0.11511409001895699	0.1014743192969856	-0.13233947208451055	0.1134426106752422	-0.1171175217224526
0.12176667189458168	-0.09993932082535514	0.12230542772858984	-0.10616908908064265	0.1475440229623638	-0.10670167420508518	0.10526629936777754	-0.14638622702824833	0.17144125763541723	-0.1828340053739288	0.13275039113911408	-0.13116454000374117	0.16003775945190885	-0.2283077198606866	0.23591997929215308	-0.14543720139139552	0.15065565045112567	-0.26379507203211905	0.24847182707271856	-0.5642465429000454	0.1319741486409618	-0.15132953270220775	0.18398706174291612	-0.24540794772683575	1.0000000000000004	-0.14612506506178694	0.17006292994384803	-0.23289072093010912	0.2360720612976249	-0.5243165027700681	0.12456371166952042	-0.13832327546589532	0.1701716041971341	-0.2055460916621938	0.24631775765374964	-0.11047030512701571	0.11583958862604747	-0.1376250251034462	0.13440149733214377	-0.11197452782487038	0.11386261241816165	-0.1058295097240829	0.12865926335439412	-0.11881141461556466	0.11771385286940265
-0.11523907405320118	0.08342005339670087	-0.09623511313531924	0.07989157749079166	-0.11783959007053248	0.09885262451243383	-0.09129195488970861	0.10554380497685978	-0.10189683473019269	0.08717554787017279	-0.15308964440342476	0.13136729347066675	-0.12210058838745376	0.128193600315737	-0.11181786931676668	0.23653623480048094	-0.23658394847058073	0.17227002688253273	-0.1407493320529197	0.12322296137613813	-0.7018594796900259	0.2660673172301849	-0.22948679469517205	0.1761459799831427	-0.14612506506178694	1.0000000000000016	-0.38650786876815674	0.21625886276263975	-0.16328307209329976	0.13509998500587173	-0.31604790834554736	0.21844508233080698	-0.17820818849670644	0.13994757766475618	-0.14577389664070467	0.1584598401306507	-0.15833159389256243	0.13837210433807468	-0.11395796049091539	0.08852258341776445	-0.11563013574044884	0.10143409348424857	-0.12713333574902108	0.103455484304779	-0.1038906344700733
0.10944719668246426	-0.08347175095832965	0.09865509598010835	-0.08341091607069145	0.12158086551695735	-0.0952107691518498	0.08947423865573234	-0.11083183906262255	0.11111097163104026	-0.09816061095044319	0.12973985373770505	-0.12094284935836269	0.12551293864544283	-0.14526478609148397	0.1246353730468628	-0.18925879697032758	0.17436265557006442	-0.2046456066893362	0.16433239354928103	-0.14687331439361545	0.26717546713247714	-0.5604785729899687	0.28850470569810943	-0.2671294431544376	0.17006292994384803	-0.38650786876815674	0.9999999999999947	-0.47771363144702284	0.23065494757909905	-0.17480068880532196	0.21034120400011255	-0.278272900470022	0.21337885693311917	-0.17404311174589965	0.17254694629986597	-0.15440018768681862	0.15334348920766186	-0.16015160447221405	0.13010327142350928	-0.10276957667581765	0.12115588489146936	-0.11170288278739879	0.13937930922708364	-0.11893839984302385	0.11557100138889717
-0.11868026081664254	0.08953372727645098	-0.10929945297363831	0.09175298332580147	-0.1374374623102188	0.09966361916965459	-0.09656193994349556	0.11941793142262797	-0.12748414156975704	0.11140767928610501	-0.13355755121425122	0.12255125188624652	-0.13639551389138718	0.15848868432049387	-0.14807593521589374	0.16016740761421264	-0.1672871381980061	0.2046925151204964	-0.18936112734043095	0.17274378883770847	-0.20240713489812195	0.25132475369651036	-0.3159616497669813	0.28461770545912807	-0.23289072093010912	0.21625886276263975	-0.47771363144702284	0.9999999999999946	-0.5070640319891045	0.2421730775239963	-0.20396902781755247	0.2202303915576698	-0.3625659624623326	0.23533428651047025	-0.2604656252548404	0.15843833094079035	-0.17684534883633074	0.2018586375298714	-0.17910440277223824	0.13501771121579664	-0.15176361519412687	0.13296394414466753	-0.1892521247633365	0.15319578129567224	-0.15741041907065678
0.09965659616274358	-0.07784304494972474	0.09485354171797056	-0.08040565466081905	0.11680223455860407	-0.0855226048235911	0.08322372274888362	-0.10781719716337355	0.11734918825368104	-0.10702301914089014	0.1116753333039455	-0.10612969141241159	0.12255928341247722	-0.15566659274481576	0.13922162763205287	-0.13325565620917	0.13651331531597607	-0.20381499730894762	0.19595804204197634	-0.18563706031955213	0.14792639482078707	-0.20191792880446427	0.255037254059565	-0.5691237055459096	0.2360720612976249	-0.16328307209329976	0.23065494757909905	-0.5070640319891045	0.999999999999993	-0.42432414741843705	0.13936100651943975	-0.15686480354559307	0.20791789188827522	-0.2479928164753408	0.24623796075219512	-0.11777658890592527	0.12500012449118067	-0.15114800668351733	0.14519619120759497	-0.11479905984432005	0.11253774955412547	-0.10310054379222117	0.137210175671679	-0.12391732698915209	0.12215083506474046
-0.09770116934661432	0.07672526751713739	-0.09487065429360195	0.08057216960809166	-0.11766699520342702	0.08317787454095883	-0.08203402291416875	0.10707248065523348	-0.12460958955837627	0.11560129396640156	-0.1070141445004164	0.10152886251986354	-0.12046686989386177	0.1535301886213489	-0.16212490619965506	0.11929948298476512	-0.12561662884529856	0.18297426233793554	-0.18408600973578776	0.22528595154145017	-0.12422108073739553	0.14389183996105773	-0.1849971609946591	0.23409842307587053	-0.5243165027700681	0.13509998500587173	-0.17480068880532196	0.2421730775239963	-0.42432414741843705	0.9999999999999939	-0.1305634569546304	0.14228572603063336	-0.20521632737181728	0.25247529982284794	-0.5490252453421877	0.11203375213896265	-0.12241387910294332	0.14876159840493894	-0.163385377558073	0.1289563460826816	-0.11489904062700818	0.103836960544712	-0.14412157757508878	0.13063319008167362	-0.13740567271774584
0.08094471412793976	-0.060851984104066975	0.07214876509753833	-0.061135210224236534	0.09045167084263737	-0.06947333863377153	0.06521911691957889	-0.07957888299784704	0.07956869140746196	-0.07051606931208938	0.09395956581668137	-0.08612670884778333	0.08905614914156702	-0.10169949142839471	0.08942096575734594	-0.13026448626669576	0.12303869673836255	-0.13308966230141017	0.10866936531836388	-0.10473409385478831	0.18705889638691856	-0.16026043440092952	0.1468516437364995	-0.14275345590076438	0.12456371166952042	-0.31604790834554736	0.21034120400011255	-0.20396902781755247	0.13936100651943975	-0.1305634569546304	0.999999999999993	-0.6911101342382768	0.2437395720040962	-0.17280642346290903	0.14607500640095164	-0.4415788961341757	0.2638974656860175	-0.2041621131522781	0.13242177424948842	-0.10328110488734532	0.13224676248658845	-0.12661268937205167	0.15428380841264425	-0.12745365999747138	0.1153914095224047
-0.0844143472043387	0.0630783222424836	-0.07551236081368044	0.06371335250075573	-0.09510964801629604	0.07153658710528807	-0.06785629272628829	0.08253376969744973	-0.08409409924286894	0.07399831489125196	-0.09713020319617442	0.08829248144396347	-0.0929389183044163	0.1057638304654272	-0.09541659907183071	0.12567817191514258	-0.12631439970288166	0.13646790792019972	-0.1153065865712174	0.11074013708487739	-0.1818361393790884	0.16717256729580895	-0.1620338686725289	0.15095556354303152	-0.13832327546589532	0.21844508233080698	-0.278272900470022	0.2202303915576698	-0.15686480354559307	0.14228572603063336	-0.6911101342382768	0.9999999999999905	-0.42792126801864905	0.197678147939995	-0.17528675086582465	0.25739456839058444	-0.2935884171156028	0.2200868589488904	-0.15458879464777536	0.11494863955852437	-0.14284127631205795	0.12969516877190473	-0.17934170831930268	0.13923370102777669	-0.13255536140179103
0.09240023233431502	-0.07054933754704208	0.08500104432259814	-0.07240983026918071	0.1070630375691777	-0.07883610730386985	0.07522733663658902	-0.09418868366171929	0.09741227408190108	-0.08798100557751204	0.10212621316961348	-0.09541411213705128	0.1046843224150073	-0.12469773778356771	0.11215983343245726	-0.12561454069903485	0.12456984567738899	-0.15906534605932032	0.13495149028712697	-0.1379503365417237	0.14607354965500705	-0.1593287860107024	0.1703843554961528	-0.1852728219489064	0.1701716041971341	-0.17820818849670644	0.21337885693311917	-0.3625659624623326	0.20791789188827522	-0.20521632737181728	0.2437395720040962	-0.42792126801864905	0.9999999999999921	-0.4652758844679307	0.2477049231296643	-0.21689129118015824	0.22321012923818825	-0.46935338091720735	0.22660863030893735	-0.17094113283556703	0.15514510466977888	-0.15570240883883152	0.24354678640390678	-0.20963836025579555	0.17590582178188305
-0.08675042745224776	0.0664825346955894	-0.08111681695848141	0.06888963679296117	-0.10221727993024636	0.0734511597869286	-0.07106924358560766	0.0896796578267474	-0.09671550791120356	0.08727959401211952	-0.09491521827092543	0.08869314328111955	-0.10023424573739204	0.12101603239815498	-0.11511776701644434	0.11055572253605771	-0.11353647913453133	0.14994241719079632	-0.13564807250396013	0.1433550039904865	-0.12347591482722824	0.134788207391094	-0.15931488011122705	0.18075390913591596	-0.2055460916621938	0.13994757766475618	-0.17404311174589965	0.23533428651047025	-0.2479928164753408	0.25247529982284794	-0.17280642346290903	0.197678147939995	-0.4652758844679307	0.9999999999999891	-0.5834977610401995	0.14833593637907733	-0.16674432141485732	0.23618330735389162	-0.3969953729118338	0.21080602871937362	-0.14060884463441975	0.13145897305395143	-0.21983989271910298	0.21180843618470235	-0.2096342151116104
0.09676522924876031	-0.07579040053712008	0.09185317032116601	-0.07885047195470891	0.11435624697107594	-0.08329168560306485	0.08034594367697116	-0.10428817217412525	0.11190007456882181	-0.10566334003008448	0.1052830320386209	-0.1005664860083871	0.11495514426409764	-0.14532931740199304	0.13448325728848745	-0.1226233948758848	0.12360757567025792	-0.18041038859591071	0.15733353017874535	-0.1890121569665995	0.12604101003284854	-0.1444800183567394	0.1673078190585999	-0.21307851247984091	0.24631775765374964	-0.14577389664070467	0.17254694629986597	-0.2604656252548404	0.24623796075219512	-0.5490252453421877	0.14607500640095164	-0.17528675086582465	0.2477049231296643	-0.5834977610401995	0.9999999999999892	-0.13450216349682986	0.14063551895252893	-0.1940774117015541	0.2219407642685464	-0.20367476026262923	0.12729444344232005	-0.12442670807305688	0.17033365422795682	-0.17971310080444536	0.17220066586471505
-0.0696653206531195	0.05190836466528212	-0.062482538457034775	0.052838619228626475	-0.07963227511314235	0.05861363719578992	-0.05571630476609424	0.06765275875592656	-0.06869437441604419	0.06045423641316709	-0.0779507335577753	0.07103510291934843	-0.07565335746267633	0.08602938131667416	-0.07764024851660563	0.0973672642439165	-0.0978072780739651	0.10922011347078475	-0.09170045466179207	0.08938861013848483	-0.1296397763973304	0.11488902746920741	-0.11906956354523449	0.11532114149626352	-0.11047030512701571	0.1584598401306507	-0.15440018768681862	0.15843833094079035	-0.11777658890592527	0.11203375213896265	-0.4415788961341757	0.25739456839058444	-0.21689129118015824	0.14833593637907733	-0.13450216349682986	0.9999999999999905	-0.7576273788102579	0.23194154001924647	-0.14269229315241763	0.10586818411819408	-0.18965869128870116	0.16130398199027368	-0.1919487560006461	0.13555961050273987	-0.12802456026535652
0.0730028528035954	-0.055022259201893124	0.06601952002410529	-0.056187006089176435	0.08396488850814503	-0.062009346000517336	0.058720300922412726	-0.07219152372831761	0.07286023171044219	-0.06487922801174818	0.080642594967132	-0.07463988618391632	0.08003478476214008	-0.09267269146966718	0.08222771835636693	-0.10151837210723709	0.09907021534310215	-0.11838961318307661	0.09750546364435206	-0.09661870914619211	0.12204053400592328	-0.11976869813352807	0.12172856905609075	-0.12486915769508815	0.11583958862604747	-0.15833159389256243	0.15334348920766186	-0.17684534883633074	0.12500012449118067	-0.12241387910294332	0.2638974656860175	-0.2935884171156028	0.22321012923818825	-0.16674432141485732	0.14063551895252893	-0.7576273788102579	0.9999999999999897	-0.3763862834730969	0.15308718812325958	-0.11823510983569327	0.17602880208025926	-0.1951386359317371	0.20719542932778293	-0.15799457166779993	0.1336210542628796
-0.0775778412115411	0.05849885392026369	-0.07090006867013164	0.06019799849609881	-0.09038630277874883	0.06534807399549716	-0.06254881901315253	0.0772420070263363	-0.07988063181474704	0.07115237522846474	-0.08469575610668291	0.07830653089687674	-0.08594961669562728	0.1003501981197783	-0.09162926100132204	0.10112224735190317	-0.10218542740622426	0.12602012597352155	-0.10764138408352805	0.1085361851513461	-0.11787232033586671	0.12064207342381002	-0.13315838217625636	0.13765397835726298	-0.1376250251034462	0.13837210433807468	-0.16015160447221405	0.2018586375298714	-0.15114800668351733	0.14876159840493894	-0.2041621131522781	0.2200868589488904	-0.46935338091720735	0.23618330735389162	-0.1940774117015541	0.23194154001924647	-0.3763862834730969	0.9999999999999899	-0.2980833672150528	0.1860786637590455	-0.19401654771147042	0.18881163629152609	-0.5741959722048878	0.26345519348555746	-0.22844327356150937
0.07063591294028253	-0.05400776984574025	0.06536274432199644	-0.055842384124532	0.08290369180929974	-0.060030485025233775	0.05744880925054962	-0.07216597843750078	0.07497464796124056	-0.06799467996893659	0.07630582646364396	-0.07161319184491115	0.07968974102816155	-0.09557075253296005	0.08669961362256563	-0.08995987894603032	0.09014657028023224	-0.11975718626285126	0.1017079605898847	-0.10703639238800941	0.09675330955701619	-0.10471602280495693	0.1172256066602386	-0.13260275759227289	0.13440149733214377	-0.11395796049091539	0.13010327142350928	-0.17910440277223824	0.14519619120759497	-0.163385377558073	0.13242177424948842	-0.15458879464777536	0.22660863030893735	-0.3969953729118338	0.2219407642685464	-0.14269229315241763	0.15308718812325958	-0.2980833672150528	0.9999999999999891	-0.5749529091545293	0.13597078915859548	-0.14364634330028553	0.2561453883201956	-0.4880818728620386	0.3173250319766009
-0.05675731459183118	0.043207538154581	-0.05253453468284907	0.04475774191001292	-0.06687526499976959	0.04794098331514119	-0.04606267830824571	0.057602838579187715	-0.06040643131384028	0.05439058754285912	-0.06112611250517358	0.05709020900209971	-0.06381164814982306	0.07601548945213639	-0.07024497840729525	0.0709827823801574	-0.07197108465775784	0.09434294706776582	-0.08146292559602251	0.0853749130264853	-0.07656888610123447	0.0819431961134455	-0.09347278796536078	0.10281203361426604	-0.11197452782487038	0.08852258341776445	-0.10276957667581765	0.13501771121579664	-0.11479905984432005	0.1289563460826816	-0.10328110488734532	0.11494863955852437	-0.17094113283556703	0.21080602871937362	-0.20367476026262923	0.10586818411819408	-0.11823510983569327	0.1860786637590455	-0.5749529091545293	0.9999999999999888	-0.11317616328740208	0.11236327445162946	-0.20857405252547748	0.2898526943521753	-0.6949040218249436
0.07939838223913162	-0.059139547105078294	0.07192769903398366	-0.06146123743320135	0.09435881050044255	-0.06605779081088702	0.06287470110766347	-0.07659011694413877	0.07623970535340319	-0.06763123559829923	0.08216474262019634	-0.07620528129900805	0.08372803686132331	-0.09602820901447726	0.08491519739459202	-0.09389192425604043	0.09335211015419875	-0.11901540270288515	0.09677943878052121	-0.09733602437027214	0.09642997113767227	-0.09964650835077596	0.10845336436277592	-0.11511409001895699	0.11386261241816165	-0.11563013574044884	0.12115588489146936	-0.15176361519412687	0.11253774955412547	-0.11489904062700818	0.13224676248658845	-0.14284127631205795	0.15514510466977888	-0.14060884463441975	0.12729444344232005	-0.18965869128870116	0.17602880208025926	-0.19401654771147042	0.13597078915859548	-0.11317616328740208	0.9999999999999888	-0.8683317971876059	0.21427014974789513	-0.16434588142875844	0.12966200429386962
-0.06971176552007521	0.0514535581826128	-0.06317330471206425	0.053546137032993185	-0.08310008343938426	0.057272376377689914	-0.055061638015978555	0.06650393749747795	-0.06752895351900565	0.05920491963850704	-0.07256041225553762	0.06645042880365999	-0.07349299929728255	0.08325791702743898	-0.07597781766124728	0.08144756489464623	-0.08306968265844601	0.10205220600373699	-0.08578483455489701	0.08569142996093945	-0.08744697266558879	0.08863751017125487	-0.0988769930330429	0.1014743192969856	-0.1058295097240829	0.10143409348424857	-0.11170288278739879	0.13296394414466753	-0.10310054379222117	0.103836960544712	-0.12661268937205167	0.12969516877190473	-0.15570240883883152	0.13145897305395143	-0.12442670807305688	0.16130398199027368	-0.1951386359317371	0.18881163629152609	-0.14364634330028553	0.11236327445162946	-0.8683317971876059	0.9999999999999889	-0.29801090866471724	0.16441496773609232	-0.14261309289100288
0.07590878520508137	-0.057654504335089334	0.06960991619115202	-0.0594864800727683	0.0888388085841279	-0.06437078226419056	0.06130961989750498	-0.0763140230229875	0.07786283845550093	-0.07015889263692474	0.08169517032655023	-0.07640233278596144	0.08405270435997209	-0.09934305019138831	0.08867381991208642	-0.09735917486972655	0.09654825240292167	-0.12510823466061424	0.10386606768992265	-0.10676120828651846	0.10551180280551561	-0.11171454811015849	0.12154560738215658	-0.13233947208451055	0.12865926335439412	-0.12713333574902108	0.13937930922708364	-0.1892521247633365	0.137210175671679	-0.14412157757508878	0.15428380841264425	-0.17934170831930268	0.24354678640390678	-0.21983989271910298	0.17033365422795682	-0.1919487560006461	0.20719542932778293	-0.5741959722048878	0.2561453883201956	-0.20857405252547748	0.21427014974789513	-0.29801090866471724	0.9999999999999889	-0.5488683742359632	0.23683558949855837
