1.0000000000000002	-0.8913357068926812	0.14012675399796615	-0.04460023400312164	0.03996448618968984	-0.3081082070032271	0.23164889500449742	-0.1557801417869819	0.08321452438393957	-0.06945444958023113	0.15771600920700754	-0.1661578368280182	0.15192020372947573	-0.07782813865801802	0.06611685651394826	-0.13746513742116362	0.11344056115699834	-0.10441323595269568	0.07739133838921305	-0.08782497919430526	0.04887973288010299	-0.050764830578907696	0.06889544191934123	-0.05887539245604316	0.05676317535076144	-0.05040203123880728	0.04834819299152198	-0.0580726718055759	0.06191595957879909	-0.04446779611294466	0.05865514040916811	-0.046213652499594346	0.08131368247850662	-0.054243536146219816	0.04478532001879636
-0.8913357068926812	1.0000000000000007	-0.16075681644703915	0.04501160043325124	-0.04076752757258333	0.23208742561121598	-0.30140282414157676	0.1520625024985578	-0.08536725590742573	0.069256276624443	-0.15920367397349555	0.16116208464746198	-0.1643031708840774	0.07784917401070207	-0.06700472404433667	0.12781236573332655	-0.11586528041749278	0.10234101266960935	-0.07840837873115435	0.08708539737821742	-0.0488379778097535	0.05070037906242834	-0.06989479225619312	0.05919183886134203	-0.057555955213934536	0.04995828805457298	-0.04878211288658903	0.05825812510335266	-0.06304523835873306	0.044902103122005675	-0.059987810014707196	0.046836314484003425	-0.08376111594390612	0.05491515521475193	-0.04558638500797125
0.14012675399796615	-0.16075681644703915	1.0000000000000004	-0.17191887308492493	0.1380863263140389	-0.19531396601188744	0.19186949407419535	-0.4827484323975162	0.22477991717329238	-0.21286430253098998	0.1646243144863607	-0.18868343463438392	0.28385984458885793	-0.20988565905064974	0.18540778775800137	-0.2036715014575337	0.17663575823779043	-0.2222382536178767	0.1939943303235964	-0.2642960784202752	0.10788035222290907	-0.11994528951556205	0.15994052975384376	-0.15801957451920542	0.15240804724895338	-0.11722067336612316	0.1172810591233934	-0.1428356175353601	0.15875991952546412	-0.12081093753070458	0.15123416528031608	-0.11847468731043498	0.21845993929807955	-0.1458404019296027	0.11993265886393545
-0.04460023400312164	0.04501160043325124	-0.17191887308492493	1.0000000000000007	-0.9157153120627989	0.064468356246672	-0.06842954116406207	0.14062464889596746	-0.20358523787882468	0.2123062758770528	-0.061662491387635666	0.06937528797554389	-0.12735406943803512	0.12967941973188357	-0.17489384048493806	0.07340142247023156	-0.07198552710005096	0.091672132023895	-0.11401841584650793	0.1361496187015115	-0.04349283589308666	0.048560268308847264	-0.06967200346897903	0.07652464331441769	-0.07857757727286808	0.04601538848124942	-0.04867431801831636	0.06027795979484372	-0.07282614854801325	0.054967055209769765	-0.06256015986913711	0.048551663398075436	-0.0937005137477591	0.06295650759516276	-0.05596875954967549
0.03996448618968984	-0.04076752757258333	0.1380863263140389	-0.9157153120627989	1.0000000000000013	-0.05942262100958696	0.06223176679815297	-0.13539326922091727	0.17395950254320192	-0.27922881591364984	0.05581492612886117	-0.06322109623222734	0.11148243677718418	-0.12556212865316074	0.16082105359320495	-0.06753886453518995	0.0652540254595025	-0.08509557967191743	0.1038882789108616	-0.13746892979725805	0.03913434871339118	-0.04392430700784961	0.06266509962191182	-0.07134064968751784	0.07183846182218663	-0.04163312956178219	0.04373046197685212	-0.05482026467505615	0.06562318835740645	-0.05041107307723793	0.05538146386664522	-0.043400550273208396	0.08253728306983815	-0.05711861983982357	0.050435635873842415
-0.3081082070032271	0.23208742561121598	-0.19531396601188744	0.064468356246672	-0.05942262100958696	1.000000000000001	-0.6306630422000624	0.22415230561436064	-0.13184604964797358	0.10255642905126448	-0.5187510282977252	0.3064601329261498	-0.2761404633440274	0.11896068225297347	-0.10177367296479539	0.24110587554048393	-0.21928548579887897	0.1664849156917312	-0.12343098201717419	0.12951369800859147	-0.08104165771313035	0.08111439872777176	-0.11301308299245943	0.0910096888620907	-0.08866819047565427	0.08018769935798395	-0.0776429188499896	0.09173539091338209	-0.09868131431307542	0.06889513903052011	-0.09407284901526133	0.07326989986323568	-0.12976383052940405	0.08460734256702025	-0.07033306796308086
0.23164889500449742	-0.30140282414157676	0.19186949407419535	-0.06842954116406207	0.06223176679815297	-0.6306630422000624	1.0000000000000016	-0.3437131612806842	0.14494227723259284	-0.11228733809407529	0.2930288057190275	-0.48778205952512893	0.25995169630223486	-0.12706196485313728	0.10592402584902613	-0.23460684074221777	0.2010684664064869	-0.17068615473851176	0.12410549398610836	-0.13484676933527406	0.07622737496551135	-0.07848464128423327	0.10774516775940507	-0.09105747181300106	0.08762351696074708	-0.07763025163214665	0.07432142768527955	-0.08968678557882706	0.09518678691373034	-0.06782357621548007	0.08894115937933146	-0.07021866500182146	0.12283649351225841	-0.08242331084717323	0.06835928423499435
-0.1557801417869819	0.1520625024985578	-0.4827484323975162	0.14062464889596746	-0.13539326922091727	0.22415230561436064	-0.3437131612806842	1.000000000000001	-0.4627744738429834	0.23366651715427697	-0.20519905076989586	0.2306807022787253	-0.43086425882375373	0.24191091767112716	-0.22293336634646985	0.2022953894442014	-0.1995627950679104	0.21495576875078573	-0.22486388608315644	0.2335272004092682	-0.1030815696088251	0.111690352016057	-0.1588818724093469	0.15228657766696777	-0.1517481130039034	0.1072298968319745	-0.1107999267683331	0.13415828955928	-0.15558271695713277	0.11222798285103286	-0.14195479370749137	0.10937328915248373	-0.20710074609919954	0.13409544500861598	-0.11523580543482242
0.08321452438393957	-0.08536725590742573	0.22477991717329238	-0.20358523787882468	0.17395950254320192	-0.13184604964797358	0.14494227723259284	-0.4627744738429834	1.000000000000001	-0.5489042745565756	0.11876048947497217	-0.13781448990069614	0.2310382130848553	-0.4831102006029445	0.293745607519228	-0.1400593099558091	0.1365674702907653	-0.18360050762402616	0.24733955525244974	-0.28288147376528466	0.07593548669309502	-0.08558799012038791	0.1240113057813822	-0.152384787501315	0.14361296220451575	-0.08053175099773754	0.08434959094073523	-0.10857111976853762	0.12902742869387937	-0.09887994323651586	0.10327143829157379	-0.08201449746224031	0.1526028205135792	-0.11031423452697736	0.09719493285083884
-0.06945444958023113	0.069256276624443	-0.21286430253098998	0.2123062758770528	-0.27922881591364984	0.10255642905126448	-0.11228733809407529	0.23366651715427697	-0.5489042745565756	1.0000000000000004	-0.09968092017875776	0.11228243688272695	-0.20964451452017047	0.27254451496988225	-0.6173376827891218	0.1177239453759941	-0.11899113218832698	0.1539783207636854	-0.22284237313383143	0.2648685183248553	-0.06999889907114422	0.07851691776346477	-0.11520532752233398	0.13542682807839143	-0.14192560635159765	0.07370466476492961	-0.07881533886005802	0.09920699961684842	-0.12265465798098961	0.09337505327222853	-0.0995154504606971	0.07771536648386244	-0.15017873141601018	0.1038604949435979	-0.09467649031806857
0.15771600920700754	-0.15920367397349555	0.1646243144863607	-0.061662491387635666	0.05581492612886117	-0.5187510282977252	0.2930288057190275	-0.20519905076989586	0.11876048947497217	-0.09968092017875776	1.0000000000000009	-0.5414305658481509	0.2586345683871007	-0.11994116662505805	0.09815691081743347	-0.5112199366511375	0.26592999387687277	-0.19838961827068302	0.12541703346693406	-0.13244607697945	0.09511248487710317	-0.09092686047624786	0.11987706995143108	-0.09334963386428373	0.08900627386510074	-0.09334020220028139	0.08335288594825233	-0.09815207161593666	0.10015564375038155	-0.0700812073820859	0.09579235901944952	-0.07635119446226098	0.12753197075449293	-0.08615205846395463	0.07048378655576949
-0.1661578368280182	0.16116208464746198	-0.18868343463438392	0.06937528797554389	-0.06322109623222734	0.3064601329261498	-0.48778205952512893	0.2306807022787253	-0.13781448990069614	0.11228243688272695	-0.5414305658481509	0.9999999999999984	-0.44585055389499373	0.1373747800374506	-0.11181827992576211	0.2917237464345477	-0.3689663935579722	0.216411526509607	-0.1433558465887106	0.14716322020646264	-0.09210945419622726	0.0935357169733105	-0.13233133594689023	0.10362566507611475	-0.09939406982909259	0.09159955424588531	-0.08815160984895644	0.10626047888479892	-0.11089955545855419	0.07743151546290172	-0.10358103706848433	0.0817846377638512	-0.14123938639456501	0.09476783257213742	-0.07821302010500925
0.15192020372947573	-0.1643031708840774	0.28385984458885793	-0.12735406943803512	0.11148243677718418	-0.2761404633440274	0.25995169630223486	-0.43086425882375373	0.2310382130848553	-0.20964451452017047	0.2586345683871007	-0.44585055389499373	1.0000000000000033	-0.2741124771026184	0.19633920567873234	-0.3226632670515022	0.26437432532246546	-0.3400959777747396	0.23271872731264454	-0.2772147867818537	0.12842200644431273	-0.14192691728682566	0.19119384474325823	-0.17657694431457363	0.16412200935670293	-0.13875673430839477	0.13286998557021645	-0.16908756007720616	0.17286060249047372	-0.12912920767723873	0.1556870242845399	-0.1265709419865224	0.2151299299111527	-0.1545075809639393	0.12591448538826538
-0.07782813865801802	0.07784917401070207	-0.20988565905064974	0.12967941973188357	-0.12556212865316074	0.11896068225297347	-0.12706196485313728	0.24191091767112716	-0.4831102006029445	0.27254451496988225	-0.11994116662505805	0.1373747800374506	-0.2741124771026184	0.9999999999999957	-0.4067262374704795	0.14683427762027138	-0.15929165618031987	0.22097881018061474	-0.596408261641189	0.29146994423219524	-0.08552000250176572	0.09727878787507228	-0.14971244655677252	0.19514128487058563	-0.18640981034875662	0.08977424471821412	-0.0969052742310461	0.12642420939342777	-0.15962601876531876	0.11736183046824514	-0.11670323578877344	0.09273897471632914	-0.17452781873989817	0.1282398563182463	-0.11760737611624761
0.06611685651394826	-0.06700472404433667	0.18540778775800137	-0.17489384048493806	0.16082105359320495	-0.10177367296479539	0.10592402584902613	-0.22293336634646985	0.293745607519228	-0.6173376827891218	0.09815691081743347	-0.11181827992576211	0.19633920567873234	-0.4067262374704795	1.0000000000000024	-0.12284213071924162	0.12255862522423962	-0.1723695497883871	0.2530341228896365	-0.5166646695832605	0.07265158630910405	-0.08293605917426126	0.12145648807745994	-0.16546685697959576	0.16792351659190147	-0.07734647531372149	0.08250816874193373	-0.10759240370225745	0.13330218089505697	-0.1078714532398165	0.10091598395763675	-0.08052364520433442	0.1523320774039634	-0.11409045169281705	0.10390803125339483
-0.13746513742116362	0.12781236573332655	-0.2036715014575337	0.07340142247023156	-0.06753886453518995	0.24110587554048393	-0.23460684074221777	0.2022953894442014	-0.1400593099558091	0.1177239453759941	-0.5112199366511375	0.2917237464345477	-0.3226632670515022	0.14683427762027138	-0.12284213071924162	1.0000000000000009	-0.6078560023492028	0.2701596999461211	-0.17304523737685082	0.1648421435576896	-0.17217699402969558	0.13739979128191007	-0.18499092375336	0.12627820356848604	-0.122498333741355	0.1422556044567206	-0.12666232189311094	0.14046329421634107	-0.14536585217447773	0.09663531439742663	-0.1442217239411817	0.11238986720946306	-0.18728511673600556	0.12106139721882914	-0.0993375637324691
0.11344056115699834	-0.11586528041749278	0.17663575823779043	-0.07198552710005096	0.0652540254595025	-0.21928548579887897	0.2010684664064869	-0.1995627950679104	0.1365674702907653	-0.11899113218832698	0.26592999387687277	-0.3689663935579722	0.26437432532246546	-0.15929165618031987	0.12255862522423962	-0.6078560023492028	1.0000000000000004	-0.5347542456616926	0.187150256107308	-0.17436456421442784	0.1257110352950113	-0.13217036463547296	0.18878057747779678	-0.13017946158264815	0.11978337039713416	-0.12471301505426476	0.1166452103060062	-0.14843898007361517	0.13816554205797146	-0.09444723719701927	0.12543032333947773	-0.10235275269125868	0.1643234540347555	-0.1162731663062189	0.09380188105788968
-0.10441323595269568	0.10234101266960935	-0.2222382536178767	0.091672132023895	-0.08509557967191743	0.1664849156917312	-0.17068615473851176	0.21495576875078573	-0.18360050762402616	0.1539783207636854	-0.19838961827068302	0.216411526509607	-0.3400959777747396	0.22097881018061474	-0.1723695497883871	0.2701596999461211	-0.5347542456616926	0.9999999999999982	-0.3853057979849417	0.23278383480707343	-0.14935867761732255	0.1738803021375234	-0.40039117899274224	0.19329003768367561	-0.18160525588502033	0.14722186703172097	-0.16605959853927155	0.22372918409806897	-0.21858702329239066	0.13677400566875175	-0.17849486081167804	0.1420492185697921	-0.24466365304787038	0.16827650732202581	-0.13944121286942585
0.07739133838921305	-0.07840837873115435	0.1939943303235964	-0.11401841584650793	0.1038882789108616	-0.12343098201717419	0.12410549398610836	-0.22486388608315644	0.24733955525244974	-0.22284237313383143	0.12541703346693406	-0.1433558465887106	0.23271872731264454	-0.596408261641189	0.2530341228896365	-0.17304523737685082	0.187150256107308	-0.3853057979849417	0.9999999999999977	-0.4302597835283762	0.09834141435234156	-0.11610393514450584	0.18179202308203135	-0.34886099647753993	0.23194450633336333	-0.10456191398867348	0.11310806242693654	-0.15971416342176487	0.19540378679715503	-0.14702651440928927	0.12847472570410298	-0.10542780370460679	0.1903214549727706	-0.1557322053111979	0.13856561562840017
-0.08782497919430526	0.08708539737821742	-0.2642960784202752	0.1361496187015115	-0.13746892979725805	0.12951369800859147	-0.13484676933527406	0.2335272004092682	-0.28288147376528466	0.2648685183248553	-0.13244607697945	0.14716322020646264	-0.2772147867818537	0.29146994423219524	-0.5166646695832605	0.1648421435576896	-0.17436456421442784	0.23278383480707343	-0.4302597835283762	0.9999999999999967	-0.11175726004171069	0.1268783150393773	-0.1916563641742054	0.2576700791780569	-0.36945420767641257	0.11739249646700411	-0.1300564361015902	0.16552737999846545	-0.22378675565292094	0.18285446653016735	-0.16487135271235406	0.12887803483873123	-0.2596644012096501	0.18499005135952848	-0.18652466571397108
0.04887973288010299	-0.0488379778097535	0.10788035222290907	-0.04349283589308666	0.03913434871339118	-0.08104165771313035	0.07622737496551135	-0.1030815696088251	0.07593548669309502	-0.06999889907114422	0.09511248487710317	-0.09210945419622726	0.12842200644431273	-0.08552000250176572	0.07265158630910405	-0.17217699402969558	0.1257110352950113	-0.14935867761732255	0.09834141435234156	-0.11175726004171069	0.9999999999999986	-0.5011038643500922	0.19424067567754127	-0.09904612094978142	0.09031704293294691	-0.7503283969170034	0.2772921448036327	-0.17832677680415593	0.12877086583076364	-0.08282480116118113	0.2153307707067235	-0.19444022667408925	0.162457647305917	-0.11363569176855093	0.08121674013751375
-0.050764830578907696	0.05070037906242834	-0.11994528951556205	0.048560268308847264	-0.04392430700784961	0.08111439872777176	-0.07848464128423327	0.111690352016057	-0.08558799012038791	0.07851691776346477	-0.09092686047624786	0.0935357169733105	-0.14192691728682566	0.09727878787507228	-0.08293605917426126	0.13739979128191007	-0.13217036463547296	0.1738803021375234	-0.11610393514450584	0.1268783150393773	-0.5011038643500922	0.9999999999999988	-0.37543272451909565	0.12085566618621121	-0.11056578184887848	0.3047282663035329	-0.6171665476100675	0.2537544162385446	-0.17374106849989845	0.10138985078488916	-0.2796351890493154	0.23588402876775638	-0.20845530603365917	0.14053768659069807	-0.10092641324009015
0.06889544191934123	-0.06989479225619312	0.15994052975384376	-0.06967200346897903	0.06266509962191182	-0.11301308299245943	0.10774516775940507	-0.1588818724093469	0.1240113057813822	-0.11520532752233398	0.11987706995143108	-0.13233133594689023	0.19119384474325823	-0.14971244655677252	0.12145648807745994	-0.18499092375336	0.18878057747779678	-0.40039117899274224	0.18179202308203135	-0.1916563641742054	0.19424067567754127	-0.37543272451909565	1.0000000000000004	-0.19392011630264872	0.16023232983720972	-0.2119591477905087	0.26204817944127645	-0.6421727609647606	0.25452517069183395	-0.1510693906037568	0.19360674809713826	-0.18383661082347896	0.2244484354124072	-0.20295957488972124	0.1396782697631774
-0.05887539245604316	0.05919183886134203	-0.15801957451920542	0.07652464331441769	-0.07134064968751784	0.0910096888620907	-0.09105747181300106	0.15228657766696777	-0.152384787501315	0.13542682807839143	-0.09334963386428373	0.10362566507611475	-0.17657694431457363	0.19514128487058563	-0.16546685697959576	0.12627820356848604	-0.13017946158264815	0.19329003768367561	-0.34886099647753993	0.2576700791780569	-0.09904612094978142	0.12085566618621121	-0.19392011630264872	0.9999999999999954	-0.6681512555329362	0.10656599121667693	-0.12770269153110164	0.1949550551879689	-0.4417616937953711	0.24809084494615097	-0.13755901042930935	0.11693417125453978	-0.2269881445754992	0.2294816121882482	-0.23998745990676362
0.05676317535076144	-0.057555955213934536	0.15240804724895338	-0.07857757727286808	0.07183846182218663	-0.08866819047565427	0.08762351696074708	-0.1517481130039034	0.14361296220451575	-0.14192560635159765	0.08900627386510074	-0.09939406982909259	0.16412200935670293	-0.18640981034875662	0.16792351659190147	-0.122498333741355	0.11978337039713416	-0.18160525588502033	0.23194450633336333	-0.36945420767641257	0.09031704293294691	-0.11056578184887848	0.16023232983720972	-0.6681512555329362	0.9999999999999976	-0.09986879455291951	0.1123971847402911	-0.1713161231263211	0.26554076082965167	-0.43371775184857086	0.12493079333670187	-0.10911554237770943	0.20666393832052288	-0.24242084458034194	0.2478057984388145
-0.05040203123880728	0.04995828805457298	-0.11722067336612316	0.04601538848124942	-0.04163312956178219	0.08018769935798395	-0.07763025163214665	0.1072298968319745	-0.08053175099773754	0.07370466476492961	-0.09334020220028139	0.09159955424588531	-0.13875673430839477	0.08977424471821412	-0.07734647531372149	0.1422556044567206	-0.12471301505426476	0.14722186703172097	-0.10456191398867348	0.11739249646700411	-0.7503283969170034	0.3047282663035329	-0.2119591477905087	0.10656599121667693	-0.09986879455291951	0.9999999999999958	-0.3936942061279936	0.1863869569695469	-0.14688424624877314	0.09090067835857953	-0.336591765110629	0.22683091504173988	-0.1978459741352931	0.12633010323904234	-0.09170989470964525
0.04834819299152198	-0.04878211288658903	0.1172810591233934	-0.04867431801831636	0.04373046197685212	-0.0776429188499896	0.07432142768527955	-0.1107999267683331	0.08434959094073523	-0.07881533886005802	0.08335288594825233	-0.08815160984895644	0.13286998557021645	-0.0969052742310461	0.08250816874193373	-0.12666232189311094	0.1166452103060062	-0.16605959853927155	0.11310806242693654	-0.1300564361015902	0.2772921448036327	-0.6171665476100675	0.26204817944127645	-0.12770269153110164	0.1123971847402911	-0.3936942061279936	0.9999999999999954	-0.36837487338671326	0.18162689484293623	-0.1082572643068259	0.27843565641612034	-0.4212662355121171	0.21179439467679317	-0.15469633393195545	0.10418946310312953
-0.0580726718055759	0.05825812510335266	-0.1428356175353601	0.06027795979484372	-0.05482026467505615	0.09173539091338209	-0.08968678557882706	0.13415828955928	-0.10857111976853762	0.09920699961684842	-0.09815207161593666	0.10626047888479892	-0.16908756007720616	0.12642420939342777	-0.10759240370225745	0.14046329421634107	-0.14843898007361517	0.22372918409806897	-0.15971416342176487	0.16552737999846545	-0.17832677680415593	0.2537544162385446	-0.6421727609647606	0.1949550551879689	-0.1713161231263211	0.1863869569695469	-0.36837487338671326	0.9999999999999951	-0.4618737634879794	0.15745609370827082	-0.20665332065439737	0.1888434028896478	-0.2604063438944246	0.21703704326207976	-0.155806250391739
0.06191595957879909	-0.06304523835873306	0.15875991952546412	-0.07282614854801325	0.06562318835740645	-0.09868131431307542	0.09518678691373034	-0.15558271695713277	0.12902742869387937	-0.12265465798098961	0.10015564375038155	-0.11089955545855419	0.17286060249047372	-0.15962601876531876	0.13330218089505697	-0.14536585217447773	0.13816554205797146	-0.21858702329239066	0.19540378679715503	-0.22378675565292094	0.12877086583076364	-0.17374106849989845	0.25452517069183395	-0.4417616937953711	0.26554076082965167	-0.14688424624877314	0.18162689484293623	-0.4618737634879794	0.9999999999999947	-0.3112874494946232	0.16721329392550288	-0.16002764075005796	0.2752868966894295	-0.4945393538136459	0.2510566653774043
-0.04446779611294466	0.044902103122005675	-0.12081093753070458	0.054967055209769765	-0.05041107307723793	0.06889513903052011	-0.06782357621548007	0.11222798285103286	-0.09887994323651586	0.09337505327222853	-0.0700812073820859	0.07743151546290172	-0.12912920767723873	0.11736183046824514	-0.1078714532398165	0.09663531439742663	-0.09444723719701927	0.13677400566875175	-0.14702651440928927	0.18285446653016735	-0.08282480116118113	0.10138985078488916	-0.1510693906037568	0.24809084494615097	-0.43371775184857086	0.09090067835857953	-0.1082572643068259	0.15745609370827082	-0.3112874494946232	0.9999999999999948	-0.12297824826008848	0.10750505308139788	-0.2413688502259783	0.27888869574292285	-0.7350274491930013
0.05865514040916811	-0.059987810014707196	0.15123416528031608	-0.06256015986913711	0.05538146386664522	-0.09407284901526133	0.08894115937933146	-0.14195479370749137	0.10327143829157379	-0.0995154504606971	0.09579235901944952	-0.10358103706848433	0.1556870242845399	-0.11670323578877344	0.10091598395763675	-0.1442217239411817	0.12543032333947773	-0.17849486081167804	0.12847472570410298	-0.16487135271235406	0.2153307707067235	-0.2796351890493154	0.19360674809713826	-0.13755901042930935	0.12493079333670187	-0.336591765110629	0.27843565641612034	-0.20665332065439737	0.16721329392550288	-0.12297824826008848	0.999999999999995	-0.7437296954356152	0.26130528613343984	-0.1822424291935026	0.11763196891334178
-0.046213652499594346	0.046836314484003425	-0.11847468731043498	0.048551663398075436	-0.043400550273208396	0.07326989986323568	-0.07021866500182146	0.10937328915248373	-0.08201449746224031	0.07771536648386244	-0.07635119446226098	0.0817846377638512	-0.1265709419865224	0.09273897471632914	-0.08052364520433442	0.11238986720946306	-0.10235275269125868	0.1420492185697921	-0.10542780370460679	0.12887803483873123	-0.19444022667408925	0.23588402876775638	-0.18383661082347896	0.11693417125453978	-0.10911554237770943	0.22683091504173988	-0.4212662355121171	0.1888434028896478	-0.16002764075005796	0.10750505308139788	-0.7437296954356152	0.9999999999999956	-0.3610849130447384	0.16829796050502516	-0.1089206278623861
0.08131368247850662	-0.08376111594390612	0.21845993929807955	-0.0937005137477591	0.08253728306983815	-0.12976383052940405	0.12283649351225841	-0.20710074609919954	0.1526028205135792	-0.15017873141601018	0.12753197075449293	-0.14123938639456501	0.2151299299111527	-0.17452781873989817	0.1523320774039634	-0.18728511673600556	0.1643234540347555	-0.24466365304787038	0.1903214549727706	-0.2596644012096501	0.162457647305917	-0.20845530603365917	0.2244484354124072	-0.2269881445754992	0.20666393832052288	-0.1978459741352931	0.21179439467679317	-0.2604063438944246	0.2752868966894295	-0.2413688502259783	0.26130528613343984	-0.3610849130447384	0.9999999999999958	-0.5365081803768378	0.2314857578339845
-0.054243536146219816	0.05491515521475193	-0.1458404019296027	0.06295650759516276	-0.05711861983982357	0.08460734256702025	-0.08242331084717323	0.13409544500861598	-0.11031423452697736	0.1038604949435979	-0.08615205846395463	0.09476783257213742	-0.1545075809639393	0.1282398563182463	-0.11409045169281705	0.12106139721882914	-0.1162731663062189	0.16827650732202581	-0.1557322053111979	0.18499005135952848	-0.11363569176855093	0.14053768659069807	-0.20295957488972124	0.2294816121882482	-0.24242084458034194	0.12633010323904234	-0.15469633393195545	0.21703704326207976	-0.4945393538136459	0.27888869574292285	-0.1822424291935026	0.16829796050502516	-0.5365081803768378	0.9999999999999956	-0.4892765856261413
0.04478532001879636	-0.04558638500797125	0.11993265886393545	-0.05596875954967549	0.050435635873842415	-0.07033306796308086	0.06835928423499435	-0.11523580543482242	0.09719493285083884	-0.09467649031806857	0.07048378655576949	-0.07821302010500925	0.12591448538826538	-0.11760737611624761	0.10390803125339483	-0.0993375637324691	0.09380188105788968	-0.13944121286942585	0.13856561562840017	-0.18652466571397108	0.08121674013751375	-0.10092641324009015	0.1396782697631774	-0.23998745990676362	0.2478057984388145	-0.09170989470964525	0.10418946310312953	-0.155806250391739	0.2510566653774043	-0.7350274491930013	0.11763196891334178	-0.1089206278623861	0.2314857578339845	-0.4892765856261413	0.9999999999999956
