1.0	-0.19216054561501392	0.14106509506561563	-0.11507755332773192	0.1426235781176895	-0.21988597585464176	0.1443850921396598	-0.15330831225886038	0.12116161955965182	-0.11077943864544268	0.1774412927005462	-0.1659752793420902	0.14612412054154816	-0.13067045941475355	0.1120769811266142	-0.12750201195579655	0.12055152756891015	-0.1321374413341627	0.12862840390105046	-0.10298887811252383	0.11772308374573975	-0.12338394428028249	0.11435461862841156	-0.12188478495099567	0.10212620180035581	-0.0759154524040946	0.09662685256816449	-0.11883673878490235	0.07984569252358419	-0.08294696467699993	0.08461381639589621	-0.09557310348991058	0.08539650076041057	-0.07947801724564378	0.11704872647422657
-0.19216054561501392	0.9999999999999998	-0.8266945403173824	0.19900129978910072	-0.19627168238549147	0.1509303310899893	-0.3210563006508672	0.2641933878635028	-0.1918474124009159	0.11657146184021297	-0.15680079770330038	0.1347873377285978	-0.1442623751110056	0.13893122435466057	-0.1159849446473094	0.08656273425144109	-0.09932018331724539	0.10968122093628445	-0.11448626365982657	0.08819321438728331	-0.08449538993141117	0.08722080878553973	-0.08459925494701848	0.08607451337122311	-0.077340309775148	0.04984552330141398	-0.06630446124677249	0.07978534103071619	-0.055446958860179	0.05783826681016269	-0.05614818464478752	0.061938901844845504	-0.0565459636143469	0.05136958861891484	-0.07608110216598898
0.14106509506561563	-0.8266945403173824	0.9999999999999996	-0.2648845458146985	0.17351376451144018	-0.13483878358493845	0.24076162238213408	-0.361952073909042	0.18228300169661002	-0.11156296295728858	0.12841936633065473	-0.12299722540192207	0.12976893572971007	-0.1356596207303645	0.10445397472978363	-0.07792738546204248	0.08797027452697902	-0.10119441507256069	0.10224152852577784	-0.0810378005210077	0.07407322066267157	-0.07870572188218712	0.07544424377519124	-0.07881184186334095	0.06938873869288527	-0.04442679500871162	0.05887968041131206	-0.07205754433889332	0.04985128772984835	-0.052318958268451884	0.04951331096440119	-0.05550724487269661	0.05015815283645029	-0.045872078569618883	0.06696642480128831
-0.11507755332773192	0.19900129978910072	-0.2648845458146985	0.9999999999999992	-0.554247420394842	0.10721887514377118	-0.14554895484230992	0.17017032565588425	-0.6597135325000498	0.22820692457636954	-0.10864375151185403	0.13619294923164818	-0.17489633948289532	0.2564854282359914	-0.20503444489943307	0.09366433893665396	-0.1034090535707401	0.13261253250379454	-0.16985485732373276	0.13468214767017114	-0.08798861994368865	0.09851549958295414	-0.09672179299145768	0.11497751832963769	-0.10434869491956031	0.055788191768863855	-0.07403319695854435	0.09427597388603287	-0.06930180945165398	0.07430559293380015	-0.06167439606921916	0.07117498068632211	-0.06432765803963221	0.059979186374626355	-0.08628486630294374
0.1426235781176895	-0.19627168238549147	0.17351376451144018	-0.554247420394842	0.9999999999999996	-0.13399233203974914	0.14283132723234612	-0.17142310389617427	0.29684983047590585	-0.5326334962871753	0.1294303385054377	-0.18767551268577212	0.2023597948136562	-0.32403359813088006	0.27578833988082135	-0.13258252492461767	0.13783867205522407	-0.18083265137066012	0.20847116825009085	-0.19911336163618154	0.1192260633469022	-0.1395249007786938	0.1333030697941727	-0.17510552173927746	0.1476098738872573	-0.07891554737713913	0.1033890865205366	-0.13627675517501542	0.10042283505616365	-0.10960441535582474	0.08550302394678609	-0.10220151006748303	0.09037856688497992	-0.08593353487464533	0.11968996955461511
-0.21988597585464176	0.1509303310899893	-0.13483878358493845	0.10721887514377118	-0.13399233203974914	0.9999999999999996	-0.3678070536061166	0.2291826522148619	-0.12572306498929012	0.09843213243377472	-0.7993443851995573	0.22799364799363223	-0.182462646763313	0.12857901633711571	-0.10539741977435634	0.13236593746955963	-0.15822144134377397	0.14388494751115288	-0.12349027145892365	0.0925016724218402	-0.13104533553331932	0.12226883493933904	-0.11598380352692748	0.10050248218704368	-0.08930148506230148	0.06829316479365079	-0.09166560856766418	0.1040333680786031	-0.06846419596921044	0.06975175233145203	-0.07763460712094832	0.08223257778644541	-0.07535505493477868	0.06658486165574483	-0.10017878319981378
0.1443850921396598	-0.3210563006508672	0.24076162238213408	-0.14554895484230992	0.14283132723234612	-0.3678070536061166	0.9999999999999997	-0.761583956317858	0.15825540799149138	-0.10718952819117823	0.2388744269598515	-0.22431419045149964	0.17667738629408095	-0.14462259073511446	0.10637277638371648	-0.10891564748538372	0.13419360671180192	-0.1402788920689314	0.11651588525281285	-0.09066751623047602	0.1026621244684095	-0.10759465200904868	0.10058779529109677	-0.09366713170573081	0.08145610211428775	-0.05795977660569008	0.07766186854711594	-0.0923460157886228	0.06101098104489951	-0.06311973897571065	0.06452008175081117	-0.07116838543734763	0.06411299666622478	-0.05755918903918657	0.08423251123368426
-0.15330831225886038	0.2641933878635028	-0.361952073909042	0.17017032565588425	-0.17142310389617427	0.2291826522148619	-0.761583956317858	0.9999999999999994	-0.21729554880600688	0.11996967460612921	-0.24411461140894433	0.19036141187038808	-0.2230390804426647	0.16359199363925891	-0.12226454516707491	0.11046925998370553	-0.13758037951720273	0.14735343169150472	-0.13135473994338923	0.09973108572404703	-0.10887618881800738	0.110829030644697	-0.1075840448913116	0.100139036909234	-0.08930270085788596	0.06131944628177141	-0.0825754346447746	0.09749375233104578	-0.0656784719371073	0.06786773445209421	-0.06915285218357309	0.07528931890266104	-0.06880619750940402	0.061584974538755395	-0.09137965184462854
0.12116161955965182	-0.1918474124009159	0.18228300169661002	-0.6597135325000498	0.29684983047590585	-0.12572306498929012	0.15825540799149138	-0.21729554880600688	0.9999999999999984	-0.26654781634689884	0.12269248826837621	-0.16936123446010065	0.21123356637334348	-0.4979501783725721	0.21812128528168212	-0.1127742557625492	0.12452458842827775	-0.1676637226066443	0.1947061621197667	-0.16315536589349822	0.103235621118578	-0.11900873808032414	0.11507091567753917	-0.13912421500181454	0.12091686243616051	-0.06593198439325051	0.0873565861488395	-0.11305862841537738	0.08190629112062911	-0.08849999682974596	0.07202311948565877	-0.08442977871605352	0.07540004193813321	-0.07062896133512854	0.09979301401785563
-0.11077943864544268	0.11657146184021297	-0.11156296295728858	0.22820692457636954	-0.5326334962871753	0.09843213243377472	-0.10718952819117823	0.11996967460612921	-0.26654781634689884	0.9999999999999978	-0.10171454897522413	0.14246422298455616	-0.1831991864805778	0.26135542106512943	-0.6778364543573981	0.1047820383434174	-0.11330305789148808	0.14836524325023387	-0.24121883179177003	0.2181835940767464	-0.09966535218670089	0.11309787713997346	-0.1140446487044376	0.15155053675516691	-0.15948221716692265	0.06556745671224172	-0.08733895840735958	0.1129728453808177	-0.09134882341020757	0.0988994689819461	-0.07299978547658886	0.08486714965472866	-0.07824000917592173	0.0739579356912015	-0.1080209326302868
0.1774412927005462	-0.15680079770330038	0.12841936633065473	-0.10864375151185403	0.1294303385054377	-0.7993443851995573	0.2388744269598515	-0.24411461140894433	0.12269248826837621	-0.10171454897522413	0.9999999999999979	-0.3510499665609943	0.1834794562077621	-0.13525003108702355	0.10584903583052455	-0.16243026425023901	0.17822022827688594	-0.16463304170457363	0.1258919127139819	-0.09708699999150695	0.1401609387306384	-0.13981090571697227	0.12422684446761793	-0.1082925085875413	0.0926401508150278	-0.07363662390680291	0.09782060337682712	-0.11360611356411918	0.07236466484472986	-0.07404060205144328	0.08127645864114244	-0.08884614706659986	0.07908397770896151	-0.070449745594083	0.1027983687423747
-0.1659752793420902	0.1347873377285978	-0.12299722540192207	0.13619294923164818	-0.18767551268577212	0.22799364799363223	-0.22431419045149964	0.19036141187038808	-0.16936123446010065	0.14246422298455616	-0.3510499665609943	0.9999999999999984	-0.41694963416913094	0.20507103026217663	-0.16442041458247808	0.23497273736411406	-0.5933168482065286	0.3003559834770938	-0.21208364651895156	0.1498990962183863	-0.24731443884205245	0.24380155177428778	-0.23182993898474435	0.16377447349201793	-0.1473481287797239	0.12103298157840194	-0.17327402039812487	0.18322136248783186	-0.11566061144329783	0.1155238582997229	-0.13810205435784553	0.1430522480180919	-0.13200472224611257	0.11268471123962502	-0.17007171446618738
0.14612412054154816	-0.1442623751110056	0.12976893572971007	-0.17489633948289532	0.2023597948136562	-0.182462646763313	0.17667738629408095	-0.2230390804426647	0.21123356637334348	-0.1831991864805778	0.1834794562077621	-0.41694963416913094	0.9999999999999982	-0.4469246811320911	0.2006740935791352	-0.20756305867982103	0.27736926734509565	-0.5729567157514175	0.24366131406682573	-0.1884577561848479	0.1834878032194497	-0.2270686310226372	0.21864743087680868	-0.18710719364053965	0.15630836066277262	-0.10965195831523016	0.1493610757045561	-0.19400789273420072	0.11849063545936073	-0.12301666337336839	0.11802854452167469	-0.1369739238835323	0.12081172740748422	-0.10843703738569911	0.1517546820314184
-0.13067045941475355	0.13893122435466057	-0.1356596207303645	0.2564854282359914	-0.32403359813088006	0.12857901633711571	-0.14462259073511446	0.16359199363925891	-0.4979501783725721	0.26135542106512943	-0.13525003108702355	0.20507103026217663	-0.4469246811320911	0.999999999999998	-0.4074185438266696	0.137590691768491	-0.16488662245726401	0.23309472149323185	-0.38008852663451903	0.23329901731121028	-0.13076980057365545	0.149301862683068	-0.152374698516696	0.17464880022959112	-0.16790430051474192	0.08213305942488609	-0.11076519724984529	0.14162316825961843	-0.10552029685374399	0.1133138614983855	-0.090962332502561	0.10474925968729772	-0.09563084010037688	0.08864838799535714	-0.1279807764618978
0.1120769811266142	-0.1159849446473094	0.10445397472978363	-0.20503444489943307	0.27578833988082135	-0.10539741977435634	0.10637277638371648	-0.12226454516707491	0.21812128528168212	-0.6778364543573981	0.10584903583052455	-0.16442041458247808	0.2006740935791352	-0.4074185438266696	0.9999999999999963	-0.11861071627533178	0.1271094530092297	-0.17550782927876973	0.264745680205733	-0.3832229089821861	0.10896227568293085	-0.12947388672443813	0.12864993021511778	-0.19223009481056305	0.18691564005344058	-0.0733182170977444	0.09741722911320518	-0.13067602818095586	0.1072445515538211	-0.12098623966299793	0.08011035779680302	-0.09603719155801729	0.08701331172038274	-0.08374655737384284	0.11792107889316919
-0.12750201195579655	0.08656273425144109	-0.07792738546204248	0.09366433893665396	-0.13258252492461767	0.13236593746955963	-0.10891564748538372	0.11046925998370553	-0.1127742557625492	0.1047820383434174	-0.16243026425023901	0.23497273736411406	-0.20756305867982103	0.137590691768491	-0.11861071627533178	0.9999999999999981	-0.35306957216145834	0.21611410717591636	-0.16199732273725034	0.11902112955672163	-0.79358683542357	0.2603419988947248	-0.22082077001527034	0.14813779708428276	-0.129915507776267	0.15529454211356888	-0.1882829018331415	0.18172903340198163	-0.10969007036681293	0.10796139253327577	-0.17110790848687943	0.15380573362730432	-0.13581494529308738	0.11410930910040687	-0.17123274327346338
0.12055152756891015	-0.09932018331724539	0.08797027452697902	-0.1034090535707401	0.13783867205522407	-0.15822144134377397	0.13419360671180192	-0.13758037951720273	0.12452458842827775	-0.11330305789148808	0.17822022827688594	-0.5933168482065286	0.27736926734509565	-0.16488662245726401	0.1271094530092297	-0.35306957216145834	0.9999999999999962	-0.49711779270917494	0.17888760638279808	-0.13109809614102547	0.25233724973300675	-0.37997126860470404	0.24124891417649488	-0.15175749974805908	0.12789090773985898	-0.12039184948633956	0.17310220971733126	-0.186548682269757	0.10571013736085215	-0.1050689279370175	0.12787000111859328	-0.1407710567508334	0.12179585920417216	-0.10361712888740492	0.14826671914686146
-0.1321374413341627	0.10968122093628445	-0.10119441507256069	0.13261253250379454	-0.18083265137066012	0.14388494751115288	-0.1402788920689314	0.14735343169150472	-0.1676637226066443	0.14836524325023387	-0.16463304170457363	0.3003559834770938	-0.5729567157514175	0.23309472149323185	-0.17550782927876973	0.21611410717591636	-0.49711779270917494	0.999999999999998	-0.30311293601117917	0.1811120615342907	-0.21860975643994407	0.25879452320527635	-0.35532283399685405	0.18488592362920236	-0.16388948886054125	0.1194171702605499	-0.17358051407755773	0.2118388685513832	-0.1264990261901553	0.12581796709805945	-0.1329213750981627	0.14608611998920537	-0.13567547713829978	0.11580304490936123	-0.16883422029866108
0.12862840390105046	-0.11448626365982657	0.10224152852577784	-0.16985485732373276	0.20847116825009085	-0.12349027145892365	0.11651588525281285	-0.13135473994338923	0.1947061621197667	-0.24121883179177003	0.1258919127139819	-0.21208364651895156	0.24366131406682573	-0.38008852663451903	0.264745680205733	-0.16199732273725034	0.17888760638279808	-0.30311293601117917	0.999999999999994	-0.6470108409480151	0.14679513029618182	-0.18313774439156147	0.18497685874292552	-0.31056714177684025	0.2697836438715682	-0.10092736335717666	0.13493085844686362	-0.18796215901288377	0.15920357695646414	-0.1854036144606472	0.10906465099001358	-0.13406482991450736	0.12113256262815209	-0.11867597517222404	0.16261077313862826
-0.10298887811252383	0.08819321438728331	-0.0810378005210077	0.13468214767017114	-0.19911336163618154	0.0925016724218402	-0.09066751623047602	0.09973108572404703	-0.16315536589349822	0.2181835940767464	-0.09708699999150695	0.1498990962183863	-0.1884577561848479	0.23329901731121028	-0.3832229089821861	0.11902112955672163	-0.13109809614102547	0.1811120615342907	-0.6470108409480151	0.9999999999999964	-0.11476883358828749	0.13699893223344609	-0.14750066380297897	0.2586369621664601	-0.4847431522815109	0.08009156155829239	-0.10876424882037583	0.14803124561612016	-0.15359333201532	0.17381545070442037	-0.08937582874047102	0.10716008117751484	-0.10236230649448616	0.1004589308549089	-0.1479074950538577
0.11772308374573975	-0.08449538993141117	0.07407322066267157	-0.08798861994368865	0.1192260633469022	-0.13104533553331932	0.1026621244684095	-0.10887618881800738	0.103235621118578	-0.09966535218670089	0.1401609387306384	-0.24731443884205245	0.1834878032194497	-0.13076980057365545	0.10896227568293085	-0.79358683542357	0.25233724973300675	-0.21860975643994407	0.14679513029618182	-0.11476883358828749	0.9999999999999979	-0.36447312848189534	0.2150543699033811	-0.15337477566081648	0.12327711758052642	-0.19374856876965502	0.19465919891885983	-0.19870173771306737	0.1086544831914302	-0.1082896988900633	0.16898798443233373	-0.16849145255492712	0.13286636679097183	-0.11495095937915534	0.1570071075827389
-0.12338394428028249	0.08722080878553973	-0.07870572188218712	0.09851549958295414	-0.1395249007786938	0.12226883493933904	-0.10759465200904868	0.110829030644697	-0.11900873808032414	0.11309787713997346	-0.13981090571697227	0.24380155177428778	-0.2270686310226372	0.149301862683068	-0.12947388672443813	0.2603419988947248	-0.37997126860470404	0.25879452320527635	-0.18313774439156147	0.13699893223344609	-0.36447312848189534	0.999999999999993	-0.5535366086464042	0.19334856496975508	-0.1628103280500025	0.197595137273264	-0.4160916633717999	0.28751180422520617	-0.15092230026764777	0.14144696662173842	-0.2117037190165968	0.2276362122480171	-0.1981780099760374	0.15456745155670829	-0.22445554186090977
0.11435461862841156	-0.08459925494701848	0.07544424377519124	-0.09672179299145768	0.1333030697941727	-0.11598380352692748	0.10058779529109677	-0.1075840448913116	0.11507091567753917	-0.1140446487044376	0.12422684446761793	-0.23182993898474435	0.21864743087680868	-0.152374698516696	0.12864993021511778	-0.22082077001527034	0.24124891417649488	-0.35532283399685405	0.18497685874292552	-0.14750066380297897	0.2150543699033811	-0.5535366086464042	0.9999999999999954	-0.27545012916987777	0.1809623010855165	-0.1642478437942404	0.25143265659661246	-0.5522273050514037	0.18253937707361748	-0.16862305028019306	0.1686466420420506	-0.21525705397846812	0.19651589893824134	-0.16234162393837942	0.21045751613314093
-0.12188478495099567	0.08607451337122311	-0.07881184186334095	0.11497751832963769	-0.17510552173927746	0.10050248218704368	-0.09366713170573081	0.100139036909234	-0.13912421500181454	0.15155053675516691	-0.1082925085875413	0.16377447349201793	-0.18710719364053965	0.17464880022959112	-0.19223009481056305	0.14813779708428276	-0.15175749974805908	0.18488592362920236	-0.31056714177684025	0.2586369621664601	-0.15337477566081648	0.19334856496975508	-0.27545012916987777	0.9999999999999951	-0.6172132517301098	0.11876541841318342	-0.16984505293977697	0.24037978013708142	-0.4469937652359136	0.29880843011543345	-0.13777005270932502	0.1631243200249758	-0.1725578664565599	0.16897703741285477	-0.2604985465919569
0.10212620180035581	-0.077340309775148	0.06938873869288527	-0.10434869491956031	0.1476098738872573	-0.08930148506230148	0.08145610211428775	-0.08930270085788596	0.12091686243616051	-0.15948221716692265	0.0926401508150278	-0.1473481287797239	0.15630836066277262	-0.16790430051474192	0.18691564005344058	-0.129915507776267	0.12789090773985898	-0.16388948886054125	0.2697836438715682	-0.4847431522815109	0.12327711758052642	-0.1628103280500025	0.1809623010855165	-0.6172132517301098	0.9999999999999952	-0.09783519472647245	0.13343749497868454	-0.20457952697071552	0.2692287606099495	-0.40701953041096034	0.10728131208360578	-0.1389549904026418	0.13380955962716984	-0.1432086862996715	0.19662813823677291
-0.0759154524040946	0.04984552330141398	-0.04442679500871162	0.055788191768863855	-0.07891554737713913	0.06829316479365079	-0.05795977660569008	0.06131944628177141	-0.06593198439325051	0.06556745671224172	-0.07363662390680291	0.12103298157840194	-0.10965195831523016	0.08213305942488609	-0.0733182170977444	0.15529454211356888	-0.12039184948633956	0.1194171702605499	-0.10092736335717666	0.08009156155829239	-0.19374856876965502	0.197595137273264	-0.1642478437942404	0.11876541841318342	-0.09783519472647245	0.9999999999999964	-0.4739872071970976	0.19541947124991677	-0.09987511036167664	0.0964611258833402	-0.7801805307581378	0.26938924988095914	-0.16919162986826702	0.12936145067359517	-0.16756788524616256
0.09662685256816449	-0.06630446124677249	0.05887968041131206	-0.07403319695854435	0.1033890865205366	-0.09166560856766418	0.07766186854711594	-0.0825754346447746	0.0873565861488395	-0.08733895840735958	0.09782060337682712	-0.17327402039812487	0.1493610757045561	-0.11076519724984529	0.09741722911320518	-0.1882829018331415	0.17310220971733126	-0.17358051407755773	0.13493085844686362	-0.10876424882037583	0.19465919891885983	-0.4160916633717999	0.25143265659661246	-0.16984505293977697	0.13343749497868454	-0.4739872071970976	0.9999999999999982	-0.3775706507102003	0.14415824397248558	-0.13892522945137997	0.30145969382545834	-0.5300818577244336	0.239697755775256	-0.1875224636567269	0.21530580316990394
-0.11883673878490235	0.07978534103071619	-0.07205754433889332	0.09427597388603287	-0.13627675517501542	0.1040333680786031	-0.0923460157886228	0.09749375233104578	-0.11305862841537738	0.1129728453808177	-0.11360611356411918	0.18322136248783186	-0.19400789273420072	0.14162316825961843	-0.13067602818095586	0.18172903340198163	-0.186548682269757	0.2118388685513832	-0.18796215901288377	0.14803124561612016	-0.19870173771306737	0.28751180422520617	-0.5522273050514037	0.24037978013708142	-0.20457952697071552	0.19541947124991677	-0.3775706507102003	0.9999999999999969	-0.30526726242136504	0.21788042869964036	-0.23029162812900003	0.26960574652223374	-0.378442215696243	0.23541721016201764	-0.3326359705836413
0.07984569252358419	-0.055446958860179	0.04985128772984835	-0.06930180945165398	0.10042283505616365	-0.06846419596921044	0.06101098104489951	-0.0656784719371073	0.08190629112062911	-0.09134882341020757	0.07236466484472986	-0.11566061144329783	0.11849063545936073	-0.10552029685374399	0.1072445515538211	-0.10969007036681293	0.10571013736085215	-0.1264990261901553	0.15920357695646414	-0.15359333201532	0.1086544831914302	-0.15092230026764777	0.18253937707361748	-0.4469937652359136	0.2692287606099495	-0.09987511036167664	0.14415824397248558	-0.30526726242136504	0.9999999999999963	-0.7460328703907857	0.11102381785426801	-0.15294812823467374	0.16705749650013177	-0.21019279653656472	0.24208503886964683
-0.08294696467699993	0.05783826681016269	-0.052318958268451884	0.07430559293380015	-0.10960441535582474	0.06975175233145203	-0.06311973897571065	0.06786773445209421	-0.08849999682974596	0.0988994689819461	-0.07404060205144328	0.1155238582997229	-0.12301666337336839	0.1133138614983855	-0.12098623966299793	0.10796139253327577	-0.1050689279370175	0.12581796709805945	-0.1854036144606472	0.17381545070442037	-0.1082896988900633	0.14144696662173842	-0.16862305028019306	0.29880843011543345	-0.40701953041096034	0.0964611258833402	-0.13892522945137997	0.21788042869964036	-0.7460328703907857	0.9999999999999952	-0.11067281272174032	0.1456297091194549	-0.1644375466620911	0.18797883317021452	-0.33376131492741146
0.08461381639589621	-0.05614818464478752	0.04951331096440119	-0.06167439606921916	0.08550302394678609	-0.07763460712094832	0.06452008175081117	-0.06915285218357309	0.07202311948565877	-0.07299978547658886	0.08127645864114244	-0.13810205435784553	0.11802854452167469	-0.090962332502561	0.08011035779680302	-0.17110790848687943	0.12787000111859328	-0.1329213750981627	0.10906465099001358	-0.08937582874047102	0.16898798443233373	-0.2117037190165968	0.1686466420420506	-0.13777005270932502	0.10728131208360578	-0.7801805307581378	0.30145969382545834	-0.23029162812900003	0.11102381785426801	-0.11067281272174032	0.9999999999999951	-0.41040864319194187	0.189706205545832	-0.15722805994256084	0.17502007674444148
-0.09557310348991058	0.061938901844845504	-0.05550724487269661	0.07117498068632211	-0.10220151006748303	0.08223257778644541	-0.07116838543734763	0.07528931890266104	-0.08442977871605352	0.08486714965472866	-0.08884614706659986	0.1430522480180919	-0.1369739238835323	0.10474925968729772	-0.09603719155801729	0.15380573362730432	-0.1407710567508334	0.14608611998920537	-0.13406482991450736	0.10716008117751484	-0.16849145255492712	0.2276362122480171	-0.21525705397846812	0.1631243200249758	-0.1389549904026418	0.26938924988095914	-0.5300818577244336	0.26960574652223374	-0.15294812823467374	0.1456297091194549	-0.41040864319194187	0.9999999999999947	-0.5170519206765402	0.2521460196136385	-0.3210762017127274
0.08539650076041057	-0.0565459636143469	0.05015815283645029	-0.06432765803963221	0.09037856688497992	-0.07535505493477868	0.06411299666622478	-0.06880619750940402	0.07540004193813321	-0.07824000917592173	0.07908397770896151	-0.13200472224611257	0.12081172740748422	-0.09563084010037688	0.08701331172038274	-0.13581494529308738	0.12179585920417216	-0.13567547713829978	0.12113256262815209	-0.10236230649448616	0.13286636679097183	-0.1981780099760374	0.19651589893824134	-0.1725578664565599	0.13380955962716984	-0.16919162986826702	0.239697755775256	-0.378442215696243	0.16705749650013177	-0.1644375466620911	0.189706205545832	-0.5170519206765402	0.9999999999999944	-0.6181067115114822	0.3044885086757352
-0.07947801724564378	0.05136958861891484	-0.045872078569618883	0.059979186374626355	-0.08593353487464533	0.06658486165574483	-0.05755918903918657	0.061584974538755395	-0.07062896133512854	0.0739579356912015	-0.070449745594083	0.11268471123962502	-0.10843703738569911	0.08864838799535714	-0.08374655737384284	0.11410930910040687	-0.10361712888740492	0.11580304490936123	-0.11867597517222404	0.1004589308549089	-0.11495095937915534	0.15456745155670829	-0.16234162393837942	0.16897703741285477	-0.1432086862996715	0.12936145067359517	-0.1875224636567269	0.23541721016201764	-0.21019279653656472	0.18797883317021452	-0.15722805994256084	0.2521460196136385	-0.6181067115114822	0.9999999999999942	-0.6436884739948956
0.11704872647422657	-0.07608110216598898	0.06696642480128831	-0.08628486630294374	0.11968996955461511	-0.10017878319981378	0.08423251123368426	-0.09137965184462854	0.09979301401785563	-0.1080209326302868	0.1027983687423747	-0.17007171446618738	0.1517546820314184	-0.1279807764618978	0.11792107889316919	-0.17123274327346338	0.14826671914686146	-0.16883422029866108	0.16261077313862826	-0.1479074950538577	0.1570071075827389	-0.22445554186090977	0.21045751613314093	-0.2604985465919569	0.19662813823677291	-0.16756788524616256	0.21530580316990394	-0.3326359705836413	0.24208503886964683	-0.33376131492741146	0.17502007674444148	-0.3210762017127274	0.3044885086757352	-0.6436884739948956	0.9999999999999943
