1.0	-0.8373973608526453	0.2473832226620275	-0.29844608244529613	0.09548038245662266	-0.13223350334163275	0.22158495207492943	-0.22309717031406923	0.1562109396213375	-0.09002221777670287	0.1195634218798599	-0.17137880542658593	0.16662644732378898	-0.17231475034570212	0.1024010213089331	-0.1116389584833973	0.09905951849892883	-0.10103219670248333	0.09710751692619472	-0.121291633331933	0.053787819913456596	-0.06057740191617492	0.08449428722963781	-0.0787667217810994	0.06433738660929099	-0.033210806054275566	0.03956045696797901	-0.0777945399057129	0.0857220925890913	-0.05949070534278214	0.02043992724918784	-0.01920332361106444	0.08263195314516435	-0.06150005393690969	0.09279333028047708
-0.8373973608526453	0.9999999999999998	-0.3277515472807101	0.2317436743841685	-0.08455919905490886	0.11372795200905339	-0.29351280060791435	0.2141485010737111	-0.14152859755840544	0.07688026536002145	-0.11937076480589928	0.1628340331059779	-0.17049411740642595	0.14228944988336917	-0.08648903297945468	0.09612877247250948	-0.09170611341296286	0.08822428073614974	-0.08530462208035744	0.0970556109286565	-0.04716374278272281	0.05238698062503217	-0.0744460842127479	0.06737200034778736	-0.05332613217563277	0.02865365008789117	-0.034376709346286845	0.06582346083580569	-0.0735963772320199	0.04868321030197353	-0.01759658019438904	0.016459164967762126	-0.06969860484900472	0.05154447682641901	-0.07756635700699438
0.2473832226620275	-0.3277515472807101	0.9999999999999999	-0.674971815006294	0.1464303186659084	-0.08985266259585059	0.25147345938998567	-0.4817057767526482	0.2477651357942001	-0.13874656514599273	0.09298543152782159	-0.19194195042666215	0.21581485120617053	-0.23658398841830836	0.1320302532565108	-0.11583444698447816	0.10657643559289628	-0.1196346174002763	0.11646596973807219	-0.15030924917240945	0.059073049360536034	-0.06640244854237057	0.09821189859529496	-0.09188946876453535	0.07382792454692773	-0.03638015059358526	0.043581130092130174	-0.08792458296487608	0.0971690475769515	-0.06830324816288129	0.02239354111395505	-0.021015793271400424	0.0905959318083461	-0.06806187829338958	0.10100203346758813
-0.29844608244529613	0.2317436743841685	-0.674971815006294	1.0	-0.2376768042566207	0.09426103661691791	-0.2596528961652329	0.2900245598096173	-0.39146489586583355	0.18294603834243198	-0.10425518270763626	0.18397907823130039	-0.24782350388756788	0.24864712301416486	-0.15763464576132888	0.11556581342774794	-0.1134451019437515	0.1301453816759271	-0.13615249283882921	0.15705749619936188	-0.06590840598222335	0.07241616490233488	-0.11297460261991267	0.1034003908277216	-0.08539449030187514	0.040470820133917146	-0.0492221031225577	0.09963748357297811	-0.11463314350592267	0.07638891496632841	-0.025410839788131384	0.023715982432397156	-0.10783194285207018	0.0795334362042171	-0.1211706617211804
0.09548038245662266	-0.08455919905490886	0.1464303186659084	-0.2376768042566207	1.0000000000000007	-0.039759963821638204	0.10883017803598322	-0.14575065676060503	0.2417550103423073	-0.8902302471007121	0.042519433864522595	-0.09424075144199993	0.11767314160929815	-0.2251265610756413	0.13692164764984904	-0.06220375002152942	0.05765302843920702	-0.07697768547234189	0.08096616209558806	-0.15233140436956522	0.03500833437344854	-0.03948252539634657	0.06289821145526991	-0.06306963345445207	0.05706157961118049	-0.021832542842804947	0.026273903172471837	-0.057590140108730765	0.0635730223328062	-0.053832406380331085	0.013553730064060436	-0.012751815255377011	0.05810150054594206	-0.045010779848596895	0.06607138893201608
-0.13223350334163275	0.11372795200905339	-0.08985266259585059	0.09426103661691791	-0.039759963821638204	1.000000000000001	-0.19926088465389752	0.12109331957655149	-0.07015472927325644	0.03676678996036305	-0.950448074633633	0.12604808655618369	-0.10670182338471941	0.07535117441276072	-0.04375449902425154	0.08701375713677657	-0.08123692108016847	0.052423449457039875	-0.0477430113723653	0.04970683678016111	-0.032494177124124925	0.03499999269679639	-0.0429340777390648	0.037412880248842595	-0.026374094919710923	0.01852904737217477	-0.021983099707058373	0.035710163380780945	-0.038961735433224697	0.024358168581481446	-0.010819272073353595	0.010063172698270834	-0.034877947856813044	0.026066821515638536	-0.03739957170556959
0.22158495207492943	-0.29351280060791435	0.25147345938998567	-0.2596528961652329	0.10883017803598322	-0.19926088465389752	1.000000000000001	-0.5725319973470266	0.20652298866506533	-0.10378107587493433	0.1671406499025806	-0.5370740581845682	0.30052966577109647	-0.22356024592805224	0.11857750325446519	-0.17231112945887178	0.1591027185586779	-0.13519132615209192	0.11991939638821206	-0.1359095975237997	0.06892510281775521	-0.07825579950788579	0.10489956592672248	-0.0936799565665698	0.0665367201962302	-0.04074235460194272	0.04811214350510221	-0.087574141259871	0.09471414731699684	-0.06192251660187689	0.02396276132889043	-0.022444796562965115	0.08398338495037193	-0.06346789826265846	0.09041489646233902
-0.22309717031406923	0.2141485010737111	-0.4817057767526482	0.2900245598096173	-0.14575065676060503	0.12109331957655149	-0.5725319973470266	1.0000000000000007	-0.35232856788937245	0.13219143543982936	-0.13123536531569918	0.27038002514321047	-0.37712059937424436	0.2417219570687367	-0.1333176306153837	0.1314960173815172	-0.13116960806151595	0.13491098005993335	-0.12861178649185148	0.13984110797474014	-0.06439180283995337	0.0715857166512868	-0.10919331807232055	0.09613604006640875	-0.06965152649930954	0.038430316109570664	-0.046228008204540476	0.08890374384619026	-0.09905648728039221	0.06380510262246368	-0.023199460541625853	0.021661750982028438	-0.08732096255361645	0.065530868590512	-0.09445421278848012
0.1562109396213375	-0.14152859755840544	0.2477651357942001	-0.39146489586583355	0.2417550103423073	-0.07015472927325644	0.20652298866506533	-0.35232856788937245	1.000000000000002	-0.33125923416997716	0.07460601472627548	-0.17646681144672668	0.22317448715777324	-0.6485050406243361	0.20969990553701373	-0.1048572604761225	0.09809703024119619	-0.1306895012310682	0.1381738825092017	-0.2252491093056408	0.0568695787967724	-0.06418230893395872	0.10351038588450541	-0.10435643725556594	0.0850134774518512	-0.035045599030948595	0.04215101908085935	-0.091338584215465	0.1006490063449641	-0.07958596085821734	0.02149915878878188	-0.020200940864567356	0.08919314481745044	-0.06901142382125369	0.09960652717486577
-0.09002221777670287	0.07688026536002145	-0.13874656514599273	0.18294603834243198	-0.8902302471007121	0.03676678996036305	-0.10378107587493433	0.13219143543982936	-0.33125923416997716	1.0000000000000024	-0.03976858586938812	0.08492318363897684	-0.11116267821328304	0.19576029428819022	-0.14027658684481906	0.05484094005923294	-0.05193752282802398	0.06812738971832809	-0.07333587760729693	0.12955264522392837	-0.0312884332867635	0.035040095366490775	-0.05646699636713692	0.055721673813992116	-0.050451125069835324	0.019409166649167038	-0.0234453804686862	0.05088253020034986	-0.056998365039833375	0.046562576373649016	-0.012073775606825068	0.011335527416678086	-0.05192690382289152	0.03991750791447017	-0.059030843109199586
0.1195634218798599	-0.11937076480589928	0.09298543152782159	-0.10425518270763626	0.042519433864522595	-0.950448074633633	0.1671406499025806	-0.13123536531569918	0.07460601472627548	-0.03976858586938812	1.0000000000000016	-0.14066035636351595	0.10878259164298501	-0.08287791457786403	0.04749116661952801	-0.10113406962535676	0.08532033808595446	-0.056437507154391706	0.050957073907289374	-0.05482324680741295	0.03485814082972326	-0.0378854660138946	0.04578325081467086	-0.04032643448667944	0.028644572145007034	-0.019978067750283015	0.023547573694662444	-0.03856569373530428	0.04179836215647497	-0.02655860099077309	0.011616713752632988	-0.010829924190877284	0.03756624677031481	-0.0281607990014942	0.04038714399386914
-0.17137880542658593	0.1628340331059779	-0.19194195042666215	0.18397907823130039	-0.09424075144199993	0.12604808655618369	-0.5370740581845682	0.27038002514321047	-0.17646681144672668	0.08492318363897684	-0.14066035636351595	1.0000000000000016	-0.6622416752822454	0.19206163831003323	-0.10760853113146814	0.20471556271496286	-0.2713293651999019	0.15874521879451123	-0.13488777721089285	0.11490309694595609	-0.08023356617972824	0.0897687478868158	-0.12269105157712677	0.09930937273045878	-0.061154341155421475	0.0453191275976661	-0.053878667080796326	0.09029879403382979	-0.09869931149301864	0.056244526172199535	-0.02607123202955352	0.024240396892364055	-0.08272159707242499	0.061935145230721016	-0.0854005305836872
0.16662644732378898	-0.17049411740642595	0.21581485120617053	-0.24782350388756788	0.11767314160929815	-0.10670182338471941	0.30052966577109647	-0.37712059937424436	0.22317448715777324	-0.11116267821328304	0.10878259164298501	-0.6622416752822454	1.000000000000001	-0.32774393629121906	0.14818807572162382	-0.2103108892770855	0.19209171817933943	-0.2562357623883705	0.17463084496441394	-0.16638451859580525	0.08829703528073655	-0.10196482093740922	0.1559224019060626	-0.13253230323640175	0.08031533481214097	-0.051953681934871536	0.061456267476293486	-0.11802613180022742	0.12463045602250336	-0.07501954954940337	0.03017834143230208	-0.0282934186245269	0.10383436103502966	-0.07912478394043854	0.10747683795082477
-0.17231475034570212	0.14228944988336917	-0.23658398841830836	0.24864712301416486	-0.2251265610756413	0.07535117441276072	-0.22356024592805224	0.2417219570687367	-0.6485050406243361	0.19576029428819022	-0.08287791457786403	0.19206163831003323	-0.32774393629121906	1.0000000000000013	-0.390680722175961	0.11368525494954486	-0.11181424112559539	0.158078620654059	-0.19688859019252006	0.2535168435023968	-0.06635047100982475	0.07399293472735095	-0.12832466066288	0.12802085425562065	-0.10264900299305757	0.04059369401658893	-0.049282011120849414	0.10831004264384633	-0.12375977371978278	0.0914614708763931	-0.025014116181240865	0.023432053141656695	-0.10627474464634293	0.08164072839936137	-0.11847157638755697
0.1024010213089331	-0.08648903297945468	0.1320302532565108	-0.15763464576132888	0.13692164764984904	-0.04375449902425154	0.11857750325446519	-0.1333176306153837	0.20969990553701373	-0.14027658684481906	0.04749116661952801	-0.10760853113146814	0.14818807572162382	-0.390680722175961	1.0000000000000007	-0.07651241304671481	0.07233694985009881	-0.12420263971341906	0.1472723205332817	-0.8233030791470823	0.04950909676945492	-0.05618644750960087	0.09988218274351189	-0.11087093095865612	0.14724883248108425	-0.03135768293395195	0.037949301798146075	-0.09377696641109412	0.1038271864847048	-0.1412390631141573	0.01961746819781955	-0.0185315945105112	0.09238038588975053	-0.07720520495093558	0.11238655310096757
-0.1116389584833973	0.09612877247250948	-0.11583444698447816	0.11556581342774794	-0.06220375002152942	0.08701375713677657	-0.17231112945887178	0.1314960173815172	-0.1048572604761225	0.05484094005923294	-0.10113406962535676	0.20471556271496286	-0.2103108892770855	0.11368525494954486	-0.07651241304671481	1.0000000000000013	-0.8705599325548466	0.15915777364468828	-0.13678404225296537	0.08336219463555412	-0.2140562120829702	0.1856571321610104	-0.14151955842216557	0.10567859362292527	-0.055770834884914	0.09598892876887058	-0.1123522007377091	0.10111010018446073	-0.10830780204180276	0.050962204689771445	-0.05029337812851388	0.04549352257601376	-0.08885765075284406	0.06510352693670551	-0.08631397191697454
0.09905951849892883	-0.09170611341296286	0.10657643559289628	-0.1134451019437515	0.05765302843920702	-0.08123692108016847	0.1591027185586779	-0.13116960806151595	0.09809703024119619	-0.05193752282802398	0.08532033808595446	-0.2713293651999019	0.19209171817933943	-0.11181424112559539	0.07233694985009881	-0.8705599325548466	0.9999999999999981	-0.18105714015974475	0.127763524842347	-0.08118566522477683	0.16719155412406642	-0.20819851705185888	0.13420685272224392	-0.10312249712444949	0.05198376059915911	-0.08609617435054029	0.09613560455128992	-0.09721398599863659	0.09962050771116861	-0.04805191956280226	0.04350195566023804	-0.04038655046325894	0.08132737939604595	-0.060584465069615706	0.07881482029441808
-0.10103219670248333	0.08822428073614974	-0.1196346174002763	0.1301453816759271	-0.07697768547234189	0.052423449457039875	-0.13519132615209192	0.13491098005993335	-0.1306895012310682	0.06812738971832809	-0.056437507154391706	0.15874521879451123	-0.2562357623883705	0.158078620654059	-0.12420263971341906	0.15915777364468828	-0.18105714015974475	0.9999999999999984	-0.5863332276776593	0.13736236663256413	-0.1397752593655568	0.1552844376074979	-0.5904669255746335	0.30417929670867244	-0.09757576568096443	0.07825014743207259	-0.0980833638735093	0.23072629893758526	-0.2550448916907787	0.08968507746313716	-0.0454487452868626	0.042155510615847394	-0.16811165296742026	0.12425530566153375	-0.1437353727921396
0.09710751692619472	-0.08530462208035744	0.11646596973807219	-0.13615249283882921	0.08096616209558806	-0.0477430113723653	0.11991939638821206	-0.12861178649185148	0.1381738825092017	-0.07333587760729693	0.050957073907289374	-0.13488777721089285	0.17463084496441394	-0.19688859019252006	0.1472723205332817	-0.13678404225296537	0.127763524842347	-0.5863332276776593	1.0000000000000004	-0.19193554412204336	0.10653989516482507	-0.12771807127363566	0.31084464155965746	-0.5977820576658589	0.11135947803995458	-0.06650005256039465	0.08039058445420982	-0.2474579630836492	0.2543862060090938	-0.10525132065222786	0.03884560189725333	-0.03691135363171258	0.161333080667395	-0.13383072028790682	0.14658491032073068
-0.121291633331933	0.0970556109286565	-0.15030924917240945	0.15705749619936188	-0.15233140436956522	0.04970683678016111	-0.1359095975237997	0.13984110797474014	-0.2252491093056408	0.12955264522392837	-0.05482324680741295	0.11490309694595609	-0.16638451859580525	0.2535168435023968	-0.8233030791470823	0.08336219463555412	-0.08118566522477683	0.13736236663256413	-0.19193554412204336	0.9999999999999989	-0.05692253324817677	0.06362572903294025	-0.11739532930469446	0.12664267028332807	-0.2192638119470628	0.035849645246000865	-0.0437630660693986	0.10765907194370443	-0.12533188626109598	0.15810195669957633	-0.022657379029689468	0.02133174602722724	-0.11134215406098069	0.09101563581923965	-0.13902387003273056
0.053787819913456596	-0.04716374278272281	0.059073049360536034	-0.06590840598222335	0.03500833437344854	-0.032494177124124925	0.06892510281775521	-0.06439180283995337	0.0568695787967724	-0.0312884332867635	0.03485814082972326	-0.08023356617972824	0.08829703528073655	-0.06635047100982475	0.04950909676945492	-0.2140562120829702	0.16719155412406642	-0.1397752593655568	0.10653989516482507	-0.05692253324817677	0.9999999999999984	-0.7870736804771716	0.16004710580440681	-0.1150548271302828	0.04594455420461928	-0.4246447001248986	0.27559244867987864	-0.12225092121741898	0.10625036729766406	-0.04313674267364895	0.11735164016508096	-0.11309687899265229	0.08607915667054009	-0.06416574426998362	0.07514435500238738
-0.06057740191617492	0.05238698062503217	-0.06640244854237057	0.07241616490233488	-0.03948252539634657	0.03499999269679639	-0.07825579950788579	0.0715857166512868	-0.06418230893395872	0.035040095366490775	-0.0378854660138946	0.0897687478868158	-0.10196482093740922	0.07399293472735095	-0.05618644750960087	0.1856571321610104	-0.20819851705185888	0.1552844376074979	-0.12771807127363566	0.06362572903294025	-0.7870736804771716	1.0	-0.23558466039303946	0.13073798923121935	-0.052740987474663215	0.26839367915478624	-0.3703724944181151	0.13742531493858834	-0.12805886904547134	0.04899852359309488	-0.13121607122679851	0.11519507382465011	-0.10128366430854113	0.07334416027257099	-0.08709016067215672
0.08449428722963781	-0.0744460842127479	0.09821189859529496	-0.11297460261991267	0.06289821145526991	-0.0429340777390648	0.10489956592672248	-0.10919331807232055	0.10351038588450541	-0.05646699636713692	0.04578325081467086	-0.12269105157712677	0.1559224019060626	-0.12832466066288	0.09988218274351189	-0.14151955842216557	0.13420685272224392	-0.5904669255746335	0.31084464155965746	-0.11739532930469446	0.16004710580440681	-0.23558466039303946	0.9999999999999989	-0.49116303183981214	0.09839991823374913	-0.09366066051868767	0.11390991591493707	-0.4141856940597312	0.2807354389633594	-0.09414225656105285	0.05127143770566794	-0.04856649031750504	0.18931825650396567	-0.1464352528256418	0.1491708279827929
-0.0787667217810994	0.06737200034778736	-0.09188946876453535	0.1034003908277216	-0.06306963345445207	0.037412880248842595	-0.0936799565665698	0.09613604006640875	-0.10435643725556594	0.055721673813992116	-0.04032643448667944	0.09930937273045878	-0.13253230323640175	0.12802085425562065	-0.11087093095865612	0.10567859362292527	-0.10312249712444949	0.30417929670867244	-0.5977820576658589	0.12664267028332807	-0.1150548271302828	0.13073798923121935	-0.49116303183981214	1.0000000000000016	-0.12382548780754123	0.06874862263241556	-0.08604093551234053	0.27125841746576446	-0.48433436373914684	0.10920552908028346	-0.04045899019425012	0.03808187815760688	-0.18142501572671962	0.14860261745797873	-0.15679552919989026
0.06433738660929099	-0.05332613217563277	0.07382792454692773	-0.08539449030187514	0.05706157961118049	-0.026374094919710923	0.0665367201962302	-0.06965152649930954	0.0850134774518512	-0.050451125069835324	0.028644572145007034	-0.061154341155421475	0.08031533481214097	-0.10264900299305757	0.14724883248108425	-0.055770834884914	0.05198376059915911	-0.09757576568096443	0.11135947803995458	-0.2192638119470628	0.04594455420461928	-0.052740987474663215	0.09839991823374913	-0.12382548780754123	1.0000000000000016	-0.03118421124335414	0.037791085958388676	-0.11768692398823595	0.13225869730369968	-0.8836210500140249	0.02058749840123913	-0.019782948305764905	0.1290886657019117	-0.14477370399458894	0.21609036576034624
-0.033210806054275566	0.02865365008789117	-0.03638015059358526	0.040470820133917146	-0.021832542842804947	0.01852904737217477	-0.04074235460194272	0.038430316109570664	-0.035045599030948595	0.019409166649167038	-0.019978067750283015	0.0453191275976661	-0.051953681934871536	0.04059369401658893	-0.03135768293395195	0.09598892876887058	-0.08609617435054029	0.07825014743207259	-0.06650005256039465	0.035849645246000865	-0.4246447001248986	0.26839367915478624	-0.09366066051868767	0.06874862263241556	-0.03118421124335414	1.0000000000000016	-0.7972374399330999	0.09175654200642802	-0.07863963141797217	0.029248550483812537	-0.26091635784334477	0.20458386529899247	-0.06728322705785492	0.047172093132229025	-0.05419456256190409
0.03956045696797901	-0.034376709346286845	0.043581130092130174	-0.0492221031225577	0.026273903172471837	-0.021983099707058373	0.04811214350510221	-0.046228008204540476	0.04215101908085935	-0.0234453804686862	0.023547573694662444	-0.053878667080796326	0.061456267476293486	-0.049282011120849414	0.037949301798146075	-0.1123522007377091	0.09613560455128992	-0.0980833638735093	0.08039058445420982	-0.0437630660693986	0.27559244867987864	-0.3703724944181151	0.11390991591493707	-0.08604093551234053	0.037791085958388676	-0.7972374399330999	0.9999999999999999	-0.12264760644168268	0.09470915173510837	-0.03567682197682287	0.21853709791401327	-0.28312541425774507	0.08104560462984886	-0.05792543212636124	0.06516698310401739
-0.0777945399057129	0.06582346083580569	-0.08792458296487608	0.09963748357297811	-0.057590140108730765	0.035710163380780945	-0.087574141259871	0.08890374384619026	-0.091338584215465	0.05088253020034986	-0.03856569373530428	0.09029879403382979	-0.11802613180022742	0.10831004264384633	-0.09377696641109412	0.10111010018446073	-0.09721398599863659	0.23072629893758526	-0.2474579630836492	0.10765907194370443	-0.12225092121741898	0.13742531493858834	-0.4141856940597312	0.27125841746576446	-0.11768692398823595	0.09175654200642802	-0.12264760644168268	0.9999999999999984	-0.620967833464934	0.11376083394086339	-0.05475894661904704	0.053480655055202865	-0.469952137202709	0.24416644271900356	-0.23038102205275093
0.0857220925890913	-0.0735963772320199	0.0971690475769515	-0.11463314350592267	0.0635730223328062	-0.038961735433224697	0.09471414731699684	-0.09905648728039221	0.1006490063449641	-0.056998365039833375	0.04179836215647497	-0.09869931149301864	0.12463045602250336	-0.12375977371978278	0.1038271864847048	-0.10830780204180276	0.09962050771116861	-0.2550448916907787	0.2543862060090938	-0.12533188626109598	0.10625036729766406	-0.12805886904547134	0.2807354389633594	-0.48433436373914684	0.13225869730369968	-0.07863963141797217	0.09470915173510837	-0.620967833464934	0.9999999999999991	-0.13993450669396626	0.04652516143308549	-0.04573630700271117	0.2762111343067033	-0.30011789112337656	0.22231808869273945
-0.05949070534278214	0.04868321030197353	-0.06830324816288129	0.07638891496632841	-0.053832406380331085	0.024358168581481446	-0.06192251660187689	0.06380510262246368	-0.07958596085821734	0.046562576373649016	-0.02655860099077309	0.056244526172199535	-0.07501954954940337	0.0914614708763931	-0.1412390631141573	0.050962204689771445	-0.04805191956280226	0.08968507746313716	-0.10525132065222786	0.15810195669957633	-0.04313674267364895	0.04899852359309488	-0.09414225656105285	0.10920552908028346	-0.8836210500140249	0.029248550483812537	-0.03567682197682287	0.11376083394086339	-0.13993450669396626	0.9999999999999989	-0.019561302299343133	0.01877645055760503	-0.13808101088897143	0.14727742195303148	-0.30664385494631835
0.02043992724918784	-0.01759658019438904	0.02239354111395505	-0.025410839788131384	0.013553730064060436	-0.010819272073353595	0.02396276132889043	-0.023199460541625853	0.02149915878878188	-0.012073775606825068	0.011616713752632988	-0.02607123202955352	0.03017834143230208	-0.025014116181240865	0.01961746819781955	-0.05029337812851388	0.04350195566023804	-0.0454487452868626	0.03884560189725333	-0.022657379029689468	0.11735164016508096	-0.13121607122679851	0.05127143770566794	-0.04045899019425012	0.02058749840123913	-0.26091635784334477	0.21853709791401327	-0.05475894661904704	0.04652516143308549	-0.019561302299343133	0.9999999999999988	-0.9291163124608939	0.0514225423004189	-0.03562486596000275	0.03782195574756994
-0.01920332361106444	0.016459164967762126	-0.021015793271400424	0.023715982432397156	-0.012751815255377011	0.010063172698270834	-0.022444796562965115	0.021661750982028438	-0.020200940864567356	0.011335527416678086	-0.010829924190877284	0.024240396892364055	-0.0282934186245269	0.023432053141656695	-0.0185315945105112	0.04549352257601376	-0.04038655046325894	0.042155510615847394	-0.03691135363171258	0.02133174602722724	-0.11309687899265229	0.11519507382465011	-0.04856649031750504	0.03808187815760688	-0.019782948305764905	0.20458386529899247	-0.28312541425774507	0.053480655055202865	-0.04573630700271117	0.01877645055760503	-0.9291163124608939	0.9999999999999984	-0.05296544240945945	0.03501636200730731	-0.03700549913026381
0.08263195314516435	-0.06969860484900472	0.0905959318083461	-0.10783194285207018	0.05810150054594206	-0.034877947856813044	0.08398338495037193	-0.08732096255361645	0.08919314481745044	-0.05192690382289152	0.03756624677031481	-0.08272159707242499	0.10383436103502966	-0.10627474464634293	0.09238038588975053	-0.08885765075284406	0.08132737939604595	-0.16811165296742026	0.161333080667395	-0.11134215406098069	0.08607915667054009	-0.10128366430854113	0.18931825650396567	-0.18142501572671962	0.1290886657019117	-0.06728322705785492	0.08104560462984886	-0.469952137202709	0.2762111343067033	-0.13808101088897143	0.0514225423004189	-0.05296544240945945	0.9999999999999991	-0.6288615544668599	0.2996970741969361
-0.06150005393690969	0.05154447682641901	-0.06806187829338958	0.0795334362042171	-0.045010779848596895	0.026066821515638536	-0.06346789826265846	0.065530868590512	-0.06901142382125369	0.03991750791447017	-0.0281607990014942	0.061935145230721016	-0.07912478394043854	0.08164072839936137	-0.07720520495093558	0.06510352693670551	-0.060584465069615706	0.12425530566153375	-0.13383072028790682	0.09101563581923965	-0.06416574426998362	0.07334416027257099	-0.1464352528256418	0.14860261745797873	-0.14477370399458894	0.047172093132229025	-0.05792543212636124	0.24416644271900356	-0.30011789112337656	0.14727742195303148	-0.03562486596000275	0.03501636200730731	-0.6288615544668599	0.9999999999999996	-0.6119389875353243
0.09279333028047708	-0.07756635700699438	0.10100203346758813	-0.1211706617211804	0.06607138893201608	-0.03739957170556959	0.09041489646233902	-0.09445421278848012	0.09960652717486577	-0.059030843109199586	0.04038714399386914	-0.0854005305836872	0.10747683795082477	-0.11847157638755697	0.11238655310096757	-0.08631397191697454	0.07881482029441808	-0.1437353727921396	0.14658491032073068	-0.13902387003273056	0.07514435500238738	-0.08709016067215672	0.1491708279827929	-0.15679552919989026	0.21609036576034624	-0.05419456256190409	0.06516698310401739	-0.23038102205275093	0.22231808869273945	-0.30664385494631835	0.03782195574756994	-0.03700549913026381	0.2996970741969361	-0.6119389875353243	0.9999999999999996
