1.0	-0.8190218496915846	0.13002379321120483	-0.09529424617305413	0.08049279802723391	-0.4518349725402721	0.22349400339233924	-0.13081944692907263	0.11231158449723688	-0.06997164165263525	0.23424022576548056	-0.17358637034430346	0.11322517354061722	-0.09565325949928902	0.0863006111653282	-0.10270351419644301	0.07947041886379225	-0.10653251286445177	0.07101731949398024	-0.0804331703290696	0.05336147714232615	-0.06496183804063439	0.057845269507701115	-0.05433256368124331	0.034651893051173006	-0.05425061484558408	0.055015985660071653	-0.041616842504849344	0.050150880575294474	-0.04058858339897298
-0.8190218496915846	0.9999999999999998	-0.1908165846127659	0.1215848870856901	-0.10641744523895022	0.2885167744343028	-0.29115178819151905	0.15690883391352578	-0.14919960071860563	0.08792699310706102	-0.31100289815573645	0.19290353542845529	-0.13941047025204184	0.1160390176876537	-0.11063281954059973	0.11762146316706351	-0.09557357371410796	0.123175174092425	-0.08715410257163654	0.09633990317986323	-0.06407969029315605	0.0771954005511201	-0.07086316111603992	0.06551695657645043	-0.0419171441969876	0.06409466976297849	-0.0675205947892608	0.05062939862908639	-0.062269468253984606	0.048578192615695834
0.13002379321120483	-0.1908165846127659	0.9999999999999999	-0.6998281670282696	0.23634698367775847	-0.14800439982047867	0.18099227120760958	-0.4566460353371079	0.31430750098867727	-0.22793759223174387	0.1545038997277431	-0.1738776220349661	0.1916663233553743	-0.2077317698875317	0.18327177156610377	-0.16187782512029705	0.12373647153658449	-0.19070104467650228	0.1378459385775097	-0.17199232890930843	0.08614439200212247	-0.11003056799437544	0.10239597588838921	-0.10120737762406297	0.06573121544719931	-0.09074401629055584	0.0896728534660199	-0.07129247011443006	0.0837425442721735	-0.07769412552927049
-0.09529424617305413	0.1215848870856901	-0.6998281670282696	0.9999999999999996	-0.37202833616917125	0.1063301177080262	-0.1401196552561119	0.2843455571587101	-0.4809933075441316	0.21951133935669248	-0.11967124620598525	0.12922451548617878	-0.15604010321948084	0.18059280715880166	-0.17984719404915164	0.11935262733902374	-0.09494163982784097	0.14282477067889057	-0.11655806972067101	0.13948992589179368	-0.06596076833406872	0.08403835314802868	-0.0825103438606427	0.08066194805485007	-0.05254505779510396	0.06858168306422865	-0.07016745126745495	0.055727818185542094	-0.06675283016688023	0.060992069031673854
0.08049279802723391	-0.10641744523895022	0.23634698367775847	-0.37202833616917125	0.999999999999999	-0.09885935460021365	0.12248386353681116	-0.19615174481518224	0.21560538490309122	-0.7551811079219061	0.11740291150436792	-0.13024022976913774	0.1666534631049858	-0.24836604288686648	0.2746950743150741	-0.15213733072992008	0.1159646981634706	-0.178642794850743	0.15708208204280444	-0.22189571983492173	0.084205299501552	-0.10952592724664661	0.10822176412353297	-0.10993222070295089	0.07388990567329326	-0.08939436572338667	0.08964968372548508	-0.07334925937718148	0.08626146710369967	-0.0868334913867429
-0.4518349725402721	0.2885167744343028	-0.14800439982047867	0.1063301177080262	-0.09885935460021365	0.9999999999999996	-0.5417426226570292	0.17413543736159334	-0.15339029824053574	0.08390894777608207	-0.5736259815639208	0.28602461826990333	-0.16481879095935237	0.12562689343259245	-0.1118472005296201	0.1376975816169476	-0.11006585900332706	0.14169354115731608	-0.09234404860220954	0.100656416161954	-0.06991326254867113	0.08324256852704909	-0.07445521726777175	0.0691447704796689	-0.04370286512843897	0.06891721677249547	-0.07074400022823325	0.052593985556574206	-0.06388489779156178	0.05074490915838162
0.22349400339233924	-0.29115178819151905	0.18099227120760958	-0.1401196552561119	0.12248386353681116	-0.5417426226570292	0.9999999999999994	-0.32613339602924074	0.2018438187311815	-0.10888511177765009	0.32307722729754074	-0.5756558134038708	0.22855613770980213	-0.17593296263918706	0.14206319640849932	-0.17456792536445964	0.13867019207574618	-0.20076905412859428	0.12129047094500991	-0.13469288803922835	0.08706773819991577	-0.10731721033859465	0.09518956970875321	-0.09055374207014506	0.056901016526523004	-0.08821806166749077	0.08789026918765443	-0.0665914552063393	0.07937613489425045	-0.06656421439708567
-0.13081944692907263	0.15690883391352578	-0.4566460353371079	0.2843455571587101	-0.19615174481518224	0.17413543736159334	-0.32613339602924074	0.9999999999999996	-0.6592152889950802	0.16435230120959743	-0.19089899351857678	0.21816801970832153	-0.3117214106511473	0.22677677668806992	-0.19396125120434426	0.1560301746590299	-0.13338624980445368	0.2000908882731253	-0.14655303748738457	0.1575154244447247	-0.0855332569874258	0.10700985939754239	-0.10491060387176196	0.09981162702251174	-0.06347982577027834	0.08658928675368038	-0.09025641903107545	0.06985441647976198	-0.08481873856795488	0.07289710493975846
0.11231158449723688	-0.14919960071860563	0.31430750098867727	-0.4809933075441316	0.21560538490309122	-0.15339029824053574	0.2018438187311815	-0.6592152889950802	0.9999999999999999	-0.21047780050788922	0.16105092455993508	-0.19561134859192514	0.2303604240778733	-0.30424921901528595	0.2056018461158753	-0.1667966670465273	0.13198350806124676	-0.20847153581832953	0.1575391944148287	-0.18163291850028143	0.08913794964050838	-0.11377279725572374	0.10963567992418005	-0.10876638931433692	0.06917420436926985	-0.09246873385601805	0.0931933656772944	-0.0737765395796097	0.08763271287477094	-0.08055565226192969
-0.06997164165263525	0.08792699310706102	-0.22793759223174387	0.21951133935669248	-0.7551811079219061	0.08390894777608207	-0.10888511177765009	0.16435230120959743	-0.21047780050788922	0.999999999999999	-0.10396012961069953	0.11130115790121321	-0.15453202548088393	0.22238300848951872	-0.4783425839563078	0.12055569305061012	-0.09734772773688903	0.14558593085459434	-0.1467257220090675	0.18787437036131632	-0.0699389548874295	0.09018095386704526	-0.0956498410137362	0.09423807192206475	-0.06348706707023372	0.07261330522699683	-0.07656062038010573	0.06199066884491035	-0.07533786624849614	0.07191305787461987
0.23424022576548056	-0.31100289815573645	0.1545038997277431	-0.11967124620598525	0.11740291150436792	-0.5736259815639208	0.32307722729754074	-0.19089899351857678	0.16105092455993508	-0.10396012961069953	0.9999999999999986	-0.564342739712415	0.22420732327418486	-0.17233092528741684	0.1419833880977469	-0.2391650539248465	0.16494252919484081	-0.21905707823346496	0.12606454726240252	-0.14019734167551426	0.10385809037129388	-0.12325169505247673	0.10371380717444238	-0.09759549278696197	0.061033062202162265	-0.1033034789731706	0.10024408927566038	-0.07428310558319784	0.0880902307426322	-0.07172608774695631
-0.17358637034430346	0.19290353542845529	-0.1738776220349661	0.12922451548617878	-0.13024022976913774	0.28602461826990333	-0.5756558134038708	0.21816801970832153	-0.19561134859192514	0.11130115790121321	-0.564342739712415	0.9999999999999984	-0.39437107846386976	0.19371765183739514	-0.16331424848252146	0.1860917423443735	-0.17316726209293998	0.22124082862031444	-0.13641927685937333	0.14074963360462453	-0.09510838912407857	0.11459915525290922	-0.1048292499294177	0.0968621039316198	-0.06057249359519397	0.09255238302561199	-0.0963120733833343	0.07123130893208933	-0.08681023574357816	0.06955178605743165
0.11322517354061722	-0.13941047025204184	0.1916663233553743	-0.15604010321948084	0.1666534631049858	-0.16481879095935237	0.22855613770980213	-0.3117214106511473	0.2303604240778733	-0.15453202548088393	0.22420732327418486	-0.39437107846386976	0.9999999999999988	-0.4690571778534393	0.24001542528739556	-0.26022277587702064	0.2306671849264904	-0.5500600046700587	0.21815127753027225	-0.22103244264745892	0.12620062889738753	-0.15997712600166658	0.15002358493403165	-0.14591979224449098	0.08788619052190638	-0.12507947577823955	0.12669404136289483	-0.09626752681119471	0.11506880464376998	-0.10086577292993629
-0.09565325949928902	0.1160390176876537	-0.2077317698875317	0.18059280715880166	-0.24836604288686648	0.12562689343259245	-0.17593296263918706	0.22677677668806992	-0.30424921901528595	0.22238300848951872	-0.17233092528741684	0.19371765183739514	-0.4690571778534393	0.9999999999999978	-0.5572477185232397	0.1837696220414286	-0.1680016163538486	0.25893276492112444	-0.39327722202096344	0.2847327601358043	-0.11034160152173039	0.14166006765627556	-0.1717436869293249	0.16906442708527253	-0.1039799234866157	0.10969894353504311	-0.12224683195054492	0.09801445790286945	-0.12282576103538147	0.11197652678182715
0.0863006111653282	-0.11063281954059973	0.18327177156610377	-0.17984719404915164	0.2746950743150741	-0.1118472005296201	0.14206319640849932	-0.19396125120434426	0.2056018461158753	-0.4783425839563078	0.1419833880977469	-0.16331424848252146	0.24001542528739556	-0.5572477185232397	0.9999999999999986	-0.19249805824475238	0.1524954479172347	-0.24552375434479048	0.2628446144415253	-0.4243256894700778	0.10898064155048792	-0.14315114149340571	0.15524090193540163	-0.16202247159579355	0.10955082008900943	-0.11345634320169329	0.11806997872949618	-0.09742517210636213	0.11680168711808181	-0.12431975397001982
-0.10270351419644301	0.11762146316706351	-0.16187782512029705	0.11935262733902374	-0.15213733072992008	0.1376975816169476	-0.17456792536445964	0.1560301746590299	-0.1667966670465273	0.12055569305061012	-0.2391650539248465	0.1860917423443735	-0.26022277587702064	0.1837696220414286	-0.19249805824475238	0.9999999999999988	-0.6931198045856832	0.2893306481197197	-0.17793507303870312	0.1696744788697617	-0.3415834832201877	0.2521652836499863	-0.18249101482157137	0.14764113217945393	-0.08948710010894242	0.2147930814389989	-0.22583525528277726	0.13462417643759117	-0.17024112291286536	0.10131430488842691
0.07947041886379225	-0.09557357371410796	0.12373647153658449	-0.09494163982784097	0.1159646981634706	-0.11006585900332706	0.13867019207574618	-0.13338624980445368	0.13198350806124676	-0.09734772773688903	0.16494252919484081	-0.17316726209293998	0.2306671849264904	-0.1680016163538486	0.1524954479172347	-0.6931198045856832	0.9999999999999988	-0.5231477746356558	0.15936891592011243	-0.15656051363133053	0.20599021487233252	-0.2859132641327111	0.15869225824515687	-0.13522264305336326	0.07830667939576284	-0.17920606016360474	0.17541150791073076	-0.11087553960222221	0.1312426330026932	-0.09041312901735148
-0.10653251286445177	0.123175174092425	-0.19070104467650228	0.14282477067889057	-0.178642794850743	0.14169354115731608	-0.20076905412859428	0.2000908882731253	-0.20847153581832953	0.14558593085459434	-0.21905707823346496	0.22124082862031444	-0.5500600046700587	0.25893276492112444	-0.24552375434479048	0.2893306481197197	-0.5231477746356558	0.9999999999999999	-0.2805552416389943	0.21824693580410479	-0.1605884959207893	0.19377852499941825	-0.20030883918601367	0.1670788222517956	-0.09902931862515606	0.14344992899336884	-0.16259219068722014	0.11541206447609062	-0.14419081652077165	0.10932963757894615
0.07101731949398024	-0.08715410257163654	0.1378459385775097	-0.11655806972067101	0.15708208204280444	-0.09234404860220954	0.12129047094500991	-0.14655303748738457	0.1575391944148287	-0.1467257220090675	0.12606454726240252	-0.13641927685937333	0.21815127753027225	-0.39327722202096344	0.2628446144415253	-0.17793507303870312	0.15936891592011243	-0.2805552416389943	0.999999999999999	-0.6827904786924889	0.11862097723724643	-0.16683637327858017	0.24235360025280892	-0.3840355209966038	0.16867228590139444	-0.11908201277736491	0.1385840987229689	-0.1229838833077748	0.1516440348732116	-0.17782929266470876
-0.0804331703290696	0.09633990317986323	-0.17199232890930843	0.13948992589179368	-0.22189571983492173	0.100656416161954	-0.13469288803922835	0.1575154244447247	-0.18163291850028143	0.18787437036131632	-0.14019734167551426	0.14074963360462453	-0.22103244264745892	0.2847327601358043	-0.4243256894700778	0.1696744788697617	-0.15656051363133053	0.21824693580410479	-0.6827904786924889	0.999999999999999	-0.12578937758307343	0.16613158993333604	-0.2626323548330438	0.24778699579909635	-0.20722702121008618	0.12379029547541504	-0.15556403350115197	0.13047728587448906	-0.1750118269168047	0.17831209475279639
0.05336147714232615	-0.06407969029315605	0.08614439200212247	-0.06596076833406872	0.084205299501552	-0.06991326254867113	0.08706773819991577	-0.0855332569874258	0.08913794964050838	-0.0699389548874295	0.10385809037129388	-0.09510838912407857	0.12620062889738753	-0.11034160152173039	0.10898064155048792	-0.3415834832201877	0.20599021487233252	-0.1605884959207893	0.11862097723724643	-0.12578937758307343	0.9999999999999971	-0.49955641646682464	0.17859522540390665	-0.146299224314089	0.08134833205642462	-0.6978691151985346	0.2938180429564433	-0.15933216498516156	0.17222447866135263	-0.09765928568144341
-0.06496183804063439	0.0771954005511201	-0.11003056799437544	0.08403835314802868	-0.10952592724664661	0.08324256852704909	-0.10731721033859465	0.10700985939754239	-0.11377279725572374	0.09018095386704526	-0.12325169505247673	0.11459915525290922	-0.15997712600166658	0.14166006765627556	-0.14315114149340571	0.2521652836499863	-0.2859132641327111	0.19377852499941825	-0.16683637327858017	0.16613158993333604	-0.49955641646682464	0.9999999999999972	-0.38510098195153314	0.21816062816092072	-0.12024377882236993	0.3069529939158346	-0.5358237983622708	0.22760480120394175	-0.2731628612055235	0.13590559973340957
0.057845269507701115	-0.07086316111603992	0.10239597588838921	-0.0825103438606427	0.10822176412353297	-0.07445521726777175	0.09518956970875321	-0.10491060387176196	0.10963567992418005	-0.0956498410137362	0.10371380717444238	-0.1048292499294177	0.15002358493403165	-0.1717436869293249	0.15524090193540163	-0.18249101482157137	0.15869225824515687	-0.20030883918601367	0.24235360025280892	-0.2626323548330438	0.17859522540390665	-0.38510098195153314	0.9999999999999973	-0.7002448472557186	0.2168694047042208	-0.18053479680210016	0.22073073895657805	-0.2457058568505655	0.23155585297718656	-0.26908283651958576
-0.05433256368124331	0.06551695657645043	-0.10120737762406297	0.08066194805485007	-0.10993222070295089	0.0691447704796689	-0.09055374207014506	0.09981162702251174	-0.10876638931433692	0.09423807192206475	-0.09759549278696197	0.0968621039316198	-0.14591979224449098	0.16906442708527253	-0.16202247159579355	0.14764113217945393	-0.13522264305336326	0.1670788222517956	-0.3840355209966038	0.24778699579909635	-0.146299224314089	0.21816062816092072	-0.7002448472557186	0.999999999999997	-0.339366385688302	0.14004853203494866	-0.19280138927823087	0.18665720319355797	-0.261801102612616	0.2474279456708211
0.034651893051173006	-0.0419171441969876	0.06573121544719931	-0.05254505779510396	0.07388990567329326	-0.04370286512843897	0.056901016526523004	-0.06347982577027834	0.06917420436926985	-0.06348706707023372	0.061033062202162265	-0.06057249359519397	0.08788619052190638	-0.1039799234866157	0.10955082008900943	-0.08948710010894242	0.07830667939576284	-0.09902931862515606	0.16867228590139444	-0.20722702121008618	0.08134833205642462	-0.12024377882236993	0.2168694047042208	-0.339366385688302	0.9999999999999964	-0.08357215194217467	0.10802025708063621	-0.11281536428120353	0.144847717820941	-0.8754574863892168
-0.05425061484558408	0.06409466976297849	-0.09074401629055584	0.06858168306422865	-0.08939436572338667	0.06891721677249547	-0.08821806166749077	0.08658928675368038	-0.09246873385601805	0.07261330522699683	-0.1033034789731706	0.09255238302561199	-0.12507947577823955	0.10969894353504311	-0.11345634320169329	0.2147930814389989	-0.17920606016360474	0.14344992899336884	-0.11908201277736491	0.12379029547541504	-0.6978691151985346	0.3069529939158346	-0.18053479680210016	0.14004853203494866	-0.08357215194217467	0.9999999999999969	-0.5297907928021057	0.2010005249368454	-0.24325968087839245	0.09714685817789344
0.055015985660071653	-0.0675205947892608	0.0896728534660199	-0.07016745126745495	0.08964968372548508	-0.07074400022823325	0.08789026918765443	-0.09025641903107545	0.0931933656772944	-0.07656062038010573	0.10024408927566038	-0.0963120733833343	0.12669404136289483	-0.12224683195054492	0.11806997872949618	-0.22583525528277726	0.17541150791073076	-0.16259219068722014	0.1385840987229689	-0.15556403350115197	0.2938180429564433	-0.5358237983622708	0.22073073895657805	-0.19280138927823087	0.10802025708063621	-0.5297907928021057	0.9999999999999977	-0.44570154119398414	0.2794355039932316	-0.13451342216382264
-0.041616842504849344	0.05062939862908639	-0.07129247011443006	0.055727818185542094	-0.07334925937718148	0.052593985556574206	-0.0665914552063393	0.06985441647976198	-0.0737765395796097	0.06199066884491035	-0.07428310558319784	0.07123130893208933	-0.09626752681119471	0.09801445790286945	-0.09742517210636213	0.13462417643759117	-0.11087553960222221	0.11541206447609062	-0.1229838833077748	0.13047728587448906	-0.15933216498516156	0.22760480120394175	-0.2457058568505655	0.18665720319355797	-0.11281536428120353	0.2010005249368454	-0.44570154119398414	0.999999999999998	-0.794760954537209	0.13095956593921626
0.050150880575294474	-0.062269468253984606	0.0837425442721735	-0.06675283016688023	0.08626146710369967	-0.06388489779156178	0.07937613489425045	-0.08481873856795488	0.08763271287477094	-0.07533786624849614	0.0880902307426322	-0.08681023574357816	0.11506880464376998	-0.12282576103538147	0.11680168711808181	-0.17024112291286536	0.1312426330026932	-0.14419081652077165	0.1516440348732116	-0.1750118269168047	0.17222447866135263	-0.2731628612055235	0.23155585297718656	-0.261801102612616	0.144847717820941	-0.24325968087839245	0.2794355039932316	-0.794760954537209	0.9999999999999978	-0.19294651686849718
-0.04058858339897298	0.048578192615695834	-0.07769412552927049	0.060992069031673854	-0.0868334913867429	0.05074490915838162	-0.06656421439708567	0.07289710493975846	-0.08055565226192969	0.07191305787461987	-0.07172608774695631	0.06955178605743165	-0.10086577292993629	0.11197652678182715	-0.12431975397001982	0.10131430488842691	-0.09041312901735148	0.10932963757894615	-0.17782929266470876	0.17831209475279639	-0.09765928568144341	0.13590559973340957	-0.26908283651958576	0.2474279456708211	-0.8754574863892168	0.09714685817789344	-0.13451342216382264	0.13095956593921626	-0.19294651686849718	0.9999999999999978
