1.0	-0.4551141865021732	0.2486461114421732	-0.1361239365619629	0.15299929350483216	-0.724075210405264	0.22766644136071085	-0.2235749755023404	0.15626347326613985	-0.17874410633987073	0.25585038843516084	-0.19733414800068316	0.15885976117516584	-0.13793413199560842	0.1159578472607274	-0.1546107763021813	0.15521671151863056	-0.12638201899099258	0.12989512628906894	-0.14360945110037165	0.1298707751847411	-0.0942797246613861	0.10038680710919953	-0.07009590998305179	0.06085832511814798
-0.4551141865021732	1.0000000000000004	-0.6478673330224793	0.19500803115293444	-0.21819874826472413	0.2568854216551199	-0.4038427204462599	0.26949848788671804	-0.1961672300541423	0.17519313046063772	-0.21392015492752983	0.2195901490608514	-0.19125645552160192	0.15217961024165222	-0.12135883170570196	0.12009623247183138	-0.14607009070741234	0.11991227108956322	-0.13439204808573382	0.13959557700746097	-0.12364726597620186	0.08720445628718249	-0.09730019296883255	0.06834181016157002	-0.060290075634112344
0.2486461114421732	-0.6478673330224793	1.0000000000000004	-0.361952453660752	0.2567560737795045	-0.24513820751031334	0.272086826121077	-0.3847892692171258	0.23903552639399106	-0.23459963935325218	0.1995298257274234	-0.24004241389862838	0.20844246548839754	-0.1912805854675413	0.151705635848957	-0.12584785692326494	0.14998146990322836	-0.14436126117251133	0.16050285816521892	-0.18106406872498643	0.14750560733170004	-0.10513410672277783	0.11569823463318721	-0.08688294456453295	0.07577128622666483
-0.1361239365619629	0.19500803115293444	-0.361952453660752	1.0000000000000007	-0.7362768009457688	0.12496203841005057	-0.1564570169795335	0.20961476218102848	-0.4516946750724187	0.21827149335989496	-0.13797725931083082	0.15671614656909622	-0.16304237472002983	0.20061462492706877	-0.14735568551106892	0.08670181553737864	-0.11107414569414437	0.11877689127152471	-0.1467859805936109	0.15990588455433458	-0.11879905271477809	0.0838489009239071	-0.09529200393445528	0.07593116035640338	-0.06702043578990191
0.15299929350483216	-0.21819874826472413	0.2567560737795045	-0.7362768009457688	1.000000000000001	-0.15147447993704455	0.1773324721085531	-0.2519410814201451	0.2952303927244948	-0.32657335119960446	0.1687598895501931	-0.1957923658170173	0.18858153389004628	-0.23671172929886608	0.18714525652540928	-0.10947267040466549	0.13921997116052337	-0.15500193137263837	0.18063389558988446	-0.2225165557436322	0.15841996628187446	-0.11197385726022288	0.12441502753063372	-0.10385669920019844	0.09004874865854617
-0.724075210405264	0.2568854216551199	-0.24513820751031334	0.12496203841005057	-0.15147447993704455	1.0000000000000009	-0.26232875583494497	0.20055803668620378	-0.15133513220061223	0.15883961993498125	-0.4579831349703	0.18880316190824842	-0.1586583850175566	0.12929189107459324	-0.10766951574091778	0.17880357226075422	-0.19259454303429557	0.12231024039866797	-0.12567450876723205	0.12975417119028407	-0.12745250430045588	0.09102179181676205	-0.09825537249111148	0.06431632097286379	-0.05632520999186756
0.22766644136071085	-0.4038427204462599	0.272086826121077	-0.1564570169795335	0.1773324721085531	-0.26232875583494497	1.0000000000000009	-0.5811871593604779	0.21072594749323392	-0.19219035023815012	0.20616551540213388	-0.5383416551272971	0.2827214189871694	-0.18986593113175226	0.13845840476354832	-0.1276857546396384	0.15474640912935178	-0.13608526578750985	0.15202599422187266	-0.15629788692424781	0.13180554076039347	-0.09487635484853492	0.1067781555237266	-0.07614508716161855	0.06716092369385529
-0.2235749755023404	0.26949848788671804	-0.3847892692171258	0.20961476218102848	-0.2519410814201451	0.20055803668620378	-0.5811871593604779	1.0000000000000007	-0.35333630243325675	0.22676275971669815	-0.22654652536472364	0.3128774727605261	-0.4338572060863978	0.24209176298420146	-0.1772533734814108	0.13454154806970323	-0.17588462866318352	0.1624280724222276	-0.1962161958894869	0.18600012440684294	-0.16148740294538053	0.11275468958367978	-0.1318923374796774	0.09182937628983015	-0.08245717313071427
0.15626347326613985	-0.1961672300541423	0.23903552639399106	-0.4516946750724187	0.2952303927244948	-0.15133513220061223	0.21072594749323392	-0.35333630243325675	1.0000000000000013	-0.3863179300216478	0.18439404410187055	-0.2461211761177487	0.2630565701734814	-0.5221702957980074	0.25408281598459365	-0.12086764182302474	0.15678976161581604	-0.1931819571841674	0.23912625821424588	-0.27485996210430275	0.17568506280827556	-0.12811422177146906	0.1456682547028021	-0.12632264556591996	0.11019725378808672
-0.17874410633987073	0.17519313046063772	-0.23459963935325218	0.21827149335989496	-0.32657335119960446	0.15883961993498125	-0.19219035023815012	0.22676275971669815	-0.3863179300216478	1.0000000000000007	-0.243117878126216	0.20664081902373788	-0.2536734653914303	0.296048977805704	-0.573559337403782	0.14998329232407084	-0.2088842187505503	0.21692842342027974	-0.3129681214510064	0.3076281714063585	-0.26987898352096745	0.16525612042625937	-0.20485560183572482	0.14638878004670236	-0.1474449381657866
0.25585038843516084	-0.21392015492752983	0.1995298257274234	-0.13797725931083082	0.1687598895501931	-0.4579831349703	0.20616551540213388	-0.22654652536472364	0.18439404410187055	-0.243117878126216	1.0000000000000004	-0.2632384086490905	0.19491949253157115	-0.17667054692397313	0.15459059099476943	-0.5258350257724842	0.2996563414506992	-0.20096547680818722	0.18252741220921126	-0.20099315428592973	0.19822794915674002	-0.15124032558018832	0.15209913776295192	-0.09930723823368152	0.08534168421486507
-0.19733414800068316	0.2195901490608514	-0.24004241389862838	0.15671614656909622	-0.1957923658170173	0.18880316190824842	-0.5383416551272971	0.3128774727605261	-0.2461211761177487	0.20664081902373788	-0.2632384086490905	0.9999999999999988	-0.6126547516362199	0.23761090295821333	-0.16995232308841712	0.15597361745896207	-0.2163905401637374	0.1651579047122856	-0.19266733359414312	0.17579750292468116	-0.1552827652375388	0.1111154820329967	-0.13016839619949658	0.08733909568893738	-0.07843065036316962
0.15885976117516584	-0.19125645552160192	0.20844246548839754	-0.16304237472002983	0.18858153389004628	-0.1586583850175566	0.2827214189871694	-0.4338572060863978	0.2630565701734814	-0.2536734653914303	0.19491949253157115	-0.6126547516362199	0.9999999999999981	-0.45182828233935607	0.20605589254062157	-0.13105896717282248	0.16737085585198253	-0.20547267643190753	0.2193782484687585	-0.21907782640833812	0.15886856206720798	-0.1200325640068173	0.13986931874939085	-0.10408653026036506	0.09156406797431597
-0.13793413199560842	0.15217961024165222	-0.1912805854675413	0.20061462492706877	-0.23671172929886608	0.12929189107459324	-0.18986593113175226	0.24209176298420146	-0.5221702957980074	0.296048977805704	-0.17667054692397313	0.23761090295821333	-0.45182828233935607	0.9999999999999996	-0.431111725984568	0.1154788983362231	-0.1561964402511455	0.20913897098998752	-0.3906820480043833	0.27427315309653966	-0.1723740303301803	0.12598844482515292	-0.15542463344094107	0.12992679702482457	-0.11958825580865205
0.1159578472607274	-0.12135883170570196	0.151705635848957	-0.14735568551106892	0.18714525652540928	-0.10766951574091778	0.13845840476354832	-0.1772533734814108	0.25408281598459365	-0.573559337403782	0.15459059099476943	-0.16995232308841712	0.20605589254062157	-0.431111725984568	0.9999999999999977	-0.10072349848996669	0.13675715730655513	-0.1753676707677276	0.25431432087930866	-0.5827859595147106	0.16873839344363045	-0.11647855507652666	0.14109852087113287	-0.16301299718939555	0.15403046964139022
-0.1546107763021813	0.12009623247183138	-0.12584785692326494	0.08670181553737864	-0.10947267040466549	0.17880357226075422	-0.1276857546396384	0.13454154806970323	-0.12086764182302474	0.14998329232407084	-0.5258350257724842	0.15597361745896207	-0.13105896717282248	0.1154788983362231	-0.10072349848996669	0.9999999999999973	-0.7483427087253793	0.1696697786966841	-0.14101426800655834	0.12957646872993964	-0.18454834517000943	0.12837008799811828	-0.13088631919305324	0.06692544771681389	-0.058070761124733264
0.15521671151863056	-0.14607009070741234	0.14998146990322836	-0.11107414569414437	0.13921997116052337	-0.19259454303429557	0.15474640912935178	-0.17588462866318352	0.15678976161581604	-0.2088842187505503	0.2996563414506992	-0.2163905401637374	0.16737085585198253	-0.1561964402511455	0.13675715730655513	-0.7483427087253793	0.9999999999999969	-0.278319812272795	0.18794808977873578	-0.18143578244406708	0.20362226988527904	-0.17638487887714596	0.17236159716202987	-0.09306957455955671	0.0796632497064171
-0.12638201899099258	0.11991227108956322	-0.14436126117251133	0.11877689127152471	-0.15500193137263837	0.12231024039866797	-0.13608526578750985	0.1624280724222276	-0.1931819571841674	0.21692842342027974	-0.20096547680818722	0.1651579047122856	-0.20547267643190753	0.20913897098998752	-0.1753676707677276	0.1696697786966841	-0.278319812272795	0.9999999999999962	-0.5677701317243005	0.22579774296316732	-0.2987043153952868	0.2577516602804944	-0.5503662842848812	0.13913065387979254	-0.12409498445465547
0.12989512628906894	-0.13439204808573382	0.16050285816521892	-0.1467859805936109	0.18063389558988446	-0.12567450876723205	0.15202599422187266	-0.1962161958894869	0.23912625821424588	-0.3129681214510064	0.18252741220921126	-0.19266733359414312	0.2193782484687585	-0.3906820480043833	0.25431432087930866	-0.14101426800655834	0.18794808977873578	-0.5677701317243005	0.9999999999999967	-0.41379563646673667	0.22404454190064427	-0.20851485349650625	0.24581482671252974	-0.26068281219075295	0.19216370684308276
-0.14360945110037165	0.13959557700746097	-0.18106406872498643	0.15990588455433458	-0.2225165557436322	0.12975417119028407	-0.15629788692424781	0.18600012440684294	-0.27485996210430275	0.3076281714063585	-0.20099315428592973	0.17579750292468116	-0.21907782640833812	0.27427315309653966	-0.5827859595147106	0.12957646872993964	-0.18143578244406708	0.22579774296316732	-0.41379563646673667	0.9999999999999972	-0.2401714653497227	0.15608244590277082	-0.20287088832557235	0.2375808120880183	-0.33225425662060776
0.1298707751847411	-0.12364726597620186	0.14750560733170004	-0.11879905271477809	0.15841996628187446	-0.12745250430045588	0.13180554076039347	-0.16148740294538053	0.17568506280827556	-0.26987898352096745	0.19822794915674002	-0.1552827652375388	0.15886856206720798	-0.1723740303301803	0.16873839344363045	-0.18454834517000943	0.20362226988527904	-0.2987043153952868	0.22404454190064427	-0.2401714653497227	0.9999999999999971	-0.627810831981449	0.29660741792889755	-0.12498560182562095	0.10503973318962853
-0.0942797246613861	0.08720445628718249	-0.10513410672277783	0.0838489009239071	-0.11197385726022288	0.09102179181676205	-0.09487635484853492	0.11275468958367978	-0.12811422177146906	0.16525612042625937	-0.15124032558018832	0.1111154820329967	-0.1200325640068173	0.12598844482515292	-0.11647855507652666	0.12837008799811828	-0.17638487887714596	0.2577516602804944	-0.20851485349650625	0.15608244590277082	-0.627810831981449	0.9999999999999972	-0.6378696343013088	0.09063978130176253	-0.07950691275970248
0.10038680710919953	-0.09730019296883255	0.11569823463318721	-0.09529200393445528	0.12441502753063372	-0.09825537249111148	0.1067781555237266	-0.1318923374796774	0.1456682547028021	-0.20485560183572482	0.15209913776295192	-0.13016839619949658	0.13986931874939085	-0.15542463344094107	0.14109852087113287	-0.13088631919305324	0.17236159716202987	-0.5503662842848812	0.24581482671252974	-0.20287088832557235	0.29660741792889755	-0.6378696343013088	0.9999999999999967	-0.12115688152586843	0.09951917631540425
-0.07009590998305179	0.06834181016157002	-0.08688294456453295	0.07593116035640338	-0.10385669920019844	0.06431632097286379	-0.07614508716161855	0.09182937628983015	-0.12632264556591996	0.14638878004670236	-0.09930723823368152	0.08733909568893738	-0.10408653026036506	0.12992679702482457	-0.16301299718939555	0.06692544771681389	-0.09306957455955671	0.13913065387979254	-0.26068281219075295	0.2375808120880183	-0.12498560182562095	0.09063978130176253	-0.12115688152586843	0.9999999999999973	-0.8927665205684664
0.06085832511814798	-0.060290075634112344	0.07577128622666483	-0.06702043578990191	0.09004874865854617	-0.05632520999186756	0.06716092369385529	-0.08245717313071427	0.11019725378808672	-0.1474449381657866	0.08534168421486507	-0.07843065036316962	0.09156406797431597	-0.11958825580865205	0.15403046964139022	-0.058070761124733264	0.0796632497064171	-0.12409498445465547	0.19216370684308276	-0.33225425662060776	0.10503973318962853	-0.07950691275970248	0.09951917631540425	-0.8927665205684664	0.9999999999999976
