1.0	-0.5513653191680916	0.14299575628189137	-0.05291019962974611	0.059404193823919704	-0.7434265475240688	0.29434232878824557	-0.13630688528812546	0.07449971073402187	-0.055958588341061724	0.16249081709521368	-0.13092611436541826	0.1270300974199215	-0.06160796797340106	0.059161562975434644	-0.04507001573584059	0.09098494412745935	-0.08614677804900163	0.06803536046263244	-0.04765613002494157	0.04232970364801769	-0.07559252877935402	0.08927377984070053	-0.08402285524194393	0.04053193488117855
-0.5513653191680916	0.9999999999999998	-0.20902405864650825	0.06713120307991705	-0.07569158801543735	0.3127306839326897	-0.6972191521269727	0.18520462633830267	-0.09367981485958818	0.06715510717984939	-0.19406013499580654	0.16845791173825586	-0.16303472384946704	0.07352597632698808	-0.06970819014114875	0.05104503984296806	-0.1118721555841245	0.10351333202677264	-0.07943428317048916	0.05410216039393498	-0.048356615600044395	0.08888854569649025	-0.10598814488645814	0.0942180559306901	-0.04602550288403284
0.14299575628189137	-0.20902405864650825	1.0	-0.26865482434753574	0.20558890405048988	-0.20372293157749663	0.21954329533669578	-0.715874209613962	0.2210879796930452	-0.17238814565258195	0.19423221164466634	-0.17535987290313104	0.231511338423826	-0.18232837608882776	0.1523047663039343	-0.06882006645814934	0.13734721925262838	-0.1615274096442037	0.16375103600151666	-0.12555851233126883	0.06394232176941386	-0.12145508676476051	0.14874474354157954	-0.21589879386814445	0.10135711327099664
-0.05291019962974611	0.06713120307991705	-0.26865482434753574	0.9999999999999999	-0.9228537009519854	0.07224993207587753	-0.07830260272903646	0.160690766447859	-0.1438087882832694	0.10817761113249323	-0.08140517605014	0.0656127349288993	-0.09022595789229997	0.09760043313898492	-0.09637945463357596	0.02758197083554112	-0.05600763655346585	0.06204980355558722	-0.08965056470683812	0.06565691554262433	-0.02609400512042885	0.048195252287700614	-0.06257961694318631	0.10578089183978855	-0.05380636793228901
0.059404193823919704	-0.07569158801543735	0.20558890405048988	-0.9228537009519854	0.9999999999999999	-0.0838974439359096	0.0854858486021883	-0.1760722540699048	0.13807125869714915	-0.1260580255263197	0.09087860364607289	-0.07343570511586843	0.09782431796993435	-0.10885660713535585	0.10359642506971167	-0.03155858868246884	0.06277429274497605	-0.06970867437153534	0.09741761134090725	-0.07671381164921244	0.02973275204123659	-0.05462681062865188	0.07000706309623622	-0.12581206315134835	0.06167544288249286
-0.7434265475240688	0.3127306839326897	-0.20372293157749663	0.07224993207587753	-0.0838974439359096	1.0000000000000002	-0.44121396761223425	0.17579649286190333	-0.100492194104179	0.07359281663993354	-0.2603000598004976	0.17942531911624987	-0.18314294288016428	0.08098947258075063	-0.07939081743685021	0.06200499705806697	-0.1296867650904582	0.11863356435217136	-0.09148257457630847	0.06151593876075495	-0.05941287270421955	0.10356047543479166	-0.12689430578868025	0.10733903108446241	-0.05296344644209128
0.29434232878824557	-0.6972191521269727	0.21954329533669578	-0.07830260272903646	0.0854858486021883	-0.44121396761223425	1.0000000000000002	-0.29445316949548317	0.11722279868829873	-0.08601255771801436	0.22110357186007681	-0.26782127874914186	0.19813378392784592	-0.09447005267844516	0.08617480100830918	-0.06435567338221415	0.13771339940946975	-0.1326747013353904	0.09823814468519083	-0.06898585434760518	0.05964501748752336	-0.11462641226311046	0.12827464761138732	-0.12116979630651306	0.05808976238484856
-0.13630688528812546	0.18520462633830267	-0.715874209613962	0.160690766447859	-0.1760722540699048	0.17579649286190333	-0.29445316949548317	0.9999999999999994	-0.31729515160037886	0.16567153809778598	-0.2025771879430861	0.18540618006320692	-0.3385062568883052	0.1761660281120041	-0.15463831769511605	0.06478733475982841	-0.14224621136221943	0.1661908685283842	-0.16451558816145279	0.10842357188182862	-0.06103947278933529	0.11930418002297004	-0.1554877078575457	0.18018531381421304	-0.09005903152668604
0.07449971073402187	-0.09367981485958818	0.2210879796930452	-0.1438087882832694	0.13807125869714915	-0.100492194104179	0.11722279868829873	-0.31729515160037886	0.9999999999999992	-0.5383605131227406	0.12640031731245818	-0.10393910788634302	0.14727009403086103	-0.5598439044897823	0.2912119313420962	-0.04451542510460647	0.0921080024495595	-0.10871445820668404	0.27333752422356544	-0.1915419535590818	0.04221093399859407	-0.0803277861878354	0.10818952263488911	-0.29489990229965485	0.14769768926015392
-0.055958588341061724	0.06715510717984939	-0.17238814565258195	0.10817761113249323	-0.1260580255263197	0.07359281663993354	-0.08601255771801436	0.16567153809778598	-0.5383605131227406	0.9999999999999982	-0.0995090380240075	0.0776619852347893	-0.11134722657006313	0.25394227339579334	-0.7085653262614552	0.03413504581424062	-0.0716298360361131	0.08146344635793622	-0.2308886545820352	0.19166782312734482	-0.03268744988521877	0.06133982562741924	-0.08499566579136097	0.21770359255279537	-0.1627306827070891
0.16249081709521368	-0.19406013499580654	0.19423221164466634	-0.08140517605014	0.09087860364607289	-0.2603000598004976	0.22110357186007681	-0.2025771879430861	0.12640031731245818	-0.0995090380240075	1.0000000000000004	-0.6388837805949147	0.2913085287885608	-0.11389182040205176	0.10871863513583145	-0.15727514151743374	0.24334262875784793	-0.23045627258261772	0.13212568502482308	-0.09611532563528997	0.12981591310352758	-0.22663225678973004	0.20997184729981203	-0.1787389866659578	0.08186192603250095
-0.13092611436541826	0.16845791173825586	-0.17535987290313104	0.0656127349288993	-0.07343570511586843	0.17942531911624987	-0.26782127874914186	0.18540618006320692	-0.10393910788634302	0.0776619852347893	-0.6388837805949147	0.9999999999999997	-0.4986371610529166	0.09029081127666505	-0.08318657841032087	0.11132337727956385	-0.36521257069367197	0.2394038698289119	-0.10441763024601043	0.07014921295829689	-0.10311515549537356	0.21853771568945468	-0.22145179855471714	0.12923225849113437	-0.060382741500871695
0.1270300974199215	-0.16303472384946704	0.231511338423826	-0.09022595789229997	0.09782431796993435	-0.18314294288016428	0.19813378392784592	-0.3385062568883052	0.14727009403086103	-0.11134722657006313	0.2913085287885608	-0.4986371610529166	1.000000000000001	-0.13291538209179132	0.11482522328206772	-0.11375114380391464	0.25680509448458516	-0.511578951013189	0.14579168371623025	-0.09871515699610663	0.10229659003069155	-0.23539072077101084	0.27091699178423806	-0.18303487862603593	0.08388566577374382
-0.06160796797340106	0.07352597632698808	-0.18232837608882776	0.09760043313898492	-0.10885660713535585	0.08098947258075063	-0.09447005267844516	0.1761660281120041	-0.5598439044897823	0.25394227339579334	-0.11389182040205176	0.09029081127666505	-0.13291538209179132	0.999999999999999	-0.3182186232565152	0.040098899730759544	-0.08646746132755866	0.10565358667730267	-0.6428933192770107	0.1717570583171939	-0.03839545434638648	0.07395558553717924	-0.1054494543352271	0.26739834951090713	-0.15073294693068065
0.059161562975434644	-0.06970819014114875	0.1523047663039343	-0.09637945463357596	0.10359642506971167	-0.07939081743685021	0.08617480100830918	-0.15463831769511605	0.2912119313420962	-0.7085653262614552	0.10871863513583145	-0.08318657841032087	0.11482522328206772	-0.3182186232565152	0.9999999999999994	-0.03859604186448432	0.078825259467101	-0.08971731025787788	0.2359257631609975	-0.36031054387992834	0.0368867917474447	-0.06889243515157323	0.09543498228879774	-0.3299979560715709	0.216190927698667
-0.04507001573584059	0.05104503984296806	-0.06882006645814934	0.02758197083554112	-0.03155858868246884	0.06200499705806697	-0.06435567338221415	0.06478733475982841	-0.04451542510460647	0.03413504581424062	-0.15727514151743374	0.11132337727956385	-0.11375114380391464	0.040098899730759544	-0.03859604186448432	0.9999999999999994	-0.1916359874100583	0.1107923513292447	-0.05012246049118894	0.033005495271518054	-0.9368498433791569	0.191181980458174	-0.14983860823122638	0.0622956376653528	-0.029251462999509946
0.09098494412745935	-0.1118721555841245	0.13734721925262838	-0.05600763655346585	0.06277429274497605	-0.1296867650904582	0.13771339940946975	-0.14224621136221943	0.0921080024495595	-0.0716298360361131	0.24334262875784793	-0.36521257069367197	0.25680509448458516	-0.08646746132755866	0.078825259467101	-0.1916359874100583	0.9999999999999986	-0.3954298848327134	0.10612065903946885	-0.07002240344831998	0.1660517816742483	-0.6944570182749651	0.30576306432416767	-0.13465389349135481	0.06101574299464213
-0.08614677804900163	0.10351333202677264	-0.1615274096442037	0.06204980355558722	-0.06970867437153534	0.11863356435217136	-0.1326747013353904	0.1661908685283842	-0.10871445820668404	0.08146344635793622	-0.23045627258261772	0.2394038698289119	-0.511578951013189	0.10565358667730267	-0.08971731025787788	0.1107923513292447	-0.3954298848327134	1.0	-0.1465973291673957	0.07781263216259214	-0.10662997364428556	0.28083521207422646	-0.6435794935286085	0.1506203604990951	-0.06930708795197939
0.06803536046263244	-0.07943428317048916	0.16375103600151666	-0.08965056470683812	0.09741761134090725	-0.09148257457630847	0.09823814468519083	-0.16451558816145279	0.27333752422356544	-0.2308886545820352	0.13212568502482308	-0.10441763024601043	0.14579168371623025	-0.6428933192770107	0.2359257631609975	-0.05012246049118894	0.10612065903946885	-0.1465973291673957	1.0000000000000002	-0.2599975271239677	0.04769519091863755	-0.09417503410460501	0.13476039026955308	-0.5414677997702656	0.20559990162506858
-0.04765613002494157	0.05410216039393498	-0.12555851233126883	0.06565691554262433	-0.07671381164921244	0.06151593876075495	-0.06898585434760518	0.10842357188182862	-0.1915419535590818	0.19166782312734482	-0.09611532563528997	0.07014921295829689	-0.09871515699610663	0.1717570583171939	-0.36031054387992834	0.033005495271518054	-0.07002240344831998	0.07781263216259214	-0.2599975271239677	1.0000000000000004	-0.03212470604318799	0.05962238498179779	-0.08773855766215397	0.29073978763766417	-0.7975626156756341
0.04232970364801769	-0.048356615600044395	0.06394232176941386	-0.02609400512042885	0.02973275204123659	-0.05941287270421955	0.05964501748752336	-0.06103947278933529	0.04221093399859407	-0.03268744988521877	0.12981591310352758	-0.10311515549537356	0.10229659003069155	-0.03839545434638648	0.0368867917474447	-0.9368498433791569	0.1660517816742483	-0.10662997364428556	0.04769519091863755	-0.03212470604318799	1.0	-0.24051254799209587	0.13565408346344004	-0.061117860045314075	0.028282384179501116
-0.07559252877935402	0.08888854569649025	-0.12145508676476051	0.048195252287700614	-0.05462681062865188	0.10356047543479166	-0.11462641226311046	0.11930418002297004	-0.0803277861878354	0.06133982562741924	-0.22663225678973004	0.21853771568945468	-0.23539072077101084	0.07395558553717924	-0.06889243515157323	0.191181980458174	-0.6944570182749651	0.28083521207422646	-0.09417503410460501	0.05962238498179779	-0.24051254799209587	0.9999999999999998	-0.5199858104970746	0.11590945835054126	-0.0537631261533285
0.08927377984070053	-0.10598814488645814	0.14874474354157954	-0.06257961694318631	0.07000706309623622	-0.12689430578868025	0.12827464761138732	-0.1554877078575457	0.10818952263488911	-0.08499566579136097	0.20997184729981203	-0.22145179855471714	0.27091699178423806	-0.1054494543352271	0.09543498228879774	-0.14983860823122638	0.30576306432416767	-0.6435794935286085	0.13476039026955308	-0.08773855766215397	0.13565408346344004	-0.5199858104970746	1.0	-0.1869488965540613	0.07925734295812423
-0.08402285524194393	0.0942180559306901	-0.21589879386814445	0.10578089183978855	-0.12581206315134835	0.10733903108446241	-0.12116979630651306	0.18018531381421304	-0.29489990229965485	0.21770359255279537	-0.1787389866659578	0.12923225849113437	-0.18303487862603593	0.26739834951090713	-0.3299979560715709	0.0622956376653528	-0.13465389349135481	0.1506203604990951	-0.5414677997702656	0.29073978763766417	-0.061117860045314075	0.11590945835054126	-0.1869488965540613	1.0	-0.48103684401798175
0.04053193488117855	-0.04602550288403284	0.10135711327099664	-0.05380636793228901	0.06167544288249286	-0.05296344644209128	0.05808976238484856	-0.09005903152668604	0.14769768926015392	-0.1627306827070891	0.08186192603250095	-0.060382741500871695	0.08388566577374382	-0.15073294693068065	0.216190927698667	-0.029251462999509946	0.06101574299464213	-0.06930708795197939	0.20559990162506858	-0.7975626156756341	0.028282384179501116	-0.0537631261533285	0.07925734295812423	-0.48103684401798175	1.0000000000000002
