1.0	-0.7573813308707888	0.1858767500182918	-0.14222733836590185	0.11496198622195743	-0.48813457273702077	0.30469815367783265	-0.23920464015626672	0.16040992863651024	-0.09464802117503544	0.17572440201415201	-0.18010861953811924	0.14386290386585046	-0.11999337686171925	0.10430131513271777	-0.12313318296110687	0.12125021437228468	-0.1540104573966855	0.08977512090271457	-0.07670855047333335	0.08893931972440992	-0.09352751502494158	0.07958417209392575	-0.07884003405155668	0.0818274662104482	-0.08579781657805134	0.0719277112223853	-0.061506866775435744	0.0712097198194494	-0.08160400299415517	0.020591721395261577	-0.05863977350904533	0.0654922418429081	-0.04278216877905588	0.04317572055294776	-0.02069173614066611	0.07178954278274263	-0.07780600669968694	0.043119901408562915	-0.06177226987488413
-0.7573813308707888	1.0000000000000002	-0.2358231649036351	0.14221564307593065	-0.1195174497357788	0.30124431335371177	-0.48771074813262416	0.23042442197340487	-0.16831367580850468	0.09361435587073091	-0.1611276012101438	0.16347877777567854	-0.13884820499800676	0.11078883322817758	-0.10078608194782399	0.10530173173009248	-0.11094797591774144	0.13359979207917014	-0.0835176131821516	0.07151504641891315	-0.07910781780904676	0.08174322771291546	-0.07171267139289138	0.07156930014564118	-0.07669458760514501	0.07413679680819679	-0.06383714392453058	0.05466131571370037	-0.06542298431793363	0.07402012513957988	-0.018236182678717097	0.05200322677349567	-0.05861761898050497	0.038557726662075534	-0.0391136142865419	0.01826206527946142	-0.06453205702643329	0.06808414724498815	-0.03807327843872248	0.05410096708293657
0.1858767500182918	-0.2358231649036351	1.0000000000000004	-0.5758841658782895	0.22206183717427813	-0.24613562626615945	0.23285215089684408	-0.62210995648295	0.27077507899688197	-0.17593564162370934	0.15009728936481043	-0.1648727855715202	0.17067303952431698	-0.161308471355961	0.14620058897709967	-0.11710347915254342	0.12287034043861507	-0.1770953815378283	0.11385951639994125	-0.10313240513558253	0.08860822536039513	-0.09658879888353701	0.08784577804016507	-0.09942159541640253	0.10465966828424406	-0.08820070650338195	0.07521853098903707	-0.06801999036000642	0.08784543396847781	-0.10485087616761174	0.02227819653869998	-0.06372892840021296	0.07279943862847348	-0.051922770377823675	0.0523487161881843	-0.0224108203925358	0.07875026390257518	-0.08916428432661011	0.050125631263293405	-0.07203661488722425
-0.14222733836590185	0.14221564307593065	-0.5758841658782895	1.0000000000000004	-0.4751572018614457	0.17323202049671146	-0.1628999833357438	0.2755625924622145	-0.5115673485556853	0.2591559473557428	-0.12979128867220255	0.13607110853588988	-0.15433670081575018	0.17727171676489312	-0.1867449254353011	0.10385467510695219	-0.11218524545708027	0.16233495986500612	-0.12527184778672565	0.11896641891459817	-0.08154497083870635	0.0894275336564592	-0.08657770272461006	0.10643127633000819	-0.11842706460805448	0.08167554572385113	-0.07099191407620316	0.06661889977770673	-0.09427069853770553	0.11365297987247756	-0.021501310412478148	0.06168915392110092	-0.0717999888440457	0.05429296080909022	-0.05498354486770086	0.02159928789608277	-0.0772579638645565	0.08783240935240319	-0.05018484383481346	0.07172093008849383
0.11496198622195743	-0.1195174497357788	0.22206183717427813	-0.4751572018614457	1.0000000000000007	-0.16971068743677595	0.13780906402859475	-0.2412106082143363	0.31128614784200787	-0.6888654565897617	0.12954252611896436	-0.14251336989190386	0.16077387866549714	-0.231869785536065	0.24430461779625337	-0.1123427045041787	0.11973835741611785	-0.18908909159048665	0.1497554142799783	-0.16119452183373656	0.08718749135322756	-0.09835123367289177	0.0950452014988138	-0.13127570709770198	0.13933550667386696	-0.09009243762796451	0.07736483489957065	-0.07448372183546524	0.11044470505053151	-0.14309708858518913	0.023611141517946046	-0.06811196156302868	0.07941554380392189	-0.06435683581635829	0.06451519097766538	-0.023808453535643155	0.08408384714728512	-0.10073324421986393	0.05774772779038266	-0.08320344748267114
-0.48813457273702077	0.30124431335371177	-0.24613562626615945	0.17323202049671146	-0.16971068743677595	1.000000000000001	-0.5782224154090353	0.2670524231767093	-0.2500082323681869	0.13338595706774248	-0.3698248733557362	0.25242197766027297	-0.21199995173809708	0.16400204525593473	-0.1521797465766392	0.18075967035322466	-0.18381756166995808	0.20033272742903935	-0.12742671395932018	0.10757523450942715	-0.135754451080083	0.1318236805049246	-0.11497834282761342	0.10817903507128906	-0.11771866220588252	0.1196544163328809	-0.1041696943173484	0.0866007452331489	-0.10069208739723715	0.11114784364454071	-0.029166405240864026	0.08301334736764102	-0.0932735302253263	0.05907183240682243	-0.060164690683616434	0.02909450483208648	-0.10379382028344727	0.10464428074689092	-0.05855425276243359	0.08249027464022385
0.30469815367783265	-0.48771074813262416	0.23285215089684408	-0.1628999833357438	0.13780906402859475	-0.5782224154090353	1.000000000000001	-0.44499618033624866	0.19416542910106896	-0.11092764398678717	0.22553513958218901	-0.3040076489471375	0.1934686460013116	-0.1448893887852894	0.1245274911722542	-0.1455275841176531	0.14973399606979534	-0.18062349501527933	0.10546848721056329	-0.08929445873252956	0.10444049288551098	-0.10851915579733482	0.09094273812775595	-0.08986664548282267	0.0948044665335924	-0.09758070581054097	0.08296446393900701	-0.0696855837125119	0.08154419793153048	-0.09203112638833089	0.023245104217477924	-0.0664025278290656	0.07407035287354538	-0.048139762209066385	0.04874504829925367	-0.02329867790194371	0.08142278971167667	-0.0857067109796804	0.04770794326128308	-0.06781570244891927
-0.23920464015626672	0.23042442197340487	-0.62210995648295	0.2755625924622145	-0.2412106082143363	0.2670524231767093	-0.44499618033624866	1.0000000000000004	-0.3420860129690712	0.17548370415625378	-0.19772159226607275	0.20746869854743122	-0.25845897058066564	0.18575828269489753	-0.1757932385472168	0.13838837997855463	-0.15334360044318002	0.20086103190825122	-0.13671510660428152	0.11886312504825229	-0.10782004957799096	0.11362502403831676	-0.10573337542199272	0.11372114673651117	-0.1261032911013784	0.1025427193988135	-0.08994360382871969	0.08000943150262779	-0.10401954180575479	0.11818522093481235	-0.026325093236669664	0.07523262832058117	-0.08643203587176455	0.05983051334051082	-0.06094260930419905	0.02633433103837346	-0.09464464153103365	0.1005855370716143	-0.05704305279115189	0.0807180004104354
0.16040992863651024	-0.16831367580850468	0.27077507899688197	-0.5115673485556853	0.31128614784200787	-0.2500082323681869	0.19416542910106896	-0.3420860129690712	1.0000000000000004	-0.450286627203922	0.18284456233342475	-0.20182376350780268	0.22114197053771936	-0.3192003191135269	0.25864106734363174	-0.1617507881225305	0.16950468727352766	-0.26957960522714286	0.19226155886232507	-0.18678896212600285	0.12457360948489835	-0.14126838308117756	0.13393575551918674	-0.17454046227298325	0.1750199629235543	-0.13020215222246798	0.11057629976168698	-0.10567957366959217	0.1469334844001906	-0.18879406146657685	0.03392761290056633	-0.09748178888761536	0.11291013312445489	-0.08809589540102142	0.08790863832405774	-0.03428527025877901	0.11984246463972831	-0.14697578843659828	0.08303260254895709	-0.12096227183286107
-0.09464802117503544	0.09361435587073091	-0.17593564162370934	0.2591559473557428	-0.6888654565897617	0.13338595706774248	-0.11092764398678717	0.17548370415625378	-0.450286627203922	1.0000000000000016	-0.11342335391688185	0.1231459259432581	-0.15093110555249195	0.22894374116871438	-0.4244673091114361	0.09701415206801109	-0.10605737342930975	0.1650717369369568	-0.1571901868385021	0.17194412045111793	-0.0766103533946617	0.08607441599707183	-0.08611791619484992	0.1248657965391561	-0.1509362894368704	0.07844158608336169	-0.0684154434701953	0.06684353615858184	-0.1074362942530375	0.1346981419503294	-0.02091799457560062	0.06054740580852786	-0.07137480609167027	0.05988578682787665	-0.0606605322826925	0.021047381953891435	-0.07533110872915028	0.088490263512672	-0.05152680630738783	0.07340631957021866
0.17572440201415201	-0.1611276012101438	0.15009728936481043	-0.12979128867220255	0.12954252611896436	-0.3698248733557362	0.22553513958218901	-0.19772159226607275	0.18284456233342475	-0.11342335391688185	1.0000000000000007	-0.5863011597869348	0.2633639214182385	-0.1942733338993504	0.15081972690601997	-0.4829464085163004	0.275611105869683	-0.2988211370225589	0.14142557324739496	-0.11525384188100309	0.2188951919581936	-0.20909001392783746	0.14373915017129196	-0.12307760400742393	0.12197197276630167	-0.19634624713645227	0.15029013427385618	-0.11325259104235869	0.11083711762561896	-0.12261683626345975	0.038749485212291816	-0.11036618241453997	0.11617634870733827	-0.06775256764925605	0.06802672386662434	-0.03897109572552817	0.12811135886802616	-0.13082878087080183	0.07068736922100688	-0.10066257868731018
-0.18010861953811924	0.16347877777567854	-0.1648727855715202	0.13607110853588988	-0.14251336989190386	0.25242197766027297	-0.3040076489471375	0.20746869854743122	-0.20182376350780268	0.1231459259432581	-0.5863011597869348	0.9999999999999991	-0.5152927867962362	0.21663138790028408	-0.17536557493254964	0.2518632434714209	-0.33329711591967515	0.2840061418756627	-0.15464105609395573	0.1227267631070385	-0.17933514603073375	0.17826933230998573	-0.13585314447110386	0.12334099525572173	-0.12993060058134698	0.15136387164274506	-0.13325561548583373	0.1025528167083445	-0.11298688055783365	0.12209566877399536	-0.03417018831779283	0.09849404865230448	-0.10748272102703704	0.06557669358583698	-0.06655365949692135	0.0340791888017916	-0.11909998101832157	0.11710550813810178	-0.06481724926378545	0.09101692882707958
0.14386290386585046	-0.13884820499800676	0.17067303952431698	-0.15433670081575018	0.16077387866549714	-0.21199995173809708	0.1934686460013116	-0.25845897058066564	0.22114197053771936	-0.15093110555249195	0.2633639214182385	-0.5152927867962362	1.0000000000000004	-0.4598679508246953	0.2273162817220428	-0.21178699587266162	0.2449596585779186	-0.5182762263140385	0.2061838342350229	-0.16383414712149913	0.150026312974875	-0.16738113800802812	0.13768142715082482	-0.15781419093758928	0.15778012653395693	-0.14457807406556114	0.12356086127930338	-0.10570073703003718	0.13502336970754697	-0.15133417509897068	0.03397200092509814	-0.09826772481710866	0.10978383274249458	-0.07603448643520175	0.07683151881952865	-0.034107709060820716	0.1183865570884129	-0.12647438836507807	0.07106475368302317	-0.1005292205807012
-0.11999337686171925	0.11078883322817758	-0.161308471355961	0.17727171676489312	-0.231869785536065	0.16400204525593473	-0.1448893887852894	0.18575828269489753	-0.3192003191135269	0.22894374116871438	-0.1942733338993504	0.21663138790028408	-0.4598679508246953	0.9999999999999987	-0.5580400771511352	0.1507219319603762	-0.17862197117685077	0.27173151141593344	-0.3929608520767584	0.2624975596539859	-0.12042246473360706	0.13229547121777066	-0.13498955510106353	0.2102990256694292	-0.2420180418073843	0.11759946666203845	-0.10551991575624708	0.10215723032771727	-0.1850013827419328	0.1979798928504951	-0.031236418030363297	0.09104980441311365	-0.10816520698135404	0.09206312784750456	-0.09476395127801802	0.03126338677426199	-0.11385816427711701	0.12506320453523473	-0.07442572242163625	0.10330873625479048
0.10430131513271777	-0.10078608194782399	0.14620058897709967	-0.1867449254353011	0.24430461779625337	-0.1521797465766392	0.1245274911722542	-0.1757932385472168	0.25864106734363174	-0.4244673091114361	0.15081972690601997	-0.17536557493254964	0.2273162817220428	-0.5580400771511352	0.9999999999999963	-0.13440356214171192	0.14922429116349745	-0.25364590569228473	0.2736413240668098	-0.45470317780522795	0.10550782366252595	-0.12068188919706006	0.12222739870671112	-0.21218093975061825	0.24450717397319133	-0.10899904059879739	0.09532822195217638	-0.09569777340573794	0.16988353588800278	-0.227828165364434	0.028998995957237726	-0.08475885353920633	0.10061017404077903	-0.09296290662702947	0.09351361260807316	-0.029201382186445635	0.10433086122067722	-0.12463889685268113	0.07396594387063393	-0.10477099570923293
-0.12313318296110687	0.10530173173009248	-0.11710347915254342	0.10385467510695219	-0.1123427045041787	0.18075967035322466	-0.1455275841176531	0.13838837997855463	-0.1617507881225305	0.09701415206801109	-0.4829464085163004	0.2518632434714209	-0.21178699587266162	0.1507219319603762	-0.13440356214171192	0.9999999999999972	-0.500849271842311	0.24782913002443183	-0.12888898414443944	0.10200265482808217	-0.5319437845947195	0.2697413604496145	-0.1735790490825109	0.11315639751957642	-0.11393785102465905	0.24962138814655613	-0.20973329126815038	0.13103996390499262	-0.1076455293763831	0.11147380336461585	-0.04652693978391551	0.13221828851594605	-0.13611974622534953	0.06701848179249963	-0.06760225083603812	0.045862577102198876	-0.15606133964013708	0.13558715261598275	-0.07250238122823033	0.10093014549971413
0.12125021437228468	-0.11094797591774144	0.12287034043861507	-0.11218524545708027	0.11973835741611785	-0.18381756166995808	0.14973399606979534	-0.15334360044318002	0.16950468727352766	-0.10605737342930975	0.275611105869683	-0.33329711591967515	0.2449596585779186	-0.17862197117685077	0.14922429116349745	-0.500849271842311	0.9999999999999973	-0.48443634943457964	0.15376979769216362	-0.11924270614176526	0.27459134309590877	-0.4600295694840421	0.19088533636912217	-0.13406838741779187	0.1281389512415926	-0.2575982787573482	0.22090215700350407	-0.15045601059991914	0.12178229431334227	-0.12924973042917381	0.049016727504634254	-0.14676150091700685	0.1468513104405768	-0.07611629774373538	0.07609807997584574	-0.049221961672827184	0.16102797092285315	-0.1556615266287507	0.08226038834185113	-0.11625456941889603
-0.1540104573966855	0.13359979207917014	-0.1770953815378283	0.16233495986500612	-0.18908909159048665	0.20033272742903935	-0.18062349501527933	0.20086103190825122	-0.26957960522714286	0.1650717369369568	-0.2988211370225589	0.2840061418756627	-0.5182762263140385	0.27173151141593344	-0.25364590569228473	0.24782913002443183	-0.48443634943457964	0.9999999999999984	-0.29547266169560993	0.19088871257045095	-0.20409539564727142	0.22362157851938091	-0.2014104547330638	0.19075780382991928	-0.20445345516949734	0.18059612040438686	-0.17269927176293717	0.14295533664053645	-0.17724019527260132	0.1806266902829823	-0.04536320781605741	0.13218371504214294	-0.15077489382005874	0.09606692063675347	-0.0986275374542746	0.045021740331597386	-0.16482672081555855	0.15800895839940965	-0.08965536442011038	0.12370220653225153
0.08977512090271457	-0.0835176131821516	0.11385951639994125	-0.12527184778672565	0.1497554142799783	-0.12742671395932018	0.10546848721056329	-0.13671510660428152	0.19226155886232507	-0.1571901868385021	0.14142557324739496	-0.15464105609395573	0.2061838342350229	-0.3929608520767584	0.2736413240668098	-0.12888898414443944	0.15376979769216362	-0.29547266169560993	0.9999999999999926	-0.528999223825097	0.10587817035894125	-0.1239092947739301	0.14300656517773044	-0.5132773470573441	0.2835446149891727	-0.10952601633803037	0.09980401276540095	-0.11088268891460311	0.2557409399289775	-0.2918707699288207	0.030509928635147805	-0.09123915549472883	0.11215711300798421	-0.12176319454332628	0.11995126409421877	-0.030649965476491754	0.11201545881571329	-0.13317411219602904	0.08281888431587318	-0.11419078724391367
-0.07670855047333335	0.07151504641891315	-0.10313240513558253	0.11896641891459817	-0.16119452183373656	0.10757523450942715	-0.08929445873252956	0.11886312504825229	-0.18678896212600285	0.17194412045111793	-0.11525384188100309	0.1227267631070385	-0.16383414712149913	0.2624975596539859	-0.45470317780522795	0.10200265482808217	-0.11924270614176526	0.19088871257045095	-0.528999223825097	0.9999999999999981	-0.08482191880326637	0.09744327864546139	-0.11330752400892684	0.2419418507593957	-0.5713224987365546	0.08746579523196717	-0.07997708187059908	0.08742635758198682	-0.2107883338137578	0.25912335727038266	-0.024854607278505494	0.0738177809852903	-0.09154408097044961	0.09988749841394622	-0.10439483149689044	0.024924164435592394	-0.09224765228162085	0.10822779314356651	-0.06837566816913716	0.09354868249893997
0.08893931972440992	-0.07910781780904676	0.08860822536039513	-0.08154497083870635	0.08718749135322756	-0.135754451080083	0.10444049288551098	-0.10782004957799096	0.12457360948489835	-0.0766103533946617	0.2188951919581936	-0.17933514603073375	0.150026312974875	-0.12042246473360706	0.10550782366252595	-0.5319437845947195	0.27459134309590877	-0.20409539564727142	0.10587817035894125	-0.08482191880326637	0.9999999999999958	-0.4512411640045045	0.18756595898119036	-0.10252762947880942	0.09603288041100551	-0.5720728808507966	0.2783619060319789	-0.15560783875801135	0.09768674448290195	-0.10041082115587828	0.05847455684990234	-0.16235187215225677	0.1504153132645504	-0.06578691784133824	0.0653014530236438	-0.05852938432235878	0.16931627144486394	-0.15032909674638067	0.07702044797360277	-0.1085095543151667
-0.09352751502494158	0.08174322771291546	-0.09658879888353701	0.0894275336564592	-0.09835123367289177	0.1318236805049246	-0.10851915579733482	0.11362502403831676	-0.14126838308117756	0.08607441599707183	-0.20909001392783746	0.17826933230998573	-0.16738113800802812	0.13229547121777066	-0.12068188919706006	0.2697413604496145	-0.4600295694840421	0.22362157851938091	-0.1239092947739301	0.09744327864546139	-0.4512411640045045	0.999999999999996	-0.3312158917308079	0.12249204312798798	-0.11280520743772626	0.31117281441044886	-0.5227790366166352	0.21478629166907978	-0.11928780457105606	0.11685865577564124	-0.0645181951950718	0.21147641984810775	-0.20814641164863987	0.08000392974718692	-0.07961677646009746	0.06308249214209727	-0.23084980521849233	0.18076589014081432	-0.09291564594934038	0.1280194928924652
0.07958417209392575	-0.07171267139289138	0.08784577804016507	-0.08657770272461006	0.0950452014988138	-0.11497834282761342	0.09094273812775595	-0.10573337542199272	0.13393575551918674	-0.08611791619484992	0.14373915017129196	-0.13585314447110386	0.13768142715082482	-0.13498955510106353	0.12222739870671112	-0.1735790490825109	0.19088533636912217	-0.2014104547330638	0.14300656517773044	-0.11330752400892684	0.18756595898119036	-0.3312158917308079	0.9999999999999936	-0.2014122393896203	0.13482957966905695	-0.23541184386390912	0.24149625133545455	-0.6835951962542095	0.17377943017011316	-0.16162765194041903	0.06718776891529797	-0.24353530677378019	0.2998783213855296	-0.12339625850084028	0.11708445998847368	-0.06906510240033148	0.22930990292634348	-0.3309736330868458	0.15601391855633412	-0.22754625335740813
-0.07884003405155668	0.07156930014564118	-0.09942159541640253	0.10643127633000819	-0.13127570709770198	0.10817903507128906	-0.08986664548282267	0.11372114673651117	-0.17454046227298325	0.1248657965391561	-0.12307760400742393	0.12334099525572173	-0.15781419093758928	0.2102990256694292	-0.21218093975061825	0.11315639751957642	-0.13406838741779187	0.19075780382991928	-0.5132773470573441	0.2419418507593957	-0.10252762947880942	0.12249204312798798	-0.2014122393896203	0.9999999999999919	-0.3070140486373577	0.10861401429397123	-0.10596358808421959	0.1428626053957738	-0.639860707054143	0.2844724420770267	-0.033385044175828826	0.10309697905737514	-0.13766611135533757	0.16812513675652918	-0.17478961418003797	0.033372515489859075	-0.12765723621178035	0.14774688993346824	-0.09872052718849765	0.12831440824625467
0.0818274662104482	-0.07669458760514501	0.10465966828424406	-0.11842706460805448	0.13933550667386696	-0.11771866220588252	0.0948044665335924	-0.1261032911013784	0.1750199629235543	-0.1509362894368704	0.12197197276630167	-0.12993060058134698	0.15778012653395693	-0.2420180418073843	0.24450717397319133	-0.11393785102465905	0.1281389512415926	-0.20445345516949734	0.2835446149891727	-0.5713224987365546	0.09603288041100551	-0.11280520743772626	0.13482957966905695	-0.3070140486373577	0.999999999999991	-0.10267577902826372	0.09377300472704632	-0.1076664140006318	0.25367271959371057	-0.5877653925712436	0.030161017905450203	-0.0903732891599507	0.11351179772113107	-0.1486355062871192	0.15029050491342325	-0.030345833373858152	0.11229049031283883	-0.14185544756809718	0.09214180326034377	-0.12761444591998333
-0.08579781657805134	0.07413679680819679	-0.08820070650338195	0.08167554572385113	-0.09009243762796451	0.1196544163328809	-0.09758070581054097	0.1025427193988135	-0.13020215222246798	0.07844158608336169	-0.19634624713645227	0.15136387164274506	-0.14457807406556114	0.11759946666203845	-0.10899904059879739	0.24962138814655613	-0.2575982787573482	0.18059612040438686	-0.10952601633803037	0.08746579523196717	-0.5720728808507966	0.31117281441044886	-0.23541184386390912	0.10861401429397123	-0.10267577902826372	0.9999999999999939	-0.5911815465284076	0.188802588580021	-0.1086289005058808	0.10623516026148218	-0.08783568754673675	0.2199457571993896	-0.20359468910657408	0.07452574162092014	-0.0744717624655806	0.08104164914524127	-0.2505292819130087	0.17015419012602034	-0.08787590763106849	0.11961013580605177
0.0719277112223853	-0.06383714392453058	0.07521853098903707	-0.07099191407620316	0.07736483489957065	-0.1041696943173484	0.08296446393900701	-0.08994360382871969	0.11057629976168698	-0.0684154434701953	0.15029013427385618	-0.13325561548583373	0.12356086127930338	-0.10551991575624708	0.09532822195217638	-0.20973329126815038	0.22090215700350407	-0.17269927176293717	0.09980401276540095	-0.07997708187059908	0.2783619060319789	-0.5227790366166352	0.24149625133545455	-0.10596358808421959	0.09377300472704632	-0.5911815465284076	0.9999999999999948	-0.27063375004229717	0.10501572806531169	-0.10294656025612876	0.07829906601135449	-0.37903550855560575	0.22697499389995315	-0.07682321734823855	0.07493400523217547	-0.0780576766478383	0.24760826603406488	-0.19209728181890476	0.09432806691525909	-0.13066737392381234
-0.061506866775435744	0.05466131571370037	-0.06801999036000642	0.06661889977770673	-0.07448372183546524	0.0866007452331489	-0.0696855837125119	0.08000943150262779	-0.10567957366959217	0.06684353615858184	-0.11325259104235869	0.1025528167083445	-0.10570073703003718	0.10215723032771727	-0.09569777340573794	0.13103996390499262	-0.15045601059991914	0.14295533664053645	-0.11088268891460311	0.08742635758198682	-0.15560783875801135	0.21478629166907978	-0.6835951962542095	0.1428626053957738	-0.1076664140006318	0.188802588580021	-0.27063375004229717	0.9999999999999941	-0.16355085243497475	0.127441740410576	-0.060833059000467204	0.23363440083805084	-0.5421251846740852	0.10742494523182497	-0.10338954463468536	0.06031876942974758	-0.23250530199387084	0.2413325752358239	-0.12106308134308094	0.1588662114293235
0.0712097198194494	-0.06542298431793363	0.08784543396847781	-0.09427069853770553	0.11044470505053151	-0.10069208739723715	0.08154419793153048	-0.10401954180575479	0.1469334844001906	-0.1074362942530375	0.11083711762561896	-0.11298688055783365	0.13502336970754697	-0.1850013827419328	0.16988353588800278	-0.1076455293763831	0.12178229431334227	-0.17724019527260132	0.2557409399289775	-0.2107883338137578	0.09768674448290195	-0.11928780457105606	0.17377943017011316	-0.639860707054143	0.25367271959371057	-0.1086289005058808	0.10501572806531169	-0.16355085243497475	0.9999999999999913	-0.5098905042185344	0.034040933047531474	-0.10775570270414452	0.14541676219617689	-0.3017451605276175	0.22601530468419992	-0.03423950238531203	0.12908254488633886	-0.16836863271207902	0.11833795938084048	-0.1554612291414249
-0.08160400299415517	0.07402012513957988	-0.10485087616761174	0.11365297987247756	-0.14309708858518913	0.11114784364454071	-0.09203112638833089	0.11818522093481235	-0.18879406146657685	0.1346981419503294	-0.12261683626345975	0.12209566877399536	-0.15133417509897068	0.1979798928504951	-0.227828165364434	0.11147380336461585	-0.12924973042917381	0.1806266902829823	-0.2918707699288207	0.25912335727038266	-0.10041082115587828	0.11685865577564124	-0.16162765194041903	0.2844724420770267	-0.5877653925712436	0.10623516026148218	-0.10294656025612876	0.127441740410576	-0.5098905042185344	0.9999999999999883	-0.033993900741129186	0.10326567590210864	-0.1389402227350524	0.21921710215618548	-0.2957460054137493	0.03387353965250495	-0.1332489583339431	0.1534166634787733	-0.11388863980498762	0.14395078974367387
0.020591721395261577	-0.018236182678717097	0.02227819653869998	-0.021501310412478148	0.023611141517946046	-0.029166405240864026	0.023245104217477924	-0.026325093236669664	0.03392761290056633	-0.02091799457560062	0.038749485212291816	-0.03417018831779283	0.03397200092509814	-0.031236418030363297	0.028998995957237726	-0.04652693978391551	0.049016727504634254	-0.04536320781605741	0.030509928635147805	-0.024854607278505494	0.05847455684990234	-0.0645181951950718	0.06718776891529797	-0.033385044175828826	0.030161017905450203	-0.08783568754673675	0.07829906601135449	-0.060833059000467204	0.034040933047531474	-0.033993900741129186	0.9999999999999891	-0.1390795974737925	0.08250459004096568	-0.027858405205547894	0.027240215664318824	-0.9735881163635594	0.13166084380565546	-0.07987053768823957	0.03839743239129473	-0.05360644857711125
-0.05863977350904533	0.05200322677349567	-0.06372892840021296	0.06168915392110092	-0.06811196156302868	0.08301334736764102	-0.0664025278290656	0.07523262832058117	-0.09748178888761536	0.06054740580852786	-0.11036618241453997	0.09849404865230448	-0.09826772481710866	0.09104980441311365	-0.08475885353920633	0.13221828851594605	-0.14676150091700685	0.13218371504214294	-0.09123915549472883	0.0738177809852903	-0.16235187215225677	0.21147641984810775	-0.24353530677378019	0.10309697905737514	-0.0903732891599507	0.2199457571993896	-0.37903550855560575	0.23363440083805084	-0.10775570270414452	0.10326567590210864	-0.1390795974737925	0.9999999999999886	-0.47790618243468697	0.09303154571064892	-0.09026882194254578	0.12384986106243542	-0.6670744854367929	0.25521898027409906	-0.12196176974189225	0.16133191532516167
0.0654922418429081	-0.05861761898050497	0.07279943862847348	-0.0717999888440457	0.07941554380392189	-0.0932735302253263	0.07407035287354538	-0.08643203587176455	0.11291013312445489	-0.07137480609167027	0.11617634870733827	-0.10748272102703704	0.10978383274249458	-0.10816520698135404	0.10061017404077903	-0.13611974622534953	0.1468513104405768	-0.15077489382005874	0.11215711300798421	-0.09154408097044961	0.1504153132645504	-0.20814641164863987	0.2998783213855296	-0.13766611135533757	0.11351179772113107	-0.20359468910657408	0.22697499389995315	-0.5421251846740852	0.14541676219617689	-0.1389402227350524	0.08250459004096568	-0.47790618243468697	0.9999999999999886	-0.155134167870898	0.13370608650505605	-0.08449224725226537	0.29538929229261673	-0.4539063520992357	0.18252525279048054	-0.2430927001195906
-0.04278216877905588	0.038557726662075534	-0.051922770377823675	0.05429296080909022	-0.06435683581635829	0.05907183240682243	-0.048139762209066385	0.05983051334051082	-0.08809589540102142	0.05988578682787665	-0.06775256764925605	0.06557669358583698	-0.07603448643520175	0.09206312784750456	-0.09296290662702947	0.06701848179249963	-0.07611629774373538	0.09606692063675347	-0.12176319454332628	0.09988749841394622	-0.06578691784133824	0.08000392974718692	-0.12339625850084028	0.16812513675652918	-0.1486355062871192	0.07452574162092014	-0.07682321734823855	0.10742494523182497	-0.3017451605276175	0.21921710215618548	-0.027858405205547894	0.09303154571064892	-0.155134167870898	0.9999999999999876	-0.8640785092556529	0.02770249371294277	-0.11623656463796202	0.15871966330208087	-0.2002131537195615	0.18883264773868716
0.04317572055294776	-0.0391136142865419	0.0523487161881843	-0.05498354486770086	0.06451519097766538	-0.060164690683616434	0.04874504829925367	-0.06094260930419905	0.08790863832405774	-0.0606605322826925	0.06802672386662434	-0.06655365949692135	0.07683151881952865	-0.09476395127801802	0.09351361260807316	-0.06760225083603812	0.07609807997584574	-0.0986275374542746	0.11995126409421877	-0.10439483149689044	0.0653014530236438	-0.07961677646009746	0.11708445998847368	-0.17478961418003797	0.15029050491342325	-0.0744717624655806	0.07493400523217547	-0.10338954463468536	0.22601530468419992	-0.2957460054137493	0.027240215664318824	-0.09026882194254578	0.13370608650505605	-0.8640785092556529	0.9999999999999878	-0.02725979853882971	0.11104347451277188	-0.16495517195311216	0.17047563785449857	-0.22482242905698763
-0.02069173614066611	0.01826206527946142	-0.0224108203925358	0.02159928789608277	-0.023808453535643155	0.02909450483208648	-0.02329867790194371	0.02633433103837346	-0.03428527025877901	0.021047381953891435	-0.03897109572552817	0.0340791888017916	-0.034107709060820716	0.03126338677426199	-0.029201382186445635	0.045862577102198876	-0.049221961672827184	0.045021740331597386	-0.030649965476491754	0.024924164435592394	-0.05852938432235878	0.06308249214209727	-0.06906510240033148	0.033372515489859075	-0.030345833373858152	0.08104164914524127	-0.0780576766478383	0.06031876942974758	-0.03423950238531203	0.03387353965250495	-0.9735881163635594	0.12384986106243542	-0.08449224725226537	0.02770249371294277	-0.02725979853882971	0.9999999999999889	-0.150106441772485	0.07742630324722272	-0.03775259517890268	0.05192751874413146
0.07178954278274263	-0.06453205702643329	0.07875026390257518	-0.0772579638645565	0.08408384714728512	-0.10379382028344727	0.08142278971167667	-0.09464464153103365	0.11984246463972831	-0.07533110872915028	0.12811135886802616	-0.11909998101832157	0.1183865570884129	-0.11385816427711701	0.10433086122067722	-0.15606133964013708	0.16102797092285315	-0.16482672081555855	0.11201545881571329	-0.09224765228162085	0.16931627144486394	-0.23084980521849233	0.22930990292634348	-0.12765723621178035	0.11229049031283883	-0.2505292819130087	0.24760826603406488	-0.23250530199387084	0.12908254488633886	-0.1332489583339431	0.13166084380565546	-0.6670744854367929	0.29538929229261673	-0.11623656463796202	0.11104347451277188	-0.150106441772485	0.9999999999999893	-0.4332976521090205	0.18430384277568285	-0.26660686546831747
-0.07780600669968694	0.06808414724498815	-0.08916428432661011	0.08783240935240319	-0.10073324421986393	0.10464428074689092	-0.0857067109796804	0.1005855370716143	-0.14697578843659828	0.088490263512672	-0.13082878087080183	0.11710550813810178	-0.12647438836507807	0.12506320453523473	-0.12463889685268113	0.13558715261598275	-0.1556615266287507	0.15800895839940965	-0.13317411219602904	0.10822779314356651	-0.15032909674638067	0.18076589014081432	-0.3309736330868458	0.14774688993346824	-0.14185544756809718	0.17015419012602034	-0.19209728181890476	0.2413325752358239	-0.16836863271207902	0.1534166634787733	-0.07987053768823957	0.25521898027409906	-0.4539063520992357	0.15871966330208087	-0.16495517195311216	0.07742630324722272	-0.4332976521090205	0.9999999999999898	-0.4962239399336099	0.3046310785848745
0.043119901408562915	-0.03807327843872248	0.050125631263293405	-0.05018484383481346	0.05774772779038266	-0.05855425276243359	0.04770794326128308	-0.05704305279115189	0.08303260254895709	-0.05152680630738783	0.07068736922100688	-0.06481724926378545	0.07106475368302317	-0.07442572242163625	0.07396594387063393	-0.07250238122823033	0.08226038834185113	-0.08965536442011038	0.08281888431587318	-0.06837566816913716	0.07702044797360277	-0.09291564594934038	0.15601391855633412	-0.09872052718849765	0.09214180326034377	-0.08787590763106849	0.09432806691525909	-0.12106308134308094	0.11833795938084048	-0.11388863980498762	0.03839743239129473	-0.12196176974189225	0.18252525279048054	-0.2002131537195615	0.17047563785449857	-0.03775259517890268	0.18430384277568285	-0.4962239399336099	0.9999999999999895	-0.7803016285039192
-0.06177226987488413	0.05410096708293657	-0.07203661488722425	0.07172093008849383	-0.08320344748267114	0.08249027464022385	-0.06781570244891927	0.0807180004104354	-0.12096227183286107	0.07340631957021866	-0.10066257868731018	0.09101692882707958	-0.1005292205807012	0.10330873625479048	-0.10477099570923293	0.10093014549971413	-0.11625456941889603	0.12370220653225153	-0.11419078724391367	0.09354868249893997	-0.1085095543151667	0.1280194928924652	-0.22754625335740813	0.12831440824625467	-0.12761444591998333	0.11961013580605177	-0.13066737392381234	0.1588662114293235	-0.1554612291414249	0.14395078974367387	-0.05360644857711125	0.16133191532516167	-0.2430927001195906	0.18883264773868716	-0.22482242905698763	0.05192751874413146	-0.26660686546831747	0.3046310785848745	-0.7803016285039192	0.9999999999999893
