1.0	-0.8073958212092304	0.13933685588719147	-0.08550213588569452	0.06795166222974325	-0.4554032101875999	0.26081365009345714	-0.15065210932429624	0.09642787240960808	-0.05551561820080121	0.20691101689735236	-0.18203459365300032	0.10557719143786169	-0.04750348831500573	0.04976949748026215	-0.13044661379689299	0.09069398293708734	-0.10425279298838842	0.045609892354188795	-0.03708970192588908	0.05189319498373261	-0.05429529324581244	0.047445475218780814	-0.0396685355898463	0.035573967888711706	-0.04705636315614714	0.04886284227369763	-0.04714246292640861	0.03291262908784724	-0.0358209850854349
-0.8073958212092304	1.0	-0.20653442707875808	0.11465994566771773	-0.0965341532471628	0.2897402569609383	-0.36248985991297344	0.17992737636285	-0.13888255995883822	0.07558174297106261	-0.23761885421182996	0.1818521139406711	-0.11910235803355801	0.06111259130639543	-0.06584898192884776	0.13135709576708215	-0.10239366798677808	0.10843191125023209	-0.052896808333344016	0.042633479379155514	-0.05656152986712864	0.05907618685150171	-0.0532538897965249	0.04455342067588195	-0.04076429543430719	0.050580007174941086	-0.05424606413111712	0.05195196121813524	-0.037050254160698494	0.040115441521527004
0.13933685588719147	-0.20653442707875808	1.0	-0.42918787075454046	0.17293881767943897	-0.18587305834436996	0.22890636667916384	-0.7617036135746329	0.24487280896666838	-0.14511043447285776	0.13310102269395618	-0.15248653765474904	0.09708473168841514	-0.0893148712079181	0.08962523058912039	-0.11385744804029126	0.0789688808303151	-0.09907986994096077	0.05335242803147694	-0.04468622610710861	0.046148126948677565	-0.049549983789792584	0.04671659816444311	-0.04243119931180614	0.039181123120488597	-0.04322749530608637	0.04450789249816339	-0.047228468517489144	0.03425727621545218	-0.03872665005694545
-0.08550213588569452	0.11465994566771773	-0.42918787075454046	1.0000000000000007	-0.4463819941055537	0.10356012092788387	-0.1360777913858474	0.249615468864745	-0.6702322684031139	0.27942692355366666	-0.08758928957266308	0.09363627263470958	-0.07010012309527494	0.1467457663217727	-0.15382767498383623	0.0821194504271024	-0.06032449424790274	0.0708867670796112	-0.061127928566326505	0.051710252076403104	-0.035872219430922274	0.039112468596695926	-0.04226255138019899	0.04234923209797165	-0.041529993336013975	0.03423157559866502	-0.036147846964516755	0.04258224541405975	-0.03329745909417087	0.03882515058925875
0.06795166222974325	-0.0965341532471628	0.17293881767943897	-0.4463819941055537	1.0000000000000018	-0.08509304159136567	0.09986157083221711	-0.18532153155045814	0.3040015211940532	-0.7879514817221727	0.07237399031541569	-0.08018036597129433	0.06119260630467578	-0.16727303296686016	0.16046791742622346	-0.07634687963334019	0.054787579029269236	-0.06471690546749377	0.061399517214972936	-0.05475327846230659	0.033480319784594606	-0.03677332714219575	0.04115026531227461	-0.04310036748094297	0.042061171086310634	-0.03247712847293752	0.03412327198259263	-0.04232216516395897	0.03337096111441133	-0.039935514632703506
-0.4554032101875999	0.2897402569609383	-0.18587305834436996	0.10356012092788387	-0.08509304159136567	1.000000000000002	-0.608162729301894	0.1921865274673201	-0.12327122044583996	0.06742992134424765	-0.4814141672296164	0.26245370666529005	-0.14427616978110527	0.05760633191803128	-0.06093794595955469	0.15945350251252827	-0.1154834511820734	0.13182640453533964	-0.05578917553831157	0.045045334600403726	-0.06473270192472869	0.06703942094540705	-0.058125293047682165	0.04813303620218462	-0.043184623898749566	0.0573662851059518	-0.060423717654851966	0.05709381584567473	-0.03993309619692875	0.0431689424733995
0.26081365009345714	-0.36248985991297344	0.22890636667916384	-0.1360777913858474	0.09986157083221711	-0.608162729301894	1.0000000000000022	-0.39371172534965293	0.1433642348504391	-0.08239505061971951	0.2855306444038106	-0.37922174305595074	0.1685939731949056	-0.06943503791969102	0.0714186256170293	-0.18806136631292486	0.13001533444708993	-0.16704779080088947	0.06634859951880416	-0.05429809874681641	0.07387807033249208	-0.0785021663193079	0.06815720318540999	-0.05757687535671546	0.051145988425613055	-0.06765163042599433	0.06940604178789969	-0.06821216662030473	0.047326149123692395	-0.05192241406909909
-0.15065210932429624	0.17992737636285	-0.7617036135746329	0.249615468864745	-0.18532153155045814	0.1921865274673201	-0.39371172534965293	1.0000000000000018	-0.2872156025689664	0.13876045912684767	-0.14958953987861195	0.15567520298052198	-0.10784064518779105	0.09174999477596682	-0.0980468267371245	0.11032512980166512	-0.08175227669730839	0.09910354416779073	-0.055419175457385984	0.04578692924385077	-0.04643174860197233	0.04982068453307016	-0.047654130248368176	0.04306749979604856	-0.040269249028015076	0.04301917850273114	-0.04514552504146054	0.04744499862690567	-0.03483943942223694	0.03911014779878972
0.09642787240960808	-0.13888255995883822	0.24487280896666838	-0.6702322684031139	0.3040015211940532	-0.12327122044583996	0.1433642348504391	-0.2872156025689664	1.0000000000000022	-0.4636369449410015	0.10178324663755918	-0.11422651960920506	0.08465452512102134	-0.2517856978221435	0.19633524170724256	-0.10493470521178494	0.07450600555467046	-0.08959834214242421	0.08081705873934705	-0.06965105362489242	0.04525758403131613	-0.04955547332773848	0.05413645771681026	-0.055888157355471105	0.054164821572471634	-0.04367307136882931	0.04568623748655522	-0.05541389479248846	0.043328300403503106	-0.05137040050005682
-0.05551561820080121	0.07558174297106261	-0.14511043447285776	0.27942692355366666	-0.7879514817221727	0.06742992134424765	-0.08239505061971951	0.13876045912684767	-0.4636369449410015	1.0000000000000018	-0.06075567182979807	0.06549482067153355	-0.053899617742274766	0.182297910500298	-0.2326068411914192	0.06481276268123215	-0.04865313356994286	0.05619108211400845	-0.06534965016289107	0.058101430373766215	-0.029799277229319198	0.03303093007909061	-0.03952165675675454	0.042801310227083764	-0.04347525728736851	0.029069421776524208	-0.03107088680863571	0.040157977945551496	-0.032910999087177414	0.039495831755407565
0.20691101689735236	-0.23761885421182996	0.13310102269395618	-0.08758928957266308	0.07237399031541569	-0.4814141672296164	0.2855306444038106	-0.14958953987861195	0.10178324663755918	-0.06075567182979807	1.0000000000000024	-0.6428668659538296	0.23663278314451416	-0.06552354336246106	0.06710292319803152	-0.32728423467982054	0.19117305049479008	-0.24194910391419389	0.08410659759566097	-0.06817591168976432	0.11201058636341935	-0.11490976955704166	0.09373656883548448	-0.0762810562894656	0.06638727675511101	-0.09926790609159637	0.10058705769495924	-0.0933431038578926	0.06325374046360199	-0.06812148092384576
-0.18203459365300032	0.1818521139406711	-0.15248653765474904	0.09363627263470958	-0.08018036597129433	0.26245370666529005	-0.37922174305595074	0.15567520298052198	-0.11422651960920506	0.06549482067153355	-0.6428668659538296	1.0000000000000018	-0.4564885989074659	0.07032260826541882	-0.07333592104310752	0.23025622948884908	-0.21836420504080586	0.2524839888319442	-0.0888181337960162	0.06949272933997885	-0.10480618801837557	0.11212805159904082	-0.09608308648957099	0.07666551721459704	-0.06797953327916562	0.09123609906662078	-0.10012743137756033	0.09138206430988143	-0.06353726977839234	0.06747759427594308
0.10557719143786169	-0.11910235803355801	0.09708473168841514	-0.07010012309527494	0.06119260630467578	-0.14427616978110527	0.1685939731949056	-0.10784064518779105	0.08465452512102134	-0.053899617742274766	0.23663278314451416	-0.4564885989074659	1.0000000000000018	-0.08451382065756093	0.08106945574402584	-0.28884433153880323	0.24492098578567467	-0.7351648167509509	0.12934071207273531	-0.1045799137529335	0.12290370641118188	-0.14471782207126407	0.129343588892683	-0.11036856245418668	0.09233811666049994	-0.11628164815102163	0.11936512196843622	-0.12718229446816343	0.08595959195363899	-0.09561636137176774
-0.04750348831500573	0.06111259130639543	-0.0893148712079181	0.1467457663217727	-0.16727303296686016	0.05760633191803128	-0.06943503791969102	0.09174999477596682	-0.2517856978221435	0.182297910500298	-0.06552354336246106	0.07032260826541882	-0.08451382065756093	1.0000000000000002	-0.8837106221335813	0.08605311058845054	-0.07403277117847035	0.0871938892566434	-0.22508846576241387	0.16621639290492635	-0.04717287583520509	0.05488221053947807	-0.08389953964888354	0.1045237078365815	-0.113009349591606	0.04789047120120999	-0.053649868932177325	0.08265483253973482	-0.07605578510747812	0.09271895810737943
0.04976949748026215	-0.06584898192884776	0.08962523058912039	-0.15382767498383623	0.16046791742622346	-0.06093794595955469	0.0714186256170293	-0.0980468267371245	0.19633524170724256	-0.2326068411914192	0.06710292319803152	-0.07333592104310752	0.08106945574402584	-0.8837106221335813	1.000000000000002	-0.09283161623202915	0.07552510752748547	-0.08919547888708892	0.1843521912185945	-0.19993639172131628	0.049531658195031296	-0.057732690158745215	0.08537925449742585	-0.11060947724862147	0.11566244060855867	-0.05110946464494964	0.05620020836417351	-0.08940419798633897	0.07920037766466435	-0.1025059938383615
-0.13044661379689299	0.13135709576708215	-0.11385744804029126	0.0821194504271024	-0.07634687963334019	0.15945350251252827	-0.18806136631292486	0.11032512980166512	-0.10493470521178494	0.06481276268123215	-0.32728423467982054	0.23025622948884908	-0.28884433153880323	0.08605311058845054	-0.09283161623202915	1.0000000000000018	-0.5884864280353632	0.2574180797296595	-0.14437677720426387	0.10918693760777749	-0.40603255893196344	0.2855446843288716	-0.20628729402190274	0.1410775839687183	-0.127018122766359	0.24103205984452497	-0.28301361185266716	0.18541994838519923	-0.12756631336970461	0.12133173638284003
0.09069398293708734	-0.10239366798677808	0.0789688808303151	-0.06032449424790274	0.054787579029269236	-0.1154834511820734	0.13001533444708993	-0.08175227669730839	0.07450600555467046	-0.04865313356994286	0.19117305049479008	-0.21836420504080586	0.24492098578567467	-0.07403277117847035	0.07552510752748547	-0.5884864280353632	1.0000000000000022	-0.4191677549193664	0.1352514602935175	-0.10937932432428417	0.2632774888892542	-0.4786635034412072	0.19233744560786045	-0.14452417192422468	0.11657476804321491	-0.2479106559045981	0.24439975987553242	-0.19988067866496828	0.1211462036257262	-0.12456152834670545
-0.10425279298838842	0.10843191125023209	-0.09907986994096077	0.0708867670796112	-0.06471690546749377	0.13182640453533964	-0.16704779080088947	0.09910354416779073	-0.08959834214242421	0.05619108211400845	-0.24194910391419389	0.2524839888319442	-0.7351648167509509	0.0871938892566434	-0.08919547888708892	0.2574180797296595	-0.4191677549193664	1.0000000000000038	-0.18335039000285883	0.12312959019811381	-0.14312141149096072	0.17197243430497816	-0.17210704954361208	0.13087459558274184	-0.11294900899579789	0.1271632122048288	-0.1465051216751926	0.14510356493120524	-0.10217808848626671	0.10860486772618165
0.045609892354188795	-0.052896808333344016	0.05335242803147694	-0.061127928566326505	0.061399517214972936	-0.05578917553831157	0.06634859951880416	-0.055419175457385984	0.08081705873934705	-0.06534965016289107	0.08410659759566097	-0.0888181337960162	0.12934071207273531	-0.22508846576241387	0.1843521912185945	-0.14437677720426387	0.1352514602935175	-0.18335039000285883	1.000000000000002	-0.7191433074974621	0.09374123566586234	-0.1168632664187504	0.21052532355278192	-0.397010948378936	0.30329542183909414	-0.10190777440767992	0.11588635511447393	-0.22223307211596727	0.20747668765059918	-0.28212860076123125
-0.03708970192588908	0.042633479379155514	-0.04468622610710861	0.051710252076403104	-0.05475327846230659	0.045045334600403726	-0.05429809874681641	0.04578692924385077	-0.06965105362489242	0.058101430373766215	-0.06817591168976432	0.06949272933997885	-0.1045799137529335	0.16621639290492635	-0.19993639172131628	0.10918693760777749	-0.10937932432428417	0.12312959019811381	-0.7191433074974621	1.000000000000001	-0.07436959946453409	0.09076814803031143	-0.18127242834391247	0.2574771273125042	-0.533275211028414	0.07794997954771396	-0.09295099348716686	0.16645462438316144	-0.19116337489410662	0.23077186633195057
0.05189319498373261	-0.05656152986712864	0.046148126948677565	-0.035872219430922274	0.033480319784594606	-0.06473270192472869	0.07387807033249208	-0.04643174860197233	0.04525758403131613	-0.029799277229319198	0.11201058636341935	-0.10480618801837557	0.12290370641118188	-0.04717287583520509	0.049531658195031296	-0.40603255893196344	0.2632774888892542	-0.14312141149096072	0.09374123566586234	-0.07436959946453409	1.0000000000000016	-0.5306767783404207	0.17111152321576156	-0.1135823513066537	0.0907057503546186	-0.6410484682853851	0.3145837388860288	-0.18086242028961433	0.10240787828947638	-0.09586072782828937
-0.05429529324581244	0.05907618685150171	-0.049549983789792584	0.039112468596695926	-0.03677332714219575	0.06703942094540705	-0.0785021663193079	0.04982068453307016	-0.04955547332773848	0.03303093007909061	-0.11490976955704166	0.11212805159904082	-0.14471782207126407	0.05488221053947807	-0.057732690158745215	0.2855446843288716	-0.4786635034412072	0.17197243430497816	-0.1168632664187504	0.09076814803031143	-0.5306767783404207	1.0000000000000009	-0.2757656789408221	0.1462440838363725	-0.11462533841678964	0.3099695768890539	-0.5237812648176035	0.22134819282590054	-0.13076641295893301	0.11624170090092842
0.047445475218780814	-0.0532538897965249	0.04671659816444311	-0.04226255138019899	0.04115026531227461	-0.058125293047682165	0.06815720318540999	-0.047654130248368176	0.05413645771681026	-0.03952165675675454	0.09373656883548448	-0.09608308648957099	0.129343588892683	-0.08389953964888354	0.08537925449742585	-0.20628729402190274	0.19233744560786045	-0.17210704954361208	0.21052532355278192	-0.18127242834391247	0.17111152321576156	-0.2757656789408221	0.9999999999999999	-0.5386678599400926	0.23264126579144376	-0.19417750104246068	0.22781032654630526	-0.622196297960905	0.2772742661227955	-0.2664913007283382
-0.0396685355898463	0.04455342067588195	-0.04243119931180614	0.04234923209797165	-0.04310036748094297	0.04813303620218462	-0.05757687535671546	0.04306749979604856	-0.055888157355471105	0.042801310227083764	-0.0762810562894656	0.07666551721459704	-0.11036856245418668	0.1045237078365815	-0.11060947724862147	0.1410775839687183	-0.14452417192422468	0.13087459558274184	-0.397010948378936	0.2574771273125042	-0.1135823513066537	0.1462440838363725	-0.5386678599400926	0.999999999999999	-0.46563215352020665	0.1183455638164995	-0.14988641367314684	0.29309036685243794	-0.43930581596267215	0.29533090541763696
0.035573967888711706	-0.04076429543430719	0.039181123120488597	-0.041529993336013975	0.042061171086310634	-0.043184623898749566	0.051145988425613055	-0.040269249028015076	0.054164821572471634	-0.04347525728736851	0.06638727675511101	-0.06797953327916562	0.09233811666049994	-0.113009349591606	0.11566244060855867	-0.127018122766359	0.11657476804321491	-0.11294900899579789	0.30329542183909414	-0.533275211028414	0.0907057503546186	-0.11462533841678964	0.23264126579144376	-0.46563215352020665	1.0	-0.10139069270553026	0.11878144956802054	-0.25379119968115266	0.27984993888114956	-0.5394694666404484
-0.04705636315614714	0.050580007174941086	-0.04322749530608637	0.03423157559866502	-0.03247712847293752	0.0573662851059518	-0.06765163042599433	0.04301917850273114	-0.04367307136882931	0.029069421776524208	-0.09926790609159637	0.09123609906662078	-0.11628164815102163	0.04789047120120999	-0.05110946464494964	0.24103205984452497	-0.2479106559045981	0.1271632122048288	-0.10190777440767992	0.07794997954771396	-0.6410484682853851	0.3099695768890539	-0.19417750104246068	0.1183455638164995	-0.10139069270553026	0.9999999999999996	-0.619355083198909	0.1966939381888352	-0.11883177544894165	0.10081929491628899
0.04886284227369763	-0.05424606413111712	0.04450789249816339	-0.036147846964516755	0.03412327198259263	-0.060423717654851966	0.06940604178789969	-0.04514552504146054	0.04568623748655522	-0.03107088680863571	0.10058705769495924	-0.10012743137756033	0.11936512196843622	-0.053649868932177325	0.05620020836417351	-0.28301361185266716	0.24439975987553242	-0.1465051216751926	0.11588635511447393	-0.09295099348716686	0.3145837388860288	-0.5237812648176035	0.22781032654630526	-0.14988641367314684	0.11878144956802054	-0.619355083198909	1.0	-0.36105449520540794	0.15016247716406156	-0.13300445164806673
-0.04714246292640861	0.05195196121813524	-0.047228468517489144	0.04258224541405975	-0.04232216516395897	0.05709381584567473	-0.06821216662030473	0.04744499862690567	-0.05541389479248846	0.040157977945551496	-0.0933431038578926	0.09138206430988143	-0.12718229446816343	0.08265483253973482	-0.08940419798633897	0.18541994838519923	-0.19988067866496828	0.14510356493120524	-0.22223307211596727	0.16645462438316144	-0.18086242028961433	0.22134819282590054	-0.622196297960905	0.29309036685243794	-0.25379119968115266	0.1966939381888352	-0.36105449520540794	1.0	-0.4665627207578691	0.2554511128499942
0.03291262908784724	-0.037050254160698494	0.03425727621545218	-0.03329745909417087	0.03337096111441133	-0.03993309619692875	0.047326149123692395	-0.03483943942223694	0.043328300403503106	-0.032910999087177414	0.06325374046360199	-0.06353726977839234	0.08595959195363899	-0.07605578510747812	0.07920037766466435	-0.12756631336970461	0.1211462036257262	-0.10217808848626671	0.20747668765059918	-0.19116337489410662	0.10240787828947638	-0.13076641295893301	0.2772742661227955	-0.43930581596267215	0.27984993888114956	-0.11883177544894165	0.15016247716406156	-0.4665627207578691	1.0	-0.6639276692288211
-0.0358209850854349	0.040115441521527004	-0.03872665005694545	0.03882515058925875	-0.039935514632703506	0.0431689424733995	-0.05192241406909909	0.03911014779878972	-0.05137040050005682	0.039495831755407565	-0.06812148092384576	0.06747759427594308	-0.09561636137176774	0.09271895810737943	-0.1025059938383615	0.12133173638284003	-0.12456152834670545	0.10860486772618165	-0.28212860076123125	0.23077186633195057	-0.09586072782828937	0.11624170090092842	-0.2664913007283382	0.29533090541763696	-0.5394694666404484	0.10081929491628899	-0.13300445164806673	0.2554511128499942	-0.6639276692288211	1.0
