1.0000000000000002	-0.14567417252860504	0.13893849330837313	-0.1230548563909229	0.08866381330126388	-0.34948598123664193	0.24557861571585482	-0.20009522729488396	0.15403320717223148	-0.11699876094358204	0.24772139225590262	-0.18665899939150327	0.14919804661471767	-0.11695385757356214	0.14831527681112663	-0.19577582930838006	0.19772664814260232	-0.145854707709437	0.10324851567434756	-0.11504774235151805	0.1585098630841949	-0.15622314827796716	0.14138309750611083	-0.17808637484735546	0.11972712540296652	-0.3487150839117529	0.1227671273746703	-0.12104304801187142	0.11140906142907929	-0.10715351184709296	0.10705724057308495	-0.12820662962517987	0.11433630599093095	-0.09676968250241348	0.08231375441103934	-0.0899191204305271	0.18535752531870203	-0.09988667378565975	0.09316077219977881	-0.08969118907007324	0.1279963955503201	-0.09296063879413216	0.0897847589248391	-0.06800681134630032	0.08180928321132437
-0.14567417252860504	1.0000000000000002	-0.7981584178117987	0.1377551608547758	-0.10516622776859005	0.12894769609066628	-0.44137823947639226	0.24412828371686157	-0.16744654520844066	0.10379948859958261	-0.12500123718710338	0.15383569898315405	-0.148689878911098	0.11067421665212544	-0.12931156046865502	0.09367688969991375	-0.14078803545156424	0.08229452756557432	-0.06060745171394646	0.06976440113206375	-0.07640006086946537	0.08144942947808838	-0.0744037055487581	0.09347850132578625	-0.07208689273207856	0.14248317315904058	-0.06291552922942381	0.06106211361652133	-0.05623176319863559	0.05388662955633908	-0.049403371844664215	0.06319731049657838	-0.05713186153554062	0.047958347550655034	-0.04126248843839376	0.041370056243406186	-0.08618241652879606	0.04729167439021199	-0.045951270101956855	0.04396441249800067	-0.05924801620653508	0.043318945432240005	-0.04250513428472049	0.03297901729521331	-0.039828326918181445
0.13893849330837313	-0.7981584178117987	1.0	-0.18813207038467233	0.12049869168297866	-0.12275748968923421	0.2679124084907274	-0.3906558328623052	0.17934104834448097	-0.11933649958707274	0.1156877070241647	-0.15081147258672786	0.1541773616202345	-0.12158688326346302	0.13809774143230746	-0.09862825496104374	0.134277488514397	-0.0890809271194345	0.06513503238571813	-0.07571513152615533	0.07960918289940576	-0.08650952458750114	0.07936230980086657	-0.10198183986848092	0.07723262182727371	-0.15602632881273518	0.06632505623923432	-0.06555473526568019	0.06012267183364896	-0.0580318507362424	0.052597581530729916	-0.06757729342610912	0.06090194118144248	-0.05137423834822203	0.044193170446812896	-0.04415323752024224	0.09123086708216338	-0.05051956570466311	0.049078034101749095	-0.0472261406929513	0.06283272832183875	-0.04606774477180715	0.0452509198456643	-0.03523919045576326	0.042488623193477064
-0.1230548563909229	0.1377551608547758	-0.18813207038467233	0.9999999999999999	-0.7758305118720693	0.08379394720808125	-0.16840991158580523	0.18124611707148874	-0.21970157686096584	0.30381196822428713	-0.09107116173269955	0.10988504794205987	-0.14349430294243973	0.1288755512244311	-0.38677957956131576	0.08055449833875124	-0.11935381952096669	0.10760337300582415	-0.08965368996523738	0.12037909238921385	-0.06864712196403688	0.08505973553677859	-0.0936219127568012	0.12126490660749024	-0.12474981730813142	0.12855991711127912	-0.0688316217547654	0.07316216164387711	-0.0712175005296421	0.06914371450149304	-0.05608613226421351	0.07161485468494964	-0.06822795969828788	0.0586057234480732	-0.0528271512875149	0.04674101888970943	-0.10172983675665768	0.055628754434581276	-0.05712684906116396	0.05415295010482428	-0.06984001625860271	0.05080667994196738	-0.050638432598729737	0.04028740853440915	-0.049302194680668696
0.08866381330126388	-0.10516622776859005	0.12049869168297866	-0.7758305118720693	1.0000000000000004	-0.06128698091469501	0.11638334066340099	-0.14866471936403075	0.16355339001909652	-0.5133199136465848	0.06566882081671199	-0.08148136282676076	0.1051909893227726	-0.10358608599635204	0.2710421759389356	-0.0608479851658363	0.08598681248934831	-0.08302084960233483	0.06697630214443707	-0.09200942214099617	0.05133372074897665	-0.06370738095673105	0.06907410299397598	-0.09321803658661984	0.0891716418412675	-0.09913783480799	0.0508261908746357	-0.05460780484050321	0.052284965203113834	-0.051436379881715975	0.04102391981495568	-0.053217925841057306	0.050238817145448526	-0.04330418007223652	0.03879741482892663	-0.03431882904265834	0.07357579280266238	-0.04091298469370995	0.04185492560370498	-0.040140151569540705	0.050615337013993913	-0.03703270387056032	0.03696799570852681	-0.029564640194650993	0.03601804831762025
-0.34948598123664193	0.12894769609066628	-0.12275748968923421	0.08379394720808125	-0.06128698091469501	1.0000000000000002	-0.3412931850772156	0.15255514310345308	-0.11618669871730303	0.07867705382701229	-0.8010263003220125	0.21051279790750488	-0.12675495755998414	0.09409043417113412	-0.09877396404044415	0.16026136062810056	-0.19529582837144702	0.0923238832933011	-0.06573223812388437	0.07147664319391368	-0.13109805915381356	0.10410049288332258	-0.08820008692330047	0.10597610003915592	-0.07453781049348819	0.1933574973606589	-0.08039400471240668	0.07332172940003683	-0.06668993672049865	0.06305860404577002	-0.06256731104610208	0.07818287777305645	-0.06961789850031895	0.057554376339736125	-0.048701262830309094	0.05218512014109139	-0.10790429933331253	0.05816748132455669	-0.05509747185937291	0.05245151491510065	-0.07409559920587697	0.05393332640266502	-0.05235841370578253	0.03985897025691371	-0.04800166686453172
0.24557861571585482	-0.44137823947639226	0.2679124084907274	-0.16840991158580523	0.11638334066340099	-0.3412931850772156	1.000000000000001	-0.352852567071086	0.20820518880346753	-0.14706321269824577	0.25316646091611744	-0.40358488020833794	0.21219269851446076	-0.17116305603097523	0.17172520881440956	-0.20199880661422984	0.26484595252493687	-0.156341739588055	0.10951502534331581	-0.12194637085171282	0.15697733543071338	-0.16431130501438485	0.14014801310888728	-0.17962838191703065	0.123747619621594	-0.30836780982866513	0.12222235446867873	-0.11776801596999138	0.10575951014973296	-0.10205009819211122	0.09521525046207052	-0.12349434719467928	0.10908231233543517	-0.09144710693745751	0.07752525253709433	-0.0801685533307081	0.16197798259975063	-0.09054234828815814	0.08662260272777907	-0.08381673299302062	0.11173949301758253	-0.08228715193662685	0.08055614338416306	-0.062481272869386206	0.07493865715046712
-0.20009522729488396	0.24412828371686157	-0.3906558328623052	0.18124611707148874	-0.14866471936403075	0.15255514310345308	-0.352852567071086	1.0000000000000007	-0.54850057536886	0.18839620209146124	-0.1678293400256326	0.2161152978028352	-0.4211153821495584	0.2762642129924911	-0.23315814684797015	0.13119947835663207	-0.21816498434390588	0.13054864382781473	-0.09926394450881287	0.11419672484924696	-0.11012597981752563	0.1220707734559426	-0.11705912095223793	0.14465568969105724	-0.11917178241800988	0.19664515799007673	-0.09658077587979844	0.09426613854572818	-0.08827900097579976	0.08400556864840183	-0.07606313644277349	0.09659793776888602	-0.08880277329450781	0.07453909725674626	-0.06474932391735229	0.06342059688136929	-0.13539578773592117	0.07324273292075949	-0.07199738806469091	0.06826338609927951	-0.09279627080459607	0.06748633413537226	-0.06634120315798334	0.05147507863508102	-0.06248178538617857
0.15403320717223148	-0.16744654520844066	0.17934104834448097	-0.21970157686096584	0.16355339001909652	-0.11618669871730303	0.20820518880346753	-0.54850057536886	0.9999999999999993	-0.291695649138183	0.1236465584431244	-0.18287465056748722	0.3102752948441408	-0.5756286620310811	0.22895152842583322	-0.11659621287058784	0.1676203492077852	-0.12849353437230848	0.09656538359699318	-0.11405272126248088	0.0955833740131948	-0.11038720506192315	0.1068162644491046	-0.1419735433444398	0.11180649227725165	-0.18661534063678106	0.08521337191617893	-0.08691087152589855	0.080109653613123	-0.07805846649791952	0.06707997608976168	-0.08753469874538036	0.07990553956217503	-0.06787330205781412	0.058974530501611014	-0.056326450729658306	0.11733015381396684	-0.06558046828410415	0.06481761113686042	-0.06256455722812394	0.08079870535744743	-0.0593662075815461	0.05872625029480441	-0.04628125694165565	0.055892884950447905
-0.11699876094358204	0.10379948859958261	-0.11933649958707274	0.30381196822428713	-0.5133199136465848	0.07867705382701229	-0.14706321269824577	0.18839620209146124	-0.291695649138183	1.0000000000000009	-0.08634044396608834	0.1080938262554925	-0.15402928519906664	0.1546170635705252	-0.6759850574510209	0.08005547464739837	-0.11726517001252193	0.12035169909703734	-0.10461757235178588	0.15033701803353458	-0.06822923141198173	0.08735579201185374	-0.09954186709015439	0.13345480141958646	-0.14695191689777623	0.1291095959845495	-0.07056140151380084	0.07689433534965794	-0.07501882114045309	0.07388071795897383	-0.056948761841101155	0.07389494696750155	-0.07090034321029022	0.06130439785853895	-0.05581742484306186	0.04752446790049062	-0.10309421040541131	0.05714793044987761	-0.05956951754980144	0.0567769235971154	-0.07084705151909113	0.05173886963087792	-0.0518876747074089	0.041796057102398955	-0.05115281191573712
0.24772139225590262	-0.12500123718710338	0.1156877070241647	-0.09107116173269955	0.06566882081671199	-0.8010263003220125	0.25316646091611744	-0.1678293400256326	0.1236465584431244	-0.08634044396608834	0.9999999999999981	-0.2934288626095841	0.1374429125147591	-0.10605558411037302	0.10688041006276931	-0.22435539162689086	0.21175236191761507	-0.10599248488025806	0.07449606896771754	-0.08092932424185613	0.15448365557179208	-0.1217551144684738	0.10023709156500372	-0.12178092884351174	0.08379878887963861	-0.2390748352821923	0.09175774597094152	-0.08396542443394991	0.07572149039590056	-0.0718973430870256	0.07157199719071836	-0.08987259394418741	0.07928524668533601	-0.06560075282739732	0.05531502494208262	-0.05986281772624442	0.12162846308002337	-0.06622808350533888	0.0625090440171453	-0.05976877910042458	0.08371320005522633	-0.06115187592742967	0.0593481023965862	-0.04526211383017869	0.05437600979449247
-0.18665899939150327	0.15383569898315405	-0.15081147258672786	0.10988504794205987	-0.08148136282676076	0.21051279790750488	-0.40358488020833794	0.2161152978028352	-0.18287465056748722	0.1080938262554925	-0.2934288626095841	0.9999999999999978	-0.3193648393406179	0.18108378292534696	-0.13429765100179786	0.1881555866854256	-0.7011572638722721	0.13523612597731152	-0.09620456114660522	0.0971605478185915	-0.15245681006268008	0.1555879470627796	-0.12179219667399215	0.13871990768200368	-0.10141496645268205	0.2176879603918448	-0.11751275006589382	0.09727441602127142	-0.08695678780610148	0.08101401484079157	-0.07743277693724959	0.10389717477197052	-0.0925303341807964	0.07454652162001682	-0.06269562270319666	0.06450589460809063	-0.1340327940010262	0.0731852455337404	-0.07073812737845117	0.06679014586768971	-0.09136868180530655	0.06699660243269351	-0.06571905191932806	0.05060839384549602	-0.06095154342929185
0.14919804661471767	-0.148689878911098	0.1541773616202345	-0.14349430294243973	0.1051909893227726	-0.12675495755998414	0.21219269851446076	-0.4211153821495584	0.3102752948441408	-0.15402928519906664	0.1374429125147591	-0.3193648393406179	0.9999999999999979	-0.702704970414242	0.16690399131818062	-0.12488606380011229	0.2103372297013135	-0.13021532606625283	0.09388357306320103	-0.1011840213725357	0.10027254001560314	-0.11347855059353847	0.10378393517606599	-0.1334783509732518	0.10044039210177225	-0.18482985725745632	0.08591193357887204	-0.08406430893665821	0.07637787985908608	-0.07357037749397971	0.06506101170096196	-0.0858269676535727	0.07755103377300278	-0.06502736054197088	0.05586555792756743	-0.054594702659063125	0.1131011046980751	-0.06309141428440355	0.06185093369383397	-0.05948095566027412	0.07775248251409048	-0.05717212557368689	0.05643153456104255	-0.04422275103828495	0.05330641410122996
-0.11695385757356214	0.11067421665212544	-0.12158688326346302	0.1288755512244311	-0.10358608599635204	0.09409043417113412	-0.17116305603097523	0.2762642129924911	-0.5756286620310811	0.1546170635705252	-0.10605558411037302	0.18108378292534696	-0.702704970414242	0.9999999999999976	-0.18091700341324554	0.09162863315311726	-0.1679647347734262	0.10186605859451511	-0.08131955957902287	0.08671727903626122	-0.07578131703699442	0.08600765766894285	-0.08269498828410918	0.1053801890570549	-0.08634441409985459	0.13512891537120594	-0.06688138266388063	0.06573587487134787	-0.060736914129104494	0.058329430897146595	-0.05078316182566178	0.06644539942000921	-0.06099312080218986	0.05119745838067303	-0.044462814176595575	0.042477371796665234	-0.08941628731593909	0.049420207600589114	-0.04902161156868809	0.04682794479214077	-0.0613605584099007	0.04495171488416872	-0.044462437775931875	0.0349093312791517	-0.04225986481009161
0.14831527681112663	-0.12931156046865502	0.13809774143230746	-0.38677957956131576	0.2710421759389356	-0.09877396404044415	0.17172520881440956	-0.23315814684797015	0.22895152842583322	-0.6759850574510209	0.10688041006276931	-0.13429765100179786	0.16690399131818062	-0.18091700341324554	0.9999999999999967	-0.10766961533187756	0.14435152894552986	-0.19139342481005278	0.15606920311461916	-0.2836935445543767	0.09100306792109057	-0.12094283621847175	0.13879391935793495	-0.2067569087498082	0.19857724442075922	-0.1807377691226834	0.09573258638950688	-0.10885896847738505	0.10332220593335491	-0.10555815025287232	0.07589550504810856	-0.10214441283319185	0.09717638326201875	-0.08505788965201629	0.0770747353547787	-0.06376588197435737	0.13534883017120825	-0.07773897351212164	0.08133049982013188	-0.07948025257681067	0.09335940760276902	-0.06896363264765479	0.0696470015630434	-0.0570628977144509	0.06931606669499352
-0.19577582930838006	0.09367688969991375	-0.09862825496104374	0.08055449833875124	-0.0608479851658363	0.16026136062810056	-0.20199880661422984	0.13119947835663207	-0.11659621287058784	0.08005547464739837	-0.22435539162689086	0.1881555866854256	-0.12488606380011229	0.09162863315311726	-0.10766961533187756	0.9999999999999951	-0.3078087832413103	0.11028969488195066	-0.0796515902837673	0.08356465537062255	-0.796256517171273	0.1699233637677409	-0.12477829322620534	0.12666488810669016	-0.09084391544522605	0.28961622257528635	-0.134382462759898	0.10078097089082716	-0.09158672665846407	0.08227927004403177	-0.09666914844659233	0.11362804995671752	-0.1008822856087545	0.07907649686134398	-0.06573038481387948	0.07784733012614614	-0.16432627840462416	0.08250591716143102	-0.07641877127716976	0.07007350667522648	-0.11183566733221453	0.07967435839726014	-0.07585356528323338	0.055453986096431734	-0.06706755718449385
0.19772664814260232	-0.14078803545156424	0.134277488514397	-0.11935381952096669	0.08598681248934831	-0.19529582837144702	0.26484595252493687	-0.21816498434390588	0.1676203492077852	-0.11726517001252193	0.21175236191761507	-0.7011572638722721	0.2103372297013135	-0.1679647347734262	0.14435152894552986	-0.3078087832413103	0.9999999999999982	-0.19439410980048089	0.12443647062034721	-0.12347599050366534	0.20139593198467517	-0.24736105617239526	0.1585398670640852	-0.18305829293410827	0.12622755607168523	-0.3020264363538028	0.15626153127063003	-0.12855344438331773	0.11122102034120858	-0.10409940436373093	0.09899696948473755	-0.13960392005595465	0.12012687147147827	-0.09635507589187599	0.07993967793271288	-0.08296280790936231	0.16770739160430334	-0.09372000491690681	0.09008422145557228	-0.08567439713910767	0.11454461121943287	-0.0847562801768295	0.08329106507805703	-0.0644737427359905	0.0772023827400878
-0.145854707709437	0.08229452756557432	-0.0890809271194345	0.10760337300582415	-0.08302084960233483	0.0923238832933011	-0.156341739588055	0.13054864382781473	-0.12849353437230848	0.12035169909703734	-0.10599248488025806	0.13523612597731152	-0.13021532606625283	0.10186605859451511	-0.19139342481005278	0.11028969488195066	-0.19439410980048089	0.9999999999999952	-0.714642193500203	0.27775556241655364	-0.09844314627027478	0.16507140237895696	-0.32844259692193223	0.2960245712951621	-0.3191393168845477	0.16930140176908437	-0.14012025208878237	0.1766757235969632	-0.1615606979470918	0.14334261448103547	-0.10606340232480001	0.14476861935927796	-0.1543893226818695	0.12498043800016366	-0.11192522738519393	0.0875851137878694	-0.19811703599524846	0.10956217455740712	-0.12011845237579973	0.10956386702703873	-0.1347380601360555	0.09820416692600217	-0.10083948522517808	0.08211568476075048	-0.10124265705674018
0.10324851567434756	-0.06060745171394646	0.06513503238571813	-0.08965368996523738	0.06697630214443707	-0.06573223812388437	0.10951502534331581	-0.09926394450881287	0.09656538359699318	-0.10461757235178588	0.07449606896771754	-0.09620456114660522	0.09388357306320103	-0.08131955957902287	0.15606920311461916	-0.0796515902837673	0.12443647062034721	-0.714642193500203	0.9999999999999962	-0.47642411304979826	0.07016158487466798	-0.12084266140513282	0.20771355688429105	-0.38144132893291843	0.28271956583570934	-0.12471079175219793	0.09925599698751869	-0.13087887355024494	0.11907726549901033	-0.11419631403172759	0.07406817183696733	-0.10515941691325761	0.10944493279083534	-0.09248831938730111	0.0843172685877648	-0.061659990042535695	0.13658526937910473	-0.07856949127284155	0.08754822994121797	-0.08250339617215972	0.09338061435352077	-0.06886514490427512	0.07131561718608953	-0.059703373589277096	0.07319688402822087
-0.11504774235151805	0.06976440113206375	-0.07571513152615533	0.12037909238921385	-0.09200942214099617	0.07147664319391368	-0.12194637085171282	0.11419672484924696	-0.11405272126248088	0.15033701803353458	-0.08092932424185613	0.0971605478185915	-0.1011840213725357	0.08671727903626122	-0.2836935445543767	0.08356465537062255	-0.12347599050366534	0.27775556241655364	-0.47642411304979826	0.9999999999999947	-0.07424282545054244	0.12106538888037512	-0.19122805777117707	0.2806993426831496	-0.7008194284621878	0.13480151698268425	-0.10259054409691966	0.12834712144726754	-0.136466765156822	0.14292596471668767	-0.08033003459303677	0.10959067905070155	-0.11506537710589289	0.10275367713336041	-0.10423600623244038	0.06675782971784101	-0.14924920129403532	0.08550032932772396	-0.1004753499242815	0.09505316807029698	-0.10245754574441285	0.07529911014970453	-0.07839430177235833	0.06752735205645018	-0.0839940155971394
0.1585098630841949	-0.07640006086946537	0.07960918289940576	-0.06864712196403688	0.05133372074897665	-0.13109805915381356	0.15697733543071338	-0.11012597981752563	0.0955833740131948	-0.06822923141198173	0.15448365557179208	-0.15245681006268008	0.10027254001560314	-0.07578131703699442	0.09100306792109057	-0.796256517171273	0.20139593198467517	-0.09844314627027478	0.07016158487466798	-0.07424282545054244	0.9999999999999949	-0.19397028621735676	0.11455100017502895	-0.11597178139792891	0.0801100534210352	-0.4610434759197372	0.13018703498631604	-0.09411023121967231	0.08305070904121972	-0.07488919924575009	0.09152506098679222	-0.10899522632704486	0.09324886801102239	-0.07250849759288194	0.05944725205206156	-0.0744641110200219	0.14588983463706645	-0.07517979353796218	0.06906868657187208	-0.06372478722304331	0.09981058575297863	-0.07192046916373204	0.06828734159634786	-0.0501304122675874	0.060252049173767336
-0.15622314827796716	0.08144942947808838	-0.08650952458750114	0.08505973553677859	-0.06370738095673105	0.10410049288332258	-0.16431130501438485	0.1220707734559426	-0.11038720506192315	0.08735579201185374	-0.1217551144684738	0.1555879470627796	-0.11347855059353847	0.08600765766894285	-0.12094283621847175	0.1699233637677409	-0.24736105617239526	0.16507140237895696	-0.12084266140513282	0.12106538888037512	-0.19397028621735676	0.9999999999999941	-0.3521514061437991	0.21037936262660956	-0.13781136858365506	0.22286191666068447	-0.6979401179973302	0.22856668883333844	-0.1796522892376492	0.14611635596924755	-0.15289488207894497	0.28533148082922777	-0.24404599065697524	0.15631350972384997	-0.11939402021180262	0.12416593354988632	-0.2682278016135915	0.14421606501964945	-0.14219453724526154	0.1248462353882639	-0.17082172068551313	0.12879856352272334	-0.12906383965303939	0.09812121940941856	-0.11723116669139887
0.14138309750611083	-0.0744037055487581	0.07936230980086657	-0.0936219127568012	0.06907410299397598	-0.08820008692330047	0.14014801310888728	-0.11705912095223793	0.1068162644491046	-0.09954186709015439	0.10023709156500372	-0.12179219667399215	0.10378393517606599	-0.08269498828410918	0.13879391935793495	-0.12477829322620534	0.1585398670640852	-0.32844259692193223	0.20771355688429105	-0.19122805777117707	0.11455100017502895	-0.3521514061437991	0.9999999999999934	-0.47717676119244967	0.2092430313520964	-0.1976699588626875	0.2278033601058666	-0.5553215471938849	0.2281507461982419	-0.19322555070720615	0.1273180010050327	-0.2519521375462075	0.2582119670381749	-0.19231977651743795	0.14179135340445703	-0.10902562616761988	0.22121284907174546	-0.14996569931210457	0.15710305328015833	-0.14972966465437265	0.15095070334924113	-0.11791626601318575	0.12664632664339878	-0.10731644607131191	0.12543695185497977
-0.17808637484735546	0.09347850132578625	-0.10198183986848092	0.12126490660749024	-0.09321803658661984	0.10597610003915592	-0.17962838191703065	0.14465568969105724	-0.1419735433444398	0.13345480141958646	-0.12178092884351174	0.13871990768200368	-0.1334783509732518	0.1053801890570549	-0.2067569087498082	0.12666488810669016	-0.18305829293410827	0.2960245712951621	-0.38144132893291843	0.2806993426831496	-0.11597178139792891	0.21037936262660956	-0.47717676119244967	0.9999999999999929	-0.4685820891055335	0.20355965097880602	-0.18427829182067598	0.2391413099148272	-0.2343974779003647	0.1943200146876475	-0.14083796464904752	0.19157315083194001	-0.21125218624497166	0.1716632452831782	-0.15232796495177714	0.11595708620646449	-0.2657130122189402	0.14654389257100336	-0.16402595465395495	0.14788824174842885	-0.18036789299526862	0.13124816612347234	-0.1356069994499876	0.11112239047426728	-0.13717138256460665
0.11972712540296652	-0.07208689273207856	0.07723262182727371	-0.12474981730813142	0.0891716418412675	-0.07453781049348819	0.123747619621594	-0.11917178241800988	0.11180649227725165	-0.14695191689777623	0.08379878887963861	-0.10141496645268205	0.10044039210177225	-0.08634441409985459	0.19857724442075922	-0.09084391544522605	0.12622755607168523	-0.3191393168845477	0.28271956583570934	-0.7008194284621878	0.0801100534210352	-0.13781136858365506	0.2092430313520964	-0.4685820891055335	0.9999999999999909	-0.14922710715824863	0.11316568463988412	-0.1512958362641228	0.16033126575844686	-0.2131074164398683	0.08542045133626176	-0.12413606213852899	0.12865045446498719	-0.12162738734445265	0.12701658510653732	-0.0717485772199608	0.15597714059262108	-0.09514375010022286	0.11554355199882631	-0.1168097511510038	0.10782649672583744	-0.08077504842064481	0.08554436927669626	-0.07733332286755489	0.09513641898046821
-0.3487150839117529	0.14248317315904058	-0.15602632881273518	0.12855991711127912	-0.09913783480799	0.1933574973606589	-0.30836780982866513	0.19664515799007673	-0.18661534063678106	0.1291095959845495	-0.2390748352821923	0.2176879603918448	-0.18482985725745632	0.13512891537120594	-0.1807377691226834	0.28961622257528635	-0.3020264363538028	0.16930140176908437	-0.12471079175219793	0.13480151698268425	-0.4610434759197372	0.22286191666068447	-0.1976699588626875	0.20355965097880602	-0.14922710715824863	0.9999999999999888	-0.20124900090891434	0.16580352190331402	-0.1573877743165744	0.14078565004211802	-0.21966203807019294	0.19103904090707685	-0.1706892069586402	0.1362507327934094	-0.11442437040957214	0.16298486904677154	-0.32913568761861595	0.15349391227843845	-0.13517418429941036	0.12239645271538455	-0.22790270361760984	0.1572649163867768	-0.1442202614759478	0.10025297764780085	-0.12168742097261187
0.1227671273746703	-0.06291552922942381	0.06632505623923432	-0.0688316217547654	0.0508261908746357	-0.08039400471240668	0.12222235446867873	-0.09658077587979844	0.08521337191617893	-0.07056140151380084	0.09175774597094152	-0.11751275006589382	0.08591193357887204	-0.06688138266388063	0.09573258638950688	-0.134382462759898	0.15626153127063003	-0.14012025208878237	0.09925599698751869	-0.10259054409691966	0.13018703498631604	-0.6979401179973302	0.2278033601058666	-0.18427829182067598	0.11316568463988412	-0.20124900090891434	0.9999999999999927	-0.24195973968441029	0.158960247151896	-0.1353774192770452	0.1391716459085199	-0.526421235122283	0.23853258101243582	-0.15330033222696732	0.10648513694295561	-0.12003297348225256	0.21903538973238293	-0.1347142600917378	0.12579630206919362	-0.11495723076661978	0.14013878155719234	-0.11285305060580791	0.1126875343193394	-0.08773530097782163	0.1014045611157447
-0.12104304801187142	0.06106211361652133	-0.06555473526568019	0.07316216164387711	-0.05460780484050321	0.07332172940003683	-0.11776801596999138	0.09426613854572818	-0.08691087152589855	0.07689433534965794	-0.08396542443394991	0.09727441602127142	-0.08406430893665821	0.06573587487134787	-0.10885896847738505	0.10078097089082716	-0.12855344438331773	0.1766757235969632	-0.13087887355024494	0.12834712144726754	-0.09411023121967231	0.22856668883333844	-0.5553215471938849	0.2391413099148272	-0.1512958362641228	0.16580352190331402	-0.24195973968441029	0.9999999999999892	-0.38492065220290006	0.20857537757119005	-0.1321753057792741	0.26231620612289736	-0.5361895773330866	0.24511056808790035	-0.16532250823054567	0.11024348394875091	-0.23298449140684127	0.16438586137575897	-0.19294980992285723	0.16436077211812403	-0.1579867475626121	0.12340157011515623	-0.14384896246606946	0.12194757636273182	-0.1434423270172613
0.11140906142907929	-0.05623176319863559	0.06012267183364896	-0.0712175005296421	0.052284965203113834	-0.06668993672049865	0.10575951014973296	-0.08827900097579976	0.080109653613123	-0.07501882114045309	0.07572149039590056	-0.08695678780610148	0.07637787985908608	-0.060736914129104494	0.10332220593335491	-0.09158672665846407	0.11122102034120858	-0.1615606979470918	0.11907726549901033	-0.136466765156822	0.08305070904121972	-0.1796522892376492	0.2281507461982419	-0.2343974779003647	0.16033126575844686	-0.1573877743165744	0.158960247151896	-0.38492065220290006	0.9999999999999896	-0.54003298471943	0.10931580134271325	-0.20793209419231312	0.25809772894899674	-0.5298169920573765	0.2721382047289804	-0.09487935543292118	0.1923916599423772	-0.16140414766501798	0.26439228740698956	-0.28448624373793263	0.13799428650324103	-0.11276570065875174	0.1364037726081203	-0.1670023064908985	0.18171660820388108
-0.10715351184709296	0.05388662955633908	-0.0580318507362424	0.06914371450149304	-0.051436379881715975	0.06305860404577002	-0.10205009819211122	0.08400556864840183	-0.07805846649791952	0.07388071795897383	-0.0718973430870256	0.08101401484079157	-0.07357037749397971	0.058329430897146595	-0.10555815025287232	0.08227927004403177	-0.10409940436373093	0.14334261448103547	-0.11419631403172759	0.14292596471668767	-0.07488919924575009	0.14611635596924755	-0.19322555070720615	0.1943200146876475	-0.2131074164398683	0.14078565004211802	-0.1353774192770452	0.20857537757119005	-0.54003298471943	0.9999999999999877	-0.10351240847852419	0.16189766145365983	-0.20159850954025038	0.2799342802974212	-0.601540408005079	0.08814335407476795	-0.1901579574843585	0.14402423710870518	-0.2880932767828863	0.2900579420694471	-0.13784104849586984	0.10862323164364447	-0.13327122433157568	0.16537273297910537	-0.21958799379927116
0.10705724057308495	-0.049403371844664215	0.052597581530729916	-0.05608613226421351	0.04102391981495568	-0.06256731104610208	0.09521525046207052	-0.07606313644277349	0.06707997608976168	-0.056948761841101155	0.07157199719071836	-0.07743277693724959	0.06506101170096196	-0.05078316182566178	0.07589550504810856	-0.09666914844659233	0.09899696948473755	-0.10606340232480001	0.07406817183696733	-0.08033003459303677	0.09152506098679222	-0.15289488207894497	0.1273180010050327	-0.14083796464904752	0.08542045133626176	-0.21966203807019294	0.1391716459085199	-0.1321753057792741	0.10931580134271325	-0.10351240847852419	0.9999999999999889	-0.23663964617276562	0.14319482890000962	-0.1066568113256638	0.08038453160444976	-0.8512960367359972	0.23799363529766476	-0.15153518277947836	0.09627087474868541	-0.09209568366272337	0.22094170306983904	-0.180057632519185	0.12255173568274474	-0.07706189476103208	0.08531028251592485
-0.12820662962517987	0.06319731049657838	-0.06757729342610912	0.07161485468494964	-0.053217925841057306	0.07818287777305645	-0.12349434719467928	0.09659793776888602	-0.08753469874538036	0.07389494696750155	-0.08987259394418741	0.10389717477197052	-0.0858269676535727	0.06644539942000921	-0.10214441283319185	0.11362804995671752	-0.13960392005595465	0.14476861935927796	-0.10515941691325761	0.10959067905070155	-0.10899522632704486	0.28533148082922777	-0.2519521375462075	0.19157315083194001	-0.12413606213852899	0.19103904090707685	-0.526421235122283	0.26231620612289736	-0.20793209419231312	0.16189766145365983	-0.23663964617276562	0.9999999999999848	-0.5367547569701463	0.20356861978174406	-0.13686841663467542	0.17385751388761186	-0.36251340146100325	0.18085275560669925	-0.17194181138663733	0.14283360233291717	-0.19507610058265418	0.15762420738420896	-0.1564476264079562	0.1147017141222861	-0.13351800068180547
0.11433630599093095	-0.05713186153554062	0.06090194118144248	-0.06822795969828788	0.050238817145448526	-0.06961789850031895	0.10908231233543517	-0.08880277329450781	0.07990553956217503	-0.07090034321029022	0.07928524668533601	-0.0925303341807964	0.07755103377300278	-0.06099312080218986	0.09717638326201875	-0.1008822856087545	0.12012687147147827	-0.1543893226818695	0.10944493279083534	-0.11506537710589289	0.09324886801102239	-0.24404599065697524	0.2582119670381749	-0.21125218624497166	0.12865045446498719	-0.1706892069586402	0.23853258101243582	-0.5361895773330866	0.25809772894899674	-0.20159850954025038	0.14319482890000962	-0.5367547569701463	0.9999999999999859	-0.3800208381922623	0.16408959175468263	-0.124968468794722	0.23398333707917224	-0.23298360819793107	0.20594202370880427	-0.17550426575878167	0.15975373179261115	-0.13454961372238305	0.1647257957809543	-0.13417248255559927	0.1472617777424114
-0.09676968250241348	0.047958347550655034	-0.05137423834822203	0.0586057234480732	-0.04330418007223652	0.057554376339736125	-0.09144710693745751	0.07453909725674626	-0.06787330205781412	0.06130439785853895	-0.06560075282739732	0.07454652162001682	-0.06502736054197088	0.05119745838067303	-0.08505788965201629	0.07907649686134398	-0.09635507589187599	0.12498043800016366	-0.09248831938730111	0.10275367713336041	-0.07250849759288194	0.15631350972384997	-0.19231977651743795	0.1716632452831782	-0.12162738734445265	0.1362507327934094	-0.15330033222696732	0.24511056808790035	-0.5298169920573765	0.2799342802974212	-0.1066568113256638	0.20356861978174406	-0.3800208381922623	0.9999999999999886	-0.32463409781427033	0.09133321337938978	-0.18960544095525486	0.1644867855268564	-0.5397786846982229	0.2720296795178651	-0.13682375609088906	0.11278670534137779	-0.14807589145862687	0.20322553909967406	-0.22939170496877778
0.08231375441103934	-0.04126248843839376	0.044193170446812896	-0.0528271512875149	0.03879741482892663	-0.048701262830309094	0.07752525253709433	-0.06474932391735229	0.058974530501611014	-0.05581742484306186	0.05531502494208262	-0.06269562270319666	0.05586555792756743	-0.044462814176595575	0.0770747353547787	-0.06573038481387948	0.07993967793271288	-0.11192522738519393	0.0843172685877648	-0.10423600623244038	0.05944725205206156	-0.11939402021180262	0.14179135340445703	-0.15232796495177714	0.12701658510653732	-0.11442437040957214	0.10648513694295561	-0.16532250823054567	0.2721382047289804	-0.601540408005079	0.08038453160444976	-0.13686841663467542	0.16408959175468263	-0.32463409781427033	0.9999999999999859	-0.06988579384001262	0.14462580834379413	-0.1271982917941921	0.2620112196612761	-0.6173178090575431	0.10685804886553538	-0.08827976344013792	0.1124199488301867	-0.16630103768514748	0.19934714139481818
-0.0899191204305271	0.041370056243406186	-0.04415323752024224	0.04674101888970943	-0.03431882904265834	0.05218512014109139	-0.0801685533307081	0.06342059688136929	-0.056326450729658306	0.04752446790049062	-0.05986281772624442	0.06450589460809063	-0.054594702659063125	0.042477371796665234	-0.06376588197435737	0.07784733012614614	-0.08296280790936231	0.0875851137878694	-0.061659990042535695	0.06675782971784101	-0.0744641110200219	0.12416593354988632	-0.10902562616761988	0.11595708620646449	-0.0717485772199608	0.16298486904677154	-0.12003297348225256	0.11024348394875091	-0.09487935543292118	0.08814335407476795	-0.8512960367359972	0.17385751388761186	-0.124968468794722	0.09133321337938978	-0.06988579384001262	0.9999999999999835	-0.29705081220381524	0.14115615219491967	-0.08569521254668826	0.07980796931032967	-0.31517042216818325	0.1869529229231795	-0.12309656984741867	0.07034589761420472	-0.07807551799159052
0.18535752531870203	-0.08618241652879606	0.09123086708216338	-0.10172983675665768	0.07357579280266238	-0.10790429933331253	0.16197798259975063	-0.13539578773592117	0.11733015381396684	-0.10309421040541131	0.12162846308002337	-0.1340327940010262	0.1131011046980751	-0.08941628731593909	0.13534883017120825	-0.16432627840462416	0.16770739160430334	-0.19811703599524846	0.13658526937910473	-0.14924920129403532	0.14588983463706645	-0.2682278016135915	0.22121284907174546	-0.2657130122189402	0.15597714059262108	-0.32913568761861595	0.21903538973238293	-0.23298449140684127	0.1923916599423772	-0.1901579574843585	0.23799363529766476	-0.36251340146100325	0.23398333707917224	-0.18960544095525486	0.14462580834379413	-0.29705081220381524	0.9999999999999841	-0.3300755532151838	0.17240538086923088	-0.16980102842205655	0.30310828565315623	-0.4295695203040611	0.2428571949483273	-0.14475800204249523	0.15601827203642904
-0.09988667378565975	0.04729167439021199	-0.05051956570466311	0.055628754434581276	-0.04091298469370995	0.05816748132455669	-0.09054234828815814	0.07324273292075949	-0.06558046828410415	0.05714793044987761	-0.06622808350533888	0.0731852455337404	-0.06309141428440355	0.049420207600589114	-0.07773897351212164	0.08250591716143102	-0.09372000491690681	0.10956217455740712	-0.07856949127284155	0.08550032932772396	-0.07517979353796218	0.14421606501964945	-0.14996569931210457	0.14654389257100336	-0.09514375010022286	0.15349391227843845	-0.1347142600917378	0.16438586137575897	-0.16140414766501798	0.14402423710870518	-0.15153518277947836	0.18085275560669925	-0.23298360819793107	0.1644867855268564	-0.1271982917941921	0.14115615219491967	-0.3300755532151838	0.9999999999999829	-0.19741685302776063	0.1535713159979098	-0.313972505775911	0.27417459983503123	-0.7604755056253062	0.2031438680262902	-0.22532570159483395
0.09316077219977881	-0.045951270101956855	0.049078034101749095	-0.05712684906116396	0.04185492560370498	-0.05509747185937291	0.08662260272777907	-0.07199738806469091	0.06481761113686042	-0.05956951754980144	0.0625090440171453	-0.07073812737845117	0.06185093369383397	-0.04902161156868809	0.08133049982013188	-0.07641877127716976	0.09008422145557228	-0.12011845237579973	0.08754822994121797	-0.1004753499242815	0.06906868657187208	-0.14219453724526154	0.15710305328015833	-0.16402595465395495	0.11554355199882631	-0.13517418429941036	0.12579630206919362	-0.19294980992285723	0.26439228740698956	-0.2880932767828863	0.09627087474868541	-0.17194181138663733	0.20594202370880427	-0.5397786846982229	0.2620112196612761	-0.08569521254668826	0.17240538086923088	-0.19741685302776063	0.999999999999984	-0.4817111493455993	0.1333085185109271	-0.11965731535759956	0.1706449920728166	-0.44761633807598056	0.2918479471779525
-0.08969118907007324	0.04396441249800067	-0.0472261406929513	0.05415295010482428	-0.040140151569540705	0.05245151491510065	-0.08381673299302062	0.06826338609927951	-0.06256455722812394	0.0567769235971154	-0.05976877910042458	0.06679014586768971	-0.05948095566027412	0.04682794479214077	-0.07948025257681067	0.07007350667522648	-0.08567439713910767	0.10956386702703873	-0.08250339617215972	0.09505316807029698	-0.06372478722304331	0.1248462353882639	-0.14972966465437265	0.14788824174842885	-0.1168097511510038	0.12239645271538455	-0.11495723076661978	0.16436077211812403	-0.28448624373793263	0.2900579420694471	-0.09209568366272337	0.14283360233291717	-0.17550426575878167	0.2720296795178651	-0.6173178090575431	0.07980796931032967	-0.16980102842205655	0.1535713159979098	-0.4817111493455993	0.9999999999999828	-0.12911304672996946	0.10690802119462478	-0.14660437113832836	0.24514064874084573	-0.383232634918942
0.1279963955503201	-0.05924801620653508	0.06283272832183875	-0.06984001625860271	0.050615337013993913	-0.07409559920587697	0.11173949301758253	-0.09279627080459607	0.08079870535744743	-0.07084705151909113	0.08371320005522633	-0.09136868180530655	0.07775248251409048	-0.0613605584099007	0.09335940760276902	-0.11183566733221453	0.11454461121943287	-0.1347380601360555	0.09338061435352077	-0.10245754574441285	0.09981058575297863	-0.17082172068551313	0.15095070334924113	-0.18036789299526862	0.10782649672583744	-0.22790270361760984	0.14013878155719234	-0.1579867475626121	0.13799428650324103	-0.13784104849586984	0.22094170306983904	-0.19507610058265418	0.15975373179261115	-0.13682375609088906	0.10685804886553538	-0.31517042216818325	0.30310828565315623	-0.313972505775911	0.1333085185109271	-0.12911304672996946	0.9999999999999826	-0.7112112058828464	0.2547608953440533	-0.12681427575569876	0.12954647908826938
-0.09296063879413216	0.043318945432240005	-0.04606774477180715	0.05080667994196738	-0.03703270387056032	0.05393332640266502	-0.08228715193662685	0.06748633413537226	-0.0593662075815461	0.05173886963087792	-0.06115187592742967	0.06699660243269351	-0.05717212557368689	0.04495171488416872	-0.06896363264765479	0.07967435839726014	-0.0847562801768295	0.09820416692600217	-0.06886514490427512	0.07529911014970453	-0.07192046916373204	0.12879856352272334	-0.11791626601318575	0.13124816612347234	-0.08077504842064481	0.1572649163867768	-0.11285305060580791	0.12340157011515623	-0.11276570065875174	0.10862323164364447	-0.180057632519185	0.15762420738420896	-0.13454961372238305	0.11278670534137779	-0.08827976344013792	0.1869529229231795	-0.4295695203040611	0.27417459983503123	-0.11965731535759956	0.10690802119462478	-0.7112112058828464	0.9999999999999822	-0.41712711502615774	0.12445455277939554	-0.1283824745666422
0.0897847589248391	-0.04250513428472049	0.0452509198456643	-0.050638432598729737	0.03696799570852681	-0.05235841370578253	0.08055614338416306	-0.06634120315798334	0.05872625029480441	-0.0518876747074089	0.0593481023965862	-0.06571905191932806	0.05643153456104255	-0.044462437775931875	0.0696470015630434	-0.07585356528323338	0.08329106507805703	-0.10083948522517808	0.07131561718608953	-0.07839430177235833	0.06828734159634786	-0.12906383965303939	0.12664632664339878	-0.1356069994499876	0.08554436927669626	-0.1442202614759478	0.1126875343193394	-0.14384896246606946	0.1364037726081203	-0.13327122433157568	0.12255173568274474	-0.1564476264079562	0.1647257957809543	-0.14807589145862687	0.1124199488301867	-0.12309656984741867	0.2428571949483273	-0.7604755056253062	0.1706449920728166	-0.14660437113832836	0.2547608953440533	-0.41712711502615774	0.999999999999982	-0.26889514593611097	0.19966470462811964
