1.0	-0.3300152564856	0.23007189628853547	-0.07949933909647655	0.07308186458685993	-0.8120555175771005	0.28468979754973833	-0.2834155951041475	0.09069966582132044	-0.08132823137752597	0.10465470824056364	-0.24004910465351997	0.17710736486163156	-0.13684402762209058	0.057404028899474525	-0.07284527837169671	0.10277189569031164	-0.10639782331232293	0.08049305309620448	-0.06764335499842795	0.05917656007402783	-0.063352280411392	0.08486298807832895	-0.07175391682895642	0.08729831587201976	-0.04859793718399572	0.045831595576730715	-0.04966849038949883	0.04581609719984001	-0.0400447745243679	0.05324568062229944	-0.042397551060321254	0.044769530478584584	-0.03276029359433668	0.03746051115344374	-0.02110322528060635	0.022736378143697653	-0.03087288794498259	0.0130094016322366	-0.013368561206461578	0.017144729202506016	-0.015058752407165171	0.03894039620473662	-0.013806867937767593	0.01530644824268336
-0.3300152564856	1.0	-0.7927353783080043	0.10942671857176473	-0.09667843738565389	0.23549927386841585	-0.38792821690617385	0.2652177405311889	-0.11307101275008645	0.08771802169116123	-0.07815614959227113	0.19508692656160212	-0.17506068306449188	0.1082991159075109	-0.05384362592322969	0.05323102183552801	-0.08514709957697233	0.0865744391931375	-0.0675142055897219	0.06153417237732729	-0.04688430486726735	0.04989495574290869	-0.07065662494162339	0.05876289669234935	-0.07321512211317883	0.038272908403685156	-0.03697613002442424	0.040096612381924746	-0.037979139577448834	0.033136507570376235	-0.042893908187782596	0.033996461723563	-0.03642527363866848	0.026963911981790333	-0.031022978100277758	0.01698801419636384	-0.01836796147834268	0.025008726997692396	-0.010646846920952248	0.010979237224144203	-0.0139124573123664	0.01219695972984364	-0.031707628646454246	0.011280637947700654	-0.012582489476263434
0.23007189628853547	-0.7927353783080043	1.0	-0.15486425586352265	0.11385575173941838	-0.24016042732204718	0.27818755413436297	-0.3851507762446421	0.13509033762732714	-0.11138796486411419	0.08452117715800053	-0.23803689194298142	0.19101387964050656	-0.12983145345208622	0.06481904691565799	-0.05894865674952487	0.09385116149424409	-0.10160298692561602	0.0777928064011059	-0.07557630321632658	0.051775943857280814	-0.055814390641630025	0.07905665450139461	-0.06712359058173502	0.08189217268834273	-0.04262419504282578	0.041174393328206174	-0.04492204307970298	0.04256649404205217	-0.037244842888812635	0.04748285192052576	-0.0379560307748372	0.04062061462512526	-0.030259593213039723	0.03471457322508796	-0.018918581153861202	0.02042858031361979	-0.02791820296603397	0.011917085026438212	-0.012293572044450547	0.015493434663376996	-0.013594238154030911	0.03530605099032319	-0.012635863011864368	0.014075125159294384
-0.07949933909647655	0.10942671857176473	-0.15486425586352265	0.9999999999999999	-0.6454097921968982	0.07133485408941574	-0.0942750896691007	0.1250029451174563	-0.6584223813601359	0.31410398683995244	-0.05104934427983153	0.08412055779520847	-0.0848946272960936	0.09808123489178767	-0.1164483462622485	0.03440159679514488	-0.05727307929189953	0.06349533657924865	-0.05649461191100409	0.1258305869087327	-0.03226538934266203	0.03385600234284635	-0.05605076636663728	0.04805271095033485	-0.062095268069329954	0.026997787425918827	-0.02717465398069124	0.030289101314762906	-0.030892621002845823	0.02743478439157658	-0.030936151015431197	0.025010861604131886	-0.0276563142828917	0.0217241004473985	-0.02518739227332522	0.012565782800860095	-0.013625192576517346	0.018936283179499143	-0.008403290017801057	0.008767602841159431	-0.010501857630430005	0.009194925085465402	-0.02408669405539857	0.008896229823910948	-0.010036616017715355
0.07308186458685993	-0.09667843738565389	0.11385575173941838	-0.6454097921968982	0.9999999999999999	-0.06788162742450868	0.0820957679127096	-0.10991069297894836	0.33050357282280596	-0.6247008960530945	0.057841904808905206	-0.08392489752124833	0.08024475189271105	-0.1236934758305315	0.176273756114762	-0.039158049315956775	0.06518983756808643	-0.07680427960115203	0.06959688917390727	-0.2108743118821926	0.0370829754213001	-0.03896408568599046	0.0667178792464061	-0.05905482792798146	0.07554956669685178	-0.03133739517461557	0.03180287402745795	-0.03584033015437922	0.037177279837754054	-0.03339630308724705	0.03592533384085089	-0.029344542519813752	0.03262268071197527	-0.026166090959316393	0.030275564618034354	-0.014729803947925203	0.015963619430571015	-0.022347571877418232	0.010041631504113337	-0.01050817988733162	0.01235526399079066	-0.010823658927743389	0.02836821249549191	-0.010638593624094687	0.012009153654968293
-0.8120555175771005	0.23549927386841585	-0.24016042732204718	0.07133485408941574	-0.06788162742450868	1.0000000000000007	-0.42701989074852453	0.23644454938075382	-0.0837707550456259	0.07069735546683976	-0.10871151715999737	0.199337682539115	-0.17223784374247436	0.11640369022232662	-0.050526363845616054	0.06993463730504001	-0.0979344997323607	0.09319250386663043	-0.07205791119673471	0.058321262955578636	-0.0564380755330746	0.05915192207712902	-0.07842003453430253	0.06465421664914736	-0.08064580759583499	0.04549618888099089	-0.04279336789478671	0.045886739766672	-0.04220882297820983	0.03677192267965328	-0.05021541479207937	0.039417074634532936	-0.04160579419097958	0.030141155537652346	-0.03457537512996292	0.019668023435368755	-0.02122721619483338	0.028633592301652695	-0.012004111882114478	0.012324394271837215	-0.015948251817571667	0.01399328818663726	-0.036225206989374203	0.012727021534965008	-0.014125703874991652
0.28468979754973833	-0.38792821690617385	0.27818755413436297	-0.0942750896691007	0.0820957679127096	-0.42701989074852453	1.0000000000000004	-0.5975480788443194	0.111801027517683	-0.09236275511035977	0.09696902215136931	-0.4211215716508881	0.2734147359561496	-0.13618803858292283	0.060313707275449976	-0.06775504348084697	0.10964433831381785	-0.11420379704877533	0.08660900419370933	-0.06950318168307115	0.058554500248687316	-0.06380359000276221	0.08664065339799934	-0.07269525857208775	0.08862841361142594	-0.04755384935598457	0.04558766001952599	-0.0492983870631943	0.046212305923608914	-0.040259990975918175	0.052716204030171715	-0.04190022962475307	0.04455418033526539	-0.03283371812770723	0.03766089154510486	-0.020807668476319315	0.02246517375480626	-0.030562517481533397	0.012948439918855175	-0.013333057875137187	0.01695889679452569	-0.014880482983845717	0.03863308238988808	-0.013723736746174005	0.015267900286782633
-0.2834155951041475	0.2652177405311889	-0.3851507762446421	0.1250029451174563	-0.10991069297894836	0.23644454938075382	-0.5975480788443194	1.0000000000000007	-0.17790271405874203	0.12014302381337255	-0.11060605603289968	0.3087741112736714	-0.49331183614685886	0.15889096426623517	-0.0759005012750792	0.07538695223812394	-0.12732195034555102	0.13762276264765114	-0.10816003371628502	0.08509807021961142	-0.06798902755979114	0.07260551354284686	-0.10576563361424636	0.08745516567016605	-0.108614208308117	0.0552617623914169	-0.05393295783128566	0.058544952617347705	-0.05616844442820381	0.04881690100072106	-0.06229022157460319	0.049406388865617976	-0.053258040663015545	0.0396622332828367	-0.0457238197682908	0.024655922922703667	-0.026690081426864975	0.0364337950535132	-0.015578731467873034	0.01608872853077739	-0.020250841130082305	0.01774282890112095	-0.0462543921326862	0.01649097779186081	-0.01843974680718584
0.09069966582132044	-0.11307101275008645	0.13509033762732714	-0.6584223813601359	0.33050357282280596	-0.0837707550456259	0.111801027517683	-0.17790271405874203	0.9999999999999999	-0.5895511542584538	0.064195299920496	-0.10453190548924872	0.1059205692512575	-0.13797976014018606	0.16723002045448596	-0.04345361818740117	0.07259610584432964	-0.0841601893083756	0.0757997094608218	-0.1950338613773145	0.04091655297100354	-0.043046791721742854	0.07239358815554252	-0.063233896791676	0.08069669161569029	-0.03435771932782394	0.03472168712327863	-0.03891230596183319	0.03999976869763618	-0.035704134794121385	0.03934922066468545	-0.03198554956784239	0.03544799771340438	-0.02813257923918647	0.03256277573858159	-0.01604825223702511	0.017395334081913533	-0.024265977626877676	0.010830607528610951	-0.011315095920505207	0.013430296618834766	-0.011763135849872515	0.030823717913172337	-0.011470256677613533	0.012939917900259577
-0.08132823137752597	0.08771802169116123	-0.11138796486411419	0.31410398683995244	-0.6247008960530945	0.07069735546683976	-0.09236275511035977	0.12014302381337255	-0.5895511542584538	1.0000000000000027	-0.067457956049558	0.08898578178523513	-0.09203028892227758	0.13494874885396094	-0.3122372837685067	0.04504391344097695	-0.07577802962798913	0.08417476703061753	-0.07936199684288396	0.22484255031903697	-0.043063642011712706	0.04483191438891398	-0.0779915096300735	0.06707375824388996	-0.08921899725158122	0.03624991368329548	-0.03695271264272496	0.04149604369289861	-0.04347171420235281	0.03883171753060212	-0.041854152679795385	0.03400839264850769	-0.03800309055716309	0.030445917057669327	-0.03545639759503675	0.01712066533906688	-0.018584901944710436	0.025987515266608422	-0.011700066577619912	0.012258587100907978	-0.014402563059361157	0.012602701972598121	-0.033105754135260124	0.012379283000734341	-0.014031317392320011
0.10465470824056364	-0.07815614959227113	0.08452117715800053	-0.05104934427983153	0.057841904808905206	-0.10871151715999737	0.09696902215136931	-0.11060605603289968	0.064195299920496	-0.067457956049558	1.000000000000001	-0.15951157270670868	0.1277391529443328	-0.2804824303179547	0.08025684835574202	-0.7129792193277633	0.2820998991281931	-0.21308376465969994	0.15141549481437488	-0.09798922276909156	0.25573000257698	-0.26076147093281793	0.18511266357213887	-0.15527417146506695	0.17808927013122572	-0.19622509393784063	0.14261735586345517	-0.14319730349724077	0.10079392990303412	-0.08812348627953911	0.17417679573987138	-0.13534745886393312	0.12257532964959647	-0.07614304822680339	0.08352227106545325	-0.06403184650689642	0.06709056918732817	-0.0858650497534087	0.03189937453385887	-0.03152640178709261	0.04699121999017174	-0.04186617183321638	0.1037098909734446	-0.03415078753459115	0.03586047307569498
-0.24004910465351997	0.19508692656160212	-0.23803689194298142	0.08412055779520847	-0.08392489752124833	0.199337682539115	-0.4211215716508881	0.3087741112736714	-0.10453190548924872	0.08898578178523513	-0.15951157270670868	1.0000000000000036	-0.7175319675018724	0.19850103909335526	-0.0763410435373415	0.10999147151900428	-0.21081041973911258	0.18316193018302804	-0.1438010757903051	0.08543847078366336	-0.09906562698935505	0.10847854556313202	-0.1420926484998061	0.11530482094397965	-0.14309681967622073	0.07816859986729677	-0.07519346754261723	0.08005824491409302	-0.07460555263843774	0.06453474942281778	-0.08735858149311194	0.06849777851671905	-0.07265669416581297	0.052831948223509735	-0.06077320665658693	0.03393938319958888	-0.03671160915719493	0.04960936449084695	-0.020860349380931262	0.021448907012455734	-0.027573746690345236	0.024169460951778125	-0.06286431493176113	0.022078869723358666	-0.024584342724777955
0.17710736486163156	-0.17506068306449188	0.19101387964050656	-0.0848946272960936	0.08024475189271105	-0.17223784374247436	0.2734147359561496	-0.49331183614685886	0.1059205692512575	-0.09203028892227758	0.1277391529443328	-0.7175319675018724	1.000000000000004	-0.23968886909201298	0.07777423998447516	-0.09194828112233691	0.16149610743756154	-0.23774868532781923	0.1543820538425829	-0.08763884016784315	0.08265702529907157	-0.0919934959560371	0.1311063568479031	-0.11358038856914683	0.13123523533553721	-0.06725279377274573	0.06558065772944645	-0.07159902238057564	0.06854107514196021	-0.05944814547483813	0.07477717153930634	-0.060091147070809627	0.06445422146309997	-0.04833216686118502	0.05534787302973365	-0.02967388793517322	0.032054436536281455	-0.0439868662311332	0.018815769039062367	-0.01942345692246427	0.024297312963415037	-0.021318199137808486	0.055550343374726883	-0.019929569174034642	0.022216484947874385
-0.13684402762209058	0.1082991159075109	-0.12983145345208622	0.09808123489178767	-0.1236934758305315	0.11640369022232662	-0.13618803858292283	0.15889096426623517	-0.13797976014018606	0.13494874885396094	-0.2804824303179547	0.19850103909335526	-0.23968886909201298	1.000000000000002	-0.2312769746792812	0.1806028883314317	-0.3231106647487607	0.3115973166419528	-0.4751178820895733	0.20236996973075075	-0.1808037109607594	0.18294123429799075	-0.3529974840709317	0.2781666650014302	-0.37406868957104844	0.15040120500347295	-0.15688727243894637	0.17479368741493811	-0.18671665705697515	0.15991244575397312	-0.1780317683094257	0.14265093452049754	-0.1626764545078316	0.12793311106592042	-0.150987333833822	0.07230247957637187	-0.07893984001886088	0.11014125562561583	-0.04931289063722252	0.051660313512259685	-0.061451407636271244	0.05356081768801432	-0.1419761440536941	0.05192951850610468	-0.059437170894019106
0.057404028899474525	-0.05384362592322969	0.06481904691565799	-0.1164483462622485	0.176273756114762	-0.050526363845616054	0.060313707275449976	-0.0759005012750792	0.16723002045448596	-0.3122372837685067	0.08025684835574202	-0.0763410435373415	0.07777423998447516	-0.2312769746792812	1.0000000000000029	-0.05384039551803904	0.0925170172202417	-0.1188813904932696	0.12642099722600456	-0.8734718809793375	0.052703938292388744	-0.054987013840214545	0.10364589458686306	-0.09663612384551819	0.12449861758563374	-0.04489684474043889	0.04668360365073136	-0.05349198341093712	0.058527336722313465	-0.05397858965788173	0.051985674839973156	-0.043024403021124626	0.048661138976198906	-0.04098907526731033	0.047452904247340506	-0.021540907984054346	0.02337733066569132	-0.03316580707272839	0.015363422743996097	-0.016208774578195348	0.01822625326944604	-0.015963069792246282	0.04205600592223715	-0.016273471947195594	0.018462720341445693
-0.07284527837169671	0.05323102183552801	-0.05894865674952487	0.03440159679514488	-0.039158049315956775	0.06993463730504001	-0.06775504348084697	0.07538695223812394	-0.04345361818740117	0.04504391344097695	-0.7129792193277633	0.10999147151900428	-0.09194828112233691	0.1806028883314317	-0.05384039551803904	1.0000000000000033	-0.3903865127133397	0.15245634952943735	-0.11027723571696867	0.06494941718563878	-0.44332264144258715	0.2665489656958531	-0.14416355153662183	0.11373538666480396	-0.1282026637338436	0.19090722966533824	-0.13603579347422984	0.11974788676348044	-0.0754747868363979	0.06511937295285822	-0.18691965785161413	0.12135800673037324	-0.10558788520937173	0.05815419216213031	-0.06282939841359678	0.05742164913865953	-0.06106265435122887	0.07182417504079223	-0.02466652259781303	0.02380355713643284	-0.03993277687139395	0.03536733112691047	-0.08760860878266485	0.026273030154974675	-0.027042768481147034
0.10277189569031164	-0.08514709957697233	0.09385116149424409	-0.05727307929189953	0.06518983756808643	-0.0979344997323607	0.10964433831381785	-0.12732195034555102	0.07259610584432964	-0.07577802962798913	0.2820998991281931	-0.21081041973911258	0.16149610743756154	-0.3231106647487607	0.0925170172202417	-0.3903865127133397	1.0000000000000016	-0.3326797651760316	0.20119436937257248	-0.11205998340445648	0.28882062251185775	-0.5484734360150293	0.21939350981869607	-0.189531793230492	0.2010550581041638	-0.21516252629182583	0.1776930038439235	-0.17225173148216585	0.11522223224444275	-0.10051433865331623	0.19727950208109796	-0.16302630781243752	0.14278130328003552	-0.08718419082548957	0.0946586823398122	-0.0718945433925115	0.07555517481011914	-0.09798592315852146	0.035891583573553446	-0.03536561798060104	0.05277387844058237	-0.04701807902277512	0.11752602979708618	-0.03836522407505431	0.04011535494269927
-0.10639782331232293	0.0865744391931375	-0.10160298692561602	0.06349533657924865	-0.07680427960115203	0.09319250386663043	-0.11420379704877533	0.13762276264765114	-0.0841601893083756	0.08417476703061753	-0.21308376465969994	0.18316193018302804	-0.23774868532781923	0.3115973166419528	-0.1188813904932696	0.15245634952943735	-0.3326797651760316	1.0000000000000022	-0.693384978556209	0.13073743288145925	-0.15045202952716097	0.16459557346950487	-0.3089283697807719	0.2671889403575333	-0.2822502460569718	0.12220126223270361	-0.12684779001960295	0.14276519457354722	-0.1471689487064964	0.12502429001838827	-0.13913585706059473	0.11458482974955428	-0.12794987361993976	0.10062999607133319	-0.1151110586142293	0.05604396410206406	-0.06076532112917299	0.0856078867520697	-0.03767342593409436	0.0391657908821606	-0.046735773804818664	0.04094524095795656	-0.1082406247062081	0.03977764673298629	-0.044666512993326024
0.08049305309620448	-0.0675142055897219	0.0777928064011059	-0.05649461191100409	0.06959688917390727	-0.07205791119673471	0.08660900419370933	-0.10816003371628502	0.0757997094608218	-0.07936199684288396	0.15141549481437488	-0.1438010757903051	0.1543820538425829	-0.4751178820895733	0.12642099722600456	-0.11027723571696867	0.20119436937257248	-0.693384978556209	1.0000000000000016	-0.15354143095406936	0.10754268925629057	-0.11995561145156405	0.25483477053359455	-0.40324994342992	0.2356433492893916	-0.09211172139853237	0.09777802557286033	-0.1169536677271986	0.12836133673215278	-0.1106493116502686	0.10373351435398223	-0.08973655605139165	0.10156373814051745	-0.08799220713303262	0.09660940649544741	-0.04339233609072777	0.046870501654574015	-0.06807316867700883	0.031143540208863976	-0.032559983940441364	0.03648480412394596	-0.03207459133737549	0.08484230420171057	-0.03299564796029443	0.03679800607036836
-0.06764335499842795	0.06153417237732729	-0.07557630321632658	0.1258305869087327	-0.2108743118821926	0.058321262955578636	-0.06950318168307115	0.08509807021961142	-0.1950338613773145	0.22484255031903697	-0.09798922276909156	0.08543847078366336	-0.08763884016784315	0.20236996973075075	-0.8734718809793375	0.06494941718563878	-0.11205998340445648	0.13073743288145925	-0.15354143095406936	1.0000000000000022	-0.06396980665373286	0.06612991261124593	-0.12653548000313164	0.11297182995184608	-0.1618867839089982	0.05435846375638285	-0.05673068739624736	0.06474024684694232	-0.07215953874973774	0.06620061946416643	-0.06332555005348303	0.05217295261012933	-0.05931860738974157	0.050101065140576266	-0.058728175758809384	0.02619995361582038	-0.0284737486728228	0.04035373191935138	-0.018787803226913348	0.01987185828744922	-0.022228120491745745	0.019446253655077655	-0.051350401184296846	0.01986137033250284	-0.02267889071624371
0.05917656007402783	-0.04688430486726735	0.051775943857280814	-0.03226538934266203	0.0370829754213001	-0.0564380755330746	0.058554500248687316	-0.06798902755979114	0.04091655297100354	-0.043063642011712706	0.25573000257698	-0.09906562698935505	0.08265702529907157	-0.1808037109607594	0.052703938292388744	-0.44332264144258715	0.28882062251185775	-0.15045202952716097	0.10754268925629057	-0.06396980665373286	1.000000000000001	-0.6380498626893212	0.15117737146326604	-0.11871741003746494	0.12696665603461743	-0.41899419102759866	0.18487167414265077	-0.15038903003227547	0.07848524089165884	-0.06758545521437717	0.24488765237163193	-0.16522429446615094	0.1253943691627304	-0.06258465817324411	0.06566542071165098	-0.07079442485632828	0.07327050665453244	-0.08404303417182095	0.026776263551380436	-0.025267752760924935	0.045612862146393436	-0.0407556006030097	0.09897222542078912	-0.028554323554451554	0.028540442894569223
-0.063352280411392	0.04989495574290869	-0.055814390641630025	0.03385600234284635	-0.03896408568599046	0.05915192207712902	-0.06380359000276221	0.07260551354284686	-0.043046791721742854	0.04483191438891398	-0.26076147093281793	0.10847854556313202	-0.0919934959560371	0.18294123429799075	-0.054987013840214545	0.2665489656958531	-0.5484734360150293	0.16459557346950487	-0.11995561145156405	0.06612991261124593	-0.6380498626893212	1.000000000000001	-0.18420631446708285	0.1313269340504644	-0.13818517596461774	0.2430556043250125	-0.24614413412859984	0.16451973053206892	-0.08588093669114552	0.07332802098716817	-0.24792069941000713	0.17462012896195778	-0.14002577969962557	0.06806135659597967	-0.07159802943665541	0.07220456529028874	-0.07713813238888897	0.09044680722438353	-0.0288638610677084	0.02721913266748394	-0.04909660320149805	0.04349343958128375	-0.10895926143496865	0.03064934494047663	-0.030779105214616492
0.08486298807832895	-0.07065662494162339	0.07905665450139461	-0.05605076636663728	0.0667178792464061	-0.07842003453430253	0.08664065339799934	-0.10576563361424636	0.07239358815554252	-0.0779915096300735	0.18511266357213887	-0.1420926484998061	0.1311063568479031	-0.3529974840709317	0.10364589458686306	-0.14416355153662183	0.21939350981869607	-0.3089283697807719	0.25483477053359455	-0.12653548000313164	0.15117737146326604	-0.18420631446708285	1.0000000000000004	-0.6163289499593959	0.29147387976532796	-0.15096471375939785	0.18573079076936388	-0.3381813387660526	0.18441901454269533	-0.166145813234752	0.1607472001393565	-0.17320300083637655	0.19712241508545458	-0.1409468788852952	0.14077859653014213	-0.07483590648544602	0.07931102479835057	-0.12962209888158313	0.05081042315466844	-0.05086105348614899	0.06276427289827237	-0.05617656268841764	0.14871388588023168	-0.054672639335777665	0.056424911058332444
-0.07175391682895642	0.05876289669234935	-0.06712359058173502	0.04805271095033485	-0.05905482792798146	0.06465421664914736	-0.07269525857208775	0.08745516567016605	-0.063233896791676	0.06707375824388996	-0.15527417146506695	0.11530482094397965	-0.11358038856914683	0.2781666650014302	-0.09663612384551819	0.11373538666480396	-0.189531793230492	0.2671889403575333	-0.40324994342992	0.11297182995184608	-0.11871741003746494	0.1313269340504644	-0.6163289499593959	0.9999999999999996	-0.4763749793156786	0.11133767486613375	-0.13573199055421126	0.18158442758854482	-0.26112366018223504	0.19769848446685734	-0.12575243388036367	0.12319505136068028	-0.1521399860455937	0.1534816269456701	-0.1643875642728953	0.05703144329945118	-0.06152585785499884	0.09715463967975921	-0.04814809551053093	0.05098942828025323	-0.049597445018378726	0.043754391565695175	-0.11888127623045523	0.05074168196142438	-0.05676581991132859
0.08729831587201976	-0.07321512211317883	0.08189217268834273	-0.062095268069329954	0.07554956669685178	-0.08064580759583499	0.08862841361142594	-0.108614208308117	0.08069669161569029	-0.08921899725158122	0.17808927013122572	-0.14309681967622073	0.13123523533553721	-0.37406868957104844	0.12449861758563374	-0.1282026637338436	0.2010550581041638	-0.2822502460569718	0.2356433492893916	-0.1618867839089982	0.12696665603461743	-0.13818517596461774	0.29147387976532796	-0.4763749793156786	0.9999999999999997	-0.12114233649277244	0.13228632208803956	-0.17366396961926564	0.25597607875361866	-0.4214488106085346	0.13452238547311765	-0.12934596898475106	0.14872802710750602	-0.19644288340279423	0.21668540012738144	-0.06216925036057138	0.06620022799648735	-0.10328795176799514	0.06158572128524525	-0.06922384129554796	0.052550853151151794	-0.0468350426035512	0.1220670495887983	-0.0667270647607637	0.07461557139059527
-0.04859793718399572	0.038272908403685156	-0.04262419504282578	0.026997787425918827	-0.03133739517461557	0.04549618888099089	-0.04755384935598457	0.0552617623914169	-0.03435771932782394	0.03624991368329548	-0.19622509393784063	0.07816859986729677	-0.06725279377274573	0.15040120500347295	-0.04489684474043889	0.19090722966533824	-0.21516252629182583	0.12220126223270361	-0.09211172139853237	0.05435846375638285	-0.41899419102759866	0.2430556043250125	-0.15096471375939785	0.11133767486613375	-0.12114233649277244	0.9999999999999979	-0.3104369785174931	0.18910076453219646	-0.08353922408841923	0.07006318118331004	-0.7285948211062279	0.24512530216298603	-0.1781888176774267	0.07065903700179599	-0.0715885309716777	0.1224736803592795	-0.1295287041262566	0.11577142434097111	-0.0317924555665359	0.02837721111464028	-0.06708545796892747	0.05915490611131833	-0.13854122733291718	0.0336370209750296	-0.03195603280210743
0.045831595576730715	-0.03697613002442424	0.041174393328206174	-0.02717465398069124	0.03180287402745795	-0.04279336789478671	0.04558766001952599	-0.05393295783128566	0.03472168712327863	-0.03695271264272496	0.14261735586345517	-0.07519346754261723	0.06558065772944645	-0.15688727243894637	0.04668360365073136	-0.13603579347422984	0.1776930038439235	-0.12684779001960295	0.09777802557286033	-0.05673068739624736	0.18487167414265077	-0.24614413412859984	0.18573079076936388	-0.13573199055421126	0.13228632208803956	-0.3104369785174931	0.9999999999999986	-0.5159847212927816	0.10361663380664578	-0.08567100066585287	0.2609449115244592	-0.6540413397382396	0.28567083649935127	-0.0943711727424799	0.08886582510083033	-0.09946566914673037	0.1036603019620502	-0.15767249256084212	0.03951330463901791	-0.034592395235898625	0.06965946448279023	-0.06303098214549516	0.16828147797694581	-0.041741704956377815	0.03839806743063187
-0.04966849038949883	0.040096612381924746	-0.04492204307970298	0.030289101314762906	-0.03584033015437922	0.045886739766672	-0.0492983870631943	0.058544952617347705	-0.03891230596183319	0.04149604369289861	-0.14319730349724077	0.08005824491409302	-0.07159902238057564	0.17479368741493811	-0.05349198341093712	0.11974788676348044	-0.17225173148216585	0.14276519457354722	-0.1169536677271986	0.06474024684694232	-0.15038903003227547	0.16451973053206892	-0.3381813387660526	0.18158442758854482	-0.17366396961926564	0.18910076453219646	-0.5159847212927816	0.9999999999999992	-0.1547633696556734	0.1187525018741935	-0.219301120496604	0.3071034316114046	-0.5783114008422289	0.13796735274164731	-0.13031622909162516	0.10761435486828638	-0.11943552353078035	0.22533365159563187	-0.056341178790974486	0.04834089162542202	-0.10099571419614117	0.08849690137487891	-0.27702141155301957	0.058332093750962384	-0.05388006528767658
0.04581609719984001	-0.037979139577448834	0.04256649404205217	-0.030892621002845823	0.037177279837754054	-0.04220882297820983	0.046212305923608914	-0.05616844442820381	0.03999976869763618	-0.04347171420235281	0.10079392990303412	-0.07460555263843774	0.06854107514196021	-0.18671665705697515	0.058527336722313465	-0.0754747868363979	0.11522223224444275	-0.1471689487064964	0.12836133673215278	-0.07215953874973774	0.07848524089165884	-0.08588093669114552	0.18441901454269533	-0.26112366018223504	0.25597607875361866	-0.08353922408841923	0.10361663380664578	-0.1547633696556734	0.9999999999999983	-0.5919599351083284	0.09243720441565406	-0.11065334233934208	0.14763962118544388	-0.5982820257267196	0.3254666621749429	-0.047492950956715727	0.05035706175148212	-0.0934280792844734	0.0821796240574559	-0.0857567105250899	0.04049689038459745	-0.03662116392504303	0.09948173450428348	-0.08636927481241469	0.08749922549671069
-0.0400447745243679	0.033136507570376235	-0.037244842888812635	0.02743478439157658	-0.03339630308724705	0.03677192267965328	-0.040259990975918175	0.04881690100072106	-0.035704134794121385	0.03883171753060212	-0.08812348627953911	0.06453474942281778	-0.05944814547483813	0.15991244575397312	-0.05397858965788173	0.06511937295285822	-0.10051433865331623	0.12502429001838827	-0.1106493116502686	0.06620061946416643	-0.06758545521437717	0.07332802098716817	-0.166145813234752	0.19769848446685734	-0.4214488106085346	0.07006318118331004	-0.08567100066585287	0.1187525018741935	-0.5919599351083284	1.0000000000000027	-0.07873303370772733	0.08796147859936297	-0.1183738122502401	0.3102208013883795	-0.5672392128675021	0.03985211134620604	-0.042583567498349066	0.07569994494710874	-0.07453602451933193	0.095270218820397	-0.03469261556842231	0.031101325473328126	-0.08521879296136795	0.07490255601818147	-0.10260046515315555
0.05324568062229944	-0.042893908187782596	0.04748285192052576	-0.030936151015431197	0.03592533384085089	-0.05021541479207937	0.052716204030171715	-0.06229022157460319	0.03934922066468545	-0.041854152679795385	0.17417679573987138	-0.08735858149311194	0.07477717153930634	-0.1780317683094257	0.051985674839973156	-0.18691965785161413	0.19727950208109796	-0.13913585706059473	0.10373351435398223	-0.06332555005348303	0.24488765237163193	-0.24792069941000713	0.1607472001393565	-0.12575243388036367	0.13452238547311765	-0.7285948211062279	0.2609449115244592	-0.219301120496604	0.09243720441565406	-0.07873303370772733	1.0000000000000027	-0.38322427779145135	0.19520664070973134	-0.07972222830023774	0.07925478154802407	-0.183727287330527	0.15346013362696767	-0.13577962551111272	0.03591845398161964	-0.03198940195221662	0.07665468786161833	-0.0699836377240689	0.14781317071080496	-0.03833284421526663	0.03577583156944411
-0.042397551060321254	0.033996461723563	-0.0379560307748372	0.025010861604131886	-0.029344542519813752	0.039417074634532936	-0.04190022962475307	0.049406388865617976	-0.03198554956784239	0.03400839264850769	-0.13534745886393312	0.06849777851671905	-0.060091147070809627	0.14265093452049754	-0.043024403021124626	0.12135800673037324	-0.16302630781243752	0.11458482974955428	-0.08973655605139165	0.05217295261012933	-0.16522429446615094	0.17462012896195778	-0.17320300083637655	0.12319505136068028	-0.12934596898475106	0.24512530216298603	-0.6540413397382396	0.3071034316114046	-0.11065334233934208	0.08796147859936297	-0.38322427779145135	0.9999999999999986	-0.46557185485246777	0.10528511130598744	-0.0988924490786091	0.12059877735135056	-0.1348224084647462	0.1903000145601331	-0.044761640425497747	0.037826092894005674	-0.0863400568190951	0.07679327712536888	-0.21903354331249308	0.04652389279629531	-0.042093626933213044
0.044769530478584584	-0.03642527363866848	0.04062061462512526	-0.0276563142828917	0.03262268071197527	-0.04160579419097958	0.04455418033526539	-0.053258040663015545	0.03544799771340438	-0.03800309055716309	0.12257532964959647	-0.07265669416581297	0.06445422146309997	-0.1626764545078316	0.048661138976198906	-0.10558788520937173	0.14278130328003552	-0.12794987361993976	0.10156373814051745	-0.05931860738974157	0.1253943691627304	-0.14002577969962557	0.19712241508545458	-0.1521399860455937	0.14872802710750602	-0.1781888176774267	0.28567083649935127	-0.5783114008422289	0.14763962118544388	-0.1183738122502401	0.19520664070973134	-0.46557185485246777	1.000000000000001	-0.18561726381441157	0.1359868924570233	-0.12102028205280987	0.12722521802362666	-0.436505675343164	0.064169133326648	-0.05188793356874459	0.09737071975370354	-0.09215487767713743	0.27010112616607973	-0.06694452928812249	0.05565674288984465
-0.03276029359433668	0.026963911981790333	-0.030259593213039723	0.0217241004473985	-0.026166090959316393	0.030141155537652346	-0.03283371812770723	0.0396622332828367	-0.02813257923918647	0.030445917057669327	-0.07614304822680339	0.052831948223509735	-0.04833216686118502	0.12793311106592042	-0.04098907526731033	0.05815419216213031	-0.08718419082548957	0.10062999607133319	-0.08799220713303262	0.050101065140576266	-0.06258465817324411	0.06806135659597967	-0.1409468788852952	0.1534816269456701	-0.19644288340279423	0.07065903700179599	-0.0943711727424799	0.13796735274164731	-0.5982820257267196	0.3102208013883795	-0.07972222830023774	0.10528511130598744	-0.18561726381441157	0.999999999999999	-0.6695073282858034	0.04349307209002613	-0.04655746589229369	0.09526517145190042	-0.11255704481996713	0.10934500547950475	-0.03791791891862144	0.034370133437422797	-0.09834738309156582	0.10153839764705955	-0.11387034326814643
0.03746051115344374	-0.031022978100277758	0.03471457322508796	-0.02518739227332522	0.030275564618034354	-0.03457537512996292	0.03766089154510486	-0.0457238197682908	0.03256277573858159	-0.03545639759503675	0.08352227106545325	-0.06077320665658693	0.05534787302973365	-0.150987333833822	0.047452904247340506	-0.06282939841359678	0.0946586823398122	-0.1151110586142293	0.09660940649544741	-0.058728175758809384	0.06566542071165098	-0.07159802943665541	0.14077859653014213	-0.1643875642728953	0.21668540012738144	-0.0715885309716777	0.08886582510083033	-0.13031622909162516	0.3254666621749429	-0.5672392128675021	0.07925478154802407	-0.0988924490786091	0.1359868924570233	-0.6695073282858034	1.0000000000000007	-0.042248772250794445	0.044697205115245844	-0.08692988535487263	0.10233566742184898	-0.15276248880801666	0.03607545615705636	-0.03280528197392881	0.08970249070205896	-0.10480147427790482	0.13078228516057563
-0.02110322528060635	0.01698801419636384	-0.018918581153861202	0.012565782800860095	-0.014729803947925203	0.019668023435368755	-0.020807668476319315	0.024655922922703667	-0.01604825223702511	0.01712066533906688	-0.06403184650689642	0.03393938319958888	-0.02967388793517322	0.07230247957637187	-0.021540907984054346	0.05742164913865953	-0.0718945433925115	0.05604396410206406	-0.04339233609072777	0.02619995361582038	-0.07079442485632828	0.07220456529028874	-0.07483590648544602	0.05703144329945118	-0.06216925036057138	0.1224736803592795	-0.09946566914673037	0.10761435486828638	-0.047492950956715727	0.03985211134620604	-0.183727287330527	0.12059877735135056	-0.12102028205280987	0.04349307209002613	-0.042248772250794445	0.9999999999999986	-0.908878577530736	0.1691261828778232	-0.028885511756679326	0.021184263872658655	-0.20519951268746428	0.15694489336594641	-0.1871219826588972	0.030354350474320214	-0.02349813770354825
0.022736378143697653	-0.01836796147834268	0.02042858031361979	-0.013625192576517346	0.015963619430571015	-0.02122721619483338	0.02246517375480626	-0.026690081426864975	0.017395334081913533	-0.018584901944710436	0.06709056918732817	-0.03671160915719493	0.032054436536281455	-0.07893984001886088	0.02337733066569132	-0.06106265435122887	0.07555517481011914	-0.06076532112917299	0.046870501654574015	-0.0284737486728228	0.07327050665453244	-0.07713813238888897	0.07931102479835057	-0.06152585785499884	0.06620022799648735	-0.1295287041262566	0.1036603019620502	-0.11943552353078035	0.05035706175148212	-0.042583567498349066	0.15346013362696767	-0.1348224084647462	0.12722521802362666	-0.04655746589229369	0.044697205115245844	-0.908878577530736	0.9999999999999979	-0.21742588258622594	0.03098454577401564	-0.022640256880279836	0.15995812800675263	-0.16610874949592241	0.17619466076736257	-0.0328220723315334	0.02482675649650766
-0.03087288794498259	0.025008726997692396	-0.02791820296603397	0.018936283179499143	-0.022347571877418232	0.028633592301652695	-0.030562517481533397	0.0364337950535132	-0.024265977626877676	0.025987515266608422	-0.0858650497534087	0.04960936449084695	-0.0439868662311332	0.11014125562561583	-0.03316580707272839	0.07182417504079223	-0.09798592315852146	0.0856078867520697	-0.06807316867700883	0.04035373191935138	-0.08404303417182095	0.09044680722438353	-0.12962209888158313	0.09715463967975921	-0.10328795176799514	0.11577142434097111	-0.15767249256084212	0.22533365159563187	-0.0934280792844734	0.07569994494710874	-0.13577962551111272	0.1903000145601331	-0.436505675343164	0.09526517145190042	-0.08692988535487263	0.1691261828778232	-0.21742588258622594	0.9999999999999968	-0.08784803535060301	0.05082758437340796	-0.17455011578451907	0.1593519004899014	-0.7691481446493356	0.08378831018197755	-0.05446728614271262
0.0130094016322366	-0.010646846920952248	0.011917085026438212	-0.008403290017801057	0.010041631504113337	-0.012004111882114478	0.012948439918855175	-0.015578731467873034	0.010830607528610951	-0.011700066577619912	0.03189937453385887	-0.020860349380931262	0.018815769039062367	-0.04931289063722252	0.015363422743996097	-0.02466652259781303	0.035891583573553446	-0.03767342593409436	0.031143540208863976	-0.018787803226913348	0.026776263551380436	-0.0288638610677084	0.05081042315466844	-0.04814809551053093	0.06158572128524525	-0.0317924555665359	0.03951330463901791	-0.056341178790974486	0.0821796240574559	-0.07453602451933193	0.03591845398161964	-0.044761640425497747	0.064169133326648	-0.11255704481996713	0.10233566742184898	-0.028885511756679326	0.03098454577401564	-0.08784803535060301	0.9999999999999968	-0.36152961648575793	0.02791026677110839	-0.026033564585123157	0.08284845298427426	-0.8795975553372382	0.2595701626375121
-0.013368561206461578	0.010979237224144203	-0.012293572044450547	0.008767602841159431	-0.01050817988733162	0.012324394271837215	-0.013333057875137187	0.01608872853077739	-0.011315095920505207	0.012258587100907978	-0.03152640178709261	0.021448907012455734	-0.01942345692246427	0.051660313512259685	-0.016208774578195348	0.02380355713643284	-0.03536561798060104	0.0391657908821606	-0.032559983940441364	0.01987185828744922	-0.025267752760924935	0.02721913266748394	-0.05086105348614899	0.05098942828025323	-0.06922384129554796	0.02837721111464028	-0.034592395235898625	0.04834089162542202	-0.0857567105250899	0.095270218820397	-0.03198940195221662	0.037826092894005674	-0.05188793356874459	0.10934500547950475	-0.15276248880801666	0.021184263872658655	-0.022640256880279836	0.05082758437340796	-0.36152961648575793	0.9999999999999961	-0.01986830663418539	0.018174133181764977	-0.05389536295569215	0.25895406429101064	-0.8754686139366377
0.017144729202506016	-0.0139124573123664	0.015493434663376996	-0.010501857630430005	0.01235526399079066	-0.015948251817571667	0.01695889679452569	-0.020250841130082305	0.013430296618834766	-0.014402563059361157	0.04699121999017174	-0.027573746690345236	0.024297312963415037	-0.061451407636271244	0.01822625326944604	-0.03993277687139395	0.05277387844058237	-0.046735773804818664	0.03648480412394596	-0.022228120491745745	0.045612862146393436	-0.04909660320149805	0.06276427289827237	-0.049597445018378726	0.052550853151151794	-0.06708545796892747	0.06965946448279023	-0.10099571419614117	0.04049689038459745	-0.03469261556842231	0.07665468786161833	-0.0863400568190951	0.09737071975370354	-0.03791791891862144	0.03607545615705636	-0.20519951268746428	0.15995812800675263	-0.17455011578451907	0.02791026677110839	-0.01986830663418539	0.9999999999999957	-0.9218793689673006	0.19384522884139888	-0.030605872109610147	0.0217050452915312
-0.015058752407165171	0.01219695972984364	-0.013594238154030911	0.009194925085465402	-0.010823658927743389	0.01399328818663726	-0.014880482983845717	0.01774282890112095	-0.011763135849872515	0.012602701972598121	-0.04186617183321638	0.024169460951778125	-0.021318199137808486	0.05356081768801432	-0.015963069792246282	0.03536733112691047	-0.04701807902277512	0.04094524095795656	-0.03207459133737549	0.019446253655077655	-0.0407556006030097	0.04349343958128375	-0.05617656268841764	0.043754391565695175	-0.0468350426035512	0.05915490611131833	-0.06303098214549516	0.08849690137487891	-0.03662116392504303	0.031101325473328126	-0.0699836377240689	0.07679327712536888	-0.09215487767713743	0.034370133437422797	-0.03280528197392881	0.15694489336594641	-0.16610874949592241	0.1593519004899014	-0.026033564585123157	0.018174133181764977	-0.9218793689673006	0.9999999999999956	-0.25816952928468423	0.028211933557518207	-0.02000278889291554
0.03894039620473662	-0.031707628646454246	0.03530605099032319	-0.02408669405539857	0.02836821249549191	-0.036225206989374203	0.03863308238988808	-0.0462543921326862	0.030823717913172337	-0.033105754135260124	0.1037098909734446	-0.06286431493176113	0.055550343374726883	-0.1419761440536941	0.04205600592223715	-0.08760860878266485	0.11752602979708618	-0.1082406247062081	0.08484230420171057	-0.051350401184296846	0.09897222542078912	-0.10895926143496865	0.14871388588023168	-0.11888127623045523	0.1220670495887983	-0.13854122733291718	0.16828147797694581	-0.27702141155301957	0.09948173450428348	-0.08521879296136795	0.14781317071080496	-0.21903354331249308	0.27010112616607973	-0.09834738309156582	0.08970249070205896	-0.1871219826588972	0.17619466076736257	-0.7691481446493356	0.08284845298427426	-0.05389536295569215	0.19384522884139888	-0.25816952928468423	0.9999999999999951	-0.09231011797161065	0.057704447027629155
