0.9999999999999999	-0.2498918111799576	0.13888576750756598	-0.09641579963902706	0.08900604868101146	-0.8722872734364664	0.15487593718600315	-0.14118131658237282	0.0980255143048545	-0.0759850526761514	0.22083139273397842	-0.1381839168232679	0.12090094797275074	-0.09490509358551315	0.09816907824040212	-0.205171770249302	0.15364726509441978	-0.13149499969388287	0.10807088644853034	-0.07801251023906078	0.06843784015231247	-0.07011413570809186	0.07405483009054942	-0.08711453847515954	0.07493500795480935	-0.05074900109143052	0.041992301023271374	-0.05293454168612805	0.056701560909501875	-0.058409817806967274	0.04571860966083812	-0.032978697623091614	0.059052356113917515	-0.056789288286534664	0.06403871571483179
-0.2498918111799576	0.9999999999999999	-0.6848337171419685	0.2032753388584053	-0.20365468134325987	0.17617055226262246	-0.35087184069765875	0.300173254208268	-0.21250136147122073	0.1522991341323995	-0.16567939982105812	0.2262763614987414	-0.2731268886908439	0.18097296473041774	-0.19826965193306567	0.1335562240182249	-0.2113471664903203	0.17895786813427889	-0.19883942121657688	0.1330035353771632	-0.08501898484869196	0.08606831510969339	-0.10721150948471939	0.12359761246111213	-0.12750298846150543	0.06264575781530361	-0.05530216869509595	0.07672037834109738	-0.08571380437951304	0.09157479737083628	-0.0615893902025158	0.04317948743163698	-0.08852948500232445	0.08315523851391443	-0.10314845520482335
0.13888576750756598	-0.6848337171419685	0.9999999999999997	-0.25844103139323005	0.18531895308759788	-0.1237510952512947	0.1983481247885453	-0.556840542788045	0.19167445652968412	-0.13871524883072314	0.11373084627125209	-0.17745582900956286	0.22955846023558646	-0.16194131428868117	0.15976836441705292	-0.09734681984600224	0.15221947599364785	-0.14693182399315183	0.1578262153543797	-0.10975693617256001	0.06450557035830858	-0.06627690978785884	0.08506150663348074	-0.10017898437432167	0.1012001826747932	-0.04834723918308033	0.04244300701598051	-0.061014206451046625	0.06783185904190635	-0.07384174616207266	0.04723184295832377	-0.0333306715308613	0.06962617736209745	-0.06657955071997383	0.08134300076763801
-0.09641579963902706	0.2032753388584053	-0.25844103139323005	0.9999999999999993	-0.7456457853331242	0.08375538562914028	-0.14884778494033948	0.22447790041285806	-0.4135991827357994	0.28455255115225647	-0.11004272784207116	0.13676408154962733	-0.20593528899009025	0.2023823499724606	-0.27754259697011596	0.0921996076556872	-0.15929030889166573	0.16184717285994937	-0.20252709852923084	0.15737477013429282	-0.07308460805543733	0.07477065280454033	-0.10122627515629079	0.12111040158574055	-0.1405805453024356	0.055375879500270425	-0.04916586604239235	0.07445252425611469	-0.08541069199996136	0.09836124790937185	-0.055208497779654024	0.03877641569085835	-0.08605644203210794	0.08369268291789198	-0.10794432171333994
0.08900604868101146	-0.20365468134325987	0.18531895308759788	-0.7456457853331242	1.0000000000000004	-0.08045483803111651	0.13403410370420055	-0.22103825220117956	0.2898519942450527	-0.4417241222721243	0.10200222367235208	-0.13152341641869603	0.1803696133721348	-0.1910600590592322	0.2562607530840026	-0.08797189415616433	0.14744508099244316	-0.16020327463794704	0.1800134749581367	-0.16641820288665662	0.07079281094941295	-0.07344083744566855	0.09919701328400819	-0.12238585928691918	0.13611251831822002	-0.054953666621622675	0.04824957646343365	-0.07463584655777838	0.08541035666933133	-0.10181203678268136	0.054212364736356766	-0.03834531289283726	0.08515645213017574	-0.08591586493596633	0.1067931055654566
-0.8722872734364664	0.17617055226262246	-0.1237510952512947	0.08375538562914028	-0.08045483803111651	0.9999999999999996	-0.16833701324202863	0.11808367078219491	-0.08865694068207612	0.06797319136467593	-0.31946130342228807	0.12962220517907044	-0.11202973514485569	0.0854330400001	-0.08943863244479831	0.18948740144678794	-0.15565001486187208	0.11708945352256873	-0.09946583513568494	0.069764046067571	-0.06418938631433181	0.06429268436023004	-0.0670003330270062	0.07737932004771968	-0.06761314486246885	0.045945079820792295	-0.03848569197868122	0.047335589288182885	-0.05072635716917528	0.051842663286109945	-0.04182865776786557	0.029969273666545927	-0.05313139123578838	0.05028899299042451	-0.05727457990084668
0.15487593718600315	-0.35087184069765875	0.1983481247885453	-0.14884778494033948	0.13403410370420055	-0.16833701324202863	0.9999999999999989	-0.2506941614898356	0.15684223277738454	-0.12018202454749198	0.14534813401336144	-0.7856655932502956	0.2408790668794534	-0.17150229137752368	0.15045820070736052	-0.13947877269781325	0.2242299540208097	-0.1940408885002369	0.17014186804479364	-0.11847396320555713	0.08290958842577552	-0.08787605701578331	0.10482534410439551	-0.12368350059162268	0.11042189850771618	-0.06252942741503141	0.05386824208970675	-0.07443317172274938	0.08031153111003703	-0.0846052633131598	0.05920870186617672	-0.04234695774888849	0.08315348401496897	-0.08003599168646493	0.09206575367007339
-0.14118131658237282	0.300173254208268	-0.556840542788045	0.22447790041285806	-0.22103825220117956	0.11808367078219491	-0.2506941614898356	0.9999999999999988	-0.324481708808928	0.19368855994230866	-0.14757621184188888	0.21300976484363715	-0.5083067043000526	0.2544488301755926	-0.2409272247300554	0.12202963035298764	-0.21400869052744173	0.20619937559681886	-0.24882547838846905	0.15750112022097307	-0.08940737515070718	0.09109953789770851	-0.12106515132634944	0.14006775115957915	-0.14688165250402604	0.06617783713911383	-0.05886641210260383	0.08547939679738177	-0.09549498781265855	0.10356501273892865	-0.06561799655056075	0.04603977092065373	-0.0983370730293647	0.0924336459115346	-0.1153925512191106
0.0980255143048545	-0.21250136147122073	0.19167445652968412	-0.4135991827357994	0.2898519942450527	-0.08865694068207612	0.15684223277738454	-0.324481708808928	0.9999999999999982	-0.5540565813122316	0.11601863669448309	-0.16118968685288268	0.25794862011779296	-0.4329964410515618	0.3005085794841175	-0.1015518760798203	0.17356295317099035	-0.20740465453257684	0.25010764274450453	-0.20177602885339382	0.08262991252780003	-0.08643952735143018	0.12055053513599844	-0.15042136527113092	0.15904212240543059	-0.06343978865631393	0.05579558451077089	-0.08771631034566449	0.09831733180555399	-0.11653688908786164	0.0622320775051859	-0.0442228519361947	0.09864477530520512	-0.09839708921063933	0.12056660665920545
-0.0759850526761514	0.1522991341323995	-0.13871524883072314	0.28455255115225647	-0.4417241222721243	0.06797319136467593	-0.12018202454749198	0.19368855994230866	-0.5540565813122316	0.9999999999999986	-0.0928487554622464	0.1187488854445867	-0.18988620707793194	0.2260978711721211	-0.584624693154391	0.07999652253484633	-0.13909889486805038	0.1567541387251983	-0.20417343721532402	0.19474835965725704	-0.06724159314593144	0.06968376973122276	-0.09852445260488601	0.12142294442221457	-0.15788597208178012	0.05133475496866403	-0.04547969708657955	0.0724074622032961	-0.08352455918364378	0.10293748884052437	-0.050848745532241724	0.03601536420976344	-0.08268372068645624	0.08250246479707206	-0.10845998965027023
0.22083139273397842	-0.16567939982105812	0.11373084627125209	-0.11004272784207116	0.10200222367235208	-0.31946130342228807	0.14534813401336144	-0.14757621184188888	0.11601863669448309	-0.0928487554622464	0.9999999999999997	-0.15658135587962707	0.1391816785379248	-0.11996423055393005	0.12218155585013783	-0.775608716253946	0.27341778060093896	-0.2173327018669788	0.14579174270735637	-0.10699225365179409	0.1277064573097948	-0.129808937287782	0.11658502924335859	-0.13640215950941564	0.10371109443108385	-0.09019789449729596	0.07115241201838543	-0.08122004318887356	0.08370867762787268	-0.08333739188816461	0.0753746334791959	-0.05558595025207154	0.08830604598156766	-0.084556979040966	0.09007942685182298
-0.1381839168232679	0.2262763614987414	-0.17745582900956286	0.13676408154962733	-0.13152341641869603	0.12962220517907044	-0.7856655932502956	0.21300976484363715	-0.16118968685288268	0.1187488854445867	-0.15658135587962707	0.999999999999999	-0.3437861698732229	0.18072690307543454	-0.15506292290174187	0.1432437207107033	-0.31578075554087837	0.1981920042971669	-0.18699130300082756	0.11804703395647091	-0.08749619574836266	0.09134780793449186	-0.10784209279290545	0.12283978982711456	-0.11155410144182769	0.06304867523582032	-0.055324297460830216	0.07416215337553093	-0.07972888443730314	0.08265854453683619	-0.06035116302391033	0.04287935845598954	-0.08339429438790326	0.07805207429550526	-0.09088010495456729
0.12090094797275074	-0.2731268886908439	0.22955846023558646	-0.20593528899009025	0.1803696133721348	-0.11202973514485569	0.2408790668794534	-0.5083067043000526	0.25794862011779296	-0.18988620707793194	0.1391816785379248	-0.3437861698732229	0.9999999999999954	-0.5381941157117829	0.22038861439856844	-0.12615684720136539	0.22088412464380983	-0.29811324059886407	0.2813359946932208	-0.17421531650665475	0.0945304330924031	-0.09979218691965565	0.1402957704343317	-0.1673820957890476	0.15049610428202764	-0.07073575029786394	0.06225017877405333	-0.09547497968403196	0.10214910890421702	-0.11070893377681225	0.06858632839523951	-0.048928040325432264	0.10549076949086222	-0.10066476735201098	0.11770826263868572
-0.09490509358551315	0.18097296473041774	-0.16194131428868117	0.2023823499724606	-0.1910600590592322	0.0854330400001	-0.17150229137752368	0.2544488301755926	-0.4329964410515618	0.2260978711721211	-0.11996423055393005	0.18072690307543454	-0.5381941157117829	0.9999999999999974	-0.300156381599958	0.10527711573130152	-0.19323330169169187	0.2435470265441788	-0.5444979936448442	0.19555520087475597	-0.08669162343428302	0.09027321555660939	-0.134573158459534	0.16135740897379003	-0.1632296796831453	0.06410445126461536	-0.057145711542635015	0.09003938670019282	-0.09837232832898989	0.11008031360099173	-0.06306190174729194	0.04479664676894651	-0.10092903995121354	0.09548166953693578	-0.11672426890977002
0.09816907824040212	-0.19826965193306567	0.15976836441705292	-0.27754259697011596	0.2562607530840026	-0.08943863244479831	0.15045820070736052	-0.2409272247300554	0.3005085794841175	-0.584624693154391	0.12218155585013783	-0.15506292290174187	0.22038861439856844	-0.300156381599958	0.9999999999999974	-0.10730258752486714	0.1825387269208029	-0.21848294671808643	0.2500608041823251	-0.4132847660340115	0.09319733927524872	-0.09787772050758338	0.1389830477685832	-0.1793102311697031	0.2347238442478692	-0.07264154886642483	0.0638270371973971	-0.10496348734671528	0.12149610614631336	-0.16304178440265374	0.071401880425046	-0.050909108901038565	0.11815492671359702	-0.12303738289658957	0.15805825093043468
-0.205171770249302	0.1335562240182249	-0.09734681984600224	0.0921996076556872	-0.08797189415616433	0.18948740144678794	-0.13947877269781325	0.12202963035298764	-0.1015518760798203	0.07999652253484633	-0.775608716253946	0.1432437207107033	-0.12615684720136539	0.10527711573130152	-0.10730258752486714	0.999999999999998	-0.45576734456805795	0.19519688960550563	-0.13552886943111464	0.09301256959165484	-0.1563834838851272	0.13580431864693301	-0.11061414138153151	0.12092914248314862	-0.09198099883650077	0.08910948736080664	-0.07218314945598109	0.07312639235838891	-0.07445248210597742	0.07169836621978337	-0.07501745798206363	0.05450946711167695	-0.08024397961651894	0.07340310880357842	-0.07832873414435823
0.15364726509441978	-0.2113471664903203	0.15221947599364785	-0.15929030889166573	0.14744508099244316	-0.15565001486187208	0.2242299540208097	-0.21400869052744173	0.17356295317099035	-0.13909889486805038	0.27341778060093896	-0.31578075554087837	0.22088412464380983	-0.19323330169169187	0.1825387269208029	-0.45576734456805795	0.999999999999997	-0.5095747546032421	0.24275867379525098	-0.1670825345305712	0.17683251245694426	-0.21825830821274292	0.2016489999912379	-0.22649052346477297	0.16041542934207229	-0.12530455142781166	0.106280044786037	-0.13132101241071434	0.13014251642631003	-0.12717558668743156	0.11082797443693593	-0.08207554478570421	0.1388152013049585	-0.12986812696901107	0.1358557819773648
-0.13149499969388287	0.17895786813427889	-0.14693182399315183	0.16184717285994937	-0.16020327463794704	0.11708945352256873	-0.1940408885002369	0.20619937559681886	-0.20740465453257684	0.1567541387251983	-0.2173327018669788	0.1981920042971669	-0.29811324059886407	0.2435470265441788	-0.21848294671808643	0.19519688960550563	-0.5095747546032421	0.9999999999999929	-0.48016500865323425	0.20148208512483248	-0.16996114402535678	0.17635465842030087	-0.37929676138794605	0.27255639462542985	-0.2061828934362929	0.1128390121424305	-0.10438553848582938	0.16654649174793645	-0.16231438295277617	0.14325995097027153	-0.11097348582729821	0.07912148819299736	-0.18317869633753503	0.14676776051812127	-0.1582401935259953
0.10807088644853034	-0.19883942121657688	0.1578262153543797	-0.20252709852923084	0.1800134749581367	-0.09946583513568494	0.17014186804479364	-0.24882547838846905	0.25010764274450453	-0.20417343721532402	0.14579174270735637	-0.18699130300082756	0.2813359946932208	-0.5444979936448442	0.2500608041823251	-0.13552886943111464	0.24275867379525098	-0.48016500865323425	0.9999999999999938	-0.32625985912671335	0.11918105566211533	-0.128380122337474	0.20802829366727466	-0.2820601360545638	0.22267989161716123	-0.08823906967788213	0.07839252643673171	-0.13264241379736996	0.13768068240346285	-0.15361429964012596	0.08550976275400943	-0.06160685686546086	0.1419029014317974	-0.13453207240663723	0.1550862991059872
-0.07801251023906078	0.1330035353771632	-0.10975693617256001	0.15737477013429282	-0.16641820288665662	0.069764046067571	-0.11847396320555713	0.15750112022097307	-0.20177602885339382	0.19474835965725704	-0.10699225365179409	0.11804703395647091	-0.17421531650665475	0.19555520087475597	-0.4132847660340115	0.09301256959165484	-0.1670825345305712	0.20148208512483248	-0.32625985912671335	0.9999999999999959	-0.09462453525136628	0.09748574009370846	-0.161873814533704	0.20386706322550502	-0.6994834306260952	0.07014380580717527	-0.06380371999155221	0.11661915780200557	-0.14744453370424607	0.2239293826653022	-0.07077607122707223	0.050485249881191456	-0.1356566737111789	0.13795055480870083	-0.23730428948908638
0.06843784015231247	-0.08501898484869196	0.06450557035830858	-0.07308460805543733	0.07079281094941295	-0.06418938631433181	0.08290958842577552	-0.08940737515070718	0.08262991252780003	-0.06724159314593144	0.1277064573097948	-0.08749619574836266	0.0945304330924031	-0.08669162343428302	0.09319733927524872	-0.1563834838851272	0.17683251245694426	-0.16996114402535678	0.11918105566211533	-0.09462453525136628	0.9999999999999938	-0.7729833623461265	0.19139646753718287	-0.20187426721814372	0.09878787696944814	-0.4271187962920937	0.2351169887664158	-0.11416548235203264	0.09752572214403374	-0.07996672816551902	0.21319230047892637	-0.17149589488038736	0.11358495494235074	-0.09629333539042516	0.08407745388225771
-0.07011413570809186	0.08606831510969339	-0.06627690978785884	0.07477065280454033	-0.07344083744566855	0.06429268436023004	-0.08787605701578331	0.09109953789770851	-0.08643952735143018	0.06968376973122276	-0.129808937287782	0.09134780793449186	-0.09979218691965565	0.09027321555660939	-0.09787772050758338	0.13580431864693301	-0.21825830821274292	0.17635465842030087	-0.128380122337474	0.09748574009370846	-0.7729833623461265	0.9999999999999952	-0.28017449746564216	0.2015414956743631	-0.10527303802102995	0.268610244432507	-0.31857717158701687	0.12460537946284472	-0.10732028009158798	0.08290309540558563	-0.24217866781637754	0.17798046230195047	-0.12919754667498345	0.10061627958231564	-0.08879877415691262
0.07405483009054942	-0.10721150948471939	0.08506150663348074	-0.10122627515629079	0.09919701328400819	-0.0670003330270062	0.10482534410439551	-0.12106515132634944	0.12055053513599844	-0.09852445260488601	0.11658502924335859	-0.10784209279290545	0.1402957704343317	-0.134573158459534	0.1389830477685832	-0.11061414138153151	0.2016489999912379	-0.37929676138794605	0.20802829366727466	-0.161873814533704	0.19139646753718287	-0.28017449746564216	0.9999999999999927	-0.7081046021432583	0.17938451595841495	-0.12009003678794156	0.11403112561833717	-0.3454826297373617	0.1940135398896719	-0.13502415587600294	0.11245306785361975	-0.08582401696267537	0.2310427458804897	-0.17055980343710145	0.13571033018774192
-0.08711453847515954	0.12359761246111213	-0.10017898437432167	0.12111040158574055	-0.12238585928691918	0.07737932004771968	-0.12368350059162268	0.14006775115957915	-0.15042136527113092	0.12142294442221457	-0.13640215950941564	0.12283978982711456	-0.1673820957890476	0.16135740897379003	-0.1793102311697031	0.12092914248314862	-0.22649052346477297	0.27255639462542985	-0.2820601360545638	0.20386706322550502	-0.20187426721814372	0.2015414956743631	-0.7081046021432583	0.9999999999999949	-0.29334959473794164	0.12314155036858515	-0.12103712421038786	0.23742285581191921	-0.23757682173003705	0.16596505816184098	-0.12632378615466233	0.09008745425420633	-0.2629059732643186	0.18495838322896324	-0.17409270741430333
0.07493500795480935	-0.12750298846150543	0.1012001826747932	-0.1405805453024356	0.13611251831822002	-0.06761314486246885	0.11042189850771618	-0.14688165250402604	0.15904212240543059	-0.15788597208178012	0.10371109443108385	-0.11155410144182769	0.15049610428202764	-0.1632296796831453	0.2347238442478692	-0.09198099883650077	0.16041542934207229	-0.2061828934362929	0.22267989161716123	-0.6994834306260952	0.09878787696944814	-0.10527303802102995	0.17938451595841495	-0.29334959473794164	0.9999999999999925	-0.07453285569187601	0.06707199687821806	-0.13279684299453512	0.16436083548891248	-0.4021656468158057	0.07386712071096513	-0.053487094425748165	0.14491528581077912	-0.1615578603036132	0.24941293726105862
-0.05074900109143052	0.06264575781530361	-0.04834723918308033	0.055375879500270425	-0.054953666621622675	0.045945079820792295	-0.06252942741503141	0.06617783713911383	-0.06343978865631393	0.05133475496866403	-0.09019789449729596	0.06304867523582032	-0.07073575029786394	0.06410445126461536	-0.07264154886642483	0.08910948736080664	-0.12530455142781166	0.1128390121424305	-0.08823906967788213	0.07014380580717527	-0.4271187962920937	0.268610244432507	-0.12009003678794156	0.12314155036858515	-0.07453285569187601	0.9999999999999925	-0.5539564622145288	0.08737111233996744	-0.07883037997455347	0.062420402680118774	-0.5923677933496336	0.30522651455512756	-0.09997500306706891	0.07956947572127906	-0.06796093601087191
0.041992301023271374	-0.05530216869509595	0.04244300701598051	-0.04916586604239235	0.04824957646343365	-0.03848569197868122	0.05386824208970675	-0.05886641210260383	0.05579558451077089	-0.04547969708657955	0.07115241201838543	-0.055324297460830216	0.06225017877405333	-0.057145711542635015	0.0638270371973971	-0.07218314945598109	0.106280044786037	-0.10438553848582938	0.07839252643673171	-0.06380371999155221	0.2351169887664158	-0.31857717158701687	0.11403112561833717	-0.12103712421038786	0.06707199687821806	-0.5539564622145288	0.9999999999999926	-0.08975024660355199	0.07387229614059766	-0.05756573543068096	0.32996670899695973	-0.6605944257454868	0.09868698466796591	-0.07770687801233564	0.06129084842144991
-0.05293454168612805	0.07672037834109738	-0.061014206451046625	0.07445252425611469	-0.07463584655777838	0.047335589288182885	-0.07443317172274938	0.08547939679738177	-0.08771631034566449	0.0724074622032961	-0.08122004318887356	0.07416215337553093	-0.09547497968403196	0.09003938670019282	-0.10496348734671528	0.07312639235838891	-0.13132101241071434	0.16654649174793645	-0.13264241379736996	0.11661915780200557	-0.11416548235203264	0.12460537946284472	-0.3454826297373617	0.23742285581191921	-0.13279684299453512	0.08737111233996744	-0.08975024660355199	0.9999999999999919	-0.46401556416025713	0.14806409576755378	-0.09324126738510416	0.0789146511898682	-0.722998748221482	0.2881962250604157	-0.15466783965298525
0.056701560909501875	-0.08571380437951304	0.06783185904190635	-0.08541069199996136	0.08541035666933133	-0.05072635716917528	0.08031153111003703	-0.09549498781265855	0.09831733180555399	-0.08352455918364378	0.08370867762787268	-0.07972888443730314	0.10214910890421702	-0.09837232832898989	0.12149610614631336	-0.07445248210597742	0.13014251642631003	-0.16231438295277617	0.13768068240346285	-0.14744453370424607	0.09752572214403374	-0.10732028009158798	0.1940135398896719	-0.23757682173003705	0.16436083548891248	-0.07883037997455347	0.07387229614059766	-0.46401556416025713	0.9999999999999921	-0.2898401850025043	0.0803609990256012	-0.06357157886482759	0.3094998831060283	-0.7053328598908658	0.24299487192122643
-0.058409817806967274	0.09157479737083628	-0.07384174616207266	0.09836124790937185	-0.10181203678268136	0.051842663286109945	-0.0846052633131598	0.10356501273892865	-0.11653688908786164	0.10293748884052437	-0.08333739188816461	0.08265854453683619	-0.11070893377681225	0.11008031360099173	-0.16304178440265374	0.07169836621978337	-0.12717558668743156	0.14325995097027153	-0.15361429964012596	0.2239293826653022	-0.07996672816551902	0.08290309540558563	-0.13502415587600294	0.16596505816184098	-0.4021656468158057	0.062420402680118774	-0.05756573543068096	0.14806409576755378	-0.2898401850025043	0.9999999999999921	-0.0644416816419917	0.04736488598746634	-0.17505926862929633	0.23841254015024066	-0.7689117520109845
0.04571860966083812	-0.0615893902025158	0.04723184295832377	-0.055208497779654024	0.054212364736356766	-0.04182865776786557	0.05920870186617672	-0.06561799655056075	0.0622320775051859	-0.050848745532241724	0.0753746334791959	-0.06035116302391033	0.06858632839523951	-0.06306190174729194	0.071401880425046	-0.07501745798206363	0.11082797443693593	-0.11097348582729821	0.08550976275400943	-0.07077607122707223	0.21319230047892637	-0.24217866781637754	0.11245306785361975	-0.12632378615466233	0.07386712071096513	-0.5923677933496336	0.32996670899695973	-0.09324126738510416	0.0803609990256012	-0.0644416816419917	0.999999999999992	-0.6550736036682915	0.10536629396273652	-0.08718970910738072	0.06876850780958926
-0.032978697623091614	0.04317948743163698	-0.0333306715308613	0.03877641569085835	-0.03834531289283726	0.029969273666545927	-0.04234695774888849	0.04603977092065373	-0.0442228519361947	0.03601536420976344	-0.05558595025207154	0.04287935845598954	-0.048928040325432264	0.04479664676894651	-0.050909108901038565	0.05450946711167695	-0.08207554478570421	0.07912148819299736	-0.06160685686546086	0.050485249881191456	-0.17149589488038736	0.17798046230195047	-0.08582401696267537	0.09008745425420633	-0.053487094425748165	0.30522651455512756	-0.6605944257454868	0.0789146511898682	-0.06357157886482759	0.04736488598746634	-0.6550736036682915	0.9999999999999922	-0.10118674109172615	0.0689053964427872	-0.050869750321163476
0.059052356113917515	-0.08852948500232445	0.06962617736209745	-0.08605644203210794	0.08515645213017574	-0.05313139123578838	0.08315348401496897	-0.0983370730293647	0.09864477530520512	-0.08268372068645624	0.08830604598156766	-0.08339429438790326	0.10549076949086222	-0.10092903995121354	0.11815492671359702	-0.08024397961651894	0.1388152013049585	-0.18317869633753503	0.1419029014317974	-0.1356566737111789	0.11358495494235074	-0.12919754667498345	0.2310427458804897	-0.2629059732643186	0.14491528581077912	-0.09997500306706891	0.09868698466796591	-0.722998748221482	0.3094998831060283	-0.17505926862929633	0.10536629396273652	-0.10118674109172615	0.9999999999999925	-0.46447488126117364	0.17770536356335753
-0.056789288286534664	0.08315523851391443	-0.06657955071997383	0.08369268291789198	-0.08591586493596633	0.05028899299042451	-0.08003599168646493	0.0924336459115346	-0.09839708921063933	0.08250246479707206	-0.084556979040966	0.07805207429550526	-0.10066476735201098	0.09548166953693578	-0.12303738289658957	0.07340310880357842	-0.12986812696901107	0.14676776051812127	-0.13453207240663723	0.13795055480870083	-0.09629333539042516	0.10061627958231564	-0.17055980343710145	0.18495838322896324	-0.1615578603036132	0.07956947572127906	-0.07770687801233564	0.2881962250604157	-0.7053328598908658	0.23841254015024066	-0.08718970910738072	0.0689053964427872	-0.46447488126117364	0.9999999999999927	-0.3582403608006125
0.06403871571483179	-0.10314845520482335	0.08134300076763801	-0.10794432171333994	0.1067931055654566	-0.05727457990084668	0.09206575367007339	-0.1153925512191106	0.12056660665920545	-0.10845998965027023	0.09007942685182298	-0.09088010495456729	0.11770826263868572	-0.11672426890977002	0.15805825093043468	-0.07832873414435823	0.1358557819773648	-0.1582401935259953	0.1550862991059872	-0.23730428948908638	0.08407745388225771	-0.08879877415691262	0.13571033018774192	-0.17409270741430333	0.24941293726105862	-0.06796093601087191	0.06129084842144991	-0.15466783965298525	0.24299487192122643	-0.7689117520109845	0.06876850780958926	-0.050869750321163476	0.17770536356335753	-0.3582403608006125	0.9999999999999927
