1.0000000000000002	-0.4738933977196291	0.07295572839776349	-0.06796675558540871	0.0977488479881112	-0.8232557067407753	0.15912746255579593	-0.11069907830936687	0.04676525538662903	-0.05167447427229503	0.2108202178316199	-0.1200000946661654	0.11439111611496985	-0.03913429944623055	0.07007724600331978	-0.05265768406257112	0.05174799925854036	-0.06630853713161483	0.0319112310841117	-0.029397342052127885	0.05850509945839878	-0.045068711307340956	0.07724306942674054	-0.0343141490780807	0.02738073078300423
-0.4738933977196291	1.0	-0.18342895089509648	0.15808607767010185	-0.25179160364539843	0.29981189881461584	-0.39265518258382437	0.24207158530665876	-0.11579686716683854	0.12930014048622762	-0.4832894465266134	0.25649865194456567	-0.2776582916508464	0.09527868238437855	-0.17917199330047823	0.1253773972934329	-0.12553213514816158	0.15844577749380184	-0.07871855904731857	0.07173045874488611	-0.14554210191458852	0.11048436671843384	-0.1927445671893541	0.0840055346023641	-0.06764381611720155
0.07295572839776349	-0.18342895089509648	1.0	-0.8367259722977896	0.20818800546382626	-0.09121200261735891	0.1987344672895371	-0.3388522331296057	0.15318480978238522	-0.1324781786417971	0.140933916142279	-0.1256048566458801	0.15567559635021397	-0.13510941219889774	0.12552770227892734	-0.06356992318268062	0.06254781041890585	-0.08785276389259722	0.07567533791353435	-0.07496519140054221	0.06748244976535156	-0.05533616994621443	0.09489367724488679	-0.07661410882923052	0.05584063130420176
-0.06796675558540871	0.15808607767010185	-0.8367259722977896	1.0000000000000007	-0.3011491495028551	0.08431176916155488	-0.20352055050531437	0.2220228566757254	-0.2101533948632295	0.14352886072084448	-0.14337371783384995	0.12098265387789152	-0.15780335416539173	0.14300811670060873	-0.14054450535538301	0.06356714503855324	-0.06351602957318024	0.08669962466702939	-0.08187871717656033	0.07732700249650899	-0.06970689886361238	0.056478040951198384	-0.09869203187635996	0.07900678626128982	-0.0586504259967063
0.0977488479881112	-0.25179160364539843	0.20818800546382626	-0.3011491495028551	1.0000000000000009	-0.13209972268947662	0.1731868216176381	-0.19023648179730526	0.17290358833344827	-0.5274050562121426	0.1855646044242283	-0.1359189588344256	0.15164182775222193	-0.1541974262626263	0.31046851037884976	-0.07757242923244669	0.07362648189793368	-0.09877998266259283	0.09534955143895678	-0.09494017782670032	0.08326000023289495	-0.06718248516467833	0.11360510276321817	-0.09628494097327127	0.07187712243905876
-0.8232557067407753	0.29981189881461584	-0.09121200261735891	0.08431176916155488	-0.13209972268947662	1.0000000000000009	-0.22282001901807894	0.1424376140147955	-0.062217110000520645	0.06908096357971533	-0.33029108354022735	0.16227990542656207	-0.15922804510999247	0.05174631401440978	-0.09502195222209216	0.07253740723602507	-0.07177606260105537	0.09104194993054378	-0.04304020671568307	0.039379303549485434	-0.08157114751331276	0.06242991362602582	-0.10762662979431946	0.04635482162647383	-0.03720044941896169
0.15912746255579593	-0.39265518258382437	0.1987344672895371	-0.20352055050531437	0.1731868216176381	-0.22282001901807894	1.0000000000000009	-0.6589830847279894	0.10274607947213542	-0.10195620332036692	0.2781356914361309	-0.4246201801523818	0.2880610416335945	-0.0897721610956071	0.12166551820941164	-0.11197270130972294	0.11019623899855345	-0.156234556025724	0.06739245461177344	-0.06413251515974676	0.11226209063590824	-0.09228850387839665	0.15268696912638885	-0.07342845590962097	0.05650589412125652
-0.11069907830936687	0.24207158530665876	-0.3388522331296057	0.2220228566757254	-0.19023648179730526	0.1424376140147955	-0.6589830847279894	1.0000000000000013	-0.1171492055405659	0.10499373965366463	-0.2598368878686237	0.27332146258723333	-0.4537216092993848	0.0958912569984803	-0.12453283940101213	0.11793881870666412	-0.12546609413391144	0.17727477859228452	-0.07384188644572633	0.06801273659301066	-0.12870756537020783	0.10382417845313996	-0.18399911142041792	0.07944594427800596	-0.06205404547299284
0.04676525538662903	-0.11579686716683854	0.15318480978238522	-0.2101533948632295	0.17290358833344827	-0.062217110000520645	0.10274607947213542	-0.1171492055405659	1.0000000000000004	-0.23469719054995197	0.09720981389968718	-0.0829726880226569	0.09956569084394892	-0.80658095918932	0.20403629725690767	-0.062081900250266206	0.05660817783311032	-0.08162446846473918	0.24996855968495998	-0.25146951939009804	0.06248237642148406	-0.057243946942310685	0.0984113638154723	-0.2316964926091697	0.15251559356270877
-0.05167447427229503	0.12930014048622762	-0.1324781786417971	0.14352886072084448	-0.5274050562121426	0.06908096357971533	-0.10195620332036692	0.10499373965366463	-0.23469719054995197	1.000000000000001	-0.10562126984136554	0.07874974997047995	-0.09170339839585367	0.173444561185354	-0.7386783401319773	0.048811196653257435	-0.04621125411752348	0.062488365996819756	-0.09682204136020035	0.09076736450253077	-0.05248530550099686	0.04337268093810911	-0.07450328704691125	0.08800096047517555	-0.06584952750074313
0.2108202178316199	-0.4832894465266134	0.140933916142279	-0.14337371783384995	0.1855646044242283	-0.33029108354022735	0.2781356914361309	-0.2598368878686237	0.09720981389968718	-0.10562126984136554	1.0000000000000013	-0.5858796685911475	0.2749208149858719	-0.08498742799653272	0.13734185130623738	-0.1530068343059718	0.13332050302226214	-0.1768726357325768	0.06926928058515806	-0.06573193804314191	0.13336157957802497	-0.10953283147664615	0.16940502769431365	-0.07727893665167675	0.059859827094440564
-0.1200000946661654	0.25649865194456567	-0.1256048566458801	0.12098265387789152	-0.1359189588344256	0.16227990542656207	-0.4246201801523818	0.27332146258723333	-0.0829726880226569	0.07874974997047995	-0.5858796685911475	0.9999999999999998	-0.5473395544423544	0.07161346592591267	-0.09911186015195099	0.14239480141941033	-0.15753505168501972	0.2041365221750812	-0.0631797718023525	0.05758591388004638	-0.14464520475956985	0.11827487547491938	-0.2021391521929945	0.07189153722463422	-0.05680229223275378
0.11439111611496985	-0.2776582916508464	0.15567559635021397	-0.15780335416539173	0.15164182775222193	-0.15922804510999247	0.2880610416335945	-0.4537216092993848	0.09956569084394892	-0.09170339839585367	0.2749208149858719	-0.5473395544423544	1.0000000000000007	-0.08990481090042814	0.11137879853509709	-0.18870931708946814	0.1905306368441096	-0.43159920844746585	0.07610058790566418	-0.07084316679573109	0.1646327241362101	-0.14958362410334725	0.23757278587353697	-0.08923255743003859	0.06767552752154762
-0.03913429944623055	0.09527868238437855	-0.13510941219889774	0.14300811670060873	-0.1541974262626263	0.05174631401440978	-0.0897721610956071	0.0958912569984803	-0.80658095918932	0.173444561185354	-0.08498742799653272	0.07161346592591267	-0.08990481090042814	1.0000000000000007	-0.2243206995581128	0.05356069337876614	-0.049827379397036346	0.07087447887787719	-0.39408318600156433	0.2113379198946407	-0.055922715464347156	0.05030838780189281	-0.08966436179576423	0.19703001184256394	-0.14998270792301718
0.07007724600331978	-0.17917199330047823	0.12552770227892734	-0.14054450535538301	0.31046851037884976	-0.09502195222209216	0.12166551820941164	-0.12453283940101213	0.20403629725690767	-0.7386783401319773	0.13734185130623738	-0.09911186015195099	0.11137879853509709	-0.2243206995581128	1.0000000000000007	-0.061639497492618364	0.05771975184658378	-0.07789149547904613	0.11474588706714796	-0.11502984718624838	0.06557063716842579	-0.05425336986035274	0.09202543330542198	-0.11053821623811812	0.08055901259542167
-0.05265768406257112	0.1253773972934329	-0.06356992318268062	0.06356714503855324	-0.07757242923244669	0.07253740723602507	-0.11197270130972294	0.11793881870666412	-0.062081900250266206	0.048811196653257435	-0.1530068343059718	0.14239480141941033	-0.18870931708946814	0.05356069337876614	-0.061639497492618364	1.0000000000000009	-0.6970622074772722	0.27583583606524886	-0.06362330384604419	0.05499399721702931	-0.5193206834065445	0.2954501052158254	-0.32640136223544763	0.08014854933306352	-0.06413926957082375
0.05174799925854036	-0.12553213514816158	0.06254781041890585	-0.06351602957318024	0.07362648189793368	-0.07177606260105537	0.11019623899855345	-0.12546609413391144	0.05660817783311032	-0.04621125411752348	0.13332050302226214	-0.15753505168501972	0.1905306368441096	-0.049827379397036346	0.05771975184658378	-0.6970622074772722	1.0000000000000004	-0.4816662138459556	0.05639176348532021	-0.0498340645638685	0.2942125845435094	-0.37620855894804694	0.2842201823141248	-0.07261031207554086	0.05578104159430791
-0.06630853713161483	0.15844577749380184	-0.08785276389259722	0.08669962466702939	-0.09877998266259283	0.09104194993054378	-0.156234556025724	0.17727477859228452	-0.08162446846473918	0.062488365996819756	-0.1768726357325768	0.2041365221750812	-0.43159920844746585	0.07087447887787719	-0.07789149547904613	0.27583583606524886	-0.4816662138459556	1.0000000000000009	-0.08650849033877979	0.0728137092334392	-0.2854449418022269	0.260867746966183	-0.5922130134883823	0.11009390703001037	-0.08694527326575528
0.0319112310841117	-0.07871855904731857	0.07567533791353435	-0.08187871717656033	0.09534955143895678	-0.04304020671568307	0.06739245461177344	-0.07384188644572633	0.24996855968495998	-0.09682204136020035	0.06926928058515806	-0.0631797718023525	0.07610058790566418	-0.39408318600156433	0.11474588706714796	-0.06362330384604419	0.05639176348532021	-0.08650849033877979	1.0000000000000013	-0.6188616738651728	0.06164663837219636	-0.06385457849232908	0.1130392418393526	-0.5468950277614466	0.30707187492408156
-0.029397342052127885	0.07173045874488611	-0.07496519140054221	0.07732700249650899	-0.09494017782670032	0.039379303549485434	-0.06413251515974676	0.06801273659301066	-0.25146951939009804	0.09076736450253077	-0.06573193804314191	0.05758591388004638	-0.07084316679573109	0.2113379198946407	-0.11502984718624838	0.05499399721702931	-0.0498340645638685	0.0728137092334392	-0.6188616738651728	1.0000000000000013	-0.05629096657578715	0.054647084893310056	-0.10018789471072694	0.32796465477555414	-0.6336174246389528
0.05850509945839878	-0.14554210191458852	0.06748244976535156	-0.06970689886361238	0.08326000023289495	-0.08157114751331276	0.11226209063590824	-0.12870756537020783	0.06248237642148406	-0.05248530550099686	0.13336157957802497	-0.14464520475956985	0.1646327241362101	-0.055922715464347156	0.06557063716842579	-0.5193206834065445	0.2942125845435094	-0.2854449418022269	0.06164663837219636	-0.05629096657578715	1.0000000000000009	-0.698838876870247	0.28733885055198394	-0.08195708413154401	0.06076948450358293
-0.045068711307340956	0.11048436671843384	-0.05533616994621443	0.056478040951198384	-0.06718248516467833	0.06242991362602582	-0.09228850387839665	0.10382417845313996	-0.057243946942310685	0.04337268093810911	-0.10953283147664615	0.11827487547491938	-0.14958362410334725	0.05030838780189281	-0.05425336986035274	0.2954501052158254	-0.37620855894804694	0.260867746966183	-0.06385457849232908	0.054647084893310056	-0.698838876870247	1.0000000000000013	-0.5073594723258478	0.0867043088516151	-0.06628666758112269
0.07724306942674054	-0.1927445671893541	0.09489367724488679	-0.09869203187635996	0.11360510276321817	-0.10762662979431946	0.15268696912638885	-0.18399911142041792	0.0984113638154723	-0.07450328704691125	0.16940502769431365	-0.2021391521929945	0.23757278587353697	-0.08966436179576423	0.09202543330542198	-0.32640136223544763	0.2842201823141248	-0.5922130134883823	0.1130392418393526	-0.10018789471072694	0.28733885055198394	-0.5073594723258478	1.000000000000002	-0.18676344443600978	0.11708745620813615
-0.0343141490780807	0.0840055346023641	-0.07661410882923052	0.07900678626128982	-0.09628494097327127	0.04635482162647383	-0.07342845590962097	0.07944594427800596	-0.2316964926091697	0.08800096047517555	-0.07727893665167675	0.07189153722463422	-0.08923255743003859	0.19703001184256394	-0.11053821623811812	0.08014854933306352	-0.07261031207554086	0.11009390703001037	-0.5468950277614466	0.32796465477555414	-0.08195708413154401	0.0867043088516151	-0.18676344443600978	1.000000000000002	-0.6790560700541622
0.02738073078300423	-0.06764381611720155	0.05584063130420176	-0.0586504259967063	0.07187712243905876	-0.03720044941896169	0.05650589412125652	-0.06205404547299284	0.15251559356270877	-0.06584952750074313	0.059859827094440564	-0.05680229223275378	0.06767552752154762	-0.14998270792301718	0.08055901259542167	-0.06413926957082375	0.05578104159430791	-0.08694527326575528	0.30707187492408156	-0.6336174246389528	0.06076948450358293	-0.06628666758112269	0.11708745620813615	-0.6790560700541622	1.000000000000002
