0.9999999999999999	-0.3533763097820116	0.2633510088293359	-0.41452098718417507	0.0682582092830496	-0.44563665615833986	0.26586449878129614	-0.20141811328126202	0.19472792760255586	-0.07121388717447563	0.2618112870953557	-0.24217710190908945	0.23925168812693012	-0.19002841688489094	0.08664023942931422	-0.16184157473059302	0.18399921937708658	-0.2456476356457678	0.23724754321478903	-0.08903732746276678	0.13997173970737126	-0.1770876533817294	0.23197600767346435	-0.11536289653884478	0.1316565363707294	-0.16928625014496826	0.16870103044456386	-0.1659974866368969	0.13040112671391724	-0.19744017452189347	0.13610678365462447	-0.13500334560536784	0.12575298215410985	-0.10981344664481156	0.10675782342430984	-0.06746329519459757	0.10918604087193373	-0.1143552880142127	0.09201959253922233	-0.0875641235589613	0.07718984164942666	-0.09072062922964752	0.1262248636103799	-0.07744201552794344	0.11188633526075503
-0.3533763097820116	1.0	-0.7050088301055549	0.27571796423710365	-0.048525658696537646	0.2720169860377085	-0.46319061315794585	0.18396404901729177	-0.16505340761957157	0.04866036575236999	-0.19726343171384955	0.19845962714647208	-0.2053878830036525	0.1376158466417732	-0.06156723131047989	0.10462398830291879	-0.13915625728898906	0.15742075481979118	-0.17113728023389985	0.06147076503481894	-0.09196650019105759	0.11495272258281602	-0.1474782482057549	0.07189383983267249	-0.08226265608007759	0.10143843348632868	-0.10851510804573143	0.09855867687244338	-0.07796073848789883	0.11159367007521402	-0.08363052545931081	0.08143545612698992	-0.07534468858704509	0.0644356549098965	-0.06277057946470213	0.04009799419504448	-0.06533723249222538	0.06743838108331088	-0.05431494992597436	0.05121330186453833	-0.045972610710480456	0.05379120008048501	-0.07491848116505892	0.04563718613927781	-0.06605916367026501
0.2633510088293359	-0.7050088301055549	0.9999999999999998	-0.49074658113241243	0.06313745831818772	-0.289370609256109	0.26757830393308824	-0.2236265882648683	0.18559830818175566	-0.06436015766100396	0.18587510266619467	-0.19508795524388983	0.21073992250421797	-0.15727094664996497	0.06811063542153371	-0.1059151330978297	0.13332508051732844	-0.166301327757664	0.17939827882374262	-0.06872132037446636	0.09199149394442946	-0.11720335896425599	0.14922775341754427	-0.0745052287562134	0.08485323773634357	-0.10434726328613271	0.10929097519785433	-0.1019106595233514	0.08054986913095612	-0.11666203860091084	0.08507292346349937	-0.08346466513047728	0.07721487617600005	-0.06654976156364599	0.06454493654671815	-0.041054324404724896	0.06673651722666119	-0.0693975024386349	0.05591235738805094	-0.05277054800465686	0.04697966903410483	-0.055108855128881334	0.07657862453629904	-0.04675291183282747	0.06754586571317123
-0.41452098718417507	0.27571796423710365	-0.49074658113241243	0.9999999999999997	-0.14077042136768741	0.2672764197641417	-0.26056143348136307	0.2619425337971891	-0.3753912441141981	0.12217379254917825	-0.2590024883532465	0.21052626634789498	-0.3544072608323049	0.24927001853924113	-0.12001293046658462	0.14264583566139766	-0.1730366888898727	0.22202789228156128	-0.3282089555038926	0.11502920253392876	-0.12833255667089538	0.15909312026767736	-0.2275338914580446	0.1169846415446241	-0.135326084078586	0.14536612711051064	-0.156430695401142	0.14836051616420617	-0.1209042111867644	0.1689971589781451	-0.12336653214517572	0.12006222410685674	-0.11428107908480417	0.09856683404931585	-0.09716067586878745	0.06083787619037127	-0.09962675431465771	0.10228116379163674	-0.08337575682679353	0.07863018954432671	-0.07036665937918614	0.08187651940407051	-0.11574931950576231	0.0703541103027509	-0.10259915398480618
0.0682582092830496	-0.048525658696537646	0.06313745831818772	-0.14077042136768741	0.9999999999999996	-0.054654685711230916	0.04841038817578434	-0.06788235865824449	0.0930797269215271	-0.9734019104808205	0.04946951698040421	-0.04305204987050652	0.07407380589616083	-0.07980101898193287	0.08614531110967938	-0.02927165875902349	0.03555072191742603	-0.0497408202475326	0.07631850511999462	-0.08738496844865448	0.025945179213955963	-0.0330640537800736	0.04580246806188787	-0.025896375807487153	0.029329247533314808	-0.030151577463759044	0.03193806658488509	-0.03143763984534699	0.025709907109912555	-0.03671417696418592	0.025047280730243798	-0.02471980281933349	0.023463858241200914	-0.020648786641534994	0.019943332374129888	-0.012341397457280323	0.020106483104968428	-0.021133503991418404	0.017264862964388027	-0.016252554580997922	0.014172611953694639	-0.01662522982823154	0.023271980429137723	-0.014223743492879741	0.020581789320640472
-0.44563665615833986	0.2720169860377085	-0.289370609256109	0.2672764197641417	-0.054654685711230916	1.0000000000000002	-0.5901845255647773	0.217408048329228	-0.20191554585008564	0.05528454726595965	-0.3885162725130483	0.27998773451902226	-0.28199906859893986	0.1778439356854492	-0.08193021041504371	0.16792991377366762	-0.21041757570785283	0.22761844271659368	-0.23959727272633596	0.08173464824247612	-0.149549780538363	0.17471859028074702	-0.22989133240844967	0.10727065510954162	-0.12359623201237821	0.1571204774635815	-0.1688090225467467	0.14908114093805405	-0.11778686949891623	0.16578154525811475	-0.13146667627445152	0.12571322149777484	-0.11624988612849033	0.09796776707103869	-0.09630933036670804	0.06218513492845246	-0.10165819700517165	0.10339436167874476	-0.0831036494577712	0.07830935711432012	-0.07154427102293044	0.08328072744287265	-0.11646215597861205	0.07065436459752493	-0.1026407638655425
0.26586449878129614	-0.46319061315794585	0.26757830393308824	-0.26056143348136307	0.04841038817578434	-0.5901845255647773	0.9999999999999993	-0.2738130152005302	0.18321005719084799	-0.04959403427254818	0.25944621212609464	-0.42916409737045036	0.23020007118892905	-0.15840734172630333	0.06764488391103464	-0.13739033121318686	0.19904772924682856	-0.20989440019312594	0.18817559624571886	-0.06849270947066416	0.11730291963918088	-0.15275605431840517	0.17582313157767687	-0.08353265368294341	0.09478787495550932	-0.12566422374850317	0.13543580816946374	-0.11821110535537793	0.09185002197634229	-0.13132460606698698	0.10165687462205816	-0.0990994605028452	0.08965848815327389	-0.0760274742997303	0.07338116257229751	-0.047564256433953817	0.07732013259820425	-0.08001282380984741	0.06396292309238175	-0.06013293801800956	0.05419472947008635	-0.06364904198581725	0.08770546664199219	-0.05344187161769144	0.07695788482202649
-0.20141811328126202	0.18396404901729177	-0.2236265882648683	0.2619425337971891	-0.06788235865824449	0.217408048329228	-0.2738130152005302	1.0000000000000002	-0.5755755116871198	0.06877087756963973	-0.17106345236737946	0.16869829974409847	-0.640503827926154	0.2746797252704189	-0.0981552728237695	0.09903270043914471	-0.1275140769998348	0.16864285075118624	-0.23476052555052998	0.09641708231198279	-0.08676625725013187	0.11115725174112225	-0.14523330582753174	0.07877559326563324	-0.08838139218695225	0.09901785482631487	-0.10496209518330021	0.10020008583369115	-0.08055438452976275	0.11604619040088938	-0.08107573434888464	0.0799519327883242	-0.07462184021083165	0.06519394789646431	-0.06261734898360002	0.03926050675191723	-0.06380633278499259	0.06714875467448264	-0.054457532306022356	0.05124370242617864	-0.04487026665863038	0.05277919796178025	-0.07326177633781589	0.04481033403427215	-0.06457959650653007
0.19472792760255586	-0.16505340761957157	0.18559830818175566	-0.3753912441141981	0.0930797269215271	-0.20191554585008564	0.18321005719084799	-0.5755755116871198	0.9999999999999996	-0.10250744467726051	0.1616148414222717	-0.15632894918695509	0.3154904543644548	-0.5689856415674396	0.12960659645767425	-0.09922971055226575	0.1233375103571799	-0.1795212537903065	0.26395616866108645	-0.1324784146731414	0.08658265096660461	-0.11247011648358225	0.14793907613632234	-0.08505225528980154	0.09355399224019856	-0.10132953001093248	0.10611300103140833	-0.10483937871525659	0.0846522742668703	-0.12329385864077322	0.08252649390059202	-0.08202930165296905	0.0769634130548448	-0.06809851006517456	0.06493408574487904	-0.040306437022285875	0.06539317953438833	-0.06955839420182995	0.05657881873957272	-0.05325268690988358	0.04599976194612601	-0.054260050194169004	0.07522176181034473	-0.046127477721712246	0.06634139270861887
-0.07121388717447563	0.04866036575236999	-0.06436015766100396	0.12217379254917825	-0.9734019104808205	0.05528454726595965	-0.04959403427254818	0.06877087756963973	-0.10250744467726051	0.9999999999999983	-0.05103647354917711	0.04385950512440485	-0.07789140696187857	0.08029567756903347	-0.09623893723997669	0.02995724222208624	-0.036424783835485496	0.05059749461609681	-0.08004359635896643	0.0846468111461067	-0.026627265599393386	0.03384066157510284	-0.04725569488847763	0.026641903303117883	-0.030273073182714876	0.030843179338846196	-0.032795982355511046	0.032187843302957375	-0.026393020182735278	0.03747252141217989	-0.025717348049919462	0.025342825916299726	-0.02409422582769323	0.021171646419215255	-0.02049250896788267	0.01267899064935796	-0.020674274564118793	0.021679358590307573	-0.017723908789969895	0.01668001814851315	-0.014575602509547446	0.017080878947656454	-0.023948170852773863	0.01462652934552807	-0.021186892234894016
0.2618112870953557	-0.19726343171384955	0.18587510266619467	-0.2590024883532465	0.04946951698040421	-0.3885162725130483	0.25944621212609464	-0.17106345236737946	0.1616148414222717	-0.05103647354917711	0.999999999999998	-0.512181357583158	0.21020260952941994	-0.1650438453080171	0.07639597254245739	-0.3870139873942338	0.28330635134370646	-0.340497259875148	0.22711383639608698	-0.07883726295141626	0.2412336708059719	-0.26015544352807174	0.2633894788498758	-0.12515839497806952	0.1403219525710703	-0.26003067658914014	0.22069700979734727	-0.1965458316367795	0.1466906067640763	-0.21847216635108793	0.1806038789167698	-0.1756325505310483	0.148267379572565	-0.12483138219670252	0.11728946945972023	-0.07968759155462636	0.12711498040364783	-0.13356902252653927	0.10404756293818722	-0.09785742056062005	0.08868890975720728	-0.10575703742685548	0.14024912164839148	-0.08609809369781933	0.12167397933838246
-0.24217710190908945	0.19845962714647208	-0.19508795524388983	0.21052626634789498	-0.04305204987050652	0.27998773451902226	-0.42916409737045036	0.16869829974409847	-0.15632894918695509	0.04385950512440485	-0.512181357583158	1.0000000000000007	-0.21546399702316274	0.1491886921735931	-0.06942571524549322	0.2107242819921119	-0.5303055371499921	0.28653481636428707	-0.21774043645090643	0.07027594602292685	-0.18391209131560532	0.2346573504640969	-0.2479171363163394	0.10680403042779539	-0.12115797732778677	0.17431045518336424	-0.2091653953274934	0.15757447534672836	-0.12024712466002836	0.1664766918284784	-0.14291227480722465	0.13681541811188558	-0.12059343525941855	0.09918189814323154	-0.09531183526331366	0.06349167566763278	-0.1036454329069692	0.10585941616387945	-0.08384576392488648	0.07819365599622771	-0.07206074319699915	0.08456398686022062	-0.11543978776226382	0.06997722283833506	-0.100437121698551
0.23925168812693012	-0.2053878830036525	0.21073992250421797	-0.3544072608323049	0.07407380589616083	-0.28199906859893986	0.23020007118892905	-0.640503827926154	0.3154904543644548	-0.07789140696187857	0.21020260952941994	-0.21546399702316274	0.9999999999999964	-0.38842554005513613	0.1206917657288968	-0.13298200757427914	0.16334228596354652	-0.24160373033964633	0.26459719821188815	-0.12823377733807573	0.1146085650754002	-0.14973137768092906	0.19022754674906517	-0.10295479493286426	0.1141687009519048	-0.13588861324012297	0.13927595993484804	-0.1372065413445622	0.10857830196324525	-0.16252017509766728	0.10886565747249578	-0.10859391835467465	0.10077479080909327	-0.08892771463806827	0.08468072822061734	-0.05304244344097828	0.08574955178277674	-0.09140653777343247	0.0738419627159759	-0.06972974030809197	0.06032333571712266	-0.07133049656301427	0.09830609227674562	-0.060401645782637	0.08662200404990943
-0.19002841688489094	0.1376158466417732	-0.15727094664996497	0.24927001853924113	-0.07980101898193287	0.1778439356854492	-0.15840734172630333	0.2746797252704189	-0.5689856415674396	0.08029567756903347	-0.1650438453080171	0.1491886921735931	-0.38842554005513613	1.0	-0.24764943462114888	0.10262598502407239	-0.13082474887025652	0.19703532984406308	-0.5485084855726554	0.19600613514503235	-0.09077735968977638	0.11873648610874162	-0.16431159089029118	0.10831510028803647	-0.11839263775737324	0.10593026704689643	-0.11391386089022651	0.11476063310321068	-0.09690562258888318	0.1344908945659408	-0.08758603504504976	0.08720322016708265	-0.08316877340577758	0.07455015055140557	-0.07062295174221027	0.04294360661091327	-0.06987718800585854	0.0749060423048498	-0.06173835945917201	0.057685491488823196	-0.0490943336651003	0.057927350170346885	-0.08064417076085417	0.04943495424795299	-0.07114004053992985
0.08664023942931422	-0.06156723131047989	0.06811063542153371	-0.12001293046658462	0.08614531110967938	-0.08193021041504371	0.06764488391103464	-0.0981552728237695	0.12960659645767425	-0.09623893723997669	0.07639597254245739	-0.06942571524549322	0.1206917657288968	-0.24764943462114888	0.9999999999999979	-0.04958023571855466	0.06131314186543695	-0.0969320137284707	0.19491757965291295	-0.9257510814406613	0.043574767412716583	-0.05772356606010136	0.07913877830627362	-0.057001640802790576	0.06322925517732764	-0.052051613996618194	0.055233779906349124	-0.0581231356183853	0.049094668294519174	-0.07003226665947021	0.0426957116117245	-0.04291349184452905	0.0411622149219397	-0.03760739367936048	0.03515239822833123	-0.021073257575875904	0.034202596303255194	-0.03728755215403174	0.0308510284418093	-0.02883033407742031	0.024022529286609202	-0.028475440686544957	0.039512437145926574	-0.024316515546285545	0.03485381481123171
-0.16184157473059302	0.10462398830291879	-0.1059151330978297	0.14264583566139766	-0.02927165875902349	0.16792991377366762	-0.13739033121318686	0.09903270043914471	-0.09922971055226575	0.02995724222208624	-0.3870139873942338	0.2107242819921119	-0.13298200757427914	0.10262598502407239	-0.04958023571855466	0.9999999999999972	-0.27025109045475343	0.21519236495474187	-0.15753156031817186	0.05063201466195854	-0.7511752261550605	0.22853633056402312	-0.22818695412811946	0.09697454633077869	-0.1103805637696614	0.26484733734224075	-0.2151567269691671	0.15550920565946333	-0.11632809322876442	0.15777644437413801	-0.208398411149862	0.159947465522942	-0.13264854006694715	0.10092866520001165	-0.09775181480181977	0.07238382928074344	-0.1179415433725847	0.1131806128635286	-0.08678586726519182	0.08055235757572327	-0.08188394308099824	0.09403135835338715	-0.1264579372822917	0.07547240440971015	-0.10822629012205087
0.18399921937708658	-0.13915625728898906	0.13332508051732844	-0.1730366888898727	0.03555072191742603	-0.21041757570785283	0.19904772924682856	-0.1275140769998348	0.1233375103571799	-0.036424783835485496	0.28330635134370646	-0.5303055371499921	0.16334228596354652	-0.13082474887025652	0.06131314186543695	-0.27025109045475343	0.9999999999999953	-0.5511616880656738	0.20270619925661412	-0.06334072069350419	0.2012838228696538	-0.4370745189611859	0.25697327854382396	-0.106796499585798	0.1182038282236095	-0.18628558333363882	0.23731705432114983	-0.16765809243611546	0.12171183122156357	-0.16767493105786724	0.1464521146366121	-0.1465321695170883	0.1222622281102041	-0.09965912316719067	0.09346051269065492	-0.0634232320403693	0.10311316372463121	-0.1070004544338228	0.08358611269746297	-0.0773805579070969	0.07095660259240624	-0.08434671428690109	0.11254361087334688	-0.06839386729470887	0.0970408876435479
-0.2456476356457678	0.15742075481979118	-0.166301327757664	0.22202789228156128	-0.0497408202475326	0.22761844271659368	-0.20989440019312594	0.16864285075118624	-0.1795212537903065	0.05059749461609681	-0.340497259875148	0.28653481636428707	-0.24160373033964633	0.19703532984406308	-0.0969320137284707	0.21519236495474187	-0.5511616880656738	0.9999999999999978	-0.3979717942518324	0.09874249211962623	-0.2029755081660668	0.2748192375291195	-0.40988714789024144	0.15360638611000832	-0.17202236931154027	0.20085643133421308	-0.26020037500030574	0.2056536263009161	-0.16068306888215733	0.21522695194482366	-0.17346126405776352	0.16782969020368937	-0.15391254495977785	0.128019662253356	-0.12309453714438645	0.07956097351232842	-0.13091143852700515	0.1344457609831301	-0.10813977525351194	0.1003522323145148	-0.09100499718961311	0.1065075733896918	-0.14738170565380737	0.08915579552989246	-0.12855781058914859
0.23724754321478903	-0.17113728023389985	0.17939827882374262	-0.3282089555038926	0.07631850511999462	-0.23959727272633596	0.18817559624571886	-0.23476052555052998	0.26395616866108645	-0.08004359635896643	0.22711383639608698	-0.21774043645090643	0.26459719821188815	-0.5485084855726554	0.19491757965291295	-0.15753156031817186	0.20270619925661412	-0.3979717942518324	1.0000000000000013	-0.24720960494039468	0.13650521338733254	-0.18673043067754147	0.243001239857433	-0.2019803074301961	0.18111592778311641	-0.16455475060086927	0.17350941100165698	-0.18588896781072958	0.15530050594707864	-0.22365530921934387	0.13266612990830218	-0.13469972229002672	0.12811045425317572	-0.11847429550690723	0.10862056191325568	-0.06512278835204603	0.10528942441523066	-0.11659345788673879	0.09613409810453234	-0.08976271628701718	0.07379062690122798	-0.0879953339913021	0.12099909124951738	-0.07473793684527122	0.1064490094323063
-0.08903732746276678	0.06147076503481894	-0.06872132037446636	0.11502920253392876	-0.08738496844865448	0.08173464824247612	-0.06849270947066416	0.09641708231198279	-0.1324784146731414	0.0846468111461067	-0.07883726295141626	0.07027594602292685	-0.12823377733807573	0.19600613514503235	-0.9257510814406613	0.05063201466195854	-0.06334072069350419	0.09874249211962623	-0.24720960494039468	0.9999999999999977	-0.04479232437902199	0.05924420695579319	-0.08311957151216427	0.06156708628175953	-0.07040387725485472	0.05314232373996626	-0.057117355688151836	0.05999026246406929	-0.05161672223048093	0.07176773699898398	-0.04396169463810997	0.04409583229643682	-0.04254375838794172	0.03888706177092688	-0.03640044656223574	0.021707101198614444	-0.03530099871636334	0.038424233006062604	-0.031944343858241096	0.029761578667851122	-0.02478808539266966	0.029344509076370123	-0.04084460545919092	0.025104453162736993	-0.036040720706330076
0.13997173970737126	-0.09196650019105759	0.09199149394442946	-0.12833255667089538	0.025945179213955963	-0.149549780538363	0.11730291963918088	-0.08676625725013187	0.08658265096660461	-0.026627265599393386	0.2412336708059719	-0.18391209131560532	0.1146085650754002	-0.09077735968977638	0.043574767412716583	-0.7511752261550605	0.2012838228696538	-0.2029755081660668	0.13650521338733254	-0.04479232437902199	0.9999999999999997	-0.2752466917080424	0.19983848310693145	-0.08877274020937419	0.09953798673643559	-0.4418379479298971	0.20806806653527682	-0.15097679386456073	0.10887827064172717	-0.1508009615656242	0.20736639794900014	-0.16789447620644357	0.12513497159774775	-0.09549348934166758	0.08951261084696656	-0.0690066074080394	0.10982495290489529	-0.10834898330556313	0.08104005779883452	-0.07495260900984412	0.07561103764598154	-0.08892823760575547	0.11428980496019192	-0.0689408022658054	0.09682827496244323
-0.1770876533817294	0.11495272258281602	-0.11720335896425599	0.15909312026767736	-0.0330640537800736	0.17471859028074702	-0.15275605431840517	0.11115725174112225	-0.11247011648358225	0.03384066157510284	-0.26015544352807174	0.2346573504640969	-0.14973137768092906	0.11873648610874162	-0.05772356606010136	0.22853633056402312	-0.4370745189611859	0.2748192375291195	-0.18673043067754147	0.05924420695579319	-0.2752466917080424	0.9999999999999991	-0.40877595644335396	0.1343861701908843	-0.14820308328002874	0.2336207109267501	-0.6138120781623366	0.2335625990967947	-0.16339349509256812	0.20738258091040962	-0.20433748568140753	0.2119080167138227	-0.16867175118983913	0.12901022778460702	-0.11936207710972498	0.08341087507962514	-0.1387840339032432	0.14112431911358117	-0.10905930040536456	0.09885337758624536	-0.09261143292802573	0.1106641969213798	-0.14533012170269466	0.0874557362323754	-0.12321575320914574
0.23197600767346435	-0.1474782482057549	0.14922775341754427	-0.2275338914580446	0.04580246806188787	-0.22989133240844967	0.17582313157767687	-0.14523330582753174	0.14793907613632234	-0.04725569488847763	0.2633894788498758	-0.2479171363163394	0.19022754674906517	-0.16431159089029118	0.07913877830627362	-0.22818695412811946	0.25697327854382396	-0.40988714789024144	0.243001239857433	-0.08311957151216427	0.19983848310693145	-0.40877595644335396	0.9999999999999986	-0.2735899596205802	0.2348813254278615	-0.25940470717811376	0.28864440842477646	-0.3884756414825247	0.25153429573118913	-0.38131635650638535	0.20181264393598378	-0.2200051604775538	0.20696844897222363	-0.1910767800819048	0.1651646108714234	-0.09835911650980567	0.15721161709905873	-0.18879667799298003	0.15137743478769203	-0.13998322469280788	0.1087199107166229	-0.1336666305390087	0.17731260408912924	-0.11077509596372714	0.15364508581666747
-0.11536289653884478	0.07189383983267249	-0.0745052287562134	0.1169846415446241	-0.025896375807487153	0.10727065510954162	-0.08353265368294341	0.07877559326563324	-0.08505225528980154	0.026641903303117883	-0.12515839497806952	0.10680403042779539	-0.10295479493286426	0.10831510028803647	-0.057001640802790576	0.09697454633077869	-0.106796499585798	0.15360638611000832	-0.2019803074301961	0.06156708628175953	-0.08877274020937419	0.1343861701908843	-0.2735899596205802	0.999999999999999	-0.8044312540627154	0.11785735447820314	-0.14348554498650673	0.2279639612587811	-0.39678901963193475	0.26943893600181473	-0.10389444772035085	0.11182858686910653	-0.12980364959642435	0.1471890628626422	-0.11832793831845494	0.05427747562654361	-0.08924120326655556	0.11483845162855597	-0.11300055028464386	0.09435127955848466	-0.061699917911728235	0.07534328373661854	-0.10686598449216501	0.06668402223283268	-0.09416716746166362
0.1316565363707294	-0.08226265608007759	0.08485323773634357	-0.135326084078586	0.029329247533314808	-0.12359623201237821	0.09478787495550932	-0.08838139218695225	0.09355399224019856	-0.030273073182714876	0.1403219525710703	-0.12115797732778677	0.1141687009519048	-0.11839263775737324	0.06322925517732764	-0.1103805637696614	0.1182038282236095	-0.17202236931154027	0.18111592778311641	-0.07040387725485472	0.09953798673643559	-0.14820308328002874	0.2348813254278615	-0.8044312540627154	0.999999999999999	-0.13502951734592994	0.15421609875417547	-0.2613371455161681	0.27577766132993853	-0.37323000783227445	0.11554463201530628	-0.12579738973033244	0.14064319476529064	-0.16197037429098377	0.12792751616460926	-0.060660267771144666	0.09865730741237931	-0.1294916080074727	0.11907324473405935	-0.10585223231186688	0.0684054069065466	-0.08415796707110927	0.11739457458416074	-0.07412477311237546	0.10349318462773266
-0.16928625014496826	0.10143843348632868	-0.10434726328613271	0.14536612711051064	-0.030151577463759044	0.1571204774635815	-0.12566422374850317	0.09901785482631487	-0.10132953001093248	0.030843179338846196	-0.26003067658914014	0.17431045518336424	-0.13588861324012297	0.10593026704689643	-0.052051613996618194	0.26484733734224075	-0.18628558333363882	0.20085643133421308	-0.16455475060086927	0.05314232373996626	-0.4418379479298971	0.2336207109267501	-0.25940470717811376	0.11785735447820314	-0.13502951734592994	0.9999999999999982	-0.31870258170576893	0.20505184242328237	-0.1514738150530822	0.1979601628050959	-0.5991282920835512	0.28363256805585374	-0.20868305429116873	0.140221354742808	-0.13588265468584418	0.11858397225145359	-0.19181600848400412	0.1685625428796618	-0.12328652729186154	0.11286837483160388	-0.13190268604378796	0.1466264868559456	-0.1903429225481247	0.11122927435318375	-0.15830205870610664
0.16870103044456386	-0.10851510804573143	0.10929097519785433	-0.156430695401142	0.03193806658488509	-0.1688090225467467	0.13543580816946374	-0.10496209518330021	0.10611300103140833	-0.032795982355511046	0.22069700979734727	-0.2091653953274934	0.13927595993484804	-0.11391386089022651	0.055233779906349124	-0.2151567269691671	0.23731705432114983	-0.26020037500030574	0.17350941100165698	-0.057117355688151836	0.20806806653527682	-0.6138120781623366	0.28864440842477646	-0.14348554498650673	0.15421609875417547	-0.31870258170576893	0.9999999999999978	-0.3780366735200814	0.1979659740397315	-0.2531172173763235	0.24612636787345718	-0.37623920426278507	0.21268149927388041	-0.15878339946662529	0.13718836819664315	-0.10282817337879693	0.16734453290755819	-0.1802689886648904	0.1307495574111648	-0.11704859488117994	0.1082999348889989	-0.13693928090885277	0.16542232202048052	-0.10096441124764256	0.13723009671812658
-0.1659974866368969	0.09855867687244338	-0.1019106595233514	0.14836051616420617	-0.03143763984534699	0.14908114093805405	-0.11821110535537793	0.10020008583369115	-0.10483937871525659	0.032187843302957375	-0.1965458316367795	0.15757447534672836	-0.1372065413445622	0.11476063310321068	-0.0581231356183853	0.15550920565946333	-0.16765809243611546	0.2056536263009161	-0.18588896781072958	0.05999026246406929	-0.15097679386456073	0.2335625990967947	-0.3884756414825247	0.2279639612587811	-0.2613371455161681	0.20505184242328237	-0.3780366735200814	0.9999999999999954	-0.5533498906797489	0.3139512269540552	-0.20306674077382866	0.22518985601005329	-0.3558322440352146	0.2306726650013871	-0.1999974246764829	0.10183949047283704	-0.17270316659312523	0.22860052556973023	-0.19819986155657335	0.15799205926912668	-0.11637452309757078	0.14201358523868743	-0.20572609035686773	0.12306528460085969	-0.17463553498791629
0.13040112671391724	-0.07796073848789883	0.08054986913095612	-0.1209042111867644	0.025709907109912555	-0.11778686949891623	0.09185002197634229	-0.08055438452976275	0.0846522742668703	-0.026393020182735278	0.1466906067640763	-0.12024712466002836	0.10857830196324525	-0.09690562258888318	0.049094668294519174	-0.11632809322876442	0.12171183122156357	-0.16068306888215733	0.15530050594707864	-0.05161672223048093	0.10887827064172717	-0.16339349509256812	0.25153429573118913	-0.39678901963193475	0.27577766132993853	-0.1514738150530822	0.1979659740397315	-0.5533498906797489	0.9999999999999982	-0.5398550830558198	0.14002571005401254	-0.1577675915321091	0.20600810560272081	-0.3292224110784524	0.18657646918044948	-0.07507090043112946	0.12434058255573979	-0.18321848679068004	0.19308647708067755	-0.15187142352846766	0.08514447753589865	-0.10596086607867616	0.1519577015949919	-0.09576821534899216	0.13350476808330897
-0.19744017452189347	0.11159367007521402	-0.11666203860091084	0.1689971589781451	-0.03671417696418592	0.16578154525811475	-0.13132460606698698	0.11604619040088938	-0.12329385864077322	0.03747252141217989	-0.21847216635108793	0.1664766918284784	-0.16252017509766728	0.1344908945659408	-0.07003226665947021	0.15777644437413801	-0.16767493105786724	0.21522695194482366	-0.22365530921934387	0.07176773699898398	-0.1508009615656242	0.20738258091040962	-0.38131635650638535	0.26943893600181473	-0.37323000783227445	0.1979601628050959	-0.2531172173763235	0.3139512269540552	-0.5398550830558198	0.9999999999999942	-0.19288539489748616	0.19842397551945182	-0.23894667055174304	0.2414125361904157	-0.26964124049546484	0.10773669633379063	-0.18219522388272702	0.2059058915708094	-0.21139306933659394	0.18700715297375012	-0.1275368055055736	0.15002251943538164	-0.22719345836828783	0.13894452862100345	-0.20604195377208784
0.13610678365462447	-0.08363052545931081	0.08507292346349937	-0.12336653214517572	0.025047280730243798	-0.13146667627445152	0.10165687462205816	-0.08107573434888464	0.08252649390059202	-0.025717348049919462	0.1806038789167698	-0.14291227480722465	0.10886565747249578	-0.08758603504504976	0.0426957116117245	-0.208398411149862	0.1464521146366121	-0.17346126405776352	0.13266612990830218	-0.04396169463810997	0.20736639794900014	-0.20433748568140753	0.20181264393598378	-0.10389444772035085	0.11554463201530628	-0.5991282920835512	0.24612636787345718	-0.20306674077382866	0.14002571005401254	-0.19288539489748616	0.999999999999997	-0.6027987105943168	0.21638015812616362	-0.14221587383041667	0.12236029445382615	-0.14467735902994025	0.19936192067165803	-0.1883044474539805	0.12004285757748531	-0.10817468722833101	0.13299337277837292	-0.16201764096294713	0.16814412810038845	-0.10244386131020992	0.13320284802157092
-0.13500334560536784	0.08143545612698992	-0.08346466513047728	0.12006222410685674	-0.02471980281933349	0.12571322149777484	-0.0990994605028452	0.0799519327883242	-0.08202930165296905	0.025342825916299726	-0.1756325505310483	0.13681541811188558	-0.10859391835467465	0.08720322016708265	-0.04291349184452905	0.159947465522942	-0.1465321695170883	0.16782969020368937	-0.13469972229002672	0.04409583229643682	-0.16789447620644357	0.2119080167138227	-0.2200051604775538	0.11182858686910653	-0.12579738973033244	0.28363256805585374	-0.37623920426278507	0.22518985601005329	-0.1577675915321091	0.19842397551945182	-0.6027987105943168	0.9999999999999968	-0.3890382325410381	0.16316462192212258	-0.1432251796868273	0.15439958082653338	-0.33440823694179395	0.23047047102634108	-0.14572873563277178	0.12457673751284495	-0.15791042040864847	0.19914605764766247	-0.21842662659138534	0.12363560977315177	-0.16452434801214474
0.12575298215410985	-0.07534468858704509	0.07721487617600005	-0.11428107908480417	0.023463858241200914	-0.11624988612849033	0.08965848815327389	-0.07462184021083165	0.0769634130548448	-0.02409422582769323	0.148267379572565	-0.12059343525941855	0.10077479080909327	-0.08316877340577758	0.0411622149219397	-0.13264854006694715	0.1222622281102041	-0.15391254495977785	0.12811045425317572	-0.04254375838794172	0.12513497159774775	-0.16867175118983913	0.20696844897222363	-0.12980364959642435	0.14064319476529064	-0.20868305429116873	0.21268149927388041	-0.3558322440352146	0.20600810560272081	-0.23894667055174304	0.21638015812616362	-0.3890382325410381	0.999999999999997	-0.2995242982095253	0.18802738886633688	-0.1144412927375141	0.18981115363509926	-0.6597857897078778	0.24052060340233444	-0.18176214515876585	0.11998342402504161	-0.17240153759668247	0.2289212069384953	-0.1385516169804406	0.16782557191651895
-0.10981344664481156	0.0644356549098965	-0.06654976156364599	0.09856683404931585	-0.020648786641534994	0.09796776707103869	-0.0760274742997303	0.06519394789646431	-0.06809851006517456	0.021171646419215255	-0.12483138219670252	0.09918189814323154	-0.08892771463806827	0.07455015055140557	-0.03760739367936048	0.10092866520001165	-0.09965912316719067	0.128019662253356	-0.11847429550690723	0.03888706177092688	-0.09549348934166758	0.12901022778460702	-0.1910767800819048	0.1471890628626422	-0.16197037429098377	0.140221354742808	-0.15878339946662529	0.2306726650013871	-0.3292224110784524	0.2414125361904157	-0.14221587383041667	0.16316462192212258	-0.2995242982095253	0.9999999999999963	-0.4183713006722348	0.08318219230184319	-0.14100327010816155	0.26357111219255985	-0.6688072006752601	0.28813280965098176	-0.0948814858368919	0.12314584313618021	-0.19010136039554723	0.12410756579607556	-0.17286767704902717
0.10675782342430984	-0.06277057946470213	0.06454493654671815	-0.09716067586878745	0.019943332374129888	-0.09630933036670804	0.07338116257229751	-0.06261734898360002	0.06493408574487904	-0.02049250896788267	0.11728946945972023	-0.09531183526331366	0.08468072822061734	-0.07062295174221027	0.03515239822833123	-0.09775181480181977	0.09346051269065492	-0.12309453714438645	0.10862056191325568	-0.03640044656223574	0.08951261084696656	-0.11936207710972498	0.1651646108714234	-0.11832793831845494	0.12792751616460926	-0.13588265468584418	0.13718836819664315	-0.1999974246764829	0.18657646918044948	-0.26964124049546484	0.12236029445382615	-0.1432251796868273	0.18802738886633688	-0.4183713006722348	0.9999999999999939	-0.07623399768227652	0.12167409959360954	-0.21738870665221952	0.2972658182165204	-0.7536760697301141	0.08418805631520285	-0.11627951391343157	0.16499626217250649	-0.14561168303965022	0.18492061891286043
-0.06746329519459757	0.04009799419504448	-0.041054324404724896	0.06083787619037127	-0.012341397457280323	0.06218513492845246	-0.047564256433953817	0.03926050675191723	-0.040306437022285875	0.01267899064935796	-0.07968759155462636	0.06349167566763278	-0.05304244344097828	0.04294360661091327	-0.021073257575875904	0.07238382928074344	-0.0634232320403693	0.07956097351232842	-0.06512278835204603	0.021707101198614444	-0.0690066074080394	0.08341087507962514	-0.09835911650980567	0.05427747562654361	-0.060660267771144666	0.11858397225145359	-0.10282817337879693	0.10183949047283704	-0.07507090043112946	0.10773669633379063	-0.14467735902994025	0.15439958082653338	-0.1144412927375141	0.08318219230184319	-0.07623399768227652	0.9999999999999939	-0.4459733794870933	0.11760009323028926	-0.07413581169331977	0.07033190255084502	-0.821296551966694	0.2707012068763901	-0.17003148683213354	0.09387303069789608	-0.1089589468134668
0.10918604087193373	-0.06533723249222538	0.06673651722666119	-0.09962675431465771	0.020106483104968428	-0.10165819700517165	0.07732013259820425	-0.06380633278499259	0.06539317953438833	-0.020674274564118793	0.12711498040364783	-0.1036454329069692	0.08574955178277674	-0.06987718800585854	0.034202596303255194	-0.1179415433725847	0.10311316372463121	-0.13091143852700515	0.10528942441523066	-0.03530099871636334	0.10982495290489529	-0.1387840339032432	0.15721161709905873	-0.08924120326655556	0.09865730741237931	-0.19181600848400412	0.16734453290755819	-0.17270316659312523	0.12434058255573979	-0.18219522388272702	0.19936192067165803	-0.33440823694179395	0.18981115363509926	-0.14100327010816155	0.12167409959360954	-0.4459733794870933	0.9999999999999932	-0.21522108049606303	0.12313087359546997	-0.11642872833377722	0.2931157440080199	-0.6370305658415543	0.25742333944658397	-0.15491253044363265	0.16173734104183682
-0.1143552880142127	0.06743838108331088	-0.0693975024386349	0.10228116379163674	-0.021133503991418404	0.10339436167874476	-0.08001282380984741	0.06714875467448264	-0.06955839420182995	0.021679358590307573	-0.13356902252653927	0.10585941616387945	-0.09140653777343247	0.0749060423048498	-0.03728755215403174	0.1131806128635286	-0.1070004544338228	0.1344457609831301	-0.11659345788673879	0.038424233006062604	-0.10834898330556313	0.14112431911358117	-0.18879667799298003	0.11483845162855597	-0.1294916080074727	0.1685625428796618	-0.1802689886648904	0.22860052556973023	-0.18321848679068004	0.2059058915708094	-0.1883044474539805	0.23047047102634108	-0.6597857897078778	0.26357111219255985	-0.21738870665221952	0.11760009323028926	-0.21522108049606303	0.9999999999999933	-0.3957588238580578	0.20210377075328337	-0.13314250917771348	0.1876693828624439	-0.3672550101669473	0.17001297457203793	-0.2142797587538703
0.09201959253922233	-0.05431494992597436	0.05591235738805094	-0.08337575682679353	0.017264862964388027	-0.0831036494577712	0.06396292309238175	-0.054457532306022356	0.05657881873957272	-0.017723908789969895	0.10404756293818722	-0.08384576392488648	0.0738419627159759	-0.06173835945917201	0.0308510284418093	-0.08678586726519182	0.08358611269746297	-0.10813977525351194	0.09613409810453234	-0.031944343858241096	0.08104005779883452	-0.10905930040536456	0.15137743478769203	-0.11300055028464386	0.11907324473405935	-0.12328652729186154	0.1307495574111648	-0.19819986155657335	0.19308647708067755	-0.21139306933659394	0.12004285757748531	-0.14572873563277178	0.24052060340233444	-0.6688072006752601	0.2972658182165204	-0.07413581169331977	0.12313087359546997	-0.3957588238580578	0.9999999999999925	-0.469196361547897	0.08238525443525084	-0.1142446633538538	0.1730029597210042	-0.12267414571153744	0.1580123799628839
-0.0875641235589613	0.05121330186453833	-0.05277054800465686	0.07863018954432671	-0.016252554580997922	0.07830935711432012	-0.06013293801800956	0.05124370242617864	-0.05325268690988358	0.01668001814851315	-0.09785742056062005	0.07819365599622771	-0.06972974030809197	0.057685491488823196	-0.02883033407742031	0.08055235757572327	-0.0773805579070969	0.1003522323145148	-0.08976271628701718	0.029761578667851122	-0.07495260900984412	0.09885337758624536	-0.13998322469280788	0.09435127955848466	-0.10585223231186688	0.11286837483160388	-0.11704859488117994	0.15799205926912668	-0.15187142352846766	0.18700715297375012	-0.10817468722833101	0.12457673751284495	-0.18176214515876585	0.28813280965098176	-0.7536760697301141	0.07033190255084502	-0.11642872833377722	0.20210377075328337	-0.469196361547897	0.9999999999999925	-0.07994028042420859	0.1091279903839325	-0.17224817980808765	0.14912695689728023	-0.2402692315734027
0.07718984164942666	-0.045972610710480456	0.04697966903410483	-0.07036665937918614	0.014172611953694639	-0.07154427102293044	0.05419472947008635	-0.04487026665863038	0.04599976194612601	-0.014575602509547446	0.08868890975720728	-0.07206074319699915	0.06032333571712266	-0.0490943336651003	0.024022529286609202	-0.08188394308099824	0.07095660259240624	-0.09100499718961311	0.07379062690122798	-0.02478808539266966	0.07561103764598154	-0.09261143292802573	0.1087199107166229	-0.061699917911728235	0.0684054069065466	-0.13190268604378796	0.1082999348889989	-0.11637452309757078	0.08514447753589865	-0.1275368055055736	0.13299337277837292	-0.15791042040864847	0.11998342402504161	-0.0948814858368919	0.08418805631520285	-0.821296551966694	0.2931157440080199	-0.13314250917771348	0.08238525443525084	-0.07994028042420859	0.9999999999999931	-0.3990153421914961	0.18184096254339327	-0.10872143101569157	0.11566921675600962
-0.09072062922964752	0.05379120008048501	-0.055108855128881334	0.08187651940407051	-0.01662522982823154	0.08328072744287265	-0.06364904198581725	0.05277919796178025	-0.054260050194169004	0.017080878947656454	-0.10575703742685548	0.08456398686022062	-0.07133049656301427	0.057927350170346885	-0.028475440686544957	0.09403135835338715	-0.08434671428690109	0.1065075733896918	-0.0879953339913021	0.029344509076370123	-0.08892823760575547	0.1106641969213798	-0.1336666305390087	0.07534328373661854	-0.08415796707110927	0.1466264868559456	-0.13693928090885277	0.14201358523868743	-0.10596086607867616	0.15002251943538164	-0.16201764096294713	0.19914605764766247	-0.17240153759668247	0.12314584313618021	-0.11627951391343157	0.2707012068763901	-0.6370305658415543	0.1876693828624439	-0.1142446633538538	0.1091279903839325	-0.3990153421914961	0.9999999999999929	-0.4823776880830069	0.18413678386486407	-0.20610841826774998
0.1262248636103799	-0.07491848116505892	0.07657862453629904	-0.11574931950576231	0.023271980429137723	-0.11646215597861205	0.08770546664199219	-0.07326177633781589	0.07522176181034473	-0.023948170852773863	0.14024912164839148	-0.11543978776226382	0.09830609227674562	-0.08064417076085417	0.039512437145926574	-0.1264579372822917	0.11254361087334688	-0.14738170565380737	0.12099909124951738	-0.04084460545919092	0.11428980496019192	-0.14533012170269466	0.17731260408912924	-0.10686598449216501	0.11739457458416074	-0.1903429225481247	0.16542232202048052	-0.20572609035686773	0.1519577015949919	-0.22719345836828783	0.16814412810038845	-0.21842662659138534	0.2289212069384953	-0.19010136039554723	0.16499626217250649	-0.17003148683213354	0.25742333944658397	-0.3672550101669473	0.1730029597210042	-0.17224817980808765	0.18184096254339327	-0.4823776880830069	0.9999999999999933	-0.4974947516049466	0.2919734278024698
