1.0	-0.4207761699676692	0.1712332260016266	-0.14560624903144592	0.18210100583619865	-0.6672311440085047	0.27239210497869076	-0.27500953500554837	0.13649137885932464	-0.11451526068776935	0.27693917937378426	-0.2737097893630229	0.1877142268446567	-0.1789519936620267	0.1902243413083353	-0.2867339714598657	0.1888823419332626	-0.1913011390801886	0.14546092734226568	-0.16535130121466196	0.13351256621326532	-0.14362338932817104	0.1496809054434488	-0.16531222414704952	0.12212636271338584	-0.11292586128699908	0.13408265317573176	-0.12271506430132191	0.13164203288308346	-0.1114438740475314	0.08872882326066199	-0.14710047167270637	0.1262286903618432	-0.11588691344736222	0.10849449278585674	-0.11850680696780917	0.04814288464734871	-0.05598931739145102	0.08635753033904825	-0.0677451963223535
-0.4207761699676692	1.0000000000000002	-0.47436063776860593	0.27351013631323495	-0.4225362362629523	0.22582328514964506	-0.2510310762561496	0.3153088833081302	-0.24197029058890226	0.1919940177546204	-0.2463069316093267	0.20670853230853992	-0.2092734804673298	0.20002882919430096	-0.2904815598185021	0.20603049514603183	-0.22109006045720273	0.19615021372618993	-0.1650878638599049	0.18280635266239867	-0.14480579782664915	0.15291662352526628	-0.17877572942944295	0.17936051042919554	-0.14510583864095875	0.11633851846245397	-0.15288799789962124	0.13848243929897913	-0.155106747536133	0.12749777557909917	-0.09291676062043881	0.15014517920257928	-0.14783671722368968	0.13105589383969185	-0.13187842576627568	0.11712381966798047	-0.05071419537763303	0.0578608707460664	-0.10686423310593518	0.08066437624944331
0.1712332260016266	-0.47436063776860593	1.0	-0.6477298024898741	0.312973911712018	-0.1172829555157624	0.13440316565384397	-0.4671938398548493	0.18240618063032019	-0.15335364178731342	0.12739413656208512	-0.12703616612324092	0.1463957964039079	-0.1363509668871248	0.1762639714604433	-0.1179517512761221	0.12329295501209515	-0.1326757616296637	0.10648769821693961	-0.11761344984283205	0.08107094095496056	-0.08853823569934001	0.10328750616310041	-0.11399704224022404	0.08827315065081472	-0.06700218575656049	0.0865903301726312	-0.08162183852180481	0.09211979394748966	-0.0774328440806814	0.05503554937785941	-0.09018023146286534	0.08566230918355569	-0.07815255709060737	0.07698868157176451	-0.07108723080804863	0.030198064882988835	-0.034722972023806614	0.06153633330116188	-0.04732959033623666
-0.14560624903144592	0.27351013631323495	-0.6477298024898741	1.0000000000000002	-0.618855962526526	0.09880820667680852	-0.11308983280915288	0.2716266282931578	-0.23984796381839968	0.18895497840646078	-0.11141710434956563	0.1071577687479228	-0.12393568063267818	0.1250980476940485	-0.17762183459065667	0.10386952870958938	-0.11007228196056311	0.11564723417695341	-0.09661514619549676	0.10961522009582372	-0.07277232840739409	0.07947540413540381	-0.09336017268916383	0.10425900190242152	-0.08130468193604072	0.06030535576575945	-0.07813033799922983	0.0740232807896197	-0.08401596791885291	0.07106698489946821	-0.05002336393379461	0.0819852337604639	-0.07788954238248394	0.07134024296814682	-0.07038381323723393	0.06472060187321463	-0.02749196264490598	0.03162367779085677	-0.05620636561613276	0.04328286343290705
0.18210100583619865	-0.4225362362629523	0.312973911712018	-0.618855962526526	1.0000000000000004	-0.1350435808414442	0.14861694938297326	-0.3962884551198101	0.26201149782599537	-0.3409250005687894	0.14718007669265915	-0.1504237954497232	0.16724438439949993	-0.18045660489619472	0.22885906163913272	-0.14743682514928416	0.14723976833016042	-0.16686229156095733	0.1361654996408579	-0.16153642803400636	0.09943827762984314	-0.11031835858289572	0.12763883807100537	-0.15164498524124614	0.11433587195620729	-0.0842464833272409	0.10724986678566456	-0.10360447259333654	0.1171287943743062	-0.10127296217945474	0.07167682308141801	-0.11859789958992006	0.10805835177816496	-0.10101045163725512	0.09742856308477527	-0.0948460883883035	0.039494893041434345	-0.04575057695984167	0.07725113629379746	-0.060436111274658574
-0.6672311440085047	0.22582328514964506	-0.1172829555157624	0.09880820667680852	-0.1350435808414442	0.9999999999999998	-0.46956033891409943	0.18868632508065655	-0.10444086678815592	0.08617954179572505	-0.42422318361280265	0.2658077257062656	-0.1663518865560639	0.1414291742888156	-0.15351994346511047	0.2343524068498344	-0.1641316862494702	0.15303678239471566	-0.11613400850055988	0.12429919997772405	-0.11172862916902312	0.11608395473628255	-0.121164491590287	0.12629163395550957	-0.09499838803455696	0.08992435760474214	-0.10900833174896032	0.09651710793780459	-0.10341338107048123	0.08555742673813427	-0.06701186066933358	0.11000763448640744	-0.09888063470765274	0.08905780340786702	-0.08490140910248971	0.08684512046630605	-0.03604660765207307	0.04159143865926212	-0.06769828798689173	0.05247249204015342
0.27239210497869076	-0.2510310762561496	0.13440316565384397	-0.11308983280915288	0.14861694938297326	-0.46956033891409943	0.9999999999999994	-0.25828881274886983	0.12031151002998375	-0.10032205115077103	0.2592846846893243	-0.6948085750687929	0.23734343398964866	-0.19261177056971623	0.1780074390846491	-0.21619149738440022	0.16870472090178149	-0.20942420891084262	0.14561284658173934	-0.14642618289036832	0.11150850487549467	-0.12279746094843645	0.13241133065000865	-0.15019062226112326	0.1091840549409962	-0.09257833707342145	0.11324391551574467	-0.10580960732399383	0.11592583024916799	-0.09676797788458548	0.07142526301920601	-0.1183102183158495	0.10729783639222225	-0.0986000476583338	0.09410643788961923	-0.0932661635398869	0.03880252916465893	-0.044850900677179444	0.07437914363408918	-0.05803601692700312
-0.27500953500554837	0.3153088833081302	-0.4671938398548493	0.2716266282931578	-0.3962884551198101	0.18868632508065655	-0.25828881274886983	1.0000000000000002	-0.32955967517295826	0.22724039948875313	-0.22334237382669775	0.22154050490722602	-0.33820429948155617	0.23849294776315316	-0.33033779238312233	0.1949627315028042	-0.22458919123505505	0.23274348526154318	-0.19253264398829417	0.19629126387052864	-0.14225729342377147	0.1545908039202684	-0.18496553165885507	0.1931828262007134	-0.1544750287818083	0.11546798867297214	-0.1521268524328066	0.14215218311963995	-0.16195597259467617	0.1329653685790558	-0.09283583625942296	0.15106181729288543	-0.14991733555894748	0.13450534399752997	-0.1353841637643991	0.1173385979423874	-0.05088857607294787	0.058124390532236336	-0.10850589033043888	0.08237661181884323
0.13649137885932464	-0.24197029058890226	0.18240618063032019	-0.23984796381839968	0.26201149782599537	-0.10444086678815592	0.12031151002998375	-0.32955967517295826	1.0000000000000009	-0.7961712198566591	0.11899697395021072	-0.1267455846706946	0.15344819885817346	-0.20328053106194696	0.26689391785651884	-0.12143579794955885	0.12619650686197348	-0.15504517960541067	0.13427437777812606	-0.16398785990888026	0.08489030241808358	-0.09591504881397826	0.11310738982931308	-0.14668200013084923	0.10891873228270639	-0.07262507956409792	0.09275694381486946	-0.09255170923022636	0.10708233573636998	-0.09460039688344554	0.06231110736570438	-0.10393920020783659	0.09552800290585643	-0.09140776426267021	0.08822510767150912	-0.08259447358710022	0.03451172370823551	-0.04002230917777393	0.06901164930728576	-0.05455088475772423
-0.11451526068776935	0.1919940177546204	-0.15335364178731342	0.18895497840646078	-0.3409250005687894	0.08617954179572505	-0.10032205115077103	0.22724039948875313	-0.7961712198566591	1.0000000000000004	-0.09966580576595664	0.10413425478136984	-0.13066029235030172	0.17456167921698887	-0.3870457208122855	0.10002044227832942	-0.10667292007725429	0.12833814928200282	-0.11659419344522691	0.13909130696547578	-0.07117411990598285	0.08012075309911663	-0.09572127529541116	0.1221686983044532	-0.09408328169738094	0.06050714942193969	-0.0778430976603686	0.07759012803417492	-0.09075561111494006	0.079601070524819	-0.05152950227668425	0.0857397835318866	-0.08038796156392121	0.07651228652429326	-0.07498048567575837	0.06774984798749208	-0.028556820416694075	0.03302894153394894	-0.058592404371773286	0.046017239221287365
0.27693917937378426	-0.2463069316093267	0.12739413656208512	-0.11141710434956563	0.14718007669265915	-0.42422318361280265	0.2592846846893243	-0.22334237382669775	0.11899697395021072	-0.09966580576595664	1.0000000000000018	-0.3492168914844095	0.1948396595582879	-0.17794484685292017	0.18026868399470117	-0.6538193404046485	0.23681772172992585	-0.20355055322213253	0.14891247984183267	-0.16499265553094472	0.1762713167863474	-0.17776927014385688	0.16390393046930193	-0.16976870909105857	0.12389326032345978	-0.14388803009605763	0.1566509730565458	-0.13447412637403403	0.13765069191014584	-0.11442359192602038	0.09632861113541026	-0.15969864814727167	0.13432211463551436	-0.12129054663126658	0.11170516623998854	-0.12641033913171038	0.05111232832498516	-0.059311192299857346	0.08865025829924911	-0.06960810547367705
-0.2737097893630229	0.20670853230853992	-0.12703616612324092	0.1071577687479228	-0.1504237954497232	0.2658077257062656	-0.6948085750687929	0.22154050490722602	-0.1267455846706946	0.10413425478136984	-0.3492168914844095	1.0000000000000004	-0.4068305067861426	0.20650508867559755	-0.20310444172302886	0.21662027604438275	-0.1942014655156849	0.22341491259209145	-0.16382756412296753	0.15071811256378123	-0.12097331454901343	0.13166498522466252	-0.14553240271158166	0.1558969382167457	-0.11689411485197329	0.0976645073292416	-0.12245805282702278	0.11273387830885592	-0.12465712928185108	0.1017377763794314	-0.0738334062941244	0.12145850720895503	-0.11462807786316478	0.10371141163857758	-0.10082530758091232	0.09445818616412009	-0.040001156391401976	0.04596416880739312	-0.07975198615830398	0.06156219560780114
0.1877142268446567	-0.2092734804673298	0.1463957964039079	-0.12393568063267818	0.16724438439949993	-0.1663518865560639	0.23734343398964866	-0.33820429948155617	0.15344819885817346	-0.13066029235030172	0.1948396595582879	-0.4068305067861426	1.0000000000000016	-0.4868651931735788	0.26106312525701164	-0.18496951228341818	0.21043954889074917	-0.5583582276371087	0.2714655470767319	-0.2063898651400037	0.12500341600902345	-0.14992166595914633	0.17582519582708783	-0.22397180576135187	0.15224805756068255	-0.10497088279015608	0.13393628518948375	-0.13618441796356048	0.1558643788448698	-0.1279302822251854	0.08262303577283787	-0.13814648222715423	0.13358337162505265	-0.12527672725981204	0.12174490661655059	-0.10631118813059282	0.045402212728594515	-0.05226938761603025	0.09439701166008609	-0.07376000787862612
-0.1789519936620267	0.20002882919430096	-0.1363509668871248	0.1250980476940485	-0.18045660489619472	0.1414291742888156	-0.19261177056971623	0.23849294776315316	-0.20328053106194696	0.17456167921698887	-0.17794484685292017	0.20650508867559755	-0.4868651931735788	0.9999999999999994	-0.5228864210434044	0.16896880306330883	-0.20951115447930113	0.30589739765095875	-0.48813458376361024	0.24539498933090179	-0.12952225626920658	0.14944094357105053	-0.19335325635720993	0.2578977241761559	-0.19080062325063174	0.10840799435532678	-0.14305571777942283	0.14808329505561865	-0.1866847475975794	0.14926859665296005	-0.08837460853509839	0.1469544254762592	-0.15030453565592541	0.14170211089674953	-0.1436430295141172	0.11241915707238744	-0.049095054917647624	0.05625856759979254	-0.11031764038162778	0.08533576690722702
0.1902243413083353	-0.2904815598185021	0.1762639714604433	-0.17762183459065667	0.22885906163913272	-0.15351994346511047	0.1780074390846491	-0.33033779238312233	0.26689391785651884	-0.3870457208122855	0.18026868399470117	-0.20310444172302886	0.26106312525701164	-0.5228864210434044	1.0000000000000018	-0.19195956262444672	0.2036539465861305	-0.2804827952033024	0.26458717884712313	-0.3605036819165344	0.13752524644165	-0.15899337893450455	0.19135862726776398	-0.2809757927516941	0.20757505567347614	-0.11954689077540498	0.1525609701047915	-0.15897027445311077	0.1897934950520984	-0.1736794071585269	0.1036540335832707	-0.17486915208101667	0.1616617562795527	-0.15979705853070872	0.15472839330030164	-0.1380011781027522	0.05777907759030849	-0.06715066570433995	0.11860006752442406	-0.0951308348662555
-0.2867339714598657	0.20603049514603183	-0.1179517512761221	0.10386952870958938	-0.14743682514928416	0.2343524068498344	-0.21619149738440022	0.1949627315028042	-0.12143579794955885	0.10002044227832942	-0.6538193404046485	0.21662027604438275	-0.18496951228341818	0.16896880306330883	-0.19195956262444672	1.0000000000000002	-0.41958057969980883	0.19974455580988476	-0.15373598908445826	0.16644485903897593	-0.3060823613536327	0.2386361516331468	-0.20664300103976999	0.1759679166149184	-0.13396889681578156	0.1892389118109238	-0.21775295745748585	0.1606780474509123	-0.15737623292200006	0.12452046376228565	-0.11058255703744829	0.1766607758401863	-0.15865116103072296	0.13554244361589793	-0.12687375562927744	0.13494612807863135	-0.056427388226475625	0.06439885468778139	-0.10150105592562768	0.0780704049578796
0.1888823419332626	-0.22109006045720273	0.12329295501209515	-0.11007228196056311	0.14723976833016042	-0.1641316862494702	0.16870472090178149	-0.22458919123505505	0.12619650686197348	-0.10667292007725429	0.23681772172992585	-0.1942014655156849	0.21043954889074917	-0.20951115447930113	0.2036539465861305	-0.41958057969980883	1.0000000000000029	-0.34231807376122825	0.20196236280686333	-0.21677018983346086	0.2574774908982856	-0.5901163842512365	0.2589082673888088	-0.23985394517331496	0.16357158466132507	-0.22060190431014196	0.2459490910850104	-0.21134342107698237	0.1910700538663842	-0.15583717645311465	0.13638263766403286	-0.23552743151533054	0.18903733410627785	-0.17047455436095038	0.14911908698513557	-0.17813227099041495	0.0713565935509863	-0.08295330992282743	0.11697243713993369	-0.09325644763170239
-0.1913011390801886	0.19615021372618993	-0.1326757616296637	0.11564723417695341	-0.16686229156095733	0.15303678239471566	-0.20942420891084262	0.23274348526154318	-0.15504517960541067	0.12833814928200282	-0.20355055322213253	0.22341491259209145	-0.5583582276371087	0.30589739765095875	-0.2804827952033024	0.19974455580988476	-0.34231807376122825	0.9999999999999976	-0.4978386996288685	0.23451130520459051	-0.15829977679454643	0.1974601219263769	-0.25711966246283025	0.2668843932346407	-0.1920637636354691	0.13006364892906092	-0.17141671041985976	0.17574061239943303	-0.2024790586245384	0.15574755570891552	-0.09914145483338035	0.16532231960942143	-0.16937798692078654	0.15418020998955204	-0.1525789879585497	0.12456078034155757	-0.05440754853117896	0.06221126172462445	-0.117673356370774	0.0907602986870469
0.14546092734226568	-0.1650878638599049	0.10648769821693961	-0.09661514619549676	0.1361654996408579	-0.11613400850055988	0.14561284658173934	-0.19253264398829417	0.13427437777812606	-0.11659419344522691	0.14891247984183267	-0.16382756412296753	0.2714655470767319	-0.48813458376361024	0.26458717884712313	-0.15373598908445826	0.20196236280686333	-0.4978386996288685	0.9999999999999989	-0.36068081946272007	0.1243839431713216	-0.1518253860924953	0.20313955859538843	-0.5153102997708976	0.22642684819525102	-0.10677882687323469	0.14073192375589624	-0.16039230170323276	0.211939778596683	-0.17151545971342358	0.08730709337431221	-0.14805721510166758	0.1534523733467879	-0.15385439517108046	0.15181923633507297	-0.11143505940960398	0.04887563271025814	-0.05617602576018022	0.11295690668368728	-0.08943573084790754
-0.16535130121466196	0.18280635266239867	-0.11761344984283205	0.10961522009582372	-0.16153642803400636	0.12429919997772405	-0.14642618289036832	0.19629126387052864	-0.16398785990888026	0.13909130696547578	-0.16499265553094472	0.15071811256378123	-0.2063898651400037	0.24539498933090179	-0.3605036819165344	0.16644485903897593	-0.21677018983346086	0.23451130520459051	-0.36068081946272007	1.0000000000000022	-0.14651925929129594	0.16423013748891138	-0.22865492341404295	0.2962172337844543	-0.6264107322610285	0.12409717329884382	-0.16994540987774054	0.18639333246026613	-0.2707882444499902	0.2724893796052421	-0.1067276906044776	0.17779927444631854	-0.2020255203083936	0.20258109396608648	-0.255779829914461	0.13316025310008942	-0.061388926647539754	0.06979392720440024	-0.18164067614195112	0.1381992336611787
0.13351256621326532	-0.14480579782664915	0.08107094095496056	-0.07277232840739409	0.09943827762984314	-0.11172862916902312	0.11150850487549467	-0.14225729342377147	0.08489030241808358	-0.07117411990598285	0.1762713167863474	-0.12097331454901343	0.12500341600902345	-0.12952225626920658	0.13752524644165	-0.3060823613536327	0.2574774908982856	-0.15829977679454643	0.1243839431713216	-0.14651925929129594	1.0000000000000058	-0.45671873284364867	0.21551311298498807	-0.16237042319959544	0.11769568211716955	-0.6788107476660982	0.3082574270682614	-0.19539725713407796	0.15230803208038884	-0.11886514433756289	0.1429982400398611	-0.23217307942026483	0.16640355117220398	-0.13969498680334652	0.11757432419124941	-0.17294954106401816	0.06575928624159544	-0.07578993572372208	0.09296232263845154	-0.07364899774492106
-0.14362338932817104	0.15291662352526628	-0.08853823569934001	0.07947540413540381	-0.11031835858289572	0.11608395473628255	-0.12279746094843645	0.1545908039202684	-0.09591504881397826	0.08012075309911663	-0.17776927014385688	0.13166498522466252	-0.14992166595914633	0.14944094357105053	-0.15899337893450455	0.2386361516331468	-0.5901163842512365	0.1974601219263769	-0.1518253860924953	0.16423013748891138	-0.45671873284364867	0.9999999999999989	-0.39135374723689376	0.19114628798102704	-0.13686208086875842	0.2671115123656297	-0.38724110314166293	0.23291983059278618	-0.18278738794214305	0.1349534681448704	-0.13055053300929098	0.21675913859365456	-0.1918704764496731	0.1557056706368042	-0.13519037469178846	0.15340752159850393	-0.0641202559616182	0.07295036539016077	-0.1060124822420194	0.08295207893298576
0.1496809054434488	-0.17877572942944295	0.10328750616310041	-0.09336017268916383	0.12763883807100537	-0.121164491590287	0.13241133065000865	-0.18496553165885507	0.11310738982931308	-0.09572127529541116	0.16390393046930193	-0.14553240271158166	0.17582519582708783	-0.19335325635720993	0.19135862726776398	-0.20664300103976999	0.2589082673888088	-0.25711966246283025	0.20313955859538843	-0.22865492341404295	0.21551311298498807	-0.39135374723689376	0.9999999999999983	-0.33897595304314804	0.19012833823529718	-0.2102677235785946	0.2654254825447087	-0.6185764479596558	0.273777054470656	-0.20186130331232155	0.14875197757111183	-0.2729398928433406	0.2633762109149201	-0.23755517051639852	0.18243852069169816	-0.19258962097733553	0.08142986038067349	-0.09529874201395697	0.13867407516200697	-0.11406713328045764
-0.16531222414704952	0.17936051042919554	-0.11399704224022404	0.10425900190242152	-0.15164498524124614	0.12629163395550957	-0.15019062226112326	0.1931828262007134	-0.14668200013084923	0.1221686983044532	-0.16976870909105857	0.1558969382167457	-0.22397180576135187	0.2578977241761559	-0.2809757927516941	0.1759679166149184	-0.23985394517331496	0.2668843932346407	-0.5153102997708976	0.2962172337844543	-0.16237042319959544	0.19114628798102704	-0.33897595304314804	1.0000000000000009	-0.3730754266364731	0.1394957835347883	-0.19320411327324025	0.24054722905643988	-0.44218884114321894	0.25113196111789293	-0.11540687042562311	0.19527350310538716	-0.22805068742603968	0.2268692310042672	-0.22773399610496378	0.14322233279088017	-0.06545260102840447	0.074588284216984	-0.1650022055114852	0.12876705628154161
0.12212636271338584	-0.14510583864095875	0.08827315065081472	-0.08130468193604072	0.11433587195620729	-0.09499838803455696	0.1091840549409962	-0.1544750287818083	0.10891873228270639	-0.09408328169738094	0.12389326032345978	-0.11689411485197329	0.15224805756068255	-0.19080062325063174	0.20757505567347614	-0.13396889681578156	0.16357158466132507	-0.1920637636354691	0.22642684819525102	-0.6264107322610285	0.11769568211716955	-0.13686208086875842	0.19012833823529718	-0.3730754266364731	0.9999999999999971	-0.1049672625611142	0.14058133323027233	-0.1740662609110727	0.2597630116176107	-0.5317581934893882	0.094660808284189	-0.16418306971328334	0.17574140214132639	-0.20771809119130852	0.24231830718495428	-0.12250353623911704	0.05490564184490289	-0.0635023885586636	0.15564359883809573	-0.13924944128714786
-0.11292586128699908	0.11633851846245397	-0.06700218575656049	0.06030535576575945	-0.0842464833272409	0.08992435760474214	-0.09257833707342145	0.11546798867297214	-0.07262507956409792	0.06050714942193969	-0.14388803009605763	0.0976645073292416	-0.10497088279015608	0.10840799435532678	-0.11954689077540498	0.1892389118109238	-0.22060190431014196	0.13006364892906092	-0.10677882687323469	0.12409717329884382	-0.6788107476660982	0.2671115123656297	-0.2102677235785946	0.1394957835347883	-0.1049672625611142	0.9999999999999947	-0.5802782962083269	0.1891276192828113	-0.1456415151178108	0.10645916042472747	-0.16067501095410144	0.215677340464434	-0.16577981610938222	0.1278947301492735	-0.10955365822026099	0.15554977951847548	-0.06088014666658264	0.06806209039212309	-0.08680032452526945	0.06742536229743212
0.13408265317573176	-0.15288799789962124	0.0865903301726312	-0.07813033799922983	0.10724986678566456	-0.10900833174896032	0.11324391551574467	-0.1521268524328066	0.09275694381486946	-0.0778430976603686	0.1566509730565458	-0.12245805282702278	0.13393628518948375	-0.14305571777942283	0.1525609701047915	-0.21775295745748585	0.2459490910850104	-0.17141671041985976	0.14073192375589624	-0.16994540987774054	0.3082574270682614	-0.38724110314166293	0.2654254825447087	-0.19320411327324025	0.14058133323027233	-0.5802782962083269	0.9999999999999952	-0.3518204338983761	0.2000851258024349	-0.14898487319715964	0.18674421115900308	-0.4003882087010612	0.23234610914743464	-0.18529784745095942	0.14743374689984057	-0.2145174790760469	0.08494496803694154	-0.09684814832674174	0.11565522449582796	-0.09202061045133722
-0.12271506430132191	0.13848243929897913	-0.08162183852180481	0.0740232807896197	-0.10360447259333654	0.09651710793780459	-0.10580960732399383	0.14215218311963995	-0.09255170923022636	0.07759012803417492	-0.13447412637403403	0.11273387830885592	-0.13618441796356048	0.14808329505561865	-0.15897027445311077	0.1606780474509123	-0.21134342107698237	0.17574061239943303	-0.16039230170323276	0.18639333246026613	-0.19539725713407796	0.23291983059278618	-0.6185764479596558	0.24054722905643988	-0.1740662609110727	0.1891276192828113	-0.3518204338983761	0.9999999999999958	-0.4201691672381451	0.19737072599663807	-0.13739788736549174	0.24884794336108249	-0.4225414628376136	0.25360654181693376	-0.19191812221949864	0.16271016078096143	-0.07724121277819135	0.08791309455939264	-0.14145467783092666	0.11281271432701485
0.13164203288308346	-0.155106747536133	0.09211979394748966	-0.08401596791885291	0.1171287943743062	-0.10341338107048123	0.11592583024916799	-0.16195597259467617	0.10708233573636998	-0.09075561111494006	0.13765069191014584	-0.12465712928185108	0.1558643788448698	-0.1866847475975794	0.1897934950520984	-0.15737623292200006	0.1910700538663842	-0.2024790586245384	0.211939778596683	-0.2707882444499902	0.15230803208038884	-0.18278738794214305	0.273777054470656	-0.44218884114321894	0.2597630116176107	-0.1456415151178108	0.2000851258024349	-0.4201691672381451	0.999999999999993	-0.4483360135136686	0.12876466262724404	-0.23556631212084275	0.2784884713165158	-0.44994060969163957	0.27245362049185506	-0.1648265894453195	0.07481581633154538	-0.08699087591386938	0.18378906378468413	-0.1607816373339484
-0.1114438740475314	0.12749777557909917	-0.0774328440806814	0.07106698489946821	-0.10127296217945474	0.08555742673813427	-0.09676797788458548	0.1329653685790558	-0.09460039688344554	0.079601070524819	-0.11442359192602038	0.1017377763794314	-0.1279302822251854	0.14926859665296005	-0.1736794071585269	0.12452046376228565	-0.15583717645311465	0.15574755570891552	-0.17151545971342358	0.2724893796052421	-0.11886514433756289	0.1349534681448704	-0.20186130331232155	0.25113196111789293	-0.5317581934893882	0.10645916042472747	-0.14898487319715964	0.19737072599663807	-0.4483360135136686	0.999999999999993	-0.09819583504185526	0.1703637013329757	-0.2141703842304665	0.26411749806395685	-0.5340331585759496	0.12335085291562035	-0.059084345144668114	0.06758337309793842	-0.23065222590482456	0.1950623108249792
0.08872882326066199	-0.09291676062043881	0.05503554937785941	-0.05002336393379461	0.07167682308141801	-0.06701186066933358	0.07142526301920601	-0.09283583625942296	0.06231110736570438	-0.05152950227668425	0.09632861113541026	-0.0738334062941244	0.08262303577283787	-0.08837460853509839	0.1036540335832707	-0.11058255703744829	0.13638263766403286	-0.09914145483338035	0.08730709337431221	-0.1067276906044776	0.1429982400398611	-0.13055053300929098	0.14875197757111183	-0.11540687042562311	0.094660808284189	-0.16067501095410144	0.18674421115900308	-0.13739788736549174	0.12876466262724404	-0.09819583504185526	0.9999999999999931	-0.4883011060665562	0.19543729439218738	-0.13369433092529687	0.11223336594721098	-0.7757156442287211	0.1575528894433441	-0.17269200865353407	0.0938315825093649	-0.07084174154471184
-0.14710047167270637	0.15014517920257928	-0.09018023146286534	0.0819852337604639	-0.11859789958992006	0.11000763448640744	-0.1183102183158495	0.15106181729288543	-0.10393920020783659	0.0857397835318866	-0.15969864814727167	0.12145850720895503	-0.13814648222715423	0.1469544254762592	-0.17486915208101667	0.1766607758401863	-0.23552743151533054	0.16532231960942143	-0.14805721510166758	0.17779927444631854	-0.23217307942026483	0.21675913859365456	-0.2729398928433406	0.19527350310538716	-0.16418306971328334	0.215677340464434	-0.4003882087010612	0.24884794336108249	-0.23556631212084275	0.1703637013329757	-0.4883011060665562	0.999999999999993	-0.46591207255774636	0.23687028908854532	-0.20454443848365975	0.29412895938843064	-0.14501552760225533	0.1421600640060927	-0.16590290017020048	0.1221376690285603
0.1262286903618432	-0.14783671722368968	0.08566230918355569	-0.07788954238248394	0.10805835177816496	-0.09888063470765274	0.10729783639222225	-0.14991733555894748	0.09552800290585643	-0.08038796156392121	0.13432211463551436	-0.11462807786316478	0.13358337162505265	-0.15030453565592541	0.1616617562795527	-0.15865116103072296	0.18903733410627785	-0.16937798692078654	0.1534523733467879	-0.2020255203083936	0.16640355117220398	-0.1918704764496731	0.2633762109149201	-0.22805068742603968	0.17574140214132639	-0.16577981610938222	0.23234610914743464	-0.4225414628376136	0.2784884713165158	-0.2141703842304665	0.19543729439218738	-0.46591207255774636	0.9999999999999931	-0.5596133305386797	0.23364684891887397	-0.24018534671838399	0.12454138262207107	-0.15433766029368842	0.17622406255767534	-0.14867676178559713
-0.11588691344736222	0.13105589383969185	-0.07815255709060737	0.07134024296814682	-0.10101045163725512	0.08905780340786702	-0.0986000476583338	0.13450534399752997	-0.09140776426267021	0.07651228652429326	-0.12129054663126658	0.10371141163857758	-0.12527672725981204	0.14170211089674953	-0.15979705853070872	0.13554244361589793	-0.17047455436095038	0.15418020998955204	-0.15385439517108046	0.20258109396608648	-0.13969498680334652	0.1557056706368042	-0.23755517051639852	0.2268692310042672	-0.20771809119130852	0.1278947301492735	-0.18529784745095942	0.25360654181693376	-0.44994060969163957	0.26411749806395685	-0.13369433092529687	0.23687028908854532	-0.5596133305386797	0.9999999999999933	-0.4611510219876398	0.157103462329885	-0.0845165071499915	0.09520096004109294	-0.2977745664277729	0.21515025565649845
0.10849449278585674	-0.13187842576627568	0.07698868157176451	-0.07038381323723393	0.09742856308477527	-0.08490140910248971	0.09410643788961923	-0.1353841637643991	0.08822510767150912	-0.07498048567575837	0.11170516623998854	-0.10082530758091232	0.12174490661655059	-0.1436430295141172	0.15472839330030164	-0.12687375562927744	0.14911908698513557	-0.1525789879585497	0.15181923633507297	-0.255779829914461	0.11757432419124941	-0.13519037469178846	0.18243852069169816	-0.22773399610496378	0.24231830718495428	-0.10955365822026099	0.14743374689984057	-0.19191812221949864	0.27245362049185506	-0.5340331585759496	0.11223336594721098	-0.20454443848365975	0.23364684891887397	-0.4611510219876398	0.9999999999999932	-0.14784263087725424	0.06901568269424706	-0.08101095726867387	0.28836478093330575	-0.44963170244359874
-0.11850680696780917	0.11712381966798047	-0.07108723080804863	0.06472060187321463	-0.0948460883883035	0.08684512046630605	-0.0932661635398869	0.1173385979423874	-0.08259447358710022	0.06774984798749208	-0.12641033913171038	0.09445818616412009	-0.10631118813059282	0.11241915707238744	-0.1380011781027522	0.13494612807863135	-0.17813227099041495	0.12456078034155757	-0.11143505940960398	0.13316025310008942	-0.17294954106401816	0.15340752159850393	-0.19258962097733553	0.14322233279088017	-0.12250353623911704	0.15554977951847548	-0.2145174790760469	0.16271016078096143	-0.1648265894453195	0.12335085291562035	-0.7757156442287211	0.29412895938843064	-0.24018534671838399	0.157103462329885	-0.14784263087725424	0.9999999999999939	-0.24909485524543273	0.19257895234649797	-0.12576533245332733	0.09120686212382975
0.04814288464734871	-0.05071419537763303	0.030198064882988835	-0.02749196264490598	0.039494893041434345	-0.03604660765207307	0.03880252916465893	-0.05088857607294787	0.03451172370823551	-0.028556820416694075	0.05111232832498516	-0.040001156391401976	0.045402212728594515	-0.049095054917647624	0.05777907759030849	-0.056427388226475625	0.0713565935509863	-0.05440754853117896	0.04887563271025814	-0.061388926647539754	0.06575928624159544	-0.0641202559616182	0.08142986038067349	-0.06545260102840447	0.05490564184490289	-0.06088014666658264	0.08494496803694154	-0.07724121277819135	0.07481581633154538	-0.059084345144668114	0.1575528894433441	-0.14501552760225533	0.12454138262207107	-0.0845165071499915	0.06901568269424706	-0.24909485524543273	0.9999999999999931	-0.9340922521344386	0.067866893124478	-0.05199241989983147
-0.05598931739145102	0.0578608707460664	-0.034722972023806614	0.03162367779085677	-0.04575057695984167	0.04159143865926212	-0.044850900677179444	0.058124390532236336	-0.04002230917777393	0.03302894153394894	-0.059311192299857346	0.04596416880739312	-0.05226938761603025	0.05625856759979254	-0.06715066570433995	0.06439885468778139	-0.08295330992282743	0.06221126172462445	-0.05617602576018022	0.06979392720440024	-0.07578993572372208	0.07295036539016077	-0.09529874201395697	0.074588284216984	-0.0635023885586636	0.06806209039212309	-0.09684814832674174	0.08791309455939264	-0.08699087591386938	0.06758337309793842	-0.17269200865353407	0.1421600640060927	-0.15433766029368842	0.09520096004109294	-0.08101095726867387	0.19257895234649797	-0.9340922521344386	0.9999999999999926	-0.08154235094696421	0.059408694903978695
0.08635753033904825	-0.10686423310593518	0.06153633330116188	-0.05620636561613276	0.07725113629379746	-0.06769828798689173	0.07437914363408918	-0.10850589033043888	0.06901164930728576	-0.058592404371773286	0.08865025829924911	-0.07975198615830398	0.09439701166008609	-0.11031764038162778	0.11860006752442406	-0.10150105592562768	0.11697243713993369	-0.117673356370774	0.11295690668368728	-0.18164067614195112	0.09296232263845154	-0.1060124822420194	0.13867407516200697	-0.1650022055114852	0.15564359883809573	-0.08680032452526945	0.11565522449582796	-0.14145467783092666	0.18378906378468413	-0.23065222590482456	0.0938315825093649	-0.16590290017020048	0.17622406255767534	-0.2977745664277729	0.28836478093330575	-0.12576533245332733	0.067866893124478	-0.08154235094696421	0.9999999999999922	-0.823465114060498
-0.0677451963223535	0.08066437624944331	-0.04732959033623666	0.04328286343290705	-0.060436111274658574	0.05247249204015342	-0.05803601692700312	0.08237661181884323	-0.05455088475772423	0.046017239221287365	-0.06960810547367705	0.06156219560780114	-0.07376000787862612	0.08533576690722702	-0.0951308348662555	0.0780704049578796	-0.09325644763170239	0.0907602986870469	-0.08943573084790754	0.1381992336611787	-0.07364899774492106	0.08295207893298576	-0.11406713328045764	0.12876705628154161	-0.13924944128714786	0.06742536229743212	-0.09202061045133722	0.11281271432701485	-0.1607816373339484	0.1950623108249792	-0.07084174154471184	0.1221376690285603	-0.14867676178559713	0.21515025565649845	-0.44963170244359874	0.09120686212382975	-0.05199241989983147	0.059408694903978695	-0.823465114060498	0.9999999999999922
