1.0000000000000002	-0.17359863887008117	0.0847108718802316	-0.039791288606505174	0.03835958813714242	-0.9516624140475408	0.15251072048151385	-0.08318727139424446	0.03794823600170458	-0.033605562354089305	0.13430143703196443	-0.11783725037764073	0.09924211680445494	-0.039295444325551335	0.040747193105340036	-0.13565583133531253	0.04165607822191266	-0.05357504966080614	0.03169629105287256	-0.0501396043347354	0.06348761102173724	-0.04164685464984799	0.029412591004112136	-0.02898667630688261	0.03210691053686561	-0.044103553895311016	0.03540190959299154	-0.027215498682256895	0.028673071552396297	-0.02995368758443564
-0.17359863887008117	1.0	-0.33595869801779515	0.10637534606874871	-0.10255989506926615	0.1493984088472165	-0.8428358475938715	0.24035303614823914	-0.09519482191945662	0.07912743869799521	-0.14224834399950634	0.20508942914912326	-0.22485109487741092	0.08603279337582703	-0.09102488588786359	0.13387004622899482	-0.058086245549784164	0.07253257873085188	-0.047236385590051964	0.07459946803018488	-0.0839941857053985	0.05431143969254842	-0.04153005240585839	0.04158628573267111	-0.04957696958601359	0.05517406137237302	-0.04748834411371047	0.03747638997300162	-0.04211323288682405	0.042370920025115555
0.0847108718802316	-0.33595869801779515	0.9999999999999998	-0.27732350394843214	0.17956578568471399	-0.08504017558842485	0.23958969818140458	-0.7643539417020122	0.16557094635198136	-0.14236189234312902	0.140429141864517	-0.23427543145046836	0.25781897029573914	-0.13857089924201002	0.13350359061108072	-0.1800988761033034	0.07528787306370738	-0.10202050792433714	0.06507337095707716	-0.11129491210391168	0.10334977733287745	-0.0728534368092165	0.05603907736819519	-0.05801849818452931	0.06856294141226871	-0.0755947867702583	0.062315009757943504	-0.05166606274884729	0.057384046832903074	-0.05976947865796664
-0.039791288606505174	0.10637534606874871	-0.27732350394843214	1.0000000000000002	-0.7119265048116674	0.03888518634986105	-0.09260706525677151	0.18410703522946736	-0.4911503607529428	0.30494123131055895	-0.07619867372205072	0.11187351088709506	-0.14578673579945853	0.21847341651304217	-0.2429535883186248	0.09423149314289084	-0.04961825544037868	0.06416519737064734	-0.05478457250642201	0.09677869792408395	-0.06765503781632873	0.04718578130590881	-0.04240403589623002	0.04579598948846069	-0.06323297586262497	0.04709634714647992	-0.04160995017710567	0.03787775387507696	-0.04719723632648697	0.046452798629709385
0.03835958813714242	-0.10255989506926615	0.17956578568471399	-0.7119265048116674	0.9999999999999999	-0.038079382496260486	0.0852896320212263	-0.1713799544189703	0.3027180720660218	-0.5440776150177367	0.07574666440034017	-0.1138794615014337	0.1335964739366183	-0.2267378518629839	0.22259794185048756	-0.09879093566071778	0.05014287306388623	-0.06627263985722032	0.05451948209281439	-0.10141864824079928	0.06784797422878339	-0.048224584676166124	0.04249601070932956	-0.04633747192611073	0.06205674440528682	-0.04868379706531224	0.04216239899276315	-0.0384023411465899	0.04685086405883952	-0.04717942189701903
-0.9516624140475408	0.1493984088472165	-0.08504017558842485	0.03888518634986105	-0.038079382496260486	0.9999999999999999	-0.17557727017452235	0.08049712833689988	-0.037505692944719275	0.032803966320629735	-0.1540932496353219	0.1137183679397545	-0.10139729070709547	0.03842072261367383	-0.04024720498214166	0.12262685351462309	-0.03917857258398439	0.04924826837348435	-0.02967111504377736	0.04628180269385838	-0.06069776429620999	0.03859880647877501	-0.027489443467670443	0.026929261896129958	-0.030166406285926494	0.04043754251419798	-0.033100204415778135	0.02521517318321686	-0.026855811047210867	0.027700508654260762
0.15251072048151385	-0.8428358475938715	0.23958969818140458	-0.09260706525677151	0.0852896320212263	-0.17557727017452235	1.0000000000000007	-0.2947538706885747	0.0832263544821689	-0.07089861235237073	0.14647574474363548	-0.27809575948857473	0.21036991431402963	-0.07963793550284473	0.08066776598179981	-0.14825438084396872	0.057819675550009886	-0.07381758217359993	0.04598108050630892	-0.07353252905491713	0.08281032164713632	-0.05485124296228024	0.04082580816749171	-0.04099148307167029	0.04759197579289576	-0.05628383557790884	0.04718611631768432	-0.037240142139790655	0.04091861591624513	-0.041885867221885656
-0.08318727139424446	0.24035303614823914	-0.7643539417020122	0.18410703522946736	-0.1713799544189703	0.08049712833689988	-0.2947538706885747	1.0000000000000002	-0.1706794907559501	0.12874801716927092	-0.13691533181566157	0.21976302915409268	-0.4102722618673162	0.1356563979092149	-0.13603551540779737	0.15368130463392515	-0.06839019567747326	0.08979477165586969	-0.05870883801523668	0.09624210604542105	-0.09371217461182683	0.06406927990341178	-0.04999548602059306	0.05137010995014472	-0.061963179053900336	0.06519422598624643	-0.05538593113100078	0.04540907201800562	-0.051418267671625925	0.05226619609197613
0.03794823600170458	-0.09519482191945662	0.16557094635198136	-0.4911503607529428	0.3027180720660218	-0.037505692944719275	0.0832263544821689	-0.1706794907559501	1.000000000000001	-0.5744072705594337	0.07852285991580875	-0.12018332095620811	0.15319043008497266	-0.5062279429527686	0.3035449503006887	-0.1002980916376901	0.05280962606799124	-0.06925551688062037	0.06114688540824297	-0.11175784104545373	0.07094884434872871	-0.05030236889056466	0.04569119728139399	-0.05093464622532956	0.06916786931855576	-0.05006453642305739	0.04410055827231983	-0.0409665159709037	0.05100789500347134	-0.05066630698894935
-0.033605562354089305	0.07912743869799521	-0.14236189234312902	0.30494123131055895	-0.5440776150177367	0.032803966320629735	-0.07089861235237073	0.12874801716927092	-0.5744072705594337	0.9999999999999998	-0.06992871115307567	0.10063587058430969	-0.13392208457465624	0.29184715188701776	-0.4746122433900072	0.08708705695221798	-0.05050765732603796	0.06441881585213345	-0.062462400166620004	0.11447787354670755	-0.06807622729665765	0.04776180138376043	-0.045962833188484147	0.05077741560955075	-0.07489663193555351	0.04674681461380104	-0.04247267483057643	0.04060290762098481	-0.0529091046349698	0.05112515957446207
0.13430143703196443	-0.14224834399950634	0.140429141864517	-0.07619867372205072	0.07574666440034017	-0.1540932496353219	0.14647574474363548	-0.13691533181566157	0.07852285991580875	-0.06992871115307567	1.000000000000001	-0.5260539691287052	0.26222065436331893	-0.08981596540154249	0.09172251257261149	-0.7140119741364103	0.1180911097835813	-0.14685018724001916	0.08105585308306962	-0.12348031752742662	0.19235545694023892	-0.12059226124693985	0.07787945602000189	-0.07488679612648248	0.07950521285277434	-0.1257981974318341	0.09800670834403497	-0.07221779564025507	0.07297781931747069	-0.07619885702813728
-0.11783725037764073	0.20508942914912326	-0.23427543145046836	0.11187351088709506	-0.1138794615014337	0.1137183679397545	-0.27809575948857473	0.21976302915409268	-0.12018332095620811	0.10063587058430969	-0.5260539691287052	1.0	-0.6326863446815659	0.13505903434536443	-0.13898836148996677	0.28528303222263857	-0.11388454215331292	0.13299501209739037	-0.08068389342687794	0.12084354301522492	-0.16559386192576303	0.1015349666621963	-0.07300318225112573	0.07121774572825766	-0.08158380601931081	0.10063330846074728	-0.0872806870389288	0.06543430523925667	-0.07146750661399338	0.0714162230184214
0.09924211680445494	-0.22485109487741092	0.25781897029573914	-0.14578673579945853	0.1335964739366183	-0.10139729070709547	0.21036991431402963	-0.4102722618673162	0.15319043008497266	-0.13392208457465624	0.26222065436331893	-0.6326863446815659	1.0000000000000009	-0.2247914830004321	0.1725232506804261	-0.3356814774126303	0.12959840452633511	-0.18450367180563523	0.10151269173255086	-0.16553957539503983	0.17097121937359286	-0.1218477228439805	0.0886612879387114	-0.09099915339976965	0.10151690554677056	-0.12475253453457491	0.10197718555722902	-0.08194191682298116	0.0878130271072877	-0.09203918453948762
-0.039295444325551335	0.08603279337582703	-0.13857089924201002	0.21847341651304217	-0.2267378518629839	0.03842072261367383	-0.07963793550284473	0.1356563979092149	-0.5062279429527686	0.29184715188701776	-0.08981596540154249	0.13505903434536443	-0.2247914830004321	1.000000000000002	-0.7279195706424179	0.10906317510975111	-0.0635931162192469	0.08123995208445403	-0.08389048306543755	0.1435674904189174	-0.084751368596737	0.05952208482455314	-0.05789385185085185	0.06604500747083533	-0.0949546295138688	0.05762702503036883	-0.05274707909010256	0.05094248229868775	-0.06654776611477645	0.06387865349984839
0.040747193105340036	-0.09102488588786359	0.13350359061108072	-0.2429535883186248	0.22259794185048756	-0.04024720498214166	0.08066776598179981	-0.13603551540779737	0.3035449503006887	-0.4746122433900072	0.09172251257261149	-0.13898836148996677	0.1725232506804261	-0.7279195706424179	1.0	-0.119546171285802	0.0692031317481367	-0.08998643990129411	0.09094496772981661	-0.20633279428207435	0.091563841334159	-0.06571702556288157	0.06418156257660722	-0.07383090292918314	0.10815974727890817	-0.06405847185836448	0.057935559204568374	-0.05705596178129651	0.07427179838373009	-0.07325867563863742
-0.13565583133531253	0.13387004622899482	-0.1800988761033034	0.09423149314289084	-0.09879093566071778	0.12262685351462309	-0.14825438084396872	0.15368130463392515	-0.1002980916376901	0.08708705695221798	-0.7140119741364103	0.28528303222263857	-0.3356814774126303	0.10906317510975111	-0.119546171285802	1.000000000000001	-0.16853805768586055	0.17402047511437702	-0.10300562113798872	0.1439345358665408	-0.3627414042850457	0.1605139279049118	-0.10288361852760684	0.09315479813758368	-0.10095526408344722	0.15879502325497244	-0.1356960629512765	0.09110654139511647	-0.09421963266837939	0.09300913627690284
0.04165607822191266	-0.058086245549784164	0.07528787306370738	-0.04961825544037868	0.05014287306388623	-0.03917857258398439	0.057819675550009886	-0.06839019567747326	0.05280962606799124	-0.05050765732603796	0.1180911097835813	-0.11388454215331292	0.12959840452633511	-0.0635931162192469	0.0692031317481367	-0.16853805768586055	1.0000000000000009	-0.7019423722552025	0.18675930234642368	-0.19018346917380186	0.26611171442422726	-0.5323143154716543	0.18597018029615286	-0.17454141634914327	0.1342334081771326	-0.21902292128757717	0.22466146164963818	-0.1640647053344699	0.14003681052817074	-0.13851580693937526
-0.05357504966080614	0.07253257873085188	-0.10202050792433714	0.06416519737064734	-0.06627263985722032	0.04924826837348435	-0.07381758217359993	0.08979477165586969	-0.06925551688062037	0.06441881585213345	-0.14685018724001916	0.13299501209739037	-0.18450367180563523	0.08123995208445403	-0.08998643990129411	0.17402047511437702	-0.7019423722552025	1.0000000000000007	-0.3218404598130466	0.21339667684403202	-0.34662455972498496	0.29327371446180467	-0.2108222049065061	0.208493546133769	-0.17267470237219015	0.20513955120644065	-0.2541036702939396	0.16588101467485789	-0.17660271663242974	0.1562927068417132
0.03169629105287256	-0.047236385590051964	0.06507337095707716	-0.05478457250642201	0.05451948209281439	-0.02967111504377736	0.04598108050630892	-0.05870883801523668	0.06114688540824297	-0.062462400166620004	0.08105585308306962	-0.08068389342687794	0.10151269173255086	-0.08389048306543755	0.09094496772981661	-0.10300562113798872	0.18675930234642368	-0.3218404598130466	1.0000000000000013	-0.41425115012956015	0.17175003038521955	-0.16158757694928688	0.22273079544684637	-0.7390994652779328	0.24896568196311175	-0.12318120388374001	0.12904577203004416	-0.20551713359311205	0.22324146091239302	-0.228503367047697
-0.0501396043347354	0.07459946803018488	-0.11129491210391168	0.09677869792408395	-0.10141864824079928	0.04628180269385838	-0.07353252905491713	0.09624210604542105	-0.11175784104545373	0.11447787354670755	-0.12348031752742662	0.12084354301522492	-0.16553957539503983	0.1435674904189174	-0.20633279428207435	0.1439345358665408	-0.19018346917380186	0.21339667684403202	-0.41425115012956015	1.0000000000000024	-0.24418410536245133	0.17311305158094495	-0.23828918490130455	0.276902999627472	-0.617528948438908	0.14824519912859085	-0.16314240324841436	0.19778458491751721	-0.3167870532050527	0.2816945068043459
0.06348761102173724	-0.0839941857053985	0.10334977733287745	-0.06765503781632873	0.06784797422878339	-0.06069776429620999	0.08281032164713632	-0.09371217461182683	0.07094884434872871	-0.06807622729665765	0.19235545694023892	-0.16559386192576303	0.17097121937359286	-0.084751368596737	0.091563841334159	-0.3627414042850457	0.26611171442422726	-0.34662455972498496	0.17175003038521955	-0.24418410536245133	1.0000000000000016	-0.4852208848986677	0.19882494903515385	-0.17169143246461505	0.1574954537462189	-0.4959860909033044	0.2984783953411948	-0.19231760286341176	0.1609268387249561	-0.17367572713281454
-0.04164685464984799	0.05431143969254842	-0.0728534368092165	0.04718578130590881	-0.048224584676166124	0.03859880647877501	-0.05485124296228024	0.06406927990341178	-0.05030236889056466	0.04776180138376043	-0.12059226124693985	0.1015349666621963	-0.1218477228439805	0.05952208482455314	-0.06571702556288157	0.1605139279049118	-0.5323143154716543	0.29327371446180467	-0.16158757694928688	0.17311305158094495	-0.4852208848986677	1.0000000000000013	-0.31157023363913905	0.15809837504189847	-0.1321744484429998	0.28429158998517173	-0.4656761826527751	0.19693027930261248	-0.1550744478396534	0.14044848900754328
0.029412591004112136	-0.04153005240585839	0.05603907736819519	-0.04240403589623002	0.04249601070932956	-0.027489443467670443	0.04082580816749171	-0.04999548602059306	0.04569119728139399	-0.045962833188484147	0.07787945602000189	-0.07300318225112573	0.0886612879387114	-0.05789385185085185	0.06418156257660722	-0.10288361852760684	0.18597018029615286	-0.2108222049065061	0.22273079544684637	-0.23828918490130455	0.19882494903515385	-0.31157023363913905	1.0000000000000007	-0.34886113389276674	0.1935021089470487	-0.1558656021144394	0.16940917192365385	-0.7320063899986452	0.27760767623561705	-0.25465461988909016
-0.02898667630688261	0.04158628573267111	-0.05801849818452931	0.04579598948846069	-0.04633747192611073	0.026929261896129958	-0.04099148307167029	0.05137010995014472	-0.05093464622532956	0.05077741560955075	-0.07488679612648248	0.07121774572825766	-0.09099915339976965	0.06604500747083533	-0.07383090292918314	0.09315479813758368	-0.17454141634914327	0.208493546133769	-0.7390994652779328	0.276902999627472	-0.17169143246461505	0.15809837504189847	-0.34886113389276674	1.0000000000000009	-0.3222370086259751	0.11616516827998469	-0.1298840573440871	0.2307153755749449	-0.3189319533375609	0.23298001679033337
0.03210691053686561	-0.04957696958601359	0.06856294141226871	-0.06323297586262497	0.06205674440528682	-0.030166406285926494	0.04759197579289576	-0.061963179053900336	0.06916786931855576	-0.07489663193555351	0.07950521285277434	-0.08158380601931081	0.10151690554677056	-0.0949546295138688	0.10815974727890817	-0.10095526408344722	0.1342334081771326	-0.17267470237219015	0.24896568196311175	-0.617528948438908	0.1574954537462189	-0.1321744484429998	0.1935021089470487	-0.3222370086259751	1.0000000000000016	-0.11225028790129593	0.1145436402190596	-0.1994796540366729	0.28077990334309166	-0.5845135913812997
-0.044103553895311016	0.05517406137237302	-0.0755947867702583	0.04709634714647992	-0.04868379706531224	0.04043754251419798	-0.05628383557790884	0.06519422598624643	-0.05006453642305739	0.04674681461380104	-0.1257981974318341	0.10063330846074728	-0.12475253453457491	0.05762702503036883	-0.06405847185836448	0.15879502325497244	-0.21902292128757717	0.20513955120644065	-0.12318120388374001	0.14824519912859085	-0.4959860909033044	0.28429158998517173	-0.1558656021144394	0.11616516827998469	-0.11225028790129593	1.0000000000000018	-0.7541110459386823	0.13247463304895019	-0.12171716445346131	0.11345354001079172
0.03540190959299154	-0.04748834411371047	0.062315009757943504	-0.04160995017710567	0.04216239899276315	-0.033100204415778135	0.04718611631768432	-0.05538593113100078	0.04410055827231983	-0.04247267483057643	0.09800670834403497	-0.0872806870389288	0.10197718555722902	-0.05274707909010256	0.057935559204568374	-0.1356960629512765	0.22466146164963818	-0.2541036702939396	0.12904577203004416	-0.16314240324841436	0.2984783953411948	-0.4656761826527751	0.16940917192365385	-0.1298840573440871	0.1145436402190596	-0.7541110459386823	1.0000000000000013	-0.16183609297188978	0.1255060755812254	-0.1261955765860795
-0.027215498682256895	0.03747638997300162	-0.05166606274884729	0.03787775387507696	-0.0384023411465899	0.02521517318321686	-0.037240142139790655	0.04540907201800562	-0.0409665159709037	0.04060290762098481	-0.07221779564025507	0.06543430523925667	-0.08194191682298116	0.05094248229868775	-0.05705596178129651	0.09110654139511647	-0.1640647053344699	0.16588101467485789	-0.20551713359311205	0.19778458491751721	-0.19231760286341176	0.19693027930261248	-0.7320063899986452	0.2307153755749449	-0.1994796540366729	0.13247463304895019	-0.16183609297188978	1.0000000000000016	-0.49299901138197005	0.23707631199085505
0.028673071552396297	-0.04211323288682405	0.057384046832903074	-0.04719723632648697	0.04685086405883952	-0.026855811047210867	0.04091861591624513	-0.051418267671625925	0.05100789500347134	-0.0529091046349698	0.07297781931747069	-0.07146750661399338	0.0878130271072877	-0.06654776611477645	0.07427179838373009	-0.09421963266837939	0.14003681052817074	-0.17660271663242974	0.22324146091239302	-0.3167870532050527	0.1609268387249561	-0.1550744478396534	0.27760767623561705	-0.3189319533375609	0.28077990334309166	-0.12171716445346131	0.1255060755812254	-0.49299901138197005	1.0000000000000013	-0.6331549986834022
-0.02995368758443564	0.042370920025115555	-0.05976947865796664	0.046452798629709385	-0.04717942189701903	0.027700508654260762	-0.041885867221885656	0.05226619609197613	-0.05066630698894935	0.05112515957446207	-0.07619885702813728	0.0714162230184214	-0.09203918453948762	0.06387865349984839	-0.07325867563863742	0.09300913627690284	-0.13851580693937526	0.1562927068417132	-0.228503367047697	0.2816945068043459	-0.17367572713281454	0.14044848900754328	-0.25465461988909016	0.23298001679033337	-0.5845135913812997	0.11345354001079172	-0.1261955765860795	0.23707631199085505	-0.6331549986834022	1.0000000000000013
