1.0	-0.48607094708128523	0.2044029207562575	-0.14338684939138055	0.12337466384721782	-0.788969565926728	0.27138105374786436	-0.18887898224214675	0.1331785785290703	-0.0759561148822096	0.12539056533631607	-0.14033326043809807	0.11786007869586772	-0.10700550238781824	0.09865852661598583	-0.10879385486379994	0.10536011567604049	-0.11174235293475741	0.09636058409402731	-0.11661981618330426	0.09844795286586269	-0.08403077939488691	0.0862559237034441	-0.06076741228508026	0.0490485131741041	-0.05726564937294021	0.056092380767418085	-0.07264676095855815	0.05213490109562612	-0.05860621652245389	0.04138670997335449	-0.03705671104123043	0.08212282256382629	-0.06265173522719963	0.07785986254745594
-0.48607094708128523	1.0000000000000002	-0.49536105107491346	0.22763047455769445	-0.2037960353793059	0.3007925734786241	-0.5257684878201483	0.27246941943973146	-0.21580007764469075	0.11958915340650621	-0.18505137616430872	0.19782697757138304	-0.1791886167549938	0.15896305465287178	-0.15720402908529427	0.15095037085587057	-0.15768485962616832	0.16052911711856327	-0.1440110621977866	0.16574765459719448	-0.14589047223443502	0.12116842225501856	-0.12671324052582425	0.0872363823187626	-0.07080933380849454	0.08262920589568862	-0.08181793535094434	0.10476644725932616	-0.07535134151999258	0.08414169705101551	-0.06046131412736979	0.05390176579524554	-0.12029347683648282	0.0901995799587586	-0.11344268198874283
0.2044029207562575	-0.49536105107491346	0.9999999999999997	-0.5517389102060077	0.2484401053169542	-0.23111939135698775	0.27744325721307883	-0.43406055932805787	0.27753730018352135	-0.1569077322653254	0.17342162724388271	-0.19497504591980383	0.20796536098774562	-0.21077218808382012	0.18091735283786323	-0.1643900516669799	0.153725664851842	-0.19812427127556073	0.174257687106716	-0.21842358262368938	0.15341087174522264	-0.1321648405023618	0.14201235355358474	-0.1069112337848366	0.08600505946836498	-0.09283370450474242	0.0898919239439605	-0.12235486961315263	0.08913166533045618	-0.10160491319351125	0.0675857969667449	-0.06067755462340804	0.13640663198082936	-0.10718330312543425	0.13194596762946892
-0.14338684939138055	0.22763047455769445	-0.5517389102060077	0.9999999999999997	-0.489194638859062	0.14974720944213518	-0.21230763998274116	0.27521343546554283	-0.48371215276359053	0.2174561448005399	-0.16155383891720304	0.16469397535270475	-0.20597242785431857	0.22713985899220393	-0.25190219160766253	0.14745996833534633	-0.13972926411228587	0.18329372927970894	-0.18808015645493045	0.21248939213778645	-0.14713282267755523	0.12221401404121114	-0.136749677495825	0.10328356159525479	-0.08399567212406288	0.0872650229547017	-0.08519926750894179	0.11601663447465715	-0.08591270513955188	0.09747025027002106	-0.06511309377093925	0.05808494449847729	-0.13309301074451843	0.10271507313820645	-0.1291551431568792
0.12337466384721782	-0.2037960353793059	0.2484401053169542	-0.489194638859062	1.0000000000000007	-0.1466503548506022	0.1811155081762359	-0.24533378662515454	0.2672592680148531	-0.5353417549670599	0.17637630328313506	-0.18206572702722842	0.1962392340586544	-0.23037391055050457	0.3109600652328735	-0.18150813521414486	0.1546295180846035	-0.2131169251970266	0.19841806130278816	-0.3005342697970234	0.17228844310529534	-0.14619681138208612	0.1606120446073412	-0.1366710434474751	0.10933620691150774	-0.10887609713671889	0.10359649962778492	-0.14627790107052258	0.11071180022188279	-0.12978052648987637	0.08057975874301847	-0.07234703524120985	0.16547057599426773	-0.13537014703536251	0.16633660796234748
-0.788969565926728	0.3007925734786241	-0.23111939135698775	0.14974720944213518	-0.1466503548506022	1.0000000000000002	-0.4197265272533043	0.20287608880483884	-0.156623889270007	0.08784236256911006	-0.15837686323361383	0.16207531035352388	-0.1383213818566779	0.12033311067468708	-0.11783863190514775	0.12491417514341976	-0.12765410011335143	0.12549883261125963	-0.11089594542645638	0.12820124148115275	-0.1174845934472654	0.09751669774271311	-0.10070561215324753	0.0685655012085536	-0.05563434787964972	0.06621737880483138	-0.06560128556654427	0.083171919196298	-0.05960934108388293	0.06642277610861372	-0.04830991590345294	0.04306034098535169	-0.09570285792602036	0.07143389213673651	-0.0899256713058528
0.27138105374786436	-0.5257684878201483	0.27744325721307883	-0.21230763998274116	0.1811155081762359	-0.4197265272533043	0.9999999999999998	-0.4913998059206342	0.22362371445913803	-0.11576694074529993	0.2031077651668294	-0.34617449149124224	0.21215109785944555	-0.18291184626855794	0.14810920708701236	-0.1801079275459866	0.1925982558474094	-0.19299610757938102	0.1570177930052084	-0.18487903682379697	0.15780798177155134	-0.14233432180480696	0.1403567785674231	-0.09574489838073312	0.07718401605822901	-0.09207306347617605	0.09055138245845158	-0.11639660903765653	0.08215709271531753	-0.09191576874536443	0.06521833180313816	-0.0586944256557241	0.12818892023867084	-0.0980947466500059	0.12039470336025185
-0.18887898224214675	0.27246941943973146	-0.43406055932805787	0.27521343546554283	-0.24533378662515454	0.20287608880483884	-0.4913998059206342	1.000000000000001	-0.47264455874674904	0.15860424434801235	-0.20423539652446454	0.22858837408245494	-0.3781214882098871	0.2608644719974029	-0.20187112240577249	0.17538651659657103	-0.18577523955216915	0.23438368821184413	-0.21374319834725491	0.21894557016392074	-0.1736399833032186	0.1471038052587639	-0.16491041336344003	0.11161855939395363	-0.0909873383883947	0.100170172020665	-0.09929802252344438	0.13242069798177133	-0.09503637586976157	0.10567690635678173	-0.07369998507800465	0.0658380015706087	-0.1489777319083439	0.1122441615703127	-0.1404012350138457
0.1331785785290703	-0.21580007764469075	0.27753730018352135	-0.48371215276359053	0.2672592680148531	-0.156623889270007	0.22362371445913803	-0.47264455874674904	1.0	-0.23626761598055784	0.17300126864074344	-0.19394632536619807	0.2706596654552094	-0.5016443594900325	0.2253872074520449	-0.16540830874684193	0.15847174202198525	-0.2406831315389513	0.24332154026016292	-0.2742316313341023	0.16012496984727753	-0.13873427299863747	0.15636250105162305	-0.12207398663943862	0.0985251956210648	-0.09718874091132275	0.09458238685115132	-0.13281347915227146	0.09787726617701391	-0.1115454039324806	0.07144393461582216	-0.06414701201692474	0.146256079988328	-0.11552576933562003	0.14209213839413304
-0.0759561148822096	0.11958915340650621	-0.1569077322653254	0.2174561448005399	-0.5353417549670599	0.08784236256911006	-0.11576694074529993	0.15860424434801235	-0.23626761598055784	1.0000000000000004	-0.11036478080624462	0.11247300231080445	-0.13430977510983605	0.16423055780352253	-0.7458146559429418	0.10920407845604907	-0.09662349238560569	0.13427345978402905	-0.13580001265814812	0.18467006086450624	-0.10672796155503161	0.0896489347327317	-0.10029968493914015	0.08288537737049001	-0.0671275193093628	0.06600118620682469	-0.06342545305735565	0.08896672886375236	-0.06728053756924565	0.07805192283557233	-0.04922433020081719	0.044068177988570226	-0.10139473746533467	0.08133334956848977	-0.10107289816604105
0.12539056533631607	-0.18505137616430872	0.17342162724388271	-0.16155383891720304	0.17637630328313506	-0.15837686323361383	0.2031077651668294	-0.20423539652446454	0.17300126864074344	-0.11036478080624462	0.9999999999999984	-0.4720643718502408	0.20771716935051018	-0.17859882011383854	0.1534919414186055	-0.6802916226875921	0.3012260278175386	-0.23521657738754034	0.17710347603489618	-0.23144858214106903	0.24656893251071815	-0.22868840791116438	0.1965403936589139	-0.13372138173466872	0.10604928093768053	-0.1482786308129066	0.1406091301552729	-0.1706899749451475	0.11800363626085288	-0.1327119958493768	0.09854150989421365	-0.08964660201892512	0.1850099004717447	-0.1441418500950892	0.17281375013543537
-0.14033326043809807	0.19782697757138304	-0.19497504591980383	0.16469397535270475	-0.18206572702722842	0.16207531035352388	-0.34617449149124224	0.22858837408245494	-0.19394632536619807	0.11247300231080445	-0.4720643718502408	1.0000000000000004	-0.31227536687853236	0.1929763490099504	-0.15745710653503264	0.3041138039042832	-0.5901674228156625	0.25036910915143906	-0.1872244652179402	0.20282221196001507	-0.2606566972248416	0.2395358502062754	-0.20889594460575175	0.11787958803726016	-0.09525847774321138	0.1367965145121767	-0.1420926099735074	0.15883105109947643	-0.10698436462662309	0.1159456827654706	-0.09296326526741486	0.08377286535101357	-0.17281129501639952	0.12647269567652697	-0.15389340920338396
0.11786007869586772	-0.1791886167549938	0.20796536098774562	-0.20597242785431857	0.1962392340586544	-0.1383213818566779	0.21215109785944555	-0.3781214882098871	0.2706596654552094	-0.13430977510983605	0.20771716935051018	-0.31227536687853236	0.9999999999999982	-0.5120966856107422	0.17652973405390934	-0.19988653391298983	0.22085172980357046	-0.5621682057429574	0.28220291090739014	-0.26973365079454437	0.18852056076333704	-0.17823572993547224	0.20993089584377908	-0.1325223584305923	0.1065405492989407	-0.1144038064809312	0.11284860304172128	-0.1655919362900044	0.11108998863538981	-0.1225437945850409	0.08138103065846676	-0.07380085710709533	0.16501059929925965	-0.128526764896601	0.15336466185785175
-0.10700550238781824	0.15896305465287178	-0.21077218808382012	0.22713985899220393	-0.23037391055050457	0.12033311067468708	-0.18291184626855794	0.2608644719974029	-0.5016443594900325	0.16423055780352253	-0.17859882011383854	0.1929763490099504	-0.5120966856107422	1.0000000000000016	-0.22980458256558323	0.1615135998751194	-0.1696849534849144	0.2852775742276052	-0.5017422661102747	0.2784031505580562	-0.16840623127816687	0.14360425468145827	-0.17589071363846948	0.1298281660086568	-0.10729762708445494	0.09895745698674183	-0.09830394636617011	0.13889202860313254	-0.10317331057450979	0.11429813549543545	-0.07422499420282597	0.06630718881892772	-0.15434742664047585	0.11779647908618848	-0.1482888481019338
0.09865852661598583	-0.15720402908529427	0.18091735283786323	-0.25190219160766253	0.3109600652328735	-0.11783863190514775	0.14810920708701236	-0.20187112240577249	0.2253872074520449	-0.7458146559429418	0.1534919414186055	-0.15745710653503264	0.17652973405390934	-0.22980458256558323	1.0000000000000007	-0.15837371451957216	0.13514805712104025	-0.19170499734189833	0.18585747124371282	-0.29144376185720927	0.15189940173329294	-0.12872437212319576	0.14289247956165252	-0.12368407687256221	0.09962189680297147	-0.09607436805198505	0.09150327011632503	-0.1300832346814787	0.09915228897756298	-0.1164941025669033	0.0713936799447485	-0.06407368261577906	0.1472417919083488	-0.12071126500865678	0.14855422516699973
-0.10879385486379994	0.15095037085587057	-0.1643900516669799	0.14745996833534633	-0.18150813521414486	0.12491417514341976	-0.1801079275459866	0.17538651659657103	-0.16540830874684193	0.10920407845604907	-0.6802916226875921	0.3041138039042832	-0.19988653391298983	0.1615135998751194	-0.15837371451957216	0.9999999999999989	-0.46464732429063743	0.21853875967178	-0.17104931380322524	0.20054651485011948	-0.3420746833355163	0.24901842001609298	-0.2174470231130578	0.12557067849699932	-0.10145896165533135	0.15701497907526973	-0.1603891837883829	0.17147175928854538	-0.11702191124729612	0.12664020936220458	-0.10872551787593226	0.09651401858271769	-0.1989596835453019	0.14064852813358786	-0.17617151670912107
0.10536011567604049	-0.15768485962616832	0.153725664851842	-0.13972926411228587	0.1546295180846035	-0.12765410011335143	0.1925982558474094	-0.18577523955216915	0.15847174202198525	-0.09662349238560569	0.3012260278175386	-0.5901674228156625	0.22085172980357046	-0.1696849534849144	0.13514805712104025	-0.46464732429063743	1.0000000000000009	-0.31099717057502935	0.1737947483734703	-0.19724751531292564	0.27113834493570366	-0.4352858054996215	0.2242725483388278	-0.11832320953333418	0.0944119549983087	-0.15815325912032807	0.16037064958568048	-0.17267094008663988	0.10889972547624288	-0.11729737029660751	0.0966531723100259	-0.08986024610883046	0.17096263566124814	-0.12830069320340118	0.14962092867351134
-0.11174235293475741	0.16052911711856327	-0.19812427127556073	0.18329372927970894	-0.2131169251970266	0.12549883261125963	-0.19299610757938102	0.23438368821184413	-0.2406831315389513	0.13427345978402905	-0.23521657738754034	0.25036910915143906	-0.5621682057429574	0.2852775742276052	-0.19170499734189833	0.21853875967178	-0.31099717057502935	1.0000000000000018	-0.42504041893705957	0.2770355594036286	-0.24155727478199573	0.22419392296467017	-0.3873219483167435	0.15434801008835536	-0.1271176012188613	0.13995437536934646	-0.14364275387994754	0.21443930405120054	-0.13930591419935112	0.14514027255694256	-0.1024467425908869	0.09233200446166692	-0.2144634188105819	0.15527027629735174	-0.1879937816935442
0.09636058409402731	-0.1440110621977866	0.174257687106716	-0.18808015645493045	0.19841806130278816	-0.11089594542645638	0.1570177930052084	-0.21374319834725491	0.24332154026016292	-0.13580001265814812	0.17710347603489618	-0.1872244652179402	0.28220291090739014	-0.5017422661102747	0.18585747124371282	-0.17104931380322524	0.1737947483734703	-0.42504041893705957	1.000000000000001	-0.6076326034348347	0.17993245527038706	-0.1580582667274948	0.1981478359456635	-0.20099178515284633	0.15465063003260382	-0.10962771199855778	0.10826613485480194	-0.16488878352464612	0.13016418724283957	-0.14798085022460972	0.08269763590385526	-0.07424576419441753	0.17580214665892607	-0.14243009345976987	0.175377311213266
-0.11661981618330426	0.16574765459719448	-0.21842358262368938	0.21248939213778645	-0.3005342697970234	0.12820124148115275	-0.18487903682379697	0.21894557016392074	-0.2742316313341023	0.18467006086450624	-0.23144858214106903	0.20282221196001507	-0.26973365079454437	0.2784031505580562	-0.29144376185720927	0.20054651485011948	-0.19724751531292564	0.2770355594036286	-0.6076326034348347	0.9999999999999978	-0.2457950760719046	0.18801482432905398	-0.24031353756111917	0.21666281524650033	-0.236822981079202	0.13972414513585857	-0.14058703561948716	0.19713230371672355	-0.16795543768399446	0.19194554618813903	-0.11492086277474764	0.10049229590667529	-0.2513269475703788	0.18528879866062484	-0.26120904151626567
0.09844795286586269	-0.14589047223443502	0.15341087174522264	-0.14713282267755523	0.17228844310529534	-0.1174845934472654	0.15780798177155134	-0.1736399833032186	0.16012496984727753	-0.10672796155503161	0.24656893251071815	-0.2606566972248416	0.18852056076333704	-0.16840623127816687	0.15189940173329294	-0.3420746833355163	0.27113834493570366	-0.24155727478199573	0.17993245527038706	-0.2457950760719046	1.0000000000000013	-0.5884495996579001	0.27342898442894537	-0.17050325328733398	0.1318135196680119	-0.36876708201729	0.2654571261049263	-0.25779924314157093	0.1583309807002293	-0.17547101926437386	0.15642859955452532	-0.14972474972156496	0.23895986437314767	-0.19440421614091435	0.21070968554601732
-0.08403077939488691	0.12116842225501856	-0.1321648405023618	0.12221401404121114	-0.14619681138208612	0.09751669774271311	-0.14233432180480696	0.1471038052587639	-0.13873427299863747	0.0896489347327317	-0.22868840791116438	0.2395358502062754	-0.17823572993547224	0.14360425468145827	-0.12872437212319576	0.24901842001609298	-0.4352858054996215	0.22419392296467017	-0.1580582667274948	0.18801482432905398	-0.5884495996579001	0.9999999999999989	-0.4213038931280424	0.13438873459254508	-0.10696444185165715	0.2511313878064562	-0.34324250602440853	0.23533551510243755	-0.13627843044292148	0.13836472690129545	-0.14198833674469763	0.13328136368855328	-0.21931282606947528	0.15564737197957346	-0.1731410397699794
0.0862559237034441	-0.12671324052582425	0.14201235355358474	-0.136749677495825	0.1606120446073412	-0.10070561215324753	0.1403567785674231	-0.16491041336344003	0.15636250105162305	-0.10029968493914015	0.1965403936589139	-0.20889594460575175	0.20993089584377908	-0.17589071363846948	0.14289247956165252	-0.2174470231130578	0.2242725483388278	-0.3873219483167435	0.1981478359456635	-0.24031353756111917	0.27342898442894537	-0.4213038931280424	0.9999999999999979	-0.20032304970894235	0.15194183594083024	-0.2003564510811877	0.1998034703245611	-0.5936037519493079	0.21332908774643244	-0.20841822765042237	0.12867413150168422	-0.1243745648071278	0.2722429999615699	-0.22881755764031464	0.21848608657046725
-0.06076741228508026	0.0872363823187626	-0.1069112337848366	0.10328356159525479	-0.1366710434474751	0.0685655012085536	-0.09574489838073312	0.11161855939395363	-0.12207398663943862	0.08288537737049001	-0.13372138173466872	0.11787958803726016	-0.1325223584305923	0.1298281660086568	-0.12368407687256221	0.12557067849699932	-0.11832320953333418	0.15434801008835536	-0.20099178515284633	0.21666281524650033	-0.17050325328733398	0.13438873459254508	-0.20032304970894235	0.999999999999999	-0.72865783840162	0.10934949852470709	-0.112058526567038	0.20509884259119643	-0.3807086693005979	0.3183993344268187	-0.09723987182693743	0.08637664436041262	-0.2479606292157945	0.24178214482011448	-0.3232205571570755
0.0490485131741041	-0.07080933380849454	0.08600505946836498	-0.08399567212406288	0.10933620691150774	-0.05563434787964972	0.07718401605822901	-0.0909873383883947	0.0985251956210648	-0.0671275193093628	0.10604928093768053	-0.09525847774321138	0.1065405492989407	-0.10729762708445494	0.09962189680297147	-0.10145896165533135	0.0944119549983087	-0.1271176012188613	0.15465063003260382	-0.236822981079202	0.1318135196680119	-0.10696444185165715	0.15194183594083024	-0.72865783840162	0.9999999999999974	-0.08729510932860862	0.08784368005215346	-0.1723239902453589	0.26207361929465983	-0.5355878249440384	0.07469178404541948	-0.06730148659865359	0.18696096746273588	-0.21792623352425092	0.24186305909529857
-0.05726564937294021	0.08262920589568862	-0.09283370450474242	0.0872650229547017	-0.10887609713671889	0.06621737880483138	-0.09207306347617605	0.100170172020665	-0.09718874091132275	0.06600118620682469	-0.1482786308129066	0.1367965145121767	-0.1144038064809312	0.09895745698674183	-0.09607436805198505	0.15701497907526973	-0.15815325912032807	0.13995437536934646	-0.10962771199855778	0.13972414513585857	-0.36876708201729	0.2511313878064562	-0.2003564510811877	0.10934949852470709	-0.08729510932860862	0.9999999999999979	-0.778702032299911	0.1914681270546885	-0.11539118241835808	0.11588058045676844	-0.3096814553113996	0.2341981723331247	-0.21985441424052118	0.1376647120561623	-0.1502382501285641
0.056092380767418085	-0.08181793535094434	0.0898919239439605	-0.08519926750894179	0.10359649962778492	-0.06560128556654427	0.09055138245845158	-0.09929802252344438	0.09458238685115132	-0.06342545305735565	0.1406091301552729	-0.1420926099735074	0.11284860304172128	-0.09830394636617011	0.09150327011632503	-0.1603891837883829	0.16037064958568048	-0.14364275387994754	0.10826613485480194	-0.14058703561948716	0.2654571261049263	-0.34324250602440853	0.1998034703245611	-0.112058526567038	0.08784368005215346	-0.778702032299911	0.999999999999998	-0.23234700546547216	0.11841208504844826	-0.11921254953907112	0.23763433850545548	-0.3034822524084678	0.20283429999552788	-0.14067314219289948	0.14276372872588963
-0.07264676095855815	0.10476644725932616	-0.12235486961315263	0.11601663447465715	-0.14627790107052258	0.083171919196298	-0.11639660903765653	0.13242069798177133	-0.13281347915227146	0.08896672886375236	-0.1706899749451475	0.15883105109947643	-0.1655919362900044	0.13889202860313254	-0.1300832346814787	0.17147175928854538	-0.17267094008663988	0.21443930405120054	-0.16488878352464612	0.19713230371672355	-0.25779924314157093	0.23533551510243755	-0.5936037519493079	0.20509884259119643	-0.1723239902453589	0.1914681270546885	-0.23234700546547216	0.9999999999999963	-0.3885780582401017	0.2303588070006509	-0.1536460869230264	0.1448054319489454	-0.4757764956188356	0.2698088183296026	-0.2631337177861854
0.05213490109562612	-0.07535134151999258	0.08913166533045618	-0.08591270513955188	0.11071180022188279	-0.05960934108388293	0.08215709271531753	-0.09503637586976157	0.09787726617701391	-0.06728053756924565	0.11800363626085288	-0.10698436462662309	0.11108998863538981	-0.10317331057450979	0.09915228897756298	-0.11702191124729612	0.10889972547624288	-0.13930591419935112	0.13016418724283957	-0.16795543768399446	0.1583309807002293	-0.13627843044292148	0.21332908774643244	-0.3807086693005979	0.26207361929465983	-0.11539118241835808	0.11841208504844826	-0.3885780582401017	0.9999999999999961	-0.5282413542620656	0.09828796154400701	-0.09149977281021651	0.27187500222293304	-0.5611860136595185	0.2952537111435306
-0.05860621652245389	0.08414169705101551	-0.10160491319351125	0.09747025027002106	-0.12978052648987637	0.06642277610861372	-0.09191576874536443	0.10567690635678173	-0.1115454039324806	0.07805192283557233	-0.1327119958493768	0.1159456827654706	-0.1225437945850409	0.11429813549543545	-0.1164941025669033	0.12664020936220458	-0.11729737029660751	0.14514027255694256	-0.14798085022460972	0.19194554618813903	-0.17547101926437386	0.13836472690129545	-0.20841822765042237	0.3183993344268187	-0.5355878249440384	0.11588058045676844	-0.11921254953907112	0.2303588070006509	-0.5282413542620656	0.9999999999999962	-0.10454599284210589	0.09333067358934855	-0.27572944059262977	0.2906846460348061	-0.45240290897311064
0.04138670997335449	-0.06046131412736979	0.0675857969667449	-0.06511309377093925	0.08057975874301847	-0.04830991590345294	0.06521833180313816	-0.07369998507800465	0.07144393461582216	-0.04922433020081719	0.09854150989421365	-0.09296326526741486	0.08138103065846676	-0.07422499420282597	0.0713936799447485	-0.10872551787593226	0.0966531723100259	-0.1024467425908869	0.08269763590385526	-0.11492086277474764	0.15642859955452532	-0.14198833674469763	0.12867413150168422	-0.09723987182693743	0.07469178404541948	-0.3096814553113996	0.23763433850545548	-0.1536460869230264	0.09828796154400701	-0.10454599284210589	0.9999999999999969	-0.8685528267916501	0.2118280389214616	-0.1381399089565456	0.12273705583721199
-0.03705671104123043	0.05390176579524554	-0.06067755462340804	0.05808494449847729	-0.07234703524120985	0.04306034098535169	-0.0586944256557241	0.0658380015706087	-0.06414701201692474	0.044068177988570226	-0.08964660201892512	0.08377286535101357	-0.07380085710709533	0.06630718881892772	-0.06407368261577906	0.09651401858271769	-0.08986024610883046	0.09233200446166692	-0.07424576419441753	0.10049229590667529	-0.14972474972156496	0.13328136368855328	-0.1243745648071278	0.08637664436041262	-0.06730148659865359	0.2341981723331247	-0.3034822524084678	0.1448054319489454	-0.09149977281021651	0.09333067358934855	-0.8685528267916501	0.9999999999999959	-0.2722203321994229	0.12555452916062687	-0.11332447220958597
0.08212282256382629	-0.12029347683648282	0.13640663198082936	-0.13309301074451843	0.16547057599426773	-0.09570285792602036	0.12818892023867084	-0.1489777319083439	0.146256079988328	-0.10139473746533467	0.1850099004717447	-0.17281129501639952	0.16501059929925965	-0.15434742664047585	0.1472417919083488	-0.1989596835453019	0.17096263566124814	-0.2144634188105819	0.17580214665892607	-0.2513269475703788	0.23895986437314767	-0.21931282606947528	0.2722429999615699	-0.2479606292157945	0.18696096746273588	-0.21985441424052118	0.20283429999552788	-0.4757764956188356	0.27187500222293304	-0.27572944059262977	0.2118280389214616	-0.2722203321994229	0.9999999999999963	-0.47096379203421235	0.2953672294165459
-0.06265173522719963	0.0901995799587586	-0.10718330312543425	0.10271507313820645	-0.13537014703536251	0.07143389213673651	-0.0980947466500059	0.1122441615703127	-0.11552576933562003	0.08133334956848977	-0.1441418500950892	0.12647269567652697	-0.128526764896601	0.11779647908618848	-0.12071126500865678	0.14064852813358786	-0.12830069320340118	0.15527027629735174	-0.14243009345976987	0.18528879866062484	-0.19440421614091435	0.15564737197957346	-0.22881755764031464	0.24178214482011448	-0.21792623352425092	0.1376647120561623	-0.14067314219289948	0.2698088183296026	-0.5611860136595185	0.2906846460348061	-0.1381399089565456	0.12555452916062687	-0.47096379203421235	0.999999999999997	-0.5235676093176799
0.07785986254745594	-0.11344268198874283	0.13194596762946892	-0.1291551431568792	0.16633660796234748	-0.0899256713058528	0.12039470336025185	-0.1404012350138457	0.14209213839413304	-0.10107289816604105	0.17281375013543537	-0.15389340920338396	0.15336466185785175	-0.1482888481019338	0.14855422516699973	-0.17617151670912107	0.14962092867351134	-0.1879937816935442	0.175377311213266	-0.26120904151626567	0.21070968554601732	-0.1731410397699794	0.21848608657046725	-0.3232205571570755	0.24186305909529857	-0.1502382501285641	0.14276372872588963	-0.2631337177861854	0.2952537111435306	-0.45240290897311064	0.12273705583721199	-0.11332447220958597	0.2953672294165459	-0.5235676093176799	0.9999999999999969
