1.0000000000000002	-0.4945506705723419	0.10949371069261776	-0.0634609363552687	0.061663560401745865	-0.7656704988156282	0.2917829246178894	-0.10691161459486719	0.07662730020057909	-0.05662806330804008	0.21177695002275837	-0.21480113618362404	0.09433613888832129	-0.0882573415128028	0.06806583832701713	-0.12043672352226427	0.10809072790701287	-0.09165596836489007	0.07495804081799828	-0.045853664483301346	0.09587753790172314	-0.10643903280937476	0.06311388170873247	-0.05800934085998924	0.04759969521487432	-0.041079669256661386	0.03767381275856262	-0.0772454167198187	0.03479601722713545	-0.044856057512960484
-0.4945506705723419	0.9999999999999997	-0.16516218722688986	0.08423315901827991	-0.07504738012651677	0.2911217937085514	-0.7556075999927363	0.1371611977565768	-0.09891184470219888	0.0679614012415845	-0.2116019301983128	0.2044953662435394	-0.1130987117333844	0.0982405893602116	-0.07567197294400048	0.11180466849008878	-0.11202984480838413	0.09608604540145049	-0.08248967489949999	0.05024315155199091	-0.09851369630948305	0.10286084934250987	-0.06573870924036863	0.06250880995982146	-0.0520439544460007	0.0420250960496306	-0.03886055785797951	0.07977436913175379	-0.037560752150934754	0.0483729910634041
0.10949371069261776	-0.16516218722688986	0.9999999999999996	-0.5593161705273824	0.22756721060310917	-0.11793364687002005	0.1506620970663676	-0.5154501051979818	0.31620324179618897	-0.24416105465121737	0.1318706520935675	-0.14733863099644626	0.25171915618807944	-0.2780497630253231	0.17451971992855334	-0.14926404097883408	0.14836548328743646	-0.22375270912876502	0.18822124781181912	-0.12437962581095	0.12803797739247083	-0.16804892188837875	0.1430981690000852	-0.15873907754889274	0.12242474370329555	-0.08966822898878975	0.07818586570579507	-0.19553876552524357	0.09333490087053938	-0.12690124551210225
-0.0634609363552687	0.08423315901827991	-0.5593161705273824	1.0	-0.3393661811562223	0.06643118313564626	-0.08643548012708346	0.23890342676885595	-0.6786006698656888	0.25337033129137176	-0.07805037520698671	0.084719936730601	-0.15293554660444286	0.15725753096812878	-0.12000796744917737	0.08676263655166523	-0.08750822927476873	0.12889672164069746	-0.11454832099299544	0.08099539050114427	-0.07615800012128654	0.09778876604753096	-0.08454706659019923	0.0987813035042011	-0.07884727377621699	0.05267523234837118	-0.04625432515656233	0.1137644555693805	-0.05831058947772803	0.0797670597345005
0.061663560401745865	-0.07504738012651677	0.22756721060310917	-0.3393661811562223	1.0000000000000007	-0.0679183820604582	0.07948210834523083	-0.1979203808433763	0.27840514502543967	-0.8170445777893979	0.08503992823690591	-0.09233126366568443	0.14361190210760394	-0.17389938664923862	0.18637376673268208	-0.10798047320891284	0.10714921677665729	-0.1625452021458301	0.14054014931668563	-0.12549637832766286	0.09462441571148619	-0.12456017566865286	0.11043126025430067	-0.146161074644457	0.11500227238053615	-0.07093992577194692	0.06152679481427746	-0.15294416573072117	0.08560095930350628	-0.12286373913114487
-0.7656704988156282	0.2911217937085514	-0.11793364687002005	0.06643118313564626	-0.0679183820604582	1.0000000000000009	-0.3976354061399651	0.11246679598139951	-0.08496889672949037	0.06035258666973658	-0.3496377327336399	0.22976231238044745	-0.104409307295784	0.09238533124239232	-0.07448787028440586	0.1323027401573212	-0.12201959634975988	0.09636525773513777	-0.0811472621307291	0.04912803770520658	-0.11277154946802069	0.11225599865975493	-0.06708809918323898	0.061249478239989275	-0.05139264019466009	0.04379561522626997	-0.04081999601995757	0.08006180194343838	-0.03694398525370212	0.047165938166071876
0.2917829246178894	-0.7556075999927363	0.1506620970663676	-0.08643548012708346	0.07948210834523083	-0.3976354061399651	1.0000000000000004	-0.17557362899921106	0.10313233671870112	-0.07346507098685313	0.2309679309277589	-0.32970738543940287	0.13247821914107008	-0.11636412375487022	0.08508404078372278	-0.13418853604000336	0.13305669355174707	-0.11441845511946153	0.09506452159038536	-0.0573588848015471	0.11115575685229619	-0.1258758069564297	0.07712664168946648	-0.07209392719696141	0.05920334819550329	-0.048907166602027416	0.04490717707369566	-0.09403682441817303	0.04313339967000174	-0.055568897567698144
-0.10691161459486719	0.1371611977565768	-0.5154501051979818	0.23890342676885595	-0.1979203808433763	0.11246679598139951	-0.17557362899921106	1.0000000000000009	-0.3547546233680238	0.17583791102758162	-0.1453032328356547	0.15727688935423584	-0.6109811897415535	0.27192181392416565	-0.17602519151099302	0.1281181767741598	-0.14036497057585726	0.19218382839169687	-0.20314662823944732	0.1141260278213225	-0.1177096224580825	0.14057654742011644	-0.12436281420163263	0.13586416543621566	-0.11589736672590341	0.07035866837959409	-0.06421017943722103	0.15086680117376555	-0.0813737109421985	0.10432301057930901
0.07662730020057909	-0.09891184470219888	0.31620324179618897	-0.6786006698656888	0.27840514502543967	-0.08496889672949037	0.10313233671870112	-0.3547546233680238	1.0000000000000009	-0.3883813561025837	0.10234002363700294	-0.11346397404203724	0.19948182410690693	-0.23278903151286978	0.16379175101283353	-0.12168008268267637	0.1216033465388079	-0.18568000685839137	0.15997348706821793	-0.11350305603197486	0.10538852964790157	-0.13868896287949284	0.12034736149552852	-0.1402213027113945	0.10950614479159718	-0.07546077135946673	0.06578257126574134	-0.1645483740660936	0.08235434153877885	-0.11328444948889449
-0.05662806330804008	0.0679614012415845	-0.24416105465121737	0.25337033129137176	-0.8170445777893979	0.06035258666973658	-0.07346507098685313	0.17583791102758162	-0.3883813561025837	1.0000000000000018	-0.07627346974251638	0.08108358205435105	-0.13634486840335489	0.15278121557823646	-0.2304619566574694	0.09012531250102564	-0.09194600279005442	0.1353651029738269	-0.12819099056096228	0.12255154495459963	-0.08159177335176701	0.10304427029504404	-0.09303446363792396	0.12829334877289197	-0.11389734457708152	0.05756068144985785	-0.05094017379893295	0.12360308252161081	-0.075849045866358	0.10627984278236939
0.21177695002275837	-0.2116019301983128	0.1318706520935675	-0.07805037520698671	0.08503992823690591	-0.3496377327336399	0.2309679309277589	-0.1453032328356547	0.10234002363700294	-0.07627346974251638	1.0000000000000013	-0.7507153817733939	0.15627132055591172	-0.1412669966803751	0.1061812211615056	-0.3236089994585828	0.2292323834716717	-0.15975849525547414	0.12317935121647432	-0.07170400501278462	0.19943935065417748	-0.21381319602389168	0.10910527532350255	-0.09116023183356699	0.07502852020202104	-0.0711401480023782	0.0659032486399301	-0.1280077066778343	0.05464780373861913	-0.0689420558046484
-0.21480113618362404	0.2044953662435394	-0.14733863099644626	0.084719936730601	-0.09233126366568443	0.22976231238044745	-0.32970738543940287	0.15727688935423584	-0.11346397404203724	0.08108358205435105	-0.7507153817733939	1.0000000000000004	-0.2082929434427674	0.14946443838425172	-0.114281309638529	0.2296618035577538	-0.3199129030567136	0.16545994819417484	-0.13504936691124914	0.07544702188186464	-0.20161886024365955	0.20516510836681184	-0.11265216155257667	0.09388421227004201	-0.07941392423010175	0.06956327498557761	-0.06609479871558799	0.12581204208578425	-0.056643151140658224	0.07052125687840102
0.09433613888832129	-0.1130987117333844	0.25171915618807944	-0.15293554660444286	0.14361190210760394	-0.104409307295784	0.13247821914107008	-0.6109811897415535	0.19948182410690693	-0.13634486840335489	0.15627132055591172	-0.2082929434427674	1.000000000000001	-0.5691605054238842	0.18199813695091663	-0.144210524668007	0.1600046856207681	-0.2676391755646904	0.24722442127560282	-0.12851903105846738	0.1273090950169243	-0.16174900570655742	0.14631726761851202	-0.1570470255349001	0.12543683900567806	-0.07825523436412743	0.07087905201549907	-0.1794718948012062	0.0905799965925428	-0.11553308972468376
-0.0882573415128028	0.0982405893602116	-0.2780497630253231	0.15725753096812878	-0.17389938664923862	0.09238533124239232	-0.11636412375487022	0.27192181392416565	-0.23278903151286978	0.15278121557823646	-0.1412669966803751	0.14946443838425172	-0.5691605054238842	1.0000000000000022	-0.2968807573766535	0.13945923612168482	-0.16717128089332664	0.2632285320215725	-0.5401255578111404	0.18305287643858448	-0.13347846368582203	0.1607665331109788	-0.1637102886017431	0.2026837991026182	-0.18097959567899552	0.08077270988821998	-0.07546379692979592	0.18251237246825158	-0.11996370145353906	0.14303361535477166
0.06806583832701713	-0.07567197294400048	0.17451971992855334	-0.12000796744917737	0.18637376673268208	-0.07448787028440586	0.08508404078372278	-0.17602519151099302	0.16379175101283353	-0.2304619566574694	0.1061812211615056	-0.114281309638529	0.18199813695091663	-0.2968807573766535	1.000000000000002	-0.1424822771774187	0.15158437380884893	-0.2533919857946544	0.26417767085303195	-0.6175883003136002	0.12969171159473927	-0.17291500288008219	0.17766714026674751	-0.3710293794153545	0.31136436202667495	-0.10016560837931664	0.08850197160379931	-0.23495483970158734	0.20138069225814936	-0.31003797401404737
-0.12043672352226427	0.11180466849008878	-0.14926404097883408	0.08676263655166523	-0.10798047320891284	0.1323027401573212	-0.13418853604000336	0.1281181767741598	-0.12168008268267637	0.09012531250102564	-0.3236089994585828	0.2296618035577538	-0.144210524668007	0.13945923612168482	-0.1424822771774187	1.000000000000002	-0.42790125118080075	0.1961843752425627	-0.15867817231274828	0.09057805776303887	-0.7215636260670675	0.3054854483031373	-0.15016599610861248	0.11233628151169554	-0.09860554473879554	0.12063967674789305	-0.11848441369254499	0.16076094834207624	-0.06909852305829906	0.08412982679407616
0.10809072790701287	-0.11202984480838413	0.14836548328743646	-0.08750822927476873	0.10714921677665729	-0.12201959634975988	0.13305669355174707	-0.14036497057585726	0.1216033465388079	-0.09194600279005442	0.2292323834716717	-0.3199129030567136	0.1600046856207681	-0.16717128089332664	0.15158437380884893	-0.42790125118080075	1.0000000000000013	-0.3837199440355377	0.19632831189757974	-0.10321170104995467	0.29539950997490577	-0.6439429896312691	0.208777824722678	-0.1343978365551765	0.11033549619282587	-0.10942825529057534	0.1042588513081562	-0.21432687358392957	0.08021391358343752	-0.09651913585314056
-0.09165596836489007	0.09608604540145049	-0.22375270912876502	0.12889672164069746	-0.1625452021458301	0.09636525773513777	-0.11441845511946153	0.19218382839169687	-0.18568000685839137	0.1353651029738269	-0.15975849525547414	0.16545994819417484	-0.2676391755646904	0.2632285320215725	-0.2533919857946544	0.1961843752425627	-0.3837199440355377	0.9999999999999996	-0.5327003565303671	0.17255350542136758	-0.19934190833345475	0.25560955594744444	-0.4520269420914628	0.21465187065632063	-0.1875069341811266	0.11129400535551415	-0.11209906167286512	0.2837746264859521	-0.13020317477294402	0.14478694696714212
0.07495804081799828	-0.08248967489949999	0.18822124781181912	-0.11454832099299544	0.14054014931668563	-0.0811472621307291	0.09506452159038536	-0.20314662823944732	0.15997348706821793	-0.12819099056096228	0.12317935121647432	-0.13504936691124914	0.24722442127560282	-0.5401255578111404	0.26417767085303195	-0.15867817231274828	0.19632831189757974	-0.5327003565303671	0.9999999999999999	-0.2674261547119833	0.14525393453128158	-0.20054057220403876	0.22278442714526056	-0.34460855646104366	0.22248798289561	-0.0975246538108254	0.08992011269404954	-0.25541381768480387	0.15903090514596424	-0.18755447649795454
-0.045853664483301346	0.05024315155199091	-0.12437962581095	0.08099539050114427	-0.12549637832766286	0.04912803770520658	-0.0573588848015471	0.1141260278213225	-0.11350305603197486	0.12255154495459963	-0.07170400501278462	0.07544702188186464	-0.12851903105846738	0.18305287643858448	-0.6175883003136002	0.09057805776303887	-0.10321170104995467	0.17255350542136758	-0.2674261547119833	1.0000000000000029	-0.08630689998836104	0.10992410140690176	-0.12239542762514398	0.26606849261360827	-0.645251009841577	0.06110131499009934	-0.056050291756127545	0.14419605979132605	-0.15700385299523256	0.20208270330052935
0.09587753790172314	-0.09851369630948305	0.12803797739247083	-0.07615800012128654	0.09462441571148619	-0.11277154946802069	0.11115575685229619	-0.1177096224580825	0.10538852964790157	-0.08159177335176701	0.19943935065417748	-0.20161886024365955	0.1273090950169243	-0.13347846368582203	0.12969171159473927	-0.7215636260670675	0.29539950997490577	-0.19934190833345475	0.14525393453128158	-0.08630689998836104	1.0000000000000007	-0.5070001621801085	0.1650327760485229	-0.11321088345380517	0.09334781986113327	-0.17373678490895922	0.14137210328110805	-0.19276194429330118	0.06879978117785396	-0.08496612177647495
-0.10643903280937476	0.10286084934250987	-0.16804892188837875	0.09778876604753096	-0.12456017566865286	0.11225599865975493	-0.1258758069564297	0.14057654742011644	-0.13868896287949284	0.10304427029504404	-0.21381319602389168	0.20516510836681184	-0.16174900570655742	0.1607665331109788	-0.17291500288008219	0.3054854483031373	-0.6439429896312691	0.25560955594744444	-0.20054057220403876	0.10992410140690176	-0.5070001621801085	1.000000000000001	-0.2748326917719066	0.13946440920089115	-0.1221193890666996	0.13298842066319655	-0.13967700713824616	0.21935773955633936	-0.08639364818145191	0.1013088202745345
0.06311388170873247	-0.06573870924036863	0.1430981690000852	-0.08454706659019923	0.11043126025430067	-0.06708809918323898	0.07712664168946648	-0.12436281420163263	0.12034736149552852	-0.09303446363792396	0.10910527532350255	-0.11265216155257667	0.14631726761851202	-0.1637102886017431	0.17766714026674751	-0.15016599610861248	0.208777824722678	-0.4520269420914628	0.22278442714526056	-0.12239542762514398	0.1650327760485229	-0.2748326917719066	1.0000000000000009	-0.21205872246539392	0.14306295047882941	-0.13961169031389087	0.13613231733048078	-0.7526857396071683	0.11611891651499115	-0.12420539548192766
-0.05800934085998924	0.06250880995982146	-0.15873907754889274	0.0987813035042011	-0.146161074644457	0.061249478239989275	-0.07209392719696141	0.13586416543621566	-0.1402213027113945	0.12829334877289197	-0.09116023183356699	0.09388421227004201	-0.1570470255349001	0.2026837991026182	-0.3710293794153545	0.11233628151169554	-0.1343978365551765	0.21465187065632063	-0.34460855646104366	0.26606849261360827	-0.11321088345380517	0.13946440920089115	-0.21205872246539392	1.0000000000000024	-0.5118798067747784	0.0778484920518148	-0.074506076230036	0.1959761702800592	-0.5146996569485216	0.31021206822272973
0.04759969521487432	-0.0520439544460007	0.12242474370329555	-0.07884727377621699	0.11500227238053615	-0.05139264019466009	0.05920334819550329	-0.11589736672590341	0.10950614479159718	-0.11389734457708152	0.07502852020202104	-0.07941392423010175	0.12543683900567806	-0.18097959567899552	0.31136436202667495	-0.09860554473879554	0.11033549619282587	-0.1875069341811266	0.22248798289561	-0.645251009841577	0.09334781986113327	-0.1221193890666996	0.14306295047882941	-0.5118798067747784	1.0000000000000024	-0.06968537715437922	0.06337647516090608	-0.17301764518447185	0.2335625471435041	-0.351201388955214
-0.041079669256661386	0.0420250960496306	-0.08966822898878975	0.05267523234837118	-0.07093992577194692	0.04379561522626997	-0.048907166602027416	0.07035866837959409	-0.07546077135946673	0.05756068144985785	-0.0711401480023782	0.06956327498557761	-0.07825523436412743	0.08077270988821998	-0.10016560837931664	0.12063967674789305	-0.10942825529057534	0.11129400535551415	-0.0975246538108254	0.06110131499009934	-0.17373678490895922	0.13298842066319655	-0.13961169031389087	0.0778484920518148	-0.06968537715437922	1.000000000000002	-0.9361005346698654	0.1728090101245699	-0.049891755150649274	0.058163608440683884
0.03767381275856262	-0.03886055785797951	0.07818586570579507	-0.04625432515656233	0.06152679481427746	-0.04081999601995757	0.04490717707369566	-0.06421017943722103	0.06578257126574134	-0.05094017379893295	0.0659032486399301	-0.06609479871558799	0.07087905201549907	-0.07546379692979592	0.08850197160379931	-0.11848441369254499	0.1042588513081562	-0.11209906167286512	0.08992011269404954	-0.056050291756127545	0.14137210328110805	-0.13967700713824616	0.13613231733048078	-0.074506076230036	0.06337647516090608	-0.9361005346698654	1.0000000000000027	-0.22052877927882894	0.04728536372127608	-0.05561572299730866
-0.0772454167198187	0.07977436913175379	-0.19553876552524357	0.1137644555693805	-0.15294416573072117	0.08006180194343838	-0.09403682441817303	0.15086680117376555	-0.1645483740660936	0.12360308252161081	-0.1280077066778343	0.12581204208578425	-0.1794718948012062	0.18251237246825158	-0.23495483970158734	0.16076094834207624	-0.21432687358392957	0.2837746264859521	-0.25541381768480387	0.14419605979132605	-0.19276194429330118	0.21935773955633936	-0.7526857396071683	0.1959761702800592	-0.17301764518447185	0.1728090101245699	-0.22052877927882894	1.0000000000000022	-0.13629637187623694	0.13850968249259524
0.03479601722713545	-0.037560752150934754	0.09333490087053938	-0.05831058947772803	0.08560095930350628	-0.03694398525370212	0.04313339967000174	-0.0813737109421985	0.08235434153877885	-0.075849045866358	0.05464780373861913	-0.056643151140658224	0.0905799965925428	-0.11996370145353906	0.20138069225814936	-0.06909852305829906	0.08021391358343752	-0.13020317477294402	0.15903090514596424	-0.15700385299523256	0.06879978117785396	-0.08639364818145191	0.11611891651499115	-0.5146996569485216	0.2335625471435041	-0.049891755150649274	0.04728536372127608	-0.13629637187623694	1.0000000000000029	-0.7806076175922471
-0.044856057512960484	0.0483729910634041	-0.12690124551210225	0.0797670597345005	-0.12286373913114487	0.047165938166071876	-0.055568897567698144	0.10432301057930901	-0.11328444948889449	0.10627984278236939	-0.0689420558046484	0.07052125687840102	-0.11553308972468376	0.14303361535477166	-0.31003797401404737	0.08412982679407616	-0.09651913585314056	0.14478694696714212	-0.18755447649795454	0.20208270330052935	-0.08496612177647495	0.1013088202745345	-0.12420539548192766	0.31021206822272973	-0.351201388955214	0.058163608440683884	-0.05561572299730866	0.13850968249259524	-0.7806076175922471	1.0000000000000027
