0.9999999999999999	-0.8689717264107993	0.18110526516936723	-0.1314089183349785	0.12700550890564935	-0.15962001885034802	0.2578917572230238	-0.22306102689275017	0.12795975968010917	-0.1020806865455546	0.12009258165385141	-0.2290576414122613	0.12869520436132875	-0.11401020734264833	0.11084076422063355	-0.06750372223421973	0.08033199453600312	-0.11404215808372377	0.09981796216560236	-0.09857933250338935	0.07485407825185206	-0.08816281563337725	0.10256071947321485	-0.08966100153892066	0.08057093184771622	-0.06334541955516768	0.08489037489380598	-0.10034298680912514	0.08223748634117248	-0.08229716599208386	0.0546464350421854	-0.08437757405040525	0.08622419319492497	-0.07549226666025535	0.08633400030110265	-0.08347081125766315	0.058281804692783754	-0.09606665369698134	0.09732841630667424	-0.17011710353048082
-0.8689717264107993	0.9999999999999998	-0.19746319481950572	0.11620445579707217	-0.11496289535457337	0.1283852534315966	-0.3638057281187458	0.19664057643787475	-0.11418911201552943	0.08776167692296717	-0.10441323204142866	0.1810622903250578	-0.10887578284318909	0.09424897312367561	-0.09457150251516692	0.055040211936022314	-0.06561793853189364	0.09187737320939833	-0.08273572974836496	0.08058770255614477	-0.06188192430032086	0.07032587692077959	-0.08390768564322397	0.07242962650145546	-0.06576259967466692	0.049716758845408514	-0.0678251317201784	0.0796445254140888	-0.06605395904320023	0.06567945617707827	-0.043090355555720626	0.06641592081524116	-0.0685368152997945	0.059940957625536084	-0.0690965067674117	0.06454066448489086	-0.045451615961132015	0.07457150593658768	-0.07693346857206237	0.12907309894633323
0.18110526516936723	-0.19746319481950572	1.0	-0.5827271697193586	0.2989335130052133	-0.16484369496489135	0.25614607367164904	-0.5035078298559189	0.24822209376307752	-0.21100335528854536	0.133997515616019	-0.265027034528377	0.19327132152994592	-0.1898532610296625	0.1952902722235366	-0.09014863169778908	0.11251896892443904	-0.17718573470122992	0.16345544887651675	-0.16982756770543087	0.10251964903344775	-0.12651770308453048	0.1594376172408054	-0.14788781990188626	0.13326768069785308	-0.10057527590320564	0.13339930077394313	-0.16081740307327969	0.1334317844297432	-0.13558139531325045	0.0867984059691693	-0.1349351315120969	0.13879441052491623	-0.12284806843982285	0.1401820506891784	-0.13713819938029043	0.09508101269668788	-0.15796929480777627	0.15838912813569117	-0.28838374621904056
-0.1314089183349785	0.11620445579707217	-0.5827271697193586	1.0000000000000002	-0.6604613062452247	0.10804812307262356	-0.17961518466173926	0.2429669172972868	-0.28881479426943696	0.2270977428300217	-0.09258078006298673	0.17560768262931264	-0.1491770180934017	0.15913493547691124	-0.19436615381329647	0.06383679312654005	-0.08136684382448493	0.13113666628024753	-0.13619605444458077	0.1407131189799993	-0.07397435367470467	0.09016135220852403	-0.12127822367044577	0.11552161836697349	-0.10743653712890465	0.07118177136511641	-0.09747738883320363	0.11756919043279704	-0.10108907295056843	0.10214606479004776	-0.06191371207561582	0.09665336557029985	-0.1015618836636255	0.09043323404654728	-0.10495548584320927	0.09525711766465698	-0.06703152692544216	0.11075525938926871	-0.11481718249763001	0.1938241817129583
0.12700550890564935	-0.11496289535457337	0.2989335130052133	-0.6604613062452247	0.9999999999999997	-0.13588623842507466	0.18846612907700752	-0.26889910994348554	0.2787850472597406	-0.4043912273390781	0.11358578305664421	-0.2263658316362194	0.1819148538502577	-0.20466341988713893	0.23922690130149202	-0.08345900482042408	0.10632689610736897	-0.17410192407819644	0.17302795262822276	-0.19482248301090152	0.09599567032734603	-0.12094014442405526	0.1579440313789614	-0.15686948657561178	0.14246331515036964	-0.10014835087754356	0.1327850927987841	-0.16220112463112094	0.13704058595418944	-0.1413504016331638	0.08650310039719875	-0.13521540498032414	0.13979276996453088	-0.12513260631949355	0.14293561133426347	-0.1378587885447973	0.09553259919483484	-0.15926873360285854	0.1596370392477795	-0.2909039173414981
-0.15962001885034802	0.1283852534315966	-0.16484369496489135	0.10804812307262356	-0.13588623842507466	1.0000000000000004	-0.31279729239857834	0.17587397877165667	-0.13814556450544405	0.10255489777798339	-0.8318157469403239	0.2694693446232126	-0.16273341291486748	0.12159589345771298	-0.12436795661513358	0.16051265777938858	-0.13958332518179994	0.12660396323115086	-0.11189369411341044	0.10157934069365006	-0.17709655102981617	0.12795661416782608	-0.1224149682464455	0.09382330665111331	-0.08670824158484908	0.07086599244252029	-0.09826359877392607	0.10548558546112079	-0.08746107373173907	0.08404320250492003	-0.061800253922400995	0.08947503441129911	-0.09121333235024179	0.07759882909857835	-0.09079128454252605	0.07893176344579009	-0.05747712906816281	0.0909360044124809	-0.09859635571524696	0.1397699491995224
0.2578917572230238	-0.3638057281187458	0.25614607367164904	-0.17961518466173926	0.18846612907700752	-0.31279729239857834	0.9999999999999991	-0.5647341064046298	0.21232851971187433	-0.16101430823386098	0.21824197372078902	-0.4668683459441873	0.21677369411765238	-0.18136605440851936	0.17044131440673882	-0.10681707207681332	0.12547375056335827	-0.1758408842744035	0.15246681987844693	-0.14667963394658512	0.11663994056810217	-0.13270279320611172	0.15438810820516158	-0.13158867549992215	0.11849753459103375	-0.08854317859326	0.121514094290561	-0.14379591134449396	0.11824384062358957	-0.11726925552373518	0.07659248559074061	-0.11826438723550621	0.12152065628690877	-0.10624110824180769	0.12224245143063024	-0.1128449947406379	0.07968850452487379	-0.13058215025847658	0.1347451569157394	-0.22093173930906748
-0.22306102689275017	0.19664057643787475	-0.5035078298559189	0.2429669172972868	-0.26889910994348554	0.17587397877165667	-0.5647341064046298	0.9999999999999986	-0.37968148032583643	0.21416099957402207	-0.15560607149920358	0.2697953294353231	-0.24628496222439228	0.2022349613288581	-0.2127931973834231	0.08914567850718347	-0.11165461926150363	0.17469955257850378	-0.17007140615783733	0.16160421672759617	-0.10286788759310844	0.11822072777112913	-0.15983470628203672	0.13847772813564466	-0.12807480468772747	0.08507572298482088	-0.1201388640279724	0.14315924239485883	-0.122073998071058	0.12062127834661414	-0.07432258424289653	0.11553249982133919	-0.12213283310668419	0.10750493106905401	-0.12561577368416657	0.10925029065296801	-0.07798244872055017	0.12760634726325992	-0.13553870211113342	0.21230543380950856
0.12795975968010917	-0.11418911201552943	0.24822209376307752	-0.28881479426943696	0.2787850472597406	-0.13814556450544405	0.21232851971187433	-0.37968148032583643	0.999999999999998	-0.6201642024023776	0.1181859314166373	-0.2419972001034614	0.22557076780614024	-0.36595096571093516	0.30235417240677476	-0.08404483396703062	0.10898004582119085	-0.1972401575236463	0.2192006506877968	-0.23748277482424246	0.09652910284263239	-0.12135873920306718	0.16965013074777005	-0.17902140440939232	0.1605074622445805	-0.09390916714044116	0.13008729838998404	-0.16377624253470482	0.1426193096794105	-0.14663092549752	0.08156778513417394	-0.12925372072614083	0.13598418606726742	-0.12355723723828518	0.14256339301549972	-0.12401030039070038	0.08758255438315632	-0.14543344856657378	0.1505226640383726	-0.2445386025732431
-0.1020806865455546	0.08776167692296717	-0.21100335528854536	0.2270977428300217	-0.4043912273390781	0.10255489777798339	-0.16101430823386098	0.21416099957402207	-0.6201642024023776	0.9999999999999986	-0.09016449784396216	0.17696372646971975	-0.18071863977328195	0.24025598557572803	-0.5417210125902914	0.06580029227994567	-0.08637611943383779	0.15394730171624207	-0.1913072781562639	0.2127094881873441	-0.07661494823314668	0.09542985899786112	-0.13941554256397462	0.14765528895654223	-0.14544410737933158	0.07477610693943507	-0.10540305740106486	0.13152506933929695	-0.11881926932873285	0.12135014898928576	-0.06530633132186894	0.10350551467187054	-0.1109193088494428	0.10109336984529232	-0.11905640289185929	0.09826753954239421	-0.06998868724605253	0.11585507456857186	-0.1228664800660095	0.19206538051733119
0.12009258165385141	-0.10441323204142866	0.133997515616019	-0.09258078006298673	0.11358578305664421	-0.8318157469403239	0.21824197372078902	-0.15560607149920358	0.1181859314166373	-0.09016449784396216	0.9999999999999993	-0.3839842430392104	0.15511514985057492	-0.11566786080576565	0.10962833990073653	-0.20621037836103487	0.13905128459813362	-0.12458068098074494	0.10263522615580982	-0.09364552588441163	0.16709842674134606	-0.13205804285627806	0.11327203383326438	-0.08728613202353558	0.07919968747837669	-0.0677131652408385	0.0917070269696291	-0.09972071888445518	0.08067140597826387	-0.07795442048312964	0.05814434854499975	-0.08476662367619485	0.08434198322200095	-0.07182211089822992	0.08299459435830861	-0.07472392184034062	0.053868367583731605	-0.0856105882156852	0.09042906539745324	-0.13193598413823215
-0.2290576414122613	0.1810622903250578	-0.265027034528377	0.17560768262931264	-0.2263658316362194	0.2694693446232126	-0.4668683459441873	0.2697953294353231	-0.2419972001034614	0.17696372646971975	-0.3839842430392104	0.9999999999999994	-0.4538195595720472	0.2362004025562251	-0.22644711890910152	0.15137164934779848	-0.20547289838660146	0.2389062750577977	-0.21102107159498146	0.1793136065905232	-0.17108035137157532	0.1800521556064725	-0.22472318110518977	0.16427892101523764	-0.15243809236352704	0.10524643956873792	-0.15641606931312846	0.17765247358583194	-0.14933581659154696	0.14219276413626047	-0.09266110496803578	0.14167364201550062	-0.15033647441180806	0.12905492838151997	-0.15243010838676493	0.12454223049309243	-0.09122828548818719	0.14618984188493073	-0.16184501295924078	0.2229817397912184
0.12869520436132875	-0.10887578284318909	0.19327132152994592	-0.1491770180934017	0.1819148538502577	-0.16273341291486748	0.21677369411765238	-0.24628496222439228	0.22557076780614024	-0.18071863977328195	0.15511514985057492	-0.4538195595720472	0.9999999999999966	-0.5078657051645173	0.23378855085990524	-0.10905838371022557	0.15118104345519107	-0.5101176306313103	0.26534094161639155	-0.21659575135517603	0.12153804375388316	-0.15959996119958741	0.2559863605555551	-0.1977810649618774	0.1674617007677296	-0.10308684317913856	0.15131466316929632	-0.20595797788439818	0.16028003266320992	-0.15541672641619092	0.08959572789198687	-0.14392374644998815	0.15142659947051695	-0.1340598884379144	0.15328424735979054	-0.12708361593230927	0.09145141087009236	-0.15073978268359178	0.1583764913008237	-0.22947035094777712
-0.11401020734264833	0.09424897312367561	-0.1898532610296625	0.15913493547691124	-0.20466341988713893	0.12159589345771298	-0.18136605440851936	0.2022349613288581	-0.36595096571093516	0.24025598557572803	-0.11566786080576565	0.2362004025562251	-0.5078657051645173	0.9999999999999952	-0.4149383634906163	0.08580436696226135	-0.11879552168266014	0.2600206182526278	-0.5183831117413434	0.26818333646144643	-0.10028769112825886	0.1261020309510621	-0.21647433451259412	0.22015821857431891	-0.2000012189620009	0.0914034100058598	-0.13630995620175562	0.176260917507226	-0.16416294024805395	0.15754312903819853	-0.08041506952850065	0.1289997216520194	-0.14178696757826387	0.12964215607144502	-0.15350371857026426	0.11471849078665422	-0.08352377346495335	0.13746891552768278	-0.1514185055239724	0.20940218479863115
0.11084076422063355	-0.09457150251516692	0.1952902722235366	-0.19436615381329647	0.23922690130149202	-0.12436795661513358	0.17044131440673882	-0.2127931973834231	0.30235417240677476	-0.5417210125902914	0.10962833990073653	-0.22644711890910152	0.23378855085990524	-0.4149383634906163	0.9999999999999993	-0.0853066604317533	0.11329052863743128	-0.21833641250761504	0.27512282222572715	-0.4628521076426057	0.09893653071510697	-0.1272808002831686	0.18855181667362425	-0.2307668533884854	0.22184937946236902	-0.1015639062747193	0.14255480688260724	-0.18503987154413928	0.16965070758711165	-0.18173514443604658	0.08844744078894198	-0.14200929983708244	0.15167088033354134	-0.14195205969118446	0.16532296147726783	-0.13388781127468402	0.09511325648238934	-0.15878448655961908	0.1661374532490596	-0.25949817921343205
-0.06750372223421973	0.055040211936022314	-0.09014863169778908	0.06383679312654005	-0.08345900482042408	0.16051265777938858	-0.10681707207681332	0.08914567850718347	-0.08404483396703062	0.06580029227994567	-0.20621037836103487	0.15137164934779848	-0.10905838371022557	0.08580436696226135	-0.0853066604317533	0.9999999999999949	-0.4673881427547255	0.12047565979119472	-0.08643302647621592	0.07782582731568018	-0.7870212174937066	0.2843388929068628	-0.11961993510819928	0.07852132458839509	-0.07037524788025974	0.10095624589424285	-0.12036328018283532	0.10371528085940152	-0.07805946162648496	0.07296790521173681	-0.08488065792620063	0.10208304383605242	-0.08841708903346704	0.07072735612925801	-0.0796436765891507	0.07867110458674734	-0.05793190835049887	0.085200964320167	-0.08788797065207446	0.11357504726163459
0.08033199453600312	-0.06561793853189364	0.11251896892443904	-0.08136684382448493	0.10632689610736897	-0.13958332518179994	0.12547375056335827	-0.11165461926150363	0.10898004582119085	-0.08637611943383779	0.13905128459813362	-0.20547289838660146	0.15118104345519107	-0.11879552168266014	0.11329052863743128	-0.4673881427547255	0.9999999999999942	-0.2107042892358309	0.12086935779948503	-0.1078375573733728	0.29996391773423603	-0.7406536938075357	0.18211012291683196	-0.11122727438910714	0.09722944653107267	-0.11460132569206702	0.1710095982945817	-0.1531260631597605	0.10886124715812605	-0.10157090047949899	0.09424555400244485	-0.14640578114228497	0.12112963945648322	-0.09751400307061507	0.10822769916933804	-0.10367134068439711	0.0751577920175873	-0.11619148496228114	0.1176265001533621	-0.15382626356951049
-0.11404215808372377	0.09187737320939833	-0.17718573470122992	0.13113666628024753	-0.17410192407819644	0.12660396323115086	-0.1758408842744035	0.17469955257850378	-0.1972401575236463	0.15394730171624207	-0.12458068098074494	0.2389062750577977	-0.5101176306313103	0.2600206182526278	-0.21833641250761504	0.12047565979119472	-0.2107042892358309	0.999999999999999	-0.33054507651750104	0.20868063482803706	-0.1395189632062965	0.19147461888848594	-0.5993454337488967	0.2144366317467421	-0.18557020800700205	0.11081796020429784	-0.1829199447458163	0.24973841438838526	-0.1895767127708345	0.16710302402807067	-0.09801426429883889	0.15845131625260367	-0.17663433103730414	0.14899937463459875	-0.17275653866008664	0.12826872589059077	-0.09559549661638536	0.15498933534953538	-0.17298364304905162	0.2149830391736268
0.09981796216560236	-0.08273572974836496	0.16345544887651675	-0.13619605444458077	0.17302795262822276	-0.11189369411341044	0.15246681987844693	-0.17007140615783733	0.2192006506877968	-0.1913072781562639	0.10263522615580982	-0.21102107159498146	0.26534094161639155	-0.5183831117413434	0.27512282222572715	-0.08643302647621592	0.12086935779948503	-0.33054507651750104	0.999999999999996	-0.49990001230710146	0.1005223246764971	-0.13347538409452783	0.2325628314468576	-0.42931675492628935	0.27701980907456986	-0.10094631960222193	0.15024719014529783	-0.21089332143996498	0.20971408169214933	-0.2074645577879946	0.08853895584226178	-0.14570628375499825	0.1607406660908343	-0.1566833321243104	0.18041266168357328	-0.12719418180517444	0.09259229912630551	-0.15460565830637363	0.16880218068556424	-0.22831792623327682
-0.09857933250338935	0.08058770255614477	-0.16982756770543087	0.1407131189799993	-0.19482248301090152	0.10157934069365006	-0.14667963394658512	0.16160421672759617	-0.23748277482424246	0.2127094881873441	-0.09364552588441163	0.1793136065905232	-0.21659575135517603	0.26818333646144643	-0.4628521076426057	0.07782582731568018	-0.1078375573733728	0.20868063482803706	-0.49990001230710146	1.0000000000000016	-0.09315466411358758	0.11788516724254429	-0.20758794716646523	0.2956751109726755	-0.5307445860003863	0.09469620012320845	-0.14462992485268097	0.18748030202342708	-0.21064023639927826	0.21933804859895897	-0.08428619249357729	0.1372959196930198	-0.1595168069362225	0.15505961267440652	-0.2005427621577717	0.11974350262575575	-0.08880350530192245	0.14686481568361567	-0.17178446464380454	0.21467788580575767
0.07485407825185206	-0.06188192430032086	0.10251964903344775	-0.07397435367470467	0.09599567032734603	-0.17709655102981617	0.11663994056810217	-0.10286788759310844	0.09652910284263239	-0.07661494823314668	0.16709842674134606	-0.17108035137157532	0.12153804375388316	-0.10028769112825886	0.09893653071510697	-0.7870212174937066	0.29996391773423603	-0.1395189632062965	0.1005223246764971	-0.09315466411358758	0.9999999999999908	-0.4188155729585159	0.1396301636236446	-0.095156364675384	0.08427957426442993	-0.1457657286483818	0.14984698829255447	-0.13000405477303983	0.09527798625405243	-0.08989604528779015	0.10909536971611875	-0.13469685600194228	0.11018744799392681	-0.08787166088697508	0.09733862491044634	-0.10320253372793796	0.0741664249932519	-0.10971896408561732	0.10864068282019002	-0.14443461282035114
-0.08816281563337725	0.07032587692077959	-0.12651770308453048	0.09016135220852403	-0.12094014442405526	0.12795661416782608	-0.13270279320611172	0.11822072777112913	-0.12135873920306718	0.09542985899786112	-0.13205804285627806	0.1800521556064725	-0.15959996119958741	0.1261020309510621	-0.1272808002831686	0.2843388929068628	-0.7406536938075357	0.19147461888848594	-0.13347538409452783	0.11788516724254429	-0.4188155729585159	0.9999999999999992	-0.2392251210236551	0.12401802069174854	-0.11054823771320953	0.13220901489365097	-0.2548418838231058	0.17635218542531947	-0.12667222577195236	0.1146837429842806	-0.1137212505016848	0.16873171871496762	-0.14359780257945992	0.11211583547785196	-0.12599396570074084	0.114255301597897	-0.08541632384278994	0.12856880820622035	-0.13615591389059184	0.16485645308967403
0.10256071947321485	-0.08390768564322397	0.1594376172408054	-0.12127822367044577	0.1579440313789614	-0.1224149682464455	0.15438810820516158	-0.15983470628203672	0.16965013074777005	-0.13941554256397462	0.11327203383326438	-0.22472318110518977	0.2559863605555551	-0.21647433451259412	0.18855181667362425	-0.11961993510819928	0.18211012291683196	-0.5993454337488967	0.2325628314468576	-0.20758794716646523	0.1396301636236446	-0.2392251210236551	0.9999999999999912	-0.27662833738953274	0.1956491331279797	-0.13594830889820644	0.21974334561707248	-0.5020142502042675	0.23085978378442104	-0.20369344576943516	0.11720110266529571	-0.20170490911011651	0.2124076161719411	-0.18147849028630714	0.19403588603048139	-0.15621044331410255	0.11421743166167878	-0.19080620243379645	0.19501583278718748	-0.2529126003011736
-0.08966100153892066	0.07242962650145546	-0.14788781990188626	0.11552161836697349	-0.15686948657561178	0.09382330665111331	-0.13158867549992215	0.13847772813564466	-0.17902140440939232	0.14765528895654223	-0.08728613202353558	0.16427892101523764	-0.1977810649618774	0.22015821857431891	-0.2307668533884854	0.07852132458839509	-0.11122727438910714	0.2144366317467421	-0.42931675492628935	0.2956751109726755	-0.095156364675384	0.12401802069174854	-0.27662833738953274	0.9999999999999893	-0.597164394035804	0.10339842567166271	-0.16638144403050958	0.23789014462350927	-0.43167273639378373	0.2776620566155521	-0.09270691111783128	0.1556176955380917	-0.1921607848765204	0.20277520710880859	-0.24279014207022268	0.12818515502415634	-0.09694256910617995	0.16207108231531334	-0.1990555788217341	0.21947016806070493
0.08057093184771622	-0.06576259967466692	0.13326768069785308	-0.10743653712890465	0.14246331515036964	-0.08670824158484908	0.11849753459103375	-0.12807480468772747	0.1605074622445805	-0.14544410737933158	0.07919968747837669	-0.15243809236352704	0.1674617007677296	-0.2000012189620009	0.22184937946236902	-0.07037524788025974	0.09722944653107267	-0.18557020800700205	0.27701980907456986	-0.5307445860003863	0.08427957426442993	-0.11054823771320953	0.1956491331279797	-0.597164394035804	0.9999999999999878	-0.09571267111038896	0.14477088884559491	-0.20857349566013467	0.26445931009779233	-0.40516238404670424	0.08482067675018357	-0.14315806081771262	0.16654113104305185	-0.18351672398700705	0.22697375086305116	-0.12236684830243154	0.09040667943023464	-0.153428642254044	0.17484425484565436	-0.21862524415799967
-0.06334541955516768	0.049716758845408514	-0.10057527590320564	0.07118177136511641	-0.10014835087754356	0.07086599244252029	-0.08854317859326	0.08507572298482088	-0.09390916714044116	0.07477610693943507	-0.0677131652408385	0.10524643956873792	-0.10308684317913856	0.0914034100058598	-0.1015639062747193	0.10095624589424285	-0.11460132569206702	0.11081796020429784	-0.10094631960222193	0.09469620012320845	-0.1457657286483818	0.13220901489365097	-0.13594830889820644	0.10339842567166271	-0.09571267111038896	0.9999999999999931	-0.36017118403972675	0.16497601211443882	-0.12465311767128678	0.1102382319122492	-0.8215387300605321	0.26240578170300455	-0.18604098386373988	0.12455514394876217	-0.13481568285644652	0.20831882541462718	-0.17146699223604178	0.16176030239421071	-0.16315691002210775	0.15110491635275963
0.08489037489380598	-0.0678251317201784	0.13339930077394313	-0.09747738883320363	0.1327850927987841	-0.09826359877392607	0.121514094290561	-0.1201388640279724	0.13008729838998404	-0.10540305740106486	0.0917070269696291	-0.15641606931312846	0.15131466316929632	-0.13630995620175562	0.14255480688260724	-0.12036328018283532	0.1710095982945817	-0.1829199447458163	0.15024719014529783	-0.14462992485268097	0.14984698829255447	-0.2548418838231058	0.21974334561707248	-0.16638144403050958	0.14477088884559491	-0.36017118403972675	0.9999999999999959	-0.4095700123266829	0.20140518094550972	-0.17916501246731834	0.25260024235787276	-0.6362130211791546	0.2775460554551488	-0.195645636301886	0.19301180613512176	-0.21291257869500024	0.15469572433162285	-0.23324844529362132	0.21248883202082247	-0.23772207478769258
-0.10034298680912514	0.0796445254140888	-0.16081740307327969	0.11756919043279704	-0.16220112463112094	0.10548558546112079	-0.14379591134449396	0.14315924239485883	-0.16377624253470482	0.13152506933929695	-0.09972071888445518	0.17765247358583194	-0.20595797788439818	0.176260917507226	-0.18503987154413928	0.10371528085940152	-0.1531260631597605	0.24973841438838526	-0.21089332143996498	0.18748030202342708	-0.13000405477303983	0.17635218542531947	-0.5020142502042675	0.23789014462350927	-0.20857349566013467	0.16497601211443882	-0.4095700123266829	0.9999999999999889	-0.43144069526117307	0.24408747757756818	-0.14959798517494732	0.2645425871901442	-0.3788969133295941	0.24954473449709566	-0.26558667465121855	0.17212416725615176	-0.136350839994837	0.22111349824224935	-0.2553443378739668	0.2501890737945614
0.08223748634117248	-0.06605395904320023	0.1334317844297432	-0.10108907295056843	0.13704058595418944	-0.08746107373173907	0.11824384062358957	-0.122073998071058	0.1426193096794105	-0.11881926932873285	0.08067140597826387	-0.14933581659154696	0.16028003266320992	-0.16416294024805395	0.16965070758711165	-0.07805946162648496	0.10886124715812605	-0.1895767127708345	0.20971408169214933	-0.21064023639927826	0.09527798625405243	-0.12667222577195236	0.23085978378442104	-0.43167273639378373	0.26445931009779233	-0.12465311767128678	0.20140518094550972	-0.43144069526117307	0.9999999999999893	-0.5250277616562005	0.11105922581972465	-0.2012122546558211	0.2521596358706202	-0.4165724397523425	0.30433338322626785	-0.15474563847068165	0.11718986990635843	-0.20592078889312765	0.2428902789325753	-0.25719493581302155
-0.08229716599208386	0.06567945617707827	-0.13558139531325045	0.10214606479004776	-0.1413504016331638	0.08404320250492003	-0.11726925552373518	0.12062127834661414	-0.14663092549752	0.12135014898928576	-0.07795442048312964	0.14219276413626047	-0.15541672641619092	0.15754312903819853	-0.18173514443604658	0.07296790521173681	-0.10157090047949899	0.16710302402807067	-0.2074645577879946	0.21933804859895897	-0.08989604528779015	0.1146837429842806	-0.20369344576943516	0.2776620566155521	-0.40516238404670424	0.1102382319122492	-0.17916501246731834	0.24408747757756818	-0.5250277616562005	0.9999999999999901	-0.10034261338236627	0.17214999620782068	-0.2315370292492637	0.27897351431552325	-0.5812223498846081	0.13968364185421617	-0.10793449583935552	0.18355360121664044	-0.2434075936291741	0.2406423410591636
0.0546464350421854	-0.043090355555720626	0.0867984059691693	-0.06191371207561582	0.08650310039719875	-0.061800253922400995	0.07659248559074061	-0.07432258424289653	0.08156778513417394	-0.06530633132186894	0.05814434854499975	-0.09266110496803578	0.08959572789198687	-0.08041506952850065	0.08844744078894198	-0.08488065792620063	0.09424555400244485	-0.09801426429883889	0.08853895584226178	-0.08428619249357729	0.10909536971611875	-0.1137212505016848	0.11720110266529571	-0.09270691111783128	0.08482067675018357	-0.8215387300605321	0.25260024235787276	-0.14959798517494732	0.11105922581972465	-0.10034261338236627	0.9999999999999879	-0.35100693268505107	0.17637840261385476	-0.11669403091333538	0.12058619582772483	-0.29264965484572464	0.17110695693699596	-0.16893474484595414	0.14754869680807264	-0.14159372812579052
-0.08437757405040525	0.06641592081524116	-0.1349351315120969	0.09665336557029985	-0.13521540498032414	0.08947503441129911	-0.11826438723550621	0.11553249982133919	-0.12925372072614083	0.10350551467187054	-0.08476662367619485	0.14167364201550062	-0.14392374644998815	0.1289997216520194	-0.14200929983708244	0.10208304383605242	-0.14640578114228497	0.15845131625260367	-0.14570628375499825	0.1372959196930198	-0.13469685600194228	0.16873171871496762	-0.20170490911011651	0.1556176955380917	-0.14315806081771262	0.26240578170300455	-0.6362130211791546	0.2645425871901442	-0.2012122546558211	0.17214999620782068	-0.35100693268505107	0.9999999999999887	-0.4676110818394726	0.21533481015676564	-0.2177069162899758	0.20047805394268708	-0.1681880877642066	0.22922445297288627	-0.24044100488406867	0.21822600474668735
0.08622419319492497	-0.0685368152997945	0.13879441052491623	-0.1015618836636255	0.13979276996453088	-0.09121333235024179	0.12152065628690877	-0.12213283310668419	0.13598418606726742	-0.1109193088494428	0.08434198322200095	-0.15033647441180806	0.15142659947051695	-0.14178696757826387	0.15167088033354134	-0.08841708903346704	0.12112963945648322	-0.17663433103730414	0.1607406660908343	-0.1595168069362225	0.11018744799392681	-0.14359780257945992	0.2124076161719411	-0.1921607848765204	0.16654113104305185	-0.18604098386373988	0.2775460554551488	-0.3788969133295941	0.2521596358706202	-0.2315370292492637	0.17637840261385476	-0.4676110818394726	0.9999999999999886	-0.4727211624439499	0.2649618160557329	-0.24172813474814786	0.19516599062950274	-0.43078607247453665	0.29334222499933743	-0.2841804960297857
-0.07549226666025535	0.059940957625536084	-0.12284806843982285	0.09043323404654728	-0.12513260631949355	0.07759882909857835	-0.10624110824180769	0.10750493106905401	-0.12355723723828518	0.10109336984529232	-0.07182211089822992	0.12905492838151997	-0.1340598884379144	0.12964215607144502	-0.14195205969118446	0.07072735612925801	-0.09751400307061507	0.14899937463459875	-0.1566833321243104	0.15505961267440652	-0.08787166088697508	0.11211583547785196	-0.18147849028630714	0.20277520710880859	-0.18351672398700705	0.12455514394876217	-0.195645636301886	0.24954473449709566	-0.4165724397523425	0.27897351431552325	-0.11669403091333538	0.21533481015676564	-0.4727211624439499	0.9999999999999885	-0.518613555033475	0.16683277793981244	-0.13475354996444516	0.24606392241166694	-0.4730574679375494	0.26997670428265796
0.08633400030110265	-0.0690965067674117	0.1401820506891784	-0.10495548584320927	0.14293561133426347	-0.09079128454252605	0.12224245143063024	-0.12561577368416657	0.14256339301549972	-0.11905640289185929	0.08299459435830861	-0.15243010838676493	0.15328424735979054	-0.15350371857026426	0.16532296147726783	-0.0796436765891507	0.10822769916933804	-0.17275653866008664	0.18041266168357328	-0.2005427621577717	0.09733862491044634	-0.12599396570074084	0.19403588603048139	-0.24279014207022268	0.22697375086305116	-0.13481568285644652	0.19301180613512176	-0.26558667465121855	0.30433338322626785	-0.5812223498846081	0.12058619582772483	-0.2177069162899758	0.2649618160557329	-0.518613555033475	0.9999999999999875	-0.1833165314926184	0.13622658193375536	-0.24672259658687548	0.2803727543034441	-0.3571797965763761
-0.08347081125766315	0.06454066448489086	-0.13713819938029043	0.09525711766465698	-0.1378587885447973	0.07893176344579009	-0.1128449947406379	0.10925029065296801	-0.12401030039070038	0.09826753954239421	-0.07472392184034062	0.12454223049309243	-0.12708361593230927	0.11471849078665422	-0.13388781127468402	0.07867110458674734	-0.10367134068439711	0.12826872589059077	-0.12719418180517444	0.11974350262575575	-0.10320253372793796	0.114255301597897	-0.15621044331410255	0.12818515502415634	-0.12236684830243154	0.20831882541462718	-0.21291257869500024	0.17212416725615176	-0.15474563847068165	0.13968364185421617	-0.29264965484572464	0.20047805394268708	-0.24172813474814786	0.16683277793981244	-0.1833165314926184	0.9999999999999883	-0.7441429010668099	0.30213529600611655	-0.26931088056883673	0.1982654627717123
0.058281804692783754	-0.045451615961132015	0.09508101269668788	-0.06703152692544216	0.09553259919483484	-0.05747712906816281	0.07968850452487379	-0.07798244872055017	0.08758255438315632	-0.06998868724605253	0.053868367583731605	-0.09122828548818719	0.09145141087009236	-0.08352377346495335	0.09511325648238934	-0.05793190835049887	0.0751577920175873	-0.09559549661638536	0.09259229912630551	-0.08880350530192245	0.0741664249932519	-0.08541632384278994	0.11421743166167878	-0.09694256910617995	0.09040667943023464	-0.17146699223604178	0.15469572433162285	-0.136350839994837	0.11718986990635843	-0.10793449583935552	0.17110695693699596	-0.1681880877642066	0.19516599062950274	-0.13475354996444516	0.13622658193375536	-0.7441429010668099	0.9999999999999888	-0.5377309592230516	0.2053881410859668	-0.164972305395186
-0.09606665369698134	0.07457150593658768	-0.15796929480777627	0.11075525938926871	-0.15926873360285854	0.0909360044124809	-0.13058215025847658	0.12760634726325992	-0.14543344856657378	0.11585507456857186	-0.0856105882156852	0.14618984188493073	-0.15073978268359178	0.13746891552768278	-0.15878448655961908	0.085200964320167	-0.11619148496228114	0.15498933534953538	-0.15460565830637363	0.14686481568361567	-0.10971896408561732	0.12856880820622035	-0.19080620243379645	0.16207108231531334	-0.153428642254044	0.16176030239421071	-0.23324844529362132	0.22111349824224935	-0.20592078889312765	0.18355360121664044	-0.16893474484595414	0.22922445297288627	-0.43078607247453665	0.24606392241166694	-0.24672259658687548	0.30213529600611655	-0.5377309592230516	0.9999999999999887	-0.45082709598460424	0.2584477667429086
0.09732841630667424	-0.07693346857206237	0.15838912813569117	-0.11481718249763001	0.1596370392477795	-0.09859635571524696	0.1347451569157394	-0.13553870211113342	0.1505226640383726	-0.1228664800660095	0.09042906539745324	-0.16184501295924078	0.1583764913008237	-0.1514185055239724	0.1661374532490596	-0.08788797065207446	0.1176265001533621	-0.17298364304905162	0.16880218068556424	-0.17178446464380454	0.10864068282019002	-0.13615591389059184	0.19501583278718748	-0.1990555788217341	0.17484425484565436	-0.16315691002210775	0.21248883202082247	-0.2553443378739668	0.2428902789325753	-0.2434075936291741	0.14754869680807264	-0.24044100488406867	0.29334222499933743	-0.4730574679375494	0.2803727543034441	-0.26931088056883673	0.2053881410859668	-0.45082709598460424	0.9999999999999887	-0.5370972238668389
-0.17011710353048082	0.12907309894633323	-0.28838374621904056	0.1938241817129583	-0.2909039173414981	0.1397699491995224	-0.22093173930906748	0.21230543380950856	-0.2445386025732431	0.19206538051733119	-0.13193598413823215	0.2229817397912184	-0.22947035094777712	0.20940218479863115	-0.25949817921343205	0.11357504726163459	-0.15382626356951049	0.2149830391736268	-0.22831792623327682	0.21467788580575767	-0.14443461282035114	0.16485645308967403	-0.2529126003011736	0.21947016806070493	-0.21862524415799967	0.15110491635275963	-0.23772207478769258	0.2501890737945614	-0.25719493581302155	0.2406423410591636	-0.14159372812579052	0.21822600474668735	-0.2841804960297857	0.26997670428265796	-0.3571797965763761	0.1982654627717123	-0.164972305395186	0.2584477667429086	-0.5370972238668389	0.9999999999999887
