1.0	-0.7584052453925808	0.17043459102374167	-0.030145300738238342	0.031063104129143815	-0.4936971587474981	0.2700750766576839	-0.17774870025475656	0.07454862533653883	-0.04956856611607805	0.2172536820416508	-0.1873502883209055	0.1070821705129188	-0.06558701485046635	0.06290531335192291	-0.10128836199606642	0.10417505418551086	-0.07849344344419112	0.05049423284786921	-0.04650478399608966	0.08104483601748282	-0.09108712794207985	0.07110568818975771	-0.047671898639169215	0.03967822544359533	-0.07397566690224	0.0748233978595582	-0.09358648539673156	0.039416810694492904	-0.044103290347273255	0.06250555849352804	-0.0812817000756315	0.06629715493895802	-0.039184982764392466	0.027660556241080277	-0.08833937286926445	0.05394861669434348	-0.049706014048949164	0.04642184455538071	-0.032157399422023385	0.04770771948324449	-0.042692645748405096	0.04277649449184044	-0.03258231341431248	0.06158975080209143
-0.7584052453925808	0.9999999999999998	-0.2909043856881207	0.042427638190404335	-0.04484389703432795	0.28639322915042975	-0.3740059748982321	0.2064762405364305	-0.09336567527979527	0.060377408849681354	-0.2531018515954909	0.18968086521480707	-0.13469919292105062	0.07932396402074171	-0.07793208905418503	0.10666579485731234	-0.11671174834081272	0.08839079799777856	-0.06016135746921849	0.054712775254148166	-0.09027901137078352	0.09822502324444657	-0.08133621035548944	0.05550663499518771	-0.04671991275578815	0.07997461415985631	-0.08268489678966713	0.1019060666488685	-0.04436638012829838	0.04929644850041216	-0.06863463896810064	0.0881591696288699	-0.0741236483647136	0.04369608416855318	-0.030929599646212072	0.09491988003574567	-0.06005954295804035	0.05488924209590926	-0.05210274111410801	0.035768987232138894	-0.05289397974609944	0.04703471929486354	-0.04789206124862426	0.0363914538615763	-0.06918360575124194
0.17043459102374167	-0.2909043856881207	0.9999999999999998	-0.11130990382313805	0.09973034221315884	-0.12988565282354836	0.1731409354201933	-0.8678002280140301	0.12614194737738352	-0.08947087315059038	0.10907065035420462	-0.10828802453115194	0.1745222517123096	-0.11454827545384509	0.09549465762543247	-0.08033173425779538	0.08256528625431109	-0.10422046506481873	0.07487088114021402	-0.07093867816166027	0.07168303415189944	-0.08157445891331029	0.08409462251888733	-0.07063893571017493	0.05672034654218222	-0.07706077555841104	0.07758313511625232	-0.11056815520910823	0.04905645070969521	-0.056054609841167495	0.06645650997874947	-0.08905592013060076	0.07488988771028893	-0.04684260355415113	0.033243218693492074	-0.10183931999536756	0.06070102428625163	-0.057233642106448705	0.0545575210459251	-0.03874316558702872	0.05401861957708524	-0.049050404337388984	0.049424481094048005	-0.037843123064285014	0.07145991153728738
-0.030145300738238342	0.042427638190404335	-0.11130990382313805	1.0000000000000007	-0.9859830434110032	0.023454593248301972	-0.03189515168131448	0.08998469798052602	-0.05589984822269997	0.04381479893330667	-0.021487817766189157	0.0210299459358269	-0.04326306597090808	0.03558343036333995	-0.03745310649866747	0.018530987850342018	-0.018979159302988532	0.026183015598461302	-0.02298092932114459	0.022371085141194427	-0.017202338802154833	0.01944055617928302	-0.02159497845192069	0.021189140371892345	-0.017401489997040973	0.019294562011453673	-0.01944677298931314	0.028309139503499975	-0.013381017191712627	0.015315218648779143	-0.01681906957250284	0.02264373258975807	-0.019406391859818236	0.012431366427721684	-0.008864341634565604	0.02621433328728328	-0.01571082009414763	0.014860204957809259	-0.014447827359813363	0.010289668137202161	-0.013992952065311863	0.01272621882593977	-0.012943594448258785	0.00991850736415811	-0.018761462644448966
0.031063104129143815	-0.04484389703432795	0.09973034221315884	-0.9859830434110032	1.0000000000000009	-0.02473475035061952	0.03327313064857887	-0.0970784766994838	0.05521162063107293	-0.04639941441958773	0.0225284361987022	-0.022246518241429692	0.04483122423250833	-0.03714546477114427	0.03845113501565505	-0.019781815721732085	0.02015620834098032	-0.027893259592455685	0.02405424769169999	-0.023556554132296834	0.01834231413002366	-0.020745320289882567	0.022907699320230818	-0.02238019867314579	0.01829136897138722	-0.020719772129409963	0.02081693576501504	-0.030417650317541362	0.014275634354556912	-0.016369784372958995	0.018048192676910168	-0.02433194880022118	0.020781695238060102	-0.013313821817110478	0.009488966375872295	-0.028261805532227624	0.01684649471432552	-0.015952695181060975	0.01546247134098294	-0.01103046036166756	0.015025971533868126	-0.013678357188169553	0.013893851410708199	-0.010648240159065925	0.020141658345680324
-0.4936971587474981	0.28639322915042975	-0.12988565282354836	0.023454593248301972	-0.02473475035061952	1.0000000000000013	-0.57694514848268	0.13031300085974457	-0.0662514863148004	0.043363332259860915	-0.5189468820833483	0.2844295216354925	-0.09782245410070303	0.05842364587795166	-0.05693847446614587	0.12416476954815908	-0.13631381345747057	0.07698625750735741	-0.04644343245757086	0.04220959462953803	-0.09615725210474044	0.10662004321326397	-0.07274291121025878	0.043726696894317074	-0.036593086980812733	0.0766701874463832	-0.07927082250435061	0.09116582733538729	-0.0373954909441908	0.041324946543771134	-0.06384749652042142	0.08106124469559811	-0.06514518272625623	0.037362599425087115	-0.026284779072193572	0.08379397471851605	-0.0526630245530838	0.04791302129751593	-0.04449066821437578	0.030395382456651146	-0.04600690437592234	0.04078301695903159	-0.04050399134262255	0.030805287250615526	-0.05791333816033536
0.2700750766576839	-0.3740059748982321	0.1731409354201933	-0.03189515168131448	0.03327313064857887	-0.57694514848268	1.0000000000000016	-0.2160745446609685	0.09232156658896278	-0.06140743073204249	0.32029945628345474	-0.5200664844497283	0.1358769951456895	-0.08307375008835598	0.07929448623855748	-0.17619287903915512	0.1871446651512041	-0.11263658615982038	0.06594495821027888	-0.06042765499884881	0.1304170629610961	-0.1587982279535758	0.1039991508916253	-0.06286323633626148	0.05216957680600259	-0.11206242190917308	0.1139085520936302	-0.13464506352292896	0.05415743776228509	-0.06019852767262763	0.09208432497201635	-0.1195332069640844	0.09390432601741136	-0.054227069768117885	0.038093049551319806	-0.12433665456870786	0.07609480914942593	-0.06979532329650442	0.06419109510123606	-0.04420777456726125	0.06663679403027839	-0.05944723596344283	0.0583957399571787	-0.04451134151785807	0.08331876812553754
-0.17774870025475656	0.2064762405364305	-0.8678002280140301	0.08998469798052602	-0.0970784766994838	0.13031300085974457	-0.2160745446609685	1.0000000000000018	-0.15575421659701066	0.09727892084980759	-0.11655235905180714	0.11232843586815264	-0.234655418428423	0.12592265738728353	-0.10794577173766397	0.07957200950692997	-0.08439913700332556	0.1055762055884181	-0.08050478398906383	0.07403408929941813	-0.07155827341239761	0.08116653538824942	-0.08701078589100751	0.07290773679505876	-0.05932501881992217	0.07423938420688078	-0.07597818467177266	0.10624081926170965	-0.04836556242102249	0.05480076597353445	-0.06421108744839578	0.08544540606558546	-0.07294160206359779	0.045480338104525064	-0.03233167147928196	0.09615150699552795	-0.05873918874549773	0.05508270411407024	-0.05313944145970374	0.03745190017608112	-0.05191586861427931	0.046938112705470436	-0.04753069976843621	0.03636771542195684	-0.06865995118177277
0.07454862533653883	-0.09336567527979527	0.12614194737738352	-0.05589984822269997	0.05521162063107293	-0.0662514863148004	0.09232156658896278	-0.15575421659701066	1.0000000000000018	-0.6773108484437882	0.07331393198511946	-0.07411487999294661	0.253165497685619	-0.4318785045350558	0.32708933662832906	-0.09632888573304035	0.09629105390222255	-0.1734587032706061	0.19639344517136287	-0.20481011628139706	0.09490358150238934	-0.10851947435271792	0.13596769224937483	-0.18400251911939478	0.14261691844962288	-0.11658610998194568	0.11694101608896053	-0.1817354034070932	0.0934838717114429	-0.10883831168493661	0.10209971006176433	-0.13995378672075295	0.1215716042613816	-0.08226325709218299	0.05897404715939293	-0.1650310991650841	0.09784857644564693	-0.09408713556541673	0.09401564142958334	-0.06816810146325031	0.0870220713233941	-0.07985867959033309	0.0809998126639938	-0.06243295072060227	0.1171306660248512
-0.04956856611607805	0.060377408849681354	-0.08947087315059038	0.04381479893330667	-0.04639941441958773	0.043363332259860915	-0.06140743073204249	0.09727892084980759	-0.6773108484437882	1.0000000000000016	-0.04824500331257566	0.04838607031089628	-0.2023373512471812	0.2660325234106872	-0.629793413681087	0.061088820807152916	-0.0625787416200841	0.11457366908567804	-0.15813776669114843	0.16081862377450784	-0.06082965462042255	0.06951023713707424	-0.0927998249513697	0.13042483324077395	-0.11777500911312828	0.07230597502114991	-0.07400927324071038	0.1131130729854428	-0.06375307791200523	0.07269897451141194	-0.0636295051642977	0.08679807516126306	-0.07760779996683095	0.05332599570448375	-0.03849236207827674	0.10036558230502822	-0.061723433524310145	0.05908710302479461	-0.061189677643256335	0.04380475057186969	-0.054245822861349005	0.04956003837589644	-0.05067783157660302	0.039098112295932304	-0.07308207770137731
0.2172536820416508	-0.2531018515954909	0.10907065035420462	-0.021487817766189157	0.0225284361987022	-0.5189468820833483	0.32029945628345474	-0.11655235905180714	0.07331393198511946	-0.04824500331257566	1.000000000000002	-0.6778994721145201	0.11066325080278762	-0.06662181437801085	0.06473149920565488	-0.21560191643996257	0.2080238027329066	-0.10097460832922987	0.05506133498374576	-0.04991800772443023	0.1411381391106958	-0.16618156716051868	0.096127703099755	-0.05257675754983351	0.043790581225790076	-0.10680704237934556	0.10895578895878685	-0.12044392764740587	0.046968012005831436	-0.05168418069531205	0.08589852650955841	-0.10906086426622377	0.0840378803464082	-0.04728261815256437	0.033093046102751086	-0.10874599266278324	0.06775725794703108	-0.0615485331917799	0.05614497530814092	-0.038251266123579306	0.058760055983926626	-0.05202469441914924	0.050530879696742845	-0.03848061865715849	0.07157662776953046
-0.1873502883209055	0.18968086521480707	-0.10828802453115194	0.0210299459358269	-0.022246518241429692	0.2844295216354925	-0.5200664844497283	0.11232843586815264	-0.07411487999294661	0.04838607031089628	-0.6778994721145201	1.0000000000000013	-0.11594981256163729	0.06750386754741727	-0.06563593634964185	0.19546978917008578	-0.33296434349763776	0.10257841453244913	-0.055721821443852806	0.049987800970809564	-0.1492134458130587	0.17686969813878786	-0.10167603148236097	0.05266736608480098	-0.04404152518189916	0.10604494123526174	-0.11466640475943243	0.1191385878317042	-0.04676534104576114	0.05104971538341892	-0.0865778903239116	0.10777126887295457	-0.08455035983843202	0.046923621941314234	-0.032846775509462606	0.10507726350787971	-0.0677185759874165	0.06095630272950523	-0.05597858275129569	0.03779613974837223	-0.058274492044025	0.051241069660199465	-0.050075992726956446	0.03806667704693673	-0.07089728958648228
0.1070821705129188	-0.13469919292105062	0.1745222517123096	-0.04326306597090808	0.04483122423250833	-0.09782245410070303	0.1358769951456895	-0.234655418428423	0.253165497685619	-0.2023373512471812	0.11066325080278762	-0.11594981256163729	1.0000000000000018	-0.5427405216415109	0.2519553595533947	-0.14712731578145546	0.149548685426537	-0.38487751898793826	0.23021417143654266	-0.21139688276285626	0.14481053844740982	-0.1714022785313161	0.23628960505556076	-0.2128285486041888	0.16023069796040654	-0.17316022375372728	0.1764615303458094	-0.27975788305950694	0.12419998859028122	-0.14319143304905413	0.14997245558046657	-0.20555709934182825	0.17667226817910775	-0.11394636394355404	0.08090901045333439	-0.236960683703018	0.14090799498260415	-0.13517841987439752	0.13057080081609906	-0.0940335025634658	0.12446560802893736	-0.11405740806805251	0.11407846082986273	-0.08782336507978913	0.1642730823271116
-0.06558701485046635	0.07932396402074171	-0.11454827545384509	0.03558343036333995	-0.03714546477114427	0.05842364587795166	-0.08307375008835598	0.12592265738728353	-0.4318785045350558	0.2660325234106872	-0.06662181437801085	0.06750386754741727	-0.5427405216415109	1.0000000000000007	-0.48605347205610844	0.08510215763816922	-0.08940210146511628	0.1865484096567469	-0.3822344478933827	0.2302420227184244	-0.08578437799086616	0.09928715595091402	-0.14812240519647643	0.2116949904866444	-0.17329146680245341	0.09882066548989706	-0.10334908224970417	0.15716897500028773	-0.09042601556376788	0.10139830507258094	-0.08692240747186128	0.11817240544841576	-0.10738598061310548	0.07361708286162302	-0.053145246902394666	0.13381816878306976	-0.08432920070941011	0.08051339694119063	-0.08444094435015338	0.059971881744503845	-0.07331665072125872	0.06679273659191995	-0.06825445842746229	0.052696091491335764	-0.0980485772557285
0.06290531335192291	-0.07793208905418503	0.09549465762543247	-0.03745310649866747	0.03845113501565505	-0.05693847446614587	0.07929448623855748	-0.10794577173766397	0.32708933662832906	-0.629793413681087	0.06473149920565488	-0.06563593634964185	0.2519553595533947	-0.48605347205610844	1.000000000000001	-0.08797923467818389	0.08870916909351947	-0.1683259357416359	0.2268213289386377	-0.29408891600159326	0.08747312656440809	-0.10049892683245829	0.1315262486071712	-0.20361197297101996	0.17260728855374424	-0.10660512690014057	0.10807527468482271	-0.1683890136514262	0.09363327088847255	-0.1089125345757054	0.09347715081443699	-0.1282467200298223	0.11325047328131599	-0.07859618055029076	0.05662074490562108	-0.14950738658033633	0.09034659573566398	-0.08701572921188176	0.08942491486149827	-0.06473463108318071	0.07967399107436225	-0.0730643316303408	0.07422831941840913	-0.05735588377897101	0.10695599923206862
-0.10128836199606642	0.10666579485731234	-0.08033173425779538	0.018530987850342018	-0.019781815721732085	0.12416476954815908	-0.17619287903915512	0.07957200950692997	-0.09632888573304035	0.061088820807152916	-0.21560191643996257	0.19546978917008578	-0.14712731578145546	0.08510215763816922	-0.08797923467818389	1.0	-0.5437513388054747	0.14717805467947975	-0.07586138738303755	0.06672837818934631	-0.66956906586123	0.3044166779264931	-0.16051198012702583	0.07151112440272978	-0.06095684040265194	0.21292371141321043	-0.2101210744054381	0.17994685876727223	-0.06969996685539652	0.07405497768379474	-0.17302201535844713	0.17400528476953173	-0.1371292993178392	0.07140260945195114	-0.0497303301104361	0.16172386675361855	-0.10990213657477504	0.09504809002655275	-0.08676104962349956	0.05659281616765642	-0.09441933154041712	0.08001396947157267	-0.0776327732901183	0.05854742519983473	-0.10864181641860676
0.10417505418551086	-0.11671174834081272	0.08256528625431109	-0.018979159302988532	0.02015620834098032	-0.13631381345747057	0.1871446651512041	-0.08439913700332556	0.09629105390222255	-0.0625787416200841	0.2080238027329066	-0.33296434349763776	0.149548685426537	-0.08940210146511628	0.08870916909351947	-0.5437513388054747	0.9999999999999998	-0.19464118767707744	0.08160242521644354	-0.07214285632118778	0.30383813153208195	-0.5901599176926352	0.190292498995625	-0.07882062144660532	0.06512135420388879	-0.2038652403757065	0.2215435747669484	-0.21253601656429033	0.07404037893874128	-0.07971621170453479	0.15306626657676886	-0.1956839902329154	0.13993693426043907	-0.07458924413912855	0.05165558779179462	-0.17065064796081497	0.11064422663050306	-0.09920052731806048	0.08842528795697353	-0.05916199445922605	0.09302290733296738	-0.08148751726316499	0.07659931720270582	-0.058347783357827684	0.10640780262516517
-0.07849344344419112	0.08839079799777856	-0.10422046506481873	0.026183015598461302	-0.027893259592455685	0.07698625750735741	-0.11263658615982038	0.1055762055884181	-0.1734587032706061	0.11457366908567804	-0.10097460832922987	0.10257841453244913	-0.38487751898793826	0.1865484096567469	-0.1683259357416359	0.14717805467947975	-0.19464118767707744	0.9999999999999969	-0.2077059086278563	0.14589007115925637	-0.1673248046261208	0.20989788345743118	-0.7552856756182047	0.16138087522139336	-0.12981902375955218	0.1471497684846914	-0.18449297947476204	0.25113100011623146	-0.10288964547815223	0.10790269046266626	-0.1300905227843413	0.16730257415679178	-0.16685064104663583	0.09219951871590817	-0.06505410092687879	0.1630011494978617	-0.12099797235971878	0.11018291855191069	-0.1092171249938723	0.07275573585206527	-0.0990677828152123	0.08751226870405936	-0.08897400071287644	0.0678815912971672	-0.12627604453322366
0.05049423284786921	-0.06016135746921849	0.07487088114021402	-0.02298092932114459	0.02405424769169999	-0.04644343245757086	0.06594495821027888	-0.08050478398906383	0.19639344517136287	-0.15813776669114843	0.05506133498374576	-0.055721821443852806	0.23021417143654266	-0.3822344478933827	0.2268213289386377	-0.07586138738303755	0.08160242521644354	-0.2077059086278563	0.9999999999999958	-0.5688843584542921	0.07831889849811416	-0.09242819243421253	0.15456979873620705	-0.5789423370973265	0.3100874281901984	-0.08801399425991949	0.09543170620507666	-0.146413037036569	0.11692442407407146	-0.13098727088458723	0.07790458033800512	-0.10645348138708091	0.10300487909417373	-0.08005026177106077	0.05838668560210215	-0.11575032626126772	0.07847275583880114	-0.07566886589422249	0.08881537713958314	-0.06345089465468101	0.06620528728653018	-0.06021384539947778	0.062188530485695726	-0.048554058781629626	0.08814729289430664
-0.04650478399608966	0.054712775254148166	-0.07093867816166027	0.022371085141194427	-0.023556554132296834	0.04220959462953803	-0.06042765499884881	0.07403408929941813	-0.20481011628139706	0.16081862377450784	-0.04991800772443023	0.049987800970809564	-0.21139688276285626	0.2302420227184244	-0.29408891600159326	0.06672837818934631	-0.07214285632118778	0.14589007115925637	-0.5688843584542921	0.999999999999991	-0.06946123040017402	0.07985491011903369	-0.12837586338829304	0.32801072690083266	-0.6300722706288333	0.0778390913013998	-0.08501872864932974	0.12734425619790926	-0.1252003057246826	0.13661855268897652	-0.06978430760116798	0.09522867077368317	-0.09645243302300127	0.07866588227669034	-0.05919975106453097	0.10297976143383152	-0.07288520414644709	0.07027521137488668	-0.08944518744103566	0.0619638342243912	-0.06077903838829696	0.05515429743072909	-0.05802841211670724	0.04551347786856055	-0.08194501204179694
0.08104483601748282	-0.09027901137078352	0.07168303415189944	-0.017202338802154833	0.01834231413002366	-0.09615725210474044	0.1304170629610961	-0.07155827341239761	0.09490358150238934	-0.06082965462042255	0.1411381391106958	-0.1492134458130587	0.14481053844740982	-0.08578437799086616	0.08747312656440809	-0.66956906586123	0.30383813153208195	-0.1673248046261208	0.07831889849811416	-0.06946123040017402	0.9999999999999931	-0.4711221099969223	0.17363134041951525	-0.07557165239513369	0.06344622438842266	-0.3594556461678964	0.2403455514303028	-0.2131345569806113	0.07554167561982053	-0.0808361687194304	0.20265512091886426	-0.21337227965264588	0.14900699119017036	-0.07768870975203288	0.05368123676031273	-0.19797880043056995	0.12006081116557105	-0.10556466435261883	0.0929489082720047	-0.06141323183110147	0.10319831209467266	-0.08878901962516506	0.08186182708921069	-0.062139615284208014	0.11277224066816108
-0.09108712794207985	0.09822502324444657	-0.08157445891331029	0.01944055617928302	-0.020745320289882567	0.10662004321326397	-0.1587982279535758	0.08116653538824942	-0.10851947435271792	0.06951023713707424	-0.16618156716051868	0.17686969813878786	-0.1714022785313161	0.09928715595091402	-0.10049892683245829	0.3044166779264931	-0.5901599176926352	0.20989788345743118	-0.09242819243421253	0.07985491011903369	-0.4711221099969223	0.9999999999999915	-0.30638518961331807	0.08820693174910979	-0.07371213562939406	0.23072392978891296	-0.3888849154562905	0.23952943210527564	-0.08352223521420753	0.08772876966290086	-0.1812925325515909	0.21653251995246764	-0.16365737953365456	0.08339735894434357	-0.05773113534317745	0.17804885507345825	-0.1265111612914574	0.11052646473714284	-0.09989505281163599	0.06537799505092659	-0.10377076948378805	0.08939933452247903	-0.08521263689480461	0.06464267592834032	-0.1182213067002961
0.07110568818975771	-0.08133621035548944	0.08409462251888733	-0.02159497845192069	0.022907699320230818	-0.07274291121025878	0.1039991508916253	-0.08701078589100751	0.13596769224937483	-0.0927998249513697	0.096127703099755	-0.10167603148236097	0.23628960505556076	-0.14812240519647643	0.1315262486071712	-0.16051198012702583	0.190292498995625	-0.7552856756182047	0.15456979873620705	-0.12837586338829304	0.17363134041951525	-0.30638518961331807	1.0	-0.16211647458452952	0.11610537415996572	-0.16399526455506988	0.20469453720805894	-0.38198224401368364	0.10485827500021223	-0.1113448173567439	0.13660508417866932	-0.18465204035527166	0.17067039422951177	-0.09438868251633575	0.06547046234414179	-0.1723894002225976	0.12238314332912356	-0.11480899102347797	0.10858595236936805	-0.07384851307025948	0.09954175699534841	-0.08890806917186891	0.0866278897409133	-0.06654362790577162	0.12122519150015304
-0.047671898639169215	0.05550663499518771	-0.07063893571017493	0.021189140371892345	-0.02238019867314579	0.043726696894317074	-0.06286323633626148	0.07290773679505876	-0.18400251911939478	0.13042483324077395	-0.05257675754983351	0.05266736608480098	-0.2128285486041888	0.2116949904866444	-0.20361197297101996	0.07151112440272978	-0.07882062144660532	0.16138087522139336	-0.5789423370973265	0.32801072690083266	-0.07557165239513369	0.08820693174910979	-0.16211647458452952	0.99999999999999	-0.6432614565123222	0.08276173161995688	-0.09277965361288355	0.13906396127529627	-0.16999771516221238	0.16334582077811652	-0.07444232299307935	0.10168842482211185	-0.10676295115674778	0.09290387135605148	-0.06872287753812016	0.10721165518375303	-0.07908077839413999	0.07664683620343939	-0.10265145276565008	0.0708305058874274	-0.0648414108002743	0.0587676111419808	-0.06213075640343108	0.04901893799893617	-0.08703006344408407
0.03967822544359533	-0.04671991275578815	0.05672034654218222	-0.017401489997040973	0.01829136897138722	-0.036593086980812733	0.05216957680600259	-0.05932501881992217	0.14261691844962288	-0.11777500911312828	0.043790581225790076	-0.04404152518189916	0.16023069796040654	-0.17329146680245341	0.17260728855374424	-0.06095684040265194	0.06512135420388879	-0.12981902375955218	0.3100874281901984	-0.6300722706288333	0.06344622438842266	-0.07371213562939406	0.11610537415996572	-0.6432614565123222	0.9999999999999974	-0.0726630754871704	0.07976264856080705	-0.12342856399886074	0.15110119217959342	-0.20180471083984747	0.06517322319473534	-0.09024232199041203	0.09401485606270212	-0.08710270646349873	0.0662057941361246	-0.09624655959433132	0.06992656560833205	-0.06885310733935544	0.0941445304651134	-0.06812779806391388	0.057385441229834	-0.052382397993199575	0.055123171328758894	-0.043813591282749434	0.07689526906830813
-0.07397566690224	0.07997461415985631	-0.07706077555841104	0.019294562011453673	-0.020719772129409963	0.0766701874463832	-0.11206242190917308	0.07423938420688078	-0.11658610998194568	0.07230597502114991	-0.10680704237934556	0.10604494123526174	-0.17316022375372728	0.09882066548989706	-0.10660512690014057	0.21292371141321043	-0.2038652403757065	0.1471497684846914	-0.08801399425991949	0.0778390913013998	-0.3594556461678964	0.23072392978891296	-0.16399526455506988	0.08276173161995688	-0.0726630754871704	0.9999999999999915	-0.45928582292599457	0.24040191382193452	-0.09375996908279938	0.09741329861309556	-0.6377701181643595	0.28862029048013665	-0.2079518526863107	0.10035883337293537	-0.06929516062949259	0.2714809363724777	-0.17228883450598012	0.14059202646682864	-0.12420070189991589	0.07836987868233729	-0.15449453442765243	0.12285967023917951	-0.11447253132835075	0.08538270773046024	-0.1565247974756279
0.0748233978595582	-0.08268489678966713	0.07758313511625232	-0.01944677298931314	0.02081693576501504	-0.07927082250435061	0.1139085520936302	-0.07597818467177266	0.11694101608896053	-0.07400927324071038	0.10895578895878685	-0.11466640475943243	0.1764615303458094	-0.10334908224970417	0.10807527468482271	-0.2101210744054381	0.2215435747669484	-0.18449297947476204	0.09543170620507666	-0.08501872864932974	0.2403455514303028	-0.3888849154562905	0.20469453720805894	-0.09277965361288355	0.07976264856080705	-0.45928582292599457	0.9999999999999898	-0.48012250670583134	0.11280749913245061	-0.11690885410151294	0.2700552371788853	-0.5001746802453015	0.24109325442509139	-0.11524839709131558	0.07773425436643341	-0.25024946450848673	0.18381528408926567	-0.16183147360726452	0.13482619293595977	-0.08799923314921088	0.14050495284312553	-0.12313588701328265	0.10971652503244617	-0.08375155131327294	0.14805450892118638
-0.09358648539673156	0.1019060666488685	-0.11056815520910823	0.028309139503499975	-0.030417650317541362	0.09116582733538729	-0.13464506352292896	0.10624081926170965	-0.1817354034070932	0.1131130729854428	-0.12044392764740587	0.1191385878317042	-0.27975788305950694	0.15716897500028773	-0.1683890136514262	0.17994685876727223	-0.21253601656429033	0.25113100011623146	-0.146413037036569	0.12734425619790926	-0.2131345569806113	0.23952943210527564	-0.38198224401368364	0.13906396127529627	-0.12342856399886074	0.24040191382193452	-0.48012250670583134	0.9999999999999918	-0.2084172471500297	0.1808140871259462	-0.22446333688670456	0.29695427725902435	-0.4266463939913977	0.17451658471156245	-0.1183966235437217	0.24465484944672444	-0.233294282335412	0.2128369047667437	-0.20361136326425466	0.12801421360019002	-0.16981018698345923	0.14862260120397422	-0.14773501517521748	0.11293925298680833	-0.20396707247500048
0.039416810694492904	-0.04436638012829838	0.04905645070969521	-0.013381017191712627	0.014275634354556912	-0.0373954909441908	0.05415743776228509	-0.04836556242102249	0.0934838717114429	-0.06375307791200523	0.046968012005831436	-0.04676534104576114	0.12419998859028122	-0.09042601556376788	0.09363327088847255	-0.06969996685539652	0.07404037893874128	-0.10288964547815223	0.11692442407407146	-0.1252003057246826	0.07554167561982053	-0.08352223521420753	0.10485827500021223	-0.16999771516221238	0.15110119217959342	-0.09375996908279938	0.11280749913245061	-0.2084172471500297	0.9999999999999859	-0.813358548495054	0.08783052588369246	-0.1313977529034485	0.17687618007692324	-0.38055228730811225	0.19779755713641453	-0.12367118234985879	0.11591172246566116	-0.127977646794959	0.24049684784362219	-0.19643605817697515	0.08499295491602377	-0.07959469104123484	0.0864896454143185	-0.07412255408359054	0.11256505397403246
-0.044103290347273255	0.04929644850041216	-0.056054609841167495	0.015315218648779143	-0.016369784372958995	0.041324946543771134	-0.06019852767262763	0.05480076597353445	-0.10883831168493661	0.07269897451141194	-0.05168418069531205	0.05104971538341892	-0.14319143304905413	0.10139830507258094	-0.1089125345757054	0.07405497768379474	-0.07971621170453479	0.10790269046266626	-0.13098727088458723	0.13661855268897652	-0.0808361687194304	0.08772876966290086	-0.1113448173567439	0.16334582077811652	-0.20180471083984747	0.09741329861309556	-0.11690885410151294	0.1808140871259462	-0.813358548495054	0.9999999999999887	-0.09322328753061766	0.1352918998876256	-0.19343653479355485	0.2636164687803236	-0.24546329708396075	0.13049875329915556	-0.1297942433099734	0.13529457963392486	-0.2892519096321719	0.19212553359351453	-0.09487503516035817	0.08734483232888712	-0.09972139958068899	0.08406477283302743	-0.13040113971476885
0.06250555849352804	-0.06863463896810064	0.06645650997874947	-0.01681906957250284	0.018048192676910168	-0.06384749652042142	0.09208432497201635	-0.06421108744839578	0.10209971006176433	-0.0636295051642977	0.08589852650955841	-0.0865778903239116	0.14997245558046657	-0.08692240747186128	0.09347715081443699	-0.17302201535844713	0.15306626657676886	-0.1300905227843413	0.07790458033800512	-0.06978430760116798	0.20265512091886426	-0.1812925325515909	0.13660508417866932	-0.07444232299307935	0.06517322319473534	-0.6377701181643595	0.2700552371788853	-0.22446333688670456	0.08783052588369246	-0.09322328753061766	0.9999999999999866	-0.41506253413182287	0.20195082218100363	-0.09830880091260275	0.06704523140101523	-0.5087758673168898	0.17886666690996364	-0.14752741877837305	0.12016365832986534	-0.07686817703564754	0.16919285504053558	-0.13813519710076974	0.1128106365577014	-0.08496460403311264	0.14904517784136956
-0.0812817000756315	0.0881591696288699	-0.08905592013060076	0.02264373258975807	-0.02433194880022118	0.08106124469559811	-0.1195332069640844	0.08544540606558546	-0.13995378672075295	0.08679807516126306	-0.10906086426622377	0.10777126887295457	-0.20555709934182825	0.11817240544841576	-0.1282467200298223	0.17400528476953173	-0.1956839902329154	0.16730257415679178	-0.10645348138708091	0.09522867077368317	-0.21337227965264588	0.21653251995246764	-0.18465204035527166	0.10168842482211185	-0.09024232199041203	0.28862029048013665	-0.5001746802453015	0.29695427725902435	-0.1313977529034485	0.1352918998876256	-0.41506253413182287	0.999999999999986	-0.4261658508500783	0.1567493412491616	-0.1046395846496364	0.2854502101049784	-0.3490660067042212	0.24436597454390652	-0.19263516599016808	0.11678680632177198	-0.2072986384740114	0.17729106509677098	-0.15295762082156525	0.11554552371780648	-0.20111154946105936
0.06629715493895802	-0.0741236483647136	0.07488988771028893	-0.019406391859818236	0.020781695238060102	-0.06514518272625623	0.09390432601741136	-0.07294160206359779	0.1215716042613816	-0.07760779996683095	0.0840378803464082	-0.08455035983843202	0.17667226817910775	-0.10738598061310548	0.11325047328131599	-0.1371292993178392	0.13993693426043907	-0.16685064104663583	0.10300487909417373	-0.09645243302300127	0.14900699119017036	-0.16365737953365456	0.17067039422951177	-0.10676295115674778	0.09401485606270212	-0.2079518526863107	0.24109325442509139	-0.4266463939913977	0.17687618007692324	-0.19343653479355485	0.20195082218100363	-0.4261658508500783	0.9999999999999878	-0.3106988341044784	0.15548589079752367	-0.280116740236876	0.2914857886318208	-0.5184126118216767	0.25817434833395075	-0.182179424307264	0.17994470308768382	-0.18168822257486852	0.14700450066128282	-0.11960983452989543	0.18455286619711467
-0.039184982764392466	0.04369608416855318	-0.04684260355415113	0.012431366427721684	-0.013313821817110478	0.037362599425087115	-0.054227069768117885	0.045480338104525064	-0.08226325709218299	0.05332599570448375	-0.04728261815256437	0.046923621941314234	-0.11394636394355404	0.07361708286162302	-0.07859618055029076	0.07140260945195114	-0.07458924413912855	0.09219951871590817	-0.08005026177106077	0.07866588227669034	-0.07768870975203288	0.08339735894434357	-0.09438868251633575	0.09290387135605148	-0.08710270646349873	0.10035883337293537	-0.11524839709131558	0.17451658471156245	-0.38055228730811225	0.2636164687803236	-0.09830880091260275	0.1567493412491616	-0.3106988341044784	0.9999999999999868	-0.4345964612518253	0.14220720561572453	-0.16072247822806898	0.19430675676338666	-0.6511522649850094	0.29059700051303333	-0.10688991989439979	0.10271748855074507	-0.11967765495984503	0.10907966481210776	-0.14304011797594757
0.027660556241080277	-0.030929599646212072	0.033243218693492074	-0.008864341634565604	0.009488966375872295	-0.026284779072193572	0.038093049551319806	-0.03233167147928196	0.05897404715939293	-0.03849236207827674	0.033093046102751086	-0.032846775509462606	0.08090901045333439	-0.053145246902394666	0.05662074490562108	-0.0497303301104361	0.05165558779179462	-0.06505410092687879	0.05838668560210215	-0.05919975106453097	0.05368123676031273	-0.05773113534317745	0.06547046234414179	-0.06872287753812016	0.0662057941361246	-0.06929516062949259	0.07773425436643341	-0.1183966235437217	0.19779755713641453	-0.24546329708396075	0.06704523140101523	-0.1046395846496364	0.15548589079752367	-0.4345964612518253	0.9999999999999872	-0.09935309102125744	0.10192378246519149	-0.12014465136084555	0.2826560396843342	-0.807769306564257	0.07220957910742565	-0.06935413994584627	0.07956822906044211	-0.07251950209227506	0.10378276556521206
-0.08833937286926445	0.09491988003574567	-0.10183931999536756	0.02621433328728328	-0.028261805532227624	0.08379397471851605	-0.12433665456870786	0.09615150699552795	-0.1650310991650841	0.10036558230502822	-0.10874599266278324	0.10507726350787971	-0.236960683703018	0.13381816878306976	-0.14950738658033633	0.16172386675361855	-0.17065064796081497	0.1630011494978617	-0.11575032626126772	0.10297976143383152	-0.19797880043056995	0.17804885507345825	-0.1723894002225976	0.10721165518375303	-0.09624655959433132	0.2714809363724777	-0.25024946450848673	0.24465484944672444	-0.12367118234985879	0.13049875329915556	-0.5087758673168898	0.2854502101049784	-0.280116740236876	0.14220720561572453	-0.09935309102125744	0.9999999999999849	-0.2929362111574256	0.2111119604547481	-0.18593809332930084	0.11352884989622367	-0.40870915139202346	0.24579936360803473	-0.211372504081984	0.15244295595551272	-0.27865826527350174
0.05394861669434348	-0.06005954295804035	0.06070102428625163	-0.01571082009414763	0.01684649471432552	-0.0526630245530838	0.07609480914942593	-0.05873918874549773	0.09784857644564693	-0.061723433524310145	0.06775725794703108	-0.0677185759874165	0.14090799498260415	-0.08432920070941011	0.09034659573566398	-0.10990213657477504	0.11064422663050306	-0.12099797235971878	0.07847275583880114	-0.07288520414644709	0.12006081116557105	-0.1265111612914574	0.12238314332912356	-0.07908077839413999	0.06992656560833205	-0.17228883450598012	0.18381528408926567	-0.233294282335412	0.11591172246566116	-0.1297942433099734	0.17886666690996364	-0.3490660067042212	0.2914857886318208	-0.16072247822806898	0.10192378246519149	-0.2929362111574256	0.9999999999999856	-0.6734468242798208	0.19637643596378185	-0.12529159226583886	0.2477019325370401	-0.3780632480983974	0.1610810989674563	-0.12710089697145566	0.17439375113762437
-0.049706014048949164	0.05488924209590926	-0.057233642106448705	0.014860204957809259	-0.015952695181060975	0.04791302129751593	-0.06979532329650442	0.05508270411407024	-0.09408713556541673	0.05908710302479461	-0.0615485331917799	0.06095630272950523	-0.13517841987439752	0.08051339694119063	-0.08701572921188176	0.09504809002655275	-0.09920052731806048	0.11018291855191069	-0.07566886589422249	0.07027521137488668	-0.10556466435261883	0.11052646473714284	-0.11480899102347797	0.07664683620343939	-0.06885310733935544	0.14059202646682864	-0.16183147360726452	0.2128369047667437	-0.127977646794959	0.13529457963392486	-0.14752741877837305	0.24436597454390652	-0.5184126118216767	0.19430675676338666	-0.12014465136084555	0.2111119604547481	-0.6734468242798208	0.9999999999999856	-0.2985575769291603	0.13964820061765842	-0.21029575387790042	0.20610202775363312	-0.15073637817217989	0.1162581237904543	-0.16842614887086704
0.04642184455538071	-0.05210274111410801	0.0545575210459251	-0.014447827359813363	0.01546247134098294	-0.04449066821437578	0.06419109510123606	-0.05313944145970374	0.09401564142958334	-0.061189677643256335	0.05614497530814092	-0.05597858275129569	0.13057080081609906	-0.08444094435015338	0.08942491486149827	-0.08676104962349956	0.08842528795697353	-0.1092171249938723	0.08881537713958314	-0.08944518744103566	0.0929489082720047	-0.09989505281163599	0.10858595236936805	-0.10265145276565008	0.0941445304651134	-0.12420070189991589	0.13482619293595977	-0.20361136326425466	0.24049684784362219	-0.2892519096321719	0.12016365832986534	-0.19263516599016808	0.25817434833395075	-0.6511522649850094	0.2826560396843342	-0.18593809332930084	0.19637643596378185	-0.2985575769291603	0.9999999999999856	-0.4232335401464996	0.1329274156529076	-0.13483968206449906	0.1544145629313869	-0.16889346777781564	0.17633936262039837
-0.032157399422023385	0.035768987232138894	-0.03874316558702872	0.010289668137202161	-0.01103046036166756	0.030395382456651146	-0.04420777456726125	0.03745190017608112	-0.06816810146325031	0.04380475057186969	-0.038251266123579306	0.03779613974837223	-0.0940335025634658	0.059971881744503845	-0.06473463108318071	0.05659281616765642	-0.05916199445922605	0.07275573585206527	-0.06345089465468101	0.0619638342243912	-0.06141323183110147	0.06537799505092659	-0.07384851307025948	0.0708305058874274	-0.06812779806391388	0.07836987868233729	-0.08799923314921088	0.12801421360019002	-0.19643605817697515	0.19212553359351453	-0.07686817703564754	0.11678680632177198	-0.182179424307264	0.29059700051303333	-0.807769306564257	0.11352884989622367	-0.12529159226583886	0.13964820061765842	-0.4232335401464996	0.9999999999999859	-0.0878679088088334	0.08327528267094043	-0.10223621419478429	0.09261385954126498	-0.13549616355723454
0.04770771948324449	-0.05289397974609944	0.05401861957708524	-0.013992952065311863	0.015025971533868126	-0.04600690437592234	0.06663679403027839	-0.05191586861427931	0.0870220713233941	-0.054245822861349005	0.058760055983926626	-0.058274492044025	0.12446560802893736	-0.07331665072125872	0.07967399107436225	-0.09441933154041712	0.09302290733296738	-0.0990677828152123	0.06620528728653018	-0.06077903838829696	0.10319831209467266	-0.10377076948378805	0.09954175699534841	-0.0648414108002743	0.057385441229834	-0.15449453442765243	0.14050495284312553	-0.16981018698345923	0.08499295491602377	-0.09487503516035817	0.16919285504053558	-0.2072986384740114	0.17994470308768382	-0.10688991989439979	0.07220957910742565	-0.40870915139202346	0.2477019325370401	-0.21029575387790042	0.1329274156529076	-0.0878679088088334	0.9999999999999858	-0.7668744653893195	0.20264412476275706	-0.16402567138681268	0.1864137890050921
-0.042692645748405096	0.04703471929486354	-0.049050404337388984	0.01272621882593977	-0.013678357188169553	0.04078301695903159	-0.05944723596344283	0.046938112705470436	-0.07985867959033309	0.04956003837589644	-0.05202469441914924	0.051241069660199465	-0.11405740806805251	0.06679273659191995	-0.0730643316303408	0.08001396947157267	-0.08148751726316499	0.08751226870405936	-0.06021384539947778	0.05515429743072909	-0.08878901962516506	0.08939933452247903	-0.08890806917186891	0.0587676111419808	-0.052382397993199575	0.12285967023917951	-0.12313588701328265	0.14862260120397422	-0.07959469104123484	0.08734483232888712	-0.13813519710076974	0.17729106509677098	-0.18168822257486852	0.10271748855074507	-0.06935413994584627	0.24579936360803473	-0.3780632480983974	0.20610202775363312	-0.13483968206449906	0.08327528267094043	-0.7668744653893195	0.9999999999999867	-0.29767685542274613	0.17492621934911737	-0.20420000656617318
0.04277649449184044	-0.04789206124862426	0.049424481094048005	-0.012943594448258785	0.013893851410708199	-0.04050399134262255	0.0583957399571787	-0.04753069976843621	0.0809998126639938	-0.05067783157660302	0.050530879696742845	-0.050075992726956446	0.11407846082986273	-0.06825445842746229	0.07422831941840913	-0.0776327732901183	0.07659931720270582	-0.08897400071287644	0.062188530485695726	-0.05802841211670724	0.08186182708921069	-0.08521263689480461	0.0866278897409133	-0.06213075640343108	0.055123171328758894	-0.11447253132835075	0.10971652503244617	-0.14773501517521748	0.0864896454143185	-0.09972139958068899	0.1128106365577014	-0.15295762082156525	0.14700450066128282	-0.11967765495984503	0.07956822906044211	-0.211372504081984	0.1610810989674563	-0.15073637817217989	0.1544145629313869	-0.10223621419478429	0.20264412476275706	-0.29767685542274613	0.999999999999987	-0.7632590562642741	0.3028123260010821
