0.9999999999999999	-0.3647622005689208	0.18937138640074502	-0.15626615762197604	0.1835652174221138	-0.7436534825440281	0.2764671169072565	-0.19733880692721775	0.1309028377723639	-0.1092398750147935	0.25334964680560457	-0.23965571013118875	0.18239426971705697	-0.1674057710304523	0.12401757200448872	-0.1718366277273898	0.16507299803196523	-0.17548503837068644	0.13230017428779586	-0.12095118220640869	0.10763986057422999	-0.0996570611396159	0.11241851241752589	-0.11453249729169131	0.12176973924980877	-0.11524127181334584	0.10945018599344945	-0.1186865106476342	0.09965907524936378	-0.09770480710957848	0.08094726682857077	-0.08441928445952386	0.09240702689352463	-0.08675362343543015	0.09676902801795972	-0.06966447608480568	0.07299540893313408	-0.07757843715117006	0.07063814155710271	-0.05675585527263647	0.0794110286465456	-0.06967891160965523	0.07590033182350084	-0.0645824646356086	0.06626435590633992
-0.3647622005689208	1.0000000000000002	-0.37285860490159706	0.19249452350612642	-0.21811271779897812	0.25802484368934775	-0.7487582077180375	0.23578605835685199	-0.128977060541292	0.10031847195333242	-0.19544708962310167	0.1912554076685631	-0.1923136632748242	0.1471577889264203	-0.11126068215469168	0.12110709698408892	-0.133406720186038	0.1407926804304405	-0.11151930966538647	0.1001983940266155	-0.0802303744622118	0.07517182839279066	-0.08790526572413969	0.08894598727999382	-0.09994009172908318	0.08342214644001295	-0.08347156680559968	0.08953418064886111	-0.0778429642259084	0.07672698703010478	-0.06085377231298335	0.06308115403982192	-0.07055366399252747	0.06648460224167534	-0.07579170844837835	0.05190864025035374	-0.05501994596252708	0.05850104434275678	-0.054010046141541215	0.04320858242145461	-0.05913656766187654	0.051422012752851125	-0.05765168519495671	0.04890435057054038	-0.05060483509229552
0.18937138640074502	-0.37285860490159706	1.0000000000000004	-0.5839021384701258	0.2989699863511698	-0.17556833192951757	0.2459729370363653	-0.48791984786597686	0.17475972291319067	-0.1401533088932805	0.16663870239309733	-0.1827752747106544	0.24044554450793762	-0.20138104310906232	0.14125444303245954	-0.12841221531247488	0.13689892201086107	-0.18146981451686858	0.13981233037318677	-0.12902299056714492	0.09050931716675449	-0.08901861324280087	0.1052223219612694	-0.10981107266953374	0.12230821561515244	-0.09624002452372175	0.09866012619070941	-0.10930206342416593	0.09485536921463109	-0.09487419056675825	0.07215475233834903	-0.07551824701441093	0.08500823430704274	-0.08112142905648484	0.09185612046917498	-0.0624869718025442	0.06602353225363494	-0.07090552873326257	0.06536738989714697	-0.052537060096649636	0.0719375173264512	-0.06316870765881855	0.06961231154786426	-0.05941241250416316	0.06113306607288327
-0.15626615762197604	0.19249452350612642	-0.5839021384701258	1.0000000000000004	-0.6805960819543795	0.13279680963220028	-0.18017761154654519	0.2363022477413808	-0.16768078926771882	0.12476690669062941	-0.1375602726419009	0.13751720018537758	-0.19080691539279068	0.16033753315168373	-0.12681213556302745	0.10400220239429939	-0.11319755531624444	0.143664693851582	-0.11689978002931817	0.10914813180788263	-0.07567741937325304	0.07435070496651644	-0.08873011255970398	0.09168939264770305	-0.106172481208316	0.07989347037924861	-0.08341391584281363	0.09175512872057952	-0.0804075890447301	0.08057723071520702	-0.061138454747930324	0.06371700845409155	-0.07241493470742384	0.06889396293411346	-0.07885153435187728	0.052841319998604516	-0.05618519913512279	0.06020266176410164	-0.05584481443790735	0.04475884610975205	-0.06151334041257004	0.05356458005440597	-0.05948692561094843	0.05057172254122198	-0.05234060796588441
0.1835652174221138	-0.21811271779897812	0.2989699863511698	-0.6805960819543795	0.9999999999999998	-0.17123027598677934	0.18534161891979675	-0.2751115881530758	0.18303858590492286	-0.16832609420680358	0.16951798685762184	-0.17755306830947595	0.20690121841809708	-0.21454411604648935	0.16233851101342756	-0.14695449236343547	0.15188860278502245	-0.2085538121267172	0.1594647608008585	-0.1546623129813289	0.10887628980641587	-0.10890976556766459	0.12743875919225436	-0.1343621775036086	0.1475486464473296	-0.1178448083982443	0.12158478788145868	-0.13744388931113294	0.11680800436707735	-0.11767322279162905	0.09045572464106194	-0.09511444277754118	0.10707158740042527	-0.10222479924968884	0.11436135644390082	-0.07963631888834548	0.08395891689335276	-0.09039206254119728	0.08290624610686066	-0.06687271719233331	0.09452535340135895	-0.0832057017932968	0.08883939632658863	-0.07588791798261492	0.07783860774613258
-0.7436534825440281	0.25802484368934775	-0.17556833192951757	0.13279680963220028	-0.17123027598677934	1.0000000000000002	-0.36827840009685553	0.17851172576464394	-0.11914001487329486	0.09540302159467773	-0.3965542802959445	0.23517674972087382	-0.18060845964641775	0.14496438742158999	-0.11112087008815155	0.15710777381012395	-0.16368003124656175	0.14908762793062494	-0.11650791956873861	0.10371613693262448	-0.09699925571678748	0.0861217236993771	-0.09832047975075725	0.0973142623020639	-0.10670331673218258	0.09885450558935255	-0.09521419905321203	0.0996680163259111	-0.08552416130689866	0.08318041707192458	-0.06947423048815052	0.07154096518843715	-0.07884084453470458	0.07345424712775121	-0.08329493348842403	0.05861430786716924	-0.06200334185628619	0.06535112175230999	-0.06003305606972061	0.04794247062280676	-0.06605273122450422	0.05722367971726478	-0.06436433950452891	0.05440946079965607	-0.05633305041409524
0.2764671169072565	-0.7487582077180375	0.2459729370363653	-0.18017761154654519	0.18534161891979675	-0.36827840009685553	0.9999999999999998	-0.30294972693183925	0.13403362070168154	-0.10740738407329752	0.2141049537847558	-0.26074792376035333	0.20408305784692937	-0.16263019006803267	0.11617103900091375	-0.13680417647957557	0.14556520064076153	-0.15617572871639435	0.1196812886379292	-0.10768296924618637	0.08703365854658072	-0.08143842134059207	0.0941438669510686	-0.09608411099159155	0.10526870946718753	-0.09129364997759126	0.08947705911521334	-0.09656570191482379	0.08322467738416828	-0.0820364815872386	0.06522402252201508	-0.06786170064225905	0.07523460232225174	-0.0710736644746405	0.08034812384602215	-0.05572021205131796	0.058724144385146775	-0.06255470233209826	0.05745435378883445	-0.04606685671280753	0.06285544153408174	-0.05502808309591356	0.06131122799619261	-0.0521801705655202	0.05373106991808202
-0.19733880692721775	0.23578605835685199	-0.48791984786597686	0.2363022477413808	-0.2751115881530758	0.17851172576464394	-0.30294972693183925	1.0000000000000004	-0.287179187113349	0.17689939217388553	-0.21540382547098855	0.22723579071341807	-0.5888337165693729	0.25741496765874894	-0.1878315508978546	0.14512538222667454	-0.16752416872556955	0.20921060331263885	-0.176314548303176	0.1517141680834182	-0.10216445422739588	0.09932311529514884	-0.12128439602580605	0.12365187628600137	-0.14638808689775512	0.10554639018652417	-0.11083422862687826	0.11941970989292094	-0.10781920826724635	0.10707382768799859	-0.07958158326322662	0.08253543700878861	-0.09419282098712808	0.08968182220408931	-0.104289746088583	0.0676557130932387	-0.07219466803826215	0.07724796312703645	-0.0721700461596173	0.05760664482330829	-0.076598331192015	0.06649933057665869	-0.07631843494278673	0.06481270419602855	-0.06734172280720316
0.1309028377723639	-0.128977060541292	0.17475972291319067	-0.16768078926771882	0.18303858590492286	-0.11914001487329486	0.13403362070168154	-0.287179187113349	0.9999999999999992	-0.6659953444281018	0.1423632884306302	-0.1514718475733278	0.2309224293640253	-0.48813027179445645	0.30166049408847573	-0.12413750844020281	0.13534633329701404	-0.21772315171871595	0.2091487163087424	-0.22612903315897467	0.09590629266854159	-0.10003809330826445	0.12353960091164913	-0.13862671580096395	0.17144279632859918	-0.10189847943385355	0.11111219513657583	-0.12748546422865262	0.11735096456738861	-0.12461183350857073	0.07957147578938112	-0.08409686498570094	0.09741292480922424	-0.09671651484863536	0.11190187311548384	-0.06869981889390565	0.07286895434907006	-0.07988513370893273	0.07497650690141497	-0.06041010336365728	0.0762313113538295	-0.06752343792864188	0.07787128773140742	-0.06736460965458102	0.06912342006095311
-0.1092398750147935	0.10031847195333242	-0.1401533088932805	0.12476690669062941	-0.16832609420680358	0.09540302159467773	-0.10740738407329752	0.17689939217388553	-0.6659953444281018	0.9999999999999992	-0.11770508914877578	0.11820655836874991	-0.17832801113901647	0.2748648053216613	-0.5920614890079573	0.10259859673802227	-0.1144011223601951	0.174172887930242	-0.18749545627197808	0.22364937110769717	-0.08297627266820491	0.08656872532451476	-0.10910886893638894	0.11984935144519063	-0.18283523636807855	0.08717687717156358	-0.09816170978719403	0.11140886386718378	-0.10702459200922325	0.11560294860199956	-0.0705177338503746	0.07400077264529288	-0.08798344241085089	0.08728246049741041	-0.10566485050651515	0.06045682378978036	-0.06488403008953084	0.0711539784851376	-0.0679954499644905	0.05439184340365945	-0.0676356469551114	0.05921115361695955	-0.07016415266174678	0.060308393988762005	-0.06269133800443383
0.25334964680560457	-0.19544708962310167	0.16663870239309733	-0.1375602726419009	0.16951798685762184	-0.3965542802959445	0.2141049537847558	-0.21540382547098855	0.1423632884306302	-0.11770508914877578	0.9999999999999987	-0.6780570303381839	0.24107292654556964	-0.1974251917311891	0.13548507006952554	-0.33634453036839274	0.2667723439161191	-0.21156152559388713	0.15373378423141493	-0.13325747183737488	0.1490999862361634	-0.12354667774944908	0.13198553802881452	-0.13063669076705078	0.13275272029028554	-0.1530918352293133	0.12974189838844152	-0.13355982018319476	0.11167766545530218	-0.10701627582431138	0.09395979679023674	-0.0971306964805902	0.10212835126437746	-0.09491730740021465	0.10528361098929256	-0.07795709577088725	0.08065309838745598	-0.08470626806809534	0.07631433895056267	-0.06113633626357681	0.08213449270268053	-0.07252538196936259	0.08170725224518433	-0.069579774751752	0.07100486840189726
-0.23965571013118875	0.1912554076685631	-0.1827752747106544	0.13751720018537758	-0.17755306830947595	0.23517674972087382	-0.26074792376035333	0.22723579071341807	-0.1514718475733278	0.11820655836874991	-0.6780570303381839	0.9999999999999994	-0.3937444303055745	0.19911218718621276	-0.1403047046970591	0.24879752615005812	-0.37325053500500205	0.20651482393941786	-0.15806261256120097	0.1300268346094871	-0.13348483447418574	0.11288846412081886	-0.12662198784629808	0.12273006476700336	-0.1311663796060795	0.13136899002612204	-0.1209443992285047	0.1225532792296264	-0.10613117843436469	0.10153020418928203	-0.08612804639752468	0.08829300228614544	-0.09541674942697514	0.08869250957046722	-0.10056649225375548	0.07103994101275385	-0.07464696180241819	0.07831492664488889	-0.0716197148257516	0.057096980280028596	-0.07619404867859574	0.06643277842124007	-0.07641079686537074	0.06471415022371052	-0.066740042838233
0.18239426971705697	-0.1923136632748242	0.24044554450793762	-0.19080691539279068	0.20690121841809708	-0.18060845964641775	0.20408305784692937	-0.5888337165693729	0.2309224293640253	-0.17832801113901647	0.24107292654556964	-0.3937444303055745	1.0000000000000009	-0.4350290288528553	0.19549382127073575	-0.17597702783657393	0.19889964100763885	-0.3168824397527768	0.21962111068288234	-0.1754857778933169	0.1172186328810315	-0.11543221053813855	0.14060784184772565	-0.14618762431369073	0.16003990245556565	-0.12210267939437444	0.125515528704891	-0.13639657662998306	0.12256107917314213	-0.12046866280989633	0.08905716066909486	-0.09294054872958452	0.10468476463363381	-0.10023578393071132	0.11495686870491825	-0.0756586195970614	0.08004192050750154	-0.08595603944229409	0.079693431907534	-0.06381661606010018	0.08372626936978222	-0.07348470631854459	0.08406064953962192	-0.07181380600657937	0.07400847079073244
-0.1674057710304523	0.1471577889264203	-0.20138104310906232	0.16033753315168373	-0.21454411604648935	0.14496438742158999	-0.16263019006803267	0.25741496765874894	-0.48813027179445645	0.2748648053216613	-0.1974251917311891	0.19911218718621276	-0.4350290288528553	1.0	-0.39526159879458145	0.15800288218833003	-0.18532001961780226	0.28022417750771184	-0.4136827030255111	0.2542039753937611	-0.1246071723159826	0.12859922206929975	-0.16768717195573987	0.18138383397477062	-0.22830952616382555	0.1281955047618091	-0.14526694240677787	0.1584910185503504	-0.15566851866753773	0.1535320519572028	-0.10170155864367549	0.10576639679821617	-0.12470024618115007	0.12101850329859455	-0.14533133944375484	0.08603149863462127	-0.092675698613482	0.1003522064563755	-0.09557106265359662	0.07601700411240987	-0.09603185613794717	0.08325625408518196	-0.09934726032392428	0.08465210092174671	-0.08842575069415468
0.12401757200448872	-0.11126068215469168	0.14125444303245954	-0.12681213556302745	0.16233851101342756	-0.11112087008815155	0.11617103900091375	-0.1878315508978546	0.30166049408847573	-0.5920614890079573	0.13548507006952554	-0.1403047046970591	0.19549382127073575	-0.39526159879458145	1.0	-0.12862001322526787	0.1388823560822458	-0.24018734802275923	0.24410655728179273	-0.4895309995783768	0.10434217173285729	-0.1119756634820523	0.13898833714027975	-0.16227625391140477	0.2359213173277392	-0.1118196298747201	0.12463718482301153	-0.14807798726430604	0.13922324326699542	-0.16212638706750118	0.08942265861493852	-0.09541874461368295	0.11216236334823108	-0.11512063136366059	0.13448487852485164	-0.07764196074392121	0.08223015764905933	-0.09163063503921	0.08670029838913267	-0.07024695790127085	0.08491742065819671	-0.07597916078888173	0.08867801405105369	-0.07762869672716943	0.07919182600166251
-0.1718366277273898	0.12110709698408892	-0.12841221531247488	0.10400220239429939	-0.14695449236343547	0.15710777381012395	-0.13680417647957557	0.14512538222667454	-0.12413750844020281	0.10259859673802227	-0.33634453036839274	0.24879752615005812	-0.17597702783657393	0.15800288218833003	-0.12862001322526787	1.0000000000000016	-0.7139904091302999	0.2188943485943784	-0.16511871590577246	0.132494343719208	-0.3909231350446219	0.18359456274292896	-0.18215646526450197	0.1524451132667596	-0.14543907598834513	0.2365373753219082	-0.18926031689901648	0.16016936670367765	-0.1332572416318845	0.11930112824944797	-0.13026606196036564	0.12567979305629762	-0.12561663825005204	0.11055757165459446	-0.1226254164610754	0.09736861873435407	-0.10151986915018622	0.10112425701173598	-0.08996027088952024	0.07098456270207151	-0.09388696905100592	0.0814375224401449	-0.09736414572919214	0.08121299780226371	-0.08346461928926391
0.16507299803196523	-0.133406720186038	0.13689892201086107	-0.11319755531624444	0.15188860278502245	-0.16368003124656175	0.14556520064076153	-0.16752416872556955	0.13534633329701404	-0.1144011223601951	0.2667723439161191	-0.37325053500500205	0.19889964100763885	-0.18532001961780226	0.1388823560822458	-0.7139904091302999	1.0000000000000018	-0.32360393133301024	0.18687678796088333	-0.1489606234973398	0.23196441046245686	-0.18309952354034847	0.17436549247764305	-0.1640422033902098	0.15065761337666816	-0.23658533685653124	0.17436435234498965	-0.1672893534455679	0.13651511214485101	-0.12561857280053254	0.12304052473463781	-0.12631643273956555	0.12457184179173479	-0.11353736111903552	0.12361002947099423	-0.09780801648492604	0.09907116438398263	-0.10218702898924732	0.09014462075746138	-0.07197311719911649	0.09334356629644394	-0.08305850881952194	0.09655512938338502	-0.08223925294466979	0.08308017109382487
-0.17548503837068644	0.1407926804304405	-0.18146981451686858	0.143664693851582	-0.2085538121267172	0.14908762793062494	-0.15617572871639435	0.20921060331263885	-0.21772315171871595	0.174172887930242	-0.21156152559388713	0.20651482393941786	-0.3168824397527768	0.28022417750771184	-0.24018734802275923	0.2188943485943784	-0.32360393133301024	0.9999999999999989	-0.6099409759693774	0.2576120386245451	-0.17660122499377057	0.1876623228370108	-0.29345678578394124	0.24541766690769812	-0.263797050217339	0.17227187623176457	-0.2046475846710243	0.20469469691028097	-0.20381669719376938	0.1829761470145638	-0.13309152393060006	0.13646964772803064	-0.1590654296160664	0.14994418241741744	-0.18041237409259056	0.1092225538287319	-0.11839320233493106	0.12602064129629217	-0.11975735985527423	0.09434246514969344	-0.11902525439510388	0.1020587100666984	-0.1251117409635149	0.10538710065122903	-0.11083463748928452
0.13230017428779586	-0.11151930966538647	0.13981233037318677	-0.11689978002931817	0.1594647608008585	-0.11650791956873861	0.1196812886379292	-0.176314548303176	0.2091487163087424	-0.18749545627197808	0.15373378423141493	-0.15806261256120097	0.21962111068288234	-0.4136827030255111	0.24410655728179273	-0.16511871590577246	0.18687678796088333	-0.6099409759693774	1.0000000000000013	-0.43317438175746165	0.13479438460355714	-0.1549911321330088	0.21288992216091732	-0.3229295210825379	0.24847330358790037	-0.14075096400706658	0.164334088378889	-0.18936312184270962	0.1959594179905003	-0.18408743781811698	0.10867126675274562	-0.11530844042825887	0.13495402529095216	-0.1356500156044028	0.1573351361270746	-0.09170185156128766	0.09750648096519947	-0.10764294261472594	0.10170899034481196	-0.08146482848183753	0.09678674200492954	-0.08578851714457672	0.10386803857358669	-0.09018695034053291	0.09234705216494303
-0.12095118220640869	0.1001983940266155	-0.12902299056714492	0.10914813180788263	-0.1546623129813289	0.10371613693262448	-0.10768296924618637	0.1517141680834182	-0.22612903315897467	0.22364937110769717	-0.13325747183737488	0.1300268346094871	-0.1754857778933169	0.2542039753937611	-0.4895309995783768	0.132494343719208	-0.1489606234973398	0.2576120386245451	-0.43317438175746165	0.9999999999999994	-0.11725523973975205	0.1280922739662792	-0.16856180509918217	0.1963826683039826	-0.56424742319239	0.12322455937328046	-0.146874980890038	0.172745607453247	-0.185638391814881	0.22528706745857305	-0.10473571869551294	0.11074174452650438	-0.13795238906102747	0.14335631059869702	-0.18901347946442398	0.08939023897609083	-0.09662018017190395	0.10853836632792006	-0.10703785541214109	0.08537731035839743	-0.09734299906225605	0.08569685237726167	-0.10676433920397888	0.09280173627712592	-0.09681874818075116
0.10763986057422999	-0.0802303744622118	0.09050931716675449	-0.07567741937325304	0.10887628980641587	-0.09699925571678748	0.08703365854658072	-0.10216445422739588	0.09590629266854159	-0.08297627266820491	0.1490999862361634	-0.13348483447418574	0.1172186328810315	-0.1246071723159826	0.10434217173285729	-0.3909231350446219	0.23196441046245686	-0.17660122499377057	0.13479438460355714	-0.11725523973975205	1.0	-0.38577543799673897	0.21950013607736296	-0.1781394064760737	0.13197577806728877	-0.7018600939884099	0.2671765055896348	-0.20240857261158146	0.1479276199035216	-0.1242223716774349	0.18705984821913224	-0.1818372137399556	0.14607513005307415	-0.1234773402096512	0.12604243298708562	-0.12964083417540134	0.12204150341257848	-0.11787368798954899	0.09675449154019886	-0.07656920602201768	0.09642992114697202	-0.08744418451872697	0.10551367841258612	-0.08909804426741436	0.08761284031562402
-0.0996570611396159	0.07517182839279066	-0.08901861324280087	0.07435070496651644	-0.10890976556766459	0.0861217236993771	-0.08143842134059207	0.09932311529514884	-0.10003809330826445	0.08656872532451476	-0.12354667774944908	0.11288846412081886	-0.11543221053813855	0.12859922206929975	-0.1119756634820523	0.18359456274292896	-0.18309952354034847	0.1876623228370108	-0.1549911321330088	0.1280922739662792	-0.38577543799673897	0.9999999999999973	-0.5819366464508462	0.24317643167822192	-0.15133107657867254	0.26606825942780976	-0.5604792851994439	0.2513260267553902	-0.20191901770194315	0.1438930347467918	-0.16026149651630678	0.16717364527262787	-0.159330078230111	0.13478953761295404	-0.1444813295680836	0.11489021272123717	-0.11977029599881861	0.12064360950289149	-0.10471735013718032	0.08194438310088131	-0.09965123249892409	0.0886418752264905	-0.11171532328333544	0.09372253730071048	-0.09444892237766637
0.11241851241752589	-0.08790526572413969	0.1052223219612694	-0.08873011255970398	0.12743875919225436	-0.09832047975075725	0.0941438669510686	-0.12128439602580605	0.12353960091164913	-0.10910886893638894	0.13198553802881452	-0.12662198784629808	0.14060784184772565	-0.16768717195573987	0.13898833714027975	-0.18215646526450197	0.17436549247764305	-0.29345678578394124	0.21288992216091732	-0.16856180509918217	0.21950013607736296	-0.5819366464508462	0.9999999999999964	-0.5218678785029944	0.18398877870161076	-0.22948801807974042	0.28850582351837945	-0.3159631803532902	0.2550384068254224	-0.1849984892402862	0.1468529355272677	-0.1620352512400696	0.17038581374929446	-0.1593163663910127	0.1673093551886696	-0.11907089723271308	0.12173045842644557	-0.13316003143971683	0.1172276915545526	-0.09347457023601566	0.10845860360134318	-0.09888093105704102	0.12154668148297415	-0.10570701816585513	0.10467817664096157
-0.11453249729169131	0.08894598727999382	-0.10981107266953374	0.09168939264770305	-0.1343621775036086	0.0973142623020639	-0.09608411099159155	0.12365187628600137	-0.13862671580096395	0.11984935144519063	-0.13063669076705078	0.12273006476700336	-0.14618762431369073	0.18138383397477062	-0.16227625391140477	0.1524451132667596	-0.1640422033902098	0.24541766690769812	-0.3229295210825379	0.1963826683039826	-0.1781394064760737	0.24317643167822192	-0.5218678785029944	0.9999999999999964	-0.2454095118278936	0.17614738655193585	-0.26713082921946063	0.28461918633216315	-0.5691245047296329	0.23409960953837528	-0.14275487219097188	0.15095699603516644	-0.18527442500204913	0.1807552725280729	-0.2130799466813931	0.11532265223074013	-0.1248708503864169	0.1376553689669741	-0.13260437328227645	0.10281321662824368	-0.11511957047666284	0.10147709576034858	-0.13234114749094808	0.11344384089040638	-0.11711849670298702
0.12176973924980877	-0.09994009172908318	0.12230821561515244	-0.106172481208316	0.1475486464473296	-0.10670331673218258	0.10526870946718753	-0.14638808689775512	0.17144279632859918	-0.18283523636807855	0.13275272029028554	-0.1311663796060795	0.16003990245556565	-0.22830952616382555	0.2359213173277392	-0.14543907598834513	0.15065761337666816	-0.263797050217339	0.24847330358790037	-0.56424742319239	0.13197577806728877	-0.15133107657867254	0.18398877870161076	-0.2454095118278936	1.0000000000000004	-0.14612686010630377	0.1700647952254041	-0.23289266610288062	0.23607346148413727	-0.5243173613902219	0.12456541357772544	-0.13832500099508516	0.17017346267167133	-0.20554758519212452	0.24631909020703885	-0.11047210653222816	0.11584155733051504	-0.13762709546482216	0.13440325049118237	-0.11197554986583914	0.11386851482478848	-0.10583302416605858	0.12866190259982863	-0.11881244367343771	0.11771428870300904
-0.11524127181334584	0.08342214644001295	-0.09624002452372175	0.07989347037924861	-0.1178448083982443	0.09885450558935255	-0.09129364997759126	0.10554639018652417	-0.10189847943385355	0.08717687717156358	-0.1530918352293133	0.13136899002612204	-0.12210267939437444	0.1281955047618091	-0.1118196298747201	0.2365373753219082	-0.23658533685653124	0.17227187623176457	-0.14075096400706658	0.12322455937328046	-0.7018600939884099	0.26606825942780976	-0.22948801807974042	0.17614738655193585	-0.14612686010630377	1.0000000000000016	-0.3865088771903361	0.21626037940926132	-0.16328441489905296	0.1351013938740923	-0.316048721805803	0.21844615947494322	-0.1782096579421346	0.13994899302757582	-0.14577542995541493	0.15846091768729215	-0.15833280774683758	0.13837355032112447	-0.11395927884248513	0.08852353910279116	-0.11563155415230564	0.10143246473806675	-0.12713562765746023	0.10345889375408455	-0.10389300344588297
0.10945018599344945	-0.08347156680559968	0.09866012619070941	-0.08341391584281363	0.12158478788145868	-0.09521419905321203	0.08947705911521334	-0.11083422862687826	0.11111219513657583	-0.09816170978719403	0.12974189838844152	-0.1209443992285047	0.125515528704891	-0.14526694240677787	0.12463718482301153	-0.18926031689901648	0.17436435234498965	-0.2046475846710243	0.164334088378889	-0.146874980890038	0.2671765055896348	-0.5604792851994439	0.28850582351837945	-0.26713082921946063	0.1700647952254041	-0.3865088771903361	0.9999999999999947	-0.47771484798540625	0.23065623623348158	-0.17480211674366436	0.21034236190234815	-0.2782739758949968	0.21338034690927513	-0.1740445836393728	0.17254855026841961	-0.15440141557172662	0.1533449096064328	-0.16015302580610355	0.1301049156125381	-0.1027709753746182	0.12115943199160269	-0.1117045623162046	0.13938056712835023	-0.11893914857068352	0.1155724504101596
-0.1186865106476342	0.08953418064886111	-0.10930206342416593	0.09175512872057952	-0.13744388931113294	0.0996680163259111	-0.09656570191482379	0.11941970989292094	-0.12748546422865262	0.11140886386718378	-0.13355982018319476	0.1225532792296264	-0.13639657662998306	0.1584910185503504	-0.14807798726430604	0.16016936670367765	-0.1672893534455679	0.20469469691028097	-0.18936312184270962	0.172745607453247	-0.20240857261158146	0.2513260267553902	-0.3159631803532902	0.28461918633216315	-0.23289266610288062	0.21626037940926132	-0.47771484798540625	0.9999999999999946	-0.5070650689856545	0.24217451445303023	-0.20397046464619423	0.22023183075761987	-0.3625673564862404	0.2353357739746871	-0.26046724951710365	0.15843990126146315	-0.17684700763316752	0.20186021763157058	-0.17910595491395132	0.13501886693150675	-0.15176981819286112	0.1329676345631221	-0.1892537227759289	0.15319643041226608	-0.15741146762061134
0.09965907524936378	-0.0778429642259084	0.09485536921463109	-0.0804075890447301	0.11680800436707735	-0.08552416130689866	0.08322467738416828	-0.10781920826724635	0.11735096456738861	-0.10702459200922325	0.11167766545530218	-0.10613117843436469	0.12256107917314213	-0.15566851866753773	0.13922324326699542	-0.1332572416318845	0.13651511214485101	-0.20381669719376938	0.1959594179905003	-0.185638391814881	0.1479276199035216	-0.20191901770194315	0.2550384068254224	-0.5691245047296329	0.23607346148413727	-0.16328441489905296	0.23065623623348158	-0.5070650689856545	0.999999999999993	-0.4243249319370488	0.13936228422824276	-0.15686608341166153	0.20791926571627742	-0.24799389061290206	0.24623916805824544	-0.11777793695730517	0.12500155637253077	-0.15114937860124456	0.14519727820683354	-0.11479957263414524	0.11254341924735924	-0.10310388238526819	0.13721205923265162	-0.12391883317708652	0.12215156139883827
-0.09770480710957848	0.07672698703010478	-0.09487419056675825	0.08057723071520702	-0.11767322279162905	0.08318041707192458	-0.0820364815872386	0.10707382768799859	-0.12461183350857073	0.11560294860199956	-0.10701627582431138	0.10153020418928203	-0.12046866280989633	0.1535320519572028	-0.16212638706750118	0.11930112824944797	-0.12561857280053254	0.1829761470145638	-0.18408743781811698	0.22528706745857305	-0.1242223716774349	0.1438930347467918	-0.1849984892402862	0.23409960953837528	-0.5243173613902219	0.1351013938740923	-0.17480211674366436	0.24217451445303023	-0.4243249319370488	0.9999999999999939	-0.13056476872291897	0.14228703765324024	-0.2052176821150969	0.25247625082987407	-0.5490259736213965	0.11203513932044756	-0.12241539429300578	0.1487630246658365	-0.1633865114299239	0.12895707593446593	-0.11490421114796424	0.1038398516012401	-0.14412354173739722	0.13063483056187067	-0.13740667134229353
0.08094726682857077	-0.06085377231298335	0.07215475233834903	-0.061138454747930324	0.09045572464106194	-0.06947423048815052	0.06522402252201508	-0.07958158326322662	0.07957147578938112	-0.0705177338503746	0.09395979679023674	-0.08612804639752468	0.08905716066909486	-0.10170155864367549	0.08942265861493852	-0.13026606196036564	0.12304052473463781	-0.13309152393060006	0.10867126675274562	-0.10473571869551294	0.18705984821913224	-0.16026149651630678	0.1468529355272677	-0.14275487219097188	0.12456541357772544	-0.316048721805803	0.21034236190234815	-0.20397046464619423	0.13936228422824276	-0.13056476872291897	0.999999999999993	-0.6911107042752402	0.2437405642983763	-0.1728075500598025	0.1460763089808423	-0.4415794506869534	0.2638982587750977	-0.2041631294723974	0.13242285846640361	-0.10328204682362999	0.1322494834395124	-0.12661391125812574	0.15428488702787801	-0.12745476033533074	0.11539270190364237
-0.08441928445952386	0.06308115403982192	-0.07551824701441093	0.06371700845409155	-0.09511444277754118	0.07154096518843715	-0.06786170064225905	0.08253543700878861	-0.08409686498570094	0.07400077264529288	-0.0971306964805902	0.08829300228614544	-0.09294054872958452	0.10576639679821617	-0.09541874461368295	0.12567979305629762	-0.12631643273956555	0.13646964772803064	-0.11530844042825887	0.11074174452650438	-0.1818372137399556	0.16717364527262787	-0.1620352512400696	0.15095699603516644	-0.13832500099508516	0.21844615947494322	-0.2782739758949968	0.22023183075761987	-0.15686608341166153	0.14228703765324024	-0.6911107042752402	0.9999999999999905	-0.42792209859365443	0.19767926906496947	-0.1752880476677	0.25739541363165985	-0.2935894685412612	0.22008794691032954	-0.15458987618295766	0.11494964238490271	-0.14284488394171962	0.1296970908549403	-0.17934307182824372	0.1392350761396102	-0.13255686479033582
0.09240702689352463	-0.07055366399252747	0.08500823430704274	-0.07241493470742384	0.10707158740042527	-0.07884084453470458	0.07523460232225174	-0.09419282098712808	0.09741292480922424	-0.08798344241085089	0.10212835126437746	-0.09541674942697514	0.10468476463363381	-0.12470024618115007	0.11216236334823108	-0.12561663825005204	0.12457184179173479	-0.1590654296160664	0.13495402529095216	-0.13795238906102747	0.14607513005307415	-0.159330078230111	0.17038581374929446	-0.18527442500204913	0.17017346267167133	-0.1782096579421346	0.21338034690927513	-0.3625673564862404	0.20791926571627742	-0.2052176821150969	0.2437405642983763	-0.42792209859365443	0.9999999999999921	-0.4652767360955481	0.24770612913554826	-0.21689240621728392	0.22321132001622118	-0.4693542080992128	0.2266096544954446	-0.17094200194558087	0.1551492858496424	-0.15570471013106102	0.24354795999589804	-0.20963939044557128	0.17590691861441718
-0.08675362343543015	0.06648460224167534	-0.08112142905648484	0.06889396293411346	-0.10222479924968884	0.07345424712775121	-0.0710736644746405	0.08968182220408931	-0.09671651484863536	0.08728246049741041	-0.09491730740021465	0.08869250957046722	-0.10023578393071132	0.12101850329859455	-0.11512063136366059	0.11055757165459446	-0.11353736111903552	0.14994418241741744	-0.1356500156044028	0.14335631059869702	-0.1234773402096512	0.13478953761295404	-0.1593163663910127	0.1807552725280729	-0.20554758519212452	0.13994899302757582	-0.1740445836393728	0.2353357739746871	-0.24799389061290206	0.25247625082987407	-0.1728075500598025	0.19767926906496947	-0.4652767360955481	0.9999999999999891	-0.5834984722143328	0.14833713171422985	-0.16674558874175482	0.2361844337068371	-0.39699604516590725	0.21080668757627366	-0.1406131870331117	0.13146140993320599	-0.21984116948412108	0.2118093021020704	-0.20963510033191915
0.09676902801795972	-0.07579170844837835	0.09185612046917498	-0.07885153435187728	0.11436135644390082	-0.08329493348842403	0.08034812384602215	-0.104289746088583	0.11190187311548384	-0.10566485050651515	0.10528361098929256	-0.10056649225375548	0.11495686870491825	-0.14533133944375484	0.13448487852485164	-0.1226254164610754	0.12361002947099423	-0.18041237409259056	0.1573351361270746	-0.18901347946442398	0.12604243298708562	-0.1444813295680836	0.1673093551886696	-0.2130799466813931	0.24631909020703885	-0.14577542995541493	0.17254855026841961	-0.26046724951710365	0.24623916805824544	-0.5490259736213965	0.1460763089808423	-0.1752880476677	0.24770612913554826	-0.5834984722143328	0.9999999999999892	-0.1345035121277859	0.1406369638856127	-0.19407871609501434	0.2219417429297781	-0.20367546128547895	0.127298938337697	-0.12442932637839198	0.17033515468745208	-0.17971419332774535	0.17220163113239365
-0.06966447608480568	0.05190864025035374	-0.0624869718025442	0.052841319998604516	-0.07963631888834548	0.05861430786716924	-0.05572021205131796	0.0676557130932387	-0.06869981889390565	0.06045682378978036	-0.07795709577088725	0.07103994101275385	-0.0756586195970614	0.08603149863462127	-0.07764196074392121	0.09736861873435407	-0.09780801648492604	0.1092225538287319	-0.09170185156128766	0.08939023897609083	-0.12964083417540134	0.11489021272123717	-0.11907089723271308	0.11532265223074013	-0.11047210653222816	0.15846091768729215	-0.15440141557172662	0.15843990126146315	-0.11777793695730517	0.11203513932044756	-0.4415794506869534	0.25739541363165985	-0.21689240621728392	0.14833713171422985	-0.1345035121277859	0.9999999999999905	-0.7576279815012225	0.2319424735879024	-0.14269332647505245	0.105869005246066	-0.1896615907667222	0.161305489494459	-0.19194992214413742	0.13556065200698325	-0.12802559918212872
0.07299540893313408	-0.05501994596252708	0.06602353225363494	-0.05618519913512279	0.08395891689335276	-0.06200334185628619	0.058724144385146775	-0.07219466803826215	0.07286895434907006	-0.06488403008953084	0.08065309838745598	-0.07464696180241819	0.08004192050750154	-0.092675698613482	0.08223015764905933	-0.10151986915018622	0.09907116438398263	-0.11839320233493106	0.09750648096519947	-0.09662018017190395	0.12204150341257848	-0.11977029599881861	0.12173045842644557	-0.1248708503864169	0.11584155733051504	-0.15833280774683758	0.1533449096064328	-0.17684700763316752	0.12500155637253077	-0.12241539429300578	0.2638982587750977	-0.2935894685412612	0.22321132001622118	-0.16674558874175482	0.1406369638856127	-0.7576279815012225	0.9999999999999897	-0.3763870724481287	0.15308824712207694	-0.1182360006816024	0.17603177739284115	-0.19514017841031184	0.20719655501051737	-0.1579956232596759	0.13362216697475485
-0.07757843715117006	0.05850104434275678	-0.07090552873326257	0.06020266176410164	-0.09039206254119728	0.06535112175230999	-0.06255470233209826	0.07724796312703645	-0.07988513370893273	0.0711539784851376	-0.08470626806809534	0.07831492664488889	-0.08595603944229409	0.1003522064563755	-0.09163063503921	0.10112425701173598	-0.10218702898924732	0.12602064129629217	-0.10764294261472594	0.10853836632792006	-0.11787368798954899	0.12064360950289149	-0.13316003143971683	0.1376553689669741	-0.13762709546482216	0.13837355032112447	-0.16015302580610355	0.20186021763157058	-0.15114937860124456	0.1487630246658365	-0.2041631294723974	0.22008794691032954	-0.4693542080992128	0.2361844337068371	-0.19407871609501434	0.2319424735879024	-0.3763870724481287	0.9999999999999899	-0.2980842449896633	0.18607946919081053	-0.19402032944944847	0.18881355992477233	-0.5741967623768033	0.2634560958940789	-0.22844425770760207
0.07063814155710271	-0.054010046141541215	0.06536738989714697	-0.05584481443790735	0.08290624610686066	-0.06003305606972061	0.05745435378883445	-0.0721700461596173	0.07497650690141497	-0.0679954499644905	0.07631433895056267	-0.0716197148257516	0.079693431907534	-0.09557106265359662	0.08670029838913267	-0.08996027088952024	0.09014462075746138	-0.11975735985527423	0.10170899034481196	-0.10703785541214109	0.09675449154019886	-0.10471735013718032	0.1172276915545526	-0.13260437328227645	0.13440325049118237	-0.11395927884248513	0.1301049156125381	-0.17910595491395132	0.14519727820683354	-0.1633865114299239	0.13242285846640361	-0.15458987618295766	0.2266096544954446	-0.39699604516590725	0.2219417429297781	-0.14269332647505245	0.15308824712207694	-0.2980842449896633	0.9999999999999891	-0.5749532650146212	0.13597409698451265	-0.14364816405960779	0.2561462440560586	-0.48808241235124694	0.3173255726463798
-0.05675585527263647	0.04320858242145461	-0.052537060096649636	0.04475884610975205	-0.06687271719233331	0.04794247062280676	-0.04606685671280753	0.05760664482330829	-0.06041010336365728	0.05439184340365945	-0.06113633626357681	0.057096980280028596	-0.06381661606010018	0.07601700411240987	-0.07024695790127085	0.07098456270207151	-0.07197311719911649	0.09434246514969344	-0.08146482848183753	0.08537731035839743	-0.07656920602201768	0.08194438310088131	-0.09347457023601566	0.10281321662824368	-0.11197554986583914	0.08852353910279116	-0.1027709753746182	0.13501886693150675	-0.11479957263414524	0.12895707593446593	-0.10328204682362999	0.11494964238490271	-0.17094200194558087	0.21080668757627366	-0.20367546128547895	0.105869005246066	-0.1182360006816024	0.18607946919081053	-0.5749532650146212	0.9999999999999888	-0.11317897904344508	0.11236481632039963	-0.2085748165799643	0.2898532053048443	-0.694904376562341
0.0794110286465456	-0.05913656766187654	0.0719375173264512	-0.06151334041257004	0.09452535340135895	-0.06605273122450422	0.06285544153408174	-0.076598331192015	0.0762313113538295	-0.0676356469551114	0.08213449270268053	-0.07619404867859574	0.08372626936978222	-0.09603185613794717	0.08491742065819671	-0.09388696905100592	0.09334356629644394	-0.11902525439510388	0.09678674200492954	-0.09734299906225605	0.09642992114697202	-0.09965123249892409	0.10845860360134318	-0.11511957047666284	0.11386851482478848	-0.11563155415230564	0.12115943199160269	-0.15176981819286112	0.11254341924735924	-0.11490421114796424	0.1322494834395124	-0.14284488394171962	0.1551492858496424	-0.1406131870331117	0.127298938337697	-0.1896615907667222	0.17603177739284115	-0.19402032944944847	0.13597409698451265	-0.11317897904344508	0.9999999999999888	-0.8683364660527617	0.21427349948246763	-0.1643491432409472	0.12966503149841285
-0.06967891160965523	0.051422012752851125	-0.06316870765881855	0.05356458005440597	-0.0832057017932968	0.05722367971726478	-0.05502808309591356	0.06649933057665869	-0.06752343792864188	0.05921115361695955	-0.07252538196936259	0.06643277842124007	-0.07348470631854459	0.08325625408518196	-0.07597916078888173	0.0814375224401449	-0.08305850881952194	0.1020587100666984	-0.08578851714457672	0.08569685237726167	-0.08744418451872697	0.0886418752264905	-0.09888093105704102	0.10147709576034858	-0.10583302416605858	0.10143246473806675	-0.1117045623162046	0.1329676345631221	-0.10310388238526819	0.1038398516012401	-0.12661391125812574	0.1296970908549403	-0.15570471013106102	0.13146140993320599	-0.12442932637839198	0.161305489494459	-0.19514017841031184	0.18881355992477233	-0.14364816405960779	0.11236481632039963	-0.8683364660527617	0.9999999999999889	-0.29801237801473185	0.16441665838553102	-0.14261472650767576
0.07590033182350084	-0.05765168519495671	0.06961231154786426	-0.05948692561094843	0.08883939632658863	-0.06436433950452891	0.06131122799619261	-0.07631843494278673	0.07787128773140742	-0.07016415266174678	0.08170725224518433	-0.07641079686537074	0.08406064953962192	-0.09934726032392428	0.08867801405105369	-0.09736414572919214	0.09655512938338502	-0.1251117409635149	0.10386803857358669	-0.10676433920397888	0.10551367841258612	-0.11171532328333544	0.12154668148297415	-0.13234114749094808	0.12866190259982863	-0.12713562765746023	0.13938056712835023	-0.1892537227759289	0.13721205923265162	-0.14412354173739722	0.15428488702787801	-0.17934307182824372	0.24354795999589804	-0.21984116948412108	0.17033515468745208	-0.19194992214413742	0.20719655501051737	-0.5741967623768033	0.2561462440560586	-0.2085748165799643	0.21427349948246763	-0.29801237801473185	0.9999999999999889	-0.5488689921466064	0.23683638453534175
-0.0645824646356086	0.04890435057054038	-0.05941241250416316	0.05057172254122198	-0.07588791798261492	0.05440946079965607	-0.0521801705655202	0.06481270419602855	-0.06736460965458102	0.060308393988762005	-0.069579774751752	0.06471415022371052	-0.07181380600657937	0.08465210092174671	-0.07762869672716943	0.08121299780226371	-0.08223925294466979	0.10538710065122903	-0.09018695034053291	0.09280173627712592	-0.08909804426741436	0.09372253730071048	-0.10570701816585513	0.11344384089040638	-0.11881244367343771	0.10345889375408455	-0.11893914857068352	0.15319643041226608	-0.12391883317708652	0.13063483056187067	-0.12745476033533074	0.1392350761396102	-0.20963939044557128	0.2118093021020704	-0.17971419332774535	0.13556065200698325	-0.1579956232596759	0.2634560958940789	-0.48808241235124694	0.2898532053048443	-0.1643491432409472	0.16441665838553102	-0.5488689921466064	0.9999999999999893	-0.5108839026685769
