1.0	-0.7187965852803445	0.1928572985349522	-0.15707813742339682	0.12877161973760495	-0.5243236399797927	0.29588387284737616	-0.20012655819214323	0.15845797977148884	-0.1322268811407265	0.20357723228396032	-0.22270115248041977	0.16077093974333287	-0.17120545186214048	0.11799070306108594	-0.1595656710219593	0.15099921213857828	-0.16086695212324054	0.13694662439958863	-0.10279380997835966	0.0864944127031031	-0.0920521547672662	0.10256559630722217	-0.08353213794450502	0.07724192966380627	-0.08001863192363269	0.06778671481284151	-0.06296758387178755	0.087044196707129	-0.07578961930687846	0.051747766115926117	-0.06353336972344299	0.06654577079516114	-0.057528437101090284	0.057561871357058245	-0.0740215985818772	0.036480555892773034	-0.04310458180822545	0.053327465498833104	-0.05081880786059166
-0.7187965852803445	0.9999999999999998	-0.30451446502589513	0.1832573344654579	-0.16104329632890485	0.30438057132553376	-0.43077239685361535	0.22072387345435637	-0.19058002821525064	0.14724861011292262	-0.20962482061402007	0.21409119509176908	-0.18151224537460423	0.17968083791043288	-0.1381192043454252	0.1456938569932272	-0.16114602532048544	0.1641652836535761	-0.1574396457407529	0.11282727947223246	-0.09450540059879071	0.0980342695842416	-0.11496007879020585	0.09275023951465826	-0.08643406660677236	0.08503865576458333	-0.0742950470297593	0.06859916628622971	-0.09708264779824637	0.08299795988164811	-0.05545231900162849	0.06829492756506471	-0.07290319867207211	0.06292394810277079	-0.06355002349791139	0.07846368733388799	-0.03919882593485852	0.04605421974564232	-0.05859818730729261	0.05530259207860183
0.1928572985349522	-0.30451446502589513	1.0	-0.7084022427128889	0.2676074741373597	-0.18096316419068942	0.20258461664841923	-0.3751335254053273	0.26182027465389784	-0.27712785198102674	0.13979758976437093	-0.18268187623479382	0.1879559927106715	-0.2435979764202409	0.17002992087095237	-0.11425444149428382	0.12733073023369026	-0.1780764138510857	0.16494911858767605	-0.14866509133238454	0.09209367385272575	-0.0980057956523705	0.1173211136184961	-0.09880357495276268	0.09754828124324133	-0.09142477838237598	0.07687945785042381	-0.07293609961454343	0.10205143874061606	-0.09658544532645788	0.05951840148713019	-0.0735956173424824	0.07676920236349696	-0.06808049906461972	0.0686797653391196	-0.08642168913207102	0.042574405702583584	-0.05060655240630198	0.06264858911297685	-0.06114024493019762
-0.15707813742339682	0.1832573344654579	-0.7084022427128889	0.9999999999999997	-0.48577033360284116	0.13646821723433133	-0.1605982613151243	0.24082492760526159	-0.30796671174585444	0.26208286175305706	-0.11742108543647549	0.1434907141459587	-0.16202877459812118	0.20691412643358154	-0.17290773794209743	0.09267548714290481	-0.10593821992309047	0.1441808290147791	-0.15413212261310108	0.13273598285583474	-0.0812174296960028	0.08506690531366906	-0.10616939374996541	0.08891414679741902	-0.0889367359868794	0.07922417148446202	-0.06826799161908774	0.06450162986009648	-0.09216540326619392	0.08569870446074015	-0.0518819399265667	0.06434679877915385	-0.06815377282687624	0.060389883867488364	-0.06144282370373835	0.07470715912454542	-0.0372042007989347	0.04402276056827315	-0.05578649185397378	0.05396716983419696
0.12877161973760495	-0.16104329632890485	0.2676074741373597	-0.48577033360284116	0.9999999999999997	-0.13219398908110985	0.14222861222968913	-0.21815116991886785	0.23337222852440087	-0.7021385514639267	0.11529681599531603	-0.1517606511969876	0.1565730180249451	-0.23385577676845817	0.2331593794113585	-0.09690417463416486	0.10912052246355376	-0.15892244739830982	0.16563414463427983	-0.1991818914707095	0.0919891538704032	-0.09825344351352962	0.11749961580683371	-0.1020254690823905	0.1121924899409705	-0.09673554098358102	0.07999706917655577	-0.07712585693273365	0.10787786445661586	-0.11234058163169727	0.06312389781779501	-0.0783603203429467	0.08100942364113245	-0.07343052422989568	0.07469810833624281	-0.09293386576153878	0.045614247223521004	-0.05455416749793406	0.06711764179888245	-0.06720127538693077
-0.5243236399797927	0.30438057132553376	-0.18096316419068942	0.13646821723433133	-0.13219398908110985	0.999999999999999	-0.5916984907203054	0.22058031324200564	-0.18429114496722832	0.12709453781606533	-0.39515379236313397	0.25456770106437177	-0.19235165691512449	0.17582196055131594	-0.12834511234059157	0.20537776796100668	-0.20265170361584411	0.17679888667901816	-0.15743135600701308	0.10687879842830833	-0.10081070412495759	0.10505985628712128	-0.11782795083401176	0.09388245918538335	-0.08489848212542432	0.08722447402798408	-0.07623062285005376	0.06979072964393389	-0.0977823652731987	0.08167931870587038	-0.05654362147162995	0.0693285276333588	-0.07382301845772328	0.06319532131888207	-0.0634633018979437	0.07946022552629708	-0.03960960929123944	0.046453162357783934	-0.05885528272948844	0.05520618024793768
0.29588387284737616	-0.43077239685361535	0.20258461664841923	-0.1605982613151243	0.14222861222968913	-0.5916984907203054	0.9999999999999981	-0.3953284367213565	0.21546131957772674	-0.14418027511802345	0.24006338934664156	-0.390686544862623	0.21779954536686433	-0.2091010196535684	0.13342037155691067	-0.18854766609404172	0.1994843324893169	-0.19683474799219403	0.162099722460961	-0.11324272328421833	0.10070751126817304	-0.10705248340724353	0.12053788531787218	-0.09713255529281825	0.08752037726147524	-0.08960972050959497	0.07749890965432155	-0.07150253317642172	0.09968906842063277	-0.08487599091033546	0.05800111890473328	-0.07119169710784613	0.07524115245352132	-0.06482744664946552	0.0649361267815855	-0.08208100670244337	0.040719850858645545	-0.04791066524532343	0.06014623827588443	-0.05684936010418587
-0.20012655819214323	0.22072387345435637	-0.3751335254053273	0.24082492760526159	-0.21815116991886785	0.22058031324200564	-0.3953284367213565	0.9999999999999973	-0.5911901612872544	0.20812287474383398	-0.18266431609134473	0.23168403676907098	-0.377920890687803	0.29202514783711403	-0.18082988932859662	0.14050622924782336	-0.1669997756112773	0.23079744540497554	-0.21464982102394564	0.1440240996439057	-0.11070035702740863	0.1155642520323037	-0.14767103916067195	0.11992643029300758	-0.1087069800300171	0.10189233448336071	-0.08972867451853662	0.0837422438750709	-0.12022521162906977	0.10368962516712187	-0.06662727872853963	0.08241011916325361	-0.0881427501336761	0.07696649949531384	-0.07779342947831515	0.09449503929746404	-0.04732940009236209	0.055658440508221066	-0.07133936597382995	0.06762509877687684
0.15845797977148884	-0.19058002821525064	0.26182027465389784	-0.30796671174585444	0.23337222852440087	-0.18429114496722832	0.21546131957772674	-0.5911901612872544	0.9999999999999962	-0.3077808032401669	0.15061735587843986	-0.20305505547268854	0.2465641931630254	-0.545985688187982	0.19059207756443963	-0.12404655138607643	0.14229101822575418	-0.21230909441822696	0.21343087180465178	-0.15535378846343598	0.10458011423800047	-0.11085355335500444	0.14017731673467038	-0.11925431112410366	0.10924185729407479	-0.10083218953391103	0.08702544569478773	-0.08232921289474056	0.11727748019743789	-0.10570253132270775	0.06580688181945876	-0.0815341070266589	0.0861343220155712	-0.07615277355061181	0.07678954589146816	-0.09448386721732581	0.046961249050454644	-0.055538008902777596	0.07014041948791937	-0.0675023692756591
-0.1322268811407265	0.14724861011292262	-0.27712785198102674	0.26208286175305706	-0.7021385514639267	0.12709453781606533	-0.14418027511802345	0.20812287474383398	-0.3077808032401669	0.9999999999999986	-0.11927872793961897	0.1468130728065759	-0.16480456033553706	0.2261225942874717	-0.42136233247504185	0.09635894321730265	-0.11116160239772034	0.15629578044727538	-0.18992244443418235	0.21529141405332466	-0.09805223613235817	0.10273196607275639	-0.1298965801186038	0.11168276429246281	-0.12750984905409038	0.09943027582642966	-0.08574535547023451	0.0819605171412015	-0.11872005899581024	0.11914178134849301	-0.06539941518851736	0.08156200452161472	-0.0864741333126832	0.07815643535759777	-0.08077703413998205	0.0948025230382766	-0.0473594122201102	0.056181529947406966	-0.07192659816264159	0.07076421653694256
0.20357723228396032	-0.20962482061402007	0.13979758976437093	-0.11742108543647549	0.11529681599531603	-0.39515379236313397	0.24006338934664156	-0.18266431609134473	0.15061735587843986	-0.11927872793961897	0.9999999999999969	-0.3954555277650785	0.20451279851016407	-0.18827986519801082	0.12623782088232977	-0.6728076542558281	0.30368818220019367	-0.24621167998015397	0.16525975112236807	-0.11417082828023233	0.12835798914555463	-0.14188090308908058	0.13467517376734137	-0.10712603393331172	0.09293064189687597	-0.1099027008634451	0.09127595565097711	-0.08337721265956806	0.11084135415417	-0.091993235018044	0.06943820562665169	-0.08417873618218445	0.08676711229966007	-0.07346429879926318	0.07226153893157929	-0.09805253995020374	0.04772533804601409	-0.05626193889769581	0.0679989484723825	-0.06401729665829681
-0.22270115248041977	0.21409119509176908	-0.18268187623479382	0.1434907141459587	-0.1517606511969876	0.25456770106437177	-0.390686544862623	0.23168403676907098	-0.20305505547268854	0.1468130728065759	-0.3954555277650785	0.9999999999999962	-0.39077054771370406	0.22618408861696793	-0.16870083636022443	0.28169805750545474	-0.5522740917303385	0.28743557548404686	-0.22748566756020264	0.1420482012643067	-0.16167818736701492	0.16863506858046595	-0.17994109453068358	0.1382563495505739	-0.12018732392427352	0.1273825048143345	-0.11509774673212606	0.10289163940963657	-0.14379171886391706	0.11480240075893693	-0.08250694856631256	0.10060356801477054	-0.1081595674264736	0.09125854678895362	-0.0913375629620405	0.11353501545482828	-0.056989628318063194	0.06635058083829215	-0.08519488023452931	0.07872829334318496
0.16077093974333287	-0.18151224537460423	0.1879559927106715	-0.16202877459812118	0.1565730180249451	-0.19235165691512449	0.21779954536686433	-0.377920890687803	0.2465641931630254	-0.16480456033553706	0.20451279851016407	-0.39077054771370406	0.9999999999999992	-0.3851003273348049	0.16912011403094215	-0.1853503438984452	0.2418167711938	-0.6458020394724473	0.24140132145538148	-0.15141415797501673	0.13445365331958561	-0.1482733151918224	0.18598475404642215	-0.14950092207063828	0.12054928040261922	-0.12379109065684299	0.10649931748155686	-0.10009259452328759	0.1390044581448931	-0.11800724821079553	0.07986063767287144	-0.09827649915959245	0.10285172270878275	-0.08970474726502985	0.08881182907560545	-0.11370807714233253	0.056081750727986886	-0.06622858294854984	0.08235213996677118	-0.07832561627172183
-0.17120545186214048	0.17968083791043288	-0.2435979764202409	0.20691412643358154	-0.23385577676845817	0.17582196055131594	-0.2091010196535684	0.29202514783711403	-0.545985688187982	0.2261225942874717	-0.18827986519801082	0.22618408861696793	-0.3851003273348049	0.9999999999999966	-0.27324622341335975	0.14839647873712714	-0.18124130404278613	0.2669564788146258	-0.43995026103725143	0.20928928158242877	-0.15798869467260176	0.16263557080097688	-0.2340934666111348	0.1973305729532853	-0.1672654888637523	0.14629820599712254	-0.13301100191659315	0.12495809921938952	-0.1863928090530277	0.15515935543688394	-0.0964780958489474	0.12019387297558282	-0.13074615763656688	0.11509180570258071	-0.11684005398251265	0.13593564558265225	-0.06898308634887193	0.08079393498931492	-0.10659507252140497	0.10016976294517886
0.11799070306108594	-0.1381192043454252	0.17002992087095237	-0.17290773794209743	0.2331593794113585	-0.12834511234059157	0.13342037155691067	-0.18082988932859662	0.19059207756443963	-0.42136233247504185	0.12623782088232977	-0.16870083636022443	0.16912011403094215	-0.27324622341335975	0.999999999999992	-0.11085259524419355	0.1266945478988823	-0.1943001803553449	0.24220835251793216	-0.6722837165805099	0.13627921219638586	-0.14810546789448756	0.17444977410781962	-0.1643632522119075	0.2348402863579009	-0.15751981835928425	0.12749801223557305	-0.12757051784707008	0.17901955521492866	-0.23618727194690708	0.10304112673563097	-0.1290585192281351	0.13135454317365702	-0.12576726528110677	0.13070896331420767	-0.15458884210945684	0.07564434637056755	-0.09137453799666814	0.11259708642479786	-0.11940287266589678
-0.1595656710219593	0.1456938569932272	-0.11425444149428382	0.09267548714290481	-0.09690417463416486	0.20537776796100668	-0.18854766609404172	0.14050622924782336	-0.12404655138607643	0.09635894321730265	-0.6728076542558281	0.28169805750545474	-0.1853503438984452	0.14839647873712714	-0.11085259524419355	0.9999999999999931	-0.5892772759066507	0.2086766250603834	-0.15260969140318895	0.09734899262268834	-0.13909322125366114	0.14121859715234675	-0.12855206023813642	0.09785723121574068	-0.0833468391196486	0.09884977259681864	-0.08625108522890211	0.07601374769433757	-0.10214853474952115	0.08092504123344012	-0.062406218295260656	0.07496146276962432	-0.07887338071793636	0.06570153878530258	-0.06483617432794064	0.08515160845691139	-0.042069070919291233	0.04901598105460412	-0.061079797453690035	0.056445028195773614
0.15099921213857828	-0.16114602532048544	0.12733073023369026	-0.10593821992309047	0.10912052246355376	-0.20265170361584411	0.1994843324893169	-0.1669997756112773	0.14229101822575418	-0.11116160239772034	0.30368818220019367	-0.5522740917303385	0.2418167711938	-0.18124130404278613	0.1266945478988823	-0.5892772759066507	0.9999999999999974	-0.36874832361997184	0.17918107854792012	-0.11469200575160919	0.15751191851883695	-0.20907053224511232	0.15778226079886185	-0.1200477656184017	0.09805949809102232	-0.11838504990136356	0.10453230171464492	-0.09239021459091702	0.12092891067125486	-0.09630529652676027	0.07439426754523855	-0.0897454310502855	0.09319754168837505	-0.0779466353513834	0.07625568316523026	-0.10195909058261624	0.05000223533414056	-0.058411023503390475	0.07196168349061832	-0.06684132911991095
-0.16086695212324054	0.1641652836535761	-0.1780764138510857	0.1441808290147791	-0.15892244739830982	0.17679888667901816	-0.19683474799219403	0.23079744540497554	-0.21230909441822696	0.15629578044727538	-0.24621167998015397	0.28743557548404686	-0.6458020394724473	0.2669564788146258	-0.1943001803553449	0.2086766250603834	-0.36874832361997184	0.9999999999999937	-0.3461599832316696	0.17104836031996032	-0.1721584020939616	0.1835923709926127	-0.29262322432705107	0.1981990545149675	-0.14912851299543248	0.14622315697068225	-0.13284105670323465	0.1230281293461115	-0.17752625628008764	0.14124435734511778	-0.09501542362624196	0.11705013955989763	-0.12558070236378222	0.10892014148522143	-0.10824705326442446	0.13219361096890092	-0.06636366946186031	0.07762574292698846	-0.10023886357550262	0.09352305814509068
0.13694662439958863	-0.1574396457407529	0.16494911858767605	-0.15413212261310108	0.16563414463427983	-0.15743135600701308	0.162099722460961	-0.21464982102394564	0.21343087180465178	-0.18992244443418235	0.16525975112236807	-0.22748566756020264	0.24140132145538148	-0.43995026103725143	0.24220835251793216	-0.15260969140318895	0.17918107854792012	-0.3461599832316696	0.9999999999999941	-0.33154456452659936	0.19282688074491305	-0.22949292752107026	0.30003469720828874	-0.4883355508960071	0.22694062729503306	-0.21380163300017935	0.1744830172208848	-0.18051722597320372	0.24769287628039455	-0.2349806284392695	0.13697582542215572	-0.17121316891258187	0.17088853386818928	-0.16138760640819094	0.15309649303703282	-0.20251697015402062	0.09755494947388957	-0.11751200669818446	0.14032684615169544	-0.1408484566526183
-0.10279380997835966	0.11282727947223246	-0.14866509133238454	0.13273598285583474	-0.1991818914707095	0.10687879842830833	-0.11324272328421833	0.1440240996439057	-0.15535378846343598	0.21529141405332466	-0.11417082828023233	0.1420482012643067	-0.15141415797501673	0.20928928158242877	-0.6722837165805099	0.09734899262268834	-0.11469200575160919	0.17104836031996032	-0.33154456452659936	0.9999999999999944	-0.13978557049971443	0.1480333481343961	-0.20550962023383623	0.19611580550261656	-0.44368746108788076	0.1486245070367874	-0.13627445184271772	0.13370007853267044	-0.21332685148421426	0.25318735675204485	-0.09929065375219492	0.12636904849813071	-0.1378279869727073	0.13254667545781718	-0.14830717671986213	0.14287433915337502	-0.07342213622099139	0.08677790245655202	-0.12049932261783673	0.12155233730766796
0.0864944127031031	-0.09450540059879071	0.09209367385272575	-0.0812174296960028	0.0919891538704032	-0.10081070412495759	0.10070751126817304	-0.11070035702740863	0.10458011423800047	-0.09805223613235817	0.12835798914555463	-0.16167818736701492	0.13445365331958561	-0.15798869467260176	0.13627921219638586	-0.13909322125366114	0.15751191851883695	-0.1721584020939616	0.19282688074491305	-0.13978557049971443	0.9999999999999944	-0.7021083735157309	0.23036569679483232	-0.18079458610991886	0.140045895548836	-0.46467047554136737	0.23399794474194396	-0.19604013670994497	0.20405047636177212	-0.1470190777703113	0.20737600713356058	-0.21711390262664396	0.19509925293654815	-0.14570080132550675	0.13187560977403365	-0.2566822036232659	0.11267778953348848	-0.12954932643542097	0.13402426377157461	-0.11913836932967956
-0.0920521547672662	0.0980342695842416	-0.0980057956523705	0.08506690531366906	-0.09825344351352962	0.10505985628712128	-0.10705248340724353	0.1155642520323037	-0.11085355335500444	0.10273196607275639	-0.14188090308908058	0.16863506858046595	-0.1482733151918224	0.16263557080097688	-0.14810546789448756	0.14121859715234675	-0.20907053224511232	0.1835923709926127	-0.22949292752107026	0.1480333481343961	-0.7021083735157309	0.9999999999999923	-0.3777360110074915	0.21406861906959154	-0.15848015640682592	0.2644446344608023	-0.3191369619633809	0.20869203899126615	-0.240860585192715	0.15685662953664534	-0.16166364988966678	0.1838112250717995	-0.19106192275385947	0.14436471105823281	-0.13535602595436502	0.19157993563862152	-0.09478802058598676	0.10654208814369537	-0.1327806474405922	0.11608084442606967
0.10256559630722217	-0.11496007879020585	0.1173211136184961	-0.10616939374996541	0.11749961580683371	-0.11782795083401176	0.12053788531787218	-0.14767103916067195	0.14017731673467038	-0.1298965801186038	0.13467517376734137	-0.17994109453068358	0.18598475404642215	-0.2340934666111348	0.17444977410781962	-0.12855206023813642	0.15778226079886185	-0.29262322432705107	0.30003469720828874	-0.20550962023383623	0.23036569679483232	-0.3777360110074915	0.999999999999994	-0.665632348610493	0.20472251573739433	-0.22426202849004456	0.19052601121146673	-0.20085785711092077	0.25685617958481194	-0.21550418696450654	0.13860795062790898	-0.17151269445433417	0.16903256029317285	-0.15732659616980638	0.14271879004665408	-0.19812431377229442	0.0944224014992064	-0.11298482521596749	0.13361416384933472	-0.13070908696844433
-0.08353213794450502	0.09275023951465826	-0.09880357495276268	0.08891414679741902	-0.1020254690823905	0.09388245918538335	-0.09713255529281825	0.11992643029300758	-0.11925431112410366	0.11168276429246281	-0.10712603393331172	0.1382563495505739	-0.14950092207063828	0.1973305729532853	-0.1643632522119075	0.09785723121574068	-0.1200477656184017	0.1981990545149675	-0.4883355508960071	0.19611580550261656	-0.18079458610991886	0.21406861906959154	-0.665632348610493	0.9999999999999907	-0.27026152130076037	0.1729956507303497	-0.1686962140064238	0.17830285071985016	-0.361894108196813	0.21873720352732795	-0.11176010551734733	0.14185341726194328	-0.14932960639520104	0.14735563366038526	-0.1360154688608981	0.1569783720531426	-0.0782752233959692	0.09276001277436677	-0.12316482637517295	0.11797876827878247
0.07724192966380627	-0.08643406660677236	0.09754828124324133	-0.0889367359868794	0.1121924899409705	-0.08489848212542432	0.08752037726147524	-0.1087069800300171	0.10924185729407479	-0.12750984905409038	0.09293064189687597	-0.12018732392427352	0.12054928040261922	-0.1672654888637523	0.2348402863579009	-0.0833468391196486	0.09805949809102232	-0.14912851299543248	0.22694062729503306	-0.44368746108788076	0.140045895548836	-0.15848015640682592	0.20472251573739433	-0.27026152130076037	0.9999999999999902	-0.16691067885565347	0.14682187302047747	-0.1606272506833604	0.2494126444760327	-0.7158459687499722	0.11055190533597128	-0.1431067687448509	0.1492853836387951	-0.1661944591778742	0.18801881490026948	-0.16280027985238615	0.08278235558740842	-0.09977402504169332	0.13874365456267523	-0.16334746364732855
-0.08001863192363269	0.08503865576458333	-0.09142477838237598	0.07922417148446202	-0.09673554098358102	0.08722447402798408	-0.08960972050959497	0.10189233448336071	-0.10083218953391103	0.09943027582642966	-0.1099027008634451	0.1273825048143345	-0.12379109065684299	0.14629820599712254	-0.15751981835928425	0.09884977259681864	-0.11838504990136356	0.14622315697068225	-0.21380163300017935	0.1486245070367874	-0.46467047554136737	0.2644446344608023	-0.22426202849004456	0.1729956507303497	-0.16691067885565347	0.9999999999999892	-0.3473280565784818	0.22750105747352928	-0.2696068018518476	0.16573529846362275	-0.5385601555963624	0.2844757993455693	-0.3053986480502571	0.18564413274851377	-0.17556916549888302	0.2954383280705216	-0.1540874080469313	0.15019174119049694	-0.18363672665726613	0.14543659779534507
0.06778671481284151	-0.0742950470297593	0.07687945785042381	-0.06826799161908774	0.07999706917655577	-0.07623062285005376	0.07749890965432155	-0.08972867451853662	0.08702544569478773	-0.08574535547023451	0.09127595565097711	-0.11509774673212606	0.10649931748155686	-0.13301100191659315	0.12749801223557305	-0.08625108522890211	0.10453230171464492	-0.13284105670323465	0.1744830172208848	-0.13627445184271772	0.23399794474194396	-0.3191369619633809	0.19052601121146673	-0.1686962140064238	0.14682187302047747	-0.3473280565784818	0.9999999999999899	-0.7024726696475034	0.2787819315964431	-0.17170033473431137	0.2045499000225133	-0.3302050053557697	0.2572102683979285	-0.18048702883952247	0.14811356438275083	-0.23695007873157314	0.1107295589992234	-0.12622373864362707	0.1493942683717993	-0.13265839982526711
-0.06296758387178755	0.06859916628622971	-0.07293609961454343	0.06450162986009648	-0.07712585693273365	0.06979072964393389	-0.07150253317642172	0.0837422438750709	-0.08232921289474056	0.0819605171412015	-0.08337721265956806	0.10289163940963657	-0.10009259452328759	0.12495809921938952	-0.12757051784707008	0.07601374769433757	-0.09239021459091702	0.1230281293461115	-0.18051722597320372	0.13370007853267044	-0.19604013670994497	0.20869203899126615	-0.20085785711092077	0.17830285071985016	-0.1606272506833604	0.22750105747352928	-0.7024726696475034	0.9999999999999922	-0.48914456124570466	0.17988403492366498	-0.16120547498309856	0.2326730632578725	-0.3090088776572183	0.18936012133801358	-0.15571995732620808	0.19026513426127523	-0.09732154215587291	0.1105113555628468	-0.1544599277716808	0.1312916698388003
0.087044196707129	-0.09708264779824637	0.10205143874061606	-0.09216540326619392	0.10787786445661586	-0.0977823652731987	0.09968906842063277	-0.12022521162906977	0.11727748019743789	-0.11872005899581024	0.11084135415417	-0.14379171886391706	0.1390044581448931	-0.1863928090530277	0.17901955521492866	-0.10214853474952115	0.12092891067125486	-0.17752625628008764	0.24769287628039455	-0.21332685148421426	0.20405047636177212	-0.240860585192715	0.25685617958481194	-0.361894108196813	0.2494126444760327	-0.2696068018518476	0.2787819315964431	-0.48914456124570466	0.9999999999999872	-0.393621586906051	0.17575616634401178	-0.23968049523767498	0.24846355349008759	-0.3382623805521029	0.22201422725342423	-0.2492015665334509	0.1250823939315866	-0.15081501129150304	0.20985936091910679	-0.19945518254419323
-0.07578961930687846	0.08299795988164811	-0.09658544532645788	0.08569870446074015	-0.11234058163169727	0.08167931870587038	-0.08487599091033546	0.10368962516712187	-0.10570253132270775	0.11914178134849301	-0.091993235018044	0.11480240075893693	-0.11800724821079553	0.15515935543688394	-0.23618727194690708	0.08092504123344012	-0.09630529652676027	0.14124435734511778	-0.2349806284392695	0.25318735675204485	-0.1470190777703113	0.15685662953664534	-0.21550418696450654	0.21873720352732795	-0.7158459687499722	0.16573529846362275	-0.17170033473431137	0.17988403492366498	-0.393621586906051	0.9999999999999867	-0.11384221981936697	0.15067167903155815	-0.1724295162762681	0.19603818044868263	-0.2973273887164477	0.16084425331696908	-0.08753950794869128	0.10296969469688089	-0.1684887123422212	0.18582347383237852
0.051747766115926117	-0.05545231900162849	0.05951840148713019	-0.0518819399265667	0.06312389781779501	-0.05654362147162995	0.05800111890473328	-0.06662727872853963	0.06580688181945876	-0.06539941518851736	0.06943820562665169	-0.08250694856631256	0.07986063767287144	-0.0964780958489474	0.10304112673563097	-0.062406218295260656	0.07439426754523855	-0.09501542362624196	0.13697582542215572	-0.09929065375219492	0.20737600713356058	-0.16166364988966678	0.13860795062790898	-0.11176010551734733	0.11055190533597128	-0.5385601555963624	0.2045499000225133	-0.16120547498309856	0.17575616634401178	-0.11384221981936697	0.9999999999999883	-0.4880561266535557	0.26793218683431036	-0.1499005879314361	0.13173924974863202	-0.5752839852948751	0.16372706933237322	-0.16253257781217978	0.1465425074791198	-0.11428427410225624
-0.06353336972344299	0.06829492756506471	-0.0735956173424824	0.06434679877915385	-0.0783603203429467	0.0693285276333588	-0.07119169710784613	0.08241011916325361	-0.0815341070266589	0.08156200452161472	-0.08417873618218445	0.10060356801477054	-0.09827649915959245	0.12019387297558282	-0.1290585192281351	0.07496146276962432	-0.0897454310502855	0.11705013955989763	-0.17121316891258187	0.12636904849813071	-0.21711390262664396	0.1838112250717995	-0.17151269445433417	0.14185341726194328	-0.1431067687448509	0.2844757993455693	-0.3302050053557697	0.2326730632578725	-0.23968049523767498	0.15067167903155815	-0.4880561266535557	0.999999999999988	-0.6376321884738604	0.22115448546155375	-0.187568225853001	0.28526963394564386	-0.15148788567232085	0.15100027461863597	-0.20232807251865756	0.1533487841918117
0.06654577079516114	-0.07290319867207211	0.07676920236349696	-0.06815377282687624	0.08100942364113245	-0.07382301845772328	0.07524115245352132	-0.0881427501336761	0.0861343220155712	-0.0864741333126832	0.08676711229966007	-0.1081595674264736	0.10285172270878275	-0.13074615763656688	0.13135454317365702	-0.07887338071793636	0.09319754168837505	-0.12558070236378222	0.17088853386818928	-0.1378279869727073	0.19509925293654815	-0.19106192275385947	0.16903256029317285	-0.14932960639520104	0.1492853836387951	-0.3053986480502571	0.2572102683979285	-0.3090088776572183	0.24846355349008759	-0.1724295162762681	0.26793218683431036	-0.6376321884738604	0.9999999999999879	-0.3945404427306959	0.21244757220488916	-0.3410811994052424	0.1591177651011431	-0.19050093769980528	0.23037117473935567	-0.19805103468086666
-0.057528437101090284	0.06292394810277079	-0.06808049906461972	0.060389883867488364	-0.07343052422989568	0.06319532131888207	-0.06482744664946552	0.07696649949531384	-0.07615277355061181	0.07815643535759777	-0.07346429879926318	0.09125854678895362	-0.08970474726502985	0.11509180570258071	-0.12576726528110677	0.06570153878530258	-0.0779466353513834	0.10892014148522143	-0.16138760640819094	0.13254667545781718	-0.14570080132550675	0.14436471105823281	-0.15732659616980638	0.14735563366038526	-0.1661944591778742	0.18564413274851377	-0.18048702883952247	0.18936012133801358	-0.3382623805521029	0.19603818044868263	-0.1499005879314361	0.22115448546155375	-0.3945404427306959	0.9999999999999887	-0.48401714091124465	0.20418119066701834	-0.148650542654883	0.16957969477246904	-0.5856525974465632	0.3061938649235095
0.057561871357058245	-0.06355002349791139	0.0686797653391196	-0.06144282370373835	0.07469810833624281	-0.0634633018979437	0.0649361267815855	-0.07779342947831515	0.07678954589146816	-0.08077703413998205	0.07226153893157929	-0.0913375629620405	0.08881182907560545	-0.11684005398251265	0.13070896331420767	-0.06483617432794064	0.07625568316523026	-0.10824705326442446	0.15309649303703282	-0.14830717671986213	0.13187560977403365	-0.13535602595436502	0.14271879004665408	-0.1360154688608981	0.18801881490026948	-0.17556916549888302	0.14811356438275083	-0.15571995732620808	0.22201422725342423	-0.2973273887164477	0.13173924974863202	-0.187568225853001	0.21244757220488916	-0.48401714091124465	0.9999999999999888	-0.19778744819005445	0.12202688388737026	-0.1493882412672047	0.31466620316634664	-0.6820771440405161
-0.0740215985818772	0.07846368733388799	-0.08642168913207102	0.07470715912454542	-0.09293386576153878	0.07946022552629708	-0.08208100670244337	0.09449503929746404	-0.09448386721732581	0.0948025230382766	-0.09805253995020374	0.11353501545482828	-0.11370807714233253	0.13593564558265225	-0.15458884210945684	0.08515160845691139	-0.10195909058261624	0.13219361096890092	-0.20251697015402062	0.14287433915337502	-0.2566822036232659	0.19157993563862152	-0.19812431377229442	0.1569783720531426	-0.16280027985238615	0.2954383280705216	-0.23695007873157314	0.19026513426127523	-0.2492015665334509	0.16084425331696908	-0.5752839852948751	0.28526963394564386	-0.3410811994052424	0.20418119066701834	-0.19778744819005445	0.9999999999999883	-0.37907538364003573	0.24753493217912587	-0.23111096990776198	0.16515434221538083
0.036480555892773034	-0.03919882593485852	0.042574405702583584	-0.0372042007989347	0.045614247223521004	-0.03960960929123944	0.040719850858645545	-0.04732940009236209	0.046961249050454644	-0.0473594122201102	0.04772533804601409	-0.056989628318063194	0.056081750727986886	-0.06898308634887193	0.07564434637056755	-0.042069070919291233	0.05000223533414056	-0.06636366946186031	0.09755494947388957	-0.07342213622099139	0.11267778953348848	-0.09478802058598676	0.0944224014992064	-0.0782752233959692	0.08278235558740842	-0.1540874080469313	0.1107295589992234	-0.09732154215587291	0.1250823939315866	-0.08753950794869128	0.16372706933237322	-0.15148788567232085	0.1591177651011431	-0.148650542654883	0.12202688388737026	-0.37907538364003573	0.9999999999999883	-0.8489353704817271	0.1862378144146628	-0.1374730367780282
-0.04310458180822545	0.04605421974564232	-0.05060655240630198	0.04402276056827315	-0.05455416749793406	0.046453162357783934	-0.04791066524532343	0.055658440508221066	-0.055538008902777596	0.056181529947406966	-0.05626193889769581	0.06635058083829215	-0.06622858294854984	0.08079393498931492	-0.09137453799666814	0.04901598105460412	-0.058411023503390475	0.07762574292698846	-0.11751200669818446	0.08677790245655202	-0.12954932643542097	0.10654208814369537	-0.11298482521596749	0.09276001277436677	-0.09977402504169332	0.15019174119049694	-0.12622373864362707	0.1105113555628468	-0.15081501129150304	0.10296969469688089	-0.16253257781217978	0.15100027461863597	-0.19050093769980528	0.16957969477246904	-0.1493882412672047	0.24753493217912587	-0.8489353704817271	0.9999999999999881	-0.28185079726555246	0.15403286772814845
0.053327465498833104	-0.05859818730729261	0.06264858911297685	-0.05578649185397378	0.06711764179888245	-0.05885528272948844	0.06014623827588443	-0.07133936597382995	0.07014041948791937	-0.07192659816264159	0.0679989484723825	-0.08519488023452931	0.08235213996677118	-0.10659507252140497	0.11259708642479786	-0.061079797453690035	0.07196168349061832	-0.10023886357550262	0.14032684615169544	-0.12049932261783673	0.13402426377157461	-0.1327806474405922	0.13361416384933472	-0.12316482637517295	0.13874365456267523	-0.18363672665726613	0.1493942683717993	-0.1544599277716808	0.20985936091910679	-0.1684887123422212	0.1465425074791198	-0.20232807251865756	0.23037117473935567	-0.5856525974465632	0.31466620316634664	-0.23111096990776198	0.1862378144146628	-0.28185079726555246	0.9999999999999886	-0.5784833297990715
-0.05081880786059166	0.05530259207860183	-0.06114024493019762	0.05396716983419696	-0.06720127538693077	0.05520618024793768	-0.05684936010418587	0.06762509877687684	-0.0675023692756591	0.07076421653694256	-0.06401729665829681	0.07872829334318496	-0.07832561627172183	0.10016976294517886	-0.11940287266589678	0.056445028195773614	-0.06684132911991095	0.09352305814509068	-0.1408484566526183	0.12155233730766796	-0.11913836932967956	0.11608084442606967	-0.13070908696844433	0.11797876827878247	-0.16334746364732855	0.14543659779534507	-0.13265839982526711	0.1312916698388003	-0.19945518254419323	0.18582347383237852	-0.11428427410225624	0.1533487841918117	-0.19805103468086666	0.3061938649235095	-0.6820771440405161	0.16515434221538083	-0.1374730367780282	0.15403286772814845	-0.5784833297990715	0.9999999999999885
