1.0000000000000002	-0.7037959198890049	0.23768681607451556	-0.18332450138310202	0.1569884470242385	-0.48407173083014465	0.2773273769550929	-0.23146228347894918	0.13281270839527806	-0.1092875135711409	0.2121169784413167	-0.16288026281112547	0.17231220687253868	-0.2039364975008888	0.0767019638349156	-0.22131263719147812	0.1528333238512542	-0.10032826289681611	0.09742533611861313	-0.10807492232674362	0.12320176585171959	-0.057414991440559025	0.052829656064765085	-0.05429336733975788	0.04133682226315031	-0.02331765046436862	0.04452746013552337	-0.05302239433041474	0.05677162982528936	-0.03771202534612021	0.024102775524918407	-0.03573588177337402	0.035103689992472306	-0.033355887652838846	0.03752550526185926
-0.7037959198890049	1.0000000000000004	-0.4313052516623429	0.1814381527441058	-0.1611223358906663	0.2679088812639688	-0.3629764377972113	0.235025108732981	-0.14560464777083743	0.1025157241151221	-0.18725101640770506	0.1645708337701622	-0.1881582783341768	0.17954538479199184	-0.07310697934534753	0.1736319123659628	-0.1496145701816614	0.0958219467891676	-0.09507702206126586	0.10007974424086229	-0.1169394717471063	0.05414665099834393	-0.050252554730042254	0.051143904576146315	-0.03907133796996149	0.021848224230584735	-0.04228266137860257	0.049790693162910925	-0.05422968029774945	0.03543217766239592	-0.022709656174685407	0.03364746651220915	-0.03325291925235908	0.03154065170741955	-0.03570595250511663
0.23768681607451556	-0.4313052516623429	1.0000000000000009	-0.44713571713170136	0.16500415090306428	-0.17949163914152907	0.21519256727363323	-0.6535346900161181	0.2849455865003383	-0.11613478040523817	0.1275051826273294	-0.12099709749350032	0.13736229807634845	-0.1761898692224117	0.07826160657326274	-0.1382745586029389	0.12236049690171456	-0.08257603160362395	0.08481921540367779	-0.09957142809854053	0.10199698866899702	-0.04772085303591613	0.04432718844849718	-0.04617724359834762	0.03626984279088265	-0.019491085212291877	0.03737190012253708	-0.044506698626166484	0.04875653066768785	-0.03293350696042643	0.0202771061413688	-0.030105355116565747	0.029688865650551496	-0.028622410612466682	0.032316541277306945
-0.18332450138310202	0.1814381527441058	-0.44713571713170136	1.0000000000000007	-0.22144151695498404	0.1286472417315411	-0.17741123698693484	0.31536095406551995	-0.7595439487675145	0.13568226969557948	-0.10569647581430472	0.09894929295099884	-0.12182067416360101	0.15885510774980327	-0.09282089925960438	0.11099238868954323	-0.1177173037537024	0.07833515864372693	-0.0858723037140311	0.10124838113080024	-0.09692477677930465	0.04554213778957208	-0.04272967732171083	0.04467131546000213	-0.03610578617316254	0.018503604705498958	-0.03599118181804618	0.042551929080459315	-0.047883457507030505	0.0324524760177161	-0.01935796912711609	0.028905819232093313	-0.02868583431937245	0.027914818548396073	-0.031729786063707
0.1569884470242385	-0.1611223358906663	0.16500415090306428	-0.22144151695498404	1.000000000000001	-0.16914077088300067	0.19491979617854896	-0.17599296585043797	0.15866422208523429	-0.4324058638751622	0.1637410306713325	-0.15175155400287185	0.195039947509082	-0.5599312959983945	0.234136776921225	-0.2082833728604589	0.23987145850099423	-0.18542104421014624	0.20070390167842092	-0.3163619036409394	0.2589192177297211	-0.11352088176603413	0.10543288241421539	-0.11632510826210402	0.09694636279206487	-0.049745815346701895	0.08946826007681226	-0.1095468556421086	0.12024359991198641	-0.08955285467882988	0.05212622253840484	-0.07427769513895542	0.07266377897111553	-0.07290596091010987	0.08124939594504438
-0.48407173083014465	0.2679088812639688	-0.17949163914152907	0.1286472417315411	-0.16914077088300067	1.000000000000002	-0.5277568402034707	0.167640921470361	-0.10650783882565637	0.11325899271915688	-0.5069398270640157	0.24508742325393962	-0.26029824504338106	0.21097621484847426	-0.08269533990331022	0.2746730992014639	-0.20562788685361194	0.1250525029632002	-0.11980360107942231	0.11902313379298081	-0.1466009163551355	0.06836452177787535	-0.06321093973924134	0.06299591945458127	-0.04729171999214543	0.026745901464448628	-0.052849692194676536	0.061823985813558864	-0.06630895928442267	0.042884314147457234	-0.027652958442646702	0.04163173803395701	-0.041099331630579744	0.038467060399627655	-0.04347963547656524
0.2773273769550929	-0.3629764377972113	0.21519256727363323	-0.17741123698693484	0.19491979617854896	-0.5277568402034707	1.0000000000000007	-0.2718701931970186	0.14411948423214807	-0.14199459460670175	0.27888710508903886	-0.46213779111887365	0.28743102993807096	-0.293930239133649	0.10091459070970091	-0.29767282582451005	0.20779874882832922	-0.1459535326341796	0.13344960106406034	-0.1466156072582611	0.15791455876966667	-0.07843841781863621	0.07215090808732318	-0.0736498700453735	0.05551289237813117	-0.030556185508966383	0.06014802227619005	-0.07214458995114552	0.07602266201893496	-0.050723826420085494	0.031494386783618926	-0.048325968136831834	0.04731415521546896	-0.044777217452093274	0.05020380684087742
-0.23146228347894918	0.235025108732981	-0.6535346900161181	0.31536095406551995	-0.17599296585043797	0.167640921470361	-0.2718701931970186	0.9999999999999994	-0.5306470025404794	0.11989180579329053	-0.13033529335149838	0.13081542772754703	-0.15628306316887955	0.16474822739592002	-0.08364095157682001	0.13260110782199364	-0.12791720209143775	0.0847268265911371	-0.08849923478059477	0.09888814232820199	-0.10210056457303132	0.04817273137421102	-0.04501944202805236	0.046475152734149774	-0.03664402769693554	0.019402725134987885	-0.037837491208121445	0.04469330492252133	-0.049551560330853985	0.03304393459318044	-0.02023667775623581	0.03027171735791192	-0.029983839669516142	0.02884913782848609	-0.032735855634848016
0.13281270839527806	-0.14560464777083743	0.2849455865003383	-0.7595439487675145	0.15866422208523429	-0.10650783882565637	0.14411948423214807	-0.5306470025404794	0.9999999999999994	-0.14488651098911523	0.08545975769959406	-0.08321825824673779	0.09916092968523894	-0.1383185511824226	0.08789265311935937	-0.09267321724930645	0.09730186746797004	-0.06655002767426164	0.07356790067522036	-0.09168323813174539	0.07875909567033053	-0.03812486156266752	0.03583168298712268	-0.03765560729625637	0.03091260877872912	-0.015221336111950643	0.03004266908037457	-0.035680999605879886	0.040126375409350705	-0.027759034154986754	0.015901266044194513	-0.02420263384455999	0.023989304382964385	-0.02348752688209802	0.02665041357540499
-0.1092875135711409	0.1025157241151221	-0.11613478040523817	0.13568226969557948	-0.4324058638751622	0.11325899271915688	-0.14199459460670175	0.11989180579329053	-0.14488651098911523	0.9999999999999973	-0.12127962766104983	0.10870806675562164	-0.14649147110936872	0.2317889073630147	-0.707855902950147	0.14262055726080813	-0.24532180119612107	0.16787866019896616	-0.24317878170703006	0.3033079448798833	-0.14924407322012673	0.09184924886285802	-0.08996932056346811	0.09564202712776528	-0.0906558698490424	0.031542091491553695	-0.07328555729559665	0.0859260628014151	-0.10503058124958904	0.07653809277961364	-0.03308812682578509	0.058620735424418605	-0.059135842477253966	0.060330350780320036	-0.06991312513939454
0.2121169784413167	-0.18725101640770506	0.1275051826273294	-0.10569647581430472	0.1637410306713325	-0.5069398270640157	0.27888710508903886	-0.13033529335149838	0.08545975769959406	-0.12127962766104983	0.9999999999999961	-0.34507444746330096	0.2505621040523648	-0.2341341749905324	0.08771158878528615	-0.6532164332162744	0.22826014715881962	-0.14332756699071325	0.1270725170741226	-0.13271868000806325	0.1568219531019368	-0.07620476085611187	0.06926817077285148	-0.06902206524185994	0.05120165777865653	-0.029107765708071442	0.05755689283492826	-0.06822126464051373	0.07089801189345124	-0.04671398630903533	0.029708620671479842	-0.04562271493803838	0.04463074061015761	-0.04159741183001421	0.04661811340129366
-0.16288026281112547	0.1645708337701622	-0.12099709749350032	0.09894929295099884	-0.15175155400287185	0.24508742325393962	-0.46213779111887365	0.13081542772754703	-0.08321825824673779	0.10870806675562164	-0.34507444746330096	0.9999999999999952	-0.7273824142880994	0.2208619975005368	-0.08075009290176575	0.24251101431701277	-0.21872989475350432	0.15126474772501292	-0.12977395447757267	0.12051792355091678	-0.1242205105445751	0.06861296588336106	-0.06433864883271848	0.06236679705064959	-0.046237989790304274	0.024189849514685186	-0.051704177898005715	0.06122758704298993	-0.06400697472455401	0.041924564151431615	-0.024960729345905243	0.04067035912788028	-0.039976849057601814	0.037194701897287415	-0.04182200198453554
0.17231220687253868	-0.1881582783341768	0.13736229807634845	-0.12182067416360101	0.195039947509082	-0.26029824504338106	0.28743102993807096	-0.15628306316887955	0.09916092968523894	-0.14649147110936872	0.2505621040523648	-0.7273824142880994	0.9999999999999951	-0.3542140982094856	0.10800900201670846	-0.29342964436131974	0.23225506476429197	-0.22557387790324926	0.16588947842923193	-0.16455640352310033	0.15619542155077598	-0.08842598305000184	0.08329930934774173	-0.08199789418093814	0.06069937645177688	-0.031225855638955736	0.06626460515524168	-0.08026302786267411	0.08276031808397742	-0.055319628679773636	0.03219101643220322	-0.052917439244783815	0.05173539678251389	-0.04850933894383907	0.05427252563518685
-0.2039364975008888	0.17954538479199184	-0.1761898692224117	0.15885510774980327	-0.5599312959983945	0.21097621484847426	-0.293930239133649	0.16474822739592002	-0.1383185511824226	0.2317889073630147	-0.2341341749905324	0.2208619975005368	-0.3542140982094856	0.9999999999999937	-0.1988347568010035	0.24563062025768873	-0.33418459717837307	0.20362484150530433	-0.2338798949743292	0.22519990967122364	-0.36397422546840713	0.12679152377668051	-0.11924329675642935	0.12226313175424125	-0.09572630658957862	0.061750623769209256	-0.1027910744170057	0.11735016110780457	-0.1380387165943489	0.08532048528091872	-0.06625641392812939	0.08096922066369974	-0.08158459048133207	0.0780067980552201	-0.09041276970118745
0.0767019638349156	-0.07310697934534753	0.07826160657326274	-0.09282089925960438	0.234136776921225	-0.08269533990331022	0.10091459070970091	-0.08364095157682001	0.08789265311935937	-0.707855902950147	0.08771158878528615	-0.08075009290176575	0.10800900201670846	-0.1988347568010035	0.9999999999999932	-0.10736578765021774	0.17482903547695441	-0.15178183765187556	0.20377529835945804	-0.5761516906845049	0.10660093101448868	-0.07269501325272246	0.07150822437189236	-0.07942298650255453	0.08378694810731066	-0.02328824970620729	0.05662124561175332	-0.06843542345641271	0.08185704642876374	-0.07286995648903989	0.024289810039112195	-0.046134445634383764	0.04602317506356836	-0.04886339290902137	0.055387565380740605
-0.22131263719147812	0.1736319123659628	-0.1382745586029389	0.11099238868954323	-0.2082833728604589	0.2746730992014639	-0.29767282582451005	0.13260110782199364	-0.09267321724930645	0.14262055726080813	-0.6532164332162744	0.24251101431701277	-0.29342964436131974	0.24563062025768873	-0.10736578765021774	0.9999999999999947	-0.4283801081612225	0.18974853872797354	-0.17840227600209518	0.16002509907138088	-0.24402417930540093	0.10318211104083042	-0.09399958050255813	0.0895567313764476	-0.06586637332160801	0.03906617719266315	-0.07833812967281707	0.08898635362210675	-0.09408621643158403	0.05944753193497659	-0.039910901524309816	0.05990445874630436	-0.0592623774363345	0.05408360568732796	-0.06121077700445686
0.1528333238512542	-0.1496145701816614	0.12236049690171456	-0.1177173037537024	0.23987145850099423	-0.20562788685361194	0.20779874882832922	-0.12791720209143775	0.09730186746797004	-0.24532180119612107	0.22826014715881962	-0.21872989475350432	0.23225506476429197	-0.33418459717837307	0.17482903547695441	-0.4283801081612225	0.9999999999999929	-0.5277065362432308	0.287823641105487	-0.3094295220537818	0.19421312140851948	-0.21109692399824004	0.17022705304387087	-0.15742927308930277	0.10991295024061055	-0.04683304401963095	0.13321464066738753	-0.15898980197701798	0.14881666572101335	-0.10093095857415302	0.04755390173985165	-0.10309773243421484	0.09851507268724394	-0.08834143972741046	0.09709456634600899
-0.10032826289681611	0.0958219467891676	-0.08257603160362395	0.07833515864372693	-0.18542104421014624	0.1250525029632002	-0.1459535326341796	0.0847268265911371	-0.06655002767426164	0.16787866019896616	-0.14332756699071325	0.15126474772501292	-0.22557387790324926	0.20362484150530433	-0.15178183765187556	0.18974853872797354	-0.5277065362432308	0.9999999999999919	-0.6875830379370499	0.24798188521645556	-0.12842163043864918	0.14871408487129156	-0.1851817121442431	0.13092691273359397	-0.09046443611895047	0.03215378582416151	-0.10447884400582962	0.12601183017081005	-0.12426254643390452	0.07899315409549293	-0.033048638332009835	0.07779472136158222	-0.07734912276096272	0.06865344708015693	-0.0772307240310133
0.09742533611861313	-0.09507702206126586	0.08481921540367779	-0.0858723037140311	0.20070390167842092	-0.11980360107942231	0.13344960106406034	-0.08849923478059477	0.07356790067522036	-0.24317878170703006	0.1270725170741226	-0.12977395447757267	0.16588947842923193	-0.2338798949743292	0.20377529835945804	-0.17840227600209518	0.287823641105487	-0.6875830379370499	0.9999999999999929	-0.4847960052758826	0.1311218933508491	-0.13388342964092426	0.13865859413532872	-0.13788883599230245	0.10326603114575326	-0.032417893261856644	0.09454974711697038	-0.12015548300380202	0.12296429598232339	-0.09221948800679629	0.03324182182772245	-0.0752166537714309	0.07353265295108055	-0.0709308620638383	0.07860040011849678
-0.10807492232674362	0.10007974424086229	-0.09957142809854053	0.10124838113080024	-0.3163619036409394	0.11902313379298081	-0.1466156072582611	0.09888814232820199	-0.09168323813174539	0.3033079448798833	-0.13271868000806325	0.12051792355091678	-0.16455640352310033	0.22519990967122364	-0.5761516906845049	0.16002509907138088	-0.3094295220537818	0.24798188521645556	-0.4847960052758826	0.9999999999999919	-0.15051728206269474	0.11660332019043508	-0.11813368247202942	0.12895119556788043	-0.15924528286219264	0.034463432101944136	-0.09136852982826829	0.10860199377900848	-0.13590326111202167	0.12008362496863488	-0.0359217091314282	0.07350106157001049	-0.07412269209709095	0.0794648981607313	-0.09175158167185976
0.12320176585171959	-0.1169394717471063	0.10199698866899702	-0.09692477677930465	0.2589192177297211	-0.1466009163551355	0.15791455876966667	-0.10210056457303132	0.07875909567033053	-0.14924407322012673	0.1568219531019368	-0.1242205105445751	0.15619542155077598	-0.36397422546840713	0.10660093101448868	-0.24402417930540093	0.19421312140851948	-0.12842163043864918	0.1311218933508491	-0.15051728206269474	0.999999999999991	-0.12434983724173967	0.10063350863647066	-0.10305468419518184	0.07286839952131557	-0.1313528573516318	0.09407756001769493	-0.10707815182793826	0.10868156921804369	-0.06683836889943362	0.11689355658591599	-0.07501319805318818	0.07218156292773009	-0.06481967805823001	0.07265211881222744
-0.057414991440559025	0.05414665099834393	-0.04772085303591613	0.04554213778957208	-0.11352088176603413	0.06836452177787535	-0.07843841781863621	0.04817273137421102	-0.03812486156266752	0.09184924886285802	-0.07620476085611187	0.06861296588336106	-0.08842598305000184	0.12679152377668051	-0.07269501325272246	0.10318211104083042	-0.21109692399824004	0.14871408487129156	-0.13388342964092426	0.11660332019043508	-0.12434983724173967	0.9999999999999905	-0.6189939955256246	0.2484556434894612	-0.14701799280109035	0.05828826809595962	-0.550779821596959	0.3092632667357225	-0.2768932734883676	0.12412782118366443	-0.05960219385395682	0.22065074519052033	-0.22618672646202484	0.14373897784036577	-0.1663454996772577
0.052829656064765085	-0.050252554730042254	0.04432718844849718	-0.04272967732171083	0.10543288241421539	-0.06321093973924134	0.07215090808732318	-0.04501944202805236	0.03583168298712268	-0.08996932056346811	0.06926817077285148	-0.06433864883271848	0.08329930934774173	-0.11924329675642935	0.07150822437189236	-0.09399958050255813	0.17022705304387087	-0.1851817121442431	0.13865859413532872	-0.11813368247202942	0.10063350863647066	-0.6189939955256246	0.9999999999999903	-0.4569059027930858	0.15026767854736803	-0.04659096133719872	0.2800164692431267	-0.4673739146283364	0.26457052470121734	-0.13153800068535865	0.046859279823327035	-0.19710039593594975	0.19174922074609568	-0.13657145253887976	0.14789045642228354
-0.05429336733975788	0.051143904576146315	-0.04617724359834762	0.04467131546000213	-0.11632510826210402	0.06299591945458127	-0.0736498700453735	0.046475152734149774	-0.03765560729625637	0.09564202712776528	-0.06902206524185994	0.06236679705064959	-0.08199789418093814	0.12226313175424125	-0.07942298650255453	0.0895567313764476	-0.15742927308930277	0.13092691273359397	-0.13788883599230245	0.12895119556788043	-0.10305468419518184	0.2484556434894612	-0.4569059027930858	0.99999999999999	-0.3440486287218739	0.04272007990986863	-0.1999556042355061	0.24443440309751005	-0.6680793289017938	0.2398423414834218	-0.043725328875155275	0.1553466389357418	-0.1646813054226286	0.20442192241750062	-0.2357289743372048
0.04133682226315031	-0.03907133796996149	0.03626984279088265	-0.03610578617316254	0.09694636279206487	-0.04729171999214543	0.05551289237813117	-0.03664402769693554	0.03091260877872912	-0.0906558698490424	0.05120165777865653	-0.046237989790304274	0.06069937645177688	-0.09572630658957862	0.08378694810731066	-0.06586637332160801	0.10991295024061055	-0.09046443611895047	0.10326603114575326	-0.15924528286219264	0.07286839952131557	-0.14701799280109035	0.15026767854736803	-0.3440486287218739	0.9999999999999891	-0.02855125654447098	0.11229651589125791	-0.15737380591709826	0.25393857208333787	-0.836230982677316	0.028782610653883888	-0.11239268665698031	0.11003704769136366	-0.19663167379522287	0.20582324587889653
-0.02331765046436862	0.021848224230584735	-0.019491085212291877	0.018503604705498958	-0.049745815346701895	0.026745901464448628	-0.030556185508966383	0.019402725134987885	-0.015221336111950643	0.031542091491553695	-0.029107765708071442	0.024189849514685186	-0.031225855638955736	0.061750623769209256	-0.02328824970620729	0.03906617719266315	-0.04683304401963095	0.03215378582416151	-0.032417893261856644	0.034463432101944136	-0.1313528573516318	0.05828826809595962	-0.04659096133719872	0.04272007990986863	-0.02855125654447098	0.9999999999999901	-0.07871344340965386	0.06438012110607882	-0.04786037636128331	0.026136418104865257	-0.9779275296899537	0.05986067428792712	-0.05167301524349073	0.032625322365395754	-0.03624607511213862
0.04452746013552337	-0.04228266137860257	0.03737190012253708	-0.03599118181804618	0.08946826007681226	-0.052849692194676536	0.06014802227619005	-0.037837491208121445	0.03004266908037457	-0.07328555729559665	0.05755689283492826	-0.051704177898005715	0.06626460515524168	-0.1027910744170057	0.05662124561175332	-0.07833812967281707	0.13321464066738753	-0.10447884400582962	0.09454974711697038	-0.09136852982826829	0.09407756001769493	-0.550779821596959	0.2800164692431267	-0.1999556042355061	0.11229651589125791	-0.07871344340965386	0.9999999999999889	-0.5345389828179838	0.1996347858791022	-0.10257291633635011	0.0739286676979788	-0.4914374709899643	0.28587634453462885	-0.14440562496461165	0.14940624688500595
-0.05302239433041474	0.049790693162910925	-0.044506698626166484	0.042551929080459315	-0.1095468556421086	0.061823985813558864	-0.07214458995114552	0.04469330492252133	-0.035680999605879886	0.0859260628014151	-0.06822126464051373	0.06122758704298993	-0.08026302786267411	0.11735016110780457	-0.06843542345641271	0.08898635362210675	-0.15898980197701798	0.12601183017081005	-0.12015548300380202	0.10860199377900848	-0.10707815182793826	0.3092632667357225	-0.4673739146283364	0.24443440309751005	-0.15737380591709826	0.06438012110607882	-0.5345389828179838	0.9999999999999881	-0.3087535837454394	0.13738005961281308	-0.06701677457896164	0.2943193084306027	-0.4579425450940348	0.19051867218474064	-0.21673910514647832
0.05677162982528936	-0.05422968029774945	0.04875653066768785	-0.047883457507030505	0.12024359991198641	-0.06630895928442267	0.07602266201893496	-0.049551560330853985	0.040126375409350705	-0.10503058124958904	0.07089801189345124	-0.06400697472455401	0.08276031808397742	-0.1380387165943489	0.08185704642876374	-0.09408621643158403	0.14881666572101335	-0.12426254643390452	0.12296429598232339	-0.13590326111202167	0.10868156921804369	-0.2768932734883676	0.26457052470121734	-0.6680793289017938	0.25393857208333787	-0.04786037636128331	0.1996347858791022	-0.3087535837454394	0.9999999999999876	-0.3252331763508629	0.04768223496362416	-0.19652231935271935	0.18895805020486653	-0.3518110587341806	0.25572863319175076
-0.03771202534612021	0.03543217766239592	-0.03293350696042643	0.0324524760177161	-0.08955285467882988	0.042884314147457234	-0.050723826420085494	0.03304393459318044	-0.027759034154986754	0.07653809277961364	-0.04671398630903533	0.041924564151431615	-0.055319628679773636	0.08532048528091872	-0.07286995648903989	0.05944753193497659	-0.10093095857415302	0.07899315409549293	-0.09221948800679629	0.12008362496863488	-0.06683836889943362	0.12412782118366443	-0.13153800068535865	0.2398423414834218	-0.836230982677316	0.026136418104865257	-0.10257291633635011	0.13738005961281308	-0.3252331763508629	0.9999999999999875	-0.026534266707911244	0.10314099851592971	-0.10700545917130967	0.20184370769690807	-0.3028230889088922
0.024102775524918407	-0.022709656174685407	0.0202771061413688	-0.01935796912711609	0.05212622253840484	-0.027652958442646702	0.031494386783618926	-0.02023667775623581	0.015901266044194513	-0.03308812682578509	0.029708620671479842	-0.024960729345905243	0.03219101643220322	-0.06625641392812939	0.024289810039112195	-0.039910901524309816	0.04755390173985165	-0.033048638332009835	0.03324182182772245	-0.0359217091314282	0.11689355658591599	-0.05960219385395682	0.046859279823327035	-0.043725328875155275	0.028782610653883888	-0.9779275296899537	0.0739286676979788	-0.06701677457896164	0.04768223496362416	-0.026534266707911244	0.9999999999999881	-0.06296549500429337	0.05152486189530753	-0.03301663221850577	0.036062971431063254
-0.03573588177337402	0.03364746651220915	-0.030105355116565747	0.028905819232093313	-0.07427769513895542	0.04163173803395701	-0.048325968136831834	0.03027171735791192	-0.02420263384455999	0.058620735424418605	-0.04562271493803838	0.04067035912788028	-0.052917439244783815	0.08096922066369974	-0.046134445634383764	0.05990445874630436	-0.10309773243421484	0.07779472136158222	-0.0752166537714309	0.07350106157001049	-0.07501319805318818	0.22065074519052033	-0.19710039593594975	0.1553466389357418	-0.11239268665698031	0.05986067428792712	-0.4914374709899643	0.2943193084306027	-0.19652231935271935	0.10314099851592971	-0.06296549500429337	0.9999999999999882	-0.7409708597872281	0.19146908663952766	-0.2100947212720129
0.035103689992472306	-0.03325291925235908	0.029688865650551496	-0.02868583431937245	0.07266377897111553	-0.041099331630579744	0.04731415521546896	-0.029983839669516142	0.023989304382964385	-0.059135842477253966	0.04463074061015761	-0.039976849057601814	0.05173539678251389	-0.08158459048133207	0.04602317506356836	-0.0592623774363345	0.09851507268724394	-0.07734912276096272	0.07353265295108055	-0.07412269209709095	0.07218156292773009	-0.22618672646202484	0.19174922074609568	-0.1646813054226286	0.11003704769136366	-0.05167301524349073	0.28587634453462885	-0.4579425450940348	0.18895805020486653	-0.10700545917130967	0.05152486189530753	-0.7409708597872281	0.9999999999999882	-0.28838361911073057	0.20908520404024827
-0.033355887652838846	0.03154065170741955	-0.028622410612466682	0.027914818548396073	-0.07290596091010987	0.038467060399627655	-0.044777217452093274	0.02884913782848609	-0.02348752688209802	0.060330350780320036	-0.04159741183001421	0.037194701897287415	-0.04850933894383907	0.0780067980552201	-0.04886339290902137	0.05408360568732796	-0.08834143972741046	0.06865344708015693	-0.0709308620638383	0.0794648981607313	-0.06481967805823001	0.14373897784036577	-0.13657145253887976	0.20442192241750062	-0.19663167379522287	0.032625322365395754	-0.14440562496461165	0.19051867218474064	-0.3518110587341806	0.20184370769690807	-0.03301663221850577	0.19146908663952766	-0.28838361911073057	0.9999999999999885	-0.8172312571671425
0.03752550526185926	-0.03570595250511663	0.032316541277306945	-0.031729786063707	0.08124939594504438	-0.04347963547656524	0.05020380684087742	-0.032735855634848016	0.02665041357540499	-0.06991312513939454	0.04661811340129366	-0.04182200198453554	0.05427252563518685	-0.09041276970118745	0.055387565380740605	-0.06121077700445686	0.09709456634600899	-0.0772307240310133	0.07860040011849678	-0.09175158167185976	0.07265211881222744	-0.1663454996772577	0.14789045642228354	-0.2357289743372048	0.20582324587889653	-0.03624607511213862	0.14940624688500595	-0.21673910514647832	0.25572863319175076	-0.3028230889088922	0.036062971431063254	-0.2100947212720129	0.20908520404024827	-0.8172312571671425	0.9999999999999886
