1.0000000000000002	-0.5022662117789143	0.2648069783115764	-0.14236361805487377	0.13880081109257603	-0.622722750113449	0.27007776675692763	-0.16284014635095237	0.14042775977713254	-0.10715010602016659	0.20235411026968395	-0.1916942784168397	0.13861348980366625	-0.1508698700642414	0.12217601497222046	-0.16805112395710564	0.17945860285392357	-0.10130178391438069	0.1232822251586305	-0.10029622358913619	0.13357105821084453	-0.15807152582334524	0.09907837007219664	-0.14781177089613254	0.10133096733625391	-0.10518621682445217	0.11667288566641837	-0.1246108923675514	0.10950123878536915	-0.2858962643331615	0.06736299984195818	-0.08951891903219171	0.06780031880567487	-0.07195170863609743	0.06780090761816555	-0.089336661406188	0.0769387719789428	-0.08009154278788717	0.0605556950666954	-0.07857935795375176
-0.5022662117789143	0.9999999999999998	-0.7165262877501912	0.17943394139408003	-0.16414616448238292	0.2272126052985221	-0.22091022400430133	0.17149975967500655	-0.17550687767020187	0.11218960029243018	-0.14458216981049485	0.13721462232368514	-0.15331848208354698	0.1419807255683299	-0.12283423682680596	0.1093290223497505	-0.14592449642759567	0.08710742867989917	-0.11011815267415344	0.08495665367611747	-0.10002584747920841	0.11111265604784927	-0.08596386359901896	0.1205164609802546	-0.08565310775121288	0.07554866433297652	-0.08729918834244012	0.0939440946666916	-0.08459278385404644	0.20054057290531724	-0.048902247761033246	0.0651492010890773	-0.04986273372599768	0.051281784139652724	-0.04786980317461886	0.06396783937146111	-0.05623556134108368	0.05800434378676876	-0.0435368149012842	0.05508527884882307
0.2648069783115764	-0.7165262877501912	1.0	-0.31268974680038114	0.19857498812849747	-0.2146579630379779	0.19073303196169833	-0.2724679288820219	0.21946118530011177	-0.1483669032880426	0.13714755356321673	-0.14089367666237185	0.1906082735728241	-0.1934766816295741	0.1539445902327863	-0.11402951711341161	0.14507344466915245	-0.11442901251283644	0.14287833381252119	-0.11302953729002863	0.10527116793564398	-0.12255987154649706	0.10965553647194558	-0.16229301767689477	0.11224391371292336	-0.09603086094266128	0.10995592534996236	-0.1263510653133585	0.11259761473094564	-0.27971200817308683	0.06262893302269984	-0.08666726310367322	0.06621523019586917	-0.06948380075855254	0.06609099702485437	-0.08335593247378356	0.07381078063694259	-0.07708622039372331	0.0587057868554748	-0.07629697008379041
-0.14236361805487377	0.17943394139408003	-0.31268974680038114	1.0000000000000004	-0.5201735168355288	0.10769246469074771	-0.1289177462803632	0.18642874292002862	-0.6838290492983703	0.2521786640138707	-0.090290416090191	0.09341845795858097	-0.16708887365401484	0.22654895846837728	-0.21882304842148184	0.0721496531895074	-0.10402769210426484	0.10323337876695007	-0.15048641468990873	0.11663973983273364	-0.07307353852434506	0.08200435155488943	-0.09997320753301535	0.14940369595168326	-0.11323877554302998	0.06876254246691449	-0.08319250698495169	0.10081304367998585	-0.09354443445508705	0.1988438702912952	-0.04554749811780014	0.0645040222977833	-0.05017409562488692	0.05000407026561693	-0.04724366222239947	0.05978479675522333	-0.05488591366044221	0.05679323821304268	-0.042862797644397724	0.05378891980871076
0.13880081109257603	-0.16414616448238292	0.19857498812849747	-0.5201735168355288	1.0000000000000009	-0.1128041295608285	0.13790332442449138	-0.1934656427590642	0.3088219144464207	-0.5804643407306238	0.10047272213093021	-0.1035030651826383	0.1691126800966094	-0.29581508551406455	0.28802036156364463	-0.0821482415635917	0.11714163863800003	-0.13350878752479314	0.18755338186205034	-0.16917348659015957	0.0857136381124862	-0.09721657451623031	0.12587964823924638	-0.21088555471624904	0.15288358774085775	-0.0914641860369581	0.11014459312712412	-0.14101457734019826	0.1287958423050581	-0.29096519983706665	0.06098786785844857	-0.08909855966772193	0.06918911959640542	-0.07018024013410927	0.06796606873117575	-0.08080833980832566	0.07485138824708924	-0.07827166214978423	0.059931548465518306	-0.07763776978374859
-0.622722750113449	0.2272126052985221	-0.2146579630379779	0.10769246469074771	-0.1128041295608285	1.0000000000000009	-0.5349552629079758	0.1374247527889667	-0.11464139313843744	0.08438456986317622	-0.3415669164631468	0.2370704633456679	-0.12595579870418563	0.11904734024229639	-0.09825997787944839	0.19686535263391253	-0.22620908564328754	0.08254359477007521	-0.09834701384900392	0.07675076074956566	-0.15469241590635083	0.167432109487024	-0.08223120951393055	0.11368404562922999	-0.07804239298557133	0.08830654347932407	-0.09871616911422498	0.09517149021356186	-0.08435827600317038	0.20485917705689327	-0.05571715006957981	0.06932486764655678	-0.05259846314215748	0.05386889166406092	-0.04921708455946025	0.07158510884158685	-0.060724047891496685	0.062034846865426	-0.0456460988743613	0.056804614084021876
0.27007776675692763	-0.22091022400430133	0.19073303196169833	-0.1289177462803632	0.13790332442449138	-0.5349552629079758	0.9999999999999994	-0.2079998512088811	0.13948589553320834	-0.10912456126194621	0.25629469390687265	-0.5316330161038774	0.17346994189164244	-0.16420979667211222	0.12881465973914397	-0.21927575238085067	0.2826046446813749	-0.11538142507831445	0.1349948113486661	-0.10733482715508907	0.17562838101309652	-0.2256418913719678	0.1127265730887267	-0.16087911090514564	0.10880640456627982	-0.1220144362651372	0.13436599714569802	-0.13660474427091035	0.11993217588229158	-0.30567671434660265	0.07719590877579585	-0.09938890818354998	0.07515243072892053	-0.07865102602831049	0.0729259340199862	-0.10139202106899416	0.08602184487140041	-0.08898252756341407	0.0662873874166872	-0.08444796463602244
-0.16284014635095237	0.17149975967500655	-0.2724679288820219	0.18642874292002862	-0.1934656427590642	0.1374247527889667	-0.2079998512088811	0.9999999999999983	-0.2798519069854337	0.15160028139289797	-0.12422285863457676	0.158027086759292	-0.7966765591115994	0.2510695347450675	-0.18813156069626003	0.09732672744751052	-0.15540240151405207	0.1537392142059662	-0.18108317441114094	0.11371178548555563	-0.0962525000904192	0.10897220598220693	-0.15090233945569329	0.16163639612750114	-0.11477767551773219	0.07704216414399404	-0.0936768492515886	0.10891691923166526	-0.10259694655228478	0.19783195600293088	-0.05055286792103564	0.06928938792334807	-0.05415898001277659	0.05226430919890834	-0.04781714815967485	0.06544589190310952	-0.05955206984303856	0.06096234039187219	-0.0450195643367014	0.05425951537737603
0.14042775977713254	-0.17550687767020187	0.21946118530011177	-0.6838290492983703	0.3088219144464207	-0.11464139313843744	0.13948589553320834	-0.2798519069854337	0.999999999999998	-0.3420072833593608	0.0991683946237541	-0.106092685062961	0.20927845053097632	-0.369816139020389	0.24428056163348666	-0.08068669192963214	0.11589584276454057	-0.13319615330002957	0.19088349171702934	-0.1442677650975579	0.08260702412171922	-0.0939440873991532	0.12405667470515654	-0.19574364926233023	0.1351839257600135	-0.08243236201792258	0.0995659451601764	-0.12636264039755454	0.11637598317765241	-0.2428514415634508	0.05471204750331819	-0.07895517220652061	0.06149620497050901	-0.06079646587430144	0.05746170537081464	-0.07211081162232885	0.06648508943409825	-0.06921007372263774	0.05208349618216861	-0.06542894373432653
-0.10715010602016659	0.11218960029243018	-0.1483669032880426	0.2521786640138707	-0.5804643407306238	0.08438456986317622	-0.10912456126194621	0.15160028139289797	-0.3420072833593608	0.9999999999999969	-0.07800961857882696	0.08057737490139007	-0.1471539504712945	0.2526443967843018	-0.6312141073063483	0.06246024291767741	-0.092499247024392	0.10676389966169929	-0.16895860743684035	0.1668168945307226	-0.0658396311878243	0.07343788944873252	-0.1035587936447314	0.16213274623721602	-0.15920100248796454	0.06576634233081514	-0.08154306402188181	0.10247618176248785	-0.09725992132190237	0.19751470474995775	-0.0439447394419385	0.06336099167387214	-0.049730192652535754	0.048748325554222316	-0.046736636285774805	0.05747056239962549	-0.05382322657007402	0.05554230604366685	-0.04210732153889121	0.05262728007262672
0.20235411026968395	-0.14458216981049485	0.13714755356321673	-0.090290416090191	0.10047272213093021	-0.3415669164631468	0.25629469390687265	-0.12422285863457676	0.0991683946237541	-0.07800961857882696	0.9999999999999941	-0.361451429512349	0.11732864195021722	-0.11573418046459863	0.09338869642464832	-0.6892928512389482	0.2751104900461917	-0.08957954312205224	0.10002073471191962	-0.07749782327526634	0.2673317937462568	-0.30992462665495996	0.0904715260427879	-0.11927633888757522	0.07919153900396794	-0.11844816807990029	0.12409551103868387	-0.10467205137782512	0.09173232579189093	-0.21429980189126482	0.07103063823321418	-0.0801283904171283	0.060284384232216236	-0.05973978156003848	0.05223526348263968	-0.08905737896976888	0.07156094535914662	-0.07196290701518589	0.05073760663995905	-0.060220319101575485
-0.1916942784168397	0.13721462232368514	-0.14089367666237185	0.09341845795858097	-0.1035030651826383	0.2370704633456679	-0.5316330161038774	0.158027086759292	-0.106092685062961	0.08057737490139007	-0.361451429512349	0.9999999999999938	-0.17967784177355625	0.12498057700487643	-0.0971825513690503	0.23312693007392876	-0.6406746092064883	0.09105675589718677	-0.10251966351909385	0.07632161228249197	-0.20028182676848066	0.2308974174211626	-0.09058575070630005	0.1157363903008929	-0.07774656775530343	0.09629688794921709	-0.10790962558823877	0.09667757264791396	-0.08587438062879395	0.19781004263331167	-0.05994302093701377	0.0711223585669932	-0.053970719958739956	0.053814358758069954	-0.04796402598947483	0.0754092722632933	-0.0630165675105439	0.06360893571708093	-0.045777983061128395	0.05522616891520602
0.13861348980366625	-0.15331848208354698	0.1906082735728241	-0.16708887365401484	0.1691126800966094	-0.12595579870418563	0.17346994189164244	-0.7966765591115994	0.20927845053097632	-0.1471539504712945	0.11732864195021722	-0.17967784177355625	1.000000000000002	-0.36707681581678286	0.17898698453758444	-0.0949857211893936	0.14805363671533833	-0.1985252054382118	0.19229269320522563	-0.11837156203049837	0.09303258110253074	-0.10879712375820695	0.1582676426187512	-0.1793635870149265	0.11565943169147942	-0.07871694526874973	0.09462308003511681	-0.11613369700074053	0.10755306896941962	-0.20709884212398266	0.05159247182199821	-0.0721539469047153	0.05635542716390442	-0.05418503493863368	0.04970316266985064	-0.0672714188189174	0.06117112363129859	-0.06319757024499102	0.046539307217099354	-0.056493112843571405
-0.1508698700642414	0.1419807255683299	-0.1934766816295741	0.22654895846837728	-0.29581508551406455	0.11904734024229639	-0.16420979667211222	0.2510695347450675	-0.369816139020389	0.2526443967843018	-0.11573418046459863	0.12498057700487643	-0.36707681581678286	0.9999999999999922	-0.45947165026371034	0.09123978655703202	-0.14166221899605652	0.19520038392138095	-0.4931658696939791	0.2024954418650831	-0.09731156336477557	0.10778893165392842	-0.19078957334730762	0.2603781014455344	-0.19913917730281472	0.09096939694432135	-0.116335593072766	0.1474271176178792	-0.14824602633246003	0.2397401814220608	-0.06079919100528881	0.08697099885509413	-0.0693467670287244	0.06378102448497937	-0.05826086493173395	0.0784084551568217	-0.07419698694046617	0.07569345574268438	-0.055693515928363205	0.06505275893916526
0.12217601497222046	-0.12283423682680596	0.1539445902327863	-0.21882304842148184	0.28802036156364463	-0.09825997787944839	0.12881465973914397	-0.18813156069626003	0.24428056163348666	-0.6312141073063483	0.09338869642464832	-0.0971825513690503	0.17898698453758444	-0.45947165026371034	0.9999999999999937	-0.07545305496086255	0.11133179606901099	-0.14671630564870006	0.23171667356772313	-0.3077953251136915	0.08063911980638758	-0.09056952922731787	0.1368060475651191	-0.23448576625018752	0.21554586503334958	-0.08503069972963773	0.10533767426114067	-0.13979338287288756	0.1316432207044836	-0.27173862321510134	0.056928775832762187	-0.08386300392838537	0.06596263405079504	-0.06440353561532489	0.06284820239093415	-0.07468151092069045	0.07036688976292775	-0.07312631170232937	0.055601108974777935	-0.07076569513828639
-0.16805112395710564	0.1093290223497505	-0.11402951711341161	0.0721496531895074	-0.0821482415635917	0.19686535263391253	-0.21927575238085067	0.09732672744751052	-0.08068669192963214	0.06246024291767741	-0.6892928512389482	0.23312693007392876	-0.0949857211893936	0.09123978655703202	-0.07545305496086255	0.9999999999999939	-0.3273484451190329	0.07311074255202672	-0.08074560399856023	0.060803020856742676	-0.5062897577353943	0.2850601801021046	-0.07599653805499267	0.09429247201621818	-0.0625273379570043	0.10985384506977439	-0.11596687788574299	0.08402720782350158	-0.07424154510167862	0.16023514782890494	-0.06583704362848049	0.06584394380673642	-0.04974723410683176	0.04720356314357886	-0.03973184965740059	0.07598722182931254	-0.060799632677678406	0.05912394268086302	-0.040482132727992025	0.04559795023342148
0.17945860285392357	-0.14592449642759567	0.14507344466915245	-0.10402769210426484	0.11714163863800003	-0.22620908564328754	0.2826046446813749	-0.15540240151405207	0.11589584276454057	-0.092499247024392	0.2751104900461917	-0.6406746092064883	0.14805363671533833	-0.14166221899605652	0.11133179606901099	-0.3273484451190329	0.999999999999996	-0.11244712830654138	0.12129128834131712	-0.09372895293449882	0.2545649241190432	-0.44075814852390033	0.11147924562929885	-0.1448312601973388	0.0955304195882052	-0.12958273225987715	0.14158380276130592	-0.12545964609928462	0.10980129123385482	-0.2615904175378728	0.07938348193065724	-0.09396995034070525	0.07082964692409385	-0.07117110918997169	0.06333562511514415	-0.10105731023641334	0.08283682276283746	-0.08414562088661964	0.06029793420280301	-0.07311410644565655
-0.10130178391438069	0.08710742867989917	-0.11442901251283644	0.10323337876695007	-0.13350878752479314	0.08254359477007521	-0.11538142507831445	0.1537392142059662	-0.13319615330002957	0.10676389966169929	-0.08957954312205224	0.09105675589718677	-0.1985252054382118	0.19520038392138095	-0.14671630564870006	0.07311074255202672	-0.11244712830654138	0.9999999999999879	-0.3722083531964632	0.13081870606218776	-0.08968196728473873	0.105248586565677	-0.8274315025545634	0.25730173358686115	-0.13552867630423887	0.07666534492271289	-0.10157028573888453	0.1487125371103948	-0.14663253861590841	0.1685783357966798	-0.0511480388700121	0.07496917236038717	-0.06205559426789532	0.05014941309836936	-0.042306904334612615	0.06486067405947248	-0.06265675549215309	0.06387172511276308	-0.044363126935353096	0.046737461363424194
0.1232822251586305	-0.11011815267415344	0.14287833381252119	-0.15048641468990873	0.18755338186205034	-0.09834701384900392	0.1349948113486661	-0.18108317441114094	0.19088349171702934	-0.16895860743684035	0.10002073471191962	-0.10251966351909385	0.19229269320522563	-0.4931658696939791	0.23171667356772313	-0.08074560399856023	0.12129128834131712	-0.3722083531964632	0.9999999999999902	-0.2971035863789375	0.0909607129373014	-0.10301529856815048	0.26172125951400665	-0.5659970101898651	0.23000321716127559	-0.09858033191480568	0.12685542834427338	-0.20381967567938497	0.2001431051650614	-0.25106490215713	0.06606564868595621	-0.10225093119831563	0.082818819172348	-0.06900498204118814	0.06062846870277157	-0.08561137138366891	0.08268494470832273	-0.08636768578887574	0.06057554557018506	-0.066922154802625
-0.10029622358913619	0.08495665367611747	-0.11302953729002863	0.11663973983273364	-0.16917348659015957	0.07675076074956566	-0.10733482715508907	0.11371178548555563	-0.1442677650975579	0.1668168945307226	-0.07749782327526634	0.07632161228249197	-0.11837156203049837	0.2024954418650831	-0.3077953251136915	0.060803020856742676	-0.09372895293449882	0.13081870606218776	-0.2971035863789375	0.9999999999999839	-0.06746954801991031	0.0731831821264736	-0.13243443485656622	0.2254857221880662	-0.8266438550602409	0.06760376156207829	-0.08991389546208405	0.11666133135368809	-0.12313232748090064	0.2219370243550106	-0.04581727225841038	0.06649597474253781	-0.0537973203520946	0.050374963562998816	-0.052591761625401634	0.05856194376124903	-0.05735201766094214	0.057952025840885574	-0.044970948347132264	0.05515192594527428
0.13357105821084453	-0.10002584747920841	0.10527116793564398	-0.07307353852434506	0.0857136381124862	-0.15469241590635083	0.17562838101309652	-0.0962525000904192	0.08260702412171922	-0.0658396311878243	0.2673317937462568	-0.20028182676848066	0.09303258110253074	-0.09731156336477557	0.08063911980638758	-0.5062897577353943	0.2545649241190432	-0.08968196728473873	0.0909607129373014	-0.06746954801991031	0.9999999999999868	-0.7137939700687702	0.0949921142380855	-0.10936185432169489	0.06968302783933594	-0.18723455351802518	0.16279106927124465	-0.10252061490518194	0.08918079874872073	-0.1786877274160428	0.09619143780235791	-0.08463433780043524	0.06330928996816823	-0.05712472142870558	0.04531795124750612	-0.10745394796273722	0.07959181015700881	-0.07599686624452559	0.04919410612569371	-0.05184481631730567
-0.15807152582334524	0.11111265604784927	-0.12255987154649706	0.08200435155488943	-0.09721657451623031	0.167432109487024	-0.2256418913719678	0.10897220598220693	-0.0939440873991532	0.07343788944873252	-0.30992462665495996	0.2308974174211626	-0.10879712375820695	0.10778893165392842	-0.09056952922731787	0.2850601801021046	-0.44075814852390033	0.105248586565677	-0.10301529856815048	0.0731831821264736	-0.7137939700687702	0.9999999999999856	-0.12360272796975857	0.11943953338118649	-0.0759611173085098	0.15563428097296117	-0.19170051475282	0.10929945472639807	-0.09687337938414468	0.1809374337960066	-0.09263334352736025	0.08712413747860011	-0.06598379492153668	0.05846067513737143	-0.04618000492130556	0.10350603500741415	-0.08184318173560717	0.07763455930958371	-0.05071241136508545	0.052609503372226335
0.09907837007219664	-0.08596386359901896	0.10965553647194558	-0.09997320753301535	0.12587964823924638	-0.08223120951393055	0.1127265730887267	-0.15090233945569329	0.12405667470515654	-0.1035587936447314	0.0904715260427879	-0.09058575070630005	0.1582676426187512	-0.19078957334730762	0.1368060475651191	-0.07599653805499267	0.11147924562929885	-0.8274315025545634	0.26172125951400665	-0.13243443485656622	0.0949921142380855	-0.12360272796975857	0.999999999999986	-0.3588593948700838	0.13254658568306718	-0.08631851101599382	0.1113761362397888	-0.19614173456011014	0.16821511455111057	-0.18615512498236497	0.05717319846502213	-0.08785016099930376	0.07251819840360113	-0.05631574938876725	0.04643931289550476	-0.07324594910768231	0.07043541779352998	-0.07359654138663815	0.04954483700346863	-0.05143033153607434
-0.14781177089613254	0.1205164609802546	-0.16229301767689477	0.14940369595168326	-0.21088555471624904	0.11368404562922999	-0.16087911090514564	0.16163639612750114	-0.19574364926233023	0.16213274623721602	-0.11927633888757522	0.1157363903008929	-0.1793635870149265	0.2603781014455344	-0.23448576625018752	0.09429247201621818	-0.1448312601973388	0.25730173358686115	-0.5659970101898651	0.2254857221880662	-0.10936185432169489	0.11943953338118649	-0.3588593948700838	0.9999999999999822	-0.29288506954225474	0.11662260888974381	-0.16524093218389907	0.2525798871792301	-0.40860025994760085	0.2554865905350939	-0.07944331147598381	0.12020455922035385	-0.10270651948485486	0.07895873724107914	-0.06565177551157818	0.10003687340465588	-0.10093124037132584	0.10170053009484104	-0.071133516847039	0.07078385637840424
0.10133096733625391	-0.08565310775121288	0.11224391371292336	-0.11323877554302998	0.15288358774085775	-0.07804239298557133	0.10880640456627982	-0.11477767551773219	0.1351839257600135	-0.15920100248796454	0.07919153900396794	-0.07774656775530343	0.11565943169147942	-0.19913917730281472	0.21554586503334958	-0.0625273379570043	0.0955304195882052	-0.13552867630423887	0.23000321716127559	-0.8266438550602409	0.06968302783933594	-0.0759611173085098	0.13254658568306718	-0.29288506954225474	0.9999999999999797	-0.07353125995372684	0.09688732626028355	-0.13468771875362517	0.13875239421938645	-0.3147561379972905	0.04986482251761447	-0.0742342237094824	0.060038800154902434	-0.05710446382637246	0.06317419380289922	-0.06407019609745296	0.06299582814014647	-0.06440200517645828	0.050705220651585975	-0.06689670962471952
-0.10518621682445217	0.07554866433297652	-0.09603086094266128	0.06876254246691449	-0.0914641860369581	0.08830654347932407	-0.1220144362651372	0.07704216414399404	-0.08243236201792258	0.06576634233081514	-0.11844816807990029	0.09629688794921709	-0.07871694526874973	0.09096939694432135	-0.08503069972963773	0.10985384506977439	-0.12958273225987715	0.07666534492271289	-0.09858033191480568	0.06760376156207829	-0.18723455351802518	0.15563428097296117	-0.08631851101599382	0.11662260888974381	-0.07353125995372684	0.9999999999999795	-0.6544885700255539	0.16420568043746803	-0.14512685740954315	0.1577338709731585	-0.5531151802348453	0.1774434423121742	-0.1357254615545815	0.09145957175564527	-0.05024356345910616	0.29489470107935417	-0.21180066572007306	0.15921383044297568	-0.08429371809747396	0.05534180038153344
0.11667288566641837	-0.08729918834244012	0.10995592534996236	-0.08319250698495169	0.11014459312712412	-0.09871616911422498	0.13436599714569802	-0.0936768492515886	0.0995659451601764	-0.08154306402188181	0.12409551103868387	-0.10790962558823877	0.09462308003511681	-0.116335593072766	0.10533767426114067	-0.11596687788574299	0.14158380276130592	-0.10157028573888453	0.12685542834427338	-0.08991389546208405	0.16279106927124465	-0.19170051475282	0.1113761362397888	-0.16524093218389907	0.09688732626028355	-0.6544885700255539	0.9999999999999796	-0.29567530660821906	0.19623693510560228	-0.22965795792323868	0.27904922516974195	-0.282570505057293	0.18734182671244848	-0.13261550223056073	0.0710364456188014	-0.37101689066382326	0.22528352143006686	-0.22964321379682354	0.11460321664487222	-0.07907309634521528
-0.1246108923675514	0.0939440946666916	-0.1263510653133585	0.10081304367998585	-0.14101457734019826	0.09517149021356186	-0.13660474427091035	0.10891691923166526	-0.12636264039755454	0.10247618176248785	-0.10467205137782512	0.09667757264791396	-0.11613369700074053	0.1474271176178792	-0.13979338287288756	0.08402720782350158	-0.12545964609928462	0.1487125371103948	-0.20381967567938497	0.11666133135368809	-0.10252061490518194	0.10929945472639807	-0.19614173456011014	0.2525798871792301	-0.13468771875362517	0.16420568043746803	-0.29567530660821906	0.9999999999999781	-0.7633072356840026	0.2233729229488704	-0.11383967820791986	0.2060181970172917	-0.2524083926350308	0.10211563189597729	-0.06578957555543594	0.13827661722273274	-0.15788610962531924	0.16344935294311375	-0.09616487149257094	0.06909837045202241
0.10950123878536915	-0.08459278385404644	0.11259761473094564	-0.09354443445508705	0.1287958423050581	-0.08435827600317038	0.11993217588229158	-0.10259694655228478	0.11637598317765241	-0.09725992132190237	0.09173232579189093	-0.08587438062879395	0.10755306896941962	-0.14824602633246003	0.1316432207044836	-0.07424154510167862	0.10980129123385482	-0.14663253861590841	0.2001431051650614	-0.12313232748090064	0.08918079874872073	-0.09687337938414468	0.16821511455111057	-0.40860025994760085	0.13875239421938645	-0.14512685740954315	0.19623693510560228	-0.7633072356840026	0.9999999999999822	-0.283819540811923	0.09717846703507128	-0.1896577130100766	0.16705257125570375	-0.09881288579381627	0.06876116279596861	-0.12512938505018756	0.13012795858047382	-0.14677980186104878	0.08754324147859951	-0.0725382709963392
-0.2858962643331615	0.20054057290531724	-0.27971200817308683	0.1988438702912952	-0.29096519983706665	0.20485917705689327	-0.30567671434660265	0.19783195600293088	-0.2428514415634508	0.19751470474995775	-0.21429980189126482	0.19781004263331167	-0.20709884212398266	0.2397401814220608	-0.27173862321510134	0.16023514782890494	-0.2615904175378728	0.1685783357966798	-0.25106490215713	0.2219370243550106	-0.1786877274160428	0.1809374337960066	-0.18615512498236497	0.2554865905350939	-0.3147561379972905	0.1577338709731585	-0.22965795792323868	0.2233729229488704	-0.283819540811923	0.9999999999999799	-0.10970692394105352	0.14528129230751394	-0.12044539653094373	0.13488596945896078	-0.23349092326232218	0.13481588815768458	-0.14041598141658412	0.13317558897412116	-0.1287945291891485	0.18324388850645199
0.06736299984195818	-0.048902247761033246	0.06262893302269984	-0.04554749811780014	0.06098786785844857	-0.05571715006957981	0.07719590877579585	-0.05055286792103564	0.05471204750331819	-0.0439447394419385	0.07103063823321418	-0.05994302093701377	0.05159247182199821	-0.06079919100528881	0.056928775832762187	-0.06583704362848049	0.07938348193065724	-0.0511480388700121	0.06606564868595621	-0.04581727225841038	0.09619143780235791	-0.09263334352736025	0.05717319846502213	-0.07944331147598381	0.04986482251761447	-0.5531151802348453	0.27904922516974195	-0.11383967820791986	0.09717846703507128	-0.10970692394105352	0.9999999999999818	-0.19695149778824178	0.1316087663806549	-0.08570731693712108	0.03936714757605163	-0.7117704963670415	0.21596108364243982	-0.17635042187808775	0.07688317254404606	-0.043438854068660104
-0.08951891903219171	0.0651492010890773	-0.08666726310367322	0.0645040222977833	-0.08909855966772193	0.06932486764655678	-0.09938890818354998	0.06928938792334807	-0.07895517220652061	0.06336099167387214	-0.0801283904171283	0.0711223585669932	-0.0721539469047153	0.08697099885509413	-0.08386300392838537	0.06584394380673642	-0.09396995034070525	0.07496917236038717	-0.10225093119831563	0.06649597474253781	-0.08463433780043524	0.08712413747860011	-0.08785016099930376	0.12020455922035385	-0.0742342237094824	0.1774434423121742	-0.282570505057293	0.2060181970172917	-0.1896577130100766	0.14528129230751394	-0.19695149778824178	0.9999999999999795	-0.7458839662583507	0.14303407815513047	-0.06139488508080978	0.1962224374499778	-0.39014577246664284	0.3009669170327052	-0.14914851166891083	0.06514063899421337
0.06780031880567487	-0.04986273372599768	0.06621523019586917	-0.05017409562488692	0.06918911959640542	-0.05259846314215748	0.07515243072892053	-0.05415898001277659	0.06149620497050901	-0.049730192652535754	0.060284384232216236	-0.053970719958739956	0.05635542716390442	-0.0693467670287244	0.06596263405079504	-0.04974723410683176	0.07082964692409385	-0.06205559426789532	0.082818819172348	-0.0537973203520946	0.06330928996816823	-0.06598379492153668	0.07251819840360113	-0.10270651948485486	0.060038800154902434	-0.1357254615545815	0.18734182671244848	-0.2524083926350308	0.16705257125570375	-0.12044539653094373	0.1316087663806549	-0.7458839662583507	0.9999999999999799	-0.154999949690853	0.05460468090769367	-0.15693191713203716	0.27454764042743174	-0.49088509615735265	0.14267422635272758	-0.058387621159453326
-0.07195170863609743	0.051281784139652724	-0.06948380075855254	0.05000407026561693	-0.07018024013410927	0.05386889166406092	-0.07865102602831049	0.05226430919890834	-0.06079646587430144	0.048748325554222316	-0.05973978156003848	0.053814358758069954	-0.05418503493863368	0.06378102448497937	-0.06440353561532489	0.04720356314357886	-0.07117110918997169	0.05014941309836936	-0.06900498204118814	0.050374963562998816	-0.05712472142870558	0.05846067513737143	-0.05631574938876725	0.07895873724107914	-0.05710446382637246	0.09145957175564527	-0.13261550223056073	0.10211563189597729	-0.09881288579381627	0.13488596945896078	-0.08570731693712108	0.14303407815513047	-0.154999949690853	0.9999999999999795	-0.21055160925807842	0.10201673032859149	-0.19832306533274757	0.19733556948959036	-0.8909204624769764	0.18228574388611518
0.06780090761816555	-0.04786980317461886	0.06609099702485437	-0.04724366222239947	0.06796606873117575	-0.04921708455946025	0.0729259340199862	-0.04781714815967485	0.05746170537081464	-0.046736636285774805	0.05223526348263968	-0.04796402598947483	0.04970316266985064	-0.05826086493173395	0.06284820239093415	-0.03973184965740059	0.06333562511514415	-0.042306904334612615	0.06062846870277157	-0.052591761625401634	0.04531795124750612	-0.04618000492130556	0.04643931289550476	-0.06565177551157818	0.06317419380289922	-0.05024356345910616	0.0710364456188014	-0.06578957555543594	0.06876116279596861	-0.23349092326232218	0.03936714757605163	-0.06139488508080978	0.05460468090769367	-0.21055160925807842	0.9999999999999801	-0.04852942426447186	0.06765286438224515	-0.07095535541256028	0.17467233950735173	-0.9194955761100811
-0.089336661406188	0.06396783937146111	-0.08335593247378356	0.05978479675522333	-0.08080833980832566	0.07158510884158685	-0.10139202106899416	0.06544589190310952	-0.07211081162232885	0.05747056239962549	-0.08905737896976888	0.0754092722632933	-0.0672714188189174	0.0784084551568217	-0.07468151092069045	0.07598722182931254	-0.10105731023641334	0.06486067405947248	-0.08561137138366891	0.05856194376124903	-0.10745394796273722	0.10350603500741415	-0.07324594910768231	0.10003687340465588	-0.06407019609745296	0.29489470107935417	-0.37101689066382326	0.13827661722273274	-0.12512938505018756	0.13481588815768458	-0.7117704963670415	0.1962224374499778	-0.15693191713203716	0.10201673032859149	-0.04852942426447186	0.9999999999999802	-0.40513805578932527	0.2100716499896721	-0.09651287428714954	0.05315919452614796
0.0769387719789428	-0.05623556134108368	0.07381078063694259	-0.05488591366044221	0.07485138824708924	-0.060724047891496685	0.08602184487140041	-0.05955206984303856	0.06648508943409825	-0.05382322657007402	0.07156094535914662	-0.0630165675105439	0.06117112363129859	-0.07419698694046617	0.07036688976292775	-0.060799632677678406	0.08283682276283746	-0.06265675549215309	0.08268494470832273	-0.05735201766094214	0.07959181015700881	-0.08184318173560717	0.07043541779352998	-0.10093124037132584	0.06299582814014647	-0.21180066572007306	0.22528352143006686	-0.15788610962531924	0.13012795858047382	-0.14041598141658412	0.21596108364243982	-0.39014577246664284	0.27454764042743174	-0.19832306533274757	0.06765286438224515	-0.40513805578932527	0.9999999999999811	-0.6813589856103971	0.17303734776553537	-0.07527623599718287
-0.08009154278788717	0.05800434378676876	-0.07708622039372331	0.05679323821304268	-0.07827166214978423	0.062034846865426	-0.08898252756341407	0.06096234039187219	-0.06921007372263774	0.05554230604366685	-0.07196290701518589	0.06360893571708093	-0.06319757024499102	0.07569345574268438	-0.07312631170232937	0.05912394268086302	-0.08414562088661964	0.06387172511276308	-0.08636768578887574	0.057952025840885574	-0.07599686624452559	0.07763455930958371	-0.07359654138663815	0.10170053009484104	-0.06440200517645828	0.15921383044297568	-0.22964321379682354	0.16344935294311375	-0.14677980186104878	0.13317558897412116	-0.17635042187808775	0.3009669170327052	-0.49088509615735265	0.19733556948959036	-0.07095535541256028	0.2100716499896721	-0.6813589856103971	0.9999999999999812	-0.2515248552297145	0.07680010641327044
0.0605556950666954	-0.0435368149012842	0.0587057868554748	-0.042862797644397724	0.059931548465518306	-0.0456460988743613	0.0662873874166872	-0.0450195643367014	0.05208349618216861	-0.04210732153889121	0.05073760663995905	-0.045777983061128395	0.046539307217099354	-0.055693515928363205	0.055601108974777935	-0.040482132727992025	0.06029793420280301	-0.044363126935353096	0.06057554557018506	-0.044970948347132264	0.04919410612569371	-0.05071241136508545	0.04954483700346863	-0.071133516847039	0.050705220651585975	-0.08429371809747396	0.11460321664487222	-0.09616487149257094	0.08754324147859951	-0.1287945291891485	0.07688317254404606	-0.14914851166891083	0.14267422635272758	-0.8909204624769764	0.17467233950735173	-0.09651287428714954	0.17303734776553537	-0.2515248552297145	0.9999999999999813	-0.2205070697173195
-0.07857935795375176	0.05508527884882307	-0.07629697008379041	0.05378891980871076	-0.07763776978374859	0.056804614084021876	-0.08444796463602244	0.05425951537737603	-0.06542894373432653	0.05262728007262672	-0.060220319101575485	0.05522616891520602	-0.056493112843571405	0.06505275893916526	-0.07076569513828639	0.04559795023342148	-0.07311410644565655	0.046737461363424194	-0.066922154802625	0.05515192594527428	-0.05184481631730567	0.052609503372226335	-0.05143033153607434	0.07078385637840424	-0.06689670962471952	0.05534180038153344	-0.07907309634521528	0.06909837045202241	-0.0725382709963392	0.18324388850645199	-0.043438854068660104	0.06514063899421337	-0.058387621159453326	0.18228574388611518	-0.9194955761100811	0.05315919452614796	-0.07527623599718287	0.07680010641327044	-0.2205070697173195	0.9999999999999817
