0.9999999999999998	-0.6126528976795166	0.08981659273777932	-0.10152105142615134	0.16684329374590162	-0.3026741811358828	0.3304721875345956	-0.11963190804171868	0.07574211658507225	-0.06322344936254763	0.2196390770063952	-0.3744885760108137	0.1361947910878844	-0.07428307403516174	0.07355535630521565	-0.1833652396787179	0.13139452239783447	-0.10927337803669604	0.08395435272755891	-0.10955026212879768	0.1421192990669765	-0.10743943909899156	0.10244651709283381	-0.09442614769221123	0.13045397518046012
-0.6126528976795166	0.9999999999999996	-0.058063179102212856	0.060055540857532674	-0.09117215087493703	0.17052199445696328	-0.7109650418073085	0.0688712236524704	-0.04116377620955714	0.03439172293195334	-0.15491418498857365	0.19673852680218132	-0.07625710791005307	0.03982156620663323	-0.039512786137467316	0.09685208587608425	-0.0717137543944565	0.05884664703694377	-0.045063983073006665	0.05820203768153232	-0.07730610434614843	0.05763314728075901	-0.0553308720529329	0.0504845520436167	-0.06992599483041231
0.08981659273777932	-0.058063179102212856	0.9999999999999993	-0.7346548504445973	0.2499104041992489	-0.043962159688863967	0.0828832026187693	-0.526360807242183	0.10885358909879961	-0.09793109384569659	0.05311692370961298	-0.17490834039871103	0.2393241379143325	-0.08648626046249763	0.08317403383418666	-0.0800538555521912	0.07091312576099798	-0.1271837511592109	0.08933729245092242	-0.11037714163380932	0.09287272805311675	-0.07247467934396185	0.09698563609967284	-0.087314070860707	0.11288525445717149
-0.10152105142615134	0.060055540857532674	-0.7346548504445973	0.9999999999999992	-0.4629637462492816	0.04883446009461308	-0.09201803422936791	0.28332229374314744	-0.1640864550493658	0.13786729052526922	-0.05983714986809742	0.17878333574512242	-0.2689370667008556	0.10377308556192827	-0.10425318410828036	0.08829739522566987	-0.0791969891191471	0.13297766646548262	-0.10129752114969812	0.12179039331998406	-0.10740472420412367	0.08096634999827475	-0.11070692896548041	0.09794647640136607	-0.13292592437418743
0.16684329374590162	-0.09117215087493703	0.2499104041992489	-0.4629637462492816	0.9999999999999993	-0.08336636856945889	0.14840844548840237	-0.3181325630912601	0.2427322405628754	-0.33013247919087857	0.10225022868529476	-0.35149466296115334	0.24607640381448323	-0.18340708013788976	0.1726136604697468	-0.15768401454685857	0.13237007288765107	-0.1973354823375082	0.156273201650644	-0.21675064300300553	0.16640139705761417	-0.1305468489706733	0.15765962500792344	-0.1551744547931824	0.1987251472537717
-0.3026741811358828	0.17052199445696328	-0.043962159688863967	0.04883446009461308	-0.08336636856945889	1.0000000000000002	-0.2525210883056972	0.05848569314504715	-0.03805880052017173	0.0316728412507392	-0.8747854175645375	0.1802823232413958	-0.07065952042248116	0.037956213967954934	-0.03773061163641456	0.1339940376454971	-0.09883942213139127	0.058071708516045595	-0.04430170820090673	0.05635967351846942	-0.09648173422915463	0.06782764381945237	-0.05809128616234099	0.05102930086648465	-0.06980687524970561
0.3304721875345956	-0.7109650418073085	0.0828832026187693	-0.09201803422936791	0.14840844548840237	-0.2525210883056972	1.0000000000000009	-0.11033967482107095	0.06726810197952261	-0.05614476079399792	0.192474218326886	-0.350231200369607	0.12406963848206347	-0.0656823308635288	0.06510097775929667	-0.15910418452670955	0.11634700316055142	-0.09706138931349517	0.07434350382845994	-0.09647277407341719	0.1254289685558578	-0.09471035934489548	0.09090854922595419	-0.08340105012768038	0.1154000000373711
-0.11963190804171868	0.0688712236524704	-0.526360807242183	0.28332229374314744	-0.3181325630912601	0.05848569314504715	-0.11033967482107095	1.0000000000000007	-0.1394590106296819	0.11487497762921589	-0.0721714948847232	0.2201287238408013	-0.6341858255695088	0.11747040219680494	-0.11712909837440069	0.10861686709840519	-0.10130066039301028	0.197313815913196	-0.13733109246982506	0.1506051489055693	-0.13896677430715415	0.10565064267897216	-0.1569041124721015	0.12887823294539877	-0.1724002883710105
0.07574211658507225	-0.04116377620955714	0.10885358909879961	-0.1640864550493658	0.2427322405628754	-0.03805880052017173	0.06726810197952261	-0.1394590106296819	0.9999999999999996	-0.8579141928717394	0.046783516807432014	-0.15386459753725806	0.12422292306525894	-0.2732966511747487	0.2220809259964626	-0.07643101772267673	0.06613196160741219	-0.11509832901158386	0.11752689833754669	-0.15547038660933843	0.08753126814345243	-0.06891805958567444	0.09202844505327791	-0.0953897240599953	0.1188852265683783
-0.06322344936254763	0.03439172293195334	-0.09793109384569659	0.13786729052526922	-0.33013247919087857	0.0316728412507392	-0.05614476079399792	0.11487497762921589	-0.8579141928717394	0.9999999999999991	-0.03897011278495485	0.12560864953949374	-0.10762739837480798	0.20977776459619668	-0.27173823138060493	0.06371427076349993	-0.05564537268231996	0.0967013074971679	-0.10170885413008399	0.13185146344290724	-0.07477444836604191	0.05827439837988321	-0.0790863457490963	0.08098971829250433	-0.10395092815447166
0.2196390770063952	-0.15491418498857365	0.05311692370961298	-0.05983714986809742	0.10225022868529476	-0.8747854175645375	0.192474218326886	-0.0721714948847232	0.046783516807432014	-0.03897011278495485	0.9999999999999989	-0.2412835879740746	0.0870133645604603	-0.04692351698599378	0.046520759175048186	-0.1900031981282201	0.11951615470178442	-0.07188589121070303	0.054666967618047256	-0.06991079859436536	0.11506237648980008	-0.08374896303566093	0.07113670299652826	-0.06293186573668051	0.0854264227321673
-0.3744885760108137	0.19673852680218132	-0.17490834039871103	0.17878333574512242	-0.35149466296115334	0.1802823232413958	-0.350231200369607	0.2201287238408013	-0.15386459753725806	0.12560864953949374	-0.2412835879740746	0.9999999999999989	-0.3738342921595896	0.1392601721628459	-0.14353762998510675	0.24755918744760955	-0.28981454437801524	0.21229673338024	-0.16292896114844788	0.1921800829609219	-0.28794916979212387	0.2019191537601277	-0.21357192365742295	0.18021379459372447	-0.2706403399308982
0.1361947910878844	-0.07625710791005307	0.2393241379143325	-0.2689370667008556	0.24607640381448323	-0.07065952042248116	0.12406963848206347	-0.6341858255695088	0.12422292306525894	-0.10762739837480798	0.0870133645604603	-0.3738342921595896	0.9999999999999991	-0.1540798023386397	0.1384006537318309	-0.14350607298825518	0.13277296079690099	-0.39475671027219883	0.18912052258948336	-0.21781885818243132	0.16947814765251082	-0.14256995188787647	0.20565643602314349	-0.17798051718089436	0.20612536672439813
-0.07428307403516174	0.03982156620663323	-0.08648626046249763	0.10377308556192827	-0.18340708013788976	0.037956213967954934	-0.0656823308635288	0.11747040219680494	-0.2732966511747487	0.20977776459619668	-0.04692351698599378	0.1392601721628459	-0.1540798023386397	0.9999999999999997	-0.819172123989861	0.08706075064919654	-0.08126818453769429	0.17597912077278127	-0.3133593292705393	0.26138645520084347	-0.11887382584661059	0.09259845973898546	-0.1490653472222449	0.1570137816439217	-0.2020901368945241
0.07355535630521565	-0.039512786137467316	0.08317403383418666	-0.10425318410828036	0.1726136604697468	-0.03773061163641456	0.06510097775929667	-0.11712909837440069	0.2220809259964626	-0.27173823138060493	0.046520759175048186	-0.14353762998510675	0.1384006537318309	-0.819172123989861	0.9999999999999981	-0.08592905906123723	0.07806441352728838	-0.1732642213357964	0.23284654993971363	-0.34920883374607703	0.11066523245093897	-0.08871384505150186	0.13562591389353854	-0.1516406810832995	0.17820159522002527
-0.1833652396787179	0.09685208587608425	-0.0800538555521912	0.08829739522566987	-0.15768401454685857	0.1339940376454971	-0.15910418452670955	0.10861686709840519	-0.07643101772267673	0.06371427076349993	-0.1900031981282201	0.24755918744760955	-0.14350607298825518	0.08706075064919654	-0.08592905906123723	0.9999999999999957	-0.7161408906913955	0.1541543246853149	-0.11428324694461447	0.13772128366842434	-0.4782646027658397	0.29817776240955174	-0.1888666439791555	0.14400847962527125	-0.18137999865259297
0.13139452239783447	-0.0717137543944565	0.07091312576099798	-0.0791969891191471	0.13237007288765107	-0.09883942213139127	0.11634700316055142	-0.10130066039301028	0.06613196160741219	-0.05564537268231996	0.11951615470178442	-0.28981454437801524	0.13277296079690099	-0.08126818453769429	0.07806441352728838	-0.7161408906913955	0.999999999999998	-0.16188345493863102	0.11034637574077016	-0.1340648888341208	0.31346694858225327	-0.509849589525289	0.18964179210905055	-0.14745595680483403	0.15583082041395718
-0.10927337803669604	0.05884664703694377	-0.1271837511592109	0.13297766646548262	-0.1973354823375082	0.058071708516045595	-0.09706138931349517	0.197313815913196	-0.11509832901158386	0.0967013074971679	-0.07188589121070303	0.21229673338024	-0.39475671027219883	0.17597912077278127	-0.1732642213357964	0.1541543246853149	-0.16188345493863102	0.9999999999999974	-0.4748079007999079	0.2823045307646972	-0.2412619692991949	0.20456742379088239	-0.5561801066998309	0.28603111134748194	-0.323599342784482
0.08395435272755891	-0.045063983073006665	0.08933729245092242	-0.10129752114969812	0.156273201650644	-0.04430170820090673	0.07434350382845994	-0.13733109246982506	0.11752689833754669	-0.10170885413008399	0.054666967618047256	-0.16292896114844788	0.18912052258948336	-0.3133593292705393	0.23284654993971363	-0.11428324694461447	0.11034637574077016	-0.4748079007999079	0.9999999999999968	-0.6487487950270028	0.16087616081914263	-0.13968291635544344	0.25972858321894104	-0.3760284560572681	0.2834066927232571
-0.10955026212879768	0.05820203768153232	-0.11037714163380932	0.12179039331998406	-0.21675064300300553	0.05635967351846942	-0.09647277407341719	0.1506051489055693	-0.15547038660933843	0.13185146344290724	-0.06991079859436536	0.1921800829609219	-0.21781885818243132	0.26138645520084347	-0.34920883374607703	0.13772128366842434	-0.1340648888341208	0.2823045307646972	-0.6487487950270028	0.9999999999999963	-0.20778435863722056	0.15658093235611326	-0.2717211272017793	0.2747786837807443	-0.4250579829317563
0.1421192990669765	-0.07730610434614843	0.09287272805311675	-0.10740472420412367	0.16640139705761417	-0.09648173422915463	0.1254289685558578	-0.13896677430715415	0.08753126814345243	-0.07477444836604191	0.11506237648980008	-0.28794916979212387	0.16947814765251082	-0.11887382584661059	0.11066523245093897	-0.4782646027658397	0.31346694858225327	-0.2412619692991949	0.16087616081914263	-0.20778435863722056	0.9999999999999958	-0.6525070899568337	0.251967281266856	-0.21468609905476777	0.20644192938829908
-0.10743943909899156	0.05763314728075901	-0.07247467934396185	0.08096634999827475	-0.1305468489706733	0.06782764381945237	-0.09471035934489548	0.10565064267897216	-0.06891805958567444	0.05827439837988321	-0.08374896303566093	0.2019191537601277	-0.14256995188787647	0.09259845973898546	-0.08871384505150186	0.29817776240955174	-0.509849589525289	0.20456742379088239	-0.13968291635544344	0.15658093235611326	-0.6525070899568337	0.9999999999999957	-0.3917217481922668	0.1921759445598974	-0.1941565025278006
0.10244651709283381	-0.0553308720529329	0.09698563609967284	-0.11070692896548041	0.15765962500792344	-0.05809128616234099	0.09090854922595419	-0.1569041124721015	0.09202844505327791	-0.0790863457490963	0.07113670299652826	-0.21357192365742295	0.20565643602314349	-0.1490653472222449	0.13562591389353854	-0.1888666439791555	0.18964179210905055	-0.5561801066998309	0.25972858321894104	-0.2717211272017793	0.251967281266856	-0.3917217481922668	0.9999999999999954	-0.524427418902776	0.2881397704241299
-0.09442614769221123	0.0504845520436167	-0.087314070860707	0.09794647640136607	-0.1551744547931824	0.05102930086648465	-0.08340105012768038	0.12887823294539877	-0.0953897240599953	0.08098971829250433	-0.06293186573668051	0.18021379459372447	-0.17798051718089436	0.1570137816439217	-0.1516406810832995	0.14400847962527125	-0.14745595680483403	0.28603111134748194	-0.3760284560572681	0.2747786837807443	-0.21468609905476777	0.1921759445598974	-0.524427418902776	0.9999999999999963	-0.6459012960851219
0.13045397518046012	-0.06992599483041231	0.11288525445717149	-0.13292592437418743	0.1987251472537717	-0.06980687524970561	0.1154000000373711	-0.1724002883710105	0.1188852265683783	-0.10395092815447166	0.0854264227321673	-0.2706403399308982	0.20612536672439813	-0.2020901368945241	0.17820159522002527	-0.18137999865259297	0.15583082041395718	-0.323599342784482	0.2834066927232571	-0.4250579829317563	0.20644192938829908	-0.1941565025278006	0.2881397704241299	-0.6459012960851219	0.999999999999996
