1.0	-0.3886398720521464	0.17583516326583007	-0.1245600889863486	0.11835940434001012	-0.7632377113250696	0.30570161274382385	-0.3453899166005867	0.15690238097001108	-0.10641581122189303	0.22872217273341552	-0.18148430052597525	0.16791569350129848	-0.16219313496888058	0.1145994095938002	-0.10915344557450092	0.15962303624835014	-0.1448150865101816	0.1364432886537735	-0.11438554736624003	0.12434596136423537	-0.1895315993999594	0.13654824562165213	-0.13210759878273454	0.09099498234380989	-0.09294343888114127	0.07519629920845372	-0.1929988874603423	0.1445801991801696	-0.08791140954075256
-0.3886398720521464	1.0	-0.41516729869111185	0.22386826866238907	-0.2213902834070297	0.2670424244333624	-0.46017345101667984	0.31939687090261376	-0.2724383690637342	0.1770371935960941	-0.39493992856715476	0.2316441417907161	-0.24002884977149833	0.23142313862292216	-0.19485244963809276	0.16639208104670955	-0.23553610026102037	0.20105296517433166	-0.212096856577208	0.1753253820671384	-0.20625952024902636	0.2361602684275499	-0.19123874481399017	0.19036094337800372	-0.14119736947307973	0.11492218071350908	-0.09699409281108198	0.24132179052210245	-0.23547032320660408	0.13047586310303189
0.17583516326583007	-0.41516729869111185	1.0	-0.6573373061703391	0.2568629919523589	-0.1552836234778582	0.20290839827858187	-0.32245285851225863	0.28823304719224807	-0.2477233579026181	0.21624334843455467	-0.18103745525129755	0.19495961613586077	-0.27583452382329354	0.18025996168141825	-0.10867623760539187	0.16939638099253534	-0.17368052849106805	0.17908116218204062	-0.18201328890864735	0.12764491275259768	-0.2034950122762596	0.1582424355399064	-0.16470371900802713	0.11422452540955663	-0.0979542066928388	0.08027852884534245	-0.21709211276439197	0.16977839496016642	-0.111497336168044
-0.1245600889863486	0.22386826866238907	-0.6573373061703391	1.0000000000000002	-0.4367206116750052	0.10504506687316949	-0.13779575213673145	0.2002494880802316	-0.4647038727330661	0.2453595494513158	-0.16522638499747844	0.1361759801323649	-0.16082403177727575	0.23642284225344196	-0.17529484123703776	0.08258925609879421	-0.13184794787874163	0.13612421745956582	-0.1521344831399853	0.154592271119863	-0.09787108917376014	0.14772839154577516	-0.12195693078587207	0.12769166362243894	-0.09114460495004735	0.07038495545643887	-0.05855745359706739	0.15720408994433185	-0.1338620658599666	0.08640142476624837
0.11835940434001012	-0.2213902834070297	0.2568629919523589	-0.4367206116750052	0.9999999999999999	-0.10328874874853301	0.12908149378341097	-0.18974036357023796	0.24622209242956253	-0.7137574358954759	0.16502223389147946	-0.13902528461284794	0.15323885745377455	-0.21646578943777878	0.25568628733175036	-0.0854723821946629	0.13629755373258268	-0.15327531375814912	0.17377091882541754	-0.24634939497468714	0.10020602956031253	-0.16668513284547115	0.13672933012933378	-0.15174278358725263	0.10961740746522738	-0.07948939388885837	0.06551900294707527	-0.18389731734739692	0.1478003548137627	-0.10711372045013365
-0.7632377113250696	0.2670424244333624	-0.1552836234778582	0.10504506687316949	-0.10328874874853301	1.0	-0.49251103931646917	0.26582656496051277	-0.13872590799183443	0.08982948087875811	-0.24499235576254202	0.1643883269386548	-0.1528960765747766	0.13541625642653946	-0.09945519063482462	0.1014433319811887	-0.14835239454579022	0.12348374975826713	-0.11829998771294185	0.09627949992000928	-0.11667406341872007	0.1527008538979505	-0.11510371464323446	0.11021511243710509	-0.07734280020033515	0.07417939485075281	-0.061155063520321504	0.15295495423586586	-0.12482595208437888	0.07333961296384187
0.30570161274382385	-0.46017345101667984	0.20290839827858187	-0.13779575213673145	0.12908149378341097	-0.49251103931646917	0.9999999999999992	-0.5908852892734792	0.18169444287030015	-0.11295425683934499	0.23648211180249548	-0.28428264282264376	0.21337719174877126	-0.18027685700211657	0.12228569751465652	-0.11602584178135267	0.19202066664014628	-0.1593617942296282	0.1466442172394723	-0.11881935075503251	0.13295051921983994	-0.17980651138215314	0.13918989756074815	-0.1327914024794538	0.092193955922395	-0.08431924438981694	0.07051174798375462	-0.17589630847908366	0.14773912371788478	-0.0868813345728129
-0.3453899166005867	0.31939687090261376	-0.32245285851225863	0.2002494880802316	-0.18974036357023796	0.26582656496051277	-0.5908852892734792	0.9999999999999984	-0.30398754080240237	0.15953154705337078	-0.3168563536623124	0.25318508628208214	-0.3331911154934406	0.24494084255187812	-0.17311068206847038	0.14647169849248676	-0.236549529598756	0.2052192882797922	-0.20274179134325399	0.16096739347491462	-0.17621700824945793	0.21894424047446537	-0.18327508154896072	0.17462119865017373	-0.12472343126005167	0.10411052093238413	-0.08829388020972036	0.22018779318358195	-0.20176408596290965	0.11552639682199639
0.15690238097001108	-0.2724383690637342	0.28823304719224807	-0.4647038727330661	0.24622209242956253	-0.13872590799183443	0.18169444287030015	-0.30398754080240237	0.999999999999998	-0.27472807048526793	0.21034583414422311	-0.20711780816747624	0.24744870246524667	-0.6183799008312734	0.19504638064453667	-0.11066008278448712	0.18289462470782872	-0.19793443059719998	0.20840925632226434	-0.1933632459878689	0.1282711533792832	-0.20421650689707102	0.16701010990473084	-0.17411172606420852	0.11718523587852622	-0.0956117519313575	0.07942107174130919	-0.21365526384177602	0.1727368572950866	-0.11218671004742872
-0.10641581122189303	0.1770371935960941	-0.2477233579026181	0.2453595494513158	-0.7137574358954759	0.08982948087875811	-0.11295425683934499	0.15953154705337078	-0.27472807048526793	0.9999999999999963	-0.1548629178418103	0.12474434964118986	-0.14438553845543112	0.19359348205931748	-0.4700431367087689	0.07880233318801032	-0.1272172096514009	0.1410796557197828	-0.18197353872851074	0.2406785093848881	-0.09352653406758965	0.14507059930075167	-0.12622184025097244	0.1401066843227678	-0.10743085734616721	0.06874735526188867	-0.05751295712487339	0.15851329577068782	-0.14304912466180292	0.09870855180608724
0.22872217273341552	-0.39493992856715476	0.21624334843455467	-0.16522638499747844	0.16502223389147946	-0.24499235576254202	0.23648211180249548	-0.3168563536623124	0.21034583414422311	-0.1548629178418103	0.9999999999999989	-0.30951780964755393	0.246137056813268	-0.24494897094560508	0.17400799083506566	-0.3751224817971179	0.2818214778674414	-0.25194900368154916	0.2219257312576646	-0.18424800095050162	0.2761181401644795	-0.4159428261285124	0.2529051246740418	-0.23620098929648534	0.15481729099814864	-0.2111358529395686	0.1623983638708566	-0.4084437371260149	0.24207615395877835	-0.1546354155906833
-0.18148430052597525	0.2316441417907161	-0.18103745525129755	0.1361759801323649	-0.13902528461284794	0.1643883269386548	-0.28428264282264376	0.25318508628208214	-0.20711780816747624	0.12474434964118986	-0.30951780964755393	0.9999999999999928	-0.5556195500431043	0.2411379898827456	-0.14920370432296595	0.18684491165728898	-0.5894420348263829	0.26774345994020055	-0.21209724703602503	0.14975658134933997	-0.20480080320824107	0.24944786932245033	-0.20673028924855133	0.17530182244610298	-0.11626913512872256	0.10831476632156417	-0.09517459031128458	0.21983516338350204	-0.18428757688694342	0.10756978585028606
0.16791569350129848	-0.24002884977149833	0.19495961613586077	-0.16082403177727575	0.15323885745377455	-0.1528960765747766	0.21337719174877126	-0.3331911154934406	0.24744870246524667	-0.14438553845543112	0.246137056813268	-0.5556195500431043	0.999999999999995	-0.46948847989663345	0.16500094289561845	-0.14797591655182785	0.29299314335616594	-0.4115538047366708	0.24172190407078914	-0.17612109121333328	0.16090887863398376	-0.2533387207494801	0.2231627315283151	-0.19964608619862997	0.12439269473401524	-0.10931683392184315	0.09328755626364893	-0.24425373687674282	0.19078280575031004	-0.11668794189703532
-0.16219313496888058	0.23142313862292216	-0.27583452382329354	0.23642284225344196	-0.21646578943777878	0.13541625642653946	-0.18027685700211657	0.24494084255187812	-0.6183799008312734	0.19359348205931748	-0.24494897094560508	0.2411379898827456	-0.46948847989663345	0.9999999999999957	-0.22014322870173542	0.12804488864754204	-0.2317511952553264	0.24076248766359928	-0.3102079964813135	0.19988117685096962	-0.15101370606397077	0.2122677940786576	-0.1976789975059013	0.19533594403217222	-0.13279291050157618	0.09798784516476546	-0.08390815779076166	0.21844211288937773	-0.20155711130258444	0.12098416111258918
0.1145994095938002	-0.19485244963809276	0.18025996168141825	-0.17529484123703776	0.25568628733175036	-0.09945519063482462	0.12228569751465652	-0.17311068206847038	0.19504638064453667	-0.4700431367087689	0.17400799083506566	-0.14920370432296595	0.16500094289561845	-0.22014322870173542	0.9999999999999937	-0.0931393989978864	0.15302822568507896	-0.1976178317840192	0.25703557231043656	-0.686033257782866	0.10852748967880954	-0.1872715319744065	0.1657649582221339	-0.20330921409234645	0.15286875665024974	-0.08743804299721941	0.07278809525372262	-0.21167453005749765	0.17877244721930813	-0.1470851707487093
-0.10915344557450092	0.16639208104670955	-0.10867623760539187	0.08258925609879421	-0.0854723821946629	0.1014433319811887	-0.11602584178135267	0.14647169849248676	-0.11066008278448712	0.07880233318801032	-0.3751224817971179	0.18684491165728898	-0.14797591655182785	0.12804488864754204	-0.0931393989978864	0.999999999999997	-0.31478584062455095	0.15636579838362977	-0.12731969943860488	0.09730190932275858	-0.8247532970099951	0.21763404184761218	-0.1406103282318349	0.12275663900983064	-0.0805748293350932	0.10394764712183407	-0.08634788410582538	0.18240034717453157	-0.12781190359369915	0.07743468916496166
0.15962303624835014	-0.23553610026102037	0.16939638099253534	-0.13184794787874163	0.13629755373258268	-0.14835239454579022	0.19202066664014628	-0.236549529598756	0.18289462470782872	-0.1272172096514009	0.2818214778674414	-0.5894420348263829	0.29299314335616594	-0.2317511952553264	0.15302822568507896	-0.31478584062455095	0.9999999999999932	-0.41202899327248865	0.22811768575767966	-0.16717651099300293	0.24183596160166287	-0.40258177057513855	0.24574592783636245	-0.20704773815243346	0.12794314574463966	-0.14194295150853542	0.12352157432994594	-0.26828535825697253	0.1999977205444759	-0.12069154844312098
-0.1448150865101816	0.20105296517433166	-0.17368052849106805	0.13612421745956582	-0.15327531375814912	0.12348374975826713	-0.1593617942296282	0.2052192882797922	-0.19793443059719998	0.1410796557197828	-0.25194900368154916	0.26774345994020055	-0.4115538047366708	0.24076248766359928	-0.1976178317840192	0.15636579838362977	-0.41202899327248865	0.9999999999999923	-0.4902537263718146	0.21365645701571023	-0.1773238121990813	0.27236425440299	-0.4859088387065955	0.264796743640419	-0.15585711041512337	0.11356314998819783	-0.10219582458416682	0.27789878874721613	-0.23861343469873675	0.13825852219420565
0.1364432886537735	-0.212096856577208	0.17908116218204062	-0.1521344831399853	0.17377091882541754	-0.11829998771294185	0.1466442172394723	-0.20274179134325399	0.20840925632226434	-0.18197353872851074	0.2219257312576646	-0.21209724703602503	0.24172190407078914	-0.3102079964813135	0.25703557231043656	-0.12731969943860488	0.22811768575767966	-0.4902537263718146	0.9999999999999918	-0.4787863294308286	0.14456545445064997	-0.2558092981297277	0.27306228583639913	-0.4381384459343855	0.18982397961398387	-0.11190535634029519	0.09567481682932671	-0.28494360062941104	0.25442111075076407	-0.1739890221923062
-0.11438554736624003	0.1753253820671384	-0.18201328890864735	0.154592271119863	-0.24634939497468714	0.09627949992000928	-0.11881935075503251	0.16096739347491462	-0.1933632459878689	0.2406785093848881	-0.18424800095050162	0.14975658134933997	-0.17612109121333328	0.19988117685096962	-0.686033257782866	0.09730190932275858	-0.16717651099300293	0.21365645701571023	-0.4787863294308286	0.9999999999999873	-0.11530276506369101	0.18134936221131642	-0.18393639571775858	0.2222785489330024	-0.2114028330172938	0.08386171155070496	-0.07157651719365504	0.2017359435013002	-0.21016653987184042	0.16201632742977148
0.12434596136423537	-0.20625952024902636	0.12764491275259768	-0.09787108917376014	0.10020602956031253	-0.11667406341872007	0.13295051921983994	-0.17621700824945793	0.1282711533792832	-0.09352653406758965	0.2761181401644795	-0.20480080320824107	0.16090887863398376	-0.15101370606397077	0.10852748967880954	-0.8247532970099951	0.24183596160166287	-0.1773238121990813	0.14456545445064997	-0.11530276506369101	0.9999999999999886	-0.2898602707744238	0.1651507772864798	-0.14811133050590414	0.09594659622873133	-0.1395240693796589	0.11009973298279069	-0.2326973544868373	0.15114678617702032	-0.09378276725388138
-0.1895315993999594	0.2361602684275499	-0.2034950122762596	0.14772839154577516	-0.16668513284547115	0.1527008538979505	-0.17980651138215314	0.21894424047446537	-0.20421650689707102	0.14507059930075167	-0.4159428261285124	0.24944786932245033	-0.2533387207494801	0.2122677940786576	-0.1872715319744065	0.21763404184761218	-0.40258177057513855	0.27236425440299	-0.2558092981297277	0.18134936221131642	-0.2898602707744238	0.9999999999999868	-0.4283683640232613	0.2505691869338513	-0.1758442954402942	0.24022491846482635	-0.32894160748477763	0.30566837585045675	-0.30478242734669425	0.15634572128846497
0.13654824562165213	-0.19123874481399017	0.1582424355399064	-0.12195693078587207	0.13672933012933378	-0.11510371464323446	0.13918989756074815	-0.18327508154896072	0.16701010990473084	-0.12622184025097244	0.2529051246740418	-0.20673028924855133	0.2231627315283151	-0.1976789975059013	0.1657649582221339	-0.1406103282318349	0.24574592783636245	-0.4859088387065955	0.27306228583639913	-0.18393639571775858	0.1651507772864798	-0.4283683640232613	0.9999999999999872	-0.43322877312012964	0.1767873393228959	-0.13983166074774595	0.1291247829376287	-0.5322078193850948	0.278196372639754	-0.16132253593584425
-0.13210759878273454	0.19036094337800372	-0.16470371900802713	0.12769166362243894	-0.15174278358725263	0.11021511243710509	-0.1327914024794538	0.17462119865017373	-0.17411172606420852	0.1401066843227678	-0.23620098929648534	0.17530182244610298	-0.19964608619862997	0.19533594403217222	-0.20330921409234645	0.12275663900983064	-0.20704773815243346	0.264796743640419	-0.4381384459343855	0.2222785489330024	-0.14811133050590414	0.2505691869338513	-0.43322877312012964	0.9999999999999863	-0.37390874866145996	0.11232865315154722	-0.09985303676458018	0.29818326715386023	-0.549021821437633	0.25937701084141496
0.09099498234380989	-0.14119736947307973	0.11422452540955663	-0.09114460495004735	0.10961740746522738	-0.07734280020033515	0.092193955922395	-0.12472343126005167	0.11718523587852622	-0.10743085734616721	0.15481729099814864	-0.11626913512872256	0.12439269473401524	-0.13279291050157618	0.15286875665024974	-0.0805748293350932	0.12794314574463966	-0.15585711041512337	0.18982397961398387	-0.2114028330172938	0.09594659622873133	-0.1758442954402942	0.1767873393228959	-0.37390874866145996	0.999999999999985	-0.08177925266649835	0.06890830138122647	-0.22316168281287943	0.29135402098541885	-0.813628366672128
-0.09294343888114127	0.11492218071350908	-0.0979542066928388	0.07038495545643887	-0.07948939388885837	0.07417939485075281	-0.08431924438981694	0.10411052093238413	-0.0956117519313575	0.06874735526188867	-0.2111358529395686	0.10831476632156417	-0.10931683392184315	0.09798784516476546	-0.08743804299721941	0.10394764712183407	-0.14194295150853542	0.11356314998819783	-0.11190535634029519	0.08386171155070496	-0.1395240693796589	0.24022491846482635	-0.13983166074774595	0.11232865315154722	-0.08177925266649835	0.9999999999999853	-0.9018599208388112	0.15423780657472563	-0.1458184028858578	0.0740594776317623
0.07519629920845372	-0.09699409281108198	0.08027852884534245	-0.05855745359706739	0.06551900294707527	-0.061155063520321504	0.07051174798375462	-0.08829388020972036	0.07942107174130919	-0.05751295712487339	0.1623983638708566	-0.09517459031128458	0.09328755626364893	-0.08390815779076166	0.07278809525372262	-0.08634788410582538	0.12352157432994594	-0.10219582458416682	0.09567481682932671	-0.07157651719365504	0.11009973298279069	-0.32894160748477763	0.1291247829376287	-0.09985303676458018	0.06890830138122647	-0.9018599208388112	0.9999999999999847	-0.15155540607134646	0.12022417986096955	-0.0630276576857176
-0.1929988874603423	0.24132179052210245	-0.21709211276439197	0.15720408994433185	-0.18389731734739692	0.15295495423586586	-0.17589630847908366	0.22018779318358195	-0.21365526384177602	0.15851329577068782	-0.4084437371260149	0.21983516338350204	-0.24425373687674282	0.21844211288937773	-0.21167453005749765	0.18240034717453157	-0.26828535825697253	0.27789878874721613	-0.28494360062941104	0.2017359435013002	-0.2326973544868373	0.30566837585045675	-0.5322078193850948	0.29818326715386023	-0.22316168281287943	0.15423780657472563	-0.15155540607134646	0.9999999999999847	-0.4431698802798463	0.1953492695328461
0.1445801991801696	-0.23547032320660408	0.16977839496016642	-0.1338620658599666	0.1478003548137627	-0.12482595208437888	0.14773912371788478	-0.20176408596290965	0.1727368572950866	-0.14304912466180292	0.24207615395877835	-0.18428757688694342	0.19078280575031004	-0.20155711130258444	0.17877244721930813	-0.12781190359369915	0.1999977205444759	-0.23861343469873675	0.25442111075076407	-0.21016653987184042	0.15114678617702032	-0.30478242734669425	0.278196372639754	-0.549021821437633	0.29135402098541885	-0.1458184028858578	0.12022417986096955	-0.4431698802798463	0.9999999999999849	-0.44540587206429605
-0.08791140954075256	0.13047586310303189	-0.111497336168044	0.08640142476624837	-0.10711372045013365	0.07333961296384187	-0.0868813345728129	0.11552639682199639	-0.11218671004742872	0.09870855180608724	-0.1546354155906833	0.10756978585028606	-0.11668794189703532	0.12098416111258918	-0.1470851707487093	0.07743468916496166	-0.12069154844312098	0.13825852219420565	-0.1739890221923062	0.16201632742977148	-0.09378276725388138	0.15634572128846497	-0.16132253593584425	0.25937701084141496	-0.813628366672128	0.0740594776317623	-0.0630276576857176	0.1953492695328461	-0.44540587206429605	0.9999999999999848
