1.0	-0.4103291436461363	0.17668787699510444	-0.12824408173923715	0.09528736482416215	-0.7663325230228135	0.30534649329325064	-0.24774886740271843	0.12260173337176754	-0.08358019896125077	0.16788648919582053	-0.1885343318133794	0.14597816445416384	-0.12040901305161997	0.0932188851484225	-0.1879128435172777	0.14949313182277033	-0.12676779909210958	0.13526242086089024	-0.11800498030498659	0.12766545725358164	-0.12136160440676325	0.09907040172074955	-0.08564523121555455	0.08972524759452741	-0.0783083675594378	0.08232985730430689	-0.08439576032209971	0.09088175307819257	-0.08483364030587176	0.05832930891337569	-0.06775395562082316	0.07709083695972516	-0.06354446645894944	0.0612538532447774	-0.06015819364416296	0.0621166497331984	-0.08311737820026158	0.06157562582293146	-0.06511772237115142	0.020294438853922212	-0.019179885532930478	0.0718043656517181	-0.04623514844365478	0.07462951747378194
-0.4103291436461363	0.9999999999999998	-0.42946048684081806	0.19363701686766635	-0.15490118928936722	0.2736648076790063	-0.6209833275953444	0.29677363289122877	-0.20110282882621372	0.12085339060129308	-0.12159890701674601	0.21523874277479454	-0.18928945920002074	0.13863214351983094	-0.11459243853559202	0.11766782773596904	-0.1933606594833566	0.14632548346357974	-0.16857905249771107	0.13074743397774613	-0.13665915944800344	0.13427709566669438	-0.11629567411171007	0.097296296808599	-0.1047398387687023	0.08331147146642447	-0.09231102753543441	0.09406971415043623	-0.10464514130247189	0.09355213646179775	-0.06367825056790796	0.07386379483032099	-0.08669948704692082	0.06983441652443505	-0.06829184233558756	0.06426842400518847	-0.06833155342948898	0.08917551557295704	-0.06812876854553912	0.07106889862820204	-0.022321969418168865	0.021002969772327573	-0.08042876414766699	0.05145715817060518	-0.08369884303102905
0.17668787699510444	-0.42946048684081806	0.9999999999999999	-0.4633798513556822	0.19331408635502967	-0.14456347541070041	0.23156220157942406	-0.6741292183895807	0.2606669565527192	-0.1606523086891267	0.06978670483881233	-0.13661262685403963	0.1339212246652508	-0.11320803209792392	0.09148055361659439	-0.07072310591187563	0.11620934594121403	-0.10348668924574918	0.11488914458698905	-0.10191009172813482	0.08734526459187703	-0.09018801318189003	0.07761648765677999	-0.06703416520232718	0.07207926544992213	-0.05532549889839385	0.06099967648574289	-0.06336902220893455	0.07017813515885116	-0.06424636213365108	0.0422031773667172	-0.049372405689424345	0.05780770071996493	-0.04701766774564936	0.04598515768039732	-0.042933559785127175	0.04543255983859383	-0.06005469755130146	0.0455957352053913	-0.04800945675211314	0.014831051568591845	-0.01397620691391251	0.05328377511887189	-0.034232667601225605	0.055475048802471165
-0.12824408173923715	0.19363701686766635	-0.4633798513556822	0.9999999999999999	-0.4674606030840409	0.09867163800661347	-0.14841267094761684	0.28189722775628917	-0.6344842441426908	0.2864864533298479	-0.054150465542015344	0.10443485020468248	-0.11140868154083877	0.11825383929923962	-0.10411418573816399	0.055001525305202	-0.0969432412753014	0.08946373230008355	-0.1085861459733849	0.10299028181323373	-0.07780545387838912	0.07819588907069089	-0.06898463087312237	0.061381313447073774	-0.06759483199309733	0.049387607153158715	-0.05458898325580133	0.05692868638217212	-0.06404691616113858	0.05888086249975442	-0.03791807761445081	0.04435666530872931	-0.05222250936380435	0.04261647082643452	-0.04192679824181087	0.03852899491543784	-0.04094495187598004	0.05422477198207307	-0.04138337346213766	0.04362953757130337	-0.013397362962900977	0.012618034235997897	-0.04850285410297066	0.031131945731578736	-0.05052363766633081
0.09528736482416215	-0.15490118928936722	0.19331408635502967	-0.4674606030840409	0.9999999999999998	-0.07936135478235995	0.11046544198855633	-0.23543974169755272	0.31683187947832697	-0.7671645874645696	0.04608981445774679	-0.09308009569649492	0.09919775572032526	-0.1249643131937	0.1216779827496181	-0.04785531365550931	0.08446657738242859	-0.08364649467424877	0.09969488784167777	-0.11830717872028636	0.069277505440063	-0.07249670351862546	0.06349721658675907	-0.058696052331881084	0.06493844715745223	-0.04535009724474169	0.049899372788175946	-0.052871733244830285	0.05938181188854865	-0.056125156501945786	0.03469748032052207	-0.0409035706133238	0.048052379981854826	-0.03959177009124899	0.03900576158868115	-0.03550640090452809	0.037550493442968305	-0.05031512312870159	0.0381860836137258	-0.040677381382496366	0.012265103811612476	-0.011569877947095093	0.04421111740360905	-0.028514739743079325	0.046081733149194844
-0.7663325230228135	0.2736648076790063	-0.14456347541070041	0.09867163800661347	-0.07936135478235995	0.9999999999999999	-0.4841554448370244	0.1824896842494538	-0.10227741187684927	0.06717336299025826	-0.20549746194387075	0.17665511219863422	-0.13804669338227862	0.1015565186924423	-0.08066451610954124	0.1675091536752055	-0.14548941382839714	0.11074975834061063	-0.12113865238860909	0.09763519692275963	-0.11306174287513925	0.10459731682059102	-0.08737862846310449	0.07348507238195075	-0.07775992579213169	0.0665499244117105	-0.07118229835624111	0.07219627860628214	-0.07864884533953936	0.07160557374086851	-0.0497741879121383	0.057510171812424016	-0.06617340728719788	0.05377353976100939	-0.052106727470888306	0.05071379181602098	-0.0529221188963834	0.06962471914518333	-0.05226395246292438	0.05481846941920907	-0.01725402408224775	0.016273539344809462	-0.0612238733048584	0.03930928625147907	-0.06365471797576831
0.30534649329325064	-0.6209833275953444	0.23156220157942406	-0.14841267094761684	0.11046544198855633	-0.4841554448370244	1.000000000000001	-0.34363788076929913	0.14588314479369535	-0.09400436022165676	0.13462843806070895	-0.3292256232702953	0.18782134057460562	-0.13427999696276635	0.10334180924525671	-0.13475268329049014	0.18688681899821588	-0.1441367560499518	0.14816621420296824	-0.1222804392270292	0.11967461570850796	-0.131529248600349	0.10750060500907016	-0.0894193942040075	0.09404222119635111	-0.07570086919278773	0.0832641985691283	-0.08602540715951683	0.09342858190645806	-0.08493253395940997	0.057020578476979986	-0.06678113428780805	0.07766983976683484	-0.06276114704295727	0.060995645347381104	-0.05807472065401968	0.06107605386299316	-0.08038143731594273	0.060662618783105325	-0.06377854142095414	0.019837814774050562	-0.018711198759016348	0.07036341242344521	-0.0453062758342729	0.0732218039483539
-0.24774886740271843	0.29677363289122877	-0.6741292183895807	0.28189722775628917	-0.23543974169755272	0.1824896842494538	-0.34363788076929913	1.0000000000000004	-0.3645525765700307	0.17988884392550336	-0.09332323561959152	0.1800334502892225	-0.2045020369736573	0.14770853512332102	-0.1220631061896328	0.09227305446790057	-0.16229937484929832	0.14027226421203418	-0.1606387341857438	0.13208656753775402	-0.12038964669520544	0.12115034875382574	-0.10658311871391304	0.09076481582762796	-0.09826807989787584	0.07507350016265654	-0.08339873535553603	0.0860935998204341	-0.0961437309145144	0.0867166889550773	-0.05755010046057037	0.06707875242396362	-0.07900790780290108	0.06387109024791578	-0.06263257306030735	0.05821252977874379	-0.061969497962458174	0.08130371062053963	-0.0621641821370733	0.06510658197213362	-0.020248352863750364	0.019057507034598742	-0.07311952876617711	0.046847473940792375	-0.0761289029027187
0.12260173337176754	-0.20110282882621372	0.2606669565527192	-0.6344842441426908	0.31683187947832697	-0.10227741187684927	0.14588314479369535	-0.3645525765700307	1.0000000000000007	-0.5218417461625029	0.05768641451538144	-0.1167478580450675	0.12599939301492152	-0.16192764659986927	0.13019257551746283	-0.05960716052465835	0.10453699780822737	-0.10204553681688773	0.12034250789623047	-0.1278757157886891	0.083770912141781	-0.08756690644036627	0.07661268328184188	-0.06938655515847861	0.07630263166975956	-0.05446082981872387	0.06002205118673501	-0.06332206583886266	0.07089417896428989	-0.06628675195199388	0.0416594080929026	-0.04902519666269428	0.05759354193594387	-0.047256467474756404	0.04647940857553343	-0.042555800419945264	0.04503671163745737	-0.06011515581355684	0.04565071944854352	-0.048457463981183085	0.0147080000691104	-0.013869776467675732	0.05299117451203751	-0.03413881372808497	0.05521787183464623
-0.08358019896125077	0.12085339060129308	-0.1606523086891267	0.2864864533298479	-0.7671645874645696	0.06717336299025826	-0.09400436022165676	0.17988884392550336	-0.5218417461625029	1.0000000000000002	-0.040923528869029446	0.08332597661245328	-0.09424593458090753	0.12599127635211468	-0.14926511888633803	0.04216559420367229	-0.07827134602553255	0.07778299686432265	-0.09748713524843375	0.11467724198864054	-0.06413519154026392	0.06658635221340102	-0.05950273727250593	0.055242155835891496	-0.062454618398036635	0.04182873320618685	-0.04636307019870082	0.04915587570663127	-0.05589878777775045	0.052369990559028794	-0.032134611876295925	0.037855286022587975	-0.04479958668072617	0.036772996240431816	-0.03642462062407699	0.032752844200038295	-0.03482850704050141	0.04646389836799682	-0.03552092674329587	0.037747981660276854	-0.0113791398271787	0.010724643277459344	-0.04122733792133483	0.026554900810987193	-0.04299038764795374
0.16788648919582053	-0.12159890701674601	0.06978670483881233	-0.054150465542015344	0.04608981445774679	-0.20549746194387075	0.13462843806070895	-0.09332323561959152	0.05768641451538144	-0.040923528869029446	1.0000000000000002	-0.2107792475343323	0.12659118008881373	-0.0907937426782277	0.06947461314802923	-0.9137245746728015	0.14516369106073979	-0.10575124729791287	0.10767484363649286	-0.08749101272290863	0.14154375494813726	-0.10548290600165809	0.08358374912625144	-0.06956495345210731	0.07210797363759658	-0.07486977069640516	0.0721081488727865	-0.0711676358105376	0.07460879780018065	-0.06885808153705601	0.05197263043011159	-0.058730464395882816	0.06474227014507773	-0.05284251223941002	0.05037126759918839	-0.05366764691520982	0.053542520201116856	-0.07022666467589178	0.05113235471041434	-0.05369932414339854	0.01732486025571258	-0.016408613823389012	0.059134714999152696	-0.03815614129040849	0.06134978288159958
-0.1885343318133794	0.21523874277479454	-0.13661262685403963	0.10443485020468248	-0.09308009569649492	0.17665511219863422	-0.3292256232702953	0.1800334502892225	-0.1167478580450675	0.08332597661245328	-0.2107792475343323	1.0000000000000002	-0.5479566487066869	0.22384900612729522	-0.17358022908320322	0.17440777638702132	-0.547900428064928	0.27050866257621664	-0.25677875599846106	0.18951203732473582	-0.1773376956511291	0.23633907477497804	-0.19528331842216404	0.14818063835801057	-0.15533805360780595	0.11699704280491229	-0.13594835627385046	0.14027326861678568	-0.15202737417748366	0.13356431855583847	-0.08837700489686107	0.10466568730225681	-0.1244002235854557	0.0976325675340901	-0.09530489088428815	0.0889818724810238	-0.09493034505191313	0.12247297852297402	-0.09370670594322739	0.09792441783837737	-0.030450575743918816	0.028693734962008666	-0.10681083599602202	0.06902155238613146	-0.11126975440958879
0.14597816445416384	-0.18928945920002074	0.1339212246652508	-0.11140868154083877	0.09919775572032526	-0.13804669338227862	0.18782134057460562	-0.2045020369736573	0.12599939301492152	-0.09424593458090753	0.12659118008881373	-0.5479566487066869	0.9999999999999986	-0.459825779717053	0.22770036972673446	-0.13258696523238322	0.2871082067587896	-0.45979934968522457	0.2801140193676834	-0.2584149995116775	0.16247583611611421	-0.23060926809901522	0.2007437191465424	-0.16229353555267798	0.16451628573275015	-0.11539458991594206	0.13125439195533492	-0.14562677862851678	0.15367565240442915	-0.14178429462684705	0.08674026135348487	-0.10467077271786022	0.12409165484127431	-0.09946788041376547	0.09697239440639334	-0.0887618530241946	0.09381648318111463	-0.12451171244554894	0.0941730834236863	-0.100334829359075	0.03008406250555188	-0.028435513000488875	0.10527707260630717	-0.06860116434773428	0.10978342688368209
-0.12040901305161997	0.13863214351983094	-0.11320803209792392	0.11825383929923962	-0.1249643131937	0.1015565186924423	-0.13427999696276635	0.14770853512332102	-0.16192764659986927	0.12599127635211468	-0.0907937426782277	0.22384900612729522	-0.459825779717053	1.0000000000000016	-0.6447318661408884	0.09173889333718865	-0.22301918766052795	0.24102332177429914	-0.35193853908719674	0.3049754531783435	-0.160406108472446	0.1786988468254568	-0.17192405255393461	0.15613321006109845	-0.18497782896736173	0.10760339437438984	-0.12325250379357697	0.132893230315008	-0.15509693503520716	0.14034181154733288	-0.08330568549281694	0.09884074862494276	-0.12011013694958037	0.09678186688461819	-0.09729308985173694	0.08411490646639717	-0.09079095428688923	0.119690083285689	-0.09326358520667939	0.09860960779018023	-0.02949495916976084	0.02775742183459598	-0.10739763343650865	0.0692287016379141	-0.11218535166471662
0.0932188851484225	-0.11459243853559202	0.09148055361659439	-0.10411418573816399	0.1216779827496181	-0.08066451610954124	0.10334180924525671	-0.1220631061896328	0.13019257551746283	-0.14926511888633803	0.06947461314802923	-0.17358022908320322	0.22770036972673446	-0.6447318661408884	1.000000000000001	-0.07279530886768103	0.16093013720241398	-0.19021789974750852	0.24581130268419193	-0.6180652147557907	0.1263247298849923	-0.14843811963156123	0.13758435245032366	-0.14298095075123113	0.17152240940002886	-0.08841191809261359	0.09980606807297361	-0.1108683524241053	0.12928609468692653	-0.12786739591940674	0.06787430562896785	-0.08155019861814251	0.09835130428682784	-0.08140138953966404	0.08235931558434038	-0.06939785048784745	0.07415875310773659	-0.09999070207810358	0.07727705699276476	-0.08387949255551903	0.02401879911844957	-0.022669596938933466	0.08685848077022436	-0.056552729397211725	0.09089153153357227
-0.1879128435172777	0.11766782773596904	-0.07072310591187563	0.055001525305202	-0.04785531365550931	0.1675091536752055	-0.13475268329049014	0.09227305446790057	-0.05960716052465835	0.04216559420367229	-0.9137245746728015	0.17440777638702132	-0.13258696523238322	0.09173889333718865	-0.07279530886768103	0.9999999999999994	-0.16194639605153138	0.1087477351579225	-0.11646776274421976	0.08991952761802423	-0.17911894660537672	0.10935298318629752	-0.0891390806306043	0.07337475500128368	-0.07688752537336038	0.08025513045006617	-0.07783395148102935	0.0753469948143953	-0.079876736788164	0.07259489966841423	-0.055988755084698645	0.06246765583169662	-0.06915978158785285	0.05599727076076754	-0.05355207037132986	0.056963767351572776	-0.05729525363554451	0.0740579907920158	-0.05438296238846801	0.056779739591877224	-0.0185165919950223	0.01750629215207529	-0.06324008051697136	0.040696790180198936	-0.0656119380088
0.14949313182277033	-0.1933606594833566	0.11620934594121403	-0.0969432412753014	0.08446657738242859	-0.14548941382839714	0.18688681899821588	-0.16229937484929832	0.10453699780822737	-0.07827134602553255	0.14516369106073979	-0.547900428064928	0.2871082067587896	-0.22301918766052795	0.16093013720241398	-0.16194639605153138	0.9999999999999994	-0.4069991946436855	0.26447873169287434	-0.22000823543801462	0.19361388227513227	-0.5107965625952852	0.25703288551142545	-0.1905247319766725	0.18036721046213036	-0.1489706012276185	0.17362986389707225	-0.18263747103547057	0.1809439982884641	-0.16419366011943257	0.10802404713373805	-0.13243079286233622	0.15126647156527015	-0.11919266655557528	0.11379160889064169	-0.11076231108013553	0.1155040274003595	-0.15022403732073	0.11187807032184904	-0.11841995044197308	0.0364960310039788	-0.03457332931468792	0.12299011542108394	-0.08054179297576239	0.12803032725148886
-0.12676779909210958	0.14632548346357974	-0.10348668924574918	0.08946373230008355	-0.08364649467424877	0.11074975834061063	-0.1441367560499518	0.14027226421203418	-0.10204553681688773	0.07778299686432265	-0.10575124729791287	0.27050866257621664	-0.45979934968522457	0.24102332177429914	-0.19021789974750852	0.1087477351579225	-0.4069991946436855	0.9999999999999978	-0.5527840839783089	0.239017772396424	-0.19047804304717358	0.28062724128962896	-0.39811617607735156	0.22062354027796327	-0.21307968458278714	0.14019268171893748	-0.1692504586412724	0.19575957630151977	-0.20586482397652334	0.1753417490220257	-0.10693028814611391	0.13025551495555066	-0.16340872276916688	0.12410744573528665	-0.12102974092862592	0.10793575412281563	-0.11649798806271322	0.1518288360656508	-0.11689073538241004	0.12280035121247312	-0.03693617798167327	0.03485318766679106	-0.1285613880464534	0.0839691294565403	-0.13415029107890014
0.13526242086089024	-0.16857905249771107	0.11488914458698905	-0.1085861459733849	0.09969488784167777	-0.12113865238860909	0.14816621420296824	-0.1606387341857438	0.12034250789623047	-0.09748713524843375	0.10767484363649286	-0.25677875599846106	0.2801140193676834	-0.35193853908719674	0.24581130268419193	-0.11646776274421976	0.26447873169287434	-0.5527840839783089	0.9999999999999982	-0.44269174350956403	0.21299441174065786	-0.28851741463934494	0.2625969699452369	-0.28799696357515703	0.24525610883749052	-0.16265537069027478	0.17869009330689792	-0.2097665040485634	0.22205896488555418	-0.22153637141451943	0.12194353723800361	-0.14967215864154762	0.1750577548807517	-0.14683440717672383	0.142603808999071	-0.1280213618253498	0.13295331789508424	-0.18533247080782791	0.13667232343109845	-0.15061829923139206	0.04272911525863909	-0.04059102508974047	0.148667875806382	-0.09817035686157194	0.1552079365820288
-0.11800498030498659	0.13074743397774613	-0.10191009172813482	0.10299028181323373	-0.11830717872028636	0.09763519692275963	-0.1222804392270292	0.13208656753775402	-0.1278757157886891	0.11467724198864054	-0.08749101272290863	0.18951203732473582	-0.2584149995116775	0.3049754531783435	-0.6180652147557907	0.08991952761802423	-0.22000823543801462	0.239017772396424	-0.44269174350956403	1.000000000000001	-0.18894960874032185	0.2000643937978247	-0.2041116969266692	0.21841669074872033	-0.3438636078228979	0.128558820765384	-0.14781204727840647	0.16318639078250846	-0.20432654225903812	0.19204381736609313	-0.10054384216960742	0.11986504368320368	-0.14855783147915994	0.12162000810872751	-0.12678780348810736	0.10145385233623995	-0.11045780826064602	0.1470212264880148	-0.11683976739337595	0.1250815806997885	-0.03595774579066074	0.033823598945250624	-0.13350553407547747	0.08627154945235127	-0.13992688142168164
0.12766545725358164	-0.13665915944800344	0.08734526459187703	-0.07780545387838912	0.069277505440063	-0.11306174287513925	0.11967461570850796	-0.12038964669520544	0.083770912141781	-0.06413519154026392	0.14154375494813726	-0.1773376956511291	0.16247583611611421	-0.160406108472446	0.1263247298849923	-0.17911894660537672	0.19361388227513227	-0.19047804304717358	0.21299441174065786	-0.18894960874032185	0.9999999999999976	-0.26026453864550875	0.19607305034460085	-0.1773576618874745	0.17947018058692948	-0.4133924422960035	0.25751397217663	-0.22307037163431825	0.21126358818119925	-0.2087676096056934	0.2160356266001948	-0.22273557332488975	0.21000064888952347	-0.17897278809763376	0.1619979817565406	-0.23154986283197385	0.2012721799067998	-0.2629754792073653	0.17462378502008133	-0.18313111485775624	0.0650667865048465	-0.0622999945802645	0.20344183206845418	-0.13145111718247915	0.2092982783724971
-0.12136160440676325	0.13427709566669438	-0.09018801318189003	0.07819588907069089	-0.07249670351862546	0.10459731682059102	-0.131529248600349	0.12115034875382574	-0.08756690644036627	0.06658635221340102	-0.10548290600165809	0.23633907477497804	-0.23060926809901522	0.1786988468254568	-0.14843811963156123	0.10935298318629752	-0.5107965625952852	0.28062724128962896	-0.28851741463934494	0.2000643937978247	-0.26026453864550875	0.9999999999999982	-0.545950387716225	0.24678721457591096	-0.24707332315453806	0.19776008720894656	-0.30474336677748143	0.2533719755587459	-0.25677247509674933	0.20342632046525203	-0.14701055242535654	0.17897220313146914	-0.21518599921161183	0.15325871958749585	-0.1475290730350334	0.14260116857985047	-0.15662023499891886	0.18655324761278413	-0.14497160883530338	0.1474401891813525	-0.04810460794087695	0.045254995429835534	-0.15839631139067206	0.10319017727887947	-0.164894422186515
0.09907040172074955	-0.11629567411171007	0.07761648765677999	-0.06898463087312237	0.06349721658675907	-0.08737862846310449	0.10750060500907016	-0.10658311871391304	0.07661268328184188	-0.05950273727250593	0.08358374912625144	-0.19528331842216404	0.2007437191465424	-0.17192405255393461	0.13758435245032366	-0.0891390806306043	0.25703288551142545	-0.39811617607735156	0.2625969699452369	-0.2041116969266692	0.19607305034460085	-0.545950387716225	0.9999999999999964	-0.45047360662780517	0.2572199383489408	-0.1714578545135205	0.21700365426855941	-0.3945127760506065	0.26378607646807256	-0.22174177667240774	0.1254530275683708	-0.16407671517848224	0.21194606091604828	-0.15443795983877595	0.14334391095659638	-0.12759940044922338	0.13735302779502767	-0.1814364539680842	0.13699556755221895	-0.1448681743569814	0.042189930326728874	-0.04003519146892731	0.14039280902650622	-0.09385392185479467	0.14652746072790385
-0.08564523121555455	0.097296296808599	-0.06703416520232718	0.061381313447073774	-0.058696052331881084	0.07348507238195075	-0.0894193942040075	0.09076481582762796	-0.06938655515847861	0.055242155835891496	-0.06956495345210731	0.14818063835801057	-0.16229353555267798	0.15613321006109845	-0.14298095075123113	0.07337475500128368	-0.1905247319766725	0.22062354027796327	-0.28799696357515703	0.21841669074872033	-0.1773576618874745	0.24678721457591096	-0.45047360662780517	0.9999999999999991	-0.6432666500159141	0.1426701646242665	-0.17592871595339782	0.23700452159714927	-0.41350882132257244	0.2750846044403548	-0.1099882279175702	0.13866483116168607	-0.18563392990162542	0.14669823969611911	-0.15611412534682556	0.11151453052229598	-0.12242937886153742	0.16542923374703083	-0.13309922338575483	0.14716668035316824	-0.03842155375289104	0.036322701598395186	-0.13714987748208396	0.09163742714684912	-0.14469636274908676
0.08972524759452741	-0.1047398387687023	0.07207926544992213	-0.06759483199309733	0.06493844715745223	-0.07775992579213169	0.09404222119635111	-0.09826807989787584	0.07630263166975956	-0.062454618398036635	0.07210797363759658	-0.15533805360780595	0.16451628573275015	-0.18497782896736173	0.17152240940002886	-0.07688752537336038	0.18036721046213036	-0.21307968458278714	0.24525610883749052	-0.3438636078228979	0.17947018058692948	-0.24707332315453806	0.2572199383489408	-0.6432666500159141	1.0000000000000007	-0.14621086830231209	0.16736583919447437	-0.21955030556268107	0.2916431770348688	-0.458313925391751	0.11165804669556717	-0.1416896106486438	0.1791056837472648	-0.163320026617992	0.182994643596195	-0.11619707365916615	0.12486385074178025	-0.17899599707289687	0.1442271701054802	-0.17613235308773215	0.039633322642882475	-0.03763156179946703	0.14422730991259208	-0.09826069056758846	0.153416470182398
-0.0783083675594378	0.08331147146642447	-0.05532549889839385	0.049387607153158715	-0.04535009724474169	0.0665499244117105	-0.07570086919278773	0.07507350016265654	-0.05446082981872387	0.04182873320618685	-0.07486977069640516	0.11699704280491229	-0.11539458991594206	0.10760339437438984	-0.08841191809261359	0.08025513045006617	-0.1489706012276185	0.14019268171893748	-0.16265537069027478	0.128558820765384	-0.4133924422960035	0.19776008720894656	-0.1714578545135205	0.1426701646242665	-0.14621086830231209	1.000000000000002	-0.5786135823498538	0.2227188133494708	-0.19742203417059884	0.1639151013551525	-0.4987387475075301	0.26955801079686925	-0.21838135658770813	0.15204875097379364	-0.13607540058789616	0.2695574656502829	-0.258269569957438	0.20625986014095166	-0.14821161455500306	0.14203834094199247	-0.07216109609438012	0.06689916216709337	-0.16507200856614335	0.10620446558210173	-0.1685626387680092
0.08232985730430689	-0.09231102753543441	0.06099967648574289	-0.05458898325580133	0.049899372788175946	-0.07118229835624111	0.0832641985691283	-0.08339873535553603	0.06002205118673501	-0.04636307019870082	0.0721081488727865	-0.13594835627385046	0.13125439195533492	-0.12325250379357697	0.09980606807297361	-0.07783395148102935	0.17362986389707225	-0.1692504586412724	0.17869009330689792	-0.14781204727840647	0.25751397217663	-0.30474336677748143	0.21700365426855941	-0.17592871595339782	0.16736583919447437	-0.5786135823498538	0.9999999999999979	-0.39610206304824513	0.2260746131724348	-0.19655777582367967	0.26077217748417786	-0.4362870432023746	0.25888114105063753	-0.17948596290831015	0.15126357238823704	-0.25706767224986604	0.2494785537110331	-0.2362949657949801	0.16151739991433817	-0.15969788719073325	0.06830499586309662	-0.06579951878639259	0.16421971171420116	-0.10950661088248577	0.16829383537971104
-0.08439576032209971	0.09406971415043623	-0.06336902220893455	0.05692868638217212	-0.052871733244830285	0.07219627860628214	-0.08602540715951683	0.0860935998204341	-0.06332206583886266	0.04915587570663127	-0.0711676358105376	0.14027326861678568	-0.14562677862851678	0.132893230315008	-0.1108683524241053	0.0753469948143953	-0.18263747103547057	0.19575957630151977	-0.2097665040485634	0.16318639078250846	-0.22307037163431825	0.2533719755587459	-0.3945127760506065	0.23700452159714927	-0.21955030556268107	0.2227188133494708	-0.39610206304824513	0.9999999999999974	-0.46576458836964013	0.24904046465553803	-0.1713353533699388	0.23819451895607685	-0.5184911080727451	0.22295292468462466	-0.19151439320017705	0.16529320635488814	-0.1941016594282854	0.23768198588013564	-0.19225976044735596	0.18160483315000303	-0.055969037339532506	0.052862215477520666	-0.18034301256926547	0.12171594184012956	-0.187401333192095
0.09088175307819257	-0.10464514130247189	0.07017813515885116	-0.06404691616113858	0.05938181188854865	-0.07864884533953936	0.09342858190645806	-0.0961437309145144	0.07089417896428989	-0.05589878777775045	0.07460879780018065	-0.15202737417748366	0.15367565240442915	-0.15509693503520716	0.12928609468692653	-0.079876736788164	0.1809439982884641	-0.20586482397652334	0.22205896488555418	-0.20432654225903812	0.21126358818119925	-0.25677247509674933	0.26378607646807256	-0.41350882132257244	0.2916431770348688	-0.19742203417059884	0.2260746131724348	-0.46576458836964013	0.999999999999997	-0.5489030461244413	0.1465898499662958	-0.19681873527748017	0.25684102149087407	-0.23040858498501607	0.2289667578509367	-0.15476090475038384	0.16519548593445704	-0.2442046429262807	0.18958881265363248	-0.22809804388205462	0.05120202102081378	-0.04888375519009948	0.1787831529245386	-0.12439463992129554	0.1895118571171867
-0.08483364030587176	0.09355213646179775	-0.06424636213365108	0.05888086249975442	-0.056125156501945786	0.07160557374086851	-0.08493253395940997	0.0867166889550773	-0.06628675195199388	0.052369990559028794	-0.06885808153705601	0.13356431855583847	-0.14178429462684705	0.14034181154733288	-0.12786739591940674	0.07259489966841423	-0.16419366011943257	0.1753417490220257	-0.22153637141451943	0.19204381736609313	-0.2087676096056934	0.20342632046525203	-0.22174177667240774	0.2750846044403548	-0.458313925391751	0.1639151013551525	-0.19655777582367967	0.24904046465553803	-0.5489030461244413	0.9999999999999962	-0.13327591217661694	0.16818881550469225	-0.2444410026156802	0.23213435263233023	-0.43458777664086695	0.13487943418609205	-0.15447211441702818	0.22102926935116263	-0.2127375684839988	0.2522568569381478	-0.04956429638806945	0.04671787056923279	-0.20567395377978145	0.1397952770815223	-0.2249847318387172
0.05832930891337569	-0.06367825056790796	0.0422031773667172	-0.03791807761445081	0.03469748032052207	-0.0497741879121383	0.057020578476979986	-0.05755010046057037	0.0416594080929026	-0.032134611876295925	0.05197263043011159	-0.08837700489686107	0.08674026135348487	-0.08330568549281694	0.06787430562896785	-0.055988755084698645	0.10802404713373805	-0.10693028814611391	0.12194353723800361	-0.10054384216960742	0.2160356266001948	-0.14701055242535654	0.1254530275683708	-0.1099882279175702	0.11165804669556717	-0.4987387475075301	0.26077217748417786	-0.1713353533699388	0.1465898499662958	-0.13327591217661694	0.9999999999999956	-0.35948845695948745	0.18331414449668174	-0.133440538882326	0.11223293161543195	-0.677546646543061	0.28501805717289797	-0.20003149449786217	0.1274425813818563	-0.12113316394488997	0.07752625417759283	-0.07502660529413813	0.1345085307451178	-0.08823836892314622	0.1358250108718182
-0.06775395562082316	0.07386379483032099	-0.049372405689424345	0.04435666530872931	-0.0409035706133238	0.057510171812424016	-0.06678113428780805	0.06707875242396362	-0.04902519666269428	0.037855286022587975	-0.058730464395882816	0.10466568730225681	-0.10467077271786022	0.09884074862494276	-0.08155019861814251	0.06246765583169662	-0.13243079286233622	0.13025551495555066	-0.14967215864154762	0.11986504368320368	-0.22273557332488975	0.17897220313146914	-0.16407671517848224	0.13866483116168607	-0.1416896106486438	0.26955801079686925	-0.4362870432023746	0.23819451895607685	-0.19681873527748017	0.16818881550469225	-0.35948845695948745	0.9999999999999943	-0.3833583850656003	0.18900759395033673	-0.15301694345841682	0.28720026695706824	-0.6016667268214398	0.25507563465108385	-0.17859333785124942	0.1559733867778774	-0.10454372921161674	0.09762645260362693	-0.17413270848848908	0.11500240532947203	-0.1750351812620889
0.07709083695972516	-0.08669948704692082	0.05780770071996493	-0.05222250936380435	0.048052379981854826	-0.06617340728719788	0.07766983976683484	-0.07900790780290108	0.05759354193594387	-0.04479958668072617	0.06474227014507773	-0.1244002235854557	0.12409165484127431	-0.12011013694958037	0.09835130428682784	-0.06915978158785285	0.15126647156527015	-0.16340872276916688	0.1750577548807517	-0.14855783147915994	0.21000064888952347	-0.21518599921161183	0.21194606091604828	-0.18563392990162542	0.1791056837472648	-0.21838135658770813	0.25888114105063753	-0.5184911080727451	0.25684102149087407	-0.2444410026156802	0.18331414449668174	-0.3833583850656003	0.9999999999999934	-0.45716414893150226	0.22676561581465654	-0.19240948705520886	0.23436806730340154	-0.3874610030963979	0.25793902995194357	-0.23031829184718985	0.06444967231892551	-0.062036878884590974	0.20242159007513527	-0.1464729055444593	0.20690289790318245
-0.06354446645894944	0.06983441652443505	-0.04701766774564936	0.04261647082643452	-0.03959177009124899	0.05377353976100939	-0.06276114704295727	0.06387109024791578	-0.047256467474756404	0.036772996240431816	-0.05284251223941002	0.0976325675340901	-0.09946788041376547	0.09678186688461819	-0.08140138953966404	0.05599727076076754	-0.11919266655557528	0.12410744573528665	-0.14683440717672383	0.12162000810872751	-0.17897278809763376	0.15325871958749585	-0.15443795983877595	0.14669823969611911	-0.163320026617992	0.15204875097379364	-0.17948596290831015	0.22295292468462466	-0.23040858498501607	0.23213435263233023	-0.133440538882326	0.18900759395033673	-0.45716414893150226	0.9999999999999952	-0.47225335610868663	0.13673629990493297	-0.17324112431087546	0.2864619610058977	-0.5691264293431444	0.3013636441030225	-0.052356827930700636	0.049575945925284096	-0.23948602012320322	0.18993213832820977	-0.2551395131007761
0.0612538532447774	-0.06829184233558756	0.04598515768039732	-0.04192679824181087	0.03900576158868115	-0.052106727470888306	0.060995645347381104	-0.06263257306030735	0.04647940857553343	-0.03642462062407699	0.05037126759918839	-0.09530489088428815	0.09697239440639334	-0.09729308985173694	0.08235931558434038	-0.05355207037132986	0.11379160889064169	-0.12102974092862592	0.142603808999071	-0.12678780348810736	0.1619979817565406	-0.1475290730350334	0.14334391095659638	-0.15611412534682556	0.182994643596195	-0.13607540058789616	0.15126357238823704	-0.19151439320017705	0.2289667578509367	-0.43458777664086695	0.11223293161543195	-0.15301694345841682	0.22676561581465654	-0.47225335610868663	0.9999999999999958	-0.11936726894123639	0.13761990113639128	-0.2444008400120905	0.2824702548851212	-0.6313195374626321	0.04365753786304934	-0.041684631473591645	0.1936195208506837	-0.1557566747459775	0.2256695287911596
-0.06015819364416296	0.06426842400518847	-0.042933559785127175	0.03852899491543784	-0.03550640090452809	0.05071379181602098	-0.05807472065401968	0.05821252977874379	-0.042555800419945264	0.032752844200038295	-0.05366764691520982	0.0889818724810238	-0.0887618530241946	0.08411490646639717	-0.06939785048784745	0.056963767351572776	-0.11076231108013553	0.10793575412281563	-0.1280213618253498	0.10145385233623995	-0.23154986283197385	0.14260116857985047	-0.12759940044922338	0.11151453052229598	-0.11619707365916615	0.2695574656502829	-0.25706767224986604	0.16529320635488814	-0.15476090475038384	0.13487943418609205	-0.677546646543061	0.28720026695706824	-0.19240948705520886	0.13673629990493297	-0.11936726894123639	0.9999999999999971	-0.5232083345446668	0.20941546027370467	-0.139883229768262	0.1265754704594359	-0.11580636209293507	0.10377057185252025	-0.1551270805306519	0.09897849100673106	-0.15497552169040463
0.0621166497331984	-0.06833155342948898	0.04543255983859383	-0.04094495187598004	0.037550493442968305	-0.0529221188963834	0.06107605386299316	-0.061969497962458174	0.04503671163745737	-0.03482850704050141	0.053542520201116856	-0.09493034505191313	0.09381648318111463	-0.09079095428688923	0.07415875310773659	-0.05729525363554451	0.1155040274003595	-0.11649798806271322	0.13295331789508424	-0.11045780826064602	0.2012721799067998	-0.15662023499891886	0.13735302779502767	-0.12242937886153742	0.12486385074178025	-0.258269569957438	0.2494785537110331	-0.1941016594282854	0.16519548593445704	-0.15447211441702818	0.28501805717289797	-0.6016667268214398	0.23436806730340154	-0.17324112431087546	0.13761990113639128	-0.5232083345446668	0.9999999999999969	-0.3555464227006544	0.17106375143903824	-0.15165313522262192	0.13929313411223168	-0.16148604646873319	0.16800422692891204	-0.11192251385035143	0.16512669662075125
-0.08311737820026158	0.08917551557295704	-0.06005469755130146	0.05422477198207307	-0.05031512312870159	0.06962471914518333	-0.08038143731594273	0.08130371062053963	-0.06011515581355684	0.04646389836799682	-0.07022666467589178	0.12247297852297402	-0.12451171244554894	0.119690083285689	-0.09999070207810358	0.0740579907920158	-0.15022403732073	0.1518288360656508	-0.18533247080782791	0.1470212264880148	-0.2629754792073653	0.18655324761278413	-0.1814364539680842	0.16542923374703083	-0.17899599707289687	0.20625986014095166	-0.2362949657949801	0.23768198588013564	-0.2442046429262807	0.22102926935116263	-0.20003149449786217	0.25507563465108385	-0.3874610030963979	0.2864619610058977	-0.2444008400120905	0.20941546027370467	-0.3555464227006544	0.9999999999999963	-0.47462141404983743	0.2648088307150887	-0.09041043644545411	0.08439026848348302	-0.40139431207160264	0.24486050506173648	-0.3550416646903113
0.06157562582293146	-0.06812876854553912	0.0455957352053913	-0.04138337346213766	0.0381860836137258	-0.05226395246292438	0.060662618783105325	-0.0621641821370733	0.04565071944854352	-0.03552092674329587	0.05113235471041434	-0.09370670594322739	0.0941730834236863	-0.09326358520667939	0.07727705699276476	-0.05438296238846801	0.11187807032184904	-0.11689073538241004	0.13667232343109845	-0.11683976739337595	0.17462378502008133	-0.14497160883530338	0.13699556755221895	-0.13309922338575483	0.1442271701054802	-0.14821161455500306	0.16151739991433817	-0.19225976044735596	0.18958881265363248	-0.2127375684839988	0.1274425813818563	-0.17859333785124942	0.25793902995194357	-0.5691264293431444	0.2824702548851212	-0.139883229768262	0.17106375143903824	-0.47462141404983743	0.9999999999999957	-0.4523019317923511	0.052894395894262265	-0.0509671040802995	0.26632509722243064	-0.3194883622231457	0.2768080203678669
-0.06511772237115142	0.07106889862820204	-0.04800945675211314	0.04362953757130337	-0.040677381382496366	0.05481846941920907	-0.06377854142095414	0.06510658197213362	-0.048457463981183085	0.037747981660276854	-0.05369932414339854	0.09792441783837737	-0.100334829359075	0.09860960779018023	-0.08387949255551903	0.056779739591877224	-0.11841995044197308	0.12280035121247312	-0.15061829923139206	0.1250815806997885	-0.18313111485775624	0.1474401891813525	-0.1448681743569814	0.14716668035316824	-0.17613235308773215	0.14203834094199247	-0.15969788719073325	0.18160483315000303	-0.22809804388205462	0.2522568569381478	-0.12113316394488997	0.1559733867778774	-0.23031829184718985	0.3013636441030225	-0.6313195374626321	0.1265754704594359	-0.15165313522262192	0.2648088307150887	-0.4523019317923511	0.9999999999999952	-0.050351030099678576	0.04775512805110857	-0.27870632848567806	0.22022805838223508	-0.38799957780211614
0.020294438853922212	-0.022321969418168865	0.014831051568591845	-0.013397362962900977	0.012265103811612476	-0.01725402408224775	0.019837814774050562	-0.020248352863750364	0.0147080000691104	-0.0113791398271787	0.01732486025571258	-0.030450575743918816	0.03008406250555188	-0.02949495916976084	0.02401879911844957	-0.0185165919950223	0.0364960310039788	-0.03693617798167327	0.04272911525863909	-0.03595774579066074	0.0650667865048465	-0.04810460794087695	0.042189930326728874	-0.03842155375289104	0.039633322642882475	-0.07216109609438012	0.06830499586309662	-0.055969037339532506	0.05120202102081378	-0.04956429638806945	0.07752625417759283	-0.10454372921161674	0.06444967231892551	-0.052356827930700636	0.04365753786304934	-0.11580636209293507	0.13929313411223168	-0.09041043644545411	0.052894395894262265	-0.050351030099678576	0.9999999999999954	-0.9718149148993245	0.0686649022801272	-0.04390069104773753	0.057796546599543246
-0.019179885532930478	0.021002969772327573	-0.01397620691391251	0.012618034235997897	-0.011569877947095093	0.016273539344809462	-0.018711198759016348	0.019057507034598742	-0.013869776467675732	0.010724643277459344	-0.016408613823389012	0.028693734962008666	-0.028435513000488875	0.02775742183459598	-0.022669596938933466	0.01750629215207529	-0.03457332931468792	0.03485318766679106	-0.04059102508974047	0.033823598945250624	-0.0622999945802645	0.045254995429835534	-0.04003519146892731	0.036322701598395186	-0.03763156179946703	0.06689916216709337	-0.06579951878639259	0.052862215477520666	-0.04888375519009948	0.04671787056923279	-0.07502660529413813	0.09762645260362693	-0.062036878884590974	0.049575945925284096	-0.041684631473591645	0.10377057185252025	-0.16148604646873319	0.08439026848348302	-0.0509671040802995	0.04775512805110857	-0.9718149148993245	0.9999999999999953	-0.07033765995181647	0.04306991151897694	-0.05684785290663416
0.0718043656517181	-0.08042876414766699	0.05328377511887189	-0.04850285410297066	0.04421111740360905	-0.0612238733048584	0.07036341242344521	-0.07311952876617711	0.05299117451203751	-0.04122733792133483	0.059134714999152696	-0.10681083599602202	0.10527707260630717	-0.10739763343650865	0.08685848077022436	-0.06324008051697136	0.12299011542108394	-0.1285613880464534	0.148667875806382	-0.13350553407547747	0.20344183206845418	-0.15839631139067206	0.14039280902650622	-0.13714987748208396	0.14422730991259208	-0.16507200856614335	0.16421971171420116	-0.18034301256926547	0.1787831529245386	-0.20567395377978145	0.1345085307451178	-0.17413270848848908	0.20242159007513527	-0.23948602012320322	0.1936195208506837	-0.1551270805306519	0.16800422692891204	-0.40139431207160264	0.26632509722243064	-0.27870632848567806	0.0686649022801272	-0.07033765995181647	0.9999999999999958	-0.6583350401167796	0.32788598914644407
