1.0000000000000002	-0.16852210442531082	0.12520766950461062	-0.07521787001225504	0.05558997729271349	-0.7808681840856775	0.16694770239676346	-0.1421326320587464	0.0854456971026787	-0.0761697424902507	0.29879985483178656	-0.19615452730107732	0.1832676407222179	-0.06349569055452448	0.06123888078058278	-0.2749509164352298	0.20494288693000098	-0.12684777584891038	0.10368854012383397	-0.29050893230066005	0.11585418239482347	-0.10678740219330908	0.10229556486371472	-0.12167532322670851	0.1323734066640173	-0.08060269170814603	0.07745211190015504	-0.22162480254333844	0.07058566496115469	-0.05813118528491202
-0.16852210442531082	0.9999999999999998	-0.49807184776637164	0.12726486591421024	-0.0835248912302819	0.14058304648035508	-0.7249782929158252	0.28573607748927443	-0.14368891421407606	0.10296232520527476	-0.1636728062678952	0.23961511391345028	-0.26679955193263666	0.06925882631679396	-0.06671149163583692	0.12609496917179178	-0.16536856289198754	0.07227791710098573	-0.06289175806903026	0.1431948933910625	-0.06348393100499772	0.05732099655138152	-0.05618977563876439	0.06779018748151497	-0.07270589536899653	0.042531216634180476	-0.042258994770126394	0.11129900810184595	-0.038700430341745445	0.03163980472176208
0.12520766950461062	-0.49807184776637164	1.0000000000000004	-0.27608431455840254	0.1470434589676507	-0.1067583426071768	0.2839957708560826	-0.6765507180658161	0.23997355658072822	-0.19194160864343784	0.13315214456335417	-0.20575785061927007	0.22197510156666805	-0.1134449400158552	0.10523152471548765	-0.1143525510414338	0.141731583367541	-0.0858932510440994	0.07755181858972027	-0.16345629210412443	0.06709487601616997	-0.0631330571192007	0.06466176001768048	-0.08020161128891674	0.08414303260281204	-0.045312034106658176	0.046334289135865056	-0.1253415324268152	0.04487626686031692	-0.036672901937108024
-0.07521787001225504	0.12726486591421024	-0.27608431455840254	1.0000000000000009	-0.5462003300968322	0.057705257709510044	-0.12624364762073753	0.22299783030751888	-0.6631377744488798	0.3029309375110648	-0.0803187718257536	0.09837287218773602	-0.13178073036418295	0.17610259929176794	-0.1880589969757754	0.06603301933407842	-0.08871459380120421	0.07007822431066152	-0.07269587796155728	0.10533035090515487	-0.04739031881183872	0.04486710848165111	-0.04931982377711512	0.064439538390765	-0.06413461950936163	0.03125264519133184	-0.03341210737445639	0.0818899209403338	-0.03429324135344389	0.02773784801601012
0.05558997729271349	-0.0835248912302819	0.1470434589676507	-0.5462003300968322	1.0000000000000009	-0.04190817152190625	0.08093913397797858	-0.14352260804563624	0.280030131503835	-0.7399030532488107	0.059876885257661994	-0.0695156961293649	0.0922414295280381	-0.183179029939326	0.1797767684654194	-0.049767043068746075	0.0671121949405245	-0.06418721786826552	0.06676942597699186	-0.08849963589279898	0.03964834868825166	-0.03841820384438751	0.04351923658179673	-0.05842120573078032	0.055259129306842895	-0.02617348369711807	0.028507227068254988	-0.06877732729084916	0.029810002487672682	-0.02412545243852944
-0.7808681840856775	0.14058304648035508	-0.1067583426071768	0.057705257709510044	-0.04190817152190625	1.0000000000000009	-0.18091942899563407	0.11589493258527939	-0.06643033662268749	0.05645568417871675	-0.4903337410616865	0.17106524376842425	-0.16171164864313547	0.04533325745475966	-0.04371609748229268	0.21576948760586218	-0.1791283233985684	0.08374802553290708	-0.06878280984891438	0.1828003748022029	-0.08416620015366313	0.07280845728491271	-0.06786947398489725	0.08008828253729207	-0.08656166358110531	0.05658564511408393	-0.053541877073250185	0.1421031717943814	-0.04620005166402683	0.037955483875934136
0.16694770239676346	-0.7249782929158252	0.2839957708560826	-0.12624364762073753	0.08093913397797858	-0.18091942899563407	1.0	-0.37464990198863174	0.14037994885388722	-0.10797713592162991	0.17368581564747376	-0.39917150710107957	0.257229211443367	-0.07217069302496044	0.06778894881765724	-0.14119347104407645	0.1705512599395085	-0.07883612459372442	0.06787309962776215	-0.15933470912834377	0.06837138076803835	-0.06256844897903423	0.061314220947689	-0.07403071206985277	0.07907848587142903	-0.04630715657763696	0.04584067056375845	-0.12324585860019402	0.04215897303837879	-0.0345275341884131
-0.1421326320587464	0.28573607748927443	-0.6765507180658161	0.22299783030751888	-0.14352260804563624	0.11589493258527939	-0.37464990198863174	0.999999999999999	-0.3743095900367097	0.17073317782198613	-0.15085802447268593	0.219360503614909	-0.32585444304037814	0.12025943359602184	-0.11564016435095706	0.12256318398805764	-0.16072462586843608	0.08676046324130633	-0.07976802088280338	0.1601268482348889	-0.06980644072819675	0.06429433629224565	-0.06544678429571703	0.08078269537577783	-0.08524449928620217	0.0466389150494573	-0.047522016239295174	0.12427741851084576	-0.04538533552570689	0.03698998877834872
0.0854456971026787	-0.14368891421407606	0.23997355658072822	-0.6631377744488798	0.280030131503835	-0.06643033662268749	0.14037994885388722	-0.3743095900367097	0.9999999999999987	-0.39763863094900836	0.09223864092246085	-0.11605917462991606	0.1493779884301211	-0.30734087627520074	0.22064417925665328	-0.0776073465372393	0.10235730021636587	-0.09392439823918153	0.09664754068462059	-0.13422363552031955	0.05860065916408604	-0.05697524911923879	0.06388827670650934	-0.08550689456923802	0.07994637513055124	-0.03896133642599545	0.042055599705971336	-0.10392979760377058	0.043282851930985675	-0.035134790997991903
-0.0761697424902507	0.10296232520527476	-0.19194160864343784	0.3029309375110648	-0.7399030532488107	0.05645568417871675	-0.10797713592162991	0.17073317782198613	-0.39763863094900836	0.9999999999999974	-0.08168348930952227	0.09164560522056739	-0.12725377187567447	0.22147146046275126	-0.3242792497330758	0.06664413084049954	-0.09164083909689766	0.0802608791999967	-0.0865164383806096	0.11255290631043265	-0.052123295973694715	0.04939385514758191	-0.05559293988092651	0.07364018922357898	-0.07312158542188298	0.03407408712518882	-0.03701362926154449	0.08768018269874345	-0.03900445234690446	0.03141444158748907
0.29879985483178656	-0.1636728062678952	0.13315214456335417	-0.0803187718257536	0.059876885257661994	-0.4903337410616865	0.17368581564747376	-0.15085802447268593	0.09223864092246085	-0.08168348930952227	0.9999999999999966	-0.3230305953330772	0.23581352894323707	-0.0694238813949276	0.06703925820737043	-0.5594367368532213	0.29484856771558976	-0.14390134222125286	0.11668226296686139	-0.31545294614902775	0.1488124333476484	-0.12829366031366984	0.11720711782297358	-0.13787703722906555	0.14760694625589568	-0.102384040734769	0.09349070005986986	-0.24660167756124493	0.07902039488843968	-0.06500580070281849
-0.19615452730107732	0.23961511391345028	-0.20575785061927007	0.09837287218773602	-0.0695156961293649	0.17106524376842425	-0.39917150710107957	0.219360503614909	-0.11605917462991606	0.09164560522056739	-0.3230305953330772	0.9999999999999966	-0.6723786285673	0.06981355052502804	-0.06708013182040232	0.23388683776124672	-0.3771794865969524	0.10830480184692015	-0.08982839774636704	0.22269867165324853	-0.1012487337352142	0.09059718205329646	-0.0858133937376556	0.10123134759235589	-0.10870089749032502	0.06824305754712734	-0.06637718493310124	0.17392067080798213	-0.05801872948838654	0.04755947673719835
0.1832676407222179	-0.26679955193263666	0.22197510156666805	-0.13178073036418295	0.0922414295280381	-0.16171164864313547	0.257229211443367	-0.32585444304037814	0.1493779884301211	-0.12725377187567447	0.23581352894323707	-0.6723786285673	0.9999999999999978	-0.09821394714627038	0.09253122956769132	-0.23228779830254662	0.26407864981096063	-0.15973815258220425	0.13012343896957018	-0.3444716919285062	0.12702444398944787	-0.12263110307855772	0.12295826505792223	-0.14729932192192247	0.15889390606123024	-0.0879767168493239	0.0886692313271798	-0.2608076299723507	0.08473776448547772	-0.06971669369813493
-0.06349569055452448	0.06925882631679396	-0.1134449400158552	0.17610259929176794	-0.183179029939326	0.04533325745475966	-0.07217069302496044	0.12025943359602184	-0.30734087627520074	0.22147146046275126	-0.0694238813949276	0.06981355052502804	-0.09821394714627038	0.9999999999999963	-0.861311190988925	0.05745219564153183	-0.08038793059355243	0.12657101403762303	-0.1874458653340394	0.12232665247038552	-0.059676257270377744	0.06037877745184732	-0.07771661381706241	0.11281650317249305	-0.08780648851033662	0.038869034578028414	-0.045080415075480156	0.0957980051932633	-0.04906756104567247	0.03931007079421783
0.06123888078058278	-0.06671149163583692	0.10523152471548765	-0.1880589969757754	0.1797767684654194	-0.04371609748229268	0.06778894881765724	-0.11564016435095706	0.22064417925665328	-0.3242792497330758	0.06703925820737043	-0.06708013182040232	0.09253122956769132	-0.861311190988925	0.999999999999997	-0.055790727425771104	0.07772191492293926	-0.1279621131944419	0.14579338811531842	-0.1326846181906782	0.0582707567155977	-0.06017416503850506	0.07599722331622777	-0.11286184825386326	0.0859628298554292	-0.03837202950033453	0.044235434495126125	-0.09675286259083787	0.04803953450744115	-0.03887618455723635
-0.2749509164352298	0.12609496917179178	-0.1143525510414338	0.06603301933407842	-0.049767043068746075	0.21576948760586218	-0.14119347104407645	0.12256318398805764	-0.0776073465372393	0.06664413084049954	-0.5594367368532213	0.23388683776124672	-0.23228779830254662	0.05745219564153183	-0.055790727425771104	0.9999999999999968	-0.6469175730996997	0.12498737836526705	-0.10058805241299963	0.2328847661529382	-0.2194503250843826	0.13359334674139225	-0.10698955146102042	0.11995447599219532	-0.12453156372648447	0.12167424854858522	-0.10390546470104875	0.19857354217404935	-0.06715543419309705	0.05481297306950476
0.20494288693000098	-0.16536856289198754	0.141731583367541	-0.08871459380120421	0.0671121949405245	-0.1791283233985684	0.1705512599395085	-0.16072462586843608	0.10235730021636587	-0.09164083909689766	0.29484856771558976	-0.3771794865969524	0.26407864981096063	-0.08038793059355243	0.07772191492293926	-0.6469175730996997	0.9999999999999983	-0.18006703038398508	0.14309070426346884	-0.37335570553252023	0.18286370604600122	-0.16867876736938459	0.14638995831101861	-0.16998695491728646	0.17835352971634566	-0.12875818839281772	0.1186704537442194	-0.2988589782246764	0.09594390959355503	-0.07888905935006604
-0.12684777584891038	0.07227791710098573	-0.0858932510440994	0.07007822431066152	-0.06418721786826552	0.08374802553290708	-0.07883612459372442	0.08676046324130633	-0.09392439823918153	0.0802608791999967	-0.14390134222125286	0.10830480184692015	-0.15973815258220425	0.12657101403762303	-0.1279621131944419	0.12498737836526705	-0.18006703038398508	0.9999999999999982	-0.6599131710582169	0.22403929288948057	-0.2245756851003181	0.22446589225373118	-0.4921239295789225	0.3262310597718728	-0.2647210893787297	0.13639648730131784	-0.1866499460212348	0.2607598185765577	-0.1508151596331924	0.11527513231805354
0.10368854012383397	-0.06289175806903026	0.07755181858972027	-0.07269587796155728	0.06676942597699186	-0.06878280984891438	0.06787309962776215	-0.07976802088280338	0.09664754068462059	-0.0865164383806096	0.11668226296686139	-0.08982839774636704	0.13012343896957018	-0.1874458653340394	0.14579338811531842	-0.10058805241299963	0.14309070426346884	-0.6599131710582169	1.0000000000000004	-0.26445669017513207	0.16241755615935016	-0.18966532898918478	0.2890595440250469	-0.5625814453067339	0.22264946245187675	-0.10742400260715593	0.13521963803544737	-0.2514338977028605	0.1416361815500459	-0.1152108450643069
-0.29050893230066005	0.1431948933910625	-0.16345629210412443	0.10533035090515487	-0.08849963589279898	0.1828003748022029	-0.15933470912834377	0.1601268482348889	-0.13422363552031955	0.11255290631043265	-0.31545294614902775	0.22269867165324853	-0.3444716919285062	0.12232665247038552	-0.1326846181906782	0.2328847661529382	-0.37335570553252023	0.22403929288948057	-0.26445669017513207	0.9999999999999989	-0.2020487213876351	0.17018521218442992	-0.1846987356095715	0.23212362325532504	-0.5022565059619823	0.12400852498678444	-0.13520545824555188	0.305262825626349	-0.21628312742565475	0.16940246268982245
0.11585418239482347	-0.06348393100499772	0.06709487601616997	-0.04739031881183872	0.03964834868825166	-0.08416620015366313	0.06837138076803835	-0.06980644072819675	0.05860065916408604	-0.052123295973694715	0.1488124333476484	-0.1012487337352142	0.12702444398944787	-0.059676257270377744	0.0582707567155977	-0.2194503250843826	0.18286370604600122	-0.2245756851003181	0.16241755615935016	-0.2020487213876351	0.9999999999999979	-0.4331221106993014	0.22031968451796624	-0.2252576178731093	0.17514303072035242	-0.6785224069761259	0.31363989965518896	-0.29651040344971846	0.10209559629501593	-0.08277410622936023
-0.10678740219330908	0.05732099655138152	-0.0631330571192007	0.04486710848165111	-0.03841820384438751	0.07280845728491271	-0.06256844897903423	0.06429433629224565	-0.05697524911923879	0.04939385514758191	-0.12829366031366984	0.09059718205329646	-0.12263110307855772	0.06037877745184732	-0.06017416503850506	0.13359334674139225	-0.16867876736938459	0.22446589225373118	-0.18966532898918478	0.17018521218442992	-0.4331221106993014	0.9999999999999986	-0.457843307511859	0.2318093423216872	-0.1957359717763386	0.28383575824115936	-0.618981091229755	0.24522515879813567	-0.11251619131000178	0.08674863476827495
0.10229556486371472	-0.05618977563876439	0.06466176001768048	-0.04931982377711512	0.04351923658179673	-0.06786947398489725	0.061314220947689	-0.06544678429571703	0.06388827670650934	-0.05559293988092651	0.11720711782297358	-0.0858133937376556	0.12295826505792223	-0.07771661381706241	0.07599722331622777	-0.10698955146102042	0.14638995831101861	-0.4921239295789225	0.2890595440250469	-0.1846987356095715	0.22031968451796624	-0.457843307511859	0.9999999999999983	-0.5294264878389507	0.2257657537202	-0.15905574292075364	0.21650872089702963	-0.3926053112110668	0.14262466673375185	-0.11181812225523977
-0.12167532322670851	0.06779018748151497	-0.08020161128891674	0.064439538390765	-0.05842120573078032	0.08008828253729207	-0.07403071206985277	0.08078269537577783	-0.08550689456923802	0.07364018922357898	-0.13787703722906555	0.10123134759235589	-0.14729932192192247	0.11281650317249305	-0.11286184825386326	0.11995447599219532	-0.16998695491728646	0.3262310597718728	-0.5625814453067339	0.23212362325532504	-0.2252576178731093	0.2318093423216872	-0.5294264878389507	0.9999999999999972	-0.3366146394756632	0.13830832753062985	-0.1906290230451385	0.2806470654047794	-0.24551011365351322	0.16801759835047625
0.1323734066640173	-0.07270589536899653	0.08414303260281204	-0.06413461950936163	0.055259129306842895	-0.08656166358110531	0.07907848587142903	-0.08524449928620217	0.07994637513055124	-0.07312158542188298	0.14760694625589568	-0.10870089749032502	0.15889390606123024	-0.08780648851033662	0.0859628298554292	-0.12453156372648447	0.17835352971634566	-0.2647210893787297	0.22264946245187675	-0.5022565059619823	0.17514303072035242	-0.1957359717763386	0.2257657537202	-0.3366146394756632	0.9999999999999967	-0.12209267622622567	0.13863793982041417	-0.4938638711936657	0.2830387557333014	-0.4287606170033905
-0.08060269170814603	0.042531216634180476	-0.045312034106658176	0.03125264519133184	-0.02617348369711807	0.05658564511408393	-0.04630715657763696	0.0466389150494573	-0.03896133642599545	0.03407408712518882	-0.102384040734769	0.06824305754712734	-0.0879767168493239	0.038869034578028414	-0.03837202950033453	0.12167424854858522	-0.12875818839281772	0.13639648730131784	-0.10742400260715593	0.12400852498678444	-0.6785224069761259	0.28383575824115936	-0.15905574292075364	0.13830832753062985	-0.12209267622622567	0.999999999999996	-0.6200473599757929	0.17397429793338082	-0.06911292761836964	0.054710548535969045
0.07745211190015504	-0.042258994770126394	0.046334289135865056	-0.03341210737445639	0.028507227068254988	-0.053541877073250185	0.04584067056375845	-0.047522016239295174	0.042055599705971336	-0.03701362926154449	0.09349070005986986	-0.06637718493310124	0.0886692313271798	-0.045080415075480156	0.044235434495126125	-0.10390546470104875	0.1186704537442194	-0.1866499460212348	0.13521963803544737	-0.13520545824555188	0.31363989965518896	-0.618981091229755	0.21650872089702963	-0.1906290230451385	0.13863793982041417	-0.6200473599757929	0.9999999999999949	-0.22519591436328285	0.08173050850839024	-0.06517194260780357
-0.22162480254333844	0.11129900810184595	-0.1253415324268152	0.0818899209403338	-0.06877732729084916	0.1421031717943814	-0.12324585860019402	0.12427741851084576	-0.10392979760377058	0.08768018269874345	-0.24660167756124493	0.17392067080798213	-0.2608076299723507	0.0957980051932633	-0.09675286259083787	0.19857354217404935	-0.2988589782246764	0.2607598185765577	-0.2514338977028605	0.305262825626349	-0.29651040344971846	0.24522515879813567	-0.3926053112110668	0.2806470654047794	-0.4938638711936657	0.17397429793338082	-0.22519591436328285	0.9999999999999943	-0.2683101549362156	0.19244893311024083
0.07058566496115469	-0.038700430341745445	0.04487626686031692	-0.03429324135344389	0.029810002487672682	-0.04620005166402683	0.04215897303837879	-0.04538533552570689	0.043282851930985675	-0.03900445234690446	0.07902039488843968	-0.05801872948838654	0.08473776448547772	-0.04906756104567247	0.04803953450744115	-0.06715543419309705	0.09594390959355503	-0.1508151596331924	0.1416361815500459	-0.21628312742565475	0.10209559629501593	-0.11251619131000178	0.14262466673375185	-0.24551011365351322	0.2830387557333014	-0.06911292761836964	0.08173050850839024	-0.2683101549362156	0.999999999999994	-0.8492081610379878
-0.05813118528491202	0.03163980472176208	-0.036672901937108024	0.02773784801601012	-0.02412545243852944	0.037955483875934136	-0.0345275341884131	0.03698998877834872	-0.035134790997991903	0.03141444158748907	-0.06500580070281849	0.04755947673719835	-0.06971669369813493	0.03931007079421783	-0.03887618455723635	0.05481297306950476	-0.07888905935006604	0.11527513231805354	-0.1152108450643069	0.16940246268982245	-0.08277410622936023	0.08674863476827495	-0.11181812225523977	0.16801759835047625	-0.4287606170033905	0.054710548535969045	-0.06517194260780357	0.19244893311024083	-0.8492081610379878	0.9999999999999939
