1.0000000000000002	-0.9574083952019443	0.07875449425199893	-0.07923240579050903	0.06799752838433099	-0.1992433845903231	0.1282551124067096	-0.09417386094760657	0.0733946478260161	-0.05057349844319838	0.07658586794974293	-0.07126891455379511	0.0808823001415533	-0.05650866249259871	0.06775098658283572	-0.034264431637348956	0.039329699433803704	-0.04176467522916165	0.032961170263404595	-0.0346249431930831	0.03151966323023577	-0.03304401355210778	0.037407583417247016	-0.03136025889712386	0.029113485766846817	-0.01779785597739735	0.02332045299892855	-0.020466300283841495	0.029998542198819953	-0.023106314673045972	0.021372747071630345	-0.01530587157404875	0.014687316248898059	-0.010653750972353826	0.010399436751141425
-0.9574083952019443	1.0	-0.09103656018312833	0.08014220626058663	-0.07681734058807091	0.16349909266662316	-0.1417401556898357	0.09695105008720714	-0.08149349352068037	0.05571455835453468	-0.08580724548005177	0.07544657622912206	-0.09043123528006312	0.062059261694748465	-0.07603294239499708	0.03767741629016894	-0.04362361282057571	0.045852242929834336	-0.036470704254981896	0.03812908372178464	-0.03506138438845898	0.036419269215005975	-0.041596373190099734	0.034612050477773944	-0.032282414935355726	0.01975347448234905	-0.025932013885825562	0.02268005692264262	-0.03329892112201446	0.025509854539103892	-0.0237876749686996	0.0169583598707509	-0.016305767058657186	0.011763118524796442	-0.011501354657824182
0.07875449425199893	-0.09103656018312833	0.9999999999999996	-0.9661333455150243	0.09299883015944917	-0.08553030867766073	0.06935464989234393	-0.13058377865094653	0.12778836453657227	-0.08419373295033263	0.051133370338472255	-0.05096992916024677	0.08960117908287028	-0.08415493802733617	0.08545898863766928	-0.03056031012259086	0.03960953299667947	-0.04721768337000791	0.03758743503478809	-0.04094141714262861	0.027557415093061772	-0.03383888105955403	0.03912929039907211	-0.03511976430467139	0.03274105809181972	-0.017091937486289524	0.023310039062773943	-0.021097332597685012	0.03308647906552791	-0.026190995863192932	0.020545386166816785	-0.015566050287117546	0.01490343357959554	-0.011919331259363338	0.01156717762405741
-0.07923240579050903	0.08014220626058663	-0.9661333455150243	1.0000000000000002	-0.10070848001342873	0.07940657605803515	-0.06691196954723627	0.11792155284211463	-0.14754537180225086	0.0855813694689098	-0.050503592692402934	0.04936151045161825	-0.09134869657200298	0.08399688655871038	-0.08868301262540386	0.029880976166299825	-0.039174410016318356	0.04637572598165712	-0.037315615400320544	0.04034403920288183	-0.027100219948908457	0.0332059235183341	-0.03868980797027324	0.034576020270078583	-0.03243535513111169	0.016786448495186044	-0.022943133104685206	0.02072716310487264	-0.03268495800249497	0.025747380879237183	-0.02021158862353046	0.015271485286048533	-0.014652571596125794	0.011694446515394911	-0.011369095637338858
0.06799752838433099	-0.07681734058807091	0.09299883015944917	-0.10070848001342873	1.0	-0.21292503209422728	0.15447087140096327	-0.2974003953324833	0.29067842166171115	-0.7112156827028906	0.1287529762148976	-0.1326953990058165	0.22854821838930975	-0.2436916234867723	0.2741058612424507	-0.09256028477208221	0.12070727698441745	-0.14971394045411113	0.11805330754649103	-0.13845906340349537	0.08203961409844354	-0.10684643952634257	0.12293660084012184	-0.11401012380876471	0.10622517600298124	-0.053433842612790564	0.07374913213485018	-0.06778335162615916	0.10777625694045916	-0.08752055006777967	0.06414214340289452	-0.05008981957435333	0.04759192711382786	-0.0399744846840158	0.0385039139304506
-0.1992433845903231	0.16349909266662316	-0.08553030867766073	0.07940657605803515	-0.21292503209422728	1.0000000000000004	-0.7439453217937543	0.28534503318688426	-0.2389301568245929	0.15228956452184864	-0.29753143048458025	0.24585773166310404	-0.2744613484746252	0.17441653670707852	-0.21199684225645146	0.11060135428441552	-0.12473801404147206	0.12793917174523214	-0.10149164124625137	0.10423776482934857	-0.10380358390866912	0.10250768871125807	-0.11549484252693727	0.0952143928738796	-0.08840881239890877	0.05596199581374893	-0.07234712127645884	0.0628551047365087	-0.09063315101373916	0.06932333308624075	-0.06720595510108787	0.04710529714706567	-0.04531052187893158	0.031891290983225164	-0.031206750743693286
0.1282551124067096	-0.1417401556898357	0.06935464989234393	-0.06691196954723627	0.15447087140096327	-0.7439453217937543	1.0	-0.44568548116480766	0.19454159221166817	-0.1242113158741617	0.2343986649216813	-0.3314716086352953	0.2158736661747111	-0.14555083256080792	0.1579367557903702	-0.08952094835159499	0.097784455497568	-0.1034414065251089	0.07911291071271997	-0.0819802286883045	0.08007940631454197	-0.08143370955492718	0.08793059385689835	-0.07439952344632472	0.06774378652337014	-0.042980377380693865	0.05493651247272202	-0.04825778759128617	0.0689266301235274	-0.05368729267324664	0.05100283673466133	-0.03616826116095696	0.034560600742802455	-0.02462291462210923	0.0239705592091641
-0.09417386094760657	0.09695105008720714	-0.13058377865094653	0.11792155284211463	-0.2974003953324833	0.28534503318688426	-0.44568548116480766	1.0000000000000004	-0.5207084651630498	0.23649718169105163	-0.2043351285848057	0.19863892485912749	-0.46419121027962573	0.27244532821618334	-0.28945832487951023	0.1017640252945018	-0.13565159404953064	0.15907089521633022	-0.12532206440068475	0.12824921981519277	-0.09336768394255761	0.11023137434868863	-0.1282109093428996	0.11212008897389618	-0.10475551974126708	0.05540518878379243	-0.07502563589880652	0.06721544433763756	-0.10469957331253475	0.08150633823360243	-0.06665783500603159	0.04938608180537871	-0.04762570932805502	0.03680480841639878	-0.035926278697715974
0.0733946478260161	-0.08149349352068037	0.12778836453657227	-0.14754537180225086	0.29067842166171115	-0.2389301568245929	0.19454159221166817	-0.5207084651630498	1.0000000000000002	-0.4915628786608485	0.13740727386938445	-0.145167881565621	0.2862962650368391	-0.4634890496427631	0.2941962736925664	-0.08621870460750115	0.11506583930405476	-0.1462490253712813	0.1184539323397789	-0.12852699804490425	0.07698220428598798	-0.09859595549631182	0.11328719569478711	-0.10663458749102558	0.09815589516715757	-0.04820797363832392	0.06603797152180295	-0.06049682142892876	0.09683388918947454	-0.07803328465919082	0.057730123273502756	-0.044369704990659134	0.04243496643554255	-0.03499472306594478	0.03387335382202479
-0.05057349844319838	0.05571455835453468	-0.08419373295033263	0.0855813694689098	-0.7112156827028906	0.15228956452184864	-0.1242113158741617	0.23649718169105163	-0.4915628786608485	1.0000000000000004	-0.10082728006365152	0.10187303721867945	-0.21054388141440128	0.24116346359831248	-0.36756608546302344	0.06778709633020927	-0.09229615029914263	0.1144993217682247	-0.09523802113073052	0.10907026249289653	-0.06083674303221417	0.07922416732142414	-0.09277885556296156	0.08673999264131652	-0.08337543680287367	0.03896160467556549	-0.05393989101609313	0.04948776597718795	-0.08136685183257572	0.06532794406283328	-0.04682783310337193	0.03624244671966079	-0.03471640557158462	0.02923815311277103	-0.02835939075606464
0.07658586794974293	-0.08580724548005177	0.051133370338472255	-0.050503592692402934	0.1287529762148976	-0.29753143048458025	0.2343986649216813	-0.2043351285848057	0.13740727386938445	-0.10082728006365152	0.9999999999999991	-0.8243066720420071	0.20039659849078245	-0.1343321312389935	0.14526245606646496	-0.248010921398274	0.14556671341064426	-0.13493114830229477	0.09698093982800851	-0.1003214226344064	0.16386117676995432	-0.13305134694727724	0.1199156211244652	-0.09737526572745664	0.08299316693661744	-0.0738378451035327	0.08312635733532717	-0.07160513928437527	0.08540595886231754	-0.0677115256275881	0.0830075899083835	-0.05544691666705897	0.051667250106475854	-0.03170258000348591	0.030580886829732673
-0.07126891455379511	0.07544657622912206	-0.05096992916024677	0.04936151045161825	-0.1326953990058165	0.24585773166310404	-0.3314716086352953	0.19863892485912749	-0.145167881565621	0.10187303721867945	-0.8243066720420071	0.999999999999999	-0.25128999701316773	0.1381634353832863	-0.15190507174881548	0.16847192835070532	-0.15606247910890697	0.131160890486944	-0.09594866631725371	0.09630543630721065	-0.1527784887720592	0.12298745557597164	-0.11729162455899399	0.09336338309385432	-0.08095885066356005	0.0682121194617821	-0.07968069247253605	0.06752581786680167	-0.08307315199503859	0.06478389293730946	-0.0794734142559276	0.05196292811968749	-0.0491916138880848	0.030163425118215122	-0.029274475993486464
0.0808823001415533	-0.09043123528006312	0.08960117908287028	-0.09134869657200298	0.22854821838930975	-0.2744613484746252	0.2158736661747111	-0.46419121027962573	0.2862962650368391	-0.21054388141440128	0.20039659849078245	-0.25128999701316773	0.9999999999999992	-0.528172411294304	0.30286243292364373	-0.13012967966123223	0.18406145702003215	-0.30340636389564235	0.18329879348278788	-0.1859072115612326	0.1138901433249448	-0.15392748984761653	0.16869634216579396	-0.1608727152416168	0.1404579766398514	-0.07029416753092962	0.09560970875358717	-0.08842296449809377	0.13765851247728456	-0.11227193148958398	0.0833740133077861	-0.0644179951489399	0.061522910147008086	-0.04996906022053388	0.048206590654095285
-0.05650866249259871	0.062059261694748465	-0.08415493802733617	0.08399688655871038	-0.2436916234867723	0.17441653670707852	-0.14555083256080792	0.27244532821618334	-0.4634890496427631	0.24116346359831248	-0.1343321312389935	0.1381634353832863	-0.528172411294304	0.9999999999999992	-0.5914374345661542	0.08929212779269105	-0.13186056220485382	0.17649878250632714	-0.16733355121637444	0.15736167616217245	-0.08047795865368436	0.10901733053660344	-0.12892851694406018	0.1266523687680447	-0.11822718347454202	0.05094681056676871	-0.07086245488929764	0.06555245552521384	-0.11079528498748034	0.08893535321181788	-0.061037895502444185	0.04731603659726514	-0.045652356094623175	0.03880299513596775	-0.03776534997733583
0.06775098658283572	-0.07603294239499708	0.08545898863766928	-0.08868301262540386	0.2741058612424507	-0.21199684225645146	0.1579367557903702	-0.28945832487951023	0.2941962736925664	-0.36756608546302344	0.14526245606646496	-0.15190507174881548	0.30286243292364373	-0.5914374345661542	0.9999999999999994	-0.1128090488106126	0.15592345161385385	-0.2088710868700739	0.1770402661733258	-0.24469144277026467	0.09974105498239876	-0.13778252789869638	0.1595782134524068	-0.1608926193232084	0.15649443024066526	-0.06563383719869118	0.09139768290527209	-0.085483609728503	0.14574686203179202	-0.12252500013112232	0.07848199987338943	-0.06225210022643899	0.05938543571866381	-0.05324948822022325	0.051349202328708855
-0.034264431637348956	0.03767741629016894	-0.03056031012259086	0.029880976166299825	-0.09256028477208221	0.11060135428441552	-0.08952094835159499	0.1017640252945018	-0.08621870460750115	0.06778709633020927	-0.248010921398274	0.16847192835070532	-0.13012967966123223	0.08929212779269105	-0.1128090488106126	0.9999999999999967	-0.2504542310910783	0.1548306314152057	-0.11945163934115642	0.11329957660226429	-0.8130093610908888	0.2415147698536118	-0.20283495814906113	0.1290603924348161	-0.10351956430083326	0.19732343675844838	-0.18335943258466994	0.13619943420346067	-0.11035712210879453	0.08406975269882719	-0.2198790307095926	0.11274159370756508	-0.10505993393743675	0.0416284361252222	-0.04033976081841577
0.039329699433803704	-0.04362361282057571	0.03960953299667947	-0.039174410016318356	0.12070727698441745	-0.12473801404147206	0.097784455497568	-0.13565159404953064	0.11506583930405476	-0.09229615029914263	0.14556671341064426	-0.15606247910890697	0.18406145702003215	-0.13186056220485382	0.15592345161385385	-0.2504542310910783	0.999999999999996	-0.5286714232379918	0.23436968594728183	-0.21662822150485597	0.20876837926609154	-0.6264884021239577	0.27945892898094593	-0.2436802173954606	0.16824682917407263	-0.10909740127122229	0.1386237306587518	-0.13310384281717116	0.162515920978454	-0.13566410639685006	0.11949252350839833	-0.09273083209048555	0.0876598187334594	-0.059386478915974955	0.056617828670040726
-0.04176467522916165	0.045852242929834336	-0.04721768337000791	0.04637572598165712	-0.14971394045411113	0.12793917174523214	-0.1034414065251089	0.15907089521633022	-0.1462490253712813	0.1144993217682247	-0.13493114830229477	0.131160890486944	-0.30340636389564235	0.17649878250632714	-0.2088710868700739	0.1548306314152057	-0.5286714232379918	0.9999999999999968	-0.5397990672162631	0.2612051028828104	-0.14844926213138332	0.26205146560194453	-0.3185485553216994	0.26966165354272337	-0.22992193038437544	0.09487959109796261	-0.14010162312659233	0.1301553848763665	-0.21240453450469132	0.15977635116002473	-0.1141141632551714	0.08857320089571628	-0.08899117139529224	0.0682743176547527	-0.06745965835779891
0.032961170263404595	-0.036470704254981896	0.03758743503478809	-0.037315615400320544	0.11805330754649103	-0.10149164124625137	0.07911291071271997	-0.12532206440068475	0.1184539323397789	-0.09523802113073052	0.09698093982800851	-0.09594866631725371	0.18329879348278788	-0.16733355121637444	0.1770402661733258	-0.11945163934115642	0.23436968594728183	-0.5397990672162631	0.9999999999999954	-0.5210958241570922	0.10837617381928039	-0.2034337561236212	0.25239924879933534	-0.49667361716072617	0.26771893157347604	-0.0731307115320451	0.10731531131283509	-0.10840529749211579	0.2148902489189406	-0.18564921721239164	0.08638016495070047	-0.07198879711953401	0.07107089026541291	-0.07030205948363867	0.06801986076710406
-0.0346249431930831	0.03812908372178464	-0.04094141714262861	0.04034403920288183	-0.13845906340349537	0.10423776482934857	-0.0819802286883045	0.12824921981519277	-0.12852699804490425	0.10907026249289653	-0.1003214226344064	0.09630543630721065	-0.1859072115612326	0.15736167616217245	-0.24469144277026467	0.11329957660226429	-0.21662822150485597	0.2612051028828104	-0.5210958241570922	0.9999999999999969	-0.10654221850460585	0.17496723643371778	-0.25282623749349203	0.29832572842821736	-0.5989298818209149	0.07655369975187551	-0.11652046013582736	0.11317880330387313	-0.31419081454654924	0.24946348067456853	-0.09301919526123463	0.07657714824591508	-0.07711405275791401	0.09169399029958045	-0.09454349408658996
0.03151966323023577	-0.03506138438845898	0.027557415093061772	-0.027100219948908457	0.08203961409844354	-0.10380358390866912	0.08007940631454197	-0.09336768394255761	0.07698220428598798	-0.06083674303221417	0.16386117676995432	-0.1527784887720592	0.1138901433249448	-0.08047795865368436	0.09974105498239876	-0.8130093610908888	0.20876837926609154	-0.14844926213138332	0.10837617381928039	-0.10654221850460585	0.999999999999995	-0.33823878312336186	0.1837072373114558	-0.1233494129186965	0.09350122891157528	-0.26744127084107205	0.16854648487365714	-0.1358491421773338	0.0987039907843771	-0.07803052435343583	0.19649221167053735	-0.11187712492294502	0.09743768681625349	-0.03864045484302105	0.036952980189875084
-0.03304401355210778	0.036419269215005975	-0.03383888105955403	0.0332059235183341	-0.10684643952634257	0.10250768871125807	-0.08143370955492718	0.11023137434868863	-0.09859595549631182	0.07922416732142414	-0.13305134694727724	0.12298745557597164	-0.15392748984761653	0.10901733053660344	-0.13778252789869638	0.2415147698536118	-0.6264884021239577	0.26205146560194453	-0.2034337561236212	0.17496723643371778	-0.33823878312336186	0.9999999999999952	-0.5066123424948131	0.2268298339561161	-0.1645860290371922	0.13600657807275943	-0.18417339089966267	0.16471756430070728	-0.16684245239768233	0.126933665122226	-0.15109983256235773	0.1096664964654919	-0.10891281917826279	0.057537852662415734	-0.0558066259750472
0.037407583417247016	-0.041596373190099734	0.03912929039907211	-0.03868980797027324	0.12293660084012184	-0.11549484252693727	0.08793059385689835	-0.1282109093428996	0.11328719569478711	-0.09277885556296156	0.1199156211244652	-0.11729162455899399	0.16869634216579396	-0.12892851694406018	0.1595782134524068	-0.20283495814906113	0.27945892898094593	-0.3185485553216994	0.25239924879933534	-0.25282623749349203	0.1837072373114558	-0.5066123424948131	0.9999999999999946	-0.5235523351502127	0.21860746287675997	-0.13356341613624895	0.20204412866350688	-0.29328283456876597	0.21469712097696636	-0.18536792111213624	0.14995475154787424	-0.14398320350123772	0.14250379512478162	-0.08028681712265998	0.07506013889501362
-0.03136025889712386	0.034612050477773944	-0.03511976430467139	0.034576020270078583	-0.11401012380876471	0.0952143928738796	-0.07439952344632472	0.11212008897389618	-0.10663458749102558	0.08673999264131652	-0.09737526572745664	0.09336338309385432	-0.1608727152416168	0.1266523687680447	-0.1608926193232084	0.1290603924348161	-0.2436802173954606	0.26966165354272337	-0.49667361716072617	0.29832572842821736	-0.1233494129186965	0.2268298339561161	-0.5235523351502127	0.9999999999999927	-0.40633132388468124	0.09048951450832635	-0.14297870086311643	0.149529312138835	-0.36297524723920377	0.23981215305813475	-0.10870020400314953	0.09259348681709025	-0.09627473656472282	0.0909648012835446	-0.08892695015920153
0.029113485766846817	-0.032282414935355726	0.03274105809181972	-0.03243535513111169	0.10622517600298124	-0.08840881239890877	0.06774378652337014	-0.10475551974126708	0.09815589516715757	-0.08337543680287367	0.08299316693661744	-0.08095885066356005	0.1404579766398514	-0.11822718347454202	0.15649443024066526	-0.10351956430083326	0.16824682917407263	-0.22992193038437544	0.26771893157347604	-0.5989298818209149	0.09350122891157528	-0.1645860290371922	0.21860746287675997	-0.40633132388468124	0.9999999999999951	-0.06816236561200073	0.10153410571116389	-0.10598732639382136	0.30317823893985424	-0.5159921583956107	0.08087219639475618	-0.0713013907574889	0.07011968506114698	-0.11705972462476433	0.11325465503525262
-0.01779785597739735	0.01975347448234905	-0.017091937486289524	0.016786448495186044	-0.053433842612790564	0.05596199581374893	-0.042980377380693865	0.05540518878379243	-0.04820797363832392	0.03896160467556549	-0.0738378451035327	0.0682121194617821	-0.07029416753092962	0.05094681056676871	-0.06563383719869118	0.19732343675844838	-0.10909740127122229	0.09487959109796261	-0.0731307115320451	0.07655369975187551	-0.26744127084107205	0.13600657807275943	-0.13356341613624895	0.09048951450832635	-0.06816236561200073	0.9999999999999927	-0.4691849499403078	0.2343583256125717	-0.07892067412562483	0.06259100726889812	-0.7547154815802175	0.22265979000472005	-0.18810489634450708	0.03753687869363931	-0.035508271330000014
0.02332045299892855	-0.025932013885825562	0.023310039062773943	-0.022943133104685206	0.07374913213485018	-0.07234712127645884	0.05493651247272202	-0.07502563589880652	0.06603797152180295	-0.05393989101609313	0.08312635733532717	-0.07968069247253605	0.09560970875358717	-0.07086245488929764	0.09139768290527209	-0.18335943258466994	0.1386237306587518	-0.14010162312659233	0.10731531131283509	-0.11652046013582736	0.16854648487365714	-0.18417339089966267	0.20204412866350688	-0.14297870086311643	0.10153410571116389	-0.4691849499403078	0.9999999999999925	-0.64230778334492	0.12056450197870147	-0.09854863759449846	0.2926656753025052	-0.3658974758302409	0.2667764472976454	-0.05734677161534638	0.05309366773662117
-0.020466300283841495	0.02268005692264262	-0.021097332597685012	0.02072716310487264	-0.06778335162615916	0.0628551047365087	-0.04825778759128617	0.06721544433763756	-0.06049682142892876	0.04948776597718795	-0.07160513928437527	0.06752581786680167	-0.08842296449809377	0.06555245552521384	-0.085483609728503	0.13619943420346067	-0.13310384281717116	0.1301553848763665	-0.10840529749211579	0.11317880330387313	-0.1358491421773338	0.16471756430070728	-0.29328283456876597	0.149529312138835	-0.10598732639382136	0.2343583256125717	-0.64230778334492	0.999999999999993	-0.1402550442356406	0.10268274815384033	-0.29426435219399893	0.29570212311246347	-0.5069294059075107	0.0629300082077775	-0.059655240253679256
0.029998542198819953	-0.03329892112201446	0.03308647906552791	-0.03268495800249497	0.10777625694045916	-0.09063315101373916	0.0689266301235274	-0.10469957331253475	0.09683388918947454	-0.08136685183257572	0.08540595886231754	-0.08307315199503859	0.13765851247728456	-0.11079528498748034	0.14574686203179202	-0.11035712210879453	0.162515920978454	-0.21240453450469132	0.2148902489189406	-0.31419081454654924	0.0987039907843771	-0.16684245239768233	0.21469712097696636	-0.36297524723920377	0.30317823893985424	-0.07892067412562483	0.12056450197870147	-0.1402550442356406	0.9999999999999927	-0.7154287795422833	0.09331635783071052	-0.08908960356503755	0.08830593030227088	-0.2219175444564333	0.18178207409540809
-0.023106314673045972	0.025509854539103892	-0.026190995863192932	0.025747380879237183	-0.08752055006777967	0.06932333308624075	-0.05368729267324664	0.08150633823360243	-0.07803328465919082	0.06532794406283328	-0.0677115256275881	0.06478389293730946	-0.11227193148958398	0.08893535321181788	-0.12252500013112232	0.08406975269882719	-0.13566410639685006	0.15977635116002473	-0.18564921721239164	0.24946348067456853	-0.07803052435343583	0.126933665122226	-0.18536792111213624	0.23981215305813475	-0.5159921583956107	0.06259100726889812	-0.09854863759449846	0.10268274815384033	-0.7154287795422833	0.9999999999999926	-0.07603898729393505	0.06881920046950771	-0.0708486635101083	0.18424181677764018	-0.22897718052682892
0.021372747071630345	-0.0237876749686996	0.020545386166816785	-0.02021158862353046	0.06414214340289452	-0.06720595510108787	0.05100283673466133	-0.06665783500603159	0.057730123273502756	-0.04682783310337193	0.0830075899083835	-0.0794734142559276	0.0833740133077861	-0.061037895502444185	0.07848199987338943	-0.2198790307095926	0.11949252350839833	-0.1141141632551714	0.08638016495070047	-0.09301919526123463	0.19649221167053735	-0.15109983256235773	0.14995475154787424	-0.10870020400314953	0.08087219639475618	-0.7547154815802175	0.2926656753025052	-0.29426435219399893	0.09331635783071052	-0.07603898729393505	0.9999999999999927	-0.37901595999331905	0.21847176652370118	-0.04574296296584432	0.04261914568937027
-0.01530587157404875	0.0169583598707509	-0.015566050287117546	0.015271485286048533	-0.05008981957435333	0.04710529714706567	-0.03616826116095696	0.04938608180537871	-0.044369704990659134	0.03624244671966079	-0.05544691666705897	0.05196292811968749	-0.0644179951489399	0.04731603659726514	-0.06225210022643899	0.11274159370756508	-0.09273083209048555	0.08857320089571628	-0.07198879711953401	0.07657714824591508	-0.11187712492294502	0.1096664964654919	-0.14398320350123772	0.09259348681709025	-0.0713013907574889	0.22265979000472005	-0.3658974758302409	0.29570212311246347	-0.08908960356503755	0.06881920046950771	-0.37901595999331905	0.999999999999993	-0.7655786396272171	0.058282419440837355	-0.05625583985818649
0.014687316248898059	-0.016305767058657186	0.01490343357959554	-0.014652571596125794	0.04759192711382786	-0.04531052187893158	0.034560600742802455	-0.04762570932805502	0.04243496643554255	-0.03471640557158462	0.051667250106475854	-0.0491916138880848	0.061522910147008086	-0.045652356094623175	0.05938543571866381	-0.10505993393743675	0.0876598187334594	-0.08899117139529224	0.07107089026541291	-0.07711405275791401	0.09743768681625349	-0.10891281917826279	0.14250379512478162	-0.09627473656472282	0.07011968506114698	-0.18810489634450708	0.2667764472976454	-0.5069294059075107	0.08830593030227088	-0.0708486635101083	0.21847176652370118	-0.7655786396272171	0.9999999999999933	-0.06707355001522747	0.05974219533983384
-0.010653750972353826	0.011763118524796442	-0.011919331259363338	0.011694446515394911	-0.0399744846840158	0.031891290983225164	-0.02462291462210923	0.03680480841639878	-0.03499472306594478	0.02923815311277103	-0.03170258000348591	0.030163425118215122	-0.04996906022053388	0.03880299513596775	-0.05324948822022325	0.0416284361252222	-0.059386478915974955	0.0682743176547527	-0.07030205948363867	0.09169399029958045	-0.03864045484302105	0.057537852662415734	-0.08028681712265998	0.0909648012835446	-0.11705972462476433	0.03753687869363931	-0.05734677161534638	0.0629300082077775	-0.2219175444564333	0.18424181677764018	-0.04574296296584432	0.058282419440837355	-0.06707355001522747	0.9999999999999936	-0.9454346168958748
0.010399436751141425	-0.011501354657824182	0.01156717762405741	-0.011369095637338858	0.0385039139304506	-0.031206750743693286	0.0239705592091641	-0.035926278697715974	0.03387335382202479	-0.02835939075606464	0.030580886829732673	-0.029274475993486464	0.048206590654095285	-0.03776534997733583	0.051349202328708855	-0.04033976081841577	0.056617828670040726	-0.06745965835779891	0.06801986076710406	-0.09454349408658996	0.036952980189875084	-0.0558066259750472	0.07506013889501362	-0.08892695015920153	0.11325465503525262	-0.035508271330000014	0.05309366773662117	-0.059655240253679256	0.18178207409540809	-0.22897718052682892	0.04261914568937027	-0.05625583985818649	0.05974219533983384	-0.9454346168958748	0.9999999999999936
