1.0	-0.2530121192223882	0.18316080307432753	-0.10539314114024821	0.11434262169565412	-0.6979923951017079	0.29839879284278437	-0.24375511072739525	0.17146826603841747	-0.1863441568436589	0.2494622782586937	-0.26510958726042194	0.20403362773244058	-0.23622770381874877	0.1427198595350869	-0.17354859797750705	0.1768748440143389	-0.1616619799754002	0.16000541988065872	-0.16074812677813835	0.17888266952910475	-0.1306493956568887	0.14984230577919241	-0.12023248829788086	0.11464323575398094	-0.13767339831828485	0.12335854077844578	-0.1125498086303898	0.11046709214175904	-0.07978011850314333	0.11836282422103565	-0.08975767579845141	0.08689620566477753	-0.09328913940914682	0.08852001612757633	-0.11766085527339837	0.07568411278161469	-0.09375917399366797	0.07387246071540418	-0.06781517999197761	0.08443042913926413	-0.06683965362647488	0.07822022048040868	-0.0594088659842132	0.06419974597332462
-0.2530121192223882	1.0000000000000007	-0.7564605282579505	0.22352474396566252	-0.271031249994356	0.19206386694127808	-0.3465125328289283	0.2330093863909219	-0.17853660339381583	0.17721490016141048	-0.18609382100081245	0.20013249673619243	-0.21074439256850883	0.19268862183575639	-0.13869675840871126	0.11548328800055122	-0.14369900769249283	0.12064812649261235	-0.13542348314150934	0.1305775103054258	-0.14116546136040822	0.10037184697995809	-0.12037861315816713	0.09602373784496489	-0.09637106817510206	0.09916183406709518	-0.09438797519963545	0.08433455711507162	-0.08566251487354135	0.06379550691942454	-0.0877990974353372	0.06490680762692791	-0.06514137568174717	0.0694628815441356	-0.07241397087691721	0.08264870613370749	-0.055312965104862055	0.06829496595597401	-0.05587824955917703	0.051185512471940295	-0.062303981887282166	0.04876797959041555	-0.0582347522372768	0.04433436197417913	-0.048867095651442045
0.18316080307432753	-0.7564605282579505	1.0000000000000007	-0.36525277806203826	0.2500109731249185	-0.1583692609021484	0.22669305975111095	-0.27954637923253545	0.18031306329723698	-0.19464412485820476	0.15389828209602902	-0.1886376941026902	0.18718154431979467	-0.20982850094558828	0.1359231159425151	-0.10088664877004035	0.12646654578765346	-0.11344832862139397	0.12494415690198708	-0.13261351668412882	0.12028939192198847	-0.09035247660784008	0.10893844563881946	-0.09093401074399261	0.09075396801575096	-0.09049884749587862	0.08511912606607434	-0.07791091776673913	0.07886212146834541	-0.05990432934698458	0.08022583560667072	-0.06034986946866825	0.060178255543159434	-0.06462916165467184	0.06714978190641552	-0.07725050227782022	0.05126336374615351	-0.06365458696687808	0.051758209122368046	-0.047677837828102254	0.05756142869154538	-0.04527717536057428	0.05386615729844867	-0.04116683877103346	0.04522748818205382
-0.10539314114024821	0.22352474396566252	-0.36525277806203826	1.0000000000000002	-0.8624094837722053	0.08280012164924502	-0.11613210553606258	0.13188152253455832	-0.16393160509216365	0.17635683190643914	-0.09099568302376719	0.09888602983597272	-0.1079025475384987	0.14457661237322944	-0.12179429207324301	0.059708539697042526	-0.0805968134140836	0.07322634995678273	-0.08923798286459499	0.0957021794171295	-0.07433928226126157	0.0573575067891147	-0.0725589260578818	0.06264902973076636	-0.06593953279954788	0.05659456844875433	-0.054504979645281997	0.05048181479786859	-0.05240103355927644	0.04148901941513615	-0.05116104434078767	0.038451236651722474	-0.0391253657437126	0.04205826391839476	-0.04719280312888784	0.04845176540591746	-0.03284628762802817	0.040896440486538684	-0.03408771711382455	0.031499361558955136	-0.03708458280663787	0.029043690501133916	-0.034978704257272196	0.026883845864409	-0.02993701218821112
0.11434262169565412	-0.271031249994356	0.2500109731249185	-0.8624094837722053	1.0000000000000009	-0.0924413439065282	0.12607032308847912	-0.14442952272330226	0.1640976588604261	-0.24726139302807298	0.1001063509250185	-0.11149529829667269	0.11518298057192809	-0.17044378823111908	0.13625873103330544	-0.06660851146058545	0.08949268393262702	-0.08315591883393812	0.09901004034104036	-0.11401086467601963	0.08226986267630136	-0.06421456514574396	0.08094249640417814	-0.07124667718467742	0.07413102294260497	-0.06381075614167864	0.061070652815307686	-0.056987012740769616	0.058897139791319136	-0.04686465774694526	0.05759026629663667	-0.043549579337225496	0.04411970682732783	-0.04757225267605941	0.05277024014381247	-0.055056926996715785	0.03712521299147873	-0.046315546901392564	0.038393481310771145	-0.03555753658756308	0.04182358419577143	-0.032838539689143784	0.039435812151161875	-0.030339904758966158	0.03368024674074647
-0.6979923951017079	0.19206386694127808	-0.1583692609021484	0.08280012164924502	-0.0924413439065282	1.0000000000000009	-0.5217364892625712	0.2103937810291969	-0.1410196534024683	0.13607348719229584	-0.31342869401466805	0.23660588979035405	-0.19532263234911582	0.16968675549799905	-0.10631789870369483	0.1560319075839635	-0.1433151563285548	0.11774524888190895	-0.11742593093661782	0.1135464155766505	-0.16185149961346035	0.10265964481485185	-0.11341719907844988	0.08731927194849484	-0.0835483447968482	0.10415305579621315	-0.09434428560846204	0.0826118225566875	-0.08097922119034252	0.057618274704266226	-0.08671232772004074	0.06428289743966478	-0.06299849085307714	0.06720936899906506	-0.06428830400914497	0.08347515950860566	-0.054217392497153884	0.06679541284512593	-0.0529860246983211	0.048449749272280906	-0.060350270136125914	0.04766520776407175	-0.055987886778510326	0.042444281412904364	-0.046002415166016185
0.29839879284278437	-0.3465125328289283	0.22669305975111095	-0.11613210553606258	0.12607032308847912	-0.5217364892625712	1.0000000000000004	-0.43808628802183647	0.2011012306561094	-0.18769872173915386	0.24183506191062745	-0.44478429068542036	0.28240506327175424	-0.23644305868873033	0.13783956354967472	-0.1515512983756941	0.16226756994437058	-0.1367097461994143	0.13948165854966235	-0.1402640598868016	0.1596868173333477	-0.115463281617598	0.1291699682487667	-0.10289632990249396	0.09978658369587086	-0.1144292344466048	0.10466922596461883	-0.09360886753902217	0.09245367388056984	-0.06755780092877559	0.09671847887677229	-0.07253301817397025	0.07145220835548383	-0.07655251954116328	0.07536508489393062	-0.09378462794307404	0.061237675516467305	-0.07578056711177132	0.06053572358696923	-0.055564179291513145	0.06826783333487316	-0.053933936279167524	0.06357434745598026	-0.04838845582716639	0.052653250090673336
-0.24375511072739525	0.2330093863909219	-0.27954637923253545	0.13188152253455832	-0.14442952272330226	0.2103937810291969	-0.43808628802183647	1.0000000000000004	-0.42622849505488847	0.22023404139955047	-0.21205474995867843	0.2921693344461429	-0.5855434400557693	0.26900654401658713	-0.16379429850683733	0.12797918906277658	-0.15402421902352237	0.12817818122982869	-0.14295882952574285	0.14232622634661093	-0.14921382801477187	0.10690964541476583	-0.12514029291414533	0.10130212905142542	-0.10191837981652883	0.10409580723504529	-0.09821582695439167	0.08773879443005021	-0.08861571921995093	0.06652653361760075	-0.08991684467171152	0.06689554794239311	-0.06717051777628315	0.07185216146466648	-0.07512760039686449	0.08521886758408757	-0.056806609755829074	0.07031008559232137	-0.05738181101195811	0.052706219610281255	-0.06367531562354274	0.05003659587444531	-0.05963985757694078	0.04552781118213062	-0.05010883012935965
0.17146826603841747	-0.17853660339381583	0.18031306329723698	-0.16393160509216365	0.1640976588604261	-0.1410196534024683	0.2011012306561094	-0.42622849505488847	1.0000000000000013	-0.5136607744949259	0.15581181612425546	-0.18544068153009285	0.23060400787502833	-0.6168855405629947	0.2513994087452133	-0.10233804444962956	0.13910490256339353	-0.13030805968324258	0.1656185009626602	-0.1893035951310011	0.12613346021359698	-0.09937310981290869	0.1269444393142644	-0.11469550692410772	0.12127991690220463	-0.09701105985015857	0.09377103233029147	-0.08775389729119483	0.0917076989932416	-0.07451251167022828	0.08723089043040737	-0.06591199336901676	0.06767160140700927	-0.07305863122528143	0.08423642747049528	-0.08247581311648094	0.05629104182334289	-0.07034209125298627	0.05908095706177864	-0.05482303652765805	0.06347113494413228	-0.049769199736360785	0.060161243845635294	-0.046454799164784386	0.05192003862439152
-0.1863441568436589	0.17721490016141048	-0.19464412485820476	0.17635683190643914	-0.24726139302807298	0.13607348719229584	-0.18769872173915386	0.22023404139955047	-0.5136607744949259	0.9999999999999992	-0.17069222285817798	0.1658774169719441	-0.20173198098430323	0.31339116934330286	-0.5806702016920912	0.11383527087898115	-0.17026946618769453	0.15999776127961188	-0.22470913511383386	0.2607223653164986	-0.14808545584852995	0.12157167380829542	-0.16480581405175757	0.15213906340611613	-0.17684171111790067	0.11721493252715327	-0.11641220699129427	0.11061376706987154	-0.11933999624001763	0.10159561158223486	-0.10824395283775455	0.08184253381509217	-0.08594089482426706	0.09279027684694512	-0.1177271671839704	0.10070598791582645	-0.07038881527628814	0.0882349544342567	-0.07639143299457038	0.07113518059754281	-0.07991678075780033	0.06235274859584848	-0.0764613703324917	0.05945715965432716	-0.0675769371425455
0.2494622782586937	-0.18609382100081245	0.15389828209602902	-0.09099568302376719	0.1001063509250185	-0.31342869401466805	0.24183506191062745	-0.21205474995867843	0.15581181612425546	-0.17069222285817798	1.0000000000000002	-0.4127509282515328	0.22478233079401613	-0.21572423205399843	0.13634414007183268	-0.574033726688643	0.22475890945652108	-0.1881842311198793	0.16914696166887955	-0.1613262733288062	0.297606679483961	-0.17658471625514205	0.1747876552703361	-0.13138160394014514	0.12091716848454095	-0.18858330107944296	0.15518760506140122	-0.13415116272453095	0.12615175820966631	-0.08638647662455652	0.14011352823179177	-0.10431132670367016	0.10005574383475797	-0.10690811258034645	0.09512553894187224	-0.13773942152433452	0.08689814682153321	-0.1067935405331019	0.0824629420505872	-0.07530781792365747	0.09535619503267756	-0.07608724986910922	0.0879990177102	-0.06655307824388851	0.0710926541555845
-0.26510958726042194	0.20013249673619243	-0.1886376941026902	0.09888602983597272	-0.11149529829667269	0.23660588979035405	-0.44478429068542036	0.2921693344461429	-0.18544068153009285	0.1658774169719441	-0.4127509282515328	0.9999999999999992	-0.6083472254894179	0.21030838335743426	-0.13176623205404245	0.19410137116454138	-0.23117940119371955	0.15063614910110565	-0.14595839389914014	0.1364813902348053	-0.20843002414500927	0.142442447824616	-0.1469573278038015	0.10806227325518052	-0.10283645973662538	0.13060586849284683	-0.12124451345422944	0.10286010890307312	-0.0999601570234634	0.07035160472502164	-0.10570319680774783	0.07775783222390836	-0.07702342354672341	0.08194582424374122	-0.078567629763029	0.10013379653255979	-0.06544942979666868	0.08050229542022751	-0.064043219195414	0.05846545514552498	-0.07252981736792227	0.057328584396031966	-0.06746645552398364	0.051157026683656806	-0.0554961427491566
0.20403362773244058	-0.21074439256850883	0.18718154431979467	-0.1079025475384987	0.11518298057192809	-0.19532263234911582	0.28240506327175424	-0.5855434400557693	0.23060400787502833	-0.20173198098430323	0.22478233079401613	-0.6083472254894179	1.000000000000001	-0.28276152032492047	0.14606233226569026	-0.14530020502767574	0.1644426286986133	-0.138249540868932	0.14083300180900987	-0.14249360361725788	0.15272930633780432	-0.11587783517228278	0.12841518024433288	-0.1029273627038086	0.10034326563080138	-0.11171349921108514	0.10264082386814298	-0.09192828327358167	0.09084908887032624	-0.06706713123037847	0.0936841571851363	-0.07040993961758468	0.06975628072666111	-0.07483897274664111	0.07481618008704376	-0.09062841659873717	0.05941225938353606	-0.07363100220960177	0.059067667619446936	-0.05429831932489773	0.06614791727609463	-0.05229630973318255	0.06177291141900645	-0.047120760519334934	0.05138508274608279
-0.23622770381874877	0.19268862183575639	-0.20982850094558828	0.14457661237322944	-0.17044378823111908	0.16968675549799905	-0.23644305868873033	0.26900654401658713	-0.6168855405629947	0.31339116934330286	-0.21572423205399843	0.21030838335743426	-0.28276152032492047	1.0000000000000018	-0.3773486934691312	0.14033207761341224	-0.20464163793774093	0.18809981835463463	-0.2732486334077412	0.23800459921985062	-0.1824370224628353	0.14391041813690986	-0.19077501899971494	0.16663900591270261	-0.18086290299568558	0.13842402651968624	-0.13709651005769888	0.12729052744354757	-0.13548749290220655	0.10947563293588965	-0.12723842559074208	0.0949672673349854	-0.0988745448796463	0.10602537587439159	-0.1272588795487471	0.11752373397038957	-0.08169545070473912	0.10172093338101047	-0.08703764806272354	0.08037409182901077	-0.09288089225294849	0.0722654216653229	-0.08821771188520547	0.0680190884222061	-0.07681402128546902
0.1427198595350869	-0.13869675840871126	0.1359231159425151	-0.12179429207324301	0.13625873103330544	-0.10631789870369483	0.13783956354967472	-0.16379429850683733	0.2513994087452133	-0.5806702016920912	0.13634414007183268	-0.13176623205404245	0.14606233226569026	-0.3773486934691312	1.0000000000000013	-0.09504982759246845	0.14695610465030431	-0.1568836194993964	0.21033454345996058	-0.583431067962633	0.12374423716267874	-0.10958120758879317	0.151037579618078	-0.17505047982315936	0.19875396695547054	-0.10671125408534454	0.10509174471829949	-0.1059988665891681	0.1147723199127767	-0.1095562714158869	0.09790640155863278	-0.07663251018524167	0.08101298800074569	-0.08977527628799023	0.11642862072718678	-0.09363967839472127	0.06536978690572164	-0.08337021608351079	0.0720801566248519	-0.06870238304629764	0.07333684893232296	-0.05795877514486356	0.07096605145769866	-0.056132413917511066	0.06356654828808125
-0.17354859797750705	0.11548328800055122	-0.10088664877004035	0.059708539697042526	-0.06660851146058545	0.1560319075839635	-0.1515512983756941	0.12797918906277658	-0.10233804444962956	0.11383527087898115	-0.574033726688643	0.19410137116454138	-0.14530020502767574	0.14033207761341224	-0.09504982759246845	1.0	-0.25408967596249377	0.15502801582894082	-0.13201911786816384	0.11664592438462279	-0.6783555108882594	0.18424635369583192	-0.1614130268664592	0.10509796648460394	-0.0940985916209662	0.17953505321878965	-0.15416435305122253	0.11552027418713501	-0.10690075381340589	0.06811517863961415	-0.1245198537503851	0.08565118941090501	-0.08366821213795342	0.08765899700096898	-0.07507078407472337	0.11145021887600129	-0.0712008367453443	0.08593436041752923	-0.06632403325489952	0.059860784882781355	-0.07732923398840673	0.061490201528135474	-0.07114889036151381	0.053322499877281646	-0.056799027451395624
0.1768748440143389	-0.14369900769249283	0.12646654578765346	-0.0805968134140836	0.08949268393262702	-0.1433151563285548	0.16226756994437058	-0.15402421902352237	0.13910490256339353	-0.17026946618769453	0.22475890945652108	-0.23117940119371955	0.1644426286986133	-0.20464163793774093	0.14695610465030431	-0.25408967596249377	0.9999999999999996	-0.4005281986700562	0.24052427251490574	-0.20086081830719338	0.25972665322410604	-0.6034359137396634	0.3125010576077234	-0.1991261879944037	0.16382278994856805	-0.27740308987279794	0.25898418367406906	-0.21307209719287012	0.18194623788264488	-0.11845056855104423	0.18710164365474252	-0.14492408083549774	0.14234432559258342	-0.1530589712683067	0.1270207202412889	-0.1864976754930218	0.11826047582537817	-0.14687899503468893	0.11134017809534859	-0.10170293967203087	0.1263633201788052	-0.10254529733898438	0.1180122877780819	-0.08973384454002291	0.09470523163735564
-0.1616619799754002	0.12064812649261235	-0.11344832862139397	0.07322634995678273	-0.08315591883393812	0.11774524888190895	-0.1367097461994143	0.12817818122982869	-0.13030805968324258	0.15999776127961188	-0.1881842311198793	0.15063614910110565	-0.138249540868932	0.18809981835463463	-0.1568836194993964	0.15502801582894082	-0.4005281986700562	0.9999999999999991	-0.5778466041191737	0.21608310794146882	-0.2116752249412938	0.26446095636264544	-0.5317203759287491	0.2538253574117202	-0.21277229835839812	0.19451379496755014	-0.2110090287325836	0.18967347385462557	-0.19271037974826083	0.13378283097886093	-0.16665048797318288	0.1259170601735256	-0.1358490959771566	0.14450202453958588	-0.14880549480629468	0.15329825059794142	-0.10680063972006383	0.13303640505179642	-0.11014789167662245	0.10056240361674651	-0.1181778708969744	0.09308780922357714	-0.11262429189109065	0.08629197931855327	-0.09511022374372632
0.16000541988065872	-0.13542348314150934	0.12494415690198708	-0.08923798286459499	0.09901004034104036	-0.11742593093661782	0.13948165854966235	-0.14295882952574285	0.1656185009626602	-0.22470913511383386	0.16914696166887955	-0.14595839389914014	0.14083300180900987	-0.2732486334077412	0.21033454345996058	-0.13201911786816384	0.24052427251490574	-0.5778466041191737	0.9999999999999944	-0.3643554183117089	0.17453437363227753	-0.19355802992287788	0.28505855537818897	-0.4464888922137799	0.26494008583799283	-0.1778187865413373	0.17341892767615794	-0.1876761288693626	0.1940091562687821	-0.16230746088261627	0.15588639274933694	-0.1275503929238461	0.13466506269222545	-0.15383108497839781	0.1638805811041746	-0.1558387516401483	0.10662842255869458	-0.13802258387002478	0.1134048038796551	-0.10804062606929495	0.11653982609394263	-0.0939866524233634	0.11293419479388066	-0.08943078333865427	0.09801121407551316
-0.16074812677813835	0.1305775103054258	-0.13261351668412882	0.0957021794171295	-0.11401086467601963	0.1135464155766505	-0.1402640598868016	0.14232622634661093	-0.1893035951310011	0.2607223653164986	-0.1613262733288062	0.1364813902348053	-0.14249360361725788	0.23800459921985062	-0.583431067962633	0.11664592438462279	-0.20086081830719338	0.21608310794146882	-0.3643554183117089	0.9999999999999954	-0.15784957520422283	0.15030657480508644	-0.2259204194323315	0.2644884827807398	-0.4529185245732076	0.14222244361128208	-0.14526688130018897	0.14929386164927366	-0.17197416781450786	0.17599751088508492	-0.13301476299979198	0.10445958928733248	-0.11486227527985807	0.12710277193350342	-0.19980583797620846	0.12470038528236643	-0.08991559612403653	0.11511348682739697	-0.10472955179029861	0.10024102971756807	-0.10139878790744922	0.07976664143486077	-0.09978920490415923	0.07997226363546023	-0.09323317074720522
0.17888266952910475	-0.14116546136040822	0.12028939192198847	-0.07433928226126157	0.08226986267630136	-0.16185149961346035	0.1596868173333477	-0.14921382801477187	0.12613346021359698	-0.14808545584852995	0.297606679483961	-0.20843002414500927	0.15272930633780432	-0.1824370224628353	0.12374423716267874	-0.6783555108882594	0.25972665322410604	-0.2116752249412938	0.17453437363227753	-0.15784957520422283	0.9999999999999944	-0.288857886961527	0.20987127904689049	-0.14312258032140654	0.12595874190930426	-0.31731005523310507	0.21406505931983388	-0.1644915264490399	0.1465102940838594	-0.09301260896514885	0.1743344076678632	-0.12248812831829205	0.11675690712196297	-0.12319615175220348	0.10156100975792619	-0.16217811284429065	0.10061461703745808	-0.12154253233138493	0.09209508200091414	-0.08332577193358749	0.10822446695104591	-0.08686096027406837	0.09925616664050076	-0.07447438542540481	0.07862375083561202
-0.1306493956568887	0.10037184697995809	-0.09035247660784008	0.0573575067891147	-0.06421456514574396	0.10265964481485185	-0.115463281617598	0.10690964541476583	-0.09937310981290869	0.12157167380829542	-0.17658471625514205	0.142442447824616	-0.11587783517228278	0.14391041813690986	-0.10958120758879317	0.18424635369583192	-0.6034359137396634	0.26446095636264544	-0.19355802992287788	0.15030657480508644	-0.288857886961527	0.999999999999994	-0.5151418422399942	0.1734701873921294	-0.14119835970673522	0.2505941136487631	-0.41120783624687235	0.20273280326877002	-0.1706362597644369	0.09921692455434819	-0.16516745829973925	0.12003163697816942	-0.12689316161980504	0.13073196975780063	-0.10739717144522082	0.14864693494550968	-0.09850874955860288	0.12021420990566596	-0.09281369153869333	0.0833094737143977	-0.10431243281693907	0.08388718015630797	-0.09794937936250186	0.0737909703720183	-0.07827927160710699
0.14984230577919241	-0.12037861315816713	0.10893844563881946	-0.0725589260578818	0.08094249640417814	-0.11341719907844988	0.1291699682487667	-0.12514029291414533	0.1269444393142644	-0.16480581405175757	0.1747876552703361	-0.1469573278038015	0.12841518024433288	-0.19077501899971494	0.151037579618078	-0.1614130268664592	0.3125010576077234	-0.5317203759287491	0.28505855537818897	-0.2259204194323315	0.20987127904689049	-0.5151418422399942	0.9999999999999966	-0.3366347219704444	0.21077690193107282	-0.24078749510609054	0.24501903842304193	-0.25747327195188624	0.2077225553051863	-0.14017757231759145	0.17625302444869237	-0.14166978238546438	0.15119283251419952	-0.1644305369723226	0.14490436493267567	-0.17282621554411987	0.11612965648917076	-0.14773387458370835	0.11527422082187258	-0.10626579737984712	0.12386324046375402	-0.10054033729767525	0.11859084963341238	-0.09153362699588947	0.09773783103827283
-0.12023248829788086	0.09602373784496489	-0.09093401074399261	0.06264902973076636	-0.07124667718467742	0.08731927194849484	-0.10289632990249396	0.10130212905142542	-0.11469550692410772	0.15213906340611613	-0.13138160394014514	0.10806227325518052	-0.1029273627038086	0.16663900591270261	-0.17505047982315936	0.10509796648460394	-0.1991261879944037	0.2538253574117202	-0.4464888922137799	0.2644884827807398	-0.14312258032140654	0.1734701873921294	-0.3366347219704444	0.9999999999999922	-0.6524326688992315	0.15249317127957024	-0.16084413251793897	0.19176023071236886	-0.2775225610564421	0.21139095362095178	-0.13554949255476123	0.11337189478997257	-0.13510633446815556	0.15839016580850007	-0.22511238156603838	0.13038669094999944	-0.09585442118005623	0.1256123054590399	-0.11358220374858216	0.109058235433564	-0.10417862351795171	0.08387355833466159	-0.10503421741172117	0.08571832639768359	-0.09821988726742119
0.11464323575398094	-0.09637106817510206	0.09075396801575096	-0.06593953279954788	0.07413102294260497	-0.0835483447968482	0.09978658369587086	-0.10191837981652883	0.12127991690220463	-0.17684171111790067	0.12091716848454095	-0.10283645973662538	0.10034326563080138	-0.18086290299568558	0.19875396695547054	-0.0940985916209662	0.16382278994856805	-0.21277229835839812	0.26494008583799283	-0.4529185245732076	0.12595874190930426	-0.14119835970673522	0.21077690193107282	-0.6524326688992315	0.9999999999999956	-0.13553981446107627	0.13472614118547693	-0.16580767085608641	0.19407012820572903	-0.35764373302837416	0.12197165174930541	-0.10445492428012508	0.11859942099147246	-0.14325733529655174	0.23981292298698137	-0.12111035277822958	0.08781385241700185	-0.11766927007814472	0.10764292238429189	-0.11132775015750443	0.09563702361709861	-0.0778628899006037	0.09732756064530367	-0.08207098111042113	0.09494592529524014
-0.13767339831828485	0.09916183406709518	-0.09049884749587862	0.05659456844875433	-0.06381075614167864	0.10415305579621315	-0.1144292344466048	0.10409580723504529	-0.09701105985015857	0.11721493252715327	-0.18858330107944296	0.13060586849284683	-0.11171349921108514	0.13842402651968624	-0.10671125408534454	0.17953505321878965	-0.27740308987279794	0.19451379496755014	-0.1778187865413373	0.14222244361128208	-0.31731005523310507	0.2505941136487631	-0.24078749510609054	0.15249317127957024	-0.13553981446107627	0.9999999999999943	-0.6288812256785777	0.2471893993677449	-0.22717915381209713	0.10966484015954374	-0.4502875889465815	0.1836661358379893	-0.1779946603801331	0.17004606838875327	-0.12275429837864957	0.23633796350004765	-0.15147614792111191	0.16361011236673498	-0.12420525366107305	0.10666994647606347	-0.15771031547037123	0.122858627898048	-0.13937699122213687	0.0995044959214423	-0.10422837809297467
0.12335854077844578	-0.09438797519963545	0.08511912606607434	-0.054504979645281997	0.061070652815307686	-0.09434428560846204	0.10466922596461883	-0.09821582695439167	0.09377103233029147	-0.11641220699129427	0.15518760506140122	-0.12124451345422944	0.10264082386814298	-0.13709651005769888	0.10509174471829949	-0.15416435305122253	0.25898418367406906	-0.2110090287325836	0.17341892767615794	-0.14526688130018897	0.21406505931983388	-0.41120783624687235	0.24501903842304193	-0.16084413251793897	0.13472614118547693	-0.6288812256785777	0.9999999999999957	-0.42593761898696614	0.2335684590378616	-0.11168764906740994	0.24049247067520357	-0.17632169977565	0.18335066329577432	-0.1847555091000971	0.11944197426680184	-0.213270209334689	0.13726213466749052	-0.16486138721272556	0.11964350513607083	-0.10489641221630144	0.1386910477957718	-0.11389027689757605	0.12933460894355664	-0.09581950417054101	0.0984715311106926
-0.1125498086303898	0.08433455711507162	-0.07791091776673913	0.05048181479786859	-0.056987012740769616	0.0826118225566875	-0.09360886753902217	0.08773879443005021	-0.08775389729119483	0.11061376706987154	-0.13415116272453095	0.10286010890307312	-0.09192828327358167	0.12729052744354757	-0.1059988665891681	0.11552027418713501	-0.21307209719287012	0.18967347385462557	-0.1876761288693626	0.14929386164927366	-0.1644915264490399	0.20273280326877002	-0.25747327195188624	0.19176023071236886	-0.16580767085608641	0.2471893993677449	-0.42593761898696614	0.9999999999999938	-0.6191294979051923	0.1523517626425049	-0.2205145613168167	0.19258651728114867	-0.39089078762687673	0.2888024149849232	-0.16626529650695096	0.18880351478192134	-0.16288348709782782	0.2050553225881783	-0.16363539263415497	0.13343001872215973	-0.1638667839744275	0.13046057546419682	-0.1673933243576963	0.12220706903501985	-0.1279982453807954
0.11046709214175904	-0.08566251487354135	0.07886212146834541	-0.05240103355927644	0.058897139791319136	-0.08097922119034252	0.09245367388056984	-0.08861571921995093	0.0917076989932416	-0.11933999624001763	0.12615175820966631	-0.0999601570234634	0.09084908887032624	-0.13548749290220655	0.1147723199127767	-0.10690075381340589	0.18194623788264488	-0.19271037974826083	0.1940091562687821	-0.17197416781450786	0.1465102940838594	-0.1706362597644369	0.2077225553051863	-0.2775225610564421	0.19407012820572903	-0.22717915381209713	0.2335684590378616	-0.6191294979051923	0.9999999999999941	-0.22449095852251078	0.19130610067292297	-0.1929015269849621	0.28571672224697103	-0.49123615838623086	0.19324378433414824	-0.190723178437772	0.15399221592813578	-0.21496883213190282	0.17484992107825373	-0.15298234290819832	0.15359368967816533	-0.12890741438762915	0.16120999956097626	-0.13132575592797527	0.13272371518336748
-0.07978011850314333	0.06379550691942454	-0.05990432934698458	0.04148901941513615	-0.04686465774694526	0.057618274704266226	-0.06755780092877559	0.06652653361760075	-0.07451251167022828	0.10159561158223486	-0.08638647662455652	0.07035160472502164	-0.06706713123037847	0.10947563293588965	-0.1095562714158869	0.06811517863961415	-0.11845056855104423	0.13378283097886093	-0.16230746088261627	0.17599751088508492	-0.09301260896514885	0.09921692455434819	-0.14017757231759145	0.21139095362095178	-0.35764373302837416	0.10966484015954374	-0.11168764906740994	0.1523517626425049	-0.22449095852251078	0.9999999999999933	-0.10783376651897743	0.0981142867828165	-0.12149734029962689	0.14976162219016728	-0.8280695205577862	0.1073207377990886	-0.08499901239225703	0.12020815407609445	-0.14385120062950277	0.16382476066757348	-0.09398976157368939	0.07742170998205627	-0.1055141114870133	0.10038454131949068	-0.13581083529485555
0.11836282422103565	-0.0877990974353372	0.08022583560667072	-0.05116104434078767	0.05759026629663667	-0.08671232772004074	0.09671847887677229	-0.08991684467171152	0.08723089043040737	-0.10824395283775455	0.14011352823179177	-0.10570319680774783	0.0936841571851363	-0.12723842559074208	0.09790640155863278	-0.1245198537503851	0.18710164365474252	-0.16665048797318288	0.15588639274933694	-0.13301476299979198	0.1743344076678632	-0.16516745829973925	0.17625302444869237	-0.13554949255476123	0.12197165174930541	-0.4502875889465815	0.24049247067520357	-0.2205145613168167	0.19130610067292297	-0.10783376651897743	0.9999999999999934	-0.38027354319706214	0.20265517004426728	-0.20382066140291813	0.11880100134064098	-0.6176331513930011	0.25388824803348176	-0.2346544878334831	0.1514897032776561	-0.13173946829880556	0.2359877268792004	-0.19883015432935686	0.18615013858431495	-0.13002934428963717	0.12648971531302355
-0.08975767579845141	0.06490680762692791	-0.06034986946866825	0.038451236651722474	-0.043549579337225496	0.06428289743966478	-0.07253301817397025	0.06689554794239311	-0.06591199336901676	0.08184253381509217	-0.10431132670367016	0.07775783222390836	-0.07040993961758468	0.0949672673349854	-0.07663251018524167	0.08565118941090501	-0.14492408083549774	0.1259170601735256	-0.1275503929238461	0.10445958928733248	-0.12248812831829205	0.12003163697816942	-0.14166978238546438	0.11337189478997257	-0.10445492428012508	0.1836661358379893	-0.17632169977565	0.19258651728114867	-0.1929015269849621	0.0981142867828165	-0.38027354319706214	0.9999999999999938	-0.3562635983936631	0.22276122989202526	-0.1121594633386486	0.2857809130398818	-0.6809014072574497	0.26292986266105245	-0.17423535536924672	0.13479959139625372	-0.2951371361195627	0.2463280410008965	-0.23646848806313572	0.14354657244761818	-0.14103328953754138
0.08689620566477753	-0.06514137568174717	0.060178255543159434	-0.0391253657437126	0.04411970682732783	-0.06299849085307714	0.07145220835548383	-0.06717051777628315	0.06767160140700927	-0.08594089482426706	0.10005574383475797	-0.07702342354672341	0.06975628072666111	-0.0988745448796463	0.08101298800074569	-0.08366821213795342	0.14234432559258342	-0.1358490959771566	0.13466506269222545	-0.11486227527985807	0.11675690712196297	-0.12689316161980504	0.15119283251419952	-0.13510633446815556	0.11859942099147246	-0.1779946603801331	0.18335066329577432	-0.39089078762687673	0.28571672224697103	-0.12149734029962689	0.20265517004426728	-0.3562635983936631	0.9999999999999913	-0.6481764466398425	0.13266655070812602	-0.2009982629167562	0.22300729388391394	-0.39134171670690326	0.20480542756943318	-0.1564477828888104	0.1853993485299113	-0.1638233543128559	0.21105133245810778	-0.15372725250128763	0.14435340476571912
-0.09328913940914682	0.0694628815441356	-0.06462916165467184	0.04205826391839476	-0.04757225267605941	0.06720936899906506	-0.07655251954116328	0.07185216146466648	-0.07305863122528143	0.09279027684694512	-0.10690811258034645	0.08194582424374122	-0.07483897274664111	0.10602537587439159	-0.08977527628799023	0.08765899700096898	-0.1530589712683067	0.14450202453958588	-0.15383108497839781	0.12710277193350342	-0.12319615175220348	0.13073196975780063	-0.1644305369723226	0.15839016580850007	-0.14325733529655174	0.17004606838875327	-0.1847555091000971	0.2888024149849232	-0.49123615838623086	0.14976162219016728	-0.20382066140291813	0.22276122989202526	-0.6481764466398425	0.9999999999999936	-0.1756703061720987	0.18657136887437265	-0.19587144600761508	0.25776549682941186	-0.28694824781034095	0.17769225227332222	-0.18991436474046608	0.15272414988084834	-0.2143446215100068	0.16729186911420169	-0.1662801058347355
0.08852001612757633	-0.07241397087691721	0.06714978190641552	-0.04719280312888784	0.05277024014381247	-0.06428830400914497	0.07536508489393062	-0.07512760039686449	0.08423642747049528	-0.1177271671839704	0.09512553894187224	-0.078567629763029	0.07481618008704376	-0.1272588795487471	0.11642862072718678	-0.07507078407472337	0.1270207202412889	-0.14880549480629468	0.1638805811041746	-0.19980583797620846	0.10156100975792619	-0.10739717144522082	0.14490436493267567	-0.22511238156603838	0.23981292298698137	-0.12275429837864957	0.11944197426680184	-0.16626529650695096	0.19324378433414824	-0.8280695205577862	0.11880100134064098	-0.1121594633386486	0.13266655070812602	-0.1756703061720987	0.9999999999999921	-0.12330165409273512	0.09539257568294357	-0.1395988693916288	0.15936845098785687	-0.24173202466341062	0.10368368363137044	-0.08756374495647534	0.11689113681329598	-0.11681421164853414	0.14964530909462054
-0.11766085527339837	0.08264870613370749	-0.07725050227782022	0.04845176540591746	-0.055056926996715785	0.08347515950860566	-0.09378462794307404	0.08521886758408757	-0.08247581311648094	0.10070598791582645	-0.13773942152433452	0.10013379653255979	-0.09062841659873717	0.11752373397038957	-0.09363967839472127	0.11145021887600129	-0.1864976754930218	0.15329825059794142	-0.1558387516401483	0.12470038528236643	-0.16217811284429065	0.14864693494550968	-0.17282621554411987	0.13038669094999944	-0.12111035277822958	0.23633796350004765	-0.213270209334689	0.18880351478192134	-0.190723178437772	0.1073207377990886	-0.6176331513930011	0.2857809130398818	-0.2009982629167562	0.18657136887437265	-0.12330165409273512	0.9999999999999922	-0.3799340520820188	0.24007924201519903	-0.17203956014186775	0.14050688529119634	-0.43920586522553706	0.2541171643488397	-0.24107917753397234	0.14813345306558695	-0.1495501677470945
0.07568411278161469	-0.055312965104862055	0.05126336374615351	-0.03284628762802817	0.03712521299147873	-0.054217392497153884	0.061237675516467305	-0.056806609755829074	0.05629104182334289	-0.07038881527628814	0.08689814682153321	-0.06544942979666868	0.05941225938353606	-0.08169545070473912	0.06536978690572164	-0.0712008367453443	0.11826047582537817	-0.10680063972006383	0.10662842255869458	-0.08991559612403653	0.10061461703745808	-0.09850874955860288	0.11612965648917076	-0.09585442118005623	0.08781385241700185	-0.15147614792111191	0.13726213466749052	-0.16288348709782782	0.15399221592813578	-0.08499901239225703	0.25388824803348176	-0.6809014072574497	0.22300729388391394	-0.19587144600761508	0.09539257568294357	-0.3799340520820188	0.9999999999999907	-0.3401638400332738	0.16147116375902187	-0.12949617706816757	0.2826997764422442	-0.40803921356696415	0.23911391390943057	-0.14548015531737912	0.13112699157241636
-0.09375917399366797	0.06829496595597401	-0.06365458696687808	0.040896440486538684	-0.046315546901392564	0.06679541284512593	-0.07578056711177132	0.07031008559232137	-0.07034209125298627	0.0882349544342567	-0.1067935405331019	0.08050229542022751	-0.07363100220960177	0.10172093338101047	-0.08337021608351079	0.08593436041752923	-0.14687899503468893	0.13303640505179642	-0.13802258387002478	0.11511348682739697	-0.12154253233138493	0.12021420990566596	-0.14773387458370835	0.1256123054590399	-0.11766927007814472	0.16361011236673498	-0.16486138721272556	0.2050553225881783	-0.21496883213190282	0.12020815407609445	-0.2346544878334831	0.26292986266105245	-0.39134171670690326	0.25776549682941186	-0.1395988693916288	0.24007924201519903	-0.3401638400332738	0.9999999999999909	-0.370965697631122	0.2216130927600761	-0.30869460124010917	0.2634269483566609	-0.5593032695886251	0.2593808897829775	-0.25049296336959725
0.07387246071540418	-0.05587824955917703	0.051758209122368046	-0.03408771711382455	0.038393481310771145	-0.0529860246983211	0.06053572358696923	-0.05738181101195811	0.05908095706177864	-0.07639143299457038	0.0824629420505872	-0.064043219195414	0.059067667619446936	-0.08703764806272354	0.0720801566248519	-0.06632403325489952	0.11134017809534859	-0.11014789167662245	0.1134048038796551	-0.10472955179029861	0.09209508200091414	-0.09281369153869333	0.11527422082187258	-0.11358220374858216	0.10764292238429189	-0.12420525366107305	0.11964350513607083	-0.16363539263415497	0.17484992107825373	-0.14385120062950277	0.1514897032776561	-0.17423535536924672	0.20480542756943318	-0.28694824781034095	0.15936845098785687	-0.17203956014186775	0.16147116375902187	-0.370965697631122	0.9999999999999902	-0.5861616748045578	0.17251198582090815	-0.16709389695330257	0.2645779467994217	-0.5188263210463856	0.32079615708264453
-0.06781517999197761	0.051185512471940295	-0.047677837828102254	0.031499361558955136	-0.03555753658756308	0.048449749272280906	-0.055564179291513145	0.052706219610281255	-0.05482303652765805	0.07113518059754281	-0.07530781792365747	0.05846545514552498	-0.05429831932489773	0.08037409182901077	-0.06870238304629764	0.059860784882781355	-0.10170293967203087	0.10056240361674651	-0.10804062606929495	0.10024102971756807	-0.08332577193358749	0.0833094737143977	-0.10626579737984712	0.109058235433564	-0.11132775015750443	0.10666994647606347	-0.10489641221630144	0.13343001872215973	-0.15298234290819832	0.16382476066757348	-0.13173946829880556	0.13479959139625372	-0.1564477828888104	0.17769225227332222	-0.24173202466341062	0.14050688529119634	-0.12949617706816757	0.2216130927600761	-0.5861616748045578	0.9999999999999896	-0.1540334254885703	0.1350405407405576	-0.22956333138208868	0.30696288407742406	-0.6362245560171331
0.08443042913926413	-0.062303981887282166	0.05756142869154538	-0.03708458280663787	0.04182358419577143	-0.060350270136125914	0.06826783333487316	-0.06367531562354274	0.06347113494413228	-0.07991678075780033	0.09535619503267756	-0.07252981736792227	0.06614791727609463	-0.09288089225294849	0.07333684893232296	-0.07732923398840673	0.1263633201788052	-0.1181778708969744	0.11653982609394263	-0.10139878790744922	0.10822446695104591	-0.10431243281693907	0.12386324046375402	-0.10417862351795171	0.09563702361709861	-0.15771031547037123	0.1386910477957718	-0.1638667839744275	0.15359368967816533	-0.09398976157368939	0.2359877268792004	-0.2951371361195627	0.1853993485299113	-0.18991436474046608	0.10368368363137044	-0.43920586522553706	0.2826997764422442	-0.30869460124010917	0.17251198582090815	-0.1540334254885703	0.9999999999999905	-0.6876967683139751	0.27399654374578797	-0.18117235448176694	0.14806454386475087
-0.06683965362647488	0.04876797959041555	-0.04527717536057428	0.029043690501133916	-0.032838539689143784	0.04766520776407175	-0.053933936279167524	0.05003659587444531	-0.049769199736360785	0.06235274859584848	-0.07608724986910922	0.057328584396031966	-0.05229630973318255	0.0722654216653229	-0.05795877514486356	0.061490201528135474	-0.10254529733898438	0.09308780922357714	-0.0939866524233634	0.07976664143486077	-0.08686096027406837	0.08388718015630797	-0.10054033729767525	0.08387355833466159	-0.0778628899006037	0.122858627898048	-0.11389027689757605	0.13046057546419682	-0.12890741438762915	0.07742170998205627	-0.19883015432935686	0.2463280410008965	-0.1638233543128559	0.15272414988084834	-0.08756374495647534	0.2541171643488397	-0.40803921356696415	0.2634269483566609	-0.16709389695330257	0.1350405407405576	-0.6876967683139751	0.9999999999999906	-0.4523508499113416	0.1769379900352796	-0.15032043402718506
0.07822022048040868	-0.0582347522372768	0.05386615729844867	-0.034978704257272196	0.039435812151161875	-0.055987886778510326	0.06357434745598026	-0.05963985757694078	0.060161243845635294	-0.0764613703324917	0.0879990177102	-0.06746645552398364	0.06177291141900645	-0.08821771188520547	0.07096605145769866	-0.07114889036151381	0.1180122877780819	-0.11262429189109065	0.11293419479388066	-0.09978920490415923	0.09925616664050076	-0.09794937936250186	0.11859084963341238	-0.10503421741172117	0.09732756064530367	-0.13937699122213687	0.12933460894355664	-0.1673933243576963	0.16120999956097626	-0.1055141114870133	0.18615013858431495	-0.23646848806313572	0.21105133245810778	-0.2143446215100068	0.11689113681329598	-0.24107917753397234	0.23911391390943057	-0.5593032695886251	0.2645779467994217	-0.22956333138208868	0.27399654374578797	-0.4523508499113416	0.9999999999999907	-0.45553919367365336	0.23858845012021218
