1.0	-0.4117489869833665	0.2822691429687214	-0.0693744926189117	0.07140123833195025	-0.560319789907282	0.32621157930872274	-0.16517416605566984	0.14374135538503738	-0.20804804995964912	0.23937513573977173	-0.21896441889041035	0.15659971005521922	-0.13555044597509192	0.1384979243709757	-0.27844207136738996	0.1721528539780556	-0.15079311624141087	0.13676496166903243	-0.10392658207418198	0.16489488552902398	-0.14290088758766548	0.15585624616446622	-0.15322057819768936	0.11207351716430428	-0.17701970423502128	0.1542167067253887	-0.17901155080630934	0.14348643017261128	-0.33566878883732165	0.1536707786611531	-0.12474441068962933	0.135827197317235	-0.19202037619853696	0.15956591497798875	-0.10040790451707578	0.10650754615419014	-0.1525301901730856	0.13575534462178906	-0.2290019290686734
-0.4117489869833665	1.0000000000000002	-0.6773139847763979	0.0797290296890423	-0.08255167908413792	0.2483464776057647	-0.5078466186069746	0.11777291172379813	-0.1032752298361068	0.13648808029169637	-0.1459290085615022	0.138426746065628	-0.1074469874175652	0.0899702733278404	-0.0917918595192393	0.15026962019802706	-0.10861820565649397	0.09492330254588717	-0.0881767412418471	0.06656390808176224	-0.10476035113481165	0.08855986400245357	-0.09953785479416856	0.09668621255811238	-0.07195704767769191	0.1069543032345964	-0.09495482293174028	0.1080160510413528	-0.08696637060297961	0.19873591381741576	-0.09328561051998559	0.07528692023229074	-0.08201426785139475	0.11492806270566293	-0.09502657890321708	0.06039372559616969	-0.06434612733547332	0.09101708058328296	-0.08135782115711594	0.13583765975383166
0.2822691429687214	-0.6773139847763979	1.0	-0.13955239900227956	0.12256852782229524	-0.22833850413015125	0.2854633732661945	-0.16414152156496462	0.1475989127603233	-0.21445921377327493	0.1517612111354881	-0.18774779139169043	0.14908407293872855	-0.1330137218075833	0.1372186995746622	-0.17354977118581497	0.1434451103212791	-0.13737747254949026	0.13205013729342813	-0.10285077496003633	0.1465854549059107	-0.12500137468753486	0.14422399722970902	-0.14912084150489793	0.11084309022592101	-0.17026227542278774	0.14711040843551848	-0.17976305865817288	0.14419459537225357	-0.34771216648280046	0.15354780350922762	-0.12478895219264388	0.13660262106188872	-0.19544505599119388	0.1639070661974803	-0.10148851211188596	0.10735364536414932	-0.15600379793316094	0.138367579413406	-0.23626423084039175
-0.0693744926189117	0.0797290296890423	-0.13955239900227956	1.0	-0.9612410242847216	0.04965789108001584	-0.06730624372539427	0.09828530955210314	-0.15657991181962633	0.12670262197807133	-0.04065468760201688	0.06099747281022281	-0.07481153502366737	0.0739317887246106	-0.07260115210796174	0.044344457492064754	-0.04740786252226418	0.049595076737665035	-0.056205211906839955	0.04372285251328814	-0.04748714579128041	0.039325239036280095	-0.0519558286896562	0.057095841256236346	-0.046642303967885636	0.04469236636576432	-0.041449131895046204	0.04688513123067058	-0.03862444720244402	0.07697570095956244	-0.04007566027612579	0.031627159002641556	-0.034707585874371984	0.04723857734415646	-0.037936519071932094	0.024959154455989944	-0.027134800608986882	0.03637771587734924	-0.033289265776884513	0.052893820697151483
0.07140123833195025	-0.08255167908413792	0.12256852782229524	-0.9612410242847216	0.9999999999999996	-0.051999206776184484	0.06873786136765965	-0.10497800259349603	0.13725493659848073	-0.14532955550923965	0.042764502641249695	-0.06535906945639774	0.07739096696324352	-0.0780886779107011	0.07583712229539548	-0.04710996063764189	0.05028070408317287	-0.05291128357152352	0.05922324435212911	-0.046716846596302763	0.05042828709585365	-0.04199499717886044	0.05506646748355543	-0.0614379399020625	0.04935080419016178	-0.048517719734579745	0.044662104163963615	-0.05116150464226425	0.04203421122520053	-0.08495176223869702	0.04352983675371253	-0.03446388570224321	0.037824147634453874	-0.05177088542648737	0.04169842225427092	-0.027251636460088432	0.029554617820169615	-0.039922588316796515	0.036438740643319874	-0.05828850933801181
-0.560319789907282	0.2483464776057647	-0.22833850413015125	0.04965789108001584	-0.051999206776184484	0.9999999999999987	-0.5714945574647458	0.12243579844262371	-0.10369420187613636	0.13412121876884714	-0.43973215573120467	0.16704419416385202	-0.11746012657842218	0.09406814089265426	-0.09475210894959311	0.26098411804830596	-0.14533323684151758	0.10891205476172945	-0.09377441167721719	0.06790267676822424	-0.12857622690377005	0.10781569390221067	-0.1135675995346642	0.1004504444756002	-0.07354298801732648	0.11091295996920324	-0.10178205004630385	0.10468248246952291	-0.08446727919087255	0.18025183831668742	-0.09163813320084542	0.07355380269107419	-0.07944405857643527	0.10831630232900359	-0.08786537226506719	0.05782517352549639	-0.06208614294336443	0.08492463566728733	-0.07660206484164934	0.12426430201180985
0.32621157930872274	-0.5078466186069746	0.2854633732661945	-0.06730624372539427	0.06873786136765965	-0.5714945574647458	0.9999999999999986	-0.1887855417008189	0.14293604619227718	-0.18890224292942034	0.2278646466352855	-0.22364031789554414	0.1571501707763545	-0.12778120353968556	0.12739573120055683	-0.2546992038960378	0.1640757480239741	-0.1377396354235557	0.1234368113107826	-0.09221953641874014	0.14954377433314628	-0.129438867923264	0.14127778228543078	-0.134943734196034	0.09914089515878229	-0.14740947353253914	0.13110258843900977	-0.14611983878889265	0.11753850880353836	-0.26315693382322214	0.1256804452318447	-0.10156195539098246	0.11032302504594904	-0.15382804691160823	0.12642501971468054	-0.08090197173907825	0.0862849666391699	-0.12122693451924457	0.10857706815833544	-0.18016315991048296
-0.16517416605566984	0.11777291172379813	-0.16414152156496462	0.09828530955210314	-0.10497800259349603	0.12243579844262371	-0.1887855417008189	0.9999999999999979	-0.5991054910938904	0.287958527583407	-0.11960669645311503	0.216412331010533	-0.596542448745029	0.271170039073814	-0.24844039912893065	0.12436463308272994	-0.1737031886700115	0.17984368814783072	-0.1955446628832287	0.13563824351273382	-0.15897178227226205	0.1277487093222675	-0.18934142155015687	0.175479098928445	-0.1475868967789302	0.11425878053028998	-0.11529572314847668	0.11506829025782879	-0.09715439449538624	0.15348875635649953	-0.09853605904581092	0.07587336567631768	-0.08308098457558527	0.10598546610029959	-0.08059114412990394	0.0574173385737826	-0.0641808057452163	0.07830940557190534	-0.07431344725211035	0.10756407764776718
0.14374135538503738	-0.1032752298361068	0.1475989127603233	-0.15657991181962633	0.13725493659848073	-0.10369420187613636	0.14293604619227718	-0.5991054910938904	0.9999999999999982	-0.5615477813797487	0.099768867050881	-0.1876232866331489	0.2938515998784792	-0.3728349596336568	0.26250491493661643	-0.1079190430768576	0.1404010480529041	-0.15948588108233247	0.19417381864932784	-0.1490605313227607	0.13325105807441398	-0.11092093861222846	0.15904370030340398	-0.19067876508218393	0.15126673176982405	-0.10724215307708042	0.10484132668767392	-0.11419960516875982	0.09617830224031423	-0.15439690754123597	0.09445135477755054	-0.07319642968999038	0.08059721684445127	-0.10531416616340379	0.08024894507274284	-0.05569070313141822	0.06203121575589577	-0.0770653591648804	0.07294961977741092	-0.10725961573266436
-0.20804804995964912	0.13648808029169637	-0.21445921377327493	0.12670262197807133	-0.14532955550923965	0.13412121876884714	-0.18890224292942034	0.287958527583407	-0.5615477813797487	0.9999999999999977	-0.1321329982623559	0.2049225922686972	-0.31607731646454124	0.29762859966116806	-0.49431585614495865	0.1356793177956687	-0.17432188861224962	0.18489948574651968	-0.24013919129964104	0.20660236310199723	-0.1807318193854806	0.1410298239151462	-0.20756803897703055	0.21742747063004222	-0.23774118253932433	0.13655418996606927	-0.13877231517123242	0.13953336301847397	-0.11967640373691173	0.1887015157560345	-0.12586437893226873	0.09429204571314705	-0.10397080501530946	0.13061395126822967	-0.09972793025761757	0.07246254387945794	-0.08212065705549487	0.09729159640185396	-0.09345527933904518	0.13199359314424572
0.23937513573977173	-0.1459290085615022	0.1517612111354881	-0.04065468760201688	0.042764502641249695	-0.43973215573120467	0.2278646466352855	-0.11960669645311503	0.099768867050881	-0.1321329982623559	0.9999999999999983	-0.22986539654016436	0.12425958840980648	-0.09813332664023039	0.09529532907990919	-0.7705043989226782	0.20782845339200542	-0.13371615612551502	0.09919714422072895	-0.0684032496918033	0.15520979133169033	-0.1427147518205958	0.12935591879099878	-0.10511354436145888	0.0734480285489559	-0.1165325264065595	0.10822248520090783	-0.09910588382066773	0.0797346645310995	-0.1530127184418249	0.08684336504870423	-0.06983542787809159	0.07423600206746152	-0.09785382421621168	0.0768850749679375	-0.05308036334613503	0.05739005719314847	-0.07521787127783701	0.0686195870783422	-0.10691485249174283
-0.21896441889041035	0.138426746065628	-0.18774779139169043	0.06099747281022281	-0.06535906945639774	0.16704419416385202	-0.22364031789554414	0.216412331010533	-0.1876232866331489	0.2049225922686972	-0.22986539654016436	0.9999999999999942	-0.3759111777395557	0.19196501544790207	-0.1807547629536994	0.23112812743688801	-0.6453945786106587	0.2526833753502445	-0.19093670220204315	0.11751084637876504	-0.3260820099704162	0.2590732503305172	-0.2733908810146089	0.17778853184798007	-0.1284892256900235	0.1710791913046735	-0.18575572739490726	0.14069476539554657	-0.1161577506274683	0.18006568236528692	-0.12658884515118704	0.09948839984820064	-0.1052335969057161	0.1285658050549075	-0.09623871270261856	0.07235413588459912	-0.08033306388905258	0.09597703062694202	-0.09045553185946689	0.12874534542421515
0.15659971005521922	-0.1074469874175652	0.14908407293872855	-0.07481153502366737	0.07739096696324352	-0.11746012657842218	0.1571501707763545	-0.596542448745029	0.2938515998784792	-0.31607731646454124	0.12425958840980648	-0.3759111777395557	0.9999999999999931	-0.45176551007278176	0.2513494354379703	-0.13855484177232388	0.21219864455748266	-0.2655708535481985	0.22297523522190918	-0.1530448332041852	0.17078898782022459	-0.15021725493898752	0.21369444744138313	-0.2142902914818721	0.15331052379142748	-0.1262052634413443	0.1246897019721719	-0.13003394551562525	0.10823172137284544	-0.16683434922005397	0.10476900386974208	-0.08221431906100761	0.08982373136828675	-0.11649034386026506	0.08759719078344408	-0.06136372530814957	0.06815583555580693	-0.08433151577274385	0.07983011271827913	-0.11658402928703286
-0.13555044597509192	0.0899702733278404	-0.1330137218075833	0.0739317887246106	-0.0780886779107011	0.09406814089265426	-0.12778120353968556	0.271170039073814	-0.3728349596336568	0.29762859966116806	-0.09813332664023039	0.19196501544790207	-0.45176551007278176	0.9999999999999898	-0.5745546861704199	0.10536050588861325	-0.1530354986285311	0.19040239756093263	-0.4089271307736891	0.2114897326941372	-0.13977484932544487	0.11667996623699431	-0.18889075876270978	0.2522471315979661	-0.2164475424680957	0.10601915953304261	-0.10654703352848587	0.11976722928777235	-0.10503960043612405	0.1477464961285791	-0.09457326118837558	0.0730313053048126	-0.08143246267437111	0.10545559362419292	-0.07877204033319987	0.0545819316159798	-0.061384176225343985	0.07458294269872387	-0.07192858380149689	0.10237721601592224
0.1384979243709757	-0.0917918595192393	0.1372186995746622	-0.07260115210796174	0.07583712229539548	-0.09475210894959311	0.12739573120055683	-0.24844039912893065	0.26250491493661643	-0.49431585614495865	0.09529532907990919	-0.1807547629536994	0.2513494354379703	-0.5745546861704199	0.9999999999999922	-0.10401106094402272	0.13786538894865155	-0.17149280306014691	0.2540601209424034	-0.41060422095768456	0.13295240082291296	-0.1123561395225209	0.16981171004935372	-0.2696337145899434	0.2600562173377742	-0.11072843117256731	0.10839170870503022	-0.1289198778972141	0.11106644194894587	-0.16862581556392595	0.10070929994911476	-0.07815612741845682	0.08723876402730443	-0.11564782697486957	0.08746536968148115	-0.05882753852186192	0.06594167585930706	-0.08157643925535052	0.07835542684209107	-0.11422285163154154
-0.27844207136738996	0.15026962019802706	-0.17354977118581497	0.044344457492064754	-0.04710996063764189	0.26098411804830596	-0.2546992038960378	0.12436463308272994	-0.1079190430768576	0.1356793177956687	-0.7705043989226782	0.23112812743688801	-0.13855484177232388	0.10536050588861325	-0.10401106094402272	0.9999999999999892	-0.33440642922441416	0.1523393225341584	-0.11119839175372274	0.07341648526684917	-0.21223966578840156	0.1716611258533617	-0.15724563336282227	0.11323115676382849	-0.07982459471181624	0.12625250008844527	-0.12500539986706427	0.10370376767077409	-0.08406965720103932	0.15232074658130307	-0.0929329151513121	0.07415486921367466	-0.0784728695329725	0.10049295253999196	-0.07791603047904783	0.05550262659245296	-0.06050525976024634	0.07690145132824738	-0.07078481808771908	0.10728422319347605
0.1721528539780556	-0.10861820565649397	0.1434451103212791	-0.04740786252226418	0.05028070408317287	-0.14533323684151758	0.1640757480239741	-0.1737031886700115	0.1404010480529041	-0.17432188861224962	0.20782845339200542	-0.6453945786106587	0.21219864455748266	-0.1530354986285311	0.13786538894865155	-0.33440642922441416	0.9999999999999879	-0.353547707882711	0.1626211576961921	-0.0983963766452641	0.2777616391364189	-0.41449365138839905	0.2525191487983365	-0.16208478530069467	0.10471458897731549	-0.16610331785368168	0.1684795913299907	-0.12927091928462464	0.10366896845882408	-0.1608565386718846	0.11001470490902479	-0.08963992779059933	0.09292413111131861	-0.11549655810935286	0.0857064089245894	-0.06370360786775903	0.06977497056143396	-0.08515228182481141	0.07948804905392617	-0.11495473650199908
-0.15079311624141087	0.09492330254588717	-0.13737747254949026	0.049595076737665035	-0.05291128357152352	0.10891205476172945	-0.1377396354235557	0.17984368814783072	-0.15948588108233247	0.18489948574651968	-0.13371615612551502	0.2526833753502445	-0.2655708535481985	0.19040239756093263	-0.17149280306014691	0.1523393225341584	-0.353547707882711	0.9999999999999906	-0.33058203561429816	0.1293075074302648	-0.22577410161447486	0.21546137778323612	-0.7391512224427156	0.24196703199354458	-0.1397769000369791	0.1419593733117512	-0.14913925341567685	0.1572999729633754	-0.13089139238252068	0.15825269638728298	-0.1132897038193817	0.08934938439332417	-0.09894263137623927	0.1223944580256905	-0.0881568366462315	0.06391997661802802	-0.07165680429529978	0.085376623534939	-0.08251637626771641	0.11362505575277607
0.13676496166903243	-0.0881767412418471	0.13205013729342813	-0.056205211906839955	0.05922324435212911	-0.09377441167721719	0.1234368113107826	-0.1955446628832287	0.19417381864932784	-0.24013919129964104	0.09919714422072895	-0.19093670220204315	0.22297523522190918	-0.4089271307736891	0.2540601209424034	-0.11119839175372274	0.1626211576961921	-0.33058203561429816	0.9999999999999886	-0.2644242169321637	0.14832446255808845	-0.13297525374203606	0.24882732741558294	-0.6882599546453826	0.23765126072110676	-0.1206996180252112	0.12031965427837704	-0.17063685756232005	0.1546994255878872	-0.17107825840859966	0.11067274160180648	-0.0872859918882748	0.09983444670810668	-0.13556969457905402	0.09491497065756697	-0.06325738323737246	0.07131026748976597	-0.08724165044072506	0.08538932289437542	-0.1195331451100544
-0.10392658207418198	0.06656390808176224	-0.10285077496003633	0.04372285251328814	-0.046716846596302763	0.06790267676822424	-0.09221953641874014	0.13563824351273382	-0.1490605313227607	0.20660236310199723	-0.0684032496918033	0.11751084637876504	-0.1530448332041852	0.2114897326941372	-0.41060422095768456	0.07341648526684917	-0.0983963766452641	0.1293075074302648	-0.2644242169321637	0.9999999999999872	-0.0989592435639935	0.08239575170010141	-0.13954857769359505	0.2436220676873152	-0.802166267517897	0.08139840387817501	-0.08200426200848604	0.10044299591607452	-0.09228657808513724	0.1332035837943325	-0.07924759752192925	0.06009422795439167	-0.06857942452398832	0.08921802030642528	-0.0696334410224247	0.045135379157037234	-0.051525955526894665	0.06172193409409084	-0.06132878287690287	0.08554031692349279
0.16489488552902398	-0.10476035113481165	0.1465854549059107	-0.04748714579128041	0.05042828709585365	-0.12857622690377005	0.14954377433314628	-0.15897178227226205	0.13325105807441398	-0.1807318193854806	0.15520979133169033	-0.3260820099704162	0.17078898782022459	-0.13977484932544487	0.13295240082291296	-0.21223966578840156	0.2777616391364189	-0.22577410161447486	0.14832446255808845	-0.0989592435639935	0.9999999999999845	-0.7369241998497921	0.22458643213697005	-0.1645483793771329	0.10542125340879763	-0.3160908892949199	0.252246227712673	-0.15582825854824012	0.12148371741170273	-0.19525203924091783	0.14638289489086995	-0.12282781432151989	0.11953320587946092	-0.1445787863689126	0.10542868446528458	-0.08416848052618822	0.09018520096778578	-0.10834411419783788	0.09926860225964215	-0.14235678858387596
-0.14290088758766548	0.08855986400245357	-0.12500137468753486	0.039325239036280095	-0.04199499717886044	0.10781569390221067	-0.129438867923264	0.1277487093222675	-0.11092093861222846	0.1410298239151462	-0.1427147518205958	0.2590732503305172	-0.15021725493898752	0.11667996623699431	-0.1123561395225209	0.1716611258533617	-0.41449365138839905	0.21546137778323612	-0.13297525374203606	0.08239575170010141	-0.7369241998497921	0.999999999999983	-0.28101210475509264	0.13933267728595214	-0.08933766419452564	0.23117262692497192	-0.312039883577702	0.12987332167526275	-0.10249804066022683	0.15055805737552636	-0.122763601673967	0.10505289963363604	-0.10150239250857856	0.11580892543518012	-0.08329762185907555	0.06805315903182277	-0.07401614894422977	0.085999958804893	-0.07988267770923438	0.11068601859277613
0.15585624616446622	-0.09953785479416856	0.14422399722970902	-0.0519558286896562	0.05506646748355543	-0.1135675995346642	0.14127778228543078	-0.18934142155015687	0.15904370030340398	-0.20756803897703055	0.12935591879099878	-0.2733908810146089	0.21369444744138313	-0.18889075876270978	0.16981171004935372	-0.15724563336282227	0.2525191487983365	-0.7391512224427156	0.24882732741558294	-0.13954857769359505	0.22458643213697005	-0.28101210475509264	0.9999999999999868	-0.3100035177056436	0.14673131803874812	-0.16693142633180574	0.16393542512603876	-0.22174673524686425	0.15876870226474527	-0.18906885536708076	0.1293258821663455	-0.1050498675203766	0.11613048931315699	-0.14889850745933925	0.1050033995493504	-0.07405938656100997	0.0822606002254278	-0.1005004122295322	0.09643191221875955	-0.1353822659563376
-0.15322057819768936	0.09668621255811238	-0.14912084150489793	0.057095841256236346	-0.0614379399020625	0.1004504444756002	-0.134943734196034	0.175479098928445	-0.19067876508218393	0.21742747063004222	-0.10511354436145888	0.17778853184798007	-0.2142902914818721	0.2522471315979661	-0.2696337145899434	0.11323115676382849	-0.16208478530069467	0.24196703199354458	-0.6882599546453826	0.2436220676873152	-0.1645483793771329	0.13933267728595214	-0.3100035177056436	0.9999999999999876	-0.3703901490117212	0.1296210351629628	-0.13471302624338827	0.19223415009949413	-0.2283666173111867	0.1820023896477383	-0.12824285234326094	0.09842984566618102	-0.11634302406530656	0.15315680368997828	-0.10664521402390875	0.07124718786208642	-0.08171988585564109	0.09652471490829825	-0.09740253621107459	0.12861555767613597
0.11207351716430428	-0.07195704767769191	0.11084309022592101	-0.046642303967885636	0.04935080419016178	-0.07354298801732648	0.09914089515878229	-0.1475868967789302	0.15126673176982405	-0.23774118253932433	0.0734480285489559	-0.1284892256900235	0.15331052379142748	-0.2164475424680957	0.2600562173377742	-0.07982459471181624	0.10471458897731549	-0.1397769000369791	0.23765126072110676	-0.802166267517897	0.10542125340879763	-0.08933766419452564	0.14673131803874812	-0.3703901490117212	0.9999999999999872	-0.09149422826191457	0.09080056675465444	-0.12105095318041288	0.11066752864503367	-0.17023200656051105	0.08975159459625096	-0.06902807720535818	0.07915874868078793	-0.10665944415717658	0.08337921689922055	-0.05149086129571198	0.058559242327113195	-0.0715492319302361	0.07101363613911787	-0.10193119338395873
-0.17701970423502128	0.1069543032345964	-0.17026227542278774	0.04469236636576432	-0.048517719734579745	0.11091295996920324	-0.14740947353253914	0.11425878053028998	-0.10724215307708042	0.13655418996606927	-0.1165325264065595	0.1710791913046735	-0.1262052634413443	0.10601915953304261	-0.11072843117256731	0.12625250008844527	-0.16610331785368168	0.1419593733117512	-0.1206996180252112	0.08139840387817501	-0.3160908892949199	0.23117262692497192	-0.16693142633180574	0.1296210351629628	-0.09149422826191457	0.9999999999999852	-0.7737087164294202	0.17765262775822893	-0.14305649775532878	0.20022245848532091	-0.32183920620647916	0.2139677289490562	-0.19470478621718806	0.17658345002473652	-0.12146740167938637	0.13873095240390382	-0.15548463182722533	0.14190474500136926	-0.13300607609528659	0.15856749271772558
0.1542167067253887	-0.09495482293174028	0.14711040843551848	-0.041449131895046204	0.044662104163963615	-0.10178205004630385	0.13110258843900977	-0.11529572314847668	0.10484132668767392	-0.13877231517123242	0.10822248520090783	-0.18575572739490726	0.1246897019721719	-0.10654703352848587	0.10839170870503022	-0.12500539986706427	0.1684795913299907	-0.14913925341567685	0.12031965427837704	-0.08200426200848604	0.252246227712673	-0.312039883577702	0.16393542512603876	-0.13471302624338827	0.09080056675465444	-0.7737087164294202	0.9999999999999871	-0.21410652721130843	0.15328878442688668	-0.2148723440937705	0.23914439013431346	-0.27020605002259107	0.19415870490257306	-0.19483320285171019	0.12877582246385058	-0.12785801017953513	0.1333533464004822	-0.14598317275599068	0.13081533329688283	-0.1695282191962375
-0.17901155080630934	0.1080160510413528	-0.17976305865817288	0.04688513123067058	-0.05116150464226425	0.10468248246952291	-0.14611983878889265	0.11506829025782879	-0.11419960516875982	0.13953336301847397	-0.09910588382066773	0.14069476539554657	-0.13003394551562525	0.11976722928777235	-0.1289198778972141	0.10370376767077409	-0.12927091928462464	0.1572999729633754	-0.17063685756232005	0.10044299591607452	-0.15582825854824012	0.12987332167526275	-0.22174673524686425	0.19223415009949413	-0.12105095318041288	0.17765262775822893	-0.21410652721130843	0.9999999999999853	-0.7498203376757693	0.23959594037319512	-0.24202104185914733	0.18804364939699278	-0.28658393076458344	0.28696608723974576	-0.18092287572909294	0.12078771012785908	-0.1441580520668717	0.1591512500288177	-0.1748367601633246	0.1888997388582716
0.14348643017261128	-0.08696637060297961	0.14419459537225357	-0.03862444720244402	0.04203421122520053	-0.08446727919087255	0.11753850880353836	-0.09715439449538624	0.09617830224031423	-0.11967640373691173	0.0797346645310995	-0.1161577506274683	0.10823172137284544	-0.10503960043612405	0.11106644194894587	-0.08406965720103932	0.10366896845882408	-0.13089139238252068	0.1546994255878872	-0.09228657808513724	0.12148371741170273	-0.10249804066022683	0.15876870226474527	-0.2283666173111867	0.11066752864503367	-0.14305649775532878	0.15328878442688668	-0.7498203376757693	0.9999999999999836	-0.2741786380622955	0.1845014849047977	-0.15883259172354552	0.21348990386304253	-0.4526345107652957	0.1904574355589172	-0.09815996250205722	0.11439101409277325	-0.14206666711538352	0.15222473685056515	-0.19515884455814084
-0.33566878883732165	0.19873591381741576	-0.34771216648280046	0.07697570095956244	-0.08495176223869702	0.18025183831668742	-0.26315693382322214	0.15348875635649953	-0.15439690754123597	0.1887015157560345	-0.1530127184418249	0.18006568236528692	-0.16683434922005397	0.1477464961285791	-0.16862581556392595	0.15232074658130307	-0.1608565386718846	0.15825269638728298	-0.17107825840859966	0.1332035837943325	-0.19525203924091783	0.15055805737552636	-0.18906885536708076	0.1820023896477383	-0.17023200656051105	0.20022245848532091	-0.2148723440937705	0.23959594037319512	-0.2741786380622955	0.9999999999999837	-0.29102996812450316	0.1930894870351725	-0.2420216002222493	0.2914527975569971	-0.4757985260060248	0.15540863698177443	-0.19229882008236698	0.20912255859418588	-0.2498891976774032	0.3097410167246197
0.1536707786611531	-0.09328561051998559	0.15354780350922762	-0.04007566027612579	0.04352983675371253	-0.09163813320084542	0.1256804452318447	-0.09853605904581092	0.09445135477755054	-0.12586437893226873	0.08684336504870423	-0.12658884515118704	0.10476900386974208	-0.09457326118837558	0.10070929994911476	-0.0929329151513121	0.11001470490902479	-0.1132897038193817	0.11067274160180648	-0.07924759752192925	0.14638289489086995	-0.122763601673967	0.1293258821663455	-0.12824285234326094	0.08975159459625096	-0.32183920620647916	0.23914439013431346	-0.24202104185914733	0.1845014849047977	-0.29102996812450316	0.9999999999999843	-0.5419015210808911	0.29429337528713073	-0.30170703058214704	0.18682657119639	-0.41080397997142887	0.26951130120905853	-0.254367211264813	0.2018795652425397	-0.25479781720886363
-0.12474441068962933	0.07528692023229074	-0.12478895219264388	0.031627159002641556	-0.03446388570224321	0.07355380269107419	-0.10156195539098246	0.07587336567631768	-0.07319642968999038	0.09429204571314705	-0.06983542787809159	0.09948839984820064	-0.08221431906100761	0.0730313053048126	-0.07815612741845682	0.07415486921367466	-0.08963992779059933	0.08934938439332417	-0.0872859918882748	0.06009422795439167	-0.12282781432151989	0.10505289963363604	-0.1050498675203766	0.09842984566618102	-0.06902807720535818	0.2139677289490562	-0.27020605002259107	0.18804364939699278	-0.15883259172354552	0.1930894870351725	-0.5419015210808911	0.9999999999999857	-0.6735471511697432	0.239843435907637	-0.14448747039032755	0.18817679096145914	-0.211896755803197	0.1862837899675889	-0.16801227523798376	0.17203790146025622
0.135827197317235	-0.08201426785139475	0.13660262106188872	-0.034707585874371984	0.037824147634453874	-0.07944405857643527	0.11032302504594904	-0.08308098457558527	0.08059721684445127	-0.10397080501530946	0.07423600206746152	-0.1052335969057161	0.08982373136828675	-0.08143246267437111	0.08723876402730443	-0.0784728695329725	0.09292413111131861	-0.09894263137623927	0.09983444670810668	-0.06857942452398832	0.11953320587946092	-0.10150239250857856	0.11613048931315699	-0.11634302406530656	0.07915874868078793	-0.19470478621718806	0.19415870490257306	-0.28658393076458344	0.21348990386304253	-0.2420216002222493	0.29429337528713073	-0.6735471511697432	0.9999999999999867	-0.43587830758009805	0.1913633765455716	-0.1682686035257489	0.17269642013459355	-0.26844116305802873	0.20596153104888223	-0.2288473969387163
-0.19202037619853696	0.11492806270566293	-0.19544505599119388	0.04723857734415646	-0.05177088542648737	0.10831630232900359	-0.15382804691160823	0.10598546610029959	-0.10531416616340379	0.13061395126822967	-0.09785382421621168	0.1285658050549075	-0.11649034386026506	0.10545559362419292	-0.11564782697486957	0.10049295253999196	-0.11549655810935286	0.1223944580256905	-0.13556969457905402	0.08921802030642528	-0.1445787863689126	0.11580892543518012	-0.14889850745933925	0.15315680368997828	-0.10665944415717658	0.17658345002473652	-0.19483320285171019	0.28696608723974576	-0.4526345107652957	0.2914527975569971	-0.30170703058214704	0.239843435907637	-0.43587830758009805	0.9999999999999852	-0.44569242700780376	0.1495803642828984	-0.18102368929318316	0.22028975289490255	-0.28246527070306554	0.28691716455038385
0.15956591497798875	-0.09502657890321708	0.1639070661974803	-0.037936519071932094	0.04169842225427092	-0.08786537226506719	0.12642501971468054	-0.08059114412990394	0.08024894507274284	-0.09972793025761757	0.0768850749679375	-0.09623871270261856	0.08759719078344408	-0.07877204033319987	0.08746536968148115	-0.07791603047904783	0.0857064089245894	-0.0881568366462315	0.09491497065756697	-0.0696334410224247	0.10542868446528458	-0.08329762185907555	0.1050033995493504	-0.10664521402390875	0.08337921689922055	-0.12146740167938637	0.12877582246385058	-0.18092287572909294	0.1904574355589172	-0.4757985260060248	0.18682657119639	-0.14448747039032755	0.1913633765455716	-0.44569242700780376	0.9999999999999857	-0.10242540002160302	0.12324538455661513	-0.16951209416229374	0.20284375748251446	-0.6796244071913028
-0.10040790451707578	0.06039372559616969	-0.10148851211188596	0.024959154455989944	-0.027251636460088432	0.05782517352549639	-0.08090197173907825	0.0574173385737826	-0.05569070313141822	0.07246254387945794	-0.05308036334613503	0.07235413588459912	-0.06136372530814957	0.0545819316159798	-0.05882753852186192	0.05550262659245296	-0.06370360786775903	0.06391997661802802	-0.06325738323737246	0.045135379157037234	-0.08416848052618822	0.06805315903182277	-0.07405938656100997	0.07124718786208642	-0.05149086129571198	0.13873095240390382	-0.12785801017953513	0.12078771012785908	-0.09815996250205722	0.15540863698177443	-0.41080397997142887	0.18817679096145914	-0.1682686035257489	0.1495803642828984	-0.10242540002160302	0.9999999999999859	-0.8344146890981583	0.19057847268383427	-0.16757154121645906	0.13807900711952922
0.10650754615419014	-0.06434612733547332	0.10735364536414932	-0.027134800608986882	0.029554617820169615	-0.06208614294336443	0.0862849666391699	-0.0641808057452163	0.06203121575589577	-0.08212065705549487	0.05739005719314847	-0.08033306388905258	0.06815583555580693	-0.061384176225343985	0.06594167585930706	-0.06050525976024634	0.06977497056143396	-0.07165680429529978	0.07131026748976597	-0.051525955526894665	0.09018520096778578	-0.07401614894422977	0.0822606002254278	-0.08171988585564109	0.058559242327113195	-0.15548463182722533	0.1333533464004822	-0.1441580520668717	0.11439101409277325	-0.19229882008236698	0.26951130120905853	-0.211896755803197	0.17269642013459355	-0.18102368929318316	0.12324538455661513	-0.8344146890981583	0.9999999999999848	-0.2829124961614938	0.18729537446130692	-0.17260372294190224
-0.1525301901730856	0.09101708058328296	-0.15600379793316094	0.03637771587734924	-0.039922588316796515	0.08492463566728733	-0.12122693451924457	0.07830940557190534	-0.0770653591648804	0.09729159640185396	-0.07521787127783701	0.09597703062694202	-0.08433151577274385	0.07458294269872387	-0.08157643925535052	0.07690145132824738	-0.08515228182481141	0.085376623534939	-0.08724165044072506	0.06172193409409084	-0.10834411419783788	0.085999958804893	-0.1005004122295322	0.09652471490829825	-0.0715492319302361	0.14190474500136926	-0.14598317275599068	0.1591512500288177	-0.14206666711538352	0.20912255859418588	-0.254367211264813	0.1862837899675889	-0.26844116305802873	0.22028975289490255	-0.16951209416229374	0.19057847268383427	-0.2829124961614938	0.9999999999999845	-0.7952728442665751	0.22688238963925572
0.13575534462178906	-0.08135782115711594	0.138367579413406	-0.033289265776884513	0.036438740643319874	-0.07660206484164934	0.10857706815833544	-0.07431344725211035	0.07294961977741092	-0.09345527933904518	0.0686195870783422	-0.09045553185946689	0.07983011271827913	-0.07192858380149689	0.07835542684209107	-0.07078481808771908	0.07948804905392617	-0.08251637626771641	0.08538932289437542	-0.06132878287690287	0.09926860225964215	-0.07988267770923438	0.09643191221875955	-0.09740253621107459	0.07101363613911787	-0.13300607609528659	0.13081533329688283	-0.1748367601633246	0.15222473685056515	-0.2498891976774032	0.2018795652425397	-0.16801227523798376	0.20596153104888223	-0.28246527070306554	0.20284375748251446	-0.16757154121645906	0.18729537446130692	-0.7952728442665751	0.9999999999999845	-0.34713415766807215
-0.2290019290686734	0.13583765975383166	-0.23626423084039175	0.052893820697151483	-0.05828850933801181	0.12426430201180985	-0.18016315991048296	0.10756407764776718	-0.10725961573266436	0.13199359314424572	-0.10691485249174283	0.12874534542421515	-0.11658402928703286	0.10237721601592224	-0.11422285163154154	0.10728422319347605	-0.11495473650199908	0.11362505575277607	-0.1195331451100544	0.08554031692349279	-0.14235678858387596	0.11068601859277613	-0.1353822659563376	0.12861555767613597	-0.10193119338395873	0.15856749271772558	-0.1695282191962375	0.1888997388582716	-0.19515884455814084	0.3097410167246197	-0.25479781720886363	0.17203790146025622	-0.2288473969387163	0.28691716455038385	-0.6796244071913028	0.13807900711952922	-0.17260372294190224	0.22688238963925572	-0.34713415766807215	0.9999999999999845
