1.0	-0.6693270370936286	0.293518406692576	-0.13971161952908442	0.09717516406434117	-0.32325508226380867	0.21093551352523535	-0.1812570012292866	0.11113238338503259	-0.08335188683781218	0.22910641271505172	-0.05499894038172364	0.06188188001223764	-0.059475787693368636	0.06337441556005816	-0.11555374168373268	0.05013177007261998	-0.054906590637498955	0.05553129867853895	-0.08147411913007326	0.06810284485135885	-0.09038068136767481	0.058062646957182065	-0.0524577169995274	0.05824661374306081	-0.06159173207977785	0.06334636982912759	-0.05731720761243694	0.05621906733479725	-0.04901752519030032	0.06766124237413741	-0.0663504112491053	0.06421851366114702	-0.049215623441776546	0.0675501164209887	-0.05395178549929698	0.06681793987498266	-0.06319772371203786	0.05067372859563408	-0.03685644397323404	0.05955535115197225	-0.03811779869837027	0.041184955330675316	-0.040416879305818484	0.03550790058831936
-0.6693270370936286	1.0000000000000002	-0.5509482294632313	0.1376693911736323	-0.08802820522247562	0.16862283684394674	-0.3220357107752455	0.222528423549229	-0.118530312920416	0.07640383132953506	-0.17695003608436363	0.04247530367180619	-0.05147856762596855	0.05015450089556241	-0.05427277047615397	0.07460776245542854	-0.039148887095970364	0.043632763558293236	-0.04479287586421398	0.06673899913720037	-0.04542246174015034	0.05993261314254897	-0.04057362389893656	0.03747294909943098	-0.04102194743154497	0.04056065602796456	-0.04267595661967752	0.039185319104740914	-0.03887505855819201	0.03392982464447099	-0.04511409596928729	0.04417041838801156	-0.04311024375775659	0.03326887793701983	-0.04561053148261478	0.03491187933932786	-0.04456703789623382	0.04200497530759093	-0.03384546031526076	0.02459894257618708	-0.038781084573864505	0.025315608911020724	-0.02739728700603435	0.026851182127457584	-0.023626572180358994
0.293518406692576	-0.5509482294632313	1.0	-0.24979775875921734	0.1380996115397361	-0.1472751640531939	0.29883116547360655	-0.4265250332689314	0.18783175960621332	-0.12431031313593531	0.14554732676030424	-0.059613534610761854	0.07939158019584767	-0.07916022689273775	0.0860087276745813	-0.1075535476046876	0.054453754886800904	-0.06752251290775264	0.06943469416753442	-0.10746717591340037	0.0648864464160388	-0.09130815143729631	0.061830787113570415	-0.05775528065596558	0.06278641696818309	-0.06035026848499271	0.06431987045080476	-0.059988211177740315	0.0594649837260351	-0.05220478142372872	0.06607678154769674	-0.0674191107246736	0.06576315404969763	-0.051010707220603586	0.06970621941797497	-0.054098568428766126	0.06768591753290579	-0.06492215233453029	0.05201530513719207	-0.03793677005556492	0.05945510583063384	-0.03885654042239199	0.04192332971851152	-0.04148041446965418	0.036360757163642496
-0.13971161952908442	0.1376693911736323	-0.24979775875921734	0.9999999999999996	-0.37581560192424723	0.07163617625581731	-0.2620295870147343	0.23460471693999635	-0.7723773647428632	0.2646541355702009	-0.07992411651142521	0.05759720385763036	-0.134805668358504	0.13976118125017312	-0.1633674651022768	0.06319744318030032	-0.05469001198345926	0.09520083750468392	-0.10953018921466338	0.1646364052479168	-0.0413200686556392	0.062269713797293	-0.05595222050807011	0.05853378959902685	-0.059228605272684746	0.038470821944396244	-0.04653446397492895	0.04861357135128097	-0.05103705035461865	0.045223317577918414	-0.0427188609326455	0.04660025613363887	-0.04709656652711376	0.03851373014237926	-0.051734332807684004	0.03176056082751774	-0.04603200129411957	0.04493008823935521	-0.03645781239924248	0.026698005122670333	-0.035113862278947916	0.026329116477081572	-0.02843317266349983	0.028476802666941158	-0.024949709644673686
0.09717516406434117	-0.08802820522247562	0.1380996115397361	-0.37581560192424723	1.0	-0.05169786258150894	0.1335710977233951	-0.13481349411624616	0.26793541655181663	-0.7519047965946076	0.05909319874505608	-0.06571207055894004	0.14936221110467054	-0.17554434711093736	0.26121698822008194	-0.06801048042960892	0.06083738055300689	-0.12420082806290872	0.13307192339235577	-0.3587987794715222	0.04486335801703398	-0.0710945062645601	0.06539764182062871	-0.07139658795526978	0.0698110241433253	-0.0424401895507535	0.05270805326425238	-0.057142535037308796	0.05944102871593937	-0.05396550395100422	0.04653996259040832	-0.052840468345519725	0.053077408475849845	-0.04412241526395631	0.058382967434949015	-0.0346178134190918	0.05117164030763914	-0.05127233849712352	0.04096094204666488	-0.03026376948314692	0.0377683558017784	-0.029584695639958143	0.031766886582205306	-0.03221060446792383	0.0279895700554707
-0.32325508226380867	0.16862283684394674	-0.1472751640531939	0.07163617625581731	-0.05169786258150894	1.0000000000000004	-0.14116744461614408	0.10134877852329922	-0.060166859189963486	0.04413443725803855	-0.8886600670038962	0.04716383694967112	-0.03826749933448722	0.034994979525272266	-0.03535498965876694	0.10128418553088918	-0.04402375485931506	0.034759615965305	-0.034446049103372706	0.044661262536867155	-0.06252453630773767	0.06310901116622396	-0.04020225995005544	0.034698377923902006	-0.039471476131209285	0.04759350100309888	-0.04626661844916988	0.039264532405806164	-0.038440398082331254	0.03279064500292857	-0.0555341463354914	0.046347923213854565	-0.044760207275558656	0.03355449648776405	-0.046559914726889605	0.036040426686073074	-0.047523459205139826	0.0420382255852415	-0.0343290362817503	0.024651406865344647	-0.04141215263602236	0.02606543577343221	-0.028470043751046697	0.02691490373672577	-0.023971801237361562
0.21093551352523535	-0.3220357107752455	0.29883116547360655	-0.2620295870147343	0.1335710977233951	-0.14116744461614408	1.0000000000000002	-0.7684868729101137	0.21746723386284192	-0.13176935993899008	0.12894833262143657	-0.06246273181622687	0.07660078734479911	-0.07793746259926924	0.08398674575374127	-0.07993333195492017	0.05545378397821022	-0.06345650138159453	0.06507531061336953	-0.10197515300476485	0.04920165230502107	-0.0695418032608213	0.049392666148827584	-0.047471117945700456	0.05046608781166108	-0.0450580798664276	0.04931078078046235	-0.04672910614153216	0.04676535584560239	-0.04113771611093522	0.0496110153427773	-0.050716436084569966	0.04965797765959052	-0.0388942102524619	0.05291039014857747	-0.038971328817820006	0.05066502176806289	-0.04849219325313454	0.03892943307393261	-0.0284060648475278	0.0429609592465864	-0.02894756495299938	0.03125143721914199	-0.03089009815638953	0.027086993014806295
-0.1812570012292866	0.222528423549229	-0.4265250332689314	0.23460471693999635	-0.13481349411624616	0.10134877852329922	-0.7684868729101137	1.0	-0.3184521313056551	0.12835267847492693	-0.1045232965787213	0.04882848457961	-0.07255632804570926	0.07405722839222004	-0.08059825909737701	0.06057159946762475	-0.045172656506731274	0.056430969320274124	-0.05973465232247372	0.09104734364005658	-0.03790152192238055	0.05365425132020766	-0.04023658202246267	0.039457350332121555	-0.04142576674271524	0.03458986087651153	-0.03859698000608742	0.037255912004558744	-0.03772038772131591	0.03319327456058217	-0.03830031338448873	0.039381610550332104	-0.038850303887817114	0.030677974081485666	-0.04165671572216786	0.02950869437061244	-0.03932589910519563	0.03765292740097298	-0.030343404927633023	0.02213852022856266	-0.03263198009062813	0.022426681018389506	-0.024231612445603037	0.023970218059001028	-0.021035103028034408
0.11113238338503259	-0.118530312920416	0.18783175960621332	-0.7723773647428632	0.26793541655181663	-0.060166859189963486	0.21746723386284192	-0.3184521313056551	0.9999999999999998	-0.37686205878180223	0.0652312014669186	-0.0527358552417274	0.12395339829733884	-0.15887931254744653	0.16114100260198397	-0.056176105608040934	0.04925635655322326	-0.09194736654461423	0.10361982053590053	-0.17024298220415437	0.03655755378216567	-0.05576203857294135	0.050077408443077516	-0.05364886789683399	0.052845356645641176	-0.034130803913327706	0.04131191910904314	-0.04355366241358609	0.045463692323733075	-0.04052943168686831	0.037657481893942024	-0.041389218727088235	0.041545842769149605	-0.03411929651095223	0.04553301884405407	-0.028144519872283533	0.04053923209598653	-0.03985352628621724	0.032111441328043826	-0.0235857792349384	0.030945011793384988	-0.023263905879849903	0.02506397711409078	-0.025175045402757893	0.021989071305033067
-0.08335188683781218	0.07640383132953506	-0.12431031313593531	0.2646541355702009	-0.7519047965946076	0.04413443725803855	-0.13176935993899008	0.12835267847492693	-0.37686205878180223	0.9999999999999996	-0.05035809906640463	0.05668169693147679	-0.15095246321704003	0.1697252688091416	-0.3837740953102856	0.05461104265073467	-0.05361993991810423	0.1096083950306902	-0.12740799039974982	0.26254903928204154	-0.03652882687883619	0.05775392199658095	-0.056492441819069684	0.0618480103263613	-0.06049562378463801	0.034430222502096264	-0.04362316320863793	0.047807413346905296	-0.05071076481324703	0.04543613400590718	-0.03800553003317682	0.043229085393434015	-0.04392356972555471	0.03673605821430927	-0.04873361519241015	0.027737355418801214	-0.04202161864721064	0.04181196677155227	-0.03377251597219532	0.02486804092314249	-0.030439316068361776	0.024168869016988635	-0.026019440749223736	0.026330384431690647	-0.022964508062956225
0.22910641271505172	-0.17695003608436363	0.14554732676030424	-0.07992411651142521	0.05909319874505608	-0.8886600670038962	0.12894833262143657	-0.1045232965787213	0.0652312014669186	-0.05035809906640463	0.9999999999999977	-0.05838754575179201	0.04485556689729184	-0.0410044548581594	0.04118523969370649	-0.13930089985788735	0.05215113517320745	-0.041409062771519074	0.04070485158302546	-0.05282568689122326	0.07598816918604516	-0.07933092465591088	0.04855624104986245	-0.04193526019316739	0.047538731188274876	-0.059175072540793995	0.056426328044056	-0.0479198705125724	0.04648847318208127	-0.03977246004879636	0.06674215631405062	-0.05688405679722617	0.05423510265028929	-0.04072035177393001	0.05625440325792701	-0.044475692359129126	0.05749697241769409	-0.051469063578917264	0.04166337151526307	-0.030016601045782264	0.050377149189642326	-0.03175446360260711	0.03455276236974133	-0.03284814998541462	0.02913882668486127
-0.05499894038172364	0.04247530367180619	-0.059613534610761854	0.05759720385763036	-0.06571207055894004	0.04716383694967112	-0.06246273181622687	0.04882848457961	-0.0527358552417274	0.05668169693147679	-0.05838754575179201	0.9999999999999988	-0.19824426601276154	0.11746376130746021	-0.07996917379654035	0.10604225194708682	-0.9232977534273397	0.1778478659168392	-0.1436779368470673	0.09616433108572935	-0.08805292088244637	0.14717681217699177	-0.09162801237701731	0.08393184783251334	-0.0886387730197807	0.06985380666846247	-0.09914355755762566	0.08058393069033926	-0.0804323115331529	0.06733349383494237	-0.08098536582253446	0.08160428420281679	-0.07906041552858942	0.06118626596122672	-0.0833591677684863	0.04729688167231631	-0.08138703314027072	0.0699113936913234	-0.057595097863804616	0.04131963284582843	-0.05415952094465325	0.04307340760671298	-0.04722514976571043	0.04403395738379845	-0.03935255685011051
0.06188188001223764	-0.05147856762596855	0.07939158019584767	-0.134805668358504	0.14936221110467054	-0.03826749933448722	0.07660078734479911	-0.07255632804570926	0.12395339829733884	-0.15095246321704003	0.04485556689729184	-0.19824426601276154	0.9999999999999974	-0.6227907814402613	0.23743318662465038	-0.08169978289175037	0.16269920201085342	-0.5678377682267571	0.3194099678708613	-0.314004453568043	0.058072097092666454	-0.09970498426373779	0.1044859941189854	-0.12659691038007131	0.10915425072992425	-0.05363575597563911	0.07352792704452621	-0.08437039726922896	0.0892798979933407	-0.08034593111505564	0.0587687415371957	-0.06929523177631362	0.06940037098362005	-0.05993855885616751	0.07723331068199618	-0.03932768226338303	0.06483810244932615	-0.06504846335047457	0.05188263297125959	-0.038491677257290954	0.04280422221609111	-0.0370795350917411	0.039730624616292454	-0.040297108096247716	0.03492038117471987
-0.059475787693368636	0.05015450089556241	-0.07916022689273775	0.13976118125017312	-0.17554434711093736	0.034994979525272266	-0.07793746259926924	0.07405722839222004	-0.15887931254744653	0.1697252688091416	-0.0410044548581594	0.11746376130746021	-0.6227907814402613	0.9999999999999987	-0.4192449736194811	0.07147093900085073	-0.11411821135451543	0.30118033516036335	-0.49848191425609367	0.2838923884178073	-0.0509296706276538	0.08621365464776426	-0.10991036802528409	0.1333472146192086	-0.11625350185125935	0.047943869997739155	-0.06768294086374088	0.0817458636177092	-0.09121142555422818	0.07974662170191561	-0.05277808028957499	0.06366176140390283	-0.0655117271625986	0.05778255618012537	-0.07445098004933731	0.03554547496199786	-0.059709488350583574	0.06045719008229748	-0.04893989887889792	0.03623394345245107	-0.03872277577589368	0.034249719255337874	-0.03674507010293182	0.037575982022021656	-0.03263152150136434
0.06337441556005816	-0.05427277047615397	0.0860087276745813	-0.1633674651022768	0.26121698822008194	-0.03535498965876694	0.08398674575374127	-0.08059825909737701	0.16114100260198397	-0.3837740953102856	0.04118523969370649	-0.07996917379654035	0.23743318662465038	-0.4192449736194811	1.0000000000000004	-0.06165007160881875	0.07496633482228626	-0.1850328948971686	0.21488502802103587	-0.7272957298573482	0.04256209961043329	-0.070574414247629	0.07730190107125959	-0.09135917532913582	0.0837576779052524	-0.04031106357740854	0.05406916178681594	-0.06289218065072849	0.06758639885983689	-0.06125369339961731	0.044278821024602844	-0.05244522178623394	0.05349439409182514	-0.04613132436797824	0.06006851286332773	-0.030984242352707192	0.049830044408560065	-0.050430214686234015	0.04057576491793072	-0.030048500787553844	0.03378094160297483	-0.028728394371188806	0.030827718592377807	-0.031479852397661295	0.027332118891787473
-0.11555374168373268	0.07460776245542854	-0.1075535476046876	0.06319744318030032	-0.06801048042960892	0.10128418553088918	-0.07993333195492017	0.06057159946762475	-0.056176105608040934	0.05461104265073467	-0.13930089985788735	0.10604225194708682	-0.08169978289175037	0.07147093900085073	-0.06165007160881875	0.9999999999999983	-0.11235749322884162	0.08483415477869923	-0.08528571173467228	0.07941136216143167	-0.661814720590291	0.2918734710974579	-0.1789578796533163	0.13556669400242272	-0.16593562659610583	0.2903399295825102	-0.24062910664394738	0.17485336797760923	-0.16868137096521918	0.13736358026177636	-0.3722618841105044	0.222166837375262	-0.21139591015147313	0.15028826671032777	-0.21290233032361414	0.16608421664457415	-0.2346154438725165	0.18318744432672424	-0.15365854738284107	0.10776424902706698	-0.20432415291845862	0.12005326279577502	-0.13344559538617112	0.11735180466549189	-0.10707197292296025
0.05013177007261998	-0.039148887095970364	0.054453754886800904	-0.05469001198345926	0.06083738055300689	-0.04402375485931506	0.05545378397821022	-0.045172656506731274	0.04925635655322326	-0.05361993991810423	0.05215113517320745	-0.9232977534273397	0.16269920201085342	-0.11411821135451543	0.07496633482228626	-0.11235749322884162	0.9999999999999954	-0.21572027830070734	0.1345789136577716	-0.0949281237885237	0.08777715274082688	-0.1738894878267174	0.08510353049291813	-0.07966891477779987	0.08105686107207742	-0.06878597841125368	0.09509132990110318	-0.07712578820171927	0.07423919410933867	-0.06278661474860979	0.07693419931797935	-0.07843384368920052	0.07287584935525698	-0.05652371181707899	0.07595128067039021	-0.04448090896331459	0.0749560164966176	-0.0652854878861007	0.05269995678165976	-0.038048570850359884	0.05023607156466061	-0.03993579764950593	0.043465330170449	-0.040674862903795454	0.03608747035814738
-0.054906590637498955	0.043632763558293236	-0.06752251290775264	0.09520083750468392	-0.12420082806290872	0.034759615965305	-0.06345650138159453	0.056430969320274124	-0.09194736654461423	0.1096083950306902	-0.041409062771519074	0.1778478659168392	-0.5678377682267571	0.30118033516036335	-0.1850328948971686	0.08483415477869923	-0.21572027830070734	0.9999999999999966	-0.6678940065737726	0.2064672322051652	-0.06242684123727787	0.10726826023912776	-0.13980714697859387	0.16621901710165055	-0.14592066591345637	0.05771031534733266	-0.08382622262795376	0.10060593683933831	-0.11362085580768264	0.09766228015629373	-0.06382386027458291	0.07686282464813644	-0.07917745674015451	0.07014454878939322	-0.09020081635940881	0.041572811358102084	-0.07182676875864487	0.07208767763791595	-0.05859646154823142	0.043310072341244225	-0.0454040419086188	0.04089421242945798	-0.04391940106076271	0.04472785426465761	-0.03890341312360862
0.05553129867853895	-0.04479287586421398	0.06943469416753442	-0.10953018921466338	0.13307192339235577	-0.034446049103372706	0.06507531061336953	-0.05973465232247372	0.10361982053590053	-0.12740799039974982	0.04070485158302546	-0.1436779368470673	0.3194099678708613	-0.49848191425609367	0.21488502802103587	-0.08528571173467228	0.1345789136577716	-0.6678940065737726	0.9999999999999977	-0.2976770903809402	0.061111768664506204	-0.10714714642625951	0.1497627272040022	-0.25446263402576996	0.15428714032613816	-0.05796842921513478	0.08432872802477764	-0.11061793140355503	0.12039904048461361	-0.1083518190282096	0.06292891224149945	-0.078764097406906	0.07994324297465538	-0.07299847614441732	0.09081593818510361	-0.04165179446352911	0.07139958614486486	-0.07418353193795757	0.05895677177878368	-0.04411861982649026	0.044821653305343497	-0.041303403322193705	0.04400856594077719	-0.045485754594066855	0.03913703859185613
-0.08147411913007326	0.06673899913720037	-0.10746717591340037	0.1646364052479168	-0.3587987794715222	0.044661262536867155	-0.10197515300476485	0.09104734364005658	-0.17024298220415437	0.26254903928204154	-0.05282568689122326	0.09616433108572935	-0.314004453568043	0.2838923884178073	-0.7272957298573482	0.07941136216143167	-0.0949281237885237	0.2064672322051652	-0.2976770903809402	0.9999999999999977	-0.055520635755897794	0.09115330798689798	-0.10556105961822357	0.11846478390010448	-0.11744822810605997	0.05281374151814546	-0.07195710456643262	0.08342464007854913	-0.09253809713733517	0.0822157663700313	-0.058625287253025626	0.06950210093108446	-0.07246770892560234	0.06245453465027009	-0.08244378669134764	0.04086750003411572	-0.06707007238192665	0.06721758484453157	-0.05514436186874862	0.0405675043619925	-0.04493082938397347	0.038479877915803776	-0.04148876432586572	0.042295849332370995	-0.03696796046668829
0.06810284485135885	-0.04542246174015034	0.0648864464160388	-0.0413200686556392	0.04486335801703398	-0.06252453630773767	0.04920165230502107	-0.03790152192238055	0.03655755378216567	-0.03652882687883619	0.07598816918604516	-0.08805292088244637	0.058072097092666454	-0.0509296706276538	0.04256209961043329	-0.661814720590291	0.08777715274082688	-0.06242684123727787	0.061111768664506204	-0.055520635755897794	0.9999999999999986	-0.4255307151693732	0.1328220636436738	-0.09967744728187415	0.11505021233739651	-0.4960186910332424	0.21171767194718857	-0.14191397133150796	0.12003630297375442	-0.09821442416044092	0.2858124349671292	-0.18595519884178327	0.14462350502433902	-0.10359969611147513	0.13900098306551575	-0.12453085649338454	0.15869865600605326	-0.13077552264721876	0.10038524631837571	-0.07215186115746434	0.13268855214897554	-0.0830492785588266	0.08903479802049093	-0.07938279934163552	0.07018026289335873
-0.09038068136767481	0.05993261314254897	-0.09130815143729631	0.062269713797293	-0.0710945062645601	0.06310901116622396	-0.0695418032608213	0.05365425132020766	-0.05576203857294135	0.05775392199658095	-0.07933092465591088	0.14717681217699177	-0.09970498426373779	0.08621365464776426	-0.070574414247629	0.2918734710974579	-0.1738894878267174	0.10726826023912776	-0.10714714642625951	0.09115330798689798	-0.4255307151693732	0.9999999999999986	-0.2733311151756581	0.18261686199316457	-0.21607446686378334	0.251974667847528	-0.528815315622744	0.2582104683920627	-0.2243298181747924	0.1753866905848338	-0.28664086692051155	0.28552154826840753	-0.2520194368925168	0.17988726766500254	-0.24606639367726565	0.14339931160196392	-0.27474635515659485	0.21209912021484195	-0.1713052447069096	0.12143472412769221	-0.16373552620633347	0.13616211915505183	-0.149670040157257	0.13117007702008535	-0.1180323864324969
0.058062646957182065	-0.04057362389893656	0.061830787113570415	-0.05595222050807011	0.06539764182062871	-0.04020225995005544	0.049392666148827584	-0.04023658202246267	0.050077408443077516	-0.056492441819069684	0.04855624104986245	-0.09162801237701731	0.1044859941189854	-0.10991036802528409	0.07730190107125959	-0.1789578796533163	0.08510353049291813	-0.13980714697859387	0.1497627272040022	-0.10556105961822357	0.1328220636436738	-0.2733311151756581	0.9999999999999964	-0.576226157112576	0.27063194153606934	-0.13413685319773389	0.2358055348066102	-0.5889267004580461	0.26864470197612317	-0.25388709482593075	0.13596064325569068	-0.20338540696231958	0.17607696118824115	-0.16111978056137835	0.1809188441838381	-0.08409831127672761	0.15303690460468908	-0.16625751353496462	0.1184662007180755	-0.09114842510314514	0.08647615328585384	-0.08911198546635254	0.09224074964486323	-0.09466841816932157	0.07907207448457422
-0.0524577169995274	0.03747294909943098	-0.05775528065596558	0.05853378959902685	-0.07139658795526978	0.034698377923902006	-0.047471117945700456	0.039457350332121555	-0.05364886789683399	0.0618480103263613	-0.04193526019316739	0.08393184783251334	-0.12659691038007131	0.1333472146192086	-0.09135917532913582	0.13556669400242272	-0.07966891477779987	0.16621901710165055	-0.25446263402576996	0.11846478390010448	-0.09967744728187415	0.18261686199316457	-0.576226157112576	0.999999999999997	-0.5522505040739037	0.09975015285543755	-0.16977722201713674	0.2718685043723519	-0.36402877787109167	0.27649030790345913	-0.10639355599151945	0.1497142618901089	-0.15878957374608083	0.15977301659218623	-0.18858132226831972	0.06780671507424178	-0.12747857850911584	0.1404544052163376	-0.11239756311109883	0.08474845761824433	-0.07107177036062891	0.07492247674042679	-0.07906534269153813	0.08452468366405634	-0.07193512261690883
0.05824661374306081	-0.04102194743154497	0.06278641696818309	-0.059228605272684746	0.0698110241433253	-0.039471476131209285	0.05046608781166108	-0.04142576674271524	0.052845356645641176	-0.06049562378463801	0.047538731188274876	-0.0886387730197807	0.10915425072992425	-0.11625350185125935	0.0837576779052524	-0.16593562659610583	0.08105686107207742	-0.14592066591345637	0.15428714032613816	-0.11744822810605997	0.11505021233739651	-0.21607446686378334	0.27063194153606934	-0.5522505040739037	0.9999999999999946	-0.1154007623427859	0.17315764750909504	-0.2780024926630645	0.30256044695369905	-0.6167177727934778	0.11900855760958683	-0.16978095210227276	0.16808820155013243	-0.17596562884470357	0.20143928627375812	-0.07888933953661553	0.13987360347686642	-0.1655682838489959	0.12270686656058914	-0.09717356642208856	0.0805410642353577	-0.08560121217313539	0.08880588298630837	-0.09767484404430939	0.08085728495874263
-0.06159173207977785	0.04056065602796456	-0.06035026848499271	0.038470821944396244	-0.0424401895507535	0.04759350100309888	-0.0450580798664276	0.03458986087651153	-0.034130803913327706	0.034430222502096264	-0.059175072540793995	0.06985380666846247	-0.05363575597563911	0.047943869997739155	-0.04031106357740854	0.2903399295825102	-0.06878597841125368	0.05771031534733266	-0.05796842921513478	0.05281374151814546	-0.4960186910332424	0.251974667847528	-0.13413685319773389	0.09975015285543755	-0.1154007623427859	1.0000000000000022	-0.2571002619543028	0.1474099726822942	-0.12351035304836899	0.10000255321867069	-0.7147653184620298	0.21806511996743297	-0.1563814852207618	0.10819636001317086	-0.14293152556962577	0.16270480185227768	-0.17561900925250465	0.13984338786612055	-0.10394650271565412	0.07495760274112909	-0.17750497693329984	0.09002189401410976	-0.09548018408134025	0.08327253392131848	-0.07306573199168162
0.06334636982912759	-0.04267595661967752	0.06431987045080476	-0.04653446397492895	0.05270805326425238	-0.04626661844916988	0.04931078078046235	-0.03859698000608742	0.04131191910904314	-0.04362316320863793	0.056426328044056	-0.09914355755762566	0.07352792704452621	-0.06768294086374088	0.05406916178681594	-0.24062910664394738	0.09509132990110318	-0.08382622262795376	0.08432872802477764	-0.07195710456643262	0.21171767194718857	-0.528815315622744	0.2358055348066102	-0.16977722201713674	0.17315764750909504	-0.2571002619543028	0.9999999999999972	-0.45681182861721953	0.20354222147766918	-0.1613953678438478	0.22751723782422204	-0.5245135200930232	0.22087496769976175	-0.15947524968953022	0.18785084102516286	-0.11534658731204805	0.23176525374870188	-0.1992866666215461	0.13279446872987039	-0.09891369400269258	0.11881870747088599	-0.12114486466474478	0.12173001891070626	-0.1091936787789836	0.0922838576727609
-0.05731720761243694	0.039185319104740914	-0.059988211177740315	0.04861357135128097	-0.057142535037308796	0.039264532405806164	-0.04672910614153216	0.037255912004558744	-0.04355366241358609	0.047807413346905296	-0.0479198705125724	0.08058393069033926	-0.08437039726922896	0.0817458636177092	-0.06289218065072849	0.17485336797760923	-0.07712578820171927	0.10060593683933831	-0.11061793140355503	0.08342464007854913	-0.14191397133150796	0.2582104683920627	-0.5889267004580461	0.2718685043723519	-0.2780024926630645	0.1474099726822942	-0.45681182861721953	0.9999999999999954	-0.41701199265460287	0.237523508228947	-0.15865435224817614	0.23635601001624199	-0.23303661981086912	0.19090774089114745	-0.21969337034341324	0.09036773895305296	-0.18621447158538257	0.1833382521528149	-0.13822315845592822	0.10243977289728344	-0.09543722375806715	0.10119056207004463	-0.10681153424043653	0.10518964348156985	-0.08996591191558967
0.05621906733479725	-0.03887505855819201	0.0594649837260351	-0.05103705035461865	0.05944102871593937	-0.038440398082331254	0.04676535584560239	-0.03772038772131591	0.045463692323733075	-0.05071076481324703	0.04648847318208127	-0.0804323115331529	0.0892798979933407	-0.09121142555422818	0.06758639885983689	-0.16868137096521918	0.07423919410933867	-0.11362085580768264	0.12039904048461361	-0.09253809713733517	0.12003630297375442	-0.2243298181747924	0.26864470197612317	-0.36402877787109167	0.30256044695369905	-0.12351035304836899	0.20354222147766918	-0.41701199265460287	0.999999999999998	-0.5938115156333295	0.12827698463896295	-0.1984756779821163	0.2213109076351632	-0.3664457912993097	0.2671366139919471	-0.083251098649304	0.1592336682394123	-0.20008494655600112	0.15721880308191047	-0.12358694331722019	0.08512566563650248	-0.0989812189212533	0.10292079481861377	-0.1183510323402541	0.09733618440935542
-0.04901752519030032	0.03392982464447099	-0.05220478142372872	0.045223317577918414	-0.05396550395100422	0.03279064500292857	-0.04113771611093522	0.03319327456058217	-0.04052943168686831	0.04543613400590718	-0.03977246004879636	0.06733349383494237	-0.08034593111505564	0.07974662170191561	-0.06125369339961731	0.13736358026177636	-0.06278661474860979	0.09766228015629373	-0.1083518190282096	0.0822157663700313	-0.09821442416044092	0.1753866905848338	-0.25388709482593075	0.27649030790345913	-0.6167177727934778	0.10000255321867069	-0.1613953678438478	0.237523508228947	-0.5938115156333295	0.9999999999999986	-0.10737413563193746	0.15583886644360645	-0.1899960661567201	0.2206680664965188	-0.2983849921499507	0.07037101956652372	-0.13700155593044783	0.16317527303888799	-0.14084152617656767	0.10753883524551806	-0.0732450817510027	0.08383519289115793	-0.0887258120858233	0.1014259307367462	-0.08685028373387921
0.06766124237413741	-0.04511409596928729	0.06607678154769674	-0.0427188609326455	0.04653996259040832	-0.0555341463354914	0.0496110153427773	-0.03830031338448873	0.037657481893942024	-0.03800553003317682	0.06674215631405062	-0.08098536582253446	0.0587687415371957	-0.05277808028957499	0.044278821024602844	-0.3722618841105044	0.07693419931797935	-0.06382386027458291	0.06292891224149945	-0.058625287253025626	0.2858124349671292	-0.28664086692051155	0.13596064325569068	-0.10639355599151945	0.11900855760958683	-0.7147653184620298	0.22751723782422204	-0.15865435224817614	0.12827698463896295	-0.10737413563193746	0.999999999999994	-0.3183343606904473	0.16901529685639646	-0.11758038870336858	0.1488491161678735	-0.26489085253334793	0.19024454814612393	-0.163356084030298	0.11087419530296701	-0.08187547043703146	0.2038645785757999	-0.10267390855141927	0.10426800950458444	-0.09269539906282193	0.07886750380626198
-0.0663504112491053	0.04417041838801156	-0.0674191107246736	0.04660025613363887	-0.052840468345519725	0.046347923213854565	-0.050716436084569966	0.039381610550332104	-0.041389218727088235	0.043229085393434015	-0.05688405679722617	0.08160428420281679	-0.06929523177631362	0.06366176140390283	-0.05244522178623394	0.222166837375262	-0.07843384368920052	0.07686282464813644	-0.078764097406906	0.06950210093108446	-0.18595519884178327	0.28552154826840753	-0.20338540696231958	0.1497142618901089	-0.16978095210227276	0.21806511996743297	-0.5245135200930232	0.23635601001624199	-0.1984756779821163	0.15583886644360645	-0.3183343606904473	0.9999999999999954	-0.3876300404722388	0.19733224651119252	-0.23985663868913648	0.1356633349151202	-0.48375244210150176	0.2714763919080446	-0.17318701997615701	0.12548552677679875	-0.14062394664589334	0.18200294631292083	-0.1863680727874643	0.14330265058665625	-0.12289837115819949
0.06421851366114702	-0.04311024375775659	0.06576315404969763	-0.04709656652711376	0.053077408475849845	-0.044760207275558656	0.04965797765959052	-0.038850303887817114	0.041545842769149605	-0.04392356972555471	0.05423510265028929	-0.07906041552858942	0.06940037098362005	-0.0655117271625986	0.05349439409182514	-0.21139591015147313	0.07287584935525698	-0.07917745674015451	0.07994324297465538	-0.07246770892560234	0.14462350502433902	-0.2520194368925168	0.17607696118824115	-0.15878957374608083	0.16808820155013243	-0.1563814852207618	0.22087496769976175	-0.23303661981086912	0.2213109076351632	-0.1899960661567201	0.16901529685639646	-0.3876300404722388	0.9999999999999957	-0.48076334859916553	0.29843781286519333	-0.11240366218642313	0.26573589958600163	-0.5795458368465497	0.20872937466922153	-0.16520251507456232	0.11233541381808214	-0.17089520895429733	0.17833684466832508	-0.17108354741179446	0.13667084137994484
-0.049215623441776546	0.03326887793701983	-0.051010707220603586	0.03851373014237926	-0.04412241526395631	0.03355449648776405	-0.0388942102524619	0.030677974081485666	-0.03411929651095223	0.03673605821430927	-0.04072035177393001	0.06118626596122672	-0.05993855885616751	0.05778255618012537	-0.04613132436797824	0.15028826671032777	-0.05652371181707899	0.07014454878939322	-0.07299847614441732	0.06245453465027009	-0.10359969611147513	0.17988726766500254	-0.16111978056137835	0.15977301659218623	-0.17596562884470357	0.10819636001317086	-0.15947524968953022	0.19090774089114745	-0.3664457912993097	0.2206680664965188	-0.11758038870336858	0.19733224651119252	-0.48076334859916553	0.9999999999999937	-0.6552686279692128	0.07949635700494105	-0.17404310394000083	0.25626655040278334	-0.29991264280071334	0.19053041529673043	-0.0810165099193392	0.11584945993410616	-0.1235356503868527	0.1620512455692621	-0.13558875110876373
0.0675501164209887	-0.04561053148261478	0.06970621941797497	-0.051734332807684004	0.058382967434949015	-0.046559914726889605	0.05291039014857747	-0.04165671572216786	0.04553301884405407	-0.04873361519241015	0.05625440325792701	-0.0833591677684863	0.07723331068199618	-0.07445098004933731	0.06006851286332773	-0.21290233032361414	0.07595128067039021	-0.09020081635940881	0.09081593818510361	-0.08244378669134764	0.13900098306551575	-0.24606639367726565	0.1809188441838381	-0.18858132226831972	0.20143928627375812	-0.14293152556962577	0.18785084102516286	-0.21969337034341324	0.2671366139919471	-0.2983849921499507	0.1488491161678735	-0.23985663868913648	0.29843781286519333	-0.6552686279692128	0.9999999999999944	-0.1063059690639412	0.2070466910339598	-0.3319039811931042	0.25573532998116416	-0.27163041927033515	0.10558146512216625	-0.14804253954784194	0.15154170345778323	-0.20872691421164336	0.16930099695811213
-0.05395178549929698	0.03491187933932786	-0.054098568428766126	0.03176056082751774	-0.0346178134190918	0.036040426686073074	-0.038971328817820006	0.02950869437061244	-0.028144519872283533	0.027737355418801214	-0.044475692359129126	0.04729688167231631	-0.03932768226338303	0.03554547496199786	-0.030984242352707192	0.16608421664457415	-0.04448090896331459	0.041572811358102084	-0.04165179446352911	0.04086750003411572	-0.12453085649338454	0.14339931160196392	-0.08409831127672761	0.06780671507424178	-0.07888933953661553	0.16270480185227768	-0.11534658731204805	0.09036773895305296	-0.083251098649304	0.07037101956652372	-0.26489085253334793	0.1356633349151202	-0.11240366218642313	0.07949635700494105	-0.1063059690639412	0.9999999999999952	-0.1524243746263299	0.11805324797377427	-0.08443685033607806	0.06162046886606694	-0.9098974209302432	0.08767170874266174	-0.08760673392838375	0.07256892808535725	-0.06219006021034973
0.06681793987498266	-0.04456703789623382	0.06768591753290579	-0.04603200129411957	0.05117164030763914	-0.047523459205139826	0.05066502176806289	-0.03932589910519563	0.04053923209598653	-0.04202161864721064	0.05749697241769409	-0.08138703314027072	0.06483810244932615	-0.059709488350583574	0.049830044408560065	-0.2346154438725165	0.0749560164966176	-0.07182676875864487	0.07139958614486486	-0.06707007238192665	0.15869865600605326	-0.27474635515659485	0.15303690460468908	-0.12747857850911584	0.13987360347686642	-0.17561900925250465	0.23176525374870188	-0.18621447158538257	0.1592336682394123	-0.13700155593044783	0.19024454814612393	-0.48375244210150176	0.26573589958600163	-0.17404310394000083	0.2070466910339598	-0.1524243746263299	0.9999999999999937	-0.46674172898811583	0.18352190968790377	-0.14293170082347045	0.14109720713655383	-0.46894553454701504	0.2782854774618351	-0.20033995420007158	0.1469345833696949
-0.06319772371203786	0.04200497530759093	-0.06492215233453029	0.04493008823935521	-0.05127233849712352	0.0420382255852415	-0.04849219325313454	0.03765292740097298	-0.03985352628621724	0.04181196677155227	-0.051469063578917264	0.0699113936913234	-0.06504846335047457	0.06045719008229748	-0.050430214686234015	0.18318744432672424	-0.0652854878861007	0.07208767763791595	-0.07418353193795757	0.06721758484453157	-0.13077552264721876	0.21209912021484195	-0.16625751353496462	0.1404544052163376	-0.1655682838489959	0.13984338786612055	-0.1992866666215461	0.1833382521528149	-0.20008494655600112	0.16317527303888799	-0.163356084030298	0.2714763919080446	-0.5795458368465497	0.25626655040278334	-0.3319039811931042	0.11805324797377427	-0.46674172898811583	0.9999999999999937	-0.2580624305495472	0.17501895785460142	-0.12654725887977764	0.24336140200646633	-0.33917469011507134	0.20252530057390872	-0.17872923718539613
0.05067372859563408	-0.03384546031526076	0.05201530513719207	-0.03645781239924248	0.04096094204666488	-0.0343290362817503	0.03892943307393261	-0.030343404927633023	0.032111441328043826	-0.03377251597219532	0.04166337151526307	-0.057595097863804616	0.05188263297125959	-0.04893989887889792	0.04057576491793072	-0.15365854738284107	0.05269995678165976	-0.05859646154823142	0.05895677177878368	-0.05514436186874862	0.10038524631837571	-0.1713052447069096	0.1184662007180755	-0.11239756311109883	0.12270686656058914	-0.10394650271565412	0.13279446872987039	-0.13822315845592822	0.15721880308191047	-0.14084152617656767	0.11087419530296701	-0.17318701997615701	0.20872937466922153	-0.29991264280071334	0.25573532998116416	-0.08443685033607806	0.18352190968790377	-0.2580624305495472	0.9999999999999938	-0.657858513278109	0.08486376880221326	-0.17373582186990155	0.1815870058566691	-0.47057732159400667	0.3086233522745634
-0.03685644397323404	0.02459894257618708	-0.03793677005556492	0.026698005122670333	-0.03026376948314692	0.024651406865344647	-0.0284060648475278	0.02213852022856266	-0.0235857792349384	0.02486804092314249	-0.030016601045782264	0.04131963284582843	-0.038491677257290954	0.03623394345245107	-0.030048500787553844	0.10776424902706698	-0.038048570850359884	0.043310072341244225	-0.04411861982649026	0.0405675043619925	-0.07215186115746434	0.12143472412769221	-0.09114842510314514	0.08474845761824433	-0.09717356642208856	0.07495760274112909	-0.09891369400269258	0.10243977289728344	-0.12358694331722019	0.10753883524551806	-0.08187547043703146	0.12548552677679875	-0.16520251507456232	0.19053041529673043	-0.27163041927033515	0.06162046886606694	-0.14293170082347045	0.17501895785460142	-0.657858513278109	0.9999999999999928	-0.06355183797822432	0.12356629961112622	-0.14118839039576678	0.30721736835125085	-0.5915391081143608
0.05955535115197225	-0.038781084573864505	0.05945510583063384	-0.035113862278947916	0.0377683558017784	-0.04141215263602236	0.0429609592465864	-0.03263198009062813	0.030945011793384988	-0.030439316068361776	0.050377149189642326	-0.05415952094465325	0.04280422221609111	-0.03872277577589368	0.03378094160297483	-0.20432415291845862	0.05023607156466061	-0.0454040419086188	0.044821653305343497	-0.04493082938397347	0.13268855214897554	-0.16373552620633347	0.08647615328585384	-0.07107177036062891	0.0805410642353577	-0.17750497693329984	0.11881870747088599	-0.09543722375806715	0.08512566563650248	-0.0732450817510027	0.2038645785757999	-0.14062394664589334	0.11233541381808214	-0.0810165099193392	0.10558146512216625	-0.9098974209302432	0.14109720713655383	-0.12654725887977764	0.08486376880221326	-0.06355183797822432	0.9999999999999927	-0.09295826470369162	0.08738711333215582	-0.07598341073998141	0.06286838824546934
-0.03811779869837027	0.025315608911020724	-0.03885654042239199	0.026329116477081572	-0.029584695639958143	0.02606543577343221	-0.02894756495299938	0.022426681018389506	-0.023263905879849903	0.024168869016988635	-0.03175446360260711	0.04307340760671298	-0.0370795350917411	0.034249719255337874	-0.028728394371188806	0.12005326279577502	-0.03993579764950593	0.04089421242945798	-0.041303403322193705	0.038479877915803776	-0.0830492785588266	0.13616211915505183	-0.08911198546635254	0.07492247674042679	-0.08560121217313539	0.09002189401410976	-0.12114486466474478	0.10119056207004463	-0.0989812189212533	0.08383519289115793	-0.10267390855141927	0.18200294631292083	-0.17089520895429733	0.11584945993410616	-0.14804253954784194	0.08767170874266174	-0.46894553454701504	0.24336140200646633	-0.17373582186990155	0.12356629961112622	-0.09295826470369162	0.9999999999999931	-0.7741821225634857	0.20606275869008545	-0.1694688362725318
0.041184955330675316	-0.02739728700603435	0.04192332971851152	-0.02843317266349983	0.031766886582205306	-0.028470043751046697	0.03125143721914199	-0.024231612445603037	0.02506397711409078	-0.026019440749223736	0.03455276236974133	-0.04722514976571043	0.039730624616292454	-0.03674507010293182	0.030827718592377807	-0.13344559538617112	0.043465330170449	-0.04391940106076271	0.04400856594077719	-0.04148876432586572	0.08903479802049093	-0.149670040157257	0.09224074964486323	-0.07906534269153813	0.08880588298630837	-0.09548018408134025	0.12173001891070626	-0.10681153424043653	0.10292079481861377	-0.0887258120858233	0.10426800950458444	-0.1863680727874643	0.17833684466832508	-0.1235356503868527	0.15154170345778323	-0.08760673392838375	0.2782854774618351	-0.33917469011507134	0.1815870058566691	-0.14118839039576678	0.08738711333215582	-0.7741821225634857	0.9999999999999931	-0.33406734150907175	0.1816096782459615
