0.9999999999999999	-0.7841039558340767	0.1968996284996254	-0.17582827839306575	0.13949838076541798	-0.31716147932475186	0.294741521582996	-0.2004453897723168	0.1454384962902173	-0.11180856548268248	0.19364715219314466	-0.26181657889951304	0.1798663514362269	-0.13234156507428518	0.10143092951079968	-0.21613623735148052	0.18216996783512046	-0.18070603354714165	0.14149615795731604	-0.17709043760861676	0.08089042607389253	-0.08964125954486152	0.0697984986006928	-0.08755401653626176	0.12005751502225973	-0.05198823435468238	0.08655351367965047	-0.0626293708408342	0.1240574037335568	-0.025379067532021213	0.06562442279274613	-0.06528711715652227	0.036459490853523235	-0.05193281211085769	0.02615236086055773
-0.7841039558340767	0.9999999999999997	-0.18951124511690243	0.1373837226084366	-0.11400971408937326	0.21445456964822648	-0.4798829121110928	0.17922821430239175	-0.13077099589619962	0.09072167841607716	-0.16294758511200347	0.22101560038778756	-0.1659829460457937	0.10998023553861305	-0.08398445749015412	0.16088837116086635	-0.16201465821091793	0.1453096553843844	-0.11951405570027226	0.13691458578265311	-0.06798669109784093	0.07480052521936736	-0.057526295820366016	0.0720890151475318	-0.09890190954104729	0.043134545290246226	-0.07321988776375693	0.05119520213384727	-0.10220589426322489	0.0206782603106535	-0.05449542347615445	0.053025329124385887	-0.029593041730555138	0.04176097132477109	-0.021337829846102847
0.1968996284996254	-0.18951124511690243	0.9999999999999992	-0.5109282567158259	0.2939046014775496	-0.2181329176693384	0.22575816578962699	-0.4294345835000173	0.2638689443877253	-0.22048135705208052	0.1647377352773653	-0.2286010805367574	0.25769615332239637	-0.24094874917193282	0.19255545875499008	-0.20865312793276283	0.19271995033466977	-0.29553087699795444	0.24417739110169462	-0.369267849038876	0.10767312018406806	-0.111678453949097	0.11550952725681614	-0.15757314148463322	0.21991953678830325	-0.06963826426564307	0.11139604017473446	-0.1033441245708578	0.22518271716579605	-0.04377403977753721	0.09065249120977707	-0.09056110783901955	0.052130747589124934	-0.07486139016744761	0.04540850006995508
-0.17582827839306575	0.1373837226084366	-0.5109282567158259	0.9999999999999986	-0.6219502468412312	0.15837668997145268	-0.18296410605739638	0.23543454236777941	-0.3004424198112767	0.2331214506341673	-0.1307885093366213	0.17122221612353516	-0.21290135963917403	0.22113999914567908	-0.21585061622509097	0.15675736141495644	-0.16492346273457165	0.22315771074639945	-0.23996047486822428	0.29311612215145616	-0.10123700375302905	0.09960963711665889	-0.11853035834990211	0.16281263174800012	-0.24153330164298623	0.06427129129499712	-0.10286271674973578	0.10292271986103729	-0.24939363878536538	0.0458115228831925	-0.08545522057697796	0.08101025809104433	-0.047598835181562826	0.06709186792441652	-0.048126427316325535
0.13949838076541798	-0.11400971408937326	0.2939046014775496	-0.6219502468412312	0.9999999999999983	-0.14404563168426446	0.1503061210486145	-0.19835931130375695	0.2344043341918588	-0.3995274936889407	0.11431225344558926	-0.1500871424075275	0.17915545085930665	-0.22863845517393522	0.24809518251697127	-0.1442262141262427	0.14225124446515483	-0.21590152066014223	0.21967065972391014	-0.41165505433535743	0.08793343995494655	-0.08770891363953233	0.10346865961773244	-0.14657233121266608	0.2109671455268038	-0.0564785447916224	0.08958656534464793	-0.09148841172830809	0.21403388210005184	-0.04020947287648462	0.07476184239465203	-0.07317820955525459	0.042873162064771486	-0.06121291413668785	0.04197234543516134
-0.31716147932475186	0.21445456964822648	-0.2181329176693384	0.15837668997145268	-0.14404563168426446	0.9999999999999987	-0.3649253631784138	0.19251143757412023	-0.1549751922447563	0.1087165801517783	-0.703528293881918	0.28213385253396245	-0.21041702757967418	0.13163589489141447	-0.10266220263038293	0.2872446922127477	-0.29948035278350843	0.1797123739006877	-0.15399519460847746	0.16409324585994686	-0.1170314224141478	0.12558560998075868	-0.08227130568904797	0.09537114081720274	-0.13231414110430875	0.07232206242249493	-0.12738714253276773	0.07239967896826044	-0.13846935441978522	0.02892176189040573	-0.0914823978938164	0.08462726581446277	-0.0466608434945345	0.06454366462812969	-0.029825570125347877
0.294741521582996	-0.4798829121110928	0.22575816578962699	-0.18296410605739638	0.1503061210486145	-0.3649253631784138	0.9999999999999974	-0.3677119306096701	0.18981032199627862	-0.12858350715922426	0.24019872221498312	-0.5356786942871716	0.2618679503146181	-0.16394015466610068	0.11711361301551286	-0.24393660286180913	0.2293700354670881	-0.22154281625235567	0.16739087382626153	-0.1854956949451129	0.09073129033774335	-0.10481768665558965	0.07740714537954188	-0.09760095905360443	0.13105094863818706	-0.057968926585258665	0.09853370982341092	-0.06933265240590436	0.13506610279173176	-0.02742415781210693	0.0723220466325368	-0.07141975224811835	0.039627101347264646	-0.056036670760427065	0.028235733307110353
-0.2004453897723168	0.17922821430239175	-0.4294345835000173	0.23543454236777941	-0.19835931130375695	0.19251143757412023	-0.3677119306096701	0.9999999999999961	-0.475201703343901	0.18229195745410945	-0.16307314292039607	0.26033229961189497	-0.5245285284112984	0.25121180500232965	-0.17251585127325783	0.1741597996259548	-0.18616299776481296	0.2710409726591807	-0.2409506960225091	0.22635469907040373	-0.08480191206374484	0.09198768379870285	-0.08898615812777806	0.12515507787440477	-0.16563731888036307	0.053983247221939715	-0.09038573659765788	0.07894587232647383	-0.16796954763990915	0.03188428254069876	-0.06893671525938867	0.06731536363243075	-0.03831927637906199	0.05416785972877979	-0.03297118668566819
0.1454384962902173	-0.13077099589619962	0.2638689443877253	-0.3004424198112767	0.2344043341918588	-0.1549751922447563	0.18981032199627862	-0.475201703343901	0.9999999999999961	-0.3398328556196887	0.12394199991470095	-0.18706972669571714	0.2527795326129438	-0.6032056023502462	0.26268404624611286	-0.1471038399685352	0.1474390132234527	-0.27408479346939796	0.2639057757253974	-0.2739759437041664	0.07636404664952781	-0.08102913124488524	0.0885346192674503	-0.1369763360636879	0.17274775961394387	-0.048972729940120655	0.08014807817206396	-0.0797873627000925	0.17300473628092694	-0.032484770369076064	0.0632249192503677	-0.06224072022559336	0.03590430732354764	-0.051031272926680256	0.033548174525954925
-0.11180856548268248	0.09072167841607716	-0.22048135705208052	0.2331214506341673	-0.3995274936889407	0.1087165801517783	-0.12858350715922426	0.18229195745410945	-0.3398328556196887	0.9999999999999956	-0.08992719033571726	0.12341170079187128	-0.16789214197711308	0.2767968875402142	-0.740182749632431	0.10715951596380222	-0.11195661707309124	0.1786017379202031	-0.21818950990317665	0.2634874673760475	-0.06394455386023146	0.06524741454583138	-0.07894414559907818	0.11992251310205479	-0.16636815086261605	0.040794789379211875	-0.06615467770342248	0.06969709569870772	-0.1655070673312439	0.030072858523940763	-0.05348342467642822	0.05176429802316151	-0.030333595235383357	0.042911768491493925	-0.0313506699403556
0.19364715219314466	-0.16294758511200347	0.1647377352773653	-0.1307885093366213	0.11431225344558926	-0.703528293881918	0.24019872221498312	-0.16307314292039607	0.12394199991470095	-0.08992719033571726	0.9999999999999959	-0.36597313711346263	0.1817179132776981	-0.11054345247664098	0.08382413960730041	-0.4909968345043197	0.2692559932866888	-0.16237262335636563	0.12569161515752417	-0.1373512107202621	0.09536529969655337	-0.1103092298711558	0.06698788707367027	-0.07678603443412228	0.10468572498516249	-0.059773039087782955	0.10528441352179914	-0.05962497732581427	0.10943105560494404	-0.02326448327843169	0.07398162383769837	-0.07088076475315623	0.03869804560589761	-0.05396490327548298	0.023904083814175924
-0.26181657889951304	0.22101560038778756	-0.2286010805367574	0.17122221612353516	-0.1500871424075275	0.28213385253396245	-0.5356786942871716	0.26033229961189497	-0.18706972669571714	0.12341170079187128	-0.36597313711346263	0.9999999999999976	-0.4483491220291497	0.16050705914520402	-0.11710493256232848	0.27419259113506317	-0.4087254212725397	0.2373425246154625	-0.1822281962729564	0.1792505547985528	-0.11076014084163505	0.13316088078600746	-0.08553219287555654	0.1026631722929948	-0.13759668490004803	0.06916957794653547	-0.12439407359319041	0.075698324404995	-0.14251196465330743	0.02922832050557538	-0.08488589147195434	0.0822717290899872	-0.045085854098342745	0.06289798059320004	-0.030063772643580886
0.1798663514362269	-0.1659829460457937	0.25769615332239637	-0.21290135963917403	0.17915545085930665	-0.21041702757967418	0.2618679503146181	-0.5245285284112984	0.2527795326129438	-0.16789214197711308	0.1817179132776981	-0.4483491220291497	0.999999999999997	-0.2585843601411889	0.15646758346735212	-0.20157182503096005	0.2113536302670182	-0.5198969398210409	0.25187349513557916	-0.22898599537323874	0.08924069613516684	-0.10161875074457899	0.09427701415983727	-0.1284383203122589	0.16292604277030673	-0.05709638036366365	0.09623761660609989	-0.08448243587285494	0.1655849964611542	-0.031928916452182966	0.0718689440067006	-0.0710734554445938	0.0400680189841303	-0.05670951346233902	0.03286634323282213
-0.13234156507428518	0.10998023553861305	-0.24094874917193282	0.22113999914567908	-0.22863845517393522	0.13163589489141447	-0.16394015466610068	0.25121180500232965	-0.6032056023502462	0.2767968875402142	-0.11054345247664098	0.16050705914520402	-0.2585843601411889	0.9999999999999939	-0.43616371992746883	0.12878899582478703	-0.13653601145032143	0.2553413374481589	-0.4489379636284659	0.26150028286114413	-0.0719205797775314	0.07564716740460857	-0.0901075085878913	0.15710913339057486	-0.19064866723587792	0.045934328211378654	-0.07549737626503734	0.08083457148970685	-0.1866033293052076	0.03338383135195062	-0.0595028999056032	0.05813979883381304	-0.03384603837515664	0.04790950363716975	-0.03444466680849182
0.10143092951079968	-0.08398445749015412	0.19255545875499008	-0.21585061622509097	0.24809518251697127	-0.10266220263038293	0.11711361301551286	-0.17251585127325783	0.26268404624611286	-0.740182749632431	0.08382413960730041	-0.11710493256232848	0.15646758346735212	-0.43616371992746883	0.9999999999999956	-0.10144026454001795	0.1040701141373632	-0.1825298287834406	0.2159705704920345	-0.351776512113299	0.05928709722644203	-0.060935665363691494	0.07376829421430277	-0.11690740078204621	0.1554549679013293	-0.03793736869001685	0.06141748260914761	-0.06582340462217236	0.1528769538617451	-0.028028688288731885	0.04962860051591615	-0.048384665782991755	0.028327077199678873	-0.04017839962921664	0.029108399706201448
-0.21613623735148052	0.16088837116086635	-0.20865312793276283	0.15675736141495644	-0.1442262141262427	0.2872446922127477	-0.24393660286180913	0.1741597996259548	-0.1471038399685352	0.10715951596380222	-0.4909968345043197	0.27419259113506317	-0.20157182503096005	0.12878899582478703	-0.10144026454001795	0.999999999999994	-0.6561466435254777	0.1873867768405125	-0.15692944856198898	0.166642026967168	-0.17251129052985234	0.1966593140724332	-0.09791737859647401	0.09992942062943944	-0.13793232210199485	0.10413218016976855	-0.19631763241114275	0.08585465266994782	-0.14649597373254922	0.03276978422762288	-0.12803209618508746	0.11709149896667134	-0.06302515920762783	0.08590519794964985	-0.03359991652070157
0.18216996783512046	-0.16201465821091793	0.19271995033466977	-0.16492346273457165	0.14225124446515483	-0.29948035278350843	0.2293700354670881	-0.18616299776481296	0.1474390132234527	-0.11195661707309124	0.2692559932866888	-0.4087254212725397	0.2113536302670182	-0.13653601145032143	0.1040701141373632	-0.6561466435254777	0.999999999999993	-0.2341665800520391	0.16144692231007057	-0.17955709508632095	0.17518853914419805	-0.3272093722608843	0.10506641224687392	-0.10120235918378356	0.1349140013600445	-0.11407375080694275	0.20580664742160887	-0.0957493103111856	0.1435369253711453	-0.03395010759993541	0.1281909909079438	-0.13463815526944561	0.06990951329730087	-0.09833638454736117	0.03448265622677281
-0.18070603354714165	0.1453096553843844	-0.29553087699795444	0.22315771074639945	-0.21590152066014223	0.1797123739006877	-0.22154281625235567	0.2710409726591807	-0.27408479346939796	0.1786017379202031	-0.16237262335636563	0.2373425246154625	-0.5198969398210409	0.2553413374481589	-0.1825298287834406	0.1873867768405125	-0.2341665800520391	0.9999999999999927	-0.5618742329164165	0.26640903437026037	-0.10393472093850842	0.11361359277953897	-0.14446315003405868	0.20047692416358595	-0.2472876464500573	0.06578699019036449	-0.11172044601180936	0.12158999129479614	-0.2483515894310915	0.04404923612741301	-0.08389244579611721	0.08145307404799737	-0.046893240749588054	0.0658647988099433	-0.04542645465384107
0.14149615795731604	-0.11951405570027226	0.24417739110169462	-0.23996047486822428	0.21967065972391014	-0.15399519460847746	0.16739087382626153	-0.2409506960225091	0.2639057757253974	-0.21818950990317665	0.12569161515752417	-0.1822281962729564	0.25187349513557916	-0.4489379636284659	0.2159705704920345	-0.15692944856198898	0.16144692231007057	-0.5618742329164165	0.9999999999999926	-0.38968143850356235	0.08799230623285804	-0.09418755589403462	0.12502466431434553	-0.34031579907370973	0.26170199996760635	-0.056701855273168775	0.09255810551012521	-0.11765273686019699	0.2520019656735394	-0.04545776698747489	0.07320918098517173	-0.0730526258560008	0.04281369024119666	-0.061025057836151045	0.04596058984973819
-0.17709043760861676	0.13691458578265311	-0.369267849038876	0.29311612215145616	-0.41165505433535743	0.16409324585994686	-0.1854956949451129	0.22635469907040373	-0.2739759437041664	0.2634874673760475	-0.1373512107202621	0.1792505547985528	-0.22898599537323874	0.26150028286114413	-0.351776512113299	0.166642026967168	-0.17955709508632095	0.26640903437026037	-0.38968143850356235	0.9999999999999925	-0.11612556388204001	0.11437789859799764	-0.16162346287986543	0.24567596012828738	-0.3924496496831807	0.07370026463430603	-0.11828323366900137	0.13974662948028133	-0.3657315138567558	0.06419148889301238	-0.09817607262799438	0.09312547684861511	-0.05586754750702665	0.07838487247142212	-0.06764443004355669
0.08089042607389253	-0.06798669109784093	0.10767312018406806	-0.10123700375302905	0.08793343995494655	-0.1170314224141478	0.09073129033774335	-0.08480191206374484	0.07636404664952781	-0.06394455386023146	0.09536529969655337	-0.11076014084163505	0.08924069613516684	-0.0719205797775314	0.05928709722644203	-0.17251129052985234	0.17518853914419805	-0.10393472093850842	0.08799230623285804	-0.11612556388204001	0.9999999999999922	-0.46749836087270613	0.10507364140190727	-0.0699457595047981	0.09321323292036951	-0.6257064533926482	0.2958710685254051	-0.10096703831353498	0.10659765744918968	-0.04729562427086173	0.304867108688888	-0.3461396508731319	0.1621734216397885	-0.24980042298812438	0.046101757670709564
-0.08964125954486152	0.07480052521936736	-0.111678453949097	0.09960963711665889	-0.08770891363953233	0.12558560998075868	-0.10481768665558965	0.09198768379870285	-0.08102913124488524	0.06524741454583138	-0.1103092298711558	0.13316088078600746	-0.10161875074457899	0.07564716740460857	-0.060935665363691494	0.1966593140724332	-0.3272093722608843	0.11361359277953897	-0.09418755589403462	0.11437789859799764	-0.46749836087270613	0.9999999999999922	-0.16450625202323602	0.07468681844898328	-0.09619049269481005	0.23431289695304952	-0.6877295120269677	0.13027944937392733	-0.11287133965903297	0.035689497799747054	-0.23894936960571125	0.23596225813915778	-0.11711021165315602	0.15281817293086147	-0.03556733623471649
0.0697984986006928	-0.057526295820366016	0.11550952725681614	-0.11853035834990211	0.10346865961773244	-0.08227130568904797	0.07740714537954188	-0.08898615812777806	0.0885346192674503	-0.07894414559907818	0.06698788707367027	-0.08553219287555654	0.09427701415983727	-0.0901075085878913	0.07376829421430277	-0.09791737859647401	0.10506641224687392	-0.14446315003405868	0.12502466431434553	-0.16162346287986543	0.10507364140190727	-0.16450625202323602	0.9999999999999908	-0.164409691098414	0.15062510378343877	-0.06812239010798461	0.12462851479948332	-0.8986244364583207	0.22210488446340804	-0.0389912277982273	0.07960569364092338	-0.08464593186142624	0.04926248619758565	-0.06760141014058063	0.03837470827102023
-0.08755401653626176	0.0720890151475318	-0.15757314148463322	0.16281263174800012	-0.14657233121266608	0.09537114081720274	-0.09760095905360443	0.12515507787440477	-0.1369763360636879	0.11992251310205479	-0.07678603443412228	0.1026631722929948	-0.1284383203122589	0.15710913339057486	-0.11690740078204621	0.09992942062943944	-0.10120235918378356	0.20047692416358595	-0.34031579907370973	0.24567596012828738	-0.0699457595047981	0.07468681844898328	-0.164409691098414	0.9999999999999901	-0.6640210083955973	0.04545514495315546	-0.07371335012950865	0.15415866974890227	-0.5663320391606965	0.06442245558308832	-0.059211129958233674	0.06067840916817406	-0.03773087711706209	0.05383327181551439	-0.06362918739537571
0.12005751502225973	-0.09890190954104729	0.21991953678830325	-0.24153330164298623	0.2109671455268038	-0.13231414110430875	0.13105094863818706	-0.16563731888036307	0.17274775961394387	-0.16636815086261605	0.10468572498516249	-0.13759668490004803	0.16292604277030673	-0.19064866723587792	0.1554549679013293	-0.13793232210199485	0.1349140013600445	-0.2472876464500573	0.26170199996760635	-0.3924496496831807	0.09321323292036951	-0.09619049269481005	0.15062510378343877	-0.6640210083955973	0.9999999999999888	-0.06114484483275448	0.0961258931339853	-0.15674846553765678	0.3219551528983857	-0.07460575092310667	0.08047824938788137	-0.08362837577377984	0.051028219928235016	-0.07417214682737028	0.0702810177117109
-0.05198823435468238	0.043134545290246226	-0.06963826426564307	0.06427129129499712	-0.0564785447916224	0.07232206242249493	-0.057968926585258665	0.053983247221939715	-0.048972729940120655	0.040794789379211875	-0.059773039087782955	0.06916957794653547	-0.05709638036366365	0.045934328211378654	-0.03793736869001685	0.10413218016976855	-0.11407375080694275	0.06578699019036449	-0.056701855273168775	0.07370026463430603	-0.6257064533926482	0.23431289695304952	-0.06812239010798461	0.04545514495315546	-0.06114484483275448	0.999999999999989	-0.29631785447251924	0.06319222484609816	-0.07017978590023703	0.03141441825694284	-0.6395800886867085	0.25776151703632866	-0.12272146656136922	0.16751061047817303	-0.03087650578423319
0.08655351367965047	-0.07321988776375693	0.11139604017473446	-0.10286271674973578	0.08958656534464793	-0.12738714253276773	0.09853370982341092	-0.09038573659765788	0.08014807817206396	-0.06615467770342248	0.10528441352179914	-0.12439407359319041	0.09623761660609989	-0.07549737626503734	0.06141748260914761	-0.19631763241114275	0.20580664742160887	-0.11172044601180936	0.09255810551012521	-0.11828323366900137	0.2958710685254051	-0.6877295120269677	0.12462851479948332	-0.07371335012950865	0.0961258931339853	-0.29631785447251924	0.9999999999999881	-0.12171874918861766	0.11140052880751047	-0.04520336147123683	0.25123892754726185	-0.4314978373595405	0.1715896286173662	-0.23674471082728285	0.04445746293867518
-0.0626293708408342	0.05119520213384727	-0.1033441245708578	0.10292271986103729	-0.09148841172830809	0.07239967896826044	-0.06933265240590436	0.07894587232647383	-0.0797873627000925	0.06969709569870772	-0.05962497732581427	0.075698324404995	-0.08448243587285494	0.08083457148970685	-0.06582340462217236	0.08585465266994782	-0.0957493103111856	0.12158999129479614	-0.11765273686019699	0.13974662948028133	-0.10096703831353498	0.13027944937392733	-0.8986244364583207	0.15415866974890227	-0.15674846553765678	0.06319222484609816	-0.12171874918861766	0.9999999999999877	-0.299751340442903	0.04064078406852517	-0.07586813086030597	0.07678416255418216	-0.04649071875372073	0.061635424345529065	-0.04069820268197645
0.1240574037335568	-0.10220589426322489	0.22518271716579605	-0.24939363878536538	0.21403388210005184	-0.13846935441978522	0.13506610279173176	-0.16796954763990915	0.17300473628092694	-0.1655070673312439	0.10943105560494404	-0.14251196465330743	0.1655849964611542	-0.1866033293052076	0.1528769538617451	-0.14649597373254922	0.1435369253711453	-0.2483515894310915	0.2520019656735394	-0.3657315138567558	0.10659765744918968	-0.11287133965903297	0.22210488446340804	-0.5663320391606965	0.3219551528983857	-0.07017978590023703	0.11140052880751047	-0.299751340442903	0.9999999999999863	-0.11711288490704821	0.09190984686729226	-0.09673813027931688	0.060805969411362355	-0.08813816927296925	0.10252671015595403
-0.025379067532021213	0.0206782603106535	-0.04377403977753721	0.0458115228831925	-0.04020947287648462	0.02892176189040573	-0.02742415781210693	0.03188428254069876	-0.032484770369076064	0.030072858523940763	-0.02326448327843169	0.02922832050557538	-0.031928916452182966	0.03338383135195062	-0.028028688288731885	0.03276978422762288	-0.03395010759993541	0.04404923612741301	-0.04545776698747489	0.06419148889301238	-0.04729562427086173	0.035689497799747054	-0.0389912277982273	0.06442245558308832	-0.07460575092310667	0.03141441825694284	-0.04520336147123683	0.04064078406852517	-0.11711288490704821	0.9999999999999869	-0.050641650760431964	0.051142137719073354	-0.06926804636759679	0.08867181094771438	-0.9770059231017023
0.06562442279274613	-0.05449542347615445	0.09065249120977707	-0.08545522057697796	0.07476184239465203	-0.0914823978938164	0.0723220466325368	-0.06893671525938867	0.0632249192503677	-0.05348342467642822	0.07398162383769837	-0.08488589147195434	0.0718689440067006	-0.0595028999056032	0.04962860051591615	-0.12803209618508746	0.1281909909079438	-0.08389244579611721	0.07320918098517173	-0.09817607262799438	0.304867108688888	-0.23894936960571125	0.07960569364092338	-0.059211129958233674	0.08047824938788137	-0.6395800886867085	0.25123892754726185	-0.07586813086030597	0.09190984686729226	-0.050641650760431964	0.9999999999999873	-0.5248624182511874	0.2071364577175273	-0.3035730668201379	0.04918137012805534
-0.06528711715652227	0.053025329124385887	-0.09056110783901955	0.08101025809104433	-0.07317820955525459	0.08462726581446277	-0.07141975224811835	0.06731536363243075	-0.06224072022559336	0.05176429802316151	-0.07088076475315623	0.0822717290899872	-0.0710734554445938	0.05813979883381304	-0.048384665782991755	0.11709149896667134	-0.13463815526944561	0.08145307404799737	-0.0730526258560008	0.09312547684861511	-0.3461396508731319	0.23596225813915778	-0.08464593186142624	0.06067840916817406	-0.08362837577377984	0.25776151703632866	-0.4314978373595405	0.07678416255418216	-0.09673813027931688	0.051142137719073354	-0.5248624182511874	0.9999999999999878	-0.4882449235006495	0.3014462361763769	-0.05230836289405752
0.036459490853523235	-0.029593041730555138	0.052130747589124934	-0.047598835181562826	0.042873162064771486	-0.0466608434945345	0.039627101347264646	-0.03831927637906199	0.03590430732354764	-0.030333595235383357	0.03869804560589761	-0.045085854098342745	0.0400680189841303	-0.03384603837515664	0.028327077199678873	-0.06302515920762783	0.06990951329730087	-0.046893240749588054	0.04281369024119666	-0.05586754750702665	0.1621734216397885	-0.11711021165315602	0.04926248619758565	-0.03773087711706209	0.051028219928235016	-0.12272146656136922	0.1715896286173662	-0.04649071875372073	0.060805969411362355	-0.06926804636759679	0.2071364577175273	-0.4882449235006495	0.9999999999999878	-0.8081173434239264	0.06805307464651159
-0.05193281211085769	0.04176097132477109	-0.07486139016744761	0.06709186792441652	-0.06121291413668785	0.06454366462812969	-0.056036670760427065	0.05416785972877979	-0.051031272926680256	0.042911768491493925	-0.05396490327548298	0.06289798059320004	-0.05670951346233902	0.04790950363716975	-0.04017839962921664	0.08590519794964985	-0.09833638454736117	0.0658647988099433	-0.061025057836151045	0.07838487247142212	-0.24980042298812438	0.15281817293086147	-0.06760141014058063	0.05383327181551439	-0.07417214682737028	0.16751061047817303	-0.23674471082728285	0.061635424345529065	-0.08813816927296925	0.08867181094771438	-0.3035730668201379	0.3014462361763769	-0.8081173434239264	0.9999999999999879	-0.1011941133902004
0.02615236086055773	-0.021337829846102847	0.04540850006995508	-0.048126427316325535	0.04197234543516134	-0.029825570125347877	0.028235733307110353	-0.03297118668566819	0.033548174525954925	-0.0313506699403556	0.023904083814175924	-0.030063772643580886	0.03286634323282213	-0.03444466680849182	0.029108399706201448	-0.03359991652070157	0.03448265622677281	-0.04542645465384107	0.04596058984973819	-0.06764443004355669	0.046101757670709564	-0.03556733623471649	0.03837470827102023	-0.06362918739537571	0.0702810177117109	-0.03087650578423319	0.04445746293867518	-0.04069820268197645	0.10252671015595403	-0.9770059231017023	0.04918137012805534	-0.05230836289405752	0.06805307464651159	-0.1011941133902004	0.9999999999999879
