1.0	-0.4219283602592242	0.13783976102392068	-0.09238576396373845	0.05853317655159666	-0.8361721592214156	0.19415375622831144	-0.12670703779256615	0.10843502971810544	-0.058449457863152504	0.16904469377552184	-0.1764183673078532	0.1371045824325095	-0.08749339628357472	0.09652811774404066	-0.12424726621784783	0.09927904473361518	-0.09413317492279948	0.10339260137770946	-0.08012539414998379	0.10602803806134901	-0.0777709219156239	0.06340966460043006	-0.057542984929029796	0.053599577332365575	-0.09508165207936606	0.06784465042898419	-0.053282856912032606	0.048620144536558885	-0.06207404495954669
-0.4219283602592242	1.0000000000000002	-0.36416059720614746	0.19766774884985105	-0.12292541609586363	0.27242114609918955	-0.5600421556596071	0.27088962428395436	-0.24161582251051628	0.1186842652709749	-0.22392438341915843	0.28708399312566246	-0.27981348061573275	0.17449625161464713	-0.1944865651017717	0.15737661400475073	-0.16848062615486942	0.156529196222475	-0.20137109382333893	0.15152309683051218	-0.1697065797363202	0.12396315574823752	-0.10968643785149383	0.1003173450581421	-0.0969744292962397	0.14222674385676648	-0.11194535481602085	0.0901913016170579	-0.08553236847234444	0.10922319360491049
0.13783976102392068	-0.36416059720614746	1.0000000000000002	-0.5708785542055632	0.1658755522438926	-0.16226346611305656	0.24991315149015442	-0.5718377100990105	0.31833921116276426	-0.179542960238974	0.13270666323826796	-0.23044022681289994	0.22262443795375672	-0.1725403941679233	0.16011478838203658	-0.11001853715333634	0.11604071578165419	-0.12541371204310156	0.15223750467508512	-0.13581962817530208	0.10995120374012625	-0.09427512652583017	0.08296601171081873	-0.0799451336766782	0.07877812264462004	-0.11035866170573037	0.08079221632852035	-0.07083026314090331	0.0651895362530177	-0.09504390277426142
-0.09238576396373845	0.19766774884985105	-0.5708785542055632	1.0000000000000002	-0.28459448588530967	0.10593624304142099	-0.17821795689024442	0.29421409922318387	-0.645800203141684	0.21415273836286702	-0.1020263041045345	0.16467423345940851	-0.20769727714011038	0.18141709638950865	-0.17236431600600433	0.08506827811685617	-0.09601268584577742	0.10435521583510045	-0.14956988972263635	0.12817655806685865	-0.08831265751007264	0.07682964563719542	-0.07091338441426705	0.06934107841583771	-0.07002614055291667	0.08782003409853599	-0.06644209428365405	0.05980448308038228	-0.05651222324493126	0.08229648583889508
0.05853317655159666	-0.12292541609586363	0.1658755522438926	-0.28459448588530967	1.0000000000000004	-0.07191457240560452	0.10037320722061863	-0.14315041583560525	0.19384086625780284	-0.9038496823146391	0.07075250192577567	-0.11422889984347777	0.13170064302242077	-0.12694265840183463	0.15125002984605349	-0.062286612439534	0.06980194909794257	-0.07846269814798547	0.11076249176253797	-0.11745045421808978	0.06468413016077312	-0.05902854301842113	0.05455993878934106	-0.05470670590410508	0.05866875919887127	-0.06819434651112512	0.05049204302321579	-0.046762110581878444	0.0441000298441139	-0.07089771358643573
-0.8361721592214156	0.27242114609918955	-0.16226346611305656	0.10593624304142099	-0.07191457240560452	1.0000000000000002	-0.23002893578530673	0.14306452023660501	-0.1329259999357226	0.07014554670217689	-0.2550247030055339	0.19063726537867098	-0.17570395970101052	0.10936018455934873	-0.1241726437965216	0.1509751179680136	-0.12707301463941564	0.11523288977559369	-0.13359482202799705	0.10000496956527381	-0.13926874598475258	0.09545792373665035	-0.07952087216522655	0.07149153482625992	-0.06708460376350958	0.11433492517568294	-0.08511573026531895	0.06586380938673449	-0.06110887280702883	0.0760470299860671
0.19415375622831144	-0.5600421556596071	0.24991315149015442	-0.17821795689024442	0.10037320722061863	-0.23002893578530673	1.0000000000000002	-0.42058916766184995	0.21028250314604985	-0.10377910999009876	0.19886409634443783	-0.5651398796177821	0.23747493094239105	-0.15321753465838148	0.1543919104756487	-0.1507148692077086	0.1480360548701113	-0.14448607238523303	0.15931660909422213	-0.12952633721551093	0.1408389727085814	-0.11065376111862114	0.09379173304194904	-0.08649364765931417	0.08181433103794107	-0.12953311610566107	0.0958695268542394	-0.07879379317906895	0.07212575435461908	-0.0960302007737003
-0.12670703779256615	0.27088962428395436	-0.5718377100990105	0.29421409922318387	-0.14315041583560525	0.14306452023660501	-0.42058916766184995	1.0000000000000004	-0.49047005628153867	0.14307515412429792	-0.1434891876609949	0.2477037160479028	-0.3402126767502802	0.20491551362195026	-0.18741923624510087	0.11495772083160091	-0.1290310320693171	0.1372095276443563	-0.1752280388715489	0.14702248587874972	-0.1175599931545865	0.09925018698794484	-0.08980088427683744	0.08580021134659703	-0.08419717844809557	0.11346711200442082	-0.08598031846481924	0.07539386409838184	-0.07035152371201539	0.09906072290009221
0.10843502971810544	-0.24161582251051628	0.31833921116276426	-0.645800203141684	0.19384086625780284	-0.1329259999357226	0.21028250314604985	-0.49047005628153867	1.0000000000000007	-0.22668268164639302	0.12274004204754282	-0.2147148593646035	0.243188501752259	-0.2972595977247102	0.20015353693479657	-0.1054916132692533	0.1159087636039256	-0.13086090987839213	0.17641753576293642	-0.16308341806640872	0.10647975079400508	-0.09549684133891319	0.08670022984900268	-0.08596212302584087	0.08618636627661834	-0.11027671983425373	0.08129068054994415	-0.07418963432200237	0.06894375109186208	-0.10407628442157191
-0.058449457863152504	0.1186842652709749	-0.179542960238974	0.21415273836286702	-0.9038496823146391	0.07014554670217689	-0.10377910999009876	0.14307515412429792	-0.22668268164639302	0.9999999999999997	-0.07280393179730889	0.11326614740675398	-0.14823924924828874	0.1370936693803839	-0.1943817073804837	0.06309496167881669	-0.07321281909418087	0.08098586389066127	-0.12364016701780307	0.12216634755846394	-0.06685313034655221	0.06024114309747228	-0.057100475908150164	0.05703251571861798	-0.061526839768180595	0.06846251964045152	-0.05211131546809633	0.048292786583917016	-0.04635432584271139	0.07183419620664935
0.16904469377552184	-0.22392438341915843	0.13270666323826796	-0.1020263041045345	0.07075250192577567	-0.2550247030055339	0.19886409634443783	-0.1434891876609949	0.12274004204754282	-0.07280393179730889	0.9999999999999992	-0.4092614948916491	0.19652199523009586	-0.12514957933187434	0.13597077062992782	-0.6970852383449755	0.23036174210758897	-0.2176804537300248	0.159044181265688	-0.12699642189957708	0.2652666321179701	-0.18704362234621602	0.12847299179077204	-0.11246805376762538	0.0936917193130206	-0.2519911048716825	0.1518533475734579	-0.11123346125465627	0.09354909490103865	-0.1126625310392377
-0.1764183673078532	0.28708399312566246	-0.23044022681289994	0.16467423345940851	-0.11422889984347777	0.19063726537867098	-0.5651398796177821	0.2477037160479028	-0.2147148593646035	0.11326614740675398	-0.4092614948916491	0.9999999999999989	-0.3805375789601394	0.20174338337466552	-0.22128973858402515	0.2334566779911477	-0.25681510274279246	0.21096268958484984	-0.23606968871261097	0.1757755213434385	-0.23017388850449264	0.16277949020981347	-0.13902522089126007	0.12363322718954356	-0.11498698500457724	0.18482662765359165	-0.14529065067135125	0.11346332274166576	-0.10549706419991578	0.12988335717630695
0.1371045824325095	-0.27981348061573275	0.22262443795375672	-0.20769727714011038	0.13170064302242077	-0.17570395970101052	0.23747493094239105	-0.3402126767502802	0.243188501752259	-0.14823924924828874	0.19652199523009586	-0.3805375789601394	1.0000000000000018	-0.5416958819235177	0.2870689491957514	-0.18529426112394057	0.21749931481100865	-0.30802820119776525	0.27720507834827524	-0.2792421266681258	0.17960648524867903	-0.17680995937499458	0.1598165692143898	-0.15673617668166703	0.14848791001663086	-0.20073799354020277	0.1451247794601309	-0.1382269246891082	0.12235456025504883	-0.18680298197466794
-0.08749339628357472	0.17449625161464713	-0.1725403941679233	0.18141709638950865	-0.12694265840183463	0.10936018455934873	-0.15321753465838148	0.20491551362195026	-0.2972595977247102	0.1370936693803839	-0.12514957933187434	0.20174338337466552	-0.5416958819235177	0.9999999999999996	-0.590304010889871	0.11431830019402034	-0.144516029360564	0.17662451463664341	-0.3980993740049667	0.28552143087776477	-0.11858727477512786	0.11576122304395128	-0.11764191257563542	0.12354885711795154	-0.12583597075516403	0.12653342362782422	-0.0982882348173148	0.09829403948108491	-0.09623587123934096	0.1441798347423975
0.09652811774404066	-0.1944865651017717	0.16011478838203658	-0.17236431600600433	0.15125002984605349	-0.1241726437965216	0.1543919104756487	-0.18741923624510087	0.20015353693479657	-0.1943817073804837	0.13597077062992782	-0.22128973858402515	0.2870689491957514	-0.590304010889871	0.9999999999999994	-0.12843684527084856	0.15098346408435906	-0.1866792636138718	0.31043676930650543	-0.5629984970949253	0.13258124125149331	-0.13242313567772693	0.1301002529087531	-0.1406011090050654	0.16669812809631507	-0.14856092805707374	0.11120651245296503	-0.11250153813177344	0.10811772457880178	-0.19898265044260408
-0.12424726621784783	0.15737661400475073	-0.11001853715333634	0.08506827811685617	-0.062286612439534	0.1509751179680136	-0.1507148692077086	0.11495772083160091	-0.1054916132692533	0.06309496167881669	-0.6970852383449755	0.2334566779911477	-0.18529426112394057	0.11431830019402034	-0.12843684527084856	0.9999999999999996	-0.3372892956461572	0.2140715542266419	-0.15575827186245325	0.11667783757558117	-0.4663097688269765	0.18860756262439596	-0.1295386591260512	0.10691070835980256	-0.08790814011255599	0.2384413619397439	-0.16042160640845582	0.10666739689357474	-0.09155830086125719	0.10173520185531112
0.09927904473361518	-0.16848062615486942	0.11604071578165419	-0.09601268584577742	0.06980194909794257	-0.12707301463941564	0.1480360548701113	-0.1290310320693171	0.1159087636039256	-0.07321281909418087	0.23036174210758897	-0.25681510274279246	0.21749931481100865	-0.144516029360564	0.15098346408435906	-0.3372892956461572	1.0000000000000016	-0.7235155128341669	0.20410636024263076	-0.16077655669201807	0.22936973627886698	-0.3288421537208347	0.21562781470029038	-0.16885059698428526	0.12148750395666502	-0.2287579732538722	0.20600175111915087	-0.1720541429961602	0.135604512101458	-0.14488117722510954
-0.09413317492279948	0.156529196222475	-0.12541371204310156	0.10435521583510045	-0.07846269814798547	0.11523288977559369	-0.14448607238523303	0.1372095276443563	-0.13086090987839213	0.08098586389066127	-0.2176804537300248	0.21096268958484984	-0.30802820119776525	0.17662451463664341	-0.1866792636138718	0.2140715542266419	-0.7235155128341669	1.0000000000000016	-0.29406973057344027	0.185564247623914	-0.21618111705413773	0.23274846897807866	-0.31583559663536975	0.18797666838423652	-0.13877698478180298	0.19278475274003964	-0.19823626069437306	0.18360655261274025	-0.1590047478920072	0.15271230597246402
0.10339260137770946	-0.20137109382333893	0.15223750467508512	-0.14956988972263635	0.11076249176253797	-0.13359482202799705	0.15931660909422213	-0.1752280388715489	0.17641753576293642	-0.12364016701780307	0.159044181265688	-0.23606968871261097	0.27720507834827524	-0.3980993740049667	0.31043676930650543	-0.15575827186245325	0.20410636024263076	-0.29406973057344027	0.9999999999999988	-0.6238658433588502	0.16381690654646688	-0.17750385249018094	0.19429394398752056	-0.26092857830723376	0.2139837838573524	-0.18507284196149248	0.14696287119911955	-0.1685727084440386	0.16669812150318483	-0.2553298433996386
-0.08012539414998379	0.15152309683051218	-0.13581962817530208	0.12817655806685865	-0.11745045421808978	0.10000496956527381	-0.12952633721551093	0.14702248587874972	-0.16308341806640872	0.12216634755846394	-0.12699642189957708	0.1757755213434385	-0.2792421266681258	0.28552143087776477	-0.5629984970949253	0.11667783757558117	-0.16077655669201807	0.185564247623914	-0.6238658433588502	1.000000000000002	-0.13080426549092894	0.13152877759167525	-0.15662508069639747	0.17632614450470463	-0.2864003271551395	0.13490144223917136	-0.1161125800938826	0.12629763175808922	-0.1391139053342182	0.22745436114688966
0.10602803806134901	-0.1697065797363202	0.10995120374012625	-0.08831265751007264	0.06468413016077312	-0.13926874598475258	0.1408389727085814	-0.1175599931545865	0.10647975079400508	-0.06685313034655221	0.2652666321179701	-0.23017388850449264	0.17960648524867903	-0.11858727477512786	0.13258124125149331	-0.4663097688269765	0.22936973627886698	-0.21618111705413773	0.16381690654646688	-0.13080426549092894	0.9999999999999992	-0.35737055898690434	0.1692317758504097	-0.14277222717304958	0.1093198255552645	-0.6397189854135522	0.26960480149891225	-0.15228148847043588	0.12140233058408838	-0.1322811524263543
-0.0777709219156239	0.12396315574823752	-0.09427512652583017	0.07682964563719542	-0.05902854301842113	0.09545792373665035	-0.11065376111862114	0.09925018698794484	-0.09549684133891319	0.06024114309747228	-0.18704362234621602	0.16277949020981347	-0.17680995937499458	0.11576122304395128	-0.13242313567772693	0.18860756262439596	-0.3288421537208347	0.23274846897807866	-0.17750385249018094	0.13152877759167525	-0.35737055898690434	1.0000000000000002	-0.3350721857226266	0.1869355158999356	-0.12475322670464302	0.2978678369127122	-0.692738097444436	0.21702637914999792	-0.17607155755084852	0.13685622824113164
0.06340966460043006	-0.10968643785149383	0.08296601171081873	-0.07091338441426705	0.05455993878934106	-0.07952087216522655	0.09379173304194904	-0.08980088427683744	0.08670022984900268	-0.057100475908150164	0.12847299179077204	-0.13902522089126007	0.1598165692143898	-0.11764191257563542	0.1301002529087531	-0.1295386591260512	0.21562781470029038	-0.31583559663536975	0.19429394398752056	-0.15662508069639747	0.1692317758504097	-0.3350721857226266	0.9999999999999994	-0.5248797082465932	0.1843383197974737	-0.1835269004065699	0.22498435866174807	-0.5772284496483965	0.311808238053762	-0.2137060628741995
-0.057542984929029796	0.1003173450581421	-0.0799451336766782	0.06934107841583771	-0.05470670590410508	0.07149153482625992	-0.08649364765931417	0.08580021134659703	-0.08596212302584087	0.05703251571861798	-0.11246805376762538	0.12363322718954356	-0.15673617668166703	0.12354885711795154	-0.1406011090050654	0.10691070835980256	-0.16885059698428526	0.18797666838423652	-0.26092857830723376	0.17632614450470463	-0.14277222717304958	0.1869355158999356	-0.5248797082465932	0.9999999999999998	-0.32331797901377957	0.14400960998695705	-0.17642311236810948	0.31492295353798383	-0.6154603985713349	0.2388421784924626
0.053599577332365575	-0.0969744292962397	0.07877812264462004	-0.07002614055291667	0.05866875919887127	-0.06708460376350958	0.08181433103794107	-0.08419717844809557	0.08618636627661834	-0.061526839768180595	0.0936917193130206	-0.11498698500457724	0.14848791001663086	-0.12583597075516403	0.16669812809631507	-0.08790814011255599	0.12148750395666502	-0.13877698478180298	0.2139837838573524	-0.2864003271551395	0.1093198255552645	-0.12475322670464302	0.1843383197974737	-0.32331797901377957	0.9999999999999997	-0.11454617092170133	0.11078947586788832	-0.15601812166876006	0.18443148753763444	-0.8399221981036307
-0.09508165207936606	0.14222674385676648	-0.11035866170573037	0.08782003409853599	-0.06819434651112512	0.11433492517568294	-0.12953311610566107	0.11346711200442082	-0.11027671983425373	0.06846251964045152	-0.2519911048716825	0.18482662765359165	-0.20073799354020277	0.12653342362782422	-0.14856092805707374	0.2384413619397439	-0.2287579732538722	0.19278475274003964	-0.18507284196149248	0.13490144223917136	-0.6397189854135522	0.2978678369127122	-0.1835269004065699	0.14400960998695705	-0.11454617092170133	1.0000000000000007	-0.5283110267505583	0.16108419280330613	-0.1388074431084875	0.12671527666220656
0.06784465042898419	-0.11194535481602085	0.08079221632852035	-0.06644209428365405	0.05049204302321579	-0.08511573026531895	0.0958695268542394	-0.08598031846481924	0.08129068054994415	-0.05211131546809633	0.1518533475734579	-0.14529065067135125	0.1451247794601309	-0.0982882348173148	0.11120651245296503	-0.16042160640845582	0.20600175111915087	-0.19823626069437306	0.14696287119911955	-0.1161125800938826	0.26960480149891225	-0.692738097444436	0.22498435866174807	-0.17642311236810948	0.11078947586788832	-0.5283110267505583	1.0000000000000009	-0.2575955443314516	0.16287822891890302	-0.1306833245949321
-0.053282856912032606	0.0901913016170579	-0.07083026314090331	0.05980448308038228	-0.046762110581878444	0.06586380938673449	-0.07879379317906895	0.07539386409838184	-0.07418963432200237	0.048292786583917016	-0.11123346125465627	0.11346332274166576	-0.1382269246891082	0.09829403948108491	-0.11250153813177344	0.10666739689357474	-0.1720541429961602	0.18360655261274025	-0.1685727084440386	0.12629763175808922	-0.15228148847043588	0.21702637914999792	-0.5772284496483965	0.31492295353798383	-0.15601812166876006	0.16108419280330613	-0.2575955443314516	1.000000000000001	-0.6510431381787387	0.15970547319203715
0.048620144536558885	-0.08553236847234444	0.0651895362530177	-0.05651222324493126	0.0441000298441139	-0.06110887280702883	0.07212575435461908	-0.07035152371201539	0.06894375109186208	-0.04635432584271139	0.09354909490103865	-0.10549706419991578	0.12235456025504883	-0.09623587123934096	0.10811772457880178	-0.09155830086125719	0.135604512101458	-0.1590047478920072	0.16669812150318483	-0.1391139053342182	0.12140233058408838	-0.17607155755084852	0.311808238053762	-0.6154603985713349	0.18443148753763444	-0.1388074431084875	0.16287822891890302	-0.6510431381787387	1.0000000000000009	-0.2131717611452064
-0.06207404495954669	0.10922319360491049	-0.09504390277426142	0.08229648583889508	-0.07089771358643573	0.0760470299860671	-0.0960302007737003	0.09906072290009221	-0.10407628442157191	0.07183419620664935	-0.1126625310392377	0.12988335717630695	-0.18680298197466794	0.1441798347423975	-0.19898265044260408	0.10173520185531112	-0.14488117722510954	0.15271230597246402	-0.2553298433996386	0.22745436114688966	-0.1322811524263543	0.13685622824113164	-0.2137060628741995	0.2388421784924626	-0.8399221981036307	0.12671527666220656	-0.1306833245949321	0.15970547319203715	-0.2131717611452064	1.0000000000000009
