1.0	-0.18562006926873378	0.05071249285787925	-0.03448383164705808	0.03285806025545508	-0.8891114214607366	0.14225634335199935	-0.044766564541330454	0.03964276565331057	-0.03536010870131114	0.24345307723546222	-0.13667162305027816	0.09545699281595024	-0.047658226770311445	0.047754515187194625	-0.307612891970134	0.10543538142529511	-0.06694822334280577	0.045855823536831805	-0.0483229911130258	0.061609851871000196	-0.051118811251951404	0.07159483691379258	-0.05440003688931889	0.03734070120182877	-0.01823380321511361	0.022092731544776683	-0.038385157946197804	0.04515242469812117	-0.03791486282176178	0.015552640416769497	-0.021029768009524327	0.026611180775894066	-0.042015120460702916	0.057407766808942544
-0.18562006926873378	1.0000000000000002	-0.21880649841205763	0.11841590673076881	-0.11040781464629741	0.14104708821140008	-0.7811096872314669	0.16448221592412907	-0.1356018233413818	0.11403727335737555	-0.14812921874789295	0.2795467179815338	-0.2653125885934079	0.14276893850610453	-0.14824136619926873	0.1610446608423688	-0.2777186745790218	0.1738746792120157	-0.1226907645530162	0.12747461244307062	-0.14978418817816314	0.12095319053516441	-0.19595335870757236	0.14133498683098666	-0.10135448419479302	0.046027624087438525	-0.05636403942399061	0.09867128558909896	-0.12204517229566646	0.10121656795740297	-0.03975917020301326	0.053408666758711185	-0.0691913976968113	0.1079333043945001	-0.1617824777169395
0.05071249285787925	-0.21880649841205763	1.0000000000000004	-0.3777825066496796	0.19660831361051256	-0.04608281349382654	0.15833807364062075	-0.7844206918926026	0.29159740333012735	-0.2267814955796638	0.06119559871418386	-0.14568302623769053	0.17339765870973786	-0.20655759370367	0.17692325505479511	-0.07449616620176938	0.12266792529939095	-0.11120040999023562	0.07808712088468078	-0.0888856399075965	0.0694698900668172	-0.059173319236614244	0.10450110201602517	-0.09032213395946578	0.06404093505590581	-0.0257623934562307	0.0313830152950303	-0.05878857840009443	0.07155449779014941	-0.06315345717034133	0.02210416944394893	-0.030456904149464913	0.04046086800109059	-0.06563394601208099	0.08867931442690344
-0.03448383164705808	0.11841590673076881	-0.3777825066496796	0.9999999999999999	-0.5439785150575509	0.03132930498464864	-0.10367879278246141	0.2636864489695043	-0.6070278760337743	0.2860622939928263	-0.044616281744337356	0.10685876585694348	-0.14491210803717203	0.23187234630225245	-0.24970706199132126	0.05387387293859889	-0.09718815551335798	0.08896616263102573	-0.06717203031341193	0.07847764241772084	-0.055529407970571286	0.04710665535680136	-0.08595030444457985	0.0742739930723877	-0.05605403240785791	0.020557147438478415	-0.025137628552854376	0.047106357788882905	-0.059528094256028875	0.05282612112891905	-0.01768555986736596	0.02433774254701828	-0.03257910310656985	0.05256758621761193	-0.07307090725644036
0.03285806025545508	-0.11040781464629741	0.19660831361051256	-0.5439785150575509	0.9999999999999996	-0.030196571618709797	0.0912460671280929	-0.18418920969929975	0.2666104683579447	-0.7032233885466332	0.04358048786823004	-0.10589321309055398	0.1329121245938487	-0.2477644631316474	0.24541280924672929	-0.05361255664889065	0.09345744733843363	-0.08823380064152109	0.06684814065126636	-0.08094709025833023	0.053880121265932446	-0.04600749651461819	0.08360130698598127	-0.0754054332840067	0.05622959764874366	-0.020621756413166766	0.025159501704236312	-0.04765111876487149	0.059580672462001896	-0.0536758294140466	0.017711311678496204	-0.024478057797679035	0.032831210003907374	-0.05346524570736083	0.0727531780448017
-0.8891114214607366	0.14104708821140008	-0.04608281349382654	0.03132930498464864	-0.030196571618709797	0.9999999999999994	-0.13940920982980395	0.0404395639263368	-0.036411867217583785	0.03222396994031631	-0.34055285197177765	0.12504778118025053	-0.09100729222068427	0.04381912642808472	-0.04429080178777922	0.2381719732983709	-0.09953681519816979	0.06147821520027745	-0.041979927883913394	0.04373815828007445	-0.0564716483597836	0.04636971879048099	-0.06614992897680858	0.04925888522856119	-0.03394677438984713	0.01644390167584536	-0.019973783816942297	0.03455784962220208	-0.040964236600694044	0.03426551420214613	-0.014054016840292822	0.018952938020370954	-0.02401061167016764	0.03770336327594681	-0.05211509816331058
0.14225634335199935	-0.7811096872314669	0.15833807364062075	-0.10367879278246141	0.0912460671280929	-0.13940920982980395	0.9999999999999996	-0.1575634829891886	0.11507647034459008	-0.10160661580950407	0.1522556402470675	-0.43292651751326533	0.22855470900525426	-0.1296545572052335	0.12337203616665164	-0.1817866298588053	0.22660839084921158	-0.15841588166936135	0.1083886004951438	-0.11690927216236341	0.12094774642114078	-0.10275433192762536	0.1616945853272727	-0.1293601190224786	0.08922641967231777	-0.04105219403438763	0.049847392462932225	-0.09015612822606464	0.10691229948729733	-0.09107094032472368	0.035163176555201237	-0.04799542457393039	0.06230401706442244	-0.09999999064163696	0.13771958607589196
-0.044766564541330454	0.16448221592412907	-0.7844206918926026	0.2636864489695043	-0.18418920969929975	0.0404395639263368	-0.1575634829891886	1.0	-0.45174201755829413	0.1810743061982034	-0.05583809291241673	0.13496250877005478	-0.19766563784660002	0.1961711649858352	-0.1822140638558208	0.06650740507832581	-0.11660944573529677	0.1059764637578941	-0.07392074079873719	0.08177916874159862	-0.06523275888732258	0.05545489634255407	-0.09978887775676323	0.08290460168300312	-0.05948834065285253	0.023510439305551366	-0.02872597540531933	0.053367782915012284	-0.06582122485518585	0.057608657170040614	-0.020203087467776534	0.027742836289333463	-0.036844120157368966	0.05919202930818154	-0.08125144329398062
0.03964276565331057	-0.1356018233413818	0.29159740333012735	-0.6070278760337743	0.2666104683579447	-0.036411867217583785	0.11507647034459008	-0.45174201755829413	0.9999999999999981	-0.32156704232542055	0.05246600835570729	-0.1306289136239245	0.17445962003622031	-0.4164170826381213	0.25504711118037177	-0.06399984987578067	0.11092580356491638	-0.10735082001330691	0.0779042167133988	-0.09067746569502473	0.0631403889763427	-0.05414325855927211	0.09829958132183944	-0.08712277848024802	0.06360676475369559	-0.023793346249494318	0.02904043020745091	-0.05477187475762576	0.06805854319719229	-0.06084981757451244	0.020427510952091978	-0.02819961170457375	0.03771023569315159	-0.06116233257205311	0.08288970203707538
-0.03536010870131114	0.11403727335737555	-0.2267814955796638	0.2860622939928263	-0.7032233885466332	0.03222396994031631	-0.10160661580950407	0.1810743061982034	-0.32156704232542055	0.9999999999999971	-0.046956849383804115	0.11247054053385144	-0.15350236108975687	0.2596117161099018	-0.46868300934678336	0.056845703727943245	-0.10588741771996278	0.09746246437228089	-0.07779959831920363	0.0950086196887139	-0.06109034308944352	0.051728526745858275	-0.09559726774249902	0.08403443773244242	-0.06684005883719064	0.022842442090533478	-0.027974063520175875	0.0525961546674702	-0.06805424105829407	0.060902967420460405	-0.019676677200895887	0.027089652704391586	-0.036465109790896955	0.058843665883161755	-0.08314817269859617
0.24345307723546222	-0.14812921874789295	0.06119559871418386	-0.044616281744337356	0.04358048786823004	-0.34055285197177765	0.1522556402470675	-0.05583809291241673	0.05246600835570729	-0.046956849383804115	0.9999999999999969	-0.28575847094426116	0.15000635787772187	-0.06734502439385041	0.06655921806204008	-0.8320926972324285	0.1621146955053754	-0.09990547509717948	0.06569679524913569	-0.06812659264366194	0.09342309586774701	-0.07843002171257848	0.10212848172122858	-0.0772483283616679	0.051966649243950676	-0.02597340249627568	0.031413448645721626	-0.05372854618628449	0.06238410164169061	-0.05248513687224337	0.02204721540694169	-0.029779825172033803	0.037139065152597586	-0.05831523900985988	0.07722975157214464
-0.13667162305027816	0.2795467179815338	-0.14568302623769053	0.10685876585694348	-0.10589321309055398	0.12504778118025053	-0.43292651751326533	0.13496250877005478	-0.1306289136239245	0.11247054053385144	-0.28575847094426116	1.0000000000000004	-0.5397430883973673	0.17294899516822143	-0.1703818580351809	0.228705138639678	-0.45567727688054094	0.24767841212697264	-0.15493951349106022	0.15268375824028185	-0.1814489882425418	0.15655924846788682	-0.23591491691361238	0.17213876270149878	-0.11538624423483995	0.05348476857162999	-0.0654005494801085	0.11402770742469202	-0.13482202679786737	0.11374126417861025	-0.04571128569079729	0.06186907051562765	-0.07878823294388776	0.12300816613025597	-0.1634226930016081
0.09545699281595024	-0.2653125885934079	0.17339765870973786	-0.14491210803717203	0.1329121245938487	-0.09100729222068427	0.22855470900525426	-0.19766563784660002	0.17445962003622031	-0.15350236108975687	0.15000635787772187	-0.5397430883973673	0.9999999999999986	-0.3375887870696024	0.2196282705397487	-0.1818870243414665	0.2926213155321392	-0.459905880621527	0.20175931369386355	-0.20658349905930354	0.15538273210124282	-0.14212481282946993	0.2567466138890879	-0.2278845801174339	0.14138377191026666	-0.058703930110359105	0.07144877730957767	-0.13583767507936906	0.15776955496842948	-0.14070526778425882	0.05000903654239047	-0.06947140817143299	0.0918280132777347	-0.14858114002526837	0.18404658742677443
-0.047658226770311445	0.14276893850610453	-0.20655759370367	0.23187234630225245	-0.2477644631316474	0.04381912642808472	-0.1296545572052335	0.1961711649858352	-0.4164170826381213	0.2596117161099018	-0.06734502439385041	0.17294899516822143	-0.3375887870696024	0.9999999999999968	-0.702508885344838	0.08050210818897391	-0.15091387254912847	0.15437761466908634	-0.11797132730064167	0.1342717552485809	-0.08483557968948899	0.07311451992930813	-0.13834382273305587	0.12071960382561234	-0.09287345347478637	0.03152175017423464	-0.03864262452763284	0.07276317584283191	-0.09338574876620663	0.08374695604601666	-0.02710645641358199	0.03737411268148205	-0.05024838431289455	0.08077512540619686	-0.1112265317917783
0.047754515187194625	-0.14824136619926873	0.17692325505479511	-0.24970706199132126	0.24541280924672929	-0.04429080178777922	0.12337203616665164	-0.1822140638558208	0.25504711118037177	-0.46868300934678336	0.06655921806204008	-0.1703818580351809	0.2196282705397487	-0.702508885344838	0.9999999999999967	-0.08234098649614227	0.14486760595759426	-0.15001072130103585	0.1204376301198224	-0.17128917043952935	0.08363513072741517	-0.07234061594405397	0.13382828643058578	-0.12926769216866654	0.10279941003720865	-0.03290639840472904	0.040205043595811514	-0.07701819002191249	0.09904181052156825	-0.09307404642615565	0.02825320917035935	-0.03919434877356774	0.052993619532636926	-0.08663849798002143	0.11743002981380925
-0.307612891970134	0.1610446608423688	-0.07449616620176938	0.05387387293859889	-0.05361255664889065	0.2381719732983709	-0.1817866298588053	0.06650740507832581	-0.06399984987578067	0.056845703727943245	-0.8320926972324285	0.228705138639678	-0.1818870243414665	0.08050210818897391	-0.08234098649614227	0.9999999999999966	-0.21417384644494059	0.12025651650154057	-0.08059989902768858	0.0821877068481254	-0.1278030851590145	0.09978666159083797	-0.1300007030698282	0.09354087042272843	-0.06373822545985812	0.0321912519502791	-0.03904983670675128	0.0654039652987259	-0.07683465234232786	0.06386068475401055	-0.027418819923770252	0.036675154490564646	-0.04549353393247303	0.07048449786549836	-0.09562334676852796
0.10543538142529511	-0.2777186745790218	0.12266792529939095	-0.09718815551335798	0.09345744733843363	-0.09953681519816979	0.22660839084921158	-0.11660944573529677	0.11092580356491638	-0.10588741771996278	0.1621146955053754	-0.45567727688054094	0.2926213155321392	-0.15091387254912847	0.14486760595759426	-0.21417384644494059	0.9999999999999967	-0.423820167446575	0.21476982042879061	-0.22912541339371012	0.25709763985926065	-0.34458008198364737	0.29943133825904644	-0.2666798723507561	0.16300306025986153	-0.08705290158007839	0.10466241106074313	-0.18235543181776193	0.1951394491666616	-0.17027719154373414	0.07223299460980706	-0.10085233383588618	0.12252874850226593	-0.19844298430775906	0.22912422706519486
-0.06694822334280577	0.1738746792120157	-0.11120040999023562	0.08896616263102573	-0.08823380064152109	0.06147821520027745	-0.15841588166936135	0.1059764637578941	-0.10735082001330691	0.09746246437228089	-0.09990547509717948	0.24767841212697264	-0.459905880621527	0.15437761466908634	-0.15001072130103585	0.12025651650154057	-0.423820167446575	0.9999999999999959	-0.42108574206429417	0.23514305433684915	-0.19420346769081331	0.18325616412468504	-0.5314895443688485	0.28601435641131273	-0.17140011334185437	0.06523538869052382	-0.08159712261261574	0.1521369723526574	-0.18276404529931453	0.15341458386778434	-0.05599917497332752	0.07705095810245746	-0.10374399715156081	0.15623104179920436	-0.19817772616328067
0.045855823536831805	-0.1226907645530162	0.07808712088468078	-0.06717203031341193	0.06684814065126636	-0.041979927883913394	0.1083886004951438	-0.07392074079873719	0.0779042167133988	-0.07779959831920363	0.06569679524913569	-0.15493951349106022	0.20175931369386355	-0.11797132730064167	0.1204376301198224	-0.08059989902768858	0.21476982042879061	-0.42108574206429417	0.999999999999996	-0.5338026136734773	0.13035264862835758	-0.11774588832599187	0.27082610698109894	-0.6137255696551167	0.24027375451928762	-0.05420376337956703	0.06745300494151305	-0.13372188983130512	0.20278915211291393	-0.19641259504663205	0.04686166834662717	-0.06545390654424915	0.09227784737010905	-0.14920486504950375	0.20102876111459114
-0.0483229911130258	0.12747461244307062	-0.0888856399075965	0.07847764241772084	-0.08094709025833023	0.04373815828007445	-0.11690927216236341	0.08177916874159862	-0.09067746569502473	0.0950086196887139	-0.06812659264366194	0.15268375824028185	-0.20658349905930354	0.1342717552485809	-0.17128917043952935	0.0821877068481254	-0.22912541339371012	0.23514305433684915	-0.5338026136734773	0.9999999999999962	-0.1431279880840569	0.11999784912965139	-0.2623291661219068	0.30386544713156255	-0.5632183605678504	0.06018289597866547	-0.07553066156580224	0.14771856286792545	-0.2705006520399843	0.2727758950740588	-0.052731897628742155	0.07298894412857859	-0.10582348951528935	0.1702470123722931	-0.29759696906695493
0.061609851871000196	-0.14978418817816314	0.0694698900668172	-0.055529407970571286	0.053880121265932446	-0.0564716483597836	0.12094774642114078	-0.06523275888732258	0.0631403889763427	-0.06109034308944352	0.09342309586774701	-0.1814489882425418	0.15538273210124282	-0.08483557968948899	0.08363513072741517	-0.1278030851590145	0.25709763985926065	-0.19420346769081331	0.13035264862835758	-0.1431279880840569	0.9999999999999954	-0.8381881889582	0.23936692953918612	-0.18039492483701783	0.10720965132459437	-0.11092896607299679	0.12247127796195348	-0.152028031116461	0.14055015390839204	-0.11476224307807417	0.08378978695273742	-0.11087556933363864	0.10278214745617575	-0.15210931068010003	0.15556469310428395
-0.051118811251951404	0.12095319053516441	-0.059173319236614244	0.04710665535680136	-0.04600749651461819	0.04636971879048099	-0.10275433192762536	0.05545489634255407	-0.05414325855927211	0.051728526745858275	-0.07843002171257848	0.15655924846788682	-0.14212481282946993	0.07311451992930813	-0.07234061594405397	0.09978666159083797	-0.34458008198364737	0.18325616412468504	-0.11774588832599187	0.11999784912965139	-0.8381881889582	0.9999999999999963	-0.30612979716275757	0.15487632145456592	-0.09129047672535526	0.09294965725114526	-0.12645664753620386	0.1286190530470518	-0.11985809941111188	0.0948916865842433	-0.07485646368680374	0.09834222015135803	-0.08893118682944742	0.12261246480694904	-0.12897349835067312
0.07159483691379258	-0.19595335870757236	0.10450110201602517	-0.08595030444457985	0.08360130698598127	-0.06614992897680858	0.1616945853272727	-0.09978887775676323	0.09829958132183944	-0.09559726774249902	0.10212848172122858	-0.23591491691361238	0.2567466138890879	-0.13834382273305587	0.13382828643058578	-0.1300007030698282	0.29943133825904644	-0.5314895443688485	0.27082610698109894	-0.2623291661219068	0.23936692953918612	-0.30612979716275757	0.9999999999999979	-0.4310015349562468	0.19146348666931942	-0.09903449789568528	0.12343148490623895	-0.2694200765550625	0.23603104755169718	-0.19454497664341097	0.08334514377997096	-0.11883446318245539	0.16011793444044609	-0.2403164502485764	0.24279196134302966
-0.05440003688931889	0.14133498683098666	-0.09032213395946578	0.0742739930723877	-0.0754054332840067	0.04925888522856119	-0.1293601190224786	0.08290460168300312	-0.08712277848024802	0.08403443773244242	-0.0772483283616679	0.17213876270149878	-0.2278845801174339	0.12071960382561234	-0.12926769216866654	0.09354087042272843	-0.2666798723507561	0.28601435641131273	-0.6137255696551167	0.30386544713156255	-0.18039492483701783	0.15487632145456592	-0.4310015349562468	0.999999999999996	-0.3138760629098681	0.07113379557189267	-0.09008628692958595	0.17523743414396442	-0.3331577481053274	0.22902271697483167	-0.06234709972823022	0.08598531886903771	-0.12479178667759472	0.19389225345313155	-0.27698405549293703
0.03734070120182877	-0.10135448419479302	0.06404093505590581	-0.05605403240785791	0.05622959764874366	-0.03394677438984713	0.08922641967231777	-0.05948834065285253	0.06360676475369559	-0.06684005883719064	0.051966649243950676	-0.11538624423483995	0.14138377191026666	-0.09287345347478637	0.10279941003720865	-0.06373822545985812	0.16300306025986153	-0.17140011334185437	0.24027375451928762	-0.5632183605678504	0.10720965132459437	-0.09129047672535526	0.19146348666931942	-0.3138760629098681	0.9999999999999943	-0.05554607030501436	0.06906220490240038	-0.1459628629293031	0.2524278373751913	-0.6372688806873011	0.048216380057112804	-0.06871287232979517	0.10134197811474045	-0.17650119189896418	0.25556056030657437
-0.01823380321511361	0.046027624087438525	-0.0257623934562307	0.020557147438478415	-0.020621756413166766	0.01644390167584536	-0.04105219403438763	0.023510439305551366	-0.023793346249494318	0.022842442090533478	-0.02597340249627568	0.05348476857162999	-0.058703930110359105	0.03152175017423464	-0.03290639840472904	0.0321912519502791	-0.08705290158007839	0.06523538869052382	-0.05420376337956703	0.06018289597866547	-0.11092896607299679	0.09294965725114526	-0.09903449789568528	0.07113379557189267	-0.05554607030501436	0.9999999999999937	-0.519026594806395	0.17272106032269133	-0.11716857851035326	0.06313964589181971	-0.7623804634999249	0.3159716429269317	-0.15405434605230645	0.12583628631314636	-0.09410581556875244
0.022092731544776683	-0.05636403942399061	0.0313830152950303	-0.025137628552854376	0.025159501704236312	-0.019973783816942297	0.049847392462932225	-0.02872597540531933	0.02904043020745091	-0.027974063520175875	0.031413448645721626	-0.0654005494801085	0.07144877730957767	-0.03864262452763284	0.040205043595811514	-0.03904983670675128	0.10466241106074313	-0.08159712261261574	0.06745300494151305	-0.07553066156580224	0.12247127796195348	-0.12645664753620386	0.12343148490623895	-0.09008628692958595	0.06906220490240038	-0.519026594806395	0.9999999999999941	-0.34041354934027357	0.14843805002841579	-0.0799014151052188	0.31129988867349184	-0.6784042717871477	0.22205851333508903	-0.18284460527348034	0.11408651916046016
-0.038385157946197804	0.09867128558909896	-0.05878857840009443	0.047106357788882905	-0.04765111876487149	0.03455784962220208	-0.09015612822606464	0.053367782915012284	-0.05477187475762576	0.0525961546674702	-0.05372854618628449	0.11402770742469202	-0.13583767507936906	0.07276317584283191	-0.07701819002191249	0.0654039652987259	-0.18235543181776193	0.1521369723526574	-0.13372188983130512	0.14771856286792545	-0.152028031116461	0.1286190530470518	-0.2694200765550625	0.17523743414396442	-0.1459628629293031	0.17272106032269133	-0.34041354934027357	0.9999999999999936	-0.3885847325374514	0.1692752180907333	-0.1704565003311965	0.2389798164553831	-0.6472650325468933	0.31725664087169125	-0.24534588992775605
0.04515242469812117	-0.12204517229566646	0.07155449779014941	-0.059528094256028875	0.059580672462001896	-0.040964236600694044	0.10691229948729733	-0.06582122485518585	0.06805854319719229	-0.06805424105829407	0.06238410164169061	-0.13482202679786737	0.15776955496842948	-0.09338574876620663	0.09904181052156825	-0.07683465234232786	0.1951394491666616	-0.18276404529931453	0.20278915211291393	-0.2705006520399843	0.14055015390839204	-0.11985809941111188	0.23603104755169718	-0.3331577481053274	0.2524278373751913	-0.11716857851035326	0.14843805002841579	-0.3885847325374514	0.999999999999993	-0.4607921447426422	0.10156409283518678	-0.15304117890984523	0.24895821715676683	-0.5181196759448912	0.28981317179639365
-0.03791486282176178	0.10121656795740297	-0.06315345717034133	0.05282612112891905	-0.0536758294140466	0.03426551420214613	-0.09107094032472368	0.057608657170040614	-0.06084981757451244	0.060902967420460405	-0.05248513687224337	0.11374126417861025	-0.14070526778425882	0.08374695604601666	-0.09307404642615565	0.06386068475401055	-0.17027719154373414	0.15341458386778434	-0.19641259504663205	0.2727758950740588	-0.11476224307807417	0.0948916865842433	-0.19454497664341097	0.22902271697483167	-0.6372688806873011	0.06313964589181971	-0.0799014151052188	0.1692752180907333	-0.4607921447426422	0.9999999999999931	-0.05559215150124559	0.0789075286782087	-0.12235796463858804	0.20885993695674424	-0.4486364028808381
0.015552640416769497	-0.03975917020301326	0.02210416944394893	-0.01768555986736596	0.017711311678496204	-0.014054016840292822	0.035163176555201237	-0.020203087467776534	0.020427510952091978	-0.019676677200895887	0.02204721540694169	-0.04571128569079729	0.05000903654239047	-0.02710645641358199	0.02825320917035935	-0.027418819923770252	0.07223299460980706	-0.05599917497332752	0.04686166834662717	-0.052731897628742155	0.08378978695273742	-0.07485646368680374	0.08334514377997096	-0.06234709972823022	0.048216380057112804	-0.7623804634999249	0.31129988867349184	-0.1704565003311965	0.10156409283518678	-0.05559215150124559	0.9999999999999938	-0.5366197945053406	0.15032424083119542	-0.13026428739034102	0.08073467704776563
-0.021029768009524327	0.053408666758711185	-0.030456904149464913	0.02433774254701828	-0.024478057797679035	0.018952938020370954	-0.04799542457393039	0.027742836289333463	-0.02819961170457375	0.027089652704391586	-0.029779825172033803	0.06186907051562765	-0.06947140817143299	0.03737411268148205	-0.03919434877356774	0.036675154490564646	-0.10085233383588618	0.07705095810245746	-0.06545390654424915	0.07298894412857859	-0.11087556933363864	0.09834222015135803	-0.11883446318245539	0.08598531886903771	-0.06871287232979517	0.3159716429269317	-0.6784042717871477	0.2389798164553831	-0.15304117890984523	0.0789075286782087	-0.5366197945053406	0.9999999999999936	-0.2958212512354802	0.17854132872143544	-0.11713141831834081
0.026611180775894066	-0.0691913976968113	0.04046086800109059	-0.03257910310656985	0.032831210003907374	-0.02401061167016764	0.06230401706442244	-0.036844120157368966	0.03771023569315159	-0.036465109790896955	0.037139065152597586	-0.07878823294388776	0.0918280132777347	-0.05024838431289455	0.052993619532636926	-0.04549353393247303	0.12252874850226593	-0.10374399715156081	0.09227784737010905	-0.10582348951528935	0.10278214745617575	-0.08893118682944742	0.16011793444044609	-0.12479178667759472	0.10134197811474045	-0.15405434605230645	0.22205851333508903	-0.6472650325468933	0.24895821715676683	-0.12235796463858804	0.15032424083119542	-0.2958212512354802	0.9999999999999931	-0.5951712795486332	0.1697014847022515
-0.042015120460702916	0.1079333043945001	-0.06563394601208099	0.05256758621761193	-0.05346524570736083	0.03770336327594681	-0.09999999064163696	0.05919202930818154	-0.06116233257205311	0.058843665883161755	-0.05831523900985988	0.12300816613025597	-0.14858114002526837	0.08077512540619686	-0.08663849798002143	0.07048449786549836	-0.19844298430775906	0.15623104179920436	-0.14920486504950375	0.1702470123722931	-0.15210931068010003	0.12261246480694904	-0.2403164502485764	0.19389225345313155	-0.17650119189896418	0.12583628631314636	-0.18284460527348034	0.31725664087169125	-0.5181196759448912	0.20885993695674424	-0.13026428739034102	0.17854132872143544	-0.5951712795486332	0.9999999999999931	-0.3227285411786366
0.057407766808942544	-0.1617824777169395	0.08867931442690344	-0.07307090725644036	0.0727531780448017	-0.05211509816331058	0.13771958607589196	-0.08125144329398062	0.08288970203707538	-0.08314817269859617	0.07722975157214464	-0.1634226930016081	0.18404658742677443	-0.1112265317917783	0.11743002981380925	-0.09562334676852796	0.22912422706519486	-0.19817772616328067	0.20102876111459114	-0.29759696906695493	0.15556469310428395	-0.12897349835067312	0.24279196134302966	-0.27698405549293703	0.25556056030657437	-0.09410581556875244	0.11408651916046016	-0.24534588992775605	0.28981317179639365	-0.4486364028808381	0.08073467704776563	-0.11713141831834081	0.1697014847022515	-0.3227285411786366	0.9999999999999931
