1.0	-0.3300147297903334	0.2300712136853728	-0.0794987588310833	0.07308120977326565	-0.8120549123532882	0.28468921457994906	-0.2834146403599426	0.09069899066457929	-0.0813273827613384	0.10465389559270578	-0.24004806970225376	0.17710641557627055	-0.13684143726781056	0.057403654721002936	-0.07284801966933964	0.10277567111918283	-0.1063952909724643	0.08049249335416338	-0.06764235476696367	0.059178563887391906	-0.06335412367320593	0.08485876393681413	-0.0717513456334664	0.08728627727368744	-0.04859682544945169	0.04583463843586181	-0.04967615614598483	0.04581374939119332	-0.04004216124478544	0.05325145513331502	-0.04240097035284302	0.04477308565815619	-0.03276377136312627	0.037459441050083905	-0.021099342398957385	0.022731871729435724	-0.03087163085545987	0.013013059255954198	-0.013372467231562789	0.017134529542264423	-0.015052218424565418	0.038927292043301136	-0.013812889337503092	0.01530951582677593
-0.3300147297903334	1.0	-0.7927350853617718	0.1094264470147642	-0.09667810203984802	0.23549883848113473	-0.38792794261658875	0.26521726689624797	-0.1130706542406766	0.08771759396453141	-0.0781557476120729	0.1950863044275141	-0.17506010180325493	0.10829842396447788	-0.05384335760544297	0.05323355994836359	-0.08514974560290496	0.08657092763445842	-0.06751294231687162	0.061533501111989145	-0.04688854637576483	0.04989740969767954	-0.070657962527623	0.0587633679808774	-0.07321098916553521	0.03828176493127984	-0.036980500437284104	0.04010747809318925	-0.03798042961160221	0.033138080068918885	-0.04290058762615374	0.03400400943032275	-0.03643243022108299	0.026968879183851397	-0.03102533445371152	0.016990137693327283	-0.018369656831831782	0.025015190332758504	-0.010652944189842896	0.010985347257045731	-0.013911758297822978	0.012197837463244838	-0.03170939043203	0.011288962607706586	-0.012589184324130882
0.2300712136853728	-0.7927350853617718	1.0	-0.15486399539333767	0.11385537023238959	-0.24015994045221786	0.2781870985241276	-0.38515029278932295	0.13508992043600837	-0.11138758810833661	0.08451971012857291	-0.2380360456870238	0.19101320569937527	-0.12983029234241408	0.06481838475598253	-0.058947339739320495	0.09384845925098262	-0.10160047813015946	0.07779059839374292	-0.07557544127042012	0.05177610850960548	-0.05581359028554553	0.07905816573961745	-0.06712347131881954	0.08189191492143709	-0.04262773764083567	0.04117572329095196	-0.04492970051806403	0.04256893316537819	-0.037247061381355265	0.0474851733742582	-0.037959847333659175	0.04062635325228045	-0.030264737716739768	0.034717907707899114	-0.018918723167702406	0.020428491949003973	-0.027922964300253227	0.011923270168757338	-0.012299817526571052	0.015491349382448158	-0.01359388920768965	0.035306228064155495	-0.01264431491949157	0.014082043686709133
-0.0794987588310833	0.1094264470147642	-0.15486399539333767	0.9999999999999999	-0.6454096987666966	0.07133450904583816	-0.09427477410532817	0.1250026418549784	-0.6584222789487933	0.31410386653390454	-0.051048206202137486	0.08412010830323427	-0.08489426350493966	0.09808043203771884	-0.11644816339082835	0.034401361957979465	-0.05727197525460108	0.06349472887121109	-0.056493685729499074	0.1258303172024586	-0.03226544594623186	0.033854647063530544	-0.05604915594528561	0.048050876812455255	-0.06209707026604735	0.027002780996382928	-0.027176141281415503	0.030293132070089303	-0.030892965130527462	0.027437228219291225	-0.03094045310200164	0.02501376445992901	-0.027657545069144557	0.02172619368170283	-0.025189893850090884	0.012566732578176101	-0.013626039573282999	0.01893817201565931	-0.008405695584481976	0.008769376295489836	-0.010501445470609664	0.009195224327719654	-0.024085743776375557	0.008899742887530917	-0.01003881448627593
0.07308120977326565	-0.09667810203984802	0.11385537023238959	-0.6454096987666966	0.9999999999999999	-0.06788119502130062	0.08209536962211197	-0.10991028778604472	0.3305034163236684	-0.6247007641309675	0.057840387366726725	-0.08392434283442173	0.08024427143853329	-0.12369269549964199	0.1762735639120118	-0.03915757491400717	0.06518852783579092	-0.07680340419937717	0.06959613558823632	-0.2108740693753888	0.03708274549036504	-0.03896272722098701	0.06671497948567967	-0.05905275630138869	0.07554823820073112	-0.031340769233248744	0.03180447540125135	-0.03584218259274822	0.03717743999200921	-0.03339808601025612	0.03592833915985926	-0.029345642058924575	0.03262191697926143	-0.026167322149697435	0.030278965213819526	-0.014728933162852138	0.01596284732597467	-0.022347113192928963	0.01004317206123211	-0.010508915410685217	0.012353239249011591	-0.01082235727609171	0.028364354375805846	-0.01064110274492171	0.012010469470256755
-0.8120549123532882	0.23549883848113473	-0.24015994045221786	0.07133450904583816	-0.06788119502130062	1.0000000000000007	-0.427019589443798	0.23644401344747937	-0.0837703082960871	0.07069687280226662	-0.10871074660693192	0.19933697639564793	-0.17223723550703876	0.11640207874901208	-0.0505260201227407	0.06993468596130457	-0.09793402435135955	0.09319218729343631	-0.07205749210395704	0.05832075519630943	-0.05643683027121329	0.05915167836416642	-0.07841516233865026	0.06465155092918147	-0.08063894629237593	0.04549094461505322	-0.042794318239049056	0.04589153703014855	-0.04220710830441515	0.036770566160387035	-0.05021778075319514	0.039418362546940484	-0.041609178430492604	0.030144732071384177	-0.03457599683271976	0.019665003689337695	-0.02122411634852606	0.028635064129853997	-0.012009661244959283	0.012330628623989518	-0.015942662611893015	0.013990101788659419	-0.0362197114061529	0.012734977051726055	-0.014132267706595834
0.28468921457994906	-0.38792794261658875	0.2781870985241276	-0.09427477410532817	0.08209536962211197	-0.427019589443798	1.0000000000000004	-0.5975477221120524	0.1118006223327408	-0.09236232276487295	0.09696731853835482	-0.4211210528498553	0.27341421590492365	-0.13618663569315348	0.06031325316936927	-0.06775423420650516	0.10964312566027568	-0.11420290291569188	0.08660819306617078	-0.06950264433067274	0.05855330908357887	-0.06380362129579524	0.0866371533125362	-0.0726919643486201	0.08862306787153788	-0.047551358777419124	0.045584373552141844	-0.04929793096917775	0.046209907207267656	-0.0402558997391053	0.052713670026520054	-0.04189816547290114	0.04455488097559509	-0.032834028312059005	0.03765965044628574	-0.020805719444335694	0.022463521929616852	-0.030564553566050406	0.012953650334953765	-0.01333821770158221	0.016957339575245166	-0.014880107523555883	0.038633216311112	-0.013731011834328321	0.015274091558664472
-0.2834146403599426	0.26521726689624797	-0.38515029278932295	0.1250026418549784	-0.10991028778604472	0.23644401344747937	-0.5975477221120524	1.0000000000000007	-0.17790235748606445	0.12014260805831145	-0.11060371520613127	0.30877340940815956	-0.4933113889413714	0.15888949494887372	-0.07589996383570312	0.07538571213035487	-0.12731998930263005	0.13762158472045752	-0.10815903253687018	0.08509739231855386	-0.06798708694284306	0.07260486025625743	-0.1057652387572824	0.08745334794785724	-0.10860910643168964	0.05525799869292093	-0.05392886920556541	0.0585451169447577	-0.05616668890566924	0.04881460133737636	-0.06228846244190381	0.04940425052990068	-0.05325849155128536	0.03966347788167152	-0.045723516733095375	0.02465407706534912	-0.02668830445212857	0.0364360806283303	-0.015584812189554141	0.01609466964563134	-0.020249353881825402	0.017742837874954315	-0.04625352207088402	0.01649953227112623	-0.0184468278593848
0.09069899066457929	-0.1130706542406766	0.13508992043600837	-0.6584222789487933	0.3305034163236684	-0.0837703082960871	0.1118006223327408	-0.17790235748606445	0.9999999999999999	-0.5895509995019742	0.06419342817818273	-0.10453132089858144	0.1059200774196789	-0.13797884168612723	0.1672297552754564	-0.04345271647061718	0.07259438904978507	-0.08415953028460085	0.07579898473367135	-0.19503352156825227	0.04091550035197544	-0.04304576576974579	0.07239097619072633	-0.06323305628658962	0.08069741726062209	-0.03435847535336936	0.034720354005454764	-0.03891067487488987	0.03999855982974821	-0.03570574737578816	0.03935042169722281	-0.031983652197675246	0.035445244747307064	-0.028132740322219303	0.03256442537462015	-0.016046340560342726	0.01739369596622189	-0.024264378400627538	0.010832182179139924	-0.011315885435466152	0.01342818617368706	-0.011761694804656941	0.030819488093405917	-0.01147290476310052	0.012941344213309988
-0.0813273827613384	0.08771759396453141	-0.11138758810833661	0.31410386653390454	-0.6247007641309675	0.07069687280226662	-0.09236232276487295	0.12014260805831145	-0.5895509995019742	1.0000000000000027	-0.06745598554946693	0.08898518403826794	-0.09202976290197855	0.13494789672586585	-0.3122371148097484	0.045042944831830696	-0.07577639621451138	0.08417393744057435	-0.07936130084740918	0.22484228803272815	-0.043062741531627716	0.0448310244512687	-0.07798782104994109	0.06707219640797485	-0.08921723276451443	0.036250407164653206	-0.03695201924232279	0.04149376415542638	-0.04346904597910927	0.03883021767079859	-0.041855199073161015	0.03400659998476864	-0.03799936721572899	0.0304447704226618	-0.035457722500816614	0.01711849646914042	-0.018582974463340018	0.025984560708552207	-0.011700355008695136	0.012257696980338304	-0.01440016185839194	0.012601015753826007	-0.03309981086435601	0.012380329768470614	-0.014030891791669027
0.10465389559270578	-0.0781557476120729	0.08451971012857291	-0.051048206202137486	0.057840387366726725	-0.10871074660693192	0.09696731853835482	-0.11060371520613127	0.06419342817818273	-0.06745598554946693	1.000000000000001	-0.15950872675785163	0.12773645568844752	-0.28047540235825313	0.08025447895236307	-0.7129779219204618	0.2820970190290342	-0.21307895996829174	0.15141150831991454	-0.09798639961762963	0.2557283098558629	-0.2607592735777483	0.1851045763501391	-0.1552685426995398	0.1780793073678452	-0.19622265363480085	0.14261423714824426	-0.1431929603990374	0.10078864445900554	-0.08811896133776657	0.17417393193914588	-0.13534453925349663	0.12257068436932955	-0.07613875309576541	0.08351706030353653	-0.0640321337346994	0.06709210350769318	-0.08586045111784411	0.031897156688538784	-0.03152194938969724	0.04698219210371367	-0.041860460930258074	0.1037037813252984	-0.034147598702065025	0.03585349633365091
-0.24004806970225376	0.1950863044275141	-0.2380360456870238	0.08412010830323427	-0.08392434283442173	0.19933697639564793	-0.4211210528498553	0.30877340940815956	-0.10453132089858144	0.08898518403826794	-0.15950872675785163	1.0000000000000036	-0.7175313894954393	0.19849910785931238	-0.07634029780260375	0.1099900319810688	-0.21080834157118883	0.18316050289399052	-0.14379981390442667	0.08543758954938058	-0.09906407836697362	0.10847718752164416	-0.14208912715179087	0.11530294506985628	-0.14309236505826578	0.07816738704095057	-0.07518992458859163	0.08005489349370265	-0.07460402367999021	0.06453198426802903	-0.08735341604041155	0.06849271567009542	-0.07265476087828807	0.05283185742780518	-0.060770564190027986	0.03393533327207159	-0.036708050710890505	0.04961035622494896	-0.020867207439487508	0.02145554691349712	-0.02757228159361911	0.024169190291972384	-0.06286412710621551	0.02208851162661539	-0.02459254597906186
0.17710641557627055	-0.17506010180325493	0.19101320569937527	-0.08489426350493966	0.08024427143853329	-0.17223723550703876	0.27341421590492365	-0.4933113889413714	0.1059200774196789	-0.09202976290197855	0.12773645568844752	-0.7175313894954393	1.000000000000004	-0.23968735795825688	0.07777359321527255	-0.09194686874316545	0.16149389208857595	-0.237747591892785	0.15438102129577377	-0.08763806297377015	0.08265521940189063	-0.09199179809699148	0.13110413929616144	-0.11357881472144274	0.1312313691036368	-0.06725123464192334	0.06557670266496493	-0.07159616417425013	0.06853670491272854	-0.05944457416417734	0.07477283124987637	-0.06008747083591726	0.06445174584560769	-0.048330986971147134	0.055344619075732036	-0.029671152906847333	0.03205222838384891	-0.0439889119632031	0.018822278542690224	-0.01942908863767524	0.024298854930716034	-0.02132015440093377	0.05555378385503566	-0.01993855164801596	0.022223936601864416
-0.13684143726781056	0.10829842396447788	-0.12983029234241408	0.09808043203771884	-0.12369269549964199	0.11640207874901208	-0.13618663569315348	0.15888949494887372	-0.13797884168612723	0.13494789672586585	-0.28047540235825313	0.19849910785931238	-0.23968735795825688	1.000000000000002	-0.23127620167785445	0.18059934268319144	-0.32310499936809584	0.3115947816932567	-0.4751162199914683	0.2023689635026015	-0.18080014279239326	0.1829380114218953	-0.3529919528201991	0.27816322105966756	-0.3740618094213263	0.15039850592635298	-0.15688484738961372	0.1747918620239316	-0.1867138560863482	0.1599099726511496	-0.1780281512207311	0.14264937535327238	-0.16267442657604542	0.1279300998099234	-0.1509840285035931	0.07230545601179386	-0.0789421147951467	0.11014338452982349	-0.04931947156600637	0.051660609641793205	-0.06146310237612286	0.05357498318922777	-0.14197828589366498	0.051939837678971465	-0.05943887702607836
0.057403654721002936	-0.05384335760544297	0.06481838475598253	-0.11644816339082835	0.1762735639120118	-0.0505260201227407	0.06031325316936927	-0.07589996383570312	0.1672297552754564	-0.3122371148097484	0.08025447895236307	-0.07634029780260375	0.07777359321527255	-0.23127620167785445	1.0000000000000029	-0.05383917995532411	0.09251503460474914	-0.11888044765288028	0.12642026225003297	-0.8734716654737061	0.052702745032829276	-0.054985844258368555	0.103643616779089	-0.09663491042291086	0.12449685414421681	-0.04489625599607685	0.046681756569212585	-0.0534900368925407	0.05852632066073784	-0.05397710494968779	0.05198457040254789	-0.04302354151765958	0.048660561331388304	-0.040987864795546815	0.047450509942541894	-0.02154055697631301	0.023377178148164923	-0.033166658787763384	0.015364018755013677	-0.01620728558192251	0.01822562307314811	-0.015962100883903804	0.04205465156859324	-0.016275092599757762	0.01846225547185258
-0.07284801966933964	0.05323355994836359	-0.058947339739320495	0.034401361957979465	-0.03915757491400717	0.06993468596130457	-0.06775423420650516	0.07538571213035487	-0.04345271647061718	0.045042944831830696	-0.7129779219204618	0.1099900319810688	-0.09194686874316545	0.18059934268319144	-0.05383917995532411	1.0000000000000033	-0.39038513865974456	0.1524539145404787	-0.11027516618987525	0.0649479581531299	-0.4433219272303651	0.26654790553333946	-0.14415928209682166	0.11373247404660526	-0.12819718172573114	0.19090606189554543	-0.13603418833549863	0.11974586222242038	-0.07547204491294095	0.06511689750967213	-0.18691813007301497	0.12135665767072999	-0.10558577147735335	0.0581518671610407	-0.06282626351263455	0.05742134839400318	-0.061063154736513206	0.07182251836903535	-0.024665951313095544	0.02380297562365367	-0.03992354753883145	0.03535845043839005	-0.08760491170998319	0.026273768097231236	-0.027042677273559683
0.10277567111918283	-0.08514974560290496	0.09384845925098262	-0.05727197525460108	0.06518852783579092	-0.09793402435135955	0.10964312566027568	-0.12731998930263005	0.07259438904978507	-0.07577639621451138	0.2820970190290342	-0.21080834157118883	0.16149389208857595	-0.32310499936809584	0.09251503460474914	-0.39038513865974456	1.0000000000000016	-0.33267635856514893	0.2011912233376456	-0.1120576349712811	0.2888188998438525	-0.5484720570343419	0.21938647605250036	-0.18952716768493186	0.20104644069653024	-0.2151605642555048	0.17769032582749492	-0.1722482708447997	0.11521812772786391	-0.10051065055024078	0.19727682037063535	-0.16302368019234215	0.14277779845516508	-0.08718127604717607	0.09465458610959647	-0.07189234707753074	0.07555230082226899	-0.09798445834040875	0.035893335427025656	-0.03536371953198034	0.052773565958861235	-0.047018446953383905	0.11752309988968253	-0.03836654450281193	0.04011257152254599
-0.1063952909724643	0.08657092763445842	-0.10160047813015946	0.06349472887121109	-0.07680340419937717	0.09319218729343631	-0.11420290291569188	0.13762158472045752	-0.08415953028460085	0.08417393744057435	-0.21307895996829174	0.18316050289399052	-0.237747591892785	0.3115947816932567	-0.11888044765288028	0.1524539145404787	-0.33267635856514893	1.0000000000000022	-0.6933839673759756	0.13073628893933983	-0.15044952036252543	0.1645933469243701	-0.3089246829370437	0.2671866664902421	-0.282245422678163	0.12219919963870404	-0.1268454784475511	0.14276268310713128	-0.14716598964732655	0.12502217855345324	-0.1391329097305745	0.1145824752325714	-0.12794697397235155	0.100628462221409	-0.11510892304694144	0.056042185931023114	-0.06076357102628905	0.08560541086005632	-0.03767412565863133	0.039161633720745506	-0.046739330017422434	0.04095042221499639	-0.10823794601376749	0.03977897654783592	-0.04466259117692785
0.08049249335416338	-0.06751294231687162	0.07779059839374292	-0.056493685729499074	0.06959613558823632	-0.07205749210395704	0.08660819306617078	-0.10815903253687018	0.07579898473367135	-0.07936130084740918	0.15141150831991454	-0.14379981390442667	0.15438102129577377	-0.4751162199914683	0.12642026225003297	-0.11027516618987525	0.2011912233376456	-0.6933839673759756	1.0000000000000016	-0.15354059212558144	0.10754057727041932	-0.11995371607524051	0.2548317675002864	-0.4032485685383405	0.2356396145670807	-0.09211004621912944	0.09777633047495184	-0.11695200051081102	0.12835955873070984	-0.11064780216321732	0.10373129093481105	-0.08973491490553248	0.1015616034634467	-0.08799072151054045	0.09660789245075813	-0.0433923503120254	0.046869978557293676	-0.06807265713377851	0.03114409671986564	-0.03255592944712535	0.0364882822169173	-0.03207825792659485	0.08484114928461302	-0.032998075322671905	0.036794915559905716
-0.06764235476696367	0.061533501111989145	-0.07557544127042012	0.1258303172024586	-0.2108740693753888	0.05832075519630943	-0.06950264433067274	0.08509739231855386	-0.19503352156825227	0.22484228803272815	-0.09798639961762963	0.08543758954938058	-0.08763806297377015	0.2023689635026015	-0.8734716654737061	0.0649479581531299	-0.1120576349712811	0.13073628893933983	-0.15354059212558144	1.0000000000000022	-0.06396837472493035	0.0661285448005709	-0.1265328606110683	0.11297040014206412	-0.16188471021255088	0.054357571901145686	-0.0567292656665226	0.06473864312591304	-0.0721585754321435	0.06619967616074607	-0.06332417519578346	0.052172009549018544	-0.05931761044811555	0.05010059118669282	-0.05872681702789818	0.026198747075874603	-0.02847305852175873	0.04035367741679493	-0.018786773631631736	0.019868159245311018	-0.02222679365691444	0.019444697802861975	-0.05134752465385621	0.019860455826351136	-0.02267568366726359
0.059178563887391906	-0.04688854637576483	0.05177610850960548	-0.03226544594623186	0.03708274549036504	-0.05643683027121329	0.05855330908357887	-0.06798708694284306	0.04091550035197544	-0.043062741531627716	0.2557283098558629	-0.09906407836697362	0.08265521940189063	-0.18080014279239326	0.052702745032829276	-0.4433219272303651	0.2888188998438525	-0.15044952036252543	0.10754057727041932	-0.06396837472493035	1.000000000000001	-0.6380491220501789	0.1511732370896397	-0.11871453392720825	0.12696133811908125	-0.41899344586480053	0.1848701981474638	-0.15038713819826113	0.07848262062310654	-0.06758316206081422	0.24488639822365735	-0.16522298129259977	0.1253924813307337	-0.06258269531216036	0.06566303838046801	-0.0707932647496881	0.07326985626943784	-0.08404161374757586	0.02677410643566971	-0.025265810717688054	0.04561189604595679	-0.04075482166346176	0.09896913092781778	-0.02855278114265685	0.02853852088285624
-0.06335412367320593	0.04989740969767954	-0.05581359028554553	0.033854647063530544	-0.03896272722098701	0.05915167836416642	-0.06380362129579524	0.07260486025625743	-0.04304576576974579	0.0448310244512687	-0.2607592735777483	0.10847718752164416	-0.09199179809699148	0.1829380114218953	-0.054985844258368555	0.26654790553333946	-0.5484720570343419	0.1645933469243701	-0.11995371607524051	0.0661285448005709	-0.6380491220501789	1.000000000000001	-0.18420272331768758	0.1313243401167274	-0.13818027184587778	0.24305456489277896	-0.24614286249855086	0.1645179307983454	-0.08587851385446599	0.07332592445837093	-0.24791921697379585	0.17461874384725665	-0.14002381282354529	0.06805960375920524	-0.07159592261805507	0.07220335574937799	-0.07713709974990304	0.09044519089767342	-0.028863559319498498	0.02721667434218629	-0.04909558282730424	0.04349322296890449	-0.10895702525111241	0.030649708161033105	-0.030776620055789024
0.08485876393681413	-0.070657962527623	0.07905816573961745	-0.05604915594528561	0.06671497948567967	-0.07841516233865026	0.0866371533125362	-0.1057652387572824	0.07239097619072633	-0.07798782104994109	0.1851045763501391	-0.14208912715179087	0.13110413929616144	-0.3529919528201991	0.103643616779089	-0.14415928209682166	0.21938647605250036	-0.3089246829370437	0.2548317675002864	-0.1265328606110683	0.1511732370896397	-0.18420272331768758	1.0000000000000004	-0.6163267489998481	0.29146890559190997	-0.15096158520163783	0.18572818768240637	-0.33817937888422933	0.18441646485621163	-0.1661435299664629	0.16074313883621494	-0.17320055484909386	0.19711985473672378	-0.1409449688684074	0.14077623716082224	-0.07483456430759526	0.07930929722914393	-0.12962021483740918	0.05080956853386442	-0.05085891307882789	0.06276549931291375	-0.05617866347561626	0.14871144282214296	-0.05467217628012462	0.05642256381258721
-0.0717513456334664	0.0587633679808774	-0.06712347131881954	0.048050876812455255	-0.05905275630138869	0.06465155092918147	-0.0726919643486201	0.08745334794785724	-0.06323305628658962	0.06707219640797485	-0.1552685426995398	0.11530294506985628	-0.11357881472144274	0.27816322105966756	-0.09663491042291086	0.11373247404660526	-0.18952716768493186	0.2671866664902421	-0.4032485685383405	0.11297040014206412	-0.11871453392720825	0.1313243401167274	-0.6163267489998481	0.9999999999999996	-0.47637210248378475	0.1113354486566424	-0.13572991407510987	0.18158250617808153	-0.26112214350471086	0.197697050508733	-0.12574956128192274	0.12319315803056728	-0.15213781902327195	0.15348033537680145	-0.16438603558431764	0.05703084231185627	-0.06152482139185112	0.09715327870733574	-0.04814689124778318	0.05098806063957264	-0.04959721884794738	0.04375466636370147	-0.11887930190473453	0.050740987873912374	-0.05676446971426252
0.08728627727368744	-0.07321098916553521	0.08189191492143709	-0.06209707026604735	0.07554823820073112	-0.08063894629237593	0.08862306787153788	-0.10860910643168964	0.08069741726062209	-0.08921723276451443	0.1780793073678452	-0.14309236505826578	0.1312313691036368	-0.3740618094213263	0.12449685414421681	-0.12819718172573114	0.20104644069653024	-0.282245422678163	0.2356396145670807	-0.16188471021255088	0.12696133811908125	-0.13818027184587778	0.29146890559190997	-0.47637210248378475	0.9999999999999997	-0.12113812744667814	0.13228246116777073	-0.17366023448362236	0.25597434592842233	-0.42144770172923185	0.134517081303413	-0.12934239956818047	0.14872418119907527	-0.19644135364569393	0.21668391309983479	-0.0621669464706457	0.06619761925567837	-0.10328489673432821	0.06158432256552948	-0.06922250028506292	0.052547960666931556	-0.04683264349586289	0.12206266184564016	-0.06672571983656814	0.07461386995611152
-0.04859682544945169	0.03828176493127984	-0.04262773764083567	0.027002780996382928	-0.031340769233248744	0.04549094461505322	-0.047551358777419124	0.05525799869292093	-0.03435847535336936	0.036250407164653206	-0.19622265363480085	0.07816738704095057	-0.06725123464192334	0.15039850592635298	-0.04489625599607685	0.19090606189554543	-0.2151605642555048	0.12219919963870404	-0.09211004621912944	0.054357571901145686	-0.41899344586480053	0.24305456489277896	-0.15096158520163783	0.1113354486566424	-0.12113812744667814	0.9999999999999979	-0.31043596733642764	0.18909930333251526	-0.08353717238375108	0.07006140583189667	-0.7285940293821465	0.24512429792536725	-0.17818728170012055	0.07065760150661839	-0.07158671100840837	0.12247310126266045	-0.12952806421454827	0.11577019952379287	-0.031791621496806824	0.028376191434478	-0.06708665209391124	0.05915656736831767	-0.13853945470413623	0.03363599323232955	-0.03195452318714512
0.04583463843586181	-0.036980500437284104	0.04117572329095196	-0.027176141281415503	0.03180447540125135	-0.042794318239049056	0.045584373552141844	-0.05392886920556541	0.034720354005454764	-0.03695201924232279	0.14261423714824426	-0.07518992458859163	0.06557670266496493	-0.15688484738961372	0.046681756569212585	-0.13603418833549863	0.17769032582749492	-0.1268454784475511	0.09777633047495184	-0.0567292656665226	0.1848701981474638	-0.24614286249855086	0.18572818768240637	-0.13572991407510987	0.13228246116777073	-0.31043596733642764	0.9999999999999986	-0.5159837567495091	0.10361477479894309	-0.08566938860156807	0.2609434715032293	-0.6540406362355096	0.28566955929794474	-0.09436991016906142	0.08886417781274754	-0.09946511214419386	0.10365953272600846	-0.1576715747762895	0.03951243412930563	-0.03459090212385661	0.06966042628482651	-0.06303199771866243	0.16827999999706328	-0.04174138468493112	0.038396827437316365
-0.04967615614598483	0.04010747809318925	-0.04492970051806403	0.030293132070089303	-0.03584218259274822	0.04589153703014855	-0.04929793096917775	0.0585451169447577	-0.03891067487488987	0.04149376415542638	-0.1431929603990374	0.08005489349370265	-0.07159616417425013	0.1747918620239316	-0.0534900368925407	0.11974586222242038	-0.1722482708447997	0.14276268310713128	-0.11695200051081102	0.06473864312591304	-0.15038713819826113	0.1645179307983454	-0.33817937888422933	0.18158250617808153	-0.17366023448362236	0.18909930333251526	-0.5159837567495091	0.9999999999999992	-0.15476163131625278	0.11875097229029517	-0.21929929135525741	0.3071023344106746	-0.5783103717930683	0.13796614498994486	-0.13031467851533637	0.10761363198023541	-0.11943465596733537	0.2253327140799752	-0.05634011422499495	0.04833992690725679	-0.10099543787856466	0.08849663367441825	-0.277019674559405	0.05833122168402729	-0.053878935975195295
0.04581374939119332	-0.03798042961160221	0.04256893316537819	-0.030892965130527462	0.03717743999200921	-0.04220710830441515	0.046209907207267656	-0.05616668890566924	0.03999855982974821	-0.04346904597910927	0.10078864445900554	-0.07460402367999021	0.06853670491272854	-0.1867138560863482	0.05852632066073784	-0.07547204491294095	0.11521812772786391	-0.14716598964732655	0.12835955873070984	-0.0721585754321435	0.07848262062310654	-0.08587851385446599	0.18441646485621163	-0.26112214350471086	0.25597434592842233	-0.08353717238375108	0.10361477479894309	-0.15476163131625278	0.9999999999999983	-0.591959346925869	0.09243462223975522	-0.11065165050283411	0.1476378815216905	-0.598281496908367	0.32546588132660276	-0.04749191276300089	0.050355892950122716	-0.09342676529699577	0.08217900052892893	-0.08575631375752088	0.04049570523083061	-0.03662023808850898	0.09947984206495794	-0.08636876001714532	0.08749873141372126
-0.04004216124478544	0.033138080068918885	-0.037247061381355265	0.027437228219291225	-0.03339808601025612	0.036770566160387035	-0.0402558997391053	0.04881460133737636	-0.03570574737578816	0.03883021767079859	-0.08811896133776657	0.06453198426802903	-0.05944457416417734	0.1599099726511496	-0.05397710494968779	0.06511689750967213	-0.10051065055024078	0.12502217855345324	-0.11064780216321732	0.06619967616074607	-0.06758316206081422	0.07332592445837093	-0.1661435299664629	0.197697050508733	-0.42144770172923185	0.07006140583189667	-0.08566938860156807	0.11875097229029517	-0.591959346925869	1.0000000000000027	-0.07873079590815547	0.08796000927510025	-0.118372298521158	0.31022025274008436	-0.5672387139637868	0.03985124716259217	-0.042582548877309195	0.07569880126292064	-0.07453564775991169	0.09526956266868633	-0.0346918361265081	0.03110075061545445	-0.08521710987764489	0.07490234162028199	-0.10259978057005022
0.05325145513331502	-0.04290058762615374	0.0474851733742582	-0.03094045310200164	0.03592833915985926	-0.05021778075319514	0.052713670026520054	-0.06228846244190381	0.03935042169722281	-0.041855199073161015	0.17417393193914588	-0.08735341604041155	0.07477283124987637	-0.1780281512207311	0.05198457040254789	-0.18691813007301497	0.19727682037063535	-0.1391329097305745	0.10373129093481105	-0.06332417519578346	0.24488639822365735	-0.24791921697379585	0.16074313883621494	-0.12574956128192274	0.134517081303413	-0.7285940293821465	0.2609434715032293	-0.21929929135525741	0.09243462223975522	-0.07873079590815547	1.0000000000000027	-0.38322322937335973	0.1952047991007902	-0.07972046223246536	0.0792525209104221	-0.18372674764563476	0.153459455015545	-0.13577827065233083	0.035917427338330865	-0.031988066584010835	0.07665423922597778	-0.06998338826252108	0.14781109593958064	-0.03833172498327711	0.03577405397631092
-0.04240097035284302	0.03400400943032275	-0.037959847333659175	0.02501376445992901	-0.029345642058924575	0.039418362546940484	-0.04189816547290114	0.04940425052990068	-0.031983652197675246	0.03400659998476864	-0.13534453925349663	0.06849271567009542	-0.06008747083591726	0.14264937535327238	-0.04302354151765958	0.12135665767072999	-0.16302368019234215	0.1145824752325714	-0.08973491490553248	0.052172009549018544	-0.16522298129259977	0.17461874384725665	-0.17320055484909386	0.12319315803056728	-0.12934239956818047	0.24512429792536725	-0.6540406362355096	0.3071023344106746	-0.11065165050283411	0.08796000927510025	-0.38322322937335973	0.9999999999999986	-0.4655709402384778	0.10528397420150049	-0.09889095196747888	0.12059827333866886	-0.13482174411936354	0.19029918362954285	-0.044761026897062926	0.037824880019158263	-0.08633985642571565	0.0767930541801486	-0.21903211815375184	0.04652358578037841	-0.04209244301447195
0.04477308565815619	-0.03643243022108299	0.04062635325228045	-0.027657545069144557	0.03262191697926143	-0.041609178430492604	0.04455488097559509	-0.05325849155128536	0.035445244747307064	-0.03799936721572899	0.12257068436932955	-0.07265476087828807	0.06445174584560769	-0.16267442657604542	0.048660561331388304	-0.10558577147735335	0.14277779845516508	-0.12794697397235155	0.1015616034634467	-0.05931761044811555	0.1253924813307337	-0.14002381282354529	0.19711985473672378	-0.15213781902327195	0.14872418119907527	-0.17818728170012055	0.28566955929794474	-0.5783103717930683	0.1476378815216905	-0.118372298521158	0.1952047991007902	-0.4655709402384778	1.000000000000001	-0.18561626672067313	0.13598542048730444	-0.12101963885848564	0.12722448565062514	-0.4365051804116927	0.06416841551868827	-0.05188707687153084	0.097370315417975	-0.09215459000463459	0.2701001702755349	-0.06694385495975963	0.055655685988124724
-0.03276377136312627	0.026968879183851397	-0.030264737716739768	0.02172619368170283	-0.026167322149697435	0.030144732071384177	-0.032834028312059005	0.03966347788167152	-0.028132740322219303	0.0304447704226618	-0.07613875309576541	0.05283185742780518	-0.048330986971147134	0.1279300998099234	-0.040987864795546815	0.0581518671610407	-0.08718127604717607	0.100628462221409	-0.08799072151054045	0.05010059118669282	-0.06258269531216036	0.06805960375920524	-0.1409449688684074	0.15348033537680145	-0.19644135364569393	0.07065760150661839	-0.09436991016906142	0.13796614498994486	-0.598281496908367	0.31022025274008436	-0.07972046223246536	0.10528397420150049	-0.18561626672067313	0.999999999999999	-0.6695068978726891	0.043492388685167506	-0.04655668115630024	0.09526432528623117	-0.11255654664926305	0.1093446409447091	-0.037917240834295006	0.03436960198388557	-0.09834611075931934	0.10153788071776906	-0.11386985791467433
0.037459441050083905	-0.03102533445371152	0.034717907707899114	-0.025189893850090884	0.030278965213819526	-0.03457599683271976	0.03765965044628574	-0.045723516733095375	0.03256442537462015	-0.035457722500816614	0.08351706030353653	-0.060770564190027986	0.055344619075732036	-0.1509840285035931	0.047450509942541894	-0.06282626351263455	0.09465458610959647	-0.11510892304694144	0.09660789245075813	-0.05872681702789818	0.06566303838046801	-0.07159592261805507	0.14077623716082224	-0.16438603558431764	0.21668391309983479	-0.07158671100840837	0.08886417781274754	-0.13031467851533637	0.32546588132660276	-0.5672387139637868	0.0792525209104221	-0.09889095196747888	0.13598542048730444	-0.6695068978726891	1.0000000000000007	-0.042247880685567334	0.04469618780160267	-0.08692876658994106	0.10233525768082173	-0.15276209513463165	0.036074589168690385	-0.032804576915933054	0.08970084604359198	-0.10480107127182789	0.13078174893447633
-0.021099342398957385	0.016990137693327283	-0.018918723167702406	0.012566732578176101	-0.014728933162852138	0.019665003689337695	-0.020805719444335694	0.02465407706534912	-0.016046340560342726	0.01711849646914042	-0.0640321337346994	0.03393533327207159	-0.029671152906847333	0.07230545601179386	-0.02154055697631301	0.05742134839400318	-0.07189234707753074	0.056042185931023114	-0.0433923503120254	0.026198747075874603	-0.0707932647496881	0.07220335574937799	-0.07483456430759526	0.05703084231185627	-0.0621669464706457	0.12247310126266045	-0.09946511214419386	0.10761363198023541	-0.04749191276300089	0.03985124716259217	-0.18372674764563476	0.12059827333866886	-0.12101963885848564	0.043492388685167506	-0.042247880685567334	0.9999999999999986	-0.9088783953403877	0.1691257342280993	-0.028885127716745215	0.02118381091063841	-0.20519932092046106	0.15694473541135598	-0.1871212893852296	0.0303539607138102	-0.023497551694773102
0.022731871729435724	-0.018369656831831782	0.020428491949003973	-0.013626039573282999	0.01596284732597467	-0.02122411634852606	0.022463521929616852	-0.02668830445212857	0.01739369596622189	-0.018582974463340018	0.06709210350769318	-0.036708050710890505	0.03205222838384891	-0.0789421147951467	0.023377178148164923	-0.061063154736513206	0.07555230082226899	-0.06076357102628905	0.046869978557293676	-0.02847305852175873	0.07326985626943784	-0.07713709974990304	0.07930929722914393	-0.06152482139185112	0.06619761925567837	-0.12952806421454827	0.10365953272600846	-0.11943465596733537	0.050355892950122716	-0.042582548877309195	0.153459455015545	-0.13482174411936354	0.12722448565062514	-0.04655668115630024	0.04469618780160267	-0.9088783953403877	0.9999999999999979	-0.21742542820654512	0.030984081725806457	-0.022639701121962577	0.15995787261698396	-0.16610855847292738	0.17619388883555173	-0.03282159919465452	0.02482601309634397
-0.03087163085545987	0.025015190332758504	-0.027922964300253227	0.01893817201565931	-0.022347113192928963	0.028635064129853997	-0.030564553566050406	0.0364360806283303	-0.024264378400627538	0.025984560708552207	-0.08586045111784411	0.04961035622494896	-0.0439889119632031	0.11014338452982349	-0.033166658787763384	0.07182251836903535	-0.09798445834040875	0.08560541086005632	-0.06807265713377851	0.04035367741679493	-0.08404161374757586	0.09044519089767342	-0.12962021483740918	0.09715327870733574	-0.10328489673432821	0.11577019952379287	-0.1576715747762895	0.2253327140799752	-0.09342676529699577	0.07569880126292064	-0.13577827065233083	0.19029918362954285	-0.4365051804116927	0.09526432528623117	-0.08692876658994106	0.1691257342280993	-0.21742542820654512	0.9999999999999968	-0.08784759538883735	0.050827032093981976	-0.17454969311510432	0.1593515913045291	-0.7691475369965346	0.08378783105181355	-0.05446658125379793
0.013013059255954198	-0.010652944189842896	0.011923270168757338	-0.008405695584481976	0.01004317206123211	-0.012009661244959283	0.012953650334953765	-0.015584812189554141	0.010832182179139924	-0.011700355008695136	0.031897156688538784	-0.020867207439487508	0.018822278542690224	-0.04931947156600637	0.015364018755013677	-0.024665951313095544	0.035893335427025656	-0.03767412565863133	0.03114409671986564	-0.018786773631631736	0.02677410643566971	-0.028863559319498498	0.05080956853386442	-0.04814689124778318	0.06158432256552948	-0.031791621496806824	0.03951243412930563	-0.05634011422499495	0.08217900052892893	-0.07453564775991169	0.035917427338330865	-0.044761026897062926	0.06416841551868827	-0.11255654664926305	0.10233525768082173	-0.028885127716745215	0.030984081725806457	-0.08784759538883735	0.9999999999999968	-0.3615294999914444	0.027909948444747486	-0.02603331812760116	0.0828478281949829	-0.879597429743481	0.259569939356328
-0.013372467231562789	0.010985347257045731	-0.012299817526571052	0.008769376295489836	-0.010508915410685217	0.012330628623989518	-0.01333821770158221	0.01609466964563134	-0.011315885435466152	0.012257696980338304	-0.03152194938969724	0.02145554691349712	-0.01942908863767524	0.051660609641793205	-0.01620728558192251	0.02380297562365367	-0.03536371953198034	0.039161633720745506	-0.03255592944712535	0.019868159245311018	-0.025265810717688054	0.02721667434218629	-0.05085891307882789	0.05098806063957264	-0.06922250028506292	0.028376191434478	-0.03459090212385661	0.04833992690725679	-0.08575631375752088	0.09526956266868633	-0.031988066584010835	0.037824880019158263	-0.05188707687153084	0.1093446409447091	-0.15276209513463165	0.02118381091063841	-0.022639701121962577	0.050827032093981976	-0.3615294999914444	0.9999999999999961	-0.019867931657403397	0.018173855922118575	-0.05389463079793147	0.2589539144753602	-0.875468442325233
0.017134529542264423	-0.013911758297822978	0.015491349382448158	-0.010501445470609664	0.012353239249011591	-0.015942662611893015	0.016957339575245166	-0.020249353881825402	0.01342818617368706	-0.01440016185839194	0.04698219210371367	-0.02757228159361911	0.024298854930716034	-0.06146310237612286	0.01822562307314811	-0.03992354753883145	0.052773565958861235	-0.046739330017422434	0.0364882822169173	-0.02222679365691444	0.04561189604595679	-0.04909558282730424	0.06276549931291375	-0.04959721884794738	0.052547960666931556	-0.06708665209391124	0.06966042628482651	-0.10099543787856466	0.04049570523083061	-0.0346918361265081	0.07665423922597778	-0.08633985642571565	0.097370315417975	-0.037917240834295006	0.036074589168690385	-0.20519932092046106	0.15995787261698396	-0.17454969311510432	0.027909948444747486	-0.019867931657403397	0.9999999999999957	-0.92187927023584	0.19384492775020984	-0.03060552033483635	0.021704498106102886
-0.015052218424565418	0.012197837463244838	-0.01359388920768965	0.009195224327719654	-0.01082235727609171	0.013990101788659419	-0.014880107523555883	0.017742837874954315	-0.011761694804656941	0.012601015753826007	-0.041860460930258074	0.024169190291972384	-0.02132015440093377	0.05357498318922777	-0.015962100883903804	0.03535845043839005	-0.047018446953383905	0.04095042221499639	-0.03207825792659485	0.019444697802861975	-0.04075482166346176	0.04349322296890449	-0.05617866347561626	0.04375466636370147	-0.04683264349586289	0.05915656736831767	-0.06303199771866243	0.08849663367441825	-0.03662023808850898	0.03110075061545445	-0.06998338826252108	0.0767930541801486	-0.09215459000463459	0.03436960198388557	-0.032804576915933054	0.15694473541135598	-0.16610855847292738	0.1593515913045291	-0.02603331812760116	0.018173855922118575	-0.92187927023584	0.9999999999999956	-0.25816932134047554	0.028211697621787945	-0.020002336872340216
0.038927292043301136	-0.03170939043203	0.035306228064155495	-0.024085743776375557	0.028364354375805846	-0.0362197114061529	0.038633216311112	-0.04625352207088402	0.030819488093405917	-0.03309981086435601	0.1037037813252984	-0.06286412710621551	0.05555378385503566	-0.14197828589366498	0.04205465156859324	-0.08760491170998319	0.11752309988968253	-0.10823794601376749	0.08484114928461302	-0.05134752465385621	0.09896913092781778	-0.10895702525111241	0.14871144282214296	-0.11887930190473453	0.12206266184564016	-0.13853945470413623	0.16827999999706328	-0.277019674559405	0.09947984206495794	-0.08521710987764489	0.14781109593958064	-0.21903211815375184	0.2701001702755349	-0.09834611075931934	0.08970084604359198	-0.1871212893852296	0.17619388883555173	-0.7691475369965346	0.0828478281949829	-0.05389463079793147	0.19384492775020984	-0.25816932134047554	0.9999999999999951	-0.09230945838159539	0.05770350504696224
