1.0	-0.4690717655823854	0.16643610843220163	-0.11340504471557392	0.08810721945276613	-0.7205232684155675	0.23957497207263004	-0.1586273793403568	0.10718918498240865	-0.08711739209240088	0.2591566366591284	-0.22183302049138917	0.11881750717842748	-0.1191939017243959	0.04574971904986036	-0.19611052729649783	0.17413264198984008	-0.11237676743830792	0.12361830919091453	-0.045200446646511835	0.12557846971888567	-0.11899251986480437	0.10783268521235907	-0.09849876532697534	0.11075842988749258	-0.12670216684837243	0.09741188618506334	-0.09735769650325231	0.0804509266720067	-0.08997814140591498	0.09756862832118508	-0.12725780434609862	0.07561701701708118	-0.07515496872774682	0.10157084798655883	-0.10511618422032959	0.08540315428593306	-0.09235015189118367	0.06606447960698768	-0.09617091093519888
-0.4690717655823854	1.0	-0.366055064935028	0.16897485803162532	-0.13708937729990234	0.25357697181837713	-0.6178273102613838	0.25716319662103976	-0.16886588611353956	0.12580761070992227	-0.2145165681289699	0.256686182674754	-0.1511744716539348	0.13920924277925134	-0.05126380736508232	0.139233732357934	-0.23425391965954753	0.1290611366820529	-0.14548840649877182	0.05005004785306676	-0.10582033370514704	0.10956226916699098	-0.11171486715403967	0.10085117292763995	-0.11555213293448682	0.10106863039249588	-0.0906484026293808	0.09476242239962306	-0.08006026379151368	0.087709061891501	-0.0841641820529683	0.10927680249490729	-0.0704613960083294	0.0697461496373146	-0.09963195209546062	0.08923940086973195	-0.07632524541916244	0.08203876180355865	-0.060094559627295596	0.0860622618948948
0.16643610843220163	-0.366055064935028	0.9999999999999997	-0.4652459359123843	0.22906742474840322	-0.15588916951077866	0.2580549660510245	-0.6564779784272247	0.27370517320533017	-0.23668086819122636	0.1293082322888866	-0.18730199525160035	0.15653230681418553	-0.16076594686371226	0.049836909602354255	-0.10004149392588177	0.1511436446055335	-0.10506675209102546	0.11372111548036846	-0.04931081856191949	0.07514577801112826	-0.08406218901733543	0.08677386704751608	-0.08080556180626071	0.09105220894973809	-0.07636639420564034	0.06851856656202195	-0.07571969288772078	0.06332529882258633	-0.07036334908662242	0.06338915764081461	-0.08520614091836719	0.05543298728769588	-0.05546770666391954	0.07742279938901753	-0.06986237595279671	0.05891675916823386	-0.06542296365695421	0.04774304927090363	-0.06941395542635317
-0.11340504471557392	0.16897485803162532	-0.4652459359123843	0.9999999999999996	-0.6261532175079579	0.0996665272063073	-0.16618976980993377	0.27203176624118064	-0.47242097945039446	0.3090467019399877	-0.0971108120924135	0.12665146781413608	-0.14135571698980406	0.13979289310255427	-0.04571510480694013	0.07320180213198174	-0.11918964315082446	0.0856688318016839	-0.09811368326869978	0.04393894546467995	-0.057628697504773785	0.06567483708431064	-0.07118333906369273	0.06648718287843366	-0.07706892923816999	0.05788022813560818	-0.054067070569889485	0.061060424538110204	-0.05180784284873749	0.057305771947256216	-0.049180842771890956	0.06592200793185106	-0.044380832193466384	0.044341334991954785	-0.06353315643035358	0.054134074847549896	-0.04643755752719752	0.05151643191625882	-0.03793640074068084	0.054828488584407364
0.08810721945276613	-0.13708937729990234	0.22906742474840322	-0.6261532175079579	1.0000000000000004	-0.08438899091293654	0.1273680771110719	-0.23318678446023797	0.31025822489067634	-0.6488052872504014	0.0787954697885064	-0.106685683627259	0.11267874628980667	-0.12349385970000154	0.042177846426717784	-0.06259132372758751	0.09498375509612082	-0.07074804289320188	0.07953029999754722	-0.04125199218611386	0.048422618366330474	-0.0556438035189016	0.059171511407970036	-0.05593358696430865	0.06422686577961875	-0.04965389146635224	0.04555397986697241	-0.051778012100665974	0.04360822077245627	-0.04869672745962138	0.04182281951553418	-0.05660301227811867	0.037722356013623545	-0.03784950163805163	0.05330462535085673	-0.04662572744220103	0.03955868521473305	-0.04434370434713758	0.03249005275936115	-0.04732627205758694
-0.7205232684155675	0.25357697181837713	-0.15588916951077866	0.0996665272063073	-0.08438899091293654	1.0000000000000004	-0.24468675110499563	0.13904889885305813	-0.10202509022176222	0.07908700033233584	-0.48188818306815756	0.19857507644524597	-0.11911074231324974	0.1127014265021003	-0.04562595896413053	0.20205754242222712	-0.18684489651357186	0.11280446585510658	-0.12953872879894715	0.04453751959379386	-0.14061453342229113	0.11603354647610913	-0.10936849682618836	0.0981039552712088	-0.11413290855999403	0.12341262313318656	-0.09768974905872191	0.09519725141064508	-0.08018642606280423	0.08853298894196014	-0.0985557824411064	0.12120377665720249	-0.07416556552180721	0.07287205182264281	-0.10308546858074721	0.10039519435752983	-0.08458505591315661	0.08796948740976965	-0.06376038325687779	0.09088984506911682
0.23957497207263004	-0.6178273102613838	0.2580549660510245	-0.16618976980993377	0.1273680771110719	-0.24468675110499563	1.0	-0.3891289452385231	0.17072836422526572	-0.13237951054387875	0.1884720080978237	-0.4820683236312182	0.1548106039450654	-0.14979822669322926	0.05152802882880807	-0.1391903925354566	0.23621692402874123	-0.13551905796199468	0.14122609136830044	-0.05093857212807326	0.10175964045827457	-0.11252185492174135	0.11119481163755901	-0.10141492159940993	0.11220895643144911	-0.10207398138366895	0.09059553549547282	-0.0962013261931705	0.07989788144077786	-0.08809869298081761	0.08363756155862552	-0.11187854583650916	0.07069897626360576	-0.0704481912678439	0.09760533429733734	-0.09067611613673143	0.07616250756940528	-0.08350117396262816	0.06073195080875417	-0.08793152740335382
-0.1586273793403568	0.25716319662103976	-0.6564779784272247	0.27203176624118064	-0.23318678446023797	0.13904889885305813	-0.3891289452385231	1.0	-0.4357180338920527	0.22226323658683617	-0.13086707250746873	0.194403139998296	-0.20627847305927677	0.17393850394903762	-0.052845496777542904	0.09647841925602464	-0.16970540701343106	0.11499087472901669	-0.12487466134668992	0.0515783824616803	-0.07500341876853028	0.08542453761608793	-0.09148294113964608	0.08436421776777321	-0.09547692436696387	0.07492741617969423	-0.0698279027310599	0.0778312046393948	-0.06553233341002505	0.07212236225891996	-0.06324151702852651	0.08473183234579441	-0.05623429497569644	0.056129174029278237	-0.07961218172883722	0.06914241760624122	-0.05910243644714086	0.06533720521572928	-0.04800001733908961	0.06931741370443445
0.10718918498240865	-0.16886588611353956	0.27370517320533017	-0.47242097945039446	0.31025822489067634	-0.10202509022176222	0.17072836422526572	-0.4357180338920527	0.9999999999999989	-0.62716425619567	0.09645609002475236	-0.13764150646865933	0.16352908230154992	-0.20320522981845068	0.054670254806261115	-0.07596976325055915	0.12081455501380856	-0.09325386257089896	0.10466331826071558	-0.05276570633382906	0.059269681548818	-0.06916805796355369	0.07504309604648858	-0.07088477856041914	0.08098532454989682	-0.06056264957149926	0.05646051670543386	-0.06488512102019307	0.05471523470921829	-0.06075609404603404	0.05126706047222492	-0.06949393335940716	0.046699195551677154	-0.04684011471434729	0.06619813566617072	-0.05701527996849944	0.04858940495447008	-0.05448243844654791	0.040026687387689885	-0.058149803302862985
-0.08711739209240088	0.12580761070992227	-0.23668086819122636	0.3090467019399877	-0.6488052872504014	0.07908700033233584	-0.13237951054387875	0.22226323658683617	-0.62716425619567	0.9999999999999998	-0.07898783400710757	0.10434196852814914	-0.12856449520756374	0.13140870469165555	-0.04845200198294885	0.06055342966704121	-0.09975150438603719	0.07437092359427926	-0.08593600061460711	0.04528335871402276	-0.04807945863605129	0.05575142474282323	-0.06130944170758302	0.057786957316576265	-0.06747227678658695	0.048566496831349365	-0.045845460755630896	0.052603383569894475	-0.04473660030336921	0.049605226164598504	-0.04146174720047099	0.05584928389221083	-0.037987853978428465	0.038021329444019265	-0.05456209193808887	0.04588817626996617	-0.03942785271030761	0.04399024424391536	-0.032447965861923986	0.04694444310960892
0.2591566366591284	-0.2145165681289699	0.1293082322888866	-0.0971108120924135	0.0787954697885064	-0.48188818306815756	0.1884720080978237	-0.13086707250746873	0.09645609002475236	-0.07898783400710757	0.9999999999999998	-0.2901260705759453	0.1396766770535182	-0.14084860736292876	0.059085328020126615	-0.5692854510401566	0.216767177972274	-0.14677564191478928	0.16187270595213069	-0.0582809546076781	0.2521653715533586	-0.19171861194742726	0.1563443408846828	-0.1401320120157349	0.15726762301036035	-0.24077893374865794	0.1569804494373185	-0.1430289467501432	0.11713235422363813	-0.13079545226186973	0.16876954625909582	-0.2098889019193236	0.11523887358924534	-0.11343564975408799	0.14991480076521815	-0.17430042700215265	0.13696855858941126	-0.14296611596604622	0.10076584277702358	-0.14540584013385455
-0.22183302049138917	0.256686182674754	-0.18730199525160035	0.12665146781413608	-0.106685683627259	0.19857507644524597	-0.4820683236312182	0.194403139998296	-0.13764150646865933	0.10434196852814914	-0.2901260705759453	1.0000000000000007	-0.22257156123642122	0.1856357479574309	-0.06964521551070475	0.17648920638667825	-0.623435788899718	0.22366739831055024	-0.23662834762405324	0.06818078682668187	-0.1405196815071261	0.16442203961511698	-0.1722110775201992	0.15023999658246262	-0.16562487728649614	0.1338148542581378	-0.13309102263875253	0.138384295783495	-0.11648242217555677	0.12477806853561339	-0.1141129915690623	0.1510120867709462	-0.09876730940463857	0.09758356325070741	-0.13948108691142028	0.12022327487993517	-0.104270236681228	0.11238658898028424	-0.08291695822868209	0.11793943376941704
0.11881750717842748	-0.1511744716539348	0.15653230681418553	-0.14135571698980406	0.11267874628980667	-0.11911074231324974	0.1548106039450654	-0.20627847305927677	0.16352908230154992	-0.12856449520756374	0.1396766770535182	-0.22257156123642122	0.9999999999999982	-0.789423816783746	0.1338070960938004	-0.12336856209713845	0.21899754254876	-0.34528888674374464	0.2570475451269344	-0.13893727514732387	0.10321756956117009	-0.14281257217871676	0.17394999592011856	-0.16676809735547704	0.17192267483741364	-0.10973365232603209	0.11209375972722604	-0.14753002077555052	0.12038590990219142	-0.13257381478204852	0.09610615183717668	-0.136469134784988	0.09635636186920593	-0.0979364965200259	0.13421464783961595	-0.11044788627470448	0.09462381088670976	-0.11057009632213896	0.08170158387261994	-0.11955380094014342
-0.1191939017243959	0.13920924277925134	-0.16076594686371226	0.13979289310255427	-0.12349385970000154	0.1127014265021003	-0.14979822669322926	0.17393850394903762	-0.20320522981845068	0.13140870469165555	-0.14084860736292876	0.1856357479574309	-0.789423816783746	0.9999999999999989	-0.1917902416285376	0.11625705989122898	-0.22398060092830824	0.24875443694058755	-0.322536236996961	0.15336211019137155	-0.10098242284194764	0.13501477015497462	-0.17570294555370422	0.16837061008064771	-0.19581221241623906	0.10384507580943571	-0.11008778311604193	0.14137114813595164	-0.12264974214443405	0.13234811329459162	-0.09282127599136282	0.12855544170068786	-0.09504168169709627	0.09549419913093717	-0.14006600144827563	0.1044702325434474	-0.09210196988919653	0.10537784616228155	-0.07919880692656803	0.11359394760260066
0.04574971904986036	-0.05126380736508232	0.049836909602354255	-0.04571510480694013	0.042177846426717784	-0.04562595896413053	0.05152802882880807	-0.052845496777542904	0.054670254806261115	-0.04845200198294885	0.059085328020126615	-0.06964521551070475	0.1338070960938004	-0.1917902416285376	1.0000000000000024	-0.0550911620578277	0.08030339433094864	-0.08764601234974126	0.10769004648993476	-0.942971886426927	0.04898446502745298	-0.06905610276292437	0.08371017637090752	-0.11040178376572979	0.15920358094280182	-0.053791856609324736	0.05582461840000021	-0.08355930354755244	0.07381495597152497	-0.09733147810163051	0.04905001883609061	-0.07061521431642608	0.05545853612307601	-0.05844407812930214	0.08080983656879433	-0.06017600408367238	0.05177437453666803	-0.06462151570752954	0.04816988316432905	-0.07260484464274597
-0.19611052729649783	0.139233732357934	-0.10004149392588177	0.07320180213198174	-0.06259132372758751	0.20205754242222712	-0.1391903925354566	0.09647841925602464	-0.07596976325055915	0.06055342966704121	-0.5692854510401566	0.17648920638667825	-0.12336856209713845	0.11625705989122898	-0.0550911620578277	1.0000000000000018	-0.20156476887707261	0.13230189622215152	-0.15782456427335476	0.05322366090684028	-0.6077903677940059	0.18752797282740863	-0.15715947038089034	0.13111293032031315	-0.15895149605909878	0.25667572669110117	-0.16996626114223423	0.13094283612982738	-0.11172330219925776	0.12094122533403953	-0.2033717634558928	0.19103186265807034	-0.10941534040783574	0.10348394454768864	-0.15066084477455113	0.1608723048641155	-0.14113293052874032	0.12652829444724345	-0.09198047154487426	0.12427641041286132
0.17413264198984008	-0.23425391965954753	0.1511436446055335	-0.11918964315082446	0.09498375509612082	-0.18684489651357186	0.23621692402874123	-0.16970540701343106	0.12081455501380856	-0.09975150438603719	0.216767177972274	-0.623435788899718	0.21899754254876	-0.22398060092830824	0.08030339433094864	-0.20156476887707261	1.000000000000002	-0.4313463577715463	0.2691478948871061	-0.08102572626722568	0.15770304787690312	-0.2516705067995179	0.22175990395315204	-0.19819300376857846	0.19231561007563838	-0.16837425222580127	0.17186921197972552	-0.18708018298766835	0.1478364774321195	-0.16040971554007688	0.14085726963516537	-0.2043035303260304	0.12583360009262043	-0.12640194771853955	0.1672315000578797	-0.15518342621395842	0.13000181826283172	-0.14670077755173486	0.10668066911199654	-0.15518068224464238
-0.11237676743830792	0.1290611366820529	-0.10506675209102546	0.0856688318016839	-0.07074804289320188	0.11280446585510658	-0.13551905796199468	0.11499087472901669	-0.09325386257089896	0.07437092359427926	-0.14677564191478928	0.22366739831055024	-0.34528888674374464	0.24875443694058755	-0.08764601234974126	0.13230189622215152	-0.4313463577715463	1.0000000000000002	-0.6565645474541341	0.08737150450738365	-0.11835014993457633	0.19127915209034296	-0.3639739394828074	0.2390456642156041	-0.21067239200537236	0.1231519698668352	-0.14601004996320688	0.19904095151812812	-0.1632972405036164	0.1580682858031916	-0.11036785894571861	0.1586589214974406	-0.1162253507623515	0.11591632721334172	-0.1585598065011923	0.12246692257018925	-0.1076248627147458	0.12416377594501846	-0.09329272107196773	0.13217686176596405
0.12361830919091453	-0.14548840649877182	0.11372111548036846	-0.09811368326869978	0.07953029999754722	-0.12953872879894715	0.14122609136830044	-0.12487466134668992	0.10466331826071558	-0.08593600061460711	0.16187270595213069	-0.23662834762405324	0.2570475451269344	-0.322536236996961	0.10769004648993476	-0.15782456427335476	0.2691478948871061	-0.6565645474541341	1.0000000000000042	-0.11394224503842497	0.13586210378057084	-0.21055464400699458	0.27676414416795336	-0.38601446433872233	0.24692167159362155	-0.14882505916866703	0.1592345431964706	-0.24257596113824426	0.1976766363412517	-0.20417448891508397	0.13167060947622283	-0.19326510493345514	0.14139625066778	-0.14594995444270886	0.1891003107152962	-0.15373544115941984	0.13158933599297698	-0.15833768009951377	0.11741916529584291	-0.17127187781457542
-0.045200446646511835	0.05005004785306676	-0.04931081856191949	0.04393894546467995	-0.04125199218611386	0.04453751959379386	-0.05093857212807326	0.0515783824616803	-0.05276570633382906	0.04528335871402276	-0.0582809546076781	0.06818078682668187	-0.13893727514732387	0.15336211019137155	-0.942971886426927	0.05322366090684028	-0.08102572626722568	0.08737150450738365	-0.11394224503842497	1.0000000000000022	-0.047657751897506345	0.06699464616954931	-0.08409849952379642	0.10926735212711282	-0.19972809897470872	0.05167955225615075	-0.054500542153388766	0.08093596630049373	-0.07333664782631412	0.09423364297947723	-0.047269550459899896	0.06756285856291333	-0.053763803911230944	0.0562294986641587	-0.0806947603373634	0.05719215336607679	-0.04974923466908615	0.0613264539469266	-0.04608720507982	0.06856327733736559
0.12557846971888567	-0.10582033370514704	0.07514577801112826	-0.057628697504773785	0.048422618366330474	-0.14061453342229113	0.10175964045827457	-0.07500341876853028	0.059269681548818	-0.04807945863605129	0.2521653715533586	-0.1405196815071261	0.10321756956117009	-0.10098242284194764	0.04898446502745298	-0.6077903677940059	0.15770304787690312	-0.11835014993457633	0.13586210378057084	-0.047657751897506345	0.9999999999999993	-0.2683552293524447	0.15789545079538594	-0.12834853436700472	0.1466224967594816	-0.5623919735281414	0.20164318696061004	-0.13503980493126827	0.1101776779114224	-0.11850005729812242	0.24616150261629186	-0.24477199824295853	0.11370442061613585	-0.10724462321533994	0.14368230065520723	-0.20212902732711371	0.15165681108804557	-0.13659423257038478	0.09529331150665954	-0.1291236079359636
-0.11899251986480437	0.10956226916699098	-0.08406218901733543	0.06567483708431064	-0.0556438035189016	0.11603354647610913	-0.11252185492174135	0.08542453761608793	-0.06916805796355369	0.05575142474282323	-0.19171861194742726	0.16442203961511698	-0.14281257217871676	0.13501477015497462	-0.06905610276292437	0.18752797282740863	-0.2516705067995179	0.19127915209034296	-0.21055464400699458	0.06699464616954931	-0.2683552293524447	1.0000000000000029	-0.4280460370254769	0.20882426833205334	-0.2228972671069396	0.21430867352410252	-0.6593638444572628	0.21914453261645941	-0.1750358067175377	0.16772950596563108	-0.20470555165347015	0.2887640712183196	-0.15143329782096407	0.1385706924073546	-0.19766215457699	0.17179410722937385	-0.16159804358082747	0.15240007123865076	-0.11442063942135781	0.1504976162574418
0.10783268521235907	-0.11171486715403967	0.08677386704751608	-0.07118333906369273	0.059171511407970036	-0.10936849682618836	0.11119481163755901	-0.09148294113964608	0.07504309604648858	-0.06130944170758302	0.1563443408846828	-0.1722110775201992	0.17394999592011856	-0.17570294555370422	0.08371017637090752	-0.15715947038089034	0.22175990395315204	-0.3639739394828074	0.27676414416795336	-0.08409849952379642	0.15789545079538594	-0.4280460370254769	1.0000000000000027	-0.45444751525802535	0.2742545468002831	-0.16585365436619115	0.233748814081298	-0.4912982488482986	0.27031915265237144	-0.24181537111692802	0.15274985863731055	-0.23868530238700328	0.1772411440511917	-0.1763246279826524	0.22061237089988703	-0.16698541086893826	0.14855283667462338	-0.1755995002088333	0.1323170464470895	-0.18297506726319387
-0.09849876532697534	0.10085117292763995	-0.08080556180626071	0.06648718287843366	-0.05593358696430865	0.0981039552712088	-0.10141492159940993	0.08436421776777321	-0.07088477856041914	0.057786957316576265	-0.1401320120157349	0.15023999658246262	-0.16676809735547704	0.16837061008064771	-0.11040178376572979	0.13111293032031315	-0.19819300376857846	0.2390456642156041	-0.38601446433872233	0.10926735212711282	-0.12834853436700472	0.20882426833205334	-0.45444751525802535	1.0000000000000033	-0.5634255058821702	0.13454210024984165	-0.17155250907532774	0.29589342759235304	-0.4232471912458657	0.2721915324259589	-0.12750448584362345	0.18222500818528792	-0.17009637755524828	0.17323917419216536	-0.2444854176522358	0.14593784782593736	-0.13457399139304613	0.16209876582128288	-0.1288574158448954	0.17500375552975378
0.11075842988749258	-0.11555213293448682	0.09105220894973809	-0.07706892923816999	0.06422686577961875	-0.11413290855999403	0.11220895643144911	-0.09547692436696387	0.08098532454989682	-0.06747227678658695	0.15726762301036035	-0.16562487728649614	0.17192267483741364	-0.19581221241623906	0.15920358094280182	-0.15895149605909878	0.19231561007563838	-0.21067239200537236	0.24692167159362155	-0.19972809897470872	0.1466224967594816	-0.2228972671069396	0.2742545468002831	-0.5634255058821702	0.999999999999995	-0.16652107545800496	0.17682918060744182	-0.3102491503334976	0.28654083027179966	-0.45896510581464933	0.15499509965926545	-0.2292209870271644	0.1919526498693139	-0.20925596605179067	0.28070031912823923	-0.19777552279752328	0.16977747357447537	-0.2222066058935237	0.166339386428889	-0.2538654941494592
-0.12670216684837243	0.10106863039249588	-0.07636639420564034	0.05788022813560818	-0.04965389146635224	0.12341262313318656	-0.10207398138366895	0.07492741617969423	-0.06056264957149926	0.048566496831349365	-0.24077893374865794	0.1338148542581378	-0.10973365232603209	0.10384507580943571	-0.053791856609324736	0.25667572669110117	-0.16837425222580127	0.1231519698668352	-0.14882505916866703	0.05167955225615075	-0.5623919735281414	0.21430867352410252	-0.16585365436619115	0.13454210024984165	-0.16652107545800496	0.9999999999999993	-0.26093849595365165	0.1396011915140203	-0.11951774827097186	0.12737920171330727	-0.5799736316377757	0.2693050321180119	-0.12984689811118635	0.11711549503983934	-0.1670530521438651	0.23829679719721028	-0.20473968652418045	0.14950944042325415	-0.10685508307319457	0.1354736313283348
0.09741188618506334	-0.0906484026293808	0.06851856656202195	-0.054067070569889485	0.04555397986697241	-0.09768974905872191	0.09059553549547282	-0.0698279027310599	0.05646051670543386	-0.045845460755630896	0.1569804494373185	-0.13309102263875253	0.11209375972722604	-0.11008778311604193	0.05582461840000021	-0.16996626114223423	0.17186921197972552	-0.14601004996320688	0.1592345431964706	-0.054500542153388766	0.20164318696061004	-0.6593638444572628	0.233748814081298	-0.17155250907532774	0.17682918060744182	-0.26093849595365165	1.0000000000000002	-0.20320962266138543	0.14694598911105763	-0.1471248267150023	0.22551460411972207	-0.5573582974467967	0.1456366894414323	-0.13358274290296046	0.16885705201740403	-0.1840141754169966	0.15891368068940326	-0.1494321128390919	0.10800107524172228	-0.14232246760855738
-0.09735769650325231	0.09476242239962306	-0.07571969288772078	0.061060424538110204	-0.051778012100665974	0.09519725141064508	-0.0962013261931705	0.0778312046393948	-0.06488512102019307	0.052603383569894475	-0.1430289467501432	0.138384295783495	-0.14753002077555052	0.14137114813595164	-0.08355930354755244	0.13094283612982738	-0.18708018298766835	0.19904095151812812	-0.24257596113824426	0.08093596630049373	-0.13503980493126827	0.21914453261645941	-0.4912982488482986	0.29589342759235304	-0.3102491503334976	0.1396011915140203	-0.20320962266138543	0.9999999999999983	-0.6070251742163323	0.27804923176240204	-0.137617916922602	0.1950299882769951	-0.2786427411874774	0.22564453035419163	-0.29373532495751536	0.15353137564243052	-0.15284691427657232	0.18584111123611569	-0.1530198934953924	0.18753578234175278
0.0804509266720067	-0.08006026379151368	0.06332529882258633	-0.05180784284873749	0.04360822077245627	-0.08018642606280423	0.07989788144077786	-0.06553233341002505	0.05471523470921829	-0.04473660030336921	0.11713235422363813	-0.11648242217555677	0.12038590990219142	-0.12264974214443405	0.07381495597152497	-0.11172330219925776	0.1478364774321195	-0.1632972405036164	0.1976766363412517	-0.07333664782631412	0.1101776779114224	-0.1750358067175377	0.27031915265237144	-0.4232471912458657	0.28654083027179966	-0.11951774827097186	0.14694598911105763	-0.6070251742163323	0.9999999999999987	-0.4922530120505584	0.11611054205977579	-0.16947343910332585	0.21462300302025356	-0.2753891728508605	0.27214078175082823	-0.1393284926219177	0.13335710806973092	-0.1765905078143982	0.14793638817578386	-0.18932200316362363
-0.08997814140591498	0.087709061891501	-0.07036334908662242	0.057305771947256216	-0.04869672745962138	0.08853298894196014	-0.08809869298081761	0.07212236225891996	-0.06075609404603404	0.049605226164598504	-0.13079545226186973	0.12477806853561339	-0.13257381478204852	0.13234811329459162	-0.09733147810163051	0.12094122533403953	-0.16040971554007688	0.1580682858031916	-0.20417448891508397	0.09423364297947723	-0.11850005729812242	0.16772950596563108	-0.24181537111692802	0.2721915324259589	-0.45896510581464933	0.12737920171330727	-0.1471248267150023	0.27804923176240204	-0.4922530120505584	1.0000000000000013	-0.12437249006137721	0.1734563450826805	-0.20028033864339265	0.2116073173627382	-0.5936550097322463	0.15136928181378495	-0.14564330536780604	0.18339454892005508	-0.15544190792663637	0.21040766713050021
0.09756862832118508	-0.0841641820529683	0.06338915764081461	-0.049180842771890956	0.04182281951553418	-0.0985557824411064	0.08363756155862552	-0.06324151702852651	0.05126706047222492	-0.04146174720047099	0.16876954625909582	-0.1141129915690623	0.09610615183717668	-0.09282127599136282	0.04905001883609061	-0.2033717634558928	0.14085726963516537	-0.11036785894571861	0.13167060947622283	-0.047269550459899896	0.24616150261629186	-0.20470555165347015	0.15274985863731055	-0.12750448584362345	0.15499509965926545	-0.5799736316377757	0.22551460411972207	-0.137617916922602	0.11611054205977579	-0.12437249006137721	0.9999999999999982	-0.47225588877170727	0.14136193503658304	-0.12655134120590938	0.16272752081638034	-0.47968953025388417	0.24038593143198422	-0.176099339580161	0.11611831309256321	-0.14694644318854336
-0.12725780434609862	0.10927680249490729	-0.08520614091836719	0.06592200793185106	-0.05660301227811867	0.12120377665720249	-0.11187854583650916	0.08473183234579441	-0.06949393335940716	0.05584928389221083	-0.2098889019193236	0.1510120867709462	-0.136469134784988	0.12855544170068786	-0.07061521431642608	0.19103186265807034	-0.2043035303260304	0.1586589214974406	-0.19326510493345514	0.06756285856291333	-0.24477199824295853	0.2887640712183196	-0.23868530238700328	0.18222500818528792	-0.2292209870271644	0.2693050321180119	-0.5573582974467967	0.1950299882769951	-0.16947343910332585	0.1734563450826805	-0.47225588877170727	0.9999999999999986	-0.22713930203665028	0.17524521888447378	-0.23425842200617716	0.2523888289078309	-0.26130546284526646	0.19823849709440733	-0.14656722013705337	0.1775597787887777
0.07561701701708118	-0.0704613960083294	0.05543298728769588	-0.044380832193466384	0.037722356013623545	-0.07416556552180721	0.07069897626360576	-0.05623429497569644	0.046699195551677154	-0.037987853978428465	0.11523887358924534	-0.09876730940463857	0.09635636186920593	-0.09504168169709627	0.05545853612307601	-0.10941534040783574	0.12583360009262043	-0.1162253507623515	0.14139625066778	-0.053763803911230944	0.11370442061613585	-0.15143329782096407	0.1772411440511917	-0.17009637755524828	0.1919526498693139	-0.12984689811118635	0.1456366894414323	-0.2786427411874774	0.21462300302025356	-0.20028033864339265	0.14136193503658304	-0.22713930203665028	0.9999999999999969	-0.7250868463557758	0.24994108455460218	-0.1864808322841141	0.20348824824490955	-0.42200115594103943	0.26396714918225594	-0.27491925971143116
-0.07515496872774682	0.0697461496373146	-0.05546770666391954	0.044341334991954785	-0.03784950163805163	0.07287205182264281	-0.0704481912678439	0.056129174029278237	-0.04684011471434729	0.038021329444019265	-0.11343564975408799	0.09758356325070741	-0.0979364965200259	0.09549419913093717	-0.05844407812930214	0.10348394454768864	-0.12640194771853955	0.11591632721334172	-0.14594995444270886	0.0562294986641587	-0.10724462321533994	0.1385706924073546	-0.1763246279826524	0.17323917419216536	-0.20925596605179067	0.11711549503983934	-0.13358274290296046	0.22564453035419163	-0.2753891728508605	0.2116073173627382	-0.12655134120590938	0.17524521888447378	-0.7250868463557758	0.999999999999997	-0.33882917241487276	0.15813975882674736	-0.18742494232191897	0.2778387078103876	-0.38250458959594363	0.2629041668855078
0.10157084798655883	-0.09963195209546062	0.07742279938901753	-0.06353315643035358	0.05330462535085673	-0.10308546858074721	0.09760533429733734	-0.07961218172883722	0.06619813566617072	-0.05456209193808887	0.14991480076521815	-0.13948108691142028	0.13421464783961595	-0.14006600144827563	0.08080983656879433	-0.15066084477455113	0.1672315000578797	-0.1585598065011923	0.1891003107152962	-0.0806947603373634	0.14368230065520723	-0.19766215457699	0.22061237089988703	-0.2444854176522358	0.28070031912823923	-0.1670530521438651	0.16885705201740403	-0.29373532495751536	0.27214078175082823	-0.5936550097322463	0.16272752081638034	-0.23425842200617716	0.24994108455460218	-0.33882917241487276	0.9999999999999972	-0.22520368936444107	0.2012133232902095	-0.2934055991995445	0.23580540641054618	-0.3948778053639671
-0.10511618422032959	0.08923940086973195	-0.06986237595279671	0.054134074847549896	-0.04662572744220103	0.10039519435752983	-0.09067611613673143	0.06914241760624122	-0.05701527996849944	0.04588817626996617	-0.17430042700215265	0.12022327487993517	-0.11044788627470448	0.1044702325434474	-0.06017600408367238	0.1608723048641155	-0.15518342621395842	0.12246692257018925	-0.15373544115941984	0.05719215336607679	-0.20212902732711371	0.17179410722937385	-0.16698541086893826	0.14593784782593736	-0.19777552279752328	0.23829679719721028	-0.1840141754169966	0.15353137564243052	-0.1393284926219177	0.15136928181378495	-0.47968953025388417	0.2523888289078309	-0.1864808322841141	0.15813975882674736	-0.22520368936444107	0.9999999999999973	-0.6582422405588831	0.25162046920807124	-0.16915579015604182	0.18504096131509767
0.08540315428593306	-0.07632524541916244	0.05891675916823386	-0.04643755752719752	0.03955868521473305	-0.08458505591315661	0.07616250756940528	-0.05910243644714086	0.04858940495447008	-0.03942785271030761	0.13696855858941126	-0.104270236681228	0.09462381088670976	-0.09210196988919653	0.05177437453666803	-0.14113293052874032	0.13000181826283172	-0.1076248627147458	0.13158933599297698	-0.04974923466908615	0.15165681108804557	-0.16159804358082747	0.14855283667462338	-0.13457399139304613	0.16977747357447537	-0.20473968652418045	0.15891368068940326	-0.15284691427657232	0.13335710806973092	-0.14564330536780604	0.24038593143198422	-0.26130546284526646	0.20348824824490955	-0.18742494232191897	0.2012133232902095	-0.6582422405588831	0.9999999999999973	-0.5112002385362924	0.20965689159530015	-0.2522585062313355
-0.09235015189118367	0.08203876180355865	-0.06542296365695421	0.05151643191625882	-0.04434370434713758	0.08796948740976965	-0.08350117396262816	0.06533720521572928	-0.05448243844654791	0.04399024424391536	-0.14296611596604622	0.11238658898028424	-0.11057009632213896	0.10537784616228155	-0.06462151570752954	0.12652829444724345	-0.14670077755173486	0.12416377594501846	-0.15833768009951377	0.0613264539469266	-0.13659423257038478	0.15240007123865076	-0.1755995002088333	0.16209876582128288	-0.2222066058935237	0.14950944042325415	-0.1494321128390919	0.18584111123611569	-0.1765905078143982	0.18339454892005508	-0.176099339580161	0.19823849709440733	-0.42200115594103943	0.2778387078103876	-0.2934055991995445	0.25162046920807124	-0.5112002385362924	0.9999999999999971	-0.49022276040540635	0.2950719691495909
0.06606447960698768	-0.060094559627295596	0.04774304927090363	-0.03793640074068084	0.03249005275936115	-0.06376038325687779	0.06073195080875417	-0.04800001733908961	0.040026687387689885	-0.032447965861923986	0.10076584277702358	-0.08291695822868209	0.08170158387261994	-0.07919880692656803	0.04816988316432905	-0.09198047154487426	0.10668066911199654	-0.09329272107196773	0.11741916529584291	-0.04608720507982	0.09529331150665954	-0.11442063942135781	0.1323170464470895	-0.1288574158448954	0.166339386428889	-0.10685508307319457	0.10800107524172228	-0.1530198934953924	0.14793638817578386	-0.15544190792663637	0.11611831309256321	-0.14656722013705337	0.26396714918225594	-0.38250458959594363	0.23580540641054618	-0.16915579015604182	0.20965689159530015	-0.49022276040540635	0.9999999999999971	-0.6944675424218578
-0.09617091093519888	0.0860622618948948	-0.06941395542635317	0.054828488584407364	-0.04732627205758694	0.09088984506911682	-0.08793152740335382	0.06931741370443445	-0.058149803302862985	0.04694444310960892	-0.14540584013385455	0.11793943376941704	-0.11955380094014342	0.11359394760260066	-0.07260484464274597	0.12427641041286132	-0.15518068224464238	0.13217686176596405	-0.17127187781457542	0.06856327733736559	-0.1291236079359636	0.1504976162574418	-0.18297506726319387	0.17500375552975378	-0.2538654941494592	0.1354736313283348	-0.14232246760855738	0.18753578234175278	-0.18932200316362363	0.21040766713050021	-0.14694644318854336	0.1775597787887777	-0.27491925971143116	0.2629041668855078	-0.3948778053639671	0.18504096131509767	-0.2522585062313355	0.2950719691495909	-0.6944675424218578	0.9999999999999973
