1.0000000000000002	-0.809639782299812	0.28571255702162485	-0.41232390187124096	0.01474337631898584	-0.21878807700016248	0.17993496887467772	-0.1727891564099304	0.1594921944708024	-0.014356423825071725	0.07054036272566187	-0.08478743069744199	0.12128842898327735	-0.0949790698879255	0.06058128510397561	-0.060990711169264605	0.07250661496151148	-0.06414796799557675	0.10983633482020895	-0.04619043313941697	0.049507422237248744	-0.04189022957934415	0.07876149641268432	-0.04916100666643134	0.04742322609187771
-0.809639782299812	1.0000000000000004	-0.44375995144832087	0.2899176512481939	-0.01273545948033182	0.16490994766434938	-0.19071530630860145	0.15889748057673267	-0.15001983833124008	0.012341195559142775	-0.06269438360917898	0.07610176733622186	-0.11329285073776739	0.08585493420425082	-0.05417286965691104	0.053480161413739666	-0.06525235352832331	0.05712550267592099	-0.09949662836161172	0.041183731684490965	-0.04418698977800271	0.037202028926943534	-0.07053268792127118	0.04366004293990536	-0.0422503848435209
0.28571255702162485	-0.44375995144832087	1.0000000000000004	-0.8087175718848337	0.013720327586399319	-0.13560832294833677	0.15431741516393324	-0.22257117543836674	0.15165612370696718	-0.013400047015151906	0.056469652313141966	-0.07159028170335151	0.1137336189790572	-0.08507161955292498	0.04883264955726603	-0.048570267523814964	0.05953973415925748	-0.052545257540789425	0.09039925912432659	-0.03769196742838343	0.03958534916398432	-0.03364669271924986	0.06327470615975758	-0.0398637205961241	0.037963910257300365
-0.41232390187124096	0.2899176512481939	-0.8087175718848337	1.0000000000000009	-0.018018029198719504	0.15754087350525056	-0.18164415118538024	0.19392677772581593	-0.20247938060235324	0.017388792683328005	-0.06968558298059314	0.0856874814982042	-0.13693049990531617	0.10462293130154576	-0.06233371124024685	0.05931810284947321	-0.07361755096031453	0.06477708372649874	-0.11585026907612182	0.047671233911385204	-0.04941653800451565	0.041633526068250194	-0.07954814983294799	0.05019683116608987	-0.04826954056064579
0.01474337631898584	-0.01273545948033182	0.013720327586399319	-0.018018029198719504	1.0000000000000013	-0.030428081436105613	0.021691462935331262	-0.026084850950817973	0.04052488212267056	-0.9947293033152275	0.013372644257589944	-0.017266063191855783	0.0243997058285219	-0.03019166414977207	0.059609281689781246	-0.012332653355940316	0.014623829627352718	-0.015243482259473315	0.0327973316706918	-0.048902551172052354	0.009834076658728014	-0.00864720640718587	0.017752621848617384	-0.030042458745939218	0.02579538802104359
-0.21878807700016248	0.16490994766434938	-0.13560832294833677	0.15754087350525056	-0.030428081436105613	1.000000000000001	-0.6371019842850076	0.3122048189412403	-0.39333491786089236	0.029227515347027097	-0.23129303411067956	0.22768896227806004	-0.31870428623220315	0.23389824035632484	-0.16219400972948705	0.1747244853153311	-0.2116114105889273	0.1755302537917502	-0.2958990728795321	0.12078640959709745	-0.14705359335857376	0.11975127057095505	-0.2297400973662606	0.12907172633270703	-0.12790597947087134
0.17993496887467772	-0.19071530630860145	0.15431741516393324	-0.18164415118538024	0.021691462935331262	-0.6371019842850076	1.0000000000000013	-0.5748260002981433	0.28118889627973004	-0.021079702024286467	0.15631370606468606	-0.22219369364979322	0.25582369263711596	-0.18770034910251104	0.10974298920629798	-0.13803504954374443	0.15828616295531545	-0.13502237702141376	0.19951009646734355	-0.08530174837165115	0.10258203725626502	-0.08953771188134789	0.1556982230705694	-0.09230744597060991	0.08710561983581531
-0.1727891564099304	0.15889748057673267	-0.22257117543836674	0.19392677772581593	-0.026084850950817973	0.3122048189412403	-0.5748260002981433	1.0000000000000007	-0.4844323511453802	0.025369219450141964	-0.15546218728173378	0.2086666691869727	-0.44498053819232863	0.24428380804424965	-0.12434921018271808	0.13104477211376914	-0.16758684520522854	0.14401992648682932	-0.2403853726837513	0.09694710284831715	-0.10557027681552883	0.09019948745397134	-0.1691124786740839	0.10244703799278364	-0.09633544483076384
0.1594921944708024	-0.15001983833124008	0.15165612370696718	-0.20247938060235324	0.04052488212267056	-0.39333491786089236	0.28118889627973004	-0.4844323511453802	1.000000000000001	-0.04133301771590469	0.15180645073076868	-0.2039299543203023	0.29873248775142847	-0.47639578702862784	0.15910297508137503	-0.13851068941963698	0.16128962519959078	-0.15423786768338654	0.2905430087457347	-0.1326295174715913	0.10712297673484861	-0.09398986445693838	0.17365348780366213	-0.137862098408928	0.12200598467801355
-0.014356423825071725	0.012341195559142775	-0.013400047015151906	0.017388792683328005	-0.9947293033152275	0.029227515347027097	-0.021079702024286467	0.025369219450141964	-0.04133301771590469	1.000000000000002	-0.012973137281810996	0.01675694944212339	-0.023895912239639765	0.0296065287094475	-0.06357811155469699	0.011940825949688155	-0.014204093854652306	0.014783512950723146	-0.03233105569102295	0.04723394970621808	-0.0095381046457555	0.008380315347689975	-0.0172491262082534	0.028884203503639135	-0.025300186405445436
0.07054036272566187	-0.06269438360917898	0.056469652313141966	-0.06968558298059314	0.013372644257589944	-0.23129303411067956	0.15631370606468606	-0.15546218728173378	0.15180645073076868	-0.012973137281810996	1.0000000000000013	-0.4462711082137361	0.20423847498598038	-0.13532493819727384	0.07802017262117142	-0.7680011772450431	0.28506429077281076	-0.17535296734713057	0.14184678211181725	-0.06227830844147342	0.16238173540339063	-0.1542436906571152	0.1752196355803282	-0.07276816410073493	0.06627945378671149
-0.08478743069744199	0.07610176733622186	-0.07159028170335151	0.0856874814982042	-0.017266063191855783	0.22768896227806004	-0.22219369364979322	0.2086666691869727	-0.2039299543203023	0.01675694944212339	-0.4462711082137361	1.0000000000000024	-0.46101671406805356	0.19437276246659896	-0.10448023003225518	0.28913967069483837	-0.5608223175949371	0.23220790072205277	-0.2011761384348263	0.08288912303774756	-0.20955368021761217	0.18095371454410553	-0.255575561909133	0.09597712647527279	-0.08811249223835539
0.12128842898327735	-0.11329285073776739	0.1137336189790572	-0.13693049990531617	0.0243997058285219	-0.31870428623220315	0.25582369263711596	-0.44498053819232863	0.29873248775142847	-0.023895912239639765	0.20423847498598038	-0.46101671406805356	1.000000000000002	-0.47197148973450376	0.14351733360192576	-0.19084879273947786	0.23412470893156898	-0.23255934295931868	0.2743119577768881	-0.1193045842152398	0.13300319677071284	-0.12374922132173999	0.21028726313174548	-0.12753895694287495	0.11224999582369308
-0.0949790698879255	0.08585493420425082	-0.08507161955292498	0.10462293130154576	-0.03019166414977207	0.23389824035632484	-0.18770034910251104	0.24428380804424965	-0.47639578702862784	0.0296065287094475	-0.13532493819727384	0.19437276246659896	-0.47197148973450376	1.0000000000000013	-0.2267438930825181	0.11982061692638425	-0.15331812800942077	0.15103635717225605	-0.6103772876766518	0.17118756766575713	-0.09378372533471417	0.08274201781531677	-0.16402192819051317	0.1592691913129855	-0.14580002940639103
0.06058128510397561	-0.05417286965691104	0.04883264955726603	-0.06233371124024685	0.059609281689781246	-0.16219400972948705	0.10974298920629798	-0.12434921018271808	0.15910297508137503	-0.06357811155469699	0.07802017262117142	-0.10448023003225518	0.14351733360192576	-0.2267438930825181	1.0000000000000002	-0.07423036216583648	0.08797598091196364	-0.10100930767124604	0.24018620856206419	-0.8237268688223035	0.05839019431826801	-0.052501125746916906	0.11448300722082339	-0.30474608213011306	0.2513388332709479
-0.060990711169264605	0.053480161413739666	-0.048570267523814964	0.05931810284947321	-0.012332653355940316	0.1747244853153311	-0.13803504954374443	0.13104477211376914	-0.13851068941963698	0.011940825949688155	-0.7680011772450431	0.28913967069483837	-0.19084879273947786	0.11982061692638425	-0.07423036216583648	0.9999999999999996	-0.44222120522500397	0.18813024817667928	-0.13593647015938282	0.05875329563155158	-0.2287289289138028	0.18087819342981498	-0.2122584681822144	0.07085149111238134	-0.06529778716764023
0.07250661496151148	-0.06525235352832331	0.05953973415925748	-0.07361755096031453	0.014623829627352718	-0.2116114105889273	0.15828616295531545	-0.16758684520522854	0.16128962519959078	-0.014204093854652306	0.28506429077281076	-0.5608223175949371	0.23412470893156898	-0.15331812800942077	0.08797598091196364	-0.44222120522500397	1.0000000000000009	-0.41379571460305453	0.16120134986205975	-0.07153891322960583	0.23908505457771423	-0.3223571661776878	0.2683462754451467	-0.08861287132056239	0.07855410187228709
-0.06414796799557675	0.05712550267592099	-0.052545257540789425	0.06477708372649874	-0.015243482259473315	0.1755302537917502	-0.13502237702141376	0.14401992648682932	-0.15423786768338654	0.014783512950723146	-0.17535296734713057	0.23220790072205277	-0.23255934295931868	0.15103635717225605	-0.10100930767124604	0.18813024817667928	-0.41379571460305453	1.0000000000000002	-0.1973886060727667	0.08351847014859896	-0.1685465518827255	0.16289004210724925	-0.7922231210312703	0.11994986159819421	-0.10618842460186795
0.10983633482020895	-0.09949662836161172	0.09039925912432659	-0.11585026907612182	0.0327973316706918	-0.2958990728795321	0.19951009646734355	-0.2403853726837513	0.2905430087457347	-0.03233105569102295	0.14184678211181725	-0.2011761384348263	0.2743119577768881	-0.6103772876766518	0.24018620856206419	-0.13593647015938282	0.16120134986205975	-0.1973886060727667	1.0000000000000007	-0.2757630521276294	0.10391472118697286	-0.09426139406085511	0.19224575290300638	-0.291899580723934	0.20853551959017294
-0.04619043313941697	0.041183731684490965	-0.03769196742838343	0.047671233911385204	-0.048902551172052354	0.12078640959709745	-0.08530174837165115	0.09694710284831715	-0.1326295174715913	0.04723394970621808	-0.06227830844147342	0.08288912303774756	-0.1193045842152398	0.17118756766575713	-0.8237268688223035	0.05875329563155158	-0.07153891322960583	0.08351847014859896	-0.2757630521276294	1.000000000000001	-0.047041029094662755	0.04212796008653846	-0.09743246985996507	0.25504636785014634	-0.38222635407918193
0.049507422237248744	-0.04418698977800271	0.03958534916398432	-0.04941653800451565	0.009834076658728014	-0.14705359335857376	0.10258203725626502	-0.10557027681552883	0.10712297673484861	-0.0095381046457555	0.16238173540339063	-0.20955368021761217	0.13300319677071284	-0.09378372533471417	0.05839019431826801	-0.2287289289138028	0.23908505457771423	-0.1685465518827255	0.10391472118697286	-0.047041029094662755	1.0000000000000016	-0.8874290286271194	0.16469052899446798	-0.05826857197534444	0.05189248264646014
-0.04189022957934415	0.037202028926943534	-0.03364669271924986	0.041633526068250194	-0.00864720640718587	0.11975127057095505	-0.08953771188134789	0.09019948745397134	-0.09398986445693838	0.008380315347689975	-0.1542436906571152	0.18095371454410553	-0.12374922132173999	0.08274201781531677	-0.052501125746916906	0.18087819342981498	-0.3223571661776878	0.16289004210724925	-0.09426139406085511	0.04212796008653846	-0.8874290286271194	1.0000000000000018	-0.18851738893327646	0.05332439173364485	-0.04790613035574072
0.07876149641268432	-0.07053268792127118	0.06327470615975758	-0.07954814983294799	0.017752621848617384	-0.2297400973662606	0.1556982230705694	-0.1691124786740839	0.17365348780366213	-0.0172491262082534	0.1752196355803282	-0.255575561909133	0.21028726313174548	-0.16402192819051317	0.11448300722082339	-0.2122584681822144	0.2683462754451467	-0.7922231210312703	0.19224575290300638	-0.09743246985996507	0.16469052899446798	-0.18851738893327646	1.000000000000001	-0.1651423617485915	0.12514955554616836
-0.04916100666643134	0.04366004293990536	-0.0398637205961241	0.05019683116608987	-0.030042458745939218	0.12907172633270703	-0.09230744597060991	0.10244703799278364	-0.137862098408928	0.028884203503639135	-0.07276816410073493	0.09597712647527279	-0.12753895694287495	0.1592691913129855	-0.30474608213011306	0.07085149111238134	-0.08861287132056239	0.11994986159819421	-0.291899580723934	0.25504636785014634	-0.05826857197534444	0.05332439173364485	-0.1651423617485915	1.0000000000000018	-0.8399192330760525
0.04742322609187771	-0.0422503848435209	0.037963910257300365	-0.04826954056064579	0.02579538802104359	-0.12790597947087134	0.08710561983581531	-0.09633544483076384	0.12200598467801355	-0.025300186405445436	0.06627945378671149	-0.08811249223835539	0.11224999582369308	-0.14580002940639103	0.2513388332709479	-0.06529778716764023	0.07855410187228709	-0.10618842460186795	0.20853551959017294	-0.38222635407918193	0.05189248264646014	-0.04790613035574072	0.12514955554616836	-0.8399192330760525	1.0000000000000018
