1.0	-0.5887519127711881	0.15194352380979997	-0.13557675696098737	0.13483049547972917	-0.5810402735102103	0.306527149746212	-0.19383315290161274	0.16484349287020342	-0.11525327291969306	0.2731202210257756	-0.2584917531896281	0.20779096335297484	-0.22894486038147924	0.10886783511244977	-0.19058485321067145	0.1376374286194251	-0.13615448854229215	0.15268798278568124	-0.10767648348512643	0.11989293509607729	-0.1186309814962575	0.11768669891924324	-0.09613549129099422	0.10277877429691021	-0.09424900372688454	0.10993234597326883	-0.12083421905755266	0.10566784916545668	-0.08482592288712282	0.062257730371626796	-0.054450964139583224	0.1037821567332125	-0.09359697848135086	0.09998186201897544	-0.058770063638339684	0.07743160641464021	-0.08132058243210435	0.07195712804799904	-0.05121069707901353	0.049798027786251337	-0.08209095639933534	0.06262982692755975	-0.07698138637482911	0.0706548269857318
-0.5887519127711881	0.9999999999999998	-0.20769728486823127	0.15028187222061576	-0.15676168607418275	0.28455035633372794	-0.6283969476891502	0.2252719374004971	-0.1919331661895347	0.12248753990469574	-0.25229837811628175	0.23190782672029547	-0.22034015737851428	0.19807977776287866	-0.10937466184481924	0.1523631002796016	-0.12963634012979738	0.12430927563032812	-0.14653541196175288	0.10380373958797152	-0.10799146000195761	0.10643004887358894	-0.10927900642209736	0.08928887061457202	-0.09902350354784048	0.08209200680684596	-0.10045534139166618	0.1074660849767345	-0.09966503925054199	0.07987374094278242	-0.05635265644499745	0.048786974044666045	-0.0945584328587624	0.08362131614138095	-0.09491074229269889	0.05172583655816238	-0.06949187385548837	0.07235042164362913	-0.06490555639302589	0.04819128965103781	-0.04412280461363075	0.07174587768126994	-0.055801875324739805	0.0678824390199616	-0.0669324411761365
0.15194352380979997	-0.20769728486823127	0.9999999999999998	-0.5961088913998391	0.2532184928252398	-0.13590105081979284	0.2052228478096463	-0.6271717789292716	0.2699781310623144	-0.1999325425198649	0.13302397697282844	-0.1552819284586347	0.18966582639314833	-0.21093619323178264	0.13445716748727476	-0.11476383647618978	0.10613034521444331	-0.11300548837342672	0.13132932576006723	-0.1322036764147606	0.07999697521198267	-0.09134094786141635	0.09535504680467148	-0.08472756287413624	0.10281285403551865	-0.06594322772059534	0.07943542700997439	-0.09528924318865896	0.09129364675090205	-0.08461933811645746	0.04827326230680317	-0.042163363633841454	0.08387321334718299	-0.07939114719718549	0.09191649331692124	-0.047513090804224827	0.062475562773190246	-0.06638409951190484	0.06017610534695449	-0.04697079343093996	0.04042420206481959	-0.06674152876386882	0.051406494202718936	-0.06349504763692412	0.06364720678295634
-0.13557675696098737	0.15028187222061576	-0.5961088913998391	0.9999999999999994	-0.5528948684422107	0.1127923151340948	-0.1673960064649791	0.28763443301640396	-0.4065598698976426	0.256836631998212	-0.11953846994402964	0.12812361370240288	-0.16893864811386808	0.19685830452300246	-0.16391121466009123	0.1047488072748101	-0.10338074341542193	0.10619022525441478	-0.13058397686834114	0.14658556934861927	-0.0757184360174694	0.08748724272347957	-0.0928990085718726	0.08565779930315652	-0.11192953647256701	0.062432226101976254	-0.07635811093356332	0.09192000080750998	-0.09297734381294566	0.0892950471218081	-0.047003391742758895	0.0409070593516833	-0.08251763084086063	0.078717513205226	-0.09686976671616619	0.04618204900926401	-0.06118209529014061	0.06495231959779786	-0.05975850191463157	0.04900269979951107	-0.039444181279520464	0.06476954552100192	-0.050437753800456925	0.0620970083149286	-0.06657966070842425
0.13483049547972917	-0.15676168607418275	0.2532184928252398	-0.5528948684422107	1.0	-0.11735811148468685	0.15539803822092024	-0.27025169025408596	0.31306747789124706	-0.5829231415212451	0.12175743672155116	-0.13366609191679366	0.16686919713383508	-0.23695813604397092	0.23256310225395402	-0.12201661315617518	0.11910815261297648	-0.1232756596504251	0.14873802335657382	-0.2351010646625965	0.08688367448737627	-0.10369277619863553	0.10908344566413264	-0.10726817667189902	0.14638281643374082	-0.0737275719843894	0.08920183765086981	-0.11130888030166954	0.1127737238193407	-0.1221639816646523	0.05680573820029023	-0.04968295277886765	0.10007503014827787	-0.09999365593779395	0.12064318678955202	-0.05780370859268082	0.0753944260492792	-0.080828749605625	0.07445975478378788	-0.06190219224111267	0.04919764009602481	-0.08171332737150203	0.06291132473797852	-0.0783608121720727	0.08182960487888023
-0.5810402735102103	0.28455035633372794	-0.13590105081979284	0.1127923151340948	-0.11735811148468685	1.0	-0.3835802327528179	0.17140962912343866	-0.14644344013436697	0.09728121879456782	-0.5881084424253507	0.26643265056071014	-0.22200036144695437	0.18581519755003928	-0.09181070524463308	0.17599953748828376	-0.12493585200809756	0.11800831400035226	-0.13449484001897125	0.08856623287451945	-0.12045058682172918	0.10287306550863534	-0.10305015184359347	0.08127224601854054	-0.086029865894358	0.08468086889176706	-0.10245114503823154	0.10232349381576081	-0.09028222026959373	0.06996140728197603	-0.0537199244210406	0.04658789004442137	-0.08801890100106496	0.07640100219076663	-0.08306052415745588	0.047959631172543635	-0.06436874379841286	0.06702428282843999	-0.05933645875620896	0.04228018506230546	-0.04075253672078638	0.06635506524267207	-0.05141501313001324	0.06253993772004404	-0.058534658386516066
0.306527149746212	-0.6283969476891502	0.2052228478096463	-0.1673960064649791	0.15539803822092024	-0.3835802327528179	1.0000000000000007	-0.3612545094183945	0.19684626572678887	-0.13050239949412862	0.2618101345709601	-0.3785705333281934	0.24818785849340566	-0.23654357459694517	0.11441784709399125	-0.16532574228367863	0.131409517692618	-0.13629275334330998	0.15262671845742612	-0.11124491373526858	0.10966094575202114	-0.11182197142853578	0.1137590806967914	-0.09313063222925344	0.10160466811275508	-0.08544158992773682	0.10183413573021277	-0.1132678440595633	0.1018823144110916	-0.08316855115955842	0.05762478886586633	-0.05027648300982203	0.09742112421037574	-0.08769620726144735	0.09638521442643026	-0.0542350581112889	0.07186258708087755	-0.07570165773071892	0.06740155272825367	-0.0491938641079517	0.04605829128656239	-0.07564293043378531	0.05824969102800504	-0.07143200180992346	0.06768727050698872
-0.19383315290161274	0.2252719374004971	-0.6271717789292716	0.28763443301640396	-0.27025169025408596	0.17140962912343866	-0.3612545094183945	1.0000000000000013	-0.4146633143455428	0.20391575293565542	-0.17921491053103583	0.2057515703158802	-0.3152896236586961	0.23973753834534942	-0.1494243828299024	0.13288498463532714	-0.125832130512597	0.1345766845181789	-0.1586613246419771	0.13760696096669475	-0.0946640253642947	0.10561750047986922	-0.1123914184170917	0.09607790975096259	-0.11460640786402726	0.07603851257311531	-0.0927444336008434	0.10850302469415873	-0.10483879907652457	0.09204407381360852	-0.05482849166707186	0.047715370747006	-0.0953905453795795	0.08779030829408854	-0.10330423258465289	0.05262622905672306	-0.06999201675272676	0.07407854579597195	-0.06718068202870844	0.052372459654830096	-0.04488401387260411	0.07351278121639548	-0.05722094275945999	0.07015578698238195	-0.07169671515079376
0.16484349287020342	-0.1919331661895347	0.2699781310623144	-0.4065598698976426	0.31306747789124706	-0.14644344013436697	0.19684626572678887	-0.4146633143455428	0.9999999999999976	-0.5242043357829629	0.1520819994682739	-0.1722588032124313	0.2196245719515626	-0.36801451859616496	0.24038523547656432	-0.14618829774702935	0.14243430830353596	-0.15278920800038337	0.18609662192348086	-0.23869249202942383	0.10378661936073384	-0.12376798453388518	0.1304624557764925	-0.12325988969525264	0.15961713696470037	-0.08746202408754918	0.10578298568774154	-0.13128323385846616	0.1301971323026737	-0.13224113300729798	0.06613394588502881	-0.05784967177733549	0.11645552155444056	-0.11383930904449847	0.1350186602047365	-0.06655465557675029	0.0870539142946653	-0.09324490274497409	0.08529287811002462	-0.06912512907741764	0.05662599992834215	-0.0938601552399615	0.07234989455046201	-0.08984647265404185	0.09219255987537087
-0.11525327291969306	0.12248753990469574	-0.1999325425198649	0.256836631998212	-0.5829231415212451	0.09728121879456782	-0.13050239949412862	0.20391575293565542	-0.5242043357829629	0.9999999999999998	-0.10553749007685323	0.1129169922940866	-0.15009413320095327	0.21669332884887949	-0.4501249460504685	0.10355088155206593	-0.1063651135632469	0.10992438044577299	-0.13989156412778425	0.24541421819671821	-0.07567933415314933	0.0913219864841397	-0.0986316220925039	0.10110407664013837	-0.15952499885625276	0.06397910744720585	-0.07843967642240326	0.09832326949745067	-0.10749691926346192	0.11833898675911438	-0.04972362304209686	0.043382630955622566	-0.08925767733615347	0.08925826179839007	-0.11980070845547508	0.0500618089121112	-0.06606718191553203	0.07111276985411119	-0.06683651455816446	0.059555951769099384	-0.042802180032090305	0.07049076495383103	-0.05535878337596586	0.06852002436587953	-0.07956808508836521
0.2731202210257756	-0.25229837811628175	0.13302397697282844	-0.11953846994402964	0.12175743672155116	-0.5881084424253507	0.2618101345709601	-0.17921491053103583	0.1520819994682739	-0.10553749007685323	0.9999999999999994	-0.548400634009264	0.2595275405530643	-0.23716824915382112	0.10276652165786573	-0.2938406063345002	0.14719690622780224	-0.14403113568290823	0.1556378590911493	-0.10074804424928337	0.15350825183533467	-0.12482390458930562	0.12155202881799282	-0.09456604464608209	0.09711381299847979	-0.10771765114460348	0.1240760004718464	-0.12298976861601273	0.10372657996816452	-0.0797187512353971	0.06316198670179472	-0.05517891753221558	0.10267006180079237	-0.0891669530411351	0.09375240445659447	-0.05624674907335207	0.07494333574129	-0.07867249583040677	0.06892364359315858	-0.04784939285701413	0.04758369063963308	-0.07789276657997693	0.06003796330704852	-0.07332087163060391	0.06590875384139994
-0.2584917531896281	0.23190782672029547	-0.1552819284586347	0.12812361370240288	-0.13366609191679366	0.26643265056071014	-0.3785705333281934	0.2057515703158802	-0.1722588032124313	0.1129169922940866	-0.548400634009264	0.9999999999999998	-0.5830993828666167	0.24839595053872882	-0.10985231416496664	0.1802855160513161	-0.14689432736162877	0.15726179947729782	-0.17329870272028858	0.10368635880023212	-0.12499237937872792	0.11956328835416272	-0.12594649493805352	0.09565118311702568	-0.09959785678839801	0.09081407541165223	-0.11058929162676565	0.11723543885884125	-0.10506244782622322	0.08026250414531934	-0.05872954640802977	0.051078640640809504	-0.09928807399275977	0.0859505218678108	-0.09431797896199239	0.0531817856131487	-0.07136252185614696	0.07515632383332273	-0.06658317367708735	0.047854099623017586	-0.045214386851590696	0.07364354351493871	-0.057447170448335	0.06989621622182127	-0.0660869487868391
0.20779096335297484	-0.22034015737851428	0.18966582639314833	-0.16893864811386808	0.16686919713383508	-0.22200036144695437	0.24818785849340566	-0.3152896236586961	0.2196245719515626	-0.15009413320095327	0.2595275405530643	-0.5830993828666167	0.9999999999999998	-0.5008454870099149	0.14875209214272525	-0.19323927270286942	0.1733740475413943	-0.26411681502853157	0.23633410620025122	-0.1420694506419418	0.12863441092557926	-0.1517625220134119	0.1645928066629709	-0.12564409888905123	0.12797713279056036	-0.10441552449525045	0.12438561443831249	-0.15132506404897034	0.13310657443201204	-0.10421457032697296	0.07022700557382648	-0.061689624529576506	0.12367858122511213	-0.10997290796316674	0.11863530942286353	-0.06703585297717231	0.08858497700417307	-0.09530849809834033	0.08410473195610874	-0.06042297119000693	0.0568302081828285	-0.09355317854971792	0.07259441882383506	-0.08916272926548069	0.08262086264341004
-0.22894486038147924	0.19807977776287866	-0.21093619323178264	0.19685830452300246	-0.23695813604397092	0.18581519755003928	-0.23654357459694517	0.23973753834534942	-0.36801451859616496	0.21669332884887949	-0.23716824915382112	0.24839595053872882	-0.5008454870099149	1.0000000000000018	-0.27851521767023174	0.19225130420278885	-0.21757628011780436	0.2513064016696492	-0.4331344909691617	0.20791766373397738	-0.14574641321874662	0.17718757939761523	-0.20114996542941546	0.16879785785850504	-0.19093736024894828	0.11843149760832795	-0.14820208169325602	0.17941070867323805	-0.18443659955907887	0.14528782472947588	-0.08637104810659325	0.07504413653811873	-0.15590406388782224	0.13838592130507957	-0.16873409335107908	0.08166652631898277	-0.1102281971791263	0.11749687604790995	-0.10691876831837235	0.08417960754495853	-0.06993749624754446	0.11336584502675487	-0.09018235753491591	0.10952437155333683	-0.11653374564625076
0.10886783511244977	-0.10937466184481924	0.13445716748727476	-0.16391121466009123	0.23256310225395402	-0.09181070524463308	0.11441784709399125	-0.1494243828299024	0.24038523547656432	-0.4501249460504685	0.10276652165786573	-0.10985231416496664	0.14875209214272525	-0.27851521767023174	0.9999999999999989	-0.11068850294525873	0.11622546185584938	-0.1229548376457148	0.15736751126962492	-0.7073395864113428	0.08147102785143838	-0.10238105334424144	0.11173046784834142	-0.13166630797638476	0.2299394993728478	-0.07055147668002285	0.08637126283500193	-0.11312766413349047	0.1293149289990041	-0.18233736486316837	0.056097847991484755	-0.049199696479279714	0.10240059680723006	-0.10927827591471284	0.14781286168185329	-0.05822876715905613	0.076005258919247	-0.08348429052404564	0.0792227703993199	-0.07483409453170216	0.04965492069212022	-0.0825152220596042	0.06490869944046529	-0.08140039308105579	0.0943405065156031
-0.19058485321067145	0.1523631002796016	-0.11476383647618978	0.1047488072748101	-0.12201661315617518	0.17599953748828376	-0.16532574228367863	0.13288498463532714	-0.14618829774702935	0.10355088155206593	-0.2938406063345002	0.1802855160513161	-0.19323927270286942	0.19225130420278885	-0.11068850294525873	0.9999999999999986	-0.31819253045302653	0.18329063115062982	-0.20795077646951945	0.10956759467978487	-0.6544219255691536	0.2320426125470046	-0.20072583795618942	0.13669513550170026	-0.12574048261830706	0.27414033023133266	-0.3396591114651269	0.21019424764786665	-0.15841669875888373	0.102404716714984	-0.1265705098399913	0.10776159432767815	-0.17441378200806956	0.12987388030050198	-0.1276803870972504	0.08781721033286302	-0.12351665187504168	0.12278148842263581	-0.10455886600178951	0.0646974442852664	-0.07413623794482181	0.11706651278267394	-0.09230621647827217	0.10892044478172896	-0.09011447561164007
0.1376374286194251	-0.12963634012979738	0.10613034521444331	-0.10338074341542193	0.11910815261297648	-0.12493585200809756	0.131409517692618	-0.125832130512597	0.14243430830353596	-0.1063651135632469	0.14719690622780224	-0.14689432736162877	0.1733740475413943	-0.21757628011780436	0.11622546185584938	-0.31819253045302653	0.9999999999999996	-0.34727987475581795	0.24798041204976687	-0.12097735078203434	0.2117865108396719	-0.7009307128207762	0.2931300420253391	-0.17673828140932984	0.13740943478720227	-0.1814484641107227	0.20553149851382183	-0.258180191782196	0.1793222972205458	-0.11516541063928738	0.10263752608572589	-0.09263375823915938	0.18327818564637036	-0.15344292018395023	0.13595637820034046	-0.09651515120788565	0.1255506502758096	-0.14019863322242462	0.11686394237389035	-0.06974073400182439	0.08063053393087707	-0.13430503042946043	0.10358656208324657	-0.1279575741175308	0.09493311581983102
-0.13615448854229215	0.12430927563032812	-0.11300548837342672	0.10619022525441478	-0.1232756596504251	0.11800831400035226	-0.13629275334330998	0.1345766845181789	-0.15278920800038337	0.10992438044577299	-0.14403113568290823	0.15726179947729782	-0.26411681502853157	0.2513064016696492	-0.1229548376457148	0.18329063115062982	-0.34727987475581795	0.9999999999999942	-0.6387958756227146	0.1249620475666825	-0.14515118757937245	0.26154277198620474	-0.4946992826355292	0.19695385796325282	-0.1414568547542602	0.12661535655270553	-0.1624587426015654	0.2354124793704254	-0.20188806221858038	0.11250832420621976	-0.08475463940120695	0.0751560724645348	-0.1749069244285286	0.13260865412292328	-0.1295454163153694	0.07963726152260162	-0.10748067692900376	0.12081736917881326	-0.10299342620266871	0.06539334727969712	-0.06757531794936723	0.10996277809904792	-0.0890948714032567	0.10738808114888786	-0.08909993534061648
0.15268798278568124	-0.14653541196175288	0.13132932576006723	-0.13058397686834114	0.14873802335657382	-0.13449484001897125	0.15262671845742612	-0.1586613246419771	0.18609662192348086	-0.13989156412778425	0.1556378590911493	-0.17329870272028858	0.23633410620025122	-0.4331344909691617	0.15736751126962492	-0.20795077646951945	0.24798041204976687	-0.6387958756227146	0.9999999999999988	-0.16815155884492053	0.1510475967665799	-0.24818296431887232	0.27737839959196897	-0.25458135722735126	0.167815990418997	-0.1380820104610926	0.1645840150478846	-0.2511744008198232	0.2142333967928923	-0.13836569130935697	0.09423847333389274	-0.08439305261313428	0.17949317730606756	-0.15938677781981458	0.15194511009323095	-0.09496907754178818	0.12297729481653578	-0.13996787590197254	0.11937546722474397	-0.07777534059456391	0.07978349343683842	-0.13330990629174824	0.1038192342724285	-0.12917204653298903	0.1045287822475437
-0.10767648348512643	0.10380373958797152	-0.1322036764147606	0.14658556934861927	-0.2351010646625965	0.08856623287451945	-0.11124491373526858	0.13760696096669475	-0.23869249202942383	0.24541421819671821	-0.10074804424928337	0.10368635880023212	-0.1420694506419418	0.20791766373397738	-0.7073395864113428	0.10956759467978487	-0.12097735078203434	0.1249620475666825	-0.16815155884492053	0.9999999999999996	-0.08277136807624164	0.1052245202035143	-0.11958263942925144	0.15308186566479728	-0.4391640854288119	0.07167493234073902	-0.08908070666377306	0.11763821375491396	-0.15714865895319044	0.2123104795889247	-0.05789862404106006	0.0505913854550559	-0.1086771490615117	0.11575639573030705	-0.19345287830913457	0.05923337186646436	-0.07873255816637117	0.08668547992267693	-0.08550383719822567	0.08983200066186355	-0.05088034916717095	0.08342379562027472	-0.0676172395020439	0.08371943064091973	-0.11733973789072384
0.11989293509607729	-0.10799146000195761	0.07999697521198267	-0.0757184360174694	0.08688367448737627	-0.12045058682172918	0.10966094575202114	-0.0946640253642947	0.10378661936073384	-0.07567933415314933	0.15350825183533467	-0.12499237937872792	0.12863441092557926	-0.14574641321874662	0.08147102785143838	-0.6544219255691536	0.2117865108396719	-0.14515118757937245	0.1510475967665799	-0.08277136807624164	1.000000000000001	-0.2413965142567417	0.16546571035016183	-0.1096938123499203	0.09471395372331673	-0.5576368724406251	0.29071025648838134	-0.20125227420423136	0.12200511235376246	-0.07895931676957434	0.10731438791555696	-0.09835895116327159	0.14180032868525397	-0.10966100723922026	0.09663749005948755	-0.07528349188731281	0.10120291110888703	-0.10518784015155175	0.08601920807051919	-0.04933546335346191	0.06195702657145068	-0.10080289822493785	0.07722423223474521	-0.0932421980717058	0.06776828624035032
-0.1186309814962575	0.10643004887358894	-0.09134094786141635	0.08748724272347957	-0.10369277619863553	0.10287306550863534	-0.11182197142853578	0.10561750047986922	-0.12376798453388518	0.0913219864841397	-0.12482390458930562	0.11956328835416272	-0.1517625220134119	0.17718757939761523	-0.10238105334424144	0.2320426125470046	-0.7009307128207762	0.26154277198620474	-0.24818296431887232	0.1052245202035143	-0.2413965142567417	0.999999999999996	-0.4776658560816765	0.17361490549407166	-0.12815932938291855	0.17600600172289074	-0.2395247311080704	0.2458492810105121	-0.18916367380637822	0.10333367754477747	-0.09760657078179417	0.08662228780787708	-0.18337313318731935	0.13244087908588068	-0.12328604892225897	0.08297904173732265	-0.11366162822431423	0.12439487541698817	-0.10444045087942519	0.06233612528601233	-0.0701730094923387	0.11311470524897935	-0.0914457131599849	0.10912850372627617	-0.08543356028875129
0.11768669891924324	-0.10927900642209736	0.09535504680467148	-0.0928990085718726	0.10908344566413264	-0.10305015184359347	0.1137590806967914	-0.1123914184170917	0.1304624557764925	-0.0986316220925039	0.12155202881799282	-0.12594649493805352	0.1645928066629709	-0.20114996542941546	0.11173046784834142	-0.20072583795618942	0.2931300420253391	-0.4946992826355292	0.27737839959196897	-0.11958263942925144	0.16546571035016183	-0.4776658560816765	0.9999999999999946	-0.2938867411411284	0.14776658559081524	-0.16009467827802212	0.2020002018924323	-0.4791034323733249	0.23416074222442373	-0.12044362106861138	0.09674313986383944	-0.08820482706124733	0.2166765912478319	-0.15736849770670736	0.1344296663518926	-0.09237983294216195	0.12288393339813053	-0.15016968488169974	0.11981912485012386	-0.06828126046674461	0.07744471339956749	-0.1275067916499263	0.10463706316775434	-0.12738083858415272	0.0915511456649679
-0.09613549129099422	0.08928887061457202	-0.08472756287413624	0.08565779930315652	-0.10726817667189902	0.08127224601854054	-0.09313063222925344	0.09607790975096259	-0.12325988969525264	0.10110407664013837	-0.09456604464608209	0.09565118311702568	-0.12564409888905123	0.16879785785850504	-0.13166630797638476	0.13669513550170026	-0.17673828140932984	0.19695385796325282	-0.25458135722735126	0.15308186566479728	-0.1096938123499203	0.17361490549407166	-0.2938867411411284	0.9999999999999925	-0.30955420469375655	0.10147970767253119	-0.1307834283283314	0.21263974012676648	-0.7955188758830416	0.18134768452031952	-0.07458459034345274	0.06633218341879965	-0.15879285478885574	0.14634327364317168	-0.1662567136258145	0.07440617291089165	-0.09973367790655595	0.1155833613940009	-0.10804945072368612	0.08024052020556156	-0.06342518269947617	0.10371864746783466	-0.08616211687495404	0.10531135044707621	-0.10367715035213251
0.10277877429691021	-0.09902350354784048	0.10281285403551865	-0.11192953647256701	0.14638281643374082	-0.086029865894358	0.10160466811275508	-0.11460640786402726	0.15961713696470037	-0.15952499885625276	0.09711381299847979	-0.09959785678839801	0.12797713279056036	-0.19093736024894828	0.2299394993728478	-0.12574048261830706	0.13740943478720227	-0.1414568547542602	0.167815990418997	-0.4391640854288119	0.09471395372331673	-0.12815932938291855	0.14776658559081524	-0.30955420469375655	0.9999999999999934	-0.08579721052371128	0.10554289051125185	-0.1517109274455128	0.22262823194742315	-0.6266727299871022	0.07134671272881186	-0.06306389394658976	0.13685367911073107	-0.16700277289268303	0.26668130695621844	-0.07727691361280634	0.10017016945636849	-0.11476755366552602	0.11393108180842626	-0.13323960815546207	0.06590328520633462	-0.11021468735891074	0.08896064317146674	-0.1133374644029	0.1475445825415482
-0.09424900372688454	0.08209200680684596	-0.06594322772059534	0.062432226101976254	-0.0737275719843894	0.08468086889176706	-0.08544158992773682	0.07603851257311531	-0.08746202408754918	0.06397910744720585	-0.10771765114460348	0.09081407541165223	-0.10441552449525045	0.11843149760832795	-0.07055147668002285	0.27414033023133266	-0.1814484641107227	0.12661535655270553	-0.1380820104610926	0.07167493234073902	-0.5576368724406251	0.17600600172289074	-0.16009467827802212	0.10147970767253119	-0.08579721052371128	0.999999999999996	-0.6943419022283008	0.2089981241609404	-0.11854880608522748	0.0711084726983984	-0.1454159254530387	0.12362301977629533	-0.1520754907621626	0.10206508731987059	-0.08851222260671256	0.07460029880891825	-0.10551105125345574	0.10265733705476404	-0.08279379700879301	0.04492768547802883	-0.060861641244247984	0.09641047446714202	-0.07484003124912567	0.08768378896452471	-0.06188973147877476
0.10993234597326883	-0.10045534139166618	0.07943542700997439	-0.07635811093356332	0.08920183765086981	-0.10245114503823154	0.10183413573021277	-0.0927444336008434	0.10578298568774154	-0.07843967642240326	0.1240760004718464	-0.11058929162676565	0.12438561443831249	-0.14820208169325602	0.08637126283500193	-0.3396591114651269	0.20553149851382183	-0.1624587426015654	0.1645840150478846	-0.08908070666377306	0.29071025648838134	-0.2395247311080704	0.2020002018924323	-0.1307834283283314	0.10554289051125185	-0.6943419022283008	0.9999999999999881	-0.3849921550631883	0.1463002962370172	-0.08904603024069822	0.15472117559025622	-0.16707644249286602	0.1933127862356074	-0.13574101609455108	0.1090212399609382	-0.09637292604044384	0.13158327551445995	-0.13798848021109544	0.10691704460135565	-0.05568214738114592	0.07769110555601043	-0.1260730167370732	0.0971445581430848	-0.11642196681504734	0.07588658677473747
-0.12083421905755266	0.1074660849767345	-0.09528924318865896	0.09192000080750998	-0.11130888030166954	0.10232349381576081	-0.1132678440595633	0.10850302469415873	-0.13128323385846616	0.09832326949745067	-0.12298976861601273	0.11723543885884125	-0.15132506404897034	0.17941070867323805	-0.11312766413349047	0.21019424764786665	-0.258180191782196	0.2354124793704254	-0.2511744008198232	0.11763821375491396	-0.20125227420423136	0.2458492810105121	-0.4791034323733249	0.21263974012676648	-0.1517109274455128	0.2089981241609404	-0.3849921550631883	0.9999999999999898	-0.2791368678953288	0.12506814896566412	-0.13327281174606437	0.12103665836561221	-0.5045609341918705	0.19465199152909582	-0.15393484562100399	0.116101313051329	-0.16854458484414336	0.21211492750446242	-0.16255424545789063	0.07718024290950548	-0.09907088286514662	0.1554778976203002	-0.14299980495320141	0.15981856403366396	-0.1051590682136683
0.10566784916545668	-0.09966503925054199	0.09129364675090205	-0.09297734381294566	0.1127737238193407	-0.09028222026959373	0.1018823144110916	-0.10483879907652457	0.1301971323026737	-0.10749691926346192	0.10372657996816452	-0.10506244782622322	0.13310657443201204	-0.18443659955907887	0.1293149289990041	-0.15841669875888373	0.1793222972205458	-0.20188806221858038	0.2142333967928923	-0.15714865895319044	0.12200511235376246	-0.18916367380637822	0.23416074222442373	-0.7955188758830416	0.22262823194742315	-0.11854880608522748	0.1463002962370172	-0.2791368678953288	0.9999999999999921	-0.19397635177104475	0.08578128715708089	-0.07733965570073825	0.1791971305062086	-0.1858939995706031	0.16597252702180143	-0.08944199614049955	0.11648279678266872	-0.13967951296544776	0.12747960048505358	-0.0848820401666058	0.07546396840155421	-0.12587098086900927	0.10250182338981623	-0.12847984073802438	0.10684832847467622
-0.08482592288712282	0.07987374094278242	-0.08461933811645746	0.0892950471218081	-0.1221639816646523	0.06996140728197603	-0.08316855115955842	0.09204407381360852	-0.13224113300729798	0.11833898675911438	-0.0797187512353971	0.08026250414531934	-0.10421457032697296	0.14528782472947588	-0.18233736486316837	0.102404716714984	-0.11516541063928738	0.11250832420621976	-0.13836569130935697	0.2123104795889247	-0.07895931676957434	0.10333367754477747	-0.12044362106861138	0.18134768452031952	-0.6266727299871022	0.0711084726983984	-0.08904603024069822	0.12506814896566412	-0.19397635177104475	0.99999999999999	-0.06277705714333563	0.05503918591759617	-0.1262503114443497	0.16455975844710866	-0.5822761936114252	0.06718069885512085	-0.09009940822203309	0.10366150859043127	-0.11724281077276859	0.18281466339084365	-0.05825779329938442	0.09504182047313497	-0.08199540729360952	0.10188031276442086	-0.2203537921279582
0.062257730371626796	-0.05635265644499745	0.04827326230680317	-0.047003391742758895	0.05680573820029023	-0.0537199244210406	0.05762478886586633	-0.05482849166707186	0.06613394588502881	-0.04972362304209686	0.06316198670179472	-0.05872954640802977	0.07022700557382648	-0.08637104810659325	0.056097847991484755	-0.1265705098399913	0.10263752608572589	-0.08475463940120695	0.09423847333389274	-0.05789862404106006	0.10731438791555696	-0.09760657078179417	0.09674313986383944	-0.07458459034345274	0.07134671272881186	-0.1454159254530387	0.15472117559025622	-0.13327281174606437	0.08578128715708089	-0.06277705714333563	0.9999999999999913	-0.8786927618716628	0.14662035798417372	-0.12342505288149853	0.08236652037974582	-0.19363060320165504	0.24149341823946827	-0.14975462706586193	0.1059590120961222	-0.04264196456269223	0.1279237580389437	-0.20986354522176973	0.1138396473155831	-0.1326798756259236	0.05795662907461883
-0.054450964139583224	0.048786974044666045	-0.042163363633841454	0.0409070593516833	-0.04968295277886765	0.04658789004442137	-0.05027648300982203	0.047715370747006	-0.05784967177733549	0.043382630955622566	-0.05517891753221558	0.051078640640809504	-0.061689624529576506	0.07504413653811873	-0.049199696479279714	0.10776159432767815	-0.09263375823915938	0.0751560724645348	-0.08439305261313428	0.0505913854550559	-0.09835895116327159	0.08662228780787708	-0.08820482706124733	0.06633218341879965	-0.06306389394658976	0.12362301977629533	-0.16707644249286602	0.12103665836561221	-0.07733965570073825	0.05503918591759617	-0.8786927618716628	0.9999999999999903	-0.14756570608438843	0.10712732037937914	-0.07283611783074631	0.16279167866396244	-0.3321305994934653	0.1387988172659681	-0.09650044659438851	0.037452624604794836	-0.11515254357620724	0.16630829956974819	-0.10110160176177499	0.11193405426775899	-0.05113036461049877
0.1037821567332125	-0.0945584328587624	0.08387321334718299	-0.08251763084086063	0.10007503014827787	-0.08801890100106496	0.09742112421037574	-0.0953905453795795	0.11645552155444056	-0.08925767733615347	0.10267006180079237	-0.09928807399275977	0.12367858122511213	-0.15590406388782224	0.10240059680723006	-0.17441378200806956	0.18327818564637036	-0.1749069244285286	0.17949317730606756	-0.1086771490615117	0.14180032868525397	-0.18337313318731935	0.2166765912478319	-0.15879285478885574	0.13685367911073107	-0.1520754907621626	0.1933127862356074	-0.5045609341918705	0.1791971305062086	-0.1262503114443497	0.14662035798417372	-0.14756570608438843	0.9999999999999932	-0.35383991288736394	0.1639187780172285	-0.17190769671470424	0.22927043991739648	-0.5283271758656575	0.25675515806602156	-0.08367336106103276	0.14037448922105722	-0.23497595872777582	0.22967391415534766	-0.2748018734104641	0.10957986580393059
-0.09359697848135086	0.08362131614138095	-0.07939114719718549	0.078717513205226	-0.09999365593779395	0.07640100219076663	-0.08769620726144735	0.08779030829408854	-0.11383930904449847	0.08925826179839007	-0.0891669530411351	0.0859505218678108	-0.10997290796316674	0.13838592130507957	-0.10927827591471284	0.12987388030050198	-0.15344292018395023	0.13260865412292328	-0.15938677781981458	0.11575639573030705	-0.10966100723922026	0.13244087908588068	-0.15736849770670736	0.14634327364317168	-0.16700277289268303	0.10206508731987059	-0.13574101609455108	0.19465199152909582	-0.1858939995706031	0.16455975844710866	-0.12342505288149853	0.10712732037937914	-0.35383991288736394	0.9999999999999882	-0.301775508222552	0.13340608941645593	-0.20794131895591733	0.2746007614683221	-0.6984979538258852	0.12322720463089684	-0.12342409456536271	0.1815382929592729	-0.223183808157509	0.24746966904431703	-0.15818526908172056
0.09998186201897544	-0.09491074229269889	0.09191649331692124	-0.09686976671616619	0.12064318678955202	-0.08306052415745588	0.09638521442643026	-0.10330423258465289	0.1350186602047365	-0.11980070845547508	0.09375240445659447	-0.09431797896199239	0.11863530942286353	-0.16873409335107908	0.14781286168185329	-0.1276803870972504	0.13595637820034046	-0.1295454163153694	0.15194511009323095	-0.19345287830913457	0.09663749005948755	-0.12328604892225897	0.1344296663518926	-0.1662567136258145	0.26668130695621844	-0.08851222260671256	0.1090212399609382	-0.15393484562100399	0.16597252702180143	-0.5822761936114252	0.08236652037974582	-0.07283611783074631	0.1639187780172285	-0.301775508222552	0.9999999999999889	-0.09396069164554954	0.12229408398912504	-0.147467710441657	0.1693771283227469	-0.42007700482358346	0.08081348499284852	-0.1350966618375244	0.11553718338697301	-0.1503828134290637	0.2746404308017614
-0.058770063638339684	0.05172583655816238	-0.047513090804224827	0.04618204900926401	-0.05780370859268082	0.047959631172543635	-0.0542350581112889	0.05262622905672306	-0.06655465557675029	0.0500618089121112	-0.05624674907335207	0.0531817856131487	-0.06703585297717231	0.08166652631898277	-0.05822876715905613	0.08781721033286302	-0.09651515120788565	0.07963726152260162	-0.09496907754178818	0.05923337186646436	-0.07528349188731281	0.08297904173732265	-0.09237983294216195	0.07440617291089165	-0.07727691361280634	0.07460029880891825	-0.09637292604044384	0.116101313051329	-0.08944199614049955	0.06718069885512085	-0.19363060320165504	0.16279167866396244	-0.17190769671470424	0.13340608941645593	-0.09396069164554954	0.9999999999999898	-0.5603297251135365	0.18739499357055592	-0.13693312812401515	0.04814309389629702	-0.6734111624862409	0.3077248269297823	-0.16571171140077798	0.15593841060385527	-0.06688272177870669
0.07743160641464021	-0.06949187385548837	0.062475562773190246	-0.06118209529014061	0.0753944260492792	-0.06436874379841286	0.07186258708087755	-0.06999201675272676	0.0870539142946653	-0.06606718191553203	0.07494333574129	-0.07136252185614696	0.08858497700417307	-0.1102281971791263	0.076005258919247	-0.12351665187504168	0.1255506502758096	-0.10748067692900376	0.12297729481653578	-0.07873255816637117	0.10120291110888703	-0.11366162822431423	0.12288393339813053	-0.09973367790655595	0.10017016945636849	-0.10551105125345574	0.13158327551445995	-0.16854458484414336	0.11648279678266872	-0.09009940822203309	0.24149341823946827	-0.3321305994934653	0.22927043991739648	-0.20794131895591733	0.12229408398912504	-0.5603297251135365	0.9999999999999893	-0.38087451781908016	0.1949254777559278	-0.06346614027225303	0.28046798226544056	-0.4283387520816937	0.22309285828467626	-0.24541186955922797	0.08572410160825904
-0.08132058243210435	0.07235042164362913	-0.06638409951190484	0.06495231959779786	-0.080828749605625	0.06702428282843999	-0.07570165773071892	0.07407854579597195	-0.09324490274497409	0.07111276985411119	-0.07867249583040677	0.07515632383332273	-0.09530849809834033	0.11749687604790995	-0.08348429052404564	0.12278148842263581	-0.14019863322242462	0.12081736917881326	-0.13996787590197254	0.08668547992267693	-0.10518784015155175	0.12439487541698817	-0.15016968488169974	0.1155833613940009	-0.11476755366552602	0.10265733705476404	-0.13798848021109544	0.21211492750446242	-0.13967951296544776	0.10366150859043127	-0.14975462706586193	0.1387988172659681	-0.5283271758656575	0.2746007614683221	-0.147467710441657	0.18739499357055592	-0.38087451781908016	0.9999999999999882	-0.42796237891626365	0.07410755231629083	-0.1655314640620133	0.24017944064045477	-0.4445845990721765	0.29757438521073404	-0.09995536554347115
0.07195712804799904	-0.06490555639302589	0.06017610534695449	-0.05975850191463157	0.07445975478378788	-0.05933645875620896	0.06740155272825367	-0.06718068202870844	0.08529287811002462	-0.06683651455816446	0.06892364359315858	-0.06658317367708735	0.08410473195610874	-0.10691876831837235	0.0792227703993199	-0.10455886600178951	0.11686394237389035	-0.10299342620266871	0.11937546722474397	-0.08550383719822567	0.08601920807051919	-0.10444045087942519	0.11981912485012386	-0.10804945072368612	0.11393108180842626	-0.08279379700879301	0.10691704460135565	-0.16255424545789063	0.12747960048505358	-0.11724281077276859	0.1059590120961222	-0.09650044659438851	0.25675515806602156	-0.6984979538258852	0.1693771283227469	-0.13693312812401515	0.1949254777559278	-0.42796237891626365	0.9999999999999892	-0.08501011614556331	0.12130789489623643	-0.1953538170368766	0.25235772109067545	-0.4074993415365266	0.10436522134525868
-0.05121069707901353	0.04819128965103781	-0.04697079343093996	0.04900269979951107	-0.06190219224111267	0.04228018506230546	-0.0491938641079517	0.052372459654830096	-0.06912512907741764	0.059555951769099384	-0.04784939285701413	0.047854099623017586	-0.06042297119000693	0.08417960754495853	-0.07483409453170216	0.0646974442852664	-0.06974073400182439	0.06539334727969712	-0.07777534059456391	0.08983200066186355	-0.04933546335346191	0.06233612528601233	-0.06828126046674461	0.08024052020556156	-0.13323960815546207	0.04492768547802883	-0.05568214738114592	0.07718024290950548	-0.0848820401666058	0.18281466339084365	-0.04264196456269223	0.037452624604794836	-0.08367336106103276	0.12322720463089684	-0.42007700482358346	0.04814309389629702	-0.06346614027225303	0.07410755231629083	-0.08501011614556331	0.9999999999999879	-0.04192404724361265	0.06926536825349458	-0.06166502014505948	0.07965493595952866	-0.8485758512833921
0.049798027786251337	-0.04412280461363075	0.04042420206481959	-0.039444181279520464	0.04919764009602481	-0.04075253672078638	0.04605829128656239	-0.04488401387260411	0.05662599992834215	-0.042802180032090305	0.04758369063963308	-0.045214386851590696	0.0568302081828285	-0.06993749624754446	0.04965492069212022	-0.07413623794482181	0.08063053393087707	-0.06757531794936723	0.07978349343683842	-0.05088034916717095	0.06195702657145068	-0.0701730094923387	0.07744471339956749	-0.06342518269947617	0.06590328520633462	-0.060861641244247984	0.07769110555601043	-0.09907088286514662	0.07546396840155421	-0.05825779329938442	0.1279237580389437	-0.11515254357620724	0.14037448922105722	-0.12342409456536271	0.08081348499284852	-0.6734111624862409	0.28046798226544056	-0.1655314640620133	0.12130789489623643	-0.04192404724361265	0.999999999999988	-0.6151444371118745	0.1737476730177061	-0.173713244609462	0.05760407059265213
-0.08209095639933534	0.07174587768126994	-0.06674152876386882	0.06476954552100192	-0.08171332737150203	0.06635506524267207	-0.07564293043378531	0.07351278121639548	-0.0938601552399615	0.07049076495383103	-0.07789276657997693	0.07364354351493871	-0.09355317854971792	0.11336584502675487	-0.0825152220596042	0.11706651278267394	-0.13430503042946043	0.10996277809904792	-0.13330990629174824	0.08342379562027472	-0.10080289822493785	0.11311470524897935	-0.1275067916499263	0.10371864746783466	-0.11021468735891074	0.09641047446714202	-0.1260730167370732	0.1554778976203002	-0.12587098086900927	0.09504182047313497	-0.20986354522176973	0.16630829956974819	-0.23497595872777582	0.1815382929592729	-0.1350966618375244	0.3077248269297823	-0.4283387520816937	0.24017944064045477	-0.1953538170368766	0.06926536825349458	-0.6151444371118745	0.9999999999999873	-0.3632810384386624	0.2425532012626818	-0.09722702153326515
0.06262982692755975	-0.055801875324739805	0.051406494202718936	-0.050437753800456925	0.06291132473797852	-0.05141501313001324	0.05824969102800504	-0.05722094275945999	0.07234989455046201	-0.05535878337596586	0.06003796330704852	-0.057447170448335	0.07259441882383506	-0.09018235753491591	0.06490869944046529	-0.09230621647827217	0.10358656208324657	-0.0890948714032567	0.1038192342724285	-0.0676172395020439	0.07722423223474521	-0.0914457131599849	0.10463706316775434	-0.08616211687495404	0.08896064317146674	-0.07484003124912567	0.0971445581430848	-0.14299980495320141	0.10250182338981623	-0.08199540729360952	0.1138396473155831	-0.10110160176177499	0.22967391415534766	-0.223183808157509	0.11553718338697301	-0.16571171140077798	0.22309285828467626	-0.4445845990721765	0.25235772109067545	-0.06166502014505948	0.1737476730177061	-0.3632810384386624	0.9999999999999875	-0.7231358561936991	0.0824640563677341
