1.0000000000000002	-0.8784702015295021	0.05801939129254907	-0.03667248373469606	0.03460920383310867	-0.3461794252348375	0.2554780006211487	-0.05912813741179262	0.05285025843111688	-0.037625997540647375	0.15275134371153962	-0.16406009858343262	0.055109589157914786	-0.035768011680633365	0.02811288433950586	-0.11254527609174524	0.1101117042462941	-0.05129893723929902	0.03719991340023046	-0.03363316686836127	0.0860342917034967	-0.06534785700649695	0.05038144760431887	-0.03974862423111868	0.030309986956568894	-0.07294321480494732	0.04864371444713918	-0.05261626108442579	0.03058452349620517	-0.02955199141862239	0.03918664856940973	-0.03201355228353473	0.03274795029445189	-0.031157306406228796	0.02288810135103745	-0.05626384624804464	0.036209111734195124	-0.028628043921965204	0.02473681724804746	-0.022312440172749585
-0.8784702015295021	1.0	-0.06758150645971375	0.0394930318830183	-0.03698995688789709	0.2433985527893491	-0.36438951592766294	0.06741130253974574	-0.05791663320114408	0.03919929593244543	-0.14709902718448187	0.15116814741621298	-0.05482840512582989	0.03661097364113321	-0.028917891619563086	0.10207278640215575	-0.10948608154271053	0.05002834797440607	-0.036538575887806825	0.03277498428526045	-0.08295840930118041	0.061546856886597764	-0.048278385412797754	0.038141273695225485	-0.02930508355505549	0.0667239557089378	-0.04601796981711036	0.04927494026284937	-0.029371391914731877	0.0282760878827628	-0.03623175382233293	0.03005147590764637	-0.031018447765391925	0.029410579284149842	-0.02177009668374178	0.051288332825069914	-0.03425936418139244	0.026940761837910127	-0.02346377518252099	0.021080791325666336
0.05801939129254907	-0.06758150645971375	1.0000000000000004	-0.35711472075592826	0.19865163723349294	-0.11590191398413774	0.14073184670798067	-0.8204107204064726	0.28182715312764944	-0.2194572845815484	0.07482774192020986	-0.0982731482351754	0.09864942628244569	-0.16134334845780518	0.11883149924416236	-0.075005852270013	0.08099785972944036	-0.09269442464971592	0.07751859910327402	-0.07417361319549644	0.07037025506326088	-0.0666127818279437	0.05864351890337218	-0.06652841546901415	0.05166587456730672	-0.06906163372596988	0.050889213597764674	-0.05975349174270515	0.04566231475739167	-0.047590012137458976	0.03823729348668192	-0.0340622403539428	0.039958141957245445	-0.040430171054355535	0.030760387711739015	-0.05548908150034469	0.03850872492410923	-0.035084394960702	0.03139025780387081	-0.029572370444482726
-0.03667248373469606	0.0394930318830183	-0.35711472075592826	1.0000000000000004	-0.700701764259666	0.0670457441480459	-0.08425891419000525	0.23445285293629706	-0.48900004996844615	0.28090804951759535	-0.04979467720273009	0.0618194443496749	-0.07871482373307846	0.18233235216057525	-0.16340766669530307	0.05343774316826965	-0.06116763683096973	0.07163764365007508	-0.07768096256368077	0.07193908623388943	-0.05628256949594011	0.0541568348266035	-0.04983225974127389	0.061368270366155615	-0.04904612265027008	0.05473883644445792	-0.04248418947853012	0.04989504639023096	-0.04233527819333155	0.044016860043684936	-0.03094018626349934	0.028505893258265882	-0.03506826556121327	0.03576254702805458	-0.027798967483755103	0.044391186208524225	-0.03257449535613226	0.030567200767437137	-0.027942639566986893	0.02635005131707826
0.03460920383310867	-0.03698995688789709	0.19865163723349294	-0.700701764259666	1.0000000000000007	-0.06400050938616281	0.07575949666977355	-0.18260142542050847	0.2958420188599548	-0.5345300997628601	0.049586094039788836	-0.061374137891665	0.08651030634695597	-0.2498278166767132	0.20522396524764533	-0.05603794062257979	0.06425244546710361	-0.08167270408026253	0.09427387172870491	-0.09081603240292867	0.06065403560524962	-0.06096673025274539	0.056730279703251785	-0.07483041273675596	0.059236053088742434	-0.06098711105087648	0.047725926415285926	-0.05706333852223059	0.05004141635033606	-0.05310299036759052	0.0344737440436215	-0.032136590429742075	0.040255558563209906	-0.041623360340641576	0.03233437274601952	-0.049725976809773136	0.036577183867499356	-0.03524199780307116	0.03222326689436068	-0.030729974385788783
-0.3461794252348375	0.2433985527893491	-0.11590191398413774	0.0670457441480459	-0.06400050938616281	1.0000000000000009	-0.6225382624557967	0.11295997955248478	-0.10031736953876527	0.0670244339827528	-0.5332004456051259	0.3003397230479626	-0.10574482530574326	0.06420377508867856	-0.051044442899410784	0.2203235122840247	-0.23478151979663536	0.09513532766132285	-0.06750344658270997	0.05979536467736401	-0.1751514872080711	0.11826560332676637	-0.0924079984261369	0.07018383350432966	-0.05412875242775483	0.12353643646078259	-0.08708307457083661	0.09152417687504615	-0.05411027681391175	0.05165131191699472	-0.06703092889077351	0.05594695558655459	-0.05721641319108853	0.053689780497695225	-0.039779113986590814	0.09272658820491302	-0.06416770854125395	0.04923976599426412	-0.04300546422604049	0.0383025181810628
0.2554780006211487	-0.36438951592766294	0.14073184670798067	-0.08425891419000525	0.07575949666977355	-0.6225382624557967	1.000000000000001	-0.17740106466451205	0.11892686328690442	-0.0831649582384775	0.29456064277311705	-0.472699660497861	0.11614747260654054	-0.0776967959821192	0.06037045501078796	-0.23076523329420406	0.22606748324768133	-0.10996094035876891	0.07650233812711228	-0.06980539106922173	0.16673395730423216	-0.13360740461636317	0.1013320576467143	-0.08113654355703229	0.06152769858612711	-0.14735881326372777	0.09711128712995148	-0.10652652362662351	0.06145049261561827	-0.059900949307712975	0.0783499150060633	-0.06400131834751725	0.06538031655714777	-0.06253077986039807	0.04568915088087854	-0.11352732939839949	0.07185554718345688	-0.05732312295259499	0.049306860465231056	-0.044688349413374656
-0.05912813741179262	0.06741130253974574	-0.8204107204064726	0.23445285293629706	-0.18260142542050847	0.11295997955248478	-0.17740106466451205	1.0000000000000022	-0.4191609005308328	0.17918097352556173	-0.07424720260244602	0.09671247955734494	-0.10498799038066126	0.1397520945544808	-0.10781196434463851	0.07115461618620618	-0.07875108817678331	0.0891545958517899	-0.07058693216124226	0.06552845063026592	-0.0660751627255797	0.06123851411310998	-0.0540300126121785	0.05910152662096043	-0.04625508791208883	0.06256801229284044	-0.04651691431969026	0.05415422590961513	-0.040961081582923296	0.04224381369163412	-0.03464631598755423	0.030926185613287176	-0.036048679354182385	0.036180545912979985	-0.02756297467881827	0.04988971507279391	-0.035069900672203766	0.03146793446585529	-0.0282102596038706	0.02638600005612271
0.05285025843111688	-0.05791663320114408	0.28182715312764944	-0.48900004996844615	0.2958420188599548	-0.10031736953876527	0.11892686328690442	-0.4191609005308328	1.0000000000000018	-0.4826150279261643	0.07423254719253763	-0.0935244741818989	0.12418812401805102	-0.37997587086180806	0.24502511155157908	-0.08206860240624904	0.09264208028742867	-0.11824220389260953	0.12922647601343606	-0.12458900878091626	0.08600002411758285	-0.08624528808042292	0.0794108572156288	-0.10322966226348675	0.08103983078992005	-0.08677753133277058	0.06701474800359314	-0.08019953446403691	0.06862208578556282	-0.07302232997684278	0.04879085806580543	-0.04509599990696252	0.055821016552631754	-0.057652439998966375	0.04453252389777048	-0.0706039760752094	0.051173363038321595	-0.04897027634242733	0.044523877130138355	-0.042482629815111125
-0.037625997540647375	0.03919929593244543	-0.2194572845815484	0.28090804951759535	-0.5345300997628601	0.0670244339827528	-0.0831649582384775	0.17918097352556173	-0.4826150279261643	1.0000000000000029	-0.05446648141833851	0.06642156279027504	-0.10599737063385531	0.29630709549301615	-0.5158395144107666	0.06141826491255008	-0.07305527144206785	0.09345352644272341	-0.12004951931756117	0.10570877774810239	-0.06859555223821748	0.06764350747605702	-0.06461689740111179	0.08426086707606503	-0.07023264629865145	0.06574399756873338	-0.05344883538827327	0.06298147138046829	-0.0583281607219423	0.06019224772175219	-0.03754176888257526	0.03574077968804706	-0.04564419360765468	0.04671995764152019	-0.036947352844462426	0.053240496977252305	-0.041130215355140366	0.03933823726735639	-0.03665064906453584	0.03445425565699053
0.15275134371153962	-0.14709902718448187	0.07482774192020986	-0.04979467720273009	0.049586094039788836	-0.5332004456051259	0.29456064277311705	-0.07424720260244602	0.07423254719253763	-0.05446648141833851	1.0000000000000009	-0.5996566365532946	0.11380308738548221	-0.0568451850927559	0.04478392617568729	-0.43619009317253205	0.28147116143568157	-0.10732601207519286	0.06890725024289376	-0.061548880895589714	0.19873027052815764	-0.13966135904370422	0.10194558983091576	-0.07473312230374597	0.0566078731171785	-0.14748435197939458	0.09674882228691112	-0.10331114278872967	0.05687078968021393	-0.054471017204999854	0.07617620174016157	-0.06213462901245931	0.061566407531462516	-0.05777078162755691	0.04199887152410601	-0.1072037445440957	0.06994143233675751	-0.05328456433226242	0.04574337468053362	-0.0408240638288596
-0.16406009858343262	0.15116814741621298	-0.0982731482351754	0.0618194443496749	-0.061374137891665	0.3003397230479626	-0.472699660497861	0.09671247955734494	-0.0935244741818989	0.06642156279027504	-0.5996566365532946	1.0000000000000016	-0.16788090458622495	0.07024393514055766	-0.055550343077606305	0.283856444480544	-0.47181483424881854	0.1416267070700138	-0.08443989928274175	0.07382373233503699	-0.20405569329006987	0.1553075954682544	-0.11906405392979132	0.08613024923749334	-0.06615146442416918	0.14647080215064243	-0.10686427246759064	0.11249423556433055	-0.06496378197900328	0.06201588641198985	-0.07829903609905595	0.06715688062386854	-0.06803832445305834	0.06358803883401715	-0.04676096191767824	0.10836320236079028	-0.07662931982300919	0.05818622596972463	-0.05059341834881567	0.0449691768511562
0.055109589157914786	-0.05482840512582989	0.09864942628244569	-0.07871482373307846	0.08651030634695597	-0.10574482530574326	0.11614747260654054	-0.10498799038066126	0.12418812401805102	-0.10599737063385531	0.11380308738548221	-0.16788090458622495	1.0000000000000022	-0.17360006292282684	0.11672848916042036	-0.1472693833285351	0.18568317103295545	-0.8658849938047135	0.204779291303766	-0.19053733106362541	0.13386075375725376	-0.16342870394272363	0.15978633285434518	-0.1593214502423727	0.11988259337300301	-0.13102809575243934	0.10948545378713233	-0.14232242329868514	0.0984916318894699	-0.10433337226887461	0.07123046360578164	-0.06982630425658742	0.08233409319509544	-0.08243053429279697	0.06124059430295023	-0.10122944294742947	0.07772104012373343	-0.07032228604001375	0.06233214913693946	-0.05827534848620001
-0.035768011680633365	0.03661097364113321	-0.16134334845780518	0.18233235216057525	-0.2498278166767132	0.06420377508867856	-0.0776967959821192	0.1397520945544808	-0.37997587086180806	0.29630709549301615	-0.0568451850927559	0.07024393514055766	-0.17360006292282684	1.0000000000000002	-0.7555774234809334	0.06725692255028543	-0.08268144379078893	0.13955810359119108	-0.2281620039836892	0.16186451513525005	-0.07519117803235817	0.07991270631391507	-0.07952086636478248	0.11433263138642955	-0.0971619592737745	0.07208468874637027	-0.061274508376744335	0.07427921655603659	-0.07397199590247948	0.077835236739599	-0.04097360329992001	0.04046549393073021	-0.05311206722465015	0.055036420135246227	-0.04359315348166466	0.05769442750661158	-0.04637681640408573	0.04523053784937427	-0.04251354010738903	0.04016652897704371
0.02811288433950586	-0.028917891619563086	0.11883149924416236	-0.16340766669530307	0.20522396524764533	-0.051044442899410784	0.06037045501078796	-0.10781196434463851	0.24502511155157908	-0.5158395144107666	0.04478392617568729	-0.055550343077606305	0.11672848916042036	-0.7555774234809334	0.9999999999999993	-0.053881526477374105	0.06484254625137816	-0.10998897170085621	0.1520744835825274	-0.14847281407536347	0.06008038258055653	-0.0655959471202101	0.06435662126299377	-0.09793985713627079	0.08114414753836355	-0.05923983693062972	0.04987793919006713	-0.0614106126622933	0.061027013439560816	-0.06634646279467063	0.03352266291042071	-0.03308130611887565	0.04347749707994688	-0.04561278570995887	0.035850455951817906	-0.04753635649383747	0.03768231916979626	-0.03729719696054379	0.034834541449843645	-0.03329401435439608
-0.11254527609174524	0.10207278640215575	-0.075005852270013	0.05343774316826965	-0.05603794062257979	0.2203235122840247	-0.23076523329420406	0.07115461618620618	-0.08206860240624904	0.06141826491255008	-0.43619009317253205	0.283856444480544	-0.1472693833285351	0.06725692255028543	-0.053881526477374105	0.9999999999999983	-0.6025815817374767	0.1366717665467548	-0.09128595887353136	0.07904540503604744	-0.4975551635495745	0.21057798876742068	-0.15315513453455262	0.10065891849992795	-0.0769889536523804	0.21122062248330967	-0.14397288195468447	0.14442788380905072	-0.07793088806311915	0.07279743446879573	-0.10976943865047993	0.08865353672796424	-0.08553690558566908	0.07829174282700878	-0.057096011205989866	0.14439481033933868	-0.1014333335275474	0.0726495765401083	-0.06272531785611704	0.054885503870903886
0.1101117042462941	-0.10948608154271053	0.08099785972944036	-0.06116763683096973	0.06425244546710361	-0.23478151979663536	0.22606748324768133	-0.07875108817678331	0.09264208028742867	-0.07305527144206785	0.28147116143568157	-0.47181483424881854	0.18568317103295545	-0.08268144379078893	0.06484254625137816	-0.6025815817374767	0.9999999999999996	-0.21968962507975065	0.11501698838203842	-0.10253634023733972	0.2834247763799621	-0.3152546521127714	0.18781910505364954	-0.1290813841487291	0.0955086193310568	-0.24583054495876744	0.16893517821247148	-0.18514020442195261	0.0952922873127913	-0.0913848245704914	0.1250532537274219	-0.10672043055244998	0.10378797933685525	-0.09726814690248398	0.06956019419012963	-0.1792274694448031	0.11752903105965465	-0.08965680675655659	0.07601879692806654	-0.06790476394663661
-0.05129893723929902	0.05002834797440607	-0.09269442464971592	0.07163764365007508	-0.08167270408026253	0.09513532766132285	-0.10996094035876891	0.0891545958517899	-0.11824220389260953	0.09345352644272341	-0.10732601207519286	0.1416267070700138	-0.8658849938047135	0.13955810359119108	-0.10998897170085621	0.1366717665467548	-0.21968962507975065	1.000000000000001	-0.2668003431725368	0.1741652965929705	-0.1298168468162845	0.15347783179582536	-0.18144586752539313	0.14639490331600422	-0.11696637055702316	0.11596284186812086	-0.10409865903851905	0.1304517256516079	-0.09383590748626824	0.09508628354412851	-0.06392222889173733	0.06446414632126769	-0.07687245201133304	0.07514253630075929	-0.056723295563110086	0.08861120168123857	-0.0729622107275203	0.06398960486524267	-0.0577083386361606	0.05289894544297251
0.03719991340023046	-0.036538575887806825	0.07751859910327402	-0.07768096256368077	0.09427387172870491	-0.06750344658270997	0.07650233812711228	-0.07058693216124226	0.12922647601343606	-0.12004951931756117	0.06890725024289376	-0.08443989928274175	0.204779291303766	-0.2281620039836892	0.1520744835825274	-0.09128595887353136	0.11501698838203842	-0.2668003431725368	1.000000000000002	-0.7562912177496598	0.10969114383228294	-0.1427480521667102	0.1522264632383295	-0.3572367488670741	0.2728573410764708	-0.10867447066863967	0.1029834933300239	-0.13544281048455495	0.1706099670305537	-0.20092979883856765	0.061545241831490446	-0.06710981204995527	0.09697016003243747	-0.10681876109248721	0.08486927031014231	-0.08550752630302812	0.07600421563617354	-0.081128222465638	0.07822705333663316	-0.07654849111923469
-0.03363316686836127	0.03277498428526045	-0.07417361319549644	0.07193908623388943	-0.09081603240292867	0.05979536467736401	-0.06980539106922173	0.06552845063026592	-0.12458900878091626	0.10570877774810239	-0.061548880895589714	0.07382373233503699	-0.19053733106362541	0.16186451513525005	-0.14847281407536347	0.07904540503604744	-0.10253634023733972	0.1741652965929705	-0.7562912177496598	1.0	-0.0989537951538756	0.1193790777663393	-0.13530197372052044	0.2724000625926785	-0.45806414976646065	0.09286497691802337	-0.09157533508853585	0.11477453437227315	-0.18506728831020758	0.1929813593383261	-0.053564674527501126	0.05974572290129228	-0.09239630173001614	0.10045388367003875	-0.08444996165457075	0.07303084013761894	-0.06908832818829658	0.07464433812539069	-0.07579974153337507	0.07174494277216471
0.0860342917034967	-0.08295840930118041	0.07037025506326088	-0.05628256949594011	0.06065403560524962	-0.1751514872080711	0.16673395730423216	-0.0660751627255797	0.08600002411758285	-0.06859555223821748	0.19873027052815764	-0.20405569329006987	0.13386075375725376	-0.07519117803235817	0.06008038258055653	-0.4975551635495745	0.2834247763799621	-0.1298168468162845	0.10969114383228294	-0.0989537951538756	0.9999999999999983	-0.3839002289230524	0.2201517104044248	-0.14346987868467015	0.10513810104085243	-0.5201593445571133	0.2351454106200943	-0.24501963940451105	0.11204335001688555	-0.10535358760705561	0.21204299832788687	-0.1507700915485388	0.13422989011230957	-0.12356742114363942	0.08682505128248369	-0.2927331005595049	0.1639676904862764	-0.11703382348692679	0.09720711754169312	-0.08568822589455224
-0.06534785700649695	0.061546856886597764	-0.0666127818279437	0.0541568348266035	-0.06096673025274539	0.11826560332676637	-0.13360740461636317	0.06123851411310998	-0.08624528808042292	0.06764350747605702	-0.13966135904370422	0.1553075954682544	-0.16342870394272363	0.07991270631391507	-0.0655959471202101	0.21057798876742068	-0.3152546521127714	0.15347783179582536	-0.1427480521667102	0.1193790777663393	-0.3839002289230524	0.9999999999999994	-0.6296093425797498	0.19467522099246215	-0.15003164143538353	0.24161921643618983	-0.3856297753513445	0.302177580185555	-0.14608428378584581	0.12539838495923195	-0.13588139721945955	0.1694555176008412	-0.15766984959578437	0.1326530350549962	-0.09612389318791215	0.16921161816602992	-0.197658194983483	0.12296707724238443	-0.10688927177889188	0.0892824947589408
0.05038144760431887	-0.048278385412797754	0.05864351890337218	-0.04983225974127389	0.056730279703251785	-0.0924079984261369	0.1013320576467143	-0.0540300126121785	0.0794108572156288	-0.06461689740111179	0.10194558983091576	-0.11906405392979132	0.15978633285434518	-0.07952086636478248	0.06435662126299377	-0.15315513453455262	0.18781910505364954	-0.18144586752539313	0.1522264632383295	-0.13530197372052044	0.2201517104044248	-0.6296093425797498	0.9999999999999988	-0.31673568215220776	0.17240142861574156	-0.21287192251714815	0.2690717823914545	-0.5280971590262465	0.15957105412518316	-0.14450748401929728	0.11570988539164699	-0.14667985509562498	0.16476812230905674	-0.14552970407658036	0.09859771841294873	-0.15365086243180245	0.1575492690962239	-0.12925376573957284	0.10767255965913203	-0.09353657218780609
-0.03974862423111868	0.038141273695225485	-0.06652841546901415	0.061368270366155615	-0.07483041273675596	0.07018383350432966	-0.08113654355703229	0.05910152662096043	-0.10322966226348675	0.08426086707606503	-0.07473312230374597	0.08613024923749334	-0.1593214502423727	0.11433263138642955	-0.09793985713627079	0.10065891849992795	-0.1290813841487291	0.14639490331600422	-0.3572367488670741	0.2724000625926785	-0.14346987868467015	0.19467522099246215	-0.31673568215220776	0.999999999999999	-0.6364562797297905	0.13065167151238913	-0.14724249339951007	0.18899955333432608	-0.39804419758259046	0.28697090947725684	-0.0762506645369489	0.09212955648886632	-0.15342701343491308	0.16450662729723695	-0.132897207777726	0.10115921572724032	-0.10721257922138144	0.11624548413202998	-0.12220124700249371	0.1094127004936655
0.030309986956568894	-0.02930508355505549	0.05166587456730672	-0.04904612265027008	0.059236053088742434	-0.05412875242775483	0.06152769858612711	-0.04625508791208883	0.08103983078992005	-0.07023264629865145	0.0566078731171785	-0.06615146442416918	0.11988259337300301	-0.0971619592737745	0.08114414753836355	-0.0769889536523804	0.0955086193310568	-0.11696637055702316	0.2728573410764708	-0.45806414976646065	0.10513810104085243	-0.15003164143538353	0.17240142861574156	-0.6364562797297905	0.9999999999999977	-0.10371288095998862	0.1082781134135686	-0.14740210713642424	0.27468265965151034	-0.455670110292995	0.059568317079218336	-0.07066025896411302	0.117041677101731	-0.13713322104669415	0.11420977284811512	-0.08108676345364067	0.0804223995315738	-0.09459637613493366	0.0967389528338867	-0.09721120432958426
-0.07294321480494732	0.0667239557089378	-0.06906163372596988	0.05473883644445792	-0.06098711105087648	0.12353643646078259	-0.14735881326372777	0.06256801229284044	-0.08677753133277058	0.06574399756873338	-0.14748435197939458	0.14647080215064243	-0.13102809575243934	0.07208468874637027	-0.05923983693062972	0.21122062248330967	-0.24583054495876744	0.11596284186812086	-0.10867447066863967	0.09286497691802337	-0.5201593445571133	0.24161921643618983	-0.21287192251714815	0.13065167151238913	-0.10371288095998862	0.9999999999999966	-0.3830771025033573	0.23035145383350988	-0.11468056349621245	0.10076013527283521	-0.4958851101715806	0.19260441417213822	-0.1475138479167926	0.12217063286157062	-0.0910109232664749	0.3034732942607371	-0.23512952899792317	0.12013569655879887	-0.10533588328458449	0.08508103263486601
0.04864371444713918	-0.04601796981711036	0.050889213597764674	-0.04248418947853012	0.047725926415285926	-0.08708307457083661	0.09711128712995148	-0.04651691431969026	0.06701474800359314	-0.05344883538827327	0.09674882228691112	-0.10686427246759064	0.10948545378713233	-0.061274508376744335	0.04987793919006713	-0.14397288195468447	0.16893517821247148	-0.10409865903851905	0.1029834933300239	-0.09157533508853585	0.2351454106200943	-0.3856297753513445	0.2690717823914545	-0.14724249339951007	0.1082781134135686	-0.3830771025033573	0.9999999999999981	-0.5696235953120113	0.1227376988054507	-0.11086519335609168	0.17876227973565836	-0.42855102480676754	0.18863632544037304	-0.1536259002201054	0.0997926116586234	-0.22090916022576618	0.2771173010409825	-0.15636302907049027	0.11891076812399434	-0.0986441367389325
-0.05261626108442579	0.04927494026284937	-0.05975349174270515	0.04989504639023096	-0.05706333852223059	0.09152417687504615	-0.10652652362662351	0.05415422590961513	-0.08019953446403691	0.06298147138046829	-0.10331114278872967	0.11249423556433055	-0.14232242329868514	0.07427921655603659	-0.0614106126622933	0.14442788380905072	-0.18514020442195261	0.1304517256516079	-0.13544281048455495	0.11477453437227315	-0.24501963940451105	0.302177580185555	-0.5280971590262465	0.18899955333432608	-0.14740210713642424	0.23035145383350988	-0.5696235953120113	0.999999999999998	-0.16705030364565426	0.1379471963846946	-0.13958975569998588	0.21850871915976677	-0.29612578935105144	0.1824587096160165	-0.1211959172762464	0.1657658298172046	-0.25693078212430426	0.17415758143989296	-0.14322001019877584	0.113417343655462
0.03058452349620517	-0.029371391914731877	0.04566231475739167	-0.04233527819333155	0.05004141635033606	-0.05411027681391175	0.06145049261561827	-0.040961081582923296	0.06862208578556282	-0.0583281607219423	0.05687078968021393	-0.06496378197900328	0.0984916318894699	-0.07397199590247948	0.061027013439560816	-0.07793088806311915	0.0952922873127913	-0.09383590748626824	0.1706099670305537	-0.18506728831020758	0.11204335001688555	-0.14608428378584581	0.15957105412518316	-0.39804419758259046	0.27468265965151034	-0.11468056349621245	0.1227376988054507	-0.16705030364565426	0.9999999999999966	-0.7348220815110637	0.06752377882337497	-0.08726124074834551	0.18931088451601014	-0.33780071965399666	0.19021442173875547	-0.09162228414505702	0.0993642110442324	-0.151822402012865	0.16165778931280145	-0.1656942229895442
-0.02955199141862239	0.0282760878827628	-0.047590012137458976	0.044016860043684936	-0.05310299036759052	0.05165131191699472	-0.059900949307712975	0.04224381369163412	-0.07302232997684278	0.06019224772175219	-0.054471017204999854	0.06201588641198985	-0.10433337226887461	0.077835236739599	-0.06634646279467063	0.07279743446879573	-0.0913848245704914	0.09508628354412851	-0.20092979883856765	0.1929813593383261	-0.10535358760705561	0.12539838495923195	-0.14450748401929728	0.28697090947725684	-0.455670110292995	0.10076013527283521	-0.11086519335609168	0.1379471963846946	-0.7348220815110637	0.999999999999997	-0.06044616103928604	0.07806906243584456	-0.1746620547639517	0.21541803039925592	-0.22440486517321467	0.08039613343786348	-0.09191738514350815	0.13209202269039966	-0.15506791692835206	0.15420221397225753
0.03918664856940973	-0.03623175382233293	0.03823729348668192	-0.03094018626349934	0.0344737440436215	-0.06703092889077351	0.0783499150060633	-0.03464631598755423	0.04879085806580543	-0.03754176888257526	0.07617620174016157	-0.07829903609905595	0.07123046360578164	-0.04097360329992001	0.03352266291042071	-0.10976943865047993	0.1250532537274219	-0.06392222889173733	0.061545241831490446	-0.053564674527501126	0.21204299832788687	-0.13588139721945955	0.11570988539164699	-0.0762506645369489	0.059568317079218336	-0.4958851101715806	0.17876227973565836	-0.13958975569998588	0.06752377882337497	-0.06044616103928604	0.9999999999999973	-0.16422511725810357	0.09267979430759865	-0.07797750448419505	0.05669578775870177	-0.7912643953928691	0.1720095765188367	-0.07976689818496455	0.06685008752749061	-0.05420183264990516
-0.03201355228353473	0.03005147590764637	-0.0340622403539428	0.028505893258265882	-0.032136590429742075	0.05594695558655459	-0.06400131834751725	0.030926185613287176	-0.04509599990696252	0.03574077968804706	-0.06213462901245931	0.06715688062386854	-0.06982630425658742	0.04046549393073021	-0.03308130611887565	0.08865353672796424	-0.10672043055244998	0.06446414632126769	-0.06710981204995527	0.05974572290129228	-0.1507700915485388	0.1694555176008412	-0.14667985509562498	0.09212955648886632	-0.07066025896411302	0.19260441417213822	-0.42855102480676754	0.21850871915976677	-0.08726124074834551	0.07806906243584456	-0.16422511725810357	0.9999999999999984	-0.1912014069654576	0.1280197789355085	-0.08458739561620476	0.17825949024806423	-0.8095007572387958	0.1509067803955201	-0.11257909022286793	0.08258805304029528
0.03274795029445189	-0.031018447765391925	0.039958141957245445	-0.03506826556121327	0.040255558563209906	-0.05721641319108853	0.06538031655714777	-0.036048679354182385	0.055821016552631754	-0.04564419360765468	0.061566407531462516	-0.06803832445305834	0.08233409319509544	-0.05311206722465015	0.04347749707994688	-0.08553690558566908	0.10378797933685525	-0.07687245201133304	0.09697016003243747	-0.09239630173001614	0.13422989011230957	-0.15766984959578437	0.16476812230905674	-0.15342701343491308	0.117041677101731	-0.1475138479167926	0.18863632544037304	-0.29612578935105144	0.18931088451601014	-0.1746620547639517	0.09267979430759865	-0.1912014069654576	0.9999999999999982	-0.5887159804327495	0.22400380913129644	-0.12149380829700948	0.18520808298571287	-0.5653637815651295	0.29683556247145837	-0.23788766718476156
-0.031157306406228796	0.029410579284149842	-0.040430171054355535	0.03576254702805458	-0.041623360340641576	0.053689780497695225	-0.06253077986039807	0.036180545912979985	-0.057652439998966375	0.04671995764152019	-0.05777078162755691	0.06358803883401715	-0.08243053429279697	0.055036420135246227	-0.04561278570995887	0.07829174282700878	-0.09726814690248398	0.07514253630075929	-0.10681876109248721	0.10045388367003875	-0.12356742114363942	0.1326530350549962	-0.14552970407658036	0.16450662729723695	-0.13713322104669415	0.12217063286157062	-0.1536259002201054	0.1824587096160165	-0.33780071965399666	0.21541803039925592	-0.07797750448419505	0.1280197789355085	-0.5887159804327495	0.9999999999999987	-0.4142677088839052	0.10034523542011443	-0.15151786881527574	0.29847379278109937	-0.4338440464884893	0.26895329051203964
0.02288810135103745	-0.02177009668374178	0.030760387711739015	-0.027798967483755103	0.03233437274601952	-0.039779113986590814	0.04568915088087854	-0.02756297467881827	0.04453252389777048	-0.036947352844462426	0.04199887152410601	-0.04676096191767824	0.06124059430295023	-0.04359315348166466	0.035850455951817906	-0.057096011205989866	0.06956019419012963	-0.056723295563110086	0.08486927031014231	-0.08444996165457075	0.08682505128248369	-0.09612389318791215	0.09859771841294873	-0.132897207777726	0.11420977284811512	-0.0910109232664749	0.0997926116586234	-0.1211959172762464	0.19021442173875547	-0.22440486517321467	0.05669578775870177	-0.08458739561620476	0.22400380913129644	-0.4142677088839052	0.9999999999999994	-0.07622413183242366	0.09806259005672466	-0.25509784489604714	0.2791274930670414	-0.7789613809108393
-0.05626384624804464	0.051288332825069914	-0.05548908150034469	0.044391186208524225	-0.049725976809773136	0.09272658820491302	-0.11352732939839949	0.04988971507279391	-0.0706039760752094	0.053240496977252305	-0.1072037445440957	0.10836320236079028	-0.10122944294742947	0.05769442750661158	-0.04753635649383747	0.14439481033933868	-0.1792274694448031	0.08861120168123857	-0.08550752630302812	0.07303084013761894	-0.2927331005595049	0.16921161816602992	-0.15365086243180245	0.10115921572724032	-0.08108676345364067	0.3034732942607371	-0.22090916022576618	0.1657658298172046	-0.09162228414505702	0.08039613343786348	-0.7912643953928691	0.17825949024806423	-0.12149380829700948	0.10034523542011443	-0.07622413183242366	0.9999999999999981	-0.2500601140995801	0.10204583429830857	-0.0898212375873021	0.07089317893022307
0.036209111734195124	-0.03425936418139244	0.03850872492410923	-0.03257449535613226	0.036577183867499356	-0.06416770854125395	0.07185554718345688	-0.035069900672203766	0.051173363038321595	-0.041130215355140366	0.06994143233675751	-0.07662931982300919	0.07772104012373343	-0.04637681640408573	0.03768231916979626	-0.1014333335275474	0.11752903105965465	-0.0729622107275203	0.07600421563617354	-0.06908832818829658	0.1639676904862764	-0.197658194983483	0.1575492690962239	-0.10721257922138144	0.0804223995315738	-0.23512952899792317	0.2771173010409825	-0.25693078212430426	0.0993642110442324	-0.09191738514350815	0.1720095765188367	-0.8095007572387958	0.18520808298571287	-0.15151786881527574	0.09806259005672466	-0.2500601140995801	0.9999999999999989	-0.20372572008166379	0.13091223229604193	-0.10047067950340577
-0.028628043921965204	0.026940761837910127	-0.035084394960702	0.030567200767437137	-0.03524199780307116	0.04923976599426412	-0.05732312295259499	0.03146793446585529	-0.04897027634242733	0.03933823726735639	-0.05328456433226242	0.05818622596972463	-0.07032228604001375	0.04523053784937427	-0.03729719696054379	0.0726495765401083	-0.08965680675655659	0.06398960486524267	-0.081128222465638	0.07464433812539069	-0.11703382348692679	0.12296707724238443	-0.12925376573957284	0.11624548413202998	-0.09459637613493366	0.12013569655879887	-0.15636302907049027	0.17415758143989296	-0.151822402012865	0.13209202269039966	-0.07976689818496455	0.1509067803955201	-0.5653637815651295	0.29847379278109937	-0.25509784489604714	0.10204583429830857	-0.20372572008166379	0.9999999999999984	-0.6554274675272669	0.23610959074415402
0.02473681724804746	-0.02346377518252099	0.03139025780387081	-0.027942639566986893	0.03222326689436068	-0.04300546422604049	0.049306860465231056	-0.0282102596038706	0.044523877130138355	-0.03665064906453584	0.04574337468053362	-0.05059341834881567	0.06233214913693946	-0.04251354010738903	0.034834541449843645	-0.06272531785611704	0.07601879692806654	-0.0577083386361606	0.07822705333663316	-0.07579974153337507	0.09720711754169312	-0.10688927177889188	0.10767255965913203	-0.12220124700249371	0.0967389528338867	-0.10533588328458449	0.11891076812399434	-0.14322001019877584	0.16165778931280145	-0.15506791692835206	0.06685008752749061	-0.11257909022286793	0.29683556247145837	-0.4338440464884893	0.2791274930670414	-0.0898212375873021	0.13091223229604193	-0.6554274675272669	0.9999999999999984	-0.4622502221108609
-0.022312440172749585	0.021080791325666336	-0.029572370444482726	0.02635005131707826	-0.030729974385788783	0.0383025181810628	-0.044688349413374656	0.02638600005612271	-0.042482629815111125	0.03445425565699053	-0.0408240638288596	0.0449691768511562	-0.05827534848620001	0.04016652897704371	-0.03329401435439608	0.054885503870903886	-0.06790476394663661	0.05289894544297251	-0.07654849111923469	0.07174494277216471	-0.08568822589455224	0.0892824947589408	-0.09353657218780609	0.1094127004936655	-0.09721120432958426	0.08508103263486601	-0.0986441367389325	0.113417343655462	-0.1656942229895442	0.15420221397225753	-0.05420183264990516	0.08258805304029528	-0.23788766718476156	0.26895329051203964	-0.7789613809108393	0.07089317893022307	-0.10047067950340577	0.23610959074415402	-0.4622502221108609	0.9999999999999983
