1.0000000000000004	-0.9984708035555602	0.016445118895342545	-0.011119308924036394	0.012874546756484875	-0.03758132699270017	0.0330553710037056	-0.015978689227025698	0.0104820515589189	-0.009722095131135654	0.01365895610871594	-0.009714323296715337	0.009787631474717902	-0.00835511400520593	0.007891844874069381	-0.008065917340045766	0.008827433705042442	-0.007294130224974463	0.0067112574940375565	-0.006753944801537755	0.0067778562241334935	-0.006440028369112209	0.006165513547645991	-0.006654100091841578	0.005826527563224517	-0.005487925695815312	0.00345156034859596	-0.003432304034109127	0.004392460605075626	-0.003327544004645333	0.005176268044073851	-0.0033640360841169794	0.0032849888494788345	-0.0035332031661085665	0.004249779367388377	-0.0026662038699256725	0.002906920753389974	-0.0026812888287911993	0.003134184598781576	-0.002372384923352913	0.0020475080601247793	-0.002350844242809729	0.0030312299603238047	-0.003688200635214088	0.0025313577497052516
-0.9984708035555602	1.0000000000000004	-0.0168236437227624	0.011238691916113354	-0.01311895006253109	0.03626183572815501	-0.03410018239354103	0.016145709252735528	-0.010634147628367396	0.00981483165204393	-0.013736705309060774	0.009722544833325922	-0.009869702760286706	0.008423195749835978	-0.00797728896705319	0.008075889927095565	-0.008888008745649732	0.007334978563869819	-0.006770005969310569	0.0068046757528913765	-0.006813810957504325	0.006470223994462949	-0.006205138411735628	0.006689364225808727	-0.005869628776678718	0.0055048947851612145	-0.0034667222509582748	0.003446394258321685	-0.00441527667234104	0.0033495239369718123	-0.005201537005122048	0.0033781227299851057	-0.0032998798915752953	0.003549181046585752	-0.004279974772391722	0.0026772915121758825	-0.0029198393482142743	0.0026926971012589613	-0.0031483862598438435	0.0023839380849139105	-0.002056493108723947	0.0023604134360671607	-0.0030449211720135097	0.003702818548828331	-0.0025444783517186214
0.016445118895342545	-0.0168236437227624	1.0	-0.459812250681471	0.27201486835805627	-0.26111279807440524	0.21999792959250405	-0.6872978684779448	0.24376187700217006	-0.2554649723110054	0.13093453241388947	-0.11248249865062863	0.1316323071760764	-0.1757052939789996	0.15279858044113784	-0.09395273541850241	0.11233389599756168	-0.10574361609958181	0.11784493779519586	-0.1260592232877676	0.08127285137482756	-0.08634902125177496	0.0849878399655248	-0.10195323595950706	0.08917109455912399	-0.06979566527267968	0.04497197717621054	-0.04582340944046158	0.060968278237659206	-0.050127710885928115	0.06568696043638281	-0.044363790679907936	0.043686825583830816	-0.04916644019932904	0.061923470190827064	-0.03485571030925159	0.03802187694100122	-0.03581356114231829	0.042951738022885114	-0.03342392544877412	0.026663560566012018	-0.03097169448965475	0.04018527577415207	-0.05115540153009078	0.0352445652258245
-0.011119308924036394	0.011238691916113354	-0.459812250681471	1.0000000000000004	-0.7805301066258432	0.1460340188795324	-0.1418196029126494	0.23632182384443223	-0.2112024045307834	0.21032643510635066	-0.11599392186516283	0.09352009560539527	-0.1185488002143147	0.14175226555667933	-0.1476247347931328	0.08200550756881198	-0.10602535600024048	0.09349123564686224	-0.10780357285921402	0.11024230466333988	-0.07535605468655243	0.07793086195699271	-0.07857528267187265	0.09263472495233153	-0.0846770566813838	0.06359539280699468	-0.04197875229107823	0.04247858852490778	-0.057398724679621684	0.04734554170552772	-0.06218049402747287	0.04133551922849814	-0.04092080182188399	0.04574288439184904	-0.05989205851051516	0.03258716161790668	-0.03573940762768196	0.0335139333097114	-0.04032232262267412	0.03158398054489449	-0.025059522774106543	0.028920725506610657	-0.03787207819919598	0.047483077988811684	-0.033647179587481174
0.012874546756484875	-0.01311895006253109	0.27201486835805627	-0.7805301066258432	1.0000000000000009	-0.18125628232597318	0.14913285016669772	-0.2615280037144287	0.21943635972070158	-0.3271420727701646	0.13245537660200224	-0.11125994509799407	0.13461289489330808	-0.17690334464699345	0.17231232127941426	-0.09996874247642111	0.12397404050278658	-0.11257973095637758	0.12710190732440005	-0.13961457951515566	0.09000990363952756	-0.0945775644645416	0.09348309464593806	-0.11632993399296093	0.1017952455672449	-0.07896591874384802	0.05176415398462488	-0.05282588171140268	0.07082724016246375	-0.05777140283240063	0.07597635306021294	-0.05130911977135583	0.050642597698084366	-0.057165015350871276	0.07175892264448396	-0.04046131018427047	0.0442176598947356	-0.04175691402161971	0.0502842993997175	-0.039356202041984215	0.03101312900008333	-0.036027221510549	0.046973935807044544	-0.059958029369948804	0.04159330326248656
-0.03758132699270017	0.03626183572815501	-0.26111279807440524	0.1460340188795324	-0.18125628232597318	1.0	-0.848828025087721	0.24365177421038206	-0.15701224410459919	0.13160276950925048	-0.24507233435565334	0.14179779953766003	-0.135359004978915	0.11184861542105554	-0.10637944166585656	0.11231420141490693	-0.11740148231324066	0.0971408592308355	-0.08953093410639748	0.0884719161114838	-0.09107794687767021	0.08490902103499474	-0.08121917048139583	0.08496002755451465	-0.07450676255069671	0.07091448055985977	-0.044062665118608825	0.043669949417172435	-0.055477345598424675	0.04220689831523372	-0.06592198458748565	0.042737104922806204	-0.04164290414473743	0.04462676450187164	-0.05368640807054125	0.03378493382875397	-0.03677982287061677	0.03383228352103397	-0.039391930210207045	0.029658272902855054	-0.025908418948901557	0.029733804897266958	-0.0381701209707931	0.046344218790542804	-0.03156237549501803
0.0330553710037056	-0.03410018239354103	0.21999792959250405	-0.1418196029126494	0.14913285016669772	-0.848828025087721	1.0000000000000004	-0.363494936473676	0.15061073973735686	-0.13498563617272116	0.16897552478097239	-0.130756493891327	0.11742495351740685	-0.11004797418008741	0.09876150219980352	-0.10117512471680011	0.10272166413372354	-0.08897531864393245	0.0828726382884406	-0.08397180362548022	0.07915862873552126	-0.07709499738434025	0.07278447784633449	-0.07908783662761278	0.06801093521520604	-0.06492666106295794	0.04001798585035166	-0.04003316996501149	0.050752505682267135	-0.03873487336918047	0.059226974484728225	-0.03904036963909455	0.03798104244356667	-0.041116061894956965	0.048767827883982345	-0.03082848261422382	0.033469061388184576	-0.03100093253851256	0.03621063792551661	-0.027357241652746375	0.023567344732310605	-0.027209602331520172	0.03483624376776309	-0.04294543339274565	0.028977437011451584
-0.015978689227025698	0.016145709252735528	-0.6872978684779448	0.23632182384443223	-0.2615280037144287	0.24365177421038206	-0.363494936473676	1.0000000000000002	-0.40730208269695495	0.2361733267420321	-0.13170584790857356	0.10992949791791944	-0.14201547166259132	0.17160520841589033	-0.15775015715800791	0.08794937318740452	-0.10915049444540835	0.1027777662129018	-0.11940804260014434	0.11867640499097287	-0.07715643231716889	0.08183969230975323	-0.0822616914973574	0.0941393274175026	-0.08500253552814353	0.0641939835900382	-0.041544682144040106	0.04214425073895633	-0.056419105622268595	0.04702091140842578	-0.06089526790744841	0.04079092436582278	-0.040258993820087664	0.045115966145708786	-0.05856573412831857	0.03200700126864428	-0.03498743108490819	0.03283336846066615	-0.039384204195440815	0.030686496496248654	-0.024524647867569735	0.02838500054567599	-0.03692034182061811	0.046562507705690405	-0.03248523633186116
0.0104820515589189	-0.010634147628367396	0.24376187700217006	-0.2112024045307834	0.21943635972070158	-0.15701224410459919	0.15061073973735686	-0.40730208269695495	1.0000000000000013	-0.6803753044678944	0.11834177688891197	-0.10773761215893157	0.14099994704231217	-0.39737231798495287	0.2691570185978358	-0.08981218853454448	0.12036703031421449	-0.12542546238043847	0.18895437603949272	-0.19710797205608963	0.08104364284991679	-0.09353972831468758	0.09716858614360799	-0.12332660179207834	0.11204223378903254	-0.06940049739429442	0.045997043542875725	-0.047634235717493714	0.06645730892873683	-0.06064328336521138	0.06578139823801366	-0.04552409019400768	0.04535290606676231	-0.05305052606017465	0.07256696494559056	-0.03532238289794176	0.03868031651239332	-0.0369372806061433	0.04537352434337227	-0.03622661934415509	0.02698143561589627	-0.03149789355706617	0.04126194105608583	-0.05400177777287897	0.037934398990593074
-0.009722095131135654	0.00981483165204393	-0.2554649723110054	0.21032643510635066	-0.3271420727701646	0.13160276950925048	-0.13498563617272116	0.2361733267420321	-0.6803753044678944	1.0000000000000007	-0.12082504008020009	0.10618803278484623	-0.14416344874650028	0.27617778592602954	-0.452719169553628	0.09085340791996907	-0.12667195888335533	0.12560393139683948	-0.19839157594610862	0.20451866874563543	-0.08386858592536346	0.09545904672802649	-0.10123065089136382	0.12586973796316075	-0.1224128431530771	0.0710194380729273	-0.04752983740450784	0.04906618477372682	-0.06927970350319883	0.0646726729159957	-0.06824915571342005	0.04695954447685608	-0.04692971458685227	0.054780898008514184	-0.07876913069110773	0.036452360023169296	-0.04001851537941288	0.03816418136787676	-0.047061084647487275	0.03797060963957596	-0.027900218587625474	0.032485936180430774	-0.042757322616036646	0.055615584300016535	-0.03998900020978402
0.01365895610871594	-0.013736705309060774	0.13093453241388947	-0.11599392186516283	0.13245537660200224	-0.24507233435565334	0.16897552478097239	-0.13170584790857356	0.11834177688891197	-0.12082504008020009	1.0000000000000018	-0.6130538411812433	0.2867420491182052	-0.1480987728465096	0.13015544848347516	-0.4291930636491126	0.26564607344703295	-0.2159330807864903	0.13787736592898395	-0.13517512883900615	0.23579265025291943	-0.20375130300479186	0.17381378350838173	-0.1663572413304347	0.13284700385875384	-0.1812860139794743	0.10162350113238688	-0.09949779766548823	0.11556656126129916	-0.07794247325070938	0.1507885159964366	-0.09756560930282385	0.09270039938789111	-0.0953120238143679	0.09906001974607472	-0.0771732296790181	0.08277730451795509	-0.0751180257148307	0.08410078523831485	-0.06031604420881216	0.058606564486898716	-0.06747368620671541	0.08399254534621263	-0.09999360270157981	0.06374809959935573
-0.009714323296715337	0.009722544833325922	-0.11248249865062863	0.09352009560539527	-0.11125994509799407	0.14179779953766003	-0.130756493891327	0.10992949791791944	-0.10773761215893157	0.10618803278484623	-0.6130538411812433	1.0000000000000013	-0.5838110098359754	0.14380855922294472	-0.12542144270134822	0.2287230526153261	-0.3494100649325838	0.23876431325541894	-0.14084510812540674	0.12760222586069986	-0.1861725858613907	0.1952976548926821	-0.18830198814389676	0.1451820338963466	-0.12078322157951053	0.13169771108152298	-0.0796312266975798	0.0780302579699411	-0.0950587850911607	0.06820280222334647	-0.11870764802241264	0.07586695393161232	-0.07346139346164779	0.07641564765594415	-0.08716801083466676	0.0596617829159291	-0.06474147582442402	0.05875314949494587	-0.06690959903190247	0.04873849425950246	-0.0456657571725068	0.05216943625405827	-0.06612921862726745	0.07833145932511842	-0.05177594545456335
0.009787631474717902	-0.009869702760286706	0.1316323071760764	-0.1185488002143147	0.13461289489330808	-0.135359004978915	0.11742495351740685	-0.14201547166259132	0.14099994704231217	-0.14416344874650028	0.2867420491182052	-0.5838110098359754	1.0000000000000036	-0.2332935823021534	0.17059222427329696	-0.22882645107281435	0.2911959676276495	-0.4819793621292933	0.20308806176206806	-0.18770624649580822	0.1844684245054029	-0.25081242811376164	0.23824455190728008	-0.19802960712250275	0.1558026634350886	-0.15353705698179632	0.09341747924746834	-0.09516398935196965	0.11795032824760103	-0.08851531228329466	0.13406719250727853	-0.0907730392266313	0.08826253500131691	-0.09595732888225302	0.11000152890994068	-0.07085166231541387	0.07660222756331934	-0.07137113630202946	0.08306845379804284	-0.06199386586925681	0.05383175831942394	-0.06261871611357298	0.07949783813553699	-0.09906751746269496	0.06516905834955525
-0.00835511400520593	0.008423195749835978	-0.1757052939789996	0.14175226555667933	-0.17690334464699345	0.11184861542105554	-0.11004797418008741	0.17160520841589033	-0.39737231798495287	0.27617778592602954	-0.1480987728465096	0.14380855922294472	-0.2332935823021534	1.0000000000000009	-0.5551591863645449	0.11635073921938441	-0.17963364043913438	0.20286995828145138	-0.5353751516314781	0.30626684833836154	-0.10860549928166756	0.13458426023037773	-0.15344372808209855	0.17428690269276922	-0.1718697723704963	0.09013447956773116	-0.06068219990468877	0.06310235968438435	-0.09086422804762379	0.08778626047267832	-0.08570621477368189	0.05971925745402284	-0.060028358422732554	0.07092403215605446	-0.10591015121045956	0.04592503347789498	-0.050479199128381766	0.04835605860822355	-0.06011826699591987	0.04876109234187718	-0.0350889829777825	0.04094421680612124	-0.05399329588409806	0.0707637833120391	-0.051217960016342226
0.007891844874069381	-0.00797728896705319	0.15279858044113784	-0.1476247347931328	0.17231232127941426	-0.10637944166585656	0.09876150219980352	-0.15775015715800791	0.2691570185978358	-0.452719169553628	0.13015544848347516	-0.12542144270134822	0.17059222427329696	-0.5551591863645449	1.0000000000000036	-0.10811921797469969	0.15320828306920758	-0.17349003269807337	0.29939605046892903	-0.5266025474933904	0.09996462025880208	-0.12383257174832396	0.13186523284427015	-0.1932974308331274	0.1814269302877113	-0.08774556330948897	0.05962741785516338	-0.06315084211527806	0.09221096102583927	-0.09626141322837464	0.08296027028226495	-0.05955558150434953	0.05992024562326628	-0.07368363166534937	0.10666400554866116	-0.045589529306010866	0.05000648084803126	-0.04867439581666933	0.06135965298995428	-0.050520825643584635	0.034689395203546275	-0.04087242516807779	0.0539342712462064	-0.07360071197021587	0.05203163597955368
-0.008065917340045766	0.008075889927095565	-0.09395273541850241	0.08200550756881198	-0.09996874247642111	0.11231420141490693	-0.10117512471680011	0.08794937318740452	-0.08981218853454448	0.09085340791996907	-0.4291930636491126	0.2287230526153261	-0.22882645107281435	0.11635073921938441	-0.10811921797469969	1.0000000000000009	-0.35913572394457854	0.19020402799430536	-0.11975664529255835	0.11311930691192741	-0.6773037500551772	0.23479184338187317	-0.1936214398951624	0.15041242939389476	-0.12501924130887776	0.23822443374002278	-0.1331813550235376	0.11495617299641701	-0.12420316592021027	0.0726758848899904	-0.21670857547786807	0.1181227114524543	-0.11081984016831083	0.10000987894892435	-0.09457121695679827	0.09419261106823773	-0.10215820459954737	0.08544019263769673	-0.08874233148083793	0.05763909311064641	-0.07296888895172224	0.07954864326598696	-0.09796876300408926	0.10013729786164578	-0.06178004066259468
0.008827433705042442	-0.008888008745649732	0.11233389599756168	-0.10602535600024048	0.12397404050278658	-0.11740148231324066	0.10272166413372354	-0.10915049444540835	0.12036703031421449	-0.12667195888335533	0.26564607344703295	-0.3494100649325838	0.2911959676276495	-0.17963364043913438	0.15320828306920758	-0.35913572394457854	1.0000000000000013	-0.43733487986645314	0.18834510292552298	-0.180251659008343	0.25624990873127035	-0.515706905744492	0.3001397762444823	-0.22212591941675386	0.1677760175378311	-0.1928062700437815	0.1124140376159197	-0.11277438520184188	0.13468238996997423	-0.09562691579224006	0.16114275390830823	-0.10756984864075336	0.10366072373601459	-0.10985913959517464	0.11988290234479901	-0.08362185956355651	0.09010501435197049	-0.08290524917117645	0.09470195644434659	-0.06866545787412034	0.06341263653389606	-0.07344050886580533	0.09224004335613156	-0.11246291719280008	0.07226850401367665
-0.007294130224974463	0.007334978563869819	-0.10574361609958181	0.09349123564686224	-0.11257973095637758	0.0971408592308355	-0.08897531864393245	0.1027777662129018	-0.12542546238043847	0.12560393139683948	-0.2159330807864903	0.23876431325541894	-0.4819793621292933	0.20286995828145138	-0.17349003269807337	0.19020402799430536	-0.43733487986645314	1.000000000000001	-0.3348717295882679	0.20471183601019	-0.1816289978689437	0.2923034782414314	-0.5365868312959211	0.20512320264583167	-0.17395743387875384	0.13233643860481484	-0.08610183884177346	0.08844813828995554	-0.11396765695835984	0.09083182356534558	-0.12019157935685904	0.08143411628683778	-0.08148004616621153	0.08853711464934041	-0.11484880890814585	0.06223973765177088	-0.06816689416164226	0.06353334410053299	-0.07528914359508704	0.056735890092584555	-0.04753323977649167	0.05491145473449171	-0.07103480988991498	0.08751438208440133	-0.06009964880916159
0.0067112574940375565	-0.006770005969310569	0.11784493779519586	-0.10780357285921402	0.12710190732440005	-0.08953093410639748	0.0828726382884406	-0.11940804260014434	0.18895437603949272	-0.19839157594610862	0.13787736592898395	-0.14084510812540674	0.20308806176206806	-0.5353751516314781	0.29939605046892903	-0.11975664529255835	0.18834510292552298	-0.3348717295882679	1.0000000000000007	-0.6219590258328531	0.11168727202951785	-0.15620017152698648	0.1802049967483097	-0.2362073189176956	0.2041760272712924	-0.0947129221832615	0.06439145672592403	-0.06852298693908086	0.10139990995812995	-0.10423794472523248	0.08844241508763419	-0.06378857954355968	0.06449437993214355	-0.07953258546061594	0.1162419105713865	-0.048385680998220354	0.05315200578072001	-0.05170023684626764	0.06521471376466607	-0.053075825843950486	0.03678798534686283	-0.04331536246827441	0.057178708971884595	-0.0775407115566672	0.05483218457500447
-0.006753944801537755	0.0068046757528913765	-0.1260592232877676	0.11024230466333988	-0.13961457951515566	0.0884719161114838	-0.08397180362548022	0.11867640499097287	-0.19710797205608963	0.20451866874563543	-0.13517512883900615	0.12760222586069986	-0.18770624649580822	0.30626684833836154	-0.5266025474933904	0.11311930691192741	-0.180251659008343	0.20471183601019	-0.6219590258328531	0.999999999999999	-0.10823501051020568	0.13755550371509623	-0.1627245736499067	0.22699512847216247	-0.3299999391133323	0.09235130589454048	-0.0643418074864345	0.06844844154063663	-0.10575354746752418	0.13019075554401366	-0.08845258142526821	0.06398766036374554	-0.06521864184649798	0.08158623109295902	-0.14675158446608252	0.04851444217240504	-0.05352484060917482	0.052382116028602294	-0.06747219833829705	0.058151066109526	-0.03695752653826642	0.04350482644399421	-0.0580812705025095	0.07952640727592825	-0.06030515636198891
0.0067778562241334935	-0.006813810957504325	0.08127285137482756	-0.07535605468655243	0.09000990363952756	-0.09107794687767021	0.07915862873552126	-0.07715643231716889	0.08104364284991679	-0.08386858592536346	0.23579265025291943	-0.1861725858613907	0.1844684245054029	-0.10860549928166756	0.09996462025880208	-0.6773037500551772	0.25624990873127035	-0.1816289978689437	0.11168727202951785	-0.10823501051020568	1.0000000000000042	-0.3247105019110746	0.19403835973005487	-0.15583712433189995	0.1218359634830836	-0.43405427786977197	0.15273566373727426	-0.1348195178926372	0.12787336477325528	-0.07196292382754427	0.22250377398002563	-0.1344307517711561	0.11968462658676358	-0.10705505450928969	0.09241659135072214	-0.10306928309931247	0.10793838629485311	-0.0915644362907304	0.0927989502746202	-0.059179702534354665	0.07687339141914806	-0.08670342765825936	0.10150566924507669	-0.10718901641504217	0.06264464750028692
-0.006440028369112209	0.006470223994462949	-0.08634902125177496	0.07793086195699271	-0.0945775644645416	0.08490902103499474	-0.07709499738434025	0.08183969230975323	-0.09353972831468758	0.09545904672802649	-0.20375130300479186	0.1952976548926821	-0.25081242811376164	0.13458426023037773	-0.12383257174832396	0.23479184338187317	-0.515706905744492	0.2923034782414314	-0.15620017152698648	0.13755550371509623	-0.3247105019110746	1.000000000000001	-0.6523638403783704	0.19464376769455938	-0.15723950829238986	0.16393145967024952	-0.10112899962331105	0.09884862070006493	-0.11879381296665996	0.08403168140974941	-0.1418502746117109	0.09163537782968059	-0.09037619081257303	0.09184696489765848	-0.10914298636580248	0.06977653452675704	-0.07623293245847665	0.06891119669154937	-0.07859275863740618	0.056230289131599484	-0.0533469728532263	0.06074643463646408	-0.07735337045603452	0.08995257677147066	-0.05995130854569092
0.006165513547645991	-0.006205138411735628	0.0849878399655248	-0.07857528267187265	0.09348309464593806	-0.08121917048139583	0.07278447784633449	-0.0822616914973574	0.09716858614360799	-0.10123065089136382	0.17381378350838173	-0.18830198814389676	0.23824455190728008	-0.15344372808209855	0.13186523284427015	-0.1936214398951624	0.3001397762444823	-0.5365868312959211	0.1802049967483097	-0.1627245736499067	0.19403835973005487	-0.6523638403783704	1.0000000000000009	-0.2790205857987087	0.17134437190314122	-0.14300429057984848	0.09292088144631071	-0.1019973636265485	0.12165316261154438	-0.0903640112677103	0.12162921827508631	-0.08635638408117165	0.0873070095908613	-0.09451123762148932	0.11300887770857405	-0.06410409856884715	0.07014735740084363	-0.06600368815932783	0.07771528900716153	-0.056888975956316146	0.04860696661229842	-0.056671275721302365	0.07294229494635679	-0.09043088991481857	0.05992629588737791
-0.006654100091841578	0.006689364225808727	-0.10195323595950706	0.09263472495233153	-0.11632993399296093	0.08496002755451465	-0.07908783662761278	0.0941393274175026	-0.12332660179207834	0.12586973796316075	-0.1663572413304347	0.1451820338963466	-0.19802960712250275	0.17428690269276922	-0.1932974308331274	0.15041242939389476	-0.22212591941675386	0.20512320264583167	-0.2362073189176956	0.22699512847216247	-0.15583712433189995	0.19464376769455938	-0.2790205857987087	1.0000000000000009	-0.6453678508005353	0.14560772073146833	-0.11657556204721153	0.13050326547381372	-0.32232015206754344	0.24347414396281658	-0.14712925902399407	0.11727330786938353	-0.12803937746279037	0.18356076955647646	-0.32340194219105456	0.0847219268174087	-0.09584264467018778	0.09843114263843217	-0.14171526394272838	0.11464893763126896	-0.06450964020559873	0.07704682254984871	-0.10846276485086173	0.1554841425724423	-0.12264308868265904
0.005826527563224517	-0.005869628776678718	0.08917109455912399	-0.0846770566813838	0.1017952455672449	-0.07450676255069671	0.06801093521520604	-0.08500253552814353	0.11204223378903254	-0.1224128431530771	0.13284700385875384	-0.12078322157951053	0.1558026634350886	-0.1718697723704963	0.1814269302877113	-0.12501924130887776	0.1677760175378311	-0.17395743387875384	0.2041760272712924	-0.3299999391133323	0.1218359634830836	-0.15723950829238986	0.17134437190314122	-0.6453678508005353	1.0000000000000009	-0.1217906681969523	0.09222578271667807	-0.10590859631666036	0.18704445626402474	-0.4513805228305565	0.11688393085495508	-0.09610287922027626	0.10040384464657748	-0.14895056952827737	0.2837616001520078	-0.0700573951315702	0.07755103378146809	-0.08104719034890935	0.11226622608585637	-0.1072592241359686	0.0526700475163096	-0.06410993652413252	0.08737113276729788	-0.1371058263799464	0.1033224745421141
-0.005487925695815312	0.0055048947851612145	-0.06979566527267968	0.06359539280699468	-0.07896591874384802	0.07091448055985977	-0.06492666106295794	0.0641939835900382	-0.06940049739429442	0.0710194380729273	-0.1812860139794743	0.13169771108152298	-0.15353705698179632	0.09013447956773116	-0.08774556330948897	0.23822443374002278	-0.1928062700437815	0.13233643860481484	-0.0947129221832615	0.09235130589454048	-0.43405427786977197	0.16393145967024952	-0.14300429057984848	0.14560772073146833	-0.1217906681969523	1.0000000000000013	-0.3895575218531065	0.23004218829828152	-0.1887459385874608	0.07544872191911801	-0.5990474817273702	0.2527438120168652	-0.21968741310237216	0.1555714497650592	-0.09904252458343549	0.19234970596007395	-0.2048330079559143	0.15192223824880038	-0.13643510721268254	0.07224145047459364	-0.14689391779729094	0.1522557760790177	-0.17367846508672397	0.14637186656345988	-0.07752803990429982
0.00345156034859596	-0.0034667222509582748	0.04497197717621054	-0.04197875229107823	0.05176415398462488	-0.044062665118608825	0.04001798585035166	-0.041544682144040106	0.045997043542875725	-0.04752983740450784	0.10162350113238688	-0.0796312266975798	0.09341747924746834	-0.06068219990468877	0.05962741785516338	-0.1331813550235376	0.1124140376159197	-0.08610183884177346	0.06439145672592403	-0.0643418074864345	0.15273566373727426	-0.10112899962331105	0.09292088144631071	-0.11657556204721153	0.09222578271667807	-0.3895575218531065	1.0000000000000007	-0.6289294134338687	0.19047511331832032	-0.05992584172455259	0.2617883925602171	-0.5218750479445983	0.30189337072361755	-0.1804224690056077	0.07692007005698741	-0.16478694969415045	0.19427041226397476	-0.16349642686485114	0.1330623972247199	-0.06274392480858294	0.1163408728850758	-0.1496329049633081	0.16025160056464138	-0.14492934656270512	0.06533718637270527
-0.003432304034109127	0.003446394258321685	-0.04582340944046158	0.04247858852490778	-0.05282588171140268	0.043669949417172435	-0.04003316996501149	0.04214425073895633	-0.047634235717493714	0.04906618477372682	-0.09949779766548823	0.0780302579699411	-0.09516398935196965	0.06310235968438435	-0.06315084211527806	0.11495617299641701	-0.11277438520184188	0.08844813828995554	-0.06852298693908086	0.06844844154063663	-0.1348195178926372	0.09884862070006493	-0.1019973636265485	0.13050326547381372	-0.10590859631666036	0.23004218829828152	-0.6289294134338687	1.0000000000000007	-0.28995232078990507	0.06937301493615321	-0.24542542001091597	0.31124500976231423	-0.5583196886767762	0.2245619722650978	-0.08952213053553988	0.14467145654198735	-0.1854269562343559	0.18271862843759407	-0.16325743069443993	0.07090087457539077	-0.10897747679834219	0.13250573568944632	-0.19409601800926765	0.16202652210903454	-0.07467304187608771
0.004392460605075626	-0.00441527667234104	0.060968278237659206	-0.057398724679621684	0.07082724016246375	-0.055477345598424675	0.050752505682267135	-0.056419105622268595	0.06645730892873683	-0.06927970350319883	0.11556656126129916	-0.0950587850911607	0.11795032824760103	-0.09086422804762379	0.09221096102583927	-0.12420316592021027	0.13468238996997423	-0.11396765695835984	0.10139990995812995	-0.10575354746752418	0.12787336477325528	-0.11879381296665996	0.12165316261154438	-0.32232015206754344	0.18704445626402474	-0.1887459385874608	0.19047511331832032	-0.28995232078990507	0.9999999999999993	-0.14102419020223667	0.18266701949215622	-0.21618162766330914	0.25119802076568815	-0.6932008896657545	0.1552357613673751	-0.1293852325099846	0.1474156418804572	-0.17512527374242565	0.26254394505537343	-0.12248740632964268	0.09437561418146424	-0.12225549187353497	0.17323175355858725	-0.3209363364479972	0.11857155663996131
-0.003327544004645333	0.0033495239369718123	-0.050127710885928115	0.04734554170552772	-0.05777140283240063	0.04220689831523372	-0.03873487336918047	0.04702091140842578	-0.06064328336521138	0.0646726729159957	-0.07794247325070938	0.06820280222334647	-0.08851531228329466	0.08778626047267832	-0.09626141322837464	0.0726758848899904	-0.09562691579224006	0.09083182356534558	-0.10423794472523248	0.13019075554401366	-0.07196292382754427	0.08403168140974941	-0.0903640112677103	0.24347414396281658	-0.4513805228305565	0.07544872191911801	-0.05992584172455259	0.06937301493615321	-0.14102419020223667	1.000000000000004	-0.07441391861026606	0.06285037144964097	-0.06728843727041041	0.10295486672938503	-0.8164150724818466	0.04553181149865391	-0.05095719192525687	0.0548143740767701	-0.08339733353751091	0.11739396234971884	-0.03428787798257487	0.041929057253285315	-0.059325046428083325	0.09653843619695965	-0.11855868134127895
0.005176268044073851	-0.005201537005122048	0.06568696043638281	-0.06218049402747287	0.07597635306021294	-0.06592198458748565	0.059226974484728225	-0.06089526790744841	0.06578139823801366	-0.06824915571342005	0.1507885159964366	-0.11870764802241264	0.13406719250727853	-0.08570621477368189	0.08296027028226495	-0.21670857547786807	0.16114275390830823	-0.12019157935685904	0.08844241508763419	-0.08845258142526821	0.22250377398002563	-0.1418502746117109	0.12162921827508631	-0.14712925902399407	0.11688393085495508	-0.5990474817273702	0.2617883925602171	-0.24542542001091597	0.18266701949215622	-0.07441391861026606	1.0000000000000002	-0.3790895793688067	0.22671903475322994	-0.17351060316454778	0.09599470763702163	-0.3776282574225928	0.2510456659838032	-0.18185955109437973	0.14653208272934606	-0.077521127936182	0.19888229280629277	-0.22943021002685954	0.18366913252827136	-0.17183800395449608	0.08078753877735331
-0.0033640360841169794	0.0033781227299851057	-0.044363790679907936	0.04133551922849814	-0.05130911977135583	0.042737104922806204	-0.03904036963909455	0.04079092436582278	-0.04552409019400768	0.04695954447685608	-0.09756560930282385	0.07586695393161232	-0.0907730392266313	0.05971925745402284	-0.05955558150434953	0.1181227114524543	-0.10756984864075336	0.08143411628683778	-0.06378857954355968	0.06398766036374554	-0.1344307517711561	0.09163537782968059	-0.08635638408117165	0.11727330786938353	-0.09610287922027626	0.2527438120168652	-0.5218750479445983	0.31124500976231423	-0.21618162766330914	0.06285037144964097	-0.3790895793688067	0.9999999999999972	-0.5339642636701433	0.20043373408939955	-0.08172050565311859	0.20933166915392437	-0.3595490927053642	0.20723861605077779	-0.15776311739578308	0.06820099982554391	-0.1546254510099647	0.18942102505398997	-0.21068700926098166	0.15858706368203684	-0.071922715184565
0.0032849888494788345	-0.0032998798915752953	0.043686825583830816	-0.04092080182188399	0.050642597698084366	-0.04164290414473743	0.03798104244356667	-0.040258993820087664	0.04535290606676231	-0.04692971458685227	0.09270039938789111	-0.07346139346164779	0.08826253500131691	-0.060028358422732554	0.05992024562326628	-0.11081984016831083	0.10366072373601459	-0.08148004616621153	0.06449437993214355	-0.06521864184649798	0.11968462658676358	-0.09037619081257303	0.0873070095908613	-0.12803937746279037	0.10040384464657748	-0.21968741310237216	0.30189337072361755	-0.5583196886767762	0.25119802076568815	-0.06728843727041041	0.22671903475322994	-0.5339642636701433	1.0000000000000004	-0.3654430278605858	0.08586668544434792	-0.1672430397509428	0.21138139065950876	-0.29164920440623543	0.18793024206984815	-0.07634198044592473	0.11906713871834113	-0.15833936673940233	0.21854236108631186	-0.19336086181336562	0.07820667290923963
-0.0035332031661085665	0.003549181046585752	-0.04916644019932904	0.04574288439184904	-0.057165015350871276	0.04462676450187164	-0.041116061894956965	0.045115966145708786	-0.05305052606017465	0.054780898008514184	-0.0953120238143679	0.07641564765594415	-0.09595732888225302	0.07092403215605446	-0.07368363166534937	0.10000987894892435	-0.10985913959517464	0.08853711464934041	-0.07953258546061594	0.08158623109295902	-0.10705505450928969	0.09184696489765848	-0.09451123762148932	0.18356076955647646	-0.14895056952827737	0.1555714497650592	-0.1804224690056077	0.2245619722650978	-0.6932008896657545	0.10295486672938503	-0.17351060316454778	0.20043373408939955	-0.3654430278605858	0.9999999999999989	-0.13188546708784013	0.11626099233369308	-0.1443553627949001	0.17472410350572962	-0.4330293542757431	0.11179901906026186	-0.08754498451136522	0.10962730143369123	-0.18197409644584522	0.27062603301924276	-0.11448121124427724
0.004249779367388377	-0.004279974772391722	0.061923470190827064	-0.05989205851051516	0.07175892264448396	-0.05368640807054125	0.048767827883982345	-0.05856573412831857	0.07256696494559056	-0.07876913069110773	0.09906001974607472	-0.08716801083466676	0.11000152890994068	-0.10591015121045956	0.10666400554866116	-0.09457121695679827	0.11988290234479901	-0.11484880890814585	0.1162419105713865	-0.14675158446608252	0.09241659135072214	-0.10914298636580248	0.11300887770857405	-0.32340194219105456	0.2837616001520078	-0.09904252458343549	0.07692007005698741	-0.08952213053553988	0.1552357613673751	-0.8164150724818466	0.09599470763702163	-0.08172050565311859	0.08586668544434792	-0.13188546708784013	1.0000000000000018	-0.059622985333056926	0.0661271184388178	-0.07155478282779142	0.10692182383140711	-0.1790229832276202	0.04468702871523894	-0.05503126522807987	0.07676426528112747	-0.12971763886341514	0.14474903411017148
-0.0026662038699256725	0.0026772915121758825	-0.03485571030925159	0.03258716161790668	-0.04046131018427047	0.03378493382875397	-0.03082848261422382	0.03200700126864428	-0.03532238289794176	0.036452360023169296	-0.0771732296790181	0.0596617829159291	-0.07085166231541387	0.04592503347789498	-0.045589529306010866	0.09419261106823773	-0.08362185956355651	0.06223973765177088	-0.048385680998220354	0.04851444217240504	-0.10306928309931247	0.06977653452675704	-0.06410409856884715	0.0847219268174087	-0.0700573951315702	0.19234970596007395	-0.16478694969415045	0.14467145654198735	-0.1293852325099846	0.04553181149865391	-0.3776282574225928	0.20933166915392437	-0.1672430397509428	0.11626099233369308	-0.059622985333056926	1.0000000000000016	-0.5250290310623146	0.18566320602145606	-0.1156031369665954	0.052354987690402637	-0.6186104938661157	0.32428154415223365	-0.21057283650312486	0.12311035647940724	-0.0558661429290143
0.002906920753389974	-0.0029198393482142743	0.03802187694100122	-0.03573940762768196	0.0442176598947356	-0.03677982287061677	0.033469061388184576	-0.03498743108490819	0.03868031651239332	-0.04001851537941288	0.08277730451795509	-0.06474147582442402	0.07660222756331934	-0.050479199128381766	0.05000648084803126	-0.10215820459954737	0.09010501435197049	-0.06816689416164226	0.05315200578072001	-0.05352484060917482	0.10793838629485311	-0.07623293245847665	0.07014735740084363	-0.09584264467018778	0.07755103378146809	-0.2048330079559143	0.19427041226397476	-0.1854269562343559	0.1474156418804572	-0.05095719192525687	0.2510456659838032	-0.3595490927053642	0.21138139065950876	-0.1443553627949001	0.0661271184388178	-0.5250290310623146	0.9999999999999997	-0.3423179101089794	0.13885956951842085	-0.06099032887085313	0.2961179605199483	-0.5388878697269226	0.24597230158748576	-0.15376090464241712	0.06374968404568558
-0.0026812888287911993	0.0026926971012589613	-0.03581356114231829	0.0335139333097114	-0.04175691402161971	0.03383228352103397	-0.03100093253851256	0.03283336846066615	-0.0369372806061433	0.03816418136787676	-0.0751180257148307	0.05875314949494587	-0.07137113630202946	0.04835605860822355	-0.04867439581666933	0.08544019263769673	-0.08290524917117645	0.06353334410053299	-0.05170023684626764	0.052382116028602294	-0.0915644362907304	0.06891119669154937	-0.06600368815932783	0.09843114263843217	-0.08104719034890935	0.15192223824880038	-0.16349642686485114	0.18271862843759407	-0.17512527374242565	0.0548143740767701	-0.18185955109437973	0.20723861605077779	-0.29164920440623543	0.17472410350572962	-0.07155478282779142	0.18566320602145606	-0.3423179101089794	1.000000000000001	-0.24917370773769515	0.07825702685425547	-0.14323067738987175	0.19275473670789733	-0.7875904805060343	0.225759661333858	-0.08255775475215485
0.003134184598781576	-0.0031483862598438435	0.042951738022885114	-0.04032232262267412	0.0502842993997175	-0.039391930210207045	0.03621063792551661	-0.039384204195440815	0.04537352434337227	-0.047061084647487275	0.08410078523831485	-0.06690959903190247	0.08306845379804284	-0.06011826699591987	0.06135965298995428	-0.08874233148083793	0.09470195644434659	-0.07528914359508704	0.06521471376466607	-0.06747219833829705	0.0927989502746202	-0.07859275863740618	0.07771528900716153	-0.14171526394272838	0.11226622608585637	-0.13643510721268254	0.1330623972247199	-0.16325743069443993	0.26254394505537343	-0.08339733353751091	0.14653208272934606	-0.15776311739578308	0.18793024206984815	-0.4330293542757431	0.10692182383140711	-0.1156031369665954	0.13885956951842085	-0.24917370773769515	1.0000000000000016	-0.20613162598795937	0.08558768395886272	-0.11302054343160434	0.222138735288768	-0.7478346851111684	0.1754154192812128
-0.002372384923352913	0.0023839380849139105	-0.03342392544877412	0.03158398054489449	-0.039356202041984215	0.029658272902855054	-0.027357241652746375	0.030686496496248654	-0.03622661934415509	0.03797060963957596	-0.06031604420881216	0.04873849425950246	-0.06199386586925681	0.04876109234187718	-0.050520825643584635	0.05763909311064641	-0.06866545787412034	0.056735890092584555	-0.053075825843950486	0.058151066109526	-0.059179702534354665	0.056230289131599484	-0.056888975956316146	0.11464893763126896	-0.1072592241359686	0.07224145047459364	-0.06274392480858294	0.07090087457539077	-0.12248740632964268	0.11739396234971884	-0.077521127936182	0.06820099982554391	-0.07634198044592473	0.11179901906026186	-0.1790229832276202	0.052354987690402637	-0.06099032887085313	0.07825702685425547	-0.20613162598795937	1.0000000000000007	-0.039777270757397676	0.049651174440799584	-0.08701452311222689	0.18169891016318193	-0.923957579322365
0.0020475080601247793	-0.002056493108723947	0.026663560566012018	-0.025059522774106543	0.03101312900008333	-0.025908418948901557	0.023567344732310605	-0.024524647867569735	0.02698143561589627	-0.027900218587625474	0.058606564486898716	-0.0456657571725068	0.05383175831942394	-0.0350889829777825	0.034689395203546275	-0.07296888895172224	0.06341263653389606	-0.04753323977649167	0.03678798534686283	-0.03695752653826642	0.07687339141914806	-0.0533469728532263	0.04860696661229842	-0.06450964020559873	0.0526700475163096	-0.14689391779729094	0.1163408728850758	-0.10897747679834219	0.09437561418146424	-0.03428787798257487	0.19888229280629277	-0.1546254510099647	0.11906713871834113	-0.08754498451136522	0.04468702871523894	-0.6186104938661157	0.2961179605199483	-0.14323067738987175	0.08558768395886272	-0.039777270757397676	1.0000000000000009	-0.6836710174262366	0.15037995376540625	-0.09576886697561368	0.04199573872306706
-0.002350844242809729	0.0023604134360671607	-0.03097169448965475	0.028920725506610657	-0.036027221510549	0.029733804897266958	-0.027209602331520172	0.02838500054567599	-0.03149789355706617	0.032485936180430774	-0.06747368620671541	0.05216943625405827	-0.06261871611357298	0.04094421680612124	-0.04087242516807779	0.07954864326598696	-0.07344050886580533	0.05491145473449171	-0.04331536246827441	0.04350482644399421	-0.08670342765825936	0.06074643463646408	-0.056671275721302365	0.07704682254984871	-0.06410993652413252	0.1522557760790177	-0.1496329049633081	0.13250573568944632	-0.12225549187353497	0.041929057253285315	-0.22943021002685954	0.18942102505398997	-0.15833936673940233	0.10962730143369123	-0.05503126522807987	0.32428154415223365	-0.5388878697269226	0.19275473670789733	-0.11302054343160434	0.049651174440799584	-0.6836710174262366	1.000000000000001	-0.2341910313361185	0.11999358325006619	-0.05313509756085133
0.0030312299603238047	-0.0030449211720135097	0.04018527577415207	-0.03787207819919598	0.046973935807044544	-0.0381701209707931	0.03483624376776309	-0.03692034182061811	0.04126194105608583	-0.042757322616036646	0.08399254534621263	-0.06612921862726745	0.07949783813553699	-0.05399329588409806	0.0539342712462064	-0.09796876300408926	0.09224004335613156	-0.07103480988991498	0.057178708971884595	-0.0580812705025095	0.10150566924507669	-0.07735337045603452	0.07294229494635679	-0.10846276485086173	0.08737113276729788	-0.17367846508672397	0.16025160056464138	-0.19409601800926765	0.17323175355858725	-0.059325046428083325	0.18366913252827136	-0.21068700926098166	0.21854236108631186	-0.18197409644584522	0.07676426528112747	-0.21057283650312486	0.24597230158748576	-0.7875904805060343	0.222138735288768	-0.08701452311222689	0.15037995376540625	-0.2341910313361185	1.0000000000000013	-0.32276899196352576	0.08951576389726884
