1.0	-0.29861407260575534	0.1796590303575819	-0.13825844842467302	0.1271855825377272	-0.7835961923244419	0.250758847808871	-0.20248276267829304	0.09536439094080362	-0.0914225569896623	0.27679904853432613	-0.2536785944844804	0.16801452784536838	-0.1270786594027092	0.0843590422522793	-0.3155342096082379	0.19539986300886883	-0.1745084849875359	0.14632560485269933	-0.1195407664408876	0.1076207742416151	-0.12209120617169553	0.13029696146381545	-0.10608014186902442	0.09159684844932243	-0.08365606695328498	0.1154742498156559	-0.08875986712642102	0.07909408363647435	-0.06760255864552236	0.09994071076186127	-0.09139591970581037	0.09051613606666209	-0.04474424942807402	0.04623652168992609	-0.02366288497216123	0.07534019622034424	-0.09648779502140527	0.01976417850808763	-0.02164930252309661	0.025780361144482643	-0.06845034463050031	0.09210129821833737	-0.028052110606783746	0.029415591723420356
-0.29861407260575534	1.0000000000000002	-0.4470781449015438	0.19686209081357803	-0.18266050258304728	0.222759692504853	-0.6688379872030923	0.2497803539140293	-0.12670426940644663	0.11500165392402378	-0.21911756539656732	0.2464334374535983	-0.23124826052445008	0.15279854443146143	-0.10552523032000034	0.2053256696397837	-0.21961145425711118	0.19426033728106779	-0.189337217077022	0.14247463239087563	-0.13319833077594642	0.14144524128328184	-0.16276334986011323	0.127230990426949	-0.11507518978427723	0.1001457261623156	-0.1453336173989864	0.10799955895708654	-0.09967116872681936	0.08304029948367185	-0.12831292398409883	0.11083836647170855	-0.11484463597512216	0.055235526785334756	-0.058123192669934244	0.030038244334251188	-0.09471439052785133	0.11575958737230939	-0.024606339474073233	0.02680431688232134	-0.03299332726165677	0.08453457521529721	-0.11998453750540383	0.035242715014375106	-0.03745122689973929
0.1796590303575819	-0.4470781449015438	1.0	-0.5425949346798611	0.2964606411630164	-0.15355121079508355	0.2399278201440352	-0.25819987776879755	0.19804477457566572	-0.18519629257268044	0.16231487902410371	-0.2040449244705003	0.19610391024629212	-0.22208602508629516	0.15049237764115556	-0.19679727254884852	0.18566498816069896	-0.21277716821677334	0.21119052636785027	-0.2024883438486721	0.1387596401964486	-0.14994592263190354	0.1739910321864807	-0.1559893695879471	0.1396723160997431	-0.10885127051062679	0.15275302029962795	-0.1261705845873252	0.11828917540309994	-0.10232767427606673	0.13984271514479377	-0.12588278629448535	0.13124697850596181	-0.06817721759309359	0.07053243868262239	-0.034206866549326594	0.11448374084955423	-0.14775100095228796	0.03079861622854558	-0.033778554372807794	0.03736911569427169	-0.10829889267552771	0.15079527549409977	-0.0476537764998918	0.050119910797296933
-0.13825844842467302	0.19686209081357803	-0.5425949346798611	1.0000000000000004	-0.6137357466186861	0.106735118833926	-0.15766164200177277	0.16235031009018486	-0.348391609155841	0.2266190781783739	-0.11966733934137329	0.13981006940222193	-0.14800960919326636	0.22180787613280994	-0.1705192200567565	0.1393502551027255	-0.14424377743883887	0.16455534411726014	-0.20662478574455811	0.19233086124462456	-0.12218897292173884	0.12498263739211837	-0.15224019528561406	0.13757494540306112	-0.13198095871060525	0.09367382642074079	-0.1342655396202413	0.10848174197031285	-0.108902636492161	0.09221503026634983	-0.12539280952322637	0.10786736332852	-0.11682722382049068	0.06008887183091558	-0.06353701943043585	0.030262900121018323	-0.09987630159818514	0.12228357607134714	-0.02713250919167731	0.029628492008346063	-0.033294693451588475	0.09176497352574761	-0.13531497903752446	0.04068558995533086	-0.04349165728614026
0.1271855825377272	-0.18266050258304728	0.2964606411630164	-0.6137357466186861	1.0000000000000004	-0.10254084811398495	0.1418772626584743	-0.1636887067127925	0.24312538164599878	-0.2864151723255973	0.11694737359135307	-0.14063958056713052	0.1439018741886249	-0.24922064278900943	0.18492382798900617	-0.14538337528720816	0.14440434425090914	-0.17433209566147487	0.20705461167529474	-0.23755644454528857	0.12618468099955968	-0.1317871589626048	0.15872863869028836	-0.15414641569466533	0.14288079153785765	-0.09882507421593356	0.1394152078605647	-0.11849318177919259	0.11706693223398838	-0.10272256715462813	0.13110665800626575	-0.11639440494089293	0.12489008661651488	-0.0671110889455411	0.06965014168319325	-0.03244117256924861	0.11095644572722042	-0.14200842676898606	0.030548730409926877	-0.03353737991975667	0.035522611984066615	-0.10628985397734757	0.15244128856461991	-0.0486433425837222	0.05142589733169036
-0.7835961923244419	0.222759692504853	-0.15355121079508355	0.106735118833926	-0.10254084811398495	0.9999999999999994	-0.3085321998175093	0.1683190359282907	-0.07690334234417256	0.07227744798925316	-0.41871899261450646	0.22627169515412446	-0.15258932197791067	0.10071409567586914	-0.06771145817551882	0.2462169603547716	-0.17915971131448227	0.14307238120562943	-0.12378626981659611	0.09450549543315531	-0.0920222233119675	0.10231889565472117	-0.11045177306503962	0.08606123188716894	-0.07533299890226383	0.06977601866629805	-0.09860303189034295	0.07294995077527622	-0.06527681350655733	0.05504839027782771	-0.08452875375360053	0.07552331495666575	-0.07540874080569017	0.03639473370957633	-0.03789177860858601	0.01973776649524431	-0.061843980715933965	0.07745656710600589	-0.016059575488947122	0.017544284983627128	-0.021569182726738533	0.05528133346018716	-0.07547489113895134	0.02250253328010558	-0.023707767836776687
0.250758847808871	-0.6688379872030923	0.2399278201440352	-0.15766164200177277	0.1418772626584743	-0.3085321998175093	0.9999999999999994	-0.3918608697706287	0.10900280047492657	-0.10092881202451968	0.2279196339388008	-0.3794122217641188	0.24682480753799854	-0.1405365276405279	0.0932609392420675	-0.2238512747352432	0.21866838982359904	-0.20115967820504277	0.16678418416461793	-0.12822199700681372	0.11442664797320563	-0.13112691678912258	0.14449577164889452	-0.11380656640323543	0.09977304672797285	-0.08754753109771349	0.12493990309822084	-0.09539446995589147	0.08580083682356825	-0.07255052998636835	0.10740356364213935	-0.09627513271844863	0.09821535686470391	-0.04763811395434956	0.049615446999146794	-0.02523933031336136	0.08006413574229244	-0.1006641653922425	0.02101826094708035	-0.02296932560412147	0.02758697798159455	-0.07186132350302438	0.09865701869527596	-0.029521954335978318	0.03112659850759377
-0.20248276267829304	0.2497803539140293	-0.25819987776879755	0.16235031009018486	-0.1636887067127925	0.1683190359282907	-0.3918608697706287	0.9999999999999986	-0.14718112368193959	0.12394415386854561	-0.20100486664199557	0.25909233233869866	-0.7227663591976788	0.17728967519902675	-0.11872053563344132	0.19783536131536786	-0.23483669573367344	0.25826287853923896	-0.23100192986189388	0.15336443428850716	-0.13612262449088444	0.15014701129025154	-0.1856937196071557	0.13762185770728322	-0.12415058597976907	0.10208823859080055	-0.14983563830939334	0.11530222188898534	-0.10596626298636205	0.08795026832721456	-0.12874630443632584	0.11245260919322875	-0.12130166400537155	0.0570631670342733	-0.060124638974047635	0.029956185962532286	-0.094749500764738	0.11630368759022718	-0.025055540099988616	0.02729612079555167	-0.03286841750670286	0.0832380081588647	-0.11681782136067646	0.034133896229523245	-0.03620040630349629
0.09536439094080362	-0.12670426940644663	0.19804477457566572	-0.348391609155841	0.24312538164599878	-0.07690334234417256	0.10900280047492657	-0.14718112368193959	0.9999999999999973	-0.6742694480405589	0.09078677038470265	-0.11124061567692214	0.1322966947032908	-0.48500628269675483	0.2908611336966508	-0.11037590376980733	0.11760590321365776	-0.153466158996361	0.22812458351643872	-0.2775559791689577	0.09499426346865028	-0.10255456550524575	0.13027557818518357	-0.13666341927519568	0.13569928610129195	-0.07333690769889052	0.10540197595992579	-0.09173897465955042	0.10001456373090323	-0.08885138821567837	0.09508879785262517	-0.08415201398204813	0.09576836687634122	-0.05174365600452889	0.054471086107919106	-0.02281741594266961	0.07591597652028861	-0.09558698682516105	0.0224804777350257	-0.02474852743979489	0.025014237343658197	-0.068571945654872	0.09745457280420844	-0.029905566886708028	0.03164915141375298
-0.0914225569896623	0.11500165392402378	-0.18519629257268044	0.2266190781783739	-0.2864151723255973	0.07227744798925316	-0.10092881202451968	0.12394415386854561	-0.6742694480405589	0.999999999999996	-0.08593682176619279	0.10297196112322	-0.11971486295122355	0.302792983888972	-0.5222692555482575	0.10335729364955501	-0.11287809171871774	0.1427833717656121	-0.2326340010518381	0.26474140621128883	-0.09570594554276936	0.1010261618180235	-0.1310567249429002	0.13339144112263276	-0.14513105462926823	0.07321413443578077	-0.10616528366905428	0.09158753842251617	-0.10383522264023243	0.08963390947266972	-0.09632578718103751	0.08389466898309113	-0.09749057402272926	0.05198345648261643	-0.05554751931271033	0.023012012862036663	-0.07636108146975507	0.09437992992785521	-0.02263771702493126	0.024845068131077643	-0.025284110489518064	0.06831959212793433	-0.09878840965905872	0.02988290093811852	-0.03178145995439903
0.27679904853432613	-0.21911756539656732	0.16231487902410371	-0.11966733934137329	0.11694737359135307	-0.41871899261450646	0.2279196339388008	-0.20100486664199557	0.09078677038470265	-0.08593682176619279	0.9999999999999958	-0.4995893835164068	0.19290545659322444	-0.12295054395089723	0.08167268063009259	-0.6247259483119315	0.2800601539955446	-0.19727876636358663	0.154298525144909	-0.1151632547954297	0.1204069533277768	-0.13984192771177825	0.14171795496078	-0.10754612713277148	0.09246184824463685	-0.09108729363716461	0.1264872228356357	-0.09162552624553405	0.08014011833673121	-0.06770825026389564	0.10532386031813365	-0.0955917233268227	0.09311528247760442	-0.04441959243878245	0.04610097333420011	-0.02437190080336714	0.07545558616542164	-0.09483360220315891	0.019459426880129516	-0.02126674145026536	0.02656883785493708	-0.06693556968910322	0.08993810307485256	-0.026716203225946512	0.028084638004280453
-0.2536785944844804	0.2464334374535983	-0.2040449244705003	0.13981006940222193	-0.14063958056713052	0.22627169515412446	-0.3794122217641188	0.25909233233869866	-0.11124061567692214	0.10297196112322	-0.4995893835164068	0.9999999999999946	-0.3539320633105931	0.14923191713381942	-0.09972957206426265	0.31236400969397665	-0.5230740616885963	0.25446428147373984	-0.20117932733260466	0.1378716285617162	-0.14786541195045788	0.17753870916431025	-0.18389145958462763	0.13111172949395536	-0.11401610081377833	0.10904041109703383	-0.16202062021194144	0.1127043961387604	-0.09873796837761939	0.08245465340599732	-0.12998102073586115	0.11600472030021722	-0.11559148712080246	0.05380619006062137	-0.05617877394988466	0.029739988391918593	-0.09142823875044154	0.1130856081068562	-0.023514510621709846	0.02564406011024575	-0.03251151787967067	0.07999869504971865	-0.10869863405718336	0.031843064031416464	-0.03358458891069898
0.16801452784536838	-0.23124826052445008	0.19610391024629212	-0.14800960919326636	0.1439018741886249	-0.15258932197791067	0.24682480753799854	-0.7227663591976788	0.1322966947032908	-0.11971486295122355	0.19290545659322444	-0.3539320633105931	0.9999999999999992	-0.20000761504775766	0.11719255953741513	-0.21157971073363138	0.24127754077774863	-0.4009839015612263	0.22193270116790947	-0.15529381396400932	0.12455411240097092	-0.1503538221862492	0.18018537625616032	-0.13660176584983533	0.11746556115671017	-0.09556803824299592	0.1376172092903433	-0.11216908541357136	0.0992163894832049	-0.08414393055374872	0.11568292137433575	-0.10520161837836832	0.11202924611343906	-0.05360702898179302	0.05576268088233758	-0.027100366482443235	0.08667857865749377	-0.11001902807384897	0.023297358920361787	-0.02548353609713774	0.029583775953877418	-0.07679947944969337	0.10442426954827053	-0.031158436168501082	0.032797236925391424
-0.1270786594027092	0.15279854443146143	-0.22208602508629516	0.22180787613280994	-0.24922064278900943	0.10071409567586914	-0.1405365276405279	0.17728967519902675	-0.48500628269675483	0.302792983888972	-0.12295054395089723	0.14923191713381942	-0.20000761504775766	0.9999999999999993	-0.4860901883687013	0.1464640155769426	-0.16774752750016864	0.22314524350076523	-0.48400508727794256	0.3042521655057564	-0.13238600667686728	0.1420413895218115	-0.18690758498209312	0.18202866914307805	-0.18899034662504902	0.10078732418217379	-0.14702362558146925	0.12584995871605809	-0.13960595687092595	0.11822675882720719	-0.131223779417108	0.11445794557691681	-0.13346390592105728	0.06917415000464384	-0.07397965459973849	0.03110381919991706	-0.10231523166801958	0.12609983659742316	-0.03000689008250177	0.03288210927981414	-0.034168030128912556	0.090465447761265	-0.12995426685418135	0.03885784165595734	-0.04131447717713933
0.0843590422522793	-0.10552523032000034	0.15049237764115556	-0.1705192200567565	0.18492382798900617	-0.06771145817551882	0.0932609392420675	-0.11872053563344132	0.2908611336966508	-0.5222692555482575	0.08167268063009259	-0.09972957206426265	0.11719255953741513	-0.4860901883687013	0.9999999999999969	-0.1001874654139487	0.10994684763187537	-0.1480608357289997	0.24979026797683598	-0.5914548093892164	0.09097838533368478	-0.09928679191072369	0.13075215909307852	-0.15352695124315544	0.1680474038639827	-0.07006129173456621	0.1014335746115959	-0.09193354511826059	0.10909616489667309	-0.10150603354213605	0.09050707867400702	-0.08029089515643668	0.09526188022102469	-0.05327425542601739	0.05640927086235496	-0.021609208254536823	0.07217638987429378	-0.09103997741628991	0.022664595089522826	-0.025047130444169233	0.02368855338916912	-0.06424567907872555	0.09097434001384574	-0.028009157528146755	0.029605626316067515
-0.3155342096082379	0.2053256696397837	-0.19679727254884852	0.1393502551027255	-0.14538337528720816	0.2462169603547716	-0.2238512747352432	0.19783536131536786	-0.11037590376980733	0.10335729364955501	-0.6247259483119315	0.31236400969397665	-0.21157971073363138	0.1464640155769426	-0.1001874654139487	0.9999999999999899	-0.495493660972921	0.23673676794613793	-0.20490477127119094	0.14041440469686883	-0.1798785805363138	0.18930534263055374	-0.1935653785397646	0.13726458621402068	-0.12025313387670218	0.12632578384427043	-0.18042527858608728	0.12000546867851453	-0.10522067499715695	0.08727767778366821	-0.14780510956006201	0.12895785176455246	-0.12473749394764233	0.05754473971600374	-0.060243441035093416	0.03339154439362984	-0.10011691539909155	0.12203299232233633	-0.025214149739286193	0.027457644122124515	-0.03654452072925366	0.0869738432241435	-0.11836275713769845	0.03425615542749125	-0.03617860542545773
0.19539986300886883	-0.21961145425711118	0.18566498816069896	-0.14424377743883887	0.14440434425090914	-0.17915971131448227	0.21866838982359904	-0.23483669573367344	0.11760590321365776	-0.11287809171871774	0.2800601539955446	-0.5230740616885963	0.24127754077774863	-0.16774752750016864	0.10994684763187537	-0.495493660972921	0.9999999999999998	-0.44724258692668084	0.22533907018900143	-0.15938286569205498	0.1760924268582966	-0.3037274305400099	0.22739057954931416	-0.15839580452337212	0.12988205363131458	-0.13463791060562652	0.1943786363944279	-0.13684467927541796	0.11252703379189455	-0.09543182658574956	0.1471218354364149	-0.1404334069653417	0.1323944591856513	-0.06147202883414268	0.06336418201248659	-0.03365746915805851	0.10355325145315156	-0.1315042941620461	0.026536592503378708	-0.029021331429277146	0.0365140980682621	-0.09061498703935379	0.11829002296863728	-0.03504053906890925	0.0366857098603357
-0.1745084849875359	0.19426033728106779	-0.21277716821677334	0.16455534411726014	-0.17433209566147487	0.14307238120562943	-0.20115967820504277	0.25826287853923896	-0.153466158996361	0.1427833717656121	-0.19727876636358663	0.25446428147373984	-0.4009839015612263	0.22314524350076523	-0.1480608357289997	0.23673676794613793	-0.44724258692668084	0.9999999999999999	-0.49499720234331174	0.20989752312497995	-0.18227296549209582	0.22918111058222743	-0.3849282988182406	0.20749377314650527	-0.17584409223595476	0.1358456232398394	-0.20519612361004413	0.17398858981240278	-0.14849214193109453	0.12271411456211122	-0.16310743591527707	0.14806172300165998	-0.17354963096779896	0.07656267929880914	-0.08010584563533954	0.0375610776530504	-0.12061872346580593	0.1517105140707874	-0.03275713566229235	0.03570749838705104	-0.041026855976350196	0.10368854518001794	-0.14086885248890124	0.04133915969343581	-0.04354740895671409
0.14632560485269933	-0.189337217077022	0.21119052636785027	-0.20662478574455811	0.20705461167529474	-0.12378626981659611	0.16678418416461793	-0.23100192986189388	0.22812458351643872	-0.2326340010518381	0.154298525144909	-0.20117932733260466	0.22193270116790947	-0.48400508727794256	0.24979026797683598	-0.20490477127119094	0.22533907018900143	-0.49499720234331174	0.9999999999999951	-0.4245691065548661	0.15199805954719278	-0.1839572386773787	0.23732717510158785	-0.2795636091072596	0.21576386772173084	-0.11940724815067834	0.1700136793800289	-0.15817364435985087	0.1616179310542356	-0.14542492059602488	0.14567127942687988	-0.1353518808050679	0.15376111577327276	-0.0821358090981599	0.08479892247115924	-0.034774357074239676	0.11560123199164798	-0.15158736442550894	0.03481205896471915	-0.03850320470154895	0.037880117564987686	-0.10341723082729237	0.13925148879644395	-0.043273658501105774	0.04526192076759124
-0.1195407664408876	0.14247463239087563	-0.2024883438486721	0.19233086124462456	-0.23755644454528857	0.09450549543315531	-0.12822199700681372	0.15336443428850716	-0.2775559791689577	0.26474140621128883	-0.1151632547954297	0.1378716285617162	-0.15529381396400932	0.3042521655057564	-0.5914548093892164	0.14041440469686883	-0.15938286569205498	0.20989752312497995	-0.4245691065548661	0.9999999999999948	-0.13842643048014855	0.1486689617900404	-0.20422671132973846	0.23521652257893164	-0.3537182298127445	0.10546891838105889	-0.15469339189389977	0.141420847283542	-0.18436857077933713	0.1648005355984309	-0.13770907594450693	0.12053389613388904	-0.149390947037701	0.08302009977999002	-0.09020802768925741	0.032651061778222225	-0.10900909352242338	0.13510194896632977	-0.035159748235843745	0.03874498985758666	-0.03586240313740338	0.09544562152958014	-0.13696147268230993	0.04171426985868276	-0.04426623724154401
0.1076207742416151	-0.13319833077594642	0.1387596401964486	-0.12218897292173884	0.12618468099955968	-0.0920222233119675	0.11442664797320563	-0.13612262449088444	0.09499426346865028	-0.09570594554276936	0.1204069533277768	-0.14786541195045788	0.12455411240097092	-0.13238600667686728	0.09097838533368478	-0.1798785805363138	0.1760924268582966	-0.18227296549209582	0.15199805954719278	-0.13842643048014855	0.9999999999999909	-0.43730725423367384	0.2177842484580558	-0.16068394324693386	0.1227897064387406	-0.7016818409422564	0.2876858677898505	-0.15389866103206032	0.11223904234801531	-0.09736924325546864	0.276381908087649	-0.2703993736958617	0.14367794082024565	-0.06621846027159765	0.0662157691364689	-0.05818540670339568	0.13974844065427336	-0.17519322091954792	0.028629562842821168	-0.031393566131618006	0.059908793131279045	-0.122501942319993	0.13557217886566988	-0.03937974334825646	0.04037418430708402
-0.12209120617169553	0.14144524128328184	-0.14994592263190354	0.12498263739211837	-0.1317871589626048	0.10231889565472117	-0.13112691678912258	0.15014701129025154	-0.10255456550524575	0.1010261618180235	-0.13984192771177825	0.17753870916431025	-0.1503538221862492	0.1420413895218115	-0.09928679191072369	0.18930534263055374	-0.3037274305400099	0.22918111058222743	-0.1839572386773787	0.1486689617900404	-0.43730725423367384	0.9999999999999937	-0.48277926011657873	0.1946383454089353	-0.15229721936371468	0.2554630680477559	-0.5412878176144904	0.19570075068687312	-0.13866183155469472	0.11423026829776917	-0.24561494956967794	0.23982277518916156	-0.18387793912217815	0.07455284549242522	-0.07613170994958401	0.05084603250145193	-0.14137079557738227	0.17123743763613414	-0.03160214323238069	0.03438960424669932	-0.054864986864127094	0.11604688598229371	-0.13962677652492056	0.039827662407874116	-0.04132227115488126
0.13029696146381545	-0.16276334986011323	0.1739910321864807	-0.15224019528561406	0.15872863869028836	-0.11045177306503962	0.14449577164889452	-0.1856937196071557	0.13027557818518357	-0.1310567249429002	0.14171795496078	-0.18389145958462763	0.18018537625616032	-0.18690758498209312	0.13075215909307852	-0.1935653785397646	0.22739057954931416	-0.3849282988182406	0.23732717510158785	-0.20422671132973846	0.2177842484580558	-0.48277926011657873	0.9999999999999925	-0.39823472990993614	0.22278281705105843	-0.177198337335223	0.2548983624929383	-0.40660048356531375	0.2017190586771913	-0.17204711335317968	0.18611496357625665	-0.19527951535429716	0.24997483464292816	-0.1032078186764992	0.10275053319951007	-0.043649286967855624	0.14896514157417853	-0.21302139561925637	0.04198440746202843	-0.04602074891220638	0.04691842490230781	-0.12742118011426912	0.1573591329731142	-0.04774664658141053	0.049328156210849
-0.10608014186902442	0.127230990426949	-0.1559893695879471	0.13757494540306112	-0.15414641569466533	0.08606123188716894	-0.11380656640323543	0.13762185770728322	-0.13666341927519568	0.13339144112263276	-0.10754612713277148	0.13111172949395536	-0.13660176584983533	0.18202866914307805	-0.15352695124315544	0.13726458621402068	-0.15839580452337212	0.20749377314650527	-0.2795636091072596	0.23521652257893164	-0.16068394324693386	0.1946383454089353	-0.39823472990993614	0.9999999999999938	-0.6457007058653254	0.12189127107270548	-0.18604542077814593	0.20945218190915332	-0.38503394946301134	0.27438696036696025	-0.1496821731525445	0.1384940848139208	-0.20188878893641363	0.11299813882088591	-0.12267137856427088	0.03505279649816733	-0.1207042740464841	0.15790530455128302	-0.04515731679331964	0.050276654551137154	-0.038234076739109966	0.10216968367177899	-0.1375211404065933	0.044115425760718606	-0.04600898340533797
0.09159684844932243	-0.11507518978427723	0.1396723160997431	-0.13198095871060525	0.14288079153785765	-0.07533299890226383	0.09977304672797285	-0.12415058597976907	0.13569928610129195	-0.14513105462926823	0.09246184824463685	-0.11401610081377833	0.11746556115671017	-0.18899034662504902	0.1680474038639827	-0.12025313387670218	0.12988205363131458	-0.17584409223595476	0.21576386772173084	-0.3537182298127445	0.1227897064387406	-0.15229721936371468	0.22278281705105843	-0.6457007058653254	0.9999999999999937	-0.09773529387974192	0.14105902944957813	-0.17555753897400359	0.2943690693296391	-0.47583278168814336	0.11928680585750047	-0.11448970786225421	0.1591300522033582	-0.12319280258962592	0.12690560218994332	-0.028794457065263374	0.10215230863802337	-0.14158146060411883	0.04648909568962784	-0.05337989174282399	0.031270974512879614	-0.08957249508753341	0.11761789049964144	-0.041203718849928184	0.04236404364555506
-0.08365606695328498	0.1001457261623156	-0.10885127051062679	0.09367382642074079	-0.09882507421593356	0.06977601866629805	-0.08754753109771349	0.10208823859080055	-0.07333690769889052	0.07321413443578077	-0.09108729363716461	0.10904041109703383	-0.09556803824299592	0.10078732418217379	-0.07006129173456621	0.12632578384427043	-0.13463791060562652	0.1358456232398394	-0.11940724815067834	0.10546891838105889	-0.7016818409422564	0.2554630680477559	-0.177198337335223	0.12189127107270548	-0.09773529387974192	0.9999999999999917	-0.3663751014216969	0.1233906681918509	-0.09081960981395852	0.07700774088591816	-0.49424805686826606	0.26428886311814087	-0.12237233163409797	0.05336947316309989	-0.053948122646942036	0.07171730641226189	-0.12877413645705274	0.14585117724841218	-0.0232305181281125	0.025328590183670487	-0.07605593359735624	0.10586929018066085	-0.11781332383197467	0.03232427700578654	-0.033310360486082824
0.1154742498156559	-0.1453336173989864	0.15275302029962795	-0.1342655396202413	0.1394152078605647	-0.09860303189034295	0.12493990309822084	-0.14983563830939334	0.10540197595992579	-0.10616528366905428	0.1264872228356357	-0.16202062021194144	0.1376172092903433	-0.14702362558146925	0.1014335746115959	-0.18042527858608728	0.1943786363944279	-0.20519612361004413	0.1700136793800289	-0.15469339189389977	0.2876858677898505	-0.5412878176144904	0.2548983624929383	-0.18604542077814593	0.14105902944957813	-0.3663751014216969	0.9999999999999909	-0.2038537902328595	0.1323417226157274	-0.11439294010567037	0.2943977069533662	-0.5189513792478531	0.1795815898182679	-0.0783250751648165	0.07800389658108914	-0.06232687251941961	0.18446808657805622	-0.218755634625731	0.033615316281300864	-0.03675975417143419	0.065510873473442	-0.15170435183408854	0.16199443545343212	-0.045461058440030844	0.04664536404217473
-0.08875986712642102	0.10799955895708654	-0.1261705845873252	0.10848174197031285	-0.11849318177919259	0.07294995077527622	-0.09539446995589147	0.11530222188898534	-0.09173897465955042	0.09158753842251617	-0.09162552624553405	0.1127043961387604	-0.11216908541357136	0.12584995871605809	-0.09193354511826059	0.12000546867851453	-0.13684467927541796	0.17398858981240278	-0.15817364435985087	0.141420847283542	-0.15389866103206032	0.19570075068687312	-0.40660048356531375	0.20945218190915332	-0.17555753897400359	0.1233906681918509	-0.2038537902328595	0.9999999999999908	-0.2861953002371264	0.18337042326247935	-0.15382313012056648	0.15719559613802564	-0.7334457334534584	0.1310083555908335	-0.13245769862869242	0.037238299968633384	-0.16544092446261108	0.229928373740877	-0.05080501669285823	0.053064964654281385	-0.04038172384606689	0.12219109517933599	-0.1631267491759508	0.04654572671879181	-0.048599745883397834
0.07909408363647435	-0.09967116872681936	0.11828917540309994	-0.108902636492161	0.11706693223398838	-0.06527681350655733	0.08580083682356825	-0.10596626298636205	0.10001456373090323	-0.10383522264023243	0.08014011833673121	-0.09873796837761939	0.0992163894832049	-0.13960595687092595	0.10909616489667309	-0.10522067499715695	0.11252703379189455	-0.14849214193109453	0.1616179310542356	-0.18436857077933713	0.11223904234801531	-0.13866183155469472	0.2017190586771913	-0.38503394946301134	0.2943690693296391	-0.09081960981395852	0.1323417226157274	-0.2861953002371264	0.9999999999999929	-0.7501818910876392	0.11156449365639698	-0.11051247187051069	0.1990405928006587	-0.17174596130558412	0.16664324354594326	-0.027345007418463588	0.10443632823865798	-0.15245288167199592	0.06056551756283503	-0.07094103273927364	0.0296218410980952	-0.08949058311203688	0.11555083656774126	-0.044403995451765814	0.045040404921809746
-0.06760255864552236	0.08304029948367185	-0.10232767427606673	0.09221503026634983	-0.10272256715462813	0.05504839027782771	-0.07255052998636835	0.08795026832721456	-0.08885138821567837	0.08963390947266972	-0.06770825026389564	0.08245465340599732	-0.08414393055374872	0.11822675882720719	-0.10150603354213605	0.08727767778366821	-0.09543182658574956	0.12271411456211122	-0.14542492059602488	0.1648005355984309	-0.09736924325546864	0.11423026829776917	-0.17204711335317968	0.27438696036696025	-0.47583278168814336	0.07700774088591816	-0.11439294010567037	0.18337042326247935	-0.7501818910876392	0.9999999999999954	-0.09703908476112978	0.0926918021654829	-0.1751690875432116	0.16450589077953942	-0.22013036871098773	0.023530266007724485	-0.08928914200392686	0.12172577454974177	-0.05935147338109434	0.06825685261672483	-0.025605976747508422	0.07495330019873667	-0.10091060765694888	0.039526818521389714	-0.040568664480017
0.09994071076186127	-0.12831292398409883	0.13984271514479377	-0.12539280952322637	0.13110665800626575	-0.08452875375360053	0.10740356364213935	-0.12874630443632584	0.09508879785262517	-0.09632578718103751	0.10532386031813365	-0.12998102073586115	0.11568292137433575	-0.131223779417108	0.09050707867400702	-0.14780510956006201	0.1471218354364149	-0.16310743591527707	0.14567127942687988	-0.13770907594450693	0.276381908087649	-0.24561494956967794	0.18611496357625665	-0.1496821731525445	0.11928680585750047	-0.49424805686826606	0.2943977069533662	-0.15382313012056648	0.11156449365639698	-0.09703908476112978	0.9999999999999922	-0.6290209777787444	0.15492373841309898	-0.06977036805046766	0.06931111546713789	-0.1535410397606586	0.2009425643760651	-0.22727913857122883	0.0307760041704636	-0.03364461841687126	0.13188007544051839	-0.17149938155347808	0.1671999085065136	-0.04567328914309926	0.04650510412692719
-0.09139591970581037	0.11083836647170855	-0.12588278629448535	0.10786736332852	-0.11639440494089293	0.07552331495666575	-0.09627513271844863	0.11245260919322875	-0.08415201398204813	0.08389466898309113	-0.0955917233268227	0.11600472030021722	-0.10520161837836832	0.11445794557691681	-0.08029089515643668	0.12895785176455246	-0.1404334069653417	0.14806172300165998	-0.1353518808050679	0.12053389613388904	-0.2703993736958617	0.23982277518916156	-0.19527951535429716	0.1384940848139208	-0.11448970786225421	0.26428886311814087	-0.5189513792478531	0.15719559613802564	-0.11051247187051069	0.0926918021654829	-0.6290209777787444	0.9999999999999916	-0.176401591214823	0.06803303597944259	-0.06878549682169013	0.09669699949185087	-0.3175697381529824	0.22753956544848972	-0.03008906634922457	0.03250127244692219	-0.10517420407445574	0.17897374731965537	-0.18660986159920032	0.04446719056474624	-0.04592085832386922
0.09051613606666209	-0.11484463597512216	0.13124697850596181	-0.11682722382049068	0.12489008661651488	-0.07540874080569017	0.09821535686470391	-0.12130166400537155	0.09576836687634122	-0.09749057402272926	0.09311528247760442	-0.11559148712080246	0.11202924611343906	-0.13346390592105728	0.09526188022102469	-0.12473749394764233	0.1323944591856513	-0.17354963096779896	0.15376111577327276	-0.149390947037701	0.14367794082024565	-0.18387793912217815	0.24997483464292816	-0.20188878893641363	0.1591300522033582	-0.12237233163409797	0.1795815898182679	-0.7334457334534584	0.1990405928006587	-0.1751690875432116	0.15492373841309898	-0.176401591214823	0.9999999999999909	-0.18049250972061778	0.1475078394976558	-0.039358872330614324	0.19023407202029435	-0.39665830787460493	0.06070319371654611	-0.06358671569934594	0.0423069608035455	-0.1454120996959878	0.17507287866872825	-0.05221282620066357	0.05364388000572261
-0.04474424942807402	0.055235526785334756	-0.06817721759309359	0.06008887183091558	-0.0671110889455411	0.03639473370957633	-0.04763811395434956	0.0570631670342733	-0.05174365600452889	0.05198345648261643	-0.04441959243878245	0.05380619006062137	-0.05360702898179302	0.06917415000464384	-0.05327425542601739	0.05754473971600374	-0.06147202883414268	0.07656267929880914	-0.0821358090981599	0.08302009977999002	-0.06621846027159765	0.07455284549242522	-0.1032078186764992	0.11299813882088591	-0.12319280258962592	0.05336947316309989	-0.0783250751648165	0.1310083555908335	-0.17174596130558412	0.16450589077953942	-0.06977036805046766	0.06803303597944259	-0.18049250972061778	0.999999999999989	-0.8614632948894704	0.01746195352445447	-0.07242462121167806	0.10424820855478292	-0.302488569902358	0.22719989407032426	-0.01897623022096245	0.06132711694992194	-0.0832638073308839	0.0722568823196599	-0.07463155426562565
0.04623652168992609	-0.058123192669934244	0.07053243868262239	-0.06353701943043585	0.06965014168319325	-0.03789177860858601	0.049615446999146794	-0.060124638974047635	0.054471086107919106	-0.05554751931271033	0.04610097333420011	-0.05617877394988466	0.05576268088233758	-0.07397965459973849	0.05640927086235496	-0.060243441035093416	0.06336418201248659	-0.08010584563533954	0.08479892247115924	-0.09020802768925741	0.0662157691364689	-0.07613170994958401	0.10275053319951007	-0.12267137856427088	0.12690560218994332	-0.053948122646942036	0.07800389658108914	-0.13245769862869242	0.16664324354594326	-0.22013036871098773	0.06931111546713789	-0.06878549682169013	0.1475078394976558	-0.8614632948894704	0.9999999999999893	-0.017473424650927556	0.07126201526616999	-0.10709970981123756	0.22048061255700488	-0.2864365553463754	0.018932441686311925	-0.062421768160447214	0.08209067881754568	-0.0765490948423458	0.07414255683777035
-0.02366288497216123	0.030038244334251188	-0.034206866549326594	0.030262900121018323	-0.03244117256924861	0.01973776649524431	-0.02523933031336136	0.029956185962532286	-0.02281741594266961	0.023012012862036663	-0.02437190080336714	0.029739988391918593	-0.027100366482443235	0.03110381919991706	-0.021609208254536823	0.03339154439362984	-0.03365746915805851	0.0375610776530504	-0.034774357074239676	0.032651061778222225	-0.05818540670339568	0.05084603250145193	-0.043649286967855624	0.03505279649816733	-0.028794457065263374	0.07171730641226189	-0.06232687251941961	0.037238299968633384	-0.027345007418463588	0.023530266007724485	-0.1535410397606586	0.09669699949185087	-0.039358872330614324	0.01746195352445447	-0.017473424650927556	0.9999999999999881	-0.07168290414102382	0.06498470270829489	-0.008006294446732743	0.008696322426636007	-0.974930179255753	0.06974845721149736	-0.06283778485907447	0.013670378784913714	-0.01399653680113722
0.07534019622034424	-0.09471439052785133	0.11448374084955423	-0.09987630159818514	0.11095644572722042	-0.061843980715933965	0.08006413574229244	-0.094749500764738	0.07591597652028861	-0.07636108146975507	0.07545558616542164	-0.09142823875044154	0.08667857865749377	-0.10231523166801958	0.07217638987429378	-0.10011691539909155	0.10355325145315156	-0.12061872346580593	0.11560123199164798	-0.10900909352242338	0.13974844065427336	-0.14137079557738227	0.14896514157417853	-0.1207042740464841	0.10215230863802337	-0.12877413645705274	0.18446808657805622	-0.16544092446261108	0.10443632823865798	-0.08928914200392686	0.2009425643760651	-0.3175697381529824	0.19023407202029435	-0.07242462121167806	0.07126201526616999	-0.07168290414102382	0.9999999999999878	-0.616292438389805	0.03396810268288477	-0.0364127547784566	0.07297496397452011	-0.5632597520762144	0.30141367039204237	-0.06064120353992762	0.061171817524864606
-0.09648779502140527	0.11575958737230939	-0.14775100095228796	0.12228357607134714	-0.14200842676898606	0.07745656710600589	-0.1006641653922425	0.11630368759022718	-0.09558698682516105	0.09437992992785521	-0.09483360220315891	0.1130856081068562	-0.11001902807384897	0.12609983659742316	-0.09103997741628991	0.12203299232233633	-0.1315042941620461	0.1517105140707874	-0.15158736442550894	0.13510194896632977	-0.17519322091954792	0.17123743763613414	-0.21302139561925637	0.15790530455128302	-0.14158146060411883	0.14585117724841218	-0.218755634625731	0.229928373740877	-0.15245288167199592	0.12172577454974177	-0.22727913857122883	0.22753956544848972	-0.39665830787460493	0.10424820855478292	-0.10709970981123756	0.06498470270829489	-0.616292438389805	0.9999999999999892	-0.04918617423453635	0.05114822991439106	-0.07080030085973216	0.2835930626552446	-0.4033629081211764	0.07720596059459317	-0.08256282953585178
0.01976417850808763	-0.024606339474073233	0.03079861622854558	-0.02713250919167731	0.030548730409926877	-0.016059575488947122	0.02101826094708035	-0.025055540099988616	0.0224804777350257	-0.02263771702493126	0.019459426880129516	-0.023514510621709846	0.023297358920361787	-0.03000689008250177	0.022664595089522826	-0.025214149739286193	0.026536592503378708	-0.03275713566229235	0.03481205896471915	-0.035159748235843745	0.028629562842821168	-0.03160214323238069	0.04198440746202843	-0.04515731679331964	0.04648909568962784	-0.0232305181281125	0.033615316281300864	-0.05080501669285823	0.06056551756283503	-0.05935147338109434	0.0307760041704636	-0.03008906634922457	0.06070319371654611	-0.302488569902358	0.22048061255700488	-0.008006294446732743	0.03396810268288477	-0.04918617423453635	0.9999999999999892	-0.911175478001517	0.008676655376417847	-0.03235089607580843	0.04541235552597876	-0.12633690857738017	0.11458568280121002
-0.02164930252309661	0.02680431688232134	-0.033778554372807794	0.029628492008346063	-0.03353737991975667	0.017544284983627128	-0.02296932560412147	0.02729612079555167	-0.02474852743979489	0.024845068131077643	-0.02126674145026536	0.02564406011024575	-0.02548353609713774	0.03288210927981414	-0.025047130444169233	0.027457644122124515	-0.029021331429277146	0.03570749838705104	-0.03850320470154895	0.03874498985758666	-0.031393566131618006	0.03438960424669932	-0.04602074891220638	0.050276654551137154	-0.05337989174282399	0.025328590183670487	-0.03675975417143419	0.053064964654281385	-0.07094103273927364	0.06825685261672483	-0.03364461841687126	0.03250127244692219	-0.06358671569934594	0.22719989407032426	-0.2864365553463754	0.008696322426636007	-0.0364127547784566	0.05114822991439106	-0.911175478001517	0.9999999999999888	-0.009438305171999724	0.03442466352531289	-0.04885526974028881	0.11790633367932285	-0.13452145391789072
0.025780361144482643	-0.03299332726165677	0.03736911569427169	-0.033294693451588475	0.035522611984066615	-0.021569182726738533	0.02758697798159455	-0.03286841750670286	0.025014237343658197	-0.025284110489518064	0.02656883785493708	-0.03251151787967067	0.029583775953877418	-0.034168030128912556	0.02368855338916912	-0.03654452072925366	0.0365140980682621	-0.041026855976350196	0.037880117564987686	-0.03586240313740338	0.059908793131279045	-0.054864986864127094	0.04691842490230781	-0.038234076739109966	0.031270974512879614	-0.07605593359735624	0.065510873473442	-0.04038172384606689	0.0296218410980952	-0.025605976747508422	0.13188007544051839	-0.10517420407445574	0.0423069608035455	-0.01897623022096245	0.018932441686311925	-0.974930179255753	0.07297496397452011	-0.07080030085973216	0.008676655376417847	-0.009438305171999724	0.9999999999999877	-0.07787263547146821	0.06561234009780592	-0.014705879082270275	0.014999136198924927
-0.06845034463050031	0.08453457521529721	-0.10829889267552771	0.09176497352574761	-0.10628985397734757	0.05528133346018716	-0.07186132350302438	0.0832380081588647	-0.068571945654872	0.06831959212793433	-0.06693556968910322	0.07999869504971865	-0.07679947944969337	0.090465447761265	-0.06424567907872555	0.0869738432241435	-0.09061498703935379	0.10368854518001794	-0.10341723082729237	0.09544562152958014	-0.122501942319993	0.11604688598229371	-0.12742118011426912	0.10216968367177899	-0.08957249508753341	0.10586929018066085	-0.15170435183408854	0.12219109517933599	-0.08949058311203688	0.07495330019873667	-0.17149938155347808	0.17897374731965537	-0.1454120996959878	0.06132711694992194	-0.062421768160447214	0.06974845721149736	-0.5632597520762144	0.2835930626552446	-0.03235089607580843	0.03442466352531289	-0.07787263547146821	0.9999999999999877	-0.7037095405939688	0.08320911321309157	-0.08616680222538675
0.09210129821833737	-0.11998453750540383	0.15079527549409977	-0.13531497903752446	0.15244128856461991	-0.07547489113895134	0.09865701869527596	-0.11681782136067646	0.09745457280420844	-0.09878840965905872	0.08993810307485256	-0.10869863405718336	0.10442426954827053	-0.12995426685418135	0.09097434001384574	-0.11836275713769845	0.11829002296863728	-0.14086885248890124	0.13925148879644395	-0.13696147268230993	0.13557217886566988	-0.13962677652492056	0.1573591329731142	-0.1375211404065933	0.11761789049964144	-0.11781332383197467	0.16199443545343212	-0.1631267491759508	0.11555083656774126	-0.10091060765694888	0.1671999085065136	-0.18660986159920032	0.17507287866872825	-0.0832638073308839	0.08209067881754568	-0.06283778485907447	0.30141367039204237	-0.4033629081211764	0.04541235552597876	-0.04885526974028881	0.06561234009780592	-0.7037095405939688	0.9999999999999886	-0.1456421711163471	0.12433316369934753
