1.0000000000000002	-0.8446266119020662	0.1930643030940073	-0.14389399094028546	0.11661446403543484	-0.2974473802065836	0.25355409808291757	-0.20303936280727844	0.1705463010720081	-0.09276408292077934	0.19800604366855565	-0.2162998103562914	0.1452546185727091	-0.13279854282365589	0.1121797323447622	-0.10366968473737442	0.10397472849259692	-0.12285776787100323	0.09489146929153293	-0.08360595036164901	0.0886368658189261	-0.09264581040955205	0.11118254394803137	-0.09226932112141686	0.07240861756808827	-0.14216374471998414	0.09592337335374881	-0.08736799358212698	0.05955915113926008	-0.056399194479354875	0.05484353347180528	-0.17492386209165092	0.08373855182858038	-0.05038017618945415	0.05039476077408897	-0.06364444342284685	0.04626196810104781	-0.04107770716531245	0.03997563652997636	-0.049135316669501695
-0.8446266119020662	1.0000000000000004	-0.24125230408843903	0.1440141025361742	-0.11740076413879666	0.21851378555938267	-0.34469656273769333	0.20141231165009513	-0.17886305287408813	0.08921317083514659	-0.19458425654882225	0.18904961407414111	-0.14124231548162794	0.12297623963255626	-0.1090252730570688	0.09024879073192686	-0.09292035055714473	0.10816630334162093	-0.08627600498342264	0.07558395110654889	-0.07834610139118668	0.08091589386395669	-0.10045416208671057	0.0825427092944759	-0.06600073718646056	0.12089496559730976	-0.08466531726675719	0.07637101144607782	-0.05325829503585229	0.050268001205622505	-0.046588066489305587	0.14725750043647756	-0.07373350884709942	0.04463235033570079	-0.04501847287492527	0.053847861639431005	-0.04018563253716713	0.035577567289228396	-0.03481666514424533	0.042468326394401505
0.1930643030940073	-0.24125230408843903	1.0000000000000007	-0.5969410102699934	0.24952669324098256	-0.18141397329056977	0.2508813180912261	-0.48068170245602565	0.3222348000118584	-0.19737719744376303	0.17048906654705653	-0.24694348596475157	0.21867952177015348	-0.2223592086549301	0.197179847149732	-0.1435488659114345	0.14547377950140591	-0.18723803195074384	0.14877023180472626	-0.13789431905381164	0.12623591429891667	-0.13545627068379684	0.1706888368729097	-0.14701622063730632	0.11653169006538146	-0.21620232426860655	0.14251059535977934	-0.13950858156930673	0.09494605012318377	-0.09085845889930572	0.08953187280394585	-0.29243036697230046	0.13288306536594272	-0.08076443979523205	0.08043254858819229	-0.10472072152370548	0.07456127814747146	-0.06648212617666802	0.06456212338584742	-0.08009391895749726
-0.14389399094028546	0.1440141025361742	-0.5969410102699934	1.000000000000001	-0.47718696765067126	0.13007306643228636	-0.189732966969711	0.2605503788687308	-0.49249579148496614	0.22737831911202958	-0.13292168687753783	0.18489410633891143	-0.18679490057767387	0.1981645349420362	-0.2284146845712043	0.10944412157935426	-0.11388333665071308	0.14764126091845214	-0.1260725048380826	0.11990462792245649	-0.09719803874359748	0.10405723871442817	-0.13943618942914474	0.12111792130213005	-0.10217873568158747	0.16091837341280216	-0.11020042425679662	0.10849523500269641	-0.07793809139284891	0.0745407674135305	-0.06617103098726121	0.2133889356005255	-0.10411505472901088	0.0649185505635859	-0.06582302368472111	0.07698402303883597	-0.05710656942727177	0.050744822330876425	-0.04979601321032977	0.06107062329912882
0.11661446403543484	-0.11740076413879666	0.24952669324098256	-0.47718696765067126	1.0000000000000018	-0.12086497058454769	0.15825906144132224	-0.20346798538008457	0.26103965074837526	-0.6375745460868147	0.1250131085151402	-0.193858206331217	0.18761127684852336	-0.2480686149263888	0.29156131016753584	-0.12396689800943006	0.1277518480165045	-0.17364328351919692	0.14844249432789353	-0.15483440101351753	0.10968795731337863	-0.1190273294989962	0.15875189522116284	-0.14676205874001255	0.12265005086682917	-0.18674124575502332	0.12521392069148737	-0.1279183357683891	0.0919607277262202	-0.08976604488140996	0.07808491838829303	-0.2544862722280097	0.12074334436930903	-0.07697878211320945	0.07744468702506346	-0.09118956581274446	0.06667037961835867	-0.05952969855554379	0.05832495555132806	-0.07208676352523471
-0.2974473802065836	0.21851378555938267	-0.18141397329056977	0.13007306643228636	-0.12086497058454769	1.0000000000000013	-0.4462188468290223	0.21516072550571735	-0.1881732777536567	0.0936981372908522	-0.7416316689428	0.27565760742902656	-0.18212391872203157	0.14222963946078365	-0.12169452526539283	0.12259803875362213	-0.12192229437579594	0.12664830193678625	-0.10018796579828376	0.08420600066229357	-0.1022852913994543	0.09770939918354409	-0.11526164572058432	0.09314697434271044	-0.0742733842285797	0.13571913638534117	-0.10026930681802243	0.08351357002175666	-0.05908067420134145	0.05544168606674823	-0.04887611851052645	0.15033184277907619	-0.08075518381416132	0.04896039344754255	-0.049701461710702506	0.05593188134403157	-0.04300447196370487	0.03794076920255647	-0.03725321283359174	0.04495862037480399
0.25355409808291757	-0.34469656273769333	0.2508813180912261	-0.189732966969711	0.15825906144132224	-0.4462188468290223	1.0000000000000016	-0.5372794893547712	0.25245892389297697	-0.12831223704522482	0.28080903157398407	-0.42721333019437335	0.24108462072929912	-0.20245500876356531	0.1587500277760435	-0.14342497651272568	0.14961086774563032	-0.17090740483606318	0.13256880793602338	-0.1140540641446083	0.12026263078839715	-0.12624544326952328	0.14937753731043174	-0.1258237130240483	0.0985709202984185	-0.1846776548662167	0.12800923299005823	-0.11373374232989626	0.07912733056373705	-0.07493489175087992	0.06904784399554191	-0.21738465309855237	0.10876545337290215	-0.06625143131917985	0.06661837322503576	-0.07974434943167265	0.059152685416688944	-0.052459009273081704	0.051235432980400786	-0.0625944138695421
-0.20303936280727844	0.20141231165009513	-0.48068170245602565	0.2605503788687308	-0.20346798538008457	0.21516072550571735	-0.5372794893547712	1.0000000000000009	-0.4541012672113376	0.15520789755228767	-0.21754280733447753	0.2732702511590868	-0.34363594361881067	0.22941133067628358	-0.19260450387258482	0.1283260578776682	-0.1374544236452002	0.1674370985695763	-0.14040991338082617	0.12120902731815086	-0.1126387536509913	0.11818998677524419	-0.15372059922169928	0.13007161870564216	-0.10527714721978018	0.17466621220894374	-0.12394062880544571	0.1148212184010781	-0.08213804409933571	0.07775446287789482	-0.06850031076647484	0.21691282534094972	-0.11064645829854979	0.06818033219317031	-0.06914851802059181	0.07917568888158454	-0.059827570569509825	0.052990387018535534	-0.05204590124989465	0.06335352110149539
0.1705463010720081	-0.17886305287408813	0.3222348000118584	-0.49249579148496614	0.26103965074837526	-0.1881732777536567	0.25245892389297697	-0.4541012672113376	0.9999999999999997	-0.22784454013855374	0.1833341153416852	-0.2806252327235229	0.2566587641367354	-0.3167381038154516	0.23395798489373817	-0.17121009627622583	0.1733172559023438	-0.22818330053657612	0.1836272378556924	-0.1685135636823868	0.15096639251428348	-0.16290413737310366	0.20622235555852841	-0.18114552473962806	0.14147485936260285	-0.2621131279598301	0.17151760576078537	-0.17036721664599064	0.1155157318593395	-0.11078284921361668	0.11006069062142512	-0.3614586227979667	0.16175070347932183	-0.09846402904937246	0.09777536847446197	-0.12897760988421078	0.09114953989631973	-0.08138133835818892	0.07892214373458795	-0.09818773340858095
-0.09276408292077934	0.08921317083514659	-0.19737719744376303	0.22737831911202958	-0.6375745460868147	0.0936981372908522	-0.12831223704522482	0.15520789755228767	-0.22784454013855374	0.999999999999999	-0.10130000001578938	0.15113759380526542	-0.181486974540917	0.22674354018240467	-0.6191297373666104	0.09284541474271185	-0.09970505298567968	0.13521985008972728	-0.13114583609146388	0.14236970224467554	-0.08269019382953506	0.08927867793292706	-0.1295566901141367	0.12041684145070759	-0.11776519211294025	0.13307071122662256	-0.09422840381742795	0.0960932769275099	-0.07615329990981796	0.073849237382066	-0.054252704151810084	0.17284078080772586	-0.0919394191807395	0.06115720505348845	-0.06381272455819731	0.06279079344026693	-0.04889578652523386	0.04343096161937352	-0.04325816004989461	0.052450668588714194
0.19800604366855565	-0.19458425654882225	0.17048906654705653	-0.13292168687753783	0.1250131085151402	-0.7416316689428	0.28080903157398407	-0.21754280733447753	0.1833341153416852	-0.10130000001578938	0.9999999999999979	-0.46056957714462066	0.20127558840799536	-0.16630631261129653	0.13035800752117496	-0.16864449159643666	0.1505607829584119	-0.15376835280944776	0.11542436977078198	-0.09622935049398339	0.12396885690931563	-0.11996304416418822	0.13116614700759557	-0.10794322210238956	0.0839883600093199	-0.1652914719506586	0.1179373798913928	-0.09645372333401896	0.06728088783727088	-0.06333388698652073	0.05693655235796713	-0.17439083893638813	0.09225272984182352	-0.05595045981544113	0.05646313983680196	-0.0651505394914783	0.04927661945822064	-0.0435686830635058	0.04259499933102833	-0.051591404746247
-0.2162998103562914	0.18904961407414111	-0.24694348596475157	0.18489410633891143	-0.193858206331217	0.27565760742902656	-0.42721333019437335	0.2732702511590868	-0.2806252327235229	0.15113759380526542	-0.46056957714462066	0.9999999999999987	-0.5014459149146575	0.258142963324428	-0.21415154037402068	0.17983756617403826	-0.2510169618000321	0.21116500464475624	-0.17199765888864857	0.13629052849179185	-0.1542395659726143	0.15695594628728335	-0.18689041812739288	0.1505817342302141	-0.12161262460763744	0.19905765025365155	-0.15937592261979633	0.12736751242649522	-0.0932953009847809	0.08707005713732796	-0.07033918276644394	0.21219744277722621	-0.12360051574034248	0.07593243243586949	-0.07795355391396525	0.07982816805828716	-0.06405359567891132	0.056327799933941776	-0.05569961981696806	0.06641804288120566
0.1452546185727091	-0.14124231548162794	0.21867952177015348	-0.18679490057767387	0.18761127684852336	-0.18212391872203157	0.24108462072929912	-0.34363594361881067	0.2566587641367354	-0.181486974540917	0.20127558840799536	-0.5014459149146575	0.9999999999999971	-0.613470427864085	0.2408266265281261	-0.15218371710535447	0.17392565063880155	-0.24269515103907974	0.1978499698387672	-0.15578447030020162	0.12878527620872607	-0.13901643677407877	0.18084471454591797	-0.17145992985930433	0.12987826416853726	-0.19128261839191563	0.13937065475363314	-0.1287329199312541	0.0959201027403872	-0.09163393194800504	0.07149539727699897	-0.22273409537708733	0.12163944469013906	-0.07811124224598875	0.07940732087632481	-0.08213893821253934	0.06393152105259589	-0.056727401939020566	0.05600532436011951	-0.0677434019446557
-0.13279854282365589	0.12297623963255626	-0.2223592086549301	0.1981645349420362	-0.2480686149263888	0.14222963946078365	-0.20245500876356531	0.22941133067628358	-0.3167381038154516	0.22674354018240467	-0.16630631261129653	0.258142963324428	-0.613470427864085	0.999999999999998	-0.47118307734754683	0.13522366820400908	-0.15720535901173788	0.2170707189522425	-0.2928645041253089	0.18291412533778137	-0.11985401928907762	0.12831053277922452	-0.19580470790251128	0.1915029125382902	-0.1572812616424047	0.176696030895772	-0.13376702310040747	0.130123146386949	-0.10544324808234272	0.09985854173513924	-0.06810361803035031	0.21077435255207122	-0.12451314262887667	0.08295459904467505	-0.08644036068738262	0.07794404156052999	-0.06374298081013606	0.05639918223313434	-0.05643566987521591	0.06739509207457453
0.1121797323447622	-0.1090252730570688	0.197179847149732	-0.2284146845712043	0.29156131016753584	-0.12169452526539283	0.1587500277760435	-0.19260450387258482	0.23395798489373817	-0.6191297373666104	0.13035800752117496	-0.21415154037402068	0.2408266265281261	-0.47118307734754683	0.9999999999999981	-0.12925195027097902	0.13836783325939192	-0.19701480714934372	0.19269166353640876	-0.2528658481348118	0.1135431116611997	-0.12387531046791772	0.1765866420311648	-0.18006081158921364	0.1697945933045279	-0.18400001511201605	0.12871617428462037	-0.13389049358532246	0.10689145564653724	-0.10663699381630244	0.07462977479273199	-0.23857732835444936	0.12566037231807217	-0.08604047025420884	0.08901027367981931	-0.08649052344549239	0.06686424006620913	-0.0596523811255326	0.05940131572457796	-0.07241070488471776
-0.10366968473737442	0.09024879073192686	-0.1435488659114345	0.10944412157935426	-0.12396689800943006	0.12259803875362213	-0.14342497651272568	0.1283260578776682	-0.17121009627622583	0.09284541474271185	-0.16864449159643666	0.17983756617403826	-0.15218371710535447	0.13522366820400908	-0.12925195027097902	0.9999999999999977	-0.5564280796003195	0.2415984173961523	-0.16723457580714732	0.11570894286303053	-0.6451220404987812	0.2760239122232173	-0.20998789866965986	0.14203677284494673	-0.10858973028825196	0.27626363312197666	-0.2551019343710871	0.12824722258823762	-0.08845311332397371	0.07983743906539906	-0.06698376304321799	0.1709689463130892	-0.12472730790016016	0.07129830147476635	-0.07324784085381335	0.07157252341949027	-0.06049576213001071	0.0524215326161833	-0.0512304420346884	0.059001869968593385
0.10397472849259692	-0.09292035055714473	0.14547377950140591	-0.11388333665071308	0.1277518480165045	-0.12192229437579594	0.14961086774563032	-0.1374544236452002	0.1733172559023438	-0.09970505298567968	0.1505607829584119	-0.2510169618000321	0.17392565063880155	-0.15720535901173788	0.13836783325939192	-0.5564280796003195	0.9999999999999957	-0.5021384441641707	0.20545392404137722	-0.13903696188468273	0.28978953929761675	-0.41676712760937595	0.2246159358028803	-0.176152544801164	0.12385591834842377	-0.2939027331092703	0.25222294566699077	-0.14217475626061177	0.09775502442449094	-0.08996035813389039	0.07129373747349929	-0.1907444686748667	0.13137139539720002	-0.07870361056182772	0.07991140263197681	-0.07786292857299901	0.06396717069505567	-0.05608821474907666	0.05468719103665099	-0.06383892169964395
-0.12285776787100323	0.10816630334162093	-0.18723803195074384	0.14764126091845214	-0.17364328351919692	0.12664830193678625	-0.17090740483606318	0.1674370985695763	-0.22818330053657612	0.13521985008972728	-0.15376835280944776	0.21116500464475624	-0.24269515103907974	0.2170707189522425	-0.19701480714934372	0.2415984173961523	-0.5021384441641707	0.9999999999999992	-0.5016844370813527	0.21028626502040096	-0.22046595533020294	0.22833977062231248	-0.3964272808454782	0.2738880780279742	-0.20042625071576367	0.23897118349096935	-0.2309896154434122	0.18647400017080973	-0.14443772561667614	0.13008111200053474	-0.07950038000503266	0.22509043330868062	-0.17884460806354197	0.11090372558435742	-0.11586969141881222	0.08774823157236837	-0.08206820080582222	0.07184627618081263	-0.07158730550396399	0.08217196620750936
0.09489146929153293	-0.08627600498342264	0.14877023180472626	-0.1260725048380826	0.14844249432789353	-0.10018796579828376	0.13256880793602338	-0.14040991338082617	0.1836272378556924	-0.13114583609146388	0.11542436977078198	-0.17199765888864857	0.1978499698387672	-0.2928645041253089	0.19269166353640876	-0.16723457580714732	0.20545392404137722	-0.5016844370813527	0.9999999999999959	-0.3787833960584716	0.1402250831889734	-0.16008518396629423	0.2849286922476205	-0.5854258038691814	0.2605387468063295	-0.19276061187946214	0.15423046588840397	-0.16769538246146193	0.15701969688045847	-0.15178242298694652	0.068575098663554	-0.20318402853616208	0.1500486864531998	-0.11658430929318019	0.11929593722959253	-0.07711594382806752	0.07056392372871344	-0.06291612151926926	0.06434590108523858	-0.0752857920695759
-0.08360595036164901	0.07558395110654889	-0.13789431905381164	0.11990462792245649	-0.15483440101351753	0.08420600066229357	-0.1140540641446083	0.12120902731815086	-0.1685135636823868	0.14236970224467554	-0.09622935049398339	0.13629052849179185	-0.15578447030020162	0.18291412533778137	-0.2528658481348118	0.11570894286303053	-0.13903696188468273	0.21028626502040096	-0.3787833960584716	0.9999999999999917	-0.10578666595603015	0.11707177115714458	-0.24400410850128545	0.2840750017437326	-0.7491895125856295	0.15065454140677273	-0.12433312898604834	0.15434560339742331	-0.20348747349266622	0.2071986494361707	-0.06066607340064567	0.17967279129334598	-0.14998237952753557	0.1362802130225504	-0.16821742662135641	0.06814618805240416	-0.06944104767302778	0.06150208730333325	-0.06706127011169244	0.07635139791659476
0.0886368658189261	-0.07834610139118668	0.12623591429891667	-0.09719803874359748	0.10968795731337863	-0.1022852913994543	0.12026263078839715	-0.1126387536509913	0.15096639251428348	-0.08269019382953506	0.12396885690931563	-0.1542395659726143	0.12878527620872607	-0.11985401928907762	0.1135431116611997	-0.6451220404987812	0.28978953929761675	-0.22046595533020294	0.1402250831889734	-0.10578666595603015	0.9999999999999919	-0.43210925326025196	0.1852617438994331	-0.1307135676150767	0.0969749433833006	-0.4940669728716255	0.2773819739075211	-0.1263111405029994	0.0819121660187357	-0.07444777991964283	0.07451223698948796	-0.17259334931123904	0.11883232983829012	-0.06717286084102231	0.06797334099867099	-0.0787417249928222	0.059418293032373365	-0.05161586825043838	0.0495167103347956	-0.057486220658856
-0.09264581040955205	0.08091589386395669	-0.13545627068379684	0.10405723871442817	-0.1190273294989962	0.09770939918354409	-0.12624544326952328	0.11818998677524419	-0.16290413737310366	0.08927867793292706	-0.11996304416418822	0.15695594628728335	-0.13901643677407877	0.12831053277922452	-0.12387531046791772	0.2760239122232173	-0.41676712760937595	0.22833977062231248	-0.16008518396629423	0.11707177115714458	-0.43210925326025196	0.9999999999999922	-0.24988185937177498	0.1492436618984605	-0.11011781309269221	0.30969578566530825	-0.6656965530052212	0.1580961435033449	-0.09586294109393874	0.08541214431313054	-0.07368513155100342	0.1915776675724069	-0.1447694540530123	0.07796089679146355	-0.07861328075294634	0.07824430472651187	-0.06658923782645193	0.05799536157759595	-0.055538293233236655	0.06377081773592973
0.11118254394803137	-0.10045416208671057	0.1706888368729097	-0.13943618942914474	0.15875189522116284	-0.11526164572058432	0.14937753731043174	-0.15372059922169928	0.20622235555852841	-0.1295566901141367	0.13116614700759557	-0.18689041812739288	0.18084471454591797	-0.19580470790251128	0.1765866420311648	-0.20998789866965986	0.2246159358028803	-0.3964272808454782	0.2849286922476205	-0.24400410850128545	0.1852617438994331	-0.24988185937177498	0.9999999999999916	-0.5004406617002192	0.2205156346135151	-0.28264626637698165	0.22362211128797468	-0.42213173042056507	0.19490176226974487	-0.18108764343973222	0.10824203401258792	-0.3352811494081282	0.25798976264784795	-0.15922628750476023	0.14974499343674744	-0.12275583727226994	0.11153095895195445	-0.10251665584627186	0.09715652073671611	-0.1158190199263412
-0.09226932112141686	0.0825427092944759	-0.14701622063730632	0.12111792130213005	-0.14676205874001255	0.09314697434271044	-0.1258237130240483	0.13007161870564216	-0.18114552473962806	0.12041684145070759	-0.10794322210238956	0.1505817342302141	-0.17145992985930433	0.1915029125382902	-0.18006081158921364	0.14203677284494673	-0.176152544801164	0.2738880780279742	-0.5854258038691814	0.2840750017437326	-0.1307135676150767	0.1492436618984605	-0.5004406617002192	0.9999999999999918	-0.40030467291709904	0.17963017455396052	-0.15437658267026647	0.20109687041128418	-0.23709198442514842	0.1904311147600495	-0.06987460427908501	0.2060529689691003	-0.182421676266682	0.146652757277256	-0.15317413223263093	0.07815400193151406	-0.07917746236772023	0.0705957307627435	-0.07330392210485082	0.08370057521878793
0.07240861756808827	-0.06600073718646056	0.11653169006538146	-0.10217873568158747	0.12265005086682917	-0.0742733842285797	0.0985709202984185	-0.10527714721978018	0.14147485936260285	-0.11776519211294025	0.0839883600093199	-0.12161262460763744	0.12987826416853726	-0.1572812616424047	0.1697945933045279	-0.10858973028825196	0.12385591834842377	-0.20042625071576367	0.2605387468063295	-0.7491895125856295	0.0969749433833006	-0.11011781309269221	0.2205156346135151	-0.40030467291709904	0.9999999999999923	-0.14417468439994685	0.11420263861869799	-0.15707653983429298	0.2086015784701832	-0.3205071862850687	0.058709396756687585	-0.1768164301196193	0.14204886572860217	-0.14940202842255634	0.17083829107630386	-0.06634463948164458	0.06644225338745796	-0.059786368001248924	0.06566951287087791	-0.07657019296435202
-0.14216374471998414	0.12089496559730976	-0.21620232426860655	0.16091837341280216	-0.18674124575502332	0.13571913638534117	-0.1846776548662167	0.17466621220894374	-0.2621131279598301	0.13307071122662256	-0.1652914719506586	0.19905765025365155	-0.19128261839191563	0.176696030895772	-0.18400001511201605	0.27626363312197666	-0.2939027331092703	0.23897118349096935	-0.19276061187946214	0.15065454140677273	-0.4940669728716255	0.30969578566530825	-0.28264626637698165	0.17963017455396052	-0.14417468439994685	0.9999999999999879	-0.5322789092718218	0.1902849456055561	-0.12621165561358866	0.11202679816823057	-0.14113714026486374	0.25310417571387916	-0.1948625180629966	0.10357600359044343	-0.10659161067541131	0.13072035132779797	-0.09947517771139305	0.0840327196693503	-0.08082315939650096	0.09142025802314642
0.09592337335374881	-0.08466531726675719	0.14251059535977934	-0.11020042425679662	0.12521392069148737	-0.10026930681802243	0.12800923299005823	-0.12394062880544571	0.17151760576078537	-0.09422840381742795	0.1179373798913928	-0.15937592261979633	0.13937065475363314	-0.13376702310040747	0.12871617428462037	-0.2551019343710871	0.25222294566699077	-0.2309896154434122	0.15423046588840397	-0.12433312898604834	0.2773819739075211	-0.6656965530052212	0.22362211128797468	-0.15437658267026647	0.11420263861869799	-0.5322789092718218	0.999999999999988	-0.21432541210067418	0.10707968862428399	-0.09578963354393381	0.097893715797677	-0.26118119757590835	0.170980687519561	-0.089516165322635	0.08793445244412114	-0.10389966388282496	0.08008870163621748	-0.07035701275194961	0.06554041534641057	-0.07608389242108732
-0.08736799358212698	0.07637101144607782	-0.13950858156930673	0.10849523500269641	-0.1279183357683891	0.08351357002175666	-0.11373374232989626	0.1148212184010781	-0.17036721664599064	0.0960932769275099	-0.09645372333401896	0.12736751242649522	-0.1287329199312541	0.130123146386949	-0.13389049358532246	0.12824722258823762	-0.14217475626061177	0.18647400017080973	-0.16769538246146193	0.15434560339742331	-0.1263111405029994	0.1580961435033449	-0.42213173042056507	0.20109687041128418	-0.15707653983429298	0.1902849456055561	-0.21432541210067418	0.9999999999999861	-0.2828818142978141	0.18702991331846122	-0.09396801909861918	0.2641881427356917	-0.7123509545210439	0.20446241456850228	-0.18829846026641767	0.10086920962488571	-0.15206214536269613	0.13900965492567632	-0.11663369716583855	0.12299398286931724
0.05955915113926008	-0.05325829503585229	0.09494605012318377	-0.07793809139284891	0.0919607277262202	-0.05908067420134145	0.07912733056373705	-0.08213804409933571	0.1155157318593395	-0.07615329990981796	0.06728088783727088	-0.0932953009847809	0.0959201027403872	-0.10544324808234272	0.10689145564653724	-0.08845311332397371	0.09775502442449094	-0.14443772561667614	0.15701969688045847	-0.20348747349266622	0.0819121660187357	-0.09586294109393874	0.19490176226974487	-0.23709198442514842	0.2086015784701832	-0.12621165561358866	0.10707968862428399	-0.2828818142978141	0.9999999999999879	-0.6481003180770846	0.06009307940072507	-0.1761124059891683	0.21685973185327254	-0.5309779342321729	0.3202729327578572	-0.06695930685567845	0.0867533152183727	-0.08170609588524014	0.09990561296006117	-0.11276628864729327
-0.056399194479354875	0.050268001205622505	-0.09085845889930572	0.0745407674135305	-0.08976604488140996	0.05544168606674823	-0.07493489175087992	0.07775446287789482	-0.11078284921361668	0.073849237382066	-0.06333388698652073	0.08707005713732796	-0.09163393194800504	0.09985854173513924	-0.10663699381630244	0.07983743906539906	-0.08996035813389039	0.13008111200053474	-0.15178242298694652	0.2071986494361707	-0.07444777991964283	0.08541214431313054	-0.18108764343973222	0.1904311147600495	-0.3205071862850687	0.11202679816823057	-0.09578963354393381	0.18702991331846122	-0.6481003180770846	0.9999999999999861	-0.053379243297652236	0.15233014322852706	-0.18802139463764364	0.31144320496835154	-0.5474190257475392	0.059144514006093	-0.0797889208038252	0.0721621438090628	-0.09299885709232067	0.10174912033054136
0.05484353347180528	-0.046588066489305587	0.08953187280394585	-0.06617103098726121	0.07808491838829303	-0.04887611851052645	0.06904784399554191	-0.06850031076647484	0.11006069062142512	-0.054252704151810084	0.05693655235796713	-0.07033918276644394	0.07149539727699897	-0.06810361803035031	0.07462977479273199	-0.06698376304321799	0.07129373747349929	-0.07950038000503266	0.068575098663554	-0.06066607340064567	0.07451223698948796	-0.07368513155100342	0.10824203401258792	-0.06987460427908501	0.058709396756687585	-0.14113714026486374	0.097893715797677	-0.09396801909861918	0.06009307940072507	-0.053379243297652236	0.9999999999999863	-0.2945236961669939	0.1171130983482831	-0.05544038626495872	0.05505897471412566	-0.9087018407733447	0.13838708623037316	-0.11709306379671082	0.07682155934956961	-0.09354621438028278
-0.17492386209165092	0.14725750043647756	-0.29243036697230046	0.2133889356005255	-0.2544862722280097	0.15033184277907619	-0.21738465309855237	0.21691282534094972	-0.3614586227979667	0.17284078080772586	-0.17439083893638813	0.21219744277722621	-0.22273409537708733	0.21077435255207122	-0.23857732835444936	0.1709689463130892	-0.1907444686748667	0.22509043330868062	-0.20318402853616208	0.17967279129334598	-0.17259334931123904	0.1915776675724069	-0.3352811494081282	0.2060529689691003	-0.1768164301196193	0.25310417571387916	-0.26118119757590835	0.2641881427356917	-0.1761124059891683	0.15233014322852706	-0.2945236961669939	0.9999999999999841	-0.4032357183925079	0.1553376935114941	-0.15854838014524744	0.2208272236099589	-0.1973807884609082	0.15409893465439162	-0.14140293812067184	0.1504378083160126
0.08373855182858038	-0.07373350884709942	0.13288306536594272	-0.10411505472901088	0.12074334436930903	-0.08075518381416132	0.10876545337290215	-0.11064645829854979	0.16175070347932183	-0.0919394191807395	0.09225272984182352	-0.12360051574034248	0.12163944469013906	-0.12451314262887667	0.12566037231807217	-0.12472730790016016	0.13137139539720002	-0.17884460806354197	0.1500486864531998	-0.14998237952753557	0.11883232983829012	-0.1447694540530123	0.25798976264784795	-0.182421676266682	0.14204886572860217	-0.1948625180629966	0.170980687519561	-0.7123509545210439	0.21685973185327254	-0.18802139463764364	0.1171130983482831	-0.4032357183925079	0.9999999999999849	-0.2706117964220883	0.18793402578577367	-0.12953527828557931	0.17862429921546802	-0.2132723302923959	0.13707095200988953	-0.15436878511921814
-0.05038017618945415	0.04463235033570079	-0.08076443979523205	0.0649185505635859	-0.07697878211320945	0.04896039344754255	-0.06625143131917985	0.06818033219317031	-0.09846402904937246	0.06115720505348845	-0.05595045981544113	0.07593243243586949	-0.07811124224598875	0.08295459904467505	-0.08604047025420884	0.07129830147476635	-0.07870361056182772	0.11090372558435742	-0.11658430929318019	0.1362802130225504	-0.06717286084102231	0.07796089679146355	-0.15922628750476023	0.146652757277256	-0.14940202842255634	0.10357600359044343	-0.089516165322635	0.20446241456850228	-0.5309779342321729	0.31144320496835154	-0.05544038626495872	0.1553376935114941	-0.2706117964220883	0.9999999999999848	-0.7060431830508926	0.06100646431148247	-0.09603233619620713	0.09125002501750121	-0.13741890940929177	0.13316329040630892
0.05039476077408897	-0.04501847287492527	0.08043254858819229	-0.06582302368472111	0.07744468702506346	-0.049701461710702506	0.06661837322503576	-0.06914851802059181	0.09777536847446197	-0.06381272455819731	0.05646313983680196	-0.07795355391396525	0.07940732087632481	-0.08644036068738262	0.08901027367981931	-0.07324784085381335	0.07991140263197681	-0.11586969141881222	0.11929593722959253	-0.16821742662135641	0.06797334099867099	-0.07861328075294634	0.14974499343674744	-0.15317413223263093	0.17083829107630386	-0.10659161067541131	0.08793445244412114	-0.18829846026641767	0.3202729327578572	-0.5474190257475392	0.05505897471412566	-0.15854838014524744	0.18793402578577367	-0.7060431830508926	0.9999999999999828	-0.06141799424660441	0.08798238635500977	-0.08317394106451413	0.11974982366109305	-0.14572993531699982
-0.06364444342284685	0.053847861639431005	-0.10472072152370548	0.07698402303883597	-0.09118956581274446	0.05593188134403157	-0.07974434943167265	0.07917568888158454	-0.12897760988421078	0.06279079344026693	-0.0651505394914783	0.07982816805828716	-0.08213893821253934	0.07794404156052999	-0.08649052344549239	0.07157252341949027	-0.07786292857299901	0.08774823157236837	-0.07711594382806752	0.06814618805240416	-0.0787417249928222	0.07824430472651187	-0.12275583727226994	0.07815400193151406	-0.06634463948164458	0.13072035132779797	-0.10389966388282496	0.10086920962488571	-0.06695930685567845	0.059144514006093	-0.9087018407733447	0.2208272236099589	-0.12953527828557931	0.06100646431148247	-0.06141799424660441	0.9999999999999831	-0.183597526805847	0.12444682367004459	-0.08611217355407325	0.09771927131101421
0.04626196810104781	-0.04018563253716713	0.07456127814747146	-0.05710656942727177	0.06667037961835867	-0.04300447196370487	0.059152685416688944	-0.059827570569509825	0.09114953989631973	-0.04889578652523386	0.04927661945822064	-0.06405359567891132	0.06393152105259589	-0.06374298081013606	0.06686424006620913	-0.06049576213001071	0.06396717069505567	-0.08206820080582222	0.07056392372871344	-0.06944104767302778	0.059418293032373365	-0.06658923782645193	0.11153095895195445	-0.07917746236772023	0.06644225338745796	-0.09947517771139305	0.08008870163621748	-0.15206214536269613	0.0867533152183727	-0.0797889208038252	0.13838708623037316	-0.1973807884609082	0.17862429921546802	-0.09603233619620713	0.08798238635500977	-0.183597526805847	0.999999999999983	-0.8328056826414773	0.25885131782125265	-0.3447470276806763
-0.04107770716531245	0.035577567289228396	-0.06648212617666802	0.050744822330876425	-0.05952969855554379	0.03794076920255647	-0.052459009273081704	0.052990387018535534	-0.08138133835818892	0.04343096161937352	-0.0435686830635058	0.056327799933941776	-0.056727401939020566	0.05639918223313434	-0.0596523811255326	0.0524215326161833	-0.05608821474907666	0.07184627618081263	-0.06291612151926926	0.06150208730333325	-0.05161586825043838	0.05799536157759595	-0.10251665584627186	0.0705957307627435	-0.059786368001248924	0.0840327196693503	-0.07035701275194961	0.13900965492567632	-0.08170609588524014	0.0721621438090628	-0.11709306379671082	0.15409893465439162	-0.2132723302923959	0.09125002501750121	-0.08317394106451413	0.12444682367004459	-0.8328056826414773	0.9999999999999827	-0.3834875004467757	0.2629244357537445
0.03997563652997636	-0.03481666514424533	0.06456212338584742	-0.04979601321032977	0.05832495555132806	-0.03725321283359174	0.051235432980400786	-0.05204590124989465	0.07892214373458795	-0.04325816004989461	0.04259499933102833	-0.05569961981696806	0.05600532436011951	-0.05643566987521591	0.05940131572457796	-0.0512304420346884	0.05468719103665099	-0.07158730550396399	0.06434590108523858	-0.06706127011169244	0.0495167103347956	-0.055538293233236655	0.09715652073671611	-0.07330392210485082	0.06566951287087791	-0.08082315939650096	0.06554041534641057	-0.11663369716583855	0.09990561296006117	-0.09299885709232067	0.07682155934956961	-0.14140293812067184	0.13707095200988953	-0.13741890940929177	0.11974982366109305	-0.08611217355407325	0.25885131782125265	-0.3834875004467757	0.9999999999999831	-0.8534337240380798
-0.049135316669501695	0.042468326394401505	-0.08009391895749726	0.06107062329912882	-0.07208676352523471	0.04495862037480399	-0.0625944138695421	0.06335352110149539	-0.09818773340858095	0.052450668588714194	-0.051591404746247	0.06641804288120566	-0.0677434019446557	0.06739509207457453	-0.07241070488471776	0.059001869968593385	-0.06383892169964395	0.08217196620750936	-0.0752857920695759	0.07635139791659476	-0.057486220658856	0.06377081773592973	-0.1158190199263412	0.08370057521878793	-0.07657019296435202	0.09142025802314642	-0.07608389242108732	0.12299398286931724	-0.11276628864729327	0.10174912033054136	-0.09354621438028278	0.1504378083160126	-0.15436878511921814	0.13316329040630892	-0.14572993531699982	0.09771927131101421	-0.3447470276806763	0.2629244357537445	-0.8534337240380798	0.9999999999999831
