1.0000000000000002	-0.5293099683273602	0.18569287712667765	-0.15040923988518515	0.18549328164542453	-0.5948938352404597	0.3133201112574801	-0.17549397055387655	0.17829341100718454	-0.18834501031100168	0.21822496175227957	-0.240453018662184	0.1640255588142708	-0.1724977183127705	0.1390906923595982	-0.21430097401177045	0.19602514831544338	-0.2148947049994695	0.11025208731954667	-0.11258632337469847	0.07688964637653739	-0.09996708945187206	0.11733909765514607	-0.08436984434764508	0.07090151760426157	-0.09377561412270412	0.09459659561436519	-0.09992691642698812	0.08155695799469569	-0.06379652915806622	0.09288058971210317	-0.07750456231856709	0.1052485056851155	-0.07123994063969691	0.0672084572559476	-0.06476184335564902	0.08756106739401553	-0.07484815455471458	0.07066826478503346	-0.05926826512377689	0.09006844160835825	-0.07390557417595606	0.08956744813744925	-0.06367479567465453	0.06951075247925384
-0.5293099683273602	1.0	-0.3118536473614817	0.17932397312353213	-0.23179100554097815	0.31182731568320715	-0.5964882358439969	0.20483273291191467	-0.21825241986939614	0.17004856330934096	-0.20972657940790745	0.21872220956318184	-0.15890078238926192	0.15126912306815363	-0.13349169813985312	0.16764460916046883	-0.19910350871029586	0.17755760247857244	-0.10067188905513519	0.09820643306864331	-0.06291942910064947	0.08044561328909439	-0.09928549675227626	0.06963474742749948	-0.05963213285344956	0.07465270723724482	-0.07847009796819125	0.08194416625305055	-0.06811224032243446	0.05285413331585544	-0.07652774515140569	0.0637260305301332	-0.0877710342346755	0.05862926296306215	-0.05573028274121111	0.05310518654422281	-0.072539535881789	0.06169395118777251	-0.05839245857098964	0.048687909096560726	-0.07439652046001019	0.06041682395625192	-0.07405665031257087	0.05174727930712931	-0.05708495973287797
0.18569287712667765	-0.3118536473614817	1.0	-0.49793776437928094	0.2725537483960452	-0.14507820012414818	0.16470436478662143	-0.6490087658185546	0.3147922786655031	-0.2337999896827878	0.10847388192061541	-0.12894145579814772	0.17709520811169743	-0.18354002908732017	0.14874975182990585	-0.1050575282590049	0.11649379313803293	-0.19781005257532783	0.10850010952097489	-0.11263016990475067	0.048236569921380756	-0.0642119553581734	0.0877371042113936	-0.06285441478969002	0.05209769306295664	-0.059446355756268936	0.061809407779244485	-0.07217574175260422	0.05861178900300471	-0.04683000754026814	0.05949926841868033	-0.05093982145527586	0.07080615265305733	-0.04843653418478122	0.04536666189646106	-0.041694544479036554	0.057330453835787075	-0.04976455414657023	0.04709162749354048	-0.039807337861813355	0.057474736672853355	-0.04843659336738855	0.05822059787634028	-0.04203826509357986	0.04541667098902094
-0.15040923988518515	0.17932397312353213	-0.49793776437928094	1.0000000000000004	-0.6494890157999051	0.10895484839930657	-0.11812089441678675	0.28211993286696335	-0.4517745992966309	0.23568646264102106	-0.08662926458712979	0.10051146036619987	-0.14106249342690802	0.15614436472298973	-0.1460349579293691	0.08533985727511571	-0.095274634443653	0.15986328186620896	-0.09824889172236992	0.10207638416471547	-0.04159233058164532	0.05538569060538606	-0.07581760526505216	0.054374518689547596	-0.0458034874475184	0.051588188815873785	-0.05420551317420371	0.06249268116407281	-0.0511884077760066	0.04097847748739892	-0.05215677298973061	0.04461190657557082	-0.06224357935985398	0.04248896769533168	-0.03992624084888416	0.03659937619058011	-0.05050778794698885	0.0437288930244564	-0.04145070097507011	0.03498460262685285	-0.05058660984917206	0.042584261759458786	-0.05138363710741635	0.03697081945910245	-0.0400740891035652
0.18549328164542453	-0.23179100554097815	0.2725537483960452	-0.6494890157999051	1.0000000000000002	-0.1459589338813835	0.14119102204986025	-0.26473848379348036	0.2955290822199005	-0.4279569731579871	0.11716449679753241	-0.13941292059546684	0.18689438067035488	-0.23744946226290303	0.21533547043411153	-0.12306663279129056	0.132061860278444	-0.24617192616015637	0.14637751179700703	-0.16224719115601854	0.06302762744094585	-0.08486351373946344	0.11469241151514038	-0.08378023528381383	0.06998887399144134	-0.0793954855007715	0.08234283680370388	-0.09638992338550359	0.07817757229127563	-0.06319025430812791	0.07933964352902195	-0.06810793363037325	0.09459854501434944	-0.06514211454873257	0.060930162106583315	-0.055856425011895486	0.07686095158236057	-0.06682756595445653	0.06328963381261639	-0.05363355839514479	0.07688913742764834	-0.06526775342152327	0.07823342131408428	-0.05689330816999056	0.06126996060018594
-0.5948938352404597	0.31182731568320715	-0.14507820012414818	0.10895484839930657	-0.1459589338813835	1.0000000000000004	-0.6150153701122452	0.13044762887609998	-0.14058166889282042	0.12372586794634165	-0.3184890191476598	0.2435593892427615	-0.12921232715273728	0.11995311304134865	-0.10023452231979355	0.19054886516888958	-0.2008752511006111	0.14793220076563174	-0.07879172532005944	0.07650438089515563	-0.05620351008843213	0.0703533357735186	-0.08179045988912859	0.05730174267963881	-0.04856582310276904	0.06441277029239346	-0.06533348312497722	0.06757753164865297	-0.05579507408380979	0.04320221394222429	-0.06411484873330667	0.053033629939206337	-0.07188870112063202	0.04806694119837185	-0.04552455283390127	0.04416730538482842	-0.05949508273190574	0.050641592493848954	-0.047755367175661645	0.03986893881496058	-0.06162283040635924	0.04969502962182003	-0.06052222133493913	0.04240515317501359	-0.0465701745514934
0.3133201112574801	-0.5964882358439969	0.16470436478662143	-0.11812089441678675	0.14119102204986025	-0.6150153701122452	1.0000000000000004	-0.1615161034823678	0.14375550036816773	-0.12482411821054819	0.2252689798251389	-0.3272201003921382	0.1316983774785091	-0.12228921970662335	0.09812311639537157	-0.17426359281729065	0.18634642302396143	-0.14832972020873222	0.0770809751764633	-0.07549451308826359	0.05040664781801517	-0.0637926345100771	0.07522065416729032	-0.05290525269532657	0.044254520825129345	-0.05795065857541622	0.05799103505805037	-0.06189510303050958	0.05068578915885644	-0.03953286761146085	0.05675943877928471	-0.04725788283646131	0.06396350648843244	-0.0430537542250756	0.04056675764305209	-0.03912021885357197	0.052595395383756106	-0.04504645654065796	0.042435011033522714	-0.03557427301042591	0.05425074030204645	-0.04412003482044403	0.053342992501857034	-0.03773692591675853	0.041152822790629436
-0.17549397055387655	0.20483273291191467	-0.6490087658185546	0.28211993286696335	-0.26473848379348036	0.13044762887609998	-0.1615161034823678	1.0000000000000002	-0.5808066007139988	0.2175960261524375	-0.10531939876508634	0.12377066038711368	-0.2400235932833857	0.18556819920676945	-0.154896346944831	0.09857415359721794	-0.11422197748394723	0.1911419968070835	-0.11068458341114598	0.10858543902575316	-0.04541144812682484	0.06010624714175398	-0.08509445144692411	0.05964801744641438	-0.04982752199800185	0.055403080408965764	-0.058442811430984704	0.0681568289593707	-0.05589576857482901	0.04438446212431972	-0.05603131489718161	0.04800383270768653	-0.06722990235638195	0.04569715753401947	-0.042942726832988186	0.03919791391502259	-0.054168618432891995	0.04694287365676519	-0.044478803041949566	0.03750650124734524	-0.05414197685510596	0.04550322488101685	-0.05494222683187116	0.039410990238268245	-0.042751551908219484
0.17829341100718454	-0.21825241986939614	0.3147922786655031	-0.4517745992966309	0.2955290822199005	-0.14058166889282042	0.14375550036816773	-0.5808066007139988	0.9999999999999988	-0.4119399649078695	0.11372824637230425	-0.13664287187258425	0.20691439414552587	-0.25132872300234615	0.21275652514001123	-0.11528486157943729	0.1271121315299388	-0.23768431982158206	0.1434758497329138	-0.15345025668611018	0.056472810680164055	-0.07567922593663295	0.10523684575435752	-0.07591250571285163	0.06334746856186844	-0.07016172157088564	0.07318983055616884	-0.08667544341422759	0.07051026865091466	-0.05690569857551777	0.0702546736858596	-0.060436666609998885	0.08430564825536438	-0.057891601773549316	0.05416997782742185	-0.0493390906127801	0.06804979495126308	-0.05922734409986657	0.05610265744803384	-0.047519610156031226	0.06788918814190767	-0.05757470041722251	0.0690801446962214	-0.05009875309361579	0.054002358194881674
-0.18834501031100168	0.17004856330934096	-0.2337999896827878	0.23568646264102106	-0.4279569731579871	0.12372586794634165	-0.12482411821054819	0.2175960261524375	-0.4119399649078695	0.9999999999999984	-0.1119410164378967	0.12742676574569375	-0.2163028306673943	0.26202272370113927	-0.6072979379784706	0.11014987217073623	-0.12980730079758954	0.22070126470191875	-0.21966998739913074	0.21479015314814354	-0.05973664176631853	0.07894516452228291	-0.11501069600273556	0.08153443506526094	-0.07301529660953252	0.07363574980804648	-0.08085102980195354	0.0920321828113952	-0.07822420984820062	0.06342306418803689	-0.07701909425987065	0.0660865984703489	-0.09424998077039455	0.06367071512985005	-0.060522140541457006	0.05406320759448396	-0.07593114553897547	0.06539456585056684	-0.062397263404765486	0.05239807614311242	-0.07522649217238617	0.06315181449345275	-0.07727125295850372	0.05475258003093681	-0.060060812589589646
0.21822496175227957	-0.20972657940790745	0.10847388192061541	-0.08662926458712979	0.11716449679753241	-0.3184890191476598	0.2252689798251389	-0.10531939876508634	0.11372824637230425	-0.1119410164378967	1.0	-0.6327010653070262	0.15749009882657478	-0.13467085150609423	0.09912567556774156	-0.5741698506158904	0.31892095944351095	-0.17782872214168016	0.08304528404740844	-0.07859910976865929	0.07521307233824095	-0.08736884089840596	0.08565706292923009	-0.059506557497517376	0.04843159688218453	-0.07593130903196481	0.06690657914402381	-0.0695437177522237	0.05606496358400773	-0.04347449564872543	0.06663050078335288	-0.054376506984292965	0.06988313609164679	-0.04699158189016896	0.04379818721783449	-0.044640292695544814	0.05732196523205932	-0.04924813469070037	0.04581584897942266	-0.03852944343278129	0.06094046801621949	-0.04827420171882424	0.057177583468021785	-0.04059977175515142	0.043683438495095615
-0.240453018662184	0.21872220956318184	-0.12894145579814772	0.10051146036619987	-0.13941292059546684	0.2435593892427615	-0.3272201003921382	0.12377066038711368	-0.13664287187258425	0.12742676574569375	-0.6327010653070262	0.9999999999999971	-0.24230205653498338	0.15973960362959896	-0.12040345965369739	0.31396442587891155	-0.5153364448029688	0.20576541783948632	-0.10046366543783755	0.09147408080788359	-0.07106614841814667	0.08681331631370832	-0.09656089427360093	0.06580647661483528	-0.05406525029809838	0.0746649533813915	-0.07170173810558265	0.07631089333337235	-0.062227284750635825	0.0481314204143589	-0.07041078054393766	0.05802105758212758	-0.07677857922493161	0.05145057581104922	-0.04818874671382609	0.04756777846961983	-0.06249649012288318	0.053697129863253514	-0.05023527697248822	0.04216838444524191	-0.06545371273357664	0.0523358608721497	-0.06256412269027857	0.04425755274211721	-0.04790272650870929
0.1640255588142708	-0.15890078238926192	0.17709520811169743	-0.14106249342690802	0.18689438067035488	-0.12921232715273728	0.1316983774785091	-0.2400235932833857	0.20691439414552587	-0.2163028306673943	0.15749009882657478	-0.24230205653498338	0.9999999999999986	-0.5894963183410843	0.23254096145127917	-0.14980648260229698	0.18490371888340662	-0.6017925307980296	0.2086654964302304	-0.1862466376200422	0.06582968174358789	-0.0886260290374689	0.14794315411207046	-0.09983107166462209	0.07668205377427598	-0.07812544914747979	0.0817644577727302	-0.11008063549517293	0.08690661691092177	-0.06875223745425699	0.07694515428059415	-0.06768556995978543	0.09590308529337649	-0.0657359978014494	0.06076389739564294	-0.053633087976833985	0.07436916559518889	-0.06588505444912665	0.06211820622210177	-0.052868549007428725	0.07287954992491484	-0.06258396098540787	0.07432072902494816	-0.05425791598790651	0.05791914445182854
-0.1724977183127705	0.15126912306815363	-0.18354002908732017	0.15614436472298973	-0.23744946226290303	0.11995311304134865	-0.12228921970662335	0.18556819920676945	-0.25132872300234615	0.26202272370113927	-0.13467085150609423	0.15973960362959896	-0.5894963183410843	0.9999999999999971	-0.470766842785098	0.12462649231136967	-0.15782295903045265	0.3003621368742904	-0.3662166413981029	0.2532061023743204	-0.06277819465667776	0.08293647493196497	-0.13281999210893017	0.0902856849103882	-0.07853092775805788	0.07546954465119352	-0.08237217936048365	0.09960745137890284	-0.08424653595089303	0.06807606942848386	-0.0777111597220995	0.06743766169546848	-0.09675522227953622	0.06546979471958037	-0.06180622486674015	0.05430010550552421	-0.07628275459295662	0.066371158398635	-0.06321277672650846	0.053313764823346266	-0.07489723582030243	0.06343016047285291	-0.0769201719850473	0.05497859621538212	-0.059791235297327786
0.1390906923595982	-0.13349169813985312	0.14874975182990585	-0.1460349579293691	0.21533547043411153	-0.10023452231979355	0.09812311639537157	-0.154896346944831	0.21275652514001123	-0.6072979379784706	0.09912567556774156	-0.12040345965369739	0.23254096145127917	-0.470766842785098	0.9999999999999974	-0.10209340230673063	0.11837375913171086	-0.2659264524821764	0.2729231548161219	-0.4270380289274245	0.05338540974484292	-0.07192289391396343	0.10947534415983987	-0.08098229140349585	0.07213676297563842	-0.06573658330062815	0.06980173670986074	-0.0879444845368546	0.0733070316448349	-0.06365316271701037	0.06609147417898877	-0.05777146671429086	0.08194857486120913	-0.05694962808441251	0.05325656646800288	-0.046416820566544205	0.06477169395735158	-0.05694893884841686	0.05423143540008569	-0.04628133171400824	0.06351690891625361	-0.054596434061007344	0.06531072950412206	-0.047738444661100735	0.05123515256384043
-0.21430097401177045	0.16764460916046883	-0.1050575282590049	0.08533985727511571	-0.12306663279129056	0.19054886516888958	-0.17426359281729065	0.09857415359721794	-0.11528486157943729	0.11014987217073623	-0.5741698506158904	0.31396442587891155	-0.14980648260229698	0.12462649231136967	-0.10209340230673063	0.9999999999999977	-0.683631239793704	0.1797997633848989	-0.08609386542523885	0.07894496079554535	-0.11550115327226336	0.11524810226308828	-0.09918802863835108	0.06720937152277943	-0.055318742034904625	0.09741151902531027	-0.08322284045713482	0.07943322239495886	-0.0645679095037402	0.04930711547854429	-0.08435264120437636	0.06649290999899399	-0.08255405080833234	0.05468432996131124	-0.051056841627792275	0.0549090297315389	-0.06831546420716307	0.05809929632599513	-0.0536253485791288	0.044850933524273176	-0.07523553096489236	0.05714060399237768	-0.06749556089732939	0.04714297494577631	-0.050828431848040576
0.19602514831544338	-0.19910350871029586	0.11649379313803293	-0.095274634443653	0.132061860278444	-0.2008752511006111	0.18634642302396143	-0.11422197748394723	0.1271121315299388	-0.12980730079758954	0.31892095944351095	-0.5153364448029688	0.18490371888340662	-0.15782295903045265	0.11837375913171086	-0.683631239793704	0.9999999999999976	-0.27256167751079385	0.10371299379998436	-0.09692454886625661	0.10116426525203889	-0.12611196383607343	0.11286439941180303	-0.07753047508936531	0.0614754731049828	-0.09974623507814016	0.08620647952080043	-0.09017677931579017	0.07170284283321753	-0.05543453985224932	0.085636733416636	-0.06983565674806463	0.08789715822704498	-0.05920208542239998	0.054771232086861375	-0.05681092514152189	0.07168368367443333	-0.061875950925875216	0.05721694379242565	-0.04825913812699815	0.07692788730593488	-0.0605403284718837	0.07088775557481197	-0.050596567344044066	0.053979974299490044
-0.2148947049994695	0.17755760247857244	-0.19781005257532783	0.15986328186620896	-0.24617192616015637	0.14793220076563174	-0.14832972020873222	0.1911419968070835	-0.23768431982158206	0.22070126470191875	-0.17782872214168016	0.20576541783948632	-0.6017925307980296	0.3003621368742904	-0.2659264524821764	0.1797997633848989	-0.27256167751079385	0.9999999999999987	-0.29362632592703314	0.20678278714027348	-0.09617122187612187	0.12801172420182474	-0.29110244408842184	0.1517749504189601	-0.118037448728075	0.11152913278286179	-0.12372864211881604	0.16586791541325976	-0.1369286120669895	0.1022607215805462	-0.11419159721502152	0.10116680433509409	-0.14881489460813824	0.09877414857844528	-0.09232844714583067	0.07936994586823044	-0.11252265350938338	0.09914145864603803	-0.09389092100028634	0.07908932940905868	-0.10839583281043089	0.09292240171922712	-0.11193274468007952	0.08016443663256662	-0.08656271275013881
0.11025208731954667	-0.10067188905513519	0.10850010952097489	-0.09824889172236992	0.14637751179700703	-0.07879172532005944	0.0770809751764633	-0.11068458341114598	0.1434758497329138	-0.21966998739913074	0.08304528404740844	-0.10046366543783755	0.2086654964302304	-0.3662166413981029	0.2729231548161219	-0.08609386542523885	0.10371299379998436	-0.29362632592703314	0.9999999999999969	-0.8030393470339741	0.04668393757925131	-0.0632880619507263	0.10512930481388816	-0.08242176439247287	0.07782445941031509	-0.05694742480031149	0.061008312495951095	-0.081998219859754	0.07121052879851053	-0.06746198697202896	0.05711314696239589	-0.05068166000994799	0.07286549408152598	-0.05167557027821911	0.048293517192506276	-0.040108058617103454	0.056433094934514004	-0.05020203110365058	0.04816786249174769	-0.04156267943809766	0.054510160415489596	-0.04751818297069979	0.05652056636223855	-0.04187920639709474	0.04464447808670232
-0.11258632337469847	0.09820643306864331	-0.11263016990475067	0.10207638416471547	-0.16224719115601854	0.07650438089515563	-0.07549451308826359	0.10858543902575316	-0.15345025668611018	0.21479015314814354	-0.07859910976865929	0.09147408080788359	-0.1862466376200422	0.2532061023743204	-0.4270380289274245	0.07894496079554535	-0.09692454886625661	0.20678278714027348	-0.8030393470339741	0.9999999999999962	-0.044821063131362665	0.060078883400867894	-0.09870955513461116	0.0774075797340665	-0.08599537996576673	0.05473818357718615	-0.060032007841926915	0.07698179202479752	-0.07003043342095262	0.0686084803637851	-0.0561760110141551	0.04956240659612515	-0.0719330707054795	0.0507822941790372	-0.04815240367746271	0.039465685384533336	-0.05599272023510518	0.04938379084432581	-0.047747795553547835	0.04104828791507367	-0.05402967933519005	0.046759701900369634	-0.0562674597302206	0.04123119477413549	-0.044415428335196676
0.07688964637653739	-0.06291942910064947	0.048236569921380756	-0.04159233058164532	0.06302762744094585	-0.05620351008843213	0.05040664781801517	-0.04541144812682484	0.056472810680164055	-0.05973664176631853	0.07521307233824095	-0.07106614841814667	0.06582968174358789	-0.06277819465667776	0.05338540974484292	-0.11550115327226336	0.10116426525203889	-0.09617122187612187	0.04668393757925131	-0.044821063131362665	0.9999999999999959	-0.7083872651877978	0.14936439702104043	-0.0997104101962738	0.0743855172316568	-0.5813179180170784	0.19500598001747554	-0.1264048508679167	0.09364582140938504	-0.06886501984098616	0.22407756939466414	-0.15643111352631628	0.13233025932230075	-0.08518749232475532	0.07540510789882864	-0.12643713585927652	0.11599902653522155	-0.09702421568262191	0.08172372367702256	-0.06856032166380846	0.1558062355289124	-0.09914688368968685	0.10471990364042763	-0.07154253738569084	0.07266757058422309
-0.09996708945187206	0.08044561328909439	-0.0642119553581734	0.05538569060538606	-0.08486351373946344	0.0703533357735186	-0.0637926345100771	0.06010624714175398	-0.07567922593663295	0.07894516452228291	-0.08736884089840596	0.08681331631370832	-0.0886260290374689	0.08293647493196497	-0.07192289391396343	0.11524810226308828	-0.12611196383607343	0.12801172420182474	-0.0632880619507263	0.060078883400867894	-0.7083872651877978	0.9999999999999948	-0.25600821378809246	0.1419799696189576	-0.10952727699927488	0.3115318405876423	-0.3291433182825099	0.17858989824521623	-0.1382743824893422	0.0983830221280988	-0.2949960350350194	0.21061402699048334	-0.19373900074027137	0.12018942071017566	-0.10838529165859453	0.1626951934870429	-0.16545194002497943	0.13630654474813264	-0.1166802179476334	0.09658793203826593	-0.2233678119733492	0.13655139002014907	-0.1496829659855345	0.09949076393424709	-0.10308545124898949
0.11733909765514607	-0.09928549675227626	0.0877371042113936	-0.07581760526505216	0.11469241151514038	-0.08179045988912859	0.07522065416729032	-0.08509445144692411	0.10523684575435752	-0.11501069600273556	0.08565706292923009	-0.09656089427360093	0.14794315411207046	-0.13281999210893017	0.10947534415983987	-0.09918802863835108	0.11286439941180303	-0.29110244408842184	0.10512930481388816	-0.09870955513461116	0.14936439702104043	-0.25600821378809246	0.999999999999996	-0.5441675395067476	0.21789226454294564	-0.17233812743068758	0.1802141313535629	-0.535100170703629	0.2958397033188091	-0.212412177049482	0.15573916460288867	-0.15781523023693866	0.23547195439843352	-0.16842791518323713	0.14127783753385023	-0.10913253832553012	0.15373491605014275	-0.15370548978314313	0.13903140024537367	-0.12335761242931514	0.13786187435597247	-0.13308303311922048	0.14566568947311131	-0.11675303056013259	0.11563466510241945
-0.08436984434764508	0.06963474742749948	-0.06285441478969002	0.054374518689547596	-0.08378023528381383	0.05730174267963881	-0.05290525269532657	0.05964801744641438	-0.07591250571285163	0.08153443506526094	-0.059506557497517376	0.06580647661483528	-0.09983107166462209	0.0902856849103882	-0.08098229140349585	0.06720937152277943	-0.07753047508936531	0.1517749504189601	-0.08242176439247287	0.0774075797340665	-0.0997104101962738	0.1419799696189576	-0.5441675395067476	0.9999999999999938	-0.43455760258065057	0.11563675921097451	-0.13717938344880648	0.2912194633360261	-0.5802958675681749	0.28133678560493725	-0.11590283437255677	0.11680565116280853	-0.19274637721736854	0.15617216506649173	-0.14197319088334182	0.08193978324136367	-0.12432322706468887	0.12107863970492626	-0.1257031963069448	0.11085572741994444	-0.10511912468597456	0.10329371450497239	-0.11797068833017675	0.0966093244647926	-0.09919143476594386
0.07090151760426157	-0.05963213285344956	0.05209769306295664	-0.0458034874475184	0.06998887399144134	-0.04856582310276904	0.044254520825129345	-0.04982752199800185	0.06334746856186844	-0.07301529660953252	0.04843159688218453	-0.05406525029809838	0.07668205377427598	-0.07853092775805788	0.07213676297563842	-0.055318742034904625	0.0614754731049828	-0.118037448728075	0.07782445941031509	-0.08599537996576673	0.0743855172316568	-0.10952727699927488	0.21789226454294564	-0.43455760258065057	0.9999999999999954	-0.09675841950823864	0.10752311950972461	-0.22668875322018475	0.29571769870870274	-0.7845534641435294	0.09351596555110402	-0.09602498353794245	0.1516292642418769	-0.15286626951762106	0.14833676783802757	-0.0683678309675476	0.10398096106284606	-0.10482881665917032	0.11422892450123726	-0.11761763779405413	0.08642059444706454	-0.09025134433819063	0.10025494894953074	-0.09235655186175869	0.0911952630129429
-0.09377561412270412	0.07465270723724482	-0.059446355756268936	0.051588188815873785	-0.0793954855007715	0.06441277029239346	-0.05795065857541622	0.055403080408965764	-0.07016172157088564	0.07363574980804648	-0.07593130903196481	0.0746649533813915	-0.07812544914747979	0.07546954465119352	-0.06573658330062815	0.09741151902531027	-0.09974623507814016	0.11152913278286179	-0.05694742480031149	0.05473818357718615	-0.5813179180170784	0.3115318405876423	-0.17233812743068758	0.11563675921097451	-0.09675841950823864	0.9999999999999958	-0.30026756343624444	0.15587077335341007	-0.12115759503037749	0.0878761501047325	-0.5161346582790066	0.22770387234330644	-0.19385894891817768	0.11974204810949902	-0.10784420335365903	0.2208765794137211	-0.1820975733009773	0.14399892424853336	-0.11927279669609993	0.09798475282508888	-0.2913886596851116	0.15118901800789195	-0.16097795742310925	0.10298182193168186	-0.1061249778186577
0.09459659561436519	-0.07847009796819125	0.061809407779244485	-0.05420551317420371	0.08234283680370388	-0.06533348312497722	0.05799103505805037	-0.058442811430984704	0.07318983055616884	-0.08085102980195354	0.06690657914402381	-0.07170173810558265	0.0817644577727302	-0.08237217936048365	0.06980173670986074	-0.08322284045713482	0.08620647952080043	-0.12372864211881604	0.061008312495951095	-0.060032007841926915	0.19500598001747554	-0.3291433182825099	0.1802141313535629	-0.13717938344880648	0.10752311950972461	-0.30026756343624444	0.9999999999999971	-0.2353072110716466	0.14267245697368766	-0.10497635347964071	0.2681015381462801	-0.7344990602563491	0.2487708199557125	-0.1535255351939234	0.12426387174073034	-0.1747097887354804	0.19999001169868366	-0.18082642879964264	0.13746803369148924	-0.11791402348120966	0.18755703899451734	-0.17154290239903774	0.16537488156495966	-0.12124902026875463	0.11609789861560181
-0.09992691642698812	0.08194416625305055	-0.07217574175260422	0.06249268116407281	-0.09638992338550359	0.06757753164865297	-0.06189510303050958	0.0681568289593707	-0.08667544341422759	0.0920321828113952	-0.0695437177522237	0.07631089333337235	-0.11008063549517293	0.09960745137890284	-0.0879444845368546	0.07943322239495886	-0.09017677931579017	0.16586791541325976	-0.081998219859754	0.07698179202479752	-0.1264048508679167	0.17858989824521623	-0.535100170703629	0.2912194633360261	-0.22668875322018475	0.15587077335341007	-0.2353072110716466	0.9999999999999963	-0.48187259123994536	0.2091613070393259	-0.16475676201217382	0.19192705098246512	-0.45669493135377187	0.2034217641826615	-0.17311577094017822	0.11695492168264024	-0.19292949647063712	0.19408225000572188	-0.17136193293023513	0.14199355721688517	-0.14609498168151241	0.1505866183230308	-0.1741332699075278	0.12850033223128524	-0.130626572581983
0.08155695799469569	-0.06811224032243446	0.05861178900300471	-0.0511884077760066	0.07817757229127563	-0.05579507408380979	0.05068578915885644	-0.05589576857482901	0.07051026865091466	-0.07822420984820062	0.05606496358400773	-0.062227284750635825	0.08690661691092177	-0.08424653595089303	0.0733070316448349	-0.0645679095037402	0.07170284283321753	-0.1369286120669895	0.07121052879851053	-0.07003043342095262	0.09364582140938504	-0.1382743824893422	0.2958397033188091	-0.5802958675681749	0.29571769870870274	-0.12115759503037749	0.14267245697368766	-0.48187259123994536	0.9999999999999936	-0.4562181827208103	0.11822980344154256	-0.1289708229932649	0.21703302763535548	-0.22229400351899978	0.1672037556042679	-0.08639048447303636	0.13371493267555676	-0.13937754411209263	0.14524748495436973	-0.13295197893344401	0.10776985595712288	-0.11422938114764511	0.12627900086163646	-0.11052802110859838	0.10934155686481607
-0.06379652915806622	0.05285413331585544	-0.04683000754026814	0.04097847748739892	-0.06319025430812791	0.04320221394222429	-0.03953286761146085	0.04438446212431972	-0.05690569857551777	0.06342306418803689	-0.04347449564872543	0.0481314204143589	-0.06875223745425699	0.06807606942848386	-0.06365316271701037	0.04930711547854429	-0.05543453985224932	0.1022607215805462	-0.06746198697202896	0.0686084803637851	-0.06886501984098616	0.0983830221280988	-0.212412177049482	0.28133678560493725	-0.7845534641435294	0.0878761501047325	-0.10497635347964071	0.2091613070393259	-0.4562181827208103	0.9999999999999966	-0.08904530064691174	0.09201180994863942	-0.15599403543439555	0.15833148229484673	-0.18883797096226013	0.06497086483383269	-0.10326662486012908	0.10292199997621622	-0.12044048088652458	0.1211187296662598	-0.08262724201382744	0.08642064175436773	-0.09884045583399814	0.09004717792783389	-0.09255771694890925
0.09288058971210317	-0.07652774515140569	0.05949926841868033	-0.05215677298973061	0.07933964352902195	-0.06411484873330667	0.05675943877928471	-0.05603131489718161	0.0702546736858596	-0.07701909425987065	0.06663050078335288	-0.07041078054393766	0.07694515428059415	-0.0777111597220995	0.06609147417898877	-0.08435264120437636	0.085636733416636	-0.11419159721502152	0.05711314696239589	-0.0561760110141551	0.22407756939466414	-0.2949960350350194	0.15573916460288867	-0.11590283437255677	0.09351596555110402	-0.5161346582790066	0.2681015381462801	-0.16475676201217382	0.11822980344154256	-0.08904530064691174	0.999999999999997	-0.39286429174771303	0.20167917200286617	-0.13057360754397224	0.11075231956420305	-0.5001168299249755	0.20429083928204847	-0.16717148081304142	0.125502200327954	-0.10621598588565768	0.2979297105785597	-0.18257963673605573	0.1670307290862477	-0.11378059345722372	0.10999382719962311
-0.07750456231856709	0.0637260305301332	-0.05093982145527586	0.04461190657557082	-0.06810793363037325	0.053033629939206337	-0.04725788283646131	0.04800383270768653	-0.060436666609998885	0.0660865984703489	-0.054376506984292965	0.05802105758212758	-0.06768556995978543	0.06743766169546848	-0.05777146671429086	0.06649290999899399	-0.06983565674806463	0.10116680433509409	-0.05068166000994799	0.04956240659612515	-0.15643111352631628	0.21061402699048334	-0.15781523023693866	0.11680565116280853	-0.09602498353794245	0.22770387234330644	-0.7344990602563491	0.19192705098246512	-0.1289708229932649	0.09201180994863942	-0.39286429174771303	0.9999999999999997	-0.3439178852821837	0.149615111804599	-0.12297063133666314	0.18457407483103463	-0.2476641308882576	0.19051748237113103	-0.13880751297949806	0.11315505906068828	-0.20214376742693996	0.16729363839718633	-0.16752596456899457	0.11202411534719661	-0.10926648808184546
0.1052485056851155	-0.0877710342346755	0.07080615265305733	-0.06224357935985398	0.09459854501434944	-0.07188870112063202	0.06396350648843244	-0.06722990235638195	0.08430564825536438	-0.09424998077039455	0.06988313609164679	-0.07677857922493161	0.09590308529337649	-0.09675522227953622	0.08194857486120913	-0.08255405080833234	0.08789715822704498	-0.14881489460813824	0.07286549408152598	-0.0719330707054795	0.13233025932230075	-0.19373900074027137	0.23547195439843352	-0.19274637721736854	0.1516292642418769	-0.19385894891817768	0.2487708199557125	-0.45669493135377187	0.21703302763535548	-0.15599403543439555	0.20167917200286617	-0.3439178852821837	0.999999999999996	-0.37510544401477147	0.22044576006597372	-0.15649062310976053	0.26884455673189167	-0.4447219946198937	0.24358416188389465	-0.20701829087903195	0.17762634855116055	-0.2268344281771306	0.23222157953905032	-0.1828144720334927	0.16900709951704013
-0.07123994063969691	0.05862926296306215	-0.04843653418478122	0.04248896769533168	-0.06514211454873257	0.04806694119837185	-0.0430537542250756	0.04569715753401947	-0.057891601773549316	0.06367071512985005	-0.04699158189016896	0.05145057581104922	-0.0657359978014494	0.06546979471958037	-0.05694962808441251	0.05468432996131124	-0.05920208542239998	0.09877414857844528	-0.05167557027821911	0.0507822941790372	-0.08518749232475532	0.12018942071017566	-0.16842791518323713	0.15617216506649173	-0.15286626951762106	0.11974204810949902	-0.1535255351939234	0.2034217641826615	-0.22229400351899978	0.15833148229484673	-0.13057360754397224	0.149615111804599	-0.37510544401477147	0.9999999999999968	-0.6318327647780533	0.10213941363605077	-0.19904546444555885	0.2243957598500177	-0.4833984535131643	0.3095812541309455	-0.12483804547704565	0.15570233933689695	-0.18337076264137475	0.1970485074524361	-0.2109642975241051
0.0672084572559476	-0.05573028274121111	0.04536666189646106	-0.03992624084888416	0.060930162106583315	-0.04552455283390127	0.04056675764305209	-0.042942726832988186	0.05416997782742185	-0.060522140541457006	0.04379818721783449	-0.04818874671382609	0.06076389739564294	-0.06180622486674015	0.05325656646800288	-0.051056841627792275	0.054771232086861375	-0.09232844714583067	0.048293517192506276	-0.04815240367746271	0.07540510789882864	-0.10838529165859453	0.14127783753385023	-0.14197319088334182	0.14833676783802757	-0.10784420335365903	0.12426387174073034	-0.17311577094017822	0.1672037556042679	-0.18883797096226013	0.11075231956420305	-0.12297063133666314	0.22044576006597372	-0.6318327647780533	0.9999999999999949	-0.08800835998567225	0.15774465048266811	-0.18390562670592064	0.309076450641385	-0.5926902706345921	0.1071650897635209	-0.13749879067797638	0.15244584426556473	-0.20980821853791956	0.2023071506869456
-0.06476184335564902	0.05310518654422281	-0.041694544479036554	0.03659937619058011	-0.055856425011895486	0.04416730538482842	-0.03912021885357197	0.03919791391502259	-0.0493390906127801	0.05406320759448396	-0.044640292695544814	0.04756777846961983	-0.053633087976833985	0.05430010550552421	-0.046416820566544205	0.0549090297315389	-0.05681092514152189	0.07936994586823044	-0.040108058617103454	0.039465685384533336	-0.12643713585927652	0.1626951934870429	-0.10913253832553012	0.08193978324136367	-0.0683678309675476	0.2208765794137211	-0.1747097887354804	0.11695492168264024	-0.08639048447303636	0.06497086483383269	-0.5001168299249755	0.18457407483103463	-0.15649062310976053	0.10213941363605077	-0.08800835998567225	0.9999999999999951	-0.25517886766826237	0.15540172983522907	-0.10605461802684325	0.08657532397266711	-0.7462110553637251	0.1852882203603437	-0.161260157007263	0.09313097412269401	-0.0896593132214863
0.08756106739401553	-0.072539535881789	0.057330453835787075	-0.05050778794698885	0.07686095158236057	-0.05949508273190574	0.052595395383756106	-0.054168618432891995	0.06804979495126308	-0.07593114553897547	0.05732196523205932	-0.06249649012288318	0.07436916559518889	-0.07628275459295662	0.06477169395735158	-0.06831546420716307	0.07168368367443333	-0.11252265350938338	0.056433094934514004	-0.05599272023510518	0.11599902653522155	-0.16545194002497943	0.15373491605014275	-0.12432322706468887	0.10398096106284606	-0.1820975733009773	0.19999001169868366	-0.19292949647063712	0.13371493267555676	-0.10326662486012908	0.20429083928204847	-0.2476641308882576	0.26884455673189167	-0.19904546444555885	0.15774465048266811	-0.25517886766826237	0.9999999999999949	-0.6065246392218535	0.2169842270108135	-0.178573613559802	0.2255125675961956	-0.49697566570915863	0.308518084081217	-0.1785911738526601	0.15736708317192266
-0.07484815455471458	0.06169395118777251	-0.04976455414657023	0.0437288930244564	-0.06682756595445653	0.050641592493848954	-0.04504645654065796	0.04694287365676519	-0.05922734409986657	0.06539456585056684	-0.04924813469070037	0.053697129863253514	-0.06588505444912665	0.066371158398635	-0.05694893884841686	0.05809929632599513	-0.061875950925875216	0.09914145864603803	-0.05020203110365058	0.04938379084432581	-0.09702421568262191	0.13630654474813264	-0.15370548978314313	0.12107863970492626	-0.10482881665917032	0.14399892424853336	-0.18082642879964264	0.19408225000572188	-0.13937754411209263	0.10292199997621622	-0.16717148081304142	0.19051748237113103	-0.4447219946198937	0.2243957598500177	-0.18390562670592064	0.15540172983522907	-0.6065246392218535	0.9999999999999953	-0.3590855674517989	0.1993851097570278	-0.17641539624839023	0.2844380838797667	-0.4042790009759474	0.1801187579516657	-0.1674580518091807
0.07066826478503346	-0.05839245857098964	0.04709162749354048	-0.04145070097507011	0.06328963381261639	-0.047755367175661645	0.042435011033522714	-0.044478803041949566	0.05610265744803384	-0.062397263404765486	0.04581584897942266	-0.05023527697248822	0.06211820622210177	-0.06321277672650846	0.05423143540008569	-0.0536253485791288	0.05721694379242565	-0.09389092100028634	0.04816786249174769	-0.047747795553547835	0.08172372367702256	-0.1166802179476334	0.13903140024537367	-0.1257031963069448	0.11422892450123726	-0.11927279669609993	0.13746803369148924	-0.17136193293023513	0.14524748495436973	-0.12044048088652458	0.125502200327954	-0.13880751297949806	0.24358416188389465	-0.4833984535131643	0.309076450641385	-0.10605461802684325	0.2169842270108135	-0.3590855674517989	0.9999999999999957	-0.5931214435175768	0.1257132099228402	-0.18281467256394054	0.20258525571190006	-0.3338355836207806	0.2541119421000294
-0.05926826512377689	0.048687909096560726	-0.039807337861813355	0.03498460262685285	-0.05363355839514479	0.03986893881496058	-0.03557427301042591	0.03750650124734524	-0.047519610156031226	0.05239807614311242	-0.03852944343278129	0.04216838444524191	-0.052868549007428725	0.053313764823346266	-0.04628133171400824	0.044850933524273176	-0.04825913812699815	0.07908932940905868	-0.04156267943809766	0.04104828791507367	-0.06856032166380846	0.09658793203826593	-0.12335761242931514	0.11085572741994444	-0.11761763779405413	0.09798475282508888	-0.11791402348120966	0.14199355721688517	-0.13295197893344401	0.1211187296662598	-0.10621598588565768	0.11315505906068828	-0.20701829087903195	0.3095812541309455	-0.5926902706345921	0.08657532397266711	-0.178573613559802	0.1993851097570278	-0.5931214435175768	0.999999999999995	-0.10647651021906994	0.1415756723996951	-0.17087332615113301	0.24870473872003854	-0.3459481596862517
0.09006844160835825	-0.07439652046001019	0.057474736672853355	-0.05058660984917206	0.07688913742764834	-0.06162283040635924	0.05425074030204645	-0.05414197685510596	0.06788918814190767	-0.07522649217238617	0.06094046801621949	-0.06545371273357664	0.07287954992491484	-0.07489723582030243	0.06351690891625361	-0.07523553096489236	0.07692788730593488	-0.10839583281043089	0.054510160415489596	-0.05402967933519005	0.1558062355289124	-0.2233678119733492	0.13786187435597247	-0.10511912468597456	0.08642059444706454	-0.2913886596851116	0.18755703899451734	-0.14609498168151241	0.10776985595712288	-0.08262724201382744	0.2979297105785597	-0.20214376742693996	0.17762634855116055	-0.12483804547704565	0.1071650897635209	-0.7462110553637251	0.2255125675961956	-0.17641539624839023	0.1257132099228402	-0.10647651021906994	0.9999999999999961	-0.2676748415050307	0.19395656270821335	-0.11952986438781976	0.11279148330314033
-0.07390557417595606	0.06041682395625192	-0.04843659336738855	0.042584261759458786	-0.06526775342152327	0.04969502962182003	-0.04412003482044403	0.04550322488101685	-0.05757470041722251	0.06315181449345275	-0.04827420171882424	0.0523358608721497	-0.06258396098540787	0.06343016047285291	-0.054596434061007344	0.05714060399237768	-0.0605403284718837	0.09292240171922712	-0.04751818297069979	0.046759701900369634	-0.09914688368968685	0.13655139002014907	-0.13308303311922048	0.10329371450497239	-0.09025134433819063	0.15118901800789195	-0.17154290239903774	0.1505866183230308	-0.11422938114764511	0.08642064175436773	-0.18257963673605573	0.16729363839718633	-0.2268344281771306	0.15570233933689695	-0.13749879067797638	0.1852882203603437	-0.49697566570915863	0.2844380838797667	-0.18281467256394054	0.1415756723996951	-0.2676748415050307	0.9999999999999961	-0.7109637091273003	0.17242486806855517	-0.1668837595495538
0.08956744813744925	-0.07405665031257087	0.05822059787634028	-0.05138363710741635	0.07823342131408428	-0.06052222133493913	0.053342992501857034	-0.05494222683187116	0.0690801446962214	-0.07727125295850372	0.057177583468021785	-0.06256412269027857	0.07432072902494816	-0.0769201719850473	0.06531072950412206	-0.06749556089732939	0.07088775557481197	-0.11193274468007952	0.05652056636223855	-0.0562674597302206	0.10471990364042763	-0.1496829659855345	0.14566568947311131	-0.11797068833017675	0.10025494894953074	-0.16097795742310925	0.16537488156495966	-0.1741332699075278	0.12627900086163646	-0.09884045583399814	0.1670307290862477	-0.16752596456899457	0.23222157953905032	-0.18337076264137475	0.15244584426556473	-0.161260157007263	0.308518084081217	-0.4042790009759474	0.20258525571190006	-0.17087332615113301	0.19395656270821335	-0.7109637091273003	0.9999999999999956	-0.25297188935805626	0.1910709716975053
