1.0	-0.720910648003478	0.09468787591674455	-0.09067561942303953	0.11120910433297837	-0.48096656592081544	0.31653401063735964	-0.09550577531436412	0.09638193047203975	-0.09823967517172502	0.2531526288630485	-0.2502011136713807	0.15864481429974703	-0.11529917221836365	0.10416086651626455	-0.20308983471454925	0.16186613022506993	-0.12215846982547238	0.10789959450364942	-0.12818114562469282	0.09481074055453247	-0.09409672376464871	0.09801476859624352	-0.09267389483217263	0.0825554147806444	-0.09075210103539959	0.1021285081975813	-0.08719235500625014	0.08283523292501961	-0.10737057743984794	0.06673478348844368	-0.08022861319654732	0.07979680672215592	-0.06935958130395506	0.08630261090958803	-0.08364932029646051	0.058893716051095696	-0.07249008556658804	0.08969833066067541	-0.06085806490429776	0.0956208487188198	-0.071377798754611	0.038039117845193975	-0.031449099957158666	0.0517035611182098
-0.720910648003478	0.9999999999999994	-0.11090895551303129	0.09348000455233953	-0.1038801418975538	0.2935335574918837	-0.5463732923237092	0.09346120461878413	-0.09686784147277216	0.08773608032457682	-0.25391681755707235	0.22394544803685884	-0.153375598030098	0.10237018387488105	-0.09531807404314849	0.16012269794555795	-0.15007967767106378	0.10565605347120917	-0.09500374703066818	0.10728774652384765	-0.08142288318535898	0.07975342559186858	-0.08479123676982714	0.07765659267680304	-0.06979828383667504	0.07475549092125736	-0.08733199644015287	0.07317988447213467	-0.06995182969444656	0.08846089215356949	-0.0555867022501159	0.06692532436535864	-0.06719013317918339	0.05817873814579377	-0.07287709383746342	0.06872964916103753	-0.049011343168928544	0.06042689139109979	-0.07560090883412635	0.04963875632599305	-0.0798313758326786	0.05896784974598536	-0.031554996116378894	0.02605606076857546	-0.0426157991259032
0.09468787591674455	-0.11090895551303129	0.9999999999999996	-0.9033674943072543	0.18669773470951592	-0.06743760130060153	0.0864312575214023	-0.23974950139362133	0.19714952270384833	-0.158143769850967	0.07798125290218089	-0.08368561741243781	0.12519917212879902	-0.10776399466576707	0.10459992118084399	-0.08872093919864912	0.07731969050235057	-0.08552309327279321	0.08226622777575175	-0.10325612484945045	0.051926343456110476	-0.0501716217996341	0.06936248219818603	-0.06756232870302643	0.06139882702091867	-0.05663468510490203	0.06392321247599722	-0.06153435383604042	0.05904951298008155	-0.07916346375642976	0.04291935924473889	-0.05226283648513641	0.05458249933205304	-0.04889290043898258	0.061302120134616216	-0.05538311376650447	0.039657529451496955	-0.049621256004018545	0.06266480426051665	-0.043502614723274186	0.06505028473699405	-0.04813782298708075	0.02668758286913303	-0.022029527920709002	0.03689055734425949
-0.09067561942303953	0.09348000455233953	-0.9033674943072543	1.0	-0.24391819708528023	0.06258010631151115	-0.08118616457954834	0.18908269049942653	-0.2291853653025883	0.1508479028420996	-0.07392502634803283	0.07740443682626703	-0.12019068029516955	0.10117658872327052	-0.10314529935650048	0.08052564087251651	-0.07175056016718236	0.0783567071050362	-0.07677582814139867	0.09362219059595986	-0.047559220082380414	0.045842423567277774	-0.06388015439648709	0.06131363587623485	-0.056038940792703724	0.05116892708249883	-0.05842403039060897	0.055879676478121636	-0.05381653381773648	0.0712191683381573	-0.03889403833197919	0.04740020871813682	-0.04968919438693326	0.044430513868115314	-0.05589411017296455	0.04991423862148164	-0.035924728902530845	0.04498485180317247	-0.05708936839088242	0.03898031502880119	-0.05893239561494577	0.04347757046611003	-0.024115957391028592	0.019898376303856772	-0.03321232222230033
0.11120910433297837	-0.1038801418975538	0.18669773470951592	-0.24391819708528023	0.9999999999999997	-0.0927835625855943	0.11103361812212238	-0.15772859848240597	0.16818918335550798	-0.7267658819135752	0.12223830684603329	-0.1333261744598761	0.2101196827430613	-0.2482432672076906	0.27215048468275216	-0.16722434088394397	0.14260533386404506	-0.17145591041627126	0.17500292615594987	-0.238806138751167	0.10321988795966719	-0.0990772159674034	0.14397786559592116	-0.14543136692458733	0.13385509548609564	-0.1187588250788862	0.13242716479637248	-0.13069570260597566	0.12620987606739223	-0.173937238574556	0.09041513737859762	-0.110228544550378	0.11589930630643826	-0.10488926197973744	0.1316082694890121	-0.11834183668082161	0.0845385071716397	-0.10598654976790771	0.13412168897926413	-0.09568304434855199	0.13955832565409315	-0.10299895698467065	0.05780719448440519	-0.047701833262983544	0.0807321770309751
-0.48096656592081544	0.2935335574918837	-0.06743760130060153	0.06258010631151115	-0.0927835625855943	0.9999999999999992	-0.5390566219514625	0.08549352576822464	-0.08686356758808844	0.08175754588488167	-0.586268167616768	0.28132440796950325	-0.158016496437397	0.10354918587422232	-0.09224500331620215	0.1790400055680704	-0.16443437257210505	0.10904941337342107	-0.09527074746373444	0.10720035645585668	-0.08520055076464174	0.08428808353347778	-0.08519289538798247	0.07779444860798954	-0.06941917197994155	0.07565084609336528	-0.08790618522465657	0.07328422767585639	-0.06951897942145212	0.08805342502609305	-0.055842675310485944	0.0671862104964719	-0.0668438456955235	0.057667657959174994	-0.07185314268411422	0.0686463252662746	-0.04880926287463782	0.06010454923105516	-0.07459118417343982	0.04894218386502652	-0.07890061143855949	0.05875793722463246	-0.031132471508054746	0.025731428410142643	-0.041892909128300626
0.31653401063735964	-0.5463732923237092	0.0864312575214023	-0.08118616457954834	0.11103361812212238	-0.5390566219514625	0.9999999999999993	-0.11462331837190116	0.10815656537506119	-0.10039916493036831	0.3026436872188004	-0.4474562574351771	0.18671272928745347	-0.12872655390461818	0.11007865256191864	-0.21846700244371065	0.19074265110577995	-0.13362273749364367	0.11413058043433583	-0.13127261977250917	0.10018996838465775	-0.10186173737770553	0.10201714470364848	-0.09451702646784822	0.08382865240678598	-0.09112881429102512	0.10399608924705199	-0.08865539670029772	0.0836013001902052	-0.10716228264232851	0.06690819168452938	-0.08066072173047828	0.08007431304741638	-0.06932242312226128	0.08602807625502601	-0.08272861022144203	0.058612700854518925	-0.07226370552594963	0.08919821239362563	-0.05913238407586398	0.09428505183050315	-0.07077662585034905	0.03739914222315127	-0.030935276473787778	0.05039376043153265
-0.09550577531436412	0.09346120461878413	-0.23974950139362133	0.18908269049942653	-0.15772859848240597	0.08549352576822464	-0.11462331837190116	0.9999999999999988	-0.8579842765160268	0.1475695783752786	-0.10919190389997573	0.12759339138467604	-0.3087750788382712	0.1725967294336348	-0.14746725607918001	0.11583673924525448	-0.10803762564262806	0.1272555940925116	-0.11875206068710567	0.1306646869997688	-0.06662797420867225	0.06496255519984492	-0.09535795167564057	0.08716766345618067	-0.07872326133426559	0.06909617789453959	-0.07963442224847751	0.0789922593822973	-0.07500697596179061	0.09713530925342317	-0.052477001467360784	0.06439320316200653	-0.06799823159164999	0.060632297299838364	-0.07584576642637897	0.06647297773387852	-0.048355753918385314	0.0609312722560113	-0.07698045515401303	0.05075467492443166	-0.07768473207848293	0.058289909149782784	-0.03190502085853337	0.026362889216155393	-0.04332494293378944
0.09638193047203975	-0.09686784147277216	0.19714952270384833	-0.2291853653025883	0.16818918335550798	-0.08686356758808844	0.10815656537506119	-0.8579842765160268	0.9999999999999982	-0.1826399572657296	0.10742923963357656	-0.1284570672193777	0.23098957867051895	-0.19976775915757472	0.15517658788532263	-0.1294805720407582	0.11355753897040925	-0.13869009815479702	0.12737939225318992	-0.15150256578343654	0.07386575074121593	-0.07212568631060728	0.10387375151688295	-0.09962201316204777	0.08919673158421328	-0.07929610531338335	0.08950820078640967	-0.08992006859981971	0.08492280913728646	-0.11320980284810099	0.05998222358430092	-0.07351838324310069	0.0771739777408343	-0.06920488922852071	0.08613541996278382	-0.07684523555528683	0.055426012880990895	-0.0697763057470297	0.08750425161403443	-0.059331571909667466	0.08913208351709397	-0.06718256227830731	0.03676782652924985	-0.03040324035096928	0.050255177421173164
-0.09823967517172502	0.08773608032457682	-0.158143769850967	0.1508479028420996	-0.7267658819135752	0.08175754588488167	-0.10039916493036831	0.1475695783752786	-0.1826399572657296	0.9999999999999991	-0.11211567665386371	0.1198550407962361	-0.22618134307712492	0.24331488421519498	-0.49279530855292825	0.1319107818141243	-0.12184569131022854	0.14562230755421257	-0.1626469821861636	0.18884959263876452	-0.0823530536624044	0.07885691632426312	-0.12090188292628135	0.11391016850356875	-0.10839974416485429	0.08904329345273708	-0.10395516551633266	0.10198537920318507	-0.09968484547629146	0.12919946017573422	-0.0685645342439814	0.08414545352843059	-0.09027269888488351	0.08118736900028665	-0.10325047314308002	0.0874378070784793	-0.06408080270659736	0.0808657153270669	-0.10445262756861617	0.06847447812940181	-0.10488190920166317	0.0770193071061755	-0.04313079771122319	0.03554979948895159	-0.05898658566722653
0.2531526288630485	-0.25391681755707235	0.07798125290218089	-0.07392502634803283	0.12223830684603329	-0.586268167616768	0.3026436872188004	-0.10919190389997573	0.10742923963357656	-0.11211567665386371	0.9999999999999967	-0.5721359652884241	0.2127422518505033	-0.1490136243607246	0.12478452167417659	-0.2992437906983174	0.23326788165195406	-0.1580681226223334	0.13278314998087581	-0.15305977993275977	0.12277860725231195	-0.12469048404374045	0.119409007631428	-0.11068106651033045	0.09778290310742961	-0.10857445739543835	0.1233504450627039	-0.10401250093998422	0.09772506579278412	-0.12526723827475705	0.07927891754201402	-0.09540068177779625	0.09397744492762174	-0.08107960202347884	0.10035035009745209	-0.09757272843224564	0.06893537460655967	-0.08483369758999398	0.10421519970527772	-0.06902399274637548	0.11056807562809715	-0.083256875369431	0.043707942243007704	-0.03617003184550554	0.05876077733515095
-0.2502011136713807	0.22394544803685884	-0.08368561741243781	0.07740443682626703	-0.1333261744598761	0.28132440796950325	-0.4474562574351771	0.12759339138467604	-0.1284570672193777	0.1198550407962361	-0.5721359652884241	0.9999999999999993	-0.36907627786605407	0.17356137439527528	-0.1469439417287312	0.2649983527689509	-0.39067095739452257	0.1823923858126518	-0.15235900148682324	0.1595160042005904	-0.1335198129675919	0.13627924373246508	-0.13281961669135606	0.11556440025873548	-0.10273511613731895	0.10946418909163307	-0.13101758748131448	0.10851472542752048	-0.1020346931328736	0.12681937000580665	-0.08088815229430557	0.09769233387410639	-0.09719793400113266	0.08333343398078555	-0.10351464179401043	0.09759614001519216	-0.07006647677718408	0.08648891792517015	-0.10709353687137163	0.06837913214808988	-0.11191207932171718	0.08389081174222934	-0.04408061882643573	0.03644920352712967	-0.058729415440032115
0.15864481429974703	-0.153375598030098	0.12519917212879902	-0.12019068029516955	0.2101196827430613	-0.158016496437397	0.18671272928745347	-0.3087750788382712	0.23098957867051895	-0.22618134307712492	0.2127422518505033	-0.36907627786605407	0.9999999999999958	-0.5160019836675824	0.2686574220828291	-0.24360950354661515	0.22603572808788644	-0.35710743567240055	0.25290175537594245	-0.2768846094330713	0.1325347083297774	-0.1328072578125213	0.20182199695773753	-0.18411371909347335	0.16003942181366784	-0.1360955908183308	0.15465346739599686	-0.16508806949778668	0.15089071397422205	-0.1974581131843503	0.10269179525544903	-0.12698644058593284	0.13415240012726515	-0.1199552215141487	0.14764193342232773	-0.12969565252799353	0.09455918844408148	-0.11999936835786962	0.14897713249616507	-0.0976581611162425	0.14852947235295225	-0.1141962023830865	0.061494159849456914	-0.0509449603836084	0.08280512148824895
-0.11529917221836365	0.10237018387488105	-0.10776399466576707	0.10117658872327052	-0.2482432672076906	0.10354918587422232	-0.12872655390461818	0.1725967294336348	-0.19976775915757472	0.24331488421519498	-0.1490136243607246	0.17356137439527528	-0.5160019836675824	0.9999999999999951	-0.6430949090691583	0.1614258712197182	-0.15929908436535753	0.21884274273612989	-0.30988700493132865	0.24402491334457335	-0.09652206188201447	0.09403434043325354	-0.1573235585690073	0.14028811209920156	-0.13165688161290448	0.09923604377166133	-0.11684697107395603	0.12229481164620278	-0.11691091185779909	0.14839280146511885	-0.07623676793984563	0.09450598059328828	-0.10241556806190949	0.09191585273442616	-0.1154985836278452	0.09557194842514947	-0.07100266872606768	0.09046136628858473	-0.11551565848621642	0.07269002584810082	-0.11246301203251807	0.08496170647440855	-0.046624966781622625	0.038525193890999315	-0.06258236906166771
0.10416086651626455	-0.09531807404314849	0.10459992118084399	-0.10314529935650048	0.27215048468275216	-0.09224500331620215	0.11007865256191864	-0.14746725607918001	0.15517658788532263	-0.49279530855292825	0.12478452167417659	-0.1469439417287312	0.2686574220828291	-0.6430949090691583	0.9999999999999962	-0.16107557435269618	0.14427780342599497	-0.19751590092601687	0.2230431205032773	-0.30981679622140734	0.09647671493718449	-0.09382252442507831	0.1496389062552433	-0.1478011115379973	0.1403907793994207	-0.10527664251267689	0.12025975883059951	-0.1266970294842647	0.12142820912211777	-0.16451972969365702	0.08049679703841002	-0.0995247530163758	0.1067799119697818	-0.09711178652352326	0.12144902926485315	-0.10288812948318038	0.07538849916957686	-0.09584091781676858	0.12140191139041619	-0.08003547213810497	0.12013306175810676	-0.09101807402284792	0.05011151247356643	-0.0414393671358056	0.0681082525179304
-0.20308983471454925	0.16012269794555795	-0.08872093919864912	0.08052564087251651	-0.16722434088394397	0.1790400055680704	-0.21846700244371065	0.11583673924525448	-0.1294805720407582	0.1319107818141243	-0.2992437906983174	0.2649983527689509	-0.24360950354661515	0.1614258712197182	-0.16107557435269618	0.9999999999999966	-0.6706587745028079	0.22336953605869939	-0.19743168997434288	0.19182551098703604	-0.35329388004205425	0.25922433096100084	-0.18649385259229448	0.1529245794461463	-0.1391202905485252	0.18722073773233974	-0.24340390745915758	0.152201770944964	-0.14720931906328255	0.16784285332746207	-0.1393663164093246	0.16005295990818677	-0.15227519796154207	0.12362870605946562	-0.15621837876754818	0.1542116407320646	-0.11075930771861302	0.1326224491919677	-0.16631674658703552	0.09828999762161882	-0.1850075405513325	0.12942024082059633	-0.06679022905664189	0.054968467490109245	-0.08713301623888373
0.16186613022506993	-0.15007967767106378	0.07731969050235057	-0.07175056016718236	0.14260533386404506	-0.16443437257210505	0.19074265110577995	-0.10803762564262806	0.11355753897040925	-0.12184569131022854	0.23326788165195406	-0.39067095739452257	0.22603572808788644	-0.15929908436535753	0.14427780342599497	-0.6706587745028079	0.9999999999999947	-0.3070185177632277	0.192402144376187	-0.19776910138253354	0.2457423951007089	-0.33119120249509737	0.18192829066415336	-0.15369663914355336	0.13276434929945033	-0.17166674220496114	0.20402324504794622	-0.14889543919944356	0.13621753457530247	-0.16404477306530146	0.12157523014656697	-0.14634515030753648	0.13559883340237158	-0.11214253156906584	0.13730012478659934	-0.14030615957374645	0.0991970580862198	-0.12031219267239597	0.14445907271431396	-0.08946586091973151	0.1553587391412034	-0.11837226557813889	0.05913430791333282	-0.048999990727596	0.07704101581307178
-0.12215846982547238	0.10565605347120917	-0.08552309327279321	0.0783567071050362	-0.17145591041627126	0.10904941337342107	-0.13362273749364367	0.1272555940925116	-0.13869009815479702	0.14562230755421257	-0.1580681226223334	0.1823923858126518	-0.35710743567240055	0.21884274273612989	-0.19751590092601687	0.22336953605869939	-0.3070185177632277	0.9999999999999941	-0.5584003210785089	0.2891975609644969	-0.1396957843192827	0.13967917613036498	-0.49530961008921737	0.23552831052750528	-0.20397396094936326	0.13314716682414224	-0.16553442980148617	0.21491011479530417	-0.19386301803316736	0.2058472152029485	-0.10459704683826143	0.13373950611315827	-0.15707907164517684	0.13615844778740802	-0.16813183956054895	0.126048925281991	-0.09888594687533139	0.12971525411644416	-0.165663562993987	0.09255572179671512	-0.1475248199268203	0.11571411600634213	-0.06263041728673027	0.051831967766280136	-0.08075255022392058
0.10789959450364942	-0.09500374703066818	0.08226622777575175	-0.07677582814139867	0.17500292615594987	-0.09527074746373444	0.11413058043433583	-0.11875206068710567	0.12737939225318992	-0.1626469821861636	0.13278314998087581	-0.15235900148682324	0.25290175537594245	-0.30988700493132865	0.2230431205032773	-0.19743168997434288	0.192402144376187	-0.5584003210785089	0.9999999999999939	-0.6043696507309231	0.11857355986272451	-0.11801705143823109	0.2521217369502108	-0.24264765296645327	0.21603970604177936	-0.12354831471021767	0.14641851850715842	-0.1867785138109053	0.17070394142086937	-0.21961096524613807	0.09607510800770196	-0.12242782047534573	0.13808553107988278	-0.12673707829988082	0.15621536760797516	-0.11902819014137245	0.09157583505886438	-0.11996764676723076	0.15149439267482337	-0.08945547349712596	0.13810651936087193	-0.10894796865424813	0.05894406949707482	-0.04888638519898128	0.07715268847890103
-0.12818114562469282	0.10728774652384765	-0.10325612484945045	0.09362219059595986	-0.238806138751167	0.10720035645585668	-0.13127261977250917	0.1306646869997688	-0.15150256578343654	0.18884959263876452	-0.15305977993275977	0.1595160042005904	-0.2768846094330713	0.24402491334457335	-0.30981679622140734	0.19182551098703604	-0.19776910138253354	0.2891975609644969	-0.6043696507309231	0.9999999999999925	-0.1340135845415554	0.1272315558157798	-0.27358617960495	0.2553752594371565	-0.38690558926061386	0.1409457563495769	-0.17781949667671826	0.19601281667940804	-0.20811950735740378	0.2550660355074895	-0.11291625538413183	0.14284626813181012	-0.16695578199771233	0.1547838142232784	-0.2045568764802256	0.13843247015379936	-0.10918097293053142	0.14252206249649188	-0.1941386338270882	0.10634891466243523	-0.17016220367983292	0.12755910605489273	-0.07240102187917505	0.0596185119893985	-0.0949115210734264
0.09481074055453247	-0.08142288318535898	0.051926343456110476	-0.047559220082380414	0.10321988795966719	-0.08520055076464174	0.10018996838465775	-0.06662797420867225	0.07386575074121593	-0.0823530536624044	0.12277860725231195	-0.1335198129675919	0.1325347083297774	-0.09652206188201447	0.09647671493718449	-0.35329388004205425	0.2457423951007089	-0.1396957843192827	0.11857355986272451	-0.1340135845415554	0.9999999999999946	-0.7529096421976694	0.1298011403991293	-0.11564585318491034	0.10085053253769871	-0.35049759780752726	0.27510392132648526	-0.12643733204374272	0.11626395859130988	-0.13361620106286007	0.1826422177871183	-0.19631607537909931	0.14370079816754172	-0.10508461468872682	0.12487876999128843	-0.1810775047599963	0.11531577106625089	-0.12952016703338062	0.1415545551863504	-0.08661263161040689	0.1770551912118649	-0.13681038732750322	0.05950167171289533	-0.049508938023191264	0.0742135365687268
-0.09409672376464871	0.07975342559186858	-0.0501716217996341	0.045842423567277774	-0.0990772159674034	0.08428808353347778	-0.10186173737770553	0.06496255519984492	-0.07212568631060728	0.07885691632426312	-0.12469048404374045	0.13627924373246508	-0.1328072578125213	0.09403434043325354	-0.09382252442507831	0.25922433096100084	-0.33119120249509737	0.13967917613036498	-0.11801705143823109	0.1272315558157798	-0.7529096421976694	0.9999999999999915	-0.13379632395036112	0.11083461473264412	-0.09693820896528998	0.22987454856986062	-0.41878245863622954	0.12095595679591248	-0.11182706465234063	0.12514773563222933	-0.16096032297628646	0.18559165824750004	-0.13963809563140786	0.09948459134370441	-0.11927761484275373	0.1544824123571185	-0.10753840170894188	0.12056406882365862	-0.13468734952755437	0.07948059918481801	-0.1647007005843874	0.12403058185138995	-0.055417922807329434	0.045939610672408204	-0.0688882398502896
0.09801476859624352	-0.08479123676982714	0.06936248219818603	-0.06388015439648709	0.14397786559592116	-0.08519289538798247	0.10201714470364848	-0.09535795167564057	0.10387375151688295	-0.12090188292628135	0.119409007631428	-0.13281961669135606	0.20182199695773753	-0.1573235585690073	0.1496389062552433	-0.18649385259229448	0.18192829066415336	-0.49530961008921737	0.2521217369502108	-0.27358617960495	0.1298011403991293	-0.13379632395036112	0.9999999999999907	-0.49162841404379826	0.25365485444912916	-0.1429638078366075	0.1697147030595665	-0.4723214880592791	0.27223722931316596	-0.27871574139061656	0.11471396000841373	-0.1582181777896532	0.1986078890626474	-0.17518483200446053	0.19598784219574913	-0.13952861774526953	0.11487547041457756	-0.16149760925996945	0.1881641037795881	-0.10285197771044563	0.15534268158684747	-0.13485020280778137	0.07027704027946591	-0.058784480527711305	0.08769778843677681
-0.09267389483217263	0.07765659267680304	-0.06756232870302643	0.06131363587623485	-0.14543136692458733	0.07779444860798954	-0.09451702646784822	0.08716766345618067	-0.09962201316204777	0.11391016850356875	-0.11068106651033045	0.11556440025873548	-0.18411371909347335	0.14028811209920156	-0.1478011115379973	0.1529245794461463	-0.15369663914355336	0.23552831052750528	-0.24264765296645327	0.2553752594371565	-0.11564585318491034	0.11083461473264412	-0.49162841404379826	0.9999999999999917	-0.6114149433800782	0.12870835870598402	-0.1612044728948702	0.2600456546277093	-0.3593298637763725	0.30450842338843903	-0.10562661306432342	0.14033459089051656	-0.18017439113938039	0.18366272333679948	-0.22889614142794631	0.1279207235585992	-0.1070982154870118	0.14714105340556297	-0.19691826072889934	0.09892894366891508	-0.1507259931951569	0.12396028244743851	-0.06881826524320547	0.057151767221540375	-0.08676732316398653
0.0825554147806444	-0.06979828383667504	0.06139882702091867	-0.056038940792703724	0.13385509548609564	-0.06941917197994155	0.08382865240678598	-0.07872326133426559	0.08919673158421328	-0.10839974416485429	0.09778290310742961	-0.10273511613731895	0.16003942181366784	-0.13165688161290448	0.1403907793994207	-0.1391202905485252	0.13276434929945033	-0.20397396094936326	0.21603970604177936	-0.38690558926061386	0.10085053253769871	-0.09693820896528998	0.25365485444912916	-0.6114149433800782	0.9999999999999896	-0.11599613614089946	0.14007860292234953	-0.21152501731587223	0.24354741386294157	-0.5592671183764095	0.0936364096030745	-0.1237905745771001	0.1501216443783364	-0.16205280014763931	0.20245408312265917	-0.11578395263521363	0.09456899602983751	-0.12929632253310466	0.1685141307269616	-0.09067030870589848	0.13444182805274638	-0.11161617287901081	0.06119087474080957	-0.05099944645656686	0.07824115018222344
-0.09075210103539959	0.07475549092125736	-0.05663468510490203	0.05116892708249883	-0.1187588250788862	0.07565084609336528	-0.09112881429102512	0.06909617789453959	-0.07929610531338335	0.08904329345273708	-0.10857445739543835	0.10946418909163307	-0.1360955908183308	0.09923604377166133	-0.10527664251267689	0.18722073773233974	-0.17166674220496114	0.13314716682414224	-0.12354831471021767	0.1409457563495769	-0.35049759780752726	0.22987454856986062	-0.1429638078366075	0.12870835870598402	-0.11599613614089946	0.9999999999999932	-0.40219164332921525	0.15346263167993324	-0.14847637825638021	0.15493273710759567	-0.6314950832624412	0.28255912723759136	-0.21782083299759114	0.14098984805709858	-0.17295491588117798	0.2965918472149134	-0.17680223704689316	0.17902685858698236	-0.20678212301684523	0.11314371556926503	-0.3542889809902614	0.18774465110996427	-0.08368021762643757	0.0684443024381369	-0.10208428992582377
0.1021285081975813	-0.08733199644015287	0.06392321247599722	-0.05842403039060897	0.13242716479637248	-0.08790618522465657	0.10399608924705199	-0.07963442224847751	0.08950820078640967	-0.10395516551633266	0.1233504450627039	-0.13101758748131448	0.15465346739599686	-0.11684697107395603	0.12025975883059951	-0.24340390745915758	0.20402324504794622	-0.16553442980148617	0.14641851850715842	-0.17781949667671826	0.27510392132648526	-0.41878245863622954	0.1697147030595665	-0.1612044728948702	0.14007860292234953	-0.40219164332921525	0.999999999999989	-0.19816852019947562	0.1739985303589763	-0.1973230777813245	0.2683541106500484	-0.5215597331993288	0.25313348253565926	-0.16776074217695275	0.18738180266553947	-0.28816859686102086	0.2082251411861498	-0.23218787843208435	0.22191135292231703	-0.13674652287759922	0.2555980147853192	-0.25173509538358924	0.09578610805298687	-0.08062743368653116	0.1143033843970145
-0.08719235500625014	0.07317988447213467	-0.06153435383604042	0.055879676478121636	-0.13069570260597566	0.07328422767585639	-0.08865539670029772	0.0789922593822973	-0.08992006859981971	0.10198537920318507	-0.10401250093998422	0.10851472542752048	-0.16508806949778668	0.12229481164620278	-0.1266970294842647	0.152201770944964	-0.14889543919944356	0.21491011479530417	-0.1867785138109053	0.19601281667940804	-0.12643733204374272	0.12095595679591248	-0.4723214880592791	0.2600456546277093	-0.21152501731587223	0.15346263167993324	-0.19816852019947562	0.9999999999999946	-0.5981975427434636	0.25967454306441573	-0.13501724663633013	0.19792173476694042	-0.3926399979529847	0.23916952758209628	-0.2545236912704944	0.15396721308775405	-0.14440607322578566	0.21340929853147778	-0.252430070832754	0.11291423380889545	-0.17281134788940156	0.1579699523468966	-0.08399915774591199	0.06986768827504204	-0.09795280232679703
0.08283523292501961	-0.06995182969444656	0.05904951298008155	-0.05381653381773648	0.12620987606739223	-0.06951897942145212	0.0836013001902052	-0.07500697596179061	0.08492280913728646	-0.09968484547629146	0.09772506579278412	-0.1020346931328736	0.15089071397422205	-0.11691091185779909	0.12142820912211777	-0.14720931906328255	0.13621753457530247	-0.19386301803316736	0.17070394142086937	-0.20811950735740378	0.11626395859130988	-0.11182706465234063	0.27223722931316596	-0.3593298637763725	0.24354741386294157	-0.14847637825638021	0.1739985303589763	-0.5981975427434636	0.9999999999999873	-0.4258977056732378	0.12344714944160785	-0.1793156370229801	0.24174391720114197	-0.400184703502568	0.2794630346913547	-0.15119461151983282	0.13370084320795958	-0.20316608347362883	0.2406394219622106	-0.1175981296694123	0.16402773023682274	-0.1572829302748498	0.08148800512630969	-0.0692588720093083	0.09809336565107017
-0.10737057743984794	0.08846089215356949	-0.07916346375642976	0.0712191683381573	-0.173937238574556	0.08805342502609305	-0.10716228264232851	0.09713530925342317	-0.11320980284810099	0.12919946017573422	-0.12526723827475705	0.12681937000580665	-0.1974581131843503	0.14839280146511885	-0.16451972969365702	0.16784285332746207	-0.16404477306530146	0.2058472152029485	-0.21961096524613807	0.2550660355074895	-0.13361620106286007	0.12514773563222933	-0.27871574139061656	0.30450842338843903	-0.5592671183764095	0.15493273710759567	-0.1973230777813245	0.25967454306441573	-0.4258977056732378	0.9999999999999903	-0.12871404792267468	0.16947887793531818	-0.2168347462983141	0.25087540128849184	-0.39556898432608467	0.15678083946039464	-0.13289593128912722	0.18275221081088505	-0.2636802307756251	0.12675887152939508	-0.190216455514874	0.15342702154681215	-0.08860486160745687	0.07344659934223938	-0.11285103069089716
0.06673478348844368	-0.0555867022501159	0.04291935924473889	-0.03889403833197919	0.09041513737859762	-0.055842675310485944	0.06690819168452938	-0.052477001467360784	0.05998222358430092	-0.0685645342439814	0.07927891754201402	-0.08088815229430557	0.10269179525544903	-0.07623676793984563	0.08049679703841002	-0.1393663164093246	0.12157523014656697	-0.10459704683826143	0.09607510800770196	-0.11291625538413183	0.1826422177871183	-0.16096032297628646	0.11471396000841373	-0.10562661306432342	0.0936364096030745	-0.6314950832624412	0.2683541106500484	-0.13501724663633013	0.12344714944160785	-0.12871404792267468	0.9999999999999891	-0.4293015747333851	0.20273668881114454	-0.12084339582363762	0.1392850129070788	-0.5145680653439625	0.17789408497273326	-0.17216982012295945	0.17127417478057808	-0.09424718136962251	0.2759436884981192	-0.18719348251730375	0.0708498164139702	-0.05861592513243598	0.08262544682133847
-0.08022861319654732	0.06692532436535864	-0.05226283648513641	0.04740020871813682	-0.110228544550378	0.0671862104964719	-0.08066072173047828	0.06439320316200653	-0.07351838324310069	0.08414545352843059	-0.09540068177779625	0.09769233387410639	-0.12698644058593284	0.09450598059328828	-0.0995247530163758	0.16005295990818677	-0.14634515030753648	0.13373950611315827	-0.12242782047534573	0.14284626813181012	-0.19631607537909931	0.18559165824750004	-0.1582181777896532	0.14033459089051656	-0.1237905745771001	0.28255912723759136	-0.5215597331993288	0.19792173476694042	-0.1793156370229801	0.16947887793531818	-0.4293015747333851	0.9999999999999849	-0.48034146338049544	0.1747840921696118	-0.19562391930387665	0.2611505254266082	-0.3069086440662937	0.257893615556017	-0.2470156309178334	0.1194068627590565	-0.2613469764071268	0.24253639887184394	-0.09569791085769588	0.07841619284333928	-0.10516036191326539
0.07979680672215592	-0.06719013317918339	0.05458249933205304	-0.04968919438693326	0.11589930630643826	-0.0668438456955235	0.08007431304741638	-0.06799823159164999	0.0771739777408343	-0.09027269888488351	0.09397744492762174	-0.09719793400113266	0.13415240012726515	-0.10241556806190949	0.1067799119697818	-0.15227519796154207	0.13559883340237158	-0.15707907164517684	0.13808553107988278	-0.16695578199771233	0.14370079816754172	-0.13963809563140786	0.1986078890626474	-0.18017439113938039	0.1501216443783364	-0.21782083299759114	0.25313348253565926	-0.3926399979529847	0.24174391720114197	-0.2168347462983141	0.20273668881114454	-0.48034146338049544	0.9999999999999838	-0.28169662633340703	0.23167894618863816	-0.22299607816197517	0.23883273854328108	-0.5325795592325964	0.2927845375287637	-0.13708595551672684	0.21362967135652816	-0.2540584160718586	0.11252476852392193	-0.095911847593424	0.11479400433602445
-0.06935958130395506	0.05817873814579377	-0.04889290043898258	0.044430513868115314	-0.10488926197973744	0.057667657959174994	-0.06932242312226128	0.060632297299838364	-0.06920488922852071	0.08118736900028665	-0.08107960202347884	0.08333343398078555	-0.1199552215141487	0.09191585273442616	-0.09711178652352326	0.12362870605946562	-0.11214253156906584	0.13615844778740802	-0.12673707829988082	0.1547838142232784	-0.10508461468872682	0.09948459134370441	-0.17518483200446053	0.18366272333679948	-0.16205280014763931	0.14098984805709858	-0.16776074217695275	0.23916952758209628	-0.400184703502568	0.25087540128849184	-0.12084339582363762	0.1747840921696118	-0.28169662633340703	0.9999999999999865	-0.6854258837895403	0.14675926197604466	-0.14210465281855478	0.22810264141383335	-0.4403494775137353	0.12701388689221016	-0.15859127078138263	0.16285632159891636	-0.09047380406102123	0.07817899555768539	-0.10467504979938295
0.08630261090958803	-0.07287709383746342	0.061302120134616216	-0.05589411017296455	0.1316082694890121	-0.07185314268411422	0.08602807625502601	-0.07584576642637897	0.08613541996278382	-0.10325047314308002	0.10035035009745209	-0.10351464179401043	0.14764193342232773	-0.1154985836278452	0.12144902926485315	-0.15621837876754818	0.13730012478659934	-0.16813183956054895	0.15621536760797516	-0.2045568764802256	0.12487876999128843	-0.11927761484275373	0.19598784219574913	-0.22889614142794631	0.20245408312265917	-0.17295491588117798	0.18738180266553947	-0.2545236912704944	0.2794630346913547	-0.39556898432608467	0.1392850129070788	-0.19562391930387665	0.23167894618863816	-0.6854258837895403	0.9999999999999863	-0.18043399338089092	0.1542839910536746	-0.23285195161649375	0.28648411703284804	-0.16859850496096382	0.1884863484841104	-0.19248740825999883	0.10086026979977603	-0.08743099386310596	0.12844330090718914
-0.08364932029646051	0.06872964916103753	-0.05538311376650447	0.04991423862148164	-0.11834183668082161	0.0686463252662746	-0.08272861022144203	0.06647297773387852	-0.07684523555528683	0.0874378070784793	-0.09757272843224564	0.09759614001519216	-0.12969565252799353	0.09557194842514947	-0.10288812948318038	0.1542116407320646	-0.14030615957374645	0.126048925281991	-0.11902819014137245	0.13843247015379936	-0.1810775047599963	0.1544824123571185	-0.13952861774526953	0.1279207235585992	-0.11578395263521363	0.2965918472149134	-0.28816859686102086	0.15396721308775405	-0.15119461151983282	0.15678083946039464	-0.5145680653439625	0.2611505254266082	-0.22299607816197517	0.14675926197604466	-0.18043399338089092	0.9999999999999852	-0.2627782510324293	0.19912071167518983	-0.2255212260790959	0.12309921666551761	-0.632930389277969	0.23599897735480377	-0.0931944177915571	0.07579511780018794	-0.11137942980627034
0.058893716051095696	-0.049011343168928544	0.039657529451496955	-0.035924728902530845	0.0845385071716397	-0.04880926287463782	0.058612700854518925	-0.048355753918385314	0.055426012880990895	-0.06408080270659736	0.06893537460655967	-0.07006647677718408	0.09455918844408148	-0.07100266872606768	0.07538849916957686	-0.11075930771861302	0.0991970580862198	-0.09888594687533139	0.09157583505886438	-0.10918097293053142	0.11531577106625089	-0.10753840170894188	0.11487547041457756	-0.1070982154870118	0.09456899602983751	-0.17680223704689316	0.2082251411861498	-0.14440607322578566	0.13370084320795958	-0.13289593128912722	0.17789408497273326	-0.3069086440662937	0.23883273854328108	-0.14210465281855478	0.1542839910536746	-0.2627782510324293	0.9999999999999842	-0.41856103477208634	0.23886232075788014	-0.11198903652107667	0.2307587655860944	-0.7563798856721045	0.10643651240748514	-0.08806405580391181	0.0980204754451461
-0.07249008556658804	0.06042689139109979	-0.049621256004018545	0.04498485180317247	-0.10598654976790771	0.06010454923105516	-0.07226370552594963	0.0609312722560113	-0.0697763057470297	0.0808657153270669	-0.08483369758999398	0.08648891792517015	-0.11999936835786962	0.09046136628858473	-0.09584091781676858	0.1326224491919677	-0.12031219267239597	0.12971525411644416	-0.11996764676723076	0.14252206249649188	-0.12952016703338062	0.12056406882365862	-0.16149760925996945	0.14714105340556297	-0.12929632253310466	0.17902685858698236	-0.23218787843208435	0.21340929853147778	-0.20316608347362883	0.18275221081088505	-0.17216982012295945	0.257893615556017	-0.5325795592325964	0.22810264141383335	-0.23285195161649375	0.19912071167518983	-0.41856103477208634	0.9999999999999856	-0.5431485587731616	0.1504167707973396	-0.2191344236672349	0.27712417625060337	-0.169695294997661	0.12809546300792735	-0.13365329578456386
0.08969833066067541	-0.07560090883412635	0.06266480426051665	-0.05708936839088242	0.13412168897926413	-0.07459118417343982	0.08919821239362563	-0.07698045515401303	0.08750425161403443	-0.10445262756861617	0.10421519970527772	-0.10709353687137163	0.14897713249616507	-0.11551565848621642	0.12140191139041619	-0.16631674658703552	0.14445907271431396	-0.165663562993987	0.15149439267482337	-0.1941386338270882	0.1415545551863504	-0.13468734952755437	0.1881641037795881	-0.19691826072889934	0.1685141307269616	-0.20678212301684523	0.22191135292231703	-0.252430070832754	0.2406394219622106	-0.2636802307756251	0.17127417478057808	-0.2470156309178334	0.2927845375287637	-0.4403494775137353	0.28648411703284804	-0.2255212260790959	0.23886232075788014	-0.5431485587731616	0.9999999999999846	-0.21835083342297304	0.22756042049140202	-0.29850590761307466	0.15747078809346743	-0.1521653218942715	0.16532189174676398
-0.06085806490429776	0.04963875632599305	-0.043502614723274186	0.03898031502880119	-0.09568304434855199	0.04894218386502652	-0.05913238407586398	0.05075467492443166	-0.059331571909667466	0.06847447812940181	-0.06902399274637548	0.06837913214808988	-0.0976581611162425	0.07269002584810082	-0.08003547213810497	0.09828999762161882	-0.08946586091973151	0.09255572179671512	-0.08945547349712596	0.10634891466243523	-0.08661263161040689	0.07948059918481801	-0.10285197771044563	0.09892894366891508	-0.09067030870589848	0.11314371556926503	-0.13674652287759922	0.11291423380889545	-0.1175981296694123	0.12675887152939508	-0.09424718136962251	0.1194068627590565	-0.13708595551672684	0.12701388689221016	-0.16859850496096382	0.12309921666551761	-0.11198903652107667	0.1504167707973396	-0.21835083342297304	0.9999999999999837	-0.15939690636674442	0.13354544208272584	-0.3211339434020315	0.24739977745123498	-0.8321936047067765
0.0956208487188198	-0.0798313758326786	0.06505028473699405	-0.05893239561494577	0.13955832565409315	-0.07890061143855949	0.09428505183050315	-0.07768473207848293	0.08913208351709397	-0.10488190920166317	0.11056807562809715	-0.11191207932171718	0.14852947235295225	-0.11246301203251807	0.12013306175810676	-0.1850075405513325	0.1553587391412034	-0.1475248199268203	0.13810651936087193	-0.17016220367983292	0.1770551912118649	-0.1647007005843874	0.15534268158684747	-0.1507259931951569	0.13444182805274638	-0.3542889809902614	0.2555980147853192	-0.17281134788940156	0.16402773023682274	-0.190216455514874	0.2759436884981192	-0.2613469764071268	0.21362967135652816	-0.15859127078138263	0.1884863484841104	-0.632930389277969	0.2307587655860944	-0.2191344236672349	0.22756042049140202	-0.15939690636674442	0.9999999999999859	-0.32833208614099585	0.1058339957072073	-0.08852322049622133	0.13199470642231992
-0.071377798754611	0.05896784974598536	-0.04813782298708075	0.04347757046611003	-0.10299895698467065	0.05875793722463246	-0.07077662585034905	0.058289909149782784	-0.06718256227830731	0.0770193071061755	-0.083256875369431	0.08389081174222934	-0.1141962023830865	0.08496170647440855	-0.09101807402284792	0.12942024082059633	-0.11837226557813889	0.11571411600634213	-0.10894796865424813	0.12755910605489273	-0.13681038732750322	0.12403058185138995	-0.13485020280778137	0.12396028244743851	-0.11161617287901081	0.18774465110996427	-0.25173509538358924	0.1579699523468966	-0.1572829302748498	0.15342702154681215	-0.18719348251730375	0.24253639887184394	-0.2540584160718586	0.16285632159891636	-0.19248740825999883	0.23599897735480377	-0.7563798856721045	0.27712417625060337	-0.29850590761307466	0.13354544208272584	-0.32833208614099585	0.9999999999999859	-0.136506265883	0.10379640322667735	-0.1245287835079424
0.038039117845193975	-0.031554996116378894	0.02668758286913303	-0.024115957391028592	0.05780719448440519	-0.031132471508054746	0.03739914222315127	-0.03190502085853337	0.03676782652924985	-0.04313079771122319	0.043707942243007704	-0.04408061882643573	0.061494159849456914	-0.046624966781622625	0.05011151247356643	-0.06679022905664189	0.05913430791333282	-0.06263041728673027	0.05894406949707482	-0.07240102187917505	0.05950167171289533	-0.055417922807329434	0.07027704027946591	-0.06881826524320547	0.06119087474080957	-0.08368021762643757	0.09578610805298687	-0.08399915774591199	0.08148800512630969	-0.08860486160745687	0.0708498164139702	-0.09569791085769588	0.11252476852392193	-0.09047380406102123	0.10086026979977603	-0.0931944177915571	0.10643651240748514	-0.169695294997661	0.15747078809346743	-0.3211339434020315	0.1058339957072073	-0.136506265883	0.999999999999986	-0.869138829575633	0.2573358952926418
