1.0	-0.6468526359854078	0.20629537507577303	-0.1218758614878376	0.0808971631305303	-0.5475439319579213	0.3029446842516964	-0.25446914216872635	0.09428000633574038	-0.08177318249666034	0.226749761913446	-0.21782338829797274	0.17712761339566352	-0.09958035850908482	0.07334248889489627	-0.15491555494918502	0.1684502876781246	-0.15841445018029365	0.10831131155334936	-0.07868505989485848	0.13599085909868988	-0.09322105402885843	0.09505390243925806	-0.10195007966116783	0.1239851045649427	-0.12198396047401273	0.09415118217538612	-0.08963048462786688	0.0850443042447286	-0.07162472140198681	0.09147738485115933	-0.07890315198485819	0.08621042839104086	-0.09403784487499288	0.07132341679208416	-0.06526469048349214	0.08026277351499699	-0.07254494057371107	0.055067979516855686	-0.05304894275400138	0.07619282662510385	-0.08030419535647532	0.05852023134803682	-0.05879847322839393	0.0479226634544964
-0.6468526359854078	1.0	-0.34346543231019555	0.11405730686935787	-0.0787559835986511	0.2808649111018456	-0.5261590751745059	0.24662467140557207	-0.08881823552906797	0.0746461974282905	-0.19681033932531686	0.210614058803727	-0.17644836450336404	0.09077701939401052	-0.06669639609903132	0.12483400359049877	-0.16665232538407518	0.1398819429708239	-0.09843888399902176	0.06991016244080812	-0.11832731958766123	0.07881040760467274	-0.08251885010349613	0.08814009109269459	-0.10908506299710251	0.1001460192974904	-0.08046557915160447	0.07632978461878874	-0.07348891003694791	0.061124193648862034	-0.07790482122303734	0.06651401547644024	-0.07354094182933842	0.07911220049424272	-0.061045866515523205	0.05495635243414942	-0.06813451853336645	0.06076519030252934	-0.046397040256206175	0.04463465380813118	-0.06494400021415848	0.06701588762756791	-0.0492914071982282	0.049267123072070707	-0.04050040601048958
0.20629537507577303	-0.34346543231019555	0.9999999999999993	-0.19870917182022452	0.11798817806721276	-0.14699275005728918	0.18490104150546455	-0.8637258808540724	0.10816583823204584	-0.09012032080511313	0.11359483212213384	-0.1211330601618029	0.12931894822381151	-0.08668661882969134	0.06745103764786668	-0.0794902986391845	0.10632138990030938	-0.09902872792643945	0.09159966543379149	-0.06749262378955216	0.0789159626519455	-0.058141196509427034	0.06182319531555146	-0.07516833405600784	0.09768315178851991	-0.07131046810862167	0.0599590410053872	-0.05824277648868929	0.060133143517333766	-0.04967537038459474	0.057907012565758725	-0.050262871500570176	0.056489147381570674	-0.06216716068495752	0.0491116879792658	-0.04131205598071916	0.05198487480891628	-0.04671234764109208	0.03625255222613712	-0.03506082416375204	0.0493559718727828	-0.05111835297730942	0.037964654212345975	-0.03839451847619973	0.031835882148732314
-0.1218758614878376	0.11405730686935787	-0.19870917182022452	0.9999999999999991	-0.7074421296368201	0.11215023740226172	-0.13215981015023753	0.1710870721095459	-0.408046657808361	0.31067922832478934	-0.12186633352344242	0.12487214695880824	-0.21104934936504804	0.22060404552024662	-0.19462457632877056	0.09380130567803475	-0.13727420314419606	0.14116912236413634	-0.23352694030476742	0.1720016599895985	-0.10423057490021431	0.08997216824006582	-0.10009897458377248	0.15660914761977457	-0.2232744185031782	0.10235846567160292	-0.09545857741693857	0.09686900047735159	-0.1165983686897187	0.09369435588354767	-0.09093696854361479	0.08105269185850719	-0.09476634998261502	0.10819469573784124	-0.09075759255998285	0.06560893463773868	-0.08521801997344423	0.07715209497523139	-0.06219572227293365	0.0607470148431958	-0.08013272297944747	0.08278391645953409	-0.06308782595024856	0.06520824245575502	-0.055320367093682286
0.0808971631305303	-0.0787559835986511	0.11798817806721276	-0.7074421296368201	0.999999999999999	-0.07823402232973899	0.08855290327168543	-0.13260948937233055	0.2766727325581514	-0.5766369942105591	0.08284522281737984	-0.08712912060808897	0.14262149099503446	-0.18129049120833873	0.168934719739252	-0.06551048397999068	0.09403155475527987	-0.10174845767936104	0.16056818686359606	-0.16318777891005956	0.07169576111476365	-0.06437084808246074	0.07065588987766876	-0.1168318458248973	0.15239089813159978	-0.07286679986026161	0.06729282817953665	-0.06938865317086833	0.0826668157099515	-0.06788828043901937	0.0639173571612699	-0.05783503366318836	0.06731454357048297	-0.07891135809810348	0.06450607728697658	-0.04656500992033384	0.060371802274240334	-0.05574171579749838	0.04485572882840989	-0.04398332637077557	0.05638819258805161	-0.059775696938622794	0.04522761049700717	-0.047340419932599846	0.03969150676826681
-0.5475439319579213	0.2808649111018456	-0.14699275005728918	0.11215023740226172	-0.07823402232973899	0.9999999999999986	-0.4550065400741626	0.16001865142103738	-0.09891382233843146	0.08369824278170952	-0.5122325906104064	0.2633230971465429	-0.22588337155086627	0.11050906637110666	-0.0802721928522804	0.21745399323048223	-0.22662038278446384	0.18464800318519356	-0.12285032458547285	0.08553606373186531	-0.20708012662364425	0.11077432329106185	-0.1146521537072222	0.11400578989217128	-0.13939761921092997	0.14898522108788562	-0.11556942549999052	0.10541700793933823	-0.09825260976122939	0.08147934328574388	-0.11392931741113643	0.09371945576018335	-0.10250045890848965	0.1070199590169029	-0.0822765521535632	0.07821461260747949	-0.09586057199485093	0.08357324413435754	-0.06323621788362965	0.060479155349765626	-0.09243217998529883	0.09268717307712007	-0.0681046354681268	0.06697017168650377	-0.05507441890373746
0.3029446842516964	-0.5261590751745059	0.18490104150546455	-0.13215981015023753	0.08855290327168543	-0.4550065400741626	0.9999999999999979	-0.2228080462136157	0.10879512832307266	-0.0946026198626802	0.25953391727469255	-0.4930609178470928	0.23790893405526242	-0.12366665563089979	0.08734219025661608	-0.18084095739606543	0.23422344963118485	-0.21509618660707724	0.13024316573365544	-0.09448707952265362	0.15790385030772183	-0.11342159555587084	0.11670906694585353	-0.12288998285500823	0.1461390511365159	-0.14342424700274986	0.11260963183571543	-0.10844263891771426	0.10180395353468732	-0.0856681819059239	0.10789074674247486	-0.09382303851063711	0.10293605258461236	-0.11232848524994492	0.08501151431343924	-0.07713710332066519	0.09514480028334663	-0.0863247987124	0.06556095140997335	-0.06318071334571457	0.08994609057307149	-0.0953493025474513	0.06951739536085634	-0.06999589657189899	0.0569996779018385
-0.25446914216872635	0.24662467140557207	-0.8637258808540724	0.1710870721095459	-0.13260948937233055	0.16001865142103738	-0.2228080462136157	0.9999999999999984	-0.1293803007270386	0.10027847520861921	-0.13790595531419036	0.13804729639918498	-0.16216453760592525	0.10165451671942213	-0.07943691225876323	0.09339308260683488	-0.13002669825205998	0.11594725539504896	-0.1102022641701699	0.07842392028882422	-0.0956747659896405	0.06846752872681654	-0.0735868307602407	0.08850008012442974	-0.11754836937999306	0.0837190835013609	-0.07135429962055798	0.0687956235236684	-0.07149646699583548	0.05864347495694865	-0.06909246027847162	0.05941866251715136	-0.06705982144017018	0.07298692099279198	-0.05827489661527123	0.04893709364964961	-0.061744601573841644	0.05490642040859644	-0.04270382747252938	0.041236710888761796	-0.05886345083190091	0.060040256197455025	-0.044808394659830844	0.045074588176946546	-0.03758011838619431
0.09428000633574038	-0.08881823552906797	0.10816583823204584	-0.408046657808361	0.2766727325581514	-0.09891382233843146	0.10879512832307266	-0.1293803007270386	0.9999999999999964	-0.5905660548168379	0.10732785807441268	-0.12035426701828227	0.20728942996407443	-0.5163328397604076	0.23612823640403416	-0.08755901450141056	0.1264973732607027	-0.1475970750367538	0.2510485379756619	-0.23058520901782206	0.09476256897542677	-0.08949779120618707	0.0979962514808936	-0.18043985711808616	0.20037013476111223	-0.09943634276114326	0.0921660148293581	-0.0971083291695951	0.11721815737594773	-0.0963839900015013	0.08648845638471285	-0.07946289877856524	0.0927203775736432	-0.11104475853632245	0.08961316322520888	-0.06338005369744915	0.08225927041283447	-0.07706615346584257	0.06222036940659999	-0.061218384274646674	0.07619029522956637	-0.08230705373807917	0.062166275807842786	-0.06581726921037231	0.05483418685587443
-0.08177318249666034	0.0746461974282905	-0.09012032080511313	0.31067922832478934	-0.5766369942105591	0.08369824278170952	-0.0946026198626802	0.10027847520861921	-0.5905660548168379	0.9999999999999971	-0.0938258498717285	0.10029183443579291	-0.18233593822605057	0.2524448826225108	-0.3074766698254484	0.07482037966545003	-0.11001457419386536	0.12044771895637355	-0.22774379126854122	0.21195527793945187	-0.08274003359293425	0.0757436844122089	-0.08422544173291806	0.14563832764313864	-0.19748208386278734	0.08456257439492275	-0.07952110731867776	0.08258561235561193	-0.10219560092131932	0.08242771328232942	-0.07485202894412409	0.06795063389151433	-0.07983379524416039	0.09366918109276061	-0.0780659419279124	0.054433283196595995	-0.07092505429266135	0.06539358400388855	-0.05305649584793822	0.05208354932026826	-0.06601966886664724	0.06979619176405769	-0.05314105294390016	0.05576532592285383	-0.04706152964420882
0.226749761913446	-0.19681033932531686	0.11359483212213384	-0.12186633352344242	0.08284522281737984	-0.5122325906104064	0.25953391727469255	-0.13790595531419036	0.10732785807441268	-0.0938258498717285	0.9999999999999948	-0.3999329707875334	0.2361019509845709	-0.12601611442633773	0.0903222435792768	-0.5204822699318947	0.25217786281436316	-0.23105440325802332	0.13838637826826536	-0.09891904151428338	0.26638522220270666	-0.14424461249125003	0.1400483602618266	-0.13750513069674009	0.1609555066319109	-0.21546333546481738	0.14486224664585187	-0.13231957477272133	0.11824798328757861	-0.09985948771767467	0.14169436735585117	-0.11885689722403821	0.12606041161518672	-0.13432135559800687	0.09995305542852835	-0.09910889143547767	0.1181614752203056	-0.10548485671537804	0.07877053908220948	-0.07544041712679564	0.11244715927767006	-0.11779897597003482	0.08486361237577641	-0.08415180159608805	0.06805024944144211
-0.21782338829797274	0.210614058803727	-0.1211330601618029	0.12487214695880824	-0.08712912060808897	0.2633230971465429	-0.4930609178470928	0.13804729639918498	-0.12035426701828227	0.10029183443579291	-0.3999329707875334	0.9999999999999972	-0.456328604818918	0.15000540617104008	-0.09918939695551593	0.21416737420689727	-0.48702826398273313	0.2776274589935705	-0.15259144311051104	0.10497134954490836	-0.19020261108036604	0.12815412670575319	-0.13731548063673124	0.13561532499663503	-0.15864493902788643	0.1561048482437318	-0.12687970572119603	0.12152049875313005	-0.11282141140711113	0.093339476539152	-0.11916605858724162	0.10248857342976521	-0.11380478917292193	0.1211842739290645	-0.09283497042739669	0.08374187884139238	-0.10381383858685522	0.09281301229551762	-0.07065706829308549	0.06788329383872838	-0.09816277573146276	0.10208609425357779	-0.0750250534465321	0.07496363752168164	-0.06144560094815709
0.17712761339566352	-0.17644836450336404	0.12931894822381151	-0.21104934936504804	0.14262149099503446	-0.22588337155086627	0.23790893405526242	-0.16216453760592525	0.20728942996407443	-0.18233593822605057	0.2361019509845709	-0.456328604818918	0.9999999999999976	-0.3580780920201285	0.1750391321033115	-0.19839556196681135	0.3024985914118898	-0.46248786428968536	0.2499077407404845	-0.1925939833019472	0.188161247873765	-0.17750075778607352	0.19093001776419372	-0.22467914201149936	0.24373570661479588	-0.19500352445679392	0.16908046404350588	-0.17464479294705323	0.1692238050141595	-0.14217749680654787	0.1551552699949088	-0.14149169462301608	0.1596543255439041	-0.1807639294324545	0.13717968559286087	-0.11345209567666657	0.14327464566215	-0.13370830917329243	0.10329196360503921	-0.10033527762572426	0.13295888497785963	-0.14549419367030542	0.10697218969301561	-0.11031993888685464	0.08985451918671225
-0.09958035850908482	0.09077701939401052	-0.08668661882969134	0.22060404552024662	-0.18129049120833873	0.11050906637110666	-0.12366665563089979	0.10165451671942213	-0.5163328397604076	0.2524448826225108	-0.12601611442633773	0.15000540617104008	-0.3580780920201285	0.9999999999999916	-0.36816302693634856	0.10210058959358435	-0.15480582675868157	0.18220221232015105	-0.5355385242589954	0.2568401362115512	-0.11020798483373234	0.10501103329485793	-0.11781163398668919	0.2256872221376132	-0.2455047593870971	0.11475862666973927	-0.1084438297759579	0.11488396377670163	-0.1470858693440076	0.11428662343878307	-0.09997376068307894	0.09189972060286794	-0.10853665961572723	0.1283329426077536	-0.10669869709092936	0.07282526840050253	-0.09488735478336428	0.08829302630742118	-0.07177714462481331	0.07054228422951266	-0.08750973642350016	0.0938814923408536	-0.07139377297854566	0.07540284194248457	-0.06339192359178789
0.07334248889489627	-0.06669639609903132	0.06745103764786668	-0.19462457632877056	0.168934719739252	-0.0802721928522804	0.08734219025661608	-0.07943691225876323	0.23612823640403416	-0.3074766698254484	0.0903222435792768	-0.09918939695551593	0.1750391321033115	-0.36816302693634856	0.9999999999999952	-0.07487893460123621	0.10790211194629495	-0.12592946283509077	0.23847628593419629	-0.7834418431452457	0.08230707860679691	-0.08018936132775804	0.08806169642675453	-0.17235887292337934	0.22967786739215493	-0.08841337060641352	0.08304601185464752	-0.08873541990856916	0.11083070896150012	-0.09355796472710294	0.07785336975518578	-0.07233934951783588	0.0849818324507046	-0.10447523627483227	0.08484246344246928	-0.05735123228795004	0.07485490267055725	-0.07097805346721693	0.05790979114484377	-0.05731947650595467	0.06894494292485592	-0.07536896839280546	0.05710736625221857	-0.061308047600780166	0.05105411535146755
-0.15491555494918502	0.12483400359049877	-0.0794902986391845	0.09380130567803475	-0.06551048397999068	0.21745399323048223	-0.18084095739606543	0.09339308260683488	-0.08755901450141056	0.07482037966545003	-0.5204822699318947	0.21416737420689727	-0.19839556196681135	0.10210058959358435	-0.07487893460123621	0.9999999999999939	-0.2819247910231135	0.19801079638744828	-0.11914453946001584	0.08113347437549223	-0.6708268803588857	0.14368571112458792	-0.1400399084550757	0.11829813868692791	-0.13998726715101273	0.23466065984825468	-0.15756877326257823	0.1274035903383233	-0.10904351692241444	0.08970082916367408	-0.16023225265643698	0.11832802130755425	-0.12469577648946424	0.12149406883090351	-0.09216348731091031	0.10039011971264877	-0.11829235685688182	0.09801590099399668	-0.07245251237496542	0.06837097318184437	-0.11619186008634093	0.11009549130514312	-0.08031004049224744	0.07626863148093205	-0.062487630369702396
0.1684502876781246	-0.16665232538407518	0.10632138990030938	-0.13727420314419606	0.09403155475527987	-0.22662038278446384	0.23422344963118485	-0.13002669825205998	0.1264973732607027	-0.11001457419386536	0.25217786281436316	-0.48702826398273313	0.3024985914118898	-0.15480582675868157	0.10790211194629495	-0.2819247910231135	0.9999999999999943	-0.629345334996419	0.17278968118984653	-0.11848063484277575	0.21065056228326992	-0.18597531991854263	0.1982006754787593	-0.16637959132931915	0.18766336927248634	-0.20021486044560513	0.16670223926919353	-0.16741834710312084	0.14183112588224148	-0.11804799794539127	0.147951887204441	-0.13240653759150903	0.1471119658621361	-0.15584799618299605	0.1168372085562862	-0.10581737064643429	0.13138720286463182	-0.11960765560893084	0.09022569658452134	-0.08659001283981696	0.12205427076586123	-0.13119061473574317	0.09573420092058293	-0.09596770144936155	0.07796914409023886
-0.15841445018029365	0.1398819429708239	-0.09902872792643945	0.14116912236413634	-0.10174845767936104	0.18464800318519356	-0.21509618660707724	0.11594725539504896	-0.1475970750367538	0.12044771895637355	-0.23105440325802332	0.2776274589935705	-0.46248786428968536	0.18220221232015105	-0.12592946283509077	0.19801079638744828	-0.629345334996419	0.9999999999999913	-0.22842016753498204	0.13290020411675632	-0.20894943555314374	0.2082200469261792	-0.33126360724813797	0.18741360525302775	-0.21504747443546987	0.19167338112763563	-0.19787232888635356	0.1975095959798147	-0.16808594918163744	0.13127789125961428	-0.16125089775174822	0.1438609257963846	-0.17241389384207417	0.1673308240626451	-0.13268347586901927	0.11246329214018416	-0.1455023243726621	0.1268077752705771	-0.09738704908835097	0.09264790252920575	-0.13413415246266924	0.13664485780885416	-0.10327264941553924	0.10137564121140917	-0.08474834768622164
0.10831131155334936	-0.09843888399902176	0.09159966543379149	-0.23352694030476742	0.16056818686359606	-0.12285032458547285	0.13024316573365544	-0.1102022641701699	0.2510485379756619	-0.22774379126854122	0.13838637826826536	-0.15259144311051104	0.2499077407404845	-0.5355385242589954	0.23847628593419629	-0.11914453946001584	0.17278968118984653	-0.22842016753498204	0.9999999999999923	-0.3067280701769414	0.1306291596241352	-0.13884504802065792	0.15438447904336747	-0.5190225447320115	0.2831915951253926	-0.1466199030506994	0.14131980345561995	-0.16022636208067761	0.21930991933406752	-0.1732387907474914	0.1283025171577086	-0.12227198206023349	0.1461192651325252	-0.18527584024931804	0.14924032327784165	-0.09474088050272253	0.1244239959853922	-0.1196805881909069	0.09905052124353644	-0.09836991286658604	0.11278176552382793	-0.12542250713672276	0.09566199356619912	-0.10434454747738078	0.08668229352219345
-0.07868505989485848	0.06991016244080812	-0.06749262378955216	0.1720016599895985	-0.16318777891005956	0.08553606373186531	-0.09448707952265362	0.07842392028882422	-0.23058520901782206	0.21195527793945187	-0.09891904151428338	0.10497134954490836	-0.1925939833019472	0.2568401362115512	-0.7834418431452457	0.08113347437549223	-0.11848063484277575	0.13290020411675632	-0.3067280701769414	0.9999999999999905	-0.09072299576159457	0.08765105179475766	-0.09771448997101467	0.19037887311143134	-0.35900945402149004	0.09640309691405106	-0.09215877391986346	0.0981350157540988	-0.12808656978951183	0.10652338432422263	-0.08616337741946571	0.07968966707129102	-0.09455533850456772	0.115049347870568	-0.09721572219531871	0.06314298485878471	-0.08285277605449617	0.07781292523872001	-0.06406323683424912	0.06340806562901556	-0.07634079791445138	0.08235050508646236	-0.06292489605517476	0.06736173362662934	-0.05680645436010901
0.13599085909868988	-0.11832731958766123	0.0789159626519455	-0.10423057490021431	0.07169576111476365	-0.20708012662364425	0.15790385030772183	-0.0956747659896405	0.09476256897542677	-0.08274003359293425	0.26638522220270666	-0.19020261108036604	0.188161247873765	-0.11020798483373234	0.08230707860679691	-0.6708268803588857	0.21065056228326992	-0.20894943555314374	0.1306291596241352	-0.09072299576159457	0.9999999999999922	-0.20244066791952128	0.16636069975312642	-0.13922064562369035	0.15956517308082738	-0.46876150263011385	0.20209849194279544	-0.16054479950166275	0.12897890166446638	-0.1083386942005524	0.20119077608497823	-0.15333118029213894	0.15150958595136096	-0.15109482013122547	0.11013817102666343	-0.13055743933304656	0.14487035829812864	-0.12309820613459005	0.08925432505454654	-0.0842793043626594	0.13941881618991228	-0.13981975560633025	0.0991506840894199	-0.09485600521416118	0.07620145357320701
-0.09322105402885843	0.07881040760467274	-0.058141196509427034	0.08997216824006582	-0.06437084808246074	0.11077432329106185	-0.11342159555587084	0.06846752872681654	-0.08949779120618707	0.0757436844122089	-0.14424461249125003	0.12815412670575319	-0.17750075778607352	0.10501103329485793	-0.08018936132775804	0.14368571112458792	-0.18597531991854263	0.2082200469261792	-0.13884504802065792	0.08765105179475766	-0.20244066791952128	0.9999999999999933	-0.6150996668401741	0.15926590678234237	-0.16899736107893212	0.23701958213623997	-0.606455954732749	0.2917002973982911	-0.17596474388102065	0.13093592666099213	-0.19162512506279802	0.18037168725577973	-0.2168957995070517	0.17499063880179583	-0.13438250751107753	0.12489783955988644	-0.16701998434364482	0.13605979231935528	-0.10080002470470506	0.09320588180762485	-0.14434797427182977	0.14432932582285274	-0.11011889972484898	0.10266181117579165	-0.08550593635056208
0.09505390243925806	-0.08251885010349613	0.06182319531555146	-0.10009897458377248	0.07065588987766876	-0.1146521537072222	0.11670906694585353	-0.0735868307602407	0.0979962514808936	-0.08422544173291806	0.1400483602618266	-0.13731548063673124	0.19093001776419372	-0.11781163398668919	0.08806169642675453	-0.1400399084550757	0.1982006754787593	-0.33126360724813797	0.15438447904336747	-0.09771448997101467	0.16636069975312642	-0.6150996668401741	0.9999999999999909	-0.20103694823050064	0.18115259794989708	-0.2216397777922703	0.3078511921299946	-0.5142535359421334	0.20172967190042576	-0.15563455077846672	0.1762106188887557	-0.18955235418405228	0.23397750076577692	-0.2071379547330678	0.14822727931732163	-0.12474591181636886	0.16525609895554064	-0.15284926951666306	0.11204945118719775	-0.10487679254743484	0.14033148431526096	-0.15707791476408217	0.11804945642432352	-0.11544104766298975	0.09372800734783371
-0.10195007966116783	0.08814009109269459	-0.07516833405600784	0.15660914761977457	-0.1168318458248973	0.11400578989217128	-0.12288998285500823	0.08850008012442974	-0.18043985711808616	0.14563832764313864	-0.13750513069674009	0.13561532499663503	-0.22467914201149936	0.2256872221376132	-0.17235887292337934	0.11829813868692791	-0.16637959132931915	0.18741360525302775	-0.5190225447320115	0.19037887311143134	-0.13922064562369035	0.15926590678234237	-0.20103694823050064	0.9999999999999868	-0.44452472954948974	0.15889946412765757	-0.17570858818468363	0.20637152220046256	-0.513496419256231	0.23917475834108326	-0.1490295708108366	0.14272404658237275	-0.18518715854329132	0.21934707855715668	-0.21956006560238076	0.10773907208163702	-0.14659950627130344	0.13616213992201256	-0.11878562052165123	0.11753469310138219	-0.13042612781307228	0.1391407241767319	-0.11102243693684076	0.11995391226860197	-0.10631169645062927
0.1239851045649427	-0.10908506299710251	0.09768315178851991	-0.2232744185031782	0.15239089813159978	-0.13939761921092997	0.1461390511365159	-0.11754836937999306	0.20037013476111223	-0.19748208386278734	0.1609555066319109	-0.15864493902788643	0.24373570661479588	-0.2455047593870971	0.22967786739215493	-0.13998726715101273	0.18766336927248634	-0.21504747443546987	0.2831915951253926	-0.35900945402149004	0.15956517308082738	-0.16899736107893212	0.18115259794989708	-0.44452472954948974	0.9999999999999866	-0.18605307960659026	0.17574406367382608	-0.19685250256419906	0.25434225652287057	-0.26638758062125134	0.16754499307591927	-0.16178750579165432	0.1906458861778336	-0.26008501032053993	0.20601306430607194	-0.12648598810964348	0.16657209491419647	-0.166244050370611	0.1385178325557135	-0.14030331361554071	0.15128109592989822	-0.17434268201833386	0.13182178942926323	-0.14844984633348773	0.1213878725491157
-0.12198396047401273	0.1001460192974904	-0.07131046810862167	0.10235846567160292	-0.07286679986026161	0.14898522108788562	-0.14342424700274986	0.0837190835013609	-0.09943634276114326	0.08456257439492275	-0.21546333546481738	0.1561048482437318	-0.19500352445679392	0.11475862666973927	-0.08841337060641352	0.23466065984825468	-0.20021486044560513	0.19167338112763563	-0.1466199030506994	0.09640309691405106	-0.46876150263011385	0.23701958213623997	-0.2216397777922703	0.15889946412765757	-0.18605307960659026	0.9999999999999944	-0.4231113753783836	0.22194550434959964	-0.16796290682846188	0.13427769061996656	-0.5028252714631042	0.2403764386373733	-0.23060519359819484	0.19015874223801085	-0.14348886260317703	0.21131722735790337	-0.22993209251745958	0.16456557379917242	-0.11662980734280155	0.10672794261646407	-0.23600864072831748	0.1899319067321776	-0.13766958867266255	0.1203705188345784	-0.09891903085279909
0.09415118217538612	-0.08046557915160447	0.0599590410053872	-0.09545857741693857	0.06729282817953665	-0.11556942549999052	0.11260963183571543	-0.07135429962055798	0.0921660148293581	-0.07952110731867776	0.14486224664585187	-0.12687970572119603	0.16908046404350588	-0.1084438297759579	0.08304601185464752	-0.15756877326257823	0.16670223926919353	-0.19787232888635356	0.14131980345561995	-0.09215877391986346	0.20209849194279544	-0.606455954732749	0.3078511921299946	-0.17570858818468363	0.17574406367382608	-0.4231113753783836	0.9999999999999882	-0.4350858149079934	0.1902024259012441	-0.15118807358794878	0.23048893607308746	-0.25676663944837097	0.2436542072213101	-0.2104057209482679	0.14819721891867163	-0.15354629243959333	0.19464407228582392	-0.16558436911588922	0.11751524412556351	-0.10895582184648371	0.16375206473456067	-0.17760691827049274	0.12895599922892056	-0.12169183836147812	0.09778488679939121
-0.08963048462786688	0.07632978461878874	-0.05824277648868929	0.09686900047735159	-0.06938865317086833	0.10541700793933823	-0.10844263891771426	0.0687956235236684	-0.0971083291695951	0.08258561235561193	-0.13231957477272133	0.12152049875313005	-0.17464479294705323	0.11488396377670163	-0.08873541990856916	0.1274035903383233	-0.16741834710312084	0.1975095959798147	-0.16022636208067761	0.0981350157540988	-0.16054479950166275	0.2917002973982911	-0.5142535359421334	0.20637152220046256	-0.19685250256419906	0.22194550434959964	-0.4350858149079934	0.9999999999999867	-0.346493660823017	0.19199960428026894	-0.2089616430790419	0.23031502208402807	-0.47808230925432194	0.24580562518067273	-0.19107011268050128	0.1402707127161388	-0.20272126122762496	0.17597171281107551	-0.1324438299479494	0.1197989949692241	-0.16091233405331143	0.17088411163398637	-0.13913334627314092	0.12954557871463485	-0.10920011489706985
0.0850443042447286	-0.07348891003694791	0.060133143517333766	-0.1165983686897187	0.0826668157099515	-0.09825260976122939	0.10180395353468732	-0.07149646699583548	0.11721815737594773	-0.10219560092131932	0.11824798328757861	-0.11282141140711113	0.1692238050141595	-0.1470858693440076	0.11083070896150012	-0.10904351692241444	0.14183112588224148	-0.16808594918163744	0.21930991933406752	-0.12808656978951183	0.12897890166446638	-0.17596474388102065	0.20172967190042576	-0.513496419256231	0.25434225652287057	-0.16796290682846188	0.1902024259012441	-0.346493660823017	0.9999999999999898	-0.5465979541127179	0.15443413552820368	-0.16351399770441213	0.22095932723698242	-0.32737156055041106	0.2802451594760611	-0.11362374857809926	0.1565410580286069	-0.15764702210746617	0.14424832277639613	-0.14719988160387948	0.1331574496590909	-0.15290890087993364	0.12380166387539479	-0.14474251236350666	0.12363485226282804
-0.07162472140198681	0.061124193648862034	-0.04967537038459474	0.09369435588354767	-0.06788828043901937	0.08147934328574388	-0.0856681819059239	0.05864347495694865	-0.0963839900015013	0.08242771328232942	-0.09985948771767467	0.093339476539152	-0.14217749680654787	0.11428662343878307	-0.09355796472710294	0.08970082916367408	-0.11804799794539127	0.13127789125961428	-0.1732387907474914	0.10652338432422263	-0.1083386942005524	0.13093592666099213	-0.15563455077846672	0.23917475834108326	-0.26638758062125134	0.13427769061996656	-0.15118807358794878	0.19199960428026894	-0.5465979541127179	0.999999999999991	-0.13436398217202955	0.13512005263515148	-0.19172691884009446	0.27464776806676844	-0.6610450592485843	0.09782851412007201	-0.13898503253052819	0.13678680231734008	-0.1441974568791384	0.15694529664359877	-0.11873565133571201	0.1301493978103491	-0.11227518054626799	0.13460913259151272	-0.13795004622712095
0.09147738485115933	-0.07790482122303734	0.057907012565758725	-0.09093696854361479	0.0639173571612699	-0.11392931741113643	0.10789074674247486	-0.06909246027847162	0.08648845638471285	-0.07485202894412409	0.14169436735585117	-0.11916605858724162	0.1551552699949088	-0.09997376068307894	0.07785336975518578	-0.16023225265643698	0.147951887204441	-0.16125089775174822	0.1283025171577086	-0.08616337741946571	0.20119077608497823	-0.19162512506279802	0.1762106188887557	-0.1490295708108366	0.16754499307591927	-0.5028252714631042	0.23048893607308746	-0.2089616430790419	0.15443413552820368	-0.13436398217202955	0.9999999999999883	-0.4685191682105882	0.24298337556124427	-0.21373792853545098	0.14157260264115054	-0.46586772741460697	0.28647695645839333	-0.20434258534648408	0.13086709005959163	-0.11881070098506998	0.27818942318230633	-0.2568154645989907	0.162164187660322	-0.13927600525739614	0.10709222912669733
-0.07890315198485819	0.06651401547644024	-0.050262871500570176	0.08105269185850719	-0.05783503366318836	0.09371945576018335	-0.09382303851063711	0.05941866251715136	-0.07946289877856524	0.06795063389151433	-0.11885689722403821	0.10248857342976521	-0.14149169462301608	0.09189972060286794	-0.07233934951783588	0.11832802130755425	-0.13240653759150903	0.1438609257963846	-0.12227198206023349	0.07968966707129102	-0.15333118029213894	0.18037168725577973	-0.18955235418405228	0.14272404658237275	-0.16178750579165432	0.2403764386373733	-0.25676663944837097	0.23031502208402807	-0.16351399770441213	0.13512005263515148	-0.4685191682105882	0.9999999999999878	-0.48725466899227915	0.22560539978635888	-0.1523315958151323	0.23797339105595788	-0.5597303789225915	0.21571251909797734	-0.1386167325026249	0.11852583557762474	-0.2355401145583378	0.24238000864830062	-0.17579940516494702	0.13718496783533554	-0.11009277376056806
0.08621042839104086	-0.07354094182933842	0.056489147381570674	-0.09476634998261502	0.06731454357048297	-0.10250045890848965	0.10293605258461236	-0.06705982144017018	0.0927203775736432	-0.07983379524416039	0.12606041161518672	-0.11380478917292193	0.1596543255439041	-0.10853665961572723	0.0849818324507046	-0.12469577648946424	0.1471119658621361	-0.17241389384207417	0.1461192651325252	-0.09455533850456772	0.15150958595136096	-0.2168957995070517	0.23397750076577692	-0.18518715854329132	0.1906458861778336	-0.23060519359819484	0.2436542072213101	-0.47808230925432194	0.22095932723698242	-0.19172691884009446	0.24298337556124427	-0.48725466899227915	0.9999999999999841	-0.44551517417532277	0.20893239936091598	-0.17813647700866136	0.267643676432458	-0.3013762979948423	0.18313814036953882	-0.15468330939070732	0.18933230141008872	-0.2361134437067772	0.193219727859737	-0.17521576037380848	0.13741767518470133
-0.09403784487499288	0.07911220049424272	-0.06216716068495752	0.10819469573784124	-0.07891135809810348	0.1070199590169029	-0.11232848524994492	0.07298692099279198	-0.11104475853632245	0.09366918109276061	-0.13432135559800687	0.1211842739290645	-0.1807639294324545	0.1283329426077536	-0.10447523627483227	0.12149406883090351	-0.15584799618299605	0.1673308240626451	-0.18527584024931804	0.115049347870568	-0.15109482013122547	0.17499063880179583	-0.2071379547330678	0.21934707855715668	-0.26008501032053993	0.19015874223801085	-0.2104057209482679	0.24580562518067273	-0.32737156055041106	0.27464776806676844	-0.21373792853545098	0.22560539978635888	-0.44551517417532277	0.9999999999999849	-0.5083273573401071	0.1528634701771361	-0.23474871920026139	0.22825903100394926	-0.33552830058558325	0.22270986417093303	-0.187337434392732	0.2003067793454648	-0.19055761006832703	0.22500066593914417	-0.20908608936945286
0.07132341679208416	-0.061045866515523205	0.0491116879792658	-0.09075759255998285	0.06450607728697658	-0.0822765521535632	0.08501151431343924	-0.05827489661527123	0.08961316322520888	-0.0780659419279124	0.09995305542852835	-0.09283497042739669	0.13717968559286087	-0.10669869709092936	0.08484246344246928	-0.09216348731091031	0.1168372085562862	-0.13268347586901927	0.14924032327784165	-0.09721572219531871	0.11013817102666343	-0.13438250751107753	0.14822727931732163	-0.21956006560238076	0.20601306430607194	-0.14348886260317703	0.14819721891867163	-0.19107011268050128	0.2802451594760611	-0.6610450592485843	0.14157260264115054	-0.1523315958151323	0.20893239936091598	-0.5083273573401071	0.9999999999999842	-0.1067912579852788	0.1520861186028614	-0.1686404168527226	0.19424150275545551	-0.2605719292976743	0.12731859708726972	-0.15191552161989488	0.13285929672077434	-0.1838841660074476	0.17698124926221304
-0.06526469048349214	0.05495635243414942	-0.04131205598071916	0.06560893463773868	-0.04656500992033384	0.07821461260747949	-0.07713710332066519	0.04893709364964961	-0.06338005369744915	0.054433283196595995	-0.09910889143547767	0.08374187884139238	-0.11345209567666657	0.07282526840050253	-0.05735123228795004	0.10039011971264877	-0.10581737064643429	0.11246329214018416	-0.09474088050272253	0.06314298485878471	-0.13055743933304656	0.12489783955988644	-0.12474591181636886	0.10773907208163702	-0.12648598810964348	0.21131722735790337	-0.15354629243959333	0.1402707127161388	-0.11362374857809926	0.09782851412007201	-0.46586772741460697	0.23797339105595788	-0.17813647700866136	0.1528634701771361	-0.1067912579852788	0.9999999999999861	-0.36826067183693556	0.1731980066897441	-0.10609152603391304	0.09358293266572847	-0.7191308453471839	0.2490462569674185	-0.15387239212232773	0.11218122784008625	-0.08689727459364377
0.08026277351499699	-0.06813451853336645	0.05198487480891628	-0.08521801997344423	0.060371802274240334	-0.09586057199485093	0.09514480028334663	-0.061744601573841644	0.08225927041283447	-0.07092505429266135	0.1181614752203056	-0.10381383858685522	0.14327464566215	-0.09488735478336428	0.07485490267055725	-0.11829235685688182	0.13138720286463182	-0.1455023243726621	0.1244239959853922	-0.08285277605449617	0.14487035829812864	-0.16701998434364482	0.16525609895554064	-0.14659950627130344	0.16657209491419647	-0.22993209251745958	0.19464407228582392	-0.20272126122762496	0.1565410580286069	-0.13898503253052819	0.28647695645839333	-0.5597303789225915	0.267643676432458	-0.23474871920026139	0.1520861186028614	-0.36826067183693556	0.9999999999999871	-0.33711636460737004	0.1673873652814374	-0.1442746474605629	0.27685524667783834	-0.46878411220152727	0.24365001586994386	-0.17723703862961776	0.13063614186021139
-0.07254494057371107	0.06076519030252934	-0.04671234764109208	0.07715209497523139	-0.05574171579749838	0.08357324413435754	-0.0863247987124	0.05490642040859644	-0.07706615346584257	0.06539358400388855	-0.10548485671537804	0.09281301229551762	-0.13370830917329243	0.08829302630742118	-0.07097805346721693	0.09801590099399668	-0.11960765560893084	0.1268077752705771	-0.1196805881909069	0.07781292523872001	-0.12309820613459005	0.13605979231935528	-0.15284926951666306	0.13616213992201256	-0.166244050370611	0.16456557379917242	-0.16558436911588922	0.17597171281107551	-0.15764702210746617	0.13678680231734008	-0.20434258534648408	0.21571251909797734	-0.3013762979948423	0.22825903100394926	-0.1686404168527226	0.1731980066897441	-0.33711636460737004	0.9999999999999855	-0.3636768878002428	0.1960059395348249	-0.23154193640270168	0.3022293690685996	-0.6596098777862882	0.25269014345384144	-0.19743352374251147
0.055067979516855686	-0.046397040256206175	0.03625255222613712	-0.06219572227293365	0.04485572882840989	-0.06323621788362965	0.06556095140997335	-0.04270382747252938	0.06222036940659999	-0.05305649584793822	0.07877053908220948	-0.07065706829308549	0.10329196360503921	-0.07177714462481331	0.05790979114484377	-0.07245251237496542	0.09022569658452134	-0.09738704908835097	0.09905052124353644	-0.06406323683424912	0.08925432505454654	-0.10080002470470506	0.11204945118719775	-0.11878562052165123	0.1385178325557135	-0.11662980734280155	0.11751524412556351	-0.1324438299479494	0.14424832277639613	-0.1441974568791384	0.13086709005959163	-0.1386167325026249	0.18313814036953882	-0.33552830058558325	0.19424150275545551	-0.10609152603391304	0.1673873652814374	-0.3636768878002428	0.9999999999999855	-0.495826314925751	0.1343013343947189	-0.18209280655229512	0.22739420317829612	-0.6242938041460844	0.310033899068521
-0.05304894275400138	0.04463465380813118	-0.03506082416375204	0.0607470148431958	-0.04398332637077557	0.060479155349765626	-0.06318071334571457	0.041236710888761796	-0.061218384274646674	0.05208354932026826	-0.07544041712679564	0.06788329383872838	-0.10033527762572426	0.07054228422951266	-0.05731947650595467	0.06837097318184437	-0.08659001283981696	0.09264790252920575	-0.09836991286658604	0.06340806562901556	-0.0842793043626594	0.09320588180762485	-0.10487679254743484	0.11753469310138219	-0.14030331361554071	0.10672794261646407	-0.10895582184648371	0.1197989949692241	-0.14719988160387948	0.15694529664359877	-0.11881070098506998	0.11852583557762474	-0.15468330939070732	0.22270986417093303	-0.2605719292976743	0.09358293266572847	-0.1442746474605629	0.1960059395348249	-0.495826314925751	0.9999999999999856	-0.12091933885424241	0.14586332037954816	-0.17348951878964178	0.31841242373193385	-0.7160257421626
0.07619282662510385	-0.06494400021415848	0.0493559718727828	-0.08013272297944747	0.05638819258805161	-0.09243217998529883	0.08994609057307149	-0.05886345083190091	0.07619029522956637	-0.06601966886664724	0.11244715927767006	-0.09816277573146276	0.13295888497785963	-0.08750973642350016	0.06894494292485592	-0.11619186008634093	0.12205427076586123	-0.13413415246266924	0.11278176552382793	-0.07634079791445138	0.13941881618991228	-0.14434797427182977	0.14033148431526096	-0.13042612781307228	0.15128109592989822	-0.23600864072831748	0.16375206473456067	-0.16091233405331143	0.1331574496590909	-0.11873565133571201	0.27818942318230633	-0.2355401145583378	0.18933230141008872	-0.187337434392732	0.12731859708726972	-0.7191308453471839	0.27685524667783834	-0.23154193640270168	0.1343013343947189	-0.12091933885424241	0.9999999999999853	-0.41618745978159133	0.19772243727851269	-0.14892734982719785	0.10952418789543614
-0.08030419535647532	0.06701588762756791	-0.05111835297730942	0.08278391645953409	-0.059775696938622794	0.09268717307712007	-0.0953493025474513	0.060040256197455025	-0.08230705373807917	0.06979619176405769	-0.11779897597003482	0.10208609425357779	-0.14549419367030542	0.0938814923408536	-0.07536896839280546	0.11009549130514312	-0.13119061473574317	0.13664485780885416	-0.12542250713672276	0.08235050508646236	-0.13981975560633025	0.14432932582285274	-0.15707791476408217	0.1391407241767319	-0.17434268201833386	0.1899319067321776	-0.17760691827049274	0.17088411163398637	-0.15290890087993364	0.1301493978103491	-0.2568154645989907	0.24238000864830062	-0.2361134437067772	0.2003067793454648	-0.15191552161989488	0.2490462569674185	-0.46878411220152727	0.3022293690685996	-0.18209280655229512	0.14586332037954816	-0.41618745978159133	0.9999999999999857	-0.5621231345937364	0.1888729474915874	-0.15012473686872124
0.05852023134803682	-0.0492914071982282	0.037964654212345975	-0.06308782595024856	0.04522761049700717	-0.0681046354681268	0.06951739536085634	-0.044808394659830844	0.062166275807842786	-0.05314105294390016	0.08486361237577641	-0.0750250534465321	0.10697218969301561	-0.07139377297854566	0.05710736625221857	-0.08031004049224744	0.09573420092058293	-0.10327264941553924	0.09566199356619912	-0.06292489605517476	0.0991506840894199	-0.11011889972484898	0.11804945642432352	-0.11102243693684076	0.13182178942926323	-0.13766958867266255	0.12895599922892056	-0.13913334627314092	0.12380166387539479	-0.11227518054626799	0.162164187660322	-0.17579940516494702	0.193219727859737	-0.19055761006832703	0.13285929672077434	-0.15387239212232773	0.24365001586994386	-0.6596098777862882	0.22739420317829612	-0.17348951878964178	0.19772243727851269	-0.5621231345937364	0.9999999999999862	-0.2943171371941764	0.16758016326260322
