0.9999999999999999	-0.2012254547554951	0.14867792548244516	-0.062444479768752795	0.06104194479703009	-0.9296766820600532	0.11639202257326774	-0.10326371657220694	0.0810111451923606	-0.10124715396080891	0.169185250277056	-0.14252111882097482	0.10476935867098468	-0.07390820676948634	0.06842760283164986	-0.12846779272191886	0.08987124484948948	-0.08357961026007937	0.06412158188861601	-0.06850040866605746	0.046984678014992495	-0.06075400424807399	0.05798539974813808	-0.05118949503081365	0.04985093372253774	-0.036148300180693836	0.0510251556915368	-0.04728444103056693	0.04636008845410409	-0.04253019031147454	0.03532439156401232	-0.036812937762877466	0.037495318664305125	-0.04846367641100226	0.039513458822357524	-0.027126540198070766	0.03172404116463678	-0.04558593558486382	0.033558418812546995	-0.031236038283836837	0.03284971848707842	-0.03419987825935992	0.04217687613482237	-0.027939378896063884	0.04146880881083953
-0.2012254547554951	0.9999999999999999	-0.8212032920943545	0.17308818952674077	-0.17866028148062618	0.15878270532941616	-0.35469163755702937	0.22933748832361886	-0.1685040219964437	0.18256908480381534	-0.1377870358728628	0.1522541642856809	-0.14119111630024123	0.10673873941344256	-0.10035643421847006	0.10507841920651935	-0.09857985636380658	0.09610804237929048	-0.08294464138096794	0.08529380990614377	-0.05556906395877007	0.06814269602922363	-0.06903081936470366	0.06267361910391485	-0.06267574028195239	0.04218869515079909	-0.06152779837147583	0.05641518472524798	-0.057127706165808805	0.052064384983503256	-0.04262868239927853	0.04401667532108599	-0.0451502105093386	0.05847865103207893	-0.04886757243966978	0.032643670491624914	-0.03835968794522702	0.05424803666068001	-0.04140849038820922	0.03834989393210747	-0.04008785000968291	0.0411920865408792	-0.05245368966378427	0.0345328281091715	-0.05172488373949263
0.14867792548244516	-0.8212032920943545	0.9999999999999996	-0.25930393980051153	0.18849989297340175	-0.15730305153346127	0.24697640647168245	-0.2840733258385315	0.17884237267718148	-0.22850861346305276	0.12600941816606906	-0.14784712777992223	0.13620099970344898	-0.11421517400513888	0.10323399309318385	-0.10669342900378133	0.09643254734811953	-0.09954646454234409	0.08552583128196971	-0.0900373555200559	0.056777026253750223	-0.06972748404257027	0.07014220735013296	-0.06504259174316672	0.06481859781421583	-0.04348194453920212	0.06304899530260896	-0.05839283045083139	0.059037250890261836	-0.05419595938146045	0.043950924494201245	-0.04557216823255364	0.046803618387332276	-0.06110202966570763	0.050701295535915944	-0.033792647956700055	0.03971853804779089	-0.05660565195111678	0.04303885578353151	-0.03993730160229865	0.041458194327876556	-0.042814622858208355	0.05451040639813261	-0.03592539783487031	0.05375438070401811
-0.062444479768752795	0.17308818952674077	-0.25930393980051153	1.0	-0.8871019363372836	0.06117483650704102	-0.139649571317223	0.14191940664588357	-0.22464658824840217	0.22870434802967674	-0.08230683887336962	0.08918035535517507	-0.1072374846926465	0.10059584932021222	-0.09683438552409088	0.07012789812185721	-0.07109058740577788	0.0750932774667295	-0.07164029628613847	0.0722090230422545	-0.04456953077403914	0.052535470851193235	-0.054898995522946616	0.05191220731064641	-0.05298233377845747	0.03373339065340453	-0.04985365583515683	0.045666328586305385	-0.047416024643796795	0.04315139586384346	-0.03474751135869778	0.03571183600193739	-0.036818975743762035	0.04795985880350357	-0.040728207042654396	0.02661530678708019	-0.03136635736225163	0.04400231685327743	-0.03444936009028242	0.031817371466337285	-0.03297895599884488	0.03365836774179773	-0.04385366457929855	0.0287637727371597	-0.043345972279051695
0.06104194479703009	-0.17866028148062618	0.18849989297340175	-0.8871019363372836	0.9999999999999998	-0.06212340796955591	0.12921056343370646	-0.14198158963455737	0.1929462102362807	-0.31809614658158186	0.07849918328328163	-0.08695114234074953	0.1016472850497134	-0.09854974715243706	0.09143031571687506	-0.06890169758056418	0.06834219526814855	-0.07358615995900619	0.06899061630141651	-0.07087151206325468	0.0432371001094718	-0.051202839063008196	0.05314664221420094	-0.050571470994393936	0.05134563977944385	-0.03287780388008025	0.04837803099135997	-0.04456090168308349	0.04606181108015561	-0.04211010320810937	0.03380910185500098	-0.034846169225086224	0.035929227376220306	-0.04697739082773087	0.03964262237039409	-0.02595335394393874	0.030580386543356427	-0.04313024209004695	0.03358042393834242	-0.0310598372369531	0.03210837876618799	-0.03288855549180211	0.042726241154951425	-0.028052092975630858	0.04221728202763058
-0.9296766820600532	0.15878270532941616	-0.15730305153346127	0.06117483650704102	-0.06212340796955591	0.9999999999999996	-0.11852842662384337	0.097851504813983	-0.07966676301323895	0.09464904768414817	-0.21611730711430993	0.13691745579598832	-0.1068360489516132	0.07134509821047888	-0.06739042091305776	0.1221003687527363	-0.0912598364632228	0.07990685287040794	-0.06253717940689241	0.06543920694071464	-0.04616915465799585	0.05895951447799014	-0.057050750679704214	0.04952420028147355	-0.04848797267382357	0.03512277306463417	-0.049979234045612345	0.0458192918372082	-0.04508874926861015	0.041087745268097664	-0.034441670437727716	0.03570911699625042	-0.036348975130865886	0.04665755875499132	-0.03834429248590849	0.02634325218349105	-0.03081534753688621	0.043899402501687355	-0.03253543919505014	0.03021279424706113	-0.03198021081615315	0.03309976954643213	-0.04096737085651989	0.027084864371109844	-0.04028126697259027
0.11639202257326774	-0.35469163755702937	0.24697640647168245	-0.139649571317223	0.12921056343370646	-0.11852842662384337	0.9999999999999999	-0.6891396985844368	0.2562645642382744	-0.2987937753950532	0.20494762601696184	-0.3745427903018656	0.21386308035067675	-0.16600027441712065	0.14198460094188034	-0.16106622265362497	0.1454787204060427	-0.1453538445533904	0.12100678750096708	-0.12527374616368703	0.07882155101133075	-0.10030538661049215	0.09977105515193899	-0.09127524787584615	0.09008142845420325	-0.060332867014577636	0.08776100139331616	-0.08126710397835075	0.08196517224929027	-0.07505491296363084	0.06052022256414509	-0.06290750508337226	0.06457500508863415	-0.08399959834729882	0.06963178696259979	-0.04643700350100055	0.05454910754492076	-0.07787103163022252	0.05877281843240184	-0.054654727795680084	0.05672927196964336	-0.05865644077938798	0.07382942441380771	-0.048850335824234696	0.07282424079690582
-0.10326371657220694	0.22933748832361886	-0.2840733258385315	0.14191940664588357	-0.14198158963455737	0.097851504813983	-0.6891396985844368	0.9999999999999998	-0.47555122757370816	0.27519568284181745	-0.1889104390151665	0.22155831092677283	-0.2257310205236087	0.1766119301418199	-0.1584375796024005	0.13974308194470655	-0.14095101136703492	0.13922830864145688	-0.12575710424192368	0.12422232582889864	-0.07795718500233904	0.09620324737030378	-0.09902478753102648	0.09081344064781648	-0.09104094477260093	0.05900988865320565	-0.08715544511385194	0.07982121277319394	-0.0819551694894996	0.07438761574702638	-0.05989130775143702	0.06182804200730679	-0.0636069764749121	0.08236772292524457	-0.0693984801189744	0.04576375573858968	-0.053844479974296394	0.07595095046412746	-0.05835927461934859	0.05409791813998088	-0.056239413839455944	0.05764164117545069	-0.07345875808519226	0.04847089223566569	-0.07256083800327094
0.0810111451923606	-0.1685040219964437	0.17884237267718148	-0.22464658824840217	0.1929462102362807	-0.07966676301323895	0.2562645642382744	-0.47555122757370816	0.9999999999999997	-0.6759691765223962	0.14429838852604168	-0.1719443400981577	0.20775055760171332	-0.3292350044334019	0.20809807676189246	-0.13023932292910956	0.13138517154794913	-0.1539944588162266	0.15366653812658113	-0.15261541790137137	0.0830098799034579	-0.1008142575933322	0.10545845752776369	-0.10553200398930154	0.10565896831802399	-0.06351118948452882	0.09427788281966241	-0.08805695663436444	0.09271631418365485	-0.08512960924206972	0.06524536965713616	-0.06772727231013854	0.07023480867474721	-0.09271860107807356	0.07830083454146056	-0.05012025834735761	0.05913776057069906	-0.0841658655950985	0.06540729017321356	-0.060895730819977324	0.06174978785156977	-0.06353973286515885	0.08182883287045561	-0.05418008522831069	0.08108166227358446
-0.10124715396080891	0.18256908480381534	-0.22850861346305276	0.22870434802967674	-0.31809614658158186	0.09464904768414817	-0.2987937753950532	0.27519568284181745	-0.6759691765223962	0.9999999999999993	-0.18394647220087584	0.1908166035992803	-0.2635122480930645	0.2438736292947963	-0.2577553769397347	0.15458612021258625	-0.167937919883459	0.17558444083126765	-0.17819769470451627	0.1729902983607639	-0.10777239103007662	0.1240071547109627	-0.1325617237897184	0.12537567667856933	-0.13023070708087572	0.08077945015101322	-0.12083403791662845	0.10944195246341894	-0.11545981132862101	0.10414035404901698	-0.08406217376329235	0.08576032286080858	-0.08853661151380654	0.1146996605510916	-0.09912800119793751	0.06413987369787148	-0.07568965078685085	0.10474662757378514	-0.08365960666896581	0.07694745631055144	-0.07999576415275235	0.0808746471551966	-0.1069318042140042	0.06986819093111145	-0.1058289321035884
0.169185250277056	-0.1377870358728628	0.12600941816606906	-0.08230683887336962	0.07849918328328163	-0.21611730711430993	0.20494762601696184	-0.1889104390151665	0.14429838852604168	-0.18394647220087584	0.9999999999999984	-0.6233388344418547	0.26172894107523087	-0.16440011814893282	0.14803770985082254	-0.5460458463612234	0.2596667572366402	-0.21248105865684788	0.15031416466095243	-0.1578144710729934	0.11404166270804571	-0.15844158797571992	0.14371706904629653	-0.12148724629345703	0.11574596974746301	-0.08766506448878898	0.12157264041902088	-0.112478673562915	0.10834800569801167	-0.0988969468037533	0.08273154959243666	-0.0866046580554765	0.08763468295148533	-0.11192045037863124	0.09064075375498724	-0.06327804937221507	0.07368257630379862	-0.1062202398825172	0.07640250391272829	-0.07136261880208036	0.0756704529334936	-0.07913348025731869	0.09473898986495967	-0.0631888825888306	0.09303926582033059
-0.14252111882097482	0.1522541642856809	-0.14784712777992223	0.08918035535517507	-0.08695114234074953	0.13691745579598832	-0.3745427903018656	0.22155831092677283	-0.1719443400981577	0.1908166035992803	-0.6233388344418547	0.999999999999998	-0.4638340537782262	0.18273488725802317	-0.16688333507647427	0.27312476244039585	-0.27515688426543566	0.21311945624129616	-0.16096193305995085	0.15844754513957995	-0.11154270307040869	0.15011613148227246	-0.14741049410337004	0.12280048008527732	-0.11932131402895674	0.0839030035040823	-0.1228863885754773	0.11145088224630711	-0.11029038490339804	0.09934075434986703	-0.08240754642997115	0.08546572565005178	-0.0871508241027437	0.11068389934855866	-0.09175975158392882	0.06260916136753936	-0.0733272437695523	0.10390373367186005	-0.07693782225792946	0.0715477351791945	-0.07581704291068345	0.07813407886643138	-0.0956632264067008	0.06355200690278194	-0.09418148711343687
0.10476935867098468	-0.14119111630024123	0.13620099970344898	-0.1072374846926465	0.1016472850497134	-0.1068360489516132	0.21386308035067675	-0.2257310205236087	0.20775055760171332	-0.2635122480930645	0.26172894107523087	-0.4638340537782262	0.9999999999999989	-0.39365833540897766	0.2597910381463896	-0.29224567646909066	0.25562069541353427	-0.47144003196434847	0.2706633779746712	-0.28216873721122304	0.14851753473937304	-0.2033513306370508	0.20133245832879368	-0.19742295663411813	0.18555695039115933	-0.11733658354879128	0.1702846342135009	-0.16538953552784366	0.1669614139387977	-0.15624980265133118	0.11678477804038488	-0.12427407553194855	0.12879234701078227	-0.17209023770734855	0.13899415910014767	-0.09052966734015151	0.1065137622166191	-0.15762650270554937	0.11573718677438921	-0.10928721504878335	0.10917141399931615	-0.11534812655578174	0.14147974139037717	-0.09518168442824623	0.1399056623408864
-0.07390820676948634	0.10673873941344256	-0.11421517400513888	0.10059584932021222	-0.09854974715243706	0.07134509821047888	-0.16600027441712065	0.1766119301418199	-0.3292350044334019	0.2438736292947963	-0.16440011814893282	0.18273488725802317	-0.39365833540897766	0.999999999999998	-0.6424076157786931	0.16528737300384896	-0.18265149442241915	0.25932402730719034	-0.3954058039857542	0.2845424139319296	-0.12116078738980873	0.15165459707236356	-0.16823122121851375	0.18960008003179843	-0.19190398047051446	0.09332772419400485	-0.14362928428409807	0.1371549308912186	-0.15670078839687407	0.14163007000199124	-0.09662218415767011	0.1014189744089134	-0.10706444589602056	0.1437693476484312	-0.12483172824225926	0.07407727875542444	-0.08785026347546963	0.12622464620333598	-0.09994249566562666	0.09408776185425377	-0.09082581970086441	0.09374163654643147	-0.11992531242597698	0.0808768426278287	-0.12000344005994015
0.06842760283164986	-0.10035643421847006	0.10323399309318385	-0.09683438552409088	0.09143031571687506	-0.06739042091305776	0.14198460094188034	-0.1584375796024005	0.20809807676189246	-0.2577553769397347	0.14803770985082254	-0.16688333507647427	0.2597910381463896	-0.6424076157786931	0.9999999999999976	-0.16814350219640467	0.17538117044136908	-0.2604578425250367	0.27668364553866953	-0.5245050821913534	0.12834101787954846	-0.1619011916308348	0.171733014058896	-0.2070693803918191	0.21699317990738087	-0.10145555031576191	0.15285829263854028	-0.15184885681430235	0.16806160695191244	-0.16725284259826484	0.10496154399350784	-0.11213368200676006	0.1189871681025431	-0.1674014437917709	0.13980457229445484	-0.08155972254854811	0.09680592627181712	-0.14422237049110506	0.11189346511366724	-0.10747567870528818	0.09928975818823306	-0.10467110979200302	0.13245322424803313	-0.09045508747264416	0.1327101109932104
-0.12846779272191886	0.10507841920651935	-0.10669342900378133	0.07012789812185721	-0.06890169758056418	0.1221003687527363	-0.16106622265362497	0.13974308194470655	-0.13023932292910956	0.15458612021258625	-0.5460458463612234	0.27312476244039585	-0.29224567646909066	0.16528737300384896	-0.16814350219640467	0.999999999999997	-0.6157632125612369	0.23472650804135234	-0.18047644712420546	0.1704986376220993	-0.17004713369001517	0.22214954813240181	-0.2097961187260108	0.14808135453317334	-0.14248312989146222	0.11877732452410172	-0.1671610960227698	0.14400135248481408	-0.1364813354493049	0.11935326833417459	-0.10934182999339531	0.11144949628831574	-0.11111668390132057	0.13408053059084205	-0.11130695056998362	0.0813644945446789	-0.09423077221697482	0.13014085124451563	-0.09339697333651062	0.08634829112855791	-0.09703328077626326	0.09899397735261446	-0.1160166381395775	0.0769648399113741	-0.11345245109014758
0.08987124484948948	-0.09857985636380658	0.09643254734811953	-0.07109058740577788	0.06834219526814855	-0.0912598364632228	0.1454787204060427	-0.14095101136703492	0.13138517154794913	-0.167937919883459	0.2596667572366402	-0.27515688426543566	0.25562069541353427	-0.18265149442241915	0.17538117044136908	-0.6157632125612369	0.9999999999999983	-0.37713425781401044	0.21319718471602983	-0.20704481949444106	0.1673678625417375	-0.43299791917723035	0.2547545948599153	-0.1847761462706832	0.16370930686710652	-0.13137539864878148	0.19087776104514814	-0.17645598933831294	0.15810263228632304	-0.14138069164019215	0.11951720302790154	-0.12887517456617595	0.12858830650964997	-0.15814685628867486	0.1263568293362682	-0.09101931295222115	0.1057415042029815	-0.15376473754714962	0.10522424966389789	-0.09870589684072413	0.10638643221507288	-0.11233501489458672	0.12743307402265752	-0.08597044368012394	0.12480598539749072
-0.08357961026007937	0.09610804237929048	-0.09954646454234409	0.0750932774667295	-0.07358615995900619	0.07990685287040794	-0.1453538445533904	0.13922830864145688	-0.1539944588162266	0.17558444083126765	-0.21248105865684788	0.21311945624129616	-0.47144003196434847	0.25932402730719034	-0.2604578425250367	0.23472650804135234	-0.37713425781401044	0.9999999999999972	-0.5679320490602141	0.26658504749219814	-0.161740518391502	0.23572594161779514	-0.30210420229895896	0.24462577395679522	-0.2254261855833098	0.12295603843021195	-0.19571277089247505	0.18368661900949387	-0.20101966208235325	0.17074579658946926	-0.12454281820715647	0.13097072543974658	-0.1377804156343427	0.17514496510282748	-0.1518443398692383	0.09428086885925517	-0.1116446994274269	0.15834164411514548	-0.12147707981680643	0.11365588804108143	-0.11439667909744579	0.11733114061675018	-0.14511025056763976	0.09784516278442354	-0.14451974994076355
0.06412158188861601	-0.08294464138096794	0.08552583128196971	-0.07164029628613847	0.06899061630141651	-0.06253717940689241	0.12100678750096708	-0.12575710424192368	0.15366653812658113	-0.17819769470451627	0.15031416466095243	-0.16096193305995085	0.2706633779746712	-0.3954058039857542	0.27668364553866953	-0.18047644712420546	0.21319718471602983	-0.5679320490602141	0.9999999999999968	-0.42898380536309416	0.13920876513744826	-0.20179025977507015	0.2275683108020232	-0.4138058063939385	0.2593076842962548	-0.11020809312397911	0.17367544815488706	-0.18051731915335112	0.21490820419205242	-0.19601023399105288	0.11273019917634247	-0.12213003946970696	0.13132541707902734	-0.18270230357218764	0.15387778065744612	-0.08675036254741073	0.10321107779410932	-0.1539306433871695	0.1188746121265528	-0.11496878058601301	0.10439561849471812	-0.10971629363937116	0.1351462269546541	-0.093824192267847	0.13607774772306497
-0.06850040866605746	0.08529380990614377	-0.0900373555200559	0.0722090230422545	-0.07087151206325468	0.06543920694071464	-0.12527374616368703	0.12422232582889864	-0.15261541790137137	0.1729902983607639	-0.1578144710729934	0.15844754513957995	-0.28216873721122304	0.2845424139319296	-0.5245050821913534	0.1704986376220993	-0.20704481949444106	0.26658504749219814	-0.42898380536309416	0.9999999999999943	-0.1584824228575877	0.18964016794586588	-0.22575308543668912	0.2768219005663111	-0.4741725776463988	0.12143055369112885	-0.1955363965624042	0.18689495168161657	-0.24012750230803373	0.22895898001600765	-0.12910409083093072	0.13528698583166457	-0.14614550955635416	0.20077268217948127	-0.1963073616117826	0.09847486650816244	-0.11772871371625004	0.1670000309134261	-0.144287865410777	0.13671533626363933	-0.12167013604538227	0.12441650274378294	-0.16479510647524953	0.11308388455121106	-0.1685411013886968
0.046984678014992495	-0.05556906395877007	0.056777026253750223	-0.04456953077403914	0.0432371001094718	-0.04616915465799585	0.07882155101133075	-0.07795718500233904	0.0830098799034579	-0.10777239103007662	0.11404166270804571	-0.11154270307040869	0.14851753473937304	-0.12116078738980873	0.12834101787954846	-0.17004713369001517	0.1673678625417375	-0.161740518391502	0.13920876513744826	-0.1584824228575877	0.9999999999999968	-0.25143147339050914	0.1896910490401622	-0.14988238184654673	0.14100484787892228	-0.7537142911519451	0.24417514437156262	-0.2169633650070915	0.1582069860789978	-0.14241605954029807	0.2718275302870272	-0.24715270720536792	0.18731389979007032	-0.19438689492641315	0.13955255292576543	-0.19904331249928603	0.18730472532965714	-0.2475993497473727	0.12708234748720518	-0.11635801777552822	0.18575898944702599	-0.20838739647200918	0.16485818356303872	-0.10893353550454446	0.15087751928458912
-0.06075400424807399	0.06814269602922363	-0.06972748404257027	0.052535470851193235	-0.051202839063008196	0.05895951447799014	-0.10030538661049215	0.09620324737030378	-0.1008142575933322	0.1240071547109627	-0.15844158797571992	0.15011613148227246	-0.2033513306370508	0.15165459707236356	-0.1619011916308348	0.22214954813240181	-0.43299791917723035	0.23572594161779514	-0.20179025977507015	0.18964016794586588	-0.25143147339050914	0.999999999999995	-0.6675388951964512	0.22549837559088212	-0.1968463833191489	0.17260029169762015	-0.3423147504632511	0.24549414823803303	-0.20205251904843516	0.16325792641665643	-0.1544321556343124	0.1677198146871609	-0.16545568880747566	0.17794424595856115	-0.14558231672647473	0.11228635245550454	-0.13159428030567327	0.18131125548723423	-0.11883379634583358	0.11039345994690936	-0.12870723059608657	0.1325832212754755	-0.1410755878503844	0.09542008857166744	-0.1371228199994174
0.05798539974813808	-0.06903081936470366	0.07014220735013296	-0.054898995522946616	0.05314664221420094	-0.057050750679704214	0.09977105515193899	-0.09902478753102648	0.10545845752776369	-0.1325617237897184	0.14371706904629653	-0.14741049410337004	0.20133245832879368	-0.16823122121851375	0.171733014058896	-0.2097961187260108	0.2547545948599153	-0.30210420229895896	0.2275683108020232	-0.22575308543668912	0.1896910490401622	-0.6675388951964512	0.9999999999999971	-0.3779358523182635	0.22425040523943915	-0.15664256789172049	0.26113691849582266	-0.34006461168789864	0.2328686671175282	-0.19641918507436323	0.14522682303529733	-0.1670008526393933	0.17769352630910937	-0.20306459724364678	0.1595461745397155	-0.11051446328043513	0.13051831534703037	-0.2006532209927716	0.127878951748423	-0.12173575658897055	0.1263772191857001	-0.13519484544796118	0.1462310103382002	-0.10124010042587221	0.1436859432036528
-0.05118949503081365	0.06267361910391485	-0.06504259174316672	0.05191220731064641	-0.050571470994393936	0.04952420028147355	-0.09127524787584615	0.09081344064781648	-0.10553200398930154	0.12537567667856933	-0.12148724629345703	0.12280048008527732	-0.19742295663411813	0.18960008003179843	-0.2070693803918191	0.14808135453317334	-0.1847761462706832	0.24462577395679522	-0.4138058063939385	0.2768219005663111	-0.14988238184654673	0.22549837559088212	-0.3779358523182635	0.9999999999999966	-0.5500093361876471	0.11840755962359172	-0.20911609319887767	0.22779152771183542	-0.45865398608499575	0.276653677335113	-0.12359481982987898	0.136108644328509	-0.1544917431705403	0.21348067391441805	-0.19725955170855625	0.09379894750582543	-0.11305031593646125	0.16771551760194103	-0.1374783844853894	0.13422714102816483	-0.11222979824958962	0.11712378375263982	-0.14401984868366607	0.10301554144010448	-0.14777514038272838
0.04985093372253774	-0.06267574028195239	0.06481859781421583	-0.05298233377845747	0.05134563977944385	-0.04848797267382357	0.09008142845420325	-0.09104094477260093	0.10565896831802399	-0.13023070708087572	0.11574596974746301	-0.11932131402895674	0.18555695039115933	-0.19190398047051446	0.21699317990738087	-0.14248312989146222	0.16370930686710652	-0.2254261855833098	0.2593076842962548	-0.4741725776463988	0.14100484787892228	-0.1968463833191489	0.22425040523943915	-0.5500093361876471	0.9999999999999978	-0.1141272069421353	0.18697678991725442	-0.2097262698849623	0.29527850424875063	-0.48188770938765735	0.11991095039196593	-0.13336803510260128	0.149893033945754	-0.237511250860023	0.2232887827240074	-0.09287269060920234	0.111775725639141	-0.17305732663482798	0.14729486569988767	-0.1569621888306229	0.11120428179725199	-0.1186755554806643	0.1485326217748701	-0.10998842389463886	0.15484504743430405
-0.036148300180693836	0.04218869515079909	-0.04348194453920212	0.03373339065340453	-0.03287780388008025	0.03512277306463417	-0.060332867014577636	0.05900988865320565	-0.06351118948452882	0.08077945015101322	-0.08766506448878898	0.0839030035040823	-0.11733658354879128	0.09332772419400485	-0.10145555031576191	0.11877732452410172	-0.13137539864878148	0.12295603843021195	-0.11020809312397911	0.12143055369112885	-0.7537142911519451	0.17260029169762015	-0.15664256789172049	0.11840755962359172	-0.1141272069421353	0.9999999999999943	-0.2751596667696298	0.18254769160514986	-0.13211178026546494	0.11390531742876574	-0.45318213799453977	0.22964819524196053	-0.16853365212042698	0.15375426493869135	-0.11469543481404491	0.19732500724781663	-0.18441400224420731	0.19472505314591743	-0.10460476397439153	0.0940428679151531	-0.19752807513015008	0.17797922442747324	-0.13930153823382643	0.08972640741065682	-0.12491218339080312
0.0510251556915368	-0.06152779837147583	0.06304899530260896	-0.04985365583515683	0.04837803099135997	-0.049979234045612345	0.08776100139331616	-0.08715544511385194	0.09427788281966241	-0.12083403791662845	0.12157264041902088	-0.1228863885754773	0.1702846342135009	-0.14362928428409807	0.15285829263854028	-0.1671610960227698	0.19087776104514814	-0.19571277089247505	0.17367544815488706	-0.1955363965624042	0.24417514437156262	-0.3423147504632511	0.26113691849582266	-0.20911609319887767	0.18697678991725442	-0.2751596667696298	0.9999999999999993	-0.5862556234688857	0.2425387522273266	-0.20526496877327335	0.24097762655149624	-0.4035238672704684	0.28060210808885405	-0.25780515549116245	0.18220971080529078	-0.18173489025777026	0.21661409298503492	-0.3159109093732714	0.1567567215238509	-0.14550879366651087	0.1893904679366386	-0.21338299021590992	0.18537852960370882	-0.12660720368318248	0.1743681759563233
-0.04728444103056693	0.05641518472524798	-0.05839283045083139	0.045666328586305385	-0.04456090168308349	0.0458192918372082	-0.08126710397835075	0.07982121277319394	-0.08805695663436444	0.10944195246341894	-0.112478673562915	0.11145088224630711	-0.16538953552784366	0.1371549308912186	-0.15184885681430235	0.14400135248481408	-0.17645598933831294	0.18368661900949387	-0.18051731915335112	0.18689495168161657	-0.2169633650070915	0.24549414823803303	-0.34006461168789864	0.22779152771183542	-0.2097262698849623	0.18254769160514986	-0.5862556234688857	0.999999999999999	-0.41001605728055623	0.22230797177284284	-0.20523885190719554	0.2511189323703625	-0.4116481933114636	0.24926387201134767	-0.20048282805620968	0.14763130147130366	-0.18747612350327167	0.2742361875551078	-0.16045489925568748	0.14543094902840184	-0.1697014459873602	0.1724803974038065	-0.18013096333967055	0.12318269364267986	-0.174294007669263
0.04636008845410409	-0.057127706165808805	0.059037250890261836	-0.047416024643796795	0.04606181108015561	-0.04508874926861015	0.08196517224929027	-0.0819551694894996	0.09271631418365485	-0.11545981132862101	0.10834800569801167	-0.11029038490339804	0.1669614139387977	-0.15670078839687407	0.16806160695191244	-0.1364813354493049	0.15810263228632304	-0.20101966208235325	0.21490820419205242	-0.24012750230803373	0.1582069860789978	-0.20205251904843516	0.2328686671175282	-0.45865398608499575	0.29527850424875063	-0.13211178026546494	0.2425387522273266	-0.41001605728055623	0.9999999999999951	-0.5481785738891688	0.1423633588648887	-0.16749366391193715	0.20426813781421932	-0.3578676495605047	0.25924359464138114	-0.10962336007881279	0.13401291720563152	-0.2162300140985619	0.1765411438170417	-0.18202803575925874	0.12899326193852562	-0.13836322644811436	0.16740604045323837	-0.12648888010854153	0.1741024066839022
-0.04253019031147454	0.052064384983503256	-0.05419595938146045	0.04315139586384346	-0.04211010320810937	0.041087745268097664	-0.07505491296363084	0.07438761574702638	-0.08512960924206972	0.10414035404901698	-0.0988969468037533	0.09934075434986703	-0.15624980265133118	0.14163007000199124	-0.16725284259826484	0.11935326833417459	-0.14138069164019215	0.17074579658946926	-0.19601023399105288	0.22895898001600765	-0.14241605954029807	0.16325792641665643	-0.19641918507436323	0.276653677335113	-0.48188770938765735	0.11390531742876574	-0.20526496877327335	0.22230797177284284	-0.5481785738891688	0.9999999999999946	-0.12577378335033285	0.1390578019633221	-0.16625086793735394	0.27283495663135426	-0.48832021384011215	0.09638214177882294	-0.11799222648388877	0.1770942939668038	-0.194805816530467	0.20749961004111567	-0.11700703433969849	0.12337413863918702	-0.16719034552238415	0.1305219287660665	-0.18678013058028245
0.03532439156401232	-0.04262868239927853	0.043950924494201245	-0.03474751135869778	0.03380910185500098	-0.034441670437727716	0.06052022256414509	-0.05989130775143702	0.06524536965713616	-0.08406217376329235	0.08273154959243666	-0.08240754642997115	0.11678477804038488	-0.09662218415767011	0.10496154399350784	-0.10934182999339531	0.11951720302790154	-0.12454281820715647	0.11273019917634247	-0.12910409083093072	0.2718275302870272	-0.1544321556343124	0.14522682303529733	-0.12359481982987898	0.11991095039196593	-0.45318213799453977	0.24097762655149624	-0.20523885190719554	0.1423633588648887	-0.12577378335033285	0.999999999999993	-0.5023010007631497	0.223928806544687	-0.1866990147090999	0.1299702385153608	-0.4925637656814942	0.28295378937856147	-0.2753264781008139	0.1224014871680644	-0.10947049088159475	0.2718450866824149	-0.2771530781474901	0.16502638520050777	-0.10698805478988618	0.14276041169520498
-0.036812937762877466	0.04401667532108599	-0.04557216823255364	0.03571183600193739	-0.034846169225086224	0.03570911699625042	-0.06290750508337226	0.06182804200730679	-0.06772727231013854	0.08576032286080858	-0.0866046580554765	0.08546572565005178	-0.12427407553194855	0.1014189744089134	-0.11213368200676006	0.11144949628831574	-0.12887517456617595	0.13097072543974658	-0.12213003946970696	0.13528698583166457	-0.24715270720536792	0.1677198146871609	-0.1670008526393933	0.136108644328509	-0.13336803510260128	0.22964819524196053	-0.4035238672704684	0.2511189323703625	-0.16749366391193715	0.1390578019633221	-0.5023010007631497	0.9999999999999977	-0.42959274835632977	0.20528069394047357	-0.1481095351108215	0.2624594853575753	-0.4566359121133742	0.2958828761450097	-0.13746030418847754	0.11948424380343999	-0.26239088193192683	0.2573391476053002	-0.18041797281250968	0.1149333523331951	-0.15653453591947836
0.037495318664305125	-0.0451502105093386	0.046803618387332276	-0.036818975743762035	0.035929227376220306	-0.036348975130865886	0.06457500508863415	-0.0636069764749121	0.07023480867474721	-0.08853661151380654	0.08763468295148533	-0.0871508241027437	0.12879234701078227	-0.10706444589602056	0.1189871681025431	-0.11111668390132057	0.12858830650964997	-0.1377804156343427	0.13132541707902734	-0.14614550955635416	0.18731389979007032	-0.16545568880747566	0.17769352630910937	-0.1544917431705403	0.149893033945754	-0.16853365212042698	0.28060210808885405	-0.4116481933114636	0.20426813781421932	-0.16625086793735394	0.223928806544687	-0.42959274835632977	0.9999999999999987	-0.33673717019589927	0.18205285795157353	-0.1712045786518385	0.22950548680902594	-0.6465133470040543	0.16812644838159568	-0.14301583077822422	0.18188140479670728	-0.19901142546793857	0.18172290777275313	-0.1258334711193719	0.1688418174902734
-0.04846367641100226	0.05847865103207893	-0.06110202966570763	0.04795985880350357	-0.04697739082773087	0.04665755875499132	-0.08399959834729882	0.08236772292524457	-0.09271860107807356	0.1146996605510916	-0.11192045037863124	0.11068389934855866	-0.17209023770734855	0.1437693476484312	-0.1674014437917709	0.13408053059084205	-0.15814685628867486	0.17514496510282748	-0.18270230357218764	0.20077268217948127	-0.19438689492641315	0.17794424595856115	-0.20306459724364678	0.21348067391441805	-0.237511250860023	0.15375426493869135	-0.25780515549116245	0.24926387201134767	-0.3578676495605047	0.27283495663135426	-0.1866990147090999	0.20528069394047357	-0.33673717019589927	0.9999999999999933	-0.49377582883612753	0.14176824447901468	-0.1793363529687949	0.26624356610148325	-0.4249119552695246	0.28892679227017554	-0.17643513978900086	0.18226446328264462	-0.2809673824725734	0.22184155517219423	-0.3032191471599453
0.039513458822357524	-0.04886757243966978	0.050701295535915944	-0.040728207042654396	0.03964262237039409	-0.03834429248590849	0.06963178696259979	-0.0693984801189744	0.07830083454146056	-0.09912800119793751	0.09064075375498724	-0.09175975158392882	0.13899415910014767	-0.12483172824225926	0.13980457229445484	-0.11130695056998362	0.1263568293362682	-0.1518443398692383	0.15387778065744612	-0.1963073616117826	0.13955255292576543	-0.14558231672647473	0.1595461745397155	-0.19725955170855625	0.2232887827240074	-0.11469543481404491	0.18220971080529078	-0.20048282805620968	0.25924359464138114	-0.48832021384011215	0.1299702385153608	-0.1481095351108215	0.18205285795157353	-0.49377582883612753	0.9999999999999946	-0.10325177772030483	0.12717242743283466	-0.21088134516220766	0.28089486793802443	-0.5214330787104925	0.1251007131303627	-0.13920710162162853	0.19827226829583888	-0.18275412898621407	0.23537603610251073
-0.027126540198070766	0.032643670491624914	-0.033792647956700055	0.02661530678708019	-0.02595335394393874	0.02634325218349105	-0.04643700350100055	0.04576375573858968	-0.05012025834735761	0.06413987369787148	-0.06327804937221507	0.06260916136753936	-0.09052966734015151	0.07407727875542444	-0.08155972254854811	0.0813644945446789	-0.09101931295222115	0.09428086885925517	-0.08675036254741073	0.09847486650816244	-0.19904331249928603	0.11228635245550454	-0.11051446328043513	0.09379894750582543	-0.09287269060920234	0.19732500724781663	-0.18173489025777026	0.14763130147130366	-0.10962336007881279	0.09638214177882294	-0.4925637656814942	0.2624594853575753	-0.1712045786518385	0.14176824447901468	-0.10325177772030483	0.9999999999999916	-0.469301099886067	0.20635103249965497	-0.10037386667673091	0.08830984346275648	-0.6239198890437011	0.30101038979019623	-0.15017951630539308	0.09218050238506031	-0.1208970729759157
0.03172404116463678	-0.03835968794522702	0.03971853804779089	-0.03136635736225163	0.030580386543356427	-0.03081534753688621	0.05454910754492076	-0.053844479974296394	0.05913776057069906	-0.07568965078685085	0.07368257630379862	-0.0733272437695523	0.1065137622166191	-0.08785026347546963	0.09680592627181712	-0.09423077221697482	0.1057415042029815	-0.1116446994274269	0.10321107779410932	-0.11772871371625004	0.18730472532965714	-0.13159428030567327	0.13051831534703037	-0.11305031593646125	0.111775725639141	-0.18441400224420731	0.21661409298503492	-0.18747612350327167	0.13401291720563152	-0.11799222648388877	0.28295378937856147	-0.4566359121133742	0.22950548680902594	-0.1793363529687949	0.12717242743283466	-0.469301099886067	0.9999999999999928	-0.3300680066131028	0.12562321056620168	-0.11003378266649824	0.31292274066212067	-0.5743807801184362	0.19005925369930554	-0.1175625183790085	0.14785909101934014
-0.04558593558486382	0.05424803666068001	-0.05660565195111678	0.04400231685327743	-0.04313024209004695	0.043899402501687355	-0.07787103163022252	0.07595095046412746	-0.0841658655950985	0.10474662757378514	-0.1062202398825172	0.10390373367186005	-0.15762650270554937	0.12622464620333598	-0.14422237049110506	0.13014085124451563	-0.15376473754714962	0.15834164411514548	-0.1539306433871695	0.1670000309134261	-0.2475993497473727	0.18131125548723423	-0.2006532209927716	0.16771551760194103	-0.17305732663482798	0.19472505314591743	-0.3159109093732714	0.2742361875551078	-0.2162300140985619	0.1770942939668038	-0.2753264781008139	0.2958828761450097	-0.6465133470040543	0.26624356610148325	-0.21088134516220766	0.20635103249965497	-0.3300680066131028	0.9999999999999901	-0.21804109633953037	0.17016164302699013	-0.24782991613166	0.23734825794790948	-0.25657428547842237	0.1629724860385212	-0.2258899409235091
0.033558418812546995	-0.04140849038820922	0.04303885578353151	-0.03444936009028242	0.03358042393834242	-0.03253543919505014	0.05877281843240184	-0.05835927461934859	0.06540729017321356	-0.08365960666896581	0.07640250391272829	-0.07693782225792946	0.11573718677438921	-0.09994249566562666	0.11189346511366724	-0.09339697333651062	0.10522424966389789	-0.12147707981680643	0.1188746121265528	-0.144287865410777	0.12708234748720518	-0.11883379634583358	0.127878951748423	-0.1374783844853894	0.14729486569988767	-0.10460476397439153	0.1567567215238509	-0.16045489925568748	0.1765411438170417	-0.194805816530467	0.1224014871680644	-0.13746030418847754	0.16812644838159568	-0.4249119552695246	0.28089486793802443	-0.10037386667673091	0.12562321056620168	-0.21804109633953037	0.9999999999999907	-0.6338619478673914	0.12411478562557715	-0.14808310554291115	0.2587406004871957	-0.4398276155940259	0.3018854773310952
-0.031236038283836837	0.03834989393210747	-0.03993730160229865	0.031817371466337285	-0.0310598372369531	0.03021279424706113	-0.054654727795680084	0.05409791813998088	-0.060895730819977324	0.07694745631055144	-0.07136261880208036	0.0715477351791945	-0.10928721504878335	0.09408776185425377	-0.10747567870528818	0.08634829112855791	-0.09870589684072413	0.11365588804108143	-0.11496878058601301	0.13671533626363933	-0.11635801777552822	0.11039345994690936	-0.12173575658897055	0.13422714102816483	-0.1569621888306229	0.0940428679151531	-0.14550879366651087	0.14543094902840184	-0.18202803575925874	0.20749961004111567	-0.10947049088159475	0.11948424380343999	-0.14301583077822422	0.28892679227017554	-0.5214330787104925	0.08830984346275648	-0.11003378266649824	0.17016164302699013	-0.6338619478673914	0.9999999999999893	-0.11089354464505008	0.12654755534918374	-0.2373007279741114	0.25308593603056584	-0.3948145442239621
0.03284971848707842	-0.04008785000968291	0.041458194327876556	-0.03297895599884488	0.03210837876618799	-0.03198021081615315	0.05672927196964336	-0.056239413839455944	0.06174978785156977	-0.07999576415275235	0.0756704529334936	-0.07581704291068345	0.10917141399931615	-0.09082581970086441	0.09928975818823306	-0.09703328077626326	0.10638643221507288	-0.11439667909744579	0.10439561849471812	-0.12167013604538227	0.18575898944702599	-0.12870723059608657	0.1263772191857001	-0.11222979824958962	0.11120428179725199	-0.19752807513015008	0.1893904679366386	-0.1697014459873602	0.12899326193852562	-0.11700703433969849	0.2718450866824149	-0.26239088193192683	0.18188140479670728	-0.17643513978900086	0.1251007131303627	-0.6239198890437011	0.31292274066212067	-0.24782991613166	0.12411478562557715	-0.11089354464505008	0.9999999999999893	-0.5631955295434791	0.19374168295233496	-0.12117264942879243	0.15141571980441534
-0.03419987825935992	0.0411920865408792	-0.042814622858208355	0.03365836774179773	-0.03288855549180211	0.03309976954643213	-0.05865644077938798	0.05764164117545069	-0.06353973286515885	0.0808746471551966	-0.07913348025731869	0.07813407886643138	-0.11534812655578174	0.09374163654643147	-0.10467110979200302	0.09899397735261446	-0.11233501489458672	0.11733114061675018	-0.10971629363937116	0.12441650274378294	-0.20838739647200918	0.1325832212754755	-0.13519484544796118	0.11712378375263982	-0.1186755554806643	0.17797922442747324	-0.21338299021590992	0.1724803974038065	-0.13836322644811436	0.12337413863918702	-0.2771530781474901	0.2573391476053002	-0.19901142546793857	0.18226446328264462	-0.13920710162162853	0.30101038979019623	-0.5743807801184362	0.23734825794790948	-0.14808310554291115	0.12654755534918374	-0.5631955295434791	0.9999999999999888	-0.31947727231591344	0.1559087896885038	-0.1916560864196006
0.04217687613482237	-0.05245368966378427	0.05451040639813261	-0.04385366457929855	0.042726241154951425	-0.04096737085651989	0.07382942441380771	-0.07345875808519226	0.08182883287045561	-0.1069318042140042	0.09473898986495967	-0.0956632264067008	0.14147974139037717	-0.11992531242597698	0.13245322424803313	-0.1160166381395775	0.12743307402265752	-0.14511025056763976	0.1351462269546541	-0.16479510647524953	0.16485818356303872	-0.1410755878503844	0.1462310103382002	-0.14401984868366607	0.1485326217748701	-0.13930153823382643	0.18537852960370882	-0.18013096333967055	0.16740604045323837	-0.16719034552238415	0.16502638520050777	-0.18041797281250968	0.18172290777275313	-0.2809673824725734	0.19827226829583888	-0.15017951630539308	0.19005925369930554	-0.25657428547842237	0.2587406004871957	-0.2373007279741114	0.19374168295233496	-0.31947727231591344	0.99999999999999	-0.5884217194132337	0.3176479123572672
