0.9999999999999999	-0.35336997963565275	0.2633438914965162	-0.41450803078065995	0.06825556636245513	-0.4456253362237226	0.26585594751730235	-0.20141048842865286	0.19471987535542834	-0.07121116928963189	0.26179730449080996	-0.24216549837264958	0.23924133781139997	-0.1900198747506709	0.08663458260499148	-0.1618290053313307	0.18398681742560632	-0.24563084286530595	0.2372349266974274	-0.08903160974277428	0.13996114849567956	-0.1770713345311388	0.2319605537783353	-0.115351065847695	0.13164499605602753	-0.16926903728951248	0.1686792348869251	-0.16597312069486805	0.1303854977062042	-0.19741714107142996	0.13609712156597734	-0.134983229051742	0.1257329550184198	-0.10979704526874695	0.10675685731176005	-0.06745482755233444	0.10916424270715414	-0.11433147393745315	0.09200822421207565	-0.08754798304558889	0.07718288899362802	-0.09069878238523342	0.12617577754680692	-0.07738231491194794	0.11177098985134618
-0.35336997963565275	1.0	-0.705007673798261	0.2757152909563015	-0.04852512918148231	0.2720138632536992	-0.46318916129818505	0.1839622420488558	-0.16505194201723883	0.048659810778654555	-0.19725950495117356	0.19845688246375676	-0.20538524119947632	0.1376142882438499	-0.06156859209606248	0.10462019065316498	-0.13915389307691658	0.1574196435965801	-0.1711345308498954	0.06147227999462034	-0.09196023416572698	0.11494793530496311	-0.14746773395437704	0.0718900535324021	-0.08225740996977558	0.10143351078740578	-0.10851297779945208	0.09855475593977663	-0.07795521485996368	0.11158318022578093	-0.08362481671779425	0.08143096178622425	-0.0753393518032009	0.0644295442645248	-0.06277081512829068	0.04009696722769248	-0.06533472578163994	0.06743228270718873	-0.05431073358216745	0.05121214849845976	-0.045972213824439515	0.053788972594839356	-0.07491354205938397	0.0456339982100209	-0.06604785060560721
0.2633438914965162	-0.705007673798261	0.9999999999999998	-0.49074428284354843	0.06313700398422749	-0.28936747804549334	0.2675764066973722	-0.22362493021289698	0.18559682038570763	-0.06435967394380064	0.18587067193467433	-0.19508524055693727	0.21073732869052056	-0.15726926221799759	0.06811351307570547	-0.10591143757545797	0.13332403092673709	-0.16630128355337825	0.17939487475591917	-0.06872419325436939	0.09198540910911149	-0.11720070745636611	0.1492102797419066	-0.0745011295856588	0.08484615301569469	-0.10434298761807709	0.10929126789291804	-0.10190493084000983	0.08054452871820568	-0.11665243729017104	0.08506675266750525	-0.08346396505018955	0.07721196097295695	-0.06654571511541452	0.06454966470132636	-0.04105670583053815	0.06673905998715339	-0.0693955249323749	0.05591036905544566	-0.052773249352164694	0.046983343771752485	-0.05511188552214756	0.0765827875878988	-0.046756109016029876	0.06754556655617718
-0.41450803078065995	0.2757152909563015	-0.49074428284354843	0.9999999999999997	-0.14077001978258635	0.2672715647946367	-0.260558253253206	0.2619401511512102	-0.37538915004575757	0.12217337582617761	-0.25899711979169054	0.2105223428503209	-0.35440396272820324	0.24926726223387097	-0.12001179196214501	0.1426429479154815	-0.17303396144221603	0.22202354069804806	-0.32820478681354626	0.11502793985618627	-0.1283298184161848	0.15908994735917145	-0.22752605105758156	0.11698150257317971	-0.13532267707717463	0.14536315344314066	-0.15642708594312033	0.1483445677469166	-0.12090173107404702	0.16900878327498672	-0.12336286486703045	0.12006233681234675	-0.11427547071687146	0.09856089462669684	-0.09717059656169667	0.060840866000628734	-0.09962705348966161	0.10227624327084248	-0.08337400161957964	0.07863852460296364	-0.07036990226575673	0.08188004370727982	-0.11574793313155332	0.07036125213792721	-0.10259497929589736
0.06825556636245513	-0.04852512918148231	0.06313700398422749	-0.14077001978258635	0.9999999999999996	-0.0546537363927657	0.048409703647383256	-0.0678819023562858	0.0930793551670683	-0.9734018492426184	0.0494683487571962	-0.043051225419017236	0.07407313590492383	-0.07980059110935692	0.08614510402196286	-0.029271168560795428	0.03554994268217913	-0.049739351761622926	0.07631780713602564	-0.08738473871913464	0.025944280495270935	-0.03306333323283906	0.04579009709905967	-0.02589774621738876	0.029330522278577787	-0.030150452831224823	0.03194138898482099	-0.03143977829316929	0.025711357696653052	-0.03671378455163265	0.025045288873168717	-0.024719220002569868	0.02346429868910346	-0.020650426873879996	0.019946199537272783	-0.012341992391204964	0.0201079582945578	-0.021134325232533446	0.0172659123605555	-0.01625486231160802	0.014173885840982482	-0.01662691826541528	0.02327655691000355	-0.014227957650303949	0.020588018180681268
-0.4456253362237226	0.2720138632536992	-0.28936747804549334	0.2672715647946367	-0.0546537363927657	1.0000000000000002	-0.5901823173887613	0.21740529394664607	-0.2019127211243795	0.055283567794330225	-0.38851244670563617	0.27998413471895606	-0.28199520805919637	0.17784101828982932	-0.08192902170593853	0.16792609349042759	-0.21041403098944486	0.22761234667561067	-0.23959269405718697	0.08173343075254398	-0.14954721827465978	0.17471462353327316	-0.2298857149228075	0.1072679600688646	-0.12359448096164295	0.15711625330586393	-0.1688044575843996	0.14907781895980193	-0.11778371583599245	0.16578600191199724	-0.13146594805559345	0.1257101678622146	-0.11624552245652608	0.09795794862813409	-0.09631036120895539	0.06218505569422423	-0.10165707977925374	0.10338655967652595	-0.08309793505676989	0.0783106263178944	-0.07154431799445303	0.08327871736337938	-0.1164530712520249	0.07065295222946132	-0.102625447883099
0.26585594751730235	-0.46318916129818505	0.2675764066973722	-0.260558253253206	0.048409703647383256	-0.5901823173887613	0.9999999999999993	-0.2738113671790715	0.18320803627848065	-0.04959333261651474	0.2594424216650749	-0.42916214850109874	0.23019719123787144	-0.15840522030191964	0.06764406541263	-0.13738747066079557	0.1990452495228132	-0.2098912919546031	0.18817210975124746	-0.06849188814010113	0.117300064983378	-0.1527526390607603	0.1758193682769792	-0.08352986650448682	0.09478583541161885	-0.12566091420931694	0.1354320152183263	-0.11821376006039043	0.09184787230432581	-0.13131761748963347	0.10165645980770448	-0.09909772486610105	0.08965770479658193	-0.07602398557942383	0.07337986261962352	-0.047562437237297105	0.0773174199570595	-0.08000927932467898	0.06396064053687782	-0.060132068703620215	0.05419224955164943	-0.06364638792616256	0.08769829954449768	-0.05343959084914853	0.07694815816815337
-0.20141048842865286	0.1839622420488558	-0.22362493021289698	0.2619401511512102	-0.0678819023562858	0.21740529394664607	-0.2738113671790715	1.0000000000000002	-0.57557465441128	0.0687704072071421	-0.17105972353408458	0.16869591694638605	-0.6405023923897568	0.2746785390715811	-0.09815467895450108	0.09902988771022644	-0.12751177572995592	0.16864110345106254	-0.23475830265428094	0.09641646653751246	-0.086763080992092	0.11115369028470845	-0.14523348036845657	0.07877341504311405	-0.08837785947871467	0.0990142641770256	-0.10495679580634588	0.10020619521313424	-0.08055274409658804	0.11603245470701076	-0.08107012809188355	0.07994490297581819	-0.07461487913831288	0.06518813803055695	-0.06260874451642948	0.03925511461274913	-0.06379934862381556	0.06714143635045672	-0.05445025921755482	0.05123830935340655	-0.04486440879719374	0.05277374628032338	-0.07325687829981249	0.04481026400505693	-0.06457875384020852
0.19471987535542834	-0.16505194201723883	0.18559682038570763	-0.37538915004575757	0.0930793551670683	-0.2019127211243795	0.18320803627848065	-0.57557465441128	0.9999999999999996	-0.10250707776070701	0.1616109301700591	-0.15632642488833318	0.31548865380592556	-0.5689847771495452	0.12960602271120428	-0.09922721409961403	0.12333520424035335	-0.1795186847872167	0.2639543015117266	-0.132477808611545	0.08657994994641839	-0.11246702606034292	0.14793793601251187	-0.08504950346457762	0.09355137409968947	-0.10132611577939458	0.10610836209211574	-0.1048420995424964	0.08465359018493593	-0.12328919575582785	0.08252322255829984	-0.08202437761521045	0.07696061443983433	-0.06809523400060805	0.06492756958840927	-0.04030112700044469	0.06538661268064337	-0.06955383014182193	0.05657479140529107	-0.053249640054436234	0.04599318514355603	-0.05425512422696191	0.07521625046834926	-0.046128037778727676	0.06634093020061457
-0.07121116928963189	0.048659810778654555	-0.06435967394380064	0.12217337582617761	-0.9734018492426184	0.055283567794330225	-0.04959333261651474	0.0687704072071421	-0.10250707776070701	0.9999999999999983	-0.05103528253076737	0.04385866706874413	-0.0778907243554859	0.08029523692419989	-0.09623874012521676	0.02995676975825982	-0.03642399219994608	0.050596052129659036	-0.08004288706930228	0.08464657715944955	-0.026626410479936285	0.033839848488194324	-0.04724432717837763	0.026642974401728185	-0.03027411916938448	0.030842032527434195	-0.03279869502693894	0.03219048895087344	-0.026394458761893537	0.03747159837167564	-0.025715874215671786	0.025342265415982425	-0.024094684708559112	0.02117327249552732	-0.020495212226907502	0.012679442055463406	-0.02067545611442436	0.021679978927318492	-0.01772492109382903	0.016682145927055508	-0.014576665549376757	0.017082287633773625	-0.02395199669784835	0.014630284693930854	-0.02119209760757674
0.26179730449080996	-0.19725950495117356	0.18587067193467433	-0.25899711979169054	0.0494683487571962	-0.38851244670563617	0.2594424216650749	-0.17105972353408458	0.1616109301700591	-0.05103528253076737	0.999999999999998	-0.5121783564438643	0.21019704915361773	-0.16503999882859613	0.07639405092707904	-0.3870114449322409	0.28330288745868193	-0.3404924263663571	0.22710788460800707	-0.0788353335439431	0.24123103465192053	-0.26015132773405336	0.26338186811505815	-0.12515467690335183	0.14031759438012403	-0.26002662193520515	0.22069225964194067	-0.19653965255134875	0.14668607078434862	-0.21846705485303794	0.18059951630065255	-0.1756281686083263	0.14826201205590897	-0.12482611344396251	0.11727917186337969	-0.07968272391860802	0.12710997993023143	-0.13356341608754788	0.1040434367545831	-0.09785235512089441	0.08868091493767859	-0.10575235650341028	0.14024141375400023	-0.08610396461408816	0.12168421319497216
-0.24216549837264958	0.19845688246375676	-0.19508524055693727	0.2105223428503209	-0.043051225419017236	0.27998413471895606	-0.42916214850109874	0.16869591694638605	-0.15632642488833318	0.04385866706874413	-0.5121783564438643	1.0000000000000007	-0.21546050472695605	0.14918617196368764	-0.06942448852213341	0.21072184422773213	-0.5303039653118781	0.2865318273763254	-0.21773663583454442	0.07027471372061168	-0.18390977371514677	0.2346546531675496	-0.24791231410014625	0.10680154258299192	-0.12115511418297162	0.17430713234944417	-0.20916186818190452	0.15757139222821856	-0.1202445326043928	0.1664716158551759	-0.14291006629160646	0.13681311399044915	-0.12059080800858943	0.09917954820834585	-0.09530720989741018	0.0634889740403373	-0.10364230630757064	0.10585664483853699	-0.0838431934488084	0.07819072290657195	-0.07205711721295777	0.08456063756527067	-0.11543438261602874	0.06997677499079057	-0.1004342805052296
0.23924133781139997	-0.20538524119947632	0.21073732869052056	-0.35440396272820324	0.07407313590492383	-0.28199520805919637	0.23019719123787144	-0.6405023923897568	0.31548865380592556	-0.0778907243554859	0.21019704915361773	-0.21546050472695605	0.9999999999999964	-0.38842372703386585	0.12069075481447528	-0.13297826132866272	0.16333895659125333	-0.2415998237142931	0.2645938048745934	-0.12823273183716155	0.11460465733145045	-0.14972688257375744	0.19022066523431075	-0.10295136206912606	0.11416260911740352	-0.13588241368755977	0.13927135308163108	-0.13720089696104024	0.10857233254126498	-0.16251260767337503	0.1088537133163665	-0.10858757301012735	0.10076119959754312	-0.08891369980495518	0.0846649592515002	-0.05303765851399936	0.08574370119455418	-0.09139753037925964	0.07382653603409592	-0.06972279771137067	0.06031790881673103	-0.07132810394675926	0.09831110103616722	-0.06041067127539069	0.0866398209715588
-0.1900198747506709	0.1376142882438499	-0.15726926221799759	0.24926726223387097	-0.07980059110935692	0.17784101828982932	-0.15840522030191964	0.2746785390715811	-0.5689847771495452	0.08029523692419989	-0.16503999882859613	0.14918617196368764	-0.38842372703386585	1.0	-0.24764901966432507	0.10262356456457497	-0.1308224783648191	0.1970326440615539	-0.5485069774824404	0.1960056580125979	-0.09077498812334166	0.11873381795672384	-0.16430701834868172	0.10831303473348897	-0.11838982522524537	0.10592667721863398	-0.11391115677123105	0.1147611630915273	-0.09690502013907425	0.13448535483599033	-0.08758152276048481	0.08719961007657095	-0.08316506743268315	0.07454700860501985	-0.07061686244738985	0.04294099902440711	-0.06987408805166449	0.0749035569971978	-0.06173446264853335	0.05768104945404733	-0.04909150995545767	0.05792589888265927	-0.08064206129167152	0.0494366773980999	-0.07114180695594065
0.08663458260499148	-0.06156859209606248	0.06811351307570547	-0.12001179196214501	0.08614510402196286	-0.08192902170593853	0.06764406541263	-0.09815467895450108	0.12960602271120428	-0.09623874012521676	0.07639405092707904	-0.06942448852213341	0.12069075481447528	-0.24764901966432507	0.9999999999999979	-0.049579046124388286	0.06131199832505509	-0.09693062813763174	0.19491682939808075	-0.9257509154997839	0.043573624497890914	-0.05772221927994548	0.07913598208928001	-0.0570006981623586	0.06322804247841506	-0.05205010494781915	0.05523261920321447	-0.05812269205861714	0.04909333066762966	-0.0700301732245416	0.04269375927340395	-0.042911896503982375	0.04116224624643631	-0.0376064613650578	0.03514882203970797	-0.02107101440915053	0.03420017582649653	-0.037286908842798554	0.030850139037943574	-0.028827764662527226	0.02401953408740693	-0.02847401783540044	0.03951102451648654	-0.024317641713367515	0.034856227672920466
-0.1618290053313307	0.10462019065316498	-0.10591143757545797	0.1426429479154815	-0.029271168560795428	0.16792609349042759	-0.13738747066079557	0.09902988771022644	-0.09922721409961403	0.02995676975825982	-0.3870114449322409	0.21072184422773213	-0.13297826132866272	0.10262356456457497	-0.049579046124388286	0.9999999999999972	-0.270249272695677	0.21518942262601015	-0.15752791219768986	0.05063081990673395	-0.751174287127777	0.22853414057471672	-0.2281827403861992	0.09697242470435027	-0.1103780324283597	0.2648455753302007	-0.21515423892608074	0.1555061823443759	-0.11632559812077725	0.15777270165043134	-0.20839622493516707	0.15994514546238298	-0.13264554656172758	0.1009266691862565	-0.09774751875761338	0.07238155331879478	-0.11793916676440613	0.11317866098821054	-0.08678434825902567	0.08054886180749327	-0.08188117215818044	0.09402883541662346	-0.12645310557837774	0.07546960575931391	-0.10822340757367659
0.18398681742560632	-0.13915389307691658	0.13332403092673709	-0.17303396144221603	0.03554994268217913	-0.21041403098944486	0.1990452495228132	-0.12751177572995592	0.12333520424035335	-0.03642399219994608	0.28330288745868193	-0.5303039653118781	0.16333895659125333	-0.1308224783648191	0.06131199832505509	-0.270249272695677	0.9999999999999953	-0.5511597685123056	0.20270282449227134	-0.06333957639897649	0.20128196839651408	-0.4370728755277945	0.25696919359959564	-0.10679442718810815	0.11820135258734886	-0.1862828915831019	0.23731457880267345	-0.1676550985600885	0.12170935225653355	-0.16767089814338998	0.146449551535124	-0.14652960072453866	0.12225987273289769	-0.09965671036159438	0.09345848506007115	-0.06342072123575553	0.10311012322728663	-0.10699827437812195	0.08358336615479234	-0.07737895769763191	0.0709544064370795	-0.08434441078307761	0.11253949263652581	-0.06839286413040506	0.09703763018115279
-0.24563084286530595	0.1574196435965801	-0.16630128355337825	0.22202354069804806	-0.049739351761622926	0.22761234667561067	-0.2098912919546031	0.16864110345106254	-0.1795186847872167	0.050596052129659036	-0.3404924263663571	0.2865318273763254	-0.2415998237142931	0.1970326440615539	-0.09693062813763174	0.21518942262601015	-0.5511597685123056	0.9999999999999978	-0.397968167399212	0.09874110910526328	-0.20297278186242715	0.27481618559902976	-0.4098822337668297	0.15360378628803603	-0.1720191998510012	0.20085266621375647	-0.2601968331509639	0.20564990224872515	-0.16067988831458538	0.2152212490193582	-0.1734576232453642	0.16782605773828685	-0.1539101181390724	0.12801808949288274	-0.12308948608470602	0.07955695423850144	-0.13090594705218422	0.13444320630233839	-0.108137470403966	0.10034842900474646	-0.09100064112706503	0.10650309113877769	-0.14737619017077286	0.08915508679652498	-0.12855513644950456
0.2372349266974274	-0.1711345308498954	0.17939487475591917	-0.32820478681354626	0.07631780713602564	-0.23959269405718697	0.18817210975124746	-0.23475830265428094	0.2639543015117266	-0.08004288706930228	0.22710788460800707	-0.21773663583454442	0.2645938048745934	-0.5485069774824404	0.19491682939808075	-0.15752791219768986	0.20270282449227134	-0.397968167399212	1.0000000000000013	-0.24720888863342627	0.13650178492314205	-0.1867263656375655	0.2429940746078664	-0.20197773478819275	0.18111239935586693	-0.16455029806601415	0.17350493932354463	-0.18588447702155808	0.1552968755935607	-0.2236504688991997	0.13266174322324797	-0.13469549785416415	0.1281053637866053	-0.11847036260135897	0.10861483361862714	-0.065119711396551	0.10528604854168876	-0.11658949801273563	0.09613080009885693	-0.08975829019323314	0.07378730079069205	-0.08799246915513552	0.12099312521010941	-0.07473800594817659	0.10644797111350068
-0.08903160974277428	0.06147227999462034	-0.06872419325436939	0.11502793985618627	-0.08738473871913464	0.08173343075254398	-0.06849188814010113	0.09641646653751246	-0.132477808611545	0.08464657715944955	-0.0788353335439431	0.07027471372061168	-0.12823273183716155	0.1960056580125979	-0.9257509154997839	0.05063081990673395	-0.06333957639897649	0.09874110910526328	-0.24720888863342627	0.9999999999999977	-0.04479118747201083	0.059242870501649274	-0.08311683592924196	0.06156621511507455	-0.07040276852926762	0.05314080976505205	-0.057116093207584685	0.05998934790329752	-0.05161577819109159	0.07176583311479755	-0.04395977105266154	0.0440942059146689	-0.04254291442409819	0.038885970041561885	-0.036396479591775825	0.02170556679263491	-0.03529911751629184	0.03842341744903164	-0.031943005829807004	0.029758003081108996	-0.024785919084981997	0.029343674771151525	-0.04084316504969621	0.025105135458649033	-0.03604225908218525
0.13996114849567956	-0.09196023416572698	0.09198540910911149	-0.1283298184161848	0.025944280495270935	-0.14954721827465978	0.117300064983378	-0.086763080992092	0.08657994994641839	-0.026626410479936285	0.24123103465192053	-0.18390977371514677	0.11460465733145045	-0.09077498812334166	0.043573624497890914	-0.751174287127777	0.20128196839651408	-0.20297278186242715	0.13650178492314205	-0.04479118747201083	0.9999999999999997	-0.27524492807327433	0.19983461202968564	-0.08877080281453438	0.09953566952140958	-0.4418367045657483	0.20806584060645314	-0.15097407403543242	0.10887600093626523	-0.15079753536976295	0.2073646817067544	-0.16789253608557994	0.12513254050661024	-0.09549166259499865	0.089510719835753	-0.0690051158614671	0.10982281345284292	-0.10834693461032305	0.08103829287602925	-0.07495086740058556	0.07560940340468528	-0.08892641379003469	0.11428609117628771	-0.0689388946504248	0.0968254829093522
-0.1770713345311388	0.11494793530496311	-0.11720070745636611	0.15908994735917145	-0.03306333323283906	0.17471462353327316	-0.1527526390607603	0.11115369028470845	-0.11246702606034292	0.033839848488194324	-0.26015132773405336	0.2346546531675496	-0.14972688257375744	0.11873381795672384	-0.05772221927994548	0.22853414057471672	-0.4370728755277945	0.27481618559902976	-0.1867263656375655	0.059242870501649274	-0.27524492807327433	0.9999999999999991	-0.40877230408993576	0.1343839927234956	-0.14820046122132746	0.23361802817003666	-0.6138102798113714	0.233559646285006	-0.1633908919935299	0.20737851511384178	-0.2043349338821227	0.2119055949534348	-0.16866900323142164	0.12900751049009565	-0.11935986697276098	0.08340900711667565	-0.13878091651096036	0.14112177041514148	-0.1090567767902903	0.09885170039330302	-0.09260931956724291	0.11066127444513621	-0.14532577081649195	0.08745428712482822	-0.12321266953471346
0.2319605537783353	-0.14746773395437704	0.1492102797419066	-0.22752605105758156	0.04579009709905967	-0.2298857149228075	0.1758193682769792	-0.14523348036845657	0.14793793601251187	-0.04724432717837763	0.26338186811505815	-0.24791231410014625	0.19022066523431075	-0.16430701834868172	0.07913598208928001	-0.2281827403861992	0.25696919359959564	-0.4098822337668297	0.2429940746078664	-0.08311683592924196	0.19983461202968564	-0.40877230408993576	0.9999999999999986	-0.27358719184559044	0.23487758909878517	-0.25939984424479473	0.28863980370878967	-0.3884711190266807	0.25153029360963014	-0.38130990045321594	0.20180805126566684	-0.22000081891424816	0.20696392395333515	-0.19107298210103146	0.16516013186770892	-0.09835657508183439	0.15720682918614318	-0.18879254809015547	0.1513741897146558	-0.13997990132843696	0.10871709325305673	-0.13366240381014635	0.17730561110793447	-0.11077469952985895	0.1536429579801622
-0.115351065847695	0.0718900535324021	-0.0745011295856588	0.11698150257317971	-0.02589774621738876	0.1072679600688646	-0.08352986650448682	0.07877341504311405	-0.08504950346457762	0.026642974401728185	-0.12515467690335183	0.10680154258299192	-0.10295136206912606	0.10831303473348897	-0.0570006981623586	0.09697242470435027	-0.10679442718810815	0.15360378628803603	-0.20197773478819275	0.06156621511507455	-0.08877080281453438	0.1343839927234956	-0.27358719184559044	0.999999999999999	-0.8044302742098577	0.11785493760124843	-0.14348325891396255	0.22796202512607006	-0.3967878938950012	0.269436524186605	-0.1038922124293241	0.11182647991753174	-0.12980158812701137	0.14718743850153818	-0.11832587835241296	0.054276134624041135	-0.08923903048159562	0.11483658404678254	-0.11299895507696801	0.09434968887559564	-0.06169830255337187	0.07534162797919852	-0.10686308175799164	0.06668348717300188	-0.09416609905267201
0.13164499605602753	-0.08225740996977558	0.08484615301569469	-0.13532267707717463	0.029330522278577787	-0.12359448096164295	0.09478583541161885	-0.08837785947871467	0.09355137409968947	-0.03027411916938448	0.14031759438012403	-0.12115511418297162	0.11416260911740352	-0.11838982522524537	0.06322804247841506	-0.1103780324283597	0.11820135258734886	-0.1720191998510012	0.18111239935586693	-0.07040276852926762	0.09953566952140958	-0.14820046122132746	0.23487758909878517	-0.8044302742098577	0.999999999999999	-0.1350266651130238	0.15421333036020884	-0.26133475964741715	0.2757759211733436	-0.37322727779773046	0.1155419832267693	-0.12579487799329672	0.14064078719638726	-0.16196848270697364	0.12792488920327294	-0.060658832732972526	0.09865471745109142	-0.12948942186133203	0.11907134989173702	-0.10585042012777338	0.0684032619057292	-0.08415584538822632	0.11739109745249063	-0.07412424818591312	0.10349268535869159
-0.16926903728951248	0.10143351078740578	-0.10434298761807709	0.14536315344314066	-0.030150452831224823	0.15711625330586393	-0.12566091420931694	0.0990142641770256	-0.10132611577939458	0.030842032527434195	-0.26002662193520515	0.17430713234944417	-0.13588241368755977	0.10592667721863398	-0.05205010494781915	0.2648455753302007	-0.1862828915831019	0.20085266621375647	-0.16455029806601415	0.05314080976505205	-0.4418367045657483	0.23361802817003666	-0.25939984424479473	0.11785493760124843	-0.1350266651130238	0.9999999999999982	-0.31870001810487014	0.2050485155963596	-0.15147101661690074	0.19795575446058103	-0.5991267708234986	0.2836306625345935	-0.20868040825546375	0.14021887948874787	-0.13587985661598773	0.11858234750926218	-0.19181336870533033	0.16856004418415638	-0.12328436385232867	0.11286615912500333	-0.1319006215644365	0.14662441867540119	-0.19033908018945972	0.11122680459866738	-0.15829836905738343
0.1686792348869251	-0.10851297779945208	0.10929126789291804	-0.15642708594312033	0.03194138898482099	-0.1688044575843996	0.1354320152183263	-0.10495679580634588	0.10610836209211574	-0.03279869502693894	0.22069225964194067	-0.20916186818190452	0.13927135308163108	-0.11391115677123105	0.05523261920321447	-0.21515423892608074	0.23731457880267345	-0.2601968331509639	0.17350493932354463	-0.057116093207584685	0.20806584060645314	-0.6138102798113714	0.28863980370878967	-0.14348325891396255	0.15421333036020884	-0.31870001810487014	0.9999999999999978	-0.3780341418733055	0.1979634332092564	-0.2531129436494993	0.24612389620923597	-0.3762373100251334	0.21267886822126747	-0.15878099989387728	0.13718570251365758	-0.10282662171601611	0.16734183537393107	-0.18026649116555277	0.1307474565739011	-0.1170466319019057	0.10829789002070732	-0.13693691637726066	0.16541845247574588	-0.1009629612485586	0.13722737694423998
-0.16597312069486805	0.09855475593977663	-0.10190493084000983	0.1483445677469166	-0.03143977829316929	0.14907781895980193	-0.11821376006039043	0.10020619521313424	-0.1048420995424964	0.03219048895087344	-0.19653965255134875	0.15757139222821856	-0.13720089696104024	0.1147611630915273	-0.05812269205861714	0.1555061823443759	-0.1676550985600885	0.20564990224872515	-0.18588447702155808	0.05998934790329752	-0.15097407403543242	0.233559646285006	-0.3884711190266807	0.22796202512607006	-0.26133475964741715	0.2050485155963596	-0.3780341418733055	0.9999999999999954	-0.5533483275258115	0.313947750070641	-0.2030638460031478	0.22518716004605338	-0.3558299952281545	0.23067047325269566	-0.1999947879949498	0.10183771007629615	-0.17270016616092826	0.22859802420277506	-0.1981978948749092	0.1579899838410144	-0.1163723445083172	0.142011307125729	-0.20572140591448831	0.12306197266783582	-0.17463175414011928
0.1303854977062042	-0.07795521485996368	0.08054452871820568	-0.12090173107404702	0.025711357696653052	-0.11778371583599245	0.09184787230432581	-0.08055274409658804	0.08465359018493593	-0.026394458761893537	0.14668607078434862	-0.1202445326043928	0.10857233254126498	-0.09690502013907425	0.04909333066762966	-0.11632559812077725	0.12170935225653355	-0.16067988831458538	0.1552968755935607	-0.05161577819109159	0.10887600093626523	-0.1633908919935299	0.25153029360963014	-0.3967878938950012	0.2757759211733436	-0.15147101661690074	0.1979634332092564	-0.5533483275258115	0.9999999999999982	-0.5398528894430715	0.14002321396884795	-0.1577652698168884	0.20600596114859906	-0.3292210668480584	0.18657448426013482	-0.07506941445776787	0.12433810132610414	-0.18321648698307477	0.1930850312595322	-0.15186989714162508	0.08514269419813081	-0.10595903610312643	0.151954543826667	-0.09576717054062164	0.13350285602511655
-0.19741714107142996	0.11158318022578093	-0.11665243729017104	0.16900878327498672	-0.03671378455163265	0.16578600191199724	-0.13131761748963347	0.11603245470701076	-0.12328919575582785	0.03747159837167564	-0.21846705485303794	0.1664716158551759	-0.16251260767337503	0.13448535483599033	-0.0700301732245416	0.15777270165043134	-0.16767089814338998	0.2152212490193582	-0.2236504688991997	0.07176583311479755	-0.15079753536976295	0.20737851511384178	-0.38130990045321594	0.269436524186605	-0.37322727779773046	0.19795575446058103	-0.2531129436494993	0.313947750070641	-0.5398528894430715	0.9999999999999942	-0.19288138504511912	0.19842006674598167	-0.23894289661684037	0.2414096123853841	-0.2696380377654527	0.10773424187912704	-0.18219097947948296	0.20590240165241674	-0.21139041089393934	0.1870044854820226	-0.12753372641508032	0.1500187044518062	-0.22718782751022637	0.13894352372654106	-0.20603857733085285
0.13609712156597734	-0.08362481671779425	0.08506675266750525	-0.12336286486703045	0.025045288873168717	-0.13146594805559345	0.10165645980770448	-0.08107012809188355	0.08252322255829984	-0.025715874215671786	0.18059951630065255	-0.14291006629160646	0.1088537133163665	-0.08758152276048481	0.04269375927340395	-0.20839622493516707	0.146449551535124	-0.1734576232453642	0.13266174322324797	-0.04395977105266154	0.2073646817067544	-0.2043349338821227	0.20180805126566684	-0.1038922124293241	0.1155419832267693	-0.5991267708234986	0.24612389620923597	-0.2030638460031478	0.14002321396884795	-0.19288138504511912	0.999999999999997	-0.6027975481562605	0.21637818015612534	-0.14221381002177963	0.12235802145820501	-0.14467625520824717	0.19935998326446885	-0.18830254787479128	0.1200410712376006	-0.10817290256095546	0.13299191214290462	-0.16201632417817363	0.1681418997445979	-0.10244258945894275	0.13320034550921972
-0.134983229051742	0.08143096178622425	-0.08346396505018955	0.12006233681234675	-0.024719220002569868	0.1257101678622146	-0.09909772486610105	0.07994490297581819	-0.08202437761521045	0.025342265415982425	-0.1756281686083263	0.13681311399044915	-0.10858757301012735	0.08719961007657095	-0.042911896503982375	0.15994514546238298	-0.14652960072453866	0.16782605773828685	-0.13469549785416415	0.0440942059146689	-0.16789253608557994	0.2119055949534348	-0.22000081891424816	0.11182647991753174	-0.12579487799329672	0.2836306625345935	-0.3762373100251334	0.22518716004605338	-0.1577652698168884	0.19842006674598167	-0.6027975481562605	0.9999999999999968	-0.38903673987057324	0.16316268087457642	-0.14322296944051932	0.15439852310844004	-0.33440672163835977	0.23046872579082872	-0.14572708462989245	0.12457502418317501	-0.1579090653101054	0.19914459251871824	-0.21842401210188153	0.12363400289325138	-0.16452175503055236
0.1257329550184198	-0.0753393518032009	0.07721196097295695	-0.11427547071687146	0.02346429868910346	-0.11624552245652608	0.08965770479658193	-0.07461487913831288	0.07696061443983433	-0.024094684708559112	0.14826201205590897	-0.12059080800858943	0.10076119959754312	-0.08316506743268315	0.04116224624643631	-0.13264554656172758	0.12225987273289769	-0.1539101181390724	0.1281053637866053	-0.04254291442409819	0.12513254050661024	-0.16866900323142164	0.20696392395333515	-0.12980158812701137	0.14064078719638726	-0.20868040825546375	0.21267886822126747	-0.3558299952281545	0.20600596114859906	-0.23894289661684037	0.21637818015612534	-0.38903673987057324	0.999999999999997	-0.299522745308432	0.188025471484213	-0.11444014431099774	0.18980933951189677	-0.6597846937676745	0.24051927468465967	-0.18176071428817786	0.11998202903208646	-0.172400019481309	0.22891882735339836	-0.13855020661061834	0.16782344311719444
-0.10979704526874695	0.0644295442645248	-0.06654571511541452	0.09856089462669684	-0.020650426873879996	0.09795794862813409	-0.07602398557942383	0.06518813803055695	-0.06809523400060805	0.02117327249552732	-0.12482611344396251	0.09917954820834585	-0.08891369980495518	0.07454700860501985	-0.0376064613650578	0.1009266691862565	-0.09965671036159438	0.12801808949288274	-0.11847036260135897	0.038885970041561885	-0.09549166259499865	0.12900751049009565	-0.19107298210103146	0.14718743850153818	-0.16196848270697364	0.14021887948874787	-0.15878099989387728	0.23067047325269566	-0.3292210668480584	0.2414096123853841	-0.14221381002177963	0.16316268087457642	-0.299522745308432	0.9999999999999963	-0.4183699485709493	0.08318102522213248	-0.14100138418911382	0.2635697282748077	-0.6688064244552808	0.28813173197231323	-0.09488008322975362	0.12314430604560739	-0.19009907571228227	0.12410626986651878	-0.1728656216723013
0.10675685731176005	-0.06277081512829068	0.06454966470132636	-0.09717059656169667	0.019946199537272783	-0.09631036120895539	0.07337986261962352	-0.06260874451642948	0.06492756958840927	-0.020495212226907502	0.11727917186337969	-0.09530720989741018	0.0846649592515002	-0.07061686244738985	0.03514882203970797	-0.09774751875761338	0.09345848506007115	-0.12308948608470602	0.10861483361862714	-0.036396479591775825	0.089510719835753	-0.11935986697276098	0.16516013186770892	-0.11832587835241296	0.12792488920327294	-0.13587985661598773	0.13718570251365758	-0.1999947879949498	0.18657448426013482	-0.2696380377654527	0.12235802145820501	-0.14322296944051932	0.188025471484213	-0.4183699485709493	0.9999999999999939	-0.07623283210403087	0.12167224814047949	-0.21738709099777245	0.2972647221352279	-0.75367527769354	0.08418669495492757	-0.11627796277635652	0.16499414239827015	-0.14561045779168671	0.1849187225978324
-0.06745482755233444	0.04009696722769248	-0.04105670583053815	0.060840866000628734	-0.012341992391204964	0.06218505569422423	-0.047562437237297105	0.03925511461274913	-0.04030112700044469	0.012679442055463406	-0.07968272391860802	0.0634889740403373	-0.05303765851399936	0.04294099902440711	-0.02107101440915053	0.07238155331879478	-0.06342072123575553	0.07955695423850144	-0.065119711396551	0.02170556679263491	-0.0690051158614671	0.08340900711667565	-0.09835657508183439	0.054276134624041135	-0.060658832732972526	0.11858234750926218	-0.10282662171601611	0.10183771007629615	-0.07506941445776787	0.10773424187912704	-0.14467625520824717	0.15439852310844004	-0.11444014431099774	0.08318102522213248	-0.07623283210403087	0.9999999999999939	-0.4459729259790437	0.11759905535385644	-0.0741348605454208	0.07033099097241942	-0.8212962383665647	0.2707007128534591	-0.17003058501489654	0.09387240967973187	-0.10895797214606534
0.10916424270715414	-0.06533472578163994	0.06673905998715339	-0.09962705348966161	0.0201079582945578	-0.10165707977925374	0.0773174199570595	-0.06379934862381556	0.06538661268064337	-0.02067545611442436	0.12710997993023143	-0.10364230630757064	0.08574370119455418	-0.06987408805166449	0.03420017582649653	-0.11793916676440613	0.10311012322728663	-0.13090594705218422	0.10528604854168876	-0.03529911751629184	0.10982281345284292	-0.13878091651096036	0.15720682918614318	-0.08923903048159562	0.09865471745109142	-0.19181336870533033	0.16734183537393107	-0.17270016616092826	0.12433810132610414	-0.18219097947948296	0.19935998326446885	-0.33440672163835977	0.18980933951189677	-0.14100138418911382	0.12167224814047949	-0.4459729259790437	0.9999999999999932	-0.2152194886604898	0.12312935104646028	-0.11642728782182185	0.29311512307687726	-0.6370299699954308	0.2574221930156966	-0.15491174905945687	0.1617360636560835
-0.11433147393745315	0.06743228270718873	-0.0693955249323749	0.10227624327084248	-0.021134325232533446	0.10338655967652595	-0.08000927932467898	0.06714143635045672	-0.06955383014182193	0.021679978927318492	-0.13356341608754788	0.10585664483853699	-0.09139753037925964	0.0749035569971978	-0.037286908842798554	0.11317866098821054	-0.10699827437812195	0.13444320630233839	-0.11658949801273563	0.03842341744903164	-0.10834693461032305	0.14112177041514148	-0.18879254809015547	0.11483658404678254	-0.12948942186133203	0.16856004418415638	-0.18026649116555277	0.22859802420277506	-0.18321648698307477	0.20590240165241674	-0.18830254787479128	0.23046872579082872	-0.6597846937676745	0.2635697282748077	-0.21738709099777245	0.11759905535385644	-0.2152194886604898	0.9999999999999933	-0.3957579459938052	0.2021025654705138	-0.1331412685392146	0.1876680712694788	-0.3672533161134576	0.1700118358738195	-0.21427785853686476
0.09200822421207565	-0.05431073358216745	0.05591036905544566	-0.08337400161957964	0.0172659123605555	-0.08309793505676989	0.06396064053687782	-0.05445025921755482	0.05657479140529107	-0.01772492109382903	0.1040434367545831	-0.0838431934488084	0.07382653603409592	-0.06173446264853335	0.030850139037943574	-0.08678434825902567	0.08358336615479234	-0.108137470403966	0.09613080009885693	-0.031943005829807004	0.08103829287602925	-0.1090567767902903	0.1513741897146558	-0.11299895507696801	0.11907134989173702	-0.12328436385232867	0.1307474565739011	-0.1981978948749092	0.1930850312595322	-0.21139041089393934	0.1200410712376006	-0.14572708462989245	0.24051927468465967	-0.6688064244552808	0.2972647221352279	-0.0741348605454208	0.12312935104646028	-0.3957579459938052	0.9999999999999925	-0.46919572640099927	0.0823841196840849	-0.11424342912499748	0.17300117672369228	-0.12267317931904981	0.15801081702495454
-0.08754798304558889	0.05121214849845976	-0.052773249352164694	0.07863852460296364	-0.01625486231160802	0.0783106263178944	-0.060132068703620215	0.05123830935340655	-0.053249640054436234	0.016682145927055508	-0.09785235512089441	0.07819072290657195	-0.06972279771137067	0.05768104945404733	-0.028827764662527226	0.08054886180749327	-0.07737895769763191	0.10034842900474646	-0.08975829019323314	0.029758003081108996	-0.07495086740058556	0.09885170039330302	-0.13997990132843696	0.09434968887559564	-0.10585042012777338	0.11286615912500333	-0.1170466319019057	0.1579899838410144	-0.15186989714162508	0.1870044854820226	-0.10817290256095546	0.12457502418317501	-0.18176071428817786	0.28813173197231323	-0.75367527769354	0.07033099097241942	-0.11642728782182185	0.2021025654705138	-0.46919572640099927	0.9999999999999925	-0.079939213228991	0.10912680507506127	-0.17224656884347556	0.14912606526612174	-0.24026796397988237
0.07718288899362802	-0.045972213824439515	0.046983343771752485	-0.07036990226575673	0.014173885840982482	-0.07154431799445303	0.05419224955164943	-0.04486440879719374	0.04599318514355603	-0.014576665549376757	0.08868091493767859	-0.07205711721295777	0.06031790881673103	-0.04909150995545767	0.02401953408740693	-0.08188117215818044	0.0709544064370795	-0.09100064112706503	0.07378730079069205	-0.024785919084981997	0.07560940340468528	-0.09260931956724291	0.10871709325305673	-0.06169830255337187	0.0684032619057292	-0.1319006215644365	0.10829789002070732	-0.1163723445083172	0.08514269419813081	-0.12753372641508032	0.13299191214290462	-0.1579090653101054	0.11998202903208646	-0.09488008322975362	0.08418669495492757	-0.8212962383665647	0.29311512307687726	-0.1331412685392146	0.0823841196840849	-0.079939213228991	0.9999999999999931	-0.3990148729029046	0.18184006314434092	-0.1087208124062432	0.11566823613371069
-0.09069878238523342	0.053788972594839356	-0.05511188552214756	0.08188004370727982	-0.01662691826541528	0.08327871736337938	-0.06364638792616256	0.05277374628032338	-0.05425512422696191	0.017082287633773625	-0.10575235650341028	0.08456063756527067	-0.07132810394675926	0.05792589888265927	-0.02847401783540044	0.09402883541662346	-0.08434441078307761	0.10650309113877769	-0.08799246915513552	0.029343674771151525	-0.08892641379003469	0.11066127444513621	-0.13366240381014635	0.07534162797919852	-0.08415584538822632	0.14662441867540119	-0.13693691637726066	0.142011307125729	-0.10595903610312643	0.1500187044518062	-0.16201632417817363	0.19914459251871824	-0.172400019481309	0.12314430604560739	-0.11627796277635652	0.2707007128534591	-0.6370299699954308	0.1876680712694788	-0.11424342912499748	0.10912680507506127	-0.3990148729029046	0.9999999999999929	-0.48237692589039416	0.1841361512305957	-0.20610731742693733
0.12617577754680692	-0.07491354205938397	0.0765827875878988	-0.11574793313155332	0.02327655691000355	-0.1164530712520249	0.08769829954449768	-0.07325687829981249	0.07521625046834926	-0.02395199669784835	0.14024141375400023	-0.11543438261602874	0.09831110103616722	-0.08064206129167152	0.03951102451648654	-0.12645310557837774	0.11253949263652581	-0.14737619017077286	0.12099312521010941	-0.04084316504969621	0.11428609117628771	-0.14532577081649195	0.17730561110793447	-0.10686308175799164	0.11739109745249063	-0.19033908018945972	0.16541845247574588	-0.20572140591448831	0.151954543826667	-0.22718782751022637	0.1681418997445979	-0.21842401210188153	0.22891882735339836	-0.19009907571228227	0.16499414239827015	-0.17003058501489654	0.2574221930156966	-0.3672533161134576	0.17300117672369228	-0.17224656884347556	0.18184006314434092	-0.48237692589039416	0.9999999999999933	-0.49749434152933203	0.29197267001149896
