1.0	-0.3870996197210418	0.2499381525961097	-0.1562791445353967	0.08630975327581414	-0.8489495452166048	0.2052295755505955	-0.17940157502483323	0.11708714006453214	-0.07471023100564488	0.12829008110203066	-0.11605652027850366	0.11800596105694335	-0.08413066329543206	0.08284319501327907	-0.0857489075917578	0.078968620628395	-0.08471456891877123	0.08851368468375362	-0.05741173405105451	0.0582093727920345	-0.06610874679817572	0.061676552969173404	-0.05702032876641961	0.06269589629221489	-0.049726376155360644	0.05644588514405895	-0.06828269331327236	0.034809091059896075	-0.036414398203107344	0.059111541529423425	-0.05430635991659548	0.060811985861460374	-0.030069799764417274	0.028338276101456283
-0.3870996197210418	1.0000000000000002	-0.6986377881920578	0.20386177787134258	-0.10738638971876947	0.26731440845304566	-0.46190831750496913	0.2519939812488479	-0.1615452544648692	0.09163561982655317	-0.14423376198509144	0.14146595492426947	-0.13684380504972474	0.09331241138110495	-0.090505893692034	0.09132223176287871	-0.08829302205857262	0.09331508064126069	-0.09468692072526733	0.061373731449683507	-0.06084922548251844	0.06994420335181856	-0.0656091212382761	0.060562912492595045	-0.06619434911547421	0.051427070261273154	-0.059240616767707546	0.0707185497275817	-0.035903728326862235	0.0375000460699553	-0.06047745866375474	0.05549839977326465	-0.06182924654701413	0.03082881190286078	-0.02902856649904654
0.2499381525961097	-0.6986377881920578	0.9999999999999999	-0.3631877766836101	0.13776469964963078	-0.3196896459361783	0.29487501701740215	-0.3528165136935594	0.21155439796439024	-0.12375044563592967	0.1529364864078899	-0.15222417858838083	0.16205855576454847	-0.1197995352973415	0.11388341107632033	-0.11111782217247164	0.10290338919858805	-0.1147966366036815	0.11711578729318606	-0.07714353101400191	0.07453808435352281	-0.08611113216256921	0.08112067450778623	-0.07573258200767627	0.08253484860423223	-0.06394146757176244	0.07293841881080743	-0.0890356606079818	0.04512232925197445	-0.04734669723452452	0.07510184566399944	-0.06979814631467651	0.0774684404489911	-0.03884642930730303	0.036509470982686476
-0.1562791445353967	0.20386177787134258	-0.3631877766836101	0.9999999999999996	-0.35618055221735867	0.15967800144272637	-0.28355042789712703	0.2865920934461407	-0.6852313148288983	0.25701684137258785	-0.17064760906544763	0.14754297345250186	-0.19199626269366096	0.16623951295317468	-0.17071329975013338	0.11558043813867927	-0.11165698854127198	0.1274871576714227	-0.14913119255886637	0.09873027161142801	-0.08118610275393738	0.09208620675072446	-0.0951796080708643	0.08844683477723965	-0.10470886506468165	0.06834155944209469	-0.08005426504919444	0.0961751927059242	-0.049931111986806505	0.05200615427983965	-0.08276526398672443	0.07512168754564982	-0.0856699903071978	0.042629453602581045	-0.04042085344313946
0.08630975327581414	-0.10738638971876947	0.13776469964963078	-0.35618055221735867	1.0	-0.10300802407738394	0.13967746936903974	-0.19758441000535346	0.2753432820279326	-0.8474679019878656	0.10322891501406065	-0.0929690060063771	0.12610503259195494	-0.14512429322064024	0.14489849894103318	-0.08373455044137246	0.07716981622666809	-0.09281825600153663	0.10876380048109015	-0.08212431344958439	0.05900342325633395	-0.06828543627170754	0.07028845424256117	-0.06826841005706225	0.07973454802034015	-0.05095544754183714	0.059054902686057696	-0.07440728879457009	0.03831479727205835	-0.04045197524521427	0.061112819126535524	-0.05730510867947838	0.0644270709085835	-0.03281981882095072	0.03091991351102156
-0.8489495452166048	0.26731440845304566	-0.3196896459361783	0.15967800144272637	-0.10300802407738394	1.0000000000000004	-0.24709536703355697	0.18164723728575033	-0.13410372917115398	0.08411652350853413	-0.16465155121912195	0.1315707328041995	-0.13914747003973735	0.09508355379179408	-0.09687169071467987	0.09629797694531055	-0.09119496871248127	0.09619719815878656	-0.10348713730711843	0.06604997434169933	-0.0666648092662484	0.07445083158783335	-0.07111801284720355	0.06496516913985201	-0.073009871208122	0.05608122312363938	-0.0643392144965398	0.0763016173724343	-0.03930956124877165	0.040862154869412186	-0.06781314782267485	0.06104355386215003	-0.0694272793587686	0.033891278430493554	-0.0320977174214685
0.2052295755505955	-0.46190831750496913	0.29487501701740215	-0.28355042789712703	0.13967746936903974	-0.24709536703355697	0.9999999999999998	-0.6223732696072457	0.22543297954189007	-0.13242434061465164	0.22468447666960706	-0.31418696969753707	0.2192747873913259	-0.14392577709328275	0.13346544576121483	-0.15094629017930383	0.1458157653766813	-0.15330962269924797	0.1436506445183723	-0.0936368146754158	0.09583486631582623	-0.1131261092054476	0.10190375239782377	-0.09465596603055788	0.09990043371466002	-0.08124920694708807	0.09329021589838746	-0.11148124380489058	0.05583780206129812	-0.05845829479798588	0.09325490779905733	-0.08652060066274249	0.09488731394937949	-0.047860496286633206	0.04486867380449524
-0.17940157502483323	0.2519939812488479	-0.3528165136935594	0.2865920934461407	-0.19758441000535346	0.18164723728575033	-0.6223732696072457	1.0000000000000007	-0.4345642578580823	0.17213842002996035	-0.22470012656803137	0.21215064795180313	-0.3009476725700271	0.1636965821573644	-0.15736320109458202	0.14262294970508502	-0.14233246340590788	0.1617172863605697	-0.16089931418017453	0.1028131608834211	-0.09562294477481832	0.110262505298536	-0.10934751846550879	0.10004824765857823	-0.11001903760610938	0.08000069236618243	-0.0938869288695374	0.11114524505356231	-0.056644514809386606	0.058968287181108386	-0.09431813417304453	0.0860794904951416	-0.09635153817628891	0.048290550645979285	-0.04554860666423634
0.11708714006453214	-0.1615452544648692	0.21155439796439024	-0.6852313148288983	0.2753432820279326	-0.13410372917115398	0.22543297954189007	-0.4345642578580823	0.999999999999999	-0.4001584542900409	0.13458023586201526	-0.1250697095003752	0.1668000102482186	-0.18482049932710604	0.15460360831182024	-0.09991214687121497	0.09468625269592881	-0.11330502585807323	0.12901754132532461	-0.08824342500199728	0.0687497088736868	-0.07951503352221352	0.08158733261644291	-0.07740648057438043	0.08960613727064141	-0.05854107175085479	0.06828280472238904	-0.08371675700182181	0.0430361916771566	-0.04511843768300919	0.06971002685004367	-0.06450365437533068	0.07252448973567446	-0.03671551293049884	0.03464558479841903
-0.07471023100564488	0.09163561982655317	-0.12375044563592967	0.25701684137258785	-0.8474679019878656	0.08411652350853413	-0.13242434061465164	0.17213842002996035	-0.4001584542900409	0.9999999999999991	-0.09358576896085896	0.08304633886329668	-0.1163954087667639	0.1337118374779011	-0.15876935216694185	0.07284969302330535	-0.06849604028077873	0.08268432973862799	-0.10032734458024839	0.07635035541803906	-0.05143129277390898	0.05937195695913907	-0.06308361447220073	0.0609817703652443	-0.07407529075222871	0.04399454950153848	-0.05153906323421076	0.06418215579956786	-0.03330384555430349	0.035026189496788845	-0.0529692179150669	0.04922037388698703	-0.05571343112310179	0.028370153211762644	-0.026814774311316982
0.12829008110203066	-0.14423376198509144	0.1529364864078899	-0.17064760906544763	0.10322891501406065	-0.16465155121912195	0.22468447666960706	-0.22470012656803137	0.13458023586201526	-0.09358576896085896	1.0	-0.7238667048823603	0.2763673939894711	-0.1775482708777925	0.1618207624358085	-0.33947105605818895	0.26365059587863143	-0.2374221874129562	0.19844702900465705	-0.12882165488889794	0.17089635528252586	-0.2008664222635292	0.15214833418253287	-0.14152489211450778	0.13861788714779907	-0.14557971401841377	0.15566108973263615	-0.18363030981923179	0.08886359492502542	-0.09336036066111443	0.1532391913989899	-0.1442240434410315	0.1501073103963469	-0.07643350789777743	0.07089637918139069
-0.11605652027850366	0.14146595492426947	-0.15222417858838083	0.14754297345250186	-0.0929690060063771	0.1315707328041995	-0.31418696969753707	0.21215064795180313	-0.1250697095003752	0.08304633886329668	-0.7238667048823603	0.9999999999999982	-0.37697382545185987	0.1585990073974137	-0.1474485148672573	0.24712829280839974	-0.3454549920264235	0.22472097756002035	-0.18594651160524228	0.1138171987506555	-0.1456841335177839	0.17268562268905324	-0.13923196258588288	0.12341625486953597	-0.12390824869796063	0.11550985186953237	-0.13899822515155952	0.14896044955589952	-0.07347481965188439	0.07580031468545391	-0.12859476451984964	0.11538136928587839	-0.12467068918134405	0.06232763959125687	-0.058398217956035024
0.11800596105694335	-0.13684380504972474	0.16205855576454847	-0.19199626269366096	0.12610503259195494	-0.13914747003973735	0.2192747873913259	-0.3009476725700271	0.1668000102482186	-0.1163954087667639	0.2763673939894711	-0.37697382545185987	0.9999999999999987	-0.3475855245258161	0.24133022095865658	-0.2800477532384779	0.26504964449266966	-0.5202174761389966	0.28978295080841426	-0.1893509536323327	0.1708476759914502	-0.21321176049497279	0.2170111142796894	-0.2073534574334049	0.19058410079104832	-0.14705709955969087	0.17148465004089522	-0.21477619717187776	0.10528033343338836	-0.11082570125370383	0.1637332659080738	-0.1568773349354398	0.16902387069781805	-0.08901785906959005	0.08274302726296617
-0.08413066329543206	0.09331241138110495	-0.1197995352973415	0.16623951295317468	-0.14512429322064024	0.09508355379179408	-0.14392577709328275	0.1636965821573644	-0.18482049932710604	0.1337118374779011	-0.1775482708777925	0.1585990073974137	-0.3475855245258161	0.9999999999999986	-0.7179391085918546	0.16232240076434534	-0.15914182911772845	0.2284240762827119	-0.42309925809593474	0.25088691754616865	-0.11465691862614294	0.13641981361180242	-0.17454348729366656	0.17280726532699417	-0.23600501272514196	0.09707249306388102	-0.11916641891545261	0.14985650789938113	-0.07961067816782501	0.08353835074659634	-0.11621742055687098	0.10887392296259776	-0.12415086617447059	0.06591284265583425	-0.06268686841586815
0.08284319501327907	-0.090505893692034	0.11388341107632033	-0.17071329975013338	0.14489849894103318	-0.09687169071467987	0.13346544576121483	-0.15736320109458202	0.15460360831182024	-0.15876935216694185	0.1618207624358085	-0.1474485148672573	0.24133022095865658	-0.7179391085918546	0.9999999999999989	-0.16692840262919398	0.15154787209492032	-0.21171908180862767	0.2902209243560133	-0.39545270103168145	0.11810910029274403	-0.14388898404108752	0.17007096813578879	-0.1878923048125849	0.2421482633498202	-0.1033634762467779	0.12419408300781648	-0.16667850320190028	0.08687245828348161	-0.0936077919124011	0.12222326412330632	-0.11895114560272288	0.13275129380688203	-0.0727475778142225	0.06830552696800468
-0.0857489075917578	0.09132223176287871	-0.11111782217247164	0.11558043813867927	-0.08373455044137246	0.09629797694531055	-0.15094629017930383	0.14262294970508502	-0.09991214687121497	0.07284969302330535	-0.33947105605818895	0.24712829280839974	-0.2800477532384779	0.16232240076434534	-0.16692840262919398	0.9999999999999976	-0.6053052862394681	0.25818157298762817	-0.24006902270340244	0.13732426373391124	-0.4362897245903932	0.26836293042374576	-0.18428690112523702	0.15367384962680075	-0.15818808887737357	0.22944416860914724	-0.22645687140090726	0.20622455831494718	-0.10412694501796141	0.1041013070513078	-0.2524976660845847	0.18183829705384735	-0.19750953372650573	0.08925469325725686	-0.08469927909922981
0.078968620628395	-0.08829302205857262	0.10290338919858805	-0.11165698854127198	0.07716981622666809	-0.09119496871248127	0.1458157653766813	-0.14233246340590788	0.09468625269592881	-0.06849604028077873	0.26365059587863143	-0.3454549920264235	0.26504964449266966	-0.15914182911772845	0.15154787209492032	-0.6053052862394681	0.9999999999999983	-0.4294183664165016	0.2243965858138496	-0.1334017684271693	0.2321467499994992	-0.3953467574125757	0.1872159957306509	-0.16098917577197733	0.14595723294844534	-0.17530640454461896	0.22016163456354165	-0.2123333520090001	0.09803076710558772	-0.09977585354099583	0.17607338793065802	-0.1570137312525288	0.16240148001203386	-0.08181869771923075	0.07600105470729215
-0.08471456891877123	0.09331508064126069	-0.1147966366036815	0.1274871576714227	-0.09281825600153663	0.09619719815878656	-0.15330962269924797	0.1617172863605697	-0.11330502585807323	0.08268432973862799	-0.2374221874129562	0.22472097756002035	-0.5202174761389966	0.2284240762827119	-0.21171908180862767	0.25818157298762817	-0.4294183664165016	1.0000000000000018	-0.47032448379712805	0.20003355660642871	-0.17021540487587328	0.21154355782010417	-0.36978760372185077	0.24074460661722716	-0.2182339092253365	0.13319151561946554	-0.17896483787656792	0.19962270748323216	-0.10083546286722318	0.10176725333016909	-0.15418556686627344	0.13941503822888723	-0.15704958963909071	0.0817298380304855	-0.07716128275490755
0.08851368468375362	-0.09468692072526733	0.11711578729318606	-0.14913119255886637	0.10876380048109015	-0.10348713730711843	0.1436506445183723	-0.16089931418017453	0.12901754132532461	-0.10032734458024839	0.19844702900465705	-0.18594651160524228	0.28978295080841426	-0.42309925809593474	0.2902209243560133	-0.24006902270340244	0.2243965858138496	-0.47032448379712805	1.0000000000000007	-0.42728708140636873	0.15760022986585637	-0.2008465694707463	0.25043911527684515	-0.3015618104066037	0.27941268986374324	-0.1362595080347714	0.16664073091547618	-0.22173865793382425	0.11282455956072765	-0.12017388474086867	0.15606710261449291	-0.15236079411062053	0.167592908735556	-0.0932581422892538	0.08687461297833005
-0.05741173405105451	0.061373731449683507	-0.07714353101400191	0.09873027161142801	-0.08212431344958439	0.06604997434169933	-0.0936368146754158	0.1028131608834211	-0.08824342500199728	0.07635035541803906	-0.12882165488889794	0.1138171987506555	-0.1893509536323327	0.25088691754616865	-0.39545270103168145	0.13732426373391124	-0.1334017684271693	0.20003355660642871	-0.42728708140636873	0.9999999999999994	-0.10030457964163064	0.12402957593398961	-0.21807423743736812	0.23602889000911806	-0.7124940172595992	0.08519853839692379	-0.11127495669700442	0.14640787472735167	-0.08606691498349202	0.09156339887995707	-0.10268091401655258	0.09854005153195095	-0.11498070588392893	0.06667424485555284	-0.0654234793953486
0.0582093727920345	-0.06084922548251844	0.07453808435352281	-0.08118610275393738	0.05900342325633395	-0.0666648092662484	0.09583486631582623	-0.09562294477481832	0.0687497088736868	-0.05143129277390898	0.17089635528252586	-0.1456841335177839	0.1708476759914502	-0.11465691862614294	0.11810910029274403	-0.4362897245903932	0.2321467499994992	-0.17021540487587328	0.15760022986585637	-0.10030457964163064	0.9999999999999982	-0.3498065823271514	0.13629309048098331	-0.12040419127449205	0.1148030369278149	-0.6624013984741198	0.2132575222817096	-0.21601143288870056	0.09948313816711309	-0.10278128631997131	0.28555488604037166	-0.2300560289655786	0.18731302561573748	-0.08776222390671376	0.08018835301591895
-0.06610874679817572	0.06994420335181856	-0.08611113216256921	0.09208620675072446	-0.06828543627170754	0.07445083158783335	-0.1131261092054476	0.110262505298536	-0.07951503352221352	0.05937195695913907	-0.2008664222635292	0.17268562268905324	-0.21321176049497279	0.13641981361180242	-0.14388898404108752	0.26836293042374576	-0.3953467574125757	0.21154355782010417	-0.2008465694707463	0.12402957593398961	-0.3498065823271514	0.9999999999999989	-0.20651950507222946	0.15700196319251208	-0.14783785530141252	0.20673036079490553	-0.6552742186001999	0.2805797290390402	-0.130229915129715	0.1213243713453459	-0.23409391986698858	0.1993232088786817	-0.22009695048311242	0.10299915729087099	-0.09775514626805037
0.061676552969173404	-0.0656091212382761	0.08112067450778623	-0.0951796080708643	0.07028845424256117	-0.07111801284720355	0.10190375239782377	-0.10934751846550879	0.08158733261644291	-0.06308361447220073	0.15214833418253287	-0.13923196258588288	0.2170111142796894	-0.17454348729366656	0.17007096813578879	-0.18428690112523702	0.1872159957306509	-0.36978760372185077	0.25043911527684515	-0.21807423743736812	0.13629309048098331	-0.20651950507222946	1.0000000000000009	-0.7450647226337077	0.24637354511401877	-0.11334153889949061	0.1759151255638739	-0.2810990057236447	0.12392649547750391	-0.12032772152469043	0.13375886672271647	-0.13134042865246626	0.15462998080136964	-0.09174570507888558	0.08484855488308629
-0.05702032876641961	0.060562912492595045	-0.07573258200767627	0.08844683477723965	-0.06826841005706225	0.06496516913985201	-0.09465596603055788	0.10004824765857823	-0.07740648057438043	0.0609817703652443	-0.14152489211450778	0.12341625486953597	-0.2073534574334049	0.17280726532699417	-0.1878923048125849	0.15367384962680075	-0.16098917577197733	0.24074460661722716	-0.3015618104066037	0.23602889000911806	-0.12040419127449205	0.15700196319251208	-0.7450647226337077	0.9999999999999974	-0.42454645377788547	0.09858403736622659	-0.1500585707065117	0.1962733767846833	-0.1223900009154052	0.11094010742882367	-0.1216206996818741	0.11542124931105138	-0.14229246735107312	0.08409030357224541	-0.080326273170941
0.06269589629221489	-0.06619434911547421	0.08253484860423223	-0.10470886506468165	0.07973454802034015	-0.073009871208122	0.09990043371466002	-0.11001903760610938	0.08960613727064141	-0.07407529075222871	0.13861788714779907	-0.12390824869796063	0.19058410079104832	-0.23600501272514196	0.2421482633498202	-0.15818808887737357	0.14595723294844534	-0.2182339092253365	0.27941268986374324	-0.7124940172595992	0.1148030369278149	-0.14783785530141252	0.24637354511401877	-0.42454645377788547	0.9999999999999981	-0.09953477364107916	0.1301978664163674	-0.18481998728671636	0.10871600508125251	-0.12440766350352055	0.11810894728612184	-0.11727027062454554	0.1341178476193044	-0.08357589229929774	0.08083801537177909
-0.049726376155360644	0.051427070261273154	-0.06394146757176244	0.06834155944209469	-0.05095544754183714	0.05608122312363938	-0.08124920694708807	0.08000069236618243	-0.05854107175085479	0.04399454950153848	-0.14557971401841377	0.11550985186953237	-0.14705709955969087	0.09707249306388102	-0.1033634762467779	0.22944416860914724	-0.17530640454461896	0.13319151561946554	-0.1362595080347714	0.08519853839692379	-0.6624013984741198	0.20673036079490553	-0.11334153889949061	0.09858403736622659	-0.09953477364107916	0.9999999999999991	-0.18462912121135033	0.17204001826245294	-0.08783553850653052	0.08814729639615905	-0.5849159258440981	0.22885498847970775	-0.20470757242593232	0.08059259755035966	-0.07569489746410685
0.05644588514405895	-0.059240616767707546	0.07293841881080743	-0.08005426504919444	0.059054902686057696	-0.0643392144965398	0.09329021589838746	-0.0938869288695374	0.06828280472238904	-0.05153906323421076	0.15566108973263615	-0.13899822515155952	0.17148465004089522	-0.11916641891545261	0.12419408300781648	-0.22645687140090726	0.22016163456354165	-0.17896483787656792	0.16664073091547618	-0.11127495669700442	0.2132575222817096	-0.6552742186001999	0.1759151255638739	-0.1500585707065117	0.1301978664163674	-0.18462912121135033	0.9999999999999981	-0.5463225005900406	0.16256600137119773	-0.1580312549730847	0.19784814205627616	-0.2490798951076824	0.22595806812545743	-0.1249858727135961	0.11181298146885994
-0.06828269331327236	0.0707185497275817	-0.0890356606079818	0.0961751927059242	-0.07440728879457009	0.0763016173724343	-0.11148124380489058	0.11114524505356231	-0.08371675700182181	0.06418215579956786	-0.18363030981923179	0.14896044955589952	-0.21477619717187776	0.14985650789938113	-0.16667850320190028	0.20622455831494718	-0.2123333520090001	0.19962270748323216	-0.22173865793382425	0.14640787472735167	-0.21601143288870056	0.2805797290390402	-0.2810990057236447	0.1962733767846833	-0.18481998728671636	0.17204001826245294	-0.5463225005900406	0.9999999999999979	-0.365409752873961	0.23160286545931189	-0.238982461928778	0.2398400469139565	-0.3812222571561145	0.19242469591290182	-0.18697199078496096
0.034809091059896075	-0.035903728326862235	0.04512232925197445	-0.049931111986806505	0.03831479727205835	-0.03930956124877165	0.05583780206129812	-0.056644514809386606	0.0430361916771566	-0.03330384555430349	0.08886359492502542	-0.07347481965188439	0.10528033343338836	-0.07961067816782501	0.08687245828348161	-0.10412694501796141	0.09803076710558772	-0.10083546286722318	0.11282455956072765	-0.08606691498349202	0.09948313816711309	-0.130229915129715	0.12392649547750391	-0.1223900009154052	0.10871600508125251	-0.08783553850653052	0.16256600137119773	-0.365409752873961	0.9999999999999977	-0.7329367407428221	0.11654159713006809	-0.14374543464561312	0.199813724405185	-0.43127269134329393	0.29494494877310906
-0.036414398203107344	0.0375000460699553	-0.04734669723452452	0.05200615427983965	-0.04045197524521427	0.040862154869412186	-0.05845829479798588	0.058968287181108386	-0.04511843768300919	0.035026189496788845	-0.09336036066111443	0.07580031468545391	-0.11082570125370383	0.08353835074659634	-0.0936077919124011	0.1041013070513078	-0.09977585354099583	0.10176725333016909	-0.12017388474086867	0.09156339887995707	-0.10278128631997131	0.1213243713453459	-0.12032772152469043	0.11094010742882367	-0.12440766350352055	0.08814729639615905	-0.1580312549730847	0.23160286545931189	-0.7329367407428221	0.9999999999999977	-0.12315662624909804	0.13899363964343692	-0.21413332304160862	0.30366451862804894	-0.49627938499517205
0.059111541529423425	-0.06047745866375474	0.07510184566399944	-0.08276526398672443	0.061112819126535524	-0.06781314782267485	0.09325490779905733	-0.09431813417304453	0.06971002685004367	-0.0529692179150669	0.1532391913989899	-0.12859476451984964	0.1637332659080738	-0.11621742055687098	0.12222326412330632	-0.2524976660845847	0.17607338793065802	-0.15418556686627344	0.15606710261449291	-0.10268091401655258	0.28555488604037166	-0.23409391986698858	0.13375886672271647	-0.1216206996818741	0.11810894728612184	-0.5849159258440981	0.19784814205627616	-0.238982461928778	0.11654159713006809	-0.12315662624909804	0.9999999999999977	-0.5344174496868036	0.26817969486603654	-0.11219106785602961	0.10033463758954222
-0.05430635991659548	0.05549839977326465	-0.06979814631467651	0.07512168754564982	-0.05730510867947838	0.06104355386215003	-0.08652060066274249	0.0860794904951416	-0.06450365437533068	0.04922037388698703	-0.1442240434410315	0.11538136928587839	-0.1568773349354398	0.10887392296259776	-0.11895114560272288	0.18183829705384735	-0.1570137312525288	0.13941503822888723	-0.15236079411062053	0.09854005153195095	-0.2300560289655786	0.1993232088786817	-0.13134042865246626	0.11542124931105138	-0.11727027062454554	0.22885498847970775	-0.2490798951076824	0.2398400469139565	-0.14374543464561312	0.13899363964343692	-0.5344174496868036	0.9999999999999979	-0.6594248382678575	0.15597074667155947	-0.14797517836719307
0.060811985861460374	-0.06182924654701413	0.0774684404489911	-0.0856699903071978	0.0644270709085835	-0.0694272793587686	0.09488731394937949	-0.09635153817628891	0.07252448973567446	-0.05571343112310179	0.1501073103963469	-0.12467068918134405	0.16902387069781805	-0.12415086617447059	0.13275129380688203	-0.19750953372650573	0.16240148001203386	-0.15704958963909071	0.167592908735556	-0.11498070588392893	0.18731302561573748	-0.22009695048311242	0.15462998080136964	-0.14229246735107312	0.1341178476193044	-0.20470757242593232	0.22595806812545743	-0.3812222571561145	0.199813724405185	-0.21413332304160862	0.26817969486603654	-0.6594248382678575	0.9999999999999983	-0.2904969569256408	0.1974167858670211
-0.030069799764417274	0.03082881190286078	-0.03884642930730303	0.042629453602581045	-0.03281981882095072	0.033891278430493554	-0.047860496286633206	0.048290550645979285	-0.03671551293049884	0.028370153211762644	-0.07643350789777743	0.06232763959125687	-0.08901785906959005	0.06591284265583425	-0.0727475778142225	0.08925469325725686	-0.08181869771923075	0.0817298380304855	-0.0932581422892538	0.06667424485555284	-0.08776222390671376	0.10299915729087099	-0.09174570507888558	0.08409030357224541	-0.08357589229929774	0.08059259755035966	-0.1249858727135961	0.19242469591290182	-0.43127269134329393	0.30366451862804894	-0.11219106785602961	0.15597074667155947	-0.2904969569256408	0.9999999999999989	-0.7759357175985613
0.028338276101456283	-0.02902856649904654	0.036509470982686476	-0.04042085344313946	0.03091991351102156	-0.0320977174214685	0.04486867380449524	-0.04554860666423634	0.03464558479841903	-0.026814774311316982	0.07089637918139069	-0.058398217956035024	0.08274302726296617	-0.06268686841586815	0.06830552696800468	-0.08469927909922981	0.07600105470729215	-0.07716128275490755	0.08687461297833005	-0.0654234793953486	0.08018835301591895	-0.09775514626805037	0.08484855488308629	-0.080326273170941	0.08083801537177909	-0.07569489746410685	0.11181298146885994	-0.18697199078496096	0.29494494877310906	-0.49627938499517205	0.10033463758954222	-0.14797517836719307	0.1974167858670211	-0.7759357175985613	0.9999999999999989
