1.0	-0.42192836297528596	0.13783976676049664	-0.09238576958043795	0.05853318194343679	-0.836172161419694	0.19415376134514867	-0.12670704381146194	0.10843503644182599	-0.058449463400083224	0.16904470001901048	-0.17641837534778912	0.13710459500547484	-0.08749340565811077	0.09652813377555616	-0.12424727731555525	0.09927904487821823	-0.09413316177164957	0.10339260858376666	-0.08012542448400145	0.106028054523516	-0.07777096146317292	0.0634096578877105	-0.05754301545521308	0.05359957936663291	-0.09508161977941275	0.06784465752160346	-0.053282862840107546	0.04862018589105406	-0.062074058641478094
-0.42192836297528596	1.0000000000000002	-0.3641606059276551	0.19766775872137846	-0.1229254256014894	0.2724211504571765	-0.5600421628571256	0.2708896354586968	-0.2416158351263964	0.11868427534545907	-0.22392439529199595	0.28708400794669364	-0.2798135044513008	0.17449627051718913	-0.19448658960764315	0.15737662913529274	-0.16848063999362137	0.15652922085590532	-0.2013711173623341	0.15152311874159846	-0.16970658166555921	0.12396318280365932	-0.10968652833628817	0.10031745988966402	-0.09697449238456535	0.14222665484851627	-0.11194530206265772	0.09019139187241114	-0.08553250544871302	0.10922329249899086
0.13783976676049664	-0.3641606059276551	1.0000000000000002	-0.5708785584557196	0.1658755576556349	-0.1622634741340683	0.24991315874430878	-0.5718377154138323	0.31833921797958065	-0.17954296752951887	0.1327066740156538	-0.23044024002685767	0.22262445270560546	-0.17254040821507727	0.1601148078779768	-0.11001855093643051	0.11604073136569071	-0.12541375490506726	0.15223754672025683	-0.1358196364156259	0.10995119929955637	-0.0942751265338203	0.0829660298557816	-0.07994518794994929	0.07877820287058163	-0.11035865773474786	0.08079221056101685	-0.07083035288153562	0.06518969602023789	-0.0950440153724749
-0.09238576958043795	0.19766775872137846	-0.5708785584557196	1.0000000000000002	-0.2845944899595921	0.10593625071413462	-0.17821796456666097	0.2942141058297402	-0.6458002082465997	0.2141527438485513	-0.10202631444341648	0.1646742455307862	-0.2076972916027312	0.18141711000344918	-0.17236433772434728	0.08506829010180213	-0.0960127052621104	0.10435525973925132	-0.14956992687695328	0.12817656379561018	-0.08831266258262208	0.07682964390896282	-0.07091339400881728	0.06934109864195975	-0.0700262131235266	0.08782006739642964	-0.06644212762307	0.05980456192333784	-0.056512353465277415	0.08229661736648794
0.05853318194343679	-0.1229254256014894	0.1658755576556349	-0.2845944899595921	1.0000000000000004	-0.07191457959340049	0.10037321512868504	-0.14315042265558328	0.19384087273615175	-0.9038496863839317	0.07075251071902319	-0.11422891038877966	0.13170065367152506	-0.12694267046214178	0.15125005414956383	-0.06228662237910903	0.06980195951011503	-0.07846270823453358	0.11076251704464564	-0.1174504763646245	0.06468415641403572	-0.05902855465200443	0.054559950406547236	-0.054706752658907364	0.05866886776007966	-0.06819436947525068	0.05049204962769488	-0.04676217033211204	0.04410009813955179	-0.0708978057652298
-0.836172161419694	0.2724211504571765	-0.1622634741340683	0.10593625071413462	-0.07191457959340049	1.0000000000000002	-0.23002894313770525	0.14306452847982562	-0.13292600930165385	0.0701455535223764	-0.2550247096225389	0.1906372756965152	-0.17570397740102592	0.10936019626664305	-0.12417266517853355	0.1509751259338955	-0.12707302205566856	0.1152328784985025	-0.13359483963516922	0.10000500428329208	-0.13926876415485936	0.09545795840293031	-0.07952085915365695	0.07149156787929	-0.06708468255575208	0.11433496261378949	-0.08511576917238492	0.06586376728321644	-0.06110889702631152	0.07604713351083935
0.19415376134514867	-0.5600421628571256	0.24991315874430878	-0.17821796456666097	0.10037321512868504	-0.23002894313770525	1.0000000000000002	-0.42058917389254874	0.21028251255822458	-0.1037791179297399	0.19886410586275807	-0.5651398883256955	0.23747494727530855	-0.15321754900886436	0.15439193016734698	-0.1507148781872159	0.1480360607497397	-0.14448608748307648	0.1593166304148092	-0.12952637510518342	0.14083898112931975	-0.11065373262205294	0.0937918083292653	-0.08649372851564015	0.08181442607474865	-0.12953314455371795	0.09586950894850511	-0.07879393389621724	0.07212595220061592	-0.09603031884734106
-0.12670704381146194	0.2708896354586968	-0.5718377154138323	0.2942141058297402	-0.14315042265558328	0.14306452847982562	-0.42058917389254874	1.0000000000000004	-0.49047006339071547	0.1430751619187484	-0.1434891982866965	0.24770372914717834	-0.34021269035630136	0.20491552577677463	-0.18741925590204725	0.11495773004237132	-0.1290310459571896	0.13720955118180791	-0.17522807109086455	0.1470225102068829	-0.11755999486135264	0.09925016326106625	-0.08980096704637927	0.08580028713801938	-0.08419721817987846	0.11346713263986023	-0.08598030346861382	0.07539405929698595	-0.07035175832087194	0.09906080225637809
0.10843503644182599	-0.2416158351263964	0.31833921797958065	-0.6458002082465997	0.19384087273615175	-0.13292600930165385	0.21028251255822458	-0.49047006339071547	1.0000000000000007	-0.22668268888401766	0.12274005328604268	-0.2147148742027191	0.2431885182691033	-0.29725960916849564	0.2001535548591388	-0.10549162291486938	0.11590878134908712	-0.13086093734798476	0.17641756615085763	-0.16308344138138817	0.1064797464527704	-0.09549684559174514	0.08670032206783321	-0.08596219763554548	0.08618641305194857	-0.11027671809748947	0.08129068137533177	-0.07418970515150818	0.06894385772766382	-0.10407637786443236
-0.058449463400083224	0.11868427534545907	-0.17954296752951887	0.2141527438485513	-0.9038496863839317	0.0701455535223764	-0.1037791179297399	0.1430751619187484	-0.22668268888401766	0.9999999999999997	-0.07280394016674366	0.11326615761154706	-0.14823926142314847	0.1370936802192845	-0.1943817274292367	0.06309496854515524	-0.07321282623359937	0.0809858693060166	-0.12364019471196384	0.1221663849533647	-0.06685314319518094	0.06024115028520464	-0.05710049656552951	0.05703256367245098	-0.06152694226739981	0.06846252942790573	-0.05211132193894462	0.04829284479309141	-0.046354388186615796	0.0718342827964984
0.16904470001901048	-0.22392439529199595	0.1327066740156538	-0.10202631444341648	0.07075251071902319	-0.2550247096225389	0.19886410586275807	-0.1434891982866965	0.12274005328604268	-0.07280394016674366	0.9999999999999992	-0.40926150448791315	0.19652201559362034	-0.12514959440944023	0.1359707915362887	-0.6970852431257141	0.23036175543902154	-0.2176804676538958	0.1590442044983914	-0.12699644100882349	0.26526664161690916	-0.18704363675566715	0.12847302999515306	-0.1124681123260501	0.0936917718836393	-0.2519911169912981	0.15185336513729328	-0.11123350451283391	0.09354916775873137	-0.11266260827851024
-0.17641837534778912	0.28708400794669364	-0.23044024002685767	0.1646742455307862	-0.11422891038877966	0.1906372756965152	-0.5651398883256955	0.24770372914717834	-0.2147148742027191	0.11326615761154706	-0.40926150448791315	0.9999999999999989	-0.38053760403866943	0.20174340418804176	-0.22128976839175174	0.23345668882498544	-0.2568151217585052	0.21096271385180007	-0.2360697238028587	0.17577555079967153	-0.23017389936854765	0.16277951207787655	-0.13902529946986675	0.12363335543612419	-0.11498706678503123	0.18482664604784238	-0.14529069072361692	0.11346354905968484	-0.10549733935034752	0.12988347025020594
0.13710459500547484	-0.2798135044513008	0.22262445270560546	-0.2076972916027312	0.13170065367152506	-0.17570397740102592	0.23747494727530855	-0.34021269035630136	0.2431885182691033	-0.14823926142314847	0.19652201559362034	-0.38053760403866943	1.0000000000000018	-0.5416958966664517	0.28706897306175116	-0.18529428286831848	0.2174993374381371	-0.3080282241686114	0.277205120087413	-0.2792421594442149	0.1796065044981039	-0.17680998722685254	0.1598166335779338	-0.15673628860194683	0.14848802026300303	-0.20073801870280947	0.1451248156424529	-0.13822704258283539	0.12235476156502412	-0.18680311911924058
-0.08749340565811077	0.17449627051718913	-0.17254040821507727	0.18141711000344918	-0.12694267046214178	0.10936019626664305	-0.15321754900886436	0.20491552577677463	-0.29725960916849564	0.1370936802192845	-0.12514959440944023	0.20174340418804176	-0.5416958966664517	0.9999999999999996	-0.5903040230788502	0.11431831552305495	-0.1445160472226088	0.1766245329703338	-0.3980993974647828	0.2855214506343632	-0.11858728664103761	0.1157612403967455	-0.11764196450498733	0.1235489416550564	-0.12583605258890213	0.12653343210433504	-0.09828823160559838	0.09829409871777035	-0.09623599087734584	0.14417992859964648
0.09652813377555616	-0.19448658960764315	0.1601148078779768	-0.17236433772434728	0.15125005414956383	-0.12417266517853355	0.15439193016734698	-0.18741925590204725	0.2001535548591388	-0.1943817274292367	0.1359707915362887	-0.22128976839175174	0.28706897306175116	-0.5903040230788502	0.9999999999999994	-0.12843686738581553	0.15098348376651535	-0.18667928499138634	0.31043680194041284	-0.5629985238130394	0.1325812618736312	-0.13242315431477084	0.13010030821830498	-0.14060119276177743	0.16669824233959424	-0.14856095042038872	0.11120652198406958	-0.11250162500206486	0.10811787397913826	-0.19898277352763588
-0.12424727731555525	0.15737662913529274	-0.11001855093643051	0.08506829010180213	-0.06228662237910903	0.1509751259338955	-0.1507148781872159	0.11495773004237132	-0.10549162291486938	0.06309496854515524	-0.6970852431257141	0.23345668882498544	-0.18529428286831848	0.11431831552305495	-0.12843686738581553	0.9999999999999996	-0.3372893062012613	0.2140715683109255	-0.15575829666112964	0.1166778553435153	-0.4663097736362437	0.18860757381852208	-0.1295386985717315	0.10691077519984031	-0.08790819400550688	0.23844136747527098	-0.16042161224598664	0.10666747403378972	-0.09155841871809423	0.10173528286457692
0.09927904487821823	-0.16848063999362137	0.11604073136569071	-0.0960127052621104	0.06980195951011503	-0.12707302205566856	0.1480360607497397	-0.1290310459571896	0.11590878134908712	-0.07321282623359937	0.23036175543902154	-0.2568151217585052	0.2174993374381371	-0.1445160472226088	0.15098348376651535	-0.3372893062012613	1.0000000000000016	-0.7235155226168506	0.20410638433198283	-0.1607765783563818	0.2293697467661073	-0.3288421645663606	0.21562785254943956	-0.16885065867808752	0.12148756158134262	-0.2287579881436742	0.20600175410069585	-0.17205425506686536	0.13560467354576297	-0.14488124525907287
-0.09413316177164957	0.15652922085590532	-0.12541375490506726	0.10435525973925132	-0.07846270823453358	0.1152328784985025	-0.14448608748307648	0.13720955118180791	-0.13086093734798476	0.0809858693060166	-0.2176804676538958	0.21096271385180007	-0.3080282241686114	0.1766245329703338	-0.18667928499138634	0.2140715683109255	-0.7235155226168506	1.0000000000000016	-0.29406974985218537	0.18556426470211287	-0.21618112851997404	0.23274847967692258	-0.3158356257069791	0.1879766938082513	-0.1387770218291923	0.19278476567719402	-0.19823627022086288	0.18360659373104213	-0.1590047971367284	0.15271235012891482
0.10339260858376666	-0.2013711173623341	0.15223754672025683	-0.14956992687695328	0.11076251704464564	-0.13359483963516922	0.1593166304148092	-0.17522807109086455	0.17641756615085763	-0.12364019471196384	0.1590442044983914	-0.2360697238028587	0.277205120087413	-0.3980993974647828	0.31043680194041284	-0.15575829666112964	0.20410638433198283	-0.29406974985218537	0.9999999999999988	-0.623865865465955	0.16381692372770176	-0.17750387135942616	0.19429397989400865	-0.26092863839698954	0.21398384529928174	-0.18507286329872957	0.14696289313614047	-0.16857275757601325	0.16669820053778023	-0.25532990881208617
-0.08012542448400145	0.15152311874159846	-0.1358196364156259	0.12817656379561018	-0.1174504763646245	0.10000500428329208	-0.12952637510518342	0.1470225102068829	-0.16308344138138817	0.1221663849533647	-0.12699644100882349	0.17577555079967153	-0.2792421594442149	0.2855214506343632	-0.5629985238130394	0.1166778553435153	-0.1607765783563818	0.18556426470211287	-0.623865865465955	1.000000000000002	-0.1308042792650235	0.13152879507907494	-0.15662511285996233	0.17632619731200558	-0.2864004104712633	0.13490145925436264	-0.11611259252760339	0.12629767886887056	-0.1391139732893076	0.22745445627767463
0.106028054523516	-0.16970658166555921	0.10995119929955637	-0.08831266258262208	0.06468415641403572	-0.13926876415485936	0.14083898112931975	-0.11755999486135264	0.1064797464527704	-0.06685314319518094	0.26526664161690916	-0.23017389936854765	0.1796065044981039	-0.11858728664103761	0.1325812618736312	-0.4663097736362437	0.2293697467661073	-0.21618112851997404	0.16381692372770176	-0.1308042792650235	0.9999999999999992	-0.3573705682579045	0.16923179534685118	-0.14277223444899262	0.1093198411267213	-0.6397189853453249	0.26960481119278	-0.15228153321993146	0.12140235273985578	-0.1322811815453116
-0.07777096146317292	0.12396318280365932	-0.0942751265338203	0.07682964390896282	-0.05902855465200443	0.09545795840293031	-0.11065373262205294	0.09925016326106625	-0.09549684559174514	0.06024115028520464	-0.18704363675566715	0.16277951207787655	-0.17680998722685254	0.1157612403967455	-0.13242315431477084	0.18860757381852208	-0.3288421645663606	0.23274847967692258	-0.17750387135942616	0.13152879507907494	-0.3573705682579045	1.0000000000000002	-0.3350721936268699	0.18693553503775354	-0.12475324973678308	0.2978678482186434	-0.6927381010081373	0.21702637977093991	-0.17607157548880364	0.13685626046606908
0.0634096578877105	-0.10968652833628817	0.0829660298557816	-0.07091339400881728	0.054559950406547236	-0.07952085915365695	0.0937918083292653	-0.08980096704637927	0.08670032206783321	-0.05710049656552951	0.12847302999515306	-0.13902529946986675	0.1598166335779338	-0.11764196450498733	0.13010030821830498	-0.1295386985717315	0.21562785254943956	-0.3158356257069791	0.19429397989400865	-0.15662511285996233	0.16923179534685118	-0.3350721936268699	0.9999999999999994	-0.5248797272506132	0.18433834123404222	-0.18352691820830247	0.2249843698228554	-0.5772284635710803	0.31180826686107427	-0.21370609716573158
-0.05754301545521308	0.10031745988966402	-0.07994518794994929	0.06934109864195975	-0.054706752658907364	0.07149156787929	-0.08649372851564015	0.08580028713801938	-0.08596219763554548	0.05703256367245098	-0.1124681123260501	0.12363335543612419	-0.15673628860194683	0.1235489416550564	-0.14060119276177743	0.10691077519984031	-0.16885065867808752	0.1879766938082513	-0.26092863839698954	0.17632619731200558	-0.14277223444899262	0.18693553503775354	-0.5248797272506132	0.9999999999999998	-0.3233179953996365	0.14400963680135614	-0.17642312904590893	0.31492296994743857	-0.6154604192089164	0.23884219591496628
0.05359957936663291	-0.09697449238456535	0.07877820287058163	-0.0700262131235266	0.05866886776007966	-0.06708468255575208	0.08181442607474865	-0.08419721817987846	0.08618641305194857	-0.06152694226739981	0.0936917718836393	-0.11498706678503123	0.14848802026300303	-0.12583605258890213	0.16669824233959424	-0.08790819400550688	0.12148756158134262	-0.1387770218291923	0.21398384529928174	-0.2864004104712633	0.1093198411267213	-0.12475324973678308	0.18433834123404222	-0.3233179953996365	0.9999999999999997	-0.11454620484917766	0.11078950166412779	-0.1560181421752661	0.18443150264136704	-0.839922230805222
-0.09508161977941275	0.14222665484851627	-0.11035865773474786	0.08782006739642964	-0.06819436947525068	0.11433496261378949	-0.12953314455371795	0.11346713263986023	-0.11027671809748947	0.06846252942790573	-0.2519911169912981	0.18482664604784238	-0.20073801870280947	0.12653343210433504	-0.14856095042038872	0.23844136747527098	-0.2287579881436742	0.19278476567719402	-0.18507286329872957	0.13490145925436264	-0.6397189853453249	0.2978678482186434	-0.18352691820830247	0.14400963680135614	-0.11454620484917766	1.0000000000000007	-0.5283110339989114	0.1610842111660552	-0.13880746752525558	0.12671534345293528
0.06784465752160346	-0.11194530206265772	0.08079221056101685	-0.06644212762307	0.05049204962769488	-0.08511576917238492	0.09586950894850511	-0.08598030346861382	0.08129068137533177	-0.05211132193894462	0.15185336513729328	-0.14529069072361692	0.1451248156424529	-0.09828823160559838	0.11120652198406958	-0.16042161224598664	0.20600175410069585	-0.19823627022086288	0.14696289313614047	-0.11611259252760339	0.26960481119278	-0.6927381010081373	0.2249843698228554	-0.17642312904590893	0.11078950166412779	-0.5283110339989114	1.0000000000000009	-0.25759555605135814	0.1628782548449057	-0.1306833538658247
-0.053282862840107546	0.09019139187241114	-0.07083035288153562	0.05980456192333784	-0.04676217033211204	0.06586376728321644	-0.07879393389621724	0.07539405929698595	-0.07418970515150818	0.04829284479309141	-0.11123350451283391	0.11346354905968484	-0.13822704258283539	0.09829409871777035	-0.11250162500206486	0.10666747403378972	-0.17205425506686536	0.18360659373104213	-0.16857275757601325	0.12629767886887056	-0.15228153321993146	0.21702637977093991	-0.5772284635710803	0.31492296994743857	-0.1560181421752661	0.1610842111660552	-0.25759555605135814	1.000000000000001	-0.6510431572502414	0.1597054816453371
0.04862018589105406	-0.08553250544871302	0.06518969602023789	-0.056512353465277415	0.04410009813955179	-0.06110889702631152	0.07212595220061592	-0.07035175832087194	0.06894385772766382	-0.046354388186615796	0.09354916775873137	-0.10549733935034752	0.12235476156502412	-0.09623599087734584	0.10811787397913826	-0.09155841871809423	0.13560467354576297	-0.1590047971367284	0.16669820053778023	-0.1391139732893076	0.12140235273985578	-0.17607157548880364	0.31180826686107427	-0.6154604192089164	0.18443150264136704	-0.13880746752525558	0.1628782548449057	-0.6510431572502414	1.0000000000000009	-0.2131718031599268
-0.062074058641478094	0.10922329249899086	-0.0950440153724749	0.08229661736648794	-0.0708978057652298	0.07604713351083935	-0.09603031884734106	0.09906080225637809	-0.10407637786443236	0.0718342827964984	-0.11266260827851024	0.12988347025020594	-0.18680311911924058	0.14417992859964648	-0.19898277352763588	0.10173528286457692	-0.14488124525907287	0.15271235012891482	-0.25532990881208617	0.22745445627767463	-0.1322811815453116	0.13685626046606908	-0.21370609716573158	0.23884219591496628	-0.839922230805222	0.12671534345293528	-0.1306833538658247	0.1597054816453371	-0.2131718031599268	1.0000000000000009
