1.0	-0.6835329913742348	0.278392794654305	-0.10502588469962663	0.08922915029897976	-0.1829983428833361	0.29351574333027564	-0.3757124068839128	0.12687210435082102	-0.10986353244879891	0.15333345720537664	-0.3699726269381323	0.17276968840421494	-0.14601201368611608	0.13549770939481418	-0.1022744554334008	0.1250957193674376	-0.15096680500427695	0.1292100930175473	-0.11776578842803347	0.08621467429046854	-0.1330973006010088	0.1687561488915417	-0.1418463559422451	0.10073957326080206	-0.11601633330241318	0.09539283252309423	-0.09589104301052243	0.07498788352865417	-0.10242518682947235	0.05306924437637681	-0.05755811535712147	0.06881334948911595	-0.07106671915826837	0.06838547692294164	-0.053670302219465865	0.049202059828066864	-0.06685739638298294	0.07396110191764455	-0.06212529159752399	0.04676863264940002	-0.03743662757483994	0.06372963307760837	-0.05344993897210709	0.09950553319079972
-0.6835329913742348	1.0	-0.4230582678968527	0.08681262558643982	-0.0760137681126678	0.12150070420103246	-0.463823102932033	0.2795672742067003	-0.09605503229798076	0.0807527829878035	-0.12090588526603305	0.270936828300558	-0.1316126997677586	0.10392857289448297	-0.10067652218679327	0.06803431431696712	-0.08908663771903762	0.1048224062089712	-0.09199148782530912	0.07950745492576863	-0.05864600872896401	0.09011904366290538	-0.11765708272398692	0.09516418687198182	-0.06958038885605859	0.0749863436224874	-0.0633915834279087	0.06235974798441079	-0.0491814253826387	0.06631632070738844	-0.034709463018514755	0.03745182488604128	-0.04502800896507978	0.04632319432019365	-0.044868269579521794	0.03482358106420727	-0.032098172460317195	0.043452257212567964	-0.04855349326020664	0.040568987242949356	-0.03067401512643245	0.024488517727434503	-0.041819489885858284	0.0349545847895414	-0.06538606575162635
0.278392794654305	-0.4230582678968527	1.0	-0.16774243054345495	0.12605352896805033	-0.08720423181663267	0.21305785787279358	-0.7913007204473748	0.12366912238999804	-0.11092804440337321	0.08645100573998732	-0.2152240330837192	0.1580779069635564	-0.1312013021776322	0.1261792553533065	-0.0697887855858271	0.08861463996674966	-0.12241045128254942	0.10576242875854353	-0.09580513097538843	0.059972681316369104	-0.092084693449373	0.12773141025444515	-0.11092187863389957	0.08193060214716769	-0.08030449040916317	0.06745600457893876	-0.06806887848263297	0.05441114937692639	-0.0738396093341224	0.03746515003018359	-0.040529083361032295	0.04913839794484091	-0.05088244085649344	0.04918486564530312	-0.037940553865739066	0.034935394569460654	-0.0474915496705832	0.05307782640398137	-0.04445032119343103	0.03343981630235561	-0.02671477921337779	0.04564288305596451	-0.03821670724461504	0.07144871726329004
-0.10502588469962663	0.08681262558643982	-0.16774243054345495	1.0	-0.8664774865749312	0.03685812189177712	-0.08325777151515669	0.1402032192222616	-0.26725752415038345	0.2559996316177206	-0.03905501134449116	0.09258904835100129	-0.13540531485885027	0.1489822791981951	-0.24219551242998594	0.049036016607787974	-0.06240558794746588	0.10106671609305926	-0.10001473169470797	0.11307000323878026	-0.04280966843441786	0.06462291129935357	-0.1027184446413536	0.10387166392854891	-0.09403527817977819	0.05947063082957062	-0.05099386683628778	0.0531956118758801	-0.04494936641468125	0.06117313825960107	-0.02854732651592819	0.030884966919021324	-0.03848717500212767	0.040365912676745976	-0.039017871385451784	0.029186575873121394	-0.02698245512737897	0.03693135459627704	-0.04162542214932908	0.03486273279685007	-0.025978352708668453	0.020745343129798866	-0.03559365305989666	0.029834786443120646	-0.055678911021232055
0.08922915029897976	-0.0760137681126678	0.12605352896805033	-0.8664774865749312	0.9999999999999996	-0.032715098374142125	0.07233611026475106	-0.1308717154838075	0.2112183331784827	-0.3658054711523248	0.0343745758063456	-0.08374928940219384	0.11598405439294045	-0.14109434550966177	0.20428040811862566	-0.04549635176994922	0.05681262613430297	-0.09315262187158634	0.08838494875872167	-0.10912800784959607	0.03939933267303261	-0.05964933175973041	0.09253950054029832	-0.09801544499440372	0.08419298130437909	-0.05566324307297974	0.047219512521564914	-0.04971143758454302	0.0418117796802388	-0.05740107636087483	0.026551214010613472	-0.028793926475293604	0.03576510857760464	-0.03759096294319735	0.03614661106494505	-0.027218637181652176	0.025094388346024683	-0.03442052370578668	0.038530763437507005	-0.0323643035081845	0.024062620643711737	-0.0192462461898443	0.032957785553452634	-0.027676073993889345	0.0514264395845827
-0.1829983428833361	0.12150070420103246	-0.08720423181663267	0.03685812189177712	-0.032715098374142125	0.9999999999999991	-0.1793457779206922	0.09811303303803014	-0.05119202916794414	0.04213962748599372	-0.9462522379400059	0.16233885253058744	-0.07158540887836438	0.05679612437537596	-0.055414253108928946	0.06699739410999579	-0.059849762206182225	0.06144968472767632	-0.05415466817125648	0.04582184580105362	-0.057974445359239964	0.06000558129902924	-0.07467345339506426	0.05629480514635615	-0.0409085789318682	0.05374976584648558	-0.04504064806595888	0.041510483929715986	-0.0320728452677605	0.04252216361296899	-0.02417002028910019	0.025662535372656742	-0.030229913702949338	0.03057624286088279	-0.029788570896804038	0.023441863424836538	-0.021708862121703695	0.028973714166418193	-0.032443826992291334	0.026892484061138325	-0.020651719258383484	0.01644394414045976	-0.028060672168811265	0.0233155133061638	-0.043581193702817
0.29351574333027564	-0.463823102932033	0.21305785787279358	-0.08325777151515669	0.07233611026475106	-0.1793457779206922	0.9999999999999996	-0.2495873900134144	0.11271208140131601	-0.09306779787516568	0.1561978978982551	-0.7304454393728964	0.1787054165004794	-0.13914994455930796	0.11430017708271667	-0.09191677544217745	0.13304303387291483	-0.1430351174379698	0.11654604264396483	-0.09559804524013275	0.0773019633115897	-0.13401001491348385	0.14075493598406424	-0.1185649372710761	0.08356545049425239	-0.09509979418237946	0.0808494677276154	-0.07722716034703545	0.060185493669195476	-0.08079075020373025	0.043008645671286524	-0.04641490744101669	0.05497425349935773	-0.05622532323643463	0.05412723818330951	-0.04252555363367547	0.03916749036196753	-0.05289360670260451	0.05843659210398684	-0.04881407899081826	0.037027719692399756	-0.02960695117704738	0.050404504296032	-0.04212350399315687	0.07802351325063044
-0.3757124068839128	0.2795672742067003	-0.7913007204473748	0.1402032192222616	-0.1308717154838075	0.09811303303803014	-0.2495873900134144	0.9999999999999986	-0.14592593667839668	0.11896850750978502	-0.10396879344998726	0.20950150382043706	-0.21141946767049583	0.14604390592720087	-0.14834549915404596	0.0759217806031838	-0.09864431446828865	0.1371443395091351	-0.12449686837066522	0.10450403866289629	-0.06664971373260155	0.09953988337842888	-0.15046280736264697	0.12174563190183672	-0.09292101328451485	0.08689588681716434	-0.07449647806118896	0.07438563652839225	-0.05992304537679317	0.0803835867258042	-0.041212975155158336	0.04438864356411927	-0.05427925475527788	0.056064441748213914	-0.054674551996146445	0.041632282352073835	-0.03852901893688257	0.05221481911669924	-0.059136220250710615	0.049281343452607936	-0.03720620080190213	0.02963310588132502	-0.050824984937726844	0.042418700510776966	-0.08000082363816179
0.12687210435082102	-0.09605503229798076	0.12366912238999804	-0.26725752415038345	0.2112183331784827	-0.05119202916794414	0.11271208140131601	-0.14592593667839668	1.0000000000000024	-0.5550389411939121	0.054418054126886155	-0.14571053030530007	0.2565669254792399	-0.5722159222668082	0.2816506662309943	-0.08389105703870366	0.10784485052620427	-0.20371393485879488	0.17295495184434992	-0.19280884405324492	0.07179750830254776	-0.11353530949387497	0.16354771944125807	-0.19175085863488853	0.14374217208171255	-0.10129973711290138	0.08555345765889481	-0.09002108032808816	0.07547444923501133	-0.10374151703959009	0.04773853648117453	-0.05187048256246666	0.06406257022003393	-0.06738682320915045	0.06431685249593937	-0.04880720311207516	0.04489873939184278	-0.061688450479774296	0.0683929004025034	-0.05758194981865891	0.04274856239672806	-0.0342575799920258	0.05852371902032136	-0.04922201066822636	0.09077262535886893
-0.10986353244879891	0.0807527829878035	-0.11092804440337321	0.2559996316177206	-0.3658054711523248	0.04213962748599372	-0.09306779787516568	0.11896850750978502	-0.5550389411939121	0.9999999999999998	-0.04526499498850415	0.11048798276408191	-0.1966660628540097	0.23616197902183433	-0.5950103520828266	0.0663427253287766	-0.08464661221949271	0.14486313275417542	-0.14423097928153708	0.18761450915687133	-0.057779997949748495	0.08786785879021536	-0.13971752600020043	0.15381214735070134	-0.14754521685201644	0.08139898833303212	-0.06987989551876342	0.07373934931090473	-0.06336046708100333	0.08664109840291824	-0.039125515828299554	0.042381845678975176	-0.05310491742349525	0.05596673058397604	-0.05389089335236886	0.04008551877998324	-0.037047653238595823	0.050875407343547445	-0.057188423891342384	0.04797839475950998	-0.035592792598431476	0.028453053795201702	-0.04881734606218568	0.040978866538019965	-0.07613491050410379
0.15333345720537664	-0.12090588526603305	0.08645100573998732	-0.03905501134449116	0.0343745758063456	-0.9462522379400059	0.1561978978982551	-0.10396879344998726	0.054418054126886155	-0.04526499498850415	0.9999999999999996	-0.19137716965499144	0.07680872837259063	-0.06204431477039126	0.058715897386948816	-0.07678108140179218	0.06528900076153119	-0.06739340733921856	0.05828857570860017	-0.04990944682917001	0.061785572936025525	-0.06660663655718435	0.07938793154013311	-0.0615117083455596	0.04414854486126176	-0.05931994066716973	0.04888843500254352	-0.045423757870317105	0.03494390927232538	-0.046573431067441017	0.026310691057964696	-0.028030684992237147	0.03285168025237517	-0.033273781595859454	0.032263701356797576	-0.025567587394091283	0.023607111156581654	-0.03156794814095498	0.03508615954071117	-0.029158515294564775	0.022347436372570306	-0.017824948486733362	0.030352336663138618	-0.025264633796560656	0.046997353418920446
-0.3699726269381323	0.270936828300558	-0.2152240330837192	0.09258904835100129	-0.08374928940219384	0.16233885253058744	-0.7304454393728964	0.20950150382043706	-0.14571053030530007	0.11048798276408191	-0.19137716965499144	1.0000000000000018	-0.2835478758896475	0.16760222859846988	-0.14313667593105753	0.10861104425248419	-0.1960700115649744	0.17490881999484834	-0.15009759128251415	0.11124717492911876	-0.09540329012443352	0.1594837019236521	-0.17824888099535907	0.13909305627468105	-0.10082910362678851	0.10969616723814402	-0.09721436798548931	0.08982651393627127	-0.07049122928591232	0.0930896352940968	-0.05052464096974476	0.05414603011429431	-0.06452454225782549	0.06560622924900586	-0.06368197495769722	0.04947192823081481	-0.04585531613830527	0.06161012416133469	-0.06886838469394362	0.05718286955168382	-0.04361880823722657	0.03476797795114541	-0.059397987405029246	0.049441126371094685	-0.09215640114595033
0.17276968840421494	-0.1316126997677586	0.1580779069635564	-0.13540531485885027	0.11598405439294045	-0.07158540887836438	0.1787054165004794	-0.21141946767049583	0.2565669254792399	-0.1966660628540097	0.07680872837259063	-0.2835478758896475	1.0000000000000007	-0.6097119728997749	0.20150472990123164	-0.10911355199884944	0.16596941683254018	-0.484210920731729	0.2512736167495913	-0.16937134003867235	0.09230970153890818	-0.16523564072099337	0.1972164777653247	-0.22405542373871135	0.14470523190976328	-0.1196082154391664	0.10313540157205682	-0.10282560645998932	0.08447087789968348	-0.1132441617356853	0.0552308998844698	-0.05979154427804886	0.07260460576599709	-0.0754183803664331	0.07204566195718082	-0.05527369401212749	0.05097110672398153	-0.06952187496738883	0.0768181470504982	-0.06436795491409895	0.04824139243411845	-0.03862670218550848	0.06591151378136988	-0.05524972909550947	0.10166308459381355
-0.14601201368611608	0.10392857289448297	-0.1312013021776322	0.1489822791981951	-0.14109434550966177	0.05679612437537596	-0.13914994455930796	0.14604390592720087	-0.5722159222668082	0.23616197902183433	-0.06204431477039126	0.16760222859846988	-0.6097119728997749	1.0000000000000009	-0.26585932976164656	0.08431616951249307	-0.1228926355655514	0.24034469630809796	-0.23805414206343137	0.15658157125032726	-0.07374688967718607	0.11944624312305337	-0.1734666336154473	0.1814521990392526	-0.14078573440003497	0.09672000573169334	-0.08454458335057635	0.08529275862337923	-0.07175404302019951	0.09581912596378633	-0.04587899191264125	0.04951619257712801	-0.061171022676544264	0.06374072298126154	-0.061460850041394705	0.04622707631882757	-0.04280432538947124	0.058391104248577505	-0.06549102435972534	0.054721770866945095	-0.040955292003788904	0.03270993567680122	-0.05606148373221767	0.046920020002705565	-0.08710478360918009
0.13549770939481418	-0.10067652218679327	0.1261792553533065	-0.24219551242998594	0.20428040811862566	-0.055414253108928946	0.11430017708271667	-0.14834549915404596	0.2816506662309943	-0.5950103520828266	0.058715897386948816	-0.14313667593105753	0.20150472990123164	-0.26585932976164656	1.000000000000001	-0.1009526943910367	0.11962773943793222	-0.2015909124698729	0.18930207351510964	-0.4322414863931901	0.08668183303246328	-0.12936382219343942	0.20488874770364263	-0.259086088931744	0.23452322309975035	-0.12917346883241815	0.1084085515956762	-0.11847564228358781	0.10207964864087873	-0.14361617639497593	0.06173960225453284	-0.0672525099720066	0.08435738923172899	-0.08975592189825518	0.08537956138340086	-0.06392525944374894	0.058763389610300344	-0.0812861804715294	0.09022343768082691	-0.0762445351742651	0.05608635006513256	-0.04499230908301822	0.07695616780869999	-0.06490733458353551	0.11950105087364477
-0.1022744554334008	0.06803431431696712	-0.0697887855858271	0.049036016607787974	-0.04549635176994922	0.06699739410999579	-0.09191677544217745	0.0759217806031838	-0.08389105703870366	0.0663427253287766	-0.07678108140179218	0.10861104425248419	-0.10911355199884944	0.08431616951249307	-0.1009526943910367	1.0000000000000009	-0.29997417250364417	0.13126014879019013	-0.11994091180073577	0.08546718282109415	-0.8319060431285782	0.22262694473181627	-0.2030071176724027	0.11438461950293123	-0.08562496224504408	0.24449010511726124	-0.20705721878282815	0.13686700183137054	-0.09904088872918039	0.1177875298079258	-0.098120201371897	0.09556911081200653	-0.10291430443787913	0.09544717027147981	-0.09528050258823302	0.07924417837966435	-0.07554291599141286	0.09378292975981148	-0.10592391823385974	0.08418164200835986	-0.06973244397184836	0.05482152325521897	-0.0933326862371673	0.07522062837298867	-0.1390411366849762
0.1250957193674376	-0.08908663771903762	0.08861463996674966	-0.06240558794746588	0.05681262613430297	-0.059849762206182225	0.13304303387291483	-0.09864431446828865	0.10784485052620427	-0.08464661221949271	0.06528900076153119	-0.1960700115649744	0.16596941683254018	-0.1228926355655514	0.11962773943793222	-0.29997417250364417	1.0000000000000027	-0.3042622213111229	0.1822720567810295	-0.10637256806662163	0.20610734918251586	-0.7925143434507014	0.2213724232279505	-0.15624593295567343	0.10371377627219534	-0.18866859766695304	0.17812567206586688	-0.13429381561953965	0.09335708409939225	-0.1179656826205761	0.07599036160266266	-0.08166929863166748	0.08825200814169105	-0.08522449600992282	0.08093618583987337	-0.06755286369449737	0.06269634243265632	-0.08241214474819304	0.08726057552515049	-0.07171430853592137	0.056452605618904084	-0.04521233480326953	0.0761419414385245	-0.0629165052309167	0.112642972299515
-0.15096680500427695	0.1048224062089712	-0.12241045128254942	0.10106671609305926	-0.09315262187158634	0.06144968472767632	-0.1430351174379698	0.1371443395091351	-0.20371393485879488	0.14486313275417542	-0.06739340733921856	0.17490881999484834	-0.484210920731729	0.24034469630809796	-0.2015909124698729	0.13126014879019013	-0.3042622213111229	1.0000000000000018	-0.6172550826360473	0.16677388736388923	-0.11531986292251434	0.21568515174223668	-0.27137461380577543	0.26585202792133117	-0.1745983951730561	0.13367204940184257	-0.1227334402836954	0.11493215713840287	-0.09563564863116084	0.12290879964263807	-0.062219835571477075	0.06678593229092071	-0.081208977481988	0.08332813742052703	-0.08024646302498914	0.06085783044581299	-0.05660716965603151	0.07661546601914823	-0.08540709084592744	0.07092510666757443	-0.053622794962203416	0.04280149110401185	-0.07327491596740543	0.06108057739469494	-0.11258462587967144
0.1292100930175473	-0.09199148782530912	0.10576242875854353	-0.10001473169470797	0.08838494875872167	-0.05415466817125648	0.11654604264396483	-0.12449686837066522	0.17295495184434992	-0.14423097928153708	0.05828857570860017	-0.15009759128251415	0.2512736167495913	-0.23805414206343137	0.18930207351510964	-0.11994091180073577	0.1822720567810295	-0.6172550826360473	1.0000000000000002	-0.2219373171143057	0.10126697017823937	-0.18987872280925294	0.23775605506383557	-0.563031047039984	0.21397748023854268	-0.13347187181651352	0.11770447583703436	-0.12120843580600726	0.10837606033183571	-0.13937082803740897	0.06246612789750666	-0.06766987048763488	0.08424341613385229	-0.0891327776657296	0.08392171048042638	-0.06250225374784849	0.05789599004249066	-0.07960751433788983	0.08799433888067752	-0.07373690338034548	0.05469226678986543	-0.04382951644168355	0.0750310155197299	-0.06298161712803926	0.1148227397504098
-0.11776578842803347	0.07950745492576863	-0.09580513097538843	0.11307000323878026	-0.10912800784959607	0.04582184580105362	-0.09559804524013275	0.10450403866289629	-0.19280884405324492	0.18761450915687133	-0.04990944682917001	0.11124717492911876	-0.16937134003867235	0.15658157125032726	-0.4322414863931901	0.08546718282109415	-0.10637256806662163	0.16677388736388923	-0.2219373171143057	0.999999999999999	-0.0766233414813137	0.11091051061215303	-0.22139379542533238	0.2738341312727546	-0.7323985338536586	0.1110123709051681	-0.10153444569516312	0.11056214036078385	-0.11150660736765891	0.14943966597156008	-0.0569970934469234	0.06130894767263819	-0.08189911142341891	0.08777510199046104	-0.0864667167574885	0.058765801540297306	-0.05523235256302503	0.07622485224100255	-0.08926175767843397	0.07408785064634463	-0.05423777792004266	0.04311509885156611	-0.07510967163470461	0.06280360946502538	-0.11798500746992646
0.08621467429046854	-0.05864600872896401	0.059972681316369104	-0.04280966843441786	0.03939933267303261	-0.057974445359239964	0.0773019633115897	-0.06664971373260155	0.07179750830254776	-0.057779997949748495	0.061785572936025525	-0.09540329012443352	0.09230970153890818	-0.07374688967718607	0.08668183303246328	-0.8319060431285782	0.20610734918251586	-0.11531986292251434	0.10126697017823937	-0.0766233414813137	0.9999999999999973	-0.23488388099964286	0.17033512981781923	-0.10286436916499002	0.07559436741822982	-0.3730226367711809	0.19625268823132194	-0.13649444856645018	0.0932631606269319	-0.11372097538856316	0.09894692356362501	-0.09887762350816197	0.09636654964265512	-0.08903563115660626	0.0860935871663545	-0.07787921042981372	0.07204722348757986	-0.08925226077486963	0.09472037573431305	-0.07617335783913537	0.06313820025538001	-0.05027729527041638	0.08383888088759267	-0.06817182207499564	0.1215512893635129
-0.1330973006010088	0.09011904366290538	-0.092084693449373	0.06462291129935357	-0.05964933175973041	0.06000558129902924	-0.13401001491348385	0.09953988337842888	-0.11353530949387497	0.08786785879021536	-0.06660663655718435	0.1594837019236521	-0.16523564072099337	0.11944624312305337	-0.12936382219343942	0.22262694473181627	-0.7925143434507014	0.21568515174223668	-0.18987872280925294	0.11091051061215303	-0.23488388099964286	0.9999999999999967	-0.30673150302459623	0.15799906327515315	-0.11118992786709124	0.20007791931641863	-0.2538721171101558	0.15228008710099436	-0.10574742208374689	0.1289415286891223	-0.08687469163681615	0.09210545551282426	-0.10104923888435313	0.09561709670182182	-0.0917257050444209	0.07553226591868002	-0.07099460041429373	0.0924865066750918	-0.09910740382516191	0.08076122446376365	-0.064151414306236	0.051169127961994174	-0.08656950595903434	0.07109411112189129	-0.12792317340137796
0.1687561488915417	-0.11765708272398692	0.12773141025444515	-0.1027184446413536	0.09253950054029832	-0.07467345339506426	0.14075493598406424	-0.15046280736264697	0.16354771944125807	-0.13971752600020043	0.07938793154013311	-0.17824888099535907	0.1972164777653247	-0.1734666336154473	0.20488874770364263	-0.2030071176724027	0.2213724232279505	-0.27137461380577543	0.23775605506383557	-0.22139379542533238	0.17033512981781923	-0.30673150302459623	0.9999999999999993	-0.36634152973442324	0.20382539762853466	-0.2726294749169668	0.21826049164049907	-0.2574141831514959	0.18407177631242005	-0.2561084442442393	0.12420707758537566	-0.13718479861607974	0.166548763947485	-0.17262160815923877	0.16048145872191627	-0.12933535809810406	0.11700671683854483	-0.1635669555355057	0.1719194358126817	-0.14668978993558782	0.10866175635795902	-0.08790403071600618	0.1482915792107964	-0.12574628817501515	0.22667969402558347
-0.1418463559422451	0.09516418687198182	-0.11092187863389957	0.10387166392854891	-0.09801544499440372	0.05629480514635615	-0.1185649372710761	0.12174563190183672	-0.19175085863488853	0.15381214735070134	-0.0615117083455596	0.13909305627468105	-0.22405542373871135	0.1814521990392526	-0.259086088931744	0.11438461950293123	-0.15624593295567343	0.26585202792133117	-0.563031047039984	0.2738341312727546	-0.10286436916499002	0.15799906327515315	-0.36634152973442324	0.9999999999999999	-0.4867567359038221	0.14358983541631606	-0.13304374621133247	0.14493953645796356	-0.15824246018931692	0.17768025203394963	-0.07248645977933464	0.07803031503774281	-0.10394880880513595	0.11178168383811493	-0.10707354500249332	0.07385932818484953	-0.06933326861940227	0.09591311082804911	-0.11016227093270774	0.09145595814853084	-0.06706904230480451	0.05346878082940174	-0.09280741805644677	0.0776590680357922	-0.14352322267470746
0.10073957326080206	-0.06958038885605859	0.08193060214716769	-0.09403527817977819	0.08419298130437909	-0.0409085789318682	0.08356545049425239	-0.09292101328451485	0.14374217208171255	-0.14754521685201644	0.04414854486126176	-0.10082910362678851	0.14470523190976328	-0.14078573440003497	0.23452322309975035	-0.08562496224504408	0.10371377627219534	-0.1745983951730561	0.21397748023854268	-0.7323985338536586	0.07559436741822982	-0.11118992786709124	0.20382539762853466	-0.4867567359038221	1.0000000000000016	-0.1141841598680381	0.1040110635488347	-0.1201230364654446	0.1275991985948165	-0.19614800135614874	0.05808360946599733	-0.06291738733939486	0.08509151609556687	-0.09381485937757886	0.0889843965359463	-0.060078471975866035	0.056242244736678104	-0.078826880021607	0.08993268750603906	-0.07550508172243804	0.054228190187641245	-0.043382842240972413	0.07529926844468224	-0.06345159954646681	0.11611652123879512
-0.11601633330241318	0.0749863436224874	-0.08030449040916317	0.05947063082957062	-0.05566324307297974	0.05374976584648558	-0.09509979418237946	0.08689588681716434	-0.10129973711290138	0.08139898833303212	-0.05931994066716973	0.10969616723814402	-0.1196082154391664	0.09672000573169334	-0.12917346883241815	0.24449010511726124	-0.18866859766695304	0.13367204940184257	-0.13347187181651352	0.1110123709051681	-0.3730226367711809	0.20007791931641863	-0.2726294749169668	0.14358983541631606	-0.1141841598680381	1.0000000000000007	-0.6207957251017389	0.2675884740505864	-0.18607901754838135	0.20022438213065596	-0.2737436682033653	0.21973174337794163	-0.20552401683159743	0.1752956730506363	-0.17575308695270503	0.16112273292187398	-0.15575261109216557	0.1779076276995543	-0.19621043221585563	0.1520861802366815	-0.1338231358943659	0.10483640605099115	-0.17581784317206273	0.1389100681837544	-0.25011620550863894
0.09539283252309423	-0.0633915834279087	0.06745600457893876	-0.05099386683628778	0.047219512521564914	-0.04504064806595888	0.0808494677276154	-0.07449647806118896	0.08555345765889481	-0.06987989551876342	0.04888843500254352	-0.09721436798548931	0.10313540157205682	-0.08454458335057635	0.1084085515956762	-0.20705721878282815	0.17812567206586688	-0.1227334402836954	0.11770447583703436	-0.10153444569516312	0.19625268823132194	-0.2538721171101558	0.21826049164049907	-0.13304374621133247	0.1040110635488347	-0.6207957251017389	1.0000000000000004	-0.5123152215943008	0.212033058968685	-0.24254487673746197	0.199183084529535	-0.24963735162787443	0.20894661520891375	-0.17991187957256766	0.15740577536734235	-0.15148005301804582	0.14107748551282484	-0.18486414808903465	0.16574097753990766	-0.13458453031690143	0.11102561482924189	-0.09070412344419417	0.1478747075603306	-0.12128473446807175	0.1963139871289848
-0.09589104301052243	0.06235974798441079	-0.06806887848263297	0.0531956118758801	-0.04971143758454302	0.041510483929715986	-0.07722716034703545	0.07438563652839225	-0.09002108032808816	0.07373934931090473	-0.045423757870317105	0.08982651393627127	-0.10282560645998932	0.08529275862337923	-0.11847564228358781	0.13686700183137054	-0.13429381561953965	0.11493215713840287	-0.12120843580600726	0.11056214036078385	-0.13649444856645018	0.15228008710099436	-0.2574141831514959	0.14493953645796356	-0.1201230364654446	0.2675884740505864	-0.5123152215943008	1.000000000000001	-0.47893572935099454	0.29186204383714603	-0.16486730474056488	0.176688595968521	-0.39278227544083033	0.2513071400395247	-0.22645173855715964	0.1543474597027854	-0.15696595164746896	0.2331838616674065	-0.2272444745941234	0.17699010486542993	-0.13849057116642413	0.11096990230952912	-0.19797921336565388	0.15772744520093956	-0.261312972025622
0.07498788352865417	-0.0491814253826387	0.05441114937692639	-0.04494936641468125	0.0418117796802388	-0.0320728452677605	0.060185493669195476	-0.05992304537679317	0.07547444923501133	-0.06336046708100333	0.03494390927232538	-0.07049122928591232	0.08447087789968348	-0.07175404302019951	0.10207964864087873	-0.09904088872918039	0.09335708409939225	-0.09563564863116084	0.10837606033183571	-0.11150660736765891	0.0932631606269319	-0.10574742208374689	0.18407177631242005	-0.15824246018931692	0.1275991985948165	-0.18607901754838135	0.212033058968685	-0.47893572935099454	1.0000000000000002	-0.698936583497224	0.10939222575689381	-0.12116328263436295	0.21778580608755282	-0.3620998360215663	0.21824560484790462	-0.11451432309686117	0.1109079087732661	-0.1752633796018706	0.1882732865049783	-0.16158232394477992	0.10136244068612388	-0.08278308148366784	0.147056736248539	-0.12794117007403946	0.20515364480593157
-0.10242518682947235	0.06631632070738844	-0.0738396093341224	0.06117313825960107	-0.05740107636087483	0.04252216361296899	-0.08079075020373025	0.0803835867258042	-0.10374151703959009	0.08664109840291824	-0.046573431067441017	0.0930896352940968	-0.1132441617356853	0.09581912596378633	-0.14361617639497593	0.1177875298079258	-0.1179656826205761	0.12290879964263807	-0.13937082803740897	0.14943966597156008	-0.11372097538856316	0.1289415286891223	-0.2561084442442393	0.17768025203394963	-0.19614800135614874	0.20022438213065596	-0.24254487673746197	0.29186204383714603	-0.698936583497224	1.0000000000000004	-0.12858928259899854	0.13585348038873682	-0.23233278676589117	0.2658300610226778	-0.27868128216949345	0.13316937104675233	-0.1322041163790818	0.1878745077355576	-0.2426562498116042	0.1964478673293669	-0.13281890869329988	0.10497328162128138	-0.19114088822091113	0.15946131116130163	-0.29506311572463967
0.05306924437637681	-0.034709463018514755	0.03746515003018359	-0.02854732651592819	0.026551214010613472	-0.02417002028910019	0.043008645671286524	-0.041212975155158336	0.04773853648117453	-0.039125515828299554	0.026310691057964696	-0.05052464096974476	0.0552308998844698	-0.04587899191264125	0.06173960225453284	-0.098120201371897	0.07599036160266266	-0.062219835571477075	0.06246612789750666	-0.0569970934469234	0.09894692356362501	-0.08687469163681615	0.12420707758537566	-0.07248645977933464	0.05808360946599733	-0.2737436682033653	0.199183084529535	-0.16486730474056488	0.10939222575689381	-0.12858928259899854	0.9999999999999996	-0.8173590346154478	0.18297834244627614	-0.12910664175535705	0.11274311369116384	-0.3614199005898465	0.23754653132358178	-0.18327932843907105	0.12890084768573637	-0.09986203942528811	0.12114586588206838	-0.10320409250264614	0.13011728199205685	-0.1025592299893428	0.1395555788373906
-0.05755811535712147	0.03745182488604128	-0.040529083361032295	0.030884966919021324	-0.028793926475293604	0.025662535372656742	-0.04641490744101669	0.04438864356411927	-0.05187048256246666	0.042381845678975176	-0.028030684992237147	0.05414603011429431	-0.05979154427804886	0.04951619257712801	-0.0672525099720066	0.09556911081200653	-0.08166929863166748	0.06678593229092071	-0.06766987048763488	0.06130894767263819	-0.09887762350816197	0.09210545551282426	-0.13718479861607974	0.07803031503774281	-0.06291738733939486	0.21973174337794163	-0.24963735162787443	0.176688595968521	-0.12116328263436295	0.13585348038873682	-0.8173590346154478	0.9999999999999962	-0.24383999434009226	0.14274765677662424	-0.1292652776699938	0.2551833789134793	-0.29381823044721644	0.19488979731756342	-0.14742435910970828	0.11112196135436248	-0.13683175269706066	0.11241868361202631	-0.14841612929966688	0.11347083455951873	-0.15919196798937535
0.06881334948911595	-0.04502800896507978	0.04913839794484091	-0.03848717500212767	0.03576510857760464	-0.030229913702949338	0.05497425349935773	-0.05427925475527788	0.06406257022003393	-0.05310491742349525	0.03285168025237517	-0.06452454225782549	0.07260460576599709	-0.061171022676544264	0.08435738923172899	-0.10291430443787913	0.08825200814169105	-0.081208977481988	0.08424341613385229	-0.08189911142341891	0.09636654964265512	-0.10104923888435313	0.166548763947485	-0.10394880880513595	0.08509151609556687	-0.20552401683159743	0.20894661520891375	-0.39278227544083033	0.21778580608755282	-0.23233278676589117	0.18297834244627614	-0.24383999434009226	0.9999999999999977	-0.4070884328069775	0.2270559808166956	-0.21974446571469763	0.2151402409233416	-0.6387969699636903	0.22795024202500772	-0.18731215562942755	0.14641273603272797	-0.13027057828592303	0.2207994040124269	-0.18422261422700215	0.21718888403883593
-0.07106671915826837	0.04632319432019365	-0.05088244085649344	0.040365912676745976	-0.03759096294319735	0.03057624286088279	-0.05622532323643463	0.056064441748213914	-0.06738682320915045	0.05596673058397604	-0.033273781595859454	0.06560622924900586	-0.0754183803664331	0.06374072298126154	-0.08975592189825518	0.09544717027147981	-0.08522449600992282	0.08332813742052703	-0.0891327776657296	0.08777510199046104	-0.08903563115660626	0.09561709670182182	-0.17262160815923877	0.11178168383811493	-0.09381485937757886	0.1752956730506363	-0.17991187957256766	0.2513071400395247	-0.3620998360215663	0.2658300610226778	-0.12910664175535705	0.14274765677662424	-0.4070884328069775	0.9999999999999948	-0.599042465960303	0.14699682434686853	-0.146688638269746	0.2450231896706105	-0.36663463840890675	0.27782133388661	-0.13697484875856206	0.11369968756639856	-0.21540360930230545	0.1991709337910518	-0.29252548730145567
0.06838547692294164	-0.044868269579521794	0.04918486564530312	-0.039017871385451784	0.03614661106494505	-0.029788570896804038	0.05412723818330951	-0.054674551996146445	0.06431685249593937	-0.05389089335236886	0.032263701356797576	-0.06368197495769722	0.07204566195718082	-0.061460850041394705	0.08537956138340086	-0.09528050258823302	0.08093618583987337	-0.08024646302498914	0.08392171048042638	-0.0864667167574885	0.0860935871663545	-0.0917257050444209	0.16048145872191627	-0.10707354500249332	0.0889843965359463	-0.17575308695270503	0.15740577536734235	-0.22645173855715964	0.21824560484790462	-0.27868128216949345	0.11274311369116384	-0.1292652776699938	0.2270559808166956	-0.599042465960303	0.9999999999999954	-0.13809359125788584	0.1267168062282057	-0.2179347304860284	0.26820071323955386	-0.5768646952852086	0.1159896168660726	-0.09966249467019485	0.17688921505772565	-0.18380374004287806	0.28645949493967077
-0.053670302219465865	0.03482358106420727	-0.037940553865739066	0.029186575873121394	-0.027218637181652176	0.023441863424836538	-0.04252555363367547	0.041632282352073835	-0.04880720311207516	0.04008551877998324	-0.025567587394091283	0.04947192823081481	-0.05527369401212749	0.04622707631882757	-0.06392525944374894	0.07924417837966435	-0.06755286369449737	0.06085783044581299	-0.06250225374784849	0.058765801540297306	-0.07787921042981372	0.07553226591868002	-0.12933535809810406	0.07385932818484953	-0.060078471975866035	0.16112273292187398	-0.15148005301804582	0.1543474597027854	-0.11451432309686117	0.13316937104675233	-0.3614199005898465	0.2551833789134793	-0.21974446571469763	0.14699682434686853	-0.13809359125788584	0.9999999999999946	-0.7669823822668355	0.2464634493958889	-0.17629894611354618	0.12387372070751441	-0.2573505355964468	0.1978371230111461	-0.20332407103697747	0.14422825397454825	-0.17456727426215363
0.049202059828066864	-0.032098172460317195	0.034935394569460654	-0.02698245512737897	0.025094388346024683	-0.021708862121703695	0.03916749036196753	-0.03852901893688257	0.04489873939184278	-0.037047653238595823	0.023607111156581654	-0.04585531613830527	0.05097110672398153	-0.04280432538947124	0.058763389610300344	-0.07554291599141286	0.06269634243265632	-0.05660716965603151	0.05789599004249066	-0.05523235256302503	0.07204722348757986	-0.07099460041429373	0.11700671683854483	-0.06933326861940227	0.056242244736678104	-0.15575261109216557	0.14107748551282484	-0.15696595164746896	0.1109079087732661	-0.1322041163790818	0.23754653132358178	-0.29381823044721644	0.2151402409233416	-0.146688638269746	0.1267168062282057	-0.7669823822668355	0.999999999999995	-0.3762552978536015	0.15875306555819893	-0.11648843141236119	0.21242797683508952	-0.24457484950585243	0.19138369402925112	-0.14287864445477072	0.15344235608637624
-0.06685739638298294	0.043452257212567964	-0.0474915496705832	0.03693135459627704	-0.03442052370578668	0.028973714166418193	-0.05289360670260451	0.05221481911669924	-0.061688450479774296	0.050875407343547445	-0.03156794814095498	0.06161012416133469	-0.06952187496738883	0.058391104248577505	-0.0812861804715294	0.09378292975981148	-0.08241214474819304	0.07661546601914823	-0.07960751433788983	0.07622485224100255	-0.08925226077486963	0.0924865066750918	-0.1635669555355057	0.09591311082804911	-0.078826880021607	0.1779076276995543	-0.18486414808903465	0.2331838616674065	-0.1752633796018706	0.1878745077355576	-0.18327932843907105	0.19488979731756342	-0.6387969699636903	0.2450231896706105	-0.2179347304860284	0.2464634493958889	-0.3762552978536015	0.9999999999999959	-0.2839607262528866	0.18316800913187392	-0.20176727224194685	0.17518705185699313	-0.37294070144263747	0.22117360495433366	-0.23891182186027532
0.07396110191764455	-0.04855349326020664	0.05307782640398137	-0.04162542214932908	0.038530763437507005	-0.032443826992291334	0.05843659210398684	-0.059136220250710615	0.0683929004025034	-0.057188423891342384	0.03508615954071117	-0.06886838469394362	0.0768181470504982	-0.06549102435972534	0.09022343768082691	-0.10592391823385974	0.08726057552515049	-0.08540709084592744	0.08799433888067752	-0.08926175767843397	0.09472037573431305	-0.09910740382516191	0.1719194358126817	-0.11016227093270774	0.08993268750603906	-0.19621043221585563	0.16574097753990766	-0.2272444745941234	0.1882732865049783	-0.2426562498116042	0.12890084768573637	-0.14742435910970828	0.22795024202500772	-0.36663463840890675	0.26820071323955386	-0.17629894611354618	0.15875306555819893	-0.2839607262528866	0.9999999999999949	-0.4273596063805837	0.16096014105643194	-0.15291578118195542	0.2887186658136238	-0.5754202616769858	0.2971739715670224
-0.06212529159752399	0.040568987242949356	-0.04445032119343103	0.03486273279685007	-0.0323643035081845	0.026892484061138325	-0.04881407899081826	0.049281343452607936	-0.05758194981865891	0.04797839475950998	-0.029158515294564775	0.05718286955168382	-0.06436795491409895	0.054721770866945095	-0.0762445351742651	0.08418164200835986	-0.07171430853592137	0.07092510666757443	-0.07373690338034548	0.07408785064634463	-0.07617335783913537	0.08076122446376365	-0.14668978993558782	0.09145595814853084	-0.07550508172243804	0.1520861802366815	-0.13458453031690143	0.17699010486542993	-0.16158232394477992	0.1964478673293669	-0.09986203942528811	0.11112196135436248	-0.18731215562942755	0.27782133388661	-0.5768646952852086	0.12387372070751441	-0.11648843141236119	0.18316800913187392	-0.4273596063805837	0.9999999999999953	-0.1237236750304703	0.10444088334285885	-0.20377078667333784	0.2203417222893294	-0.5731967683276522
0.04676863264940002	-0.03067401512643245	0.03343981630235561	-0.025978352708668453	0.024062620643711737	-0.020651719258383484	0.037027719692399756	-0.03720620080190213	0.04274856239672806	-0.035592792598431476	0.022347436372570306	-0.04361880823722657	0.04824139243411845	-0.040955292003788904	0.05608635006513256	-0.06973244397184836	0.056452605618904084	-0.053622794962203416	0.05469226678986543	-0.05423777792004266	0.06313820025538001	-0.064151414306236	0.10866175635795902	-0.06706904230480451	0.054228190187641245	-0.1338231358943659	0.11102561482924189	-0.13849057116642413	0.10136244068612388	-0.13281890869329988	0.12114586588206838	-0.13683175269706066	0.14641273603272797	-0.13697484875856206	0.1159896168660726	-0.2573505355964468	0.21242797683508952	-0.20176727224194685	0.16096014105643194	-0.1237236750304703	0.9999999999999953	-0.8456716773751001	0.2512668326882155	-0.21181910272977444	0.14853333552446987
-0.03743662757483994	0.024488517727434503	-0.02671477921337779	0.020745343129798866	-0.0192462461898443	0.01644394414045976	-0.02960695117704738	0.02963310588132502	-0.0342575799920258	0.028453053795201702	-0.017824948486733362	0.03476797795114541	-0.03862670218550848	0.03270993567680122	-0.04499230908301822	0.05482152325521897	-0.04521233480326953	0.04280149110401185	-0.04382951644168355	0.04311509885156611	-0.05027729527041638	0.051169127961994174	-0.08790403071600618	0.05346878082940174	-0.043382842240972413	0.10483640605099115	-0.09070412344419417	0.11096990230952912	-0.08278308148366784	0.10497328162128138	-0.10320409250264614	0.11241868361202631	-0.13027057828592303	0.11369968756639856	-0.09966249467019485	0.1978371230111461	-0.24457484950585243	0.17518705185699313	-0.15291578118195542	0.10444088334285885	-0.8456716773751001	0.9999999999999954	-0.3609005357784377	0.18641244311896535	-0.1318150331409706
0.06372963307760837	-0.041819489885858284	0.04564288305596451	-0.03559365305989666	0.032957785553452634	-0.028060672168811265	0.050404504296032	-0.050824984937726844	0.05852371902032136	-0.04881734606218568	0.030352336663138618	-0.059397987405029246	0.06591151378136988	-0.05606148373221767	0.07695616780869999	-0.0933326862371673	0.0761419414385245	-0.07327491596740543	0.0750310155197299	-0.07510967163470461	0.08383888088759267	-0.08656950595903434	0.1482915792107964	-0.09280741805644677	0.07529926844468224	-0.17581784317206273	0.1478747075603306	-0.19797921336565388	0.147056736248539	-0.19114088822091113	0.13011728199205685	-0.14841612929966688	0.2207994040124269	-0.21540360930230545	0.17688921505772565	-0.20332407103697747	0.19138369402925112	-0.37294070144263747	0.2887186658136238	-0.20377078667333784	0.2512668326882155	-0.3609005357784377	0.9999999999999958	-0.6405137668044425	0.22966488613655814
