1.0000000000000002	-0.5494903115664223	0.24742221648095475	-0.24197303970919726	0.16252823118660464	-0.5516848734215877	0.3238666229494894	-0.27136644568523277	0.16840234282680716	-0.18511058955064627	0.22921117026400661	-0.20679323159420515	0.1848154115326826	-0.17495928604851282	0.11361867069976536	-0.27591859726058965	0.16176858836095612	-0.07792220316591804	0.08674077520978966	-0.10790013429888305	0.15444295545686154	-0.13380406746476123	0.08088802747303998	-0.07032797853704395	0.07498652744117146	-0.07693490782615012	0.07818644820537589	-0.07862343679397958	0.07047568373642325	-0.08020535061385593	0.05740624435525649	-0.06893456659831637	0.06489923408517888	-0.0631318720380803	0.06549699631889244	-0.0816959249126039	0.05421803506769536	-0.07912854660836452	0.07378843114185024	-0.0772572490984531
-0.5494903115664223	1.0000000000000002	-0.5237923924081749	0.24629402007860543	-0.1754391885480459	0.26538972278309214	-0.4734176683869434	0.2329384823060814	-0.1722403861243332	0.16263711879702428	-0.16662424398970596	0.17596481071590542	-0.18252152068643573	0.15625470311603779	-0.1015122738468016	0.1680322295324614	-0.147081397530377	0.06648014100200601	-0.07635410124345515	0.09011355542417865	-0.1405566295972264	0.11141967607101434	-0.06914983866998999	0.05878109654690454	-0.06327470363345757	0.06297358847817502	-0.06603526395607742	0.06484368367869073	-0.05943654482299923	0.06578244391700683	-0.047655855365813134	0.056532188787292624	-0.0537751374246664	0.05182309246138145	-0.05421497119222039	0.0653902091986971	-0.04405439000569819	0.0635953776718415	-0.06112979013151872	0.06251046856396533
0.24742221648095475	-0.5237923924081749	1.0	-0.6175903399526512	0.22923109700835317	-0.16435631261700764	0.22281197365703292	-0.34339347029018724	0.24328692566426519	-0.23825123353464403	0.11189548905323929	-0.14198927914495907	0.20970825305797047	-0.22219623066819802	0.1216151708071145	-0.12241209203053864	0.1135471843430252	-0.07694319808968324	0.08720130269832299	-0.11176855173732737	0.11691337565943745	-0.09586454193960325	0.07164709703961945	-0.06259343815278882	0.07181289759511342	-0.06079460458568694	0.061756513588821484	-0.06862043189705676	0.06222553950275945	-0.07619665375821542	0.04603107374859921	-0.054546506476186335	0.05673495096123716	-0.05578002033517837	0.05901229671176228	-0.06879260730404167	0.04566591767832357	-0.06793874962529017	0.06450879145681768	-0.06920741216535073
-0.24197303970919726	0.24629402007860543	-0.6175903399526512	0.9999999999999998	-0.4271785997383759	0.13999904109673203	-0.2022106564043536	0.2678943226191407	-0.4286770468981453	0.26769394893706916	-0.1046268037481724	0.1317248498202403	-0.2389640522364214	0.23721697925488688	-0.1363712013076744	0.10861386630657363	-0.11205992807114987	0.07895005758054632	-0.09349755642462915	0.11499656936163828	-0.11912917055033835	0.09319871172462371	-0.07325701979216286	0.06300237541209346	-0.07402912179625751	0.05947909444796437	-0.06124638182892158	0.06833152063157225	-0.06302991225804369	0.07648764904338355	-0.045369796450102355	0.05345044464527033	-0.05675801396239695	0.055537329217669136	-0.059290593940381164	0.06694874559825237	-0.044839123733625336	0.06646434076879207	-0.0645366524540156	0.06835114471196259
0.16252823118660464	-0.1754391885480459	0.22923109700835317	-0.4271785997383759	1.0000000000000002	-0.10643602133803587	0.14250712554511644	-0.2453259891636594	0.2478309089458262	-0.7576698780997995	0.08304102995860962	-0.11375974050000325	0.19168746238194528	-0.21631534518590043	0.2009991198033783	-0.09064229869486015	0.09445675091986507	-0.08740408874437332	0.09935006216690487	-0.18756481195168911	0.1074232826725653	-0.08735317299229281	0.0806077394807861	-0.0721909848156003	0.10208454900495345	-0.06518676939357614	0.06426566737426065	-0.080292699426184	0.07306093210904589	-0.11063324808193845	0.049758178628796286	-0.05837452954577213	0.06828691448617576	-0.06923371740940257	0.07623733557254696	-0.0817662280610428	0.05366204378659998	-0.08249417869398687	0.07874109798259885	-0.09049803863039478
-0.5516848734215877	0.26538972278309214	-0.16435631261700764	0.13999904109673203	-0.10643602133803587	1.0	-0.5858093346646007	0.18097304061817293	-0.11296796876014022	0.11160889888356662	-0.4313323736388727	0.19437979442414435	-0.14217375218268732	0.11497334947339304	-0.07568507033728693	0.26732734197204194	-0.16703597380016064	0.05471654179816731	-0.061721663171889166	0.0691103187675029	-0.14599637416453554	0.11766345215344283	-0.06101551240396556	0.051391148378934236	-0.05104427035453136	0.05988850636570786	-0.06366564642570023	0.05685746709737233	-0.05171245462764136	0.05330913640798728	-0.04491232320286095	0.05376812275334403	-0.04667192228605057	0.04448765923366241	-0.04568956070732117	0.05795134782617	-0.03925857237896192	0.05542769504465974	-0.052701632136225265	0.05264902754196554
0.3238666229494894	-0.4734176683869434	0.22281197365703292	-0.2022106564043536	0.14250712554511644	-0.5858093346646007	1.0	-0.2967144254066824	0.15811374305034762	-0.1544500167195881	0.23237956404707752	-0.3305535052691371	0.19345068460883516	-0.16145177550932602	0.09938375453623577	-0.26586386794124167	0.20169462529865173	-0.07152544086145023	0.08012284912914659	-0.09172056757110354	0.16700538106248913	-0.14657588348732314	0.07682956564082608	-0.06537592153048755	0.06583828256204254	-0.07376714808441176	0.07780860698504008	-0.0720796209175063	0.0651523454459034	-0.06925849049903882	0.05518298530719882	-0.06654902667219019	0.058929016143617015	-0.056552535844098084	0.05818674715768617	-0.07328541608946904	0.04934767342478332	-0.07040150476808524	0.06644999660442234	-0.06749873652890528
-0.27136644568523277	0.2329384823060814	-0.34339347029018724	0.2678943226191407	-0.2453259891636594	0.18097304061817293	-0.2967144254066824	0.9999999999999992	-0.44869691688428576	0.22402617217067844	-0.14368580562863836	0.20120374528401788	-0.5913809248805245	0.30897709662958167	-0.15193940897541072	0.1467592705708317	-0.17084400138152137	0.1035565980022818	-0.12302457616786269	0.12599855496395002	-0.17377882132172132	0.13309625422170293	-0.09698477548133659	0.08177788101215883	-0.08802085135801399	0.0792085830285502	-0.08349726640940514	0.08779073810633288	-0.08160257982528868	0.08918858966061849	-0.06051880623526933	0.07131285259760423	-0.07226003796928064	0.06954808313994086	-0.07320960871283784	0.08452360218863471	-0.057253205008028996	0.08325515364287553	-0.08168931388965521	0.0831582099116844
0.16840234282680716	-0.1722403861243332	0.24328692566426519	-0.4286770468981453	0.2478309089458262	-0.11296796876014022	0.15811374305034762	-0.44869691688428576	1.0000000000000002	-0.3226946667295862	0.08830212540425521	-0.12959709795704952	0.3023851114925706	-0.6242811796793694	0.1423664392716622	-0.09482916324734984	0.10515345645865164	-0.10077549871337638	0.11661747795813016	-0.1205835457260985	0.11094144091024366	-0.089457369746197	0.07833973750429771	-0.06845319039267671	0.07487182977021418	-0.058182623546867554	0.059632083234972315	-0.07147523643615115	0.06510685295633552	-0.07739558198275574	0.04432456909296086	-0.052481314592716856	0.05741925612107477	-0.05638941532490583	0.05945132076059116	-0.06674170356394615	0.04457872302464688	-0.06668057958469394	0.06416041271998776	-0.06868427127719479
-0.18511058955064627	0.16263711879702428	-0.23825123353464403	0.26769394893706916	-0.7576698780997995	0.11160889888356662	-0.1544500167195881	0.22402617217067844	-0.3226946667295862	1.0000000000000007	-0.08957769427682495	0.11850097085903792	-0.218853368771715	0.2115358734849641	-0.30804592070396447	0.09399629071764319	-0.10268559888590803	0.08860953929858742	-0.10590679947104191	0.19042759314246283	-0.11804431774534008	0.09182744470373908	-0.08431596206509362	0.07353317551775919	-0.10875465543915451	0.06553773325309399	-0.06629849892519715	0.08062040216790363	-0.07538291026518891	0.1087461031923636	-0.0503509824120155	0.05893598077739511	-0.06909938687774303	0.06904957737723305	-0.0770252481550891	0.07942561019116377	-0.05298911959334758	0.08036914583457652	-0.07962534672361515	0.08805061563924432
0.22921117026400661	-0.16662424398970596	0.11189548905323929	-0.1046268037481724	0.08304102995860962	-0.4313323736388727	0.23237956404707752	-0.14368580562863836	0.08830212540425521	-0.08957769427682495	0.9999999999999976	-0.2201958479821411	0.11838460985975577	-0.09651913552832712	0.06500850695823036	-0.7970312192242114	0.1902477180159999	-0.05087019409334245	0.056363462803311074	-0.06010538981712651	0.15636877157887602	-0.1394199761309068	0.06013751736934004	-0.05058492996469654	0.046449659394451455	-0.06332103218409663	0.0667714536929662	-0.055851665768047	0.05015036188042158	-0.04859548011710105	0.04647948844363388	-0.05689190044938262	0.04517211360475698	-0.04271229824356941	0.043055284889715904	-0.05737184401168052	0.038931983233908014	-0.053977551252467976	0.05053718889023224	-0.04959211329347382
-0.20679323159420515	0.17596481071590542	-0.14198927914495907	0.1317248498202403	-0.11375974050000325	0.19437979442414435	-0.3305535052691371	0.20120374528401788	-0.12959709795704952	0.11850097085903792	-0.2201958479821411	1.0000000000000007	-0.2666068256297797	0.15436684484276494	-0.09634569223960918	0.22254289153001644	-0.7185018561272092	0.08325168913915083	-0.0936116529954426	0.08632931938042653	-0.32876825483089794	0.26350381696614616	-0.10505553021633737	0.08325668272120534	-0.07083777687237332	0.10584825110626725	-0.12493184048404406	0.09019727632254979	-0.08329539560285897	0.07222450988089593	-0.08060630681330212	0.09630045740293583	-0.07249506973425134	0.06689534744874241	-0.06695375782627778	0.08893424843695506	-0.06224285357996972	0.08303578842009801	-0.0801776772651052	0.07485789796344561
0.1848154115326826	-0.18252152068643573	0.20970825305797047	-0.2389640522364214	0.19168746238194528	-0.14217375218268732	0.19345068460883516	-0.5913809248805245	0.3023851114925706	-0.218853368771715	0.11838460985975577	-0.2666068256297797	1.0	-0.5846365073742418	0.14533700277723138	-0.13250855299363473	0.1690042392405876	-0.12958615343766947	0.13985388869935234	-0.13340552377952603	0.15667161181502456	-0.13581651558115015	0.10177589793395947	-0.08902904874218978	0.08827416078555342	-0.07966282663834126	0.08223145037648234	-0.09320462133844645	0.08366281537264512	-0.09261162529264053	0.06018880485011471	-0.07202452725847554	0.07371431929912503	-0.07187761415890707	0.0740958406269543	-0.08778695561051161	0.05856358278709658	-0.08663981991215843	0.08176932225506886	-0.08628373324750055
-0.17495928604851282	0.15625470311603779	-0.22219623066819802	0.23721697925488688	-0.21631534518590043	0.11497334947339304	-0.16145177550932602	0.30897709662958167	-0.6242811796793694	0.2115358734849641	-0.09651913552832712	0.15436684484276494	-0.5846365073742418	0.9999999999999984	-0.16301130731413457	0.10186844964864032	-0.1283601197667339	0.13188803216406444	-0.1807451063862579	0.1288367757243401	-0.13151825734789507	0.10432182633430842	-0.09671324412915418	0.0822602961123913	-0.08322483180759593	0.0661042184004208	-0.06882627996979403	0.08333687346117012	-0.07669591218742	0.08411446701285444	-0.05050802114750922	0.05981783122660751	-0.06563002610047104	0.06378155100242995	-0.06648681249655707	0.0744540766562275	-0.05010150560291193	0.07450581387902408	-0.07224116116350758	0.07580698698971085
0.11361867069976536	-0.1015122738468016	0.1216151708071145	-0.1363712013076744	0.2009991198033783	-0.07568507033728693	0.09938375453623577	-0.15193940897541072	0.1423664392716622	-0.30804592070396447	0.06500850695823036	-0.09634569223960918	0.14533700277723138	-0.16301130731413457	1.0000000000000022	-0.07183066078653587	0.08344995138114274	-0.13425288865535268	0.15164333229418195	-0.7766535550979073	0.11061274262037943	-0.09211025185234945	0.12099728379347928	-0.11476754160782579	0.24670915879856983	-0.08940977096259606	0.08463908894157393	-0.12816088783640736	0.11791895172620062	-0.2685833321624504	0.06916334366732804	-0.0803379950915237	0.11340742810271941	-0.12232454563882034	0.14534319972225815	-0.12953787007343046	0.08423146609350883	-0.13571381116558642	0.13217007691023425	-0.17202070324953028
-0.27591859726058965	0.1680322295324614	-0.12241209203053864	0.10861386630657363	-0.09064229869486015	0.26732734197204194	-0.26586386794124167	0.1467592705708317	-0.09482916324734984	0.09399629071764319	-0.7970312192242114	0.22254289153001644	-0.13250855299363473	0.10186844964864032	-0.07183066078653587	1.0000000000000038	-0.2872130357541817	0.05703849575417578	-0.06390586618248321	0.06509689431505869	-0.22356236252255904	0.1684207064846659	-0.07048739781264787	0.057897918711277294	-0.05197473183188799	0.07468555869719926	-0.08111931923470843	0.06369605644074067	-0.05796927112440755	0.0536369904457141	-0.05544158025656073	0.06674890330190722	-0.051667224421625024	0.04830936445845737	-0.048650411445455885	0.06476912344398207	-0.044564820669572666	0.06064789460445208	-0.057740518869817375	0.05524474536902409
0.16176858836095612	-0.147081397530377	0.1135471843430252	-0.11205992807114987	0.09445675091986507	-0.16703597380016064	0.20169462529865173	-0.17084400138152137	0.10515345645865164	-0.10268559888590803	0.1902477180159999	-0.7185018561272092	0.1690042392405876	-0.1283601197667339	0.08344995138114274	-0.2872130357541817	0.9999999999999999	-0.07954917193492884	0.08419750004079128	-0.0773042298339742	0.2778843683007205	-0.4597742832629559	0.10363246972428636	-0.08360283129386747	0.0641319752747491	-0.1060054937174517	0.12488418997779226	-0.08814632241938704	0.07850292485891085	-0.06645060231910574	0.07783824463983856	-0.10079682408563918	0.0682354014030537	-0.0631735806943299	0.06181487524552154	-0.08620605328984154	0.059753813433272185	-0.0795475531312118	0.07409587024318603	-0.06995528986106478
-0.07792220316591804	0.06648014100200601	-0.07694319808968324	0.07895005758054632	-0.08740408874437332	0.05471654179816731	-0.07152544086145023	0.1035565980022818	-0.10077549871337638	0.08860953929858742	-0.05087019409334245	0.08325168913915083	-0.12958615343766947	0.13188803216406444	-0.13425288865535268	0.05703849575417578	-0.07954917193492884	1.000000000000002	-0.8398136453693188	0.13529850686284614	-0.10892701626244576	0.09944508167314126	-0.3839549936428607	0.20518891980676376	-0.10471390287798858	0.073228817204578	-0.07787913300223694	0.155700602338957	-0.1536395049173089	0.09814865776035098	-0.05629608520435636	0.06890197468743617	-0.09938627033210275	0.09231956610725428	-0.08602301392528064	0.09041718719518388	-0.06167467123931451	0.09564250567671086	-0.09152540605875824	0.09387956647586244
0.08674077520978966	-0.07635410124345515	0.08720130269832299	-0.09349755642462915	0.09935006216690487	-0.061721663171889166	0.08012284912914659	-0.12302457616786269	0.11661747795813016	-0.10590679947104191	0.056363462803311074	-0.0936116529954426	0.13985388869935234	-0.1807451063862579	0.15164333229418195	-0.06390586618248321	0.08419750004079128	-0.8398136453693188	0.9999999999999969	-0.186612497622548	0.11421484723192582	-0.1062875326694325	0.25157291377572927	-0.23493564584964285	0.12018634081576891	-0.08760248868290149	0.08868045260702585	-0.1862867146467616	0.1574877156690249	-0.11858780723585377	0.06665735823037988	-0.08162570815876237	0.1138690264555006	-0.11113917204480991	0.10073250981504438	-0.11265370224994121	0.07498266716958317	-0.11846481100861536	0.10749707934434	-0.11519451453260508
-0.10790013429888305	0.09011355542417865	-0.11176855173732737	0.11499656936163828	-0.18756481195168911	0.0691103187675029	-0.09172056757110354	0.12599855496395002	-0.1205835457260985	0.19042759314246283	-0.06010538981712651	0.08632931938042653	-0.13340552377952603	0.1288367757243401	-0.7766535550979073	0.06509689431505869	-0.0773042298339742	0.13529850686284614	-0.186612497622548	1.0000000000000018	-0.1044984895352634	0.084400815869819	-0.12513072529831343	0.11339927209447287	-0.40527879445940435	0.07629026809564167	-0.07569939874026634	0.11741111777082638	-0.11649965715526252	0.2384633694255198	-0.059601792750833334	0.06965329659914508	-0.10513762019737036	0.10947151016173413	-0.13949805795550363	0.10574527413234885	-0.07119154274599006	0.11264872528486833	-0.12012813025530211	0.14259127915292158
0.15444295545686154	-0.1405566295972264	0.11691337565943745	-0.11912917055033835	0.1074232826725653	-0.14599637416453554	0.16700538106248913	-0.17377882132172132	0.11094144091024366	-0.11804431774534008	0.15636877157887602	-0.32876825483089794	0.15667161181502456	-0.13151825734789507	0.11061274262037943	-0.22356236252255904	0.2778843683007205	-0.10892701626244576	0.11421484723192582	-0.1044984895352634	0.9999999999999994	-0.7189135232401103	0.16085257735598144	-0.1373326833871585	0.09616663478316309	-0.25992507229906936	0.2210646416318709	-0.1498589014157109	0.12734084873908538	-0.10082382211504246	0.16113745523788986	-0.2031067579452817	0.1152743164997518	-0.10611573238871026	0.10026212827127898	-0.16258655135358585	0.11048959464563733	-0.14166991324156236	0.12485696116689113	-0.11481128437560723
-0.13380406746476123	0.11141967607101434	-0.09586454193960325	0.09319871172462371	-0.08735317299229281	0.11766345215344283	-0.14657588348732314	0.13309625422170293	-0.089457369746197	0.09182744470373908	-0.1394199761309068	0.26350381696614616	-0.13581651558115015	0.10432182633430842	-0.09211025185234945	0.1684207064846659	-0.4597742832629559	0.09944508167314126	-0.1062875326694325	0.084400815869819	-0.7189135232401103	0.9999999999999998	-0.18663420704258252	0.12673314913538752	-0.08093583171086155	0.17576608030378388	-0.2667785591960861	0.1301998466401245	-0.11815740181215134	0.08206483257726196	-0.1320074545755403	0.1698743717216613	-0.0982746339332246	0.08752793316405066	-0.08316023608921241	0.12246129235234586	-0.0883199891375542	0.10974921222247756	-0.10328013605312679	0.09125106359770746
0.08088802747303998	-0.06914983866998999	0.07164709703961945	-0.07325701979216286	0.0806077394807861	-0.06101551240396556	0.07682956564082608	-0.09698477548133659	0.07833973750429771	-0.08431596206509362	0.06013751736934004	-0.10505553021633737	0.10177589793395947	-0.09671324412915418	0.12099728379347928	-0.07048739781264787	0.10363246972428636	-0.3839549936428607	0.25157291377572927	-0.12513072529831343	0.16085257735598144	-0.18663420704258252	1.0000000000000013	-0.6792922813306475	0.13568975979239611	-0.11861358150882804	0.12765850749086172	-0.35629509727471276	0.2899403970442274	-0.14092731411409828	0.09015541385513531	-0.11429854867142684	0.17096914761577175	-0.16090695812172434	0.1308109509910936	-0.1461622389142488	0.09942498954917875	-0.15778572034685598	0.1410769071689339	-0.14602595376195251
-0.07032797853704395	0.05878109654690454	-0.06259343815278882	0.06300237541209346	-0.0721909848156003	0.051391148378934236	-0.06537592153048755	0.08177788101215883	-0.06845319039267671	0.07353317551775919	-0.05058492996469654	0.08325668272120534	-0.08902904874218978	0.0822602961123913	-0.11476754160782579	0.057897918711277294	-0.08360283129386747	0.20518891980676376	-0.23493564584964285	0.11339927209447287	-0.1373326833871585	0.12673314913538752	-0.6792922813306475	1.000000000000001	-0.154546391596564	0.09521719409794337	-0.10773053461656351	0.2743922782112844	-0.5553866598580066	0.13947899467598357	-0.07415398547563336	0.09256279338621297	-0.1580917572249293	0.1401754984321474	-0.12288275476628284	0.11716660453733384	-0.08254631265581511	0.12881599619963627	-0.12695810272890565	0.1257516995374317
0.07498652744117146	-0.06327470363345757	0.07181289759511342	-0.07402912179625751	0.10208454900495345	-0.05104427035453136	0.06583828256204254	-0.08802085135801399	0.07487182977021418	-0.10875465543915451	0.046449659394451455	-0.07083777687237332	0.08827416078555342	-0.08322483180759593	0.24670915879856983	-0.05197473183188799	0.0641319752747491	-0.10471390287798858	0.12018634081576891	-0.40527879445940435	0.09616663478316309	-0.08093583171086155	0.13568975979239611	-0.154546391596564	0.9999999999999969	-0.08914163296650898	0.08537013419006771	-0.15148817313655694	0.15302867387732833	-0.7632698741803735	0.07030063342233557	-0.08185189701142845	0.14138596036086085	-0.1685339115153696	0.22953558092924467	-0.1380346298954755	0.09200032415917554	-0.15271951558682487	0.16304251429065025	-0.24019009921717724
-0.07693490782615012	0.06297358847817502	-0.06079460458568694	0.05947909444796437	-0.06518676939357614	0.05988850636570786	-0.07376714808441176	0.0792085830285502	-0.058182623546867554	0.06553773325309399	-0.06332103218409663	0.10584825110626725	-0.07966282663834126	0.0661042184004208	-0.08940977096259606	0.07468555869719926	-0.1060054937174517	0.073228817204578	-0.08760248868290149	0.07629026809564167	-0.25992507229906936	0.17576608030378388	-0.11861358150882804	0.09521719409794337	-0.08914163296650898	0.9999999999999996	-0.4524163863180615	0.1364204342044684	-0.12575915733137727	0.08594066808177589	-0.7322652163445221	0.30982192927662694	-0.13147424091935672	0.10750192331961944	-0.10700898051847342	0.21551762393605006	-0.1733399004065701	0.15294655140865773	-0.15997098441198002	0.10840579494030204
0.07818644820537589	-0.06603526395607742	0.061756513588821484	-0.06124638182892158	0.06426566737426065	-0.06366564642570023	0.07780860698504008	-0.08349726640940514	0.059632083234972315	-0.06629849892519715	0.0667714536929662	-0.12493184048404406	0.08223145037648234	-0.06882627996979403	0.08463908894157393	-0.08111931923470843	0.12488418997779226	-0.07787913300223694	0.08868045260702585	-0.07569939874026634	0.2210646416318709	-0.2667785591960861	0.12765850749086172	-0.10773053461656351	0.08537013419006771	-0.4524163863180615	0.9999999999999963	-0.19504516164159663	0.13782956485121303	-0.08670533601010878	0.29705197561125507	-0.7216781401082997	0.13982565943276518	-0.11519947664741029	0.10304052991778197	-0.21457644243948143	0.16401059952070599	-0.16727447271809331	0.1413836021996296	-0.10948763115840376
-0.07862343679397958	0.06484368367869073	-0.06862043189705676	0.06833152063157225	-0.080292699426184	0.05685746709737233	-0.0720796209175063	0.08779073810633288	-0.07147523643615115	0.08062040216790363	-0.055851665768047	0.09019727632254979	-0.09320462133844645	0.08333687346117012	-0.12816088783640736	0.06369605644074067	-0.08814632241938704	0.155700602338957	-0.1862867146467616	0.11741111777082638	-0.1498589014157109	0.1301998466401245	-0.35629509727471276	0.2743922782112844	-0.15148817313655694	0.1364204342044684	-0.19504516164159663	0.9999999999999976	-0.6276905924021311	0.15571907897980997	-0.10991499876132144	0.14579795210304955	-0.459043470729101	0.2427604508483486	-0.19176515232169336	0.16552744849432569	-0.12840393367219055	0.19873518665844114	-0.20342610088132262	0.17733480556029801
0.07047568373642325	-0.05943654482299923	0.06222553950275945	-0.06302991225804369	0.07306093210904589	-0.05171245462764136	0.0651523454459034	-0.08160257982528868	0.06510685295633552	-0.07538291026518891	0.05015036188042158	-0.08329539560285897	0.08366281537264512	-0.07669591218742	0.11791895172620062	-0.05796927112440755	0.07850292485891085	-0.1536395049173089	0.1574877156690249	-0.11649965715526252	0.12734084873908538	-0.11815740181215134	0.2899403970442274	-0.5553866598580066	0.15302867387732833	-0.12575915733137727	0.13782956485121303	-0.6276905924021311	0.9999999999999983	-0.1816123567074452	0.09688219813961654	-0.1257118668758623	0.23579028618878578	-0.23164199627092102	0.16484614446512705	-0.16574108360453715	0.1150813588665934	-0.1893115388424003	0.17069244261687813	-0.17489924155526687
-0.08020535061385593	0.06578244391700683	-0.07619665375821542	0.07648764904338355	-0.11063324808193845	0.05330913640798728	-0.06925849049903882	0.08918858966061849	-0.07739558198275574	0.1087461031923636	-0.04859548011710105	0.07222450988089593	-0.09261162529264053	0.08411446701285444	-0.2685833321624504	0.0536369904457141	-0.06645060231910574	0.09814865776035098	-0.11858780723585377	0.2384633694255198	-0.10082382211504246	0.08206483257726196	-0.14092731411409828	0.13947899467598357	-0.7632698741803735	0.08594066808177589	-0.08670533601010878	0.15571907897980997	-0.1816123567074452	0.9999999999999997	-0.06880373331510403	0.08053955959340196	-0.16395277221706892	0.18396737210732683	-0.38359683937627276	0.12833627367073558	-0.09015283195126794	0.14638300267108834	-0.18293592538480796	0.2287672783304744
0.05740624435525649	-0.047655855365813134	0.04603107374859921	-0.045369796450102355	0.049758178628796286	-0.04491232320286095	0.05518298530719882	-0.06051880623526933	0.04432456909296086	-0.0503509824120155	0.04647948844363388	-0.08060630681330212	0.06018880485011471	-0.05050802114750922	0.06916334366732804	-0.05544158025656073	0.07783824463983856	-0.05629608520435636	0.06665735823037988	-0.059601792750833334	0.16113745523788986	-0.1320074545755403	0.09015541385513531	-0.07415398547563336	0.07030063342233557	-0.7322652163445221	0.29705197561125507	-0.10991499876132144	0.09688219813961654	-0.06880373331510403	0.9999999999999968	-0.5001492456628601	0.11076027131796594	-0.09055037602160726	0.08721771986783515	-0.2983024765975564	0.17783605747756032	-0.14992407670769614	0.13310866304890867	-0.09014756564213457
-0.06893456659831637	0.056532188787292624	-0.054546506476186335	0.05345044464527033	-0.05837452954577213	0.05376812275334403	-0.06654902667219019	0.07131285259760423	-0.052481314592716856	0.05893598077739511	-0.05689190044938262	0.09630045740293583	-0.07202452725847554	0.05981783122660751	-0.0803379950915237	0.06674890330190722	-0.10079682408563918	0.06890197468743617	-0.08162570815876237	0.06965329659914508	-0.2031067579452817	0.1698743717216613	-0.11429854867142684	0.09256279338621297	-0.08185189701142845	0.30982192927662694	-0.7216781401082997	0.14579795210304955	-0.1257118668758623	0.08053955959340196	-0.5001492456628601	0.9999999999999969	-0.1407969796103144	0.1083780579077977	-0.10124642114348098	0.2128254711637545	-0.2113807871290449	0.16164748279267105	-0.1473262968073585	0.10324016917020504
0.06489923408517888	-0.0537751374246664	0.05673495096123716	-0.05675801396239695	0.06828691448617576	-0.04667192228605057	0.058929016143617015	-0.07226003796928064	0.05741925612107477	-0.06909938687774303	0.04517211360475698	-0.07249506973425134	0.07371431929912503	-0.06563002610047104	0.11340742810271941	-0.051667224421625024	0.0682354014030537	-0.09938627033210275	0.1138690264555006	-0.10513762019737036	0.1152743164997518	-0.0982746339332246	0.17096914761577175	-0.1580917572249293	0.14138596036086085	-0.13147424091935672	0.13982565943276518	-0.459043470729101	0.23579028618878578	-0.16395277221706892	0.11076027131796594	-0.1407969796103144	0.9999999999999972	-0.6362856504502548	0.24832029880522064	-0.2238048662302599	0.17433540822882534	-0.366724274416279	0.26295284085259346	-0.24895249492822707
-0.0631318720380803	0.05182309246138145	-0.05578002033517837	0.055537329217669136	-0.06923371740940257	0.04448765923366241	-0.056552535844098084	0.06954808313994086	-0.05638941532490583	0.06904957737723305	-0.04271229824356941	0.06689534744874241	-0.07187761415890707	0.06378155100242995	-0.12232454563882034	0.04830936445845737	-0.0631735806943299	0.09231956610725428	-0.11113917204480991	0.10947151016173413	-0.10611573238871026	0.08752793316405066	-0.16090695812172434	0.1401754984321474	-0.1685339115153696	0.10750192331961944	-0.11519947664741029	0.2427604508483486	-0.23164199627092102	0.18396737210732683	-0.09055037602160726	0.1083780579077977	-0.6362856504502548	0.9999999999999976	-0.4874664071641118	0.1741071389841573	-0.13867632478840233	0.23783566890592883	-0.3841683474632388	0.27838282828597094
0.06549699631889244	-0.05421497119222039	0.05901229671176228	-0.059290593940381164	0.07623733557254696	-0.04568956070732117	0.05818674715768617	-0.07320960871283784	0.05945132076059116	-0.0770252481550891	0.043055284889715904	-0.06695375782627778	0.0740958406269543	-0.06648681249655707	0.14534319972225815	-0.048650411445455885	0.06181487524552154	-0.08602301392528064	0.10073250981504438	-0.13949805795550363	0.10026212827127898	-0.08316023608921241	0.1308109509910936	-0.12288275476628284	0.22953558092924467	-0.10700898051847342	0.10304052991778197	-0.19176515232169336	0.16484614446512705	-0.38359683937627276	0.08721771986783515	-0.10124642114348098	0.24832029880522064	-0.4874664071641118	0.9999999999999977	-0.18296174891257233	0.12770911833878856	-0.22542686732586184	0.28777638314823295	-0.6203878175806856
-0.0816959249126039	0.0653902091986971	-0.06879260730404167	0.06694874559825237	-0.0817662280610428	0.05795134782617	-0.07328541608946904	0.08452360218863471	-0.06674170356394615	0.07942561019116377	-0.05737184401168052	0.08893424843695506	-0.08778695561051161	0.0744540766562275	-0.12953787007343046	0.06476912344398207	-0.08620605328984154	0.09041718719518388	-0.11265370224994121	0.10574527413234885	-0.16258655135358585	0.12246129235234586	-0.1461622389142488	0.11716660453733384	-0.1380346298954755	0.21551762393605006	-0.21457644243948143	0.16552744849432569	-0.16574108360453715	0.12833627367073558	-0.2983024765975564	0.2128254711637545	-0.2238048662302599	0.1741071389841573	-0.18296174891257233	0.9999999999999973	-0.6979514118701847	0.30943243732579795	-0.32614947521357435	0.1781755148658629
0.05421803506769536	-0.04405439000569819	0.04566591767832357	-0.044839123733625336	0.05366204378659998	-0.03925857237896192	0.04934767342478332	-0.057253205008028996	0.04457872302464688	-0.05298911959334758	0.038931983233908014	-0.06224285357996972	0.05856358278709658	-0.05010150560291193	0.08423146609350883	-0.044564820669572666	0.059753813433272185	-0.06167467123931451	0.07498266716958317	-0.07119154274599006	0.11048959464563733	-0.0883199891375542	0.09942498954917875	-0.08254631265581511	0.09200032415917554	-0.1733399004065701	0.16401059952070599	-0.12840393367219055	0.1150813588665934	-0.09015283195126794	0.17783605747756032	-0.2113807871290449	0.17433540822882534	-0.13867632478840233	0.12770911833878856	-0.6979514118701847	0.9999999999999964	-0.5759590021787448	0.22593128795608058	-0.1358543460947604
-0.07912854660836452	0.0635953776718415	-0.06793874962529017	0.06646434076879207	-0.08249417869398687	0.05542769504465974	-0.07040150476808524	0.08325515364287553	-0.06668057958469394	0.08036914583457652	-0.053977551252467976	0.08303578842009801	-0.08663981991215843	0.07450581387902408	-0.13571381116558642	0.06064789460445208	-0.0795475531312118	0.09564250567671086	-0.11846481100861536	0.11264872528486833	-0.14166991324156236	0.10974921222247756	-0.15778572034685598	0.12881599619963627	-0.15271951558682487	0.15294655140865773	-0.16727447271809331	0.19873518665844114	-0.1893115388424003	0.14638300267108834	-0.14992407670769614	0.16164748279267105	-0.366724274416279	0.23783566890592883	-0.22542686732586184	0.30943243732579795	-0.5759590021787448	0.9999999999999969	-0.48036188179708383	0.22700638989926197
0.07378843114185024	-0.06112979013151872	0.06450879145681768	-0.0645366524540156	0.07874109798259885	-0.052701632136225265	0.06644999660442234	-0.08168931388965521	0.06416041271998776	-0.07962534672361515	0.05053718889023224	-0.0801776772651052	0.08176932225506886	-0.07224116116350758	0.13217007691023425	-0.057740518869817375	0.07409587024318603	-0.09152540605875824	0.10749707934434	-0.12012813025530211	0.12485696116689113	-0.10328013605312679	0.1410769071689339	-0.12695810272890565	0.16304251429065025	-0.15997098441198002	0.1413836021996296	-0.20342610088132262	0.17069244261687813	-0.18293592538480796	0.13310866304890867	-0.1473262968073585	0.26295284085259346	-0.3841683474632388	0.28777638314823295	-0.32614947521357435	0.22593128795608058	-0.48036188179708383	0.999999999999997	-0.5684669903086108
-0.0772572490984531	0.06251046856396533	-0.06920741216535073	0.06835114471196259	-0.09049803863039478	0.05264902754196554	-0.06749873652890528	0.0831582099116844	-0.06868427127719479	0.08805061563924432	-0.04959211329347382	0.07485789796344561	-0.08628373324750055	0.07580698698971085	-0.17202070324953028	0.05524474536902409	-0.06995528986106478	0.09387956647586244	-0.11519451453260508	0.14259127915292158	-0.11481128437560723	0.09125106359770746	-0.14602595376195251	0.1257516995374317	-0.24019009921717724	0.10840579494030204	-0.10948763115840376	0.17733480556029801	-0.17489924155526687	0.2287672783304744	-0.09014756564213457	0.10324016917020504	-0.24895249492822707	0.27838282828597094	-0.6203878175806856	0.1781755148658629	-0.1358543460947604	0.22700638989926197	-0.5684669903086108	0.9999999999999969
