1.0	-0.5289679449561691	0.2918160914358207	-0.186367505595676	0.1698750500547579	-0.5721219050947152	0.23856772910790827	-0.21427997718222166	0.13550434149421456	-0.11963154833155341	0.2943614312741281	-0.21592578216894237	0.19686110550339522	-0.19541083868267023	0.1301803664542513	-0.20128370315587574	0.16831125510906986	-0.09180384837376791	0.10679434486538779	-0.08791037628787561	0.10709566299565725	-0.0998766947509241	0.08969280727338703	-0.12629638423385356	0.08321768652832072	-0.11565656825020001	0.07354899242912431	-0.07052776758705377	0.07545238732367225	-0.09797899389354801	0.0461135648866599	-0.047864012764064975	0.06629173548536522	-0.08128712540431837	0.06961954154450338	-0.0476608659500558	0.045734851144489504	-0.06261525489507236	0.06440264672595049	-0.06603332971247032	0.03487226205001693	-0.034151290342375996	0.04706984660821725	-0.041716848410465704	0.10534313134449011
-0.5289679449561691	1.0000000000000002	-0.6525648399715128	0.14967198495413064	-0.13287586985006436	0.23511313511472637	-0.38147065540667074	0.2431524034303945	-0.11833506502935322	0.09559063923858145	-0.21969415247015123	0.2049224529248876	-0.20344521406300953	0.15422453498700142	-0.10467555101833109	0.15444175386094006	-0.1496798096022215	0.07569429175128974	-0.08384353776774703	0.06755238370870403	-0.08205201710480772	0.07453931039078003	-0.07396818677424305	0.09553994891078736	-0.06394876457844696	0.08617996275132363	-0.0552845958920153	0.05323156308856852	-0.05694683744591403	0.0722630956223647	-0.03430010511698148	0.03555276023618709	-0.04978649530888647	0.06014320071817926	-0.051886637148488554	0.035188927759798316	-0.03398141273502053	0.04650192643559256	-0.04793277989805592	0.048794065976308455	-0.02585354655681402	0.025269691462549145	-0.034962233461858575	0.030911748485086002	-0.078286677853279
0.2918160914358207	-0.6525648399715128	0.9999999999999996	-0.23703879133306768	0.19145765853188498	-0.2527835270569469	0.2868815204920533	-0.3837084680449176	0.17125641178205328	-0.1409028761384672	0.22551788843651646	-0.24199194338291857	0.24698838670534703	-0.2296785776555579	0.15050610162875872	-0.2021387850504129	0.1784176781345218	-0.10216513108157113	0.1203506479265939	-0.0982911644120713	0.11012223957931419	-0.10414409984625186	0.09888517681580052	-0.1399289006389786	0.09253451609686676	-0.11884046466311567	0.07695356969744865	-0.07528262672463525	0.0807492424169714	-0.1057610987202825	0.0484719938320567	-0.05032120796932452	0.07071425484933223	-0.08662886284338028	0.07513923963699841	-0.05015778376957422	0.04826174163834728	-0.06671573528039493	0.06881405272727889	-0.07075176508274847	0.03677928881092458	-0.03602152070305789	0.050316437812275336	-0.04456076557055935	0.11297208197107925
-0.186367505595676	0.14967198495413064	-0.23703879133306768	0.9999999999999993	-0.4295864077922169	0.1350928947218336	-0.18951917704287702	0.20258382155242632	-0.6845600417114263	0.2796545619451184	-0.1916483732736642	0.16197221876048465	-0.2321281853620221	0.30388065122700586	-0.3156357103115823	0.14400618387778802	-0.1513061953652674	0.10168638757639584	-0.16855831625131054	0.13516858388987307	-0.09275002843799628	0.08898041333289924	-0.10437335121020061	0.16405308394013374	-0.12905476259639637	0.09419463731558902	-0.068812124482866	0.07512599655944027	-0.08438605956901944	0.11895525724347304	-0.045916123649720704	0.04726170730241493	-0.07297005737662077	0.08815261653142281	-0.08804294621066115	0.04768556989752071	-0.04692905246345168	0.06888266524733276	-0.07357588153795871	0.07761820086409753	-0.03588795934563861	0.03498293660146202	-0.05585517805791819	0.048828351791863824	-0.1311078910570454
0.1698750500547579	-0.13287586985006436	0.19145765853188498	-0.4295864077922169	0.9999999999999992	-0.12978492818562865	0.16165816351959744	-0.1738262816889701	0.2791636753825246	-0.48553606814110095	0.18373468297521958	-0.15799720703187473	0.2009498632607087	-0.3727456720022635	0.30208782454520977	-0.1610836093122984	0.15210512107843088	-0.11430206572705523	0.18686093163594233	-0.16918810644427248	0.10798232212915368	-0.11152620718062027	0.11404800852823918	-0.22284474331142295	0.1508062708587955	-0.11548129616784497	0.08486528926410841	-0.09464585402881891	0.10544739001658722	-0.1640456837896724	0.05799191515803641	-0.060145324375758896	0.09171616387790697	-0.11666749374267808	0.11139891023917822	-0.06166376199356851	0.05971662734170731	-0.08909638861014557	0.09398837214983997	-0.10192192931406442	0.04569933625298485	-0.044929650512290746	0.06994344677704163	-0.06191505643431737	0.16168631881111659
-0.5721219050947152	0.23511313511472637	-0.2527835270569469	0.1350928947218336	-0.12978492818562865	0.9999999999999989	-0.23744240674861664	0.1738247463392012	-0.10444790236855421	0.08998604678074239	-0.6725593604269734	0.19628556306572828	-0.18014968141561238	0.14522389477454087	-0.10009595296395349	0.1763356570405476	-0.16079129755210594	0.07610217769714046	-0.08216224239012132	0.06647373849870693	-0.09127138692227092	0.07888285747210357	-0.07528831103654812	0.0946225535641545	-0.0632866070780993	0.092862325421516	-0.05861358927337316	0.05507826765441645	-0.05879845310391855	0.07316495842901308	-0.036037118417026864	0.03729393312094156	-0.05151181163397687	0.06192126990882546	-0.05275127920693675	0.036775697703464616	-0.03550447389213121	0.04797500995071409	-0.049334207608056235	0.04990382520506848	-0.02701093984122874	0.02636651650522856	-0.03594359483546334	0.031774360293426694	-0.0801852912957926
0.23856772910790827	-0.38147065540667074	0.2868815204920533	-0.18951917704287702	0.16165816351959744	-0.23744240674861664	0.9999999999999979	-0.5713209399799021	0.16004998368466714	-0.12314256149828882	0.22672190870570375	-0.5135175387918463	0.3102070078950433	-0.20459823277839922	0.13216069519469686	-0.22859647643813974	0.22451072249640547	-0.10580763107925263	0.10760333288716056	-0.08529913962271296	0.11019615372283033	-0.09822355524963156	0.10010812141923695	-0.12059996541867456	0.08032891566893156	-0.11584882924734463	0.07243983861160837	-0.0682673170040442	0.07234923647518746	-0.08885831331395098	0.04378843988348824	-0.045455802574779984	0.06305743918321025	-0.07517251977327855	0.06412193655931486	-0.04452028499320267	0.0431134352816138	-0.058262423367480116	0.05984384375897487	-0.060209820954509094	0.03267585362458816	-0.0319132792176491	0.04326588931060278	-0.03823694391787766	0.09619045368521181
-0.21427997718222166	0.2431524034303945	-0.3837084680449176	0.20258382155242632	-0.1738262816889701	0.1738247463392012	-0.5713209399799021	0.999999999999997	-0.23141918471746956	0.13665326560741936	-0.20136169136811685	0.2894633779982345	-0.5775148917306754	0.22041475774583486	-0.14817369744105346	0.17999728989638644	-0.1938356159481033	0.10712610932667145	-0.11308299764889124	0.08745022783847362	-0.09573944639911776	0.0867912914495972	-0.10386688125096442	0.12012681235125347	-0.08230871951710628	0.0986793908895907	-0.06505375503204713	0.0644510130339792	-0.06902413564687716	0.08598839096525526	-0.04003566336695891	0.04148547781415966	-0.05980615842830438	0.0709570312457626	-0.06244532883530886	0.04082903714019079	-0.03980349560087735	0.055055665436911747	-0.057022492682983476	0.05772840879014519	-0.03017985664574756	0.029452823165489826	-0.041478098552166186	0.0365564309781078	-0.09319381308092183
0.13550434149421456	-0.11833506502935322	0.17125641178205328	-0.6845600417114263	0.2791636753825246	-0.10444790236855421	0.16004998368466714	-0.23141918471746956	0.9999999999999971	-0.4026595702491922	0.14063385775946874	-0.1402419793951382	0.20185616612420074	-0.4649730123448868	0.2743817751965822	-0.11849609053057016	0.12022745441651682	-0.08687591149764382	0.15480838630556565	-0.12320283829859657	0.07393367354312703	-0.07233651553377518	0.08654901268954485	-0.15184566481255038	0.11054171558409222	-0.07646157005050305	0.05556083475871001	-0.06113659843782748	0.06840206088223631	-0.09855349605575077	0.03663533393984171	-0.037890628806205404	0.058581407453781396	-0.07131742820023372	0.07083836058908315	-0.038126660126551914	0.037481240634170326	-0.055274829046185206	0.058817753298537896	-0.06222825157090287	0.0285392197584584	-0.02790308257535476	0.04385917769022715	-0.03848183027370698	0.10207535477726223
-0.11963154833155341	0.09559063923858145	-0.1409028761384672	0.2796545619451184	-0.48553606814110095	0.08998604678074239	-0.12314256149828882	0.13665326560741936	-0.4026595702491922	0.999999999999997	-0.1269689713071284	0.11295820639720032	-0.15736641775853905	0.27982123171385803	-0.6846386428002674	0.10583873256336178	-0.10631377038466344	0.08178294273756742	-0.15509094431377862	0.15343211935236065	-0.0700204293615528	0.0707076149015602	-0.0827016101521605	0.15592050701557073	-0.1367391057737899	0.07289978116712882	-0.05462982196777051	0.06203728068142825	-0.07020714728238746	0.10993498992823256	-0.036959425570377354	0.038256394756274535	-0.06024053743913178	0.07431414443321341	-0.07815468737755983	0.038833213584722685	-0.03820822479620377	0.05763529628482083	-0.061966013270438554	0.06699919503777106	-0.0291123869248762	0.02852580973411639	-0.04638134948300222	0.040696725699757304	-0.10912308375191752
0.2943614312741281	-0.21969415247015123	0.22551788843651646	-0.1916483732736642	0.18373468297521958	-0.6725593604269734	0.22672190870570375	-0.20136169136811685	0.14063385775946874	-0.1269689713071284	0.9999999999999959	-0.2980142002905267	0.2174139845264205	-0.20876118861280601	0.13994116280346297	-0.3006388933840369	0.21937823941850204	-0.10728930083075995	0.11757271337399088	-0.09646127005410973	0.137123446055198	-0.12052611680232386	0.10478943777576083	-0.13917275299809048	0.09166226233953097	-0.14438257475850286	0.08854697969912183	-0.08175885832016484	0.08683846370743235	-0.10916392963932205	0.05420544486332495	-0.056257904710532575	0.07635631022119563	-0.09266489966586422	0.07801446719195183	-0.055509414817006324	0.053301790767432806	-0.07160351903410608	0.07333601148631128	-0.0743642828575327	0.04055430463715826	-0.03966313903858054	0.05331331329255617	-0.04724310691726946	0.11847995048549212
-0.21592578216894237	0.2049224529248876	-0.24199194338291857	0.16197221876048465	-0.15799720703187473	0.19628556306572828	-0.5135175387918463	0.2894633779982345	-0.1402419793951382	0.11295820639720032	-0.2980142002905267	0.999999999999997	-0.49296209819108916	0.19350010490722136	-0.12901692099316964	0.2668711397982544	-0.4850288242236881	0.1296735956208284	-0.11106371144842443	0.0849799605816125	-0.12820896784196073	0.10500373327627599	-0.12465192888758009	0.12019451918411739	-0.08083887531096967	0.12466268909541639	-0.07845621914688913	0.07292838111875151	-0.07678583271649463	0.08835113132134526	-0.046221578546809076	0.04783075712502984	-0.06665983763639032	0.07725907288434089	-0.06487778456653766	0.0462733202476427	-0.04519801974738061	0.060267010810518835	-0.06178781016106466	0.06094410918250706	-0.03413142821305124	0.03320621278974398	-0.04435082477244017	0.03908534217790073	-0.09795247889387299
0.19686110550339522	-0.20344521406300953	0.24698838670534703	-0.2321281853620221	0.2009498632607087	-0.18014968141561238	0.3102070078950433	-0.5775148917306754	0.20185616612420074	-0.15736641775853905	0.2174139845264205	-0.49296209819108916	0.9999999999999959	-0.3423865933070215	0.17357364113859786	-0.25051787594218183	0.2398356812576303	-0.16522052519790173	0.14879730594804566	-0.11342808994142786	0.1255920369242804	-0.11654709512056297	0.1414257209700696	-0.1609926178731265	0.10529544899332142	-0.13288311993987562	0.08638111424297323	-0.08544585640665613	0.09024064325006814	-0.110851994272581	0.05236978184145011	-0.054487880598678554	0.07806392102057379	-0.09260036864974436	0.0798644450017088	-0.05335933644025146	0.05196847611883157	-0.07163277465836898	0.07373635377176642	-0.07422983915531953	0.03928516995828851	-0.03839807022618667	0.0530690975868773	-0.0468720342854039	0.11821589653193852
-0.19541083868267023	0.15422453498700142	-0.2296785776555579	0.30388065122700586	-0.3727456720022635	0.14522389477454087	-0.20459823277839922	0.22041475774583486	-0.4649730123448868	0.27982123171385803	-0.20876118861280601	0.19350010490722136	-0.3423865933070215	0.999999999999992	-0.42532087858850176	0.16746120985741417	-0.17953729041289923	0.14036337739918872	-0.3507674644572103	0.19890406646512748	-0.10853469448040814	0.10626287473714136	-0.14310330892357429	0.24301166869864355	-0.18527448550486833	0.11017919811079645	-0.0827939483488679	0.09351512773324845	-0.10602171181075574	0.14890139317789464	-0.054785222980307524	0.056544444629532904	-0.0898493511888258	0.10764466717765292	-0.11031499784250723	0.056796088992113636	-0.05631584793008057	0.08389499997319812	-0.0900216212027079	0.09476910459414929	-0.04283922904265802	0.04179512902233899	-0.06749351436423699	0.058948200378902624	-0.15839540100259725
0.1301803664542513	-0.10467555101833109	0.15050610162875872	-0.3156357103115823	0.30208782454520977	-0.10009595296395349	0.13216069519469686	-0.14817369744105346	0.2743817751965822	-0.6846386428002674	0.13994116280346297	-0.12901692099316964	0.17357364113859786	-0.42532087858850176	0.9999999999999921	-0.12451294474294738	0.12133979557858525	-0.10183750428418953	0.20271554417511473	-0.2589841989185865	0.08301046888695515	-0.08621859674930091	0.10095690885026185	-0.21829860980353374	0.18020208210989952	-0.08767727728338615	0.06647279551570129	-0.07716573134152607	0.08743775813244874	-0.14738485739191334	0.045043246768774206	-0.04682011633116609	0.07442918232774934	-0.09315260763434592	0.09881924421843835	-0.04758696010251837	0.04681625638375654	-0.07167310478835136	0.0770173952020138	-0.08457039554774655	0.03554292130103302	-0.034946310792308546	0.056754370011752694	-0.05000150897929674	0.13288250972641152
-0.20128370315587574	0.15444175386094006	-0.2021387850504129	0.14400618387778802	-0.1610836093122984	0.1763356570405476	-0.22859647643813974	0.17999728989638644	-0.11849609053057016	0.10583873256336178	-0.3006388933840369	0.2668711397982544	-0.25051787594218183	0.16746120985741417	-0.12451294474294738	0.9999999999999939	-0.6786949594192021	0.15302143380821975	-0.1161759270395154	0.08925618862136095	-0.38220871687655716	0.16606363195696616	-0.16012510966004126	0.1274901080485305	-0.0871597902309089	0.22745947845756845	-0.13010576544396416	0.10035296375214854	-0.10461233679487186	0.10221976336293759	-0.0702208755867526	0.0715532998814645	-0.09125882255876835	0.09980672475105783	-0.0782911858936407	0.06647480648243681	-0.06583206881410389	0.07968849010287761	-0.08074499703076908	0.07531090945183139	-0.04939501043734808	0.04738871206197878	-0.057073943396213175	0.050016891316942334	-0.12252098363461561
0.16831125510906986	-0.1496798096022215	0.1784176781345218	-0.1513061953652674	0.15210512107843088	-0.16079129755210594	0.22451072249640547	-0.1938356159481033	0.12022745441651682	-0.10631377038466344	0.21937823941850204	-0.4850288242236881	0.2398356812576303	-0.17953729041289923	0.12133979557858525	-0.6786949594192021	0.9999999999999938	-0.20435697233535438	0.1194166596794116	-0.09141260709266721	0.20501578464626682	-0.16093625848007867	0.1647697051731311	-0.13437414905215603	0.08723543415272532	-0.2062299697787262	0.11606731720595317	-0.09667863947942776	0.09796831381974765	-0.10099171560196148	0.0632584121904529	-0.06590551981916129	0.08539016361940356	-0.09642213360670501	0.07491164784592207	-0.06187896559983263	0.06032034915196187	-0.07569645191970965	0.07602452722943098	-0.07208502158630019	0.045128165192521365	-0.043875205014722	0.053110716420270765	-0.04691601132419257	0.11351302961163678
-0.09180384837376791	0.07569429175128974	-0.10216513108157113	0.10168638757639584	-0.11430206572705523	0.07610217769714046	-0.10580763107925263	0.10712610932667145	-0.08687591149764382	0.08178294273756742	-0.10728930083075995	0.1296735956208284	-0.16522052519790173	0.14036337739918872	-0.10183750428418953	0.15302143380821975	-0.20435697233535438	0.9999999999999941	-0.22391756885693964	0.11619539773067487	-0.10554548337712384	0.127162727159812	-0.8835801886330068	0.18435675302119964	-0.10974501156621712	0.10536446918573782	-0.10427767681002097	0.14098297778336832	-0.13514982287951036	0.10072945539110281	-0.054413966506704506	0.05747213835860729	-0.11151562280949946	0.10636235987202235	-0.0779390759029827	0.05308615981149528	-0.055709968292706046	0.08311965597630938	-0.0836824366499687	0.07291167146262574	-0.040250653129697216	0.03915781241968766	-0.054101918792669464	0.04728796432731115	-0.11285426054827292
0.10679434486538779	-0.08384353776774703	0.1203506479265939	-0.16855831625131054	0.18686093163594233	-0.08216224239012132	0.10760333288716056	-0.11308299764889124	0.15480838630556565	-0.15509094431377862	0.11757271337399088	-0.11106371144842443	0.14879730594804566	-0.3507674644572103	0.20271554417511473	-0.1161759270395154	0.1194166596794116	-0.22391756885693964	0.999999999999994	-0.4712775232129977	0.08394880790370579	-0.09593454588266578	0.1823287098690374	-0.6710467702515336	0.2892346656037316	-0.08789267624402917	0.07610160146156957	-0.10204293537680896	0.11842986564993797	-0.17767605066504347	0.049677447570168363	-0.052150500476898426	0.09200725217944213	-0.11252944145624653	0.12089243628827613	-0.05200186696807109	0.05264321867313808	-0.08462573204679925	0.09135243182842764	-0.09742267519173947	0.039227499930888594	-0.03864115668387331	0.06487668638690783	-0.05690624280974326	0.15121610707676797
-0.08791037628787561	0.06755238370870403	-0.0982911644120713	0.13516858388987307	-0.16918810644427248	0.06647373849870693	-0.08529913962271296	0.08745022783847362	-0.12320283829859657	0.15343211935236065	-0.09646127005410973	0.0849799605816125	-0.11342808994142786	0.19890406646512748	-0.2589841989185865	0.08925618862136095	-0.09141260709266721	0.11619539773067487	-0.4712775232129977	0.9999999999999934	-0.0679832807168432	0.07690324186980395	-0.11863391949838147	0.30362901585103	-0.7295085651820419	0.07096164447942946	-0.06208226162290379	0.08247027335933892	-0.09935108186554968	0.20497981439682794	-0.04367631542009901	0.04553909382566333	-0.08156634412315181	0.09914904754819148	-0.14961589372702594	0.046341213475045745	-0.04723508483120812	0.07862982662660332	-0.09048184996031435	0.10325959558298319	-0.03541767507122705	0.034901327449238226	-0.06651673352633508	0.05774135499369733	-0.1646071692632286
0.10709566299565725	-0.08205201710480772	0.11012223957931419	-0.09275002843799628	0.10798232212915368	-0.09127138692227092	0.11019615372283033	-0.09573944639911776	0.07393367354312703	-0.0700204293615528	0.137123446055198	-0.12820896784196073	0.1255920369242804	-0.10853469448040814	0.08301046888695515	-0.38220871687655716	0.20501578464626682	-0.10554548337712384	0.08394880790370579	-0.0679832807168432	0.99999999999999	-0.36213807130392217	0.1092276279244364	-0.09884960401681737	0.06789248334735698	-0.7520078372430966	0.2536165205228773	-0.13156391424471525	0.12480138904629838	-0.09474546493198326	0.1100947555798897	-0.11652550066529532	0.11109968714689558	-0.11501955423551137	0.07504690469177848	-0.09823676285257979	0.0960421447459001	-0.09492693402739515	0.09073272007937211	-0.07689854591815053	0.06951274480311137	-0.06713392093899678	0.06020021705101411	-0.05313728263217623	0.117788811337704
-0.0998766947509241	0.07453931039078003	-0.10414409984625186	0.08898041333289924	-0.11152620718062027	0.07888285747210357	-0.09822355524963156	0.0867912914495972	-0.07233651553377518	0.0707076149015602	-0.12052611680232386	0.10500373327627599	-0.11654709512056297	0.10626287473714136	-0.08621859674930091	0.16606363195696616	-0.16093625848007867	0.127162727159812	-0.09593454588266578	0.07690324186980395	-0.36213807130392217	0.99999999999999	-0.15437503870321262	0.11216568398796477	-0.07929528628836752	0.28769092291900533	-0.7460040652111615	0.21702947736058512	-0.21885829716036567	0.117732961972133	-0.1790688526784673	0.18660669886723152	-0.1885767635993835	0.16286848653715777	-0.10085242289031689	0.13529631163664035	-0.16175186908388486	0.14113809452419088	-0.1374988281689157	0.10482254792849581	-0.10903222305976273	0.09906231936680651	-0.08663783155315338	0.07470265704626468	-0.16405359620283294
0.08969280727338703	-0.07396818677424305	0.09888517681580052	-0.10437335121020061	0.11404800852823918	-0.07528831103654812	0.10010812141923695	-0.10386688125096442	0.08654901268954485	-0.0827016101521605	0.10478943777576083	-0.12465192888758009	0.1414257209700696	-0.14310330892357429	0.10095690885026185	-0.16012510966004126	0.1647697051731311	-0.8835801886330068	0.1823287098690374	-0.11863391949838147	0.1092276279244364	-0.15437503870321262	0.9999999999999919	-0.21330550390798658	0.10951934759299393	-0.11565203792983389	0.11438447390170146	-0.1796287766350834	0.13974236643504087	-0.10649041413941353	0.05805510966203178	-0.06248162071480535	0.11722162366201655	-0.11652301560906003	0.08044921872722385	-0.05712335676231891	0.05954840993522954	-0.09017659839678661	0.08770581721172518	-0.07667856849123454	0.04275336353177343	-0.041930516067032	0.056017960567491296	-0.04943857086645563	0.1148144885800779
-0.12629638423385356	0.09553994891078736	-0.1399289006389786	0.16405308394013374	-0.22284474331142295	0.0946225535641545	-0.12059996541867456	0.12012681235125347	-0.15184566481255038	0.15592050701557073	-0.13917275299809048	0.12019451918411739	-0.1609926178731265	0.24301166869864355	-0.21829860980353374	0.1274901080485305	-0.13437414905215603	0.18435675302119964	-0.6710467702515336	0.30362901585103	-0.09884960401681737	0.11216568398796477	-0.21330550390798658	0.9999999999999896	-0.44330107208518565	0.10169459284617696	-0.09200167786257062	0.12679147497090218	-0.16696286069206556	0.20797600266237884	-0.06171639755976413	0.06428358433767621	-0.11847187333125371	0.14109939906263333	-0.1632607614078452	0.06441098606563414	-0.0660059242568077	0.10743457885712164	-0.11901714251639206	0.1250603818595089	-0.049341928465690965	0.04837748914995939	-0.08718779874118597	0.07549573043818353	-0.2088156613148
0.08321768652832072	-0.06394876457844696	0.09253451609686676	-0.12905476259639637	0.1508062708587955	-0.0632866070780993	0.08032891566893156	-0.08230871951710628	0.11054171558409222	-0.1367391057737899	0.09166226233953097	-0.08083887531096967	0.10529544899332142	-0.18527448550486833	0.18020208210989952	-0.0871597902309089	0.08723543415272532	-0.10974501156621712	0.2892346656037316	-0.7295085651820419	0.06789248334735698	-0.07929528628836752	0.10951934759299393	-0.44330107208518565	0.9999999999999881	-0.07191251960067233	0.06390767735122012	-0.08829905433117721	0.10739983084378613	-0.3371321485721879	0.04533146908299415	-0.0476157248525581	0.08612298916599592	-0.10875951790106571	0.1664470569950637	-0.04859796000331884	0.04950435256050134	-0.08477695234660891	0.09717929057047248	-0.11732665071512334	0.03688006897639444	-0.03657139144984641	0.068914352268174	-0.060410726157331646	0.16861981385604813
-0.11565656825020001	0.08617996275132363	-0.11884046466311567	0.09419463731558902	-0.11548129616784497	0.092862325421516	-0.11584882924734463	0.0986793908895907	-0.07646157005050305	0.07289978116712882	-0.14438257475850286	0.12466268909541639	-0.13288311993987562	0.11017919811079645	-0.08767727728338615	0.22745947845756845	-0.2062299697787262	0.10536446918573782	-0.08789267624402917	0.07096164447942946	-0.7520078372430966	0.28769092291900533	-0.11565203792983389	0.10169459284617696	-0.07191251960067233	0.9999999999999873	-0.41324983262896275	0.1516347669288555	-0.1510591907331017	0.1011596805994212	-0.14236686121031586	0.13751383750940105	-0.13291416865473332	0.12603539591968393	-0.08339383898144659	0.11083521577072515	-0.116503283158066	0.1070923846339123	-0.10422616887641066	0.0851227991803003	-0.08235738924014846	0.07689307783304011	-0.06894349599600748	0.05993510929609268	-0.13499635103099536
0.07354899242912431	-0.0552845958920153	0.07695356969744865	-0.068812124482866	0.08486528926410841	-0.05861358927337316	0.07243983861160837	-0.06505375503204713	0.05556083475871001	-0.05462982196777051	0.08854697969912183	-0.07845621914688913	0.08638111424297323	-0.0827939483488679	0.06647279551570129	-0.13010576544396416	0.11606731720595317	-0.10427767681002097	0.07610160146156957	-0.06208226162290379	0.2536165205228773	-0.7460040652111615	0.11438447390170146	-0.09200167786257062	0.06390767735122012	-0.41324983262896275	0.9999999999999858	-0.2869291279715677	0.19023250805459743	-0.09923040325152893	0.1642892878772801	-0.2445446270339761	0.1701218949334052	-0.15101769811044186	0.08331037816105613	-0.13066763209556234	0.15239885172603485	-0.13171868507437948	0.11804549130143124	-0.08911234195293218	0.09692301100503382	-0.0935455683479067	0.07225003937311109	-0.06341613030077542	0.13024605420699564
-0.07052776758705377	0.05323156308856852	-0.07528262672463525	0.07512599655944027	-0.09464585402881891	0.05507826765441645	-0.0682673170040442	0.0644510130339792	-0.06113659843782748	0.06203728068142825	-0.08175885832016484	0.07292838111875151	-0.08544585640665613	0.09351512773324845	-0.07716573134152607	0.10035296375214854	-0.09667863947942776	0.14098297778336832	-0.10204293537680896	0.08247027335933892	-0.13156391424471525	0.21702947736058512	-0.1796287766350834	0.12679147497090218	-0.08829905433117721	0.1516347669288555	-0.2869291279715677	0.9999999999999882	-0.6357532825677565	0.14719426545123981	-0.10692217153727138	0.12159266033286023	-0.5353134439142966	0.2925005229422033	-0.12946862589078564	0.10520045514743516	-0.12141832965064803	0.23292483911829037	-0.21262722916901974	0.13945196375595403	-0.07936441666196417	0.07958346633004157	-0.11114364955061755	0.0961369550510008	-0.1923004371940318
0.07545238732367225	-0.05694683744591403	0.0807492424169714	-0.08438605956901944	0.10544739001658722	-0.05879845310391855	0.07234923647518746	-0.06902413564687716	0.06840206088223631	-0.07020714728238746	0.08683846370743235	-0.07678583271649463	0.09024064325006814	-0.10602171181075574	0.08743775813244874	-0.10461233679487186	0.09796831381974765	-0.13514982287951036	0.11842986564993797	-0.09935108186554968	0.12480138904629838	-0.21885829716036567	0.13974236643504087	-0.16696286069206556	0.10739983084378613	-0.1510591907331017	0.19023250805459743	-0.6357532825677565	0.9999999999999855	-0.19747053137984996	0.10429296723700944	-0.120150483425197	0.2978516615632207	-0.554241329929396	0.15029192496042762	-0.112075835776807	0.1194521877567281	-0.24490034683916728	0.22438462293976	-0.16267068050270533	0.08103645411792473	-0.08352077471967932	0.11510573093067614	-0.10534290623444605	0.20399903470043
-0.09797899389354801	0.0722630956223647	-0.1057610987202825	0.11895525724347304	-0.1640456837896724	0.07316495842901308	-0.08885831331395098	0.08598839096525526	-0.09855349605575077	0.10993498992823256	-0.10916392963932205	0.08835113132134526	-0.110851994272581	0.14890139317789464	-0.14738485739191334	0.10221976336293759	-0.10099171560196148	0.10072945539110281	-0.17767605066504347	0.20497981439682794	-0.09474546493198326	0.117732961972133	-0.10649041413941353	0.20797600266237884	-0.3371321485721879	0.1011596805994212	-0.09923040325152893	0.14719426545123981	-0.19747053137984996	0.9999999999999818	-0.08001905131429929	0.08382437176159621	-0.16396084845416573	0.20154092842118856	-0.6416139729529381	0.08775809075438361	-0.09208348954406753	0.17178189769856056	-0.22502381656489287	0.28831786064478576	-0.06834169060612783	0.068035255901815	-0.15844417304243202	0.1365478516130035	-0.42419518834633424
0.0461135648866599	-0.03430010511698148	0.0484719938320567	-0.045916123649720704	0.05799191515803641	-0.036037118417026864	0.04378843988348824	-0.04003566336695891	0.03663533393984171	-0.036959425570377354	0.05420544486332495	-0.046221578546809076	0.05236978184145011	-0.054785222980307524	0.045043246768774206	-0.0702208755867526	0.0632584121904529	-0.054413966506704506	0.049677447570168363	-0.04367631542009901	0.1100947555798897	-0.1790688526784673	0.05805510966203178	-0.06171639755976413	0.04533146908299415	-0.14236686121031586	0.1642892878772801	-0.10692217153727138	0.10429296723700944	-0.08001905131429929	0.9999999999999843	-0.6239796464031115	0.11442557615561053	-0.11056121564528192	0.0685678941697817	-0.629123219946157	0.3044832306722495	-0.12831557174001001	0.10427047834792301	-0.07741245035433093	0.22402012631509421	-0.2374884124584715	0.07118382390044053	-0.06301982520769817	0.10988277316512915
-0.047864012764064975	0.03555276023618709	-0.05032120796932452	0.04726170730241493	-0.060145324375758896	0.03729393312094156	-0.045455802574779984	0.04148547781415966	-0.037890628806205404	0.038256394756274535	-0.056257904710532575	0.04783075712502984	-0.054487880598678554	0.056544444629532904	-0.04682011633116609	0.0715532998814645	-0.06590551981916129	0.05747213835860729	-0.052150500476898426	0.04553909382566333	-0.11652550066529532	0.18660669886723152	-0.06248162071480535	0.06428358433767621	-0.0476157248525581	0.13751383750940105	-0.2445446270339761	0.12159266033286023	-0.120150483425197	0.08382437176159621	-0.6239796464031115	0.9999999999999849	-0.13968426575891313	0.11957075159445223	-0.07506047576733736	0.30781646983234145	-0.588439004379081	0.1525331045111823	-0.12439433114953058	0.08453723099036863	-0.23954806142278726	0.21984444394437946	-0.07899655291442052	0.06773860605809955	-0.12096207525961095
0.06629173548536522	-0.04978649530888647	0.07071425484933223	-0.07297005737662077	0.09171616387790697	-0.05151181163397687	0.06305743918321025	-0.05980615842830438	0.058581407453781396	-0.06024053743913178	0.07635631022119563	-0.06665983763639032	0.07806392102057379	-0.0898493511888258	0.07442918232774934	-0.09125882255876835	0.08539016361940356	-0.11151562280949946	0.09200725217944213	-0.08156634412315181	0.11109968714689558	-0.1885767635993835	0.11722162366201655	-0.11847187333125371	0.08612298916599592	-0.13291416865473332	0.1701218949334052	-0.5353134439142966	0.2978516615632207	-0.16396084845416573	0.11442557615561053	-0.13968426575891313	0.9999999999999856	-0.4452752887981453	0.14391434064736677	-0.13077027973433208	0.15152375938850826	-0.5476299239152955	0.2730265370171554	-0.17813862645445033	0.09291815998791356	-0.10099154324413623	0.142370530104596	-0.13137636526242075	0.2057546005243847
-0.08128712540431837	0.06014320071817926	-0.08662886284338028	0.08815261653142281	-0.11666749374267808	0.06192126990882546	-0.07517251977327855	0.0709570312457626	-0.07131742820023372	0.07431414443321341	-0.09266489966586422	0.07725907288434089	-0.09260036864974436	0.10764466717765292	-0.09315260763434592	0.09980672475105783	-0.09642213360670501	0.10636235987202235	-0.11252944145624653	0.09914904754819148	-0.11501955423551137	0.16286848653715777	-0.11652301560906003	0.14109939906263333	-0.10875951790106571	0.12603539591968393	-0.15101769811044186	0.2925005229422033	-0.554241329929396	0.20154092842118856	-0.11056121564528192	0.11957075159445223	-0.4452752887981453	0.9999999999999801	-0.20762287939060434	0.11847787461341691	-0.13465539956331393	0.28940635624542405	-0.4634351358224263	0.22691468811876947	-0.09155096117682934	0.09193899948775501	-0.16161943075764912	0.1384267285950158	-0.31323551070037586
0.06961954154450338	-0.051886637148488554	0.07513923963699841	-0.08804294621066115	0.11139891023917822	-0.05275127920693675	0.06412193655931486	-0.06244532883530886	0.07083836058908315	-0.07815468737755983	0.07801446719195183	-0.06487778456653766	0.0798644450017088	-0.11031499784250723	0.09881924421843835	-0.0782911858936407	0.07491164784592207	-0.0779390759029827	0.12089243628827613	-0.14961589372702594	0.07504690469177848	-0.10085242289031689	0.08044921872722385	-0.1632607614078452	0.1664470569950637	-0.08339383898144659	0.08331037816105613	-0.12946862589078564	0.15029192496042762	-0.6416139729529381	0.0685678941697817	-0.07506047576733736	0.14391434064736677	-0.20762287939060434	0.9999999999999821	-0.07912047518591611	0.08234817803280808	-0.1811587154633863	0.2257126951029233	-0.595895301692076	0.05833324419854441	-0.060388440996425694	0.11769987106584456	-0.11133633477119481	0.2837516619113895
-0.0476608659500558	0.035188927759798316	-0.05015778376957422	0.04768556989752071	-0.06166376199356851	0.036775697703464616	-0.04452028499320267	0.04082903714019079	-0.038126660126551914	0.038833213584722685	-0.055509414817006324	0.0462733202476427	-0.05335933644025146	0.056796088992113636	-0.04758696010251837	0.06647480648243681	-0.06187896559983263	0.05308615981149528	-0.05200186696807109	0.046341213475045745	-0.09823676285257979	0.13529631163664035	-0.05712335676231891	0.06441098606563414	-0.04859796000331884	0.11083521577072515	-0.13066763209556234	0.10520045514743516	-0.112075835776807	0.08775809075438361	-0.629123219946157	0.30781646983234145	-0.13077027973433208	0.11847787461341691	-0.07912047518591611	0.9999999999999812	-0.46979393863053287	0.14858575226713377	-0.12669286618314057	0.08881922639602864	-0.4514925528093594	0.27893362303660973	-0.08607020848012539	0.07356726669198346	-0.13247430253781395
0.045734851144489504	-0.03398141273502053	0.04826174163834728	-0.04692905246345168	0.05971662734170731	-0.03550447389213121	0.0431134352816138	-0.03980349560087735	0.037481240634170326	-0.03820822479620377	0.053301790767432806	-0.04519801974738061	0.05196847611883157	-0.05631584793008057	0.04681625638375654	-0.06583206881410389	0.06032034915196187	-0.055709968292706046	0.05264321867313808	-0.04723508483120812	0.0960421447459001	-0.16175186908388486	0.05954840993522954	-0.0660059242568077	0.04950435256050134	-0.116503283158066	0.15239885172603485	-0.12141832965064803	0.1194521877567281	-0.09208348954406753	0.3044832306722495	-0.588439004379081	0.15152375938850826	-0.13465539956331393	0.08234817803280808	-0.46979393863053287	0.9999999999999815	-0.2408675560195112	0.14582830402175984	-0.09770642668994069	0.28071441745892195	-0.4526388575115956	0.09376599264598438	-0.08212083326600102	0.12932939072618108
-0.06261525489507236	0.04650192643559256	-0.06671573528039493	0.06888266524733276	-0.08909638861014557	0.04797500995071409	-0.058262423367480116	0.055055665436911747	-0.055274829046185206	0.05763529628482083	-0.07160351903410608	0.060267010810518835	-0.07163277465836898	0.08389499997319812	-0.07167310478835136	0.07968849010287761	-0.07569645191970965	0.08311965597630938	-0.08462573204679925	0.07862982662660332	-0.09492693402739515	0.14113809452419088	-0.09017659839678661	0.10743457885712164	-0.08477695234660891	0.1070923846339123	-0.13171868507437948	0.23292483911829037	-0.24490034683916728	0.17178189769856056	-0.12831557174001001	0.1525331045111823	-0.5476299239152955	0.28940635624542405	-0.1811587154633863	0.14858575226713377	-0.2408675560195112	0.9999999999999803	-0.5747095514627248	0.22341305183645752	-0.11301575338584009	0.12269147038040618	-0.2386702916130159	0.1746957459566525	-0.26560868376812685
0.06440264672595049	-0.04793277989805592	0.06881405272727889	-0.07357588153795871	0.09398837214983997	-0.049334207608056235	0.05984384375897487	-0.057022492682983476	0.058817753298537896	-0.061966013270438554	0.07333601148631128	-0.06178781016106466	0.07373635377176642	-0.0900216212027079	0.0770173952020138	-0.08074499703076908	0.07602452722943098	-0.0836824366499687	0.09135243182842764	-0.09048184996031435	0.09073272007937211	-0.1374988281689157	0.08770581721172518	-0.11901714251639206	0.09717929057047248	-0.10422616887641066	0.11804549130143124	-0.21262722916901974	0.22438462293976	-0.22502381656489287	0.10427047834792301	-0.12439433114953058	0.2730265370171554	-0.4634351358224263	0.2257126951029233	-0.12669286618314057	0.14582830402175984	-0.5747095514627248	0.9999999999999799	-0.463771045006484	0.08970176001399309	-0.09915274391422689	0.16239344664144836	-0.1571852715821517	0.26641230732109156
-0.06603332971247032	0.048794065976308455	-0.07075176508274847	0.07761820086409753	-0.10192192931406442	0.04990382520506848	-0.060209820954509094	0.05772840879014519	-0.06222825157090287	0.06699919503777106	-0.0743642828575327	0.06094410918250706	-0.07422983915531953	0.09476910459414929	-0.08457039554774655	0.07531090945183139	-0.07208502158630019	0.07291167146262574	-0.09742267519173947	0.10325959558298319	-0.07689854591815053	0.10482254792849581	-0.07667856849123454	0.1250603818595089	-0.11732665071512334	0.0851227991803003	-0.08911234195293218	0.13945196375595403	-0.16267068050270533	0.28831786064478576	-0.07741245035433093	0.08453723099036863	-0.17813862645445033	0.22691468811876947	-0.595895301692076	0.08881922639602864	-0.09770642668994069	0.22341305183645752	-0.463771045006484	0.9999999999999793	-0.06721517499054336	0.06937371891488325	-0.15860019430292355	0.14560974760557843	-0.49036457272466294
0.03487226205001693	-0.02585354655681402	0.03677928881092458	-0.03588795934563861	0.04569933625298485	-0.02701093984122874	0.03267585362458816	-0.03017985664574756	0.0285392197584584	-0.0291123869248762	0.04055430463715826	-0.03413142821305124	0.03928516995828851	-0.04283922904265802	0.03554292130103302	-0.04939501043734808	0.045128165192521365	-0.040250653129697216	0.039227499930888594	-0.03541767507122705	0.06951274480311137	-0.10903222305976273	0.04275336353177343	-0.049341928465690965	0.03688006897639444	-0.08235738924014846	0.09692301100503382	-0.07936441666196417	0.08103645411792473	-0.06834169060612783	0.22402012631509421	-0.23954806142278726	0.09291815998791356	-0.09155096117682934	0.05833324419854441	-0.4514925528093594	0.28071441745892195	-0.11301575338584009	0.08970176001399309	-0.06721517499054336	0.9999999999999793	-0.7935796495325458	0.07534335379494243	-0.06764675116743701	0.09497162617679393
-0.034151290342375996	0.025269691462549145	-0.03602152070305789	0.03498293660146202	-0.044929650512290746	0.02636651650522856	-0.0319132792176491	0.029452823165489826	-0.02790308257535476	0.02852580973411639	-0.03966313903858054	0.03320621278974398	-0.03839807022618667	0.04179512902233899	-0.034946310792308546	0.04738871206197878	-0.043875205014722	0.03915781241968766	-0.03864115668387331	0.034901327449238226	-0.06713392093899678	0.09906231936680651	-0.041930516067032	0.04837748914995939	-0.03657139144984641	0.07689307783304011	-0.0935455683479067	0.07958346633004157	-0.08352077471967932	0.068035255901815	-0.2374884124584715	0.21984444394437946	-0.10099154324413623	0.09193899948775501	-0.060388440996425694	0.27893362303660973	-0.4526388575115956	0.12269147038040618	-0.09915274391422689	0.06937371891488325	-0.7935796495325458	0.9999999999999791	-0.0863088688546623	0.07154806586566853	-0.10050877882553694
0.04706984660821725	-0.034962233461858575	0.050316437812275336	-0.05585517805791819	0.06994344677704163	-0.03594359483546334	0.04326588931060278	-0.041478098552166186	0.04385917769022715	-0.04638134948300222	0.05331331329255617	-0.04435082477244017	0.0530690975868773	-0.06749351436423699	0.056754370011752694	-0.057073943396213175	0.053110716420270765	-0.054101918792669464	0.06487668638690783	-0.06651673352633508	0.06020021705101411	-0.08663783155315338	0.056017960567491296	-0.08718779874118597	0.068914352268174	-0.06894349599600748	0.07225003937311109	-0.11114364955061755	0.11510573093067614	-0.15844417304243202	0.07118382390044053	-0.07899655291442052	0.142370530104596	-0.16161943075764912	0.11769987106584456	-0.08607020848012539	0.09376599264598438	-0.2386702916130159	0.16239344664144836	-0.15860019430292355	0.07534335379494243	-0.0863088688546623	0.9999999999999796	-0.8848913182353098	0.23984332002164818
