0.9999999999999999	-0.6600009372436431	0.23719086044656942	-0.2150834121194916	0.09504343391927683	-0.6131481289156618	0.28335998680525176	-0.21481440271953486	0.1550363611192636	-0.09019300715744792	0.14001726495411454	-0.12754672791981161	0.1314394432884022	-0.1470695692844192	0.07927826925199152	-0.08472676454943831	0.09439565708130834	-0.08198663856217578	0.07157394465674724	-0.09579186004558664	0.07796253295498012	-0.06551289416637796	0.06229654966311345	-0.057548958511857554	0.016883371791453276	-0.05744660704853986	0.06322621434845185	-0.052010859285448324	0.07035333064525545	-0.01689426224686413	0.07313543436955335	-0.04172135286067134	0.04238697376162075	-0.023110238204374724	0.02777556721604289
-0.6600009372436431	0.9999999999999999	-0.42606227344679626	0.2210458885213803	-0.10510578166396402	0.31056095570340647	-0.4713218604560855	0.2582412282115194	-0.1788394451837327	0.09546510311196475	-0.1361843171229817	0.12538210371776873	-0.1365644063578124	0.14395471249551195	-0.07904101465281484	0.08083352011832631	-0.09378655810410759	0.080614008376669	-0.07172670319006495	0.09055134040127455	-0.07683764050094259	0.06395031488424108	-0.06178131151453943	0.05650605273634996	-0.016469952332220816	0.055710434909985014	-0.06193126973824865	0.05113375980492342	-0.07022897452602686	0.01641172208965669	-0.07072811189327935	0.04045258746479997	-0.041347644156406446	0.022707691058565682	-0.02731272169803522
0.23719086044656942	-0.42606227344679626	1.0	-0.5289228031842691	0.15123038265622527	-0.28466082669844783	0.3020574635363454	-0.5749997052395406	0.2685143724400421	-0.14521000049796184	0.13564164619891164	-0.13113726653260072	0.15456207914150213	-0.19472451554578948	0.10179761615560205	-0.08383713121627111	0.09717474393255067	-0.08930760569283339	0.07907204764719813	-0.11551701536617806	0.07940786092063432	-0.0670663743485526	0.06634865260562797	-0.061991388181518045	0.018703660666624756	-0.05869766203556264	0.06504028736721158	-0.055056987206652204	0.07600043831772672	-0.018663949226673502	0.07445014411388644	-0.04304742646666548	0.04388207330816063	-0.02431943408636881	0.029188309395691454
-0.2150834121194916	0.2210458885213803	-0.5289228031842691	1.0000000000000007	-0.3113963717783064	0.2254492009240937	-0.2798371304070038	0.2978066111146712	-0.5425483607760795	0.22970870113239655	-0.18735006804011678	0.16337503660896646	-0.23065655806057114	0.2552181451873668	-0.1485562482834086	0.11446128792964289	-0.13958725952448686	0.12586377013325842	-0.11683663525376804	0.1504595845761446	-0.11348675717092058	0.09468555560338128	-0.09691800764654128	0.08877557698772721	-0.026469655211137613	0.08282210544815555	-0.09328658090426803	0.07927065155771729	-0.11276778732653917	0.026201345706502815	-0.10618357482638104	0.061179254578992814	-0.06314785932907155	0.0353394369859012	-0.04252216540384897
0.09504343391927683	-0.10510578166396402	0.15123038265622527	-0.3113963717783064	1.0000000000000013	-0.13033743797937167	0.12881316367985485	-0.16015815626720445	0.24697848563670877	-0.8760112262413694	0.09436203389345099	-0.09124888277387068	0.12111259942922228	-0.1864215226145475	0.13299283558472377	-0.06012795109743285	0.07110319356855115	-0.07016710467495482	0.06301415936529578	-0.14751640028578233	0.05781296866181513	-0.049343650166734525	0.05067711638321093	-0.04897420658197532	0.01703270607402272	-0.043379095416882625	0.04817365404176034	-0.042144574938590564	0.05894042587535512	-0.01705899589646532	0.0551238665240313	-0.032313351311168304	0.03294530626731215	-0.01855072728485295	0.022208324876423706
-0.6131481289156618	0.31056095570340647	-0.28466082669844783	0.2254492009240937	-0.13033743797937167	1.0000000000000016	-0.47725555193421954	0.24511563351739707	-0.20931772643719904	0.11565007795282008	-0.2695581439296394	0.1955878873479788	-0.2123114857292216	0.19207982081326458	-0.10837551967226931	0.1447346346659585	-0.16743575131421576	0.13201212841595714	-0.11898689631848079	0.12556546091146067	-0.1386284392333806	0.11266374429854882	-0.10617436537679656	0.09429974417396961	-0.026415791500703494	0.09791781784941028	-0.1096158709008359	0.08745816703819626	-0.1197792619577869	0.026266500381502248	-0.1255419934442964	0.07038672933924883	-0.07240907920246112	0.039285916853264706	-0.04742523590027739
0.28335998680525176	-0.4713218604560855	0.3020574635363454	-0.2798371304070038	0.12881316367985485	-0.47725555193421954	1.0000000000000024	-0.5564836372443971	0.23256417836994014	-0.1273363158528216	0.17703084594727153	-0.20827473603015387	0.1822126550400417	-0.21114954951563356	0.10781388448152728	-0.10680317341812148	0.11853232534889621	-0.10650834998181108	0.09125927623756414	-0.1289111359751815	0.09685891047377197	-0.08194888505177801	0.07782299199883157	-0.07271613575863238	0.021473566108743885	-0.07090437597880647	0.07771421248498338	-0.06503277953721553	0.08767339295636949	-0.02150198936741254	0.0879655750476245	-0.051107779877767004	0.051653693855957805	-0.02840633309181415	0.034042032696252084
-0.21481440271953486	0.2582412282115194	-0.5749997052395406	0.2978066111146712	-0.16015815626720445	0.24511563351739707	-0.5564836372443971	1.0000000000000022	-0.41363967042998023	0.1478647705204417	-0.14896974458098022	0.14536777113686553	-0.18022398255996908	0.20663187434507638	-0.10940961614492158	0.08960665183074103	-0.1051673470378427	0.09602896959429226	-0.0858379947424593	0.11702641789955859	-0.08544141425330577	0.0717092539903786	-0.07126721683928852	0.06603772684236217	-0.01965447920395132	0.062159253641984775	-0.0691913983622636	0.058769618689806666	-0.08172992158955457	0.019550727428744398	-0.07800038494339694	0.045326025266027734	-0.046315546254138036	0.02581617425254791	-0.03098143890001935
0.1550363611192636	-0.1788394451837327	0.2685143724400421	-0.5425483607760795	0.24697848563670877	-0.20931772643719904	0.23256417836994014	-0.41363967042998023	1.000000000000003	-0.33763381679348187	0.15373441328845386	-0.1558862663628865	0.21440234995682547	-0.48181294744294273	0.17084665145933806	-0.09629149892650465	0.11318220253176044	-0.1132533906064035	0.10024967968251068	-0.18085398776613987	0.09161900160116722	-0.07804321980591382	0.07979294423311233	-0.0764517939439553	0.024242638986019673	-0.06772445519669039	0.075199752878906	-0.06604530529590828	0.09224518748345857	-0.024175599214276446	0.08444145426434971	-0.04983567988542904	0.05077632470854235	-0.02868626870542077	0.03431628002198868
-0.09019300715744792	0.09546510311196475	-0.14521000049796184	0.22970870113239655	-0.8760112262413694	0.11565007795282008	-0.1273363158528216	0.1478647705204417	-0.33763381679348187	1.0000000000000016	-0.09508070174616057	0.08863392186107401	-0.12470768191102408	0.176431318040077	-0.14932990964002882	0.05959635193567276	-0.07153621088958721	0.06917652280182073	-0.06331741618805319	0.13521786440888364	-0.05804037198234999	0.04916580179817875	-0.050788741221023094	0.04836664135630667	-0.016474932021596604	0.04304198315035037	-0.048092741810125905	0.04194041741644805	-0.05926564528038384	0.01640492355583704	-0.054653745629311114	0.031978658674729286	-0.03276277910433288	0.018495109338454246	-0.022169107850583816
0.14001726495411454	-0.1361843171229817	0.13564164619891164	-0.18735006804011678	0.09436203389345099	-0.2695581439296394	0.17703084594727153	-0.14896974458098022	0.15373441328845386	-0.09508070174616057	1.0000000000000013	-0.6214276767089635	0.2744858658187647	-0.24685125875913835	0.1227034430345355	-0.4787184996430447	0.2536983581686473	-0.1870216866279412	0.13816758395605222	-0.16328447260261816	0.22305296608536504	-0.18809824358162744	0.12898019679855302	-0.11693507272917159	0.030910996596061342	-0.14373384636145778	0.14296378966384027	-0.11206042894614755	0.13017677000586209	-0.03129253193941165	0.13561745024243527	-0.08514183647952502	0.08105191662184286	-0.0434240431373978	0.051349072359798985
-0.12754672791981161	0.12538210371776873	-0.13113726653260072	0.16337503660896646	-0.09124888277387068	0.1955878873479788	-0.20827473603015387	0.14536777113686553	-0.1558862663628865	0.08863392186107401	-0.6214276767089635	1.0	-0.5714218214241324	0.23479293790161174	-0.1186477250674095	0.2325055131332978	-0.2537009045029719	0.18866644110890246	-0.1488860960844633	0.14037429131676923	-0.19225329448914594	0.1548627384089083	-0.12592893086074983	0.11178624041776619	-0.028931112441715562	0.11765311763981971	-0.12756018889204662	0.10383493447123264	-0.13112156062020805	0.02895922777676639	-0.11988210740077482	0.07437169983318842	-0.07311238216328647	0.04058437855402	-0.048102746463759165
0.1314394432884022	-0.1365644063578124	0.15456207914150213	-0.23065655806057114	0.12111259942922228	-0.2123114857292216	0.1822126550400417	-0.18022398255996908	0.21440234995682547	-0.12470768191102408	0.2744858658187647	-0.5714218214241324	1.0000000000000002	-0.5017271310483191	0.18029686772514134	-0.18302261420531402	0.19300322005988374	-0.3208286588827249	0.19008720033228024	-0.22491848630048034	0.15012562213344066	-0.13694867925898963	0.14070709640261497	-0.14162663675338583	0.037020071446995144	-0.11172616904747279	0.11928806071274323	-0.11773502215726603	0.15332122675428653	-0.037251745609386586	0.12276069961397652	-0.07862354702436555	0.0773599770313756	-0.045200506102775026	0.05308654138258517
-0.1470695692844192	0.14395471249551195	-0.19472451554578948	0.2552181451873668	-0.1864215226145475	0.19207982081326458	-0.21114954951563356	0.20663187434507638	-0.48181294744294273	0.176431318040077	-0.24685125875913835	0.23479293790161174	-0.5017271310483191	0.9999999999999996	-0.3832053471981945	0.14734545720612924	-0.17930873205383543	0.18443594711523506	-0.17219037185969926	0.2620087570780075	-0.1431504540618815	0.12077869376472898	-0.1278336628877223	0.12091196220127175	-0.03746807949179788	0.1026466905798868	-0.11527718510139164	0.10383256371838143	-0.14890659106328222	0.0369313638699036	-0.12456095541294848	0.07478343648099363	-0.07666903671310021	0.044297054675148294	-0.0529158338695966
0.07927826925199152	-0.07904101465281484	0.10179761615560205	-0.1485562482834086	0.13299283558472377	-0.10837551967226931	0.10781388448152728	-0.10940961614492158	0.17084665145933806	-0.14932990964002882	0.1227034430345355	-0.1186477250674095	0.18029686772514134	-0.3832053471981945	1.0000000000000013	-0.07917253644512315	0.09583127343769883	-0.10680516375332251	0.10207080629931928	-0.8548617084668841	0.07699433023065999	-0.06647669958821616	0.0721239059901567	-0.07584621618507371	0.04197354631226773	-0.05774332195896374	0.06445537300279172	-0.060287433152962006	0.08660368595421916	-0.04217416735942965	0.07141948312430937	-0.04340324015953295	0.04431966654360686	-0.026128015878402716	0.031060186405925554
-0.08472676454943831	0.08083352011832631	-0.08383713121627111	0.11446128792964289	-0.06012795109743285	0.1447346346659585	-0.10680317341812148	0.08960665183074103	-0.09629149892650465	0.05959635193567276	-0.4787184996430447	0.2325055131332978	-0.18302261420531402	0.14734545720612924	-0.07917253644512315	0.9999999999999997	-0.54121342869839	0.17017500522318743	-0.1320644950451691	0.10279570687173371	-0.5400667495877285	0.2900790255942754	-0.14806900974201814	0.11107326529805929	-0.02670441325188516	0.1869702057175372	-0.1952354041261658	0.12399935260708557	-0.12991648905593153	0.026922697105451397	-0.14527388101824204	0.09018223916709635	-0.08492549841563837	0.04368777755658186	-0.051685584316644204
0.09439565708130834	-0.09378655810410759	0.09717474393255067	-0.13958725952448686	0.07110319356855115	-0.16743575131421576	0.11853232534889621	-0.1051673470378427	0.11318220253176044	-0.07153621088958721	0.2536983581686473	-0.2537009045029719	0.19300322005988374	-0.17930873205383543	0.09583127343769883	-0.54121342869839	0.9999999999999988	-0.2775457814884152	0.17164745611964355	-0.1286150162355845	0.3200804087470226	-0.561430461773721	0.19057644525764422	-0.15125279641633646	0.03410211759902555	-0.22380798587423717	0.22026747147921982	-0.1688654595828272	0.16151372405135178	-0.03464900154432771	0.1652344267651873	-0.11313864022001127	0.10230661391120721	-0.05372577561572511	0.06274282330543811
-0.08198663856217578	0.080614008376669	-0.08930760569283339	0.12586377013325842	-0.07016710467495482	0.13201212841595714	-0.10650834998181108	0.09602896959429226	-0.1132533906064035	0.06917652280182073	-0.1870216866279412	0.18866644110890246	-0.3208286588827249	0.18443594711523506	-0.10680516375332251	0.17017500522318743	-0.2775457814884152	0.9999999999999994	-0.6690306101846806	0.13210414345580365	-0.1664907786240665	0.17658267254824642	-0.32756530303505166	0.2796947209429865	-0.054574529452717346	0.13317858093257826	-0.15094540448095053	0.21885812956389347	-0.3232849437573866	0.05353221919956438	-0.13430019248326566	0.10124232578043146	-0.10209184742850023	0.07165246287318515	-0.08230387295521292
0.07157394465674724	-0.07172670319006495	0.07907204764719813	-0.11683663525376804	0.06301415936529578	-0.11898689631848079	0.09125927623756414	-0.0858379947424593	0.10024967968251068	-0.06331741618805319	0.13816758395605222	-0.1488860960844633	0.19008720033228024	-0.17219037185969926	0.10207080629931928	-0.1320644950451691	0.17164745611964355	-0.6690306101846806	1.0	-0.1391061635179674	0.12443563504270742	-0.13505097641270972	0.20602897790213037	-0.5539491200013383	0.06006959850892481	-0.11049842769988778	0.11957500811105272	-0.1954627063289332	0.2763613967482913	-0.060805390659114215	0.11232753841186414	-0.0880255318807432	0.08592410513130194	-0.0623832449707734	0.0692783526967241
-0.09579186004558664	0.09055134040127455	-0.11551701536617806	0.1504595845761446	-0.14751640028578233	0.12556546091146067	-0.1289111359751815	0.11702641789955859	-0.18085398776613987	0.13521786440888364	-0.16328447260261816	0.14037429131676923	-0.22491848630048034	0.2620087570780075	-0.8548617084668841	0.10279570687173371	-0.1286150162355845	0.13210414345580365	-0.1391061635179674	0.9999999999999981	-0.10343603547172261	0.08783012140362627	-0.0963481726467793	0.09753754265901696	-0.055527324474435306	0.0765248967924859	-0.08656784688471021	0.07937580004931481	-0.11747708505397181	0.05207362391869104	-0.09630416376056142	0.05772881749568754	-0.05966640047501362	0.03512476003775965	-0.041974062898930464
0.07796253295498012	-0.07683764050094259	0.07940786092063432	-0.11348675717092058	0.05781296866181513	-0.1386284392333806	0.09685891047377197	-0.08544141425330577	0.09161900160116722	-0.05804037198234999	0.22305296608536504	-0.19225329448914594	0.15012562213344066	-0.1431504540618815	0.07699433023065999	-0.5400667495877285	0.3200804087470226	-0.1664907786240665	0.12443563504270742	-0.10343603547172261	0.9999999999999998	-0.5979113882512862	0.1709331269965296	-0.11879523595576305	0.027838563490567198	-0.3462606977812124	0.2574693613948189	-0.15443489416946898	0.13360213588131162	-0.028334858387170918	0.1735611448403668	-0.11143278922469071	0.09920730358671748	-0.04870060066350946	0.057280861784821
-0.06551289416637796	0.06395031488424108	-0.0670663743485526	0.09468555560338128	-0.049343650166734525	0.11266374429854882	-0.08194888505177801	0.0717092539903786	-0.07804321980591382	0.04916580179817875	-0.18809824358162744	0.1548627384089083	-0.13694867925898963	0.12077869376472898	-0.06647669958821616	0.2900790255942754	-0.561430461773721	0.17658267254824642	-0.13505097641270972	0.08783012140362627	-0.5979113882512862	0.9999999999999997	-0.253086775192224	0.12507187028943592	-0.027968187197467805	0.25097628441295294	-0.3611864065051175	0.17975294642835843	-0.14782719327987814	0.028361475422624682	-0.16150094051222447	0.11101632596841318	-0.10133972925765854	0.05012135741709059	-0.05870510415786026
0.06229654966311345	-0.06178131151453943	0.06634865260562797	-0.09691800764654128	0.05067711638321093	-0.10617436537679656	0.07782299199883157	-0.07126721683928852	0.07979294423311233	-0.050788741221023094	0.12898019679855302	-0.12592893086074983	0.14070709640261497	-0.1278336628877223	0.0721239059901567	-0.14806900974201814	0.19057644525764422	-0.32756530303505166	0.20602897790213037	-0.0963481726467793	0.1709331269965296	-0.253086775192224	1.0000000000000027	-0.26316018253939505	0.046311235673003215	-0.17153251770213612	0.1902932121358439	-0.7727041224886154	0.272088783519899	-0.04817395130907783	0.13599192472619293	-0.1246149443195925	0.11748153751842398	-0.0710564863812136	0.07680736602477194
-0.057548958511857554	0.05650605273634996	-0.061991388181518045	0.08877557698772721	-0.04897420658197532	0.09429974417396961	-0.07271613575863238	0.06603772684236217	-0.0764517939439553	0.04836664135630667	-0.11693507272917159	0.11178624041776619	-0.14162663675338583	0.12091196220127175	-0.07584621618507371	0.11107326529805929	-0.15125279641633646	0.2796947209429865	-0.5539491200013383	0.09753754265901696	-0.11879523595576305	0.12507187028943592	-0.26316018253939505	1.0	-0.10219801612334452	0.10823446530678134	-0.12481400547741749	0.22820270966401354	-0.6665648998312179	0.09323386545839903	-0.11237821137572516	0.09855103855072908	-0.1022218097333926	0.09423615696019504	-0.10468856175984682
0.016883371791453276	-0.016469952332220816	0.018703660666624756	-0.026469655211137613	0.01703270607402272	-0.026415791500703494	0.021473566108743885	-0.01965447920395132	0.024242638986019673	-0.016474932021596604	0.030910996596061342	-0.028931112441715562	0.037020071446995144	-0.03746807949179788	0.04197354631226773	-0.02670441325188516	0.03410211759902555	-0.054574529452717346	0.06006959850892481	-0.055527324474435306	0.027838563490567198	-0.027968187197467805	0.046311235673003215	-0.10219801612334452	1.0000000000000007	-0.026070904149444064	0.029130355957414783	-0.04574081901282927	0.09300612232941627	-0.9853098542262216	0.029634302195612066	-0.028740950960134643	0.028155469775221095	-0.031719213476448446	0.035259615181738604
-0.05744660704853986	0.055710434909985014	-0.05869766203556264	0.08282210544815555	-0.043379095416882625	0.09791781784941028	-0.07090437597880647	0.062159253641984775	-0.06772445519669039	0.04304198315035037	-0.14373384636145778	0.11765311763981971	-0.11172616904747279	0.1026466905798868	-0.05774332195896374	0.1869702057175372	-0.22380798587423717	0.13317858093257826	-0.11049842769988778	0.0765248967924859	-0.3462606977812124	0.25097628441295294	-0.17153251770213612	0.10823446530678134	-0.026070904149444064	1.0000000000000007	-0.7411171332862915	0.15834530653758827	-0.13797232470499454	0.02637272494159223	-0.3935265439798684	0.16413730136219873	-0.14890736507540192	0.0623679944692285	-0.0753940767378267
0.06322621434845185	-0.06193126973824865	0.06504028736721158	-0.09328658090426803	0.04817365404176034	-0.1096158709008359	0.07771421248498338	-0.0691913983622636	0.075199752878906	-0.048092741810125905	0.14296378966384027	-0.12756018889204662	0.11928806071274323	-0.11527718510139164	0.06445537300279172	-0.1952354041261658	0.22026747147921982	-0.15094540448095053	0.11957500811105272	-0.08656784688471021	0.2574693613948189	-0.3611864065051175	0.1902932121358439	-0.12481400547741749	0.029130355957414783	-0.7411171332862915	1.0000000000000007	-0.2214223269243351	0.1506321843506496	-0.02971054464046921	0.2534414130363709	-0.22271758945097467	0.1632486209907758	-0.06899528743297029	0.08155579069764257
-0.052010859285448324	0.05113375980492342	-0.055056987206652204	0.07927065155771729	-0.042144574938590564	0.08745816703819626	-0.06503277953721553	0.058769618689806666	-0.06604530529590828	0.04194041741644805	-0.11206042894614755	0.10383493447123264	-0.11773502215726603	0.10383256371838143	-0.060287433152962006	0.12399935260708557	-0.1688654595828272	0.21885812956389347	-0.1954627063289332	0.07937580004931481	-0.15443489416946898	0.17975294642835843	-0.7727041224886154	0.22820270966401354	-0.04574081901282927	0.15834530653758827	-0.2214223269243351	1.0000000000000002	-0.43689849732238933	0.046567879358390615	-0.127839842373551	0.1234231011115088	-0.13154484462064955	0.07942378711099193	-0.08576145097402475
0.07035333064525545	-0.07022897452602686	0.07600043831772672	-0.11276778732653917	0.05894042587535512	-0.1197792619577869	0.08767339295636949	-0.08172992158955457	0.09224518748345857	-0.05926564528038384	0.13017677000586209	-0.13112156062020805	0.15332122675428653	-0.14890659106328222	0.08660368595421916	-0.12991648905593153	0.16151372405135178	-0.3232849437573866	0.2763613967482913	-0.11747708505397181	0.13360213588131162	-0.14782719327987814	0.272088783519899	-0.6665648998312179	0.09300612232941627	-0.13797232470499454	0.1506321843506496	-0.43689849732238933	1.0000000000000009	-0.10217279626354929	0.1357645700779821	-0.13122267562505663	0.1273912415929578	-0.14343360803605712	0.12970502984936144
-0.01689426224686413	0.01641172208965669	-0.018663949226673502	0.026201345706502815	-0.01705899589646532	0.026266500381502248	-0.02150198936741254	0.019550727428744398	-0.024175599214276446	0.01640492355583704	-0.03129253193941165	0.02895922777676639	-0.037251745609386586	0.0369313638699036	-0.04217416735942965	0.026922697105451397	-0.03464900154432771	0.05353221919956438	-0.060805390659114215	0.05207362391869104	-0.028334858387170918	0.028361475422624682	-0.04817395130907783	0.09323386545839903	-0.9853098542262216	0.02637272494159223	-0.02971054464046921	0.046567879358390615	-0.10217279626354929	1.0000000000000013	-0.03004835873261546	0.029052179803220148	-0.028903942114062883	0.03253058299100532	-0.03747221110657316
0.07313543436955335	-0.07072811189327935	0.07445014411388644	-0.10618357482638104	0.0551238665240313	-0.1255419934442964	0.0879655750476245	-0.07800038494339694	0.08444145426434971	-0.054653745629311114	0.13561745024243527	-0.11988210740077482	0.12276069961397652	-0.12456095541294848	0.07141948312430937	-0.14527388101824204	0.1652344267651873	-0.13430019248326566	0.11232753841186414	-0.09630416376056142	0.1735611448403668	-0.16150094051222447	0.13599192472619293	-0.11237821137572516	0.029634302195612066	-0.3935265439798684	0.2534414130363709	-0.127839842373551	0.1357645700779821	-0.03004835873261546	1.0000000000000007	-0.25493715476009277	0.19410449838022464	-0.08058816966513026	0.09778987739343042
-0.04172135286067134	0.04045258746479997	-0.04304742646666548	0.061179254578992814	-0.032313351311168304	0.07038672933924883	-0.051107779877767004	0.045326025266027734	-0.04983567988542904	0.031978658674729286	-0.08514183647952502	0.07437169983318842	-0.07862354702436555	0.07478343648099363	-0.04340324015953295	0.09018223916709635	-0.11313864022001127	0.10124232578043146	-0.0880255318807432	0.05772881749568754	-0.11143278922469071	0.11101632596841318	-0.1246149443195925	0.09855103855072908	-0.028740950960134643	0.16413730136219873	-0.22271758945097467	0.1234231011115088	-0.13122267562505663	0.029052179803220148	-0.25493715476009277	1.0000000000000004	-0.840439553778274	0.2092068388398367	-0.26617237752189704
0.04238697376162075	-0.041347644156406446	0.04388207330816063	-0.06314785932907155	0.03294530626731215	-0.07240907920246112	0.051653693855957805	-0.046315546254138036	0.05077632470854235	-0.03276277910433288	0.08105191662184286	-0.07311238216328647	0.0773599770313756	-0.07666903671310021	0.04431966654360686	-0.08492549841563837	0.10230661391120721	-0.10209184742850023	0.08592410513130194	-0.05966640047501362	0.09920730358671748	-0.10133972925765854	0.11748153751842398	-0.1022218097333926	0.028155469775221095	-0.14890736507540192	0.1632486209907758	-0.13154484462064955	0.1273912415929578	-0.028903942114062883	0.19410449838022464	-0.840439553778274	1.0000000000000009	-0.30303126108994954	0.22866807817614576
-0.023110238204374724	0.022707691058565682	-0.02431943408636881	0.0353394369859012	-0.01855072728485295	0.039285916853264706	-0.02840633309181415	0.02581617425254791	-0.02868626870542077	0.018495109338454246	-0.0434240431373978	0.04058437855402	-0.045200506102775026	0.044297054675148294	-0.026128015878402716	0.04368777755658186	-0.05372577561572511	0.07165246287318515	-0.0623832449707734	0.03512476003775965	-0.04870060066350946	0.05012135741709059	-0.0710564863812136	0.09423615696019504	-0.031719213476448446	0.0623679944692285	-0.06899528743297029	0.07942378711099193	-0.14343360803605712	0.03253058299100532	-0.08058816966513026	0.2092068388398367	-0.30303126108994954	1.0000000000000009	-0.9095654730251622
0.02777556721604289	-0.02731272169803522	0.029188309395691454	-0.04252216540384897	0.022208324876423706	-0.04742523590027739	0.034042032696252084	-0.03098143890001935	0.03431628002198868	-0.022169107850583816	0.051349072359798985	-0.048102746463759165	0.05308654138258517	-0.0529158338695966	0.031060186405925554	-0.051685584316644204	0.06274282330543811	-0.08230387295521292	0.0692783526967241	-0.041974062898930464	0.057280861784821	-0.05870510415786026	0.07680736602477194	-0.10468856175984682	0.035259615181738604	-0.0753940767378267	0.08155579069764257	-0.08576145097402475	0.12970502984936144	-0.03747221110657316	0.09778987739343042	-0.26617237752189704	0.22866807817614576	-0.9095654730251622	1.0000000000000009
