1.0	-0.3126270693596748	0.21012820481845773	-0.14526521665794606	0.13096244834371315	-0.7811764186747481	0.250456757483832	-0.25008490502954644	0.1333219796981398	-0.10327406120240192	0.24572001836991278	-0.20867325714487647	0.18081640227163576	-0.12662792472595447	0.12410010161335	-0.18966811305690248	0.15532090225507628	-0.1812051315913345	0.1402734567826501	-0.12821660912062197	0.12135111916163697	-0.15706136279738178	0.12639782079216397	-0.12853470118746085	0.1083312848734969	-0.1306959807508932	0.11038345593475174	-0.10912824928638575	0.12974658688732604	-0.21507152702606586
-0.3126270693596748	0.9999999999999998	-0.7983351072670032	0.2173229593655957	-0.19073424939491176	0.21022777709627372	-0.314573650139478	0.22367912981873575	-0.19097545125551169	0.12550116772507877	-0.14961521501167438	0.1479129291518402	-0.14922219367585277	0.11435628612340984	-0.11991077595310541	0.11011545877114468	-0.10697130999203931	0.12562819397862826	-0.12153081614024187	0.10561994078698896	-0.07756834329198349	0.10497359265073006	-0.08955224169184177	0.09423001369116145	-0.08338482537532149	0.07909969302983395	-0.074576199980515	0.07182508620273682	-0.0919976796356636	0.14108292935771397
0.21012820481845773	-0.7983351072670032	0.9999999999999996	-0.3475130475974595	0.18882693168975956	-0.2003124581353789	0.22590417996344606	-0.2558287085138906	0.19387045014436816	-0.13602716703827153	0.1435153492474219	-0.15250943950477094	0.14972160044810323	-0.12179858113631217	0.12360399548715618	-0.11509852768739615	0.11017564418465255	-0.13476729997239278	0.12444146359395297	-0.11442144153630214	0.08044813371805677	-0.11296898569361624	0.09465856300438479	-0.10170265439468042	0.08884630253335277	-0.08417018489620745	0.07837789599833306	-0.07685800947426961	0.09743571413244789	-0.15764279448458152
-0.14526521665794606	0.2173229593655957	-0.3475130475974595	0.9999999999999998	-0.5680010780205019	0.12422545509815842	-0.15459221676523663	0.16284334208078047	-0.6083331019318087	0.2982553388281813	-0.12704501571456572	0.12653016584226753	-0.13963878687900524	0.1811890180345901	-0.20785438021725905	0.1011212443697913	-0.10393762992815303	0.13053887221591776	-0.17238724479887002	0.15622783297602919	-0.07598681878682037	0.10985664088919911	-0.09761036392617689	0.11729646142593704	-0.1094010354127301	0.07736633572951707	-0.07919503442806763	0.0769369171394417	-0.10505012485085141	0.16210053170132432
0.13096244834371315	-0.19073424939491176	0.18882693168975956	-0.5680010780205019	0.9999999999999994	-0.12234356785777378	0.1386450546612296	-0.1589452319063751	0.32917288200710887	-0.6173838125270203	0.13266753701704329	-0.13645836491886806	0.1435135296355959	-0.20944899357829885	0.2462250558708161	-0.11339704329262154	0.11550537954590408	-0.15012579148572816	0.18011868706760198	-0.21740927230736495	0.08589343394340004	-0.13113771576621228	0.11447818348437143	-0.15077153443972385	0.13665297146659905	-0.08952496849800473	0.09231219998613722	-0.09201579528564917	0.12610826740884593	-0.2133851120573024
-0.7811764186747481	0.21022777709627372	-0.2003124581353789	0.12422545509815842	-0.12234356785777378	1.0	-0.3412349748797503	0.22474010694596433	-0.12413993657182551	0.09287030725104028	-0.3548100159085467	0.19923902548204253	-0.1805068349911519	0.11314334471333899	-0.11254939385102744	0.1748420087946338	-0.14732054730010535	0.15712351238482766	-0.12854059502715012	0.10942940087519859	-0.11408119692959048	0.13438321554808194	-0.11184416506604332	0.10912679280080655	-0.09343981048537085	0.11278189319359345	-0.09826898879548551	0.09301922049245095	-0.11307025603236186	0.16848711332379146
0.250456757483832	-0.314573650139478	0.22590417996344606	-0.15459221676523663	0.1386450546612296	-0.3412349748797503	1.0000000000000009	-0.7230547247532084	0.15295191846652442	-0.11345131495180671	0.21629983196239586	-0.31927106152640405	0.26509707829027523	-0.14176302411496108	0.1313386704484847	-0.1626778847604021	0.16637224050969987	-0.19496951313372735	0.15022303783506416	-0.1270185269041661	0.10823809557946332	-0.15426827624161976	0.1280521733764829	-0.12291513368882455	0.1048005040214132	-0.11026737389668839	0.10015625897921644	-0.09683117923278252	0.11972719462774963	-0.18137410997220577
-0.25008490502954644	0.22367912981873575	-0.2558287085138906	0.16284334208078047	-0.1589452319063751	0.22474010694596433	-0.7230547247532084	1.0000000000000018	-0.19308255163135907	0.12777014723007613	-0.21994716984003687	0.26101880075767425	-0.4266450265828588	0.15838703118272715	-0.14893167699808962	0.15435578503824596	-0.1691085820313565	0.19610351685802624	-0.1705879414402509	0.13206515709493125	-0.10848422403015376	0.14944264041963584	-0.13242762643053818	0.1243939910809235	-0.1090852608524667	0.10631883082423871	-0.1016270929480444	0.0959422407494214	-0.12266639699696842	0.173446430270562
0.1333219796981398	-0.19097545125551169	0.19387045014436816	-0.6083331019318087	0.32917288200710887	-0.12413993657182551	0.15295191846652442	-0.19308255163135907	1.0000000000000002	-0.5539221208985169	0.1339088902108208	-0.141781761768089	0.15598012800793065	-0.28019641647167776	0.2490832261462613	-0.11242145442805695	0.11640031951303353	-0.1525864880653531	0.19919411569348694	-0.2026311963926179	0.08418915770630474	-0.1278386609642988	0.11266629147153488	-0.1427726497285602	0.13044978353689424	-0.0869547437174692	0.08909172747722334	-0.08818848901679582	0.1202398624224523	-0.19469568558431
-0.10327406120240192	0.12550116772507877	-0.13602716703827153	0.2982553388281813	-0.6173838125270203	0.09287030725104028	-0.11345131495180671	0.12777014723007613	-0.5539221208985169	0.9999999999999998	-0.10985557380767746	0.11220981353595402	-0.12697668901597098	0.215518102502335	-0.4164086642464033	0.09152164833362397	-0.09669722759123987	0.12601278977005664	-0.1840180547312365	0.19858701670978104	-0.07039077823345885	0.106919741173264	-0.09699090950902532	0.12737299488124543	-0.12610371968062917	0.07191466753656155	-0.07635236802617516	0.07510833029190249	-0.10585213570610494	0.1641425577755968
0.24572001836991278	-0.14961521501167438	0.1435153492474219	-0.12704501571456572	0.13266753701704329	-0.3548100159085467	0.21629983196239586	-0.21994716984003687	0.1339088902108208	-0.10985557380767746	0.9999999999999993	-0.4569241117966604	0.26250626637326524	-0.16295115604334076	0.15342620157820633	-0.5371541999328039	0.28637494958476517	-0.28549036332415284	0.18740459120237066	-0.16372429861123	0.22970394643359712	-0.25124481835255646	0.19379276197919149	-0.17843204654955386	0.14580460490106914	-0.24351436633796492	0.17337816731614697	-0.16905973852847267	0.18397091940873259	-0.27870592555006196
-0.20867325714487647	0.1479129291518402	-0.15250943950477094	0.12653016584226753	-0.13645836491886806	0.19923902548204253	-0.31927106152640405	0.26101880075767425	-0.141781761768089	0.11220981353595402	-0.4569241117966604	0.9999999999999992	-0.6053359965736415	0.18104780100849285	-0.16168204990128066	0.25336727851419855	-0.39444653893259796	0.27820739285814033	-0.20722064111505345	0.15016471019298266	-0.16249582959100659	0.21913902682708702	-0.191880696773298	0.15504151798126928	-0.13270559658350214	0.14985840487972832	-0.13686833957367767	0.12625247323328107	-0.15573660878126022	0.20400098316281307
0.18081640227163576	-0.14922219367585277	0.14972160044810323	-0.13963878687900524	0.1435135296355959	-0.1805068349911519	0.26509707829027523	-0.4266450265828588	0.15598012800793065	-0.12697668901597098	0.26250626637326524	-0.6053359965736415	0.999999999999999	-0.2740827447533147	0.18186216271820357	-0.22161854078925455	0.25973906671710534	-0.4061194287523827	0.23219058287216016	-0.17356419572005516	0.1434673362286608	-0.2323109400298725	0.198667387286336	-0.171552109288805	0.1431884754314133	-0.14448981639861516	0.13275126364340345	-0.12917648507732332	0.1581821193060765	-0.22644358163708334
-0.12662792472595447	0.11435628612340984	-0.12179858113631217	0.1811890180345901	-0.20944899357829885	0.11314334471333899	-0.14176302411496108	0.15838703118272715	-0.28019641647167776	0.215518102502335	-0.16295115604334076	0.18104780100849285	-0.2740827447533147	0.9999999999999988	-0.5076208115655936	0.13462445221842803	-0.1568220795846188	0.217899918337704	-0.6627883280788432	0.2585834569085023	-0.10200074496833884	0.15878011791485933	-0.1521446362283904	0.18113376721508317	-0.17659010204303663	0.10155951243019591	-0.10831779585018989	0.10542560040414772	-0.14806192482351319	0.20956686345612438
0.12410010161335	-0.11991077595310541	0.12360399548715618	-0.20785438021725905	0.2462250558708161	-0.11254939385102744	0.1313386704484847	-0.14893167699808962	0.2490832261462613	-0.4164086642464033	0.15342620157820633	-0.16168204990128066	0.18186216271820357	-0.5076208115655936	0.9999999999999983	-0.13368896645861902	0.14468375717947204	-0.1977528197043275	0.2934322896519663	-0.5209963400751376	0.10442470773223839	-0.16979140224584294	0.15559940974461217	-0.23357205397029435	0.23082086637619614	-0.10732191417229978	0.11737343068701228	-0.1179630706825095	0.16944142507252066	-0.2693709747752281
-0.18966811305690248	0.11011545877114468	-0.11509852768739615	0.1011212443697913	-0.11339704329262154	0.1748420087946338	-0.1626778847604021	0.15435578503824596	-0.11242145442805695	0.09152164833362397	-0.5371541999328039	0.25336727851419855	-0.22161854078925455	0.13462445221842803	-0.13368896645861902	1.0000000000000002	-0.48938167659088916	0.2468556768153474	-0.17157074051618648	0.13480280038123926	-0.4662220224245957	0.2287516125845541	-0.1915681252452048	0.1530314882906522	-0.12758119941120596	0.25420805981207295	-0.1928100496469149	0.1570911707174414	-0.17704503650301331	0.20721490232804363
0.15532090225507628	-0.10697130999203931	0.11017564418465255	-0.10393762992815303	0.11550537954590408	-0.14732054730010535	0.16637224050969987	-0.1691085820313565	0.11640031951303353	-0.09669722759123987	0.28637494958476517	-0.39444653893259796	0.25973906671710534	-0.1568220795846188	0.14468375717947204	-0.48938167659088916	0.9999999999999969	-0.49867280284301946	0.19640776806176996	-0.15171034623060833	0.2050549499583612	-0.4528866673509287	0.2684516724414343	-0.18073888846007144	0.14297470879012314	-0.18980934742028333	0.15855742764662722	-0.14811227735905752	0.17058033880750254	-0.2099831961307292
-0.1812051315913345	0.12562819397862826	-0.13476729997239278	0.13053887221591776	-0.15012579148572816	0.15712351238482766	-0.19496951313372735	0.19610351685802624	-0.1525864880653531	0.12601278977005664	-0.28549036332415284	0.27820739285814033	-0.4061194287523827	0.217899918337704	-0.1977528197043275	0.2468556768153474	-0.49867280284301946	0.9999999999999972	-0.35187342360235035	0.1930152361497256	-0.1805630844919393	0.3088853355782476	-0.45746885766955836	0.22309493833766397	-0.18760791460738008	0.16101826131413763	-0.17203142169117508	0.15995567515672438	-0.20624202559503624	0.23313705077692956
0.1402734567826501	-0.12153081614024187	0.12444146359395297	-0.17238724479887002	0.18011868706760198	-0.12854059502715012	0.15022303783506416	-0.1705879414402509	0.19919411569348694	-0.1840180547312365	0.18740459120237066	-0.20722064111505345	0.23219058287216016	-0.6627883280788432	0.2934322896519663	-0.17157074051618648	0.19640776806176996	-0.35187342360235035	0.999999999999995	-0.3619027095887374	0.1275552935920635	-0.21795209954697695	0.20160921189231581	-0.2670456456580606	0.21832703339278256	-0.1307310185131773	0.137428551652318	-0.13872107538058148	0.18971460646748917	-0.2914503411049555
-0.12821660912062197	0.10561994078698896	-0.11442144153630214	0.15622783297602919	-0.21740927230736495	0.10942940087519859	-0.1270185269041661	0.13206515709493125	-0.2026311963926179	0.19858701670978104	-0.16372429861123	0.15016471019298266	-0.17356419572005516	0.2585834569085023	-0.5209963400751376	0.13480280038123926	-0.15171034623060833	0.1930152361497256	-0.3619027095887374	0.9999999999999974	-0.11413513925440806	0.17255143590798397	-0.18407797003692006	0.2772212970476344	-0.5732453563807677	0.11237328418593301	-0.13736949413469599	0.13208775780415002	-0.2167715768850251	0.2544651560944332
0.12135111916163697	-0.07756834329198349	0.08044813371805677	-0.07598681878682037	0.08589343394340004	-0.11408119692959048	0.10823809557946332	-0.10848422403015376	0.08418915770630474	-0.07039077823345885	0.22970394643359712	-0.16249582959100659	0.1434673362286608	-0.10200074496833884	0.10442470773223839	-0.4662220224245957	0.2050549499583612	-0.1805630844919393	0.1275552935920635	-0.11413513925440806	0.9999999999999973	-0.1887437285780904	0.14730468638651872	-0.1390972761617583	0.1100601996326123	-0.7303263688414225	0.23908959738473493	-0.21280976743782046	0.17227060279471262	-0.21614592950584557
-0.15706136279738178	0.10497359265073006	-0.11296898569361624	0.10985664088919911	-0.13113771576621228	0.13438321554808194	-0.15426827624161976	0.14944264041963584	-0.1278386609642988	0.106919741173264	-0.25124481835255646	0.21913902682708702	-0.2323109400298725	0.15878011791485933	-0.16979140224584294	0.2287516125845541	-0.4528866673509287	0.3088853355782476	-0.21795209954697695	0.17255143590798397	-0.1887437285780904	0.9999999999999972	-0.6723690843322214	0.24077035570860125	-0.19860524277448305	0.16480414037778687	-0.20693938530093017	0.18033190413859196	-0.2283603156431253	0.22288893116991648
0.12639782079216397	-0.08955224169184177	0.09465856300438479	-0.09761036392617689	0.11447818348437143	-0.11184416506604332	0.1280521733764829	-0.13242762643053818	0.11266629147153488	-0.09699090950902532	0.19379276197919149	-0.191880696773298	0.198667387286336	-0.1521446362283904	0.15559940974461217	-0.1915681252452048	0.2684516724414343	-0.45746885766955836	0.20160921189231581	-0.18407797003692006	0.14730468638651872	-0.6723690843322214	0.9999999999999974	-0.3865054315768071	0.2055122976806619	-0.145418338046731	0.17467005879039288	-0.20208389203115143	0.21540527797938203	-0.22532345859586023
-0.12853470118746085	0.09423001369116145	-0.10170265439468042	0.11729646142593704	-0.15077153443972385	0.10912679280080655	-0.12291513368882455	0.1243939910809235	-0.1427726497285602	0.12737299488124543	-0.17843204654955386	0.15504151798126928	-0.171552109288805	0.18113376721508317	-0.23357205397029435	0.1530314882906522	-0.18073888846007144	0.22309493833766397	-0.2670456456580606	0.2772212970476344	-0.1390972761617583	0.24077035570860125	-0.3865054315768071	0.9999999999999976	-0.6189256264443451	0.13727595753717456	-0.1882559134576316	0.1933053619605295	-0.4093596661087225	0.2868863940432531
0.1083312848734969	-0.08338482537532149	0.08884630253335277	-0.1094010354127301	0.13665297146659905	-0.09343981048537085	0.1048005040214132	-0.1090852608524667	0.13044978353689424	-0.12610371968062917	0.14580460490106914	-0.13270559658350214	0.1431884754314133	-0.17659010204303663	0.23082086637619614	-0.12758119941120596	0.14297470879012314	-0.18760791460738008	0.21832703339278256	-0.5732453563807677	0.1100601996326123	-0.19860524277448305	0.2055122976806619	-0.6189256264443451	0.9999999999999971	-0.1115149568626189	0.1393724196350951	-0.14612008027441623	0.2360857063583543	-0.34691642553565083
-0.1306959807508932	0.07909969302983395	-0.08417018489620745	0.07736633572951707	-0.08952496849800473	0.11278189319359345	-0.11026737389668839	0.10631883082423871	-0.0869547437174692	0.07191466753656155	-0.24351436633796492	0.14985840487972832	-0.14448981639861516	0.10155951243019591	-0.10732191417229978	0.25420805981207295	-0.18980934742028333	0.16101826131413763	-0.1307310185131773	0.11237328418593301	-0.7303263688414225	0.16480414037778687	-0.145418338046731	0.13727595753717456	-0.1115149568626189	0.9999999999999984	-0.4448031661173907	0.2284853975404292	-0.2072376491810022	0.19971576239321767
0.11038345593475174	-0.074576199980515	0.07837789599833306	-0.07919503442806763	0.09231219998613722	-0.09826898879548551	0.10015625897921644	-0.1016270929480444	0.08909172747722334	-0.07635236802617516	0.17337816731614697	-0.13686833957367767	0.13275126364340345	-0.10831779585018989	0.11737343068701228	-0.1928100496469149	0.15855742764662722	-0.17203142169117508	0.137428551652318	-0.13736949413469599	0.23908959738473493	-0.20693938530093017	0.17467005879039288	-0.1882559134576316	0.1393724196350951	-0.4448031661173907	0.9999999999999991	-0.6988628927455522	0.2782996414307092	-0.30496394465795024
-0.10912824928638575	0.07182508620273682	-0.07685800947426961	0.0769369171394417	-0.09201579528564917	0.09301922049245095	-0.09683117923278252	0.0959422407494214	-0.08818848901679582	0.07510833029190249	-0.16905973852847267	0.12625247323328107	-0.12917648507732332	0.10542560040414772	-0.1179630706825095	0.1570911707174414	-0.14811227735905752	0.15995567515672438	-0.13872107538058148	0.13208775780415002	-0.21280976743782046	0.18033190413859196	-0.20208389203115143	0.1933053619605295	-0.14612008027441623	0.2284853975404292	-0.6988628927455522	0.9999999999999993	-0.5269651977058916	0.2571290704520397
0.12974658688732604	-0.0919976796356636	0.09743571413244789	-0.10505012485085141	0.12610826740884593	-0.11307025603236186	0.11972719462774963	-0.12266639699696842	0.1202398624224523	-0.10585213570610494	0.18397091940873259	-0.15573660878126022	0.1581821193060765	-0.14806192482351319	0.16944142507252066	-0.17704503650301331	0.17058033880750254	-0.20624202559503624	0.18971460646748917	-0.2167715768850251	0.17227060279471262	-0.2283603156431253	0.21540527797938203	-0.4093596661087225	0.2360857063583543	-0.2072376491810022	0.2782996414307092	-0.5269651977058916	0.9999999999999993	-0.5527916570599541
-0.21507152702606586	0.14108292935771397	-0.15764279448458152	0.16210053170132432	-0.2133851120573024	0.16848711332379146	-0.18137410997220577	0.173446430270562	-0.19469568558431	0.1641425577755968	-0.27870592555006196	0.20400098316281307	-0.22644358163708334	0.20956686345612438	-0.2693709747752281	0.20721490232804363	-0.2099831961307292	0.23313705077692956	-0.2914503411049555	0.2544651560944332	-0.21614592950584557	0.22288893116991648	-0.22532345859586023	0.2868863940432531	-0.34691642553565083	0.19971576239321767	-0.30496394465795024	0.2571290704520397	-0.5527916570599541	0.9999999999999991
