1.0000000000000002	-0.5443901316368804	0.13717464177468386	-0.13804213741552862	0.1524710398326147	-0.6388337235426308	0.3209945739967565	-0.2198425203431843	0.0805676196725515	-0.07439570127939157	0.23329877795691095	-0.19347679357715827	0.19012833674333524	-0.06461797269609032	0.08852573806535093	-0.2624627228921706	0.17662034139494331	-0.14749755979070422	0.07113416084125199	-0.06965595257356377	0.14823578295869067	-0.1869522367023441	0.11594181831905243	-0.08292768719776847	0.06490743250005333	-0.17969547458281931	0.14927728183101407	-0.14798917696685532	0.07747552482857815	-0.05597327562066482
-0.5443901316368804	1.0000000000000004	-0.19396021726301282	0.14899055785117912	-0.18969508332116328	0.30579839490702976	-0.6949540021895617	0.22788278542846746	-0.09477288131388213	0.08653504236404781	-0.16712942119767316	0.16113220785133328	-0.17805360107157167	0.07217065527416154	-0.10349834941966016	0.15885338947139926	-0.15206891049980778	0.1171198213762487	-0.06579231457601115	0.06318754062923777	-0.10270213944922114	0.1300294505087745	-0.09211173998580265	0.06689795782240586	-0.05490186693896717	0.12008365785847339	-0.11727899532721721	0.11013502109332614	-0.06362949250370145	0.04612266677285333
0.13717464177468386	-0.19396021726301282	1.0000000000000004	-0.7117386097836933	0.2648346715913769	-0.1185795959532465	0.15697322943980188	-0.5762766343880932	0.13503348873556065	-0.12394223167263067	0.07935902416349526	-0.08781384344797985	0.1101561850230455	-0.10145545723069985	0.13433614303312594	-0.08543463547276378	0.0909836100224505	-0.08063839719685058	0.06169084493510311	-0.06034232787026409	0.060499148909260475	-0.082213958553981	0.06344152465955678	-0.05064109772702988	0.04350688521104532	-0.07537426781902677	0.07602476015628648	-0.077243787359947	0.04791143934779365	-0.0362705335483417
-0.13804213741552862	0.14899055785117912	-0.7117386097836933	1.0000000000000004	-0.49322657778016826	0.11030865520332754	-0.1354961124283531	0.31441423179147715	-0.20524666876997513	0.19092671263681615	-0.08174831118520136	0.08982229360885209	-0.11820376832515395	0.14387090385754941	-0.21400968284375546	0.08799580243314334	-0.10320258088930663	0.09148112504113713	-0.086157604021953	0.08310770150795567	-0.06605037280130709	0.09079215683216402	-0.07435213003648942	0.06230508138720596	-0.05571466725320748	0.08270794320950638	-0.08861712024695836	0.08894434301631551	-0.05951854209930456	0.045657380233370126
0.1524710398326147	-0.18969508332116328	0.2648346715913769	-0.49322657778016826	0.9999999999999999	-0.14606471001769766	0.15911470564902538	-0.4660306996408709	0.2458672866664991	-0.502150295908291	0.10732045760358237	-0.11989780435751064	0.14662013090706352	-0.22655271169587876	0.26648478365838946	-0.12457857335833117	0.13243244459679898	-0.1297910628931631	0.10942850616851393	-0.11915320631748172	0.09241343726841703	-0.13125875500272452	0.10201126617987556	-0.08673786104804529	0.07412249980607641	-0.12086807981738926	0.11741315460859818	-0.1310059187069632	0.07990477620409393	-0.0634278186560794
-0.6388337235426308	0.30579839490702976	-0.1185795959532465	0.11030865520332754	-0.14606471001769766	0.9999999999999999	-0.5068395644384219	0.18219348579360983	-0.07607938613825528	0.06965019523416514	-0.3832333844698283	0.2043608996879276	-0.21010071491794133	0.0601603051870299	-0.08411913454923753	0.236200984914923	-0.18105640190942512	0.13407028861665735	-0.06532480933569604	0.06283812013996673	-0.13876900735920628	0.15844792967880816	-0.10532329722549376	0.07352002020172116	-0.05873164196444793	0.14807521053961986	-0.1377527350188871	0.12520635075528616	-0.06971407405732567	0.04969134248186488
0.3209945739967565	-0.6949540021895617	0.15697322943980188	-0.1354961124283531	0.15911470564902538	-0.5068395644384219	0.9999999999999994	-0.291319163328915	0.08397125085997106	-0.07549595704812596	0.1900968356472125	-0.2030836306870708	0.1771050133926463	-0.06501752937458515	0.08951777176519023	-0.18542620323879783	0.15028817665223448	-0.11861037326996501	0.06109110540998748	-0.059160874443140506	0.1080828396755708	-0.13529389507520273	0.09075984915834587	-0.06510444549815493	0.052202001848634924	-0.125308837660463	0.11368991342554624	-0.10971190334025345	0.0612272993070088	-0.04429207153014878
-0.2198425203431843	0.22788278542846746	-0.5762766343880932	0.31441423179147715	-0.4660306996408709	0.18219348579360983	-0.291319163328915	0.9999999999999999	-0.25453164162055214	0.20732894971780655	-0.13225173518228484	0.14767031689812807	-0.208300128955065	0.1708290257580672	-0.2457933309673668	0.1359520206354237	-0.1582041559330886	0.1352494935116063	-0.10982209578061655	0.10474817516617523	-0.09933130890506321	0.13393819978325025	-0.10776728544068812	0.08610874601633253	-0.07547074730106129	0.12154986355148634	-0.12956442137490998	0.12703574922963773	-0.08240784455258322	0.06201267467567667
0.0805676196725515	-0.09477288131388213	0.13503348873556065	-0.20524666876997513	0.2458672866664991	-0.07607938613825528	0.08397125085997106	-0.25453164162055214	0.9999999999999989	-0.48415605987945654	0.05938522917951949	-0.07106239230107293	0.09188761194811486	-0.7268509229129819	0.32181877892193594	-0.06786756102976159	0.07687445788226108	-0.07746141969146808	0.08813040538473733	-0.09549172877591487	0.0509690299646496	-0.07265792686923214	0.060979782719810194	-0.05526970046300879	0.049956734167000305	-0.06574838284050512	0.06630240575637272	-0.0742326456496281	0.05103927463219729	-0.04135403587084312
-0.07439570127939157	0.08653504236404781	-0.12394223167263067	0.19092671263681615	-0.502150295908291	0.06965019523416514	-0.07549595704812596	0.20732894971780655	-0.48415605987945654	0.9999999999999983	-0.054920206968767954	0.06405005073144159	-0.08265814081454846	0.2997961714807262	-0.6123362843944684	0.06284867192938919	-0.07404626953320215	0.07548888257002519	-0.11101917344231599	0.1151344819710738	-0.04829461161885687	0.06922897430764632	-0.0612063275105439	0.05855638084762675	-0.0553356511557405	0.062315139689811894	-0.06445907172791202	0.07251440236363875	-0.05439442525842333	0.044436353519729584
0.23329877795691095	-0.16712942119767316	0.07935902416349526	-0.08174831118520136	0.10732045760358237	-0.3832333844698283	0.1900968356472125	-0.13225173518228484	0.05938522917951949	-0.054920206968767954	0.9999999999999978	-0.436588611277845	0.2598722539672916	-0.05007687006492631	0.0672097785806385	-0.6729295155957964	0.2268227686456348	-0.1676509981907903	0.06810695625426773	-0.06595221713563881	0.21715623031002348	-0.22625173705456642	0.12753547581333358	-0.08546844162314463	0.06539314133886716	-0.21674674350304413	0.16626917238359967	-0.1506340566624732	0.07974272869889668	-0.05598657647799213
-0.19347679357715827	0.16113220785133328	-0.08781384344797985	0.08982229360885209	-0.11989780435751064	0.2043608996879276	-0.2030836306870708	0.14767031689812807	-0.07106239230107293	0.06405005073144159	-0.436588611277845	0.9999999999999972	-0.6647731863471378	0.062549632139199	-0.07955296770369029	0.26359259091318926	-0.4359113787500366	0.23836884978451822	-0.0848746959049131	0.08139850009144002	-0.16959773296077307	0.21795222034641254	-0.1591322298516964	0.10310177525152109	-0.07843070384222539	0.1798660751373252	-0.17273615595437342	0.1715872533333427	-0.09532117524658393	0.06680063823551863
0.19012833674333524	-0.17805360107157167	0.1101561850230455	-0.11820376832515395	0.14662013090706352	-0.21010071491794133	0.1771050133926463	-0.208300128955065	0.09188761194811486	-0.08265814081454846	0.2598722539672916	-0.6647731863471378	0.9999999999999989	-0.08709777589669118	0.10197508518812093	-0.29778856697057104	0.30925346713168866	-0.3915521858688926	0.11460602491013758	-0.11358527344947167	0.1893896456757381	-0.27177154238703805	0.20981038791902926	-0.14220648391195653	0.10332282196099744	-0.23544373762668497	0.2068392399656443	-0.24501282181616077	0.12614338721460022	-0.09056165830976332
-0.06461797269609032	0.07217065527416154	-0.10145545723069985	0.14387090385754941	-0.22655271169587876	0.0601603051870299	-0.06501752937458515	0.1708290257580672	-0.7268509229129819	0.2997961714807262	-0.05007687006492631	0.062549632139199	-0.08709777589669118	0.9999999999999972	-0.5674768295065811	0.05668039446566181	-0.0684848160658832	0.07042105250522815	-0.10518659798667351	0.1077354693633027	-0.04344074873127529	0.062265813093390666	-0.05628689304912036	0.05395225152253199	-0.05136644600018297	0.055551767962253654	-0.0580671538278273	0.0652404146739464	-0.05019365081273445	0.04094852131693576
0.08852573806535093	-0.10349834941966016	0.13433614303312594	-0.21400968284375546	0.26648478365838946	-0.08411913454923753	0.08951777176519023	-0.2457933309673668	0.32181877892193594	-0.6123362843944684	0.0672097785806385	-0.07955296770369029	0.10197508518812093	-0.5674768295065811	0.9999999999999977	-0.07753310960888109	0.09165150056813204	-0.09691830781234147	0.14807892903956954	-0.19643176466823006	0.05987110136862741	-0.08650350589675466	0.07770968621995317	-0.07699186360693488	0.07299040909729743	-0.07750446272190804	0.07994214787816933	-0.09211672728546721	0.07002718154717057	-0.059352710978263605
-0.2624627228921706	0.15885338947139926	-0.08543463547276378	0.08799580243314334	-0.12457857335833117	0.236200984914923	-0.18542620323879783	0.1359520206354237	-0.06786756102976159	0.06284867192938919	-0.6729295155957964	0.26359259091318926	-0.29778856697057104	0.05668039446566181	-0.07753310960888109	0.9999999999999949	-0.2755077167779217	0.17956520565765646	-0.07805195888099638	0.07421009709629343	-0.4144756517306847	0.2514545950774414	-0.14950268652434281	0.09716790034697764	-0.07669559388049027	0.24464310164606112	-0.21887178239937322	0.16703610646374378	-0.09338682630240443	0.06431224568695827
0.17662034139494331	-0.15206891049980778	0.0909836100224505	-0.10320258088930663	0.13243244459679898	-0.18105640190942512	0.15028817665223448	-0.1582041559330886	0.07687445788226108	-0.07404626953320215	0.2268227686456348	-0.4359113787500366	0.30925346713168866	-0.0684848160658832	0.09165150056813204	-0.2755077167779217	0.9999999999999964	-0.5194532876377991	0.13269561493591175	-0.13119373645715862	0.23093893995653403	-0.45632343369087136	0.26516201959974395	-0.17362356377443036	0.12287278307020696	-0.2751202676236296	0.25000022861855675	-0.29645305722547227	0.15204010527660744	-0.10798687492404044
-0.14749755979070422	0.1171198213762487	-0.08063839719685058	0.09148112504113713	-0.1297910628931631	0.13407028861665735	-0.11861037326996501	0.1352494935116063	-0.07746141969146808	0.07548888257002519	-0.1676509981907903	0.23836884978451822	-0.3915521858688926	0.07042105250522815	-0.09691830781234147	0.17956520565765646	-0.5194532876377991	0.9999999999999958	-0.20606107848123667	0.16176015289678694	-0.1694125654454893	0.2614980989327309	-0.5585492749735435	0.21895622457005048	-0.16254439338845236	0.19520515545593828	-0.2568776785143102	0.2776061680626345	-0.20386470583206215	0.13009277721154724
0.07113416084125199	-0.06579231457601115	0.06169084493510311	-0.086157604021953	0.10942850616851393	-0.06532480933569604	0.06109110540998748	-0.10982209578061655	0.08813040538473733	-0.11101917344231599	0.06810695625426773	-0.0848746959049131	0.11460602491013758	-0.10518659798667351	0.14807892903956954	-0.07805195888099638	0.13269561493591175	-0.20606107848123667	0.9999999999999966	-0.8719210509213574	0.07276126734702343	-0.11382220598156537	0.15887825108925463	-0.2586881518815682	0.19259921815006364	-0.09207952928314428	0.11312672306473975	-0.15017815577853674	0.17409730725902667	-0.16744588657643766
-0.06965595257356377	0.06318754062923777	-0.06034232787026409	0.08310770150795567	-0.11915320631748172	0.06283812013996673	-0.059160874443140506	0.10474817516617523	-0.09549172877591487	0.1151344819710738	-0.06595221713563881	0.08139850009144002	-0.11358527344947167	0.1077354693633027	-0.19643176466823006	0.07421009709629343	-0.13119373645715862	0.16176015289678694	-0.8719210509213574	0.9999999999999936	-0.06938160349788791	0.10556274155701904	-0.14906293057254114	0.19756350338873938	-0.24828236432140416	0.08665951239926699	-0.1117485877406065	0.13685573030279646	-0.1810213656181922	0.16162326366209948
0.14823578295869067	-0.10270213944922114	0.060499148909260475	-0.06605037280130709	0.09241343726841703	-0.13876900735920628	0.1080828396755708	-0.09933130890506321	0.0509690299646496	-0.04829461161885687	0.21715623031002348	-0.16959773296077307	0.1893896456757381	-0.04344074873127529	0.05987110136862741	-0.4144756517306847	0.23093893995653403	-0.1694125654454893	0.07276126734702343	-0.06938160349788791	0.9999999999999964	-0.5473587133273279	0.16569488706881905	-0.10263459722742431	0.07760961225340283	-0.6126444122114512	0.2666245104125214	-0.1879598024135259	0.09743183248920104	-0.06562499306837014
-0.1869522367023441	0.1300294505087745	-0.082213958553981	0.09079215683216402	-0.13125875500272452	0.15844792967880816	-0.13529389507520273	0.13393819978325025	-0.07265792686923214	0.06922897430764632	-0.22625173705456642	0.21795222034641254	-0.27177154238703805	0.062265813093390666	-0.08650350589675466	0.2514545950774414	-0.45632343369087136	0.2614980989327309	-0.11382220598156537	0.10556274155701904	-0.5473587133273279	0.9999999999999951	-0.32384060863380815	0.16233185207983425	-0.1256953058915696	0.3094525586094574	-0.39585119951057096	0.2589437945481562	-0.15860077576875975	0.10249741995368379
0.11594181831905243	-0.09211173998580265	0.06344152465955678	-0.07435213003648942	0.10201126617987556	-0.10532329722549376	0.09075984915834587	-0.10776728544068812	0.060979782719810194	-0.0612063275105439	0.12753547581333358	-0.1591322298516964	0.20981038791902926	-0.05628689304912036	0.07770968621995317	-0.14950268652434281	0.26516201959974395	-0.5585492749735435	0.15887825108925463	-0.14906293057254114	0.16569488706881905	-0.32384060863380815	0.9999999999999956	-0.4170019761617551	0.17923680662541772	-0.2003767590155003	0.25133713291736515	-0.5043484932534085	0.24787082801056293	-0.15750707715825862
-0.08292768719776847	0.06689795782240586	-0.05064109772702988	0.06230508138720596	-0.08673786104804529	0.07352002020172116	-0.06510444549815493	0.08610874601633253	-0.05526970046300879	0.05855638084762675	-0.08546844162314463	0.10310177525152109	-0.14220648391195653	0.05395225152253199	-0.07699186360693488	0.09716790034697764	-0.17362356377443036	0.21895622457005048	-0.2586881518815682	0.19756350338873938	-0.10263459722742431	0.16233185207983425	-0.4170019761617551	0.9999999999999948	-0.39186689466460084	0.12601758720823275	-0.17753131241574505	0.2548633233289474	-0.6699133673822719	0.2752648464612867
0.06490743250005333	-0.05490186693896717	0.04350688521104532	-0.05571466725320748	0.07412249980607641	-0.05873164196444793	0.052202001848634924	-0.07547074730106129	0.049956734167000305	-0.0553356511557405	0.06539314133886716	-0.07843070384222539	0.10332282196099744	-0.05136644600018297	0.07299040909729743	-0.07669559388049027	0.12287278307020696	-0.16254439338845236	0.19259921815006364	-0.24828236432140416	0.07760961225340283	-0.1256953058915696	0.17923680662541772	-0.39186689466460084	0.9999999999999954	-0.10219180743780609	0.12805052854038879	-0.20385354924218166	0.3011040076028755	-0.7867932439879862
-0.17969547458281931	0.12008365785847339	-0.07537426781902677	0.08270794320950638	-0.12086807981738926	0.14807521053961986	-0.125308837660463	0.12154986355148634	-0.06574838284050512	0.062315139689811894	-0.21674674350304413	0.1798660751373252	-0.23544373762668497	0.055551767962253654	-0.07750446272190804	0.24464310164606112	-0.2751202676236296	0.19520515545593828	-0.09207952928314428	0.08665951239926699	-0.6126444122114512	0.3094525586094574	-0.2003767590155003	0.12601758720823275	-0.10219180743780609	0.9999999999999963	-0.5493422463815718	0.2399623847153023	-0.1280573438723179	0.08441240046937926
0.14927728183101407	-0.11727899532721721	0.07602476015628648	-0.08861712024695836	0.11741315460859818	-0.1377527350188871	0.11368991342554624	-0.12956442137490998	0.06630240575637272	-0.06445907172791202	0.16626917238359967	-0.17273615595437342	0.2068392399656443	-0.0580671538278273	0.07994214787816933	-0.21887178239937322	0.25000022861855675	-0.2568776785143102	0.11312672306473975	-0.1117485877406065	0.2666245104125214	-0.39585119951057096	0.25133713291736515	-0.17753131241574505	0.12805052854038879	-0.5493422463815718	0.9999999999999959	-0.5600468850445421	0.1709071036665845	-0.11705895445775794
-0.14798917696685532	0.11013502109332614	-0.077243787359947	0.08894434301631551	-0.1310059187069632	0.12520635075528616	-0.10971190334025345	0.12703574922963773	-0.0742326456496281	0.07251440236363875	-0.1506340566624732	0.1715872533333427	-0.24501282181616077	0.0652404146739464	-0.09211672728546721	0.16703610646374378	-0.29645305722547227	0.2776061680626345	-0.15017815577853674	0.13685573030279646	-0.1879598024135259	0.2589437945481562	-0.5043484932534085	0.2548633233289474	-0.20385354924218166	0.2399623847153023	-0.5600468850445421	0.9999999999999956	-0.3339032207257203	0.1687591657107375
0.07747552482857815	-0.06362949250370145	0.04791143934779365	-0.05951854209930456	0.07990477620409393	-0.06971407405732567	0.0612272993070088	-0.08240784455258322	0.05103927463219729	-0.05439442525842333	0.07974272869889668	-0.09532117524658393	0.12614338721460022	-0.05019365081273445	0.07002718154717057	-0.09338682630240443	0.15204010527660744	-0.20386470583206215	0.17409730725902667	-0.1810213656181922	0.09743183248920104	-0.15860077576875975	0.24787082801056293	-0.6699133673822719	0.3011040076028755	-0.1280573438723179	0.1709071036665845	-0.3339032207257203	0.9999999999999954	-0.49299598044749116
-0.05597327562066482	0.04612266677285333	-0.0362705335483417	0.045657380233370126	-0.0634278186560794	0.04969134248186488	-0.04429207153014878	0.06201267467567667	-0.04135403587084312	0.044436353519729584	-0.05598657647799213	0.06680063823551863	-0.09056165830976332	0.04094852131693576	-0.059352710978263605	0.06431224568695827	-0.10798687492404044	0.13009277721154724	-0.16744588657643766	0.16162326366209948	-0.06562499306837014	0.10249741995368379	-0.15750707715825862	0.2752648464612867	-0.7867932439879862	0.08441240046937926	-0.11705895445775794	0.1687591657107375	-0.49299598044749116	0.9999999999999953
