1.0	-0.5700316930475234	0.2849098292050083	-0.19949199325962613	0.14442106041608255	-0.3978852540164726	0.27458012407532084	-0.3461984484668985	0.21070709476865346	-0.14391695846788294	0.2603068425871106	-0.20448363514387716	0.1637732257842948	-0.19098049003232545	0.15531514560648177	-0.39833349028944504	0.2252006617615896	-0.16400129512489547	0.1325316436402557	-0.15016789270762781	0.07639697431223101	-0.08258674080272031	0.1509311200134766	-0.17260406754792842	0.10784238157805029	-0.04464427141365059	0.07830688321446523	-0.08552513584856015	0.10359683247975232	-0.07339182206745831	0.038788871983677344	-0.07676651550639926	0.10920256405300355	-0.07135562384453897	0.11847359196884075
-0.5700316930475234	1.0000000000000004	-0.6379414319176204	0.19294234028782745	-0.14856274464385458	0.19510436252310456	-0.3152791133081348	0.29307601661823934	-0.19555590943617046	0.12244649732526201	-0.18599334602381282	0.1659087555484362	-0.13129540726666875	0.1483660781192282	-0.13301747205514147	0.22037310213546557	-0.18820836463264973	0.12388442645355141	-0.10119081596729616	0.1120508371981031	-0.04758629326745655	0.051076979563386526	-0.11046400482409251	0.12095852190278003	-0.07192589860506601	0.028537261351420706	-0.051410658212873876	0.059695304384466026	-0.0723926568417521	0.049086355431285394	-0.02486367974530046	0.04971364255322818	-0.07172537390923533	0.04728201157080144	-0.07773431037089067
0.2849098292050083	-0.6379414319176204	1.0000000000000007	-0.33504101431618855	0.1808205269123611	-0.16787042796564103	0.253483922468458	-0.5228637104238251	0.22349785969526412	-0.15240531089140893	0.1562561046153336	-0.1571639019891754	0.13319169721330334	-0.16546849230878669	0.14819298015452642	-0.23142918396929824	0.1758645962255881	-0.12886044626490573	0.10906704122758416	-0.12423638553304399	0.04882355268211412	-0.05258006983189168	0.11501016773712165	-0.1296291515381896	0.07535066627228652	-0.02967315825183769	0.0534360874866596	-0.06231075666524245	0.07538784323186794	-0.05150219966532054	0.02581397880113895	-0.05188640049735377	0.07467815928962565	-0.04932587560948638	0.08102720601516435
-0.19949199325962613	0.19294234028782745	-0.33504101431618855	1.0000000000000007	-0.6495733264015686	0.11662944238956283	-0.17331692150620165	0.22164858806461996	-0.4767309621219654	0.286518050785947	-0.12416238296866211	0.1266412953388237	-0.144245436630303	0.22283196085782087	-0.2718599259146314	0.18369715112827864	-0.15647299835612927	0.13793429838103832	-0.14289352957998214	0.16326250985536608	-0.04221006318428319	0.0451895022307456	-0.12860382190412062	0.14354678753477335	-0.07859900356923766	0.02793441240606433	-0.05243695135835619	0.06646740003969782	-0.08103132060034435	0.053775003263038204	-0.024313991266566116	0.05032467353858615	-0.07516715003735995	0.05029686043613393	-0.08184167112200533
0.14442106041608255	-0.14856274464385458	0.1808205269123611	-0.6495733264015686	1.0000000000000013	-0.09398937500851298	0.13439878448136378	-0.17824000932145642	0.27499704547536846	-0.589223824622782	0.09916878705873217	-0.10567550592384398	0.12580191770053264	-0.2151816203651668	0.25888002055368753	-0.16444491961793906	0.1288262205373759	-0.12728771383225765	0.1332066772624527	-0.17345463332095784	0.03708679628506883	-0.03981355965730617	0.11439142160363214	-0.13734709358169328	0.07064494114419656	-0.024842361645279344	0.04649296438225321	-0.059376595004671635	0.07164368310171504	-0.04862530194388451	0.02157687293796133	-0.044940918459746536	0.06635800073447654	-0.04467373203631142	0.07245387914488195
-0.3978852540164726	0.19510436252310456	-0.16787042796564103	0.11662944238956283	-0.09398937500851298	1.0000000000000007	-0.3293189040227801	0.2122949797769984	-0.14779472326268103	0.09272811357108429	-0.7754277654315693	0.22973645309481913	-0.14738868032541624	0.139539907037783	-0.1092280121641455	0.24382382638154937	-0.23182680283550006	0.13461171991136678	-0.09723374588402976	0.10486478383038447	-0.05281293784073079	0.05629389333468759	-0.11308823292870528	0.12125169183057859	-0.07297995338284344	0.03020553568801073	-0.05382313009289741	0.061295642936901866	-0.07391326767595442	0.049824005158692564	-0.026367452545622977	0.05189992024013376	-0.07356391081620132	0.048377221033312004	-0.07952261893673321
0.27458012407532084	-0.3152791133081348	0.253483922468458	-0.17331692150620165	0.13439878448136378	-0.3293189040227801	0.9999999999999997	-0.5432042136664694	0.21517537078591437	-0.13519195406837647	0.2595363926771628	-0.48741484368606863	0.21239413811762223	-0.21234450585682166	0.15478512410258016	-0.32642642025035407	0.293391722894368	-0.2036365182487247	0.13916872748408243	-0.15257665132186443	0.07031545039722337	-0.07667094401295602	0.15583065512018557	-0.174060541436986	0.09824038267133227	-0.041097852855860775	0.0728386956352909	-0.08435861347916315	0.10027458057868326	-0.06741330310993164	0.03571523007230993	-0.07101832762241368	0.09799389348973736	-0.06486809618263335	0.10594491313833247
-0.3461984484668985	0.29307601661823934	-0.5228637104238251	0.22164858806461996	-0.17824000932145642	0.2122949797769984	-0.5432042136664694	1.0000000000000004	-0.3226098696900403	0.15813660082156158	-0.2254435578238843	0.2378635790965262	-0.19357550695549885	0.20626720573163929	-0.17600425617634505	0.25432771876799226	-0.2827987452185366	0.17231562885059726	-0.13704467248712315	0.1482963991761019	-0.05980152177505664	0.06389095705872479	-0.15001720054796747	0.15892434103344114	-0.09243642769307013	0.03614844963995471	-0.0660306268094956	0.07902489904993153	-0.09585401423234267	0.06319525932704659	-0.031556836272308764	0.06330541470108077	-0.09173390042918471	0.06073308700910681	-0.09926202518460765
0.21070709476865346	-0.19555590943617046	0.22349785969526412	-0.4767309621219654	0.27499704547536846	-0.14779472326268103	0.21517537078591437	-0.3226098696900403	0.9999999999999987	-0.3673072502314054	0.15702136510396153	-0.1774584979290678	0.2224068882227768	-0.5034623787529143	0.28368265685863425	-0.2741102813293235	0.20951879035105384	-0.2221340879084271	0.20862998865642549	-0.2498098913573377	0.061176399782890536	-0.06581306331280132	0.18592505761176167	-0.22481929703157055	0.11308083826078545	-0.04088908566268402	0.07604961479225888	-0.09691426160155589	0.11574404118596104	-0.0780737184890215	0.03547082494857266	-0.07389467728635354	0.10732071673904384	-0.07221792157627732	0.1168758211738489
-0.14391695846788294	0.12244649732526201	-0.15240531089140893	0.286518050785947	-0.589223824622782	0.09272811357108429	-0.13519195406837647	0.15813660082156158	-0.3673072502314054	0.9999999999999982	-0.10200620513570376	0.10978550215168535	-0.14242251139992776	0.2380072808535675	-0.5872755147085851	0.1588654448302266	-0.1380832493070542	0.13786880403266408	-0.16687879266255176	0.203375219434459	-0.037673301467289005	0.040304491489062254	-0.12938163744990988	0.14724236852505823	-0.0775803036086869	0.02596427559898743	-0.04955977797905607	0.06539454743780304	-0.07973216569333942	0.05300729963408627	-0.02257891566631063	0.0474215266724904	-0.07169510687274445	0.048430544084234674	-0.07843813354003751
0.2603068425871106	-0.18599334602381282	0.1562561046153336	-0.12416238296866211	0.09916878705873217	-0.7754277654315693	0.2595363926771628	-0.2254435578238843	0.15702136510396153	-0.10200620513570376	0.9999999999999983	-0.3251565676687562	0.16425176036877936	-0.16184167671475783	0.12014182564136307	-0.33714860004249386	0.2379543749279	-0.15845319236254918	0.11090790387725045	-0.12131817176452377	0.06509632427682603	-0.07001885039739968	0.12868488473552311	-0.14276961734706542	0.08577714872745935	-0.036589418203952215	0.0641279576362031	-0.07127905852537406	0.08539736305503694	-0.05858773159528515	0.03185193635723172	-0.06241069413439975	0.08668847274932574	-0.056925733510163695	0.09375355886126785
-0.20448363514387716	0.1659087555484362	-0.1571639019891754	0.1266412953388237	-0.10567550592384398	0.22973645309481913	-0.48741484368606863	0.2378635790965262	-0.1774584979290678	0.10978550215168535	-0.3251565676687562	0.9999999999999992	-0.37279020635045695	0.20350285975830176	-0.1385585279079239	0.2559086265268159	-0.6268518185609314	0.2396161365189576	-0.13716688289183607	0.13970281717296057	-0.06591207048140083	0.07135169268391212	-0.15795373531216167	0.16129074335966093	-0.08531677689476251	0.03648276965034569	-0.06528535662585593	0.0796683541189872	-0.09333567170367149	0.05887168872545418	-0.031811334165697244	0.06268096021854064	-0.08442919147267376	0.056470284956463446	-0.0907876986774768
0.1637732257842948	-0.13129540726666875	0.13319169721330334	-0.144245436630303	0.12580191770053264	-0.14738868032541624	0.21239413811762223	-0.19357550695549885	0.2224068882227768	-0.14242251139992776	0.16425176036877936	-0.37279020635045695	0.9999999999999972	-0.45505900622460294	0.19542347196150564	-0.23024751752667322	0.27274875184390146	-0.6536855424412623	0.2204146719536521	-0.2147900253722255	0.05768320937058217	-0.06254504243520802	0.2336923065979123	-0.24030318342535398	0.10260591554362687	-0.03934534496850207	0.07457678479815075	-0.11059299541299498	0.12179289728834898	-0.07197792308629505	0.033997237801599606	-0.07214954026485526	0.09746168458193319	-0.06708694381841349	0.10440571676720772
-0.19098049003232545	0.1483660781192282	-0.16546849230878669	0.22283196085782087	-0.2151816203651668	0.139539907037783	-0.21234450585682166	0.20626720573163929	-0.5034623787529143	0.2380072808535675	-0.16184167671475783	0.20350285975830176	-0.45505900622460294	0.9999999999999966	-0.42331419795899966	0.22865352779930298	-0.2483025026142656	0.2760085832446681	-0.33865349228781727	0.26824000983359103	-0.05817981623813634	0.062163315999095886	-0.24002774585536646	0.23836088738335168	-0.11882661023808232	0.040863109321238884	-0.07960758347412226	0.11192343543713403	-0.13606719653431865	0.08160556000237203	-0.03552522602083577	0.07526116806176295	-0.11141599992455252	0.07578461923542557	-0.12047737946587203
0.15531514560648177	-0.13301747205514147	0.14819298015452642	-0.2718599259146314	0.25888002055368753	-0.1092280121641455	0.15478512410258016	-0.17600425617634505	0.28368265685863425	-0.5872755147085851	0.12014182564136307	-0.1385585279079239	0.19542347196150564	-0.42331419795899966	0.9999999999999958	-0.20427622418769098	0.16959816076275486	-0.20222260500672284	0.24971062078422784	-0.43742270125901267	0.04821341234287764	-0.05175100247876979	0.17484432843321068	-0.22135204764020303	0.10415911931668742	-0.033926607479685365	0.06474880643561717	-0.08776197977819888	0.10517233173335705	-0.0721700004940051	0.02942178311718143	-0.06242337261087417	0.092432136180468	-0.0633525243028978	0.10157136566762395
-0.39833349028944504	0.22037310213546557	-0.23142918396929824	0.18369715112827864	-0.16444491961793906	0.24382382638154937	-0.32642642025035407	0.25432771876799226	-0.2741102813293235	0.1588654448302266	-0.33714860004249386	0.2559086265268159	-0.23024751752667322	0.22865352779930298	-0.20427622418769098	0.9999999999999978	-0.4159071024264874	0.21969909027286574	-0.17958884821397408	0.186380516610254	-0.1941461295137228	0.16140390353911518	-0.24334939833659827	0.23078635419965146	-0.20590682999636273	0.083678440946396	-0.14885938979650773	0.14574812105929516	-0.1848064021274811	0.13676022940481358	-0.07559751134299246	0.13345491221398395	-0.2189711914715981	0.13858775659065375	-0.2374216611663359
0.2252006617615896	-0.18820836463264973	0.1758645962255881	-0.15647299835612927	0.1288262205373759	-0.23182680283550006	0.293391722894368	-0.2827987452185366	0.20951879035105384	-0.1380832493070542	0.2379543749279	-0.6268518185609314	0.27274875184390146	-0.2483025026142656	0.16959816076275486	-0.4159071024264874	0.9999999999999969	-0.33484690382680815	0.17377659182790156	-0.18649718375426177	0.10412407369791524	-0.12060683178457363	0.19989933890628073	-0.2222211285351483	0.11773548604563705	-0.05440506498106445	0.09378483164590462	-0.10740567570969939	0.12425021504188175	-0.08133015384621321	0.04727892954240574	-0.09123643919781202	0.11721178980011959	-0.07816135482955835	0.12619017875073013
-0.16400129512489547	0.12388442645355141	-0.12886044626490573	0.13793429838103832	-0.12728771383225765	0.13461171991136678	-0.2036365182487247	0.17231562885059726	-0.2221340879084271	0.13786880403266408	-0.15845319236254918	0.2396161365189576	-0.6536855424412623	0.2760085832446681	-0.20222260500672284	0.21969909027286574	-0.33484690382680815	0.9999999999999939	-0.3114051831691522	0.22251789156241797	-0.06034889699448763	0.0649104179317315	-0.4159737543217841	0.2647321127162412	-0.11404515723115048	0.04338478748777402	-0.08636270487384044	0.14283915700102695	-0.1602484259220166	0.08023783405292152	-0.03749393470707275	0.08110551346838821	-0.10997192446422899	0.07636497904324982	-0.11562920923964484
0.1325316436402557	-0.10119081596729616	0.10906704122758416	-0.14289352957998214	0.1332066772624527	-0.09723374588402976	0.13916872748408243	-0.13704467248712315	0.20862998865642549	-0.16687879266255176	0.11090790387725045	-0.13716688289183607	0.2204146719536521	-0.33865349228781727	0.24971062078422784	-0.17958884821397408	0.17377659182790156	-0.3114051831691522	0.9999999999999939	-0.7075547397040698	0.04683835335520007	-0.05022940719856964	0.24019360774694534	-0.4222103809701679	0.12417556916157617	-0.03582640945964361	0.0712947115396077	-0.10978759164430699	0.13019033240404437	-0.08577657339024441	0.031004448094619108	-0.06775419501117041	0.10081131926902417	-0.07107771513091893	0.1114729260601866
-0.15016789270762781	0.1120508371981031	-0.12423638553304399	0.16326250985536608	-0.17345463332095784	0.10486478383038447	-0.15257665132186443	0.1482963991761019	-0.2498098913573377	0.203375219434459	-0.12131817176452377	0.13970281717296057	-0.2147900253722255	0.26824000983359103	-0.43742270125901267	0.186380516610254	-0.18649718375426177	0.22251789156241797	-0.7075547397040698	0.9999999999999928	-0.0493175350969049	0.05256822663480933	-0.23737337759894392	0.2623003297299258	-0.1464133220873739	0.03745780582187838	-0.07516582071394708	0.11037559448461957	-0.13714906878872216	0.09495703519857879	-0.032563859101835235	0.07057859864894879	-0.11241003328340626	0.07836104575343308	-0.1264099530431134
0.07639697431223101	-0.04758629326745655	0.04882355268211412	-0.04221006318428319	0.03708679628506883	-0.05281293784073079	0.07031545039722337	-0.05980152177505664	0.061176399782890536	-0.037673301467289005	0.06509632427682603	-0.06591207048140083	0.05768320937058217	-0.05817981623813634	0.04821341234287764	-0.1941461295137228	0.10412407369791524	-0.06034889699448763	0.04683835335520007	-0.0493175350969049	0.9999999999999931	-0.9239162859773725	0.07104268547435919	-0.06831026093268466	0.051288506143172	-0.18342986177875112	0.16701091337466653	-0.06246653419581639	0.07000252437902411	-0.03619418686946743	0.13453690685379202	-0.1618939239126034	0.05930102604686582	-0.03938367146359188	0.05913578302124454
-0.08258674080272031	0.051076979563386526	-0.05258006983189168	0.0451895022307456	-0.03981355965730617	0.05629389333468759	-0.07667094401295602	0.06389095705872479	-0.06581306331280132	0.040304491489062254	-0.07001885039739968	0.07135169268391212	-0.06254504243520802	0.062163315999095886	-0.05175100247876979	0.16140390353911518	-0.12060683178457363	0.0649104179317315	-0.05022940719856964	0.05256822663480933	-0.9239162859773725	0.999999999999995	-0.07756637332643943	0.07274395581079475	-0.05512169353226948	0.14902534311181986	-0.20920234763730916	0.06862430408899896	-0.07770279318558575	0.03887087469371775	-0.13890484319081264	0.15344074205532657	-0.06366477833672829	0.04221748564339398	-0.06355761864131812
0.1509311200134766	-0.11046400482409251	0.11501016773712165	-0.12860382190412062	0.11439142160363214	-0.11308823292870528	0.15583065512018557	-0.15001720054796747	0.18592505761176167	-0.12938163744990988	0.12868488473552311	-0.15795373531216167	0.2336923065979123	-0.24002774585536646	0.17484432843321068	-0.24334939833659827	0.19989933890628073	-0.4159737543217841	0.24019360774694534	-0.23737337759894392	0.07104268547435919	-0.07756637332643943	0.9999999999999934	-0.6093847905765383	0.1579741657965131	-0.06714572382679539	0.13761232264806883	-0.38753318977434453	0.2655505077989985	-0.11838088940036809	0.05664997223950127	-0.1355967271493535	0.15341267777574924	-0.1138829901073028	0.15507341630685995
-0.17260406754792842	0.12095852190278003	-0.1296291515381896	0.14354678753477335	-0.13734709358169328	0.12125169183057859	-0.174060541436986	0.15892434103344114	-0.22481929703157055	0.14724236852505823	-0.14276961734706542	0.16129074335966093	-0.24030318342535398	0.23836088738335168	-0.22135204764020303	0.23078635419965146	-0.2222211285351483	0.2647321127162412	-0.4222103809701679	0.2623003297299258	-0.06831026093268466	0.07274395581079475	-0.6093847905765383	0.9999999999999932	-0.2365981910922658	0.05961590793875107	-0.12779285152648004	0.22084671396809172	-0.2818373670519475	0.14977445142160803	-0.05162724343582737	0.11657888972728925	-0.18227027573974205	0.12923847268419847	-0.20068403267438117
0.10784238157805029	-0.07192589860506601	0.07535066627228652	-0.07859900356923766	0.07064494114419656	-0.07297995338284344	0.09824038267133227	-0.09243642769307013	0.11308083826078545	-0.0775803036086869	0.08577714872745935	-0.08531677689476251	0.10260591554362687	-0.11882661023808232	0.10415911931668742	-0.20590682999636273	0.11773548604563705	-0.11404515723115048	0.12417556916157617	-0.1464133220873739	0.051288506143172	-0.05512169353226948	0.1579741657965131	-0.2365981910922658	0.9999999999999934	-0.04524320775001256	0.08612388329434226	-0.12419373047349931	0.14657718482128376	-0.7755276548674593	0.038941448619618804	-0.09000375756232198	0.18363096165028384	-0.1886031145867823	0.2882109644392675
-0.04464427141365059	0.028537261351420706	-0.02967315825183769	0.02793441240606433	-0.024842361645279344	0.03020553568801073	-0.041097852855860775	0.03614844963995471	-0.04088908566268402	0.02596427559898743	-0.036589418203952215	0.03648276965034569	-0.03934534496850207	0.040863109321238884	-0.033926607479685365	0.083678440946396	-0.05440506498106445	0.04338478748777402	-0.03582640945964361	0.03745780582187838	-0.18342986177875112	0.14902534311181986	-0.06714572382679539	0.05961590793875107	-0.04524320775001256	0.9999999999999931	-0.32645820291469607	0.08064399590832544	-0.09107993983375089	0.03381346778081192	-0.8769058004758001	0.25881746447852527	-0.05897525254733259	0.04007376740917416	-0.05344700275851792
0.07830688321446523	-0.051410658212873876	0.0534360874866596	-0.05243695135835619	0.04649296438225321	-0.05382313009289741	0.0728386956352909	-0.0660306268094956	0.07604961479225888	-0.04955977797905607	0.0641279576362031	-0.06528535662585593	0.07457678479815075	-0.07960758347412226	0.06474880643561717	-0.14885938979650773	0.09378483164590462	-0.08636270487384044	0.0712947115396077	-0.07516582071394708	0.16701091337466653	-0.20920234763730916	0.13761232264806883	-0.12779285152648004	0.08612388329434226	-0.32645820291469607	0.9999999999999925	-0.2364247411890534	0.18868362733166552	-0.06685484447128102	0.24469595105208825	-0.8086461450057137	0.11602628062826298	-0.08254004164892419	0.10110375246559974
-0.08552513584856015	0.059695304384466026	-0.06231075666524245	0.06646740003969782	-0.059376595004671635	0.061295642936901866	-0.08435861347916315	0.07902489904993153	-0.09691426160155589	0.06539454743780304	-0.07127905852537406	0.0796683541189872	-0.11059299541299498	0.11192343543713403	-0.08776197977819888	0.14574812105929516	-0.10740567570969939	0.14283915700102695	-0.10978759164430699	0.11037559448461957	-0.06246653419581639	0.06862430408899896	-0.38753318977434453	0.22084671396809172	-0.12419373047349931	0.08064399590832544	-0.2364247411890534	0.9999999999999912	-0.8095300688949691	0.10681198699902276	-0.06721389495400032	0.17425609586965188	-0.18837156046731052	0.13842665956040964	-0.14150294926336954
0.10359683247975232	-0.0723926568417521	0.07538784323186794	-0.08103132060034435	0.07164368310171504	-0.07391326767595442	0.10027458057868326	-0.09585401423234267	0.11574404118596104	-0.07973216569333942	0.08539736305503694	-0.09333567170367149	0.12179289728834898	-0.13606719653431865	0.10517233173335705	-0.1848064021274811	0.12425021504188175	-0.1602484259220166	0.13019033240404437	-0.13714906878872216	0.07000252437902411	-0.07770279318558575	0.2655505077989985	-0.2818373670519475	0.14657718482128376	-0.09107993983375089	0.18868362733166552	-0.8095300688949691	0.9999999999999908	-0.13997628885426794	0.07435979291044473	-0.19962994496026262	0.18588778327754962	-0.17658749969647677	0.16323993926562866
-0.07339182206745831	0.049086355431285394	-0.05150219966532054	0.053775003263038204	-0.04862530194388451	0.049824005158692564	-0.06741330310993164	0.06319525932704659	-0.0780737184890215	0.05300729963408627	-0.05858773159528515	0.05887168872545418	-0.07197792308629505	0.08160556000237203	-0.0721700004940051	0.13676022940481358	-0.08133015384621321	0.08023783405292152	-0.08577657339024441	0.09495703519857879	-0.03619418686946743	0.03887087469371775	-0.11838088940036809	0.14977445142160803	-0.7755276548674593	0.03381346778081192	-0.06685484447128102	0.10681198699902276	-0.13997628885426794	0.9999999999999897	-0.029202452309188446	0.06876279276921848	-0.19678934416742108	0.18661103285633673	-0.49321133937680944
0.038788871983677344	-0.02486367974530046	0.02581397880113895	-0.024313991266566116	0.02157687293796133	-0.026367452545622977	0.03571523007230993	-0.031556836272308764	0.03547082494857266	-0.02257891566631063	0.03185193635723172	-0.031811334165697244	0.033997237801599606	-0.03552522602083577	0.02942178311718143	-0.07559751134299246	0.04727892954240574	-0.03749393470707275	0.031004448094619108	-0.032563859101835235	0.13453690685379202	-0.13890484319081264	0.05664997223950127	-0.05162724343582737	0.038941448619618804	-0.8769058004758001	0.24469595105208825	-0.06721389495400032	0.07435979291044473	-0.029202452309188446	0.9999999999999887	-0.37267437005038667	0.05192478971771104	-0.03537746478914355	0.0461992934440978
-0.07676651550639926	0.04971364255322818	-0.05188640049735377	0.05032467353858615	-0.044940918459746536	0.05189992024013376	-0.07101832762241368	0.06330541470108077	-0.07389467728635354	0.0474215266724904	-0.06241069413439975	0.06268096021854064	-0.07214954026485526	0.07526116806176295	-0.06242337261087417	0.13345491221398395	-0.09123643919781202	0.08110551346838821	-0.06775419501117041	0.07057859864894879	-0.1618939239126034	0.15344074205532657	-0.1355967271493535	0.11657888972728925	-0.09000375756232198	0.25881746447852527	-0.8086461450057137	0.17425609586965188	-0.19962994496026262	0.06876279276921848	-0.37267437005038667	0.9999999999999885	-0.12987193677355657	0.08613287399405271	-0.10842064381956024
0.10920256405300355	-0.07172537390923533	0.07467815928962565	-0.07516715003735995	0.06635800073447654	-0.07356391081620132	0.09799389348973736	-0.09173390042918471	0.10732071673904384	-0.07169510687274445	0.08668847274932574	-0.08442919147267376	0.09746168458193319	-0.11141599992455252	0.092432136180468	-0.2189711914715981	0.11721178980011959	-0.10997192446422899	0.10081131926902417	-0.11241003328340626	0.05930102604686582	-0.06366477833672829	0.15341267777574924	-0.18227027573974205	0.18363096165028384	-0.05897525254733259	0.11602628062826298	-0.18837156046731052	0.18588778327754962	-0.19678934416742108	0.05192478971771104	-0.12987193677355657	0.9999999999999883	-0.7507243367245688	0.2985130172426542
-0.07135562384453897	0.04728201157080144	-0.04932587560948638	0.05029686043613393	-0.04467373203631142	0.048377221033312004	-0.06486809618263335	0.06073308700910681	-0.07221792157627732	0.048430544084234674	-0.056925733510163695	0.056470284956463446	-0.06708694381841349	0.07578461923542557	-0.0633525243028978	0.13858775659065375	-0.07816135482955835	0.07636497904324982	-0.07107771513091893	0.07836104575343308	-0.03938367146359188	0.04221748564339398	-0.1138829901073028	0.12923847268419847	-0.1886031145867823	0.04007376740917416	-0.08254004164892419	0.13842665956040964	-0.17658749969647677	0.18661103285633673	-0.03537746478914355	0.08613287399405271	-0.7507243367245688	0.999999999999988	-0.5242200514464431
0.11847359196884075	-0.07773431037089067	0.08102720601516435	-0.08184167112200533	0.07245387914488195	-0.07952261893673321	0.10594491313833247	-0.09926202518460765	0.1168758211738489	-0.07843813354003751	0.09375355886126785	-0.0907876986774768	0.10440571676720772	-0.12047737946587203	0.10157136566762395	-0.2374216611663359	0.12619017875073013	-0.11562920923964484	0.1114729260601866	-0.1264099530431134	0.05913578302124454	-0.06355761864131812	0.15507341630685995	-0.20068403267438117	0.2882109644392675	-0.05344700275851792	0.10110375246559974	-0.14150294926336954	0.16323993926562866	-0.49321133937680944	0.0461992934440978	-0.10842064381956024	0.2985130172426542	-0.5242200514464431	0.999999999999988
