1.0	-0.6421329660697029	0.14079994244613445	-0.05587661558398039	0.042843586936390066	-0.6540756180164342	0.32997088818483933	-0.15525312210566194	0.044205041067797525	-0.034634226041690565	0.1259634141213219	-0.1259432885273362	0.08693505022302257	-0.0619426257184255	0.0429344162309048	-0.07285441247234309	0.06917567023319911	-0.07378783966518745	0.06488221252057375	-0.042013841136430516	0.06483747020821863	-0.06475074285976576	0.049320644408432535	-0.0563659524110142	0.04237627713417923	-0.054630258613953826	0.03642530958921494	-0.03511335016189089	0.035344684308501094	-0.038676677650240264	0.03061922068796811	-0.030093633238763406	0.03163734910609925	-0.03074941551696112	0.031803676750678855	-0.023817025185431464	0.028757387878406544	-0.027532853517341176	0.02823784105346507	-0.02720084705683593	0.019758185320394285	-0.017890353428194096	0.02492293638896691	-0.020299116169445	0.04194211165987419
-0.6421329660697029	1.0000000000000002	-0.22354200964584858	0.061173181602594884	-0.0463629267680478	0.32230934462443867	-0.6354761408163325	0.17755061733776434	-0.04915147946981263	0.03657769665508363	-0.11198321657045121	0.1156161874555539	-0.0849048553958032	0.05712544059555928	-0.039911000409248554	0.062262310150639474	-0.0624180143862639	0.06432937407682784	-0.060201138469760086	0.03836501071587924	-0.058088761325677224	0.05642627832932996	-0.043766215060771926	0.04988412110967966	-0.03812733557168186	0.04744012427655357	-0.0321657720820424	0.030980252173732913	-0.03135687951802771	0.034427270160466435	-0.026997827043522743	0.02645182863253138	-0.028022390923629265	0.027170312695462585	-0.02831739077856565	0.020939909233789373	-0.025407933266172057	0.024327113197519658	-0.025030835329695588	0.024141032998334526	-0.017463785348794555	0.015777865439164693	-0.022088567479230128	0.01797608142664657	-0.03727847650909437
0.14079994244613445	-0.22354200964584858	1.0000000000000007	-0.19920263785510758	0.11532621234005343	-0.11904016087408478	0.15617685900502756	-0.9128615280945515	0.14170844453651482	-0.09305605845446675	0.06606054426082175	-0.07450484808359893	0.09430003158725343	-0.06722936810372346	0.04756999613232139	-0.0458839264830455	0.05021496225042038	-0.05982524833377433	0.06101072396654074	-0.045615280388450946	0.044383055522479516	-0.04980121806823322	0.040563855219798085	-0.04934154737619807	0.039542492744707794	-0.042655107132746374	0.029275158960380084	-0.029120396122647937	0.029699114058254702	-0.03591207660272176	0.024345086441995772	-0.02431524496635197	0.026364997975272073	-0.026015249368742714	0.028239983640597023	-0.019247412243397904	0.023209764448699793	-0.023168376956929606	0.023818909656902115	-0.024137039629863945	0.016384165160830338	-0.01487668711049459	0.021086928540413982	-0.017271497147697216	0.03665543036577611
-0.05587661558398039	0.061173181602594884	-0.19920263785510758	1.0000000000000004	-0.564817868253805	0.05103887796568619	-0.06309610114406428	0.16856153338596833	-0.7128279212856475	0.3208734376475146	-0.050308927046417234	0.05212246775653565	-0.07862547797265029	0.07270606243313789	-0.07657518094681508	0.039190022951713366	-0.047397719664718854	0.05689770239867938	-0.07166624182360538	0.0676329967339097	-0.04097972358936537	0.04839704365209587	-0.042106051130322134	0.052212786403468575	-0.050954794963292645	0.04317534075657395	-0.03088952481790689	0.031235725822071993	-0.03265079293743777	0.044655920986426255	-0.025543397633992458	0.025653125926731107	-0.028951515623963798	0.028731543458327537	-0.03432746081132632	0.020465859414573732	-0.024869678505073427	0.025889305263251776	-0.027010004312486204	0.029011722973112337	-0.01824017173234179	0.016501145356443918	-0.024110538962129904	0.019821540252689646	-0.04425547097329231
0.042843586936390066	-0.0463629267680478	0.11532621234005343	-0.564817868253805	0.9999999999999999	-0.04316023403629227	0.04921584021471162	-0.1313224666273646	0.32651135886984933	-0.7294756423210194	0.049094407864221576	-0.05142384801937832	0.0759523388208856	-0.07474577646180362	0.09990419144570084	-0.040922362908394544	0.05003800984749953	-0.06244812837612954	0.07396697374521792	-0.09395675401036796	0.04301858064719981	-0.05296313398870886	0.046030407613776705	-0.058054764706926616	0.06034243723852819	-0.048068510025302075	0.034106677422018256	-0.03486066200688694	0.03642058600387415	-0.05451057919367877	0.02820041990174321	-0.028522347289937557	0.032287150985458084	-0.03240089201216875	0.039542643101633745	-0.02278475704689339	0.027525156398196606	-0.02917888176773062	0.030303149719961075	-0.03377237813327115	0.020380284876130857	-0.018535690622239656	0.027039436637471406	-0.022355015888601153	0.04999397131538852
-0.6540756180164342	0.32230934462443867	-0.11904016087408478	0.05103887796568619	-0.04316023403629227	1.0000000000000004	-0.6198478693299545	0.11888715019886667	-0.04207180465676557	0.03433189136762176	-0.2119022643355903	0.16772106707680484	-0.11311936752932383	0.07622793867126877	-0.05276782210957461	0.09840804083977037	-0.09283008803019381	0.09128182493345668	-0.08282873964915913	0.05086042668051624	-0.08970076110632916	0.08176321087914067	-0.06232363766799805	0.06959375959308946	-0.05243904856733046	0.06816785042456647	-0.0460693828096874	0.04388329686172932	-0.04431628260121451	0.04726910028266224	-0.03878121188091861	0.037731735648384813	-0.039680178407292065	0.038250436152638574	-0.039357007174958554	0.029858987064907583	-0.03632236235266447	0.03429007709420674	-0.03529858114777175	0.03352414380222441	-0.024728344754617597	0.02229879761778562	-0.03110915152404131	0.02526293456002619	-0.05198418612116211
0.32997088818483933	-0.6354761408163325	0.15617685900502756	-0.06309610114406428	0.04921584021471162	-0.6198478693299545	0.9999999999999999	-0.17967777408798485	0.05062270657392604	-0.04000547784735843	0.16202866477008568	-0.19917340931196445	0.1143398000990107	-0.07918229104521973	0.053415070865517396	-0.09095604400642938	0.08756048775573025	-0.09165133540172014	0.08149398713585373	-0.05217104138547174	0.08153396268122876	-0.08025132919986289	0.06123802430299991	-0.06985410497579105	0.0522380656588103	-0.06717897514643317	0.044940192349096235	-0.04330596062729486	0.04360719028553988	-0.04758800590572234	0.037744970729564245	-0.03705751991508377	0.03898495921187567	-0.03786397518432995	0.03902579777144824	-0.02929711975630975	0.035410875960076686	-0.03383820509918551	0.03469796349908531	-0.033368003508749015	0.02425593355973569	-0.021957422529869784	0.03059277743082061	-0.02491089388287049	0.05133629274968057
-0.15525312210566194	0.17755061733776434	-0.9128615280945515	0.16856153338596833	-0.1313224666273646	0.11888715019886667	-0.17967777408798485	0.9999999999999997	-0.16948116899583981	0.09896012048307924	-0.07205805342252666	0.07938228748151115	-0.11288452015201547	0.07236977657031243	-0.05174254577213727	0.04868227453186787	-0.05385063022451284	0.06269469932078878	-0.067001777269913	0.04856211997899162	-0.04761930892509255	0.05245685778567189	-0.04308905618756881	0.052161867748267365	-0.04228124369023214	0.04482047500094755	-0.031031282456308335	0.030809385641638497	-0.03153268937915647	0.03798535490480694	-0.02578726581460716	0.025692525733858648	-0.027969657848022553	0.027530329935776362	-0.030024655781437322	0.020340284097392428	-0.024606281102542638	0.02452830509943435	-0.025280617957507325	0.025577974536976758	-0.017361311547780707	0.015735771056372336	-0.022381854860541013	0.018315759786088747	-0.03898339582679393
0.044205041067797525	-0.04915147946981263	0.14170844453651482	-0.7128279212856475	0.32651135886984933	-0.04207180465676557	0.05062270657392604	-0.16948116899583981	0.9999999999999991	-0.5809428648734443	0.043667994270933076	-0.04645968864302923	0.0717792042277339	-0.07610662454103372	0.07950796690096211	-0.034615757078705386	0.04164701730391425	-0.051224792359510316	0.06597789764391855	-0.07153438834192438	0.03593847174325126	-0.043324438182671725	0.037778312868974914	-0.047855980459569805	0.04687677146792433	-0.03830067812789806	0.027269281037184213	-0.027839382759865364	0.029053204327985836	-0.041623018703995276	0.022477089460273943	-0.022690215565616182	0.025614800856017625	-0.025621449373486125	0.030479469370003703	-0.018031564183655605	0.021819807966017336	-0.022861970567293558	0.023701942557797683	-0.02593173483221622	0.01592138058482257	-0.014467836066106647	0.021068843621361785	-0.01738245958467544	0.038426407425229514
-0.034634226041690565	0.03657769665508363	-0.09305605845446675	0.3208734376475146	-0.7294756423210194	0.03433189136762176	-0.04000547784735843	0.09896012048307924	-0.5809428648734443	0.9999999999999998	-0.042025549380730554	0.04394073048564184	-0.06935472048034508	0.07210231056532815	-0.11426191539706791	0.03437440346496459	-0.04216830972225494	0.05201371748017003	-0.06815394727400288	0.08998952767951535	-0.03625749774051227	0.044332707696335606	-0.03924252107294962	0.050007398864894435	-0.05412823018098439	0.03964664853278593	-0.028477427338269204	0.02927324875350357	-0.03078510548915964	0.047206547253904024	-0.023420326132050265	0.023706321129320786	-0.027088201010552888	0.02722927665201944	-0.03357078394722381	0.018862044487314475	-0.022840505763204844	0.024312832357023466	-0.02526895435095556	0.028488435441676396	-0.016817121009464434	0.015294782241448198	-0.022475576619998584	0.018601421339298395	-0.04166891589724482
0.1259634141213219	-0.11198321657045121	0.06606054426082175	-0.050308927046417234	0.049094407864221576	-0.2119022643355903	0.16202866477008568	-0.07205805342252666	0.043667994270933076	-0.042025549380730554	1.0	-0.7159962470469089	0.2464458570143599	-0.18181642673809054	0.11027811015276122	-0.42127778474030986	0.22762680933703572	-0.22583926190899134	0.17451941070992255	-0.11110085322300615	0.23593026774594944	-0.20995645249897482	0.14642273336237643	-0.16282434603072543	0.11282021148169699	-0.16687610777741518	0.10580412980463451	-0.10056908291219664	0.09948481545920347	-0.10407463477434722	0.0891278423082317	-0.08703224252569228	0.08879670349678807	-0.08599356422933149	0.08432574199965014	-0.0681409388393418	0.08173287134881903	-0.07595335171999927	0.07709905467507482	-0.07243949453286405	0.054108324598984577	-0.04913507848898564	0.0674621375916992	-0.05488563344398543	0.10961093021583446
-0.1259432885273362	0.1156161874555539	-0.07450484808359893	0.05212246775653565	-0.05142384801937832	0.16772106707680484	-0.19917340931196445	0.07938228748151115	-0.04645968864302923	0.04394073048564184	-0.7159962470469089	1.0	-0.4399124659785729	0.2016728588395742	-0.12215836858600669	0.23885123512486317	-0.2457592307026116	0.20419493776179465	-0.20333952823504092	0.11395651331762292	-0.22221913907865384	0.1826833257885957	-0.14002255717745354	0.1540768795925666	-0.11235893498842311	0.1437912972754674	-0.09879302339724713	0.09396755728540893	-0.09502488975177917	0.09982333392686848	-0.08265899311810289	0.0799302314086205	-0.08430909857811114	0.08096807721934118	-0.08140055393575411	0.06272708335704785	-0.07668753025372814	0.07155555325915758	-0.07348844016875467	0.06919298918647893	-0.05110407747435408	0.046048524360312815	-0.06430033906301368	0.05215811729781422	-0.10547842618288808
0.08693505022302257	-0.0849048553958032	0.09430003158725343	-0.07862547797265029	0.0759523388208856	-0.11311936752932383	0.1143398000990107	-0.11288452015201547	0.0717792042277339	-0.06935472048034508	0.2464458570143599	-0.4399124659785729	0.999999999999999	-0.6087896410027044	0.207385368599745	-0.19234704487185306	0.2095073120115161	-0.2930259851549595	0.29159309992792626	-0.2126847537018526	0.17731217435754865	-0.21906016592811056	0.18150822280001125	-0.23763029545026482	0.16544147018477057	-0.17804526846085436	0.12138538000277489	-0.12468077716632546	0.12595597424610364	-0.15446520806599034	0.0994992035087314	-0.1012295312040342	0.10999647187418143	-0.11045404082574019	0.11434398603691383	-0.07893930462722702	0.09416592316269709	-0.09529587095974972	0.09646620770983066	-0.098830607888789	0.06552491095220736	-0.06003346728028203	0.08461348563105928	-0.06962927505724581	0.14376441639296117
-0.0619426257184255	0.05712544059555928	-0.06722936810372346	0.07270606243313789	-0.07474577646180362	0.07622793867126877	-0.07918229104521973	0.07236977657031243	-0.07610662454103372	0.07210231056532815	-0.18181642673809054	0.2016728588395742	-0.6087896410027044	0.999999999999999	-0.35880439289088517	0.13288681475518496	-0.16036435761173276	0.19914375979907112	-0.5551193654208924	0.23523506455422474	-0.13735856766074905	0.16582328127547452	-0.1575198257424048	0.21373407972603722	-0.16457550988109473	0.13352658950666496	-0.09775277494126824	0.10253459031654967	-0.10787143851086785	0.1376288397509684	-0.07862026696070894	0.08006653502058186	-0.09158977715621919	0.0917758845634742	-0.09969078849627136	0.06212005565805335	-0.07520993642822442	0.07790755974749188	-0.07977574471918328	0.08409768745677586	-0.052499308093708084	0.047873635942648804	-0.06968048297559756	0.05736843980351769	-0.12123420002785179
0.0429344162309048	-0.039911000409248554	0.04756999613232139	-0.07657518094681508	0.09990419144570084	-0.05276782210957461	0.053415070865517396	-0.05174254577213727	0.07950796690096211	-0.11426191539706791	0.11027811015276122	-0.12215836858600669	0.207385368599745	-0.35880439289088517	0.9999999999999998	-0.09706101649205129	0.12026813192121032	-0.15666476551014935	0.2302005244958617	-0.8057582686454706	0.10275686687527619	-0.1344818234546274	0.12377810956268843	-0.1725736929065909	0.22667898843367082	-0.11735821613385072	0.08536933123117209	-0.09176616935010923	0.09766939925402936	-0.2015832296064742	0.06901149537955156	-0.07131214260282817	0.08372769114897494	-0.08714502835956839	0.11386537441698302	-0.055961812016467105	0.06721199020103431	-0.07495633208584067	0.07679649038563392	-0.09823169772584193	0.04893161468321165	-0.045121656005601814	0.06715229627758859	-0.056585138873908786	0.12525217511603517
-0.07285441247234309	0.062262310150639474	-0.0458839264830455	0.039190022951713366	-0.040922362908394544	0.09840804083977037	-0.09095604400642938	0.04868227453186787	-0.034615757078705386	0.03437440346496459	-0.42127778474030986	0.23885123512486317	-0.19234704487185306	0.13288681475518496	-0.09706101649205129	0.9999999999999996	-0.4277197988624361	0.24199927352919706	-0.17188705876908628	0.09337518613706927	-0.673294851046301	0.26411183573829916	-0.17372755611752627	0.16028971029784306	-0.11155344757448513	0.19611789611509933	-0.12819378748811225	0.11185068802360525	-0.11058810329461216	0.09895337628996737	-0.11023049099351215	0.10060245267291472	-0.09977789209347417	0.09226124866490798	-0.08616506019672016	0.07869674270273777	-0.09741408242097155	0.08251648260879602	-0.08480094865479663	0.07308167964316929	-0.06068698943449225	0.05414486832753415	-0.07362821487019917	0.05901792337488198	-0.11369184982938309
0.06917567023319911	-0.0624180143862639	0.05021496225042038	-0.047397719664718854	0.05003800984749953	-0.09283008803019381	0.08756048775573025	-0.05385063022451284	0.04164701730391425	-0.04216830972225494	0.22762680933703572	-0.2457592307026116	0.2095073120115161	-0.16036435761173276	0.12026813192121032	-0.4277197988624361	0.9999999999999998	-0.6178553453386909	0.21393116420702452	-0.11867169374358397	0.28701619481377283	-0.4517545074792426	0.2590125144331472	-0.23379909133658944	0.14707399518644768	-0.22417089620176386	0.15583942255674216	-0.15129100116963146	0.14512338128379582	-0.13222254487249585	0.12426258895447966	-0.12555399703170064	0.1293211197939734	-0.1229497550266477	0.11269223801178377	-0.09506545801197595	0.11440067534526148	-0.10668518297782512	0.1078983005086426	-0.09598757443905037	0.0745475572786935	-0.06759449151662116	0.09369109018549421	-0.07577027661080873	0.14755043820011235
-0.07378783966518745	0.06432937407682784	-0.05982524833377433	0.05689770239867938	-0.06244812837612954	0.09128182493345668	-0.09165133540172014	0.06269469932078878	-0.051224792359510316	0.05201371748017003	-0.22583926190899134	0.20419493776179465	-0.2930259851549595	0.19914375979907112	-0.15666476551014935	0.24199927352919706	-0.6178553453386909	0.9999999999999999	-0.31516254638779395	0.14602277125226204	-0.27072092844863077	0.3092638840201872	-0.41364661244136897	0.2695751308480857	-0.18972805686051974	0.21357315023883944	-0.1771110690785375	0.1789177282899637	-0.18235442396583673	0.15812220147104	-0.1379167517594429	0.13636360706696524	-0.1606725014253866	0.14640313966524968	-0.14204355768161223	0.10490075919812307	-0.13208034898421217	0.12754813218485872	-0.1339414909317228	0.11790286043561522	-0.08927313868524307	0.07920450755074945	-0.1164756550314356	0.09312296246818635	-0.18830356061938222
0.06488221252057375	-0.060201138469760086	0.06101072396654074	-0.07166624182360538	0.07396697374521792	-0.08282873964915913	0.08149398713585373	-0.067001777269913	0.06597789764391855	-0.06815394727400288	0.17451941070992255	-0.20333952823504092	0.29159309992792626	-0.5551193654208924	0.2302005244958617	-0.17188705876908628	0.21393116420702452	-0.31516254638779395	0.9999999999999959	-0.26252128042396833	0.17782438061800926	-0.2636872144257042	0.24828240747784694	-0.47475707527135813	0.21209078477965027	-0.1971916569265546	0.1436661464781461	-0.15893510313442719	0.163793053349153	-0.19227431326135275	0.11365008949528828	-0.11924990553813879	0.13601437782020337	-0.14113650237848413	0.13766519459406704	-0.09090683553863463	0.10841591070067641	-0.11452017563455091	0.11476031935338162	-0.11851169117344378	0.07543297403844341	-0.06940633192934217	0.09977633986168938	-0.08233548526878642	0.16830778456998136
-0.042013841136430516	0.03836501071587924	-0.045615280388450946	0.0676329967339097	-0.09395675401036796	0.05086042668051624	-0.05217104138547174	0.04856211997899162	-0.07153438834192438	0.08998952767951535	-0.11110085322300615	0.11395651331762292	-0.2126847537018526	0.23523506455422474	-0.8057582686454706	0.09337518613706927	-0.11867169374358397	0.14602277125226204	-0.26252128042396833	0.9999999999999964	-0.10165388317431549	0.12830115126149014	-0.12548214668072744	0.1707663538821218	-0.3547649465430009	0.11132512406587107	-0.08408489488182007	0.09031192103474549	-0.09884880319675587	0.19899535893512038	-0.06735482483353225	0.06926811878324693	-0.08364660302048538	0.0861344331952236	-0.12136750071196617	0.05424722792861975	-0.06588437755163681	0.07378454192489384	-0.07687378111369478	0.09786450649128417	-0.047819883497118416	0.04382808243812937	-0.06723577510180775	0.05649376928220824	-0.13029951796032224
0.06483747020821863	-0.058088761325677224	0.044383055522479516	-0.04097972358936537	0.04301858064719981	-0.08970076110632916	0.08153396268122876	-0.04761930892509255	0.03593847174325126	-0.03625749774051227	0.23593026774594944	-0.22221913907865384	0.17731217435754865	-0.13735856766074905	0.10275686687527619	-0.673294851046301	0.28701619481377283	-0.27072092844863077	0.17782438061800926	-0.10165388317431549	0.9999999999999967	-0.4478713940853856	0.20857918608343257	-0.19520038679905705	0.12593605805028038	-0.32555068606455184	0.16176222461815093	-0.13834212383123365	0.13154926572673617	-0.11430590201830754	0.14100126623642972	-0.12981093719200662	0.11922465086444702	-0.11093669447035115	0.09875814636320611	-0.10040058606607215	0.11989065997789658	-0.09864347453717924	0.09954802448078333	-0.08444019859927479	0.07212210074358825	-0.06499904205059953	0.08605410705383076	-0.06915673460118203	0.12956491566341855
-0.06475074285976576	0.05642627832932996	-0.04980121806823322	0.04839704365209587	-0.05296313398870886	0.08176321087914067	-0.08025132919986289	0.05245685778567189	-0.043324438182671725	0.044332707696335606	-0.20995645249897482	0.1826833257885957	-0.21906016592811056	0.16582328127547452	-0.1344818234546274	0.26411183573829916	-0.4517545074792426	0.3092638840201872	-0.2636872144257042	0.12830115126149014	-0.4478713940853856	0.9999999999999946	-0.5160873470656577	0.27475805006047294	-0.17698315430370712	0.23710585628166791	-0.2281968689263804	0.19646466326951642	-0.19015901502423393	0.14820354040785963	-0.1541502118783457	0.15598513584327084	-0.16765859073769546	0.14965581824325516	-0.13193895018915738	0.11250267916301168	-0.14138520381218456	0.12749565637258636	-0.1310634139697403	0.11000255229395431	-0.08779179414321105	0.078464783070622	-0.11219536376075918	0.08957765702004539	-0.1709124093025629
0.049320644408432535	-0.043766215060771926	0.040563855219798085	-0.042106051130322134	0.046030407613776705	-0.06232363766799805	0.06123802430299991	-0.04308905618756881	0.037778312868974914	-0.03924252107294962	0.14642273336237643	-0.14002255717745354	0.18150822280001125	-0.1575198257424048	0.12377810956268843	-0.17372755611752627	0.2590125144331472	-0.41364661244136897	0.24828240747784694	-0.12548214668072744	0.20857918608343257	-0.5160873470656577	0.9999999999999938	-0.5865429118919806	0.1798656663102811	-0.19579684143586995	0.17880806063832413	-0.2743829865926216	0.2036063095056126	-0.1559015332220541	0.1220170055142468	-0.13644250291096288	0.17002597676814815	-0.1619477738589619	0.1228754837377848	-0.09432394534427088	0.11437220937599994	-0.12178379932091214	0.11873462470376958	-0.10388764691003179	0.07322196473674648	-0.06699685696363904	0.09975090933493719	-0.08085508142745515	0.1495386248655211
-0.0563659524110142	0.04988412110967966	-0.04934154737619807	0.052212786403468575	-0.058054764706926616	0.06959375959308946	-0.06985410497579105	0.052161867748267365	-0.047855980459569805	0.050007398864894435	-0.16282434603072543	0.1540768795925666	-0.23763029545026482	0.21373407972603722	-0.1725736929065909	0.16028971029784306	-0.23379909133658944	0.2695751308480857	-0.47475707527135813	0.1707663538821218	-0.19520038679905705	0.27475805006047294	-0.5865429118919806	0.9999999999999958	-0.3079932956540871	0.19277108502380524	-0.17366686744678364	0.2090260936922753	-0.2632725733860601	0.20262920614221844	-0.12486765155444841	0.13235873869495163	-0.17677385884455651	0.17561183773266423	-0.15485462987910573	0.09690831312835459	-0.11979400208106063	0.12895276830905386	-0.13165139550332508	0.12566027736082366	-0.07982810778794527	0.07246043925876369	-0.11152598555610316	0.09058706817069985	-0.18123000707738002
0.04237627713417923	-0.03812733557168186	0.039542492744707794	-0.050954794963292645	0.06034243723852819	-0.05243904856733046	0.0522380656588103	-0.04228124369023214	0.04687677146792433	-0.05412823018098439	0.11282021148169699	-0.11235893498842311	0.16544147018477057	-0.16457550988109473	0.22667898843367082	-0.11155344757448513	0.14707399518644768	-0.18972805686051974	0.21209078477965027	-0.3547649465430009	0.12593605805028038	-0.17698315430370712	0.1798656663102811	-0.3079932956540871	0.9999999999999923	-0.15891764760621724	0.12177579804954752	-0.1408398770743709	0.1583518579049955	-0.6995782019433254	0.09613746113357773	-0.10196609710862692	0.1294011363448627	-0.1434915732269043	0.2337499466138291	-0.07936486960651959	0.09525395005859988	-0.11750354515413984	0.12051325426782727	-0.20073439020928524	0.07072371258184516	-0.06597638435761524	0.1033633229526567	-0.08987729857732092	0.20609927856322016
-0.054630258613953826	0.04744012427655357	-0.042655107132746374	0.04317534075657395	-0.048068510025302075	0.06816785042456647	-0.06717897514643317	0.04482047500094755	-0.03830067812789806	0.03964664853278593	-0.16687610777741518	0.1437912972754674	-0.17804526846085436	0.13352658950666496	-0.11735821613385072	0.19611789611509933	-0.22417089620176386	0.21357315023883944	-0.1971916569265546	0.11132512406587107	-0.32555068606455184	0.23710585628166791	-0.19579684143586995	0.19277108502380524	-0.15891764760621724	0.9999999999999938	-0.43180963449913873	0.2294705428594062	-0.22556978773705916	0.1446153432636594	-0.4986249358233752	0.297279495083637	-0.21839161264464096	0.1797657421098936	-0.14552241287806245	0.24652299514909318	-0.3219892799145281	0.17847704653043303	-0.18585054297270595	0.12458566304562496	-0.15718386048521227	0.13473081405263643	-0.15849147294903426	0.12261998719507237	-0.1995843659705867
0.03642530958921494	-0.0321657720820424	0.029275158960380084	-0.03088952481790689	0.034106677422018256	-0.0460693828096874	0.044940192349096235	-0.031031282456308335	0.027269281037184213	-0.028477427338269204	0.10580412980463451	-0.09879302339724713	0.12138538000277489	-0.09775277494126824	0.08536933123117209	-0.12819378748811225	0.15583942255674216	-0.1771110690785375	0.1436661464781461	-0.08408489488182007	0.16176222461815093	-0.2281968689263804	0.17880806063832413	-0.17366686744678364	0.12177579804954752	-0.43180963449913873	0.9999999999999911	-0.43544716739386063	0.22450758566541845	-0.1184441069891301	0.2714438964742539	-0.619315298260742	0.22190853250130796	-0.19441482335059063	0.11218484976095132	-0.20135605106048815	0.21856536780513747	-0.16173966258082817	0.1432753303913084	-0.09777110069459888	0.10186799682356389	-0.09815934923855553	0.11807611704583039	-0.09521396292321846	0.14204428730479343
-0.03511335016189089	0.030980252173732913	-0.029120396122647937	0.031235725822071993	-0.03486066200688694	0.04388329686172932	-0.04330596062729486	0.030809385641638497	-0.027839382759865364	0.02927324875350357	-0.10056908291219664	0.09396755728540893	-0.12468077716632546	0.10253459031654967	-0.09176616935010923	0.11185068802360525	-0.15129100116963146	0.1789177282899637	-0.15893510313442719	0.09031192103474549	-0.13834212383123365	0.19646466326951642	-0.2743829865926216	0.2090260936922753	-0.1408398770743709	0.2294705428594062	-0.43544716739386063	0.9999999999999971	-0.5381173566542663	0.13728656151964708	-0.16930261373513364	0.22179621026095597	-0.5043694617471324	0.302131452414919	-0.1339168057532034	0.12743789725606214	-0.1566466973042021	0.19775837490064604	-0.18373355290120502	0.11287463841752646	-0.0882398497690402	0.08247092704957582	-0.14055916674027782	0.11008703431477125	-0.1549968962262744
0.035344684308501094	-0.03135687951802771	0.029699114058254702	-0.03265079293743777	0.03642058600387415	-0.04431628260121451	0.04360719028553988	-0.03153268937915647	0.029053204327985836	-0.03078510548915964	0.09948481545920347	-0.09502488975177917	0.12595597424610364	-0.10787143851086785	0.09766939925402936	-0.11058810329461216	0.14512338128379582	-0.18235442396583673	0.163793053349153	-0.09884880319675587	0.13154926572673617	-0.19015901502423393	0.2036063095056126	-0.2632725733860601	0.1583518579049955	-0.22556978773705916	0.22450758566541845	-0.5381173566542663	0.9999999999999948	-0.17978381127926807	0.141858583281645	-0.188238235979889	0.3124751636877007	-0.6313719577243712	0.1571239274124723	-0.11544850074329567	0.13428998200235406	-0.18525698167912108	0.16173863148578835	-0.13052964513131357	0.08230788019160912	-0.07826887059390752	0.12707362372519393	-0.10442709870693123	0.16071514113122065
-0.038676677650240264	0.034427270160466435	-0.03591207660272176	0.044655920986426255	-0.05451057919367877	0.04726910028266224	-0.04758800590572234	0.03798535490480694	-0.041623018703995276	0.047206547253904024	-0.10407463477434722	0.09982333392686848	-0.15446520806599034	0.1376288397509684	-0.2015832296064742	0.09895337628996737	-0.13222254487249585	0.15812220147104	-0.19227431326135275	0.19899535893512038	-0.11430590201830754	0.14820354040785963	-0.1559015332220541	0.20262920614221844	-0.6995782019433254	0.1446153432636594	-0.1184441069891301	0.13728656151964708	-0.17978381127926807	0.9999999999999892	-0.09200093362892126	0.0972019427389109	-0.13637424516938673	0.15138601428084686	-0.4453618433972824	0.07589011694121625	-0.09284918410465112	0.12118482077994315	-0.13224132933176147	0.2329866673324818	-0.06979587425396001	0.0646316273739761	-0.11290689394151131	0.09872883834909849	-0.27177199192564316
0.03061922068796811	-0.026997827043522743	0.024345086441995772	-0.025543397633992458	0.02820041990174321	-0.03878121188091861	0.037744970729564245	-0.02578726581460716	0.022477089460273943	-0.023420326132050265	0.0891278423082317	-0.08265899311810289	0.0994992035087314	-0.07862026696070894	0.06901149537955156	-0.11023049099351215	0.12426258895447966	-0.1379167517594429	0.11365008949528828	-0.06735482483353225	0.14100126623642972	-0.1541502118783457	0.1220170055142468	-0.12486765155444841	0.09613746113357773	-0.4986249358233752	0.2714438964742539	-0.16930261373513364	0.141858583281645	-0.09200093362892126	0.9999999999999938	-0.5313824418455704	0.14585570479530494	-0.12611140780744898	0.0897429685750413	-0.5307953012936802	0.3064620389412307	-0.1328026629791146	0.12070891604132138	-0.07895092369786273	0.11327730236105686	-0.11024461820696257	0.10262994386941693	-0.0819278914881406	0.12003979138612006
-0.030093633238763406	0.02645182863253138	-0.02431524496635197	0.025653125926731107	-0.028522347289937557	0.037731735648384813	-0.03705751991508377	0.025692525733858648	-0.022690215565616182	0.023706321129320786	-0.08703224252569228	0.0799302314086205	-0.1012295312040342	0.08006653502058186	-0.07131214260282817	0.10060245267291472	-0.12555399703170064	0.13636360706696524	-0.11924990553813879	0.06926811878324693	-0.12981093719200662	0.15598513584327084	-0.13644250291096288	0.13235873869495163	-0.10196609710862692	0.297279495083637	-0.619315298260742	0.22179621026095597	-0.188238235979889	0.0972019427389109	-0.5313824418455704	0.9999999999999977	-0.20202734328323313	0.1521478986995331	-0.09672091127210518	0.25724936081811545	-0.35937787340181265	0.14531245125525433	-0.13595237417408504	0.08403751480632357	-0.11233359269949515	0.1050463707860764	-0.1120058681112098	0.08786632893915519	-0.12572204021162958
0.03163734910609925	-0.028022390923629265	0.026364997975272073	-0.028951515623963798	0.032287150985458084	-0.039680178407292065	0.03898495921187567	-0.027969657848022553	0.025614800856017625	-0.027088201010552888	0.08879670349678807	-0.08430909857811114	0.10999647187418143	-0.09158977715621919	0.08372769114897494	-0.09977789209347417	0.1293211197939734	-0.1606725014253866	0.13601437782020337	-0.08364660302048538	0.11922465086444702	-0.16765859073769546	0.17002597676814815	-0.17677385884455651	0.1294011363448627	-0.21839161264464096	0.22190853250130796	-0.5043694617471324	0.3124751636877007	-0.13637424516938673	0.14585570479530494	-0.20202734328323313	0.9999999999999937	-0.5906025173206517	0.14578516755931817	-0.1245745668480611	0.14773151983475855	-0.3904891981089536	0.22526925911387075	-0.1283761585280794	0.08916496446404634	-0.08641755671152966	0.16479988660283212	-0.13593681557920373	0.15935713689391032
-0.03074941551696112	0.027170312695462585	-0.026015249368742714	0.028731543458327537	-0.03240089201216875	0.038250436152638574	-0.03786397518432995	0.027530329935776362	-0.025621449373486125	0.02722927665201944	-0.08599356422933149	0.08096807721934118	-0.11045404082574019	0.0917758845634742	-0.08714502835956839	0.09226124866490798	-0.1229497550266477	0.14640313966524968	-0.14113650237848413	0.0861344331952236	-0.11093669447035115	0.14965581824325516	-0.1619477738589619	0.17561183773266423	-0.1434915732269043	0.1797657421098936	-0.19441482335059063	0.302131452414919	-0.6313719577243712	0.15138601428084686	-0.12611140780744898	0.1521478986995331	-0.5906025173206517	0.9999999999999923	-0.1984840245406829	0.10327997492395288	-0.12791222787299136	0.21397072200543493	-0.2090566394238984	0.14196249855216908	-0.08222818238057274	0.07696208227666751	-0.15298444426582244	0.1203610045169845	-0.17121896035569492
0.031803676750678855	-0.02831739077856565	0.028239983640597023	-0.03432746081132632	0.039542643101633745	-0.039357007174958554	0.03902579777144824	-0.030024655781437322	0.030479469370003703	-0.03357078394722381	0.08432574199965014	-0.08140055393575411	0.11434398603691383	-0.09969078849627136	0.11386537441698302	-0.08616506019672016	0.11269223801178377	-0.14204355768161223	0.13766519459406704	-0.12136750071196617	0.09875814636320611	-0.13193895018915738	0.1228754837377848	-0.15485462987910573	0.2337499466138291	-0.14552241287806245	0.11218484976095132	-0.1339168057532034	0.1571239274124723	-0.4453618433972824	0.0897429685750413	-0.09672091127210518	0.14578516755931817	-0.1984840245406829	0.9999999999999949	-0.07775149872785714	0.09298747972314739	-0.14708475222296669	0.1561072680473947	-0.6978718638543242	0.07334690589791089	-0.07023127247884664	0.12357993713131633	-0.11932547828820474	0.2943761359682004
-0.023817025185431464	0.020939909233789373	-0.019247412243397904	0.020465859414573732	-0.02278475704689339	0.029858987064907583	-0.02929711975630975	0.020340284097392428	-0.018031564183655605	0.018862044487314475	-0.0681409388393418	0.06272708335704785	-0.07893930462722702	0.06212005565805335	-0.055961812016467105	0.07869674270273777	-0.09506545801197595	0.10490075919812307	-0.09090683553863463	0.05424722792861975	-0.10040058606607215	0.11250267916301168	-0.09432394534427088	0.09690831312835459	-0.07936486960651959	0.24652299514909318	-0.20135605106048815	0.12743789725606214	-0.11544850074329567	0.07589011694121625	-0.5307953012936802	0.25724936081811545	-0.1245745668480611	0.10327997492395288	-0.07775149872785714	0.9999999999999919	-0.7373857974896683	0.13739353821653197	-0.12573771505875728	0.06939034993536183	-0.15335786213339997	0.13971213651256106	-0.1061826131514848	0.08227736789365427	-0.10674794278995792
0.028757387878406544	-0.025407933266172057	0.023209764448699793	-0.024869678505073427	0.027525156398196606	-0.03632236235266447	0.035410875960076686	-0.024606281102542638	0.021819807966017336	-0.022840505763204844	0.08173287134881903	-0.07668753025372814	0.09416592316269709	-0.07520993642822442	0.06721199020103431	-0.09741408242097155	0.11440067534526148	-0.13208034898421217	0.10841591070067641	-0.06588437755163681	0.11989065997789658	-0.14138520381218456	0.11437220937599994	-0.11979400208106063	0.09525395005859988	-0.3219892799145281	0.21856536780513747	-0.1566466973042021	0.13428998200235406	-0.09284918410465112	0.3064620389412307	-0.35937787340181265	0.14773151983475855	-0.12791222787299136	0.09298747972314739	-0.7373857974896683	0.9999999999999926	-0.19867815761533494	0.14951696059479175	-0.08427994884240465	0.17356600067738834	-0.211169745952571	0.1274603761351396	-0.10240836340206819	0.12661002561600554
-0.027532853517341176	0.024327113197519658	-0.023168376956929606	0.025889305263251776	-0.02917888176773062	0.03429007709420674	-0.03383820509918551	0.02452830509943435	-0.022861970567293558	0.024312832357023466	-0.07595335171999927	0.07155555325915758	-0.09529587095974972	0.07790755974749188	-0.07495633208584067	0.08251648260879602	-0.10668518297782512	0.12754813218485872	-0.11452017563455091	0.07378454192489384	-0.09864347453717924	0.12749565637258636	-0.12178379932091214	0.12895276830905386	-0.11750354515413984	0.17847704653043303	-0.16173966258082817	0.19775837490064604	-0.18525698167912108	0.12118482077994315	-0.1328026629791146	0.14531245125525433	-0.3904891981089536	0.21397072200543493	-0.14708475222296669	0.13739353821653197	-0.19867815761533494	0.9999999999999926	-0.6843614351495533	0.14688041515673636	-0.12015831182650438	0.11605588020033228	-0.3950510069630198	0.27299807806969056	-0.19735117467067687
0.02823784105346507	-0.025030835329695588	0.023818909656902115	-0.027010004312486204	0.030303149719961075	-0.03529858114777175	0.03469796349908531	-0.025280617957507325	0.023701942557797683	-0.02526895435095556	0.07709905467507482	-0.07348844016875467	0.09646620770983066	-0.07977574471918328	0.07679649038563392	-0.08480094865479663	0.1078983005086426	-0.1339414909317228	0.11476031935338162	-0.07687378111369478	0.09954802448078333	-0.1310634139697403	0.11873462470376958	-0.13165139550332508	0.12051325426782727	-0.18585054297270595	0.1432753303913084	-0.18373355290120502	0.16173863148578835	-0.13224132933176147	0.12070891604132138	-0.13595237417408504	0.22526925911387075	-0.2090566394238984	0.1561072680473947	-0.12573771505875728	0.14951696059479175	-0.6843614351495533	0.999999999999991	-0.19439697808398568	0.10938165570436875	-0.11254207080160906	0.30241413684288065	-0.4780980831520498	0.20934018278612457
-0.02720084705683593	0.024141032998334526	-0.024137039629863945	0.029011722973112337	-0.03377237813327115	0.03352414380222441	-0.033368003508749015	0.025577974536976758	-0.02593173483221622	0.028488435441676396	-0.07243949453286405	0.06919298918647893	-0.098830607888789	0.08409768745677586	-0.09823169772584193	0.07308167964316929	-0.09598757443905037	0.11790286043561522	-0.11851169117344378	0.09786450649128417	-0.08444019859927479	0.11000255229395431	-0.10388764691003179	0.12566027736082366	-0.20073439020928524	0.12458566304562496	-0.09777110069459888	0.11287463841752646	-0.13052964513131357	0.2329866673324818	-0.07895092369786273	0.08403751480632357	-0.1283761585280794	0.14196249855216908	-0.6978718638543242	0.06939034993536183	-0.08427994884240465	0.14688041515673636	-0.19439697808398568	0.9999999999999908	-0.06853203522362533	0.06548437503192936	-0.1374009893010801	0.13718781717331813	-0.5542497624529011
0.019758185320394285	-0.017463785348794555	0.016384165160830338	-0.01824017173234179	0.020380284876130857	-0.024728344754617597	0.02425593355973569	-0.017361311547780707	0.01592138058482257	-0.016817121009464434	0.054108324598984577	-0.05110407747435408	0.06552491095220736	-0.052499308093708084	0.04893161468321165	-0.06068698943449225	0.0745475572786935	-0.08927313868524307	0.07543297403844341	-0.047819883497118416	0.07212210074358825	-0.08779179414321105	0.07322196473674648	-0.07982810778794527	0.07072371258184516	-0.15718386048521227	0.10186799682356389	-0.0882398497690402	0.08230788019160912	-0.06979587425396001	0.11327730236105686	-0.11233359269949515	0.08916496446404634	-0.08222818238057274	0.07334690589791089	-0.15335786213339997	0.17356600067738834	-0.12015831182650438	0.10938165570436875	-0.06853203522362533	0.9999999999999907	-0.9238985494916494	0.1452077739766991	-0.12002329985204302	0.11151174363261235
-0.017890353428194096	0.015777865439164693	-0.01487668711049459	0.016501145356443918	-0.018535690622239656	0.02229879761778562	-0.021957422529869784	0.015735771056372336	-0.014467836066106647	0.015294782241448198	-0.04913507848898564	0.046048524360312815	-0.06003346728028203	0.047873635942648804	-0.045121656005601814	0.05414486832753415	-0.06759449151662116	0.07920450755074945	-0.06940633192934217	0.04382808243812937	-0.06499904205059953	0.078464783070622	-0.06699685696363904	0.07246043925876369	-0.06597638435761524	0.13473081405263643	-0.09815934923855553	0.08247092704957582	-0.07826887059390752	0.0646316273739761	-0.11024461820696257	0.1050463707860764	-0.08641755671152966	0.07696208227666751	-0.07023127247884664	0.13971213651256106	-0.211169745952571	0.11605588020033228	-0.11254207080160906	0.06548437503192936	-0.9238985494916494	0.9999999999999911	-0.17443991833230052	0.11784128302516277	-0.10940517320192372
0.02492293638896691	-0.022088567479230128	0.021086928540413982	-0.024110538962129904	0.027039436637471406	-0.03110915152404131	0.03059277743082061	-0.022381854860541013	0.021068843621361785	-0.022475576619998584	0.0674621375916992	-0.06430033906301368	0.08461348563105928	-0.06968048297559756	0.06715229627758859	-0.07362821487019917	0.09369109018549421	-0.1164756550314356	0.09977633986168938	-0.06723577510180775	0.08605410705383076	-0.11219536376075918	0.09975090933493719	-0.11152598555610316	0.1033633229526567	-0.15849147294903426	0.11807611704583039	-0.14055916674027782	0.12707362372519393	-0.11290689394151131	0.10262994386941693	-0.1120058681112098	0.16479988660283212	-0.15298444426582244	0.12357993713131633	-0.1061826131514848	0.1274603761351396	-0.3950510069630198	0.30241413684288065	-0.1374009893010801	0.1452077739766991	-0.17443991833230052	0.9999999999999911	-0.7733954542200607	0.20115959392250612
