1.0	-0.6835321398937182	0.2783915075591168	-0.10502470315769896	0.08922813100535448	-0.1829976758668583	0.29351455459071796	-0.3757103234604068	0.12687050543302325	-0.10986202474784301	0.153332831867563	-0.36997082599735914	0.17276818006770794	-0.14601037730340966	0.13549550145982148	-0.10227191484977179	0.125093729364087	-0.15096461954002627	0.12920854171852966	-0.11776322162040007	0.08621309380620748	-0.13309505589017046	0.16875628061268635	-0.14184360344633862	0.1007371689936383	-0.11601060998943623	0.09538595934980551	-0.0958821440641462	0.07497942009403027	-0.10241492242443336	0.05306905285716916	-0.05755674246251151	0.06881421390373381	-0.07106092383632329	0.06837536122364267	-0.05367478965231509	0.04920429781359966	-0.0668587083911464	0.07397400454971245	-0.06211116952762721	0.04678260069669218	-0.037445617785524334	0.06374167479912876	-0.05345684470109445	0.09942223579328835
-0.6835321398937182	1.0	-0.4230577813519433	0.08681203839730386	-0.07601328068640495	0.12150026103841587	-0.46382270352778177	0.2795663519860287	-0.09605428406964309	0.08075208040655872	-0.12090544606521288	0.27093615347174127	-0.13161230024248458	0.10392774715674079	-0.10067554549589436	0.06803220947606378	-0.08908500211745186	0.10482055277632718	-0.09199005999587791	0.07950633402322252	-0.058644196194717405	0.09011688541351404	-0.1176522592410531	0.09516262538087492	-0.0695790982524108	0.07498378955764098	-0.06339021082820903	0.06235622790277517	-0.04917897017101116	0.06631397084445452	-0.03470991477798484	0.037452414952686024	-0.045030076427020685	0.0463227697021848	-0.04486559244440061	0.03482945773665588	-0.032100948349849355	0.04345658228133494	-0.04856465493060481	0.040568233650978607	-0.030684285416035226	0.024495950007361916	-0.04182963373306349	0.03496460625770334	-0.06535754630493706
0.2783915075591168	-0.4230577813519433	1.0	-0.1677419635373214	0.12605307014714948	-0.08720373447052321	0.21305708493926628	-0.7913000049446385	0.12366832062654756	-0.11092734667883009	0.08645049741468942	-0.21522306783247266	0.15807739351782685	-0.13120050139954464	0.12617814010475073	-0.0697865050853575	0.08861290956981113	-0.12240880846662587	0.10576049557390929	-0.09580376754875936	0.0599706008680482	-0.09208196151665053	0.1277204093833535	-0.11091996814344864	0.08192919870345454	-0.08030301089230041	0.06745881479132697	-0.06806991481496485	0.05441192252295634	-0.07384168718571242	0.03746642872470961	-0.04053275858219353	0.04914509194364791	-0.050888150596886415	0.049189095928925175	-0.037952547519666695	0.03494281644085206	-0.04750293219174178	0.05309857620679401	-0.04445795449563625	0.03345631216625836	-0.026727178636298997	0.04566109775153758	-0.038234213724410555	0.07143446178931409
-0.10502470315769896	0.08681203839730386	-0.1677419635373214	1.0	-0.8664773554076185	0.03685773837113547	-0.08325715175291544	0.14020255316486593	-0.2672572143610202	0.2559994240402719	-0.03905460490811404	0.09258841040434405	-0.1354047669582129	0.1489818641423957	-0.24219501160678325	0.049035497362462994	-0.06240496635855854	0.1010657102513252	-0.10001367655539334	0.1130693862271423	-0.042809059069503386	0.06462203114862126	-0.10271086987781938	0.10386976531630164	-0.09403458820724098	0.05946961887100412	-0.05099506269643934	0.05319673101862001	-0.044950633205596495	0.061174533242721214	-0.02854465601994527	0.030884298416075328	-0.03848749705228453	0.04036791757181918	-0.03902024386904282	0.029189419009849314	-0.026982825260053193	0.0369340598282216	-0.04163160411624108	0.0348682884594727	-0.025982346094837065	0.020748718010142803	-0.035598043944367844	0.029843129605382213	-0.055686901185955
0.08922813100535448	-0.07601328068640495	0.12605307014714948	-0.8664773554076185	0.9999999999999996	-0.032714757921204735	0.07233554025675361	-0.13087113640416217	0.21121802448172758	-0.3658053056956747	0.034374216667044745	-0.08374868070502658	0.11598348742952537	-0.1410939398783711	0.20427999755670442	-0.04549560263971694	0.05681204803912737	-0.09315176510832322	0.088384243411926	-0.10912752609263289	0.03939849928981587	-0.05964823958998476	0.09253011499903879	-0.0980137512513026	0.08419252505556772	-0.0556617246294632	0.047221112568882215	-0.049713394355541084	0.041813313276606055	-0.05740443701521725	0.026548789378537822	-0.02879335941023455	0.03576553897787765	-0.03759395613083919	0.03614978532393193	-0.027221381120285472	0.025094858116127286	-0.034423587887044776	0.03853775527295307	-0.03237144181975527	0.024066689635363032	-0.01924967135888419	0.032962684775335684	-0.027684438319042156	0.051440512990597695
-0.1829976758668583	0.12150026103841587	-0.08720373447052321	0.03685773837113547	-0.032714757921204735	0.9999999999999991	-0.17934539835015248	0.09811245249292984	-0.05119144153042807	0.042139137055772	-0.946252102024498	0.16233834475106207	-0.07158480788183676	0.056795573887047084	-0.055413474438505146	0.06699687234055704	-0.05984923257069503	0.061449036781353064	-0.054154052603317175	0.04582118778231592	-0.057974042076125276	0.0600051016883355	-0.0746697664597731	0.05629355331932528	-0.04090802031362457	0.05374794269682311	-0.0450410966399724	0.04151024175836677	-0.03207508554192217	0.042525297033557126	-0.02417554523962513	0.02566450072074697	-0.030227097518582074	0.03057364744647021	-0.029781533670094718	0.023441919818536515	-0.02170626663315951	0.02897244700997141	-0.03244433321379743	0.026891730444603863	-0.02065289563207282	0.016444909534220224	-0.028061425080164185	0.023319500993769615	-0.04357872176574916
0.29351455459071796	-0.46382270352778177	0.21305708493926628	-0.08325715175291544	0.07233554025675361	-0.17934539835015248	0.9999999999999996	-0.2495865898591213	0.11271120098775624	-0.09306700037072053	0.1561974759718913	-0.7304448867027865	0.17870465698703547	-0.13914908912659119	0.11429894813588488	-0.09191548512802815	0.13304209549781243	-0.1430338827200402	0.11654485191585498	-0.0955968597137942	0.07730070219543525	-0.1340089290128148	0.1407514785004337	-0.1185629741194048	0.08356422908684687	-0.09509673080881174	0.08085014000526912	-0.07722588251783387	0.06018277102880756	-0.08078771332088217	0.04300786772453026	-0.046415094759483896	0.05497290270573173	-0.05622293976151644	0.054121582656202635	-0.042525662722590236	0.039164330551152864	-0.052893352869433134	0.058440371015005134	-0.04881248279695814	0.03703005795914078	-0.029608832492258833	0.05040700252821535	-0.04212918038525716	0.07801151326831765
-0.3757103234604068	0.2795663519860287	-0.7913000049446385	0.14020255316486593	-0.13087113640416217	0.09811245249292984	-0.2495865898591213	0.9999999999999986	-0.14592516423327845	0.11896775876430377	-0.10396818812167972	0.2095005748102812	-0.2114189832250362	0.14604321640272241	-0.14834431343183463	0.07592092044738076	-0.09864372139515717	0.13714366165652794	-0.12449628397096196	0.10450299597132212	-0.06664921618545586	0.09953879417682411	-0.150458496284145	0.1217446401150936	-0.09292020850660909	0.08689510950819854	-0.07449863930932815	0.07438475627315957	-0.059922725534725114	0.08038263220402202	-0.04121671922292932	0.04439529355429123	-0.05428802658351488	0.056070575339891744	-0.054678449753544994	0.04165188945038378	-0.03854117127193021	0.052231540049772644	-0.05915924571596389	0.04929175631291741	-0.03722709003629872	0.029649526544875827	-0.05084651743823031	0.04244184328512896	-0.07997840483787913
0.12687050543302325	-0.09605428406964309	0.12366832062654756	-0.2672572143610202	0.21121802448172758	-0.05119144153042807	0.11271120098775624	-0.14592516423327845	1.0000000000000024	-0.5550386834125137	0.05441741963855518	-0.14570960834979932	0.2565663502427212	-0.5722155681225333	0.281650085827682	-0.08388984371846908	0.10784380217114951	-0.203713007798952	0.17295392551765953	-0.19280789451324093	0.07179649407775467	-0.11353424544226906	0.1635454084122082	-0.19174965852336812	0.14374110901575532	-0.10129783988711034	0.08555181092107962	-0.09001726614347477	0.07547301654237078	-0.10373809710573764	0.047734413638407476	-0.05186553811668836	0.06405645958368832	-0.06738152530012065	0.06431062255295361	-0.048802701945654156	0.04489242295900023	-0.06168256204128672	0.06838628123254978	-0.05758092112532875	0.04274316604481029	-0.03425400400280745	0.05851608747455439	-0.04922215158320883	0.09077674871257374
-0.10986202474784301	0.08075208040655872	-0.11092734667883009	0.2559994240402719	-0.3658053056956747	0.042139137055772	-0.09306700037072053	0.11896775876430377	-0.5550386834125137	0.9999999999999998	-0.04526446357490835	0.11048714948081421	-0.1966654321546007	0.23616156660557666	-0.5950099886742131	0.06634170242965653	-0.0846457382271961	0.14486229837332992	-0.14423019345221189	0.18761383781112084	-0.05777914484501832	0.08786679050966208	-0.13971396097698913	0.15381117711948952	-0.1475443407532527	0.08139710874347195	-0.06987926148288123	0.07373870722104699	-0.06335752515078168	0.08663819714981978	-0.03912448080850976	0.04238159997812194	-0.05310443527778534	0.05596584058895907	-0.053891704352996554	0.04008585933501693	-0.03704710957484312	0.05087461166310595	-0.057188652410699856	0.04797931660939981	-0.03559319700530757	0.028453571288646146	-0.0488164512173153	0.040983033951006186	-0.07613399353234217
0.153332831867563	-0.12090544606521288	0.08645049741468942	-0.03905460490811404	0.034374216667044745	-0.946252102024498	0.1561974759718913	-0.10396818812167972	0.05441741963855518	-0.04526446357490835	0.9999999999999996	-0.19137662076236087	0.07680805423565717	-0.06204371786095248	0.05871504796173645	-0.07678053393983383	0.06528837579598136	-0.06739263032372776	0.05828785062852278	-0.04990866932964897	0.061785079311459025	-0.0666059205333202	0.07938339434860141	-0.06151058125404392	0.044147965803014465	-0.05931865170985113	0.04888859447610642	-0.04542273011435424	0.034946915923802814	-0.04657624475915228	0.02631469983918402	-0.028031948262867975	0.03284725065746214	-0.033270470596608086	0.032256326313004915	-0.025566190602456587	0.023602648969997968	-0.03156539147395221	0.035086356097629105	-0.029157975291336107	0.022347282066821638	-0.017824975684173152	0.030352182551153777	-0.02526816881140392	0.046999653350927775
-0.36997082599735914	0.27093615347174127	-0.21522306783247266	0.09258841040434405	-0.08374868070502658	0.16233834475106207	-0.7304448867027865	0.2095005748102812	-0.14570960834979932	0.11048714948081421	-0.19137662076236087	1.0000000000000018	-0.2835471087503658	0.1676013730372494	-0.14313534326117852	0.10860976814418838	-0.19606908064956952	0.17490771549109085	-0.1500964771297644	0.11124590800511304	-0.0954021459733484	0.15948244308834017	-0.17824555889818577	0.13909138961929907	-0.10082786678950312	0.10969378532980043	-0.09721276518234098	0.0898251206699885	-0.07049007842873328	0.09308779677178708	-0.05052267123558941	0.054144045039561044	-0.06452322708331851	0.0656027108708878	-0.0636753014744345	0.04946812344758656	-0.045850078837791214	0.061606626608623746	-0.06887044280434758	0.057178420944030986	-0.04362033280990096	0.03476868222248934	-0.05939923008772249	0.0494464809407604	-0.09214006737974535
0.17276818006770794	-0.13161230024248458	0.15807739351782685	-0.1354047669582129	0.11598348742952537	-0.07158480788183676	0.17870465698703547	-0.2114189832250362	0.2565663502427212	-0.1966654321546007	0.07680805423565717	-0.2835471087503658	1.0000000000000007	-0.6097115670152622	0.2015036836139909	-0.109112240514778	0.16596840347994302	-0.4842102497676228	0.25127268702054034	-0.16937019857511273	0.09230854203793039	-0.16523440799656877	0.19721290743299227	-0.2240540550020063	0.14470418656741132	-0.11960620908340991	0.10313349385860916	-0.10282299396518506	0.08446998134825935	-0.11324253409509051	0.05523107387831126	-0.059790503255725484	0.07260409822900908	-0.07541452158044516	0.07204057176268211	-0.055271541042855116	0.05096760610981835	-0.06951893978212377	0.07681262792096558	-0.06436610000819624	0.04823728932250086	-0.038624038161993474	0.06590577992554617	-0.05525052176376056	0.10166205726279148
-0.14601037730340966	0.10392774715674079	-0.13120050139954464	0.1489818641423957	-0.1410939398783711	0.056795573887047084	-0.13914908912659119	0.14604321640272241	-0.5722155681225333	0.23616156660557666	-0.06204371786095248	0.1676013730372494	-0.6097115670152622	1.0000000000000009	-0.2658585059474401	0.084315082072208	-0.12289173696886302	0.2403439552175768	-0.23805332705704593	0.15658065089587253	-0.0737459614557868	0.11944520919660444	-0.17346367018983516	0.18145103532563397	-0.14078493318008511	0.0967188873212053	-0.08454318730354275	0.08528967343600662	-0.07175196693170456	0.09581800019689997	-0.04587750279015119	0.049513212198087644	-0.06116806250377002	0.06373614796272002	-0.061455802195665765	0.046222753818455704	-0.04279968526951899	0.058385956848035894	-0.06548616965642087	0.054718198093093265	-0.04095193417017029	0.032707305680257585	-0.05605637589441978	0.04692086171115262	-0.08710117174245112
0.13549550145982148	-0.10067554549589436	0.12617814010475073	-0.24219501160678325	0.20427999755670442	-0.055413474438505146	0.11429894813588488	-0.14834431343183463	0.281650085827682	-0.5950099886742131	0.05871504796173645	-0.14313534326117852	0.2015036836139909	-0.2658585059474401	1.000000000000001	-0.10095103023026902	0.11962628571430928	-0.20158956777400047	0.18930072498656042	-0.4322406668563798	0.08668038874411708	-0.1293621808509026	0.20488437770184356	-0.2590844581691233	0.2345222663101153	-0.12917078662324533	0.10840630265818987	-0.11847329724564597	0.10207629409092747	-0.14361275008021093	0.061739160935105314	-0.06725251367035308	0.08435673521050839	-0.08975402279894752	0.08538052267007246	-0.06392560903037348	0.05876460694229856	-0.08128363783082887	0.09021961564134112	-0.07624595438103315	0.05608593870664165	-0.044992191114970555	0.07695200082539236	-0.06491004094455345	0.11949801781157644
-0.10227191484977179	0.06803220947606378	-0.0697865050853575	0.049035497362462994	-0.04549560263971694	0.06699687234055704	-0.09191548512802815	0.07592092044738076	-0.08388984371846908	0.06634170242965653	-0.07678053393983383	0.10860976814418838	-0.109112240514778	0.084315082072208	-0.10095103023026902	1.0000000000000009	-0.29997339296757153	0.13125892181056667	-0.11993962177359695	0.08546590427046401	-0.8319056165514789	0.2226258926189466	-0.2030033449344839	0.11438308104326192	-0.08562373011677123	0.24448909599448018	-0.2070560355618102	0.1368655482240276	-0.09903956511085404	0.11778584037602598	-0.09811917023404687	0.09556802896712242	-0.10291242533878808	0.09544571318358695	-0.09527961026698928	0.07924290309557948	-0.0755426748065375	0.09378136531550821	-0.10591603614920522	0.08417957408014454	-0.0697296238064575	0.05481738321840338	-0.09332975778699255	0.07521898333298457	-0.13903839031683274
0.125093729364087	-0.08908500211745186	0.08861290956981113	-0.06240496635855854	0.05681204803912737	-0.05984923257069503	0.13304209549781243	-0.09864372139515717	0.10784380217114951	-0.0846457382271961	0.06528837579598136	-0.19606908064956952	0.16596840347994302	-0.12289173696886302	0.11962628571430928	-0.29997339296757153	1.0000000000000027	-0.30426147096792105	0.18227102369263212	-0.10637139324907385	0.20610654689062274	-0.7925137312978449	0.22136954169099618	-0.1562446239565759	0.10371264702445404	-0.1886668720704517	0.17812432068045964	-0.1342920206511692	0.09335542195380493	-0.11796369070810693	0.07598889116032712	-0.08166811694168481	0.0882501518993605	-0.08522227556720609	0.08093418969104083	-0.06755231579060901	0.06269617096307165	-0.08240933576272827	0.08725484427080009	-0.07171215278065023	0.05645084651171524	-0.04521113355707357	0.07614015569849303	-0.06291685887618825	0.11263985145436847
-0.15096461954002627	0.10482055277632718	-0.12240880846662587	0.1010657102513252	-0.09315176510832322	0.061449036781353064	-0.1430338827200402	0.13714366165652794	-0.203713007798952	0.14486229837332992	-0.06739263032372776	0.17490771549109085	-0.4842102497676228	0.2403439552175768	-0.20158956777400047	0.13125892181056667	-0.30426147096792105	1.0000000000000018	-0.6172544617714767	0.16677277347266906	-0.11531876823746635	0.21568409246667924	-0.27137146780819876	0.2658509715379719	-0.17459734251529954	0.1336698313916489	-0.12273194853364121	0.11493045355762926	-0.09563450551673719	0.12290656801817702	-0.062217982263807765	0.06678360254677392	-0.08120666527709662	0.08332423778004605	-0.08024105096369806	0.06085556986195154	-0.05660546614966321	0.07661339392121433	-0.08540136609131505	0.07092205204258212	-0.053619423250610344	0.04279846408938194	-0.07327002611577191	0.06108017061628396	-0.11258258300205064
0.12920854171852966	-0.09199005999587791	0.10576049557390929	-0.10001367655539334	0.088384243411926	-0.054154052603317175	0.11654485191585498	-0.12449628397096196	0.17295392551765953	-0.14423019345221189	0.05828785062852278	-0.1500964771297644	0.25127268702054034	-0.23805332705704593	0.18930072498656042	-0.11993962177359695	0.18227102369263212	-0.6172544617714767	1.0000000000000002	-0.22193624491629657	0.10126580756718169	-0.18987752238967023	0.23775280561815762	-0.5630302118913459	0.21397650219577197	-0.1334696510744067	0.1177027713897931	-0.12120617494227619	0.10837445047869006	-0.13936855611126847	0.06246452945273388	-0.06766827869881296	0.08424046958234109	-0.08912945496876007	0.08391829263649256	-0.06250125145815012	0.05789489201654835	-0.07960480468836623	0.08798815092379274	-0.07373365835843129	0.0546908743458569	-0.04382814362576975	0.07502700386067082	-0.06298053695294137	0.1148195241273056
-0.11776322162040007	0.07950633402322252	-0.09580376754875936	0.1130693862271423	-0.10912752609263289	0.04582118778231592	-0.0955968597137942	0.10450299597132212	-0.19280789451324093	0.18761383781112084	-0.04990866932964897	0.11124590800511304	-0.16937019857511273	0.15658065089587253	-0.4322406668563798	0.08546590427046401	-0.10637139324907385	0.16677277347266906	-0.22193624491629657	0.999999999999999	-0.07662221483706673	0.11090919679304799	-0.22139016545681048	0.27383312041511854	-0.7323980342071695	0.1110104039016205	-0.10153280759567461	0.11056022055795263	-0.11150512761283311	0.14943782704499656	-0.05699596284197055	0.06130776440061107	-0.08189674411075776	0.08777282855387876	-0.08646569929582386	0.05876416225409753	-0.055230177504342455	0.0762228904523531	-0.08925946531873725	0.07408429675467748	-0.05423579236015193	0.043113027282020586	-0.07510612064157343	0.06280484315285441	-0.1179793231436631
0.08621309380620748	-0.058644196194717405	0.0599706008680482	-0.042809059069503386	0.03939849928981587	-0.057974042076125276	0.07730070219543525	-0.06664921618545586	0.07179649407775467	-0.05777914484501832	0.061785079311459025	-0.0954021459733484	0.09230854203793039	-0.0737459614557868	0.08668038874411708	-0.8319056165514789	0.20610654689062274	-0.11531876823746635	0.10126580756718169	-0.07662221483706673	0.9999999999999973	-0.23488297406559555	0.17033188497715565	-0.10286301630773896	0.0755932755705472	-0.3730218802923319	0.19625168146816305	-0.1364931801380683	0.09326197074111267	-0.11371946424611602	0.09894618754295138	-0.09887675240795094	0.09636511416249953	-0.08903411953081228	0.08609302228572552	-0.07787757595402595	0.07204682774244434	-0.08925130232895337	0.09471174340373162	-0.07617177333900224	0.06313599418058097	-0.05027483290732368	0.08383626392385543	-0.0681704284784603	0.12155185450315703
-0.13309505589017046	0.09011688541351404	-0.09208196151665053	0.06462203114862126	-0.05964823958998476	0.0600051016883355	-0.1340089290128148	0.09953879417682411	-0.11353424544226906	0.08786679050966208	-0.0666059205333202	0.15948244308834017	-0.16523440799656877	0.11944520919660444	-0.1293621808509026	0.2226258926189466	-0.7925137312978449	0.21568409246667924	-0.18987752238967023	0.11090919679304799	-0.23488297406559555	0.9999999999999967	-0.3067285945528149	0.15799757702030962	-0.11118867069289379	0.20007609502240833	-0.25387082342286454	0.15227814580925944	-0.10574571241121186	0.1289393400110382	-0.08687350821576836	0.09210446396006222	-0.10104717112403236	0.09561456767360119	-0.09172300809344443	0.07553085064611277	-0.07099343716665728	0.09248380807243144	-0.09910291008353463	0.08075833590117121	-0.06414912336456696	0.051168089919206745	-0.08656908438234312	0.0710947526872644	-0.12791770112741654
0.16875628061268635	-0.1176522592410531	0.1277204093833535	-0.10271086987781938	0.09253011499903879	-0.0746697664597731	0.1407514785004337	-0.150458496284145	0.1635454084122082	-0.13971396097698913	0.07938339434860141	-0.17824555889818577	0.19721290743299227	-0.17346367018983516	0.20488437770184356	-0.2030033449344839	0.22136954169099618	-0.27137146780819876	0.23775280561815762	-0.22139016545681048	0.17033188497715565	-0.3067285945528149	0.9999999999999993	-0.3663379597603561	0.2038220831194673	-0.2726230799490429	0.21825543021970248	-0.2574085515885123	0.18406691237860684	-0.2561014602968948	0.12420328113912153	-0.1371804738127624	0.1665433494465173	-0.17261510795916993	0.16047260680563763	-0.12933020385928265	0.11700283091338266	-0.16356336625680734	0.17191609008542655	-0.14667636854017424	0.10865469070375022	-0.08789751750057999	0.14828580050813578	-0.12574083607268288	0.2266499628877114
-0.14184360344633862	0.09516262538087492	-0.11091996814344864	0.10386976531630164	-0.0980137512513026	0.05629355331932528	-0.1185629741194048	0.1217446401150936	-0.19174965852336812	0.15381117711948952	-0.06151058125404392	0.13909138961929907	-0.2240540550020063	0.18145103532563397	-0.2590844581691233	0.11438308104326192	-0.1562446239565759	0.2658509715379719	-0.5630302118913459	0.27383312041511854	-0.10286301630773896	0.15799757702030962	-0.3663379597603561	0.9999999999999999	-0.48675596583237163	0.1435873415631317	-0.13304171741810367	0.14493717453767063	-0.15824070336186707	0.17767782964708612	-0.07248499268343825	0.07802873979929419	-0.10394633376733108	0.11177913157281111	-0.10706994526090534	0.07385779345206113	-0.06933191685672631	0.09591022056142533	-0.11015845518383346	0.09145236871299312	-0.06706755643019366	0.0534676394862084	-0.09280187156817321	0.0776565615255875	-0.14351699786731864
0.1007371689936383	-0.0695790982524108	0.08192919870345454	-0.09403458820724098	0.08419252505556772	-0.04090802031362457	0.08356422908684687	-0.09292020850660909	0.14374110901575532	-0.1475443407532527	0.044147965803014465	-0.10082786678950312	0.14470418656741132	-0.14078493318008511	0.2345222663101153	-0.08562373011677123	0.10371264702445404	-0.17459734251529954	0.21397650219577197	-0.7323980342071695	0.0755932755705472	-0.11118867069289379	0.2038220831194673	-0.48675596583237163	1.0000000000000016	-0.11418221506117532	0.1040094511231143	-0.12012125740381413	0.1275978215151691	-0.19614644638884038	0.05808237687831472	-0.06291601833429507	0.08508968759281045	-0.09381289255216212	0.08898276953451192	-0.06007708528041346	0.056240639180586624	-0.07882497003932336	0.08992640344753834	-0.07550317590167949	0.05422589955953863	-0.04338063579888081	0.075294955930757	-0.06344945266630157	0.11611541882368133
-0.11601060998943623	0.07498378955764098	-0.08030301089230041	0.05946961887100412	-0.0556617246294632	0.05374794269682311	-0.09509673080881174	0.08689510950819854	-0.10129783988711034	0.08139710874347195	-0.05931865170985113	0.10969378532980043	-0.11960620908340991	0.0967188873212053	-0.12917078662324533	0.24448909599448018	-0.1886668720704517	0.1336698313916489	-0.1334696510744067	0.1110104039016205	-0.3730218802923319	0.20007609502240833	-0.2726230799490429	0.1435873415631317	-0.11418221506117532	1.0000000000000007	-0.6207945164969108	0.26758666950646237	-0.18607721940949337	0.20022201469765297	-0.2737427349383563	0.21973055187910173	-0.20552200590427327	0.17529321836220127	-0.17575025501241565	0.16112117418751876	-0.15575132241537049	0.17790568319074762	-0.19620605616405562	0.15208378045733448	-0.13382121343236913	0.10483643864074896	-0.17581583675549972	0.13890601115361542	-0.2501091098417188
0.09538595934980551	-0.06339021082820903	0.06745881479132697	-0.05099506269643934	0.047221112568882215	-0.0450410966399724	0.08085014000526912	-0.07449863930932815	0.08555181092107962	-0.06987926148288123	0.04888859447610642	-0.09721276518234098	0.10313349385860916	-0.08454318730354275	0.10840630265818987	-0.2070560355618102	0.17812432068045964	-0.12273194853364121	0.1177027713897931	-0.10153280759567461	0.19625168146816305	-0.25387082342286454	0.21825543021970248	-0.13304171741810367	0.1040094511231143	-0.6207945164969108	1.0000000000000004	-0.5123141205458633	0.2120317227909849	-0.24254303524963441	0.1991821678801634	-0.24963644311920521	0.20894511364057183	-0.1799100120124665	0.1574035528196473	-0.15147883208839288	0.1410762859233744	-0.18486266293595638	0.16573797249162112	-0.13458251178250027	0.11102388485222948	-0.09070331720959586	0.1478736742216133	-0.12128274879262507	0.19630824026112365
-0.0958821440641462	0.06235622790277517	-0.06806991481496485	0.05319673101862001	-0.049713394355541084	0.04151024175836677	-0.07722588251783387	0.07438475627315957	-0.09001726614347477	0.07373870722104699	-0.04542273011435424	0.0898251206699885	-0.10282299396518506	0.08528967343600662	-0.11847329724564597	0.1368655482240276	-0.1342920206511692	0.11493045355762926	-0.12120617494227619	0.11056022055795263	-0.1364931801380683	0.15227814580925944	-0.2574085515885123	0.14493717453767063	-0.12012125740381413	0.26758666950646237	-0.5123141205458633	1.000000000000001	-0.47893474556792354	0.2918602814408082	-0.1648662247369519	0.17668742162476728	-0.3927809970697978	0.25130523567428603	-0.2264493779988768	0.15434612880786203	-0.15696473904332042	0.23318229739953308	-0.2272415170407954	0.17698763977343476	-0.13848874320590573	0.11096854227829532	-0.19797752752714687	0.15772545363552326	-0.26130634472898057
0.07497942009403027	-0.04917897017101116	0.05441192252295634	-0.044950633205596495	0.041813313276606055	-0.03207508554192217	0.06018277102880756	-0.059922725534725114	0.07547301654237078	-0.06335752515078168	0.034946915923802814	-0.07049007842873328	0.08446998134825935	-0.07175196693170456	0.10207629409092747	-0.09903956511085404	0.09335542195380493	-0.09563450551673719	0.10837445047869006	-0.11150512761283311	0.09326197074111267	-0.10574571241121186	0.18406691237860684	-0.15824070336186707	0.1275978215151691	-0.18607721940949337	0.2120317227909849	-0.47893474556792354	1.0000000000000002	-0.6989355689468479	0.10939125616092546	-0.12116225323238113	0.21778454073426476	-0.3620986844083793	0.21824388327783345	-0.11451322139050972	0.11090687253012835	-0.17526201184822426	0.18827098030028494	-0.16158058888504423	0.10136140152130806	-0.0827824869866996	0.1470547588607078	-0.1279391889851408	0.20514905158581587
-0.10241492242443336	0.06631397084445452	-0.07384168718571242	0.061174533242721214	-0.05740443701521725	0.042525297033557126	-0.08078771332088217	0.08038263220402202	-0.10373809710573764	0.08663819714981978	-0.04657624475915228	0.09308779677178708	-0.11324253409509051	0.09581800019689997	-0.14361275008021093	0.11778584037602598	-0.11796369070810693	0.12290656801817702	-0.13936855611126847	0.14943782704499656	-0.11371946424611602	0.1289393400110382	-0.2561014602968948	0.17767782964708612	-0.19614644638884038	0.20022201469765297	-0.24254303524963441	0.2918602814408082	-0.6989355689468479	1.0000000000000004	-0.12858796030317785	0.13585204938054415	-0.2323309235132183	0.2658280294965711	-0.27867884658292286	0.1331679080810371	-0.13220271776915798	0.1878724706378357	-0.24265284327456493	0.1964450764898765	-0.13281771744624654	0.10497203486263912	-0.1911372120096302	0.15945827398623616	-0.2950562178884685
0.05306905285716916	-0.03470991477798484	0.03746642872470961	-0.02854465601994527	0.026548789378537822	-0.02417554523962513	0.04300786772453026	-0.04121671922292932	0.047734413638407476	-0.03912448080850976	0.02631469983918402	-0.05052267123558941	0.05523107387831126	-0.04587750279015119	0.061739160935105314	-0.09811917023404687	0.07598889116032712	-0.062217982263807765	0.06246452945273388	-0.05699596284197055	0.09894618754295138	-0.08687350821576836	0.12420328113912153	-0.07248499268343825	0.05808237687831472	-0.2737427349383563	0.1991821678801634	-0.1648662247369519	0.10939125616092546	-0.12858796030317785	0.9999999999999996	-0.8173586752568658	0.1829774987663388	-0.12910551967847375	0.11274175703172791	-0.3614194271029039	0.23754599156386902	-0.183278528524467	0.1288992426673653	-0.0998606563780195	0.12114500393466297	-0.10320358096456883	0.13011632997531852	-0.10255808176808227	0.13955225016991565
-0.05755674246251151	0.037452414952686024	-0.04053275858219353	0.030884298416075328	-0.02879335941023455	0.02566450072074697	-0.046415094759483896	0.04439529355429123	-0.05186553811668836	0.04238159997812194	-0.028031948262867975	0.054144045039561044	-0.059790503255725484	0.049513212198087644	-0.06725251367035308	0.09556802896712242	-0.08166811694168481	0.06678360254677392	-0.06766827869881296	0.06130776440061107	-0.09887675240795094	0.09210446396006222	-0.1371804738127624	0.07802873979929419	-0.06291601833429507	0.21973055187910173	-0.24963644311920521	0.17668742162476728	-0.12116225323238113	0.13585204938054415	-0.8173586752568658	0.9999999999999962	-0.2438391655374977	0.142746447432723	-0.12926379707053345	0.25518275133875923	-0.29381766059909253	0.19488891966908595	-0.1474226567628218	0.1111204361740738	-0.13683087758470822	0.11241797504215523	-0.14841502379312543	0.11346977292357335	-0.15918824074997426
0.06881421390373381	-0.045030076427020685	0.04914509194364791	-0.03848749705228453	0.03576553897787765	-0.030227097518582074	0.05497290270573173	-0.05428802658351488	0.06405645958368832	-0.05310443527778534	0.03284725065746214	-0.06452322708331851	0.07260409822900908	-0.06116806250377002	0.08435673521050839	-0.10291242533878808	0.0882501518993605	-0.08120666527709662	0.08424046958234109	-0.08189674411075776	0.09636511416249953	-0.10104717112403236	0.1665433494465173	-0.10394633376733108	0.08508968759281045	-0.20552200590427327	0.20894511364057183	-0.3927809970697978	0.21778454073426476	-0.2323309235132183	0.1829774987663388	-0.2438391655374977	0.9999999999999977	-0.4070874153506108	0.227054447325497	-0.21974355694189845	0.21513945878068785	-0.6387962497211486	0.22794845878388068	-0.18731057100726578	0.14641176497795327	-0.13026987750552635	0.22079820143247977	-0.18422135861559655	0.21718483506376435
-0.07106092383632329	0.0463227697021848	-0.050888150596886415	0.04036791757181918	-0.03759395613083919	0.03057364744647021	-0.05622293976151644	0.056070575339891744	-0.06738152530012065	0.05596584058895907	-0.033270470596608086	0.0656027108708878	-0.07541452158044516	0.06373614796272002	-0.08975402279894752	0.09544571318358695	-0.08522227556720609	0.08332423778004605	-0.08912945496876007	0.08777282855387876	-0.08903411953081228	0.09561456767360119	-0.17261510795916993	0.11177913157281111	-0.09381289255216212	0.17529321836220127	-0.1799100120124665	0.25130523567428603	-0.3620986844083793	0.2658280294965711	-0.12910551967847375	0.142746447432723	-0.4070874153506108	0.9999999999999948	-0.5990413025255653	0.14699562926647886	-0.14668757000846938	0.2450218698810768	-0.36663293965705906	0.27781985999887476	-0.13697370326360991	0.11369883822492935	-0.21540213665948743	0.19916949360281166	-0.2925213464148371
0.06837536122364267	-0.04486559244440061	0.049189095928925175	-0.03902024386904282	0.03614978532393193	-0.029781533670094718	0.054121582656202635	-0.054678449753544994	0.06431062255295361	-0.053891704352996554	0.032256326313004915	-0.0636753014744345	0.07204057176268211	-0.061455802195665765	0.08538052267007246	-0.09527961026698928	0.08093418969104083	-0.08024105096369806	0.08391829263649256	-0.08646569929582386	0.08609302228572552	-0.09172300809344443	0.16047260680563763	-0.10706994526090534	0.08898276953451192	-0.17575025501241565	0.1574035528196473	-0.2264493779988768	0.21824388327783345	-0.27867884658292286	0.11274175703172791	-0.12926379707053345	0.227054447325497	-0.5990413025255653	0.9999999999999954	-0.13809215705329222	0.1267155320804085	-0.21793309760611485	0.26819881162709336	-0.5768637105361206	0.11598833676873935	-0.0996614842360033	0.17688750642638648	-0.18380234550253463	0.28645640947438633
-0.05367478965231509	0.03482945773665588	-0.037952547519666695	0.029189419009849314	-0.027221381120285472	0.023441919818536515	-0.042525662722590236	0.04165188945038378	-0.048802701945654156	0.04008585933501693	-0.025566190602456587	0.04946812344758656	-0.055271541042855116	0.046222753818455704	-0.06392560903037348	0.07924290309557948	-0.06755231579060901	0.06085556986195154	-0.06250125145815012	0.05876416225409753	-0.07787757595402595	0.07553085064611277	-0.12933020385928265	0.07385779345206113	-0.06007708528041346	0.16112117418751876	-0.15147883208839288	0.15434612880786203	-0.11451322139050972	0.1331679080810371	-0.3614194271029039	0.25518275133875923	-0.21974355694189845	0.14699562926647886	-0.13809215705329222	0.9999999999999946	-0.7669819961300228	0.24646271360166183	-0.17629743227154793	0.1238722742550602	-0.25734982826603553	0.19783668306062996	-0.20332309836318696	0.14422712361988446	-0.17456377591049005
0.04920429781359966	-0.032100948349849355	0.03494281644085206	-0.026982825260053193	0.025094858116127286	-0.02170626663315951	0.039164330551152864	-0.03854117127193021	0.04489242295900023	-0.03704710957484312	0.023602648969997968	-0.045850078837791214	0.05096760610981835	-0.04279968526951899	0.05876460694229856	-0.0755426748065375	0.06269617096307165	-0.05660546614966321	0.05789489201654835	-0.055230177504342455	0.07204682774244434	-0.07099343716665728	0.11700283091338266	-0.06933191685672631	0.056240639180586624	-0.15575132241537049	0.1410762859233744	-0.15696473904332042	0.11090687253012835	-0.13220271776915798	0.23754599156386902	-0.29381766059909253	0.21513945878068785	-0.14668757000846938	0.1267155320804085	-0.7669819961300228	0.999999999999995	-0.3762547446884831	0.158751738331282	-0.11648717742993578	0.212427434195226	-0.24457447600365956	0.19138270668903862	-0.14287771084311884	0.1534393318696132
-0.0668587083911464	0.04345658228133494	-0.04750293219174178	0.0369340598282216	-0.034423587887044776	0.02897244700997141	-0.052893352869433134	0.052231540049772644	-0.06168256204128672	0.05087461166310595	-0.03156539147395221	0.061606626608623746	-0.06951893978212377	0.058385956848035894	-0.08128363783082887	0.09378136531550821	-0.08240933576272827	0.07661339392121433	-0.07960480468836623	0.0762228904523531	-0.08925130232895337	0.09248380807243144	-0.16356336625680734	0.09591022056142533	-0.07882497003932336	0.17790568319074762	-0.18486266293595638	0.23318229739953308	-0.17526201184822426	0.1878724706378357	-0.183278528524467	0.19488891966908595	-0.6387962497211486	0.2450218698810768	-0.21793309760611485	0.24646271360166183	-0.3762547446884831	0.9999999999999959	-0.2839590601760783	0.18316635293771322	-0.2017663894490614	0.1751863701733578	-0.37293963793273244	0.2211724332673059	-0.2389076771638074
0.07397400454971245	-0.04856465493060481	0.05309857620679401	-0.04163160411624108	0.03853775527295307	-0.03244433321379743	0.058440371015005134	-0.05915924571596389	0.06838628123254978	-0.057188652410699856	0.035086356097629105	-0.06887044280434758	0.07681262792096558	-0.06548616965642087	0.09021961564134112	-0.10591603614920522	0.08725484427080009	-0.08540136609131505	0.08798815092379274	-0.08925946531873725	0.09471174340373162	-0.09910291008353463	0.17191609008542655	-0.11015845518383346	0.08992640344753834	-0.19620605616405562	0.16573797249162112	-0.2272415170407954	0.18827098030028494	-0.24265284327456493	0.1288992426673653	-0.1474226567628218	0.22794845878388068	-0.36663293965705906	0.26819881162709336	-0.17629743227154793	0.158751738331282	-0.2839590601760783	0.9999999999999949	-0.4273583124607182	0.1609591137105243	-0.1529149574884326	0.288717532396684	-0.5754194684812962	0.2971703462508569
-0.06211116952762721	0.040568233650978607	-0.04445795449563625	0.0348682884594727	-0.03237144181975527	0.026891730444603863	-0.04881248279695814	0.04929175631291741	-0.05758092112532875	0.04797931660939981	-0.029157975291336107	0.057178420944030986	-0.06436610000819624	0.054718198093093265	-0.07624595438103315	0.08417957408014454	-0.07171215278065023	0.07092205204258212	-0.07373365835843129	0.07408429675467748	-0.07617177333900224	0.08075833590117121	-0.14667636854017424	0.09145236871299312	-0.07550317590167949	0.15208378045733448	-0.13458251178250027	0.17698763977343476	-0.16158058888504423	0.1964450764898765	-0.0998606563780195	0.1111204361740738	-0.18731057100726578	0.27781985999887476	-0.5768637105361206	0.1238722742550602	-0.11648717742993578	0.18316635293771322	-0.4273583124607182	0.9999999999999953	-0.12372258104752099	0.10444000462698169	-0.20376937875455625	0.22034059003579676	-0.5731943311687274
0.04678260069669218	-0.030684285416035226	0.03345631216625836	-0.025982346094837065	0.024066689635363032	-0.02065289563207282	0.03703005795914078	-0.03722709003629872	0.04274316604481029	-0.03559319700530757	0.022347282066821638	-0.04362033280990096	0.04823728932250086	-0.04095193417017029	0.05608593870664165	-0.0697296238064575	0.05645084651171524	-0.053619423250610344	0.0546908743458569	-0.05423579236015193	0.06313599418058097	-0.06414912336456696	0.10865469070375022	-0.06706755643019366	0.05422589955953863	-0.13382121343236913	0.11102388485222948	-0.13848874320590573	0.10136140152130806	-0.13281771744624654	0.12114500393466297	-0.13683087758470822	0.14641176497795327	-0.13697370326360991	0.11598833676873935	-0.25734982826603553	0.212427434195226	-0.2017663894490614	0.1609591137105243	-0.12372258104752099	0.9999999999999953	-0.8456714414884159	0.2512662878847622	-0.211818421379323	0.14853087654230163
-0.037445617785524334	0.024495950007361916	-0.026727178636298997	0.020748718010142803	-0.01924967135888419	0.016444909534220224	-0.029608832492258833	0.029649526544875827	-0.03425400400280745	0.028453571288646146	-0.017824975684173152	0.03476868222248934	-0.038624038161993474	0.032707305680257585	-0.044992191114970555	0.05481738321840338	-0.04521113355707357	0.04279846408938194	-0.04382814362576975	0.043113027282020586	-0.05027483290732368	0.051168089919206745	-0.08789751750057999	0.0534676394862084	-0.04338063579888081	0.10483643864074896	-0.09070331720959586	0.11096854227829532	-0.0827824869866996	0.10497203486263912	-0.10320358096456883	0.11241797504215523	-0.13026987750552635	0.11369883822492935	-0.0996614842360033	0.19783668306062996	-0.24457447600365956	0.1751863701733578	-0.1529149574884326	0.10444000462698169	-0.8456714414884159	0.9999999999999954	-0.3609001778348644	0.1864119130011986	-0.13181294896779933
0.06374167479912876	-0.04182963373306349	0.04566109775153758	-0.035598043944367844	0.032962684775335684	-0.028061425080164185	0.05040700252821535	-0.05084651743823031	0.05851608747455439	-0.0488164512173153	0.030352182551153777	-0.05939923008772249	0.06590577992554617	-0.05605637589441978	0.07695200082539236	-0.09332975778699255	0.07614015569849303	-0.07327002611577191	0.07502700386067082	-0.07510612064157343	0.08383626392385543	-0.08656908438234312	0.14828580050813578	-0.09280187156817321	0.075294955930757	-0.17581583675549972	0.1478736742216133	-0.19797752752714687	0.1470547588607078	-0.1911372120096302	0.13011632997531852	-0.14841502379312543	0.22079820143247977	-0.21540213665948743	0.17688750642638648	-0.20332309836318696	0.19138270668903862	-0.37293963793273244	0.288717532396684	-0.20376937875455625	0.2512662878847622	-0.3609001778348644	0.9999999999999958	-0.6405131909407004	0.22966177563596693
