1.0000000000000002	-0.6691024552131097	0.2934990370485019	-0.14075342953535783	0.0984121738191586	-0.3245980138251167	0.2111976218017823	-0.18154562378399086	0.11193837140439701	-0.08452586192999187	0.22962175353952904	-0.058895634567734355	0.06438177605680155	-0.06189905505187608	0.0651640304975762	-0.12193638481336119	0.05326855167803886	-0.057983609434559394	0.058365110675527146	-0.08409242550223242	0.07135378333213394	-0.10311772496856189	0.06263402899781197	-0.05800817740087954	0.06396286466492039	-0.05855992422562157	0.06470150611360598	-0.06303170239635707	0.05971255472927768	-0.05639180833155565	0.0665569190162949	-0.07386008525536913	0.08766699657764057	-0.06254662117719842	0.09926283085390342
-0.6691024552131097	1.0000000000000002	-0.5511324188596871	0.13826981764846866	-0.08877569963090622	0.16912340839442397	-0.32228742981208147	0.2227218155106538	-0.11901959873050734	0.07710622715005275	-0.1772129176395571	0.044791148827688615	-0.05297309026579517	0.05161165512428861	-0.05534856960320226	0.0783218580726524	-0.041004148297824325	0.045477501855602856	-0.04648520401243111	0.06828613943909789	-0.0473640362956045	0.06756797324980153	-0.04334127223307339	0.0409022834729066	-0.044521850262377205	0.03851755642330605	-0.043228669286144016	0.04265299121188219	-0.040829577084783554	0.03855573020169795	-0.04438210169467157	0.04879603604721225	-0.0586822148744058	0.04206005331187128	-0.06650714543643356
0.2934990370485019	-0.5511324188596871	1.0	-0.25096344032122486	0.13925803139841497	-0.14822135476242906	0.2989808846966933	-0.4269354144037653	0.18861681553594206	-0.12547603683154135	0.14620178599527706	-0.06359318012440238	0.08188929952109777	-0.08163181040700952	0.08779851690858545	-0.1141957939675093	0.05764977480660806	-0.07065461922133025	0.07229349816759768	-0.1101008851566448	0.06821098253482144	-0.1043433879769796	0.06660828912368569	-0.06352727595403923	0.068645687233576	-0.05739527766762981	0.06593246245289766	-0.06594184086199191	0.06298658047023753	-0.05982048167921666	0.06482863766690719	-0.07542928592828939	0.08965670115838627	-0.06508721976925078	0.1023907172576339
-0.14075342953535783	0.13826981764846866	-0.25096344032122486	0.9999999999999994	-0.37573126204137597	0.0723446448934915	-0.26235294648754176	0.23484219054973685	-0.7718726510168684	0.2647489670888529	-0.08072084976197699	0.059220260449577435	-0.13552380264632793	0.14053739844744284	-0.16386693490221726	0.06609742053064091	-0.055970514207092904	0.09629125267867937	-0.11040026321359626	0.16526790924032925	-0.04277214729012039	0.06809820532545385	-0.05807158142790927	0.06129159555664459	-0.06170073637092822	0.03640892949235493	-0.04655217231920523	0.05133553693672657	-0.051526072469037114	0.04912731756974297	-0.041884540540921125	0.051231243312824096	-0.06302524840008197	0.048384157198068906	-0.0730174153123568
0.0984121738191586	-0.08877569963090622	0.13925803139841497	-0.37573126204137597	0.9999999999999998	-0.05255313324287458	0.13423940017482736	-0.13529106814521943	0.2680216879982349	-0.7513983164960282	0.060099711951046644	-0.06749682725172912	0.15005944068802912	-0.17635861173003808	0.2614232651929195	-0.07140575093806759	0.062255002910578776	-0.1252965152539555	0.13393652832219097	-0.3587020694672849	0.04652760127183647	-0.07763250388012628	0.06766522642659073	-0.0744651215370547	0.07229056241630497	-0.040236445008529666	0.052853468338264153	-0.06013897781215962	0.059717735034828794	-0.05813970623699485	0.04567739285975632	-0.058448281588172724	0.07020542377193237	-0.05555068069598284	0.0810200096225822
-0.3245980138251167	0.16912340839442397	-0.14822135476242906	0.0723446448934915	-0.05255313324287458	0.9999999999999992	-0.1419210821786725	0.1018351534709263	-0.06079580687305171	0.04486120965110233	-0.887694208680733	0.048912087202045706	-0.03955518181582131	0.03621977062712416	-0.03632486776780452	0.1035809939314642	-0.04541589610677896	0.036255167217865814	-0.035852756395810016	0.04600067350934441	-0.06409602563880511	0.06879208920774088	-0.04213501051111241	0.037378729860099894	-0.04229118201001175	0.04528299451514558	-0.04540784948950685	0.04173142824659811	-0.03968411335598137	0.03665804133153709	-0.05539224597026944	0.04927597073099735	-0.06089853582237065	0.041267252314782135	-0.06668870948357625
0.2111976218017823	-0.32228742981208147	0.2989808846966933	-0.26235294648754176	0.13423940017482736	-0.1419210821786725	0.9999999999999988	-0.7681503833724884	0.21779068865436838	-0.13242499707032235	0.1294684670980735	-0.06519953717458421	0.07818134233402045	-0.07951866412062311	0.08509647194686541	-0.0843425292932914	0.057529400188792545	-0.06547758293207387	0.06688935380526044	-0.10357783544946944	0.05145688498238381	-0.07831187171298237	0.05253721731843439	-0.051372823890357536	0.054324342989790816	-0.04282703697040404	0.050059012164807036	-0.05069843368467751	0.048807726246951656	-0.046361730711836496	0.048775268629135615	-0.0563596804650531	0.06737140454390611	-0.04931460914756841	0.07671237828796006
-0.18154562378399086	0.2227218155106538	-0.4269354144037653	0.23484219054973685	-0.13529106814521943	0.1018351534709263	-0.7681503833724884	0.9999999999999998	-0.3188181874192808	0.12881594111559594	-0.10491104690501654	0.050676232496696685	-0.0736640134227457	0.07516085827911287	-0.08138934874125922	0.06367312867102792	-0.0466188390443302	0.057838735646753035	-0.06099269409406061	0.09213381274426585	-0.039495425709377974	0.05990733712894622	-0.042495889987012696	0.0422955990086888	-0.04419909473057551	0.032831986270463014	-0.03897247110531338	0.040110189852519164	-0.039018449952679765	0.03704744795041002	-0.037638689556583595	0.04354709049037383	-0.05256013780300706	0.03875596461715058	-0.06000651761553573
0.11193837140439701	-0.11901959873050734	0.18861681553594206	-0.7718726510168684	0.2680216879982349	-0.06079580687305171	0.21779068865436838	-0.3188181874192808	0.9999999999999992	-0.3770948438447892	0.06591608426913828	-0.054258328264236225	0.12463430619407337	-0.15978194238651663	0.16163637752826887	-0.058906096401201154	0.05045133588569171	-0.09297271242827282	0.10444429357883579	-0.17081172279144657	0.03792565433125316	-0.061149465760017174	0.05200592731034791	-0.05618007442591993	0.05503414980000543	-0.03234779109335587	0.04144347863794565	-0.04603297873101799	0.045910709793360274	-0.04398935047359987	0.03696900066056653	-0.045686287166592204	0.05545844696580405	-0.04296139314996702	0.06397330091600203
-0.08452586192999187	0.07710622715005275	-0.12547603683154135	0.2647489670888529	-0.7513983164960282	0.04486120965110233	-0.13242499707032235	0.12881594111559594	-0.3770948438447892	0.999999999999999	-0.051230312156995625	0.05798287178039267	-0.15142845509515873	0.17032688727183595	-0.38417204331036303	0.05708967533305042	-0.05464963508886399	0.1103791386360366	-0.12798049639445602	0.26263384996263933	-0.037747441875531695	0.06258154950916599	-0.058210951470586046	0.06415555511099219	-0.062349946389865095	0.03258935438840949	-0.04353608608244182	0.05004038519171702	-0.050620357523291165	0.04867805053662008	-0.03728357921851023	0.04757129163278084	-0.05822091125106978	0.04608868588734243	-0.06761518779749981
0.22962175353952904	-0.1772129176395571	0.14620178599527706	-0.08072084976197699	0.060099711951046644	-0.887694208680733	0.1294684670980735	-0.10491104690501654	0.06591608426913828	-0.051230312156995625	0.9999999999999978	-0.060930634352172615	0.046524076106775454	-0.04258829202363155	0.04240911030922476	-0.14313740125420174	0.05411310262325638	-0.043384142209677644	0.0425411786775757	-0.054545337416053594	0.0782047807539647	-0.08738469274185605	0.05115513141719627	-0.04542675998029876	0.05115798677876674	-0.05632766864652319	0.055841276727156094	-0.051255105566812405	0.048235844002779776	-0.04467580221408005	0.06659431600728456	-0.06115039406081818	0.07371894378910523	-0.05033510323784921	0.08064473391168392
-0.058895634567734355	0.044791148827688615	-0.06359318012440238	0.059220260449577435	-0.06749682725172912	0.048912087202045706	-0.06519953717458421	0.050676232496696685	-0.054258328264236225	0.05798287178039267	-0.060930634352172615	0.9999999999999979	-0.19954271602633186	0.11851074677473679	-0.08117498081341272	0.1080095258848007	-0.9211452977686798	0.1787824103034102	-0.14453627905942834	0.097560442962645	-0.09012304042948632	0.15136067348669577	-0.0926357807541183	0.08641480226455461	-0.0909937966604033	0.06650888437489935	-0.0938687701000618	0.08210775717874638	-0.07944514825294301	0.0716458468714507	-0.08139317236602883	0.08553641223600868	-0.10845851758340998	0.07442138401870169	-0.11563456680736531
0.06438177605680155	-0.05297309026579517	0.08188929952109777	-0.13552380264632793	0.15005944068802912	-0.03955518181582131	0.07818134233402045	-0.0736640134227457	0.12463430619407337	-0.15142845509515873	0.046524076106775454	-0.19954271602633186	0.9999999999999956	-0.6221689988732986	0.23757368449072727	-0.08471330489021028	0.16357567658453814	-0.5676766411970704	0.31931636729447344	-0.31371490223446163	0.05969017265462392	-0.10541975243446843	0.10628340078658376	-0.12943202685080019	0.11061378738056969	-0.050861644541941	0.07257098422972502	-0.08672207228931426	0.08741273473855761	-0.08398513780650224	0.05812479286580016	-0.07604910167547287	0.09098240008782209	-0.07489243297143308	0.10334535674830175
-0.06189905505187608	0.05161165512428861	-0.08163181040700952	0.14053739844744284	-0.17635861173003808	0.03621977062712416	-0.07951866412062311	0.07516085827911287	-0.15978194238651663	0.17032688727183595	-0.04258829202363155	0.11851074677473679	-0.6221689988732986	0.9999999999999982	-0.41993168345735676	0.07408016733155541	-0.11491195093541398	0.3011627872171444	-0.49776547188900616	0.2839993239481617	-0.052253654302988964	0.09095772129843398	-0.11153953510872702	0.13556537385882403	-0.11718850074522019	0.0453762754192648	-0.06688521586338506	0.08369224602713429	-0.0885379311415317	0.08279376619642503	-0.052035907880180685	0.06982174512049996	-0.0858469739031098	0.07192321486798497	-0.09954845109221805
0.0651640304975762	-0.05534856960320226	0.08779851690858545	-0.16386693490221726	0.2614232651929195	-0.03632486776780452	0.08509647194686541	-0.08138934874125922	0.16163637752826887	-0.38417204331036303	0.04240911030922476	-0.08117498081341272	0.23757368449072727	-0.41993168345735676	0.9999999999999964	-0.06419489587804884	0.07590189776492416	-0.18551390479557792	0.21509997028220734	-0.7262484054636529	0.043814393321862925	-0.07537413100089639	0.07895348243520138	-0.0937495835016676	0.08524526159984123	-0.03815304376991808	0.053706107655222664	-0.06504638789984381	0.06651483751394667	-0.06448263577564178	0.04353403645759772	-0.05769889088930212	0.07022237690168115	-0.05780112108481962	0.08152178831286634
-0.12193638481336119	0.0783218580726524	-0.1141957939675093	0.06609742053064091	-0.07140575093806759	0.1035809939314642	-0.0843425292932914	0.06367312867102792	-0.058906096401201154	0.05708967533305042	-0.14313740125420174	0.1080095258848007	-0.08471330489021028	0.07408016733155541	-0.06419489587804884	0.9999999999999968	-0.11477661006261812	0.08759353125171314	-0.08819192985407454	0.08244734333028893	-0.6698067829285798	0.29576531966008207	-0.17898484315314037	0.1396665914479654	-0.17105498732810245	0.2808216115271653	-0.22270599419539186	0.17552916785566433	-0.16636480699645606	0.14638599353289686	-0.38191938865152625	0.2174492221698074	-0.28615835275134555	0.17361879985158085	-0.2916527044837188
0.05326855167803886	-0.041004148297824325	0.05764977480660806	-0.055970514207092904	0.062255002910578776	-0.04541589610677896	0.057529400188792545	-0.0466188390443302	0.05045133588569171	-0.05464963508886399	0.05411310262325638	-0.9211452977686798	0.16357567658453814	-0.11491195093541398	0.07590189776492416	-0.11477661006261812	0.9999999999999949	-0.21684561208405514	0.13541900135892093	-0.09599612232619455	0.09005245422285404	-0.17994558828294782	0.08608064466766417	-0.08200840952154266	0.08304890625543064	-0.06567956549312935	0.09077046680998428	-0.0786105743312414	0.07328972107353822	-0.06653482682292294	0.07760648450643036	-0.08321882543593899	0.09908418176625042	-0.06875290896635666	0.10384582771176758
-0.057983609434559394	0.045477501855602856	-0.07065461922133025	0.09629125267867937	-0.1252965152539555	0.036255167217865814	-0.06547758293207387	0.057838735646753035	-0.09297271242827282	0.1103791386360366	-0.043384142209677644	0.1787824103034102	-0.5676766411970704	0.3011627872171444	-0.18551390479557792	0.08759353125171314	-0.21684561208405514	0.9999999999999966	-0.6666095071574069	0.20691995756857456	-0.0639413741093529	0.1122003591928946	-0.1414792935098097	0.16839880156068954	-0.14654258021850583	0.054669783340519446	-0.08241780863006155	0.10247319248174075	-0.10965253838616926	0.10080334271878051	-0.06315296553560415	0.08393958335601448	-0.10392681614699337	0.08688356603551248	-0.11981868940513918
0.058365110675527146	-0.04648520401243111	0.07229349816759768	-0.11040026321359626	0.13393652832219097	-0.035852756395810016	0.06688935380526044	-0.06099269409406061	0.10444429357883579	-0.12798049639445602	0.0425411786775757	-0.14453627905942834	0.31931636729447344	-0.49776547188900616	0.21509997028220734	-0.08819192985407454	0.13541900135892093	-0.6666095071574069	0.9999999999999968	-0.2975738007887403	0.06254596052115033	-0.11229463753782687	0.15171083953771075	-0.25845628250749203	0.15494678277202054	-0.054827430802495705	0.08349619082474882	-0.11274012809831237	0.11662568405696241	-0.11137079514995506	0.0620784470573178	-0.086904170179857	0.10346454096424393	-0.09157758090148563	0.11858336741494124
-0.08409242550223242	0.06828613943909789	-0.1101008851566448	0.16526790924032925	-0.3587020694672849	0.04600067350934441	-0.10357783544946944	0.09213381274426585	-0.17081172279144657	0.26263384996263933	-0.054545337416053594	0.097560442962645	-0.31371490223446163	0.2839993239481617	-0.7262484054636529	0.08244734333028893	-0.09599612232619455	0.20691995756857456	-0.2975738007887403	0.9999999999999933	-0.05698044692385091	0.09691726425557176	-0.10759838726338755	0.12120560223102783	-0.11933508652635112	0.0498656635205055	-0.07120874981117113	0.08606296905069821	-0.09071480707923339	0.08649040474683628	-0.057475178668223714	0.07600163111437666	-0.09561429164197999	0.0778522754434513	-0.11296917037821647
0.07135378333213394	-0.0473640362956045	0.06821098253482144	-0.04277214729012039	0.04652760127183647	-0.06409602563880511	0.05145688498238381	-0.039495425709377974	0.03792565433125316	-0.037747441875531695	0.0782047807539647	-0.09012304042948632	0.05969017265462392	-0.052253654302988964	0.043814393321862925	-0.6698067829285798	0.09005245422285404	-0.0639413741093529	0.06254596052115033	-0.05698044692385091	0.9999999999999946	-0.4374403715068796	0.13136645008783507	-0.10123872403975265	0.11608321451753986	-0.4724902409504002	0.1994035296358157	-0.14137516247948506	0.11637545404091194	-0.10185469135581532	0.2942401983893265	-0.19003304019450426	0.1887268766098538	-0.1187112220943415	0.1794478159268207
-0.10311772496856189	0.06756797324980153	-0.1043433879769796	0.06809820532545385	-0.07763250388012628	0.06879208920774088	-0.07831187171298237	0.05990733712894622	-0.061149465760017174	0.06258154950916599	-0.08738469274185605	0.15136067348669577	-0.10541975243446843	0.09095772129843398	-0.07537413100089639	0.29576531966008207	-0.17994558828294782	0.1122003591928946	-0.11229463753782687	0.09691726425557176	-0.4374403715068796	0.9999999999999929	-0.271272525207684	0.18756349601576866	-0.22194225323966532	0.24160409666210894	-0.4870055713867246	0.25688825072254107	-0.2201439588429739	0.1858190998428211	-0.293680827507175	0.29165392999852235	-0.35282367296149536	0.21347765296750723	-0.3367232335003534
0.06263402899781197	-0.04334127223307339	0.06660828912368569	-0.05807158142790927	0.06766522642659073	-0.04213501051111241	0.05253721731843439	-0.042495889987012696	0.05200592731034791	-0.058210951470586046	0.05115513141719627	-0.0926357807541183	0.10628340078658376	-0.11153953510872702	0.07895348243520138	-0.17898484315314037	0.08608064466766417	-0.1414792935098097	0.15171083953771075	-0.10759838726338755	0.13136645008783507	-0.271272525207684	0.999999999999992	-0.5798280506829993	0.26939496657297735	-0.12391572584947083	0.23229521594817706	-0.5859833689876967	0.2602224826758021	-0.25353123639721975	0.13181904259846594	-0.22895847066739733	0.21902375849039762	-0.20276813292502616	0.21752879197198421
-0.05800817740087954	0.0409022834729066	-0.06352727595403923	0.06129159555664459	-0.0744651215370547	0.037378729860099894	-0.051372823890357536	0.0422955990086888	-0.05618007442591993	0.06415555511099219	-0.04542675998029876	0.08641480226455461	-0.12943202685080019	0.13556537385882403	-0.0937495835016676	0.1396665914479654	-0.08200840952154266	0.16839880156068954	-0.25845628250749203	0.12120560223102783	-0.10123872403975265	0.18756349601576866	-0.5798280506829993	0.9999999999999916	-0.5468781169815851	0.09403049487946091	-0.16868233595149384	0.2715716281914794	-0.34379963012443543	0.2753327336415686	-0.10472215488577566	0.16639522111127847	-0.20117472452347054	0.19701773700823136	-0.23390127837423652
0.06396286466492039	-0.044521850262377205	0.068645687233576	-0.06170073637092822	0.07229056241630497	-0.04229118201001175	0.054324342989790816	-0.04419909473057551	0.05503414980000543	-0.062349946389865095	0.05115798677876674	-0.0909937966604033	0.11061378738056969	-0.11718850074522019	0.08524526159984123	-0.17105498732810245	0.08304890625543064	-0.14654258021850583	0.15494678277202054	-0.11933508652635112	0.11608321451753986	-0.22194225323966532	0.26939496657297735	-0.5468781169815851	0.999999999999991	-0.10754004115829584	0.17048659341891942	-0.27463412274700555	0.2913599944405306	-0.621076125129605	0.11536789847806443	-0.18875867130494567	0.20161139216065038	-0.22404813701225373	0.24375950993352757
-0.05855992422562157	0.03851755642330605	-0.05739527766762981	0.03640892949235493	-0.040236445008529666	0.04528299451514558	-0.04282703697040404	0.032831986270463014	-0.03234779109335587	0.03258935438840949	-0.05632766864652319	0.06650888437489935	-0.050861644541941	0.0453762754192648	-0.03815304376991808	0.2808216115271653	-0.06567956549312935	0.054669783340519446	-0.054827430802495705	0.0498656635205055	-0.4724902409504002	0.24160409666210894	-0.12391572584947083	0.09403049487946091	-0.10754004115829584	0.9999999999999921	-0.23313111514821486	0.13844613054327967	-0.11103136848500145	0.09543705728651741	-0.7697488214073548	0.20820000587930432	-0.18663971351251704	0.11287212272722491	-0.16311430691565895
0.06470150611360598	-0.043228669286144016	0.06593246245289766	-0.04655217231920523	0.052853468338264153	-0.04540784948950685	0.050059012164807036	-0.03897247110531338	0.04144347863794565	-0.04353608608244182	0.055841276727156094	-0.0938687701000618	0.07257098422972502	-0.06688521586338506	0.053706107655222664	-0.22270599419539186	0.09077046680998428	-0.08241780863006155	0.08349619082474882	-0.07120874981117113	0.1994035296358157	-0.4870055713867246	0.23229521594817706	-0.16868233595149384	0.17048659341891942	-0.23313111514821486	0.999999999999991	-0.4516893664134582	0.19598404289899932	-0.16016524130314028	0.21899601353268308	-0.5996060032705465	0.28249791388143364	-0.18512796694519734	0.2194063378095726
-0.06303170239635707	0.04265299121188219	-0.06594184086199191	0.05133553693672657	-0.06013897781215962	0.04173142824659811	-0.05069843368467751	0.040110189852519164	-0.04603297873101799	0.05004038519171702	-0.051255105566812405	0.08210775717874638	-0.08672207228931426	0.08369224602713429	-0.06504638789984381	0.17552916785566433	-0.0786105743312414	0.10247319248174075	-0.11274012809831237	0.08606296905069821	-0.14137516247948506	0.25688825072254107	-0.5859833689876967	0.2715716281914794	-0.27463412274700555	0.13844613054327967	-0.4516893664134582	0.9999999999999917	-0.3994921026381615	0.23576118863573006	-0.1560417189475048	0.26247567046000614	-0.30971986035841487	0.23076790003028566	-0.2635616629746381
0.05971255472927768	-0.040829577084783554	0.06298658047023753	-0.051526072469037114	0.059717735034828794	-0.03968411335598137	0.048807726246951656	-0.039018449952679765	0.045910709793360274	-0.050620357523291165	0.048235844002779776	-0.07944514825294301	0.08741273473855761	-0.0885379311415317	0.06651483751394667	-0.16636480699645606	0.07328972107353822	-0.10965253838616926	0.11662568405696241	-0.09071480707923339	0.11637545404091194	-0.2201439588429739	0.2602224826758021	-0.34379963012443543	0.2913599944405306	-0.11103136848500145	0.19598404289899932	-0.3994921026381615	0.999999999999993	-0.548709067213914	0.1200134810388731	-0.2142456869337755	0.25519785712308796	-0.49943753989629236	0.2981804260425581
-0.05639180833155565	0.03855573020169795	-0.05982048167921666	0.04912731756974297	-0.05813970623699485	0.03665804133153709	-0.046361730711836496	0.03704744795041002	-0.04398935047359987	0.04867805053662008	-0.04467580221408005	0.0716458468714507	-0.08398513780650224	0.08279376619642503	-0.06448263577564178	0.14638599353289686	-0.06653482682292294	0.10080334271878051	-0.11137079514995506	0.08649040474683628	-0.10185469135581532	0.1858190998428211	-0.25353123639721975	0.2753327336415686	-0.621076125129605	0.09543705728651741	-0.16016524130314028	0.23576118863573006	-0.548709067213914	0.9999999999999925	-0.1059680194742014	0.1720254101270201	-0.22731320683702955	0.2615654984354606	-0.37537140753782033
0.0665569190162949	-0.04438210169467157	0.06482863766690719	-0.041884540540921125	0.04567739285975632	-0.05539224597026944	0.048775268629135615	-0.037638689556583595	0.03696900066056653	-0.03728357921851023	0.06659431600728456	-0.08139317236602883	0.05812479286580016	-0.052035907880180685	0.04353403645759772	-0.38191938865152625	0.07760648450643036	-0.06315296553560415	0.0620784470573178	-0.057475178668223714	0.2942401983893265	-0.293680827507175	0.13181904259846594	-0.10472215488577566	0.11536789847806443	-0.7697488214073548	0.21899601353268308	-0.1560417189475048	0.1200134810388731	-0.1059680194742014	0.9999999999999922	-0.301532385960802	0.19895603520327126	-0.1260516772851131	0.17048314767595713
-0.07386008525536913	0.04879603604721225	-0.07542928592828939	0.051231243312824096	-0.058448281588172724	0.04927597073099735	-0.0563596804650531	0.04354709049037383	-0.045686287166592204	0.04757129163278084	-0.06115039406081818	0.08553641223600868	-0.07604910167547287	0.06982174512049996	-0.05769889088930212	0.2174492221698074	-0.08321882543593899	0.08393958335601448	-0.086904170179857	0.07600163111437666	-0.19003304019450426	0.29165392999852235	-0.22895847066739733	0.16639522111127847	-0.18875867130494567	0.20820000587930432	-0.5996060032705465	0.26247567046000614	-0.2142456869337755	0.1720254101270201	-0.301532385960802	0.9999999999999928	-0.5421166935552292	0.22733171417257583	-0.28538334106806074
0.08766699657764057	-0.0586822148744058	0.08965670115838627	-0.06302524840008197	0.07020542377193237	-0.06089853582237065	0.06737140454390611	-0.05256013780300706	0.05545844696580405	-0.05822091125106978	0.07371894378910523	-0.10845851758340998	0.09098240008782209	-0.0858469739031098	0.07022237690168115	-0.28615835275134555	0.09908418176625042	-0.10392681614699337	0.10346454096424393	-0.09561429164197999	0.1887268766098538	-0.35282367296149536	0.21902375849039762	-0.20117472452347054	0.20161139216065038	-0.18663971351251704	0.28249791388143364	-0.30971986035841487	0.25519785712308796	-0.22731320683702955	0.19895603520327126	-0.5421166935552292	0.9999999999999936	-0.4906793756136637	0.3044446583946173
-0.06254662117719842	0.04206005331187128	-0.06508721976925078	0.048384157198068906	-0.05555068069598284	0.041267252314782135	-0.04931460914756841	0.03875596461715058	-0.04296139314996702	0.04608868588734243	-0.05033510323784921	0.07442138401870169	-0.07489243297143308	0.07192321486798497	-0.05780112108481962	0.17361879985158085	-0.06875290896635666	0.08688356603551248	-0.09157758090148563	0.0778522754434513	-0.1187112220943415	0.21347765296750723	-0.20276813292502616	0.19701773700823136	-0.22404813701225373	0.11287212272722491	-0.18512796694519734	0.23076790003028566	-0.49943753989629236	0.2615654984354606	-0.1260516772851131	0.22733171417257583	-0.4906793756136637	0.9999999999999934	-0.5991950381954205
0.09926283085390342	-0.06650714543643356	0.1023907172576339	-0.0730174153123568	0.0810200096225822	-0.06668870948357625	0.07671237828796006	-0.06000651761553573	0.06397330091600203	-0.06761518779749981	0.08064473391168392	-0.11563456680736531	0.10334535674830175	-0.09954845109221805	0.08152178831286634	-0.2916527044837188	0.10384582771176758	-0.11981868940513918	0.11858336741494124	-0.11296917037821647	0.1794478159268207	-0.3367232335003534	0.21752879197198421	-0.23390127837423652	0.24375950993352757	-0.16311430691565895	0.2194063378095726	-0.2635616629746381	0.2981804260425581	-0.37537140753782033	0.17048314767595713	-0.28538334106806074	0.3044446583946173	-0.5991950381954205	0.9999999999999937
