1.0000000000000002	-0.7759631183166802	0.24506875958241314	-0.1911603599412655	0.08293318276816472	-0.43083985069303543	0.22843680113264922	-0.19254487507179832	0.1615728714748656	-0.07389907228149921	0.13990118000970578	-0.15963154924008233	0.12373077148091809	-0.11600475105096851	0.12361090304004889	-0.1277676208405734	0.14110759740726092	-0.11790899351839594	0.09368268542676182	-0.0847380461356358	0.09555038087563043	-0.08884799930177383	0.10292770672661838	-0.08700029162341101	0.07341152458180716	-0.09747206796840022	0.09903091533336791	-0.08721907379864866	0.07961118860962568	-0.15957879805210518
-0.7759631183166802	1.0	-0.4209289231087646	0.19886402329451058	-0.09070892457603921	0.2524793681952182	-0.24482703310777226	0.18365502609549186	-0.18583605800530306	0.07856563235231184	-0.12884167562126417	0.1497813012234979	-0.1240196907128169	0.1134495404799471	-0.12672300704482575	0.11044403910402543	-0.14230706284215672	0.11287344342537582	-0.09267972380840218	0.08277943893302055	-0.09396112500824566	0.08716427813639331	-0.1025296507067084	0.08387820784735943	-0.0722714855946309	0.09212786465493822	-0.09922228559386383	0.08452548156459284	-0.07743513761781877	0.14766725617537674
0.24506875958241314	-0.4209289231087646	1.0000000000000002	-0.6269238532234931	0.1529614728518744	-0.23163723458314164	0.2014170427630105	-0.36002407127590674	0.29839468279607945	-0.13955645435730246	0.12561550396648366	-0.18158791964595955	0.18759053827777097	-0.1832093178197068	0.18776052751104644	-0.12337736058670093	0.1608356620930088	-0.17589076762387712	0.13928368649293682	-0.12931401358729613	0.12004359183393054	-0.11187682034654393	0.13821545968451218	-0.12946705951807183	0.1093022367214695	-0.1275402743159218	0.12714132608181156	-0.12173787279189421	0.1153876638559407	-0.24594621060277594
-0.1911603599412655	0.19886402329451058	-0.6269238532234931	0.9999999999999998	-0.24972822799970426	0.15979309014676119	-0.16244238990703852	0.2459420122497022	-0.598084845605424	0.1904615001434207	-0.10020118022191933	0.14315064653314782	-0.16139599669197888	0.1645943081780992	-0.19145586645572457	0.09536825387491739	-0.13500517044418384	0.146082962176014	-0.12461027617884297	0.11615044962510795	-0.09998615323546999	0.09323624444411635	-0.11811803674154549	0.11056232592284625	-0.09764270939322411	0.10239822592553609	-0.10799431098683734	0.1016777257847605	-0.09812743701588394	0.1945950454014829
0.08293318276816472	-0.09070892457603921	0.1529614728518744	-0.24972822799970426	1.0000000000000009	-0.10006406335509851	0.09952183196807238	-0.16999115655865077	0.23168495202481487	-0.8761901619032233	0.06779154820888571	-0.10576608456175901	0.1184874257837747	-0.1452901210580962	0.21888645016414668	-0.06797809656427001	0.09813342028494189	-0.1295864175029854	0.10755859722641214	-0.13465059665983586	0.07937962099564283	-0.07512669922627804	0.09922925022141396	-0.11503926686302303	0.09862797372487103	-0.08539868965532936	0.08725728913508966	-0.09264540035750143	0.09286763830934282	-0.19715674519237814
-0.43083985069303543	0.2524793681952182	-0.23163723458314164	0.15979309014676119	-0.10006406335509851	1.0000000000000009	-0.6255930370878634	0.2242365061383315	-0.19957182747621544	0.08660944343368972	-0.34844536356209044	0.26227592380623577	-0.17345676420400616	0.1476808277228996	-0.16517577944577802	0.22557595517657997	-0.25452974127578604	0.15294971780305835	-0.12639604127954684	0.1077563921091286	-0.14820723812301131	0.137571052820328	-0.15188471395131514	0.11132851253856231	-0.09591752834667461	0.13777423558186963	-0.153670370917337	0.11985397695001047	-0.1053542870038451	0.18485883904257933
0.22843680113264922	-0.24482703310777226	0.2014170427630105	-0.16244238990703852	0.09952183196807238	-0.6255930370878634	1.0000000000000007	-0.33995918650676665	0.19436317427404698	-0.08848043489558167	0.21822892214749484	-0.49320931054589195	0.2157295816770607	-0.17835979326968673	0.17429645534301358	-0.21448409000636903	0.2551747659901157	-0.17926314208361765	0.14208446386523216	-0.11912391779144813	0.14222817819717795	-0.1454624040090889	0.15456726717156546	-0.1221138670843399	0.10355632907581531	-0.144744582403905	0.1524445031441274	-0.12799068321807647	0.1124947370754326	-0.20849018055247587
-0.19254487507179832	0.18365502609549186	-0.36002407127590674	0.2459420122497022	-0.16999115655865077	0.2242365061383315	-0.33995918650676665	0.9999999999999998	-0.41908937384185585	0.14970093288255545	-0.15768087988856502	0.25715395437002736	-0.550143738257434	0.27885563318158835	-0.28892029308115624	0.14643315490569142	-0.23430732103369967	0.23370108355020222	-0.21841685308364425	0.1658130104859198	-0.15061576618433847	0.1467337037819271	-0.18532759832908788	0.1552892971802728	-0.14520854987798837	0.14566918477607121	-0.16987186148903077	0.14836605380427897	-0.1424664649729026	0.24301843783703247
0.1615728714748656	-0.18583605800530306	0.29839468279607945	-0.598084845605424	0.23168495202481487	-0.19957182747621544	0.19436317427404698	-0.41908937384185585	0.9999999999999984	-0.2840832962088327	0.12628844170804857	-0.1988408713142635	0.23184530985514312	-0.27969976067277574	0.24672000123701981	-0.12665227326548628	0.17702774597448584	-0.2261678379295863	0.18253215853811872	-0.16961624130877276	0.13638402969547042	-0.1283107705497694	0.1635283443919105	-0.16340686745623959	0.13842058168482094	-0.14664800841041292	0.14683303335473719	-0.1467591305592339	0.14174551749808176	-0.3045736801325657
-0.07389907228149921	0.07856563235231184	-0.13955645435730246	0.1904615001434207	-0.8761901619032233	0.08660944343368972	-0.08848043489558167	0.14970093288255545	-0.2840832962088327	0.9999999999999989	-0.059606616684828057	0.09291080302716787	-0.11016976446489213	0.13568622490194784	-0.286977096737681	0.0592439731521531	-0.08708199138985144	0.11430603995558006	-0.09944039599078107	0.12239195941296602	-0.06885508984522663	0.06565460597025992	-0.08722693162748318	0.09953880695474684	-0.09140744998163473	0.07290692585768951	-0.07649219355496895	0.07992102452223465	-0.08111593770884562	0.16268501448848754
0.13990118000970578	-0.12884167562126417	0.12561550396648366	-0.10020118022191933	0.06779154820888571	-0.34844536356209044	0.21822892214749484	-0.15768087988856502	0.12628844170804857	-0.059606616684828057	0.999999999999997	-0.2698569725277998	0.13220196277265228	-0.11843635606303789	0.12387845292009804	-0.8129009103607959	0.25100358895566405	-0.13422748358004372	0.1025396449115463	-0.08787041795002938	0.15938735120300526	-0.13672090343030774	0.12997723826596375	-0.0945668529709008	0.07779618462429796	-0.16005127733726163	0.13467133089904765	-0.10738848691151334	0.08910250353456851	-0.16158847525541603
-0.15963154924008233	0.1497813012234979	-0.18158791964595955	0.14315064653314782	-0.10576608456175901	0.26227592380623577	-0.49320931054589195	0.25715395437002736	-0.1988408713142635	0.09291080302716787	-0.2698569725277998	0.999999999999997	-0.3454153052689479	0.2083636176236699	-0.20505579436621382	0.2289397155631983	-0.5826350692360348	0.21248079486221425	-0.178701653156787	0.1344403438208381	-0.1715735841866706	0.20630233624617003	-0.20568699623991765	0.1379361524979997	-0.11921047380662626	0.16127408155480394	-0.2162750633679301	0.15485146778639775	-0.13070350237520756	0.21428901123343466
0.12373077148091809	-0.1240196907128169	0.18759053827777097	-0.16139599669197888	0.1184874257837747	-0.17345676420400616	0.2157295816770607	-0.550143738257434	0.23184530985514312	-0.11016976446489213	0.13220196277265228	-0.3454153052689479	1.0	-0.5701275845174566	0.24883251543941282	-0.12904863391662533	0.21735746850871374	-0.33285551147503606	0.25646579539030184	-0.166519313301466	0.12461688337796216	-0.1334953056412601	0.16305984210577926	-0.14800150134587106	0.13396039025783898	-0.12565906804057891	0.14556104253454727	-0.13484683705446668	0.12757005598108667	-0.22185456639203302
-0.11600475105096851	0.1134495404799471	-0.1832093178197068	0.1645943081780992	-0.1452901210580962	0.1476808277228996	-0.17835979326968673	0.27885563318158835	-0.27969976067277574	0.13568622490194784	-0.11843635606303789	0.2083636176236699	-0.5701275845174566	0.9999999999999978	-0.4250180470006556	0.11381045459996426	-0.19803540833439504	0.29943723303070663	-0.48810820422488443	0.20661278357680277	-0.12366451188211927	0.1282230861737115	-0.17069191204949502	0.16538773968709838	-0.16583085614719908	0.12247838169843665	-0.1467490343429779	0.13924177992918987	-0.1405528674151863	0.22595691722270367
0.12361090304004889	-0.12672300704482575	0.18776052751104644	-0.19145586645572457	0.21888645016414668	-0.16517577944577802	0.17429645534301358	-0.28892029308115624	0.24672000123701981	-0.286977096737681	0.12387845292009804	-0.20505579436621382	0.24883251543941282	-0.4250180470006556	0.9999999999999932	-0.12511058477379544	0.19175422796459918	-0.2930107196273735	0.2579388856971121	-0.4618099231561143	0.15459771702311464	-0.1522013963197881	0.2080339030126962	-0.2839663829054829	0.2576746410759455	-0.16522005718336488	0.1773258929853343	-0.19999692220086232	0.2082921667608946	-0.4089608647074348
-0.1277676208405734	0.11044403910402543	-0.12337736058670093	0.09536825387491739	-0.06797809656427001	0.22557595517657997	-0.21448409000636903	0.14643315490569142	-0.12665227326548628	0.0592439731521531	-0.8129009103607959	0.2289397155631983	-0.12904863391662533	0.11381045459996426	-0.12511058477379544	0.9999999999999968	-0.3753287777098996	0.13261612575529722	-0.10411324866120503	0.08695969950777892	-0.20413048264422515	0.15273773364330268	-0.14293535862048568	0.09442023795974264	-0.07820539347664732	0.16387917952638034	-0.1537273029416413	0.11137457319301174	-0.09086091039700785	0.15481794965940968
0.14110759740726092	-0.14230706284215672	0.1608356620930088	-0.13500517044418384	0.09813342028494189	-0.25452974127578604	0.2551747659901157	-0.23430732103369967	0.17702774597448584	-0.08708199138985144	0.25100358895566405	-0.5826350692360348	0.21735746850871374	-0.19803540833439504	0.19175422796459918	-0.3753287777098996	0.9999999999999959	-0.27675151653349456	0.18148198218319056	-0.1436706742333361	0.194295161588178	-0.3897074632740541	0.23303678368621972	-0.1568306051143776	0.12591085386872378	-0.20262164326686277	0.24785429385286192	-0.1905268891340652	0.14653925263097745	-0.25217346779506
-0.11790899351839594	0.11287344342537582	-0.17589076762387712	0.146082962176014	-0.1295864175029854	0.15294971780305835	-0.17926314208361765	0.23370108355020222	-0.2261678379295863	0.11430603995558006	-0.13422748358004372	0.21248079486221425	-0.33285551147503606	0.29943723303070663	-0.2930107196273735	0.13261612575529722	-0.27675151653349456	0.9999999999999963	-0.7076498327999722	0.21540190947009757	-0.1456480423282725	0.16698798038396206	-0.2553928012075715	0.18613799545314844	-0.19169841340147994	0.1406813299728434	-0.18420416659325506	0.17286239557217553	-0.16898930259217165	0.232725938209204
0.09368268542676182	-0.09267972380840218	0.13928368649293682	-0.12461027617884297	0.10755859722641214	-0.12639604127954684	0.14208446386523216	-0.21841685308364425	0.18253215853811872	-0.09944039599078107	0.1025396449115463	-0.178701653156787	0.25646579539030184	-0.48810820422488443	0.2579388856971121	-0.10411324866120503	0.18148198218319056	-0.7076498327999722	0.9999999999999951	-0.28642318159168617	0.11430773794800206	-0.12736088445831248	0.17664264619730935	-0.19836092561098434	0.1869379064520062	-0.11554863055751623	0.14015885648848805	-0.14636678293904568	0.14878229346988417	-0.2162207005701357
-0.0847380461356358	0.08277943893302055	-0.12931401358729613	0.11615044962510795	-0.13465059665983586	0.1077563921091286	-0.11912391779144813	0.1658130104859198	-0.16961624130877276	0.12239195941296602	-0.08787041795002938	0.1344403438208381	-0.166519313301466	0.20661278357680277	-0.4618099231561143	0.08695969950777892	-0.1436706742333361	0.21540190947009757	-0.28642318159168617	0.999999999999996	-0.11549337199332853	0.11954522274179934	-0.18595156738358112	0.2720683391273188	-0.6965593802193875	0.11348204893178954	-0.14738773308039596	0.1622966210887089	-0.2202235116618132	0.2436536795941786
0.09555038087563043	-0.09396112500824566	0.12004359183393054	-0.09998615323546999	0.07937962099564283	-0.14820723812301131	0.14222817819717795	-0.15061576618433847	0.13638402969547042	-0.06885508984522663	0.15938735120300526	-0.1715735841866706	0.12461688337796216	-0.12366451188211927	0.15459771702311464	-0.20413048264422515	0.194295161588178	-0.1456480423282725	0.11430773794800206	-0.11549337199332853	0.9999999999999921	-0.2607369992017376	0.2060578136672714	-0.14025417590736025	0.10759868515409765	-0.8447387462867586	0.23787450104536856	-0.18387816381271294	0.1395618180920016	-0.2601400143638771
-0.08884799930177383	0.08716427813639331	-0.11187682034654393	0.09323624444411635	-0.07512669922627804	0.137571052820328	-0.1454624040090889	0.1467337037819271	-0.1283107705497694	0.06565460597025992	-0.13672090343030774	0.20630233624617003	-0.1334953056412601	0.1282230861737115	-0.1522013963197881	0.15273773364330268	-0.3897074632740541	0.16698798038396206	-0.12736088445831248	0.11954522274179934	-0.2607369992017376	0.9999999999999929	-0.4840031144220416	0.15777473730335653	-0.11345708961411978	0.22466723741086053	-0.66185154548232	0.2626150394227462	-0.16501739197011558	0.2249635325565545
0.10292770672661838	-0.1025296507067084	0.13821545968451218	-0.11811803674154549	0.09922925022141396	-0.15188471395131514	0.15456726717156546	-0.18532759832908788	0.1635283443919105	-0.08722693162748318	0.12997723826596375	-0.20568699623991765	0.16305984210577926	-0.17069191204949502	0.2080339030126962	-0.14293535862048568	0.23303678368621972	-0.2553928012075715	0.17664264619730935	-0.18595156738358112	0.2060578136672714	-0.4840031144220416	0.9999999999999928	-0.28886775632726325	0.17599218121531007	-0.23222488028586122	0.31809707660786185	-0.5694265253345905	0.2683552835602038	-0.3574529539326573
-0.08700029162341101	0.08387820784735943	-0.12946705951807183	0.11056232592284625	-0.11503926686302303	0.11132851253856231	-0.1221138670843399	0.1552892971802728	-0.16340686745623959	0.09953880695474684	-0.0945668529709008	0.1379361524979997	-0.14800150134587106	0.16538773968709838	-0.2839663829054829	0.09442023795974264	-0.1568306051143776	0.18613799545314844	-0.19836092561098434	0.2720683391273188	-0.14025417590736025	0.15777473730335653	-0.28886775632726325	0.9999999999999926	-0.5192798648316345	0.13471418394399995	-0.20504680038935913	0.260970746226793	-0.5984251503937186	0.28062009413045674
0.07341152458180716	-0.0722714855946309	0.1093022367214695	-0.09764270939322411	0.09862797372487103	-0.09591752834667461	0.10355632907581531	-0.14520854987798837	0.13842058168482094	-0.09140744998163473	0.07779618462429796	-0.11921047380662626	0.13396039025783898	-0.16583085614719908	0.2576746410759455	-0.07820539347664732	0.12591085386872378	-0.19169841340147994	0.1869379064520062	-0.6965593802193875	0.10759868515409765	-0.11345708961411978	0.17599218121531007	-0.5192798648316345	0.9999999999999923	-0.10877768991577585	0.13870354478732427	-0.17983546589734975	0.2341206363716985	-0.28671131065438493
-0.09747206796840022	0.09212786465493822	-0.1275402743159218	0.10239822592553609	-0.08539868965532936	0.13777423558186963	-0.144744582403905	0.14566918477607121	-0.14664800841041292	0.07290692585768951	-0.16005127733726163	0.16127408155480394	-0.12565906804057891	0.12247838169843665	-0.16522005718336488	0.16387917952638034	-0.20262164326686277	0.1406813299728434	-0.11554863055751623	0.11348204893178954	-0.8447387462867586	0.22466723741086053	-0.23222488028586122	0.13471418394399995	-0.10877768991577585	0.999999999999992	-0.3092757762673989	0.17810726438636726	-0.14170119820099264	0.21746245212846216
0.09903091533336791	-0.09922228559386383	0.12714132608181156	-0.10799431098683734	0.08725728913508966	-0.153670370917337	0.1524445031441274	-0.16987186148903077	0.14683303335473719	-0.07649219355496895	0.13467133089904765	-0.2162750633679301	0.14556104253454727	-0.1467490343429779	0.1773258929853343	-0.1537273029416413	0.24785429385286192	-0.18420416659325506	0.14015885648848805	-0.14738773308039596	0.23787450104536856	-0.66185154548232	0.31809707660786185	-0.20504680038935913	0.13870354478732427	-0.3092757762673989	0.999999999999992	-0.4267220297103083	0.21211425019597482	-0.3065773777454941
-0.08721907379864866	0.08452548156459284	-0.12173787279189421	0.1016777257847605	-0.09264540035750143	0.11985397695001047	-0.12799068321807647	0.14836605380427897	-0.1467591305592339	0.07992102452223465	-0.10738848691151334	0.15485146778639775	-0.13484683705446668	0.13924177992918987	-0.19999692220086232	0.11137457319301174	-0.1905268891340652	0.17286239557217553	-0.14636678293904568	0.1622966210887089	-0.18387816381271294	0.2626150394227462	-0.5694265253345905	0.260970746226793	-0.17983546589734975	0.17810726438636726	-0.4267220297103083	0.9999999999999927	-0.5385034778827975	0.27717959792974733
0.07961118860962568	-0.07743513761781877	0.1153876638559407	-0.09812743701588394	0.09286763830934282	-0.1053542870038451	0.1124947370754326	-0.1424664649729026	0.14174551749808176	-0.08111593770884562	0.08910250353456851	-0.13070350237520756	0.12757005598108667	-0.1405528674151863	0.2082921667608946	-0.09086091039700785	0.14653925263097745	-0.16898930259217165	0.14878229346988417	-0.2202235116618132	0.1395618180920016	-0.16501739197011558	0.2683552835602038	-0.5984251503937186	0.2341206363716985	-0.14170119820099264	0.21211425019597482	-0.5385034778827975	0.9999999999999929	-0.4170684202477221
-0.15957879805210518	0.14766725617537674	-0.24594621060277594	0.1945950454014829	-0.19715674519237814	0.18485883904257933	-0.20849018055247587	0.24301843783703247	-0.3045736801325657	0.16268501448848754	-0.16158847525541603	0.21428901123343466	-0.22185456639203302	0.22595691722270367	-0.4089608647074348	0.15481794965940968	-0.25217346779506	0.232725938209204	-0.2162207005701357	0.2436536795941786	-0.2601400143638771	0.2249635325565545	-0.3574529539326573	0.28062009413045674	-0.28671131065438493	0.21746245212846216	-0.3065773777454941	0.27717959792974733	-0.4170684202477221	0.999999999999993
