1.0	-0.5271197555486087	0.3103254526697512	-0.29717017313839655	0.14021332852692506	-0.40381296869521843	0.23057094383264418	-0.1925527190059408	0.1861841138184936	-0.19579557286656438	0.2695784646515404	-0.2340012971541187	0.20050907454499084	-0.2085474979861895	0.16615857994551939	-0.22862377900504707	0.18071980235110516	-0.21313030298992328	0.17736969776325662	-0.15441799651496838	0.1929469937581156	-0.3168752199370083	0.16098341539399819	-0.15767925056231039	0.1398981809173145	-0.09334786404235508	0.0916481422254684	-0.16693938715020162	0.13436684924392445	-0.1313653377655651	0.08413331732842538	-0.07714368739047617	0.11646587248886031	-0.18008120806288302	0.16860020223966343	-0.05958204551508221	0.05284157711048504	-0.1495722108852004	0.0836528318965972	-0.09940855934964786
-0.5271197555486087	1.0000000000000002	-0.7701317515096925	0.15896690903730604	-0.07692905985441115	0.17005214705133412	-0.16254274515474013	0.11163821099545136	-0.10617739650214704	0.10435477642109656	-0.159270665104355	0.1363284050674491	-0.11660033026661713	0.11299774302613222	-0.09037993967146463	0.1194650458114974	-0.0998037792579803	0.1130198464487841	-0.09570150325702502	0.08218830103515562	-0.10243856129396818	0.16018335078454532	-0.08414732692788325	0.08229787579177666	-0.07360570031354559	0.048157001967391165	-0.047439470111730414	0.08614422535237225	-0.06981386179989787	0.06845979180847465	-0.04346353883915992	0.039722489224677256	-0.06002007177993616	0.09250372300134345	-0.08864180220548713	0.030514843133242518	-0.027126809255308956	0.07645096670520739	-0.04304341423049497	0.05095183574752478
0.3103254526697512	-0.7701317515096925	1.0000000000000004	-0.2540203277487755	0.11712792420558567	-0.191751338280013	0.17335178317002795	-0.1499459794457499	0.14928667830242465	-0.16022461673059363	0.1770000168178204	-0.17632357477004026	0.15740705962403997	-0.1651610310641515	0.1325606906881087	-0.17438148422842595	0.13950591452039998	-0.16629927828212243	0.1403370258095304	-0.12253245454664077	0.15075152820528911	-0.2508657155239646	0.12734478728208098	-0.12496903648138827	0.11113133149919462	-0.07373477591704267	0.07244946775661117	-0.13245520577710718	0.10673141274117177	-0.10440787550260011	0.06681033246543386	-0.061273073808012855	0.09263009459846623	-0.14339741903224476	0.13425204121800777	-0.047430155531101366	0.04205080112665387	-0.11914171196405178	0.06665189445557715	-0.07925942455152879
-0.29717017313839655	0.15896690903730604	-0.2540203277487755	1.0000000000000004	-0.5839765282559988	0.1764595326988805	-0.21877768560022423	0.22465915277574353	-0.3836730554587271	0.3216950369962044	-0.22597026021822492	0.1937408577839794	-0.27734047786826616	0.23872088626034574	-0.23508576645887705	0.16444864236301143	-0.16200798228928578	0.17607369756163502	-0.20373031414783746	0.1661080884194941	-0.16273714197116015	0.19266741728831394	-0.13533622292873695	0.13580469876569057	-0.1341590553776026	0.06883270910876697	-0.06990110960395705	0.12844372770108786	-0.11243368371584314	0.11505209367552553	-0.0655430086434366	0.058256695318409026	-0.0897936003459585	0.13639540692899255	-0.16474489975651194	0.04318181543086715	-0.03921007574839189	0.10679397585811831	-0.06489301907010703	0.07420304911302368
0.14021332852692506	-0.07692905985441115	0.11712792420558567	-0.5839765282559988	1.0000000000000004	-0.09228798744179656	0.11829682639340841	-0.14713972659855964	0.22830714800549273	-0.728229833050361	0.11365383259919454	-0.10975096623808316	0.1523427613469426	-0.15636633274348843	0.14151713277248953	-0.0911581320219414	0.08869892048424788	-0.10083708281090187	0.11443907559639518	-0.10447781714500014	0.08669231835713002	-0.10705893552471737	0.07483189081551792	-0.07642660568513462	0.0737606571275442	-0.03752717897312883	0.037927536692032145	-0.07163317135084286	0.06200636674460813	-0.06372917099612585	0.03552752242994967	-0.03178272986289839	0.049190560883224495	-0.07556994792515055	0.0868186117753406	-0.023614093959784206	0.021384484930244002	-0.05896819283308028	0.03545944962791698	-0.04073285309150578
-0.40381296869521843	0.17005214705133412	-0.191751338280013	0.1764595326988805	-0.09228798744179656	1.0000000000000004	-0.40667942401829976	0.18367130738352908	-0.15741323595045387	0.12669879665012923	-0.7243808729773712	0.25095280863719505	-0.19020607156416122	0.15585953074206843	-0.12239585476609478	0.18179880844759508	-0.16039043550265158	0.15744289094637423	-0.1315367369030391	0.10814266464689404	-0.14675805749802326	0.18714013925745018	-0.10768088251622251	0.10384689823804995	-0.09380038040320782	0.06032771721939236	-0.059777133258082434	0.1051650965728314	-0.08631778818656165	0.08498951349931101	-0.053195313660383665	0.048128197768830115	-0.07231736089215948	0.10975237604642797	-0.11149622718760203	0.03603718091969202	-0.03229239579019674	0.0894441710093829	-0.051172381581897214	0.05975307453893096
0.23057094383264418	-0.16254274515474013	0.17335178317002795	-0.21877768560022423	0.11829682639340841	-0.40667942401829976	1.0000000000000002	-0.4368901944834141	0.22951943681834142	-0.16784695006507755	0.2781298981218025	-0.617873550797256	0.28469713761902593	-0.21903961680158582	0.15375775758454815	-0.20772461291977515	0.21700663425137148	-0.2098201826066623	0.165022141590212	-0.13549359027731897	0.15932867101160322	-0.19988953209746527	0.12590150237068004	-0.12218395001790863	0.10938638158068964	-0.0660515907319001	0.06556316146329612	-0.11991531039090558	0.09868803719028595	-0.0978088846696831	0.05863324693762735	-0.0529828736337764	0.08044044461703141	-0.12235833316587658	0.1266062057680673	-0.0392878893281879	0.03534290570968569	-0.098028340058435	0.05669231641321764	-0.0657401693533835
-0.1925527190059408	0.11163821099545136	-0.1499459794457499	0.22465915277574353	-0.14713972659855964	0.18367130738352908	-0.4368901944834141	1.0	-0.5581125723491747	0.19742676335158998	-0.20203720409016065	0.26608658204161784	-0.5624927233112018	0.2719725450914592	-0.17484325932199576	0.15173224906682034	-0.15983118758722406	0.16573867729697322	-0.1695817163387029	0.1378311039466315	-0.13235435156546307	0.16181393664970545	-0.11075714545709002	0.11104462154292781	-0.10269752461073893	0.05558026359908793	-0.05577808137465976	0.10456806096225409	-0.08870220992764588	0.08941761913264623	-0.05101460503659081	0.045859075130800675	-0.07053648363544515	0.10788213341474726	-0.11747608259156793	0.03394433928581636	-0.030663370044412493	0.08490655009436382	-0.05015933603878041	0.057793286441030614
0.1861841138184936	-0.10617739650214704	0.14928667830242465	-0.3836730554587271	0.22830714800549273	-0.15741323595045387	0.22951943681834142	-0.5581125723491747	0.9999999999999994	-0.39826027040135664	0.17439123889088534	-0.218131772981817	0.3052349380603773	-0.45277657583910874	0.21075834601870289	-0.15408430610569102	0.1512514682235331	-0.17663990221019538	0.19592411469982432	-0.16857886812864237	0.13628233720638885	-0.17402231419032158	0.121129259276054	-0.12547410740429263	0.11525797301463807	-0.05962555668087782	0.05986097138409253	-0.11571750043489533	0.0985552939207318	-0.1004613180565204	0.05553229644800892	-0.05003330632128451	0.07757579218099471	-0.12005562365267106	0.12987570217646438	-0.037153033561327445	0.033552104060554755	-0.0935861125131248	0.05548763233410445	-0.0639900095052123
-0.19579557286656438	0.10435477642109656	-0.16022461673059363	0.3216950369962044	-0.728229833050361	0.12669879665012923	-0.16784695006507755	0.19742676335158998	-0.39826027040135664	0.9999999999999994	-0.1587416172606319	0.1493379513020076	-0.2200390758528335	0.2085074963903513	-0.21871772342761558	0.12239768495705411	-0.1219061883304301	0.1358530620533318	-0.16159603863323013	0.14335844652903185	-0.11827105935091574	0.14200037678350644	-0.10176006433911	0.10368185242391331	-0.10154521687061725	0.0505022401282969	-0.051187137809403434	0.09631238009842485	-0.0841191738630251	0.08653559475905423	-0.04795661450944954	0.04278157545684125	-0.06627624135333365	0.10140496581297861	-0.11914377479085193	0.03167985936696079	-0.02874278974094479	0.07891298963267956	-0.047767877184118866	0.054685990932610604
0.2695784646515404	-0.159270665104355	0.1770000168178204	-0.22597026021822492	0.11365383259919454	-0.7243808729773712	0.2781298981218025	-0.20203720409016065	0.17439123889088534	-0.1587416172606319	0.9999999999999994	-0.3301850814578746	0.20775636934579844	-0.19237862150406512	0.1500670436142893	-0.2795185156437296	0.20153046018019813	-0.2092454986962099	0.16431363187642137	-0.1375600079069002	0.19133224729907672	-0.2592629122115851	0.14077211878138293	-0.13575611602054038	0.12067884379791488	-0.08090476662539568	0.07939551365194773	-0.13943979079058472	0.11293992198257266	-0.11074624408386133	0.07019030882877018	-0.06381773223939957	0.0954454924220299	-0.1452601124409999	0.14313451385325482	-0.047917850841959	0.04281563724422721	-0.1191031050039173	0.06745168197803197	-0.07908025398301771
-0.2340012971541187	0.1363284050674491	-0.17632357477004026	0.1937408577839794	-0.10975096623808316	0.25095280863719505	-0.617873550797256	0.26608658204161784	-0.218131772981817	0.1493379513020076	-0.3301850814578746	0.9999999999999993	-0.40764521255041614	0.21997713876168293	-0.16912229401858497	0.2306919989371012	-0.3975218407501004	0.23745093369309675	-0.19061885615866217	0.14411509126727345	-0.1888519174694321	0.20244589004444563	-0.13970219535471398	0.13108271464702936	-0.11902569399055932	0.070766420543668	-0.07090170857587519	0.12623823703526885	-0.10544496749670818	0.10398475249454862	-0.06239447921023669	0.05589295470248388	-0.08467357712693155	0.12668930918489849	-0.13726631126145364	0.04081964700865343	-0.03692880153216156	0.1009902814609337	-0.05911408828402901	0.06788621871350399
0.20050907454499084	-0.11660033026661713	0.15740705962403997	-0.27734047786826616	0.1523427613469426	-0.19020607156416122	0.28469713761902593	-0.5624927233112018	0.3052349380603773	-0.2200390758528335	0.20775636934579844	-0.40764521255041614	0.9999999999999989	-0.471432446767856	0.2158801758474143	-0.20026263838464858	0.20343317625808557	-0.2322383630037294	0.21801656976000475	-0.18643412966565023	0.16554770446636094	-0.21344188722875376	0.14482073187436165	-0.1474859987466826	0.13188454462441201	-0.07189414725551375	0.07176977876508056	-0.13852818075405518	0.11567746199428293	-0.11671853875911152	0.06577064830245671	-0.05949171890057217	0.09185153954536293	-0.1419734165689542	0.14775066203387147	-0.04417874196195869	0.0398069044964843	-0.11149135087814774	0.065240240182967	-0.07550202176810379
-0.2085474979861895	0.11299774302613222	-0.1651610310641515	0.23872088626034574	-0.15636633274348843	0.15585953074206843	-0.21903961680158582	0.2719725450914592	-0.45277657583910874	0.2085074963903513	-0.19237862150406512	0.21997713876168293	-0.471432446767856	0.999999999999998	-0.4442531458067106	0.17538288114936057	-0.18956394903844415	0.22645110561151383	-0.40857074134204735	0.266815449303415	-0.1648577135513666	0.1970981890547677	-0.16164424410130476	0.17267099251526485	-0.16249986554797544	0.07119319704919055	-0.07226622879279003	0.14568144750464843	-0.12955034361045267	0.1325593913952391	-0.06779453078051084	0.060778577432601746	-0.09600762714759495	0.1483905708905618	-0.16873072090873745	0.04456803419062626	-0.040507714842995354	0.11280603230378822	-0.06853732495469932	0.07805507157085603
0.16615857994551939	-0.09037993967146463	0.1325606906881087	-0.23508576645887705	0.14151713277248953	-0.12239585476609478	0.15375775758454815	-0.17484325932199576	0.21075834601870289	-0.21871772342761558	0.1500670436142893	-0.16912229401858497	0.2158801758474143	-0.4442531458067106	0.9999999999999953	-0.1661232006861155	0.16260431095449623	-0.2304590561954122	0.3038243053921868	-0.6940766224016618	0.15089918139093508	-0.2010720495217922	0.1622291323844416	-0.18748431968302223	0.18344382419655372	-0.0712898815320332	0.07184828963016462	-0.1573384765108181	0.13694273556059203	-0.15515938584688452	0.06877177696787674	-0.06252403022165548	0.10027191532760878	-0.1626028341715265	0.16761419539271277	-0.04632694181881411	0.04188419031332928	-0.12055208290635755	0.07249811810805708	-0.08372483208903934
-0.22862377900504707	0.1194650458114974	-0.17438148422842595	0.16444864236301143	-0.0911581320219414	0.18179880844759508	-0.20772461291977515	0.15173224906682034	-0.15408430610569102	0.12239768495705411	-0.2795185156437296	0.2306919989371012	-0.20026263838464858	0.17538288114936057	-0.1661232006861155	0.9999999999999968	-0.5247688440789461	0.2694223157025224	-0.20649476240113565	0.1467599657965085	-0.5979516601337188	0.2867423602169593	-0.17413595847952826	0.15190785741466806	-0.14010455763338056	0.12022898573056576	-0.1197430351759171	0.1510799695442986	-0.12576855252002334	0.12134008023259647	-0.08752415063207551	0.07642961163624777	-0.1050910906137223	0.14684426988786284	-0.1678748696023267	0.05217535575904838	-0.04765129300216994	0.12097806537206054	-0.06995056739130882	0.07910986757611171
0.18071980235110516	-0.0998037792579803	0.13950591452039998	-0.16200798228928578	0.08869892048424788	-0.16039043550265158	0.21700663425137148	-0.15983118758722406	0.1512514682235331	-0.1219061883304301	0.20153046018019813	-0.3975218407501004	0.20343317625808557	-0.18956394903844415	0.16260431095449623	-0.5247688440789461	0.9999999999999951	-0.5895153339080719	0.22453634545222678	-0.16165087536254208	0.24769188358181765	-0.24118769892361508	0.18040884884673838	-0.1600173489592967	0.13415980108223646	-0.08531262161072851	0.0842343363693744	-0.15321260965402625	0.12170173181265788	-0.11742924516996006	0.07060754745181526	-0.06341343790924539	0.09540713770497215	-0.14043046354297903	0.14893865158944	-0.04501445260476704	0.040875599878190776	-0.1114380329446085	0.06456636424199884	-0.07346260294061233
-0.21313030298992328	0.1130198464487841	-0.16629927828212243	0.17607369756163502	-0.10083708281090187	0.15744289094637423	-0.2098201826066623	0.16573867729697322	-0.17663990221019538	0.1358530620533318	-0.2092454986962099	0.23745093369309675	-0.2322383630037294	0.22645110561151383	-0.2304590561954122	0.2694223157025224	-0.5895153339080719	0.9999999999999952	-0.4545211764768778	0.2180796259110088	-0.25541610818688326	0.2402415304822691	-0.3161367301611878	0.2226371336832784	-0.18796524498262646	0.09315341934262185	-0.09582567501008098	0.19834131167064822	-0.16480254713474723	0.1540401898464097	-0.08510610724005152	0.07579477398722599	-0.1206296204333162	0.17382154092961474	-0.1972876015226738	0.053473482933559316	-0.04905488184612644	0.1344476397231571	-0.08053826303830806	0.08998578290149671
0.17736969776325662	-0.09570150325702502	0.1403370258095304	-0.20373031414783746	0.11443907559639518	-0.1315367369030391	0.165022141590212	-0.1695817163387029	0.19592411469982432	-0.16159603863323013	0.16431363187642137	-0.19061885615866217	0.21801656976000475	-0.40857074134204735	0.3038243053921868	-0.20649476240113565	0.22453634545222678	-0.4545211764768778	0.9999999999999947	-0.5282926387372496	0.180268122643907	-0.22818254234258273	0.22673010416659098	-0.3258709329901955	0.2155915803834371	-0.08268899560387831	0.08384424614916311	-0.1973086545187869	0.1733886628480722	-0.17685969572897844	0.07921306345816832	-0.07198570976061187	0.11717534325630787	-0.18836797687874363	0.19397094410973253	-0.05209785093968268	0.04739885346716454	-0.13623141871091832	0.08254898706264586	-0.09367455060865876
-0.15441799651496838	0.08218830103515562	-0.12253245454664077	0.1661080884194941	-0.10447781714500014	0.10814266464689404	-0.13549359027731897	0.1378311039466315	-0.16857886812864237	0.14335844652903185	-0.1375600079069002	0.14411509126727345	-0.18643412966565023	0.266815449303415	-0.6940766224016618	0.1467599657965085	-0.16165087536254208	0.2180796259110088	-0.5282926387372496	0.9999999999999938	-0.14216265278448784	0.172886387108846	-0.168685625600073	0.19839154284794766	-0.24671781345513444	0.065154770439323	-0.06661126641587936	0.1496665766981687	-0.14039406537679988	0.1606375080354858	-0.0642669845787867	0.05788907012223069	-0.09457479204893657	0.15143568106230212	-0.17471828551217508	0.042146484305486204	-0.038442745457273476	0.10940724239850867	-0.0683012697633121	0.07737650385049666
0.1929469937581156	-0.10243856129396818	0.15075152820528911	-0.16273714197116015	0.08669231835713002	-0.14675805749802326	0.15932867101160322	-0.13235435156546307	0.13628233720638885	-0.11827105935091574	0.19133224729907672	-0.1888519174694321	0.16554770446636094	-0.1648577135513666	0.15089918139093508	-0.5979516601337188	0.24769188358181765	-0.25541610818688326	0.180268122643907	-0.14216265278448784	0.999999999999995	-0.5836175849251463	0.1906602359669206	-0.1666244013917315	0.14577419578322864	-0.219798240641437	0.17621188705750657	-0.17901347077343774	0.13951047118660448	-0.1320221853366141	0.11318492522085831	-0.10143587333627681	0.12435153497628584	-0.16842452165096483	0.17567948438565362	-0.0663864163578371	0.05983455120964651	-0.14669789936854216	0.0795842494732942	-0.09071270183794576
-0.3168752199370083	0.16018335078454532	-0.2508657155239646	0.19266741728831394	-0.10705893552471737	0.18714013925745018	-0.19988953209746527	0.16181393664970545	-0.17402231419032158	0.14200037678350644	-0.2592629122115851	0.20244589004444563	-0.21344188722875376	0.1970981890547677	-0.2010720495217922	0.2867423602169593	-0.24118769892361508	0.2402415304822691	-0.22818254234258273	0.172886387108846	-0.5836175849251463	0.9999999999999957	-0.31127079883045605	0.2162883475202035	-0.206903959457734	0.18163036987501946	-0.21456792536517263	0.22275586131757452	-0.18732997170340954	0.17622560357707767	-0.13885220414594676	0.1193383578554071	-0.160494375334584	0.20856313263809112	-0.2644263571207932	0.07856480358506238	-0.07301376213668476	0.17470573044943472	-0.10266362423937891	0.11370759246039433
0.16098341539399819	-0.08414732692788325	0.12734478728208098	-0.13533622292873695	0.07483189081551792	-0.10768088251622251	0.12590150237068004	-0.11075714545709002	0.121129259276054	-0.10176006433911	0.14077211878138293	-0.13970219535471398	0.14482073187436165	-0.16164424410130476	0.1622291323844416	-0.17413595847952826	0.18040884884673838	-0.3161367301611878	0.22673010416659098	-0.168685625600073	0.1906602359669206	-0.31127079883045605	0.9999999999999939	-0.5543577849849473	0.25381288774398714	-0.10995655759829355	0.11532347930850885	-0.555133835529339	0.278386228902166	-0.23030148551361732	0.10823396871596075	-0.10197502564417192	0.18216079161804283	-0.2581303363533443	0.2389622868959357	-0.06900718169173121	0.0636069415571384	-0.1955151554892945	0.1084250951096494	-0.11908914848299725
-0.15767925056231039	0.08229787579177666	-0.12496903648138827	0.13580469876569057	-0.07642660568513462	0.10384689823804995	-0.12218395001790863	0.11104462154292781	-0.12547410740429263	0.10368185242391331	-0.13575611602054038	0.13108271464702936	-0.1474859987466826	0.17267099251526485	-0.18748431968302223	0.15190785741466806	-0.1600173489592967	0.2226371336832784	-0.3258709329901955	0.19839154284794766	-0.1666244013917315	0.2162883475202035	-0.5543577849849473	0.9999999999999938	-0.4959887987359384	0.09037999672531956	-0.09571576518993737	0.2944172459760119	-0.3872369121933287	0.2745771296687255	-0.09669048728492881	0.08748246641554815	-0.158052014745333	0.2527638227524574	-0.28733303826859447	0.06070808519580009	-0.05635522426982142	0.16418283506869014	-0.10913752921224643	0.11667350853382719
0.1398981809173145	-0.07360570031354559	0.11113133149919462	-0.1341590553776026	0.0737606571275442	-0.09380038040320782	0.10938638158068964	-0.10269752461073893	0.11525797301463807	-0.10154521687061725	0.12067884379791488	-0.11902569399055932	0.13188454462441201	-0.16249986554797544	0.18344382419655372	-0.14010455763338056	0.13415980108223646	-0.18796524498262646	0.2155915803834371	-0.24671781345513444	0.14577419578322864	-0.206903959457734	0.25381288774398714	-0.4959887987359384	0.9999999999999926	-0.08600442534420098	0.08840036757383406	-0.2703744884735575	0.2749627516149476	-0.6430758713070739	0.09220163180357314	-0.08539843452877535	0.14999054579890575	-0.2830407649331676	0.2907100541101204	-0.062155055947319814	0.05666831995662859	-0.17490971013395054	0.11412458548726492	-0.13186589391962855
-0.09334786404235508	0.048157001967391165	-0.07373477591704267	0.06883270910876697	-0.03752717897312883	0.06032771721939236	-0.0660515907319001	0.05558026359908793	-0.05962555668087782	0.0505022401282969	-0.08090476662539568	0.070766420543668	-0.07189414725551375	0.07119319704919055	-0.0712898815320332	0.12022898573056576	-0.08531262161072851	0.09315341934262185	-0.08268899560387831	0.065154770439323	-0.219798240641437	0.18163036987501946	-0.10995655759829355	0.09037999672531956	-0.08600442534420098	0.9999999999999913	-0.8839307094846682	0.130460337057506	-0.09498127665696238	0.07804497744793476	-0.27330077503980227	0.20103696570496618	-0.12904428772661292	0.10643268740297844	-0.1119715369162762	0.08789278696427494	-0.08308703699711353	0.13034705739032124	-0.05578503908581117	0.060115363231321925
0.0916481422254684	-0.047439470111730414	0.07244946775661117	-0.06990110960395705	0.037927536692032145	-0.059777133258082434	0.06556316146329612	-0.05577808137465976	0.05986097138409253	-0.051187137809403434	0.07939551365194773	-0.07090170857587519	0.07176977876508056	-0.07226622879279003	0.07184828963016462	-0.1197430351759171	0.0842343363693744	-0.09582567501008098	0.08384424614916311	-0.06661126641587936	0.17621188705750657	-0.21456792536517263	0.11532347930850885	-0.09571576518993737	0.08840036757383406	-0.8839307094846682	0.9999999999999934	-0.15447694635091866	0.10030570075583183	-0.08180301521642531	0.21653269354993296	-0.2504578199009283	0.13516357553730482	-0.114742797962318	0.11363780954686244	-0.0966374388487898	0.08724874810882315	-0.14451654710541	0.05915299607598497	-0.06423888841048833
-0.16693938715020162	0.08614422535237225	-0.13245520577710718	0.12844372770108786	-0.07163317135084286	0.1051650965728314	-0.11991531039090558	0.10456806096225409	-0.11571750043489533	0.09631238009842485	-0.13943979079058472	0.12623823703526885	-0.13852818075405518	0.14568144750464843	-0.1573384765108181	0.1510799695442986	-0.15321260965402625	0.19834131167064822	-0.1973086545187869	0.1496665766981687	-0.17901347077343774	0.22275586131757452	-0.555133835529339	0.2944172459760119	-0.2703744884735575	0.130460337057506	-0.15447694635091866	0.9999999999999921	-0.5195914415213502	0.23770546023071246	-0.14516347664991092	0.13432536447747245	-0.31954755273610597	0.28680250151872066	-0.30021887665254365	0.08306352606939665	-0.0793534588956272	0.2323947372241487	-0.13134577291973135	0.13314154474648793
0.13436684924392445	-0.06981386179989787	0.10673141274117177	-0.11243368371584314	0.06200636674460813	-0.08631778818656165	0.09868803719028595	-0.08870220992764588	0.0985552939207318	-0.0841191738630251	0.11293992198257266	-0.10544496749670818	0.11567746199428293	-0.12955034361045267	0.13694273556059203	-0.12576855252002334	0.12170173181265788	-0.16480254713474723	0.1733886628480722	-0.14039406537679988	0.13951047118660448	-0.18732997170340954	0.278386228902166	-0.3872369121933287	0.2749627516149476	-0.09498127665696238	0.10030570075583183	-0.5195914415213502	0.9999999999999939	-0.3943899991609991	0.10719348022199167	-0.10079545992581355	0.19637009789561388	-0.5527845362410347	0.2954860079954463	-0.06751664836847061	0.06301460245096747	-0.19754678103223644	0.14327553348685187	-0.14998312672014133
-0.1313653377655651	0.06845979180847465	-0.10440787550260011	0.11505209367552553	-0.06372917099612585	0.08498951349931101	-0.0978088846696831	0.08941761913264623	-0.1004613180565204	0.08653559475905423	-0.11074624408386133	0.10398475249454862	-0.11671853875911152	0.1325593913952391	-0.15515938584688452	0.12134008023259647	-0.11742924516996006	0.1540401898464097	-0.17685969572897844	0.1606375080354858	-0.1320221853366141	0.17622560357707767	-0.23030148551361732	0.2745771296687255	-0.6430758713070739	0.07804497744793476	-0.08180301521642531	0.23770546023071246	-0.3943899991609991	0.999999999999991	-0.08836148176147515	0.08015625518878795	-0.14543352608135815	0.27252236136327923	-0.5222063489445228	0.05745265855712528	-0.05304933468486965	0.15891830584219302	-0.11921605116116483	0.13192571174770149
0.08413331732842538	-0.04346353883915992	0.06681033246543386	-0.0655430086434366	0.03552752242994967	-0.053195313660383665	0.05863324693762735	-0.05101460503659081	0.05553229644800892	-0.04795661450944954	0.07019030882877018	-0.06239447921023669	0.06577064830245671	-0.06779453078051084	0.06877177696787674	-0.08752415063207551	0.07060754745181526	-0.08510610724005152	0.07921306345816832	-0.0642669845787867	0.11318492522085831	-0.13885220414594676	0.10823396871596075	-0.09669048728492881	0.09220163180357314	-0.27330077503980227	0.21653269354993296	-0.14516347664991092	0.10719348022199167	-0.08836148176147515	0.9999999999999907	-0.8050937591086892	0.24446789978593741	-0.1460521343356181	0.12867525352993753	-0.25331713581012505	0.20332676853794313	-0.2874931450986872	0.08629458750758384	-0.09271733552259932
-0.07714368739047617	0.039722489224677256	-0.061273073808012855	0.058256695318409026	-0.03178272986289839	0.048128197768830115	-0.0529828736337764	0.045859075130800675	-0.05003330632128451	0.04278157545684125	-0.06381773223939957	0.05589295470248388	-0.05949171890057217	0.060778577432601746	-0.06252403022165548	0.07642961163624777	-0.06341343790924539	0.07579477398722599	-0.07198570976061187	0.05788907012223069	-0.10143587333627681	0.1193383578554071	-0.10197502564417192	0.08748246641554815	-0.08539843452877535	0.20103696570496618	-0.2504578199009283	0.13432536447747245	-0.10079545992581355	0.08015625518878795	-0.8050937591086892	0.9999999999999911	-0.3467981527462065	0.12888104866991434	-0.12010929041221005	0.20354101762677157	-0.24998741089925225	0.2376372080619422	-0.07589918463613068	0.07846700872757538
0.11646587248886031	-0.06002007177993616	0.09263009459846623	-0.0897936003459585	0.049190560883224495	-0.07231736089215948	0.08044044461703141	-0.07053648363544515	0.07757579218099471	-0.06627624135333365	0.0954454924220299	-0.08467357712693155	0.09185153954536293	-0.09600762714759495	0.10027191532760878	-0.1050910906137223	0.09540713770497215	-0.1206296204333162	0.11717534325630787	-0.09457479204893657	0.12435153497628584	-0.160494375334584	0.18216079161804283	-0.158052014745333	0.14999054579890575	-0.12904428772661292	0.13516357553730482	-0.31954755273610597	0.19637009789561388	-0.14543352608135815	0.24446789978593741	-0.3467981527462065	0.9999999999999908	-0.2891387108791123	0.21140694105772162	-0.1561114716175409	0.1489843613645395	-0.7418605495223543	0.15730566274860777	-0.16025449657291901
-0.18008120806288302	0.09250372300134345	-0.14339741903224476	0.13639540692899255	-0.07556994792515055	0.10975237604642797	-0.12235833316587658	0.10788213341474726	-0.12005562365267106	0.10140496581297861	-0.1452601124409999	0.12668930918489849	-0.1419734165689542	0.1483905708905618	-0.1626028341715265	0.14684426988786284	-0.14043046354297903	0.17382154092961474	-0.18836797687874363	0.15143568106230212	-0.16842452165096483	0.20856313263809112	-0.2581303363533443	0.2527638227524574	-0.2830407649331676	0.10643268740297844	-0.114742797962318	0.28680250151872066	-0.5527845362410347	0.27252236136327923	-0.1460521343356181	0.12888104866991434	-0.2891387108791123	0.9999999999999907	-0.4964698724711399	0.08593552558479353	-0.08253192771817523	0.2406922271146918	-0.2903190765055303	0.22401873458856164
0.16860020223966343	-0.08864180220548713	0.13425204121800777	-0.16474489975651194	0.0868186117753406	-0.11149622718760203	0.1266062057680673	-0.11747608259156793	0.12987570217646438	-0.11914377479085193	0.14313451385325482	-0.13726631126145364	0.14775066203387147	-0.16873072090873745	0.16761419539271277	-0.1678748696023267	0.14893865158944	-0.1972876015226738	0.19397094410973253	-0.17471828551217508	0.17567948438565362	-0.2644263571207932	0.2389622868959357	-0.28733303826859447	0.2907100541101204	-0.1119715369162762	0.11363780954686244	-0.30021887665254365	0.2954860079954463	-0.5222063489445228	0.12867525352993753	-0.12010929041221005	0.21140694105772162	-0.4964698724711399	0.9999999999999899	-0.09291541085324662	0.08363134783359691	-0.27132148416095103	0.2072242328018304	-0.2786223530383135
-0.05958204551508221	0.030514843133242518	-0.047430155531101366	0.04318181543086715	-0.023614093959784206	0.03603718091969202	-0.0392878893281879	0.03394433928581636	-0.037153033561327445	0.03167985936696079	-0.047917850841959	0.04081964700865343	-0.04417874196195869	0.04456803419062626	-0.04632694181881411	0.05217535575904838	-0.04501445260476704	0.053473482933559316	-0.05209785093968268	0.042146484305486204	-0.0663864163578371	0.07856480358506238	-0.06900718169173121	0.06070808519580009	-0.062155055947319814	0.08789278696427494	-0.0966374388487898	0.08306352606939665	-0.06751664836847061	0.05745265855712528	-0.25331713581012505	0.20354101762677157	-0.1561114716175409	0.08593552558479353	-0.09291541085324662	0.9999999999999902	-0.9223405460915379	0.16295991929191384	-0.05544287110227954	0.0557738702137459
0.05284157711048504	-0.027126809255308956	0.04205080112665387	-0.03921007574839189	0.021384484930244002	-0.03229239579019674	0.03534290570968569	-0.030663370044412493	0.033552104060554755	-0.02874278974094479	0.04281563724422721	-0.03692880153216156	0.0398069044964843	-0.040507714842995354	0.04188419031332928	-0.04765129300216994	0.040875599878190776	-0.04905488184612644	0.04739885346716454	-0.038442745457273476	0.05983455120964651	-0.07301376213668476	0.0636069415571384	-0.05635522426982142	0.05666831995662859	-0.08308703699711353	0.08724874810882315	-0.0793534588956272	0.06301460245096747	-0.05304933468486965	0.20332676853794313	-0.24998741089925225	0.1489843613645395	-0.08253192771817523	0.08363134783359691	-0.9223405460915379	0.9999999999999909	-0.19284840866403113	0.0542460536351086	-0.05532676409681507
-0.1495722108852004	0.07645096670520739	-0.11914171196405178	0.10679397585811831	-0.05896819283308028	0.0894441710093829	-0.098028340058435	0.08490655009436382	-0.0935861125131248	0.07891298963267956	-0.1191031050039173	0.1009902814609337	-0.11149135087814774	0.11280603230378822	-0.12055208290635755	0.12097806537206054	-0.1114380329446085	0.1344476397231571	-0.13623141871091832	0.10940724239850867	-0.14669789936854216	0.17470573044943472	-0.1955151554892945	0.16418283506869014	-0.17490971013395054	0.13034705739032124	-0.14451654710541	0.2323947372241487	-0.19754678103223644	0.15891830584219302	-0.2874931450986872	0.2376372080619422	-0.7418605495223543	0.2406922271146918	-0.27132148416095103	0.16295991929191384	-0.19284840866403113	0.9999999999999918	-0.22825574334710733	0.18210205120715045
0.0836528318965972	-0.04304341423049497	0.06665189445557715	-0.06489301907010703	0.03545944962791698	-0.051172381581897214	0.05669231641321764	-0.05015933603878041	0.05548763233410445	-0.047767877184118866	0.06745168197803197	-0.05911408828402901	0.065240240182967	-0.06853732495469932	0.07249811810805708	-0.06995056739130882	0.06456636424199884	-0.08053826303830806	0.08254898706264586	-0.0683012697633121	0.0795842494732942	-0.10266362423937891	0.1084250951096494	-0.10913752921224643	0.11412458548726492	-0.05578503908581117	0.05915299607598497	-0.13134577291973135	0.14327553348685187	-0.11921605116116483	0.08629458750758384	-0.07589918463613068	0.15730566274860777	-0.2903190765055303	0.2072242328018304	-0.05544287110227954	0.0542460536351086	-0.22825574334710733	0.9999999999999916	-0.8883400779802849
-0.09940855934964786	0.05095183574752478	-0.07925942455152879	0.07420304911302368	-0.04073285309150578	0.05975307453893096	-0.0657401693533835	0.057793286441030614	-0.0639900095052123	0.054685990932610604	-0.07908025398301771	0.06788621871350399	-0.07550202176810379	0.07805507157085603	-0.08372483208903934	0.07910986757611171	-0.07346260294061233	0.08998578290149671	-0.09367455060865876	0.07737650385049666	-0.09071270183794576	0.11370759246039433	-0.11908914848299725	0.11667350853382719	-0.13186589391962855	0.060115363231321925	-0.06423888841048833	0.13314154474648793	-0.14998312672014133	0.13192571174770149	-0.09271733552259932	0.07846700872757538	-0.16025449657291901	0.22401873458856164	-0.2786223530383135	0.0557738702137459	-0.05532676409681507	0.18210205120715045	-0.8883400779802849	0.9999999999999913
