1.0	-0.211409656104035	0.12033770120624879	-0.07267774278391836	0.05536877343900923	-0.8994690465925766	0.2410348659432476	-0.19676335379903723	0.07902300688820062	-0.0881344468834981	0.11962618743442732	-0.12321856828788877	0.11403159581360192	-0.060538221735499685	0.06586453423512643	-0.12038131109046352	0.10085346869705022	-0.0950587039569874	0.08387559152380097	-0.06963267858420644	0.08502974501940791	-0.08452340056416266	0.07852010951841044	-0.06541314297648437	0.06629872211710111	-0.052433856129542836	0.0647895068233817	-0.0802160708140766	0.046438575739931695	-0.0503687992333786	0.046057446071605765	-0.03918555895237422	0.07767993928624217	-0.043192044786731755	0.04226338998790492
-0.211409656104035	1.0000000000000004	-0.7194778902231402	0.16436206147163915	-0.1455175280033867	0.15642823462760458	-0.40426790909286126	0.3239440025442483	-0.16547960570553152	0.15165619221019527	-0.14330386944249568	0.16978551315863938	-0.21924420094176017	0.11464518845247434	-0.1285189383675746	0.13209478411727685	-0.16327126108380077	0.15263435453513285	-0.161587745668032	0.12110112871773944	-0.1382113705569229	0.1291617898810248	-0.13245847781588255	0.10563442753581395	-0.11647535017851288	0.08208867958515614	-0.10594161687060995	0.12119385915351387	-0.0762318496926541	0.08208876850233991	-0.07618406723176097	0.06361197288101246	-0.12952257335308667	0.07002679292115713	-0.07068635908455659
0.12033770120624879	-0.7194778902231402	1.0000000000000002	-0.19425697798364905	0.13517628596257503	-0.09972219461244378	0.24969924248072445	-0.5722072437111119	0.1205589311857324	-0.12310237842286771	0.09385070923702855	-0.11827514724712335	0.1575824356580408	-0.08493542794920751	0.0958967833020712	-0.08967038361907287	0.10970093801826175	-0.11170924932942812	0.11370576814652379	-0.08813914472741902	0.08977266990295134	-0.08866041131229849	0.08942667699254286	-0.07294927677094129	0.07994716227964065	-0.05409742208660033	0.06949294433390099	-0.08165326248845335	0.05194766037586907	-0.056493393790996355	0.04970996920292295	-0.04176481281216558	0.08475937944740339	-0.047649200502354404	0.04776159540135037
-0.07267774278391836	0.16436206147163915	-0.19425697798364905	0.9999999999999998	-0.8448135599144901	0.05979913542951125	-0.15251361560347138	0.1544821522376488	-0.2168696694326423	0.26899458389838643	-0.08055220197098942	0.09329660437161327	-0.12569557304631626	0.13860203266357665	-0.20815614875602867	0.0781241548846127	-0.09822947343673058	0.10466409376301992	-0.18028249135515417	0.13972840023064792	-0.09397252072976452	0.08896258036947632	-0.09360029779551057	0.08911756837123921	-0.11105324190535573	0.056757429138074016	-0.07409610571083425	0.0896681003709694	-0.06355583874858088	0.07144994094107748	-0.05416312781185501	0.04537505124697802	-0.09562794496271533	0.05796911020524411	-0.059129138525261075
0.05536877343900923	-0.1455175280033867	0.13517628596257503	-0.8448135599144901	0.9999999999999996	-0.046186511437290904	0.11507849463793673	-0.13030493008296332	0.16255975233151676	-0.411834659794917	0.06133446113346767	-0.07195083481291883	0.0960690979528569	-0.11287387281746854	0.1731835855931894	-0.06021182942939885	0.07505941354510796	-0.08137319445407146	0.1379490663804513	-0.1202645281860696	0.0711426482861285	-0.0690369854557537	0.07190335113519296	-0.07080524294712703	0.08696303381046877	-0.04330608638881433	0.05640389979578575	-0.06962771900784738	0.04981535149448967	-0.05676776642598887	0.041100522423389116	-0.034560050946614906	0.07267501270040454	-0.04550604108223044	0.04595142226798041
-0.8994690465925766	0.15642823462760458	-0.09972219461244378	0.05979913542951125	-0.046186511437290904	1.0000000000000009	-0.32896571646149636	0.158896654063987	-0.06833537881779521	0.07352007871308498	-0.12815839470111862	0.11910465689846088	-0.10604322722323246	0.05235018315933016	-0.05645966197296277	0.11098317087671819	-0.09684622470477383	0.08557920899314204	-0.07360332868354001	0.05981849856946616	-0.0755679905984852	0.0750630381854727	-0.07042546682206396	0.056634099111557215	-0.05758527715745818	0.04610452495713985	-0.056891068078310854	0.06880041339181721	-0.04019889891109632	0.043366202382314555	-0.040036022229562526	0.03404618410785264	-0.06680523886744383	0.037163594874027	-0.03649973335786845
0.2410348659432476	-0.40426790909286126	0.24969924248072445	-0.15251361560347138	0.11507849463793673	-0.32896571646149636	0.9999999999999999	-0.5235604153462263	0.16588936109054891	-0.18618312966794973	0.20467764458928633	-0.3728411865071036	0.25861026689484345	-0.12960924243535935	0.1383557877534924	-0.2165777378056747	0.22978474575047286	-0.21886388970398907	0.17741844976873278	-0.14850119512055518	0.16933112943193973	-0.18693621981186745	0.16913503292904658	-0.13900299556068155	0.13910540457735351	-0.10600667470126801	0.13225165448891224	-0.1654225298547605	0.09746001751299575	-0.10590481020040474	0.09339036563803718	-0.07978010147154016	0.1580757608041207	-0.09028744000720808	0.08807140503355453
-0.19676335379903723	0.3239440025442483	-0.5722072437111119	0.1544821522376488	-0.13030493008296332	0.158896654063987	-0.5235604153462263	0.9999999999999997	-0.19070166963052682	0.1626431636534451	-0.16425908763644534	0.21196105999634954	-0.324324741121092	0.13201058410636562	-0.1365879322505923	0.1533126531515622	-0.19566888698536306	0.1931463278605378	-0.1795420128376875	0.13493903863412007	-0.14906793051486364	0.1494995897253443	-0.15216015137733824	0.11808895668996264	-0.12698679412158825	0.08959824958707532	-0.1149933822865855	0.13330090685323295	-0.08404438498979662	0.09055830367064653	-0.08159087554818079	0.06858622999500344	-0.1379346349924312	0.07681506333511685	-0.07696295166156521
0.07902300688820062	-0.16547960570553152	0.1205589311857324	-0.2168696694326423	0.16255975233151676	-0.06833537881779521	0.16588936109054891	-0.19070166963052682	1.0000000000000009	-0.4139675799889411	0.10711664383267039	-0.13258339511172007	0.1740838411963395	-0.7071667741482125	0.28984559148803185	-0.11259556948974522	0.1365153424153702	-0.1700300779657637	0.29062771161110224	-0.2853770207951712	0.1271853196594987	-0.13865580528737068	0.13670007230608125	-0.15413229561512992	0.1673697801811543	-0.08062195533943216	0.1039513176487749	-0.14159216629985286	0.10224977185239607	-0.12186219936629274	0.0749431994997152	-0.06413298067962152	0.13373411071865743	-0.09495446120149428	0.09111434093461715
-0.0881344468834981	0.15165619221019527	-0.12310237842286771	0.26899458389838643	-0.411834659794917	0.07352007871308498	-0.18618312966794973	0.1626431636534451	-0.4139675799889411	1.0000000000000004	-0.1151606504080151	0.13301304851065684	-0.18268768499623206	0.26842037558864557	-0.5578307343867304	0.11341474800652354	-0.14569505159981225	0.16238587843660746	-0.32900589202479147	0.2706819296344631	-0.14044665400147377	0.13693212810473235	-0.14576395811053128	0.14838029528923405	-0.19546549767941018	0.08564730415411376	-0.11212991460383274	0.13906478569901545	-0.10467337989910716	0.11991261223255756	-0.08189786813354635	0.06888772041001452	-0.1462799425881283	0.0946556700995517	-0.09673594604795874
0.11962618743442732	-0.14330386944249568	0.09385070923702855	-0.08055220197098942	0.06133446113346767	-0.12815839470111862	0.20467764458928633	-0.16425908763644534	0.10711664383267039	-0.1151606504080151	1.000000000000003	-0.40545776818124213	0.2118936378311158	-0.08817600103325304	0.09190462145576647	-0.7993116688484007	0.25481796293913594	-0.19159104883022499	0.12987413431171993	-0.105139745491266	0.18327272555074925	-0.17032214947850838	0.14774108190228755	-0.10979490564485296	0.10566492933775677	-0.11276580246448452	0.12097162235456113	-0.14233532601638846	0.07731530450189743	-0.0818295244308376	0.08071242605916816	-0.07053495875845482	0.12435297142282452	-0.07046704541002498	0.06842186024640652
-0.12321856828788877	0.16978551315863938	-0.11827514724712335	0.09329660437161327	-0.07195083481291883	0.11910465689846088	-0.3728411865071036	0.21196105999634954	-0.13258339511172007	0.13301304851065684	-0.40545776818124213	1.0000000000000002	-0.4674380796808827	0.11260938140910794	-0.11122746349696239	0.2745999072876694	-0.5793528284942393	0.28652760734711347	-0.16945521722383777	0.12728499352003186	-0.1605017861309551	0.21021114382804257	-0.19852390749894808	0.1261100915196199	-0.1237578714727786	0.09882948813005211	-0.12256793596800987	0.13891702452132432	-0.08672640654188156	0.09108040148714805	-0.07994640192124688	0.0691100119396712	-0.1276001114546845	0.0767875574990334	-0.0756941733056048
0.11403159581360192	-0.21924420094176017	0.1575824356580408	-0.12569557304631626	0.0960690979528569	-0.10604322722323246	0.25861026689484345	-0.324324741121092	0.1740838411963395	-0.18268768499623206	0.2118936378311158	-0.4674380796808827	1.000000000000001	-0.1720809400815749	0.14953508958141373	-0.23293183878593682	0.30965240367508506	-0.6115080199380841	0.22586044119656784	-0.17915473895608341	0.1648122440316943	-0.238352359397759	0.22184698234785938	-0.15890381113547458	0.15100340803008136	-0.10648082776770022	0.13243688639440854	-0.1648972164203449	0.10511931367590675	-0.11374609672526548	0.08886627473295118	-0.07736207225285603	0.1474159828120004	-0.09419119387428375	0.09121587022005762
-0.060538221735499685	0.11464518845247434	-0.08493542794920751	0.13860203266357665	-0.11287387281746854	0.05235018315933016	-0.12960924243535935	0.13201058410636562	-0.7071667741482125	0.26842037558864557	-0.08817600103325304	0.11260938140910794	-0.1720809400815749	0.9999999999999959	-0.41778378868665295	0.09102806321697612	-0.12125084288488204	0.15855317969247207	-0.455689025935719	0.2659190042658967	-0.09958890525061764	0.1133047656527181	-0.11660645177243982	0.12541046619764765	-0.14770084190729274	0.06298023090099239	-0.08144934689691596	0.10822136532991801	-0.08307537930200214	0.09836871668265948	-0.057998004300173704	0.049685858807339583	-0.10308881065587694	0.0751712768001335	-0.073426615875947
0.06586453423512643	-0.1285189383675746	0.0958967833020712	-0.20815614875602867	0.1731835855931894	-0.05645966197296277	0.1383557877534924	-0.1365879322505923	0.28984559148803185	-0.5578307343867304	0.09190462145576647	-0.11122746349696239	0.14953508958141373	-0.41778378868665295	1.0000000000000029	-0.09464439661256473	0.12002667979980344	-0.14662800802706646	0.3003260490345671	-0.5581100105407314	0.11169795494449179	-0.12226750994780036	0.12557543664818213	-0.15553144527009435	0.19471812225684634	-0.07061481908024529	0.09182640952014935	-0.12455425025547066	0.10174985844280417	-0.1264118076487715	0.06613102988834083	-0.056589792732441524	0.11939380447260992	-0.09210746148654016	0.08975488740400735
-0.12038131109046352	0.13209478411727685	-0.08967038361907287	0.0781241548846127	-0.06021182942939885	0.11098317087671819	-0.2165777378056747	0.1533126531515622	-0.11259556948974522	0.11341474800652354	-0.7993116688484007	0.2745999072876694	-0.23293183878593682	0.09102806321697612	-0.09464439661256473	1.000000000000004	-0.33343828416796234	0.19312766557951982	-0.13899291860559573	0.10704872466544468	-0.25772181509493475	0.17711531721780546	-0.16442995698481544	0.11348035933596307	-0.11199799498748832	0.1294169179706413	-0.14140458562237346	0.14666693891226168	-0.08106408955775538	0.08457502286427904	-0.09127107720559027	0.07830895436270699	-0.13317844270555182	0.07314700513679974	-0.07194600044767703
0.10085346869705022	-0.16327126108380077	0.10970093801826175	-0.09822947343673058	0.07505941354510796	-0.09684622470477383	0.22978474575047286	-0.19566888698536306	0.1365153424153702	-0.14569505159981225	0.25481796293913594	-0.5793528284942393	0.30965240367508506	-0.12125084288488204	0.12002667979980344	-0.33343828416796234	0.999999999999999	-0.4944519397250121	0.1879626841053814	-0.14639229737980752	0.17348967911258917	-0.3629128990834765	0.24612562733911697	-0.15030707865928344	0.1391638473507443	-0.11319807345685087	0.13962317260013218	-0.15867655304959286	0.09967783299891857	-0.1043608990215755	0.08791593577326032	-0.07752691203658994	0.13929173624067318	-0.08741401732944777	0.08520900014299283
-0.0950587039569874	0.15263435453513285	-0.11170924932942812	0.10466409376301992	-0.08137319445407146	0.08557920899314204	-0.21886388970398907	0.1931463278605378	-0.1700300779657637	0.16238587843660746	-0.19159104883022499	0.28652760734711347	-0.6115080199380841	0.15855317969247207	-0.14662800802706646	0.19312766557951982	-0.4944519397250121	0.9999999999999976	-0.32955921263647325	0.18076165674106398	-0.1584261835763112	0.2524407176467574	-0.3382493924860431	0.16398755218253108	-0.1584607048873371	0.10127664428138762	-0.1300642280883987	0.1532738621415129	-0.10755831758309581	0.11212885817494879	-0.08434027306684119	0.07338458435299243	-0.13876307897030282	0.09179286930009702	-0.09063278481690036
0.08387559152380097	-0.161587745668032	0.11370576814652379	-0.18028249135515417	0.1379490663804513	-0.07360332868354001	0.17741844976873278	-0.1795420128376875	0.29062771161110224	-0.32900589202479147	0.12987413431171993	-0.16945521722383777	0.22586044119656784	-0.455689025935719	0.3003260490345671	-0.13899291860559573	0.1879626841053814	-0.32955921263647325	0.9999999999999984	-0.5574079454788414	0.1474846420165708	-0.18370361394014081	0.18403457581648258	-0.2147939157557902	0.22794481294403943	-0.09520140355356763	0.12257041304952325	-0.16860219092663647	0.13374143980733108	-0.16214814022101556	0.08638918226532058	-0.07469825520477236	0.1538765571470094	-0.12089463427888568	0.11499999333332805
-0.06963267858420644	0.12110112871773944	-0.08813914472741902	0.13972840023064792	-0.1202645281860696	0.05981849856946616	-0.14850119512055518	0.13493903863412007	-0.2853770207951712	0.2706819296344631	-0.105139745491266	0.12728499352003186	-0.17915473895608341	0.2659190042658967	-0.5581100105407314	0.10704872466544468	-0.14639229737980752	0.18076165674106398	-0.5574079454788414	1.0000000000000007	-0.12783840824514717	0.14513136101904	-0.15811202495481794	0.2006527836955773	-0.3807293749340327	0.08108435429027935	-0.10622871984239761	0.1435175451073194	-0.13440104921695503	0.1661919512842108	-0.0759071451795798	0.06515166920486931	-0.13864359201737447	0.1153796435431059	-0.11749226694526048
0.08502974501940791	-0.1382113705569229	0.08977266990295134	-0.09397252072976452	0.0711426482861285	-0.0755679905984852	0.16933112943193973	-0.14906793051486364	0.1271853196594987	-0.14044665400147377	0.18327272555074925	-0.1605017861309551	0.1648122440316943	-0.09958890525061764	0.11169795494449179	-0.25772181509493475	0.17348967911258917	-0.1584261835763112	0.1474846420165708	-0.12783840824514717	0.9999999999999982	-0.2698218682275984	0.19837823842203278	-0.170795310642694	0.15487004610928506	-0.6097775282926003	0.3130182743922539	-0.34288572179322363	0.130564506123987	-0.13391589476262689	0.2000473201021395	-0.18922248958573062	0.24573434127962607	-0.12186398988265364	0.1148882261270848
-0.08452340056416266	0.1291617898810248	-0.08866041131229849	0.08896258036947632	-0.0690369854557537	0.0750630381854727	-0.18693621981186745	0.1494995897253443	-0.13865580528737068	0.13693212810473235	-0.17032214947850838	0.21021114382804257	-0.238352359397759	0.1133047656527181	-0.12226750994780036	0.17711531721780546	-0.3629128990834765	0.2524407176467574	-0.18370361394014081	0.14513136101904	-0.2698218682275984	0.9999999999999961	-0.7148120729615602	0.22081579828962333	-0.20166520339493255	0.1755643614645097	-0.2708746576505816	0.21573704252892237	-0.15048752682503969	0.1403349677122919	-0.13051270131345766	0.1165846317222621	-0.18976181545352344	0.11902858286256753	-0.12095040251138425
0.07852010951841044	-0.13245847781588255	0.08942667699254286	-0.09360029779551057	0.07190335113519296	-0.07042546682206396	0.16913503292904658	-0.15216015137733824	0.13670007230608125	-0.14576395811053128	0.14774108190228755	-0.19852390749894808	0.22184698234785938	-0.11660645177243982	0.12557543664818213	-0.16442995698481544	0.24612562733911697	-0.3382493924860431	0.18403457581648258	-0.15811202495481794	0.19837823842203278	-0.7148120729615602	0.9999999999999971	-0.35872537020908946	0.21083148175273586	-0.14452711629691473	0.18746088776188252	-0.2376588176933892	0.17241670313588225	-0.16332375691079298	0.11151143156541618	-0.10161739145247344	0.18176126624311323	-0.13574492086185266	0.12937249891687203
-0.06541314297648437	0.10563442753581395	-0.07294927677094129	0.08911756837123921	-0.07080524294712703	0.056634099111557215	-0.13900299556068155	0.11808895668996264	-0.15413229561512992	0.14838029528923405	-0.10979490564485296	0.1261100915196199	-0.15890381113547458	0.12541046619764765	-0.15553144527009435	0.11348035933596307	-0.15030707865928344	0.16398755218253108	-0.2147939157557902	0.2006527836955773	-0.170795310642694	0.22081579828962333	-0.35872537020908946	0.9999999999999953	-0.5598118657341213	0.11184408442663542	-0.1537026644200698	0.21948826316316133	-0.5256063094799615	0.3010050760150109	-0.10675481357833319	0.09309664314045718	-0.21012307992388568	0.23336715461761492	-0.25011228497681637
0.06629872211710111	-0.11647535017851288	0.07994716227964065	-0.11105324190535573	0.08696303381046877	-0.05758527715745818	0.13910540457735351	-0.12698679412158825	0.1673697801811543	-0.19546549767941018	0.10566492933775677	-0.1237578714727786	0.15100340803008136	-0.14770084190729274	0.19471812225684634	-0.11199799498748832	0.1391638473507443	-0.1584607048873371	0.22794481294403943	-0.3807293749340327	0.15487004610928506	-0.20166520339493255	0.21083148175273586	-0.5598118657341213	0.9999999999999966	-0.10440958309041862	0.13825526714935993	-0.22383644303369402	0.2901700079716361	-0.49546143078068966	0.09809074609947797	-0.08665163971401948	0.19030834305129615	-0.24331063845029863	0.22712543429768497
-0.052433856129542836	0.08208867958515614	-0.05409742208660033	0.056757429138074016	-0.04330608638881433	0.04610452495713985	-0.10600667470126801	0.08959824958707532	-0.08062195533943216	0.08564730415411376	-0.11276580246448452	0.09882948813005211	-0.10648082776770022	0.06298023090099239	-0.07061481908024529	0.1294169179706413	-0.11319807345685087	0.10127664428138762	-0.09520140355356763	0.08108435429027935	-0.6097775282926003	0.1755643614645097	-0.14452711629691473	0.11184408442663542	-0.10440958309041862	0.9999999999999947	-0.6402815884463605	0.23953974921057494	-0.09000449548573963	0.08917322903005954	-0.285169694086145	0.2160703086552618	-0.20204764527568267	0.08381284221420131	-0.07993835033307505
0.0647895068233817	-0.10594161687060995	0.06949294433390099	-0.07409610571083425	0.05640389979578575	-0.056891068078310854	0.13225165448891224	-0.1149933822865855	0.1039513176487749	-0.11212991460383274	0.12097162235456113	-0.12256793596800987	0.13243688639440854	-0.08144934689691596	0.09182640952014935	-0.14140458562237346	0.13962317260013218	-0.1300642280883987	0.12257041304952325	-0.10622871984239761	0.3130182743922539	-0.2708746576505816	0.18746088776188252	-0.1537026644200698	0.13825526714935993	-0.6402815884463605	0.9999999999999952	-0.4144901107254271	0.12500326666088735	-0.12256620070600491	0.255441635963831	-0.32718733303346126	0.25426474468910487	-0.11415867944443035	0.10706181773324201
-0.0802160708140766	0.12119385915351387	-0.08165326248845335	0.0896681003709694	-0.06962771900784738	0.06880041339181721	-0.1654225298547605	0.13330090685323295	-0.14159216629985286	0.13906478569901545	-0.14233532601638846	0.13891702452132432	-0.1648972164203449	0.10822136532991801	-0.12455425025547066	0.14666693891226168	-0.15867655304959286	0.1532738621415129	-0.16860219092663647	0.1435175451073194	-0.34288572179322363	0.21573704252892237	-0.2376588176933892	0.21948826316316133	-0.22383644303369402	0.23953974921057494	-0.4144901107254271	0.9999999999999944	-0.2627121711755459	0.19913317376144068	-0.25688747261581885	0.2229526110420827	-0.6115378905085141	0.19708343916768076	-0.20029878733504355
0.046438575739931695	-0.0762318496926541	0.05194766037586907	-0.06355583874858088	0.04981535149448967	-0.04019889891109632	0.09746001751299575	-0.08404438498979662	0.10224977185239607	-0.10467337989910716	0.07731530450189743	-0.08672640654188156	0.10511931367590675	-0.08307537930200214	0.10174985844280417	-0.08106408955775538	0.09967783299891857	-0.10755831758309581	0.13374143980733108	-0.13440104921695503	0.130564506123987	-0.15048752682503969	0.17241670313588225	-0.5256063094799615	0.2901700079716361	-0.09000449548573963	0.12500326666088735	-0.2627121711755459	0.9999999999999946	-0.5736600524384374	0.08914990807448483	-0.07992799709672405	0.1933460527925566	-0.4551102174961422	0.2967743987369418
-0.0503687992333786	0.08208876850233991	-0.056493393790996355	0.07144994094107748	-0.05676776642598887	0.043366202382314555	-0.10590481020040474	0.09055830367064653	-0.12186219936629274	0.11991261223255756	-0.0818295244308376	0.09108040148714805	-0.11374609672526548	0.09836871668265948	-0.1264118076487715	0.08457502286427904	-0.1043608990215755	0.11212885817494879	-0.16214814022101556	0.1661919512842108	-0.13391589476262689	0.1403349677122919	-0.16332375691079298	0.3010050760150109	-0.49546143078068966	0.08917322903005954	-0.12256620070600491	0.19913317376144068	-0.5736600524384374	0.9999999999999944	-0.09060996270383084	0.07967786207182015	-0.1950979678378986	0.3010765990007138	-0.48379530907341883
0.046057446071605765	-0.07618406723176097	0.04970996920292295	-0.05416312781185501	0.041100522423389116	-0.040036022229562526	0.09339036563803718	-0.08159087554818079	0.0749431994997152	-0.08189786813354635	0.08071242605916816	-0.07994640192124688	0.08886627473295118	-0.057998004300173704	0.06613102988834083	-0.09127107720559027	0.08791593577326032	-0.08434027306684119	0.08638918226532058	-0.0759071451795798	0.2000473201021395	-0.13051270131345766	0.11151143156541618	-0.10675481357833319	0.09809074609947797	-0.285169694086145	0.255441635963831	-0.25688747261581885	0.08914990807448483	-0.09060996270383084	0.9999999999999942	-0.837425419025107	0.24590789677928035	-0.09109634773889938	0.08172575741643344
-0.03918555895237422	0.06361197288101246	-0.04176481281216558	0.04537505124697802	-0.034560050946614906	0.03404618410785264	-0.07978010147154016	0.06858622999500344	-0.06413298067962152	0.06888772041001452	-0.07053495875845482	0.0691100119396712	-0.07736207225285603	0.049685858807339583	-0.056589792732441524	0.07830895436270699	-0.07752691203658994	0.07338458435299243	-0.07469825520477236	0.06515166920486931	-0.18922248958573062	0.1165846317222621	-0.10161739145247344	0.09309664314045718	-0.08665163971401948	0.2160703086552618	-0.32718733303346126	0.2229526110420827	-0.07992799709672405	0.07967786207182015	-0.837425419025107	0.9999999999999951	-0.3296458878195796	0.08356241094366074	-0.07552334724360296
0.07767993928624217	-0.12952257335308667	0.08475937944740339	-0.09562794496271533	0.07267501270040454	-0.06680523886744383	0.1580757608041207	-0.1379346349924312	0.13373411071865743	-0.1462799425881283	0.12435297142282452	-0.1276001114546845	0.1474159828120004	-0.10308881065587694	0.11939380447260992	-0.13317844270555182	0.13929173624067318	-0.13876307897030282	0.1538765571470094	-0.13864359201737447	0.24573434127962607	-0.18976181545352344	0.18176126624311323	-0.21012307992388568	0.19030834305129615	-0.20204764527568267	0.25426474468910487	-0.6115378905085141	0.1933460527925566	-0.1950979678378986	0.24590789677928035	-0.3296458878195796	0.9999999999999949	-0.24499258749411176	0.18672701451940968
-0.043192044786731755	0.07002679292115713	-0.047649200502354404	0.05796911020524411	-0.04550604108223044	0.037163594874027	-0.09028744000720808	0.07681506333511685	-0.09495446120149428	0.0946556700995517	-0.07046704541002498	0.0767875574990334	-0.09419119387428375	0.0751712768001335	-0.09210746148654016	0.07314700513679974	-0.08741401732944777	0.09179286930009702	-0.12089463427888568	0.1153796435431059	-0.12186398988265364	0.11902858286256753	-0.13574492086185266	0.23336715461761492	-0.24331063845029863	0.08381284221420131	-0.11415867944443035	0.19708343916768076	-0.4551102174961422	0.3010765990007138	-0.09109634773889938	0.08356241094366074	-0.24499258749411176	0.9999999999999954	-0.7582679833281896
0.04226338998790492	-0.07068635908455659	0.04776159540135037	-0.059129138525261075	0.04595142226798041	-0.03649973335786845	0.08807140503355453	-0.07696295166156521	0.09111434093461715	-0.09673594604795874	0.06842186024640652	-0.0756941733056048	0.09121587022005762	-0.073426615875947	0.08975488740400735	-0.07194600044767703	0.08520900014299283	-0.09063278481690036	0.11499999333332805	-0.11749226694526048	0.1148882261270848	-0.12095040251138425	0.12937249891687203	-0.25011228497681637	0.22712543429768497	-0.07993835033307505	0.10706181773324201	-0.20029878733504355	0.2967743987369418	-0.48379530907341883	0.08172575741643344	-0.07552334724360296	0.18672701451940968	-0.7582679833281896	0.9999999999999956
