1.0	-0.956946027189178	0.15059911420337818	-0.13175324278931408	0.08006960453610806	-0.12192861838322075	0.11460720904750026	-0.09815080903304797	0.08498867769577426	-0.0899567508000736	0.08247910958762004	-0.07503354324259268	0.08298755165851127	-0.08814563259692325	0.05651049136973504	-0.022242102523588932	0.06377231973467114	-0.0576257630794531	0.04738080734371527	-0.0519754073742338	0.0206849529526754	-0.05300540997299365	0.04279792491164361	-0.04667170972017344	0.0327834680589747	-0.028550372415407928	0.032614060664299754	-0.03649343988936631	0.03479702525162614	-0.029151349357737086	0.03205886388774971	-0.031639428209641426	0.036284579009915566	-0.03741456882503917	0.03393269385174301	-0.00265215679874974	0.02499736383865494	-0.030076670442359617	0.026976412533736137	-0.02575818927347449	0.002699431262256917	-0.028843533030666536	0.037785590068220735	-0.01654421618555802	0.01795386643728291
-0.956946027189178	0.9999999999999996	-0.1815047978110399	0.12176640735949894	-0.07739865166855936	0.10540745484639234	-0.12026551858385186	0.09339957114359212	-0.08259273090308829	0.08123245105456332	-0.0802892215140045	0.07103312586552266	-0.08033925973230964	0.08117304182725199	-0.05244878255565145	0.020896785156144564	-0.06097881369262636	0.05371853010738902	-0.04404299496600805	0.04760901856013379	-0.01958053467770694	0.0488978869307764	-0.03987922312582113	0.04291983416157868	-0.030232733832517067	0.026407252581804964	-0.03018198614963549	0.03372025326530444	-0.03212164442841857	0.026788617492311175	-0.029788064257569455	0.029167048945818255	-0.03358888490844025	0.034363869306681775	-0.031271151524373736	0.0024515798899811965	-0.023035834970515475	0.02762110576521332	-0.024832659173713554	0.023661163353071467	-0.002495918999471391	0.02650703102080273	-0.034780469393129725	0.015195155049442112	-0.016507939877013565
0.15059911420337818	-0.1815047978110399	0.9999999999999996	-0.762348857409541	0.24400619271293397	-0.1213494031614604	0.16015828490432474	-0.3682206772432647	0.2742839325851279	-0.27483255828011577	0.10273495731132296	-0.11593971550094394	0.20701245522458409	-0.24082807352986585	0.13666925500476032	-0.03656332857776579	0.11414953428248566	-0.1127488148360233	0.10157711963810855	-0.12265214164181047	0.03390441251949435	-0.10169489983863103	0.08441495276804738	-0.09912105755476679	0.07147702635031032	-0.055108152373222655	0.06425285842216184	-0.07248106552286998	0.07358655419748637	-0.06352486256013416	0.06223653854439836	-0.06305545740694475	0.07310488647711019	-0.07874771727310985	0.07199330297554828	-0.005262690100577804	0.05070823782202782	-0.06267127319583092	0.056676252862477974	-0.05450625941497622	0.005355145710908686	-0.058538690653595266	0.07873353386534326	-0.034754514298452346	0.037741614413724485
-0.13175324278931408	0.12176640735949894	-0.762348857409541	0.9999999999999993	-0.3733014317358429	0.10076230664290561	-0.14280556024819985	0.25337083410821404	-0.3699350926935797	0.24602724824972158	-0.09029388215502221	0.0993849315634969	-0.19721914246483288	0.20767324313346303	-0.12486230579650327	0.031363460247117815	-0.1012340600568408	0.0973495042167501	-0.0890772251360677	0.10577034581903952	-0.029283488905428087	0.0862865443255979	-0.0732185612331909	0.08465803864000146	-0.06204349404292964	0.04698832847491524	-0.05503917806166473	0.06195972971897756	-0.06354716522390143	0.054583684417577646	-0.05352703106512046	0.05373875189649219	-0.06290607815493456	0.0671536338691026	-0.06209040291558235	0.004501551449000804	-0.04333064532680234	0.05342036874259825	-0.04867177554424338	0.04661019199139262	-0.00458263140823974	0.04975405014432922	-0.0675196107331615	0.029692094788710655	-0.032337721433387756
0.08006960453610806	-0.07739865166855936	0.24400619271293397	-0.3733014317358429	0.999999999999999	-0.10081949146540217	0.13563883012490058	-0.19156285787775199	0.21279194016208827	-0.7960173816037988	0.09468573579962947	-0.1041734636996546	0.1793103777331525	-0.212415381590891	0.20575720103403425	-0.03912397960022865	0.11838941380105746	-0.11889775143795067	0.12207828621498883	-0.17999428731742728	0.03638872508610695	-0.11244046290588725	0.09428652778414637	-0.12079729527050478	0.09401515772696442	-0.06390282775995909	0.07433429958890678	-0.08333457105198175	0.09150625518085875	-0.08359446077947502	0.07296108627210811	-0.07402879261716877	0.08631711978361888	-0.09787798005998238	0.09176235053222771	-0.006271928423728702	0.061229655085540464	-0.07840195591373775	0.07165438987157097	-0.06936256014843774	0.006382430374169393	-0.07071576141041952	0.0990205939684837	-0.04402410978873061	0.04790073176529085
-0.12192861838322075	0.10540745484639234	-0.1213494031614604	0.10076230664290561	-0.10081949146540217	0.9999999999999986	-0.5871938655665989	0.17202514032061583	-0.14435523332710853	0.10418339654115352	-0.6728343056592293	0.29939979803084105	-0.19237027703924287	0.1550794164928741	-0.10468743551666643	0.08387395906755948	-0.2158222599458583	0.15496591361941844	-0.10885783993053652	0.09817344668082674	-0.08077907667602618	0.13500134138808495	-0.10995840297183122	0.10360184046369117	-0.06850339359492737	0.07393509231651836	-0.08091347594863912	0.08910120249681489	-0.0767263402037647	0.06059458507156754	-0.0834642972291701	0.07563096559142597	-0.08667373007019019	0.0817182581517185	-0.07264717340264251	0.006473339445051659	-0.05764134246395278	0.06551758798821317	-0.058172832376279474	0.054955815405434406	-0.00659838639692805	0.065750896995863	-0.08194936207279571	0.03536296658975829	-0.03833942859083138
0.11460720904750026	-0.12026551858385186	0.16015828490432474	-0.14280556024819985	0.13563883012490058	-0.5871938655665989	0.9999999999999981	-0.32697314500262453	0.19994934366950523	-0.14952256055095367	0.31356070597347363	-0.47987696763438153	0.24490985658957337	-0.23422218225268832	0.14433681784320268	-0.07823876988844422	0.24903695349697288	-0.2228565927025728	0.1494903891444068	-0.1404164942262528	0.07108583491822974	-0.1965912819747733	0.14972094751122042	-0.1499067482498791	0.09564127288862252	-0.09522621371949613	0.11059025647588597	-0.12548133953037585	0.10729897277771563	-0.08575611462602348	0.10404587059152573	-0.10585305391534687	0.11898268011763903	-0.11684833554753928	0.1013376271592788	-0.008530568351814151	0.08024580462779377	-0.09253814556413005	0.08126781470700256	-0.07762494681298064	0.008676110005671703	-0.09300228805731764	0.11401920480003075	-0.049796233881398755	0.05368017898037473
-0.09815080903304797	0.09339957114359212	-0.3682206772432647	0.25337083410821404	-0.19156285787775199	0.17202514032061583	-0.32697314500262453	0.999999999999997	-0.6226543161533954	0.19105178170135478	-0.15080007094686354	0.1765545906296587	-0.4768671885153423	0.3090747219055622	-0.14713557510818745	0.04583416936243845	-0.16135377284514404	0.15227000083608813	-0.12305427889425881	0.12690489029713742	-0.04280853783730239	0.12455060420162826	-0.10715520520805348	0.11405650635841356	-0.07870552768798711	0.06464554310241462	-0.07662818032195015	0.08704705862319227	-0.08390220299747359	0.06922788527328891	-0.07313411630958508	0.07364929336017007	-0.08635243513052898	0.08835174809030708	-0.07980908599508374	0.006062335080584709	-0.05796147147775652	0.06940031323322927	-0.06272292113523596	0.059911293428139306	-0.006171800912241797	0.06637028513593772	-0.08703409741474342	0.038114397791113364	-0.04142168495412188
0.08498867769577426	-0.08259273090308829	0.2742839325851279	-0.3699350926935797	0.21279194016208827	-0.14435523332710853	0.19994934366950523	-0.6226543161533954	0.9999999999999978	-0.2573738614755179	0.12315398105099223	-0.14561665287923223	0.30110882823204965	-0.5179176830384337	0.16269838352435764	-0.042243909046516814	0.1392691932186613	-0.1393541520798771	0.1249526964440131	-0.13941143081639581	0.03923649483176723	-0.1189503276714706	0.10051508572748576	-0.11725008305042423	0.08125163343997273	-0.0627995440412052	0.07413655141227213	-0.08428474839169338	0.08495770545702422	-0.07174528507951519	0.07090387900038506	-0.07214685851662166	0.08428975409225627	-0.08985744301417468	0.08108239072741963	-0.00595098741268875	0.05738193761357804	-0.07003735971443087	0.06342313797363347	-0.0610024727908478	0.006056389729090498	-0.06598184417218665	0.0875735124287694	-0.038636757255189856	0.041947927823819536
-0.0899567508000736	0.08123245105456332	-0.27483255828011577	0.24602724824972158	-0.7960173816037988	0.10418339654115352	-0.14952256055095367	0.19105178170135478	-0.2573738614755179	0.9999999999999973	-0.1022550561172111	0.10974403978225064	-0.20283599171803732	0.20698896989009802	-0.30278263852840914	0.03996225045192073	-0.12775752263832052	0.12299137547028324	-0.13083618875410058	0.18574066311999377	-0.03756058875438775	0.11232051794577563	-0.09767266210863361	0.12151301006894033	-0.10024470586456553	0.06408684065480841	-0.07535899937151344	0.08408635646709332	-0.0950793107148996	0.08558313140515758	-0.07448036965361497	0.07421580553643971	-0.0882803276679312	0.09806525278611253	-0.09545598526124982	0.00632329577106299	-0.06175300830732184	0.07846634205829815	-0.07347409731162702	0.07010739242643503	-0.006441183585338904	0.0703614591699669	-0.10101671934532473	0.04438317175235758	-0.04874593875652352
0.08247910958762004	-0.0802892215140045	0.10273495731132296	-0.09029388215502221	0.09468573579962947	-0.6728343056592293	0.31356070597347363	-0.15080007094686354	0.12315398105099223	-0.1022550561172111	0.9999999999999981	-0.55485471657868	0.17929083182628255	-0.1599997196717467	0.10920075291284309	-0.1161074768919252	0.23514889073965972	-0.19087558430623452	0.12060401832005736	-0.10765878520442891	0.09663031012251759	-0.16517277635830432	0.1258566142927597	-0.11971255812390581	0.07526825706781236	-0.08648768107020371	0.09353836018036202	-0.10421181910359131	0.0856665084253629	-0.06741125296095707	0.09409274947312145	-0.08783289088196934	0.09821154239758019	-0.09303333370851584	0.08031551544104555	-0.007333526891695894	0.06560577354612757	-0.07389679719638066	0.06462043140853621	-0.061474809430729575	0.007467224699995291	-0.07556917397791187	0.09093000049054725	-0.03945834017963527	0.042523279058319846
-0.07503354324259268	0.07103312586552266	-0.11593971550094394	0.0993849315634969	-0.1041734636996546	0.29939979803084105	-0.47987696763438153	0.1765545906296587	-0.14561665287923223	0.10974403978225064	-0.55485471657868	0.9999999999999961	-0.25880401089082933	0.1800717861597697	-0.12107603210648411	0.07984544219994852	-0.5033342203916468	0.22695146279411263	-0.1414538874117734	0.11695113422342532	-0.07496864089638612	0.17866687466110714	-0.1486789643191765	0.12979416209010095	-0.08176539995252319	0.08460273812524635	-0.10074870915474622	0.11296466312196757	-0.09358870782178019	0.07243937474720018	-0.09444320546357649	0.0926085731481992	-0.10745185961829438	0.09917992432923006	-0.08625946196499389	0.007487953400870597	-0.0694600106522548	0.07787826870972621	-0.06883148801818392	0.0652312215168949	-0.007626890306503336	0.07895177162565203	-0.09644305370915691	0.041665528601871574	-0.04506489013694341
0.08298755165851127	-0.08033925973230964	0.20701245522458409	-0.19721914246483288	0.1793103777331525	-0.19237027703924287	0.24490985658957337	-0.4768671885153423	0.30110882823204965	-0.20283599171803732	0.17929083182628255	-0.25880401089082933	0.9999999999999988	-0.6224769180499063	0.20007075696947538	-0.06221621195874649	0.22142612177782164	-0.27348364052810814	0.1850740608783867	-0.18793866862781322	0.05746530620968669	-0.18824273050976545	0.161603912583825	-0.17541018906185193	0.11351630628767373	-0.09359452201373261	0.11261425331883067	-0.13150175280889	0.12305937335680585	-0.10127647522862872	0.1042989334306327	-0.10871133896925098	0.12658757507773544	-0.13140763567563002	0.11490286590794892	-0.008731085160165165	0.08443763075672622	-0.10101605564597572	0.0902938724291401	-0.08709725188670288	0.00888177993557755	-0.09727954829943913	0.12465591565652948	-0.05504152304043414	0.059494068710607875
-0.08814563259692325	0.08117304182725199	-0.24082807352986585	0.20767324313346303	-0.212415381590891	0.1550794164928741	-0.23422218225268832	0.3090747219055622	-0.5179176830384337	0.20698896989009802	-0.1599997196717467	0.1800717861597697	-0.6224769180499063	0.9999999999999946	-0.27401052008748167	0.05443301616369133	-0.19713002047976189	0.19237111340408036	-0.19794303063041738	0.1924183038669368	-0.05136172511224339	0.1531686147738582	-0.13972996704567806	0.16040283555615328	-0.11334874141889446	0.08190563664059229	-0.09840281994456314	0.11183801309982593	-0.11821025307235423	0.09745790146044585	-0.09439212283062721	0.09462366676738328	-0.11396749545068027	0.11994729622210823	-0.11036879614394253	0.007839192969092714	-0.07574046488702135	0.09215586190403693	-0.08503377340817371	0.08121815041465401	-0.007985809124799763	0.08592371220845986	-0.11641446610008813	0.05108394624277486	-0.055800655787051706
0.05651049136973504	-0.05244878255565145	0.13666925500476032	-0.12486230579650327	0.20575720103403425	-0.10468743551666643	0.14433681784320268	-0.14713557510818745	0.16269838352435764	-0.30278263852840914	0.10920075291284309	-0.12107603210648411	0.20007075696947538	-0.27401052008748167	0.9999999999999947	-0.050982526100531646	0.16053426695383216	-0.1815299565409838	0.24178861728231477	-0.7338956429557371	0.04751196964124329	-0.16054636767274044	0.13999948378191224	-0.23534522740809988	0.1940087165086733	-0.09044270872437017	0.10844960921150866	-0.12517254364259814	0.16150402961355712	-0.17595478152411334	0.10260077351777243	-0.10969475651274542	0.13072151461890488	-0.17175457441885283	0.15352644487099246	-0.008951686387619222	0.09098077691090685	-0.12312181606072839	0.11277189732597795	-0.11649264919931958	0.009101933604564993	-0.10516733279898645	0.145420021593889	-0.06842863782230517	0.07328755089524694
-0.022242102523588932	0.020896785156144564	-0.03656332857776579	0.031363460247117815	-0.03912397960022865	0.08387395906755948	-0.07823876988844422	0.04583416936243845	-0.042243909046516814	0.03996225045192073	-0.1161074768919252	0.07984544219994852	-0.06221621195874649	0.05443301616369133	-0.050982526100531646	0.9999999999999948	-0.08572944545631901	0.0704846245988398	-0.05482429649488323	0.04801901452921584	-0.9394736588169476	0.08909084022609519	-0.06982404767134898	0.0542059828154659	-0.0400864736391471	0.18636511605448444	-0.0940005528320681	0.0713085150421532	-0.04655875015085592	0.03554814203061466	-0.21281743798661218	0.07534179440174495	-0.07278500662810658	0.050976380092362814	-0.047235274671655045	0.011641437193468582	-0.05258912986823631	0.04862006295881481	-0.040747635958344866	0.03668958651775843	-0.011982936219333516	0.05727574186912832	-0.06154521295948545	0.02471901292304896	-0.026687921079949467
0.06377231973467114	-0.06097881369262636	0.11414953428248566	-0.1012340600568408	0.11838941380105746	-0.2158222599458583	0.24903695349697288	-0.16135377284514404	0.1392691932186613	-0.12775752263832052	0.23514889073965972	-0.5033342203916468	0.22142612177782164	-0.19713002047976189	0.16053426695383216	-0.08572944545631901	0.9999999999999915	-0.5597406781411117	0.2207516304558406	-0.16993499171573176	0.07715911352196288	-0.35175820991046747	0.25232665821182804	-0.21250925503357132	0.11885612893736731	-0.12419831841417463	0.16226150374376222	-0.19015717794889436	0.14111091758989328	-0.10689120516708797	0.13397007022947574	-0.14788749745019616	0.16793641545091834	-0.1524865673501281	0.12570433350566118	-0.010901731136404516	0.10611820974352369	-0.11595658551925743	0.10048231979018005	-0.09608528805325134	0.01108477898158558	-0.12141408294561258	0.13998824077379712	-0.060761646288527496	0.06521250532893531
-0.0576257630794531	0.05371853010738902	-0.1127488148360233	0.0973495042167501	-0.11889775143795067	0.15496591361941844	-0.2228565927025728	0.15227000083608813	-0.1393541520798771	0.12299137547028324	-0.19087558430623452	0.22695146279411263	-0.27348364052810814	0.19237111340408036	-0.1815299565409838	0.0704846245988398	-0.5597406781411117	0.9999999999999944	-0.4094968907130036	0.185261485641307	-0.06701505122355966	0.2766094883278825	-0.4564106743636723	0.23745775696444915	-0.13136545021401977	0.11705630911045219	-0.1644774495048988	0.20724252051320213	-0.16180088235709383	0.11364524443839225	-0.13338569123029084	0.14474027348829197	-0.18978295578462917	0.1587123719484625	-0.13296979653429192	0.010662093088919673	-0.10592662930716291	0.11539515736578833	-0.10322234060052303	0.09788166477169384	-0.01086426537463003	0.1168589932017083	-0.14116523907260128	0.060826593019948125	-0.06590891091516346
0.04738080734371527	-0.04404299496600805	0.10157711963810855	-0.0890772251360677	0.12207828621498883	-0.10885783993053652	0.1494903891444068	-0.12305427889425881	0.1249526964440131	-0.13083618875410058	0.12060401832005736	-0.1414538874117734	0.1850740608783867	-0.19794303063041738	0.24178861728231477	-0.05482429649488323	0.2207516304558406	-0.4094968907130036	0.9999999999999919	-0.3833458172923934	0.05135303394590617	-0.20027660030313515	0.2012045007832803	-0.6502268977307472	0.18335550155218172	-0.09869124495010456	0.12730072537664358	-0.15898297690471636	0.2323257276561103	-0.16260632577241296	0.11092830431602874	-0.12489786468175823	0.15692369851216248	-0.22678164356968195	0.16001501669385013	-0.009420611600979633	0.09723828708665129	-0.12285166913131043	0.11395481890774614	-0.1164056532880774	0.009581648489818333	-0.11048532639527531	0.14339933867610005	-0.06668253283891862	0.07161097204366787
-0.0519754073742338	0.04760901856013379	-0.12265214164181047	0.10577034581903952	-0.17999428731742728	0.09817344668082674	-0.1404164942262528	0.12690489029713742	-0.13941143081639581	0.18574066311999377	-0.10765878520442891	0.11695113422342532	-0.18793866862781322	0.1924183038669368	-0.7338956429557371	0.04801901452921584	-0.16993499171573176	0.185261485641307	-0.3833458172923934	0.9999999999999942	-0.04529374660383803	0.15078804373260324	-0.14419330333536878	0.23866344551589744	-0.2860723986338311	0.08485757075741002	-0.1049294219061152	0.12055035627761997	-0.1803064846197439	0.18942483917437325	-0.09868850317723711	0.10428663958995749	-0.1300778038986965	0.16762279879359213	-0.1676744392815895	0.008481314624319518	-0.08759626627416221	0.11741858704929514	-0.11505079520530911	0.11548546134249726	-0.00863518999165237	0.0987366511921979	-0.1431722032459906	0.06644158023564188	-0.0726606563644118
0.0206849529526754	-0.01958053467770694	0.03390441251949435	-0.029283488905428087	0.03638872508610695	-0.08077907667602618	0.07108583491822974	-0.04280853783730239	0.03923649483176723	-0.03756058875438775	0.09663031012251759	-0.07496864089638612	0.05746530620968669	-0.05136172511224339	0.04751196964124329	-0.9394736588169476	0.07715911352196288	-0.06701505122355966	0.05135303394590617	-0.04529374660383803	0.9999999999999896	-0.08790535962845254	0.06621108753028572	-0.05148357435034321	0.03749325562278542	-0.23607640207097821	0.09200401908606506	-0.06988364957549377	0.043727655460969836	-0.03343871069709213	0.1793762210928311	-0.07442885610993374	0.06882191854883679	-0.04837603519049877	0.04414709354676423	-0.01012678887909978	0.0500622245496841	-0.046069728467949954	0.03815055314736855	-0.03454103272135219	0.010368009568362051	-0.0553611185275808	0.05733873030420912	-0.023188203791149168	0.024923225804279435
-0.05300540997299365	0.0488978869307764	-0.10169489983863103	0.0862865443255979	-0.11244046290588725	0.13500134138808495	-0.1965912819747733	0.12455060420162826	-0.1189503276714706	0.11232051794577563	-0.16517277635830432	0.17866687466110714	-0.18824273050976545	0.1531686147738582	-0.16054636767274044	0.08909084022609519	-0.35175820991046747	0.2766094883278825	-0.20027660030313515	0.15078804373260324	-0.08790535962845254	0.9999999999999875	-0.582546174813504	0.18265797456754168	-0.1297892772651039	0.19664059056793304	-0.4250468864037211	0.2947246591046819	-0.16018739923227138	0.11368237583011802	-0.23691590366809295	0.24310180908300813	-0.3016917512605095	0.16898973587634497	-0.15130178922620102	0.01708738926042726	-0.16767757934417346	0.14851220852470265	-0.1272824565917585	0.11373856928334324	-0.017479010816664038	0.1687033127330918	-0.18824941629595415	0.0746216070668283	-0.08112020334002776
0.04279792491164361	-0.03987922312582113	0.08441495276804738	-0.0732185612331909	0.09428652778414637	-0.10995840297183122	0.14972094751122042	-0.10715520520805348	0.10051508572748576	-0.09767266210863361	0.1258566142927597	-0.1486789643191765	0.161603912583825	-0.13972996704567806	0.13999948378191224	-0.06982404767134898	0.25232665821182804	-0.4564106743636723	0.2012045007832803	-0.14419330333536878	0.06621108753028572	-0.582546174813504	0.9999999999999842	-0.2014384644875609	0.11451566019338104	-0.15335965805679133	0.24693451298990532	-0.4872740007757418	0.14659662338639945	-0.10305313762373328	0.16235886008253744	-0.2097617961276693	0.258357906630904	-0.16186705550216185	0.12859881234198764	-0.012812435279728996	0.1330742501958748	-0.1281288458593215	0.10604932813691724	-0.09890719255876204	0.013032281767769976	-0.1476717477810648	0.15003730522060638	-0.06260333902723314	0.06687329599805436
-0.04667170972017344	0.04291983416157868	-0.09912105755476679	0.08465803864000146	-0.12079729527050478	0.10360184046369117	-0.1499067482498791	0.11405650635841356	-0.11725008305042423	0.12151301006894033	-0.11971255812390581	0.12979416209010095	-0.17541018906185193	0.16040283555615328	-0.23534522740809988	0.0542059828154659	-0.21250925503357132	0.23745775696444915	-0.6502268977307472	0.23866344551589744	-0.05148357435034321	0.18265797456754168	-0.2014384644875609	0.999999999999991	-0.25082426324170815	0.09895920079462285	-0.1292137922152755	0.15444721595737423	-0.45636981483864586	0.19541637650410335	-0.11534278448205304	0.12720381702548167	-0.17336825362904765	0.2586193686721497	-0.20040839277807926	0.009774657001694154	-0.10328055267464621	0.1330604849739833	-0.1330699417812983	0.13225418477467793	-0.009955225943721148	0.11427847617673668	-0.16017490474360274	0.07421458460914926	-0.08132145313014882
0.0327834680589747	-0.030232733832517067	0.07147702635031032	-0.06204349404292964	0.09401515772696442	-0.06850339359492737	0.09564127288862252	-0.07870552768798711	0.08125163343997273	-0.10024470586456553	0.07526825706781236	-0.08176539995252319	0.11351630628767373	-0.11334874141889446	0.1940087165086733	-0.0400864736391471	0.11885612893736731	-0.13136545021401977	0.18335550155218172	-0.2860723986338311	0.03749325562278542	-0.1297892772651039	0.11451566019338104	-0.25082426324170815	0.9999999999999875	-0.07757952950304856	0.09583427830018856	-0.11182011173773937	0.22005564824139795	-0.8000575751968266	0.08804270509605037	-0.10202955443692013	0.1255658556798567	-0.22327240103630766	0.24212033148147905	-0.008021608940816261	0.08894760624589214	-0.14551181901053467	0.1384777500324706	-0.17979210439564236	0.008145403005071812	-0.10255785117273025	0.14517837588138238	-0.08007218748615069	0.082927989485233
-0.028550372415407928	0.026407252581804964	-0.055108152373222655	0.04698832847491524	-0.06390282775995909	0.07393509231651836	-0.09522621371949613	0.06464554310241462	-0.0627995440412052	0.06408684065480841	-0.08648768107020371	0.08460273812524635	-0.09359452201373261	0.08190563664059229	-0.09044270872437017	0.18636511605448444	-0.12419831841417463	0.11705630911045219	-0.09869124495010456	0.08485757075741002	-0.23607640207097821	0.19664059056793304	-0.15335965805679133	0.09895920079462285	-0.07757952950304856	0.9999999999999845	-0.37065781484752924	0.1794052273530649	-0.09347165460072601	0.06918451348691834	-0.8074602741451421	0.21093965016770866	-0.1840387146924555	0.10427784458796567	-0.09639102884949112	0.03358987550479814	-0.13594964626670947	0.10758466875022932	-0.08651886778655074	0.07615391194044255	-0.034509470938737546	0.14008008123570292	-0.13378661858074084	0.05183533015756446	-0.05554548084681299
0.032614060664299754	-0.03018198614963549	0.06425285842216184	-0.05503917806166473	0.07433429958890678	-0.08091347594863912	0.11059025647588597	-0.07662818032195015	0.07413655141227213	-0.07535899937151344	0.09353836018036202	-0.10074870915474622	0.11261425331883067	-0.09840281994456314	0.10844960921150866	-0.0940005528320681	0.16226150374376222	-0.1644774495048988	0.12730072537664358	-0.1049294219061152	0.09200401908606506	-0.4250468864037211	0.24693451298990532	-0.1292137922152755	0.09583427830018856	-0.37065781484752924	0.9999999999999851	-0.41856684217242335	0.12244474821499392	-0.08708161658422404	0.2613474355060179	-0.5704364995655677	0.29429230446778337	-0.14253718467566112	0.12034375191948535	-0.018659208100992843	0.21177326619906464	-0.14770689743242185	0.10998316136602805	-0.09736488009435249	0.018928253581722405	-0.2258889939367839	0.16703797272449544	-0.06453621628036459	0.06788101952891999
-0.03649343988936631	0.03372025326530444	-0.07248106552286998	0.06195972971897756	-0.08333457105198175	0.08910120249681489	-0.12548133953037585	0.08704705862319227	-0.08428474839169338	0.08408635646709332	-0.10421181910359131	0.11296466312196757	-0.13150175280889	0.11183801309982593	-0.12517254364259814	0.0713085150421532	-0.19015717794889436	0.20724252051320213	-0.15898297690471636	0.12055035627761997	-0.06988364957549377	0.2947246591046819	-0.4872740007757418	0.15444721595737423	-0.11182011173773937	0.1794052273530649	-0.41856684217242335	0.9999999999999872	-0.15993074626493747	0.10094214496422396	-0.20435239942015063	0.27360646259728594	-0.612097068716629	0.17823379715561072	-0.1379622894130698	0.015083439725129176	-0.16598243857036082	0.14322856727084693	-0.11650069180988752	0.10418944865426732	-0.01538807758946838	0.1673494173467614	-0.1661866645250152	0.06627521351557283	-0.07098725450660656
0.03479702525162614	-0.03212164442841857	0.07358655419748637	-0.06354716522390143	0.09150625518085875	-0.0767263402037647	0.10729897277771563	-0.08390220299747359	0.08495770545702422	-0.0950793107148996	0.0856665084253629	-0.09358870782178019	0.12305937335680585	-0.11821025307235423	0.16150402961355712	-0.04655875015085592	0.14111091758989328	-0.16180088235709383	0.2323257276561103	-0.1803064846197439	0.043727655460969836	-0.16018739923227138	0.14659662338639945	-0.45636981483864586	0.22005564824139795	-0.09347165460072601	0.12244474821499392	-0.15993074626493747	0.9999999999999882	-0.28393963292709723	0.10482382116908838	-0.13391753311311178	0.1869048703530964	-0.703255323127603	0.23486260746273324	-0.009298808144250423	0.10421712640884717	-0.14593834635235534	0.14190548777382622	-0.16150311292587935	0.009444696425592316	-0.11849992556361444	0.15477347964429558	-0.07864154952577602	0.08308000667839249
-0.029151349357737086	0.026788617492311175	-0.06352486256013416	0.054583684417577646	-0.08359446077947502	0.06059458507156754	-0.08575611462602348	0.06922788527328891	-0.07174528507951519	0.08558313140515758	-0.06741125296095707	0.07243937474720018	-0.10127647522862872	0.09745790146044585	-0.17595478152411334	0.03554814203061466	-0.10689120516708797	0.11364524443839225	-0.16260632577241296	0.18942483917437325	-0.03343871069709213	0.11368237583011802	-0.10305313762373328	0.19541637650410335	-0.8000575751968266	0.06918451348691834	-0.08708161658422404	0.10094214496422396	-0.28393963292709723	0.9999999999999903	-0.079773579912192	0.09249222384123591	-0.11901744547882294	0.21814213855938722	-0.36499239627412544	0.007239690187831251	-0.08240358503090922	0.13350114052580156	-0.14660862328622973	0.17739680392364332	-0.007358003309794955	0.09283041646938403	-0.14010483789885425	0.07639617451894185	-0.08222295129968557
0.03205886388774971	-0.029788064257569455	0.06223653854439836	-0.05352703106512046	0.07296108627210811	-0.0834642972291701	0.10404587059152573	-0.07313411630958508	0.07090387900038506	-0.07448036965361497	0.09409274947312145	-0.09444320546357649	0.1042989334306327	-0.09439212283062721	0.10260077351777243	-0.21281743798661218	0.13397007022947574	-0.13338569123029084	0.11092830431602874	-0.09868850317723711	0.1793762210928311	-0.23691590366809295	0.16235886008253744	-0.11534278448205304	0.08804270509605037	-0.8074602741451421	0.2613474355060179	-0.20435239942015063	0.10482382116908838	-0.079773579912192	0.9999999999999882	-0.2545878456382296	0.1883543451956304	-0.12077843752494079	0.10904335903508128	-0.04472750583394362	0.14985129880105194	-0.12798660642133802	0.09870835876411477	-0.08899881869841353	0.042717874769757705	-0.1773279180797133	0.15055779186509716	-0.06055356607219238	0.06381614036831301
-0.031639428209641426	0.029167048945818255	-0.06305545740694475	0.05373875189649219	-0.07402879261716877	0.07563096559142597	-0.10585305391534687	0.07364929336017007	-0.07214685851662166	0.07421580553643971	-0.08783289088196934	0.0926085731481992	-0.10871133896925098	0.09462366676738328	-0.10969475651274542	0.07534179440174495	-0.14788749745019616	0.14474027348829197	-0.12489786468175823	0.10428663958995749	-0.07442885610993374	0.24310180908300813	-0.2097617961276693	0.12720381702548167	-0.10202955443692013	0.21093965016770866	-0.5704364995655677	0.27360646259728594	-0.13391753311311178	0.09249222384123591	-0.2545878456382296	0.9999999999999849	-0.4723291034961005	0.15575420403449647	-0.13525446298336857	0.019334260275579412	-0.4375592872263243	0.17336856148448107	-0.1295651733070258	0.10848359376564853	-0.019709730055247864	0.26269319641555067	-0.20438347873665044	0.07290570899112697	-0.07720006586417823
0.036284579009915566	-0.03358888490844025	0.07310488647711019	-0.06290607815493456	0.08631711978361888	-0.08667373007019019	0.11898268011763903	-0.08635243513052898	0.08428975409225627	-0.0882803276679312	0.09821154239758019	-0.10745185961829438	0.12658757507773544	-0.11396749545068027	0.13072151461890488	-0.07278500662810658	0.16793641545091834	-0.18978295578462917	0.15692369851216248	-0.1300778038986965	0.06882191854883679	-0.3016917512605095	0.258357906630904	-0.17336825362904765	0.1255658556798567	-0.1840387146924555	0.29429230446778337	-0.612097068716629	0.1869048703530964	-0.11901744547882294	0.1883543451956304	-0.4723291034961005	0.9999999999999873	-0.28782594632026554	0.1646248608345877	-0.016319097769858435	0.21097541255300803	-0.19865020818652168	0.142157594864894	-0.1311359649748015	0.01652251038867522	-0.2374437926944929	0.19561153728955244	-0.08030975290358142	0.08382091912156706
-0.03741456882503917	0.034363869306681775	-0.07874771727310985	0.0671536338691026	-0.09787798005998238	0.0817182581517185	-0.11684833554753928	0.08835174809030708	-0.08985744301417468	0.09806525278611253	-0.09303333370851584	0.09917992432923006	-0.13140763567563002	0.11994729622210823	-0.17175457441885283	0.050976380092362814	-0.1524865673501281	0.1587123719484625	-0.22678164356968195	0.16762279879359213	-0.04837603519049877	0.16898973587634497	-0.16186705550216185	0.2586193686721497	-0.22327240103630766	0.10427784458796567	-0.14253718467566112	0.17823379715561072	-0.703255323127603	0.21814213855938722	-0.12077843752494079	0.15575420403449647	-0.28782594632026554	0.9999999999999863	-0.3800536517126394	0.010598309527096198	-0.12433448479717979	0.16906361631028208	-0.18835008733227634	0.19381942888859288	-0.010781505461613203	0.13448361826850894	-0.1888555248317813	0.09348579464753665	-0.10229538874022794
0.03393269385174301	-0.031271151524373736	0.07199330297554828	-0.06209040291558235	0.09176235053222771	-0.07264717340264251	0.1013376271592788	-0.07980908599508374	0.08108239072741963	-0.09545598526124982	0.08031551544104555	-0.08625946196499389	0.11490286590794892	-0.11036879614394253	0.15352644487099246	-0.047235274671655045	0.12570433350566118	-0.13296979653429192	0.16001501669385013	-0.1676744392815895	0.04414709354676423	-0.15130178922620102	0.12859881234198764	-0.20040839277807926	0.24212033148147905	-0.09639102884949112	0.12034375191948535	-0.1379622894130698	0.23486260746273324	-0.36499239627412544	0.10904335903508128	-0.13525446298336857	0.1646248608345877	-0.3800536517126394	0.9999999999999872	-0.010468290146022055	0.12725560572142675	-0.2644749533981812	0.27231841560837905	-0.602681763837182	0.010614124755545752	-0.1463338840854389	0.21438208601980002	-0.1446942687427347	0.1447393096815091
-0.00265215679874974	0.0024515798899811965	-0.005262690100577804	0.004501551449000804	-0.006271928423728702	0.006473339445051659	-0.008530568351814151	0.006062335080584709	-0.00595098741268875	0.00632329577106299	-0.007333526891695894	0.007487953400870597	-0.008731085160165165	0.007839192969092714	-0.008951686387619222	0.011641437193468582	-0.010901731136404516	0.010662093088919673	-0.009420611600979633	0.008481314624319518	-0.01012678887909978	0.01708738926042726	-0.012812435279728996	0.009774657001694154	-0.008021608940816261	0.03358987550479814	-0.018659208100992843	0.015083439725129176	-0.009298808144250423	0.007239690187831251	-0.04472750583394362	0.019334260275579412	-0.016319097769858435	0.010598309527096198	-0.010468290146022055	0.9999999999999871	-0.02189366979476368	0.013888170244809999	-0.010289070794729837	0.008796047598427774	-0.9975988272116474	0.026679821658596115	-0.018335045833539763	0.006342299151545142	-0.006662441147922324
0.02499736383865494	-0.023035834970515475	0.05070823782202782	-0.04333064532680234	0.061229655085540464	-0.05764134246395278	0.08024580462779377	-0.05796147147775652	0.05738193761357804	-0.06175300830732184	0.06560577354612757	-0.0694600106522548	0.08443763075672622	-0.07574046488702135	0.09098077691090685	-0.05258912986823631	0.10611820974352369	-0.10592662930716291	0.09723828708665129	-0.08759626627416221	0.0500622245496841	-0.16767757934417346	0.1330742501958748	-0.10328055267464621	0.08894760624589214	-0.13594964626670947	0.21177326619906464	-0.16598243857036082	0.10421712640884717	-0.08240358503090922	0.14985129880105194	-0.4375592872263243	0.21097541255300803	-0.12433448479717979	0.12725560572142675	-0.02189366979476368	0.9999999999999857	-0.2820165137774336	0.15044221196348279	-0.11972662426365345	0.021945016259885892	-0.7533232187744247	0.2508258317266998	-0.0836135708138614	0.08391996936730042
-0.030076670442359617	0.02762110576521332	-0.06267127319583092	0.05342036874259825	-0.07840195591373775	0.06551758798821317	-0.09253814556413005	0.06940031323322927	-0.07003735971443087	0.07846634205829815	-0.07389679719638066	0.07787826870972621	-0.10101605564597572	0.09215586190403693	-0.12312181606072839	0.04862006295881481	-0.11595658551925743	0.11539515736578833	-0.12285166913131043	0.11741858704929514	-0.046069728467949954	0.14851220852470265	-0.1281288458593215	0.1330604849739833	-0.14551181901053467	0.10758466875022932	-0.14770689743242185	0.14322856727084693	-0.14593834635235534	0.13350114052580156	-0.12798660642133802	0.17336856148448107	-0.19865020818652168	0.16906361631028208	-0.2644749533981812	0.013888170244809999	-0.2820165137774336	0.9999999999999849	-0.5725789947350753	0.2593876301982855	-0.014102600593244651	0.23936340784189736	-0.5679058710078936	0.16792082955951107	-0.17438395719300964
0.026976412533736137	-0.024832659173713554	0.056676252862477974	-0.04867177554424338	0.07165438987157097	-0.058172832376279474	0.08126781470700256	-0.06272292113523596	0.06342313797363347	-0.07347409731162702	0.06462043140853621	-0.06883148801818392	0.0902938724291401	-0.08503377340817371	0.11277189732597795	-0.040747635958344866	0.10048231979018005	-0.10322234060052303	0.11395481890774614	-0.11505079520530911	0.03815055314736855	-0.1272824565917585	0.10604932813691724	-0.1330699417812983	0.1384777500324706	-0.08651886778655074	0.10998316136602805	-0.11650069180988752	0.14190548777382622	-0.14660862328622973	0.09870835876411477	-0.1295651733070258	0.142157594864894	-0.18835008733227634	0.27231841560837905	-0.010289070794729837	0.15044221196348279	-0.5725789947350753	0.9999999999999836	-0.6026238146770521	0.01041801236835559	-0.16618786719156922	0.264781346871319	-0.22036457866260323	0.18634444291171576
-0.02575818927347449	0.023661163353071467	-0.05450625941497622	0.04661019199139262	-0.06936256014843774	0.054955815405434406	-0.07762494681298064	0.059911293428139306	-0.0610024727908478	0.07010739242643503	-0.061474809430729575	0.0652312215168949	-0.08709725188670288	0.08121815041465401	-0.11649264919931958	0.03668958651775843	-0.09608528805325134	0.09788166477169384	-0.1164056532880774	0.11548546134249726	-0.03454103272135219	0.11373856928334324	-0.09890719255876204	0.13225418477467793	-0.17979210439564236	0.07615391194044255	-0.09736488009435249	0.10418944865426732	-0.16150311292587935	0.17739680392364332	-0.08899881869841353	0.10848359376564853	-0.1311359649748015	0.19381942888859288	-0.602681763837182	0.008796047598427774	-0.11972662426365345	0.2593876301982855	-0.6026238146770521	0.9999999999999825	-0.008931604481833815	0.1287452011681337	-0.23969462812493972	0.1743463068510318	-0.21035321991910708
0.002699431262256917	-0.002495918999471391	0.005355145710908686	-0.00458263140823974	0.006382430374169393	-0.00659838639692805	0.008676110005671703	-0.006171800912241797	0.006056389729090498	-0.006441183585338904	0.007467224699995291	-0.007626890306503336	0.00888177993557755	-0.007985809124799763	0.009101933604564993	-0.011982936219333516	0.01108477898158558	-0.01086426537463003	0.009581648489818333	-0.00863518999165237	0.010368009568362051	-0.017479010816664038	0.013032281767769976	-0.009955225943721148	0.008145403005071812	-0.034509470938737546	0.018928253581722405	-0.01538807758946838	0.009444696425592316	-0.007358003309794955	0.042717874769757705	-0.019709730055247864	0.01652251038867522	-0.010781505461613203	0.010614124755545752	-0.9975988272116474	0.021945016259885892	-0.014102600593244651	0.01041801236835559	-0.008931604481833815	0.9999999999999825	-0.027655170060755567	0.018467591831906466	-0.006429731489608298	0.006744757037802831
-0.028843533030666536	0.02650703102080273	-0.058538690653595266	0.04975405014432922	-0.07071576141041952	0.065750896995863	-0.09300228805731764	0.06637028513593772	-0.06598184417218665	0.0703614591699669	-0.07556917397791187	0.07895177162565203	-0.09727954829943913	0.08592371220845986	-0.10516733279898645	0.05727574186912832	-0.12141408294561258	0.1168589932017083	-0.11048532639527531	0.0987366511921979	-0.0553611185275808	0.1687033127330918	-0.1476717477810648	0.11427847617673668	-0.10255785117273025	0.14008008123570292	-0.2258889939367839	0.1673494173467614	-0.11849992556361444	0.09283041646938403	-0.1773279180797133	0.26269319641555067	-0.2374437926944929	0.13448361826850894	-0.1463338840854389	0.026679821658596115	-0.7533232187744247	0.23936340784189736	-0.16618786719156922	0.1287452011681337	-0.027655170060755567	0.9999999999999825	-0.40746026934602586	0.09998396818625166	-0.10360745543515622
0.037785590068220735	-0.034780469393129725	0.07873353386534326	-0.0675196107331615	0.0990205939684837	-0.08194936207279571	0.11401920480003075	-0.08703409741474342	0.0875735124287694	-0.10101671934532473	0.09093000049054725	-0.09644305370915691	0.12465591565652948	-0.11641446610008813	0.145420021593889	-0.06154521295948545	0.13998824077379712	-0.14116523907260128	0.14339933867610005	-0.1431722032459906	0.05733873030420912	-0.18824941629595415	0.15003730522060638	-0.16017490474360274	0.14517837588138238	-0.13378661858074084	0.16703797272449544	-0.1661866645250152	0.15477347964429558	-0.14010483789885425	0.15055779186509716	-0.20438347873665044	0.19561153728955244	-0.1888555248317813	0.21438208601980002	-0.018335045833539763	0.2508258317266998	-0.5679058710078936	0.264781346871319	-0.23969462812493972	0.018467591831906466	-0.40746026934602586	0.999999999999982	-0.23473396133937735	0.190065495851252
