1.0000000000000002	-0.6726162714697117	0.24387235149030875	-0.23877634491970715	0.09379476796574782	-0.38158408789834813	0.29171253201255	-0.2883780844279438	0.22820001607316312	-0.09625623146105905	0.24710256855536614	-0.157504067663434	0.14177731636203794	-0.13855840799206784	0.12204605679762244	-0.14890278316271932	0.12669738695667604	-0.14901281012960715	0.13382527013929463	-0.12160481251702346	0.12334261639771756	-0.13438499465306045	0.13457610614571341	-0.20138128988632617	0.11724057675120686	-0.14294622388535716	0.1670675066724826	-0.16236581385336818	0.13953217196527787	-0.10971280769678295	0.09871356714906362	-0.12083183375865426	0.11616469835307201	-0.14728915906791903	0.11768796900767135	-0.11883108749277593	0.08515508565337324	-0.1330456037005133	0.10518516823276727	-0.16971100991433302
-0.6726162714697117	1.0	-0.36987454813306964	0.22151444397016848	-0.08405938564484985	0.23198663814937806	-0.4957103194486951	0.27906319195476387	-0.2337922318331773	0.08172193311233268	-0.20117249735825202	0.11819964091500793	-0.11401237838139612	0.11058116975489027	-0.09851276224782608	0.10145486285607615	-0.09107459661760792	0.10570716859819643	-0.10524055199979646	0.09054177761811132	-0.0850660198683865	0.09177523096930229	-0.09425519360764062	0.1299532271480978	-0.07911636286958469	0.09260835671954479	-0.11392375020965867	0.10384166945909956	-0.09164502537465073	0.07204761421005493	-0.06434129228552117	0.07700131514294245	-0.07455546646529135	0.09367253643730078	-0.07687211589243664	0.07561594843103872	-0.05460767985630477	0.08382861446122725	-0.06662912759639747	0.10596224291800944
0.24387235149030875	-0.36987454813306964	1.0	-0.6973442278942033	0.12770357989019232	-0.17882241649029407	0.25121616539469205	-0.41752906843921583	0.2928258772187085	-0.1301252610401036	0.1612615209658168	-0.12361124331596993	0.12015221750747418	-0.13688096325526766	0.11520251426941935	-0.10583370215878699	0.09500441226238347	-0.11487191296409206	0.11993018695059499	-0.10637641946155753	0.08904700175836315	-0.09782550547407186	0.10047256610442958	-0.14388622869099665	0.08743728462466736	-0.0989733420024367	0.12027146234648044	-0.11331970965208125	0.09988925453814167	-0.07971169153130626	0.06871427174473736	-0.08298873792446705	0.08102603986717691	-0.10271847293623149	0.08403479851695439	-0.08137708019878778	0.05878441081304182	-0.09149665254291965	0.07275577008268368	-0.11603449506657675
-0.23877634491970715	0.22151444397016848	-0.6973442278942033	0.9999999999999998	-0.19742493653577275	0.1512439924913346	-0.21495929063347993	0.2610021675222946	-0.519387945364261	0.16162366359768873	-0.15419325620073082	0.10879284202744188	-0.10902835216692677	0.15772654457256555	-0.13712449380784344	0.0958176825220148	-0.087837005572045	0.10586139927014944	-0.1370256530413657	0.11410889812512717	-0.08201467878796663	0.08936901917600426	-0.09375283657595265	0.13191077895861178	-0.08423727404160893	0.08892463429280759	-0.11264039605666601	0.10205836327269849	-0.09251680794931766	0.0747214271366892	-0.062118056183143484	0.07429961470627042	-0.07328957475683585	0.0930906284322645	-0.07797819552395005	0.07269518115623438	-0.052851614187752964	0.08182532099312939	-0.06547680887438709	0.10339115440528772
0.09379476796574782	-0.08405938564484985	0.12770357989019232	-0.19742493653577275	0.9999999999999993	-0.07244450483996445	0.08317062120718592	-0.10519390943484026	0.1688950337616468	-0.9383251570301934	0.07639492245221166	-0.06106628482005679	0.05924778305345149	-0.1159120842952517	0.1323820991889635	-0.058385092376480034	0.05285979184645184	-0.06542799147312069	0.09455667614508956	-0.11014114216552431	0.05072715565199211	-0.05585352800309072	0.058855782331215044	-0.09155101193981922	0.06243640990065958	-0.056538920684589	0.07242596171534599	-0.06769679301549855	0.06306889453724877	-0.05450881410306664	0.03971509965112449	-0.048132771154679205	0.04867173297842058	-0.06398490471713754	0.05427543087782762	-0.04685419062459675	0.0342705966934946	-0.054495711960613806	0.04405033957126024	-0.06950554560303712
-0.38158408789834813	0.23198663814937806	-0.17882241649029407	0.1512439924913346	-0.07244450483996445	1.0000000000000002	-0.362246831638126	0.22623612355277656	-0.20446581807959813	0.07062317695102527	-0.7469260974280817	0.16176969700721122	-0.1500171310591955	0.11188936761331007	-0.10230530617179232	0.14299812645198826	-0.12548417129687103	0.13167045936506488	-0.11369365464811139	0.09656569358612739	-0.11535122929273085	0.11715733570934503	-0.11944115507856623	0.14672224868402262	-0.08972793166048025	0.11372043469870695	-0.14225132892167777	0.11988145401119937	-0.10615196060349728	0.08129466166041803	-0.07888548007296833	0.09091187973977234	-0.08643157109115876	0.10585891982898885	-0.08788158628841879	0.08961772249552241	-0.06482094471921279	0.0955270372964993	-0.07582991335582778	0.11908815917465622
0.29171253201255	-0.4957103194486951	0.25121616539469205	-0.21495929063347993	0.08317062120718592	-0.362246831638126	0.9999999999999998	-0.6355577414973675	0.23838117625351565	-0.08391539842140056	0.23242056062937827	-0.1622410945867348	0.15018913186714872	-0.12443357872946365	0.1065561207699013	-0.12264628287315564	0.11106504108645236	-0.13006059959729976	0.11638167861176665	-0.10158156123684665	0.10068294277085	-0.10987055954486102	0.11203519944093766	-0.1504582477476522	0.0902510391894077	-0.10836636253609808	0.1306288125818492	-0.12075789264387632	0.10558188573314775	-0.0826609951839087	0.07491129753025254	-0.0893678193002323	0.0863144976739154	-0.1079177056027865	0.08815355309070899	-0.0878506402011365	0.0633391798775169	-0.09698425960786075	0.07690347434937135	-0.1223077207985842
-0.2883780844279438	0.27906319195476387	-0.41752906843921583	0.2610021675222946	-0.10519390943484026	0.22623612355277656	-0.6355577414973675	1.0000000000000002	-0.4106112544407122	0.10182799454387172	-0.23104662967009643	0.16946476044723058	-0.20449895222913805	0.15108576897203027	-0.13052124106742827	0.12265593139908774	-0.11831623769463431	0.14000903376410412	-0.1400170696062585	0.11479728782879432	-0.10342374897921039	0.11247882874089929	-0.11910488850384668	0.1480806230205755	-0.09292449983490617	0.10581886912608172	-0.13414152430537185	0.11766253468562662	-0.10568728985716613	0.08288577484211421	-0.07376727910769444	0.0864163446486383	-0.08441829950882719	0.10483211500879915	-0.0878478334301321	0.08475383599425934	-0.06162401941365115	0.09322016577444389	-0.07435896174228473	0.11667718941778278
0.22820001607316312	-0.2337922318331773	0.2928258772187085	-0.519387945364261	0.1688950337616468	-0.20446581807959813	0.23838117625351565	-0.4106112544407122	0.9999999999999982	-0.19490438113880235	0.19550122953977214	-0.16894561613818634	0.16149583929806982	-0.3612530604238632	0.21271997493208122	-0.15546984224554233	0.1385484253439598	-0.17394552507438277	0.2203681816326024	-0.19597340450696252	0.13181054034366116	-0.14647016891262452	0.15131792811591385	-0.23010289762150363	0.14072908675871	-0.14913094227749402	0.18026282051521184	-0.17548563328684397	0.15580627764340538	-0.12765804315101228	0.1036404802031932	-0.12619708884054	0.1249285482229981	-0.16046744424877651	0.13152406261703506	-0.1234268064392284	0.08937790449327418	-0.14144601697041106	0.1127281323658994	-0.17992740535383234
-0.09625623146105905	0.08172193311233268	-0.1301252610401036	0.16162366359768873	-0.9383251570301934	0.07062317695102527	-0.08391539842140056	0.10182799454387172	-0.19490438113880235	0.9999999999999961	-0.07667652002424967	0.059098967707613706	-0.05832142654196973	0.11706890234658772	-0.1588723371975587	0.055847527391794265	-0.05131900916404382	0.06330872866800807	-0.09844660839971517	0.10841891044362494	-0.048821827864919065	0.05349313259151676	-0.05698648763373698	0.08625352704296413	-0.060919210411989395	0.05338511074924411	-0.07012399364005642	0.06359929125383858	-0.06025055898753059	0.05201251066068757	-0.03759817295810135	0.04520867006891335	-0.04586852254221538	0.06011895429049263	-0.05190722977353819	0.04397746792825313	-0.032270638785594344	0.05092494088380674	-0.041307309997922224	0.06470287154937768
0.24710256855536614	-0.20117249735825202	0.1612615209658168	-0.15419325620073082	0.07639492245221166	-0.7469260974280817	0.23242056062937827	-0.23104662967009643	0.19550122953977214	-0.07667652002424967	0.9999999999999994	-0.24772518551076397	0.18506752540956392	-0.13212157940276395	0.11854968311081569	-0.2231946285338974	0.17078408354561514	-0.18152554304213026	0.13575803399531294	-0.12038959114065	0.15736059834752977	-0.1643479031891697	0.1595531060233559	-0.2059854693843645	0.12034855059681997	-0.16326666087565758	0.18591047580491524	-0.16984153403552738	0.14553862665011427	-0.11158110404121077	0.11049064421531891	-0.12947373920745028	0.1212111643349049	-0.14885435134473365	0.12059151647716564	-0.12820002455497648	0.09155227781618819	-0.13593994369877405	0.10705047138359831	-0.16998529316470773
-0.157504067663434	0.11819964091500793	-0.12361124331596993	0.10879284202744188	-0.06106628482005679	0.16176969700721122	-0.1622410945867348	0.16946476044723058	-0.16894561613818634	0.059098967707613706	-0.24772518551076397	0.9999999999999998	-0.773411721423558	0.13017178435517565	-0.11567728053248977	0.21777975666185323	-0.3696186798047747	0.276862748877595	-0.14770562580932933	0.11190072863892016	-0.18230292690386696	0.19622883885616227	-0.22484738142879274	0.15530761310054905	-0.1006858700654312	0.1344356092490543	-0.17924123475644146	0.13335785369573624	-0.12166920991129662	0.08637171011910827	-0.0943679540373439	0.09731440902268809	-0.09536093869425132	0.10596445327209299	-0.09411666406531284	0.0957878482492905	-0.0711682667330367	0.09616479757275445	-0.0767406578269977	0.11303385352114106
0.14177731636203794	-0.11401237838139612	0.12015221750747418	-0.10902835216692677	0.05924778305345149	-0.1500171310591955	0.15018913186714872	-0.20449895222913805	0.16149583929806982	-0.05832142654196973	0.18506752540956392	-0.773411721423558	0.9999999999999943	-0.14592688373525087	0.11594467968899981	-0.2143050052195106	0.2568756147167224	-0.4180555911000915	0.1508172137893462	-0.11779302063923265	0.16391461368442692	-0.20111400771481672	0.21611256481558364	-0.15972772578982533	0.09934726597847195	-0.13143048498509133	0.1629292939235606	-0.1357841769345635	0.11890267935344917	-0.0862284825488287	0.08969953308336166	-0.09542609776839073	0.09385326117302484	-0.1055053514863945	0.09213219432491013	-0.09393897217245623	0.06908306073398535	-0.09604326274432388	0.07602284372257664	-0.11299560119848995
-0.13855840799206784	0.11058116975489027	-0.13688096325526766	0.15772654457256555	-0.1159120842952517	0.11188936761331007	-0.12443357872946365	0.15108576897203027	-0.3612530604238632	0.11706890234658772	-0.13212157940276395	0.13017178435517565	-0.14592688373525087	0.9999999999999946	-0.5790817750267573	0.11655428319582799	-0.11979009992811543	0.16260329438696328	-0.5977543183309506	0.3143700367359512	-0.10416036560271026	0.11592333193555987	-0.13554400730780608	0.18305444180638597	-0.1417361144530421	0.10258562426483632	-0.1406218160193591	0.12480992011613434	-0.1263350203332655	0.11222956000169539	-0.07277613877768711	0.08465884322888859	-0.08958194425195722	0.11683336931971729	-0.1069442487246922	0.08184933114928841	-0.06112751194511079	0.09573688270890578	-0.07872498859528512	0.11953245806831835
0.12204605679762244	-0.09851276224782608	0.11520251426941935	-0.13712449380784344	0.1323820991889635	-0.10230530617179232	0.1065561207699013	-0.13052124106742827	0.21271997493208122	-0.1588723371975587	0.11854968311081569	-0.11567728053248977	0.11594467968899981	-0.5790817750267573	0.9999999999999957	-0.11068283895593992	0.10602105513565105	-0.14229934354669266	0.32373342198003724	-0.6502324004658828	0.09792788834190164	-0.11027201944912038	0.12283390420107354	-0.20498847965666842	0.17178374176549893	-0.10275293013609707	0.13832923176062428	-0.13236459531068573	0.13496266725564965	-0.1404209410770139	0.07302859836574958	-0.08731129266185765	0.0947197474989782	-0.13218744036758912	0.11910542418526149	-0.08391839669566864	0.062902679391791	-0.10325924770130984	0.08587017760002918	-0.13183454081885446
-0.14890278316271932	0.10145486285607615	-0.10583370215878699	0.0958176825220148	-0.058385092376480034	0.14299812645198826	-0.12264628287315564	0.12265593139908774	-0.15546984224554233	0.055847527391794265	-0.2231946285338974	0.21777975666185323	-0.2143050052195106	0.11655428319582799	-0.11068283895593992	0.9999999999999936	-0.5998133174544702	0.2579048644465829	-0.14270123814789992	0.11041478362863308	-0.5562303374651937	0.29433336024133494	-0.2657901421065803	0.17041476996761912	-0.11147755722535611	0.21970403537127825	-0.25772858273857985	0.15275134240291954	-0.13989058991470338	0.09566469771806356	-0.15404369059667505	0.13046299214165727	-0.11344862863171802	0.11938096375948613	-0.1071675740320342	0.13145607750947824	-0.0981299968367686	0.11154928710184098	-0.08842228063511753	0.12711877082258483
0.12669738695667604	-0.09107459661760792	0.09500441226238347	-0.087837005572045	0.05285979184645184	-0.12548417129687103	0.11106504108645236	-0.11831623769463431	0.1385484253439598	-0.05131900916404382	0.17078408354561514	-0.3696186798047747	0.2568756147167224	-0.11979009992811543	0.10602105513565105	-0.5998133174544702	0.9999999999999932	-0.46244563838587205	0.14542882904914897	-0.11315685584121397	0.2793302532272785	-0.39612182525445633	0.27486431307293296	-0.16719241499396673	0.10428034805155664	-0.1773687451416099	0.20040817961569893	-0.14833743860840537	0.12932540160540223	-0.08979994559616794	0.11592447887410781	-0.11201976096966396	0.10362951295089448	-0.1102764190190663	0.09779327085330285	-0.11189563388471976	0.0818298542067938	-0.10257208887479079	0.08075630979153313	-0.11698667758066124
-0.14901281012960715	0.10570716859819643	-0.11487191296409206	0.10586139927014944	-0.06542799147312069	0.13167045936506488	-0.13006059959729976	0.14000903376410412	-0.17394552507438277	0.06330872866800807	-0.18152554304213026	0.276862748877595	-0.4180555911000915	0.16260329438696328	-0.14229934354669266	0.2579048644465829	-0.46244563838587205	0.9999999999999931	-0.25133471136710817	0.15317945641813463	-0.24260806631927737	0.28539175173086845	-0.5615315049369392	0.20116662084747428	-0.13138764518699983	0.16363133618806255	-0.22176064785544664	0.17935015586290387	-0.16153493885672682	0.10914205006684262	-0.11570253774587898	0.11659703991994684	-0.12418574234536726	0.12886722738818324	-0.11786569948667137	0.11369588393856975	-0.0861197702578106	0.11726620270810748	-0.09377209206830991	0.1332328925233915
0.13382527013929463	-0.10524055199979646	0.11993018695059499	-0.1370256530413657	0.09455667614508956	-0.11369365464811139	0.11638167861176665	-0.1400170696062585	0.2203681816326024	-0.09844660839971517	0.13575803399531294	-0.14770562580932933	0.1508172137893462	-0.5977543183309506	0.32373342198003724	-0.14270123814789992	0.14542882904914897	-0.25133471136710817	0.9999999999999898	-0.5730959285749558	0.12423766711457337	-0.14427504269960875	0.16874469410043202	-0.2555741431757094	0.18056163602846936	-0.1211748865397992	0.16209904017616483	-0.15269892536403726	0.15485419626505864	-0.14531059501323795	0.08538477343111985	-0.09929176394816279	0.10727469127963014	-0.14189871877913948	0.1293441426316584	-0.09567770502691995	0.07174089266274275	-0.11419505021384088	0.09400328360798281	-0.14193231568872366
-0.12160481251702346	0.09054177761811132	-0.10637641946155753	0.11410889812512717	-0.11014114216552431	0.09656569358612739	-0.10158156123684665	0.11479728782879432	-0.19597340450696252	0.10841891044362494	-0.12038959114065	0.11190072863892016	-0.11779302063923265	0.3143700367359512	-0.6502324004658828	0.11041478362863308	-0.11315685584121397	0.15317945641813463	-0.5730959285749558	0.9999999999999931	-0.10144510481628465	0.11265796521364235	-0.13449331095144743	0.20876216368747294	-0.263185930872582	0.0999491270103461	-0.1457568447221664	0.1311252364034141	-0.1473276488349592	0.1588382778896623	-0.07211013230061283	0.08435811587855994	-0.0951176831127688	0.13347809385522338	-0.13434629961238004	0.08053384807328566	-0.061460885998400105	0.10017359495161043	-0.0852326746835049	0.12664765943307602
0.12334261639771756	-0.0850660198683865	0.08904700175836315	-0.08201467878796663	0.05072715565199211	-0.11535122929273085	0.10068294277085	-0.10342374897921039	0.13181054034366116	-0.048821827864919065	0.15736059834752977	-0.18230292690386696	0.16391461368442692	-0.10416036560271026	0.09792788834190164	-0.5562303374651937	0.2793302532272785	-0.24260806631927737	0.12423766711457337	-0.10144510481628465	0.9999999999999911	-0.5254379547260074	0.2520144854122065	-0.17180224663559537	0.10635874082770204	-0.42539588298594055	0.2519000356578449	-0.15821773847391274	0.13594297148946538	-0.09312366502721668	0.19322377512317856	-0.15862669780333158	0.11662279768850345	-0.11878465741269131	0.10412286959693233	-0.16642829592804845	0.11501892411914202	-0.1156348303191275	0.08927145537222214	-0.1279810579593525
-0.13438499465306045	0.09177523096930229	-0.09782550547407186	0.08936901917600426	-0.05585352800309072	0.11715733570934503	-0.10987055954486102	0.11247882874089929	-0.14647016891262452	0.05349313259151676	-0.1643479031891697	0.19622883885616227	-0.20111400771481672	0.11592333193555987	-0.11027201944912038	0.29433336024133494	-0.39612182525445633	0.28539175173086845	-0.14427504269960875	0.11265796521364235	-0.5254379547260074	0.999999999999991	-0.5674583294827997	0.19168635801383102	-0.12195655132187753	0.21922964626964267	-0.2882976283562177	0.18068360259495705	-0.15976042616119793	0.10336789219040518	-0.15069063394662358	0.13457590867443653	-0.12831388368356667	0.12735952630014738	-0.11541689409482862	0.13371117966254953	-0.10014331421601928	0.11998668938619726	-0.09484744136929422	0.133449017218074
0.13457610614571341	-0.09425519360764062	0.10047256610442958	-0.09375283657595265	0.058855782331215044	-0.11944115507856623	0.11203519944093766	-0.11910488850384668	0.15131792811591385	-0.05698648763373698	0.1595531060233559	-0.22484738142879274	0.21611256481558364	-0.13554400730780608	0.12283390420107354	-0.2657901421065803	0.27486431307293296	-0.5615315049369392	0.16874469410043202	-0.13449331095144743	0.2520144854122065	-0.5674583294827997	0.9999999999999902	-0.2750410400263793	0.14378233711840432	-0.18537297656029142	0.22696809816043262	-0.2765390036581911	0.19172426643543464	-0.12193100319531165	0.1239713731598919	-0.13040429588446284	0.15046141540734032	-0.14537790396316247	0.13045557830891347	-0.12554846331207978	0.09505562322251149	-0.13817440906842363	0.10676868981163665	-0.14897369629640336
-0.20138128988632617	0.1299532271480978	-0.14388622869099665	0.13191077895861178	-0.09155101193981922	0.14672224868402262	-0.1504582477476522	0.1480806230205755	-0.23010289762150363	0.08625352704296413	-0.2059854693843645	0.15530761310054905	-0.15972772578982533	0.18305444180638597	-0.20498847965666842	0.17041476996761912	-0.16719241499396673	0.20116662084747428	-0.2555741431757094	0.20876216368747294	-0.17180224663559537	0.19168635801383102	-0.2750410400263793	0.9999999999999918	-0.4834066597590673	0.16859390603600785	-0.30520258214123325	0.2649679240554913	-0.48765840496673635	0.2799706163348184	-0.12700040823587344	0.14909260416523684	-0.19360886149874715	0.25294646666354365	-0.28605016359621405	0.13844122787170363	-0.11101844594150624	0.1853547214750534	-0.1621798667256902	0.22113675556064671
0.11724057675120686	-0.07911636286958469	0.08743728462466736	-0.08423727404160893	0.06243640990065958	-0.08972793166048025	0.0902510391894077	-0.09292449983490617	0.14072908675871	-0.060919210411989395	0.12034855059681997	-0.1006858700654312	0.09934726597847195	-0.1417361144530421	0.17178374176549893	-0.11147755722535611	0.10428034805155664	-0.13138764518699983	0.18056163602846936	-0.263185930872582	0.10635874082770204	-0.12195655132187753	0.14378233711840432	-0.4834066597590673	0.9999999999999871	-0.11386322271148273	0.18035517576979765	-0.20301769047548648	0.2670466905283596	-0.6798590506510308	0.08620069101429863	-0.10745008603471909	0.14586262633659247	-0.2673596925529428	0.27125586831505605	-0.09807863680393746	0.07960030597820618	-0.15586211451887044	0.142854903240756	-0.21148117676202413
-0.14294622388535716	0.09260835671954479	-0.0989733420024367	0.08892463429280759	-0.056538920684589	0.11372043469870695	-0.10836636253609808	0.10581886912608172	-0.14913094227749402	0.05338511074924411	-0.16326666087565758	0.1344356092490543	-0.13143048498509133	0.10258562426483632	-0.10275293013609707	0.21970403537127825	-0.1773687451416099	0.16363133618806255	-0.1211748865397992	0.0999491270103461	-0.42539588298594055	0.21922964626964267	-0.18537297656029142	0.16859390603600785	-0.11386322271148273	0.9999999999999899	-0.4518557846115025	0.16123724366441292	-0.14780726453343082	0.10043279645340789	-0.600773569223608	0.240219084203649	-0.14143230906052096	0.13401068944009792	-0.11866159766231904	0.258679229628852	-0.1982581303771132	0.1369127286522831	-0.1054158336503509	0.14670761281747904
0.1670675066724826	-0.11392375020965867	0.12027146234648044	-0.11264039605666601	0.07242596171534599	-0.14225132892167777	0.1306288125818492	-0.13414152430537185	0.18026282051521184	-0.07012399364005642	0.18591047580491524	-0.17924123475644146	0.1629292939235606	-0.1406218160193591	0.13832923176062428	-0.25772858273857985	0.20040817961569893	-0.22176064785544664	0.16209904017616483	-0.1457568447221664	0.2519000356578449	-0.2882976283562177	0.22696809816043262	-0.30520258214123325	0.18035517576979765	-0.4518557846115025	0.9999999999999891	-0.288297353643618	0.23412710630325595	-0.17151406523259297	0.2705630900295399	-0.3560161500048718	0.2224096819178735	-0.2483028636569869	0.19590681247122388	-0.346407146604658	0.22674778405551627	-0.248766594570134	0.18801580069005355	-0.2944760783448336
-0.16236581385336818	0.10384166945909956	-0.11331970965208125	0.10205836327269849	-0.06769679301549855	0.11988145401119937	-0.12075789264387632	0.11766253468562662	-0.17548563328684397	0.06359929125383858	-0.16984153403552738	0.13335785369573624	-0.1357841769345635	0.12480992011613434	-0.13236459531068573	0.15275134240291954	-0.14833743860840537	0.17935015586290387	-0.15269892536403726	0.1311252364034141	-0.15821773847391274	0.18068360259495705	-0.2765390036581911	0.2649679240554913	-0.20301769047548648	0.16123724366441292	-0.288297353643618	0.9999999999999869	-0.5434686321107187	0.19123021859622896	-0.13546105157987906	0.17641577626465876	-0.5380455294488984	0.24579135029321497	-0.22429408925672414	0.14445827747771645	-0.13617492640216597	0.267822058490805	-0.2080733982565676	0.22919765750127147
0.13953217196527787	-0.09164502537465073	0.09988925453814167	-0.09251680794931766	0.06306889453724877	-0.10615196060349728	0.10558188573314775	-0.10568728985716613	0.15580627764340538	-0.06025055898753059	0.14553862665011427	-0.12166920991129662	0.11890267935344917	-0.1263350203332655	0.13496266725564965	-0.13989058991470338	0.12932540160540223	-0.16153493885672682	0.15485419626505864	-0.1473276488349592	0.13594297148946538	-0.15976042616119793	0.19172426643543464	-0.48765840496673635	0.2670466905283596	-0.14780726453343082	0.23412710630325595	-0.5434686321107187	0.9999999999999878	-0.3538594702677562	0.11630808187141015	-0.15310594371217862	0.2508928440201794	-0.37848459046811966	0.2701253539739781	-0.13252605292918823	0.11329775710646174	-0.25170671646386567	0.20042998744354812	-0.26597055940973163
-0.10971280769678295	0.07204761421005493	-0.07971169153130626	0.0747214271366892	-0.05450881410306664	0.08129466166041803	-0.0826609951839087	0.08288577484211421	-0.12765804315101228	0.05201251066068757	-0.11158110404121077	0.08637171011910827	-0.0862284825488287	0.11222956000169539	-0.1404209410770139	0.09566469771806356	-0.08979994559616794	0.10914205006684262	-0.14531059501323795	0.1588382778896623	-0.09312366502721668	0.10336789219040518	-0.12193100319531165	0.2799706163348184	-0.6798590506510308	0.10043279645340789	-0.17151406523259297	0.19123021859622896	-0.3538594702677562	0.9999999999999852	-0.07764441261199782	0.09699952241509116	-0.14246864167896808	0.2602559940232362	-0.49974979549279447	0.08745751237818558	-0.07280281839661909	0.14361881087079634	-0.13971397440726652	0.1917186766527682
0.09871356714906362	-0.06434129228552117	0.06871427174473736	-0.062118056183143484	0.03971509965112449	-0.07888548007296833	0.07491129753025254	-0.07376727910769444	0.1036404802031932	-0.03759817295810135	0.11049064421531891	-0.0943679540373439	0.08969953308336166	-0.07277613877768711	0.07302859836574958	-0.15404369059667505	0.11592447887410781	-0.11570253774587898	0.08538477343111985	-0.07211013230061283	0.19322377512317856	-0.15069063394662358	0.1239713731598919	-0.12700040823587344	0.08620069101429863	-0.600773569223608	0.2705630900295399	-0.13546105157987906	0.11630808187141015	-0.07764441261199782	0.9999999999999853	-0.4289046930533725	0.13489133509804038	-0.10985842839041669	0.09407380314045274	-0.5337792473578343	0.27155397773562256	-0.13051565480818808	0.09195383124286671	-0.12262387121985399
-0.12083183375865426	0.07700131514294245	-0.08298873792446705	0.07429961470627042	-0.048132771154679205	0.09091187973977234	-0.0893678193002323	0.0864163446486383	-0.12619708884054	0.04520867006891335	-0.12947373920745028	0.09731440902268809	-0.09542609776839073	0.08465884322888859	-0.08731129266185765	0.13046299214165727	-0.11201976096966396	0.11659703991994684	-0.09929176394816279	0.08435811587855994	-0.15862669780333158	0.13457590867443653	-0.13040429588446284	0.14909260416523684	-0.10745008603471909	0.240219084203649	-0.3560161500048718	0.17641577626465876	-0.15310594371217862	0.09699952241509116	-0.4289046930533725	0.999999999999986	-0.25044410076780127	0.1414843378418166	-0.122831722068062	0.325929913596081	-0.6677094320013431	0.18788820120654381	-0.12898068512882607	0.1556801386452224
0.11616469835307201	-0.07455546646529135	0.08102603986717691	-0.07328957475683585	0.04867173297842058	-0.08643157109115876	0.0863144976739154	-0.08441829950882719	0.1249285482229981	-0.04586852254221538	0.1212111643349049	-0.09536093869425132	0.09385326117302484	-0.08958194425195722	0.0947197474989782	-0.11344862863171802	0.10362951295089448	-0.12418574234536726	0.10727469127963014	-0.0951176831127688	0.11662279768850345	-0.12831388368356667	0.15046141540734032	-0.19360886149874715	0.14586262633659247	-0.14143230906052096	0.2224096819178735	-0.5380455294488984	0.2508928440201794	-0.14246864167896808	0.13489133509804038	-0.25044410076780127	0.9999999999999857	-0.2723519792451953	0.19125469781852836	-0.15224920135284073	0.16322970212175023	-0.6218931856882925	0.25373948973309335	-0.28409242209949004
-0.14728915906791903	0.09367253643730078	-0.10271847293623149	0.0930906284322645	-0.06398490471713754	0.10585891982898885	-0.1079177056027865	0.10483211500879915	-0.16046744424877651	0.06011895429049263	-0.14885435134473365	0.10596445327209299	-0.1055053514863945	0.11683336931971729	-0.13218744036758912	0.11938096375948613	-0.1102764190190663	0.12886722738818324	-0.14189871877913948	0.13347809385522338	-0.11878465741269131	0.12735952630014738	-0.14537790396316247	0.25294646666354365	-0.2673596925529428	0.13401068944009792	-0.2483028636569869	0.24579135029321497	-0.37848459046811966	0.2602559940232362	-0.10985842839041669	0.1414843378418166	-0.2723519792451953	0.9999999999999851	-0.6282281526211868	0.12256090713851209	-0.11098184619204234	0.2473741457012227	-0.3930997321937947	0.3000491447078394
0.11768796900767135	-0.07687211589243664	0.08403479851695439	-0.07797819552395005	0.05427543087782762	-0.08788158628841879	0.08815355309070899	-0.0878478334301321	0.13152406261703506	-0.05190722977353819	0.12059151647716564	-0.09411666406531284	0.09213219432491013	-0.1069442487246922	0.11910542418526149	-0.1071675740320342	0.09779327085330285	-0.11786569948667137	0.1293441426316584	-0.13434629961238004	0.10412286959693233	-0.11541689409482862	0.13045557830891347	-0.28605016359621405	0.27125586831505605	-0.11866159766231904	0.19590681247122388	-0.22429408925672414	0.2701253539739781	-0.49974979549279447	0.09407380314045274	-0.122831722068062	0.19125469781852836	-0.6282281526211868	0.9999999999999841	-0.10844869785490817	0.09302186150226378	-0.21433918445613703	0.23493021675413522	-0.3588416746728028
-0.11883108749277593	0.07561594843103872	-0.08137708019878778	0.07269518115623438	-0.04685419062459675	0.08961772249552241	-0.0878506402011365	0.08475383599425934	-0.1234268064392284	0.04397746792825313	-0.12820002455497648	0.0957878482492905	-0.09393897217245623	0.08184933114928841	-0.08391839669566864	0.13145607750947824	-0.11189563388471976	0.11369588393856975	-0.09567770502691995	0.08053384807328566	-0.16642829592804845	0.13371117966254953	-0.12554846331207978	0.13844122787170363	-0.09807863680393746	0.258679229628852	-0.346407146604658	0.14445827747771645	-0.13252605292918823	0.08745751237818558	-0.5337792473578343	0.325929913596081	-0.15224920135284073	0.12256090713851209	-0.10844869785490817	0.9999999999999846	-0.6222613350238451	0.14837673004409707	-0.1074373963861359	0.13553688785767593
0.08515508565337324	-0.05460767985630477	0.05878441081304182	-0.052851614187752964	0.0342705966934946	-0.06482094471921279	0.0633391798775169	-0.06162401941365115	0.08937790449327418	-0.032270638785594344	0.09155227781618819	-0.0711682667330367	0.06908306073398535	-0.06112751194511079	0.062902679391791	-0.0981299968367686	0.0818298542067938	-0.0861197702578106	0.07174089266274275	-0.061460885998400105	0.11501892411914202	-0.10014331421601928	0.09505562322251149	-0.11101844594150624	0.07960030597820618	-0.1982581303771132	0.22674778405551627	-0.13617492640216597	0.11329775710646174	-0.07280281839661909	0.27155397773562256	-0.6677094320013431	0.16322970212175023	-0.11098184619204234	0.09302186150226378	-0.6222613350238451	0.9999999999999847	-0.1813022214503898	0.10628364201413248	-0.1270117254630641
-0.1330456037005133	0.08382861446122725	-0.09149665254291965	0.08182532099312939	-0.054495711960613806	0.0955270372964993	-0.09698425960786075	0.09322016577444389	-0.14144601697041106	0.05092494088380674	-0.13593994369877405	0.09616479757275445	-0.09604326274432388	0.09573688270890578	-0.10325924770130984	0.11154928710184098	-0.10257208887479079	0.11726620270810748	-0.11419505021384088	0.10017359495161043	-0.1156348303191275	0.11998668938619726	-0.13817440906842363	0.1853547214750534	-0.15586211451887044	0.1369127286522831	-0.248766594570134	0.267822058490805	-0.25170671646386567	0.14361881087079634	-0.13051565480818808	0.18788820120654381	-0.6218931856882925	0.2473741457012227	-0.21433918445613703	0.14837673004409707	-0.1813022214503898	0.9999999999999847	-0.5245093745527749	0.2886311966193201
0.10518516823276727	-0.06662912759639747	0.07275577008268368	-0.06547680887438709	0.04405033957126024	-0.07582991335582778	0.07690347434937135	-0.07435896174228473	0.1127281323658994	-0.041307309997922224	0.10705047138359831	-0.0767406578269977	0.07602284372257664	-0.07872498859528512	0.08587017760002918	-0.08842228063511753	0.08075630979153313	-0.09377209206830991	0.09400328360798281	-0.0852326746835049	0.08927145537222214	-0.09484744136929422	0.10676868981163665	-0.1621798667256902	0.142854903240756	-0.1054158336503509	0.18801580069005355	-0.2080733982565676	0.20042998744354812	-0.13971397440726652	0.09195383124286671	-0.12898068512882607	0.25373948973309335	-0.3930997321937947	0.23493021675413522	-0.1074373963861359	0.10628364201413248	-0.5245093745527749	0.9999999999999848	-0.6588214643400732
-0.16971100991433302	0.10596224291800944	-0.11603449506657675	0.10339115440528772	-0.06950554560303712	0.11908815917465622	-0.1223077207985842	0.11667718941778278	-0.17992740535383234	0.06470287154937768	-0.16998529316470773	0.11303385352114106	-0.11299560119848995	0.11953245806831835	-0.13183454081885446	0.12711877082258483	-0.11698667758066124	0.1332328925233915	-0.14193231568872366	0.12664765943307602	-0.1279810579593525	0.133449017218074	-0.14897369629640336	0.22113675556064671	-0.21148117676202413	0.14670761281747904	-0.2944760783448336	0.22919765750127147	-0.26597055940973163	0.1917186766527682	-0.12262387121985399	0.1556801386452224	-0.28409242209949004	0.3000491447078394	-0.3588416746728028	0.13553688785767593	-0.1270117254630641	0.2886311966193201	-0.6588214643400732	0.9999999999999847
