1.0	-0.7639084108823238	0.1124039222653348	-0.0975224296816515	0.0966659487734195	-0.46270667793369585	0.3123116080263161	-0.18032675922709065	0.1359178771960554	-0.07745731489259072	0.19434960570049395	-0.18393562103746564	0.14883000558243437	-0.15873791496045786	0.12099729443039572	-0.15169875976832686	0.13681639655585728	-0.1523342558714705	0.07202691564827715	-0.06806607727168203	0.13305002976294147	-0.10025184561286908	0.08587197216209788	-0.060721895067743406	0.052694713121987015	-0.09347233316949999	0.07413444995218176	-0.07086885452725615	0.05824570304442785	-0.05550298564173601	0.10007036362164792	-0.06854409760246567	0.08980780962493475	-0.051617073768510324	0.038048450038156725
-0.7639084108823238	1.0	-0.12304375364835217	0.09601304950696679	-0.08954447912217492	0.28832601421250703	-0.5187041587844349	0.16850243509304785	-0.13536542128056048	0.0713128228857677	-0.16971342693260807	0.16136923154617852	-0.1403681254435462	0.1344183401462443	-0.10908664662346845	0.12227117356037825	-0.12281046425233796	0.1274076904529541	-0.06231178340468586	0.0579041064736596	-0.11743349596183174	0.08411833728806947	-0.07381503005030433	0.0515567036598368	-0.04516937892282118	0.07850979017159539	-0.06383941514379218	0.06019326435816645	-0.04964348784922841	0.046737420985738666	-0.08786852835491299	0.05849869697572432	-0.07788401521265388	0.04328231761301203	-0.032184370583032966
0.1124039222653348	-0.12304375364835217	0.9999999999999997	-0.8614347274743033	0.1366108435406995	-0.12627610564477837	0.13275543478675852	-0.2742753541315943	0.2667629946813386	-0.12569966950821612	0.11302598142374294	-0.1338074374219863	0.1536052994924143	-0.21924093068503273	0.1526854454728463	-0.097552810385083	0.10803611624978479	-0.1365318979383651	0.08493846224677701	-0.08124314858663148	0.10379772143521149	-0.08861944954949182	0.07936326855893894	-0.06710801111447934	0.05794825913831399	-0.07506129497059795	0.06580744580407916	-0.06615309890986261	0.056879072008263094	-0.05477291003400967	0.08749704109113171	-0.060833041716441966	0.08383656970572426	-0.050611476030042506	0.03764483635373446
-0.0975224296816515	0.09601304950696679	-0.8614347274743033	0.9999999999999991	-0.14216222313856178	0.10271142125132633	-0.11435646889394903	0.21441445834942904	-0.3856980646006224	0.1251899653819648	-0.0966931193150194	0.1098804689837143	-0.13394787972395106	0.17884331112628873	-0.14443968207519292	0.08109933773172662	-0.09099166156150183	0.1106521477391012	-0.07269347210785947	0.06793465518923215	-0.08909980081175109	0.07324545924714577	-0.06647165826183739	0.05584868734129345	-0.04889325508990209	0.06297736898054611	-0.0554452581629911	0.0550952463443293	-0.04755123358255574	0.04540050823003601	-0.07477720387614242	0.0510379571426485	-0.07091491512186553	0.0418195299889209	-0.031316459758959234
0.0966659487734195	-0.08954447912217492	0.1366108435406995	-0.14216222313856178	1.0000000000000004	-0.12335890203364433	0.1210989383925219	-0.21687997234856812	0.2386677965503165	-0.7635011320475247	0.12662610290324633	-0.14588758048683184	0.1601957073321175	-0.2796208202230499	0.30791189759892157	-0.11442624506968585	0.12531237953491872	-0.16309334773938403	0.12088793211520721	-0.12704996328212678	0.12992528943667622	-0.11708484164690361	0.10444195081793572	-0.09768576929017449	0.08519404347036268	-0.09744732204853958	0.08778476398807547	-0.09038109813577123	0.08061481423825893	-0.07948462301465763	0.11676875888776976	-0.08174602153301312	0.11469493843187005	-0.07417609869497	0.05479913973269335
-0.46270667793369585	0.28832601421250703	-0.12627610564477837	0.10271142125132633	-0.12335890203364433	1.0	-0.5874063442783933	0.21243746111031278	-0.1759338862530888	0.09627985938197701	-0.4584983536909591	0.2387935461121502	-0.20001504316557076	0.1820116567164851	-0.15251712551360133	0.22061980016337931	-0.19407053202645055	0.18681141922544794	-0.08793481465825558	0.08115516769150004	-0.20674278254984976	0.12652615972725462	-0.11080756220006527	0.0736751418956626	-0.0648054427232824	0.12625596639092584	-0.09881691595772792	0.08984198029683628	-0.07325538836663777	0.06838206599871355	-0.14065318875008495	0.08999458199932829	-0.11789624587380051	0.06326441701123309	-0.04711600699242456
0.3123116080263161	-0.5187041587844349	0.13275543478675852	-0.11435646889394903	0.1210989383925219	-0.5874063442783933	0.9999999999999992	-0.3266319156042151	0.18899798469947704	-0.09902822316601226	0.2448141405519012	-0.3054849107074749	0.2153363746302348	-0.19909312727534853	0.14880742912739073	-0.1856827519975519	0.18335120711957367	-0.19489452420050446	0.08838836339245809	-0.08234341959168805	0.16209470651284702	-0.12164340610861082	0.10545850822480296	-0.07334696960144912	0.06380777812116588	-0.11119353877799328	0.08951878289991237	-0.08543986175565352	0.06979025363361033	-0.06597877520681798	0.12050768850682814	-0.08221095783307408	0.10841944029438262	-0.061015898608629854	0.0452033267626252
-0.18032675922709065	0.16850243509304785	-0.2742753541315943	0.21441445834942904	-0.21687997234856812	0.21243746111031278	-0.3266319156042151	0.9999999999999998	-0.588613705975056	0.1837686564539207	-0.21226666070786107	0.2490849716260119	-0.4727376040145794	0.28781694830588045	-0.23544841479912684	0.1639073146039037	-0.1996021167111339	0.22374239495285422	-0.1235936945551111	0.11104168575783357	-0.17925437831317173	0.13662540456734074	-0.12735639801312504	0.09472429295139155	-0.08379284189368642	0.1196668642747472	-0.10471685151429966	0.10134234044642158	-0.08526014504756568	0.07959688312470828	-0.14300433300154525	0.09524114270351455	-0.13223779526243784	0.07293427558447549	-0.05499484549147257
0.1359178771960554	-0.13536542128056048	0.2667629946813386	-0.3856980646006224	0.2386677965503165	-0.1759338862530888	0.18899798469947704	-0.588613705975056	0.9999999999999987	-0.31006673877196905	0.16447602169972825	-0.20411321399099094	0.25441550204481295	-0.41916944345859025	0.24920502519261004	-0.1408393199900236	0.1607575592460071	-0.20343924239275335	0.13475388729899257	-0.12633217418482745	0.15036742059573796	-0.12792723392811248	0.11623252094212821	-0.10185143057987545	0.08789234462556625	-0.10749577115117862	0.09501718581632233	-0.09582562791452595	0.08261680527500848	-0.07927866413428011	0.12617985686565686	-0.08751997285506083	0.12134434057553635	-0.07266760686965104	0.05438256537901828
-0.07745731489259072	0.0713128228857677	-0.12569966950821612	0.1251899653819648	-0.7635011320475247	0.09627985938197701	-0.09902822316601226	0.1837686564539207	-0.31006673877196905	0.9999999999999982	-0.09952253786062223	0.11367745881335269	-0.1334358168316087	0.2230414441321885	-0.4723166987509745	0.08743037079863135	-0.09744263377035296	0.12325941158938772	-0.09973030643323666	0.10319382344825799	-0.09966626110704913	0.08743561999497204	-0.07924395243696986	0.07606151534247468	-0.0683332000232935	0.07309977434220502	-0.06596024288594989	0.06755781525324558	-0.0604321330068294	0.05904713377299722	-0.08801194514270227	0.06112218340529082	-0.08611014004892228	0.05442213672719272	-0.040652586569534035
0.19434960570049395	-0.16971342693260807	0.11302598142374294	-0.0966931193150194	0.12662610290324633	-0.4584983536909591	0.2448141405519012	-0.21226666070786107	0.16447602169972825	-0.09952253786062223	0.9999999999999997	-0.4101875902200698	0.2301468547284474	-0.22169653548405677	0.16395957119850374	-0.5802320078846467	0.2682215553527248	-0.26484803537271884	0.10396370085863192	-0.09760226739461714	0.26506896839802413	-0.16962560700034351	0.13984369189887988	-0.09034707356707804	0.0780934555971024	-0.17978887988345696	0.12367028545060745	-0.11360116147361354	0.09012195079144654	-0.0854810902628904	0.1673227091096861	-0.11427157420265091	0.14172725784924206	-0.07928910239162835	0.05813138688279296
-0.18393562103746564	0.16136923154617852	-0.1338074374219863	0.1098804689837143	-0.14588758048683184	0.2387935461121502	-0.3054849107074749	0.2490849716260119	-0.20411321399099094	0.11367745881335269	-0.4101875902200698	0.9999999999999969	-0.5353086414172505	0.24084509754580724	-0.18742387148797057	0.25647190207736437	-0.5011329934603076	0.3024230679606973	-0.11586851894205352	0.1026523898749817	-0.23117681279568011	0.17212530497557313	-0.15492639832815613	0.09465066106819178	-0.08345388142051527	0.14574918880090365	-0.12510831011416637	0.11690592793893548	-0.09335569219304263	0.08566261827439431	-0.16440503552331318	0.11137354442353174	-0.15014562284728317	0.07832631492148595	-0.05876969257219605
0.14883000558243437	-0.1403681254435462	0.1536052994924143	-0.13394787972395106	0.1601957073321175	-0.20001504316557076	0.2153363746302348	-0.4727376040145794	0.25441550204481295	-0.1334358168316087	0.2301468547284474	-0.5353086414172505	0.9999999999999948	-0.4167835081791233	0.2071515218201248	-0.19651893976731027	0.27290209387174863	-0.4101683097878804	0.1369902377875831	-0.12146959087076621	0.1876383041496024	-0.16417996311821087	0.1531029580798526	-0.10616493519236239	0.09157256809343074	-0.12952687790570824	0.11535639799799605	-0.11689638562520775	0.09385547367041082	-0.0876397903350432	0.14796021992820174	-0.10470513104087359	0.14344160400182374	-0.07958862528076768	0.0596483322588805
-0.15873791496045786	0.1344183401462443	-0.21924093068503273	0.17884331112628873	-0.2796208202230499	0.1820116567164851	-0.19909312727534853	0.28781694830588045	-0.41916944345859025	0.2230414441321885	-0.22169653548405677	0.24084509754580724	-0.4167835081791233	0.999999999999998	-0.4418705206693963	0.17917683347115237	-0.2158145713504548	0.24285484792005252	-0.32052679459749356	0.21214087091065129	-0.21860099257935423	0.17182080000772648	-0.1672739601502736	0.16710838866763547	-0.15091909858044658	0.1482835203095667	-0.13601457891200586	0.1350225715516784	-0.1217331137363737	0.1133687588928623	-0.18679189736445634	0.1236503525532571	-0.17902563375379543	0.10131092805550414	-0.07872834201799206
0.12099729443039572	-0.10908664662346845	0.1526854454728463	-0.14443968207519292	0.30791189759892157	-0.15251712551360133	0.14880742912739073	-0.23544841479912684	0.24920502519261004	-0.4723166987509745	0.16395957119850374	-0.18742387148797057	0.2071515218201248	-0.4418705206693963	0.9999999999999952	-0.14872677020056863	0.16393357872176262	-0.21351378570417862	0.1937134971487002	-0.23072964962425682	0.17235362798014295	-0.1585810901465174	0.143097768784254	-0.15109798169186198	0.13508307156761568	-0.12984302150812468	0.11880279490116812	-0.12431232810161966	0.11339000272553704	-0.11281905632289335	0.1569579970528209	-0.11062442920381005	0.1566449736257548	-0.10377545269413567	0.07723846222506814
-0.15169875976832686	0.12227117356037825	-0.097552810385083	0.08109933773172662	-0.11442624506968585	0.22061980016337931	-0.1856827519975519	0.1639073146039037	-0.1408393199900236	0.08743037079863135	-0.5802320078846467	0.25647190207736437	-0.19651893976731027	0.17917683347115237	-0.14872677020056863	0.9999999999999971	-0.39352209685947137	0.2480094733553061	-0.09428139019248981	0.0869812832822654	-0.5458289681896642	0.1727310416491995	-0.144791717068464	0.08380856847074697	-0.07339813544174224	0.211076633909097	-0.13849327693363322	0.11464772487912776	-0.08941871082040999	0.08278738047442004	-0.20626946249517755	0.12398356910774963	-0.14942700768926215	0.0764704179288713	-0.05647983793630734
0.13681639655585728	-0.12281046425233796	0.10803611624978479	-0.09099166156150183	0.12531237953491872	-0.19407053202645055	0.18335120711957367	-0.1996021167111339	0.1607575592460071	-0.09744263377035296	0.2682215553527248	-0.5011329934603076	0.27290209387174863	-0.2158145713504548	0.16393357872176262	-0.39352209685947137	0.9999999999999937	-0.6092012296986035	0.11331855850968936	-0.10286761854665813	0.23885061572886196	-0.26081289588521606	0.1982921547462914	-0.10204539884187454	0.08793113395804562	-0.16309317579889343	0.14620954017794244	-0.14231942252362104	0.1050154870858518	-0.09642789020380618	0.169761759846616	-0.1291723366868417	0.16765204402421485	-0.08751963902465452	0.06474488637996303
-0.1523342558714705	0.1274076904529541	-0.1365318979383651	0.1106521477391012	-0.16309334773938403	0.18681141922544794	-0.19489452420050446	0.22374239495285422	-0.20343924239275335	0.12325941158938772	-0.26484803537271884	0.3024230679606973	-0.4101683097878804	0.24285484792005252	-0.21351378570417862	0.2480094733553061	-0.6092012296986035	0.9999999999999925	-0.15083438195022741	0.12816877695965476	-0.2726178625206239	0.2459608244380003	-0.31755053458235066	0.1300333409576849	-0.11508568374869413	0.1762931747738861	-0.17437007650204583	0.18198272611035798	-0.13731081944174253	0.11968351165954283	-0.21297356156318395	0.15257347539934468	-0.22343033582191776	0.10751799779959662	-0.08165204855954264
0.07202691564827715	-0.06231178340468586	0.08493846224677701	-0.07269347210785947	0.12088793211520721	-0.08793481465825558	0.08838836339245809	-0.1235936945551111	0.13475388729899257	-0.09973030643323666	0.10396370085863192	-0.11586851894205352	0.1369902377875831	-0.32052679459749356	0.1937134971487002	-0.09428139019248981	0.11331855850968936	-0.15083438195022741	0.9999999999999937	-0.7248580004964411	0.11312501432672825	-0.1360964711546905	0.1435671647139988	-0.45618632656826125	0.29977752583502687	-0.08786160114467374	0.09307327015684888	-0.11800933192878792	0.12496833452274571	-0.12755787660722248	0.10658742208934405	-0.08573051692788736	0.12891428168929744	-0.0992843855893354	0.08009721631313527
-0.06806607727168203	0.0579041064736596	-0.08124314858663148	0.06793465518923215	-0.12704996328212678	0.08115516769150004	-0.08234341959168805	0.11104168575783357	-0.12633217418482745	0.10319382344825799	-0.09760226739461714	0.1026523898749817	-0.12146959087076621	0.21214087091065129	-0.23072964962425682	0.0869812832822654	-0.10286761854665813	0.12816877695965476	-0.7248580004964411	0.9999999999999913	-0.10859262657587981	0.12035203243094748	-0.13150504730078813	0.30619994231663394	-0.5043698519016482	0.0828439763631263	-0.08804972208704294	0.10799639513538141	-0.12427572387836931	0.124643894790972	-0.10341973207402391	0.08038322195848957	-0.12607209776896283	0.09288686140349925	-0.08171320983287522
0.13305002976294147	-0.11743349596183174	0.10379772143521149	-0.08909980081175109	0.12992528943667622	-0.20674278254984976	0.16209470651284702	-0.17925437831317173	0.15036742059573796	-0.09966626110704913	0.26506896839802413	-0.23117681279568011	0.1876383041496024	-0.21860099257935423	0.17235362798014295	-0.5458289681896642	0.23885061572886196	-0.2726178625206239	0.11312501432672825	-0.10859262657587981	0.9999999999999922	-0.23862803067794763	0.1733674159198697	-0.10546996315210094	0.09065165088455199	-0.516955286523014	0.1896362747803585	-0.14921504352936305	0.11418438798289347	-0.10992220357185646	0.27546944686902664	-0.1794072051654209	0.18531758570232093	-0.10300092838227957	0.07398220504978292
-0.10025184561286908	0.08411833728806947	-0.08861944954949182	0.07324545924714577	-0.11708484164690361	0.12652615972725462	-0.12164340610861082	0.13662540456734074	-0.12792723392811248	0.08743561999497204	-0.16962560700034351	0.17212530497557313	-0.16417996311821087	0.17182080000772648	-0.1585810901465174	0.1727310416491995	-0.26081289588521606	0.2459608244380003	-0.1360964711546905	0.12035203243094748	-0.23862803067794763	0.9999999999999901	-0.6011134193890064	0.1530681600897356	-0.13633585328191716	0.20617373157860808	-0.4478775798546316	0.28182671442196755	-0.1920441637246799	0.1569705509180562	-0.2526237792312669	0.2607431373857364	-0.3679136426794912	0.13826163341320694	-0.10497229685921998
0.08587197216209788	-0.07381503005030433	0.07936326855893894	-0.06647165826183739	0.10444195081793572	-0.11080756220006527	0.10545850822480296	-0.12735639801312504	0.11623252094212821	-0.07924395243696986	0.13984369189887988	-0.15492639832815613	0.1531029580798526	-0.1672739601502736	0.143097768784254	-0.144791717068464	0.1982921547462914	-0.31755053458235066	0.1435671647139988	-0.13150504730078813	0.1733674159198697	-0.6011134193890064	0.9999999999999907	-0.2200676989506923	0.15471974768893385	-0.16150559111853943	0.2322435656398274	-0.5279793826401615	0.21309710631258466	-0.18986064098543787	0.18190251898299228	-0.20950787971938864	0.2902195926314395	-0.15944914854345849	0.11440209937954784
-0.060721895067743406	0.0515567036598368	-0.06710801111447934	0.05584868734129345	-0.09768576929017449	0.0736751418956626	-0.07334696960144912	0.09472429295139155	-0.10185143057987545	0.07606151534247468	-0.09034707356707804	0.09465066106819178	-0.10616493519236239	0.16710838866763547	-0.15109798169186198	0.08380856847074697	-0.10204539884187454	0.1300333409576849	-0.45618632656826125	0.30619994231663394	-0.10546996315210094	0.1530681600897356	-0.2200676989506923	0.9999999999999912	-0.7512146831857652	0.08611672830347374	-0.10319877404345655	0.1480972482886345	-0.18909207979394674	0.16605986373500428	-0.1059876595031713	0.09297983044339679	-0.15105805579164192	0.11754355777190961	-0.10428184359713047
0.052694713121987015	-0.04516937892282118	0.05794825913831399	-0.04889325508990209	0.08519404347036268	-0.0648054427232824	0.06380777812116588	-0.08379284189368642	0.08789234462556625	-0.0683332000232935	0.0780934555971024	-0.08345388142051527	0.09157256809343074	-0.15091909858044658	0.13508307156761568	-0.07339813544174224	0.08793113395804562	-0.11508568374869413	0.29977752583502687	-0.5043698519016482	0.09065165088455199	-0.13633585328191716	0.15471974768893385	-0.7512146831857652	0.9999999999999901	-0.07543672709077591	0.08856361649181552	-0.1294471012664452	0.15754168857501688	-0.19457571132299198	0.09117642514905196	-0.0815152990069636	0.1282795666288679	-0.11589126052007637	0.1026708348314693
-0.09347233316949999	0.07850979017159539	-0.07506129497059795	0.06297736898054611	-0.09744732204853958	0.12625596639092584	-0.11119353877799328	0.1196668642747472	-0.10749577115117862	0.07309977434220502	-0.17978887988345696	0.14574918880090365	-0.12952687790570824	0.1482835203095667	-0.12984302150812468	0.211076633909097	-0.16309317579889343	0.1762931747738861	-0.08786160114467374	0.0828439763631263	-0.516955286523014	0.20617373157860808	-0.16150559111853943	0.08611672830347374	-0.07543672709077591	0.9999999999999871	-0.314142496833553	0.14818332204858767	-0.10779494552311186	0.09954679405677726	-0.6727556787893377	0.24630958690204113	-0.2105256673865196	0.09226127456931729	-0.06680680656916135
0.07413444995218176	-0.06383941514379218	0.06580744580407916	-0.0554452581629911	0.08778476398807547	-0.09881691595772792	0.08951878289991237	-0.10471685151429966	0.09501718581632233	-0.06596024288594989	0.12367028545060745	-0.12510831011416637	0.11535639799799605	-0.13601457891200586	0.11880279490116812	-0.13849327693363322	0.14620954017794244	-0.17437007650204583	0.09307327015684888	-0.08804972208704294	0.1896362747803585	-0.4478775798546316	0.2322435656398274	-0.10319877404345655	0.08856361649181552	-0.314142496833553	0.999999999999986	-0.25851519708354387	0.14530709665419062	-0.1361599217084609	0.2759991484796243	-0.6958240915501848	0.2817343371380444	-0.12262228143127493	0.08586604963624184
-0.07086885452725615	0.06019326435816645	-0.06615309890986261	0.0550952463443293	-0.09038109813577123	0.08984198029683628	-0.08543986175565352	0.10134234044642158	-0.09582562791452595	0.06755781525324558	-0.11360116147361354	0.11690592793893548	-0.11689638562520775	0.1350225715516784	-0.12431232810161966	0.11464772487912776	-0.14231942252362104	0.18198272611035798	-0.11800933192878792	0.10799639513538141	-0.14921504352936305	0.28182671442196755	-0.5279793826401615	0.1480972482886345	-0.1294471012664452	0.14818332204858767	-0.25851519708354387	0.9999999999999856	-0.4242070611274718	0.22779393477133553	-0.18041352734629457	0.21712289943312435	-0.568456128563082	0.18788892170244098	-0.14203310520674353
0.05824570304442785	-0.04964348784922841	0.056879072008263094	-0.04755123358255574	0.08061481423825893	-0.07325538836663777	0.06979025363361033	-0.08526014504756568	0.08261680527500848	-0.0604321330068294	0.09012195079144654	-0.09335569219304263	0.09385547367041082	-0.1217331137363737	0.11339000272553704	-0.08941871082040999	0.1050154870858518	-0.13731081944174253	0.12496833452274571	-0.12427572387836931	0.11418438798289347	-0.1920441637246799	0.21309710631258466	-0.18909207979394674	0.15754168857501688	-0.10779494552311186	0.14530709665419062	-0.4242070611274718	0.9999999999999856	-0.6501787413511354	0.12934516162755633	-0.1365057167876881	0.24842567987494169	-0.4373864310817795	0.2799952660638342
-0.05550298564173601	0.046737420985738666	-0.05477291003400967	0.04540050823003601	-0.07948462301465763	0.06838206599871355	-0.06597877520681798	0.07959688312470828	-0.07927866413428011	0.05904713377299722	-0.0854810902628904	0.08566261827439431	-0.0876397903350432	0.1133687588928623	-0.11281905632289335	0.08278738047442004	-0.09642789020380618	0.11968351165954283	-0.12755787660722248	0.124643894790972	-0.10992220357185646	0.1569705509180562	-0.18986064098543787	0.16605986373500428	-0.19457571132299198	0.09954679405677726	-0.1361599217084609	0.22779393477133553	-0.6501787413511354	0.9999999999999855	-0.12695904296915914	0.12214538745720835	-0.25503678937082724	0.3166197554786694	-0.5371163868502313
0.10007036362164792	-0.08786852835491299	0.08749704109113171	-0.07477720387614242	0.11676875888776976	-0.14065318875008495	0.12050768850682814	-0.14300433300154525	0.12617985686565686	-0.08801194514270227	0.1673227091096861	-0.16440503552331318	0.14796021992820174	-0.18679189736445634	0.1569579970528209	-0.20626946249517755	0.169761759846616	-0.21297356156318395	0.10658742208934405	-0.10341973207402391	0.27546944686902664	-0.2526237792312669	0.18190251898299228	-0.1059876595031713	0.09117642514905196	-0.6727556787893377	0.2759991484796243	-0.18041352734629457	0.12934516162755633	-0.12695904296915914	0.9999999999999851	-0.4225915091923673	0.23299469887511964	-0.11960192691500011	0.08376490792817542
-0.06854409760246567	0.05849869697572432	-0.060833041716441966	0.0510379571426485	-0.08174602153301312	0.08999458199932829	-0.08221095783307408	0.09524114270351455	-0.08751997285506083	0.06112218340529082	-0.11427157420265091	0.11137354442353174	-0.10470513104087359	0.1236503525532571	-0.11062442920381005	0.12398356910774963	-0.1291723366868417	0.15257347539934468	-0.08573051692788736	0.08038322195848957	-0.1794072051654209	0.2607431373857364	-0.20950787971938864	0.09297983044339679	-0.0815152990069636	0.24630958690204113	-0.6958240915501848	0.21712289943312435	-0.1365057167876881	0.12214538745720835	-0.4225915091923673	0.9999999999999849	-0.4325435344032644	0.11053084839467014	-0.0789587420314875
0.08980780962493475	-0.07788401521265388	0.08383656970572426	-0.07091491512186553	0.11469493843187005	-0.11789624587380051	0.10841944029438262	-0.13223779526243784	0.12134434057553635	-0.08611014004892228	0.14172725784924206	-0.15014562284728317	0.14344160400182374	-0.17902563375379543	0.1566449736257548	-0.14942700768926215	0.16765204402421485	-0.22343033582191776	0.12891428168929744	-0.12607209776896283	0.18531758570232093	-0.3679136426794912	0.2902195926314395	-0.15105805579164192	0.1282795666288679	-0.2105256673865196	0.2817343371380444	-0.568456128563082	0.24842567987494169	-0.25503678937082724	0.23299469887511964	-0.4325435344032644	0.9999999999999853	-0.22964635379433604	0.15132809548119336
-0.051617073768510324	0.04328231761301203	-0.050611476030042506	0.0418195299889209	-0.07417609869497	0.06326441701123309	-0.061015898608629854	0.07293427558447549	-0.07266760686965104	0.05442213672719272	-0.07928910239162835	0.07832631492148595	-0.07958862528076768	0.10131092805550414	-0.10377545269413567	0.0764704179288713	-0.08751963902465452	0.10751799779959662	-0.0992843855893354	0.09288686140349925	-0.10300092838227957	0.13826163341320694	-0.15944914854345849	0.11754355777190961	-0.11589126052007637	0.09226127456931729	-0.12262228143127493	0.18788892170244098	-0.4373864310817795	0.3166197554786694	-0.11960192691500011	0.11053084839467014	-0.22964635379433604	0.9999999999999853	-0.7695258917294763
0.038048450038156725	-0.032184370583032966	0.03764483635373446	-0.031316459758959234	0.05479913973269335	-0.04711600699242456	0.0452033267626252	-0.05499484549147257	0.05438256537901828	-0.040652586569534035	0.05813138688279296	-0.05876969257219605	0.0596483322588805	-0.07872834201799206	0.07723846222506814	-0.05647983793630734	0.06474488637996303	-0.08165204855954264	0.08009721631313527	-0.08171320983287522	0.07398220504978292	-0.10497229685921998	0.11440209937954784	-0.10428184359713047	0.1026708348314693	-0.06680680656916135	0.08586604963624184	-0.14203310520674353	0.2799952660638342	-0.5371163868502313	0.08376490792817542	-0.0789587420314875	0.15132809548119336	-0.7695258917294763	0.9999999999999853
