1.0000000000000002	-0.2030774376687086	0.11944254164858545	-0.039470762182283764	0.03826544671057017	-0.8662114147075931	0.16323010820240302	-0.10300910075354756	0.08420239017813526	-0.0648344507177007	0.24454160787218468	-0.1282199905591242	0.0993792123904065	-0.07718201767121703	0.07001765105818751	-0.2907988823896212	0.12607148916892813	-0.07807578954298933	0.07897759065129276	-0.06191216487935911	0.10496672973968928	-0.09106692042851215	0.06751581355765798	-0.06709879360929735	0.05696654506045694	-0.08739045759011063	0.07488708294653092	-0.047850445385129746	0.04551102115640104	-0.04374226902051515	0.06073020886447133	-0.08337462575499746	0.04129761759671608	-0.037351861883926564	0.052042384854773575	-0.03750209809515511	0.034819495867223285	-0.033076905498293924	0.0280208939669574	-0.020088593153357634	0.04115135665800841	-0.035581230208508036	0.025353127286189155	-0.026662504377439784	0.02038912117747771
-0.2030774376687086	1.0000000000000004	-0.5967353604765147	0.09268978090901198	-0.08969163063632062	0.15396947923080065	-0.6073581009705532	0.30903238380415426	-0.20266078995920292	0.14439199755285012	-0.1118704592526727	0.22421120754887228	-0.24200409054076238	0.1707875851289545	-0.15352307726607645	0.11353648895422655	-0.2338316920170682	0.14576070744767733	-0.15429888727682559	0.1200203963721185	-0.06558461114756083	0.0581330284747059	-0.12008769662215277	0.11915039765869395	-0.10606579220991294	0.05558625509445372	-0.05576793092939486	0.07561124336004549	-0.07507650845226879	0.07591224320228572	-0.044674256464798265	0.05827993902590617	-0.06487023178852393	0.05958893477242668	-0.09017483580001949	0.03753717254997852	-0.03442097085804501	0.03939993810433032	-0.035520283190022685	0.02741117952876856	-0.04452061810319355	0.03588334525480782	-0.02962503132820648	0.031645772301200525	-0.027983012792900414
0.11944254164858545	-0.5967353604765147	1.0000000000000009	-0.10861317421453748	0.09555276155440444	-0.11036066592543345	0.3132405068671655	-0.6288164636876342	0.20136361226054966	-0.16133499103307422	0.08681266823845009	-0.19924422220266905	0.24367173390087835	-0.19393199421651464	0.15177473253373025	-0.09302993974112395	0.1804036800503864	-0.14748847146116545	0.14645858616566526	-0.12236460307175007	0.05649004926939097	-0.051062823175441786	0.11442611099195268	-0.12093219890893663	0.1031291739568407	-0.04956877402570096	0.049780117474081294	-0.07394949571528793	0.0722583225959111	-0.07474598782929476	0.04033920814586221	-0.05305246358509453	0.06224803674515425	-0.05802725641886653	0.0863411011106317	-0.03636785286023049	0.03284369117455743	-0.03823514364703792	0.03437812576456355	-0.026726298764447955	0.04305915452397801	-0.0345904595790588	0.028620908784389755	-0.03078413398399797	0.027148524304975826
-0.039470762182283764	0.09268978090901198	-0.10861317421453748	1.0000000000000007	-0.8827420348321228	0.03540496507883061	-0.09737082284713106	0.10697084214505352	-0.3442397865647697	0.2441664816023563	-0.03489826665665039	0.08089539525512947	-0.11703673991528363	0.13077683180256455	-0.15730685075102627	0.03673815325123882	-0.08557740297635179	0.08021677066126849	-0.10078789440852635	0.09034326806950459	-0.026491215364159788	0.024236134520823703	-0.06810998055676055	0.07482622470846574	-0.07187732792963739	0.023538750430492	-0.0246937157866987	0.04387779668336867	-0.04455024608235973	0.04812634400031267	-0.01993442242487057	0.02591803213536045	-0.03755267975228929	0.03530748562335387	-0.05575448897657167	0.0192452009863237	-0.017603456350370344	0.02145088563285375	-0.01963334975578954	0.015638241663333344	-0.023193699020835342	0.018542910809989363	-0.01600905251979945	0.01723098160130932	-0.01592657389785556
0.03826544671057017	-0.08969163063632062	0.09555276155440444	-0.8827420348321228	1.0000000000000013	-0.03454446004382453	0.0903143914071109	-0.09885516264167571	0.24839601178417878	-0.34064867713607727	0.03420358612657202	-0.07930648468176564	0.11029073567836098	-0.1338898378167481	0.15537886948288687	-0.036280942020364665	0.08231578525847506	-0.07969028258802974	0.09785305734467657	-0.09290151062578623	0.026275954953925547	-0.024076451280807407	0.06688701229683398	-0.07567627212004707	0.07101860888725162	-0.023511199846530596	0.024578205653818186	-0.043705473789769016	0.04406615926001492	-0.048084032551550596	0.019924593157834552	-0.02596866983738222	0.03715454990709253	-0.03512775890065497	0.054865923951277804	-0.019468826977098876	0.017694171471408015	-0.02152778786102703	0.019643585841295996	-0.015645453467618815	0.023401114731274732	-0.018693364295068716	0.01605261425589825	-0.017315789798826444	0.015899479820731387
-0.8662114147075931	0.15396947923080065	-0.11036066592543345	0.03540496507883061	-0.03454446004382453	1.0000000000000022	-0.17186369724936587	0.09415026832032176	-0.07702728195161532	0.05813889257905898	-0.3515756132457872	0.11959885237175309	-0.09253225428994204	0.06962498108523982	-0.06359534689819593	0.23242604125437882	-0.1214531363140043	0.06983564437919065	-0.07124048804292635	0.05510076492383984	-0.09057559669218894	0.07344134564031611	-0.06032270475793974	0.05892970692910478	-0.050741648701380905	0.06949170101199958	-0.06249188002654591	0.041628766120196885	-0.039954939497458694	0.03844319271891859	-0.04979747339872405	0.06603387860907874	-0.036011587327118205	0.032495420182063715	-0.04596210964482543	0.030693348601614483	-0.028547851935712177	0.0275549643247436	-0.0236028039346685	0.01703558196565853	-0.03426633737790875	0.02905605222803065	-0.021113084413548165	0.022188181015273506	-0.017341413263804773
0.16323010820240302	-0.6073581009705532	0.3132405068671655	-0.09737082284713106	0.0903143914071109	-0.17186369724936587	1.0000000000000018	-0.4632384042807541	0.20112830803822768	-0.16114083916815158	0.12449911797319248	-0.38096617259345716	0.2546804412896973	-0.19745677153001978	0.16037305080317726	-0.13085976311853761	0.25148117960085625	-0.1687646581746612	0.1638840679631795	-0.1339028778712044	0.0728563013740667	-0.06547795433802625	0.13118072835902572	-0.13663970334287306	0.11553237697107682	-0.06304917176928018	0.06229357614779795	-0.08506487615667088	0.08276164196926598	-0.08460864794934433	0.050332725017890184	-0.06640153656640022	0.0716762753510559	-0.06656974303557779	0.09823886486431417	-0.04357278757299269	0.03937520455968852	-0.044995516777944694	0.040254386869089484	-0.03106174597828345	0.05124583224494547	-0.04136650196280797	0.03374887267920346	-0.03624107002996394	0.03155429318262826
-0.10300910075354756	0.30903238380415426	-0.6288164636876342	0.10697084214505352	-0.09885516264167571	0.09415026832032176	-0.4632384042807541	1.0000000000000024	-0.2815139053910034	0.17542387824982097	-0.08192525239106647	0.2118275888430336	-0.4276534917278434	0.21915363827424741	-0.17554446721530653	0.08453826960630469	-0.1943583512835999	0.1546356265798669	-0.15639597711513017	0.12665681117307825	-0.052906307092776224	0.04798382328031659	-0.12027845501406206	0.12069296178058439	-0.1062590345184954	0.04585740793339105	-0.04687553345658977	0.07345880378641047	-0.07224308687785301	0.07452449502503088	-0.03754601655244318	0.049105353467207444	-0.06195133821308395	0.05736842706390329	-0.08641546381037592	0.033723572451796247	-0.030805479487242812	0.0363881413071722	-0.032865203737188244	0.025656786235168996	-0.0401059500916538	0.0323398779462468	-0.027201613635949626	0.029158723818818125	-0.02610388170228766
0.08420239017813526	-0.20266078995920292	0.20136361226054966	-0.3442397865647697	0.24839601178417878	-0.07702728195161532	0.20112830803822768	-0.2815139053910034	1.0000000000000016	-0.6206318323033865	0.07556380545120664	-0.18071520473167194	0.245837168772458	-0.34856510881430763	0.2902213389720355	-0.08075497176316607	0.17721889310374392	-0.17375945581815724	0.20057509089379943	-0.1917452172672957	0.05737146443886949	-0.052592970317972824	0.14101540472784918	-0.16164693743449238	0.14489145130348655	-0.05157243946058189	0.05345262547769281	-0.09294678801028987	0.09239448565079218	-0.10057104100791299	0.04351355445815286	-0.05692572689810155	0.07826805380851592	-0.07418191888861572	0.1133999966081514	-0.04268807828336693	0.03845932894872717	-0.04643622964078402	0.0421378885025328	-0.03341348321811656	0.05106479018874063	-0.040754298659062334	0.034610758902738556	-0.0374078645370626	0.03387913630663933
-0.0648344507177007	0.14439199755285012	-0.16133499103307422	0.2441664816023563	-0.34064867713607727	0.05813889257905898	-0.16114083916815158	0.17542387824982097	-0.6206318323033865	1.0	-0.05896609631316925	0.14032783591783907	-0.2236820365681763	0.2661464698024055	-0.5306355641587651	0.061830468668193604	-0.14920168302954948	0.14780057998096088	-0.20109757214536123	0.19007134277339352	-0.045520659928451744	0.041882249235083074	-0.12664274827932576	0.13961167419185755	-0.1458238985478067	0.04033171603199289	-0.04273042038305321	0.0799228960354189	-0.08210966669067549	0.0906587895496741	-0.034247430069168305	0.04447139392852082	-0.06845370180535676	0.06454632312875948	-0.10445433862095595	0.03299272643500719	-0.03052040336842317	0.037727449645714735	-0.034660288466578315	0.027867998639782454	-0.0398285144359328	0.03208141055749985	-0.028108242119107365	0.030197857851200403	-0.0283825920623424
0.24454160787218468	-0.1118704592526727	0.08681266823845009	-0.03489826665665039	0.03420358612657202	-0.3515756132457872	0.12449911797319248	-0.08192525239106647	0.07556380545120664	-0.05896609631316925	1.0000000000000018	-0.18767157036510382	0.0977976777095353	-0.07358508700235708	0.06618029692074692	-0.8272409478154722	0.15853363875208357	-0.08192845614996352	0.07821171282895502	-0.06061253199045349	0.1770534957722521	-0.1479178058417182	0.07141965167872373	-0.06809682640457347	0.056681605386405536	-0.13134503368765854	0.1077514311255315	-0.05145499502024896	0.04767029988691381	-0.04428500769620267	0.08465562335070888	-0.11532437328685628	0.04417894860043693	-0.03936212075483301	0.052587154325981794	-0.04480362578418243	0.04260938861657192	-0.03781801385398303	0.031274200551637876	-0.021726112324733773	0.04781920213505397	-0.04276393311562683	0.029191484742966997	-0.030257900549397296	0.022035471602270505
-0.1282199905591242	0.22421120754887228	-0.19924422220266905	0.08089539525512947	-0.07930648468176564	0.11959885237175309	-0.38096617259345716	0.2118275888430336	-0.18071520473167194	0.14032783591783907	-0.18767157036510382	1.0000000000000016	-0.3524939723127809	0.19543424581115093	-0.1654524829065499	0.15936849643529719	-0.7295659679875487	0.2035233012844668	-0.1838707722103027	0.13694412549441337	-0.08594057087326555	0.07713498668528393	-0.15588821625288635	0.1425857489396928	-0.12245015460841743	0.06907369533085536	-0.07031803736119424	0.09100477988273836	-0.08835374201256127	0.08734821068114308	-0.05437618504480704	0.07070651768380011	-0.07669946926764565	0.06972530514845572	-0.10264575551565953	0.043106041729527235	-0.03994821730298776	0.045481689087401266	-0.040676762714303476	0.031168856420235962	-0.050623898378215335	0.04145802532983955	-0.03412864859077052	0.036262794487537844	-0.031766299029039324
0.0993792123904065	-0.24200409054076238	0.24367173390087835	-0.11703673991528363	0.11029073567836098	-0.09253225428994204	0.2546804412896973	-0.4276534917278434	0.245837168772458	-0.2236820365681763	0.0977976777095353	-0.3524939723127809	1.0000000000000018	-0.5626853736375553	0.25589029086470333	-0.10236913907702072	0.2509811497248726	-0.29398835582406224	0.2306232511186598	-0.19371116352501008	0.06760511884487284	-0.0625526031439703	0.18257716981410269	-0.18341431535220276	0.1536867122312328	-0.05927229875656517	0.06149618105961635	-0.1078187636199624	0.10332529320098327	-0.10747379739506158	0.04903160445467628	-0.06422296317955865	0.08833541059882287	-0.0821780847635512	0.12130776983275905	-0.045512302439182264	0.0416579072272043	-0.05030686381318089	0.04534885687584362	-0.03557385045096382	0.05414287181590509	-0.04387652197771427	0.037405907166328876	-0.04011171422138505	0.036083182728269714
-0.07718201767121703	0.1707875851289545	-0.19393199421651464	0.13077683180256455	-0.1338898378167481	0.06962498108523982	-0.19745677153001978	0.21915363827424741	-0.34856510881430763	0.2661464698024055	-0.07358508700235708	0.19543424581115093	-0.5626853736375553	1.0000000000000016	-0.5595351273208624	0.07615456852705146	-0.20066109572122162	0.2033974455072602	-0.2910923988872234	0.2225515688994256	-0.054711212213846054	0.050599499809343536	-0.16143659095326995	0.16858325460169574	-0.16667587597478153	0.04790646508158153	-0.05085365603121618	0.09551628012868087	-0.09612538382217825	0.10436540639325222	-0.04032278027939389	0.05241468827257879	-0.08053350230108816	0.07532368335718237	-0.11863156621660254	0.037949896890252445	-0.03529557619797963	0.04362834937488023	-0.039864957121543004	0.031852365138841786	-0.04562258431058749	0.03703356137885619	-0.032443733867923846	0.03473719424099264	-0.03240067821264709
0.07001765105818751	-0.15352307726607645	0.15177473253373025	-0.15730685075102627	0.15537886948288687	-0.06359534689819593	0.16037305080317726	-0.17554446721530653	0.2902213389720355	-0.5306355641587651	0.06618029692074692	-0.1654524829065499	0.25589029086470333	-0.5595351273208624	0.9999999999999989	-0.07030108411655882	0.1640116123290497	-0.18744645553888822	0.2480408794602991	-0.37212892963575045	0.0525013731773432	-0.048775409388470255	0.15225537320371532	-0.1866485972500341	0.19022458744956836	-0.04703536030048028	0.0498015288022282	-0.09780131406818078	0.09903424520524233	-0.11685852406929245	0.03996117384483065	-0.052162090936808084	0.08170471109702394	-0.07859929598491663	0.12486035517395257	-0.03913910917539912	0.03611131009672009	-0.04502165273427404	0.04110987587663546	-0.03331417539657528	0.04697921499858794	-0.03811970336795497	0.03339195156740105	-0.03597747350353771	0.03370308453819269
-0.2907988823896212	0.11353648895422655	-0.09302993974112395	0.03673815325123882	-0.036280942020364665	0.23242604125437882	-0.13085976311853761	0.08453826960630469	-0.08075497176316607	0.061830468668193604	-0.8272409478154722	0.15936849643529719	-0.10236913907702072	0.07615456852705146	-0.07030108411655882	0.9999999999999981	-0.18145347501781744	0.08638989868035313	-0.0840131983222497	0.06400320589860892	-0.2689552120621018	0.15619306498487806	-0.07702774749631879	0.07158572549340952	-0.06050145311431677	0.13501723219876752	-0.12341496940012782	0.05466961037628064	-0.051061508757963704	0.047009132582058785	-0.09268159017290478	0.11584206487469972	-0.04720358782048247	0.04175117503026601	-0.056335809903534685	0.04631865809350685	-0.044083130682968215	0.03912823568721211	-0.032708158058414975	0.022717601095185953	-0.050559290949983626	0.04375127937737693	-0.03028550588370505	0.031297930693043576	-0.023135232553072822
0.12607148916892813	-0.2338316920170682	0.1804036800503864	-0.08557740297635179	0.08231578525847506	-0.1214531363140043	0.25148117960085625	-0.1943583512835999	0.17721889310374392	-0.14920168302954948	0.15853363875208357	-0.7295659679875487	0.2509811497248726	-0.20066109572122162	0.1640116123290497	-0.18145347501781744	0.9999999999999998	-0.30116876925640135	0.20327876711671672	-0.1588804676522808	0.09933852015932838	-0.09552490137526767	0.18459802990602792	-0.18028668370487358	0.14163391997354635	-0.08352731453835299	0.08428021078768552	-0.11289728418272868	0.10562132475600751	-0.10506251597887879	0.06555390374158722	-0.08663794082052927	0.09203787082390073	-0.08486781947380208	0.12052619078447757	-0.05419749860469188	0.04945925816899993	-0.05644018826374897	0.05004709979633651	-0.03832888174531623	0.06314848361557202	-0.05179534342757394	0.04219430912042027	-0.04509404265634882	0.038858562279206955
-0.07807578954298933	0.14576070744767733	-0.14748847146116545	0.08021677066126849	-0.07969028258802974	0.06983564437919065	-0.1687646581746612	0.1546356265798669	-0.17375945581815724	0.14780057998096088	-0.08192845614996352	0.2035233012844668	-0.29398835582406224	0.2033974455072602	-0.18744645553888822	0.08638989868035313	-0.30116876925640135	1.0000000000000013	-0.4685898471675361	0.2346908029439139	-0.07827355336668154	0.07755885061269768	-0.6226876522300342	0.2834939202842939	-0.23223479881211312	0.0656255799827456	-0.07644025565433031	0.18737200119142872	-0.17457376324348906	0.15293688726304813	-0.05599821160710427	0.07194985163179732	-0.15219302251426048	0.12783999032135224	-0.1806063840692644	0.05089966023992905	-0.05015133932511131	0.06584947542439172	-0.059846722984509375	0.046060005176838066	-0.0618457423971203	0.05173000757101469	-0.048482420285561385	0.05030223738089618	-0.04720931741423472
0.07897759065129276	-0.15429888727682559	0.14645858616566526	-0.10078789440852635	0.09785305734467657	-0.07124048804292635	0.1638840679631795	-0.15639597711513017	0.20057509089379943	-0.20109757214536123	0.07821171282895502	-0.1838707722103027	0.2306232511186598	-0.2910923988872234	0.2480408794602991	-0.0840131983222497	0.20327876711671672	-0.4685898471675361	1.000000000000002	-0.5636202916184087	0.07004959142585994	-0.06708447225890493	0.2672968646897007	-0.36018568088404523	0.27893667028925334	-0.06308583283141238	0.06874541637514496	-0.15849691540743183	0.15227147102285857	-0.17748178696500824	0.05407110742750786	-0.07064959856662607	0.12532067607918781	-0.12104586263967133	0.18076014334003668	-0.05329957478835186	0.05014401388357958	-0.06457938636783579	0.058625598568041525	-0.04748203059423357	0.06396080518555386	-0.05286335531894826	0.04747724284635088	-0.05088124918672174	0.04784562746311424
-0.06191216487935911	0.1200203963721185	-0.12236460307175007	0.09034326806950459	-0.09290151062578623	0.05510076492383984	-0.1339028778712044	0.12665681117307825	-0.1917452172672957	0.19007134277339352	-0.06061253199045349	0.13694412549441337	-0.19371116352501008	0.2225515688994256	-0.37212892963575045	0.06400320589860892	-0.1588804676522808	0.2346908029439139	-0.5636202916184087	0.9999999999999998	-0.05567044938108441	0.052887702994158674	-0.22157741587722818	0.27733565151472706	-0.5534082663985933	0.04967163684162493	-0.05539572703434623	0.13506832046731237	-0.14993185380876392	0.1948327344945524	-0.043280760166839224	0.05598485750219261	-0.11612121657530368	0.1135367387372022	-0.21092905307818077	0.04289175296802751	-0.041682109274367475	0.05534651679106898	-0.051782376739264724	0.04410673108106941	-0.05232458934319403	0.04352270632364358	-0.04089300363697996	0.043748746721732276	-0.044758648569161355
0.10496672973968928	-0.06558461114756083	0.05649004926939097	-0.026491215364159788	0.026275954953925547	-0.09057559669218894	0.0728563013740667	-0.052906307092776224	0.05737146443886949	-0.045520659928451744	0.1770534957722521	-0.08594057087326555	0.06760511884487284	-0.054711212213846054	0.0525013731773432	-0.2689552120621018	0.09933852015932838	-0.07827355336668154	0.07004959142585994	-0.05567044938108441	0.9999999999999996	-0.6878488861650665	0.08312855475067828	-0.07285821524339295	0.055820983975906804	-0.46059635972904495	0.3097465623112114	-0.07070251535944257	0.059387648912521455	-0.04872390560337815	0.22485802754663647	-0.29500998434391346	0.05962633118467499	-0.05083289002554597	0.05764683071441928	-0.08611082730287765	0.08540897401926842	-0.0644579108053392	0.050003110782264264	-0.031856670626793315	0.08579653123221881	-0.08247515966803767	0.050657087878158175	-0.050791532315762646	0.03219908987685923
-0.09106692042851215	0.0581330284747059	-0.051062823175441786	0.024236134520823703	-0.024076451280807407	0.07344134564031611	-0.06547795433802625	0.04798382328031659	-0.052592970317972824	0.041882249235083074	-0.1479178058417182	0.07713498668528393	-0.0625526031439703	0.050599499809343536	-0.048775409388470255	0.15619306498487806	-0.09552490137526767	0.07755885061269768	-0.06708447225890493	0.052887702994158674	-0.6878488861650665	0.9999999999999997	-0.09307262584431908	0.07166729163911012	-0.05392203029577502	0.27173387256890846	-0.5877626737477832	0.07315186161528478	-0.060298241685115876	0.046773490197287604	-0.20107310792644192	0.23234100070479435	-0.05952522781552142	0.04916106821895593	-0.05545773676327369	0.07064027949822595	-0.07123958430398684	0.05412851187865697	-0.04306292472035655	0.027529857270527727	-0.07416000588421463	0.06645552401266999	-0.04261464039706405	0.04236633096460052	-0.028028032727412937
0.06751581355765798	-0.12008769662215277	0.11442611099195268	-0.06810998055676055	0.06688701229683398	-0.06032270475793974	0.13118072835902572	-0.12027845501406206	0.14101540472784918	-0.12664274827932576	0.07141965167872373	-0.15588821625288635	0.18257716981410269	-0.16143659095326995	0.15225537320371532	-0.07702774749631879	0.18459802990602792	-0.6226876522300342	0.2672968646897007	-0.22157741587722818	0.08312855475067828	-0.09307262584431908	0.9999999999999962	-0.5223289984303808	0.23348559600121227	-0.07008188186763363	0.08476398089910361	-0.31836249646861464	0.20049240590964124	-0.16673869654735668	0.05918307536700115	-0.07711424349930282	0.17685332758152442	-0.15293491739301826	0.1790518104344673	-0.053183515730276125	0.053145378892065484	-0.07242005212602663	0.06346981588591935	-0.047682478551566425	0.06378731665313193	-0.05497501377908902	0.05208595524782825	-0.053561760777538714	0.048402954438427154
-0.06709879360929735	0.11915039765869395	-0.12093219890893663	0.07482622470846574	-0.07567627212004707	0.05892970692910478	-0.13663970334287306	0.12069296178058439	-0.16164693743449238	0.13961167419185755	-0.06809682640457347	0.1425857489396928	-0.18341431535220276	0.16858325460169574	-0.1866485972500341	0.07158572549340952	-0.18028668370487358	0.2834939202842939	-0.36018568088404523	0.27733565151472706	-0.07285821524339295	0.07166729163911012	-0.5223289984303808	0.9999999999999996	-0.5534203056191547	0.06291859866889622	-0.07445014772149852	0.20571182942268726	-0.2322342221324781	0.22920148012251407	-0.05536006676414357	0.07083716987926747	-0.17431380625309933	0.15987746198217534	-0.26665949342803075	0.053336310956876826	-0.053720002203620526	0.07345733932340608	-0.06852960163506731	0.05629571662887327	-0.06577498892970854	0.055377907319841005	-0.05407666289066551	0.056617407478286495	-0.05763352490628568
0.05696654506045694	-0.10606579220991294	0.1031291739568407	-0.07187732792963739	0.07101860888725162	-0.050741648701380905	0.11553237697107682	-0.1062590345184954	0.14489145130348655	-0.1458238985478067	0.056681605386405536	-0.12245015460841743	0.1536867122312328	-0.16667587597478153	0.19022458744956836	-0.06050145311431677	0.14163391997354635	-0.23223479881211312	0.27893667028925334	-0.5534082663985933	0.055820983975906804	-0.05392203029577502	0.23348559600121227	-0.5534203056191547	0.9999999999999973	-0.050872064800909784	0.05720749035477203	-0.16157638976641958	0.1809315910437541	-0.38659911610459347	0.04461673306171044	-0.058177141362637665	0.1309541271324789	-0.14026824656261966	0.25110127658255293	-0.04546097451253012	0.04461473045847327	-0.061117119029547834	0.056806215118495894	-0.05045399960006254	0.05511750131816847	-0.04684410000843598	0.0446678859312714	-0.04813086620547498	0.050113302593436035
-0.08739045759011063	0.05558625509445372	-0.04956877402570096	0.023538750430492	-0.023511199846530596	0.06949170101199958	-0.06304917176928018	0.04585740793339105	-0.05157243946058189	0.04033171603199289	-0.13134503368765854	0.06907369533085536	-0.05927229875656517	0.04790646508158153	-0.04703536030048028	0.13501723219876752	-0.08352731453835299	0.0656255799827456	-0.06308583283141238	0.04967163684162493	-0.46059635972904495	0.27173387256890846	-0.07008188186763363	0.06291859866889622	-0.050872064800909784	0.999999999999997	-0.47663388062008194	0.07067331524697994	-0.06008997278271628	0.046548717219472374	-0.6197697775251784	0.3160441965056617	-0.0616765445817085	0.05085379949058196	-0.05626011488300934	0.10609315870218636	-0.09907990612229037	0.0685293763793475	-0.05405349208182653	0.0333400588426121	-0.11102369992892798	0.08911152042779563	-0.055027544736994574	0.05400344959124458	-0.034069320786997564
0.07488708294653092	-0.05576793092939486	0.049780117474081294	-0.0246937157866987	0.024578205653818186	-0.06249188002654591	0.06229357614779795	-0.04687553345658977	0.05345262547769281	-0.04273042038305321	0.1077514311255315	-0.07031803736119424	0.06149618105961635	-0.05085365603121618	0.0498015288022282	-0.12341496940012782	0.08428021078768552	-0.07644025565433031	0.06874541637514496	-0.05539572703434623	0.3097465623112114	-0.5877626737477832	0.08476398089910361	-0.07445014772149852	0.05720749035477203	-0.47663388062008194	0.9999999999999986	-0.09904972034052634	0.07387061176292853	-0.05424520380608577	0.27798448884232324	-0.4993298314057325	0.07652172245071207	-0.06244656212731382	0.06406571819548416	-0.1058184095691337	0.11275152449883961	-0.0800853561756679	0.06077559418705087	-0.03757812703958736	0.10397179898315315	-0.10546731252833845	0.06305101161925847	-0.06193976965392514	0.03803374994615632
-0.047850445385129746	0.07561124336004549	-0.07394949571528793	0.04387779668336867	-0.043705473789769016	0.041628766120196885	-0.08506487615667088	0.07345880378641047	-0.09294678801028987	0.0799228960354189	-0.05145499502024896	0.09100477988273836	-0.1078187636199624	0.09551628012868087	-0.09780131406818078	0.05466961037628064	-0.11289728418272868	0.18737200119142872	-0.15849691540743183	0.13506832046731237	-0.07070251535944257	0.07315186161528478	-0.31836249646861464	0.20571182942268726	-0.16157638976641958	0.07067331524697994	-0.09904972034052634	0.9999999999999986	-0.5793488789951611	0.20651848415787943	-0.06406971950250002	0.08513168869729272	-0.5907931180488325	0.31620432075943317	-0.24323459734650812	0.06335877888020618	-0.07380748515940913	0.12033720715996683	-0.10156336999647068	0.06390781349681142	-0.07927700583128751	0.07306190723007012	-0.08482708403317257	0.07748074633918459	-0.06627122868848104
0.04551102115640104	-0.07507650845226879	0.0722583225959111	-0.04455024608235973	0.04406615926001492	-0.039954939497458694	0.08276164196926598	-0.07224308687785301	0.09239448565079218	-0.08210966669067549	0.04767029988691381	-0.08835374201256127	0.10332529320098327	-0.09612538382217825	0.09903424520524233	-0.051061508757963704	0.10562132475600751	-0.17457376324348906	0.15227147102285857	-0.14993185380876392	0.059387648912521455	-0.060298241685115876	0.20049240590964124	-0.2322342221324781	0.1809315910437541	-0.06008997278271628	0.07387061176292853	-0.5793488789951611	0.9999999999999946	-0.3668472983113598	0.05376588779727482	-0.07244236921100218	0.3147651379946635	-0.5644251614649818	0.2719389900835449	-0.055829395846495204	0.061101083710186216	-0.09861514168466334	0.08345151838404806	-0.061554548908767256	0.06787597611962305	-0.06301365313270699	0.06764266775812335	-0.06759939197326935	0.061242226798133424
-0.04374226902051515	0.07591224320228572	-0.07474598782929476	0.04812634400031267	-0.048084032551550596	0.03844319271891859	-0.08460864794934433	0.07452449502503088	-0.10057104100791299	0.0906587895496741	-0.04428500769620267	0.08734821068114308	-0.10747379739506158	0.10436540639325222	-0.11685852406929245	0.047009132582058785	-0.10506251597887879	0.15293688726304813	-0.17748178696500824	0.1948327344945524	-0.04872390560337815	0.046773490197287604	-0.16673869654735668	0.22920148012251407	-0.38659911610459347	0.046548717219472374	-0.05424520380608577	0.20651848415787943	-0.3668472983113598	0.9999999999999971	-0.04267069113499363	0.05568983548416678	-0.18763596133252264	0.2286233795780356	-0.7488471794694557	0.04695732595304566	-0.04964702741483764	0.07465084808059659	-0.07369367446300082	0.0774628529714833	-0.05815188224859455	0.051655376226775455	-0.05462835896010597	0.05956230495048533	-0.07688188056050987
0.06073020886447133	-0.044674256464798265	0.04033920814586221	-0.01993442242487057	0.019924593157834552	-0.04979747339872405	0.050332725017890184	-0.03754601655244318	0.04351355445815286	-0.034247430069168305	0.08465562335070888	-0.05437618504480704	0.04903160445467628	-0.04032278027939389	0.03996117384483065	-0.09268159017290478	0.06555390374158722	-0.05599821160710427	0.05407110742750786	-0.043280760166839224	0.22485802754663647	-0.20107310792644192	0.05918307536700115	-0.05536006676414357	0.04461673306171044	-0.6197697775251784	0.27798448884232324	-0.06406971950250002	0.05376588779727482	-0.04267069113499363	0.9999999999999969	-0.6578355719132164	0.059610025951083494	-0.04969002517701888	0.05126045508897693	-0.15902431590641627	0.141292813057328	-0.08861692313104085	0.06556865847909635	-0.039034769992409186	0.13674243539588324	-0.12752079792573076	0.07131813254049656	-0.06898263764916486	0.03953072670348814
-0.08337462575499746	0.05827993902590617	-0.05305246358509453	0.02591803213536045	-0.02596866983738222	0.06603387860907874	-0.06640153656640022	0.049105353467207444	-0.05692572689810155	0.04447139392852082	-0.11532437328685628	0.07070651768380011	-0.06422296317955865	0.05241468827257879	-0.052162090936808084	0.11584206487469972	-0.08663794082052927	0.07194985163179732	-0.07064959856662607	0.05598485750219261	-0.29500998434391346	0.23234100070479435	-0.07711424349930282	0.07083716987926747	-0.058177141362637665	0.3160441965056617	-0.4993298314057325	0.08513168869729272	-0.07244236921100218	0.05568983548416678	-0.6578355719132164	0.9999999999999953	-0.0816993411051011	0.06518834284530503	-0.0678412331039325	0.15889929791929447	-0.21950883492806147	0.10827514221794961	-0.08370747427532399	0.048648128316918726	-0.16845228468426954	0.1527761165208129	-0.09021315210670325	0.08381941888638048	-0.050131462748502165
0.04129761759671608	-0.06487023178852393	0.06224803674515425	-0.03755267975228929	0.03715454990709253	-0.036011587327118205	0.0716762753510559	-0.06195133821308395	0.07826805380851592	-0.06845370180535676	0.04417894860043693	-0.07669946926764565	0.08833541059882287	-0.08053350230108816	0.08170471109702394	-0.04720358782048247	0.09203787082390073	-0.15219302251426048	0.12532067607918781	-0.11612121657530368	0.05962633118467499	-0.05952522781552142	0.17685332758152442	-0.17431380625309933	0.1309541271324789	-0.0616765445817085	0.07652172245071207	-0.5907931180488325	0.3147651379946635	-0.18763596133252264	0.059610025951083494	-0.0816993411051011	0.9999999999999994	-0.6503622302151444	0.20604235140080474	-0.06722122336381114	0.08218200110744706	-0.1814110620047909	0.11649090537406519	-0.06700515929158041	0.08225357742710623	-0.08330226965742252	0.102428684893036	-0.09094593560668668	0.06801606040244303
-0.037351861883926564	0.05958893477242668	-0.05802725641886653	0.03530748562335387	-0.03512775890065497	0.032495420182063715	-0.06656974303557779	0.05736842706390329	-0.07418191888861572	0.06454632312875948	-0.03936212075483301	0.06972530514845572	-0.0821780847635512	0.07532368335718237	-0.07859929598491663	0.04175117503026601	-0.08486781947380208	0.12783999032135224	-0.12104586263967133	0.1135367387372022	-0.05083289002554597	0.04916106821895593	-0.15293491739301826	0.15987746198217534	-0.14026824656261966	0.05085379949058196	-0.06244656212731382	0.31620432075943317	-0.5644251614649818	0.2286233795780356	-0.04969002517701888	0.06518834284530503	-0.6503622302151444	0.9999999999999978	-0.33619592629639516	0.05659555914826104	-0.06806553376270233	0.11994189055381252	-0.10297773364981123	0.06622328464039234	-0.07151431871394165	0.06768231836861084	-0.08334336953615212	0.0764407295742219	-0.06740505832300563
0.052042384854773575	-0.09017483580001949	0.0863411011106317	-0.05575448897657167	0.054865923951277804	-0.04596210964482543	0.09823886486431417	-0.08641546381037592	0.1133999966081514	-0.10445433862095595	0.052587154325981794	-0.10264575551565953	0.12130776983275905	-0.11863156621660254	0.12486035517395257	-0.056335809903534685	0.12052619078447757	-0.1806063840692644	0.18076014334003668	-0.21092905307818077	0.05764683071441928	-0.05545773676327369	0.1790518104344673	-0.26665949342803075	0.25110127658255293	-0.05626011488300934	0.06406571819548416	-0.24323459734650812	0.2719389900835449	-0.7488471794694557	0.05126045508897693	-0.0678412331039325	0.20604235140080474	-0.33619592629639516	0.999999999999997	-0.05800544059978486	0.060095500443637255	-0.0916832352915518	0.08903159430226663	-0.11088702209616395	0.07020272521262685	-0.0638581452904946	0.06589085203180946	-0.07457086241746681	0.09581110314460471
-0.03750209809515511	0.03753717254997852	-0.03636785286023049	0.0192452009863237	-0.019468826977098876	0.030693348601614483	-0.04357278757299269	0.033723572451796247	-0.04268807828336693	0.03299272643500719	-0.04480362578418243	0.043106041729527235	-0.045512302439182264	0.037949896890252445	-0.03913910917539912	0.04631865809350685	-0.05419749860469188	0.05089966023992905	-0.05329957478835186	0.04289175296802751	-0.08611082730287765	0.07064027949822595	-0.053183515730276125	0.053336310956876826	-0.04546097451253012	0.10609315870218636	-0.1058184095691337	0.06335877888020618	-0.055829395846495204	0.04695732595304566	-0.15902431590641627	0.15889929791929447	-0.06722122336381114	0.05659555914826104	-0.05800544059978486	0.9999999999999986	-0.4463543978994078	0.17031452348213152	-0.13273367190755433	0.07264793373132548	-0.8088182406286468	0.2594709061599562	-0.1503860071559479	0.13483810512480726	-0.07531315802027568
0.034819495867223285	-0.03442097085804501	0.03284369117455743	-0.017603456350370344	0.017694171471408015	-0.028547851935712177	0.03937520455968852	-0.030805479487242812	0.03845932894872717	-0.03052040336842317	0.04260938861657192	-0.03994821730298776	0.0416579072272043	-0.03529557619797963	0.03611131009672009	-0.044083130682968215	0.04945925816899993	-0.05015133932511131	0.05014401388357958	-0.041682109274367475	0.08540897401926842	-0.07123958430398684	0.053145378892065484	-0.053720002203620526	0.04461473045847327	-0.09907990612229037	0.11275152449883961	-0.07380748515940913	0.061101083710186216	-0.04964702741483764	0.141292813057328	-0.21950883492806147	0.08218200110744706	-0.06806553376270233	0.060095500443637255	-0.4463543978994078	0.999999999999999	-0.31789406525357733	0.180327366414932	-0.09282617201518589	0.29099330674199786	-0.7013566180913123	0.24618016660384795	-0.20710112486206966	0.09427177746752657
-0.033076905498293924	0.03939993810433032	-0.03823514364703792	0.02145088563285375	-0.02152778786102703	0.0275549643247436	-0.044995516777944694	0.0363881413071722	-0.04643622964078402	0.037727449645714735	-0.03781801385398303	0.045481689087401266	-0.05030686381318089	0.04362834937488023	-0.04502165273427404	0.03912823568721211	-0.05644018826374897	0.06584947542439172	-0.06457938636783579	0.05534651679106898	-0.0644579108053392	0.05412851187865697	-0.07242005212602663	0.07345733932340608	-0.061117119029547834	0.0685293763793475	-0.0800853561756679	0.12033720715996683	-0.09861514168466334	0.07465084808059659	-0.08861692313104085	0.10827514221794961	-0.1814110620047909	0.11994189055381252	-0.0916832352915518	0.17031452348213152	-0.31789406525357733	0.9999999999999996	-0.5433524055645607	0.16429403685798782	-0.22757155428533357	0.2679891194166536	-0.5992306559504135	0.31626117683629795	-0.18156197257683854
0.0280208939669574	-0.035520283190022685	0.03437812576456355	-0.01963334975578954	0.019643585841295996	-0.0236028039346685	0.040254386869089484	-0.032865203737188244	0.0421378885025328	-0.034660288466578315	0.031274200551637876	-0.040676762714303476	0.04534885687584362	-0.039864957121543004	0.04110987587663546	-0.032708158058414975	0.05004709979633651	-0.059846722984509375	0.058625598568041525	-0.051782376739264724	0.050003110782264264	-0.04306292472035655	0.06346981588591935	-0.06852960163506731	0.056806215118495894	-0.05405349208182653	0.06077559418705087	-0.10156336999647068	0.08345151838404806	-0.07369367446300082	0.06556865847909635	-0.08370747427532399	0.11649090537406519	-0.10297773364981123	0.08903159430226663	-0.13273367190755433	0.180327366414932	-0.5433524055645607	0.9999999999999987	-0.3370645921397281	0.15469719940400403	-0.2175064360076768	0.30140254184585547	-0.6374918820299551	0.24641884662643412
-0.020088593153357634	0.02741117952876856	-0.026726298764447955	0.015638241663333344	-0.015645453467618815	0.01703558196565853	-0.03106174597828345	0.025656786235168996	-0.03341348321811656	0.027867998639782454	-0.021726112324733773	0.031168856420235962	-0.03557385045096382	0.031852365138841786	-0.03331417539657528	0.022717601095185953	-0.03832888174531623	0.046060005176838066	-0.04748203059423357	0.04410673108106941	-0.031856670626793315	0.027529857270527727	-0.047682478551566425	0.05629571662887327	-0.05045399960006254	0.0333400588426121	-0.03757812703958736	0.06390781349681142	-0.061554548908767256	0.0774628529714833	-0.039034769992409186	0.048648128316918726	-0.06700515929158041	0.06622328464039234	-0.11088702209616395	0.07264793373132548	-0.09282617201518589	0.16429403685798782	-0.3370645921397281	0.9999999999999989	-0.09457786860717575	0.10206444394401384	-0.1433862585783402	0.23014409388690488	-0.8865055072136043
0.04115135665800841	-0.04452061810319355	0.04305915452397801	-0.023193699020835342	0.023401114731274732	-0.03426633737790875	0.05124583224494547	-0.0401059500916538	0.05106479018874063	-0.0398285144359328	0.04781920213505397	-0.050623898378215335	0.05414287181590509	-0.04562258431058749	0.04697921499858794	-0.050559290949983626	0.06314848361557202	-0.0618457423971203	0.06396080518555386	-0.05232458934319403	0.08579653123221881	-0.07416000588421463	0.06378731665313193	-0.06577498892970854	0.05511750131816847	-0.11102369992892798	0.10397179898315315	-0.07927700583128751	0.06787597611962305	-0.05815188224859455	0.13674243539588324	-0.16845228468426954	0.08225357742710623	-0.07151431871394165	0.07020272521262685	-0.8088182406286468	0.29099330674199786	-0.22757155428533357	0.15469719940400403	-0.09457786860717575	0.999999999999999	-0.35812301954326076	0.17929966944352346	-0.18459654149803	0.09180032977268324
-0.035581230208508036	0.03588334525480782	-0.0345904595790588	0.018542910809989363	-0.018693364295068716	0.02905605222803065	-0.04136650196280797	0.0323398779462468	-0.040754298659062334	0.03208141055749985	-0.04276393311562683	0.04145802532983955	-0.04387652197771427	0.03703356137885619	-0.03811970336795497	0.04375127937737693	-0.05179534342757394	0.05173000757101469	-0.05286335531894826	0.04352270632364358	-0.08247515966803767	0.06645552401266999	-0.05497501377908902	0.055377907319841005	-0.04684410000843598	0.08911152042779563	-0.10546731252833845	0.07306190723007012	-0.06301365313270699	0.051655376226775455	-0.12752079792573076	0.1527761165208129	-0.08330226965742252	0.06768231836861084	-0.0638581452904946	0.2594709061599562	-0.7013566180913123	0.2679891194166536	-0.2175064360076768	0.10206444394401384	-0.35812301954326076	1.0	-0.4386638775990147	0.2200950591487705	-0.11235472819571256
0.025353127286189155	-0.02962503132820648	0.028620908784389755	-0.01600905251979945	0.01605261425589825	-0.021113084413548165	0.03374887267920346	-0.027201613635949626	0.034610758902738556	-0.028108242119107365	0.029191484742966997	-0.03412864859077052	0.037405907166328876	-0.032443733867923846	0.03339195156740105	-0.03028550588370505	0.04219430912042027	-0.048482420285561385	0.04747724284635088	-0.04089300363697996	0.050657087878158175	-0.04261464039706405	0.05208595524782825	-0.05407666289066551	0.0446678859312714	-0.055027544736994574	0.06305101161925847	-0.08482708403317257	0.06764266775812335	-0.05462835896010597	0.07131813254049656	-0.09021315210670325	0.102428684893036	-0.08334336953615212	0.06589085203180946	-0.1503860071559479	0.24618016660384795	-0.5992306559504135	0.30140254184585547	-0.1433862585783402	0.17929966944352346	-0.4386638775990147	1.0000000000000007	-0.5443377552918935	0.15003725819710872
