1.0	-0.5108016990818994	0.3011296717458999	-0.13959055970255654	0.11989161231657508	-0.416729812726571	0.23345434999834389	-0.2162443244978413	0.22098454227481265	-0.13746808409368919	0.24485474139587146	-0.23186710367447685	0.1910574162436268	-0.20683028073338783	0.1738463267375817	-0.2594681779708269	0.192590056079151	-0.23866040725094065	0.15956607574849974	-0.1958310453421873	0.13643012665141005	-0.13805383864383725	0.10756452296438584	-0.11921561433911325	0.17451115716022364	-0.11420081675619362	0.11183844120715006	-0.10777329406597003	0.11715622128594645	-0.12092071180838182	0.08655904446725148	-0.08638342617006516	0.1197532544039413	-0.08366390400627188	0.1004788871665212
-0.5108016990818994	0.9999999999999999	-0.7653764302439152	0.1351368715690975	-0.12343068996209304	0.17636934538516383	-0.19436797128590316	0.1582709081383747	-0.14676983337506783	0.09737135384521486	-0.13771736067491422	0.1298456635359491	-0.1221787579037627	0.12227448965586023	-0.11770245741669035	0.13412813679068283	-0.10857114414629641	0.1327860681426631	-0.09316462991184528	0.11228460840577321	-0.07450388825384134	0.07499557641316797	-0.059368915339425364	0.06517375113030303	-0.09982778171858901	0.061640370497721725	-0.061355937242147954	0.05915777060844299	-0.06524245249839014	0.06701974545720703	-0.04747526239976929	0.047011639181726544	-0.06629098487722807	0.046094380008072144	-0.05576163734526951
0.3011296717458999	-0.7653764302439152	0.9999999999999998	-0.2223209242040482	0.15829949266865134	-0.19732035785141508	0.19343560844894006	-0.20804483952132283	0.1851643843755909	-0.13013298657206546	0.15229247618750896	-0.16308724523519297	0.1512033374908763	-0.1617536398135445	0.15114470263421376	-0.17400896804372024	0.13644239664276403	-0.1796602932109037	0.12265158113982712	-0.15157695148480535	0.09614556305485865	-0.09795129289736476	0.07824230930235476	-0.08667349541256325	0.13184586746246163	-0.0808653965681425	0.08001594113896708	-0.07817668370564218	0.08632452031724802	-0.08949737975011875	0.062179399709124825	-0.06193217760290709	0.08720152771739287	-0.06128870675052495	0.07389630796451327
-0.13959055970255654	0.1351368715690975	-0.2223209242040482	0.9999999999999998	-0.8715203184069282	0.09087977930409348	-0.10159191898007061	0.10070315841384099	-0.2345481655933798	0.23728207179140445	-0.08154448527422303	0.09048977056120065	-0.09429941130199208	0.11425048286482906	-0.24423768956481126	0.09273445157629613	-0.07985554729974968	0.11457236261998108	-0.08814341630565019	0.11820396164334926	-0.056324429921897456	0.05740598671942727	-0.049017933796670375	0.053867738742879465	-0.09716254379410506	0.04727947766543595	-0.04814441195438818	0.04859922106942369	-0.05678912122383802	0.059303006408516254	-0.03777393822828018	0.03722562338634499	-0.055052154893481205	0.03901983372096696	-0.04778417016844603
0.11989161231657508	-0.12343068996209304	0.15829949266865134	-0.8715203184069282	1.0	-0.08499125089661426	0.09169942299090114	-0.09361091717643921	0.19914084254059872	-0.3392617211372301	0.07552078571372059	-0.08613329416441623	0.08751063343202276	-0.1101170278598714	0.2104477706304386	-0.08928788156404552	0.07554486712697495	-0.11223601170581855	0.08389179441599857	-0.11615701710718751	0.05363003352851883	-0.05495250212763785	0.04674384350734445	-0.05169908762472729	0.09064952445695329	-0.04527187858979973	0.04586860967764967	-0.04638611749371301	0.05378779291987694	-0.05673273742618602	0.035953176162063456	-0.0355751897447025	0.05221589839188144	-0.0371771934085664	0.04525643283429627
-0.416729812726571	0.17636934538516383	-0.19732035785141508	0.09087977930409348	-0.08499125089661426	0.9999999999999999	-0.3826285440042512	0.22594315876665624	-0.19294923477515183	0.10757131444186366	-0.6810960161587443	0.2513964753003571	-0.20810305659302303	0.17258645073832066	-0.14260077073552624	0.2397185022823153	-0.20871082690360265	0.17920747043744728	-0.13293948645858064	0.1462436089190818	-0.12953860434416872	0.12170898999135316	-0.08999850039704049	0.09533907070198656	-0.14000821651746412	0.09826956948225701	-0.09920062161592151	0.088877499112631	-0.09502498112534358	0.09416273296755107	-0.07483383418629459	0.07248254658844809	-0.10061213760667334	0.06661042200080264	-0.08089333703967751
0.23345434999834389	-0.19436797128590316	0.19343560844894006	-0.10159191898007061	0.09169942299090114	-0.3826285440042512	0.9999999999999997	-0.7082079199058392	0.2212487032574309	-0.12856555079963267	0.24023009781379914	-0.2925201349492637	0.2754652986002963	-0.24117200174396727	0.15751665107766583	-0.22424920802584808	0.19500732764613785	-0.22516697796811916	0.16186389635026033	-0.17390362894261543	0.11974939774669563	-0.12232511174632948	0.09241622847644146	-0.10031743679801229	0.1496705091304348	-0.09738646272709114	0.09722174811952042	-0.09068958098367295	0.09794910757320617	-0.10012445258933893	0.07345545704886383	-0.07266852443435688	0.100665894072609	-0.06847222487210158	0.08230310805190581
-0.2162443244978413	0.1582709081383747	-0.20804483952132283	0.10070315841384099	-0.09361091717643921	0.22594315876665624	-0.7082079199058392	1.0	-0.28322524610567185	0.13574588228521295	-0.2102810925671876	0.2405459013809196	-0.46426255972435393	0.2373686234798473	-0.167891861403231	0.18205281497164144	-0.18247375288935702	0.20120607743502822	-0.16479937187579807	0.16171476173464303	-0.10624684484787521	0.10713932403585578	-0.08384061386962692	0.08964346123522984	-0.14342980146165207	0.08514146869598183	-0.08726838969277802	0.08178136417723741	-0.09058064063591047	0.09165674941608074	-0.06612878781008683	0.06463122932552516	-0.09226349728617222	0.06262507280130505	-0.07626515230613694
0.22098454227481265	-0.14676983337506783	0.1851643843755909	-0.2345481655933798	0.19914084254059872	-0.19294923477515183	0.2212487032574309	-0.28322524610567185	0.9999999999999986	-0.5203716962094469	0.17664545951236527	-0.22050081438194577	0.2290556262686743	-0.3291968075477685	0.3178516534409927	-0.2197236371234954	0.18708399649655047	-0.30294518224216366	0.2183460229884186	-0.29366839102449355	0.13098973912338063	-0.13594783959976345	0.11493482249844647	-0.12833163499659428	0.21235317701355372	-0.1112441819201255	0.11226683721544775	-0.1136217345072078	0.129776892861652	-0.13967669894416967	0.0875006935022746	-0.08710539806606035	0.1263089700736112	-0.09035292417346927	0.10872417671801354
-0.13746808409368919	0.09737135384521486	-0.13013298657206546	0.23728207179140445	-0.3392617211372301	0.10757131444186366	-0.12856555079963267	0.13574588228521295	-0.5203716962094469	0.999999999999999	-0.1013174498758575	0.120957586708652	-0.13474159141643402	0.181077075283832	-0.6845432623225732	0.11994859735744343	-0.10675891034964903	0.165310415855516	-0.1355606031659699	0.18942124509734995	-0.07469975579282484	0.07676399562955626	-0.06704952857127658	0.07388317286666797	-0.1417405850480583	0.06294383575473639	-0.06456863181941472	0.06607839138314227	-0.07856712633379641	0.08332845390616872	-0.05061911375788598	0.049909501180063834	-0.0746411162329237	0.053278626106510046	-0.06515622485373691
0.24485474139587146	-0.13771736067491422	0.15229247618750896	-0.08154448527422303	0.07552078571372059	-0.6810960161587443	0.24023009781379914	-0.2102810925671876	0.17664545951236527	-0.1013174498758575	0.9999999999999987	-0.4194380974588759	0.2105476726568732	-0.18485079100458246	0.13452678950620733	-0.3948781579759727	0.2518728294862557	-0.19473434940010118	0.1378592652008095	-0.1504455548965525	0.15312490216896252	-0.14631310057534272	0.098558374591812	-0.10532148789848639	0.14085863051609665	-0.11680271936128607	0.11288172312386825	-0.09748215409869121	0.09942165945291051	-0.0988983396140213	0.08305906562758551	-0.08174031048782524	0.10738059972532818	-0.07012399377920094	0.08351581627375476
-0.23186710367447685	0.1298456635359491	-0.16308724523519297	0.09048977056120065	-0.08613329416441623	0.2513964753003571	-0.2925201349492637	0.2405459013809196	-0.22050081438194577	0.120957586708652	-0.4194380974588759	0.9999999999999969	-0.47151273280678185	0.2420734989541207	-0.1673234788764446	0.2893302474772733	-0.544674817529284	0.2310860758978968	-0.18481628984798046	0.1744040316525429	-0.1692098362975791	0.17553326714904519	-0.11719539622874282	0.11968999004099065	-0.16919711746807714	0.12645901805703824	-0.13572138843906797	0.11230033677616917	-0.11619356138418496	0.11310453637098913	-0.09474881754863398	0.0914788245984034	-0.12545019753455372	0.08040370809342912	-0.09703345363440169
0.1910574162436268	-0.1221787579037627	0.1512033374908763	-0.09429941130199208	0.08751063343202276	-0.20810305659302303	0.2754652986002963	-0.46426255972435393	0.2290556262686743	-0.13474159141643402	0.2105476726568732	-0.47151273280678185	0.9999999999999969	-0.5420603878587215	0.17888962109449252	-0.21707920895690466	0.23220840651985294	-0.2964885439555736	0.2355768182682975	-0.20137772126818682	0.12320769757136953	-0.12925152254024513	0.0986401038185176	-0.10504582633146849	0.166438941224954	-0.0990840361184491	0.10177396035451462	-0.09439033834459071	0.10347141455105002	-0.10502558409276813	0.07570033422944618	-0.07433773948048278	0.10514888900069484	-0.07091761500143696	0.08586286146200392
-0.20683028073338783	0.12227448965586023	-0.1617536398135445	0.11425048286482906	-0.1101170278598714	0.17258645073832066	-0.24117200174396727	0.2373686234798473	-0.3291968075477685	0.181077075283832	-0.18485079100458246	0.2420734989541207	-0.5420603878587215	0.9999999999999977	-0.2861766265279962	0.1899358833274875	-0.21336737970119685	0.3045349168607019	-0.5222659067608374	0.2545287982513602	-0.12354331841271904	0.12530480949127495	-0.10817224706144363	0.11376669189157806	-0.2178209715954778	0.0995980441378225	-0.1053534978568836	0.1027437998147483	-0.1209287425162265	0.12227800764510091	-0.08068378163156838	0.07809858968090783	-0.1178266231784849	0.0807673540107928	-0.1001298718278297
0.1738463267375817	-0.11770245741669035	0.15114470263421376	-0.24423768956481126	0.2104477706304386	-0.14260077073552624	0.15751665107766583	-0.167891861403231	0.3178516534409927	-0.6845432623225732	0.13452678950620733	-0.1673234788764446	0.17888962109449252	-0.2861766265279962	0.999999999999997	-0.16700479505914548	0.1466001175922247	-0.24673513253048227	0.19766782345614878	-0.33745689444565613	0.10352214892799108	-0.10736960821549489	0.09423991384313199	-0.10496475537992564	0.19806428875439216	-0.08791854200884158	0.08989198386619311	-0.09280305205150567	0.10997125942222297	-0.11987422639042856	0.07036284042097732	-0.06971596063904363	0.10377814483137542	-0.0747501188718308	0.09058936182644167
-0.2594681779708269	0.13412813679068283	-0.17400896804372024	0.09273445157629613	-0.08928788156404552	0.2397185022823153	-0.22424920802584808	0.18205281497164144	-0.2197236371234954	0.11994859735744343	-0.3948781579759727	0.2893302474772733	-0.21707920895690466	0.1899358833274875	-0.16700479505914548	0.9999999999999976	-0.5673767204519816	0.22339335608832125	-0.16316614396135867	0.18004904296032226	-0.40215014606846866	0.25398566844650006	-0.15851540392776411	0.1579206887240312	-0.19431778125636331	0.2103912673868197	-0.20889299980158804	0.1566009337459345	-0.1512545558030613	0.141488458252788	-0.14953426252753854	0.13766794991883247	-0.17800065569629248	0.10668908390436445	-0.12795544051885493
0.192590056079151	-0.10857114414629641	0.13644239664276403	-0.07985554729974968	0.07554486712697495	-0.20871082690360265	0.19500732764613785	-0.18247375288935702	0.18708399649655047	-0.10675891034964903	0.2518728294862557	-0.544674817529284	0.23220840651985294	-0.21336737970119685	0.1466001175922247	-0.5673767204519816	0.999999999999998	-0.2901864166606706	0.1745469015105961	-0.17685322149874344	0.23636852754636534	-0.3311757567003288	0.1501384463014143	-0.15570668211135136	0.1712526238238664	-0.1823349661396941	0.1867358947610162	-0.14360127712471218	0.13201910624853877	-0.12812413917108534	0.12124106852752191	-0.12127725997831541	0.14965137741701576	-0.09259357726372121	0.10732523110780519
-0.23866040725094065	0.1327860681426631	-0.1796602932109037	0.11457236261998108	-0.11223601170581855	0.17920747043744728	-0.22516697796811916	0.20120607743502822	-0.30294518224216366	0.165310415855516	-0.19473434940010118	0.2310860758978968	-0.2964885439555736	0.3045349168607019	-0.24673513253048227	0.22339335608832125	-0.2901864166606706	0.9999999999999963	-0.621449254008541	0.2940610251428598	-0.16074385754592502	0.16380604531054702	-0.16934665221696743	0.16074173396246705	-0.3091664119080676	0.1289780354083239	-0.14111321237531824	0.1416067694504888	-0.1704043821873029	0.16500738819914718	-0.10840125713806814	0.10363100838441519	-0.1646312910240567	0.11103744485424213	-0.14016732419268083
0.15956607574849974	-0.09316462991184528	0.12265158113982712	-0.08814341630565019	0.08389179441599857	-0.13293948645858064	0.16186389635026033	-0.16479937187579807	0.2183460229884186	-0.1355606031659699	0.1378592652008095	-0.18481628984798046	0.2355768182682975	-0.5222659067608374	0.19766782345614878	-0.16316614396135867	0.1745469015105961	-0.621449254008541	0.9999999999999984	-0.44448754734886614	0.10862723041004854	-0.1133299005231373	0.10860164437322188	-0.11543659063744371	0.23288044146621226	-0.08959325390816372	0.09526231437050935	-0.09783487331544977	0.1183361591505847	-0.12412398880068279	0.07327453881561105	-0.07135793537523236	0.11041130723003184	-0.07692882685265026	0.0949180048253285
-0.1958310453421873	0.11228460840577321	-0.15157695148480535	0.11820396164334926	-0.11615701710718751	0.1462436089190818	-0.17390362894261543	0.16171476173464303	-0.29366839102449355	0.18942124509734995	-0.1504455548965525	0.1744040316525429	-0.20137772126818682	0.2545287982513602	-0.33745689444565613	0.18004904296032226	-0.17685322149874344	0.2940610251428598	-0.44448754734886614	0.9999999999999954	-0.13602150836243537	0.13891128948229822	-0.1457120052072255	0.15732448341283742	-0.5993606657552231	0.11543082269757632	-0.1254806327574752	0.140974285631234	-0.20008091995791782	0.21269801951388673	-0.10111868710539454	0.09763016694427468	-0.16496622670606964	0.12034897720884219	-0.15340013178763084
0.13643012665141005	-0.07450388825384134	0.09614556305485865	-0.056324429921897456	0.05363003352851883	-0.12953860434416872	0.11974939774669563	-0.10624684484787521	0.13098973912338063	-0.07469975579282484	0.15312490216896252	-0.1692098362975791	0.12320769757136953	-0.12354331841271904	0.10352214892799108	-0.40215014606846866	0.23636852754636534	-0.16074385754592502	0.10862723041004854	-0.13602150836243537	0.9999999999999961	-0.5265103783490972	0.18834569042454175	-0.20028102623161864	0.14694935090411962	-0.5805027023419752	0.30503930997933804	-0.19860663897100397	0.14859890385090863	-0.14038006325747374	0.20843083573646393	-0.21361134525090816	0.19255420268300993	-0.10836044758801554	0.11660590967707028
-0.13805383864383725	0.07499557641316797	-0.09795129289736476	0.05740598671942727	-0.05495250212763785	0.12170898999135316	-0.12232511174632948	0.10713932403585578	-0.13594783959976345	0.07676399562955626	-0.14631310057534272	0.17553326714904519	-0.12925152254024513	0.12530480949127495	-0.10736960821549489	0.25398566844650006	-0.3311757567003288	0.16380604531054702	-0.1133299005231373	0.13891128948229822	-0.5265103783490972	0.999999999999995	-0.32067367830314825	0.22871101764783996	-0.16108948442772053	0.30071403085736004	-0.5548688471171319	0.23327972633911603	-0.17505928867921206	0.14984707394272762	-0.1991998042995278	0.18834971717920962	-0.23178430659072427	0.11881844749489118	-0.1318491926483527
0.10756452296438584	-0.059368915339425364	0.07824230930235476	-0.049017933796670375	0.04674384350734445	-0.08999850039704049	0.09241622847644146	-0.08384061386962692	0.11493482249844647	-0.06704952857127658	0.098558374591812	-0.11719539622874282	0.0986401038185176	-0.10817224706144363	0.09423991384313199	-0.15851540392776411	0.1501384463014143	-0.16934665221696743	0.10860164437322188	-0.1457120052072255	0.18834569042454175	-0.32067367830314825	0.9999999999999956	-0.7926545005774257	0.17643136380398977	-0.16835228102936692	0.21006966767874014	-0.34114491591326856	0.2171255907041571	-0.18813616193175686	0.13102446743490914	-0.1351682772425989	0.22749640864245027	-0.13201687805820447	0.13612854306719396
-0.11921561433911325	0.06517375113030303	-0.08667349541256325	0.053867738742879465	-0.05169908762472729	0.09533907070198656	-0.10031743679801229	0.08964346123522984	-0.12833163499659428	0.07388317286666797	-0.10532148789848639	0.11968999004099065	-0.10504582633146849	0.11376669189157806	-0.10496475537992564	0.1579206887240312	-0.15570668211135136	0.16074173396246705	-0.11543659063744371	0.15732448341283742	-0.20028102623161864	0.22871101764783996	-0.7926545005774257	0.9999999999999962	-0.23339154525276062	0.1628934734166974	-0.21119305981201497	0.2555800942512483	-0.30103457650802523	0.2064412332972713	-0.14453349027027032	0.13836051263358218	-0.2637687140460962	0.14712272272467306	-0.16476041198868072
0.17451115716022364	-0.09982778171858901	0.13184586746246163	-0.09716254379410506	0.09064952445695329	-0.14000821651746412	0.1496705091304348	-0.14342980146165207	0.21235317701355372	-0.1417405850480583	0.14085863051609665	-0.16919711746807714	0.166438941224954	-0.2178209715954778	0.19806428875439216	-0.19431778125636331	0.1712526238238664	-0.3091664119080676	0.23288044146621226	-0.5993606657552231	0.14694935090411962	-0.16108948442772053	0.17643136380398977	-0.23339154525276062	0.9999999999999954	-0.13290682519134853	0.1421460316667295	-0.17874451972285205	0.2527711624210141	-0.46065986217968824	0.11149842340401357	-0.11291705730850254	0.18369984786974178	-0.15167020496940556	0.17159306859745366
-0.11420081675619362	0.061640370497721725	-0.0808653965681425	0.04727947766543595	-0.04527187858979973	0.09826956948225701	-0.09738646272709114	0.08514146869598183	-0.1112441819201255	0.06294383575473639	-0.11680271936128607	0.12645901805703824	-0.0990840361184491	0.0995980441378225	-0.08791854200884158	0.2103912673868197	-0.1823349661396941	0.1289780354083239	-0.08959325390816372	0.11543082269757632	-0.5805027023419752	0.30071403085736004	-0.16835228102936692	0.1628934734166974	-0.13290682519134853	0.999999999999994	-0.5442117034205451	0.2139930009336294	-0.15099905312177525	0.13192328588227387	-0.3951793819155543	0.25770452394384086	-0.23403688476356502	0.11129225904132393	-0.12174158238348662
0.11183844120715006	-0.061355937242147954	0.08001594113896708	-0.04814441195438818	0.04586860967764967	-0.09920062161592151	0.09722174811952042	-0.08726838969277802	0.11226683721544775	-0.06456863181941472	0.11288172312386825	-0.13572138843906797	0.10177396035451462	-0.1053534978568836	0.08989198386619311	-0.20889299980158804	0.1867358947610162	-0.14111321237531824	0.09526231437050935	-0.1254806327574752	0.30503930997933804	-0.5548688471171319	0.21006966767874014	-0.21119305981201497	0.1421460316667295	-0.5442117034205451	0.9999999999999944	-0.3763265528510816	0.17595733657423165	-0.1566803549023825	0.23988421856413664	-0.2935941644473549	0.2506985397597688	-0.12528933947661744	0.12876693172638934
-0.10777329406597003	0.05915777060844299	-0.07817668370564218	0.04859922106942369	-0.04638611749371301	0.088877499112631	-0.09068958098367295	0.08178136417723741	-0.1136217345072078	0.06607839138314227	-0.09748215409869121	0.11230033677616917	-0.09439033834459071	0.1027437998147483	-0.09280305205150567	0.1566009337459345	-0.14360127712471218	0.1416067694504888	-0.09783487331544977	0.140974285631234	-0.19860663897100397	0.23327972633911603	-0.34114491591326856	0.2555800942512483	-0.17874451972285205	0.2139930009336294	-0.3763265528510816	0.999999999999994	-0.38250898161618857	0.2316709697430736	-0.20262538466686097	0.2085535566101391	-0.6490553495092757	0.2007045191116657	-0.2046346633956039
0.11715622128594645	-0.06524245249839014	0.08632452031724802	-0.05678912122383802	0.05378779291987694	-0.09502498112534358	0.09794910757320617	-0.09058064063591047	0.129776892861652	-0.07856712633379641	0.09942165945291051	-0.11619356138418496	0.10347141455105002	-0.1209287425162265	0.10997125942222297	-0.1512545558030613	0.13201910624853877	-0.1704043821873029	0.1183361591505847	-0.20008091995791782	0.14859890385090863	-0.17505928867921206	0.2171255907041571	-0.30103457650802523	0.2527711624210141	-0.15099905312177525	0.17595733657423165	-0.38250898161618857	0.9999999999999942	-0.6910869746182691	0.13019425263851775	-0.1380246496407473	0.2607178388165238	-0.2978520156851841	0.2403395173029066
-0.12092071180838182	0.06701974545720703	-0.08949737975011875	0.059303006408516254	-0.05673273742618602	0.09416273296755107	-0.10012445258933893	0.09165674941608074	-0.13967669894416967	0.08332845390616872	-0.0988983396140213	0.11310453637098913	-0.10502558409276813	0.12227800764510091	-0.11987422639042856	0.141488458252788	-0.12812413917108534	0.16500738819914718	-0.12412398880068279	0.21269801951388673	-0.14038006325747374	0.14984707394272762	-0.18813616193175686	0.2064412332972713	-0.46065986217968824	0.13192328588227387	-0.1566803549023825	0.2316709697430736	-0.6910869746182691	0.9999999999999931	-0.1268170758117932	0.12462978084804202	-0.25859808242407667	0.22183087750993896	-0.2933496387851393
0.08655904446725148	-0.04747526239976929	0.062179399709124825	-0.03777393822828018	0.035953176162063456	-0.07483383418629459	0.07345545704886383	-0.06612878781008683	0.0875006935022746	-0.05061911375788598	0.08305906562758551	-0.09474881754863398	0.07570033422944618	-0.08068378163156838	0.07036284042097732	-0.14953426252753854	0.12124106852752191	-0.10840125713806814	0.07327453881561105	-0.10111868710539454	0.20843083573646393	-0.1991998042995278	0.13102446743490914	-0.14453349027027032	0.11149842340401357	-0.3951793819155543	0.23988421856413664	-0.20262538466686097	0.13019425263851775	-0.1268170758117932	0.9999999999999934	-0.8117794990787591	0.2266094403328987	-0.11149544376970745	0.10813608444495479
-0.08638342617006516	0.047011639181726544	-0.06193217760290709	0.03722562338634499	-0.0355751897447025	0.07248254658844809	-0.07266852443435688	0.06463122932552516	-0.08710539806606035	0.049909501180063834	-0.08174031048782524	0.0914788245984034	-0.07433773948048278	0.07809858968090783	-0.06971596063904363	0.13766794991883247	-0.12127725997831541	0.10363100838441519	-0.07135793537523236	0.09763016694427468	-0.21361134525090816	0.18834971717920962	-0.1351682772425989	0.13836051263358218	-0.11291705730850254	0.25770452394384086	-0.2935941644473549	0.2085535566101391	-0.1380246496407473	0.12462978084804202	-0.8117794990787591	0.9999999999999936	-0.3432004555089964	0.1193700330602322	-0.12193792565179616
0.1197532544039413	-0.06629098487722807	0.08720152771739287	-0.055052154893481205	0.05221589839188144	-0.10061213760667334	0.100665894072609	-0.09226349728617222	0.1263089700736112	-0.0746411162329237	0.10738059972532818	-0.12545019753455372	0.10514888900069484	-0.1178266231784849	0.10377814483137542	-0.17800065569629248	0.14965137741701576	-0.1646312910240567	0.11041130723003184	-0.16496622670606964	0.19255420268300993	-0.23178430659072427	0.22749640864245027	-0.2637687140460962	0.18369984786974178	-0.23403688476356502	0.2506985397597688	-0.6490553495092757	0.2607178388165238	-0.25859808242407667	0.2266094403328987	-0.3432004555089964	0.9999999999999933	-0.3251537175429041	0.23118400754698654
-0.08366390400627188	0.046094380008072144	-0.06128870675052495	0.03901983372096696	-0.0371771934085664	0.06661042200080264	-0.06847222487210158	0.06262507280130505	-0.09035292417346927	0.053278626106510046	-0.07012399377920094	0.08040370809342912	-0.07091761500143696	0.0807673540107928	-0.0747501188718308	0.10668908390436445	-0.09259357726372121	0.11103744485424213	-0.07692882685265026	0.12034897720884219	-0.10836044758801554	0.11881844749489118	-0.13201687805820447	0.14712272272467306	-0.15167020496940556	0.11129225904132393	-0.12528933947661744	0.2007045191116657	-0.2978520156851841	0.22183087750993896	-0.11149544376970745	0.1193700330602322	-0.3251537175429041	0.9999999999999933	-0.8429443634010736
0.1004788871665212	-0.05576163734526951	0.07389630796451327	-0.04778417016844603	0.04525643283429627	-0.08089333703967751	0.08230310805190581	-0.07626515230613694	0.10872417671801354	-0.06515622485373691	0.08351581627375476	-0.09703345363440169	0.08586286146200392	-0.1001298718278297	0.09058936182644167	-0.12795544051885493	0.10732523110780519	-0.14016732419268083	0.0949180048253285	-0.15340013178763084	0.11660590967707028	-0.1318491926483527	0.13612854306719396	-0.16476041198868072	0.17159306859745366	-0.12174158238348662	0.12876693172638934	-0.2046346633956039	0.2403395173029066	-0.2933496387851393	0.10813608444495479	-0.12193792565179616	0.23118400754698654	-0.8429443634010736	0.9999999999999933
