1.0	-0.8258435602730235	0.2535802664224001	-0.23328938949163827	0.1338399727479083	-0.2015182269391711	0.23046460439913086	-0.23173116091446028	0.1475937344641198	-0.16587282017266156	0.13298000000553362	-0.21415599335857213	0.08654373909033175	-0.14914578470567572	0.11572047950560911	-0.07207268251345063	0.07640410420538052	-0.07205424264806388	0.11126063301916929	-0.10142954477023176	0.06418156305504058	-0.07195029235210101	0.07321219252502525	-0.051105610499791634	0.05852643503455671	-0.05791719440815862	0.060380126434825696	-0.05406006037778171	0.05807952347203617	-0.038911671283353086	0.03622748619389611	-0.040831629496462324	0.052344930537863904	-0.04230623299493731	0.039965923768692665	-0.037009767302738	0.040483325767309244	-0.047734753084602705	0.05406279814162332	-0.025884395878254224	0.030618142087860328	-0.028681972702879425	0.03816820619823669	-0.03317494202346427	0.022728996620583877
-0.8258435602730235	0.9999999999999996	-0.36164335949730836	0.1936282618736059	-0.11581280868053902	0.16410220982622523	-0.2919552093387226	0.17615100484312787	-0.12203527732472752	0.12766194831035563	-0.11164708249054424	0.16102680006404888	-0.06825525194069701	0.11398968344316104	-0.09268656279635772	0.056627881259177566	-0.05959537416141116	0.0561750659903648	-0.08834087122041032	0.0779973682277542	-0.05080722983966605	0.05554888205846335	-0.05701889863527553	0.03981912407140248	-0.045690699179087024	0.044873458982982055	-0.0470449993174053	0.04193973477043064	-0.0451315458912538	0.03017546791848963	-0.028072727064149705	0.03156985621382653	-0.0406385979072589	0.032817031679544154	-0.031026931060956008	0.028585438476544007	-0.03134924473799829	0.03694866945243406	-0.04193376638280166	0.019981203167252465	-0.023690102223212595	0.022166508549023193	-0.029534476116921053	0.02564084331559246	-0.01756593091636384
0.2535802664224001	-0.36164335949730836	0.9999999999999997	-0.680650285197451	0.24870607802545738	-0.11721193282926476	0.15663875053402618	-0.391635235469804	0.2575534716544825	-0.2925701120342174	0.09456936638449097	-0.13900522421587633	0.10249908570289981	-0.22171561657667044	0.16669430571683583	-0.058410438529128174	0.06725340636473437	-0.08251772927818767	0.1433489202279017	-0.13232963511825668	0.05424483270177856	-0.06377614639233045	0.07570871090547768	-0.056932199624516115	0.0654347119542114	-0.052003605602028886	0.0555813169775848	-0.054793633615285504	0.06082524426109159	-0.04111103817967829	0.034221965716387116	-0.03894755362144043	0.053321979128294374	-0.04391193256888977	0.042040022107427646	-0.03536923902682829	0.03939804505934566	-0.048337159230002154	0.05555603323178814	-0.026293677994070213	0.030038000565346824	-0.02812249423387303	0.0385832440701142	-0.03351867456124002	0.02315588745911916
-0.23328938949163827	0.1936282618736059	-0.680650285197451	0.9999999999999996	-0.45274659161895525	0.08911061810812232	-0.1281477121555299	0.27267269319573734	-0.35957953444743684	0.2810533384065099	-0.07790850238177222	0.1083977213083143	-0.09642991386463809	0.20510233624750035	-0.17349485299234266	0.04955114787287763	-0.058502718032559894	0.07586065777152133	-0.1413042912063857	0.12236682299721591	-0.04669264988050911	0.05533292507154909	-0.06879281381164637	0.05273005579628815	-0.06088007414240961	0.045249865998812346	-0.04883622346236537	0.04933255598455732	-0.0553662314445216	0.03741190203980757	-0.030192326335541274	0.03441223524822033	-0.04812070509114827	0.03979781395076499	-0.03827664367923911	0.03124354788651048	-0.03503323210019049	0.043433331053229496	-0.05021904271724665	0.023589666980996186	-0.02675218294370668	0.025023363576947493	-0.034645416849248434	0.030063802768636964	-0.020814191149438388
0.1338399727479083	-0.11581280868053902	0.24870607802545738	-0.45274659161895525	0.9999999999999998	-0.06905284962646002	0.09368069001025288	-0.25401811034595345	0.23768023956411666	-0.7829202551249295	0.06349211498851386	-0.09022969333296346	0.08741923356913688	-0.20649726027965445	0.18116838301057536	-0.04310484964176491	0.051823016248425835	-0.07030299606178093	0.1302291638004808	-0.13481992213728208	0.04083084028027617	-0.049430562699267405	0.06288431294140519	-0.049445748608926574	0.05693102427182172	-0.040529277690381185	0.04376891064150291	-0.04519751494912121	0.05089317701097316	-0.03467497239941654	0.027300167223243164	-0.03123021277410237	0.04400574681005472	-0.03662548776183517	0.035287780696225145	-0.028384305819994796	0.03185508896932854	-0.039842988358431246	0.04600471835770115	-0.02170793385209022	0.024364878614845077	-0.022821257315372788	0.031705331285274224	-0.027579605009122224	0.019123422418535554
-0.2015182269391711	0.16410220982622523	-0.11721193282926476	0.08911061810812232	-0.06905284962646002	0.9999999999999998	-0.678300712461068	0.1300685287864008	-0.08640647753417456	0.07656084517393223	-0.587550213888365	0.30581014574738624	-0.0909255393170305	0.09453239305928339	-0.08431224665616995	0.1451822421722432	-0.1217824379471564	0.07754048511518706	-0.10000121697562993	0.08000679184898736	-0.12921116233291088	0.10618740799020716	-0.08965969020873558	0.055784312036526604	-0.06350048204125008	0.08827505510038428	-0.09218670503204043	0.06751764959320561	-0.0680983175184043	0.04478242328838739	-0.050833180116144364	0.05532609768132645	-0.06436574028150344	0.050077834295289184	-0.046280559847133404	0.04955931939717218	-0.05340874611687151	0.05843668705509026	-0.06461473340637378	0.030857506695051252	-0.03946167900421253	0.03674836490422167	-0.046327148950864316	0.04018447813746957	-0.027060399560402702
0.23046460439913086	-0.2919552093387226	0.15663875053402618	-0.1281477121555299	0.09368069001025288	-0.678300712461068	0.9999999999999997	-0.20323919392437176	0.12007837087381172	-0.1078365172178922	0.3014488762899284	-0.48089527152719763	0.11026979299271078	-0.13111506188976918	0.11035744445550404	-0.13838675291291438	0.13373871933224293	-0.09450455438119146	0.12571648202228	-0.10458837743333185	0.11755410970250542	-0.12294019299482535	0.10564411400705745	-0.06770300264746713	0.07707183699842642	-0.09742534359506283	0.09949987702559394	-0.07946733142014589	0.08152652558817211	-0.054060994967503245	0.05738681177534472	-0.06378874126458768	0.07599939328390015	-0.0599556271441912	0.05571795117221737	-0.05753496791605454	0.06177685423786256	-0.06955128856502527	0.07716535479002135	-0.03723406681514766	0.04611127124687291	-0.04319453841250541	0.055272616581238665	-0.04811903903975412	0.03258546089008163
-0.23173116091446028	0.17615100484312787	-0.391635235469804	0.27267269319573734	-0.25401811034595345	0.1300685287864008	-0.20323919392437176	0.9999999999999991	-0.6171348047978182	0.2435803487220701	-0.1253648714667846	0.16352868003523607	-0.201990252369852	0.3039322329489861	-0.30391821613242265	0.08455882991274473	-0.10398244593679067	0.14716721406118255	-0.2802438202401771	0.20375956140951698	-0.0812018705207963	0.09777513789846727	-0.12860051141497822	0.09865946950390309	-0.11459030838985283	0.0799739707202274	-0.08750734836711994	0.09095640782636305	-0.10331249811890242	0.06938405398281569	-0.05435906011083799	0.06203162174029659	-0.0891425051596575	0.07382178090098995	-0.07131219493461312	0.05630133920178783	-0.0637207825645435	0.07986229520707477	-0.09322149290183818	0.043248099724964274	-0.048777255627488386	0.04553177784243273	-0.06382288423575672	0.05519157072416468	-0.038301199627735094
0.1475937344641198	-0.12203527732472752	0.2575534716544825	-0.35957953444743684	0.23768023956411666	-0.08640647753417456	0.12007837087381172	-0.6171348047978182	0.9999999999999998	-0.3236310902927499	0.08133880555634833	-0.11277826092714073	0.13239927576463892	-0.5288711705438289	0.23896564079962762	-0.0572167680933152	0.07044415858650444	-0.1041242302570071	0.19781970528324347	-0.16699754393492977	0.05446734687306315	-0.06698115213870195	0.0868344654545097	-0.06886279721374615	0.07887640399249334	-0.05447543364364978	0.05910299315662876	-0.06197680053593143	0.06972823124928718	-0.04747292927847721	0.0368359519300219	-0.04218230053535048	0.06010988751833517	-0.050073598839185246	0.048304265394310215	-0.0382999422678964	0.043105000842026425	-0.054289868998337286	0.06269675835577548	-0.029451289916702796	0.03295293726439413	-0.03086417838939285	0.04300716514667223	-0.037424138708661625	0.02595927368336487
-0.16587282017266156	0.12766194831035563	-0.2925701120342174	0.2810533384065099	-0.7829202551249295	0.07656084517393223	-0.1078365172178922	0.2435803487220701	-0.3236310902927499	0.9999999999999998	-0.07269783018528891	0.09969015109259649	-0.10548487895061645	0.22022451782472174	-0.26709664587810306	0.04972735104112997	-0.060455515065855746	0.0831488548297778	-0.16185336154663843	0.15627196593369533	-0.04746784713156859	0.057441408601866084	-0.07486091830961801	0.05916245747612687	-0.06859336401253767	0.047182917732365694	-0.05127556410032441	0.05344050601453479	-0.06062892867961759	0.041185838975178565	-0.03199212323120373	0.036592906826309855	-0.05217946963199715	0.043474721763576106	-0.04201015752779987	0.0332433728667723	-0.03746531301462968	0.04705009889466909	-0.05459622497853883	0.025584670087117962	-0.02867232485006659	0.026826974430498758	-0.03746265449736065	0.03253408827981344	-0.022582135391448113
0.13298000000553362	-0.11164708249054424	0.09456936638449097	-0.07790850238177222	0.06349211498851386	-0.587550213888365	0.3014488762899284	-0.1253648714667846	0.08133880555634833	-0.07269783018528891	1.0000000000000004	-0.6150652391436675	0.1146027044094985	-0.10183046040188892	0.08941578109313364	-0.29510892130731214	0.1840385386514335	-0.10292082468502717	0.11652365973278571	-0.09381748191359775	0.19080836960749384	-0.16596485947534648	0.12052574592670404	-0.07240214660007381	0.08128012412688271	-0.13561163636589665	0.13247450233054278	-0.09301231451176976	0.08967240200859365	-0.059297814854228616	0.07295845968279091	-0.07941984623265931	0.08670696702446667	-0.06675572946974825	0.06089165581890529	-0.07110935883534567	0.07455555523492799	-0.07977821518502817	0.08582095914770708	-0.041750516966047764	0.0546129150395663	-0.05118237973282882	0.06226175065761182	-0.054480837204266885	0.03634058236765264
-0.21415599335857213	0.16102680006404888	-0.13900522421587633	0.1083977213083143	-0.09022969333296346	0.30581014574738624	-0.48089527152719763	0.16352868003523607	-0.11277826092714073	0.09969015109259649	-0.6150652391436675	1.0000000000000004	-0.16923019621161284	0.13628290281611824	-0.12728588414352038	0.21884148082195692	-0.2767700147028939	0.14161165817658128	-0.16906787638914603	0.12773910992549878	-0.21248259546135545	0.19787311744869332	-0.16965363119960586	0.10105816071645359	-0.11591674047346306	0.15289806504820877	-0.17005085066133832	0.12431993735351018	-0.12655008552256816	0.08192706841007104	-0.09126730622649828	0.09938979202564677	-0.11973034624786923	0.09238681353192041	-0.08548136894240113	0.08866514495654779	-0.09753650938183454	0.10698743259537795	-0.12011598719952038	0.056165914327796516	-0.07212578404178255	0.06673806295969013	-0.08552132224534222	0.07351494057613825	-0.04960444891611275
0.08654373909033175	-0.06825525194069701	0.10249908570289981	-0.09642991386463809	0.08741923356913688	-0.0909255393170305	0.11026979299271078	-0.201990252369852	0.13239927576463892	-0.10548487895061645	0.1146027044094985	-0.16923019621161284	0.9999999999999986	-0.23013134784082376	0.1683601614542834	-0.1328280745294988	0.19285015330626476	-0.7975307410791515	0.2734054240589691	-0.2346475324662338	0.11807784442871104	-0.18864797185260337	0.19507630004504578	-0.12831806486711095	0.13300841723533058	-0.12626874342837024	0.1304276331621911	-0.14354024670721058	0.12879929403453455	-0.09040514383795346	0.07834418874504809	-0.09123119982956819	0.12078865657517712	-0.09692960031915493	0.08859324979589452	-0.08192900416999466	0.08833626970069818	-0.11370686089907547	0.11754022432650633	-0.058284325007547065	0.06579503042483918	-0.06288392419087911	0.08183509022050775	-0.07377517286495458	0.04999865500755875
-0.14914578470567572	0.11398968344316104	-0.22171561657667044	0.20510233624750035	-0.20649726027965445	0.09453239305928339	-0.13111506188976918	0.3039322329489861	-0.5288711705438289	0.22022451782472174	-0.10183046040188892	0.13628290281611824	-0.23013134784082376	1.0000000000000013	-0.5243951985902892	0.08082048114614283	-0.10493936402440253	0.17229957811833096	-0.39929388159506063	0.27673313239359254	-0.07826028278284668	0.09958514435965037	-0.1378538330981216	0.1148243788097214	-0.131602437655471	0.08075307349483599	-0.0885848043672305	0.09703317047711471	-0.11040941231814118	0.07550311563342042	-0.05557100777232154	0.06392704940125063	-0.09376551040747466	0.07882839100229523	-0.07655142566918867	0.05800037456428039	-0.06571969378264932	0.08436699239754816	-0.09771222554927916	0.04557741640703384	-0.05027279523067574	0.04711661624624446	-0.06629236620479695	0.05779757191169302	-0.04019847481931216
0.11572047950560911	-0.09268656279635772	0.16669430571683583	-0.17349485299234266	0.18116838301057536	-0.08431224665616995	0.11035744445550404	-0.30391821613242265	0.23896564079962762	-0.26709664587810306	0.08941578109313364	-0.12728588414352038	0.1683601614542834	-0.5243951985902892	1.0000000000000007	-0.0728862988677976	0.0924071104535385	-0.14489210131644353	0.2924359771196985	-0.63531437602555	0.07003847804929828	-0.09002942072787964	0.123636046198303	-0.11215798271497217	0.12859180479857324	-0.0740669944486939	0.0802046152853802	-0.08933465216957087	0.10143179424289629	-0.07214136972484651	0.05099903026293746	-0.05903405767612433	0.08546897336527255	-0.07328245026668997	0.07125980434324679	-0.05368627387223889	0.06037187703814629	-0.0782357051527793	0.08933223609061931	-0.04274816210682426	0.04620937893878681	-0.04354266193914832	0.06091074325451986	-0.05368296211977956	0.037383773613368004
-0.07207268251345063	0.056627881259177566	-0.058410438529128174	0.04955114787287763	-0.04310484964176491	0.1451822421722432	-0.13838675291291438	0.08455882991274473	-0.0572167680933152	0.04972735104112997	-0.29510892130731214	0.21884148082195692	-0.1328280745294988	0.08082048114614283	-0.0728862988677976	1.0000000000000007	-0.40209832034408355	0.1251543354749316	-0.11305875564022236	0.08557879316785254	-0.7442222757277869	0.26430725936180277	-0.15333201041094568	0.08222034988239281	-0.08976432439337524	0.233487286397857	-0.23836428917623664	0.12102364628068239	-0.10324102226843011	0.06748247716408748	-0.11286676906730556	0.11240412908772057	-0.10751833633588113	0.07797924076357238	-0.06871173973929497	0.09780132836347993	-0.10173330970796567	0.09722848432219408	-0.09947546283267912	0.047819775115737186	-0.07120838890986673	0.06572931010066269	-0.07304923489534737	0.06402113526807642	-0.041414123386012046
0.07640410420538052	-0.05959537416141116	0.06725340636473437	-0.058502718032559894	0.051823016248425835	-0.1217824379471564	0.13373871933224293	-0.10398244593679067	0.07044415858650444	-0.060455515065855746	0.1840385386514335	-0.2767700147028939	0.19285015330626476	-0.10493936402440253	0.0924071104535385	-0.40209832034408355	1.0000000000000009	-0.24861280285494441	0.15143018312792994	-0.11463009801521128	0.2654446460898235	-0.7168178234910895	0.20087481404483623	-0.10697976761810905	0.1110700296677513	-0.22834917863542922	0.2296755510655891	-0.15417880421213614	0.12222511621832996	-0.08260046320404103	0.11073115670668808	-0.1236077417979851	0.12596509998594105	-0.09355490434381494	0.08202272336819234	-0.10670026188499977	0.10815578481334955	-0.11701152526223337	0.1154774834372467	-0.05682180152006567	0.07670101952002675	-0.07300513968514365	0.08318154607870232	-0.07471193532072357	0.04864483065273323
-0.07205424264806388	0.0561750659903648	-0.08251772927818767	0.07586065777152133	-0.07030299606178093	0.07754048511518706	-0.09450455438119146	0.14716721406118255	-0.1041242302570071	0.0831488548297778	-0.10292082468502717	0.14161165817658128	-0.7975307410791515	0.17229957811833096	-0.14489210131644353	0.1251543354749316	-0.24861280285494441	1.0000000000000038	-0.381872710709784	0.19392245352079837	-0.11506578559683989	0.18144570691898015	-0.2306209192228887	0.12790345495137584	-0.13212548874459837	0.11544149272006042	-0.12556572437254884	0.13882552784775407	-0.12228682463096066	0.08359349232988265	-0.07162342959003647	0.08275885800871288	-0.11620316958599253	0.0903308452504427	-0.08231979836941836	0.0735965971085606	-0.08056712736546774	0.10435969801026576	-0.10868813311737187	0.05173769677046625	-0.05933358752821403	0.05646568127980724	-0.07369990898384024	0.0661725248362954	-0.044654705705121644
0.11126063301916929	-0.08834087122041032	0.1433489202279017	-0.1413042912063857	0.1302291638004808	-0.10000121697562993	0.12571648202228	-0.2802438202401771	0.19781970528324347	-0.16185336154663843	0.11652365973278571	-0.16906787638914603	0.2734054240589691	-0.39929388159506063	0.2924359771196985	-0.11305875564022236	0.15143018312792994	-0.381872710709784	0.9999999999999981	-0.5676642078427483	0.10639172967583115	-0.14999838374025665	0.19745031662777682	-0.226922313804377	0.2009176874676648	-0.11652333275125912	0.12395070463232553	-0.14525195662046828	0.15560799387952143	-0.11371950869258533	0.0784156519401975	-0.09176075336175983	0.13062646641152437	-0.1141146263386013	0.10861508581311463	-0.08314986221916222	0.09211106593380539	-0.12238661702921533	0.13349983258482742	-0.06577596692673297	0.06985335018155979	-0.0665033724264334	0.0910210046917152	-0.08190811903853279	0.05671333123886478
-0.10142954477023176	0.0779973682277542	-0.13232963511825668	0.12236682299721591	-0.13481992213728208	0.08000679184898736	-0.10458837743333185	0.20375956140951698	-0.16699754393492977	0.15627196593369533	-0.09381748191359775	0.12773910992549878	-0.2346475324662338	0.27673313239359254	-0.63531437602555	0.08557879316785254	-0.11463009801521128	0.19392245352079837	-0.5676642078427483	1.0	-0.08372551700979122	0.11059488224332611	-0.16767571543630572	0.164986469933797	-0.2113020851903351	0.09052725422516104	-0.09979909624759255	0.11722352174329799	-0.13724496998417648	0.09770835022426344	-0.06333115857178549	0.07359344512556602	-0.11168949021321685	0.09727054119070806	-0.09667698093676247	0.06670026367621354	-0.07581106373496388	0.10086900829298476	-0.1163148455803396	0.05425601624051436	-0.05782127257488625	0.05450306708157939	-0.07716174274845175	0.06814934607760012	-0.04763441928334736
0.06418156305504058	-0.05080722983966605	0.05424483270177856	-0.04669264988050911	0.04083084028027617	-0.12921116233291088	0.11755410970250542	-0.0812018705207963	0.05446734687306315	-0.04746784713156859	0.19080836960749384	-0.21248259546135545	0.11807784442871104	-0.07826028278284668	0.07003847804929828	-0.7442222757277869	0.2654446460898235	-0.11506578559683989	0.10639172967583115	-0.08372551700979122	1.0	-0.33104849650431106	0.15239003507210372	-0.08252058524317936	0.08855155325427837	-0.3977411261154975	0.24568742634957724	-0.12766151068899284	0.10353993755155633	-0.06877747492124969	0.13106016214297644	-0.1306514528743203	0.10985200757403463	-0.07967307273580954	0.06928877896288078	-0.11588018770630858	0.11008030994766226	-0.10245934449231256	0.10090684692765729	-0.05003991566389152	0.07684927084439905	-0.07223001151210134	0.07560228447414022	-0.06721996536262964	0.04288404064243509
-0.07195029235210101	0.05554888205846335	-0.06377614639233045	0.05533292507154909	-0.049430562699267405	0.10618740799020716	-0.12294019299482535	0.09777513789846727	-0.06698115213870195	0.057441408601866084	-0.16596485947534648	0.19787311744869332	-0.18864797185260337	0.09958514435965037	-0.09002942072787964	0.26430725936180277	-0.7168178234910895	0.18144570691898015	-0.14999838374025665	0.11059488224332611	-0.33104849650431106	1.0000000000000016	-0.28498115514419836	0.12015871189941743	-0.12649974939087957	0.23984319125980477	-0.3627604819919724	0.1811802746858371	-0.13842397014824215	0.0906467735969993	-0.12375813792260634	0.13618008036152648	-0.14724497192622904	0.10426306240439911	-0.09078132311809689	0.11394276457087472	-0.12149958373583541	0.12920985347178798	-0.12857408735578008	0.06069751056015749	-0.08401230950463716	0.07892541010518	-0.09055497062091022	0.08064808624966147	-0.05233223865339043
0.07321219252502525	-0.05701889863527553	0.07570871090547768	-0.06879281381164637	0.06288431294140519	-0.08965969020873558	0.10564411400705745	-0.12860051141497822	0.0868344654545097	-0.07486091830961801	0.12052574592670404	-0.16965363119960586	0.19507630004504578	-0.1378538330981216	0.123636046198303	-0.15333201041094568	0.20087481404483623	-0.2306209192228887	0.19745031662777682	-0.16767571543630572	0.15239003507210372	-0.28498115514419836	0.9999999999999988	-0.343690882057	0.24171537698528797	-0.200177377862827	0.21978938876242385	-0.6000635307668819	0.24397176966933293	-0.17297273527912724	0.12860334455388917	-0.15952654482404643	0.26869766534753614	-0.19506579173469557	0.15737947706221656	-0.13829780126455607	0.15199476410567306	-0.2515651708018718	0.2089837715269791	-0.0999624045843913	0.10763770066675042	-0.10590011325459596	0.13496835485848246	-0.12845150990315146	0.08376305383024601
-0.051105610499791634	0.03981912407140248	-0.056932199624516115	0.05273005579628815	-0.049445748608926574	0.055784312036526604	-0.06770300264746713	0.09865946950390309	-0.06886279721374615	0.05916245747612687	-0.07240214660007381	0.10105816071645359	-0.12831806486711095	0.1148243788097214	-0.11215798271497217	0.08222034988239281	-0.10697976761810905	0.12790345495137584	-0.226922313804377	0.164986469933797	-0.08252058524317936	0.12015871189941743	-0.343690882057	1.0	-0.8047895228639614	0.10335025829918199	-0.1150932525158934	0.19332127265455626	-0.2887344505896864	0.1867965316953241	-0.0737555093802085	0.08970172678001896	-0.1571495217771544	0.16707547901938843	-0.16669888620150533	0.08012579607171136	-0.09097838331765981	0.14367952970527909	-0.15580702630628404	0.07213198137287463	-0.06722499680501634	0.06547103846564278	-0.09195804822002918	0.08770274218326857	-0.06161234242632094
0.05852643503455671	-0.045690699179087024	0.0654347119542114	-0.06088007414240961	0.05693102427182172	-0.06350048204125008	0.07707183699842642	-0.11459030838985283	0.07887640399249334	-0.06859336401253767	0.08128012412688271	-0.11591674047346306	0.13300841723533058	-0.131602437655471	0.12859180479857324	-0.08976432439337524	0.1110700296677513	-0.13212548874459837	0.2009176874676648	-0.2113020851903351	0.08855155325427837	-0.12649974939087957	0.24171537698528797	-0.8047895228639614	1.000000000000002	-0.1124718124415712	0.12022734418126825	-0.19332167741907028	0.23049730179976125	-0.2575807762333449	0.08027248935994376	-0.09807911731859442	0.15507604680072373	-0.17370760919531494	0.18015537070997695	-0.08846288954572042	0.09851768969150125	-0.15399267188713875	0.159015666035672	-0.08208610098050687	0.07372907326960348	-0.07221932609883946	0.10022654764515651	-0.09698531379700484	0.06863316085512719
-0.05791719440815862	0.044873458982982055	-0.052003605602028886	0.045249865998812346	-0.040529277690381185	0.08827505510038428	-0.09742534359506283	0.0799739707202274	-0.05447543364364978	0.047182917732365694	-0.13561163636589665	0.15289806504820877	-0.12626874342837024	0.08075307349483599	-0.0740669944486939	0.233487286397857	-0.22834917863542922	0.11544149272006042	-0.11652333275125912	0.09052725422516104	-0.3977411261154975	0.23984319125980477	-0.200177377862827	0.10335025829918199	-0.1124718124415712	1.0000000000000024	-0.694239721799229	0.18545568236419224	-0.14303448905103244	0.09102793460853456	-0.33140046471598406	0.23112605437211806	-0.1643118481598092	0.10994667354771297	-0.0932061179225161	0.19844958876493904	-0.19401937270752215	0.14573712565157937	-0.14273768839927198	0.06876972212079935	-0.12936786101156678	0.11564064334044623	-0.11057455557725444	0.09592389354246363	-0.05933553637897529
0.060380126434825696	-0.0470449993174053	0.0555813169775848	-0.04883622346236537	0.04376891064150291	-0.09218670503204043	0.09949987702559394	-0.08750734836711994	0.05910299315662876	-0.05127556410032441	0.13247450233054278	-0.17005085066133832	0.1304276331621911	-0.0885848043672305	0.0802046152853802	-0.23836428917623664	0.2296755510655891	-0.12556572437254884	0.12395070463232553	-0.09979909624759255	0.24568742634957724	-0.3627604819919724	0.21978938876242385	-0.1150932525158934	0.12022734418126825	-0.694239721799229	1.0000000000000018	-0.2761953208304063	0.1536534745957196	-0.10094633211044449	0.22752627566915304	-0.29285164819276616	0.182342921577496	-0.12209410973141206	0.10026596384753529	-0.20214287046074458	0.1919446186668773	-0.16759302717550514	0.15063003790956625	-0.07498122848598217	0.12477576535881674	-0.12018220867828823	0.11384576014607269	-0.1031194825865654	0.06350540057866874
-0.05406006037778171	0.04193973477043064	-0.054793633615285504	0.04933255598455732	-0.04519751494912121	0.06751764959320561	-0.07946733142014589	0.09095640782636305	-0.06197680053593143	0.05344050601453479	-0.09301231451176976	0.12431993735351018	-0.14354024670721058	0.09703317047711471	-0.08933465216957087	0.12102364628068239	-0.15417880421213614	0.13882552784775407	-0.14525195662046828	0.11722352174329799	-0.12766151068899284	0.1811802746858371	-0.6000635307668819	0.19332127265455626	-0.19332167741907028	0.18545568236419224	-0.2761953208304063	1.000000000000003	-0.3138361716372091	0.1592610756434014	-0.12517003698214726	0.1546249254347833	-0.5340213371973761	0.2129294892415441	-0.15774148928426313	0.12812331325848564	-0.15342719916737685	0.25913247056366945	-0.23417616896972182	0.08987219490544278	-0.10265287369729861	0.09963061563751668	-0.1316059915058394	0.12166682355114959	-0.07752821345345327
0.05807952347203617	-0.0451315458912538	0.06082524426109159	-0.0553662314445216	0.05089317701097316	-0.0680983175184043	0.08152652558817211	-0.10331249811890242	0.06972823124928718	-0.06062892867961759	0.08967240200859365	-0.12655008552256816	0.12879929403453455	-0.11040941231814118	0.10143179424289629	-0.10324102226843011	0.12222511621832996	-0.12228682463096066	0.15560799387952143	-0.13724496998417648	0.10353993755155633	-0.13842397014824215	0.24397176966933293	-0.2887344505896864	0.23049730179976125	-0.14303448905103244	0.1536534745957196	-0.3138361716372091	0.9999999999999973	-0.3870735882272568	0.10967630427613406	-0.1384339813451422	0.2507208409049678	-0.6025249249205352	0.2800492364633566	-0.12466285981212691	0.14185377428180357	-0.2649463677718367	0.284923887574647	-0.1261369294178905	0.10477152975308748	-0.10520373068910459	0.15040571012735143	-0.15868829392680892	0.10383268705073259
-0.038911671283353086	0.03017546791848963	-0.04111103817967829	0.03741190203980757	-0.03467497239941654	0.04478242328838739	-0.054060994967503245	0.06938405398281569	-0.04747292927847721	0.041185838975178565	-0.059297814854228616	0.08192706841007104	-0.09040514383795346	0.07550311563342042	-0.07214136972484651	0.06748247716408748	-0.08260046320404103	0.08359349232988265	-0.11371950869258533	0.09770835022426344	-0.06877747492124969	0.0906467735969993	-0.17297273527912724	0.1867965316953241	-0.2575807762333449	0.09102793460853456	-0.10094633211044449	0.1592610756434014	-0.3870735882272568	1.0000000000000036	-0.0735055710808257	0.08999733348741196	-0.17005396156674232	0.2710888974604701	-0.7976000510690064	0.08217495035971059	-0.096954099891336	0.16218145747143514	-0.218660440267819	0.11826488725503956	-0.07538038561199287	0.0733535053672206	-0.1185259766697096	0.11421034956384754	-0.1054596197374381
0.03622748619389611	-0.028072727064149705	0.034221965716387116	-0.030192326335541274	0.027300167223243164	-0.050833180116144364	0.05738681177534472	-0.05435906011083799	0.0368359519300219	-0.03199212323120373	0.07295845968279091	-0.09126730622649828	0.07834418874504809	-0.05557100777232154	0.05099903026293746	-0.11286676906730556	0.11073115670668808	-0.07162342959003647	0.0784156519401975	-0.06333115857178549	0.13106016214297644	-0.12375813792260634	0.12860334455388917	-0.0737555093802085	0.08027248935994376	-0.33140046471598406	0.22752627566915304	-0.12517003698214726	0.10967630427613406	-0.0735055710808257	1.0000000000000007	-0.5837836126167176	0.13737117347616312	-0.09204088361616262	0.07529108093478395	-0.6172059036568174	0.3015504597635902	-0.14668313231682056	0.12675775296384198	-0.0716625408041062	0.20104322936294336	-0.18999168055269727	0.12104845408206058	-0.10774517867922713	0.05987914978245469
-0.040831629496462324	0.03156985621382653	-0.03894755362144043	0.03441223524822033	-0.03123021277410237	0.05532609768132645	-0.06378874126458768	0.06203162174029659	-0.04218230053535048	0.036592906826309855	-0.07941984623265931	0.09938979202564677	-0.09123119982956819	0.06392704940125063	-0.05903405767612433	0.11240412908772057	-0.1236077417979851	0.08275885800871288	-0.09176075336175983	0.07359344512556602	-0.1306514528743203	0.13618008036152648	-0.15952654482404643	0.08970172678001896	-0.09807911731859442	0.23112605437211806	-0.29285164819276616	0.1546249254347833	-0.1384339813451422	0.08999733348741196	-0.5837836126167176	1.0000000000000033	-0.19833013074026556	0.1164180342890041	-0.09359037337255764	0.3140992029452849	-0.594978804843031	0.19251130735907634	-0.16494422492478175	0.08080063766253344	-0.2209620899259765	0.19577193090073844	-0.14336661215722368	0.12105876189453414	-0.06928478138123131
0.052344930537863904	-0.0406385979072589	0.053321979128294374	-0.04812070509114827	0.04400574681005472	-0.06436574028150344	0.07599939328390015	-0.0891425051596575	0.06010988751833517	-0.05217946963199715	0.08670696702446667	-0.11973034624786923	0.12078865657517712	-0.09376551040747466	0.08546897336527255	-0.10751833633588113	0.12596509998594105	-0.11620316958599253	0.13062646641152437	-0.11168949021321685	0.10985200757403463	-0.14724497192622904	0.26869766534753614	-0.1571495217771544	0.15507604680072373	-0.1643118481598092	0.182342921577496	-0.5340213371973761	0.2507208409049678	-0.17005396156674232	0.13737117347616312	-0.19833013074026556	1.0000000000000018	-0.30394251719068166	0.1665364275843956	-0.1527780862826065	0.19065485952056685	-0.5941666861236593	0.28052482546975094	-0.1057702883488532	0.1182288416945877	-0.12012749810323772	0.15266503048006208	-0.148980251768366	0.08918636367811432
-0.04230623299493731	0.032817031679544154	-0.04391193256888977	0.03979781395076499	-0.03662548776183517	0.050077834295289184	-0.0599556271441912	0.07382178090098995	-0.050073598839185246	0.043474721763576106	-0.06675572946974825	0.09238681353192041	-0.09692960031915493	0.07882839100229523	-0.07328245026668997	0.07797924076357238	-0.09355490434381494	0.0903308452504427	-0.1141146263386013	0.09727054119070806	-0.07967307273580954	0.10426306240439911	-0.19506579173469557	0.16707547901938843	-0.17370760919531494	0.10994667354771297	-0.12209410973141206	0.2129294892415441	-0.6025249249205352	0.2710888974604701	-0.09204088361616262	0.1164180342890041	-0.30394251719068166	1.0000000000000009	-0.3986061183387583	0.10423623940677802	-0.12688471260211276	0.25555021434424435	-0.5080545453704013	0.11351625644554703	-0.09270351741965654	0.0922201111242997	-0.14712265095815055	0.15274450166322243	-0.09910576801483875
0.039965923768692665	-0.031026931060956008	0.042040022107427646	-0.03827664367923911	0.035287780696225145	-0.046280559847133404	0.05571795117221737	-0.07131219493461312	0.048304265394310215	-0.04201015752779987	0.06089165581890529	-0.08548136894240113	0.08859324979589452	-0.07655142566918867	0.07125980434324679	-0.06871173973929497	0.08202272336819234	-0.08231979836941836	0.10861508581311463	-0.09667698093676247	0.06928877896288078	-0.09078132311809689	0.15737947706221656	-0.16669888620150533	0.18015537070997695	-0.0932061179225161	0.10026596384753529	-0.15774148928426313	0.2800492364633566	-0.7976000510690064	0.07529108093478395	-0.09359037337255764	0.1665364275843956	-0.3986061183387583	0.9999999999999991	-0.08581467081829171	0.09911171276407907	-0.17516153299954162	0.21324743412664468	-0.14880771667617446	0.07701184118621135	-0.0763795397803978	0.12034347073990166	-0.12421141165575719	0.11341769422812
-0.037009767302738	0.028585438476544007	-0.03536923902682829	0.03124354788651048	-0.028384305819994796	0.04955931939717218	-0.05753496791605454	0.05630133920178783	-0.0382999422678964	0.0332433728667723	-0.07110935883534567	0.08866514495654779	-0.08192900416999466	0.05800037456428039	-0.05368627387223889	0.09780132836347993	-0.10670026188499977	0.0735965971085606	-0.08314986221916222	0.06670026367621354	-0.11588018770630858	0.11394276457087472	-0.13829780126455607	0.08012579607171136	-0.08846288954572042	0.19844958876493904	-0.20214287046074458	0.12812331325848564	-0.12466285981212691	0.08217495035971059	-0.6172059036568174	0.3140992029452849	-0.1527780862826065	0.10423623940677802	-0.08581467081829171	0.9999999999999991	-0.4981531357389349	0.1689558333333087	-0.15277381489827566	0.08370313156895726	-0.4032789893286809	0.25190401318328415	-0.1582301526740131	0.12982847589563504	-0.07141952085529908
0.040483325767309244	-0.03134924473799829	0.03939804505934566	-0.03503323210019049	0.03185508896932854	-0.05340874611687151	0.06177685423786256	-0.0637207825645435	0.043105000842026425	-0.03746531301462968	0.07455555523492799	-0.09753650938183454	0.08833626970069818	-0.06571969378264932	0.06037187703814629	-0.10173330970796567	0.10815578481334955	-0.08056712736546774	0.09211106593380539	-0.07581106373496388	0.11008030994766226	-0.12149958373583541	0.15199476410567306	-0.09097838331765981	0.09851768969150125	-0.19401937270752215	0.1919446186668773	-0.15342719916737685	0.14185377428180357	-0.096954099891336	0.3015504597635902	-0.594978804843031	0.19065485952056685	-0.12688471260211276	0.09911171276407907	-0.4981531357389349	0.9999999999999996	-0.29385062683736507	0.18345391390898352	-0.10100953911425958	0.26142872272216244	-0.3559973207482591	0.17470698478388408	-0.1585116866584066	0.08355653278017557
-0.047734753084602705	0.03694866945243406	-0.048337159230002154	0.043433331053229496	-0.039842988358431246	0.05843668705509026	-0.06955128856502527	0.07986229520707477	-0.054289868998337286	0.04705009889466909	-0.07977821518502817	0.10698743259537795	-0.11370686089907547	0.08436699239754816	-0.0782357051527793	0.09722848432219408	-0.11701152526223337	0.10435969801026576	-0.12238661702921533	0.10086900829298476	-0.10245934449231256	0.12920985347178798	-0.2515651708018718	0.14367952970527909	-0.15399267188713875	0.14573712565157937	-0.16759302717550514	0.25913247056366945	-0.2649463677718367	0.16218145747143514	-0.14668313231682056	0.19251130735907634	-0.5941666861236593	0.25555021434424435	-0.17516153299954162	0.1689558333333087	-0.29385062683736507	0.9999999999999997	-0.5315605979118583	0.11887793084743772	-0.14521929866577915	0.14577000649296773	-0.21452327068580423	0.18684276348160053	-0.10617590498808704
0.05406279814162332	-0.04193376638280166	0.05555603323178814	-0.05021904271724665	0.04600471835770115	-0.06461473340637378	0.07716535479002135	-0.09322149290183818	0.06269675835577548	-0.05459622497853883	0.08582095914770708	-0.12011598719952038	0.11754022432650633	-0.09771222554927916	0.08933223609061931	-0.09947546283267912	0.1154774834372467	-0.10868813311737187	0.13349983258482742	-0.1163148455803396	0.10090684692765729	-0.12857408735578008	0.2089837715269791	-0.15580702630628404	0.159015666035672	-0.14273768839927198	0.15063003790956625	-0.23417616896972182	0.284923887574647	-0.218660440267819	0.12675775296384198	-0.16494422492478175	0.28052482546975094	-0.5080545453704013	0.21324743412664468	-0.15277381489827566	0.18345391390898352	-0.5315605979118583	1.0	-0.16606859278976918	0.1342945667993554	-0.14029852710779567	0.22498305580628952	-0.3138532717409581	0.14018619685842762
-0.025884395878254224	0.019981203167252465	-0.026293677994070213	0.023589666980996186	-0.02170793385209022	0.030857506695051252	-0.03723406681514766	0.043248099724964274	-0.029451289916702796	0.025584670087117962	-0.041750516966047764	0.056165914327796516	-0.058284325007547065	0.04557741640703384	-0.04274816210682426	0.047819775115737186	-0.05682180152006567	0.05173769677046625	-0.06577596692673297	0.05425601624051436	-0.05003991566389152	0.06069751056015749	-0.0999624045843913	0.07213198137287463	-0.08208610098050687	0.06876972212079935	-0.07498122848598217	0.08987219490544278	-0.1261369294178905	0.11826488725503956	-0.0716625408041062	0.08080063766253344	-0.1057702883488532	0.11351625644554703	-0.14880771667617446	0.08370313156895726	-0.10100953911425958	0.11887793084743772	-0.16606859278976918	0.9999999999999994	-0.11492064206163366	0.10711317315793284	-0.27888278598144045	0.2514368467067246	-0.8800025854593371
0.030618142087860328	-0.023690102223212595	0.030038000565346824	-0.02675218294370668	0.024364878614845077	-0.03946167900421253	0.04611127124687291	-0.048777255627488386	0.03295293726439413	-0.02867232485006659	0.0546129150395663	-0.07212578404178255	0.06579503042483918	-0.05027279523067574	0.04620937893878681	-0.07120838890986673	0.07670101952002675	-0.05933358752821403	0.06985335018155979	-0.05782127257488625	0.07684927084439905	-0.08401230950463716	0.10763770066675042	-0.06722499680501634	0.07372907326960348	-0.12936786101156678	0.12477576535881674	-0.10265287369729861	0.10477152975308748	-0.07538038561199287	0.20104322936294336	-0.2209620899259765	0.1182288416945877	-0.09270351741965654	0.07701184118621135	-0.4032789893286809	0.26142872272216244	-0.14521929866577915	0.1342945667993554	-0.11492064206163366	0.9999999999999991	-0.7859496025883248	0.21458062552090262	-0.19953261313367948	0.09143387976468487
-0.028681972702879425	0.022166508549023193	-0.02812249423387303	0.025023363576947493	-0.022821257315372788	0.03674836490422167	-0.04319453841250541	0.04553177784243273	-0.03086417838939285	0.026826974430498758	-0.05118237973282882	0.06673806295969013	-0.06288392419087911	0.04711661624624446	-0.04354266193914832	0.06572931010066269	-0.07300513968514365	0.05646568127980724	-0.0665033724264334	0.05450306708157939	-0.07223001151210134	0.07892541010518	-0.10590011325459596	0.06547103846564278	-0.07221932609883946	0.11564064334044623	-0.12018220867828823	0.09963061563751668	-0.10520373068910459	0.0733535053672206	-0.18999168055269727	0.19577193090073844	-0.12012749810323772	0.0922201111242997	-0.0763795397803978	0.25190401318328415	-0.3559973207482591	0.14577000649296773	-0.14029852710779567	0.10711317315793284	-0.7859496025883248	0.9999999999999992	-0.32708850858562133	0.1943841054312825	-0.09149664494422505
0.03816820619823669	-0.029534476116921053	0.0385832440701142	-0.034645416849248434	0.031705331285274224	-0.046327148950864316	0.055272616581238665	-0.06382288423575672	0.04300716514667223	-0.03746265449736065	0.06226175065761182	-0.08552132224534222	0.08183509022050775	-0.06629236620479695	0.06091074325451986	-0.07304923489534737	0.08318154607870232	-0.07369990898384024	0.0910210046917152	-0.07716174274845175	0.07560228447414022	-0.09055497062091022	0.13496835485848246	-0.09195804822002918	0.10022654764515651	-0.11057455557725444	0.11384576014607269	-0.1316059915058394	0.15040571012735143	-0.1185259766697096	0.12104845408206058	-0.14336661215722368	0.15266503048006208	-0.14712265095815055	0.12034347073990166	-0.1582301526740131	0.17470698478388408	-0.21452327068580423	0.22498305580628952	-0.27888278598144045	0.21458062552090262	-0.32708850858562133	0.9999999999999993	-0.7546381398112841	0.22180313478253494
