1.0000000000000002	-0.952646222479937	0.17288915665487484	-0.0745290479725996	0.05977373528176165	-0.1197845888525944	0.1013775388221761	-0.09826527250303219	0.07271388732584516	-0.07488083861076768	0.08852333568307004	-0.09530676675868821	0.08542123080940812	-0.08477225372973625	0.05873217380906216	-0.08129072795164431	0.06545619689667422	-0.07073253949159805	0.06163590532177459	-0.075736679706611	0.04972432809775282	-0.06839564197556226	0.06137488027056785	-0.052959641585489485	0.043431117978999755	-0.05880499053725158	0.06404629908955892	-0.08193224503329496	0.06058637864350746	-0.0556486995134267
-0.952646222479937	1.0	-0.2134613464085891	0.06903835822668641	-0.055793168495197165	0.10189834074776291	-0.10100538567468442	0.0915171806118222	-0.06776265056868659	0.06658378910197427	-0.08320247716112816	0.0857209529563925	-0.08131043512579321	0.07571321072849116	-0.052580758103032456	0.07136877549637939	-0.058943889275826465	0.06269782604207129	-0.05499522635682666	0.06642608610250518	-0.04422825372084024	0.060507776121023406	-0.05464173660495025	0.04690154081130649	-0.038310154882384394	0.051600970723361006	-0.057305978313287285	0.07155841241006493	-0.05400240581463804	0.048656875895315914
0.17288915665487484	-0.2134613464085891	0.9999999999999997	-0.3568470461351516	0.2375860497837505	-0.16742080062901202	0.1668513563243089	-0.4551114265878241	0.28284155370937664	-0.2979927562505437	0.18707282005204	-0.23559150739119256	0.2993053847636898	-0.3293695537572919	0.22318936039383047	-0.24289156770327566	0.1978392042884615	-0.24240082810550165	0.21482621042886454	-0.28491587947794134	0.14984097670077395	-0.21740789551324263	0.20394916077862785	-0.1839187833323275	0.15887596146928695	-0.18651874325854573	0.19956312320822536	-0.2827876969385823	0.20748088792948857	-0.2054753693162896
-0.0745290479725996	0.06903835822668641	-0.3568470461351516	0.9999999999999996	-0.6672361393150589	0.07697717237120431	-0.08327268439935073	0.2046428747084125	-0.5092138390785879	0.2771281062938206	-0.09329743698092248	0.10971853390931607	-0.20081156999163982	0.2609902752887825	-0.20743479336310003	0.10619719084798246	-0.10352538188036986	0.12636329172654143	-0.1362137546241352	0.17296893510366304	-0.07032232421015665	0.1054357520676633	-0.11055107146954397	0.10419437761138012	-0.09968386319410408	0.0835523791799493	-0.1016434043901181	0.13083157678589058	-0.12564298724610087	0.11218651712774733
0.05977373528176165	-0.055793168495197165	0.2375860497837505	-0.6672361393150589	1.0	-0.07124924735848455	0.07556753113705855	-0.1718603381818157	0.2755599070897732	-0.5503754137900775	0.08804781350211661	-0.1048257128054731	0.17018840100603097	-0.2821681895198337	0.23858085892291356	-0.10487261574418548	0.1014314785890199	-0.12785258341168573	0.139150362617252	-0.20909888440299715	0.06922963110951637	-0.1051961182859613	0.11026338415157358	-0.10765740160245818	0.10964709545396807	-0.08295407722735378	0.09972923549367778	-0.1329895083420504	0.12623068263902287	-0.12685676984570668
-0.1197845888525944	0.10189834074776291	-0.16742080062901202	0.07697717237120431	-0.07124924735848455	1.0	-0.7558906473008029	0.14660774690982467	-0.09894676233325274	0.08060226336273323	-0.5060847642342603	0.29700530488665805	-0.15670981394824082	0.10117779744373212	-0.07178033791108931	0.17925271291249123	-0.1485248722196796	0.11415743901920158	-0.09543910787241118	0.08859283848881361	-0.11113198511356626	0.12970334069538159	-0.10601753563346533	0.08039495031142856	-0.05545360080200026	0.1087256946648697	-0.13005123602306526	0.11867658043935518	-0.09602471614026442	0.06673784200634503
0.1013775388221761	-0.10100538567468442	0.1668513563243089	-0.08327268439935073	0.07556753113705855	-0.7558906473008029	0.9999999999999998	-0.19517112692336355	0.10720116045315596	-0.08777795866914936	0.30154384295544767	-0.48475683179644125	0.1698840019738991	-0.1118937618293652	0.07744475903636298	-0.18186029368487625	0.1638571998891255	-0.1282783103082399	0.10215548134851776	-0.09664966229821867	0.10812869782897984	-0.14794133396231407	0.11355877609823756	-0.08681481968381696	0.05957772079663245	-0.11332672682068899	0.12747619548970238	-0.1282112606157546	0.10058926870786616	-0.0723627192881106
-0.09826527250303219	0.0915171806118222	-0.4551114265878241	0.2046428747084125	-0.1718603381818157	0.14660774690982467	-0.19517112692336355	0.9999999999999999	-0.37659061214759576	0.18330549975293642	-0.15370276632873514	0.18702452756692603	-0.7042737656298428	0.25641589331853704	-0.1564341799365113	0.14770537858308916	-0.1468640586108427	0.17648495908052947	-0.15521837057470564	0.16947243211531868	-0.09602591742844452	0.14302924012607152	-0.14302010948247634	0.12239261283417652	-0.0988125485556211	0.11140122183721042	-0.13137248027298382	0.16493939450455083	-0.14102429725749513	0.11880831337996114
0.07271388732584516	-0.06776265056868659	0.28284155370937664	-0.5092138390785879	0.2755599070897732	-0.09894676233325274	0.10720116045315596	-0.37659061214759576	0.9999999999999983	-0.32053863594439225	0.11515837879542237	-0.1401498110858511	0.2633607257093261	-0.5761670299714483	0.24154675680172535	-0.13174064165630517	0.12824593733149153	-0.1632805244892245	0.17230195650218957	-0.22115556108262058	0.08651123453332041	-0.13195068590514483	0.13648163625933293	-0.13176837348875267	0.12049255231425465	-0.10298637199508673	0.12280209192451469	-0.16270244003255252	0.15022538532379887	-0.14048922409070985
-0.07488083861076768	0.06658378910197427	-0.2979927562505437	0.2771281062938206	-0.5503754137900775	0.08060226336273323	-0.08777795866914936	0.18330549975293642	-0.32053863594439225	0.9999999999999999	-0.10362713456773981	0.11810380988469428	-0.21292577788776965	0.2829330126132258	-0.5683888730553224	0.11581974813118913	-0.12203960180844997	0.1489384036870188	-0.18313737772606173	0.2558212092789988	-0.07948476439486733	0.12103256521749105	-0.1350396136929653	0.1318154667695536	-0.1490287316551123	0.0929527508161855	-0.12008024459052569	0.14939470749042183	-0.16610333589681825	0.1469897267273715
0.08852333568307004	-0.08320247716112816	0.18707282005204	-0.09329743698092248	0.08804781350211661	-0.5060847642342603	0.30154384295544767	-0.15370276632873514	0.11515837879542237	-0.10362713456773981	0.9999999999999971	-0.5766219555426149	0.1743151444590325	-0.129093549708913	0.09342013848072586	-0.4231728521076512	0.2205551309642586	-0.16852320526381484	0.13301893472211213	-0.12070390425480675	0.19188443721118167	-0.21336132688131013	0.1558469367605332	-0.11582843747716245	0.07597018794136474	-0.19405945442113048	0.194372883966358	-0.18107345486303694	0.13496353697953256	-0.09234079397614148
-0.09530676675868821	0.0857209529563925	-0.23559150739119256	0.10971853390931607	-0.1048257128054731	0.29700530488665805	-0.48475683179644125	0.18702452756692603	-0.1401498110858511	0.11810380988469428	-0.5766219555426149	1.0000000000000004	-0.24991046582810603	0.14917157570974757	-0.10874145339431134	0.24622477958453828	-0.376795412437693	0.19949366537300217	-0.16123197125497044	0.13569352760800613	-0.16874419015955316	0.22948669571655717	-0.1841700209492516	0.13269475547355603	-0.08679400289708339	0.16248603944761175	-0.20993507155509236	0.1862278193502906	-0.15843966620752645	0.10296286164796556
0.08542123080940812	-0.08131043512579321	0.2993053847636898	-0.20081156999163982	0.17018840100603097	-0.15670981394824082	0.1698840019738991	-0.7042737656298428	0.2633607257093261	-0.21292577788776965	0.1743151444590325	-0.24991046582810603	0.9999999999999986	-0.34521821851427925	0.18487108678773537	-0.19076597681484947	0.18672668491264743	-0.2704180537679112	0.19664202096643804	-0.22003717620699573	0.12198366759645433	-0.18949406421687767	0.18419169285393003	-0.15946786628394347	0.12452376616924068	-0.14462801019020066	0.16389988691153307	-0.21990279535548185	0.17503770550453268	-0.154477405694863
-0.08477225372973625	0.07571321072849116	-0.3293695537572919	0.2609902752887825	-0.2821681895198337	0.10117779744373212	-0.1118937618293652	0.25641589331853704	-0.5761670299714483	0.2829330126132258	-0.129093549708913	0.14917157570974757	-0.34521821851427925	1.000000000000002	-0.45346537608807813	0.14109288753293794	-0.15317822071202894	0.19268969829972005	-0.2615925563601687	0.26133038900446687	-0.09693539942380094	0.1497602464833168	-0.16871503751635913	0.16625253765094927	-0.15441202812037644	0.1126059818206728	-0.14486064508751978	0.18087099522436523	-0.1995618127026212	0.1603991339258334
0.05873217380906216	-0.052580758103032456	0.22318936039383047	-0.20743479336310003	0.23858085892291356	-0.07178033791108931	0.07744475903636298	-0.1564341799365113	0.24154675680172535	-0.5683888730553224	0.09342013848072586	-0.10874145339431134	0.18487108678773537	-0.45346537608807813	0.9999999999999994	-0.10863881243149266	0.11675480513496386	-0.15629465171086263	0.20027062875022392	-0.5301886525602058	0.07452840397175113	-0.11794284769425126	0.13292324392912053	-0.142456316026183	0.1808600107017771	-0.08759876817585076	0.11149633533558735	-0.14778968540862977	0.16417712660666323	-0.18906017910182837
-0.08129072795164431	0.07136877549637939	-0.24289156770327566	0.10619719084798246	-0.10487261574418548	0.17925271291249123	-0.18186029368487625	0.14770537858308916	-0.13174064165630517	0.11581974813118913	-0.4231728521076512	0.24622477958453828	-0.19076597681484947	0.14109288753293794	-0.10863881243149266	0.9999999999999926	-0.2814296390156449	0.1886629784749618	-0.16615210340931993	0.13656627289787424	-0.5890161684747199	0.24805108848695204	-0.20454264917887202	0.1421777620829866	-0.09107099855170622	0.2982696167379204	-0.3725020969484162	0.2226841739274739	-0.18102170119281466	0.10689548546790051
0.06545619689667422	-0.058943889275826465	0.1978392042884615	-0.10352538188036986	0.1014314785890199	-0.1485248722196796	0.1638571998891255	-0.1468640586108427	0.12824593733149153	-0.12203960180844997	0.2205551309642586	-0.376795412437693	0.18672668491264743	-0.15317822071202894	0.11675480513496386	-0.2814296390156449	0.9999999999999984	-0.45496431794541997	0.22095572517972392	-0.16233075157498192	0.19506982530889286	-0.6339351366324053	0.2825520615602687	-0.18991477318941305	0.10200327277685084	-0.1942919422806678	0.2208986320257299	-0.24480832367857452	0.19152129241746088	-0.12232112375891221
-0.07073253949159805	0.06269782604207129	-0.24240082810550165	0.12636329172654143	-0.12785258341168573	0.11415743901920158	-0.1282783103082399	0.17648495908052947	-0.1632805244892245	0.1489384036870188	-0.16852320526381484	0.19949366537300217	-0.2704180537679112	0.19268969829972005	-0.15629465171086263	0.1886629784749618	-0.45496431794541997	0.9999999999999958	-0.5218448069596049	0.21285468495353319	-0.1431080426382975	0.28838027411250133	-0.485205603335505	0.2704382988661639	-0.13685098473132642	0.15247403656998104	-0.20657773966665577	0.26114872170225756	-0.2712823713175179	0.15283028745961139
0.06163590532177459	-0.05499522635682666	0.21482621042886454	-0.1362137546241352	0.139150362617252	-0.09543910787241118	0.10215548134851776	-0.15521837057470564	0.17230195650218957	-0.18313737772606173	0.13301893472211213	-0.16123197125497044	0.19664202096643804	-0.2615925563601687	0.20027062875022392	-0.16615210340931993	0.22095572517972392	-0.5218448069596049	0.999999999999996	-0.3858545424444084	0.11817307428893939	-0.22639582541090247	0.28054948361918713	-0.5286605068977096	0.17960446773088878	-0.1361052107882939	0.17263461239797628	-0.2620388250285421	0.29113704128825313	-0.20817571666997658
-0.075736679706611	0.06642608610250518	-0.28491587947794134	0.17296893510366304	-0.20909888440299715	0.08859283848881361	-0.09664966229821867	0.16947243211531868	-0.22115556108262058	0.2558212092789988	-0.12070390425480675	0.13569352760800613	-0.22003717620699573	0.26133038900446687	-0.5301886525602058	0.13656627289787424	-0.16233075157498192	0.21285468495353319	-0.3858545424444084	0.9999999999999972	-0.09749482087049734	0.1566916899504323	-0.19277654650758289	0.2129394491643092	-0.431832837872357	0.11227356205961801	-0.15241055051175487	0.19332768767845426	-0.2644893035430179	0.2707169920905491
0.04972432809775282	-0.04422825372084024	0.14984097670077395	-0.07032232421015665	0.06922963110951637	-0.11113198511356626	0.10812869782897984	-0.09602591742844452	0.08651123453332041	-0.07948476439486733	0.19188443721118167	-0.16874419015955316	0.12198366759645433	-0.09693539942380094	0.07452840397175113	-0.5890161684747199	0.19506982530889286	-0.1431080426382975	0.11817307428893939	-0.09749482087049734	0.9999999999999974	-0.28336138459316584	0.1621325989161638	-0.10700504688734994	0.06449714225495257	-0.6506770575418238	0.2829390388007937	-0.18878323385256887	0.1286754682626151	-0.07699993494532165
-0.06839564197556226	0.060507776121023406	-0.21740789551324263	0.1054357520676633	-0.1051961182859613	0.12970334069538159	-0.14794133396231407	0.14302924012607152	-0.13195068590514483	0.12103256521749105	-0.21336132688131013	0.22948669571655717	-0.18949406421687767	0.1497602464833168	-0.11794284769425126	0.24805108848695204	-0.6339351366324053	0.28838027411250133	-0.22639582541090247	0.1566916899504323	-0.28336138459316584	0.9999999999999957	-0.4680246489298461	0.20216456832711013	-0.1057485222884925	0.21750959724364577	-0.3042404297494816	0.2624130213464086	-0.22367066019173826	0.12290066860032131
0.06137488027056785	-0.05464173660495025	0.20394916077862785	-0.11055107146954397	0.11026338415157358	-0.10601753563346533	0.11355877609823756	-0.14302010948247634	0.13648163625933293	-0.1350396136929653	0.1558469367605332	-0.1841700209492516	0.18419169285393003	-0.16871503751635913	0.13292324392912053	-0.20454264917887202	0.2825520615602687	-0.485205603335505	0.28054948361918713	-0.19277654650758289	0.1621325989161638	-0.4680246489298461	0.9999999999999953	-0.40564530853114167	0.1283071715821258	-0.18135420395005275	0.23676844770349798	-0.4756405278895877	0.2807860108876472	-0.15434087010740988
-0.052959641585489485	0.04690154081130649	-0.1839187833323275	0.10419437761138012	-0.10765740160245818	0.08039495031142856	-0.08681481968381696	0.12239261283417652	-0.13176837348875267	0.1318154667695536	-0.11582843747716245	0.13269475547355603	-0.15946786628394347	0.16625253765094927	-0.142456316026183	0.1421777620829866	-0.18991477318941305	0.2704382988661639	-0.5286605068977096	0.2129394491643092	-0.10700504688734994	0.20216456832711013	-0.40564530853114167	0.9999999999999953	-0.17300441478916426	0.12191078912672587	-0.1685858915270614	0.26244146955828807	-0.6296848534307619	0.18665385827095232
0.043431117978999755	-0.038310154882384394	0.15887596146928695	-0.09968386319410408	0.10964709545396807	-0.05545360080200026	0.05957772079663245	-0.0988125485556211	0.12049255231425465	-0.1490287316551123	0.07597018794136474	-0.08679400289708339	0.12452376616924068	-0.15441202812037644	0.1808600107017771	-0.09107099855170622	0.10200327277685084	-0.13685098473132642	0.17960446773088878	-0.431832837872357	0.06449714225495257	-0.1057485222884925	0.1283071715821258	-0.17300441478916426	0.9999999999999938	-0.07593411904192335	0.10061942402408972	-0.14500047822778434	0.20663615490742054	-0.8131087580671428
-0.05880499053725158	0.051600970723361006	-0.18651874325854573	0.0835523791799493	-0.08295407722735378	0.1087256946648697	-0.11332672682068899	0.11140122183721042	-0.10298637199508673	0.0929527508161855	-0.19405945442113048	0.16248603944761175	-0.14462801019020066	0.1126059818206728	-0.08759876817585076	0.2982696167379204	-0.1942919422806678	0.15247403656998104	-0.1361052107882939	0.11227356205961801	-0.6506770575418238	0.21750959724364577	-0.18135420395005275	0.12191078912672587	-0.07593411904192335	0.9999999999999951	-0.5732353988584132	0.22492591410819174	-0.15783555415846684	0.08962207878386722
0.06404629908955892	-0.057305978313287285	0.19956312320822536	-0.1016434043901181	0.09972923549367778	-0.13005123602306526	0.12747619548970238	-0.13137248027298382	0.12280209192451469	-0.12008024459052569	0.194372883966358	-0.20993507155509236	0.16389988691153307	-0.14486064508751978	0.11149633533558735	-0.3725020969484162	0.2208986320257299	-0.20657773966665577	0.17263461239797628	-0.15241055051175487	0.2829390388007937	-0.3042404297494816	0.23676844770349798	-0.1685858915270614	0.10061942402408972	-0.5732353988584132	0.9999999999999951	-0.5060551029937094	0.20575977401049328	-0.12414970659741431
-0.08193224503329496	0.07155841241006493	-0.2827876969385823	0.13083157678589058	-0.1329895083420504	0.11867658043935518	-0.1282112606157546	0.16493939450455083	-0.16270244003255252	0.14939470749042183	-0.18107345486303694	0.1862278193502906	-0.21990279535548185	0.18087099522436523	-0.14778968540862977	0.2226841739274739	-0.24480832367857452	0.26114872170225756	-0.2620388250285421	0.19332768767845426	-0.18878323385256887	0.2624130213464086	-0.4756405278895877	0.26244146955828807	-0.14500047822778434	0.22492591410819174	-0.5060551029937094	0.9999999999999954	-0.43709728572189654	0.16737239338570636
0.06058637864350746	-0.05400240581463804	0.20748088792948857	-0.12564298724610087	0.12623068263902287	-0.09602471614026442	0.10058926870786616	-0.14102429725749513	0.15022538532379887	-0.16610333589681825	0.13496353697953256	-0.15843966620752645	0.17503770550453268	-0.1995618127026212	0.16417712660666323	-0.18102170119281466	0.19152129241746088	-0.2712823713175179	0.29113704128825313	-0.2644893035430179	0.1286754682626151	-0.22367066019173826	0.2807860108876472	-0.6296848534307619	0.20663615490742054	-0.15783555415846684	0.20575977401049328	-0.43709728572189654	0.999999999999996	-0.3179257604019676
-0.0556486995134267	0.048656875895315914	-0.2054753693162896	0.11218651712774733	-0.12685676984570668	0.06673784200634503	-0.0723627192881106	0.11880831337996114	-0.14048922409070985	0.1469897267273715	-0.09234079397614148	0.10296286164796556	-0.154477405694863	0.1603991339258334	-0.18906017910182837	0.10689548546790051	-0.12232112375891221	0.15283028745961139	-0.20817571666997658	0.2707169920905491	-0.07699993494532165	0.12290066860032131	-0.15434087010740988	0.18665385827095232	-0.8131087580671428	0.08962207878386722	-0.12414970659741431	0.16737239338570636	-0.3179257604019676	0.999999999999996
