1.0	-0.7724851449343662	0.2529863873090745	-0.05285883736638779	0.07120485499256882	-0.41250064362832706	0.26742594624066357	-0.25200123883151726	0.05179916717840548	-0.06012849277081914	0.2038659046528829	-0.24621561789473212	0.13823951904333706	-0.101713764748929	0.10495471970844117	-0.12832062974320005	0.09417401850374368	-0.09474521978972444	0.0717304927088608	-0.0763704985927845	0.10438162180210113	-0.09067048421768625	0.09434217258323299	-0.06194857077724121	0.061421040624877125	-0.15208771782084174	0.06150452550724104	-0.050893680541613355	0.042902352661596505	-0.07852710284419487	0.04126225504726734	-0.06284616805728287	0.043274402158938054	-0.038927538922026675	0.048757533192583496	-0.032676880722810595	0.0404502872158157	-0.040341388557265725	0.04514496456467091	-0.04131776863938871	0.023379958093772173	-0.02472433412322258	0.07142280493752073	-0.040723003197287826	0.05898864728029709
-0.7724851449343662	0.9999999999999998	-0.40319551275560694	0.04952881129431952	-0.06465029746345993	0.25510740283477507	-0.35186873881597364	0.24926801282069005	-0.04929155088504405	0.053778256776143736	-0.17651580397842848	0.20360146523844447	-0.1276728778861718	0.08925555600499828	-0.09483516760396137	0.10304501174084742	-0.07973460339055204	0.08120235312764311	-0.0625391285726341	0.06555370190719784	-0.0868723013264524	0.0748005463788531	-0.08235776404016446	0.05284093362504358	-0.05291777556080964	0.11956354383789299	-0.05027931639399573	0.0414080673754541	-0.03584843816370271	0.06507292791848189	-0.034033833874337546	0.05088366071135465	-0.035476219328780735	0.03234907365315724	-0.04105016221642267	0.02680523474967905	-0.03363038999216671	0.03337400151940731	-0.0378114018866946	0.034515945174651036	-0.019339507375827465	0.020373204617432333	-0.05975494797968274	0.0340297323861619	-0.04971495979407661
0.2529863873090745	-0.40319551275560694	0.9999999999999998	-0.08840246853858164	0.0890144696641687	-0.27388845794197686	0.2913644729282412	-0.747958480890138	0.08195554971131712	-0.07757295123950968	0.18038463749699887	-0.2550192013647832	0.1809451926461624	-0.13399006084184262	0.12616637460469163	-0.12803470703949124	0.09800518913062657	-0.11551968731478109	0.08521457616724214	-0.09198929993524459	0.10643568456262427	-0.09716550287252129	0.1082368353395483	-0.07223572084115351	0.07093440020463562	-0.16492643873501803	0.06668902998677335	-0.05595543026971924	0.04792362859121883	-0.08984988849731586	0.045204100268262	-0.06875421210451502	0.04748806391895636	-0.04350836862196148	0.05461110901574121	-0.03592839342115178	0.04456727984520437	-0.044617423975745085	0.050117440446172924	-0.046282892918504445	0.025728558152341437	-0.027253375978104726	0.07883652037482416	-0.04525351183117665	0.06547471555821498
-0.05285883736638779	0.04952881129431952	-0.08840246853858164	1.0000000000000007	-0.3156650371742614	0.06105742561811297	-0.0631687689999611	0.07894420435466422	-0.9064008099042685	0.23070989683728502	-0.05500358063107706	0.07003983887018664	-0.0902619252107453	0.09576899618421768	-0.12765566182321164	0.0520229220332013	-0.04393360805518646	0.06303530437586749	-0.058069146516279486	0.06643792665139861	-0.045952545573600005	0.04576173454890133	-0.060398994473057806	0.04472198677497853	-0.045001566659286216	0.07944594220150705	-0.033114356023885495	0.02887353965076709	-0.027128053098810712	0.053192420167663096	-0.023909997940639013	0.03466299212879958	-0.02470328306469276	0.024457659939351943	-0.03165906796152262	0.019039376349341833	-0.024316878988779975	0.024408337286976067	-0.02824647582208255	0.026551474143436928	-0.013901638926290713	0.014699520316635961	-0.044485194794634045	0.025536606643450976	-0.03733440043651958
0.07120485499256882	-0.06465029746345993	0.0890144696641687	-0.3156650371742614	1.0000000000000007	-0.0961831129133182	0.08742723600614016	-0.08878646255506502	0.23785746585000192	-0.8165763066923886	0.09135700980694036	-0.11803535474934441	0.14748801885402174	-0.18523083904272472	0.23799607377457627	-0.10144076764739719	0.08286414192914472	-0.1229080340052788	0.11033116209888418	-0.13948343516803613	0.08885274222884627	-0.09000259963367066	0.11078452634169372	-0.08833385410462842	0.0863882307310905	-0.16729340400144732	0.06663744129003962	-0.058812805441882776	0.05380703537618869	-0.10981232346459655	0.047754925035863136	-0.07085832483459838	0.04976427399354494	-0.048988243763875346	0.062308759580234185	-0.038371036260016395	0.04817927157259269	-0.048828339292509425	0.0556381864463614	-0.05299530594035045	0.027722147582308624	-0.029502762145221323	0.08735326521505404	-0.05051987251661239	0.07277779398327083
-0.41250064362832706	0.25510740283477507	-0.27388845794197686	0.06105742561811297	-0.0961831129133182	1.0000000000000009	-0.48044649249155486	0.23008713865178512	-0.06264224067278126	0.07733127492320045	-0.5834925621627604	0.3121466542181096	-0.18498532312686577	0.1258581586282939	-0.14395530196512343	0.19919555504470923	-0.14821256164470073	0.1206155925524368	-0.09467842845622551	0.09675306770587441	-0.16930863253141387	0.12711089211563947	-0.13092968276006028	0.0802137768327631	-0.08147786546194566	0.18321683227324248	-0.08144431188536612	0.06461806442291121	-0.05589955719983164	0.09733009510984303	-0.05398796482694209	0.07976948359548265	-0.056005833599348506	0.05011848395560623	-0.06399849494712714	0.041959951265590566	-0.05313620915446165	0.05212599452253932	-0.05940572787699845	0.053404513369598644	-0.030446726809053117	0.03185572309696742	-0.09413458554784235	0.05322117733220414	-0.07844761108193396
0.26742594624066357	-0.35186873881597364	0.2913644729282412	-0.0631687689999611	0.08742723600614016	-0.48044649249155486	1.0000000000000004	-0.46606860381093224	0.0632577637129042	-0.07427074691892858	0.27502520403248404	-0.5270206660550122	0.19578070182226942	-0.1365649053688249	0.1339234005433145	-0.1559386322056918	0.11743120599736234	-0.12034799821234692	0.08949243910314075	-0.0943731347589364	0.1262370024268625	-0.11010443141860521	0.11773757768992599	-0.07531971263182813	0.07472152695221876	-0.17204824262908924	0.07190721032839803	-0.058913539281887396	0.05022903187453574	-0.09141754185816856	0.047770951801044736	-0.07272008182994569	0.05027841252780588	-0.04538997918331078	0.057139690125713315	-0.03768076460391227	0.0469450456084698	-0.04666856715824234	0.05262475110938723	-0.04810087357861458	0.027023516406780926	-0.02851236798353308	0.08244686280064852	-0.04734052919428121	0.06893642467554476
-0.25200123883151726	0.24926801282069005	-0.747958480890138	0.07894420435466422	-0.08878646255506502	0.23008713865178512	-0.46606860381093224	0.9999999999999997	-0.08246283773500815	0.07608331458327999	-0.1785855198277672	0.23546554455771068	-0.23017307137072524	0.13558919557487492	-0.13304266683418056	0.11411669280338206	-0.0920553746738164	0.11245255603477658	-0.0844526167299982	0.08826622153523159	-0.09729178575684826	0.08843312701467262	-0.10807597016120526	0.0686017355955558	-0.06832661712069561	0.13985733986359491	-0.059384147623984467	0.04942140095579287	-0.043692700553275156	0.08077765586981926	-0.04043146327990349	0.06041326613727773	-0.04231760450761817	0.03935677066086226	-0.050150812331467794	0.03192064051916582	-0.040218982880507945	0.040018906671333024	-0.04566361878253552	0.042013888270070084	-0.02305891063272334	0.024313037174331587	-0.07138408407511283	0.04108154234861223	-0.060099538949308966
0.05179916717840548	-0.04929155088504405	0.08195554971131712	-0.9064008099042685	0.23785746585000192	-0.06264224067278126	0.0632577637129042	-0.08246283773500815	0.9999999999999996	-0.3037857004533988	0.05600777529481996	-0.07256487601101909	0.09052263831012886	-0.10545868924938963	0.12844218459012138	-0.054489039896959336	0.04530165283931568	-0.06565185566671056	0.059385582470311095	-0.06995840007772938	0.04780968040697052	-0.04771521547938557	0.061271728591949626	-0.04625317533314453	0.04599413113096414	-0.08443813396206341	0.03463482057755749	-0.030257201714757483	0.028057882584447056	-0.05563297293421055	0.024844359855081554	-0.03641011257483296	0.025780252800294643	-0.02538296742093595	0.03261113847218592	-0.01984006732843282	0.025160877222861984	-0.025332102630211364	0.02913132387648722	-0.027480516276538504	0.014419165203282625	-0.01528046639315583	0.04578074213111741	-0.026368709480805275	0.03834941456256322
-0.06012849277081914	0.053778256776143736	-0.07757295123950968	0.23070989683728502	-0.8165763066923886	0.07733127492320045	-0.07427074691892858	0.07608331458327999	-0.3037857004533988	0.9999999999999976	-0.0750951550093821	0.09669312100570515	-0.14488826131200258	0.1719580224257816	-0.3469654667811535	0.07808160445657564	-0.0665822155382777	0.1043054192755991	-0.10339210247487546	0.12440237182054009	-0.06908294428869628	0.07090357064879967	-0.09695849436602796	0.07509981665239908	-0.07576253837937713	0.12342690508334853	-0.05118216322307818	0.04493472934343466	-0.042633928756937715	0.08522952026728875	-0.036742854454789385	0.05384858962806455	-0.03832167175309557	0.03840615741649042	-0.0496061831034997	0.02936067244122103	-0.03740689420928462	0.03770104757944813	-0.043746410359756814	0.04149457991452839	-0.021345052793099527	0.02262245826018853	-0.06755945130912694	0.03951398415891707	-0.05766858241382174
0.2038659046528829	-0.17651580397842848	0.18038463749699887	-0.05500358063107706	0.09135700980694036	-0.5834925621627604	0.27502520403248404	-0.1785855198277672	0.05600777529481996	-0.0750951550093821	1.0	-0.5456096284745326	0.18876786290366912	-0.13355222978709905	0.1410073299594979	-0.37859996649460503	0.17763029092307725	-0.13132199399467562	0.09733822075491935	-0.10113853551573482	0.20870796323817453	-0.1594138303918239	0.137272795600412	-0.08425885852089025	0.08388011052695238	-0.23602731348266195	0.09505135546657256	-0.07433815286875495	0.05928591182175666	-0.10262120918097621	0.059088823246218676	-0.09383805982469871	0.06321213652522162	-0.053609212581875565	0.06610180931857061	-0.04632832059976905	0.05658325463814055	-0.055935447094896465	0.06200220616624549	-0.05567721750335547	0.032704025852596214	-0.03447694490243745	0.09633744518958805	-0.05555276779510117	0.08062607233742042
-0.24621561789473212	0.20360146523844447	-0.2550192013647832	0.07003983887018664	-0.11803535474934441	0.3121466542181096	-0.5270206660550122	0.23546554455771068	-0.07256487601101909	0.09669312100570515	-0.5456096284745326	0.9999999999999998	-0.3391325818817366	0.1822241022743752	-0.19487557618579554	0.20828904403122447	-0.17490355782350933	0.15968534449304994	-0.12237920072492339	0.12379682009232176	-0.17686697740603194	0.14728090578193304	-0.16626943516137824	0.09914722699795145	-0.100355327758677	0.2024160042097363	-0.09164354946949707	0.073182188202751	-0.06417884742925388	0.11361591510000796	-0.06029324967635098	0.09012272637223269	-0.06325585989849003	0.05742086443688484	-0.07347238056537513	0.04701307400227483	-0.05963172938775809	0.0586941844116896	-0.06730975706768721	0.06100173009352683	-0.03404863434953031	0.03568235277018278	-0.10467759060040785	0.060224312999265596	-0.08887841666723292
0.13823951904333706	-0.1276728778861718	0.1809451926461624	-0.0902619252107453	0.14748801885402174	-0.18498532312686577	0.19578070182226942	-0.23017307137072524	0.09052263831012886	-0.14488826131200258	0.18876786290366912	-0.3391325818817366	0.9999999999999996	-0.6244049064323319	0.2900384690485128	-0.16959573174307718	0.14436425314113427	-0.36811778903100284	0.19667925539505823	-0.2134340183392418	0.1445371175677817	-0.1549787394019931	0.22985526169480894	-0.14861628545604688	0.13885989625656966	-0.24053457075586537	0.10123839555734979	-0.08669802961069575	0.07825763350482207	-0.15477931369076542	0.06821522180307663	-0.10529253187794788	0.07333629954886123	-0.07067269880553427	0.08903421186751573	-0.05450847647642339	0.06824328842346056	-0.06880220618241799	0.0788575280884031	-0.07454590214836174	0.03898877149941161	-0.04139904197438145	0.11826814573664465	-0.07096489778751859	0.10296639238396091
-0.101713764748929	0.08925555600499828	-0.13399006084184262	0.09576899618421768	-0.18523083904272472	0.1258581586282939	-0.1365649053688249	0.13558919557487492	-0.10545868924938963	0.1719580224257816	-0.13355222978709905	0.1822241022743752	-0.6244049064323319	1.0000000000000007	-0.6110221967873329	0.11789591309399344	-0.10676094239109064	0.20886222848649122	-0.21809851051278983	0.20865042712599308	-0.10444991007912005	0.1108609450623443	-0.1822058556903262	0.1272495070910194	-0.12643691409498717	0.1682288692183916	-0.07408575586824742	0.06377374609832313	-0.06197942666182539	0.12068685053721513	-0.051454649524227195	0.07636912340616404	-0.05469168456979655	0.05514118011246584	-0.07148759080594211	0.04085237866447546	-0.05248034947784094	0.05259053764354794	-0.062046539398994995	0.05859449702790523	-0.02963845434689211	0.03130145036813442	-0.09183607565970922	0.05555258165280736	-0.08202413968544965
0.10495471970844117	-0.09483516760396137	0.12616637460469163	-0.12765566182321164	0.23799607377457627	-0.14395530196512343	0.1339234005433145	-0.13304266683418056	0.12844218459012138	-0.3469654667811535	0.1410073299594979	-0.19487557618579554	0.2900384690485128	-0.6110221967873329	1.0000000000000007	-0.15160760419766073	0.1274202774044663	-0.23051928219907097	0.23047768211157518	-0.3602547449066103	0.13181030817702913	-0.13927345939287422	0.18938325308218773	-0.16020660903142014	0.15571109987573628	-0.23900081379452917	0.09817422996577947	-0.08636875162140795	0.08159062804897445	-0.16817410002581054	0.06895743146240443	-0.10373661860369186	0.07318742813342778	-0.07365372136636011	0.09399307748572808	-0.05530608482230584	0.06985241789300525	-0.0707265846215082	0.08193837095642129	-0.07856907544080703	0.03980214552725764	-0.04231090103129294	0.12254975236338418	-0.07387486936726777	0.10729069360630103
-0.12832062974320005	0.10304501174084742	-0.12803470703949124	0.0520229220332013	-0.10144076764739719	0.19919555504470923	-0.1559386322056918	0.11411669280338206	-0.054489039896959336	0.07808160445657564	-0.37859996649460503	0.20828904403122447	-0.16959573174307718	0.11789591309399344	-0.15160760419766073	1.0000000000000009	-0.441394643998559	0.1443582253871268	-0.10886182947153016	0.1075785715610352	-0.6397379652363736	0.26987035582548974	-0.18081966029604918	0.09779663041609366	-0.09913563206742984	0.2897327760703367	-0.13783025775615357	0.09578474237069931	-0.07378369757328919	0.11644619264357582	-0.07745558680602424	0.12304873541608659	-0.0833903082968328	0.06600527479194591	-0.08087949087516766	0.058797557433997234	-0.07252238720828451	0.06997690688245772	-0.07765053338146666	0.06748902127378491	-0.0417128496396451	0.043382834688668236	-0.12083829710253938	0.06888548787847862	-0.10093487201962542
0.09417401850374368	-0.07973460339055204	0.09800518913062657	-0.04393360805518646	0.08286414192914472	-0.14821256164470073	0.11743120599736234	-0.0920553746738164	0.04530165283931568	-0.0665822155382777	0.17763029092307725	-0.17490355782350933	0.14436425314113427	-0.10676094239109064	0.1274202774044663	-0.441394643998559	1.0000000000000022	-0.18277571980214838	0.10955068824170984	-0.1114624577488754	0.27181236712479645	-0.7427916111168528	0.20942203966526324	-0.10695669360034907	0.09914871679141507	-0.2765326414529251	0.18151864431594625	-0.12533368728527983	0.0750543450814963	-0.11663135080861518	0.07696525532538669	-0.1730324822918134	0.10079080453915805	-0.06893546444913076	0.07536106251405825	-0.06075111933935871	0.07033370847802202	-0.06998119805352251	0.07334446559207855	-0.06405484105091956	0.04052142521782645	-0.04310166244445867	0.10620976380257016	-0.0650720173036154	0.09153863456256985
-0.09474521978972444	0.08120235312764311	-0.11551968731478109	0.06303530437586749	-0.1229080340052788	0.1206155925524368	-0.12034799821234692	0.11245255603477658	-0.06565185566671056	0.1043054192755991	-0.13132199399467562	0.15968534449304994	-0.36811778903100284	0.20886222848649122	-0.23051928219907097	0.1443582253871268	-0.18277571980214838	1.0000000000000013	-0.3709423036028515	0.2428622315841732	-0.13672700671838	0.1903869443745671	-0.7046679806608908	0.21454768766454482	-0.20101103263312203	0.19051000653628808	-0.10231084861429691	0.0837290497773223	-0.08275696172243567	0.15183069624190304	-0.06376530222192416	0.0996217499829449	-0.07233065896322297	0.07210620071342713	-0.09239823988151297	0.05017235109244681	-0.06537698713692242	0.06507976365107362	-0.07861265254807427	0.07361225453435843	-0.03630207512174959	0.038158339474615215	-0.10994315771382962	0.0695364389430977	-0.10390839860737018
0.0717304927088608	-0.0625391285726341	0.08521457616724214	-0.058069146516279486	0.11033116209888418	-0.09467842845622551	0.08949243910314075	-0.0844526167299982	0.059385582470311095	-0.10339210247487546	0.09733822075491935	-0.12237920072492339	0.19667925539505823	-0.21809851051278983	0.23047768211157518	-0.10886182947153016	0.10955068824170984	-0.3709423036028515	0.9999999999999997	-0.7427637701532502	0.09882489395879794	-0.12042604799975719	0.2416377429089728	-0.35463058748573445	0.2508656954646597	-0.16210799721647626	0.07791038351985237	-0.0699140296150688	0.08287109379383434	-0.1652804144316282	0.05548111098662019	-0.08057686933683327	0.060711140014300884	-0.07187437651430739	0.09205838661295758	-0.04400002759284144	0.058886843395614494	-0.059206758817006294	0.07459964852489842	-0.07219750193772943	0.032216585757295545	-0.03390793674718784	0.09951225140520659	-0.06590965631688306	0.09886324076235817
-0.0763704985927845	0.06555370190719784	-0.09198929993524459	0.06643792665139861	-0.13948343516803613	0.09675306770587441	-0.0943731347589364	0.08826622153523159	-0.06995840007772938	0.12440237182054009	-0.10113853551573482	0.12379682009232176	-0.2134340183392418	0.20865042712599308	-0.3602547449066103	0.1075785715610352	-0.1114624577488754	0.2428622315841732	-0.7427637701532502	0.9999999999999979	-0.09916825143555454	0.11669079293809315	-0.24138049302305833	0.25578639714861484	-0.3276009079802576	0.15739998811328076	-0.07799830554023825	0.06976565399913123	-0.08579325986335387	0.16643071338569201	-0.05767352050743201	0.07993995939701964	-0.06149858097976428	0.07280280485771123	-0.10100811883880266	0.04540933745791331	-0.06221968191645284	0.06194313653797262	-0.0800016602695515	0.07676919453451406	-0.0336948952307991	0.03525705213529461	-0.10617187528697403	0.07019260917105191	-0.1082915846143802
0.10438162180210113	-0.0868723013264524	0.10643568456262427	-0.045952545573600005	0.08885274222884627	-0.16930863253141387	0.1262370024268625	-0.09729178575684826	0.04780968040697052	-0.06908294428869628	0.20870796323817453	-0.17686697740603194	0.1445371175677817	-0.10444991007912005	0.13181030817702913	-0.6397379652363736	0.27181236712479645	-0.13672700671838	0.09882489395879794	-0.09916825143555454	0.9999999999999992	-0.33450455978535987	0.16511319988083278	-0.09220984517221816	0.09132160159392899	-0.5623913447320003	0.15504113542865466	-0.10646000360401087	0.072727944211317	-0.11276686195797378	0.08237745435215149	-0.14164143122138537	0.08974055884106469	-0.06598867081582435	0.07681843313321991	-0.06360144618083545	0.07270671477701036	-0.07107850851334098	0.07523544426191496	-0.06503585526142579	0.04263135943297895	-0.04495274266037534	0.11457591322518043	-0.06682000389787449	0.0956913104662646
-0.09067048421768625	0.0748005463788531	-0.09716550287252129	0.04576173454890133	-0.09000259963367066	0.12711089211563947	-0.11010443141860521	0.08843312701467262	-0.04771521547938557	0.07090357064879967	-0.1594138303918239	0.14728090578193304	-0.1549787394019931	0.1108609450623443	-0.13927345939287422	0.26987035582548974	-0.7427916111168528	0.1903869443745671	-0.12042604799975719	0.11669079293809315	-0.33450455978535987	0.9999999999999989	-0.31961915948986674	0.1172260339224443	-0.11162345997218917	0.24757622820481268	-0.25773838312847974	0.13030986839148426	-0.08068471015010233	0.12059241453250698	-0.08158908506118245	0.17825521735404498	-0.1101126827906163	0.07286826576636411	-0.08059490519639806	0.06280391035636251	-0.07489916089593462	0.0732555238824944	-0.07834890394205409	0.06765702154771278	-0.04260922127988158	0.04481200268997158	-0.11319358165060565	0.06896642860908099	-0.09825966057110914
0.09434217258323299	-0.08235776404016446	0.1082368353395483	-0.060398994473057806	0.11078452634169372	-0.13092968276006028	0.11773757768992599	-0.10807597016120526	0.061271728591949626	-0.09695849436602796	0.137272795600412	-0.16626943516137824	0.22985526169480894	-0.1822058556903262	0.18938325308218773	-0.18081966029604918	0.20942203966526324	-0.7046679806608908	0.2416377429089728	-0.24138049302305833	0.16511319988083278	-0.31961915948986674	0.9999999999999972	-0.30678814990735037	0.21067083165558342	-0.24797227021888169	0.13021690347014125	-0.10780238921066228	0.09615676737812708	-0.18430933081552758	0.07574408231493522	-0.1301947734389448	0.0897193479718614	-0.08580369341697382	0.10379379515792428	-0.06032080551913567	0.07600268113823999	-0.07658486289957672	0.08962861587880643	-0.08473617074360593	0.042616127900439435	-0.04518356352426174	0.12431440004573828	-0.079682311600344	0.11605504454612793
-0.06194857077724121	0.05284093362504358	-0.07223572084115351	0.04472198677497853	-0.08833385410462842	0.0802137768327631	-0.07531971263182813	0.0686017355955558	-0.04625317533314453	0.07509981665239908	-0.08425885852089025	0.09914722699795145	-0.14861628545604688	0.1272495070910194	-0.16020660903142014	0.09779663041609366	-0.10695669360034907	0.21454768766454482	-0.35463058748573445	0.25578639714861484	-0.09220984517221816	0.1172260339224443	-0.30678814990735037	0.9999999999999997	-0.7801594871892112	0.14475269988498354	-0.0799658382140658	0.07662517818333199	-0.13497416181095045	0.22264275463405056	-0.06288003699585085	0.08239569321992266	-0.06940172327094313	0.10352113885584804	-0.13449432466537092	0.04929293938813794	-0.0715071481934237	0.07129489086216931	-0.10028052563523084	0.09634157110992382	-0.037110365929872643	0.03858723585120387	-0.11688117191517959	0.08599530187273108	-0.13428576289669075
0.061421040624877125	-0.05291777556080964	0.07093440020463562	-0.045001566659286216	0.0863882307310905	-0.08147786546194566	0.07472152695221876	-0.06832661712069561	0.04599413113096414	-0.07576253837937713	0.08388011052695238	-0.100355327758677	0.13885989625656966	-0.12643691409498717	0.15571109987573628	-0.09913563206742984	0.09914871679141507	-0.20101103263312203	0.2508656954646597	-0.3276009079802576	0.09132160159392899	-0.11162345997218917	0.21067083165558342	-0.7801594871892112	0.9999999999999977	-0.15327864707200964	0.07968162567799822	-0.07790587577810129	0.12335429086014213	-0.3456106019120963	0.06341152416796625	-0.08403176831708087	0.06956260398655001	-0.10394746347593913	0.14103973544623608	-0.05012551630203422	0.07182102422500218	-0.07246806305182941	0.10038412971096503	-0.10362931084052004	0.03751719643493247	-0.03921299715104942	0.11756064335109871	-0.08737643487803479	0.13401229166104248
-0.15208771782084174	0.11956354383789299	-0.16492643873501803	0.07944594220150705	-0.16729340400144732	0.18321683227324248	-0.17204824262908924	0.13985733986359491	-0.08443813396206341	0.12342690508334853	-0.23602731348266195	0.2024160042097363	-0.24053457075586537	0.1682288692183916	-0.23900081379452917	0.2897327760703367	-0.2765326414529251	0.19051000653628808	-0.16210799721647626	0.15739998811328076	-0.5623913447320003	0.24757622820481268	-0.24797227021888169	0.14475269988498354	-0.15327864707200964	0.9999999999999974	-0.26780187778654324	0.1569409197119223	-0.12737409459030247	0.18919755004011424	-0.15963124505277354	0.19984346359425442	-0.1441849581928428	0.11274733091474495	-0.14131284451623166	0.11299126921068911	-0.13553079156253586	0.12697026935167408	-0.13954908391764476	0.11783670769593751	-0.07934165113184796	0.0812461540258449	-0.2238014771298848	0.12316183945093698	-0.18183435771944215
0.06150452550724104	-0.05027931639399573	0.06668902998677335	-0.033114356023885495	0.06663744129003962	-0.08144431188536612	0.07190721032839803	-0.059384147623984467	0.03463482057755749	-0.05118216322307818	0.09505135546657256	-0.09164354946949707	0.10123839555734979	-0.07408575586824742	0.09817422996577947	-0.13783025775615357	0.18151864431594625	-0.10231084861429691	0.07791038351985237	-0.07799830554023825	0.15504113542865466	-0.25773838312847974	0.13021690347014125	-0.0799658382140658	0.07968162567799822	-0.26780187778654324	0.9999999999999973	-0.4239325339989749	0.1167531589810199	-0.11905110899574932	0.13362649763260084	-0.7430068917526214	0.28012120263104334	-0.11332053114548565	0.08337645496199723	-0.10806901827098735	0.10926631756910707	-0.11081553446676178	0.0966229831871379	-0.07533194907579324	0.06133012001848036	-0.0668886010013942	0.11832439715596933	-0.08338375719971122	0.10464345406383893
-0.050893680541613355	0.0414080673754541	-0.05595543026971924	0.02887353965076709	-0.058812805441882776	0.06461806442291121	-0.058913539281887396	0.04942140095579287	-0.030257201714757483	0.04493472934343466	-0.07433815286875495	0.073182188202751	-0.08669802961069575	0.06377374609832313	-0.08636875162140795	0.09578474237069931	-0.12533368728527983	0.0837290497773223	-0.0699140296150688	0.06976565399913123	-0.10646000360401087	0.13030986839148426	-0.10780238921066228	0.07662517818333199	-0.07790587577810129	0.1569409197119223	-0.4239325339989749	0.999999999999998	-0.20294120261251442	0.1274123122111861	-0.11052902696398767	0.2962035134180575	-0.7863162049625755	0.17920656946242525	-0.09434792757843935	0.08474747426853554	-0.1155786953082662	0.11807297919656592	-0.11894554356801941	0.08479598651240769	-0.05598175720913555	0.05856631927476187	-0.12195595816285934	0.09612814682609515	-0.11765147485518519
0.042902352661596505	-0.03584843816370271	0.04792362859121883	-0.027128053098810712	0.05380703537618869	-0.05589955719983164	0.05022903187453574	-0.043692700553275156	0.028057882584447056	-0.042633928756937715	0.05928591182175666	-0.06417884742925388	0.07825763350482207	-0.06197942666182539	0.08159062804897445	-0.07378369757328919	0.0750543450814963	-0.08275696172243567	0.08287109379383434	-0.08579325986335387	0.072727944211317	-0.08068471015010233	0.09615676737812708	-0.13497416181095045	0.12335429086014213	-0.12737409459030247	0.1167531589810199	-0.20294120261251442	0.9999999999999986	-0.29240180258668413	0.0883884534849517	-0.1385864383388216	0.18449978085423308	-0.8396207572093254	0.16018616574075806	-0.07242458100881795	0.113109608986229	-0.13119242524885918	0.21589713194833754	-0.15656474325890551	0.0527447521607844	-0.056047975728151414	0.1463128614022674	-0.18610053617175348	0.1765293850654126
-0.07852710284419487	0.06507292791848189	-0.08984988849731586	0.053192420167663096	-0.10981232346459655	0.09733009510984303	-0.09141754185816856	0.08077765586981926	-0.05563297293421055	0.08522952026728875	-0.10262120918097621	0.11361591510000796	-0.15477931369076542	0.12068685053721513	-0.16817410002581054	0.11644619264357582	-0.11663135080861518	0.15183069624190304	-0.1652804144316282	0.16643071338569201	-0.11276686195797378	0.12059241453250698	-0.18430933081552758	0.22264275463405056	-0.3456106019120963	0.18919755004011424	-0.11905110899574932	0.1274123122111861	-0.29240180258668413	0.9999999999999966	-0.13072002232765045	0.12716510192769054	-0.12381452397366116	0.20811577598570652	-0.5191454710960609	0.10081253480641386	-0.16589009490271622	0.16174043352212258	-0.2618743861916571	0.27993433263040773	-0.08020098055848085	0.08180509627802897	-0.2672859849670701	0.2174671916431687	-0.3824694840349754
0.04126225504726734	-0.034033833874337546	0.045204100268262	-0.023909997940639013	0.047754925035863136	-0.05398796482694209	0.047770951801044736	-0.04043146327990349	0.024844359855081554	-0.036742854454789385	0.059088823246218676	-0.06029324967635098	0.06821522180307663	-0.051454649524227195	0.06895743146240443	-0.07745558680602424	0.07696525532538669	-0.06376530222192416	0.05548111098662019	-0.05767352050743201	0.08237745435215149	-0.08158908506118245	0.07574408231493522	-0.06288003699585085	0.06341152416796625	-0.15963124505277354	0.13362649763260084	-0.11052902696398767	0.0883884534849517	-0.13072002232765045	0.9999999999999988	-0.188790638472586	0.11068903665174121	-0.08878361982689845	0.08956425605246544	-0.8166891892561667	0.24476183846077984	-0.25974451581708163	0.12616966143680025	-0.0936038885028129	0.2164425736944517	-0.2591173118143513	0.1502012055929372	-0.11512799237770427	0.11824867620407586
-0.06284616805728287	0.05088366071135465	-0.06875421210451502	0.03466299212879958	-0.07085832483459838	0.07976948359548265	-0.07272008182994569	0.06041326613727773	-0.03641011257483296	0.05384858962806455	-0.09383805982469871	0.09012272637223269	-0.10529253187794788	0.07636912340616404	-0.10373661860369186	0.12304873541608659	-0.1730324822918134	0.0996217499829449	-0.08057686933683327	0.07993995939701964	-0.14164143122138537	0.17825521735404498	-0.1301947734389448	0.08239569321992266	-0.08403176831708087	0.19984346359425442	-0.7430068917526214	0.2962035134180575	-0.1385864383388216	0.12716510192769054	-0.188790638472586	0.9999999999999964	-0.4367978652045599	0.13021606213624987	-0.093127475956572	0.12786405402287235	-0.13753754100435175	0.12806027161387343	-0.11184180637117457	0.08375272611129869	-0.0731605452696529	0.07732894788472675	-0.13306898417074914	0.09398011855508244	-0.1182798303773162
0.043274402158938054	-0.035476219328780735	0.04748806391895636	-0.02470328306469276	0.04976427399354494	-0.056005833599348506	0.05027841252780588	-0.04231760450761817	0.025780252800294643	-0.03832167175309557	0.06321213652522162	-0.06325585989849003	0.07333629954886123	-0.05469168456979655	0.07318742813342778	-0.0833903082968328	0.10079080453915805	-0.07233065896322297	0.060711140014300884	-0.06149858097976428	0.08974055884106469	-0.1101126827906163	0.0897193479718614	-0.06940172327094313	0.06956260398655001	-0.1441849581928428	0.28012120263104334	-0.7863162049625755	0.18449978085423308	-0.12381452397366116	0.11068903665174121	-0.4367978652045599	0.9999999999999966	-0.2354339912319159	0.08803135877169749	-0.08962096547247614	0.11579632517930676	-0.13412277572413017	0.11802579511182416	-0.08268316584828689	0.05551041373084583	-0.0596109330849797	0.11141351923311384	-0.09654049319960177	0.10877677763052117
-0.038927538922026675	0.03234907365315724	-0.04350836862196148	0.024457659939351943	-0.048988243763875346	0.05011848395560623	-0.04538997918331078	0.03935677066086226	-0.02538296742093595	0.03840615741649042	-0.053609212581875565	0.05742086443688484	-0.07067269880553427	0.05514118011246584	-0.07365372136636011	0.06600527479194591	-0.06893546444913076	0.07210620071342713	-0.07187437651430739	0.07280280485771123	-0.06598867081582435	0.07286826576636411	-0.08580369341697382	0.10352113885584804	-0.10394746347593913	0.11274733091474495	-0.11332053114548565	0.17920656946242525	-0.8396207572093254	0.20811577598570652	-0.08878361982689845	0.13021606213624987	-0.2354339912319159	0.9999999999999961	-0.1619842191835524	0.07114665003795025	-0.11980815095666182	0.13208571961726417	-0.3016955708132319	0.1478030448595613	-0.05244290986382642	0.05479807552923836	-0.14455535563803812	0.1804765219545138	-0.18573048255566027
0.048757533192583496	-0.04105016221642267	0.05461110901574121	-0.03165906796152262	0.062308759580234185	-0.06399849494712714	0.057139690125713315	-0.050150812331467794	0.03261113847218592	-0.0496061831034997	0.06610180931857061	-0.07347238056537513	0.08903421186751573	-0.07148759080594211	0.09399307748572808	-0.08087949087516766	0.07536106251405825	-0.09239823988151297	0.09205838661295758	-0.10100811883880266	0.07681843313321991	-0.08059490519639806	0.10379379515792428	-0.13449432466537092	0.14103973544623608	-0.14131284451623166	0.08337645496199723	-0.09434792757843935	0.16018616574075806	-0.5191454710960609	0.08956425605246544	-0.093127475956572	0.08803135877169749	-0.1619842191835524	0.9999999999999936	-0.0730878931449267	0.11747552258632504	-0.1314058865591751	0.2145689239689308	-0.7086421452183187	0.056239514490057076	-0.05940660506581162	0.17685746594260204	-0.19947385164960274	0.274929703284692
-0.032676880722810595	0.02680523474967905	-0.03592839342115178	0.019039376349341833	-0.038371036260016395	0.041959951265590566	-0.03768076460391227	0.03192064051916582	-0.01984006732843282	0.02936067244122103	-0.04632832059976905	0.04701307400227483	-0.05450847647642339	0.04085237866447546	-0.05530608482230584	0.058797557433997234	-0.06075111933935871	0.05017235109244681	-0.04400002759284144	0.04540933745791331	-0.06360144618083545	0.06280391035636251	-0.06032080551913567	0.04929293938813794	-0.05012551630203422	0.11299126921068911	-0.10806901827098735	0.08474747426853554	-0.07242458100881795	0.10081253480641386	-0.8166891892561667	0.12786405402287235	-0.08962096547247614	0.07114665003795025	-0.0730878931449267	0.9999999999999946	-0.33604770536515705	0.21377957634554287	-0.10860376688234252	0.07501654262146613	-0.30919226950251144	0.2300628494530603	-0.12901739633047188	0.09360804073586101	-0.09868941549478462
0.0404502872158157	-0.03363038999216671	0.04456727984520437	-0.024316878988779975	0.04817927157259269	-0.05313620915446165	0.0469450456084698	-0.040218982880507945	0.025160877222861984	-0.03740689420928462	0.05658325463814055	-0.05963172938775809	0.06824328842346056	-0.05248034947784094	0.06985241789300525	-0.07252238720828451	0.07033370847802202	-0.06537698713692242	0.058886843395614494	-0.06221968191645284	0.07270671477701036	-0.07489916089593462	0.07600268113823999	-0.0715071481934237	0.07182102422500218	-0.13553079156253586	0.10926631756910707	-0.1155786953082662	0.113109608986229	-0.16589009490271622	0.24476183846077984	-0.13753754100435175	0.11579632517930676	-0.11980815095666182	0.11747552258632504	-0.33604770536515705	0.9999999999999925	-0.7803975068351497	0.21053904290872708	-0.13532586515954015	0.17994378154058235	-0.22525873479428762	0.18621056931450708	-0.1858948949333212	0.15871863927532529
-0.040341388557265725	0.03337400151940731	-0.044617423975745085	0.024408337286976067	-0.048828339292509425	0.05212599452253932	-0.04666856715824234	0.040018906671333024	-0.025332102630211364	0.03770104757944813	-0.055935447094896465	0.0586941844116896	-0.06880220618241799	0.05259053764354794	-0.0707265846215082	0.06997690688245772	-0.06998119805352251	0.06507976365107362	-0.059206758817006294	0.06194313653797262	-0.07107850851334098	0.0732555238824944	-0.07658486289957672	0.07129489086216931	-0.07246806305182941	0.12697026935167408	-0.11081553446676178	0.11807297919656592	-0.13119242524885918	0.16174043352212258	-0.25974451581708163	0.12806027161387343	-0.13412277572413017	0.13208571961726417	-0.1314058865591751	0.21377957634554287	-0.7803975068351497	0.9999999999999918	-0.3396350492727847	0.14371809897096918	-0.15883478026795086	0.15691215848110382	-0.23021530604600732	0.20050886909421745	-0.18692160245544928
0.04514496456467091	-0.0378114018866946	0.050117440446172924	-0.02824647582208255	0.0556381864463614	-0.05940572787699845	0.05262475110938723	-0.04566361878253552	0.02913132387648722	-0.043746410359756814	0.06200220616624549	-0.06730975706768721	0.0788575280884031	-0.062046539398994995	0.08193837095642129	-0.07765053338146666	0.07334446559207855	-0.07861265254807427	0.07459964852489842	-0.0800016602695515	0.07523544426191496	-0.07834890394205409	0.08962861587880643	-0.10028052563523084	0.10038412971096503	-0.13954908391764476	0.0966229831871379	-0.11894554356801941	0.21589713194833754	-0.2618743861916571	0.12616966143680025	-0.11184180637117457	0.11802579511182416	-0.3016955708132319	0.2145689239689308	-0.10860376688234252	0.21053904290872708	-0.3396350492727847	0.9999999999999919	-0.33668770304543	0.08078375307331395	-0.08651504252621253	0.21939612589937313	-0.659707001467597	0.30231219079474325
-0.04131776863938871	0.034515945174651036	-0.046282892918504445	0.026551474143436928	-0.05299530594035045	0.053404513369598644	-0.04810087357861458	0.042013888270070084	-0.027480516276538504	0.04149457991452839	-0.05567721750335547	0.06100173009352683	-0.07454590214836174	0.05859449702790523	-0.07856907544080703	0.06748902127378491	-0.06405484105091956	0.07361225453435843	-0.07219750193772943	0.07676919453451406	-0.06503585526142579	0.06765702154771278	-0.08473617074360593	0.09634157110992382	-0.10362931084052004	0.11783670769593751	-0.07533194907579324	0.08479598651240769	-0.15656474325890551	0.27993433263040773	-0.0936038885028129	0.08375272611129869	-0.08268316584828689	0.1478030448595613	-0.7086421452183187	0.07501654262146613	-0.13532586515954015	0.14371809897096918	-0.33668770304543	0.9999999999999923	-0.05871933950406184	0.060862805751246224	-0.1829507863623792	0.24230102230752937	-0.47249422058620394
0.023379958093772173	-0.019339507375827465	0.025728558152341437	-0.013901638926290713	0.027722147582308624	-0.030446726809053117	0.027023516406780926	-0.02305891063272334	0.014419165203282625	-0.021345052793099527	0.032704025852596214	-0.03404863434953031	0.03898877149941161	-0.02963845434689211	0.03980214552725764	-0.0417128496396451	0.04052142521782645	-0.03630207512174959	0.032216585757295545	-0.0336948952307991	0.04263135943297895	-0.04260922127988158	0.042616127900439435	-0.037110365929872643	0.03751719643493247	-0.07934165113184796	0.06133012001848036	-0.05598175720913555	0.0527447521607844	-0.08020098055848085	0.2164425736944517	-0.0731605452696529	0.05551041373084583	-0.05244290986382642	0.056239514490057076	-0.30919226950251144	0.17994378154058235	-0.15883478026795086	0.08078375307331395	-0.05871933950406184	0.9999999999999927	-0.8969687862994883	0.11814526355550824	-0.07420246923537159	0.07620278930221094
-0.02472433412322258	0.020373204617432333	-0.027253375978104726	0.014699520316635961	-0.029502762145221323	0.03185572309696742	-0.02851236798353308	0.024313037174331587	-0.01528046639315583	0.02262245826018853	-0.03447694490243745	0.03568235277018278	-0.04139904197438145	0.03130145036813442	-0.04231090103129294	0.043382834688668236	-0.04310166244445867	0.038158339474615215	-0.03390793674718784	0.03525705213529461	-0.04495274266037534	0.04481200268997158	-0.04518356352426174	0.03858723585120387	-0.03921299715104942	0.0812461540258449	-0.0668886010013942	0.05856631927476187	-0.056047975728151414	0.08180509627802897	-0.2591173118143513	0.07732894788472675	-0.0596109330849797	0.05479807552923836	-0.05940660506581162	0.2300628494530603	-0.22525873479428762	0.15691215848110382	-0.08651504252621253	0.060862805751246224	-0.8969687862994883	0.9999999999999931	-0.139120620504075	0.077354347341718	-0.08174898932598407
0.07142280493752073	-0.05975494797968274	0.07883652037482416	-0.044485194794634045	0.08735326521505404	-0.09413458554784235	0.08244686280064852	-0.07138408407511283	0.04578074213111741	-0.06755945130912694	0.09633744518958805	-0.10467759060040785	0.11826814573664465	-0.09183607565970922	0.12254975236338418	-0.12083829710253938	0.10620976380257016	-0.10994315771382962	0.09951225140520659	-0.10617187528697403	0.11457591322518043	-0.11319358165060565	0.12431440004573828	-0.11688117191517959	0.11756064335109871	-0.2238014771298848	0.11832439715596933	-0.12195595816285934	0.1463128614022674	-0.2672859849670701	0.1502012055929372	-0.13306898417074914	0.11141351923311384	-0.14455535563803812	0.17685746594260204	-0.12901739633047188	0.18621056931450708	-0.23021530604600732	0.21939612589937313	-0.1829507863623792	0.11814526355550824	-0.139120620504075	0.9999999999999933	-0.29263137583406706	0.25243386909901777
