0.9999999999999999	-0.6627530268362104	0.12558364137173614	-0.10022467506827704	0.13169465140186712	-0.6032528785537914	0.27525955538027286	-0.165936196346149	0.12839066694581863	-0.0967292965373773	0.2190181324967567	-0.2012501369667593	0.15361755673934288	-0.10790790347316144	0.11859351392967098	-0.2234669362546124	0.20221282954483172	-0.11043004337224017	0.0920305442103485	-0.10375535320182402	0.11770807870656541	-0.10846186663946324	0.089218682628934	-0.037889988665626255	0.03608973291960736	-0.08655990472791081	0.0780764935951065	-0.10724469103068843	0.027798265478799364	-0.027332239800941974	0.06442796394985499	-0.07020279398785342	0.07035531749617381	-0.054559572320572715	0.037044194754696516	-0.1127190635129775	0.047866822249710866	-0.05439296826497975	0.051915538943038936	-0.03183264718171783
-0.6627530268362104	1.0000000000000002	-0.19951331374723125	0.1491770115525679	-0.21139416719978127	0.3115641990822949	-0.4252210596508651	0.22008388563214537	-0.19694649796166463	0.14552235203307948	-0.23236439465356373	0.24856305958860445	-0.2302113001228055	0.15711001323532015	-0.18502742853552837	0.20085819277154612	-0.311535646989945	0.14494361653346668	-0.1293226124825978	0.1382877584025379	-0.1507876944919986	0.13179046441674727	-0.11884427624462246	0.050310615531531766	-0.04843570825524838	0.10821468878211155	-0.09976619610409002	0.13610458838422276	-0.036361772610638374	0.035514226301679185	-0.08179836979026596	0.08903860643367956	-0.09118729906370121	0.07036089867386541	-0.04848835510289653	0.14127482780949685	-0.061441795465521726	0.06939510465169643	-0.06808735428068627	0.0413741597732681
0.12558364137173614	-0.19951331374723125	1.0000000000000009	-0.6821894272731157	0.27822616421080454	-0.14048875096557178	0.18990924289074917	-0.511988915665283	0.2676060845616282	-0.2156846321221069	0.10736387759108006	-0.18013490080259018	0.2187472149676285	-0.19630068022748168	0.19186941831720367	-0.11688558664922952	0.16766916960506129	-0.13448653493691473	0.11973859604825637	-0.15337668172802832	0.10175821164553585	-0.09961421749762828	0.10241615800762668	-0.04729111265536968	0.04468480696308521	-0.10892179177437557	0.09292295680704972	-0.13805670621449678	0.035179206300334075	-0.03499724599480223	0.08379431221525237	-0.09126603575047895	0.08908983039290784	-0.07101542039753718	0.04714097693278477	-0.15646628109959337	0.06170221053636153	-0.07135252916568562	0.06579502820164448	-0.04116634289921188
-0.10022467506827704	0.1491770115525679	-0.6821894272731157	1.000000000000001	-0.5051794950492391	0.10781722183121216	-0.15098515396324236	0.2796931508272912	-0.36229438700478683	0.2374335630144843	-0.08769369289490894	0.1460315622115046	-0.20512324143142516	0.1946665171136531	-0.2141663869636374	0.0936803375183747	-0.1435249192754575	0.11210586996745865	-0.10410595269054639	0.12944582039132377	-0.08476275559906236	0.08221315283845233	-0.0859515101179289	0.039563061518830885	-0.037517671951627383	0.08881669429229905	-0.07634018768566055	0.11298605286388257	-0.029118477003101183	0.028894489022289162	-0.06840400715543889	0.07450935241231678	-0.07322337188091962	0.058172617652035845	-0.03877522004068747	0.12696288477392878	-0.050515768590897396	0.05829477244762457	-0.05414604157003845	0.03377821096046622
0.13169465140186712	-0.21139416719978127	0.27822616421080454	-0.5051794950492391	1.0000000000000009	-0.14385982915183115	0.1775967553863208	-0.29625890422786366	0.29046725804750195	-0.5453037312504359	0.11855177803744059	-0.19172153346466994	0.22879118206148166	-0.24065073971121448	0.2822201540757926	-0.1322895291750009	0.1907133375877765	-0.17324781776708667	0.15947306396723465	-0.21526760330095482	0.12589831021970804	-0.12493219146136776	0.13175490344229995	-0.06295387862286884	0.05933384877452169	-0.14810686842669338	0.1242367466098781	-0.18691154193751194	0.04728628957010124	-0.04722771577957077	0.11465789185440708	-0.12478094465688269	0.1204440658371351	-0.0968910205286491	0.06390918953912728	-0.21772256902135284	0.08407503140645362	-0.09766262340773456	0.0891150552571354	-0.05608297314627854
-0.6032528785537914	0.3115641990822949	-0.14048875096557178	0.10781722183121216	-0.14385982915183115	1.000000000000001	-0.48934635154465717	0.18399056593980134	-0.14469189022891588	0.1047365968272497	-0.41261346460842574	0.22795344233484993	-0.1759279341522726	0.11829577709210505	-0.13002164357276141	0.24800647052176086	-0.24427135718953571	0.1161432919533926	-0.09593185585087778	0.105867669173628	-0.13331919341373105	0.11619303321823331	-0.09483505891539928	0.039273215251978036	-0.03752748894807546	0.08812458035621645	-0.08087534686729818	0.10942254231853428	-0.028571005363423753	0.02799944171701278	-0.06541220806870339	0.0712696475459104	-0.07202473888458463	0.05540470560113228	-0.037795588538162526	0.11291281114529055	-0.048726192708272456	0.05515362983819036	-0.0530031484631997	0.03236708424069927
0.27525955538027286	-0.4252210596508651	0.18990924289074917	-0.15098515396324236	0.1775967553863208	-0.48934635154465717	1.0000000000000002	-0.3795194336593091	0.196078158188518	-0.14003847391067573	0.21462920610152397	-0.503377335066192	0.24350718667307653	-0.1675105741444591	0.16426071204065423	-0.22055857888945976	0.27645289569183196	-0.14510263002819743	0.11771008800094485	-0.13593098781867982	0.13526420724367902	-0.1287615554018025	0.1131165435510525	-0.04806314498882475	0.04566799342018219	-0.1080323557419905	0.09667673980775005	-0.13604450628464665	0.035127109370992886	-0.03460370082685331	0.0809470448678649	-0.08829970675281411	0.08833406612276734	-0.06866287251281002	0.046358234008931236	-0.143313388646198	0.06010388670035012	-0.06856056960198523	0.06488777468086233	-0.0399550206946629
-0.165936196346149	0.22008388563214537	-0.511988915665283	0.2796931508272912	-0.29625890422786366	0.18399056593980134	-0.3795194336593091	0.9999999999999993	-0.4559242724979216	0.22794089750305915	-0.14110827606952825	0.24499573645219302	-0.4105963156420264	0.25939500548429273	-0.25123525558742166	0.1417481717031351	-0.2258264782675172	0.14969484242275172	-0.1325099612225512	0.15508302819275027	-0.11851073641709577	0.11250057221013712	-0.11543565204636928	0.05045256528077229	-0.04806938177952244	0.1094997258782594	-0.09655354855790747	0.140223604306633	-0.036597274981908394	0.036096985597084956	-0.08371147276021358	0.09126787775857535	-0.09125141509254218	0.07150315086677363	-0.04812228008363939	0.15155662030661554	-0.06221663588683336	0.07131116675597621	-0.06728838182713473	0.04162323550049224
0.12839066694581863	-0.19694649796166463	0.2676060845616282	-0.36229438700478683	0.29046725804750195	-0.14469189022891588	0.196078158188518	-0.4559242724979216	0.9999999999999977	-0.4341537305802325	0.11476564971581385	-0.21032309770939359	0.2925026321529666	-0.516357166726652	0.3049762306315819	-0.12527558113203882	0.18736893277213817	-0.15512309507887403	0.1420121006722773	-0.1789166883869239	0.11222581301265902	-0.11029733511664135	0.11613096797093445	-0.05361685265239356	0.05067449173394216	-0.11923408484165214	0.10228773954782912	-0.1527677018919561	0.03924793878919132	-0.03898084620390043	0.09166378632245835	-0.09995200245119869	0.09816835724502816	-0.0779434917632044	0.0518215985682903	-0.1702316202342848	0.06767226524822934	-0.07818075154716791	0.07232689749656768	-0.04517647561357194
-0.0967292965373773	0.14552235203307948	-0.2156846321221069	0.2374335630144843	-0.5453037312504359	0.1047365968272497	-0.14003847391067573	0.22794089750305915	-0.4341537305802325	0.9999999999999972	-0.08782558472251507	0.1515763398593202	-0.22919069818358226	0.27212191920278117	-0.6059785359150031	0.0951406998909941	-0.14843008283733544	0.12302504948967494	-0.1218118472394028	0.15206293323358722	-0.08959447874374163	0.08746255571138958	-0.093636891369163	0.04392614487703427	-0.041741770597392404	0.09625141771660851	-0.08256895709306786	0.12307902169124062	-0.03196778365874041	0.03171087020024268	-0.07425526508488392	0.08092121518741154	-0.0795854195892911	0.06325321635878765	-0.04213677351980079	0.13808114010603478	-0.05486694115662886	0.06336225609354276	-0.058823807649803446	0.03671651276465522
0.2190181324967567	-0.23236439465356373	0.10736387759108006	-0.08769369289490894	0.11855177803744059	-0.41261346460842574	0.21462920610152397	-0.14110827606952825	0.11476564971581385	-0.08782558472251507	0.9999999999999977	-0.21139552133974168	0.14457670509354253	-0.10030627010110589	0.10934636317197949	-0.7766630594128159	0.2292916413769525	-0.1291923971711791	0.09680602806366409	-0.10812169610593178	0.1859431064919524	-0.16876102550041625	0.10756804567615667	-0.043124622975713685	0.040793711580781745	-0.10477761583426612	0.09612598565518973	-0.1250510206083488	0.031677575280730376	-0.03111856810399417	0.07460265822561563	-0.08139111428582786	0.08080801027437438	-0.06161432768244158	0.04171902903088236	-0.12608202887209807	0.054937609079582964	-0.06205954345540085	0.05849291341990256	-0.03575380196569673
-0.2012501369667593	0.24856305958860445	-0.18013490080259018	0.1460315622115046	-0.19172153346466994	0.22795344233484993	-0.503377335066192	0.24499573645219302	-0.21032309770939359	0.1515763398593202	-0.21139552133974168	0.9999999999999973	-0.4186077383772732	0.2009060052234906	-0.19699806462258562	0.20098694945026815	-0.5891745928086608	0.1762537238460645	-0.13595102923766245	0.15109842331109935	-0.15534371706496125	0.14748170809639918	-0.13665345133900364	0.055176745472291885	-0.0526500582671639	0.11874800723141096	-0.10855136018038707	0.15236930043373298	-0.03974046028250507	0.038973598631467855	-0.08913833571324985	0.09735231372335991	-0.09884137422765393	0.07597064802124256	-0.051533341170009565	0.1557666463968776	-0.06654780093454524	0.07564349742726727	-0.07214986964122107	0.044236011504787634
0.15361755673934288	-0.2302113001228055	0.2187472149676285	-0.20512324143142516	0.22879118206148166	-0.1759279341522726	0.24350718667307653	-0.4105963156420264	0.2925026321529666	-0.22919069818358226	0.14457670509354253	-0.4186077383772732	0.9999999999999936	-0.5509685802052038	0.26899891847166585	-0.15792195979986265	0.2593563680507957	-0.23724807497497782	0.16903060901360475	-0.20657946933359475	0.14269052903511037	-0.14224238911129872	0.15881658584056393	-0.06740929480356826	0.06355894749130503	-0.1447893262438464	0.12623802613918544	-0.19114112303330444	0.048784211923173275	-0.04830727662715098	0.11064380927591153	-0.12104180953697465	0.12065533661255141	-0.09451039282033326	0.06294000301148932	-0.20228700050695422	0.08210728608886514	-0.0946277702307984	0.08782505671729893	-0.054656470222301565
-0.10790790347316144	0.15711001323532015	-0.19630068022748168	0.1946665171136531	-0.24065073971121448	0.11829577709210505	-0.1675105741444591	0.25939500548429273	-0.516357166726652	0.27212191920278117	-0.10030627010110589	0.2009060052234906	-0.5509685802052038	0.9999999999999954	-0.5171416693603912	0.10705301562315928	-0.18095625702944992	0.14480287266864802	-0.14467660765727317	0.16233060223453494	-0.09982883093076039	0.09716989619565002	-0.107981977241341	0.048405064537116696	-0.04596218700713523	0.10053635869036913	-0.08779226475369276	0.13079134757631303	-0.034375764324658116	0.0339507687975839	-0.07720812229330329	0.08429389701925621	-0.08415429711901863	0.06608334139019226	-0.04423951502641814	0.14119488945102962	-0.05735727773511863	0.06598296214372305	-0.061778994138110485	0.03836542552673382
0.11859351392967098	-0.18502742853552837	0.19186941831720367	-0.2141663869636374	0.2822201540757926	-0.13002164357276141	0.16426071204065423	-0.25123525558742166	0.3049762306315819	-0.6059785359150031	0.10934636317197949	-0.19699806462258562	0.26899891847166585	-0.5171416693603912	0.9999999999999954	-0.12126324283649748	0.18322806232545394	-0.1681370833437031	0.165029099650975	-0.22767782653467186	0.11683411918156836	-0.1159383675787207	0.12521744419359465	-0.06016370731762594	0.05693927471933905	-0.13260689803132933	0.11253137077068104	-0.17007648508384107	0.043834586722406074	-0.04362137836304186	0.10238132651800498	-0.11163414073767443	0.10897739193022946	-0.08702101414321001	0.0576278625159707	-0.19216493847967986	0.075435187286102	-0.08741788223440128	0.08037452769989833	-0.0503836149110419
-0.2234669362546124	0.20085819277154612	-0.11688558664922952	0.0936803375183747	-0.1322895291750009	0.24800647052176086	-0.22055857888945976	0.1417481717031351	-0.12527558113203882	0.0951406998909941	-0.7766630594128159	0.20098694945026815	-0.15792195979986265	0.10705301562315928	-0.12126324283649748	0.9999999999999957	-0.3243390288292789	0.14083177983271988	-0.10625345522028766	0.11354697302706894	-0.29589211300245266	0.19168710929398652	-0.12267931302611305	0.047005455770635765	-0.04486358215829767	0.11067186957963755	-0.10637266152151073	0.1321929118598647	-0.03410242203305809	0.0332545580193103	-0.07891734974776249	0.08591201807681019	-0.08688448870135097	0.06521675400596187	-0.0447305300951032	0.1294498072576737	-0.05847588532158921	0.06539488139109072	-0.06283905922042336	0.03803640743275237
0.20221282954483172	-0.311535646989945	0.16766916960506129	-0.1435249192754575	0.1907133375877765	-0.24427135718953571	0.27645289569183196	-0.2258264782675172	0.18736893277213817	-0.14843008283733544	0.2292916413769525	-0.5891745928086608	0.2593563680507957	-0.18095625702944992	0.18322806232545394	-0.3243390288292789	0.9999999999999963	-0.2932479759990123	0.1797405949952248	-0.21005811844873082	0.2200303477293794	-0.2527251592391631	0.2011981408597557	-0.08069137901474349	0.07571367779102266	-0.18255540430590295	0.16398186124909284	-0.23630331265752524	0.05901751958170675	-0.05832815366948914	0.13453087754753162	-0.1476805214769169	0.1473737103248768	-0.1136177294438891	0.07590181521964538	-0.236613289891987	0.09971923749631217	-0.11412617464053848	0.1060398075423653	-0.06553524527667284
-0.11043004337224017	0.14494361653346668	-0.13448653493691473	0.11210586996745865	-0.17324781776708667	0.1161432919533926	-0.14510263002819743	0.14969484242275172	-0.15512309507887403	0.12302504948967494	-0.1291923971711791	0.1762537238460645	-0.23724807497497782	0.14480287266864802	-0.1681370833437031	0.14083177983271988	-0.2932479759990123	0.9999999999999954	-0.32441935633679975	0.22475424870955396	-0.2421799942249717	0.22689172218911566	-0.7091788827335288	0.13168000898676724	-0.13115264139748978	0.16182704263371972	-0.17773618765202542	0.2676142944034711	-0.07933254300322179	0.0733912881616604	-0.12517944086140173	0.13854554118400988	-0.175007618861688	0.1145151202941945	-0.08246546707856177	0.18519829827856488	-0.10067717558545577	0.10952008839304817	-0.11543864838326964	0.06724490884232243
0.0920305442103485	-0.1293226124825978	0.11973859604825637	-0.10410595269054639	0.15947306396723465	-0.09593185585087778	0.11771008800094485	-0.1325099612225512	0.1420121006722773	-0.1218118472394028	0.09680602806366409	-0.13595102923766245	0.16903060901360475	-0.14467660765727317	0.165029099650975	-0.10625345522028766	0.1797405949952248	-0.32441935633679975	0.9999999999999943	-0.8186549663327987	0.1417309170480241	-0.1419358302526731	0.19858422031435807	-0.1472321236669518	0.12900651546500186	-0.14614661955136785	0.1331113169972041	-0.21507271895629265	0.07304673267740827	-0.07158427660472631	0.1121808914752839	-0.12408896481229593	0.13206024007587677	-0.10161893312551273	0.0692626795092199	-0.19443421505880656	0.08608707929237837	-0.09832949953037755	0.09651000687892729	-0.05907049852640389
-0.10375535320182402	0.1382877584025379	-0.15337668172802832	0.12944582039132377	-0.21526760330095482	0.105867669173628	-0.13593098781867982	0.15508302819275027	-0.1789166883869239	0.15206293323358722	-0.10812169610593178	0.15109842331109935	-0.20657946933359475	0.16233060223453494	-0.22767782653467186	0.11354697302706894	-0.21005811844873082	0.22475424870955396	-0.8186549663327987	0.999999999999994	-0.1473368371825776	0.13481371860870686	-0.18436897683609868	0.12947325903357348	-0.1400596886050058	0.12828100025874248	-0.12242216036777447	0.1794109742404199	-0.07068876043119779	0.06676292202882016	-0.10050249225559485	0.11030136950341261	-0.12248239450954551	0.09313757209621347	-0.06679570980212798	0.1671132010102928	-0.0787676932940643	0.08801977152197484	-0.09381341306218847	0.055786272560077524
0.11770807870656541	-0.1507876944919986	0.10175821164553585	-0.08476275559906236	0.12589831021970804	-0.13331919341373105	0.13526420724367902	-0.11851073641709577	0.11222581301265902	-0.08959447874374163	0.1859431064919524	-0.15534371706496125	0.14269052903511037	-0.09982883093076039	0.11683411918156836	-0.29589211300245266	0.2200303477293794	-0.2421799942249717	0.1417309170480241	-0.1473368371825776	0.9999999999999932	-0.7843004602927274	0.22830972675520297	-0.07740135436805606	0.07164407581375244	-0.22280726902642017	0.21455766316778624	-0.2357906309635272	0.05589006036272317	-0.05453642692089983	0.13702942449438443	-0.1509360524069736	0.14505057092663237	-0.10452515351521138	0.07079375797651782	-0.2047573730474891	0.09807734074768162	-0.10850116536017992	0.0995563434042423	-0.05988036699026072
-0.10846186663946324	0.13179046441674727	-0.09961421749762828	0.08221315283845233	-0.12493219146136776	0.11619303321823331	-0.1287615554018025	0.11250057221013712	-0.11029733511664135	0.08746255571138958	-0.16876102550041625	0.14748170809639918	-0.14224238911129872	0.09716989619565002	-0.1159383675787207	0.19168710929398652	-0.2527251592391631	0.22689172218911566	-0.1419358302526731	0.13481371860870686	-0.7843004602927274	0.9999999999999926	-0.32736170890233723	0.0786315377647475	-0.07534602812256674	0.19969075294739158	-0.2833796244268499	0.22080309632890463	-0.05493619197109731	0.052244638742704984	-0.12963433839149657	0.1416557466199816	-0.1439111740261804	0.09759560371539237	-0.06835156111716689	0.17587139112400607	-0.09445683822090609	0.10054509578832485	-0.096558400131082	0.05666446759132089
0.089218682628934	-0.11884427624462246	0.10241615800762668	-0.0859515101179289	0.13175490344229995	-0.09483505891539928	0.1131165435510525	-0.11543565204636928	0.11613096797093445	-0.093636891369163	0.10756804567615667	-0.13665345133900364	0.15881658584056393	-0.107981977241341	0.12521744419359465	-0.12267931302611305	0.2011981408597557	-0.7091788827335288	0.19858422031435807	-0.18436897683609868	0.22830972675520297	-0.32736170890233723	0.9999999999999936	-0.16885693367944588	0.13720163611947656	-0.17373828745348127	0.18822111256682167	-0.4312964170759417	0.08740949826467158	-0.08308075708132291	0.12598307253191168	-0.14444062649688608	0.1780841904273384	-0.1163448843120863	0.0788511726047226	-0.18575557384945657	0.10056479683365192	-0.11259226086838284	0.10949892391165165	-0.06511238291180828
-0.037889988665626255	0.050310615531531766	-0.04729111265536968	0.039563061518830885	-0.06295387862286884	0.039273215251978036	-0.04806314498882475	0.05045256528077229	-0.05361685265239356	0.04392614487703427	-0.043124622975713685	0.055176745472291885	-0.06740929480356826	0.048405064537116696	-0.06016370731762594	0.047005455770635765	-0.08069137901474349	0.13168000898676724	-0.1472321236669518	0.12947325903357348	-0.07740135436805606	0.0786315377647475	-0.16885693367944588	0.9999999999999939	-0.9174422302048425	0.06741117841885473	-0.0703173946181859	0.1222250514846125	-0.21710604133102293	0.18360493513900697	-0.05186346414578539	0.058351737841573104	-0.07200553439753106	0.05087934743179254	-0.03731656150474946	0.07876035278613974	-0.042068689170000895	0.04671822112811915	-0.04949140849832608	0.030457219026260477
0.03608973291960736	-0.04843570825524838	0.04468480696308521	-0.037517671951627383	0.05933384877452169	-0.03752748894807546	0.04566799342018219	-0.04806938177952244	0.05067449173394216	-0.041741770597392404	0.040793711580781745	-0.0526500582671639	0.06355894749130503	-0.04596218700713523	0.05693927471933905	-0.04486358215829767	0.07571367779102266	-0.13115264139748978	0.12900651546500186	-0.1400596886050058	0.07164407581375244	-0.07534602812256674	0.13720163611947656	-0.9174422302048425	0.9999999999999926	-0.0668521264507099	0.06768512743325783	-0.12281766333621177	0.18683012398983279	-0.23792635600572581	0.05089169311261103	-0.05751724298911567	0.06909110831201797	-0.049997684624840805	0.036170365512337974	-0.0788745621020911	0.04096456253847911	-0.04599208482460168	0.04760446107971704	-0.029799997142597817
-0.08655990472791081	0.10821468878211155	-0.10892179177437557	0.08881669429229905	-0.14810686842669338	0.08812458035621645	-0.1080323557419905	0.1094997258782594	-0.11923408484165214	0.09625141771660851	-0.10477761583426612	0.11874800723141096	-0.1447893262438464	0.10053635869036913	-0.13260689803132933	0.11067186957963755	-0.18255540430590295	0.16182704263371972	-0.14614661955136785	0.12828100025874248	-0.22280726902642017	0.19969075294739158	-0.17373828745348127	0.06741117841885473	-0.0668521264507099	0.9999999999999932	-0.6926231827830944	0.2547877222175973	-0.05955445685413123	0.05571317419438323	-0.4560595195878081	0.27192311704409944	-0.23635422296856415	0.1454543674151	-0.10933087353337965	0.27869385304456956	-0.17654057906628096	0.16273015513990122	-0.15927680017531512	0.08749248153725811
0.0780764935951065	-0.09976619610409002	0.09292295680704972	-0.07634018768566055	0.1242367466098781	-0.08087534686729818	0.09667673980775005	-0.09655354855790747	0.10228773954782912	-0.08256895709306786	0.09612598565518973	-0.10855136018038707	0.12623802613918544	-0.08779226475369276	0.11253137077068104	-0.10637266152151073	0.16398186124909284	-0.17773618765202542	0.1331113169972041	-0.12242216036777447	0.21455766316778624	-0.2833796244268499	0.18822111256682167	-0.0703173946181859	0.06768512743325783	-0.6926231827830944	0.9999999999999925	-0.39400156691344	0.0664429578852272	-0.06367915209564122	0.27010743222435396	-0.3481008300311731	0.2330023476847985	-0.14701767109859654	0.10125237280207908	-0.28683175251853255	0.1715226078305531	-0.17583934187947645	0.1451527056591417	-0.08336417728457396
-0.10724469103068843	0.13610458838422276	-0.13805670621449678	0.11298605286388257	-0.18691154193751194	0.10942254231853428	-0.13604450628464665	0.140223604306633	-0.1527677018919561	0.12307902169124062	-0.1250510206083488	0.15236930043373298	-0.19114112303330444	0.13079134757631303	-0.17007648508384107	0.1321929118598647	-0.23630331265752524	0.2676142944034711	-0.21507271895629265	0.1794109742404199	-0.2357906309635272	0.22080309632890463	-0.4312964170759417	0.1222250514846125	-0.12281766333621177	0.2547877222175973	-0.39400156691344	0.9999999999999908	-0.15071921882817563	0.12300082682582905	-0.2081249769756653	0.24089745901449092	-0.47088802648098127	0.2056609188529226	-0.14858062850363613	0.24981990543272262	-0.1834817691991525	0.1932545096322002	-0.20559768508573123	0.11532426319348643
0.027798265478799364	-0.036361772610638374	0.035179206300334075	-0.029118477003101183	0.04728628957010124	-0.028571005363423753	0.035127109370992886	-0.036597274981908394	0.03924793878919132	-0.03196778365874041	0.031677575280730376	-0.03974046028250507	0.048784211923173275	-0.034375764324658116	0.043834586722406074	-0.03410242203305809	0.05901751958170675	-0.07933254300322179	0.07304673267740827	-0.07068876043119779	0.05589006036272317	-0.05493619197109731	0.08740949826467158	-0.21710604133102293	0.18683012398983279	-0.05955445685413123	0.0664429578852272	-0.15071921882817563	0.9999999999999911	-0.9371441939028002	0.04664458106902715	-0.05385963386826511	0.07483361171158714	-0.052838083878277396	0.04231934892359279	-0.06577984714771547	0.03970655146716088	-0.044001515679425535	0.049304979068040426	-0.033585701283334934
-0.027332239800941974	0.035514226301679185	-0.03499724599480223	0.028894489022289162	-0.04722771577957077	0.02799944171701278	-0.03460370082685331	0.036096985597084956	-0.03898084620390043	0.03171087020024268	-0.03111856810399417	0.038973598631467855	-0.04830727662715098	0.0339507687975839	-0.04362137836304186	0.0332545580193103	-0.05832815366948914	0.0733912881616604	-0.07158427660472631	0.06676292202882016	-0.05453642692089983	0.052244638742704984	-0.08308075708132291	0.18360493513900697	-0.23792635600572581	0.05571317419438323	-0.06367915209564122	0.12300082682582905	-0.9371441939028002	0.9999999999999932	-0.04462521322921144	0.0510133452810545	-0.0726642100618602	0.05048670627662355	-0.04279608720983784	0.062006793679152926	-0.038300297698299506	0.041865683625083916	-0.04863300829637707	0.03300185223546423
0.06442796394985499	-0.08179836979026596	0.08379431221525237	-0.06840400715543889	0.11465789185440708	-0.06541220806870339	0.0809470448678649	-0.08371147276021358	0.09166378632245835	-0.07425526508488392	0.07460265822561563	-0.08913833571324985	0.11064380927591153	-0.07720812229330329	0.10238132651800498	-0.07891734974776249	0.13453087754753162	-0.12517944086140173	0.1121808914752839	-0.10050249225559485	0.13702942449438443	-0.12963433839149657	0.12598307253191168	-0.05186346414578539	0.05089169311261103	-0.4560595195878081	0.27010743222435396	-0.2081249769756653	0.04664458106902715	-0.04462521322921144	0.9999999999999921	-0.5252200154405411	0.22890778104127912	-0.14444791768118984	0.10224046434494123	-0.6042308115456824	0.20560592122013072	-0.19502098826187161	0.15027353043450764	-0.08376015373525438
-0.07020279398785342	0.08903860643367956	-0.09126603575047895	0.07450935241231678	-0.12478094465688269	0.0712696475459104	-0.08829970675281411	0.09126787775857535	-0.09995200245119869	0.08092121518741154	-0.08139111428582786	0.09735231372335991	-0.12104180953697465	0.08429389701925621	-0.11163414073767443	0.08591201807681019	-0.1476805214769169	0.13854554118400988	-0.12408896481229593	0.11030136950341261	-0.1509360524069736	0.1416557466199816	-0.14444062649688608	0.058351737841573104	-0.05751724298911567	0.27192311704409944	-0.3481008300311731	0.24089745901449092	-0.05385963386826511	0.0510133452810545	-0.5252200154405411	0.9999999999999912	-0.4239902041498031	0.19210107950084657	-0.13819513969304906	0.29603643097988547	-0.45465994914008057	0.27792807517203244	-0.20635037842164947	0.11028927678775621
0.07035531749617381	-0.09118729906370121	0.08908983039290784	-0.07322337188091962	0.1204440658371351	-0.07202473888458463	0.08833406612276734	-0.09125141509254218	0.09816835724502816	-0.0795854195892911	0.08080801027437438	-0.09884137422765393	0.12065533661255141	-0.08415429711901863	0.10897739193022946	-0.08688448870135097	0.1473737103248768	-0.175007618861688	0.13206024007587677	-0.12248239450954551	0.14505057092663237	-0.1439111740261804	0.1780841904273384	-0.07200553439753106	0.06909110831201797	-0.23635422296856415	0.2330023476847985	-0.47088802648098127	0.07483361171158714	-0.0726642100618602	0.22890778104127912	-0.4239902041498031	0.9999999999999917	-0.4497079069259101	0.19052131419700838	-0.29922351759773624	0.25674341557239266	-0.38380639301871794	0.2523076716637451	-0.15761473029113104
-0.054559572320572715	0.07036089867386541	-0.07101542039753718	0.058172617652035845	-0.0968910205286491	0.05540470560113228	-0.06866287251281002	0.07150315086677363	-0.0779434917632044	0.06325321635878765	-0.06161432768244158	0.07597064802124256	-0.09451039282033326	0.06608334139019226	-0.08702101414321001	0.06521675400596187	-0.1136177294438891	0.1145151202941945	-0.10161893312551273	0.09313757209621347	-0.10452515351521138	0.09759560371539237	-0.1163448843120863	0.05087934743179254	-0.049997684624840805	0.1454543674151	-0.14701767109859654	0.2056609188529226	-0.052838083878277396	0.05048670627662355	-0.14444791768118984	0.19210107950084657	-0.4497079069259101	0.9999999999999916	-0.5200353418156937	0.19232097541868987	-0.1701403734456282	0.19930443076013926	-0.5788927125263162	0.2939810502300129
0.037044194754696516	-0.04848835510289653	0.04714097693278477	-0.03877522004068747	0.06390918953912728	-0.037795588538162526	0.046358234008931236	-0.04812228008363939	0.0518215985682903	-0.04213677351980079	0.04171902903088236	-0.051533341170009565	0.06294000301148932	-0.04423951502641814	0.0576278625159707	-0.0447305300951032	0.07590181521964538	-0.08246546707856177	0.0692626795092199	-0.06679570980212798	0.07079375797651782	-0.06835156111716689	0.0788511726047226	-0.03731656150474946	0.036170365512337974	-0.10933087353337965	0.10125237280207908	-0.14858062850363613	0.04231934892359279	-0.04279608720983784	0.10224046434494123	-0.13819513969304906	0.19052131419700838	-0.5200353418156937	0.9999999999999903	-0.1567217102764063	0.10992221215176924	-0.14190774821398525	0.32066873908333887	-0.738146898362025
-0.1127190635129775	0.14127482780949685	-0.15646628109959337	0.12696288477392878	-0.21772256902135284	0.11291281114529055	-0.143313388646198	0.15155662030661554	-0.1702316202342848	0.13808114010603478	-0.12608202887209807	0.1557666463968776	-0.20228700050695422	0.14119488945102962	-0.19216493847967986	0.1294498072576737	-0.236613289891987	0.18519829827856488	-0.19443421505880656	0.1671132010102928	-0.2047573730474891	0.17587139112400607	-0.18575557384945657	0.07876035278613974	-0.0788745621020911	0.27869385304456956	-0.28683175251853255	0.24981990543272262	-0.06577984714771547	0.062006793679152926	-0.6042308115456824	0.29603643097988547	-0.29922351759773624	0.19232097541868987	-0.1567217102764063	0.9999999999999902	-0.24320088478444718	0.20578911822607865	-0.23440834167560592	0.12300882264205448
0.047866822249710866	-0.061441795465521726	0.06170221053636153	-0.050515768590897396	0.08407503140645362	-0.048726192708272456	0.06010388670035012	-0.06221663588683336	0.06767226524822934	-0.05486694115662886	0.054937609079582964	-0.06654780093454524	0.08210728608886514	-0.05735727773511863	0.075435187286102	-0.05847588532158921	0.09971923749631217	-0.10067717558545577	0.08608707929237837	-0.0787676932940643	0.09807734074768162	-0.09445683822090609	0.10056479683365192	-0.042068689170000895	0.04096456253847911	-0.17654057906628096	0.1715226078305531	-0.1834817691991525	0.03970655146716088	-0.038300297698299506	0.20560592122013072	-0.45465994914008057	0.25674341557239266	-0.1701403734456282	0.10992221215176924	-0.24320088478444718	0.9999999999999908	-0.7759283928006516	0.1782250642515268	-0.1026681477933078
-0.05439296826497975	0.06939510465169643	-0.07135252916568562	0.05829477244762457	-0.09766262340773456	0.05515362983819036	-0.06856056960198523	0.07131116675597621	-0.07818075154716791	0.06336225609354276	-0.06205954345540085	0.07564349742726727	-0.0946277702307984	0.06598296214372305	-0.08741788223440128	0.06539488139109072	-0.11412617464053848	0.10952008839304817	-0.09832949953037755	0.08801977152197484	-0.10850116536017992	0.10054509578832485	-0.11259226086838284	0.04671822112811915	-0.04599208482460168	0.16273015513990122	-0.17583934187947645	0.1932545096322002	-0.044001515679425535	0.041865683625083916	-0.19502098826187161	0.27792807517203244	-0.38380639301871794	0.19930443076013926	-0.14190774821398525	0.20578911822607865	-0.7759283928006516	0.9999999999999909	-0.2665043866893506	0.1265911695397079
0.051915538943038936	-0.06808735428068627	0.06579502820164448	-0.05414604157003845	0.0891150552571354	-0.0530031484631997	0.06488777468086233	-0.06728838182713473	0.07232689749656768	-0.058823807649803446	0.05849291341990256	-0.07214986964122107	0.08782505671729893	-0.061778994138110485	0.08037452769989833	-0.06283905922042336	0.1060398075423653	-0.11543864838326964	0.09651000687892729	-0.09381341306218847	0.0995563434042423	-0.096558400131082	0.10949892391165165	-0.04949140849832608	0.04760446107971704	-0.15927680017531512	0.1451527056591417	-0.20559768508573123	0.049304979068040426	-0.04863300829637707	0.15027353043450764	-0.20635037842164947	0.2523076716637451	-0.5788927125263162	0.32066873908333887	-0.23440834167560592	0.1782250642515268	-0.2665043866893506	0.999999999999991	-0.5727931856577146
-0.03183264718171783	0.0413741597732681	-0.04116634289921188	0.03377821096046622	-0.05608297314627854	0.03236708424069927	-0.0399550206946629	0.04162323550049224	-0.04517647561357194	0.03671651276465522	-0.03575380196569673	0.044236011504787634	-0.054656470222301565	0.03836542552673382	-0.0503836149110419	0.03803640743275237	-0.06553524527667284	0.06724490884232243	-0.05907049852640389	0.055786272560077524	-0.05988036699026072	0.05666446759132089	-0.06511238291180828	0.030457219026260477	-0.029799997142597817	0.08749248153725811	-0.08336417728457396	0.11532426319348643	-0.033585701283334934	0.03300185223546423	-0.08376015373525438	0.11028927678775621	-0.15761473029113104	0.2939810502300129	-0.738146898362025	0.12300882264205448	-0.1026681477933078	0.1265911695397079	-0.5727931856577146	0.9999999999999909
