0.9999999999999999	-0.5736702797023305	0.25444554045209444	-0.19987711303137662	0.15167978623697775	-0.5580769489719549	0.2770836062925547	-0.2960289410449358	0.18528871839514705	-0.15235108021354066	0.264045351252709	-0.2772817497790724	0.14401645302877725	-0.1503223310420833	0.12430615977701398	-0.19100470073839368	0.21352471627215008	-0.14322663871032526	0.13495075251362273	-0.14096334260975257	0.13667959066904545	-0.10840787617462061	0.09721300477534517	-0.13658786921306806	0.13890525701467143	-0.10441941643009325	0.10030127793847841	-0.12579037327227718	0.11782204360429381	-0.11220941570049858	0.05083461386437796	-0.05012759113393561	0.09136340132059237	-0.07699216020756154	0.11995554785086479
-0.5736702797023305	0.9999999999999996	-0.5432699276057322	0.2206213541363061	-0.1832118497750525	0.2604992769070051	-0.37071673289476315	0.277964251231137	-0.2033740715385534	0.1511562410757743	-0.23503219493505195	0.2401877022718679	-0.13952184054788885	0.14162960326872445	-0.1267514593363244	0.15346803619078372	-0.2134835542781002	0.128985868016567	-0.13052954755660556	0.13097876177880877	-0.12230011792817802	0.09373799644120373	-0.08695323255550655	0.12251954474048249	-0.1321487780074754	0.08883454140183679	-0.0893025296297406	0.10809716480735317	-0.10780797828056769	0.10058459075594968	-0.044993598942222456	0.04378470941456486	-0.08305418368816757	0.06920303288516977	-0.10979445595534115
0.25444554045209444	-0.5432699276057322	1.0	-0.4809881438883863	0.23694068596861131	-0.18385187081376522	0.22067074239332965	-0.5077938475281636	0.2622166749647898	-0.20892835995103798	0.16412441898486516	-0.19972726026331675	0.13665653420676036	-0.1640442445145195	0.14821065203692968	-0.12066988371009661	0.16350922846490595	-0.13012156606055245	0.14187759566524916	-0.15784147305791493	0.1053701404468073	-0.08899400832587577	0.08299366004759452	-0.12849774325305116	0.13673624365583267	-0.07888109330304302	0.08187533961117284	-0.10213874966956027	0.1077698108696797	-0.10346333944309674	0.0413546979572279	-0.040308414146477	0.08070237564450689	-0.06809076588938542	0.10802372978719334
-0.19987711303137662	0.2206213541363061	-0.4809881438883863	1.0000000000000004	-0.6151426827298715	0.13520329889756807	-0.16139095054101876	0.27912673918231773	-0.4130568940529722	0.2776807010335616	-0.14009859422513252	0.1499272351700302	-0.1408644778391055	0.1818412263079628	-0.19862888354379696	0.10327556312471696	-0.14672152016213352	0.12930424247491626	-0.16227473019652824	0.17761771756707984	-0.09874781243908465	0.08511337399562688	-0.08135070417151331	0.1325170290095495	-0.15012714508389785	0.07322261665351697	-0.07892440038881336	0.09792023121117362	-0.11105303124141402	0.10580388091220806	-0.03979034371337563	0.038546079021076575	-0.08109127579820524	0.06837970850453136	-0.10971362683093633
0.15167978623697775	-0.1832118497750525	0.23694068596861131	-0.6151426827298715	1.0000000000000007	-0.11572327655795445	0.1337324585511931	-0.2564320756657712	0.2764582216936096	-0.5868820905490499	0.11770330076783579	-0.1358419117078117	0.1289455295939056	-0.1788981124237304	0.23464810968146133	-0.09165268835627692	0.1270626361316071	-0.12736426281041788	0.1544959073516329	-0.23812518081862388	0.09132163531174202	-0.08347640254127058	0.07889985763196758	-0.13761984245581416	0.15299685191234333	-0.06929998809503084	0.07528037771307582	-0.09602331497957815	0.1097151137487548	-0.11138116564493926	0.038047252150793326	-0.03701730909220935	0.07932348436488222	-0.06798563089138712	0.1084485114713459
-0.5580769489719549	0.2604992769070051	-0.18385187081376522	0.13520329889756807	-0.11572327655795445	1.0000000000000009	-0.3973533954690982	0.206982827239066	-0.14588198666842278	0.1113503589374826	-0.5713854540662343	0.26894626005591366	-0.13172756790361967	0.12214110766840877	-0.09829338656294277	0.22951474387165707	-0.27050090995500314	0.125515495910574	-0.1137372170255008	0.10825196471497003	-0.1490601067478401	0.09981182555409158	-0.08964037962733294	0.11446424546200609	-0.11675137503754358	0.10405303637723999	-0.09692668573622838	0.11503856018733018	-0.10257354858895794	0.09397430062071796	-0.04846048800003281	0.047453982551436055	-0.0802528986057641	0.06697546554955013	-0.10280041290635376
0.2770836062925547	-0.37071673289476315	0.22067074239332965	-0.16139095054101876	0.1337324585511931	-0.3973533954690982	1.0000000000000009	-0.3348148824139726	0.1823067667305433	-0.13009096018940422	0.2519132473935418	-0.6777214302720352	0.17061178705064914	-0.15048690341915724	0.11148114585736223	-0.18035892375030046	0.23454187874002191	-0.15628166974723642	0.1325867258341376	-0.12210942955349614	0.12807266632075334	-0.10210233239839507	0.09322641460095128	-0.12369066569468752	0.12512145793350718	-0.0954573948626443	0.0921384677221821	-0.11386080306918737	0.1071041153518709	-0.09860783975107358	0.04623453324655624	-0.0453980070836949	0.0818366348007831	-0.06870076931331864	0.10617206084220149
-0.2960289410449358	0.277964251231137	-0.5077938475281636	0.27912673918231773	-0.2564320756657712	0.206982827239066	-0.3348148824139726	1.000000000000001	-0.5259366200257161	0.2253392351270525	-0.21735736820167975	0.23609938300390484	-0.19459590405241356	0.2209517605650441	-0.1864805915429763	0.1536246899262085	-0.2251907564146366	0.16902592758854987	-0.20011185849418506	0.1822089780139774	-0.13921086544116199	0.11320019188672002	-0.10830383068285755	0.1629536548442174	-0.1796303876340881	0.10114991061333715	-0.10717222393124697	0.12987374995245182	-0.141932782777209	0.1302463614037043	-0.053929570510639166	0.05212178144976709	-0.1059970921295792	0.08822737733104395	-0.14147535308678713
0.18528871839514705	-0.2033740715385534	0.2622166749647898	-0.4130568940529722	0.2764582216936096	-0.14588198666842278	0.1823067667305433	-0.5259366200257161	0.9999999999999999	-0.4038968458500711	0.15027378952371326	-0.18463867848086618	0.19914064277011995	-0.4147964654376673	0.22475332390174835	-0.11737887980681064	0.16420641328205757	-0.18820780491593989	0.234969553573664	-0.24068470725910202	0.11691437344276495	-0.11028097537375042	0.10525705926828526	-0.18266824907114487	0.18221524797718888	-0.0884639094766426	0.09624073217919402	-0.12283434623062596	0.14094010005074203	-0.1339906909930347	0.048227972110556794	-0.04690507305261529	0.09936378092854602	-0.08509669391511766	0.1331428690999281
-0.15235108021354066	0.1511562410757743	-0.20892835995103798	0.2776807010335616	-0.5868820905490499	0.1113503589374826	-0.13009096018940422	0.2253392351270525	-0.4038968458500711	0.9999999999999977	-0.12141330953701604	0.13018235872954767	-0.1439352177957824	0.1959131372078733	-0.5098121235579698	0.09361592920110855	-0.133844002448108	0.13518232529735139	-0.18437657912542355	0.2664758305152006	-0.09657364652214814	0.08703878319150028	-0.08410224283091088	0.14788716365265137	-0.18536994885875016	0.07234523918602792	-0.08010435518589315	0.10075029851417412	-0.12094180832580799	0.11988584014581956	-0.0404253902423004	0.03912938093253342	-0.08613441930491571	0.07334077641751492	-0.11894706148478915
0.264045351252709	-0.23503219493505195	0.16412441898486516	-0.14009859422513252	0.11770330076783579	-0.5713854540662343	0.2519132473935418	-0.21735736820167975	0.15027378952371326	-0.12141330953701604	0.9999999999999987	-0.33791973774285217	0.14818099705771393	-0.14030772728122076	0.10778030412392112	-0.5241567242737485	0.29971183729255374	-0.1519976388471314	0.1296503683713204	-0.1241647624762661	0.20021470299818347	-0.13314228092204347	0.11351067949918685	-0.13992306206262392	0.1355472961080781	-0.1516625685329632	0.12549272090061248	-0.15478975620669447	0.12456191485040927	-0.11457770589013394	0.06328729891481057	-0.06331569825793923	0.09780771124190557	-0.0826574824522241	0.12299440708744755
-0.2772817497790724	0.2401877022718679	-0.19972726026331675	0.1499272351700302	-0.1358419117078117	0.26894626005591366	-0.6777214302720352	0.23609938300390484	-0.18463867848086618	0.13018235872954767	-0.33791973774285217	0.999999999999997	-0.2683303718966473	0.16902637298865697	-0.12082605258867045	0.22195989492366092	-0.3892694268077414	0.1915399824014866	-0.15599935198963774	0.1304638599654468	-0.1594427573382448	0.12109828677292697	-0.1133743724575217	0.1402802355966861	-0.14344510673844796	0.11382716121287181	-0.1107016716053047	0.13283768947262573	-0.12471826229097732	0.11192206921389579	-0.055147113248245824	0.053783789921671335	-0.09569752601386554	0.0796264659177925	-0.12314514431366202
0.14401645302877725	-0.13952184054788885	0.13665653420676036	-0.1408644778391055	0.1289455295939056	-0.13172756790361967	0.17061178705064914	-0.19459590405241356	0.19914064277011995	-0.1439352177957824	0.14818099705771393	-0.2683303718966473	0.9999999999999979	-0.44289453238432763	0.1445840271271765	-0.12847650911182595	0.1836348537725146	-0.7257194719774498	0.28678452604409194	-0.1701862548155015	0.13326674065797944	-0.18056275332803223	0.17521686956166596	-0.19461434741285052	0.16613113450745234	-0.10274425354607726	0.11140614781046888	-0.1487631272231717	0.14903395932454805	-0.1273266064994202	0.05332915939747575	-0.05220034562093528	0.10193293005732404	-0.08730439678574418	0.12893908863486878
-0.1503223310420833	0.14162960326872445	-0.1640442445145195	0.1818412263079628	-0.1788981124237304	0.12214110766840877	-0.15048690341915724	0.2209517605650441	-0.4147964654376673	0.1959131372078733	-0.14030772728122076	0.16902637298865697	-0.44289453238432763	0.9999999999999976	-0.2233570458809824	0.11515827395776455	-0.16746410355442362	0.2879046032437712	-0.618404468527032	0.22280738891749807	-0.12767074151419	0.13126063272630012	-0.1349453502717514	0.22815432208792089	-0.21303255262003162	0.09570608009230841	-0.10915832033061616	0.1384003689619809	-0.17979052264622247	0.14559560617631112	-0.05354093062310361	0.051714091439700176	-0.11387527215561277	0.0969920279816889	-0.1475330717064938
0.12430615977701398	-0.1267514593363244	0.14821065203692968	-0.19862888354379696	0.23464810968146133	-0.09829338656294277	0.11148114585736223	-0.1864805915429763	0.22475332390174835	-0.5098121235579698	0.10778030412392112	-0.12082605258867045	0.1445840271271765	-0.2233570458809824	0.9999999999999974	-0.08812696773025817	0.12331549485834176	-0.15168562393510093	0.20720668173473164	-0.6945093129027347	0.09707930079445304	-0.09474418070574965	0.09070649631038462	-0.18018931508557043	0.2203271354340886	-0.07470008530918068	0.08387840982346595	-0.10953195736195948	0.13468716753697954	-0.14914866370996968	0.04233066137158968	-0.04119439932423194	0.09299211883656062	-0.08146598787944491	0.13013492707653074
-0.19100470073839368	0.15346803619078372	-0.12066988371009661	0.10327556312471696	-0.09165268835627692	0.22951474387165707	-0.18035892375030046	0.1536246899262085	-0.11737887980681064	0.09361592920110855	-0.5241567242737485	0.22195989492366092	-0.12847650911182595	0.11515827395776455	-0.08812696773025817	0.9999999999999929	-0.6374616792268829	0.13399394386565322	-0.11238304169580482	0.10083947599551582	-0.38016386871679936	0.14196987582666595	-0.12015868398839291	0.12647358924888605	-0.12005262833496833	0.1878329985814054	-0.14932349275211468	0.16199229071361126	-0.1187103245231986	0.10366619503998585	-0.072432291438746	0.07093217576090041	-0.09420715737293948	0.07880130743362472	-0.11257146442971701
0.21352471627215008	-0.2134835542781002	0.16350922846490595	-0.14672152016213352	0.1270626361316071	-0.27050090995500314	0.23454187874002191	-0.2251907564146366	0.16420641328205757	-0.133844002448108	0.29971183729255374	-0.3892694268077414	0.1836348537725146	-0.16746410355442362	0.12331549485834176	-0.6374616792268829	0.9999999999999974	-0.21071833528443976	0.15838019052967686	-0.14435736951853337	0.24649969289725612	-0.17950998211507668	0.14866057238673663	-0.17535152372880158	0.16366702308375455	-0.1992875105582131	0.16046532426342894	-0.20496803144878745	0.15561125316033095	-0.1419508742914481	0.08112749515955633	-0.08209433307766367	0.12212069177030649	-0.10387785296094262	0.1513967007351841
-0.14322663871032526	0.128985868016567	-0.13012156606055245	0.12930424247491626	-0.12736426281041788	0.125515495910574	-0.15628166974723642	0.16902592758854987	-0.18820780491593989	0.13518232529735139	-0.1519976388471314	0.1915399824014866	-0.7257194719774498	0.2879046032437712	-0.15168562393510093	0.13399394386565322	-0.21071833528443976	0.9999999999999966	-0.42163118196474353	0.1706882094857786	-0.14892912521604296	0.19423061352039855	-0.26072495869582457	0.20475999268437467	-0.18484780708213785	0.11037173591910421	-0.12490174490889051	0.16013386221199635	-0.16965309369762327	0.13496101084259765	-0.05861138795903807	0.056722134282352926	-0.11295637735822538	0.09503570159898644	-0.1408035389321856
0.13495075251362273	-0.13052954755660556	0.14187759566524916	-0.16227473019652824	0.1544959073516329	-0.1137372170255008	0.1325867258341376	-0.20011185849418506	0.234969553573664	-0.18437657912542355	0.1296503683713204	-0.15599935198963774	0.28678452604409194	-0.618404468527032	0.20720668173473164	-0.11238304169580482	0.15838019052967686	-0.42163118196474353	1.0000000000000009	-0.3171009757930887	0.13023547223376017	-0.15158240221028302	0.1527130352898349	-0.39216625492713736	0.2307273674833729	-0.10082955955415777	0.11536036327976623	-0.1550768700496241	0.2029859818598343	-0.1651300544457764	0.05609164141586585	-0.05462872202175571	0.12067123911509946	-0.10683297833101939	0.15477781317017153
-0.14096334260975257	0.13097876177880877	-0.15784147305791493	0.17761771756707984	-0.23812518081862388	0.10825196471497003	-0.12210942955349614	0.1822089780139774	-0.24068470725910202	0.2664758305152006	-0.1241647624762661	0.1304638599654468	-0.1701862548155015	0.22280738891749807	-0.6945093129027347	0.10083947599551582	-0.14435736951853337	0.1706882094857786	-0.3171009757930887	0.9999999999999951	-0.11448174663276442	0.10797432855084363	-0.1067573551626606	0.21528686717695136	-0.39105728566089126	0.08686569177210614	-0.09962628811581067	0.12765409340178738	-0.16922546088318985	0.18090038534607697	-0.05028609814899193	0.04864246149012594	-0.11399023523335791	0.09883514567853899	-0.16369417597274805
0.13667959066904545	-0.12230011792817802	0.1053701404468073	-0.09874781243908465	0.09132163531174202	-0.1490601067478401	0.12807266632075334	-0.13921086544116199	0.11691437344276495	-0.09657364652214814	0.20021470299818347	-0.1594427573382448	0.13326674065797944	-0.12767074151419	0.09707930079445304	-0.38016386871679936	0.24649969289725612	-0.14892912521604296	0.13023547223376017	-0.11448174663276442	0.9999999999999962	-0.30655906900493357	0.20815162796921055	-0.18016244718959162	0.1539045756675425	-0.6303031571304584	0.285521178532844	-0.32554131185886237	0.1755586317991639	-0.14657669426808492	0.14228493779608248	-0.14716953765605648	0.14004646708196528	-0.12020748636988887	0.15274479697952212
-0.10840787617462061	0.09373799644120373	-0.08899400832587577	0.08511337399562688	-0.08347640254127058	0.09981182555409158	-0.10210233239839507	0.11320019188672002	-0.11028097537375042	0.08703878319150028	-0.13314228092204347	0.12109828677292697	-0.18056275332803223	0.13126063272630012	-0.09474418070574965	0.14196987582666595	-0.17950998211507668	0.19423061352039855	-0.15158240221028302	0.10797432855084363	-0.30655906900493357	0.9999999999999949	-0.8184127944493498	0.17675712464544605	-0.1544136802087218	0.18293099621481013	-0.22899769480065688	0.2475318002770337	-0.17557819648244255	0.12805505031406264	-0.08842647691913426	0.08423776483402956	-0.12648001720437202	0.10304637404542961	-0.13969284232667642
0.09721300477534517	-0.08695323255550655	0.08299366004759452	-0.08135070417151331	0.07889985763196758	-0.08964037962733294	0.09322641460095128	-0.10830383068285755	0.10525705926828526	-0.08410224283091088	0.11351067949918685	-0.1133743724575217	0.17521686956166596	-0.1349453502717514	0.09070649631038462	-0.12015868398839291	0.14866057238673663	-0.26072495869582457	0.1527130352898349	-0.1067573551626606	0.20815162796921055	-0.8184127944493498	0.9999999999999966	-0.2059800944442726	0.14713829650130308	-0.16622911646298005	0.1928139319936551	-0.33438019694547527	0.17415899675233398	-0.12722873387850026	0.0773191818165698	-0.07661309991544349	0.11981144618941174	-0.10146529748649305	0.13050196772745098
-0.13658786921306806	0.12251954474048249	-0.12849774325305116	0.1325170290095495	-0.13761984245581416	0.11446424546200609	-0.12369066569468752	0.1629536548442174	-0.18266824907114487	0.14788716365265137	-0.13992306206262392	0.1402802355966861	-0.19461434741285052	0.22815432208792089	-0.18018931508557043	0.12647358924888605	-0.17535152372880158	0.20475999268437467	-0.39216625492713736	0.21528686717695136	-0.18016244718959162	0.17675712464544605	-0.2059800944442726	0.9999999999999977	-0.46770893139225556	0.1379298805360097	-0.17754177130861268	0.23204216975785422	-0.5733483764748303	0.2764906992180627	-0.08501572159087155	0.08158106509054587	-0.215531725869066	0.19124204884584275	-0.259116800611852
0.13890525701467143	-0.1321487780074754	0.13673624365583267	-0.15012714508389785	0.15299685191234333	-0.11675137503754358	0.12512145793350718	-0.1796303876340881	0.18221524797718888	-0.18536994885875016	0.1355472961080781	-0.14344510673844796	0.16613113450745234	-0.21303255262003162	0.2203271354340886	-0.12005262833496833	0.16366702308375455	-0.18484780708213785	0.2307273674833729	-0.39105728566089126	0.1539045756675425	-0.1544136802087218	0.14713829650130308	-0.46770893139225556	0.9999999999999974	-0.1234295279924605	0.1448335082192366	-0.20168533739896444	0.286095387238998	-0.5207935364467675	0.07400275799738495	-0.07255379962377945	0.18103576866133736	-0.17154915228452233	0.2784701852958384
-0.10441941643009325	0.08883454140183679	-0.07888109330304302	0.07322261665351697	-0.06929998809503084	0.10405303637723999	-0.0954573948626443	0.10114991061333715	-0.0884639094766426	0.07234523918602792	-0.1516625685329632	0.11382716121287181	-0.10274425354607726	0.09570608009230841	-0.07470008530918068	0.1878329985814054	-0.1992875105582131	0.11037173591910421	-0.10082955955415777	0.08686569177210614	-0.6303031571304584	0.18293099621481013	-0.16622911646298005	0.1379298805360097	-0.1234295279924605	0.9999999999999984	-0.5822219471084819	0.26944348113140354	-0.15446672483662272	0.11657646406958233	-0.22588890639291254	0.18293955577126608	-0.1288010503670382	0.1039786201009175	-0.12759701019603617
0.10030127793847841	-0.0893025296297406	0.08187533961117284	-0.07892440038881336	0.07528037771307582	-0.09692668573622838	0.0921384677221821	-0.10717222393124697	0.09624073217919402	-0.08010435518589315	0.12549272090061248	-0.1107016716053047	0.11140614781046888	-0.10915832033061616	0.08387840982346595	-0.14932349275211468	0.16046532426342894	-0.12490174490889051	0.11536036327976623	-0.09962628811581067	0.285521178532844	-0.22899769480065688	0.1928139319936551	-0.17754177130861268	0.1448335082192366	-0.5822219471084819	0.9999999999999967	-0.5938425159604507	0.19660928321935786	-0.14771618522779023	0.18802043238814814	-0.22746346490970507	0.15441799078785384	-0.13218353092531565	0.14935387782297976
-0.12579037327227718	0.10809716480735317	-0.10213874966956027	0.09792023121117362	-0.09602331497957815	0.11503856018733018	-0.11386080306918737	0.12987374995245182	-0.12283434623062596	0.10075029851417412	-0.15478975620669447	0.13283768947262573	-0.1487631272231717	0.1384003689619809	-0.10953195736195948	0.16199229071361126	-0.20496803144878745	0.16013386221199635	-0.1550768700496241	0.12765409340178738	-0.32554131185886237	0.2475318002770337	-0.33438019694547527	0.23204216975785422	-0.20168533739896444	0.26944348113140354	-0.5938425159604507	0.9999999999999973	-0.38499088804166115	0.1981103599023296	-0.15346124089952462	0.1457177620308699	-0.2502524136004651	0.18706218625961774	-0.21523467128203294
0.11782204360429381	-0.10780797828056769	0.1077698108696797	-0.11105303124141402	0.1097151137487548	-0.10257354858895794	0.1071041153518709	-0.141932782777209	0.14094010005074203	-0.12094180832580799	0.12456191485040927	-0.12471826229097732	0.14903395932454805	-0.17979052264622247	0.13468716753697954	-0.1187103245231986	0.15561125316033095	-0.16965309369762327	0.2029859818598343	-0.16922546088318985	0.1755586317991639	-0.17557819648244255	0.17415899675233398	-0.5733483764748303	0.286095387238998	-0.15446672483662272	0.19660928321935786	-0.38499088804166115	0.9999999999999964	-0.43560380468084586	0.09235746338772266	-0.09263176941128312	0.24909994468934676	-0.32791239077683265	0.2766732336882811
-0.11220941570049858	0.10058459075594968	-0.10346333944309674	0.10580388091220806	-0.11138116564493926	0.09397430062071796	-0.09860783975107358	0.1302463614037043	-0.1339906909930347	0.11988584014581956	-0.11457770589013394	0.11192206921389579	-0.1273266064994202	0.14559560617631112	-0.14914866370996968	0.10366619503998585	-0.1419508742914481	0.13496101084259765	-0.1651300544457764	0.18090038534607697	-0.14657669426808492	0.12805505031406264	-0.12722873387850026	0.2764906992180627	-0.5207935364467675	0.11657646406958233	-0.14771618522779023	0.1981103599023296	-0.43560380468084586	0.9999999999999967	-0.07792748757751314	0.0754721781992764	-0.23741026939530177	0.22274090992628573	-0.5915825625740426
0.05083461386437796	-0.044993598942222456	0.0413546979572279	-0.03979034371337563	0.038047252150793326	-0.04846048800003281	0.04623453324655624	-0.053929570510639166	0.048227972110556794	-0.0404253902423004	0.06328729891481057	-0.055147113248245824	0.05332915939747575	-0.05354093062310361	0.04233066137158968	-0.072432291438746	0.08112749515955633	-0.05861138795903807	0.05609164141586585	-0.05028609814899193	0.14228493779608248	-0.08842647691913426	0.0773191818165698	-0.08501572159087155	0.07400275799738495	-0.22588890639291254	0.18802043238814814	-0.15346124089952462	0.09235746338772266	-0.07792748757751314	0.9999999999999972	-0.9294780725148539	0.12278409313184074	-0.10265394309837297	0.08546246842339938
-0.05012759113393561	0.04378470941456486	-0.040308414146477	0.038546079021076575	-0.03701730909220935	0.047453982551436055	-0.0453980070836949	0.05212178144976709	-0.04690507305261529	0.03912938093253342	-0.06331569825793923	0.053783789921671335	-0.05220034562093528	0.051714091439700176	-0.04119439932423194	0.07093217576090041	-0.08209433307766367	0.056722134282352926	-0.05462872202175571	0.04864246149012594	-0.14716953765605648	0.08423776483402956	-0.07661309991544349	0.08158106509054587	-0.07255379962377945	0.18293955577126608	-0.22746346490970507	0.1457177620308699	-0.09263176941128312	0.0754721781992764	-0.9294780725148539	0.9999999999999971	-0.14277392551553528	0.10126204142131937	-0.0857541042189548
0.09136340132059237	-0.08305418368816757	0.08070237564450689	-0.08109127579820524	0.07932348436488222	-0.0802528986057641	0.0818366348007831	-0.1059970921295792	0.09936378092854602	-0.08613441930491571	0.09780771124190557	-0.09569752601386554	0.10193293005732404	-0.11387527215561277	0.09299211883656062	-0.09420715737293948	0.12212069177030649	-0.11295637735822538	0.12067123911509946	-0.11399023523335791	0.14004646708196528	-0.12648001720437202	0.11981144618941174	-0.215531725869066	0.18103576866133736	-0.1288010503670382	0.15441799078785384	-0.2502524136004651	0.24909994468934676	-0.23741026939530177	0.12278409313184074	-0.14277392551553528	0.9999999999999973	-0.798780160982555	0.26786475586784736
-0.07699216020756154	0.06920303288516977	-0.06809076588938542	0.06837970850453136	-0.06798563089138712	0.06697546554955013	-0.06870076931331864	0.08822737733104395	-0.08509669391511766	0.07334077641751492	-0.0826574824522241	0.0796264659177925	-0.08730439678574418	0.0969920279816889	-0.08146598787944491	0.07880130743362472	-0.10387785296094262	0.09503570159898644	-0.10683297833101939	0.09883514567853899	-0.12020748636988887	0.10304637404542961	-0.10146529748649305	0.19124204884584275	-0.17154915228452233	0.1039786201009175	-0.13218353092531565	0.18706218625961774	-0.32791239077683265	0.22274090992628573	-0.10265394309837297	0.10126204142131937	-0.798780160982555	0.9999999999999978	-0.3866538650819862
0.11995554785086479	-0.10979445595534115	0.10802372978719334	-0.10971362683093633	0.1084485114713459	-0.10280041290635376	0.10617206084220149	-0.14147535308678713	0.1331428690999281	-0.11894706148478915	0.12299440708744755	-0.12314514431366202	0.12893908863486878	-0.1475330717064938	0.13013492707653074	-0.11257146442971701	0.1513967007351841	-0.1408035389321856	0.15477781317017153	-0.16369417597274805	0.15274479697952212	-0.13969284232667642	0.13050196772745098	-0.259116800611852	0.2784701852958384	-0.12759701019603617	0.14935387782297976	-0.21523467128203294	0.2766732336882811	-0.5915825625740426	0.08546246842339938	-0.0857541042189548	0.26786475586784736	-0.3866538650819862	0.9999999999999976
