1.0	-0.7584059344756424	0.17043556097481022	-0.030145604992966327	0.031063445402617795	-0.4936974070444723	0.27007565097483954	-0.17774967413097628	0.07455052744828167	-0.04956969200186422	0.21725408772397056	-0.1873507736086897	0.10708449234295593	-0.06558843163129087	0.06290691651651875	-0.10128915377138975	0.10417586761776843	-0.07849462293616041	0.050494767409762276	-0.046505133628160826	0.08104569782853575	-0.09108851469055827	0.07110659027547848	-0.04767214692956387	0.039678415074273096	-0.07397700657611199	0.07482498780949644	-0.09358564929975428	0.03941568755475719	-0.04410097103195416	0.06250605922701877	-0.08128544444497779	0.0662916992977005	-0.039177152904539554	0.027651749631450857	-0.08832722494164734	0.053941915091389986	-0.049699811702296266	0.046405315146076015	-0.03213935829190308	0.04770015162167781	-0.04268397845182859	0.04277211361216217	-0.032579788892051445	0.06163765424660063
-0.7584059344756424	0.9999999999999998	-0.29090543558732185	0.04242803243404584	-0.04484438350103616	0.28639378622761513	-0.37400700219151306	0.20647730343392653	-0.09336807553937718	0.060378756997898145	-0.2531025388557044	0.1896815153498723	-0.1347020916298283	0.07932558473319778	-0.07793406713317631	0.10666657435745021	-0.11671249185132425	0.08839207687668454	-0.06016179958356602	0.05471257297386586	-0.09027956223100542	0.09822659913443892	-0.0813368432662032	0.05550700682773896	-0.04671964524737269	0.07997586790429	-0.08268653174064067	0.10190289230872618	-0.044360488150040865	0.04928728512566442	-0.06863256467297457	0.08816417614691863	-0.07410776108500655	0.043675815981814615	-0.030908716983810876	0.0948965515147499	-0.06004217515693092	0.05487201146550506	-0.05206984874611329	0.03572949955852157	-0.05287461843024352	0.04701401394400108	-0.04788415822789831	0.03638493017164805	-0.06925830086387551
0.17043556097481022	-0.29090543558732185	0.9999999999999998	-0.11131007261532827	0.09973053426643616	-0.12988653170557823	0.17314215681802442	-0.8678007336325192	0.1261432416858223	-0.08947166888920934	0.10907165522371363	-0.10828907671071146	0.17452373291757886	-0.11454930389198112	0.0954958676917556	-0.08033336011282152	0.08256698795647853	-0.10422247519903884	0.07487179148796644	-0.07093937124852188	0.07168484181612711	-0.08157658521513271	0.08409680504807336	-0.07063962960033014	0.056720855083735804	-0.07706234399520262	0.07758570777831232	-0.11056800148945138	0.04905851790735225	-0.05605462867124124	0.06645546589675595	-0.08905201362874615	0.07488307848241431	-0.0468486239826664	0.03324779853435202	-0.10183878720257651	0.06069393766094689	-0.057235323838187455	0.05455497828619433	-0.03875022128220215	0.05401154929375239	-0.04905080048259555	0.04943084936541426	-0.037855870931850034	0.07153171604606928
-0.030145604992966327	0.04242803243404584	-0.11131007261532827	1.0000000000000007	-0.9859831083241741	0.023454861408327723	-0.03189551337621397	0.08998501177823263	-0.05590062290698383	0.043815479575910435	-0.02148810063019552	0.0210301945835646	-0.04326367189319675	0.035583870659851795	-0.03745371368814268	0.018531264934476353	-0.018979513099356148	0.026184049175826462	-0.02298102435014898	0.02237171076864732	-0.01720326709852679	0.019440990293651695	-0.021596301450812455	0.021189832247567528	-0.01740202701062225	0.01929233702855092	-0.019445749426988235	0.02830976821507967	-0.013383028646872623	0.015317614297163837	-0.016813908367194312	0.022637714715793487	-0.019397326526934773	0.01243259147779294	-0.008865527223619442	0.026212394108304327	-0.015703080940932493	0.014857759817901524	-0.01444518982177398	0.010292145346319486	-0.013988085322524582	0.01272596490049114	-0.012954260709325694	0.009928834159119375	-0.018804820467260917
0.031063445402617795	-0.04484438350103616	0.09973053426643616	-0.9859831083241741	1.0000000000000009	-0.024735045239851997	0.03327355430082754	-0.09707879903196841	0.05521242477216948	-0.046400111930026064	0.022528734712823174	-0.02224676432123305	0.044831899658888584	-0.03714593075681401	0.03845171914052685	-0.019781992724907913	0.020156255532253503	-0.02789415432370431	0.02405440633749322	-0.023557009128736817	0.01834315541553668	-0.0207455589464438	0.022908736000564707	-0.02238087491057497	0.018291869747653792	-0.02071731931661685	0.02081539011919908	-0.030417964078880533	0.014277532744912629	-0.016371949402091232	0.018042182788050767	-0.024325209735528812	0.02077094710765495	-0.013314956285130778	0.009490227657297652	-0.028260312250198833	0.016837608715449592	-0.015949824352448225	0.015459345278077536	-0.011033302043323059	0.015021133342768236	-0.013678681123813253	0.013907769627505923	-0.010661139211462722	0.02019334365612352
-0.4936974070444723	0.28639378622761513	-0.12988653170557823	0.023454861408327723	-0.024735045239851997	1.0000000000000013	-0.5769455576430648	0.13031379003239285	-0.06625316212864367	0.04336430203091405	-0.5189471494651894	0.2844298740171252	-0.09782458549202405	0.05842486521823641	-0.056939935333755416	0.1241653289946494	-0.13631437081340234	0.07698722754019252	-0.046444292326789156	0.042210475354844026	-0.09615817807500851	0.10662063829703758	-0.07274376091157246	0.04372656610463087	-0.03659363763882091	0.07666950812701116	-0.07926965541899231	0.09116714203901068	-0.037399860736259	0.04133203994029743	-0.06384981450191966	0.0810611056462628	-0.06515846545958413	0.0373722477476286	-0.026289535646215053	0.08380497389253874	-0.052675946756713894	0.047924568798643465	-0.04449970596096182	0.030397687192630096	-0.046017593399904556	0.04078922943055701	-0.040493629903943236	0.030798011446201583	-0.05791436578400546
0.27007565097483954	-0.37400700219151306	0.17314215681802442	-0.03189551337621397	0.03327355430082754	-0.5769455576430648	1.0000000000000016	-0.21607555117261965	0.09232371789044314	-0.06140867660598386	0.3203000247988487	-0.5200669514076369	0.13587972363717504	-0.08307530720717439	0.07929635729469119	-0.17619375843520751	0.18714549768740082	-0.11263801849804035	0.06594608016392187	-0.06042869150100737	0.1304179222221983	-0.15879930731760036	0.10400003795102453	-0.06286399285285642	0.05217037870778411	-0.11206181754460792	0.11390808987314298	-0.13464750819880483	0.05415878674069358	-0.060201485612527555	0.09208755074841406	-0.11953912727321049	0.09391694834208306	-0.05423127467267788	0.03809337278869954	-0.12434032738973186	0.07610793064081152	-0.06980354815322592	0.06419541492100364	-0.044202837120594196	0.06664945326477735	-0.059451915964483834	0.05838371832331647	-0.044501148688733616	0.08331633808647584
-0.17774967413097628	0.20647730343392653	-0.8678007336325192	0.08998501177823263	-0.09707879903196841	0.13031379003239285	-0.21607555117261965	1.0000000000000018	-0.15575535483229083	0.09727964596579403	-0.1165532664994619	0.11232931733585248	-0.23465670388071724	0.12592358095734912	-0.10794685139987342	0.07957326965937697	-0.08440034863808947	0.10557777734025359	-0.08050564743055358	0.07403478010672061	-0.07155965828044543	0.08116801719786394	-0.08701246930075934	0.07290830628203838	-0.05932560961955608	0.0742409917336054	-0.07597959102326049	0.10624193954806072	-0.04836762275564405	0.05480225603560838	-0.06421112959812135	0.08544199199397136	-0.07294076645392462	0.04549067888454447	-0.032338330987233745	0.09615097816248208	-0.058739996198431926	0.05508982357031566	-0.05314329082989076	0.03746171258660135	-0.051912927028833065	0.04694004286764944	-0.04753042213230542	0.036374596681913965	-0.06871213255410626
0.07455052744828167	-0.09336807553937718	0.1261432416858223	-0.05590062290698383	0.05521242477216948	-0.06625316212864367	0.09232371789044314	-0.15575535483229083	1.0000000000000018	-0.6773111754395041	0.07331579080335332	-0.07411669887644973	0.25316705873971324	-0.43187933746027585	0.3270898113042634	-0.09633157650758795	0.09629347749368346	-0.17346133128450442	0.19639465533614306	-0.20481125683397453	0.09490615703462427	-0.10852224461397024	0.13597001870632883	-0.18400383936535944	0.14261801619047595	-0.11659022936433662	0.11694417676545428	-0.18174190171368076	0.09348375181526632	-0.10884000543578401	0.1021034871337731	-0.1399588015840143	0.12158166768250514	-0.08226670599872705	0.05897887825107955	-0.1650355344267029	0.09785152199744801	-0.09409179968986751	0.09402025068008657	-0.06817462430340114	0.08701944130055009	-0.07986013814183683	0.08099226868533532	-0.062442141512553784	0.11718622368650317
-0.04956969200186422	0.060378756997898145	-0.08947166888920934	0.043815479575910435	-0.046400111930026064	0.04336430203091405	-0.06140867660598386	0.09727964596579403	-0.6773111754395041	1.0000000000000016	-0.048246069586516414	0.04838713613866637	-0.20233831109955028	0.26603304646746695	-0.6297936709291773	0.061090361091099235	-0.06258013239263091	0.11457516897660795	-0.15813846050226132	0.16081928185458444	-0.0608311816310181	0.06951181439818922	-0.09280117046503744	0.13042558962981282	-0.11777563669065627	0.07230870613117095	-0.07401064029743257	0.11311550471628311	-0.06375232209201723	0.07269859132463952	-0.06363164617679967	0.08680240170253518	-0.077614935992732	0.053332913066559004	-0.038497579532712614	0.10036586553924133	-0.06173086442393384	0.05909455269123034	-0.06119827686028837	0.04381575179715363	-0.05424871985426224	0.04956406404984083	-0.050673100164438545	0.0391026463202127	-0.07310858682410391
0.21725408772397056	-0.2531025388557044	0.10907165522371363	-0.02148810063019552	0.022528734712823174	-0.5189471494651894	0.3203000247988487	-0.1165532664994619	0.07331579080335332	-0.048246069586516414	1.000000000000002	-0.6778997663000602	0.11066564184347757	-0.06662316335609432	0.06473312204528318	-0.21560255968670825	0.20802443320087807	-0.10097576698218849	0.05506235600804082	-0.04991891086751801	0.141138976175367	-0.16618234465677206	0.09612896225982383	-0.05257760257957917	0.043791357336461716	-0.10680908468504495	0.10895725713408078	-0.12044504685650718	0.046967510250208656	-0.05168438240707606	0.08589721230648541	-0.1090600924178524	0.08403598716768397	-0.04728565432611442	0.03309360683611003	-0.10874683412350941	0.06776119336188761	-0.061550769080951	0.05615083774560138	-0.03825034965917826	0.05877229822757434	-0.05203113320705795	0.05053252490215643	-0.03847831495767089	0.07158087337409552
-0.1873507736086897	0.1896815153498723	-0.10828907671071146	0.0210301945835646	-0.02224676432123305	0.2844298740171252	-0.5200669514076369	0.11232931733585248	-0.07411669887644973	0.04838713613866637	-0.6778997663000602	1.0000000000000013	-0.11595211454146111	0.06750519592444884	-0.06563753329735225	0.19547042804279183	-0.3329648202743517	0.10257954429260709	-0.055722869096244694	0.04998872719231197	-0.14921409547922304	0.17687043640545974	-0.10167712150995922	0.052668426737435124	-0.044042398291997104	0.10604590535947313	-0.11466776184013373	0.11914003405154057	-0.046763989576363914	0.05104855562736221	-0.08657736831517629	0.1077730176988661	-0.08455064446664282	0.046928458406054835	-0.03284970547562728	0.10507855931027654	-0.06772402715789895	0.06095946049587061	-0.055988035506905905	0.03780029788316804	-0.05828963677988601	0.05125118300169826	-0.050077497548200095	0.038065979280939244	-0.07089987443038065
0.10708449234295593	-0.1347020916298283	0.17452373291757886	-0.04326367189319675	0.044831899658888584	-0.09782458549202405	0.13587972363717504	-0.23465670388071724	0.25316705873971324	-0.20233831109955028	0.11066564184347757	-0.11595211454146111	1.0000000000000018	-0.5427414866864009	0.2519567544509523	-0.14713084881161176	0.14955186687677882	-0.38488018875277136	0.23021577512583066	-0.21139846624459993	0.14481403091587167	-0.17140587636300914	0.2362923479640067	-0.21283036855486512	0.16023239915739976	-0.17316575573244752	0.17646614354489196	-0.27976406581091295	0.12420356391201855	-0.1431955738261552	0.1499776180943784	-0.20556398249730973	0.17667656887000344	-0.11395228485874982	0.08091211772513202	-0.23697043907320775	0.14091866606910566	-0.13518678178895194	0.130579993313986	-0.09403860479982502	0.12447670404291998	-0.11406512676553016	0.11407906268164245	-0.08783536558408525	0.16432367119275493
-0.06558843163129087	0.07932558473319778	-0.11454930389198112	0.035583870659851795	-0.03714593075681401	0.05842486521823641	-0.08307530720717439	0.12592358095734912	-0.43187933746027585	0.26603304646746695	-0.06662316335609432	0.06750519592444884	-0.5427414866864009	1.0000000000000007	-0.48605413951564974	0.08510411473568201	-0.08940388907240374	0.18655016175968211	-0.38223515949381687	0.23024287776995445	-0.0857862978731236	0.09928918187327213	-0.1481240709531604	0.21169599259527244	-0.17329237353195026	0.09882337889424331	-0.10335194566557515	0.15717315235085463	-0.0904289328662403	0.10140173595904235	-0.08692485375998818	0.11817533736686228	-0.1073872937977593	0.07361597218607834	-0.05314650330702026	0.13382348964528532	-0.0843316577963505	0.08051515064891562	-0.08444224867684717	0.05997480738290867	-0.07332161732298878	0.06679715347307871	-0.06825354171566682	0.05270222139292284	-0.09808260206945596
0.06290691651651875	-0.07793406713317631	0.0954958676917556	-0.03745371368814268	0.03845171914052685	-0.056939935333755416	0.07929635729469119	-0.10794685139987342	0.3270898113042634	-0.6297936709291773	0.06473312204528318	-0.06563753329735225	0.2519567544509523	-0.48605413951564974	1.000000000000001	-0.08798161666966434	0.08871131674433103	-0.1683280951904822	0.2268223707479365	-0.29408979062558144	0.08747544911441898	-0.10050139645449081	0.13152827141439782	-0.203613179922795	0.1726083056321372	-0.10660875178882442	0.10807823644449618	-0.1683926334222894	0.09363586607394253	-0.10891509722849207	0.09348063848262017	-0.12825249880251574	0.11325468941662244	-0.07860014789516095	0.05662228353095171	-0.1495128025410814	0.09035338108342722	-0.0870215888882506	0.08943146759179053	-0.06473946970998397	0.07967993111590485	-0.07306885170085686	0.07422449173773255	-0.05736265240992038	0.10699287129229636
-0.10128915377138975	0.10666657435745021	-0.08033336011282152	0.018531264934476353	-0.019781992724907913	0.1241653289946494	-0.17619375843520751	0.07957326965937697	-0.09633157650758795	0.061090361091099235	-0.21560255968670825	0.19547042804279183	-0.14713084881161176	0.08510411473568201	-0.08798161666966434	1.0	-0.543751921528919	0.1471795624814364	-0.07586292950737482	0.06672975392428443	-0.6695696083562587	0.30441750165308	-0.1605133667806695	0.07151248631364047	-0.06095808892020329	0.21292473780668486	-0.21012228294114835	0.17994873984230647	-0.06970136788669212	0.07405650653802469	-0.17302322226203032	0.17400719910533177	-0.13713113860376444	0.07140317621956938	-0.04973162700492983	0.16172572102056718	-0.10990409071332148	0.0950488483962633	-0.08676373970632238	0.056595636616140435	-0.09442476410474285	0.0800208200868971	-0.07764381965139981	0.05855422827897504	-0.10865092752706192
0.10417586761776843	-0.11671249185132425	0.08256698795647853	-0.018979513099356148	0.020156255532253503	-0.13631437081340234	0.18714549768740082	-0.08440034863808947	0.09629347749368346	-0.06258013239263091	0.20802443320087807	-0.3329648202743517	0.14955186687677882	-0.08940388907240374	0.08871131674433103	-0.543751921528919	0.9999999999999998	-0.19464252210814822	0.08160383831916448	-0.07214412637934062	0.30383885526050103	-0.5901605534272859	0.1902937695931051	-0.07882188905060877	0.06512250991731787	-0.20386638394644255	0.22154476298021736	-0.21253781980822076	0.07404173822889115	-0.0797174913860966	0.1530675160781755	-0.19568601360758278	0.13993962534426874	-0.07459069528047906	0.05165675404393056	-0.17065241234540593	0.11064628911895866	-0.09920210071715982	0.08842754657787989	-0.059163811328914545	0.09302778725850545	-0.08149353938760168	0.07661632336107022	-0.0583530811311591	0.10640895495152411
-0.07849462293616041	0.08839207687668454	-0.10422247519903884	0.026184049175826462	-0.02789415432370431	0.07698722754019252	-0.11263801849804035	0.10557777734025359	-0.17346133128450442	0.11457516897660795	-0.10097576698218849	0.10257954429260709	-0.38488018875277136	0.18655016175968211	-0.1683280951904822	0.1471795624814364	-0.19464252210814822	0.9999999999999969	-0.20770721727301858	0.1458914198216413	-0.1673262739227822	0.2098993180326468	-0.7552865631390772	0.16138222841455052	-0.1298202704809632	0.14715190917728802	-0.1844949024587098	0.25113335472509507	-0.1028914099166847	0.1079047363845775	-0.13009268022465725	0.16730554867680175	-0.16685351798829007	0.09220152786640393	-0.06505597630979672	0.16300515288881376	-0.12100058028923495	0.11018622345394422	-0.10922015912386551	0.07275837094951447	-0.09907139232309915	0.08751502535169092	-0.08897727528403969	0.06788775587791454	-0.12629989559981308
0.050494767409762276	-0.06016179958356602	0.07487179148796644	-0.02298102435014898	0.02405440633749322	-0.046444292326789156	0.06594608016392187	-0.08050564743055358	0.19639465533614306	-0.15813846050226132	0.05506235600804082	-0.055722869096244694	0.23021577512583066	-0.38223515949381687	0.2268223707479365	-0.07586292950737482	0.08160383831916448	-0.20770721727301858	0.9999999999999958	-0.5688849087258411	0.07832042627523617	-0.09242978983815375	0.15457112819708285	-0.5789429485486124	0.31008807075037764	-0.08801619165429225	0.09543377195947128	-0.14641586133720844	0.11692597699564994	-0.13098906786766462	0.07790664002497762	-0.10645633632547555	0.10300733245049971	-0.08005241216144915	0.05838862156998966	-0.11575458619421261	0.0784754699900975	-0.07567126251859849	0.0888182031993224	-0.06345296699182344	0.06621039915676105	-0.06021813806980445	0.06219376734090685	-0.04855795560962864	0.08816334951908703
-0.046505133628160826	0.05471257297386586	-0.07093937124852188	0.02237171076864732	-0.023557009128736817	0.042210475354844026	-0.06042869150100737	0.07403478010672061	-0.20481125683397453	0.16081928185458444	-0.04991891086751801	0.04998872719231197	-0.21139846624459993	0.23024287776995445	-0.29408979062558144	0.06672975392428443	-0.07214412637934062	0.1458914198216413	-0.5688849087258411	0.999999999999991	-0.06946259677350569	0.07985635096415458	-0.1283771316369643	0.32801140277699303	-0.6300727086125756	0.07784102881841166	-0.0850205276811798	0.12734674386704928	-0.12520166924585557	0.13662008373225765	-0.06978616891467711	0.09523125393763979	-0.09645490153804928	0.07866827763640816	-0.05920086569911497	0.10298338437122252	-0.07288737982612013	0.07027737312717987	-0.08944770676319264	0.06196529783157832	-0.0607829547686574	0.05515776333799082	-0.05803271740142693	0.045516440072360075	-0.08196015727506752
0.08104569782853575	-0.09027956223100542	0.07168484181612711	-0.01720326709852679	0.01834315541553668	-0.09615817807500851	0.1304179222221983	-0.07155965828044543	0.09490615703462427	-0.0608311816310181	0.141138976175367	-0.14921409547922304	0.14481403091587167	-0.0857862978731236	0.08747544911441898	-0.6695696083562587	0.30383885526050103	-0.1673262739227822	0.07832042627523617	-0.06946259677350569	0.9999999999999931	-0.4711228317173924	0.17363271007349745	-0.07557300935986364	0.06344746915834519	-0.35945649152899384	0.24034672729553913	-0.2131363579099175	0.07554301582202423	-0.0808376328190227	0.2026562204642036	-0.2133740982545275	0.14900913329861343	-0.07769002998879156	0.05368241528049193	-0.1979805857417978	0.12006318994507664	-0.10556587692025234	0.09295144494028944	-0.061415051083087605	0.1031990828695105	-0.0887928799513359	0.0818780814509595	-0.062145932645730095	0.11277601116111488
-0.09108851469055827	0.09822659913443892	-0.08157658521513271	0.019440990293651695	-0.0207455589464438	0.10662063829703758	-0.15879930731760036	0.08116801719786394	-0.10852224461397024	0.06951181439818922	-0.16618234465677206	0.17687043640545974	-0.17140587636300914	0.09928918187327213	-0.10050139645449081	0.30441750165308	-0.5901605534272859	0.2098993180326468	-0.09242978983815375	0.07985635096415458	-0.4711228317173924	0.9999999999999915	-0.3063863234749361	0.08820835214608012	-0.07371344217692696	0.23072517632295575	-0.38888594627834727	0.23953132000384195	-0.08352368835730865	0.08773036597945734	-0.18129387969112357	0.21653453664411626	-0.16365984070235742	0.08339921172390435	-0.05773248202722408	0.17805125540982636	-0.126514042396505	0.1105283741074547	-0.09989738799924934	0.06537946118594817	-0.10377293049752262	0.08940273127673684	-0.08522584355218357	0.06464941699264787	-0.11822921528893658
0.07110659027547848	-0.0813368432662032	0.08409680504807336	-0.021596301450812455	0.022908736000564707	-0.07274376091157246	0.10400003795102453	-0.08701246930075934	0.13597001870632883	-0.09280117046503744	0.09612896225982383	-0.10167712150995922	0.2362923479640067	-0.1481240709531604	0.13152827141439782	-0.1605133667806695	0.1902937695931051	-0.7552865631390772	0.15457112819708285	-0.1283771316369643	0.17363271007349745	-0.3063863234749361	1.0	-0.16211768757225692	0.11610655143639602	-0.1639972580460444	0.20469634219502017	-0.3819841791557003	0.10485993001429245	-0.11134670689727331	0.13660710231032872	-0.1846548203328232	0.1706731832138807	-0.09439076188916629	0.06547233106558197	-0.17239311694536544	0.12238582298168328	-0.11481211243985409	0.10858890360903813	-0.07385082763056931	0.09954515096479863	-0.08891142002921286	0.08664078025362937	-0.06655048751040418	0.12123758085668668
-0.04767214692956387	0.05550700682773896	-0.07063962960033014	0.021189832247567528	-0.02238087491057497	0.04372656610463087	-0.06286399285285642	0.07290830628203838	-0.18400383936535944	0.13042558962981282	-0.05257760257957917	0.052668426737435124	-0.21283036855486512	0.21169599259527244	-0.203613179922795	0.07151248631364047	-0.07882188905060877	0.16138222841455052	-0.5789429485486124	0.32801140277699303	-0.07557300935986364	0.08820835214608012	-0.16211768757225692	0.99999999999999	-0.6432619261930504	0.0827636397644739	-0.09278144126142907	0.13906636729262525	-0.16999898097243576	0.16334727936228022	-0.07444414698726856	0.10169088966329395	-0.10676514456672977	0.09290563537208202	-0.06872440128110129	0.10721513466976747	-0.07908311936093734	0.07664897282127905	-0.10265388205165579	0.07083230346310312	-0.06484421339628245	0.058771099620921266	-0.06213711625941997	0.0490227364279086	-0.08704375705965949
0.039678415074273096	-0.04671964524737269	0.056720855083735804	-0.01740202701062225	0.018291869747653792	-0.03659363763882091	0.05217037870778411	-0.05932560961955608	0.14261801619047595	-0.11777563669065627	0.043791357336461716	-0.044042398291997104	0.16023239915739976	-0.17329237353195026	0.1726083056321372	-0.06095808892020329	0.06512250991731787	-0.1298202704809632	0.31008807075037764	-0.6300727086125756	0.06344746915834519	-0.07371344217692696	0.11610655143639602	-0.6432619261930504	0.9999999999999974	-0.07266484051669424	0.07976428501422082	-0.12343074978037516	0.15110231528154028	-0.20180581874301431	0.06517492598707675	-0.09024463337968834	0.0940169929741463	-0.0871043316006707	0.06620708039242397	-0.09624988242615232	0.06992847145173406	-0.06885474765875083	0.09414653168113676	-0.0681294211319883	0.057388766993208294	-0.052386258263242114	0.05513190479202873	-0.04381724766066597	0.07690434450551618
-0.07397700657611199	0.07997586790429	-0.07706234399520262	0.01929233702855092	-0.02071731931661685	0.07666950812701116	-0.11206181754460792	0.0742409917336054	-0.11659022936433662	0.07230870613117095	-0.10680908468504495	0.10604590535947313	-0.17316575573244752	0.09882337889424331	-0.10660875178882442	0.21292473780668486	-0.20386638394644255	0.14715190917728802	-0.08801619165429225	0.07784102881841166	-0.35945649152899384	0.23072517632295575	-0.1639972580460444	0.0827636397644739	-0.07266484051669424	0.9999999999999915	-0.45928695751239274	0.24040421814123603	-0.09376171426876923	0.09741522891003516	-0.6377709818955675	0.28862236553892046	-0.20795438447230377	0.1003608187452753	-0.06929666342755246	0.2714830794214114	-0.17229138547537023	0.1405942035843207	-0.124203431569741	0.07837170712800672	-0.15449758567702285	0.12286288502329812	-0.11448323286610997	0.08538819432386553	-0.15653405831016257
0.07482498780949644	-0.08268653174064067	0.07758570777831232	-0.019445749426988235	0.02081539011919908	-0.07926965541899231	0.11390808987314298	-0.07597959102326049	0.11694417676545428	-0.07401064029743257	0.10895725713408078	-0.11466776184013373	0.17646614354489196	-0.10335194566557515	0.10807823644449618	-0.21012228294114835	0.22154476298021736	-0.1844949024587098	0.09543377195947128	-0.0850205276811798	0.24034672729553913	-0.38888594627834727	0.20469634219502017	-0.09278144126142907	0.07976428501422082	-0.45928695751239274	0.9999999999999898	-0.4801241997778448	0.11280914598602282	-0.11691069169925757	0.2700566000954707	-0.5001763299517166	0.24109564567560546	-0.11525030543690375	0.07773570585948968	-0.25025226639097287	0.18381789814377272	-0.16183352249012387	0.13482891352428356	-0.08800096614088734	0.14050866347115257	-0.12314014567466595	0.10972370530387911	-0.08375759903648819	0.14806838078230034
-0.09358564929975428	0.10190289230872618	-0.11056800148945138	0.02830976821507967	-0.030417964078880533	0.09116714203901068	-0.13464750819880483	0.10624193954806072	-0.18174190171368076	0.11311550471628311	-0.12044504685650718	0.11914003405154057	-0.27976406581091295	0.15717315235085463	-0.1683926334222894	0.17994873984230647	-0.21253781980822076	0.25113335472509507	-0.14641586133720844	0.12734674386704928	-0.2131363579099175	0.23953132000384195	-0.3819841791557003	0.13906636729262525	-0.12343074978037516	0.24040421814123603	-0.4801241997778448	0.9999999999999918	-0.20841917259750195	0.18081645346385794	-0.22446567385536606	0.2969574322203762	-0.4266491926642334	0.17451914378300987	-0.11839858161207338	0.244659437287151	-0.2332976518753414	0.2128398691969918	-0.20361513030131304	0.12801660447474913	-0.1698143944476293	0.14862660207972636	-0.1477470844108009	0.11295053839316638	-0.2039875043394231
0.03941568755475719	-0.044360488150040865	0.04905851790735225	-0.013383028646872623	0.014277532744912629	-0.037399860736259	0.05415878674069358	-0.04836762275564405	0.09348375181526632	-0.06375232209201723	0.046967510250208656	-0.046763989576363914	0.12420356391201855	-0.0904289328662403	0.09363586607394253	-0.06970136788669212	0.07404173822889115	-0.1028914099166847	0.11692597699564994	-0.12520166924585557	0.07554301582202423	-0.08352368835730865	0.10485993001429245	-0.16999898097243576	0.15110231528154028	-0.09376171426876923	0.11280914598602282	-0.20841917259750195	0.9999999999999859	-0.8133593121817013	0.08783220276129171	-0.13139993972353553	0.1768780520485264	-0.38055316962230634	0.1977983912524223	-0.1236741651311096	0.11591373775759138	-0.12797937399485707	0.240498691151175	-0.19643711496757013	0.08499540965899996	-0.07959724615224698	0.0864977075904568	-0.07412898676949738	0.11257405267027962
-0.04410097103195416	0.04928728512566442	-0.05605462867124124	0.015317614297163837	-0.016371949402091232	0.04133203994029743	-0.060201485612527555	0.05480225603560838	-0.10884000543578401	0.07269859132463952	-0.05168438240707606	0.05104855562736221	-0.1431955738261552	0.10140173595904235	-0.10891509722849207	0.07405650653802469	-0.0797174913860966	0.1079047363845775	-0.13098906786766462	0.13662008373225765	-0.0808376328190227	0.08773036597945734	-0.11134670689727331	0.16334727936228022	-0.20180581874301431	0.09741522891003516	-0.11691069169925757	0.18081645346385794	-0.8133593121817013	0.9999999999999887	-0.09322513940864031	0.13529432302420716	-0.19343862027273104	0.26361769698418047	-0.24546416141105096	0.13050205843784596	-0.12979641837339356	0.13529652665394648	-0.2892539117465947	0.19212673083012624	-0.0948777756724296	0.08734743633435851	-0.09972870762515447	0.08407135808258061	-0.1304121956080952
0.06250605922701877	-0.06863256467297457	0.06645546589675595	-0.016813908367194312	0.018042182788050767	-0.06384981450191966	0.09208755074841406	-0.06421112959812135	0.1021034871337731	-0.06363164617679967	0.08589721230648541	-0.08657736831517629	0.1499776180943784	-0.08692485375998818	0.09348063848262017	-0.17302322226203032	0.1530675160781755	-0.13009268022465725	0.07790664002497762	-0.06978616891467711	0.2026562204642036	-0.18129387969112357	0.13660710231032872	-0.07444414698726856	0.06517492598707675	-0.6377709818955675	0.2700566000954707	-0.22446567385536606	0.08783220276129171	-0.09322513940864031	0.9999999999999866	-0.4150641191463292	0.20195315544666517	-0.09831063991103009	0.06704662563927592	-0.5087773968618475	0.1788688488465615	-0.1475294092579951	0.12016622066467478	-0.07686982504303108	0.16919558721885544	-0.1381372556735759	0.11281598468086113	-0.08496958595355558	0.14905689275995315
-0.08128544444497779	0.08816417614691863	-0.08905201362874615	0.022637714715793487	-0.024325209735528812	0.0810611056462628	-0.11953912727321049	0.08544199199397136	-0.1399588015840143	0.08680240170253518	-0.1090600924178524	0.1077730176988661	-0.20556398249730973	0.11817533736686228	-0.12825249880251574	0.17400719910533177	-0.19568601360758278	0.16730554867680175	-0.10645633632547555	0.09523125393763979	-0.2133740982545275	0.21653453664411626	-0.1846548203328232	0.10169088966329395	-0.09024463337968834	0.28862236553892046	-0.5001763299517166	0.2969574322203762	-0.13139993972353553	0.13529432302420716	-0.4150641191463292	0.999999999999986	-0.42616845658563685	0.15675170701625563	-0.10464141099121245	0.28545378253350767	-0.34906856464899366	0.24436841733856612	-0.1926384402289171	0.1167889951507868	-0.2073025595446871	0.17729465159067873	-0.15296592270801643	0.11555220139370664	-0.2011273112900431
0.0662916992977005	-0.07410776108500655	0.07488307848241431	-0.019397326526934773	0.02077094710765495	-0.06515846545958413	0.09391694834208306	-0.07294076645392462	0.12158166768250514	-0.077614935992732	0.08403598716768397	-0.08455064446664282	0.17667656887000344	-0.1073872937977593	0.11325468941662244	-0.13713113860376444	0.13993962534426874	-0.16685351798829007	0.10300733245049971	-0.09645490153804928	0.14900913329861343	-0.16365984070235742	0.1706731832138807	-0.10676514456672977	0.0940169929741463	-0.20795438447230377	0.24109564567560546	-0.4266491926642334	0.1768780520485264	-0.19343862027273104	0.20195315544666517	-0.42616845658563685	0.9999999999999878	-0.3107004176481565	0.155487328988186	-0.28012085677402027	0.2914880196045543	-0.5184141785030663	0.2581769561356368	-0.182181145716657	0.17994844844003702	-0.18169135403469397	0.1470118406580626	-0.11961551401583817	0.18456692379113568
-0.039177152904539554	0.043675815981814615	-0.0468486239826664	0.01243259147779294	-0.013314956285130778	0.0373722477476286	-0.05423127467267788	0.04549067888454447	-0.08226670599872705	0.053332913066559004	-0.04728565432611442	0.046928458406054835	-0.11395228485874982	0.07361597218607834	-0.07860014789516095	0.07140317621956938	-0.07459069528047906	0.09220152786640393	-0.08005241216144915	0.07866827763640816	-0.07769002998879156	0.08339921172390435	-0.09439076188916629	0.09290563537208202	-0.0871043316006707	0.1003608187452753	-0.11525030543690375	0.17451914378300987	-0.38055316962230634	0.26361769698418047	-0.09831063991103009	0.15675170701625563	-0.3107004176481565	0.9999999999999868	-0.4345970147061434	0.14221042501980607	-0.16072435710099686	0.19430832271246434	-0.6511534921568718	0.29059780691008175	-0.10689237208183575	0.10271969828605514	-0.1196824592621983	0.10908368488878924	-0.14304891825418772
0.027651749631450857	-0.030908716983810876	0.03324779853435202	-0.008865527223619442	0.009490227657297652	-0.026289535646215053	0.03809337278869954	-0.032338330987233745	0.05897887825107955	-0.038497579532712614	0.03309360683611003	-0.03284970547562728	0.08091211772513202	-0.05314650330702026	0.05662228353095171	-0.04973162700492983	0.05165675404393056	-0.06505597630979672	0.05838862156998966	-0.05920086569911497	0.05368241528049193	-0.05773248202722408	0.06547233106558197	-0.06872440128110129	0.06620708039242397	-0.06929666342755246	0.07773570585948968	-0.11839858161207338	0.1977983912524223	-0.24546416141105096	0.06704662563927592	-0.10464141099121245	0.155487328988186	-0.4345970147061434	0.9999999999999872	-0.09935553024294688	0.10192524105250553	-0.12014589466110982	0.2826571193746616	-0.8077697523299606	0.07221136277865342	-0.06935571818245703	0.07957144159870795	-0.07252197830923214	0.10378882406041763
-0.08832722494164734	0.0948965515147499	-0.10183878720257651	0.026212394108304327	-0.028260312250198833	0.08380497389253874	-0.12434032738973186	0.09615097816248208	-0.1650355344267029	0.10036586553924133	-0.10874683412350941	0.10507855931027654	-0.23697043907320775	0.13382348964528532	-0.1495128025410814	0.16172572102056718	-0.17065241234540593	0.16300515288881376	-0.11575458619421261	0.10298338437122252	-0.1979805857417978	0.17805125540982636	-0.17239311694536544	0.10721513466976747	-0.09624988242615232	0.2714830794214114	-0.25025226639097287	0.244659437287151	-0.1236741651311096	0.13050205843784596	-0.5087773968618475	0.28545378253350767	-0.28012085677402027	0.14221042501980607	-0.09935553024294688	0.9999999999999849	-0.29293967646422536	0.21111525857457727	-0.18594231411691914	0.11353177189689419	-0.40871271235355633	0.24580286786855973	-0.21138189979475308	0.15245027275307801	-0.2786772647802037
0.053941915091389986	-0.06004217515693092	0.06069393766094689	-0.015703080940932493	0.016837608715449592	-0.052675946756713894	0.07610793064081152	-0.058739996198431926	0.09785152199744801	-0.06173086442393384	0.06776119336188761	-0.06772402715789895	0.14091866606910566	-0.0843316577963505	0.09035338108342722	-0.10990409071332148	0.11064628911895866	-0.12100058028923495	0.0784754699900975	-0.07288737982612013	0.12006318994507664	-0.126514042396505	0.12238582298168328	-0.07908311936093734	0.06992847145173406	-0.17229138547537023	0.18381789814377272	-0.2332976518753414	0.11591373775759138	-0.12979641837339356	0.1788688488465615	-0.34906856464899366	0.2914880196045543	-0.16072435710099686	0.10192524105250553	-0.29293967646422536	0.9999999999999856	-0.6734480457939467	0.1963788156371323	-0.12529329728226474	0.2477047498061788	-0.3780650959978358	0.16108693764645313	-0.1271052426841683	0.17440475258192836
-0.049699811702296266	0.05487201146550506	-0.057235323838187455	0.014857759817901524	-0.015949824352448225	0.047924568798643465	-0.06980354815322592	0.05508982357031566	-0.09409179968986751	0.05909455269123034	-0.061550769080951	0.06095946049587061	-0.13518678178895194	0.08051515064891562	-0.0870215888882506	0.0950488483962633	-0.09920210071715982	0.11018622345394422	-0.07567126251859849	0.07027737312717987	-0.10556587692025234	0.1105283741074547	-0.11481211243985409	0.07664897282127905	-0.06885474765875083	0.1405942035843207	-0.16183352249012387	0.2128398691969918	-0.12797937399485707	0.13529652665394648	-0.1475294092579951	0.24436841733856612	-0.5184141785030663	0.19430832271246434	-0.12014589466110982	0.21111525857457727	-0.6734480457939467	0.9999999999999856	-0.29855935099719044	0.1396496883721657	-0.21029830653917145	0.20610408703507804	-0.1507415348198748	0.1162620652664392	-0.16843657119151584
0.046405315146076015	-0.05206984874611329	0.05455497828619433	-0.01444518982177398	0.015459345278077536	-0.04449970596096182	0.06419541492100364	-0.05314329082989076	0.09402025068008657	-0.06119827686028837	0.05615083774560138	-0.055988035506905905	0.130579993313986	-0.08444224867684717	0.08943146759179053	-0.08676373970632238	0.08842754657787989	-0.10922015912386551	0.0888182031993224	-0.08944770676319264	0.09295144494028944	-0.09989738799924934	0.10858890360903813	-0.10265388205165579	0.09414653168113676	-0.124203431569741	0.13482891352428356	-0.20361513030131304	0.240498691151175	-0.2892539117465947	0.12016622066467478	-0.1926384402289171	0.2581769561356368	-0.6511534921568718	0.2826571193746616	-0.18594231411691914	0.1963788156371323	-0.29855935099719044	0.9999999999999856	-0.4232347154340169	0.132930507888491	-0.13484231358767518	0.15441990689085616	-0.16889709272642886	0.1763494417012992
-0.03213935829190308	0.03572949955852157	-0.03875022128220215	0.010292145346319486	-0.011033302043323059	0.030397687192630096	-0.044202837120594196	0.03746171258660135	-0.06817462430340114	0.04381575179715363	-0.03825034965917826	0.03780029788316804	-0.09403860479982502	0.05997480738290867	-0.06473946970998397	0.056595636616140435	-0.059163811328914545	0.07275837094951447	-0.06345296699182344	0.06196529783157832	-0.061415051083087605	0.06537946118594817	-0.07385082763056931	0.07083230346310312	-0.0681294211319883	0.07837170712800672	-0.08800096614088734	0.12801660447474913	-0.19643711496757013	0.19212673083012624	-0.07686982504303108	0.1167889951507868	-0.182181145716657	0.29059780691008175	-0.8077697523299606	0.11353177189689419	-0.12529329728226474	0.1396496883721657	-0.4232347154340169	0.9999999999999859	-0.08786997246694686	0.08327713374836461	-0.10223969600617328	0.09261657409602406	-0.13550312486790073
0.04770015162167781	-0.05287461843024352	0.05401154929375239	-0.013988085322524582	0.015021133342768236	-0.046017593399904556	0.06664945326477735	-0.051912927028833065	0.08701944130055009	-0.05424871985426224	0.05877229822757434	-0.05828963677988601	0.12447670404291998	-0.07332161732298878	0.07967993111590485	-0.09442476410474285	0.09302778725850545	-0.09907139232309915	0.06621039915676105	-0.0607829547686574	0.1031990828695105	-0.10377293049752262	0.09954515096479863	-0.06484421339628245	0.057388766993208294	-0.15449758567702285	0.14050866347115257	-0.1698143944476293	0.08499540965899996	-0.0948777756724296	0.16919558721885544	-0.2073025595446871	0.17994844844003702	-0.10689237208183575	0.07221136277865342	-0.40871271235355633	0.2477047498061788	-0.21029830653917145	0.132930507888491	-0.08786997246694686	0.9999999999999858	-0.7668758328897195	0.20264838356513776	-0.16402896242600182	0.1864225323055599
-0.04268397845182859	0.04701401394400108	-0.04905080048259555	0.01272596490049114	-0.013678681123813253	0.04078922943055701	-0.059451915964483834	0.04694004286764944	-0.07986013814183683	0.04956406404984083	-0.05203113320705795	0.05125118300169826	-0.11406512676553016	0.06679715347307871	-0.07306885170085686	0.0800208200868971	-0.08149353938760168	0.08751502535169092	-0.06021813806980445	0.05515776333799082	-0.0887928799513359	0.08940273127673684	-0.08891142002921286	0.058771099620921266	-0.052386258263242114	0.12286288502329812	-0.12314014567466595	0.14862660207972636	-0.07959724615224698	0.08734743633435851	-0.1381372556735759	0.17729465159067873	-0.18169135403469397	0.10271969828605514	-0.06935571818245703	0.24580286786855973	-0.3780650959978358	0.20610408703507804	-0.13484231358767518	0.08327713374836461	-0.7668758328897195	0.9999999999999867	-0.2976799474576113	0.17492893813451438	-0.20420776309871347
0.04277211361216217	-0.04788415822789831	0.04943084936541426	-0.012954260709325694	0.013907769627505923	-0.040493629903943236	0.05838371832331647	-0.04753042213230542	0.08099226868533532	-0.050673100164438545	0.05053252490215643	-0.050077497548200095	0.11407906268164245	-0.06825354171566682	0.07422449173773255	-0.07764381965139981	0.07661632336107022	-0.08897727528403969	0.06219376734090685	-0.05803271740142693	0.0818780814509595	-0.08522584355218357	0.08664078025362937	-0.06213711625941997	0.05513190479202873	-0.11448323286610997	0.10972370530387911	-0.1477470844108009	0.0864977075904568	-0.09972870762515447	0.11281598468086113	-0.15296592270801643	0.1470118406580626	-0.1196824592621983	0.07957144159870795	-0.21138189979475308	0.16108693764645313	-0.1507415348198748	0.15441990689085616	-0.10223969600617328	0.20264838356513776	-0.2976799474576113	0.999999999999987	-0.7632602916943768	0.30281598494907624
