1.0000000000000002	-0.5959897711338248	0.26030987595798866	-0.06600106681185958	0.06662586084073163	-0.5490598869229818	0.2907302786144779	-0.26078269835346773	0.1615613273560852	-0.14173353128485267	0.18282270531360262	-0.2634234051083786	0.21267950967196797	-0.2005852419396586	0.10955696210566714	-0.1459361486198053	0.1659362544578143	-0.17589134928010838	0.1168457921715652	-0.0924997942290359	0.17046724784048622	-0.17071494887481833	0.16861174961124098	-0.12649869128047078	0.07675451687525245	-0.1364873058673261	0.11975552529545815	-0.13296340067443202	0.08526317322287617	-0.10739476961541254	0.09621713301109493	-0.1015230101645046	0.08447030619176746	-0.08826160412189009	0.05489363652569566	-0.05617312912852056	0.03935962380565959	-0.060929519114107225	0.07104586148124274	-0.06105806782521962
-0.5959897711338248	1.0000000000000004	-0.552428490870939	0.07496554189976759	-0.07940471781746367	0.2727636449328023	-0.3345182538974253	0.26569830058708604	-0.1749824442796501	0.11736293010245451	-0.16693174751934595	0.22258042452930363	-0.223716124653985	0.17771568104210725	-0.09920235750945013	0.12380233058183789	-0.15736040681254196	0.15919388800911824	-0.10595878439756565	0.07715594821157444	-0.16388387211807987	0.14415311564434954	-0.16673928309622302	0.10711716279878507	-0.0658137541875226	0.11566300203465393	-0.1092700659423259	0.11517269853696291	-0.07192302183182	0.08703763199990987	-0.08420432047552198	0.08455457907473546	-0.07172967969367083	0.0726213900649925	-0.04542384619815001	0.04557636502608308	-0.03248672562730082	0.04999866081917148	-0.060286056731295244	0.049120428898403984
0.26030987595798866	-0.552428490870939	1.0000000000000004	-0.10599647904473639	0.09893677914227013	-0.2058435431632924	0.2056211773316293	-0.6281361535555233	0.2395989716945879	-0.16281014134850177	0.1288125791914067	-0.2123247075655285	0.21687804666734323	-0.27326618062551405	0.12755500182136498	-0.1012886427883358	0.12816029533539314	-0.15631134897741183	0.09940384772739463	-0.07540496071150586	0.12747211700754618	-0.12452725439991243	0.1390497559752605	-0.10339619995494649	0.0630684798236285	-0.09781806932930068	0.09076002297871864	-0.10044961472480127	0.06495565278264502	-0.07976939294344704	0.07023484974654173	-0.07237732765382908	0.06175560214736561	-0.06372226531904583	0.03922062745252719	-0.03899396257538326	0.027676193588854092	-0.04283630853326765	0.050969941315269066	-0.042738773602514935
-0.06600106681185958	0.07496554189976759	-0.10599647904473639	1.0	-0.9691776221933026	0.04959687087127521	-0.050162471347706246	0.10208924649888852	-0.15837736994435414	0.07763338972520584	-0.03651934943492582	0.053344881367663355	-0.06112459395659463	0.12242886975903981	-0.06557754208645916	0.028403593698941576	-0.03714731439103213	0.043653263376678554	-0.030185824878384303	0.024190795750582424	-0.037688187391040066	0.03544952966656173	-0.04127268947646641	0.030658527278326398	-0.02051203895725214	0.02826878758825413	-0.026635633637597304	0.02900730348494438	-0.019613048225294933	0.023814121856953047	-0.020775492169551015	0.02114772951609142	-0.018425066321343057	0.01887711539143299	-0.011735520195077162	0.011540871344700903	-0.008221287964377835	0.012721045353080718	-0.015318810296535302	0.012675924295501313
0.06662586084073163	-0.07940471781746367	0.09893677914227013	-0.9691776221933026	1.0000000000000004	-0.05213763695111312	0.051718286213159916	-0.10645356601519629	0.13740996391384724	-0.08806791457869725	0.037859089938733256	-0.05646426108411014	0.06315713516446364	-0.1359943074283078	0.06913738354993032	-0.029663132850199614	0.038607334918313786	-0.04603397384654831	0.03176288560878367	-0.02574871679941977	0.039062609656936594	-0.037266907604564976	0.04280704786650031	-0.03257362806295598	0.021707806175682347	-0.029681671038270973	0.027803033780664684	-0.03047981850565722	0.02071650823428847	-0.025269279097115772	0.021757278501647596	-0.02225590225367176	0.01937923554019346	-0.01992795856139021	0.01236884997309544	-0.012167598039665276	0.008655609009087864	-0.013404250921910285	0.016092142188977834	-0.013391976567746365
-0.5490598869229818	0.2727636449328023	-0.2058435431632924	0.04959687087127521	-0.05213763695111312	1.0	-0.6359141909407096	0.1862382491484425	-0.1260320143672168	0.09380468399873561	-0.25866502057278645	0.27397307961187717	-0.2323138166109664	0.139631623208651	-0.07897567423128322	0.16345701728013612	-0.1814686057876167	0.16546746694715353	-0.10724702902943717	0.0766445086265779	-0.18441468823644003	0.16064371073377537	-0.1714232915177036	0.10885818668749214	-0.06511721693188532	0.1261402677121239	-0.11588510962613875	0.12175775190485427	-0.0729443059769207	0.08869834958641018	-0.08842624408765136	0.08931013129186982	-0.07365532673118341	0.07479963608067614	-0.045942739376979236	0.046589697660121956	-0.03316149566101134	0.051014376767701194	-0.06075976277008952	0.04999834644273604
0.2907302786144779	-0.3345182538974253	0.2056211773316293	-0.050162471347706246	0.051718286213159916	-0.6359141909407096	0.9999999999999997	-0.2300513702484987	0.13463219323437992	-0.09875996622551984	0.18760024222230964	-0.5323454244620892	0.2479985654340734	-0.15556065907160022	0.08150888045539266	-0.14098112771326754	0.15931205996907535	-0.17467775832254268	0.10538581414238121	-0.07523292182830513	0.15161006927896267	-0.1491025378893183	0.1563232116487911	-0.10874310930406335	0.063131169908542	-0.11279233379511783	0.10343196253402255	-0.11303012521998326	0.06869201078484258	-0.08411065719047588	0.07849152195847403	-0.08075006502750007	0.06702290061529916	-0.06888294522612785	0.04188329993885251	-0.042141429442601366	0.0299357448442551	-0.0462236484058275	0.05468688595215363	-0.04573527952239528
-0.26078269835346773	0.26569830058708604	-0.6281361535555233	0.10208924649888852	-0.10645356601519629	0.1862382491484425	-0.2300513702484987	1.0	-0.4737280601247148	0.15280197556725736	-0.13492447758359627	0.21249154159841463	-0.32577346194539725	0.27631647016793087	-0.13848336264417704	0.10277091578079216	-0.13697663883000122	0.16854057107254578	-0.10722974316272119	0.07492284327471505	-0.1334670149653189	0.12470308717904795	-0.1551441514785762	0.10379078209212943	-0.06404014315104876	0.0975497022786245	-0.09431761892912786	0.10200682315702124	-0.0650232142030036	0.07786143962858354	-0.07093872914097012	0.07158772099339918	-0.06169667096095889	0.06270804145420938	-0.038656348757539705	0.03807286369944387	-0.027230733156840027	0.042046510332625596	-0.050729091254815874	0.04158616395033249
0.1615613273560852	-0.1749824442796501	0.2395989716945879	-0.15837736994435414	0.13740996391384724	-0.1260320143672168	0.13463219323437992	-0.4737280601247148	1.0	-0.2591599719995659	0.09337327499855538	-0.1516124503851857	0.19106935653321222	-0.7308658867574387	0.20840204563755343	-0.07270755925383136	0.09614903387642686	-0.12448625625958445	0.08359386891202197	-0.06522157351629886	0.09434787509509611	-0.09030331529961454	0.10861427501415216	-0.08284814833776671	0.05502481468276601	-0.0707737529361302	0.06764665472342136	-0.07425175613332897	0.05039692289978093	-0.060695749875033664	0.05177884281048542	-0.052633733292519816	0.04612772781357529	-0.04727065298406833	0.029065067633501356	-0.02826517366448253	0.020206084494544196	-0.031304524419311426	0.03776599981747073	-0.031243907311364075
-0.14173353128485267	0.11736293010245451	-0.16281014134850177	0.07763338972520584	-0.08806791457869725	0.09380468399873561	-0.09875996622551984	0.15280197556725736	-0.2591599719995659	0.9999999999999986	-0.07872654697690266	0.10127192909976364	-0.12591822658933666	0.24963329009962065	-0.8860943380954778	0.05994220402308109	-0.08101037791337377	0.09154015584040837	-0.07549963463982443	0.08677577800361497	-0.08419501804267036	0.07417834201364082	-0.09281923195886635	0.07322720688410599	-0.07733434211015301	0.06043787256972949	-0.05863704808255817	0.06206405993961275	-0.04944667987251183	0.05788036734662877	-0.046509862933925464	0.04616622906573295	-0.042926125265432755	0.04333018489540507	-0.027136784699370736	0.025461633820851107	-0.018372567449581538	0.028517251428020016	-0.03537085866453749	0.028499684307796588
0.18282270531360262	-0.16693174751934595	0.1288125791914067	-0.03651934943492582	0.037859089938733256	-0.25866502057278645	0.18760024222230964	-0.13492447758359627	0.09337327499855538	-0.07872654697690266	0.9999999999999992	-0.2763097267627173	0.18692675213233487	-0.11200713578853116	0.06503181212259058	-0.7466197584600535	0.27244210805823565	-0.1978995602593864	0.12167981138539125	-0.09429600069266875	0.2696309853102932	-0.28715098315637433	0.18774812033602903	-0.13567999209532736	0.07786776420017552	-0.21245483124442088	0.15882105779199052	-0.1750459804747856	0.09399345485135359	-0.11918502798026669	0.12504237556689915	-0.13501659601681554	0.10003325687808501	-0.10454829215798223	0.06070687585480876	-0.06459940676581352	0.045366665245383	-0.06984426207877925	0.07891831805926136	-0.06825255343595754
-0.2634234051083786	0.22258042452930363	-0.2123247075655285	0.053344881367663355	-0.05646426108411014	0.27397307961187717	-0.5323454244620892	0.21249154159841463	-0.1516124503851857	0.10127192909976364	-0.2763097267627173	0.9999999999999982	-0.5758961938217079	0.16584040854030804	-0.08972616612718959	0.17985239831457447	-0.2368513022240274	0.24325253188914697	-0.1454927852123366	0.09172488286105174	-0.19881421111917058	0.18910684572359576	-0.22539618081952745	0.13662539874775886	-0.07850910120871045	0.1390838842691996	-0.13498898822303945	0.14372666783996046	-0.08470064581644023	0.10090279913214313	-0.09742424903805136	0.09813482836736921	-0.08193456192877711	0.08297416561130862	-0.05008178614195136	0.049866471038319135	-0.03572363751846963	0.05504954070264076	-0.06580682357788331	0.054023928900890805
0.21267950967196797	-0.223716124653985	0.21687804666734323	-0.06112459395659463	0.06315713516446364	-0.2323138166109664	0.2479985654340734	-0.32577346194539725	0.19106935653321222	-0.12591822658933666	0.18692675213233487	-0.5758961938217079	0.9999999999999987	-0.2534679122043696	0.11008516819346684	-0.1521554523037539	0.20414136681351552	-0.4882056484611447	0.1844372183708397	-0.1141008864385989	0.17539091273351318	-0.1907568375062327	0.23614670813096736	-0.18289267416237456	0.09455329837840439	-0.1390173565230791	0.13463699114804756	-0.15840087713699266	0.09636012953989516	-0.11601423268474265	0.09746693377648555	-0.10083371893037595	0.08625723005392731	-0.08941023047239702	0.05296184094455717	-0.05153233987225653	0.0368690837854939	-0.05724477652004154	0.06799993869300824	-0.05724082537116884
-0.2005852419396586	0.17771568104210725	-0.27326618062551405	0.12242886975903981	-0.1359943074283078	0.139631623208651	-0.15556065907160022	0.27631647016793087	-0.7308658867574387	0.24963329009962065	-0.11200713578853116	0.16584040854030804	-0.2534679122043696	0.999999999999998	-0.3491428951518679	0.08553852306943864	-0.11587954905170676	0.1428566651233393	-0.10286073981301368	0.07759283270893506	-0.11426814534459803	0.10528789944807412	-0.13328644596847655	0.09615062594963798	-0.06684344243263636	0.08311378572009975	-0.08093835842023246	0.08713342374064165	-0.05944359105839312	0.07047271687253052	-0.06147622135492857	0.06170057006180275	-0.05449259932793022	0.0553046916228038	-0.03419022554419825	0.03310409272908413	-0.023756009085723697	0.036745710436782625	-0.044724949491922815	0.03648261556022463
0.10955696210566714	-0.09920235750945013	0.12755500182136498	-0.06557754208645916	0.06913738354993032	-0.07897567423128322	0.08150888045539266	-0.13848336264417704	0.20840204563755343	-0.8860943380954778	0.06503181212259058	-0.08972616612718959	0.11008516819346684	-0.3491428951518679	0.9999999999999973	-0.05026362954538385	0.06768734149900978	-0.08186002166432864	0.0682825483251538	-0.09206862198047443	0.06927737309318649	-0.06313392949424543	0.0778132923423426	-0.06750378820929223	0.07329414181956802	-0.05114171835232757	0.04924867377741699	-0.05302443999304618	0.0440832208138797	-0.05233400502602359	0.03931140708333049	-0.039411736458181204	0.03701529573419991	-0.03777798842549571	0.023440526721136466	-0.02174408915249032	0.015674550282732538	-0.02442031768908127	0.03014813325741883	-0.024667136799063544
-0.1459361486198053	0.12380233058183789	-0.1012886427883358	0.028403593698941576	-0.029663132850199614	0.16345701728013612	-0.14098112771326754	0.10277091578079216	-0.07270755925383136	0.05994220402308109	-0.7466197584600535	0.17985239831457447	-0.1521554523037539	0.08553852306943864	-0.05026362954538385	0.9999999999999968	-0.40586014022707617	0.16300534423199578	-0.10030976439613304	0.07374319254572541	-0.39400947472118314	0.2565661147684227	-0.16603369432133572	0.10684599737769797	-0.06178265362636984	0.18747346747625457	-0.14330641591802423	0.14513501089545588	-0.07535772769000999	0.09359281952616037	-0.11031545150357484	0.1124000237881325	-0.08251112363283003	0.08418490453546233	-0.04860731627559702	0.051742278155818826	-0.03670248057024702	0.056152513576445635	-0.0642002840109945	0.05400332880164186
0.1659362544578143	-0.15736040681254196	0.12816029533539314	-0.03714731439103213	0.038607334918313786	-0.1814686057876167	0.15931205996907535	-0.13697663883000122	0.09614903387642686	-0.08101037791337377	0.27244210805823565	-0.2368513022240274	0.20414136681351552	-0.11587954905170676	0.06768734149900978	-0.40586014022707617	0.9999999999999986	-0.31787434856936353	0.1564329132438443	-0.10992367382141208	0.27203069555320697	-0.6826043930053833	0.24877041044340575	-0.16811252783121028	0.09087042648926635	-0.21098094202809742	0.20278604288999877	-0.21256935134469299	0.10523008840079226	-0.13004684298610655	0.1335687406140199	-0.14011303357703705	0.10779934632128604	-0.1105426345612649	0.0639677535641051	-0.06610647371650022	0.04702669932656507	-0.07238900120238059	0.08346326248734667	-0.07056461638079309
-0.17589134928010838	0.15919388800911824	-0.15631134897741183	0.043653263376678554	-0.04603397384654831	0.16546746694715353	-0.17467775832254268	0.16854057107254578	-0.12448625625958445	0.09154015584040837	-0.1978995602593864	0.24325253188914697	-0.4882056484611447	0.1428566651233393	-0.08186002166432864	0.16300534423199578	-0.31787434856936353	0.9999999999999983	-0.41548513242272544	0.14532797309715512	-0.21165224742997674	0.2328824659244641	-0.502483445356529	0.24981893271098807	-0.12706352266680415	0.16298647528981328	-0.18180390190972437	0.2097395437573837	-0.1251295098035533	0.14056989147769908	-0.11787761416146657	0.11860075895886357	-0.10543924828767641	0.10692053358449961	-0.06271238912427902	0.05911486896349002	-0.04288540117468834	0.06658581340747043	-0.08053480297589984	0.06625033729151343
0.1168457921715652	-0.10595878439756565	0.09940384772739463	-0.030185824878384303	0.03176288560878367	-0.10724702902943717	0.10538581414238121	-0.10722974316272119	0.08359386891202197	-0.07549963463982443	0.12167981138539125	-0.1454927852123366	0.1844372183708397	-0.10286073981301368	0.0682825483251538	-0.10030976439613304	0.1564329132438443	-0.41548513242272544	0.9999999999999998	-0.29868390960876756	0.14107292607052813	-0.1440581913502016	0.2136651457758989	-0.7455316210938824	0.2253801410860128	-0.11306754017072179	0.11578708906736744	-0.1336404342165712	0.18082009353318693	-0.2038468941511314	0.09305749273562745	-0.09488817258095994	0.10415960081061272	-0.11685933923231169	0.06525166122562628	-0.052691970482405294	0.03859563296869285	-0.061839877677359226	0.07686215619570756	-0.06709925084017321
-0.0924997942290359	0.07715594821157444	-0.07540496071150586	0.024190795750582424	-0.02574871679941977	0.0766445086265779	-0.07523292182830513	0.07492284327471505	-0.06522157351629886	0.08677577800361497	-0.09429600069266875	0.09172488286105174	-0.1141008864385989	0.07759283270893506	-0.09206862198047443	0.07374319254572541	-0.10992367382141208	0.14532797309715512	-0.29868390960876756	0.9999999999999968	-0.11610546590099628	0.09851498699483584	-0.14583477642686332	0.2484898158865943	-0.8650509658493643	0.08720657452795152	-0.0886909667467039	0.09307254119440905	-0.17484138754214976	0.1896573827107589	-0.08209922760261798	0.0792320190443085	-0.10050886505100098	0.10141304350245095	-0.06230059320877208	0.046382717837944946	-0.034794278487597974	0.055854561455528084	-0.0742441925034919	0.05974938071133006
0.17046724784048622	-0.16388387211807987	0.12747211700754618	-0.037688187391040066	0.039062609656936594	-0.18441468823644003	0.15161006927896267	-0.1334670149653189	0.09434787509509611	-0.08419501804267036	0.2696309853102932	-0.19881421111917058	0.17539091273351318	-0.11426814534459803	0.06927737309318649	-0.39400947472118314	0.27203069555320697	-0.21165224742997674	0.14107292607052813	-0.11610546590099628	0.999999999999993	-0.390440008442194	0.23976536933104575	-0.16082088009286424	0.09676410962367143	-0.5573788392376714	0.2647286088756077	-0.2733688940554312	0.13107617751674375	-0.16750357080220088	0.22953137938880547	-0.24615898322373891	0.15837061183598578	-0.16433610700059334	0.09027162954126065	-0.10184000512497032	0.0715890299258837	-0.1090016632114223	0.11960055492346637	-0.10271300614165907
-0.17071494887481833	0.14415311564434954	-0.12452725439991243	0.03544952966656173	-0.037266907604564976	0.16064371073377537	-0.1491025378893183	0.12470308717904795	-0.09030331529961454	0.07417834201364082	-0.28715098315637433	0.18910684572359576	-0.1907568375062327	0.10528789944807412	-0.06313392949424543	0.2565661147684227	-0.6826043930053833	0.2328824659244641	-0.1440581913502016	0.09851498699483584	-0.390440008442194	0.999999999999995	-0.33319715356114554	0.14568886666302858	-0.08430350144815521	0.23545531811643122	-0.31399730040374946	0.2368248306428419	-0.10358460968284355	0.12348225628461784	-0.15781034125730203	0.1527741514736217	-0.11629934958579	0.11290763272913366	-0.06554969722411447	0.0683177092360684	-0.04946954739166999	0.07515187363417006	-0.08869874548675379	0.07088081618770951
0.16861174961124098	-0.16673928309622302	0.1390497559752605	-0.04127268947646641	0.04280704786650031	-0.1714232915177036	0.1563232116487911	-0.1551441514785762	0.10861427501415216	-0.09281923195886635	0.18774812033602903	-0.22539618081952745	0.23614670813096736	-0.13328644596847655	0.0778132923423426	-0.16603369432133572	0.24877041044340575	-0.502483445356529	0.2136651457758989	-0.14583477642686332	0.23976536933104575	-0.33319715356114554	0.9999999999999967	-0.24145581644382966	0.11995857126021046	-0.2471001820358748	0.27063140365201144	-0.526469745322805	0.1385675644232896	-0.1680177965017891	0.15952693445328622	-0.17236978358987032	0.1379588036269998	-0.14089445916035848	0.07775121526290212	-0.07816158990863845	0.056181427796542754	-0.08732826669131528	0.10049703148497248	-0.08496005479964139
-0.12649869128047078	0.10711716279878507	-0.10339619995494649	0.030658527278326398	-0.03257362806295598	0.10885818668749214	-0.10874310930406335	0.10379078209212943	-0.08284814833776671	0.07322720688410599	-0.13567999209532736	0.13662539874775886	-0.18289267416237456	0.09615062594963798	-0.06750378820929223	0.10684599737769797	-0.16811252783121028	0.24981893271098807	-0.7455316210938824	0.2484898158865943	-0.16082088009286424	0.14568886666302858	-0.24145581644382966	0.9999999999999918	-0.3249516752610709	0.1218941618519526	-0.12894291173101066	0.1383449049206079	-0.28221209848801715	0.22206151853003805	-0.10670650157058992	0.10535036960254328	-0.1268707151271322	0.1366589299849595	-0.07583394578672771	0.05920363644110027	-0.04404506930293382	0.07062107862202116	-0.09078667714859967	0.07500056825529883
0.07675451687525245	-0.0658137541875226	0.0630684798236285	-0.02051203895725214	0.021707806175682347	-0.06511721693188532	0.063131169908542	-0.06404014315104876	0.05502481468276601	-0.07733434211015301	0.07786776420017552	-0.07850910120871045	0.09455329837840439	-0.06684344243263636	0.07329414181956802	-0.06178265362636984	0.09087042648926635	-0.12706352266680415	0.2253801410860128	-0.8650509658493643	0.09676410962367143	-0.08430350144815521	0.11995857126021046	-0.3249516752610709	0.999999999999992	-0.07552736477943796	0.0754361135237866	-0.08096350327033247	0.17276421288328814	-0.2493562566100709	0.0718948583001215	-0.07106499871316359	0.09183810705111209	-0.09854103500288698	0.058705119584330376	-0.042002334885988826	0.03137562110191374	-0.05085918316047032	0.06648885170519267	-0.057241090219597605
-0.1364873058673261	0.11566300203465393	-0.09781806932930068	0.02826878758825413	-0.029681671038270973	0.1261402677121239	-0.11279233379511783	0.0975497022786245	-0.0707737529361302	0.06043787256972949	-0.21245483124442088	0.1390838842691996	-0.1390173565230791	0.08311378572009975	-0.05114171835232757	0.18747346747625457	-0.21098094202809742	0.16298647528981328	-0.11306754017072179	0.08720657452795152	-0.5573788392376714	0.23545531811643122	-0.2471001820358748	0.1218941618519526	-0.07552736477943796	0.9999999999999911	-0.4777286276176254	0.2599999268555479	-0.11213788716302339	0.13202072907682363	-0.45174495401393905	0.2630706341114972	-0.16379959916831147	0.14565674647845012	-0.07791114519437572	0.08916526790070164	-0.06650274415693175	0.096187274806145	-0.11119806729783493	0.08387105328556962
0.11975552529545815	-0.1092700659423259	0.09076002297871864	-0.026635633637597304	0.027803033780664684	-0.11588510962613875	0.10343196253402255	-0.09431761892912786	0.06764665472342136	-0.05863704808255817	0.15882105779199052	-0.13498898822303945	0.13463699114804756	-0.08093835842023246	0.04924867377741699	-0.14330641591802423	0.20278604288999877	-0.18180390190972437	0.11578708906736744	-0.0886909667467039	0.2647286088756077	-0.31399730040374946	0.27063140365201144	-0.12894291173101066	0.0754361135237866	-0.4777286276176254	0.9999999999999903	-0.6669279102778058	0.1093429268727986	-0.12964591919500837	0.22023647268128604	-0.25435806964578145	0.14668204413572342	-0.13615480278431943	0.0691994395840174	-0.07618659321626897	0.05633230788330644	-0.08471480790640504	0.09520527302338595	-0.07534059400557205
-0.13296340067443202	0.11517269853696291	-0.10044961472480127	0.02900730348494438	-0.03047981850565722	0.12175775190485427	-0.11303012521998326	0.10200682315702124	-0.07425175613332897	0.06206405993961275	-0.1750459804747856	0.14372666783996046	-0.15840087713699266	0.08713342374064165	-0.05302443999304618	0.14513501089545588	-0.21256935134469299	0.2097395437573837	-0.1336404342165712	0.09307254119440905	-0.2733688940554312	0.2368248306428419	-0.526469745322805	0.1383449049206079	-0.08096350327033247	0.2599999268555479	-0.6669279102778058	0.9999999999999918	-0.12044573027419835	0.13146267387775087	-0.18817533776934475	0.1798381744213416	-0.1546714910216193	0.13154560204864188	-0.06983626004536096	0.07185248275800134	-0.05368560086474024	0.0818611695203329	-0.0960862608412377	0.07394094267085463
0.08526317322287617	-0.07192302183182	0.06495565278264502	-0.019613048225294933	0.02071650823428847	-0.0729443059769207	0.06869201078484258	-0.0650232142030036	0.05039692289978093	-0.04944667987251183	0.09399345485135359	-0.08470064581644023	0.09636012953989516	-0.05944359105839312	0.0440832208138797	-0.07535772769000999	0.10523008840079226	-0.1251295098035533	0.18082009353318693	-0.17484138754214976	0.13107617751674375	-0.10358460968284355	0.1385675644232896	-0.28221209848801715	0.17276421288328814	-0.11213788716302339	0.1093429268727986	-0.12044573027419835	0.9999999999999923	-0.7778765623903401	0.12988740733412266	-0.13815741954644853	0.22551786649870456	-0.39735251210337197	0.1325772918368745	-0.08378455530901124	0.06352646762157602	-0.10897633578384217	0.13857186192448556	-0.12939218921421786
-0.10739476961541254	0.08703763199990987	-0.07976939294344704	0.023814121856953047	-0.025269279097115772	0.08869834958641018	-0.08411065719047588	0.07786143962858354	-0.060695749875033664	0.05788036734662877	-0.11918502798026669	0.10090279913214313	-0.11601423268474265	0.07047271687253052	-0.05233400502602359	0.09359281952616037	-0.13004684298610655	0.14056989147769908	-0.2038468941511314	0.1896573827107589	-0.16750357080220088	0.12348225628461784	-0.1680177965017891	0.22206151853003805	-0.2493562566100709	0.13202072907682363	-0.12964591919500837	0.13146267387775087	-0.7778765623903401	0.9999999999999933	-0.16051513058472228	0.15088536487924745	-0.26230110310385085	0.25888242510198894	-0.16826611936336855	0.09330171604050569	-0.07268352542551235	0.12017087605948196	-0.16876649945919847	0.14084425499758604
0.09621713301109493	-0.08420432047552198	0.07023484974654173	-0.020775492169551015	0.021757278501647596	-0.08842624408765136	0.07849152195847403	-0.07093872914097012	0.05177884281048542	-0.046509862933925464	0.12504237556689915	-0.09742424903805136	0.09746693377648555	-0.06147622135492857	0.03931140708333049	-0.11031545150357484	0.1335687406140199	-0.11787761416146657	0.09305749273562745	-0.08209922760261798	0.22953137938880547	-0.15781034125730203	0.15952693445328622	-0.10670650157058992	0.0718948583001215	-0.45174495401393905	0.22023647268128604	-0.18817533776934475	0.12988740733412266	-0.16051513058472228	0.9999999999999944	-0.7384653105095518	0.23468422903828112	-0.22594209449183367	0.09673593052400525	-0.13377128662091528	0.09749146784729186	-0.13640154675391164	0.14120053460222973	-0.1085358739336556
-0.1015230101645046	0.08455457907473546	-0.07237732765382908	0.02114772951609142	-0.02225590225367176	0.08931013129186982	-0.08075006502750007	0.07158772099339918	-0.052633733292519816	0.04616622906573295	-0.13501659601681554	0.09813482836736921	-0.10083371893037595	0.06170057006180275	-0.039411736458181204	0.1124000237881325	-0.14011303357703705	0.11860075895886357	-0.09488817258095994	0.0792320190443085	-0.24615898322373891	0.1527741514736217	-0.17236978358987032	0.10535036960254328	-0.07106499871316359	0.2630706341114972	-0.25435806964578145	0.1798381744213416	-0.13815741954644853	0.15088536487924745	-0.7384653105095518	0.9999999999999951	-0.40390303660795146	0.22639056509773972	-0.10144648510214326	0.12417292295270421	-0.10696921625699587	0.14033055169283948	-0.15736884679873087	0.10441812155593194
0.08447030619176746	-0.07172967969367083	0.06175560214736561	-0.018425066321343057	0.01937923554019346	-0.07365532673118341	0.06702290061529916	-0.06169667096095889	0.04612772781357529	-0.042926125265432755	0.10003325687808501	-0.08193456192877711	0.08625723005392731	-0.05449259932793022	0.03701529573419991	-0.08251112363283003	0.10779934632128604	-0.10543924828767641	0.10415960081061272	-0.10050886505100098	0.15837061183598578	-0.11629934958579	0.1379588036269998	-0.1268707151271322	0.09183810705111209	-0.16379959916831147	0.14668204413572342	-0.1546714910216193	0.22551786649870456	-0.26230110310385085	0.23468422903828112	-0.40390303660795146	0.9999999999999952	-0.7054576626417874	0.15734529036672912	-0.15933112079699097	0.12722210006737777	-0.2625819373349268	0.2263997789547353	-0.17150405109278688
-0.08826160412189009	0.0726213900649925	-0.06372226531904583	0.01887711539143299	-0.01992795856139021	0.07479963608067614	-0.06888294522612785	0.06270804145420938	-0.04727065298406833	0.04333018489540507	-0.10454829215798223	0.08297416561130862	-0.08941023047239702	0.0553046916228038	-0.03777798842549571	0.08418490453546233	-0.1105426345612649	0.10692053358449961	-0.11685933923231169	0.10141304350245095	-0.16433610700059334	0.11290763272913366	-0.14089445916035848	0.1366589299849595	-0.09854103500288698	0.14565674647845012	-0.13615480278431943	0.13154560204864188	-0.39735251210337197	0.25888242510198894	-0.22594209449183367	0.22639056509773972	-0.7054576626417874	0.999999999999995	-0.222622954419169	0.1350073091662068	-0.10955980319692932	0.19259852281471002	-0.27502966304730897	0.18031356474546223
0.05489363652569566	-0.04542384619815001	0.03922062745252719	-0.011735520195077162	0.01236884997309544	-0.045942739376979236	0.04188329993885251	-0.038656348757539705	0.029065067633501356	-0.027136784699370736	0.06070687585480876	-0.05008178614195136	0.05296184094455717	-0.03419022554419825	0.023440526721136466	-0.04860731627559702	0.0639677535641051	-0.06271238912427902	0.06525166122562628	-0.06230059320877208	0.09027162954126065	-0.06554969722411447	0.07775121526290212	-0.07583394578672771	0.058705119584330376	-0.07791114519437572	0.0691994395840174	-0.06983626004536096	0.1325772918368745	-0.16826611936336855	0.09673593052400525	-0.10144648510214326	0.15734529036672912	-0.222622954419169	0.999999999999994	-0.09667265810548142	0.06786740362559113	-0.12030400596268698	0.1549521651013946	-0.9239348045356596
-0.05617312912852056	0.04557636502608308	-0.03899396257538326	0.011540871344700903	-0.012167598039665276	0.046589697660121956	-0.042141429442601366	0.03807286369944387	-0.02826517366448253	0.025461633820851107	-0.06459940676581352	0.049866471038319135	-0.05153233987225653	0.03310409272908413	-0.02174408915249032	0.051742278155818826	-0.06610647371650022	0.05911486896349002	-0.052691970482405294	0.046382717837944946	-0.10184000512497032	0.0683177092360684	-0.07816158990863845	0.05920363644110027	-0.042002334885988826	0.08916526790070164	-0.07618659321626897	0.07185248275800134	-0.08378455530901124	0.09330171604050569	-0.13377128662091528	0.12417292295270421	-0.15933112079699097	0.1350073091662068	-0.09667265810548142	0.9999999999999951	-0.7988950648664839	0.30849917045066455	-0.44745388005153486	0.09554258650459221
0.03935962380565959	-0.03248672562730082	0.027676193588854092	-0.008221287964377835	0.008655609009087864	-0.03316149566101134	0.0299357448442551	-0.027230733156840027	0.020206084494544196	-0.018372567449581538	0.045366665245383	-0.03572363751846963	0.0368690837854939	-0.023756009085723697	0.015674550282732538	-0.03670248057024702	0.04702669932656507	-0.04288540117468834	0.03859563296869285	-0.034794278487597974	0.0715890299258837	-0.04946954739166999	0.056181427796542754	-0.04404506930293382	0.03137562110191374	-0.06650274415693175	0.05633230788330644	-0.05368560086474024	0.06352646762157602	-0.07268352542551235	0.09749146784729186	-0.10696921625699587	0.12722210006737777	-0.10955980319692932	0.06786740362559113	-0.7988950648664839	0.9999999999999956	-0.5029353191621452	0.28751175756622505	-0.07038296346678868
-0.060929519114107225	0.04999866081917148	-0.04283630853326765	0.012721045353080718	-0.013404250921910285	0.051014376767701194	-0.0462236484058275	0.042046510332625596	-0.031304524419311426	0.028517251428020016	-0.06984426207877925	0.05504954070264076	-0.05724477652004154	0.036745710436782625	-0.02442031768908127	0.056152513576445635	-0.07238900120238059	0.06658581340747043	-0.061839877677359226	0.055854561455528084	-0.1090016632114223	0.07515187363417006	-0.08732826669131528	0.07062107862202116	-0.05085918316047032	0.096187274806145	-0.08471480790640504	0.0818611695203329	-0.10897633578384217	0.12017087605948196	-0.13640154675391164	0.14033055169283948	-0.2625819373349268	0.19259852281471002	-0.12030400596268698	0.30849917045066455	-0.5029353191621452	0.9999999999999953	-0.7181890466892557	0.12162209733861432
0.07104586148124274	-0.060286056731295244	0.050969941315269066	-0.015318810296535302	0.016092142188977834	-0.06075976277008952	0.05468688595215363	-0.050729091254815874	0.03776599981747073	-0.03537085866453749	0.07891831805926136	-0.06580682357788331	0.06799993869300824	-0.044724949491922815	0.03014813325741883	-0.0642002840109945	0.08346326248734667	-0.08053480297589984	0.07686215619570756	-0.0742441925034919	0.11960055492346637	-0.08869874548675379	0.10049703148497248	-0.09078667714859967	0.06648885170519267	-0.11119806729783493	0.09520527302338595	-0.0960862608412377	0.13857186192448556	-0.16876649945919847	0.14120053460222973	-0.15736884679873087	0.2263997789547353	-0.27502966304730897	0.1549521651013946	-0.44745388005153486	0.28751175756622505	-0.7181890466892557	0.9999999999999958	-0.19282712963601353
-0.06105806782521962	0.049120428898403984	-0.042738773602514935	0.012675924295501313	-0.013391976567746365	0.04999834644273604	-0.04573527952239528	0.04158616395033249	-0.031243907311364075	0.028499684307796588	-0.06825255343595754	0.054023928900890805	-0.05724082537116884	0.03648261556022463	-0.024667136799063544	0.05400332880164186	-0.07056461638079309	0.06625033729151343	-0.06709925084017321	0.05974938071133006	-0.10271300614165907	0.07088081618770951	-0.08496005479964139	0.07500056825529883	-0.057241090219597605	0.08387105328556962	-0.07534059400557205	0.07394094267085463	-0.12939218921421786	0.14084425499758604	-0.1085358739336556	0.10441812155593194	-0.17150405109278688	0.18031356474546223	-0.9239348045356596	0.09554258650459221	-0.07038296346678868	0.12162209733861432	-0.19282712963601353	0.9999999999999956
