1.0000000000000004	-0.5661546610238589	0.24278934882018177	-0.08043247131196528	0.0667064700237089	-0.7030774222553169	0.30228363739887437	-0.24013895416113526	0.06855030175473951	-0.059957952687441	0.10809884950121025	-0.15292298980615968	0.13669185652468005	-0.07726823376162842	0.05799222141111981	-0.08816872408399715	0.12218249333737993	-0.10352121933544085	0.0712726983643566	-0.060277991696079836	0.06560010601027999	-0.07854579870162756	0.08431194903747728	-0.07573341235530123	0.05463084123334897	-0.08607518967451624	0.06897815726643836	-0.05130824656136747	0.05157355842818452	-0.07807920896029914
-0.5661546610238589	1.0000000000000004	-0.5387100186156905	0.08927136299149793	-0.0759542676199698	0.30696192189163635	-0.4812267535429321	0.28247355126453083	-0.07938763220320624	0.06617958628530378	-0.10612098636382956	0.1749789816634703	-0.17023217424474565	0.0877749082572666	-0.06584574481079748	0.08377844318655092	-0.1459138592798885	0.11680085089083299	-0.08153186587048142	0.06728853164587734	-0.06749875994737344	0.08542083497319855	-0.09567944438937001	0.0820524631025325	-0.0596913091237901	0.08492819271104078	-0.07599173617385616	0.0553881727132764	-0.05641335252882301	0.08305477778228512
0.24278934882018177	-0.5387100186156905	1.0000000000000004	-0.13379553562277227	0.10173706843486527	-0.2667638318968989	0.29532731210580826	-0.6651273970229972	0.11297478880286528	-0.09238248725428913	0.11775746762840304	-0.21760232608077143	0.22116694558587516	-0.1251185056659043	0.08886008046386228	-0.09959813670602	0.16779681999205506	-0.16200019782793226	0.11042969787483413	-0.09342465163520149	0.08350638021599877	-0.11181141621363923	0.12442487856571559	-0.1134978301336349	0.08109191427052738	-0.10876450689882883	0.09716580274039985	-0.07471657378330118	0.07475346043887439	-0.11646853711939033
-0.08043247131196528	0.08927136299149793	-0.13379553562277227	1.0000000000000004	-0.4755156633099185	0.08253419831213911	-0.11273971812757665	0.13626454699834684	-0.6643513389073545	0.24947025636764247	-0.11331857228531989	0.14216775008150287	-0.1801209805712044	0.28943264628454063	-0.2603162958664235	0.08918983177367949	-0.1730929696470796	0.1630178538699662	-0.27798252041758387	0.20816826759955637	-0.08623182111980993	0.11864715829953329	-0.15100985029971145	0.13859682488898536	-0.11055479232583969	0.1036463890664328	-0.1190567522891656	0.08628275656092449	-0.09442965326024091	0.13625910395130064
0.0667064700237089	-0.0759542676199698	0.10173706843486527	-0.4755156633099185	1.0000000000000004	-0.07221065717821112	0.09299413024546756	-0.11270719551366835	0.23775647496260566	-0.693341501107991	0.10263741694766071	-0.12788767747328605	0.14535991645902613	-0.24536853812259454	0.27688704784804336	-0.08520701864848676	0.1462220400816406	-0.15017226572801662	0.21152865279582247	-0.2643083818511324	0.08403440468589389	-0.11643898997306239	0.13803285524926995	-0.1475683041183328	0.11784688292070152	-0.10884821076823106	0.11317829744377614	-0.09101241903323025	0.09545802944901696	-0.16383858576453686
-0.7030774222553169	0.30696192189163635	-0.2667638318968989	0.08253419831213911	-0.07221065717821112	1.0000000000000004	-0.5443519616383428	0.22567882227826114	-0.07318839281029663	0.06289888662901884	-0.1439051832405871	0.17303919121992753	-0.1579262306064597	0.0820295888595349	-0.06261073891147349	0.1023355178120487	-0.14705650151374908	0.11172881094810305	-0.07735784478976222	0.06392976735604752	-0.07444063069903903	0.08597819032238378	-0.09336227365026332	0.07982943035569204	-0.058162665477582726	0.09400641560598412	-0.0765253661923387	0.05481149216562797	-0.055800062160153666	0.08097754195193976
0.30228363739887437	-0.4812267535429321	0.29532731210580826	-0.11273971812757665	0.09299413024546756	-0.5443519616383428	1.0000000000000009	-0.44654351213982835	0.09960004544728646	-0.08356615474775057	0.1350357893587856	-0.33534680606871325	0.2272187378025357	-0.11478878885460614	0.08245127232065194	-0.11197517838684644	0.19320337649396763	-0.15914897375235063	0.10405844357829283	-0.0863672564957798	0.08729139766504652	-0.11324908883707467	0.12332499580090193	-0.10759344308645134	0.07698853791720447	-0.11174769538151452	0.09724911739717197	-0.07218681305058394	0.07251759757356707	-0.10871223371349048
-0.24013895416113526	0.28247355126453083	-0.6651273970229972	0.13626454699834684	-0.11270719551366835	0.22567882227826114	-0.44654351213982835	1.0000000000000007	-0.14035072548044336	0.09730096563381385	-0.12863260364794632	0.2442317463034191	-0.3867362834063087	0.14390107780921738	-0.09986772569308582	0.10366352925820889	-0.20470513463291518	0.18251158316423036	-0.12846917462379576	0.10164455113688022	-0.08845729999548066	0.11977601501693894	-0.14472937359379073	0.1176459026453164	-0.08563900732498422	0.10918040666058582	-0.10639732722783964	0.07761408145042865	-0.07957066012004799	0.11618560846557294
0.06855030175473951	-0.07938763220320624	0.11297478880286528	-0.6643513389073545	0.23775647496260566	-0.07318839281029663	0.09960004544728646	-0.14035072548044336	1.0000000000000004	-0.21520726770311885	0.09049975609210312	-0.13727827158068823	0.17068779318106803	-0.5788848855904012	0.1970883524896545	-0.07450429851007141	0.14283119845079184	-0.15366115470530692	0.2493079935277733	-0.21235346218356105	0.07089898472441987	-0.10169779352880141	0.12732073084414045	-0.12461459786764903	0.09498253507670196	-0.08770449981016831	0.09641260380984157	-0.07366326101409489	0.07851006218604824	-0.12057402825413246
-0.059957952687441	0.06617958628530378	-0.09238248725428913	0.24947025636764247	-0.693341501107991	0.06289888662901884	-0.08356615474775057	0.09730096563381385	-0.21520726770311885	0.9999999999999993	-0.09413631399089177	0.11154590553073007	-0.1330673393816998	0.19938319576938177	-0.5368759548617213	0.07484128053959956	-0.13841766061575966	0.13474619438135643	-0.2306813666377136	0.2526321152951249	-0.07383495142983243	0.10175092402423064	-0.12804487070620285	0.12498889848278484	-0.1045293012330068	0.09025681596326887	-0.10296893005198601	0.07683688762528851	-0.08408917410967967	0.128269322214548
0.10809884950121025	-0.10612098636382956	0.11775746762840304	-0.11331857228531989	0.10263741694766071	-0.1439051832405871	0.1350357893587856	-0.12863260364794632	0.09049975609210312	-0.09413631399089177	0.9999999999999944	-0.21378867418754252	0.1592957246603498	-0.10798586704910645	0.088816020811706	-0.770463680961682	0.2233523261770712	-0.1678755187780713	0.10786128700459169	-0.09405424399258075	0.29012701572985566	-0.19665498553295055	0.1569402002522842	-0.14610347871626553	0.10452270700707723	-0.41057627357310134	0.1658133908761902	-0.11232412393905569	0.10982451561313548	-0.15464194914235652
-0.15292298980615968	0.1749789816634703	-0.21760232608077143	0.14216775008150287	-0.12788767747328605	0.17303919121992753	-0.33534680606871325	0.2442317463034191	-0.13727827158068823	0.11154590553073007	-0.21378867418754252	0.9999999999999969	-0.5917470915226946	0.1705467694126308	-0.11915757561094316	0.1652675159490488	-0.5541044203328924	0.271326564956665	-0.16188706605810022	0.12333449072014735	-0.1310647442240261	0.18268367913867484	-0.2067354686161915	0.15590090819360647	-0.11148292948499236	0.15300267387725588	-0.15408706277700263	0.10585853376998008	-0.1080330141155227	0.14924142052292416
0.13669185652468005	-0.17023217424474565	0.22116694558587516	-0.1801209805712044	0.14535991645902613	-0.1579262306064597	0.2272187378025357	-0.3867362834063087	0.17068779318106803	-0.1330673393816998	0.1592957246603498	-0.5917470915226946	0.9999999999999992	-0.27697278767831357	0.14024452914807214	-0.13938788573077582	0.3019637236377389	-0.44047531007692303	0.20072754595252612	-0.154415717842424	0.12017997114971647	-0.18590521765814205	0.2264931529441025	-0.1855457871454213	0.12639574098869677	-0.14977747821326617	0.1505785916048359	-0.11565563166113257	0.11523033159321147	-0.17426863283487445
-0.07726823376162842	0.0877749082572666	-0.1251185056659043	0.28943264628454063	-0.24536853812259454	0.0820295888595349	-0.11478878885460614	0.14390107780921738	-0.5788848855904012	0.19938319576938177	-0.10798586704910645	0.1705467694126308	-0.27697278767831357	0.9999999999999966	-0.2829327060024422	0.08798772218936533	-0.1857149555744379	0.20135257140696297	-0.5454443725178783	0.2566949533945627	-0.08370610159960538	0.1223527449145104	-0.1653328754430763	0.1503901780336709	-0.11568659657875827	0.10070156998564675	-0.11631627021463337	0.08641469568090096	-0.09404464520795541	0.13660351772840165
0.05799222141111981	-0.06584574481079748	0.08886008046386228	-0.2603162958664235	0.27688704784804336	-0.06261073891147349	0.08245127232065194	-0.09986772569308582	0.1970883524896545	-0.5368759548617213	0.088816020811706	-0.11915757561094316	0.14024452914807214	-0.2829327060024422	1.0000000000000016	-0.07362009948296598	0.13696337016302418	-0.15363375297321635	0.2762875038187653	-0.6366470233194261	0.07229999000242303	-0.10545982890819419	0.13274530535536497	-0.14399134855083412	0.11996933741862773	-0.09031803771690747	0.1017002728777794	-0.08102535407354008	0.08706725263968795	-0.14707036981045016
-0.08816872408399715	0.08377844318655092	-0.09959813670602	0.08918983177367949	-0.08520701864848676	0.1023355178120487	-0.11197517838684644	0.10366352925820889	-0.07450429851007141	0.07484128053959956	-0.770463680961682	0.1652675159490488	-0.13938788573077582	0.08798772218936533	-0.07362009948296598	0.9999999999999962	-0.25520580843635865	0.1451167528378068	-0.09087271998612306	0.07655402067230686	-0.4632877694042996	0.18031542362139039	-0.14396827186210065	0.11808654966523491	-0.08598627968424558	0.2922700705191934	-0.15584309845177646	0.09426778926802827	-0.09536485538462328	0.11977938652820039
0.12218249333737993	-0.1459138592798885	0.16779681999205506	-0.1730929696470796	0.1462220400816406	-0.14705650151374908	0.19320337649396763	-0.20470513463291518	0.14283119845079184	-0.13841766061575966	0.2233523261770712	-0.5541044203328924	0.3019637236377389	-0.1857149555744379	0.13696337016302418	-0.25520580843635865	0.9999999999999977	-0.4685940817189676	0.18639317603780728	-0.15496403140933324	0.1845153895944849	-0.3370163316901996	0.27156507007316727	-0.23073383649335147	0.15507922624738868	-0.22097208089902548	0.2157260745666534	-0.15912500484544193	0.15173758840208065	-0.22391518505180674
-0.10352121933544085	0.11680085089083299	-0.16200019782793226	0.1630178538699662	-0.15017226572801662	0.11172881094810305	-0.15914897375235063	0.18251158316423036	-0.15366115470530692	0.13474619438135643	-0.1678755187780713	0.271326564956665	-0.44047531007692303	0.20135257140696297	-0.15363375297321635	0.1451167528378068	-0.4685940817189676	0.999999999999997	-0.2899485735491689	0.172279858277117	-0.1396633281090447	0.23785256096394033	-0.5615714026423337	0.23122824775824127	-0.1612378870958833	0.1575946926057922	-0.1977016335961085	0.13722401627848876	-0.1444509783639184	0.1908757252131928
0.0712726983643566	-0.08153186587048142	0.11042969787483413	-0.27798252041758387	0.21152865279582247	-0.07735784478976222	0.10405844357829283	-0.12846917462379576	0.2493079935277733	-0.2306813666377136	0.10786128700459169	-0.16188706605810022	0.20072754595252612	-0.5454443725178783	0.2762875038187653	-0.09087271998612306	0.18639317603780728	-0.2899485735491689	0.9999999999999961	-0.5710576541068313	0.08837308065722697	-0.13702483852319933	0.19019869037979031	-0.2110126678711959	0.14507679903346282	-0.1078351405996105	0.12678447295752515	-0.09994097820557096	0.10872349393508851	-0.16597675157561648
-0.060277991696079836	0.06728853164587734	-0.09342465163520149	0.20816826759955637	-0.2643083818511324	0.06392976735604752	-0.0863672564957798	0.10164455113688022	-0.21235346218356105	0.2526321152951249	-0.09405424399258075	0.12333449072014735	-0.154415717842424	0.2566949533945627	-0.6366470233194261	0.07655402067230686	-0.15496403140933324	0.172279858277117	-0.5710576541068313	0.9999999999999948	-0.07568929307258575	0.11178596488926885	-0.15481023744224656	0.1573183841750899	-0.15214061919909866	0.09100098686367236	-0.11050648993026074	0.08433811392482166	-0.0947644678500065	0.1488115218728594
0.06560010601027999	-0.06749875994737344	0.08350638021599877	-0.08623182111980993	0.08403440468589389	-0.07444063069903903	0.08729139766504652	-0.08845729999548066	0.07089898472441987	-0.07383495142983243	0.29012701572985566	-0.1310647442240261	0.12017997114971647	-0.08370610159960538	0.07229999000242303	-0.4632877694042996	0.1845153895944849	-0.1396633281090447	0.08837308065722697	-0.07568929307258575	0.9999999999999947	-0.31851392056259353	0.16174189370138048	-0.13226200182665804	0.09476922587942485	-0.7435069633557504	0.2103215194278685	-0.11807831709845107	0.1151058979626938	-0.13252935780836922
-0.07854579870162756	0.08542083497319855	-0.11181141621363923	0.11864715829953329	-0.11643898997306239	0.08597819032238378	-0.11324908883707467	0.11977601501693894	-0.10169779352880141	0.10175092402423064	-0.19665498553295055	0.18268367913867484	-0.18590521765814205	0.1223527449145104	-0.10545982890819419	0.18031542362139039	-0.3370163316901996	0.23785256096394033	-0.13702483852319933	0.11178596488926885	-0.31851392056259353	0.999999999999994	-0.4300977966988533	0.225306138192408	-0.1606877109996267	0.2519552048602971	-0.6313510840183596	0.22412678730217156	-0.2281625103788898	0.20466568797843032
0.08431194903747728	-0.09567944438937001	0.12442487856571559	-0.15100985029971145	0.13803285524926995	-0.09336227365026332	0.12332499580090193	-0.14472937359379073	0.12732073084414045	-0.12804487070620285	0.1569402002522842	-0.2067354686161915	0.2264931529441025	-0.1653328754430763	0.13274530535536497	-0.14396827186210065	0.27156507007316727	-0.5615714026423337	0.19019869037979031	-0.15481023744224656	0.16174189370138048	-0.4300977966988533	0.9999999999999948	-0.4553624600609934	0.219806036396663	-0.19088349900119367	0.25083537506005155	-0.201997592488618	0.1959001740178917	-0.28005588869277503
-0.07573341235530123	0.0820524631025325	-0.1134978301336349	0.13859682488898536	-0.1475683041183328	0.07982943035569204	-0.10759344308645134	0.1176459026453164	-0.12461459786764903	0.12498889848278484	-0.14610347871626553	0.15590090819360647	-0.1855457871454213	0.1503901780336709	-0.14399134855083412	0.11808654966523491	-0.23073383649335147	0.23122824775824127	-0.2110126678711959	0.1573183841750899	-0.13226200182665804	0.225306138192408	-0.4553624600609934	0.9999999999999944	-0.5920772405703171	0.14977797885740035	-0.26352425536511226	0.21652995352645868	-0.33881887616211565	0.32078768841194544
0.05463084123334897	-0.0596913091237901	0.08109191427052738	-0.11055479232583969	0.11784688292070152	-0.058162665477582726	0.07698853791720447	-0.08563900732498422	0.09498253507670196	-0.1045293012330068	0.10452270700707723	-0.11148292948499236	0.12639574098869677	-0.11568659657875827	0.11996933741862773	-0.08598627968424558	0.15507922624738868	-0.1612378870958833	0.14507679903346282	-0.15214061919909866	0.09476922587942485	-0.1606877109996267	0.219806036396663	-0.5920772405703171	0.9999999999999936	-0.11331416067331444	0.17518932769617152	-0.17034345727253836	0.21234977260969093	-0.6971649276385288
-0.08607518967451624	0.08492819271104078	-0.10876450689882883	0.1036463890664328	-0.10884821076823106	0.09400641560598412	-0.11174769538151452	0.10918040666058582	-0.08770449981016831	0.09025681596326887	-0.41057627357310134	0.15300267387725588	-0.14977747821326617	0.10070156998564675	-0.09031803771690747	0.2922700705191934	-0.22097208089902548	0.1575946926057922	-0.1078351405996105	0.09100098686367236	-0.7435069633557504	0.2519552048602971	-0.19088349900119367	0.14977797885740035	-0.11331416067331444	0.9999999999999947	-0.28949889034418613	0.140222741247933	-0.14845372841555915	0.1497322230647049
0.06897815726643836	-0.07599173617385616	0.09716580274039985	-0.1190567522891656	0.11317829744377614	-0.0765253661923387	0.09724911739717197	-0.10639732722783964	0.09641260380984157	-0.10296893005198601	0.1658133908761902	-0.15408706277700263	0.1505785916048359	-0.11631627021463337	0.1017002728777794	-0.15584309845177646	0.2157260745666534	-0.1977016335961085	0.12678447295752515	-0.11050648993026074	0.2103215194278685	-0.6313510840183596	0.25083537506005155	-0.26352425536511226	0.17518932769617152	-0.28949889034418613	0.9999999999999952	-0.46595751851736467	0.26815459805213315	-0.2723611871202626
-0.05130824656136747	0.0553881727132764	-0.07471657378330118	0.08628275656092449	-0.09101241903323025	0.05481149216562797	-0.07218681305058394	0.07761408145042865	-0.07366326101409489	0.07683688762528851	-0.11232412393905569	0.10585853376998008	-0.11565563166113257	0.08641469568090096	-0.08102535407354008	0.09426778926802827	-0.15912500484544193	0.13722401627848876	-0.09994097820557096	0.08433811392482166	-0.11807831709845107	0.22412678730217156	-0.201997592488618	0.21652995352645868	-0.17034345727253836	0.140222741247933	-0.46595751851736467	0.9999999999999951	-0.7687522027818586	0.2161714766729007
0.05157355842818452	-0.05641335252882301	0.07475346043887439	-0.09442965326024091	0.09545802944901696	-0.055800062160153666	0.07251759757356707	-0.07957066012004799	0.07851006218604824	-0.08408917410967967	0.10982451561313548	-0.1080330141155227	0.11523033159321147	-0.09404464520795541	0.08706725263968795	-0.09536485538462328	0.15173758840208065	-0.1444509783639184	0.10872349393508851	-0.0947644678500065	0.1151058979626938	-0.2281625103788898	0.1959001740178917	-0.33881887616211565	0.21234977260969093	-0.14845372841555915	0.26815459805213315	-0.7687522027818586	0.9999999999999951	-0.3457581512951854
-0.07807920896029914	0.08305477778228512	-0.11646853711939033	0.13625910395130064	-0.16383858576453686	0.08097754195193976	-0.10871223371349048	0.11618560846557294	-0.12057402825413246	0.128269322214548	-0.15464194914235652	0.14924142052292416	-0.17426863283487445	0.13660351772840165	-0.14707036981045016	0.11977938652820039	-0.22391518505180674	0.1908757252131928	-0.16597675157561648	0.1488115218728594	-0.13252935780836922	0.20466568797843032	-0.28005588869277503	0.32078768841194544	-0.6971649276385288	0.1497322230647049	-0.2723611871202626	0.2161714766729007	-0.3457581512951854	0.9999999999999952
