1.0	-0.7731320003789951	0.08605047771997545	-0.05856834430732817	0.07369802300586226	-0.4784895431070808	0.3164756608139126	-0.09500144582849691	0.06231591089360524	-0.04833046307000887	0.18844752754837266	-0.2355375688312656	0.07615258574502326	-0.054862385772236566	0.04523119063720602	-0.12057231537243025	0.10335973063178458	-0.07769770695527355	0.04350405292837086	-0.03840472397746236	0.10013684968963607	-0.0928828121093322	0.05818376275238547	-0.03823489236616095	0.04136891454416269	-0.05776344935337029	0.047198932731337184	-0.07001604266042959	0.04579485804860102	-0.0484247836003653
-0.7731320003789951	0.9999999999999998	-0.0983647399726783	0.05969093702652582	-0.07325489978246656	0.29484516590958604	-0.5244154355889299	0.09635786425894508	-0.06246668801825735	0.04657142342422353	-0.16343460422090902	0.18264820024063097	-0.07190093288718216	0.05184307768959555	-0.04326849029517944	0.0989173056046302	-0.09195444543830272	0.0700293170227672	-0.04025796170065893	0.03533743649536868	-0.08951730802574104	0.07897548111333494	-0.05220957434934233	0.034497045568848146	-0.03776194310100941	0.04963248800594128	-0.04106119205115605	0.06140565914065297	-0.041514027364323705	0.04376284167408244
0.08605047771997545	-0.0983647399726783	0.9999999999999997	-0.5198433110853178	0.2625024176091446	-0.08403182340929587	0.09606461041411549	-0.708530828352385	0.2640817496398033	-0.18570156613687894	0.0784352627062057	-0.1022570243399174	0.21413597436561196	-0.18808606502918943	0.14578673183674726	-0.09875040749071876	0.12897446954170746	-0.1988848023438073	0.1149038298296371	-0.10499743357794962	0.09270622850449123	-0.12795601737849238	0.11490594065313417	-0.08433526506583318	0.09753890065021491	-0.10298153770165455	0.07955261750773697	-0.14910965837242857	0.09816826557680562	-0.11997699629878324
-0.05856834430732817	0.05969093702652582	-0.5198433110853178	0.9999999999999998	-0.4987736819108152	0.0577013054288629	-0.06405277543040705	0.28659026945981025	-0.5812723028969946	0.24216171337665998	-0.05975273320304462	0.07688229253544952	-0.17000136052198211	0.2095181977776867	-0.1790630649222124	0.07890130080449258	-0.10653418190425189	0.15218099147698613	-0.11616719261991323	0.10536738120025406	-0.0765343557304292	0.10542415126233254	-0.1039765105316345	0.0790504056799163	-0.09474021746340025	0.08915576507339598	-0.06903855253164591	0.13342657784965856	-0.09235361858844444	0.11462091469579255
0.07369802300586226	-0.07325489978246656	0.2625024176091446	-0.4987736819108152	1.0000000000000004	-0.08083075961627685	0.08425547349958568	-0.33566109548228595	0.3240102209446701	-0.49774223774463683	0.089422953801596	-0.11751075046386578	0.22336287178808928	-0.31700004337186216	0.2604090912604985	-0.12731971876260356	0.16427158999444785	-0.23786166049496077	0.17771934696447195	-0.17469210785604847	0.12171519910908869	-0.1765185636766241	0.17107606708119194	-0.13178733240956464	0.15541220614259718	-0.161850626561173	0.12118763867776271	-0.2456749227046874	0.15292135787342476	-0.20548605691455996
-0.4784895431070808	0.29484516590958604	-0.08403182340929587	0.0577013054288629	-0.08083075961627685	1.0000000000000009	-0.6593178966872105	0.0951891367814954	-0.06696024258999404	0.05115124217440268	-0.42344524950045465	0.28141241068941414	-0.0875607836729081	0.05899360404243271	-0.049520244494327556	0.1591893195482213	-0.13287082546526646	0.08672794497334328	-0.04806980709939298	0.041767863163890355	-0.14110616161942413	0.10843861671861829	-0.0656764598694983	0.042344932560620344	-0.045593303220474966	0.06295262322251051	-0.05324018916601263	0.07488251087900429	-0.050877801173405665	0.05199441459862057
0.3164756608139126	-0.5244154355889299	0.09606461041411549	-0.06405277543040705	0.08425547349958568	-0.6593178966872105	1.0000000000000013	-0.12035851127901799	0.07135252836013745	-0.05431415574694865	0.2527213479700693	-0.3656335068631227	0.09179682366360174	-0.06258111911010796	0.051703173570106946	-0.14716625761965696	0.1270159852901693	-0.09126005946420859	0.04961666825401892	-0.04345320359299001	0.12200107846772844	-0.10884268006501531	0.0661605530582949	-0.043217372510600066	0.0466440880190818	-0.06477717192805624	0.053606174835779126	-0.07767916427436897	0.051571729670273014	-0.053916585726233215
-0.09500144582849691	0.09635786425894508	-0.708530828352385	0.28659026945981025	-0.33566109548228595	0.0951891367814954	-0.12035851127901799	1.0000000000000009	-0.3225789997345443	0.19351985708132727	-0.09139413897049968	0.11501320084497116	-0.374099995402175	0.20636410927213925	-0.17479276720996137	0.10910796146575176	-0.15692966365535688	0.2232220929987164	-0.13479678531984385	0.11596033540829186	-0.1068840109057537	0.13847091501097544	-0.13259483827043483	0.09494725762300973	-0.11149752998706845	0.10639526289408438	-0.08538659201039497	0.15410816504881342	-0.1126179235055329	0.12787869776541494
0.06231591089360524	-0.06246668801825735	0.2640817496398033	-0.5812723028969946	0.3240102209446701	-0.06696024258999404	0.07135252836013745	-0.3225789997345443	1.0	-0.4485996673775282	0.07286017024482899	-0.09521295134601268	0.21057649868650682	-0.4022995364210531	0.26323103655736413	-0.10088116033365456	0.1347140045337365	-0.20389499393389163	0.1653648699283247	-0.15658711094045918	0.0966987218669385	-0.1374170392076115	0.13528586277345	-0.10711689250205947	0.12861212813359704	-0.11783768264215275	0.0903458123252751	-0.17865524856717835	0.12178586117910507	-0.15945485955595268
-0.04833046307000887	0.04657142342422353	-0.18570156613687894	0.24216171337665998	-0.49774223774463683	0.05115124217440268	-0.05431415574694865	0.19351985708132727	-0.4485996673775282	1.0000000000000007	-0.05831148582059379	0.07488592152630241	-0.1820698839777241	0.30075821801045227	-0.6234405356129076	0.08089052781673417	-0.11302722492588567	0.1604578599890422	-0.16245146332543728	0.14615109165967788	-0.08003559438979277	0.11085832551797939	-0.11927619598793869	0.09559936263716633	-0.12200433582113807	0.09469899089757632	-0.07403362265252927	0.14579548459986139	-0.11043529048853064	0.1362737043670782
0.18844752754837266	-0.16343460422090902	0.0784352627062057	-0.05975273320304462	0.089422953801596	-0.42344524950045465	0.2527213479700693	-0.09139413897049968	0.07286017024482899	-0.05831148582059379	0.9999999999999966	-0.7265798915735655	0.11175238326864198	-0.07081581968595457	0.05842263537219158	-0.3773717287222777	0.20293447268465448	-0.11894648187450849	0.05991657896252956	-0.05197045637193152	0.21669119252684654	-0.1667511938539958	0.08626077332631908	-0.05452168919205662	0.05718476992632869	-0.08682426144802294	0.07355291521584417	-0.09793872794431543	0.06445293412803585	-0.06499745530033353
-0.2355375688312656	0.18264820024063097	-0.1022570243399174	0.07688229253544952	-0.11751075046386578	0.28141241068941414	-0.3656335068631227	0.11501320084497116	-0.09521295134601268	0.07488592152630241	-0.7265798915735655	0.9999999999999968	-0.1553831876009787	0.09087493945541013	-0.07615981347660356	0.258273418146701	-0.2900008049973185	0.14883831077017762	-0.07651855346366847	0.0654032297924604	-0.256776830618524	0.18606886460025412	-0.10668745964023582	0.06738967259584161	-0.07179886469532357	0.09962565483502243	-0.0869085830992649	0.11606979473901721	-0.08058382071007245	0.08016370094808636
0.07615258574502326	-0.07190093288718216	0.21413597436561196	-0.17000136052198211	0.22336287178808928	-0.0875607836729081	0.09179682366360174	-0.374099995402175	0.21057649868650682	-0.1820698839777241	0.11175238326864198	-0.1553831876009787	0.9999999999999972	-0.3562580208033965	0.1970916275901038	-0.16023426894286183	0.2365301115488264	-0.6911826740225778	0.1838048532314785	-0.15863384359856972	0.14283187435121342	-0.21243738926619815	0.17087661191357043	-0.12235163486353623	0.13512113515658453	-0.14196441598886445	0.11267924735176413	-0.19932795856742902	0.13357592811203983	-0.15688217665666798
-0.054862385772236566	0.05184307768959555	-0.18808606502918943	0.2095181977776867	-0.31700004337186216	0.05899360404243271	-0.06258111911010796	0.20636410927213925	-0.4022995364210531	0.30075821801045227	-0.07081581968595457	0.09087493945541013	-0.3562580208033965	0.9999999999999963	-0.613877500522156	0.09840475060191821	-0.146366696736377	0.22813683442890387	-0.3192749881682925	0.21267611722790816	-0.09717931126909297	0.13448907507182936	-0.14770830834831603	0.12410250720680588	-0.15933422212789963	0.10806414751276361	-0.08612557078255421	0.16743382762910303	-0.1366085949073711	0.16671877712891428
0.04523119063720602	-0.04326849029517944	0.14578673183674726	-0.1790630649222124	0.2604090912604985	-0.049520244494327556	0.051703173570106946	-0.17479276720996137	0.26323103655736413	-0.6234405356129076	0.05842263537219158	-0.07615981347660356	0.1970916275901038	-0.613877500522156	0.9999999999999956	-0.08367929388113919	0.1160803666005317	-0.18560185367990897	0.19783384233240567	-0.20875640337421006	0.0809931339216778	-0.11596724696565246	0.12216419918922451	-0.10525189893990322	0.1337764804286568	-0.0978534551113205	0.0759475793831262	-0.15272329504759685	0.11425781195801744	-0.15297303710477606
-0.12057231537243025	0.0989173056046302	-0.09875040749071876	0.07890130080449258	-0.12731971876260356	0.1591893195482213	-0.14716625761965696	0.10910796146575176	-0.10088116033365456	0.08089052781673417	-0.3773717287222777	0.258273418146701	-0.16023426894286183	0.09840475060191821	-0.08367929388113919	0.9999999999999993	-0.4282725766529377	0.17310047358914937	-0.08854786943030818	0.07536278802011091	-0.6978938756574413	0.28488915976856677	-0.13663235453359518	0.08284634614754657	-0.08557063699242481	0.1323989377170264	-0.11954322259979556	0.14386052480622852	-0.09812108028131863	0.09441395323608745
0.10335973063178458	-0.09195444543830272	0.12897446954170746	-0.10653418190425189	0.16427158999444785	-0.13287082546526646	0.1270159852901693	-0.15692966365535688	0.1347140045337365	-0.11302722492588567	0.20293447268465448	-0.2900008049973185	0.2365301115488264	-0.146366696736377	0.1160803666005317	-0.4282725766529377	0.9999999999999972	-0.4264275637997398	0.13133043337040662	-0.11428744256050517	0.2951043203240354	-0.5732745282753501	0.19428378533756963	-0.12097728431173024	0.12076077932360986	-0.20715547361274833	0.17442578190024832	-0.21894528031340407	0.1350465937389257	-0.1378084321714755
-0.07769770695527355	0.0700293170227672	-0.1988848023438073	0.15218099147698613	-0.23786166049496077	0.08672794497334328	-0.09126005946420859	0.2232220929987164	-0.20389499393389163	0.1604578599890422	-0.11894648187450849	0.14883831077017762	-0.6911826740225778	0.22813683442890387	-0.18560185367990897	0.17310047358914937	-0.4264275637997398	0.9999999999999988	-0.2281789418269893	0.16307160252195926	-0.16732919778276462	0.2267925791760385	-0.2192657264396222	0.13644182922392753	-0.150279503810896	0.13996198045975652	-0.11950290570606324	0.19864431910988978	-0.15014852785449412	0.15885646424905403
0.04350405292837086	-0.04025796170065893	0.1149038298296371	-0.11616719261991323	0.17771934696447195	-0.04806980709939298	0.04961666825401892	-0.13479678531984385	0.1653648699283247	-0.16245146332543728	0.05991657896252956	-0.07651855346366847	0.1838048532314785	-0.3192749881682925	0.19783384233240567	-0.08854786943030818	0.13133043337040662	-0.2281789418269893	0.9999999999999977	-0.7678154925494836	0.08967695747125823	-0.13015356022535543	0.17974889241304745	-0.23031217792498057	0.2707807362100288	-0.11312565951889675	0.0901125751290504	-0.20145081932774977	0.19155794915657987	-0.2887503136806347
-0.03840472397746236	0.03533743649536868	-0.10499743357794962	0.10536738120025406	-0.17469210785604847	0.041767863163890355	-0.04345320359299001	0.11596033540829186	-0.15658711094045918	0.14615109165967788	-0.05197045637193152	0.0654032297924604	-0.15863384359856972	0.21267611722790816	-0.20875640337421006	0.07536278802011091	-0.11428744256050517	0.16307160252195926	-0.7678154925494836	0.9999999999999978	-0.07873229772782636	0.11086693766048274	-0.1736534426161862	0.20054232808068484	-0.4434021396184001	0.09609192404398062	-0.07788884870747945	0.17133339316188806	-0.1933570776155429	0.24669959624808957
0.10013684968963607	-0.08951730802574104	0.09270622850449123	-0.0765343557304292	0.12171519910908869	-0.14110616161942413	0.12200107846772844	-0.1068840109057537	0.0966987218669385	-0.08003559438979277	0.21669119252684654	-0.256776830618524	0.14283187435121342	-0.09717931126909297	0.0809931339216778	-0.6978938756574413	0.2951043203240354	-0.16732919778276462	0.08967695747125823	-0.07873229772782636	0.9999999999999971	-0.5125423734100736	0.15704186398402656	-0.09460054833753301	0.09238341658711913	-0.18741476443791713	0.1570067938866833	-0.18124946048358342	0.1082667104454083	-0.10545825074024773
-0.0928828121093322	0.07897548111333494	-0.12795601737849238	0.10542415126233254	-0.1765185636766241	0.10843861671861829	-0.10884268006501531	0.13847091501097544	-0.1374170392076115	0.11085832551797939	-0.1667511938539958	0.18606886460025412	-0.21243738926619815	0.13448907507182936	-0.11596724696565246	0.28488915976856677	-0.5732745282753501	0.2267925791760385	-0.13015356022535543	0.11086693766048274	-0.5125423734100736	0.9999999999999964	-0.28956494989128945	0.1435535029510288	-0.1367760712662147	0.2355661856841602	-0.3015879376743052	0.23792220215043924	-0.16481217798159123	0.1451685445610616
0.05818376275238547	-0.05220957434934233	0.11490594065313417	-0.1039765105316345	0.17107606708119194	-0.0656764598694983	0.0661605530582949	-0.13259483827043483	0.13528586277345	-0.11927619598793869	0.08626077332631908	-0.10668745964023582	0.17087661191357043	-0.14770830834831603	0.12216419918922451	-0.13663235453359518	0.19428378533756963	-0.2192657264396222	0.17974889241304745	-0.1736534426161862	0.15704186398402656	-0.28956494989128945	0.9999999999999961	-0.512007291680704	0.2446601818861408	-0.23316704291321066	0.19568038527022336	-0.616303438564583	0.2984623307031008	-0.2860676167050845
-0.03823489236616095	0.034497045568848146	-0.08433526506583318	0.0790504056799163	-0.13178733240956464	0.042344932560620344	-0.043217372510600066	0.09494725762300973	-0.10711689250205947	0.09559936263716633	-0.05452168919205662	0.06738967259584161	-0.12235163486353623	0.12410250720680588	-0.10525189893990322	0.08284634614754657	-0.12097728431173024	0.13644182922392753	-0.23031217792498057	0.20054232808068484	-0.09460054833753301	0.1435535029510288	-0.512007291680704	0.999999999999996	-0.4520448653394563	0.13027273034031273	-0.10888555827209806	0.27817945648130726	-0.6113204882825163	0.3071978149017197
0.04136891454416269	-0.03776194310100941	0.09753890065021491	-0.09474021746340025	0.15541220614259718	-0.045593303220474966	0.0466440880190818	-0.11149752998706845	0.12861212813359704	-0.12200433582113807	0.05718476992632869	-0.07179886469532357	0.13512113515658453	-0.15933422212789963	0.1337764804286568	-0.08557063699242481	0.12076077932360986	-0.150279503810896	0.2707807362100288	-0.4434021396184001	0.09238341658711913	-0.1367760712662147	0.2446601818861408	-0.4520448653394563	0.9999999999999952	-0.13316510776515839	0.10631105643247171	-0.266277231376941	0.30098476986894807	-0.6212935907237329
-0.05776344935337029	0.04963248800594128	-0.10298153770165455	0.08915576507339598	-0.161850626561173	0.06295262322251051	-0.06477717192805624	0.10639526289408438	-0.11783768264215275	0.09469899089757632	-0.08682426144802294	0.09962565483502243	-0.14196441598886445	0.10806414751276361	-0.0978534551113205	0.1323989377170264	-0.20715547361274833	0.13996198045975652	-0.11312565951889675	0.09609192404398062	-0.18741476443791713	0.2355661856841602	-0.23316704291321066	0.13027273034031273	-0.13316510776515839	0.999999999999996	-0.8457058292217405	0.2541247922740922	-0.18026721540436752	0.13291221064803282
0.047198932731337184	-0.04106119205115605	0.07955261750773697	-0.06903855253164591	0.12118763867776271	-0.05324018916601263	0.053606174835779126	-0.08538659201039497	0.0903458123252751	-0.07403362265252927	0.07355291521584417	-0.0869085830992649	0.11267924735176413	-0.08612557078255421	0.0759475793831262	-0.11954322259979556	0.17442578190024832	-0.11950290570606324	0.0901125751290504	-0.07788884870747945	0.1570067938866833	-0.3015879376743052	0.19568038527022336	-0.10888555827209806	0.10631105643247171	-0.8457058292217405	0.9999999999999966	-0.33974110845013356	0.14139829633948392	-0.11035609406160811
-0.07001604266042959	0.06140565914065297	-0.14910965837242857	0.13342657784965856	-0.2456749227046874	0.07488251087900429	-0.07767916427436897	0.15410816504881342	-0.17865524856717835	0.14579548459986139	-0.09793872794431543	0.11606979473901721	-0.19932795856742902	0.16743382762910303	-0.15272329504759685	0.14386052480622852	-0.21894528031340407	0.19864431910988978	-0.20145081932774977	0.17133339316188806	-0.18124946048358342	0.23792220215043924	-0.616303438564583	0.27817945648130726	-0.266277231376941	0.2541247922740922	-0.33974110845013356	0.9999999999999962	-0.3912533590373919	0.2491590078222659
0.04579485804860102	-0.041514027364323705	0.09816826557680562	-0.09235361858844444	0.15292135787342476	-0.050877801173405665	0.051571729670273014	-0.1126179235055329	0.12178586117910507	-0.11043529048853064	0.06445293412803585	-0.08058382071007245	0.13357592811203983	-0.1366085949073711	0.11425781195801744	-0.09812108028131863	0.1350465937389257	-0.15014852785449412	0.19155794915657987	-0.1933570776155429	0.1082667104454083	-0.16481217798159123	0.2984623307031008	-0.6113204882825163	0.30098476986894807	-0.18026721540436752	0.14139829633948392	-0.3912533590373919	0.9999999999999966	-0.5439743936038409
-0.0484247836003653	0.04376284167408244	-0.11997699629878324	0.11462091469579255	-0.20548605691455996	0.05199441459862057	-0.053916585726233215	0.12787869776541494	-0.15945485955595268	0.1362737043670782	-0.06499745530033353	0.08016370094808636	-0.15688217665666798	0.16671877712891428	-0.15297303710477606	0.09441395323608745	-0.1378084321714755	0.15885646424905403	-0.2887503136806347	0.24669959624808957	-0.10545825074024773	0.1451685445610616	-0.2860676167050845	0.3071978149017197	-0.6212935907237329	0.13291221064803282	-0.11035609406160811	0.2491590078222659	-0.5439743936038409	0.9999999999999964
