1.0	-0.10946636842218724	0.10223546692848781	-0.07830125279817499	0.06413867342990305	-0.9038337817368419	0.15249976483177008	-0.14087686798739624	0.1049147877124327	-0.10041385027277804	0.21816289020255872	-0.23303382462853703	0.11958442806082883	-0.09428200989702974	0.07578998745561394	-0.08211000108476815	0.08005781671970422	-0.12086482945210444	0.07971988820151309	-0.08361561532802929	0.06526894749470953	-0.07028012989157055	0.09707320658943966	-0.09027655630591966	0.0673574341259403	-0.0481596697101321	0.06294497287362628	-0.07553874003258271	0.06870793544977702	-0.062071308747424794	0.05722488508961459	-0.0735025907840759	0.06656640341177988	-0.06715069850617979	0.07947146404822453	-0.07901256467932195	0.05161084679268096	-0.08141943609678168	0.06140482334151075	-0.0805245229531712
-0.10946636842218724	1.0000000000000002	-0.8529674200329207	0.1140232717872253	-0.09008329365844608	0.09625043976086936	-0.40885367359632685	0.2447593047883678	-0.14033705603453323	0.10839720177784874	-0.08520852615473772	0.08879982195819008	-0.10588610081640407	0.09775053142525052	-0.07804221169638563	0.041289332333212074	-0.043267427751294815	0.095210869078062	-0.07723742612792213	0.0796573075054929	-0.03951865228378123	0.04116182497800251	-0.0795011245416827	0.07788250335850311	-0.059050748924394374	0.03187972633254243	-0.04290947021812659	0.058503506799937384	-0.05636417073106944	0.05240886209746477	-0.03963882956266879	0.05319558523645287	-0.051287058749910165	0.05328127403697791	-0.06530745064335716	0.05411732062731262	-0.03740054085631547	0.06020904661645707	-0.047429765338452265	0.06097958717006344
0.10223546692848781	-0.8529674200329207	1.0000000000000002	-0.15731333068636566	0.110885816465407	-0.0981630381034367	0.27595463390458236	-0.3278315510727722	0.16356065320130206	-0.14321961381626494	0.0917602177003481	-0.09981207509663288	0.1260622513723171	-0.12297329731168216	0.09789025555392761	-0.04976735636269493	0.05164488548825946	-0.12049580100936368	0.09565185058084781	-0.1023916629882474	0.04832581708138822	-0.05056180176956242	0.09810653892521576	-0.09887609155468552	0.07426462147278297	-0.03980695719451935	0.05344007527759758	-0.07413598283203265	0.07100730548874581	-0.06658115362466946	0.049687799841904016	-0.06814275486855395	0.06485606236414983	-0.06770587465716647	0.08189633586670446	-0.0688566181229959	0.04774034424625408	-0.0772225466897319	0.06032668505513464	-0.07847268609459998
-0.07830125279817499	0.1140232717872253	-0.15731333068636566	1.0000000000000002	-0.7705708155152964	0.06610574980458059	-0.16651417164261229	0.166070084854908	-0.42284099960065685	0.285476403733165	-0.09171052654845549	0.0894047775019263	-0.14558819325491323	0.1951300101024727	-0.20434243927266219	0.053493484379759385	-0.05685160818851985	0.12693598155237865	-0.16308141170730844	0.1620443664126835	-0.05778402604543861	0.058640319034577365	-0.13479769603559102	0.13831747596269836	-0.11689062614023461	0.048769741104650564	-0.06724331483638536	0.09545329205961968	-0.10116190675158054	0.09597131104739669	-0.06240741031601941	0.08228523112379832	-0.08533070689478119	0.09100078481461152	-0.12215141394756021	0.08208872400454603	-0.05852914921585691	0.09424984126617578	-0.0795261849635568	0.09747633256749795
0.06413867342990305	-0.09008329365844608	0.110885816465407	-0.7705708155152964	1.0	-0.05502459252377058	0.12432571697680418	-0.13279505487168722	0.2553228964785496	-0.4878210171210026	0.07780047907600321	-0.0777202332514038	0.12471465367007827	-0.18020059930037463	0.20135878240332059	-0.048462485549523426	0.051048543762434846	-0.1161576233804621	0.1441107979816595	-0.1729499124265615	0.05258482321818744	-0.05368597381348894	0.12027398736068845	-0.1312562348355402	0.109455464518629	-0.04523906784364056	0.06197639595940084	-0.0895185082887606	0.09366525205060246	-0.09223990996945713	0.057927463103307	-0.07892196922589088	0.0796362511927064	-0.08586678045222133	0.1113855550369963	-0.07809568875329145	0.05575774279131485	-0.09047539052839751	0.07486023817663176	-0.09414438284324061
-0.9038337817368419	0.09625043976086936	-0.0981630381034367	0.06610574980458059	-0.05502459252377058	1.0000000000000004	-0.16786731893597745	0.12586486059880658	-0.09386424042657192	0.08277053854952952	-0.2910513751690248	0.19756102918584414	-0.10637876496108503	0.08027872211383034	-0.06410945373372323	0.06954721664248026	-0.06973616324051811	0.10001786452550056	-0.06777079870162923	0.06921969942129338	-0.05571564345606392	0.058661411218969776	-0.08248012269684385	0.07462744811981405	-0.056236018146767375	0.039920400759436876	-0.052606391104026	0.06196921915830837	-0.05692292835280984	0.05118941276426692	-0.047402744985129905	0.059051118260842944	-0.05467246544310953	0.054956882417639685	-0.06617103266132235	0.06372543911605896	-0.04166747260404273	0.06543104909393062	-0.050028148445512566	0.06455399562330985
0.15249976483177008	-0.40885367359632685	0.27595463390458236	-0.16651417164261229	0.12432571697680418	-0.16786731893597745	1.0000000000000002	-0.7318491303704958	0.23401215458103714	-0.18931044122436264	0.1478481406489023	-0.1744913428746836	0.19355362573257814	-0.17915211328197891	0.13141974421680963	-0.07314428876658186	0.07657411987722602	-0.1807175184462204	0.13255763944914034	-0.14011943231255466	0.06848756138566986	-0.07208258140493393	0.13714013604300415	-0.1375059760373524	0.10102281681045475	-0.05530830990625007	0.07408852259474691	-0.10242822787301155	0.09723886473595177	-0.09087767050707707	0.06835121497609438	-0.09310888631901897	0.08886430528668618	-0.09252024517763636	0.11089006271244273	-0.09434214715908862	0.06525250986363718	-0.10544228919708093	0.08205819115460089	-0.10650395720129763
-0.14087686798739624	0.2447593047883678	-0.3278315510727722	0.166070084854908	-0.13279505487168722	0.12586486059880658	-0.7318491303704958	1.0000000000000009	-0.3813623303791719	0.17903583534767298	-0.14231236889072188	0.1470386790560551	-0.26268327648104983	0.19404769767231658	-0.1373119525995018	0.06894136478233379	-0.07372212875280368	0.18118030945791874	-0.14341448435469645	0.13749683864764312	-0.06623212565003071	0.06891032101625699	-0.1429404169659017	0.13634392392261688	-0.10127163681949806	0.053018001905765236	-0.07174565477771666	0.09943635634232274	-0.09626234589667536	0.08881842029728318	-0.06569580150702674	0.08724618825131306	-0.08634091113866084	0.0894417732103928	-0.10988888778423739	0.08844724959416853	-0.06152864637271871	0.09899544438088628	-0.07871132446785738	0.09968424457702918
0.1049147877124327	-0.14033705603453323	0.16356065320130206	-0.42284099960065685	0.2553228964785496	-0.09386424042657192	0.23401215458103714	-0.3813623303791719	0.9999999999999998	-0.39487300652202434	0.12924283029500647	-0.13701789462296504	0.23046987767583707	-0.5024318751942436	0.2522630428273226	-0.08067592961857292	0.08462898105716332	-0.21397189300204478	0.24839015506336498	-0.2558616501646709	0.08415589015840558	-0.08727647052657617	0.1924855880361591	-0.2263952574804068	0.16277436162039713	-0.07190173538886821	0.09766672286292845	-0.14366842114392478	0.1463025292044897	-0.1415007316554672	0.09086676490638392	-0.12612449186176636	0.12519172728618647	-0.13491817687128	0.16541998121086818	-0.12463845453093113	0.08864583731173512	-0.1444123624287867	0.1164756471085125	-0.14871744758320354
-0.10041385027277804	0.10839720177784874	-0.14321961381626494	0.285476403733165	-0.4878210171210026	0.08277053854952952	-0.18931044122436264	0.17903583534767298	-0.39487300652202434	0.9999999999999996	-0.12236504179778936	0.11627734658622323	-0.1945352920789369	0.2588354500007476	-0.5431493685275403	0.07263970137344194	-0.07763048386763005	0.16811763007679648	-0.2439956566518192	0.2696012810286938	-0.08081995409456658	0.08124934289343413	-0.1938467571051047	0.19766222281383017	-0.1879463646457647	0.06859017043653585	-0.09540695829669689	0.13587258255066714	-0.14994469361080973	0.14525416235641173	-0.08841305328700981	0.1145930606007334	-0.12263858647265892	0.13204795027091637	-0.18634257449254896	0.11401437474991241	-0.08203353981900094	0.1317456093145603	-0.11475215454862263	0.13727754376157028
0.21816289020255872	-0.08520852615473772	0.0917602177003481	-0.09171052654845549	0.07780047907600321	-0.2910513751690248	0.1478481406489023	-0.14231236889072188	0.12924283029500647	-0.12236504179778936	1.0000000000000022	-0.8242966028426546	0.2065012093813659	-0.1321045035434858	0.1000343926743119	-0.186955234545474	0.17377868128543988	-0.20317787084634878	0.11033244273728966	-0.11080202564416793	0.1196049180455112	-0.13152421781270762	0.1447542880545127	-0.12720116660686936	0.09237438376102894	-0.07799079589595342	0.10016128077854315	-0.10934402140848064	0.09651755458788931	-0.08533758176964318	0.08705407137104587	-0.10404921735838817	0.09457832703574053	-0.09353652180418415	0.10943986358662854	-0.11639612038458878	0.07353587348117438	-0.1138223970404228	0.08482272470630775	-0.10911844972920073
-0.23303382462853703	0.08879982195819008	-0.09981207509663288	0.0894047775019263	-0.0777202332514038	0.19756102918584414	-0.1744913428746836	0.1470386790560551	-0.13701789462296504	0.11627734658622323	-0.8242966028426546	1.0000000000000002	-0.28745805092539295	0.13448237482999645	-0.10050702568747316	0.16719441440475982	-0.216890811960277	0.195581255605997	-0.11256452123386548	0.10655336144188682	-0.12102808501489995	0.12688532093646882	-0.14912374065755482	0.12154902969319216	-0.09020011082656157	0.07496007404852445	-0.09889219964241847	0.10359369793056418	-0.09310663167821599	0.08140818564818383	-0.08428415617606884	0.09472156227087505	-0.08997509625282646	0.088120037608072	-0.10621306943159729	0.10642735865174181	-0.0675831833578428	0.10377093845578625	-0.07939055814461624	0.09925994986613577
0.11958442806082883	-0.10588610081640407	0.1260622513723171	-0.14558819325491323	0.12471465367007827	-0.10637876496108503	0.19355362573257814	-0.26268327648104983	0.23046987767583707	-0.1945352920789369	0.2065012093813659	-0.28745805092539295	1.0	-0.36071605073251	0.17888393711062853	-0.12461187996610248	0.13482142565035063	-0.6918410961891268	0.2128764263906419	-0.19164522798828426	0.10994183765685163	-0.11929098720627232	0.26328115774884514	-0.22587336518926943	0.14801594594496598	-0.08600997179641778	0.11532210260009075	-0.17123927904255354	0.15064651452253278	-0.13396263873207398	0.10303882882641832	-0.13865345391708694	0.1383896708861159	-0.1399981420936409	0.16158419511089822	-0.1396207208191211	0.09733010253537507	-0.15751443035392793	0.1205478758835859	-0.15205914190835823
-0.09428200989702974	0.09775053142525052	-0.12297329731168216	0.1951300101024727	-0.18020059930037463	0.08027872211383034	-0.17915211328197891	0.19404769767231658	-0.5024318751942436	0.2588354500007476	-0.1321045035434858	0.13448237482999645	-0.36071605073251	1.0000000000000007	-0.3754669706901826	0.07926836822409657	-0.08547298395464722	0.22969186050079674	-0.531591289575561	0.2782807483952605	-0.0837396051187835	0.08630583446575278	-0.22308959253072763	0.2539006904667222	-0.18245710320579753	0.07018341698781116	-0.09680035082016608	0.1460103626764808	-0.15921550798067569	0.14642771061333806	-0.08823033234692312	0.1179715561418084	-0.1264040462599052	0.13547549150916754	-0.17205387469325706	0.11635371609730792	-0.08388213524529937	0.13576827507216932	-0.11415433409384929	0.1382557592470387
0.07578998745561394	-0.07804221169638563	0.09789025555392761	-0.20434243927266219	0.20135878240332059	-0.06410945373372323	0.13141974421680963	-0.1373119525995018	0.2522630428273226	-0.5431493685275403	0.1000343926743119	-0.10050702568747316	0.17888393711062853	-0.3754669706901826	1.0	-0.06572141765742029	0.069493616972885	-0.16741635036544178	0.26899803095661123	-0.6061455395743456	0.0725887158926677	-0.0743408880012701	0.17715665295965458	-0.22062457207080333	0.20077648562158218	-0.0634001583190023	0.08719614701128472	-0.13325483454442238	0.1466667125424083	-0.1634036595817746	0.0809179933660475	-0.11191997159285404	0.11654541416957015	-0.13027275968901156	0.16725917248019567	-0.10888697055200366	0.07915037037775713	-0.12939295943705556	0.10883680280276374	-0.13551675225381832
-0.08211000108476815	0.041289332333212074	-0.04976735636269493	0.053493484379759385	-0.048462485549523426	0.06954721664248026	-0.07314428876658186	0.06894136478233379	-0.08067592961857292	0.07263970137344194	-0.186955234545474	0.16719441440475982	-0.12461187996610248	0.07926836822409657	-0.06572141765742029	0.999999999999999	-0.7792871601974662	0.13310387135140267	-0.07593199526956518	0.07219269689907015	-0.46494319970073233	0.29206962701905115	-0.1281933620388541	0.09074846695530021	-0.0708564608012445	0.14370397428420492	-0.17635221154510994	0.09858304471047424	-0.08071531708778924	0.06530470408184515	-0.13029945145946678	0.09692511192120826	-0.08617493499826412	0.07679461158837857	-0.09130611425973438	0.13487781366209106	-0.07179114734671832	0.09780908405999525	-0.07081007292923369	0.08362313346850281
0.08005781671970422	-0.043267427751294815	0.05164488548825946	-0.05685160818851985	0.051048543762434846	-0.06973616324051811	0.07657411987722602	-0.07372212875280368	0.08462898105716332	-0.07763048386763005	0.17377868128543988	-0.216890811960277	0.13482142565035063	-0.08547298395464722	0.069493616972885	-0.7792871601974662	0.999999999999999	-0.16752511853384897	0.08050888018139316	-0.0771252618964867	0.2926117163857598	-0.43515573736833496	0.13572637198688253	-0.09770851712696214	0.07433867201817355	-0.13990742353071398	0.170746388325221	-0.10501276946034223	0.08468276302364572	-0.06908574248878066	0.12312067203846573	-0.10452910821111681	0.09038485316717361	-0.08142208022356077	0.09492350729733333	-0.14517336812953582	0.07655837406963655	-0.10525216559019998	0.07482880007645246	-0.08972300775033051
-0.12086482945210444	0.095210869078062	-0.12049580100936368	0.12693598155237865	-0.1161576233804621	0.10001786452550056	-0.1807175184462204	0.18118030945791874	-0.21397189300204478	0.16811763007679648	-0.20317787084634878	0.195581255605997	-0.6918410961891268	0.22969186050079674	-0.16741635036544178	0.13310387135140267	-0.16752511853384897	1.0000000000000029	-0.21277464509297314	0.17188229429677002	-0.12376004482250486	0.13114829281983745	-0.47371898916495403	0.2199408813073511	-0.15199636875236358	0.09188450685239256	-0.1269240681038699	0.1872428537448116	-0.16178213208199868	0.13376044606092805	-0.10957048742894768	0.13634991116082457	-0.15206648380805082	0.14306105098485752	-0.1704774396834433	0.1389732203142499	-0.09743626922911663	0.15477387945916118	-0.12272948622309032	0.14654753837424372
0.07971988820151309	-0.07723742612792213	0.09565185058084781	-0.16308141170730844	0.1441107979816595	-0.06777079870162923	0.13255763944914034	-0.14341448435469645	0.24839015506336498	-0.2439956566518192	0.11033244273728966	-0.11256452123386548	0.2128764263906419	-0.531591289575561	0.26899803095661123	-0.07593199526956518	0.08050888018139316	-0.21277464509297314	1.0000000000000009	-0.464807394720054	0.08404665161780721	-0.08716897249241286	0.23256662295296016	-0.5251291316018979	0.22413782324081435	-0.07380767036067568	0.10177838213720102	-0.16735252596333375	0.1937528772701394	-0.1838322950169518	0.0930450750726026	-0.1298531439268564	0.14061319990712443	-0.1612914166377011	0.1902591180420712	-0.12497039260767122	0.09192647118031508	-0.15088948666283916	0.12743169781571684	-0.15523937044454733
-0.08361561532802929	0.0796573075054929	-0.1023916629882474	0.1620443664126835	-0.1729499124265615	0.06921969942129338	-0.14011943231255466	0.13749683864764312	-0.2558616501646709	0.2696012810286938	-0.11080202564416793	0.10655336144188682	-0.19164522798828426	0.2782807483952605	-0.6061455395743456	0.07219269689907015	-0.0771252618964867	0.17188229429677002	-0.464807394720054	1.0	-0.08285250545791556	0.0838133264631348	-0.2177069919724978	0.26502120872736823	-0.369233810949591	0.07254719421766369	-0.10129466465723008	0.1567269188180965	-0.19132817476820516	0.21329536579992323	-0.09318406587098133	0.12539859495097463	-0.13929492884465475	0.15762166525580762	-0.22300991558822433	0.12149189046056087	-0.0897003768827242	0.14587803797191362	-0.129768060909984	0.15411442377396242
0.06526894749470953	-0.03951865228378123	0.04832581708138822	-0.05778402604543861	0.05258482321818744	-0.05571564345606392	0.06848756138566986	-0.06623212565003071	0.08415589015840558	-0.08081995409456658	0.1196049180455112	-0.12102808501489995	0.10994183765685163	-0.0837396051187835	0.0725887158926677	-0.46494319970073233	0.2926117163857598	-0.12376004482250486	0.08404665161780721	-0.08285250545791556	0.999999999999999	-0.6860607380255056	0.1476151817313391	-0.10894551673896476	0.08608357421199234	-0.32219690159494185	0.270220843835795	-0.13473011380116404	0.1032368595103444	-0.08163528478427132	0.20239236505061123	-0.14822508902677653	0.11735588702095513	-0.10141863833659635	0.11610139896776067	-0.23269193187287218	0.11006943741161009	-0.14139938379237868	0.09520326629140186	-0.11219825051032485
-0.07028012989157055	0.04116182497800251	-0.05056180176956242	0.058640319034577365	-0.05368597381348894	0.058661411218969776	-0.07208258140493393	0.06891032101625699	-0.08727647052657617	0.08124934289343413	-0.13152421781270762	0.12688532093646882	-0.11929098720627232	0.08630583446575278	-0.0743408880012701	0.29206962701905115	-0.43515573736833496	0.13114829281983745	-0.08716897249241286	0.0838133264631348	-0.6860607380255056	0.9999999999999948	-0.17436389590776205	0.11181601355913426	-0.08797152365235707	0.2380113998046071	-0.4013064237867424	0.14032137125620583	-0.10671755851659485	0.0823085321785522	-0.2000082226803902	0.13248390418950842	-0.11885233046788317	0.10052153529866059	-0.1167731665162247	0.19379378545444248	-0.09922939925884078	0.13046641882789642	-0.09237734928796595	0.1064597896727984
0.09707320658943966	-0.0795011245416827	0.09810653892521576	-0.13479769603559102	0.12027398736068845	-0.08248012269684385	0.13714013604300415	-0.1429404169659017	0.1924855880361591	-0.1938467571051047	0.1447542880545127	-0.14912374065755482	0.26328115774884514	-0.22308959253072763	0.17715665295965458	-0.1281933620388541	0.13572637198688253	-0.47371898916495403	0.23256662295296016	-0.2177069919724978	0.1476151817313391	-0.17436389590776205	0.9999999999999986	-0.4389918420970322	0.2130867040954099	-0.13114339052191357	0.1791604131186107	-0.4417487612665085	0.25822457368034835	-0.20639598255966896	0.15357976602850915	-0.22581304822976683	0.24948164228501613	-0.23620471009451738	0.23999112781017365	-0.21093605687743766	0.1566988191971574	-0.2624595421388328	0.1889215509518141	-0.2318683029001864
-0.09027655630591966	0.07788250335850311	-0.09887609155468552	0.13831747596269836	-0.1312562348355402	0.07462744811981405	-0.1375059760373524	0.13634392392261688	-0.2263952574804068	0.19766222281383017	-0.12720116660686936	0.12154902969319216	-0.22587336518926943	0.2539006904667222	-0.22062457207080333	0.09074846695530021	-0.09770851712696214	0.2199408813073511	-0.5251291316018979	0.26502120872736823	-0.10894551673896476	0.11181601355913426	-0.4389918420970322	0.9999999999999981	-0.36605330787788537	0.09665387278108509	-0.13723036925373142	0.24105738186745904	-0.38063448366260444	0.24899299485119114	-0.12200850851983544	0.16451899816797727	-0.2035896384236876	0.22897673771058308	-0.2800906677178763	0.15647731259954742	-0.11864821442382228	0.19314149900198224	-0.17690872429378016	0.19631948271639477
0.0673574341259403	-0.059050748924394374	0.07426462147278297	-0.11689062614023461	0.109455464518629	-0.056236018146767375	0.10102281681045475	-0.10127163681949806	0.16277436162039713	-0.1879463646457647	0.09237438376102894	-0.09020011082656157	0.14801594594496598	-0.18245710320579753	0.20077648562158218	-0.0708564608012445	0.07433867201817355	-0.15199636875236358	0.22413782324081435	-0.369233810949591	0.08608357421199234	-0.08797152365235707	0.2130867040954099	-0.36605330787788537	0.9999999999999998	-0.08197420768616476	0.11301747148957716	-0.20303753178068557	0.26015649935854396	-0.6981353988592467	0.10524577054172377	-0.15904090544525698	0.1709030998201006	-0.22438836743032092	0.2738667412489491	-0.146131264299676	0.1116775675633463	-0.18851881446325153	0.1628815990045953	-0.21004646266161858
-0.0481596697101321	0.03187972633254243	-0.03980695719451935	0.048769741104650564	-0.04523906784364056	0.039920400759436876	-0.05530830990625007	0.053018001905765236	-0.07190173538886821	0.06859017043653585	-0.07799079589595342	0.07496007404852445	-0.08600997179641778	0.07018341698781116	-0.0634001583190023	0.14370397428420492	-0.13990742353071398	0.09188450685239256	-0.07380767036067568	0.07254719421766369	-0.32219690159494185	0.2380113998046071	-0.13114339052191357	0.09665387278108509	-0.08197420768616476	0.9999999999999994	-0.6446403416407085	0.14691450886555008	-0.10580222713265278	0.07788414870283226	-0.5803379346280622	0.15430241367112874	-0.1272465620703028	0.1004908322981841	-0.11565792608603602	0.2720198565356911	-0.12238702497753842	0.14111733738392374	-0.09486336040952889	0.10493006374885408
0.06294497287362628	-0.04290947021812659	0.05344007527759758	-0.06724331483638536	0.06197639595940084	-0.052606391104026	0.07408852259474691	-0.07174565477771666	0.09766672286292845	-0.09540695829669689	0.10016128077854315	-0.09889219964241847	0.11532210260009075	-0.09680035082016608	0.08719614701128472	-0.17635221154510994	0.170746388325221	-0.1269240681038699	0.10177838213720102	-0.10129466465723008	0.270220843835795	-0.4013064237867424	0.1791604131186107	-0.13723036925373142	0.11301747148957716	-0.6446403416407085	0.9999999999999976	-0.2541538003016375	0.14943160940879838	-0.11011447602547474	0.2996916570628424	-0.22469134470980384	0.17981644989010753	-0.14499946814278336	0.15748494727126564	-0.36880874712926176	0.1659731466086439	-0.205386275924261	0.13267531993486242	-0.15128631462337602
-0.07553874003258271	0.058503506799937384	-0.07413598283203265	0.09545329205961968	-0.0895185082887606	0.06196921915830837	-0.10242822787301155	0.09943635634232274	-0.14366842114392478	0.13587258255066714	-0.10934402140848064	0.10359369793056418	-0.17123927904255354	0.1460103626764808	-0.13325483454442238	0.09858304471047424	-0.10501276946034223	0.1872428537448116	-0.16735252596333375	0.1567269188180965	-0.13473011380116404	0.14032137125620583	-0.4417487612665085	0.24105738186745904	-0.20303753178068557	0.14691450886555008	-0.2541538003016375	0.9999999999999974	-0.44556613264411654	0.2004369220141012	-0.16936711601852567	0.22098361758440627	-0.5765061089373744	0.27802048457304596	-0.2656087084664302	0.19846593315472724	-0.1662501465883161	0.2606977507639421	-0.20793617758060753	0.2061081070809882
0.06870793544977702	-0.05636417073106944	0.07100730548874581	-0.10116190675158054	0.09366525205060246	-0.05692292835280984	0.09723886473595177	-0.09626234589667536	0.1463025292044897	-0.14994469361080973	0.09651755458788931	-0.09310663167821599	0.15064651452253278	-0.15921550798067569	0.1466667125424083	-0.08071531708778924	0.08468276302364572	-0.16178213208199868	0.1937528772701394	-0.19132817476820516	0.1032368595103444	-0.10671755851659485	0.25822457368034835	-0.38063448366260444	0.26015649935854396	-0.10580222713265278	0.14943160940879838	-0.44556613264411654	0.9999999999999981	-0.3971778588627844	0.12986065973934768	-0.19808503468262306	0.2736899092443019	-0.5484063640899658	0.3000225491683248	-0.17375364498735074	0.14129276670532442	-0.24225136945718198	0.22755537196257714	-0.24746062114483744
-0.062071308747424794	0.05240886209746477	-0.06658115362466946	0.09597131104739669	-0.09223990996945713	0.05118941276426692	-0.09087767050707707	0.08881842029728318	-0.1415007316554672	0.14525416235641173	-0.08533758176964318	0.08140818564818383	-0.13396263873207398	0.14642771061333806	-0.1634036595817746	0.06530470408184515	-0.06908574248878066	0.13376044606092805	-0.1838322950169518	0.21329536579992323	-0.08163528478427132	0.0823085321785522	-0.20639598255966896	0.24899299485119114	-0.6981353988592467	0.07788414870283226	-0.11011447602547474	0.2004369220141012	-0.3971778588627844	0.9999999999999921	-0.1006140421623088	0.14571190811993961	-0.1779781944151685	0.24092399570674267	-0.44170998966309827	0.13360216005953318	-0.1045422850899041	0.17433176819234192	-0.1693630626140292	0.1985282594967782
0.05722488508961459	-0.03963882956266879	0.049687799841904016	-0.06240741031601941	0.057927463103307	-0.047402744985129905	0.06835121497609438	-0.06569580150702674	0.09086676490638392	-0.08841305328700981	0.08705407137104587	-0.08428415617606884	0.10303882882641832	-0.08823033234692312	0.0809179933660475	-0.13029945145946678	0.12312067203846573	-0.10957048742894768	0.0930450750726026	-0.09318406587098133	0.20239236505061123	-0.2000082226803902	0.15357976602850915	-0.12200850851983544	0.10524577054172377	-0.5803379346280622	0.2996916570628424	-0.16936711601852567	0.12986065973934768	-0.1006140421623088	0.9999999999999968	-0.2611616733203226	0.163574856521479	-0.13308799802616486	0.15362722675491366	-0.6166914873878986	0.20677019131267507	-0.21816234673228632	0.13244341190760778	-0.14785500750739117
-0.0735025907840759	0.05319558523645287	-0.06814275486855395	0.08228523112379832	-0.07892196922589088	0.059051118260842944	-0.09310888631901897	0.08724618825131306	-0.12612449186176636	0.1145930606007334	-0.10404921735838817	0.09472156227087505	-0.13865345391708694	0.1179715561418084	-0.11191997159285404	0.09692511192120826	-0.10452910821111681	0.13634991116082457	-0.1298531439268564	0.12539859495097463	-0.14822508902677653	0.13248390418950842	-0.22581304822976683	0.16451899816797727	-0.15904090544525698	0.15430241367112874	-0.22469134470980384	0.22098361758440627	-0.19808503468262306	0.14571190811993961	-0.2611616733203226	0.9999999999999977	-0.36243670436936093	0.2007861098567642	-0.254018306488488	0.27951200953564165	-0.6922120342188378	0.31652466793742984	-0.21704669788830697	0.18897488165567605
0.06656640341177988	-0.051287058749910165	0.06485606236414983	-0.08533070689478119	0.0796362511927064	-0.05467246544310953	0.08886430528668618	-0.08634091113866084	0.12519172728618647	-0.12263858647265892	0.09457832703574053	-0.08997509625282646	0.1383896708861159	-0.1264040462599052	0.11654541416957015	-0.08617493499826412	0.09038485316717361	-0.15206648380805082	0.14061319990712443	-0.13929492884465475	0.11735588702095513	-0.11885233046788317	0.24948164228501613	-0.2035896384236876	0.1709030998201006	-0.1272465620703028	0.17981644989010753	-0.5765061089373744	0.2736899092443019	-0.1779781944151685	0.163574856521479	-0.36243670436936093	0.9999999999999969	-0.39588297351195034	0.2551900811670278	-0.21902140526189579	0.23336903764616054	-0.47414376433831207	0.23468552153299557	-0.233849796481158
-0.06715069850617979	0.05328127403697791	-0.06770587465716647	0.09100078481461152	-0.08586678045222133	0.054956882417639685	-0.09252024517763636	0.0894417732103928	-0.13491817687128	0.13204795027091637	-0.09353652180418415	0.088120037608072	-0.1399981420936409	0.13547549150916754	-0.13027275968901156	0.07679461158837857	-0.08142208022356077	0.14306105098485752	-0.1612914166377011	0.15762166525580762	-0.10141863833659635	0.10052153529866059	-0.23620471009451738	0.22897673771058308	-0.22438836743032092	0.1004908322981841	-0.14499946814278336	0.27802048457304596	-0.5484063640899658	0.24092399570674267	-0.13308799802616486	0.2007861098567642	-0.39588297351195034	0.999999999999997	-0.47093351472318445	0.169802321571603	-0.15172312120966067	0.25689853311904864	-0.4212889173740366	0.284794700609064
0.07947146404822453	-0.06530745064335716	0.08189633586670446	-0.12215141394756021	0.1113855550369963	-0.06617103266132235	0.11089006271244273	-0.10988888778423739	0.16541998121086818	-0.18634257449254896	0.10943986358662854	-0.10621306943159729	0.16158419511089822	-0.17205387469325706	0.16725917248019567	-0.09130611425973438	0.09492350729733333	-0.1704774396834433	0.1902591180420712	-0.22300991558822433	0.11610139896776067	-0.1167731665162247	0.23999112781017365	-0.2800906677178763	0.2738667412489491	-0.11565792608603602	0.15748494727126564	-0.2656087084664302	0.3000225491683248	-0.44170998966309827	0.15362722675491366	-0.254018306488488	0.2551900811670278	-0.47093351472318445	0.9999999999999954	-0.22377517594718604	0.17652532941810611	-0.30807453717861405	0.2847301676116932	-0.4405050564735869
-0.07901256467932195	0.05411732062731262	-0.0688566181229959	0.08208872400454603	-0.07809568875329145	0.06372543911605896	-0.09434214715908862	0.08844724959416853	-0.12463845453093113	0.11401437474991241	-0.11639612038458878	0.10642735865174181	-0.1396207208191211	0.11635371609730792	-0.10888697055200366	0.13487781366209106	-0.14517336812953582	0.1389732203142499	-0.12497039260767122	0.12149189046056087	-0.23269193187287218	0.19379378545444248	-0.21093605687743766	0.15647731259954742	-0.146131264299676	0.2720198565356911	-0.36880874712926176	0.19846593315472724	-0.17375364498735074	0.13360216005953318	-0.6166914873878986	0.27951200953564165	-0.21902140526189579	0.169802321571603	-0.22377517594718604	0.9999999999999963	-0.402386480373307	0.25403927149616967	-0.17973806282996227	0.17569754968612827
0.05161084679268096	-0.03740054085631547	0.04774034424625408	-0.05852914921585691	0.05575774279131485	-0.04166747260404273	0.06525250986363718	-0.06152864637271871	0.08864583731173512	-0.08203353981900094	0.07353587348117438	-0.0675831833578428	0.09733010253537507	-0.08388213524529937	0.07915037037775713	-0.07179114734671832	0.07655837406963655	-0.09743626922911663	0.09192647118031508	-0.0897003768827242	0.11006943741161009	-0.09922939925884078	0.1566988191971574	-0.11864821442382228	0.1116775675633463	-0.12238702497753842	0.1659731466086439	-0.1662501465883161	0.14129276670532442	-0.1045422850899041	0.20677019131267507	-0.6922120342188378	0.23336903764616054	-0.15172312120966067	0.17652532941810611	-0.402386480373307	0.9999999999999966	-0.4989544705679235	0.1708308978882616	-0.15283002755920777
-0.08141943609678168	0.06020904661645707	-0.0772225466897319	0.09424984126617578	-0.09047539052839751	0.06543104909393062	-0.10544228919708093	0.09899544438088628	-0.1444123624287867	0.1317456093145603	-0.1138223970404228	0.10377093845578625	-0.15751443035392793	0.13576827507216932	-0.12939295943705556	0.09780908405999525	-0.10525216559019998	0.15477387945916118	-0.15088948666283916	0.14587803797191362	-0.14139938379237868	0.13046641882789642	-0.2624595421388328	0.19314149900198224	-0.18851881446325153	0.14111733738392374	-0.205386275924261	0.2606977507639421	-0.24225136945718198	0.17433176819234192	-0.21816234673228632	0.31652466793742984	-0.47414376433831207	0.25689853311904864	-0.30807453717861405	0.25403927149616967	-0.4989544705679235	0.9999999999999964	-0.3748434248224898	0.25418894496964084
0.06140482334151075	-0.047429765338452265	0.06032668505513464	-0.0795261849635568	0.07486023817663176	-0.050028148445512566	0.08205819115460089	-0.07871132446785738	0.1164756471085125	-0.11475215454862263	0.08482272470630775	-0.07939055814461624	0.1205478758835859	-0.11415433409384929	0.10883680280276374	-0.07081007292923369	0.07482880007645246	-0.12272948622309032	0.12743169781571684	-0.129768060909984	0.09520326629140186	-0.09237734928796595	0.1889215509518141	-0.17690872429378016	0.1628815990045953	-0.09486336040952889	0.13267531993486242	-0.20793617758060753	0.22755537196257714	-0.1693630626140292	0.13244341190760778	-0.21704669788830697	0.23468552153299557	-0.4212889173740366	0.2847301676116932	-0.17973806282996227	0.1708308978882616	-0.3748434248224898	0.9999999999999964	-0.7198547255995216
-0.0805245229531712	0.06097958717006344	-0.07847268609459998	0.09747633256749795	-0.09414438284324061	0.06455399562330985	-0.10650395720129763	0.09968424457702918	-0.14871744758320354	0.13727754376157028	-0.10911844972920073	0.09925994986613577	-0.15205914190835823	0.1382557592470387	-0.13551675225381832	0.08362313346850281	-0.08972300775033051	0.14654753837424372	-0.15523937044454733	0.15411442377396242	-0.11219825051032485	0.1064597896727984	-0.2318683029001864	0.19631948271639477	-0.21004646266161858	0.10493006374885408	-0.15128631462337602	0.2061081070809882	-0.24746062114483744	0.1985282594967782	-0.14785500750739117	0.18897488165567605	-0.233849796481158	0.284794700609064	-0.4405050564735869	0.17569754968612827	-0.15283002755920777	0.25418894496964084	-0.7198547255995216	0.9999999999999963
