1.0000000000000002	-0.3844603600032986	0.2250181757421505	-0.25689019247499817	0.23282391399412344	-0.40285496043211305	0.2630726467604202	-0.24810496929837994	0.2459015324501228	-0.22850236042417463	0.24896748657544265	-0.45025025452527456	0.2512034713935395	-0.2729109625031465	0.2162975081607808	-0.2897201551990336	0.23415463297157976	-0.24832792891058328	0.26150226181473035	-0.31649530697390543	0.15290481574109707	-0.22646478415245178	0.16677110500581818	-0.11374731594152075	0.1226998387743945	-0.14267055061229245	0.150760300766203	-0.16227813811959418	0.08428885181200603	-0.11268829864242932
-0.3844603600032986	1.0	-0.5432272531595592	0.27811341983728843	-0.24542927815372145	0.14910732739718213	-0.5622118503126444	0.2635291323138798	-0.27872741336171236	0.1865619951666054	-0.11948527481868755	0.2382376978786481	-0.1735167718599011	0.16864096581065946	-0.14984303740714935	0.13141918947334968	-0.12679185168087292	0.1381280921702561	-0.16778482413705462	0.17553091701146287	-0.07688267186421473	0.10920244089979604	-0.0886220110587101	0.0607934720404895	-0.06762411137976854	0.06917267735448672	-0.07900040802340776	0.08170063219463844	-0.044887610098308973	0.058356767936797435
0.2250181757421505	-0.5432272531595592	0.9999999999999994	-0.6799043710728636	0.24633049408233212	-0.12031159370135683	0.24558101632948287	-0.23634807976508704	0.22575687055657231	-0.20201883525581457	0.09438924082378838	-0.20089397302646703	0.14393068423622998	-0.15265215205317148	0.14134396168762414	-0.11119220180545006	0.10448586232750395	-0.11913119873029113	0.14062928289247204	-0.1773738976235654	0.06542884694632826	-0.09522794169149494	0.0764495929692074	-0.05689884052159419	0.06302202932470875	-0.05972721106991201	0.06743194751627808	-0.07125943322231142	0.04159742943242111	-0.05522845055024039
-0.25689019247499817	0.27811341983728843	-0.6799043710728636	0.9999999999999997	-0.47280032389274307	0.11848037644490199	-0.24167757554982736	0.21259653711610008	-0.31488551795170194	0.23870412796607504	-0.0953404534384796	0.19006821853332195	-0.1494667086306919	0.15969476145229922	-0.16380068865575992	0.11110991863259861	-0.10723837009034161	0.1217214019302332	-0.15293774032857807	0.18395047420733615	-0.06721800700700102	0.09657277380485717	-0.07897232667284296	0.059002485799855856	-0.0662109635809701	0.06087411819950307	-0.07004170054523641	0.07286392805096291	-0.04328372059261294	0.05691611864794607
0.23282391399412344	-0.24542927815372145	0.24633049408233212	-0.47280032389274307	0.9999999999999996	-0.14069849591740394	0.20142198699291197	-0.22887085677959335	0.27703261926644074	-0.6263693448834506	0.1111695512139138	-0.23304757775059182	0.18023126806691522	-0.2206484092392611	0.2611113472742468	-0.1383613144469784	0.12995305467008114	-0.15441228513137784	0.18881200350063457	-0.33091197562792735	0.0847525237050959	-0.1258382414795831	0.10193440376372853	-0.09051235760670377	0.10090282815581388	-0.07819874245905814	0.08861114295439232	-0.09529318794974109	0.06487241406705328	-0.08856715772948273
-0.40285496043211305	0.14910732739718213	-0.12031159370135683	0.11848037644490199	-0.14069849591740394	1.0000000000000007	-0.17101756707756094	0.13834276280065166	-0.15513132106328884	0.12043136465638618	-0.7719964824809473	0.25616782261113086	-0.17458287550633253	0.1553398488968607	-0.12375886006757018	0.2647429505791238	-0.24826899902088967	0.1728101594058686	-0.2110179447706515	0.1459732078381523	-0.12436968591989711	0.1445776388843237	-0.1171632755172675	0.06300083339697514	-0.06950792741751124	0.09883504299263526	-0.11294540089648487	0.1049590245893014	-0.04716568032455325	0.05802271119147961
0.2630726467604202	-0.5622118503126444	0.24558101632948287	-0.24167757554982736	0.20142198699291197	-0.17101756707756094	0.9999999999999998	-0.5650434437110452	0.2821069617315233	-0.19722297155783478	0.13665292914837357	-0.3672882298709348	0.21484278192937548	-0.19957525925424702	0.15665168710848615	-0.1489997576145943	0.1447140442219678	-0.16149345461954437	0.18109293878293586	-0.18659097720533085	0.08348381475489161	-0.11914547656760491	0.0972425632939868	-0.06455474828543149	0.07129384931908656	-0.07498526901149852	0.08492504722421565	-0.08924784696450248	0.04731397864106457	-0.061341817350517275
-0.24810496929837994	0.2635291323138798	-0.23634807976508704	0.21259653711610008	-0.22887085677959335	0.13834276280065166	-0.5650434437110452	0.9999999999999994	-0.6046021394484341	0.2207639376859346	-0.11703725699416562	0.2540548105280979	-0.30526360231260824	0.22053920238862298	-0.17661444275131627	0.1352044846046001	-0.13900666625606442	0.16813063149038932	-0.19679015270505226	0.18613432133539135	-0.08037581052697534	0.11475665299486751	-0.09798281222320912	0.06428436802618606	-0.071705027584083	0.07197176904928754	-0.08352477522863767	0.0876464175019189	-0.04708631315917235	0.06040132176609965
0.2459015324501228	-0.27872741336171236	0.22575687055657231	-0.31488551795170194	0.27703261926644074	-0.15513132106328884	0.2821069617315233	-0.6046021394484341	0.999999999999998	-0.4329106480789538	0.12448042859607218	-0.2779720859977327	0.23560565942150807	-0.2881809098773898	0.22972666356524213	-0.15240050463517557	0.1460474552406914	-0.17977817330024806	0.2086477965090141	-0.2583947590991006	0.08985444718364768	-0.1319326312362435	0.10818009272949045	-0.07982024710815176	0.08878058171184738	-0.08206287868679515	0.09299602887438754	-0.09990777946807836	0.05778459886631863	-0.07619472557353604
-0.22850236042417463	0.1865619951666054	-0.20201883525581457	0.23870412796607504	-0.6263693448834506	0.12043136465638618	-0.19722297155783478	0.2207639376859346	-0.4329106480789538	0.9999999999999976	-0.09871634008749089	0.19857864044272053	-0.18423626628769837	0.2225702287861583	-0.4662986299404558	0.12056002173009082	-0.11926534320411628	0.14310565250082716	-0.1933538253213718	0.27905384253250193	-0.07543961562492255	0.10922232161512536	-0.09223625622945798	0.07791631214473405	-0.09103440501659889	0.06842084538976609	-0.07987845435393186	0.08393791532016182	-0.056508015715179175	0.07416410760621966
0.24896748657544265	-0.11948527481868755	0.09438924082378838	-0.0953404534384796	0.1111695512139138	-0.7719964824809473	0.13665292914837357	-0.11703725699416562	0.12448042859607218	-0.09871634008749089	0.9999999999999986	-0.3175183333636072	0.1580397561614706	-0.13811193038351458	0.10288138741326379	-0.4271954600101937	0.23289781019305958	-0.16556695317639775	0.17479175976048048	-0.12303595031248431	0.11609011876887333	-0.13547352495682924	0.10461713774360683	-0.05388604758318071	0.05871438777888793	-0.09459533784885546	0.09855757918627424	-0.09511659527955109	0.03998163042131811	-0.049155262010860096
-0.45025025452527456	0.2382376978786481	-0.20089397302646703	0.19006821853332195	-0.23304757775059182	0.25616782261113086	-0.3672882298709348	0.2540548105280979	-0.2779720859977327	0.19857864044272053	-0.3175183333636072	0.9999999999999966	-0.4551459202132778	0.2752671598018333	-0.21162017396131547	0.25625064129966235	-0.3255233682091156	0.2681027428563157	-0.3277671643944839	0.22496876898162116	-0.1437282943200765	0.18864528880432482	-0.16362001028469583	0.0918426714420151	-0.1024363038338481	0.12165693942157171	-0.14493348549169346	0.14198121917458378	-0.06832829959697523	0.0842508552830944
0.2512034713935395	-0.1735167718599011	0.14393068423622998	-0.1494667086306919	0.18023126806691522	-0.17458287550633253	0.21484278192937548	-0.30526360231260824	0.23560565942150807	-0.18423626628769837	0.1580397561614706	-0.4551459202132778	0.9999999999999976	-0.5816014498641983	0.21605223881712582	-0.20757120570747342	0.22391076990017691	-0.44152736410390603	0.3091211097444331	-0.23067469297800014	0.11681651715704709	-0.17444856759025673	0.15887928570795803	-0.08665006511963133	0.09380143620095995	-0.10513814614234923	0.12117644167032185	-0.13836337911148724	0.06205517820284262	-0.07747958089336805
-0.2729109625031465	0.16864096581065946	-0.15265215205317148	0.15969476145229922	-0.2206484092392611	0.1553398488968607	-0.19957525925424702	0.22053920238862298	-0.2881809098773898	0.2225702287861583	-0.13811193038351458	0.2752671598018333	-0.5816014498641983	1.0	-0.41152022562735513	0.17605288219352477	-0.19452484132216233	0.270029183904948	-0.47311149294967086	0.27095326241495027	-0.10913893595621885	0.15714284901275238	-0.14383787621879593	0.09349416358198237	-0.10572969704493053	0.09741176972262346	-0.11590789570405372	0.12371440906703896	-0.0672463797716769	0.08384773257542218
0.2162975081607808	-0.14984303740714935	0.14134396168762414	-0.16380068865575992	0.2611113472742468	-0.12375886006757018	0.15665168710848615	-0.17661444275131627	0.22972666356524213	-0.4662986299404558	0.10288138741326379	-0.21162017396131547	0.21605223881712582	-0.41152022562735513	0.9999999999999981	-0.1313179484427744	0.1309739918678752	-0.16938019408321678	0.23235918033243616	-0.6573873991329499	0.08380751939860996	-0.12403255434776458	0.1075735461059916	-0.11535288655801197	0.13448306713406383	-0.07661340479922715	0.089717146416183	-0.09739601174476875	0.07798226359916499	-0.10602504815984672
-0.2897201551990336	0.13141918947334968	-0.11119220180545006	0.11110991863259861	-0.1383613144469784	0.2647429505791238	-0.1489997576145943	0.1352044846046001	-0.15240050463517557	0.12056002173009082	-0.4271954600101937	0.25625064129966235	-0.20757120570747342	0.17605288219352477	-0.1313179484427744	0.9999999999999956	-0.6683332241090906	0.25698105181792885	-0.27702696317628317	0.1527043180480438	-0.2440920644254157	0.21469189407477626	-0.16908482671753125	0.07547669271939127	-0.08199865413088844	0.1588904006303203	-0.16392092518117013	0.14674869202772617	-0.05603450879488041	0.06641657960648761
0.23415463297157976	-0.12679185168087292	0.10448586232750395	-0.10723837009034161	0.12995305467008114	-0.24826899902088967	0.1447140442219678	-0.13900666625606442	0.1460474552406914	-0.11926534320411628	0.23289781019305958	-0.3255233682091156	0.22391076990017691	-0.19452484132216233	0.1309739918678752	-0.6683332241090906	0.9999999999999976	-0.463448051309681	0.2628662734768122	-0.1575578920109384	0.18040625720153203	-0.26517128927265077	0.18684771415526014	-0.07891563959607385	0.0832959421295616	-0.14867371125716924	0.15447306870091296	-0.1612913754669044	0.0572645186628548	-0.06828077056262567
-0.24832792891058328	0.1381280921702561	-0.11913119873029113	0.1217214019302332	-0.15441228513137784	0.1728101594058686	-0.16149345461954437	0.16813063149038932	-0.17977817330024806	0.14310565250082716	-0.16556695317639775	0.2681027428563157	-0.44152736410390603	0.270029183904948	-0.16938019408321678	0.25698105181792885	-0.463448051309681	0.9999999999999949	-0.5553550416256512	0.19186029843862878	-0.15542100564659278	0.22959012207728788	-0.31310767269266726	0.10112772042670287	-0.10584271502091222	0.13462365494125522	-0.1672463407158256	0.19278699601778576	-0.07176232673460423	0.08280300015680617
0.26150226181473035	-0.16778482413705462	0.14062928289247204	-0.15293774032857807	0.18881200350063457	-0.2110179447706515	0.18109293878293586	-0.19679015270505226	0.2086477965090141	-0.1933538253213718	0.17479175976048048	-0.3277671643944839	0.3091211097444331	-0.47311149294967086	0.23235918033243616	-0.27702696317628317	0.2628662734768122	-0.5553550416256512	0.9999999999999973	-0.31798681737342754	0.15697955936738403	-0.2502951104177832	0.2115623062122838	-0.13372185756006358	0.1343455632910113	-0.14777632511800612	0.16230504737635332	-0.19720467436209052	0.09049685427044403	-0.11338199887619876
-0.31649530697390543	0.17553091701146287	-0.1773738976235654	0.18395047420733615	-0.33091197562792735	0.1459732078381523	-0.18659097720533085	0.18613432133539135	-0.2583947590991006	0.27905384253250193	-0.12303595031248431	0.22496876898162116	-0.23067469297800014	0.27095326241495027	-0.6573873991329499	0.1527043180480438	-0.1575578920109384	0.19186029843862878	-0.31798681737342754	0.9999999999999972	-0.10401093651438549	0.14882849607971688	-0.13573185570770366	0.16104228515788907	-0.25052209989246665	0.09353551376770985	-0.11458634007287627	0.11912425249006399	-0.11421215944411857	0.14181310756028803
0.15290481574109707	-0.07688267186421473	0.06542884694632826	-0.06721800700700102	0.0847525237050959	-0.12436968591989711	0.08348381475489161	-0.08037581052697534	0.08985444718364768	-0.07543961562492255	0.11609011876887333	-0.1437282943200765	0.11681651715704709	-0.10913893595621885	0.08380751939860996	-0.2440920644254157	0.18040625720153203	-0.15542100564659278	0.15697955936738403	-0.10401093651438549	0.9999999999999963	-0.4975234953488333	0.21970236274599095	-0.07384826287663936	0.0763555468086128	-0.7084978566315939	0.2930055157748636	-0.2519763833133263	0.055582613627351896	-0.06264743297803557
-0.22646478415245178	0.10920244089979604	-0.09522794169149494	0.09657277380485717	-0.1258382414795831	0.1445776388843237	-0.11914547656760491	0.11475665299486751	-0.1319326312362435	0.10922232161512536	-0.13547352495682924	0.18864528880432482	-0.17444856759025673	0.15714284901275238	-0.12403255434776458	0.21469189407477626	-0.26517128927265077	0.22959012207728788	-0.2502951104177832	0.14882849607971688	-0.4975234953488333	0.9999999999999976	-0.5274943729050908	0.12172638246425148	-0.12937778096224442	0.280335067823042	-0.41441869340177745	0.2967263405312405	-0.08923857892229303	0.09406477747770808
0.16677110500581818	-0.0886220110587101	0.0764495929692074	-0.07897232667284296	0.10193440376372853	-0.1171632755172675	0.0972425632939868	-0.09798281222320912	0.10818009272949045	-0.09223625622945798	0.10461713774360683	-0.16362001028469583	0.15887928570795803	-0.14383787621879593	0.1075735461059916	-0.16908482671753125	0.18684771415526014	-0.31310767269266726	0.2115623062122838	-0.13573185570770366	0.21970236274599095	-0.5274943729050908	0.9999999999999963	-0.17391845297951541	0.14174409430682117	-0.2179276923715393	0.282786037259447	-0.641914235966985	0.10312004639812332	-0.10579660918175937
-0.11374731594152075	0.0607934720404895	-0.05689884052159419	0.059002485799855856	-0.09051235760670377	0.06300083339697514	-0.06455474828543149	0.06428436802618606	-0.07982024710815176	0.07791631214473405	-0.05388604758318071	0.0918426714420151	-0.08665006511963133	0.09349416358198237	-0.11535288655801197	0.07547669271939127	-0.07891563959607385	0.10112772042670287	-0.13372185756006358	0.16104228515788907	-0.07384826287663936	0.12172638246425148	-0.17391845297951541	0.9999999999999966	-0.7650867985439924	0.06950783339562883	-0.0923574406201898	0.12154771545003067	-0.4852721238897467	0.30378015377523754
0.1226998387743945	-0.06762411137976854	0.06302202932470875	-0.0662109635809701	0.10090282815581388	-0.06950792741751124	0.07129384931908656	-0.071705027584083	0.08878058171184738	-0.09103440501659889	0.05871438777888793	-0.1024363038338481	0.09380143620095995	-0.10572969704493053	0.13448306713406383	-0.08199865413088844	0.0832959421295616	-0.10584271502091222	0.1343455632910113	-0.25052209989246665	0.0763555468086128	-0.12937778096224442	0.14174409430682117	-0.7650867985439924	0.9999999999999968	-0.07355879913791968	0.0922625288046617	-0.12309642595750099	0.2951985146980185	-0.45316849366637835
-0.14267055061229245	0.06917267735448672	-0.05972721106991201	0.06087411819950307	-0.07819874245905814	0.09883504299263526	-0.07498526901149852	0.07197176904928754	-0.08206287868679515	0.06842084538976609	-0.09459533784885546	0.12165693942157171	-0.10513814614234923	0.09741176972262346	-0.07661340479922715	0.1588904006303203	-0.14867371125716924	0.13462365494125522	-0.14777632511800612	0.09353551376770985	-0.7084978566315939	0.280335067823042	-0.2179276923715393	0.06950783339562883	-0.07355879913791968	0.9999999999999964	-0.5530668452062901	0.2331902178534025	-0.05289555255696254	0.057962472284889904
0.150760300766203	-0.07900040802340776	0.06743194751627808	-0.07004170054523641	0.08861114295439232	-0.11294540089648487	0.08492504722421565	-0.08352477522863767	0.09299602887438754	-0.07987845435393186	0.09855757918627424	-0.14493348549169346	0.12117644167032185	-0.11590789570405372	0.089717146416183	-0.16392092518117013	0.15447306870091296	-0.1672463407158256	0.16230504737635332	-0.11458634007287627	0.2930055157748636	-0.41441869340177745	0.282786037259447	-0.0923574406201898	0.0922625288046617	-0.5530668452062901	0.999999999999997	-0.5790855329158064	0.07136115248677641	-0.07945474593394287
-0.16227813811959418	0.08170063219463844	-0.07125943322231142	0.07286392805096291	-0.09529318794974109	0.1049590245893014	-0.08924784696450248	0.0876464175019189	-0.09990777946807836	0.08393791532016182	-0.09511659527955109	0.14198121917458378	-0.13836337911148724	0.12371440906703896	-0.09739601174476875	0.14674869202772617	-0.1612913754669044	0.19278699601778576	-0.19720467436209052	0.11912425249006399	-0.2519763833133263	0.2967263405312405	-0.641914235966985	0.12154771545003067	-0.12309642595750099	0.2331902178534025	-0.5790855329158064	0.9999999999999978	-0.09754311120605186	0.0940463518049813
0.08428885181200603	-0.044887610098308973	0.04159742943242111	-0.04328372059261294	0.06487241406705328	-0.04716568032455325	0.04731397864106457	-0.04708631315917235	0.05778459886631863	-0.056508015715179175	0.03998163042131811	-0.06832829959697523	0.06205517820284262	-0.0672463797716769	0.07798226359916499	-0.05603450879488041	0.0572645186628548	-0.07176232673460423	0.09049685427044403	-0.11421215944411857	0.055582613627351896	-0.08923857892229303	0.10312004639812332	-0.4852721238897467	0.2951985146980185	-0.05289555255696254	0.07136115248677641	-0.09754311120605186	0.9999999999999979	-0.8074356598890882
-0.11268829864242932	0.058356767936797435	-0.05522845055024039	0.05691611864794607	-0.08856715772948273	0.05802271119147961	-0.061341817350517275	0.06040132176609965	-0.07619472557353604	0.07416410760621966	-0.049155262010860096	0.0842508552830944	-0.07747958089336805	0.08384773257542218	-0.10602504815984672	0.06641657960648761	-0.06828077056262567	0.08280300015680617	-0.11338199887619876	0.14181310756028803	-0.06264743297803557	0.09406477747770808	-0.10579660918175937	0.30378015377523754	-0.45316849366637835	0.057962472284889904	-0.07945474593394287	0.0940463518049813	-0.8074356598890882	0.9999999999999977
