1.0	-0.7619971388836491	0.14682211946871077	-0.13896731255484657	0.09643743285803633	-0.48609357229574096	0.2557267046095823	-0.1446057561953075	0.11679992625193424	-0.08799060312595178	0.11813547330625125	-0.22042329446115166	0.13691707784956333	-0.10605835940857196	0.14532902984456506	-0.08048426205118833	0.10089833037141879	-0.10521705822384107	0.08122367637173268	-0.06993901845263634	0.14690984137951318	-0.07868268690260907	0.08330406189657377	-0.05455084644224298	0.054523133901424034	-0.05021090903404435	0.052195380259614135	-0.0535058701359084	0.04662003298507953	-0.038404219357957486	0.04604783553728885	-0.044903584346953074	0.05864877420021919	-0.04562084861120372	0.04156791810035297
-0.7619971388836491	1.0000000000000004	-0.2045689445234556	0.15103801775314438	-0.10941613517199404	0.28302269577321115	-0.4225413959519272	0.15253919735644744	-0.13062798088114339	0.09590867893312321	-0.11500366105343	0.22454574458557477	-0.15490852030170704	0.11381866016587623	-0.16265294125382793	0.07649503346554487	-0.11077951251356868	0.11124873461505386	-0.08872047356266796	0.07561539181507605	-0.15201687244489154	0.08319470103955973	-0.09014310150048584	0.05877877321520561	-0.0592396814637701	0.052682054877537965	-0.05566468234127022	0.05698774045698618	-0.05029987429413146	0.04133563842433875	-0.04893336559384639	0.04760701789359051	-0.06299977711878468	0.048801248943448144	-0.0448778691045789
0.14682211946871077	-0.2045689445234556	1.0000000000000004	-0.8732747684265465	0.20714563178101014	-0.16455777676869454	0.13502933585522364	-0.2067507810960908	0.15895196373681483	-0.20413169035874756	0.06913403452905853	-0.13379833241643802	0.13927820452279854	-0.13412219964926927	0.1472644876271497	-0.04795088529771923	0.08240566434494495	-0.0939978436224845	0.07716826320659237	-0.06952305261900124	0.09577530307866819	-0.06415967666147598	0.07037623162031158	-0.05145691570380282	0.051198386711898684	-0.04202370980570837	0.04339216302788605	-0.04535716571975783	0.042516384402541345	-0.03573602021561168	0.03823202386240724	-0.03762881948435541	0.0494231209012138	-0.04178527449997176	0.03779592215930109
-0.13896731255484657	0.15103801775314438	-0.8732747684265465	1.0000000000000007	-0.29924396137606346	0.13907202479027395	-0.12385825205928433	0.16331628405310453	-0.17001136060265662	0.19555588781301794	-0.0643923814206311	0.1156985172752909	-0.13012851373806752	0.12846306714449407	-0.15410721397761612	0.04432806994772876	-0.0773722135135702	0.08594431908990409	-0.07620258838878605	0.06786576072713296	-0.09046918776056778	0.05980103092810719	-0.06674197813703389	0.04982222426397308	-0.05031838544296572	0.03930852272614191	-0.04090879657276013	0.0427542812052277	-0.04125845674995712	0.03463506386001705	-0.03611842165519906	0.035406014894574345	-0.04698504635989563	0.040117299341161414	-0.03675710926711497
0.09643743285803633	-0.10941613517199404	0.20714563178101014	-0.29924396137606346	1.0000000000000007	-0.15905936565414075	0.11041475668653343	-0.18699469039273436	0.23236669444093483	-0.8326461794386738	0.06943668852314004	-0.1254091174398555	0.13457512307354733	-0.202141731169492	0.19025657330064774	-0.04867418315114353	0.08460387090043212	-0.1003536229488442	0.09216105699988797	-0.08864676134998174	0.09808706721265639	-0.06828779600440268	0.0745844035534831	-0.06190956349469563	0.0613632503699697	-0.046123663192689596	0.04665147793777126	-0.04933957224738953	0.049722523304891984	-0.04269587662204954	0.04137046241482424	-0.04092319397304166	0.0533633092941306	-0.04926741328158399	0.04418335958254088
-0.48609357229574096	0.28302269577321115	-0.16455777676869454	0.13907202479027395	-0.15905936565414075	1.0000000000000009	-0.362901310188441	0.19975087302054725	-0.2030646594803867	0.1337862532736941	-0.3170948394253722	0.24712033210186415	-0.21360368797088108	0.17631764643902573	-0.2926152865832689	0.18830471329477774	-0.1736696717595242	0.1703799581704011	-0.1543461713849574	0.1299859657953405	-0.36872970143515965	0.13942731866080849	-0.1532209209791196	0.10135613120306618	-0.10417708465540033	0.09187523396229264	-0.09639758035563596	0.09783629462251181	-0.0885434169468272	0.07237462102415076	-0.08672879006859628	0.0825072665571127	-0.11014545839930082	0.08503035992697452	-0.07954466633709074
0.2557267046095823	-0.4225413959519272	0.13502933585522364	-0.12385825205928433	0.11041475668653343	-0.362901310188441	1.000000000000002	-0.2614212072141784	0.15895665037640525	-0.1029348087013941	0.12383467272468647	-0.6845882201978765	0.24063780158047712	-0.14848575895765725	0.17893518538970238	-0.08605893002407942	0.16173535475067008	-0.1690832104265532	0.10726985710860422	-0.09216137398866547	0.15727880593334226	-0.11794238426587791	0.11879944879875091	-0.0729237267317292	0.07109355846912027	-0.06876259964289212	0.07288512249289462	-0.07487001913846468	0.061226075607752575	-0.050373448758134674	0.0620854745582945	-0.06226455341997247	0.0802127611989058	-0.0604874398512944	0.0541273654346345
-0.1446057561953075	0.15253919735644744	-0.2067507810960908	0.16331628405310453	-0.18699469039273436	0.19975087302054725	-0.2614212072141784	1.0000000000000018	-0.44669759155732336	0.17326313468441787	-0.10271441474549378	0.2559868534712827	-0.6622901345416095	0.2618406370288095	-0.2720709057299591	0.07187253226719066	-0.18912431490095402	0.2139430296177491	-0.15019657243709106	0.12665241259286666	-0.14555161780865486	0.12953736092450835	-0.15162722469417017	0.09671309830065106	-0.09537894226949184	0.07833726759146549	-0.08590002673880867	0.0900111990203253	-0.07933638772472922	0.06561259559002548	-0.07275792278401133	0.07275149720076744	-0.09848620169311206	0.0769759187557969	-0.0698502371488357
0.11679992625193424	-0.13062798088114339	0.15895196373681483	-0.17001136060265662	0.23236669444093483	-0.2030646594803867	0.15895665037640525	-0.44669759155732336	1.000000000000001	-0.34912064752533906	0.09120736012678306	-0.18932357567263436	0.24893924568115625	-0.6424722184659354	0.28841967872677304	-0.0643108837583285	0.12924221908371084	-0.15937019025406432	0.1475704861604544	-0.13803957856333285	0.1290224159502268	-0.1013641399579752	0.11179291568037417	-0.09633535895431627	0.09328075997747001	-0.06631465262816537	0.06816278130696991	-0.07268210947330239	0.07445020151007294	-0.06416333445980846	0.0594747353584129	-0.05956829827167389	0.07813770999860328	-0.07354448624234888	0.06563040527893649
-0.08799060312595178	0.09590867893312321	-0.20413169035874756	0.19555588781301794	-0.8326461794386738	0.1337862532736941	-0.1029348087013941	0.17326313468441787	-0.34912064752533906	0.9999999999999998	-0.06187208774878176	0.11220472017862866	-0.13460476449946623	0.20381546039401977	-0.23344835410599632	0.04326042148470206	-0.08053235078350478	0.09364912118290832	-0.09474805877869909	0.08954192104013495	-0.08808799955494538	0.06379543041035328	-0.07117153809664413	0.06125835796250973	-0.06222643492571806	0.042696213429189854	-0.04382168623799564	0.046482134991439925	-0.04898704432427277	0.0420229542463251	-0.0386931546036429	0.03831425935050408	-0.0506543193415288	0.0476982559731715	-0.04358851573740612
0.11813547330625125	-0.11500366105343	0.06913403452905853	-0.0643923814206311	0.06943668852314004	-0.3170948394253722	0.12383467272468647	-0.10271441474549378	0.09120736012678306	-0.06187208774878176	1.0000000000000002	-0.13914204519156412	0.10088693630318696	-0.08556288080487999	0.12879879922351808	-0.7836799717519803	0.09672733086377984	-0.0985888677991488	0.07612140384668556	-0.06566675773698588	0.3124613083569491	-0.09006676603652093	0.08643831736704674	-0.05311937598478587	0.05256705288769198	-0.059460995014322456	0.058165079648001106	-0.05819289102173836	0.046592872446778906	-0.03806006051908997	0.05243224389712357	-0.0504865170570162	0.06287963218165721	-0.046501928945798916	0.041596313763462324
-0.22042329446115166	0.22454574458557477	-0.13379833241643802	0.1156985172752909	-0.1254091174398555	0.24712033210186415	-0.6845882201978765	0.2559868534712827	-0.18932357567263436	0.11220472017862866	-0.13914204519156412	0.9999999999999998	-0.4271889836581491	0.1691669032059917	-0.21972445647585426	0.0934351166723377	-0.2539904384159518	0.21291081019428257	-0.13244612378002601	0.11031426782063576	-0.17769760587452413	0.1487314223032782	-0.15578671890771809	0.08838324174174186	-0.08658544529126806	0.08253158964410645	-0.09179990130764318	0.09309734722157895	-0.0745032671317188	0.06068812481792091	-0.07621194779160959	0.07658788986246484	-0.10100570172480185	0.07273550526280026	-0.0656847650037915
0.13691707784956333	-0.15490852030170704	0.13927820452279854	-0.13012851373806752	0.13457512307354733	-0.21360368797088108	0.24063780158047712	-0.6622901345416095	0.24893924568115625	-0.13460476449946623	0.10088693630318696	-0.4271889836581491	0.9999999999999988	-0.2754120129897916	0.22153357605378665	-0.0720939949839783	0.2123140730043562	-0.34932431325385843	0.14332991074949533	-0.12235416068798448	0.13956863929122112	-0.14698662140141044	0.16158132314292842	-0.0961348114284104	0.09053493155511547	-0.08282251348349776	0.09052190747725676	-0.09631782067604648	0.0770255322472569	-0.0637525357073496	0.07479036016107282	-0.0768093478839337	0.10096664421827703	-0.07639009540853092	0.06722110826205668
-0.10605835940857196	0.11381866016587623	-0.13412219964926927	0.12846306714449407	-0.202141731169492	0.17631764643902573	-0.14848575895765725	0.2618406370288095	-0.6424722184659354	0.20381546039401977	-0.08556288080487999	0.1691669032059917	-0.2754120129897916	1.000000000000003	-0.5568689348294348	0.06023147420338484	-0.13202800676655427	0.1567352304743396	-0.211139018640217	0.1771474298403682	-0.12279055585456917	0.10213734065700561	-0.11683488612689417	0.1180078731395789	-0.11914305651392706	0.06687094196226787	-0.06981157317206169	0.07523733280721437	-0.08863480397706695	0.07656611703475563	-0.060657199680764634	0.06102131472584871	-0.08181327628359754	0.08438232643986285	-0.07791092916483705
0.14532902984456506	-0.16265294125382793	0.1472644876271497	-0.15410721397761612	0.19025657330064774	-0.2926152865832689	0.17893518538970238	-0.2720709057299591	0.28841967872677304	-0.23344835410599632	0.12879879922351808	-0.21972445647585426	0.22153357605378665	-0.5568689348294348	1.0000000000000022	-0.09097549319750943	0.15970742748890301	-0.19749682219114884	0.24053551482096824	-0.34842778774840105	0.18397375903132324	-0.13579987722576212	0.14794063525684426	-0.16833104080711567	0.1729375883655018	-0.09459417397225801	0.09377992371065837	-0.10187584208218495	0.12460321667172765	-0.11465050244470319	0.08328325062077169	-0.08378118534935082	0.10904572117096915	-0.12406899045924674	0.11113205530978268
-0.08048426205118833	0.07649503346554487	-0.04795088529771923	0.04432806994772876	-0.04867418315114353	0.18830471329477774	-0.08605893002407942	0.07187253226719066	-0.0643108837583285	0.04326042148470206	-0.7836799717519803	0.0934351166723377	-0.0720939949839783	0.06023147420338484	-0.09097549319750943	1.000000000000003	-0.0795084426991425	0.0751316479014115	-0.05548247484278225	0.047502972872689786	-0.5258403985050556	0.0763500036101051	-0.06992979578558611	0.039142332168905766	-0.03842458962783261	0.04598452448530082	-0.04662849445274847	0.045540190286253605	-0.03439715635249376	0.02789464098920604	-0.04071218091994552	0.03946091896241267	-0.04903890688360466	0.034368695403891224	-0.030594198058797345
0.10089833037141879	-0.11077951251356868	0.08240566434494495	-0.0773722135135702	0.08460387090043212	-0.1736696717595242	0.16173535475067008	-0.18912431490095402	0.12924221908371084	-0.08053235078350478	0.09672733086377984	-0.2539904384159518	0.2123140730043562	-0.13202800676655427	0.15970742748890301	-0.0795084426991425	1.0000000000000018	-0.6458701350586378	0.15875630440056804	-0.1311222699416555	0.14646321880075433	-0.5458481229655624	0.2914165916154491	-0.11927296455028877	0.10286364553653782	-0.15131623720653103	0.17928734292139248	-0.1742235012228411	0.09517195886610423	-0.0760970533233614	0.12524161010617502	-0.14593739535830152	0.16457013638086077	-0.09833538099562364	0.0811259087376738
-0.10521705822384107	0.11124873461505386	-0.0939978436224845	0.08594431908990409	-0.1003536229488442	0.1703799581704011	-0.1690832104265532	0.2139430296177491	-0.15937019025406432	0.09364912118290832	-0.0985888677991488	0.21291081019428257	-0.34932431325385843	0.1567352304743396	-0.19749682219114884	0.0751316479014115	-0.6458701350586378	1.0000000000000002	-0.2424906955667367	0.1606609599888673	-0.14955438115921701	0.29366108533021407	-0.41971179469067166	0.14760965011098678	-0.13007269038076807	0.1385428410310149	-0.1740916239467282	0.18513412998989812	-0.11730866680337995	0.09183349855695004	-0.13009338305696017	0.1382455882784588	-0.1947642479239573	0.11484637964516485	-0.09893437664939617
0.08122367637173268	-0.08872047356266796	0.07716826320659237	-0.07620258838878605	0.09216105699988797	-0.1543461713849574	0.10726985710860422	-0.15019657243709106	0.1475704861604544	-0.09474805877869909	0.07612140384668556	-0.13244612378002601	0.14332991074949533	-0.211139018640217	0.24053551482096824	-0.05548247484278225	0.15875630440056804	-0.2424906955667367	0.9999999999999966	-0.6371443832084499	0.11280738422469624	-0.14250356931296265	0.16588482230470525	-0.5084964456727286	0.3053557931637698	-0.09326865729803184	0.09610024540008497	-0.11531099008774996	0.21512634382719056	-0.1954391076113288	0.08096405344548833	-0.08814717254284128	0.11976481209318053	-0.2100162241141415	0.16995820578664383
-0.06993901845263634	0.07561539181507605	-0.06952305261900124	0.06786576072713296	-0.08864676134998174	0.1299859657953405	-0.09216137398866547	0.12665241259286666	-0.13803957856333285	0.08954192104013495	-0.06566675773698588	0.11031426782063576	-0.12235416068798448	0.1771474298403682	-0.34842778774840105	0.047502972872689786	-0.1311222699416555	0.1606609599888673	-0.6371443832084499	0.9999999999999983	-0.0976289974206851	0.1131054595925129	-0.1391881404942585	0.30178687150927275	-0.5255464412937972	0.07705765292735316	-0.08076532934009671	0.0949784390338375	-0.20905547711167807	0.19765856238985768	-0.06920329969788142	0.07347480824931932	-0.10397344900956974	0.1757450770409915	-0.19310617822058007
0.14690984137951318	-0.15201687244489154	0.09577530307866819	-0.09046918776056778	0.09808706721265639	-0.36872970143515965	0.15727880593334226	-0.14555161780865486	0.1290224159502268	-0.08808799955494538	0.3124613083569491	-0.17769760587452413	0.13956863929122112	-0.12279055585456917	0.18397375903132324	-0.5258403985050556	0.14646321880075433	-0.14955438115921701	0.11280738422469624	-0.0976289974206851	0.999999999999999	-0.16707446272153884	0.14028758304906697	-0.08061206668274391	0.07883382165443216	-0.09960542966793438	0.09671708660185065	-0.0950018595999427	0.07105430950049223	-0.05778697350672608	0.08569763939644935	-0.08324801668764711	0.10092677140150846	-0.07165340572951275	0.06326449305947748
-0.07868268690260907	0.08319470103955973	-0.06415967666147598	0.05980103092810719	-0.06828779600440268	0.13942731866080849	-0.11794238426587791	0.12953736092450835	-0.1013641399579752	0.06379543041035328	-0.09006676603652093	0.1487314223032782	-0.14698662140141044	0.10213734065700561	-0.13579987722576212	0.0763500036101051	-0.5458481229655624	0.29366108533021407	-0.14250356931296265	0.1131054595925129	-0.16707446272153884	0.9999999999999986	-0.590592310782529	0.12040454873985983	-0.10513629267264271	0.19110401499927188	-0.35003265892392577	0.24493036941496543	-0.10540865217819936	0.07871999766389415	-0.17500439615264954	0.20139047853995581	-0.24694872776581897	0.10713787596125234	-0.0889194994997637
0.08330406189657377	-0.09014310150048584	0.07037623162031158	-0.06674197813703389	0.0745844035534831	-0.1532209209791196	0.11879944879875091	-0.15162722469417017	0.11179291568037417	-0.07117153809664413	0.08643831736704674	-0.15578671890771809	0.16158132314292842	-0.11683488612689417	0.14794063525684426	-0.06992979578558611	0.2914165916154491	-0.41971179469067166	0.16588482230470525	-0.1391881404942585	0.14028758304906697	-0.590592310782529	0.9999999999999989	-0.17292432005241545	0.1275011609605228	-0.20387389198532152	0.24534485101133185	-0.45260294126355877	0.1244772460755656	-0.0956040683969416	0.1660158355100917	-0.21070531307815074	0.26027271633358406	-0.13095523528179048	0.10236392830151333
-0.05455084644224298	0.05877877321520561	-0.05145691570380282	0.04982222426397308	-0.06190956349469563	0.10135613120306618	-0.0729237267317292	0.09671309830065106	-0.09633535895431627	0.06125835796250973	-0.05311937598478587	0.08838324174174186	-0.0961348114284104	0.1180078731395789	-0.16833104080711567	0.039142332168905766	-0.11927296455028877	0.14760965011098678	-0.5084964456727286	0.30178687150927275	-0.08061206668274391	0.12040454873985983	-0.17292432005241545	0.9999999999999982	-0.6032374351656429	0.07918496290821947	-0.08448757850532285	0.10818788705616826	-0.4256610603164635	0.24764424956914127	-0.06999550747070972	0.07832281938399357	-0.11420914446718726	0.24010543769522424	-0.2303274690879359
0.054523133901424034	-0.0592396814637701	0.051198386711898684	-0.05031838544296572	0.0613632503699697	-0.10417708465540033	0.07109355846912027	-0.09537894226949184	0.09328075997747001	-0.06222643492571806	0.05256705288769198	-0.08658544529126806	0.09053493155511547	-0.11914305651392706	0.1729375883655018	-0.03842458962783261	0.10286364553653782	-0.13007269038076807	0.3053557931637698	-0.5255464412937972	0.07883382165443216	-0.10513629267264271	0.1275011609605228	-0.6032374351656429	0.9999999999999993	-0.0737117188196347	0.07523402725020661	-0.0959441068018974	0.2605030102694551	-0.3987320434239066	0.06376765535938086	-0.07165619893387412	0.10126273945664434	-0.24367150443349958	0.2338058145925852
-0.05021090903404435	0.052682054877537965	-0.04202370980570837	0.03930852272614191	-0.046123663192689596	0.09187523396229264	-0.06876259964289212	0.07833726759146549	-0.06631465262816537	0.042696213429189854	-0.059460995014322456	0.08253158964410645	-0.08282251348349776	0.06687094196226787	-0.09459417397225801	0.04598452448530082	-0.15131623720653103	0.1385428410310149	-0.09326865729803184	0.07705765292735316	-0.09960542966793438	0.19110401499927188	-0.20387389198532152	0.07918496290821947	-0.0737117188196347	0.9999999999999974	-0.48718824015860945	0.21510982499665487	-0.08617452869133291	0.06204391115078703	-0.741649809385332	0.31572572526128895	-0.26758438726368794	0.0935836978704697	-0.07512586146432325
0.052195380259614135	-0.05566468234127022	0.04339216302788605	-0.04090879657276013	0.04665147793777126	-0.09639758035563596	0.07288512249289462	-0.08590002673880867	0.06816278130696991	-0.04382168623799564	0.058165079648001106	-0.09179990130764318	0.09052190747725676	-0.06981157317206169	0.09377992371065837	-0.04662849445274847	0.17928734292139248	-0.1740916239467282	0.09610024540008497	-0.08076532934009671	0.09671708660185065	-0.35003265892392577	0.24534485101133185	-0.08448757850532285	0.07523402725020661	-0.48718824015860945	0.9999999999999972	-0.3917102462532933	0.08686214533674046	-0.06327725220948074	0.3030321414424937	-0.5918945012488132	0.29118750975680935	-0.09851778828673188	0.07444524261259115
-0.0535058701359084	0.05698774045698618	-0.04535716571975783	0.0427542812052277	-0.04933957224738953	0.09783629462251181	-0.07487001913846468	0.0900111990203253	-0.07268210947330239	0.046482134991439925	-0.05819289102173836	0.09309734722157895	-0.09631782067604648	0.07523733280721437	-0.10187584208218495	0.045540190286253605	-0.1742235012228411	0.18513412998989812	-0.11531099008774996	0.0949784390338375	-0.0950018595999427	0.24493036941496543	-0.45260294126355877	0.10818788705616826	-0.0959441068018974	0.21510982499665487	-0.3917102462532933	0.9999999999999974	-0.12440869916522593	0.0835651071413544	-0.21436740861744674	0.26997145109077114	-0.6909239733932117	0.13876854808697583	-0.10378092865933539
0.04662003298507953	-0.05029987429413146	0.042516384402541345	-0.04125845674995712	0.049722523304891984	-0.0885434169468272	0.061226075607752575	-0.07933638772472922	0.07445020151007294	-0.04898704432427277	0.046592872446778906	-0.0745032671317188	0.0770255322472569	-0.08863480397706695	0.12460321667172765	-0.03439715635249376	0.09517195886610423	-0.11730866680337995	0.21512634382719056	-0.20905547711167807	0.07105430950049223	-0.10540865217819936	0.1244772460755656	-0.4256610603164635	0.2605030102694551	-0.08617452869133291	0.08686214533674046	-0.12440869916522593	0.9999999999999981	-0.4529674924085568	0.07393047741681247	-0.0900303226716723	0.1391046726962241	-0.6636974692193713	0.30600923981753536
-0.038404219357957486	0.04133563842433875	-0.03573602021561168	0.03463506386001705	-0.04269587662204954	0.07237462102415076	-0.050373448758134674	0.06561259559002548	-0.06416333445980846	0.0420229542463251	-0.03806006051908997	0.06068812481792091	-0.0637525357073496	0.07656611703475563	-0.11465050244470319	0.02789464098920604	-0.0760970533233614	0.09183349855695004	-0.1954391076113288	0.19765856238985768	-0.05778697350672608	0.07871999766389415	-0.0956040683969416	0.24764424956914127	-0.3987320434239066	0.06204391115078703	-0.06327725220948074	0.0835651071413544	-0.4529674924085568	0.9999999999999982	-0.05466453856910921	0.0627351698639228	-0.09666041414876968	0.30574664080761627	-0.7048903977321124
0.04604783553728885	-0.04893336559384639	0.03823202386240724	-0.03611842165519906	0.04137046241482424	-0.08672879006859628	0.0620854745582945	-0.07275792278401133	0.0594747353584129	-0.0386931546036429	0.05243224389712357	-0.07621194779160959	0.07479036016107282	-0.060657199680764634	0.08328325062077169	-0.04071218091994552	0.12524161010617502	-0.13009338305696017	0.08096405344548833	-0.06920329969788142	0.08569763939644935	-0.17500439615264954	0.1660158355100917	-0.06999550747070972	0.06376765535938086	-0.741649809385332	0.3030321414424937	-0.21436740861744674	0.07393047741681247	-0.05466453856910921	0.9999999999999987	-0.5326169792851063	0.22682417901787535	-0.08534525434318807	0.06428132955078608
-0.044903584346953074	0.04760701789359051	-0.03762881948435541	0.035406014894574345	-0.04092319397304166	0.0825072665571127	-0.06226455341997247	0.07275149720076744	-0.05956829827167389	0.03831425935050408	-0.0504865170570162	0.07658788986246484	-0.0768093478839337	0.06102131472584871	-0.08378118534935082	0.03946091896241267	-0.14593739535830152	0.1382455882784588	-0.08814717254284128	0.07347480824931932	-0.08324801668764711	0.20139047853995581	-0.21070531307815074	0.07832281938399357	-0.07165619893387412	0.31572572526128895	-0.5918945012488132	0.26997145109077114	-0.0900303226716723	0.0627351698639228	-0.5326169792851063	0.9999999999999993	-0.45295766780714974	0.10342878823945936	-0.07766924051266522
0.05864877420021919	-0.06299977711878468	0.0494231209012138	-0.04698504635989563	0.0533633092941306	-0.11014545839930082	0.0802127611989058	-0.09848620169311206	0.07813770999860328	-0.0506543193415288	0.06287963218165721	-0.10100570172480185	0.10096664421827703	-0.08181327628359754	0.10904572117096915	-0.04903890688360466	0.16457013638086077	-0.1947642479239573	0.11976481209318053	-0.10397344900956974	0.10092677140150846	-0.24694872776581897	0.26027271633358406	-0.11420914446718726	0.10126273945664434	-0.26758438726368794	0.29118750975680935	-0.6909239733932117	0.1391046726962241	-0.09666041414876968	0.22682417901787535	-0.45295766780714974	0.9999999999999987	-0.20599745384362161	0.11908618917581025
-0.04562084861120372	0.048801248943448144	-0.04178527449997176	0.040117299341161414	-0.04926741328158399	0.08503035992697452	-0.0604874398512944	0.0769759187557969	-0.07354448624234888	0.0476982559731715	-0.046501928945798916	0.07273550526280026	-0.07639009540853092	0.08438232643986285	-0.12406899045924674	0.034368695403891224	-0.09833538099562364	0.11484637964516485	-0.2100162241141415	0.1757450770409915	-0.07165340572951275	0.10713787596125234	-0.13095523528179048	0.24010543769522424	-0.24367150443349958	0.0935836978704697	-0.09851778828673188	0.13876854808697583	-0.6636974692193713	0.30574664080761627	-0.08534525434318807	0.10342878823945936	-0.20599745384362161	0.9999999999999987	-0.5523067803729427
0.04156791810035297	-0.0448778691045789	0.03779592215930109	-0.03675710926711497	0.04418335958254088	-0.07954466633709074	0.0541273654346345	-0.0698502371488357	0.06563040527893649	-0.04358851573740612	0.041596313763462324	-0.0656847650037915	0.06722110826205668	-0.07791092916483705	0.11113205530978268	-0.030594198058797345	0.0811259087376738	-0.09893437664939617	0.16995820578664383	-0.19310617822058007	0.06326449305947748	-0.0889194994997637	0.10236392830151333	-0.2303274690879359	0.2338058145925852	-0.07512586146432325	0.07444524261259115	-0.10378092865933539	0.30600923981753536	-0.7048903977321124	0.06428132955078608	-0.07766924051266522	0.11908618917581025	-0.5523067803729427	0.9999999999999987
