1.0000000000000002	-0.4945506683481271	0.10949370874079145	-0.06346093460190613	0.06166356142783398	-0.7656704970862	0.29178292277846485	-0.1069116129679765	0.07662730032692912	-0.056628063278388485	0.21177693982620824	-0.21480112972444063	0.09433613601073021	-0.08825733479533968	0.06806580576609432	-0.12043670018843568	0.10809070651833995	-0.09165594448791765	0.07495801029372684	-0.045853620673391056	0.09587753730005086	-0.10643904847947182	0.06311385048164077	-0.058009489328388446	0.047599735610841645	-0.04107961238048032	0.03767374345327175	-0.07724540568485098	0.03479623314537609	-0.044856129654985186
-0.4945506683481271	0.9999999999999997	-0.16516218554695783	0.08423315920685914	-0.07504737727584812	0.291121792271694	-0.7556075980240781	0.13716119374787583	-0.09891184299970884	0.06796139589963653	-0.2116019231697261	0.20449535557984355	-0.11309870799524857	0.09824058357627194	-0.0756719469522566	0.11180463731244206	-0.11202982600410562	0.09608606115858091	-0.08248968548743126	0.05024308987807832	-0.09851366496558847	0.10286087521124	-0.06573875188115637	0.06250876830723966	-0.052043950048007985	0.04202495016849642	-0.038860452139169874	0.0797744539919592	-0.037560601879792	0.04837286640698503
0.10949370874079145	-0.16516218554695783	0.9999999999999996	-0.5593161715064067	0.2275672085698368	-0.11793364537836713	0.15066209507815018	-0.5154501060192287	0.3162032425700069	-0.24416105629847923	0.13187064920835703	-0.14733862946706924	0.25171915727871974	-0.2780497709453402	0.17451971354091114	-0.1492640222967613	0.1483654811085363	-0.22375273441778773	0.18822127904134153	-0.1243796064807606	0.12803792235315387	-0.16804890265188963	0.14309817807620218	-0.15873903716426743	0.12242476944017149	-0.08966810827174747	0.07818576722100466	-0.19553878313198186	0.09333484334412033	-0.1269012559942592
-0.06346093460190613	0.08423315920685914	-0.5593161715064067	1.0	-0.33936617951286807	0.0664311820885565	-0.0864354795348855	0.2389034275298487	-0.6786006690466612	0.25337031744654614	-0.07805037182204602	0.08471993210992967	-0.15293555098510506	0.15725755111499307	-0.12000789011290165	0.08676260345246367	-0.08750822226728225	0.1288968111563042	-0.11454839973801154	0.08099531840119557	-0.07615796718959869	0.09778873697820235	-0.08454721252616419	0.09878105513201643	-0.07884726701628447	0.05267535587513511	-0.046254421630647295	0.11376451150041265	-0.05831020450872271	0.07976698000702727
0.06166356142783398	-0.07504737727584812	0.2275672085698368	-0.33936617951286807	1.0000000000000007	-0.06791838089073102	0.07948210704624471	-0.19792037987623434	0.27840514519816983	-0.8170445757830318	0.08503992472230192	-0.09233125999020855	0.14361190247588923	-0.17389938272996688	0.18637374492953568	-0.10798046033267497	0.10714920393558477	-0.16254519547873875	0.14054013949303296	-0.12549637181886067	0.0946244126800114	-0.12456013967964771	0.11043126264355457	-0.1461611188090958	0.11500231404740259	-0.07093986097895201	0.06152668908340324	-0.1529441606723691	0.08560099170336177	-0.12286376412693803
-0.7656704970862	0.291121792271694	-0.11793364537836713	0.0664311820885565	-0.06791838089073102	1.0000000000000009	-0.3976354052417794	0.11246679482810246	-0.08496889692407145	0.06035258516588961	-0.34963772729441145	0.22976230797702402	-0.10440930457598362	0.09238532734881885	-0.07448785590560103	0.13230273100763493	-0.12201958686883055	0.09636523799795886	-0.08114723785912725	0.049128033157839666	-0.11277156895627041	0.11225599790052808	-0.06708808357309592	0.061249597767615974	-0.05139268806221558	0.043795629854659096	-0.04081997862203895	0.08006176190162809	-0.036944111074378484	0.04716598904515025
0.29178292277846485	-0.7556075980240781	0.15066209507815018	-0.0864354795348855	0.07948210704624471	-0.3976354052417794	1.0000000000000004	-0.1755736276135656	0.10313233622253398	-0.07346506756456471	0.2309679271677712	-0.32970738074006545	0.13247821648888097	-0.11636412725962142	0.08508403325246736	-0.13418852368127457	0.1330566895366827	-0.11441848479595322	0.09506455111350316	-0.05735885147562085	0.11115574936370812	-0.1258758294279281	0.07712671725972937	-0.07209386806552802	0.05920332846477887	-0.04890711086176606	0.044907131814522716	-0.09403688057993469	0.04313317118350532	-0.055568741904375996
-0.1069116129679765	0.13716119374787583	-0.5154501060192287	0.2389034275298487	-0.19792037987623434	0.11246679482810246	-0.1755736276135656	1.0000000000000009	-0.3547546220218149	0.17583791093283238	-0.14530323212722504	0.1572768889556804	-0.6109811886569864	0.27192181032907836	-0.1760251934290633	0.12811817338857232	-0.14036497282943922	0.19218383110303935	-0.20314662468783198	0.11412601394926636	-0.11770961283361389	0.14057655975945363	-0.12436283364099995	0.13586415331294655	-0.1158973496627874	0.07035862631962476	-0.06421013814462143	0.15086680052083298	-0.08137368411823878	0.10432299395247366
0.07662730032692912	-0.09891184299970884	0.3162032425700069	-0.6786006690466612	0.27840514519816983	-0.08496889692407145	0.10313233622253398	-0.3547546220218149	1.0000000000000009	-0.38838134659202656	0.10234002301963911	-0.11346397314062001	0.1994818233555535	-0.2327890383010622	0.1637917146189567	-0.12168007079513214	0.12160335030483367	-0.18568006080147742	0.15997352700134032	-0.11350301086917906	0.10538853297822709	-0.13868897835193691	0.12034747716506917	-0.1402210476114173	0.1095060727779111	-0.07546095484494549	0.06578274814647547	-0.16454840763216774	0.08235391573222761	-0.11328428948565131
-0.056628063278388485	0.06796139589963653	-0.24416105629847923	0.25337031744654614	-0.8170445757830318	0.06035258516588961	-0.07346506756456471	0.17583791093283238	-0.38838134659202656	1.0000000000000018	-0.07627346842159818	0.08108357929539246	-0.13634486737222495	0.15278121431557878	-0.23046196451974377	0.09012530927382634	-0.09194599741896933	0.13536509158536303	-0.12819098110350446	0.12255154909551351	-0.08159176149159351	0.103044259857815	-0.0930344503156053	0.12829334236695072	-0.11389733857966851	0.057560594186657196	-0.050940085638030555	0.12360307118907382	-0.07584899946673444	0.10627980323309134
0.21177693982620824	-0.2116019231697261	0.13187064920835703	-0.07805037182204602	0.08503992472230192	-0.34963772729441145	0.2309679271677712	-0.14530323212722504	0.10234002301963911	-0.07627346842159818	1.0000000000000013	-0.7507153799849168	0.15627131935748464	-0.14126699423027025	0.10618122141159178	-0.32360899600544263	0.2292323821961441	-0.15975849047721805	0.12317934553421031	-0.07170400626569756	0.1994393440994885	-0.2138131915165328	0.1091052785901552	-0.0911602025723933	0.07502852208646796	-0.07114008817136841	0.06590317635929571	-0.12800769573611012	0.05464775125283823	-0.06894203703699867
-0.21480112972444063	0.20449535557984355	-0.14733862946706924	0.08471993210992967	-0.09233125999020855	0.22976230797702402	-0.32970738074006545	0.1572768889556804	-0.11346397314062001	0.08108357929539246	-0.7507153799849168	1.0000000000000004	-0.2082929422176888	0.14946443910790494	-0.11428130788132419	0.2296618006773933	-0.3199129036979545	0.16545994870421324	-0.13504936869785808	0.07544702044399756	-0.20161885580236044	0.2051651053783288	-0.11265216627873828	0.0938842039692091	-0.07941392480177856	0.06956321962265263	-0.06609473337275514	0.12581203753094283	-0.056643117629867304	0.07052123407513133
0.09433613601073021	-0.11309870799524857	0.25171915727871974	-0.15293555098510506	0.14361190247588923	-0.10440930457598362	0.13247821648888097	-0.6109811886569864	0.1994818233555535	-0.13634486737222495	0.15627131935748464	-0.2082929422176888	1.000000000000001	-0.5691605041180979	0.18199813636713733	-0.14421052168033577	0.16000468597844145	-0.2676391783066976	0.24722442038971024	-0.12851902913738755	0.12730909224394474	-0.16174900624324565	0.1463172714509185	-0.15704701729716586	0.12543683765843505	-0.07825521322287615	0.07087902302849025	-0.17947188686891286	0.09057996244364123	-0.11553306585002246
-0.08825733479533968	0.09824058357627194	-0.2780497709453402	0.15725755111499307	-0.17389938272996688	0.09238532734881885	-0.11636412725962142	0.27192181032907836	-0.2327890383010622	0.15278121431557878	-0.14126699423027025	0.14946443910790494	-0.5691605041180979	1.0000000000000022	-0.29688075416024207	0.13945923531965582	-0.16717127852861452	0.2632285307858888	-0.5401255556365907	0.18305287480528462	-0.1334784605822048	0.16076652775036995	-0.16371028513759034	0.2026837825058238	-0.18097959392350998	0.08077269099394391	-0.0754637758466653	0.1825123606677653	-0.11996364014117894	0.1430335677149162
0.06806580576609432	-0.0756719469522566	0.17451971354091114	-0.12000789011290165	0.18637374492953568	-0.07448785590560103	0.08508403325246736	-0.1760251934290633	0.1637917146189567	-0.23046196451974377	0.10618122141159178	-0.11428130788132419	0.18199813636713733	-0.29688075416024207	1.000000000000002	-0.1424822721588845	0.15158437372127284	-0.25339198478969566	0.264177669039455	-0.6175882988310742	0.12969170838267877	-0.17291500162850892	0.17766713686522026	-0.37102937670386377	0.31136435821856934	-0.10016559742727585	0.08850195379434622	-0.23495483877730028	0.20138067655869016	-0.31003796318919175
-0.12043670018843568	0.11180463731244206	-0.1492640222967613	0.08676260345246367	-0.10798046033267497	0.13230273100763493	-0.13418852368127457	0.12811817338857232	-0.12168007079513214	0.09012530927382634	-0.32360899600544263	0.2296618006773933	-0.14421052168033577	0.13945923531965582	-0.1424822721588845	1.000000000000002	-0.4279012463330838	0.19618437125838786	-0.15867816847474153	0.09057805613630837	-0.7215636199270073	0.3054854390455646	-0.1501659904547132	0.11233627555481217	-0.098605543566102	0.1206396291833957	-0.11848435689479654	0.16076092994736604	-0.06909850820311948	0.08412980943468273
0.10809070651833995	-0.11202982600410562	0.1483654811085363	-0.08750822226728225	0.10714920393558477	-0.12201958686883055	0.1330566895366827	-0.14036497282943922	0.12160335030483367	-0.09194599741896933	0.2292323821961441	-0.3199129036979545	0.16000468597844145	-0.16717127852861452	0.15158437372127284	-0.4279012463330838	1.0000000000000013	-0.38371994259897835	0.19632831124774203	-0.10321169914506009	0.2953995058990821	-0.6439429867698289	0.20877782094037203	-0.13439783292128105	0.11033549390652184	-0.1094282319083353	0.10425881978881203	-0.21432686928070313	0.08021389941862646	-0.09651912792852894
-0.09165594448791765	0.09608606115858091	-0.22375273441778773	0.1288968111563042	-0.16254519547873875	0.09636523799795886	-0.11441848479595322	0.19218383110303935	-0.18568006080147742	0.13536509158536303	-0.15975849047721805	0.16545994870421324	-0.2676391783066976	0.2632285307858888	-0.25339198478969566	0.19618437125838786	-0.38371994259897835	0.9999999999999996	-0.5327003560797647	0.1725535051173883	-0.19934190524371487	0.2556095527019499	-0.4520269388045153	0.21465186900427768	-0.18750693456821718	0.1112940049910851	-0.11209905858684252	0.28377462094474926	-0.1302031703756684	0.14478694330399716
0.07495801029372684	-0.08248968548743126	0.18822127904134153	-0.11454839973801154	0.14054013949303296	-0.08114723785912725	0.09506455111350316	-0.20314662468783198	0.15997352700134032	-0.12819098110350446	0.12317934553421031	-0.13504936869785808	0.24722442038971024	-0.5401255556365907	0.264177669039455	-0.15867816847474153	0.19632831124774203	-0.5327003560797647	0.9999999999999999	-0.2674261535693444	0.14525393111398302	-0.2005405711821355	0.22278442517401761	-0.3446085492150656	0.22248798091482533	-0.09752464718006301	0.08992010344092861	-0.2554138155194461	0.15903088273982047	-0.18755446210671978
-0.045853620673391056	0.05024308987807832	-0.1243796064807606	0.08099531840119557	-0.12549637181886067	0.049128033157839666	-0.05735885147562085	0.11412601394926636	-0.11350301086917906	0.12255154909551351	-0.07170400626569756	0.07544702044399756	-0.12851902913738755	0.18305287480528462	-0.6175882988310742	0.09057805613630837	-0.10321169914506009	0.1725535051173883	-0.2674261535693444	1.0000000000000029	-0.08630689794201536	0.10992409939525341	-0.12239542665763747	0.26606849056407167	-0.6452510079957158	0.06110131301694656	-0.0560502898618451	0.14419605812318356	-0.157003850375387	0.20208269901464804
0.09587753730005086	-0.09851366496558847	0.12803792235315387	-0.07615796718959869	0.0946244126800114	-0.11277156895627041	0.11115574936370812	-0.11770961283361389	0.10538853297822709	-0.08159176149159351	0.1994393440994885	-0.20161885580236044	0.12730909224394474	-0.1334784605822048	0.12969170838267877	-0.7215636199270073	0.2953995058990821	-0.19934190524371487	0.14525393111398302	-0.08630689794201536	1.0000000000000007	-0.5070001594270211	0.16503277137059094	-0.11321087992333245	0.0933478164058249	-0.17373676366862106	0.1413720733172249	-0.19276193686937398	0.06879977336341472	-0.08496611604906118
-0.10643904847947182	0.10286087521124	-0.16804890265188963	0.09778873697820235	-0.12456013967964771	0.11225599790052808	-0.1258758294279281	0.14057655975945363	-0.13868897835193691	0.103044259857815	-0.2138131915165328	0.2051651053783288	-0.16174900624324565	0.16076652775036995	-0.17291500162850892	0.3054854390455646	-0.6439429867698289	0.2556095527019499	-0.2005405711821355	0.10992409939525341	-0.5070001594270211	1.000000000000001	-0.2748326896552233	0.13946440829683712	-0.12211938787858816	0.13298841296246222	-0.13967699492156993	0.2193577371463842	-0.08639364478560978	0.10130882021474084
0.06311385048164077	-0.06573875188115637	0.14309817807620218	-0.08454721252616419	0.11043126264355457	-0.06708808357309592	0.07712671725972937	-0.12436283364099995	0.12034747716506917	-0.0930344503156053	0.1091052785901552	-0.11265216627873828	0.1463172714509185	-0.16371028513759034	0.17766713686522026	-0.1501659904547132	0.20877782094037203	-0.4520269388045153	0.22278442517401761	-0.12239542665763747	0.16503277137059094	-0.2748326896552233	1.0000000000000009	-0.21205872194583866	0.14306295087224344	-0.1396116870048134	0.13613231401101666	-0.7526857383602891	0.11611891495290143	-0.12420539361724861
-0.058009489328388446	0.06250876830723966	-0.15873903716426743	0.09878105513201643	-0.1461611188090958	0.061249597767615974	-0.07209386806552802	0.13586415331294655	-0.1402210476114173	0.12829334236695072	-0.0911602025723933	0.0938842039692091	-0.15704701729716586	0.2026837825058238	-0.37102937670386377	0.11233627555481217	-0.13439783292128105	0.21465186900427768	-0.3446085492150656	0.26606849056407167	-0.11321087992333245	0.13946440829683712	-0.21205872194583866	1.0000000000000024	-0.5118798063873843	0.0778484901915677	-0.07450607230390115	0.1959761711359664	-0.5146996545781105	0.3102120667176943
0.047599735610841645	-0.052043950048007985	0.12242476944017149	-0.07884726701628447	0.11500231404740259	-0.05139268806221558	0.05920332846477887	-0.1158973496627874	0.1095060727779111	-0.11389733857966851	0.07502852208646796	-0.07941392480177856	0.12543683765843505	-0.18097959392350998	0.31136435821856934	-0.098605543566102	0.11033549390652184	-0.18750693456821718	0.22248798091482533	-0.6452510079957158	0.0933478164058249	-0.12211938787858816	0.14306295087224344	-0.5118798063873843	1.0000000000000024	-0.0696853739834519	0.06337647232865071	-0.17301764513435497	0.23356254569162999	-0.3512013868162094
-0.04107961238048032	0.04202495016849642	-0.08966810827174747	0.05267535587513511	-0.07093986097895201	0.043795629854659096	-0.04890711086176606	0.07035862631962476	-0.07546095484494549	0.057560594186657196	-0.07114008817136841	0.06956321962265263	-0.07825521322287615	0.08077269099394391	-0.10016559742727585	0.1206396291833957	-0.1094282319083353	0.1112940049910851	-0.09752464718006301	0.06110131301694656	-0.17373676366862106	0.13298841296246222	-0.1396116870048134	0.0778484901915677	-0.0696853739834519	1.000000000000002	-0.9361005303810899	0.1728090091559627	-0.04989175220939811	0.058163605972592125
0.03767374345327175	-0.038860452139169874	0.07818576722100466	-0.046254421630647295	0.06152668908340324	-0.04081997862203895	0.044907131814522716	-0.06421013814462143	0.06578274814647547	-0.050940085638030555	0.06590317635929571	-0.06609473337275514	0.07087902302849025	-0.0754637758466653	0.08850195379434622	-0.11848435689479654	0.10425881978881203	-0.11209905858684252	0.08992010344092861	-0.0560502898618451	0.1413720733172249	-0.13967699492156993	0.13613231401101666	-0.07450607230390115	0.06337647232865071	-0.9361005303810899	1.0000000000000027	-0.22052877490008005	0.04728536402565516	-0.0556157165690451
-0.07724540568485098	0.0797744539919592	-0.19553878313198186	0.11376451150041265	-0.1529441606723691	0.08006176190162809	-0.09403688057993469	0.15086680052083298	-0.16454840763216774	0.12360307118907382	-0.12800769573611012	0.12581203753094283	-0.17947188686891286	0.1825123606677653	-0.23495483877730028	0.16076092994736604	-0.21432686928070313	0.28377462094474926	-0.2554138155194461	0.14419605812318356	-0.19276193686937398	0.2193577371463842	-0.7526857383602891	0.1959761711359664	-0.17301764513435497	0.1728090091559627	-0.22052877490008005	1.0000000000000022	-0.13629637102703152	0.13850968641867517
0.03479623314537609	-0.037560601879792	0.09333484334412033	-0.05831020450872271	0.08560099170336177	-0.036944111074378484	0.04313317118350532	-0.08137368411823878	0.08235391573222761	-0.07584899946673444	0.05464775125283823	-0.056643117629867304	0.09057996244364123	-0.11996364014117894	0.20138067655869016	-0.06909850820311948	0.08021389941862646	-0.1302031703756684	0.15903088273982047	-0.157003850375387	0.06879977336341472	-0.08639364478560978	0.11611891495290143	-0.5146996545781105	0.23356254569162999	-0.04989175220939811	0.04728536402565516	-0.13629637102703152	1.0000000000000029	-0.7806076151825738
-0.044856129654985186	0.04837286640698503	-0.1269012559942592	0.07976698000702727	-0.12286376412693803	0.04716598904515025	-0.055568741904375996	0.10432299395247366	-0.11328428948565131	0.10627980323309134	-0.06894203703699867	0.07052123407513133	-0.11553306585002246	0.1430335677149162	-0.31003796318919175	0.08412980943468273	-0.09651912792852894	0.14478694330399716	-0.18755446210671978	0.20208269901464804	-0.08496611604906118	0.10130882021474084	-0.12420539361724861	0.3102120667176943	-0.3512013868162094	0.058163605972592125	-0.0556157165690451	0.13850968641867517	-0.7806076151825738	1.0000000000000027
