1.0	-0.8432899061112704	0.0688182176970765	-0.05745921154998869	0.05369231068019023	-0.43458547152360427	0.28514283173232813	-0.0752451753504912	0.0509448888748249	-0.037962347127757416	0.07645275466718257	-0.0933835742099425	0.08374600700524347	-0.058501166489055775	0.05585418628127497	-0.07233537375729143	0.07145544684532908	-0.06631783401091845	0.05260255289398642	-0.040572058879159954	0.033694749136075466	-0.028998699633771795	0.036297899018038496	-0.031193263101496595	0.028342761903356942	-0.02854858013658552	0.03242955267526596	-0.030167348496992197	0.02764283496165686	-0.02955527350849097	0.0251427240893993	-0.02810259424513552	0.026857856168037268	-0.027319679514647872	0.026435970193849127	-0.024739983194792814	0.02375023447497415	-0.023991083235828114	0.021888051028043153	-0.018784732523778467	0.022369253957491335	-0.02076030833006056	0.030284262099319944	-0.01864868962062317	0.022885774030618276
-0.8432899061112704	1.0000000000000004	-0.08618915016843723	0.0648165419312641	-0.06320050010579983	0.2883328178591706	-0.42082804066189505	0.08820316487141586	-0.05962374314732592	0.0436538649232319	-0.07838657295529297	0.10036468739444529	-0.09661602523591435	0.06505220006430955	-0.0650752259935256	0.07089261740906135	-0.07970350938149637	0.07083649606364686	-0.05807975711656071	0.043822816813692655	-0.035787747704105824	0.03077469406333858	-0.039040882044022736	0.0334832932990544	-0.03067354669292466	0.030081584576003434	-0.034747149692837966	0.032192416217897916	-0.02965055070517084	0.031515486399521966	-0.026790940470153086	0.02985229195692046	-0.028730028269019464	0.02912390327816351	-0.028370183814547346	0.026228636555881858	-0.02534261944878273	0.025578053332424598	-0.0234405508102047	0.02009670721866102	-0.0239032646782222	0.02206662384327918	-0.03246973144912439	0.01992685712465542	-0.0245594911317601
0.0688182176970765	-0.08618915016843723	1.0000000000000002	-0.4098595924314578	0.15205017627181439	-0.10100211401475374	0.1082205947204891	-0.840648231979395	0.24997113563879855	-0.11678897009664592	0.058974185884436474	-0.09813736149957737	0.1246249793870288	-0.1752192469722242	0.14891440296856295	-0.06194165461966173	0.07275713505250181	-0.08768141347555809	0.07709044225846985	-0.0614707561302548	0.03728256934325485	-0.03371603539908705	0.04419020006443977	-0.04172766391891572	0.039041762236591435	-0.03227480238506089	0.037966201684541734	-0.03656922995532734	0.034375169811061604	-0.03695796929574942	0.02878706292450338	-0.03289142137934771	0.031786506820920504	-0.03275496677911241	0.03156840411032471	-0.02853571623995461	0.027611037612394064	-0.02810867213550644	0.025891864686004993	-0.022394216968172422	0.02578759165229294	-0.02407217875446313	0.035121770766522724	-0.022079619627512752	0.02699072408163812
-0.05745921154998869	0.0648165419312641	-0.4098595924314578	1.0000000000000004	-0.3608526087300623	0.06664055981803638	-0.07339299860709922	0.27645412796749613	-0.6790091705516771	0.23142236858731371	-0.06586136899162844	0.09994307037249081	-0.14011562345888623	0.2850985416531708	-0.3151497315181003	0.06843526208761622	-0.08797244817835159	0.10061959322593164	-0.1268054040656425	0.09838152224105595	-0.05240926142140671	0.04713972215798381	-0.06270037648798496	0.06305237771395475	-0.061264788496430495	0.04523659848151193	-0.05478344623455007	0.05196480286050675	-0.05111542895020061	0.05460145193182346	-0.04160621357116657	0.04748253932775587	-0.04660006245185916	0.04797381144033786	-0.04720038832874952	0.04106947268921168	-0.040384782330717774	0.04118112532887452	-0.0384688979251292	0.033251695897623126	-0.03806502979987405	0.03515471065205489	-0.052312835754808544	0.032689685939749594	-0.04040028118767702
0.05369231068019023	-0.06320050010579983	0.15205017627181439	-0.3608526087300623	1.0	-0.06079877099195462	0.06295366982357467	-0.18025615613408696	0.25350251754056713	-0.7445475708456619	0.07093557511338629	-0.11218239867843319	0.1358851427597126	-0.36356612042064973	0.31029833753746405	-0.07830706500332098	0.09480696776332331	-0.11603418782450012	0.13558547499541707	-0.12501072512907502	0.06189409458523517	-0.05649273841735167	0.07393036623531575	-0.07791703118294838	0.07324058961117748	-0.054845906259700636	0.06520152082191746	-0.06277536194932228	0.06197601225981707	-0.06781784264450408	0.05011227347317951	-0.05803676066401656	0.05635356102010916	-0.05880026590418773	0.05716098437085347	-0.05020897350740138	0.049001806967503565	-0.0502772013920726	0.046716472572423465	-0.04057563376571966	0.04624651538554457	-0.04320863338160378	0.06325953103813965	-0.039948731181399806	0.04892327815983793
-0.43458547152360427	0.2883328178591706	-0.10100211401475374	0.06664055981803638	-0.06079877099195462	1.0000000000000007	-0.8235685241575571	0.10645280191376835	-0.06422907963342146	0.04258312100412404	-0.12052860456658063	0.12902126334084163	-0.11208478960262815	0.06516568172596923	-0.06354758531877992	0.09470614949721812	-0.09251673935630023	0.0783126221688534	-0.05476721904126819	0.04192517654945306	-0.035994425774750184	0.030690431822033525	-0.038290193110118276	0.032108891346424244	-0.029087495812376286	0.029812755295458723	-0.033423249734533686	0.03135737938011658	-0.028058814116797025	0.0298945017494214	-0.02557676538941974	0.028449011729038205	-0.02702127265966654	0.02746279813308948	-0.02616103944760167	0.025015794162086265	-0.023772815834849925	0.02392641453956745	-0.021669216655637178	0.018625412147379686	-0.022065691204095506	0.02060556393670264	-0.029716232650429518	0.01846669020696848	-0.02247955576838547
0.28514283173232813	-0.42082804066189505	0.1082205947204891	-0.07339299860709922	0.06295366982357467	-0.8235685241575571	1.000000000000001	-0.13701776959179918	0.0692610626016629	-0.044884769044778644	0.10805525693480389	-0.1572246257872974	0.11577942941332141	-0.07016134327128984	0.06594916580963459	-0.0954982598554329	0.09346022659723197	-0.08231334130818585	0.05621636881455332	-0.043471262984191655	0.036548867519248934	-0.031456797099257416	0.039307811982165944	-0.03315210737074391	0.029965734116150694	-0.03053732672822837	0.03418464212294832	-0.03227182080779179	0.028847647871244875	-0.0308157049794716	0.026155488386223294	-0.029212947891148363	0.02771700830022018	-0.02823401944717338	0.026837976349993686	-0.025667492065517078	0.024367514612682648	-0.024557127065330395	0.022230001875116517	-0.019124567916454092	0.022605560030566494	-0.021153875834878905	0.030435006259390614	-0.018960528858712133	0.02304739343126884
-0.0752451753504912	0.08820316487141586	-0.840648231979395	0.27645412796749613	-0.18025615613408696	0.10645280191376835	-0.13701776959179918	1.000000000000002	-0.3389645868683814	0.12943581708960616	-0.06547693127552216	0.10633347157099593	-0.15702083668458242	0.18291647504517322	-0.17741943961800175	0.06688144555926274	-0.08145816149226068	0.09522330190082692	-0.08766171925234816	0.06827990981008222	-0.04128743000034142	0.037183518191608485	-0.04904485554220847	0.04620178371652507	-0.043613422709253266	0.03551480884072865	-0.0421071670872153	0.04035167200384018	-0.0381173658390962	0.040785935679701325	-0.03185536178608332	0.03628751733782901	-0.035210295564316915	0.036187261361806236	-0.0350423957446187	0.03146638022635635	-0.03055621025693396	0.031078882110982736	-0.028705626194068107	0.02480484536106879	-0.028568797201741904	0.026574729808806784	-0.03898672822600088	0.024441381010785784	-0.02996770047884193
0.0509448888748249	-0.05962374314732592	0.24997113563879855	-0.6790091705516771	0.25350251754056713	-0.06422907963342146	0.0692610626016629	-0.3389645868683814	1.000000000000002	-0.26387543385196827	0.06053702240742527	-0.09813841902095215	0.13319144434510563	-0.4953263443031504	0.26882226442801294	-0.06416528395416775	0.0797440184725241	-0.09584634941031465	0.10923347583731843	-0.0880709066902016	0.04574738137104882	-0.04156191289477043	0.05506203881664967	-0.05583003240698364	0.05343248878080231	-0.03977451023731132	0.047653314272391084	-0.04580193150314486	0.04459931402268307	-0.048019127601293655	0.0361216606834532	-0.041471069374829195	0.04044291039449298	-0.0418601245292175	0.04073184054702581	-0.035829472161500064	0.03499566383588161	-0.03573889316986148	0.033230481351269096	-0.028799878700205454	0.032806373607103104	-0.030517705922591776	0.04493230188415249	-0.028310704753219056	0.03475498286694229
-0.037962347127757416	0.0436538649232319	-0.11678897009664592	0.23142236858731371	-0.7445475708456619	0.04258312100412404	-0.044884769044778644	0.12943581708960616	-0.26387543385196827	1.0000000000000002	-0.05108201406428051	0.07939080758732725	-0.10230895760969594	0.27391275953736494	-0.5309379398858258	0.05527376227355008	-0.06915074701658695	0.08285656755858055	-0.10761673970349797	0.09805372892665763	-0.04481001367121654	0.04084521203045428	-0.054158727367497043	0.05790092403787075	-0.05746384030961424	0.03932381192485724	-0.04739704439049103	0.0455094666393775	-0.04553947557451764	0.04918346334903922	-0.03609278102929315	0.041673527978999605	-0.0407807871274147	0.042424768442180884	-0.041506960165700754	0.03594736255089591	-0.03526095845002921	0.03612640052211395	-0.03376488294408415	0.029315287423034964	-0.03317547787213085	0.030864282816698993	-0.04555634453027488	0.02878096049006532	-0.03538959179892792
0.07645275466718257	-0.07838657295529297	0.058974185884436474	-0.06586136899162844	0.07093557511338629	-0.12052860456658063	0.10805525693480389	-0.06547693127552216	0.06053702240742527	-0.05108201406428051	1.000000000000003	-0.4541115368494329	0.23404005395890876	-0.09074777668310517	0.08153057812048368	-0.7869583441582437	0.26479999055572073	-0.2225952656784102	0.10779016235777225	-0.08651828805384239	0.110010964323949	-0.08714284620239217	0.09395626298156502	-0.07220414452021369	0.06226949347157744	-0.08678385046543813	0.0828573737068149	-0.0778056721021908	0.0639498945187702	-0.06857233202922255	0.06469075561892498	-0.06999206182683762	0.06307007742592073	-0.06406540286655073	0.05777716321125608	-0.0629077244838844	0.0563681568907785	-0.05585238508807004	0.04854642713162093	-0.041741539949776724	0.050464143106182996	-0.04832372648099824	0.06596935440333024	-0.04160335369258973	0.04917003620735999
-0.0933835742099425	0.10036468739444529	-0.09813736149957737	0.09994307037249081	-0.11218239867843319	0.12902126334084163	-0.1572246257872974	0.10633347157099593	-0.09813841902095215	0.07939080758732725	-0.4541115368494329	1.0000000000000022	-0.63841702033213	0.14401758832517111	-0.13173749025590475	0.2815260863174223	-0.43854478493552523	0.28682494805641684	-0.14221623808826594	0.10713501409027903	-0.09841897775952506	0.0852341359541063	-0.10926804536935138	0.08508560826677816	-0.07533431878552388	0.08000118961908266	-0.08985027584334028	0.08659278103548462	-0.07366962221122511	0.07813310949041072	-0.06684186405153392	0.07442322003815209	-0.07029735425729942	0.0713266155363711	-0.06627763649947924	0.06506210005589563	-0.06115010758163141	0.06136166818197381	-0.05497585714482695	0.04736218473168752	-0.055602806144732606	0.052425699957170994	-0.0744102041856602	0.04688739237238055	-0.05636974669123197
0.08374600700524347	-0.09661602523591435	0.1246249793870288	-0.14011562345888623	0.1358851427597126	-0.11208478960262815	0.11577942941332141	-0.15702083668458242	0.13319144434510563	-0.10230895760969594	0.23404005395890876	-0.63841702033213	1.000000000000001	-0.2382857139650823	0.1638023261853726	-0.26275922688485637	0.30270077486293134	-0.5075538474628076	0.17546925973756106	-0.141381394013065	0.1112061741076462	-0.10502281319271037	0.13910775275702622	-0.11048346350102647	0.09565208341887782	-0.09643161312378014	0.10920829439512544	-0.11188034111382011	0.09290037813186049	-0.1001383538288984	0.08040361047286675	-0.0925387489426811	0.0871895741044261	-0.08977562193596957	0.08218793392558045	-0.08010091685123963	0.0751068870182589	-0.07616025262132772	0.06812961044874527	-0.05905764431740219	0.06802040959476778	-0.06495631064094494	0.09108324208258316	-0.05839922551214166	0.06958173572921093
-0.058501166489055775	0.06505220006430955	-0.1752192469722242	0.2850985416531708	-0.36356612042064973	0.06516568172596923	-0.07016134327128984	0.18291647504517322	-0.4953263443031504	0.27391275953736494	-0.09074777668310517	0.14401758832517111	-0.2382857139650823	1.0000000000000009	-0.6235956295538843	0.09469453396697787	-0.12413039975348432	0.14680135538433664	-0.20104857677719196	0.14861334689522315	-0.07221494320512639	0.06566774667728317	-0.08811834241193975	0.09151528573340267	-0.08961305207627421	0.06248520679713412	-0.07583809122989942	0.07278349112111426	-0.07193148520193307	0.07695338652264079	-0.057133812797486305	0.06558035697402023	-0.0643646708551122	0.0665898920913933	-0.0651067874529977	0.05649213119148127	-0.05544525733133456	0.056624802521796386	-0.052919467230280466	0.04588584966952701	-0.05190552052199465	0.048152409234474926	-0.07132589644405116	0.045002701314673155	-0.05539384050008334
0.05585418628127497	-0.0650752259935256	0.14891440296856295	-0.3151497315181003	0.31029833753746405	-0.06354758531877992	0.06594916580963459	-0.17741943961800175	0.26882226442801294	-0.5309379398858258	0.08153057812048368	-0.13173749025590475	0.1638023261853726	-0.6235956295538843	1.000000000000002	-0.08990956595544765	0.1103555719452015	-0.13724675384362178	0.17411382102721526	-0.18585159335866644	0.07160727818898438	-0.06605737293949045	0.08759253813486945	-0.0979677389068051	0.09706637941371031	-0.06333400081432666	0.07600283483593341	-0.07398589271529826	0.07432386205250231	-0.08095835329942298	0.0576724641405685	-0.0670901488451517	0.06544791555633156	-0.06861376552972859	0.06652016795555282	-0.057691240341088544	0.05636921112950805	-0.057889245965338516	0.05403371545109492	-0.047097567906430673	0.052725524457967896	-0.04936444974466851	0.07228226720600521	-0.04615576839077349	0.05641628156629475
-0.07233537375729143	0.07089261740906135	-0.06194165461966173	0.06843526208761622	-0.07830706500332098	0.09470614949721812	-0.0954982598554329	0.06688144555926274	-0.06416528395416775	0.05527376227355008	-0.7869583441582437	0.2815260863174223	-0.26275922688485637	0.09469453396697787	-0.08990956595544765	1.0000000000000018	-0.41981277606072964	0.2250952661559812	-0.1187961429989729	0.09131371884787827	-0.14462953686383637	0.09821782517952367	-0.10484163826710212	0.07731216697788906	-0.06739051867041704	0.09650875568141054	-0.09392212275374028	0.08459677507032551	-0.06944637998418142	0.07333408278465343	-0.07288570650445057	0.07608007059499645	-0.0690126557570687	0.06912519188911581	-0.06282390722820505	0.06852099379104704	-0.061816978278361634	0.060634398152075816	-0.05276529866645466	0.04517252381444977	-0.05524994122927056	0.052260802806351384	-0.0722000022170329	0.044993298425369616	-0.05347987786397038
0.07145544684532908	-0.07970350938149637	0.07275713505250181	-0.08797244817835159	0.09480696776332331	-0.09251673935630023	0.09346022659723197	-0.08145816149226068	0.0797440184725241	-0.06915074701658695	0.26479999055572073	-0.43854478493552523	0.30270077486293134	-0.12413039975348432	0.1103555719452015	-0.41981277606072964	1.0000000000000027	-0.656605109982087	0.17607046139597227	-0.14174004802917894	0.1253882026267316	-0.11954589659298409	0.15543012145964882	-0.11658449553961185	0.09845186935795436	-0.10704578984001006	0.11900300640751006	-0.12399190357402896	0.09852346538298744	-0.1060207110987839	0.0865089819784527	-0.09935309781565001	0.09283432724084151	-0.09538871370196872	0.08584572649540194	-0.08593687504895013	0.07971363966151251	-0.08058789370628827	0.07138217756533762	-0.061897354964881406	0.07129434694143957	-0.0684867434726022	0.09494274659871144	-0.06122983329035255	0.072367360739904
-0.06631783401091845	0.07083649606364686	-0.08768141347555809	0.10061959322593164	-0.11603418782450012	0.0783126221688534	-0.08231334130818585	0.09522330190082692	-0.09584634941031465	0.08285656755858055	-0.2225952656784102	0.28682494805641684	-0.5075538474628076	0.14680135538433664	-0.13724675384362178	0.2250952661559812	-0.656605109982087	1.000000000000002	-0.2613120745206394	0.1651555000427729	-0.1341243904758072	0.13308924697659086	-0.23180404253254808	0.13763840024128557	-0.11938930752314325	0.11109393208074171	-0.14054111987949292	0.14586237163502438	-0.11577943927761879	0.11908816890094925	-0.09464255564678108	0.1087956437256427	-0.10622629221804136	0.1065378774013499	-0.0975811347578085	0.0921642131654375	-0.08821667607572821	0.08897773415183788	-0.08028670819045895	0.06938276187383446	-0.0784260913692171	0.07415375047480534	-0.10615522874202077	0.06815666540980046	-0.08162862645513688
0.05260255289398642	-0.05807975711656071	0.07709044225846985	-0.1268054040656425	0.13558547499541707	-0.05476721904126819	0.05621636881455332	-0.08766171925234816	0.10923347583731843	-0.10761673970349797	0.10779016235777225	-0.14221623808826594	0.17546925973756106	-0.20104857677719196	0.17411382102721526	-0.1187961429989729	0.17607046139597227	-0.2613120745206394	1.0000000000000016	-0.6563851601294725	0.15120089383116062	-0.15056657536564957	0.20427778066953747	-0.3405775150541671	0.2788577966732195	-0.13983008727545004	0.1715276463858369	-0.17924828685516545	0.1961897521359024	-0.22436763229105122	0.12724778113055218	-0.15574817697215063	0.15234768440916288	-0.1682856782304302	0.1578213180196621	-0.13003858737847315	0.12726681583745758	-0.13321322996930932	0.12591310621975976	-0.11271561876999851	0.11589344630120085	-0.11118082345172182	0.1595714171333823	-0.10858467288009394	0.1294756832314795
-0.040572058879159954	0.043822816813692655	-0.0614707561302548	0.09838152224105595	-0.12501072512907502	0.04192517654945306	-0.043471262984191655	0.06827990981008222	-0.0880709066902016	0.09805372892665763	-0.08651828805384239	0.10713501409027903	-0.141381394013065	0.14861334689522315	-0.18585159335866644	0.09131371884787827	-0.14174004802917894	0.1651555000427729	-0.6563851601294725	1.0000000000000018	-0.13725952694920537	0.13090954525422802	-0.1951785819374162	0.2856250237696466	-0.5371250934949735	0.11822126055706499	-0.1584368840685879	0.15612139609109582	-0.19025151091620862	0.1879879628618278	-0.11190590067796218	0.13187245929419292	-0.13685070232569152	0.14437390890507656	-0.14645907280459664	0.10956947736434106	-0.11121430406025312	0.11452901919000742	-0.11312125916477973	0.09952661334682718	-0.10046546229486272	0.09294242753669929	-0.14238139807753622	0.09470127663240298	-0.11831700353091625
0.033694749136075466	-0.035787747704105824	0.03728256934325485	-0.05240926142140671	0.06189409458523517	-0.035994425774750184	0.036548867519248934	-0.04128743000034142	0.04574738137104882	-0.04481001367121654	0.110010964323949	-0.09841897775952506	0.1112061741076462	-0.07221494320512639	0.07160727818898438	-0.14462953686383637	0.1253882026267316	-0.1341243904758072	0.15120089383116062	-0.13725952694920537	1.0000000000000027	-0.5687923182024359	0.24301833311340387	-0.15264315784371704	0.12185992190905359	-0.5786721020865867	0.2812748500462338	-0.22038368622566476	0.1509321362537293	-0.15940212314747	0.24964754999511768	-0.22527083421504618	0.1713560768134896	-0.16728821341639388	0.13588318307448316	-0.22448614172394205	0.1695112483032638	-0.15521723612080435	0.11985038145578945	-0.1008878770727847	0.13958214919850068	-0.13658408035539016	0.16738879671902065	-0.10265368436511707	0.11530905261828481
-0.028998699633771795	0.03077469406333858	-0.03371603539908705	0.04713972215798381	-0.05649273841735167	0.030690431822033525	-0.031456797099257416	0.037183518191608485	-0.04156191289477043	0.04084521203045428	-0.08714284620239217	0.0852341359541063	-0.10502281319271037	0.06566774667728317	-0.06605737293949045	0.09821782517952367	-0.11954589659298409	0.13308924697659086	-0.15056657536564957	0.13090954525422802	-0.5687923182024359	1.0000000000000056	-0.45905367348816595	0.16454273896374988	-0.13330341469376067	0.2571350290498788	-0.5402014818173372	0.2763791701633212	-0.16444492379988482	0.15760507287878367	-0.1875899588930415	0.19079786727236817	-0.16947533352554126	0.1559573282161099	-0.12985242901170777	0.1582246633432608	-0.14474944938203185	0.13434986776276292	-0.11082894522196692	0.09353681751271689	-0.11541088725326148	0.1089381715227799	-0.1488820563333539	0.09293485588722201	-0.10711410798879106
0.036297899018038496	-0.039040882044022736	0.04419020006443977	-0.06270037648798496	0.07393036623531575	-0.038290193110118276	0.039307811982165944	-0.04904485554220847	0.05506203881664967	-0.054158727367497043	0.09395626298156502	-0.10926804536935138	0.13910775275702622	-0.08811834241193975	0.08759253813486945	-0.10484163826710212	0.15543012145964882	-0.23180404253254808	0.20427778066953747	-0.1951785819374162	0.24301833311340387	-0.45905367348816595	1.0000000000000042	-0.32965518755844175	0.1998079392658511	-0.21968526421543677	0.3140379614531743	-0.5864104394638506	0.23615341658368044	-0.23220131763581708	0.16661101207696027	-0.21297038723646092	0.20961781261785184	-0.20797568367839114	0.16371905549564453	-0.16544372100208368	0.15493136766666762	-0.15884243603184922	0.13601584975139006	-0.11843289235028183	0.1248828049969071	-0.12278526496535352	0.1683624264103712	-0.11531006091781215	0.13098642826746087
-0.031193263101496595	0.0334832932990544	-0.04172766391891572	0.06305237771395475	-0.07791703118294838	0.032108891346424244	-0.03315210737074391	0.04620178371652507	-0.05583003240698364	0.05790092403787075	-0.07220414452021369	0.08508560826677816	-0.11048346350102647	0.09151528573340267	-0.0979677389068051	0.07731216697788906	-0.11658449553961185	0.13763840024128557	-0.3405775150541671	0.2856250237696466	-0.15264315784371704	0.16454273896374988	-0.32965518755844175	1.000000000000005	-0.6864787624135287	0.13065933154108195	-0.19084762444512351	0.21479581516718305	-0.3683052149201678	0.2501994360118499	-0.11911901848396446	0.14687791939921518	-0.1595376242275015	0.1748915213857659	-0.16385360481377576	0.11645878102234677	-0.11848048472456847	0.12282904978272295	-0.12335400280222202	0.10991193654236574	-0.10038943188607041	0.09487649213842775	-0.1431997452882694	0.10188288532520083	-0.12382997654843657
0.028342761903356942	-0.03067354669292466	0.039041762236591435	-0.061264788496430495	0.07324058961117748	-0.029087495812376286	0.029965734116150694	-0.043613422709253266	0.05343248878080231	-0.05746384030961424	0.06226949347157744	-0.07533431878552388	0.09565208341887782	-0.08961305207627421	0.09706637941371031	-0.06739051867041704	0.09845186935795436	-0.11938930752314325	0.2788577966732195	-0.5371250934949735	0.12185992190905359	-0.13330341469376067	0.1998079392658511	-0.6864787624135287	1.0000000000000016	-0.11125689148842204	0.14879503555945517	-0.1723248075410911	0.22626407429743678	-0.2627482923250951	0.10021529636738462	-0.12686417583206208	0.13058106552093213	-0.1511817199175846	0.14099759358874567	-0.10098433918276441	0.10088331722479138	-0.10636691387115743	0.10552901559627569	-0.09727577596076842	0.08652553471441352	-0.08316040906516955	0.12200117750680302	-0.08932828663325479	0.10625939909888751
-0.02854858013658552	0.030081584576003434	-0.03227480238506089	0.04523659848151193	-0.054845906259700636	0.029812755295458723	-0.03053732672822837	0.03551480884072865	-0.03977451023731132	0.03932381192485724	-0.08678385046543813	0.08000118961908266	-0.09643161312378014	0.06248520679713412	-0.06333400081432666	0.09650875568141054	-0.10704578984001006	0.11109393208074171	-0.13983008727545004	0.11822126055706499	-0.5786721020865867	0.2571350290498788	-0.21968526421543677	0.13065933154108195	-0.11125689148842204	1.000000000000006	-0.30971690179916833	0.19094726147724006	-0.14276162093202852	0.14313708200569963	-0.5725357798041153	0.23045766370084161	-0.18182046149580577	0.15957996136597258	-0.13715037622917842	0.2520747272271663	-0.20429253777256862	0.16303498461224106	-0.12311844536153642	0.10011296963207782	-0.16725334885188733	0.1429209857804147	-0.1893888648350837	0.10252404943616064	-0.11821513073747429
0.03242955267526596	-0.034747149692837966	0.037966201684541734	-0.05478344623455007	0.06520152082191746	-0.033423249734533686	0.03418464212294832	-0.0421071670872153	0.047653314272391084	-0.04739704439049103	0.0828573737068149	-0.08985027584334028	0.10920829439512544	-0.07583809122989942	0.07600283483593341	-0.09392212275374028	0.11900300640751006	-0.14054111987949292	0.1715276463858369	-0.1584368840685879	0.2812748500462338	-0.5402014818173372	0.3140379614531743	-0.19084762444512351	0.14879503555945517	-0.30971690179916833	1.0000000000000016	-0.5311697754673482	0.21180431648341425	-0.21669427004668812	0.2079724673517422	-0.3035420379365979	0.22867756375481793	-0.21629874011736783	0.16559656929013683	-0.2030384105309292	0.18618577483386264	-0.17894340038859277	0.14286141048501502	-0.12187867670215428	0.14114569606337046	-0.13985379285049068	0.18418908059621325	-0.12120347530137976	0.13542263111553365
-0.030167348496992197	0.032192416217897916	-0.03656922995532734	0.05196480286050675	-0.06277536194932228	0.03135737938011658	-0.03227182080779179	0.04035167200384018	-0.04580193150314486	0.0455094666393775	-0.0778056721021908	0.08659278103548462	-0.11188034111382011	0.07278349112111426	-0.07398589271529826	0.08459677507032551	-0.12399190357402896	0.14586237163502438	-0.17924828685516545	0.15612139609109582	-0.22038368622566476	0.2763791701633212	-0.5864104394638506	0.21479581516718305	-0.1723248075410911	0.19094726147724006	-0.5311697754673482	1.0000000000000029	-0.3413772408961498	0.23182869307605006	-0.16439453645369972	0.2229475379869182	-0.3109225104983623	0.2241870041573456	-0.1760513437774835	0.15624176744353574	-0.16241779045793897	0.1648625600268482	-0.14470837293052943	0.12229689332025412	-0.12233211782606486	0.11753327823048153	-0.17413902728680083	0.11760778188682161	-0.13645851887863053
0.02764283496165686	-0.02965055070517084	0.034375169811061604	-0.05111542895020061	0.06197601225981707	-0.028058814116797025	0.028847647871244875	-0.0381173658390962	0.04459931402268307	-0.04553947557451764	0.0639498945187702	-0.07366962221122511	0.09290037813186049	-0.07193148520193307	0.07432386205250231	-0.06944637998418142	0.09852346538298744	-0.11577943927761879	0.1961897521359024	-0.19025151091620862	0.1509321362537293	-0.16444492379988482	0.23615341658368044	-0.3683052149201678	0.22626407429743678	-0.14276162093202852	0.21180431648341425	-0.3413772408961498	0.999999999999998	-0.6859397521191332	0.1330921587416214	-0.1881084421262282	0.21656363492215552	-0.3423264725601344	0.24001930283650724	-0.1357018408394291	0.14225800833568528	-0.15610675389031056	0.17014092502571515	-0.16265041852886086	0.1125786005161199	-0.11022352315811201	0.16524086835197294	-0.1401040105517723	0.16045738597259032
-0.02955527350849097	0.031515486399521966	-0.03695796929574942	0.05460145193182346	-0.06781784264450408	0.0298945017494214	-0.0308157049794716	0.040785935679701325	-0.048019127601293655	0.04918346334903922	-0.06857233202922255	0.07813310949041072	-0.1001383538288984	0.07695338652264079	-0.08095835329942298	0.07333408278465343	-0.1060207110987839	0.11908816890094925	-0.22436763229105122	0.1879879628618278	-0.15940212314747	0.15760507287878367	-0.23220131763581708	0.2501994360118499	-0.2627482923250951	0.14313708200569963	-0.21669427004668812	0.23182869307605006	-0.6859397521191332	1.0000000000000018	-0.1401400261581858	0.1828766115889453	-0.21528775086108962	0.26167518332287565	-0.40617479925055333	0.13995345681049298	-0.15090709111414125	0.16347705780135663	-0.20485548492808325	0.20240269447095696	-0.12325479548931029	0.11727550425344156	-0.18645279566540096	0.1614567747924801	-0.21258383900905656
0.0251427240893993	-0.026790940470153086	0.02878706292450338	-0.04160621357116657	0.05011227347317951	-0.02557676538941974	0.026155488386223294	-0.03185536178608332	0.0361216606834532	-0.03609278102929315	0.06469075561892498	-0.06684186405153392	0.08040361047286675	-0.057133812797486305	0.0576724641405685	-0.07288570650445057	0.0865089819784527	-0.09464255564678108	0.12724778113055218	-0.11190590067796218	0.24964754999511768	-0.1875899588930415	0.16661101207696027	-0.11911901848396446	0.10021529636738462	-0.5725357798041153	0.2079724673517422	-0.16439453645369972	0.1330921587416214	-0.1401400261581858	1.0000000000000022	-0.3671117383710562	0.19817585959608888	-0.17549359167555975	0.13730615167521507	-0.5600258133997887	0.25989206706727447	-0.1987890771442491	0.129723616827174	-0.10412446079003207	0.19194913937062924	-0.17923011664970337	0.19970197912343826	-0.10933984177479901	0.11970333362147267
-0.02810259424513552	0.02985229195692046	-0.03289142137934771	0.04748253932775587	-0.05803676066401656	0.028449011729038205	-0.029212947891148363	0.03628751733782901	-0.041471069374829195	0.041673527978999605	-0.06999206182683762	0.07442322003815209	-0.0925387489426811	0.06558035697402023	-0.0670901488451517	0.07608007059499645	-0.09935309781565001	0.1087956437256427	-0.15574817697215063	0.13187245929419292	-0.22527083421504618	0.19079786727236817	-0.21297038723646092	0.14687791939921518	-0.12686417583206208	0.23045766370084161	-0.3035420379365979	0.2229475379869182	-0.1881084421262282	0.1828766115889453	-0.3671117383710562	1.000000000000005	-0.5153413038488676	0.26404024341007765	-0.2073315343918998	0.28093184759643275	-0.4984201898351348	0.2790546764480521	-0.19657968407469503	0.14895626676664872	-0.19560079960685686	0.1786406690797651	-0.2790397028297802	0.1523061739415416	-0.17410765428819908
0.026857856168037268	-0.028730028269019464	0.031786506820920504	-0.04660006245185916	0.05635356102010916	-0.02702127265966654	0.02771700830022018	-0.035210295564316915	0.04044291039449298	-0.0407807871274147	0.06307007742592073	-0.07029735425729942	0.0871895741044261	-0.0643646708551122	0.06544791555633156	-0.0690126557570687	0.09283432724084151	-0.10622629221804136	0.15234768440916288	-0.13685070232569152	0.1713560768134896	-0.16947533352554126	0.20961781261785184	-0.1595376242275015	0.13058106552093213	-0.18182046149580577	0.22867756375481793	-0.3109225104983623	0.21656363492215552	-0.21528775086108962	0.19817585959608888	-0.5153413038488676	1.0000000000000022	-0.5729377907050013	0.22214020156645248	-0.2087475313514114	0.2536034774601615	-0.3455212812651744	0.21555395086733042	-0.16898606597537932	0.1538582306850329	-0.15587469934203338	0.24137912568537745	-0.17069641601056523	0.17571160519373846
-0.027319679514647872	0.02912390327816351	-0.03275496677911241	0.04797381144033786	-0.05880026590418773	0.02746279813308948	-0.02823401944717338	0.036187261361806236	-0.0418601245292175	0.042424768442180884	-0.06406540286655073	0.0713266155363711	-0.08977562193596957	0.0665898920913933	-0.06861376552972859	0.06912519188911581	-0.09538871370196872	0.1065378774013499	-0.1682856782304302	0.14437390890507656	-0.16728821341639388	0.1559573282161099	-0.20797568367839114	0.1748915213857659	-0.1511817199175846	0.15957996136597258	-0.21629874011736783	0.2241870041573456	-0.3423264725601344	0.26167518332287565	-0.17549359167555975	0.26404024341007765	-0.5729377907050013	1.0000000000000018	-0.4032407103031466	0.17555125908607488	-0.21480166146646662	0.23877339789320762	-0.37134660492644683	0.24017238269827773	-0.14963060184081048	0.14398018547410382	-0.24615399348822398	0.22045845909411893	-0.25493012923190467
0.026435970193849127	-0.028370183814547346	0.03156840411032471	-0.04720038832874952	0.05716098437085347	-0.02616103944760167	0.026837976349993686	-0.0350423957446187	0.04073184054702581	-0.041506960165700754	0.05777716321125608	-0.06627763649947924	0.08218793392558045	-0.0651067874529977	0.06652016795555282	-0.06282390722820505	0.08584572649540194	-0.0975811347578085	0.1578213180196621	-0.14645907280459664	0.13588318307448316	-0.12985242901170777	0.16371905549564453	-0.16385360481377576	0.14099759358874567	-0.13715037622917842	0.16559656929013683	-0.1760513437774835	0.24001930283650724	-0.40617479925055333	0.13730615167521507	-0.2073315343918998	0.22214020156645248	-0.4032407103031466	1.0000000000000024	-0.14994292171527776	0.16033356491254366	-0.1973427407828836	0.2771018361170484	-0.6094011488764806	0.12632453107716252	-0.12980069517079226	0.19294023023002654	-0.25422920791644643	0.274198884698917
-0.024739983194792814	0.026228636555881858	-0.02853571623995461	0.04106947268921168	-0.05020897350740138	0.025015794162086265	-0.025667492065517078	0.03146638022635635	-0.035829472161500064	0.03594736255089591	-0.0629077244838844	0.06506210005589563	-0.08010091685123963	0.05649213119148127	-0.057691240341088544	0.06852099379104704	-0.08593687504895013	0.0921642131654375	-0.13003858737847315	0.10956947736434106	-0.22448614172394205	0.1582246633432608	-0.16544372100208368	0.11645878102234677	-0.10098433918276441	0.2520747272271663	-0.2030384105309292	0.15624176744353574	-0.1357018408394291	0.13995345681049298	-0.5600258133997887	0.28093184759643275	-0.2087475313514114	0.17555125908607488	-0.14994292171527776	0.9999999999999999	-0.5187720725461898	0.24575376582258257	-0.14898529024056192	0.1139224270738098	-0.36010171616810127	0.23479889699033524	-0.2758682947452199	0.12209263124720679	-0.13506116350278335
0.02375023447497415	-0.02534261944878273	0.027611037612394064	-0.040384782330717774	0.049001806967503565	-0.023772815834849925	0.024367514612682648	-0.03055621025693396	0.03499566383588161	-0.03526095845002921	0.0563681568907785	-0.06115010758163141	0.0751068870182589	-0.05544525733133456	0.05636921112950805	-0.061816978278361634	0.07971363966151251	-0.08821667607572821	0.12726681583745758	-0.11121430406025312	0.1695112483032638	-0.14474944938203185	0.15493136766666762	-0.11848048472456847	0.10088331722479138	-0.20429253777256862	0.18618577483386264	-0.16241779045793897	0.14225800833568528	-0.15090709111414125	0.25989206706727447	-0.4984201898351348	0.2536034774601615	-0.21480166146646662	0.16033356491254366	-0.5187720725461898	0.9999999999999993	-0.5103716929447226	0.1750118284835887	-0.13053230392717516	0.2096334590707189	-0.22052255487116437	0.2783249975229766	-0.14386395304808164	0.14464610992738275
-0.023991083235828114	0.025578053332424598	-0.02810867213550644	0.04118112532887452	-0.0502772013920726	0.02392641453956745	-0.024557127065330395	0.031078882110982736	-0.03573889316986148	0.03612640052211395	-0.05585238508807004	0.06136166818197381	-0.07616025262132772	0.056624802521796386	-0.057889245965338516	0.060634398152075816	-0.08058789370628827	0.08897773415183788	-0.13321322996930932	0.11452901919000742	-0.15521723612080435	0.13434986776276292	-0.15884243603184922	0.12282904978272295	-0.10636691387115743	0.16303498461224106	-0.17894340038859277	0.1648625600268482	-0.15610675389031056	0.16347705780135663	-0.1987890771442491	0.2790546764480521	-0.3455212812651744	0.23877339789320762	-0.1973427407828836	0.24575376582258257	-0.5103716929447226	1.0000000000000002	-0.29445959139598393	0.16712890250733844	-0.21008661710821336	0.21072840755944472	-0.5962673697250531	0.191756095751307	-0.18811788539644686
0.021888051028043153	-0.0234405508102047	0.025891864686004993	-0.0384688979251292	0.046716472572423465	-0.021669216655637178	0.022230001875116517	-0.028705626194068107	0.033230481351269096	-0.03376488294408415	0.04854642713162093	-0.05497585714482695	0.06812961044874527	-0.052919467230280466	0.05403371545109492	-0.05276529866645466	0.07138217756533762	-0.08028670819045895	0.12591310621975976	-0.11312125916477973	0.11985038145578945	-0.11082894522196692	0.13601584975139006	-0.12335400280222202	0.10552901559627569	-0.12311844536153642	0.14286141048501502	-0.14470837293052943	0.17014092502571515	-0.20485548492808325	0.129723616827174	-0.19657968407469503	0.21555395086733042	-0.37134660492644683	0.2771018361170484	-0.14898529024056192	0.1750118284835887	-0.29445959139598393	1.0000000000000009	-0.46649454659348244	0.12506763037211982	-0.13064119809988334	0.22133488475482893	-0.6061812096525109	0.3221678022406641
-0.018784732523778467	0.02009670721866102	-0.022394216968172422	0.033251695897623126	-0.04057563376571966	0.018625412147379686	-0.019124567916454092	0.02480484536106879	-0.028799878700205454	0.029315287423034964	-0.041741539949776724	0.04736218473168752	-0.05905764431740219	0.04588584966952701	-0.047097567906430673	0.04517252381444977	-0.061897354964881406	0.06938276187383446	-0.11271561876999851	0.09952661334682718	-0.1008878770727847	0.09353681751271689	-0.11843289235028183	0.10991193654236574	-0.09727577596076842	0.10011296963207782	-0.12187867670215428	0.12229689332025412	-0.16265041852886086	0.20240269447095696	-0.10412446079003207	0.14895626676664872	-0.16898606597537932	0.24017238269827773	-0.6094011488764806	0.1139224270738098	-0.13053230392717516	0.16712890250733844	-0.46649454659348244	1.0000000000000009	-0.09989963617250688	0.10093036701661356	-0.16983377234960814	0.29023563403495023	-0.5162567830644125
0.022369253957491335	-0.0239032646782222	0.02578759165229294	-0.03806502979987405	0.04624651538554457	-0.022065691204095506	0.022605560030566494	-0.028568797201741904	0.032806373607103104	-0.03317547787213085	0.050464143106182996	-0.055602806144732606	0.06802040959476778	-0.05190552052199465	0.052725524457967896	-0.05524994122927056	0.07129434694143957	-0.0784260913692171	0.11589344630120085	-0.10046546229486272	0.13958214919850068	-0.11541088725326148	0.1248828049969071	-0.10038943188607041	0.08652553471441352	-0.16725334885188733	0.14114569606337046	-0.12233211782606486	0.1125786005161199	-0.12325479548931029	0.19194913937062924	-0.19560079960685686	0.1538582306850329	-0.14963060184081048	0.12632453107716252	-0.36010171616810127	0.2096334590707189	-0.21008661710821336	0.12506763037211982	-0.09989963617250688	1.0000000000000013	-0.8009475982598744	0.2615575455445689	-0.11157494129906025	0.11702873392514687
-0.02076030833006056	0.02206662384327918	-0.02407217875446313	0.03515471065205489	-0.04320863338160378	0.02060556393670264	-0.021153875834878905	0.026574729808806784	-0.030517705922591776	0.030864282816698993	-0.04832372648099824	0.052425699957170994	-0.06495631064094494	0.048152409234474926	-0.04936444974466851	0.052260802806351384	-0.0684867434726022	0.07415375047480534	-0.11118082345172182	0.09294242753669929	-0.13658408035539016	0.1089381715227799	-0.12278526496535352	0.09487649213842775	-0.08316040906516955	0.1429209857804147	-0.13985379285049068	0.11753327823048153	-0.11022352315811201	0.11727550425344156	-0.17923011664970337	0.1786406690797651	-0.15587469934203338	0.14398018547410382	-0.12980069517079226	0.23479889699033524	-0.22052255487116437	0.21072840755944472	-0.13064119809988334	0.10093036701661356	-0.8009475982598744	1.000000000000001	-0.41274212217456585	0.1142484098150564	-0.1237593940428861
0.030284262099319944	-0.03246973144912439	0.035121770766522724	-0.052312835754808544	0.06325953103813965	-0.029716232650429518	0.030435006259390614	-0.03898672822600088	0.04493230188415249	-0.04555634453027488	0.06596935440333024	-0.0744102041856602	0.09108324208258316	-0.07132589644405116	0.07228226720600521	-0.0722000022170329	0.09494274659871144	-0.10615522874202077	0.1595714171333823	-0.14238139807753622	0.16738879671902065	-0.1488820563333539	0.1683624264103712	-0.1431997452882694	0.12200117750680302	-0.1893888648350837	0.18418908059621325	-0.17413902728680083	0.16524086835197294	-0.18645279566540096	0.19970197912343826	-0.2790397028297802	0.24137912568537745	-0.24615399348822398	0.19294023023002654	-0.2758682947452199	0.2783249975229766	-0.5962673697250531	0.22133488475482893	-0.16983377234960814	0.2615575455445689	-0.41274212217456585	1.0000000000000013	-0.22669157835187842	0.1914706520849564
