1.0	-0.420776170053652	0.17123322604580493	-0.14560624907472616	0.1821010058859947	-0.6672311440218891	0.2723921050013674	-0.2750095350912565	0.1364913788933932	-0.11451526072249611	0.2769391793912435	-0.27370978939576734	0.18771422689335118	-0.178951993728735	0.19022434135779306	-0.28673397146366963	0.18888234192888412	-0.191301139144272	0.14546092738718425	-0.16535130139782991	0.133512566217555	-0.14362338934936195	0.1496809056142819	-0.1653122242158204	0.12212636268795667	-0.11292586125690567	0.13408265314749832	-0.1227150642428637	0.13164203274706407	-0.111443873862452	0.08872882201889812	-0.14710047146245955	0.12622869090362493	-0.1158869139531951	0.10849449276388122	-0.11850680056536715	0.04814286649276027	-0.055989305368732346	0.08635753308734147	-0.06774519818321746
-0.420776170053652	1.0000000000000002	-0.4743606378069108	0.27351013635662164	-0.4225362363278689	0.22582328521772638	-0.2510310763339317	0.3153088834148005	-0.24197029064739473	0.19199401780443637	-0.24630693170086362	0.20670853240196313	-0.2092734805863711	0.2000288293658794	-0.2904815599178464	0.20603049527475575	-0.22109006058226474	0.19615021391638	-0.16508786401954678	0.18280635303974757	-0.14480579787085926	0.15291662366632564	-0.17877572970884223	0.1793605107547291	-0.145105838627166	0.11633851853747854	-0.15288799803437814	0.13848243966607152	-0.15510674749724362	0.12749777538918408	-0.09291675980305394	0.15014517917196488	-0.14783671791750622	0.13105589462299427	-0.131878425416263	0.11712381532630263	-0.050714203844451085	0.05786088446123901	-0.10686423213289159	0.08066437252295201
0.17123322604580493	-0.4743606378069108	1.0	-0.6477298025016633	0.3129739117339902	-0.11728295554848969	0.1344031656888972	-0.46719383988905006	0.18240618065037728	-0.1533536418064005	0.1273941365977184	-0.12703616616681496	0.14639579646828438	-0.13635096701621058	0.17626397150185813	-0.11795175128445334	0.12329295501312199	-0.1326757617815105	0.10648769838211788	-0.11761344998045761	0.08107094090234275	-0.08853823572946161	0.10328750633606414	-0.1139970424196558	0.08827315066582576	-0.06700218572200557	0.08659033016878029	-0.08162183875029953	0.09211979392294845	-0.0774328441123258	0.055035548875833694	-0.09018023123346414	0.08566230942982075	-0.07815255712021112	0.07698868138141503	-0.07108722833091219	0.030198064805543177	-0.03472297486215341	0.0615363325605061	-0.04732958840191612
-0.14560624907472616	0.27351013635662164	-0.6477298025016633	1.0000000000000002	-0.6188559625455314	0.09880820670566272	-0.11308983284307042	0.271626628333733	-0.23984796383831788	0.1889549784227748	-0.1114171043761092	0.10715776878853722	-0.12393568068067036	0.12509804784124534	-0.17762183463954456	0.10386952868801937	-0.11007228196045603	0.11564723435190695	-0.09661514642045241	0.10961522025819384	-0.07277232836581672	0.07947540417976388	-0.09336017290674181	0.10425900211021001	-0.08130468201861552	0.06030535574957887	-0.07813033800453821	0.07402328105381657	-0.08401596795897635	0.07106698497114482	-0.050023363548068016	0.0819852336050505	-0.07788954265451879	0.07134024302250634	-0.07038381304564173	0.06472059953856225	-0.02749196169155943	0.031623679626693026	-0.05620636487593251	0.04328286160745425
0.1821010058859947	-0.4225362363278689	0.3129739117339902	-0.6188559625455314	1.0000000000000004	-0.13504358087462084	0.14861694941735634	-0.3962884551750302	0.2620114978475448	-0.3409250005846145	0.14718007672332786	-0.15042379548856896	0.1672443844369512	-0.18045660498116944	0.2288590616895853	-0.14743682515706552	0.1472397683529156	-0.16686229165508742	0.1361654997502486	-0.16153642825468584	0.099438277584745	-0.11031835860931845	0.12763883829747072	-0.15164498539782945	0.11433587198194331	-0.0842464832627019	0.10724986674180279	-0.10360447290083408	0.117128794322375	-0.10127296233376797	0.07167682251927086	-0.11859789926676911	0.10805835203459166	-0.10101045133521853	0.09742856293785314	-0.0948460845514738	0.03949488509281537	-0.045750573263797806	0.07725113551919148	-0.06043610952498192
-0.6672311440218891	0.22582328521772638	-0.11728295554848969	0.09880820670566272	-0.13504358087462084	0.9999999999999998	-0.46956033892784405	0.18868632514399142	-0.10444086681057442	0.08617954181783505	-0.4242231836242837	0.26580772572867767	-0.1663518865924644	0.14142917434443272	-0.1535199434957803	0.23435240685725248	-0.16413168624983612	0.15303678244809438	-0.11613400854370645	0.12429920014095355	-0.11172862918913509	0.11608395476435517	-0.12116449169396322	0.12629163401669183	-0.0949983880306827	0.08992435760708337	-0.10900833176039403	0.09651710794883411	-0.10341338092448384	0.08555742657579722	-0.06701185989408873	0.1100076342914031	-0.09888063487743275	0.08905780363811745	-0.08490140902665938	0.08684511707978766	-0.03604660244724589	0.041591436809294474	-0.06769828930320833	0.05247249246854589
0.2723921050013674	-0.2510310763339317	0.1344031656888972	-0.11308983284307042	0.14861694941735634	-0.46956033892784405	0.9999999999999994	-0.2582888128097407	0.12031151005107664	-0.10032205117238209	0.2592846847088254	-0.6948085750856403	0.23734343402093128	-0.1926117706201236	0.1780074391110848	-0.21619149739173463	0.1687047208919144	-0.209424208965668	0.1456128466268196	-0.14642618304921495	0.11150850482613345	-0.12279746094972356	0.13241133078325962	-0.15019062236269184	0.10918405492891299	-0.09257833703865098	0.11324391555047392	-0.1058096074319523	0.11592583004495961	-0.09676797793183727	0.07142526221792206	-0.11831021785877599	0.10729783633941742	-0.09860004745990643	0.09410643797704155	-0.09326616129053977	0.03880252770301477	-0.044850901718888794	0.07437914370263925	-0.05803601603380124
-0.2750095350912565	0.3153088834148005	-0.46719383988905006	0.271626628333733	-0.3962884551750302	0.18868632514399142	-0.2582888128097407	1.0000000000000002	-0.3295596752083563	0.22724039952379796	-0.22334237389824504	0.22154050498117572	-0.33820429956059433	0.2384929478919968	-0.33033779245073036	0.19496273158746988	-0.224589191272827	0.23274348540391226	-0.1925326441100979	0.19629126418824017	-0.14225729338904014	0.1545908039758878	-0.18496553191036338	0.1931828264680592	-0.15447502877139524	0.11546798863626855	-0.15212685243097424	0.14215218347647263	-0.1619559725266873	0.13296536850162288	-0.09283583520120642	0.15106181670298915	-0.14991733608502802	0.13450534432252897	-0.13538416307777298	0.11733859409595625	-0.05088858314353129	0.05812440233105425	-0.10850588859792018	0.0823766074756631
0.1364913788933932	-0.24197029064739473	0.18240618065037728	-0.23984796383831788	0.2620114978475448	-0.10444086681057442	0.12031151005107664	-0.3295596752083563	1.0000000000000009	-0.7961712198655796	0.11899697396854535	-0.12674558469477876	0.15344819888075104	-0.20328053111212827	0.2668939178840528	-0.12143579795241587	0.12619650684947087	-0.15504517967048292	0.13427437784545898	-0.16398786005483768	0.08489030234283232	-0.0959150488216992	0.11310738998922418	-0.1466820002364219	0.10891873230642307	-0.07262507949138798	0.09275694376829931	-0.0925517095318189	0.10708233567994438	-0.09460039715267016	0.062311107047732496	-0.10393919968273532	0.09552800282573391	-0.09140776370678803	0.08822510748556171	-0.08259447078484064	0.034511716886366145	-0.040022305449028614	0.06901164786333455	-0.05455088269082391
-0.11451526072249611	0.19199401780443637	-0.1533536418064005	0.1889549784227748	-0.3409250005846145	0.08617954181783505	-0.10032205117238209	0.22724039952379796	-0.7961712198655796	1.0000000000000004	-0.09966580578606475	0.10413425480508509	-0.13066029237453405	0.17456167925502578	-0.3870457208322849	0.10002044229374442	-0.10667292007456221	0.1283381493328185	-0.1165941934890099	0.13909130709217926	-0.07117411986279634	0.08012075311225116	-0.095721275420995	0.12216869839245809	-0.09408328170190063	0.06050714936947865	-0.07784309760944691	0.07759012823423868	-0.09075561115002861	0.07960107070914138	-0.05152950206771776	0.08573978312174287	-0.08038796165499726	0.07651228652780626	-0.07498048556743507	0.06774984586962916	-0.02855681612774294	0.03302893966587782	-0.058592403227946996	0.046017237413404945
0.2769391793912435	-0.24630693170086362	0.1273941365977184	-0.1114171043761092	0.14718007672332786	-0.4242231836242837	0.2592846847088254	-0.22334237389824504	0.11899697396854535	-0.09966580578606475	1.0000000000000018	-0.349216891501944	0.19483965958795293	-0.17794484689876408	0.18026868401364057	-0.6538193403847424	0.2368177216829606	-0.2035505532673313	0.14891247987947182	-0.1649926556900987	0.17627131671184007	-0.1777692701057219	0.1639039305743853	-0.16976870915848402	0.12389326034693747	-0.14388802999712683	0.1566509730111429	-0.134474126407132	0.13765069162994564	-0.1144235918096956	0.09632861028030515	-0.15969864771291584	0.13432211478771347	-0.12129054653375897	0.11170516575274916	-0.1264103342241204	0.051112313552033065	-0.059311182197390976	0.08865026125359887	-0.06960810757955967
-0.27370978939576734	0.20670853240196313	-0.12703616616681496	0.10715776878853722	-0.15042379548856896	0.26580772572867767	-0.6948085750856403	0.22154050498117572	-0.12674558469477876	0.10413425480508509	-0.349216891501944	1.0000000000000004	-0.40683050681535265	0.2065050887352703	-0.2031044417527147	0.21662027605769166	-0.19420146550637177	0.22341491265537744	-0.16382756418049588	0.15071811274389407	-0.12097331449374482	0.1316649852277373	-0.14553240284768815	0.15589693834702542	-0.11689411483721163	0.09766450727677178	-0.12245805280338763	0.11273387842785934	-0.12465712909148967	0.10173777628236118	-0.07383340533203743	0.12145850660270455	-0.11462807790914412	0.1037114115165512	-0.10082530738089164	0.09445818391664346	-0.040001157993617614	0.04596417291719693	-0.07975198603464552	0.06156219429282668
0.18771422689335118	-0.2092734805863711	0.14639579646828438	-0.12393568068067036	0.1672443844369512	-0.1663518865924644	0.23734343402093128	-0.33820429956059433	0.15344819888075104	-0.13066029237453405	0.19483965958795293	-0.40683050681535265	1.0000000000000016	-0.48686519321320404	0.26106312527843734	-0.18496951231460942	0.2104395488668745	-0.5583582276838833	0.2714655471222452	-0.2063898653187883	0.12500341595083492	-0.14992166595652814	0.17582519592332982	-0.22397180586261192	0.15224805751053075	-0.10497088271932965	0.13393628510887404	-0.1361844180066723	0.15586437873881753	-0.12793028184084532	0.08262303474010609	-0.13814648188325784	0.13358337205366705	-0.125276728203993	0.12174490649978285	-0.10631118961020208	0.045402225477501654	-0.052269398987983134	0.09439700934679832	-0.07376000389219399
-0.178951993728735	0.2000288293658794	-0.13635096701621058	0.12509804784124534	-0.18045660498116944	0.14142917434443272	-0.1926117706201236	0.2384929478919968	-0.20328053111212827	0.17456167925502578	-0.17794484689876408	0.2065050887352703	-0.48686519321320404	0.9999999999999994	-0.5228864210713545	0.16896880312413548	-0.20951115446364407	0.30589739773705416	-0.4881345838136265	0.24539498956506225	-0.12952225620704408	0.14944094359031515	-0.19335325649746982	0.2578977243084695	-0.1908006231696164	0.10840799430161657	-0.14305571769100667	0.14808329520827895	-0.18668474734553792	0.14926859659418615	-0.08837460801026985	0.14695442507759654	-0.1503045356812962	0.14170211000774538	-0.14364302793781497	0.11241915656435929	-0.0490950524535789	0.05625856559497415	-0.11031763861141054	0.08533576339959843
0.19022434135779306	-0.2904815599178464	0.17626397150185813	-0.17762183463954456	0.2288590616895853	-0.1535199434957803	0.1780074391110848	-0.33033779245073036	0.2668939178840528	-0.3870457208322849	0.18026868401364057	-0.2031044417527147	0.26106312527843734	-0.5228864210713545	1.0000000000000018	-0.19195956262788702	0.203653946524583	-0.28048279525346376	0.2645871788757733	-0.3605036820392719	0.13752524634187316	-0.15899337890019466	0.19135862738497697	-0.2809757928063499	0.20757505553682065	-0.11954689067712893	0.15256096993283144	-0.15897027446459125	0.18979349490273595	-0.17367940697169795	0.10365403277559378	-0.17486915159081545	0.16166175669933003	-0.15979705954197448	0.15472839243785033	-0.13800117360107012	0.057779063635253536	-0.06715065553807698	0.11860006632368963	-0.0951308320986746
-0.28673397146366963	0.20603049527475575	-0.11795175128445334	0.10386952868801937	-0.14743682515706552	0.23435240685725248	-0.21619149739173463	0.19496273158746988	-0.12143579795241587	0.10002044229374442	-0.6538193403847424	0.21662027605769166	-0.18496951231460942	0.16896880312413548	-0.19195956262788702	1.0000000000000002	-0.4195805796783985	0.1997445558656817	-0.15373598914532838	0.16644485927236546	-0.30608236133366884	0.23863615161379695	-0.2066430010295195	0.17596791676721688	-0.13396889695061598	0.18923891182478533	-0.21775295750158846	0.16067804733685215	-0.15737623285632577	0.12452046376851435	-0.11058255739631374	0.17666077571938835	-0.15865116097261864	0.135542444936635	-0.12687375651831162	0.13494612739042686	-0.05642739030047561	0.0643988576457421	-0.10150105836590365	0.07807040674625976
0.18888234192888412	-0.22109006058226474	0.12329295501312199	-0.11007228196045603	0.1472397683529156	-0.16413168624983612	0.1687047208919144	-0.224589191272827	0.12619650684947087	-0.10667292007456221	0.2368177216829606	-0.19420146550637177	0.2104395488668745	-0.20951115446364407	0.203653946524583	-0.4195805796783985	1.0000000000000029	-0.3423180737397513	0.20196236277923246	-0.21677018992772237	0.2574774908225598	-0.590116384192973	0.2589082673015735	-0.23985394513730116	0.1635715847125467	-0.22060190422054615	0.24594909110653165	-0.21134342097658093	0.19107005337606187	-0.15583717634040747	0.1363826378046688	-0.23552743177468602	0.18903733423927724	-0.17047455554848437	0.14911909153481917	-0.17813228207304616	0.07135666200859048	-0.08295336957189621	0.11697243163953813	-0.09325644270093841
-0.191301139144272	0.19615021391638	-0.1326757617815105	0.11564723435190695	-0.16686229165508742	0.15303678244809438	-0.209424208965668	0.23274348540391226	-0.15504517967048292	0.1283381493328185	-0.2035505532673313	0.22341491265537744	-0.5583582276838833	0.30589739773705416	-0.28048279525346376	0.1997445558656817	-0.3423180737397513	0.9999999999999976	-0.4978386996946609	0.23451130549716598	-0.1582997767146903	0.1974601219268445	-0.2571196626096039	0.2668843934095621	-0.1920637635413461	0.1300636488247462	-0.17141671031740294	0.17574061246237999	-0.20247905876203476	0.15574755550086294	-0.09914145319924365	0.16532231920386029	-0.169377987721214	0.15418021037940802	-0.15257898585862564	0.12456077777002954	-0.0544075486732119	0.06221126369462378	-0.11767335292035719	0.09076029264094652
0.14546092738718425	-0.16508786401954678	0.10648769838211788	-0.09661514642045241	0.1361654997502486	-0.11613400854370645	0.1456128466268196	-0.1925326441100979	0.13427437784545898	-0.1165941934890099	0.14891247987947182	-0.16382756418049588	0.2714655471222452	-0.4881345838136265	0.2645871788757733	-0.15373598914532838	0.20196236277923246	-0.4978386996946609	0.9999999999999989	-0.3606808196619824	0.12438394313520289	-0.1518253861185357	0.2031395586787544	-0.5153102998588164	0.22642684822029874	-0.10677882684361491	0.14073192369072474	-0.16039230167389942	0.21193977855982182	-0.17151545960162862	0.08730709349200463	-0.14805721492768018	0.15345237346998178	-0.1538543953805537	0.15181923501914563	-0.11143506878390846	0.04887565642522276	-0.05617604026693339	0.11295690276602796	-0.0894357251487913
-0.16535130139782991	0.18280635303974757	-0.11761344998045761	0.10961522025819384	-0.16153642825468584	0.12429920014095355	-0.14642618304921495	0.19629126418824017	-0.16398786005483768	0.13909130709217926	-0.1649926556900987	0.15071811274389407	-0.2063898653187883	0.24539498956506225	-0.3605036820392719	0.16644485927236546	-0.21677018992772237	0.23451130549716598	-0.3606808196619824	1.0000000000000022	-0.14651925929543996	0.16423013765142172	-0.22865492359818285	0.2962172342955756	-0.6264107321913102	0.12409717338432759	-0.1699454098479969	0.1863933325754402	-0.2707882445824768	0.2724893794900353	-0.10672769015861333	0.17779927429684153	-0.2020255205792212	0.2025810942105772	-0.25577982977867847	0.13316025304588158	-0.06138892330509582	0.06979392407352965	-0.18164067576122617	0.13819923168033
0.133512566217555	-0.14480579787085926	0.08107094090234275	-0.07277232836581672	0.099438277584745	-0.11172862918913509	0.11150850482613345	-0.14225729338904014	0.08489030234283232	-0.07117411986279634	0.17627131671184007	-0.12097331449374482	0.12500341595083492	-0.12952225620704408	0.13752524634187316	-0.30608236133366884	0.2574774908225598	-0.1582997767146903	0.12438394313520289	-0.14651925929543996	1.0000000000000058	-0.4567187327987685	0.21551311283813906	-0.1623704232182308	0.1176956822692132	-0.6788107476326201	0.3082574271662289	-0.19539725695297103	0.15230803203211885	-0.11886514431913411	0.1429982392545247	-0.23217307940252166	0.16640355069379173	-0.1396949877552495	0.1175743250842488	-0.17294953529890128	0.06575928402894174	-0.07578993806157144	0.09296232145501761	-0.07364899651048483
-0.14362338934936195	0.15291662366632564	-0.08853823572946161	0.07947540417976388	-0.11031835860931845	0.11608395476435517	-0.12279746094972356	0.1545908039758878	-0.0959150488216992	0.08012075311225116	-0.1777692701057219	0.1316649852277373	-0.14992166595652814	0.14944094359031515	-0.15899337890019466	0.23863615161379695	-0.590116384192973	0.1974601219268445	-0.1518253861185357	0.16423013765142172	-0.4567187327987685	0.9999999999999989	-0.39135374714381427	0.19114628810297946	-0.13686208098293076	0.2671115122906059	-0.3872411031017951	0.2329198304069261	-0.1827873881241001	0.1349534685124615	-0.13055053317979845	0.21675913829616358	-0.1918704764298095	0.15570567207672356	-0.1351903800981363	0.15340752424049395	-0.06412026392090525	0.07295037231285949	-0.10601248190684609	0.08295208081897168
0.1496809056142819	-0.17877572970884223	0.10328750633606414	-0.09336017290674181	0.12763883829747072	-0.12116449169396322	0.13241133078325962	-0.18496553191036338	0.11310738998922418	-0.095721275420995	0.1639039305743853	-0.14553240284768815	0.17582519592332982	-0.19335325649746982	0.19135862738497697	-0.2066430010295195	0.2589082673015735	-0.2571196626096039	0.2031395586787544	-0.22865492359818285	0.21551311283813906	-0.39135374714381427	0.9999999999999983	-0.33897595309468165	0.19012833826905395	-0.21026772333054006	0.2654254823526902	-0.618576447824323	0.27377705436517313	-0.20186130347732648	0.14875197638446022	-0.2729398918942126	0.2633762103560801	-0.237555169503904	0.18243851954354665	-0.19258962242758038	0.08142983808570727	-0.0952987161322328	0.13867407634720819	-0.11406713512110105
-0.1653122242158204	0.1793605107547291	-0.1139970424196558	0.10425900211021001	-0.15164498539782945	0.12629163401669183	-0.15019062236269184	0.1931828264680592	-0.1466820002364219	0.12216869839245809	-0.16976870915848402	0.15589693834702542	-0.22397180586261192	0.2578977243084695	-0.2809757928063499	0.17596791676721688	-0.23985394513730116	0.2668843934095621	-0.5153102998588164	0.2962172342955756	-0.1623704232182308	0.19114628810297946	-0.33897595309468165	1.0000000000000009	-0.37307542673471517	0.13949578360747406	-0.19320411319587102	0.24054722896607014	-0.44218884104291245	0.2511319612799974	-0.11540687178924178	0.1952735027361382	-0.2280506869502623	0.22686923101716636	-0.2277339970806676	0.14322234397840777	-0.06545260460201448	0.0745882763453947	-0.1650022047402165	0.12876705653169354
0.12212636268795667	-0.145105838627166	0.08827315066582576	-0.08130468201861552	0.11433587198194331	-0.0949983880306827	0.10918405492891299	-0.15447502877139524	0.10891873230642307	-0.09408328170190063	0.12389326034693747	-0.11689411483721163	0.15224805751053075	-0.1908006231696164	0.20757505553682065	-0.13396889695061598	0.1635715847125467	-0.1920637635413461	0.22642684822029874	-0.6264107321913102	0.1176956822692132	-0.13686208098293076	0.19012833826905395	-0.37307542673471517	0.9999999999999971	-0.10496726266385467	0.14058133322979458	-0.17406626105718734	0.25976301167030674	-0.5317581932929356	0.09466080886654737	-0.16418306927936493	0.17574140220536807	-0.20771809135729166	0.24231830639961724	-0.12250353482122234	0.054905634332138006	-0.0635023849626071	0.15564359689300206	-0.139249436919694
-0.11292586125690567	0.11633851853747854	-0.06700218572200557	0.06030535574957887	-0.0842464832627019	0.08992435760708337	-0.09257833703865098	0.11546798863626855	-0.07262507949138798	0.06050714936947865	-0.14388802999712683	0.09766450727677178	-0.10497088271932965	0.10840799430161657	-0.11954689067712893	0.18923891182478533	-0.22060190422054615	0.1300636488247462	-0.10677882684361491	0.12409717338432759	-0.6788107476326201	0.2671115122906059	-0.21026772333054006	0.13949578360747406	-0.10496726266385467	0.9999999999999947	-0.5802782961661201	0.18912761915694007	-0.1456415148621188	0.1064591603932132	-0.16067501002477655	0.21567734016124135	-0.16577981578761375	0.12789472951282793	-0.10955365758349635	0.15554977793486724	-0.06088014350239082	0.06806208723421607	-0.08680032266339884	0.06742536024187396
0.13408265314749832	-0.15288799803437814	0.08659033016878029	-0.07813033800453821	0.10724986674180279	-0.10900833176039403	0.11324391555047392	-0.15212685243097424	0.09275694376829931	-0.07784309760944691	0.1566509730111429	-0.12245805280338763	0.13393628510887404	-0.14305571769100667	0.15256096993283144	-0.21775295750158846	0.24594909110653165	-0.17141671031740294	0.14073192369072474	-0.1699454098479969	0.3082574271662289	-0.3872411031017951	0.2654254823526902	-0.19320411319587102	0.14058133322979458	-0.5802782961661201	0.9999999999999952	-0.3518204337860762	0.2000851255659697	-0.148984873327628	0.1867442115883744	-0.4003882086144119	0.23234610922111726	-0.18529784724001905	0.14743374718590863	-0.21451747801002574	0.0849449648342951	-0.09684814682176451	0.1156552243324193	-0.09202061020819181
-0.1227150642428637	0.13848243966607152	-0.08162183875029953	0.07402328105381657	-0.10360447290083408	0.09651710794883411	-0.1058096074319523	0.14215218347647263	-0.0925517095318189	0.07759012823423868	-0.134474126407132	0.11273387842785934	-0.1361844180066723	0.14808329520827895	-0.15897027446459125	0.16067804733685215	-0.21134342097658093	0.17574061246237999	-0.16039230167389942	0.1863933325754402	-0.19539725695297103	0.2329198304069261	-0.618576447824323	0.24054722896607014	-0.17406626105718734	0.18912761915694007	-0.3518204337860762	0.9999999999999958	-0.4201691671320043	0.1973707260427605	-0.1373978865210439	0.24884794336863741	-0.42254146280168575	0.25360654175874203	-0.1919181224552826	0.1627101585554677	-0.07724121003563665	0.08791309234819672	-0.1414546782117068	0.11281271513726013
0.13164203274706407	-0.15510674749724362	0.09211979392294845	-0.08401596795897635	0.117128794322375	-0.10341338092448384	0.11592583004495961	-0.1619559725266873	0.10708233567994438	-0.09075561115002861	0.13765069162994564	-0.12465712909148967	0.15586437873881753	-0.18668474734553792	0.18979349490273595	-0.15737623285632577	0.19107005337606187	-0.20247905876203476	0.21193977855982182	-0.2707882445824768	0.15230803203211885	-0.1827873881241001	0.27377705436517313	-0.44218884104291245	0.25976301167030674	-0.1456415148621188	0.2000851255659697	-0.4201691671320043	0.999999999999993	-0.4483360136481512	0.12876466224567107	-0.2355663119799705	0.2784884713419791	-0.449940609780695	0.2724536209148555	-0.16482659096680047	0.07481581450368838	-0.08699087188376137	0.18378906482850604	-0.16078163782490182
-0.111443873862452	0.12749777538918408	-0.0774328441123258	0.07106698497114482	-0.10127296233376797	0.08555742657579722	-0.09676797793183727	0.13296536850162288	-0.09460039715267016	0.07960107070914138	-0.1144235918096956	0.10173777628236118	-0.12793028184084532	0.14926859659418615	-0.17367940697169795	0.12452046376851435	-0.15583717634040747	0.15574755550086294	-0.17151545960162862	0.2724893794900353	-0.11886514431913411	0.1349534685124615	-0.20186130347732648	0.2511319612799974	-0.5317581932929356	0.1064591603932132	-0.148984873327628	0.1973707260427605	-0.4483360136481512	0.999999999999993	-0.09819583521759548	0.1703637011834337	-0.21417038435575525	0.2641174984053675	-0.534033158372798	0.12335085404313369	-0.05908434310598945	0.06758337056335367	-0.23065222561304236	0.1950623095996762
0.08872882201889812	-0.09291675980305394	0.055035548875833694	-0.050023363548068016	0.07167682251927086	-0.06701185989408873	0.07142526221792206	-0.09283583520120642	0.062311107047732496	-0.05152950206771776	0.09632861028030515	-0.07383340533203743	0.08262303474010609	-0.08837460801026985	0.10365403277559378	-0.11058255739631374	0.1363826378046688	-0.09914145319924365	0.08730709349200463	-0.10672769015861333	0.1429982392545247	-0.13055053317979845	0.14875197638446022	-0.11540687178924178	0.09466080886654737	-0.16067501002477655	0.1867442115883744	-0.1373978865210439	0.12876466224567107	-0.09819583521759548	0.9999999999999931	-0.48830110584302916	0.19543729417311845	-0.1336943310134848	0.11223336612145263	-0.7757156441916273	0.15755288938826223	-0.17269200837808119	0.09383158282651313	-0.0708417414790781
-0.14710047146245955	0.15014517917196488	-0.09018023123346414	0.0819852336050505	-0.11859789926676911	0.1100076342914031	-0.11831021785877599	0.15106181670298915	-0.10393919968273532	0.08573978312174287	-0.15969864771291584	0.12145850660270455	-0.13814648188325784	0.14695442507759654	-0.17486915159081545	0.17666077571938835	-0.23552743177468602	0.16532231920386029	-0.14805721492768018	0.17779927429684153	-0.23217307940252166	0.21675913829616358	-0.2729398918942126	0.1952735027361382	-0.16418306927936493	0.21567734016124135	-0.4003882086144119	0.24884794336863741	-0.2355663119799705	0.1703637011834337	-0.48830110584302916	0.999999999999993	-0.465912072520571	0.23687028904875998	-0.20454443850727577	0.2941289594858566	-0.14501552859726474	0.1421600647993486	-0.1659029003211161	0.12213766874972984
0.12622869090362493	-0.14783671791750622	0.08566230942982075	-0.07788954265451879	0.10805835203459166	-0.09888063487743275	0.10729783633941742	-0.14991733608502802	0.09552800282573391	-0.08038796165499726	0.13432211478771347	-0.11462807790914412	0.13358337205366705	-0.1503045356812962	0.16166175669933003	-0.15865116097261864	0.18903733423927724	-0.169377987721214	0.15345237346998178	-0.2020255205792212	0.16640355069379173	-0.1918704764298095	0.2633762103560801	-0.2280506869502623	0.17574140220536807	-0.16577981578761375	0.23234610922111726	-0.42254146280168575	0.2784884713419791	-0.21417038435575525	0.19543729417311845	-0.465912072520571	0.9999999999999931	-0.5596133305891606	0.2336468490201052	-0.24018534695773586	0.12454138198783907	-0.1543376590046183	0.17622406357059348	-0.14867676218999704
-0.1158869139531951	0.13105589462299427	-0.07815255712021112	0.07134024302250634	-0.10101045133521853	0.08905780363811745	-0.09860004745990643	0.13450534432252897	-0.09140776370678803	0.07651228652780626	-0.12129054653375897	0.1037114115165512	-0.125276728203993	0.14170211000774538	-0.15979705954197448	0.135542444936635	-0.17047455554848437	0.15418021037940802	-0.1538543953805537	0.2025810942105772	-0.1396949877552495	0.15570567207672356	-0.237555169503904	0.22686923101716636	-0.20771809135729166	0.12789472951282793	-0.18529784724001905	0.25360654175874203	-0.449940609780695	0.2641174984053675	-0.1336943310134848	0.23687028904875998	-0.5596133305891606	0.9999999999999933	-0.4611510220769969	0.15710346325409313	-0.08451650652536832	0.09520095859190725	-0.2977745668964531	0.21515025562099926
0.10849449276388122	-0.131878425416263	0.07698868138141503	-0.07038381304564173	0.09742856293785314	-0.08490140902665938	0.09410643797704155	-0.13538416307777298	0.08822510748556171	-0.07498048556743507	0.11170516575274916	-0.10082530738089164	0.12174490649978285	-0.14364302793781497	0.15472839243785033	-0.12687375651831162	0.14911909153481917	-0.15257898585862564	0.15181923501914563	-0.25577982977867847	0.1175743250842488	-0.1351903800981363	0.18243851954354665	-0.2277339970806676	0.24231830639961724	-0.10955365758349635	0.14743374718590863	-0.1919181224552826	0.2724536209148555	-0.534033158372798	0.11223336612145263	-0.20454443850727577	0.2336468490201052	-0.4611510220769969	0.9999999999999932	-0.14784263133857595	0.06901568398366825	-0.08101095814804768	0.28836478105747665	-0.44963170234664646
-0.11850680056536715	0.11712381532630263	-0.07108722833091219	0.06472059953856225	-0.0948460845514738	0.08684511707978766	-0.09326616129053977	0.11733859409595625	-0.08259447078484064	0.06774984586962916	-0.1264103342241204	0.09445818391664346	-0.10631118961020208	0.11241915656435929	-0.13800117360107012	0.13494612739042686	-0.17813228207304616	0.12456077777002954	-0.11143506878390846	0.13316025304588158	-0.17294953529890128	0.15340752424049395	-0.19258962242758038	0.14322234397840777	-0.12250353482122234	0.15554977793486724	-0.21451747801002574	0.1627101585554677	-0.16482659096680047	0.12335085404313369	-0.7757156441916273	0.2941289594858566	-0.24018534695773586	0.15710346325409313	-0.14784263133857595	0.9999999999999939	-0.24909485555668806	0.1925789525830979	-0.12576533245852042	0.09120686230256676
0.04814286649276027	-0.050714203844451085	0.030198064805543177	-0.02749196169155943	0.03949488509281537	-0.03604660244724589	0.03880252770301477	-0.05088858314353129	0.034511716886366145	-0.02855681612774294	0.051112313552033065	-0.040001157993617614	0.045402225477501654	-0.0490950524535789	0.057779063635253536	-0.05642739030047561	0.07135666200859048	-0.0544075486732119	0.04887565642522276	-0.06138892330509582	0.06575928402894174	-0.06412026392090525	0.08142983808570727	-0.06545260460201448	0.054905634332138006	-0.06088014350239082	0.0849449648342951	-0.07724121003563665	0.07481581450368838	-0.05908434310598945	0.15755288938826223	-0.14501552859726474	0.12454138198783907	-0.08451650652536832	0.06901568398366825	-0.24909485555668806	0.9999999999999931	-0.9340922522550534	0.06786689546993002	-0.05199242006859543
-0.055989305368732346	0.05786088446123901	-0.03472297486215341	0.031623679626693026	-0.045750573263797806	0.041591436809294474	-0.044850901718888794	0.05812440233105425	-0.040022305449028614	0.03302893966587782	-0.059311182197390976	0.04596417291719693	-0.052269398987983134	0.05625856559497415	-0.06715065553807698	0.0643988576457421	-0.08295336957189621	0.06221126369462378	-0.05617604026693339	0.06979392407352965	-0.07578993806157144	0.07295037231285949	-0.0952987161322328	0.0745882763453947	-0.0635023849626071	0.06806208723421607	-0.09684814682176451	0.08791309234819672	-0.08699087188376137	0.06758337056335367	-0.17269200837808119	0.1421600647993486	-0.1543376590046183	0.09520095859190725	-0.08101095814804768	0.1925789525830979	-0.9340922522550534	0.9999999999999926	-0.08154235241434647	0.059408694541851104
0.08635753308734147	-0.10686423213289159	0.0615363325605061	-0.05620636487593251	0.07725113551919148	-0.06769828930320833	0.07437914370263925	-0.10850588859792018	0.06901164786333455	-0.058592403227946996	0.08865026125359887	-0.07975198603464552	0.09439700934679832	-0.11031763861141054	0.11860006632368963	-0.10150105836590365	0.11697243163953813	-0.11767335292035719	0.11295690276602796	-0.18164067576122617	0.09296232145501761	-0.10601248190684609	0.13867407634720819	-0.1650022047402165	0.15564359689300206	-0.08680032266339884	0.1156552243324193	-0.1414546782117068	0.18378906482850604	-0.23065222561304236	0.09383158282651313	-0.1659029003211161	0.17622406357059348	-0.2977745668964531	0.28836478105747665	-0.12576533245852042	0.06786689546993002	-0.08154235241434647	0.9999999999999922	-0.8234651139884239
-0.06774519818321746	0.08066437252295201	-0.04732958840191612	0.04328286160745425	-0.06043610952498192	0.05247249246854589	-0.05803601603380124	0.0823766074756631	-0.05455088269082391	0.046017237413404945	-0.06960810757955967	0.06156219429282668	-0.07376000389219399	0.08533576339959843	-0.0951308320986746	0.07807040674625976	-0.09325644270093841	0.09076029264094652	-0.0894357251487913	0.13819923168033	-0.07364899651048483	0.08295208081897168	-0.11406713512110105	0.12876705653169354	-0.139249436919694	0.06742536024187396	-0.09202061020819181	0.11281271513726013	-0.16078163782490182	0.1950623095996762	-0.0708417414790781	0.12213766874972984	-0.14867676218999704	0.21515025562099926	-0.44963170234664646	0.09120686230256676	-0.05199242006859543	0.059408694541851104	-0.8234651139884239	0.9999999999999922
