1.0	-0.5093559631600354	0.223941750123947	-0.0875012137943471	0.0838538794734174	-0.7719827961105823	0.23040934453058157	-0.16813675908553466	0.10493398999829674	-0.11462077108312531	0.10222183494218597	-0.1521833216756741	0.14875028919143463	-0.08931569812164047	0.08511943898846373	-0.10974686080618343	0.11151302405980475	-0.09289560421844865	0.07734197131860192	-0.06611060780338168	0.05280297558844591	-0.05603251105506351	0.08154454834022173	-0.04813554162092889	0.04682521195174067	-0.05117971369459027	0.05544992817147296	-0.06253727019738953	0.0448007825496251	-0.03800472816079685	0.041502056915309164	-0.03911752317515437	0.07112310011824952	-0.03572805431160765	0.0328512551351714	-0.027820793123737864	0.03604884126474174	-0.02356916765928132	0.026764543451541674	-0.022613390969884514	0.03419503526935987	-0.040328602493376504	0.022109825627538163	-0.03287207217320276	0.028620375758382215
-0.5093559631600354	1.0000000000000002	-0.4940595571192714	0.13179725466030037	-0.12943288564931163	0.3022293034459906	-0.5173412402789377	0.2631835671534896	-0.16085676624672157	0.1647456251695762	-0.06733574402188533	0.22427416541116138	-0.23218213177425584	0.13064824394246924	-0.12475726369929033	0.06949342850694223	-0.16218968105513304	0.12948265108976073	-0.11206480136500442	0.09412990223530951	-0.06277769014723811	0.07057678288795624	-0.10933581790211265	0.06565826369546375	-0.0639137361113497	0.060876771515656264	-0.07023061809832885	0.08208020322101656	-0.0603397667810624	0.050996623296143045	-0.05156585341822503	0.04863795970207884	-0.09194838159857738	0.04673424014269236	-0.04315859960667105	0.03461253797093074	-0.045079973794855704	0.029765743602468465	-0.03469593793078336	0.029523061003240834	-0.04269317794034587	0.050248865766360146	-0.02793611262408851	0.04248832767376425	-0.037217466658139985
0.223941750123947	-0.4940595571192714	1.0000000000000004	-0.27877696737759494	0.20334850321419007	-0.3005726406268184	0.29036758124529993	-0.5807238238308365	0.24377834255802555	-0.2862587306788035	0.06639308427202822	-0.22028619200865057	0.22095750121012034	-0.17441848981719651	0.15764282230116636	-0.07218700302412971	0.1521744487539369	-0.13742094437101282	0.13623805484866017	-0.12321609552099963	0.06695375215472948	-0.07550856376391554	0.11716118463155531	-0.07764388052725718	0.07493428002620317	-0.06728920004885629	0.07558356923015826	-0.09205430881769541	0.0699897509250912	-0.060131260884275596	0.056698807230935684	-0.05372722211217365	0.1021921727778688	-0.054642336135188756	0.05017321750842109	-0.03874780515063065	0.050546641399062876	-0.033983032963497126	0.04035003402026875	-0.03444591991348309	0.047886236466688534	-0.057388302390493556	0.03186030941668874	-0.04987180883271436	0.04320185520217188
-0.0875012137943471	0.13179725466030037	-0.27877696737759494	1.0000000000000002	-0.8835277041006433	0.1083159487642971	-0.12904833373150137	0.17951544793355442	-0.22053238996517513	0.2289159352672906	-0.028828172471945725	0.10483657220382088	-0.1288175527791131	0.12290571149475149	-0.12905583438631504	0.030726828968760965	-0.08560180647296974	0.07674611918597339	-0.10478781208152245	0.08925995373261844	-0.03842462182060306	0.04344774377367616	-0.07114059328360886	0.05255095913074308	-0.05183697387378979	0.03839265506098844	-0.04457404386634837	0.05500173939103853	-0.04691906922742485	0.03984468794815253	-0.03338487684880242	0.03149339194085565	-0.06279044506308168	0.034712384166547254	-0.03241857550024487	0.02284134357793132	-0.02999089630765191	0.020430502907451457	-0.02538794185194285	0.02196505258100948	-0.028417245853751494	0.03372759922797148	-0.01920403966447743	0.03108614674169441	-0.02750111882447291
0.0838538794734174	-0.12943288564931163	0.20334850321419007	-0.8835277041006433	0.9999999999999999	-0.11221390202808332	0.12056898280733291	-0.1821370624800216	0.1954176447629517	-0.31724789833673966	0.029033443250656918	-0.1031847868767132	0.12078705565053045	-0.12286016819152906	0.12467652526801724	-0.03125171489003161	0.08166320854618675	-0.07495789883803837	0.09932111230816597	-0.09040750487012111	0.037542546630500696	-0.04245031095926288	0.06873540700735217	-0.05123584701510902	0.050052338177231925	-0.03789493540749406	0.043440709760718905	-0.054012302548671315	0.045423224110350865	-0.03897811519721342	0.03273392258406407	-0.030941868651182418	0.06113887196121414	-0.03413781333149476	0.03167402628808885	-0.02251104969377978	0.029535129116363214	-0.020172444035281574	0.024962944761509138	-0.02155657303481658	0.027988150937719343	-0.03347084128405391	0.018943643448026456	-0.03073440322064642	0.026937107435186958
-0.7719827961105823	0.3022293034459906	-0.3005726406268184	0.1083159487642971	-0.11221390202808332	1.0000000000000013	-0.30999019066584793	0.19483179932331177	-0.13463911085056887	0.1387643915779855	-0.15953473631487178	0.18171870272492374	-0.210219594026238	0.11688019857190803	-0.11546880619692	0.1342178662607523	-0.15539597809968195	0.12323721169844133	-0.10560815793532043	0.0873421232214471	-0.0721724008418107	0.07572039844079793	-0.1128243973278847	0.06519206312904549	-0.06406071597074049	0.0681395537140788	-0.0762939615870367	0.08428252589237979	-0.061202746468393306	0.051439957637465075	-0.05663923022597014	0.05300112568716694	-0.09839452148590862	0.04821826340211019	-0.04468815229652634	0.03767075985151118	-0.048928705426675496	0.0317717132952781	-0.03617688718032868	0.030617989921468847	-0.046508138798407886	0.05393928952124971	-0.0298701974178367	0.044091786395403704	-0.03889904386638188
0.23040934453058157	-0.5173412402789377	0.29036758124529993	-0.12904833373150137	0.12056898280733291	-0.30999019066584793	0.9999999999999993	-0.42756010877676204	0.1913820516712975	-0.20486613419506716	0.06779217366444362	-0.5154200828077988	0.2724743605579273	-0.16009548478689775	0.14056727487354462	-0.07272850435874975	0.1976254997579645	-0.16880043871378936	0.1263600539005653	-0.11037114986653368	0.07078681991783757	-0.08295904343875139	0.1250918101912928	-0.07530432336109319	0.07195088544764203	-0.0700808065428074	0.07938692828329436	-0.09654793812796812	0.06815548175193382	-0.05819632857653953	0.058188349738716304	-0.05545215042227969	0.10241617204277709	-0.05325698004706829	0.04867220147716943	-0.0392854673876912	0.051027343416404004	-0.03391371518833876	0.03937560947858308	-0.03344567204226271	0.04814520552464631	-0.05768110905201825	0.031733435796452644	-0.048588752518929454	0.041907902659105135
-0.16813675908553466	0.2631835671534896	-0.5807238238308365	0.17951544793355442	-0.1821370624800216	0.19483179932331177	-0.42756010877676204	0.9999999999999996	-0.4582032766601157	0.2733573762180697	-0.05137133894869251	0.2345490166072851	-0.30212476363986535	0.2063153061012978	-0.1892346119146541	0.05432062705514242	-0.17043083597036993	0.14744937334802927	-0.16237111961030298	0.13496664390578075	-0.06572326126396079	0.07575283214131465	-0.12231781431105712	0.08263076018908386	-0.08034398537083882	0.06478135070791055	-0.07539686481659905	0.09252485286805565	-0.07355690021839445	0.06233972989657282	-0.05540812108479527	0.05249861906858015	-0.10167877980881147	0.0547062455995518	-0.050737608618217245	0.037516281834590284	-0.04904229261353116	0.033032317282585794	-0.040058219913176554	0.03446222471464459	-0.046316158767597995	0.05505280906766414	-0.030985633164622783	0.0490782298063408	-0.04307412054823817
0.10493398999829674	-0.16085676624672157	0.24377834255802555	-0.22053238996517513	0.1954176447629517	-0.13463911085056887	0.1913820516712975	-0.4582032766601157	0.9999999999999993	-0.668121480755704	0.037320439557101105	-0.17035489183107091	0.21093888050784784	-0.38926492470884394	0.2479954520931936	-0.03981325636087039	0.12590962660632377	-0.1206193217299696	0.19732430984106514	-0.17869918588570505	0.05362825172844633	-0.06210066521442602	0.10288089843212961	-0.08703717188881051	0.08311966037011437	-0.05393396961611974	0.062226584669881076	-0.08056527719270665	0.07284222627850753	-0.06268868349136349	0.046321316034120916	-0.0440459721479145	0.08702937215989652	-0.05158157942160814	0.047974827272932896	-0.03176396932464333	0.04171277166182704	-0.0288770899063972	0.03700866921881944	-0.03233543887900418	0.03928989133787359	-0.04729972833456418	0.027070407543116855	-0.04544117626620382	0.039849605518625805
-0.11462077108312531	0.1647456251695762	-0.2862587306788035	0.2289159352672906	-0.31724789833673966	0.1387643915779855	-0.20486613419506716	0.2733573762180697	-0.668121480755704	0.9999999999999994	-0.040656505972195056	0.1715593101247189	-0.23620627768581168	0.27552626788911755	-0.3707782391814753	0.042916864748230636	-0.14420850176881617	0.1312630219466644	-0.2368831075764703	0.19861953363427115	-0.06196065386304501	0.0711051333380996	-0.1204044690648475	0.10094595820661918	-0.10044396622756639	0.061571049864704165	-0.07239770460760156	0.0922113084079103	-0.08724323268286967	0.07357986682750269	-0.05370429564912244	0.05082790142195021	-0.10272814273437864	0.06028546465054413	-0.05687574539583162	0.03667324110604751	-0.04828182999779085	0.03340735730398239	-0.04335965802566749	0.038030289223462514	-0.045523176580911956	0.05417422371116647	-0.031388154296070524	0.05276221649812501	-0.04712576877779551
0.10222183494218597	-0.06733574402188533	0.06639308427202822	-0.028828172471945725	0.029033443250656918	-0.15953473631487178	0.06779217366444362	-0.05137133894869251	0.037320439557101105	-0.040656505972195056	0.9999999999999986	-0.06148446037732062	0.06381645941835207	-0.03609758997779737	0.0348615460265758	-0.9671400352437312	0.07674136730544334	-0.061444381738882614	0.03379842719134839	-0.028619573186894336	0.08243328510096845	-0.06426474820491239	0.05433748749447915	-0.02645143576508603	0.025257214035412992	-0.07093761189928013	0.051756350549999657	-0.04269237352903675	0.025490063323246773	-0.021574575697835805	0.04012956027153104	-0.038306472216375925	0.04576158881432752	-0.021829800512317313	0.019589400951594022	-0.024912028379112883	0.03062813768814432	-0.018250072314168635	0.017004567387128678	-0.013749875104611002	0.028622432651242927	-0.03399252833232188	0.016917036999510526	-0.020854085319611346	0.017419314078323027
-0.1521833216756741	0.22427416541116138	-0.22028619200865057	0.10483657220382088	-0.1031847868767132	0.18171870272492374	-0.5154200828077988	0.2345490166072851	-0.17035489183107091	0.1715593101247189	-0.06148446037732062	0.9999999999999998	-0.5919447303290045	0.1867040032715915	-0.1665858424522591	0.06398154003054307	-0.41354531977510395	0.254591925252452	-0.15490279917493718	0.12545742309936708	-0.09056043864960392	0.1111583706988303	-0.1698821294057	0.09123555238737455	-0.08657935277531649	0.08585479684357478	-0.10244489758883966	0.12264030360616907	-0.08239465127216758	0.06944360642030188	-0.07157905659422246	0.06849227534804683	-0.12450155287903228	0.06291887463679119	-0.05742040572061838	0.047422167638077745	-0.061477713810788134	0.040405148767567324	-0.046347669134278	0.03930451055769093	-0.057655297051580276	0.0687296101535688	-0.03774105746113687	0.056906519127701324	-0.04906808617836961
0.14875028919143463	-0.23218213177425584	0.22095750121012034	-0.1288175527791131	0.12078705565053045	-0.210219594026238	0.2724743605579273	-0.30212476363986535	0.21093888050784784	-0.23620627768581168	0.06381645941835207	-0.5919447303290045	0.999999999999999	-0.347186504554892	0.2117015634858369	-0.06878425877152375	0.2838956694040218	-0.3813423954015511	0.19787650119608868	-0.17542134057805464	0.09841404327004188	-0.12122334114170302	0.196458084090922	-0.11665201139741023	0.10710339538013439	-0.09968971718785273	0.1127387164026755	-0.15365558879224708	0.10164398108479886	-0.08764781205801768	0.08221478707203896	-0.07934284202021488	0.1474552537656516	-0.07872830338583485	0.0710156902030094	-0.05598464688829442	0.07268863218571746	-0.04905652341551222	0.05748917885326934	-0.04891283143082244	0.06821444121149317	-0.08344389707600325	0.045727327910245225	-0.0714385536219177	0.06060925390741165
-0.08931569812164047	0.13064824394246924	-0.17441848981719651	0.12290571149475149	-0.12286016819152906	0.11688019857190803	-0.16009548478689775	0.2063153061012978	-0.38926492470884394	0.27552626788911755	-0.03609758997779737	0.1867040032715915	-0.347186504554892	0.9999999999999984	-0.575204088970462	0.03838634035110964	-0.14550158114016756	0.1500494150349233	-0.4935824697449339	0.29899454643633117	-0.06007384329086353	0.07093071852135503	-0.12499682432154864	0.13217376910908196	-0.12530922965566293	0.060362554644364415	-0.07022877799496569	0.09660644367861222	-0.10401993174595102	0.08715195401817297	-0.051876042385979926	0.04962988717681866	-0.10000157442931623	0.06536854078275425	-0.061549857838351846	0.03564659204260464	-0.0469958979384509	0.03341791835073306	-0.045661456927698164	0.040667881376144285	-0.043949633667430835	0.05338846735550298	-0.03128361078130126	0.05557800977587217	-0.049217096426328
0.08511943898846373	-0.12475726369929033	0.15764282230116636	-0.12905583438631504	0.12467652526801724	-0.11546880619692	0.14056727487354462	-0.1892346119146541	0.2479954520931936	-0.3707782391814753	0.0348615460265758	-0.1665858424522591	0.2117015634858369	-0.575204088970462	0.9999999999999973	-0.03730530436320467	0.12844900624691122	-0.1348183467137901	0.3187721739036197	-0.5780295850652931	0.057878966236071874	-0.06792293176720256	0.11668621851207993	-0.13051532657689635	0.12571216279382022	-0.05917484098925726	0.06785849961941595	-0.0945182401924159	0.10005161044639342	-0.09092712094151847	0.050853571809280074	-0.04868282122619511	0.09784668889011419	-0.06669892320479058	0.06212154927208006	-0.035283824449646305	0.046584259043392195	-0.03347205884266375	0.046257118517098045	-0.041389555046667394	0.043593750330157326	-0.053395549397846964	0.031311156760122624	-0.05694279317990401	0.04963638264126377
-0.10974686080618343	0.06949342850694223	-0.07218700302412971	0.030726828968760965	-0.03125171489003161	0.1342178662607523	-0.07272850435874975	0.05432062705514242	-0.03981325636087039	0.042916864748230636	-0.9671400352437312	0.06398154003054307	-0.06878425877152375	0.03838634035110964	-0.03730530436320467	0.999999999999997	-0.08586832575899066	0.06400259757882745	-0.036088251366185986	0.03034409780527669	-0.09372586698275617	0.06604999458000256	-0.05764858976439949	0.027830724188520662	-0.02666800813836501	0.07070576159690259	-0.05442711808135303	0.04432609350242601	-0.02680900373162508	0.022614859472923937	-0.04157593278538595	0.039246242452402595	-0.048110533583578835	0.022739669024439847	-0.020481740948913876	0.025618322038568467	-0.03164327599671839	0.018793315107737588	-0.017679597077554697	0.014335534706970937	-0.029644248232387635	0.03473507045487063	-0.017453796165069466	0.021616390428086486	-0.018175325119811445
0.11151302405980475	-0.16218968105513304	0.1521744487539369	-0.08560180647296974	0.08166320854618675	-0.15539597809968195	0.1976254997579645	-0.17043083597036993	0.12590962660632377	-0.14420850176881617	0.07674136730544334	-0.41354531977510395	0.2838956694040218	-0.14550158114016756	0.12844900624691122	-0.08586832575899066	0.9999999999999973	-0.7022317974471673	0.1343186748309964	-0.11582338184682006	0.14302798811733544	-0.2217608288851376	0.259021068380138	-0.11248124156935677	0.10081785273290021	-0.13870687989540928	0.1586261679781512	-0.202097703750914	0.1028081609823107	-0.08767463827918423	0.10744703739417039	-0.10625174034529983	0.17224509616111405	-0.08408304184059522	0.07425445095540273	-0.07090259148276885	0.0905782919703356	-0.05862572000840278	0.06242761642032522	-0.05180794649254104	0.08413077934001151	-0.10320898783719329	0.054307145615924285	-0.07767644691130784	0.06442362078630276
-0.09289560421844865	0.12948265108976073	-0.13742094437101282	0.07674611918597339	-0.07495789883803837	0.12323721169844133	-0.16880043871378936	0.14744937334802927	-0.1206193217299696	0.1312630219466644	-0.061444381738882614	0.254591925252452	-0.3813423954015511	0.1500494150349233	-0.1348183467137901	0.06400259757882745	-0.7022317974471673	0.9999999999999968	-0.15259647653191874	0.11886977824728912	-0.13001076398910014	0.17107375463674748	-0.425962148692856	0.11997611987717646	-0.10783569351244962	0.11864072808540217	-0.14775101504394314	0.20075077016569778	-0.1076827177035592	0.08839485700284082	-0.09746377267008807	0.09486749346255659	-0.1803231113787754	0.08084863921952473	-0.07251665544598226	0.06334165302297735	-0.08185968903447453	0.05338853399023647	-0.05915010570324275	0.04961103021135421	-0.07576323424006573	0.09096908310036345	-0.04960824517212731	0.07230167941401097	-0.0614767573848647
0.07734197131860192	-0.11206480136500442	0.13623805484866017	-0.10478781208152245	0.09932111230816597	-0.10560815793532043	0.1263600539005653	-0.16237111961030298	0.19732430984106514	-0.2368831075764703	0.03379842719134839	-0.15490279917493718	0.19787650119608868	-0.4935824697449339	0.3187721739036197	-0.036088251366185986	0.1343186748309964	-0.15259647653191874	0.9999999999999949	-0.6826638152986905	0.061960983479463355	-0.07374612795334488	0.13496446313992747	-0.24639850638294267	0.18031395442826845	-0.063430683460531	0.07318562098464965	-0.10953333850386338	0.14320420273934045	-0.12540294455398068	0.05470760662812356	-0.052654273848116884	0.10856461314941764	-0.0839682791964257	0.07841771137319492	-0.038152108989038376	0.05066985073306167	-0.03769645353841976	0.056220363039013344	-0.051321381173695675	0.047070305038852	-0.05814849981788744	0.035211023313058934	-0.06860547805692296	0.060155558108565405
-0.06611060780338168	0.09412990223530951	-0.12321609552099963	0.08925995373261844	-0.09040750487012111	0.0873421232214471	-0.11037114986653368	0.13496664390578075	-0.17869918588570505	0.19861953363427115	-0.028619573186894336	0.12545742309936708	-0.17542134057805464	0.29899454643633117	-0.5780295850652931	0.03034409780527669	-0.11582338184682006	0.11886977824728912	-0.6826638152986905	0.9999999999999964	-0.053747646046524704	0.06323814493309726	-0.11812923985506095	0.17464684396806066	-0.19677728273466663	0.054348444199947145	-0.06376478802162251	0.09335941685958801	-0.13193897022064985	0.11494953430468882	-0.0474938288218502	0.04553420922480265	-0.09620442476573764	0.07471326091793708	-0.07237649389915707	0.03300742583719336	-0.04399816087273598	0.03291787315163568	-0.05039285487280324	0.046442351225703345	-0.040831234165297575	0.05001799087263767	-0.030831551932104115	0.06067142296102716	-0.054799392064343574
0.05280297558844591	-0.06277769014723811	0.06695375215472948	-0.03842462182060306	0.037542546630500696	-0.0721724008418107	0.07078681991783757	-0.06572326126396079	0.05362825172844633	-0.06196065386304501	0.08243328510096845	-0.09056043864960392	0.09841404327004188	-0.06007384329086353	0.057878966236071874	-0.09372586698275617	0.14302798811733544	-0.13001076398910014	0.061960983479463355	-0.053747646046524704	0.9999999999999946	-0.5878759178848222	0.17877250795554905	-0.0717986766098751	0.06659612223015836	-0.6501890959812755	0.284688614535047	-0.14624813125724537	0.07204629673564496	-0.06105258987379146	0.2281134296456226	-0.2202182575469315	0.14781790408437384	-0.06844912085895752	0.059400096388612815	-0.12748556387037493	0.1466003453106447	-0.07854115957450325	0.056745141703223416	-0.04296024649190981	0.1343371265121695	-0.15841254198317303	0.07166760825480961	-0.06909171048922227	0.05427015288819745
-0.05603251105506351	0.07057678288795624	-0.07550856376391554	0.04344774377367616	-0.04245031095926288	0.07572039844079793	-0.08295904343875139	0.07575283214131465	-0.06210066521442602	0.0711051333380996	-0.06426474820491239	0.1111583706988303	-0.12122334114170302	0.07093071852135503	-0.06792293176720256	0.06604999458000256	-0.2217608288851376	0.17107375463674748	-0.07374612795334488	0.06323814493309726	-0.5878759178848222	0.999999999999994	-0.2913872367664682	0.08767767077297295	-0.08029777812069139	0.2940251175056963	-0.5766345192224305	0.17968220340271202	-0.08598867825930644	0.07120102321157944	-0.2282498511434792	0.22348501403907664	-0.1745243264679654	0.07564391816088699	-0.06622599543311507	0.12263832295938565	-0.15423426539644514	0.07870696738027788	-0.060948012805942704	0.04706112789971339	-0.13736823698933212	0.1501499695567236	-0.07262126461990631	0.07355104491119274	-0.059183176316086245
0.08154454834022173	-0.10933581790211265	0.11716118463155531	-0.07114059328360886	0.06873540700735217	-0.1128243973278847	0.1250918101912928	-0.12231781431105712	0.10288089843212961	-0.1204044690648475	0.05433748749447915	-0.1698821294057	0.196458084090922	-0.12499682432154864	0.11668621851207993	-0.05764858976439949	0.259021068380138	-0.425962148692856	0.13496446313992747	-0.11812923985506095	0.17877250795554905	-0.2913872367664682	0.9999999999999933	-0.23111123508576775	0.1664139510807881	-0.18245588480949154	0.209482399964435	-0.5679210392648248	0.1799062278241276	-0.1488642520109423	0.14321613050493034	-0.14533460319983768	0.2915015071550811	-0.13426514266692108	0.11577232193140011	-0.09667274942716178	0.12455243472656077	-0.08511131085306128	0.09547795196657446	-0.08004168815390648	0.11451340031199479	-0.14450190888280467	0.07828361342906337	-0.11831227337637464	0.09735170720266001
-0.04813554162092889	0.06565826369546375	-0.07764388052725718	0.05255095913074308	-0.05123584701510902	0.06519206312904549	-0.07530432336109319	0.08263076018908386	-0.08703717188881051	0.10094595820661918	-0.02645143576508603	0.09123555238737455	-0.11665201139741023	0.13217376910908196	-0.13051532657689635	0.027830724188520662	-0.11248124156935677	0.11997611987717646	-0.24639850638294267	0.17464684396806066	-0.0717986766098751	0.08767767077297295	-0.23111123508576775	0.9999999999999962	-0.6726375292718669	0.0730779587316306	-0.08778626703438423	0.16747613475067602	-0.535820340553618	0.3062870023540287	-0.06508421388689122	0.06357927921382893	-0.15126781101035763	0.16424229166929388	-0.16336430511979405	0.04624440933847695	-0.06318466713437744	0.0533753513774164	-0.10247343475162507	0.09764221889023589	-0.057099931804453684	0.07206416761289071	-0.04987537263957343	0.11679613155100298	-0.10982641864859068
0.04682521195174067	-0.0639137361113497	0.07493428002620317	-0.05183697387378979	0.050052338177231925	-0.06406071597074049	0.07195088544764203	-0.08034398537083882	0.08311966037011437	-0.10044396622756639	0.025257214035412992	-0.08657935277531649	0.10710339538013439	-0.12530922965566293	0.12571216279382022	-0.02666800813836501	0.10081785273290021	-0.10783569351244962	0.18031395442826845	-0.19677728273466663	0.06659612223015836	-0.08029777812069139	0.1664139510807881	-0.6726375292718669	0.9999999999999934	-0.07032825173576027	0.08168134207268167	-0.15232809574326833	0.3216716047035104	-0.5514293810024935	0.06289833582579604	-0.06143655601584469	0.13950543816587846	-0.18799505236831773	0.1826901904557757	-0.045841897561533666	0.06305608422575483	-0.05572324340453111	0.1109396447496622	-0.11541558716528277	0.056887122749013336	-0.07334816068892665	0.05172346414116814	-0.1368747427992576	0.1172133573398145
-0.05117971369459027	0.060876771515656264	-0.06728920004885629	0.03839265506098844	-0.03789493540749406	0.0681395537140788	-0.0700808065428074	0.06478135070791055	-0.05393396961611974	0.061571049864704165	-0.07093761189928013	0.08585479684357478	-0.09968971718785273	0.060362554644364415	-0.05917484098925726	0.07070576159690259	-0.13870687989540928	0.11864072808540217	-0.063430683460531	0.054348444199947145	-0.6501890959812755	0.2940251175056963	-0.18245588480949154	0.0730779587316306	-0.07032825173576027	0.9999999999999895	-0.37961186369217803	0.14402375712219648	-0.07612109502424158	0.06371717504794873	-0.4606991177985428	0.2600073531265892	-0.16979625145124816	0.07377430505198869	-0.06474685899735483	0.17856509785701735	-0.1977793709410614	0.09324849078243867	-0.06314306997331033	0.046812205762994365	-0.20194839538843318	0.18288060334514794	-0.08698003074872346	0.0751023481655396	-0.05973589125481325
0.05544992817147296	-0.07023061809832885	0.07558356923015826	-0.04457404386634837	0.043440709760718905	-0.0762939615870367	0.07938692828329436	-0.07539686481659905	0.062226584669881076	-0.07239770460760156	0.051756350549999657	-0.10244489758883966	0.1127387164026755	-0.07022877799496569	0.06785849961941595	-0.05442711808135303	0.1586261679781512	-0.14775101504394314	0.07318562098464965	-0.06376478802162251	0.284688614535047	-0.5766345192224305	0.209482399964435	-0.08778626703438423	0.08168134207268167	-0.37961186369217803	0.9999999999999962	-0.20545788573771806	0.09039231551417728	-0.07666441050851701	0.2749680525245294	-0.4939927155374348	0.19216342329021366	-0.08844075676836974	0.07582190479179454	-0.1684220208321323	0.2126438767610864	-0.11077544051128708	0.07438367019862165	-0.05531492661539924	0.17119368218631587	-0.2245943260098467	0.09906104392101438	-0.09050968713342457	0.06968677108007827
-0.06253727019738953	0.08208020322101656	-0.09205430881769541	0.05500173939103853	-0.054012302548671315	0.08428252589237979	-0.09654793812796812	0.09252485286805565	-0.08056527719270665	0.0922113084079103	-0.04269237352903675	0.12264030360616907	-0.15365558879224708	0.09660644367861222	-0.0945182401924159	0.04432609350242601	-0.202097703750914	0.20075077016569778	-0.10953333850386338	0.09335941685958801	-0.14624813125724537	0.17968220340271202	-0.5679210392648248	0.16747613475067602	-0.15232809574326833	0.14402375712219648	-0.20545788573771806	0.9999999999999897	-0.21586374351310353	0.14600776546119834	-0.13111665863512387	0.1348437716712618	-0.6418396798355517	0.14010321106861892	-0.12139756725695976	0.08684988226859412	-0.11650665978811452	0.08488969402235334	-0.09784634749567879	0.0804905461557425	-0.10400846086312822	0.1274688955538943	-0.0784605748562022	0.11389170690665412	-0.09896240273146428
0.0448007825496251	-0.0603397667810624	0.0699897509250912	-0.04691906922742485	0.045423224110350865	-0.061202746468393306	0.06815548175193382	-0.07355690021839445	0.07284222627850753	-0.08724323268286967	0.025490063323246773	-0.08239465127216758	0.10164398108479886	-0.10401993174595102	0.10005161044639342	-0.02680900373162508	0.1028081609823107	-0.1076827177035592	0.14320420273934045	-0.13193897022064985	0.07204629673564496	-0.08598867825930644	0.1799062278241276	-0.535820340553618	0.3216716047035104	-0.07612109502424158	0.09039231551417728	-0.21586374351310353	0.9999999999999962	-0.6309414529000014	0.0696688695489139	-0.0685168413332454	0.1712965030989556	-0.2966270293985242	0.22848043226699172	-0.051285589108267	0.0716171777535284	-0.06722835444825176	0.1478845572746233	-0.1425084006397597	0.06377091590110165	-0.08277607815096717	0.062227760927594626	-0.17253508195212144	0.1459689735490525
-0.03800472816079685	0.050996623296143045	-0.060131260884275596	0.03984468794815253	-0.03897811519721342	0.051439957637465075	-0.05819632857653953	0.06233972989657282	-0.06268868349136349	0.07357986682750269	-0.021574575697835805	0.06944360642030188	-0.08764781205801768	0.08715195401817297	-0.09092712094151847	0.022614859472923937	-0.08767463827918423	0.08839485700284082	-0.12540294455398068	0.11494953430468882	-0.06105258987379146	0.07120102321157944	-0.1488642520109423	0.3062870023540287	-0.5514293810024935	0.06371717504794873	-0.07666441050851701	0.14600776546119834	-0.6309414529000014	0.9999999999999927	-0.05968639095641137	0.0581159161293471	-0.14670375176332184	0.22931768820085985	-0.3534920677439062	0.044142357610609535	-0.06236288189063659	0.05985158756521132	-0.13973180758106302	0.1561672073634074	-0.05532068768016822	0.07112833072685154	-0.056069879686615864	0.15575191614475317	-0.16407834110381114
0.041502056915309164	-0.05156585341822503	0.056698807230935684	-0.03338487684880242	0.03273392258406407	-0.05663923022597014	0.058188349738716304	-0.05540812108479527	0.046321316034120916	-0.05370429564912244	0.04012956027153104	-0.07157905659422246	0.08221478707203896	-0.051876042385979926	0.050853571809280074	-0.04157593278538595	0.10744703739417039	-0.09746377267008807	0.05470760662812356	-0.0474938288218502	0.2281134296456226	-0.2282498511434792	0.14321613050493034	-0.06508421388689122	0.06289833582579604	-0.4606991177985428	0.2749680525245294	-0.13111665863512387	0.0696688695489139	-0.05968639095641137	0.9999999999999877	-0.6112793132488212	0.15614441192400594	-0.07638645127168522	0.06489515572339345	-0.38377696197776157	0.2712181046454744	-0.12744949356345464	0.0697752465932187	-0.04866385690283962	0.2508872215062837	-0.27243842966207554	0.11317910582423571	-0.08354874844705956	0.06164750367138325
-0.03911752317515437	0.04863795970207884	-0.05372722211217365	0.03149339194085565	-0.030941868651182418	0.05300112568716694	-0.05545215042227969	0.05249861906858015	-0.0440459721479145	0.05082790142195021	-0.038306472216375925	0.06849227534804683	-0.07934284202021488	0.04962988717681866	-0.04868282122619511	0.039246242452402595	-0.10625174034529983	0.09486749346255659	-0.052654273848116884	0.04553420922480265	-0.2202182575469315	0.22348501403907664	-0.14533460319983768	0.06357927921382893	-0.06143655601584469	0.2600073531265892	-0.4939927155374348	0.1348437716712618	-0.0685168413332454	0.0581159161293471	-0.6112793132488212	0.9999999999999828	-0.17449157907272234	0.07414992674280213	-0.06304289613457911	0.23539234928418282	-0.4182778244664421	0.12843303210856102	-0.06828094804179458	0.04697100160218088	-0.2328046669819705	0.24448235689052492	-0.11725991419693409	0.07947455378319168	-0.059487725195573576
0.07112310011824952	-0.09194838159857738	0.1021921727778688	-0.06279044506308168	0.06113887196121414	-0.09839452148590862	0.10241617204277709	-0.10167877980881147	0.08702937215989652	-0.10272814273437864	0.04576158881432752	-0.12450155287903228	0.1474552537656516	-0.10000157442931623	0.09784668889011419	-0.048110533583578835	0.17224509616111405	-0.1803231113787754	0.10856461314941764	-0.09620442476573764	0.14781790408437384	-0.1745243264679654	0.2915015071550811	-0.15126781101035763	0.13950543816587846	-0.16979625145124816	0.19216342329021366	-0.6418396798355517	0.1712965030989556	-0.14670375176332184	0.15614441192400594	-0.17449157907272234	0.9999999999999903	-0.19879382303553708	0.14562027751928044	-0.11375212845769828	0.15252617896079798	-0.12740129123240299	0.13072981966616723	-0.10267839581933715	0.13660381237342162	-0.1838204013329421	0.1106708935920026	-0.1595854118710763	0.12644739003508132
-0.03572805431160765	0.04673424014269236	-0.054642336135188756	0.034712384166547254	-0.03413781333149476	0.04821826340211019	-0.05325698004706829	0.0547062455995518	-0.05158157942160814	0.06028546465054413	-0.021829800512317313	0.06291887463679119	-0.07872830338583485	0.06536854078275425	-0.06669892320479058	0.022739669024439847	-0.08408304184059522	0.08084863921952473	-0.0839682791964257	0.07471326091793708	-0.06844912085895752	0.07564391816088699	-0.13426514266692108	0.16424229166929388	-0.18799505236831773	0.07377430505198869	-0.08844075676836974	0.14010321106861892	-0.2966270293985242	0.22931768820085985	-0.07638645127168522	0.07414992674280213	-0.19879382303553708	0.999999999999991	-0.583902368626638	0.061655780825875806	-0.09512752882536456	0.12011476478280379	-0.5184942782914345	0.2725169559567404	-0.07930074480430505	0.10486027747166679	-0.11517458619636689	0.301390275903227	-0.33787456206810085
0.0328512551351714	-0.04315859960667105	0.05017321750842109	-0.03241857550024487	0.03167402628808885	-0.04468815229652634	0.04867220147716943	-0.050737608618217245	0.047974827272932896	-0.05687574539583162	0.019589400951594022	-0.05742040572061838	0.0710156902030094	-0.061549857838351846	0.06212154927208006	-0.020481740948913876	0.07425445095540273	-0.07251665544598226	0.07841771137319492	-0.07237649389915707	0.059400096388612815	-0.06622599543311507	0.11577232193140011	-0.16336430511979405	0.1826901904557757	-0.06474685899735483	0.07582190479179454	-0.12139756725695976	0.22848043226699172	-0.3534920677439062	0.06489515572339345	-0.06304289613457911	0.14562027751928044	-0.583902368626638	0.9999999999999882	-0.05213407816718979	0.07766324445662544	-0.0927185826349405	0.2663350441788733	-0.5174489643846433	0.0664963937768189	-0.09072699926298725	0.08484727641133617	-0.3258324285702588	0.29524780423020913
-0.027820793123737864	0.03461253797093074	-0.03874780515063065	0.02284134357793132	-0.02251104969377978	0.03767075985151118	-0.0392854673876912	0.037516281834590284	-0.03176396932464333	0.03667324110604751	-0.024912028379112883	0.047422167638077745	-0.05598464688829442	0.03564659204260464	-0.035283824449646305	0.025618322038568467	-0.07090259148276885	0.06334165302297735	-0.038152108989038376	0.03300742583719336	-0.12748556387037493	0.12263832295938565	-0.09667274942716178	0.04624440933847695	-0.045841897561533666	0.17856509785701735	-0.1684220208321323	0.08684988226859412	-0.051285589108267	0.044142357610609535	-0.38377696197776157	0.23539234928418282	-0.11375212845769828	0.061655780825875806	-0.05213407816718979	0.9999999999999851	-0.4352107616995016	0.1348628133179483	-0.061853414318444135	0.04010009160516311	-0.738617584828443	0.2826426069713861	-0.1253562995556905	0.071359812473549	-0.050938362205426746
0.03604884126474174	-0.045079973794855704	0.050546641399062876	-0.02999089630765191	0.029535129116363214	-0.048928705426675496	0.051027343416404004	-0.04904229261353116	0.04171277166182704	-0.04828182999779085	0.03062813768814432	-0.061477713810788134	0.07268863218571746	-0.0469958979384509	0.046584259043392195	-0.03164327599671839	0.0905782919703356	-0.08185968903447453	0.05066985073306167	-0.04399816087273598	0.1466003453106447	-0.15423426539644514	0.12455243472656077	-0.06318466713437744	0.06305608422575483	-0.1977793709410614	0.2126438767610864	-0.11650665978811452	0.0716171777535284	-0.06236288189063659	0.2712181046454744	-0.4182778244664421	0.15252617896079798	-0.09512752882536456	0.07766324445662544	-0.4352107616995016	0.9999999999999858	-0.31194104502471465	0.10212503653551	-0.06177895165238086	0.2973081717983207	-0.5954516539235137	0.22899050045589384	-0.11576549276965473	0.07697958255041984
-0.02356916765928132	0.029765743602468465	-0.033983032963497126	0.020430502907451457	-0.020172444035281574	0.0317717132952781	-0.03391371518833876	0.033032317282585794	-0.0288770899063972	0.03340735730398239	-0.018250072314168635	0.040405148767567324	-0.04905652341551222	0.03341791835073306	-0.03347205884266375	0.018793315107737588	-0.05862572000840278	0.05338853399023647	-0.03769645353841976	0.03291787315163568	-0.07854115957450325	0.07870696738027788	-0.08511131085306128	0.0533753513774164	-0.05572324340453111	0.09324849078243867	-0.11077544051128708	0.08488969402235334	-0.06722835444825176	0.05985158756521132	-0.12744949356345464	0.12843303210856102	-0.12740129123240299	0.12011476478280379	-0.0927185826349405	0.1348628133179483	-0.31194104502471465	0.9999999999999852	-0.20083332618681016	0.07976633345146335	-0.17070026065933183	0.26221241397220413	-0.8495435351839692	0.1578790751427781	-0.0956890846367865
0.026764543451541674	-0.03469593793078336	0.04035003402026875	-0.02538794185194285	0.024962944761509138	-0.03617688718032868	0.03937560947858308	-0.040058219913176554	0.03700866921881944	-0.04335965802566749	0.017004567387128678	-0.046347669134278	0.05748917885326934	-0.045661456927698164	0.046257118517098045	-0.017679597077554697	0.06242761642032522	-0.05915010570324275	0.056220363039013344	-0.05039285487280324	0.056745141703223416	-0.060948012805942704	0.09547795196657446	-0.10247343475162507	0.1109396447496622	-0.06314306997331033	0.07438367019862165	-0.09784634749567879	0.1478845572746233	-0.13973180758106302	0.0697752465932187	-0.06828094804179458	0.13072981966616723	-0.5184942782914345	0.2663350441788733	-0.061853414318444135	0.10212503653551	-0.20083332618681016	0.9999999999999846	-0.2997313647780813	0.07917338315813693	-0.11440284014251477	0.152619876984451	-0.6966567367635906	0.27106428910215397
-0.022613390969884514	0.029523061003240834	-0.03444591991348309	0.02196505258100948	-0.02155657303481658	0.030617989921468847	-0.03344567204226271	0.03446222471464459	-0.03233543887900418	0.038030289223462514	-0.013749875104611002	0.03930451055769093	-0.04891283143082244	0.040667881376144285	-0.041389555046667394	0.014335534706970937	-0.05180794649254104	0.04961103021135421	-0.051321381173695675	0.046442351225703345	-0.04296024649190981	0.04706112789971339	-0.08004168815390648	0.09764221889023589	-0.11541558716528277	0.046812205762994365	-0.05531492661539924	0.0804905461557425	-0.1425084006397597	0.1561672073634074	-0.04866385690283962	0.04697100160218088	-0.10267839581933715	0.2725169559567404	-0.5174489643846433	0.04010009160516311	-0.06177895165238086	0.07976633345146335	-0.2997313647780813	0.9999999999999847	-0.05168772546596642	0.07026154280023074	-0.0747979675152246	0.27044667625095	-0.7270874594131469
0.03419503526935987	-0.04269317794034587	0.047886236466688534	-0.028417245853751494	0.027988150937719343	-0.046508138798407886	0.04814520552464631	-0.046316158767597995	0.03928989133787359	-0.045523176580911956	0.028622432651242927	-0.057655297051580276	0.06821444121149317	-0.043949633667430835	0.043593750330157326	-0.029644248232387635	0.08413077934001151	-0.07576323424006573	0.047070305038852	-0.040831234165297575	0.1343371265121695	-0.13736823698933212	0.11451340031199479	-0.057099931804453684	0.056887122749013336	-0.20194839538843318	0.17119368218631587	-0.10400846086312822	0.06377091590110165	-0.05532068768016822	0.2508872215062837	-0.2328046669819705	0.13660381237342162	-0.07930074480430505	0.0664963937768189	-0.738617584828443	0.2973081717983207	-0.17070026065933183	0.07917338315813693	-0.05168772546596642	0.9999999999999849	-0.4592206888232704	0.1514865905332309	-0.09444102114286333	0.06552878976391985
-0.040328602493376504	0.050248865766360146	-0.057388302390493556	0.03372759922797148	-0.03347084128405391	0.05393928952124971	-0.05768110905201825	0.05505280906766414	-0.04729972833456418	0.05417422371116647	-0.03399252833232188	0.0687296101535688	-0.08344389707600325	0.05338846735550298	-0.053395549397846964	0.03473507045487063	-0.10320898783719329	0.09096908310036345	-0.05814849981788744	0.05001799087263767	-0.15841254198317303	0.1501499695567236	-0.14450190888280467	0.07206416761289071	-0.07334816068892665	0.18288060334514794	-0.2245943260098467	0.1274688955538943	-0.08277607815096717	0.07112833072685154	-0.27243842966207554	0.24448235689052492	-0.1838204013329421	0.10486027747166679	-0.09072699926298725	0.2826426069713861	-0.5954516539235137	0.26221241397220413	-0.11440284014251477	0.07026154280023074	-0.4592206888232704	0.9999999999999858	-0.3841862362887532	0.12354271284233112	-0.0910522357553609
0.022109825627538163	-0.02793611262408851	0.03186030941668874	-0.01920403966447743	0.018943643448026456	-0.0298701974178367	0.031733435796452644	-0.030985633164622783	0.027070407543116855	-0.031388154296070524	0.016917036999510526	-0.03774105746113687	0.045727327910245225	-0.03128361078130126	0.031311156760122624	-0.017453796165069466	0.054307145615924285	-0.04960824517212731	0.035211023313058934	-0.030831551932104115	0.07166760825480961	-0.07262126461990631	0.07828361342906337	-0.04987537263957343	0.05172346414116814	-0.08698003074872346	0.09906104392101438	-0.0784605748562022	0.062227760927594626	-0.056069879686615864	0.11317910582423571	-0.11725991419693409	0.1106708935920026	-0.11517458619636689	0.08484727641133617	-0.1253562995556905	0.22899050045589384	-0.8495435351839692	0.152619876984451	-0.0747979675152246	0.1514865905332309	-0.3841862362887532	0.9999999999999859	-0.16387760990344818	0.08779618148565876
