1.0	-0.9270111377390917	0.14615742025755768	-0.1396269663397811	0.08322764407698097	-0.25742989196573723	0.14823543013295135	-0.13909933245117742	0.06693150985254381	-0.047744947719795615	0.07053047504472947	-0.06341051025508868	0.10874531299882993	-0.052655121886620755	0.062438645993891186	-0.05672003257779246	0.051955958801164694	-0.05337834715643663	0.05029870315986438	-0.0620383982730926	0.04353662809463023	-0.04448386299567699	0.04620978624134292	-0.03242821584727936	0.02829734675521475	-0.03076132198857389	0.03514073460041903	-0.03672038018954275	0.036118322449372194	-0.024140504140358825	0.035401272053626295	-0.027431027104949407	0.03928812935361638	-0.027654016811750896	0.045458245289657556
-0.9270111377390917	0.9999999999999998	-0.1825384863962524	0.14181020729979438	-0.09866112593357639	0.19638783821298467	-0.15905599269447157	0.13871933562981234	-0.07741366263385979	0.05539812726544599	-0.07923289466164164	0.07090597779222362	-0.12709643438863286	0.06027317361333741	-0.07320034094624804	0.06290833505903252	-0.059605507744790655	0.061138399392246266	-0.058073936234766636	0.07069848635044013	-0.050102041418971906	0.05084556785620906	-0.05366039909593507	0.03757372642956325	-0.03291871356323818	0.03539067303856191	-0.040721219781615414	0.04256524793390825	-0.04205106813240835	0.028014025387531373	-0.04105949586887238	0.03169409723450236	-0.045907426877406114	0.032262544147156694	-0.053292694714998645
0.14615742025755768	-0.1825384863962524	0.9999999999999989	-0.733249133868437	0.1595195598466705	-0.24308683154640967	0.21647065661406198	-0.5047682305257689	0.14425692626548345	-0.09865141143302524	0.11190409197185261	-0.11172080101227527	0.20291069804863932	-0.11022819420485153	0.1214718657725764	-0.09529066522819786	0.09169074821493327	-0.09866174656127048	0.09366648532965215	-0.1167534947100305	0.07547513054522183	-0.07844834194231912	0.08270820743681889	-0.058640967816697295	0.05087456888360684	-0.05374016079703946	0.06152160122782253	-0.06575096245701367	0.06481961883888503	-0.043489312194968946	0.0617484673033183	-0.04819645514523376	0.06978609619032636	-0.049240225555909706	0.08058562323678226
-0.1396269663397811	0.14181020729979438	-0.733249133868437	0.9999999999999991	-0.27045533343688294	0.2077118569536817	-0.20951023542179903	0.2863001571672975	-0.2338966019405746	0.1533807674883518	-0.15879403640353304	0.152839313263316	-0.2988902723950846	0.1621036922796276	-0.19519779936555276	0.13238698794289505	-0.13424358651364532	0.1425427509867477	-0.1401678010224721	0.1683439120674378	-0.11192067037443065	0.11426264420307944	-0.12490001234436099	0.08812971846097113	-0.07727215897014035	0.07963713351970335	-0.09259650662632074	0.09885168047893983	-0.0986509225904338	0.06562221226496878	-0.09315390733870035	0.07205042107664135	-0.1070970758016975	0.07526326847327534	-0.1247051634781462
0.08322764407698097	-0.09866112593357639	0.1595195598466705	-0.27045533343688294	0.9999999999999991	-0.20500618682767702	0.13500901399339857	-0.2110403117547766	0.290428470061806	-0.5818051630180799	0.14907344915350038	-0.1607479085610465	0.22558445454512613	-0.2844702791139766	0.29871254579242296	-0.1525038935725332	0.14598248777704378	-0.18039576163189258	0.1848557446436576	-0.2857334148903074	0.12038619342434465	-0.13144427825472918	0.14452687646276116	-0.10842021465261706	0.09258924146208689	-0.08880629214331522	0.1012311793946976	-0.11804925904978562	0.11677929321024438	-0.08050578757623734	0.10020933430896792	-0.08128201147267317	0.12195500657104488	-0.08761610200265307	0.14118923347698356
-0.25742989196573723	0.19638783821298467	-0.24308683154640967	0.2077118569536817	-0.20500618682767702	0.9999999999999998	-0.7152975443004835	0.2995047740803823	-0.16155145624423162	0.11444007336766002	-0.21053765648248568	0.16339174047481228	-0.28847286619750223	0.12491301925971489	-0.1527623975303755	0.14623789536567544	-0.1328011442352898	0.13217807680093285	-0.12415198737294618	0.1489131524899764	-0.11134213699533405	0.11215135770940106	-0.11571810444453273	0.08051578947817373	-0.07039484505247919	0.0777804143217712	-0.08892384882736987	0.0914159118987467	-0.08996952446604317	0.05988592585564814	-0.0898031987858378	0.06906961330762877	-0.09820951493864326	0.06891393266705644	-0.11350948664081523
0.14823543013295135	-0.15905599269447157	0.21647065661406198	-0.20951023542179903	0.13500901399339857	-0.7152975443004835	0.9999999999999998	-0.5596153185334726	0.1175693935906057	-0.08140795153318986	0.12780272343379184	-0.11942391227829596	0.19772532486585162	-0.0921077478817486	0.10390929675028537	-0.101784847387948	0.09079038068787855	-0.09302862250531069	0.0857356046044953	-0.10587928567278863	0.07455573749595315	-0.07710890838961565	0.07787063954114115	-0.054662252155287215	0.0473206825476649	-0.05246055769107545	0.05930652674970604	-0.06177368227923792	0.06034113605440632	-0.04048635017182024	0.05965566532465789	-0.04642206802781805	0.06516357411493184	-0.04592141909446388	0.074832399693474
-0.13909933245117742	0.13871933562981234	-0.5047682305257689	0.2863001571672975	-0.2110403117547766	0.2995047740803823	-0.5596153185334726	1.0000000000000007	-0.19912787634414775	0.12705533258664783	-0.1608722577902426	0.1594073323632485	-0.3551428694025124	0.1419521172917389	-0.1618254025831156	0.13016041767249542	-0.12917041550037925	0.1370582982601577	-0.1281250476955311	0.15435974777555955	-0.10485016038408197	0.10838577696466001	-0.11419437215076957	0.08022778909507962	-0.06963699932185713	0.07407050775147626	-0.08502209350446932	0.09007128607184717	-0.088828243033142	0.0593686501110574	-0.0854174998481982	0.06631724252874704	-0.09576856045399779	0.06737566571382556	-0.11036428226040623
0.06693150985254381	-0.07741366263385979	0.14425692626548345	-0.2338966019405746	0.290428470061806	-0.16155145624423162	0.1175693935906057	-0.19912787634414775	1.0000000000000013	-0.5155739754481762	0.11988073048262836	-0.13213801925609023	0.19545365374571352	-0.6274180494633417	0.3301818435577669	-0.12023935881780437	0.1220868082026469	-0.16450658327939016	0.1881973401898221	-0.23835416065176093	0.0964701565363173	-0.10740616308970594	0.12040606356878122	-0.09367749097289713	0.07732924000895543	-0.07049657474116812	0.08035023187293783	-0.09611187250092607	0.09726449615783123	-0.06695334355426949	0.07915546039425173	-0.06429360479901966	0.09681256921197098	-0.06933276584505238	0.110021950370992
-0.047744947719795615	0.05539812726544599	-0.09865141143302524	0.1533807674883518	-0.5818051630180799	0.11444007336766002	-0.08140795153318986	0.12705533258664783	-0.5155739754481762	1.0000000000000004	-0.08885400867966395	0.09689538442171049	-0.14290258660156163	0.2952656796271336	-0.536370215156869	0.0894315916123793	-0.09023566898987237	0.11659609265219376	-0.13381803839858777	0.1778912832186328	-0.07212071626920176	0.07956248374262048	-0.08965232902137911	0.06872553697260173	-0.05777729237845523	0.052804843834161355	-0.06036744084224876	0.0716979597244231	-0.0727591338336283	0.04983353810751937	-0.05953756364923561	0.048277886629301756	-0.0731901046226828	0.052351572305604374	-0.08369935416279702
0.07053047504472947	-0.07923289466164164	0.11190409197185261	-0.15879403640353304	0.14907344915350038	-0.21053765648248568	0.12780272343379184	-0.1608722577902426	0.11988073048262836	-0.08885400867966395	0.9999999999999994	-0.5520370904474985	0.26373905691586996	-0.11147619199104443	0.12309656586449057	-0.640869982365317	0.2597669714668446	-0.19513460241920216	0.1549172691886842	-0.1983218354704516	0.2270672564067609	-0.2309856395809681	0.15931835898555965	-0.10744694265169308	0.08917742262032477	-0.1495517716243881	0.14633571851436444	-0.1272800313207041	0.11369712134372972	-0.07799122693393455	0.14871876157524094	-0.11685225281837927	0.12234938475651495	-0.08655713520388493	0.1320543716487172
-0.06341051025508868	0.07090597779222362	-0.11172080101227527	0.152839313263316	-0.1607479085610465	0.16339174047481228	-0.11942391227829596	0.1594073323632485	-0.13213801925609023	0.09689538442171049	-0.5520370904474985	0.9999999999999992	-0.482612006627847	0.1257057873503864	-0.13672877317495985	0.29373528524176873	-0.47891977943138975	0.23717039302355752	-0.18781912974737872	0.2098204653614673	-0.23182838570754744	0.24469674477414916	-0.18778665963428812	0.12257612430523959	-0.10248031525180011	0.14629247108382887	-0.1611345558171119	0.14140883214002842	-0.13108051779933433	0.08792619034966725	-0.16197914936183205	0.12155296416309849	-0.13925294077885814	0.09680219828675979	-0.14993008712746114
0.10874531299882993	-0.12709643438863286	0.20291069804863932	-0.2988902723950846	0.22558445454512613	-0.28847286619750223	0.19772532486585162	-0.3551428694025124	0.19545365374571352	-0.14290258660156163	0.26373905691586996	-0.482612006627847	0.9999999999999979	-0.20254552405209453	0.1944796403968552	-0.2605827750871347	0.2594232265194554	-0.33739182202021617	0.2307151862949565	-0.31074328324955347	0.1853990835399293	-0.21679190968020545	0.20101194843887082	-0.14283477259314137	0.11727434127429405	-0.13293341556843563	0.14454965805610415	-0.16061578862646964	0.14838691325735165	-0.10300269545625947	0.1427534179770203	-0.11631192905296255	0.15355400090110655	-0.1101343154598394	0.1691928759405243
-0.052655121886620755	0.06027317361333741	-0.11022819420485153	0.1621036922796276	-0.2844702791139766	0.12491301925971489	-0.0921077478817486	0.1419521172917389	-0.6274180494633417	0.2952656796271336	-0.11147619199104443	0.1257057873503864	-0.20254552405209453	0.9999999999999979	-0.5912422844372791	0.11144355500232565	-0.12310197800451028	0.17286671890045605	-0.2762640372776881	0.2316676854277317	-0.09262925504697013	0.10445200810027919	-0.12335951228565016	0.098857625859652	-0.08018932964200055	0.06711701979216576	-0.07695778231032963	0.0948352605224393	-0.10088166028584779	0.06805632316886051	-0.07532075230638807	0.06126445393300868	-0.09450330785437819	0.06718014564951333	-0.10571606451450208
0.062438645993891186	-0.07320034094624804	0.1214718657725764	-0.19519779936555276	0.29871254579242296	-0.1527623975303755	0.10390929675028537	-0.1618254025831156	0.3301818435577669	-0.536370215156869	0.12309656586449057	-0.13672877317495985	0.1944796403968552	-0.5912422844372791	0.9999999999999996	-0.12619112497058593	0.12837680698058762	-0.17355608078527032	0.2006055621372036	-0.28597241836573384	0.1016087461764491	-0.11353412048179017	0.12830695801025102	-0.10016364920516202	0.08309872733346663	-0.07456396455520838	0.08505097215548951	-0.10266040858462344	0.10430713263332056	-0.07193896743817221	0.08365153187526736	-0.06820446996958196	0.10348482421432413	-0.07420878708937566	0.11778244953490659
-0.05672003257779246	0.06290833505903252	-0.09529066522819786	0.13238698794289505	-0.1525038935725332	0.14623789536567544	-0.101784847387948	0.13016041767249542	-0.12023935881780437	0.0894315916123793	-0.640869982365317	0.29373528524176873	-0.2605827750871347	0.11144355500232565	-0.12619112497058593	0.9999999999999997	-0.33459880232974676	0.20295831806950992	-0.1688223125286341	0.1949812220485156	-0.437372635521626	0.2660839052048953	-0.18985035484049356	0.12197350133223582	-0.10317605221335106	0.20909454423996085	-0.21164535810148286	0.14756130735450534	-0.13265146879996267	0.08861344811072167	-0.2269980648170294	0.1560643430109861	-0.14776303202900992	0.10188268270083764	-0.1582336775730738
0.051955958801164694	-0.059605507744790655	0.09169074821493327	-0.13424358651364532	0.14598248777704378	-0.1328011442352898	0.09079038068787855	-0.12917041550037925	0.1220868082026469	-0.09023566898987237	0.2597669714668446	-0.47891977943138975	0.2594232265194554	-0.12310197800451028	0.12837680698058762	-0.33459880232974676	0.9999999999999987	-0.4247412173993668	0.2199984409324087	-0.24698930160506247	0.25739381077014506	-0.545703248351683	0.22736814447571188	-0.1446730466252237	0.11158331074135942	-0.1691274490827121	0.17127803699035335	-0.16684665509265023	0.14221613382762885	-0.09792569230358919	0.16265378206206954	-0.1351341010269608	0.14587408517912898	-0.10252564148406236	0.14949366426196825
-0.05337834715643663	0.061138399392246266	-0.09866174656127048	0.1425427509867477	-0.18039576163189258	0.13217807680093285	-0.09302862250531069	0.1370582982601577	-0.16450658327939016	0.11659609265219376	-0.19513460241920216	0.23717039302355752	-0.33739182202021617	0.17286671890045605	-0.17355608078527032	0.20295831806950992	-0.4247412173993668	0.9999999999999988	-0.576170189625785	0.30554077358597354	-0.1901593558357757	0.2410557352207604	-0.3808973587889223	0.20719921160933813	-0.15886173152114375	0.1298681568012804	-0.14972035863210542	0.20673140742796217	-0.20321475492561622	0.13161437026734743	-0.14132346505367668	0.11663400404423589	-0.19064522577967893	0.12834658789930242	-0.19275976321210125
0.05029870315986438	-0.058073936234766636	0.09366648532965215	-0.1401678010224721	0.1848557446436576	-0.12415198737294618	0.0857356046044953	-0.1281250476955311	0.1881973401898221	-0.13381803839858777	0.1549172691886842	-0.18781912974737872	0.2307151862949565	-0.2762640372776881	0.2006055621372036	-0.1688223125286341	0.2199984409324087	-0.576170189625785	0.9999999999999997	-0.6007363571411029	0.14529975096020076	-0.18479934834967005	0.23566510730075785	-0.24993937764175286	0.15400674013869098	-0.10513799859677626	0.11956720131858903	-0.17384932942518808	0.19111215579330956	-0.13284911998952248	0.11398353690610741	-0.09604167944241487	0.15280028222016184	-0.10972316005930892	0.16108489343225402
-0.0620383982730926	0.07069848635044013	-0.1167534947100305	0.1683439120674378	-0.2857334148903074	0.1489131524899764	-0.10587928567278863	0.15435974777555955	-0.23835416065176093	0.1778912832186328	-0.1983218354704516	0.2098204653614673	-0.31074328324955347	0.2316676854277317	-0.28597241836573384	0.1949812220485156	-0.24698930160506247	0.30554077358597354	-0.6007363571411029	0.9999999999999994	-0.1846189350555347	0.20165743241527273	-0.2748851433365364	0.21328324208076357	-0.19237890325071227	0.13284368639496405	-0.15873608563883024	0.20154114186678201	-0.23826952466574325	0.15248523801987518	-0.15425170758547496	0.12402650046980651	-0.2172797573952917	0.15055478182247978	-0.24738814633752892
0.04353662809463023	-0.050102041418971906	0.07547513054522183	-0.11192067037443065	0.12038619342434465	-0.11134213699533405	0.07455573749595315	-0.10485016038408197	0.0964701565363173	-0.07212071626920176	0.2270672564067609	-0.23182838570754744	0.1853990835399293	-0.09262925504697013	0.1016087461764491	-0.437372635521626	0.25739381077014506	-0.1901593558357757	0.14529975096020076	-0.1846189350555347	0.999999999999997	-0.5422136424994632	0.18589590190127644	-0.11694091425332283	0.09188470190003109	-0.5076451453956127	0.24383900010155762	-0.1515879479054818	0.1180043980137571	-0.08185524797177568	0.2552955143436676	-0.20369383571189995	0.13156671366920353	-0.09259836830382545	0.13122368308815352
-0.04448386299567699	0.05084556785620906	-0.07844834194231912	0.11426264420307944	-0.13144427825472918	0.11215135770940106	-0.07710890838961565	0.10838577696466001	-0.10740616308970594	0.07956248374262048	-0.2309856395809681	0.24469674477414916	-0.21679190968020545	0.10445200810027919	-0.11353412048179017	0.2660839052048953	-0.545703248351683	0.2410557352207604	-0.18479934834967005	0.20165743241527273	-0.5422136424994632	0.9999999999999966	-0.317824579313924	0.15267662953248476	-0.11922825395148251	0.2366571447891529	-0.26894949443650584	0.1861164821199203	-0.15414943423725957	0.10210461791340826	-0.23390142689438753	0.17905740560497677	-0.16451166934427833	0.11060889297222062	-0.15998253197897513
0.04620978624134292	-0.05366039909593507	0.08270820743681889	-0.12490001234436099	0.14452687646276116	-0.11571810444453273	0.07787063954114115	-0.11419437215076957	0.12040606356878122	-0.08965232902137911	0.15931835898555965	-0.18778665963428812	0.20101194843887082	-0.12335951228565016	0.12830695801025102	-0.18985035484049356	0.22736814447571188	-0.3808973587889223	0.23566510730075785	-0.2748851433365364	0.18589590190127644	-0.317824579313924	0.9999999999999957	-0.42582775904190806	0.20217481177821708	-0.138809437055365	0.16096448316609102	-0.5409599475273255	0.26243334250796335	-0.1871522939271693	0.14036319230747019	-0.13259600501373836	0.24932217803434947	-0.17772221915659278	0.20579821938279633
-0.03242821584727936	0.03757372642956325	-0.058640967816697295	0.08812971846097113	-0.10842021465261706	0.08051578947817373	-0.054662252155287215	0.08022778909507962	-0.09367749097289713	0.06872553697260173	-0.10744694265169308	0.12257612430523959	-0.14283477259314137	0.098857625859652	-0.10016364920516202	0.12197350133223582	-0.1446730466252237	0.20719921160933813	-0.24993937764175286	0.21328324208076357	-0.11694091425332283	0.15267662953248476	-0.42582775904190806	0.9999999999999993	-0.4854643338958286	0.08673082195670848	-0.10341396824373376	0.22490878920512572	-0.6195643964265217	0.2986271242584614	-0.09278581986880383	0.08406190308568709	-0.17015119087363245	0.12566970220261509	-0.16006164758176786
0.02829734675521475	-0.03291871356323818	0.05087456888360684	-0.07727215897014035	0.09258924146208689	-0.07039484505247919	0.0473206825476649	-0.06963699932185713	0.07732924000895543	-0.05777729237845523	0.08917742262032477	-0.10248031525180011	0.11727434127429405	-0.08018932964200055	0.08309872733346663	-0.10317605221335106	0.11158331074135942	-0.15886173152114375	0.15400674013869098	-0.19237890325071227	0.09188470190003109	-0.11922825395148251	0.20217481177821708	-0.4854643338958286	0.9999999999999992	-0.07060499536764005	0.08228869681922109	-0.17119803234977968	0.3189348617197484	-0.7553041982894296	0.07503461503540576	-0.06870916355128878	0.12726615636951236	-0.10324892088111394	0.13161517171388448
-0.03076132198857389	0.03539067303856191	-0.05374016079703946	0.07963713351970335	-0.08880629214331522	0.0777804143217712	-0.05246055769107545	0.07407050775147626	-0.07049657474116812	0.052804843834161355	-0.1495517716243881	0.14629247108382887	-0.13293341556843563	0.06711701979216576	-0.07456396455520838	0.20909454423996085	-0.1691274490827121	0.1298681568012804	-0.10513799859677626	0.13284368639496405	-0.5076451453956127	0.2366571447891529	-0.138809437055365	0.08673082195670848	-0.07060499536764005	0.9999999999999988	-0.47418063770282537	0.1255242212116594	-0.09200080826386144	0.0626225637073613	-0.600810954066701	0.2937792187982666	-0.11559900273928347	0.0777316987748775	-0.10912813496201454
0.03514073460041903	-0.040721219781615414	0.06152160122782253	-0.09259650662632074	0.1012311793946976	-0.08892384882736987	0.05930652674970604	-0.08502209350446932	0.08035023187293783	-0.06036744084224876	0.14633571851436444	-0.1611345558171119	0.14454965805610415	-0.07695778231032963	0.08505097215548951	-0.21164535810148286	0.17127803699035335	-0.14972035863210542	0.11956720131858903	-0.15873608563883024	0.24383900010155762	-0.26894949443650584	0.16096448316609102	-0.10341396824373376	0.08228869681922109	-0.47418063770282537	0.9999999999999996	-0.18713853118050386	0.10840475843339213	-0.07499455807994508	0.3269472619419271	-0.6913370917928149	0.15035259822060498	-0.10060184162313451	0.13040574409961034
-0.03672038018954275	0.04256524793390825	-0.06575096245701367	0.09885168047893983	-0.11804925904978562	0.0914159118987467	-0.06177368227923792	0.09007128607184717	-0.09611187250092607	0.0716979597244231	-0.1272800313207041	0.14140883214002842	-0.16061578862646964	0.0948352605224393	-0.10266040858462344	0.14756130735450534	-0.16684665509265023	0.20673140742796217	-0.17384932942518808	0.20154114186678201	-0.1515879479054818	0.1861164821199203	-0.5409599475273255	0.22490878920512572	-0.17119803234977968	0.1255242212116594	-0.18713853118050386	0.9999999999999982	-0.2766301949753632	0.15580758892785712	-0.1355745570294731	0.14111032834022572	-0.5914216054671343	0.243799545216391	-0.30596890100862156
0.036118322449372194	-0.04205106813240835	0.06481961883888503	-0.0986509225904338	0.11677929321024438	-0.08996952446604317	0.06034113605440632	-0.088828243033142	0.09726449615783123	-0.0727591338336283	0.11369712134372972	-0.13108051779933433	0.14838691325735165	-0.10088166028584779	0.10430713263332056	-0.13265146879996267	0.14221613382762885	-0.20321475492561622	0.19111215579330956	-0.23826952466574325	0.1180043980137571	-0.15414943423725957	0.26243334250796335	-0.6195643964265217	0.3189348617197484	-0.09200080826386144	0.10840475843339213	-0.2766301949753632	0.9999999999999986	-0.5358636237526793	0.09720187044119522	-0.09121402238659201	0.1803301043818985	-0.1584943543756633	0.1750443237121317
-0.024140504140358825	0.028014025387531373	-0.043489312194968946	0.06562221226496878	-0.08050578757623734	0.05988592585564814	-0.04048635017182024	0.0593686501110574	-0.06695334355426949	0.04983353810751937	-0.07799122693393455	0.08792619034966725	-0.10300269545625947	0.06805632316886051	-0.07193896743817221	0.08861344811072167	-0.09792569230358919	0.13161437026734743	-0.13284911998952248	0.15248523801987518	-0.08185524797177568	0.10210461791340826	-0.1871522939271693	0.2986271242584614	-0.7553041982894296	0.0626225637073613	-0.07499455807994508	0.15580758892785712	-0.5358636237526793	0.9999999999999979	-0.06784698860269188	0.06187043372615246	-0.1283979311932584	0.10471751646708903	-0.14192793950456417
0.035401272053626295	-0.04105949586887238	0.0617484673033183	-0.09315390733870035	0.10020933430896792	-0.0898031987858378	0.05965566532465789	-0.0854174998481982	0.07915546039425173	-0.05953756364923561	0.14871876157524094	-0.16197914936183205	0.1427534179770203	-0.07532075230638807	0.08365153187526736	-0.2269980648170294	0.16265378206206954	-0.14132346505367668	0.11398353690610741	-0.15425170758547496	0.2552955143436676	-0.23390142689438753	0.14036319230747019	-0.09278581986880383	0.07503461503540576	-0.600810954066701	0.3269472619419271	-0.1355745570294731	0.09720187044119522	-0.06784698860269188	0.9999999999999978	-0.5984830908635481	0.12736601194762825	-0.08770230439566393	0.11731541067719076
-0.027431027104949407	0.03169409723450236	-0.04819645514523376	0.07205042107664135	-0.08128201147267317	0.06906961330762877	-0.04642206802781805	0.06631724252874704	-0.06429360479901966	0.048277886629301756	-0.11685225281837927	0.12155296416309849	-0.11631192905296255	0.06126445393300868	-0.06820446996958196	0.1560643430109861	-0.1351341010269608	0.11663400404423589	-0.09604167944241487	0.12402650046980651	-0.20369383571189995	0.17905740560497677	-0.13259600501373836	0.08406190308568709	-0.06870916355128878	0.2937792187982666	-0.6913370917928149	0.14111032834022572	-0.09121402238659201	0.06187043372615246	-0.5984830908635481	0.9999999999999971	-0.152647789103226	0.09151394291394964	-0.12014328524751994
0.03928812935361638	-0.045907426877406114	0.06978609619032636	-0.1070970758016975	0.12195500657104488	-0.09820951493864326	0.06516357411493184	-0.09576856045399779	0.09681256921197098	-0.0731901046226828	0.12234938475651495	-0.13925294077885814	0.15355400090110655	-0.09450330785437819	0.10348482421432413	-0.14776303202900992	0.14587408517912898	-0.19064522577967893	0.15280028222016184	-0.2172797573952917	0.13156671366920353	-0.16451166934427833	0.24932217803434947	-0.17015119087363245	0.12726615636951236	-0.11559900273928347	0.15035259822060498	-0.5914216054671343	0.1803301043818985	-0.1283979311932584	0.12736601194762825	-0.152647789103226	0.999999999999998	-0.5592072667803616	0.30430744097474394
-0.027654016811750896	0.032262544147156694	-0.049240225555909706	0.07526326847327534	-0.08761610200265307	0.06891393266705644	-0.04592141909446388	0.06737566571382556	-0.06933276584505238	0.052351572305604374	-0.08655713520388493	0.09680219828675979	-0.1101343154598394	0.06718014564951333	-0.07420878708937566	0.10188268270083764	-0.10252564148406236	0.12834658789930242	-0.10972316005930892	0.15055478182247978	-0.09259836830382545	0.11060889297222062	-0.17772221915659278	0.12566970220261509	-0.10324892088111394	0.0777316987748775	-0.10060184162313451	0.243799545216391	-0.1584943543756633	0.10471751646708903	-0.08770230439566393	0.09151394291394964	-0.5592072667803616	0.999999999999998	-0.7278095107961399
0.045458245289657556	-0.053292694714998645	0.08058562323678226	-0.1247051634781462	0.14118923347698356	-0.11350948664081523	0.074832399693474	-0.11036428226040623	0.110021950370992	-0.08369935416279702	0.1320543716487172	-0.14993008712746114	0.1691928759405243	-0.10571606451450208	0.11778244953490659	-0.1582336775730738	0.14949366426196825	-0.19275976321210125	0.16108489343225402	-0.24738814633752892	0.13122368308815352	-0.15998253197897513	0.20579821938279633	-0.16006164758176786	0.13161517171388448	-0.10912813496201454	0.13040574409961034	-0.30596890100862156	0.1750443237121317	-0.14192793950456417	0.11731541067719076	-0.12014328524751994	0.30430744097474394	-0.7278095107961399	0.999999999999998
