1.0000000000000002	-0.32386308203813746	0.19486781447073565	-0.0786659798465805	0.08774544447600584	-0.7079481856384444	0.25829598876821275	-0.22790096691892237	0.08263602278185117	-0.07350508856319972	0.31275738064308	-0.31469029300690093	0.18165692311130024	-0.16542545762349384	0.04956305123038809	-0.24894117689154704	0.16513657188242042	-0.17291651668634914	0.13887688598679981	-0.06522506172091556	0.17353354122866815	-0.17618436494515785	0.16654004896564703	-0.1363632579495787	0.17305550204883546
-0.32386308203813746	1.0000000000000002	-0.5928441142788305	0.1578854419423554	-0.1895127965490084	0.21405496608545396	-0.5264611411550547	0.31312290222774053	-0.11111903518891522	0.09225595069426128	-0.26143430813043805	0.27332877418517426	-0.22133089626184135	0.1705085507836714	-0.0592036769512718	0.1672396488708983	-0.16553442449974545	0.1743861977723383	-0.15530117104222702	0.07621420070734215	-0.16193953147998896	0.14914647121877167	-0.18450238817667203	0.14002163946925192	-0.18936982264009658
0.19486781447073565	-0.5928441142788305	1.0000000000000002	-0.2676993543502149	0.20806823758365936	-0.15190361460081397	0.29005999738156124	-0.5756742662836787	0.12656638732340728	-0.11177700014030027	0.1824572750065723	-0.2470761948183879	0.2262900622102079	-0.1891180820595893	0.06596617672483496	-0.14261064856013655	0.14380323705736758	-0.18125468208212359	0.14877864625672765	-0.08750149893097493	0.128698247877501	-0.1375660477869856	0.1663921846789504	-0.13729140577079058	0.16527553660307331
-0.0786659798465805	0.1578854419423554	-0.2676993543502149	0.9999999999999998	-0.9111959833810581	0.0580461877995402	-0.10071695280244874	0.14338101361874084	-0.1863950656980784	0.13596382502632068	-0.07371343208330211	0.09161331991876631	-0.0884019193421699	0.08389963519658467	-0.06600239470837893	0.0582488090402657	-0.05879510433790911	0.07218266818825621	-0.0692557318346035	0.08703849218866604	-0.05384449710148328	0.056153209084099334	-0.07393310135952742	0.0616030999696341	-0.08003838537169514
0.08774544447600584	-0.1895127965490084	0.20806823758365936	-0.9111959833810581	0.9999999999999993	-0.06593558666386591	0.11154495600040515	-0.1620660528936506	0.16141345240387728	-0.1577424915543194	0.08296702492965544	-0.1064433268867532	0.09782837069033722	-0.09602609120386915	0.07494413800118528	-0.06759338573112157	0.06709538197425036	-0.08306809921486158	0.0778197247255966	-0.10388557435796822	0.061391340677100066	-0.06517936280051578	0.0835418065321864	-0.07092288503524419	0.09113521501760585
-0.7079481856384444	0.21405496608545396	-0.15190361460081397	0.0580461877995402	-0.06593558666386591	0.9999999999999997	-0.29620135400614495	0.17356609724860178	-0.059627445462102927	0.051821335552187014	-0.5486891801232898	0.25062784823566747	-0.14189288216226373	0.11740942890540591	-0.03496553418340474	0.1919017297307575	-0.12983492503062602	0.12603468663924752	-0.10197787764628048	0.04552068488596367	-0.1472374838702782	0.12876942132807323	-0.12398683238358105	0.09659008815439898	-0.1229696916689262
0.25829598876821275	-0.5264611411550547	0.29005999738156124	-0.10071695280244874	0.11154495600040515	-0.29620135400614495	0.999999999999999	-0.48535123016899134	0.09535055710111708	-0.08218051810617068	0.25882604294090733	-0.5116974686650977	0.23887566930571563	-0.17928686150050294	0.05272232130731636	-0.17339662142368967	0.17378462538169764	-0.18678808013251688	0.1478852187400004	-0.06851590887625153	0.15203546305410437	-0.15915636472308287	0.1711677508800702	-0.13406810988732062	0.16286783014712758
-0.22790096691892237	0.31312290222774053	-0.5756742662836787	0.14338101361874084	-0.1620660528936506	0.17356609724860178	-0.48535123016899134	0.9999999999999986	-0.13856914883274513	0.10785277437469094	-0.21677219141466844	0.27272359805868096	-0.42150211194116505	0.21225102155556	-0.06643920876699212	0.15249678866791203	-0.17210053132997621	0.21224399014769812	-0.1817417433734984	0.08479875696919158	-0.14654390081049173	0.14953978434066134	-0.20181998833331222	0.15191789506682402	-0.18516819748184385
0.08263602278185117	-0.11111903518891522	0.12656638732340728	-0.1863950656980784	0.16141345240387728	-0.059627445462102927	0.09535055710111708	-0.13856914883274513	0.9999999999999991	-0.8297310136735716	0.07997443171989006	-0.09789220756869195	0.11318856005613492	-0.16083509626240594	0.25843130418529686	-0.06547465865375954	0.07012318867854386	-0.09205024647729089	0.11598408276564186	-0.3560468041925532	0.06222414883482163	-0.06626688928583388	0.1003497383743075	-0.09119422838071974	0.11619789874233308
-0.07350508856319972	0.09225595069426128	-0.11177700014030027	0.13596382502632068	-0.1577424915543194	0.051821335552187014	-0.08218051810617068	0.10785277437469094	-0.8297310136735716	0.9999999999999976	-0.0704650135730153	0.08228921313169552	-0.09787710508426413	0.12341848973848703	-0.39993726448986794	0.056298347789394604	-0.06094663335970051	0.07831799321853823	-0.10397663179454844	0.2706746997199767	-0.05459262952793322	0.05671759971793286	-0.08963953604082057	0.07858621296225753	-0.10607575117872828
0.31275738064308	-0.26143430813043805	0.1824572750065723	-0.07371343208330211	0.08296702492965544	-0.5486891801232898	0.25882604294090733	-0.21677219141466844	0.07997443171989006	-0.0704650135730153	1.0000000000000018	-0.46927058299026136	0.19828800626546292	-0.17038344189777357	0.04814437483719208	-0.4129233461680005	0.19927108940941587	-0.18766410330252462	0.14431613655992717	-0.06287329741434958	0.23186550936987083	-0.20896170265683728	0.1760298943364029	-0.1390149814611899	0.17077789817420408
-0.31469029300690093	0.27332877418517426	-0.2470761948183879	0.09161331991876631	-0.1064433268867532	0.25062784823566747	-0.5116974686650977	0.27272359805868096	-0.09789220756869195	0.08228921313169552	-0.46927058299026136	0.9999999999999984	-0.3656718052168788	0.21040274375643955	-0.05706700113401458	0.2312881107604625	-0.31557855709272004	0.23974511388749828	-0.19298517013158903	0.0726288876993195	-0.22855569528318506	0.22062860269454165	-0.23163522945284543	0.16642004491599488	-0.20648174985429546
0.18165692311130024	-0.22133089626184135	0.2262900622102079	-0.0884019193421699	0.09782837069033722	-0.14189288216226373	0.23887566930571563	-0.42150211194116505	0.11318856005613492	-0.09787710508426413	0.19828800626546292	-0.3656718052168788	0.9999999999999996	-0.4952614119664823	0.06938852114179977	-0.16901114971248957	0.22149143579608668	-0.49242124764813655	0.2647944701171717	-0.08734641463669715	0.1569987380048109	-0.1967757947200325	0.2644349958860592	-0.21831903597784102	0.20457181837165925
-0.16542545762349384	0.1705085507836714	-0.1891180820595893	0.08389963519658467	-0.09602609120386915	0.11740942890540591	-0.17928686150050294	0.21225102155556	-0.16083509626240594	0.12341848973848703	-0.17038344189777357	0.21040274375643955	-0.4952614119664823	0.9999999999999986	-0.10301880448868539	0.1400090379241259	-0.17792734640834165	0.2645882780590172	-0.6495877030135656	0.11588968991473933	-0.13915050609973056	0.15485369787508552	-0.29640788360725645	0.26815675474862455	-0.2675904054052416
0.04956305123038809	-0.0592036769512718	0.06596617672483496	-0.06600239470837893	0.07494413800118528	-0.03496553418340474	0.05272232130731636	-0.06643920876699212	0.25843130418529686	-0.39993726448986794	0.04814437483719208	-0.05706700113401458	0.06938852114179977	-0.10301880448868539	0.9999999999999957	-0.03978456821927634	0.04340447558954544	-0.05783572833630044	0.08316570204792122	-0.8648381257248133	0.03834955624840041	-0.0408564230669566	0.0661788967673097	-0.06364402984031081	0.08544188915347008
-0.24894117689154704	0.1672396488708983	-0.14261064856013655	0.0582488090402657	-0.06759338573112157	0.1919017297307575	-0.17339662142368967	0.15249678866791203	-0.06547465865375954	0.056298347789394604	-0.4129233461680005	0.2312881107604625	-0.16901114971248957	0.1400090379241259	-0.03978456821927634	1.0000000000000018	-0.29516135486132006	0.1814713051397245	-0.13596410227261882	0.05118308197458766	-0.723367200279119	0.27206263995178775	-0.18950503482317707	0.12809374467312798	-0.15948698710527914
0.16513657188242042	-0.16553442449974545	0.14380323705736758	-0.05879510433790911	0.06709538197425036	-0.12983492503062602	0.17378462538169764	-0.17210053132997621	0.07012318867854386	-0.06094663335970051	0.19927108940941587	-0.31557855709272004	0.22149143579608668	-0.17792734640834165	0.04340447558954544	-0.29516135486132006	0.9999999999999997	-0.43305410790752386	0.16625811911656224	-0.05583868122791002	0.26436734532230116	-0.6929172455696232	0.23898455971267368	-0.15933023808945168	0.1628034856690076
-0.17291651668634914	0.1743861977723383	-0.18125468208212359	0.07218266818825621	-0.08306809921486158	0.12603468663924752	-0.18678808013251688	0.21224399014769812	-0.09205024647729089	0.07831799321853823	-0.18766410330252462	0.23974511388749828	-0.49242124764813655	0.2645882780590172	-0.05783572833630044	0.1814713051397245	-0.43305410790752386	0.9999999999999997	-0.3087007654271633	0.07303579474157854	-0.18874515653595808	0.24844657655781885	-0.538751361620355	0.24605137185445225	-0.2248609201886131
0.13887688598679981	-0.15530117104222702	0.14877864625672765	-0.0692557318346035	0.0778197247255966	-0.10197787764628048	0.1478852187400004	-0.1817417433734984	0.11598408276564186	-0.10397663179454844	0.14431613655992717	-0.19298517013158903	0.2647944701171717	-0.6495877030135656	0.08316570204792122	-0.13596410227261882	0.16625811911656224	-0.3087007654271633	1.0000000000000009	-0.10718894718215329	0.12695944988793814	-0.15916642782189105	0.27943754388332276	-0.5200528863954172	0.2566783074313135
-0.06522506172091556	0.07621420070734215	-0.08750149893097493	0.08703849218866604	-0.10388557435796822	0.04552068488596367	-0.06851590887625153	0.08479875696919158	-0.3560468041925532	0.2706746997199767	-0.06287329741434958	0.0726288876993195	-0.08734641463669715	0.11588968991473933	-0.8648381257248133	0.05118308197458766	-0.05583868122791002	0.07303579474157854	-0.10718894718215329	1.000000000000001	-0.04983341760179455	0.05221635584629639	-0.08612766605008682	0.08069039277520813	-0.11707342181761816
0.17353354122866815	-0.16193953147998896	0.128698247877501	-0.05384449710148328	0.061391340677100066	-0.1472374838702782	0.15203546305410437	-0.14654390081049173	0.06222414883482163	-0.05459262952793322	0.23186550936987083	-0.22855569528318506	0.1569987380048109	-0.13915050609973056	0.03834955624840041	-0.723367200279119	0.26436734532230116	-0.18874515653595808	0.12695944988793814	-0.04983341760179455	1.000000000000001	-0.49086048885631883	0.1738169019714631	-0.12567504490130096	0.14652672200807945
-0.17618436494515785	0.14914647121877167	-0.1375660477869856	0.056153209084099334	-0.06517936280051578	0.12876942132807323	-0.15915636472308287	0.14953978434066134	-0.06626688928583388	0.05671759971793286	-0.20896170265683728	0.22062860269454165	-0.1967757947200325	0.15485369787508552	-0.0408564230669566	0.27206263995178775	-0.6929172455696232	0.24844657655781885	-0.15916642782189105	0.05221635584629639	-0.49086048885631883	1.0000000000000009	-0.2618881466385279	0.1498689290194405	-0.16774623480229733
0.16654004896564703	-0.18450238817667203	0.1663921846789504	-0.07393310135952742	0.0835418065321864	-0.12398683238358105	0.1711677508800702	-0.20181998833331222	0.1003497383743075	-0.08963953604082057	0.1760298943364029	-0.23163522945284543	0.2644349958860592	-0.29640788360725645	0.0661788967673097	-0.18950503482317707	0.23898455971267368	-0.538751361620355	0.27943754388332276	-0.08612766605008682	0.1738169019714631	-0.2618881466385279	1.0000000000000009	-0.5284995878906995	0.28069612426200885
-0.1363632579495787	0.14002163946925192	-0.13729140577079058	0.0616030999696341	-0.07092288503524419	0.09659008815439898	-0.13406810988732062	0.15191789506682402	-0.09119422838071974	0.07858621296225753	-0.1390149814611899	0.16642004491599488	-0.21831903597784102	0.26815675474862455	-0.06364402984031081	0.12809374467312798	-0.15933023808945168	0.24605137185445225	-0.5200528863954172	0.08069039277520813	-0.12567504490130096	0.1498689290194405	-0.5284995878906995	1.0000000000000009	-0.5255949129614379
0.17305550204883546	-0.18936982264009658	0.16527553660307331	-0.08003838537169514	0.09113521501760585	-0.1229696916689262	0.16286783014712758	-0.18516819748184385	0.11619789874233308	-0.10607575117872828	0.17077789817420408	-0.20648174985429546	0.20457181837165925	-0.2675904054052416	0.08544188915347008	-0.15948698710527914	0.1628034856690076	-0.2248609201886131	0.2566783074313135	-0.11707342181761816	0.14652672200807945	-0.16774623480229733	0.28069612426200885	-0.5255949129614379	1.000000000000001
