1.0	-0.5254573053391296	0.23317190187634834	-0.09612036485041338	0.0775411264567068	-0.5902903989768927	0.30080485327636475	-0.2735136863656147	0.11496620519257139	-0.1194324544339011	0.26639116097537163	-0.24894845480148836	0.24715212678809517	-0.09831348979314317	0.08099059689429322	-0.23527428947857	0.17331941589966687	-0.22602863894411845	0.10806017939433125	-0.1223672864183549	0.10310587390011274	-0.12043319936254371	0.10838090142445134	-0.061235014727364444	0.07442009743942354	-0.07057011611061069	0.06912035828662172	-0.13418024876456602	0.06826325530561632	-0.07754475314327049	0.026675995425871474	-0.05551888514022597	0.05752326696971006	-0.056201852717633456	0.04837263286873787	-0.023828632100840942	0.038714582147551746	-0.042873610556798294	0.05413069920565025	-0.07297254770201789
-0.5254573053391296	1.0000000000000002	-0.5103291129052133	0.0812915483221017	-0.06648696049920422	0.2636414082482888	-0.4997184317562196	0.2834846134634669	-0.10546896402248633	0.09878037564459409	-0.20474613098352615	0.23605723129516534	-0.28044675970134114	0.0709428910237365	-0.05957148000277456	0.15209914496695487	-0.12492976994916732	0.1474111871837191	-0.07553638422829106	0.0826681249892743	-0.06951162914138634	0.0786719957927073	-0.07184289216654144	0.04074132936335534	-0.05019578800898186	0.04659323741583689	-0.04641267485656998	0.08668808058821424	-0.04559180307072627	0.051052571394516855	-0.01779081586270945	0.036655661784167785	-0.03824086474309877	0.03718987600486019	-0.031978722282075316	0.01583628268679754	-0.02577634487514557	0.028404932785479488	-0.036124040188146085	0.047946381629497485
0.23317190187634834	-0.5103291129052133	1.0000000000000004	-0.11215495640544329	0.084116767975083	-0.17542850160443843	0.2272257503066018	-0.7340072902910436	0.1436037648822825	-0.13450509934832178	0.14556909355692374	-0.18731012591198914	0.2369638214604592	-0.07516289139460494	0.06253769422980245	-0.1284300167057693	0.10488063436928526	-0.13640450669774992	0.07412550802863142	-0.0817000301381235	0.05996516184781907	-0.0695673561380351	0.0656751163714637	-0.03797987844196533	0.046842885720858235	-0.04125604127237782	0.040968811185181066	-0.08026658363285975	0.04239985190474828	-0.04798678278501937	0.0163859035340516	-0.034152884655892314	0.035565417815660305	-0.034746083598471526	0.02996263231563328	-0.014611810253242544	0.023937857002965763	-0.026474793316635766	0.03364408015322572	-0.04506790903982691
-0.09612036485041338	0.0812915483221017	-0.11215495640544329	1.0000000000000004	-0.7511972226568963	0.06809339376078175	-0.08747185783664098	0.12744041336350612	-0.5328417557834944	0.32420331966686056	-0.07241336815743228	0.07245043432598972	-0.11863310049781851	0.11252505669233655	-0.10513752292824476	0.0635633064060626	-0.06608958036830573	0.08329052439727358	-0.08721692773213431	0.0837590537928361	-0.033528480971917914	0.037744867159529245	-0.04129632204291243	0.026750844830581464	-0.03516785693948031	0.02311865384255585	-0.023918902040533232	0.047234915875646745	-0.02973876382000106	0.03269042375354093	-0.01082768491400618	0.022519083621014208	-0.024121595406554015	0.023573994437809526	-0.020454478440940057	0.009578387320725044	-0.016192385837940484	0.01779771616532358	-0.023295113125330898	0.030192303021964153
0.0775411264567068	-0.06648696049920422	0.084116767975083	-0.7511972226568963	1.0000000000000007	-0.056970705698131084	0.07049120647128672	-0.10208447246327103	0.31196726377060346	-0.5642038383369075	0.060650464815563854	-0.0601021621297229	0.09524237243478612	-0.09458640094729592	0.08633352053422845	-0.05583782822883462	0.057106687378281715	-0.07530010816084579	0.07260568709748978	-0.07553520947901238	0.02976151007452994	-0.033880939314118175	0.03734133187488403	-0.024499465995719425	0.03212553160147629	-0.020792659638191897	0.021441275977554953	-0.04342366424496636	0.027295454196731923	-0.030515834228957463	0.010002264508417857	-0.020990170253780124	0.022321158940824183	-0.021891863123352878	0.019051939926774255	-0.008864128615762322	0.015015798102046663	-0.01654010692604097	0.021587009987234614	-0.028294631183492625
-0.5902903989768927	0.2636414082482888	-0.17542850160443843	0.06809339376078175	-0.056970705698131084	1.0000000000000007	-0.4393631854280871	0.180797485748732	-0.08419784710284028	0.08403972663559713	-0.5316539232507119	0.2687070486469155	-0.2631774737169954	0.07485424721256442	-0.0626957514245043	0.2247689275013153	-0.1796007681643303	0.17716498234147368	-0.08565007933694216	0.09242802102780129	-0.09605416829580671	0.10252429507696549	-0.08758205216136476	0.04782219889151062	-0.05859349806227197	0.060338932551558075	-0.06022712723634636	0.10317879387068925	-0.053480165894681214	0.05878535490390063	-0.021162247464961842	0.04271368279722812	-0.044704822655559744	0.04319464665609955	-0.036948480212163425	0.0187870979350714	-0.030168459745203123	0.03306971142130291	-0.04204150096023224	0.05508120216467524
0.30080485327636475	-0.4997184317562196	0.2272257503066018	-0.08747185783664098	0.07049120647128672	-0.4393631854280871	0.9999999999999996	-0.2679500667363184	0.10630249805104534	-0.10863990998624591	0.2743445848901229	-0.5405290182094282	0.2936052163340147	-0.08754782387752161	0.0722979122757239	-0.2131612698404663	0.16213411223878021	-0.19838115672944698	0.095695811964902	-0.10682008216741111	0.09230706012931303	-0.10591457978998514	0.09480935501932869	-0.05309797363797319	0.06464173005922215	-0.06208563045708317	0.061082453341306985	-0.11585053182468949	0.05915764140430899	-0.06660571431936786	0.023106182688814328	-0.04777483373833739	0.049675614006785704	-0.048420247556403916	0.041609706328452144	-0.0206101831825262	0.03342439853210117	-0.03694098148764207	0.04673129170064786	-0.06256390045732985
-0.2735136863656147	0.2834846134634669	-0.7340072902910436	0.12744041336350612	-0.10208447246327103	0.180797485748732	-0.2679500667363184	1.0000000000000002	-0.22041062145125695	0.1547386595721461	-0.16795130433764918	0.20768838696473624	-0.4001677900543549	0.08610710316842543	-0.07297231642606672	0.13451021479667546	-0.11579640804211438	0.14167724791030084	-0.08241573596550014	0.08775895150481224	-0.06372295007401742	0.07245376025046578	-0.06890082171945976	0.03992811126627986	-0.04975110712288004	0.04322117819883761	-0.043366642074518756	0.08253506602761404	-0.044663720877058576	0.04992207968615097	-0.01721577974992622	0.0355916668707097	-0.03728663427967105	0.03629728824413251	-0.03126716987343294	0.015311451784760483	-0.025112327886232865	0.027672284230445335	-0.03536196120074857	0.046782843938933685
0.11496620519257139	-0.10546896402248633	0.1436037648822825	-0.5328417557834944	0.31196726377060346	-0.08419784710284028	0.10630249805104534	-0.22041062145125695	0.9999999999999992	-0.6920598072113494	0.08811834625007572	-0.09066309406870915	0.14428190743343544	-0.20886330402036993	0.1512452607676242	-0.0805311448474041	0.08327148889451279	-0.11111092228570742	0.12229355618567948	-0.12241919897877361	0.04216074446073194	-0.04781221013701917	0.053096368199155676	-0.0340807747226985	0.044268252602100745	-0.029106072449405038	0.030006129732900295	-0.060862318116042737	0.037307200708937796	-0.041112783333393396	0.013361928627657069	-0.02792371208444286	0.029974637210218712	-0.029452054760710167	0.025547570394846578	-0.011841801971955723	0.019998836746498057	-0.022090879908734005	0.028796727113693483	-0.03771941996777292
-0.1194324544339011	0.09878037564459409	-0.13450509934832178	0.32420331966686056	-0.5642038383369075	0.08403972663559713	-0.10863990998624591	0.1547386595721461	-0.6920598072113494	1.0	-0.09022188859111181	0.08968443693039685	-0.1488478267242773	0.15092836488788913	-0.1527889711883927	0.07847958401460978	-0.08314232822372843	0.10359433689929172	-0.11572484079059812	0.11117653528020732	-0.04151012473779812	0.04650841065973099	-0.05132114570814855	0.03340780410141729	-0.04411113408259928	0.028500803179652884	-0.029576840408259485	0.058124441556636604	-0.037013422348076204	0.040399059095892025	-0.013356369999927174	0.027708639019131523	-0.029822578620159402	0.029139108040767598	-0.02527108256901082	0.011804514665529233	-0.019985091338565637	0.021956114118872584	-0.02881286565101772	0.0371733863291759
0.26639116097537163	-0.20474613098352615	0.14556909355692374	-0.07241336815743228	0.060650464815563854	-0.5316539232507119	0.2743445848901229	-0.16795130433764918	0.08811834625007572	-0.09022188859111181	1.0000000000000004	-0.44048835684208226	0.2677351184557514	-0.09500667311699895	0.07801469558311033	-0.4980960809046436	0.24279365490660448	-0.25450629197825453	0.1114880624283512	-0.12221368908030554	0.14163134143325862	-0.1544192809175151	0.11919874022337708	-0.06256549256780594	0.07481283733931499	-0.08767951537947688	0.08384735446580845	-0.14240392455898654	0.06906917991610767	-0.07560537983998644	0.0274103053428575	-0.05499154285452727	0.05746089109488431	-0.05559608410189036	0.04733085433968845	-0.02439797369517413	0.03861124783579547	-0.042448891596351214	0.05347616573083103	-0.07054830682936489
-0.24894845480148836	0.23605723129516534	-0.18731012591198914	0.07245043432598972	-0.0601021621297229	0.2687070486469155	-0.5405290182094282	0.20768838696473624	-0.09066309406870915	0.08968443693039685	-0.44048835684208226	1.0000000000000004	-0.5870709024197707	0.08087580116901606	-0.06722761112420476	0.216738423691296	-0.18294410473182893	0.18671463574544306	-0.09019314931986741	0.09739059321277861	-0.09284913943041431	0.10148566174041365	-0.08949205491362719	0.04891430113302446	-0.0597008618960845	0.05954367410423217	-0.059240421086927154	0.10609731334438452	-0.05450566210229131	0.06023995803453928	-0.021342990771067483	0.04347199299067434	-0.04549614724493709	0.04410057647922597	-0.037764835899182655	0.018978474836328755	-0.030613344745055684	0.033678769784878576	-0.04274816957759759	0.05641289279682642
0.24715212678809517	-0.28044675970134114	0.2369638214604592	-0.11863310049781851	0.09524237243478612	-0.2631774737169954	0.2936052163340147	-0.4001677900543549	0.14428190743343544	-0.1488478267242773	0.2677351184557514	-0.5870709024197707	1.0	-0.13391296494913688	0.10713105182156187	-0.26598753489067883	0.20701592873301108	-0.298295133844485	0.14053119174203477	-0.15867296977536816	0.12034494283856692	-0.14251348964794752	0.13552962464907115	-0.07639104889394101	0.09249057519098598	-0.08371236407417476	0.08223334354732277	-0.1680157135940981	0.0847962914340943	-0.09653846351912816	0.03266441145138659	-0.06857544108753436	0.0712155242149918	-0.06976244639820177	0.060081406111051124	-0.029211041878202344	0.04773687622115357	-0.05305397497200663	0.06693671559813028	-0.09070200582042867
-0.09831348979314317	0.0709428910237365	-0.07516289139460494	0.11252505669233655	-0.09458640094729592	0.07485424721256442	-0.08754782387752161	0.08610710316842543	-0.20886330402036993	0.15092836488788913	-0.09500667311699895	0.08087580116901606	-0.13391296494913688	0.9999999999999994	-0.7528602824926842	0.09188449883661619	-0.12752250935368428	0.16991978799797713	-0.47929826351293525	0.3142268935305	-0.05174923905440341	0.05660505229867195	-0.07683771537994039	0.05112835891264587	-0.06751129612906874	0.034693518378472156	-0.03712899432812837	0.07749488356950662	-0.05241612951390715	0.05416964530535648	-0.016299048469903658	0.03393768294601588	-0.03834662629373928	0.03816865730062519	-0.0330430291766668	0.01439201231105375	-0.02476133162100109	0.0276082729716257	-0.03659407971467141	0.04729936462677073
0.08099059689429322	-0.05957148000277456	0.06253769422980245	-0.10513752292824476	0.08633352053422845	-0.0626957514245043	0.0722979122757239	-0.07297231642606672	0.1512452607676242	-0.1527889711883927	0.07801469558311033	-0.06722761112420476	0.10713105182156187	-0.7528602824926842	0.9999999999999991	-0.07873097805883258	0.10296424073850953	-0.1509488652214857	0.3016967932491778	-0.5328980462844503	0.04445430358680997	-0.04944419669876215	0.06694414783992421	-0.04945969642856365	0.06646709020056986	-0.03032779790517382	0.03224710200855173	-0.07047694310678722	0.04882515052350848	-0.05329195812876816	0.014870290636237949	-0.03151879580184054	0.035480758844411424	-0.03617868604836018	0.03167312920460861	-0.013175904094084291	0.022830679835101033	-0.025716851732502197	0.034028645847098214	-0.045610409524367
-0.23527428947857	0.15209914496695487	-0.1284300167057693	0.0635633064060626	-0.05583782822883462	0.2247689275013153	-0.2131612698404663	0.13451021479667546	-0.0805311448474041	0.07847958401460978	-0.4980960809046436	0.216738423691296	-0.26598753489067883	0.09188449883661619	-0.07873097805883258	0.9999999999999997	-0.6075970949046804	0.2697575594270872	-0.12210121828456368	0.11749280618842604	-0.2865708788028113	0.2116174367543438	-0.1408174270621366	0.0666400386020304	-0.08075405289217724	0.12157981765327099	-0.12113744107491983	0.14662520822338165	-0.07401505507186835	0.07513451358292232	-0.030833177450638873	0.05704594937214512	-0.060516933150901044	0.05703515888256645	-0.04784735407488882	0.027050596847026535	-0.041133530249562844	0.044011435538709606	-0.05608311156112763	0.06942179625003278
0.17331941589966687	-0.12492976994916732	0.10488063436928526	-0.06608958036830573	0.057106687378281715	-0.1796007681643303	0.16213411223878021	-0.11579640804211438	0.08327148889451279	-0.08314232822372843	0.24279365490660448	-0.18294410473182893	0.20701592873301108	-0.12752250935368428	0.10296424073850953	-0.6075970949046804	1.0000000000000007	-0.5860005791233426	0.17179032779621742	-0.17328708666274575	0.18058085205549915	-0.20789372956107166	0.17998482801557797	-0.081269167521957	0.09356390356593307	-0.10880572465102513	0.1073253270938672	-0.19681213682662027	0.0867544833712422	-0.0880772370158042	0.03202063014624573	-0.06320696768160705	0.06888063593624302	-0.06601647222342431	0.05519594553040719	-0.028391535847616466	0.044970308676362425	-0.04964094357696267	0.06267993296905425	-0.08020919388527986
-0.22602863894411845	0.1474111871837191	-0.13640450669774992	0.08329052439727358	-0.07530010816084579	0.17716498234147368	-0.19838115672944698	0.14167724791030084	-0.11111092228570742	0.10359433689929172	-0.25450629197825453	0.18671463574544306	-0.298295133844485	0.16991978799797713	-0.1509488652214857	0.2697575594270872	-0.5860005791233426	1.0000000000000002	-0.35653977662548947	0.2197827867697777	-0.15445705555971284	0.1631833072802257	-0.3282343538598325	0.11019442879035411	-0.13148445826322258	0.09684571476513021	-0.10639648105173509	0.23285438076633153	-0.11880663579210064	0.10996665561402798	-0.0380572763131404	0.07658057388586963	-0.0890351772510702	0.08388262862881832	-0.06994255967466866	0.033469567486893045	-0.05617129698726646	0.06216428514740528	-0.08102788813741264	0.09867457146367892
0.10806017939433125	-0.07553638422829106	0.07412550802863142	-0.08721692773213431	0.07260568709748978	-0.08565007933694216	0.095695811964902	-0.08241573596550014	0.12229355618567948	-0.11572484079059812	0.1114880624283512	-0.09019314931986741	0.14053119174203477	-0.47929826351293525	0.3016967932491778	-0.12210121828456368	0.17179032779621742	-0.35653977662548947	1.000000000000001	-0.6956593500920659	0.06828301921618463	-0.07606834312467917	0.11353720979960066	-0.07573460492793774	0.09356230989580397	-0.04592442543296311	0.04907255666582034	-0.11471204043102787	0.07205594951110698	-0.07425664452711968	0.02114833662462179	-0.04446858176047828	0.05088378365952199	-0.05146726561031079	0.04442319290045471	-0.018737031567709832	0.03226114897751935	-0.03644353961799807	0.047970642442457814	-0.063337064691283
-0.1223672864183549	0.0826681249892743	-0.0817000301381235	0.0837590537928361	-0.07553520947901238	0.09242802102780129	-0.10682008216741111	0.08775895150481224	-0.12241919897877361	0.11117653528020732	-0.12221368908030554	0.09739059321277861	-0.15867296977536816	0.3142268935305	-0.5328980462844503	0.11749280618842604	-0.17328708666274575	0.2197827867697777	-0.6956593500920659	1.0000000000000016	-0.06788554260379176	0.07344653771526558	-0.10401922145049006	0.07808917625026834	-0.11397004771630345	0.045321525736083904	-0.04900871234993941	0.10199811915758202	-0.07661400346537202	0.08000181870218515	-0.022390009001786497	0.0468625602051726	-0.05374880699295232	0.054583577683930316	-0.047716795651074555	0.019768460790943375	-0.03435897304993616	0.03857152904209234	-0.051600427081537524	0.06755841685984643
0.10310587390011274	-0.06951162914138634	0.05996516184781907	-0.033528480971917914	0.02976151007452994	-0.09605416829580671	0.09230706012931303	-0.06372295007401742	0.04216074446073194	-0.04151012473779812	0.14163134143325862	-0.09284913943041431	0.12034494283856692	-0.05174923905440341	0.04445430358680997	-0.2865708788028113	0.18058085205549915	-0.15445705555971284	0.06828301921618463	-0.06788554260379176	1.000000000000002	-0.7867894646845249	0.1577229831458893	-0.06168682935572831	0.06759617303013066	-0.39026170797941767	0.2690608741969979	-0.16813178930570008	0.06636282068540962	-0.06320920444569687	0.039747616473559275	-0.05840396626632293	0.056177329972342815	-0.05092181104218611	0.04094136734950616	-0.03486871395993606	0.04168101437845959	-0.0415400352097207	0.05012098382491502	-0.05835324167873998
-0.12043319936254371	0.0786719957927073	-0.0695673561380351	0.037744867159529245	-0.033880939314118175	0.10252429507696549	-0.10591457978998514	0.07245376025046578	-0.04781221013701917	0.04650841065973099	-0.1544192809175151	0.10148566174041365	-0.14251348964794752	0.05660505229867195	-0.04944419669876215	0.2116174367543438	-0.20789372956107166	0.1631833072802257	-0.07606834312467917	0.07344653771526558	-0.7867894646845249	0.9999999999999993	-0.22509516501973406	0.0719225087808556	-0.07984501305196452	0.2669577186358958	-0.3725391153825058	0.1824263845237362	-0.07781823533803986	0.07104074159826207	-0.04137868040188159	0.06455067866213596	-0.06418262190290852	0.05756817589848697	-0.04630627992629898	0.03565445694010109	-0.04685264322413918	0.046491012340934085	-0.057271226979832904	0.0651727684947709
0.10838090142445134	-0.07184289216654144	0.0656751163714637	-0.04129632204291243	0.03734133187488403	-0.08758205216136476	0.09480935501932869	-0.06890082171945976	0.053096368199155676	-0.05132114570814855	0.11919874022337708	-0.08949205491362719	0.13552962464907115	-0.07683771537994039	0.06694414783992421	-0.1408174270621366	0.17998482801557797	-0.3282343538598325	0.11353720979960066	-0.10401922145049006	0.1577229831458893	-0.22509516501973406	1.000000000000001	-0.21047997708528574	0.1617465886650402	-0.1137349453473632	0.1294871806611912	-0.8198121216861503	0.1763265678131497	-0.1389089258721421	0.04246843712245199	-0.09218342581317408	0.1183538125017161	-0.11239181537738097	0.08663833638714441	-0.03797456119866992	0.06536347491304016	-0.0781364319822859	0.09525172124490694	-0.1187953500247115
-0.061235014727364444	0.04074132936335534	-0.03797987844196533	0.026750844830581464	-0.024499465995719425	0.04782219889151062	-0.05309797363797319	0.03992811126627986	-0.0340807747226985	0.03340780410141729	-0.06256549256780594	0.04891430113302446	-0.07639104889394101	0.05112835891264587	-0.04945969642856365	0.0666400386020304	-0.081269167521957	0.11019442879035411	-0.07573460492793774	0.07808917625026834	-0.06168682935572831	0.0719225087808556	-0.21047997708528574	0.9999999999999984	-0.6360977472265007	0.04725595928605431	-0.05345515246224044	0.18326873309459948	-0.6425490209713608	0.2674534011610328	-0.04722687321707325	0.10930998066763158	-0.15218590627119433	0.18840407739120907	-0.154982899766552	0.0422552463924815	-0.08232515250850601	0.10091282417313713	-0.14635924206181286	0.18926259570370535
0.07442009743942354	-0.05019578800898186	0.046842885720858235	-0.03516785693948031	0.03212553160147629	-0.05859349806227197	0.06464173005922215	-0.04975110712288004	0.044268252602100745	-0.04411113408259928	0.07481283733931499	-0.0597008618960845	0.09249057519098598	-0.06751129612906874	0.06646709020056986	-0.08075405289217724	0.09356390356593307	-0.13148445826322258	0.09356230989580397	-0.11397004771630345	0.06759617303013066	-0.07984501305196452	0.1617465886650402	-0.6360977472265007	1.0000000000000004	-0.054565720782054704	0.05986814264237667	-0.1849854240095124	0.3248468717960491	-0.5104474696844035	0.06398851515893661	-0.15661206618497178	0.1840475192289657	-0.24167582777764984	0.23095280697246026	-0.058042893886317976	0.11118312204254281	-0.1374143373455094	0.18706960525288024	-0.3235679573431099
-0.07057011611061069	0.04659323741583689	-0.04125604127237782	0.02311865384255585	-0.020792659638191897	0.060338932551558075	-0.06208563045708317	0.04322117819883761	-0.029106072449405038	0.028500803179652884	-0.08767951537947688	0.05954367410423217	-0.08371236407417476	0.034693518378472156	-0.03032779790517382	0.12157981765327099	-0.10880572465102513	0.09684571476513021	-0.04592442543296311	0.045321525736083904	-0.39026170797941767	0.2669577186358958	-0.1137349453473632	0.04725595928605431	-0.054565720782054704	0.999999999999999	-0.8595086785262237	0.12238945690417216	-0.053927263655544865	0.05078344297580741	-0.06528490244656251	0.06773132466013178	-0.05328166298279485	0.04437074381327607	-0.03458385209570311	0.053200692280626606	-0.04947939298461901	0.041814589048154896	-0.0480098756293806	0.04863736637038861
0.06912035828662172	-0.04641267485656998	0.040968811185181066	-0.023918902040533232	0.021441275977554953	-0.06022712723634636	0.061082453341306985	-0.043366642074518756	0.030006129732900295	-0.029576840408259485	0.08384735446580845	-0.059240421086927154	0.08223334354732277	-0.03712899432812837	0.03224710200855173	-0.12113744107491983	0.1073253270938672	-0.10639648105173509	0.04907255666582034	-0.04900871234993941	0.2690608741969979	-0.3725391153825058	0.1294871806611912	-0.05345515246224044	0.05986814264237667	-0.8595086785262237	0.9999999999999991	-0.15950263070205828	0.060158935666542075	-0.05692704747904222	0.06094429010750513	-0.07761157033350354	0.05893739274507686	-0.049532744725665115	0.038455106263903	-0.05388471564789496	0.05296635449836413	-0.045874048596775574	0.05231888244510084	-0.05429193116820353
-0.13418024876456602	0.08668808058821424	-0.08026658363285975	0.047234915875646745	-0.04342366424496636	0.10317879387068925	-0.11585053182468949	0.08253506602761404	-0.060862318116042737	0.058124441556636604	-0.14240392455898654	0.10609731334438452	-0.1680157135940981	0.07749488356950662	-0.07047694310678722	0.14662520822338165	-0.19681213682662027	0.23285438076633153	-0.11471204043102787	0.10199811915758202	-0.16813178930570008	0.1824263845237362	-0.8198121216861503	0.18326873309459948	-0.1849854240095124	0.12238945690417216	-0.15950263070205828	0.9999999999999996	-0.22411181735240146	0.14872564901954954	-0.04949540762950365	0.10472699563559539	-0.1554416414316234	0.12830131451873694	-0.09757197110193438	0.043755753533797695	-0.07709066385609081	0.09080676580092828	-0.1131055321695704	0.12902084833407332
0.06826325530561632	-0.04559180307072627	0.04239985190474828	-0.02973876382000106	0.027295454196731923	-0.053480165894681214	0.05915764140430899	-0.044663720877058576	0.037307200708937796	-0.037013422348076204	0.06906917991610767	-0.05450566210229131	0.0847962914340943	-0.05241612951390715	0.04882515052350848	-0.07401505507186835	0.0867544833712422	-0.11880663579210064	0.07205594951110698	-0.07661400346537202	0.06636282068540962	-0.07781823533803986	0.1763265678131497	-0.6425490209713608	0.3248468717960491	-0.053927263655544865	0.060158935666542075	-0.22411181735240146	0.9999999999999984	-0.4492422601256014	0.06428348042608834	-0.1567050740273203	0.20690903829067842	-0.3531237099513418	0.23047442930933537	-0.05823567561190951	0.11363710665010565	-0.14468734055756347	0.20020744399492915	-0.29188539336149955
-0.07754475314327049	0.051052571394516855	-0.04798678278501937	0.03269042375354093	-0.030515834228957463	0.05878535490390063	-0.06660571431936786	0.04992207968615097	-0.041112783333393396	0.040399059095892025	-0.07560537983998644	0.06023995803453928	-0.09653846351912816	0.05416964530535648	-0.05329195812876816	0.07513451358292232	-0.0880772370158042	0.10996665561402798	-0.07425664452711968	0.08000181870218515	-0.06320920444569687	0.07104074159826207	-0.1389089258721421	0.2674534011610328	-0.5104474696844035	0.05078344297580741	-0.05692704747904222	0.14872564901954954	-0.4492422601256014	0.9999999999999999	-0.07787224530835106	0.1658821185043293	-0.25413144282172156	0.27951151715480993	-0.5256777724766422	0.06796885776357608	-0.13915899803341025	0.1634462687536412	-0.270246109097605	0.3101829491813737
0.026675995425871474	-0.01779081586270945	0.0163859035340516	-0.01082768491400618	0.010002264508417857	-0.021162247464961842	0.023106182688814328	-0.01721577974992622	0.013361928627657069	-0.013356369999927174	0.0274103053428575	-0.021342990771067483	0.03266441145138659	-0.016299048469903658	0.014870290636237949	-0.030833177450638873	0.03202063014624573	-0.0380572763131404	0.02114833662462179	-0.022390009001786497	0.039747616473559275	-0.04137868040188159	0.04246843712245199	-0.04722687321707325	0.06398851515893661	-0.06528490244656251	0.06094429010750513	-0.04949540762950365	0.06428348042608834	-0.07787224530835106	0.9999999999999978	-0.32226919748876476	0.13230571570961516	-0.0958097522301681	0.06503263504517491	-0.8900973112266274	0.24669571574856586	-0.1676255813609145	0.1287440790603589	-0.09552138253049802
-0.05551888514022597	0.036655661784167785	-0.034152884655892314	0.022519083621014208	-0.020990170253780124	0.04271368279722812	-0.04777483373833739	0.0355916668707097	-0.02792371208444286	0.027708639019131523	-0.05499154285452727	0.04347199299067434	-0.06857544108753436	0.03393768294601588	-0.03151879580184054	0.05704594937214512	-0.06320696768160705	0.07658057388586963	-0.04446858176047828	0.0468625602051726	-0.05840396626632293	0.06455067866213596	-0.09218342581317408	0.10930998066763158	-0.15661206618497178	0.06773132466013178	-0.07761157033350354	0.10472699563559539	-0.1567050740273203	0.1658821185043293	-0.32226919748876476	0.9999999999999992	-0.4428948884465814	0.22469212556234563	-0.1506954949814235	0.2342863030513918	-0.6427583183227423	0.31056813124187665	-0.3503670062662605	0.1947876717121554
0.05752326696971006	-0.03824086474309877	0.035565417815660305	-0.024121595406554015	0.022321158940824183	-0.044704822655559744	0.049675614006785704	-0.03728663427967105	0.029974637210218712	-0.029822578620159402	0.05746089109488431	-0.04549614724493709	0.0712155242149918	-0.03834662629373928	0.035480758844411424	-0.060516933150901044	0.06888063593624302	-0.0890351772510702	0.05088378365952199	-0.05374880699295232	0.056177329972342815	-0.06418262190290852	0.1183538125017161	-0.15218590627119433	0.1840475192289657	-0.05328166298279485	0.05893739274507686	-0.1554416414316234	0.20690903829067842	-0.25413144282172156	0.13230571570961516	-0.4428948884465814	1.0000000000000002	-0.5577608568934259	0.23233987378127172	-0.12530837929505367	0.2607887961928517	-0.4664021461151191	0.31975374201025186	-0.31568517632694443
-0.056201852717633456	0.03718987600486019	-0.034746083598471526	0.023573994437809526	-0.021891863123352878	0.04319464665609955	-0.048420247556403916	0.03629728824413251	-0.029452054760710167	0.029139108040767598	-0.05559608410189036	0.04410057647922597	-0.06976244639820177	0.03816865730062519	-0.03617868604836018	0.05703515888256645	-0.06601647222342431	0.08388262862881832	-0.05146726561031079	0.054583577683930316	-0.05092181104218611	0.05756817589848697	-0.11239181537738097	0.18840407739120907	-0.24167582777764984	0.04437074381327607	-0.049532744725665115	0.12830131451873694	-0.3531237099513418	0.27951151715480993	-0.0958097522301681	0.22469212556234563	-0.5577608568934259	0.9999999999999994	-0.4436279936706762	0.08564030360746522	-0.18548847628195286	0.24846435162916897	-0.45056322449924807	0.3065111466541082
0.04837263286873787	-0.031978722282075316	0.02996263231563328	-0.020454478440940057	0.019051939926774255	-0.036948480212163425	0.041609706328452144	-0.03126716987343294	0.025547570394846578	-0.02527108256901082	0.04733085433968845	-0.037764835899182655	0.060081406111051124	-0.0330430291766668	0.03167312920460861	-0.04784735407488882	0.05519594553040719	-0.06994255967466866	0.04442319290045471	-0.047716795651074555	0.04094136734950616	-0.04630627992629898	0.08663833638714441	-0.154982899766552	0.23095280697246026	-0.03458385209570311	0.038455106263903	-0.09757197110193438	0.23047442930933537	-0.5256777724766422	0.06503263504517491	-0.1506954949814235	0.23233987378127172	-0.4436279936706762	0.9999999999999997	-0.05809803021315092	0.11992787013416988	-0.15499450893535385	0.24558951101642576	-0.644827635158195
-0.023828632100840942	0.01583628268679754	-0.014611810253242544	0.009578387320725044	-0.008864128615762322	0.0187870979350714	-0.0206101831825262	0.015311451784760483	-0.011841801971955723	0.011804514665529233	-0.02439797369517413	0.018978474836328755	-0.029211041878202344	0.01439201231105375	-0.013175904094084291	0.027050596847026535	-0.028391535847616466	0.033469567486893045	-0.018737031567709832	0.019768460790943375	-0.03486871395993606	0.03565445694010109	-0.03797456119866992	0.0422552463924815	-0.058042893886317976	0.053200692280626606	-0.05388471564789496	0.043755753533797695	-0.05823567561190951	0.06796885776357608	-0.8900973112266274	0.2342863030513918	-0.12530837929505367	0.08564030360746522	-0.05809803021315092	1.0000000000000009	-0.34625470040090595	0.155071650597673	-0.12915321053602663	0.08277812435135695
0.038714582147551746	-0.02577634487514557	0.023937857002965763	-0.016192385837940484	0.015015798102046663	-0.030168459745203123	0.03342439853210117	-0.025112327886232865	0.019998836746498057	-0.019985091338565637	0.03861124783579547	-0.030613344745055684	0.04773687622115357	-0.02476133162100109	0.022830679835101033	-0.041133530249562844	0.044970308676362425	-0.05617129698726646	0.03226114897751935	-0.03435897304993616	0.04168101437845959	-0.04685264322413918	0.06536347491304016	-0.08232515250850601	0.11118312204254281	-0.04947939298461901	0.05296635449836413	-0.07709066385609081	0.11363710665010565	-0.13915899803341025	0.24669571574856586	-0.6427583183227423	0.2607887961928517	-0.18548847628195286	0.11992787013416988	-0.34625470040090595	1.0	-0.5393029177842471	0.25914708181157853	-0.17590792071424077
-0.042873610556798294	0.028404932785479488	-0.026474793316635766	0.01779771616532358	-0.01654010692604097	0.03306971142130291	-0.03694098148764207	0.027672284230445335	-0.022090879908734005	0.021956114118872584	-0.042448891596351214	0.033678769784878576	-0.05305397497200663	0.0276082729716257	-0.025716851732502197	0.044011435538709606	-0.04964094357696267	0.06216428514740528	-0.03644353961799807	0.03857152904209234	-0.0415400352097207	0.046491012340934085	-0.0781364319822859	0.10091282417313713	-0.1374143373455094	0.041814589048154896	-0.045874048596775574	0.09080676580092828	-0.14468734055756347	0.1634462687536412	-0.1676255813609145	0.31056813124187665	-0.4664021461151191	0.24846435162916897	-0.15499450893535385	0.155071650597673	-0.5393029177842471	1.0000000000000007	-0.5733469238541283	0.20903820064163212
0.05413069920565025	-0.036124040188146085	0.03364408015322572	-0.023295113125330898	0.021587009987234614	-0.04204150096023224	0.04673129170064786	-0.03536196120074857	0.028796727113693483	-0.02881286565101772	0.05347616573083103	-0.04274816957759759	0.06693671559813028	-0.03659407971467141	0.034028645847098214	-0.05608311156112763	0.06267993296905425	-0.08102788813741264	0.047970642442457814	-0.051600427081537524	0.05012098382491502	-0.057271226979832904	0.09525172124490694	-0.14635924206181286	0.18706960525288024	-0.0480098756293806	0.05231888244510084	-0.1131055321695704	0.20020744399492915	-0.270246109097605	0.1287440790603589	-0.3503670062662605	0.31975374201025186	-0.45056322449924807	0.24558951101642576	-0.12915321053602663	0.25914708181157853	-0.5733469238541283	1.0000000000000013	-0.4160734531176721
-0.07297254770201789	0.047946381629497485	-0.04506790903982691	0.030192303021964153	-0.028294631183492625	0.05508120216467524	-0.06256390045732985	0.046782843938933685	-0.03771941996777292	0.0371733863291759	-0.07054830682936489	0.05641289279682642	-0.09070200582042867	0.04729936462677073	-0.045610409524367	0.06942179625003278	-0.08020919388527986	0.09867457146367892	-0.063337064691283	0.06755841685984643	-0.05835324167873998	0.0651727684947709	-0.1187953500247115	0.18926259570370535	-0.3235679573431099	0.04863736637038861	-0.05429193116820353	0.12902084833407332	-0.29188539336149955	0.3101829491813737	-0.09552138253049802	0.1947876717121554	-0.31568517632694443	0.3065111466541082	-0.644827635158195	0.08277812435135695	-0.17590792071424077	0.20903820064163212	-0.4160734531176721	1.000000000000001
