1.0	-0.7139850984692075	0.2065107810821675	-0.03536019455420639	0.03336772427200117	-0.5823305883054376	0.2506663954373434	-0.17155507115084273	0.06083819652940306	-0.06061182653717198	0.1650503825375824	-0.1769662972244852	0.13483731291575	-0.07170871883071932	0.05446400739558667	-0.13436731958855463	0.14334029604965406	-0.10354771515777242	0.058710633254520334	-0.043949482627846606	0.12820554820840474	-0.1251467537572297	0.11706812089218505	-0.04129077989763118	0.04230019126581918	-0.022090339051927237	0.024914822883176504	-0.04343929941813645	0.034972125809828114	-0.03037619107291479	0.025331704370101918	-0.02631128894004502	0.039250518805669994	-0.026206984892631652	0.02823880394498194
-0.7139850984692075	1.0000000000000002	-0.34670553700632606	0.04521988011989652	-0.04307056572719402	0.3175894870902926	-0.4044563411345004	0.22050918975392275	-0.0776147499760383	0.07557491582253481	-0.1854307819214998	0.20988585986777694	-0.17832501384161759	0.08949410374782739	-0.06884445863205008	0.14331552399909792	-0.18454493486755985	0.12962169931281203	-0.07410010157128137	0.054991887383339884	-0.15393609120263438	0.1500031880277221	-0.15053606404493627	0.0516177407113369	-0.053200093537254495	0.026908488798327104	-0.030554419988824643	0.05350394308892765	-0.04374971663317217	0.03787576684929077	-0.03104826479331781	0.03216914060747108	-0.04879231205975697	0.032578979021357694	-0.03523671216399572
0.2065107810821675	-0.34670553700632606	1.0000000000000002	-0.09519245344119691	0.08357200242651047	-0.29919081929258556	0.26732820977436206	-0.7346007059451343	0.1515697086082237	-0.15102779354260806	0.16540476708081203	-0.2283148686680361	0.24587355162011376	-0.1606702639444955	0.11089554057342675	-0.15447977499743684	0.1807566859483926	-0.19930234603958705	0.11583708228272213	-0.09048893283708305	0.16936927642373037	-0.19449696805163164	0.17640214908537177	-0.08108881348101689	0.08135194405528544	-0.03575711297340942	0.0402696893145664	-0.0731065117308126	0.06423593456604815	-0.056937950322108986	0.04051006240181837	-0.04317392488666296	0.06439269029328495	-0.04691006919595296	0.050075833569825465
-0.03536019455420639	0.04521988011989652	-0.09519245344119691	0.9999999999999998	-0.9290503994116187	0.0510695966842696	-0.05148280912529874	0.08436239234572654	-0.24412714466296156	0.2100285537190048	-0.039174166037582635	0.04755229792895293	-0.07395463729080662	0.13809310838635422	-0.1275205344317279	0.03574415591642315	-0.04450958103790048	0.05730851288416881	-0.10360538376072838	0.08444575014542527	-0.04669701378986348	0.05010891515333906	-0.05468953891213051	0.06558750762674172	-0.07305347040277883	0.015056120630962776	-0.0172897712120093	0.035383669762988554	-0.049374332256830224	0.043717903184080587	-0.01752367442882535	0.01932001091648933	-0.03303464587748247	0.03161732322991982	-0.03487726903173379
0.03336772427200117	-0.04307056572719402	0.08357200242651047	-0.9290503994116187	0.9999999999999999	-0.04921340570805592	0.048364954232632616	-0.08001255602738976	0.19685149808651906	-0.26808939025495576	0.03713591814131495	-0.04547410943988647	0.0689352703706179	-0.14002183348950392	0.1194536715097895	-0.034145993956426535	0.04213237142637275	-0.05460336231619351	0.09496099809540026	-0.08381281385298842	0.044326610923168114	-0.048060239003104833	0.051342583841465915	-0.06288116782866143	0.06772964276140066	-0.014300756659162979	0.01637650949131299	-0.033657555494016625	0.04595645225763244	-0.0414572544310254	0.016552267378430578	-0.01833798777493274	0.03101195478059019	-0.029893768524121653	0.032557419814992196
-0.5823305883054376	0.3175894870902926	-0.29919081929258556	0.0510695966842696	-0.04921340570805592	1.0	-0.4352651829435625	0.2203133323055657	-0.08874736294917526	0.08700618727697595	-0.35106848852245576	0.24623227974133485	-0.2173163334083554	0.10592075224547608	-0.08376289188887331	0.217954534751317	-0.2412723476604734	0.15812298541162037	-0.0907140452327236	0.06671232111817897	-0.2195038485560144	0.19065913591536135	-0.19446132168202035	0.0633973514320794	-0.06577225375187361	0.03495203329535782	-0.039557533911359306	0.06854250666943838	-0.05482425557957241	0.04720887834362657	-0.040513681221633256	0.04157053650137284	-0.06303593574431737	0.04114883847783031	-0.04462705323522649
0.2506663954373434	-0.4044563411345004	0.26732820977436206	-0.05148280912529874	0.048364954232632616	-0.4352651829435625	1.0000000000000002	-0.35841120060179976	0.09510556784859969	-0.0925494480296854	0.20338961866616637	-0.5830196916101356	0.2158892140057695	-0.10958041007417124	0.0802397683283951	-0.18889407700432534	0.25558264382173984	-0.16907809018771544	0.08760500034697984	-0.06526761950471749	0.1728666606878575	-0.21404339916421378	0.17863020254651535	-0.06121140310806709	0.062004297003557245	-0.03208216046812029	0.036622725044889545	-0.06333657902276059	0.05089749441213161	-0.044327322971379535	0.03632865730459507	-0.03829420711190795	0.05651970858046197	-0.03798057771375925	0.04078842802161343
-0.17155507115084273	0.22050918975392275	-0.7346007059451343	0.08436239234572654	-0.08001255602738976	0.2203133323055657	-0.35841120060179976	0.9999999999999998	-0.19332450855349875	0.1480575676465253	-0.15089367328103406	0.2172756735888089	-0.3711777276646028	0.16087726689335147	-0.11491133196772198	0.1345697085986115	-0.1834722129511388	0.2016774491189437	-0.11980830023145218	0.08964166655993638	-0.15149337536527177	0.17708606762011606	-0.18903286441650466	0.08020312719653025	-0.08207677083633796	0.03266389973627312	-0.03742471291151169	0.06869386001204021	-0.06345428185013517	0.05562463657788141	-0.03738905009473251	0.039789984108451755	-0.06166094713022553	0.04526824134852682	-0.04884088802166814
0.06083819652940306	-0.0776147499760383	0.1515697086082237	-0.24412714466296156	0.19685149808651906	-0.08874736294917526	0.09510556784859969	-0.19332450855349875	1.0000000000000004	-0.6987336834552622	0.06817449767591865	-0.08781876785032659	0.1468505036299717	-0.5154285169985039	0.24923237540664286	-0.06298442521570918	0.08059608432424425	-0.1129978717354401	0.2153308295234135	-0.1847014719875205	0.07985208626698516	-0.09196553953238806	0.10022240093845952	-0.13839493423485802	0.14081206944164135	-0.02688445300693235	0.03104577507141928	-0.06483186583077433	0.09353602615154766	-0.08514517020774105	0.030970655723052777	-0.03472617743675041	0.059431457642151644	-0.05983195986047782	0.06466582946626093
-0.06061182653717198	0.07557491582253481	-0.15102779354260806	0.2100285537190048	-0.26808939025495576	0.08700618727697595	-0.0925494480296854	0.1480575676465253	-0.6987336834552622	1.000000000000001	-0.07021085479274121	0.08557600760370977	-0.14562645735904275	0.29765569853486784	-0.43235851418094284	0.0640614134981665	-0.08206518859640144	0.11229383313830003	-0.25334084502751714	0.21711301712208514	-0.08425231628366407	0.09290337782129558	-0.10570993680452707	0.15307907855816838	-0.17986422703114197	0.03012493315576235	-0.03494897985970436	0.07327340875640803	-0.11379887293098565	0.10070926044146822	-0.03509740409318437	0.03919749231644658	-0.06911540852699735	0.07023715482862251	-0.07831285323216944
0.1650503825375824	-0.1854307819214998	0.16540476708081203	-0.039174166037582635	0.03713591814131495	-0.35106848852245576	0.20338961866616637	-0.15089367328103406	0.06817449767591865	-0.07021085479274121	0.9999999999999993	-0.2564541108392196	0.16547648082090607	-0.08776967495127375	0.06745405022935674	-0.7545762796820104	0.2519915798153467	-0.1439912364823476	0.07480040382991238	-0.055620439341448925	0.26285743223367863	-0.21967391918665619	0.16795895908366287	-0.053795411983541694	0.05467128731609723	-0.03503979541623137	0.03866993296373222	-0.06430796023774152	0.0470235145891759	-0.040729178481256685	0.039447630724633066	-0.04071822936216789	0.057179721268151865	-0.036349553407439825	0.03892448814190696
-0.1769662972244852	0.20988585986777694	-0.2283148686680361	0.04755229792895293	-0.04547410943988647	0.24623227974133485	-0.5830196916101356	0.2172756735888089	-0.08781876785032659	0.08557600760370977	-0.2564541108392196	1.0000000000000009	-0.2831179024316453	0.10945293885578815	-0.08284120701883596	0.21864062058821634	-0.5624658034894013	0.1978494948086306	-0.0938716966671848	0.06735744920948548	-0.20168904661365722	0.2541849277642698	-0.23480434973199488	0.06484369141796154	-0.06593598927564795	0.0357787564910412	-0.04163838866443409	0.07079031755896749	-0.054988092212683	0.04737884894650628	-0.04070601853011198	0.04269075142202198	-0.0638982797385103	0.04125630654694128	-0.04450260584236358
0.13483731291575	-0.17832501384161759	0.24587355162011376	-0.07395463729080662	0.0689352703706179	-0.2173163334083554	0.2158892140057695	-0.3711777276646028	0.1468505036299717	-0.14562645735904275	0.16547648082090607	-0.2831179024316453	0.9999999999999978	-0.23985202214823662	0.13554678121628777	-0.16595800617373535	0.228325052532458	-0.6525770930703481	0.1689561959484364	-0.11696508660273502	0.18514331716800603	-0.2953116469351233	0.2896312479039262	-0.11211136040469415	0.10656537817874336	-0.04573123735585375	0.052849119337147095	-0.09857420325650436	0.08400015135129295	-0.074186553464717	0.05112552021851546	-0.05575688899885908	0.08387360522654239	-0.06072364435304589	0.06443827931494153
-0.07170871883071932	0.08949410374782739	-0.1606702639444955	0.13809310838635422	-0.14002183348950392	0.10592075224547608	-0.10958041007417124	0.16087726689335147	-0.5154285169985039	0.29765569853486784	-0.08776967495127375	0.10945293885578815	-0.23985202214823662	0.999999999999996	-0.4050993987790007	0.08125879149303367	-0.10649359656447971	0.16778449621690125	-0.5211215917454071	0.26107618593445747	-0.10644744866886144	0.12406985144989681	-0.14619311280470407	0.22789312529404343	-0.24825596575275685	0.03959227477468283	-0.04624685425539337	0.09770609055566472	-0.16131950201489426	0.13762197096207965	-0.04608066321668468	0.05173713518583902	-0.09221883354238815	0.09550013465880235	-0.10662108165277953
0.05446400739558667	-0.06884445863205008	0.11089554057342675	-0.1275205344317279	0.1194536715097895	-0.08376289188887331	0.0802397683283951	-0.11491133196772198	0.24923237540664286	-0.43235851418094284	0.06745405022935674	-0.08284120701883596	0.13554678121628777	-0.4050993987790007	1.0000000000000013	-0.06341174244577384	0.07925819179810152	-0.11900999658812027	0.28037653487924347	-0.6610319658908326	0.08394288989539346	-0.09696929041343438	0.10479879248472003	-0.2318997687669955	0.24118761151252277	-0.035292828635519115	0.04077603303378306	-0.09067953790988739	0.1417388142871629	-0.14634054494759016	0.040143887583339435	-0.04667850089265811	0.08087687546597655	-0.0932943235097212	0.0972179066644294
-0.13436731958855463	0.14331552399909792	-0.15447977499743684	0.03574415591642315	-0.034145993956426535	0.217954534751317	-0.18889407700432534	0.1345697085986115	-0.06298442521570918	0.0640614134981665	-0.7545762796820104	0.21864062058821634	-0.16595800617373535	0.08125879149303367	-0.06341174244577384	0.9999999999999978	-0.37371767594304345	0.14072077161730318	-0.07116601494449816	0.05199373020182272	-0.37443511320192324	0.2165186098999727	-0.17692893855969638	0.05062674949531013	-0.05166485682112849	0.033363035366645935	-0.037142807589314174	0.060739026486970986	-0.04445535917181512	0.03828074294662642	-0.03753750871142261	0.03841375471035147	-0.0546331609273138	0.034234958936231796	-0.036811138012885186
0.14334029604965406	-0.18454493486755985	0.1807566859483926	-0.04450958103790048	0.04213237142637275	-0.2412723476604734	0.25558264382173984	-0.1834722129511388	0.08059608432424425	-0.08206518859640144	0.2519915798153467	-0.5624658034894013	0.228325052532458	-0.10649359656447971	0.07925819179810152	-0.37371767594304345	0.9999999999999962	-0.2489459674378599	0.09293307732142739	-0.06682373742581728	0.22245112979735024	-0.5224331278387304	0.25888206880908904	-0.06559205497387169	0.06503169512362117	-0.04087294849050018	0.04836728147319893	-0.07705937823123118	0.055453677641430235	-0.047959297764264615	0.04456499819497286	-0.048244779196712335	0.06733026148991927	-0.04241859644326817	0.0453023190551517
-0.10354771515777242	0.12962169931281203	-0.19930234603958705	0.05730851288416881	-0.05460336231619351	0.15812298541162037	-0.16907809018771544	0.2016774491189437	-0.1129978717354401	0.11229383313830003	-0.1439912364823476	0.1978494948086306	-0.6525770930703481	0.16778449621690125	-0.11900999658812027	0.14072077161730318	-0.2489459674378599	0.9999999999999922	-0.18720632960324374	0.10607017134011583	-0.16302344598025412	0.2676658955473227	-0.5649364585178249	0.10746487771850718	-0.10078567978405217	0.04170124534065705	-0.05011541206648594	0.09611638203799941	-0.0800206962620061	0.06902877583428356	-0.04741287494116152	0.05141511537474286	-0.08329892642793799	0.0570192295016106	-0.060981551559866315
0.058710633254520334	-0.07410010157128137	0.11583708228272213	-0.10360538376072838	0.09496099809540026	-0.0907140452327236	0.08760500034697984	-0.11980830023145218	0.2153308295234135	-0.25334084502751714	0.07480040382991238	-0.0938716966671848	0.1689561959484364	-0.5211215917454071	0.28037653487924347	-0.07116601494449816	0.09293307732142739	-0.18720632960324374	0.9999999999999903	-0.43993731171209566	0.09216585144043568	-0.11521665523925964	0.13454550936218773	-0.520809946849186	0.2900638165467771	-0.04060671420637147	0.04756044461823294	-0.10821278323719649	0.19054525655186394	-0.17918909351820836	0.046138198850754486	-0.054136944578067094	0.09586567209170804	-0.11609021606879769	0.11834568968913602
-0.043949482627846606	0.054991887383339884	-0.09048893283708305	0.08444575014542527	-0.08381281385298842	0.06671232111817897	-0.06526761950471749	0.08964166655993638	-0.1847014719875205	0.21711301712208514	-0.055620439341448925	0.06735744920948548	-0.11696508660273502	0.26107618593445747	-0.6610319658908326	0.05199373020182272	-0.06682373742581728	0.10607017134011583	-0.43993731171209566	0.9999999999999909	-0.06944022862105671	0.08091432117820532	-0.09484545185043332	0.2661941547731087	-0.4486296595417655	0.03319049808196417	-0.03911175136756262	0.08868203138417255	-0.17312020295773	0.16821685045177856	-0.03817335890269625	0.04473565491348814	-0.08253867863897543	0.1009771965815087	-0.11306918946042352
0.12820554820840474	-0.15393609120263438	0.16936927642373037	-0.04669701378986348	0.044326610923168114	-0.2195038485560144	0.1728666606878575	-0.15149337536527177	0.07985208626698516	-0.08425231628366407	0.26285743223367863	-0.20168904661365722	0.18514331716800603	-0.10644744866886144	0.08394288989539346	-0.37443511320192324	0.22245112979735024	-0.16302344598025412	0.09216585144043568	-0.06944022862105671	0.9999999999999898	-0.31033047631474686	0.2065488548565051	-0.06828304339186247	0.06981342233528584	-0.05816592158882038	0.058842098473124965	-0.09287428778671132	0.06256860054312567	-0.05404853200121985	0.06344705779688675	-0.06254489845770435	0.08199445790705265	-0.04997216904989944	0.05331913850445967
-0.1251467537572297	0.1500031880277221	-0.19449696805163164	0.05010891515333906	-0.048060239003104833	0.19065913591536135	-0.21404339916421378	0.17708606762011606	-0.09196553953238806	0.09290337782129558	-0.21967391918665619	0.2541849277642698	-0.2953116469351233	0.12406985144989681	-0.09696929041343438	0.2165186098999727	-0.5224331278387304	0.2676658955473227	-0.11521665523925964	0.08091432117820532	-0.31033047631474686	0.9999999999999908	-0.595351318303185	0.08216254710312962	-0.08251082157107695	0.059614567229284	-0.07729592856172497	0.11093795843861518	-0.07315686237229735	0.0620098140976692	-0.06468215762630505	0.07039963101001714	-0.09889283111601546	0.05697063012091205	-0.06121872894892527
0.11706812089218505	-0.15053606404493627	0.17640214908537177	-0.05468953891213051	0.051342583841465915	-0.19446132168202035	0.17863020254651535	-0.18903286441650466	0.10022240093845952	-0.10570993680452707	0.16795895908366287	-0.23480434973199488	0.2896312479039262	-0.14619311280470407	0.10479879248472003	-0.17692893855969638	0.25888206880908904	-0.5649364585178249	0.13454550936218773	-0.09484545185043332	0.2065488548565051	-0.595351318303185	0.9999999999999908	-0.10109741320779028	0.09298435196898842	-0.05933307777299944	0.07270002353846823	-0.14919694485340354	0.08330098658350482	-0.07165163767967812	0.06519074673753104	-0.07237247886213288	0.11174800154035168	-0.06529203194840372	0.06851986961145315
-0.04129077989763118	0.0516177407113369	-0.08108881348101689	0.06558750762674172	-0.06288116782866143	0.0633973514320794	-0.06121140310806709	0.08020312719653025	-0.13839493423485802	0.15307907855816838	-0.053795411983541694	0.06484369141796154	-0.11211136040469415	0.22789312529404343	-0.2318997687669955	0.05062674949531013	-0.06559205497387169	0.10746487771850718	-0.520809946849186	0.2661941547731087	-0.06828304339186247	0.08216254710312962	-0.10109741320779028	0.9999999999999905	-0.6289909989365392	0.04151766913599631	-0.0501851692426153	0.1200753497474035	-0.380830439784875	0.25652028548044437	-0.04776640040157301	0.05749485812936374	-0.11260954096025722	0.15508619879407318	-0.16865054968964555
0.04230019126581918	-0.053200093537254495	0.08135194405528544	-0.07305347040277883	0.06772964276140066	-0.06577225375187361	0.062004297003557245	-0.08207677083633796	0.14081206944164135	-0.17986422703114197	0.05467128731609723	-0.06593598927564795	0.10656537817874336	-0.24825596575275685	0.24118761151252277	-0.05166485682112849	0.06503169512362117	-0.10078567978405217	0.2900638165467771	-0.4486296595417655	0.06981342233528584	-0.08251082157107695	0.09298435196898842	-0.6289909989365392	0.9999999999999898	-0.043067463773147845	0.05111779178451895	-0.12523143645369905	0.27021689847838576	-0.40478681416205065	0.048580096482732274	-0.05982945978299247	0.11144983500089023	-0.16712081720574895	0.17393125805308118
-0.022090339051927237	0.026908488798327104	-0.03575711297340942	0.015056120630962776	-0.014300756659162979	0.03495203329535782	-0.03208216046812029	0.03266389973627312	-0.02688445300693235	0.03012493315576235	-0.03503979541623137	0.0357787564910412	-0.04573123735585375	0.03959227477468283	-0.035292828635519115	0.033363035366645935	-0.04087294849050018	0.04170124534065705	-0.04060671420637147	0.03319049808196417	-0.05816592158882038	0.059614567229284	-0.05933307777299944	0.04151766913599631	-0.043067463773147845	0.999999999999988	-0.5951919866611347	0.19535601001609976	-0.06604813638662875	0.053035510914224954	-0.7137106054047828	0.31759997320455585	-0.18857803432305797	0.07083526534848619	-0.07195817654499287
0.024914822883176504	-0.030554419988824643	0.0402696893145664	-0.0172897712120093	0.01637650949131299	-0.039557533911359306	0.036622725044889545	-0.03742471291151169	0.03104577507141928	-0.03494897985970436	0.03866993296373222	-0.04163838866443409	0.052849119337147095	-0.04624685425539337	0.04077603303378306	-0.037142807589314174	0.04836728147319893	-0.05011541206648594	0.04756044461823294	-0.03911175136756262	0.058842098473124965	-0.07729592856172497	0.07270002353846823	-0.0501851692426153	0.05111779178451895	-0.5951919866611347	0.9999999999999889	-0.3389900139173038	0.08168998309461346	-0.06584424330523628	0.3280968868352129	-0.6338857562897837	0.2347177611369546	-0.08832696141264956	0.08577448025573568
-0.04343929941813645	0.05350394308892765	-0.0731065117308126	0.035383669762988554	-0.033657555494016625	0.06854250666943838	-0.06333657902276059	0.06869386001204021	-0.06483186583077433	0.07327340875640803	-0.06430796023774152	0.07079031755896749	-0.09857420325650436	0.09770609055566472	-0.09067953790988739	0.060739026486970986	-0.07705937823123118	0.09611638203799941	-0.10821278323719649	0.08868203138417255	-0.09287428778671132	0.11093795843861518	-0.14919694485340354	0.1200753497474035	-0.12523143645369905	0.19535601001609976	-0.3389900139173038	0.9999999999999873	-0.24210929252885222	0.16635376566984025	-0.24767809869689533	0.2666543688092182	-0.7541588402216527	0.2252355761216836	-0.23842792467031745
0.034972125809828114	-0.04374971663317217	0.06423593456604815	-0.049374332256830224	0.04595645225763244	-0.05482425557957241	0.05089749441213161	-0.06345428185013517	0.09353602615154766	-0.11379887293098565	0.0470235145891759	-0.054988092212683	0.08400015135129295	-0.16131950201489426	0.1417388142871629	-0.04445535917181512	0.055453677641430235	-0.0800206962620061	0.19054525655186394	-0.17312020295773	0.06256860054312567	-0.07315686237229735	0.08330098658350482	-0.380830439784875	0.27021689847838576	-0.06604813638662875	0.08168998309461346	-0.24210929252885222	0.999999999999989	-0.6781054148771783	0.0732890590764895	-0.0961719855032176	0.19157870510200922	-0.4081559197865658	0.2919763243355258
-0.03037619107291479	0.03787576684929077	-0.056937950322108986	0.043717903184080587	-0.0414572544310254	0.04720887834362657	-0.044327322971379535	0.05562463657788141	-0.08514517020774105	0.10070926044146822	-0.040729178481256685	0.04737884894650628	-0.074186553464717	0.13762197096207965	-0.14634054494759016	0.03828074294662642	-0.047959297764264615	0.06902877583428356	-0.17918909351820836	0.16821685045177856	-0.05404853200121985	0.0620098140976692	-0.07165163767967812	0.25652028548044437	-0.40478681416205065	0.053035510914224954	-0.06584424330523628	0.16635376566984025	-0.6781054148771783	0.9999999999999883	-0.061084927329240396	0.07708238558684602	-0.16616045333382995	0.2795903618721104	-0.4591644269257171
0.025331704370101918	-0.03104826479331781	0.04051006240181837	-0.01752367442882535	0.016552267378430578	-0.040513681221633256	0.03632865730459507	-0.03738905009473251	0.030970655723052777	-0.03509740409318437	0.039447630724633066	-0.04070601853011198	0.05112552021851546	-0.04608066321668468	0.040143887583339435	-0.03753750871142261	0.04456499819497286	-0.04741287494116152	0.046138198850754486	-0.03817335890269625	0.06344705779688675	-0.06468215762630505	0.06519074673753104	-0.04776640040157301	0.048580096482732274	-0.7137106054047828	0.3280968868352129	-0.24767809869689533	0.0732890590764895	-0.061084927329240396	0.9999999999999893	-0.5625508461872902	0.19966068437622458	-0.08083411554821243	0.07720333668259327
-0.02631128894004502	0.03216914060747108	-0.04317392488666296	0.01932001091648933	-0.01833798777493274	0.04157053650137284	-0.03829420711190795	0.039789984108451755	-0.03472617743675041	0.03919749231644658	-0.04071822936216789	0.04269075142202198	-0.05575688899885908	0.05173713518583902	-0.04667850089265811	0.03841375471035147	-0.048244779196712335	0.05141511537474286	-0.054136944578067094	0.04473565491348814	-0.06254489845770435	0.07039963101001714	-0.07237247886213288	0.05749485812936374	-0.05982945978299247	0.31759997320455585	-0.6338857562897837	0.2666543688092182	-0.0961719855032176	0.07708238558684602	-0.5625508461872902	0.9999999999999902	-0.36834534832082244	0.11219291739108922	-0.11163274893356179
0.039250518805669994	-0.04879231205975697	0.06439269029328495	-0.03303464587748247	0.03101195478059019	-0.06303593574431737	0.05651970858046197	-0.06166094713022553	0.059431457642151644	-0.06911540852699735	0.057179721268151865	-0.0638982797385103	0.08387360522654239	-0.09221883354238815	0.08087687546597655	-0.0546331609273138	0.06733026148991927	-0.08329892642793799	0.09586567209170804	-0.08253867863897543	0.08199445790705265	-0.09889283111601546	0.11174800154035168	-0.11260954096025722	0.11144983500089023	-0.18857803432305797	0.2347177611369546	-0.7541588402216527	0.19157870510200922	-0.16616045333382995	0.19966068437622458	-0.36834534832082244	0.9999999999999905	-0.3381398736223448	0.21659229803408575
-0.026206984892631652	0.032578979021357694	-0.04691006919595296	0.03161732322991982	-0.029893768524121653	0.04114883847783031	-0.03798057771375925	0.04526824134852682	-0.05983195986047782	0.07023715482862251	-0.036349553407439825	0.04125630654694128	-0.06072364435304589	0.09550013465880235	-0.0932943235097212	0.034234958936231796	-0.04241859644326817	0.0570192295016106	-0.11609021606879769	0.1009771965815087	-0.04997216904989944	0.05697063012091205	-0.06529203194840372	0.15508619879407318	-0.16712081720574895	0.07083526534848619	-0.08832696141264956	0.2252355761216836	-0.4081559197865658	0.2795903618721104	-0.08083411554821243	0.11219291739108922	-0.3381398736223448	0.9999999999999905	-0.7645747060314247
0.02823880394498194	-0.03523671216399572	0.050075833569825465	-0.03487726903173379	0.032557419814992196	-0.04462705323522649	0.04078842802161343	-0.04884088802166814	0.06466582946626093	-0.07831285323216944	0.03892448814190696	-0.04450260584236358	0.06443827931494153	-0.10662108165277953	0.0972179066644294	-0.036811138012885186	0.0453023190551517	-0.060981551559866315	0.11834568968913602	-0.11306918946042352	0.05331913850445967	-0.06121872894892527	0.06851986961145315	-0.16865054968964555	0.17393125805308118	-0.07195817654499287	0.08577448025573568	-0.23842792467031745	0.2919763243355258	-0.4591644269257171	0.07720333668259327	-0.11163274893356179	0.21659229803408575	-0.7645747060314247	0.9999999999999907
