0.9999999999999999	-0.7394513252052877	0.19119312944249142	-0.07924362649739751	0.08743501257267797	-0.5197990339446162	0.29155394120320205	-0.19283889942434515	0.08184925571656233	-0.06501272482540164	0.18432328141716756	-0.16625664941996426	0.11931425916910983	-0.11198235385123796	0.09866968774978875	-0.16315657767688385	0.111993531435535	-0.10127950092492681	0.08458593412582023	-0.032415363983271606	0.10220427920763027	-0.08180995624257711	0.0822475323018378	-0.07162703829944295	0.03315862395226843	-0.07904762975557132	0.08522204757616196	-0.06875006770681608	0.06181781825755721	-0.05363163160934299	0.08739666483308735	-0.07369987959431845	0.07045238257722133	-0.061676865166215025	0.05706803228813656	-0.022125080029393895	0.03412042580833868	-0.03673243790238735	0.05875338637910962	-0.06820809612772595	0.01885266624913768	-0.03269954977796597	0.0357019815773877	-0.04776305625813087	0.038816631362185924
-0.7394513252052877	1.0	-0.3296438201869689	0.09677946371759022	-0.10768596427510896	0.29684144804370916	-0.42185625960415807	0.22895223491268676	-0.09994019877807638	0.07726812150045421	-0.17984844403539632	0.16489091698937722	-0.1333296807788296	0.12133441175478524	-0.11687390933302706	0.14975318659963943	-0.12043209813121442	0.10725093897646831	-0.09391925770727023	0.03670650847346852	-0.11047972926514268	0.08771451416279552	-0.09061494784293846	0.07780740757138918	-0.03780979826532036	0.08311494315245821	-0.09480823914237857	0.07518709426061967	-0.06819731285116229	0.05862430807763362	-0.09764948875946158	0.07987625832531854	-0.07804835322460307	0.0672840592102283	-0.06310359097989653	0.02412276672709776	-0.03734753774829903	0.04012404434101979	-0.0646678276479357	0.07343858776097432	-0.020645342687051635	0.03555444876108544	-0.039226619691147734	0.0516742620304399	-0.04226875871163557
0.19119312944249142	-0.3296438201869689	0.9999999999999998	-0.1613360687228243	0.12430182742482407	-0.20063307995672805	0.2515694697424859	-0.8414115411927189	0.12641780260385826	-0.08941013889875664	0.12864849589802138	-0.14776119759649342	0.13811776392889663	-0.13458152792382272	0.11572975031292157	-0.12591008639063825	0.102065164016294	-0.09943764261721572	0.08259966281017937	-0.035003216759942044	0.08966911144891883	-0.0758115455949184	0.077633200778113	-0.07010748943035293	0.03554782778130946	-0.07074713945085578	0.08054652960812617	-0.06549611462073009	0.0601889077219988	-0.05267011378026858	0.08093044012498196	-0.0697757283475585	0.06735597134451887	-0.06011695826469094	0.055861006937049595	-0.021139596035752193	0.032681953952817346	-0.035456638151114266	0.05750130106505803	-0.06748073983638278	0.018015846452573554	-0.03137437702992786	0.03448067547909903	-0.047007222123404975	0.03819394593585725
-0.07924362649739751	0.09677946371759022	-0.1613360687228243	0.9999999999999998	-0.5884462036260116	0.08876413731628481	-0.11143935673654326	0.12931400568842916	-0.6759233360620034	0.2965443511277822	-0.09886312627241398	0.1258436682057661	-0.15197834702353513	0.21071915404224006	-0.2694741283536246	0.10485746375096677	-0.1015285846175052	0.10377169852357182	-0.09387262033655623	0.06020791630586916	-0.08914273798968737	0.07845675389416505	-0.08350896196390337	0.07996221599333136	-0.06076979074123548	0.07089100126172056	-0.08802111449617549	0.07165852076574857	-0.06924831150908352	0.06165988010314739	-0.08672998423037087	0.07544924684539954	-0.07492668023078285	0.06848362744221681	-0.06525088872088779	0.023259691012915605	-0.03617228542344809	0.03966694996022154	-0.06623366231954964	0.07781290635643202	-0.0198816183826947	0.03466321936369006	-0.038760195890287036	0.05391416930899495	-0.044008806186913246
0.08743501257267797	-0.10768596427510896	0.12430182742482407	-0.5884462036260116	0.9999999999999991	-0.10203244166742453	0.12059831219434158	-0.12135561708530161	0.3252946643053275	-0.5606932115080071	0.11801174315376195	-0.15794317669639535	0.16469455575268951	-0.2533415766577716	0.2897961374697589	-0.13532279949310422	0.12607657971513755	-0.13338509007422178	0.11822900122057454	-0.07565278164266452	0.11319839400808589	-0.1014758737447466	0.10683786513089831	-0.10566894205134093	0.0727842517059048	-0.09301322009761669	0.11402683209274919	-0.09431305742993912	0.0910515274662788	-0.08265270710368355	0.1124569733075522	-0.10102400841764032	0.09893584681817551	-0.09266742382709947	0.08681494009559539	-0.03149435806539309	0.048797821586700846	-0.05387232000122972	0.09001006684892154	-0.10962838083165365	0.026834232001457237	-0.04710132962209705	0.052456253832269456	-0.07526308905075281	0.06110024842546366
-0.5197990339446162	0.29684144804370916	-0.20063307995672805	0.08876413731628481	-0.10203244166742453	0.9999999999999997	-0.6188244448452298	0.19025691740219558	-0.09563153110713903	0.07604453804708168	-0.3869311250728073	0.2242486531774189	-0.15563080373508345	0.13384363681432088	-0.11854449978430422	0.21143224414124046	-0.14843400240181473	0.12547186931582993	-0.10466370438369055	0.03870096636264676	-0.13462088323221097	0.10216437396527941	-0.10278502317878162	0.08670063323959666	-0.039706281517075406	0.09771645164262285	-0.10515111461843296	0.08382689791183366	-0.07477710369634921	0.0641936464965868	-0.1087705451333325	0.08892285808010372	-0.08549999335572661	0.07364997004447212	-0.06835850107032884	0.02651535962352786	-0.040924386376043675	0.04386564786633166	-0.06985030615692797	0.07988977387848091	-0.022631168198012502	0.03906130183495031	-0.042687806646621	0.05618268420358476	-0.0457449047932766
0.29155394120320205	-0.42185625960415807	0.2515694697424859	-0.11143935673654326	0.12059831219434158	-0.6188244448452298	0.9999999999999982	-0.3694701171637103	0.1150636123364189	-0.09163802425435383	0.24903135597247258	-0.2982136674471702	0.18144454694060685	-0.16933643670361279	0.1382491202757799	-0.2274720309588583	0.16236317176743809	-0.14843658105389548	0.11961593877840392	-0.045712620909030284	0.14099331769882298	-0.11636927964605921	0.11575610450692089	-0.10187979500765229	0.04656664479910361	-0.11023568741332862	0.11872495157512584	-0.09663620473846019	0.08688823031074325	-0.07567706368687017	0.12028933621987137	-0.10327594441968323	0.09820000088714803	-0.08684124688023882	0.07996015328070942	-0.030929759758275093	0.04767894580194635	-0.05147070683704927	0.08230557455888	-0.09647518481781063	0.02631113747665971	-0.04582121195969107	0.04990326365491925	-0.0673731373607804	0.05460063116037446
-0.19283889942434515	0.22895223491268676	-0.8414115411927189	0.12931400568842916	-0.12135561708530161	0.19025691740219558	-0.3694701171637103	0.9999999999999984	-0.1252381506378419	0.08593313284383884	-0.1299155237831086	0.1468295932995754	-0.15702096905130453	0.1300551326052681	-0.11607290181291033	0.11929859365926615	-0.10179450874185954	0.09705500664319561	-0.08132527246282527	0.0340743296632627	-0.08765209501378665	0.07356406542284762	-0.07599732767073235	0.06753476615722455	-0.03481270200547555	0.06772796208309055	-0.07839134390158152	0.06318811546868353	-0.05812241968827856	0.05043481464876444	-0.07867436772855586	0.06667657466947487	-0.06497801035658558	0.057388236704065475	-0.053676037759471835	0.020152291827606323	-0.03121958745726325	0.033798863197231674	-0.05488159106109536	0.06345453809176319	-0.01720710858419236	0.029861346666095176	-0.032938803031392724	0.04436228203858426	-0.036148406977296876
0.08184925571656233	-0.09994019877807638	0.12641780260385826	-0.6759233360620034	0.3252946643053275	-0.09563153110713903	0.1150636123364189	-0.1252381506378419	0.9999999999999971	-0.47686898270446443	0.11160747108534982	-0.15350298432859125	0.17859292543281147	-0.3327220130252737	0.27715829452440083	-0.12281718538854657	0.11693989979708233	-0.12419872754359812	0.10709940133513184	-0.06688174457934153	0.10086414073942859	-0.09067281172496963	0.09535985993188947	-0.0931685758884143	0.06529516147561958	-0.08157342694245066	0.09993993181211475	-0.08243488545871104	0.07938256200466126	-0.07133027736439622	0.09793625445896816	-0.08706798045857883	0.0855697647886923	-0.07939611533345342	0.07471843011647601	-0.026856777721919484	0.04167978200360312	-0.045876528266948574	0.0764186577642453	-0.09156826041877138	0.022899251741811073	-0.040122804695739464	0.0446697048111126	-0.06313324779089899	0.051299600233899165
-0.06501272482540164	0.07726812150045421	-0.08941013889875664	0.2965443511277822	-0.5606932115080071	0.07604453804708168	-0.09163802425435383	0.08593313284383884	-0.47686898270446443	0.999999999999997	-0.0921504133873094	0.123488840473254	-0.14677961271611376	0.22860313568192914	-0.5792935069128469	0.10172924180852663	-0.09849625050367418	0.10351007752934038	-0.09311300500399534	0.08244660908269201	-0.08578229921702407	0.0771324935144748	-0.08186497079216384	0.08181107904517171	-0.08180154710535811	0.06932959624938483	-0.08616461350215986	0.07112015297474975	-0.07010024652390293	0.06374975288189264	-0.08408811208696229	0.07482986254243629	-0.07405225483844421	0.06926570946985533	-0.06640865476457034	0.02310507673906664	-0.03591982916095297	0.03961982729152441	-0.06662776251128559	0.07937571730176189	-0.019712777925986538	0.03455023914911203	-0.038616688608774756	0.054699418129622326	-0.044531107894641195
0.18432328141716756	-0.17984844403539632	0.12864849589802138	-0.09886312627241398	0.11801174315376195	-0.3869311250728073	0.24903135597247258	-0.1299155237831086	0.11160747108534982	-0.0921504133873094	0.9999999999999964	-0.5219428667710567	0.22393400448182502	-0.1928862511630218	0.14774353276874316	-0.5921297934307534	0.23500993216426613	-0.1936261522078767	0.14495988750990157	-0.05084052046998434	0.20730982460248568	-0.15469786904065366	0.14585496905938422	-0.12195886036854524	0.05179385919898565	-0.15332220708228786	0.14490430979726013	-0.11757605856469204	0.10227970113964724	-0.08808186414151324	0.1496585195384947	-0.12495822784439745	0.11650061637131326	-0.100916964381052	0.09217473738423249	-0.036519577281093764	0.056080327179027716	-0.05995780310161963	0.09381647603900059	-0.10860506070760818	0.03100452130233112	-0.053837262393425345	0.0578977852730488	-0.07630662061646358	0.06169215483556928
-0.16625664941996426	0.16489091698937722	-0.14776119759649342	0.1258436682057661	-0.15794317669639535	0.2242486531774189	-0.2982136674471702	0.1468295932995754	-0.15350298432859125	0.123488840473254	-0.5219428667710567	0.9999999999999987	-0.5113490534857017	0.2563337876063826	-0.20988970568578857	0.28553431982488275	-0.3556942796552743	0.2409369636468816	-0.18440199823129788	0.06412486652519418	-0.20341585776410862	0.17628482457494588	-0.17687293420535594	0.14402461137912814	-0.0660549205009723	0.1439662134563642	-0.1702573073209217	0.1350000403344044	-0.12081348859042558	0.10195820348485726	-0.1645978271735796	0.13568323102214097	-0.13358754807779746	0.11499388066288252	-0.10748755491860469	0.03994636671759362	-0.06212246621824292	0.06696227930246551	-0.10745380372902072	0.1208530994941629	-0.03414879369114829	0.05908641342700147	-0.06513867046081556	0.08515506112196605	-0.0693989295941514
0.11931425916910983	-0.1333296807788296	0.13811776392889663	-0.15197834702353513	0.16469455575268951	-0.15563080373508345	0.18144454694060685	-0.15702096905130453	0.17859292543281147	-0.14677961271611376	0.22393400448182502	-0.5113490534857017	0.9999999999999967	-0.6251587901498332	0.22904749207008135	-0.22350293152932244	0.2343534169686324	-0.3120181424040023	0.1792661472900674	-0.06759069911079943	0.15749248297447446	-0.15236096829206341	0.15549549405047838	-0.1436766027080518	0.06762419004204513	-0.12320230501211506	0.14775242691704615	-0.12319666705520445	0.11427134951026664	-0.0988791856873656	0.13897197036624662	-0.12339837839725862	0.12070181297087955	-0.1098709710535072	0.10177984728769089	-0.036646106783097245	0.05702679768048024	-0.06241570119854382	0.10187960222970198	-0.11875419021349091	0.031200897592672916	-0.054754265374878486	0.06041552656768248	-0.0826360774711446	0.0669060735353647
-0.11198235385123796	0.12133441175478524	-0.13458152792382272	0.21071915404224006	-0.2533415766577716	0.13384363681432088	-0.16933643670361279	0.1300551326052681	-0.3327220130252737	0.22860313568192914	-0.1928862511630218	0.2563337876063826	-0.6251587901498332	0.999999999999995	-0.4525774989085688	0.1797200570223173	-0.19949975760755218	0.20284003842718165	-0.17754049516671125	0.08836038998217242	-0.15292261162042978	0.1363990874097768	-0.1470451187108554	0.1350800248737604	-0.09070271386815443	0.11605686759545053	-0.14673793852660574	0.11834075954169938	-0.11386348318038986	0.09788087218628123	-0.14128867378857693	0.1199782268490174	-0.12070143214692483	0.10782850091978863	-0.10326283586647879	0.03616046119742264	-0.056485748136884256	0.06163245646063763	-0.10231399386373638	0.11599572959961683	-0.03096610814903221	0.05378883202824155	-0.060230455186824836	0.08112568345496918	-0.0663647030148471
0.09866968774978875	-0.11687390933302706	0.11572975031292157	-0.2694741283536246	0.2897961374697589	-0.11854449978430422	0.1382491202757799	-0.11607290181291033	0.27715829452440083	-0.5792935069128469	0.14774353276874316	-0.20988970568578857	0.22904749207008135	-0.4525774989085688	0.999999999999997	-0.1698280898445922	0.1607397158467953	-0.1746057563480115	0.15214700228612268	-0.16711574404191654	0.139503308690725	-0.12765498452470642	0.13414839889028213	-0.1385048975419004	0.13761473685298264	-0.11472682145863422	0.14108811744674052	-0.11804204323363832	0.11666621205997026	-0.10809747299507722	0.13718137310515727	-0.12462684341392682	0.12226944142193275	-0.11647922143707222	0.11064283206247251	-0.03853193167291328	0.05980677741551472	-0.06623196887663407	0.11134224417523758	-0.13508753773244783	0.03280613675833419	-0.05775974856164734	0.06435677368942155	-0.09262804022779747	0.07510319757947428
-0.16315657767688385	0.14975318659963943	-0.12591008639063825	0.10485746375096677	-0.13532279949310422	0.21143224414124046	-0.2274720309588583	0.11929859365926615	-0.12281718538854657	0.10172924180852663	-0.5921297934307534	0.28553431982488275	-0.22350293152932244	0.1797200570223173	-0.1698280898445922	0.999999999999997	-0.38387667462373876	0.2300508246482129	-0.18895401290401637	0.0604230666897767	-0.42467227706426514	0.21113701245769598	-0.20248065036558746	0.15183205256166	-0.062270030517779844	0.21570751846873248	-0.2002263858604536	0.15482037155324518	-0.13114102963498583	0.10991677846747261	-0.22296319845213747	0.16367438419627808	-0.15502537029165983	0.1267287209914389	-0.11687659102888227	0.047551515267075045	-0.07288917488036695	0.07660755707617245	-0.11794138354711566	0.131323141252816	-0.04063476143423001	0.0690303557313086	-0.07445311835700556	0.09341528842430631	-0.07604838916253001
0.111993531435535	-0.12043209813121442	0.102065164016294	-0.1015285846175052	0.12607657971513755	-0.14843400240181473	0.16236317176743809	-0.10179450874185954	0.11693989979708233	-0.09849625050367418	0.23500993216426613	-0.3556942796552743	0.2343534169686324	-0.19949975760755218	0.1607397158467953	-0.38387667462373876	0.9999999999999994	-0.6032360312466096	0.24900606722810145	-0.06820751380762283	0.22484773577750425	-0.39070761294655837	0.26207892761227963	-0.21288251081561632	0.06884279166798628	-0.1728733924091492	0.21956094676268498	-0.18784878432426766	0.15645492105346365	-0.1337657046940283	0.17808351332421302	-0.16985988228387328	0.16321456488623143	-0.1480704402780246	0.13225767643743028	-0.047677657111360384	0.07472123149138253	-0.08208967016815163	0.13022667406556432	-0.1515510509799151	0.040368467057747076	-0.07203072060645475	0.07830672338690091	-0.10578804805208769	0.08466459893911002
-0.10127950092492681	0.10725093897646831	-0.09943764261721572	0.10377169852357182	-0.13338509007422178	0.12547186931582993	-0.14843658105389548	0.09705500664319561	-0.12419872754359812	0.10351007752934038	-0.1936261522078767	0.2409369636468816	-0.3120181424040023	0.20284003842718165	-0.1746057563480115	0.2300508246482129	-0.6032360312466096	0.9999999999999987	-0.4813226746215952	0.07356994163419615	-0.20035420668175077	0.24997243019575366	-0.3113897653386391	0.24298964241711835	-0.07564254994140403	0.15024915551813753	-0.22026228215039442	0.18649815655092758	-0.1791396216542519	0.14086233190627118	-0.17375870237376415	0.16146256077405244	-0.16787599825924548	0.15158683893211758	-0.1428894119889216	0.04589920406325603	-0.0729560253610761	0.08087929766933807	-0.13482997277545694	0.14826435404479474	-0.03915746464090505	0.06948295817028315	-0.07807104332419224	0.10407491419551641	-0.08444238896641243
0.08458593412582023	-0.09391925770727023	0.08259966281017937	-0.09387262033655623	0.11822900122057454	-0.10466370438369055	0.11961593877840392	-0.08132527246282527	0.10709940133513184	-0.09311300500399534	0.14495988750990157	-0.18440199823129788	0.1792661472900674	-0.17754049516671125	0.15214700228612268	-0.18895401290401637	0.24900606722810145	-0.4813226746215952	0.9999999999999994	-0.10533892142885427	0.1680968995440972	-0.20691689932235033	0.22713451763378892	-0.6364386686139523	0.10339375888461708	-0.14107221530560113	0.2031214661187754	-0.1996177011826189	0.25795134492267935	-0.21858217784187645	0.16473145393592944	-0.1746112432246689	0.17940208536779598	-0.21205479627178458	0.1864523950595482	-0.05004344095469658	0.07984490931745841	-0.09259648648901869	0.1678419092368524	-0.19836061274743272	0.04239244822031285	-0.07750248916615259	0.0881072564660764	-0.13464577738165667	0.10645155325075803
-0.032415363983271606	0.03670650847346852	-0.035003216759942044	0.06020791630586916	-0.07565278164266452	0.03870096636264676	-0.045712620909030284	0.0340743296632627	-0.06688174457934153	0.08244660908269201	-0.05084052046998434	0.06412486652519418	-0.06759069911079943	0.08836038998217242	-0.16711574404191654	0.0604230666897767	-0.06820751380762283	0.07356994163419615	-0.10533892142885427	0.9999999999999957	-0.05789614628347107	0.05926149173288852	-0.06921478278972448	0.11318381830150122	-0.9550687772453217	0.04770892502745214	-0.07095291175718155	0.06383071544057065	-0.0963253309858707	0.10371515740940071	-0.059713666084560586	0.058713226422963664	-0.06417121738813027	0.07231316332903961	-0.0953247762070991	0.017429330870855228	-0.027982185651997168	0.032215430797555296	-0.06379861578079872	0.06783407002853216	-0.014903589442055765	0.026745437205848044	-0.03139068350910525	0.04621174415126077	-0.038523706299429236
0.10220427920763027	-0.11047972926514268	0.08966911144891883	-0.08914273798968737	0.11319839400808589	-0.13462088323221097	0.14099331769882298	-0.08765209501378665	0.10086414073942859	-0.08578229921702407	0.20730982460248568	-0.20341585776410862	0.15749248297447446	-0.15292261162042978	0.139503308690725	-0.42467227706426514	0.22484773577750425	-0.20035420668175077	0.1680968995440972	-0.05789614628347107	0.9999999999999991	-0.31670289352010705	0.21910296242218832	-0.15762325015469839	0.05885686211956426	-0.6349387641645213	0.22573472900858652	-0.18436325089632935	0.13827760131276742	-0.12035030150779971	0.2894830219912554	-0.22802957041810903	0.17825554147537154	-0.14468530792201933	0.12535870470983482	-0.06219542007672379	0.09173727136886424	-0.09307826022625829	0.13103287890608456	-0.1545946027879649	0.05179134536327017	-0.08925855020041026	0.08815057822857682	-0.11004531532387184	0.08761803010849192
-0.08180995624257711	0.08771451416279552	-0.0758115455949184	0.07845675389416505	-0.1014758737447466	0.10216437396527941	-0.11636927964605921	0.07356406542284762	-0.09067281172496963	0.0771324935144748	-0.15469786904065366	0.17628482457494588	-0.15236096829206341	0.1363990874097768	-0.12765498452470642	0.21113701245769598	-0.39070761294655837	0.24997243019575366	-0.20691689932235033	0.05926149173288852	-0.31670289352010705	0.9999999999999999	-0.6590416471254454	0.19175792064276712	-0.060732156757675036	0.19607433614251274	-0.4216419170099127	0.268869837346428	-0.16582021898308882	0.1316073246904789	-0.19740747192267996	0.19658244580918358	-0.19962787981889574	0.15088383726506782	-0.13404159764754076	0.05102087123105361	-0.08189135333673449	0.08921626092561197	-0.1316356912558309	0.1448944701506162	-0.04325410773127377	0.0778082069364888	-0.08451263351701233	0.10349337911926516	-0.08322420543121617
0.0822475323018378	-0.09061494784293846	0.077633200778113	-0.08350896196390337	0.10683786513089831	-0.10278502317878162	0.11575610450692089	-0.07599732767073235	0.09535985993188947	-0.08186497079216384	0.14585496905938422	-0.17687293420535594	0.15549549405047838	-0.1470451187108554	0.13414839889028213	-0.20248065036558746	0.26207892761227963	-0.3113897653386391	0.22713451763378892	-0.06921478278972448	0.21910296242218832	-0.6590416471254454	0.9999999999999993	-0.27108167244221265	0.07012540511354858	-0.18528884673821894	0.3051576577051989	-0.42972965917582717	0.19984740419234148	-0.16103753851045252	0.1884582738767032	-0.21900926788797348	0.22259024982340697	-0.18091528203116355	0.15461011322134105	-0.05590343006926062	0.0901786187864288	-0.10210479282531212	0.15011461203524284	-0.17035087291928877	0.0470832803763432	-0.0870808235048005	0.09449474066401557	-0.12060574574511243	0.09577772486388647
-0.07162703829944295	0.07780740757138918	-0.07010748943035293	0.07996221599333136	-0.10566894205134093	0.08670063323959666	-0.10187979500765229	0.06753476615722455	-0.0931685758884143	0.08181107904517171	-0.12195886036854524	0.14402461137912814	-0.1436766027080518	0.1350800248737604	-0.1385048975419004	0.15183205256166	-0.21288251081561632	0.24298964241711835	-0.6364386686139523	0.11318381830150122	-0.15762325015469839	0.19175792064276712	-0.27108167244221265	0.9999999999999967	-0.1302877415487642	0.12835069213882727	-0.2174942064691596	0.2104672641495159	-0.5108851018986982	0.23452037498376713	-0.15918106337582005	0.16454971188271686	-0.19095351554940215	0.21516334483534694	-0.22780243646878282	0.04651240864049529	-0.07600369861562249	0.08846535833151124	-0.18003204300467776	0.17599841470381802	-0.03977205928915102	0.07220997788608957	-0.08559972648604018	0.12257703012664994	-0.10067666476512656
0.03315862395226843	-0.03780979826532036	0.03554782778130946	-0.06076979074123548	0.0727842517059048	-0.039706281517075406	0.04656664479910361	-0.03481270200547555	0.06529516147561958	-0.08180154710535811	0.05179385919898565	-0.0660549205009723	0.06762419004204513	-0.09070271386815443	0.13761473685298264	-0.062270030517779844	0.06884279166798628	-0.07564254994140403	0.10339375888461708	-0.9550687772453217	0.05885686211956426	-0.060732156757675036	0.07012540511354858	-0.1302877415487642	1.0000000000000002	-0.04893008548874669	0.07177478804179223	-0.06586971382478374	0.09881701222036168	-0.11930412511417912	0.06072703790292359	-0.060513338021969704	0.06529082790864395	-0.07548648321062264	0.09505108883440005	-0.017956173447811186	0.028754243312812965	-0.033189597695219716	0.06496037620388821	-0.07113415503303074	0.015325490434080945	-0.027587882113350837	0.03220406380998704	-0.048115397472802794	0.03977331001249873
-0.07904762975557132	0.08311494315245821	-0.07074713945085578	0.07089100126172056	-0.09301322009761669	0.09771645164262285	-0.11023568741332862	0.06772796208309055	-0.08157342694245066	0.06932959624938483	-0.15332220708228786	0.1439662134563642	-0.12320230501211506	0.11605686759545053	-0.11472682145863422	0.21570751846873248	-0.1728733924091492	0.15024915551813753	-0.14107221530560113	0.04770892502745214	-0.6349387641645213	0.19607433614251274	-0.18528884673821894	0.12835069213882727	-0.04893008548874669	0.9999999999999994	-0.2364909682026519	0.1649933631318369	-0.12088006858739093	0.10232488768833949	-0.6036715867918274	0.22784489113354614	-0.18132742396695156	0.12632027554744507	-0.11038649061624242	0.06492628977316367	-0.0919530265518443	0.08709570721652418	-0.11602549112661484	0.12830231194429637	-0.05546228271441045	0.085274559858412	-0.084216239626475	0.0935838333071167	-0.07558830506000284
0.08522204757616196	-0.09480823914237857	0.08054652960812617	-0.08802111449617549	0.11402683209274919	-0.10515111461843296	0.11872495157512584	-0.07839134390158152	0.09993993181211475	-0.08616461350215986	0.14490430979726013	-0.1702573073209217	0.14775242691704615	-0.14673793852660574	0.14108811744674052	-0.2002263858604536	0.21956094676268498	-0.22026228215039442	0.2031214661187754	-0.07095291175718155	0.22573472900858652	-0.4216419170099127	0.3051576577051989	-0.2174942064691596	0.07177478804179223	-0.2364909682026519	0.9999999999999984	-0.5950274711095398	0.21555381876319207	-0.18196879643769692	0.23691279335011858	-0.3630808503317982	0.29071020180320334	-0.21637353801391226	0.17619644409500823	-0.07591315834486269	0.12514012145930756	-0.13540967168306303	0.1784408883725737	-0.20543144581712164	0.06334464672009486	-0.12121105559788473	0.12272745927329942	-0.1473379254397498	0.11605526140294381
-0.06875006770681608	0.07518709426061967	-0.06549611462073009	0.07165852076574857	-0.09431305742993912	0.08382689791183366	-0.09663620473846019	0.06318811546868353	-0.08243488545871104	0.07112015297474975	-0.11757605856469204	0.1350000403344044	-0.12319666705520445	0.11834075954169938	-0.11804204323363832	0.15482037155324518	-0.18784878432426766	0.18649815655092758	-0.1996177011826189	0.06383071544057065	-0.18436325089632935	0.268869837346428	-0.42972965917582717	0.2104672641495159	-0.06586971382478374	0.1649933631318369	-0.5950274711095398	0.9999999999999969	-0.30121798205992234	0.18190177491187787	-0.2012592237013957	0.26499093642916144	-0.47143764431477675	0.21481460589043502	-0.1840356576988759	0.06201013937815612	-0.10775730042463835	0.1278260943049549	-0.1738733842986891	0.17382168251340743	-0.05285750050849753	0.09973544522398567	-0.11921269540084413	0.12741600413824442	-0.10270295513325703
0.06181781825755721	-0.06819731285116229	0.0601889077219988	-0.06924831150908352	0.0910515274662788	-0.07477710369634921	0.08688823031074325	-0.05812241968827856	0.07938256200466126	-0.07010024652390293	0.10227970113964724	-0.12081348859042558	0.11427134951026664	-0.11386348318038986	0.11666621205997026	-0.13114102963498583	0.15645492105346365	-0.1791396216542519	0.25795134492267935	-0.0963253309858707	0.13827760131276742	-0.16582021898308882	0.19984740419234148	-0.5108851018986982	0.09881701222036168	-0.12088006858739093	0.21555381876319207	-0.30121798205992234	1.0000000000000002	-0.5420264857674052	0.1506727220665452	-0.179641534017143	0.21349900422823112	-0.37900688970831325	0.29460354507460235	-0.04898773177929146	0.08102716592476583	-0.09919586614221139	0.2143372643339285	-0.22055428454555945	0.04164369785466772	-0.07793684856056776	0.09364543251965018	-0.14897238179467037	0.1183706506018349
-0.05363163160934299	0.05862430807763362	-0.05267011378026858	0.06165988010314739	-0.08265270710368355	0.0641936464965868	-0.07567706368687017	0.05043481464876444	-0.07133027736439622	0.06374975288189264	-0.08808186414151324	0.10195820348485726	-0.0988791856873656	0.09788087218628123	-0.10809747299507722	0.10991677846747261	-0.1337657046940283	0.14086233190627118	-0.21858217784187645	0.10371515740940071	-0.12035030150779971	0.1316073246904789	-0.16103753851045252	0.23452037498376713	-0.11930412511417912	0.10232488768833949	-0.18196879643769692	0.18190177491187787	-0.5420264857674052	0.999999999999993	-0.1335277911182401	0.14731960617171266	-0.18288711349681988	0.2673261794284715	-0.6843439175837662	0.0420055695510484	-0.06991315011752146	0.08495849227740207	-0.20700515249731952	0.2007677479221946	-0.03600341766480001	0.06641938606227732	-0.0826796711733051	0.13059475780879293	-0.11326299175220782
0.08739666483308735	-0.09764948875946158	0.08093044012498196	-0.08672998423037087	0.1124569733075522	-0.1087705451333325	0.12028933621987137	-0.07867436772855586	0.09793625445896816	-0.08408811208696229	0.1496585195384947	-0.1645978271735796	0.13897197036624662	-0.14128867378857693	0.13718137310515727	-0.22296319845213747	0.17808351332421302	-0.17375870237376415	0.16473145393592944	-0.059713666084560586	0.2894830219912554	-0.19740747192267996	0.1884582738767032	-0.15918106337582005	0.06072703790292359	-0.6036715867918274	0.23691279335011858	-0.2012592237013957	0.1506727220665452	-0.1335277911182401	0.9999999999999934	-0.47983362001694574	0.24118948799829468	-0.17312402829530274	0.1426181582687948	-0.11266415399105845	0.14463068812598226	-0.12870664562838421	0.15550596778435052	-0.18268615719607664	0.08905218270564497	-0.1400838205871378	0.12024296578200898	-0.13354336539655196	0.10546232667986169
-0.07369987959431845	0.07987625832531854	-0.0697757283475585	0.07544924684539954	-0.10102400841764032	0.08892285808010372	-0.10327594441968323	0.06667657466947487	-0.08706798045857883	0.07482986254243629	-0.12495822784439745	0.13568323102214097	-0.12339837839725862	0.1199782268490174	-0.12462684341392682	0.16367438419627808	-0.16985988228387328	0.16146256077405244	-0.1746112432246689	0.058713226422963664	-0.22802957041810903	0.19658244580918358	-0.21900926788797348	0.16454971188271686	-0.060513338021969704	0.22784489113354614	-0.3630808503317982	0.26499093642916144	-0.179641534017143	0.14731960617171266	-0.47983362001694574	0.9999999999999931	-0.5705425681833454	0.2085170904509688	-0.17024514366856447	0.11288576543294776	-0.26697753977852917	0.18043432865544806	-0.18940963776211503	0.17893084286171396	-0.09844997227304136	0.18545087334217158	-0.17675897390112702	0.14038578647659966	-0.11565967613297262
0.07045238257722133	-0.07804835322460307	0.06735597134451887	-0.07492668023078285	0.09893584681817551	-0.08549999335572661	0.09820000088714803	-0.06497801035658558	0.0855697647886923	-0.07405225483844421	0.11650061637131326	-0.13358754807779746	0.12070181297087955	-0.12070143214692483	0.12226944142193275	-0.15502537029165983	0.16321456488623143	-0.16787599825924548	0.17940208536779598	-0.06417121738813027	0.17825554147537154	-0.19962787981889574	0.22259024982340697	-0.19095351554940215	0.06529082790864395	-0.18132742396695156	0.29071020180320334	-0.47143764431477675	0.21349900422823112	-0.18288711349681988	0.24118948799829468	-0.5705425681833454	0.9999999999999938	-0.34802218815189584	0.19569898690177537	-0.09215549275527643	0.16885548964189298	-0.24989927085289762	0.21643209871359084	-0.21598295511959162	0.07738683872313179	-0.15879071809058243	0.18558964387134877	-0.16778824007685914	0.1301700750364013
-0.061676865166215025	0.0672840592102283	-0.06011695826469094	0.06848362744221681	-0.09266742382709947	0.07364997004447212	-0.08684124688023882	0.057388236704065475	-0.07939611533345342	0.06926570946985533	-0.100916964381052	0.11499388066288252	-0.1098709710535072	0.10782850091978863	-0.11647922143707222	0.1267287209914389	-0.1480704402780246	0.15158683893211758	-0.21205479627178458	0.07231316332903961	-0.14468530792201933	0.15088383726506782	-0.18091528203116355	0.21516334483534694	-0.07548648321062264	0.12632027554744507	-0.21637353801391226	0.21481460589043502	-0.37900688970831325	0.2673261794284715	-0.17312402829530274	0.2085170904509688	-0.34802218815189584	0.999999999999995	-0.445763019684902	0.05748538967488695	-0.09927528829610278	0.12782072320979865	-0.5775584340711005	0.2697210858202538	-0.04947651961778654	0.09310960479460627	-0.12404210259048833	0.20293476887669962	-0.1671853129883786
0.05706803228813656	-0.06310359097989653	0.055861006937049595	-0.06525088872088779	0.08681494009559539	-0.06835850107032884	0.07996015328070942	-0.053676037759471835	0.07471843011647601	-0.06640865476457034	0.09217473738423249	-0.10748755491860469	0.10177984728769089	-0.10326283586647879	0.11064283206247251	-0.11687659102888227	0.13225767643743028	-0.1428894119889216	0.1864523950595482	-0.0953247762070991	0.12535870470983482	-0.13404159764754076	0.15461011322134105	-0.22780243646878282	0.09505108883440005	-0.11038649061624242	0.17619644409500823	-0.1840356576988759	0.29460354507460235	-0.6843439175837662	0.1426181582687948	-0.17024514366856447	0.19569898690177537	-0.445763019684902	0.9999999999999932	-0.04898030977895285	0.08078822093375705	-0.10220988232765907	0.24870216703529863	-0.3231345350138013	0.04166021165667567	-0.07849714247998386	0.09738825389707093	-0.18112200343426177	0.15056510653377705
-0.022125080029393895	0.02412276672709776	-0.021139596035752193	0.023259691012915605	-0.03149435806539309	0.02651535962352786	-0.030929759758275093	0.020152291827606323	-0.026856777721919484	0.02310507673906664	-0.036519577281093764	0.03994636671759362	-0.036646106783097245	0.03616046119742264	-0.03853193167291328	0.047551515267075045	-0.047677657111360384	0.04589920406325603	-0.05004344095469658	0.017429330870855228	-0.06219542007672379	0.05102087123105361	-0.05590343006926062	0.04651240864049529	-0.017956173447811186	0.06492628977316367	-0.07591315834486269	0.06201013937815612	-0.04898773177929146	0.0420055695510484	-0.11266415399105845	0.11288576543294776	-0.09215549275527643	0.05748538967488695	-0.04898030977895285	0.9999999999999938	-0.3087541969585389	0.11186737885377705	-0.06038690291487766	0.0602507918213507	-0.896752187611669	0.2501505629083089	-0.12703404989070122	0.05696779060663739	-0.04691949327328653
0.03412042580833868	-0.03734753774829903	0.032681953952817346	-0.03617228542344809	0.048797821586700846	-0.040924386376043675	0.04767894580194635	-0.03121958745726325	0.04167978200360312	-0.03591982916095297	0.056080327179027716	-0.06212246621824292	0.05702679768048024	-0.056485748136884256	0.05980677741551472	-0.07288917488036695	0.07472123149138253	-0.0729560253610761	0.07984490931745841	-0.027982185651997168	0.09173727136886424	-0.08189135333673449	0.0901786187864288	-0.07600369861562249	0.028754243312812965	-0.0919530265518443	0.12514012145930756	-0.10775730042463835	0.08102716592476583	-0.06991315011752146	0.14463068812598226	-0.26697753977852917	0.16885548964189298	-0.09927528829610278	0.08078822093375705	-0.3087541969585389	0.9999999999999948	-0.3130104936643882	0.10131004872633217	-0.10179603679949877	0.23233650359341326	-0.7845387821952556	0.24105097465490474	-0.10045349248493615	0.07924676884178647
-0.03673243790238735	0.04012404434101979	-0.035456638151114266	0.03966694996022154	-0.05387232000122972	0.04386564786633166	-0.05147070683704927	0.033798863197231674	-0.045876528266948574	0.03961982729152441	-0.05995780310161963	0.06696227930246551	-0.06241570119854382	0.06163245646063763	-0.06623196887663407	0.07660755707617245	-0.08208967016815163	0.08087929766933807	-0.09259648648901869	0.032215430797555296	-0.09307826022625829	0.08921626092561197	-0.10210479282531212	0.08846535833151124	-0.033189597695219716	0.08709570721652418	-0.13540967168306303	0.1278260943049549	-0.09919586614221139	0.08495849227740207	-0.12870664562838421	0.18043432865544806	-0.24989927085289762	0.12782072320979865	-0.10220988232765907	0.11186737885377705	-0.3130104936643882	0.999999999999995	-0.15048020624934602	0.13372500032047122	-0.10368649318257132	0.2346865177860122	-0.8410570467857158	0.16335416145238668	-0.13439454716893698
0.05875338637910962	-0.0646678276479357	0.05750130106505803	-0.06623366231954964	0.09001006684892154	-0.06985030615692797	0.08230557455888	-0.05488159106109536	0.0764186577642453	-0.06662776251128559	0.09381647603900059	-0.10745380372902072	0.10187960222970198	-0.10231399386373638	0.11134224417523758	-0.11794138354711566	0.13022667406556432	-0.13482997277545694	0.1678419092368524	-0.06379861578079872	0.13103287890608456	-0.1316356912558309	0.15011461203524284	-0.18003204300467776	0.06496037620388821	-0.11602549112661484	0.1784408883725737	-0.1738733842986891	0.2143372643339285	-0.20700515249731952	0.15550596778435052	-0.18940963776211503	0.21643209871359084	-0.5775584340711005	0.24870216703529863	-0.06038690291487766	0.10131004872633217	-0.15048020624934602	0.9999999999999939	-0.5105876569826587	0.05154487905395251	-0.10021157744927826	0.14158368268212101	-0.41922807765528003	0.26059581884014105
-0.06820809612772595	0.07343858776097432	-0.06748073983638278	0.07781290635643202	-0.10962838083165365	0.07988977387848091	-0.09647518481781063	0.06345453809176319	-0.09156826041877138	0.07937571730176189	-0.10860506070760818	0.1208530994941629	-0.11875419021349091	0.11599572959961683	-0.13508753773244783	0.131323141252816	-0.1515510509799151	0.14826435404479474	-0.19836061274743272	0.06783407002853216	-0.1545946027879649	0.1448944701506162	-0.17035087291928877	0.17599841470381802	-0.07113415503303074	0.12830231194429637	-0.20543144581712164	0.17382168251340743	-0.22055428454555945	0.2007677479221946	-0.18268615719607664	0.17893084286171396	-0.21598295511959162	0.2697210858202538	-0.3231345350138013	0.0602507918213507	-0.10179603679949877	0.13372500032047122	-0.5105876569826587	0.9999999999999923	-0.0526558192323225	0.09644069522450172	-0.1420778817694774	0.31363490076657535	-0.548794157654296
0.01885266624913768	-0.020645342687051635	0.018015846452573554	-0.0198816183826947	0.026834232001457237	-0.022631168198012502	0.02631113747665971	-0.01720710858419236	0.022899251741811073	-0.019712777925986538	0.03100452130233112	-0.03414879369114829	0.031200897592672916	-0.03096610814903221	0.03280613675833419	-0.04063476143423001	0.040368467057747076	-0.03915746464090505	0.04239244822031285	-0.014903589442055765	0.05179134536327017	-0.04325410773127377	0.0470832803763432	-0.03977205928915102	0.015325490434080945	-0.05546228271441045	0.06334464672009486	-0.05285750050849753	0.04164369785466772	-0.03600341766480001	0.08905218270564497	-0.09844997227304136	0.07738683872313179	-0.04947651961778654	0.04166021165667567	-0.896752187611669	0.23233650359341326	-0.10368649318257132	0.05154487905395251	-0.0526558192323225	0.9999999999999926	-0.34717583416318937	0.11067253815971342	-0.050271012694307005	0.04043115904363666
-0.03269954977796597	0.03555444876108544	-0.03137437702992786	0.03466321936369006	-0.04710132962209705	0.03906130183495031	-0.04582121195969107	0.029861346666095176	-0.040122804695739464	0.03455023914911203	-0.053837262393425345	0.05908641342700147	-0.054754265374878486	0.05378883202824155	-0.05775974856164734	0.0690303557313086	-0.07203072060645475	0.06948295817028315	-0.07750248916615259	0.026745437205848044	-0.08925855020041026	0.0778082069364888	-0.0870808235048005	0.07220997788608957	-0.027587882113350837	0.085274559858412	-0.12121105559788473	0.09973544522398567	-0.07793684856056776	0.06641938606227732	-0.1400838205871378	0.18545087334217158	-0.15879071809058243	0.09310960479460627	-0.07849714247998386	0.2501505629083089	-0.7845387821952556	0.2346865177860122	-0.10021157744927826	0.09644069522450172	-0.34717583416318937	0.9999999999999937	-0.3163882620726827	0.09947599078658477	-0.08148010600671436
0.0357019815773877	-0.039226619691147734	0.03448067547909903	-0.038760195890287036	0.052456253832269456	-0.042687806646621	0.04990326365491925	-0.032938803031392724	0.0446697048111126	-0.038616688608774756	0.0578977852730488	-0.06513867046081556	0.06041552656768248	-0.060230455186824836	0.06435677368942155	-0.07445311835700556	0.07830672338690091	-0.07807104332419224	0.0881072564660764	-0.03139068350910525	0.08815057822857682	-0.08451263351701233	0.09449474066401557	-0.08559972648604018	0.03220406380998704	-0.084216239626475	0.12272745927329942	-0.11921269540084413	0.09364543251965018	-0.0826796711733051	0.12024296578200898	-0.17675897390112702	0.18558964387134877	-0.12404210259048833	0.09738825389707093	-0.12703404989070122	0.24105097465490474	-0.8410570467857158	0.14158368268212101	-0.1420778817694774	0.11067253815971342	-0.3163882620726827	0.9999999999999939	-0.21488999430620492	0.13774968596831944
