1.0	-0.6602640025463598	0.29176225057754646	-0.13022694158565618	0.10826820204230617	-0.4205311559232358	0.24899148231735901	-0.28660757956005334	0.19387560831421494	-0.16221972817582941	0.23445596270463798	-0.2547677544397883	0.17451283039439197	-0.16766146123385164	0.12813363586736065	-0.18804571250424343	0.16794595762697218	-0.1802027973524285	0.1346775451932439	-0.1290414719597943	0.14197610676080744	-0.13011414507746585	0.1307210695805285	-0.13514195432352183	0.12386581234373993	-0.09859750594564312	0.11734343855066999	-0.1324201411499557	0.10584302789207943	-0.13215453795517515	0.11232308061775559	-0.09185803029817204	0.09807082895045424	-0.09843064241061693	0.10884430345419283	-0.18176524962399473	0.09374584141738629	-0.06752391037454988	0.07107230938832403	-0.13885456386134537
-0.6602640025463598	1.0000000000000004	-0.5862118512950497	0.1085382798278145	-0.09322150438633599	0.21712906295117423	-0.2593314371800126	0.25984365404732457	-0.18065935694000237	0.12489751859272036	-0.1788467171066039	0.1922709297215072	-0.14164662082242474	0.12261280691550172	-0.10073956698478774	0.12886418236142497	-0.12909119660457438	0.13247875666074546	-0.1014782316535764	0.09536931620915558	-0.10638851718002026	0.09517599460727226	-0.09696385497491478	0.09845405973000772	-0.09338250718171646	0.07168961320227818	-0.08661045952618597	0.09556062600626587	-0.07693998277558875	0.0940834399365993	-0.08221323481008766	0.06646875713746354	-0.0717820978033778	0.06954776591713328	-0.07784803441120026	0.12459851920158607	-0.06717447982655979	0.04808557675638736	-0.05068296902998249	0.09580776972225472
0.29176225057754646	-0.5862118512950497	1.0000000000000004	-0.1691890171301747	0.1289612627862133	-0.21266368550290718	0.2515236949549927	-0.5753688980221301	0.23852368534950344	-0.18165433906732215	0.16536868160814158	-0.23154552768578074	0.1736356148427124	-0.1628095210975769	0.13180679988377228	-0.14411939210720867	0.1388313066964538	-0.17113033223533175	0.12923698528161462	-0.12880117218287795	0.12585242722720924	-0.1145193678330938	0.11996029643684435	-0.12750101577859385	0.11941816006929128	-0.0877143899340227	0.10495050156877904	-0.1207468924703142	0.09811209919766138	-0.12247981612311591	0.10058462748895663	-0.08233509436404388	0.0883691949267831	-0.08895586610823181	0.09916649315735153	-0.16111099213576074	0.08451095159349811	-0.06080668656878164	0.06422468728019014	-0.125135856607069
-0.13022694158565618	0.1085382798278145	-0.1691890171301747	1.0000000000000004	-0.7932932264923895	0.09172013081505852	-0.12189497774050881	0.16999085764904526	-0.44000083892116154	0.2779720199532826	-0.08618552272672259	0.10866109668733089	-0.10515268206155186	0.1240268336989017	-0.18393718286458977	0.07820691997485164	-0.0828681882524944	0.10181501887068095	-0.10367286561015347	0.13213010975348885	-0.0890181963644217	0.0773875943270161	-0.08662018058640095	0.10235589639465685	-0.11538203784546629	0.06125655904541399	-0.07429752536187961	0.08606646504541278	-0.07581807586872252	0.09350495688430552	-0.07212354764389127	0.05817787786646652	-0.06385770058241834	0.06400871427728255	-0.0743097441680682	0.10796623295234048	-0.06120519526254025	0.0435648218302492	-0.04660306727707812	0.08830633190901785
0.10826820204230617	-0.09322150438633599	0.1289612627862133	-0.7932932264923895	1.0000000000000007	-0.0821200023968079	0.10341425516531995	-0.1440214827702317	0.27413761746818227	-0.45380872279111495	0.0768216877446976	-0.09922840277162642	0.09733395080724974	-0.1266889160839587	0.19111926023808343	-0.07367758281988894	0.07723887959248417	-0.09863533066852442	0.10206718205580494	-0.15252692988567557	0.08657791802807681	-0.07634902267374517	0.08617329786103402	-0.10744213780183405	0.11704944776251133	-0.060833460364531126	0.07341746906081273	-0.08755961635321687	0.07783133139733033	-0.09869514580154702	0.0712576433166235	-0.05824779067198622	0.0634982471121384	-0.06557866852802431	0.07544295202837804	-0.11133424585473603	0.06160244784307802	-0.04413811661278775	0.04725791770468353	-0.09207065991514943
-0.4205311559232358	0.21712906295117423	-0.21266368550290718	0.09172013081505852	-0.0821200023968079	1.0000000000000004	-0.3717458105547874	0.2023333138966355	-0.15903756820868845	0.11483880235253605	-0.68678038616841	0.2727733555432814	-0.17248177805427692	0.1337073356646393	-0.10211613955612914	0.2362095773698566	-0.23498458438925235	0.15936035833234044	-0.11546610934100407	0.09807373906326423	-0.14380410280697137	0.12940694642530481	-0.12025939748772618	0.11105866120107093	-0.10295996509385491	0.09071105427417649	-0.1121087425060941	0.11464364582223834	-0.08866251758711197	0.10513127209690047	-0.10133303839349579	0.08168919662227027	-0.0880017700504212	0.07914248958468718	-0.08759521322704368	0.1406154755879305	-0.07804342059051465	0.05580070928833112	-0.05828214705564169	0.10463241359445918
0.24899148231735901	-0.2593314371800126	0.2515236949549927	-0.12189497774050881	0.10341425516531995	-0.3717458105547874	1.0	-0.4465487101055277	0.21059262628203568	-0.15033471590159433	0.2571415038402152	-0.6398614661320591	0.23128716004883287	-0.17324317788634855	0.12307320136520149	-0.19607419710308632	0.1905952218253009	-0.21340762395278476	0.14027792255233265	-0.11947626943843002	0.140621921825164	-0.131741804446754	0.13342833088014844	-0.13062534997298306	0.11968616652183961	-0.09471297594182589	0.11553511684314606	-0.12936212821900211	0.10128672651354717	-0.12221483544201062	0.10633254169134466	-0.08764278593687244	0.09386375683899967	-0.08895165212089698	0.09869729123448037	-0.15801706704553573	0.08579259643729635	-0.0616626842845415	0.06474811960865928	-0.12003996107613629
-0.28660757956005334	0.25984365404732457	-0.5753688980221301	0.16999085764904526	-0.1440214827702317	0.2023333138966355	-0.4465487101055277	1.0000000000000002	-0.44831920036276646	0.19188966318523523	-0.18107892967700462	0.252761109920361	-0.23310428199165176	0.16799266847473104	-0.14567420616331264	0.1432265638388984	-0.149946359288081	0.18199068879907837	-0.13861593413101592	0.13042171410111328	-0.1300452142262634	0.11652097963052296	-0.12471465872573466	0.12853548798583836	-0.12509804652406167	0.08779878473757959	-0.1070354176472805	0.12058654065093628	-0.09851344130797944	0.11943280626901716	-0.10103433055848324	0.08198906327531455	-0.08900887734746389	0.08580110578267933	-0.09697130617361428	0.14979372488004547	-0.08280544869517338	0.05919494549734402	-0.06259896575496432	0.11700761853002557
0.19387560831421494	-0.18065935694000237	0.23852368534950344	-0.44000083892116154	0.27413761746818227	-0.15903756820868845	0.21059262628203568	-0.44831920036276646	1.0000000000000007	-0.47927262860886316	0.1432698345654762	-0.2028685278176317	0.18348797239701894	-0.24382101769795428	0.23844232228130022	-0.1362373228482216	0.13974075131104327	-0.1845299101872446	0.1782445578554841	-0.22161745523979828	0.148554335927385	-0.13320698859451402	0.14774842818185407	-0.1786280757762983	0.17722617900533305	-0.10510721928011614	0.12621625634508374	-0.15067163882835233	0.13046037339405453	-0.16620880437598096	0.12212403755475337	-0.10039171861555096	0.10859901128065912	-0.11278537134885991	0.12797477035240784	-0.196343825995887	0.10557001474464389	-0.07593951880345466	0.08099207365915927	-0.16013346185130536
-0.16221972817582941	0.12489751859272036	-0.18165433906732215	0.2779720199532826	-0.45380872279111495	0.11483880235253605	-0.15033471590159433	0.19188966318523523	-0.47927262860886316	1.0000000000000002	-0.11122922352745057	0.13652697393559476	-0.14180430001108318	0.1774694102341736	-0.5485165496821797	0.10351537009706437	-0.11190225341940638	0.13871529109219233	-0.1560885048862197	0.24336932804650224	-0.12674290062598684	0.10944627982058548	-0.1268622767484946	0.15723069292692904	-0.2057989418698456	0.0866967326425159	-0.10629512136755566	0.12426229170144464	-0.11388602946174041	0.13813559845587733	-0.10242395977395172	0.08273675672246035	-0.0915201314250469	0.09086500876687814	-0.1073711136016084	0.1477996102364401	-0.08699702526700234	0.06173087354664466	-0.06636177865069158	0.12299202629010919
0.23445596270463798	-0.1788467171066039	0.16536868160814158	-0.08618552272672259	0.0768216877446976	-0.68678038616841	0.2571415038402152	-0.18107892967700462	0.1432698345654762	-0.11122922352745057	0.9999999999999978	-0.3750151329295836	0.17796931095679974	-0.14050964348166284	0.09987218150506048	-0.4324040806923835	0.25302797767153923	-0.177429845934447	0.11876983948225305	-0.09888311133386918	0.1466970126879816	-0.14151298241314852	0.1256975498722294	-0.11561007020897109	0.1038722586848488	-0.09500460280722942	0.11608020817483083	-0.12150467240007713	0.09193592949897071	-0.10986293245837084	0.10322474791529178	-0.08541815503224107	0.09033425015247938	-0.08217677140410598	0.08972520620349143	-0.14842103132412698	0.0801078438941692	-0.05770464449951608	0.06004546383623107	-0.10883898910305889
-0.2547677544397883	0.1922709297215072	-0.23154552768578074	0.10866109668733089	-0.09922840277162642	0.2727733555432814	-0.6398614661320591	0.252761109920361	-0.2028685278176317	0.13652697393559476	-0.3750151329295836	0.999999999999999	-0.38934228417562533	0.18080008148573978	-0.12627061924324812	0.22414556990912993	-0.27712065629869087	0.23995083360928665	-0.15791833607911038	0.11913522394258043	-0.1641079982064253	0.1521693076660365	-0.1530274689481196	0.1383481894406668	-0.128108439947125	0.10527044557927541	-0.13204732183614204	0.14014684706771544	-0.10867763992754366	0.1263970136436331	-0.11795454088214759	0.09610191597109895	-0.10407359521795453	0.09284943503436392	-0.10369701901184149	0.16081487399135297	-0.09151623872507243	0.06537854465425202	-0.06847918128791097	0.12112640957430396
0.17451283039439197	-0.14164662082242474	0.1736356148427124	-0.10515268206155186	0.09733395080724974	-0.17248177805427692	0.23128716004883287	-0.23310428199165176	0.18348797239701894	-0.14180430001108318	0.17796931095679974	-0.38934228417562533	1.0000000000000002	-0.34753036791196845	0.14339031088317283	-0.18263347159345805	0.1968365991838285	-0.7024603035612849	0.2492215373601901	-0.14381401162817764	0.1697728976743086	-0.17058796024817457	0.21036477037649012	-0.18940728463831766	0.1580166607771038	-0.1170062669051298	0.1476229803451207	-0.18903826428140444	0.13903480640944862	-0.15971469732804316	0.12839872775979136	-0.11096422923941895	0.11851865956045965	-0.10814314710261347	0.11964143803357066	-0.18214246565648068	0.10336409553539004	-0.0748181535073886	0.0785026317818332	-0.13912038155763629
-0.16766146123385164	0.12261280691550172	-0.1628095210975769	0.1240268336989017	-0.1266889160839587	0.1337073356646393	-0.17324317788634855	0.16799266847473104	-0.24382101769795428	0.1774694102341736	-0.14050964348166284	0.18080008148573978	-0.34753036791196845	0.9999999999999966	-0.2383765777418182	0.13831874794609425	-0.15839657109182106	0.2704183212462685	-0.7347149671681037	0.20198235291688343	-0.1791532406806537	0.15693981527625508	-0.20331107614177016	0.24991425413223084	-0.2383450451419262	0.11885249216191478	-0.15123972425296184	0.17922601370483554	-0.16991748620443478	0.1797820189377864	-0.1386790625615872	0.11333977257007019	-0.12685584698558944	0.11680351313300659	-0.13835769197382894	0.179811267158204	-0.11380427794269425	0.08042933400816896	-0.08643028797790499	0.1474189260052731
0.12813363586736065	-0.10073956698478774	0.13180679988377228	-0.18393718286458977	0.19111926023808343	-0.10211613955612914	0.12307320136520149	-0.14567420616331264	0.23844232228130022	-0.5485165496821797	0.09987218150506048	-0.12627061924324812	0.14339031088317283	-0.2383765777418182	0.9999999999999968	-0.10364906827323943	0.11096777508433618	-0.15253740166538995	0.187774967942217	-0.6088135613238957	0.13553365142878684	-0.12291866000222697	0.14769554636324364	-0.2180376938847158	0.2624645517489166	-0.09654883592798098	0.11857018560129608	-0.15107681545235194	0.14246532320822078	-0.18437093687904682	0.1113886795021122	-0.09405250726538522	0.10234782365645316	-0.10676553212997908	0.1229982216870993	-0.17059861812844956	0.09764227452712593	-0.07052387217861694	0.07597152471867519	-0.1461338886023962
-0.18804571250424343	0.12886418236142497	-0.14411939210720867	0.07820691997485164	-0.07367758281988894	0.2362095773698566	-0.19607419710308632	0.1432265638388984	-0.1362373228482216	0.10351537009706437	-0.4324040806923835	0.22414556990912993	-0.18263347159345805	0.13831874794609425	-0.10364906827323943	0.9999999999999993	-0.7436024417607648	0.18450140734958256	-0.1291035850427706	0.10114208172537535	-0.23402470054880561	0.21621752538572755	-0.16459291157984463	0.12937789494056262	-0.1158978140765556	0.1287391483980104	-0.16703843206308294	0.1475786303895697	-0.10652504904159696	0.12076617047860662	-0.13414290145119676	0.10916776670408847	-0.11588171457532795	0.09275302788603318	-0.09988920765939627	0.1649210861867415	-0.09375860418653857	0.06735936376892951	-0.06911432905645237	0.1154014875842353
0.16794595762697218	-0.12909119660457438	0.1388313066964538	-0.0828681882524944	0.07723887959248417	-0.23498458438925235	0.1905952218253009	-0.149946359288081	0.13974075131104327	-0.11190225341940638	0.25302797767153923	-0.27712065629869087	0.1968365991838285	-0.15839657109182106	0.11096777508433618	-0.7436024417607648	0.9999999999999943	-0.24789893831258114	0.14370175563572368	-0.11243140253474151	0.22437776577215635	-0.3398576692811629	0.1883969186843277	-0.1498785248178491	0.126766002987538	-0.14346472707285418	0.18400363512701834	-0.1754711392166677	0.12055514039210091	-0.13921813426350577	0.14151425448061333	-0.12523703827448124	0.12605353635591954	-0.10442792558121648	0.1103572867974671	-0.18895008138602343	0.10283997321072032	-0.07498128233841667	0.07654097324517367	-0.13056259563082923
-0.1802027973524285	0.13247875666074546	-0.17113033223533175	0.10181501887068095	-0.09863533066852442	0.15936035833234044	-0.21340762395278476	0.18199068879907837	-0.1845299101872446	0.13871529109219233	-0.177429845934447	0.23995083360928665	-0.7024603035612849	0.2704183212462685	-0.15253740166538995	0.18450140734958256	-0.24789893831258114	0.9999999999999961	-0.3471819993815995	0.1504299949694669	-0.19966233711842998	0.19494953645412288	-0.3261431066719811	0.21212264821747068	-0.18072610386832816	0.1299515704885318	-0.17266548903430873	0.2093663878119161	-0.1584181292168836	0.16779170480061367	-0.14418333024451355	0.12243201239754693	-0.13480158265675657	0.1139990188532013	-0.12864680937908132	0.18453395497057068	-0.11182698653826002	0.08024148200988179	-0.08431219563909556	0.141751570170234
0.1346775451932439	-0.1014782316535764	0.12923698528161462	-0.10367286561015347	0.10206718205580494	-0.11546610934100407	0.14027792255233265	-0.13861593413101592	0.1782445578554841	-0.1560885048862197	0.11876983948225305	-0.15791833607911038	0.2492215373601901	-0.7347149671681037	0.187774967942217	-0.1291035850427706	0.14370175563572368	-0.3471819993815995	0.9999999999999992	-0.22467322006297338	0.1625471115620855	-0.15644935441832147	0.2093789069991782	-0.38135353023488694	0.22830764425739603	-0.11302158242725337	0.1444303063625902	-0.19316983443487193	0.18024751599538197	-0.20061600741338154	0.12669988040432206	-0.10994684692593207	0.1196916646862363	-0.11492041881686632	0.13066001019100218	-0.17491257005921618	0.10642547060412567	-0.07690235082699673	0.08242011425252477	-0.14457466907736774
-0.1290414719597943	0.09536931620915558	-0.12880117218287795	0.13213010975348885	-0.15252692988567557	0.09807373906326423	-0.11947626943843002	0.13042171410111328	-0.22161745523979828	0.24336932804650224	-0.09888311133386918	0.11913522394258043	-0.14381401162817764	0.20198235291688343	-0.6088135613238957	0.10114208172537535	-0.11243140253474151	0.1504299949694669	-0.22467322006297338	0.9999999999999958	-0.14211105125095289	0.1255605920480912	-0.16401711975420147	0.24275577911006208	-0.5846244349253736	0.09724953485865794	-0.12336860941333887	0.15326878459227478	-0.15951399975543648	0.1834271322106221	-0.11347910262525311	0.0944827111133704	-0.10546019403941974	0.10342679869849708	-0.12549238702688048	0.1550664288364406	-0.09710724763788034	0.06918480859706355	-0.07518010633665796	0.1339564296140657
0.14197610676080744	-0.10638851718002026	0.12585242722720924	-0.0890181963644217	0.08657791802807681	-0.14380410280697137	0.140621921825164	-0.1300452142262634	0.148554335927385	-0.12674290062598684	0.1466970126879816	-0.1641079982064253	0.1697728976743086	-0.1791532406806537	0.13553365142878684	-0.23402470054880561	0.22437776577215635	-0.19966233711842998	0.1625471115620855	-0.14211105125095289	0.9999999999999947	-0.5396033904216511	0.2520340120104586	-0.20412359199255908	0.16590580762494525	-0.46907230543071754	0.3042002926820266	-0.27246960316809393	0.17412733418630563	-0.20621721903613083	0.2865421192622061	-0.21881569042651008	0.20199977940521344	-0.17382814152123882	0.17003342465881444	-0.39739915691488886	0.17140225667448544	-0.12682277057346358	0.12535925540403642	-0.2107053001281396
-0.13011414507746585	0.09517599460727226	-0.1145193678330938	0.0773875943270161	-0.07634902267374517	0.12940694642530481	-0.131741804446754	0.11652097963052296	-0.13320698859451402	0.10944627982058548	-0.14151298241314852	0.1521693076660365	-0.17058796024817457	0.15693981527625508	-0.12291866000222697	0.21621752538572755	-0.3398576692811629	0.19494953645412288	-0.15644935441832147	0.1255605920480912	-0.5396033904216511	0.9999999999999983	-0.42615504621785577	0.1982333443671626	-0.1614961686988353	0.24868622041222893	-0.488052237259084	0.27588297710798654	-0.16984639637304988	0.17684643359870184	-0.2243388790690577	0.20412430161192333	-0.20618986489062696	0.13541912996228084	-0.13829931991851857	0.24122429249947913	-0.13939067171399305	0.10244904813657782	-0.10181857806701297	0.15580818987279746
0.1307210695805285	-0.09696385497491478	0.11996029643684435	-0.08662018058640095	0.08617329786103402	-0.12025939748772618	0.13342833088014844	-0.12471465872573466	0.14774842818185407	-0.1268622767484946	0.1256975498722294	-0.1530274689481196	0.21036477037649012	-0.20331107614177016	0.14769554636324364	-0.16459291157984463	0.1883969186843277	-0.3261431066719811	0.2093789069991782	-0.16401711975420147	0.2520340120104586	-0.42615504621785577	0.9999999999999905	-0.4068716731276772	0.21738026836308044	-0.1820933392067536	0.2632174148011988	-0.5855271271375446	0.2466765672382011	-0.24706875903461634	0.17622614476041318	-0.180355790329861	0.18605485782089046	-0.14465480649306328	0.15320892188813298	-0.2258025525664552	0.1357560257443438	-0.10160745109821498	0.10426301043136169	-0.1677337407908774
-0.13514195432352183	0.09845405973000772	-0.12750101577859385	0.10235589639465685	-0.10744213780183405	0.11105866120107093	-0.13062534997298306	0.12853548798583836	-0.1786280757762983	0.15723069292692904	-0.11561007020897109	0.1383481894406668	-0.18940728463831766	0.24991425413223084	-0.2180376938847158	0.12937789494056262	-0.1498785248178491	0.21212264821747068	-0.38135353023488694	0.24275577911006208	-0.20412359199255908	0.1982333443671626	-0.4068716731276772	0.9999999999999911	-0.5303122083374403	0.13745125630483446	-0.190192745873042	0.26757434901886096	-0.4132197223924073	0.28021280764981776	-0.15321193561303093	0.13591363904200818	-0.15303854536526046	0.14103393315897828	-0.1671882612632081	0.19288321373400186	-0.1288636089473318	0.09289370706547549	-0.10204012566088216	0.1663382447180966
0.12386581234373993	-0.09338250718171646	0.11941816006929128	-0.11538203784546629	0.11704944776251133	-0.10295996509385491	0.11968616652183961	-0.12509804652406167	0.17722617900533305	-0.2057989418698456	0.1038722586848488	-0.128108439947125	0.1580166607771038	-0.2383450451419262	0.2624645517489166	-0.1158978140765556	0.126766002987538	-0.18072610386832816	0.22830764425739603	-0.5846244349253736	0.16590580762494525	-0.1614961686988353	0.21738026836308044	-0.5303122083374403	0.9999999999999919	-0.11922658701838106	0.15281093885164068	-0.21902785840559097	0.23359450248448937	-0.3138343260678051	0.13302142509168888	-0.1187345296409676	0.12899573627641983	-0.13319708450665801	0.15431632436313156	-0.19107770378834435	0.11728154169429873	-0.08563583644225428	0.0931742702927926	-0.1702880585242747
-0.09859750594564312	0.07168961320227818	-0.0877143899340227	0.06125655904541399	-0.060833460364531126	0.09071105427417649	-0.09471297594182589	0.08779878473757959	-0.10510721928011614	0.0866967326425159	-0.09500460280722942	0.10527044557927541	-0.1170062669051298	0.11885249216191478	-0.09654883592798098	0.1287391483980104	-0.14346472707285418	0.1299515704885318	-0.11302158242725337	0.09724953485865794	-0.46907230543071754	0.24868622041222893	-0.1820933392067536	0.13745125630483446	-0.11922658701838106	0.9999999999999898	-0.42641489192757864	0.20018524076421298	-0.12777456189379216	0.14139585252007622	-0.6713518290588268	0.19874919492815868	-0.1900247745483573	0.12654830070570416	-0.12390389198492958	0.2828552278782776	-0.13797282055355486	0.09889889928279563	-0.09644489697247574	0.14330533968795583
0.11734343855066999	-0.08661045952618597	0.10495050156877904	-0.07429752536187961	0.07341746906081273	-0.1121087425060941	0.11553511684314606	-0.1070354176472805	0.12621625634508374	-0.10629512136755566	0.11608020817483083	-0.13204732183614204	0.1476229803451207	-0.15123972425296184	0.11857018560129608	-0.16703843206308294	0.18400363512701834	-0.17266548903430873	0.1444303063625902	-0.12336860941333887	0.3042002926820266	-0.488052237259084	0.2632174148011988	-0.190192745873042	0.15281093885164068	-0.42641489192757864	0.9999999999999888	-0.40417897151015275	0.18231885391742994	-0.19877948031650958	0.2630687953892436	-0.4243976785024738	0.2669179946585751	-0.16054113364641442	0.15135199507020544	-0.2884690283353794	0.16332963147352658	-0.12585623770574547	0.11895705573565596	-0.17475382062830266
-0.1324201411499557	0.09556062600626587	-0.1207468924703142	0.08606646504541278	-0.08755961635321687	0.11464364582223834	-0.12936212821900211	0.12058654065093628	-0.15067163882835233	0.12426229170144464	-0.12150467240007713	0.14014684706771544	-0.18903826428140444	0.17922601370483554	-0.15107681545235194	0.1475786303895697	-0.1754711392166677	0.2093663878119161	-0.19316983443487193	0.15326878459227478	-0.27246960316809393	0.27588297710798654	-0.5855271271375446	0.26757434901886096	-0.21902785840559097	0.20018524076421298	-0.40417897151015275	0.9999999999999905	-0.4045175505652121	0.26270715785122534	-0.20818992592616517	0.22075125406862692	-0.2806603930852771	0.1616945158619171	-0.1763859476033673	0.22789242166367557	-0.15892679162065965	0.1190564340620127	-0.12194879521549411	0.1764035270403175
0.10584302789207943	-0.07693998277558875	0.09811209919766138	-0.07581807586872252	0.07783133139733033	-0.08866251758711197	0.10128672651354717	-0.09851344130797944	0.13046037339405453	-0.11388602946174041	0.09193592949897071	-0.10867763992754366	0.13903480640944862	-0.16991748620443478	0.14246532320822078	-0.10652504904159696	0.12055514039210091	-0.1584181292168836	0.18024751599538197	-0.15951399975543648	0.17412733418630563	-0.16984639637304988	0.2466765672382011	-0.4132197223924073	0.23359450248448937	-0.12777456189379216	0.18231885391742994	-0.4045175505652121	0.9999999999999887	-0.7084852690434621	0.13915911370143783	-0.13658351283850512	0.15333937689692415	-0.18263059313038293	0.19279171016232288	-0.1774881376497866	0.13303400453041087	-0.09894054615035718	0.11534985452196382	-0.18180494887822118
-0.13215453795517515	0.0940834399365993	-0.12247981612311591	0.09350495688430552	-0.09869514580154702	0.10513127209690047	-0.12221483544201062	0.11943280626901716	-0.16620880437598096	0.13813559845587733	-0.10986293245837084	0.1263970136436331	-0.15971469732804316	0.1797820189377864	-0.18437093687904682	0.12076617047860662	-0.13921813426350577	0.16779170480061367	-0.20061600741338154	0.1834271322106221	-0.20621721903613083	0.17684643359870184	-0.24706875903461634	0.28021280764981776	-0.3138343260678051	0.14139585252007622	-0.19877948031650958	0.26270715785122534	-0.7084852690434621	0.9999999999999865	-0.16581168528992277	0.1461132542882305	-0.17379953158053832	0.18524807057699597	-0.31267806706401324	0.19980211576232623	-0.15844788931568107	0.11276095337448068	-0.13248967623745772	0.21960899545226104
0.11232308061775559	-0.08221323481008766	0.10058462748895663	-0.07212354764389127	0.0712576433166235	-0.10133303839349579	0.10633254169134466	-0.10103433055848324	0.12212403755475337	-0.10242395977395172	0.10322474791529178	-0.11795454088214759	0.12839872775979136	-0.1386790625615872	0.1113886795021122	-0.13414290145119676	0.14151425448061333	-0.14418333024451355	0.12669988040432206	-0.11347910262525311	0.2865421192622061	-0.2243388790690577	0.17622614476041318	-0.15321193561303093	0.13302142509168888	-0.6713518290588268	0.2630687953892436	-0.20818992592616517	0.13915911370143783	-0.16581168528992277	0.9999999999999873	-0.2316871130462607	0.19507972814688118	-0.16332816659372568	0.1539790749431306	-0.5251786399246994	0.1737073349778969	-0.12511377741983618	0.12042854165398278	-0.18928149581159637
-0.09185803029817204	0.06646875713746354	-0.08233509436404388	0.05817787786646652	-0.05824779067198622	0.08168919662227027	-0.08764278593687244	0.08198906327531455	-0.10039171861555096	0.08273675672246035	-0.08541815503224107	0.09610191597109895	-0.11096422923941895	0.11333977257007019	-0.09405250726538522	0.10916776670408847	-0.12523703827448124	0.12243201239754693	-0.10994684692593207	0.0944827111133704	-0.21881569042651008	0.20412430161192333	-0.180355790329861	0.13591363904200818	-0.1187345296409676	0.19874919492815868	-0.4243976785024738	0.22075125406862692	-0.13658351283850512	0.1461132542882305	-0.2316871130462607	0.9999999999999863	-0.7654191435981238	0.17486088135649905	-0.14259983442829102	0.22428782478837492	-0.2282221188540362	0.17449433341640241	-0.15025473942072148	0.15728383613141772
0.09807082895045424	-0.0717820978033778	0.0883691949267831	-0.06385770058241834	0.0634982471121384	-0.0880017700504212	0.09386375683899967	-0.08900887734746389	0.10859901128065912	-0.0915201314250469	0.09033425015247938	-0.10407359521795453	0.11851865956045965	-0.12685584698558944	0.10234782365645316	-0.11588171457532795	0.12605353635591954	-0.13480158265675657	0.1196916646862363	-0.10546019403941974	0.20199977940521344	-0.20618986489062696	0.18605485782089046	-0.15303854536526046	0.12899573627641983	-0.1900247745483573	0.2669179946585751	-0.2806603930852771	0.15333937689692415	-0.17379953158053832	0.19507972814688118	-0.7654191435981238	0.999999999999986	-0.2389284844895071	0.1640881833713656	-0.26654548083931806	0.22748089319079912	-0.25535380089121784	0.17912074030327957	-0.19122073231742365
-0.09843064241061693	0.06954776591713328	-0.08895586610823181	0.06400871427728255	-0.06557866852802431	0.07914248958468718	-0.08895165212089698	0.08580110578267933	-0.11278537134885991	0.09086500876687814	-0.08217677140410598	0.09284943503436392	-0.10814314710261347	0.11680351313300659	-0.10676553212997908	0.09275302788603318	-0.10442792558121648	0.1139990188532013	-0.11492041881686632	0.10342679869849708	-0.17382814152123882	0.13541912996228084	-0.14465480649306328	0.14103393315897828	-0.13319708450665801	0.12654830070570416	-0.16054113364641442	0.1616945158619171	-0.18263059313038293	0.18524807057699597	-0.16332816659372568	0.17486088135649905	-0.2389284844895071	0.9999999999999853	-0.41458037987434565	0.22223083707658506	-0.41663373671809295	0.2936535179262336	-0.6355040799867888	0.2850765409101945
0.10884430345419283	-0.07784803441120026	0.09916649315735153	-0.0743097441680682	0.07544295202837804	-0.08759521322704368	0.09869729123448037	-0.09697130617361428	0.12797477035240784	-0.1073711136016084	0.08972520620349143	-0.10369701901184149	0.11964143803357066	-0.13835769197382894	0.1229982216870993	-0.09988920765939627	0.1103572867974671	-0.12864680937908132	0.13066001019100218	-0.12549238702688048	0.17003342465881444	-0.13829931991851857	0.15320892188813298	-0.1671882612632081	0.15431632436313156	-0.12390389198492958	0.15135199507020544	-0.1763859476033673	0.19279171016232288	-0.31267806706401324	0.1539790749431306	-0.14259983442829102	0.1640881833713656	-0.41458037987434565	0.9999999999999855	-0.23603804024052039	0.2237516188683133	-0.17538186247803617	0.22250118479588982	-0.7422962789765023
-0.18176524962399473	0.12459851920158607	-0.16111099213576074	0.10796623295234048	-0.11133424585473603	0.1406154755879305	-0.15801706704553573	0.14979372488004547	-0.196343825995887	0.1477996102364401	-0.14842103132412698	0.16081487399135297	-0.18214246565648068	0.179811267158204	-0.17059861812844956	0.1649210861867415	-0.18895008138602343	0.18453395497057068	-0.17491257005921618	0.1550664288364406	-0.39739915691488886	0.24122429249947913	-0.2258025525664552	0.19288321373400186	-0.19107770378834435	0.2828552278782776	-0.2884690283353794	0.22789242166367557	-0.1774881376497866	0.19980211576232623	-0.5251786399246994	0.22428782478837492	-0.26654548083931806	0.22223083707658506	-0.23603804024052039	0.9999999999999857	-0.36042324379123036	0.19359274729719267	-0.19567397186297547	0.2370022532863576
0.09374584141738629	-0.06717447982655979	0.08451095159349811	-0.06120519526254025	0.06160244784307802	-0.07804342059051465	0.08579259643729635	-0.08280544869517338	0.10557001474464389	-0.08699702526700234	0.0801078438941692	-0.09151623872507243	0.10336409553539004	-0.11380427794269425	0.09764227452712593	-0.09375860418653857	0.10283997321072032	-0.11182698653826002	0.10642547060412567	-0.09710724763788034	0.17140225667448544	-0.13939067171399305	0.1357560257443438	-0.1288636089473318	0.11728154169429873	-0.13797282055355486	0.16332963147352658	-0.15892679162065965	0.13303400453041087	-0.15844788931568107	0.1737073349778969	-0.2282221188540362	0.22748089319079912	-0.41663373671809295	0.2237516188683133	-0.36042324379123036	0.9999999999999855	-0.6540483933678932	0.307698333747047	-0.30787495009042676
-0.06752391037454988	0.04808557675638736	-0.06080668656878164	0.0435648218302492	-0.04413811661278775	0.05580070928833112	-0.0616626842845415	0.05919494549734402	-0.07593951880345466	0.06173087354664466	-0.05770464449951608	0.06537854465425202	-0.0748181535073886	0.08042933400816896	-0.07052387217861694	0.06735936376892951	-0.07498128233841667	0.08024148200988179	-0.07690235082699673	0.06918480859706355	-0.12682277057346358	0.10244904813657782	-0.10160745109821498	0.09289370706547549	-0.08563583644225428	0.09889889928279563	-0.12585623770574547	0.1190564340620127	-0.09894054615035718	0.11276095337448068	-0.12511377741983618	0.17449433341640241	-0.25535380089121784	0.2936535179262336	-0.17538186247803617	0.19359274729719267	-0.6540483933678932	0.9999999999999849	-0.6008064098969914	0.19579820700182313
0.07107230938832403	-0.05068296902998249	0.06422468728019014	-0.04660306727707812	0.04725791770468353	-0.05828214705564169	0.06474811960865928	-0.06259896575496432	0.08099207365915927	-0.06636177865069158	0.06004546383623107	-0.06847918128791097	0.0785026317818332	-0.08643028797790499	0.07597152471867519	-0.06911432905645237	0.07654097324517367	-0.08431219563909556	0.08242011425252477	-0.07518010633665796	0.12535925540403642	-0.10181857806701297	0.10426301043136169	-0.10204012566088216	0.0931742702927926	-0.09644489697247574	0.11895705573565596	-0.12194879521549411	0.11534985452196382	-0.13248967623745772	0.12042854165398278	-0.15025473942072148	0.17912074030327957	-0.6355040799867888	0.22250118479588982	-0.19567397186297547	0.307698333747047	-0.6008064098969914	0.9999999999999849	-0.28360175978201807
-0.13885456386134537	0.09580776972225472	-0.125135856607069	0.08830633190901785	-0.09207065991514943	0.10463241359445918	-0.12003996107613629	0.11700761853002557	-0.16013346185130536	0.12299202629010919	-0.10883898910305889	0.12112640957430396	-0.13912038155763629	0.1474189260052731	-0.1461338886023962	0.1154014875842353	-0.13056259563082923	0.141751570170234	-0.14457466907736774	0.1339564296140657	-0.2107053001281396	0.15580818987279746	-0.1677337407908774	0.1663382447180966	-0.1702880585242747	0.14330533968795583	-0.17475382062830266	0.1764035270403175	-0.18180494887822118	0.21960899545226104	-0.18928149581159637	0.15728383613141772	-0.19122073231742365	0.2850765409101945	-0.7422962789765023	0.2370022532863576	-0.30787495009042676	0.19579820700182313	-0.28360175978201807	0.9999999999999849
