1.0	-0.36924308846953113	0.16198842982489892	-0.12145639802416713	0.16732527249313842	-0.8408856276541548	0.20513942559081122	-0.14141954538715246	0.12285521239501927	-0.0985032379742589	0.1383074027393739	-0.1902925320675558	0.1216090717912433	-0.09114691846155214	0.09769164059250542	-0.14976131880037002	0.07533591203880007	-0.06622428519635186	0.06457063373310769	-0.07159375986217624	0.08798941901453018	-0.057073522441928724	0.06480146082990862	-0.06514920357020573	0.05247978410105072	-0.06266838730786173	0.05245832371916868	-0.05991578666556833	0.06706992083168944	-0.056695584360455575	0.05324140232561287	-0.0537039522065074	0.05891725331627772	-0.05977662942281928	0.062033676673571944	-0.060576855582481465	0.050024737540832954	-0.05186121938062267	0.054773438937031675	-0.04859278336385734	0.06274977944216444	-0.04390046604054691	0.052545371617354654	-0.04965719674577308	0.06079224768706818
-0.36924308846953113	1.0	-0.5702197963441661	0.2910340690321878	-0.44218044898999825	0.24448243174949208	-0.2980320910224647	0.20247132885775784	-0.25648655435131323	0.19626461316877825	-0.09730348930154352	0.24336147351715223	-0.2078300399506044	0.15855678816406768	-0.18380739245545774	0.09610026740104315	-0.11280573133315105	0.09856525916106222	-0.1102737207043391	0.12088624985747777	-0.13518009364412412	0.08674067979178203	-0.10297911349196143	0.10794430785006333	-0.08863578009626462	0.09509113368138623	-0.08198676639061105	0.09377978979736933	-0.11202780163941212	0.09413375686299348	-0.08506727515697197	0.08587171386809976	-0.096021470542663	0.09776281704638103	-0.10554446069151681	0.09572994900129753	-0.08158258598061621	0.08421386187753187	-0.09079667238883743	0.0810845962500785	-0.10473366852505986	0.07217936290627644	-0.08784155557479684	0.08215851035439234	-0.10322616004902267
0.16198842982489892	-0.5702197963441661	1.0000000000000004	-0.668349414296514	0.3049838138929959	-0.1685828810150997	0.1806309655244495	-0.1766064533773331	0.20374762846187255	-0.17160084730423283	0.065360261848301	-0.20936553634446484	0.15086205999034982	-0.1274093008320059	0.13686199221672968	-0.06929226270898822	0.08556139903729067	-0.07670303615736038	0.08470169762194886	-0.09576333371978092	0.09749923658005304	-0.06564007203080381	0.07714154866764858	-0.08389172499242822	0.06768777786063068	-0.0717534384258048	0.06137418958667148	-0.07153177451718225	0.08395148706898457	-0.07293068138960833	0.06330215523995825	-0.06470129121776112	0.07164781923206781	-0.07431042430015718	0.07821227467068684	-0.07258378384288254	0.06085010609054653	-0.06346602199314834	0.0676520176911888	-0.06110933590160159	0.07700387080273599	-0.05377758869987684	0.06480744353322972	-0.06150100465228832	0.07594774382108795
-0.12145639802416713	0.2910340690321878	-0.668349414296514	0.9999999999999998	-0.57223115790915	0.12110897987246566	-0.157408149553616	0.14991379862814821	-0.29692103009613924	0.20567809011687987	-0.053065382908371775	0.18038591521745515	-0.1476616122441429	0.13282852321561706	-0.15104437621525862	0.05526714019601568	-0.07860181129351304	0.07053190833491763	-0.08444703102680537	0.09473001237249203	-0.08915084022726918	0.06019898828540761	-0.0717838566170926	0.08070924341739724	-0.06550389631135776	0.06563039267258063	-0.05657920850302709	0.06622284896062189	-0.07978561132693619	0.06944443245514416	-0.05835008744436738	0.059820153837362056	-0.06665195585732195	0.06960049056829691	-0.07394196711576641	0.06676558642083967	-0.05640514902196822	0.05894454397027865	-0.06321365949885734	0.05728183900949566	-0.0713372114255535	0.04984949041815795	-0.06024226538022587	0.05725912842170776	-0.07106962151563276
0.16732527249313842	-0.44218044898999825	0.3049838138929959	-0.57223115790915	1.0	-0.18774215567989003	0.21053598745504687	-0.1936566945767973	0.27991396279259795	-0.3623543628103644	0.08251618906939084	-0.30450086404750676	0.19196272600888747	-0.1858739313984083	0.20804128299868935	-0.08865575839973566	0.12214897456160126	-0.11047459937196678	0.12480977332056917	-0.1453308782916099	0.1413445675087013	-0.09618804055351735	0.1120419984912695	-0.12515799108429837	0.10074678380515688	-0.10589195897391342	0.08982587852877602	-0.10503037927933508	0.1236536638955241	-0.10957923499217996	0.09332887805396636	-0.09575099301875027	0.10549707196188934	-0.11046135574175607	0.11555518075545029	-0.10799495016529638	0.08992995360709999	-0.0940742846810288	0.09993731646176215	-0.09103371327034214	0.11369716330076296	-0.07964390125443543	0.09573155608372311	-0.09128400380152854	0.11215693707671912
-0.8408856276541548	0.24448243174949208	-0.1685828810150997	0.12110897987246566	-0.18774215567989003	0.9999999999999998	-0.2892043554246664	0.1535809570849214	-0.13768289935833652	0.10668037485968324	-0.18746978056012178	0.186133386715904	-0.14028062853726458	0.09940340928618757	-0.10898560873621478	0.15219213164873213	-0.07998766959206881	0.069379050419881	-0.06974750300712677	0.07633482626205525	-0.09515520298715952	0.06023158739645681	-0.06911132251254852	0.06925343354009203	-0.056140610046767875	0.06606036079440608	-0.05572804275172456	0.06322338078010203	-0.07178663880184201	0.06008438063651884	-0.05661329987334058	0.05686658260413903	-0.06275369845228483	0.06337823590848417	-0.06648074317764846	0.06386754789679548	-0.053205204685890926	0.054988235670124536	-0.058413914141853054	0.051672027677958914	-0.06707619522333443	0.0467061396208485	-0.05614634721153224	0.05281396242155109	-0.0651259241995712
0.20513942559081122	-0.2980320910224647	0.1806309655244495	-0.157408149553616	0.21053598745504687	-0.2892043554246664	0.9999999999999994	-0.5933641328540189	0.21875542382935617	-0.17900402607205831	0.0878026964868644	-0.5346985479141244	0.27923566864808985	-0.19610719199214657	0.18367651574014465	-0.08998052372469355	0.14545362129181771	-0.12973099557476814	0.1218358473622793	-0.13463484230494832	0.13038876275665792	-0.09452766073333937	0.11523055495928382	-0.11877271369508272	0.09384231387456929	-0.09767897058452897	0.08730481250512839	-0.10549631314105096	0.11669013728309506	-0.10037807503952907	0.08559712189996158	-0.08872343612200334	0.09907748403958404	-0.10229327291159908	0.1049855259329104	-0.09764935618681843	0.08239597458759845	-0.08680627146598188	0.0918417018828888	-0.08205732979824566	0.10195267793238283	-0.07207113954381518	0.08629051601115606	-0.08255719255411163	0.10072078954660998
-0.14141954538715246	0.20247132885775784	-0.1766064533773331	0.14991379862814821	-0.1936566945767973	0.1535809570849214	-0.5933641328540189	0.999999999999999	-0.3103484470537742	0.20086012039318804	-0.06324853306242896	0.2823220391526054	-0.5909055826358085	0.23905086489653377	-0.23074888228026127	0.06399326202405027	-0.1240607221479963	0.11314240251790424	-0.1294734336160582	0.13480324646504283	-0.10869480697796166	0.07922020536519217	-0.10122231453556428	0.11248294062519186	-0.08958315469683335	0.08177352316143806	-0.07413319033270747	0.09017702875019457	-0.10662309283569843	0.09171530919108396	-0.07241744549906258	0.07559970891333313	-0.08552031456089867	0.08992571780860664	-0.09398505317182178	0.08244437392576003	-0.0704865443951171	0.07465513642152673	-0.08004408154204959	0.07202498153723937	-0.08676780178158512	0.06158976247026925	-0.07406668783496717	0.07130076835538197	-0.08779639941998539
0.12285521239501927	-0.25648655435131323	0.20374762846187255	-0.29692103009613924	0.27991396279259795	-0.13768289935833652	0.21875542382935617	-0.3103484470537742	0.9999999999999977	-0.6707565143990711	0.06406600107449921	-0.2832504230195791	0.24964021054296945	-0.33101747827866995	0.293748578063174	-0.06748125910172942	0.11972594714056078	-0.11127453036205777	0.1545599006365553	-0.1786568781519597	0.12278902971613179	-0.08860879283667891	0.10822670346637864	-0.13867699351569338	0.10942585474577235	-0.09453762348131448	0.08279957119948185	-0.10054242855534017	0.12439454797916312	-0.11377821958258005	0.08355816882059923	-0.08763368525901058	0.09805848773806063	-0.10650968438407243	0.1110478867713861	-0.09674513569217928	0.08176537244618559	-0.08711144286141015	0.09330229454494457	-0.08606914557856159	0.10069470100707476	-0.07188543704546725	0.08622965822174923	-0.08391400815783076	0.10277664849810444
-0.0985032379742589	0.19626461316877825	-0.17160084730423283	0.20567809011687987	-0.3623543628103644	0.10668037485968324	-0.17900402607205831	0.20086012039318804	-0.6707565143990711	0.9999999999999997	-0.051805125541240796	0.21162899474668084	-0.2333583369199788	0.2625694172832528	-0.5046807746561031	0.05402394256609919	-0.1013647199017207	0.09312631962701577	-0.14470524133863732	0.16080210687043178	-0.10364427662308229	0.07428152331607506	-0.09292463598432894	0.12025331989367988	-0.09922414758973357	0.07911454227332207	-0.07006220262359586	0.08501137917813767	-0.11015883286676806	0.09826972786423074	-0.07063320172645035	0.0741163957551458	-0.08393537138335651	0.09114967203972356	-0.09784949383082236	0.08120805597046062	-0.06956506088173466	0.07405583800661321	-0.08037080028863065	0.07399688769081801	-0.0857761128321929	0.06110890391920673	-0.0737957982911896	0.07166427297352156	-0.08910300884416514
0.1383074027393739	-0.09730348930154352	0.065360261848301	-0.053065382908371775	0.08251618906939084	-0.18746978056012178	0.0878026964868644	-0.06324853306242896	0.06406600107449921	-0.051805125541240796	0.999999999999997	-0.10518949439987207	0.06545476867636763	-0.05117914663558725	0.05585217775850285	-0.9479331019092534	0.07490827850704773	-0.06310564143394916	0.04516102181608967	-0.05018222013002131	0.12025643648031635	-0.0664484362850986	0.05932355608590133	-0.05004913977888642	0.03965894145143977	-0.07887852754664507	0.055982765183787225	-0.05691972908219494	0.054734951438384645	-0.04422556676149867	0.05565650507379408	-0.05304651070396448	0.05390384837015653	-0.05183860709873406	0.04953269925590272	-0.06337971450382154	0.04701595226581794	-0.04765182475430926	0.04770796333952152	-0.04029198352671914	0.05636720380962554	-0.040296718837508905	0.04610839136694331	-0.04359360274843108	0.05021945209129712
-0.1902925320675558	0.24336147351715223	-0.20936553634446484	0.18038591521745515	-0.30450086404750676	0.186133386715904	-0.5346985479141244	0.2823220391526054	-0.2832504230195791	0.21162899474668084	-0.10518949439987207	0.9999999999999987	-0.34991309667746023	0.22243183915681547	-0.2581809112743372	0.10266304500361224	-0.31131038588030785	0.20732825794726537	-0.17188370054524793	0.17952943154791692	-0.21814517094630112	0.1514523570531934	-0.19828606849459957	0.16868081733722565	-0.1377433628337049	0.15250328165664473	-0.14373417548081918	0.16728515212661899	-0.1835489720607337	0.14478852618691584	-0.1380487317401786	0.1401865797508581	-0.16105189935906963	0.15700415124724676	-0.16591279044483984	0.15158264580835015	-0.13231903943191275	0.1366550558040278	-0.14697101058952364	0.12675259859605575	-0.1672046094717522	0.11539386589201481	-0.14027114232305748	0.1304320866469957	-0.16288604289931632
0.1216090717912433	-0.2078300399506044	0.15086205999034982	-0.1476616122441429	0.19196272600888747	-0.14028062853726458	0.27923566864808985	-0.5909055826358085	0.24964021054296945	-0.2333583369199788	0.06545476867636763	-0.34991309667746023	0.9999999999999996	-0.5117403027449573	0.2665308732772647	-0.06837128997464721	0.15360184054530135	-0.162942908960097	0.17570204410776954	-0.18805675177969694	0.12779813085432296	-0.0981842241738622	0.12629667900087863	-0.15246611563729273	0.11532033035539635	-0.0996639245144328	0.09080874906418232	-0.1143736949496449	0.13238087449317992	-0.11873876579077562	0.08741772429208315	-0.09266989508389238	0.10430623956055275	-0.11248893154977986	0.11446083865111822	-0.10064597005078178	0.0854790205708385	-0.09171081959426336	0.09745662259826367	-0.08867916369389783	0.10352989957878761	-0.07450599120229356	0.08890117341786358	-0.08684508727345039	0.10536088870781964
-0.09114691846155214	0.15855678816406768	-0.1274093008320059	0.13282852321561706	-0.1858739313984083	0.09940340928618757	-0.19610719199214657	0.23905086489653377	-0.33101747827866995	0.2625694172832528	-0.05117914663558725	0.22243183915681547	-0.5117403027449573	0.9999999999999977	-0.6148868300891464	0.052982473375074265	-0.12422118703318134	0.1190866048414576	-0.3069536245050514	0.23228985592330803	-0.11159948161478256	0.08430331581306039	-0.11263427019828787	0.17189227314406721	-0.13361617006910848	0.08713527044325255	-0.07979895120721107	0.1005809762662712	-0.14030334317933482	0.12294167849785614	-0.07801198514003156	0.08349472353213215	-0.09632828580437162	0.10832777114947108	-0.11524282630357881	0.08955254494140016	-0.07792703303200856	0.08431610312856451	-0.09253444240089236	0.08528051404599146	-0.09377085577004378	0.06789030530303737	-0.08190155049073132	0.08085166559287206	-0.10033631886601371
0.09769164059250542	-0.18380739245545774	0.13686199221672968	-0.15104437621525862	0.20804128299868935	-0.10898560873621478	0.18367651574014465	-0.23074888228026127	0.293748578063174	-0.5046807746561031	0.05585217775850285	-0.2581809112743372	0.2665308732772647	-0.6148868300891464	0.9999999999999971	-0.05851980921005961	0.12328875867873555	-0.11818590048193167	0.22199815622593178	-0.29961092661453437	0.12048009281737275	-0.09031753627420418	0.11462481287589786	-0.1759746949343594	0.14079059339943326	-0.0949710009393079	0.08478346519641367	-0.10614466255031767	0.14223921433103823	-0.13710337102918768	0.08437927919870516	-0.09017761400458658	0.10238693475988052	-0.1160128214837092	0.12246395660132946	-0.09788970276402087	0.08393111808941589	-0.09086636641448252	0.09859528393872326	-0.09276734080185083	0.10132410498629897	-0.07347531230164794	0.0882184043664253	-0.08746798290133463	0.10752359264958909
-0.14976131880037002	0.09610026740104315	-0.06929226270898822	0.05526714019601568	-0.08865575839973566	0.15219213164873213	-0.08998052372469355	0.06399326202405027	-0.06748125910172942	0.05402394256609919	-0.9479331019092534	0.10266304500361224	-0.06837128997464721	0.052982473375074265	-0.05851980921005961	0.999999999999996	-0.08242744422493876	0.06522975770144686	-0.04680890770310856	0.051555103716356736	-0.14445822821394233	0.06900916123467307	-0.06250436520659092	0.05145976877711544	-0.040953940345109	0.08034463099659166	-0.05893043033660585	0.058827228289103514	-0.05680194718794154	0.04536788823862199	-0.05784575524419355	0.05444061199464735	-0.05592838269855085	0.05323816700413719	-0.05130437840668899	0.0641969982553121	-0.048495095384258856	0.04894613505405273	-0.04931922794370466	0.04144409127095492	-0.0584204594534294	0.041484419613181986	-0.04774557836129626	0.044848284837151364	-0.052046054198151295
0.07533591203880007	-0.11280573133315105	0.08556139903729067	-0.07860181129351304	0.12214897456160126	-0.07998766959206881	0.14545362129181771	-0.1240607221479963	0.11972594714056078	-0.1013647199017207	0.07490827850704773	-0.31131038588030785	0.15360184054530135	-0.12422118703318134	0.12328875867873555	-0.08242744422493876	0.9999999999999972	-0.7939643090824953	0.14476632949189788	-0.15135250137135078	0.17126076851594038	-0.2254015584965246	0.2638286326873064	-0.15376513642089334	0.10998819109067567	-0.14569454696035908	0.16988243866283534	-0.24625777281302064	0.1533800631861047	-0.11980936641124636	0.11763061658068955	-0.1320705285815666	0.14700827658759544	-0.13971199877580184	0.11918120125183443	-0.131651958549639	0.11133132574042812	-0.12295503128521172	0.11834153968191552	-0.09701380787862939	0.12253720953611014	-0.09207055791454963	0.10456890978109727	-0.1028380030330613	0.1143457953418053
-0.06622428519635186	0.09856525916106222	-0.07670303615736038	0.07053190833491763	-0.11047459937196678	0.069379050419881	-0.12973099557476814	0.11314240251790424	-0.11127453036205777	0.09312631962701577	-0.06310564143394916	0.20732825794726537	-0.162942908960097	0.1190866048414576	-0.11818590048193167	0.06522975770144686	-0.7939643090824953	0.9999999999999981	-0.1616977645442859	0.14155489903664098	-0.15454360589434993	0.17136210499898538	-0.4177299101237195	0.14588980610113067	-0.10485821296716129	0.12537893872214947	-0.15679816724245502	0.22420983132149827	-0.14824172609949107	0.1083842679378344	-0.10522951760486086	0.1169024845215765	-0.13925984275234946	0.12603993185976636	-0.10988903490459004	0.11459181146434455	-0.10040234065190844	0.1098118321468306	-0.10845064772123439	0.08716894690847281	-0.11059315608586859	0.08228089420015988	-0.09467102094687616	0.09208200495495757	-0.10416139006353503
0.06457063373310769	-0.1102737207043391	0.08470169762194886	-0.08444703102680537	0.12480977332056917	-0.06974750300712677	0.1218358473622793	-0.1294734336160582	0.1545599006365553	-0.14470524133863732	0.04516102181608967	-0.17188370054524793	0.17570204410776954	-0.3069536245050514	0.22199815622593178	-0.04680890770310856	0.14476632949189788	-0.1616977645442859	0.9999999999999943	-0.6861515378517303	0.12396291717116058	-0.10151551634868923	0.14748111991779794	-0.49774257323426807	0.2518079865080672	-0.10250432367909108	0.09690596669566803	-0.13294910782156225	0.22195729131026481	-0.21075391819261358	0.09257635082600936	-0.10372940456951137	0.12300086234345096	-0.15814144095713556	0.16099711014337098	-0.10726496534486217	0.09593956534720434	-0.10821527327821182	0.121529406668586	-0.11551353372806901	0.11030728134273743	-0.08287085612551234	0.09982330329726283	-0.10299318977441782	0.12691929011320932
-0.07159375986217624	0.12088624985747777	-0.09576333371978092	0.09473001237249203	-0.1453308782916099	0.07633482626205525	-0.13463484230494832	0.13480324646504283	-0.1786568781519597	0.16080210687043178	-0.05018222013002131	0.17952943154791692	-0.18805675177969694	0.23228985592330803	-0.29961092661453437	0.051555103716356736	-0.15135250137135078	0.14155489903664098	-0.6861515378517303	0.9999999999999918	-0.14188508542103445	0.10940031453335348	-0.1569923923433063	0.3034830387255363	-0.39528817064352717	0.11370377176412953	-0.10680399304178366	0.1388123002292	-0.25021347054439824	0.2354938864951316	-0.10509089944373295	0.11574070845580127	-0.13953226447901307	0.16701400071353886	-0.20830864870048862	0.12036903274234191	-0.10981030676068532	0.12126011344855726	-0.14092934144119706	0.13642230374766753	-0.12881594225821502	0.09527324805116401	-0.11735247667800132	0.11901184183514711	-0.15675543545223605
0.08798941901453018	-0.13518009364412412	0.09749923658005304	-0.08915084022726918	0.1413445675087013	-0.09515520298715952	0.13038876275665792	-0.10869480697796166	0.12278902971613179	-0.10364427662308229	0.12025643648031635	-0.21814517094630112	0.12779813085432296	-0.11159948161478256	0.12048009281737275	-0.14445822821394233	0.17126076851594038	-0.15454360589434993	0.12396291717116058	-0.14188508542103445	0.9999999999999969	-0.42798922346135887	0.20121297880069575	-0.15718305235053862	0.12237263878342956	-0.5576806639312251	0.2776112542188172	-0.21558557141581214	0.18340684192429185	-0.14310799068510857	0.2715493688697237	-0.237899882530011	0.20949244684174764	-0.19087777492207988	0.1631169539739427	-0.3067481053526019	0.19477477004218127	-0.1892576615466089	0.1761941649768162	-0.14029081311367886	0.21812140847050632	-0.16169028996132756	0.1722672405596544	-0.1638008983337897	0.17231342662432855
-0.057073522441928724	0.08674067979178203	-0.06564007203080381	0.06019898828540761	-0.09618804055351735	0.06023158739645681	-0.09452766073333937	0.07922020536519217	-0.08860879283667891	0.07428152331607506	-0.0664484362850986	0.1514523570531934	-0.0981842241738622	0.08430331581306039	-0.09031753627420418	0.06900916123467307	-0.2254015584965246	0.17136210499898538	-0.10151551634868923	0.10940031453335348	-0.42798922346135887	0.9999999999999939	-0.2802682565492649	0.12774424125732292	-0.09665843620566683	0.25638133949147374	-0.7406331589587861	0.2533415370552336	-0.16012114435605276	0.10796946520312696	-0.18841737673511627	0.1866964299636398	-0.18917834507801023	0.14818197112893836	-0.12202677921852259	0.17517052611229128	-0.15110974006077282	0.1444349718833686	-0.13716809525429874	0.10110982313068567	-0.1557824348245891	0.11489303775724286	-0.12655361488513073	0.11719787085615829	-0.1256626888255532
0.06480146082990862	-0.10297911349196143	0.07714154866764858	-0.0717838566170926	0.1120419984912695	-0.06911132251254852	0.11523055495928382	-0.10122231453556428	0.10822670346637864	-0.09292463598432894	0.05932355608590133	-0.19828606849459957	0.12629667900087863	-0.11263427019828787	0.11462481287589786	-0.06250436520659092	0.2638286326873064	-0.4177299101237195	0.14748111991779794	-0.1569923923433063	0.20121297880069575	-0.2802682565492649	0.9999999999999963	-0.21449716949855635	0.13342756810148632	-0.1885303427202692	0.24019780228477097	-0.68053541986694	0.21312527372214823	-0.14767955583470083	0.15123133320286195	-0.18572220519695312	0.22025236323354921	-0.19404043812510466	0.143484524920121	-0.16820698127588468	0.1473504676872436	-0.17308463702266969	0.15556063595698547	-0.11921941474103745	0.15081248998250002	-0.11772846265110501	0.1304479622294584	-0.13044752666334136	0.13778921754678863
-0.06514920357020573	0.10794430785006333	-0.08389172499242822	0.08070924341739724	-0.12515799108429837	0.06925343354009203	-0.11877271369508272	0.11248294062519186	-0.13867699351569338	0.12025331989367988	-0.05004913977888642	0.16868081733722565	-0.15246611563729273	0.17189227314406721	-0.1759746949343594	0.05145976877711544	-0.15376513642089334	0.14588980610113067	-0.49774257323426807	0.3034830387255363	-0.15718305235053862	0.12774424125732292	-0.21449716949855635	0.9999999999999911	-0.4618135534584928	0.1303310039596223	-0.12697921095216896	0.18141151289900606	-0.49320490677920176	0.27123733622136015	-0.12112149322308374	0.13786547267030558	-0.17340985636577452	0.22900311715891436	-0.23292768667911726	0.13858821082952838	-0.1294623468850419	0.14752985374940086	-0.17642780052424387	0.1551500644132155	-0.14590152462397565	0.11027789895560697	-0.13477611145691687	0.13927795535486973	-0.17550545898846112
0.05247978410105072	-0.08863578009626462	0.06768777786063068	-0.06550389631135776	0.10074678380515688	-0.056140610046767875	0.09384231387456929	-0.08958315469683335	0.10942585474577235	-0.09922414758973357	0.03965894145143977	-0.1377433628337049	0.11532033035539635	-0.13361617006910848	0.14079059339943326	-0.040953940345109	0.10998819109067567	-0.10485821296716129	0.2518079865080672	-0.39528817064352717	0.12237263878342956	-0.09665843620566683	0.13342756810148632	-0.4618135534584928	0.9999999999999909	-0.10362574770844914	0.09384731779395596	-0.12695012563343472	0.2413806049700297	-0.6776055261900993	0.09518044444309041	-0.10824919963951204	0.12824459930904863	-0.17546034556250376	0.23461495094246512	-0.11255881845554078	0.10145163005736811	-0.11630394499582376	0.13389838416657127	-0.16342769014815042	0.11607395873275368	-0.08917298781705227	0.1085961935267156	-0.11765270161289448	0.150479381524175
-0.06266838730786173	0.09509113368138623	-0.0717534384258048	0.06563039267258063	-0.10589195897391342	0.06606036079440608	-0.09767897058452897	0.08177352316143806	-0.09453762348131448	0.07911454227332207	-0.07887852754664507	0.15250328165664473	-0.0996639245144328	0.08713527044325255	-0.0949710009393079	0.08034463099659166	-0.14569454696035908	0.12537893872214947	-0.10250432367909108	0.11370377176412953	-0.5576806639312251	0.25638133949147374	-0.1885303427202692	0.1303310039596223	-0.10362574770844914	0.9999999999999913	-0.34337645694957425	0.19204372586089605	-0.16712968604877942	0.11842016134775743	-0.5710874990995642	0.24210065919461174	-0.2176975446361295	0.16760544354078927	-0.14486832275725403	0.27816695631717386	-0.20491813681128765	0.17571381595987207	-0.16781298674639655	0.12189113655888392	-0.2303415803371887	0.15687802833028514	-0.1703759175529974	0.1488173551859538	-0.15810912495816828
0.05245832371916868	-0.08198676639061105	0.06137418958667148	-0.05657920850302709	0.08982587852877602	-0.05572804275172456	0.08730481250512839	-0.07413319033270747	0.08279957119948185	-0.07006220262359586	0.055982765183787225	-0.14373417548081918	0.09080874906418232	-0.07979895120721107	0.08478346519641367	-0.05893043033660585	0.16988243866283534	-0.15679816724245502	0.09690596669566803	-0.10680399304178366	0.2776112542188172	-0.7406331589587861	0.24019780228477097	-0.12697921095216896	0.09384731779395596	-0.34337645694957425	0.9999999999999959	-0.37669258641504694	0.15818757577781403	-0.10717245806449213	0.19714788809385378	-0.23476610957056682	0.19680111946378445	-0.1540620558587182	0.11798421883483065	-0.18665467801677432	0.15733986351168297	-0.15314858068556747	0.1372261627848124	-0.09994844900299393	0.15321109418377626	-0.117862980610386	0.12499173833326492	-0.11790502136166847	0.121733766603399
-0.05991578666556833	0.09377978979736933	-0.07153177451718225	0.06622284896062189	-0.10503037927933508	0.06322338078010203	-0.10549631314105096	0.09017702875019457	-0.10054242855534017	0.08501137917813767	-0.05691972908219494	0.16728515212661899	-0.1143736949496449	0.1005809762662712	-0.10614466255031767	0.058827228289103514	-0.24625777281302064	0.22420983132149827	-0.13294910782156225	0.1388123002292	-0.21558557141581214	0.2533415370552336	-0.68053541986694	0.18141151289900606	-0.12695012563343472	0.19204372586089605	-0.37669258641504694	0.999999999999994	-0.2786007506297791	0.13924114219252465	-0.16566126548883028	0.20321340875966945	-0.34126363781431485	0.2072176912333695	-0.14553854061496885	0.1699735318117615	-0.16363100737736033	0.18736813765353785	-0.17292870845755204	0.1191093159544123	-0.16011821541368054	0.12383629518566647	-0.1388242484709098	0.13483697516920512	-0.1420702439381074
0.06706992083168944	-0.11202780163941212	0.08395148706898457	-0.07978561132693619	0.1236536638955241	-0.07178663880184201	0.11669013728309506	-0.10662309283569843	0.12439454797916312	-0.11015883286676806	0.054734951438384645	-0.1835489720607337	0.13238087449317992	-0.14030334317933482	0.14223921433103823	-0.05680194718794154	0.1533800631861047	-0.14824172609949107	0.22195729131026481	-0.25021347054439824	0.18340684192429185	-0.16012114435605276	0.21312527372214823	-0.49320490677920176	0.2413806049700297	-0.16712968604877942	0.15818757577781403	-0.2786007506297791	0.9999999999999858	-0.3075736190953296	0.15213859524600945	-0.18793946869701406	0.23375469238869148	-0.5558962645695261	0.2267050008649824	-0.18076174625637675	0.16707872308444585	-0.2119727754264783	0.24137205340801735	-0.18327466347509283	0.17558475004630333	-0.14113422576332094	0.1647642721797138	-0.18397944412773895	0.19127119793913344
-0.056695584360455575	0.09413375686299348	-0.07293068138960833	0.06944443245514416	-0.10957923499217996	0.06008438063651884	-0.10037807503952907	0.09171530919108396	-0.11377821958258005	0.09826972786423074	-0.04422556676149867	0.14478852618691584	-0.11873876579077562	0.12294167849785614	-0.13710337102918768	0.04536788823862199	-0.11980936641124636	0.1083842679378344	-0.21075391819261358	0.2354938864951316	-0.14310799068510857	0.10796946520312696	-0.14767955583470083	0.27123733622136015	-0.6776055261900993	0.11842016134775743	-0.10717245806449213	0.13924114219252465	-0.3075736190953296	0.9999999999999868	-0.11169009273918429	0.12572099214567567	-0.15261928346149128	0.19757980310767015	-0.4560176050816023	0.1306567601783934	-0.1213498362429921	0.13678509273445694	-0.1656438911253093	0.21119045094352432	-0.14104125193874978	0.10716453702188217	-0.134947097782752	0.1441184816081916	-0.20849367185875853
0.05324140232561287	-0.08506727515697197	0.06330215523995825	-0.05835008744436738	0.09332887805396636	-0.05661329987334058	0.08559712189996158	-0.07241744549906258	0.08355816882059923	-0.07063320172645035	0.05565650507379408	-0.1380487317401786	0.08741772429208315	-0.07801198514003156	0.08437927919870516	-0.05784575524419355	0.11763061658068955	-0.10522951760486086	0.09257635082600936	-0.10509089944373295	0.2715493688697237	-0.18841737673511627	0.15123133320286195	-0.12112149322308374	0.09518044444309041	-0.5710874990995642	0.19714788809385378	-0.16566126548883028	0.15213859524600945	-0.11169009273918429	0.9999999999999917	-0.40891820059553147	0.22445848104156693	-0.1718301902844867	0.1337150348220171	-0.5553233672411474	0.24615532016549424	-0.19912343267099447	0.1687597439282677	-0.11846468605143405	0.2393725113882022	-0.1804646912807617	0.17110954130940462	-0.15457235250086565	0.1482295432294003
-0.0537039522065074	0.08587171386809976	-0.06470129121776112	0.059820153837362056	-0.09575099301875027	0.05686658260413903	-0.08872343612200334	0.07559970891333313	-0.08763368525901058	0.0741163957551458	-0.05304651070396448	0.1401865797508581	-0.09266989508389238	0.08349472353213215	-0.09017761400458658	0.05444061199464735	-0.1320705285815666	0.1169024845215765	-0.10372940456951137	0.11574070845580127	-0.237899882530011	0.1866964299636398	-0.18572220519695312	0.13786547267030558	-0.10824919963951204	0.24210065919461174	-0.23476610957056682	0.20321340875966945	-0.18793946869701406	0.12572099214567567	-0.40891820059553147	0.9999999999999893	-0.5098849871936946	0.21833086023351525	-0.1546762979349712	0.2864529489210436	-0.5388253823284331	0.2829246537148118	-0.22959659049729297	0.1360765222932378	-0.2684791873459701	0.22749598077920388	-0.21949368007441253	0.18382660510394533	-0.17332459926980637
0.05891725331627772	-0.096021470542663	0.07164781923206781	-0.06665195585732195	0.10549707196188934	-0.06275369845228483	0.09907748403958404	-0.08552031456089867	0.09805848773806063	-0.08393537138335651	0.05390384837015653	-0.16105189935906963	0.10430623956055275	-0.09632828580437162	0.10238693475988052	-0.05592838269855085	0.14700827658759544	-0.13925984275234946	0.12300086234345096	-0.13953226447901307	0.20949244684174764	-0.18917834507801023	0.22025236323354921	-0.17340985636577452	0.12824459930904863	-0.2176975446361295	0.19680111946378445	-0.34126363781431485	0.23375469238869148	-0.15261928346149128	0.22445848104156693	-0.5098849871936946	0.9999999999999882	-0.3826605070430097	0.1734805190977255	-0.25110987994007433	0.28407871026518183	-0.5003510976649016	0.2780519632289482	-0.15626985276822442	0.2184730496054966	-0.19470421486223785	0.1993187815136449	-0.20190373175361456	0.18181965424189953
-0.05977662942281928	0.09776281704638103	-0.07431042430015718	0.06960049056829691	-0.11046135574175607	0.06337823590848417	-0.10229327291159908	0.08992571780860664	-0.10650968438407243	0.09114967203972356	-0.05183860709873406	0.15700415124724676	-0.11248893154977986	0.10832777114947108	-0.1160128214837092	0.05323816700413719	-0.13971199877580184	0.12603993185976636	-0.15814144095713556	0.16701400071353886	-0.19087777492207988	0.14818197112893836	-0.19404043812510466	0.22900311715891436	-0.17546034556250376	0.16760544354078927	-0.1540620558587182	0.2072176912333695	-0.5558962645695261	0.19757980310767015	-0.1718301902844867	0.21833086023351525	-0.3826605070430097	0.9999999999999916	-0.262329999739815	0.19407466641150922	-0.21184978871121238	0.2740614495304779	-0.5031686127409647	0.1933342685439209	-0.20830014172652964	0.16606641114189497	-0.20673282743254626	0.22216095962174803	-0.22820066631079094
0.062033676673571944	-0.10554446069151681	0.07821227467068684	-0.07394196711576641	0.11555518075545029	-0.06648074317764846	0.1049855259329104	-0.09398505317182178	0.1110478867713861	-0.09784949383082236	0.04953269925590272	-0.16591279044483984	0.11446083865111822	-0.11524282630357881	0.12246395660132946	-0.05130437840668899	0.11918120125183443	-0.10988903490459004	0.16099711014337098	-0.20830864870048862	0.1631169539739427	-0.12202677921852259	0.143484524920121	-0.23292768667911726	0.23461495094246512	-0.14486832275725403	0.11798421883483065	-0.14553854061496885	0.2267050008649824	-0.4560176050816023	0.1337150348220171	-0.1546762979349712	0.1734805190977255	-0.262329999739815	0.9999999999999882	-0.16754864112405832	0.14723058613726026	-0.17451746372480254	0.20312246442549076	-0.6180473325660488	0.16868315440516543	-0.13714052617456693	0.16874036395748798	-0.21059622274753154	0.28645844966883316
-0.060576855582481465	0.09572994900129753	-0.07258378384288254	0.06676558642083967	-0.10799495016529638	0.06386754789679548	-0.09764935618681843	0.08244437392576003	-0.09674513569217928	0.08120805597046062	-0.06337971450382154	0.15158264580835015	-0.10064597005078178	0.08955254494140016	-0.09788970276402087	0.0641969982553121	-0.131651958549639	0.11459181146434455	-0.10726496534486217	0.12036903274234191	-0.3067481053526019	0.17517052611229128	-0.16820698127588468	0.13858821082952838	-0.11255881845554078	0.27816695631717386	-0.18665467801677432	0.1699735318117615	-0.18076174625637675	0.1306567601783934	-0.5553233672411474	0.2864529489210436	-0.25110987994007433	0.19407466641150922	-0.16754864112405832	0.9999999999999873	-0.38616299336927445	0.23095029605768466	-0.21636707136357225	0.14653326792966462	-0.4787685521452131	0.2562061123802598	-0.24938258254255768	0.19896070504032998	-0.1951987895902506
0.050024737540832954	-0.08158258598061621	0.06085010609054653	-0.05640514902196822	0.08992995360709999	-0.053205204685890926	0.08239597458759845	-0.0704865443951171	0.08176537244618559	-0.06956506088173466	0.04701595226581794	-0.13231903943191275	0.0854790205708385	-0.07792703303200856	0.08393111808941589	-0.048495095384258856	0.11133132574042812	-0.10040234065190844	0.09593956534720434	-0.10981030676068532	0.19477477004218127	-0.15110974006077282	0.1473504676872436	-0.1294623468850419	0.10145163005736811	-0.20491813681128765	0.15733986351168297	-0.16363100737736033	0.16707872308444585	-0.1213498362429921	0.24615532016549424	-0.5388253823284331	0.28407871026518183	-0.21184978871121238	0.14723058613726026	-0.38616299336927445	0.9999999999999859	-0.44290073164542937	0.23816705472919666	-0.14020479380746964	0.287244110864747	-0.44135450854195346	0.24808726332086942	-0.2170537001139908	0.17232266788897302
-0.05186121938062267	0.08421386187753187	-0.06346602199314834	0.05894454397027865	-0.0940742846810288	0.054988235670124536	-0.08680627146598188	0.07465513642152673	-0.08711144286141015	0.07405583800661321	-0.04765182475430926	0.1366550558040278	-0.09171081959426336	0.08431610312856451	-0.09086636641448252	0.04894613505405273	-0.12295503128521172	0.1098118321468306	-0.10821527327821182	0.12126011344855726	-0.1892576615466089	0.1444349718833686	-0.17308463702266969	0.14752985374940086	-0.11630394499582376	0.17571381595987207	-0.15314858068556747	0.18736813765353785	-0.2119727754264783	0.13678509273445694	-0.19912343267099447	0.2829246537148118	-0.5003510976649016	0.2740614495304779	-0.17451746372480254	0.23095029605768466	-0.44290073164542937	0.9999999999999868	-0.5526757303584292	0.16210156075803808	-0.2466340179003768	0.22128709449221567	-0.2612902358863823	0.23665223760112047	-0.20330634431496736
0.054773438937031675	-0.09079667238883743	0.0676520176911888	-0.06321365949885734	0.09993731646176215	-0.058413914141853054	0.0918417018828888	-0.08004408154204959	0.09330229454494457	-0.08037080028863065	0.04770796333952152	-0.14697101058952364	0.09745662259826367	-0.09253444240089236	0.09859528393872326	-0.04931922794370466	0.11834153968191552	-0.10845064772123439	0.121529406668586	-0.14092934144119706	0.1761941649768162	-0.13716809525429874	0.15556063595698547	-0.17642780052424387	0.13389838416657127	-0.16781298674639655	0.1372261627848124	-0.17292870845755204	0.24137205340801735	-0.1656438911253093	0.1687597439282677	-0.22959659049729297	0.2780519632289482	-0.5031686127409647	0.20312246442549076	-0.21636707136357225	0.23816705472919666	-0.5526757303584292	0.9999999999999863	-0.22828279514597713	0.21320236422481562	-0.20061086493542268	0.2439691725447536	-0.40852146748448087	0.2374968445971907
-0.04859278336385734	0.0810845962500785	-0.06110933590160159	0.05728183900949566	-0.09103371327034214	0.051672027677958914	-0.08205732979824566	0.07202498153723937	-0.08606914557856159	0.07399688769081801	-0.04029198352671914	0.12675259859605575	-0.08867916369389783	0.08528051404599146	-0.09276734080185083	0.04144409127095492	-0.09701380787862939	0.08716894690847281	-0.11551353372806901	0.13642230374766753	-0.14029081311367886	0.10110982313068567	-0.11921941474103745	0.1551500644132155	-0.16342769014815042	0.12189113655888392	-0.09994844900299393	0.1191093159544123	-0.18327466347509283	0.21119045094352432	-0.11846468605143405	0.1360765222932378	-0.15626985276822442	0.1933342685439209	-0.6180473325660488	0.14653326792966462	-0.14020479380746964	0.16210156075803808	-0.22828279514597713	0.9999999999999867	-0.1665682921066617	0.13435797503663324	-0.18959946783342646	0.2301543691169584	-0.6146312490217026
0.06274977944216444	-0.10473366852505986	0.07700387080273599	-0.0713372114255535	0.11369716330076296	-0.06707619522333443	0.10195267793238283	-0.08676780178158512	0.10069470100707476	-0.0857761128321929	0.05636720380962554	-0.1672046094717522	0.10352989957878761	-0.09377085577004378	0.10132410498629897	-0.0584204594534294	0.12253720953611014	-0.11059315608586859	0.11030728134273743	-0.12881594225821502	0.21812140847050632	-0.1557824348245891	0.15081248998250002	-0.14590152462397565	0.11607395873275368	-0.2303415803371887	0.15321109418377626	-0.16011821541368054	0.17558475004630333	-0.14104125193874978	0.2393725113882022	-0.2684791873459701	0.2184730496054966	-0.20830014172652964	0.16868315440516543	-0.4787685521452131	0.287244110864747	-0.2466340179003768	0.21320236422481562	-0.1665682921066617	0.9999999999999863	-0.5851985008684305	0.28616145321666675	-0.2714073107489035	0.20091321184223138
-0.04390046604054691	0.07217936290627644	-0.05377758869987684	0.04984949041815795	-0.07964390125443543	0.0467061396208485	-0.07207113954381518	0.06158976247026925	-0.07188543704546725	0.06110890391920673	-0.040296718837508905	0.11539386589201481	-0.07450599120229356	0.06789030530303737	-0.07347531230164794	0.041484419613181986	-0.09207055791454963	0.08228089420015988	-0.08287085612551234	0.09527324805116401	-0.16169028996132756	0.11489303775724286	-0.11772846265110501	0.11027789895560697	-0.08917298781705227	0.15687802833028514	-0.117862980610386	0.12383629518566647	-0.14113422576332094	0.10716453702188217	-0.1804646912807617	0.22749598077920388	-0.19470421486223785	0.16606641114189497	-0.13714052617456693	0.2562061123802598	-0.44135450854195346	0.22128709449221567	-0.20061086493542268	0.13435797503663324	-0.5851985008684305	0.9999999999999853	-0.5398051241475726	0.24799474378638386	-0.183017846654895
0.052545371617354654	-0.08784155557479684	0.06480744353322972	-0.06024226538022587	0.09573155608372311	-0.05614634721153224	0.08629051601115606	-0.07406668783496717	0.08622965822174923	-0.0737957982911896	0.04610839136694331	-0.14027114232305748	0.08890117341786358	-0.08190155049073132	0.0882184043664253	-0.04774557836129626	0.10456890978109727	-0.09467102094687616	0.09982330329726283	-0.11735247667800132	0.1722672405596544	-0.12655361488513073	0.1304479622294584	-0.13477611145691687	0.1085961935267156	-0.1703759175529974	0.12499173833326492	-0.1388242484709098	0.1647642721797138	-0.134947097782752	0.17110954130940462	-0.21949368007441253	0.1993187815136449	-0.20673282743254626	0.16874036395748798	-0.24938258254255768	0.24808726332086942	-0.2612902358863823	0.2439691725447536	-0.18959946783342646	0.28616145321666675	-0.5398051241475726	0.9999999999999853	-0.5915006902165885	0.24152001648839178
