1.0	-0.7579906182113098	0.26042732882961533	-0.18291719080725777	0.13589751826982302	-0.4186867582111724	0.28598042163802534	-0.20904197491136206	0.1311751274641806	-0.12090276822460928	0.1712202014598302	-0.1764907000456903	0.14123562582667662	-0.12244357130155796	0.1224649253993651	-0.13904720224004705	0.13252271386248035	-0.13537172682127527	0.10331661970114092	-0.07285572244389445	0.08690473703914527	-0.08741069056160676	0.0933372016420445	-0.09136259773253401	0.0792784183855716	-0.08748283432121547	0.08853484437970592	-0.10710070181064414	0.07555987585823262	-0.058065518153454565	0.08393977091392296	-0.06527505216386305	0.09074975072508168	-0.0752862993777474	0.05282476395100672	-0.05161723924256877	0.050229116843455886	-0.07400787235565033	0.055411672576002394	-0.023764597943856564	0.046145466627482784	-0.058554715138978884	0.0733052730785646	-0.06631366497725312	0.022254712072926758
-0.7579906182113098	1.0000000000000002	-0.39854426493813416	0.15767190533609604	-0.11823496793254198	0.26843443283449736	-0.38653001682136423	0.18100323410001695	-0.11742504200576423	0.10181732291069989	-0.149831050122107	0.15655896239271952	-0.12680273105583306	0.1030261491212016	-0.10450653551751929	0.11458520558936912	-0.11707670925467564	0.11472310303931542	-0.08866179307893884	0.06139292657395761	-0.0733541463256121	0.0736162626974809	-0.078862771141998	0.07602235726531206	-0.06720236232510178	0.07231804711016479	-0.07526159269842578	0.08806261357277191	-0.06273136166702864	0.047872606663677965	-0.0701791955503956	0.053937876998538435	-0.07507980854162434	0.06175768504284372	-0.04375525472354776	0.042565521646680426	-0.041607555227276355	0.06069461340338169	-0.04562907794275683	0.01947827854709691	-0.03822584555418731	0.04822170911529307	-0.060600901516014244	0.05430833537492337	-0.0182785224368721
0.26042732882961533	-0.39854426493813416	0.9999999999999996	-0.4545808400075837	0.2523496585344882	-0.20949347832647197	0.21189061301632123	-0.5122365137124115	0.28099176811014814	-0.22810465144780476	0.1642268599756408	-0.18692932868814569	0.20251609169294468	-0.18905417587006357	0.2099603414417268	-0.14985384520703623	0.15722317270623137	-0.18963700454783147	0.15617048848702603	-0.11598100757726097	0.10837548895238365	-0.11231062864364617	0.1357177659798037	-0.13498044597040582	0.12583786389829413	-0.11116196339453092	0.11671927614438085	-0.1576446270536496	0.11212913605699404	-0.08816292747695406	0.11720208962304898	-0.09162728935962418	0.13783036948823602	-0.11349959273313727	0.07994601837568122	-0.07300721648497512	0.07173766598626893	-0.11128058376632442	0.08320927137814216	-0.03602955636188564	0.06607526181612158	-0.08407702896843136	0.10909314681784868	-0.09979924545266483	0.033693588138788144
-0.18291719080725777	0.15767190533609604	-0.4545808400075837	1.0	-0.4432276879213772	0.1296730328576825	-0.14831969664319886	0.312630527393014	-0.6281804143277225	0.25767106068537804	-0.12418833589465823	0.1322595315396436	-0.16469956571328467	0.16374674955899754	-0.2321267788955967	0.10833462795449517	-0.12221268955239793	0.14316549588768107	-0.1437704545389981	0.1081651301371893	-0.08320323795102809	0.08528725346738618	-0.11097064324059709	0.10744938500489207	-0.12009530235646983	0.08287338338283602	-0.09130877502139677	0.12010160990083729	-0.08917446203255475	0.07026832195371549	-0.09228518043868957	0.06994474755726532	-0.10990654186421489	0.08763771618381695	-0.06469241937490454	0.055812322487050293	-0.05554452476694235	0.08566523392495885	-0.06498186692950068	0.02788546478055436	-0.05135189786768532	0.06439563809068308	-0.08594851748475811	0.07657864957313346	-0.02625812371516212
0.13589751826982302	-0.11823496793254198	0.2523496585344882	-0.4432276879213772	0.9999999999999999	-0.11780740834389336	0.12673516078558614	-0.27337363788419045	0.26249466615054884	-0.5785801030697288	0.12204798677544787	-0.13177708175673136	0.15536691159122945	-0.17454049798472937	0.29958770676816276	-0.11488012664893273	0.1264505352022925	-0.15203838537940795	0.14677220692149762	-0.1403915357254323	0.09568995211683243	-0.09972988562671918	0.1307839848030141	-0.13432507599782376	0.14716587067340775	-0.09883640949839527	0.10743978869975696	-0.16114194596120524	0.1160632881124984	-0.09627445016148425	0.11702600312032357	-0.09135482907048628	0.15283296224484638	-0.12267019990613755	0.08655188387135265	-0.07349301219519278	0.07323274016270721	-0.12157740828930688	0.08968685274694212	-0.039552146648530684	0.06763836792218957	-0.08620845594478224	0.11706947456329476	-0.10851856815147257	0.036859158666268516
-0.4186867582111724	0.26843443283449736	-0.20949347832647197	0.1296730328576825	-0.11780740834389336	0.9999999999999997	-0.7056188496553141	0.15877842922662158	-0.10839173781607789	0.1005911590232531	-0.3865542611697563	0.25737728254953113	-0.17841026034486243	0.12700435465441737	-0.11385743272247104	0.19815081969467072	-0.19522779441164295	0.15690077650375242	-0.11369067699261724	0.07238415983320202	-0.1133740266614642	0.10819926771091513	-0.10261245537447623	0.09552455427936418	-0.07972935281841555	0.10505694757780004	-0.10947908776681109	0.10943250867202943	-0.07818018931286562	0.05766184527930504	-0.0944970723370356	0.07091637653360171	-0.09078985219599464	0.074507909805889	-0.05316337518613733	0.05534174162815568	-0.05394444297653731	0.07344052648278236	-0.055550195255589595	0.023312889448456643	-0.04939831651995552	0.06159929917359161	-0.07489020387108947	0.0655024588744195	-0.021963832157924024
0.28598042163802534	-0.38653001682136423	0.21189061301632123	-0.14831969664319886	0.12673516078558614	-0.7056188496553141	1.0000000000000002	-0.18687656587113907	0.12033801969029623	-0.11161365930144067	0.2607281050894995	-0.3739257437494271	0.19186060669127547	-0.1440181101799773	0.12194126397276099	-0.20107092081724687	0.19028004436588833	-0.177245373776252	0.1224454914808718	-0.07856874663838007	0.11182551511357647	-0.11234658007685128	0.10938696890654498	-0.10460067626142185	0.0852789860343921	-0.10996106689264776	0.1100611785433051	-0.11939678796172526	0.0841378832847984	-0.06261901621385522	0.09687545152069106	-0.07481218037660566	0.09635620300160777	-0.08105465051451613	0.057246549139362495	-0.058482172667711135	0.056676103486025094	-0.0790078217035736	0.05980604178287403	-0.025249627102076552	0.05182551104551211	-0.06546024880320057	0.07951316152801406	-0.0709457652735043	0.023718315404137907
-0.20904197491136206	0.18100323410001695	-0.5122365137124115	0.312630527393014	-0.27337363788419045	0.15877842922662158	-0.18687656587113907	0.9999999999999994	-0.58615422996754	0.22405219901110995	-0.1637512251976219	0.18404467379974462	-0.31668096658012823	0.1983045770664272	-0.23191005917040028	0.13924744535691755	-0.16237754247739594	0.2005484854436803	-0.1776347473522065	0.11785930840685693	-0.10146462002377174	0.10425274200642423	-0.13662253384370274	0.12725079855391183	-0.13169876224709867	0.09931969557427793	-0.11025844393048688	0.13753102293136946	-0.10237428288415334	0.07807509668204049	-0.10583549502346483	0.07982640448709975	-0.12053031458149176	0.09735961336663124	-0.07223264868372924	0.06325513980653219	-0.06290952117625619	0.0940696254087188	-0.07224770811977803	0.0306158095053713	-0.057993750556704936	0.07248382264044512	-0.09546782074396758	0.08437713171468325	-0.028906053764762935
0.1311751274641806	-0.11742504200576423	0.28099176811014814	-0.6281804143277225	0.26249466615054884	-0.10839173781607789	0.12033801969029623	-0.58615422996754	0.9999999999999996	-0.3183589933858938	0.1115287638962088	-0.1281262171980991	0.1741214357933236	-0.19768500956795013	0.2079249127260221	-0.10047586939314435	0.11384534617081242	-0.14946134117337856	0.14732236629991222	-0.10135757130278591	0.07455285973933945	-0.07764252873225222	0.10335752265785911	-0.10101012334046272	0.10888910264482274	-0.07451289208636758	0.08180932042456558	-0.10915949020109333	0.08074766078224002	-0.06305757495138715	0.08056898946266618	-0.061668253497558494	0.09519011982479947	-0.07826275400084734	0.057732400214622615	-0.04898841617753978	0.048735071324772526	-0.07502482772305143	0.057524864191452425	-0.024599125322172958	0.04489113591777462	-0.05654447620686085	0.0751008738172282	-0.06765110410393846	0.02314769717413387
-0.12090276822460928	0.10181732291069989	-0.22810465144780476	0.25767106068537804	-0.5785801030697288	0.1005911590232531	-0.11161365930144067	0.22405219901110995	-0.3183589933858938	0.9999999999999971	-0.10738007312430752	0.11407449583406065	-0.1421851571439587	0.16532473969699937	-0.6147760644218094	0.09801811787537427	-0.11126073918070459	0.13465813872874108	-0.1480031747697546	0.17024658863348024	-0.08030709291572541	0.08340525269729193	-0.11856631956056754	0.11944956015948979	-0.18569356679745494	0.08106879822561681	-0.09035185214806796	0.13014151778092214	-0.09900332509179394	0.08276836037477939	-0.09484809675049179	0.07244270931134564	-0.12022573773374721	0.09797345937935488	-0.07586813543675326	0.058009454202063104	-0.058213414872619676	0.09354212766392858	-0.07195271076047025	0.031191094038412363	-0.053785805371186504	0.06780714822522188	-0.0933038112844631	0.08449483625890025	-0.029371520225762643
0.1712202014598302	-0.149831050122107	0.1642268599756408	-0.12418833589465823	0.12204798677544787	-0.3865542611697563	0.2607281050894995	-0.1637512251976219	0.1115287638962088	-0.10738007312430752	0.9999999999999986	-0.533857740474711	0.23727193608078373	-0.17174078516617783	0.12603463390427835	-0.5667784312819542	0.2979255351004272	-0.2385385418862644	0.14743619029666555	-0.08831423416335439	0.18085999328460864	-0.16575093703988988	0.13445645287557173	-0.1265041782097292	0.09545501456969491	-0.17274434787917345	0.1522887754669691	-0.14379626963071926	0.10006659701044462	-0.07227386912715288	0.1253522551558164	-0.09623218759424233	0.11000577530281323	-0.09403338515249127	0.06625648389985032	-0.07442776392088916	0.07090265392236862	-0.09179215016345807	0.06962328379265273	-0.0289477298477325	0.06452129294088288	-0.08138834889822574	0.09358234041241023	-0.08231890602455184	0.027236759139742134
-0.1764907000456903	0.15655896239271952	-0.18692932868814569	0.1322595315396436	-0.13177708175673136	0.25737728254953113	-0.3739257437494271	0.18404467379974462	-0.1281262171980991	0.11407449583406065	-0.533857740474711	0.9999999999999969	-0.47596003678666304	0.18950740280593426	-0.13689834120798522	0.2837824269304155	-0.41845607959295394	0.2688021291359929	-0.17504253174719164	0.09513822838140204	-0.15545380275299525	0.15999054314800584	-0.1474574787452571	0.1309857553698427	-0.10411804995088192	0.13950703208155738	-0.15730641086982006	0.14238409531487906	-0.10236269649706942	0.07267912517142709	-0.11970443644693372	0.0903405597711939	-0.1108100867686428	0.09305251945237004	-0.06729013989974066	0.06913291226003547	-0.06817586587183871	0.0896137257193124	-0.06919026077085962	0.028534465528905425	-0.061735145606718674	0.07676563133458988	-0.09250922716539206	0.08043667888464504	-0.02697162495782686
0.14123562582667662	-0.12680273105583306	0.20251609169294468	-0.16469956571328467	0.15536691159122945	-0.17841026034486243	0.19186060669127547	-0.31668096658012823	0.1741214357933236	-0.1421851571439587	0.23727193608078373	-0.47596003678666304	0.9999999999999956	-0.3577469876677324	0.1659631630889998	-0.22216923551915657	0.2621719700579452	-0.589808325043447	0.2577687817614193	-0.12503241325986025	0.13087196003433993	-0.14320926904544862	0.18829949884644073	-0.17483414041621748	0.13098241590209467	-0.12768601418445208	0.13881492849408553	-0.1684827254013991	0.12093606489724408	-0.08522249810328184	0.11583244135004897	-0.08969113379544594	0.1203485375694842	-0.10702126400167082	0.07798319952793602	-0.06935949561084218	0.06864654474974048	-0.09714497024539911	0.07751809418155406	-0.031896570431793295	0.06233257030676001	-0.0786138268789201	0.09921809576548116	-0.08926930124631921	0.03013710840641437
-0.12244357130155796	0.1030261491212016	-0.18905417587006357	0.16374674955899754	-0.17454049798472937	0.12700435465441737	-0.1440181101799773	0.1983045770664272	-0.19768500956795013	0.16532473969699937	-0.17174078516617783	0.18950740280593426	-0.3577469876677324	0.9999999999999954	-0.2419060802374475	0.14984113088109136	-0.1941438708084835	0.28119701906588024	-0.7569344258044861	0.19289765000802417	-0.10930672441955358	0.11648430168924889	-0.18850912050346613	0.17752569801164808	-0.20696146499877605	0.1050649581151493	-0.12323661676976241	0.15780448133995104	-0.12757581762314618	0.0922952074823382	-0.11034178960643516	0.0832046372274203	-0.12600183615993685	0.10880775320415252	-0.08618604072507736	0.06515269471359211	-0.06580049294651963	0.09757752177024598	-0.07985454851675466	0.03280924856438462	-0.06017837891921144	0.07508965462100865	-0.10130992405583536	0.08976436208853647	-0.031227224571155343
0.1224649253993651	-0.10450653551751929	0.2099603414417268	-0.2321267788955967	0.29958770676816276	-0.11385743272247104	0.12194126397276099	-0.23191005917040028	0.2079249127260221	-0.6147760644218094	0.12603463390427835	-0.13689834120798522	0.1659631630889998	-0.2419060802374475	0.9999999999999937	-0.12097973041909382	0.13518334901596435	-0.17240995187577093	0.19264582475294179	-0.33926467600689736	0.10150732610208582	-0.10776929918490646	0.15471082805092237	-0.1675674021527586	0.24114119240739482	-0.10490617034779484	0.11591281871740879	-0.18389506535192993	0.1360733023722191	-0.11879809276196217	0.12350463340763972	-0.09701577925747351	0.16161660520246576	-0.1401590057162774	0.10440329839595312	-0.07768003045031356	0.07793325339003174	-0.13035198582028398	0.1001861735202252	-0.0441385030619371	0.07166327194530117	-0.0917167217244446	0.12631100834913114	-0.11986684558669458	0.04119156192549367
-0.13904720224004705	0.11458520558936912	-0.14985384520703623	0.10833462795449517	-0.11488012664893273	0.19815081969467072	-0.20107092081724687	0.13924744535691755	-0.10047586939314435	0.09801811787537427	-0.5667784312819542	0.2837824269304155	-0.22216923551915657	0.14984113088109136	-0.12097973041909382	0.9999999999999956	-0.5879169217068	0.22307397323050843	-0.14578221099939934	0.08475045021815586	-0.32547285818596833	0.21278331894218325	-0.1395029466138615	0.12306659953074789	-0.09379659150632828	0.20895555632006013	-0.20190548682100462	0.14447946633115122	-0.10190231278629835	0.07175357600035986	-0.14988376327126215	0.10745527222176639	-0.11413547657970384	0.09385128753122939	-0.06672464073587703	0.08195310328994278	-0.0789086356543472	0.09423507511598327	-0.07094475812187634	0.029088422055040752	-0.07156416042067801	0.08785505290470944	-0.09852966470142671	0.08327962890058732	-0.027482910468653976
0.13252271386248035	-0.11707670925467564	0.15722317270623137	-0.12221268955239793	0.1264505352022925	-0.19522779441164295	0.19028004436588833	-0.16237754247739594	0.11384534617081242	-0.11126073918070459	0.2979255351004272	-0.41845607959295394	0.2621719700579452	-0.1941438708084835	0.13518334901596435	-0.5879169217068	0.9999999999999978	-0.4044466316702224	0.17984303939943247	-0.10078896114580782	0.2195425018267515	-0.3207998263355693	0.16981236165742541	-0.15387348118550467	0.10830706083755164	-0.20341390781006055	0.21889385882695858	-0.17398729514351277	0.11876739477751432	-0.082969462592801	0.14670916591190095	-0.11610863354797687	0.12461594205743044	-0.10792223634771107	0.07625370654226095	-0.0859777927716324	0.08416937789412594	-0.1040764701506487	0.07981199710027718	-0.03270048104579235	0.07491430222287657	-0.09451161137214215	0.10715392973989843	-0.0934829611307301	0.030838971588585784
-0.13537172682127527	0.11472310303931542	-0.18963700454783147	0.14316549588768107	-0.15203838537940795	0.15690077650375242	-0.177245373776252	0.2005484854436803	-0.14946134117337856	0.13465813872874108	-0.2385385418862644	0.2688021291359929	-0.589808325043447	0.28119701906588024	-0.17240995187577093	0.22307397323050843	-0.4044466316702224	0.9999999999999898	-0.40571349961077746	0.14188287839436853	-0.14475984204008535	0.16255502662994434	-0.30936823345129455	0.20888917360358977	-0.1535706236317991	0.13385236318497973	-0.16302199193429148	0.18773798213651577	-0.14102642181969163	0.09378018500304605	-0.12617418562862867	0.0960724402155368	-0.13119723814355255	0.11639770452786907	-0.08709213575072541	0.0736375455991035	-0.07421808255143465	0.10364399618277886	-0.08485259688687413	0.034205672262505246	-0.06706389906384908	0.08370784235948195	-0.10784872213854706	0.09545656674576708	-0.032515396830869
0.10331661970114092	-0.08866179307893884	0.15617048848702603	-0.1437704545389981	0.14677220692149762	-0.11369067699261724	0.1224454914808718	-0.1776347473522065	0.14732236629991222	-0.1480031747697546	0.14743619029666555	-0.17504253174719164	0.2577687817614193	-0.7569344258044861	0.19264582475294179	-0.14578221099939934	0.17984303939943247	-0.40571349961077746	0.9999999999999943	-0.2569106579927652	0.10187957603304101	-0.11293417492131262	0.19122252155512465	-0.21630243567511723	0.2008386242891947	-0.10057913549024879	0.11497341401408262	-0.16311390862399477	0.12922426041993762	-0.09308246975746724	0.1020534751701374	-0.0789158465425853	0.11756164720202224	-0.10951608126389777	0.08437901893454941	-0.06153516076612811	0.06198524613353024	-0.09342907003861087	0.07784881501421267	-0.03191211262170263	0.056402408110220716	-0.07128124348032913	0.09571224380127508	-0.08788051568753766	0.03024716909571093
-0.07285572244389445	0.06139292657395761	-0.11598100757726097	0.1081651301371893	-0.1403915357254323	0.07238415983320202	-0.07856874663838007	0.11785930840685693	-0.10135757130278591	0.17024658863348024	-0.08831423416335439	0.09513822838140204	-0.12503241325986025	0.19289765000802417	-0.33926467600689736	0.08475045021815586	-0.10078896114580782	0.14188287839436853	-0.2569106579927652	0.9999999999999976	-0.07087638910758033	0.07688157260115536	-0.15260673710432687	0.16701749305775365	-0.8362576500187773	0.07117208977918796	-0.08352615641710326	0.13527909797426738	-0.12088408619271776	0.11542742708820612	-0.08307056139977671	0.06385376131645475	-0.10878577725597584	0.10357943506908482	-0.10569626488029452	0.05061716311520687	-0.051908578628571116	0.08452031614340402	-0.07357985687226323	0.031443144458085354	-0.047488803686932875	0.06015703292412118	-0.08717902859030893	0.08088996823672137	-0.03006059472725231
0.08690473703914527	-0.0733541463256121	0.10837548895238365	-0.08320323795102809	0.09568995211683243	-0.1133740266614642	0.11182551511357647	-0.10146462002377174	0.07455285973933945	-0.08030709291572541	0.18085999328460864	-0.15545380275299525	0.13087196003433993	-0.10930672441955358	0.10150732610208582	-0.32547285818596833	0.2195425018267515	-0.14475984204008535	0.10187957603304101	-0.07087638910758033	0.9999999999999937	-0.40240380453750874	0.12441172672947941	-0.11485018754525374	0.07904468830634295	-0.7310462741523631	0.2690146553255884	-0.16005550916810887	0.10578576913928833	-0.0756557291012756	0.22909559967156937	-0.1655008364385675	0.12622942549564328	-0.10443965208227908	0.0698549789033097	-0.12952409632378292	0.11074429037323268	-0.11446460742841638	0.08052022591445818	-0.03321189461960563	0.10163943345927046	-0.12811157781525548	0.11871220048117685	-0.0986891508549521	0.03112275398981041
-0.08741069056160676	0.0736162626974809	-0.11231062864364617	0.08528725346738618	-0.09972988562671918	0.10819926771091513	-0.11234658007685128	0.10425274200642423	-0.07764252873225222	0.08340525269729193	-0.16575093703988988	0.15999054314800584	-0.14320926904544862	0.11648430168924889	-0.10776929918490646	0.21278331894218325	-0.3207998263355693	0.16255502662994434	-0.11293417492131262	0.07688157260115536	-0.40240380453750874	0.9999999999999939	-0.17059191335917445	0.13610689729647724	-0.08693969247515004	0.26225208061566735	-0.7450365052393622	0.1921498938666872	-0.12750228951482104	0.081403740072072	-0.19668639002850524	0.16252824136963395	-0.13524483731239026	0.10908068517129361	-0.0769967201835637	0.10414848380519473	-0.11634044340878048	0.11236729995898641	-0.08429051909594777	0.03334164845916014	-0.093646373079774	0.11439588901415382	-0.12062887109900372	0.09728952909170474	-0.03166116440738194
0.0933372016420445	-0.078862771141998	0.1357177659798037	-0.11097064324059709	0.1307839848030141	-0.10261245537447623	0.10938696890654498	-0.13662253384370274	0.10335752265785911	-0.11856631956056754	0.13445645287557173	-0.1474574787452571	0.18829949884644073	-0.18850912050346613	0.15471082805092237	-0.1395029466138615	0.16981236165742541	-0.30936823345129455	0.19122252155512465	-0.15260673710432687	0.12441172672947941	-0.17059191335917445	0.9999999999999926	-0.713645866528497	0.16790711439311465	-0.1252483492837517	0.16760935475170152	-0.4365036146438153	0.2727932514652715	-0.1499501395756002	0.1330293797151563	-0.10596934028444532	0.1691978589328432	-0.18998953851350348	0.13433011059055217	-0.08075970074003808	0.08452453091598928	-0.13369330531288479	0.12593662563610472	-0.04718198737253542	0.07548667175667324	-0.09646604671853753	0.13882044896230053	-0.13375868220032172	0.04505934509470205
-0.09136259773253401	0.07602235726531206	-0.13498044597040582	0.10744938500489207	-0.13432507599782376	0.09552455427936418	-0.10460067626142185	0.12725079855391183	-0.10101012334046272	0.11944956015948979	-0.1265041782097292	0.1309857553698427	-0.17483414041621748	0.17752569801164808	-0.1675674021527586	0.12306659953074789	-0.15387348118550467	0.20888917360358977	-0.21630243567511723	0.16701749305775365	-0.11485018754525374	0.13610689729647724	-0.713645866528497	0.999999999999993	-0.22891801613180318	0.11268779301361466	-0.151622692343045	0.29847295829986636	-0.43297104602263	0.16218490254889126	-0.13338956755748752	0.10189484778482859	-0.18215508361245758	0.19918937457215047	-0.15603869631713504	0.07935874744205543	-0.0842277743682026	0.13603031744127492	-0.14003391778299207	0.04909592116009369	-0.07609501223240805	0.09586032176532572	-0.14839212844355087	0.13588667334242852	-0.04771078955015447
0.0792784183855716	-0.06720236232510178	0.12583786389829413	-0.12009530235646983	0.14716587067340775	-0.07972935281841555	0.0852789860343921	-0.13169876224709867	0.10888910264482274	-0.18569356679745494	0.09545501456969491	-0.10411804995088192	0.13098241590209467	-0.20696146499877605	0.24114119240739482	-0.09379659150632828	0.10830706083755164	-0.1535706236317991	0.2008386242891947	-0.8362576500187773	0.07904468830634295	-0.08693969247515004	0.16790711439311465	-0.22891801613180318	0.9999999999999883	-0.08066898152305751	0.09375506871147984	-0.16385868875990173	0.1422176860570194	-0.15555531712879334	0.09373537781692318	-0.07333675164452598	0.12362104442435104	-0.1265010971281461	0.12282223644278416	-0.05808266088501192	0.059464050953355475	-0.09897352510117213	0.08645580125765354	-0.03736886662543969	0.05422919627233503	-0.06938662309898921	0.10001453791974887	-0.09679845904817072	0.03538824210792299
-0.08748283432121547	0.07231804711016479	-0.11116196339453092	0.08287338338283602	-0.09883640949839527	0.10505694757780004	-0.10996106689264776	0.09931969557427793	-0.07451289208636758	0.08106879822561681	-0.17274434787917345	0.13950703208155738	-0.12768601418445208	0.1050649581151493	-0.10490617034779484	0.20895555632006013	-0.20341390781006055	0.13385236318497973	-0.10057913549024879	0.07117208977918796	-0.7310462741523631	0.26225208061566735	-0.1252483492837517	0.11268779301361466	-0.08066898152305751	0.999999999999988	-0.3353084637947996	0.15889903665277827	-0.10969918220066126	0.07709792805759781	-0.40075390592927873	0.18040490061441763	-0.13897880209152785	0.10655039637588702	-0.07250499067648446	0.14756606232881309	-0.12683084292397168	0.1212588516357176	-0.08469092450926252	0.03441668947560999	-0.12221291252146482	0.13788637909862125	-0.1312249960999179	0.1024186760845962	-0.03245622288706582
0.08853484437970592	-0.07526159269842578	0.11671927614438085	-0.09130877502139677	0.10743978869975696	-0.10947908776681109	0.1100611785433051	-0.11025844393048688	0.08180932042456558	-0.09035185214806796	0.1522887754669691	-0.15730641086982006	0.13881492849408553	-0.12323661676976241	0.11591281871740879	-0.20190548682100462	0.21889385882695858	-0.16302199193429148	0.11497341401408262	-0.08352615641710326	0.2690146553255884	-0.7450365052393622	0.16760935475170152	-0.151622692343045	0.09375506871147984	-0.3353084637947996	0.9999999999999883	-0.28161342416299906	0.14981769075250784	-0.09701644136962784	0.2134591361799576	-0.24422073064137786	0.15495203266613886	-0.13243465882222966	0.08997043044711005	-0.127445103476929	0.1446801331297794	-0.13591344322423993	0.10018350879624718	-0.039818346337561816	0.11055555631498862	-0.14609518484049186	0.14208749431542297	-0.11797639350609797	0.037582369287642706
-0.10710070181064414	0.08806261357277191	-0.1576446270536496	0.12010160990083729	-0.16114194596120524	0.10943250867202943	-0.11939678796172526	0.13753102293136946	-0.10915949020109333	0.13014151778092214	-0.14379626963071926	0.14238409531487906	-0.1684827254013991	0.15780448133995104	-0.18389506535192993	0.14447946633115122	-0.17398729514351277	0.18773798213651577	-0.16311390862399477	0.13527909797426738	-0.16005550916810887	0.1921498938666872	-0.4365036146438153	0.29847295829986636	-0.16385868875990173	0.15889903665277827	-0.28161342416299906	0.9999999999999882	-0.5625719525686711	0.20309871047123865	-0.2010058550997587	0.15218708521635252	-0.3044782623646988	0.2586650660400408	-0.20950568657123061	0.11640978616071987	-0.12773308191113944	0.20226984721385363	-0.2007933465488002	0.06804829949096791	-0.11393581910194822	0.14164019096225847	-0.22708168002915205	0.18845190350261634	-0.06695404804770551
0.07555987585823262	-0.06273136166702864	0.11212913605699404	-0.08917446203255475	0.1160632881124984	-0.07818018931286562	0.0841378832847984	-0.10237428288415334	0.08074766078224002	-0.09900332509179394	0.10006659701044462	-0.10236269649706942	0.12093606489724408	-0.12757581762314618	0.1360733023722191	-0.10190231278629835	0.11876739477751432	-0.14102642181969163	0.12922426041993762	-0.12088408619271776	0.10578576913928833	-0.12750228951482104	0.2727932514652715	-0.43297104602263	0.1422176860570194	-0.10969918220066126	0.14981769075250784	-0.5625719525686711	0.9999999999999903	-0.3301711491746244	0.13750714985085893	-0.10985201525631043	0.20625503216210903	-0.46182752118941706	0.24211713441987284	-0.08538233034689117	0.09277843089711729	-0.16977949217597615	0.2072449904401978	-0.06718827111459454	0.08258440534897386	-0.10780387282542626	0.17718407205652614	-0.20096924590354992	0.06452645814253534
-0.058065518153454565	0.047872606663677965	-0.08816292747695406	0.07026832195371549	-0.09627445016148425	0.05766184527930504	-0.06261901621385522	0.07807509668204049	-0.06305757495138715	0.08276836037477939	-0.07227386912715288	0.07267912517142709	-0.08522249810328184	0.0922952074823382	-0.11879809276196217	0.07175357600035986	-0.082969462592801	0.09378018500304605	-0.09308246975746724	0.11542742708820612	-0.0756557291012756	0.081403740072072	-0.1499501395756002	0.16218490254889126	-0.15555531712879334	0.07709792805759781	-0.09701644136962784	0.20309871047123865	-0.3301711491746244	0.9999999999999909	-0.10890322154981025	0.08302692797625104	-0.17502939477820526	0.2501160407620277	-0.8403742811538604	0.06657055404430522	-0.07274460596392794	0.13262572830349503	-0.16272085689850285	0.08201997503447706	-0.06605134675210791	0.08459671765600009	-0.14900911730780225	0.1475787104017183	-0.08194811880393374
0.08393977091392296	-0.0701791955503956	0.11720208962304898	-0.09228518043868957	0.11702600312032357	-0.0944970723370356	0.09687545152069106	-0.10583549502346483	0.08056898946266618	-0.09484809675049179	0.1253522551558164	-0.11970443644693372	0.11583244135004897	-0.11034178960643516	0.12350463340763972	-0.14988376327126215	0.14670916591190095	-0.12617418562862867	0.1020534751701374	-0.08307056139977671	0.22909559967156937	-0.19668639002850524	0.1330293797151563	-0.13338956755748752	0.09373537781692318	-0.40075390592927873	0.2134591361799576	-0.2010058550997587	0.13750714985085893	-0.10890322154981025	0.99999999999999	-0.46543259390683533	0.20289292840618242	-0.16279485501807228	0.09969652115423396	-0.4543352754394888	0.25597054226141	-0.21621486762686232	0.13254639531405898	-0.05617216399313209	0.26254490245523165	-0.3206723713738733	0.22124798285018202	-0.1761776697121601	0.051933876112362345
-0.06527505216386305	0.053937876998538435	-0.09162728935962418	0.06994474755726532	-0.09135482907048628	0.07091637653360171	-0.07481218037660566	0.07982640448709975	-0.061668253497558494	0.07244270931134564	-0.09623218759424233	0.0903405597711939	-0.08969113379544594	0.0832046372274203	-0.09701577925747351	0.10745527222176639	-0.11610863354797687	0.0960724402155368	-0.0789158465425853	0.06385376131645475	-0.1655008364385675	0.16252824136963395	-0.10596934028444532	0.10189484778482859	-0.07333675164452598	0.18040490061441763	-0.24422073064137786	0.15218708521635252	-0.10985201525631043	0.08302692797625104	-0.46543259390683533	0.9999999999999866	-0.21050137146849404	0.12467047773154645	-0.07925665997524992	0.2143593039347916	-0.6787405146141694	0.19383308045341338	-0.11242758516295616	0.043606635598448455	-0.23623619134276916	0.29042521278425193	-0.23174938562702524	0.13981388772182998	-0.04136062298374001
0.09074975072508168	-0.07507980854162434	0.13783036948823602	-0.10990654186421489	0.15283296224484638	-0.09078985219599464	0.09635620300160777	-0.12053031458149176	0.09519011982479947	-0.12022573773374721	0.11000577530281323	-0.1108100867686428	0.1203485375694842	-0.12600183615993685	0.16161660520246576	-0.11413547657970384	0.12461594205743044	-0.13119723814355255	0.11756164720202224	-0.10878577725597584	0.12622942549564328	-0.13524483731239026	0.1691978589328432	-0.18215508361245758	0.12362104442435104	-0.13897880209152785	0.15495203266613886	-0.3044782623646988	0.20625503216210903	-0.17502939477820526	0.20289292840618242	-0.21050137146849404	0.9999999999999842	-0.290209366487431	0.15720682733452754	-0.15042329870584448	0.17626081593226742	-0.6762474392929739	0.232490609372571	-0.08925138034111359	0.1394304159412321	-0.20331804284054092	0.2881475507828998	-0.2817200323843164	0.08177794407738075
-0.0752862993777474	0.06175768504284372	-0.11349959273313727	0.08763771618381695	-0.12267019990613755	0.074507909805889	-0.08105465051451613	0.09735961336663124	-0.07826275400084734	0.09797345937935488	-0.09403338515249127	0.09305251945237004	-0.10702126400167082	0.10880775320415252	-0.1401590057162774	0.09385128753122939	-0.10792223634771107	0.11639770452786907	-0.10951608126389777	0.10357943506908482	-0.10443965208227908	0.10908068517129361	-0.18998953851350348	0.19918937457215047	-0.1265010971281461	0.10655039637588702	-0.13243465882222966	0.2586650660400408	-0.46182752118941706	0.2501160407620277	-0.16279485501807228	0.12467047773154645	-0.290209366487431	0.9999999999999867	-0.35698847474838274	0.10074761678885695	-0.11434202954065453	0.224532490673722	-0.5519569684845859	0.08747939370141107	-0.10274009448266408	0.13343044326781775	-0.26567962674479495	0.27896336998659704	-0.08864860388375598
0.05282476395100672	-0.04375525472354776	0.07994601837568122	-0.06469241937490454	0.08655188387135265	-0.05316337518613733	0.057246549139362495	-0.07223264868372924	0.057732400214622615	-0.07586813543675326	0.06625648389985032	-0.06729013989974066	0.07798319952793602	-0.08618604072507736	0.10440329839595312	-0.06672464073587703	0.07625370654226095	-0.08709213575072541	0.08437901893454941	-0.10569626488029452	0.0698549789033097	-0.0769967201835637	0.13433011059055217	-0.15603869631713504	0.12282223644278416	-0.07250499067648446	0.08997043044711005	-0.20950568657123061	0.24211713441987284	-0.8403742811538604	0.09969652115423396	-0.07925665997524992	0.15720682733452754	-0.35698847474838274	0.9999999999999839	-0.06318460783775243	0.06895857734270197	-0.1347320614941629	0.16970567384209365	-0.09922521786270172	0.06182883640809231	-0.08158288588397042	0.14068623458639373	-0.16847014644505665	0.08822602987427995
-0.05161723924256877	0.042565521646680426	-0.07300721648497512	0.055812322487050293	-0.07349301219519278	0.05534174162815568	-0.058482172667711135	0.06325513980653219	-0.04898841617753978	0.058009454202063104	-0.07442776392088916	0.06913291226003547	-0.06935949561084218	0.06515269471359211	-0.07768003045031356	0.08195310328994278	-0.0859777927716324	0.0736375455991035	-0.06153516076612811	0.05061716311520687	-0.12952409632378292	0.10414848380519473	-0.08075970074003808	0.07935874744205543	-0.05808266088501192	0.14756606232881309	-0.127445103476929	0.11640978616071987	-0.08538233034689117	0.06657055404430522	-0.4543352754394888	0.2143593039347916	-0.15042329870584448	0.10074761678885695	-0.06318460783775243	0.9999999999999855	-0.22265150072937911	0.14609289869153305	-0.09010142554732	0.03605823713838625	-0.7629910169377287	0.26782284378312615	-0.19436965899080272	0.11641869188308376	-0.0340536438360673
0.050229116843455886	-0.041607555227276355	0.07173766598626893	-0.05554452476694235	0.07323274016270721	-0.05394444297653731	0.056676103486025094	-0.06290952117625619	0.048735071324772526	-0.058213414872619676	0.07090265392236862	-0.06817586587183871	0.06864654474974048	-0.06580049294651963	0.07793325339003174	-0.0789086356543472	0.08416937789412594	-0.07421808255143465	0.06198524613353024	-0.051908578628571116	0.11074429037323268	-0.11634044340878048	0.08452453091598928	-0.0842277743682026	0.059464050953355475	-0.12683084292397168	0.1446801331297794	-0.12773308191113944	0.09277843089711729	-0.07274460596392794	0.25597054226141	-0.6787405146141694	0.17626081593226742	-0.11434202954065453	0.06895857734270197	-0.22265150072937911	0.9999999999999858	-0.22583656258565984	0.10623609917742204	-0.04065263706087281	0.21664009101737372	-0.5591504481438152	0.22086299272432025	-0.1389202667242879	0.03819646578188775
-0.07400787235565033	0.06069461340338169	-0.11128058376632442	0.08566523392495885	-0.12157740828930688	0.07344052648278236	-0.0790078217035736	0.0940696254087188	-0.07502482772305143	0.09354212766392858	-0.09179215016345807	0.0896137257193124	-0.09714497024539911	0.09757752177024598	-0.13035198582028398	0.09423507511598327	-0.1040764701506487	0.10364399618277886	-0.09342907003861087	0.08452031614340402	-0.11446460742841638	0.11236729995898641	-0.13369330531288479	0.13603031744127492	-0.09897352510117213	0.1212588516357176	-0.13591344322423993	0.20226984721385363	-0.16977949217597615	0.13262572830349503	-0.21621486762686232	0.19383308045341338	-0.6762474392929739	0.224532490673722	-0.1347320614941629	0.14609289869153305	-0.22583656258565984	0.9999999999999866	-0.3056000765379078	0.07654421737325527	-0.15366443810355188	0.21533264072541994	-0.48195699866539843	0.2642641628299108	-0.07456836330598215
0.055411672576002394	-0.04562907794275683	0.08320927137814216	-0.06498186692950068	0.08968685274694212	-0.055550195255589595	0.05980604178287403	-0.07224770811977803	0.057524864191452425	-0.07195271076047025	0.06962328379265273	-0.06919026077085962	0.07751809418155406	-0.07985454851675466	0.1001861735202252	-0.07094475812187634	0.07981199710027718	-0.08485259688687413	0.07784881501421267	-0.07357985687226323	0.08052022591445818	-0.08429051909594777	0.12593662563610472	-0.14003391778299207	0.08645580125765354	-0.08469092450926252	0.10018350879624718	-0.2007933465488002	0.2072449904401978	-0.16272085689850285	0.13254639531405898	-0.11242758516295616	0.232490609372571	-0.5519569684845859	0.16970567384209365	-0.09010142554732	0.10623609917742204	-0.3056000765379078	0.9999999999999851	-0.10005290013468326	0.09073473356503454	-0.1300511684797456	0.2620840911947577	-0.6534089226946405	0.09656356605597874
-0.023764597943856564	0.01947827854709691	-0.03602955636188564	0.02788546478055436	-0.039552146648530684	0.023312889448456643	-0.025249627102076552	0.0306158095053713	-0.024599125322172958	0.031191094038412363	-0.0289477298477325	0.028534465528905425	-0.031896570431793295	0.03280924856438462	-0.0441385030619371	0.029088422055040752	-0.03270048104579235	0.034205672262505246	-0.03191211262170263	0.031443144458085354	-0.03321189461960563	0.03334164845916014	-0.04718198737253542	0.04909592116009369	-0.03736886662543969	0.03441668947560999	-0.039818346337561816	0.06804829949096791	-0.06718827111459454	0.08201997503447706	-0.05617216399313209	0.043606635598448455	-0.08925138034111359	0.08747939370141107	-0.09922521786270172	0.03605823713838625	-0.04065263706087281	0.07654421737325527	-0.10005290013468326	0.9999999999999856	-0.03709711406281789	0.04932053974936654	-0.1034269826516167	0.1331903863060026	-0.9696178079711542
0.046145466627482784	-0.03822584555418731	0.06607526181612158	-0.05135189786768532	0.06763836792218957	-0.04939831651995552	0.05182551104551211	-0.057993750556704936	0.04489113591777462	-0.053785805371186504	0.06452129294088288	-0.061735145606718674	0.06233257030676001	-0.06017837891921144	0.07166327194530117	-0.07156416042067801	0.07491430222287657	-0.06706389906384908	0.056402408110220716	-0.047488803686932875	0.10163943345927046	-0.093646373079774	0.07548667175667324	-0.07609501223240805	0.05422919627233503	-0.12221291252146482	0.11055555631498862	-0.11393581910194822	0.08258440534897386	-0.06605134675210791	0.26254490245523165	-0.23623619134276916	0.1394304159412321	-0.10274009448266408	0.06182883640809231	-0.7629910169377287	0.21664009101737372	-0.15366443810355188	0.09073473356503454	-0.03709711406281789	0.9999999999999856	-0.4648823322546898	0.1899844953041528	-0.12439303921977496	0.034594076156144196
-0.058554715138978884	0.04822170911529307	-0.08407702896843136	0.06439563809068308	-0.08620845594478224	0.06159929917359161	-0.06546024880320057	0.07248382264044512	-0.05654447620686085	0.06780714822522188	-0.08138834889822574	0.07676563133458988	-0.0786138268789201	0.07508965462100865	-0.0917167217244446	0.08785505290470944	-0.09451161137214215	0.08370784235948195	-0.07128124348032913	0.06015703292412118	-0.12811157781525548	0.11439588901415382	-0.09646604671853753	0.09586032176532572	-0.06938662309898921	0.13788637909862125	-0.14609518484049186	0.14164019096225847	-0.10780387282542626	0.08459671765600009	-0.3206723713738733	0.29042521278425193	-0.20331804284054092	0.13343044326781775	-0.08158288588397042	0.26782284378312615	-0.5591504481438152	0.21533264072541994	-0.1300511684797456	0.04932053974936654	-0.4648823322546898	0.9999999999999849	-0.41674378728383704	0.17371259369617337	-0.04698462534814804
0.0733052730785646	-0.060600901516014244	0.10909314681784868	-0.08594851748475811	0.11706947456329476	-0.07489020387108947	0.07951316152801406	-0.09546782074396758	0.0751008738172282	-0.0933038112844631	0.09358234041241023	-0.09250922716539206	0.09921809576548116	-0.10130992405583536	0.12631100834913114	-0.09852966470142671	0.10715392973989843	-0.10784872213854706	0.09571224380127508	-0.08717902859030893	0.11871220048117685	-0.12062887109900372	0.13882044896230053	-0.14839212844355087	0.10001453791974887	-0.1312249960999179	0.14208749431542297	-0.22708168002915205	0.17718407205652614	-0.14900911730780225	0.22124798285018202	-0.23174938562702524	0.2881475507828998	-0.26567962674479495	0.14068623458639373	-0.19436965899080272	0.22086299272432025	-0.48195699866539843	0.2620840911947577	-0.1034269826516167	0.1899844953041528	-0.41674378728383704	0.9999999999999852	-0.497789521795457	0.09560686305398938
