0.9999999999999998	-0.7694508268820393	0.1199611273358559	-0.10861150901818752	0.08218237592153692	-0.2955287140860898	0.30600006588999906	-0.15349111014213784	0.10979684140148771	-0.08845251909797393	0.21874931813127418	-0.2983992789516599	0.13986443659084666	-0.11271804590993066	0.057021341484801744	-0.261367161231471	0.17518006857671703	-0.12726859407430713	0.13075026285266172	-0.07358161268606249	0.12157810801740018	-0.12294496431102	0.1040179484794678	-0.1008739283636685	0.0805150897625213	-0.0995902927560327	0.10988860028378368	-0.09769697531643827	0.0813397654567259	-0.0736657595122471	0.10584667824564781	-0.08558553849574782	0.09493442914598385	-0.07900311170378474	0.0793445111512036	-0.062394010349191446	0.0635013183656753	-0.06054579468797236	0.06942626860118853	-0.056425502366155546	0.0471902897622678	-0.06204817157203717	0.0626210954516136	-0.054393407531260415	0.07194921293482306
-0.7694508268820393	0.9999999999999999	-0.11048932864694351	0.08801686028321186	-0.06611583760538461	0.22736842590582937	-0.5112974262088201	0.13589107752841167	-0.09474486836342738	0.06813260365723642	-0.20637801756019294	0.21761672673610483	-0.12271119700991188	0.09095382751754082	-0.04397740581526544	0.17548165317577633	-0.13875352472892624	0.09756054436062297	-0.10499986753288823	0.05569765194436058	-0.08976083629620953	0.08945050359628917	-0.07714702969516955	0.07332092199481002	-0.05975091451549596	0.07148539822385565	-0.08167012608134731	0.07049860030780161	-0.0595519333800964	0.053435988694427373	-0.07755622209284413	0.061425469730872394	-0.06910117776819008	0.057023333192399335	-0.057767627594530205	0.0443432922050487	-0.04571782414873872	0.04362345219928725	-0.05033951819666386	0.040826485772212213	-0.033802955875162244	0.04415311281853515	-0.045305548516286834	0.039278406238776986	-0.05220384250419163
0.1199611273358559	-0.11048932864694351	1.0	-0.6398721949885957	0.23178456125145544	-0.10896217454359447	0.15000587931944692	-0.5459463280588991	0.270635594729491	-0.2484425033786447	0.11152467667866345	-0.1619187829274538	0.2609918010421265	-0.25819872071768246	0.12376698734656015	-0.13776999491205089	0.11752939553646707	-0.13028538516762678	0.13575744956756833	-0.16264732666021176	0.0795833758492413	-0.08183550859506038	0.07806212936842516	-0.0956915014834063	0.08030738671243416	-0.06507469769377726	0.07567962692219828	-0.07246623999938176	0.06705957478002533	-0.06337815617533481	0.07455986593134936	-0.05980248995277778	0.07185800197627369	-0.061708840340394845	0.0637515089205372	-0.04368214289038402	0.04521388878672933	-0.04538550633873856	0.0538950499321153	-0.04449178075991617	0.03361189132600171	-0.043903892399018846	0.04718736293852993	-0.0418315183013601	0.056068804053404614
-0.10861150901818752	0.08801686028321186	-0.6398721949885957	0.9999999999999997	-0.44578395975759677	0.08849695077691501	-0.12359109161399223	0.2721929069821263	-0.41527322259664706	0.2540689911125797	-0.09973233521964195	0.13504310925884283	-0.2609965191003142	0.2371574459173706	-0.12888751318530908	0.11756519557984546	-0.10601396267562647	0.11853483521045179	-0.1349817638242225	0.15181497296517826	-0.07224538894223967	0.0735406912375101	-0.07227556779110568	0.0882377050144104	-0.07659440241454435	0.05866820526754664	-0.06930837876914268	0.06628534493025846	-0.06297071237385558	0.05903692358929912	-0.06885499165229841	0.05460814717504191	-0.0669516574066262	0.05725381348413257	-0.059869589106429956	0.039810415400991686	-0.04153036219066769	0.042021271327900005	-0.05038358995984073	0.04151478718971787	-0.030841312097315415	0.040100015040793864	-0.043893679797101175	0.03893890478554418	-0.05252724072007059
0.08218237592153692	-0.06611583760538461	0.23178456125145544	-0.44578395975759677	1.0000000000000002	-0.06817786971906856	0.08896553735507273	-0.1707248645942029	0.21065727706140816	-0.7375054001600915	0.0774120727573911	-0.10760291285185719	0.159770671405252	-0.17133716558123718	0.23308835249116971	-0.10056281521864975	0.08628050144310456	-0.09687495126562329	0.1088021094136766	-0.30212232104177505	0.06361617265783341	-0.06505263824142654	0.06778166747395296	-0.09944688902495656	0.08893436483221535	-0.0526509128013109	0.06207439967847637	-0.06392139616183634	0.06420027000436385	-0.0640208483002394	0.06346940792689566	-0.05104649479803945	0.06476580448654422	-0.05736760752825484	0.06025996609141158	-0.037608585592293395	0.03913450201008526	-0.04087600557517286	0.049664390129963286	-0.04162250357637531	0.02919559672015309	-0.03808958795582432	0.04256946986623717	-0.0383887684609564	0.05179704517935922
-0.2955287140860898	0.22736842590582937	-0.10896217454359447	0.08849695077691501	-0.06817786971906856	1.0	-0.4988371374764773	0.1377723732826216	-0.09847738400685882	0.06978241357882758	-0.7219312567295861	0.24328899844610036	-0.12986447909117987	0.09490214496471969	-0.04613023740227167	0.23191603083354242	-0.1696165211614381	0.11106717413215976	-0.1216027331170685	0.05810257306145059	-0.11192304040016753	0.10608899314219372	-0.08927621535571734	0.08156244152220733	-0.06671732335647866	0.08518024457052427	-0.09737178099300597	0.08052750917916594	-0.06694563247795346	0.05964900704390301	-0.08975460331260746	0.07030692221514738	-0.07758002172778322	0.06374896348338498	-0.06419373704031837	0.050109582052402186	-0.05189985542885702	0.04883128608893055	-0.05595095425153911	0.045359718085990874	-0.03815165954633	0.04977183927238549	-0.050588923469615216	0.04370188635491336	-0.057853184991803974
0.30600006588999906	-0.5112974262088201	0.15000587931944692	-0.12359109161399223	0.08896553735507273	-0.4988371374764773	1.0000000000000007	-0.2500904875238956	0.13317916345126307	-0.09301659911208242	0.2816668460688312	-0.4358465758481634	0.17962867365130533	-0.13203030730374243	0.05962672638324599	-0.26157645810606445	0.20469029631256103	-0.14090850763645987	0.14441432637937873	-0.07566584801077099	0.12377418312440103	-0.1270940007557692	0.10416768481891918	-0.09894412236714853	0.07963474582527301	-0.09863207694451237	0.11133225182783772	-0.09558169945515527	0.0787929330737905	-0.07106853361584203	0.10234124495672406	-0.0821340154987818	0.09042429347582877	-0.07520435058031157	0.07536113139939664	-0.05888433161239135	0.06046577584359699	-0.057288082304427904	0.06554804349412408	-0.05337348195843818	0.04459993839715551	-0.05852560337067406	0.05912707374659089	-0.05131534047340452	0.06774390547081588
-0.15349111014213784	0.13589107752841167	-0.5459463280588991	0.2721929069821263	-0.1707248645942029	0.1377723732826216	-0.2500904875238956	1.0000000000000002	-0.37394883148864005	0.16421411750479478	-0.14338386676401813	0.19654843146387518	-0.573413866081036	0.28012358563960815	-0.09632656788661886	0.15445335755786188	-0.14467226575044564	0.1620326264131126	-0.17346235208383007	0.11753028380284375	-0.08963641082290327	0.09213743723561145	-0.08553032878282466	0.09597660944270084	-0.08007990044009275	0.07182558737537263	-0.08450555017506495	0.07744691640797013	-0.0697964850822535	0.06425674642926414	-0.0805485905159529	0.06404602969751957	-0.07559213893886026	0.06404485278490514	-0.065914823604742	0.04624193715913078	-0.04808169501462034	0.047492301551642566	-0.05599380791965799	0.04597883552619557	-0.035551434054539616	0.046356802627484664	-0.04935583838026342	0.04345646107992879	-0.05813872554242133
0.10979684140148771	-0.09474486836342738	0.270635594729491	-0.41527322259664706	0.21065727706140816	-0.09847738400685882	0.13317916345126307	-0.37394883148864005	1.0000000000000004	-0.2524211060281445	0.10534654795453822	-0.15847028692024656	0.29910691595392724	-0.6859834780435278	0.13332775492193652	-0.13382384524615595	0.11800292022379759	-0.14097736833200591	0.1488951057539506	-0.1602748159794886	0.07813187584962464	-0.08087288215244941	0.07716524396272008	-0.09523474088286876	0.07970956155332741	-0.06374704195111139	0.0744223579192023	-0.07130315620484418	0.06592481662072631	-0.062305479409368425	0.07268503511396412	-0.05832213638958168	0.0700543028311054	-0.06028372330672234	0.062242485207351976	-0.042472461849480045	0.044018318066797596	-0.044194309286200294	0.0524756101148323	-0.04337782336934468	0.03267811189038018	-0.042692162177942576	0.045901831070985305	-0.04072432631693319	0.05454688454616513
-0.08845251909797393	0.06813260365723642	-0.2484425033786447	0.2540689911125797	-0.7375054001600915	0.06978241357882758	-0.09301659911208242	0.16421411750479478	-0.2524211060281445	1.0000000000000004	-0.08182003181017258	0.10851600775967318	-0.17875859327145113	0.17139689512980316	-0.4078279955103031	0.10067068988372763	-0.08982409497138225	0.0999157093928443	-0.11876338777631767	0.26941355112163673	-0.0659789223993104	0.06681988256586498	-0.07034045214154341	0.09704952448752445	-0.09247118617733245	0.05415238388136209	-0.06453599854259756	0.0653018844546814	-0.06689498421635887	0.06492179077560448	-0.06623503680383583	0.052609534196122014	-0.06764583109868197	0.059118399844843975	-0.0630867885965122	0.0386007077245273	-0.04048455082940431	0.04236815699399051	-0.05192860723980889	0.043220697842834076	-0.030152578651797258	0.03913668958852297	-0.044401962908273175	0.039925761171804	-0.05431919251378145
0.21874931813127418	-0.20637801756019294	0.11152467667866345	-0.09973233521964195	0.0774120727573911	-0.7219312567295861	0.2816668460688312	-0.14338386676401813	0.10534654795453822	-0.08182003181017258	0.9999999999999977	-0.33851455124896757	0.13902979712381452	-0.10837827668298634	0.054425556198618885	-0.41420152322989795	0.21213297931461972	-0.1382313633715552	0.14321735233198488	-0.06948426012236313	0.147628444873073	-0.14106175397093865	0.11311811866066959	-0.10324246308090163	0.08276665065250587	-0.11485642599681603	0.12452443874399434	-0.10438423257525999	0.08427888328558242	-0.07560488706894841	0.1139925952358685	-0.09121132456766584	0.09794085018433617	-0.08108930752063584	0.08062719964043305	-0.06508108670173268	0.06661974239994335	-0.06219870172358699	0.07050064378805403	-0.057301612951654306	0.04905551653143502	-0.06447234624545649	0.06402905203360959	-0.05533539261116005	0.07271771313566286
-0.2983992789516599	0.21761672673610483	-0.1619187829274538	0.13504310925884283	-0.10760291285185719	0.24328899844610036	-0.4358465758481634	0.19654843146387518	-0.15847028692024656	0.10851600775967318	-0.33851455124896757	1.0000000000000002	-0.26036621096931994	0.16046027278124503	-0.07513295220553756	0.3021944377795611	-0.5528207061866491	0.22703840622369034	-0.252814748937032	0.09319620555804504	-0.1939435944346661	0.20410489360154688	-0.16527491106554473	0.13997976940351814	-0.11576613755268157	0.14459095109585188	-0.18184680778079465	0.14025894694633131	-0.11469761998235223	0.10090428219988015	-0.15151061275344396	0.11814500957822566	-0.13059302353838223	0.10667734128406083	-0.10742690055253734	0.08233766918636788	-0.08669026630977851	0.08116843948706455	-0.0929934038657931	0.07542383074405731	-0.06301456029530397	0.08186767019592477	-0.08402636712241457	0.0724562601210966	-0.09591746603237283
0.13986443659084666	-0.12271119700991188	0.2609918010421265	-0.2609965191003142	0.159770671405252	-0.12986447909117987	0.17962867365130533	-0.573413866081036	0.29910691595392724	-0.17875859327145113	0.13902979712381452	-0.26036621096931994	1.0000000000000004	-0.5459654068928912	0.1110314743881861	-0.17827616003125213	0.17521662193834284	-0.27042322579221534	0.2133687844285865	-0.13904322620223236	0.10204551916729139	-0.10862620630220175	0.09866912342536822	-0.11432495770422998	0.09241490764301286	-0.08226963123268972	0.09645672166883426	-0.08972348496120437	0.07947311890887758	-0.07384589968265017	0.09030056294531365	-0.07266115921377242	0.08500750177237873	-0.0727062899135385	0.07423865080091553	-0.052324560108014125	0.05422830642210866	-0.05356703001657849	0.06287689166794638	-0.05186902787814691	0.04006593415854812	-0.052436413741196355	0.055405889055129665	-0.048914964963541786	0.06513780230659838
-0.11271804590993066	0.09095382751754082	-0.25819872071768246	0.2371574459173706	-0.17133716558123718	0.09490214496471969	-0.13203030730374243	0.28012358563960815	-0.6859834780435278	0.17139689512980316	-0.10837827668298634	0.16046027278124503	-0.5459654068928912	0.9999999999999959	-0.1298560491152224	0.1319878371273289	-0.12930801512777815	0.16516144799999807	-0.19466788612568103	0.1348100147907487	-0.08042615034626605	0.08331591220817854	-0.07984017102254595	0.09528088550987845	-0.08044249975505438	0.06472506278209299	-0.0768213421767911	0.07219162648084128	-0.06676044481641964	0.062056619029498175	-0.07372123008109745	0.058676132425431106	-0.0705871648173574	0.06034424949912783	-0.06254894250941337	0.042410884404681444	-0.04422651646195217	0.04426807021990325	-0.052636074164507766	0.04340233589543329	-0.032714503680391215	0.042627300140219995	-0.04603828076958211	0.04076062172066767	-0.05469600478900674
0.057021341484801744	-0.04397740581526544	0.12376698734656015	-0.12888751318530908	0.23308835249116971	-0.04613023740227167	0.05962672638324599	-0.09632656788661886	0.13332775492193652	-0.4078279955103031	0.054425556198618885	-0.07513295220553756	0.1110314743881861	-0.1298560491152224	0.9999999999999999	-0.07291531156160663	0.0645774416192565	-0.07815889413572415	0.09241506511226942	-0.8470805914436447	0.04928237473195245	-0.05101011932268508	0.05755033537756307	-0.10737834974725158	0.10742477688904478	-0.04103550714860386	0.04909286755014366	-0.05514281563668741	0.06029253124587181	-0.06719158826433425	0.05015177048485447	-0.04089258618311784	0.05420205605131129	-0.05078881708000029	0.053792783686514974	-0.03004549719601257	0.03143871935147273	-0.034172506746662834	0.04229147514784375	-0.036579604678381	0.023404389105814397	-0.03064393278214267	0.03530866410016512	-0.03264718976630713	0.043939560533203664
-0.261367161231471	0.17548165317577633	-0.13776999491205089	0.11756519557984546	-0.10056281521864975	0.23191603083354242	-0.26157645810606445	0.15445335755786188	-0.13382384524615595	0.10067068988372763	-0.41420152322989795	0.3021944377795611	-0.17827616003125213	0.1319878371273289	-0.07291531156160663	1.0000000000000002	-0.49821156618001844	0.22052498699928766	-0.2600351454232507	0.09061976461953578	-0.3808544302557784	0.25796680809854233	-0.20507612557258534	0.16014055309593858	-0.13385672151557962	0.21627257409579917	-0.2473541802726892	0.17467923918820608	-0.13995197956163558	0.12101066189297746	-0.21247077781224238	0.15659631484474495	-0.16462866175027363	0.13168962215992802	-0.13138438311300618	0.10727000559073678	-0.11344704382384764	0.10205393043308966	-0.1150120196400441	0.09261132452167932	-0.08184160171219387	0.10574342448895199	-0.10561224186787321	0.08982779679514266	-0.11819510780817472
0.17518006857671703	-0.13875352472892624	0.11752939553646707	-0.10601396267562647	0.08628050144310456	-0.1696165211614381	0.20469029631256103	-0.14467226575044564	0.11800292022379759	-0.08982409497138225	0.21213297931461972	-0.5528207061866491	0.17521662193834284	-0.12930801512777815	0.0645774416192565	-0.49821156618001844	0.9999999999999988	-0.382463473988001	0.2573330169777316	-0.08158234960777665	0.2253001783440923	-0.3565314018626619	0.18254129866238497	-0.14772149823957928	0.11456250003524875	-0.1730202405829376	0.20521411856435004	-0.16005360806119717	0.11555168212904372	-0.10299969072757319	0.15340597549531532	-0.12676127355930505	0.1291059325465039	-0.10773538763401705	0.10427103082826644	-0.08563527961782176	0.08889382276434134	-0.08126169850023096	0.09022750848447025	-0.07392813142398737	0.06407526431858834	-0.0846552269706354	0.08238443708806778	-0.07110985872624284	0.09208244034823829
-0.12726859407430713	0.09756054436062297	-0.13028538516762678	0.11853483521045179	-0.09687495126562329	0.11106717413215976	-0.14090850763645987	0.1620326264131126	-0.14097736833200591	0.0999157093928443	-0.1382313633715552	0.22703840622369034	-0.27042322579221534	0.16516144799999807	-0.07815889413572415	0.22052498699928766	-0.382463473988001	0.9999999999999988	-0.7872930888116392	0.09661767807987177	-0.13987830637361598	0.158673244428959	-0.15086090070217553	0.1679648065976782	-0.13308027973008849	0.108920872008547	-0.1341345818154287	0.12454675254608417	-0.10807638803738538	0.0979479348946914	-0.11433204712782519	0.09243063655694272	-0.10811077654470341	0.09332306457111306	-0.094920411850543	0.06490834006994846	-0.06801396846426967	0.06722989379091134	-0.07877184674008149	0.06543442821027895	-0.04964278320484248	0.06507769706215395	-0.06898156885629683	0.061155412243438644	-0.08104318216169432
0.13075026285266172	-0.10499986753288823	0.13575744956756833	-0.1349817638242225	0.1088021094136766	-0.1216027331170685	0.14441432637937873	-0.17346235208383007	0.1488951057539506	-0.11876338777631767	0.14321735233198488	-0.252814748937032	0.2133687844285865	-0.19466788612568103	0.09241506511226942	-0.2600351454232507	0.2573330169777316	-0.7872930888116392	0.9999999999999997	-0.12244350752866338	0.14382290386953714	-0.16465930224020522	0.15196615265763908	-0.25070633187843483	0.15626375521630637	-0.11803753790585225	0.13686385729925674	-0.13867061419738375	0.12147148532432825	-0.11608089688929664	0.12336576415044273	-0.1023971093872215	0.11955838560802344	-0.10627398932288712	0.1070942414126913	-0.07305134410141044	0.07535555452893279	-0.07552459727091869	0.08839781805889042	-0.07433908411626569	0.0554699180791436	-0.07331829159612571	0.07700786231370402	-0.06898345743723722	0.0908830360560588
-0.07358161268606249	0.05569765194436058	-0.16264732666021176	0.15181497296517826	-0.30212232104177505	0.05810257306145059	-0.07566584801077099	0.11753028380284375	-0.1602748159794886	0.26941355112163673	-0.06948426012236313	0.09319620555804504	-0.13904322620223236	0.1348100147907487	-0.8470805914436447	0.09061976461953578	-0.08158234960777665	0.09661767807987177	-0.12244350752866338	0.9999999999999987	-0.06259333016814504	0.06426711134241848	-0.07322135849084524	0.12811628397200325	-0.1538009384288908	0.05189362532409087	-0.062477158370536516	0.06927540604260636	-0.07833175110264402	0.08431594576073421	-0.0641774668132253	0.05191394695786846	-0.06965868098592728	0.06458389457554846	-0.06980081683644973	0.03808379381052546	-0.04005260391172609	0.043644364798448736	-0.054518195673473394	0.04684993629767031	-0.029794443717141326	0.03887843308376259	-0.04534294615175634	0.04185347325950631	-0.05680974631954669
0.12157810801740018	-0.08976083629620953	0.0795833758492413	-0.07224538894223967	0.06361617265783341	-0.11192304040016753	0.12377418312440103	-0.08963641082290327	0.07813187584962464	-0.0659789223993104	0.147628444873073	-0.1939435944346661	0.10204551916729139	-0.08042615034626605	0.04928237473195245	-0.3808544302557784	0.2253001783440923	-0.13987830637361598	0.14382290386953714	-0.06259333016814504	0.9999999999999988	-0.4944847806049415	0.21544104906281544	-0.1441464748994788	0.11166552196965321	-0.6153628212872096	0.3181699457039864	-0.21046560339968193	0.13022396348030157	-0.11495426478788508	0.2361117759809227	-0.19708875114510824	0.15593139849154636	-0.1287229456870003	0.11634628649008757	-0.12614124230083035	0.12509317361914324	-0.10151929884385837	0.10388349387753633	-0.08475083136407613	0.08890987480486597	-0.12061681604514798	0.09982786564473414	-0.08392278809150126	0.10408151587194346
-0.12294496431102	0.08945050359628917	-0.08183550859506038	0.0735406912375101	-0.06505263824142654	0.10608899314219372	-0.1270940007557692	0.09213743723561145	-0.08087288215244941	0.06681988256586498	-0.14106175397093865	0.20410489360154688	-0.10862620630220175	0.08331591220817854	-0.05101011932268508	0.25796680809854233	-0.3565314018626619	0.158673244428959	-0.16465930224020522	0.06426711134241848	-0.4944847806049415	0.9999999999999984	-0.4103933690257365	0.15446821533608338	-0.12219050279816826	0.28940819753431013	-0.5367989628121018	0.24852410941279024	-0.14510766830007993	0.12185377825138526	-0.2157231251044862	0.18194515472121794	-0.16479934564926674	0.13234872424500918	-0.12076908628312844	0.1110584915602743	-0.12044160444458646	0.10081227827069482	-0.10569958384524986	0.08626308149953497	-0.08214227160027639	0.108808053625365	-0.09991144101180728	0.08418329104695757	-0.10571987794666482
0.1040179484794678	-0.07714702969516955	0.07806212936842516	-0.07227556779110568	0.06778166747395296	-0.08927621535571734	0.10416768481891918	-0.08553032878282466	0.07716524396272008	-0.07034045214154341	0.11311811866066959	-0.16527491106554473	0.09866912342536822	-0.07984017102254595	0.05755033537756307	-0.20507612557258534	0.18254129866238497	-0.15086090070217553	0.15196615265763908	-0.07322135849084524	0.21544104906281544	-0.4103933690257365	0.9999999999999993	-0.26974641543632866	0.1806436909745301	-0.19092613513975076	0.24601717926509487	-0.7094592222012268	0.22742827719834824	-0.19773782881613536	0.17893638415336094	-0.16654702186291043	0.21227655168108683	-0.19226658807238942	0.16089741101881114	-0.11155655895716735	0.1163225153123344	-0.12748239815992518	0.13421365338806676	-0.11489053835488343	0.08355838225752792	-0.11326269787244117	0.12010674405316768	-0.10742963126715477	0.13212612304176868
-0.1008739283636685	0.07332092199481002	-0.0956915014834063	0.0882377050144104	-0.09944688902495656	0.08156244152220733	-0.09894412236714853	0.09597660944270084	-0.09523474088286876	0.09704952448752445	-0.10324246308090163	0.13997976940351814	-0.11432495770422998	0.09528088550987845	-0.10737834974725158	0.16014055309593858	-0.14772149823957928	0.1679648065976782	-0.25070633187843483	0.12811628397200325	-0.1441464748994788	0.15446821533608338	-0.26974641543632866	1.0000000000000002	-0.7342442514947459	0.12047440202744386	-0.15399080216431654	0.21143227467436226	-0.29669304681433223	0.2794925903837225	-0.15304568686200815	0.12837539258296038	-0.19696897989284484	0.19553133662541342	-0.2247998826286783	0.09280039021645689	-0.09975762960767812	0.11969194174441418	-0.15914982283100834	0.1398259430196107	-0.07346594088056049	0.09650455838973883	-0.12332968743718802	0.11919536313612272	-0.16485075996258705
0.0805150897625213	-0.05975091451549596	0.08030738671243416	-0.07659440241454435	0.08893436483221535	-0.06671732335647866	0.07963474582527301	-0.08007990044009275	0.07970956155332741	-0.09247118617733245	0.08276665065250587	-0.11576613755268157	0.09241490764301286	-0.08044249975505438	0.10742477688904478	-0.13385672151557962	0.11456250003524875	-0.13308027973008849	0.15626375521630637	-0.1538009384288908	0.11166552196965321	-0.12219050279816826	0.1806436909745301	-0.7342442514947459	1.0000000000000002	-0.09704531137881768	0.1199736408283116	-0.18798373995258222	0.25233349422018414	-0.48397520519627385	0.12202864481423108	-0.10705580537362894	0.16027102589546324	-0.18440808226390812	0.19469739043146922	-0.07855949909328266	0.08252425528319912	-0.1016951645202175	0.13130086527932378	-0.12854331361780852	0.06121035861464383	-0.08186765714734605	0.10127101886424775	-0.10186439883250739	0.13378220074829555
-0.0995902927560327	0.07148539822385565	-0.06507469769377726	0.05866820526754664	-0.0526509128013109	0.08518024457052427	-0.09863207694451237	0.07182558737537263	-0.06374704195111139	0.05415238388136209	-0.11485642599681603	0.14459095109585188	-0.08226963123268972	0.06472506278209299	-0.04103550714860386	0.21627257409579917	-0.1730202405829376	0.108920872008547	-0.11803753790585225	0.05189362532409087	-0.6153628212872096	0.28940819753431013	-0.19092613513975076	0.12047440202744386	-0.09704531137881768	0.9999999999999983	-0.5620366626464767	0.177808526377181	-0.11755073715551538	0.10020394593774308	-0.3891451126368521	0.22060474843071617	-0.15206234433960839	0.11787441008864645	-0.10631987748367908	0.13138830330411327	-0.13709123146141458	0.09752437358922514	-0.09677739283113616	0.07755484476626184	-0.09317044843870989	0.12268608618209749	-0.0963806445862766	0.07830163954587593	-0.09634951680463542
0.10988860028378368	-0.08167012608134731	0.07567962692219828	-0.06930837876914268	0.06207439967847637	-0.09737178099300597	0.11133225182783772	-0.08450555017506495	0.0744223579192023	-0.06453599854259756	0.12452443874399434	-0.18184680778079465	0.09645672166883426	-0.0768213421767911	0.04909286755014366	-0.2473541802726892	0.20521411856435004	-0.1341345818154287	0.13686385729925674	-0.062477158370536516	0.3181699457039864	-0.5367989628121018	0.24601717926509487	-0.15399080216431654	0.1199736408283116	-0.5620366626464767	0.9999999999999989	-0.28396965422985837	0.14908296990764594	-0.1286256116575377	0.266679871725791	-0.3096345600846732	0.18332343117506392	-0.14764560139852204	0.12842532139405075	-0.15004093451994846	0.16020092221265872	-0.11825996744491202	0.11572744754356791	-0.09408082551149528	0.10553877113571516	-0.14543064321132537	0.11412654123559993	-0.09419904863088086	0.11452731145781461
-0.09769697531643827	0.07049860030780161	-0.07246623999938176	0.06628534493025846	-0.06392139616183634	0.08052750917916594	-0.09558169945515527	0.07744691640797013	-0.07130315620484418	0.0653018844546814	-0.10438423257525999	0.14025894694633131	-0.08972348496120437	0.07219162648084128	-0.05514281563668741	0.17467923918820608	-0.16005360806119717	0.12454675254608417	-0.13867061419738375	0.06927540604260636	-0.21046560339968193	0.24852410941279024	-0.7094592222012268	0.21143227467436226	-0.18798373995258222	0.177808526377181	-0.28396965422985837	0.9999999999999967	-0.3680652917889817	0.21044131485158368	-0.18921383302605763	0.1699452869996421	-0.30356498734967446	0.21932885747602693	-0.1837796146096833	0.11185029421994752	-0.12281760109919458	0.14324272490667042	-0.1522047054124208	0.12592506405392478	-0.08636630925885036	0.11507891262598145	-0.13766447007761354	0.11857773429480015	-0.14710215450695446
0.0813397654567259	-0.0595519333800964	0.06705957478002533	-0.06297071237385558	0.06420027000436385	-0.06694563247795346	0.0787929330737905	-0.0697964850822535	0.06592481662072631	-0.06689498421635887	0.08427888328558242	-0.11469761998235223	0.07947311890887758	-0.06676044481641964	0.06029253124587181	-0.13995197956163558	0.11555168212904372	-0.10807638803738538	0.12147148532432825	-0.07833175110264402	0.13022396348030157	-0.14510766830007993	0.22742827719834824	-0.29669304681433223	0.25233349422018414	-0.11755073715551538	0.14908296990764594	-0.3680652917889817	0.999999999999997	-0.6268509200636816	0.15015605655485745	-0.1414859249932009	0.2418353744579666	-0.4459168741169388	0.2614625523925538	-0.10143523060456533	0.10741303556712897	-0.14599236261781506	0.18580252352399215	-0.17601743345724113	0.07881641137315501	-0.10726810596794925	0.13818884081684862	-0.1431014372432427	0.17349195353957597
-0.0736657595122471	0.053435988694427373	-0.06337815617533481	0.05903692358929912	-0.0640208483002394	0.05964900704390301	-0.07106853361584203	0.06425674642926414	-0.062305479409368425	0.06492179077560448	-0.07560488706894841	0.10090428219988015	-0.07384589968265017	0.062056619029498175	-0.06719158826433425	0.12101066189297746	-0.10299969072757319	0.0979479348946914	-0.11608089688929664	0.08431594576073421	-0.11495426478788508	0.12185377825138526	-0.19773782881613536	0.2794925903837225	-0.48397520519627385	0.10020394593774308	-0.1286256116575377	0.21044131485158368	-0.6268509200636816	0.9999999999999987	-0.1333946167524953	0.11932435507024197	-0.20721046269276355	0.25947901906547904	-0.3828873622159999	0.0870052388965602	-0.09360100080495384	0.12625272683231442	-0.18159213525808357	0.1841664801559309	-0.06892846729134762	0.09236639757409623	-0.12653871864076333	0.13419809104364028	-0.1855038321064026
0.10584667824564781	-0.07755622209284413	0.07455986593134936	-0.06885499165229841	0.06346940792689566	-0.08975460331260746	0.10234124495672406	-0.0805485905159529	0.07268503511396412	-0.06623503680383583	0.1139925952358685	-0.15151061275344396	0.09030056294531365	-0.07372123008109745	0.05015177048485447	-0.21247077781224238	0.15340597549531532	-0.11433204712782519	0.12336576415044273	-0.0641774668132253	0.2361117759809227	-0.2157231251044862	0.17893638415336094	-0.15304568686200815	0.12202864481423108	-0.3891451126368521	0.266679871725791	-0.18921383302605763	0.15015605655485745	-0.1333946167524953	0.9999999999999948	-0.5920968825269335	0.2327370314673567	-0.1801639512165064	0.15310615599725064	-0.33246125980896946	0.27672520472044443	-0.16868991852413096	0.1483221181734969	-0.11694453679135	0.19795218020604513	-0.27668301300532516	0.16075518911000908	-0.12527989119375302	0.14550599094694516
-0.08558553849574782	0.061425469730872394	-0.05980248995277778	0.05460814717504191	-0.05104649479803945	0.07030692221514738	-0.0821340154987818	0.06404602969751957	-0.05832213638958168	0.052609534196122014	-0.09121132456766584	0.11814500957822566	-0.07266115921377242	0.058676132425431106	-0.04089258618311784	0.15659631484474495	-0.12676127355930505	0.09243063655694272	-0.1023971093872215	0.05191394695786846	-0.19708875114510824	0.18194515472121794	-0.16654702186291043	0.12837539258296038	-0.10705580537362894	0.22060474843071617	-0.3096345600846732	0.1699452869996421	-0.1414859249932009	0.11932435507024197	-0.5920968825269335	0.9999999999999942	-0.31590523901924994	0.17432779729900685	-0.14617811347839085	0.2494837641076396	-0.5211870646407049	0.1760160230651201	-0.14581225850923826	0.11011445093581994	-0.1942569960198374	0.24568479400692012	-0.16995177194097832	0.12047123274407263	-0.13964024629076996
0.09493442914598385	-0.06910117776819008	0.07185800197627369	-0.0669516574066262	0.06476580448654422	-0.07758002172778322	0.09042429347582877	-0.07559213893886026	0.0700543028311054	-0.06764583109868197	0.09794085018433617	-0.13059302353838223	0.08500750177237873	-0.0705871648173574	0.05420205605131129	-0.16462866175027363	0.1291059325465039	-0.10811077654470341	0.11955838560802344	-0.06965868098592728	0.15593139849154636	-0.16479934564926674	0.21227655168108683	-0.19696897989284484	0.16027102589546324	-0.15206234433960839	0.18332343117506392	-0.30356498734967446	0.2418353744579666	-0.20721046269276355	0.2327370314673567	-0.31590523901924994	0.9999999999999937	-0.52205914158274	0.2419025895607338	-0.17685679737895882	0.1981249290239903	-0.43014566741545723	0.24155031361163176	-0.19128896687096747	0.13517664983954109	-0.1936259797038894	0.2596803324325865	-0.21030443310313074	0.21151356069115249
-0.07900311170378474	0.057023333192399335	-0.061708840340394845	0.05725381348413257	-0.05736760752825484	0.06374896348338498	-0.07520435058031157	0.06404485278490514	-0.06028372330672234	0.059118399844843975	-0.08108930752063584	0.10667734128406083	-0.0727062899135385	0.06034424949912783	-0.05078881708000029	0.13168962215992802	-0.10773538763401705	0.09332306457111306	-0.10627398932288712	0.06458389457554846	-0.1287229456870003	0.13234872424500918	-0.19226658807238942	0.19553133662541342	-0.18440808226390812	0.11787441008864645	-0.14764560139852204	0.21932885747602693	-0.4459168741169388	0.25947901906547904	-0.1801639512165064	0.17432779729900685	-0.52205914158274	0.999999999999994	-0.4435305126249676	0.12206618039480155	-0.13835658130891168	0.21932578915183748	-0.36094449340942175	0.2438141706645159	-0.09896830876965426	0.13344846552832654	-0.21458157649035234	0.21745843360373235	-0.26139538586002387
0.0793445111512036	-0.057767627594530205	0.0637515089205372	-0.059869589106429956	0.06025996609141158	-0.06419373704031837	0.07536113139939664	-0.065914823604742	0.062242485207351976	-0.0630867885965122	0.08062719964043305	-0.10742690055253734	0.07423865080091553	-0.06254894250941337	0.053792783686514974	-0.13138438311300618	0.10427103082826644	-0.094920411850543	0.1070942414126913	-0.06980081683644973	0.11634628649008757	-0.12076908628312844	0.16089741101881114	-0.2247998826286783	0.19469739043146922	-0.10631987748367908	0.12842532139405075	-0.1837796146096833	0.2614625523925538	-0.3828873622159999	0.15310615599725064	-0.14617811347839085	0.2419025895607338	-0.4435305126249676	0.9999999999999929	-0.1123467875570559	0.11681542069267198	-0.17816111284792074	0.2653441415688571	-0.576520959221854	0.087915264901367	-0.1218574525084546	0.1686531944369449	-0.2210813567932762	0.2799638460109188
-0.062394010349191446	0.0443432922050487	-0.04368214289038402	0.039810415400991686	-0.037608585592293395	0.050109582052402186	-0.05888433161239135	0.04624193715913078	-0.042472461849480045	0.0386007077245273	-0.06508108670173268	0.08233766918636788	-0.052324560108014125	0.042410884404681444	-0.03004549719601257	0.10727000559073678	-0.08563527961782176	0.06490834006994846	-0.07305134410141044	0.03808379381052546	-0.12614124230083035	0.1110584915602743	-0.11155655895716735	0.09280039021645689	-0.07855949909328266	0.13138830330411327	-0.15004093451994846	0.11185029421994752	-0.10143523060456533	0.0870052388965602	-0.33246125980896946	0.2494837641076396	-0.17685679737895882	0.12206618039480155	-0.1123467875570559	0.9999999999999939	-0.49638776192014555	0.14621488935017368	-0.11928243276881902	0.08729252726853771	-0.6746986706960567	0.3278479571767987	-0.15604764966505505	0.10112507809943014	-0.11547440796895969
0.0635013183656753	-0.04571782414873872	0.04521388878672933	-0.04153036219066769	0.03913450201008526	-0.05189985542885702	0.06046577584359699	-0.04808169501462034	0.044018318066797596	-0.04048455082940431	0.06661974239994335	-0.08669026630977851	0.05422830642210866	-0.04422651646195217	0.03143871935147273	-0.11344704382384764	0.08889382276434134	-0.06801396846426967	0.07535555452893279	-0.04005260391172609	0.12509317361914324	-0.12044160444458646	0.1163225153123344	-0.09975762960767812	0.08252425528319912	-0.13709123146141458	0.16020092221265872	-0.12281760109919458	0.10741303556712897	-0.09360100080495384	0.27672520472044443	-0.5211870646407049	0.1981249290239903	-0.13835658130891168	0.11681542069267198	-0.49638776192014555	0.9999999999999923	-0.2086798497543671	0.12773879886345593	-0.0937389462628186	0.28911720805676133	-0.5380136763946265	0.17919455899890568	-0.11375955464786949	0.11976675110298932
-0.06054579468797236	0.04362345219928725	-0.04538550633873856	0.042021271327900005	-0.04087600557517286	0.04883128608893055	-0.057288082304427904	0.047492301551642566	-0.044194309286200294	0.04236815699399051	-0.06219870172358699	0.08116843948706455	-0.05356703001657849	0.04426807021990325	-0.034172506746662834	0.10205393043308966	-0.08126169850023096	0.06722989379091134	-0.07552459727091869	0.043644364798448736	-0.10151929884385837	0.10081227827069482	-0.12748239815992518	0.11969194174441418	-0.1016951645202175	0.09752437358922514	-0.11825996744491202	0.14324272490667042	-0.14599236261781506	0.12625272683231442	-0.16868991852413096	0.1760160230651201	-0.43014566741545723	0.21932578915183748	-0.17816111284792074	0.14621488935017368	-0.2086798497543671	0.9999999999999923	-0.2951859832735875	0.1646569479970253	-0.13291944688846394	0.18502719493755748	-0.7364941926610601	0.24975418223306767	-0.22123397694273095
0.06942626860118853	-0.05033951819666386	0.0538950499321153	-0.05038358995984073	0.049664390129963286	-0.05595095425153911	0.06554804349412408	-0.05599380791965799	0.0524756101148323	-0.05192860723980889	0.07050064378805403	-0.0929934038657931	0.06287689166794638	-0.052636074164507766	0.04229147514784375	-0.1150120196400441	0.09022750848447025	-0.07877184674008149	0.08839781805889042	-0.054518195673473394	0.10388349387753633	-0.10569958384524986	0.13421365338806676	-0.15914982283100834	0.13130086527932378	-0.09677739283113616	0.11572744754356791	-0.1522047054124208	0.18580252352399215	-0.18159213525808357	0.1483221181734969	-0.14581225850923826	0.24155031361163176	-0.36094449340942175	0.2653441415688571	-0.11928243276881902	0.12773879886345593	-0.2951859832735875	0.9999999999999919	-0.42778955761527304	0.09645547611529172	-0.1383587676905176	0.255738241604684	-0.6213692893277637	0.32101336875562
-0.056425502366155546	0.040826485772212213	-0.04449178075991617	0.04151478718971787	-0.04162250357637531	0.045359718085990874	-0.05337348195843818	0.04597883552619557	-0.04337782336934468	0.043220697842834076	-0.057301612951654306	0.07542383074405731	-0.05186902787814691	0.04340233589543329	-0.036579604678381	0.09261132452167932	-0.07392813142398737	0.06543442821027895	-0.07433908411626569	0.04684993629767031	-0.08475083136407613	0.08626308149953497	-0.11489053835488343	0.1398259430196107	-0.12854331361780852	0.07755484476626184	-0.09408082551149528	0.12592506405392478	-0.17601743345724113	0.1841664801559309	-0.11694453679135	0.11011445093581994	-0.19128896687096747	0.2438141706645159	-0.576520959221854	0.08729252726853771	-0.0937389462628186	0.1646569479970253	-0.42778955761527304	0.999999999999991	-0.0709238536429134	0.09813432436032088	-0.1714364800375113	0.2701769303158058	-0.5825566076642814
0.0471902897622678	-0.033802955875162244	0.03361189132600171	-0.030841312097315415	0.02919559672015309	-0.03815165954633	0.04459993839715551	-0.035551434054539616	0.03267811189038018	-0.030152578651797258	0.04905551653143502	-0.06301456029530397	0.04006593415854812	-0.032714503680391215	0.023404389105814397	-0.08184160171219387	0.06407526431858834	-0.04964278320484248	0.0554699180791436	-0.029794443717141326	0.08890987480486597	-0.08214227160027639	0.08355838225752792	-0.07346594088056049	0.06121035861464383	-0.09317044843870989	0.10553877113571516	-0.08636630925885036	0.07881641137315501	-0.06892846729134762	0.19795218020604513	-0.1942569960198374	0.13517664983954109	-0.09896830876965426	0.087915264901367	-0.6746986706960567	0.28911720805676133	-0.13291944688846394	0.09645547611529172	-0.0709238536429134	0.9999999999999915	-0.6312239487517136	0.13955307332833988	-0.08804015699282958	0.09213585573292843
-0.06204817157203717	0.04415311281853515	-0.043903892399018846	0.040100015040793864	-0.03808958795582432	0.04977183927238549	-0.05852560337067406	0.046356802627484664	-0.042692162177942576	0.03913668958852297	-0.06447234624545649	0.08186767019592477	-0.052436413741196355	0.042627300140219995	-0.03064393278214267	0.10574342448895199	-0.0846552269706354	0.06507769706215395	-0.07331829159612571	0.03887843308376259	-0.12061681604514798	0.108808053625365	-0.11326269787244117	0.09650455838973883	-0.08186765714734605	0.12268608618209749	-0.14543064321132537	0.11507891262598145	-0.10726810596794925	0.09236639757409623	-0.27668301300532516	0.24568479400692012	-0.1936259797038894	0.13344846552832654	-0.1218574525084546	0.3278479571767987	-0.5380136763946265	0.18502719493755748	-0.1383587676905176	0.09813432436032088	-0.6312239487517136	0.9999999999999918	-0.24059481282497996	0.12426919812542692	-0.13165368413753914
0.0626210954516136	-0.045305548516286834	0.04718736293852993	-0.043893679797101175	0.04256946986623717	-0.050588923469615216	0.05912707374659089	-0.04935583838026342	0.045901831070985305	-0.044401962908273175	0.06402905203360959	-0.08402636712241457	0.055405889055129665	-0.04603828076958211	0.03530866410016512	-0.10561224186787321	0.08238443708806778	-0.06898156885629683	0.07700786231370402	-0.04534294615175634	0.09982786564473414	-0.09991144101180728	0.12010674405316768	-0.12332968743718802	0.10127101886424775	-0.0963806445862766	0.11412654123559993	-0.13766447007761354	0.13818884081684862	-0.12653871864076333	0.16075518911000908	-0.16995177194097832	0.2596803324325865	-0.21458157649035234	0.1686531944369449	-0.15604764966505505	0.17919455899890568	-0.7364941926610601	0.255738241604684	-0.1714364800375113	0.13955307332833988	-0.24059481282497996	0.999999999999992	-0.4050984786504368	0.2194661796567947
