1.0	-0.7217339815065413	0.24911827422613364	-0.18634054686192764	0.20729967430142598	-0.38537796968408605	0.2555391773439759	-0.20942179230954955	0.18336471023887788	-0.20547886527977755	0.2538767009825307	-0.20733746654888727	0.21165497286053017	-0.2157717287619407	0.12989375071394166	-0.1465258261090182	0.16642075675229276	-0.1549840100727715	0.14906694958973285	-0.15075649877646982	0.13913237153302724	-0.18888926127281017	0.1430416055944022	-0.16873699303252462	0.14127175557139743	-0.09436777573306031	0.19177730251317324	-0.15937628690074662	0.13084416052283016	-0.12096679221214932	0.09391468457484886	-0.12503919505595287	0.09872828765302363	-0.08602131651694384	0.04954525514488171	-0.2801147803012145	0.10521777899327434	-0.10485923592985005	0.07521640214148367	-0.06282422720027361
-0.7217339815065413	1.0000000000000002	-0.40964714404521707	0.2141734033954	-0.26168867477044033	0.24541622279575767	-0.28063802573720253	0.22683445261580235	-0.20255034194938967	0.19882772609931276	-0.26278672899918676	0.19677742650837898	-0.24125747272259102	0.19862032462948556	-0.12641551357256717	0.1330623835979866	-0.16152687836166071	0.14055707513464144	-0.14139537857143716	0.13806214426266103	-0.1350486511209616	0.16912850964075074	-0.13293907257314194	0.149315129889782	-0.13118661929188374	0.08198837730861827	-0.18178519368521173	0.13656061398214273	-0.11740961937123702	0.106660567320883	-0.08362390782138368	0.1048729503004279	-0.08418411699092068	0.07138695363550855	-0.04141195117954251	0.2169256929495672	-0.08653320822959494	0.08565726265897018	-0.06292304197463507	0.05185829158290733
0.24911827422613364	-0.40964714404521707	1.0	-0.5383520467787825	0.29514835412131013	-0.19239284309830984	0.24861012547781208	-0.4607970965181957	0.2854685863500407	-0.28332820420701077	0.2015761310815606	-0.20914547202349926	0.2581144563344784	-0.2714819487639317	0.15620923895499597	-0.1301693451162726	0.16258491910974232	-0.1658297342736045	0.16818978340053528	-0.17522697994956005	0.12700588628748113	-0.1811644750037401	0.14858102391021905	-0.17597767900378392	0.1463658779587059	-0.08522400940248749	0.1828756273287814	-0.152936743316033	0.12995831615521158	-0.1219887293451927	0.08549402928364666	-0.11662083502807424	0.09300495707074902	-0.08027694742133988	0.046422899138094796	-0.24626378534864932	0.09650368563740007	-0.09623761670769074	0.0702322278070367	-0.058402746586174836
-0.18634054686192764	0.2141734033954	-0.5383520467787825	1.0000000000000004	-0.5962585113163907	0.14073828310584738	-0.19906089987542067	0.24647769885255905	-0.45160238049607204	0.2788488627263881	-0.16234641171823883	0.1558940778773205	-0.21282157090287263	0.23762328445844072	-0.15092813092025573	0.10114888865379493	-0.13034054584133556	0.1356304579310006	-0.15129005230461154	0.15488548140589542	-0.10185091068022617	0.14008232692306036	-0.12472044316514788	0.1437301025382365	-0.12575425514320937	0.06632407158993539	-0.1497356374733044	0.12127640538138641	-0.10738298643839639	0.10033560384404049	-0.06730100249797093	0.09116232265754116	-0.07350911527475962	0.06291621997606642	-0.03656811952410999	0.18499767097425282	-0.07494801639966513	0.07450031923946761	-0.05526606915935466	0.04563215932130311
0.20729967430142598	-0.26168867477044033	0.29514835412131013	-0.5962585113163907	0.9999999999999998	-0.15669676505277533	0.20268471544914227	-0.23233217583702837	0.30621045440868994	-0.4765752442120614	0.18221436775770652	-0.17812546758192835	0.2148186612953852	-0.30566682545362306	0.20908063259586912	-0.12781976914430423	0.15971270801045578	-0.18100522859248397	0.19007327047271966	-0.2375987500272364	0.12856906333117493	-0.1816650668590968	0.16384213125011413	-0.1995479329740572	0.17242952649534493	-0.09115686003448836	0.1989787768978182	-0.172953043943938	0.1486726337064508	-0.14352972837488717	0.091893711724869	-0.1311599629123304	0.10469817289323673	-0.09124473165170209	0.05285822588557536	-0.27741938868506744	0.10887250760162344	-0.10881699725522864	0.07966428766467601	-0.06646073084298522
-0.38537796968408605	0.24541622279575767	-0.19239284309830984	0.14073828310584738	-0.15669676505277533	1.0000000000000004	-0.5653834966062575	0.22308930460549273	-0.15623824441529935	0.15586178334050022	-0.6108516482979451	0.24845251460929507	-0.231915595095818	0.16660454691403953	-0.09829835819812036	0.1475436347458486	-0.16676224441111917	0.12407120378746855	-0.11747280808789345	0.11100057811995925	-0.13622665391796487	0.1658569990201986	-0.11358599261772169	0.12680270627110185	-0.10468561119277923	0.07460761730637047	-0.14840202681995782	0.1154366406158966	-0.09599279858965214	0.08773322277268586	-0.07459634125381548	0.08943668244921478	-0.07112096266032504	0.0602071987431852	-0.034751565070728116	0.1875774662843276	-0.07345793968667291	0.07289050262992727	-0.0528766068097785	0.043759350724795545
0.2555391773439759	-0.28063802573720253	0.24861012547781208	-0.19906089987542067	0.20268471544914227	-0.5653834966062575	0.9999999999999993	-0.4727577484880614	0.21863036444330852	-0.22358135548283464	0.30573220042945093	-0.34802385536953584	0.28667085115531127	-0.23642489451924967	0.13385491652606377	-0.16355981113163798	0.20039920020828864	-0.1656660079277906	0.15693452302505162	-0.15240877210002168	0.14752809608405776	-0.21696922842915015	0.14843059573928422	-0.169976465351724	0.13802323269491854	-0.09179780943421514	0.18781362092408535	-0.15198967308017863	0.12605600353081484	-0.11645359262956027	0.09089550725516429	-0.11706231243968783	0.09290360103038847	-0.07934570047585678	0.04576653499541015	-0.24760850527739908	0.09636263722192359	-0.09591895997922154	0.06949695359243714	-0.05770572457083237
-0.20942179230954955	0.22683445261580235	-0.4607970965181957	0.24647769885255905	-0.23233217583702837	0.22308930460549273	-0.4727577484880614	0.9999999999999981	-0.3771195002316297	0.23319260535076008	-0.23455660292150352	0.2538999194435305	-0.5253968325601955	0.23548857279011606	-0.1350668902687807	0.12685093255564567	-0.17068391984960102	0.14867554562477298	-0.1521563088206429	0.1435083848623835	-0.12213031665800711	0.1725251526345021	-0.13348758732009883	0.14962256848645125	-0.12503278479083463	0.07445944611980602	-0.16186878341686636	0.12799012824589287	-0.11027116924980193	0.10174155156815363	-0.07491396503008492	0.0969290377487906	-0.07777477698998123	0.06598591822015477	-0.03823320519776805	0.1973601867885211	-0.07929948486046476	0.07877833208203233	-0.05796374753853728	0.047854937140691244
0.18336471023887788	-0.20255034194938967	0.2854685863500407	-0.45160238049607204	0.30621045440868994	-0.15623824441529935	0.21863036444330852	-0.3771195002316297	0.9999999999999992	-0.5240385297308989	0.17647861092533093	-0.17988036816050748	0.23879253317908392	-0.4666013464273772	0.20683269323447254	-0.11413480965940953	0.14983241262113273	-0.1746618775662777	0.2064404244245817	-0.20620589708213932	0.11447440076685157	-0.1612981513566081	0.153611723823549	-0.17977609629783745	0.1525002627621198	-0.07398824958939196	0.17053567457272664	-0.13937469157874857	0.12674453710242436	-0.11920790615814277	0.07519508514866341	-0.10289542195651782	0.08358800195477467	-0.07114639593457034	0.04145722515669152	-0.2010621977691948	0.08380384818070534	-0.08328024742536075	0.06253521237674689	-0.05143409439619355
-0.20547886527977755	0.19882772609931276	-0.28332820420701077	0.2788488627263881	-0.4765752442120614	0.15586178334050022	-0.22358135548283464	0.23319260535076008	-0.5240385297308989	0.9999999999999963	-0.1929154882305661	0.17571023036589328	-0.24082072387840184	0.28318197148079954	-0.43216298847204526	0.12079081465886543	-0.15925389907090626	0.1699233768356986	-0.20631708188709239	0.26687352000849884	-0.1261668045724814	0.16740251643503057	-0.16449945230867893	0.18394916335433764	-0.1914642371889286	0.0797821696103285	-0.19570840732603886	0.15182485247990496	-0.14607066012147144	0.13741468230258944	-0.08224577283940158	0.11115394435008819	-0.09146901201962401	0.07753192809865388	-0.04554346161896591	0.20910203438581923	-0.09047978077128406	0.08942390158817981	-0.06858869903416054	0.05591257307322461
0.2538767009825307	-0.26278672899918676	0.2015761310815606	-0.16234641171823883	0.18221436775770652	-0.6108516482979451	0.30573220042945093	-0.23455660292150352	0.17647861092533093	-0.1929154882305661	1.0	-0.4560267171365191	0.26143153138501757	-0.21374643271921925	0.12360795373774473	-0.25484323178948365	0.23463648020399927	-0.16830270332722702	0.15230802359268178	-0.14306004883996976	0.1912477159986819	-0.2453280937775478	0.1517277935460959	-0.17020329388391578	0.13709561613482238	-0.10554790826923992	0.19792036732604293	-0.1567223634053977	0.12777075159938392	-0.11685599953258624	0.10308418682633688	-0.1222872463908398	0.0966331985785448	-0.08180229436891175	0.04709176698652325	-0.259164149609301	0.10027806406045017	-0.09960816858887497	0.07172995418509899	-0.05948586452248387
-0.20733746654888727	0.19677742650837898	-0.20914547202349926	0.1558940778773205	-0.17812546758192835	0.24845251460929507	-0.34802385536953584	0.2538999194435305	-0.17988036816050748	0.17571023036589328	-0.4560267171365191	0.9999999999999981	-0.5502878135221347	0.19927294076870836	-0.11573351090380807	0.19595698247968385	-0.45719415969772853	0.17427829250361399	-0.15457398468186465	0.1294275347482448	-0.18247536958206	0.25994640468050983	-0.15761638149658938	0.15871366726293668	-0.1279496226989338	0.09203710329711635	-0.20109040858817448	0.140428929225451	-0.11754652265021324	0.10540040518017842	-0.0926079353477358	0.10679515525071957	-0.08571113640057486	0.07055751197529936	-0.040789547445457666	0.21073699630169312	-0.08587853993029812	0.08490605773149584	-0.06223306363613776	0.05103518039691023
0.21165497286053017	-0.24125747272259102	0.2581144563344784	-0.21282157090287263	0.2148186612953852	-0.231915595095818	0.28667085115531127	-0.5253968325601955	0.23879253317908392	-0.24082072387840184	0.26143153138501757	-0.5502878135221347	0.9999999999999972	-0.28397396170404965	0.14651173247172516	-0.17158640119576837	0.2420323455484022	-0.20341294259690484	0.18229980794937883	-0.16579864851971451	0.1564289345948396	-0.2531237822228011	0.17062160631855142	-0.1898670523976828	0.15000174636709193	-0.09586892541310775	0.20356615612183568	-0.16276216551238143	0.13612655822844777	-0.12544902530950688	0.09530471183921348	-0.12351806269466442	0.0985024708988023	-0.08333782117741872	0.048125228935673434	-0.2528668414740553	0.100595947465288	-0.10012102912978668	0.07305175048673965	-0.0604653165042398
-0.2157717287619407	0.19862032462948556	-0.2714819487639317	0.23762328445844072	-0.30566682545362306	0.16660454691403953	-0.23642489451924967	0.23548857279011606	-0.4666013464273772	0.28318197148079954	-0.21374643271921925	0.19927294076870836	-0.28397396170404965	1.0000000000000007	-0.2698482090267451	0.13935754264256572	-0.1969603103408896	0.2587513086910819	-0.5198473144340339	0.23273076405399387	-0.1470907425849729	0.19881844917628594	-0.24300692506702418	0.25096348914654254	-0.21468462621829273	0.08977135834817977	-0.22993444367091426	0.17494746599191333	-0.1748749584382678	0.1540325708257499	-0.0931034034925859	0.12490344635840457	-0.10453926867891342	0.087033580792914	-0.05114170355366626	0.22324718611673722	-0.10067970725030614	0.09912500361663877	-0.07734281179889338	0.06224774681255056
0.12989375071394166	-0.12641551357256717	0.15620923895499597	-0.15092813092025573	0.20908063259586912	-0.09829835819812036	0.13385491652606377	-0.1350668902687807	0.20683269323447254	-0.43216298847204526	0.12360795373774473	-0.11573351090380807	0.14651173247172516	-0.2698482090267451	0.9999999999999951	-0.08567494103988946	0.11402653657931398	-0.15118216064729112	0.1895868754094025	-0.7782333889948463	0.08947804820779591	-0.12448852917217171	0.13809624180588595	-0.17153260850095875	0.1961215876614403	-0.059848186448769825	0.1464315615201146	-0.1309212851110524	0.128621669865458	-0.14643798940054667	0.06162205358446569	-0.09179704312516232	0.07567713386051594	-0.06518464020135536	0.038581511042537785	-0.16027865514866432	0.07294591174164956	-0.07295050229052683	0.0569112372744905	-0.04710774510395474
-0.1465258261090182	0.1330623835979866	-0.1301693451162726	0.10114888865379493	-0.12781976914430423	0.1475436347458486	-0.16355981113163798	0.12685093255564567	-0.11413480965940953	0.12079081465886543	-0.25484323178948365	0.19595698247968385	-0.17158640119576837	0.13935754264256572	-0.08567494103988946	0.9999999999999951	-0.35562461599322887	0.13779226038906672	-0.11883762114281536	0.09724390013757135	-0.8013444572759921	0.24103207737719384	-0.1314931149906379	0.12937193425578414	-0.10750064680386269	0.172299811495763	-0.1932772355040786	0.12635501854144365	-0.10295875437818659	0.08913345579213608	-0.17844074643285993	0.1051072647874082	-0.08374788684705899	0.06334618198814633	-0.03651855803292586	0.19165918803499143	-0.08123525972327354	0.07834505357765688	-0.05670904517934015	0.04560474151975317
0.16642075675229276	-0.16152687836166071	0.16258491910974232	-0.13034054584133556	0.15971270801045578	-0.16676224441111917	0.20039920020828864	-0.17068391984960102	0.14983241262113273	-0.15925389907090626	0.23463648020399927	-0.45719415969772853	0.2420323455484022	-0.1969603103408896	0.11402653657931398	-0.35562461599322887	0.999999999999995	-0.273633043478474	0.17963180668710518	-0.13138073508748596	0.24341098370333844	-0.6256549961001479	0.2074334803672242	-0.19040864227686163	0.1404431123859903	-0.11421628283420913	0.24517677471593763	-0.164688725082589	0.1328170353807093	-0.11719143735755037	0.11185416194931727	-0.12340568519798124	0.09878805605826974	-0.07878706230852435	0.04540248947976544	-0.2309267996112096	0.09636776775168608	-0.09517739238105803	0.06958153605126394	-0.05673517259832276
-0.1549840100727715	0.14055707513464144	-0.1658297342736045	0.1356304579310006	-0.18100522859248397	0.12407120378746855	-0.1656660079277906	0.14867554562477298	-0.1746618775662777	0.1699233768356986	-0.16830270332722702	0.17427829250361399	-0.20341294259690484	0.2587513086910819	-0.15118216064729112	0.13779226038906672	-0.273633043478474	0.9999999999999905	-0.5712217348405129	0.16794329679728456	-0.14245824059771614	0.2259083888073552	-0.6003932857307225	0.30416904636322034	-0.18941527111337875	0.08138610516053073	-0.21251061216819195	0.1738417278921825	-0.16636165254799506	0.14070660247801056	-0.08426345961342986	0.11514379350857347	-0.0994797745364631	0.0784044466145636	-0.045779191433686	0.18886632540871817	-0.0899426930027533	0.08865736276465058	-0.06964312340268053	0.05544012242514897
0.14906694958973285	-0.14139537857143716	0.16818978340053528	-0.15129005230461154	0.19007327047271966	-0.11747280808789345	0.15693452302505162	-0.1521563088206429	0.2064404244245817	-0.20631708188709239	0.15230802359268178	-0.15457398468186465	0.18229980794937883	-0.5198473144340339	0.1895868754094025	-0.11883762114281536	0.17963180668710518	-0.5712217348405129	0.9999999999999893	-0.24807576141345583	0.12075379745771314	-0.18980292656739414	0.2958870763222086	-0.4279920296717375	0.19780252408022383	-0.07595437704028832	0.1897009300725497	-0.16982042555425697	0.1672717023263949	-0.15153658115368077	0.07804553696276909	-0.1139111408802774	0.09577892316064929	-0.07944587463485572	0.04627259140778733	-0.19010069158732806	0.08907965648196117	-0.08873346110138221	0.06961601530132563	-0.05625465238210427
-0.15075649877646982	0.13806214426266103	-0.17522697994956005	0.15488548140589542	-0.2375987500272364	0.11100057811995925	-0.15240877210002168	0.1435083848623835	-0.20620589708213932	0.26687352000849884	-0.14306004883996976	0.1294275347482448	-0.16579864851971451	0.23273076405399387	-0.7782333889948463	0.09724390013757135	-0.13138073508748596	0.16794329679728456	-0.24807576141345583	0.9999999999999882	-0.10357313497389607	0.14003352125359417	-0.16444448400076386	0.1930769543044562	-0.3079783731466431	0.06732220231059159	-0.1734284438631551	0.14683869855401216	-0.15782289220509124	0.1709787266635648	-0.06999507514095783	0.10202109712701071	-0.08567622348660105	0.07354562067321317	-0.04387850611761655	0.1727389499938702	-0.08153663494802399	0.08086959558759557	-0.06480966184830689	0.05278793231996709
0.13913237153302724	-0.1350486511209616	0.12700588628748113	-0.10185091068022617	0.12856906333117493	-0.13622665391796487	0.14752809608405776	-0.12213031665800711	0.11447440076685157	-0.1261668045724814	0.1912477159986819	-0.18247536958206	0.1564289345948396	-0.1470907425849729	0.08947804820779591	-0.8013444572759921	0.24341098370333844	-0.14245824059771614	0.12075379745771314	-0.10357313497389607	0.9999999999999879	-0.2858890997315244	0.13437704624919847	-0.14008686088294653	0.1144171958817261	-0.2699766292705451	0.19626041516556275	-0.1423701946155577	0.11176999292844188	-0.09767505759798388	0.19480010798978656	-0.12180146618551789	0.09434411937777026	-0.07244303602133756	0.041520878181553623	-0.23197841168689146	0.09367229834608112	-0.09085202048687005	0.0645093910285344	-0.05226266905658439
-0.18888926127281017	0.16912850964075074	-0.1811644750037401	0.14008232692306036	-0.1816650668590968	0.1658569990201986	-0.21696922842915015	0.1725251526345021	-0.1612981513566081	0.16740251643503057	-0.2453280937775478	0.25994640468050983	-0.2531237822228011	0.19881844917628594	-0.12448852917217171	0.24103207737719384	-0.6256549961001479	0.2259083888073552	-0.18980292656739414	0.14003352125359417	-0.2858890997315244	0.999999999999993	-0.28162011248305147	0.20960812690557662	-0.16567835701415456	0.12720548964460132	-0.4511292865303925	0.19505887946582853	-0.1587082815805095	0.1343864775485408	-0.13090662700200903	0.14304087263493	-0.11720612056017894	0.08956791369507926	-0.051791823596407625	0.24962997151606728	-0.10993211218968539	0.10771180610438755	-0.07985878570222349	0.06416121882285143
0.1430416055944022	-0.13293907257314194	0.14858102391021905	-0.12472044316514788	0.16384213125011413	-0.11358599261772169	0.14843059573928422	-0.13348758732009883	0.153611723823549	-0.16449945230867893	0.1517277935460959	-0.15761638149658938	0.17062160631855142	-0.24300692506702418	0.13809624180588595	-0.1314931149906379	0.2074334803672242	-0.6003932857307225	0.2958870763222086	-0.16444448400076386	0.13437704624919847	-0.28162011248305147	0.999999999999988	-0.5795708655088796	0.2094497099587986	-0.08485979077924966	0.21918428561328002	-0.23972680327992174	0.19756305975989935	-0.17147993930117594	0.08718355537957373	-0.13750384264041635	0.1195030338076308	-0.0913708010306177	0.052697602725523436	-0.2048886409935627	0.10233909229452046	-0.10244465817118265	0.08001510729081052	-0.0639335660506424
-0.16873699303252462	0.149315129889782	-0.17597767900378392	0.1437301025382365	-0.1995479329740572	0.12680270627110185	-0.169976465351724	0.14962256848645125	-0.17977609629783745	0.18394916335433764	-0.17020329388391578	0.15871366726293668	-0.1898670523976828	0.25096348914654254	-0.17153260850095875	0.12937193425578414	-0.19040864227686163	0.30416904636322034	-0.4279920296717375	0.1930769543044562	-0.14008686088294653	0.20960812690557662	-0.5795708655088796	0.999999999999988	-0.37679962286417756	0.08972124923665072	-0.2486329080708801	0.22878941858761065	-0.3222113929099868	0.233093478038467	-0.09410265133117741	0.14451912758225163	-0.12843758045713372	0.10868994111955574	-0.06362919059763351	0.21650799783511188	-0.11398668460687042	0.11245132407849627	-0.0960133615760798	0.0743944791622907
0.14127175557139743	-0.13118661929188374	0.1463658779587059	-0.12575425514320937	0.17242952649534493	-0.10468561119277923	0.13802323269491854	-0.12503278479083463	0.1525002627621198	-0.1914642371889286	0.13709561613482238	-0.1279496226989338	0.15000174636709193	-0.21468462621829273	0.1961215876614403	-0.10750064680386269	0.1404431123859903	-0.18941527111337875	0.19780252408022383	-0.3079783731466431	0.1144171958817261	-0.16567835701415456	0.2094497099587986	-0.37679962286417756	0.9999999999999871	-0.08776630066261622	0.21554944384984534	-0.27295026940647366	0.30132123865976246	-0.6660243404677401	0.09082846792329552	-0.17092759856152684	0.14243359981120096	-0.1310831002866868	0.08059584475352764	-0.23999974582641959	0.1284291163888281	-0.1322593092145836	0.10982740564897558	-0.09576655452918542
-0.09436777573306031	0.08198837730861827	-0.08522400940248749	0.06632407158993539	-0.09115686003448836	0.07460761730637047	-0.09179780943421514	0.07445944611980602	-0.07398824958939196	0.0797821696103285	-0.10554790826923992	0.09203710329711635	-0.09586892541310775	0.08977135834817977	-0.059848186448769825	0.172299811495763	-0.11421628283420913	0.08138610516053073	-0.07595437704028832	0.06732220231059159	-0.2699766292705451	0.12720548964460132	-0.08485979077924966	0.08972124923665072	-0.08776630066261622	0.999999999999989	-0.18099256906476355	0.11639697317768796	-0.0920054038767881	0.07274007914892133	-0.8950564295026254	0.1392101899992204	-0.10950441900376767	0.0602907448165795	-0.03455973875787505	0.18369290661524573	-0.0939193797067633	0.08183481917709022	-0.05707084149108266	0.04261117386413072
0.19177730251317324	-0.18178519368521173	0.1828756273287814	-0.1497356374733044	0.1989787768978182	-0.14840202681995782	0.18781362092408535	-0.16186878341686636	0.17053567457272664	-0.19570840732603886	0.19792036732604293	-0.20109040858817448	0.20356615612183568	-0.22993444367091426	0.1464315615201146	-0.1932772355040786	0.24517677471593763	-0.21251061216819195	0.1897009300725497	-0.1734284438631551	0.19626041516556275	-0.4511292865303925	0.21918428561328002	-0.2486329080708801	0.21554944384984534	-0.18099256906476355	0.9999999999999865	-0.4175410616278358	0.23764248625782697	-0.2049372037751258	0.16919139796380492	-0.29007330852756413	0.21866422207362418	-0.16014732646472682	0.09062185011271674	-0.4852984654707166	0.20264387089760108	-0.20343836354246392	0.14069001384333482	-0.11529304854340829
-0.15937628690074662	0.13656061398214273	-0.152936743316033	0.12127640538138641	-0.172953043943938	0.1154366406158966	-0.15198967308017863	0.12799012824589287	-0.13937469157874857	0.15182485247990496	-0.1567223634053977	0.140428929225451	-0.16276216551238143	0.17494746599191333	-0.1309212851110524	0.12635501854144365	-0.164688725082589	0.1738417278921825	-0.16982042555425697	0.14683869855401216	-0.1423701946155577	0.19505887946582853	-0.23972680327992174	0.22878941858761065	-0.27295026940647366	0.11639697317768796	-0.4175410616278358	0.9999999999999881	-0.49573686111352444	0.23819697116591995	-0.12921268494205326	0.28481751184871923	-0.48025663488640685	0.15814981192311856	-0.09011300345512482	0.25398519651515583	-0.20143763694828745	0.18951764650740258	-0.15306091620531354	0.10353858571289686
0.13084416052283016	-0.11740961937123702	0.12995831615521158	-0.10738298643839639	0.1486726337064508	-0.09599279858965214	0.12605600353081484	-0.11027116924980193	0.12674453710242436	-0.14607066012147144	0.12777075159938392	-0.11754652265021324	0.13612655822844777	-0.1748749584382678	0.128621669865458	-0.10295875437818659	0.1328170353807093	-0.16636165254799506	0.1672717023263949	-0.15782289220509124	0.11176999292844188	-0.1587082815805095	0.19756305975989935	-0.3222113929099868	0.30132123865976246	-0.0920054038767881	0.23764248625782697	-0.49573686111352444	0.9999999999999881	-0.5878712338577824	0.09674482987225097	-0.2187263074580636	0.19776429101222573	-0.22602617059404687	0.10845985498432481	-0.23791839762666825	0.15976653741249824	-0.16838947224422252	0.16121918245296654	-0.1228492839508401
-0.12096679221214932	0.106660567320883	-0.1219887293451927	0.10033560384404049	-0.14352972837488717	0.08773322277268586	-0.11645359262956027	0.10174155156815363	-0.11920790615814277	0.13741468230258944	-0.11685599953258624	0.10540040518017842	-0.12544902530950688	0.1540325708257499	-0.14643798940054667	0.08913345579213608	-0.11719143735755037	0.14070660247801056	-0.15153658115368077	0.1709787266635648	-0.09767505759798388	0.1343864775485408	-0.17147993930117594	0.233093478038467	-0.6660243404677401	0.07274007914892133	-0.2049372037751258	0.23819697116591995	-0.5878712338577824	0.9999999999999881	-0.07724676203419625	0.14135549807307662	-0.1323388488666225	0.13182062192033925	-0.0888475961592157	0.18356027185221868	-0.11542119144614309	0.11420368578072496	-0.11448557430634024	0.09245106050789757
0.09391468457484886	-0.08362390782138368	0.08549402928364666	-0.06730100249797093	0.091893711724869	-0.07459634125381548	0.09089550725516429	-0.07491396503008492	0.07519508514866341	-0.08224577283940158	0.10308418682633688	-0.0926079353477358	0.09530471183921348	-0.0931034034925859	0.06162205358446569	-0.17844074643285993	0.11185416194931727	-0.08426345961342986	0.07804553696276909	-0.06999507514095783	0.19480010798978656	-0.13090662700200903	0.08718355537957373	-0.09410265133117741	0.09082846792329552	-0.8950564295026254	0.16919139796380492	-0.12921268494205326	0.09674482987225097	-0.07724676203419625	0.9999999999999863	-0.18013804913764847	0.1190471911364823	-0.06706852181095219	0.03797246647990079	-0.235376738243921	0.10524226846998691	-0.09358860944807754	0.06276941833820684	-0.047294685532637507
-0.12503919505595287	0.1048729503004279	-0.11662083502807424	0.09116232265754116	-0.1311599629123304	0.08943668244921478	-0.11706231243968783	0.0969290377487906	-0.10289542195651782	0.11115394435008819	-0.1222872463908398	0.10679515525071957	-0.12351806269466442	0.12490344635840457	-0.09179704312516232	0.1051072647874082	-0.12340568519798124	0.11514379350857347	-0.1139111408802774	0.10202109712701071	-0.12180146618551789	0.14304087263493	-0.13750384264041635	0.14451912758225163	-0.17092759856152684	0.1392101899992204	-0.29007330852756413	0.28481751184871923	-0.2187263074580636	0.14135549807307662	-0.18013804913764847	0.9999999999999856	-0.7328807167748039	0.1438443686244785	-0.07958158680901901	0.22888061965508677	-0.36533822193863036	0.24653257317131785	-0.15070832284788674	0.0956498837016044
0.09872828765302363	-0.08418411699092068	0.09300495707074902	-0.07350911527475962	0.10469817289323673	-0.07112096266032504	0.09290360103038847	-0.07777477698998123	0.08358800195477467	-0.09146901201962401	0.0966331985785448	-0.08571113640057486	0.0985024708988023	-0.10453926867891342	0.07567713386051594	-0.08374788684705899	0.09878805605826974	-0.0994797745364631	0.09577892316064929	-0.08567622348660105	0.09434411937777026	-0.11720612056017894	0.1195030338076308	-0.12843758045713372	0.14243359981120096	-0.10950441900376767	0.21866422207362418	-0.48025663488640685	0.19776429101222573	-0.1323388488666225	0.1190471911364823	-0.7328807167748039	0.9999999999999865	-0.14369068713687883	0.07498841833433795	-0.19984638321237702	0.24093296513729273	-0.29240749396265153	0.1406200763427724	-0.09281954642384013
-0.08602131651694384	0.07138695363550855	-0.08027694742133988	0.06291621997606642	-0.09124473165170209	0.0602071987431852	-0.07934570047585678	0.06598591822015477	-0.07114639593457034	0.07753192809865388	-0.08180229436891175	0.07055751197529936	-0.08333782117741872	0.087033580792914	-0.06518464020135536	0.06334618198814633	-0.07878706230852435	0.0784044466145636	-0.07944587463485572	0.07354562067321317	-0.07244303602133756	0.08956791369507926	-0.0913708010306177	0.10868994111955574	-0.1310831002866868	0.0602907448165795	-0.16014732646472682	0.15814981192311856	-0.22602617059404687	0.13182062192033925	-0.06706852181095219	0.1438443686244785	-0.14369068713687883	0.9999999999999866	-0.39946287698493205	0.1636807100094797	-0.24975629650994255	0.23905363284677125	-0.7421993212902185	0.2738276345418218
0.04954525514488171	-0.04141195117954251	0.046422899138094796	-0.03656811952410999	0.05285822588557536	-0.034751565070728116	0.04576653499541015	-0.03823320519776805	0.04145722515669152	-0.04554346161896591	0.04709176698652325	-0.040789547445457666	0.048125228935673434	-0.05114170355366626	0.038581511042537785	-0.03651855803292586	0.04540248947976544	-0.045779191433686	0.04627259140778733	-0.04387850611761655	0.041520878181553623	-0.051791823596407625	0.052697602725523436	-0.06362919059763351	0.08059584475352764	-0.03455973875787505	0.09062185011271674	-0.09011300345512482	0.10845985498432481	-0.0888475961592157	0.03797246647990079	-0.07958158680901901	0.07498841833433795	-0.39946287698493205	0.9999999999999863	-0.09678738500486504	0.11852591850023503	-0.12445446014893062	0.24259295398006714	-0.8656560368308173
-0.2801147803012145	0.2169256929495672	-0.24626378534864932	0.18499767097425282	-0.27741938868506744	0.1875774662843276	-0.24760850527739908	0.1973601867885211	-0.2010621977691948	0.20910203438581923	-0.259164149609301	0.21073699630169312	-0.2528668414740553	0.22324718611673722	-0.16027865514866432	0.19165918803499143	-0.2309267996112096	0.18886632540871817	-0.19010069158732806	0.1727389499938702	-0.23197841168689146	0.24962997151606728	-0.2048886409935627	0.21650799783511188	-0.23999974582641959	0.18369290661524573	-0.4852984654707166	0.25398519651515583	-0.23791839762666825	0.18356027185221868	-0.235376738243921	0.22888061965508677	-0.19984638321237702	0.1636807100094797	-0.09678738500486504	0.9999999999999873	-0.3577590260875019	0.22678046463562757	-0.16989837023669047	0.11562758496175334
0.10521777899327434	-0.08653320822959494	0.09650368563740007	-0.07494801639966513	0.10887250760162344	-0.07345793968667291	0.09636263722192359	-0.07929948486046476	0.08380384818070534	-0.09047978077128406	0.10027806406045017	-0.08587853993029812	0.100595947465288	-0.10067970725030614	0.07294591174164956	-0.08123525972327354	0.09636776775168608	-0.0899426930027533	0.08907965648196117	-0.08153663494802399	0.09367229834608112	-0.10993211218968539	0.10233909229452046	-0.11398668460687042	0.1284291163888281	-0.0939193797067633	0.20264387089760108	-0.20143763694828745	0.15976653741249824	-0.11542119144614309	0.10524226846998691	-0.36533822193863036	0.24093296513729273	-0.24975629650994255	0.11852591850023503	-0.3577590260875019	0.9999999999999866	-0.7304151945857666	0.2368330587615734	-0.15645591749857712
-0.10485923592985005	0.08565726265897018	-0.09623761670769074	0.07450031923946761	-0.10881699725522864	0.07289050262992727	-0.09591895997922154	0.07877833208203233	-0.08328024742536075	0.08942390158817981	-0.09960816858887497	0.08490605773149584	-0.10012102912978668	0.09912500361663877	-0.07295050229052683	0.07834505357765688	-0.09517739238105803	0.08865736276465058	-0.08873346110138221	0.08086959558759557	-0.09085202048687005	0.10771180610438755	-0.10244465817118265	0.11245132407849627	-0.1322593092145836	0.08183481917709022	-0.20343836354246392	0.18951764650740258	-0.16838947224422252	0.11420368578072496	-0.09358860944807754	0.24653257317131785	-0.29240749396265153	0.23905363284677125	-0.12445446014893062	0.22678046463562757	-0.7304151945857666	0.9999999999999867	-0.41377994038283755	0.14649381085026897
0.07521640214148367	-0.06292304197463507	0.0702322278070367	-0.05526606915935466	0.07966428766467601	-0.0528766068097785	0.06949695359243714	-0.05796374753853728	0.06253521237674689	-0.06858869903416054	0.07172995418509899	-0.06223306363613776	0.07305175048673965	-0.07734281179889338	0.0569112372744905	-0.05670904517934015	0.06958153605126394	-0.06964312340268053	0.06961601530132563	-0.06480966184830689	0.0645093910285344	-0.07985878570222349	0.08001510729081052	-0.0960133615760798	0.10982740564897558	-0.05707084149108266	0.14069001384333482	-0.15306091620531354	0.16121918245296654	-0.11448557430634024	0.06276941833820684	-0.15070832284788674	0.1406200763427724	-0.7421993212902185	0.24259295398006714	-0.16989837023669047	0.2368330587615734	-0.41377994038283755	0.9999999999999866	-0.3316808703396893
-0.06282422720027361	0.05185829158290733	-0.058402746586174836	0.04563215932130311	-0.06646073084298522	0.043759350724795545	-0.05770572457083237	0.047854937140691244	-0.05143409439619355	0.05591257307322461	-0.05948586452248387	0.05103518039691023	-0.0604653165042398	0.06224774681255056	-0.04710774510395474	0.04560474151975317	-0.05673517259832276	0.05544012242514897	-0.05625465238210427	0.05278793231996709	-0.05226266905658439	0.06416121882285143	-0.0639335660506424	0.0743944791622907	-0.09576655452918542	0.04261117386413072	-0.11529304854340829	0.10353858571289686	-0.1228492839508401	0.09245106050789757	-0.047294685532637507	0.0956498837016044	-0.09281954642384013	0.2738276345418218	-0.8656560368308173	0.11562758496175334	-0.15645591749857712	0.14649381085026897	-0.3316808703396893	0.9999999999999868
