0.9999999999999999	-0.31496015043950626	0.07085901393316676	-0.04261790169580387	0.052951074324865746	-0.9134439188528739	0.23164286529766567	-0.05812039255856484	0.04248725465082933	-0.05477681256607642	0.04120556003073041	-0.07022552098072016	0.05206824312400482	-0.040839931502663525	0.03993077123300653	-0.03545223636115484	0.055436297228496106	-0.04285999843361969	0.03704634910073916	-0.03701537499104021	0.035167316252983166	-0.04199189506007926	0.0402239121117536	-0.03222814967092724	0.027450888351116982	-0.03047095007889334	0.027621543910991152	-0.04329450846925651	0.03092037092100143	-0.02671371655809395
-0.31496015043950626	1.0	-0.13229228595054532	0.07075772059557614	-0.07814951775391574	0.23436427397396914	-0.8937624301006621	0.09229943013296059	-0.06598836228337959	0.07738273436978844	-0.03355228173955303	0.11081074421992917	-0.08273066278486192	0.057734923882938195	-0.05624044590032097	0.028163717170384232	-0.0821598432940824	0.05935131841556925	-0.05116085022863085	0.04968850372135124	-0.03863292574897093	0.04723940209197966	-0.05243694090406166	0.041851859819971485	-0.03587253720851089	0.03398551850072115	-0.03224801900868357	0.05189591985298296	-0.03960084347459828	0.03426203237452477
0.07085901393316676	-0.13229228595054532	1.0000000000000004	-0.631944579039058	0.3229770511286041	-0.07712743390029693	0.1166115414591556	-0.4592680829157619	0.24654606926622685	-0.3623006932146426	0.04950318152461914	-0.1472800822743562	0.13278584358460227	-0.18211122088483236	0.17709027594677862	-0.04285791439735905	0.11434197132768516	-0.11499143848617226	0.14239306909258734	-0.16434681799743797	0.07177561731311048	-0.09529533742103206	0.11207676123059471	-0.11179709279342118	0.09915933295673113	-0.07670952759433719	0.06974281736869736	-0.12910480294673138	0.10057272978942292	-0.09900796317828295
-0.04261790169580387	0.07075772059557614	-0.631944579039058	1.0000000000000002	-0.6851022770778711	0.04478809592373694	-0.07067328266179748	0.21743035843277733	-0.16391931555633907	0.22432716572663527	-0.02973843503314172	0.0857046745382982	-0.07971460898141804	0.10957141930736401	-0.11410559159810213	0.025604038345957564	-0.06891810885158338	0.06817951183429807	-0.08849184079046216	0.09844620208565923	-0.04298343699221911	0.05640484651794146	-0.06766683162670703	0.0671743485387127	-0.060282142328449015	0.04526057989936724	-0.04150515608139548	0.07601718348118951	-0.061137681194963225	0.059135046695681925
0.052951074324865746	-0.07814951775391574	0.3229770511286041	-0.6851022770778711	1.0	-0.0595607757547404	0.07756574245988675	-0.3251789909308082	0.2235863806041106	-0.4396416307841069	0.0477034790983166	-0.13859859254205312	0.12573447761892065	-0.180575575852711	0.1846673402673301	-0.04134578010698495	0.10937074925186661	-0.11100881150689021	0.14185721759737455	-0.16787997548572034	0.07009135208221173	-0.09331678674678387	0.1100179608072423	-0.11145534890826765	0.0995393315608925	-0.07567374980863109	0.06866174881123568	-0.12791980291348173	0.10013774422146327	-0.09945402979152497
-0.9134439188528739	0.23436427397396914	-0.07712743390029693	0.04478809592373694	-0.0595607757547404	1.0000000000000007	-0.3043687956299664	0.061312098914728656	-0.04629911825899873	0.0573446280595143	-0.047810214486254804	0.07753731279895897	-0.059744886078102515	0.044433331313332325	-0.04390678997665239	0.03900057147973266	-0.06430071343010453	0.04779844836779248	-0.04100734246059368	0.039965044897252604	-0.0395421519188587	0.04603346356495524	-0.04498661492450625	0.03534860883937777	-0.030206924264561834	0.033227638295084454	-0.03056516308546505	0.04688833390412557	-0.034238563681550066	0.02906755739643995
0.23164286529766567	-0.8937624301006621	0.1166115414591556	-0.07067328266179748	0.07756574245988675	-0.3043687956299664	1.0000000000000009	-0.10412437971540314	0.0703227051890126	-0.08374800128414085	0.03685420521825574	-0.14051927039728243	0.08873831007394223	-0.06273062839940613	0.060035575542956965	-0.03126050771488873	0.08720243326124065	-0.06500734344635488	0.05473433649366332	-0.05374343451799734	0.041723228935774834	-0.05172109697668207	0.05636175615471846	-0.045248639641350244	0.038558563500693505	-0.03711978452714627	0.034917536701514935	-0.056712061222270314	0.042522486640477385	-0.03705162894648108
-0.05812039255856484	0.09229943013296059	-0.4592680829157619	0.21743035843277733	-0.3251789909308082	0.061312098914728656	-0.10412437971540314	1.0000000000000007	-0.697964348805248	0.30051928007598344	-0.04747497476007887	0.1379650199221241	-0.16052215726831795	0.20196003661532635	-0.20545001032590735	0.040250748947827424	-0.11679821173967679	0.11573633502377223	-0.16594563797345546	0.1518310976925478	-0.06757738481953861	0.08585188217720482	-0.11266490673242739	0.10791399609104056	-0.09815835290971624	0.06703033454139529	-0.06365331981934685	0.11237506813584303	-0.1001834642422896	0.09060893242896123
0.04248725465082933	-0.06598836228337959	0.24654606926622685	-0.16391931555633907	0.2235863806041106	-0.04629911825899873	0.0703227051890126	-0.697964348805248	1.0	-0.525569333441403	0.04241900339525233	-0.13140768815881942	0.14186364665998402	-0.29445565824309716	0.22901322676598332	-0.03628076491388201	0.10492698817765747	-0.11074796730605807	0.17308949811218274	-0.17117080906185805	0.061391344644897185	-0.07965759367142744	0.10480541444134323	-0.10959817134979205	0.09882475921225485	-0.0624947741468315	0.05887741831212846	-0.10721792132933394	0.09675072836989515	-0.09213260829958618
-0.05477681256607642	0.07738273436978844	-0.3623006932146426	0.22432716572663527	-0.4396416307841069	0.0573446280595143	-0.08374800128414085	0.30051928007598344	-0.525569333441403	1.0000000000000002	-0.05421854450874796	0.14857563128360252	-0.160910536019212	0.2568488775872695	-0.4473685616369045	0.045900053472900944	-0.1304191162912663	0.1284239172695877	-0.215357700988971	0.21625693913916882	-0.0784239606857948	0.09935519822515494	-0.13328896872640253	0.1363097051662939	-0.13155685907964842	0.07841247242171856	-0.07481860072155037	0.13296516826946672	-0.1271976204800902	0.11697517252800443
0.04120556003073041	-0.03355228173955303	0.04950318152461914	-0.02973843503314172	0.0477034790983166	-0.047810214486254804	0.03685420521825574	-0.04747497476007887	0.04241900339525233	-0.05421854450874796	0.9999999999999999	-0.13838010593314098	0.09471092989696193	-0.061095675190109756	0.057881559600334705	-0.9016019230567218	0.14827284056120874	-0.10995384873063428	0.06365532721516258	-0.06044223973994127	0.23646222971946446	-0.25112194302141494	0.11038090805222123	-0.07334522461237558	0.05672402413247525	-0.1662521170289979	0.11888237824984912	-0.1451591753352405	0.07241630780005555	-0.05692522851896066
-0.07022552098072016	0.11081074421992917	-0.1472800822743562	0.0857046745382982	-0.13859859254205312	0.07753731279895897	-0.14051927039728243	0.1379650199221241	-0.13140768815881942	0.14857563128360252	-0.13838010593314098	0.9999999999999984	-0.6282313689847224	0.20038929656506535	-0.1841220709068071	0.11204436966445101	-0.5653979367058958	0.3080389487529094	-0.18749769575830685	0.1540479392745728	-0.16460628477748862	0.1995570629113857	-0.23291205244275726	0.1548856130281825	-0.12681860412383794	0.13038471036225585	-0.12947604432255952	0.19584882344230706	-0.14687123572702576	0.11655440919517862
0.05206824312400482	-0.08273066278486192	0.13278584358460227	-0.07971460898141804	0.12573447761892065	-0.059744886078102515	0.08873831007394223	-0.16052215726831795	0.14186364665998402	-0.160910536019212	0.09471092989696193	-0.6282313689847224	0.9999999999999997	-0.3161466405897056	0.19242933706493096	-0.08261686647591548	0.3062620302148941	-0.5372310079679005	0.19804795591865243	-0.17166179114990857	0.12944821535427148	-0.17621313843533817	0.23360352931584819	-0.16914563887191872	0.1281764856997633	-0.1238016652634075	0.11694886881676178	-0.2133267927575378	0.14368393940521149	-0.12250404820262163
-0.040839931502663525	0.057734923882938195	-0.18211122088483236	0.10957141930736401	-0.180575575852711	0.044433331313332325	-0.06273062839940613	0.20196003661532635	-0.29445565824309716	0.2568488775872695	-0.061095675190109756	0.20038929656506535	-0.3161466405897056	0.9999999999999996	-0.5733387761162184	0.052025229222129266	-0.16386192891979726	0.18309488717843186	-0.5453368773480634	0.2971465910002436	-0.08902164137239822	0.11475961978288456	-0.17173926637239934	0.19174213025335274	-0.1710232187067621	0.08832642742668753	-0.08532844113680944	0.15576570417338848	-0.16248707110892052	0.14629408065953295
0.03993077123300653	-0.05624044590032097	0.17709027594677862	-0.11410559159810213	0.1846673402673301	-0.04390678997665239	0.060035575542956965	-0.20545001032590735	0.22901322676598332	-0.4473685616369045	0.057881559600334705	-0.1841220709068071	0.19242933706493096	-0.5733387761162184	0.9999999999999974	-0.04980611483022328	0.14397567701625139	-0.1611191662287588	0.30415716893304834	-0.5010236320497862	0.08613345476590578	-0.11369515487875888	0.15627473850034973	-0.19171090764504828	0.1879074782317772	-0.09013903120534314	0.08499948311902755	-0.16106499521305861	0.1596270961716526	-0.1710319328712177
-0.03545223636115484	0.028163717170384232	-0.04285791439735905	0.025604038345957564	-0.04134578010698495	0.03900057147973266	-0.03126050771488873	0.040250748947827424	-0.03628076491388201	0.045900053472900944	-0.9016019230567218	0.11204436966445101	-0.08261686647591548	0.052025229222129266	-0.04980611483022328	0.9999999999999972	-0.14748240852489072	0.09429551162292876	-0.05478846896654363	0.05113588019633364	-0.3217660884371252	0.2042567317814302	-0.09643745759866805	0.06207626948892484	-0.04861023566594665	0.14112620006416302	-0.10844942427410809	0.11724529290235353	-0.062222954287111505	0.04785453463079097
0.055436297228496106	-0.0821598432940824	0.11434197132768516	-0.06891810885158338	0.10937074925186661	-0.06430071343010453	0.08720243326124065	-0.11679821173967679	0.10492698817765747	-0.1304191162912663	0.14827284056120874	-0.5653979367058958	0.3062620302148941	-0.16386192891979726	0.14397567701625139	-0.14748240852489072	0.999999999999995	-0.5393718415375631	0.1580442215541997	-0.14635188493444803	0.20722003756604018	-0.3636744927371264	0.2643150618823424	-0.17410780939016618	0.12814916432399703	-0.181952255150022	0.16528236473466051	-0.27575390952358053	0.15476794072890937	-0.1270173147193691
-0.04285999843361969	0.05935131841556925	-0.11499143848617226	0.06817951183429807	-0.11100881150689021	0.04779844836779248	-0.06500734344635488	0.11573633502377223	-0.11074796730605807	0.1284239172695877	-0.10995384873063428	0.3080389487529094	-0.5372310079679005	0.18309488717843186	-0.1611191662287588	0.09429551162292876	-0.5393718415375631	0.9999999999999922	-0.18873720486888176	0.1528040369777225	-0.15837953873756766	0.20715067051463107	-0.473972437972096	0.19295428414836877	-0.14109430125722663	0.13780354294572816	-0.14005088497547669	0.23801561955398032	-0.1676421522527418	0.12852091222422712
0.03704634910073916	-0.05116085022863085	0.14239306909258734	-0.08849184079046216	0.14185721759737455	-0.04100734246059368	0.05473433649366332	-0.16594563797345546	0.17308949811218274	-0.215357700988971	0.06365532721516258	-0.18749769575830685	0.19804795591865243	-0.5453368773480634	0.30415716893304834	-0.05478846896654363	0.1580442215541997	-0.18873720486888176	0.9999999999999917	-0.5854539851193843	0.09714450344822048	-0.12909041402374266	0.1976049822776201	-0.35516875628378	0.2415769537665402	-0.10268647478689089	0.09804635683113241	-0.19159479046678057	0.21359016575380257	-0.21867006357738644
-0.03701537499104021	0.04968850372135124	-0.16434681799743797	0.09844620208565923	-0.16787997548572034	0.039965044897252604	-0.05374343451799734	0.1518310976925478	-0.17117080906185805	0.21625693913916882	-0.06044223973994127	0.1540479392745728	-0.17166179114990857	0.2971465910002436	-0.5010236320497862	0.05113588019633364	-0.14635188493444803	0.1528040369777225	-0.5854539851193843	0.999999999999995	-0.09165339013920619	0.11626484634599449	-0.18675704236640261	0.25427367114614363	-0.4093127702576964	0.09310253360298099	-0.09181917223303325	0.17053113805366948	-0.2363371828989107	0.2294750805572546
0.035167316252983166	-0.03863292574897093	0.07177561731311048	-0.04298343699221911	0.07009135208221173	-0.0395421519188587	0.041723228935774834	-0.06757738481953861	0.061391344644897185	-0.0784239606857948	0.23646222971946446	-0.16460628477748862	0.12944821535427148	-0.08902164137239822	0.08613345476590578	-0.3217660884371252	0.20722003756604018	-0.15837953873756766	0.09714450344822048	-0.09165339013920619	0.9999999999999937	-0.6807083542161246	0.19071573663090513	-0.11898859764856654	0.0913771299964586	-0.4628425214435423	0.259741751955052	-0.25299167898336344	0.12052233999558386	-0.0907963028514566
-0.04199189506007926	0.04723940209197966	-0.09529533742103206	0.05640484651794146	-0.09331678674678387	0.04603346356495524	-0.05172109697668207	0.08585188217720482	-0.07965759367142744	0.09935519822515494	-0.25112194302141494	0.1995570629113857	-0.17621313843533817	0.11475961978288456	-0.11369515487875888	0.2042567317814302	-0.3636744927371264	0.20715067051463107	-0.12909041402374266	0.11626484634599449	-0.6807083542161246	0.9999999999999946	-0.29682910069982427	0.15264229697287965	-0.12106639369923462	0.27223427293780145	-0.31226015879330493	0.25070768728902704	-0.15819889895841305	0.11238277963690191
0.0402239121117536	-0.05243694090406166	0.11207676123059471	-0.06766683162670703	0.1100179608072423	-0.04498661492450625	0.05636175615471846	-0.11266490673242739	0.10480541444134323	-0.13328896872640253	0.11038090805222123	-0.23291205244275726	0.23360352931584819	-0.17173926637239934	0.15627473850034973	-0.09643745759866805	0.2643150618823424	-0.473972437972096	0.1976049822776201	-0.18675704236640261	0.19071573663090513	-0.29682910069982427	0.9999999999999956	-0.43119077988046617	0.20247509593448754	-0.21056280451811749	0.20550570727047507	-0.5252436483411321	0.25065647763199583	-0.19832918832458277
-0.03222814967092724	0.041851859819971485	-0.11179709279342118	0.0671743485387127	-0.11145534890826765	0.03534860883937777	-0.045248639641350244	0.10791399609104056	-0.10959817134979205	0.1363097051662939	-0.07334522461237558	0.1548856130281825	-0.16914563887191872	0.19174213025335274	-0.19171090764504828	0.06207626948892484	-0.17410780939016618	0.19295428414836877	-0.35516875628378	0.25427367114614363	-0.11898859764856654	0.15264229697287965	-0.43119077988046617	0.9999999999999948	-0.47693873828451755	0.12256835306544253	-0.12620563983108712	0.25131684432965473	-0.5449848968359028	0.30105641191550886
0.027450888351116982	-0.03587253720851089	0.09915933295673113	-0.060282142328449015	0.0995393315608925	-0.030206924264561834	0.038558563500693505	-0.09815835290971624	0.09882475921225485	-0.13155685907964842	0.05672402413247525	-0.12681860412383794	0.1281764856997633	-0.1710232187067621	0.1879074782317772	-0.04861023566594665	0.12814916432399703	-0.14109430125722663	0.2415769537665402	-0.4093127702576964	0.0913771299964586	-0.12106639369923462	0.20247509593448754	-0.47693873828451755	0.9999999999999947	-0.10131429939923808	0.09846270572098222	-0.20477822714908597	0.31249852481206764	-0.6538468333856926
-0.03047095007889334	0.03398551850072115	-0.07670952759433719	0.04526057989936724	-0.07567374980863109	0.033227638295084454	-0.03711978452714627	0.06703033454139529	-0.0624947741468315	0.07841247242171856	-0.1662521170289979	0.13038471036225585	-0.1238016652634075	0.08832642742668753	-0.09013903120534314	0.14112620006416302	-0.181952255150022	0.13780354294572816	-0.10268647478689089	0.09310253360298099	-0.4628425214435423	0.27223427293780145	-0.21056280451811749	0.12256835306544253	-0.10131429939923808	0.9999999999999949	-0.7387443150861199	0.2651111113544402	-0.14304214229739956	0.09523271794057009
0.027621543910991152	-0.03224801900868357	0.06974281736869736	-0.04150515608139548	0.06866174881123568	-0.03056516308546505	0.034917536701514935	-0.06365331981934685	0.05887741831212846	-0.07481860072155037	0.11888237824984912	-0.12947604432255952	0.11694886881676178	-0.08532844113680944	0.08499948311902755	-0.10844942427410809	0.16528236473466051	-0.14005088497547669	0.09804635683113241	-0.09181917223303325	0.259741751955052	-0.31226015879330493	0.20550570727047507	-0.12620563983108712	0.09846270572098222	-0.7387443150861199	0.9999999999999958	-0.4753163815304759	0.1419637907184385	-0.09921375119763354
-0.04329450846925651	0.05189591985298296	-0.12910480294673138	0.07601718348118951	-0.12791980291348173	0.04688833390412557	-0.056712061222270314	0.11237506813584303	-0.10721792132933394	0.13296516826946672	-0.1451591753352405	0.19584882344230706	-0.2133267927575378	0.15576570417338848	-0.16106499521305861	0.11724529290235353	-0.27575390952358053	0.23801561955398032	-0.19159479046678057	0.17053113805366948	-0.25299167898336344	0.25070768728902704	-0.5252436483411321	0.25131684432965473	-0.20477822714908597	0.2651111113544402	-0.4753163815304759	0.9999999999999956	-0.34848303722221435	0.19327784028069778
0.03092037092100143	-0.03960084347459828	0.10057272978942292	-0.061137681194963225	0.10013774422146327	-0.034238563681550066	0.042522486640477385	-0.1001834642422896	0.09675072836989515	-0.1271976204800902	0.07241630780005555	-0.14687123572702576	0.14368393940521149	-0.16248707110892052	0.1596270961716526	-0.062222954287111505	0.15476794072890937	-0.1676421522527418	0.21359016575380257	-0.2363371828989107	0.12052233999558386	-0.15819889895841305	0.25065647763199583	-0.5449848968359028	0.31249852481206764	-0.14304214229739956	0.1419637907184385	-0.34848303722221435	0.9999999999999953	-0.6080028970196351
-0.02671371655809395	0.03426203237452477	-0.09900796317828295	0.059135046695681925	-0.09945402979152497	0.02906755739643995	-0.03705162894648108	0.09060893242896123	-0.09213260829958618	0.11697517252800443	-0.05692522851896066	0.11655440919517862	-0.12250404820262163	0.14629408065953295	-0.1710319328712177	0.04785453463079097	-0.1270173147193691	0.12852091222422712	-0.21867006357738644	0.2294750805572546	-0.0907963028514566	0.11238277963690191	-0.19832918832458277	0.30105641191550886	-0.6538468333856926	0.09523271794057009	-0.09921375119763354	0.19327784028069778	-0.6080028970196351	0.9999999999999953
