1.0000000000000002	-0.5959897606679871	0.2603098793784588	-0.06600106407269091	0.06662585936331808	-0.5490598778922207	0.2907302700347821	-0.26078269673598625	0.16156132341321242	-0.1417335365082826	0.1828226691170146	-0.2634233907305552	0.21267949052932064	-0.20058523046316226	0.1095569534453267	-0.14593610163866505	0.16593617883631373	-0.17589132801693483	0.11684579675605901	-0.09249972679028814	0.17046718534434702	-0.17071486536673922	0.16861167307884295	-0.12649870106944497	0.07675444652870853	-0.1364872794278989	0.11975548243546265	-0.13296336527234773	0.08526312087158008	-0.1073947295296697	0.09621717221229728	-0.10152293640315385	0.08447030844388687	-0.08826158492185127	0.05489369107397806	-0.05617347802557336	0.03935988470774309	-0.060929777695376414	0.07104620138462633	-0.061058149281281504
-0.5959897606679871	1.0000000000000004	-0.552428484338795	0.07496554244690555	-0.07940471601497767	0.2727636427185431	-0.3345182465513531	0.265698293674251	-0.1749824325955227	0.11736292909987552	-0.1669317319201224	0.22258040041508378	-0.22371610031255978	0.1777156559199082	-0.09920234907400832	0.12380229282249654	-0.15736031088623675	0.15919387497323478	-0.10595875360108804	0.07715572856941696	-0.16388383067476167	0.14415302369215988	-0.16673933987806513	0.10711719999239235	-0.06581361418320261	0.11566299116575328	-0.10927010241526057	0.11517280538712987	-0.07192295991418728	0.08703762536429017	-0.08420437227454776	0.08455466865731197	-0.07172969746724159	0.0726214385526029	-0.045423865813476606	0.04557649354472225	-0.032486790535203924	0.04999888300770919	-0.060286441366242526	0.049120415081142135
0.2603098793784588	-0.552428484338795	1.0000000000000004	-0.1059964786826403	0.09893677553292353	-0.2058435401755317	0.20562117482204542	-0.6281361494339198	0.23959896950981316	-0.16281013171679296	0.12881256710899325	-0.21232469368276413	0.216878014057702	-0.27326617345860177	0.12755499613533938	-0.1012886275440002	0.12816025209524298	-0.15631134259828772	0.09940377215466353	-0.0754048558295518	0.1274721036122799	-0.12452724016616777	0.13904991991701973	-0.10339618344418938	0.06306844477533696	-0.09781809044183723	0.09076011640332306	-0.10044982536602	0.06495573112145044	-0.07976949234793133	0.07023484995059491	-0.07237738677921442	0.06175560233539823	-0.0637222945339451	0.03922060712088303	-0.03899395631636091	0.027676183532792754	-0.042836357009368754	0.0509700686810549	-0.04273871986335687
-0.06600106407269091	0.07496554244690555	-0.1059964786826403	1.0	-0.969177619664649	0.049596866393048354	-0.05016247328538386	0.1020892450612453	-0.15837735424192456	0.0776333181168645	-0.03651937951271861	0.053344885701481194	-0.061124609099431286	0.1224288666858715	-0.06557751375087514	0.028403628360020756	-0.03714734627181959	0.04365327309267941	-0.030185826114343017	0.024191195941619257	-0.03768828662877022	0.035449547482218624	-0.04127262983301542	0.030658540776256963	-0.020512437784994297	0.028268848597580706	-0.02663565291109897	0.02900733935424037	-0.019613132278791644	0.02381420724604896	-0.020775412934675105	0.021147692162987234	-0.018425002704810834	0.018877078382909203	-0.01173545170455138	0.011540775361617638	-0.008221223602198976	0.012720973656181021	-0.015318753848342742	0.012675825496025658
0.06662585936331808	-0.07940471601497767	0.09893677553292353	-0.969177619664649	1.0000000000000004	-0.05213763890387864	0.051718292104829235	-0.10645356641004675	0.13740994338146406	-0.0880678718502188	0.03785911718847772	-0.05646426688041045	0.06315716016620722	-0.13599429719142314	0.06913737087345763	-0.029663162568395865	0.0386073749230699	-0.04603398543968478	0.03176286067709857	-0.025749104873104688	0.03906271503089515	-0.03726694150923981	0.04280699468466882	-0.03257361153218845	0.021708189622289827	-0.029681709334141153	0.027803053377715263	-0.03047986442191092	0.020716605385233264	-0.02526938800430984	0.021757190776642267	-0.02225585829851851	0.01937916873038678	-0.019927922719564093	0.012368783629735168	-0.012167500112347462	0.00865554456440714	-0.013404175904674562	0.016092082533484244	-0.013391879205737723
-0.5490598778922207	0.2727636427185431	-0.2058435401755317	0.049596866393048354	-0.05213763890387864	1.0	-0.6359141887888079	0.1862382481075781	-0.1260320148000649	0.09380469272301734	-0.25866499954418826	0.27397307362336426	-0.23231381143452587	0.1396316171847681	-0.07897567955829217	0.16345699809465464	-0.18146859154983602	0.16546744958124046	-0.10724701711237457	0.07664462824807401	-0.1844147022565859	0.16064368602729234	-0.17142321679083292	0.1088581666828755	-0.06511732124921364	0.1261402882601614	-0.11588502681291296	0.1217576872222481	-0.0729442340112951	0.08869833597474389	-0.08842638366718904	0.08931014755992132	-0.07365542256103176	0.07479968172169953	-0.045942715474877105	0.046589727147229934	-0.03316148991613238	0.05101447052309373	-0.06075987837921211	0.04999834658035928
0.2907302700347821	-0.3345182465513531	0.20562117482204542	-0.05016247328538386	0.051718292104829235	-0.6359141887888079	0.9999999999999997	-0.2300513690088061	0.1346321923253285	-0.0987599716358302	0.1876002353397764	-0.5323454192245415	0.2479985606308422	-0.15556065430169655	0.08150888131767402	-0.14098112113244116	0.15931206533737377	-0.17467774994938157	0.1053858041450308	-0.07523299025164285	0.15161006698222412	-0.14910255135317874	0.15632318093411648	-0.10874309174470356	0.06313125232402307	-0.11279231968954047	0.10343187383128258	-0.11303006601142633	0.0686919538273856	-0.08411064973405759	0.07849161958232032	-0.08075012706716095	0.06702296815069783	-0.06888300014680541	0.04188328502546502	-0.04214143022478921	0.02993572677150508	-0.046223714068082636	0.05468700124278028	-0.045735265996895
-0.26078269673598625	0.265698293674251	-0.6281361494339198	0.1020892450612453	-0.10645356641004675	0.1862382481075781	-0.2300513690088061	1.0	-0.47372805916285204	0.15280198122235122	-0.13492447365664276	0.21249153657704636	-0.3257734509051186	0.2763164650574699	-0.1384833570769963	0.10277090847918016	-0.13697665587477093	0.16854057608630882	-0.10722971830659318	0.07492280427946654	-0.13346697421492787	0.12470311507424181	-0.15514420745115384	0.1037907642862982	-0.06404011250622128	0.09754966816555118	-0.09431761715304639	0.10200686261236	-0.06502325642179001	0.07786144465374525	-0.07093872050219613	0.07158773094065807	-0.061696690092403965	0.06270805889257526	-0.03865634549888517	0.038072873920410207	-0.02723070446192664	0.042046600295039455	-0.05072921936015602	0.04158617045601057
0.16156132341321242	-0.1749824325955227	0.23959896950981316	-0.15837735424192456	0.13740994338146406	-0.1260320148000649	0.1346321923253285	-0.47372805916285204	1.0	-0.2591599669446447	0.09337327711416742	-0.1516124502269837	0.19106935596912594	-0.7308658849036265	0.2084020415124412	-0.07270756164630687	0.09614905450978517	-0.12448626067847315	0.08359391414256163	-0.06522159519428444	0.09434785342766466	-0.0903033040410756	0.10861421576070025	-0.08284821352657278	0.05502482885888785	-0.07077375409093344	0.06764655203464157	-0.07425162002777508	0.05039693541585095	-0.06069568822472154	0.05177897111016184	-0.05263384910730751	0.04612770910618605	-0.04727066303701071	0.02906508406468545	-0.02826521347295984	0.02020608987440057	-0.03130460238063279	0.03776611594984194	-0.031243935453936347
-0.1417335365082826	0.11736292909987552	-0.16281013171679296	0.0776333181168645	-0.0880678718502188	0.09380469272301734	-0.0987599716358302	0.15280198122235122	-0.2591599669446447	0.9999999999999986	-0.07872655003657535	0.10127192866738723	-0.12591822739903705	0.24963328990663863	-0.886094338435958	0.059942207105027644	-0.0810103864303481	0.0915401569948345	-0.07549963123617168	0.08677581159162479	-0.08419501716117195	0.07417835610536432	-0.09281921528223896	0.07322720819625607	-0.07733436287285168	0.06043786669350957	-0.05863707361232965	0.062064053309545876	-0.04944669258403527	0.05788038891572778	-0.04650985859984533	0.04616623319949174	-0.04292603283099438	0.043330188275778676	-0.027136811542018344	0.025461614205972292	-0.018372539184687377	0.028517292144818324	-0.03537100572952212	0.028499709421216216
0.1828226691170146	-0.1669317319201224	0.12881256710899325	-0.03651937951271861	0.03785911718847772	-0.25866499954418826	0.1876002353397764	-0.13492447365664276	0.09337327711416742	-0.07872655003657535	0.9999999999999992	-0.27630972506376544	0.18692675112237422	-0.11200713564125628	0.0650318145226773	-0.746619757498674	0.27244210447808653	-0.19789956046074286	0.12167981567561857	-0.09429600841502496	0.2696309890922616	-0.2871509778537378	0.18774811475305617	-0.1356799954230655	0.07786776836778368	-0.2124548490084308	0.15882105109953745	-0.1750459681716669	0.09399350839296905	-0.11918502936745218	0.12504244820441673	-0.1350166521528162	0.10003320489892531	-0.104548295164327	0.060706946334971514	-0.06459943235193862	0.04536663130092633	-0.06984430377108918	0.0789184412700648	-0.06825262466201379
-0.2634233907305552	0.22258040041508378	-0.21232469368276413	0.053344885701481194	-0.05646426688041045	0.27397307362336426	-0.5323454192245415	0.21249153657704636	-0.1516124502269837	0.10127192866738723	-0.27630972506376544	0.9999999999999982	-0.5758961928848583	0.16584040855339524	-0.08972616540364359	0.1798523979236447	-0.23685131238791257	0.24325253516374107	-0.14549278474348262	0.09172490291342525	-0.1988142011138397	0.18910685392128523	-0.22539617994541988	0.13662538751173145	-0.07850910908536295	0.13908388670083552	-0.1349889704976569	0.14372666955386074	-0.0847006393911978	0.10090281119516807	-0.09742422672466641	0.0981347807312306	-0.08193476076663386	0.08297422807399474	-0.05008176458486797	0.04986640511241067	-0.03572354209635671	0.055049596627258335	-0.06580684329563916	0.054023954003080396
0.21267949052932064	-0.22371610031255978	0.216878014057702	-0.061124609099431286	0.06315716016620722	-0.23231381143452587	0.2479985606308422	-0.3257734509051186	0.19106935596912594	-0.12591822739903705	0.18692675112237422	-0.5758961928848583	0.9999999999999987	-0.25346791080344444	0.11008516766841141	-0.15215545048018586	0.20414136976963557	-0.4882056502071069	0.18443722233666518	-0.11410088377691516	0.1753909098310672	-0.19075683777289787	0.23614671420092176	-0.18289267843161053	0.09455329217228091	-0.13901736318162808	0.1346370091315852	-0.15840090296984857	0.09636014380961637	-0.11601422707527258	0.09746690911689533	-0.10083371240403169	0.0862574007979555	-0.08941030284561756	0.052961819146377875	-0.051532302016577734	0.03686900523107193	-0.057244849886691554	0.06800003781220637	-0.0572408646544387
-0.20058523046316226	0.1777156559199082	-0.27326617345860177	0.1224288666858715	-0.13599429719142314	0.1396316171847681	-0.15556065430169655	0.2763164650574699	-0.7308658849036265	0.24963328990663863	-0.11200713564125628	0.16584040855339524	-0.25346791080344444	0.999999999999998	-0.34914289408547555	0.08553852198158288	-0.11587955430344675	0.14285666228260593	-0.10286075853475064	0.0775928412531159	-0.1142681415527727	0.1052878932089419	-0.13328642662723314	0.0961506627115456	-0.06684347068903342	0.08311379674299052	-0.0809382749673736	0.08713335495163806	-0.05944366811510882	0.07047273639967938	-0.061476380686368036	0.06170065680240171	-0.054492557893560174	0.055304674293140225	-0.03419023106328741	0.03310412823539949	-0.023755995516704483	0.0367457928007683	-0.044725037698416445	0.03648265732390871
0.1095569534453267	-0.09920234907400832	0.12755499613533938	-0.06557751375087514	0.06913737087345763	-0.07897567955829217	0.08150888131767402	-0.1384833570769963	0.2084020415124412	-0.886094338435958	0.0650318145226773	-0.08972616540364359	0.11008516766841141	-0.34914289408547555	0.9999999999999973	-0.05026363049424063	0.06768734347668638	-0.08186002138940048	0.06828254906549715	-0.09206863554709241	0.0692773728356033	-0.06313393220683769	0.07781328061819469	-0.06750379521392524	0.07329416237454384	-0.051141719796159744	0.04924867697354069	-0.053024436912273	0.044083200569485385	-0.05233403832499749	0.03931145970977993	-0.039411728964031355	0.037015236443427024	-0.03777797810095739	0.02344052609571994	-0.021744049842871316	0.015674515303293245	-0.024420312868902904	0.030148179179423962	-0.024667147670603747
-0.14593610163866505	0.12380229282249654	-0.1012886275440002	0.028403628360020756	-0.029663162568395865	0.16345699809465464	-0.14098112113244116	0.10277090847918016	-0.07270756164630687	0.059942207105027644	-0.746619757498674	0.1798523979236447	-0.15215545048018586	0.08553852198158288	-0.05026363049424063	0.9999999999999968	-0.40586013858014863	0.1630053451232556	-0.10030976714438579	0.07374319673338861	-0.3940094767131806	0.2565661115122873	-0.16603369285101324	0.10684599997363964	-0.061782655274790335	0.1874734785816257	-0.14330641662116916	0.14513500482949754	-0.07535777976328581	0.09359283259063476	-0.11031550021763636	0.1124000716448687	-0.08251101661475617	0.08418487874166448	-0.04860738055509986	0.051742390982293676	-0.03670255596247737	0.056152528924013206	-0.06420038286476577	0.054003384352151365
0.16593617883631373	-0.15736031088623675	0.12816025209524298	-0.03714734627181959	0.0386073749230699	-0.18146859154983602	0.15931206533737377	-0.13697665587477093	0.09614905450978517	-0.0810103864303481	0.27244210447808653	-0.23685131238791257	0.20414136976963557	-0.11587955430344675	0.06768734347668638	-0.40586013858014863	0.9999999999999986	-0.31787434934338255	0.15643291640273643	-0.10992367907737341	0.27203069531305357	-0.6826043921813634	0.24877041143958017	-0.16811253043404456	0.09087043205300478	-0.21098094428572312	0.2027860494159289	-0.2125693530929512	0.10523009618560066	-0.1300468567445609	0.1335687520177747	-0.140113067839159	0.1077994024129201	-0.11054264877523899	0.06396785009496335	-0.06610648127854513	0.0470266630908245	-0.0723890008047832	0.08346331732960885	-0.07056472602538139
-0.17589132801693483	0.15919387497323478	-0.15631134259828772	0.04365327309267941	-0.04603398543968478	0.16546744958124046	-0.17467774994938157	0.16854057608630882	-0.12448626067847315	0.0915401569948345	-0.19789956046074286	0.24325253516374107	-0.4882056502071069	0.14285666228260593	-0.08186002138940048	0.1630053451232556	-0.31787434934338255	0.9999999999999983	-0.41548513434252454	0.14532797472876074	-0.21165224897323776	0.23288246705160562	-0.5024834480582909	0.24981893522419119	-0.12706352462590662	0.16298647811434736	-0.18180390953721268	0.20973955196567792	-0.12512952501921926	0.14056990000729824	-0.1178776166622991	0.11860077914675306	-0.10543934089107436	0.1069205588614742	-0.06271242360117928	0.05911480397471796	-0.04288528119555694	0.06658593197821581	-0.08053493811031139	0.06625038800197017
0.11684579675605901	-0.10595875360108804	0.09940377215466353	-0.030185826114343017	0.03176286067709857	-0.10724701711237457	0.1053858041450308	-0.10722971830659318	0.08359391414256163	-0.07549963123617168	0.12167981567561857	-0.14549278474348262	0.18443722233666518	-0.10286075853475064	0.06828254906549715	-0.10030976714438579	0.15643291640273643	-0.41548513434252454	0.9999999999999998	-0.29868391292198826	0.14107292694540338	-0.14405819430812147	0.21366514799776556	-0.7455316239554148	0.22538014496029454	-0.1130675427284592	0.11578709259744285	-0.13364043738563067	0.1808201057002835	-0.20384690320182997	0.09305749518102387	-0.09488817842301724	0.10415964252922422	-0.11685936495849304	0.06525168374549835	-0.05269202764536324	0.03859566521208423	-0.061839939688872345	0.07686224328967611	-0.06709928076642022
-0.09249972679028814	0.07715572856941696	-0.0754048558295518	0.024191195941619257	-0.025749104873104688	0.07664462824807401	-0.07523299025164285	0.07492280427946654	-0.06522159519428444	0.08677581159162479	-0.09429600841502496	0.09172490291342525	-0.11410088377691516	0.0775928412531159	-0.09206863554709241	0.07374319673338861	-0.10992367907737341	0.14532797472876074	-0.29868391292198826	0.9999999999999968	-0.11610547115219988	0.09851499165568955	-0.1458347813270348	0.24848981956651003	-0.8650509695782126	0.08720657917967303	-0.08869097116015714	0.09307254508801041	-0.17484139384193198	0.18965739433775713	-0.08209923528930801	0.07923202996335266	-0.10050886784572413	0.1014130546809531	-0.06230070556364312	0.04638282183597403	-0.03479440028151434	0.05585458615686782	-0.07424421425680752	0.05974950025298049
0.17046718534434702	-0.16388383067476167	0.1274721036122799	-0.03768828662877022	0.03906271503089515	-0.1844147022565859	0.15161006698222412	-0.13346697421492787	0.09434785342766466	-0.08419501716117195	0.2696309890922616	-0.1988142011138397	0.1753909098310672	-0.1142681415527727	0.0692773728356033	-0.3940094767131806	0.27203069531305357	-0.21165224897323776	0.14107292694540338	-0.11610547115219988	0.999999999999993	-0.39044000797194417	0.23976537105397572	-0.1608208844332576	0.09676411319177128	-0.5573788451966563	0.2647286133793386	-0.2733688975840701	0.13107619120120972	-0.1675035844311342	0.22953139910288473	-0.246158999862525	0.1583706174477988	-0.16433612182298404	0.09027171262147823	-0.10184014426932002	0.07158922683202848	-0.10900171432577792	0.11960056466546037	-0.10271307240312785
-0.17071486536673922	0.14415302369215988	-0.12452724016616777	0.035449547482218624	-0.03726694150923981	0.16064368602729234	-0.14910255135317874	0.12470311507424181	-0.0903033040410756	0.07417835610536432	-0.2871509778537378	0.18910685392128523	-0.19075683777289787	0.1052878932089419	-0.06313393220683769	0.2565661115122873	-0.6826043921813634	0.23288246705160562	-0.14405819430812147	0.09851499165568955	-0.39044000797194417	0.999999999999995	-0.333197154486	0.1456888698246884	-0.08430350704838825	0.23545532005776387	-0.3139973038682056	0.23682483060345297	-0.10358461867975621	0.12348226514904391	-0.15781035563215698	0.1527741829948507	-0.11629936999882673	0.11290765745721142	-0.06554984629484498	0.0683179860221503	-0.049469858777173845	0.07515183581724126	-0.08869871593646374	0.07088098568205015
0.16861167307884295	-0.16673933987806513	0.13904991991701973	-0.04127262983301542	0.04280699468466882	-0.17142321679083292	0.15632318093411648	-0.15514420745115384	0.10861421576070025	-0.09281921528223896	0.18774811475305617	-0.22539617994541988	0.23614671420092176	-0.13328642662723314	0.07781328061819469	-0.16603369285101324	0.24877041143958017	-0.5024834480582909	0.21366514799776556	-0.1458347813270348	0.23976537105397572	-0.333197154486	0.9999999999999967	-0.24145582031135304	0.11995857562899642	-0.24710018536468378	0.27063140612441267	-0.5264697485065409	0.13856757159441502	-0.16801780379063802	0.15952694561858674	-0.1723697971524023	0.13795884369691055	-0.14089447886104398	0.0777512601969517	-0.07816156604037149	0.05618134149839611	-0.0873283583280755	0.10049719175868635	-0.08496010545525415
-0.12649870106944497	0.10711719999239235	-0.10339618344418938	0.030658540776256963	-0.03257361153218845	0.1088581666828755	-0.10874309174470356	0.1037907642862982	-0.08284821352657278	0.07322720819625607	-0.1356799954230655	0.13662538751173145	-0.18289267843161053	0.0961506627115456	-0.06750379521392524	0.10684599997363964	-0.16811253043404456	0.24981893522419119	-0.7455316239554148	0.24848981956651003	-0.1608208844332576	0.1456888698246884	-0.24145582031135304	0.9999999999999918	-0.3249516791426438	0.12189416435013521	-0.1289429163871395	0.13834490847795786	-0.2822121083371905	0.2220615275490854	-0.10670650746606325	0.10535038380287466	-0.12687073949168534	0.13665895706071401	-0.07583394204348473	0.05920368443312442	-0.04404507869368839	0.0706211314424447	-0.09078677734806853	0.07500057078001804
0.07675444652870853	-0.06581361418320261	0.06306844477533696	-0.020512437784994297	0.021708189622289827	-0.06511732124921364	0.06313125232402307	-0.06404011250622128	0.05502482885888785	-0.07733436287285168	0.07786776836778368	-0.07850910908536295	0.09455329217228091	-0.06684347068903342	0.07329416237454384	-0.061782655274790335	0.09087043205300478	-0.12706352462590662	0.22538014496029454	-0.8650509695782126	0.09676411319177128	-0.08430350704838825	0.11995857562899642	-0.3249516791426438	0.999999999999992	-0.07552736853440371	0.07543611676953915	-0.08096350631053567	0.17276422162457075	-0.24935626606371109	0.07189486507806549	-0.0710650070775928	0.09183811755554239	-0.09854104841367854	0.05870520452228814	-0.042002400787545816	0.031375695456406213	-0.050859216626106915	0.06648888088298494	-0.05724117251146069
-0.1364872794278989	0.11566299116575328	-0.09781809044183723	0.028268848597580706	-0.029681709334141153	0.1261402882601614	-0.11279231968954047	0.09754966816555118	-0.07077375409093344	0.06043786669350957	-0.2124548490084308	0.13908388670083552	-0.13901736318162808	0.08311379674299052	-0.051141719796159744	0.1874734785816257	-0.21098094428572312	0.16298647811434736	-0.1130675427284592	0.08720657917967303	-0.5573788451966563	0.23545532005776387	-0.24710018536468378	0.12189416435013521	-0.07552736853440371	0.9999999999999911	-0.47772862953704165	0.25999992802074745	-0.11213789351036023	0.13202073407314058	-0.4517449622018765	0.2630706443807226	-0.16379960788725575	0.14565675619897073	-0.07791117485716689	0.08916530420871563	-0.066502783620069	0.09618730648404046	-0.1111980942914699	0.0838710826757004
0.11975548243546265	-0.10927010241526057	0.09076011640332306	-0.02663565291109897	0.027803053377715263	-0.11588502681291296	0.10343187383128258	-0.09431761715304639	0.06764655203464157	-0.05863707361232965	0.15882105109953745	-0.1349889704976569	0.1346370091315852	-0.0809382749673736	0.04924867697354069	-0.14330641662116916	0.2027860494159289	-0.18180390953721268	0.11578709259744285	-0.08869097116015714	0.2647286133793386	-0.3139973038682056	0.27063140612441267	-0.1289429163871395	0.07543611676953915	-0.47772862953704165	0.9999999999999903	-0.6669279125496176	0.10934293209626131	-0.1296459248500598	0.22023648184723416	-0.2543580842906302	0.14668206179998755	-0.13615481315192873	0.06919948816827724	-0.07618665655124399	0.05633236830525443	-0.08471484276852692	0.09520532644697235	-0.07534064871819442
-0.13296336527234773	0.11517280538712987	-0.10044982536602	0.02900733935424037	-0.03047986442191092	0.1217576872222481	-0.11303006601142633	0.10200686261236	-0.07425162002777508	0.062064053309545876	-0.1750459681716669	0.14372666955386074	-0.15840090296984857	0.08713335495163806	-0.053024436912273	0.14513500482949754	-0.2125693530929512	0.20973955196567792	-0.13364043738563067	0.09307254508801041	-0.2733688975840701	0.23682483060345297	-0.5264697485065409	0.13834490847795786	-0.08096350631053567	0.25999992802074745	-0.6669279125496176	0.9999999999999918	-0.12044573511039303	0.1314626780810365	-0.18817534460217003	0.1798381894595594	-0.15467152194161085	0.131545617078123	-0.06983629947376772	0.07185252254356038	-0.05368560645204585	0.08186122620013277	-0.09608634926839178	0.07394099130927279
0.08526312087158008	-0.07192295991418728	0.06495573112145044	-0.019613132278791644	0.020716605385233264	-0.0729442340112951	0.0686919538273856	-0.06502325642179001	0.05039693541585095	-0.04944669258403527	0.09399350839296905	-0.0847006393911978	0.09636014380961637	-0.05944366811510882	0.044083200569485385	-0.07535777976328581	0.10523009618560066	-0.12512952501921926	0.1808201057002835	-0.17484139384193198	0.13107619120120972	-0.10358461867975621	0.13856757159441502	-0.2822121083371905	0.17276422162457075	-0.11213789351036023	0.10934293209626131	-0.12044573511039303	0.9999999999999923	-0.7778765671468506	0.12988741286297636	-0.13815742452819713	0.22551787567033255	-0.3973525221021648	0.13257730991266	-0.08378457231157939	0.06352647837415393	-0.10897635486625727	0.13857189569136352	-0.12939220910904056
-0.1073947295296697	0.08703762536429017	-0.07976949234793133	0.02381420724604896	-0.02526938800430984	0.08869833597474389	-0.08411064973405759	0.07786144465374525	-0.06069568822472154	0.05788038891572778	-0.11918502936745218	0.10090281119516807	-0.11601422707527258	0.07047273639967938	-0.05233403832499749	0.09359283259063476	-0.1300468567445609	0.14056990000729824	-0.20384690320182997	0.18965739433775713	-0.1675035844311342	0.12348226514904391	-0.16801780379063802	0.2220615275490854	-0.24935626606371109	0.13202073407314058	-0.1296459248500598	0.1314626780810365	-0.7778765671468506	0.9999999999999933	-0.16051513420860133	0.15088537136346192	-0.26230111112127835	0.2588824376735095	-0.1682661607005648	0.09330174049154477	-0.0726835441382086	0.12017089963083225	-0.16876653491135082	0.14084430784219026
0.09621717221229728	-0.08420437227454776	0.07023484995059491	-0.020775412934675105	0.021757190776642267	-0.08842638366718904	0.07849161958232032	-0.07093872050219613	0.05177897111016184	-0.04650985859984533	0.12504244820441673	-0.09742422672466641	0.09746690911689533	-0.061476380686368036	0.03931145970977993	-0.11031550021763636	0.1335687520177747	-0.1178776166622991	0.09305749518102387	-0.08209923528930801	0.22953139910288473	-0.15781035563215698	0.15952694561858674	-0.10670650746606325	0.07189486507806549	-0.4517449622018765	0.22023648184723416	-0.18817534460217003	0.12988741286297636	-0.16051513420860133	0.9999999999999944	-0.7384653146278642	0.23468423330809252	-0.22594210026518957	0.09673594460576165	-0.13377131223861313	0.09749148626097963	-0.1364015588222286	0.1412005525034254	-0.10853588723790447
-0.10152293640315385	0.08455466865731197	-0.07237738677921442	0.021147692162987234	-0.02225585829851851	0.08931014755992132	-0.08075012706716095	0.07158773094065807	-0.05263384910730751	0.04616623319949174	-0.1350166521528162	0.0981347807312306	-0.10083371240403169	0.06170065680240171	-0.039411728964031355	0.1124000716448687	-0.140113067839159	0.11860077914675306	-0.09488817842301724	0.07923202996335266	-0.246158999862525	0.1527741829948507	-0.1723697971524023	0.10535038380287466	-0.0710650070775928	0.2630706443807226	-0.2543580842906302	0.1798381894595594	-0.13815742452819713	0.15088537136346192	-0.7384653146278642	0.9999999999999951	-0.403903040254417	0.22639056915528383	-0.10144649995413492	0.124172941014504	-0.10696922877437309	0.14033056076849693	-0.15736886514865395	0.10441813059156724
0.08447030844388687	-0.07172969746724159	0.06175560233539823	-0.018425002704810834	0.01937916873038678	-0.07365542256103176	0.06702296815069783	-0.061696690092403965	0.04612770910618605	-0.04292603283099438	0.10003320489892531	-0.08193476076663386	0.0862574007979555	-0.054492557893560174	0.037015236443427024	-0.08251101661475617	0.1077994024129201	-0.10543934089107436	0.10415964252922422	-0.10050886784572413	0.1583706174477988	-0.11629936999882673	0.13795884369691055	-0.12687073949168534	0.09183811755554239	-0.16379960788725575	0.14668206179998755	-0.15467152194161085	0.22551787567033255	-0.26230111112127835	0.23468423330809252	-0.403903040254417	0.9999999999999952	-0.7054576667139023	0.15734530024737647	-0.1593311354942646	0.12722210849662002	-0.2625819470991839	0.22639979422201928	-0.171504063150015
-0.08826158492185127	0.0726214385526029	-0.0637222945339451	0.018877078382909203	-0.019927922719564093	0.07479968172169953	-0.06888300014680541	0.06270805889257526	-0.04727066303701071	0.043330188275778676	-0.104548295164327	0.08297422807399474	-0.08941030284561756	0.055304674293140225	-0.03777797810095739	0.08418487874166448	-0.11054264877523899	0.1069205588614742	-0.11685936495849304	0.1014130546809531	-0.16433612182298404	0.11290765745721142	-0.14089447886104398	0.13665895706071401	-0.09854104841367854	0.14565675619897073	-0.13615481315192873	0.131545617078123	-0.3973525221021648	0.2588824376735095	-0.22594210026518957	0.22639056915528383	-0.7054576667139023	0.999999999999995	-0.22262296560167036	0.13500732185337697	-0.10955981159207422	0.19259853495598955	-0.27502968201938777	0.1803135771320459
0.05489369107397806	-0.045423865813476606	0.03922060712088303	-0.01173545170455138	0.012368783629735168	-0.045942715474877105	0.04188328502546502	-0.03865634549888517	0.02906508406468545	-0.027136811542018344	0.060706946334971514	-0.05008176458486797	0.052961819146377875	-0.03419023106328741	0.02344052609571994	-0.04860738055509986	0.06396785009496335	-0.06271242360117928	0.06525168374549835	-0.06230070556364312	0.09027171262147823	-0.06554984629484498	0.0777512601969517	-0.07583394204348473	0.05870520452228814	-0.07791117485716689	0.06919948816827724	-0.06983629947376772	0.13257730991266	-0.1682661607005648	0.09673594460576165	-0.10144649995413492	0.15734530024737647	-0.22262296560167036	0.999999999999994	-0.09667266695346398	0.06786741146734093	-0.1203040163728788	0.1549521763845391	-0.9239348142744839
-0.05617347802557336	0.04557649354472225	-0.03899395631636091	0.011540775361617638	-0.012167500112347462	0.046589727147229934	-0.04214143022478921	0.038072873920410207	-0.02826521347295984	0.025461614205972292	-0.06459943235193862	0.04986640511241067	-0.051532302016577734	0.03310412823539949	-0.021744049842871316	0.051742390982293676	-0.06610648127854513	0.05911480397471796	-0.05269202764536324	0.04638282183597403	-0.10184014426932002	0.0683179860221503	-0.07816156604037149	0.05920368443312442	-0.042002400787545816	0.08916530420871563	-0.07618665655124399	0.07185252254356038	-0.08378457231157939	0.09330174049154477	-0.13377131223861313	0.124172941014504	-0.1593311354942646	0.13500732185337697	-0.09667266695346398	0.9999999999999951	-0.7988950681792532	0.308499175121354	-0.4474538949632543	0.09554258365683072
0.03935988470774309	-0.032486790535203924	0.027676183532792754	-0.008221223602198976	0.00865554456440714	-0.03316148991613238	0.02993572677150508	-0.02723070446192664	0.02020608987440057	-0.018372539184687377	0.04536663130092633	-0.03572354209635671	0.03686900523107193	-0.023755995516704483	0.015674515303293245	-0.03670255596247737	0.0470266630908245	-0.04288528119555694	0.03859566521208423	-0.03479440028151434	0.07158922683202848	-0.049469858777173845	0.05618134149839611	-0.04404507869368839	0.031375695456406213	-0.066502783620069	0.05633236830525443	-0.05368560645204585	0.06352647837415393	-0.0726835441382086	0.09749148626097963	-0.10696922877437309	0.12722210849662002	-0.10955981159207422	0.06786741146734093	-0.7988950681792532	0.9999999999999956	-0.502935321393449	0.28751176457738736	-0.07038296600980878
-0.060929777695376414	0.04999888300770919	-0.042836357009368754	0.012720973656181021	-0.013404175904674562	0.05101447052309373	-0.046223714068082636	0.042046600295039455	-0.03130460238063279	0.028517292144818324	-0.06984430377108918	0.055049596627258335	-0.057244849886691554	0.0367457928007683	-0.024420312868902904	0.056152528924013206	-0.0723890008047832	0.06658593197821581	-0.061839939688872345	0.05585458615686782	-0.10900171432577792	0.07515183581724126	-0.0873283583280755	0.0706211314424447	-0.050859216626106915	0.09618730648404046	-0.08471484276852692	0.08186122620013277	-0.10897635486625727	0.12017089963083225	-0.1364015588222286	0.14033056076849693	-0.2625819470991839	0.19259853495598955	-0.1203040163728788	0.308499175121354	-0.502935321393449	0.9999999999999953	-0.7181890583361826	0.12162209971370494
0.07104620138462633	-0.060286441366242526	0.0509700686810549	-0.015318753848342742	0.016092082533484244	-0.06075987837921211	0.05468700124278028	-0.05072921936015602	0.03776611594984194	-0.03537100572952212	0.0789184412700648	-0.06580684329563916	0.06800003781220637	-0.044725037698416445	0.030148179179423962	-0.06420038286476577	0.08346331732960885	-0.08053493811031139	0.07686224328967611	-0.07424421425680752	0.11960056466546037	-0.08869871593646374	0.10049719175868635	-0.09078677734806853	0.06648888088298494	-0.1111980942914699	0.09520532644697235	-0.09608634926839178	0.13857189569136352	-0.16876653491135082	0.1412005525034254	-0.15736886514865395	0.22639979422201928	-0.27502968201938777	0.1549521763845391	-0.4474538949632543	0.28751176457738736	-0.7181890583361826	0.9999999999999958	-0.19282714406779353
-0.061058149281281504	0.049120415081142135	-0.04273871986335687	0.012675825496025658	-0.013391879205737723	0.04999834658035928	-0.045735265996895	0.04158617045601057	-0.031243935453936347	0.028499709421216216	-0.06825262466201379	0.054023954003080396	-0.0572408646544387	0.03648265732390871	-0.024667147670603747	0.054003384352151365	-0.07056472602538139	0.06625038800197017	-0.06709928076642022	0.05974950025298049	-0.10271307240312785	0.07088098568205015	-0.08496010545525415	0.07500057078001804	-0.05724117251146069	0.0838710826757004	-0.07534064871819442	0.07394099130927279	-0.12939220910904056	0.14084430784219026	-0.10853588723790447	0.10441813059156724	-0.171504063150015	0.1803135771320459	-0.9239348142744839	0.09554258365683072	-0.07038296600980878	0.12162209971370494	-0.19282714406779353	0.9999999999999956
