1.0	-0.41200309575674354	0.25660692952255315	-0.2809369208197857	0.17734067743104379	-0.6630412305193967	0.3097235903770087	-0.2659186401091983	0.2054364335911858	-0.2169743411532941	0.1931010468375266	-0.21478204066342846	0.18637194900139994	-0.1778141516957299	0.14880633377329633	-0.14046025994361522	0.12707409762654107	-0.16665225185446397	0.14511141745480688	-0.14169061267822944	0.12065296395307655	-0.10590271219107045	0.09746348394507046	-0.10409102326997015	0.1055158645174169	-0.07490572400678149	0.09467362894685415	-0.08539299798526981	0.0978371316255945	-0.15008860931274418	0.08551799209441735	-0.08963803435284574	0.08155684704197357	-0.07939897867525551	0.057375562447588783	-0.10181886397642828	0.06618001600672008	-0.08751134992408446	0.059877178574530406	-0.05720129045192688
-0.41200309575674354	1.0000000000000002	-0.7713968712228452	0.23735409070580102	-0.15954661479464352	0.2340848122460365	-0.31137538819623084	0.19219251288985134	-0.17765946825321585	0.15187047396210507	-0.14663895829305654	0.14935565205888157	-0.14255209468644592	0.1280231050496657	-0.10823017218472929	0.09454712708485236	-0.0899104953775086	0.11292814620702724	-0.10488070277268696	0.0956788316446173	-0.08534963092549994	0.07217913359172662	-0.06633742006718123	0.06945060565513109	-0.07128264037042624	0.05085139108563308	-0.06510545997101178	0.05675166613139912	-0.06607142441558947	0.09616182071217219	-0.05816091965548216	0.058820952047782406	-0.054192263537485345	0.05165099751149301	-0.03758042171094612	0.06506726631208565	-0.043016698817680145	0.056393259732575696	-0.03906539014558749	0.036994294098568734
0.25660692952255315	-0.7713968712228452	1.0000000000000004	-0.398463323180988	0.18538663631523908	-0.21621953110448353	0.22569167639896268	-0.23081932926025733	0.20105207173731235	-0.19284204872869168	0.140691605242582	-0.15276042751410654	0.15441233176142238	-0.14926833022441174	0.12518649606054127	-0.10304986828560714	0.09725580097847573	-0.13058495537345832	0.1182986174131584	-0.11418044541974257	0.09173081948469818	-0.08002229234267931	0.07494766726184181	-0.0796973437139633	0.08372911713342171	-0.056442583079148734	0.07190676563950406	-0.06464793048121044	0.07492460009088756	-0.1160312369604929	0.06470470621114241	-0.06683270336717131	0.061520108002606454	-0.05935875249742368	0.04314766309107211	-0.07494712988851643	0.049178203670614415	-0.06490864869456317	0.044777185909451664	-0.042675237959326394
-0.2809369208197857	0.23735409070580102	-0.398463323180988	1.0000000000000004	-0.5250933869373853	0.18939178250030378	-0.24832757589191046	0.2648219656583183	-0.4885439614832589	0.2925509262384531	-0.18329345306265948	0.17103661969787248	-0.22068087820059804	0.2117742237264379	-0.19154792979719953	0.12609172031028615	-0.12769032832366392	0.16538514848694302	-0.1699506578664805	0.15242506569741743	-0.1204748874010228	0.10137463088435168	-0.0970934537650062	0.10088889161951405	-0.11191358930451112	0.07168307723205244	-0.09303393458458466	0.08116511625827436	-0.09677752967962912	0.14251679804291423	-0.0830662653404842	0.08214833108602732	-0.07734117859661212	0.07267979818372318	-0.053516204763119114	0.08917596619460075	-0.059904733669353956	0.07831271420430876	-0.055061528829617346	0.05193486273117223
0.17734067743104379	-0.15954661479464352	0.18538663631523908	-0.5250933869373853	1.0000000000000009	-0.13697604834431173	0.16411446219855125	-0.20533618527890304	0.25029930613357737	-0.7051200682402372	0.1380136545804578	-0.1364592044982353	0.1718851188220309	-0.18576782524590024	0.22049459266886492	-0.11025010826229588	0.11022783582865557	-0.15536680708375641	0.15164371778615882	-0.18990937325270002	0.10377074678605955	-0.09133184825386949	0.09118193257155682	-0.09868046456844665	0.12729883323527175	-0.06483997427324793	0.08349007137649841	-0.07763672534871137	0.09249897727908357	-0.17546626371261834	0.07549241493417523	-0.07752205654144778	0.07331469687316082	-0.07091706405414427	0.052730886667705784	-0.08612214634475704	0.05723713391846674	-0.07607395251653568	0.053376150046982644	-0.051381713856059295
-0.6630412305193967	0.2340848122460365	-0.21621953110448353	0.18939178250030378	-0.13697604834431173	1.0000000000000007	-0.5884951039124022	0.22621937052808025	-0.18411069473861316	0.15018537421748146	-0.23297165426837463	0.21337218985619003	-0.1725058722729277	0.1444131143392161	-0.11597641953028864	0.12085516562363417	-0.11090006674807935	0.1307193908726633	-0.11915929499805532	0.10413793234307295	-0.10530201394130236	0.08701800575477779	-0.07690748324859807	0.07979967012068613	-0.07819335359673897	0.06069108577278418	-0.07744809462909635	0.0657239353592887	-0.07587622916383543	0.1053623239161934	-0.06851182317793812	0.06874497197229415	-0.06277678226904637	0.059536857664177004	-0.04311443644913334	0.075534794817392	-0.04996705006087655	0.06520063833316962	-0.04505383401067245	0.04251560960610313
0.3097235903770087	-0.31137538819623084	0.22569167639896268	-0.24832757589191046	0.16411446219855125	-0.5884951039124022	1.0000000000000018	-0.4382841690105994	0.23470005701557503	-0.19292343037623097	0.24051894977910235	-0.3624589242147345	0.22397127047620213	-0.19178392828096033	0.1424565867666067	-0.14397881310167332	0.13065092450385957	-0.1667791274692108	0.14727833780022448	-0.13066840398472787	0.12086967884873173	-0.10344913190567105	0.09190008526323538	-0.09653898946095259	0.09568422917597408	-0.07115975091091516	0.09032445392777594	-0.07845462402718537	0.09003068589592414	-0.1307530252469159	0.07980833123405416	-0.0813728365854949	0.07429301090924807	-0.07096141746386606	0.05126587184170507	-0.08989513879546336	0.05922583508084135	-0.07766289231339646	0.053519022704807545	-0.05070437497808619
-0.2659186401091983	0.19219251288985134	-0.23081932926025733	0.2648219656583183	-0.20533618527890304	0.22621937052808025	-0.4382841690105994	1.000000000000001	-0.5867269272212146	0.21171535640520958	-0.21359432160568104	0.220787754866337	-0.44100708147104867	0.2696704427942691	-0.17890072295567577	0.1369731816736863	-0.13827841997704612	0.19610375216105974	-0.19300198404717625	0.14809454081514264	-0.12459225926220358	0.1067804556287651	-0.10045802994671649	0.10388775203308362	-0.10691896270298318	0.07317457534491723	-0.09453149019784848	0.08244057910321984	-0.09670958548779666	0.13576839937288987	-0.08308665786602014	0.08274527953278447	-0.07745860511286275	0.07258949796075907	-0.05285008381117784	0.08936326529374826	-0.05992560441988811	0.07831336631255931	-0.054772993258427057	0.051530011652807184
0.2054364335911858	-0.17765946825321585	0.20105207173731235	-0.4885439614832589	0.25029930613357737	-0.18411069473861316	0.23470005701557503	-0.5867269272212146	1.0000000000000007	-0.31893109802041814	0.1714211872771121	-0.18274134269111536	0.2780180843457337	-0.38589854948504626	0.19693298244390053	-0.12722479986733784	0.12778342937442738	-0.2003957073001283	0.19662522329595747	-0.16725618169089468	0.11497371482683423	-0.10207291348377087	0.09860440664860287	-0.1050752201088796	0.11398964078070675	-0.06977707627073909	0.08975221575385849	-0.0814491839170867	0.09547612358395552	-0.14852411402314958	0.07943537327962799	-0.0806866396256952	0.07586218776910464	-0.0719810922676819	0.05252715396761695	-0.08797607828344038	0.05874214534276318	-0.077399511448301	0.05409550936766737	-0.051296674897891956
-0.2169743411532941	0.15187047396210507	-0.19284204872869168	0.2925509262384531	-0.7051200682402372	0.15018537421748146	-0.19292343037623097	0.21171535640520958	-0.31893109802041814	1.000000000000001	-0.16555576646888842	0.15191358864074828	-0.20494553359382497	0.20802942978478578	-0.3811480647926151	0.12257990964338514	-0.12725576167799402	0.16824360700813423	-0.18086880386041526	0.21247813346656796	-0.12038317271592092	0.10221812516622257	-0.10270929796081518	0.10810900790740689	-0.15010321426539866	0.07283929293010309	-0.09508004948864482	0.0852476848109835	-0.10405423585365253	0.17601778368723164	-0.08541795249059388	0.08441601983099857	-0.08100721871649647	0.07633945976016356	-0.05720755484250879	0.09129234824076833	-0.0618062540285913	0.08120768766086789	-0.057798776337966026	0.05487844321742337
0.1931010468375266	-0.14663895829305654	0.140691605242582	-0.18329345306265948	0.1380136545804578	-0.23297165426837463	0.24051894977910235	-0.21359432160568104	0.1714211872771121	-0.16555576646888842	0.9999999999999986	-0.744693985276541	0.22910112327252416	-0.19925527782444677	0.14383467878438283	-0.3667589255537701	0.21136973532042352	-0.2058047392926577	0.16590018465730508	-0.13712034367918513	0.19745480031512644	-0.1607728521191511	0.11855597939920275	-0.12168119903029767	0.10303315513210083	-0.10521278901402409	0.12899583709121468	-0.10219389115031638	0.1127456486066967	-0.140585354792078	0.10988959599874955	-0.11064717529361735	0.09662005209839027	-0.09118671217702327	0.06458764084941625	-0.11943276040759056	0.07844827937726123	-0.10119535710406441	0.06880522864197837	-0.06449285206135899
-0.21478204066342846	0.14935565205888157	-0.15276042751410654	0.17103661969787248	-0.1364592044982353	0.21337218985619003	-0.3624589242147345	0.220787754866337	-0.18274134269111536	0.15191358864074828	-0.744693985276541	1.0000000000000007	-0.32831855907705687	0.19839561864114	-0.14236621879679215	0.22093240666062056	-0.20422109764734694	0.1866935879796651	-0.16720125185742987	0.12619672895476514	-0.18164599596009448	0.13965829911534985	-0.10816458547675924	0.10810008163206378	-0.0948789663910933	0.09250980316526983	-0.11801721444366904	0.09028348498198044	-0.10228343169375945	0.12318247534381284	-0.09959159207585477	0.09572617330351932	-0.08569703175676724	0.07906063998053972	-0.05665843659707855	0.10093305721359386	-0.06767436296580939	0.08666846125310856	-0.05990186711402554	0.05570992244786238
0.18637194900139994	-0.14255209468644592	0.15441233176142238	-0.22068087820059804	0.1718851188220309	-0.1725058722729277	0.22397127047620213	-0.44100708147104867	0.2780180843457337	-0.20494553359382497	0.22910112327252416	-0.32831855907705687	0.9999999999999991	-0.5990947131714583	0.21389713715598363	-0.17275007150939128	0.17454012663217003	-0.37183983002596865	0.2754162692130082	-0.19594398488565495	0.1449686801583643	-0.1352822111561772	0.127921996897808	-0.13500415960292186	0.13000118377576342	-0.08747428079670709	0.1118035760964933	-0.10250395205269244	0.11682168635606215	-0.16871676943905725	0.09677109304533375	-0.09932695830116597	0.09296795702659384	-0.0876920163684636	0.06294676729155736	-0.10714235965276081	0.07153003017073889	-0.09424727241599826	0.06547596793339204	-0.061793738300834025
-0.1778141516957299	0.1280231050496657	-0.14926833022441174	0.2117742237264379	-0.18576782524590024	0.1444131143392161	-0.19178392828096033	0.2696704427942691	-0.38589854948504626	0.20802942978478578	-0.19925527782444677	0.19839561864114	-0.5990947131714583	0.9999999999999998	-0.33235905285562173	0.14702780171782492	-0.16107496845609756	0.2819778850249601	-0.4556846357367396	0.22336270983934475	-0.13480562512173333	0.12165674792160712	-0.12395870008098822	0.130824165881258	-0.14324931707656557	0.08052987723430453	-0.10482272983415952	0.09616576010393545	-0.11482417723216298	0.1688002250314454	-0.09088560408760392	0.09121948475371541	-0.08770959472718427	0.08166517259943774	-0.0595011643184806	0.09705886300392622	-0.06577236862702263	0.08653680358070595	-0.06112057793001833	0.05751986905543434
0.14880633377329633	-0.10823017218472929	0.12518649606054127	-0.19154792979719953	0.22049459266886492	-0.11597641953028864	0.1424565867666067	-0.17890072295567577	0.19693298244390053	-0.3811480647926151	0.14383467878438283	-0.14236621879679215	0.21389713715598363	-0.33235905285562173	1.000000000000001	-0.12702251579473792	0.13309997512380375	-0.22323975799241308	0.24233039617724444	-0.670164760736455	0.11989763532836291	-0.11022580700678486	0.11985944013680025	-0.13697342614750294	0.2541483605661178	-0.07605860159495267	0.09849071915499721	-0.09837907596652923	0.12086131165840396	-0.3316599165447022	0.08819591865754138	-0.09140828865963066	0.08976650430550784	-0.0878698575762678	0.06749824636439716	-0.09957473350627712	0.06733160636045372	-0.09093022281502934	0.06534188113010805	-0.06439524835326847
-0.14046025994361522	0.09454712708485236	-0.10304986828560714	0.12609172031028615	-0.11025010826229588	0.12085516562363417	-0.14397881310167332	0.1369731816736863	-0.12722479986733784	0.12257990964338514	-0.3667589255537701	0.22093240666062056	-0.17275007150939128	0.14702780171782492	-0.12702251579473792	1.0000000000000007	-0.5750600735398183	0.21133187975256648	-0.17833610671225134	0.11758942826583572	-0.55593622378045	0.2929033985308733	-0.16085296357383067	0.1477712431661949	-0.09557474493231062	0.18336930622486045	-0.22646507650857112	0.1334183004853446	-0.1420789951602424	0.12078903571469399	-0.17593930034768357	0.1538582018410803	-0.1275662207969319	0.11226692776070171	-0.07838016492604045	0.15062345640396196	-0.10260879355407784	0.12545719654861953	-0.08559778788362508	0.07750613133222117
0.12707409762654107	-0.0899104953775086	0.09725580097847573	-0.12769032832366392	0.11022783582865557	-0.11090006674807935	0.13065092450385957	-0.13827841997704612	0.12778342937442738	-0.12725576167799402	0.21136973532042352	-0.20422109764734694	0.17454012663217003	-0.16107496845609756	0.13309997512380375	-0.5750600735398183	0.999999999999999	-0.3524834049859693	0.20334349117542017	-0.1307769918687583	0.3099716943413001	-0.5392700058195934	0.1867911906030444	-0.17714446853587484	0.10367610513242809	-0.18279285022218517	0.2284224170940236	-0.15311428234641064	0.1534791458384499	-0.13279401082955447	0.1647339995138937	-0.1688871588127932	0.1376071967141675	-0.12476351544900449	0.0850082489813341	-0.16876517204452968	0.11183153366084808	-0.13969630753679785	0.09353682821136933	-0.08552438949942695
-0.16665225185446397	0.11292814620702724	-0.13058495537345832	0.16538514848694302	-0.15536680708375641	0.1307193908726633	-0.1667791274692108	0.19610375216105974	-0.2003957073001283	0.16824360700813423	-0.2058047392926577	0.1866935879796651	-0.37183983002596865	0.2819778850249601	-0.22323975799241308	0.21133187975256648	-0.3524834049859693	0.999999999999998	-0.6710346825040242	0.20755004831916102	-0.19404176131976988	0.19442695796244133	-0.21931764870661694	0.1874182555369698	-0.14920115090506642	0.11457669405031097	-0.15358122498103083	0.14010310718182056	-0.15912693327088429	0.16620226579597677	-0.12544835098730076	0.12436141966801559	-0.12215429027020946	0.10838327804809063	-0.07672520324155224	0.1272676440646039	-0.08766807169209262	0.11428576738655585	-0.08067149432919707	0.07415856099774275
0.14511141745480688	-0.10488070277268696	0.1182986174131584	-0.1699506578664805	0.15164371778615882	-0.11915929499805532	0.14727833780022448	-0.19300198404717625	0.19662522329595747	-0.18086880386041526	0.16590018465730508	-0.16720125185742987	0.2754162692130082	-0.4556846357367396	0.24233039617724444	-0.17833610671225134	0.20334349117542017	-0.6710346825040242	1.0000000000000029	-0.32338385966789146	0.15317743073782397	-0.15828954681750423	0.16966056043674452	-0.20266113003177103	0.1665362625079717	-0.09620472897726653	0.12411668933848655	-0.12502981575369268	0.14517756974617418	-0.19507631745152335	0.10576606825823398	-0.11018083246258925	0.1073483083888252	-0.10001236069824407	0.07093382011320509	-0.11625871914870975	0.07877021002892623	-0.10479779852289677	0.07360030630921519	-0.06902164466733202
-0.14169061267822944	0.0956788316446173	-0.11418044541974257	0.15242506569741743	-0.18990937325270002	0.10413793234307295	-0.13066840398472787	0.14809454081514264	-0.16725618169089468	0.21247813346656796	-0.13712034367918513	0.12619672895476514	-0.19594398488565495	0.22336270983934475	-0.670164760736455	0.11758942826583572	-0.1307769918687583	0.20755004831916102	-0.32338385966789146	0.9999999999999983	-0.11643515374146553	0.10477310544303964	-0.12165344761602052	0.1361378738995118	-0.47094956266570376	0.07244223704684154	-0.09534927249447199	0.09441154157234362	-0.12173575507540432	0.28909136428243304	-0.08478746060728973	0.08539903431806958	-0.08618269694302493	0.08204560080548072	-0.06373049735493878	0.0907585923146436	-0.0625325203112912	0.08377127478651283	-0.06130805480970523	0.059415337241197755
0.12065296395307655	-0.08534963092549994	0.09173081948469818	-0.1204748874010228	0.10377074678605955	-0.10530201394130236	0.12086967884873173	-0.12459225926220358	0.11497371482683423	-0.12038317271592092	0.19745480031512644	-0.18164599596009448	0.1449686801583643	-0.13480562512173333	0.11989763532836291	-0.55593622378045	0.3099716943413001	-0.19404176131976988	0.15317743073782397	-0.11643515374146553	0.999999999999997	-0.5150079031524128	0.1925996218696839	-0.1876727105691276	0.09982088326056517	-0.3521579606060828	0.285808129251934	-0.17620559426678759	0.17199133929086377	-0.1315456441441202	0.23177157905947968	-0.22820818345820967	0.16705130292350936	-0.15309403848662964	0.10295919850287347	-0.22524708845258345	0.14598928418470422	-0.17763205661382275	0.1158425428551286	-0.10556413271610215
-0.10590271219107045	0.07217913359172662	-0.08002229234267931	0.10137463088435168	-0.09133184825386949	0.08701800575477779	-0.10344913190567105	0.1067804556287651	-0.10207291348377087	0.10221812516622257	-0.1607728521191511	0.13965829911534985	-0.1352822111561772	0.12165674792160712	-0.11022580700678486	0.2929033985308733	-0.5392700058195934	0.19442695796244133	-0.15828954681750423	0.10477310544303964	-0.5150079031524128	0.9999999999999938	-0.27416454219610686	0.19109888092254793	-0.09154691003346485	0.241912913489492	-0.46048018284340525	0.17842119709309578	-0.1732104507337084	0.1141108950636327	-0.2132351883160377	0.19282100306821548	-0.15920814028947883	0.1327419232779872	-0.09032543698168083	0.17603797750092426	-0.12300566111467544	0.14762541539755647	-0.100334785667165	0.08937945881659608
0.09746348394507046	-0.06633742006718123	0.07494766726184181	-0.0970934537650062	0.09118193257155682	-0.07690748324859807	0.09190008526323538	-0.10045802994671649	0.09860440664860287	-0.10270929796081518	0.11855597939920275	-0.10816458547675924	0.127921996897808	-0.12395870008098822	0.11985944013680025	-0.16085296357383067	0.1867911906030444	-0.21931764870661694	0.16966056043674452	-0.12165344761602052	0.1925996218696839	-0.27416454219610686	0.9999999999999958	-0.6624365412081801	0.1265353406152526	-0.14204119723180125	0.19229024841073503	-0.4872046759048385	0.3116680963296825	-0.15120244297475494	0.1610262336992651	-0.1926715594371617	0.23553359358083373	-0.19770809441355156	0.12214466830720133	-0.18722658597578798	0.13473073689476767	-0.19477275736214344	0.13442008777441783	-0.12095393578307156
-0.10409102326997015	0.06945060565513109	-0.0796973437139633	0.10088889161951405	-0.09868046456844665	0.07979967012068613	-0.09653898946095259	0.10388775203308362	-0.1050752201088796	0.10810900790740689	-0.12168119903029767	0.10810008163206378	-0.13500415960292186	0.130824165881258	-0.13697342614750294	0.1477712431661949	-0.17714446853587484	0.1874182555369698	-0.20266113003177103	0.1361378738995118	-0.1876727105691276	0.19109888092254793	-0.6624365412081801	0.9999999999999962	-0.1733885142813592	0.12925853937897921	-0.18042352716118407	0.29073044635595896	-0.5427401580282938	0.16973853563833144	-0.15728737086507677	0.16867262750947057	-0.22098534256212196	0.18918140477702347	-0.1252602960568927	0.16472809320951806	-0.12221980015298906	0.1711341030744743	-0.1318561303705505	0.11488764462333748
0.1055158645174169	-0.07128264037042624	0.08372911713342171	-0.11191358930451112	0.12729883323527175	-0.07819335359673897	0.09568422917597408	-0.10691896270298318	0.11398964078070675	-0.15010321426539866	0.10303315513210083	-0.0948789663910933	0.13000118377576342	-0.14324931707656557	0.2541483605661178	-0.09557474493231062	0.10367610513242809	-0.14920115090506642	0.1665362625079717	-0.47094956266570376	0.09982088326056517	-0.09154691003346485	0.1265353406152526	-0.1733885142813592	0.9999999999999952	-0.06553500632466938	0.08643522979710817	-0.09930805073686877	0.13615202720662406	-0.7854257712406353	0.078765164296587	-0.08234267191769204	0.08772660978969837	-0.08914008993940074	0.07500681075993745	-0.08802444817520322	0.061474681035167414	-0.0856409894213691	0.06512236220991224	-0.06803389900981441
-0.07490572400678149	0.05085139108563308	-0.056442583079148734	0.07168307723205244	-0.06483997427324793	0.06069108577278418	-0.07115975091091516	0.07317457534491723	-0.06977707627073909	0.07283929293010309	-0.10521278901402409	0.09250980316526983	-0.08747428079670709	0.08052987723430453	-0.07605860159495267	0.18336930622486045	-0.18279285022218517	0.11457669405031097	-0.09620472897726653	0.07244223704684154	-0.3521579606060828	0.241912913489492	-0.14204119723180125	0.12925853937897921	-0.06553500632466938	0.9999999999999937	-0.5985775916937134	0.14845527366566863	-0.14153426312317308	0.08422214185716893	-0.6126701221739488	0.2517363361859032	-0.1594184090810287	0.12617822969480535	-0.08635718346557703	0.19476519080206747	-0.14265026799015934	0.14988549576496563	-0.09932821386424288	0.08605711607041955
0.09467362894685415	-0.06510545997101178	0.07190676563950406	-0.09303393458458466	0.08349007137649841	-0.07744809462909635	0.09032445392777594	-0.09453149019784848	0.08975221575385849	-0.09508004948864482	0.12899583709121468	-0.11801721444366904	0.1118035760964933	-0.10482272983415952	0.09849071915499721	-0.22646507650857112	0.2284224170940236	-0.15358122498103083	0.12411668933848655	-0.09534927249447199	0.285808129251934	-0.46048018284340525	0.19229024841073503	-0.18042352716118407	0.08643522979710817	-0.5985775916937134	0.9999999999999909	-0.22330295246550103	0.18546037705124946	-0.11239594917885477	0.3032271343356641	-0.34712886051104114	0.20315899811000496	-0.17102292530642454	0.11346699670281728	-0.26898994618723027	0.18245712149929028	-0.2036925999822508	0.13105668589453237	-0.11588820481965074
-0.08539299798526981	0.05675166613139912	-0.06464793048121044	0.08116511625827436	-0.07763672534871137	0.0657239353592887	-0.07845462402718537	0.08244057910321984	-0.0814491839170867	0.0852476848109835	-0.10219389115031638	0.09028348498198044	-0.10250395205269244	0.09616576010393545	-0.09837907596652923	0.1334183004853446	-0.15311428234641064	0.14010310718182056	-0.12502981575369268	0.09441154157234362	-0.17620559426678759	0.17842119709309578	-0.4872046759048385	0.29073044635595896	-0.09930805073686877	0.14845527366566863	-0.22330295246550103	0.9999999999999936	-0.513931604085315	0.1207994961643531	-0.19102937015746996	0.22720780637336918	-0.5440648007299567	0.23532604039172075	-0.14831645660321957	0.19291396799123722	-0.1570120385441075	0.21861094571499662	-0.1647537590454431	0.13575544760960706
0.0978371316255945	-0.06607142441558947	0.07492460009088756	-0.09677752967962912	0.09249897727908357	-0.07587622916383543	0.09003068589592414	-0.09670958548779666	0.09547612358395552	-0.10405423585365253	0.1127456486066967	-0.10228343169375945	0.11682168635606215	-0.11482417723216298	0.12086131165840396	-0.1420789951602424	0.1534791458384499	-0.15912693327088429	0.14517756974617418	-0.12173575507540432	0.17199133929086377	-0.1732104507337084	0.3116680963296825	-0.5427401580282938	0.13615202720662406	-0.14153426312317308	0.18546037705124946	-0.513931604085315	0.9999999999999928	-0.1799195032371932	0.1778213705146439	-0.22729741136692494	0.28362860255811384	-0.36737377093435825	0.1817422039351424	-0.23975393239796738	0.17168065854124195	-0.27181597824254894	0.19824910565335152	-0.1811312743957011
-0.15008860931274418	0.09616182071217219	-0.1160312369604929	0.14251679804291423	-0.17546626371261834	0.1053623239161934	-0.1307530252469159	0.13576839937288987	-0.14852411402314958	0.17601778368723164	-0.140585354792078	0.12318247534381284	-0.16871676943905725	0.1688002250314454	-0.3316599165447022	0.12078903571469399	-0.13279401082955447	0.16620226579597677	-0.19507631745152335	0.28909136428243304	-0.1315456441441202	0.1141108950636327	-0.15120244297475494	0.16973853563833144	-0.7854257712406353	0.08422214185716893	-0.11239594917885477	0.1207994961643531	-0.1799195032371932	0.9999999999999918	-0.10307383421097328	0.10338117197043774	-0.11163354262123133	0.11160619891032457	-0.10321491887464122	0.10871141394562296	-0.07725566478778256	0.10610112425126073	-0.08343031473505974	0.08622975196467994
0.08551799209441735	-0.05816091965548216	0.06470470621114241	-0.0830662653404842	0.07549241493417523	-0.06851182317793812	0.07980833123405416	-0.08308665786602014	0.07943537327962799	-0.08541795249059388	0.10988959599874955	-0.09959159207585477	0.09677109304533375	-0.09088560408760392	0.08819591865754138	-0.17593930034768357	0.1647339995138937	-0.12544835098730076	0.10576606825823398	-0.08478746060728973	0.23177157905947968	-0.2132351883160377	0.1610262336992651	-0.15728737086507677	0.078765164296587	-0.6126701221739488	0.3032271343356641	-0.19102937015746996	0.1778213705146439	-0.10307383421097328	0.9999999999999899	-0.5109932983138649	0.22147572718506242	-0.18472436563449313	0.12303690360769312	-0.33311504875484593	0.2269993574484484	-0.23250222969751017	0.14563674309469415	-0.1265489435303399
-0.08963803435284574	0.058820952047782406	-0.06683270336717131	0.08214833108602732	-0.07752205654144778	0.06874497197229415	-0.0813728365854949	0.08274527953278447	-0.0806866396256952	0.08441601983099857	-0.11064717529361735	0.09572617330351932	-0.09932695830116597	0.09121948475371541	-0.09140828865963066	0.1538582018410803	-0.1688871588127932	0.12436141966801559	-0.11018083246258925	0.08539903431806958	-0.22820818345820967	0.19282100306821548	-0.1926715594371617	0.16867262750947057	-0.08234267191769204	0.2517363361859032	-0.34712886051104114	0.22720780637336918	-0.22729741136692494	0.10338117197043774	-0.5109932983138649	0.9999999999999902	-0.4350677977560391	0.21000029230053396	-0.15188364884908293	0.30504878160079185	-0.4532988566335914	0.2630713832379624	-0.1841826687027297	0.14019838558798142
0.08155684704197357	-0.054192263537485345	0.061520108002606454	-0.07734117859661212	0.07331469687316082	-0.06277678226904637	0.07429301090924807	-0.07745860511286275	0.07586218776910464	-0.08100721871649647	0.09662005209839027	-0.08569703175676724	0.09296795702659384	-0.08770959472718427	0.08976650430550784	-0.1275662207969319	0.1376071967141675	-0.12215429027020946	0.1073483083888252	-0.08618269694302493	0.16705130292350936	-0.15920814028947883	0.23553359358083373	-0.22098534256212196	0.08772660978969837	-0.1594184090810287	0.20315899811000496	-0.5440648007299567	0.28362860255811384	-0.11163354262123133	0.22147572718506242	-0.4350677977560391	0.9999999999999902	-0.40272857740889983	0.19493229294971548	-0.2712093044948629	0.23060130169125712	-0.38837397716683403	0.232578279509636	-0.1927677874986734
-0.07939897867525551	0.05165099751149301	-0.05935875249742368	0.07267979818372318	-0.07091706405414427	0.059536857664177004	-0.07096141746386606	0.07258949796075907	-0.0719810922676819	0.07633945976016356	-0.09118671217702327	0.07906063998053972	-0.0876920163684636	0.08166517259943774	-0.0878698575762678	0.11226692776070171	-0.12476351544900449	0.10838327804809063	-0.10001236069824407	0.08204560080548072	-0.15309403848662964	0.1327419232779872	-0.19770809441355156	0.18918140477702347	-0.08914008993940074	0.12617822969480535	-0.17102292530642454	0.23532604039172075	-0.36737377093435825	0.11160619891032457	-0.18472436563449313	0.21000029230053396	-0.40272857740889983	0.9999999999999902	-0.5001323989636666	0.20146070258626236	-0.18067465622883505	0.28828703468164396	-0.49965728781746493	0.2993979368434905
0.057375562447588783	-0.03758042171094612	0.04314766309107211	-0.053516204763119114	0.052730886667705784	-0.04311443644913334	0.05126587184170507	-0.05285008381117784	0.05252715396761695	-0.05720755484250879	0.06458764084941625	-0.05665843659707855	0.06294676729155736	-0.0595011643184806	0.06749824636439716	-0.07838016492604045	0.0850082489813341	-0.07672520324155224	0.07093382011320509	-0.06373049735493878	0.10295919850287347	-0.09032543698168083	0.12214466830720133	-0.1252602960568927	0.07500681075993745	-0.08635718346557703	0.11346699670281728	-0.14831645660321957	0.1817422039351424	-0.10321491887464122	0.12303690360769312	-0.15188364884908293	0.19493229294971548	-0.5001323989636666	0.9999999999999906	-0.17305962331532695	0.13843726940033935	-0.2610726841362214	0.3021793425135731	-0.7430407182141017
-0.10181886397642828	0.06506726631208565	-0.07494712988851643	0.08917596619460075	-0.08612214634475704	0.075534794817392	-0.08989513879546336	0.08936326529374826	-0.08797607828344038	0.09129234824076833	-0.11943276040759056	0.10093305721359386	-0.10714235965276081	0.09705886300392622	-0.09957473350627712	0.15062345640396196	-0.16876517204452968	0.1272676440646039	-0.11625871914870975	0.0907585923146436	-0.22524708845258345	0.17603797750092426	-0.18722658597578798	0.16472809320951806	-0.08802444817520322	0.19476519080206747	-0.26898994618723027	0.19291396799123722	-0.23975393239796738	0.10871141394562296	-0.33311504875484593	0.30504878160079185	-0.2712093044948629	0.20146070258626236	-0.17305962331532695	0.9999999999999903	-0.6959608255032972	0.2825803398164022	-0.2195676473555337	0.15076583983969763
0.06618001600672008	-0.043016698817680145	0.049178203670614415	-0.059904733669353956	0.05723713391846674	-0.04996705006087655	0.05922583508084135	-0.05992560441988811	0.05874214534276318	-0.0618062540285913	0.07844827937726123	-0.06767436296580939	0.07153003017073889	-0.06577236862702263	0.06733160636045372	-0.10260879355407784	0.11183153366084808	-0.08766807169209262	0.07877021002892623	-0.0625325203112912	0.14598928418470422	-0.12300566111467544	0.13473073689476767	-0.12221980015298906	0.061474681035167414	-0.14265026799015934	0.18245712149929028	-0.1570120385441075	0.17168065854124195	-0.07725566478778256	0.2269993574484484	-0.4532988566335914	0.23060130169125712	-0.18067465622883505	0.13843726940033935	-0.6959608255032972	0.9999999999999913	-0.4362447283389103	0.19521046618284185	-0.13685690015230137
-0.08751134992408446	0.056393259732575696	-0.06490864869456317	0.07831271420430876	-0.07607395251653568	0.06520063833316962	-0.07766289231339646	0.07831336631255931	-0.077399511448301	0.08120768766086789	-0.10119535710406441	0.08666846125310856	-0.09424727241599826	0.08653680358070595	-0.09093022281502934	0.12545719654861953	-0.13969630753679785	0.11428576738655585	-0.10479779852289677	0.08377127478651283	-0.17763205661382275	0.14762541539755647	-0.19477275736214344	0.1711341030744743	-0.0856409894213691	0.14988549576496563	-0.2036925999822508	0.21861094571499662	-0.27181597824254894	0.10610112425126073	-0.23250222969751017	0.2630713832379624	-0.38837397716683403	0.28828703468164396	-0.2610726841362214	0.2825803398164022	-0.4362447283389103	0.9999999999999918	-0.5554738858946688	0.23820221173044215
0.059877178574530406	-0.03906539014558749	0.044777185909451664	-0.055061528829617346	0.053376150046982644	-0.04505383401067245	0.053519022704807545	-0.054772993258427057	0.05409550936766737	-0.057798776337966026	0.06880522864197837	-0.05990186711402554	0.06547596793339204	-0.06112057793001833	0.06534188113010805	-0.08559778788362508	0.09353682821136933	-0.08067149432919707	0.07360030630921519	-0.06130805480970523	0.1158425428551286	-0.100334785667165	0.13442008777441783	-0.1318561303705505	0.06512236220991224	-0.09932821386424288	0.13105668589453237	-0.1647537590454431	0.19824910565335152	-0.08343031473505974	0.14563674309469415	-0.1841826687027297	0.232578279509636	-0.49965728781746493	0.3021793425135731	-0.2195676473555337	0.19521046618284185	-0.5554738858946688	0.9999999999999921	-0.513763857783191
-0.05720129045192688	0.036994294098568734	-0.042675237959326394	0.05193486273117223	-0.051381713856059295	0.04251560960610313	-0.05070437497808619	0.051530011652807184	-0.051296674897891956	0.05487844321742337	-0.06449285206135899	0.05570992244786238	-0.061793738300834025	0.05751986905543434	-0.06439524835326847	0.07750613133222117	-0.08552438949942695	0.07415856099774275	-0.06902164466733202	0.059415337241197755	-0.10556413271610215	0.08937945881659608	-0.12095393578307156	0.11488764462333748	-0.06803389900981441	0.08605711607041955	-0.11588820481965074	0.13575544760960706	-0.1811312743957011	0.08622975196467994	-0.1265489435303399	0.14019838558798142	-0.1927677874986734	0.2993979368434905	-0.7430407182141017	0.15076583983969763	-0.13685690015230137	0.23820221173044215	-0.513763857783191	0.9999999999999921
