1.0	-0.6408891463563005	0.25616083894262176	-0.12966016147537035	0.1135909766430662	-0.579693368262736	0.2767547784551804	-0.24573147100718065	0.13034509990172027	-0.10645976547171525	0.23808435875765127	-0.22656623362552644	0.1694786717410925	-0.13996204776971258	0.16082741483868238	-0.27150718573825156	0.14013083911639218	-0.1226923513770995	0.12122615370299832	-0.1320746771241746	0.036293829674347015	-0.09404284879697156	0.10177672573182896	-0.08195660222816581	0.04784188247015873	-0.036876429376256056	0.05755136006309968	-0.07076353848661192	0.07442857722935896	-0.04561565899400756
-0.6408891463563005	1.0000000000000002	-0.45576246526531716	0.1688535907998957	-0.15115158050235916	0.2983870575608707	-0.4261677188617559	0.2629315310541051	-0.16701011687298947	0.13195131458757994	-0.21189269543520747	0.23215998229966991	-0.19633432638607493	0.1610755389299438	-0.20117718801965426	0.2073524396201479	-0.15071950040809423	0.13098270358291686	-0.13954143930569765	0.14585725541243116	-0.035084105455309135	0.09727073622870838	-0.11183895499002457	0.09062848719914883	-0.053645949686850804	0.03526512977161189	-0.06040426621928728	0.07276932199739106	-0.08467664615944676	0.0508110319503331
0.25616083894262176	-0.45576246526531716	0.9999999999999996	-0.43125169136902036	0.23103460473285714	-0.28829846831553296	0.27551384987412664	-0.42727583394635865	0.25361364909034384	-0.2241812824240886	0.20993110686916927	-0.30023356131903994	0.24425013838096754	-0.2541868116372332	0.25348946048656607	-0.2853396139179808	0.18782097872879405	-0.18321627082643566	0.19424840455197112	-0.22936255690556567	0.04809963618950556	-0.13470361914096157	0.1463162465063326	-0.13604252488673596	0.07881114034598943	-0.04930941692122798	0.08265564879822433	-0.10393640107249144	0.1169458651192394	-0.07579102944882732
-0.12966016147537035	0.1688535907998957	-0.43125169136902036	0.9999999999999998	-0.5673807918244758	0.1363138375735734	-0.13926044791956685	0.1888908497468027	-0.5429816236840149	0.29955007681538126	-0.11387952153868844	0.16781917498834398	-0.1615699770625799	0.24390454267681005	-0.28109746568626126	0.14596543948506252	-0.12664975751541807	0.1255907035989838	-0.16994499011786024	0.17992343107604092	-0.029454992683360763	0.08772508192407374	-0.102238616624152	0.10008908112077755	-0.06023759980951463	0.029908954819471763	-0.05425430942271553	0.0667381200742472	-0.08833126632756345	0.056920349307741584
0.1135909766430662	-0.15115158050235916	0.23103460473285714	-0.5673807918244758	1.0	-0.12994637351599686	0.12545753153533118	-0.17369068337814514	0.29176320689896423	-0.6656834872284576	0.10756282167879036	-0.1627766287091511	0.14403481542589328	-0.22588274030922534	0.2674637403380625	-0.1464013514205966	0.11849912276877642	-0.12012843358868862	0.1535779913067131	-0.19333839601953784	0.02890375888151298	-0.08525823884328335	0.09608760143359157	-0.10257137907244673	0.06136233940920289	-0.029537872310157982	0.05267372810565652	-0.06591685220543472	0.08646902650933003	-0.058816435850931256
-0.579693368262736	0.2983870575608707	-0.28829846831553296	0.1363138375735734	-0.12994637351599686	1.0	-0.4207866638110509	0.2437892360070779	-0.14700100120743823	0.11650866281717596	-0.4836667244328666	0.23473730223231787	-0.1919793658481542	0.14952675058171225	-0.19007149486362546	0.27757319202702974	-0.16204660117261915	0.1318533028425376	-0.1346449136584325	0.13837860261984478	-0.03894026979052719	0.10096866677466862	-0.11383713869304225	0.0873662099915133	-0.05168819760405853	0.03884252056481985	-0.06254122597580508	0.07473692178335811	-0.08273690068536378	0.04889646528262043
0.2767547784551804	-0.4261677188617559	0.27551384987412664	-0.13926044791956685	0.12545753153533118	-0.4207866638110509	1.0000000000000004	-0.5592946691371062	0.15286366049551228	-0.11727522172873839	0.21436058830405735	-0.46282431294600973	0.27201868175087734	-0.17126419485308553	0.1829622425306458	-0.21211764672581568	0.1565590999955673	-0.14493741644750552	0.14103326120485565	-0.1425729367333497	0.034977981226969296	-0.10108268087959146	0.11713083686526586	-0.08716337936037252	0.05147465231086009	-0.03523628713878626	0.061072716917847665	-0.07376716112737758	0.08018263650995455	-0.04861175954200657
-0.24573147100718065	0.2629315310541051	-0.42727583394635865	0.1888908497468027	-0.17369068337814514	0.2437892360070779	-0.5592946691371062	0.9999999999999998	-0.22130987782827763	0.15794360222525528	-0.20557535640792907	0.321350560965823	-0.4906754788549515	0.22732557434327488	-0.25034851260501306	0.20306348558229473	-0.19531608657266028	0.18516310839894726	-0.1899145008233686	0.18128609862455664	-0.0407727700359197	0.12360492949509425	-0.1537895935964478	0.11076629040540187	-0.06607431230238217	0.0408328305959504	-0.07552079999019824	0.08982849560859713	-0.10350843078564495	0.062021805424652826
0.13034509990172027	-0.16701011687298947	0.25361364909034384	-0.5429816236840149	0.29176320689896423	-0.14700100120743823	0.15286366049551228	-0.22130987782827763	1.0000000000000002	-0.42020233159943926	0.12491668301503916	-0.21053808983039657	0.20526265291573587	-0.5299021160105344	0.28986140955531825	-0.16260148679693398	0.14781344997951704	-0.15895052902970508	0.2190761569496655	-0.24040923699043154	0.034094022240242466	-0.10483594305957826	0.12196696841908307	-0.12523506666262732	0.07489826448763484	-0.03470137953508888	0.06392293864410672	-0.07923290925199812	0.10536392144904215	-0.07085035482145581
-0.10645976547171525	0.13195131458757994	-0.2241812824240886	0.29955007681538126	-0.6656834872284576	0.11650866281717596	-0.11727522172873839	0.15794360222525528	-0.42020233159943926	0.9999999999999994	-0.10093509797451294	0.1524080187012014	-0.1459370893889354	0.2384959096558108	-0.4828094511065449	0.131834427691984	-0.1203490583758475	0.12060538169995057	-0.16871218959367015	0.19540292265287457	-0.027924683801918544	0.08409971598019195	-0.09829909337979256	0.10258143416521782	-0.06281082346500289	0.028365682812462656	-0.05217717075524574	0.06432095780253175	-0.08967384895887223	0.05936250851208519
0.23808435875765127	-0.21189269543520747	0.20993110686916927	-0.11387952153868844	0.10756282167879036	-0.4836667244328666	0.21436058830405735	-0.20557535640792907	0.12491668301503916	-0.10093509797451294	0.9999999999999994	-0.2547517368102803	0.17196958200755497	-0.13892595504226662	0.16423724181048815	-0.7336984430653988	0.1844261667645078	-0.14327321519281422	0.12830235180817923	-0.1366286735944622	0.054243432570990055	-0.11883111754593194	0.11917188706478732	-0.08611813864200984	0.05019511285148688	-0.05486233609931285	0.07091610062032067	-0.08677640996209472	0.07925745923707403	-0.04775945055954987
-0.22656623362552644	0.23215998229966991	-0.30023356131903994	0.16781917498834398	-0.1627766287091511	0.23473730223231787	-0.46282431294600973	0.321350560965823	-0.21053808983039657	0.1524080187012014	-0.2547517368102803	0.9999999999999982	-0.6220131871865245	0.24098229094605794	-0.26089086093365627	0.2197708909401381	-0.2457034370678813	0.2127864944034259	-0.20730857625098395	0.18948153491112515	-0.045058820077794284	0.14251345913719213	-0.17773029286692502	0.11610847272973496	-0.06940138340174787	0.044959890978120046	-0.08516256413951682	0.10019288976238805	-0.10916417132137128	0.0648529145666315
0.1694786717410925	-0.19633432638607493	0.24425013838096754	-0.1615699770625799	0.14403481542589328	-0.1919793658481542	0.27201868175087734	-0.4906754788549515	0.20526265291573587	-0.1459370893889354	0.17196958200755497	-0.6220131871865245	0.9999999999999976	-0.37612064895359776	0.2276388500930213	-0.19072040685077735	0.2077621243089932	-0.29272331015785374	0.21422412245950884	-0.1966507521798046	0.04125522412502917	-0.13943173913534065	0.1734276728234042	-0.1136217445253728	0.06707755944311108	-0.041663367143115276	0.08013376481522982	-0.09727659471073886	0.10092098373466224	-0.0627368351410387
-0.13996204776971258	0.1610755389299438	-0.2541868116372332	0.24390454267681005	-0.22588274030922534	0.14952675058171225	-0.17126419485308553	0.22732557434327488	-0.5299021160105344	0.2384959096558108	-0.13892595504226662	0.24098229094605794	-0.37612064895359776	0.9999999999999961	-0.4295989059461994	0.16771258577497508	-0.1947027495826035	0.2129759811078597	-0.4478938471017406	0.27756376064252647	-0.0398454087530624	0.12937056807813668	-0.16523637065818758	0.14896474397231102	-0.09145195610907982	0.040127302183029935	-0.07839152364829088	0.09436577208592072	-0.13261636237958307	0.08359033778204049
0.16082741483868238	-0.20117718801965426	0.25348946048656607	-0.28109746568626126	0.2674637403380625	-0.19007149486362546	0.1829622425306458	-0.25034851260501306	0.28986140955531825	-0.4828094511065449	0.16423724181048815	-0.26089086093365627	0.2276388500930213	-0.4295989059461994	0.9999999999999982	-0.22945424145139845	0.19552290552851667	-0.20576753857895685	0.2753949179185415	-0.44641539971365707	0.04801553203810128	-0.1442447989855694	0.16186317353180057	-0.19588743742952983	0.12184139227859722	-0.04919491392084345	0.08915529332082463	-0.11255378616112055	0.15874365477226218	-0.11750521228308336
-0.27150718573825156	0.2073524396201479	-0.2853396139179808	0.14596543948506252	-0.1464013514205966	0.27757319202702974	-0.21211764672581568	0.20306348558229473	-0.16260148679693398	0.131834427691984	-0.7336984430653988	0.2197708909401381	-0.19072040685077735	0.16771258577497508	-0.22945424145139845	0.9999999999999951	-0.3045802856105335	0.17902633978956906	-0.166859134707564	0.16860202370912444	-0.07825555274145762	0.15405812221736925	-0.16085119417519048	0.10970366971857255	-0.06476524469329611	0.07279451117489247	-0.09484478035665572	0.10966645950038752	-0.10634099150796329	0.06121399286073379
0.14013083911639218	-0.15071950040809423	0.18782097872879405	-0.12664975751541807	0.11849912276877642	-0.16204660117261915	0.1565590999955673	-0.19531608657266028	0.14781344997951704	-0.1203490583758475	0.1844261667645078	-0.2457034370678813	0.2077621243089932	-0.1947027495826035	0.19552290552851667	-0.3045802856105335	0.9999999999999976	-0.5196072832885821	0.22933505821307826	-0.24974200133272625	0.09359286978595684	-0.5387593984763166	0.32061419117479345	-0.15090599554273318	0.08500183207927503	-0.09723430436780664	0.2043086910724889	-0.26191184670586215	0.1279427062627599	-0.08110172078063976
-0.1226923513770995	0.13098270358291686	-0.18321627082643566	0.1255907035989838	-0.12012843358868862	0.1318533028425376	-0.14493741644750552	0.18516310839894726	-0.15895052902970508	0.12060538169995057	-0.14327321519281422	0.2127864944034259	-0.29272331015785374	0.2129759811078597	-0.20576753857895685	0.17902633978956906	-0.5196072832885821	0.999999999999996	-0.3946172365406811	0.24176601874182563	-0.06498721868521479	0.281840789457774	-0.5673925258687852	0.14502912598287995	-0.08474415639177867	0.0646576686202617	-0.15005683162823352	0.17173230060825712	-0.1283534681823642	0.07743787039640523
0.12122615370299832	-0.13954143930569765	0.19424840455197112	-0.16994499011786024	0.1535779913067131	-0.1346449136584325	0.14103326120485565	-0.1899145008233686	0.2190761569496655	-0.16871218959367015	0.12830235180817923	-0.20730857625098395	0.21422412245950884	-0.4478938471017406	0.2753949179185415	-0.166859134707564	0.22933505821307826	-0.3946172365406811	0.9999999999999971	-0.6234088360346703	0.04634717357735707	-0.1666184680081039	0.21036079667612004	-0.2572480433808508	0.1450441067053476	-0.04693374044988305	0.09631326600616025	-0.11832742912600198	0.18778257326801107	-0.13029298394406957
-0.1320746771241746	0.14585725541243116	-0.22936255690556567	0.17992343107604092	-0.19333839601953784	0.13837860261984478	-0.1425729367333497	0.18128609862455664	-0.24040923699043154	0.19540292265287457	-0.1366286735944622	0.18948153491112515	-0.1966507521798046	0.27756376064252647	-0.44641539971365707	0.16860202370912444	-0.24974200133272625	0.24176601874182563	-0.6234088360346703	0.9999999999999961	-0.04823470692089686	0.15799602978328298	-0.2146233273978935	0.2399289026391417	-0.24488247080701972	0.047966591214303675	-0.09985715315729232	0.1164810646167552	-0.25761859536369536	0.17518549719449814
0.036293829674347015	-0.035084105455309135	0.04809963618950556	-0.029454992683360763	0.02890375888151298	-0.03894026979052719	0.034977981226969296	-0.0407727700359197	0.034094022240242466	-0.027924683801918544	0.054243432570990055	-0.045058820077794284	0.04125522412502917	-0.0398454087530624	0.04801553203810128	-0.07825555274145762	0.09359286978595684	-0.06498721868521479	0.04634717357735707	-0.04823470692089686	0.9999999999999964	-0.13117808378985715	0.08954033414722574	-0.03571258919640099	0.019657568812368097	-0.9701035585982896	0.128602459403187	-0.13281895477526248	0.03381028955934412	-0.01906239716017328
-0.09404284879697156	0.09727073622870838	-0.13470361914096157	0.08772508192407374	-0.08525823884328335	0.10096866677466862	-0.10108268087959146	0.12360492949509425	-0.10483594305957826	0.08409971598019195	-0.11883111754593194	0.14251345913719213	-0.13943173913534065	0.12937056807813668	-0.1442447989855694	0.15405812221736925	-0.5387593984763166	0.281840789457774	-0.1666184680081039	0.15799602978328298	-0.13117808378985715	0.999999999999996	-0.5982135425207662	0.11084129519206956	-0.0619595212640048	0.11802674636466318	-0.40232395702488344	0.2775444801624093	-0.10274475660695345	0.05836809502915433
0.10177672573182896	-0.11183895499002457	0.1463162465063326	-0.102238616624152	0.09608760143359157	-0.11383713869304225	0.11713083686526586	-0.1537895935964478	0.12196696841908307	-0.09829909337979256	0.11917188706478732	-0.17773029286692502	0.1734276728234042	-0.16523637065818758	0.16186317353180057	-0.16085119417519048	0.32061419117479345	-0.5673925258687852	0.21036079667612004	-0.2146233273978935	0.08954033414722574	-0.5982135425207662	0.9999999999999967	-0.14708461738854753	0.07757125928033314	-0.09244942844779394	0.22474457857470947	-0.30451296164330527	0.12038594391534836	-0.07286055316210382
-0.08195660222816581	0.09062848719914883	-0.13604252488673596	0.10008908112077755	-0.10257137907244673	0.0873662099915133	-0.08716337936037252	0.11076629040540187	-0.12523506666262732	0.10258143416521782	-0.08611813864200984	0.11610847272973496	-0.1136217445253728	0.14896474397231102	-0.19588743742952983	0.10970366971857255	-0.15090599554273318	0.14502912598287995	-0.2572480433808508	0.2399289026391417	-0.03571258919640099	0.11084129519206956	-0.14708461738854753	0.999999999999996	-0.411419662433029	0.035460221704096295	-0.08041973555655277	0.09592778633199076	-0.7660726146526979	0.28406381589745977
0.04784188247015873	-0.053645949686850804	0.07881114034598943	-0.06023759980951463	0.06136233940920289	-0.05168819760405853	0.05147465231086009	-0.06607431230238217	0.07489826448763484	-0.06281082346500289	0.05019511285148688	-0.06940138340174787	0.06707755944311108	-0.09145195610907982	0.12184139227859722	-0.06476524469329611	0.08500183207927503	-0.08474415639177867	0.1450441067053476	-0.24488247080701972	0.019657568812368097	-0.0619595212640048	0.07757125928033314	-0.411419662433029	0.9999999999999966	-0.019688912520148233	0.04261332012764541	-0.052030193924251046	0.29421039379309677	-0.8228004414733207
-0.036876429376256056	0.03526512977161189	-0.04930941692122798	0.029908954819471763	-0.029537872310157982	0.03884252056481985	-0.03523628713878626	0.0408328305959504	-0.03470137953508888	0.028365682812462656	-0.05486233609931285	0.044959890978120046	-0.041663367143115276	0.040127302183029935	-0.04919491392084345	0.07279451117489247	-0.09723430436780664	0.0646576686202617	-0.04693374044988305	0.047966591214303675	-0.9701035585982896	0.11802674636466318	-0.09244942844779394	0.035460221704096295	-0.019688912520148233	0.9999999999999969	-0.1465204313375908	0.12219586910082622	-0.03409308747794651	0.01900154735452664
0.05755136006309968	-0.06040426621928728	0.08265564879822433	-0.05425430942271553	0.05267372810565652	-0.06254122597580508	0.061072716917847665	-0.07552079999019824	0.06392293864410672	-0.05217717075524574	0.07091610062032067	-0.08516256413951682	0.08013376481522982	-0.07839152364829088	0.08915529332082463	-0.09484478035665572	0.2043086910724889	-0.15005683162823352	0.09631326600616025	-0.09985715315729232	0.128602459403187	-0.40232395702488344	0.22474457857470947	-0.08041973555655277	0.04261332012764541	-0.1465204313375908	0.9999999999999971	-0.8470999662059947	0.07744487659287877	-0.042534027438868624
-0.07076353848661192	0.07276932199739106	-0.10393640107249144	0.0667381200742472	-0.06591685220543472	0.07473692178335811	-0.07376716112737758	0.08982849560859713	-0.07923290925199812	0.06432095780253175	-0.08677640996209472	0.10019288976238805	-0.09727659471073886	0.09436577208592072	-0.11255378616112055	0.10966645950038752	-0.26191184670586215	0.17173230060825712	-0.11832742912600198	0.1164810646167552	-0.13281895477526248	0.2775444801624093	-0.30451296164330527	0.09592778633199076	-0.052030193924251046	0.12219586910082622	-0.8470999662059947	0.9999999999999978	-0.1010729141115741	0.05149748277156456
0.07442857722935896	-0.08467664615944676	0.1169458651192394	-0.08833126632756345	0.08646902650933003	-0.08273690068536378	0.08018263650995455	-0.10350843078564495	0.10536392144904215	-0.08967384895887223	0.07925745923707403	-0.10916417132137128	0.10092098373466224	-0.13261636237958307	0.15874365477226218	-0.10634099150796329	0.1279427062627599	-0.1283534681823642	0.18778257326801107	-0.25761859536369536	0.03381028955934412	-0.10274475660695345	0.12038594391534836	-0.7660726146526979	0.29421039379309677	-0.03409308747794651	0.07744487659287877	-0.1010729141115741	0.9999999999999979	-0.456884851056394
-0.04561565899400756	0.0508110319503331	-0.07579102944882732	0.056920349307741584	-0.058816435850931256	0.04889646528262043	-0.04861175954200657	0.062021805424652826	-0.07085035482145581	0.05936250851208519	-0.04775945055954987	0.0648529145666315	-0.0627368351410387	0.08359033778204049	-0.11750521228308336	0.06121399286073379	-0.08110172078063976	0.07743787039640523	-0.13029298394406957	0.17518549719449814	-0.01906239716017328	0.05836809502915433	-0.07286055316210382	0.28406381589745977	-0.8228004414733207	0.01900154735452664	-0.042534027438868624	0.05149748277156456	-0.456884851056394	0.999999999999998
