1.0000000000000002	-0.35712604240397416	0.07710829581148441	-0.062651844206603	0.03808836450402463	-0.8933869424670154	0.24379113709013414	-0.0701741878979055	0.06953657589076119	-0.04005878816496645	0.06917845327215662	-0.07811354862648104	0.07046033379400274	-0.07483357599131776	0.03479614412907974	-0.05278203218425025	0.0616576590280719	-0.043708136740977996	0.05023392983019488	-0.041494266007284224	0.023399277970440103	-0.030081870537572417	0.02672210976538701	-0.018575692537242637	0.020707058341551496	-0.018429504557156015	0.02062584455062095	-0.02342970675377623	0.016640779986775826	-0.018099824888161566
-0.35712604240397416	0.9999999999999998	-0.247454634058646	0.16317981279362043	-0.10087155927592618	0.2545331185147547	-0.7648826527976751	0.1783909965557768	-0.19083839826018453	0.10114973221129153	-0.180886361683905	0.19467745908107859	-0.18635230661320507	0.17983611365001745	-0.086642626361747	0.12968942757232713	-0.1640115659762859	0.11195067589113251	-0.13264579776774313	0.10067804483862289	-0.059623106968103766	0.0755749616289269	-0.0684597215306325	0.04730195725451114	-0.05270966098803049	0.0463865367969882	-0.05258425034384608	0.05909615925793217	-0.042656435470537775	0.04530012445346153
0.07710829581148441	-0.247454634058646	0.9999999999999997	-0.8168827675052099	0.21130867663310116	-0.07791313288063388	0.17623322584832482	-0.24531499399083856	0.24998084223411332	-0.2415458569810027	0.11103989177217394	-0.1296874655883199	0.15993390048859074	-0.22465248732957113	0.11849554877967657	-0.08943347834052995	0.1035081328596627	-0.08832458580274888	0.0999270241978687	-0.14220300930096721	0.042525969059521315	-0.05696037179690753	0.051413787340687134	-0.04134156311827053	0.04870943400984174	-0.03406194279947641	0.03853619274582893	-0.045530626349373944	0.03618100030891199	-0.043595006247290624
-0.062651844206603	0.16317981279362043	-0.8168827675052099	0.9999999999999997	-0.2974415235788304	0.061272165184772596	-0.1554497745581294	0.20386361755014673	-0.343868536700813	0.216319470601523	-0.09836062991322117	0.10913972321344846	-0.14596988378369682	0.1802802974372347	-0.10313358378527268	0.07600879151924353	-0.0905018299251587	0.07528360164215898	-0.08750672457028082	0.11504451561206959	-0.03635376439102634	0.04805654282963264	-0.04392413011644137	0.03486142088509005	-0.04113702162987669	0.02887572810548044	-0.032851580216284426	0.03844910379746306	-0.030721635649672986	0.03612043935863426
0.03808836450402463	-0.10087155927592618	0.21130867663310116	-0.2974415235788304	1.0000000000000002	-0.039704351465107195	0.09450048128806567	-0.1323218599841949	0.16806308959440006	-0.8783830597034246	0.0826934722761637	-0.08515789416878491	0.11002260904868985	-0.17214684279965925	0.1773016692329089	-0.06374504450824248	0.07384521164633713	-0.06677518730526173	0.08026029572463429	-0.19727993100477215	0.031628279618833924	-0.04238641919249577	0.03916469991184816	-0.037223061380109765	0.04727044437781333	-0.025299944383052587	0.02894991870847544	-0.0344926847782212	0.032091128724232615	-0.041958977761447
-0.8933869424670154	0.2545331185147547	-0.07791313288063388	0.061272165184772596	-0.039704351465107195	1.0000000000000004	-0.3401219122625474	0.07715058554661212	-0.07740599662038403	0.040948893589295966	-0.08022208922977483	0.08879114276343052	-0.08026429740622333	0.07997356706774246	-0.037204054228947084	0.05921833479526427	-0.07161038975150644	0.049123741405374975	-0.05703450900622554	0.043956319874983704	-0.026288449592526027	0.033542296214089065	-0.029992498523932286	0.02058582052999046	-0.02282994504920276	0.02059462388754972	-0.023127101310886265	0.02611766653172974	-0.018503074946618164	0.019800468835935857
0.24379113709013414	-0.7648826527976751	0.17623322584832482	-0.1554497745581294	0.09450048128806567	-0.3401219122625474	1.0000000000000002	-0.22439747739934401	0.18114775220843343	-0.1022762132027907	0.16453499103781316	-0.27761838406530687	0.19539263781868824	-0.20644424765295805	0.0915177318150068	-0.13932056172964774	0.16829434259138018	-0.119067468063345	0.12934007178244633	-0.11060612640810448	0.06031416051367458	-0.07940274929356102	0.06967888512407652	-0.048040212350974484	0.05306872016581359	-0.04790005633518086	0.05341854690648656	-0.06148456515360408	0.04265231282501802	-0.046872595742190104
-0.0701741878979055	0.1783909965557768	-0.24531499399083856	0.20386361755014673	-0.1323218599841949	0.07715058554661212	-0.22439747739934401	1.0000000000000007	-0.6961568023259446	0.1322340838441222	-0.1616299110883495	0.21325181933900103	-0.5055913649937398	0.2767862511691988	-0.1161721600481372	0.1269289542732268	-0.1696160971026028	0.13702276467772737	-0.15386838973776085	0.12976192971344702	-0.05904309004070858	0.07836394909317908	-0.07325472748206675	0.05233941662349063	-0.05809581117196838	0.0466368023922538	-0.05342398293716088	0.06262808120261351	-0.04641001038055748	0.05011161460047994
0.06953657589076119	-0.19083839826018453	0.24998084223411332	-0.343868536700813	0.16806308959440006	-0.07740599662038403	0.18114775220843343	-0.6961568023259446	1.0000000000000007	-0.1953016256318196	0.15243174551196942	-0.19965883259808825	0.2794549117867066	-0.40556496034381745	0.14592689333237976	-0.12607573685214676	0.1499729057539132	-0.1317484936929435	0.14417267636076825	-0.16881717611280822	0.05888916484243973	-0.07956993183499853	0.07232435127346169	-0.05529417346033012	0.06330248644792638	-0.047198719078441274	0.0535207468902732	-0.06368564188213831	0.048463370869704564	-0.05600248760239113
-0.04005878816496645	0.10114973221129153	-0.2415458569810027	0.216319470601523	-0.8783830597034246	0.040948893589295966	-0.1022762132027907	0.1322340838441222	-0.1953016256318196	1.0	-0.0892183449930782	0.08758014088883215	-0.1174416557115535	0.16610243990453322	-0.23564474326980756	0.06638399872569606	-0.07820733526805136	0.06870392715333766	-0.08479351157820393	0.18374106626232076	-0.03299553604378245	0.04361827609503295	-0.04064040553374384	0.03758486255664379	-0.048065127869681874	0.02619134661269527	-0.030076375529295558	0.035443007483946166	-0.032771719230362886	0.04141905278229466
0.06917845327215662	-0.180886361683905	0.11103989177217394	-0.09836062991322117	0.0826934722761637	-0.08022208922977483	0.16453499103781316	-0.1616299110883495	0.15243174551196942	-0.0892183449930782	1.0000000000000007	-0.3178619336151304	0.21180559896150647	-0.30862803827098134	0.12242480255517102	-0.7590147185480058	0.2854365828199183	-0.19438755439406813	0.19131795783245858	-0.15936631431866677	0.15664553824222116	-0.18086937643721315	0.13341235375953664	-0.07738393903402953	0.08214129872483389	-0.13203782315163448	0.1175724219658312	-0.13259317367759374	0.06797841919581706	-0.07615331957191485
-0.07811354862648104	0.19467745908107859	-0.1296874655883199	0.10913972321344846	-0.08515789416878491	0.08879114276343052	-0.27761838406530687	0.21325181933900103	-0.19965883259808825	0.08758014088883215	-0.3178619336151304	0.9999999999999999	-0.49998198194828025	0.25766761082264394	-0.11027269867670438	0.25074331264110444	-0.6109701957970464	0.23099915756868286	-0.24749994252329174	0.12919353117120877	-0.10256011682063952	0.13295953406379146	-0.1214735573484503	0.07291332622801738	-0.07517901258773259	0.07848425742899603	-0.08990878084823165	0.10046235796099506	-0.06482500787229337	0.0639059799135489
0.07046033379400274	-0.18635230661320507	0.15993390048859074	-0.14596988378369682	0.11002260904868985	-0.08026429740622333	0.19539263781868824	-0.5055913649937398	0.2794549117867066	-0.1174416557115535	0.21180559896150647	-0.49998198194828025	0.9999999999999996	-0.4825655813132693	0.1527791048204608	-0.19353349530785047	0.25400024379958	-0.24656358796945416	0.2151678693864769	-0.18145639535302038	0.08416489640840882	-0.11673791839447571	0.10733407515684003	-0.07353117108390274	0.0789372352000425	-0.0675806798079096	0.07676389531411346	-0.0931167651285501	0.06387520554056797	-0.06940543270954776
-0.07483357599131776	0.17983611365001745	-0.22465248732957113	0.1802802974372347	-0.17214684279965925	0.07997356706774246	-0.20644424765295805	0.2767862511691988	-0.40556496034381745	0.16610243990453322	-0.30862803827098134	0.25766761082264394	-0.4825655813132693	0.9999999999999999	-0.35828362796413027	0.20398889274847576	-0.2628104724804436	0.2159852636148723	-0.30313862827185195	0.2575209922172688	-0.10175549720640509	0.12936229896518547	-0.12512375600447936	0.09930019967349198	-0.11769720045642852	0.07874994317773223	-0.09185338117088274	0.10495598246503579	-0.08993564205051674	0.09492408639328087
0.03479614412907974	-0.086642626361747	0.11849554877967657	-0.10313358378527268	0.1773016692329089	-0.037204054228947084	0.0915177318150068	-0.1161721600481372	0.14592689333237976	-0.23564474326980756	0.12242480255517102	-0.11027269867670438	0.1527791048204608	-0.35828362796413027	1.0000000000000004	-0.08901000545796413	0.10715338575758664	-0.10814292832018708	0.14126830610636898	-0.846787730791681	0.04634798098102882	-0.06264798172405264	0.060435222294778816	-0.07207897208758438	0.09921437994157328	-0.0369776347944822	0.043179405381727196	-0.05245811192644221	0.059557729537360785	-0.08494144522796786
-0.05278203218425025	0.12968942757232713	-0.08943347834052995	0.07600879151924353	-0.06374504450824248	0.05921833479526427	-0.13932056172964774	0.1269289542732268	-0.12607573685214676	0.06638399872569606	-0.7590147185480058	0.25074331264110444	-0.19353349530785047	0.20398889274847576	-0.08901000545796413	1.0000000000000009	-0.45956294728539265	0.19019498100023643	-0.20836138506905175	0.10994075128564643	-0.1922986187174842	0.16256504021638232	-0.12977924023866458	0.06826294556720226	-0.06997792917465867	0.12707010027467042	-0.1165489139924028	0.11867753165472504	-0.061192489084720726	0.060963534216806614
0.0616576590280719	-0.1640115659762859	0.1035081328596627	-0.0905018299251587	0.07384521164633713	-0.07161038975150644	0.16829434259138018	-0.1696160971026028	0.1499729057539132	-0.07820733526805136	0.2854365828199183	-0.6109701957970464	0.25400024379958	-0.2628104724804436	0.10715338575758664	-0.45956294728539265	1.0	-0.39028660829613354	0.2560901677893007	-0.13464295840299606	0.12435794995246266	-0.18310967867264738	0.14594246773588157	-0.07914745792726677	0.077548721148951	-0.0973899531931503	0.10808589852807764	-0.12416068104962366	0.06812912548114478	-0.0679946237639594
-0.043708136740977996	0.11195067589113251	-0.08832458580274888	0.07528360164215898	-0.06677518730526173	0.049123741405374975	-0.119067468063345	0.13702276467772737	-0.1317484936929435	0.06870392715333766	-0.19438755439406813	0.23099915756868286	-0.24656358796945416	0.2159852636148723	-0.10814292832018708	0.19019498100023643	-0.39028660829613354	1.0000000000000016	-0.769632581476874	0.13094917803283754	-0.10824272564545367	0.17059594353695737	-0.24584596049946109	0.11895766618036807	-0.10369306014666296	0.08904831276933202	-0.11233109821828238	0.15839833418807223	-0.10228022647861061	0.08381665538936867
0.05023392983019488	-0.13264579776774313	0.0999270241978687	-0.08750672457028082	0.08026029572463429	-0.05703450900622554	0.12934007178244633	-0.15386838973776085	0.14417267636076825	-0.08479351157820393	0.19131795783245858	-0.24749994252329174	0.2151678693864769	-0.30313862827185195	0.14126830610636898	-0.20836138506905175	0.2560901677893007	-0.769632581476874	1.0000000000000027	-0.19333111459859928	0.11231320816722444	-0.18607428782010138	0.19003164678172596	-0.17467643268402244	0.1273639237914005	-0.09696680727255572	0.11531023586219737	-0.17104397738242572	0.12401909890510135	-0.11024232275917595
-0.041494266007284224	0.10067804483862289	-0.14220300930096721	0.11504451561206959	-0.19727993100477215	0.043956319874983704	-0.11060612640810448	0.12976192971344702	-0.16881717611280822	0.18374106626232076	-0.15936631431866677	0.12919353117120877	-0.18145639535302038	0.2575209922172688	-0.846787730791681	0.10994075128564643	-0.13464295840299606	0.13094917803283754	-0.19333111459859928	1.0000000000000022	-0.0577952093371677	0.07646757908217372	-0.07515048799909511	0.08880752894005357	-0.1389316501789426	0.04558904535625654	-0.05359562516056064	0.06401420093690911	-0.07525968269999364	0.10105299435086655
0.023399277970440103	-0.059623106968103766	0.042525969059521315	-0.03635376439102634	0.031628279618833924	-0.026288449592526027	0.06031416051367458	-0.05904309004070858	0.05888916484243973	-0.03299553604378245	0.15664553824222116	-0.10256011682063952	0.08416489640840882	-0.10175549720640509	0.04634798098102882	-0.1922986187174842	0.12435794995246266	-0.10824272564545367	0.11231320816722444	-0.0577952093371677	1.0000000000000027	-0.4575013970351579	0.2138179641990483	-0.056475263650879806	0.05264826896991718	-0.7525335279380183	0.3048797839902297	-0.2728348877527602	0.05140451626497054	-0.04703576804030877
-0.030081870537572417	0.0755749616289269	-0.05696037179690753	0.04805654282963264	-0.04238641919249577	0.033542296214089065	-0.07940274929356102	0.07836394909317908	-0.07956993183499853	0.04361827609503295	-0.18086937643721315	0.13295953406379146	-0.11673791839447571	0.12936229896518547	-0.06264798172405264	0.16256504021638232	-0.18310967867264738	0.17059594353695737	-0.18607428782010138	0.07646757908217372	-0.4575013970351579	1.0000000000000027	-0.5458856059758747	0.09055087857228135	-0.0828617142593123	0.27981681264848973	-0.5204844218145352	0.3173211547972209	-0.08311809333117753	0.06889655037673248
0.02672210976538701	-0.0684597215306325	0.051413787340687134	-0.04392413011644137	0.03916469991184816	-0.029992498523932286	0.06967888512407652	-0.07325472748206675	0.07232435127346169	-0.04064040553374384	0.13341235375953664	-0.1214735573484503	0.10733407515684003	-0.12512375600447936	0.060435222294778816	-0.12977924023866458	0.14594246773588157	-0.24584596049946109	0.19003164678172596	-0.07515048799909511	0.2138179641990483	-0.5458856059758747	1.000000000000003	-0.11928768625366185	0.08954891169265033	-0.20212615297598488	0.28753140303080005	-0.6856076117098997	0.09649353154382478	-0.07729986741815903
-0.018575692537242637	0.04730195725451114	-0.04134156311827053	0.03486142088509005	-0.037223061380109765	0.02058582052999046	-0.048040212350974484	0.05233941662349063	-0.05529417346033012	0.03758486255664379	-0.07738393903402953	0.07291332622801738	-0.07353117108390274	0.09930019967349198	-0.07207897208758438	0.06826294556720226	-0.07914745792726677	0.11895766618036807	-0.17467643268402244	0.08880752894005357	-0.056475263650879806	0.09055087857228135	-0.11928768625366185	1.0000000000000036	-0.5310404889900665	0.04814874460957668	-0.06326905346631893	0.09474189605027802	-0.7460027780802373	0.3190112824338964
0.020707058341551496	-0.05270966098803049	0.04870943400984174	-0.04113702162987669	0.04727044437781333	-0.02282994504920276	0.05306872016581359	-0.05809581117196838	0.06330248644792638	-0.048065127869681874	0.08214129872483389	-0.07517901258773259	0.0789372352000425	-0.11769720045642852	0.09921437994157328	-0.06997792917465867	0.077548721148951	-0.10369306014666296	0.1273639237914005	-0.1389316501789426	0.05264826896991718	-0.0828617142593123	0.08954891169265033	-0.5310404889900665	1.0000000000000042	-0.04501064062384482	0.0561173694534255	-0.08084956752534711	0.3196491955485971	-0.7481486171625835
-0.018429504557156015	0.0463865367969882	-0.03406194279947641	0.02887572810548044	-0.025299944383052587	0.02059462388754972	-0.04790005633518086	0.0466368023922538	-0.047198719078441274	0.02619134661269527	-0.13203782315163448	0.07848425742899603	-0.0675806798079096	0.07874994317773223	-0.0369776347944822	0.12707010027467042	-0.0973899531931503	0.08904831276933202	-0.09696680727255572	0.04558904535625654	-0.7525335279380183	0.27981681264848973	-0.20212615297598488	0.04814874460957668	-0.04501064062384482	1.0000000000000033	-0.5314198777925343	0.22487459579046687	-0.044595724389526616	0.039062139242458466
0.02062584455062095	-0.05258425034384608	0.03853619274582893	-0.032851580216284426	0.02894991870847544	-0.023127101310886265	0.05341854690648656	-0.05342398293716088	0.0535207468902732	-0.030076375529295558	0.1175724219658312	-0.08990878084823165	0.07676389531411346	-0.09185338117088274	0.043179405381727196	-0.1165489139924028	0.10808589852807764	-0.11233109821828238	0.11531023586219737	-0.05359562516056064	0.3048797839902297	-0.5204844218145352	0.28753140303080005	-0.06326905346631893	0.0561173694534255	-0.5314198777925343	1.0000000000000036	-0.541212696176051	0.05819048489649074	-0.04999500924730478
-0.02342970675377623	0.05909615925793217	-0.045530626349373944	0.03844910379746306	-0.0344926847782212	0.02611766653172974	-0.06148456515360408	0.06262808120261351	-0.06368564188213831	0.035443007483946166	-0.13259317367759374	0.10046235796099506	-0.0931167651285501	0.10495598246503579	-0.05245811192644221	0.11867753165472504	-0.12416068104962366	0.15839833418807223	-0.17104397738242572	0.06401420093690911	-0.2728348877527602	0.3173211547972209	-0.6856076117098997	0.09474189605027802	-0.08084956752534711	0.22487459579046687	-0.541212696176051	1.000000000000003	-0.09154656531495522	0.06886719044336753
0.016640779986775826	-0.042656435470537775	0.03618100030891199	-0.030721635649672986	0.032091128724232615	-0.018503074946618164	0.04265231282501802	-0.04641001038055748	0.048463370869704564	-0.032771719230362886	0.06797841919581706	-0.06482500787229337	0.06387520554056797	-0.08993564205051674	0.059557729537360785	-0.061192489084720726	0.06812912548114478	-0.10228022647861061	0.12401909890510135	-0.07525968269999364	0.05140451626497054	-0.08311809333117753	0.09649353154382478	-0.7460027780802373	0.3196491955485971	-0.044595724389526616	0.05819048489649074	-0.09154656531495522	1.000000000000003	-0.5555068146487366
-0.018099824888161566	0.04530012445346153	-0.043595006247290624	0.03612043935863426	-0.041958977761447	0.019800468835935857	-0.046872595742190104	0.05011161460047994	-0.05600248760239113	0.04141905278229466	-0.07615331957191485	0.0639059799135489	-0.06940543270954776	0.09492408639328087	-0.08494144522796786	0.060963534216806614	-0.0679946237639594	0.08381665538936867	-0.11024232275917595	0.10105299435086655	-0.04703576804030877	0.06889655037673248	-0.07729986741815903	0.3190112824338964	-0.7481486171625835	0.039062139242458466	-0.04999500924730478	0.06886719044336753	-0.5555068146487366	1.000000000000003
