1.0	-0.5106136047355891	0.3010417749246054	-0.14033672029522035	0.12026433309162657	-0.4192078598379922	0.23443550907325017	-0.21764716425721378	0.22007993869176667	-0.1384967778179434	0.24733652592705452	-0.2347343802838961	0.1929779369599411	-0.20941857342115433	0.17438258989832928	-0.265489063944754	0.19843358566325642	-0.2464731133121613	0.1638560310042258	-0.20897840561030032	0.1503070441594287	-0.15292211828737767	0.11941986564331225	-0.13662241183635307	0.17558987272678053	-0.13300630632633031	0.12846722488092688	-0.13535298474233376	0.13097289062150105	-0.14259343937874008	0.12122302163451062	-0.13103140173637387	0.12169397645344406	-0.11545919138067995	0.1066400499889434	-0.09480912764471322	0.10503747610159188	-0.11024271182156835	0.11496955129461896	-0.0803139433782283	0.11985073427071069	-0.09460782776810811	0.10587514898823973	-0.07961865489691838	0.08830554397708226
-0.5106136047355891	1.0000000000000002	-0.7655188157871399	0.13551524066050302	-0.12362194270640066	0.17700970651413628	-0.19486081188546506	0.15887805529860696	-0.14643204438274726	0.09783188998005082	-0.13878306196187712	0.13109144694192248	-0.12297360953685353	0.12342270423517684	-0.11766786789625819	0.13673082829301908	-0.1113563714041996	0.1363996303913085	-0.09516883622810203	0.11883860119550453	-0.0815428618243406	0.0825053695221314	-0.06516530735608013	0.07389409356484075	-0.09928183431656555	0.07132152055244562	-0.06982938123174037	0.0732567434035176	-0.07184838334094229	0.07795825096120237	-0.06591087990057831	0.07059275121137462	-0.06621848307896316	0.06254331981721135	-0.058184208414009723	0.05133564658485846	-0.05706340284241771	0.05968479189241721	-0.062665873906017	0.04365811563644687	-0.06535167070416238	0.05127545193501987	-0.057666339105478866	0.04322627645928154	-0.04811703584366328
0.3010417749246054	-0.7655188157871399	1.0	-0.22304222249058386	0.15855394520749147	-0.19856535341377043	0.19434627921381545	-0.20925338535801855	0.1847938624835816	-0.13096508846631705	0.15403765713917206	-0.1652846282309081	0.15269348221465753	-0.1636912893589076	0.15138992622582478	-0.1783138205883552	0.14084135432871678	-0.18527984242347006	0.1258286875783127	-0.16140300821271997	0.10628477024975264	-0.1088898205339474	0.08677392066245383	-0.09934419534736844	0.132054335654992	-0.09464042681077267	0.09222993911612723	-0.09814487361067827	0.09606441083049348	-0.10529012918532281	0.08750977790777585	-0.09455591460565041	0.08840056997939812	-0.0842216682501639	0.07797538163224789	-0.06857101632762916	0.07618223590925237	-0.08003020666553168	0.0839153111370559	-0.05859744269436732	0.08708557964010527	-0.0686666074576888	0.07706214867137173	-0.057980981903194166	0.06441125934166753
-0.14033672029522035	0.13551524066050302	-0.22304222249058386	0.9999999999999994	-0.871073067648304	0.09129991524415006	-0.10232290717827768	0.10123709768882586	-0.23618666457712978	0.23748567064957501	-0.08246463454975984	0.09151921379997911	-0.09506401977180678	0.11500700697651074	-0.2428236393794287	0.09457414143158531	-0.08218430361316716	0.11679045282189232	-0.08970351413236474	0.12357352531599947	-0.061854673014521425	0.06334857782585569	-0.053128677471572745	0.060497062946610704	-0.09461590872074356	0.054982119305263165	-0.05488816514168078	0.05941794859060032	-0.06094241182100778	0.06773379191720373	-0.05257436870427945	0.05622950944459538	-0.05389068865539532	0.05153312874785061	-0.048332283619941296	0.04113561729629529	-0.04609402116275146	0.048364051433982126	-0.05163895530563061	0.03593777081962838	-0.05300255176348846	0.041465856473929426	-0.047048193431463145	0.035324258675716175	-0.0395231777297757
0.12026433309162657	-0.12362194270640066	0.15855394520749147	-0.871073067648304	0.9999999999999997	-0.08532258070529375	0.09229447583162409	-0.09407058393276069	0.2001789865061219	-0.33995255200568963	0.07636639737528561	-0.08715703425492288	0.08828260613592775	-0.11097467000207233	0.20973770247084114	-0.0911254901054118	0.07787735667448764	-0.1146830223149553	0.08561713600320559	-0.12219835142621256	0.05910904214122747	-0.06090211813133979	0.05101447835023154	-0.058463261628908685	0.08899639093481039	-0.052870482726105505	0.052591945116134596	-0.05722937749651319	0.05827873833897958	-0.06544604390227422	0.050299008742605615	-0.054115468519890936	0.051628026035376286	-0.04958152020726294	0.04622712658425481	-0.039449748858568105	0.04414433390097665	-0.04645583406811544	0.049382777670216156	-0.03444681246624466	0.05062428980885858	-0.039768021192423876	0.04498779534297678	-0.033861077046971846	0.03778958874794075
-0.4192078598379922	0.17700970651413628	-0.19856535341377043	0.09129991524415006	-0.08532258070529375	1.0000000000000002	-0.38084648678786853	0.2255434863055962	-0.19141532236996925	0.10765466864408223	-0.6818647825868642	0.251277284443846	-0.20740088145793464	0.1729129486390249	-0.14200601597608248	0.24073951342704042	-0.2099209196770768	0.1821412424635796	-0.13418384925223922	0.15236869873379866	-0.1370239851175835	0.1291010484698232	-0.0957433613620318	0.10433086516669618	-0.1372586415975303	0.10897125781450855	-0.10782563880683121	0.10516328144997282	-0.10185505535868077	0.10589920405468906	-0.09845772720257431	0.10179201455409605	-0.0958125667844524	0.08692230155027708	-0.08184873751853271	0.07453100797939893	-0.08264893037535438	0.08491126626495225	-0.08865135484345753	0.06130521045688803	-0.09495667580479114	0.07325470605469392	-0.0826284753512974	0.061021597789184055	-0.0682167017552661
0.23443550907325017	-0.19486081188546506	0.19434627921381545	-0.10232290717827768	0.09229447583162409	-0.38084648678786853	1.0000000000000013	-0.7090248585265514	0.22102427542201733	-0.1294437346990464	0.2401655269624468	-0.29233075326072405	0.2757279108701132	-0.24221834051953356	0.15805930569530907	-0.2241814978481124	0.19702969427055028	-0.22886033661672608	0.16393816464419814	-0.18238940830177683	0.12753439117001852	-0.1307754008248351	0.09908779480521444	-0.11064600515339872	0.14774534804163092	-0.10876783960249738	0.1071121410060586	-0.10891208189120373	0.10585701914258049	-0.11391428153389492	0.09769625338729729	-0.10395736151120027	0.09734391681784994	-0.0901431675843985	0.08381391487547935	-0.07517356992433799	0.08333958051558377	-0.0868047971678984	0.09022952615457235	-0.06279307593509509	0.09495600333073449	-0.07433167896739404	0.08344108589833171	-0.06222750999841648	0.06921094377710221
-0.21764716425721378	0.15887805529860696	-0.20925338535801855	0.10123709768882586	-0.09407058393276069	0.2255434863055962	-0.7090248585265514	1.0000000000000007	-0.28222020190420627	0.13616964900165343	-0.21044911889069157	0.24075096965547926	-0.4638177574899703	0.23772195657513778	-0.16773641075944185	0.18274121627503662	-0.18438210594430202	0.20349664075232718	-0.1660462791785778	0.16818789809983026	-0.1132370868052125	0.11459834505410663	-0.08921530894288877	0.0982860253064502	-0.139753471956949	0.09539820468387372	-0.0959263358631938	0.0972403122840798	-0.09653024005488185	0.10302272569416633	-0.0881092917596907	0.09256575953230005	-0.08802324467070698	0.08132000631081371	-0.07650296612936834	0.06759610201409295	-0.07535882429729199	0.0781352699441295	-0.08230172736833292	0.05703944107204838	-0.08648988043500541	0.0671143970548945	-0.07594795272146988	0.05643539634012418	-0.06313830907765755
0.22007993869176667	-0.14643204438274726	0.1847938624835816	-0.23618666457712978	0.2001789865061219	-0.19141532236996925	0.22102427542201733	-0.28222020190420627	1.000000000000001	-0.5244185837549922	0.17705524890255117	-0.22130322476935374	0.22965973008587381	-0.3300878457420557	0.3185962685342688	-0.22158837789476346	0.1915163973445789	-0.30755723602354856	0.22235275346947267	-0.31201289483021805	0.14366770078871338	-0.15013122895192366	0.12572948975415615	-0.1454233552630814	0.210945644411134	-0.1292947531959503	0.12855428961096113	-0.14097328804197554	0.14196881332035524	-0.1629661192546225	0.12197709250065832	-0.1324245365341359	0.1256525696209926	-0.12130241135325964	0.11193225137313059	-0.0958782968669933	0.10710825954015048	-0.11328696457900793	0.11942735453858024	-0.0836417390428925	0.1221740524743375	-0.09660272132252999	0.10877857114773622	-0.08217029870605604	0.09131408959149409
-0.1384967778179434	0.09783188998005082	-0.13096508846631705	0.23748567064957501	-0.33995255200568963	0.10765466864408223	-0.1294437346990464	0.13616964900165343	-0.5244185837549922	1.0000000000000004	-0.1022499572111344	0.12198420435314253	-0.13560080801113153	0.18180918131531437	-0.6806669949545994	0.12167370451730376	-0.10960260995557317	0.16765245184484479	-0.13769296172583217	0.19759707790105338	-0.08173133389828333	0.08442572115212202	-0.07220982861284135	0.08249996025931483	-0.1374738805068765	0.07289634783137035	-0.07333974167805246	0.08028158390224817	-0.08361679636458341	0.09471988830046957	-0.06999670364875092	0.07503848038337443	-0.07237080020903	0.0695326273297134	-0.06512038976074656	0.05480219858941468	-0.06152280661334053	0.06475613436875981	-0.0692497710062901	0.04826053758667185	-0.07059467245086604	0.05532803951119764	-0.06284668687605523	0.04726995287830859	-0.05288661698349588
0.24733652592705452	-0.13878306196187712	0.15403765713917206	-0.08246463454975984	0.07636639737528561	-0.6818647825868642	0.2401655269624468	-0.21044911889069157	0.17705524890255117	-0.1022499572111344	0.9999999999999999	-0.4180504423800254	0.2105095131859158	-0.1856853043915409	0.13539889876982714	-0.3941164890881707	0.2522603731733683	-0.19819084283325522	0.1396206736954591	-0.15755326678731946	0.15988241274030832	-0.15298261655947212	0.10469651001799932	-0.11444906838854986	0.13996102143225025	-0.12674258440871605	0.12096198286201189	-0.11483163026378648	0.10749185050110643	-0.11149753531572133	0.10634804526512202	-0.11119430705389842	0.10221988346306145	-0.09156726037555518	0.08501137590663847	-0.08011076423105187	0.08785238681460664	-0.09044441845847123	0.09216236437045529	-0.06398775700861915	0.09958028584356833	-0.0775836113724736	0.0864556001294082	-0.06389605375681999	0.07086339808686981
-0.2347343802838961	0.13109144694192248	-0.1652846282309081	0.09151921379997911	-0.08715703425492288	0.251277284443846	-0.29233075326072405	0.24075096965547926	-0.22130322476935374	0.12198420435314253	-0.4180504423800254	1.0000000000000024	-0.4715607767577382	0.2429916563447361	-0.16837252039393366	0.28838249150977985	-0.5463346718006218	0.23418814664130058	-0.18626099170692545	0.18090334333929758	-0.17550132131269333	0.18260556695996896	-0.12313322604665126	0.12853696079196003	-0.16596701436890643	0.13662303786375965	-0.14367915757758914	0.12971803299583864	-0.12353256073889031	0.12525772840088836	-0.11994193055696249	0.12328396437113556	-0.1163311083833253	0.10250385400257495	-0.09653120984938024	0.08946355153140814	-0.09913622886819785	0.1013358465135049	-0.1045831294247302	0.07215782119546094	-0.11303951387990605	0.08697264330865327	-0.09801082402118443	0.07191424102943139	-0.08035482168557723
0.1929779369599411	-0.12297360953685353	0.15269348221465753	-0.09506401977180678	0.08828260613592775	-0.20740088145793464	0.2757279108701132	-0.4638177574899703	0.22965973008587381	-0.13560080801113153	0.2105095131859158	-0.4715607767577382	0.9999999999999986	-0.5426782352531243	0.1798944095849312	-0.21678205672769488	0.23413642285715344	-0.29832128416323545	0.23675641776603393	-0.20859519451475794	0.13018829607794868	-0.13700562859042503	0.10414415777206033	-0.11392627362487119	0.16193819180794705	-0.10960754409973665	0.11073001237614104	-0.11113437817558458	0.10966891129392452	-0.11712633708536313	0.09914937878941854	-0.10454012136985366	0.09923456861596086	-0.09096537331199485	0.08530190496887305	-0.07581126050958849	0.08437850965120468	-0.08758747883743113	0.09159725185486729	-0.06352542044512265	0.09630763458500238	-0.07490853086379873	0.0845916846599499	-0.06281512497205499	0.07016188161604446
-0.20941857342115433	0.12342270423517684	-0.1636912893589076	0.11500700697651074	-0.11097467000207233	0.1729129486390249	-0.24221834051953356	0.23772195657513778	-0.3300878457420557	0.18180918131531437	-0.1856853043915409	0.2429916563447361	-0.5426782352531243	1.0000000000000002	-0.2873428714778018	0.19150446759320844	-0.21631525809468272	0.30472188289719065	-0.5225544869049282	0.26039749284350083	-0.13186061813498914	0.13405889857573952	-0.11304184114737705	0.12267946428857605	-0.20737994522265846	0.11192382208130469	-0.11554716543332143	0.1197311165570579	-0.1250255578504185	0.13391249640150635	-0.10744917485673816	0.11186574390614286	-0.10938539701704203	0.10146382031216333	-0.09695904486867156	0.0825367415664872	-0.09289105931149583	0.09624431363072274	-0.10355631803961464	0.07146698785330768	-0.1073364489205998	0.08264716290501811	-0.09468444447962643	0.07023487646643334	-0.07921950165181467
0.17438258989832928	-0.11766786789625819	0.15138992622582478	-0.2428236393794287	0.20973770247084114	-0.14200601597608248	0.15805930569530907	-0.16773641075944185	0.3185962685342688	-0.6806669949545994	0.13539889876982714	-0.16837252039393366	0.1798944095849312	-0.2873428714778018	0.9999999999999996	-0.16881340060129457	0.15043937127917156	-0.25021538934949855	0.20140297035801624	-0.35466923057409255	0.11340798333650226	-0.11834121844681228	0.10196676869536002	-0.11776972468739366	0.19395518464804923	-0.10198157507200495	0.10249766697506127	-0.11357116369288402	0.11797020319646727	-0.1376178030807301	0.09747883413815096	-0.10531718988793626	0.10131464086028351	-0.09807983328417395	0.091056376092131	-0.0765250403177529	0.0858408660349727	-0.09080465942380529	0.09659730907139571	-0.06756998498635582	0.09807996348376707	-0.07729480014429106	0.0875216522345135	-0.06607090354710415	0.07368060708019156
-0.265489063944754	0.13673082829301908	-0.1783138205883552	0.09457414143158531	-0.0911254901054118	0.24073951342704042	-0.2241814978481124	0.18274121627503662	-0.22158837789476346	0.12167370451730376	-0.3941164890881707	0.28838249150977985	-0.21678205672769488	0.19150446759320844	-0.16881340060129457	0.9999999999999989	-0.5577567934607255	0.22757211451946127	-0.16487859056268997	0.18747115339012288	-0.41152896664524335	0.2584891222473709	-0.16470295222577094	0.16720417107830518	-0.19308914797334428	0.2213879688909383	-0.21381068594270125	0.17625666017534378	-0.161066912864865	0.15548401835039766	-0.1816050301311704	0.17391436903280916	-0.16107285218976355	0.13503103989235918	-0.12761471433801796	0.12828417832032235	-0.1398484189432852	0.1388855061203723	-0.14011783166243552	0.09616348558868655	-0.159936621728557	0.12056855265390604	-0.1348014042075728	0.09712643254062814	-0.10836098333476317
0.19843358566325642	-0.1113563714041996	0.14084135432871678	-0.08218430361316716	0.07787735667448764	-0.2099209196770768	0.19702969427055028	-0.18438210594430202	0.1915163973445789	-0.10960260995557317	0.2522603731733683	-0.5463346718006218	0.23413642285715344	-0.21631525809468272	0.15043937127917156	-0.5577567934607255	1.0000000000000007	-0.29666446197463764	0.17770004473895254	-0.18575327284430046	0.24012950500214697	-0.33831608966643545	0.15746470428420778	-0.16509424645321075	0.17293060063389842	-0.1896745633914503	0.19317250950847756	-0.16461389520890357	0.1428770702894517	-0.14238378325345766	0.14571066053321752	-0.1541391506825917	0.13866710564686205	-0.11797236443885416	0.10803574978909099	-0.1075019406590292	0.11681917325596503	-0.11990348260222385	0.11748262090210089	-0.08156658481911255	0.12957689511705597	-0.1014616553121799	0.1117876344507317	-0.08189704307795372	0.09014400385066221
-0.2464731133121613	0.1363996303913085	-0.18527984242347006	0.11679045282189232	-0.1146830223149553	0.1821412424635796	-0.22886033661672608	0.20349664075232718	-0.30755723602354856	0.16765245184484479	-0.19819084283325522	0.23418814664130058	-0.29832128416323545	0.30472188289719065	-0.25021538934949855	0.22757211451946127	-0.29666446197463764	1.0000000000000007	-0.6155824861360357	0.2964823093161712	-0.17173902069529515	0.1749274361336944	-0.17320843597110683	0.16911947357150622	-0.2878696841046556	0.1449005126844145	-0.15391072990630478	0.16086203971846771	-0.17150179993934017	0.1753336546089084	-0.14354272530705964	0.14711123488225258	-0.14817966729829743	0.13520493088060279	-0.13166109501358791	0.10980574207863236	-0.12464641032137246	0.12844048295597585	-0.14051930319761818	0.09622538429677341	-0.14509971951552747	0.11043165312364782	-0.12812584132758692	0.09437803289440083	-0.10740874058325323
0.1638560310042258	-0.09516883622810203	0.1258286875783127	-0.08970351413236474	0.08561713600320559	-0.13418384925223922	0.16393816464419814	-0.1660462791785778	0.22235275346947267	-0.13769296172583217	0.1396206736954591	-0.18626099170692545	0.23675641776603393	-0.5225544869049282	0.20140297035801624	-0.16487859056268997	0.17770004473895254	-0.6155824861360357	0.9999999999999978	-0.45358033098915657	0.11620074256041689	-0.12138023759529071	0.11222025206007437	-0.12280976686236074	0.22099123570723989	-0.10072800351014626	0.1046627251733454	-0.11313777337876132	0.12093080710594357	-0.13481256776712144	0.09719536534712263	-0.10218921996093391	0.10124296246669423	-0.0948377918370536	0.09021836683122304	-0.07501756093587768	0.08472792653091618	-0.0885485819596955	0.09545933766875271	-0.0660767523025793	0.09739828445494236	-0.07540428845415363	0.08654639646404552	-0.06447705350983313	0.07268681554592538
-0.20897840561030032	0.11883860119550453	-0.16140300821271997	0.12357352531599947	-0.12219835142621256	0.15236869873379866	-0.18238940830177683	0.16818789809983026	-0.31201289483021805	0.19759707790105338	-0.15755326678731946	0.18090334333929758	-0.20859519451475794	0.26039749284350083	-0.35466923057409255	0.18747115339012288	-0.18575327284430046	0.2964823093161712	-0.45358033098915657	0.9999999999999953	-0.14878671351479586	0.1518516617437692	-0.14902201627552564	0.16733783211875305	-0.555472005331943	0.13293406564017585	-0.14007813565820443	0.1601909452324285	-0.19568169080176948	0.22414181024542293	-0.13638257127916423	0.14275092311258328	-0.14690828715685636	0.14217934343406335	-0.13850359317756875	0.10635307212020158	-0.12172401547583311	0.12781176920341183	-0.14344684658697854	0.09907164318835567	-0.14102023320804052	0.10873028100120745	-0.12692058281967583	0.09508247027118896	-0.1083836482100258
0.1503070441594287	-0.0815428618243406	0.10628477024975264	-0.061854673014521425	0.05910904214122747	-0.1370239851175835	0.12753439117001852	-0.1132370868052125	0.14366770078871338	-0.08173133389828333	0.15988241274030832	-0.17550132131269333	0.13018829607794868	-0.13186061813498914	0.11340798333650226	-0.41152896664524335	0.24012950500214697	-0.17173902069529515	0.11620074256041689	-0.14878671351479586	0.9999999999999972	-0.5145601181177406	0.1952010852062843	-0.20571716823713906	0.15996021206406819	-0.5786070317485585	0.3018096654896791	-0.2208162704389447	0.16525447103241384	-0.15612800990759404	0.22644455639419248	-0.22725124555740736	0.17770093808069223	-0.13863962182557021	0.12161072234426049	-0.15759948528297912	0.15424399267739622	-0.1537397181568146	0.13460817589016744	-0.0943119348378061	0.16266790674494402	-0.1304206755107655	0.13472479678160476	-0.0973488213931512	0.10371334695316832
-0.15292211828737767	0.0825053695221314	-0.1088898205339474	0.06334857782585569	-0.06090211813133979	0.1291010484698232	-0.1307754008248351	0.11459834505410663	-0.15013122895192366	0.08442572115212202	-0.15298261655947212	0.18260556695996896	-0.13700562859042503	0.13405889857573952	-0.11834121844681228	0.2584891222473709	-0.33831608966643545	0.1749274361336944	-0.12138023759529071	0.1518516617437692	-0.5145601181177406	0.9999999999999979	-0.3357604617027227	0.23612815439724513	-0.17709558263567796	0.29926850570228697	-0.5465753737761498	0.2536537532937432	-0.19474568972619052	0.16516022794490445	-0.21385097904932795	0.21569604903703826	-0.20108337301320411	0.1459919788401372	-0.13194315994469716	0.14479977802087216	-0.15851376122890698	0.15787632858411224	-0.14541439092479444	0.09997760648731105	-0.16900487144678952	0.13054523037696997	-0.14314042636346602	0.10166248637583444	-0.11110101211005205
0.11941986564331225	-0.06516530735608013	0.08677392066245383	-0.053128677471572745	0.05101447835023154	-0.0957433613620318	0.09908779480521444	-0.08921530894288877	0.12572948975415615	-0.07220982861284135	0.10469651001799932	-0.12313322604665126	0.10414415777206033	-0.11304184114737705	0.10196676869536002	-0.16470295222577094	0.15746470428420778	-0.17320843597110683	0.11222025206007437	-0.14902201627552564	0.1952010852062843	-0.3357604617027227	0.9999999999999976	-0.7673380232556481	0.18707088505915692	-0.17933755281850897	0.2234915948868922	-0.37753308223425847	0.2314049221307893	-0.19264281601467845	0.1534615216719035	-0.1761117547703177	0.19530278322213437	-0.15018657307684932	0.12743647627439977	-0.11612696334700198	0.13254270624249295	-0.15016043448490823	0.1357852034723033	-0.0946761780301425	0.13904266554171063	-0.11302688239310225	0.12690891200032178	-0.09313017920777164	0.10115622195480124
-0.13662241183635307	0.07389409356484075	-0.09934419534736844	0.060497062946610704	-0.058463261628908685	0.10433086516669618	-0.11064600515339872	0.0982860253064502	-0.1454233552630814	0.08249996025931483	-0.11444906838854986	0.12853696079196003	-0.11392627362487119	0.12267946428857605	-0.11776972468739366	0.16720417107830518	-0.16509424645321075	0.16911947357150622	-0.12280976686236074	0.16733783211875305	-0.20571716823713906	0.23612815439724513	-0.7673380232556481	0.9999999999999972	-0.25709706207192573	0.1741760955683203	-0.22019674819561214	0.2708412250960127	-0.32550104769568156	0.2177179503877298	-0.16998481620692735	0.17908108938456335	-0.21120015716866708	0.16788461672136837	-0.15206744355825397	0.12701727227662277	-0.1477885050419178	0.15834689277529948	-0.16046002228926434	0.10974707309550154	-0.16164972430358657	0.1261194578972647	-0.14681383840392798	0.10666748136897682	-0.11929079390452446
0.17558987272678053	-0.09928183431656555	0.132054335654992	-0.09461590872074356	0.08899639093481039	-0.1372586415975303	0.14774534804163092	-0.139753471956949	0.210945644411134	-0.1374738805068765	0.13996102143225025	-0.16596701436890643	0.16193819180794705	-0.20737994522265846	0.19395518464804923	-0.19308914797334428	0.17293060063389842	-0.2878696841046556	0.22099123570723989	-0.555472005331943	0.15996021206406819	-0.17709558263567796	0.18707088505915692	-0.25709706207192573	0.999999999999995	-0.15297656582178396	0.16179810231163205	-0.21450332637082078	0.2640858370624717	-0.5209313761735711	0.14936352433919445	-0.1690594441209166	0.17182620435604987	-0.18374082770662148	0.16164616138685664	-0.11911915366284327	0.13552562920238226	-0.15072157830137814	0.16000543477098425	-0.11619618241752742	0.1494354888449648	-0.12205002172983978	0.13808942044625838	-0.10782769237401099	0.1186503456940512
-0.13300630632633031	0.07132152055244562	-0.09464042681077267	0.054982119305263165	-0.052870482726105505	0.10897125781450855	-0.10876783960249738	0.09539820468387372	-0.1292947531959503	0.07289634783137035	-0.12674258440871605	0.13662303786375965	-0.10960754409973665	0.11192382208130469	-0.10198157507200495	0.2213879688909383	-0.1896745633914503	0.1449005126844145	-0.10072800351014626	0.13293406564017585	-0.5786070317485585	0.29926850570228697	-0.17933755281850897	0.1741760955683203	-0.15297656582178396	0.9999999999999944	-0.5163183600026201	0.22935035737428544	-0.17171138974440886	0.1503880855951108	-0.4149663824172489	0.25510697151479345	-0.20402547945700036	0.1427548097820387	-0.12838430012034577	0.19435378892906793	-0.18687498497974145	0.16826378630948854	-0.1452561068249061	0.10020791823265403	-0.20112093867119904	0.14791182829297028	-0.15252876084843783	0.10551652282073296	-0.11315687402830948
0.12846722488092688	-0.06982938123174037	0.09222993911612723	-0.05488816514168078	0.052591945116134596	-0.10782563880683121	0.1071121410060586	-0.0959263358631938	0.12855428961096113	-0.07333974167805246	0.12096198286201189	-0.14367915757758914	0.11073001237614104	-0.11554716543332143	0.10249766697506127	-0.21381068594270125	0.19317250950847756	-0.15391072990630478	0.1046627251733454	-0.14007813565820443	0.3018096654896791	-0.5465753737761498	0.2234915948868922	-0.22019674819561214	0.16179810231163205	-0.5163183600026201	0.999999999999994	-0.41780597315870155	0.1998741988642078	-0.17423011815993417	0.2417537713154648	-0.3172960997364084	0.22990284842401248	-0.15558958794549504	0.13276156785336726	-0.16558695453583244	0.175800124143422	-0.17974944846278273	0.14715663368018883	-0.10254058615911102	0.1741627247609718	-0.14155230710075123	0.14833215529135502	-0.10548980409919481	0.11199212635016349
-0.13535298474233376	0.0732567434035176	-0.09814487361067827	0.05941794859060032	-0.05722937749651319	0.10516328144997282	-0.10891208189120373	0.0972403122840798	-0.14097328804197554	0.08028158390224817	-0.11483163026378648	0.12971803299583864	-0.11113437817558458	0.1197311165570579	-0.11357116369288402	0.17625666017534378	-0.16461389520890357	0.16086203971846771	-0.11313777337876132	0.1601909452324285	-0.2208162704389447	0.2536537532937432	-0.37753308223425847	0.2708412250960127	-0.21450332637082078	0.22935035737428544	-0.41780597315870155	0.9999999999999949	-0.42894802209701605	0.2427738416844851	-0.22403505105302032	0.2573574616184822	-0.4899571574128428	0.2149720998261782	-0.1839426581995777	0.16603149718028148	-0.20323462965030506	0.23706237441309025	-0.20033696565153633	0.1356278169890018	-0.2023844749642273	0.1641688458666546	-0.1937152107247143	0.1347726487918255	-0.14704104006975804
0.13097289062150105	-0.07184838334094229	0.09606441083049348	-0.06094241182100778	0.05827873833897958	-0.10185505535868077	0.10585701914258049	-0.09653024005488185	0.14196881332035524	-0.08361679636458341	0.10749185050110643	-0.12353256073889031	0.10966891129392452	-0.1250255578504185	0.11797020319646727	-0.161066912864865	0.1428770702894517	-0.17150179993934017	0.12093080710594357	-0.19568169080176948	0.16525447103241384	-0.19474568972619052	0.2314049221307893	-0.32550104769568156	0.2640858370624717	-0.17171138974440886	0.1998741988642078	-0.42894802209701605	0.9999999999999916	-0.6410266076540707	0.1648801922147871	-0.1976295522698463	0.22974158474297585	-0.31740490492368906	0.20790203257247888	-0.13187510880172912	0.15373306525337976	-0.1846488159691396	0.19481101525488478	-0.14128731515935375	0.16000943398682596	-0.1356245196202817	0.15466577974580714	-0.12381071336549399	0.13485420536873455
-0.14259343937874008	0.07795825096120237	-0.10529012918532281	0.06773379191720373	-0.06544604390227422	0.10589920405468906	-0.11391428153389492	0.10302272569416633	-0.1629661192546225	0.09471988830046957	-0.11149753531572133	0.12525772840088836	-0.11712633708536313	0.13391249640150635	-0.1376178030807301	0.15548401835039766	-0.14238378325345766	0.1753336546089084	-0.13481256776712144	0.22414181024542293	-0.15612800990759404	0.16516022794490445	-0.19264281601467845	0.2177179503877298	-0.5209313761735711	0.1503880855951108	-0.17423011815993417	0.2427738416844851	-0.6410266076540707	0.9999999999999908	-0.1610015494494463	0.1746219279743008	-0.20696070002267405	0.22510742623098048	-0.23443029793835454	0.12689063276819823	-0.14996532101191043	0.1656261433869099	-0.20018228728133766	0.1433439138408721	-0.16577438774665493	0.1327254405042446	-0.15829027443239155	0.12424343403940734	-0.14274677526468174
0.12122302163451062	-0.06591087990057831	0.08750977790777585	-0.05257436870427945	0.050299008742605615	-0.09845772720257431	0.09769625338729729	-0.0881092917596907	0.12197709250065832	-0.06999670364875092	0.10634804526512202	-0.11994193055696249	0.09914937878941854	-0.10744917485673816	0.09747883413815096	-0.1816050301311704	0.14571066053321752	-0.14354272530705964	0.09719536534712263	-0.13638257127916423	0.22644455639419248	-0.21385097904932795	0.1534615216719035	-0.16998481620692735	0.14936352433919445	-0.4149663824172489	0.2417537713154648	-0.22403505105302032	0.1648801922147871	-0.1610015494494463	0.9999999999999908	-0.5338249642227831	0.235218291867529	-0.16620317530520207	0.140662327483113	-0.5243989638249014	0.28005427166973385	-0.23275749109420604	0.16395609928403862	-0.11706596897328754	0.2717504120355731	-0.22213486060620197	0.18793921441234557	-0.131082893349962	0.13023610434667726
-0.13103140173637387	0.07059275121137462	-0.09455591460565041	0.05622950944459538	-0.054115468519890936	0.10179201455409605	-0.10395736151120027	0.09256575953230005	-0.1324245365341359	0.07503848038337443	-0.11119430705389842	0.12328396437113556	-0.10454012136985366	0.11186574390614286	-0.10531718988793626	0.17391436903280916	-0.1541391506825917	0.14711123488225258	-0.10218921996093391	0.14275092311258328	-0.22725124555740736	0.21569604903703826	-0.1761117547703177	0.17908108938456335	-0.1690594441209166	0.25510697151479345	-0.3172960997364084	0.2573574616184822	-0.1976295522698463	0.1746219279743008	-0.5338249642227831	0.9999999999999926	-0.4377024603954055	0.19639343629934342	-0.1761726574422866	0.283924403540296	-0.41992724039723145	0.28017081266034466	-0.20894544522611383	0.14135535824329717	-0.30276726424875944	0.23450811208501207	-0.23849825545033138	0.15431994701035898	-0.16282673504406947
0.12169397645344406	-0.06621848307896316	0.08840056997939812	-0.05389068865539532	0.051628026035376286	-0.0958125667844524	0.09734391681784994	-0.08802324467070698	0.1256525696209926	-0.07237080020903	0.10221988346306145	-0.1163311083833253	0.09923456861596086	-0.10938539701704203	0.10131464086028351	-0.16107285218976355	0.13866710564686205	-0.14817966729829743	0.10124296246669423	-0.14690828715685636	0.17770093808069223	-0.20108337301320411	0.19530278322213437	-0.21120015716866708	0.17182620435604987	-0.20402547945700036	0.22990284842401248	-0.4899571574128428	0.22974158474297585	-0.20696070002267405	0.235218291867529	-0.4377024603954055	0.9999999999999905	-0.28918754555893855	0.19458606945767803	-0.20003443832692053	0.2580679646286261	-0.5276644052758164	0.22339592884348	-0.15572764376489792	0.21438534987904517	-0.2058802527452993	0.2293204901551687	-0.1613810361505964	0.1597412018823886
-0.11545919138067995	0.06254331981721135	-0.0842216682501639	0.05153312874785061	-0.04958152020726294	0.08692230155027708	-0.0901431675843985	0.08132000631081371	-0.12130241135325964	0.0695326273297134	-0.09156726037555518	0.10250385400257495	-0.09096537331199485	0.10146382031216333	-0.09807983328417395	0.13503103989235918	-0.11797236443885416	0.13520493088060279	-0.0948377918370536	0.14217934343406335	-0.13863962182557021	0.1459919788401372	-0.15018657307684932	0.16788461672136837	-0.18374082770662148	0.1427548097820387	-0.15558958794549504	0.2149720998261782	-0.31740490492368906	0.22510742623098048	-0.16620317530520207	0.19639343629934342	-0.28918754555893855	0.9999999999999933	-0.6379861070977388	0.1419303779033976	-0.17693843287735778	0.2220178296608595	-0.47710067431012115	0.29142283014300335	-0.18075223052265738	0.16331574387587863	-0.20334454563586948	0.1982393452535281	-0.23411403408524223
0.1066400499889434	-0.058184208414009723	0.07797538163224789	-0.048332283619941296	0.04622712658425481	-0.08184873751853271	0.08381391487547935	-0.07650296612936834	0.11193225137313059	-0.06512038976074656	0.08501137590663847	-0.09653120984938024	0.08530190496887305	-0.09695904486867156	0.091056376092131	-0.12761471433801796	0.10803574978909099	-0.13166109501358791	0.09021836683122304	-0.13850359317756875	0.12161072234426049	-0.13194315994469716	0.12743647627439977	-0.15206744355825397	0.16164616138685664	-0.12838430012034577	0.13276156785336726	-0.1839426581995777	0.20790203257247888	-0.23443029793835454	0.140662327483113	-0.1761726574422866	0.19458606945767803	-0.6379861070977388	0.9999999999999898	-0.1255951547121165	0.14950795481648427	-0.19571380272158803	0.3166407398060622	-0.5479956633197209	0.1526267681823042	-0.15261667026476483	0.17760579752941202	-0.220396556192004	0.2337433583448919
-0.09480912764471322	0.05133564658485846	-0.06857101632762916	0.04113561729629529	-0.039449748858568105	0.07453100797939893	-0.07517356992433799	0.06759610201409295	-0.0958782968669933	0.05480219858941468	-0.08011076423105187	0.08946355153140814	-0.07581126050958849	0.0825367415664872	-0.0765250403177529	0.12828417832032235	-0.1075019406590292	0.10980574207863236	-0.07501756093587768	0.10635307212020158	-0.15759948528297912	0.14479977802087216	-0.11612696334700198	0.12701727227662277	-0.11911915366284327	0.19435378892906793	-0.16558695453583244	0.16603149718028148	-0.13187510880172912	0.12689063276819823	-0.5243989638249014	0.283924403540296	-0.20003443832692053	0.1419303779033976	-0.1255951547121165	0.9999999999999912	-0.5063474569713925	0.23135621570938633	-0.15570572139605313	0.10908268101657947	-0.5532245874319951	0.2691747356385986	-0.21101843678554003	0.13061378931823808	-0.12926567669892355
0.10503747610159188	-0.05706340284241771	0.07618223590925237	-0.04609402116275146	0.04414433390097665	-0.08264893037535438	0.08333958051558377	-0.07535882429729199	0.10710825954015048	-0.06152280661334053	0.08785238681460664	-0.09913622886819785	0.08437850965120468	-0.09289105931149583	0.0858408660349727	-0.1398484189432852	0.11681917325596503	-0.12464641032137246	0.08472792653091618	-0.12172401547583311	0.15424399267739622	-0.15851376122890698	0.13254270624249295	-0.1477885050419178	0.13552562920238226	-0.18687498497974145	0.175800124143422	-0.20323462965030506	0.15373306525337976	-0.14996532101191043	0.28005427166973385	-0.41992724039723145	0.2580679646286261	-0.17693843287735778	0.14950795481648427	-0.5063474569713925	0.9999999999999897	-0.46659779158318015	0.19088607985394448	-0.1358414292949366	0.3110735087522616	-0.44040155893282307	0.26554297949165523	-0.16659907525038758	0.1545174841119749
-0.11024271182156835	0.05968479189241721	-0.08003020666553168	0.048364051433982126	-0.04645583406811544	0.08491126626495225	-0.0868047971678984	0.0781352699441295	-0.11328696457900793	0.06475613436875981	-0.09044441845847123	0.1013358465135049	-0.08758747883743113	0.09624431363072274	-0.09080465942380529	0.1388855061203723	-0.11990348260222385	0.12844048295597585	-0.0885485819596955	0.12781176920341183	-0.1537397181568146	0.15787632858411224	-0.15016043448490823	0.15834689277529948	-0.15072157830137814	0.16826378630948854	-0.17974944846278273	0.23706237441309025	-0.1846488159691396	0.1656261433869099	-0.23275749109420604	0.28017081266034466	-0.5276644052758164	0.2220178296608595	-0.19571380272158803	0.23135621570938633	-0.46659779158318015	0.9999999999999917	-0.3163187374440159	0.1812454401475978	-0.27227755849599866	0.2709690244789631	-0.4364966777356627	0.21070567130083107	-0.20995649312579473
0.11496955129461896	-0.062665873906017	0.0839153111370559	-0.05163895530563061	0.049382777670216156	-0.08865135484345753	0.09022952615457235	-0.08230172736833292	0.11942735453858024	-0.0692497710062901	0.09216236437045529	-0.1045831294247302	0.09159725185486729	-0.10355631803961464	0.09659730907139571	-0.14011783166243552	0.11748262090210089	-0.14051930319761818	0.09545933766875271	-0.14344684658697854	0.13460817589016744	-0.14541439092479444	0.1357852034723033	-0.16046002228926434	0.16000543477098425	-0.1452561068249061	0.14715663368018883	-0.20033696565153633	0.19481101525488478	-0.20018228728133766	0.16395609928403862	-0.20894544522611383	0.22339592884348	-0.47710067431012115	0.3166407398060622	-0.15570572139605313	0.19088607985394448	-0.3163187374440159	0.9999999999999918	-0.5700350892161022	0.18365116858120878	-0.19885351386287245	0.2335066180377052	-0.3398659033475251	0.28220205682042765
-0.0803139433782283	0.04365811563644687	-0.05859744269436732	0.03593777081962838	-0.03444681246624466	0.06130521045688803	-0.06279307593509509	0.05703944107204838	-0.0836417390428925	0.04826053758667185	-0.06398775700861915	0.07215782119546094	-0.06352542044512265	0.07146698785330768	-0.06756998498635582	0.09616348558868655	-0.08156658481911255	0.09622538429677341	-0.0660767523025793	0.09907164318835567	-0.0943119348378061	0.09997760648731105	-0.0946761780301425	0.10974707309550154	-0.11619618241752742	0.10020791823265403	-0.10254058615911102	0.1356278169890018	-0.14128731515935375	0.1433439138408721	-0.11706596897328754	0.14135535824329717	-0.15572764376489792	0.29142283014300335	-0.5479956633197209	0.10908268101657947	-0.1358414292949366	0.1812454401475978	-0.5700350892161022	0.999999999999991	-0.1384163938294664	0.14338383307576263	-0.19120509561606547	0.2603419067762297	-0.47161751987083234
0.11985073427071069	-0.06535167070416238	0.08708557964010527	-0.05300255176348846	0.05062428980885858	-0.09495667580479114	0.09495600333073449	-0.08648988043500541	0.1221740524743375	-0.07059467245086604	0.09958028584356833	-0.11303951387990605	0.09630763458500238	-0.1073364489205998	0.09807996348376707	-0.159936621728557	0.12957689511705597	-0.14509971951552747	0.09739828445494236	-0.14102023320804052	0.16266790674494402	-0.16900487144678952	0.13904266554171063	-0.16164972430358657	0.1494354888449648	-0.20112093867119904	0.1741627247609718	-0.2023844749642273	0.16000943398682596	-0.16577438774665493	0.2717504120355731	-0.30276726424875944	0.21438534987904517	-0.18075223052265738	0.1526267681823042	-0.5532245874319951	0.3110735087522616	-0.27227755849599866	0.18365116858120878	-0.1384163938294664	0.9999999999999909	-0.5546483465509304	0.2631759699456576	-0.17895716992160832	0.1586038914108036
-0.09460782776810811	0.05127545193501987	-0.0686666074576888	0.041465856473929426	-0.039768021192423876	0.07325470605469392	-0.07433167896739404	0.0671143970548945	-0.09660272132252999	0.05532803951119764	-0.0775836113724736	0.08697264330865327	-0.07490853086379873	0.08264716290501811	-0.07729480014429106	0.12056855265390604	-0.1014616553121799	0.11043165312364782	-0.07540428845415363	0.10873028100120745	-0.1304206755107655	0.13054523037696997	-0.11302688239310225	0.1261194578972647	-0.12205002172983978	0.14791182829297028	-0.14155230710075123	0.1641688458666546	-0.1356245196202817	0.1327254405042446	-0.22213486060620197	0.23450811208501207	-0.2058802527452993	0.16331574387587863	-0.15261667026476483	0.2691747356385986	-0.44040155893282307	0.2709690244789631	-0.19885351386287245	0.14338383307576263	-0.5546483465509304	0.9999999999999902	-0.551171889018096	0.21023384492326797	-0.20192160345291216
0.10587514898823973	-0.057666339105478866	0.07706214867137173	-0.047048193431463145	0.04498779534297678	-0.0826284753512974	0.08344108589833171	-0.07594795272146988	0.10877857114773622	-0.06284668687605523	0.0864556001294082	-0.09801082402118443	0.0845916846599499	-0.09468444447962643	0.0875216522345135	-0.1348014042075728	0.1117876344507317	-0.12812584132758692	0.08654639646404552	-0.12692058281967583	0.13472479678160476	-0.14314042636346602	0.12690891200032178	-0.14681383840392798	0.13808942044625838	-0.15252876084843783	0.14833215529135502	-0.1937152107247143	0.15466577974580714	-0.15829027443239155	0.18793921441234557	-0.23849825545033138	0.2293204901551687	-0.20334454563586948	0.17760579752941202	-0.21101843678554003	0.26554297949165523	-0.4364966777356627	0.2335066180377052	-0.19120509561606547	0.2631759699456576	-0.551171889018096	0.9999999999999908	-0.4623131540453046	0.2529856516228183
