1.0000000000000002	-0.656938889995081	0.29277472806864	-0.14699423513550625	0.10555649032371137	-0.3581583235101994	0.21338032049043457	-0.18304835160991184	0.11692810970678172	-0.09190724593549843	0.24212126116139057	-0.09558915157358079	0.08350660082386059	-0.07940988998950545	0.07762316774719767	-0.2925584484540978	0.08499044470772997	-0.08110902894423985	0.0792100817599673	-0.10306959537661067	0.15286019116388577	-0.21620818199042324	0.1038368254895974	-0.09233340592538251	0.09763409157644254	-0.15495949770747228	0.1329598685436056	-0.11332339318372639	0.10051565321595797	-0.09020100460890101	0.14604388514356953	-0.148938130330908	0.11417103675253834	-0.09026726870099079	0.11299383078885789	-0.2348610025167482	0.1506464994336753	-0.08802573650600098	0.08488923863203975	-0.1747415364399179
-0.656938889995081	1.0000000000000007	-0.5616651551482339	0.14321419775441724	-0.09387899580168613	0.17971943819384859	-0.3288354879447841	0.2264287979774618	-0.12335888951965981	0.08207795885295924	-0.18086437310306264	0.06566965002257273	-0.06423736628069245	0.06194764684426628	-0.06290824276940495	0.17432106952939624	-0.05912604747743607	0.05886975555678294	-0.05861919403279074	0.0795610660903546	-0.09358750920534784	0.13186464449433402	-0.06670199163878879	0.06034283240165496	-0.06342065546944298	0.09410516028382122	-0.08243002272089867	0.07127022882132705	-0.06413803334817077	0.05751247784180881	-0.08981635516393678	0.09147505747340866	-0.07138572763607653	0.056520800645789335	-0.07078696662545207	0.1419387417359184	-0.0931020911133027	0.05459543601735761	-0.052879233493538014	0.10724626659776015
0.29277472806864	-0.5616651551482339	1.0000000000000013	-0.25945606455855674	0.14599018551966128	-0.17034956059116882	0.300832330373577	-0.4323042089322196	0.1942035602266039	-0.13312238176781357	0.16032095847619446	-0.10068812489235505	0.10127630210132324	-0.09963854501704426	0.10048498204630742	-0.2829363465683054	0.08972982183692561	-0.09429964255636554	0.09358243334779678	-0.12966536233947729	0.15094706864831278	-0.21889313193274781	0.10894637323791125	-0.09880031564100789	0.1033986526166451	-0.15519225224265815	0.13553610150566295	-0.11751154738408325	0.10518853231245412	-0.09472850811899158	0.14689716702120365	-0.1519260367135235	0.11782806911440787	-0.09354714930688711	0.11704330206680931	-0.23978301530699106	0.15354802868075748	-0.09094942483254356	0.08776912116264157	-0.18084093705554702
-0.14699423513550625	0.14321419775441724	-0.25945606455855674	1.0000000000000013	-0.3757936691391979	0.07990385414889992	-0.2640931928621556	0.23648811595898214	-0.7696159323545478	0.26517471176913865	-0.0872047590058004	0.06898926771170885	-0.1398898315716318	0.14429858657949224	-0.16630016797652084	0.11525256977860988	-0.06457423670425114	0.10192797461443807	-0.11539069328939458	0.1690534858154114	-0.06710368129574223	0.09923190599819455	-0.0690350677758541	0.06978732814896911	-0.06978818968474357	0.0679858350250948	-0.06708466097968084	0.06512863965069697	-0.06360224072002749	0.05710187251782392	-0.06703863240608701	0.07114269243437596	-0.061394459803713684	0.04965810124446693	-0.06168507755670947	0.10021158978005514	-0.07283787758262479	0.04518290892777227	-0.04465744135736363	0.08380647494252175
0.10555649032371137	-0.09387899580168613	0.14599018551966128	-0.3757936691391979	1.0000000000000004	-0.059917640583135374	0.13765574697833488	-0.1379327197602686	0.26847063340222505	-0.7500496364570409	0.067484425831216	-0.07584805299417122	0.15343354566589773	-0.17945434853012188	0.26280458936123174	-0.11462784945971333	0.0696476475215108	-0.13000191085730123	0.13801445388788422	-0.3611778098084813	0.0684622607240941	-0.10425714120938205	0.07718204721625255	-0.081661802070757	0.07912141849405105	-0.06999334163713217	0.07138676562710121	-0.07223577450931566	0.07085412519206613	-0.06490041142707853	0.06926577222724362	-0.07519664493166378	0.06623464627366138	-0.05420944475942136	0.06683678282813742	-0.10300908216690191	0.07624948091475633	-0.04876828072050431	0.04819915760534306	-0.08993561490300007
-0.3581583235101994	0.17971943819384859	-0.17034956059116882	0.07990385414889992	-0.059917640583135374	1.0000000000000007	-0.15702659388078505	0.11063055244492977	-0.06796738500115734	0.05095614985655105	-0.8627300052729842	0.06359703498712319	-0.048446272136947056	0.04441139582526647	-0.04308976513413946	0.17284929806800478	-0.058057771529972255	0.04600058289613073	-0.04479765308964562	0.05540226578935876	-0.09346865386726508	0.11268460323238404	-0.05664993746780688	0.049616911681525246	-0.05323464898241258	0.08399075435831682	-0.07214044495268511	0.060144239035194454	-0.05409166478569519	0.04775449685327289	-0.08247016826588281	0.0776977371807655	-0.06057560195280995	0.04727679653415802	-0.05938519199483076	0.1145445570402777	-0.08105715644208748	0.045099434520892656	-0.044064719246434514	0.08539905584522117
0.21338032049043457	-0.3288354879447841	0.300832330373577	-0.2640931928621556	0.13765574697833488	-0.15702659388078505	1.0000000000000004	-0.7645659292217714	0.21944843000582	-0.13610192815845107	0.13790280446519843	-0.0888406371931834	0.08960018347520515	-0.09007799148305581	0.09228760464180559	-0.18938132385808132	0.07718161143229499	-0.07963384944071035	0.0795189056003109	-0.11480276035516224	0.10257267936749659	-0.14865672293744245	0.07803107452967736	-0.0724641653541707	0.07487464738850205	-0.10424687840318914	0.09308726364625887	-0.08200346765316875	0.07449748881292823	-0.06703324125787195	0.09944780027620759	-0.10277405893468526	0.08103055052844746	-0.06449954079756264	0.08051189095769003	-0.15802260297024734	0.10413990612323373	-0.06186014687999659	0.05997044209584572	-0.1210511558539763
-0.18304835160991184	0.2264287979774618	-0.4323042089322196	0.23648811595898214	-0.1379327197602686	0.11063055244492977	-0.7645659292217714	0.9999999999999996	-0.32115032761785545	0.13151619559562375	-0.1099768486742377	0.06586063944736535	-0.0814754151918696	0.08226938055466851	-0.08638786764713546	0.13481838885753586	-0.059727414424723804	0.06731553529972892	-0.06952487335673659	0.09965910773810284	-0.07417003461415689	0.10724526767944778	-0.059618352242236175	0.0563581230814194	-0.05784775010351021	0.07508741714876667	-0.06828912480563484	0.06120277301236649	-0.056463533745114015	0.05073301205709361	-0.0722196998699525	0.07475548471003134	-0.05999336315735665	0.0478646563385203	-0.05973008250738465	0.11309833383427989	-0.07605217492693073	0.04543300299232451	-0.04423022582504622	0.08794351282868709
0.11692810970678172	-0.12335888951965981	0.1942035602266039	-0.7696159323545478	0.26847063340222505	-0.06796738500115734	0.21944843000582	-0.32115032761785545	1.0	-0.3780006151452768	0.07197580806424564	-0.0638443968402725	0.12893434220601982	-0.16437141276824474	0.1641878086755883	-0.10568456517577553	0.058783164169148985	-0.09868005011009498	0.10944488744182712	-0.17476072771870066	0.061152555974186874	-0.09115912643135221	0.06271525921545004	-0.06467058940637477	0.06311846290937627	-0.0621578259524161	0.06102584754245578	-0.05945924143317405	0.05764411988683252	-0.05205324173633227	0.06090567124418013	-0.06491270757934375	0.05547227047709494	-0.045033122975651006	0.0556491880405693	-0.09189825440617887	0.06591068356971097	-0.041047684809230225	0.04041670631377014	-0.07656140889411084
-0.09190724593549843	0.08207795885295924	-0.13312238176781357	0.26517471176913865	-0.7500496364570409	0.05095614985655105	-0.13610192815845107	0.13151619559562375	-0.3780006151452768	1.0000000000000004	-0.05752142249998809	0.06376041852632774	-0.15372190149881365	0.17241284826187867	-0.38588571140089095	0.08791759537527206	-0.059809429960141894	0.11349946043238872	-0.13075553146687513	0.26406616728440413	-0.053370131807082936	0.08104098846124982	-0.06467266786408152	0.06886066905272188	-0.06673545387791614	0.05421983961233607	-0.0567005982568554	0.05833597445922506	-0.058533560983082995	0.05292571601346115	-0.054128590262748424	0.05886930166560466	-0.052989222023194595	0.04343554624737698	-0.05350186828398834	0.07864420777898311	-0.0599688308254243	0.03845859491219728	-0.038260462931860306	0.06956484811860526
0.24212126116139057	-0.18086437310306264	0.16032095847619446	-0.0872047590058004	0.067484425831216	-0.8627300052729842	0.13790280446519843	-0.1099768486742377	0.07197580806424564	-0.05752142249998809	1.0	-0.08319456250610291	0.05818094649976469	-0.053190857482180776	0.050619659083032766	-0.2565667215873004	0.07265331614848404	-0.05673102822401871	0.0546027966783747	-0.0663484505320049	0.12310431502149866	-0.151185655399625	0.07242136869995272	-0.06318074274350505	0.06756165675259707	-0.1125458715729598	0.09410035319313487	-0.0779282144945045	0.06920638589592776	-0.061231507038489716	0.1069043056053115	-0.1019467296917011	0.07787744593186924	-0.06090471486545331	0.07613475633314087	-0.15162915363918344	0.10461191198969227	-0.058377522484739784	0.05675574049749789	-0.11128107100831591
-0.09558915157358079	0.06566965002257273	-0.10068812489235505	0.06898926771170885	-0.07584805299417122	0.06359703498712319	-0.0888406371931834	0.06586063944736535	-0.0638443968402725	0.06376041852632774	-0.08319456250610291	1.0000000000000002	-0.20154075061597884	0.12032831674671553	-0.08417096214888664	0.11966196289510822	-0.9178085865451417	0.1792659417746714	-0.14507668819826133	0.10058097505247458	-0.09548003205839735	0.1543760385447623	-0.0895465090260811	0.08337968591593733	-0.08493474820755903	0.07922986092019334	-0.09963785504184498	0.0808086335586905	-0.07774020790963805	0.06594970666623418	-0.08518828282542469	0.08440975851775653	-0.07180187442100769	0.05633796057798516	-0.06904481795362907	0.0911478459717265	-0.0906328396391903	0.04835434239615151	-0.04895531592193107	0.0778563606471536
0.08350660082386059	-0.06423736628069245	0.10127630210132324	-0.1398898315716318	0.15343354566589773	-0.048446272136947056	0.08960018347520515	-0.0814754151918696	0.12893434220601982	-0.15372190149881365	0.05818094649976469	-0.20154075061597884	0.9999999999999991	-0.6209994751684729	0.23799856749135023	-0.10083855934157511	0.16535377580395855	-0.5677663093895645	0.31942954826146475	-0.3134103618470249	0.06863032493749832	-0.11182852693046183	0.10807955918299328	-0.12981118888834486	0.11058969640064945	-0.06748634059815269	0.08027453418883125	-0.08986212664599179	0.09253644745590082	-0.08386273828277761	0.06904384849215978	-0.07763213438419228	0.07317495382638634	-0.06169815799297571	0.07339464842319632	-0.08947987022007464	0.0772521523510854	-0.051348991221407	0.051471110703187495	-0.08682476595233402
-0.07940988998950545	0.06194764684426628	-0.09963854501704426	0.14429858657949224	-0.17945434853012188	0.04441139582526647	-0.09007799148305581	0.08226938055466851	-0.16437141276824474	0.17241284826187867	-0.053190857482180776	0.12032831674671553	-0.6209994751684729	0.9999999999999978	-0.4206315407747444	0.08860486664652886	-0.11666124712591776	0.30146631939884994	-0.4978372626985643	0.28413431735734945	-0.060478876307478134	0.09680317833721354	-0.11339157643201245	0.13611951117864027	-0.11733803601602763	0.06044987697603487	-0.07385827316595754	0.08681398210471836	-0.09425354420004452	0.08289840138437017	-0.062255414976457084	0.071121057834439	-0.0698300505098177	0.05939615462318392	-0.07037635530863695	0.08113185293590303	-0.07068082420843724	0.04832608511705296	-0.048803965230373295	0.0806057114903453
0.07762316774719767	-0.06290824276940495	0.10048498204630742	-0.16630016797652084	0.26280458936123174	-0.04308976513413946	0.09228760464180559	-0.08638786764713546	0.1641878086755883	-0.38588571140089095	0.050619659083032766	-0.08417096214888664	0.23799856749135023	-0.4206315407747444	0.9999999999999978	-0.0834147075628492	0.07867113880900033	-0.18665895651605197	0.21600466829024803	-0.7248005233050094	0.05405867103788659	-0.08496222238185293	0.08217700578717801	-0.0955085915367619	0.08671774543850348	-0.0546583465743972	0.06231347790332092	-0.0695712801985482	0.07214448635651152	-0.06579829926264548	0.05554708346943597	-0.06234263111159666	0.059090754432082386	-0.049505964421137194	0.059769854132495984	-0.07607218355099378	0.06265151124230803	-0.041923818616244744	0.042030793014170426	-0.07259178237685106
-0.2925584484540978	0.17432106952939624	-0.2829363465683054	0.11525256977860988	-0.11462784945971333	0.17284929806800478	-0.18938132385808132	0.13481838885753586	-0.10568456517577553	0.08791759537527206	-0.2565667215873004	0.11966196289510822	-0.10083855934157511	0.08860486664652886	-0.0834147075628492	0.999999999999996	-0.12708449741440117	0.09698528091613473	-0.09778272167641486	0.10361640376830254	-0.6070645765848601	0.2905140070020538	-0.16222982438159664	0.12808119448443922	-0.14818153006078663	0.27882075954851754	-0.2228383559097714	0.16257651641773402	-0.1500219298441985	0.124618567466268	-0.31672798996209073	0.20960213103767641	-0.16856979805896097	0.1244360453251517	-0.15890151944302652	0.24237436961099001	-0.24493356393385357	0.11181658528220356	-0.11409823051492199	0.1775754550577986
0.08499044470772997	-0.05912604747743607	0.08972982183692561	-0.06457423670425114	0.0696476475215108	-0.058057771529972255	0.07718161143229499	-0.059727414424723804	0.058783164169148985	-0.059809429960141894	0.07265331614848404	-0.9178085865451417	0.16535377580395855	-0.11666124712591776	0.07867113880900033	-0.12708449741440117	0.999999999999997	-0.2179493475092359	0.13637675459917556	-0.0988678285104588	0.09568235869107936	-0.18440585294354084	0.08434052251729988	-0.08006242460084179	0.07879621336637771	-0.07891803002372827	0.09711498863549152	-0.07846365004016982	0.07289708494369998	-0.062445513601621566	0.08186488084613958	-0.08252867467254942	0.06740625736375813	-0.05312581910752313	0.06435566543007899	-0.08770547418738045	0.08508156926954054	-0.04571196502768686	0.04590883681472581	-0.07380223819929146
-0.08110902894423985	0.05886975555678294	-0.09429964255636554	0.10192797461443807	-0.13000191085730123	0.04600058289613073	-0.07963384944071035	0.06731553529972892	-0.09868005011009498	0.11349946043238872	-0.05673102822401871	0.1792659417746714	-0.5677663093895645	0.30146631939884994	-0.18665895651605197	0.09698528091613473	-0.2179493475092359	0.9999999999999936	-0.6663409167830383	0.20774395178566704	-0.06990484715106716	0.11391079547299289	-0.14179792447474224	0.16757204780725296	-0.14516550586982732	0.0682541364097725	-0.08773659244533076	0.10389303828241489	-0.11499931975928689	0.09929110752728304	-0.07126858859617556	0.08166886608434358	-0.0816474682511088	0.06971993933354059	-0.08196938635636992	0.08821830797182512	-0.08106705305785386	0.055501591478499	-0.0563770135834189	0.0900001096338781
0.0792100817599673	-0.05861919403279074	0.09358243334779678	-0.11539069328939458	0.13801445388788422	-0.04479765308964562	0.0795189056003109	-0.06952487335673659	0.10944488744182712	-0.13075553146687513	0.0546027966783747	-0.14507668819826133	0.31942954826146475	-0.4978372626985643	0.21600466829024803	-0.09778272167641486	0.13637675459917556	-0.6663409167830383	0.9999999999999946	-0.2980925609034899	0.0689537550825984	-0.1141162722005542	0.15273524479430992	-0.25791583373234833	0.1546484289598731	-0.06936026815045641	0.08908259680759109	-0.11493817850378034	0.1229052826142614	-0.11116725213292018	0.07134037487653358	-0.08443990585246605	0.08394095497552209	-0.07373468021442817	0.08443327663455467	-0.09092304095576151	0.08124864154249603	-0.05798189766830975	0.058255705869650135	-0.09493336331070192
-0.10306959537661067	0.0795610660903546	-0.12966536233947729	0.1690534858154114	-0.3611778098084813	0.05540226578935876	-0.11480276035516224	0.09965910773810284	-0.17476072771870066	0.26406616728440413	-0.0663484505320049	0.10058097505247458	-0.3134103618470249	0.28413431735734945	-0.7248005233050094	0.10361640376830254	-0.0988678285104588	0.20774395178566704	-0.2980925609034899	0.9999999999999934	-0.06840333994535018	0.10645585841407382	-0.11048313630521901	0.12228323822785629	-0.11982992633531742	0.0691005502058662	-0.08066775495832902	0.09037354387890098	-0.09693323601837114	0.08662974932513189	-0.07117524456850689	0.07991058525357404	-0.07822870811733378	0.06520623867474595	-0.07946631734112727	0.09568110622418932	-0.08144153956834921	0.05461151283529565	-0.055324954624356035	0.09288001774970439
0.15286019116388577	-0.09358750920534784	0.15094706864831278	-0.06710368129574223	0.0684622607240941	-0.09346865386726508	0.10257267936749659	-0.07417003461415689	0.061152555974186874	-0.053370131807082936	0.12310431502149866	-0.09548003205839735	0.06863032493749832	-0.060478876307478134	0.05405867103788659	-0.6070645765848601	0.09568235869107936	-0.06990484715106716	0.0689537550825984	-0.06840333994535018	0.9999999999999921	-0.44899032331442085	0.13138512514266035	-0.10057163683360623	0.11139876693229915	-0.5246936521956507	0.21701129653842863	-0.1434263443075325	0.11662069733918219	-0.09635594955563899	0.27555657838183106	-0.19458856362422544	0.12700053508988646	-0.09475974315697466	0.11371672773982587	-0.21003365477058356	0.18851030360895923	-0.08466904177496005	0.08359716481876286	-0.13010078092232197
-0.21620818199042324	0.13186464449433402	-0.21889313193274781	0.09923190599819455	-0.10425714120938205	0.11268460323238404	-0.14865672293744245	0.10724526767944778	-0.09115912643135221	0.08104098846124982	-0.151185655399625	0.1543760385447623	-0.11182852693046183	0.09680317833721354	-0.08496222238185293	0.2905140070020538	-0.18440585294354084	0.11391079547299289	-0.1141162722005542	0.10645585841407382	-0.44899032331442085	0.999999999999993	-0.25372633391532756	0.17254529890285952	-0.1954361952956017	0.2668311414723611	-0.5095237450356325	0.24530593105401222	-0.20403975791421966	0.16055840211697997	-0.290974009025106	0.2787472203405865	-0.20593208288685172	0.15204267342390135	-0.1836437472087741	0.2500098389370447	-0.29573822533629834	0.13073456163437833	-0.13212431160371083	0.19489921721158407
0.1038368254895974	-0.06670199163878879	0.10894637323791125	-0.0690350677758541	0.07718204721625255	-0.05664993746780688	0.07803107452967736	-0.059618352242236175	0.06271525921545004	-0.06467266786408152	0.07242136869995272	-0.0895465090260811	0.10807955918299328	-0.11339157643201245	0.08217700578717801	-0.16222982438159664	0.08434052251729988	-0.14179792447474224	0.15273524479430992	-0.11048313630521901	0.13138512514266035	-0.25372633391532756	0.99999999999999	-0.5787854895671297	0.26923528500344623	-0.14230110415946273	0.2330477021517825	-0.5893171926275486	0.2692270694557585	-0.2556352523684093	0.14109730973505905	-0.20132294627352432	0.17527312877943893	-0.1588082947124833	0.16416357533017975	-0.16968169508908948	0.1606695320147204	-0.12020433000977224	0.11576039835450577	-0.18641477485143754
-0.09233340592538251	0.06034283240165496	-0.09880031564100789	0.06978732814896911	-0.081661802070757	0.049616911681525246	-0.0724641653541707	0.0563581230814194	-0.06467058940637477	0.06886066905272188	-0.06318074274350505	0.08337968591593733	-0.12981118888834486	0.13611951117864027	-0.0955085915367619	0.12808119448443922	-0.08006242460084179	0.16757204780725296	-0.25791583373234833	0.12228323822785629	-0.10057163683360623	0.17254529890285952	-0.5787854895671297	0.9999999999999889	-0.5465249670252567	0.10665966466063699	-0.1688207000868042	0.27291330015369214	-0.3647430172124207	0.2770030361244646	-0.11135870918379809	0.14766915808124756	-0.16662043474541263	0.1567043635304339	-0.16794558088827846	0.13469093224445072	-0.1319012371036209	0.1084869532540903	-0.11068083036508104	0.1652874168793752
0.09763409157644254	-0.06342065546944298	0.1033986526166451	-0.06978818968474357	0.07912141849405105	-0.05323464898241258	0.07487464738850205	-0.05784775010351021	0.06311846290937627	-0.06673545387791614	0.06756165675259707	-0.08493474820755903	0.11058969640064945	-0.11733803601602763	0.08671774543850348	-0.14818153006078663	0.07879621336637771	-0.14516550586982732	0.1546484289598731	-0.11982992633531742	0.11139876693229915	-0.1954361952956017	0.26923528500344623	-0.5465249670252567	0.9999999999999948	-0.12058354282764744	0.1691068340111954	-0.2762713411721177	0.3031979231762957	-0.6245359284799175	0.12232982391994866	-0.16457856405134397	0.17313383855517142	-0.17281058119576012	0.18843313181836224	-0.15730023141306013	0.14294942284616166	-0.12494672782867343	0.1221473230595006	-0.20892883319303981
-0.15495949770747228	0.09410516028382122	-0.15519225224265815	0.0679858350250948	-0.06999334163713217	0.08399075435831682	-0.10424687840318914	0.07508741714876667	-0.0621578259524161	0.05421983961233607	-0.1125458715729598	0.07922986092019334	-0.06748634059815269	0.06044987697603487	-0.0546583465743972	0.27882075954851754	-0.07891803002372827	0.0682541364097725	-0.06936026815045641	0.0691005502058662	-0.5246936521956507	0.2668311414723611	-0.14230110415946273	0.10665966466063699	-0.12058354282764744	0.9999999999999928	-0.27642367357172726	0.15548455311965745	-0.1283022206891111	0.10385485121164247	-0.6618544324547125	0.23065230903115777	-0.14398508191653583	0.10451386016890951	-0.12457342322903857	0.24353007432135249	-0.2306311301466551	0.0932478475517797	-0.09220738179242101	0.1390558082024103
0.1329598685436056	-0.08243002272089867	0.13553610150566295	-0.06708466097968084	0.07138676562710121	-0.07214044495268511	0.09308726364625887	-0.06828912480563484	0.06102584754245578	-0.0567005982568554	0.09410035319313487	-0.09963785504184498	0.08027453418883125	-0.07385827316595754	0.06231347790332092	-0.2228383559097714	0.09711498863549152	-0.08773659244533076	0.08908259680759109	-0.08066775495832902	0.21701129653842863	-0.5095237450356325	0.2330477021517825	-0.1688207000868042	0.1691068340111954	-0.27642367357172726	0.9999999999999869	-0.4529737714528469	0.19947687707615983	-0.1581002597005497	0.23838761127087607	-0.5311841700563147	0.19806424625230537	-0.15058590052237175	0.15779524065231776	-0.2387634665143165	0.25522271611330366	-0.12624922276580505	0.11867448325636944	-0.17966020607657468
-0.11332339318372639	0.07127022882132705	-0.11751154738408325	0.06512863965069697	-0.07223577450931566	0.060144239035194454	-0.08200346765316875	0.06120277301236649	-0.05945924143317405	0.05833597445922506	-0.0779282144945045	0.0808086335586905	-0.08986212664599179	0.08681398210471836	-0.0695712801985482	0.16257651641773402	-0.07846365004016982	0.10389303828241489	-0.11493817850378034	0.09037354387890098	-0.1434263443075325	0.24530593105401222	-0.5893171926275486	0.27291330015369214	-0.2762713411721177	0.15548455311965745	-0.4529737714528469	0.9999999999999892	-0.41817422612075483	0.23701455469316482	-0.16420620263502506	0.23286296162186718	-0.23265344294931906	0.18688252739904251	-0.1916478997491472	0.17686939553088593	-0.1938225614626676	0.1342129559542822	-0.13429125571309514	0.18998736751636222
0.10051565321595797	-0.06413803334817077	0.10518853231245412	-0.06360224072002749	0.07085412519206613	-0.05409166478569519	0.07449748881292823	-0.056463533745114015	0.05764411988683252	-0.058533560983082995	0.06920638589592776	-0.07774020790963805	0.09253644745590082	-0.09425354420004452	0.07214448635651152	-0.1500219298441985	0.07289708494369998	-0.11499931975928689	0.1229052826142614	-0.09693323601837114	0.11662069733918219	-0.20403975791421966	0.2692270694557585	-0.3647430172124207	0.3031979231762957	-0.1283022206891111	0.19947687707615983	-0.41817422612075483	0.9999999999999931	-0.5923360158119835	0.13162630393171812	-0.19048753072455185	0.23609153811136435	-0.36013729071499084	0.2431521200885524	-0.16384414595480226	0.156861486234585	-0.16264254728211427	0.16030148497263016	-0.23946107688867246
-0.09020100460890101	0.05751247784180881	-0.09472850811899158	0.05710187251782392	-0.06490041142707853	0.04775449685327289	-0.06703324125787195	0.05073301205709361	-0.05205324173633227	0.05292571601346115	-0.061231507038489716	0.06594970666623418	-0.08386273828277761	0.08289840138437017	-0.06579829926264548	0.124618567466268	-0.062445513601621566	0.09929110752728304	-0.11116725213292018	0.08662974932513189	-0.09635594955563899	0.16055840211697997	-0.2556352523684093	0.2770030361244646	-0.6245359284799175	0.10385485121164247	-0.1581002597005497	0.23701455469316482	-0.5923360158119835	0.9999999999999903	-0.11036478584474024	0.14866886434246593	-0.20537980397263847	0.21277909363457187	-0.2652330177698276	0.13567455261879785	-0.1353056015138947	0.13209403767134315	-0.13906074506800128	0.202666584547303
0.14604388514356953	-0.08981635516393678	0.14689716702120365	-0.06703863240608701	0.06926577222724362	-0.08247016826588281	0.09944780027620759	-0.0722196998699525	0.06090567124418013	-0.054128590262748424	0.1069043056053115	-0.08518828282542469	0.06904384849215978	-0.062255414976457084	0.05554708346943597	-0.31672798996209073	0.08186488084613958	-0.07126858859617556	0.07134037487653358	-0.07117524456850689	0.27555657838183106	-0.290974009025106	0.14109730973505905	-0.11135870918379809	0.12232982391994866	-0.6618544324547125	0.23838761127087607	-0.16420620263502506	0.13162630393171812	-0.11036478584474024	0.99999999999999	-0.34899343975956404	0.15768382486340474	-0.11566591570693523	0.1324188611679842	-0.4341613246817324	0.2669538596338783	-0.1064556417279799	0.10103639839462766	-0.15802792866714196
-0.148938130330908	0.09147505747340866	-0.1519260367135235	0.07114269243437596	-0.07519664493166378	0.0776977371807655	-0.10277405893468526	0.07475548471003134	-0.06491270757934375	0.05886930166560466	-0.1019467296917011	0.08440975851775653	-0.07763213438419228	0.071121057834439	-0.06234263111159666	0.20960213103767641	-0.08252867467254942	0.08166886608434358	-0.08443990585246605	0.07991058525357404	-0.19458856362422544	0.2787472203405865	-0.20132294627352432	0.14766915808124756	-0.16457856405134397	0.23065230903115777	-0.5311841700563147	0.23286296162186718	-0.19048753072455185	0.14866886434246593	-0.34899343975956404	0.9999999999999882	-0.313844763548738	0.1766958671753164	-0.1864164145457734	0.28950661212381323	-0.5334378911836328	0.15581470964011188	-0.14587247545163123	0.202094042820249
0.11417103675253834	-0.07138572763607653	0.11782806911440787	-0.061394459803713684	0.06623464627366138	-0.06057560195280995	0.08103055052844746	-0.05999336315735665	0.05547227047709494	-0.052989222023194595	0.07787744593186924	-0.07180187442100769	0.07317495382638634	-0.0698300505098177	0.059090754432082386	-0.16856979805896097	0.06740625736375813	-0.0816474682511088	0.08394095497552209	-0.07822870811733378	0.12700053508988646	-0.20593208288685172	0.17527312877943893	-0.16662043474541263	0.17313383855517142	-0.14398508191653583	0.19806424625230537	-0.23265344294931906	0.23609153811136435	-0.20537980397263847	0.15768382486340474	-0.313844763548738	0.9999999999999883	-0.5775086135486576	0.30013559452165756	-0.2014001523695467	0.20440387346388347	-0.44197332069517453	0.28688067955376073	-0.3891802235035141
-0.09026726870099079	0.056520800645789335	-0.09354714930688711	0.04965810124446693	-0.05420944475942136	0.04727679653415802	-0.06449954079756264	0.0478646563385203	-0.045033122975651006	0.04343554624737698	-0.06090471486545331	0.05633796057798516	-0.06169815799297571	0.05939615462318392	-0.049505964421137194	0.1244360453251517	-0.05312581910752313	0.06971993933354059	-0.07373468021442817	0.06520623867474595	-0.09475974315697466	0.15204267342390135	-0.1588082947124833	0.1567043635304339	-0.17281058119576012	0.10451386016890951	-0.15058590052237175	0.18688252739904251	-0.36013729071499084	0.21277909363457187	-0.11566591570693523	0.1766958671753164	-0.5775086135486576	0.9999999999999879	-0.5604895898818889	0.14386086092205755	-0.15129187067529928	0.25586008522301895	-0.3232638705687267	0.30265596816442
0.11299383078885789	-0.07078696662545207	0.11704330206680931	-0.06168507755670947	0.06683678282813742	-0.05938519199483076	0.08051189095769003	-0.05973008250738465	0.0556491880405693	-0.05350186828398834	0.07613475633314087	-0.06904481795362907	0.07339464842319632	-0.07037635530863695	0.059769854132495984	-0.15890151944302652	0.06435566543007899	-0.08196938635636992	0.08443327663455467	-0.07946631734112727	0.11371672773982587	-0.1836437472087741	0.16416357533017975	-0.16794558088827846	0.18843313181836224	-0.12457342322903857	0.15779524065231776	-0.1916478997491472	0.2431521200885524	-0.2652330177698276	0.1324188611679842	-0.1864164145457734	0.30013559452165756	-0.5604895898818889	0.9999999999999863	-0.17879773163094564	0.16722034332115993	-0.25867450848688534	0.2467968641774319	-0.622686151065573
-0.2348610025167482	0.1419387417359184	-0.23978301530699106	0.10021158978005514	-0.10300908216690191	0.1145445570402777	-0.15802260297024734	0.11309833383427989	-0.09189825440617887	0.07864420777898311	-0.15162915363918344	0.0911478459717265	-0.08947987022007464	0.08113185293590303	-0.07607218355099378	0.24237436961099001	-0.08770547418738045	0.08821830797182512	-0.09092304095576151	0.09568110622418932	-0.21003365477058356	0.2500098389370447	-0.16968169508908948	0.13469093224445072	-0.15730023141306013	0.24353007432135249	-0.2387634665143165	0.17686939553088593	-0.16384414595480226	0.13567455261879785	-0.4341613246817324	0.28950661212381323	-0.2014001523695467	0.14386086092205755	-0.17879773163094564	0.999999999999987	-0.6416585620341337	0.13629735365142992	-0.1362086411443172	0.19780276136302138
0.1506464994336753	-0.0931020911133027	0.15354802868075748	-0.07283787758262479	0.07624948091475633	-0.08105715644208748	0.10413990612323373	-0.07605217492693073	0.06591068356971097	-0.0599688308254243	0.10461191198969227	-0.0906328396391903	0.0772521523510854	-0.07068082420843724	0.06265151124230803	-0.24493356393385357	0.08508156926954054	-0.08106705305785386	0.08124864154249603	-0.08144153956834921	0.18851030360895923	-0.29573822533629834	0.1606695320147204	-0.1319012371036209	0.14294942284616166	-0.2306311301466551	0.25522271611330366	-0.1938225614626676	0.156861486234585	-0.1353056015138947	0.2669538596338783	-0.5334378911836328	0.20440387346388347	-0.15129187067529928	0.16722034332115993	-0.6416585620341337	0.9999999999999871	-0.1604723983081737	0.13889990403157265	-0.21699839548945107
-0.08802573650600098	0.05459543601735761	-0.09094942483254356	0.04518290892777227	-0.04876828072050431	0.045099434520892656	-0.06186014687999659	0.04543300299232451	-0.041047684809230225	0.03845859491219728	-0.058377522484739784	0.04835434239615151	-0.051348991221407	0.04832608511705296	-0.041923818616244744	0.11181658528220356	-0.04571196502768686	0.055501591478499	-0.05798189766830975	0.05461151283529565	-0.08466904177496005	0.13073456163437833	-0.12020433000977224	0.1084869532540903	-0.12494672782867343	0.0932478475517797	-0.12624922276580505	0.1342129559542822	-0.16264254728211427	0.13209403767134315	-0.1064556417279799	0.15581470964011188	-0.44197332069517453	0.25586008522301895	-0.25867450848688534	0.13629735365142992	-0.1604723983081737	0.9999999999999873	-0.7884702666352517	0.26662548143818265
0.08488923863203975	-0.052879233493538014	0.08776912116264157	-0.04465744135736363	0.04819915760534306	-0.044064719246434514	0.05997044209584572	-0.04423022582504622	0.04041670631377014	-0.038260462931860306	0.05675574049749789	-0.04895531592193107	0.051471110703187495	-0.048803965230373295	0.042030793014170426	-0.11409823051492199	0.04590883681472581	-0.0563770135834189	0.058255705869650135	-0.055324954624356035	0.08359716481876286	-0.13212431160371083	0.11576039835450577	-0.11068083036508104	0.1221473230595006	-0.09220738179242101	0.11867448325636944	-0.13429125571309514	0.16030148497263016	-0.13906074506800128	0.10103639839462766	-0.14587247545163123	0.28688067955376073	-0.3232638705687267	0.2467968641774319	-0.1362086411443172	0.13889990403157265	-0.7884702666352517	0.9999999999999877	-0.3999302067923321
-0.1747415364399179	0.10724626659776015	-0.18084093705554702	0.08380647494252175	-0.08993561490300007	0.08539905584522117	-0.1210511558539763	0.08794351282868709	-0.07656140889411084	0.06956484811860526	-0.11128107100831591	0.0778563606471536	-0.08682476595233402	0.0806057114903453	-0.07259178237685106	0.1775754550577986	-0.07380223819929146	0.0900001096338781	-0.09493336331070192	0.09288001774970439	-0.13010078092232197	0.19489921721158407	-0.18641477485143754	0.1652874168793752	-0.20892883319303981	0.1390558082024103	-0.17966020607657468	0.18998736751636222	-0.23946107688867246	0.202666584547303	-0.15802792866714196	0.202094042820249	-0.3891802235035141	0.30265596816442	-0.622686151065573	0.19780276136302138	-0.21699839548945107	0.26662548143818265	-0.3999302067923321	0.9999999999999877
