1.0	-0.365215617604398	0.1451625202500051	-0.050117992307292594	0.051080273851535324	-0.8724552924850588	0.24845528964761424	-0.1357313992340739	0.09002234645984349	-0.04242334147869822	0.1525772534100991	-0.15668659475594832	0.12427878138446076	-0.08534006890981191	0.043198096455123194	-0.11072873631557989	0.1065375071117559	-0.1093268419878145	0.06181805467069922	-0.06653717411014576	0.06557559011822389	-0.06473153694695089	0.06401153316158087	-0.05235966270399048	0.0505696355383364	-0.06610678122829194	0.06357876308569028	-0.06055278931522147	0.05489448935698175	-0.0568354326037676	0.04081162363258872	-0.041877254938481996	0.044058015798568356	-0.048121942442175346	0.029607667425777032	-0.0453826946415202	0.04149828078917915	-0.05154651400397561	0.045580058888353266	-0.041238113023218274
-0.365215617604398	0.9999999999999997	-0.3613719020631252	0.09870164894731548	-0.10340898053131395	0.2621289865335826	-0.7058884914235131	0.2617316985829545	-0.172814950288307	0.07729544409755235	-0.2437922530823123	0.24945838952479876	-0.2382362629599271	0.1485802131163104	-0.08026911100536548	0.15824776577299457	-0.18497559662450822	0.17511783176397822	-0.10112800797172841	0.10356428133034515	-0.10287456237205446	0.10338969074677909	-0.10463774605312698	0.08283019394641229	-0.08059145963569724	0.09839015826551156	-0.10342498643539218	0.09546148216808366	-0.08833049088439396	0.08742070511927766	-0.06350519398510446	0.06551944101218579	-0.06976889653558069	0.0751763739903052	-0.04585793154259176	0.0689062566651065	-0.06588501069986237	0.07976805765998092	-0.07308410842514844	0.06337294087997727
0.1451625202500051	-0.3613719020631252	1.0000000000000002	-0.18360778014301948	0.1477960464041598	-0.1583084486750455	0.2661331784900613	-0.7341309774448443	0.19597289065120546	-0.105721532904365	0.189186079770219	-0.24458041524524504	0.27949236190613386	-0.2086506869577643	0.10245555071482661	-0.1723336592804762	0.18067418287193893	-0.24679456155171917	0.12608432924540663	-0.14093134870096283	0.10823652033790354	-0.12256657731136987	0.12514457174032173	-0.10497247815039215	0.10091917785283473	-0.11430624712912761	0.11665414416204768	-0.11910886136569623	0.10726193204651459	-0.11616389236016861	0.07305559149511649	-0.07722912378942308	0.08473684675356319	-0.09557513154249402	0.05992488940523667	-0.08243505339412652	0.07614059410182314	-0.10060208925044946	0.08840185675693113	-0.08404249769643618
-0.050117992307292594	0.09870164894731548	-0.18360778014301948	1.0	-0.8810106339841	0.05113158128342895	-0.08113425910461235	0.12191234008244434	-0.30805629240347165	0.19741309930158157	-0.07998715095001098	0.0901473926593395	-0.1155162928210684	0.1918282870974731	-0.1851402569953666	0.07324267331966215	-0.08044631619711547	0.10119537777860921	-0.0620484324379265	0.06842834784390592	-0.049219258230179495	0.05538118127682336	-0.057308499428090146	0.05038335022294198	-0.04992297512258301	0.051447673207790034	-0.0543769820390776	0.05501640543616586	-0.052152476145073734	0.05732381200494508	-0.03402297313962629	0.036052598804378215	-0.04024262310536413	0.047231063887727444	-0.029714923680894872	0.03821644215828143	-0.035928062688238636	0.04752203266855799	-0.04433472862391934	0.04171360156566044
0.051080273851535324	-0.10340898053131395	0.1477960464041598	-0.8810106339841	0.9999999999999999	-0.05279844915085814	0.08150838108411536	-0.11980290462338807	0.2300690934294417	-0.2751315711312782	0.0823209978737575	-0.09454468210363137	0.11637100945824472	-0.2134880960113411	0.1832719577295017	-0.07829657099412327	0.08418131924799886	-0.10897515984777194	0.06630583779365463	-0.074857133275065	0.052222143754176414	-0.059333621688131236	0.061116843025660866	-0.05447227051025341	0.053885339241312384	-0.05537108891086318	0.05788514828310463	-0.05934977371525408	0.055956525060960736	-0.06285884883004701	0.036468162138843845	-0.03873203011488757	0.04332262750091568	-0.05134926022795185	0.032480371417276444	-0.04125103076514346	0.03845447918244918	-0.0515683747116391	0.04766383172894102	-0.045759907079009024
-0.8724552924850588	0.2621289865335826	-0.1583084486750455	0.05113158128342895	-0.05279844915085814	0.9999999999999999	-0.33589444501483084	0.13883913124195738	-0.09280097304259535	0.04262961554781575	-0.18338108676590628	0.16013947341597595	-0.13141187377712807	0.08486172267211055	-0.043883659106711985	0.11046280305762123	-0.11062568449820089	0.10715106371744924	-0.060840919138980494	0.06405578927490796	-0.06639637279990768	0.06400867011701156	-0.06353242576129041	0.050961664615273426	-0.049236999273733366	0.06471336074558096	-0.06337777193345712	0.05917499568053176	-0.053836091469638116	0.05448899506031249	-0.04019229227840908	0.041098604974204214	-0.04311335713682044	0.04650086945594408	-0.028468317753041924	0.044179201473008176	-0.04091965086525582	0.04994348183816448	-0.044503150096849256	0.039507250318842946
0.24845528964761424	-0.7058884914235131	0.2661331784900613	-0.08113425910461235	0.08150838108411536	-0.33589444501483084	1.0000000000000002	-0.3634660627276141	0.14131229964622063	-0.06647369270150008	0.21687736986481765	-0.3591037011249493	0.22658514167041444	-0.13727483038152097	0.06824216297771814	-0.15227477524189467	0.1628258551987862	-0.17052878329126592	0.09082489189092595	-0.09581200285784966	0.09173286268759379	-0.09455868284983092	0.09451408171575172	-0.0751546236809532	0.07216189825107099	-0.09104110224706531	0.09167269674077017	-0.08721805163941039	0.07870650006825777	-0.07993109706767167	0.05708458341415681	-0.0590745972130518	0.0627330636272649	-0.06773585585176889	0.04163494016438839	-0.06293041409366079	0.05868675296836286	-0.07279058617016834	0.06441089464168667	-0.0578167900668451
-0.1357313992340739	0.2617316985829545	-0.7341309774448443	0.12191234008244434	-0.11980290462338807	0.13883913124195738	-0.3634660627276141	1.0000000000000009	-0.18983473272855014	0.08785582084929575	-0.18138091345108792	0.22648604869987607	-0.4267784899927887	0.17919566518016583	-0.09046124815876225	0.1417982384612367	-0.1621382312767281	0.2030923947794431	-0.10442340589665279	0.108378976788253	-0.09016217665554312	0.10000655715810132	-0.10493033434088153	0.08294508804951532	-0.07972690633927836	0.09115814378091991	-0.09639510007761888	0.0947779898135999	-0.08621060761181835	0.08817241605849509	-0.05872379855779862	0.06179786493848232	-0.0675265059336541	0.07384483475942018	-0.04577772371488644	0.06496388337751999	-0.06143467129678083	0.07832586086248222	-0.06988082108408795	0.06363405768267251
0.09002234645984349	-0.172814950288307	0.19597289065120546	-0.30805629240347165	0.2300690934294417	-0.09280097304259535	0.14131229964622063	-0.18983473272855014	1.0000000000000004	-0.35697881804260057	0.16028158912848872	-0.1884886402559156	0.23998047789903787	-0.6869500051910697	0.2644263822188281	-0.1576341457031677	0.1681429325246949	-0.22654915778382714	0.13770528549274078	-0.15734548140663068	0.10468045892573984	-0.12082233281969626	0.12460787040192217	-0.11235047388682622	0.1109853785814223	-0.11216624462803018	0.11709453112367875	-0.1216026744920669	0.1144407416693658	-0.13079915872596234	0.07381488090179576	-0.07869244809866482	0.08846857207982634	-0.10587561073808593	0.0673736706583468	-0.08388705971647187	0.07791593280335377	-0.10584661613252185	0.09737620114323331	-0.09517571965472374
-0.04242334147869822	0.07729544409755235	-0.105721532904365	0.19741309930158157	-0.2751315711312782	0.04262961554781575	-0.06647369270150008	0.08785582084929575	-0.35697881804260057	0.9999999999999997	-0.07588477796604018	0.08356922559200133	-0.11891824529320247	0.2670763600224334	-0.8321074819113715	0.06805514498283924	-0.07700507422219972	0.09563311036012204	-0.061713708874943686	0.06608172876624438	-0.04638999223652026	0.052238984793787795	-0.054653530623399414	0.04795515320893082	-0.047784192239036814	0.04790127606582205	-0.05162494822532589	0.051804899048309996	-0.049818557563593796	0.053645384245890895	-0.031940599314796106	0.03387416336431046	-0.037962000525520616	0.044414653080161556	-0.02787689011587512	0.0356365383809142	-0.03389734300684592	0.044433817276842175	-0.04218332274256242	0.03897520213481953
0.1525772534100991	-0.2437922530823123	0.189186079770219	-0.07998715095001098	0.0823209978737575	-0.18338108676590628	0.21687736986481765	-0.18138091345108792	0.16028158912848872	-0.07588477796604018	0.9999999999999999	-0.6047535101570456	0.25377953656195446	-0.16414894573522298	0.0780882103455747	-0.5331786694705628	0.2808167757750482	-0.2594066361949599	0.13377642543102877	-0.14560266615532033	0.19881651237073292	-0.16169347905147433	0.1497560966092846	-0.11757853117607368	0.11011563082739076	-0.19909084339712899	0.15535853038552308	-0.14336891901238455	0.12234596169610192	-0.12421687779384467	0.1066743569619217	-0.10486536923529063	0.10252826400515473	-0.10570559194695614	0.06448749615359121	-0.11930099740971695	0.10161001159016501	-0.12089361989955208	0.0985370530204981	-0.08970331293046138
-0.15668659475594832	0.24945838952479876	-0.24458041524524504	0.0901473926593395	-0.09454468210363137	0.16013947341597595	-0.3591037011249493	0.22648604869987607	-0.1884886402559156	0.08356922559200133	-0.6047535101570456	1.0	-0.46577619567724615	0.18045350263464907	-0.09018712312960703	0.2599809168473136	-0.32241085899464367	0.24909478160126755	-0.12851230211695724	0.1300437986178251	-0.14997401771164046	0.14557641869705143	-0.14253933584787262	0.10530412158945991	-0.09962888317485678	0.13919307265211173	-0.14009847815630394	0.12607590334829047	-0.11132296381968189	0.10768021352298053	-0.08520912662286556	0.08702882073689014	-0.08989895700468181	0.09241971931690865	-0.05622018553058658	0.09207906305198206	-0.0864630936580795	0.10260696748250933	-0.08850617845589417	0.0775674135524225
0.12427878138446076	-0.2382362629599271	0.27949236190613386	-0.1155162928210684	0.11637100945824472	-0.13141187377712807	0.22658514167041444	-0.4267784899927887	0.23998047789903787	-0.11891824529320247	0.25377953656195446	-0.46577619567724615	0.9999999999999992	-0.35602243863782274	0.1275564152829208	-0.22063454445006903	0.2479757104901483	-0.46673177722735115	0.16455499437668233	-0.17110756169388547	0.1326407918081285	-0.1591925667727097	0.1698901212360274	-0.12828591014129923	0.11973468984830257	-0.1373591885672657	0.14607942943007982	-0.14988609171129058	0.13021809581942242	-0.1318175486452408	0.08720140048718832	-0.09290506326997496	0.10222540443854942	-0.10937667973796207	0.0679957529738133	-0.09692107614757889	0.0914676485291419	-0.11890377575618294	0.10216317571537056	-0.0944093560360208
-0.08534006890981191	0.1485802131163104	-0.2086506869577643	0.1918282870974731	-0.2134880960113411	0.08486172267211055	-0.13727483038152097	0.17919566518016583	-0.6869500051910697	0.2670763600224334	-0.16414894573522298	0.18045350263464907	-0.35602243863782274	0.9999999999999986	-0.4123242617555668	0.1371760955358151	-0.1618003953860472	0.19838735108475677	-0.12831798613375547	0.12749099180265341	-0.093345977180631	0.10469664588339976	-0.11149244787153019	0.09412246165498998	-0.09303935570172053	0.09437591667742319	-0.10357486938890245	0.102227315925257	-0.09824458318639477	0.10170058955167878	-0.06293328854314155	0.06663427995338368	-0.07448222245402734	0.08495131504140296	-0.052981629777609625	0.0694724216104457	-0.06685983694703754	0.08601618417661769	-0.0815983564115629	0.07362296294151247
0.043198096455123194	-0.08026911100536548	0.10245555071482661	-0.1851402569953666	0.1832719577295017	-0.043883659106711985	0.06824216297771814	-0.09046124815876225	0.2644263822188281	-0.8321074819113715	0.0780882103455747	-0.09018712312960703	0.1275564152829208	-0.4123242617555668	0.999999999999997	-0.07170810532365475	0.07977307057138082	-0.10404988880781221	0.0647651534284541	-0.07066455334834383	0.04801269131638161	-0.05475998976467707	0.057154297720666214	-0.05018083595284949	0.04964817963261518	-0.05009220640246782	0.05349811470369794	-0.054308529775089806	0.05160220011795879	-0.05609327705554331	0.033134435871851046	-0.035212745234195764	0.039450843661367724	-0.0460895956579535	0.029044291895463103	-0.03713412616714939	0.035083536064475555	-0.04640911639217745	0.0433461182974796	-0.040675597061613326
-0.11072873631557989	0.15824776577299457	-0.1723336592804762	0.07324267331966215	-0.07829657099412327	0.11046280305762123	-0.15227477524189467	0.1417982384612367	-0.1576341457031677	0.06805514498283924	-0.5331786694705628	0.2599809168473136	-0.22063454445006903	0.1371760955358151	-0.07170810532365475	0.9999999999999971	-0.5193129042191961	0.23828234325715988	-0.13337049220536967	0.13383959235774762	-0.43733384254480334	0.19074523420977596	-0.16908557298567414	0.11891834634201634	-0.11065027252811267	0.25054455056354713	-0.1980922331144814	0.1529542359156795	-0.12963686574841446	0.11773812223228661	-0.13458441719253092	0.12265851639307866	-0.11168242932968854	0.10500747550568915	-0.06206676452797694	0.13595302433372822	-0.1214888095870762	0.12543974682981868	-0.10191388899852831	0.08496287384337342
0.1065375071117559	-0.18497559662450822	0.18067418287193893	-0.08044631619711547	0.08418131924799886	-0.11062568449820089	0.1628258551987862	-0.1621382312767281	0.1681429325246949	-0.07700507422219972	0.2808167757750482	-0.32241085899464367	0.2479757104901483	-0.1618003953860472	0.07977307057138082	-0.5193129042191961	0.9999999999999969	-0.47517975202163965	0.1850164806827657	-0.1960864207251665	0.2239720966036994	-0.36375043871648916	0.24501404150943784	-0.16610285335933883	0.1476311354364694	-0.2372259932925395	0.2393648489369965	-0.21665614922912702	0.17015804503272877	-0.16146099520683904	0.13628615333094485	-0.14541503361423178	0.14348728058816293	-0.1390319923265076	0.08366589033975297	-0.150972545320052	0.1379075577530175	-0.1665014852199731	0.1290279024194898	-0.11536006597467326
-0.1093268419878145	0.17511783176397822	-0.24679456155171917	0.10119537777860921	-0.10897515984777194	0.10715106371744924	-0.17052878329126592	0.2030923947794431	-0.22654915778382714	0.09563311036012204	-0.2594066361949599	0.24909478160126755	-0.46673177722735115	0.19838735108475677	-0.10404988880781221	0.23828234325715988	-0.47517975202163965	0.9999999999999966	-0.33337511800050856	0.23457376540613153	-0.16619252702837323	0.24086256035413528	-0.36694269603286334	0.18749431690511623	-0.17204742208596735	0.1617276272836443	-0.22275686591589813	0.21945289901328194	-0.1968878252693985	0.16527395393863942	-0.11244601620783733	0.12446131372637255	-0.14590385201247952	0.1412035669187447	-0.08624176796315736	0.11889382523703942	-0.1252354637452202	0.15557999538681797	-0.13827205695657377	0.11636609141973007
0.06181805467069922	-0.10112800797172841	0.12608432924540663	-0.0620484324379265	0.06630583779365463	-0.060840919138980494	0.09082489189092595	-0.10442340589665279	0.13770528549274078	-0.061713708874943686	0.13377642543102877	-0.12851230211695724	0.16455499437668233	-0.12831798613375547	0.0647651534284541	-0.13337049220536967	0.1850164806827657	-0.33337511800050856	0.9999999999999971	-0.7931013448385292	0.10254067557747282	-0.14622593351188368	0.1733302592782731	-0.3034774017810782	0.24778001367059185	-0.10491625155197792	0.14342706586146758	-0.1630401547294099	0.20912877537569274	-0.21867060720269188	0.07723602287643057	-0.08776210845197473	0.11096545122481599	-0.1507851733983825	0.10633367137028518	-0.08351930232962448	0.08862362808786922	-0.12355811482146101	0.14226318711529273	-0.14369343805671145
-0.06653717411014576	0.10356428133034515	-0.14093134870096283	0.06842834784390592	-0.074857133275065	0.06405578927490796	-0.09581200285784966	0.108378976788253	-0.15734548140663068	0.06608172876624438	-0.14560266615532033	0.1300437986178251	-0.17110756169388547	0.12749099180265341	-0.07066455334834383	0.13383959235774762	-0.1960864207251665	0.23457376540613153	-0.7931013448385292	0.9999999999999962	-0.10803597481506472	0.14174226432138032	-0.17141992602048167	0.24247080753318878	-0.35597834713650817	0.10589016436246043	-0.1503172829416402	0.15677885909145967	-0.22530594553028024	0.20940505491360348	-0.07988742348539306	0.08938103178169965	-0.11276409095731565	0.14891174640394872	-0.10638777493694694	0.0842922389238317	-0.09246778770573962	0.1204927829433289	-0.15689289901161133	0.13568091718996844
0.06557559011822389	-0.10287456237205446	0.10823652033790354	-0.049219258230179495	0.052222143754176414	-0.06639637279990768	0.09173286268759379	-0.09016217665554312	0.10468045892573984	-0.04638999223652026	0.19881651237073292	-0.14997401771164046	0.1326407918081285	-0.093345977180631	0.04801269131638161	-0.43733384254480334	0.2239720966036994	-0.16619252702837323	0.10254067557747282	-0.10803597481506472	0.9999999999999968	-0.18081254453914947	0.14330953585442083	-0.10658785647920467	0.09531816655519906	-0.7511001981030353	0.20638536279600064	-0.15357061972789995	0.1158462612929029	-0.1061431711456585	0.20672884314227677	-0.1637547361133806	0.11456529064232339	-0.09765085706221693	0.056021954245332704	-0.22401164025401396	0.14744176828230854	-0.1351896580331028	0.09168397813080428	-0.07698552140923588
-0.06473153694695089	0.10338969074677909	-0.12256657731136987	0.05538118127682336	-0.059333621688131236	0.06400867011701156	-0.09455868284983092	0.10000655715810132	-0.12082233281969626	0.052238984793787795	-0.16169347905147433	0.14557641869705143	-0.1591925667727097	0.10469664588339976	-0.05475998976467707	0.19074523420977596	-0.36375043871648916	0.24086256035413528	-0.14622593351188368	0.14174226432138032	-0.18081254453914947	0.9999999999999946	-0.5544315617263591	0.17250213268162778	-0.140666245806205	0.18579769242250163	-0.5994708295802846	0.2853941291657914	-0.19437922127457447	0.13969457308715053	-0.14321124274509495	0.18068905480564704	-0.1735046421262911	0.12977074063956726	-0.07371849344950784	0.1400163867243581	-0.17552622405249405	0.17619428823382266	-0.12407360893609483	0.09872256835056578
0.06401153316158087	-0.10463774605312698	0.12514457174032173	-0.057308499428090146	0.061116843025660866	-0.06353242576129041	0.09451408171575172	-0.10493033434088153	0.12460787040192217	-0.054653530623399414	0.1497560966092846	-0.14253933584787262	0.1698901212360274	-0.11149244787153019	0.057154297720666214	-0.16908557298567414	0.24501404150943784	-0.36694269603286334	0.1733302592782731	-0.17141992602048167	0.14330953585442083	-0.5544315617263591	0.9999999999999957	-0.26938814400317695	0.171742150189679	-0.15535436453654441	0.2977295454940256	-0.5419623875332742	0.24300767519902564	-0.173580796608543	0.11853728605950076	-0.1527112360847748	0.20129739638708477	-0.15634618808915282	0.08926349115420475	-0.12554826282594547	0.14382573255466277	-0.21929725779388193	0.1417384299102049	-0.11982824503486136
-0.05235966270399048	0.08283019394641229	-0.10497247815039215	0.05038335022294198	-0.05447227051025341	0.050961664615273426	-0.0751546236809532	0.08294508804951532	-0.11235047388682622	0.04795515320893082	-0.11757853117607368	0.10530412158945991	-0.12828591014129923	0.09412246165498998	-0.05018083595284949	0.11891834634201634	-0.16610285335933883	0.18749431690511623	-0.3034774017810782	0.24247080753318878	-0.10658785647920467	0.17250213268162778	-0.26938814400317695	0.9999999999999937	-0.5176093535636315	0.10795387181803212	-0.18590297048593007	0.23614209574329317	-0.6358096833471713	0.2633006174060914	-0.0864004064038617	0.10299150693710414	-0.14694115917235406	0.19388365098814636	-0.1305609055228969	0.09031714685866088	-0.10545493637244278	0.14855136868935886	-0.1912004715240659	0.16176303302763384
0.0505696355383364	-0.08059145963569724	0.10091917785283473	-0.04992297512258301	0.053885339241312384	-0.049236999273733366	0.07216189825107099	-0.07972690633927836	0.1109853785814223	-0.047784192239036814	0.11011563082739076	-0.09962888317485678	0.11973468984830257	-0.09303935570172053	0.04964817963261518	-0.11065027252811267	0.1476311354364694	-0.17204742208596735	0.24778001367059185	-0.35597834713650817	0.09531816655519906	-0.140666245806205	0.171742150189679	-0.5176093535636315	0.9999999999999961	-0.09771991408354268	0.14612608509972985	-0.17871276492461496	0.28347283378256277	-0.5893057440477016	0.07677312231772723	-0.08983420843031702	0.12368388215190447	-0.21545896555096147	0.21316305193123974	-0.08242200500869173	0.09160208335158007	-0.1354524659634074	0.198494260903386	-0.2780182345467877
-0.06610678122829194	0.09839015826551156	-0.11430624712912761	0.051447673207790034	-0.05537108891086318	0.06471336074558096	-0.09104110224706531	0.09115814378091991	-0.11216624462803018	0.04790127606582205	-0.19909084339712899	0.13919307265211173	-0.1373591885672657	0.09437591667742319	-0.05009220640246782	0.25054455056354713	-0.2372259932925395	0.1617276272836443	-0.10491625155197792	0.10589016436246043	-0.7511001981030353	0.18579769242250163	-0.15535436453654441	0.10795387181803212	-0.09771991408354268	0.9999999999999944	-0.29820666077082664	0.15949862791596783	-0.12321003654194011	0.10381176360087736	-0.33752710661302127	0.18545806952032073	-0.12432147167677525	0.09833497784543059	-0.05547924513450164	0.2257613012284563	-0.17724069089975714	0.13656119767258837	-0.09599965671209544	0.07531584679782921
0.06357876308569028	-0.10342498643539218	0.11665414416204768	-0.0543769820390776	0.05788514828310463	-0.06337777193345712	0.09167269674077017	-0.09639510007761888	0.11709453112367875	-0.05162494822532589	0.15535853038552308	-0.14009847815630394	0.14607942943007982	-0.10357486938890245	0.05349811470369794	-0.1980922331144814	0.2393648489369965	-0.22275686591589813	0.14342706586146758	-0.1503172829416402	0.20638536279600064	-0.5994708295802846	0.2977295454940256	-0.18590297048593007	0.14612608509972985	-0.29820666077082664	0.999999999999996	-0.41993392405948	0.20348940153296843	-0.16127223376451413	0.19126035633033037	-0.33366104403182284	0.20785642054406236	-0.15245628320053542	0.08444375078576696	-0.1962473369747694	0.22397799671370688	-0.23772294213634199	0.13774425750754438	-0.11471270628457463
-0.06055278931522147	0.09546148216808366	-0.11910886136569623	0.05501640543616586	-0.05934977371525408	0.05917499568053176	-0.08721805163941039	0.0947779898135999	-0.1216026744920669	0.051804899048309996	-0.14336891901238455	0.12607590334829047	-0.14988609171129058	0.102227315925257	-0.054308529775089806	0.1529542359156795	-0.21665614922912702	0.21945289901328194	-0.1630401547294099	0.15677885909145967	-0.15357061972789995	0.2853941291657914	-0.5419623875332742	0.23614209574329317	-0.17871276492461496	0.15949862791596783	-0.41993392405948	0.9999999999999959	-0.410878264365289	0.17479675956959786	-0.13525574446400263	0.1770146779586361	-0.3892758911823959	0.1773846986788101	-0.09362344965614025	0.13576423574488133	-0.17663936970865052	0.25984375437642143	-0.16671030515032548	0.12209075116296653
0.05489448935698175	-0.08833049088439396	0.10726193204651459	-0.052152476145073734	0.055956525060960736	-0.053836091469638116	0.07870650006825777	-0.08621060761181835	0.1144407416693658	-0.049818557563593796	0.12234596169610192	-0.11132296381968189	0.13021809581942242	-0.09824458318639477	0.05160220011795879	-0.12963686574841446	0.17015804503272877	-0.1968878252693985	0.20912877537569274	-0.22530594553028024	0.1158462612929029	-0.19437922127457447	0.24300767519902564	-0.6358096833471713	0.28347283378256277	-0.12321003654194011	0.20348940153296843	-0.410878264365289	0.9999999999999956	-0.32953947779101594	0.09860249073310438	-0.1223110268035195	0.1862119950859361	-0.3060456585696659	0.15700688040617092	-0.10611747006755341	0.12108087774740862	-0.2001724982531984	0.2228852642218851	-0.20610720200331992
-0.0568354326037676	0.08742070511927766	-0.11616389236016861	0.05732381200494508	-0.06285884883004701	0.05448899506031249	-0.07993109706767167	0.08817241605849509	-0.13079915872596234	0.053645384245890895	-0.12421687779384467	0.10768021352298053	-0.1318175486452408	0.10170058955167878	-0.05609327705554331	0.11773812223228661	-0.16146099520683904	0.16527395393863942	-0.21867060720269188	0.20940505491360348	-0.1061431711456585	0.13969457308715053	-0.173580796608543	0.2633006174060914	-0.5893057440477016	0.10381176360087736	-0.16127223376451413	0.17479675956959786	-0.32953947779101594	0.999999999999993	-0.08377024746771776	0.09590456346049529	-0.1331449424398044	0.2302821028915166	-0.4682113052816075	0.08724156486228328	-0.10111943740971276	0.13697349900707728	-0.2838169357470226	0.29389733666186846
0.04081162363258872	-0.06350519398510446	0.07305559149511649	-0.03402297313962629	0.036468162138843845	-0.04019229227840908	0.05708458341415681	-0.05872379855779862	0.07381488090179576	-0.031940599314796106	0.1066743569619217	-0.08520912662286556	0.08720140048718832	-0.06293328854314155	0.033134435871851046	-0.13458441719253092	0.13628615333094485	-0.11244601620783733	0.07723602287643057	-0.07988742348539306	0.20672884314227677	-0.14321124274509495	0.11853728605950076	-0.0864004064038617	0.07677312231772723	-0.33752710661302127	0.19126035633033037	-0.13525574446400263	0.09860249073310438	-0.08377024746771776	0.9999999999999925	-0.4281653042781406	0.13401846813231294	-0.0854465924785511	0.04541912123184846	-0.7483665939202988	0.29230869952219574	-0.15418001984593524	0.08185794467308381	-0.06150515570908448
-0.041877254938481996	0.06551944101218579	-0.07722912378942308	0.036052598804378215	-0.03873203011488757	0.041098604974204214	-0.0590745972130518	0.06179786493848232	-0.07869244809866482	0.03387416336431046	-0.10486536923529063	0.08702882073689014	-0.09290506326997496	0.06663427995338368	-0.035212745234195764	0.12265851639307866	-0.14541503361423178	0.12446131372637255	-0.08776210845197473	0.08938103178169965	-0.1637547361133806	0.18068905480564704	-0.1527112360847748	0.10299150693710414	-0.08983420843031702	0.18545806952032073	-0.33366104403182284	0.1770146779586361	-0.1223110268035195	0.09590456346049529	-0.4281653042781406	0.9999999999999927	-0.2292384772602622	0.10351293468784226	-0.05277953791299362	0.29784708078415045	-0.7216857939492843	0.21369957787883337	-0.10028386028015616	0.07056689738681635
0.044058015798568356	-0.06976889653558069	0.08473684675356319	-0.04024262310536413	0.04332262750091568	-0.04311335713682044	0.0627330636272649	-0.0675265059336541	0.08846857207982634	-0.037962000525520616	0.10252826400515473	-0.08989895700468181	0.10222540443854942	-0.07448222245402734	0.039450843661367724	-0.11168242932968854	0.14348728058816293	-0.14590385201247952	0.11096545122481599	-0.11276409095731565	0.11456529064232339	-0.1735046421262911	0.20129739638708477	-0.14694115917235406	0.12368388215190447	-0.12432147167677525	0.20785642054406236	-0.3892758911823959	0.1862119950859361	-0.1331449424398044	0.13401846813231294	-0.2292384772602622	0.9999999999999926	-0.21211660228808718	0.07952856212334765	-0.14662425437062826	0.20330260953631418	-0.7958703526849122	0.1743522589444626	-0.1024105250292805
-0.048121942442175346	0.0751763739903052	-0.09557513154249402	0.047231063887727444	-0.05134926022795185	0.04650086945594408	-0.06773585585176889	0.07384483475942018	-0.10587561073808593	0.044414653080161556	-0.10570559194695614	0.09241971931690865	-0.10937667973796207	0.08495131504140296	-0.0460895956579535	0.10500747550568915	-0.1390319923265076	0.1412035669187447	-0.1507851733983825	0.14891174640394872	-0.09765085706221693	0.12977074063956726	-0.15634618808915282	0.19388365098814636	-0.21545896555096147	0.09833497784543059	-0.15245628320053542	0.1773846986788101	-0.3060456585696659	0.2302821028915166	-0.0854465924785511	0.10351293468784226	-0.21211660228808718	0.9999999999999921	-0.23645599568646816	0.0904242834733468	-0.10905721646572653	0.18711889075568744	-0.8083518921276367	0.22865918706863833
0.029607667425777032	-0.04585793154259176	0.05992488940523667	-0.029714923680894872	0.032480371417276444	-0.028468317753041924	0.04163494016438839	-0.04577772371488644	0.0673736706583468	-0.02787689011587512	0.06448749615359121	-0.05622018553058658	0.0679957529738133	-0.052981629777609625	0.029044291895463103	-0.06206676452797694	0.08366589033975297	-0.08624176796315736	0.10633367137028518	-0.10638777493694694	0.056021954245332704	-0.07371849344950784	0.08926349115420475	-0.1305609055228969	0.21316305193123974	-0.05547924513450164	0.08444375078576696	-0.09362344965614025	0.15700688040617092	-0.4682113052816075	0.04541912123184846	-0.05277953791299362	0.07952856212334765	-0.23645599568646816	0.999999999999992	-0.04784006406035089	0.05540187025034897	-0.0823256376737305	0.21726765092955447	-0.7974764309399655
-0.0453826946415202	0.0689062566651065	-0.08243505339412652	0.03821644215828143	-0.04125103076514346	0.044179201473008176	-0.06293041409366079	0.06496388337751999	-0.08388705971647187	0.0356365383809142	-0.11930099740971695	0.09207906305198206	-0.09692107614757889	0.0694724216104457	-0.03713412616714939	0.13595302433372822	-0.150972545320052	0.11889382523703942	-0.08351930232962448	0.0842922389238317	-0.22401164025401396	0.1400163867243581	-0.12554826282594547	0.09031714685866088	-0.08242200500869173	0.2257613012284563	-0.1962473369747694	0.13576423574488133	-0.10611747006755341	0.08724156486228328	-0.7483665939202988	0.29784708078415045	-0.14662425437062826	0.0904242834733468	-0.04784006406035089	0.9999999999999927	-0.47128621265881826	0.15857754819976633	-0.09066105511405409	0.06431675215241955
0.04149828078917915	-0.06588501069986237	0.07614059410182314	-0.035928062688238636	0.03845447918244918	-0.04091965086525582	0.05868675296836286	-0.06143467129678083	0.07791593280335377	-0.03389734300684592	0.10161001159016501	-0.0864630936580795	0.0914676485291419	-0.06685983694703754	0.035083536064475555	-0.1214888095870762	0.1379075577530175	-0.1252354637452202	0.08862362808786922	-0.09246778770573962	0.14744176828230854	-0.17552622405249405	0.14382573255466277	-0.10545493637244278	0.09160208335158007	-0.17724069089975714	0.22397799671370688	-0.17663936970865052	0.12108087774740862	-0.10111943740971276	0.29230869952219574	-0.7216857939492843	0.20330260953631418	-0.10905721646572653	0.05540187025034897	-0.47128621265881826	0.9999999999999927	-0.28605315110311613	0.1029999249742633	-0.07468722198247826
-0.05154651400397561	0.07976805765998092	-0.10060208925044946	0.04752203266855799	-0.0515683747116391	0.04994348183816448	-0.07279058617016834	0.07832586086248222	-0.10584661613252185	0.044433817276842175	-0.12089361989955208	0.10260696748250933	-0.11890377575618294	0.08601618417661769	-0.04640911639217745	0.12543974682981868	-0.1665014852199731	0.15557999538681797	-0.12355811482146101	0.1204927829433289	-0.1351896580331028	0.17619428823382266	-0.21929725779388193	0.14855136868935886	-0.1354524659634074	0.13656119767258837	-0.23772294213634199	0.25984375437642143	-0.2001724982531984	0.13697349900707728	-0.15418001984593524	0.21369957787883337	-0.7958703526849122	0.18711889075568744	-0.0823256376737305	0.15857754819976633	-0.28605315110311613	0.9999999999999931	-0.20858104299939093	0.10581626690644366
0.045580058888353266	-0.07308410842514844	0.08840185675693113	-0.04433472862391934	0.04766383172894102	-0.044503150096849256	0.06441089464168667	-0.06988082108408795	0.09737620114323331	-0.04218332274256242	0.0985370530204981	-0.08850617845589417	0.10216317571537056	-0.0815983564115629	0.0433461182974796	-0.10191388899852831	0.1290279024194898	-0.13827205695657377	0.14226318711529273	-0.15689289901161133	0.09168397813080428	-0.12407360893609483	0.1417384299102049	-0.1912004715240659	0.198494260903386	-0.09599965671209544	0.13774425750754438	-0.16671030515032548	0.2228852642218851	-0.2838169357470226	0.08185794467308381	-0.10028386028015616	0.1743522589444626	-0.8083518921276367	0.21726765092955447	-0.09066105511405409	0.1029999249742633	-0.20858104299939093	0.9999999999999933	-0.31694591052486754
-0.041238113023218274	0.06337294087997727	-0.08404249769643618	0.04171360156566044	-0.045759907079009024	0.039507250318842946	-0.0578167900668451	0.06363405768267251	-0.09517571965472374	0.03897520213481953	-0.08970331293046138	0.0775674135524225	-0.0944093560360208	0.07362296294151247	-0.040675597061613326	0.08496287384337342	-0.11536006597467326	0.11636609141973007	-0.14369343805671145	0.13568091718996844	-0.07698552140923588	0.09872256835056578	-0.11982824503486136	0.16176303302763384	-0.2780182345467877	0.07531584679782921	-0.11471270628457463	0.12209075116296653	-0.20610720200331992	0.29389733666186846	-0.06150515570908448	0.07056689738681635	-0.1024105250292805	0.22865918706863833	-0.7974764309399655	0.06431675215241955	-0.07468722198247826	0.10581626690644366	-0.31694591052486754	0.9999999999999931
