0.9999999999999999	-0.20122574970235216	0.14867837534820508	-0.06244487667174678	0.061042365777033314	-0.9296768326554123	0.11639257430805913	-0.10326428614203279	0.08101186609716308	-0.10124818641547723	0.16918567399804446	-0.14252170505574915	0.10477049818660918	-0.0739091481419262	0.06842982433943584	-0.12846839200719454	0.08987193241529143	-0.08358042176029001	0.06412175570350638	-0.06850268139337971	0.04698661194653095	-0.06075534277838586	0.05798742127375251	-0.051190083431259914	0.04985316907501158	-0.0361494926650217	0.05102769896570826	-0.04728538871017785	0.046362596278039944	-0.04253266229315019	0.03532571154186818	-0.03681506353931111	0.03749751097481254	-0.0484677355273593	0.03951591301972236	-0.027127013012037463	0.031724839620555174	-0.04558986929536308	0.03356032606630042	-0.031238612264175743	0.032846214957295033	-0.034200738014507716	0.042186528337199346	-0.027939992742172258	0.04147467232423246
-0.20122574970235216	0.9999999999999999	-0.8212036428474112	0.17308858112353911	-0.17866072806558075	0.15878301198749284	-0.3546920675174609	0.22933805224641848	-0.16850469260554565	0.18257016474949314	-0.13778781468497384	0.15225487391282982	-0.14119262317443762	0.10673959985498034	-0.10035596647426383	0.10507921282754115	-0.09858044125650084	0.09610906391452391	-0.08294613771870184	0.08529268715871287	-0.055570997848025626	0.06814326762251696	-0.06903191566243493	0.06267348199925744	-0.0626744295098587	0.04219006369966608	-0.06152802103814882	0.056415941997843784	-0.057127346550208236	0.05206322776829821	-0.0426287219205744	0.04401805093091334	-0.04514964022358369	0.058477569955140474	-0.04886450434920199	0.0326430475485534	-0.038359028657686804	0.05424663575666177	-0.04140948379675276	0.03835032266677637	-0.04008127286394886	0.041190015058929386	-0.05247518194487764	0.0345333661937879	-0.05173857000252967
0.14867837534820508	-0.8212036428474112	0.9999999999999996	-0.2593042923856915	0.1885003188718306	-0.15730349956536488	0.24697701062157024	-0.28407397102428705	0.17884313829659165	-0.22851000196572357	0.12601038193894018	-0.14784799391169395	0.13620268810965758	-0.11421600004607033	0.1032328804590496	-0.1066945684555922	0.09643369182659034	-0.09954738909454423	0.08552778100076498	-0.0900368737838112	0.05677885211224073	-0.06972906942363898	0.0701446610294043	-0.06504315370259454	0.06481685884248202	-0.04348293919438098	0.06304915898633863	-0.058393731516150106	0.05903613197217877	-0.05419337890097721	0.04394960256999565	-0.045572131009752485	0.0468011523856137	-0.061096449121403	0.05069390463616397	-0.03378977993453845	0.039715801456014076	-0.05659988696131356	0.04303750336384904	-0.03993578753325372	0.04144693527778978	-0.04280929258959905	0.054539313234227144	-0.03592703296627046	0.053772185817801445
-0.06244487667174678	0.17308858112353911	-0.2593042923856915	1.0	-0.8871021338711471	0.061175192306856085	-0.13965016557199184	0.14191993316830112	-0.22464709555018375	0.22870501076964553	-0.0823076553075099	0.0891810775653061	-0.10723899044067219	0.10059650522776585	-0.09683689671830016	0.07012851676234116	-0.07109149873273272	0.07509429233499021	-0.07163847750120483	0.07221035054493008	-0.044573169878530924	0.05253591340042486	-0.05489987261729037	0.051913418389567305	-0.05298332635713884	0.03373706895704945	-0.04985669053678595	0.04567013935253564	-0.04741759389287185	0.04315223766184874	-0.03474933293372068	0.035715023290644785	-0.036819616460082055	0.047958190315403056	-0.04072656028099473	0.026615804730907435	-0.0313668961372892	0.04399960038533659	-0.034448342271585185	0.03181589080962858	-0.032974297804064134	0.03365497779759666	-0.04386479473130471	0.02875918117603229	-0.04335026059303878
0.061042365777033314	-0.17866072806558075	0.1885003188718306	-0.8871021338711471	0.9999999999999998	-0.062123791624208474	0.12921118041180507	-0.141982150364021	0.19294678259121412	-0.3180968186868773	0.07850002642177555	-0.08695189756627163	0.10164876784150571	-0.09855052842962747	0.09143283851491249	-0.06890241087064541	0.06834302120509987	-0.07358739887286052	0.06898916729925192	-0.07087216471860877	0.043240723279404224	-0.05120322083093164	0.05314756005528827	-0.050572993702365496	0.051346061249074294	-0.032881707262411075	0.04838073715760845	-0.044564507890524505	0.04606274025610165	-0.04210963346844025	0.03381022626079228	-0.03484860653514834	0.03592888225614003	-0.04697330391270244	0.03963870407041214	-0.025952827411663375	0.03057987585889704	-0.043125812487408245	0.03357825486006775	-0.03105736003426943	0.03210158266516765	-0.03288404020100153	0.042740529458765636	-0.02804843072132051	0.04222350748243567
-0.9296768326554123	0.15878301198749284	-0.15730349956536488	0.061175192306856085	-0.062123791624208474	0.9999999999999996	-0.11852892516671379	0.09785201649046844	-0.07966740885011575	0.0946499424892478	-0.21611765968201177	0.13691798212377979	-0.10683707743565732	0.07134590839022341	-0.06739193878180373	0.12210094711872982	-0.09126060907313956	0.0799077728700188	-0.06253780464273305	0.06544118515846511	-0.0461703509797837	0.058961077839797184	-0.05705316230371799	0.04952507446247832	-0.048489755391920096	0.03512360258724472	-0.04998080900207146	0.04581924213812318	-0.04509042999951317	0.04108884465482628	-0.03444208269044106	0.03571072723600415	-0.03635034861953118	0.0466607686465251	-0.038345722656867705	0.026343600658280356	-0.030815700864501194	0.0439032841650124	-0.03253753977305383	0.03021511657349192	-0.031976719818114015	0.03310098833383993	-0.040977801985419365	0.027085733510567315	-0.04028851511628419
0.11639257430805913	-0.3546920675174609	0.24697701062157024	-0.13965016557199184	0.12921118041180507	-0.11852892516671379	0.9999999999999999	-0.689140220083142	0.25626538950606154	-0.29879535071258195	0.2049486763078815	-0.37454348848577784	0.21386503691735528	-0.16600160173057243	0.14198626011994128	-0.16106739217652868	0.14548018087423395	-0.14535564287428898	0.12100837326871185	-0.12527465401760338	0.07882353440697454	-0.10030713250042733	0.09977354643635492	-0.09127626962599321	0.09008261054770579	-0.060334494156593914	0.08776367937441018	-0.08127019746352591	0.08196855357834444	-0.07505776459841733	0.060523857900399165	-0.0629115154719293	0.06457764799245051	-0.08400303547697902	0.06963569174494223	-0.04643888220052371	0.05455136544554922	-0.07787216430883684	0.05877556932317754	-0.054656925635658805	0.05672710698995132	-0.05865613041366552	0.07384179188960854	-0.04884745253095442	0.07282951320554147
-0.10326428614203279	0.22933805224641848	-0.28407397102428705	0.14191993316830112	-0.141982150364021	0.09785201649046844	-0.689140220083142	0.9999999999999998	-0.47555179143896437	0.27519688650142116	-0.1889115320183805	0.22155917737053382	-0.22573287176851595	0.1766130578408877	-0.15843929409827012	0.1397442769374038	-0.14095254565176826	0.13922971285072333	-0.1257582825506563	0.12422357473090762	-0.07795923386075276	0.09620531820521575	-0.09902883155515353	0.09081427014863344	-0.09104112936475178	0.05901053496053444	-0.08715808951925577	0.07982369984220718	-0.08195727774584669	0.07438981881459163	-0.0598940893489328	0.06183202865693874	-0.06360960845958942	0.08237286854905254	-0.06940056664365732	0.045766044684653076	-0.05384681392534565	0.07595427178320009	-0.058362618289266484	0.05410046878254632	-0.05623780974519511	0.05764240104384885	-0.07347245587308747	0.04846796211430887	-0.07256819733326092
0.08101186609716308	-0.16850469260554565	0.17884313829659165	-0.22464709555018375	0.19294678259121412	-0.07966740885011575	0.25626538950606154	-0.47555179143896437	0.9999999999999997	-0.675970319978396	0.14429979467861767	-0.17194555067948464	0.20775290442802946	-0.3292360408915773	0.20809998874831342	-0.13024076304073123	0.13138687581264089	-0.15399611353770568	0.15366808015568625	-0.1526170120428189	0.08301184774346786	-0.10081592539063741	0.10546055109104922	-0.10553349552365093	0.10565988354049449	-0.0635114706549892	0.09428031443092848	-0.08805977161932306	0.0927179989637532	-0.0851322031560323	0.06524734394481262	-0.06773115700962852	0.07023549669249793	-0.09271699999725962	0.07830273557671685	-0.05012152164490969	0.05913916919096583	-0.08416195497308883	0.06540759211457699	-0.060894864724933495	0.06174602428592327	-0.06353596004253156	0.08183966876605284	-0.05417262440671851	0.08108432218119463
-0.10124818641547723	0.18257016474949314	-0.22851000196572357	0.22870501076964553	-0.3180968186868773	0.0946499424892478	-0.29879535071258195	0.27519688650142116	-0.675970319978396	0.9999999999999993	-0.18394845818489075	0.190818341620509	-0.26351548918409784	0.24387535056744886	-0.25775766670561334	0.1545880499984409	-0.16794015214960126	0.1755863011232618	-0.17819994981042028	0.17299139419356918	-0.1077746089568506	0.12400905798581434	-0.13256299368994945	0.1253776187403255	-0.13023186856505956	0.08078039109677626	-0.12083545085973049	0.10944381347842361	-0.11546040099484545	0.10414106443842042	-0.0840616455184132	0.08576186807660882	-0.08853204536916966	0.11468957197589887	-0.09912496132511837	0.06413812067943343	-0.07568718895154744	0.10472813973268322	-0.0836538467613927	0.07693960445108444	-0.07998595908088293	0.08085902204445093	-0.10693864470229146	0.06984567714459458	-0.10582392593555605
0.16918567399804446	-0.13778781468497384	0.12601038193894018	-0.0823076553075099	0.07850002642177555	-0.21611765968201177	0.2049486763078815	-0.1889115320183805	0.14429979467861767	-0.18394845818489075	0.9999999999999984	-0.6233395278450801	0.26173085369064314	-0.16440186416147987	0.14803998206268032	-0.5460466407551443	0.2596680248953794	-0.21248290161067906	0.15031599697700931	-0.15781676947209364	0.11404409723443626	-0.15844325510082977	0.14371922284516422	-0.12148929004375497	0.11574800292420834	-0.08766644883807846	0.12157440707470515	-0.11248010504288902	0.10834998987955123	-0.09889863146088451	0.08273286879043082	-0.08660607263025619	0.08763526952459473	-0.11192582125619113	0.09064502177304729	-0.06328009667018748	0.07368493355410409	-0.10622201073532722	0.0764090445776881	-0.07136852117848896	0.07567630279163375	-0.07913770345749471	0.09474821591203064	-0.06319172528343191	0.09304786267566223
-0.14252170505574915	0.15225487391282982	-0.14784799391169395	0.0891810775653061	-0.08695189756627163	0.13691798212377979	-0.37454348848577784	0.22155917737053382	-0.17194555067948464	0.190818341620509	-0.6233395278450801	0.999999999999998	-0.4638355325861796	0.18273646329153714	-0.166885401739011	0.273125815354882	-0.2751582589362707	0.21312114371160243	-0.1609636588964797	0.15844956913022515	-0.11154529253483052	0.15011766173808588	-0.14741253241695185	0.12280247363571126	-0.11932321682360827	0.08390464186641453	-0.12288872261472353	0.11145270629201669	-0.11029342093930071	0.09934265514657369	-0.08241122773355188	0.0854663143386659	-0.08715206011573427	0.1106885278356857	-0.09176219534167662	0.0626106030119653	-0.07332783028030275	0.10390714582366255	-0.07694363770429423	0.07155295392720368	-0.07581811043913149	0.07813785566799192	-0.09567420783345584	0.06355407538574984	-0.0941919483469546
0.10477049818660918	-0.14119262317443762	0.13620268810965758	-0.10723899044067219	0.10164876784150571	-0.10683707743565732	0.21386503691735528	-0.22573287176851595	0.20775290442802946	-0.26351548918409784	0.26173085369064314	-0.4638355325861796	0.9999999999999989	-0.3936605617690439	0.25979421533260094	-0.29224799228590764	0.2556233492968053	-0.47144248524926585	0.2706660740435301	-0.28217219027483736	0.14852180519974004	-0.203354131974662	0.20133546692037496	-0.19742583415674678	0.18556028839213867	-0.11733967395183101	0.1702883737800652	-0.1653922333382919	0.1669649303527782	-0.15625338796224064	0.11678918180623979	-0.12427692129979594	0.12879556152438965	-0.17209466971541923	0.1389989369795789	-0.09053270533309767	0.10651784863686121	-0.15763163548990966	0.11574375335021535	-0.10929376477456262	0.10917200542326556	-0.11535363392324288	0.1415027436285541	-0.09518746849547194	0.139918894148651
-0.0739091481419262	0.10673959985498034	-0.11421600004607033	0.10059650522776585	-0.09855052842962747	0.07134590839022341	-0.16600160173057243	0.1766130578408877	-0.3292360408915773	0.24387535056744886	-0.16440186416147987	0.18273646329153714	-0.3936605617690439	0.999999999999998	-0.6424091361612347	0.16528920021139137	-0.18265359107561757	0.2593259413779375	-0.39540726571383145	0.2845443140949595	-0.1211637407327727	0.15165657005320607	-0.16823333646557254	0.18960191234081356	-0.19190594409206246	0.0933297941809495	-0.14363197866052851	0.1371572374243884	-0.1567031408670412	0.1416320016581373	-0.09662459628364012	0.10142034649453971	-0.1070670698495781	0.1437722192271848	-0.12483433444103129	0.07407937283485051	-0.08785190165139903	0.1262273852242758	-0.09994658368393684	0.0940924103682152	-0.09082809622137591	0.09374338953532829	-0.11993690834916435	0.0808792792646436	-0.12001299236852667
0.06842982433943584	-0.10035596647426383	0.1032328804590496	-0.09683689671830016	0.09143283851491249	-0.06739193878180373	0.14198626011994128	-0.15843929409827012	0.20809998874831342	-0.25775766670561334	0.14803998206268032	-0.166885401739011	0.25979421533260094	-0.6424091361612347	0.9999999999999976	-0.16814583905221592	0.1753838081379175	-0.26046032467140573	0.27668584877817903	-0.5245070165975224	0.12834457232753432	-0.16190366067222467	0.17173562133941978	-0.20707161495533424	0.21699539770449983	-0.10145809261177281	0.15286152380402615	-0.15185133697293704	0.16806436206414505	-0.16725514026401397	0.10496457417091329	-0.11213622004226316	0.11898996242425877	-0.16740634907129298	0.13980698979684447	-0.0815622645081253	0.09680873155658835	-0.1442244372086073	0.111897901485259	-0.10747640720514266	0.09929157629291437	-0.10467321817384623	0.13246624913885563	-0.09045638447241182	0.132716374850671
-0.12846839200719454	0.10507921282754115	-0.1066945684555922	0.07012851676234116	-0.06890241087064541	0.12210094711872982	-0.16106739217652868	0.1397442769374038	-0.13024076304073123	0.1545880499984409	-0.5460466407551443	0.273125815354882	-0.29224799228590764	0.16528920021139137	-0.16814583905221592	0.999999999999997	-0.6157642144891498	0.2347282900206025	-0.1804782950240894	0.17050081145141363	-0.17004928667984293	0.2221510021161561	-0.20979793680046785	0.14808310296915303	-0.1424851353021844	0.11877889345560244	-0.16716345667356386	0.14400337183484652	-0.13648341610638587	0.11935553280089627	-0.10934371553833151	0.1114515613644063	-0.11111917415872713	0.13408258365576173	-0.11131062563237769	0.08136558790537958	-0.09423435030904163	0.1301443269806409	-0.09340127912067757	0.08635323141768585	-0.09703704572977377	0.09900185942386941	-0.11602344444502508	0.07696903209480702	-0.11346513366102161
0.08987193241529143	-0.09858044125650084	0.09643369182659034	-0.07109149873273272	0.06834302120509987	-0.09126060907313956	0.14548018087423395	-0.14095254565176826	0.13138687581264089	-0.16794015214960126	0.2596680248953794	-0.2751582589362707	0.2556233492968053	-0.18265359107561757	0.1753838081379175	-0.6157642144891498	0.9999999999999983	-0.37713594726919125	0.21319917496013419	-0.2070472697336773	0.16737059743626836	-0.43299915341263645	0.2547563960244731	-0.18477804460625213	0.1637115332194147	-0.13137736061560734	0.19088028064126977	-0.17645812860649218	0.15810497454876038	-0.1413829810510431	0.11951968331650796	-0.12887745750414722	0.1285908643460537	-0.15814926613737995	0.12635965338761249	-0.09102128123172727	0.10574336330133345	-0.1537675659088773	0.10522773662235639	-0.09871055555751784	0.10639313308344482	-0.11233967044659623	0.12743676098716872	-0.0859745310559211	0.12481895226691442
-0.08358042176029001	0.09610906391452391	-0.09954738909454423	0.07509429233499021	-0.07358739887286052	0.0799077728700188	-0.14535564287428898	0.13922971285072333	-0.15399611353770568	0.1755863011232618	-0.21248290161067906	0.21312114371160243	-0.47144248524926585	0.2593259413779375	-0.26046032467140573	0.2347282900206025	-0.37713594726919125	0.9999999999999972	-0.5679334119685515	0.2665872668568938	-0.16174356509684762	0.23572780761381149	-0.30210605886126013	0.24462754783567112	-0.22542829827066227	0.12295816451969184	-0.1957154903447766	0.18368885841034635	-0.20102191136512448	0.17074807646991627	-0.1245453563067537	0.1309731609016616	-0.1377830337886352	0.1751472108602515	-0.15184787973373395	0.09428249096666846	-0.11164742748812367	0.15834465574057824	-0.12147961226845726	0.11366071458461122	-0.11440013205467398	0.11733475613718525	-0.14512074812753337	0.09785162822441576	-0.14453239056878048
0.06412175570350638	-0.08294613771870184	0.08552778100076498	-0.07163847750120483	0.06898916729925192	-0.06253780464273305	0.12100837326871185	-0.1257582825506563	0.15366808015568625	-0.17819994981042028	0.15031599697700931	-0.1609636588964797	0.2706660740435301	-0.39540726571383145	0.27668584877817903	-0.1804782950240894	0.21319917496013419	-0.5679334119685515	0.9999999999999968	-0.4289855409248159	0.13921166252727926	-0.20179211129922242	0.22757022831783666	-0.41380709026393214	0.25930949026173583	-0.11021011395442544	0.173678043071303	-0.18051939446543563	0.21491021935216723	-0.19601218665864437	0.11273252041335342	-0.12213192158358689	0.13132746229483663	-0.18270493081214706	0.15388068005376837	-0.08675206403247746	0.10321273572791992	-0.1539327844853298	0.11887839927923424	-0.11497347284076034	0.10440004332620931	-0.10971938388921906	0.13515291154794715	-0.09382964083802973	0.13608934774289305
-0.06850268139337971	0.08529268715871287	-0.0900368737838112	0.07221035054493008	-0.07087216471860877	0.06544118515846511	-0.12527465401760338	0.12422357473090762	-0.1526170120428189	0.17299139419356918	-0.15781676947209364	0.15844956913022515	-0.28217219027483736	0.2845443140949595	-0.5245070165975224	0.17050081145141363	-0.2070472697336773	0.2665872668568938	-0.4289855409248159	0.9999999999999943	-0.15848566342443934	0.18964234552677114	-0.22575533610937337	0.27682366542845854	-0.47417408570160663	0.1214327926917872	-0.19553934029117345	0.18689729924300466	-0.24012971322634355	0.22896092720888891	-0.12910686045493333	0.13528941138103423	-0.14614777963632436	0.20077593469187252	-0.19631013696215815	0.09847705969777013	-0.11773072157701106	0.16700227351234986	-0.14429177595314105	0.1367172628389315	-0.12167320049615532	0.12441853183341267	-0.1648110964222127	0.11309340015305547	-0.16854719712760222
0.04698661194653095	-0.055570997848025626	0.05677885211224073	-0.044573169878530924	0.043240723279404224	-0.0461703509797837	0.07882353440697454	-0.07795923386075276	0.08301184774346786	-0.1077746089568506	0.11404409723443626	-0.11154529253483052	0.14852180519974004	-0.1211637407327727	0.12834457232753432	-0.17004928667984293	0.16737059743626836	-0.16174356509684762	0.13921166252727926	-0.15848566342443934	0.9999999999999968	-0.251433411353663	0.18969350974855503	-0.14988481412814114	0.1410075375697559	-0.7537152057735423	0.24417752534658538	-0.2169656699128951	0.15820956063382927	-0.14241855714441023	0.2718289148430904	-0.2471545138624733	0.1873159704149137	-0.19439003135540567	0.13955562743568983	-0.1990447767734874	0.18730676169480132	-0.24760183976751984	0.12708577222139078	-0.11636106443339118	0.18576114738010405	-0.20838953930845772	0.16486226435085052	-0.10893744868595807	0.15088726589442236
-0.06075534277838586	0.06814326762251696	-0.06972906942363898	0.05253591340042486	-0.05120322083093164	0.058961077839797184	-0.10030713250042733	0.09620531820521575	-0.10081592539063741	0.12400905798581434	-0.15844325510082977	0.15011766173808588	-0.203354131974662	0.15165657005320607	-0.16190366067222467	0.2221510021161561	-0.43299915341263645	0.23572780761381149	-0.20179211129922242	0.18964234552677114	-0.251433411353663	0.999999999999995	-0.6675399666339485	0.22549988052415657	-0.19684821888817738	0.17260178499245782	-0.34231645930281623	0.24549579780878908	-0.2020543647959264	0.16325974358868728	-0.1544340624928368	0.1677215412100355	-0.16545747508878625	0.1779467646110494	-0.14558470846817126	0.11228815445416226	-0.13159619290810118	0.18131352318766167	-0.1188365509953204	0.11039596066784386	-0.12871033015069527	0.13258539309377382	-0.14108007286806049	0.09542466778315487	-0.13713254575230394
0.05798742127375251	-0.06903191566243493	0.0701446610294043	-0.05489987261729037	0.05314756005528827	-0.05705316230371799	0.09977354643635492	-0.09902883155515353	0.10546055109104922	-0.13256299368994945	0.14371922284516422	-0.14741253241695185	0.20133546692037496	-0.16823333646557254	0.17173562133941978	-0.20979793680046785	0.2547563960244731	-0.30210605886126013	0.22757022831783666	-0.22575533610937337	0.18969350974855503	-0.6675399666339485	0.9999999999999971	-0.3779371229101278	0.2242522459707444	-0.15664431038555568	0.2611390509872027	-0.3400661506684714	0.23287053790933163	-0.19642102476232404	0.145229010141986	-0.16700272375442343	0.17769536282301662	-0.20306718869070342	0.15954878911507261	-0.11051655628711086	0.13052026641456888	-0.20065549931822	0.12788190087616003	-0.12173826156813612	0.12638006399237137	-0.1351965652481244	0.14623604373990687	-0.10124536210980377	0.14369581772304427
-0.051190083431259914	0.06267348199925744	-0.06504315370259454	0.051913418389567305	-0.050572993702365496	0.04952507446247832	-0.09127626962599321	0.09081427014863344	-0.10553349552365093	0.1253776187403255	-0.12148929004375497	0.12280247363571126	-0.19742583415674678	0.18960191234081356	-0.20707161495533424	0.14808310296915303	-0.18477804460625213	0.24462754783567112	-0.41380709026393214	0.27682366542845854	-0.14988481412814114	0.22549988052415657	-0.3779371229101278	0.9999999999999966	-0.5500104368163241	0.11840925612631148	-0.20911821802484917	0.22779315188821211	-0.45865521716271357	0.27665508271221473	-0.1235968289776551	0.13611038364395667	-0.1544934650760686	0.21348302178799033	-0.19726168148447581	0.0938005911764654	-0.11305224681187798	0.16771759613277984	-0.13748191248438824	0.13422997707718654	-0.11223230652578897	0.11712588736575769	-0.1440271757215223	0.10302070152786842	-0.14778189408392076
0.04985316907501158	-0.0626744295098587	0.06481685884248202	-0.05298332635713884	0.051346061249074294	-0.048489755391920096	0.09008261054770579	-0.09104112936475178	0.10565988354049449	-0.13023186856505956	0.11574800292420834	-0.11932321682360827	0.18556028839213867	-0.19190594409206246	0.21699539770449983	-0.1424851353021844	0.1637115332194147	-0.22542829827066227	0.25930949026173583	-0.47417408570160663	0.1410075375697559	-0.19684821888817738	0.2242522459707444	-0.5500104368163241	0.9999999999999978	-0.114129080511728	0.1869792110960002	-0.2097281334993893	0.2952801933316922	-0.4818888502914216	0.11991315214411627	-0.13336997184283833	0.14989490047255008	-0.23751367148707028	0.22329083647570158	-0.09287444817754012	0.11177776496191724	-0.1730595074159858	0.14729841682903116	-0.1569646483075958	0.11120679271324187	-0.11867770920195936	0.14854161089011436	-0.109994182740482	0.15485070464918638
-0.0361494926650217	0.04219006369966608	-0.04348293919438098	0.03373706895704945	-0.032881707262411075	0.03512360258724472	-0.060334494156593914	0.05901053496053444	-0.0635114706549892	0.08078039109677626	-0.08766644883807846	0.08390464186641453	-0.11733967395183101	0.0933297941809495	-0.10145809261177281	0.11877889345560244	-0.13137736061560734	0.12295816451969184	-0.11021011395442544	0.1214327926917872	-0.7537152057735423	0.17260178499245782	-0.15664431038555568	0.11840925612631148	-0.114129080511728	0.9999999999999943	-0.2751611302569087	0.18254925325626742	-0.13211356355460102	0.11390704192330063	-0.4531828838823393	0.22964934446508817	-0.16853504866366645	0.15375649360833551	-0.11469758927022816	0.19732591657681436	-0.18441531658978835	0.19472680318588836	-0.10460735166254496	0.09404502461149282	-0.19752950049705842	0.17798083134118867	-0.13930569775425744	0.08972991762893413	-0.12491820825208513
0.05102769896570826	-0.06152802103814882	0.06304915898633863	-0.04985669053678595	0.04838073715760845	-0.04998080900207146	0.08776367937441018	-0.08715808951925577	0.09428031443092848	-0.12083545085973049	0.12157440707470515	-0.12288872261472353	0.1702883737800652	-0.14363197866052851	0.15286152380402615	-0.16716345667356386	0.19088028064126977	-0.1957154903447766	0.173678043071303	-0.19553934029117345	0.24417752534658538	-0.34231645930281623	0.2611390509872027	-0.20911821802484917	0.1869792110960002	-0.2751611302569087	0.9999999999999993	-0.5862570890329648	0.24254087940669433	-0.20526715769384438	0.24097955528240078	-0.40352528182769287	0.28060388740382264	-0.25780796918621485	0.1822125277385014	-0.1817365046084887	0.21661599567982887	-0.31591311266475236	0.15676017651948493	-0.14551176439000896	0.18939301553662108	-0.2133853911770733	0.18538550608934512	-0.1266120809702494	0.17437575188798737
-0.04728538871017785	0.056415941997843784	-0.058393731516150106	0.04567013935253564	-0.044564507890524505	0.04581924213812318	-0.08127019746352591	0.07982369984220718	-0.08805977161932306	0.10944381347842361	-0.11248010504288902	0.11145270629201669	-0.1653922333382919	0.1371572374243884	-0.15185133697293704	0.14400337183484652	-0.17645812860649218	0.18368885841034635	-0.18051939446543563	0.18689729924300466	-0.2169656699128951	0.24549579780878908	-0.3400661506684714	0.22779315188821211	-0.2097281334993893	0.18254925325626742	-0.5862570890329648	0.999999999999999	-0.4100173960381999	0.22230964272236578	-0.20524065845909553	0.25112044288232893	-0.4116493931213067	0.24926623114872962	-0.20048513282753658	0.1476327902690139	-0.1874778484340265	0.2742380683938761	-0.16045813501725562	0.14543347923687536	-0.16970370227023834	0.17248252995975255	-0.18013652028393398	0.12318849663491299	-0.17430256467704042
0.046362596278039944	-0.057127346550208236	0.05903613197217877	-0.04741759389287185	0.04606274025610165	-0.04509042999951317	0.08196855357834444	-0.08195727774584669	0.0927179989637532	-0.11546040099484545	0.10834998987955123	-0.11029342093930071	0.1669649303527782	-0.1567031408670412	0.16806436206414505	-0.13648341610638587	0.15810497454876038	-0.20102191136512448	0.21491021935216723	-0.24012971322634355	0.15820956063382927	-0.2020543647959264	0.23287053790933163	-0.45865521716271357	0.2952801933316922	-0.13211356355460102	0.24254087940669433	-0.4100173960381999	0.9999999999999951	-0.548179705232537	0.1423654237766718	-0.16749545136819927	0.204269805883032	-0.35786968320720786	0.2592455583969522	-0.10962500206162562	0.13401488555674146	-0.21623210017548128	0.17654403862570256	-0.1820304208982236	0.12899572582259616	-0.13836542441384597	0.16741307549822224	-0.1264940324601939	0.1741088010822613
-0.04253266229315019	0.05206322776829821	-0.05419337890097721	0.04315223766184874	-0.04210963346844025	0.04108884465482628	-0.07505776459841733	0.07438981881459163	-0.0851322031560323	0.10414106443842042	-0.09889863146088451	0.09934265514657369	-0.15625338796224064	0.1416320016581373	-0.16725514026401397	0.11935553280089627	-0.1413829810510431	0.17074807646991627	-0.19601218665864437	0.22896092720888891	-0.14241855714441023	0.16325974358868728	-0.19642102476232404	0.27665508271221473	-0.4818888502914216	0.11390704192330063	-0.20526715769384438	0.22230964272236578	-0.548179705232537	0.9999999999999946	-0.12577577351774377	0.13905957446715314	-0.16625256793800855	0.27283708156537595	-0.48832148892966065	0.09638369182599528	-0.11799412053513628	0.177096402880298	-0.19480864714661575	0.20750148371404953	-0.11700929573293184	0.12337621798852541	-0.16719849285112368	0.1305279066560999	-0.18678510142792473
0.03532571154186818	-0.0426287219205744	0.04394960256999565	-0.03474933293372068	0.03381022626079228	-0.03444208269044106	0.060523857900399165	-0.0598940893489328	0.06524734394481262	-0.0840616455184132	0.08273286879043082	-0.08241122773355188	0.11678918180623979	-0.09662459628364012	0.10496457417091329	-0.10934371553833151	0.11951968331650796	-0.1245453563067537	0.11273252041335342	-0.12910686045493333	0.2718289148430904	-0.1544340624928368	0.145229010141986	-0.1235968289776551	0.11991315214411627	-0.4531828838823393	0.24097955528240078	-0.20524065845909553	0.1423654237766718	-0.12577577351774377	0.999999999999993	-0.5023019890890833	0.22393028339730534	-0.18670143752091814	0.12997260049312198	-0.49256443264556504	0.282955074667265	-0.27532831561314397	0.12240422025432215	-0.10947273166700591	0.27184641614490823	-0.27715464833149756	0.16503134287482998	-0.10699147829996052	0.14276564690667704
-0.03681506353931111	0.04401805093091334	-0.045572131009752485	0.035715023290644785	-0.03484860653514834	0.03571072723600415	-0.0629115154719293	0.06183202865693874	-0.06773115700962852	0.08576186807660882	-0.08660607263025619	0.0854663143386659	-0.12427692129979594	0.10142034649453971	-0.11213622004226316	0.1114515613644063	-0.12887745750414722	0.1309731609016616	-0.12213192158358689	0.13528941138103423	-0.2471545138624733	0.1677215412100355	-0.16700272375442343	0.13611038364395667	-0.13336997184283833	0.22964934446508817	-0.40352528182769287	0.25112044288232893	-0.16749545136819927	0.13905957446715314	-0.5023019890890833	0.9999999999999977	-0.42959377061892356	0.20528289230298247	-0.14811169855244596	0.2624604509528484	-0.4566368985953644	0.2958845224122222	-0.13746299611874843	0.11948643765740619	-0.26239244115610005	0.2573407262390711	-0.18042296675365097	0.1149371477911326	-0.15653994204932686
0.03749751097481254	-0.04514964022358369	0.0468011523856137	-0.036819616460082055	0.03592888225614003	-0.03635034861953118	0.06457764799245051	-0.06360960845958942	0.07023549669249793	-0.08853204536916966	0.08763526952459473	-0.08715206011573427	0.12879556152438965	-0.1070670698495781	0.11898996242425877	-0.11111917415872713	0.1285908643460537	-0.1377830337886352	0.13132746229483663	-0.14614777963632436	0.1873159704149137	-0.16545747508878625	0.17769536282301662	-0.1544934650760686	0.14989490047255008	-0.16853504866366645	0.28060388740382264	-0.4116493931213067	0.204269805883032	-0.16625256793800855	0.22393028339730534	-0.42959377061892356	0.9999999999999987	-0.336738886526696	0.18205486969352636	-0.17120578851550847	0.22950683948375844	-0.6465145110207582	0.16812882082944852	-0.14301783901467335	0.18188322795502948	-0.19901311808984573	0.18172748308178224	-0.12583661068612179	0.16884710499792077
-0.0484677355273593	0.058477569955140474	-0.061096449121403	0.047958190315403056	-0.04697330391270244	0.0466607686465251	-0.08400303547697902	0.08237286854905254	-0.09271699999725962	0.11468957197589887	-0.11192582125619113	0.1106885278356857	-0.17209466971541923	0.1437722192271848	-0.16740634907129298	0.13408258365576173	-0.15814926613737995	0.1751472108602515	-0.18270493081214706	0.20077593469187252	-0.19439003135540567	0.1779467646110494	-0.20306718869070342	0.21348302178799033	-0.23751367148707028	0.15375649360833551	-0.25780796918621485	0.24926623114872962	-0.35786968320720786	0.27283708156537595	-0.18670143752091814	0.20528289230298247	-0.336738886526696	0.9999999999999933	-0.49377778538634215	0.14177015518224223	-0.17933859355204498	0.26624609875363264	-0.42491440146768567	0.28892908733780576	-0.17643780592472252	0.18226706576132334	-0.28097337763914615	0.2218448658034367	-0.30322498508593304
0.03951591301972236	-0.04886450434920199	0.05069390463616397	-0.04072656028099473	0.03963870407041214	-0.038345722656867705	0.06963569174494223	-0.06940056664365732	0.07830273557671685	-0.09912496132511837	0.09064502177304729	-0.09176219534167662	0.1389989369795789	-0.12483433444103129	0.13980698979684447	-0.11131062563237769	0.12635965338761249	-0.15184787973373395	0.15388068005376837	-0.19631013696215815	0.13955562743568983	-0.14558470846817126	0.15954878911507261	-0.19726168148447581	0.22329083647570158	-0.11469758927022816	0.1822125277385014	-0.20048513282753658	0.2592455583969522	-0.48832148892966065	0.12997260049312198	-0.14811169855244596	0.18205486969352636	-0.49377778538634215	0.9999999999999946	-0.10325359769261765	0.12717455606030184	-0.2108838050943464	0.28089708787639156	-0.521434423084358	0.12510324506282697	-0.13920945062639445	0.19827768266130685	-0.18275712953619505	0.23538061638936128
-0.027127013012037463	0.0326430475485534	-0.03378977993453845	0.026615804730907435	-0.025952827411663375	0.026343600658280356	-0.04643888220052371	0.045766044684653076	-0.05012152164490969	0.06413812067943343	-0.06328009667018748	0.0626106030119653	-0.09053270533309767	0.07407937283485051	-0.0815622645081253	0.08136558790537958	-0.09102128123172727	0.09428249096666846	-0.08675206403247746	0.09847705969777013	-0.1990447767734874	0.11228815445416226	-0.11051655628711086	0.0938005911764654	-0.09287444817754012	0.19732591657681436	-0.1817365046084887	0.1476327902690139	-0.10962500206162562	0.09638369182599528	-0.49256443264556504	0.2624604509528484	-0.17120578851550847	0.14177015518224223	-0.10325359769261765	0.9999999999999916	-0.4693018196769498	0.20635249028514832	-0.10037587124162212	0.08831153612960616	-0.6239206355196665	0.301011481315762	-0.150182823120233	0.09218281429549566	-0.12090089744491886
0.031724839620555174	-0.038359028657686804	0.039715801456014076	-0.0313668961372892	0.03057987585889704	-0.030815700864501194	0.05455136544554922	-0.05384681392534565	0.05913916919096583	-0.07568718895154744	0.07368493355410409	-0.07332783028030275	0.10651784863686121	-0.08785190165139903	0.09680873155658835	-0.09423435030904163	0.10574336330133345	-0.11164742748812367	0.10321273572791992	-0.11773072157701106	0.18730676169480132	-0.13159619290810118	0.13052026641456888	-0.11305224681187798	0.11177776496191724	-0.18441531658978835	0.21661599567982887	-0.1874778484340265	0.13401488555674146	-0.11799412053513628	0.282955074667265	-0.4566368985953644	0.22950683948375844	-0.17933859355204498	0.12717455606030184	-0.4693018196769498	0.9999999999999928	-0.33006950674554025	0.12562551788626386	-0.11003573304581343	0.312924109106985	-0.5743818260722539	0.1900630701097253	-0.11756510303978548	0.14786346215539875
-0.04558986929536308	0.05424663575666177	-0.05659988696131356	0.04399960038533659	-0.043125812487408245	0.0439032841650124	-0.07787216430883684	0.07595427178320009	-0.08416195497308883	0.10472813973268322	-0.10622201073532722	0.10390714582366255	-0.15763163548990966	0.1262273852242758	-0.1442244372086073	0.1301443269806409	-0.1537675659088773	0.15834465574057824	-0.1539327844853298	0.16700227351234986	-0.24760183976751984	0.18131352318766167	-0.20065549931822	0.16771759613277984	-0.1730595074159858	0.19472680318588836	-0.31591311266475236	0.2742380683938761	-0.21623210017548128	0.177096402880298	-0.27532831561314397	0.2958845224122222	-0.6465145110207582	0.26624609875363264	-0.2108838050943464	0.20635249028514832	-0.33006950674554025	0.9999999999999901	-0.21804385656749078	0.1701640756849734	-0.24783198867448056	0.2373502659805973	-0.2565796685961112	0.1629757419419302	-0.22589596341475882
0.03356032606630042	-0.04140948379675276	0.04303750336384904	-0.034448342271585185	0.03357825486006775	-0.03253753977305383	0.05877556932317754	-0.058362618289266484	0.06540759211457699	-0.0836538467613927	0.0764090445776881	-0.07694363770429423	0.11574375335021535	-0.09994658368393684	0.111897901485259	-0.09340127912067757	0.10522773662235639	-0.12147961226845726	0.11887839927923424	-0.14429177595314105	0.12708577222139078	-0.1188365509953204	0.12788190087616003	-0.13748191248438824	0.14729841682903116	-0.10460735166254496	0.15676017651948493	-0.16045813501725562	0.17654403862570256	-0.19480864714661575	0.12240422025432215	-0.13746299611874843	0.16812882082944852	-0.42491440146768567	0.28089708787639156	-0.10037587124162212	0.12562551788626386	-0.21804385656749078	0.9999999999999907	-0.6338631707135722	0.12411733341756549	-0.14808549674795618	0.25874434993491796	-0.4398291924844383	0.3018892373322507
-0.031238612264175743	0.03835032266677637	-0.03993578753325372	0.03181589080962858	-0.03105736003426943	0.03021511657349192	-0.054656925635658805	0.05410046878254632	-0.060894864724933495	0.07693960445108444	-0.07136852117848896	0.07155295392720368	-0.10929376477456262	0.0940924103682152	-0.10747640720514266	0.08635323141768585	-0.09871055555751784	0.11366071458461122	-0.11497347284076034	0.1367172628389315	-0.11636106443339118	0.11039596066784386	-0.12173826156813612	0.13422997707718654	-0.1569646483075958	0.09404502461149282	-0.14551176439000896	0.14543347923687536	-0.1820304208982236	0.20750148371404953	-0.10947273166700591	0.11948643765740619	-0.14301783901467335	0.28892908733780576	-0.521434423084358	0.08831153612960616	-0.11003573304581343	0.1701640756849734	-0.6338631707135722	0.9999999999999893	-0.110895754436902	0.12654960947152472	-0.2373042811237979	0.2530876943515211	-0.39481727542575284
0.032846214957295033	-0.04008127286394886	0.04144693527778978	-0.032974297804064134	0.03210158266516765	-0.031976719818114015	0.05672710698995132	-0.05623780974519511	0.06174602428592327	-0.07998595908088293	0.07567630279163375	-0.07581811043913149	0.10917200542326556	-0.09082809622137591	0.09929157629291437	-0.09703704572977377	0.10639313308344482	-0.11440013205467398	0.10440004332620931	-0.12167320049615532	0.18576114738010405	-0.12871033015069527	0.12638006399237137	-0.11223230652578897	0.11120679271324187	-0.19752950049705842	0.18939301553662108	-0.16970370227023834	0.12899572582259616	-0.11700929573293184	0.27184641614490823	-0.26239244115610005	0.18188322795502948	-0.17643780592472252	0.12510324506282697	-0.6239206355196665	0.312924109106985	-0.24783198867448056	0.12411733341756549	-0.110895754436902	0.9999999999999893	-0.5631967335259933	0.19374560566751997	-0.12117515208259105	0.15142028907565702
-0.034200738014507716	0.041190015058929386	-0.04280929258959905	0.03365497779759666	-0.03288404020100153	0.03310098833383993	-0.05865613041366552	0.05764240104384885	-0.06353596004253156	0.08085902204445093	-0.07913770345749471	0.07813785566799192	-0.11535363392324288	0.09374338953532829	-0.10467321817384623	0.09900185942386941	-0.11233967044659623	0.11733475613718525	-0.10971938388921906	0.12441853183341267	-0.20838953930845772	0.13258539309377382	-0.1351965652481244	0.11712588736575769	-0.11867770920195936	0.17798083134118867	-0.2133853911770733	0.17248252995975255	-0.13836542441384597	0.12337621798852541	-0.27715464833149756	0.2573407262390711	-0.19901311808984573	0.18226706576132334	-0.13920945062639445	0.301011481315762	-0.5743818260722539	0.2373502659805973	-0.14808549674795618	0.12654960947152472	-0.5631967335259933	0.9999999999999888	-0.319480520843344	0.1559110312413133	-0.19166041838338016
0.042186528337199346	-0.05247518194487764	0.054539313234227144	-0.04386479473130471	0.042740529458765636	-0.040977801985419365	0.07384179188960854	-0.07347245587308747	0.08183966876605284	-0.10693864470229146	0.09474821591203064	-0.09567420783345584	0.1415027436285541	-0.11993690834916435	0.13246624913885563	-0.11602344444502508	0.12743676098716872	-0.14512074812753337	0.13515291154794715	-0.1648110964222127	0.16486226435085052	-0.14108007286806049	0.14623604373990687	-0.1440271757215223	0.14854161089011436	-0.13930569775425744	0.18538550608934512	-0.18013652028393398	0.16741307549822224	-0.16719849285112368	0.16503134287482998	-0.18042296675365097	0.18172748308178224	-0.28097337763914615	0.19827768266130685	-0.150182823120233	0.1900630701097253	-0.2565796685961112	0.25874434993491796	-0.2373042811237979	0.19374560566751997	-0.319480520843344	0.99999999999999	-0.5884235884961035	0.317652089223032
