1.0	-0.720910133588812	0.09468675918760683	-0.09067458401408658	0.11120619418679437	-0.4809661345938726	0.3165333467057057	-0.09550480599568557	0.09638073371932032	-0.09823805613360771	0.25315191659563097	-0.2502001333222367	0.15864319063075874	-0.11529775397043811	0.10415919790855581	-0.20308793437036116	0.16186446009454203	-0.12215675862186043	0.10789809039401531	-0.1281789514334026	0.09480852178745776	-0.09409479808441265	0.09801286241361537	-0.09267148046773638	0.08255481368651708	-0.09074929030953784	0.10212440357976857	-0.08718937266816243	0.08283316715041274	-0.10737000401082317	0.06673146691316431	-0.08022621102163677	0.07979087516953096	-0.06935412147551367	0.08629564885175729	-0.08364551608016128	0.058888384041946774	-0.07248398882497784	0.08968870366269803	-0.060922383759523385	0.09562075115168046	-0.0713681634788739	0.03804881731374001	-0.03145330433021949	0.05174520185276645
-0.720910133588812	0.9999999999999994	-0.11090805734839916	0.093479231328808	-0.10387766756135058	0.2935330906908907	-0.5463728639845657	0.09346036205079238	-0.0968668563560429	0.08773472253223658	-0.2539161306227075	0.22394472511212601	-0.1533742584130249	0.10236899140867502	-0.09531686614779963	0.16012112133098574	-0.1500783503111546	0.10565461315978954	-0.09500274514317163	0.1072866386969432	-0.08142112363426844	0.07975197156501702	-0.08478957281664516	0.0776543166674057	-0.06979842963330674	0.07475282068982889	-0.0873299670862103	0.07317721144984486	-0.06995035501437115	0.08846451684209801	-0.05558465413479061	0.06692454303268217	-0.06718742875770384	0.05817597255083204	-0.0728747044807775	0.06872400463241107	-0.04900819212697146	0.06042323455225523	-0.07559890962575933	0.04970352775090287	-0.07982549992957355	0.05896002151404344	-0.0315637490225661	0.026060088043576703	-0.042650599446006805
0.09468675918760683	-0.11090805734839916	0.9999999999999996	-0.9033671110059547	0.18669662498963957	-0.06743667518814239	0.08643018043554977	-0.23974879702943844	0.19714851673256417	-0.15814258464352454	0.07797993876425964	-0.08368435579128021	0.12519754874297476	-0.10776256960894388	0.10459889367047041	-0.08871827905906383	0.07731773550059824	-0.08552085441889971	0.08226461912544737	-0.10325362896671135	0.05192480695394239	-0.050169538079058704	0.06936040388214652	-0.06756063027258853	0.06139978033394446	-0.05663367182410343	0.06392228948748346	-0.061532338275343705	0.05904968722554394	-0.07916363939319912	0.04291738494985901	-0.0522617879570374	0.05458007527935217	-0.048891410085284595	0.06130142449348144	-0.05537864342191122	0.039653993068603455	-0.049618423689880065	0.06266499225533044	-0.043508718949447835	0.0650337960511902	-0.04813188583924447	0.026681460134703662	-0.02202333966623072	0.0368755129247009
-0.09067458401408658	0.093479231328808	-0.9033671110059547	1.0	-0.24391728274218177	0.06257932386428426	-0.08118521957615739	0.1890820369912052	-0.22918458224007796	0.15084692137197933	-0.07392392618774121	0.07740340100895929	-0.12018930836770725	0.10117536887612848	-0.10314441912723936	0.08052352394934831	-0.07174907851167081	0.0783548776242892	-0.07677448351043023	0.09361983045427218	-0.04755834860465116	0.0458409626680389	-0.06387886289385114	0.06131255272339388	-0.05604093380476045	0.051169882860504445	-0.058422702622499635	0.05587813689275851	-0.05381703489178518	0.0712208059035698	-0.038893178022421426	0.04740027685778693	-0.04968773491219204	0.04442988224544251	-0.05589492492679141	0.0499117962887095	-0.035922406696630715	0.04498328288926124	-0.05709129530067873	0.03899557885169808	-0.05891992757918382	0.043473008006756846	-0.024112999835275487	0.01989459085318479	-0.033205842784053655
0.11120619418679437	-0.10387766756135058	0.18669662498963957	-0.24391728274218177	0.9999999999999997	-0.09278116574483342	0.1110308172698765	-0.15772671228589033	0.16818706152793683	-0.72676384742933	0.12223500918897387	-0.1333229515454244	0.2101160745178522	-0.24824028710820273	0.2721482900392196	-0.16721840675445646	0.1426004784270107	-0.1714512208370373	0.17499850593204835	-0.23880009931581203	0.10321469582675886	-0.09907255748618624	0.14397237270472205	-0.1454258139383741	0.13385052278991796	-0.11874993282439122	0.13241984536191886	-0.1306897366489849	0.1262032605128644	-0.17393039463400572	0.09040874829245449	-0.1102212292748147	0.11589377714455742	-0.10488688403138123	0.13160661434528592	-0.11833002248774942	0.08453092653566736	-0.10598113409164306	0.13413189932377406	-0.09563069484597428	0.13952578000688848	-0.10298695953776682	0.05777664940869777	-0.04767608517601051	0.08064032591920475
-0.4809661345938726	0.2935330906908907	-0.06743667518814239	0.06257932386428426	-0.09278116574483342	0.9999999999999992	-0.5390562369084426	0.08549274761919623	-0.08686261754717298	0.08175625210398894	-0.5862677878829725	0.2813237944208216	-0.15801526283785247	0.10354812079998334	-0.0922436639162953	0.1790385765114704	-0.16443321372165612	0.10904826326339111	-0.09526935848820507	0.10719861432494147	-0.08519866566430236	0.08428633949698047	-0.08519189573925891	0.07779385256791076	-0.0694178371169475	0.07564943879876072	-0.08790326844862571	0.0732834853745179	-0.06951685291344684	0.08804983845700737	-0.05584103653902946	0.06718481619465429	-0.0668412761026711	0.05766424112668981	-0.07184799909002806	0.06864140096596141	-0.04880642313773185	0.060101156227770444	-0.07458529583836325	0.0489690897533255	-0.07889695657812303	0.05875114707606405	-0.031133562700857893	0.025729802114650382	-0.04190879642802424
0.3165333467057057	-0.5463728639845657	0.08643018043554977	-0.08118521957615739	0.1110308172698765	-0.5390562369084426	0.9999999999999993	-0.11462242741360361	0.1081554369652392	-0.10039762994732959	0.3026430269342337	-0.44745560863062195	0.1867112378429685	-0.12872522383703583	0.11007706901085183	-0.21846527632692544	0.1907412048212698	-0.1336210838039288	0.11412892915414893	-0.13127088821338026	0.10018785009227378	-0.10186007490031401	0.10201532744295147	-0.09451495512222617	0.08382698338448799	-0.0911266101076115	0.10399380445815204	-0.08865321307537338	0.08359880457969401	-0.10716065747325995	0.06690654239914294	-0.0806592084382775	0.08007222442051666	-0.06931978884472631	0.0860249442014224	-0.08272460688437418	0.05861067693514639	-0.07226121019819372	0.08919320124236058	-0.05916077171925044	0.09427815510383382	-0.0707710417607851	0.03739976759752256	-0.030933194563018705	0.05040970690713856
-0.09550480599568557	0.09346036205079238	-0.23974879702943844	0.1890820369912052	-0.15772671228589033	0.08549274761919623	-0.11462242741360361	0.9999999999999988	-0.8579837841744691	0.14756845591172263	-0.10919080022685321	0.1275923650951181	-0.3087742656560659	0.17259568244185944	-0.14746604238235336	0.1158347839172627	-0.1080359327243375	0.1272539201763557	-0.11875050427594486	0.1306628549991947	-0.06662604189285835	0.06496087135756734	-0.09535580894850132	0.08716554290398135	-0.07872217216190824	0.06909427190217726	-0.07963077686378699	0.0789901291982721	-0.07500661803038547	0.09713342538912703	-0.05247418314017734	0.06439169176161127	-0.06799447043768297	0.06062786823307299	-0.07583855152307313	0.06647202353752174	-0.04835211690965744	0.060927493845863705	-0.07696958721635477	0.050767990872880586	-0.07768793522006948	0.058284771650519915	-0.03190474810446027	0.026360372242716385	-0.043334286227780405
0.09638073371932032	-0.0968668563560429	0.19714851673256417	-0.22918458224007796	0.16818706152793683	-0.08686261754717298	0.1081554369652392	-0.8579837841744691	0.9999999999999982	-0.18263878898321542	0.10742789485617152	-0.12845583245486755	0.2309883895810454	-0.19976663716910203	0.1551753360205135	-0.1294782882223742	0.1135555154119422	-0.13868816469821718	0.12737754095818657	-0.1515001643283652	0.07386341999427731	-0.07212360304491491	0.10387185933853972	-0.09961976887633697	0.0891951974159075	-0.0792937808195019	0.0895026887258884	-0.08991765250302113	0.08492260672325334	-0.1132077259558087	0.05997755273406726	-0.0735158077169334	0.077167401142964	-0.0691988130217161	0.08612619315103315	-0.07684434747929628	0.05542016957611216	-0.069770275259256	0.08748819614471433	-0.059355366733513	0.08914104505739182	-0.06717537866500527	0.03677129375028392	-0.03040324365422465	0.05027638603327186
-0.09823805613360771	0.08773472253223658	-0.15814258464352454	0.15084692137197933	-0.72676384742933	0.08175625210398894	-0.10039762994732959	0.14756845591172263	-0.18263878898321542	0.9999999999999991	-0.1121138923189649	0.11985332471014996	-0.2261794888785867	0.24331363981542345	-0.49279447402329635	0.13190774849923695	-0.12184314648934318	0.145619977069604	-0.16264489258579373	0.18884673536058988	-0.082350432357901	0.07885460864781448	-0.12089938128607985	0.11390745464852482	-0.10839671072479302	0.08903864525365643	-0.10395164354185372	0.101982706789873	-0.09968148229625638	0.12919511082171298	-0.06856169023993484	0.08414182010761269	-0.09026964927520433	0.08118630892594761	-0.10325230012580319	0.08743360985861023	-0.06407565497218201	0.08086369347431129	-0.10445795800939535	0.06848346905238578	-0.10486235296027331	0.07700950559145703	-0.04312028620478716	0.03553822681194351	-0.05896581534210398
0.25315191659563097	-0.2539161306227075	0.07797993876425964	-0.07392392618774121	0.12223500918897387	-0.5862677878829725	0.3026430269342337	-0.10919080022685321	0.10742789485617152	-0.1121138923189649	0.9999999999999967	-0.5721352193209694	0.21274049479801563	-0.14901211309794532	0.12478263320130241	-0.29924196333256353	0.23326622383240717	-0.15806626567512644	0.13278116576383314	-0.15305742435052277	0.1227766906993308	-0.12468862062248837	0.11940696573800394	-0.11067954286528463	0.09778083850838844	-0.10857201011270519	0.12334662830133124	-0.10401034583764686	0.09772180067307205	-0.12526426568342608	0.07927774336568741	-0.09539813584331945	0.09397628410850618	-0.08107738894766468	0.10034786731296275	-0.09756906933938764	0.06893438985871243	-0.08483212937458195	0.10421054266724197	-0.06903746462843621	0.11055808136405085	-0.08325248414907865	0.04370400165342382	-0.036164363070218294	0.058766681470861996
-0.2502001333222367	0.22394472511212601	-0.08368435579128021	0.07740340100895929	-0.1333229515454244	0.2813237944208216	-0.44745560863062195	0.1275923650951181	-0.12845583245486755	0.11985332471014996	-0.5721352193209694	0.9999999999999993	-0.3690749890997461	0.1735600074319241	-0.14694219841520972	0.2649965503782155	-0.3906697440720855	0.1823907352609341	-0.15235721578780398	0.15951382813257448	-0.13351792838689447	0.13627765256525823	-0.13281763325343834	0.11556251556425784	-0.10273307011928978	0.10946104783213263	-0.13101432746128464	0.10851236584058072	-0.10203233962039973	0.12681668596772283	-0.080885362050249	0.09768889698442246	-0.09719538644128024	0.08333139780947538	-0.1035116918889612	0.09759360374610661	-0.07006558210029759	0.08648721637950534	-0.10708841050624847	0.0683886736301874	-0.11190556551775435	0.08388833296406699	-0.0440771011767274	0.03644409940214659	-0.05873261874968344
0.15864319063075874	-0.1533742584130249	0.12519754874297476	-0.12018930836770725	0.2101160745178522	-0.15801526283785247	0.1867112378429685	-0.3087742656560659	0.2309883895810454	-0.2261794888785867	0.21274049479801563	-0.3690749890997461	0.9999999999999958	-0.516000763255377	0.2686555889190159	-0.24360635168307604	0.22603291599770114	-0.35710514710766966	0.25289910868702337	-0.2768813614870674	0.13253143154252517	-0.13280440754657746	0.20181890224956772	-0.18411057449461132	0.16003658220493724	-0.13609111612937083	0.15464798509891245	-0.16508410228529144	0.1508863967187625	-0.1974540951473174	0.10268825121307062	-0.12698202777399306	0.13414879681759384	-0.11994967576169303	0.14763665156555847	-0.1296906429069308	0.09455644519676845	-0.1199954486971328	0.14896431392706966	-0.09766533507807669	0.14851996881521237	-0.11419171211875384	0.0614889006003234	-0.05093859753543426	0.08280815115287568
-0.11529775397043811	0.10236899140867502	-0.10776256960894388	0.10117536887612848	-0.24824028710820273	0.10354812079998334	-0.12872522383703583	0.17259568244185944	-0.19976663716910203	0.24331363981542345	-0.14901211309794532	0.1735600074319241	-0.516000763255377	0.9999999999999951	-0.6430939331728626	0.16142338502107512	-0.15929693247728	0.21884088264580556	-0.3098854486505379	0.24402260050077423	-0.09651965165180888	0.09403218795145046	-0.15732132924475337	0.14028587368188128	-0.13165485519460945	0.09923240371222294	-0.1168429823138443	0.12229201605986506	-0.11690823201860574	0.148389591836694	-0.0762335020624015	0.09450216327944866	-0.10241178526801624	0.09191176374789187	-0.1154937977832246	0.09556912314176999	-0.0710009993285938	0.09045818731585238	-0.11550807070571713	0.07268871701006871	-0.11245509774681242	0.08495882681408765	-0.04661837806866861	0.03851760513632881	-0.06257645002716511
0.10415919790855581	-0.09531686614779963	0.10459889367047041	-0.10314441912723936	0.2721482900392196	-0.0922436639162953	0.11007706901085183	-0.14746604238235336	0.1551753360205135	-0.49279447402329635	0.12478263320130241	-0.14694219841520972	0.2686555889190159	-0.6430939331728626	0.9999999999999962	-0.16107241745254589	0.14427503359824145	-0.19751342147611933	0.22304083400834662	-0.3098140684221175	0.09647366461552888	-0.09381978993470895	0.14963599154500412	-0.14779812524448113	0.14038809371098368	-0.10527219654823804	0.1202548794947266	-0.1266936735995364	0.12142474759836173	-0.16451555910967341	0.08049247109832008	-0.09952031746623015	0.10677507668526205	-0.09710771439037541	0.12144550787979021	-0.10288384069605831	0.07538430075463416	-0.09583549801198508	0.12139152430254746	-0.08003677997800528	0.12012306093647306	-0.09101139279653932	0.0501041001227301	-0.041431162121055916	0.06810215658309363
-0.20308793437036116	0.16012112133098574	-0.08871827905906383	0.08052352394934831	-0.16721840675445646	0.1790385765114704	-0.21846527632692544	0.1158347839172627	-0.1294782882223742	0.13190774849923695	-0.29924196333256353	0.2649965503782155	-0.24360635168307604	0.16142338502107512	-0.16107241745254589	0.9999999999999966	-0.6706571349103887	0.2233671606222225	-0.19742911318786885	0.19182248619397993	-0.35329214514073304	0.25922256087998374	-0.18649123402696607	0.1529220344218406	-0.13911791739473825	0.18721787918952518	-0.24340053464528963	0.15219904236038745	-0.14720645127995316	0.1678396132055449	-0.13936376687101493	0.1600500511637771	-0.15227200225056586	0.12362612505075771	-0.1562147576036233	0.1542082442594265	-0.11075555983934805	0.13261952125591628	-0.16631245253810628	0.09830361028173103	-0.185001600038411	0.1294141928203905	-0.0667825432288174	0.054957998925076114	-0.08713198394397303
0.16186446009454203	-0.1500783503111546	0.07731773550059824	-0.07174907851167081	0.1426004784270107	-0.16443321372165612	0.1907412048212698	-0.1080359327243375	0.1135555154119422	-0.12184314648934318	0.23326622383240717	-0.3906697440720855	0.22603291599770114	-0.15929693247728	0.14427503359824145	-0.6706571349103887	0.9999999999999947	-0.30701674108854266	0.19239985964359294	-0.19776637924656607	0.24574053433781473	-0.3311898073243235	0.1819259151670714	-0.15369429305261464	0.13276208390224137	-0.171663962268448	0.20401996640245276	-0.14889297722161737	0.13621505984089982	-0.16404172443217357	0.12157274042472412	-0.14634201943991293	0.13559547936681696	-0.11213959263474318	0.13729507546846156	-0.14030280912405457	0.09919413372160309	-0.12030967990079179	0.14445837580681617	-0.08946584380359228	0.1553529247781581	-0.11836973247678918	0.059127277062164134	-0.048992327955466056	0.07703149193468299
-0.12215675862186043	0.10565461315978954	-0.08552085441889971	0.0783548776242892	-0.1714512208370373	0.10904826326339111	-0.1336210838039288	0.1272539201763557	-0.13868816469821718	0.145619977069604	-0.15806626567512644	0.1823907352609341	-0.35710514710766966	0.21884088264580556	-0.19751342147611933	0.2233671606222225	-0.30701674108854266	0.9999999999999941	-0.5583989910497891	0.2891954174494929	-0.13969348305387957	0.13967716363011595	-0.49530819042574414	0.2355263541328079	-0.20397212182197474	0.13314408080880225	-0.16553071816213502	0.21490793239088546	-0.1938606814809784	0.20584451367670442	-0.10459444050166748	0.13373670077822647	-0.15707614726051405	0.13615565187324252	-0.16812781168818475	0.12604519573804226	-0.09888298057710995	0.12971133857828604	-0.16565885826782442	0.09255293389706885	-0.14751852895877063	0.11571159165234432	-0.06262692299152156	0.05182826106857696	-0.08074437025310999
0.10789809039401531	-0.09500274514317163	0.08226461912544737	-0.07677448351043023	0.17499850593204835	-0.09526935848820507	0.11412892915414893	-0.11875050427594486	0.12737754095818657	-0.16264489258579373	0.13278116576383314	-0.15235721578780398	0.25289910868702337	-0.3098854486505379	0.22304083400834662	-0.19742911318786885	0.19239985964359294	-0.5583989910497891	0.9999999999999939	-0.6043679784478292	0.1185710521838765	-0.11801485119455558	0.2521196686084149	-0.2426455694700805	0.21603788327523699	-0.12354501012515096	0.14641454197774054	-0.18677603276861363	0.17070138393293968	-0.21960824784542088	0.0960724287257623	-0.12242474446586504	0.1380819431591846	-0.1267343543099456	0.15621099270655495	-0.11902449698475932	0.09157329448673596	-0.11996422167413352	0.15149181932027522	-0.08945338450998049	0.13809941104538465	-0.1089447404478021	0.05893730006584043	-0.048879952906856323	0.07714384717930028
-0.1281789514334026	0.1072866386969432	-0.10325362896671135	0.09361983045427218	-0.23880009931581203	0.10719861432494147	-0.13127088821338026	0.1306628549991947	-0.1515001643283652	0.18884673536058988	-0.15305742435052277	0.15951382813257448	-0.2768813614870674	0.24402260050077423	-0.3098140684221175	0.19182248619397993	-0.19776637924656607	0.2891954174494929	-0.6043679784478292	0.9999999999999925	-0.13401074985294292	0.12722903509612848	-0.2735837486463361	0.2553730069504438	-0.3869040315415039	0.1409420458315947	-0.17781506783045387	0.19601001383153133	-0.20811675240280011	0.2550631466175406	-0.11291295414504535	0.14284269740347308	-0.1669520306198157	0.1547805739408166	-0.20455280636411247	0.1384280997589286	-0.10917784763596738	0.14251857638145057	-0.1941337467515894	0.10635487006653521	-0.17015363779445275	0.1275544548770947	-0.07239227491914374	0.05960789099886927	-0.0949069772569487
0.09480852178745776	-0.08142112363426844	0.05192480695394239	-0.04755834860465116	0.10321469582675886	-0.08519866566430236	0.10018785009227378	-0.06662604189285835	0.07386341999427731	-0.082350432357901	0.1227766906993308	-0.13351792838689447	0.13253143154252517	-0.09651965165180888	0.09647366461552888	-0.35329214514073304	0.24574053433781473	-0.13969348305387957	0.1185710521838765	-0.13401074985294292	0.9999999999999946	-0.7529088161613589	0.1297987256265929	-0.11564354429747882	0.10084835685499004	-0.3504960344687613	0.2751018371160234	-0.12643500363817975	0.11626151227611049	-0.13361339283871734	0.18264056275961826	-0.19631400961766488	0.1436982196909657	-0.10508227781835647	0.12487556421416382	-0.1810750836239351	0.115313635620433	-0.12951707845401034	0.14155022909788328	-0.0866094931607485	0.1770510930306823	-0.13680788443672623	0.05949795922423126	-0.04950519446638498	0.07420638277428661
-0.09409479808441265	0.07975197156501702	-0.050169538079058704	0.0458409626680389	-0.09907255748618624	0.08428633949698047	-0.10186007490031401	0.06496087135756734	-0.07212360304491491	0.07885460864781448	-0.12468862062248837	0.13627765256525823	-0.13280440754657746	0.09403218795145046	-0.09381978993470895	0.25922256087998374	-0.3311898073243235	0.13967716363011595	-0.11801485119455558	0.12722903509612848	-0.7529088161613589	0.9999999999999915	-0.13379423832911486	0.11083255222489981	-0.09693625258168123	0.22987281841963927	-0.41878090621550323	0.12095387965614184	-0.11182485703510825	0.12514519444957148	-0.16095868941308294	0.1855898058660365	-0.13963580150337826	0.09948234254751909	-0.11927445343669421	0.15448002166370514	-0.10753622195013032	0.12056151296982798	-0.1346841067925372	0.07947785949977618	-0.1646966282874991	0.12402813615206232	-0.05541492473191603	0.04593655512093714	-0.0688813194213378
0.09801286241361537	-0.08478957281664516	0.06936040388214652	-0.06387886289385114	0.14397237270472205	-0.08519189573925891	0.10201532744295147	-0.09535580894850132	0.10387185933853972	-0.12089938128607985	0.11940696573800394	-0.13281763325343834	0.20181890224956772	-0.15732132924475337	0.14963599154500412	-0.18649123402696607	0.1819259151670714	-0.49530819042574414	0.2521196686084149	-0.2735837486463361	0.1297987256265929	-0.13379423832911486	0.9999999999999907	-0.49162699467608745	0.25365319983768	-0.14296072658644265	0.16971094570609963	-0.4723199212881189	0.2722351182019876	-0.27871322997091064	0.11471134080289645	-0.15821532720055687	0.19860508633212154	-0.17518237468652684	0.19598436641070152	-0.13952512519971308	0.11487269705358759	-0.161494306461102	0.1881596385606992	-0.10284585797283197	0.15533680061868246	-0.13484718493906692	0.07027306173773068	-0.05878220314072872	0.08768879068027675
-0.09267148046773638	0.0776543166674057	-0.06756063027258853	0.06131255272339388	-0.1454258139383741	0.07779385256791076	-0.09451495512222617	0.08716554290398135	-0.09961976887633697	0.11390745464852482	-0.11067954286528463	0.11556251556425784	-0.18411057449461132	0.14028587368188128	-0.14779812524448113	0.1529220344218406	-0.15369429305261464	0.2355263541328079	-0.2426455694700805	0.2553730069504438	-0.11564354429747882	0.11083255222489981	-0.49162699467608745	0.9999999999999917	-0.6114139134006031	0.12870541156650717	-0.1612009165179991	0.2600437156563463	-0.35932811051864516	0.3045064408844193	-0.10562409626742117	0.14033183145842404	-0.18017162756125282	0.1836604267675387	-0.2288930581108141	0.1279173968887752	-0.10709556477116128	0.1471378922199111	-0.19691402483761863	0.09892273144631017	-0.15072048447350705	0.12395728319510495	-0.0688138988033861	0.057149852834728246	-0.08675923154170487
0.08255481368651708	-0.06979842963330674	0.06139978033394446	-0.05604093380476045	0.13385052278991796	-0.0694178371169475	0.08382698338448799	-0.07872217216190824	0.0891951974159075	-0.10839671072479302	0.09778083850838844	-0.10273307011928978	0.16003658220493724	-0.13165485519460945	0.14038809371098368	-0.13911791739473825	0.13276208390224137	-0.20397212182197474	0.21603788327523699	-0.3869040315415039	0.10084835685499004	-0.09693625258168123	0.25365319983768	-0.6114139134006031	0.9999999999999896	-0.11599337610015517	0.1400752679265518	-0.21152310867425186	0.24354559683207952	-0.5592657449854583	0.093634026421759	-0.123787967941103	0.15011900342195214	-0.16205066330520856	0.2024513266968893	-0.1157809109363423	0.09456657748876399	-0.12929348902143625	0.16851025572314327	-0.09066810909572509	0.13443648773947794	-0.11161308933391566	0.061182949760945966	-0.05099367695423333	0.07823701281651149
-0.09074929030953784	0.07475282068982889	-0.05663367182410343	0.051169882860504445	-0.11874993282439122	0.07564943879876072	-0.0911266101076115	0.06909427190217726	-0.0792937808195019	0.08903864525365643	-0.10857201011270519	0.10946104783213263	-0.13609111612937083	0.09923240371222294	-0.10527219654823804	0.18721787918952518	-0.171663962268448	0.13314408080880225	-0.12354501012515096	0.1409420458315947	-0.3504960344687613	0.22987281841963927	-0.14296072658644265	0.12870541156650717	-0.11599337610015517	0.9999999999999932	-0.4021888435388714	0.15345976188254842	-0.14847337486348666	0.15492922502060538	-0.6314938483134948	0.282556889176026	-0.21781797787128104	0.1409869685482437	-0.1729509537865409	0.29658946513124546	-0.17679991209639753	0.17902380121305944	-0.2067776257777136	0.11313692473137432	-0.35428426322876494	0.18774175567578946	-0.08367620869633577	0.06844099274348668	-0.1020747796721147
0.10212440357976857	-0.0873299670862103	0.06392228948748346	-0.058422702622499635	0.13241984536191886	-0.08790326844862571	0.10399380445815204	-0.07963077686378699	0.0895026887258884	-0.10395164354185372	0.12334662830133124	-0.13101432746128464	0.15464798509891245	-0.1168429823138443	0.1202548794947266	-0.24340053464528963	0.20401996640245276	-0.16553071816213502	0.14641454197774054	-0.17781506783045387	0.2751018371160234	-0.41878090621550323	0.16971094570609963	-0.1612009165179991	0.1400752679265518	-0.4021888435388714	0.999999999999989	-0.19816512541722547	0.17399488230986446	-0.197318870167321	0.26835163387729877	-0.5215574892616102	0.25313017734459314	-0.16775722866375392	0.18737689588831388	-0.2881651975311957	0.20822225612984444	-0.23218422642526557	0.22190563918732026	-0.13673702532044002	0.25559192224319	-0.25173155680702525	0.0957795247635504	-0.08062157389640207	0.11429049396197258
-0.08718937266816243	0.07317721144984486	-0.061532338275343705	0.05587813689275851	-0.1306897366489849	0.0732834853745179	-0.08865321307537338	0.0789901291982721	-0.08991765250302113	0.101982706789873	-0.10401034583764686	0.10851236584058072	-0.16508410228529144	0.12229201605986506	-0.1266936735995364	0.15219904236038745	-0.14889297722161737	0.21490793239088546	-0.18677603276861363	0.19601001383153133	-0.12643500363817975	0.12095387965614184	-0.4723199212881189	0.2600437156563463	-0.21152310867425186	0.15345976188254842	-0.19816512541722547	0.9999999999999946	-0.5981961292759105	0.2596721213267118	-0.13501489059783053	0.19791927974147813	-0.39263811542905247	0.2391674828103632	-0.25452068023150215	0.15396399742222083	-0.1444037568252517	0.21340672245564304	-0.2524262032128664	0.11290734720899424	-0.17280578214580297	0.15796711593605883	-0.08399581357017086	0.06986722057685588	-0.0979452096587382
0.08283316715041274	-0.06995035501437115	0.05904968722554394	-0.05381703489178518	0.1262032605128644	-0.06951685291344684	0.08359880457969401	-0.07500661803038547	0.08492260672325334	-0.09968148229625638	0.09772180067307205	-0.10203233962039973	0.1508863967187625	-0.11690823201860574	0.12142474759836173	-0.14720645127995316	0.13621505984089982	-0.1938606814809784	0.17070138393293968	-0.20811675240280011	0.11626151227611049	-0.11182485703510825	0.2722351182019876	-0.35932811051864516	0.24354559683207952	-0.14847337486348666	0.17399488230986446	-0.5981961292759105	0.9999999999999873	-0.42589569055120163	0.12344462967556451	-0.17931296455620852	0.2417414103674847	-0.40018309058052626	0.27946016575770355	-0.1511912620468941	0.133698365523729	-0.20316332386523026	0.24063553937618976	-0.1175907815826726	0.16402192588818984	-0.15728009173989213	0.0814846639322253	-0.06925877053909299	0.0980856475702975
-0.10737000401082317	0.08846451684209801	-0.07916363939319912	0.0712208059035698	-0.17393039463400572	0.08804983845700737	-0.10716065747325995	0.09713342538912703	-0.1132077259558087	0.12919511082171298	-0.12526426568342608	0.12681668596772283	-0.1974540951473174	0.148389591836694	-0.16451555910967341	0.1678396132055449	-0.16404172443217357	0.20584451367670442	-0.21960824784542088	0.2550631466175406	-0.13361339283871734	0.12514519444957148	-0.27871322997091064	0.3045064408844193	-0.5592657449854583	0.15492922502060538	-0.197318870167321	0.2596721213267118	-0.42589569055120163	0.9999999999999903	-0.12871105968991833	0.16947563919665015	-0.21683151495832856	0.25087288993902696	-0.3955659279538542	0.15677692287289977	-0.13289293610225247	0.18274881926940256	-0.2636757408531578	0.126753632475939	-0.19020976842493775	0.1534233776510667	-0.08859952924780033	0.07344176286891771	-0.1128409711741045
0.06673146691316431	-0.05558465413479061	0.04291738494985901	-0.038893178022421426	0.09040874829245449	-0.05584103653902946	0.06690654239914294	-0.05247418314017734	0.05997755273406726	-0.06856169023993484	0.07927774336568741	-0.080885362050249	0.10268825121307062	-0.0762335020624015	0.08049247109832008	-0.13936376687101493	0.12157274042472412	-0.10459444050166748	0.0960724287257623	-0.11291295414504535	0.18264056275961826	-0.16095868941308294	0.11471134080289645	-0.10562409626742117	0.093634026421759	-0.6314938483134948	0.26835163387729877	-0.13501489059783053	0.12344462967556451	-0.12871105968991833	0.9999999999999891	-0.42930021585449957	0.20273450435003376	-0.12084104108023126	0.13928175067251441	-0.5145666952340525	0.17789234416303537	-0.1721674504932629	0.17127047619625066	-0.09424102046481607	0.275940166569814	-0.18719131488413462	0.07084623484155733	-0.05861281193790831	0.08261736751141471
-0.08022621102163677	0.06692454303268217	-0.0522617879570374	0.04740027685778693	-0.1102212292748147	0.06718481619465429	-0.0806592084382775	0.06439169176161127	-0.0735158077169334	0.08414182010761269	-0.09539813584331945	0.09768889698442246	-0.12698202777399306	0.09450216327944866	-0.09952031746623015	0.1600500511637771	-0.14634201943991293	0.13373670077822647	-0.12242474446586504	0.14284269740347308	-0.19631400961766488	0.1855898058660365	-0.15821532720055687	0.14033183145842404	-0.123787967941103	0.282556889176026	-0.5215574892616102	0.19791927974147813	-0.17931296455620852	0.16947563919665015	-0.42930021585449957	0.9999999999999849	-0.4803396951676729	0.1747815743635699	-0.19562034675490808	0.2611479510824446	-0.30690697717650717	0.25789119317703124	-0.24701165847822568	0.11939983639007608	-0.2613421081455563	0.24253400282384685	-0.09569347838602019	0.07841251985837897	-0.10515119023207722
0.07979087516953096	-0.06718742875770384	0.05458007527935217	-0.04968773491219204	0.11589377714455742	-0.0668412761026711	0.08007222442051666	-0.06799447043768297	0.077167401142964	-0.09026964927520433	0.09397628410850618	-0.09719538644128024	0.13414879681759384	-0.10241178526801624	0.10677507668526205	-0.15227200225056586	0.13559547936681696	-0.15707614726051405	0.1380819431591846	-0.1669520306198157	0.1436982196909657	-0.13963580150337826	0.19860508633212154	-0.18017162756125282	0.15011900342195214	-0.21781797787128104	0.25313017734459314	-0.39263811542905247	0.2417414103674847	-0.21683151495832856	0.20273450435003376	-0.4803396951676729	0.9999999999999838	-0.2816944502974138	0.23167546619069943	-0.22299292618434377	0.23883057198715227	-0.532577620610407	0.29278056482752923	-0.13707765677352668	0.2136239485224079	-0.2540557214157078	0.1125199234623368	-0.09590830132701797	0.11478388014409155
-0.06935412147551367	0.05817597255083204	-0.048891410085284595	0.04442988224544251	-0.10488688403138123	0.05766424112668981	-0.06931978884472631	0.06062786823307299	-0.0691988130217161	0.08118630892594761	-0.08107738894766468	0.08333139780947538	-0.11994967576169303	0.09191176374789187	-0.09710771439037541	0.12362612505075771	-0.11213959263474318	0.13615565187324252	-0.1267343543099456	0.1547805739408166	-0.10508227781835647	0.09948234254751909	-0.17518237468652684	0.1836604267675387	-0.16205066330520856	0.1409869685482437	-0.16775722866375392	0.2391674828103632	-0.40018309058052626	0.25087288993902696	-0.12084104108023126	0.1747815743635699	-0.2816944502974138	0.9999999999999865	-0.6854241284179642	0.14675609031924533	-0.14210242223140512	0.2281002279141895	-0.44034704337858993	0.12700698781278152	-0.15858567694467438	0.16285361265768783	-0.09046960764098706	0.07817582860538155	-0.10466610941039872
0.08629564885175729	-0.0728747044807775	0.06130142449348144	-0.05589492492679141	0.13160661434528592	-0.07184799909002806	0.0860249442014224	-0.07583855152307313	0.08612619315103315	-0.10325230012580319	0.10034786731296275	-0.1035116918889612	0.14763665156555847	-0.1154937977832246	0.12144550787979021	-0.1562147576036233	0.13729507546846156	-0.16812781168818475	0.15621099270655495	-0.20455280636411247	0.12487556421416382	-0.11927445343669421	0.19598436641070152	-0.2288930581108141	0.2024513266968893	-0.1729509537865409	0.18737689588831388	-0.25452068023150215	0.27946016575770355	-0.3955659279538542	0.13928175067251441	-0.19562034675490808	0.23167546619069943	-0.6854241284179642	0.9999999999999863	-0.18042958601929612	0.15428078790690328	-0.23284838635322577	0.2864799585134849	-0.16858930137141778	0.1884785411338739	-0.19248356719245724	0.10085408253732049	-0.08742433892901741	0.12842932464632228
-0.08364551608016128	0.06872400463241107	-0.05537864342191122	0.0499117962887095	-0.11833002248774942	0.06864140096596141	-0.08272460688437418	0.06647202353752174	-0.07684434747929628	0.08743360985861023	-0.09756906933938764	0.09759360374610661	-0.1296906429069308	0.09556912314176999	-0.10288384069605831	0.1542082442594265	-0.14030280912405457	0.12604519573804226	-0.11902449698475932	0.1384280997589286	-0.1810750836239351	0.15448002166370514	-0.13952512519971308	0.1279173968887752	-0.1157809109363423	0.29658946513124546	-0.2881651975311957	0.15396399742222083	-0.1511912620468941	0.15677692287289977	-0.5145666952340525	0.2611479510824446	-0.22299292618434377	0.14675609031924533	-0.18042958601929612	0.9999999999999852	-0.26277613607188643	0.19911746799351024	-0.2255164033541585	0.12309061431656515	-0.6329264389404343	0.23599609273300606	-0.09318952200997074	0.07579131822102653	-0.11136931094179449
0.058888384041946774	-0.04900819212697146	0.039653993068603455	-0.035922406696630715	0.08453092653566736	-0.04880642313773185	0.05861067693514639	-0.04835211690965744	0.05542016957611216	-0.06407565497218201	0.06893438985871243	-0.07006558210029759	0.09455644519676845	-0.0710009993285938	0.07538430075463416	-0.11075555983934805	0.09919413372160309	-0.09888298057710995	0.09157329448673596	-0.10917784763596738	0.115313635620433	-0.10753622195013032	0.11487269705358759	-0.10709556477116128	0.09456657748876399	-0.17679991209639753	0.20822225612984444	-0.1444037568252517	0.133698365523729	-0.13289293610225247	0.17789234416303537	-0.30690697717650717	0.23883057198715227	-0.14210242223140512	0.15428078790690328	-0.26277613607188643	0.9999999999999842	-0.4185595468529591	0.23885906039560334	-0.11198276572419301	0.23075475243169577	-0.7563786052302311	0.106433168524345	-0.08806151708099448	0.09801324654373786
-0.07248398882497784	0.06042323455225523	-0.049618423689880065	0.04498328288926124	-0.10598113409164306	0.060101156227770444	-0.07226121019819372	0.060927493845863705	-0.069770275259256	0.08086369347431129	-0.08483212937458195	0.08648721637950534	-0.1199954486971328	0.09045818731585238	-0.09583549801198508	0.13261952125591628	-0.12030967990079179	0.12971133857828604	-0.11996422167413352	0.14251857638145057	-0.12951707845401034	0.12056151296982798	-0.161494306461102	0.1471378922199111	-0.12929348902143625	0.17902380121305944	-0.23218422642526557	0.21340672245564304	-0.20316332386523026	0.18274881926940256	-0.1721674504932629	0.25789119317703124	-0.532577620610407	0.2281002279141895	-0.23284838635322577	0.19911746799351024	-0.4185595468529591	0.9999999999999856	-0.5431455800998204	0.15040928747104768	-0.21912877891795535	0.27712189651451125	-0.16969149348755339	0.1280924479332801	-0.13364456324505314
0.08968870366269803	-0.07559890962575933	0.06266499225533044	-0.05709129530067873	0.13413189932377406	-0.07458529583836325	0.08919320124236058	-0.07696958721635477	0.08748819614471433	-0.10445795800939535	0.10421054266724197	-0.10708841050624847	0.14896431392706966	-0.11550807070571713	0.12139152430254746	-0.16631245253810628	0.14445837580681617	-0.16565885826782442	0.15149181932027522	-0.1941337467515894	0.14155022909788328	-0.1346841067925372	0.1881596385606992	-0.19691402483761863	0.16851025572314327	-0.2067776257777136	0.22190563918732026	-0.2524262032128664	0.24063553937618976	-0.2636757408531578	0.17127047619625066	-0.24701165847822568	0.29278056482752923	-0.44034704337858993	0.2864799585134849	-0.2255164033541585	0.23885906039560334	-0.5431455800998204	0.9999999999999846	-0.218339394286641	0.22755192374742664	-0.298501958866383	0.15746397919165145	-0.1521605327126666	0.16530794389038717
-0.060922383759523385	0.04970352775090287	-0.043508718949447835	0.03899557885169808	-0.09563069484597428	0.0489690897533255	-0.05916077171925044	0.050767990872880586	-0.059355366733513	0.06848346905238578	-0.06903746462843621	0.0683886736301874	-0.09766533507807669	0.07268871701006871	-0.08003677997800528	0.09830361028173103	-0.08946584380359228	0.09255293389706885	-0.08945338450998049	0.10635487006653521	-0.0866094931607485	0.07947785949977618	-0.10284585797283197	0.09892273144631017	-0.09066810909572509	0.11313692473137432	-0.13673702532044002	0.11290734720899424	-0.1175907815826726	0.126753632475939	-0.09424102046481607	0.11939983639007608	-0.13707765677352668	0.12700698781278152	-0.16858930137141778	0.12309061431656515	-0.11198276572419301	0.15040928747104768	-0.218339394286641	0.9999999999999837	-0.15937966577246795	0.13353836153306498	-0.3211269865604766	0.2473947255222823	-0.8321823722563759
0.09562075115168046	-0.07982549992957355	0.0650337960511902	-0.05891992757918382	0.13952578000688848	-0.07889695657812303	0.09427815510383382	-0.07768793522006948	0.08914104505739182	-0.10486235296027331	0.11055808136405085	-0.11190556551775435	0.14851996881521237	-0.11245509774681242	0.12012306093647306	-0.185001600038411	0.1553529247781581	-0.14751852895877063	0.13809941104538465	-0.17015363779445275	0.1770510930306823	-0.1646966282874991	0.15533680061868246	-0.15072048447350705	0.13443648773947794	-0.35428426322876494	0.25559192224319	-0.17280578214580297	0.16402192588818984	-0.19020976842493775	0.275940166569814	-0.2613421081455563	0.2136239485224079	-0.15858567694467438	0.1884785411338739	-0.6329264389404343	0.23075475243169577	-0.21912877891795535	0.22755192374742664	-0.15937966577246795	0.9999999999999859	-0.3283275848658418	0.1058252034810929	-0.08851648686152296	0.13197658938477386
-0.0713681634788739	0.05896002151404344	-0.04813188583924447	0.043473008006756846	-0.10298695953776682	0.05875114707606405	-0.0707710417607851	0.058284771650519915	-0.06717537866500527	0.07700950559145703	-0.08325248414907865	0.08388833296406699	-0.11419171211875384	0.08495882681408765	-0.09101139279653932	0.1294141928203905	-0.11836973247678918	0.11571159165234432	-0.1089447404478021	0.1275544548770947	-0.13680788443672623	0.12402813615206232	-0.13484718493906692	0.12395728319510495	-0.11161308933391566	0.18774175567578946	-0.25173155680702525	0.15796711593605883	-0.15728009173989213	0.1534233776510667	-0.18719131488413462	0.24253400282384685	-0.2540557214157078	0.16285361265768783	-0.19248356719245724	0.23599609273300606	-0.7563786052302311	0.27712189651451125	-0.298501958866383	0.13353836153306498	-0.3283275848658418	0.9999999999999859	-0.13650257154509599	0.10379346304567608	-0.12452065207842321
0.03804881731374001	-0.0315637490225661	0.026681460134703662	-0.024112999835275487	0.05777664940869777	-0.031133562700857893	0.03739976759752256	-0.03190474810446027	0.03677129375028392	-0.04312028620478716	0.04370400165342382	-0.0440771011767274	0.0614889006003234	-0.04661837806866861	0.0501041001227301	-0.0667825432288174	0.059127277062164134	-0.06262692299152156	0.05893730006584043	-0.07239227491914374	0.05949795922423126	-0.05541492473191603	0.07027306173773068	-0.0688138988033861	0.061182949760945966	-0.08367620869633577	0.0957795247635504	-0.08399581357017086	0.0814846639322253	-0.08859952924780033	0.07084623484155733	-0.09569347838602019	0.1125199234623368	-0.09046960764098706	0.10085408253732049	-0.09318952200997074	0.106433168524345	-0.16969149348755339	0.15746397919165145	-0.3211269865604766	0.1058252034810929	-0.13650257154509599	0.999999999999986	-0.8691378564353924	0.2573330268036098
