1.0	-0.34802281499789545	0.20428946127575953	-0.1714607859974803	0.08442976042862446	-0.7973080408433689	0.2701267685420292	-0.19223539960797323	0.12622868171263724	-0.11946947372784092	0.2563180621663899	-0.24961815387567887	0.17595361186242864	-0.13061299155551373	0.11739439200208954	-0.12084463926351101	0.0932051699885391	-0.10956557943510291	0.08672661760943778	-0.09793347004411423	0.07685025569864114	-0.09926055489526528	0.09100329658996227	-0.09157685767581175	0.07344267765074539	-0.06354898557709451	0.07674015598658675	-0.08903488863788783	0.06834679109176982	-0.06507860923807178	0.041884553496555	-0.05163211917013222	0.06626921741312518	-0.06577098147066851	0.057715442060501505	-0.04308845142387675	0.0523263510999616	-0.07536004763291096	0.06025406294110035	-0.0980824845466852
-0.34802281499789545	1.0	-0.5639974074917768	0.19693388960324426	-0.09991077600125672	0.24158179711221894	-0.6008846936789726	0.24771436600411906	-0.1565030062242162	0.130352377725054	-0.2717258129871672	0.24507914721957377	-0.2294490483947404	0.14401058155011484	-0.13333663094374695	0.11238653706048063	-0.09336255396851954	0.10977219360104706	-0.09156661216535784	0.10026565856207295	-0.07529693230363903	0.0956628487959792	-0.09096050944197934	0.08684616697570892	-0.07105543744557596	0.060797241866419	-0.07492876030088343	0.08473343034856387	-0.06539853979139827	0.06156338994278971	-0.04005268838031985	0.04911594595158364	-0.0633215983708631	0.06203049922003279	-0.05458243510801992	0.04084805332537467	-0.050017197677126764	0.07061375313875072	-0.0570471031021865	0.09111268077251532
0.20428946127575953	-0.5639974074917768	1.0000000000000002	-0.40654489789139653	0.17445119577810117	-0.1768143286299598	0.2821587288114369	-0.4405791972290479	0.24175605543716447	-0.2358150498106626	0.21309435498546606	-0.21920687090266644	0.2751983899795943	-0.2253654709378269	0.19344263560036146	-0.15644952303665557	0.13053469126687106	-0.16151556132970707	0.1338870066111514	-0.15121909017713495	0.10425425482660002	-0.1405607612992074	0.13182025857649246	-0.1316743106289426	0.10585130549471058	-0.08762803003304523	0.10707878172045135	-0.12688482915364047	0.09789376017562122	-0.09306684934622744	0.059384673414811705	-0.07326941741011014	0.09449496583711943	-0.09380164124360706	0.08245166260876512	-0.061120411946629774	0.07444208109712079	-0.10724283049074353	0.0859710805779775	-0.13969886508659038
-0.1714607859974803	0.19693388960324426	-0.40654489789139653	1.0000000000000004	-0.5220278571168647	0.12878160763267285	-0.2052107574207543	0.25668216023905294	-0.45490207256804216	0.31402307492195763	-0.19692806799346307	0.1609448156148602	-0.2811141653215164	0.25104694891692714	-0.2699240899466104	0.12545366127474006	-0.11957782454992245	0.14271394326341824	-0.1457535225597795	0.1506217225688115	-0.09121249119524343	0.11744941373675612	-0.12048861506612403	0.10609370423283698	-0.09114291268062623	0.07281463025647882	-0.09303687142415444	0.10281374796628912	-0.08104479905975184	0.07466305571233695	-0.04909685302184824	0.059636476158601	-0.07788702362739487	0.07452305156592053	-0.06613458065057291	0.04930988397959492	-0.06154482758926483	0.08357147524210914	-0.06918269729438101	0.10613845008858347
0.08442976042862446	-0.09991077600125672	0.17445119577810117	-0.5220278571168647	1.0000000000000002	-0.06482438224624584	0.10167493374347719	-0.14406179845639694	0.2247370205108026	-0.7832322108769373	0.09837085710906629	-0.08277577781290386	0.14466165757745292	-0.15449752727331897	0.1424450524219694	-0.06868521902654909	0.06457230999234746	-0.0791025095661693	0.07890289219859109	-0.0847729462129798	0.04924892876140935	-0.06467870698032929	0.06537509374689236	-0.05879305635859546	0.04971410397150708	-0.03979175031794372	0.0504693550793221	-0.05676344084796131	0.044531910743835196	-0.041207755155328867	0.026889868524181564	-0.03277420081814623	0.042742882047695004	-0.04115919279300438	0.03645570555619736	-0.027125714375261192	0.03370721965058839	-0.046275495640922364	0.03808930530063172	-0.059009735265580496
-0.7973080408433689	0.24158179711221894	-0.1768143286299598	0.12878160763267285	-0.06482438224624584	1.0000000000000009	-0.35479826293096733	0.15991172514467603	-0.10226293398611264	0.08990977329724653	-0.37813968765239586	0.23894829136917936	-0.1590405857523147	0.10275665854393204	-0.09374550868067966	0.09656851557166482	-0.07474152065171488	0.08521538256220403	-0.06818070228551815	0.07560023318192557	-0.061952856225585815	0.0764754020699459	-0.07093540436500692	0.06897932812350022	-0.055929989453251096	0.0494970152015808	-0.060241750415061274	0.06762254143458561	-0.05189874537600516	0.04903607875385285	-0.031989510209897876	0.03926490262362139	-0.05039840228167292	0.049531588253504774	-0.04349232731441705	0.0326863854153304	-0.03984807859677488	0.05655872637533703	-0.04547329471555769	0.07309035994553527
0.2701267685420292	-0.6008846936789726	0.2821587288114369	-0.2052107574207543	0.10167493374347719	-0.35479826293096733	1.0000000000000013	-0.32989304519673635	0.16491186518733172	-0.14143395141595433	0.28994402230828653	-0.4649618507762758	0.24419387119778585	-0.15962280473410137	0.13902050861572343	-0.12754629035127849	0.1026486979868787	-0.12276421051257162	0.099154894917702	-0.1105477124623629	0.08283996393823845	-0.10715956475923659	0.10011115338215641	-0.0976326048125595	0.07884706218695227	-0.06785216662762136	0.08269225109459649	-0.09511205141714757	0.07307828451234517	-0.0691419256499639	0.044680213306430044	-0.054971233346324866	0.07073748880470321	-0.06974629237100943	0.06126371825408166	-0.04577848950083287	0.05579552979765767	-0.07963025456004266	0.06396949685044309	-0.10316129091354401
-0.19223539960797323	0.24771436600411906	-0.4405791972290479	0.25668216023905294	-0.14406179845639694	0.15991172514467603	-0.32989304519673635	1.000000000000001	-0.4110154070503752	0.1850629486226887	-0.23357997583973328	0.22733835791465062	-0.6097173464345319	0.2540802464645101	-0.21636687944333904	0.13616191538253103	-0.12422545160729911	0.15879795126948085	-0.13863970139560564	0.14667204117341026	-0.09370400156861021	0.12490267875356124	-0.12452447014284185	0.1112356007529461	-0.09171605768545833	0.07623452276187308	-0.09516970203011908	0.10859286572417409	-0.08389863382765267	0.07805911517649437	-0.05072946934276468	0.062143913447713264	-0.0807131453256057	0.07828370375617807	-0.06900582111881569	0.05148321566811866	-0.06340036495550365	0.08849363812584451	-0.07204068123080168	0.11336558310718535
0.12622868171263724	-0.1565030062242162	0.24175605543716447	-0.45490207256804216	0.2247370205108026	-0.10226293398611264	0.16491186518733172	-0.4110154070503752	1.000000000000001	-0.3448257721883201	0.15282045824541216	-0.14031476921451685	0.2714802852377138	-0.5894309385271284	0.26060252529558325	-0.12177134664581085	0.11360578465743804	-0.15111821525263802	0.15144718899415519	-0.16945873358492808	0.08468085771126081	-0.11634937775429648	0.11578508252387527	-0.10535817811890964	0.08624679523329193	-0.06972377276722343	0.08729155609302965	-0.1012550388752692	0.07848145111885903	-0.07279055563994889	0.04688443420170979	-0.05750796462510358	0.0749185686747876	-0.07267163357973093	0.06410798279747082	-0.047578224803498256	0.05866977617563436	-0.0818644833946435	0.06678359391417443	-0.10473753892162027
-0.11946947372784092	0.130352377725054	-0.2358150498106626	0.31402307492195763	-0.7832322108769373	0.08990977329724653	-0.14143395141595433	0.1850629486226887	-0.3448257721883201	1.0000000000000007	-0.1395452560615928	0.1137458070631392	-0.20414717167892746	0.19538841082276223	-0.20841862270733658	0.09204888724815476	-0.08834185155500282	0.10614193178045749	-0.1095304710642978	0.1143823526292145	-0.06709698673383899	0.08675945886543449	-0.08922094803399563	0.07836105453570094	-0.06732755485983292	0.05359972534480627	-0.06855832452630728	0.07585064768343888	-0.05981453436578256	0.0550479759661681	-0.03618086138182567	0.04394443872690579	-0.05743147033540218	0.05490873677765068	-0.048738567336725845	0.03632183570026555	-0.04535945886092305	0.06152721917885638	-0.05097495472120827	0.07808683535281054
0.2563180621663899	-0.2717258129871672	0.21309435498546606	-0.19692806799346307	0.09837085710906629	-0.37813968765239586	0.28994402230828653	-0.23357997583973328	0.15282045824541216	-0.1395452560615928	1.000000000000001	-0.7093691912065649	0.2459201934597829	-0.16552396821147083	0.14802754034982185	-0.1952218434858675	0.132174885407081	-0.14628383729921932	0.1127004298195962	-0.12602270674841984	0.11166546798493808	-0.13344380032468467	0.12077468535959471	-0.1175917730817264	0.09467847570358644	-0.08803861101533915	0.10518007459210639	-0.11634270552008769	0.08854828917299704	-0.0836572158685208	0.054960371262286395	-0.06747007953639773	0.08619431001470278	-0.08464851341804498	0.07414749659678366	-0.05614265351713652	0.06816679209380744	-0.09678437105784862	0.07756628739145242	-0.12479298319747756
-0.24961815387567887	0.24507914721957377	-0.21920687090266644	0.1609448156148602	-0.08277577781290386	0.23894829136917936	-0.4649618507762758	0.22733835791465062	-0.14031476921451685	0.1137458070631392	-0.7093691912065649	1.0000000000000009	-0.3436681449399843	0.14424947465502574	-0.1297516644253337	0.13319155744034528	-0.10644011447857665	0.1194891609642932	-0.09465252471710371	0.10258610281342534	-0.08622745290601322	0.10333503900774636	-0.09733811193868228	0.08998545456714402	-0.07355732639849237	0.0667910162567106	-0.08192677770820317	0.08921390263313961	-0.06823714830615578	0.06384839501964082	-0.04222098957536299	0.05162958318151715	-0.06630823021702467	0.06443802944547736	-0.05658291319688078	0.04283426498717533	-0.052403105367655974	0.07327066224371001	-0.05923250821997501	0.09387456378729428
0.17595361186242864	-0.2294490483947404	0.2751983899795943	-0.2811141653215164	0.14466165757745292	-0.1590405857523147	0.24419387119778585	-0.6097173464345319	0.2714802852377138	-0.20414717167892746	0.2459201934597829	-0.3436681449399843	1.0000000000000009	-0.34238855482697855	0.2370953715968812	-0.192516684314582	0.16908587556512777	-0.25436763676104734	0.17917319541478782	-0.19984874878941533	0.1263588508939583	-0.17887701369973652	0.17128421302360933	-0.1581138291422812	0.12586389905883655	-0.10615796044881429	0.12979555439350002	-0.1548387919545154	0.1174591006103999	-0.11031322424557648	0.0705858254988156	-0.08720858629104265	0.11285068032787994	-0.11087776024961139	0.09721834015366533	-0.07235110477395881	0.08814580019631009	-0.12603293699215895	0.1012493728203757	-0.16254479385716825
-0.13061299155551373	0.14401058155011484	-0.2253654709378269	0.25104694891692714	-0.15449752727331897	0.10275665854393204	-0.15962280473410137	0.2540802464645101	-0.5894309385271284	0.19538841082276223	-0.16552396821147083	0.14424947465502574	-0.34238855482697855	1.0000000000000016	-0.548638431794575	0.13532184782112697	-0.13687404032072806	0.18231029748520333	-0.2414559498862977	0.23179390286196705	-0.09673652435226589	0.13310424677657062	-0.14010625942578747	0.11848401021802203	-0.09894821763003271	0.07841503014581605	-0.09978872907151143	0.1136826751669816	-0.08892850962340935	0.08108785593146361	-0.05254154019052475	0.0641605893663124	-0.08422875327254575	0.08046762032589337	-0.07124433565553524	0.05283104460452978	-0.06569023472419988	0.08981690648266032	-0.07415553089688506	0.11377096477081808
0.11739439200208954	-0.13333663094374695	0.19344263560036146	-0.2699240899466104	0.1424450524219694	-0.09374550868067966	0.13902050861572343	-0.21636687944333904	0.26060252529558325	-0.20841862270733658	0.14802754034982185	-0.1297516644253337	0.2370953715968812	-0.548638431794575	1.000000000000001	-0.18333253125564591	0.1744532745922973	-0.2581288540489614	0.27511950966811455	-0.5246828017593073	0.12502337064321908	-0.18405598815136276	0.1811158765259724	-0.16783196876538087	0.13229104570072162	-0.10558601270526989	0.13099513681605315	-0.15836533268980357	0.12156184242212713	-0.11260076197113118	0.07102913832602628	-0.08775034368431653	0.11454603947500129	-0.11175389124593392	0.09825534145812101	-0.07241717955195198	0.08875918541389241	-0.125564831892611	0.10181710023689042	-0.16074256149756755
-0.12084463926351101	0.11238653706048063	-0.15644952303665557	0.12545366127474006	-0.06868521902654909	0.09656851557166482	-0.12754629035127849	0.13616191538253103	-0.12177134664581085	0.09204888724815476	-0.1952218434858675	0.13319155744034528	-0.192516684314582	0.13532184782112697	-0.18333253125564591	1.0000000000000004	-0.530590595509771	0.23131594769671807	-0.17087284212638537	0.1523885071886318	-0.5604081043446655	0.27468475602195536	-0.23940338413903123	0.16641846964491994	-0.15176999458360782	0.2542435629654325	-0.3117386221363651	0.19883727567675166	-0.14522443978933788	0.12435785584419629	-0.10732013338430493	0.12313755002687232	-0.15006631437320914	0.12817565659574703	-0.11134384691195638	0.09944305790711298	-0.1236954805855061	0.14241029453135812	-0.12045130264158767	0.1627072820068864
0.0932051699885391	-0.09336255396851954	0.13053469126687106	-0.11957782454992245	0.06457230999234746	-0.07474152065171488	0.1026486979868787	-0.12422545160729911	0.11360578465743804	-0.08834185155500282	0.132174885407081	-0.10644011447857665	0.16908587556512777	-0.13687404032072806	0.1744532745922973	-0.530590595509771	1.0000000000000029	-0.44741357438111684	0.20255776766438743	-0.1929728631397697	0.23432228941739594	-0.5496236438996515	0.28936320698759593	-0.17298919837695403	0.1432246048185986	-0.18232833988812383	0.2140443653938594	-0.20032287902780385	0.13975014246107412	-0.1214206433226594	0.08930176864132802	-0.10787455431071787	0.13753617773651725	-0.12282466869275924	0.10623444484240097	-0.08706635229248552	0.10636060806090852	-0.13581085431947393	0.11214220539760816	-0.16031674658520587
-0.10956557943510291	0.10977219360104706	-0.16151556132970707	0.14271394326341824	-0.0791025095661693	0.08521538256220403	-0.12276421051257162	0.15879795126948085	-0.15111821525263802	0.10614193178045749	-0.14628383729921932	0.1194891609642932	-0.25436763676104734	0.18231029748520333	-0.2581288540489614	0.23131594769671807	-0.44741357438111684	1.0000000000000027	-0.5095233135635527	0.26584845023719017	-0.17176781733581528	0.2855333447060095	-0.47618637195583713	0.17814949383264375	-0.15215855350418706	0.132410086592085	-0.1781655417316283	0.199574131498336	-0.14579776271463504	0.12114842755934405	-0.08282081677441565	0.10043820945616594	-0.13786111793631564	0.11999637905281861	-0.10584513076877054	0.08014933705554783	-0.1016931075387901	0.12928345915453981	-0.11025506595643307	0.1540464505994052
0.08672661760943778	-0.09156661216535784	0.1338870066111514	-0.1457535225597795	0.07890289219859109	-0.06818070228551815	0.099154894917702	-0.13863970139560564	0.15144718899415519	-0.1095304710642978	0.1127004298195962	-0.09465252471710371	0.17917319541478782	-0.2414559498862977	0.27511950966811455	-0.17087284212638537	0.20255776766438743	-0.5095233135635527	1.000000000000003	-0.6868014206698894	0.1183138155759407	-0.19133635107183622	0.213037309950744	-0.16882091008355626	0.12645094997421719	-0.09690971865585116	0.12417999126550736	-0.14897921053434574	0.11520292231500041	-0.09979839951022774	0.06286419807111343	-0.07725745946988108	0.10326482496198448	-0.09657783951403534	0.08540463935370861	-0.06252608615196739	0.07795501801384035	-0.10493050842504982	0.08767825204890356	-0.1299078805783443
-0.09793347004411423	0.10026565856207295	-0.15121909017713495	0.1506217225688115	-0.0847729462129798	0.07560023318192557	-0.1105477124623629	0.14667204117341026	-0.16945873358492808	0.1143823526292145	-0.12602270674841984	0.10258610281342534	-0.19984874878941533	0.23179390286196705	-0.5246828017593073	0.1523885071886318	-0.1929728631397697	0.26584845023719017	-0.6868014206698894	1.0000000000000027	-0.11511265367361304	0.16557074029748964	-0.20193975720110782	0.14260830096546256	-0.1236506767792268	0.09102041346049898	-0.12001102658357428	0.1342044022151133	-0.10756230240547096	0.09370528449113988	-0.06050332243766364	0.07337243666490227	-0.0986530148876952	0.09094993060963488	-0.0813112163192637	0.05958382651935016	-0.07537375331271823	0.09882974879481665	-0.08396174845564391	0.12233591040923547
0.07685025569864114	-0.07529693230363903	0.10425425482660002	-0.09121249119524343	0.04924892876140935	-0.061952856225585815	0.08283996393823845	-0.09370400156861021	0.08468085771126081	-0.06709698673383899	0.11166546798493808	-0.08622745290601322	0.1263588508939583	-0.09673652435226589	0.12502337064321908	-0.5604081043446655	0.23432228941739594	-0.17176781733581528	0.1183138155759407	-0.11511265367361304	1.0000000000000036	-0.2596040697528346	0.18746755240067522	-0.1628238707434028	0.1358687155539734	-0.6186290551391327	0.30016709883854603	-0.21214878025062917	0.1384513985190364	-0.12333046631271569	0.11616817090575254	-0.13298921311763431	0.14670853044524476	-0.12979864323211904	0.10891249952771223	-0.11149605187026673	0.1217957293396525	-0.14891822002427244	0.11784003323068769	-0.16768359313058073
-0.09926055489526528	0.0956628487959792	-0.1405607612992074	0.11744941373675612	-0.06467870698032929	0.0764754020699459	-0.10715956475923659	0.12490267875356124	-0.11634937775429648	0.08675945886543449	-0.13344380032468467	0.10333503900774636	-0.17887701369973652	0.13310424677657062	-0.18405598815136276	0.27468475602195536	-0.5496236438996515	0.2855333447060095	-0.19133635107183622	0.16557074029748964	-0.2596040697528346	1.0000000000000024	-0.5737440546810982	0.19063921094849418	-0.1716535615664765	0.19568232484643955	-0.3229238362222617	0.24195998748634182	-0.1702263361003643	0.13799252536675308	-0.10613891663832346	0.12717592562080277	-0.16919297102424294	0.13953341121620233	-0.12200484936668042	0.09937840836558799	-0.12689429233206012	0.15011363260755067	-0.1293860277514046	0.17116132278172663
0.09100329658996227	-0.09096050944197934	0.13182025857649246	-0.12048861506612403	0.06537509374689236	-0.07093540436500692	0.10011115338215641	-0.12452447014284185	0.11578508252387527	-0.08922094803399563	0.12077468535959471	-0.09733811193868228	0.17128421302360933	-0.14010625942578747	0.1811158765259724	-0.23940338413903123	0.28936320698759593	-0.47618637195583713	0.213037309950744	-0.20193975720110782	0.18746755240067522	-0.5737440546810982	1.0000000000000029	-0.26243606574995615	0.1907265253041498	-0.1654341617342628	0.22698143758191353	-0.4012385084934192	0.2049307427167473	-0.16696174624676344	0.10709087228530303	-0.13669149485231333	0.19154971305176247	-0.16500916796163023	0.14018119304035018	-0.10507946681709542	0.1308998265909583	-0.17445463708858608	0.14433714831626152	-0.20168205261949906
-0.09157685767581175	0.08684616697570892	-0.1316743106289426	0.10609370423283698	-0.05879305635859546	0.06897932812350022	-0.0976326048125595	0.1112356007529461	-0.10535817811890964	0.07836105453570094	-0.1175917730817264	0.08998545456714402	-0.1581138291422812	0.11848401021802203	-0.16783196876538087	0.16641846964491994	-0.17298919837695403	0.17814949383264375	-0.16882091008355626	0.14260830096546256	-0.1628238707434028	0.19063921094849418	-0.26243606574995615	1.000000000000004	-0.6408978437490366	0.13400793060210617	-0.1987741028538851	0.261892397914372	-0.5047235235388412	0.2913428915538649	-0.11567330531542189	0.1397007679843233	-0.21119482038771326	0.21412957696423188	-0.21949944624176343	0.10985027811725466	-0.14964325195751482	0.18787971095752642	-0.19110157355765667	0.25054614224884497
0.07344267765074539	-0.07105543744557596	0.10585130549471058	-0.09114291268062623	0.04971410397150708	-0.055929989453251096	0.07884706218695227	-0.09171605768545833	0.08624679523329193	-0.06732755485983292	0.09467847570358644	-0.07355732639849237	0.12586389905883655	-0.09894821763003271	0.13229104570072162	-0.15176999458360782	0.1432246048185986	-0.15215855350418706	0.12645094997421719	-0.1236506767792268	0.1358687155539734	-0.1716535615664765	0.1907265253041498	-0.6408978437490366	1.0000000000000024	-0.12020560182247345	0.1658241940316344	-0.24888499918955403	0.3105132571550965	-0.4980552656702898	0.11094163344731535	-0.13979337816684104	0.20029338718097991	-0.24887012465115083	0.25856934742040344	-0.11165443087697766	0.1447938540294645	-0.21216943524841686	0.20149921727607503	-0.36619968923075574
-0.06354898557709451	0.060797241866419	-0.08762803003304523	0.07281463025647882	-0.03979175031794372	0.0494970152015808	-0.06785216662762136	0.07623452276187308	-0.06972377276722343	0.05359972534480627	-0.08803861101533915	0.0667910162567106	-0.10615796044881429	0.07841503014581605	-0.10558601270526989	0.2542435629654325	-0.18232833988812383	0.132410086592085	-0.09690971865585116	0.09102041346049898	-0.6186290551391327	0.19568232484643955	-0.1654341617342628	0.13400793060210617	-0.12020560182247345	1.0000000000000013	-0.6468392399948418	0.19805473618625993	-0.1290084629760102	0.10617583023940982	-0.14415404596886622	0.14124405766239037	-0.14621801709073926	0.11473579271336627	-0.0957461397187636	0.11431906078593922	-0.12619170149958692	0.12961843605810552	-0.10602908187987715	0.13635944191515612
0.07674015598658675	-0.07492876030088343	0.10707878172045135	-0.09303687142415444	0.0504693550793221	-0.060241750415061274	0.08269225109459649	-0.09516970203011908	0.08729155609302965	-0.06855832452630728	0.10518007459210639	-0.08192677770820317	0.12979555439350002	-0.09978872907151143	0.13099513681605315	-0.3117386221363651	0.2140443653938594	-0.1781655417316283	0.12417999126550736	-0.12001102658357428	0.30016709883854603	-0.3229238362222617	0.22698143758191353	-0.1987741028538851	0.1658241940316344	-0.6468392399948418	1.000000000000002	-0.3745918690359276	0.18614487049520148	-0.15733148265241156	0.15405191856399134	-0.21035565644434032	0.20510447209843707	-0.1677915278484643	0.13689916888045967	-0.1438011979124746	0.16265781463785342	-0.18828742339969462	0.14856445252708778	-0.20060020779803017
-0.08903488863788783	0.08473343034856387	-0.12688482915364047	0.10281374796628912	-0.05676344084796131	0.06762254143458561	-0.09511205141714757	0.10859286572417409	-0.1012550388752692	0.07585064768343888	-0.11634270552008769	0.08921390263313961	-0.1548387919545154	0.1136826751669816	-0.15836533268980357	0.19883727567675166	-0.20032287902780385	0.199574131498336	-0.14897921053434574	0.1342044022151133	-0.21214878025062917	0.24195998748634182	-0.4012385084934192	0.261892397914372	-0.24888499918955403	0.19805473618625993	-0.3745918690359276	1.0000000000000018	-0.4600657883120202	0.2335114648481454	-0.16143369212221684	0.20609978206620186	-0.45296077940827517	0.24145967007786137	-0.20541735283478998	0.14404181141022254	-0.19492038201726158	0.2300011784224943	-0.20910810675220415	0.2365227783154854
0.06834679109176982	-0.06539853979139827	0.09789376017562122	-0.08104479905975184	0.044531910743835196	-0.05189874537600516	0.07307828451234517	-0.08389863382765267	0.07848145111885903	-0.05981453436578256	0.08854828917299704	-0.06823714830615578	0.1174591006103999	-0.08892850962340935	0.12156184242212713	-0.14522443978933788	0.13975014246107412	-0.14579776271463504	0.11520292231500041	-0.10756230240547096	0.1384513985190364	-0.1702263361003643	0.2049307427167473	-0.5047235235388412	0.3105132571550965	-0.1290084629760102	0.18614487049520148	-0.4600657883120202	1.0000000000000022	-0.5252775317410631	0.11477967976277864	-0.14873374595962546	0.23515665181416295	-0.30829370751883145	0.2580492813561992	-0.11107632232295361	0.14675726822696336	-0.2044160859826934	0.2023699039594986	-0.28238062891771565
-0.06507860923807178	0.06156338994278971	-0.09306684934622744	0.07466305571233695	-0.041207755155328867	0.04903607875385285	-0.0691419256499639	0.07805911517649437	-0.07279055563994889	0.0550479759661681	-0.0836572158685208	0.06384839501964082	-0.11031322424557648	0.08108785593146361	-0.11260076197113118	0.12435785584419629	-0.1214206433226594	0.12114842755934405	-0.09979839951022774	0.09370528449113988	-0.12333046631271569	0.13799252536675308	-0.16696174624676344	0.2913428915538649	-0.4980552656702898	0.10617583023940982	-0.15733148265241156	0.2335114648481454	-0.5252775317410631	1.0000000000000016	-0.10501185998269898	0.12915426032804347	-0.2100248902697958	0.26044225971785206	-0.5283128042907224	0.09944772229402474	-0.1379708860820499	0.18196923319228703	-0.2097655343355841	0.28856478559394383
0.041884553496555	-0.04005268838031985	0.059384673414811705	-0.04909685302184824	0.026889868524181564	-0.031989510209897876	0.044680213306430044	-0.05072946934276468	0.04688443420170979	-0.03618086138182567	0.054960371262286395	-0.04222098957536299	0.0705858254988156	-0.05254154019052475	0.07102913832602628	-0.10732013338430493	0.08930176864132802	-0.08282081677441565	0.06286419807111343	-0.06050332243766364	0.11616817090575254	-0.10613891663832346	0.10709087228530303	-0.11567330531542189	0.11094163344731535	-0.14415404596886622	0.15405191856399134	-0.16143369212221684	0.11477967976277864	-0.10501185998269898	1.0000000000000016	-0.5702583488459645	0.219203585453721	-0.15270805687697725	0.10622630843259628	-0.6885402502835535	0.3153883850134749	-0.20794623346859759	0.14222584021280135	-0.14922054461943862
-0.05163211917013222	0.04911594595158364	-0.07326941741011014	0.059636476158601	-0.03277420081814623	0.03926490262362139	-0.054971233346324866	0.062143913447713264	-0.05750796462510358	0.04394443872690579	-0.06747007953639773	0.05162958318151715	-0.08720858629104265	0.0641605893663124	-0.08775034368431653	0.12313755002687232	-0.10787455431071787	0.10043820945616594	-0.07725745946988108	0.07337243666490227	-0.13298921311763431	0.12717592562080277	-0.13669149485231333	0.1397007679843233	-0.13979337816684104	0.14124405766239037	-0.21035565644434032	0.20609978206620186	-0.14873374595962546	0.12915426032804347	-0.5702583488459645	1.0000000000000007	-0.4537363531309997	0.19307726308836162	-0.1361127365802488	0.30858247065958994	-0.5172530868091729	0.24442682717688174	-0.18707738777023408	0.1744119601487546
0.06626921741312518	-0.0633215983708631	0.09449496583711943	-0.07788702362739487	0.042742882047695004	-0.05039840228167292	0.07073748880470321	-0.0807131453256057	0.0749185686747876	-0.05743147033540218	0.08619431001470278	-0.06630823021702467	0.11285068032787994	-0.08422875327254575	0.11454603947500129	-0.15006631437320914	0.13753617773651725	-0.13786111793631564	0.10326482496198448	-0.0986530148876952	0.14670853044524476	-0.16919297102424294	0.19154971305176247	-0.21119482038771326	0.20029338718097991	-0.14621801709073926	0.20510447209843707	-0.45296077940827517	0.23515665181416295	-0.2100248902697958	0.219203585453721	-0.4537363531309997	1.0000000000000027	-0.43840480193145676	0.2191140761760634	-0.2114446532560707	0.26115322839575644	-0.41994811357221135	0.2715619260736165	-0.2734062552840302
-0.06577098147066851	0.06203049922003279	-0.09380164124360706	0.07452305156592053	-0.04115919279300438	0.049531588253504774	-0.06974629237100943	0.07828370375617807	-0.07267163357973093	0.05490873677765068	-0.08464851341804498	0.06443802944547736	-0.11087776024961139	0.08046762032589337	-0.11175389124593392	0.12817565659574703	-0.12282466869275924	0.11999637905281861	-0.09657783951403534	0.09094993060963488	-0.12979864323211904	0.13953341121620233	-0.16500916796163023	0.21412957696423188	-0.24887012465115083	0.11473579271336627	-0.1677915278484643	0.24145967007786137	-0.30829370751883145	0.26044225971785206	-0.15270805687697725	0.19307726308836162	-0.43840480193145676	1.0000000000000029	-0.5005175517025598	0.13896006186435828	-0.20514083670389333	0.28609434737243633	-0.5168145085847147	0.31144376297267096
0.057715442060501505	-0.05458243510801992	0.08245166260876512	-0.06613458065057291	0.03645570555619736	-0.04349232731441705	0.06126371825408166	-0.06900582111881569	0.06410798279747082	-0.048738567336725845	0.07414749659678366	-0.05658291319688078	0.09721834015366533	-0.07124433565553524	0.09825534145812101	-0.11134384691195638	0.10623444484240097	-0.10584513076877054	0.08540463935370861	-0.0813112163192637	0.10891249952771223	-0.12200484936668042	0.14018119304035018	-0.21949944624176343	0.25856934742040344	-0.0957461397187636	0.13689916888045967	-0.20541735283478998	0.2580492813561992	-0.5283128042907224	0.10622630843259628	-0.1361127365802488	0.2191140761760634	-0.5005175517025598	1.000000000000003	-0.10292916123985486	0.14238165544395343	-0.21030369432499424	0.2554292557814669	-0.5598926490595665
-0.04308845142387675	0.04084805332537467	-0.061120411946629774	0.04930988397959492	-0.027125714375261192	0.0326863854153304	-0.04577848950083287	0.05148321566811866	-0.047578224803498256	0.03632183570026555	-0.05614265351713652	0.04283426498717533	-0.07235110477395881	0.05283104460452978	-0.07241717955195198	0.09944305790711298	-0.08706635229248552	0.08014933705554783	-0.06252608615196739	0.05958382651935016	-0.11149605187026673	0.09937840836558799	-0.10507946681709542	0.10985027811725466	-0.11165443087697766	0.11431906078593922	-0.1438011979124746	0.14404181141022254	-0.11107632232295361	0.09944772229402474	-0.6885402502835535	0.30858247065958994	-0.2114446532560707	0.13896006186435828	-0.10292916123985486	1.000000000000003	-0.589711682565746	0.20373864876474634	-0.152113708939757	0.13923222699823293
0.0523263510999616	-0.050017197677126764	0.07444208109712079	-0.06154482758926483	0.03370721965058839	-0.03984807859677488	0.05579552979765767	-0.06340036495550365	0.05866977617563436	-0.04535945886092305	0.06816679209380744	-0.052403105367655974	0.08814580019631009	-0.06569023472419988	0.08875918541389241	-0.1236954805855061	0.10636060806090852	-0.1016931075387901	0.07795501801384035	-0.07537375331271823	0.1217957293396525	-0.12689429233206012	0.1308998265909583	-0.14964325195751482	0.1447938540294645	-0.12619170149958692	0.16265781463785342	-0.19492038201726158	0.14675726822696336	-0.1379708860820499	0.3153883850134749	-0.5172530868091729	0.26115322839575644	-0.20514083670389333	0.14238165544395343	-0.589711682565746	1.0000000000000033	-0.4063624857109941	0.21161101919346997	-0.2086529275845318
-0.07536004763291096	0.07061375313875072	-0.10724283049074353	0.08357147524210914	-0.046275495640922364	0.05655872637533703	-0.07963025456004266	0.08849363812584451	-0.0818644833946435	0.06152721917885638	-0.09678437105784862	0.07327066224371001	-0.12603293699215895	0.08981690648266032	-0.125564831892611	0.14241029453135812	-0.13581085431947393	0.12928345915453981	-0.10493050842504982	0.09882974879481665	-0.14891822002427244	0.15011363260755067	-0.17445463708858608	0.18787971095752642	-0.21216943524841686	0.12961843605810552	-0.18828742339969462	0.2300011784224943	-0.2044160859826934	0.18196923319228703	-0.20794623346859759	0.24442682717688174	-0.41994811357221135	0.28609434737243633	-0.21030369432499424	0.20373864876474634	-0.4063624857109941	1.0000000000000033	-0.6193228093582047	0.26340785476505935
0.06025406294110035	-0.0570471031021865	0.0859710805779775	-0.06918269729438101	0.03808930530063172	-0.04547329471555769	0.06396949685044309	-0.07204068123080168	0.06678359391417443	-0.05097495472120827	0.07756628739145242	-0.05923250821997501	0.1012493728203757	-0.07415553089688506	0.10181710023689042	-0.12045130264158767	0.11214220539760816	-0.11025506595643307	0.08767825204890356	-0.08396174845564391	0.11784003323068769	-0.1293860277514046	0.14433714831626152	-0.19110157355765667	0.20149921727607503	-0.10602908187987715	0.14856445252708778	-0.20910810675220415	0.2023699039594986	-0.2097655343355841	0.14222584021280135	-0.18707738777023408	0.2715619260736165	-0.5168145085847147	0.2554292557814669	-0.152113708939757	0.21161101919346997	-0.6193228093582047	1.0000000000000036	-0.4274659278862272
-0.0980824845466852	0.09111268077251532	-0.13969886508659038	0.10613845008858347	-0.059009735265580496	0.07309035994553527	-0.10316129091354401	0.11336558310718535	-0.10473753892162027	0.07808683535281054	-0.12479298319747756	0.09387456378729428	-0.16254479385716825	0.11377096477081808	-0.16074256149756755	0.1627072820068864	-0.16031674658520587	0.1540464505994052	-0.1299078805783443	0.12233591040923547	-0.16768359313058073	0.17116132278172663	-0.20168205261949906	0.25054614224884497	-0.36619968923075574	0.13635944191515612	-0.20060020779803017	0.2365227783154854	-0.28238062891771565	0.28856478559394383	-0.14922054461943862	0.1744119601487546	-0.2734062552840302	0.31144376297267096	-0.5598926490595665	0.13923222699823293	-0.2086529275845318	0.26340785476505935	-0.4274659278862272	1.0000000000000033
