1.0	-0.7342839468559551	0.14866512838499774	-0.14458409677314987	0.11583555152064165	-0.515221848566991	0.3236488316118829	-0.12331795357417824	0.12113603511238678	-0.050953284112987086	0.18911438878307069	-0.12632172059345698	0.10418193278295668	-0.06829007686333965	0.055185187850028516	-0.1850177935509772	0.10231303497778499	-0.09922937957990782	0.07151209054131613	-0.05264487438468939	0.06264948773981689	-0.0797501765894917	0.0655117510337222	-0.08193195399586888	0.04259851276042523	-0.07094645871713605	0.07308310754005382	-0.04892873378882339	0.047988604955828504	-0.04188621088797539	0.06577640273707483	-0.057977410571901394	0.04578903348158763	-0.04075111674976901	0.03520172736164799
-0.7342839468559551	1.0000000000000002	-0.1999669925354557	0.14752121183431618	-0.11112883005253545	0.304339727541605	-0.5422221755895065	0.12382369178114375	-0.12287339101629824	0.04816155269088025	-0.16542693387000923	0.10515787881196428	-0.09627003577541182	0.06118569351880128	-0.051911875819210584	0.14673012071677252	-0.08984186202344892	0.08651912674333469	-0.06492155335380455	0.044186016880604584	-0.05105446077499574	0.06642065657687797	-0.05548845449899289	0.06798478245609987	-0.03596217656265064	0.05743063837915417	-0.061355475488641696	0.04074051379209397	-0.04013063235379542	0.03488225610871119	-0.054892177243722265	0.0479671347335729	-0.03826426232732252	0.03390335462063933	-0.029453810596494663
0.14866512838499774	-0.1999669925354557	1.0000000000000007	-0.7586035098491923	0.22057328338364968	-0.1161665899912115	0.1449459567180783	-0.43995946279363335	0.28382501701030194	-0.09931721662679799	0.1430412259256179	-0.12780325195117093	0.16540845226755874	-0.10254070770731605	0.09880429672086373	-0.1748814801179437	0.11808133509175044	-0.1358241554742934	0.1019240791310938	-0.06234577189752267	0.06374179508552065	-0.08751696994224425	0.07568386547361124	-0.09124773215926259	0.05062255404705177	-0.07163109346230842	0.08105528367740283	-0.054172073320199604	0.053756640427088574	-0.04715039156387729	0.07243896489009942	-0.06288789367041767	0.0511381448678599	-0.045301863557171626	0.039930862742328786
-0.14458409677314987	0.14752121183431618	-0.7586035098491923	1.0000000000000007	-0.35298278901220675	0.10895644669980255	-0.14211263380463604	0.2755222406378655	-0.3872859492197509	0.11922263222683405	-0.14474980092156234	0.11778695979090052	-0.15431958495887685	0.09869707777817506	-0.12157335827741261	0.1672943790007399	-0.1145942495293947	0.12254738576128504	-0.10351519504727695	0.06252415110449691	-0.06186248281966173	0.08440980381762059	-0.07354920467817105	0.0882828187951191	-0.05105614084370075	0.0692837009729248	-0.07995312346316015	0.053143107552439825	-0.05295165043587731	0.04656749481151551	-0.07170575851958128	0.06171708730309819	-0.05052516439783111	0.0445705594321549	-0.03962818692165285
0.11583555152064165	-0.11112883005253545	0.22057328338364968	-0.35298278901220675	0.9999999999999998	-0.10911782419834326	0.12939476335385097	-0.20131804326000963	0.24098276800269075	-0.2760205257756159	0.1812167429262262	-0.13473088817074189	0.15014990936067893	-0.10646435281246948	0.21824244052868122	-0.2867425080547567	0.1409730477277519	-0.13999859762138792	0.11539513107835866	-0.11201919932376568	0.10371455644047116	-0.12918670158204915	0.10925661954484084	-0.14243938389468375	0.08886035988375056	-0.11823513188816251	0.1308146970258645	-0.089439735354022	0.08889341908391389	-0.0817461412569994	0.1255696021112936	-0.10733853479387362	0.08665489607189339	-0.07680290185879368	0.06907449196742946
-0.515221848566991	0.304339727541605	-0.1161665899912115	0.10895644669980255	-0.10911782419834326	1.0000000000000004	-0.6736232153118469	0.11695259950934384	-0.12052832664889408	0.04906209636760014	-0.36823693430655585	0.16181599012912248	-0.12265292956807687	0.0753017167046541	-0.05398417564468117	0.18882944278914876	-0.12644130499261108	0.11229442369633798	-0.08054533059839217	0.05370274953762595	-0.06506795601053	0.08546765998918703	-0.07070400128213855	0.08537910918348543	-0.04384705062851348	0.07269094172022607	-0.07740453610366287	0.0509324185052028	-0.05007686142745734	0.04306263037265985	-0.06843116400642098	0.05987148957330312	-0.047613470555412284	0.04212950966649755	-0.036369882233263165
0.3236488316118829	-0.5422221755895065	0.1449459567180783	-0.14211263380463604	0.12939476335385097	-0.6736232153118469	1.0	-0.1436470991926119	0.13737557756779684	-0.057761445812908895	0.22888433139408773	-0.1566994273471542	0.12392454835141634	-0.081204798130527	0.06300113303599901	-0.2277959877060172	0.12339737485073657	-0.11939243775527908	0.08473381324561895	-0.06328948083019581	0.07644454015067009	-0.09684489842149938	0.07911071499016817	-0.09931071466516546	0.05116276126941042	-0.08668092775133576	0.0882829021402894	-0.05918164578754272	0.05795859310756422	-0.05056680273122588	0.07942928018833456	-0.07022522244107862	0.05528058525806913	-0.049257287909729636	0.042440653584803936
-0.12331795357417824	0.12382369178114375	-0.43995946279363335	0.2755222406378655	-0.20131804326000963	0.11695259950934384	-0.1436470991926119	0.9999999999999993	-0.6676344987250056	0.12463708415426705	-0.19604389430679597	0.18802714446870109	-0.3891305844148312	0.16154679807554803	-0.1295219144289119	0.1997077292990596	-0.177844612365554	0.20327091843514136	-0.16412719822981914	0.07415963326989572	-0.07553473100814528	0.11102274795039438	-0.09999836896455544	0.11203605747989982	-0.06129220211987636	0.0835729578127955	-0.09995953412761363	0.0653681249791473	-0.0652461907389841	0.055840815799324005	-0.0857567893850166	0.07420366164778812	-0.06134710960439482	0.05401679703667856	-0.047647044999127315
0.12113603511238678	-0.12287339101629824	0.28382501701030194	-0.3872859492197509	0.24098276800269075	-0.12052832664889408	0.13737557756779684	-0.6676344987250056	0.9999999999999991	-0.20828761603925544	0.19384209126969282	-0.1927888685652534	0.2459353636516148	-0.18536192687544728	0.17169331064964585	-0.26839991790434364	0.1768608094194835	-0.21782717269173543	0.16448638166912938	-0.09744772136626309	0.09708139413838832	-0.13487166946507897	0.11638172868594664	-0.1419563395725593	0.07842914771158037	-0.10950331497659863	0.12249481766707264	-0.08267531038827466	0.08195788177413732	-0.07212661353124822	0.10852483343612503	-0.09527377170188517	0.07753872786551791	-0.06910432323569282	0.060838464825435645
-0.050953284112987086	0.04816155269088025	-0.09931721662679799	0.11922263222683405	-0.2760205257756159	0.04906209636760014	-0.057761445812908895	0.12463708415426705	-0.20828761603925544	0.9999999999999994	-0.0839932063316124	0.06793531991412723	-0.08197811164476876	0.06482535422404245	-0.9061121300260637	0.11812947807719733	-0.06941566461995885	0.0733661208812958	-0.06706040971593209	0.0795463542144488	-0.04489503888628344	0.06046359992021623	-0.053728306526359425	0.0686481774091352	-0.06607146557384068	0.05048658823787853	-0.06110189922222431	0.042293236473115926	-0.04370994410358098	0.042360503722915006	-0.05617925732053129	0.04781788959591109	-0.042029485217603836	0.037169582400321276	-0.03694113397821361
0.18911438878307069	-0.16542693387000923	0.1430412259256179	-0.14474980092156234	0.1812167429262262	-0.36823693430655585	0.22888433139408773	-0.19604389430679597	0.19384209126969282	-0.0839932063316124	0.9999999999999991	-0.5664450612869446	0.24992968740496052	-0.1578743147241356	0.09312304243230586	-0.43906137724807476	0.26906502625808043	-0.2554017455719164	0.15794849181798393	-0.11042790801063126	0.14124885096623005	-0.1875043885560478	0.14938987784470736	-0.18259902567578284	0.08972996459684987	-0.1580506251179323	0.1608221552752741	-0.1065942041354541	0.10412236165872729	-0.08922039307102195	0.14136230661529714	-0.12535348916362082	0.098551712436662	-0.08770356810146847	0.07493539201204061
-0.12632172059345698	0.10515787881196428	-0.12780325195117093	0.11778695979090052	-0.13473088817074189	0.16181599012912248	-0.1566994273471542	0.18802714446870109	-0.1927888685652534	0.06793531991412723	-0.5664450612869446	1.0000000000000007	-0.4601581381279992	0.16895024311035114	-0.07499426176816032	0.248749509657764	-0.5239096557293453	0.2949205314703674	-0.18354677249073284	0.0797422489968544	-0.09593129358687866	0.15772230161337344	-0.13562852112511004	0.1376504565033197	-0.06717091156431199	0.10256815444926067	-0.1290711694118909	0.07962796938529906	-0.07910855438658418	0.0643097913371338	-0.10313031715918036	0.08914222360309827	-0.07343734562846127	0.06395478662392814	-0.05512728414732812
0.10418193278295668	-0.09627003577541182	0.16540845226755874	-0.15431958495887685	0.15014990936067893	-0.12265292956807687	0.12392454835141634	-0.3891305844148312	0.2459353636516148	-0.08197811164476876	0.24992968740496052	-0.4601581381279992	0.9999999999999984	-0.3451922890992977	0.08758640231573422	-0.2551831818351064	0.29676017864066084	-0.5357349790961448	0.24957170130623188	-0.08873608813093183	0.09683225295816555	-0.16101812631634024	0.14648995690097683	-0.15425336897600372	0.07371296745240653	-0.10622859275639653	0.12913289620876908	-0.08393850229004356	0.08340086789411412	-0.06894734115754274	0.10533340254977852	-0.09262057123777753	0.07670711008325737	-0.06785374677472916	0.0585860219197909
-0.06829007686333965	0.06118569351880128	-0.10254070770731605	0.09869707777817506	-0.10646435281246948	0.0753017167046541	-0.081204798130527	0.16154679807554803	-0.18536192687544728	0.06482535422404245	-0.1578743147241356	0.16895024311035114	-0.3451922890992977	0.999999999999999	-0.07170747445343573	0.16012688115233256	-0.17160978260395726	0.21474003344961665	-0.866351414774718	0.07083169027635346	-0.06310954542163599	0.10007881274392345	-0.09351954972517028	0.1013496892138868	-0.0594294304255554	0.06899528476403946	-0.08763924233659962	0.056941146757997795	-0.057605959166083395	0.04880032826274897	-0.07239882486337713	0.06259286803427229	-0.05330102844429259	0.04681471457179156	-0.04205140365356451
0.055185187850028516	-0.051911875819210584	0.09880429672086373	-0.12157335827741261	0.21824244052868122	-0.05398417564468117	0.06300113303599901	-0.1295219144289119	0.17169331064964585	-0.9061121300260637	0.09312304243230586	-0.07499426176816032	0.08758640231573422	-0.07170747445343573	0.9999999999999984	-0.13945736452941895	0.07702418325019178	-0.08124659873994754	0.07234345550704169	-0.10052066024882722	0.05252159708583701	-0.06992380026779632	0.061609884057220114	-0.08044825114157324	0.0757394842360795	-0.05931420327628716	0.07068626700638073	-0.049342903412021064	0.05082393438372804	-0.04982959290744032	0.06546593705182632	-0.05602325661298155	0.04886952151576402	-0.04349519689169844	0.04290964084569071
-0.1850177935509772	0.14673012071677252	-0.1748814801179437	0.1672943790007399	-0.2867425080547567	0.18882944278914876	-0.2277959877060172	0.1997077292990596	-0.26839991790434364	0.11812947807719733	-0.43906137724807476	0.248749509657764	-0.2551831818351064	0.16012688115233256	-0.13945736452941895	0.9999999999999962	-0.3196071368061711	0.23039294165956586	-0.1971891698865806	0.13249843227281702	-0.35654188470607184	0.22552899588134906	-0.19116850755411904	0.20842587290465997	-0.1159740942941968	0.24997911994486258	-0.2661947956054574	0.14945785309228304	-0.1485412455589042	0.11810301126113867	-0.2723122357134218	0.19014515504777302	-0.150293585041133	0.12120342690037676	-0.1062713738628094
0.10231303497778499	-0.08984186202344892	0.11808133509175044	-0.1145942495293947	0.1409730477277519	-0.12644130499261108	0.12339737485073657	-0.177844612365554	0.1768608094194835	-0.06941566461995885	0.26906502625808043	-0.5239096557293453	0.29676017864066084	-0.17160978260395726	0.07702418325019178	-0.3196071368061711	0.9999999999999956	-0.6195655743212087	0.17754908250913606	-0.0965979690682828	0.12173554016389268	-0.2658716707431974	0.19087035579638295	-0.18472926382224114	0.08201168443148953	-0.12888464027516702	0.16700161612127062	-0.10201437389500659	0.10038091443566824	-0.07953575308118181	0.12668215235205355	-0.11155098975176457	0.0917384471887574	-0.08006363375272356	0.06805626905208736
-0.09922937957990782	0.08651912674333469	-0.1358241554742934	0.12254738576128504	-0.13999859762138792	0.11229442369633798	-0.11939243775527908	0.20327091843514136	-0.21782717269173543	0.0733661208812958	-0.2554017455719164	0.2949205314703674	-0.5357349790961448	0.21474003344961665	-0.08124659873994754	0.23039294165956586	-0.6195655743212087	0.9999999999999937	-0.273576686328922	0.09078404315532727	-0.10135080409657138	0.1979414472121458	-0.23228285592143724	0.17416414944401384	-0.07906114016617395	0.10608392401819539	-0.15294124700985073	0.09317894691888824	-0.09432903334429621	0.07310439849209308	-0.11442095487412511	0.0984413930180093	-0.0846973231234936	0.07333909971900467	-0.06332443592301672
0.07151209054131613	-0.06492155335380455	0.1019240791310938	-0.10351519504727695	0.11539513107835866	-0.08054533059839217	0.08473381324561895	-0.16412719822981914	0.16448638166912938	-0.06706040971593209	0.15794849181798393	-0.18354677249073284	0.24957170130623188	-0.866351414774718	0.07234345550704169	-0.1971891698865806	0.17754908250913606	-0.273576686328922	0.9999999999999926	-0.08732870525211336	0.07502372712145386	-0.11796007095512097	0.10706630605754396	-0.12332649816753664	0.0698752979461023	-0.08313718530803069	0.10068800393601687	-0.06716273032760461	0.06751924750295103	-0.05799209101641955	0.08403594760664809	-0.07387564993494798	0.062280821379139414	-0.05538048068213197	0.049387727648897456
-0.05264487438468939	0.044186016880604584	-0.06234577189752267	0.06252415110449691	-0.11201919932376568	0.05370274953762595	-0.06328948083019581	0.07415963326989572	-0.09744772136626309	0.0795463542144488	-0.11042790801063126	0.0797422489968544	-0.08873608813093183	0.07083169027635346	-0.10052066024882722	0.13249843227281702	-0.0965979690682828	0.09078404315532727	-0.08732870525211336	0.9999999999999917	-0.07981476027996723	0.13302936921554756	-0.15306027659113822	0.20911195236328056	-0.8723971940465406	0.08434782520292707	-0.17211894235893802	0.13274742023326389	-0.1662755241019627	0.20895013144774194	-0.15091022507553492	0.11929063450865218	-0.15602132625721354	0.13639928734856377	-0.20163333379870513
0.06264948773981689	-0.05105446077499574	0.06374179508552065	-0.06186248281966173	0.10371455644047116	-0.06506795601053	0.07644454015067009	-0.07553473100814528	0.09708139413838832	-0.04489503888628344	0.14124885096623005	-0.09593129358687866	0.09683225295816555	-0.06310954542163599	0.05252159708583701	-0.35654188470607184	0.12173554016389268	-0.10135080409657138	0.07502372712145386	-0.07981476027996723	0.9999999999999922	-0.22484916572900673	0.13693813423276519	-0.1482397526948295	0.06874076484669592	-0.8515683941753398	0.19490433727177023	-0.10560505366354547	0.09694311794414938	-0.07523892291690909	0.18018767436099606	-0.14803929560255769	0.0962153849031219	-0.08016821617867821	0.06526557295028687
-0.0797501765894917	0.06642065657687797	-0.08751696994224425	0.08440980381762059	-0.12918670158204915	0.08546765998918703	-0.09684489842149938	0.11102274795039438	-0.13487166946507897	0.06046359992021623	-0.1875043885560478	0.15772230161337344	-0.16101812631634024	0.10007881274392345	-0.06992380026779632	0.22552899588134906	-0.2658716707431974	0.1979414472121458	-0.11796007095512097	0.13302936921554756	-0.22484916572900673	0.9999999999999921	-0.614129997164169	0.3016003784601598	-0.12635598695438455	0.1920063394049862	-0.505884779480336	0.19480395425176159	-0.1941342509258929	0.12667435884645106	-0.22426280857523964	0.19458263383392713	-0.17002806973505702	0.13690746067964754	-0.11411823382513672
0.0655117510337222	-0.05548845449899289	0.07568386547361124	-0.07354920467817105	0.10925661954484084	-0.07070400128213855	0.07911071499016817	-0.09999836896455544	0.11638172868594664	-0.053728306526359425	0.14938987784470736	-0.13562852112511004	0.14648995690097683	-0.09351954972517028	0.061609884057220114	-0.19116850755411904	0.19087035579638295	-0.23228285592143724	0.10706630605754396	-0.15306027659113822	0.13693813423276519	-0.614129997164169	0.9999999999999897	-0.619381900399444	0.1410252667597787	-0.1414864142059341	0.2632940886715428	-0.18348850583651585	0.18573407689211258	-0.1264421804934998	0.16414796958584102	-0.15081010254784283	0.14501713763219393	-0.13158260354997964	0.10756639109540153
-0.08193195399586888	0.06798478245609987	-0.09124773215926259	0.0882828187951191	-0.14243938389468375	0.08537910918348543	-0.09931071466516546	0.11203605747989982	-0.1419563395725593	0.0686481774091352	-0.18259902567578284	0.1376504565033197	-0.15425336897600372	0.1013496892138868	-0.08044825114157324	0.20842587290465997	-0.18472926382224114	0.17416414944401384	-0.12332649816753664	0.20911195236328056	-0.1482397526948295	0.3016003784601598	-0.619381900399444	0.9999999999999912	-0.2634414616528214	0.14862121221807414	-0.353389972051961	0.23291793989619153	-0.35354883281770266	0.18150179631414515	-0.2386105473717371	0.19157279194802557	-0.21525915875466128	0.18734312545594603	-0.16600914404469472
0.04259851276042523	-0.03596217656265064	0.05062255404705177	-0.05105614084370075	0.08886035988375056	-0.04384705062851348	0.05116276126941042	-0.06129220211987636	0.07842914771158037	-0.06607146557384068	0.08972996459684987	-0.06717091156431199	0.07371296745240653	-0.0594294304255554	0.0757394842360795	-0.1159740942941968	0.08201168443148953	-0.07906114016617395	0.0698752979461023	-0.8723971940465406	0.06874076484669592	-0.12635598695438455	0.1410252667597787	-0.2634414616528214	0.999999999999989	-0.07363421037792978	0.14475754422398573	-0.12346017265973502	0.1530856476345597	-0.276363586986348	0.121201245372095	-0.1032879871093966	0.13333961259734367	-0.13003937865508367	0.17947340136221313
-0.07094645871713605	0.05743063837915417	-0.07163109346230842	0.0692837009729248	-0.11823513188816251	0.07269094172022607	-0.08668092775133576	0.0835729578127955	-0.10950331497659863	0.05048658823787853	-0.1580506251179323	0.10256815444926067	-0.10622859275639653	0.06899528476403946	-0.05931420327628716	0.24997911994486258	-0.12888464027516702	0.10608392401819539	-0.08313718530803069	0.08434782520292707	-0.8515683941753398	0.1920063394049862	-0.1414864142059341	0.14862121221807414	-0.07363421037792978	0.9999999999999893	-0.25138653788454673	0.11723003340533611	-0.10849918364191964	0.08198638953296555	-0.25136369216465265	0.1683194862386572	-0.1105392423580394	0.08853915355412326	-0.07258533733236369
0.07308310754005382	-0.061355475488641696	0.08105528367740283	-0.07995312346316015	0.1308146970258645	-0.07740453610366287	0.0882829021402894	-0.09995953412761363	0.12249481766707264	-0.06110189922222431	0.1608221552752741	-0.1290711694118909	0.12913289620876908	-0.08763924233659962	0.07068626700638073	-0.2661947956054574	0.16700161612127062	-0.15294124700985073	0.10068800393601687	-0.17211894235893802	0.19490433727177023	-0.505884779480336	0.2632940886715428	-0.353389972051961	0.14475754422398573	-0.25138653788454673	0.999999999999989	-0.40792237643216755	0.24741435405896214	-0.17806627290661856	0.2764626563369192	-0.4061665032173851	0.24155909007968163	-0.20310501830331362	0.14956019973623944
-0.04892873378882339	0.04074051379209397	-0.054172073320199604	0.053143107552439825	-0.089439735354022	0.0509324185052028	-0.05918164578754272	0.0653681249791473	-0.08267531038827466	0.042293236473115926	-0.1065942041354541	0.07962796938529906	-0.08393850229004356	0.056941146757997795	-0.049342903412021064	0.14945785309228304	-0.10201437389500659	0.09317894691888824	-0.06716273032760461	0.13274742023326389	-0.10560505366354547	0.19480395425176159	-0.18348850583651585	0.23291793989619153	-0.12346017265973502	0.11723003340533611	-0.40792237643216755	0.9999999999999898	-0.6097579421326189	0.20945369249053053	-0.20833896652971662	0.2116822540575934	-0.5304575765417936	0.2893928074182567	-0.20300672326497304
0.047988604955828504	-0.04013063235379542	0.053756640427088574	-0.05295165043587731	0.08889341908391389	-0.05007686142745734	0.05795859310756422	-0.0652461907389841	0.08195788177413732	-0.04370994410358098	0.10412236165872729	-0.07910855438658418	0.08340086789411412	-0.057605959166083395	0.05082393438372804	-0.1485412455589042	0.10038091443566824	-0.09432903334429621	0.06751924750295103	-0.1662755241019627	0.09694311794414938	-0.1941342509258929	0.18573407689211258	-0.35354883281770266	0.1530856476345597	-0.10849918364191964	0.24741435405896214	-0.6097579421326189	0.9999999999999883	-0.34091016803558555	0.17598081326864695	-0.18239204990285346	0.3126770043110123	-0.4718716345569774	0.24718289448219
-0.04188621088797539	0.03488225610871119	-0.04715039156387729	0.04656749481151551	-0.0817461412569994	0.04306263037265985	-0.05056680273122588	0.055840815799324005	-0.07212661353124822	0.042360503722915006	-0.08922039307102195	0.0643097913371338	-0.06894734115754274	0.04880032826274897	-0.04982959290744032	0.11810301126113867	-0.07953575308118181	0.07310439849209308	-0.05799209101641955	0.20895013144774194	-0.07523892291690909	0.12667435884645106	-0.1264421804934998	0.18150179631414515	-0.276363586986348	0.08198638953296555	-0.17806627290661856	0.20945369249053053	-0.34091016803558555	0.9999999999999883	-0.16180196348934622	0.14324641885390915	-0.28191070094832626	0.2847819869942374	-0.7690085395988593
0.06577640273707483	-0.054892177243722265	0.07243896489009942	-0.07170575851958128	0.1255696021112936	-0.06843116400642098	0.07942928018833456	-0.0857567893850166	0.10852483343612503	-0.05617925732053129	0.14136230661529714	-0.10313031715918036	0.10533340254977852	-0.07239882486337713	0.06546593705182632	-0.2723122357134218	0.12668215235205355	-0.11442095487412511	0.08403594760664809	-0.15091022507553492	0.18018767436099606	-0.22426280857523964	0.16414796958584102	-0.2386105473717371	0.121201245372095	-0.25136369216465265	0.2764626563369192	-0.20833896652971662	0.17598081326864695	-0.16180196348934622	0.9999999999999889	-0.772816822401514	0.2159989391753233	-0.18482855788976038	0.13187071882552026
-0.057977410571901394	0.0479671347335729	-0.06288789367041767	0.06171708730309819	-0.10733853479387362	0.05987148957330312	-0.07022522244107862	0.07420366164778812	-0.09527377170188517	0.04781788959591109	-0.12535348916362082	0.08914222360309827	-0.09262057123777753	0.06259286803427229	-0.05602325661298155	0.19014515504777302	-0.11155098975176457	0.0984413930180093	-0.07387564993494798	0.11929063450865218	-0.14803929560255769	0.19458263383392713	-0.15081010254784283	0.19157279194802557	-0.1032879871093966	0.1683194862386572	-0.4061665032173851	0.2116822540575934	-0.18239204990285346	0.14324641885390915	-0.772816822401514	0.9999999999999885	-0.306609139792421	0.1794839133457007	-0.1317493880015406
0.04578903348158763	-0.03826426232732252	0.0511381448678599	-0.05052516439783111	0.08665489607189339	-0.047613470555412284	0.05528058525806913	-0.06134710960439482	0.07753872786551791	-0.042029485217603836	0.098551712436662	-0.07343734562846127	0.07670711008325737	-0.05330102844429259	0.04886952151576402	-0.150293585041133	0.0917384471887574	-0.0846973231234936	0.062280821379139414	-0.15602132625721354	0.0962153849031219	-0.17002806973505702	0.14501713763219393	-0.21525915875466128	0.13333961259734367	-0.1105392423580394	0.24155909007968163	-0.5304575765417936	0.3126770043110123	-0.28191070094832626	0.2159989391753233	-0.306609139792421	0.9999999999999885	-0.6113630074890715	0.24069396995155856
-0.04075111674976901	0.03390335462063933	-0.045301863557171626	0.0445705594321549	-0.07680290185879368	0.04212950966649755	-0.049257287909729636	0.05401679703667856	-0.06910432323569282	0.037169582400321276	-0.08770356810146847	0.06395478662392814	-0.06785374677472916	0.04681471457179156	-0.04349519689169844	0.12120342690037676	-0.08006363375272356	0.07333909971900467	-0.05538048068213197	0.13639928734856377	-0.08016821617867821	0.13690746067964754	-0.13158260354997964	0.18734312545594603	-0.13003937865508367	0.08853915355412326	-0.20310501830331362	0.2893928074182567	-0.4718716345569774	0.2847819869942374	-0.18482855788976038	0.1794839133457007	-0.6113630074890715	0.9999999999999885	-0.47274203764346234
0.03520172736164799	-0.029453810596494663	0.039930862742328786	-0.03962818692165285	0.06907449196742946	-0.036369882233263165	0.042440653584803936	-0.047647044999127315	0.060838464825435645	-0.03694113397821361	0.07493539201204061	-0.05512728414732812	0.0585860219197909	-0.04205140365356451	0.04290964084569071	-0.1062713738628094	0.06805626905208736	-0.06332443592301672	0.049387727648897456	-0.20163333379870513	0.06526557295028687	-0.11411823382513672	0.10756639109540153	-0.16600914404469472	0.17947340136221313	-0.07258533733236369	0.14956019973623944	-0.20300672326497304	0.24718289448219	-0.7690085395988593	0.13187071882552026	-0.1317493880015406	0.24069396995155856	-0.47274203764346234	0.9999999999999885
