1.0	-0.28529880014152326	0.10564376085113278	-0.07791029421822954	0.1419449346359709	-0.9179176875169609	0.12432288978057617	-0.12189098934777935	0.1013286527347507	-0.06787357163557173	0.13524001461442078	-0.10027275029356511	0.10713835754660628	-0.08084278344766214	0.0736876007110627	-0.06735170903983159	0.08978655534499512	-0.08921240575667	0.06466683910955451	-0.09175806007075882	0.06964166383440887	-0.08143481571762853	0.0638396521697733	-0.042905182912219036	0.029623212692475812	-0.05075315840605577	0.07467002904878657	-0.05172391938640509	0.04026217600863041	-0.03132713098091237	0.044228702982997754	-0.04693643363661596	0.04941561357915371	-0.025162194802133248	0.021197831493185857	-0.11294882949846216	0.05861050612689872	-0.052656319514145414	0.02081943552252749	-0.019891392464779136
-0.28529880014152326	1.0000000000000004	-0.3191148895309386	0.2216134164172365	-0.4166067073428307	0.21655783225463116	-0.49104740444247114	0.2988316025064619	-0.29620003314446963	0.18421657275188305	-0.2798044208176881	0.21013775337946533	-0.2857258642139202	0.2125437285233768	-0.2054733072730541	0.14035630832285526	-0.20089490248045924	0.20328536362071276	-0.15339940803470486	0.20392483271646406	-0.15586381556538612	0.16899092920727019	-0.1415031830662267	0.09271484564002405	-0.06476637738442241	0.10430592034309696	-0.16531706616713635	0.11185793969262249	-0.08819774935711057	0.06759878279236661	-0.0921921268528848	0.10158482956031087	-0.10789382694816667	0.05405830691232398	-0.045876321983968134	0.22200350242991523	-0.1292052868500075	0.1120823085716874	-0.04492037835277162	0.04263709430743469
0.10564376085113278	-0.3191148895309386	1.0000000000000002	-0.7751668980420121	0.2903607820740666	-0.12415067667008865	0.17149454734379244	-0.23686845316905367	0.250550636433977	-0.17044041727125855	0.14735468873580415	-0.12681669022935446	0.1910901382617277	-0.2029950032504087	0.1551719711276565	-0.10163466671632082	0.12794579635636436	-0.18185055048801269	0.13101214268142938	-0.2042253768629836	0.10100008470732899	-0.12341719911049871	0.10382494390836304	-0.07390739720228946	0.051975956771650886	-0.09161737967311653	0.11842452579554597	-0.08615223021343194	0.06786833341853524	-0.055242201940411795	0.07874132617016459	-0.0774276756732377	0.08133097218531987	-0.04339417077934824	0.03636208841640438	-0.2228673778990023	0.09510963979203109	-0.08915477333789555	0.03544153019613297	-0.03425983716776536
-0.07791029421822954	0.2216134164172365	-0.7751668980420121	1.0000000000000004	-0.420610202815501	0.08946424681846318	-0.13757930700748522	0.17595371958658682	-0.34328697376585376	0.1669925924997063	-0.11892779379702198	0.10181497213572109	-0.17562040983111915	0.192362566001293	-0.15847508260887394	0.07744786349565942	-0.10151131547057529	0.14606574789818963	-0.10872699680729449	0.15975489788773903	-0.07764409534700575	0.095541656158729	-0.08090739150986498	0.05700585872649797	-0.0401366464733928	0.06785797375266603	-0.09091310758387665	0.06631700243920916	-0.05244436244869815	0.04242573432995176	-0.05851813332472329	0.058871886029389406	-0.06216888517855929	0.03306782509103914	-0.027785365183640894	0.16158851480075465	-0.07246682496022225	0.06758860914558945	-0.026983538066732374	0.026048541226261414
0.1419449346359709	-0.4166067073428307	0.2903607820740666	-0.420610202815501	1.0000000000000018	-0.17003136068786381	0.20014939518640287	-0.25045724680283904	0.2690328948313315	-0.3942566887007439	0.19532493360226674	-0.16536033505069123	0.24538684714976497	-0.24631705290902967	0.2587728944478717	-0.14288853995522294	0.17409239701583923	-0.25161144469601054	0.18122433255929746	-0.29481740157655323	0.1414786837100811	-0.17134974242824008	0.14572593706626868	-0.1048592154612186	0.0740044666619789	-0.13517111274934868	0.16812192779887905	-0.12206936654379735	0.09617612606665014	-0.07887499950372766	0.11584425945683959	-0.11099331760199614	0.11607973125081007	-0.06223475780788555	0.05204967474804739	-0.3369515414681236	0.13615483917609184	-0.12808620141185292	0.05084055559972775	-0.049218377524709755
-0.9179176875169609	0.21655783225463116	-0.12415067667008865	0.08946424681846318	-0.17003136068786381	1.000000000000002	-0.12859751477305248	0.11842718013678319	-0.1143037562899413	0.07712713358459936	-0.16948862773003504	0.11083316938132617	-0.1214365758773646	0.08954330918483842	-0.08484329305317996	0.07378638254886444	-0.10189744459574195	0.0964982444342923	-0.07076579241944943	0.09783613829350121	-0.07901353536789256	0.08891556053071463	-0.07094353597946637	0.04685559161229153	-0.0324188405604323	0.05435792964726744	-0.0834804536816847	0.056802957254392904	-0.04433654720764831	0.03410854009283393	-0.047718160693099546	0.051750543589043546	-0.054640125095935785	0.027462686058398342	-0.023212126185206856	0.11777119231513364	-0.06524486220418263	0.05744835066676067	-0.022806958435182264	0.02170088662027269
0.12432288978057617	-0.49104740444247114	0.17149454734379244	-0.13757930700748522	0.20014939518640287	-0.12859751477305248	1.0000000000000004	-0.7530959492051638	0.21107731915050235	-0.11648199094441046	0.1976375276105986	-0.23092530839785752	0.19331897706441045	-0.16293909189133288	0.12126919610342216	-0.09232608931277675	0.14599953645679992	-0.1485369469610136	0.10482983113499318	-0.1453122854401428	0.0926417952312711	-0.1220781700278821	0.09152748012693088	-0.06107933282169018	0.042022995529843454	-0.0669788288981785	0.10192333519814392	-0.07304786753839458	0.05673302306583033	-0.0442899735988168	0.058249430047472885	-0.0635615411453962	0.06738516835770883	-0.03462895195649011	0.02920764382292042	-0.14507866595831984	0.07830058317586878	-0.07167829012109736	0.02838608613883344	-0.027213250084349314
-0.12189098934777935	0.2988316025064619	-0.23686845316905367	0.17595371958658682	-0.25045724680283904	0.11842718013678319	-0.7530959492051638	0.9999999999999991	-0.3460131208629663	0.1431972155127659	-0.20987339784310338	0.18577762006577114	-0.261132343316815	0.20349388580861655	-0.15412406812939125	0.0978513693527437	-0.1537695286588201	0.1670837771068467	-0.12250204067638486	0.16223187573536602	-0.10145902696897627	0.12626434792694777	-0.10089906060451129	0.06696916709151395	-0.04645920349244709	0.07314354979362696	-0.11258107933016091	0.07981419498873722	-0.06257955216608775	0.048686647775220394	-0.06392013465329577	0.06986616141979199	-0.07431783365207922	0.03805772670037806	-0.03218480458306734	0.1582630737720906	-0.08683129984490984	0.0784000101784913	-0.03125504483665793	0.029901052685769244
0.1013286527347507	-0.29620003314446963	0.250550636433977	-0.34328697376585376	0.2690328948313315	-0.1143037562899413	0.21107731915050235	-0.3460131208629663	0.9999999999999997	-0.2841122799266071	0.16724618047913567	-0.15445359942460915	0.2880908424127717	-0.6275917913954318	0.24419548705945743	-0.10374428403132008	0.14386276384299226	-0.23685661547319284	0.17385487609524308	-0.24484080324358795	0.10292208784955025	-0.13363940969288232	0.11218256524702812	-0.07896719825048534	0.05548224257521355	-0.0846990450544894	0.12038081950940778	-0.09074072365514618	0.07196184735758872	-0.058320817018751865	0.07322281381304514	-0.07718156826864336	0.08244228227185504	-0.044230313572119935	0.03728200934457501	-0.19257811613097509	0.09453122512542392	-0.08907748585604316	0.03581203410439039	-0.03462164518072093
-0.06787357163557173	0.18421657275188305	-0.17044041727125855	0.1669925924997063	-0.3942566887007439	0.07712713358459936	-0.11648199094441046	0.1431972155127659	-0.2841122799266071	0.9999999999999986	-0.1150071109350159	0.098541999533772	-0.19882222361994356	0.24011663879989645	-0.8066943460151711	0.07247046408953765	-0.09864769518369453	0.15007158691469916	-0.12126195969218942	0.17004313347322314	-0.07315628644996085	0.09128566785903271	-0.07867580114370105	0.055265433364522734	-0.03927411723109843	0.06192045240177468	-0.08627109701254536	0.06360161295793201	-0.05084041587828121	0.04107718978943281	-0.053588158325119005	0.05536952889396996	-0.05894714921461263	0.031456879963405994	-0.02654272236707544	0.14379087546340386	-0.06825163256606935	0.06350003801863469	-0.025580340163460127	0.024680988404337342
0.13524001461442078	-0.2798044208176881	0.14735468873580415	-0.11892779379702198	0.19532493360226674	-0.16948862773003504	0.1976375276105986	-0.20987339784310338	0.16724618047913567	-0.1150071109350159	0.9999999999999968	-0.7236798071072732	0.23164557351941115	-0.1615828456203332	0.12208770699410731	-0.19880405098022935	0.29063059083431814	-0.22408576964854351	0.14579148394582242	-0.2106757826206892	0.16484112229786577	-0.2867355877601551	0.16355813691735072	-0.11079913523356227	0.0724243239131905	-0.12392780442209476	0.17833918862343032	-0.13536986763198253	0.10017708068794293	-0.07829059995663537	0.10483872945859743	-0.11386715155971291	0.118643453731303	-0.061477365754903944	0.051185991232035065	-0.2679585053689917	0.1332215091140027	-0.1314324179926559	0.049977697611605754	-0.048377891142578996
-0.10027275029356511	0.21013775337946533	-0.12681669022935446	0.10181497213572109	-0.16536033505069123	0.11083316938132617	-0.23092530839785752	0.18577762006577114	-0.15445359942460915	0.098541999533772	-0.7236798071072732	0.9999999999999948	-0.2769855468563574	0.14826494625407388	-0.10751240161500232	0.1515509042594059	-0.4706520729291366	0.19206662367477734	-0.12598893664036115	0.16496195921285153	-0.13906783092154115	0.23692915051372765	-0.14289588322008948	0.08821525096518712	-0.05787270838625015	0.09283867752981997	-0.15304464630718792	0.10980957340016169	-0.08170206971691606	0.06152312968550477	-0.07993424820333349	0.09162981636421812	-0.09634861208948581	0.047903879374815696	-0.040229293608993154	0.18895232372356996	-0.10852250030446906	0.10207783545476778	-0.03907842297501172	0.037514079368549884
0.10713835754660628	-0.2857258642139202	0.1910901382617277	-0.17562040983111915	0.24538684714976497	-0.1214365758773646	0.19331897706441045	-0.261132343316815	0.2880908424127717	-0.19882222361994356	0.23164557351941115	-0.2769855468563574	0.9999999999999946	-0.5205779338814703	0.2079149440566635	-0.13501397352613573	0.20764817831464097	-0.4933590673925936	0.25096984800294525	-0.3333431977042277	0.12993282529882752	-0.18814339845487105	0.15605128283100947	-0.10703826733439839	0.07370863109429686	-0.10385902472354978	0.1547999863751801	-0.12359507144409657	0.09635989381530995	-0.07741758241797321	0.08967524838615824	-0.09864024026145846	0.1065475465171137	-0.05733729384988959	0.048380457511179635	-0.22637997057317794	0.1190970627009615	-0.11475527530865869	0.04603730657798664	-0.04461068684893988
-0.08084278344766214	0.2125437285233768	-0.2029950032504087	0.192362566001293	-0.24631705290902967	0.08954330918483842	-0.16293909189133288	0.20349388580861655	-0.6275917913954318	0.24011663879989645	-0.1615828456203332	0.14826494625407388	-0.5205779338814703	0.9999999999999977	-0.3562454406571627	0.09079032369887799	-0.13657642138302198	0.2342261782584108	-0.20864502712770086	0.2208874510162404	-0.09104040611096618	0.12050875404760711	-0.10367591131189245	0.07159259204519369	-0.050153766327311416	0.07246640325172861	-0.10766450494537083	0.08172036778594442	-0.06543758209852621	0.05209031744583361	-0.06291893802432307	0.06812977207389188	-0.07334229474613789	0.039063917271803486	-0.03307962624097042	0.1603105692661764	-0.08353273185901285	0.07816692969935327	-0.03159896623252933	0.030479469027439813
0.0736876007110627	-0.2054733072730541	0.1551719711276565	-0.15847508260887394	0.2587728944478717	-0.08484329305317996	0.12126919610342216	-0.15412406812939125	0.24419548705945743	-0.8066943460151711	0.12208770699410731	-0.10751240161500232	0.2079149440566635	-0.3562454406571627	0.9999999999999958	-0.07997758380321202	0.10746489928828575	-0.177239138540136	0.13955743061853126	-0.21476581403010703	0.07969923923649355	-0.10131735142551507	0.08715872440244399	-0.062135099930097366	0.04431911635634339	-0.06883685549951195	0.09459084442204997	-0.0708983968615553	0.056686128524216645	-0.04641883161956677	0.059406606163911524	-0.06109569419162805	0.06508410070389742	-0.03515311617756883	0.02963211308312214	-0.16080942552911476	0.07493733941668573	-0.07053965623167592	0.028457328979117985	-0.027538768503810485
-0.06735170903983159	0.14035630832285526	-0.10163466671632082	0.07744786349565942	-0.14288853995522294	0.07378638254886444	-0.09232608931277675	0.0978513693527437	-0.10374428403132008	0.07247046408953765	-0.19880405098022935	0.1515509042594059	-0.13501397352613573	0.09079032369887799	-0.07997758380321202	0.999999999999994	-0.2692140430029592	0.13045017870309406	-0.09171664709357752	0.12343331739601147	-0.8804173199424343	0.17942111617620674	-0.128022601487542	0.07965302258120772	-0.053381425716354146	0.10857633665465814	-0.1558201079682544	0.10080149576373006	-0.0762917034845751	0.05646992576012007	-0.0936656235399508	0.09433485597523883	-0.09730580902203749	0.04633747591343467	-0.039019671311544914	0.2003764807371902	-0.11655124227063025	0.10108632764666028	-0.03873941251461561	0.03669235564403205
0.08978655534499512	-0.20089490248045924	0.12794579635636436	-0.10151131547057529	0.17409239701583923	-0.10189744459574195	0.14599953645679992	-0.1537695286588201	0.14386276384299226	-0.09864769518369453	0.29063059083431814	-0.4706520729291366	0.20764817831464097	-0.13657642138302198	0.10746489928828575	-0.2692140430029592	0.9999999999999942	-0.2620991202062777	0.15060174160455522	-0.19418130721123583	0.20091361991265377	-0.617026268350909	0.21538430972911163	-0.13041290504631128	0.08070218951516157	-0.131979549113194	0.22096063354934137	-0.1688652757408074	0.11762556913179739	-0.0871234691565976	0.11110876821592097	-0.13311605969175075	0.13638882733758145	-0.06716061188168736	0.056017461206103014	-0.2556477016817281	0.14875173144799295	-0.14707557840936186	0.05439622143977926	-0.05243052034995545
-0.08921240575667	0.20328536362071276	-0.18185055048801269	0.14606574789818963	-0.25161144469601054	0.0964982444342923	-0.1485369469610136	0.1670837771068467	-0.23685661547319284	0.15007158691469916	-0.22408576964854351	0.19206662367477734	-0.4933590673925936	0.2342261782584108	-0.177239138540136	0.13045017870309406	-0.2620991202062777	0.9999999999999925	-0.5891204668667358	0.31913308701229465	-0.1355839952593363	0.1978614746251888	-0.22454223066801257	0.12541486839325333	-0.0844446133645197	0.10105065971979564	-0.1751964597510203	0.14580908368335013	-0.11612172723392354	0.08501053988095669	-0.08908843867863636	0.10685103876107058	-0.11997827760778203	0.06149473800961297	-0.05279255016387071	0.2004876272143407	-0.13035702682869754	0.12133033942333829	-0.049504912620981494	0.0473906008717473
0.06466683910955451	-0.15339940803470486	0.13101214268142938	-0.10872699680729449	0.18122433255929746	-0.07076579241944943	0.10482983113499318	-0.12250204067638486	0.17385487609524308	-0.12126195969218942	0.14579148394582242	-0.12598893664036115	0.25096984800294525	-0.20864502712770086	0.13955743061853126	-0.09171664709357752	0.15060174160455522	-0.5891204668667358	0.9999999999999897	-0.6970030522437629	0.09389518575724093	-0.13529215604814393	0.13716112164949376	-0.11085085908494134	0.07646188549479342	-0.07288834874754206	0.12074553102923477	-0.10436588241575954	0.09273574985857932	-0.07491480074505923	0.06390386551081506	-0.07566612615530866	0.0848410965304861	-0.048481379665196736	0.04190135401113632	-0.1477151734384421	0.09200417384463515	-0.08787062271231136	0.0378402751235537	-0.036823087947462724
-0.09175806007075882	0.20392483271646406	-0.2042253768629836	0.15975489788773903	-0.29481740157655323	0.09783613829350121	-0.1453122854401428	0.16223187573536602	-0.24484080324358795	0.17004313347322314	-0.2106757826206892	0.16496195921285153	-0.3333431977042277	0.2208874510162404	-0.21476581403010703	0.12343331739601147	-0.19418130721123583	0.31913308701229465	-0.6970030522437629	0.9999999999999893	-0.13476986307483377	0.16611949590011407	-0.16783043261348887	0.1223390444833142	-0.10506158353686365	0.0978834102308152	-0.16775291801386308	0.12594409428301873	-0.11380153332423527	0.09581843167750274	-0.08712622171612788	0.10252071792303666	-0.11391670737271366	0.06375908008521348	-0.05589126344956249	0.19659475846146032	-0.12914748076141552	0.11500595916329331	-0.050752293872836265	0.04878169378853426
0.06964166383440887	-0.15586381556538612	0.10100008470732899	-0.07764409534700575	0.1414786837100811	-0.07901353536789256	0.0926417952312711	-0.10145902696897627	0.10292208784955025	-0.07315628644996085	0.16484112229786577	-0.13906783092154115	0.12993282529882752	-0.09104040611096618	0.07969923923649355	-0.8804173199424343	0.20091361991265377	-0.1355839952593363	0.09389518575724093	-0.13476986307483377	0.999999999999989	-0.18762397116648669	0.12557938062973575	-0.08418684170102511	0.05600912547447537	-0.1348839098714031	0.15347894952199548	-0.10486148612560778	0.0785634432030375	-0.060308011314078085	0.10914397234365271	-0.09945765265264053	0.10060435966444917	-0.04988071948340235	0.04153620029958226	-0.2636449024759612	0.11916807830855794	-0.10992633002081173	0.041463909422286546	-0.03972372688373456
-0.08143481571762853	0.16899092920727019	-0.12341719911049871	0.095541656158729	-0.17134974242824008	0.08891556053071463	-0.1220781700278821	0.12626434792694777	-0.13363940969288232	0.09128566785903271	-0.2867355877601551	0.23692915051372765	-0.18814339845487105	0.12050875404760711	-0.10131735142551507	0.17942111617620674	-0.617026268350909	0.1978614746251888	-0.13529215604814393	0.16611949590011407	-0.18762397116648669	0.9999999999999875	-0.40826788719270346	0.163127502439063	-0.09946418702009589	0.1485336656200687	-0.39446132281917484	0.23010440149341696	-0.15859325806454766	0.10428802981673875	-0.13079891292456025	0.17939440443160443	-0.18624893706544945	0.08014857196645758	-0.06777598172985344	0.24239000088719548	-0.20156367025024968	0.17891972982939716	-0.06541318980934792	0.061900957629726305
0.0638396521697733	-0.1415031830662267	0.10382494390836304	-0.08090739150986498	0.14572593706626868	-0.07094353597946637	0.09152748012693088	-0.10089906060451129	0.11218256524702812	-0.07867580114370105	0.16355813691735072	-0.14289588322008948	0.15605128283100947	-0.10367591131189245	0.08715872440244399	-0.128022601487542	0.21538430972911163	-0.22454223066801257	0.13716112164949376	-0.16783043261348887	0.12557938062973575	-0.40826788719270346	0.9999999999999866	-0.36130441633453797	0.15719452946242868	-0.14138850429756178	0.26448350781088814	-0.62644932140206	0.27188429204556996	-0.1752096535691051	0.12065819878039444	-0.18158414589409513	0.2283508960781158	-0.11291260419550317	0.09401626898020782	-0.24109310964360464	0.18717204905149695	-0.23925256851088597	0.08521590214414473	-0.08361093638588869
-0.042905182912219036	0.09271484564002405	-0.07390739720228946	0.05700585872649797	-0.1048592154612186	0.04685559161229153	-0.06107933282169018	0.06696916709151395	-0.07896719825048534	0.055265433364522734	-0.11079913523356227	0.08821525096518712	-0.10703826733439839	0.07159259204519369	-0.062135099930097366	0.07965302258120772	-0.13041290504631128	0.12541486839325333	-0.11085085908494134	0.1223390444833142	-0.08418684170102511	0.163127502439063	-0.36130441633453797	0.9999999999999869	-0.4054834357441504	0.09060657441374131	-0.18995284320072484	0.2709508865047074	-0.7172209102436375	0.2686461799031285	-0.0808564737407537	0.12038982918558855	-0.1637398490721334	0.1242391173527682	-0.11659726456088167	0.1485552410710602	-0.1371958264933849	0.14824398820382884	-0.08546956815552743	0.08417702854709058
0.029623212692475812	-0.06476637738442241	0.051975956771650886	-0.0401366464733928	0.0740044666619789	-0.0324188405604323	0.042022995529843454	-0.04645920349244709	0.05548224257521355	-0.03927411723109843	0.0724243239131905	-0.05787270838625015	0.07370863109429686	-0.050153766327311416	0.04431911635634339	-0.053381425716354146	0.08070218951516157	-0.0844446133645197	0.07646188549479342	-0.10506158353686365	0.05600912547447537	-0.09946418702009589	0.15719452946242868	-0.4054834357441504	0.9999999999999877	-0.06012569674246781	0.11334760345259172	-0.14869421961614382	0.2534770801964351	-0.8258652992575047	0.05330458203810838	-0.07763422155265126	0.10358487856878983	-0.18021666686716747	0.17008498420728813	-0.1033680576123974	0.09004069001562288	-0.10493055688973459	0.10007349043412295	-0.11809036067939008
-0.05075315840605577	0.10430592034309696	-0.09161737967311653	0.06785797375266603	-0.13517111274934868	0.05435792964726744	-0.0669788288981785	0.07314354979362696	-0.0846990450544894	0.06192045240177468	-0.12392780442209476	0.09283867752981997	-0.10385902472354978	0.07246640325172861	-0.06883685549951195	0.10857633665465814	-0.131979549113194	0.10105065971979564	-0.07288834874754206	0.0978834102308152	-0.1348839098714031	0.1485336656200687	-0.14138850429756178	0.09060657441374131	-0.06012569674246781	0.9999999999999862	-0.32940436149700614	0.13277743028688443	-0.09291320771594952	0.06376183009471269	-0.8347358085242402	0.214309731154643	-0.16427283032993814	0.058313416654269756	-0.048680514688127396	0.2711232255626453	-0.2269027349019975	0.15432910484499987	-0.05075339983316013	0.04661578373172945
0.07467002904878657	-0.16531706616713635	0.11842452579554597	-0.09091310758387665	0.16812192779887905	-0.0834804536816847	0.10192333519814392	-0.11258107933016091	0.12038081950940778	-0.08627109701254536	0.17833918862343032	-0.15304464630718792	0.1547999863751801	-0.10766450494537083	0.09459084442204997	-0.1558201079682544	0.22096063354934137	-0.1751964597510203	0.12074553102923477	-0.16775291801386308	0.15347894952199548	-0.39446132281917484	0.26448350781088814	-0.18995284320072484	0.11334760345259172	-0.32940436149700614	0.9999999999999859	-0.3466345782173162	0.18102053134826546	-0.12699187453669605	0.2348154966672792	-0.47497417055328667	0.26798180671348615	-0.10835105106987816	0.08770727949256046	-0.390559436675914	0.29481976571512053	-0.2952878379219026	0.08963685970615343	-0.08558970452532451
-0.05172391938640509	0.11185793969262249	-0.08615223021343194	0.06631700243920916	-0.12206936654379735	0.056802957254392904	-0.07304786753839458	0.07981419498873722	-0.09074072365514618	0.06360161295793201	-0.13536986763198253	0.10980957340016169	-0.12359507144409657	0.08172036778594442	-0.0708983968615553	0.10080149576373006	-0.1688652757408074	0.14580908368335013	-0.10436588241575954	0.12594409428301873	-0.10486148612560778	0.23010440149341696	-0.62644932140206	0.2709508865047074	-0.14869421961614382	0.13277743028688443	-0.3466345782173162	0.9999999999999871	-0.44278586760706595	0.1573913186743354	-0.11785406008373121	0.19979691827684207	-0.36183113732156086	0.10824350368381766	-0.09225742314687681	0.1996134246617042	-0.20304948363290287	0.2350633803428328	-0.08362119245670589	0.07844778486772211
0.04026217600863041	-0.08819774935711057	0.06786833341853524	-0.05244436244869815	0.09617612606665014	-0.04433654720764831	0.05673302306583033	-0.06257955216608775	0.07196184735758872	-0.05084041587828121	0.10017708068794293	-0.08170206971691606	0.09635989381530995	-0.06543758209852621	0.056686128524216645	-0.0762917034845751	0.11762556913179739	-0.11612172723392354	0.09273574985857932	-0.11380153332423527	0.0785634432030375	-0.15859325806454766	0.27188429204556996	-0.7172209102436375	0.2534770801964351	-0.09291320771594952	0.18102053134826546	-0.44278586760706595	0.9999999999999866	-0.33421054297344716	0.08089629190530304	-0.1257159848634877	0.1707217550056532	-0.14712127663688065	0.1237381053979821	-0.1528480335327502	0.13377364089918695	-0.16609710044561793	0.09074941728784151	-0.0921510602249556
-0.03132713098091237	0.06759878279236661	-0.055242201940411795	0.04242573432995176	-0.07887499950372766	0.03410854009283393	-0.0442899735988168	0.048686647775220394	-0.058320817018751865	0.04107718978943281	-0.07829059995663537	0.06152312968550477	-0.07741758241797321	0.05209031744583361	-0.04641883161956677	0.05646992576012007	-0.0871234691565976	0.08501053988095669	-0.07491480074505923	0.09581843167750274	-0.060308011314078085	0.10428802981673875	-0.1752096535691051	0.2686461799031285	-0.8258652992575047	0.06376183009471269	-0.12699187453669605	0.1573913186743354	-0.33421054297344716	0.9999999999999868	-0.0572259107392717	0.0841707054845373	-0.11446171152809127	0.17996550650873722	-0.2439661616926937	0.10677198307938135	-0.09949336414858873	0.1095978737410225	-0.11215513041090758	0.12270540057653251
0.044228702982997754	-0.0921921268528848	0.07874132617016459	-0.05851813332472329	0.11584425945683959	-0.047718160693099546	0.058249430047472885	-0.06392013465329577	0.07322281381304514	-0.053588158325119005	0.10483872945859743	-0.07993424820333349	0.08967524838615824	-0.06291893802432307	0.059406606163911524	-0.0936656235399508	0.11110876821592097	-0.08908843867863636	0.06390386551081506	-0.08712622171612788	0.10914397234365271	-0.13079891292456025	0.12065819878039444	-0.0808564737407537	0.05330458203810838	-0.8347358085242402	0.2348154966672792	-0.11785406008373121	0.08089629190530304	-0.0572259107392717	0.9999999999999855	-0.2500436695245078	0.14835357174664496	-0.05339555597751597	0.04401188503329651	-0.390423928577157	0.19851509374396625	-0.14835891316517488	0.046350472238567815	-0.04290589743471225
-0.04693643363661596	0.10158482956031087	-0.0774276756732377	0.058871886029389406	-0.11099331760199614	0.051750543589043546	-0.0635615411453962	0.06986616141979199	-0.07718156826864336	0.05536952889396996	-0.11386715155971291	0.09162981636421812	-0.09864024026145846	0.06812977207389188	-0.06109569419162805	0.09433485597523883	-0.13311605969175075	0.10685103876107058	-0.07566612615530866	0.10252071792303666	-0.09945765265264053	0.17939440443160443	-0.18158414589409513	0.12038982918558855	-0.07763422155265126	0.214309731154643	-0.47497417055328667	0.19979691827684207	-0.1257159848634877	0.0841707054845373	-0.2500436695245078	0.9999999999999841	-0.4409202077030616	0.08811052073814461	-0.07114096365051065	0.2441962186018277	-0.6428987962619909	0.2990748761511942	-0.07785507735812872	0.0703583435857785
0.04941561357915371	-0.10789382694816667	0.08133097218531987	-0.06216888517855929	0.11607973125081007	-0.054640125095935785	0.06738516835770883	-0.07431783365207922	0.08244228227185504	-0.05894714921461263	0.118643453731303	-0.09634861208948581	0.1065475465171137	-0.07334229474613789	0.06508410070389742	-0.09730580902203749	0.13638882733758145	-0.11997827760778203	0.0848410965304861	-0.11391670737271366	0.10060435966444917	-0.18624893706544945	0.2283508960781158	-0.1637398490721334	0.10358487856878983	-0.16427283032993814	0.26798180671348615	-0.36183113732156086	0.1707217550056532	-0.11446171152809127	0.14835357174664496	-0.4409202077030616	0.9999999999999849	-0.1485253185725762	0.10909699487156653	-0.2347637427798112	0.30498555523794646	-0.6808725637081632	0.1235207621276207	-0.1108635534711892
-0.025162194802133248	0.05405830691232398	-0.04339417077934824	0.03306782509103914	-0.06223475780788555	0.027462686058398342	-0.03462895195649011	0.03805772670037806	-0.044230313572119935	0.031456879963405994	-0.061477365754903944	0.047903879374815696	-0.05733729384988959	0.039063917271803486	-0.03515311617756883	0.04633747591343467	-0.06716061188168736	0.06149473800961297	-0.048481379665196736	0.06375908008521348	-0.04988071948340235	0.08014857196645758	-0.11291260419550317	0.1242391173527682	-0.18021666686716747	0.058313416654269756	-0.10835105106987816	0.10824350368381766	-0.14712127663688065	0.17996550650873722	-0.05339555597751597	0.08811052073814461	-0.1485253185725762	0.9999999999999856	-0.7639741507199509	0.09483171915107648	-0.10911799470848864	0.14200783413096854	-0.4703055205242742	0.3045383094362093
0.021197831493185857	-0.045876321983968134	0.03636208841640438	-0.027785365183640894	0.05204967474804739	-0.023212126185206856	0.02920764382292042	-0.03218480458306734	0.03728200934457501	-0.02654272236707544	0.051185991232035065	-0.040229293608993154	0.048380457511179635	-0.03307962624097042	0.02963211308312214	-0.039019671311544914	0.056017461206103014	-0.05279255016387071	0.04190135401113632	-0.05589126344956249	0.04153620029958226	-0.06777598172985344	0.09401626898020782	-0.11659726456088167	0.17008498420728813	-0.048680514688127396	0.08770727949256046	-0.09225742314687681	0.1237381053979821	-0.2439661616926937	0.04401188503329651	-0.07114096365051065	0.10909699487156653	-0.7639741507199509	0.9999999999999862	-0.08104574236921183	0.08582208342124717	-0.11808266750963774	0.29841663915564454	-0.4775124505824251
-0.11294882949846216	0.22200350242991523	-0.2228673778990023	0.16158851480075465	-0.3369515414681236	0.11777119231513364	-0.14507866595831984	0.1582630737720906	-0.19257811613097509	0.14379087546340386	-0.2679585053689917	0.18895232372356996	-0.22637997057317794	0.1603105692661764	-0.16080942552911476	0.2003764807371902	-0.2556477016817281	0.2004876272143407	-0.1477151734384421	0.19659475846146032	-0.2636449024759612	0.24239000088719548	-0.24109310964360464	0.1485552410710602	-0.1033680576123974	0.2711232255626453	-0.390559436675914	0.1996134246617042	-0.1528480335327502	0.10677198307938135	-0.390423928577157	0.2441962186018277	-0.2347637427798112	0.09483171915107648	-0.08104574236921183	0.9999999999999847	-0.3461311852514962	0.2226396321774835	-0.08336171577767054	0.07591479886591576
0.05861050612689872	-0.1292052868500075	0.09510963979203109	-0.07246682496022225	0.13615483917609184	-0.06524486220418263	0.07830058317586878	-0.08683129984490984	0.09453122512542392	-0.06825163256606935	0.1332215091140027	-0.10852250030446906	0.1190970627009615	-0.08353273185901285	0.07493733941668573	-0.11655124227063025	0.14875173144799295	-0.13035702682869754	0.09200417384463515	-0.12914748076141552	0.11916807830855794	-0.20156367025024968	0.18717204905149695	-0.1371958264933849	0.09004069001562288	-0.2269027349019975	0.29481976571512053	-0.20304948363290287	0.13377364089918695	-0.09949336414858873	0.19851509374396625	-0.6428987962619909	0.30498555523794646	-0.10911799470848864	0.08582208342124717	-0.3461311852514962	0.999999999999984	-0.495345013133294	0.10152028309560197	-0.09472689217731044
-0.052656319514145414	0.1120823085716874	-0.08915477333789555	0.06758860914558945	-0.12808620141185292	0.05744835066676067	-0.07167829012109736	0.0784000101784913	-0.08907748585604316	0.06350003801863469	-0.1314324179926559	0.10207783545476778	-0.11475527530865869	0.07816692969935327	-0.07053965623167592	0.10108632764666028	-0.14707557840936186	0.12133033942333829	-0.08787062271231136	0.11500595916329331	-0.10992633002081173	0.17891972982939716	-0.23925256851088597	0.14824398820382884	-0.10493055688973459	0.15432910484499987	-0.2952878379219026	0.2350633803428328	-0.16609710044561793	0.1095978737410225	-0.14835891316517488	0.2990748761511942	-0.6808725637081632	0.14200783413096854	-0.11808266750963774	0.2226396321774835	-0.495345013133294	0.9999999999999837	-0.17527948504671179	0.12919652985734417
0.02081943552252749	-0.04492037835277162	0.03544153019613297	-0.026983538066732374	0.05084055559972775	-0.022806958435182264	0.02838608613883344	-0.03125504483665793	0.03581203410439039	-0.025580340163460127	0.049977697611605754	-0.03907842297501172	0.04603730657798664	-0.03159896623252933	0.028457328979117985	-0.03873941251461561	0.05439622143977926	-0.049504912620981494	0.0378402751235537	-0.050752293872836265	0.041463909422286546	-0.06541318980934792	0.08521590214414473	-0.08546956815552743	0.10007349043412295	-0.05075339983316013	0.08963685970615343	-0.08362119245670589	0.09074941728784151	-0.11215513041090758	0.046350472238567815	-0.07785507735812872	0.1235207621276207	-0.4703055205242742	0.29841663915564454	-0.08336171577767054	0.10152028309560197	-0.17527948504671179	0.9999999999999837	-0.799521659462409
-0.019891392464779136	0.04263709430743469	-0.03425983716776536	0.026048541226261414	-0.049218377524709755	0.02170088662027269	-0.027213250084349314	0.029901052685769244	-0.03462164518072093	0.024680988404337342	-0.048377891142578996	0.037514079368549884	-0.04461068684893988	0.030479469027439813	-0.027538768503810485	0.03669235564403205	-0.05243052034995545	0.0473906008717473	-0.036823087947462724	0.04878169378853426	-0.03972372688373456	0.061900957629726305	-0.08361093638588869	0.08417702854709058	-0.11809036067939008	0.04661578373172945	-0.08558970452532451	0.07844778486772211	-0.0921510602249556	0.12270540057653251	-0.04290589743471225	0.0703583435857785	-0.1108635534711892	0.3045383094362093	-0.4775124505824251	0.07591479886591576	-0.09472689217731044	0.12919652985734417	-0.799521659462409	0.9999999999999836
