1.0	-0.22251202602570522	0.1739304497468294	-0.3914477828899546	0.18613976663279827	-0.32827535520662354	0.24428059187498968	-0.2626214628736623	0.23473718850022612	-0.18195404426770168	0.2647686484460758	-0.2805199774615127	0.23614536441171652	-0.3270342460064417	0.21667929401359792	-0.3405533877855558	0.22957762679400523	-0.22705035951149827	0.2503470246952822	-0.2418177436985437	0.18982225319172993	-0.23841399414999487	0.20463944893291938	-0.2443314400574013	0.2158278529008407	-0.1639841656218353	0.1928304351351064	-0.22665353761630386	0.1988978813416674	-0.2684695465092762	0.16910402702469438	-0.17731564431623406	0.16107858726379978	-0.16385726663629907	0.12932348698466203	-0.16536717925404845	0.12358866290379625	-0.1604720877039999	0.15238613338177148	-0.16145347005860078
-0.22251202602570522	0.9999999999999999	-0.9267214587635251	0.19341481744953928	-0.10948749478651353	0.08610738881854711	-0.10839727331898767	0.12575648997477598	-0.12899329018106118	0.08364308989329769	-0.09368954354489457	0.09227082871763644	-0.1208927534586688	0.11023195077095657	-0.08315451165049251	0.08813973282074748	-0.0702701719562689	0.06959456134859208	-0.08569068530840594	0.07390205418402489	-0.05773301376593678	0.06640573852319613	-0.06446466918751301	0.069704196144381	-0.06783602639020668	0.04617989027165763	-0.05569073497540591	0.06157070863426147	-0.057128977601506245	0.07049801426159075	-0.048583679535144426	0.048075770356757544	-0.04485698129786486	0.04418175929621388	-0.03466332866039172	0.043191311668865626	-0.03342783440362771	0.042176007166525475	-0.042168579391617896	0.04131872882771104
0.1739304497468294	-0.9267214587635251	0.9999999999999991	-0.2499371258054864	0.10344725327098872	-0.07837490853349577	0.09558310304234986	-0.13617301603479964	0.12475442402092492	-0.08251150322052261	0.0837677512244354	-0.0870861627998622	0.11435258591832032	-0.10968392182398659	0.07862355851480181	-0.08354438147160408	0.06559754756070175	-0.066195054987594	0.08023559264944008	-0.0711740096574994	0.05381648290712479	-0.06283648525573107	0.060582343936115335	-0.06619760049951781	0.06391803693526771	-0.04341566378224564	0.052376142101183	-0.058395229947953355	0.05395586526004145	-0.06737450141636925	0.04555220327814988	-0.045376571453327304	0.04228847216808766	-0.04181108439165507	0.03291820617385888	-0.04084677720489174	0.03153526605809735	-0.039920585185797906	0.039753581237995425	-0.039412817938954334
-0.3914477828899546	0.19341481744953928	-0.2499371258054864	0.9999999999999996	-0.4572251435642667	0.14124033358369037	-0.1624463178305101	0.20768088289273606	-0.546564213674202	0.28702905237923665	-0.17465031052204602	0.15507115302859656	-0.22414360553174334	0.2855916324961768	-0.23535770417955573	0.1626017745892109	-0.1352118506730305	0.14706104502832798	-0.20666822763452572	0.18193476394816369	-0.12695416023824133	0.1358964627447072	-0.1394621222721564	0.1555337136568428	-0.16484416307360858	0.098483643255051	-0.11867568380932324	0.13095606388316802	-0.12679729227985015	0.1543329505602357	-0.10570074346629948	0.10201518644427454	-0.09724068225355688	0.09491941252840728	-0.07613629635993086	0.09083513744061857	-0.07137519137410134	0.089415011615236	-0.09185068693928072	0.0886762723890995
0.18613976663279827	-0.10948749478651353	0.10344725327098872	-0.4572251435642667	0.9999999999999989	-0.07995571226920477	0.09373716899512999	-0.14286632637472796	0.29449732948802093	-0.7750466524288437	0.09654652132715126	-0.0956589993666291	0.13756034750951546	-0.25059285912059126	0.19319675497351393	-0.10466796428993748	0.08420111388990031	-0.09928726442543648	0.13391911823681915	-0.16630667044171776	0.07923524446268394	-0.08987596388112128	0.09041499021976228	-0.11090317100425386	0.11692610195933813	-0.06375051172650978	0.07746439811860488	-0.08973069950692991	0.0867018662648566	-0.11633563758293487	0.06787496418407844	-0.06752333054803805	0.06467265985615635	-0.06456582164459909	0.054308359252795535	-0.06052834993055525	0.04722284172947566	-0.060308132148980266	0.06124683058642007	-0.0646969199570695
-0.32827535520662354	0.08610738881854711	-0.07837490853349577	0.14124033358369037	-0.07995571226920477	0.9999999999999993	-0.5708974585405209	0.18567187171357563	-0.10752549182034814	0.07593061861712726	-0.6679439338255331	0.2939741873844327	-0.17511091734740142	0.1333834274243821	-0.09319060166565574	0.20920744625525994	-0.17086949510627375	0.11291459786595869	-0.12020996264381258	0.09590902790400017	-0.09480612928476186	0.12136583159312204	-0.10529406095592746	0.10424876650333896	-0.09139377904977554	0.07679468389490009	-0.09510452151647669	0.09913484277606693	-0.08745844192516872	0.1041544084677871	-0.0780020245632661	0.07811896075851607	-0.07073050616846781	0.0692445061263651	-0.05157852575551919	0.06921091164581507	-0.05334397229853412	0.06668645768655274	-0.06543716951722968	0.06220470337431245
0.24428059187498968	-0.10839727331898767	0.09558310304234986	-0.1624463178305101	0.09373716899512999	-0.5708974585405209	0.9999999999999989	-0.33668136106810215	0.13134884871842684	-0.09026244543084493	0.31810929675928495	-0.5798164001753913	0.23101695311102594	-0.15815321090556272	0.10828767806150069	-0.2582298700056287	0.21506253032234096	-0.1373723131842177	0.14026878765734024	-0.10952057455598617	0.10932236603449684	-0.14800698802316645	0.12529077710405911	-0.1198622575647576	0.1043977034692853	-0.08888221048019222	0.11130657383053366	-0.11450055312223659	0.10035492207928427	-0.11697554146772862	0.08936134181842727	-0.08954586838048528	0.08079918545856214	-0.07872405807917048	0.057958578815536635	-0.07829663630767739	0.06066074807530904	-0.07540682762239545	0.07428754552733181	-0.0694565280368124
-0.2626214628736623	0.12575648997477598	-0.13617301603479964	0.20768088289273606	-0.14286632637472796	0.18567187171357563	-0.33668136106810215	0.9999999999999993	-0.2661872703145657	0.13679417182793302	-0.20658712412009855	0.22600873325526538	-0.7780565792438301	0.2298876406671163	-0.1510610486273162	0.17597641286400217	-0.15520766236018166	0.16882130262478393	-0.17657307338021125	0.13343271198405895	-0.1108673513619481	0.13470390574749902	-0.1475396402128378	0.13319773816624988	-0.12286981273165086	0.087781298648519	-0.11005201615864485	0.11754551476427401	-0.10843752290478167	0.12542425642250857	-0.09124132096936216	0.08960682443782288	-0.08372568178329026	0.08137399361869153	-0.061824761211719176	0.07842283986665462	-0.061520656251910645	0.07661712337194293	-0.07740918268394692	0.07279916346360737
0.23473718850022612	-0.12899329018106118	0.12475442402092492	-0.546564213674202	0.29449732948802093	-0.10752549182034814	0.13134884871842684	-0.2661872703145657	0.9999999999999972	-0.45844923082740974	0.12707551879601275	-0.12892907693547154	0.2165597845020842	-0.5198522191552573	0.22793635250980593	-0.13204553401431068	0.10823960842336153	-0.129038934783841	0.17495026779830353	-0.18288223836862305	0.0980474778799056	-0.11205339794713212	0.11534323998090971	-0.13502663403445936	0.13926977025279674	-0.0782906967833214	0.09580459054533343	-0.10927502542491001	0.10529097356964978	-0.13453241331920765	0.08311993141590997	-0.08215343947929218	0.07856353632098802	-0.07782037538883939	0.06383202276256512	-0.07308453010967798	0.05724262012381297	-0.07257758571119031	0.07397450312674592	-0.07530638337013944
-0.18195404426770168	0.08364308989329769	-0.08251150322052261	0.28702905237923665	-0.7750466524288437	0.07593061861712726	-0.09026244543084493	0.13679417182793302	-0.45844923082740974	0.9999999999999983	-0.09281086091540532	0.08941336911650513	-0.13917312752639988	0.23593947025630158	-0.24748945149917553	0.09583620132538288	-0.07901106647459491	0.09335364180167598	-0.13239870726589434	0.15877721939845255	-0.07482365508723988	0.08326428038779238	-0.08608239715088235	0.10357752460915456	-0.1155544637016753	0.05934652766318032	-0.07245497422062963	0.08279952012968385	-0.08137039620021932	0.10621664512412442	-0.06350478753660813	0.06244693717894571	-0.06018263244991901	0.05962313441437558	-0.05010633835993811	0.0556294014997582	-0.04369938519785958	0.0554599243873235	-0.056969996458070854	0.0587753909607457
0.2647686484460758	-0.09368954354489457	0.0837677512244354	-0.17465031052204602	0.09654652132715126	-0.6679439338255331	0.31810929675928495	-0.20658712412009855	0.12707551879601275	-0.09281086091540532	0.9999999999999961	-0.46804091226215905	0.18543703598348385	-0.16586147886771585	0.11571403142086487	-0.34854080627229944	0.2317894581361273	-0.14689230977996726	0.15230445433887124	-0.1219043762291151	0.12424396776387964	-0.16529424722934757	0.1361493970141515	-0.13543615309897983	0.11679528246430769	-0.10194798856318726	0.12559895009376965	-0.1308100308657299	0.11374576112409987	-0.13520002656494892	0.10218780474173642	-0.10320282712021661	0.09257590098465533	-0.09074846141255151	0.066926380163541	-0.09117678980053537	0.07007513728276993	-0.08757095329737989	0.08541049792078034	-0.08091265554276944
-0.2805199774615127	0.09227082871763644	-0.0870861627998622	0.15507115302859656	-0.0956589993666291	0.2939741873844327	-0.5798164001753913	0.22600873325526538	-0.12892907693547154	0.08941336911650513	-0.46804091226215905	0.9999999999999984	-0.2627599814620479	0.15838230793208652	-0.11589186387636263	0.2882598379055414	-0.4361900666653478	0.1605331983176458	-0.16569731634722226	0.11584492707282168	-0.1364660941386652	0.18510574059383667	-0.156960573591466	0.13474049783346462	-0.11643480003253369	0.10646207627759388	-0.14116804332125682	0.13212578089680382	-0.11645982541336526	0.12676651921371188	-0.10721887697258355	0.10446401441316198	-0.09424654669266766	0.08975343061211877	-0.06405172739944312	0.0892484824661772	-0.0703151825920566	0.085564252246027	-0.08563977463378386	0.07556287064923431
0.23614536441171652	-0.1208927534586688	0.11435258591832032	-0.22414360553174334	0.13756034750951546	-0.17511091734740142	0.23101695311102594	-0.7780565792438301	0.2165597845020842	-0.13917312752639988	0.18543703598348385	-0.2627599814620479	0.999999999999998	-0.30840547579529887	0.16278073199037407	-0.19882548459251914	0.16553377560459318	-0.23236805796232754	0.19229577321581315	-0.15299161751563908	0.1186816706372278	-0.15435691258634648	0.16537509914860038	-0.151952730686284	0.13456279810348482	-0.09662676264613317	0.12137008151662497	-0.1335476931098622	0.12052841534179663	-0.14227061107758984	0.09915373174509648	-0.09943156215405549	0.09243679555440451	-0.09074626758308518	0.06898415106984336	-0.0869832434701984	0.06787970718272421	-0.08519582806091834	0.08518612479504045	-0.08200170870982706
-0.3270342460064417	0.11023195077095657	-0.10968392182398659	0.2855916324961768	-0.25059285912059126	0.1333834274243821	-0.15815321090556272	0.2298876406671163	-0.5198522191552573	0.23593947025630158	-0.16586147886771585	0.15838230793208652	-0.30840547579529887	0.9999999999999947	-0.4807508746223285	0.1685427768213522	-0.14361663181177792	0.18205644675700777	-0.30989898464431515	0.2615786198581236	-0.13745527406889546	0.15181226517717405	-0.1660757559242376	0.19424158675596304	-0.21663547371895892	0.10758768214814833	-0.13302257176764581	0.15024610058382948	-0.1506644629307067	0.18376590357927275	-0.11554452571471442	0.11235464301635616	-0.10927448274279021	0.10719697309641517	-0.08844744323876633	0.09905141720780469	-0.07852522579586643	0.0988701941474684	-0.10290197698736946	0.1016760628260776
0.21667929401359792	-0.08315451165049251	0.07862355851480181	-0.23535770417955573	0.19319675497351393	-0.09319060166565574	0.10828767806150069	-0.1510610486273162	0.22793635250980593	-0.24748945149917553	0.11571403142086487	-0.11589186387636263	0.16278073199037407	-0.4807508746223285	0.999999999999993	-0.136403032543936	0.11209202248313857	-0.15058938753455903	0.2233788322337199	-0.6805541851473252	0.11440745973744576	-0.13075734505630218	0.13581785773306396	-0.19867733517784708	0.24699465533216514	-0.09310395001285261	0.11569762592836048	-0.14094226527742895	0.14517864071755732	-0.22342861939627462	0.10012131982235142	-0.1007124914418884	0.09981332472298086	-0.10157839578962889	0.09482911377994843	-0.08968605384351719	0.07078010889755679	-0.09187380261565412	0.09531833510845573	-0.1124447716480945
-0.3405533877855558	0.08813973282074748	-0.08354438147160408	0.1626017745892109	-0.10466796428993748	0.20920744625525994	-0.2582298700056287	0.17597641286400217	-0.13204553401431068	0.09583620132538288	-0.34854080627229944	0.2882598379055414	-0.19882548459251914	0.1685427768213522	-0.136403032543936	0.9999999999999942	-0.6818288430894626	0.20427554077799925	-0.22512327270444718	0.13803898987011243	-0.22199537181041085	0.2562233981361856	-0.21858766321723833	0.17522657372745074	-0.15013975834431872	0.15774648220259999	-0.21073719865785023	0.1788535210665984	-0.15978516285378913	0.1593019911457786	-0.15836508236410843	0.14665750731158844	-0.1319057496164025	0.12188971203461942	-0.08313318352475224	0.12254762931453	-0.09844013867294434	0.116166703555745	-0.11872765322081101	0.09608731233884803
0.22957762679400523	-0.0702701719562689	0.06559754756070175	-0.1352118506730305	0.08420111388990031	-0.17086949510627375	0.21506253032234096	-0.15520766236018166	0.10823960842336153	-0.07901106647459491	0.2317894581361273	-0.4361900666653478	0.16553377560459318	-0.14361663181177792	0.11209202248313857	-0.6818288430894626	0.9999999999999912	-0.23426615579376803	0.18852367476277454	-0.11778359237381796	0.17211198730602628	-0.38557856829795806	0.21056441138106136	-0.1581020354219169	0.12621824551682886	-0.14013447857766956	0.19706866545738053	-0.17061646264948727	0.13938458218087013	-0.1396746881412503	0.13155697666941338	-0.13203178448133138	0.1139786140481099	-0.10682293602525957	0.07124036602507294	-0.1065773372316684	0.08486711926236185	-0.10109987474574755	0.10052567255631749	-0.08324029376892571
-0.22705035951149827	0.06959456134859208	-0.066195054987594	0.14706104502832798	-0.09928726442543648	0.11291459786595869	-0.1373723131842177	0.16882130262478393	-0.129038934783841	0.09335364180167598	-0.14689230977996726	0.1605331983176458	-0.23236805796232754	0.18205644675700777	-0.15058938753455903	0.20427554077799925	-0.23426615579376803	0.9999999999999916	-0.5057138564307784	0.16195273501836718	-0.17605546516757153	0.2561309758381959	-0.6719874824406692	0.24694480052843165	-0.17546511831870715	0.13857500885505217	-0.20131955330253704	0.20883686963419046	-0.19117116455064948	0.17431183749095233	-0.1415134822113001	0.13884820875446155	-0.13419214269209034	0.12622605335420561	-0.0867978938511976	0.11447899560154684	-0.09291036302883293	0.11335144997525387	-0.11723835559103987	0.09915744760869093
0.2503470246952822	-0.08569068530840594	0.08023559264944008	-0.20666822763452572	0.13391911823681915	-0.12020996264381258	0.14026878765734024	-0.17657307338021125	0.17495026779830353	-0.13239870726589434	0.15230445433887124	-0.16569731634722226	0.19229577321581315	-0.30989898464431515	0.2233788322337199	-0.22512327270444718	0.18852367476277454	-0.5057138564307784	0.9999999999999916	-0.3014064644228918	0.180788201481768	-0.24914689503768714	0.28815767029246125	-0.4982784027546646	0.2555785622286168	-0.15357873448073806	0.2004659982253124	-0.2590602214740974	0.2483376309398465	-0.26205502546412074	0.15817223872514058	-0.16410280803163954	0.1609581423434521	-0.16416372617760844	0.12042323169529456	-0.14127107214415852	0.11158226362411784	-0.14351059629877977	0.1452074049563334	-0.14134683376953744
-0.2418177436985437	0.07390205418402489	-0.0711740096574994	0.18193476394816369	-0.16630667044171776	0.09590902790400017	-0.10952057455598617	0.13343271198405895	-0.18288223836862305	0.15877721939845255	-0.1219043762291151	0.11584492707282168	-0.15299161751563908	0.2615786198581236	-0.6805541851473252	0.13803898987011243	-0.11778359237381796	0.16195273501836718	-0.3014064644228918	0.9999999999999908	-0.12627271824334738	0.13773159127953308	-0.15283320663933245	0.2231198438369769	-0.47012684116603587	0.09989694784939518	-0.12607288659699278	0.1499287976834326	-0.16664905777189978	0.2360759482879227	-0.10910583456412801	0.10711171606179366	-0.1088388694341352	0.10875532911133926	-0.10463846686172976	0.09417193595970935	-0.07562662487843241	0.09692792465777825	-0.10400868012166649	0.11542357619102332
0.18982225319172993	-0.05773301376593678	0.05381648290712479	-0.12695416023824133	0.07923524446268394	-0.09480612928476186	0.10932236603449684	-0.1108673513619481	0.0980474778799056	-0.07482365508723988	0.12424396776387964	-0.1364660941386652	0.1186816706372278	-0.13745527406889546	0.11440745973744576	-0.22199537181041085	0.17211198730602628	-0.17605546516757153	0.180788201481768	-0.12627271824334738	0.9999999999999872	-0.30567556663885215	0.18542136173725846	-0.1919683213392545	0.14731688812631363	-0.7433419527180108	0.2766438146055731	-0.24477172953974888	0.18053722676117892	-0.18191310005761158	0.2746925440998948	-0.26827096492079405	0.18154860230362874	-0.17370334983536892	0.09801820061741627	-0.2330979715775901	0.1612075766866747	-0.1829023142395882	0.1597720958500287	-0.11656091587678606
-0.23841399414999487	0.06640573852319613	-0.06283648525573107	0.1358964627447072	-0.08987596388112128	0.12136583159312204	-0.14800698802316645	0.13470390574749902	-0.11205339794713212	0.08326428038779238	-0.16529424722934757	0.18510574059383667	-0.15435691258634648	0.15181226517717405	-0.13075734505630218	0.2562233981361856	-0.38557856829795806	0.2561309758381959	-0.24914689503768714	0.13773159127953308	-0.30567556663885215	0.9999999999999873	-0.4486543537389254	0.21262409630043363	-0.16452111730579674	0.22905105673087828	-0.5518250361649083	0.26679206054471216	-0.21367851773688	0.1770992794416773	-0.21145674729770259	0.20558914887503435	-0.17494228084205302	0.1530722526794668	-0.09374114443963523	0.15203738216740614	-0.1279020955726075	0.142848103520647	-0.14531063934576055	0.10627472892858414
0.20463944893291938	-0.06446466918751301	0.060582343936115335	-0.1394621222721564	0.09041499021976228	-0.10529406095592746	0.12529077710405911	-0.1475396402128378	0.11534323998090971	-0.08608239715088235	0.1361493970141515	-0.156960573591466	0.16537509914860038	-0.1660757559242376	0.13581785773306396	-0.21858766321723833	0.21056441138106136	-0.6719874824406692	0.28815767029246125	-0.15283320663933245	0.18542136173725846	-0.4486543537389254	0.9999999999999887	-0.3003195238202566	0.17462026965590013	-0.15982502694174372	0.23866047514470162	-0.2937650341808232	0.20975734976694635	-0.18944500785969987	0.15298188912631164	-0.16032995114868986	0.14969421508960354	-0.14268668233279777	0.09254997416249355	-0.12771478366256728	0.10290273234090529	-0.1266924726755724	0.1268379001229997	-0.10704099322212163
-0.2443314400574013	0.069704196144381	-0.06619760049951781	0.1555337136568428	-0.11090317100425386	0.10424876650333896	-0.1198622575647576	0.13319773816624988	-0.13502663403445936	0.10357752460915456	-0.13543615309897983	0.13474049783346462	-0.151952730686284	0.19424158675596304	-0.19867733517784708	0.17522657372745074	-0.1581020354219169	0.24694480052843165	-0.4982784027546646	0.2231198438369769	-0.1919683213392545	0.21262409630043363	-0.3003195238202566	0.9999999999999873	-0.42903597496086227	0.1519362557026522	-0.21639426082583701	0.2703207423793069	-0.5137648626374445	0.28642758011418334	-0.16755308539605834	0.1646380087237275	-0.18558363592738833	0.1840711939295654	-0.1339359704057896	0.13772072921842315	-0.115027673333816	0.14603255326124348	-0.16563960881668066	0.14368427901990619
0.2158278529008407	-0.06783602639020668	0.06391803693526771	-0.16484416307360858	0.11692610195933813	-0.09139377904977554	0.1043977034692853	-0.12286981273165086	0.13926977025279674	-0.1155544637016753	0.11679528246430769	-0.11643480003253369	0.13456279810348482	-0.21663547371895892	0.24699465533216514	-0.15013975834431872	0.12621824551682886	-0.17546511831870715	0.2555785622286168	-0.47012684116603587	0.14731688812631363	-0.16452111730579674	0.17462026965590013	-0.42903597496086227	0.9999999999999845	-0.12126002090992129	0.15676592627955127	-0.20882341653531394	0.2532599116585533	-0.5881903985703456	0.1334344365835849	-0.136084842897989	0.1444073387121409	-0.15285076696853664	0.17644301513021549	-0.11981844616537238	0.09673317503052951	-0.12909275125908587	0.14035300852008487	-0.20284500226904437
-0.1639841656218353	0.04617989027165763	-0.04341566378224564	0.098483643255051	-0.06375051172650978	0.07679468389490009	-0.08888221048019222	0.087781298648519	-0.0782906967833214	0.05934652766318032	-0.10194798856318726	0.10646207627759388	-0.09662676264613317	0.10758768214814833	-0.09310395001285261	0.15774648220259999	-0.14013447857766956	0.13857500885505217	-0.15357873448073806	0.09989694784939518	-0.7433419527180108	0.22905105673087828	-0.15982502694174372	0.1519362557026522	-0.12126002090992129	0.9999999999999863	-0.3717678922015333	0.2072242017450949	-0.15924298492607594	0.14128340018794963	-0.417502492635978	0.2414880168529468	-0.1655969531713997	0.14436109240332443	-0.07942522599790469	0.19252122029686602	-0.14581258099890831	0.14940307378863785	-0.13991164755976548	0.09127938482880996
0.1928304351351064	-0.05569073497540591	0.052376142101183	-0.11867568380932324	0.07746439811860488	-0.09510452151647669	0.11130657383053366	-0.11005201615864485	0.09580459054533343	-0.07245497422062963	0.12559895009376965	-0.14116804332125682	0.12137008151662497	-0.13302257176764581	0.11569762592836048	-0.21073719865785023	0.19706866545738053	-0.20131955330253704	0.2004659982253124	-0.12607288659699278	0.2766438146055731	-0.5518250361649083	0.23866047514470162	-0.21639426082583701	0.15676592627955127	-0.3717678922015333	0.9999999999999888	-0.48974188634765925	0.23425302805034118	-0.18849159301902343	0.2456236980170312	-0.334989858208096	0.2083501470500568	-0.18179308503307728	0.09848698041067883	-0.1832953892475871	0.15477108374354148	-0.16905789462629145	0.16085803879862326	-0.11274157057259655
-0.22665353761630386	0.06157070863426147	-0.058395229947953355	0.13095606388316802	-0.08973069950692991	0.09913484277606693	-0.11450055312223659	0.11754551476427401	-0.10927502542491001	0.08279952012968385	-0.1308100308657299	0.13212578089680382	-0.1335476931098622	0.15024610058382948	-0.14094226527742895	0.1788535210665984	-0.17061646264948727	0.20883686963419046	-0.2590602214740974	0.1499287976834326	-0.24477172953974888	0.26679206054471216	-0.2937650341808232	0.2703207423793069	-0.20882341653531394	0.2072242017450949	-0.48974188634765925	0.9999999999999845	-0.5525930754712458	0.23320657060625305	-0.2209774240635659	0.22832515989953586	-0.3215205844139492	0.2328338202242267	-0.12376198995481953	0.16895991629304707	-0.1482903298337485	0.18232391072344906	-0.19660781514216363	0.13240090763559786
0.1988978813416674	-0.057128977601506245	0.05395586526004145	-0.12679729227985015	0.0867018662648566	-0.08745844192516872	0.10035492207928427	-0.10843752290478167	0.10529097356964978	-0.08137039620021932	0.11374576112409987	-0.11645982541336526	0.12052841534179663	-0.1506644629307067	0.14517864071755732	-0.15978516285378913	0.13938458218087013	-0.19117116455064948	0.2483376309398465	-0.16664905777189978	0.18053722676117892	-0.21367851773688	0.20975734976694635	-0.5137648626374445	0.2532599116585533	-0.15924298492607594	0.23425302805034118	-0.5525930754712458	0.999999999999984	-0.4021925246586821	0.17144966627972855	-0.18616281732701004	0.22882741609590798	-0.29895031742358497	0.14876721110980762	-0.14980652384095472	0.12566637662315966	-0.17016700699684822	0.1894434778096412	-0.16185726161923636
-0.2684695465092762	0.07049801426159075	-0.06737450141636925	0.1543329505602357	-0.11633563758293487	0.1041544084677871	-0.11697554146772862	0.12542425642250857	-0.13453241331920765	0.10621664512412442	-0.13520002656494892	0.12676651921371188	-0.14227061107758984	0.18376590357927275	-0.22342861939627462	0.1593019911457786	-0.1396746881412503	0.17431183749095233	-0.26205502546412074	0.2360759482879227	-0.18191310005761158	0.1770992794416773	-0.18944500785969987	0.28642758011418334	-0.5881903985703456	0.14128340018794963	-0.18849159301902343	0.23320657060625305	-0.4021925246586821	0.9999999999999827	-0.1632314952919836	0.15802951991812728	-0.18165293402275176	0.1840948489995423	-0.3552228147357512	0.1369637255121426	-0.11544495013378794	0.15102256397845523	-0.18332776383039043	0.24645323900749386
0.16910402702469438	-0.048583679535144426	0.04555220327814988	-0.10570074346629948	0.06787496418407844	-0.0780020245632661	0.08936134181842727	-0.09124132096936216	0.08311993141590997	-0.06350478753660813	0.10218780474173642	-0.10721887697258355	0.09915373174509648	-0.11554452571471442	0.10012131982235142	-0.15836508236410843	0.13155697666941338	-0.1415134822113001	0.15817223872514058	-0.10910583456412801	0.2746925440998948	-0.21145674729770259	0.15298188912631164	-0.16755308539605834	0.1334344365835849	-0.417502492635978	0.2456236980170312	-0.2209774240635659	0.17144966627972855	-0.1632314952919836	0.9999999999999835	-0.5948098805525538	0.2395638439548258	-0.21598994468047986	0.09905710335279058	-0.46113026168269233	0.2717571256153605	-0.25319234746546204	0.20516982971486702	-0.11531064023623136
-0.17731564431623406	0.048075770356757544	-0.045376571453327304	0.10201518644427454	-0.06752333054803805	0.07811896075851607	-0.08954586838048528	0.08960682443782288	-0.08215343947929218	0.06244693717894571	-0.10320282712021661	0.10446401441316198	-0.09943156215405549	0.11235464301635616	-0.1007124914418884	0.14665750731158844	-0.13203178448133138	0.13884820875446155	-0.16410280803163954	0.10711171606179366	-0.26827096492079405	0.20558914887503435	-0.16032995114868986	0.1646380087237275	-0.136084842897989	0.2414880168529468	-0.334989858208096	0.22832515989953586	-0.18616281732701004	0.15802951991812728	-0.5948098805525538	0.9999999999999823	-0.40096211915178637	0.23554516290444746	-0.10337493119533953	0.2986912351490337	-0.4008466115013418	0.2564320100512354	-0.2462155246898053	0.1150057964989663
0.16107858726379978	-0.04485698129786486	0.04228847216808766	-0.09724068225355688	0.06467265985615635	-0.07073050616846781	0.08079918545856214	-0.08372568178329026	0.07856353632098802	-0.06018263244991901	0.09257590098465533	-0.09424654669266766	0.09243679555440451	-0.10927448274279021	0.09981332472298086	-0.1319057496164025	0.1139786140481099	-0.13419214269209034	0.1609581423434521	-0.1088388694341352	0.18154860230362874	-0.17494228084205302	0.14969421508960354	-0.18558363592738833	0.1444073387121409	-0.1655969531713997	0.2083501470500568	-0.3215205844139492	0.22882741609590798	-0.18165293402275176	0.2395638439548258	-0.40096211915178637	0.9999999999999815	-0.6445586136882503	0.12571959162965665	-0.24334210469790793	0.22060422996331408	-0.39142465381938973	0.30096152473011256	-0.14206396705463709
-0.16385726663629907	0.04418175929621388	-0.04181108439165507	0.09491941252840728	-0.06456582164459909	0.0692445061263651	-0.07872405807917048	0.08137399361869153	-0.07782037538883939	0.05962313441437558	-0.09074846141255151	0.08975343061211877	-0.09074626758308518	0.10719697309641517	-0.10157839578962889	0.12188971203461942	-0.10682293602525957	0.12622605335420561	-0.16416372617760844	0.10875532911133926	-0.17370334983536892	0.1530722526794668	-0.14268668233279777	0.1840711939295654	-0.15285076696853664	0.14436109240332443	-0.18179308503307728	0.2328338202242267	-0.29895031742358497	0.1840948489995423	-0.21598994468047986	0.23554516290444746	-0.6445586136882503	0.9999999999999808	-0.16161147359610178	0.19213193044400873	-0.18572900437863074	0.2829886300162314	-0.5344199104918962	0.16086831290132209
0.12932348698466203	-0.03466332866039172	0.03291820617385888	-0.07613629635993086	0.054308359252795535	-0.05157852575551919	0.057958578815536635	-0.061824761211719176	0.06383202276256512	-0.05010633835993811	0.066926380163541	-0.06405172739944312	0.06898415106984336	-0.08844744323876633	0.09482911377994843	-0.08313318352475224	0.07124036602507294	-0.0867978938511976	0.12042323169529456	-0.10463846686172976	0.09801820061741627	-0.09374114443963523	0.09254997416249355	-0.1339359704057896	0.17644301513021549	-0.07942522599790469	0.09848698041067883	-0.12376198995481953	0.14876721110980762	-0.3552228147357512	0.09905710335279058	-0.10337493119533953	0.12571959162965665	-0.16161147359610178	0.9999999999999805	-0.09800587375841925	0.08250136174230832	-0.1293318291243785	0.1660257120911275	-0.8685238216964603
-0.16536717925404845	0.043191311668865626	-0.04084677720489174	0.09083513744061857	-0.06052834993055525	0.06921091164581507	-0.07829663630767739	0.07842283986665462	-0.07308453010967798	0.0556294014997582	-0.09117678980053537	0.0892484824661772	-0.0869832434701984	0.09905141720780469	-0.08968605384351719	0.12254762931453	-0.1065773372316684	0.11447899560154684	-0.14127107214415852	0.09417193595970935	-0.2330979715775901	0.15203738216740614	-0.12771478366256728	0.13772072921842315	-0.11981844616537238	0.19252122029686602	-0.1832953892475871	0.16895991629304707	-0.14980652384095472	0.1369637255121426	-0.46113026168269233	0.2986912351490337	-0.24334210469790793	0.19213193044400873	-0.09800587375841925	0.9999999999999811	-0.6930259964107416	0.27970937044399946	-0.28036685730886196	0.10789860425148685
0.12358866290379625	-0.03342783440362771	0.03153526605809735	-0.07137519137410134	0.04722284172947566	-0.05334397229853412	0.06066074807530904	-0.061520656251910645	0.05724262012381297	-0.04369938519785958	0.07007513728276993	-0.0703151825920566	0.06787970718272421	-0.07852522579586643	0.07078010889755679	-0.09844013867294434	0.08486711926236185	-0.09291036302883293	0.11158226362411784	-0.07562662487843241	0.1612075766866747	-0.1279020955726075	0.10290273234090529	-0.115027673333816	0.09673317503052951	-0.14581258099890831	0.15477108374354148	-0.1482903298337485	0.12566637662315966	-0.11544495013378794	0.2717571256153605	-0.4008466115013418	0.22060422996331408	-0.18572900437863074	0.08250136174230832	-0.6930259964107416	0.9999999999999809	-0.4787191885291984	0.24243822036508655	-0.09403335563867035
-0.1604720877039999	0.042176007166525475	-0.039920585185797906	0.089415011615236	-0.060308132148980266	0.06668645768655274	-0.07540682762239545	0.07661712337194293	-0.07257758571119031	0.0554599243873235	-0.08757095329737989	0.085564252246027	-0.08519582806091834	0.0988701941474684	-0.09187380261565412	0.116166703555745	-0.10109987474574755	0.11335144997525387	-0.14351059629877977	0.09692792465777825	-0.1829023142395882	0.142848103520647	-0.1266924726755724	0.14603255326124348	-0.12909275125908587	0.14940307378863785	-0.16905789462629145	0.18232391072344906	-0.17016700699684822	0.15102256397845523	-0.25319234746546204	0.2564320100512354	-0.39142465381938973	0.2829886300162314	-0.1293318291243785	0.27970937044399946	-0.4787191885291984	0.9999999999999818	-0.6250931373761714	0.1416146097457474
0.15238613338177148	-0.042168579391617896	0.039753581237995425	-0.09185068693928072	0.06124683058642007	-0.06543716951722968	0.07428754552733181	-0.07740918268394692	0.07397450312674592	-0.056969996458070854	0.08541049792078034	-0.08563977463378386	0.08518612479504045	-0.10290197698736946	0.09531833510845573	-0.11872765322081101	0.10052567255631749	-0.11723835559103987	0.1452074049563334	-0.10400868012166649	0.1597720958500287	-0.14531063934576055	0.1268379001229997	-0.16563960881668066	0.14035300852008487	-0.13991164755976548	0.16085803879862326	-0.19660781514216363	0.1894434778096412	-0.18332776383039043	0.20516982971486702	-0.2462155246898053	0.30096152473011256	-0.5344199104918962	0.1660257120911275	-0.28036685730886196	0.24243822036508655	-0.6250931373761714	0.999999999999982	-0.22591147140604
-0.16145347005860078	0.04131872882771104	-0.039412817938954334	0.0886762723890995	-0.0646969199570695	0.06220470337431245	-0.0694565280368124	0.07279916346360737	-0.07530638337013944	0.0587753909607457	-0.08091265554276944	0.07556287064923431	-0.08200170870982706	0.1016760628260776	-0.1124447716480945	0.09608731233884803	-0.08324029376892571	0.09915744760869093	-0.14134683376953744	0.11542357619102332	-0.11656091587678606	0.10627472892858414	-0.10704099322212163	0.14368427901990619	-0.20284500226904437	0.09127938482880996	-0.11274157057259655	0.13240090763559786	-0.16185726161923636	0.24645323900749386	-0.11531064023623136	0.1150057964989663	-0.14206396705463709	0.16086831290132209	-0.8685238216964603	0.10789860425148685	-0.09403335563867035	0.1416146097457474	-0.22591147140604	0.999999999999982
