1.0	-0.5200118670750137	0.20600265562956038	-0.11398258744227342	0.04256844839865402	-0.7487553826158823	0.31289396230523187	-0.1605373698177981	0.08834232945653164	-0.04157956646129671	0.1471228093876858	-0.16114452003274496	0.11873839115884519	-0.09151305423870634	0.05131078947723557	-0.12939380901042097	0.09688790756478108	-0.117854865379234	0.07745356184644893	-0.05405954116116699	0.07980259699019392	-0.0773202214866593	0.042457559027635344	-0.04791482656434457	0.0047920040158438764	-0.042088132913423	0.04115377294425349	-0.020219586644408257	0.021660750883398708	-0.004812208242927268
-0.5200118670750137	1.0000000000000002	-0.4495054340009712	0.1430657783852678	-0.05473689175520843	0.30463104389717366	-0.6128572993977938	0.20548477962637868	-0.11551193867916565	0.05259600751094388	-0.15400592532595275	0.17796469383311753	-0.1499783082643234	0.10869595208502797	-0.06226225916733566	0.13389169026855605	-0.11301242104555434	0.13568440498964077	-0.09347801483764304	0.06425612201444031	-0.09170251330916204	0.08673435072113446	-0.0493544715984498	0.0550319765078351	-0.005652257554863369	0.047973797285169074	-0.04779267814866036	0.02348605607360765	-0.02530283807455105	0.00566846503635529
0.20600265562956038	-0.4495054340009712	1.0000000000000004	-0.3682379714093323	0.11470609104931469	-0.2044853960197452	0.27301810895207745	-0.5319559918428773	0.24743311748585323	-0.11420671055253825	0.18781938596309022	-0.24979196016063893	0.2670334658890838	-0.21941744441216318	0.11917655803110107	-0.22021899994617392	0.1821125704885159	-0.26646759559426547	0.17488512641336884	-0.12775780678825405	0.14313264916245377	-0.14850075926091275	0.09119096884797609	-0.10547606692233177	0.010752905857421217	-0.08282209321180783	0.07947036201248313	-0.04291678185776929	0.04584947268876323	-0.010822426491282323
-0.11398258744227342	0.1430657783852678	-0.3682379714093323	1.0000000000000004	-0.2845648741283614	0.10015343248837677	-0.16876431547644805	0.2593789658811154	-0.7762222054260762	0.21893985103636562	-0.11556051241211775	0.1346286199616327	-0.18819007128547216	0.16599873377255409	-0.10874765943093277	0.1158287126970013	-0.1147888605496221	0.1492230774723088	-0.1441297157329923	0.09995296099277104	-0.08919198277972243	0.08460003097577719	-0.05584068855451875	0.06029261533356136	-0.00714711728720911	0.04836845281229363	-0.04967585158473551	0.02612962784145105	-0.0286556257326843	0.007139179582022149
0.04256844839865402	-0.05473689175520843	0.11470609104931469	-0.2845648741283614	1.0000000000000002	-0.04009184390638192	0.06288403345038984	-0.12233177161793451	0.22383465123676538	-0.9176171979911395	0.0520063481003219	-0.06345439470419656	0.0843564575730592	-0.09406864512659062	0.09190930913383026	-0.0568052049712044	0.054673417698174825	-0.07788360068381664	0.07570481590188248	-0.08962917985515031	0.04191023234287077	-0.04154467796597235	0.02792304314613299	-0.030988818902773645	0.0042982065208728906	-0.023318534660912733	0.023416121203790274	-0.013002663837648452	0.014164000077751118	-0.004316875726519304
-0.7487553826158823	0.30463104389717366	-0.2044853960197452	0.10015343248837677	-0.04009184390638192	0.9999999999999996	-0.5200274383235345	0.1471135080474811	-0.08335375408702118	0.038549630298362295	-0.1979510686097133	0.17461744082591676	-0.12174357755181096	0.08693749384138039	-0.04975344799151214	0.13219507838519176	-0.1018238391339127	0.11266349528925482	-0.07612296729011381	0.051304978473876606	-0.08491094013849455	0.07798239500905176	-0.041403556108805584	0.0457336026726036	-0.00457673813291893	0.041965246434361184	-0.04194181649698261	0.01974920943473862	-0.021242123685686648	0.004587334994749084
0.31289396230523187	-0.6128572993977938	0.27301810895207745	-0.16876431547644805	0.06288403345038984	-0.5200274383235345	1.0000000000000004	-0.26464886721310593	0.13247514467033625	-0.061804742319936684	0.20021407921918846	-0.2940038885955467	0.18539470444140352	-0.13773233303254592	0.07640134649128423	-0.18148405523134084	0.14354221050048474	-0.17651109265906212	0.11575424965296675	-0.08041233335789937	0.11526649320269633	-0.11241124934563429	0.06214613420585724	-0.07009066114555326	0.006992184892898705	-0.060750761404428595	0.05946348968152222	-0.029467549982213365	0.03154251278107925	-0.007022066962375446
-0.1605373698177981	0.20548477962637868	-0.5319559918428773	0.2593789658811154	-0.12233177161793451	0.1471135080474811	-0.26464886721310593	1.0000000000000007	-0.3710243385094325	0.11550035004358704	-0.1894909559337479	0.2273581232654214	-0.5583916838018375	0.21614673516436728	-0.12492347509626912	0.17562072623404695	-0.18041148106897445	0.23700706905873864	-0.19097032244724454	0.11843166191194153	-0.13382231802462946	0.12659876210080226	-0.08035174666704711	0.08538306431095173	-0.009137585271812073	0.06870352234533311	-0.0706082766382074	0.0368055327749755	-0.04005472854096103	0.009128111726744003
0.08834232945653164	-0.11551193867916565	0.24743311748585323	-0.7762222054260762	0.22383465123676538	-0.08335375408702118	0.13247514467033625	-0.3710243385094325	1.000000000000001	-0.29138545883396577	0.1069385412082172	-0.13315866451898095	0.19196214927473082	-0.20517905355762475	0.10930262858730674	-0.11378597804055468	0.10998744399617667	-0.1584322609712616	0.1453409900794551	-0.10546184312595272	0.08340203917733242	-0.082459627249043	0.053946367395213135	-0.059425701548248486	0.006829317963836369	-0.04522196506632557	0.045551994199008156	-0.02488294354936548	0.02700052425424041	-0.006841505821985958
-0.04157956646129671	0.05259600751094388	-0.11420671055253825	0.21893985103636562	-0.9176171979911395	0.038549630298362295	-0.061804742319936684	0.11550035004358704	-0.29138545883396577	1.0000000000000004	-0.0499151590028383	0.05983252347154967	-0.08321200428480523	0.09122344040957574	-0.1015345773736295	0.05299176884448361	-0.05231665018933244	0.07289188898345585	-0.07545496999143199	0.08630724378648626	-0.03995256102983052	0.03903420864669675	-0.02640725765558356	0.028957310787089137	-0.004070890583993984	0.021920853223467637	-0.022222746916219897	0.012268237801987374	-0.013414269855814292	0.004081448198298198
0.1471228093876858	-0.15400592532595275	0.18781938596309022	-0.11556051241211775	0.0520063481003219	-0.1979510686097133	0.20021407921918846	-0.1894909559337479	0.1069385412082172	-0.0499151590028383	1.0000000000000022	-0.6742145949322613	0.2259920439406188	-0.1527232973547454	0.08314477928262247	-0.5443915066671919	0.23875271818698404	-0.2256311031742724	0.13638914359234092	-0.08626150952788635	0.20640765399699149	-0.18856510887927233	0.07783780505697496	-0.08444439959049621	0.007611277547689488	-0.08744244305531775	0.08577839889410359	-0.0368468362666533	0.039051445223362895	-0.0076220088677247284
-0.16114452003274496	0.17796469383311753	-0.24979196016063893	0.1346286199616327	-0.06345439470419656	0.17461744082591676	-0.2940038885955467	0.2273581232654214	-0.13315866451898095	0.05983252347154967	-0.6742145949322613	0.9999999999999994	-0.3972617991679792	0.1744289202654448	-0.09991649669263541	0.288218197878295	-0.2955180213291817	0.2372309786040674	-0.16549505150074942	0.0977622623213355	-0.21217272926646705	0.17767043424940102	-0.08310127520599864	0.08675592738037362	-0.008321794185965901	0.08644241329538618	-0.09067540470389947	0.03898412302825429	-0.041974488824766856	0.008310425441811974
0.11873839115884519	-0.1499783082643234	0.2670334658890838	-0.18819007128547216	0.0843564575730592	-0.12174357755181096	0.18539470444140352	-0.5583916838018375	0.19196214927473082	-0.08321200428480523	0.2259920439406188	-0.3972617991679792	1.0000000000000004	-0.37247455494314025	0.14780789937022787	-0.2283936821786364	0.22812997997736362	-0.43869852872186554	0.24752934577262833	-0.1494620692389406	0.15699980086012516	-0.1610807174668988	0.097061776087127	-0.10506762062210104	0.010024272463428085	-0.07732501727079749	0.07771813417508212	-0.04285341535831205	0.045424757386821765	-0.010040128213620795
-0.09151305423870634	0.10869595208502797	-0.21941744441216318	0.16599873377255409	-0.09406864512659062	0.08693749384138039	-0.13773233303254592	0.21614673516436728	-0.20517905355762475	0.09122344040957574	-0.1527232973547454	0.1744289202654448	-0.37247455494314025	1.0000000000000007	-0.37955029360763765	0.1520642405546063	-0.18672788528925144	0.27276959958745584	-0.687660141839278	0.26771244747733564	-0.12644095040358785	0.12088948196736565	-0.09062683139626293	0.09428127190419563	-0.011793469933336204	0.06196732315808958	-0.06488749041744567	0.038617081828155805	-0.04268226390285966	0.011744987439617436
0.05131078947723557	-0.06226225916733566	0.11917655803110107	-0.10874765943093277	0.09190930913383026	-0.04975344799151214	0.07640134649128423	-0.12492347509626912	0.10930262858730674	-0.1015345773736295	0.08314477928262247	-0.09991649669263541	0.14780789937022787	-0.37955029360763765	1.000000000000001	-0.09263176911340051	0.10256620874262366	-0.16498569430018892	0.2635118409591921	-0.858175177093265	0.07217355829898203	-0.07264228552754806	0.05394668827351223	-0.05901075316406995	0.016066593168327686	-0.037649289360288316	0.03841841155832804	-0.023794141541196037	0.02603493671493521	-0.01619422862959758
-0.12939380901042097	0.13389169026855605	-0.22021899994617392	0.1158287126970013	-0.0568052049712044	0.13219507838519176	-0.18148405523134084	0.17562072623404695	-0.11378597804055468	0.05299176884448361	-0.5443915066671919	0.288218197878295	-0.2283936821786364	0.1520642405546063	-0.09263176911340051	1.0000000000000013	-0.45400791322185097	0.24311756315652674	-0.16004965656772718	0.09170925358832945	-0.4757421627227941	0.27997404109374496	-0.09902766014529214	0.10041669252347593	-0.009013523554530892	0.12644237087951402	-0.13313964959083546	0.047679970843427844	-0.051052987069034036	0.00898825108378964
0.09688790756478108	-0.11301242104555434	0.1821125704885159	-0.1147888605496221	0.054673417698174825	-0.1018238391339127	0.14354221050048474	-0.18041148106897445	0.10998744399617667	-0.05231665018933244	0.23875271818698404	-0.2955180213291817	0.22812997997736362	-0.18672788528925144	0.10256620874262366	-0.45400791322185097	1.0000000000000016	-0.5211058850509586	0.1917540039181573	-0.11009719254531833	0.2951907986433831	-0.5097922123804638	0.1212464800063888	-0.12598628178156757	0.009862932761394464	-0.12545658494385878	0.1246744747980034	-0.05431026699805487	0.0558428544495914	-0.009868506204121021
-0.117854865379234	0.13568440498964077	-0.26646759559426547	0.1492230774723088	-0.07788360068381664	0.11266349528925482	-0.17651109265906212	0.23700706905873864	-0.1584322609712616	0.07289188898345585	-0.2256311031742724	0.2372309786040674	-0.43869852872186554	0.27276959958745584	-0.16498569430018892	0.24311756315652674	-0.5211058850509586	1.0000000000000009	-0.44283355451405665	0.16371957504174384	-0.22529646036635934	0.22108041315093502	-0.16548538315806677	0.14657407555860275	-0.012419935816500463	0.0983896260804543	-0.10537489542710371	0.062243594526020185	-0.06598464456430284	0.012370138882102633
0.07745356184644893	-0.09347801483764304	0.17488512641336884	-0.1441297157329923	0.07570481590188248	-0.07612296729011381	0.11575424965296675	-0.19097032244724454	0.1453409900794551	-0.07545496999143199	0.13638914359234092	-0.16549505150074942	0.24752934577262833	-0.687660141839278	0.2635118409591921	-0.16004965656772718	0.1917540039181573	-0.44283355451405665	1.0000000000000022	-0.3761636130362736	0.12373421860909609	-0.13134363453393902	0.10225149393400819	-0.11536654661445903	0.01268481341144798	-0.062291399283584195	0.06348742261953566	-0.042185844381923326	0.045755348728873296	-0.012690942867981472
-0.05405954116116699	0.06425612201444031	-0.12775780678825405	0.09995296099277104	-0.08962917985515031	0.051304978473876606	-0.08041233335789937	0.11843166191194153	-0.10546184312595272	0.08630724378648626	-0.08626150952788635	0.0977622623213355	-0.1494620692389406	0.26771244747733564	-0.858175177093265	0.09170925358832945	-0.11009719254531833	0.16371957504174384	-0.3761636130362736	1.000000000000003	-0.0760293681088935	0.0737449541015743	-0.057051026709337205	0.06028343099722814	-0.01788017979476493	0.03863150958941921	-0.04023644056428613	0.02483032756238709	-0.027503725886654954	0.017534278935172194
0.07980259699019392	-0.09170251330916204	0.14313264916245377	-0.08919198277972243	0.04191023234287077	-0.08491094013849455	0.11526649320269633	-0.13382231802462946	0.08340203917733242	-0.03995256102983052	0.20640765399699149	-0.21217272926646705	0.15699980086012516	-0.12644095040358785	0.07217355829898203	-0.4757421627227941	0.2951907986433831	-0.22529646036635934	0.12373421860909609	-0.0760293681088935	1.0000000000000029	-0.7120920372854205	0.11462194404628964	-0.12257362788865825	0.009035497582768375	-0.23094358911739793	0.18715837689576034	-0.05749209830588657	0.05856977406237687	-0.009042295124015847
-0.0773202214866593	0.08673435072113446	-0.14850075926091275	0.08460003097577719	-0.04154467796597235	0.07798239500905176	-0.11241124934563429	0.12659876210080226	-0.082459627249043	0.03903420864669675	-0.18856510887927233	0.17767043424940102	-0.1610807174668988	0.12088948196736565	-0.07264228552754806	0.27997404109374496	-0.5097922123804638	0.22108041315093502	-0.13134363453393902	0.0737449541015743	-0.7120920372854205	1.000000000000003	-0.14152093210817693	0.12599018467773174	-0.009130346156366374	0.17670668165169962	-0.21003981098166397	0.06132456458599746	-0.06299328216389363	0.009106399859947928
0.042457559027635344	-0.0493544715984498	0.09119096884797609	-0.05584068855451875	0.02792304314613299	-0.041403556108805584	0.06214613420585724	-0.08035174666704711	0.053946367395213135	-0.02640725765558356	0.07783780505697496	-0.08310127520599864	0.097061776087127	-0.09062683139626293	0.05394668827351223	-0.09902766014529214	0.1212464800063888	-0.16548538315806677	0.10225149393400819	-0.057051026709337205	0.11462194404628964	-0.14152093210817693	1.0000000000000024	-0.8832012942568774	0.025823188056357	-0.08042544892633038	0.08270901192486581	-0.3021500494028414	0.22872899698608073	-0.02594383510083003
-0.04791482656434457	0.0550319765078351	-0.10547606692233177	0.06029261533356136	-0.030988818902773645	0.0457336026726036	-0.07009066114555326	0.08538306431095173	-0.059425701548248486	0.028957310787089137	-0.08444439959049621	0.08675592738037362	-0.10506762062210104	0.09428127190419563	-0.05901075316406995	0.10041669252347593	-0.12598628178156757	0.14657407555860275	-0.11536654661445903	0.06028343099722814	-0.12257362788865825	0.12599018467773174	-0.8832012942568774	1.000000000000003	-0.03143102486400205	0.08033266436637258	-0.0877133126967597	0.2271112018230817	-0.2987631227207329	0.030310040439866306
0.0047920040158438764	-0.005652257554863369	0.010752905857421217	-0.00714711728720911	0.0042982065208728906	-0.00457673813291893	0.006992184892898705	-0.009137585271812073	0.006829317963836369	-0.004070890583993984	0.007611277547689488	-0.008321794185965901	0.010024272463428085	-0.011793469933336204	0.016066593168327686	-0.009013523554530892	0.009862932761394464	-0.012419935816500463	0.01268481341144798	-0.01788017979476493	0.009035497582768375	-0.009130346156366374	0.025823188056357	-0.03143102486400205	1.0000000000000018	-0.009154024323259347	0.009214890439280282	-0.03119707589417639	0.03489116648924295	-0.9979532878171118
-0.042088132913423	0.047973797285169074	-0.08282209321180783	0.04836845281229363	-0.023318534660912733	0.041965246434361184	-0.060750761404428595	0.06870352234533311	-0.04522196506632557	0.021920853223467637	-0.08744244305531775	0.08644241329538618	-0.07732501727079749	0.06196732315808958	-0.037649289360288316	0.12644237087951402	-0.12545658494385878	0.0983896260804543	-0.062291399283584195	0.03863150958941921	-0.23094358911739793	0.17670668165169962	-0.08042544892633038	0.08033266436637258	-0.009154024323259347	1.0000000000000022	-0.9352025588377458	0.09195610843250786	-0.09875881531893138	0.009050088140335127
0.04115377294425349	-0.04779267814866036	0.07947036201248313	-0.04967585158473551	0.023416121203790274	-0.04194181649698261	0.05946348968152222	-0.0706082766382074	0.045551994199008156	-0.022222746916219897	0.08577839889410359	-0.09067540470389947	0.07771813417508212	-0.06488749041744567	0.03841841155832804	-0.13313964959083546	0.1246744747980034	-0.10537489542710371	0.06348742261953566	-0.04023644056428613	0.18715837689576034	-0.21003981098166397	0.08270901192486581	-0.0877133126967597	0.009214890439280282	-0.9352025588377458	1.0000000000000036	-0.10510691136349881	0.09558017474486673	-0.009177191722839203
-0.020219586644408257	0.02348605607360765	-0.04291678185776929	0.02612962784145105	-0.013002663837648452	0.01974920943473862	-0.029467549982213365	0.0368055327749755	-0.02488294354936548	0.012268237801987374	-0.0368468362666533	0.03898412302825429	-0.04285341535831205	0.038617081828155805	-0.023794141541196037	0.047679970843427844	-0.05431026699805487	0.062243594526020185	-0.042185844381923326	0.02483032756238709	-0.05749209830588657	0.06132456458599746	-0.3021500494028414	0.2271112018230817	-0.03119707589417639	0.09195610843250786	-0.10510691136349881	1.0000000000000038	-0.9154008141676402	0.03064134299499055
0.021660750883398708	-0.02530283807455105	0.04584947268876323	-0.0286556257326843	0.014164000077751118	-0.021242123685686648	0.03154251278107925	-0.04005472854096103	0.02700052425424041	-0.013414269855814292	0.039051445223362895	-0.041974488824766856	0.045424757386821765	-0.04268226390285966	0.02603493671493521	-0.051052987069034036	0.0558428544495914	-0.06598464456430284	0.045755348728873296	-0.027503725886654954	0.05856977406237687	-0.06299328216389363	0.22872899698608073	-0.2987631227207329	0.03489116648924295	-0.09875881531893138	0.09558017474486673	-0.9154008141676402	1.000000000000004	-0.0363129849628733
-0.004812208242927268	0.00566846503635529	-0.010822426491282323	0.007139179582022149	-0.004316875726519304	0.004587334994749084	-0.007022066962375446	0.009128111726744003	-0.006841505821985958	0.004081448198298198	-0.0076220088677247284	0.008310425441811974	-0.010040128213620795	0.011744987439617436	-0.01619422862959758	0.00898825108378964	-0.009868506204121021	0.012370138882102633	-0.012690942867981472	0.017534278935172194	-0.009042295124015847	0.009106399859947928	-0.02594383510083003	0.030310040439866306	-0.9979532878171118	0.009050088140335127	-0.009177191722839203	0.03064134299499055	-0.0363129849628733	1.000000000000004
