1.0	-0.7589083427994544	0.2927946845697166	-0.25150675919464605	0.18736940030301177	-0.31808723713935005	0.23005528428357663	-0.3194586479256109	0.18665807016931754	-0.15003350500193469	0.10122740699455318	-0.08813166878228408	0.15333651967753412	-0.17198831556579613	0.13186870557000616	-0.10370088302053007	0.09750152916241644	-0.12756483873578442	0.11462572133998776	-0.1169993450804843	0.07390085602814736	-0.07421229450752824	0.114168949527091	-0.08308762625838917	0.0762732634174173	-0.05518200622756603	0.061323094304880865	-0.17420537649089377	0.0733431130262424	-0.10137974874416447
-0.7589083427994544	0.9999999999999996	-0.4968800983911403	0.20029290401640332	-0.1677828806555355	0.20533567389729548	-0.22930828687261035	0.25798969356639445	-0.1638641470134148	0.11679938993255258	-0.07748567499582917	0.0694907761992418	-0.12756201712970652	0.13370032745482954	-0.10781006922078272	0.07574723610241757	-0.07882381840271042	0.09791875540989298	-0.09032233619734287	0.08850094967699815	-0.0566071667737527	0.05615273545968385	-0.0890986978516332	0.0608666671727234	-0.05720910786353908	0.04142531555525522	-0.04670781114988902	0.12389296820119762	-0.054056116708685494	0.0743131825488936
0.2927946845697166	-0.4968800983911403	0.9999999999999988	-0.3986038415925378	0.2155491333662093	-0.213680842792433	0.20368033987022927	-0.6214419728724419	0.25250344298030736	-0.16382616668189573	0.08797960756037378	-0.08654379942621447	0.17135334709630376	-0.19462627701247562	0.14351897323859783	-0.08812169100489765	0.09572782676285246	-0.13128603157437374	0.11966060991089943	-0.11764342495676033	0.0687915755058458	-0.06965245534540822	0.11206906788721016	-0.0779506775729259	0.07407046524077515	-0.050709389013426816	0.057525517080385266	-0.15687582224627414	0.06890599349813635	-0.09628809214215402
-0.25150675919464605	0.20029290401640332	-0.3986038415925378	0.9999999999999989	-0.5289291796452157	0.150945849052862	-0.1561853186212804	0.28655478784464605	-0.560405400209306	0.24966447410172213	-0.1016496155916274	0.10628920858447122	-0.22863270289988247	0.26657653506849677	-0.23455024463990629	0.09880789298715255	-0.12596453004293717	0.16674154611006503	-0.17508576194142428	0.1627118875610279	-0.09017748738545572	0.09023719440227143	-0.1536455000867628	0.10316454204449375	-0.10218389326950443	0.06501512078609555	-0.07625746561821087	0.2001210522168384	-0.09213808426474132	0.12879279704864155
0.18736940030301177	-0.1677828806555355	0.2155491333662093	-0.5289291796452157	0.9999999999999991	-0.14988941712279572	0.13752349674737083	-0.24825668735860182	0.29221868397276035	-0.46040511361200304	0.12093896671301559	-0.12436566626319769	0.23659732095671968	-0.3194714024871006	0.28310575381047487	-0.1256020506973639	0.14237761087937892	-0.22384463904573162	0.21696821321868534	-0.24686516837571415	0.12030787494210127	-0.12548370867568412	0.20255069705580017	-0.1717127763398283	0.15858941525863346	-0.09172458216694715	0.10625412443482478	-0.3678649077601715	0.15047244280882965	-0.2186249496882621
-0.31808723713935005	0.20533567389729548	-0.213680842792433	0.150945849052862	-0.14988941712279572	0.999999999999999	-0.8506751217904313	0.23402682844310232	-0.14903763781148655	0.10455242758522999	-0.16006606259610925	0.09548528689768379	-0.13080869044696217	0.12393702724271491	-0.10061181543940655	0.12741195958134227	-0.10382964354634235	0.09815081271044854	-0.08685777136976153	0.08303345235642393	-0.06864421237046626	0.06424488975138538	-0.09235520344318518	0.05841970127444764	-0.054168835455384215	0.049295506831569094	-0.05240049630727944	0.1187650727766664	-0.052052018270491746	0.06956052185936408
0.23005528428357663	-0.22930828687261035	0.20368033987022927	-0.1561853186212804	0.13752349674737083	-0.8506751217904313	0.9999999999999979	-0.33857704811553957	0.14880313336712725	-0.10452193837170502	0.12362470084424347	-0.09237244086341943	0.1251080894370721	-0.1266261027844881	0.09644051072805807	-0.12027876648085253	0.09421546369724078	-0.09646437722392054	0.08398526998835754	-0.0817312042526159	0.06356919919243109	-0.06097743325543159	0.08695880185871858	-0.05707258491758556	0.05277330136932131	-0.04663507717362096	0.049201673061366455	-0.11673227934706469	0.0506034421532883	-0.06838472296452847
-0.3194586479256109	0.25798969356639445	-0.6214419728724419	0.28655478784464605	-0.24825668735860182	0.23402682844310232	-0.33857704811553957	0.9999999999999982	-0.41885235080474725	0.18272700910240441	-0.10463348130941444	0.10667186454868906	-0.2522339809530793	0.22784568379998552	-0.1737454135176346	0.10013253432959518	-0.11989549611126421	0.1556389639678795	-0.14352774508414382	0.13247629577175207	-0.08012499825027318	0.08026369152360949	-0.13368127192332416	0.08563265907764983	-0.08302319858120244	0.057914008704545605	-0.06645610688692748	0.1671908733167146	-0.07618038564517875	0.1050238956490735
0.18665807016931754	-0.1638641470134148	0.25250344298030736	-0.560405400209306	0.29221868397276035	-0.14903763781148655	0.14880313336712725	-0.41885235080474725	0.9999999999999992	-0.3447631684827761	0.0942183379363386	-0.10506371748631335	0.23328122470593415	-0.49278259039786343	0.2463231866786258	-0.09340499255710966	0.11786624697924146	-0.17537534791592022	0.18636143095339724	-0.17770645072746336	0.08343267768143732	-0.08565261704710887	0.14483333513290716	-0.10132912320284913	0.10293577263628881	-0.0609151864152078	0.0708751077675272	-0.1901612489637677	0.08937067390065286	-0.13036734235050415
-0.15003350500193469	0.11679938993255258	-0.16382616668189573	0.24966447410172213	-0.46040511361200304	0.10455242758522999	-0.10452193837170502	0.18272700910240441	-0.3447631684827761	0.9999999999999989	-0.0902741213062433	0.09693792761292039	-0.2061709288120078	0.2666002212579101	-0.7117686910190462	0.08844765498430185	-0.11553777057106007	0.16669768141336413	-0.20600768515494855	0.21315817197469966	-0.0874338975873763	0.0881787877957797	-0.15344180578839106	0.11010504596090094	-0.12234371037848295	0.06292400039446257	-0.07477027223778175	0.19793379841912392	-0.09857090799556006	0.14514310218940785
0.10122740699455318	-0.07748567499582917	0.08797960756037378	-0.1016496155916274	0.12093896671301559	-0.16006606259610925	0.12362470084424347	-0.10463348130941444	0.0942183379363386	-0.0902741213062433	0.999999999999999	-0.32107658250463494	0.15559554287977703	-0.12096619892742998	0.09212093286500862	-0.8372415843090675	0.23498074516100093	-0.1389329629803246	0.098186075112307	-0.09548582740362253	0.18668567394929414	-0.1581203405444946	0.14271368422675895	-0.08172968959653965	0.06675168385865972	-0.1370573385242393	0.11560405440690474	-0.181032496807536	0.07235363532176207	-0.08722906553033122
-0.08813166878228408	0.0694907761992418	-0.08654379942621447	0.10628920858447122	-0.12436566626319769	0.09548528689768379	-0.09237244086341943	0.10667186454868906	-0.10506371748631335	0.09693792761292039	-0.32107658250463494	0.9999999999999988	-0.3104384338630261	0.15269508554266048	-0.1026408879734467	0.22301678000297237	-0.8332657518236947	0.1815283916635769	-0.11587941656413091	0.10540240880069139	-0.10585143064025643	0.10101490388179056	-0.14008022050514382	0.07804577301677378	-0.06870191188425266	0.07610137417273893	-0.07827068229006154	0.16073859894610334	-0.06890000831895404	0.08816424221214102
0.15333651967753412	-0.12756201712970652	0.17135334709630376	-0.22863270289988247	0.23659732095671968	-0.13080869044696217	0.1251080894370721	-0.2522339809530793	0.23328122470593415	-0.2061709288120078	0.15559554287977703	-0.3104384338630261	0.9999999999999991	-0.482498241469368	0.21441946905902956	-0.15877637652507615	0.23983627958670484	-0.5476899085130212	0.25430961979010985	-0.2316325008722751	0.13481618619433242	-0.15183401021645582	0.25562739316776334	-0.15194895394226715	0.13845433009860833	-0.1009547175650268	0.11498861755813575	-0.30018460383389306	0.1316344264075895	-0.1779922951504299
-0.17198831556579613	0.13370032745482954	-0.19462627701247562	0.26657653506849677	-0.3194714024871006	0.12393702724271491	-0.1266261027844881	0.22784568379998552	-0.49278259039786343	0.2666002212579101	-0.12096619892742998	0.15269508554266048	-0.482498241469368	0.9999999999999954	-0.3771313265100825	0.1160099138641401	-0.17687256219635863	0.25699886136389694	-0.37126830859123855	0.24567028513203829	-0.11176141866536647	0.1145187588118058	-0.2087412495385231	0.13033901091713473	-0.1395403797271616	0.07953522063338508	-0.09461920649580277	0.22617823845825358	-0.11607864029101966	0.1643670589842829
0.13186870557000616	-0.10781006922078272	0.14351897323859783	-0.23455024463990629	0.28310575381047487	-0.10061181543940655	0.09644051072805807	-0.1737454135176346	0.2463231866786258	-0.7117686910190462	0.09212093286500862	-0.1026408879734467	0.21441946905902956	-0.3771313265100825	0.999999999999999	-0.09284766838001142	0.11778640087261597	-0.19652366664539028	0.2397626411311818	-0.3531990084752216	0.09225550640377955	-0.09616551878135671	0.1641927580937993	-0.13456381965741676	0.1558227423844729	-0.06796531654121024	0.08007000415112007	-0.23141612731418398	0.11711179971507969	-0.19385980291578586
-0.10370088302053007	0.07574723610241757	-0.08812169100489765	0.09880789298715255	-0.1256020506973639	0.12741195958134227	-0.12027876648085253	0.10013253432959518	-0.09340499255710966	0.08844765498430185	-0.8372415843090675	0.22301678000297237	-0.15877637652507615	0.1160099138641401	-0.09284766838001142	0.9999999999999971	-0.27301729042454526	0.13634418188389527	-0.0982830028547527	0.09241250409902198	-0.2779272237911132	0.1638484352347749	-0.15726941759360644	0.07784722072222743	-0.0646147680787684	0.14395560488724995	-0.13229268100437935	0.1664573843869069	-0.06976826344118453	0.08270736123635201
0.09750152916241644	-0.07882381840271042	0.09572782676285246	-0.12596453004293717	0.14237761087937892	-0.10382964354634235	0.09421546369724078	-0.11989549611126421	0.11786624697924146	-0.11553777057106007	0.23498074516100093	-0.8332657518236947	0.23983627958670484	-0.17687256219635863	0.11778640087261597	-0.27301729042454526	0.9999999999999992	-0.22640173650113354	0.13419441559858714	-0.12933403131495197	0.12321054204593536	-0.12416330043163949	0.16040671525973355	-0.09925534763793793	0.08502479400788701	-0.09347315469155373	0.09352941812642493	-0.2118974069010698	0.08687570295383802	-0.11180184673675789
-0.12756483873578442	0.09791875540989298	-0.13128603157437374	0.16674154611006503	-0.22384463904573162	0.09815081271044854	-0.09646437722392054	0.1556389639678795	-0.17537534791592022	0.16669768141336413	-0.1389329629803246	0.1815283916635769	-0.5476899085130212	0.25699886136389694	-0.19652366664539028	0.13634418188389527	-0.22640173650113354	0.9999999999999972	-0.39244517822073105	0.23211427620104177	-0.16731665859064124	0.18719481725500908	-0.5319397607193599	0.15217381231643837	-0.1416867076938242	0.11421949731848198	-0.14359362188813185	0.26570861427443654	-0.13518853160034022	0.1648237594967103
0.11462572133998776	-0.09032233619734287	0.11966060991089943	-0.17508576194142428	0.21696821321868534	-0.08685777136976153	0.08398526998835754	-0.14352774508414382	0.18636143095339724	-0.20600768515494855	0.098186075112307	-0.11587941656413091	0.25430961979010985	-0.37126830859123855	0.2397626411311818	-0.0982830028547527	0.13419441559858714	-0.39244517822073105	0.9999999999999972	-0.6790555542755625	0.1072459983492438	-0.1170540997835293	0.2175626545280727	-0.1886015356821928	0.22353837937940424	-0.07759054240732308	0.09315503914988625	-0.2353824945631269	0.15197886135048083	-0.26417348597710844
-0.1169993450804843	0.08850094967699815	-0.11764342495676033	0.1627118875610279	-0.24686516837571415	0.08303345235642393	-0.0817312042526159	0.13247629577175207	-0.17770645072746336	0.21315817197469966	-0.09548582740362253	0.10540240880069139	-0.2316325008722751	0.24567028513203829	-0.3531990084752216	0.09241250409902198	-0.12933403131495197	0.23211427620104177	-0.6790555542755625	0.9999999999999951	-0.10514268327614332	0.10682144194396317	-0.20805116376074267	0.17638732130054557	-0.3903031963399108	0.07328594849129763	-0.09032624455885678	0.20796371425797036	-0.15941793730988355	0.2629550947585414
0.07390085602814736	-0.0566071667737527	0.0687915755058458	-0.09017748738545572	0.12030787494210127	-0.06864421237046626	0.06356919919243109	-0.08012499825027318	0.08343267768143732	-0.0874338975873763	0.18668567394929414	-0.10585143064025643	0.13481618619433242	-0.11176141866536647	0.09225550640377955	-0.2779272237911132	0.12321054204593536	-0.16731665859064124	0.1072459983492438	-0.10514268327614332	0.9999999999999943	-0.5871787889577138	0.23250427027469917	-0.10824965415421436	0.07857710403865459	-0.5811882472552783	0.32094442490109765	-0.2523303764695548	0.095557827182937	-0.10186546223834297
-0.07421229450752824	0.05615273545968385	-0.06965245534540822	0.09023719440227143	-0.12548370867568412	0.06424488975138538	-0.06097743325543159	0.08026369152360949	-0.08565261704710887	0.0881787877957797	-0.1581203405444946	0.10101490388179056	-0.15183401021645582	0.1145187588118058	-0.09616551878135671	0.1638484352347749	-0.12416330043163949	0.18719481725500908	-0.1170540997835293	0.10682144194396317	-0.5871787889577138	0.9999999999999952	-0.44252629820286055	0.10923133142187588	-0.07968657485689405	0.30319577092433764	-0.5244574334397694	0.23180501448543625	-0.09887523448946743	0.09933233772959364
0.114168949527091	-0.0890986978516332	0.11206906788721016	-0.1536455000867628	0.20255069705580017	-0.09235520344318518	0.08695880185871858	-0.13368127192332416	0.14483333513290716	-0.15344180578839106	0.14271368422675895	-0.14008022050514382	0.25562739316776334	-0.2087412495385231	0.1641927580937993	-0.15726941759360644	0.16040671525973355	-0.5319397607193599	0.2175626545280727	-0.20805116376074267	0.23250427027469917	-0.44252629820286055	0.9999999999999961	-0.2347621828421194	0.15018520994326007	-0.18074627920755548	0.2115792271562539	-0.4659039045742821	0.18693813231561165	-0.19004793896317804
-0.08308762625838917	0.0608666671727234	-0.0779506775729259	0.10316454204449375	-0.1717127763398283	0.05841970127444764	-0.05707258491758556	0.08563265907764983	-0.10132912320284913	0.11010504596090094	-0.08172968959653965	0.07804577301677378	-0.15194895394226715	0.13033901091713473	-0.13456381965741676	0.07784722072222743	-0.09925534763793793	0.15217381231643837	-0.1886015356821928	0.17638732130054557	-0.10824965415421436	0.10923133142187588	-0.2347621828421194	0.9999999999999961	-0.3333288583488781	0.07438863599546622	-0.09722791332999209	0.25910243254092596	-0.8100262753098312	0.25514287771154054
0.0762732634174173	-0.05720910786353908	0.07407046524077515	-0.10218389326950443	0.15858941525863346	-0.054168835455384215	0.05277330136932131	-0.08302319858120244	0.10293577263628881	-0.12234371037848295	0.06675168385865972	-0.06870191188425266	0.13845433009860833	-0.1395403797271616	0.1558227423844729	-0.0646147680787684	0.08502479400788701	-0.1416867076938242	0.22353837937940424	-0.3903031963399108	0.07857710403865459	-0.07968657485689405	0.15018520994326007	-0.3333288583488781	0.9999999999999957	-0.055302507796787304	0.0690803132583994	-0.18664388587971376	0.23052471617698228	-0.7838639455261681
-0.05518200622756603	0.04142531555525522	-0.050709389013426816	0.06501512078609555	-0.09172458216694715	0.049295506831569094	-0.04663507717362096	0.057914008704545605	-0.0609151864152078	0.06292400039446257	-0.1370573385242393	0.07610137417273893	-0.1009547175650268	0.07953522063338508	-0.06796531654121024	0.14395560488724995	-0.09347315469155373	0.11421949731848198	-0.07759054240732308	0.07328594849129763	-0.5811882472552783	0.30319577092433764	-0.18074627920755548	0.07438863599546622	-0.055302507796787304	0.9999999999999962	-0.7160802103821209	0.1735027235371431	-0.06912169235790626	0.06988752926845854
0.061323094304880865	-0.04670781114988902	0.057525517080385266	-0.07625746561821087	0.10625412443482478	-0.05240049630727944	0.049201673061366455	-0.06645610688692748	0.0708751077675272	-0.07477027223778175	0.11560405440690474	-0.07827068229006154	0.11498861755813575	-0.09461920649580277	0.08007000415112007	-0.13229268100437935	0.09352941812642493	-0.14359362188813185	0.09315503914988625	-0.09032624455885678	0.32094442490109765	-0.5244574334397694	0.2115792271562539	-0.09722791332999209	0.0690803132583994	-0.7160802103821209	0.9999999999999962	-0.25110784760333565	0.08890340614907201	-0.0884660249812451
-0.17420537649089377	0.12389296820119762	-0.15687582224627414	0.2001210522168384	-0.3678649077601715	0.1187650727766664	-0.11673227934706469	0.1671908733167146	-0.1901612489637677	0.19793379841912392	-0.181032496807536	0.16073859894610334	-0.30018460383389306	0.22617823845825358	-0.23141612731418398	0.1664573843869069	-0.2118974069010698	0.26570861427443654	-0.2353824945631269	0.20796371425797036	-0.2523303764695548	0.23180501448543625	-0.4659039045742821	0.25910243254092596	-0.18664388587971376	0.1735027235371431	-0.25110784760333565	0.9999999999999963	-0.38797637007796737	0.21035466542216566
0.0733431130262424	-0.054056116708685494	0.06890599349813635	-0.09213808426474132	0.15047244280882965	-0.052052018270491746	0.0506034421532883	-0.07618038564517875	0.08937067390065286	-0.09857090799556006	0.07235363532176207	-0.06890000831895404	0.1316344264075895	-0.11607864029101966	0.11711179971507969	-0.06976826344118453	0.08687570295383802	-0.13518853160034022	0.15197886135048083	-0.15941793730988355	0.095557827182937	-0.09887523448946743	0.18693813231561165	-0.8100262753098312	0.23052471617698228	-0.06912169235790626	0.08890340614907201	-0.38797637007796737	0.9999999999999964	-0.3062236958051113
-0.10137974874416447	0.0743131825488936	-0.09628809214215402	0.12879279704864155	-0.2186249496882621	0.06956052185936408	-0.06838472296452847	0.1050238956490735	-0.13036734235050415	0.14514310218940785	-0.08722906553033122	0.08816424221214102	-0.1779922951504299	0.1643670589842829	-0.19385980291578586	0.08270736123635201	-0.11180184673675789	0.1648237594967103	-0.26417348597710844	0.2629550947585414	-0.10186546223834297	0.09933233772959364	-0.19004793896317804	0.25514287771154054	-0.7838639455261681	0.06988752926845854	-0.0884660249812451	0.21035466542216566	-0.3062236958051113	0.9999999999999963
