1.0	-0.7139850984692084	0.2065107810821689	-0.035360194554206324	0.03336772427200149	-0.5823305883054386	0.25066639543734454	-0.1715550711508434	0.06083819652940213	-0.06061182653717064	0.16505038253758592	-0.17696629722448687	0.13483731291575204	-0.0717087188307191	0.05446400739558641	-0.13436731958855683	0.1433402960496573	-0.10354771515777236	0.058710633254517766	-0.04394948262784699	0.12820554820843078	-0.12514675375723305	0.11706812089218167	-0.041290779897633044	0.04230019126580839	-0.0220903390518522	0.02491482288321061	-0.043439299418147524	0.03497212580970688	-0.03037619107278668	0.02533170436999573	-0.026311288940020838	0.03925051880566268	-0.02620698489254416	0.028238803944899193
-0.7139850984692084	1.0000000000000002	-0.3467055370063271	0.045219880119896194	-0.0430705657271945	0.31758948709029433	-0.40445634113450135	0.2205091897539235	-0.07761474997603744	0.07557491582253395	-0.18543078192150453	0.20988585986777777	-0.17832501384161895	0.08949410374782842	-0.06884445863205116	0.1433155239991012	-0.18454493486756365	0.1296216993128118	-0.07410010157128236	0.05499188738334661	-0.15393609120266796	0.15000318802772572	-0.15053606404493444	0.05161774071135342	-0.05320009353722934	0.02690848879823514	-0.03055441998885081	0.053503943088949464	-0.043749716633079215	0.03787576684906352	-0.031048264793146443	0.03216914060740344	-0.04879231205967868	0.03257897902116601	-0.03523671216380312
0.2065107810821689	-0.3467055370063271	1.0000000000000002	-0.09519245344119498	0.08357200242650971	-0.2991908192925893	0.2673282097743634	-0.7346007059451344	0.15156970860822208	-0.15102779354260618	0.1654047670808171	-0.22831486866803827	0.2458735516201157	-0.16067026394449385	0.11089554057342246	-0.15447977499744395	0.1807566859483961	-0.1993023460395889	0.1158370822827196	-0.09048893283708336	0.16936927642378521	-0.19449696805163733	0.17640214908538643	-0.08108881348104167	0.08135194405528967	-0.03575711297322746	0.04026968931465168	-0.07310651173078134	0.06423593456587733	-0.05693795032190619	0.04051006240148579	-0.043173924886613514	0.06439269029321439	-0.046910069195850085	0.050075833569734614
-0.035360194554206324	0.045219880119896194	-0.09519245344119498	0.9999999999999998	-0.9290503994116175	0.051069596684268664	-0.05148280912529774	0.08436239234572496	-0.24412714466295893	0.2100285537190019	-0.03917416603758266	0.047552297928953206	-0.07395463729080501	0.13809310838634992	-0.12752053443173078	0.03574415591642378	-0.04450958103790074	0.05730851288416508	-0.10360538376069517	0.0844457501454496	-0.046697013789874064	0.050108915153341205	-0.054689538912108496	0.0655875076266466	-0.0730534704030309	0.015056120631079256	-0.017289771212104326	0.03538366976283942	-0.04937433225633613	0.04371790318391713	-0.017523674428954448	0.019320010916554678	-0.033034645877436375	0.03161732322984778	-0.03487726903156591
0.03336772427200149	-0.0430705657271945	0.08357200242650971	-0.9290503994116175	0.9999999999999999	-0.04921340570805591	0.048364954232632686	-0.08001255602738921	0.1968514980865185	-0.2680893902549542	0.037135918141315824	-0.045474109439887694	0.06893527037061618	-0.1400218334895017	0.11945367150979205	-0.03414599395642742	0.042132371426374216	-0.05460336231618891	0.0949609980953756	-0.08381281385300048	0.044326610923178154	-0.048060239003107415	0.051342583841439214	-0.06288116782859847	0.06772964276153527	-0.014300756659330015	0.016376509491396754	-0.033657555493759664	0.04595645225725462	-0.041457254430928805	0.0165522673786022	-0.01833798777506142	0.03101195478049909	-0.02989376852415635	0.03255741981504402
-0.5823305883054386	0.31758948709029433	-0.2991908192925893	0.051069596684268664	-0.04921340570805591	1.0	-0.4352651829435651	0.2203133323055679	-0.08874736294917476	0.08700618727697543	-0.3510684885224622	0.24623227974133768	-0.21731633340836032	0.10592075224547552	-0.08376289188887068	0.21795453475132204	-0.24127234766047836	0.15812298541162484	-0.09071404523272637	0.06671232111816966	-0.21950384855606744	0.19065913591536834	-0.19446132168202057	0.06339735143208966	-0.06577225375187819	0.03495203329526348	-0.03955753391133741	0.06854250666947195	-0.05482425557941346	0.04720887834351374	-0.04051368122158896	0.04157053650131947	-0.0630359357442908	0.04114883847765198	-0.04462705323508283
0.25066639543734454	-0.40445634113450135	0.2673282097743634	-0.05148280912529774	0.048364954232632686	-0.4352651829435651	1.0000000000000002	-0.3584112006018001	0.0951055678485995	-0.09254944802968568	0.20338961866616967	-0.5830196916101362	0.21588921400577063	-0.10958041007417006	0.08023976832839502	-0.18889407700432947	0.25558264382174023	-0.16907809018771539	0.08760500034698389	-0.06526761950470863	0.17286666068789056	-0.21404339916421605	0.17863020254649783	-0.0612114031080666	0.06200429700355248	-0.03208216046809233	0.03662272504504748	-0.0633365790227545	0.05089749441183845	-0.044327322970997174	0.03632865730439164	-0.038294207111946574	0.05651970858047678	-0.03798057771367584	0.040788428021482345
-0.1715550711508434	0.2205091897539235	-0.7346007059451344	0.08436239234572496	-0.08001255602738921	0.2203133323055679	-0.3584112006018001	0.9999999999999998	-0.19332450855349817	0.14805756764652517	-0.15089367328103886	0.21727567358880967	-0.371177727664604	0.16087726689335105	-0.1149113319677186	0.13456970859861533	-0.18347221295113986	0.2016774491189432	-0.11980830023144817	0.08964166655993626	-0.15149337536531304	0.1770860676201143	-0.18903286441650938	0.08020312719654996	-0.08207677083631947	0.032663899736059133	-0.037424712911542424	0.06869386001213017	-0.06345428185002024	0.05562463657762542	-0.03738905009436048	0.03978998410836365	-0.06166094713030766	0.045268241348504976	-0.048840888021577586
0.06083819652940213	-0.07761474997603744	0.15156970860822208	-0.24412714466295893	0.1968514980865185	-0.08874736294917476	0.0951055678485995	-0.19332450855349817	1.0000000000000004	-0.6987336834552613	0.06817449767591954	-0.08781876785032788	0.14685050362997112	-0.5154285169985026	0.24923237540664187	-0.06298442521570959	0.08059608432424532	-0.11299787173543889	0.21533082952340687	-0.1847014719875138	0.07985208626699776	-0.09196553953239123	0.10022240093845794	-0.1383949342348247	0.14081206944162442	-0.026884453006713657	0.03104577507166274	-0.06483186583081335	0.09353602615142313	-0.08514517020765873	0.030970655722618676	-0.034726177436782496	0.059431457642172	-0.05983195986070805	0.06466582946652843
-0.06061182653717064	0.07557491582253395	-0.15102779354260618	0.2100285537190019	-0.2680893902549542	0.08700618727697543	-0.09254944802968568	0.14805756764652517	-0.6987336834552613	1.000000000000001	-0.07021085479274254	0.08557600760371219	-0.14562645735904253	0.29765569853486606	-0.4323585141809417	0.06406141349816764	-0.08206518859640383	0.11229383313830023	-0.25334084502752097	0.217113017122068	-0.08425231628367401	0.09290337782130066	-0.10570993680452362	0.15307907855816485	-0.17986422703102414	0.030124933155589055	-0.03494897985987761	0.07327340875636634	-0.11379887293097268	0.1007092604414549	-0.03509740409271078	0.039197492316388194	-0.06911540852700769	0.07023715482909504	-0.07831285323275552
0.16505038253758592	-0.18543078192150453	0.1654047670808171	-0.03917416603758266	0.037135918141315824	-0.3510684885224622	0.20338961866616967	-0.15089367328103886	0.06817449767591954	-0.07021085479274254	0.9999999999999993	-0.25645411083922487	0.16547648082091224	-0.08776967495127588	0.06745405022935994	-0.7545762796820172	0.2519915798153507	-0.1439912364823521	0.07480040382991573	-0.055620439341454754	0.2628574322337138	-0.2196739191866584	0.16795895908366335	-0.05379541198355162	0.054671287316092894	-0.03503979541623389	0.038669932963615906	-0.06430796023776886	0.047023514589430854	-0.040729178481426084	0.03944763072456328	-0.04071822936200613	0.05717972126823716	-0.036349553407522106	0.03892448814189086
-0.17696629722448687	0.20988585986777777	-0.22831486866803827	0.047552297928953206	-0.045474109439887694	0.24623227974133768	-0.5830196916101362	0.21727567358880967	-0.08781876785032788	0.08557600760371219	-0.25645411083922487	1.0000000000000009	-0.28311790243164636	0.10945293885578951	-0.08284120701883668	0.21864062058822023	-0.5624658034894024	0.1978494948086287	-0.0938716966671861	0.0673574492094793	-0.2016890466136873	0.2541849277642714	-0.2348043497319844	0.06484369141795483	-0.06593598927564386	0.03577875649111558	-0.04163838866464498	0.07079031755880871	-0.05498809221260321	0.04737884894644656	-0.040706018529925996	0.042690751422060566	-0.06389827973849008	0.04125630654702779	-0.044502605842418316
0.13483731291575204	-0.17832501384161895	0.2458735516201157	-0.07395463729080501	0.06893527037061618	-0.21731633340836032	0.21588921400577063	-0.371177727664604	0.14685050362997112	-0.14562645735904253	0.16547648082091224	-0.28311790243164636	0.9999999999999978	-0.23985202214823714	0.1355467812162872	-0.16595800617374237	0.22832505253246013	-0.6525770930703473	0.16895619594843359	-0.1169650866027355	0.18514331716804494	-0.2953116469351248	0.28963124790392547	-0.11211136040467909	0.10656537817874724	-0.045731237355788705	0.05284911933700165	-0.09857420325650486	0.08400015135129728	-0.07418655346472157	0.05112552021844918	-0.055756888998715726	0.08387360522656358	-0.060723644353076214	0.0644382793149383
-0.0717087188307191	0.08949410374782842	-0.16067026394449385	0.13809310838634992	-0.1400218334895017	0.10592075224547552	-0.10958041007417006	0.16087726689335105	-0.5154285169985026	0.29765569853486606	-0.08776967495127588	0.10945293885578951	-0.23985202214823714	0.999999999999996	-0.405099398778999	0.08125879149303554	-0.10649359656448193	0.1677844962169023	-0.5211215917454054	0.26107618593445875	-0.10644744866887848	0.12406985144989933	-0.14619311280470657	0.22789312529403963	-0.24825596575276346	0.03959227477467313	-0.04624685425539911	0.09770609055566802	-0.16131950201486067	0.13762197096206172	-0.04608066321671846	0.05173713518586729	-0.09221883354237309	0.09550013465867974	-0.10662108165266221
0.05446400739558641	-0.06884445863205116	0.11089554057342246	-0.12752053443173078	0.11945367150979205	-0.08376289188887068	0.08023976832839502	-0.1149113319677186	0.24923237540664187	-0.4323585141809417	0.06745405022935994	-0.08284120701883668	0.1355467812162872	-0.405099398778999	1.0000000000000013	-0.0634117424457765	0.07925819179810212	-0.11900999658812145	0.2803765348792445	-0.6610319658908317	0.08394288989540823	-0.09696929041343605	0.10479879248472011	-0.23189976876699678	0.24118761151250945	-0.03529282863549579	0.040776033033774486	-0.09067953790989247	0.14173881428716587	-0.14634054494757293	0.04014388758327371	-0.046678500892599624	0.08087687546597913	-0.09329432350974157	0.09721790666443289
-0.13436731958855683	0.1433155239991012	-0.15447977499744395	0.03574415591642378	-0.03414599395642742	0.21795453475132204	-0.18889407700432947	0.13456970859861533	-0.06298442521570959	0.06406141349816764	-0.7545762796820172	0.21864062058822023	-0.16595800617374237	0.08125879149303554	-0.0634117424457765	0.9999999999999978	-0.3737176759430465	0.14072077161730664	-0.0711660149444991	0.051993730201825836	-0.37443511320194517	0.21651860989997515	-0.1769289385597001	0.05062674949531094	-0.051664856821127925	0.033363035366630725	-0.037142807589215544	0.06073902648694825	-0.04445535917195117	0.038280742946714456	-0.03753750871142096	0.038413754710292	-0.05463316092732739	0.03423495893631392	-0.03681113801291055
0.1433402960496573	-0.18454493486756365	0.1807566859483961	-0.04450958103790074	0.042132371426374216	-0.24127234766047836	0.25558264382174023	-0.18347221295113986	0.08059608432424532	-0.08206518859640383	0.2519915798153507	-0.5624658034894024	0.22832505253246013	-0.10649359656448193	0.07925819179810212	-0.3737176759430465	0.9999999999999962	-0.24894596743786074	0.09293307732142983	-0.06682373742581663	0.22245112979738146	-0.5224331278387312	0.25888206880909137	-0.06559205497387795	0.0650316951236189	-0.04087294849048836	0.048367281473186204	-0.07705937823120325	0.05545367764143198	-0.047959297764270555	0.044564998194928956	-0.048244779196683005	0.06733026148989936	-0.04241859644326487	0.045302319055160446
-0.10354771515777236	0.1296216993128118	-0.1993023460395889	0.05730851288416508	-0.05460336231618891	0.15812298541162484	-0.16907809018771539	0.2016774491189432	-0.11299787173543889	0.11229383313830023	-0.1439912364823521	0.1978494948086287	-0.6525770930703473	0.1677844962169023	-0.11900999658812145	0.14072077161730664	-0.24894596743786074	0.9999999999999922	-0.1872063296032441	0.10607017134011616	-0.16302344598028193	0.26766589554732434	-0.5649364585178273	0.10746487771850065	-0.10078567978405503	0.041701245340647945	-0.05011541206645163	0.09611638203798861	-0.08002069626200772	0.06902877583428958	-0.04741287494114575	0.05141511537470611	-0.08329892642792983	0.05701922950160946	-0.0609815515598601
0.058710633254517766	-0.07410010157128236	0.1158370822827196	-0.10360538376069517	0.0949609980953756	-0.09071404523272637	0.08760500034698389	-0.11980830023144817	0.21533082952340687	-0.25334084502752097	0.07480040382991573	-0.0938716966671861	0.16895619594843359	-0.5211215917454054	0.2803765348792445	-0.0711660149444991	0.09293307732142983	-0.1872063296032441	0.9999999999999903	-0.4399373117120949	0.09216585144045387	-0.11521665523926347	0.13454550936219029	-0.5208099468491849	0.29006381654677504	-0.040606714206361215	0.04756044461823023	-0.10821278323718957	0.1905452565518646	-0.17918909351820805	0.04613819885073557	-0.05413694457805518	0.09586567209169686	-0.11609021606878628	0.11834568968912659
-0.04394948262784699	0.05499188738334661	-0.09048893283708336	0.0844457501454496	-0.08381281385300048	0.06671232111816966	-0.06526761950470863	0.08964166655993626	-0.1847014719875138	0.217113017122068	-0.055620439341454754	0.0673574492094793	-0.1169650866027355	0.26107618593445875	-0.6610319658908317	0.051993730201825836	-0.06682373742581663	0.10607017134011616	-0.4399373117120949	0.9999999999999909	-0.06944022862106834	0.08091432117820702	-0.09484545185043307	0.26619415477310887	-0.44862965954176354	0.03319049808195867	-0.03911175136756539	0.08868203138417004	-0.17312020295773106	0.1682168504517765	-0.03817335890267477	0.04473565491347262	-0.08253867863896926	0.1009771965814998	-0.11306918946041386
0.12820554820843078	-0.15393609120266796	0.16936927642378521	-0.046697013789874064	0.044326610923178154	-0.21950384855606744	0.17286666068789056	-0.15149337536531304	0.07985208626699776	-0.08425231628367401	0.2628574322337138	-0.2016890466136873	0.18514331716804494	-0.10644744866887848	0.08394288989540823	-0.37443511320194517	0.22245112979738146	-0.16302344598028193	0.09216585144045387	-0.06944022862106834	0.9999999999999898	-0.3103304763147742	0.20654885485654345	-0.06828304339187312	0.0698134223352946	-0.05816592158881581	0.058842098473111816	-0.0928742877866992	0.06256860054314275	-0.054048532001232316	0.06344705779687389	-0.0625448984576723	0.08199445790703697	-0.04997216904988804	0.05331913850443796
-0.12514675375723305	0.15000318802772572	-0.19449696805163733	0.050108915153341205	-0.048060239003107415	0.19065913591536834	-0.21404339916421605	0.1770860676201143	-0.09196553953239123	0.09290337782130066	-0.2196739191866584	0.2541849277642714	-0.2953116469351248	0.12406985144989933	-0.09696929041343605	0.21651860989997515	-0.5224331278387312	0.26766589554732434	-0.11521665523926347	0.08091432117820702	-0.3103304763147742	0.9999999999999908	-0.5953513183031888	0.08216254710313318	-0.08251082157107986	0.059614567229278916	-0.07729592856172238	0.11093795843859112	-0.07315686237230569	0.06200981409767813	-0.06468215762627905	0.0703996310100092	-0.09889283111601109	0.05697063012094165	-0.06121872894895052
0.11706812089218167	-0.15053606404493444	0.17640214908538643	-0.054689538912108496	0.051342583841439214	-0.19446132168202057	0.17863020254649783	-0.18903286441650938	0.10022240093845794	-0.10570993680452362	0.16795895908366335	-0.2348043497319844	0.28963124790392547	-0.14619311280470657	0.10479879248472011	-0.1769289385597001	0.25888206880909137	-0.5649364585178273	0.13454550936219029	-0.09484545185043307	0.20654885485654345	-0.5953513183031888	0.9999999999999908	-0.10109741320778941	0.09298435196898713	-0.059333077772981684	0.07270002353844311	-0.14919694485339305	0.08330098658350893	-0.07165163767968265	0.0651907467375145	-0.07237247886211848	0.11174800154035314	-0.06529203194840798	0.06851986961145351
-0.041290779897633044	0.05161774071135342	-0.08108881348104167	0.0655875076266466	-0.06288116782859847	0.06339735143208966	-0.0612114031080666	0.08020312719654996	-0.1383949342348247	0.15307907855816485	-0.05379541198355162	0.06484369141795483	-0.11211136040467909	0.22789312529403963	-0.23189976876699678	0.05062674949531094	-0.06559205497387795	0.10746487771850065	-0.5208099468491849	0.26619415477310887	-0.06828304339187312	0.08216254710313318	-0.10109741320778941	0.9999999999999905	-0.628990998936539	0.04151766913599226	-0.050185169242616325	0.12007534974739872	-0.38083043978487363	0.2565202854804452	-0.04776640040156368	0.05749485812935802	-0.1126095409602524	0.15508619879406965	-0.16865054968964366
0.04230019126580839	-0.05320009353722934	0.08135194405528967	-0.0730534704030309	0.06772964276153527	-0.06577225375187819	0.06200429700355248	-0.08207677083631947	0.14081206944162442	-0.17986422703102414	0.054671287316092894	-0.06593598927564386	0.10656537817874724	-0.24825596575276346	0.24118761151250945	-0.051664856821127925	0.0650316951236189	-0.10078567978405503	0.29006381654677504	-0.44862965954176354	0.0698134223352946	-0.08251082157107986	0.09298435196898713	-0.628990998936539	0.9999999999999898	-0.043067463773141614	0.0511177917845224	-0.12523143645369425	0.2702168984783843	-0.40478681416204987	0.04858009648271859	-0.059829459782986184	0.11144983500088575	-0.1671208172057465	0.1739312580530814
-0.0220903390518522	0.02690848879823514	-0.03575711297322746	0.015056120631079256	-0.014300756659330015	0.03495203329526348	-0.03208216046809233	0.032663899736059133	-0.026884453006713657	0.030124933155589055	-0.03503979541623389	0.03577875649111558	-0.045731237355788705	0.03959227477467313	-0.03529282863549579	0.033363035366630725	-0.04087294849048836	0.041701245340647945	-0.040606714206361215	0.03319049808195867	-0.05816592158881581	0.059614567229278916	-0.059333077772981684	0.04151766913599226	-0.043067463773141614	0.999999999999988	-0.5951919866611324	0.19535601001609296	-0.06604813638662324	0.053035510914221304	-0.7137106054047786	0.3175999732045516	-0.18857803432305317	0.07083526534848313	-0.07195817654498966
0.02491482288321061	-0.03055441998885081	0.04026968931465168	-0.017289771212104326	0.016376509491396754	-0.03955753391133741	0.03662272504504748	-0.037424712911542424	0.03104577507166274	-0.03494897985987761	0.038669932963615906	-0.04163838866464498	0.05284911933700165	-0.04624685425539911	0.040776033033774486	-0.037142807589215544	0.048367281473186204	-0.05011541206645163	0.04756044461823023	-0.03911175136756539	0.058842098473111816	-0.07729592856172238	0.07270002353844311	-0.050185169242616325	0.0511177917845224	-0.5951919866611324	0.9999999999999889	-0.33899001391729844	0.08168998309461264	-0.06584424330523628	0.3280968868352083	-0.6338857562897804	0.23471776113694934	-0.08832696141264965	0.08577448025573639
-0.043439299418147524	0.053503943088949464	-0.07310651173078134	0.03538366976283942	-0.033657555493759664	0.06854250666947195	-0.0633365790227545	0.06869386001213017	-0.06483186583081335	0.07327340875636634	-0.06430796023776886	0.07079031755880871	-0.09857420325650486	0.09770609055566802	-0.09067953790989247	0.06073902648694825	-0.07705937823120325	0.09611638203798861	-0.10821278323718957	0.08868203138417004	-0.0928742877866992	0.11093795843859112	-0.14919694485339305	0.12007534974739872	-0.12523143645369425	0.19535601001609296	-0.33899001391729844	0.9999999999999873	-0.24210929252885072	0.1663537656698395	-0.24767809869688603	0.26665436880921217	-0.7541588402216516	0.22523557612168416	-0.23842792467031848
0.03497212580970688	-0.043749716633079215	0.06423593456587733	-0.04937433225633613	0.04595645225725462	-0.05482425557941346	0.05089749441183845	-0.06345428185002024	0.09353602615142313	-0.11379887293097268	0.047023514589430854	-0.05498809221260321	0.08400015135129728	-0.16131950201486067	0.14173881428716587	-0.04445535917195117	0.05545367764143198	-0.08002069626200772	0.1905452565518646	-0.17312020295773106	0.06256860054314275	-0.07315686237230569	0.08330098658350893	-0.38083043978487363	0.2702168984783843	-0.06604813638662324	0.08168998309461264	-0.24210929252885072	0.999999999999989	-0.6781054148771777	0.07328905907648037	-0.09617198550321164	0.1915787051020086	-0.40815591978656496	0.2919763243355261
-0.03037619107278668	0.03787576684906352	-0.05693795032190619	0.04371790318391713	-0.041457254430928805	0.04720887834351374	-0.044327322970997174	0.05562463657762542	-0.08514517020765873	0.1007092604414549	-0.040729178481426084	0.04737884894644656	-0.07418655346472157	0.13762197096206172	-0.14634054494757293	0.038280742946714456	-0.047959297764270555	0.06902877583428958	-0.17918909351820805	0.1682168504517765	-0.054048532001232316	0.06200981409767813	-0.07165163767968265	0.2565202854804452	-0.40478681416204987	0.053035510914221304	-0.06584424330523628	0.1663537656698395	-0.6781054148771777	0.9999999999999883	-0.0610849273292326	0.07708238558684112	-0.16616045333382823	0.2795903618721106	-0.4591644269257178
0.02533170436999573	-0.031048264793146443	0.04051006240148579	-0.017523674428954448	0.0165522673786022	-0.04051368122158896	0.03632865730439164	-0.03738905009436048	0.030970655722618676	-0.03509740409271078	0.03944763072456328	-0.040706018529925996	0.05112552021844918	-0.04608066321671846	0.04014388758327371	-0.03753750871142096	0.044564998194928956	-0.04741287494114575	0.04613819885073557	-0.03817335890267477	0.06344705779687389	-0.06468215762627905	0.0651907467375145	-0.04776640040156368	0.04858009648271859	-0.7137106054047786	0.3280968868352083	-0.24767809869688603	0.07328905907648037	-0.0610849273292326	0.9999999999999893	-0.5625508461872843	0.19966068437621753	-0.08083411554820641	0.07720333668258691
-0.026311288940020838	0.03216914060740344	-0.043173924886613514	0.019320010916554678	-0.01833798777506142	0.04157053650131947	-0.038294207111946574	0.03978998410836365	-0.034726177436782496	0.039197492316388194	-0.04071822936200613	0.042690751422060566	-0.055756888998715726	0.05173713518586729	-0.046678500892599624	0.038413754710292	-0.048244779196683005	0.05141511537470611	-0.05413694457805518	0.04473565491347262	-0.0625448984576723	0.0703996310100092	-0.07237247886211848	0.05749485812935802	-0.059829459782986184	0.3175999732045516	-0.6338857562897804	0.26665436880921217	-0.09617198550321164	0.07708238558684112	-0.5625508461872843	0.9999999999999902	-0.3683453483208174	0.11219291739108621	-0.1116327489335587
0.03925051880566268	-0.04879231205967868	0.06439269029321439	-0.033034645877436375	0.03101195478049909	-0.0630359357442908	0.05651970858047678	-0.06166094713030766	0.059431457642172	-0.06911540852700769	0.05717972126823716	-0.06389827973849008	0.08387360522656358	-0.09221883354237309	0.08087687546597913	-0.05463316092732739	0.06733026148989936	-0.08329892642792983	0.09586567209169686	-0.08253867863896926	0.08199445790703697	-0.09889283111601109	0.11174800154035314	-0.1126095409602524	0.11144983500088575	-0.18857803432305317	0.23471776113694934	-0.7541588402216516	0.1915787051020086	-0.16616045333382823	0.19966068437621753	-0.3683453483208174	0.9999999999999905	-0.33813987362234477	0.21659229803408625
-0.02620698489254416	0.03257897902116601	-0.046910069195850085	0.03161732322984778	-0.02989376852415635	0.04114883847765198	-0.03798057771367584	0.045268241348504976	-0.05983195986070805	0.07023715482909504	-0.036349553407522106	0.04125630654702779	-0.060723644353076214	0.09550013465867974	-0.09329432350974157	0.03423495893631392	-0.04241859644326487	0.05701922950160946	-0.11609021606878628	0.1009771965814998	-0.04997216904988804	0.05697063012094165	-0.06529203194840798	0.15508619879406965	-0.1671208172057465	0.07083526534848313	-0.08832696141264965	0.22523557612168416	-0.40815591978656496	0.2795903618721106	-0.08083411554820641	0.11219291739108621	-0.33813987362234477	0.9999999999999905	-0.7645747060314256
0.028238803944899193	-0.03523671216380312	0.050075833569734614	-0.03487726903156591	0.03255741981504402	-0.04462705323508283	0.040788428021482345	-0.048840888021577586	0.06466582946652843	-0.07831285323275552	0.03892448814189086	-0.044502605842418316	0.0644382793149383	-0.10662108165266221	0.09721790666443289	-0.03681113801291055	0.045302319055160446	-0.0609815515598601	0.11834568968912659	-0.11306918946041386	0.05331913850443796	-0.06121872894895052	0.06851986961145351	-0.16865054968964366	0.1739312580530814	-0.07195817654498966	0.08577448025573639	-0.23842792467031848	0.2919763243355261	-0.4591644269257178	0.07720333668258691	-0.1116327489335587	0.21659229803408625	-0.7645747060314256	0.9999999999999907
