1.0000000000000002	-0.6517815802394065	0.24888552934775351	-0.21231156417923158	0.18534956016788773	-0.5377782476386085	0.2554573638244695	-0.21044004400386318	0.16700905311275688	-0.19764296350655278	0.2528873505613429	-0.19985382456328438	0.17943397469744524	-0.20877311961535905	0.11405220424634861	-0.1749225677375158	0.1676030610447896	-0.12389935233084416	0.12681539632492844	-0.09174909777667625	0.16752753178470248	-0.14725527908521518	0.13938031883550253	-0.11225526359826193	0.1108718595420624	-0.1049919454730578	0.11584171564974327	-0.08774192056687402	0.08378391049225054	-0.08736260075852355	0.09357868152776024	-0.09054557569672055	0.08597091259468172	-0.07478756248497118	0.07283122572801425	-0.13640033360113854	0.08276722718087721	-0.09151582194891304	0.0802139813432512	-0.07255969290474175	0.09044103156368816	-0.0630624723295083	0.08968415262452831	-0.07085777128984651	0.06044615505238816
-0.6517815802394065	1.0000000000000007	-0.486039576498976	0.23662967055651812	-0.22617246651611808	0.27171698844485936	-0.32944150187653115	0.22991004512426833	-0.18710868458552304	0.1971707331300127	-0.24557915785429862	0.19950764098476056	-0.1999208180086466	0.20147783371460412	-0.11611536213386021	0.15672493979835048	-0.173571804356698	0.12592003428971113	-0.1321193087823662	0.09110213732940982	-0.17133722546726404	0.14349436512247066	-0.14282290742789197	0.11191088676233821	-0.11231211561683625	0.10100241626829357	-0.11516194046786965	0.08569540774095043	-0.0832869385191295	0.08579522115855903	-0.09164642386321656	0.0876161161024494	-0.08472260696474546	0.0732380943970227	-0.0716687662325851	0.12730620711599527	-0.08059437319386531	0.08818115633356798	-0.07835443877343562	0.0702089745952891	-0.08751836342841053	0.061000127291325146	-0.08711433154741996	0.06854174218875131	-0.05892832729417778
0.24888552934775351	-0.486039576498976	1.0000000000000004	-0.586179863279805	0.2790443101984754	-0.20398411045767925	0.24520979133631804	-0.384013199042456	0.2616451173253105	-0.27994720885781477	0.18254932663896684	-0.19596065960109108	0.22196683877777615	-0.26653553225412463	0.13421530320547995	-0.1395999469033753	0.15895691954613633	-0.1420027893329581	0.14553976475427732	-0.10538921943162033	0.1558610747563849	-0.14248498123622477	0.15073319823187667	-0.12298263642546005	0.12436003673510278	-0.1033141471701573	0.11748508935207214	-0.09023329067421393	0.09096785605498899	-0.09478520919819201	0.09501130822962449	-0.09252609758326891	0.0893446476729417	-0.07991686830498487	0.07833790053725512	-0.14074677113352627	0.08620732685934056	-0.0952587280956408	0.08511039237003673	-0.07703071347154855	0.09529037653322929	-0.06612651474798249	0.09473614618866041	-0.07487323930186195	0.06437513184121678
-0.21231156417923158	0.23662967055651812	-0.586179863279805	1.0000000000000004	-0.5488463759703872	0.16329886051675813	-0.2194917460778671	0.2569482684807104	-0.40184388820415334	0.2954735894296669	-0.1710235856956736	0.16983077272704927	-0.20982963630870205	0.2512279563474472	-0.13792156597086147	0.12710219846116436	-0.15092835654143824	0.13216460895473783	-0.1439735436602032	0.10348149716599374	-0.15094750871728158	0.132852602445435	-0.14774903881576668	0.11870582838029473	-0.12452906028499049	0.09729110556994224	-0.11294165397357221	0.08589768071190963	-0.08873386835011751	0.09150404849617047	-0.0908732332342536	0.08780043309532166	-0.08598600724080206	0.07693181973618006	-0.07596740236660433	0.1305792583800799	-0.08260176406380072	0.0904553270254048	-0.08200319059827682	0.07356712103869548	-0.09137801640761181	0.06324549451365964	-0.09110383100026705	0.07152939675730952	-0.062000630523546686
0.18534956016788773	-0.22617246651611808	0.2790443101984754	-0.5488463759703872	0.9999999999999998	-0.17103889138663417	0.21319176860408312	-0.256553728103655	0.30315658039587834	-0.5626251017792447	0.17594026432578647	-0.18492085950279452	0.2139747345682642	-0.3344769759886943	0.17018712482337373	-0.1418962563271221	0.1664598221745446	-0.15518490020651626	0.16716760786777618	-0.13306086708925433	0.17081228489514572	-0.15626115508026026	0.1751494539161759	-0.14648916062148412	0.15352557219434032	-0.12075582579271261	0.1378995685440593	-0.10729046343451092	0.11145032208820241	-0.1168757364414972	0.11413005130702548	-0.11157703581112634	0.1077146436790492	-0.09830571082370887	0.09697857392754976	-0.1789666818078059	0.10623409670206023	-0.11737403845279461	0.10569423148132882	-0.09590744977100224	0.12067837224341027	-0.08285043568089506	0.11951294585541519	-0.09334848680247047	0.08036352323838802
-0.5377782476386085	0.27171698844485936	-0.20398411045767925	0.16329886051675813	-0.17103889138663417	0.9999999999999992	-0.3940343703674173	0.20400316043392072	-0.15510769432380503	0.1715227751390703	-0.5812003798629917	0.23341615427026075	-0.1965180315370418	0.18872500968524966	-0.11060664762446218	0.22857526174238477	-0.21483519217419217	0.12696013530979267	-0.13023303533829042	0.08881527830655764	-0.21914269119404495	0.1666815632016064	-0.14772909890726255	0.11371440897096927	-0.11062524692006324	0.1129829407831965	-0.1257146204556418	0.0914374402601676	-0.08419073867997931	0.08676435463930096	-0.09919576960582258	0.09355836665903755	-0.08929052059059438	0.07488109647967106	-0.07270728751944075	0.1324654091740415	-0.08412443650893907	0.09194321948171136	-0.08024219853411596	0.07183225473564092	-0.08961486811626548	0.06292463222342837	-0.08910791774769336	0.07034055905746842	-0.060053015078460024
0.2554573638244695	-0.32944150187653115	0.24520979133631804	-0.2194917460778671	0.21319176860408312	-0.3940343703674173	0.9999999999999983	-0.46644162947951373	0.22842789116866663	-0.2472375231291752	0.26384788575803214	-0.5256803708197297	0.29872378888338685	-0.2724327843365258	0.1430338297980066	-0.2090075097810399	0.24119570823944558	-0.1764168855470847	0.17044086242898615	-0.11534750454743337	0.2026392878888361	-0.20079511017879695	0.1820574719113164	-0.14484543268349848	0.13909406197198015	-0.12923836034507308	0.14555154978098742	-0.10996510884261651	0.10459719067264794	-0.10875393662462336	0.11427129611417108	-0.11156507658539226	0.1065141911980769	-0.09256566372084916	0.0898148076321861	-0.16260264911694502	0.10096233432468633	-0.11187131329034929	0.09810287002062079	-0.08876780250599403	0.10869884705610186	-0.07627891397497524	0.10820003884269222	-0.08638118548191628	0.07377916669037135
-0.21044004400386318	0.22991004512426833	-0.384013199042456	0.2569482684807104	-0.256553728103655	0.20400316043392072	-0.46644162947951373	0.9999999999999987	-0.44084684463426277	0.2675161483547671	-0.20728661284375993	0.27611519055701383	-0.508659557426071	0.2814875437119648	-0.1502714293506166	0.15775153337101028	-0.19890187315681473	0.1880538302609618	-0.19026158988502143	0.11545086186850405	-0.17760002117653154	0.16518508532058135	-0.1824929661482871	0.1418762888926512	-0.14029540255561973	0.112324788341897	-0.1310546850000087	0.09948348555965701	-0.10117315268313667	0.10379093963633004	-0.10280478893789204	0.09979343726129038	-0.09805737742744461	0.08706940706909805	-0.08526704400335054	0.14352567444206937	-0.0922565630993128	0.10147736705872837	-0.09144090935168693	0.08221387219977895	-0.09986381155431341	0.06978826417500827	-0.0998888835577064	0.07964097644106617	-0.0688815513668322
0.16700905311275688	-0.18710868458552304	0.2616451173253105	-0.40184388820415334	0.30315658039587834	-0.15510769432380503	0.22842789116866663	-0.44084684463426277	0.9999999999999992	-0.5706969467607012	0.1624729727232723	-0.18826867764478775	0.24520910632309414	-0.46722347118508717	0.1666399246125871	-0.1278210645566965	0.1551210800687333	-0.15184980796559394	0.1632053242988777	-0.12219603819984905	0.15153043078206105	-0.13900627991674477	0.15918522238846508	-0.13103288727896584	0.1384795758579236	-0.10035862380673281	0.11706202621861844	-0.09009142332501444	0.09575551828847889	-0.09930299863435965	0.09374588575067458	-0.09127807339208645	0.08992551717003261	-0.0821046579019331	0.08113717294219874	-0.13437825306950413	0.08591852466479163	-0.0945434871744653	0.08635937764131615	-0.07782811481946038	0.09459275769311443	-0.06568286726323971	0.09465281842518386	-0.07519383024204584	0.06539812770883416
-0.19764296350655278	0.1971707331300127	-0.27994720885781477	0.2954735894296669	-0.5626251017792447	0.1715227751390703	-0.2472375231291752	0.2675161483547671	-0.5706969467607012	0.9999999999999977	-0.19544427392122046	0.19503931772671318	-0.25211871303122807	0.2997949002117367	-0.20508235042655748	0.14992629062189985	-0.18410833353413145	0.16484671408765386	-0.1891265074082761	0.1419261700160746	-0.18789813915416628	0.16370899519674476	-0.19427624006215735	0.15531001332895694	-0.1726616374699693	0.1215935375434749	-0.1442110358011562	0.10945868635431913	-0.11777813027411319	0.12024952827379178	-0.11569822088499633	0.11143467574506273	-0.11097854906999093	0.10031870801092616	-0.10015215782598315	0.1612814154075625	-0.10635471331055645	0.11543436215393607	-0.10689093932566014	0.09496147816327523	-0.11810649450914126	0.08145012408440937	-0.11827261404602626	0.09224430395681674	-0.08090332695786166
0.2528873505613429	-0.24557915785429862	0.18254932663896684	-0.1710235856956736	0.17594026432578647	-0.5812003798629917	0.26384788575803214	-0.20728661284375993	0.1624729727232723	-0.19544427392122046	0.9999999999999986	-0.30913170808579654	0.20862498373719518	-0.22444209023545514	0.12832425650581156	-0.5021730338927597	0.26122665842406295	-0.1494919464387734	0.1484578594204823	-0.10566764943910663	0.2653419397723376	-0.22110673782549944	0.17372553894650822	-0.13715009528847513	0.13006242808710014	-0.14752033602749784	0.15436599828367636	-0.11434916016513136	0.10140425946032815	-0.10570692819465859	0.1231566167449094	-0.11800572137943857	0.10963457010507494	-0.09179667399479738	0.08848762322077613	-0.17030784516394884	0.10416377296732998	-0.11523415568877353	0.09856223673825092	-0.08898072732422237	0.11078205228516794	-0.0781146436912597	0.10979235965655065	-0.08724466508698403	0.0737796344781263
-0.19985382456328438	0.19950764098476056	-0.19596065960109108	0.16983077272704927	-0.18492085950279452	0.23341615427026075	-0.5256803708197297	0.27611519055701383	-0.18826867764478775	0.19503931772671318	-0.30913170808579654	0.9999999999999971	-0.5101213446957088	0.23531067218498355	-0.13647757144087824	0.2315305393170418	-0.44653213326615626	0.19319514957586054	-0.1875030216346219	0.11013949487699651	-0.22969994956734707	0.22790955457597248	-0.20207132757683235	0.14774794608358238	-0.13828119762401286	0.1317813901004762	-0.15649753685389706	0.11245337332173055	-0.10429818483181716	0.10658502464237878	-0.11576185728433729	0.11163599231947581	-0.10837346542575642	0.09113573900527008	-0.0881616998931524	0.15300194668157624	-0.09971488300034827	0.10930257769967894	-0.09594223928547088	0.08593792493496231	-0.10459061609968237	0.07393865547749903	-0.1045243975678307	0.08367228811285177	-0.07165920045253031
0.17943397469744524	-0.1999208180086466	0.22196683877777615	-0.20982963630870205	0.2139747345682642	-0.1965180315370418	0.29872378888338685	-0.508659557426071	0.24520910632309414	-0.25211871303122807	0.20862498373719518	-0.5101213446957088	0.9999999999999966	-0.3651677376327698	0.16482525740446785	-0.1812175249270718	0.2335271214347585	-0.3567288397441287	0.24030115793655288	-0.13462217006378513	0.1932198552429779	-0.20478441449871554	0.22099125939637213	-0.17612054287754333	0.1592903519177372	-0.12970616502333496	0.14993006888689067	-0.11692833331450668	0.11754097732888776	-0.12183747699698726	0.11660353821844689	-0.11536462332397436	0.11263080593395758	-0.10147177818469545	0.09812589816819937	-0.16638905473674837	0.10517061454116727	-0.1173761646276766	0.10467617579387818	-0.09532643213006546	0.11276934338950463	-0.07939552573832992	0.11291907050859887	-0.09179009311918909	0.07887753729084088
-0.20877311961535905	0.20147783371460412	-0.26653553225412463	0.2512279563474472	-0.3344769759886943	0.18872500968524966	-0.2724327843365258	0.2814875437119648	-0.46722347118508717	0.2997949002117367	-0.22444209023545514	0.23531067218498355	-0.3651677376327698	1.0	-0.3739628340392098	0.17629352579659613	-0.2234636381220962	0.22857189494237887	-0.29630833019073627	0.21819683139572293	-0.22362355991706834	0.20058185331548933	-0.25605746804429114	0.21311950125670773	-0.2481839466481295	0.14647840592566894	-0.17581456228807513	0.13540652373578818	-0.15586049225659232	0.15964545619845405	-0.13944884051753603	0.13547963099239196	-0.13700006393865688	0.12878306995353878	-0.12918210914721795	0.19141514431555068	-0.12929571718708052	0.14145833430920493	-0.13339022304880227	0.11933258534139761	-0.14152489164030602	0.09838924997071884	-0.14286506555226644	0.11437150485817332	-0.10119568202794123
0.11405220424634861	-0.11611536213386021	0.13421530320547995	-0.13792156597086147	0.17018712482337373	-0.11060664762446218	0.1430338297980066	-0.1502714293506166	0.1666399246125871	-0.20508235042655748	0.12832425650581156	-0.13647757144087824	0.16482525740446785	-0.3739628340392098	0.9999999999999974	-0.11133490775476644	0.1366397523327323	-0.16180198665825932	0.18666778384790864	-0.7412853576147441	0.14394634700037792	-0.1437736409623185	0.1892170091508122	-0.22941261563534082	0.28390654288336975	-0.1126080700576404	0.13087422609705554	-0.11010547096350397	0.15082916951436828	-0.18609187018791948	0.10787625674785611	-0.11022026208809681	0.11001270209327886	-0.12502808879871363	0.12379603911420528	-0.16931727535295382	0.10603547519468785	-0.12338617694180577	0.11798810419479697	-0.11558645279170127	0.1157093631927524	-0.0819185717606142	0.1181237878944596	-0.10482118653030026	0.09174918811328117
-0.1749225677375158	0.15672493979835048	-0.1395999469033753	0.12710219846116436	-0.1418962563271221	0.22857526174238477	-0.2090075097810399	0.15775153337101028	-0.1278210645566965	0.14992629062189985	-0.5021730338927597	0.2315305393170418	-0.1812175249270718	0.17629352579659613	-0.11133490775476644	0.9999999999999966	-0.4869748849215056	0.13569353785365537	-0.13587347600294625	0.0924442829160898	-0.5789189515984223	0.2684115747936117	-0.1783406608110597	0.12900575417644422	-0.11875437298578703	0.16443703750385769	-0.1731219174376264	0.11639983456610378	-0.09472284439082998	0.09710468533835181	-0.1335067741949667	0.11909696822658192	-0.1108738658173031	0.08593591888257548	-0.08221886601703268	0.1542883964224462	-0.10163068010067002	0.10967751946950166	-0.09247501627730156	0.08199920773232666	-0.10303049051960643	0.07356929083340377	-0.1023678773100823	0.08094804552071458	-0.0683129687964519
0.1676030610447896	-0.173571804356698	0.15895691954613633	-0.15092835654143824	0.1664598221745446	-0.21483519217419217	0.24119570823944558	-0.19890187315681473	0.1551210800687333	-0.18410833353413145	0.26122665842406295	-0.44653213326615626	0.2335271214347585	-0.2234636381220962	0.1366397523327323	-0.4869748849215056	0.9999999999999959	-0.18499558362500823	0.17121410027255896	-0.11593604826680713	0.30570052692315797	-0.523204706274815	0.22947070939818523	-0.16838812694167496	0.14681910204500936	-0.18141477268414222	0.21039732605726255	-0.14755632407818062	0.11748629176934602	-0.12144305621415752	0.14600266838436937	-0.1446261960520003	0.13402718997290516	-0.10645334038303363	0.10106956321159011	-0.1876018426520239	0.12152018192182637	-0.1344335913053181	0.11260123034233155	-0.10109070385378187	0.12316828557921294	-0.088536405684155	0.1227921835369759	-0.09912632200379033	0.08341008282638585
-0.12389935233084416	0.12592003428971113	-0.1420027893329581	0.13216460895473783	-0.15518490020651626	0.12696013530979267	-0.1764168855470847	0.1880538302609618	-0.15184980796559394	0.16484671408765386	-0.1494919464387734	0.19319514957586054	-0.3567288397441287	0.22857189494237887	-0.16180198665825932	0.13569353785365537	-0.18499558362500823	0.9999999999999953	-0.7150013519129462	0.14495006958733575	-0.1713876908127332	0.19298012558372418	-0.43757557645269884	0.25559029252211324	-0.19246628155482962	0.12018681784880252	-0.14883215864885896	0.12471007737881111	-0.14149978923752052	0.13810199930986522	-0.11067443378032686	0.1117498513482685	-0.1186919575526563	0.11175800089676938	-0.10657288203741633	0.15203454000943165	-0.10239846886403105	0.11552077256059119	-0.10737320882269769	0.09786543019803186	-0.10636622665475264	0.0760121057794746	-0.10825120218623104	0.09221083740549632	-0.08045125179466711
0.12681539632492844	-0.1321193087823662	0.14553976475427732	-0.1439735436602032	0.16716760786777618	-0.13023303533829042	0.17044086242898615	-0.19026158988502143	0.1632053242988777	-0.1891265074082761	0.1484578594204823	-0.1875030216346219	0.24030115793655288	-0.29630833019073627	0.18666778384790864	-0.13587347600294625	0.17121410027255896	-0.7150013519129462	0.999999999999993	-0.1921010606937665	0.1689061798985208	-0.1905567744171686	0.29696494289265707	-0.39115183377632007	0.22177109946220594	-0.1288576827558524	0.15218077742826178	-0.13134344252473396	0.16644703553635895	-0.1704655125300586	0.1192204775431526	-0.12245372966323458	0.12497927388439521	-0.13354613733701434	0.12425524644559857	-0.1762692949937062	0.11355093828676283	-0.1315060745788741	0.12276876992614398	-0.1156072252893672	0.11995789391222048	-0.08575767476681431	0.12225615727870913	-0.10722462546565519	0.09298888006647953
-0.09174909777667625	0.09110213732940982	-0.10538921943162033	0.10348149716599374	-0.13306086708925433	0.08881527830655764	-0.11534750454743337	0.11545086186850405	-0.12219603819984905	0.1419261700160746	-0.10566764943910663	0.11013949487699651	-0.13462217006378513	0.21819683139572293	-0.7412853576147441	0.0924442829160898	-0.11593604826680713	0.14495006958733575	-0.1921010606937665	0.9999999999999932	-0.1224680521072453	0.1226650087823702	-0.1856104400225772	0.2189102233037651	-0.5064934291776219	0.09359415974380697	-0.11214497422497348	0.09457567060629476	-0.14992305061865507	0.1734170491564637	-0.09027061971687524	0.09218030480835161	-0.09574014307984303	0.11305268292621218	-0.11760379745088043	0.1330141810770876	-0.08940576217425496	0.10313943062181938	-0.10402020605710095	0.09893366757234986	-0.09574243883633328	0.06821209904725237	-0.0991266955555393	0.0890121898121247	-0.08067863212538734
0.16752753178470248	-0.17133722546726404	0.1558610747563849	-0.15094750871728158	0.17081228489514572	-0.21914269119404495	0.2026392878888361	-0.17760002117653154	0.15153043078206105	-0.18789813915416628	0.2653419397723376	-0.22969994956734707	0.1932198552429779	-0.22362355991706834	0.14394634700037792	-0.5789189515984223	0.30570052692315797	-0.1713876908127332	0.1689061798985208	-0.1224680521072453	0.9999999999999932	-0.457509909410563	0.2299466444095895	-0.17580470510307195	0.1565284597867819	-0.3116212903074445	0.24411891830210924	-0.17083146437189392	0.12942261584090547	-0.13450689452892514	0.20024451377540092	-0.18035745695790104	0.15759156264309382	-0.12079235604998403	0.11431550712145523	-0.23267641070474826	0.14680734357803116	-0.1606931814651002	0.13080145149228498	-0.11674921921826174	0.147148304421113	-0.10612607691382263	0.14552708194052916	-0.11584805454082538	0.09639328577907799
-0.14725527908521518	0.14349436512247066	-0.14248498123622477	0.132852602445435	-0.15626115508026026	0.1666815632016064	-0.20079511017879695	0.16518508532058135	-0.13900627991674477	0.16370899519674476	-0.22110673782549944	0.22790955457597248	-0.20478441449871554	0.20058185331548933	-0.1437736409623185	0.2684115747936117	-0.523204706274815	0.19298012558372418	-0.1905567744171686	0.1226650087823702	-0.457509909410563	0.9999999999999961	-0.4095145058428923	0.19940000848599038	-0.16925604754953588	0.22107058587158088	-0.39992567440674764	0.19311703722820425	-0.13769886073712428	0.1364477278455695	-0.18254392178015869	0.17663348861842124	-0.1753001928017749	0.1223196203079609	-0.11534784163536638	0.1983845343499954	-0.14509429898258402	0.15377181768832185	-0.12882534982560143	0.1123013578503719	-0.1375591491809038	0.10032808463683512	-0.13799352374087884	0.11073049979076029	-0.09359309904458957
0.13938031883550253	-0.14282290742789197	0.15073319823187667	-0.14774903881576668	0.1751494539161759	-0.14772909890726255	0.1820574719113164	-0.1824929661482871	0.15918522238846508	-0.19427624006215735	0.17372553894650822	-0.20207132757683235	0.22099125939637213	-0.25605746804429114	0.1892170091508122	-0.1783406608110597	0.22947070939818523	-0.43757557645269884	0.29696494289265707	-0.1856104400225772	0.2299466444095895	-0.4095145058428923	0.9999999999999941	-0.4989616899896894	0.24925628943043282	-0.18200641191695688	0.2264062782865728	-0.22976196796512538	0.2017969034865759	-0.2048846515075803	0.16112477659565946	-0.17076090746420317	0.1835866799500338	-0.16776678196909772	0.15225697574443894	-0.22392552915824812	0.149459649495186	-0.17333558549919428	0.15450926193625755	-0.14371437577245844	0.15076825886613576	-0.10964311669820426	0.15368254308276075	-0.134720316759881	0.1152490383916503
-0.11225526359826193	0.11191088676233821	-0.12298263642546005	0.11870582838029473	-0.14648916062148412	0.11371440897096927	-0.14484543268349848	0.1418762888926512	-0.13103288727896584	0.15531001332895694	-0.13715009528847513	0.14774794608358238	-0.17612054287754333	0.21311950125670773	-0.22941261563534082	0.12900575417644422	-0.16838812694167496	0.25559029252211324	-0.39115183377632007	0.2189102233037651	-0.17580470510307195	0.19940000848599038	-0.4989616899896894	0.9999999999999906	-0.5132517351354663	0.13481297953444318	-0.16960451576768368	0.15063791719367794	-0.3654749910138725	0.2560728009326755	-0.12818595285323262	0.1335958167935304	-0.14932790595370196	0.19230939169797098	-0.18083008162908695	0.17753621152714977	-0.12725101689296547	0.14864253776407135	-0.15745327768290035	0.1427014854961904	-0.1295111609027519	0.09432935764188219	-0.13611118537844477	0.12821099499380387	-0.1165810875322135
0.1108718595420624	-0.11231211561683625	0.12436003673510278	-0.12452906028499049	0.15352557219434032	-0.11062524692006324	0.13909406197198015	-0.14029540255561973	0.1384795758579236	-0.1726616374699693	0.13006242808710014	-0.13828119762401286	0.1592903519177372	-0.2481839466481295	0.28390654288336975	-0.11875437298578703	0.14681910204500936	-0.19246628155482962	0.22177109946220594	-0.5064934291776219	0.1565284597867819	-0.16925604754953588	0.24925628943043282	-0.5132517351354663	0.9999999999999888	-0.12958562974391313	0.15248163484502564	-0.13622969540327426	0.2472551046730813	-0.38325826609924263	0.12414505191574929	-0.13070672680729054	0.13517773559610272	-0.1865452936926132	0.1869467242755335	-0.19089244174325504	0.12617587557056137	-0.15147335186339933	0.15407735012754478	-0.15676467929211807	0.13287379697345675	-0.09634471805879921	0.13901992705162047	-0.134608681893082	0.12085481270355106
-0.1049919454730578	0.10100241626829357	-0.1033141471701573	0.09729110556994224	-0.12075582579271261	0.1129829407831965	-0.12923836034507308	0.112324788341897	-0.10035862380673281	0.1215935375434749	-0.14752033602749784	0.1317813901004762	-0.12970616502333496	0.14647840592566894	-0.1126080700576404	0.16443703750385769	-0.18141477268414222	0.12018681784880252	-0.1288576827558524	0.09359415974380697	-0.3116212903074445	0.22107058587158088	-0.18200641191695688	0.13481297953444318	-0.12958562974391313	0.9999999999999926	-0.4821169688044854	0.21317408491373557	-0.12046184705529218	0.11942576970660126	-0.6723321260434925	0.2711947988822951	-0.222198452361328	0.12073364253974539	-0.1129757378187988	0.23919553647384242	-0.2042746828704015	0.18371909936278227	-0.14199903031101965	0.11465943357550487	-0.17269872563220048	0.12662666322668842	-0.1681166516979891	0.12021382833182187	-0.09891461664784215
0.11584171564974327	-0.11516194046786965	0.11748508935207214	-0.11294165397357221	0.1378995685440593	-0.1257146204556418	0.14555154978098742	-0.1310546850000087	0.11706202621861844	-0.1442110358011562	0.15436599828367636	-0.15649753685389706	0.14993006888689067	-0.17581456228807513	0.13087422609705554	-0.1731219174376264	0.21039732605726255	-0.14883215864885896	0.15218077742826178	-0.11214497422497348	0.24411891830210924	-0.39992567440674764	0.2264062782865728	-0.16960451576768368	0.15248163484502564	-0.4821169688044854	0.9999999999999949	-0.46217743059413235	0.14558740636802575	-0.14722674224777924	0.282680216883876	-0.35882435449885475	0.2811457307208568	-0.15007936069892364	0.13460638554515128	-0.2676469225160436	0.21643255063087352	-0.23256742288721577	0.16523631904221964	-0.13997813219369945	0.1771526048459494	-0.13869650900335012	0.17800824480026106	-0.1433890750824077	0.11539974823515413
-0.08774192056687402	0.08569540774095043	-0.09023329067421393	0.08589768071190963	-0.10729046343451092	0.0914374402601676	-0.10996510884261651	0.09948348555965701	-0.09009142332501444	0.10945868635431913	-0.11434916016513136	0.11245337332173055	-0.11692833331450668	0.13540652373578818	-0.11010547096350397	0.11639983456610378	-0.14755632407818062	0.12471007737881111	-0.13134344252473396	0.09457567060629476	-0.17083146437189392	0.19311703722820425	-0.22976196796512538	0.15063791719367794	-0.13622969540327426	0.21317408491373557	-0.46217743059413235	0.9999999999999916	-0.15542118471086794	0.13849880247333676	-0.2125943028799008	0.2496454105795166	-0.7373918028204035	0.16108223569877017	-0.13870862548648233	0.1938214142536062	-0.19555264572531308	0.20272883369735836	-0.1620120200965119	0.12506757037637692	-0.15210319413068663	0.117499333773366	-0.15765257394378426	0.12665538364049064	-0.10670822690363488
0.08378391049225054	-0.0832869385191295	0.09096785605498899	-0.08873386835011751	0.11145032208820241	-0.08419073867997931	0.10459719067264794	-0.10117315268313667	0.09575551828847889	-0.11777813027411319	0.10140425946032815	-0.10429818483181716	0.11754097732888776	-0.15586049225659232	0.15082916951436828	-0.09472284439082998	0.11748629176934602	-0.14149978923752052	0.16644703553635895	-0.14992305061865507	0.12942261584090547	-0.13769886073712428	0.2017969034865759	-0.3654749910138725	0.2472551046730813	-0.12046184705529218	0.14558740636802575	-0.15542118471086794	0.9999999999999948	-0.6172477294171338	0.1191634423195013	-0.1351277707095967	0.15866767014807395	-0.5204452156311512	0.29443728879224723	-0.17329525971136706	0.13477126777422307	-0.17863880076555405	0.21700814171917068	-0.20870157243295068	0.13070284278261274	-0.10032318909318053	0.1457600886499269	-0.17406056674221287	0.1554354850091392
-0.08736260075852355	0.08579522115855903	-0.09478520919819201	0.09150404849617047	-0.1168757364414972	0.08676435463930096	-0.10875393662462336	0.10379093963633004	-0.09930299863435965	0.12024952827379178	-0.10570692819465859	0.10658502464237878	-0.12183747699698726	0.15964545619845405	-0.18609187018791948	0.09710468533835181	-0.12144305621415752	0.13810199930986522	-0.1704655125300586	0.1734170491564637	-0.13450689452892514	0.1364477278455695	-0.2048846515075803	0.2560728009326755	-0.38325826609924263	0.11942576970660126	-0.14722674224777924	0.13849880247333676	-0.6172477294171338	0.9999999999999882	-0.12105650401866755	0.13178688977012237	-0.1518195845863815	0.30190784397642345	-0.4777072380540613	0.17084678820346036	-0.1378751061357725	0.1682316969450188	-0.22168591320805853	0.21879646430985833	-0.13830746680380218	0.10363025362142766	-0.1556111648811657	0.17080944624899785	-0.18193706232167478
0.09357868152776024	-0.09164642386321656	0.09501130822962449	-0.0908732332342536	0.11413005130702548	-0.09919576960582258	0.11427129611417108	-0.10280478893789204	0.09374588575067458	-0.11569822088499633	0.1231566167449094	-0.11576185728433729	0.11660353821844689	-0.13944884051753603	0.10787625674785611	-0.1335067741949667	0.14600266838436937	-0.11067443378032686	0.1192204775431526	-0.09027061971687524	0.20024451377540092	-0.18254392178015869	0.16112477659565946	-0.12818595285323262	0.12414505191574929	-0.6723321260434925	0.282680216883876	-0.2125943028799008	0.1191634423195013	-0.12105650401866755	0.9999999999999869	-0.47113386625569503	0.2098272141218198	-0.12502825395917425	0.11518798172086435	-0.34752469406161735	0.23152863961794187	-0.2199336055234954	0.15099339374400808	-0.12358757657500466	0.18830038238445973	-0.1454484624318516	0.18003162970636294	-0.13198027812705498	0.1045475069180227
-0.09054557569672055	0.0876161161024494	-0.09252609758326891	0.08780043309532166	-0.11157703581112634	0.09355836665903755	-0.11156507658539226	0.09979343726129038	-0.09127807339208645	0.11143467574506273	-0.11800572137943857	0.11163599231947581	-0.11536462332397436	0.13547963099239196	-0.11022026208809681	0.11909696822658192	-0.1446261960520003	0.1117498513482685	-0.12245372966323458	0.09218030480835161	-0.18035745695790104	0.17663348861842124	-0.17076090746420317	0.1335958167935304	-0.13070672680729054	0.2711947988822951	-0.35882435449885475	0.2496454105795166	-0.1351277707095967	0.13178688977012237	-0.47113386625569503	0.9999999999999887	-0.3777996777117131	0.14710201348648955	-0.13335601914471998	0.25310049475773966	-0.5509986907080502	0.2718054768179022	-0.18889914262000382	0.1372073463568957	-0.22474701864660046	0.1919523323054899	-0.22357737979479986	0.15102395190514165	-0.12034598011772857
0.08597091259468172	-0.08472260696474546	0.0893446476729417	-0.08598600724080206	0.1077146436790492	-0.08929052059059438	0.1065141911980769	-0.09805737742744461	0.08992551717003261	-0.11097854906999093	0.10963457010507494	-0.10837346542575642	0.11263080593395758	-0.13700006393865688	0.11001270209327886	-0.1108738658173031	0.13402718997290516	-0.1186919575526563	0.12497927388439521	-0.09574014307984303	0.15759156264309382	-0.1753001928017749	0.1835866799500338	-0.14932790595370196	0.13517773559610272	-0.222198452361328	0.2811457307208568	-0.7373918028204035	0.15866767014807395	-0.1518195845863815	0.2098272141218198	-0.3777996777117131	0.9999999999999885	-0.2146613736065007	0.1532343306720897	-0.2182682700475232	0.2231168595927797	-0.28476115192742146	0.18395069188367888	-0.1452584924114284	0.16149755191518445	-0.13265273549395384	0.16988926041108598	-0.14693899097743668	0.11888453652235056
-0.07478756248497118	0.0732380943970227	-0.07991686830498487	0.07693181973618006	-0.09830571082370887	0.07488109647967106	-0.09256566372084916	0.08706940706909805	-0.0821046579019331	0.10031870801092616	-0.09179667399479738	0.09113573900527008	-0.10147177818469545	0.12878306995353878	-0.12502808879871363	0.08593591888257548	-0.10645334038303363	0.11175800089676938	-0.13354613733701434	0.11305268292621218	-0.12079235604998403	0.1223196203079609	-0.16776678196909772	0.19230939169797098	-0.1865452936926132	0.12073364253974539	-0.15007936069892364	0.16108223569877017	-0.5204452156311512	0.30190784397642345	-0.12502825395917425	0.14710201348648955	-0.2146613736065007	0.999999999999989	-0.57328042876428	0.17107806473308107	-0.1569569778325925	0.20921129729196014	-0.4088322605622054	0.24855630551694702	-0.1419976759024737	0.11191893443189588	-0.1666106819062589	0.21323933249958485	-0.20799381449054954
0.07283122572801425	-0.0716687662325851	0.07833790053725512	-0.07596740236660433	0.09697857392754976	-0.07270728751944075	0.0898148076321861	-0.08526704400335054	0.08113717294219874	-0.10015215782598315	0.08848762322077613	-0.0881616998931524	0.09812589816819937	-0.12918210914721795	0.12379603911420528	-0.08221886601703268	0.10106956321159011	-0.10657288203741633	0.12425524644559857	-0.11760379745088043	0.11431550712145523	-0.11534784163536638	0.15225697574443894	-0.18083008162908695	0.1869467242755335	-0.1129757378187988	0.13460638554515128	-0.13870862548648233	0.29443728879224723	-0.4777072380540613	0.11518798172086435	-0.13335601914471998	0.1532343306720897	-0.57328042876428	0.9999999999999866	-0.17158502657198169	0.13979060650939634	-0.18945107009065465	0.2512979725968137	-0.47269065605724314	0.13563102805440577	-0.10733779590063156	0.15970676302019338	-0.23147220271730692	0.2319680076789891
-0.13640033360113854	0.12730620711599527	-0.14074677113352627	0.1305792583800799	-0.1789666818078059	0.1324654091740415	-0.16260264911694502	0.14352567444206937	-0.13437825306950413	0.1612814154075625	-0.17030784516394884	0.15300194668157624	-0.16638905473674837	0.19141514431555068	-0.16931727535295382	0.1542883964224462	-0.1876018426520239	0.15203454000943165	-0.1762692949937062	0.1330141810770876	-0.23267641070474826	0.1983845343499954	-0.22392552915824812	0.17753621152714977	-0.19089244174325504	0.23919553647384242	-0.2676469225160436	0.1938214142536062	-0.17329525971136706	0.17084678820346036	-0.34752469406161735	0.25310049475773966	-0.2182682700475232	0.17107806473308107	-0.17158502657198169	0.9999999999999873	-0.2922985581533692	0.25675823271185316	-0.22916767701881713	0.1781919425672746	-0.5394263313581519	0.2760803353889488	-0.4047203692662483	0.20339913516804414	-0.16938728772225797
0.08276722718087721	-0.08059437319386531	0.08620732685934056	-0.08260176406380072	0.10623409670206023	-0.08412443650893907	0.10096233432468633	-0.0922565630993128	0.08591852466479163	-0.10635471331055645	0.10416377296732998	-0.09971488300034827	0.10517061454116727	-0.12929571718708052	0.10603547519468785	-0.10163068010067002	0.12152018192182637	-0.10239846886403105	0.11355093828676283	-0.08940576217425496	0.14680734357803116	-0.14509429898258402	0.149459649495186	-0.12725101689296547	0.12617587557056137	-0.2042746828704015	0.21643255063087352	-0.19555264572531308	0.13477126777422307	-0.1378751061357725	0.23152863961794187	-0.5509986907080502	0.2231168595927797	-0.1569569778325925	0.13979060650939634	-0.2922985581533692	0.9999999999999875	-0.5476100634419773	0.2260506023161661	-0.16290672680897073	0.25211576879374814	-0.3593502427923092	0.26467255717532956	-0.19160933267891653	0.13768814561384185
-0.09151582194891304	0.08818115633356798	-0.0952587280956408	0.0904553270254048	-0.11737403845279461	0.09194321948171136	-0.11187131329034929	0.10147736705872837	-0.0945434871744653	0.11543436215393607	-0.11523415568877353	0.10930257769967894	-0.1173761646276766	0.14145833430920493	-0.12338617694180577	0.10967751946950166	-0.1344335913053181	0.11552077256059119	-0.1315060745788741	0.10313943062181938	-0.1606931814651002	0.15377181768832185	-0.17333558549919428	0.14864253776407135	-0.15147335186339933	0.18371909936278227	-0.23256742288721577	0.20272883369735836	-0.17863880076555405	0.1682316969450188	-0.2199336055234954	0.2718054768179022	-0.28476115192742146	0.20921129729196014	-0.18945107009065465	0.25675823271185316	-0.5476100634419773	0.9999999999999882	-0.4959104983772683	0.19765755306295107	-0.26635488231834165	0.2309062084930109	-0.3343137543872894	0.24173551148411254	-0.1871829354952817
0.0802139813432512	-0.07835443877343562	0.08511039237003673	-0.08200319059827682	0.10569423148132882	-0.08024219853411596	0.09810287002062079	-0.09144090935168693	0.08635937764131615	-0.10689093932566014	0.09856223673825092	-0.09594223928547088	0.10467617579387818	-0.13339022304880227	0.11798810419479697	-0.09247501627730156	0.11260123034233155	-0.10737320882269769	0.12276876992614398	-0.10402020605710095	0.13080145149228498	-0.12882534982560143	0.15450926193625755	-0.15745327768290035	0.15407735012754478	-0.14199903031101965	0.16523631904221964	-0.1620120200965119	0.21700814171917068	-0.22168591320805853	0.15099339374400808	-0.18889914262000382	0.18395069188367888	-0.4088322605622054	0.2512979725968137	-0.22916767701881713	0.2260506023161661	-0.4959104983772683	0.9999999999999881	-0.3267945162820689	0.18640467663820312	-0.16364170640183867	0.236002736389955	-0.515115494362509	0.2608200034114041
-0.07255969290474175	0.0702089745952891	-0.07703071347154855	0.07356712103869548	-0.09590744977100224	0.07183225473564092	-0.08876780250599403	0.08221387219977895	-0.07782811481946038	0.09496147816327523	-0.08898072732422237	0.08593792493496231	-0.09532643213006546	0.11933258534139761	-0.11558645279170127	0.08199920773232666	-0.10109070385378187	0.09786543019803186	-0.1156072252893672	0.09893366757234986	-0.11674921921826174	0.1123013578503719	-0.14371437577245844	0.1427014854961904	-0.15676467929211807	0.11465943357550487	-0.13997813219369945	0.12506757037637692	-0.20870157243295068	0.21879646430985833	-0.12358757657500466	0.1372073463568957	-0.1452584924114284	0.24855630551694702	-0.47269065605724314	0.1781919425672746	-0.16290672680897073	0.19765755306295107	-0.3267945162820689	0.9999999999999885	-0.16686446348707978	0.12994967753352832	-0.21318837288816328	0.2950343322587621	-0.6501097471330071
0.09044103156368816	-0.08751836342841053	0.09529037653322929	-0.09137801640761181	0.12067837224341027	-0.08961486811626548	0.10869884705610186	-0.09986381155431341	0.09459275769311443	-0.11810649450914126	0.11078205228516794	-0.10459061609968237	0.11276934338950463	-0.14152489164030602	0.1157093631927524	-0.10303049051960643	0.12316828557921294	-0.10636622665475264	0.11995789391222048	-0.09574243883633328	0.147148304421113	-0.1375591491809038	0.15076825886613576	-0.1295111609027519	0.13287379697345675	-0.17269872563220048	0.1771526048459494	-0.15210319413068663	0.13070284278261274	-0.13830746680380218	0.18830038238445973	-0.22474701864660046	0.16149755191518445	-0.1419976759024737	0.13563102805440577	-0.5394263313581519	0.25211576879374814	-0.26635488231834165	0.18640467663820312	-0.16686446348707978	0.9999999999999876	-0.6179326728443895	0.31811157126024503	-0.20080464638868473	0.14098575292814894
-0.0630624723295083	0.061000127291325146	-0.06612651474798249	0.06324549451365964	-0.08285043568089506	0.06292463222342837	-0.07627891397497524	0.06978826417500827	-0.06568286726323971	0.08145012408440937	-0.0781146436912597	0.07393865547749903	-0.07939552573832992	0.09838924997071884	-0.0819185717606142	0.07356929083340377	-0.088536405684155	0.0760121057794746	-0.08575767476681431	0.06821209904725237	-0.10612607691382263	0.10032808463683512	-0.10964311669820426	0.09432935764188219	-0.09634471805879921	0.12662666322668842	-0.13869650900335012	0.117499333773366	-0.10032318909318053	0.10363025362142766	-0.1454484624318516	0.1919523323054899	-0.13265273549395384	0.11191893443189588	-0.10733779590063156	0.2760803353889488	-0.3593502427923092	0.2309062084930109	-0.16364170640183867	0.12994967753352832	-0.6179326728443895	0.999999999999988	-0.6024415600033322	0.1745561113876954	-0.12208522684092683
0.08968415262452831	-0.08711433154741996	0.09473614618866041	-0.09110383100026705	0.11951294585541519	-0.08910791774769336	0.10820003884269222	-0.0998888835577064	0.09465281842518386	-0.11827261404602626	0.10979235965655065	-0.1045243975678307	0.11291907050859887	-0.14286506555226644	0.1181237878944596	-0.1023678773100823	0.1227921835369759	-0.10825120218623104	0.12225615727870913	-0.0991266955555393	0.14552708194052916	-0.13799352374087884	0.15368254308276075	-0.13611118537844477	0.13901992705162047	-0.1681166516979891	0.17800824480026106	-0.15765257394378426	0.1457600886499269	-0.1556111648811657	0.18003162970636294	-0.22357737979479986	0.16988926041108598	-0.1666106819062589	0.15970676302019338	-0.4047203692662483	0.26467255717532956	-0.3343137543872894	0.236002736389955	-0.21318837288816328	0.31811157126024503	-0.6024415600033322	0.9999999999999882	-0.34801534779216836	0.1920024058026648
-0.07085777128984651	0.06854174218875131	-0.07487323930186195	0.07152939675730952	-0.09334848680247047	0.07034055905746842	-0.08638118548191628	0.07964097644106617	-0.07519383024204584	0.09224430395681674	-0.08724466508698403	0.08367228811285177	-0.09179009311918909	0.11437150485817332	-0.10482118653030026	0.08094804552071458	-0.09912632200379033	0.09221083740549632	-0.10722462546565519	0.0890121898121247	-0.11584805454082538	0.11073049979076029	-0.134720316759881	0.12821099499380387	-0.134608681893082	0.12021382833182187	-0.1433890750824077	0.12665538364049064	-0.17406056674221287	0.17080944624899785	-0.13198027812705498	0.15102395190514165	-0.14693899097743668	0.21323933249958485	-0.23147220271730692	0.20339913516804414	-0.19160933267891653	0.24173551148411254	-0.515115494362509	0.2950343322587621	-0.20080464638868473	0.1745561113876954	-0.34801534779216836	0.9999999999999885	-0.6024243416169415
