0.9999999999999999	-0.4020965532315593	0.16884222083760653	-0.03867351906719886	0.03646549782834621	-0.7987838656244508	0.28679612581113195	-0.18755771406831737	0.07265486841568809	-0.06154253156015401	0.22670018175360232	-0.21271819887502227	0.0888917682673294	-0.07085646427644772	0.05806156456667793	-0.12029709789602692	0.13263410979204326	-0.10430902795772301	0.046371827239899716	-0.041593137589098536	0.09946241166221947	-0.17232739774369485	0.03752451465553428	-0.036930516515660664	0.033866144600414316	-0.04769914285270328	0.04532384293118196	-0.0416567764759382	0.028542468281197025	-0.025095602908878797
-0.4020965532315593	1.0000000000000007	-0.34878151222668674	0.04766348544542508	-0.04521312675277256	0.27008287139629533	-0.7622534849142911	0.23526758805008433	-0.07738524379787541	0.06231216600128531	-0.1912437079579403	0.18217620871291604	-0.09276108544035877	0.07257950825527813	-0.05892796249972126	0.09324260561734118	-0.12790174680624924	0.10255753902591976	-0.044637317187207044	0.03985559704475532	-0.08330509950958329	0.12542532460700448	-0.03144176885361448	0.03399015341991089	-0.0316830605969684	0.03730064301431498	-0.036250920859539425	0.03465174221855811	-0.026078285799890903	0.02285544362516865
0.16884222083760653	-0.34878151222668674	1.0000000000000002	-0.12886269656531235	0.10923217069522657	-0.15115087965791746	0.2342664399720161	-0.8079294469506636	0.16214808554609855	-0.13410227760004098	0.16910028952691344	-0.18279406666747436	0.18296382946383427	-0.15464327168728018	0.11810833120942274	-0.10817168577078115	0.14710203078520218	-0.21046581274123094	0.0859468816460732	-0.07797398410056432	0.1044646597288334	-0.1725470231276995	0.052044692921003555	-0.06350797353607363	0.05940012230544757	-0.05056329154819708	0.049750555377219105	-0.05740777657315249	0.04755507217813808	-0.04202368343996027
-0.03867351906719886	0.04766348544542508	-0.12886269656531235	1.0	-0.9468279641671653	0.0328450164449239	-0.046704890807490074	0.10972247734881671	-0.16449368339184342	0.1706964300262458	-0.05426674501014822	0.05382543791540767	-0.07287258914772822	0.10937637260274963	-0.14823956606228633	0.03658474842952115	-0.051943392647524796	0.08139304948762278	-0.06805128226447775	0.06384689107394807	-0.03877050749419947	0.060306472103771915	-0.03035391995286144	0.04534525215713823	-0.04831494529985976	0.019878494980239574	-0.02020530961095887	0.032525263690334524	-0.03644351925356935	0.03101513903647887
0.03646549782834621	-0.04521312675277256	0.10923217069522657	-0.9468279641671653	1.0000000000000004	-0.031379615277087436	0.04380623512829397	-0.11051492582830853	0.1408255973072761	-0.21121210586091774	0.052118582813920136	-0.05287507139163143	0.07087902851036312	-0.10870989459752645	0.13689243089003833	-0.03589163041137055	0.05051088444974943	-0.08230081402319096	0.06402930512908586	-0.06174690991222183	0.03772631367159248	-0.06032429633567349	0.02929494540698503	-0.043627433133966005	0.04556607746491945	-0.019520018386217405	0.019749199848752366	-0.031673167716315606	0.03435834594956098	-0.029637641299744992
-0.7987838656244508	0.27008287139629533	-0.15115087965791746	0.0328450164449239	-0.031379615277087436	1.0	-0.39841171974124	0.15006928739942327	-0.06261772845040456	0.05190987513215778	-0.31717073564477144	0.19489297225249766	-0.07775177553931233	0.06031167746155799	-0.0498543742181245	0.11137360024356903	-0.12616382412327434	0.08889688295999013	-0.039655467535712696	0.03537238816979505	-0.09199704032831592	0.14442295063899432	-0.031842790864600325	0.03138702559857889	-0.028887876882007807	0.04157682627732062	-0.039730883720607346	0.03525752481375258	-0.02432948442942416	0.021329163248390702
0.28679612581113195	-0.7622534849142911	0.2342664399720161	-0.046704890807490074	0.04380623512829397	-0.39841171974124	0.9999999999999999	-0.27461211135782504	0.08410664369635709	-0.06808017446466327	0.20454332879039783	-0.2580031645805367	0.104272328080293	-0.08083465139909335	0.06399830356473424	-0.10698335487500578	0.14255706203396568	-0.11694422385305629	0.04939504648440842	-0.044137238850144804	0.09248340791908435	-0.1448142488151825	0.035438381541495936	-0.037881442906789915	0.0350849172881972	-0.04228055024704766	0.04081666173978791	-0.03914043462725369	0.02895504903784866	-0.02543823964839316
-0.18755771406831737	0.23526758805008433	-0.8079294469506636	0.10972247734881671	-0.11051492582830853	0.15006928739942327	-0.27461211135782504	0.9999999999999999	-0.21313197189249738	0.13625395719593697	-0.19216432547823964	0.17942953591943447	-0.24958132695544855	0.16887127844374497	-0.13316252156091196	0.1106158393446134	-0.16264609673334474	0.2043062302797867	-0.0930889568480537	0.08174762796545268	-0.11043502860514293	0.1579481555993941	-0.052345452250971924	0.06587935089108626	-0.06324973036481253	0.05007348437840192	-0.05010730179366242	0.05691218555200468	-0.05026811655683239	0.043698028876855255
0.07265486841568809	-0.07738524379787541	0.16214808554609855	-0.16449368339184342	0.1408255973072761	-0.06261772845040456	0.08410664369635709	-0.21313197189249738	0.9999999999999998	-0.4321829097691837	0.1211676757799517	-0.13543171086665864	0.24860065763016484	-0.7154169362872543	0.27391490501296867	-0.08895011561459526	0.13017182854154652	-0.2934198041536825	0.17490263400698133	-0.16467024655799165	0.08947280106997513	-0.14179756104811897	0.07517120493299431	-0.12126413657807993	0.1121709323319397	-0.046996405407888665	0.047227034319904465	-0.08295185864939746	0.08308473993802938	-0.07490929606440103
-0.06154253156015401	0.06231216600128531	-0.13410227760004098	0.1706964300262458	-0.21121210586091774	0.05190987513215778	-0.06808017446466327	0.13625395719593697	-0.4321829097691837	0.9999999999999987	-0.1043304252567702	0.10031422373082195	-0.1595449698669001	0.26362588389613106	-0.7445528921140491	0.07221212277774079	-0.10504724667560501	0.1701132377605856	-0.22032031702268812	0.21416882399755408	-0.08019792380272468	0.11998419860770579	-0.0843114379654874	0.13748097823001604	-0.16109104871958874	0.043298870340405436	-0.04482779483855597	0.088257631183214	-0.11527096842894458	0.09598662506647554
0.22670018175360232	-0.1912437079579403	0.16910028952691344	-0.05426674501014822	0.052118582813920136	-0.31717073564477144	0.20454332879039783	-0.19216432547823964	0.1211676757799517	-0.1043304252567702	0.9999999999999996	-0.6179046007741462	0.16141058540418246	-0.12205185008623479	0.10193323592315759	-0.37375495829076616	0.30659532707769566	-0.19232369010891878	0.0866194936881118	-0.07713681566643873	0.24207892739910655	-0.4123838741272955	0.08052676084643877	-0.07187154430973736	0.06499424656274745	-0.11462234470612893	0.10623339852828724	-0.08964779757650614	0.05616535284037413	-0.04931397194084472
-0.21271819887502227	0.18217620871291604	-0.18279406666747436	0.05382543791540767	-0.05287507139163143	0.19489297225249766	-0.2580031645805367	0.17942953591943447	-0.13543171086665864	0.10031422373082195	-0.6179046007741462	1.0000000000000002	-0.22934588533561914	0.13059767978419448	-0.1048245750415723	0.25752552346353474	-0.5499478115711108	0.21049783946529266	-0.08428506131855476	0.07269935063194417	-0.2191636293414238	0.25921403088160316	-0.06228791169801244	0.06385187554233444	-0.05927887963589305	0.08522533857769019	-0.08313630676739642	0.06819863385884242	-0.04931533580665756	0.042863558935196486
0.0888917682673294	-0.09276108544035877	0.18296382946383427	-0.07287258914772822	0.07087902851036312	-0.07775177553931233	0.104272328080293	-0.24958132695544855	0.24860065763016484	-0.1595449698669001	0.16141058540418246	-0.22934588533561914	0.9999999999999984	-0.4138289690989712	0.16715555301339308	-0.11791128597222922	0.19081498561780083	-0.7680983378299581	0.14329872360666765	-0.11902652236807054	0.10599896409545058	-0.15435906884930686	0.06636887259810229	-0.09555212623662271	0.0853553156443775	-0.050445627976193896	0.049891430453917446	-0.07196045495865874	0.06484375361250512	-0.057705770423003316
-0.07085646427644772	0.07257950825527813	-0.15464327168728018	0.10937637260274963	-0.10870989459752645	0.06031167746155799	-0.08083465139909335	0.16887127844374497	-0.7154169362872543	0.26362588389613106	-0.12205185008623479	0.13059767978419448	-0.4138289690989712	0.9999999999999991	-0.33848152827804495	0.08480749512899095	-0.13171100373309702	0.2660293078401381	-0.2286384309871628	0.17062825302741053	-0.08698047382318827	0.1275889025027851	-0.07656813315210644	0.127301031075984	-0.12227718643971815	0.0444207479681466	-0.0451727451944845	0.0814776672441567	-0.08871324522453881	0.077268979033882
0.05806156456667793	-0.05892796249972126	0.11810833120942274	-0.14823956606228633	0.13689243089003833	-0.0498543742181245	0.06399830356473424	-0.13316252156091196	0.27391490501296867	-0.7445528921140491	0.10193323592315759	-0.1048245750415723	0.16715555301339308	-0.33848152827804495	0.9999999999999964	-0.07515376258481327	0.10685499897301583	-0.20264352653026005	0.22435047535856742	-0.3558753171819739	0.08139068931612817	-0.1328881890313826	0.09181979109043774	-0.16058626757426966	0.17304895655950198	-0.04637056749099616	0.0472807102821459	-0.10109123508934578	0.11736710681520365	-0.10952476731764108
-0.12029709789602692	0.09324260561734118	-0.10817168577078115	0.03658474842952115	-0.03589163041137055	0.11137360024356903	-0.10698335487500578	0.1106158393446134	-0.08895011561459526	0.07221212277774079	-0.37375495829076616	0.25752552346353474	-0.11791128597222922	0.08480749512899095	-0.07515376258481327	0.9999999999999973	-0.5392295007977977	0.14158128219329574	-0.06512440959738953	0.05643291050770166	-0.6448111260406687	0.3036465648058099	-0.06379038950399767	0.05382377553354193	-0.049161482664833084	0.1345989273357792	-0.1310473220950769	0.06975844809364375	-0.04294301513797699	0.037017293778246974
0.13263410979204326	-0.12790174680624924	0.14710203078520218	-0.051943392647524796	0.05051088444974943	-0.12616382412327434	0.14255706203396568	-0.16264609673334474	0.13017182854154652	-0.10504724667560501	0.30659532707769566	-0.5499478115711108	0.19081498561780083	-0.13171100373309702	0.10685499897301583	-0.5392295007977977	0.9999999999999979	-0.2821541073448705	0.09333125732891993	-0.08123971915591623	0.27560605514350417	-0.39871060467100355	0.08118158113982839	-0.07503797121464736	0.06758768028030422	-0.12105678576826999	0.11062432818198584	-0.08990497346769774	0.05766589258365729	-0.050543237218808164
-0.10430902795772301	0.10255753902591976	-0.21046581274123094	0.08139304948762278	-0.08230081402319096	0.08889688295999013	-0.11694422385305629	0.2043062302797867	-0.2934198041536825	0.1701132377605856	-0.19232369010891878	0.21049783946529266	-0.7680983378299581	0.2660293078401381	-0.20264352653026005	0.14158128219329574	-0.2821541073448705	0.9999999999999987	-0.18838315587527457	0.13600495712402197	-0.13297180261796357	0.17274942748006453	-0.08030951200707158	0.11126708582104942	-0.10372185885291524	0.059580979712637934	-0.05982038442565843	0.08367832040630269	-0.07914160939797751	0.06835152816304384
0.046371827239899716	-0.044637317187207044	0.0859468816460732	-0.06805128226447775	0.06402930512908586	-0.039655467535712696	0.04939504648440842	-0.0930889568480537	0.17490263400698133	-0.22032031702268812	0.0866194936881118	-0.08428506131855476	0.14329872360666765	-0.2286384309871628	0.22435047535856742	-0.06512440959738953	0.09333125732891993	-0.18838315587527457	0.9999999999999974	-0.6241871906562719	0.07618926598509762	-0.12329543131255115	0.17600425408127146	-0.5525953005194078	0.30436680987485926	-0.05319904133099785	0.05539587639035445	-0.1977312545319964	0.19417074570302226	-0.19117997953557242
-0.041593137589098536	0.03985559704475532	-0.07797398410056432	0.06384689107394807	-0.06174690991222183	0.03537238816979505	-0.044137238850144804	0.08174762796545268	-0.16467024655799165	0.21416882399755408	-0.07713681566643873	0.07269935063194417	-0.11902652236807054	0.17062825302741053	-0.3558753171819739	0.05643291050770166	-0.08123971915591623	0.13600495712402197	-0.6241871906562719	0.9999999999999966	-0.06700213743297387	0.10367936083463175	-0.14490655667960045	0.30179399125258294	-0.5288631617122492	0.044246699204285686	-0.046800952341275695	0.14648837604254028	-0.23181040221374483	0.2000050655419161
0.09946241166221947	-0.08330509950958329	0.1044646597288334	-0.03877050749419947	0.03772631367159248	-0.09199704032831592	0.09248340791908435	-0.11043502860514293	0.08947280106997513	-0.08019792380272468	0.24207892739910655	-0.2191636293414238	0.10599896409545058	-0.08698047382318827	0.08139068931612817	-0.6448111260406687	0.27560605514350417	-0.13297180261796357	0.07618926598509762	-0.06700213743297387	0.9999999999999964	-0.5705956531721137	0.09576944296703949	-0.0694254983540167	0.06169576007571925	-0.2669821863173007	0.1988025977419222	-0.10607195198813409	0.05610548919599356	-0.048536727143913855
-0.17232739774369485	0.12542532460700448	-0.1725470231276995	0.060306472103771915	-0.06032429633567349	0.14442295063899432	-0.1448142488151825	0.1579481555993941	-0.14179756104811897	0.11998419860770579	-0.4123838741272955	0.25921403088160316	-0.15435906884930686	0.1275889025027851	-0.1328881890313826	0.3036465648058099	-0.39871060467100355	0.17274942748006453	-0.12329543131255115	0.10367936083463175	-0.5705956531721137	0.999999999999997	-0.17712607987394577	0.10942264651729568	-0.10134782790089081	0.21127037781883942	-0.2722318590629716	0.15519877082679825	-0.09223624277173648	0.0761281746188745
0.03752451465553428	-0.03144176885361448	0.052044692921003555	-0.03035391995286144	0.02929494540698503	-0.031842790864600325	0.035438381541495936	-0.052345452250971924	0.07517120493299431	-0.0843114379654874	0.08052676084643877	-0.06228791169801244	0.06636887259810229	-0.07656813315210644	0.09181979109043774	-0.06379038950399767	0.08118158113982839	-0.08030951200707158	0.17600425408127146	-0.14490655667960045	0.09576944296703949	-0.17712607987394577	0.999999999999995	-0.3296990418411849	0.18162663029450668	-0.09557902863864076	0.10310262784844315	-0.8678374571824137	0.1784304212809973	-0.15590464114056574
-0.036930516515660664	0.03399015341991089	-0.06350797353607363	0.04534525215713823	-0.043627433133966005	0.03138702559857889	-0.037881442906789915	0.06587935089108626	-0.12126413657807993	0.13748097823001604	-0.07187154430973736	0.06385187554233444	-0.09555212623662271	0.127301031075984	-0.16058626757426966	0.05382377553354193	-0.07503797121464736	0.11126708582104942	-0.5525953005194078	0.30179399125258294	-0.0694254983540167	0.10942264651729568	-0.3296990418411849	0.9999999999999953	-0.5717478047360126	0.05273959738581887	-0.05711436257500613	0.2362509113666308	-0.32662942491144964	0.24293717015095945
0.033866144600414316	-0.0316830605969684	0.05940012230544757	-0.04831494529985976	0.04556607746491945	-0.028887876882007807	0.0350849172881972	-0.06324973036481253	0.1121709323319397	-0.16109104871958874	0.06499424656274745	-0.05927887963589305	0.0853553156443775	-0.12227718643971815	0.17304895655950198	-0.049161482664833084	0.06758768028030422	-0.10372185885291524	0.30436680987485926	-0.5288631617122492	0.06169576007571925	-0.10134782790089081	0.18162663029450668	-0.5717478047360126	0.9999999999999941	-0.04768798245133605	0.05021276150800665	-0.20653175104842703	0.2802303267703693	-0.4313620842557938
-0.04769914285270328	0.03730064301431498	-0.05056329154819708	0.019878494980239574	-0.019520018386217405	0.04157682627732062	-0.04228055024704766	0.05007348437840192	-0.046996405407888665	0.043298870340405436	-0.11462234470612893	0.08522533857769019	-0.050445627976193896	0.0444207479681466	-0.04637056749099616	0.1345989273357792	-0.12105678576826999	0.059580979712637934	-0.05319904133099785	0.044246699204285686	-0.2669821863173007	0.21127037781883942	-0.09557902863864076	0.05273959738581887	-0.04768798245133605	0.9999999999999947	-0.9158664159866705	0.10377634538853395	-0.046442950669348025	0.03732500739552758
0.04532384293118196	-0.036250920859539425	0.049750555377219105	-0.02020530961095887	0.019749199848752366	-0.039730883720607346	0.04081666173978791	-0.05010730179366242	0.047227034319904465	-0.04482779483855597	0.10623339852828724	-0.08313630676739642	0.049891430453917446	-0.0451727451944845	0.0472807102821459	-0.1310473220950769	0.11062432818198584	-0.05982038442565843	0.05539587639035445	-0.046800952341275695	0.1988025977419222	-0.2722318590629716	0.10310262784844315	-0.05711436257500613	0.05021276150800665	-0.9158664159866705	0.9999999999999942	-0.13095125223286724	0.04947488726369059	-0.0406221009108617
-0.0416567764759382	0.03465174221855811	-0.05740777657315249	0.032525263690334524	-0.031673167716315606	0.03525752481375258	-0.03914043462725369	0.05691218555200468	-0.08295185864939746	0.088257631183214	-0.08964779757650614	0.06819863385884242	-0.07196045495865874	0.0814776672441567	-0.10109123508934578	0.06975844809364375	-0.08990497346769774	0.08367832040630269	-0.1977312545319964	0.14648837604254028	-0.10607195198813409	0.15519877082679825	-0.8678374571824137	0.2362509113666308	-0.20653175104842703	0.10377634538853395	-0.13095125223286724	0.9999999999999942	-0.24010864759653108	0.16223496902932835
0.028542468281197025	-0.026078285799890903	0.04755507217813808	-0.03644351925356935	0.03435834594956098	-0.02432948442942416	0.02895504903784866	-0.05026811655683239	0.08308473993802938	-0.11527096842894458	0.05616535284037413	-0.04931533580665756	0.06484375361250512	-0.08871324522453881	0.11736710681520365	-0.04294301513797699	0.05766589258365729	-0.07914160939797751	0.19417074570302226	-0.23181040221374483	0.05610548919599356	-0.09223624277173648	0.1784304212809973	-0.32662942491144964	0.2802303267703693	-0.046442950669348025	0.04947488726369059	-0.24010864759653108	0.9999999999999942	-0.8272184032519578
-0.025095602908878797	0.02285544362516865	-0.04202368343996027	0.03101513903647887	-0.029637641299744992	0.021329163248390702	-0.02543823964839316	0.043698028876855255	-0.07490929606440103	0.09598662506647554	-0.04931397194084472	0.042863558935196486	-0.057705770423003316	0.077268979033882	-0.10952476731764108	0.037017293778246974	-0.050543237218808164	0.06835152816304384	-0.19117997953557242	0.2000050655419161	-0.048536727143913855	0.0761281746188745	-0.15590464114056574	0.24293717015095945	-0.4313620842557938	0.03732500739552758	-0.0406221009108617	0.16223496902932835	-0.8272184032519578	0.9999999999999942
