1.0	-0.11986413628777912	0.07870799201671422	-0.03461499277890942	0.03307226553703113	-0.9831577767852553	0.10243950368439284	-0.07014541901962439	0.033632719146358354	-0.024004720743190693	0.044170320820770236	-0.042637503493241476	0.04093747397049175	-0.031697192179589904	0.02874914745186135	-0.040957743621520944	0.0291761182304876	-0.028727999646767834	0.02435271634452631	-0.02545447076936656	0.027416603139845074	-0.021333283258233235	0.02525699592999852	-0.02777357127447278	0.025348023434371973
-0.11986413628777912	0.9999999999999999	-0.6239599614660772	0.15971677122583003	-0.13273765486167396	0.10721712130535295	-0.671982299824136	0.2945872716368566	-0.15030354661684642	0.09328285705544452	-0.06826472686856229	0.09930275597307558	-0.13322113355486917	0.10022520969757777	-0.1015225926343203	0.07482378858679387	-0.0742200419379605	0.08219582188849438	-0.07461725414186045	0.08098832302420715	-0.0729548464154681	0.05628434078885816	-0.07233058175615462	0.08273514375305639	-0.07908713914279696
0.07870799201671422	-0.6239599614660772	0.9999999999999998	-0.31378764068437953	0.18252978440058037	-0.08232095506710413	0.3226981735509855	-0.5435350920634763	0.2102222809582138	-0.13633683751213013	0.08525528648212478	-0.1278872972258298	0.18305073860848728	-0.1458954670829377	0.14103794127401462	-0.1007621052585733	0.09832701682235105	-0.11582565333584038	0.10501037930524657	-0.11575254600880411	0.09755574753240914	-0.07652192245922447	0.09958627273153603	-0.11784771054755677	0.11051430576231346
-0.03461499277890942	0.15971677122583003	-0.31378764068437953	0.9999999999999999	-0.46950770886851945	0.03503038632759763	-0.16806257845383565	0.2119208691741589	-0.7303258198959429	0.2649495761187333	-0.06318081774441989	0.0890677038538176	-0.13158687858784257	0.12733336361460032	-0.2113031460015758	0.07474743061972497	-0.07821043832518473	0.09251301741704322	-0.09640275399165872	0.12192520368044478	-0.08267172467634362	0.06294908098688082	-0.08601035539450667	0.10297402393968053	-0.11150659417231501
0.03307226553703113	-0.13273765486167396	0.18252978440058037	-0.46950770886851945	1.0000000000000007	-0.03390128652219376	0.14917306961673849	-0.21105300498957122	0.31063791551287456	-0.5634304969773166	0.08664998232846292	-0.12108303450739914	0.16642174023664832	-0.18411335254325611	0.29723922237021505	-0.10627152466733852	0.11115064317080012	-0.134296219771955	0.14057034113066122	-0.20133057590304737	0.12093536150760033	-0.09229884515972861	0.12724328519191003	-0.16015129152059993	0.1715493399804371
-0.9831577767852553	0.10721712130535295	-0.08232095506710413	0.03503038632759763	-0.03390128652219376	1.0000000000000007	-0.11304647219203041	0.06929516103872391	-0.03459934376731052	0.024386588541541104	-0.04669468871416268	0.04274540271505746	-0.041553000758999814	0.031703889651488855	-0.02920168371427215	0.04075385017794124	-0.02952638643524488	0.028793105187087855	-0.02450400957778816	0.025557571062123526	-0.027812809540841366	0.02149131936004853	-0.025492875822647528	0.027796451386662542	-0.025570492686625687
0.10243950368439284	-0.671982299824136	0.3226981735509855	-0.16806257845383565	0.14917306961673849	-0.11304647219203041	1.0000000000000009	-0.5410321048090035	0.1547596516406732	-0.11315367939072019	0.10241096174258374	-0.16425697519128182	0.19634980498337637	-0.15352848889935028	0.1324829808346288	-0.11694045268286135	0.11226983645120185	-0.12695550040076647	0.11109191285768341	-0.11839184763804371	0.1079376022596992	-0.08521012761671885	0.1079171166929154	-0.12624882647290397	0.11466695628041827
-0.07014541901962439	0.2945872716368566	-0.5435350920634763	0.2119208691741589	-0.21105300498957122	0.06929516103872391	-0.5410321048090035	1.0000000000000002	-0.24818510688039788	0.15177923661359202	-0.12164462756265584	0.17582536006007482	-0.3848940341178074	0.19140089703620355	-0.1805757115450894	0.13206391701121667	-0.13915433882975278	0.15684103989137035	-0.14428535334946802	0.14508848691401527	-0.13743963698393785	0.10461152422400836	-0.13795247857958376	0.14925561916380886	-0.14649939381076016
0.033632719146358354	-0.15030354661684642	0.2102222809582138	-0.7303258198959429	0.31063791551287456	-0.03459934376731052	0.1547596516406732	-0.24818510688039788	0.9999999999999999	-0.42843136692604683	0.07194977748279138	-0.10224597169864534	0.1477063287365536	-0.15963261718231836	0.23455768663935106	-0.08682533854587177	0.09036676012537513	-0.10913531743437856	0.11475961497306125	-0.1497099931622167	0.09537034639348524	-0.07331156605223964	0.10027718326893917	-0.12323037805271858	0.1299828999088362
-0.024004720743190693	0.09328285705544452	-0.13633683751213013	0.2649495761187333	-0.5634304969773166	0.024386588541541104	-0.11315367939072019	0.15177923661359202	-0.42843136692604683	1.0000000000000007	-0.0667550524329415	0.0920457628826181	-0.13436892174952472	0.15215292985176226	-0.5980475634080287	0.08027093895058836	-0.08726981633459831	0.10561787798271366	-0.12177112608590716	0.17769206890885636	-0.09470039808559577	0.07174948202117347	-0.1015498074719146	0.12407663668442578	-0.1527297893671639
0.044170320820770236	-0.06826472686856229	0.08525528648212478	-0.06318081774441989	0.08664998232846292	-0.04669468871416268	0.10241096174258374	-0.12164462756265584	0.07194977748279138	-0.0667550524329415	1.0000000000000002	-0.5923144172180098	0.21736883828542672	-0.15670818336561468	0.10018141266130999	-0.6974602707903892	0.25706016389714526	-0.18744269396289265	0.1307976523625128	-0.11742444736171645	0.20019879907039173	-0.16348633692468464	0.15523082723226628	-0.14943552095636106	0.12057426224137953
-0.042637503493241476	0.09930275597307558	-0.1278872972258298	0.0890677038538176	-0.12108303450739914	0.04274540271505746	-0.16425697519128182	0.17582536006007482	-0.10224597169864534	0.0920457628826181	-0.5923144172180098	1.000000000000001	-0.4400357074242067	0.21135008819868842	-0.13883493039502137	0.31860806526118646	-0.4316369412524856	0.24518035959479947	-0.18569067471128953	0.1553305500088263	-0.2768897881376724	0.2079570041093786	-0.21691720944297418	0.1902385266804547	-0.16654172124558148
0.04093747397049175	-0.13322113355486917	0.18305073860848728	-0.13158687858784257	0.16642174023664832	-0.041553000758999814	0.19634980498337637	-0.3848940341178074	0.1477063287365536	-0.13436892174952472	0.21736883828542672	-0.4400357074242067	1.0000000000000002	-0.49140701264994263	0.19454489696875288	-0.25731513814174395	0.2526656761808393	-0.35964499522066923	0.2676035893992866	-0.23127062888983876	0.21516264101314958	-0.18293864709136043	0.22966093088633918	-0.2618419983617029	0.2126488770169875
-0.031697192179589904	0.10022520969757777	-0.1458954670829377	0.12733336361460032	-0.18411335254325611	0.031703889651488855	-0.15352848889935028	0.19140089703620355	-0.15963261718231836	0.15215292985176226	-0.15670818336561468	0.21135008819868842	-0.49140701264994263	0.9999999999999997	-0.27285414821667137	0.17279819705562036	-0.22237711098128593	0.2741723262013296	-0.6273633545388131	0.2698022623801655	-0.21525991530983457	0.16310771465606003	-0.24092786298047397	0.2462787687606924	-0.2742840562426279
0.02874914745186135	-0.1015225926343203	0.14103794127401462	-0.2113031460015758	0.29723922237021505	-0.02920168371427215	0.1324829808346288	-0.1805757115450894	0.23455768663935106	-0.5980475634080287	0.10018141266130999	-0.13883493039502137	0.19454489696875288	-0.27285414821667137	1.0000000000000007	-0.12322618836656729	0.13422192200043348	-0.16945563676658168	0.20182281029665058	-0.37934432959010367	0.14439120513620934	-0.11155192390306404	0.15839148577781562	-0.20466812178898702	0.23758658681167402
-0.040957743621520944	0.07482378858679387	-0.1007621052585733	0.07474743061972497	-0.10627152466733852	0.04075385017794124	-0.11694045268286135	0.13206391701121667	-0.08682533854587177	0.08027093895058836	-0.6974602707903892	0.31860806526118646	-0.25731513814174395	0.17279819705562036	-0.12322618836656729	1.0000000000000004	-0.42333217180073635	0.22433138776417172	-0.16351629538260073	0.1400907236324528	-0.33551966406377437	0.22123443877071644	-0.21286746058528755	0.1794963203480554	-0.1541295879408517
0.0291761182304876	-0.0742200419379605	0.09832701682235105	-0.07821043832518473	0.11115064317080012	-0.02952638643524488	0.11226983645120185	-0.13915433882975278	0.09036676012537513	-0.08726981633459831	0.25706016389714526	-0.4316369412524856	0.2526656761808393	-0.22237711098128593	0.13422192200043348	-0.42333217180073635	0.9999999999999998	-0.5051037973325243	0.20955573374704115	-0.1742180841580083	0.2976054595862477	-0.4495029799539111	0.27324599041603853	-0.23778982215683997	0.17306864700058167
-0.028727999646767834	0.08219582188849438	-0.11582565333584038	0.09251301741704322	-0.134296219771955	0.028793105187087855	-0.12695550040076647	0.15684103989137035	-0.10913531743437856	0.10561787798271366	-0.18744269396289265	0.24518035959479947	-0.35964499522066923	0.2741723262013296	-0.16945563676658168	0.22433138776417172	-0.5051037973325243	0.9999999999999994	-0.4281367358628505	0.22228664745770113	-0.2829278706129777	0.25644627713642565	-0.4867222280727637	0.28042087118492365	-0.2358513967492816
0.02435271634452631	-0.07461725414186045	0.10501037930524657	-0.09640275399165872	0.14057034113066122	-0.02450400957778816	0.11109191285768341	-0.14428535334946802	0.11475961497306125	-0.12177112608590716	0.1307976523625128	-0.18569067471128953	0.2676035893992866	-0.6273633545388131	0.20182281029665058	-0.16351629538260073	0.20955573374704115	-0.4281367358628505	0.9999999999999994	-0.44207900408992595	0.18690717783558009	-0.1597534974689412	0.24244814787585178	-0.32467258500485435	0.2684980224729558
-0.02545447076936656	0.08098832302420715	-0.11575254600880411	0.12192520368044478	-0.20133057590304737	0.025557571062123526	-0.11839184763804371	0.14508848691401527	-0.1497099931622167	0.17769206890885636	-0.11742444736171645	0.1553305500088263	-0.23127062888983876	0.2698022623801655	-0.37934432959010367	0.1400907236324528	-0.1742180841580083	0.22228664745770113	-0.44207900408992595	0.9999999999999996	-0.18837335058861954	0.14287264485720935	-0.22917865848296168	0.2751372205221929	-0.647874917122298
0.027416603139845074	-0.0729548464154681	0.09755574753240914	-0.08267172467634362	0.12093536150760033	-0.027812809540841366	0.1079376022596992	-0.13743963698393785	0.09537034639348524	-0.09470039808559577	0.20019879907039173	-0.2768897881376724	0.21516264101314958	-0.21525991530983457	0.14439120513620934	-0.33551966406377437	0.2976054595862477	-0.2829278706129777	0.18690717783558009	-0.18837335058861954	1.0000000000000004	-0.7069458618460811	0.28472213701203664	-0.3080464433796278	0.18684108450684578
-0.021333283258233235	0.05628434078885816	-0.07652192245922447	0.06294908098688082	-0.09229884515972861	0.02149131936004853	-0.08521012761671885	0.10461152422400836	-0.07331156605223964	0.07174948202117347	-0.16348633692468464	0.2079570041093786	-0.18293864709136043	0.16310771465606003	-0.11155192390306404	0.22123443877071644	-0.4495029799539111	0.25644627713642565	-0.1597534974689412	0.14287264485720935	-0.7069458618460811	1.0000000000000004	-0.4240474498110964	0.23404812304329467	-0.15435176636959866
0.02525699592999852	-0.07233058175615462	0.09958627273153603	-0.08601035539450667	0.12724328519191003	-0.025492875822647528	0.1079171166929154	-0.13795247857958376	0.10027718326893917	-0.1015498074719146	0.15523082723226628	-0.21691720944297418	0.22966093088633918	-0.24092786298047397	0.15839148577781562	-0.21286746058528755	0.27324599041603853	-0.4867222280727637	0.24244814787585178	-0.22917865848296168	0.28472213701203664	-0.4240474498110964	1.0	-0.5842907915601661	0.24200188914117987
-0.02777357127447278	0.08273514375305639	-0.11784771054755677	0.10297402393968053	-0.16015129152059993	0.027796451386662542	-0.12624882647290397	0.14925561916380886	-0.12323037805271858	0.12407663668442578	-0.14943552095636106	0.1902385266804547	-0.2618419983617029	0.2462787687606924	-0.20466812178898702	0.1794963203480554	-0.23778982215683997	0.28042087118492365	-0.32467258500485435	0.2751372205221929	-0.3080464433796278	0.23404812304329467	-0.5842907915601661	1.0000000000000002	-0.5008466223096749
0.025348023434371973	-0.07908713914279696	0.11051430576231346	-0.11150659417231501	0.1715493399804371	-0.025570492686625687	0.11466695628041827	-0.14649939381076016	0.1299828999088362	-0.1527297893671639	0.12057426224137953	-0.16654172124558148	0.2126488770169875	-0.2742840562426279	0.23758658681167402	-0.1541295879408517	0.17306864700058167	-0.2358513967492816	0.2684980224729558	-0.647874917122298	0.18684108450684578	-0.15435176636959866	0.24200188914117987	-0.5008466223096749	1.0
