1.0	-0.687220190344555	0.05371463234677419	-0.05409520831300621	0.015181241738597846	-0.6418920587758816	0.3105848732304177	-0.10001486111703642	0.04029047046671067	-0.01554149941480644	0.09046055999266465	-0.0780897236048211	0.07548398538131594	-0.04199515891916082	0.012770687908183717	-0.06446957451215549	0.07140755728397764	-0.055387825404060745	0.044499772916886185	-0.012669676753489414	0.044828288041329496	-0.042272859785732454	0.05844824648999171	-0.039176908773082754	0.021492126165668413	-0.03865977655450876	0.04319912059378493	-0.03912933365480704	0.034923597114006465	-0.019038204631905597	0.03485274281121381	-0.03164120109858465	0.04185880064830202	-0.028156190450667803	0.013972170619955893	-0.005339417750773456	0.005158920158197273	-0.03580605334230025	0.03230676097306646	-0.014838818577815107
-0.687220190344555	0.9999999999999998	-0.08973148145440951	0.08302926343862435	-0.02446265067141193	0.33168694571853224	-0.5819552692520917	0.1569008413807942	-0.06566584193618416	0.024773186413279167	-0.1349021508361326	0.12303375893755214	-0.1257598358138624	0.06706444274809935	-0.02110454182595959	0.09360043920945695	-0.11686514404872025	0.09091163431792998	-0.07464902822671514	0.020812294334905952	-0.07215422782088426	0.06799390600446892	-0.09887479747122928	0.06492019496388873	-0.036180465011255665	0.060999947894885914	-0.07104315101004437	0.0652801381452947	-0.05892894838605424	0.03186200809657621	-0.057895898763063246	0.051698659392258525	-0.07057742443180871	0.047040432685718156	-0.02346903352428051	0.008857151384127186	-0.008571705390119118	0.059373500145543524	-0.05462496982902033	0.024798031765787334
0.05371463234677419	-0.08973148145440951	0.9999999999999999	-0.9246282192282405	0.09202759118010956	-0.060470267851134685	0.09445486755802901	-0.25392994566312	0.14802190735980203	-0.09740901958814188	0.0726429129272582	-0.07429430172389664	0.12125098569972788	-0.14252581092694488	0.027038676871049355	-0.053121445036336985	0.07283981233498563	-0.08028713162039058	0.07378539408825027	-0.027158596598964333	0.0446650937369923	-0.043716656596477374	0.08473023895671326	-0.06211750066338738	0.029825683643285326	-0.03800495167677996	0.045912147983473275	-0.05061583499226322	0.045697463302595276	-0.02634905648362924	0.039770198662290125	-0.03544657192605535	0.053416461050392286	-0.035828657713857806	0.01824585201763134	-0.006377529585375476	0.006174342815147227	-0.043900272060089264	0.04107552731709764	-0.019376527256019523
-0.05409520831300621	0.08302926343862435	-0.9246282192282405	1.0000000000000002	-0.11059869916587331	0.06108416662390661	-0.09939463487666234	0.19785952000120338	-0.18048483918416344	0.09876135400460942	-0.08119872634892748	0.07965444730363623	-0.1320448759319416	0.1400561242011325	-0.028634483027556026	0.05844467429418051	-0.08088613569130969	0.0858926679605052	-0.08135683975062483	0.02828360887406825	-0.05003012377424093	0.04839359790707613	-0.0951339995432578	0.06691380406709994	-0.033112471666650954	0.0422403607196541	-0.051381327400818376	0.056366773751709794	-0.051306378985394974	0.029041044356120326	-0.044807483860588485	0.03956473492190194	-0.060211038957626764	0.0398978987600314	-0.020290027373171156	0.00709935595377804	-0.006881955677592857	0.04871741200011769	-0.046251909362175055	0.021428587999613096
0.015181241738597846	-0.02446265067141193	0.09202759118010956	-0.11059869916587331	1.0000000000000004	-0.020372303439938184	0.030541183712150637	-0.07101506164949678	0.09672723119553504	-0.9802131902329311	0.027816353462523757	-0.02868766629450994	0.044750663665278356	-0.09367378832715492	0.016259773281386017	-0.02083784796132487	0.028165943837719833	-0.03341290553234393	0.034072578978100065	-0.016573148466307294	0.01773517119830444	-0.017507329041550685	0.03473756595755242	-0.029325887091787788	0.013117703303782379	-0.015246711809967837	0.01824993372979433	-0.021140983752231862	0.019143780273124016	-0.011715685060155573	0.016185274506534238	-0.01457528907533019	0.02199601670429093	-0.01518823704962647	0.007898758331563765	-0.0026850566120254	0.002595006729284577	-0.018616092042907373	0.017117941340030356	-0.008471169442579635
-0.6418920587758816	0.33168694571853224	-0.060470267851134685	0.06108416662390661	-0.020372303439938184	1.0000000000000002	-0.6318067487993914	0.15179325141173206	-0.05959697481472399	0.020664844690968357	-0.1602476193398639	0.12870024867843136	-0.1219711541026428	0.06186377281124629	-0.01966158883958967	0.104850384227242	-0.11894174062623107	0.08825739594620992	-0.07060939258667635	0.019435161374145717	-0.07323398527390078	0.06840133460920854	-0.09372810107740895	0.06183285945760666	-0.03407861231524824	0.06240497226730061	-0.0703992874155552	0.06241613665790611	-0.05569200429807758	0.03012668562021347	-0.05601526826363413	0.050585610498329166	-0.06696569443631022	0.0447191319383574	-0.02213364484951036	0.008475783207756046	-0.008194057623984	0.056734784206170584	-0.05147977414424321	0.023456829170782206
0.3105848732304177	-0.5819552692520917	0.09445486755802901	-0.09939463487666234	0.030541183712150637	-0.6318067487993914	1.0000000000000009	-0.27084132995420035	0.08819119536343266	-0.031474681663158886	0.16303960985733537	-0.1939298519052335	0.1631624291859788	-0.09422162940723938	0.026955705032501078	-0.12581043402633146	0.14680549284270394	-0.1191861168851506	0.0917722886654948	-0.026983070110224855	0.08774274925065811	-0.08693388698509827	0.11813212612640528	-0.08216732384701014	0.04355967138955657	-0.0775103892035977	0.08618944823375821	-0.07962319872842263	0.06998859732267532	-0.03894745222780154	0.06884450024577854	-0.0638956551692106	0.08336378495738561	-0.05724675516275117	0.0283321398596478	-0.010866965740736974	0.010472984573434863	-0.07340780323744767	0.06442733070962503	-0.03035776814144974
-0.10001486111703642	0.1569008413807942	-0.25392994566312	0.19785952000120338	-0.07101506164949678	0.15179325141173206	-0.27084132995420035	1.0000000000000004	-0.29814656193966593	0.06943990141821545	-0.2541325823306157	0.2550855702164131	-0.5487702972553045	0.22825003594530038	-0.06465560968392951	0.17994655852443792	-0.25989811103054883	0.27046009476359073	-0.23463725122120516	0.06252614629490079	-0.15286818509958217	0.14844798174513313	-0.30097568964662047	0.18737501305029905	-0.09632416519092504	0.12819672776391663	-0.15844965525127078	0.17085491542009823	-0.15427833399441254	0.08383229906615826	-0.135116233331711	0.11867624227250717	-0.18304783459638307	0.11845296941919414	-0.05916358637202364	0.02096403247294192	-0.020346036410840644	0.1438651682969553	-0.13838749347663132	0.062071582515980155
0.04029047046671067	-0.06566584193618416	0.14802190735980203	-0.18048483918416344	0.09672723119553504	-0.05959697481472399	0.08819119536343266	-0.29814656193966593	0.9999999999999999	-0.10742212414228305	0.08960307205398069	-0.10000951999127333	0.16691982969557512	-0.8798255384995379	0.07717693994368412	-0.06872775464589256	0.0944501594672071	-0.12986573668234982	0.14914393824580552	-0.07996009826524772	0.05719345319335512	-0.05813734531384101	0.1240330224306876	-0.12808716725025512	0.04770493257784428	-0.0496942858533691	0.05973980941109973	-0.07276505680387853	0.06491613454718734	-0.04319256389536755	0.05213553603027848	-0.04760193423868118	0.07298479301892062	-0.05158284344498333	0.0273001399489547	-0.008820356164315504	0.008510640764177173	-0.062189809744920034	0.05635998036028752	-0.029626823318096147
-0.01554149941480644	0.024773186413279167	-0.09740901958814188	0.09876135400460942	-0.9802131902329311	0.020664844690968357	-0.031474681663158886	0.06943990141821545	-0.10742212414228305	0.9999999999999999	-0.028915400235516264	0.029352618681432976	-0.04613572421446488	0.08888980283729697	-0.01612060171210357	0.02148216254350421	-0.029164769012768748	0.03388394701846477	-0.03464524846856065	0.0162170554854284	-0.018399437086410658	0.018056243387003686	-0.03591420932847835	0.02939178891468933	-0.013420131795365152	0.015751467597057915	-0.018918599326749257	0.02176091679914231	-0.019772996414103326	0.011931588853250831	-0.01679685531479481	0.015048612757424126	-0.022796795502126745	0.015613676979455534	-0.008099969565174179	0.0027626623645951726	-0.0026719731882806283	0.019111414730492153	-0.017716896183844047	0.008656889637962259
0.09046055999266465	-0.1349021508361326	0.0726429129272582	-0.08119872634892748	0.027816353462523757	-0.1602476193398639	0.16303960985733537	-0.2541325823306157	0.08960307205398069	-0.028915400235516264	0.9999999999999998	-0.44161202192524934	0.21251562077346214	-0.10395278861613692	0.03074038271732794	-0.7162980043375623	0.3058114062467186	-0.17470803785499528	0.11327415562697245	-0.03126202250985202	0.20981544514038655	-0.18138918949493257	0.14819744325941708	-0.107599419471064	0.054274154705721146	-0.20019888604230449	0.160592342112036	-0.1119082023234885	0.09010663805682834	-0.0498270746902402	0.11391929952565369	-0.11480212662819113	0.11216695950154097	-0.07696028229401293	0.03553536919334903	-0.015595212379813208	0.01493186135361868	-0.10248014052797909	0.08131536695794386	-0.03876904945888559
-0.0780897236048211	0.12303375893755214	-0.07429430172389664	0.07965444730363623	-0.02868766629450994	0.12870024867843136	-0.1939298519052335	0.2550855702164131	-0.10000951999127333	0.029352618681432976	-0.44161202192524934	1.0000000000000009	-0.456160572896984	0.11108454199029108	-0.03433669709386686	0.2795520394360866	-0.6184864664724874	0.22663873079550903	-0.14199119103294164	0.03436722710512014	-0.1670712006429282	0.18785492788400715	-0.18837813582829183	0.12452094185806209	-0.059528882388145035	0.14126622280169684	-0.1857579409465137	0.11992295947384508	-0.09772349069231316	0.05373920407405633	-0.1027203924088587	0.0962128190816033	-0.11873456928399297	0.07886670424311845	-0.03719246674116777	0.014707795910342308	-0.014161118909278216	0.09963503258191056	-0.08538617980932395	0.0400566138516091
0.07548398538131594	-0.1257598358138624	0.12125098569972788	-0.1320448759319416	0.044750663665278356	-0.1219711541026428	0.1631624291859788	-0.5487702972553045	0.16691982969557512	-0.04613572421446488	0.21251562077346214	-0.456160572896984	0.9999999999999986	-0.20151855883981307	0.0508793578247916	-0.1783865919819998	0.2535921582427282	-0.5012776535626892	0.20419269187767972	-0.05176170975525937	0.12383640889698275	-0.1395071564706874	0.2510235161784649	-0.1859297613735501	0.07695272318627536	-0.11123217499252494	0.1320551709818175	-0.14806852479876434	0.11824183833672666	-0.07034942251166157	0.10124547371945623	-0.09661053920981195	0.13742054058841366	-0.09634071287114715	0.04666186580215729	-0.0168619326498041	0.016211043106604803	-0.11910090468575477	0.10215254921966867	-0.05076074358687504
-0.04199515891916082	0.06706444274809935	-0.14252581092694488	0.1400561242011325	-0.09367378832715492	0.06186377281124629	-0.09422162940723938	0.22825003594530038	-0.8798255384995379	0.08888980283729697	-0.10395278861613692	0.11108454199029108	-0.20151855883981307	1.0000000000000002	-0.09699219135970547	0.07789614231435994	-0.1095081404006256	0.14413613374417247	-0.20044502102988185	0.08769315476996185	-0.06602712306226732	0.06630796921637283	-0.1474588045393091	0.1399977307029676	-0.05465277502617036	0.056746114554250944	-0.06914913685721956	0.08357401237428921	-0.07539097911372734	0.048448837210981394	-0.06046604157053501	0.054510835202197634	-0.08521190145554644	0.05878840519483306	-0.030997587479076813	0.010019566935786546	-0.009686570309447024	0.07041982678918499	-0.06533316820512167	0.03328527996278169
0.012770687908183717	-0.02110454182595959	0.027038676871049355	-0.028634483027556026	0.016259773281386017	-0.01966158883958967	0.026955705032501078	-0.06465560968392951	0.07717693994368412	-0.01612060171210357	0.03074038271732794	-0.03433669709386686	0.0508793578247916	-0.09699219135970547	1.0000000000000007	-0.02499390348991584	0.03350432136824257	-0.05760775565777355	0.08899163933729118	-0.9835751573797047	0.02143491145638278	-0.022430992179672257	0.05436598017198966	-0.07597818724523571	0.02983376290231947	-0.01912845683288791	0.022681367421283995	-0.03251027490839583	0.029955460820561254	-0.027325955589272245	0.02095024284447448	-0.019655846069998418	0.031080895852780066	-0.02436589153339174	0.014849703921750012	-0.0039180540156923994	0.003761954302402893	-0.028532621466492027	0.024931398982056263	-0.016634352712537055
-0.06446957451215549	0.09360043920945695	-0.053121445036336985	0.05844467429418051	-0.02083784796132487	0.104850384227242	-0.12581043402633146	0.17994655852443792	-0.06872775464589256	0.02148216254350421	-0.7162980043375623	0.2795520394360866	-0.1783865919819998	0.07789614231435994	-0.02499390348991584	0.9999999999999982	-0.46984153795691663	0.14935476264831285	-0.09954639876074609	0.025142181386181187	-0.3244048052505161	0.18769208674570828	-0.13581870153027498	0.09176041524631125	-0.04740298026702357	0.2043468706225342	-0.1836687397943849	0.10163436705013104	-0.08132142710293329	0.04312304185237402	-0.11393550447932366	0.10661781742846685	-0.10402763300973443	0.06768384067278377	-0.030717619801193908	0.013814733862559337	-0.013277822262710858	0.08893350594601919	-0.07246007817055977	0.03319279137773803
0.07140755728397764	-0.11686514404872025	0.07283981233498563	-0.08088613569130969	0.028165943837719833	-0.11894174062623107	0.14680549284270394	-0.25989811103054883	0.0944501594672071	-0.029164769012768748	0.3058114062467186	-0.6184864664724874	0.2535921582427282	-0.1095081404006256	0.03350432136824257	-0.46984153795691663	0.9999999999999968	-0.25741451501763557	0.1355627185018478	-0.03400757182988678	0.19533448918768334	-0.32796786001734907	0.17921618112969367	-0.12689736025324666	0.05963859241223506	-0.18040015762610134	0.21899892594156395	-0.1269558679382357	0.09880372291261068	-0.05473295779527923	0.11171370278411336	-0.10931877638600043	0.12101369327075341	-0.08226879516724818	0.03786027052713342	-0.01570271896861302	0.015065860090306646	-0.10579650947420588	0.08646289367263733	-0.04119276419649153
-0.055387825404060745	0.09091163431792998	-0.08028713162039058	0.0858926679605052	-0.03341290553234393	0.08825739594620992	-0.1191861168851506	0.27046009476359073	-0.12986573668234982	0.03388394701846477	-0.17470803785499528	0.22663873079550903	-0.5012776535626892	0.14413613374417247	-0.05760775565777355	0.14935476264831285	-0.25741451501763557	1.0000000000000004	-0.41397310339594595	0.056980576262210106	-0.11857689283884432	0.13485427384842855	-0.5628621883755118	0.273470660530222	-0.09990586687230436	0.10564821306767372	-0.13332565172683405	0.19700081105690778	-0.1550317208073657	0.08923558103456063	-0.11180056038566978	0.10457774982066016	-0.1806803624038756	0.1160600104905415	-0.055526718221856834	0.018653302952450098	-0.017996053685159892	0.13640446218941377	-0.12336819094163945	0.05977398971968864
0.044499772916886185	-0.07464902822671514	0.07378539408825027	-0.08135683975062483	0.034072578978100065	-0.07060939258667635	0.0917722886654948	-0.23463725122120516	0.14914393824580552	-0.03464524846856065	0.11327415562697245	-0.14199119103294164	0.20419269187767972	-0.20044502102988185	0.08899163933729118	-0.09954639876074609	0.1355627185018478	-0.41397310339594595	0.9999999999999974	-0.0982486909774054	0.08276057996084356	-0.09309865747979772	0.28691353876003306	-0.7644377924183536	0.1286490484362823	-0.07590479824617655	0.09067198012833318	-0.15273094405638743	0.13187193399248828	-0.12201348831884631	0.08282694158683149	-0.08017359222896227	0.1316881879932338	-0.10616551603788262	0.06027117188982896	-0.01585699173890042	0.015198480967509021	-0.1191953905221026	0.10169689750088018	-0.06816459857834058
-0.012669676753489414	0.020812294334905952	-0.027158596598964333	0.02828360887406825	-0.016573148466307294	0.019435161374145717	-0.026983070110224855	0.06252614629490079	-0.07996009826524772	0.0162170554854284	-0.03126202250985202	0.03436722710512014	-0.05176170975525937	0.08769315476996185	-0.9835751573797047	0.025142181386181187	-0.03400757182988678	0.056980576262210106	-0.0982486909774054	0.9999999999999954	-0.021720732547406384	0.02257731519545185	-0.055575020278035105	0.07367883217479423	-0.030246938932047458	0.019273525312768824	-0.022990311915292466	0.03265454973001596	-0.030278268925953724	0.027005341720010293	-0.021244087789412502	0.01978545833632841	-0.03154491574631048	0.02433544538319487	-0.01480489688056558	0.003915316774686246	-0.0037637345776919233	0.028432037649866793	-0.025191157316214838	0.01644458178430646
0.044828288041329496	-0.07215422782088426	0.0446650937369923	-0.05003012377424093	0.01773517119830444	-0.07323398527390078	0.08774274925065811	-0.15286818509958217	0.05719345319335512	-0.018399437086410658	0.20981544514038655	-0.1670712006429282	0.12383640889698275	-0.06602712306226732	0.02143491145638278	-0.3244048052505161	0.19533448918768334	-0.11857689283884432	0.08276057996084356	-0.021720732547406384	0.9999999999999983	-0.2990336205277484	0.1195317562983511	-0.08350513459634565	0.0477648885042323	-0.7826206707712677	0.24929917546591593	-0.12077971556297366	0.08925008751159205	-0.04436578695955913	0.2007306760733402	-0.20846310392778097	0.12654212078527888	-0.07969268819980325	0.03276899876226609	-0.019121561671370087	0.01823592227003021	-0.11295689581721523	0.08131719755223428	-0.03576151575558404
-0.042272859785732454	0.06799390600446892	-0.043716656596477374	0.04839359790707613	-0.017507329041550685	0.06840133460920854	-0.08693388698509827	0.14844798174513313	-0.05813734531384101	0.018056243387003686	-0.18138918949493257	0.18785492788400715	-0.1395071564706874	0.06630796921637283	-0.022430992179672257	0.18769208674570828	-0.32796786001734907	0.13485427384842855	-0.09309865747979772	0.02257731519545185	-0.2990336205277484	0.9999999999999941	-0.15269582680172383	0.09245911392012889	-0.05112174915721452	0.24241375616120708	-0.8132459660233441	0.1394511780865983	-0.09967848115142929	0.04684514578393615	-0.132449908550707	0.1199458377822203	-0.12945305431747367	0.07855668151437803	-0.03316467927214542	0.015283460717846033	-0.01472295483515716	0.0999648749426209	-0.08257017080886431	0.03559866664101716
0.05844824648999171	-0.09887479747122928	0.08473023895671326	-0.0951339995432578	0.03473756595755242	-0.09372810107740895	0.11813212612640528	-0.30097568964662047	0.1240330224306876	-0.03591420932847835	0.14819744325941708	-0.18837813582829183	0.2510235161784649	-0.1474588045393091	0.05436598017198966	-0.13581870153027498	0.17921618112969367	-0.5628621883755118	0.28691353876003306	-0.055575020278035105	0.1195317562983511	-0.15269582680172383	0.9999999999999974	-0.44434559755264663	0.1243594707835696	-0.11321772750628982	0.14128315517311968	-0.3982207524877705	0.19942063501100202	-0.11900712413342251	0.12673804660511878	-0.1297499357138969	0.2246892319854472	-0.15995217193821384	0.07020865360830263	-0.02405452900694745	0.023038890501849832	-0.18605485515162948	0.1506393936232553	-0.07768892074763376
-0.039176908773082754	0.06492019496388873	-0.06211750066338738	0.06691380406709994	-0.029325887091787788	0.06183285945760666	-0.08216732384701014	0.18737501305029905	-0.12808716725025512	0.02939178891468933	-0.107599419471064	0.12452094185806209	-0.1859297613735501	0.1399977307029676	-0.07597818724523571	0.09176041524631125	-0.12689736025324666	0.273470660530222	-0.7644377924183536	0.07367883217479423	-0.08350513459634565	0.09245911392012889	-0.44434559755264663	0.9999999999999974	-0.18290643676164514	0.07566055853670134	-0.09368712962339222	0.17443675119132565	-0.16412945224636752	0.13924274549195617	-0.09026423823965009	0.08511439073153416	-0.1558062464095327	0.11765409246323626	-0.0681066092078906	0.016812375482370204	-0.016179166750414885	0.12742081609630213	-0.11622426239796319	0.07420850380899527
0.021492126165668413	-0.036180465011255665	0.029825683643285326	-0.033112471666650954	0.013117703303782379	-0.03407861231524824	0.04355967138955657	-0.09632416519092504	0.04770493257784428	-0.013420131795365152	0.054274154705721146	-0.059528882388145035	0.07695272318627536	-0.05465277502617036	0.02983376290231947	-0.04740298026702357	0.05963859241223506	-0.09990586687230436	0.1286490484362823	-0.030246938932047458	0.0477648885042323	-0.05112174915721452	0.1243594707835696	-0.18290643676164514	0.999999999999996	-0.0447581324050699	0.052399836867815165	-0.12828405486030975	0.1796076640747176	-0.8896235245171881	0.0595858508146639	-0.05882898251302545	0.10731862404016501	-0.154448714431362	0.19296571476285393	-0.0166215362655775	0.015760139833064596	-0.13803121708007107	0.11736253466056261	-0.23269545163358915
-0.03865977655450876	0.060999947894885914	-0.03800495167677996	0.0422403607196541	-0.015246711809967837	0.06240497226730061	-0.0775103892035977	0.12819672776391663	-0.0496942858533691	0.015751467597057915	-0.20019888604230449	0.14126622280169684	-0.11123217499252494	0.056746114554250944	-0.01912845683288791	0.2043468706225342	-0.18040015762610134	0.10564821306767372	-0.07590479824617655	0.019273525312768824	-0.7826206707712677	0.24241375616120708	-0.11321772750628982	0.07566055853670134	-0.0447581324050699	0.9999999999999962	-0.35834209933317085	0.11697499593237955	-0.08645596526475015	0.04123000184767531	-0.29662776579500133	0.1997968598944342	-0.1282900225003148	0.07430315759594161	-0.030446064113036544	0.01882411724934762	-0.018117481345906072	0.10343419557021208	-0.07755593364210989	0.03290039295453432
0.04319912059378493	-0.07104315101004437	0.045912147983473275	-0.051381327400818376	0.01824993372979433	-0.0703992874155552	0.08618944823375821	-0.15844965525127078	0.05973980941109973	-0.018918599326749257	0.160592342112036	-0.1857579409465137	0.1320551709818175	-0.06914913685721956	0.022681367421283995	-0.1836687397943849	0.21899892594156395	-0.13332565172683405	0.09067198012833318	-0.022990311915292466	0.24929917546591593	-0.8132459660233441	0.14128315517311968	-0.09368712962339222	0.052399836867815165	-0.35834209933317085	0.9999999999999972	-0.17043206412881143	0.10410829142199861	-0.04884637764638116	0.14224866351484866	-0.1410906854554872	0.13547676763474023	-0.08528990841217861	0.03464307173616151	-0.016609729754712317	0.015926314730835906	-0.10945795874021211	0.08592385593627255	-0.03751365467453932
-0.03912933365480704	0.0652801381452947	-0.05061583499226322	0.056366773751709794	-0.021140983752231862	0.06241613665790611	-0.07962319872842263	0.17085491542009823	-0.07276505680387853	0.02176091679914231	-0.1119082023234885	0.11992295947384508	-0.14806852479876434	0.08357401237428921	-0.03251027490839583	0.10163436705013104	-0.1269558679382357	0.19700081105690778	-0.15273094405638743	0.03265454973001596	-0.12077971556297366	0.1394511780865983	-0.3982207524877705	0.17443675119132565	-0.12828405486030975	0.11697499593237955	-0.17043206412881143	0.999999999999998	-0.46578164956514656	0.1201685314932574	-0.18311938768719613	0.1789862653407037	-0.6069111789075812	0.2396740123819242	-0.08033438441655108	0.0314944523170611	-0.03051148390552485	0.25833487505171143	-0.2345866967150725	0.0834229719708181
0.034923597114006465	-0.05892894838605424	0.045697463302595276	-0.051306378985394974	0.019143780273124016	-0.05569200429807758	0.06998859732267532	-0.15427833399441254	0.06491613454718734	-0.019772996414103326	0.09010663805682834	-0.09772349069231316	0.11824183833672666	-0.07539097911372734	0.029955460820561254	-0.08132142710293329	0.09880372291261068	-0.1550317208073657	0.13187193399248828	-0.030278268925953724	0.08925008751159205	-0.09967848115142929	0.19942063501100202	-0.16412945224636752	0.1796076640747176	-0.08645596526475015	0.10410829142199861	-0.46578164956514656	0.9999999999999976	-0.22307103583890106	0.12393424310388049	-0.12763478147306695	0.25854262991711363	-0.6501605287816014	0.11778796134795107	-0.036861811742060845	0.03489046846908036	-0.33276707595747257	0.28016083495658306	-0.12508661768689097
-0.019038204631905597	0.03186200809657621	-0.02634905648362924	0.029041044356120326	-0.011715685060155573	0.03012668562021347	-0.03894745222780154	0.08383229906615826	-0.04319256389536755	0.011931588853250831	-0.0498270746902402	0.05373920407405633	-0.07034942251166157	0.048448837210981394	-0.027325955589272245	0.04312304185237402	-0.05473295779527923	0.08923558103456063	-0.12201348831884631	0.027005341720010293	-0.04436578695955913	0.04684514578393615	-0.11900712413342251	0.13924274549195617	-0.8896235245171881	0.04123000184767531	-0.04884637764638116	0.1201685314932574	-0.22307103583890106	0.9999999999999991	-0.05636508807281083	0.054518169179754765	-0.1039101074223684	0.1439759610783922	-0.24998263496123513	0.014647239611482184	-0.013962615875620421	0.12071603500725314	-0.11439854476102124	0.19733527232248613
0.03485274281121381	-0.057895898763063246	0.039770198662290125	-0.044807483860588485	0.016185274506534238	-0.05601526826363413	0.06884450024577854	-0.135116233331711	0.05213553603027848	-0.01679685531479481	0.11391929952565369	-0.1027203924088587	0.10124547371945623	-0.06046604157053501	0.02095024284447448	-0.11393550447932366	0.11171370278411336	-0.11180056038566978	0.08282694158683149	-0.021244087789412502	0.2007306760733402	-0.132449908550707	0.12673804660511878	-0.09026423823965009	0.0595858508146639	-0.29662776579500133	0.14224866351484866	-0.18311938768719613	0.12393424310388049	-0.05636508807281083	0.9999999999999986	-0.841264875255803	0.227998620440456	-0.12159366366895177	0.04362382090315862	-0.042961070802898634	0.040190169377329006	-0.1932900560454405	0.11907657363759658	-0.047836163788994655
-0.03164120109858465	0.051698659392258525	-0.03544657192605535	0.03956473492190194	-0.01457528907533019	0.050585610498329166	-0.0638956551692106	0.11867624227250717	-0.04760193423868118	0.015048612757424126	-0.11480212662819113	0.0962128190816033	-0.09661053920981195	0.054510835202197634	-0.019655846069998418	0.10661781742846685	-0.10931877638600043	0.10457774982066016	-0.08017359222896227	0.01978545833632841	-0.20846310392778097	0.1199458377822203	-0.1297499357138969	0.08511439073153416	-0.05882898251302545	0.1997968598944342	-0.1410906854554872	0.1789862653407037	-0.12763478147306695	0.054518169179754765	-0.841264875255803	0.999999999999999	-0.3438680147412809	0.11270166128185587	-0.04186842145398896	0.0368145074290195	-0.03630812351194871	0.17241683094857613	-0.11970053638754187	0.04492596301723674
0.04185880064830202	-0.07057742443180871	0.053416461050392286	-0.060211038957626764	0.02199601670429093	-0.06696569443631022	0.08336378495738561	-0.18304783459638307	0.07298479301892062	-0.022796795502126745	0.11216695950154097	-0.11873456928399297	0.13742054058841366	-0.08521190145554644	0.031080895852780066	-0.10402763300973443	0.12101369327075341	-0.1806803624038756	0.1316881879932338	-0.03154491574631048	0.12654212078527888	-0.12945305431747367	0.2246892319854472	-0.1558062464095327	0.10731862404016501	-0.1282900225003148	0.13547676763474023	-0.6069111789075812	0.25854262991711363	-0.1039101074223684	0.227998620440456	-0.3438680147412809	0.9999999999999992	-0.25367354873588926	0.07813307079827783	-0.04623688781725758	0.04426567532801105	-0.47290160297030703	0.23985153325107272	-0.08495953819985602
-0.028156190450667803	0.047040432685718156	-0.035828657713857806	0.0398978987600314	-0.01518823704962647	0.0447191319383574	-0.05724675516275117	0.11845296941919414	-0.05158284344498333	0.015613676979455534	-0.07696028229401293	0.07886670424311845	-0.09634071287114715	0.05878840519483306	-0.02436589153339174	0.06768384067278377	-0.08226879516724818	0.1160600104905415	-0.10616551603788262	0.02433544538319487	-0.07969268819980325	0.07855668151437803	-0.15995217193821384	0.11765409246323626	-0.154448714431362	0.07430315759594161	-0.08528990841217861	0.2396740123819242	-0.6501605287816014	0.1439759610783922	-0.12159366366895177	0.11270166128185587	-0.25367354873588926	0.9999999999999999	-0.13656819491025363	0.032044227924926894	-0.03101241097635474	0.2847963825714772	-0.5758169213056754	0.1271479730397317
0.013972170619955893	-0.02346903352428051	0.01824585201763134	-0.020290027373171156	0.007898758331563765	-0.02213364484951036	0.0283321398596478	-0.05916358637202364	0.0273001399489547	-0.008099969565174179	0.03553536919334903	-0.03719246674116777	0.04666186580215729	-0.030997587479076813	0.014849703921750012	-0.030717619801193908	0.03786027052713342	-0.055526718221856834	0.06027117188982896	-0.01480489688056558	0.03276899876226609	-0.03316467927214542	0.07020865360830263	-0.0681066092078906	0.19296571476285393	-0.030446064113036544	0.03464307173616151	-0.08033438441655108	0.11778796134795107	-0.24998263496123513	0.04362382090315862	-0.04186842145398896	0.07813307079827783	-0.13656819491025363	0.9999999999999991	-0.0129246857565078	0.012320860677407543	-0.10898842151128371	0.12040501812467752	-0.9290049344546014
-0.005339417750773456	0.008857151384127186	-0.006377529585375476	0.00709935595377804	-0.0026850566120254	0.008475783207756046	-0.010866965740736974	0.02096403247294192	-0.008820356164315504	0.0027626623645951726	-0.015595212379813208	0.014707795910342308	-0.0168619326498041	0.010019566935786546	-0.0039180540156923994	0.013814733862559337	-0.01570271896861302	0.018653302952450098	-0.01585699173890042	0.003915316774686246	-0.019121561671370087	0.015283460717846033	-0.02405452900694745	0.016812375482370204	-0.0166215362655775	0.01882411724934762	-0.016609729754712317	0.0314944523170611	-0.036861811742060845	0.014647239611482184	-0.042961070802898634	0.0368145074290195	-0.04623688781725758	0.032044227924926894	-0.0129246857565078	0.9999999999999991	-0.9925424410244581	0.07709429125534206	-0.05557040773423177	0.013244557196422426
0.005158920158197273	-0.008571705390119118	0.006174342815147227	-0.006881955677592857	0.002595006729284577	-0.008194057623984	0.010472984573434863	-0.020346036410840644	0.008510640764177173	-0.0026719731882806283	0.01493186135361868	-0.014161118909278216	0.016211043106604803	-0.009686570309447024	0.003761954302402893	-0.013277822262710858	0.015065860090306646	-0.017996053685159892	0.015198480967509021	-0.0037637345776919233	0.01823592227003021	-0.01472295483515716	0.023038890501849832	-0.016179166750414885	0.015760139833064596	-0.018117481345906072	0.015926314730835906	-0.03051148390552485	0.03489046846908036	-0.013962615875620421	0.040190169377329006	-0.03630812351194871	0.04426567532801105	-0.03101241097635474	0.012320860677407543	-0.9925424410244581	1.0000000000000002	-0.0837955903441717	0.052695880791003916	-0.012702086488733047
-0.03580605334230025	0.059373500145543524	-0.043900272060089264	0.04871741200011769	-0.018616092042907373	0.056734784206170584	-0.07340780323744767	0.1438651682969553	-0.062189809744920034	0.019111414730492153	-0.10248014052797909	0.09963503258191056	-0.11910090468575477	0.07041982678918499	-0.028532621466492027	0.08893350594601919	-0.10579650947420588	0.13640446218941377	-0.1191953905221026	0.028432037649866793	-0.11295689581721523	0.0999648749426209	-0.18605485515162948	0.12742081609630213	-0.13803121708007107	0.10343419557021208	-0.10945795874021211	0.25833487505171143	-0.33276707595747257	0.12071603500725314	-0.1932900560454405	0.17241683094857613	-0.47290160297030703	0.2847963825714772	-0.10898842151128371	0.07709429125534206	-0.0837955903441717	1.0000000000000004	-0.658342167411265	0.10980602728106634
0.03230676097306646	-0.05462496982902033	0.04107552731709764	-0.046251909362175055	0.017117941340030356	-0.05147977414424321	0.06442733070962503	-0.13838749347663132	0.05635998036028752	-0.017716896183844047	0.08131536695794386	-0.08538617980932395	0.10215254921966867	-0.06533316820512167	0.024931398982056263	-0.07246007817055977	0.08646289367263733	-0.12336819094163945	0.10169689750088018	-0.025191157316214838	0.08131719755223428	-0.08257017080886431	0.1506393936232553	-0.11622426239796319	0.11736253466056261	-0.07755593364210989	0.08592385593627255	-0.2345866967150725	0.28016083495658306	-0.11439854476102124	0.11907657363759658	-0.11970053638754187	0.23985153325107272	-0.5758169213056754	0.12040501812467752	-0.05557040773423177	0.052695880791003916	-0.658342167411265	1.0000000000000009	-0.14031397399863454
-0.014838818577815107	0.024798031765787334	-0.019376527256019523	0.021428587999613096	-0.008471169442579635	0.023456829170782206	-0.03035776814144974	0.062071582515980155	-0.029626823318096147	0.008656889637962259	-0.03876904945888559	0.0400566138516091	-0.05076074358687504	0.03328527996278169	-0.016634352712537055	0.03319279137773803	-0.04119276419649153	0.05977398971968864	-0.06816459857834058	0.01644458178430646	-0.03576151575558404	0.03559866664101716	-0.07768892074763376	0.07420850380899527	-0.23269545163358915	0.03290039295453432	-0.03751365467453932	0.0834229719708181	-0.12508661768689097	0.19733527232248613	-0.047836163788994655	0.04492596301723674	-0.08495953819985602	0.1271479730397317	-0.9290049344546014	0.013244557196422426	-0.012702086488733047	0.10980602728106634	-0.14031397399863454	1.0000000000000007
