1.0000000000000002	-0.3285017324404217	0.07590746851785853	-0.028675660366862324	0.023424318152102757	-0.8753620609223587	0.24247985540328307	-0.07386632598211543	0.029497801505629064	-0.023689625308052333	0.18537487762772448	-0.2051200260961716	0.053557495755140565	-0.04261895115963555	0.02278056052266742	-0.06660489089004205	0.060134844327501026	-0.05032042749658745	0.037759269361864585	-0.029375263515667348	0.03650110936914765	-0.04010599351451423	0.027763404266987653	-0.020370406175923894	0.016419488578472228	-0.02866130288830558	0.025966440466108836	-0.022628905919586835	0.021844386939120837	-0.01157877172521533	0.028671004467694543	-0.02707149402593466	0.02146911656843865	-0.01612671463193106	0.01686774673474557
-0.3285017324404217	1.0000000000000004	-0.20468657706374685	0.052746452705302524	-0.03792582746718896	0.2348577896858022	-0.8623906427617798	0.1569082037328324	-0.054711702481394474	0.03828503239077966	-0.156394878323318	0.14916801148565487	-0.08095962282455292	0.061914827589257454	-0.03381437218929906	0.05725002588687014	-0.054474491495886866	0.05911754800038513	-0.046258782731473366	0.04383044925270886	-0.0347623824290085	0.03739266354177529	-0.03207939323145616	0.02394031776615526	-0.019998491241916962	0.027137442904490487	-0.02491878156071754	0.025433959612989027	-0.02563055945250525	0.014008525193412157	-0.028582610306909555	0.0265433462124267	-0.02428463619630789	0.018834143837388222	-0.019981983083061487
0.07590746851785853	-0.20468657706374685	1.0	-0.1973820875584402	0.1057199211889921	-0.06838126837878251	0.1618420166476838	-0.881219321750304	0.18131434410296063	-0.11245237398357445	0.05967373035272222	-0.06192547389147903	0.19468013908697124	-0.16777893126635512	0.0883407161152082	-0.063452201476866	0.056192469983446965	-0.12161668566414377	0.09404339659055334	-0.11818544674018712	0.04183155588385672	-0.04691743466490289	0.05738390262537419	-0.045158390269772086	0.03901261172123613	-0.034488323070551774	0.03170121793288143	-0.044687102879494386	0.04714956425107056	-0.027316304856310765	0.0380190973850037	-0.03616085167245185	0.04220891482818856	-0.03473510653163944	0.03718616977318921
-0.028675660366862324	0.052746452705302524	-0.1973820875584402	1.0	-0.35181388963488375	0.025077609674257123	-0.05543687037172647	0.1695741340965758	-0.8590509552657101	0.223781292282918	-0.028399531516025173	0.028711996630382406	-0.14048375387781925	0.12976151697234403	-0.11847522483895805	0.03840585231582584	-0.03487200617857487	0.07714469084375752	-0.0770305973473852	0.14019144506310516	-0.02771872342403141	0.03054863324717653	-0.04576625693359143	0.0355950090095262	-0.03451826846207985	0.022732620389457774	-0.021224738566304892	0.03425864475326814	-0.038009910271848996	0.023862021458395038	-0.02647796955121394	0.024626126280052646	-0.033201362402227555	0.028122052766745946	-0.03091841798643872
0.023424318152102757	-0.03792582746718896	0.1057199211889921	-0.35181388963488375	0.9999999999999994	-0.020799457688136982	0.03943421854640483	-0.09949973723433875	0.2441257731895074	-0.7849812765330644	0.02873055767270797	-0.029369292237337943	0.14641579356638462	-0.15357460526360317	0.2562829579868105	-0.04862600661891609	0.04366201091810784	-0.09772507516950894	0.0942454439663064	-0.3447920218051782	0.03666689309680182	-0.040509305757937146	0.06492896959591325	-0.049555213470019316	0.05914813803232104	-0.0303891798336441	0.028524259254428332	-0.05072672073088778	0.054925252819958637	-0.04095436607915108	0.036316685333494775	-0.033796070090317834	0.04966503489829015	-0.04316562774941096	0.04857319431174283
-0.8753620609223587	0.2348577896858022	-0.06838126837878251	0.025077609674257123	-0.020799457688136982	0.9999999999999998	-0.3071327642207147	0.06433744480525143	-0.02620233541484288	0.020846309650439213	-0.25002352103191094	0.18840845634493636	-0.0487414460695222	0.037774759482829864	-0.020205530942834983	0.06067690906691527	-0.05620569725839887	0.044979024181575115	-0.03422012974250984	0.02584963647977136	-0.03362623378276559	0.036317497374404074	-0.02514842369517884	0.018388418169692788	-0.014764751518223672	0.026005258220823387	-0.023697513085558543	0.020372564942654083	-0.01974238893606459	0.010407362831476695	-0.026240888336260662	0.02449802513829661	-0.019397332525210247	0.014534393029712768	-0.015206923057990616
0.24247985540328307	-0.8623906427617798	0.1618420166476838	-0.05543687037172647	0.03943421854640483	-0.3071327642207147	1.0	-0.17580524662632419	0.05611412414668505	-0.04060304729244487	0.16092999878378722	-0.19680503599102217	0.08267640427065102	-0.06650964795658329	0.03591482495549161	-0.06488438662233234	0.060971143683534915	-0.06476501691432243	0.04952768580296622	-0.04706917406271283	0.03794291917092055	-0.04151120521714666	0.034318622536299366	-0.025686349126267268	0.02135779194404624	-0.029861575212468672	0.027321907423338385	-0.027420099987929485	0.02740788507668326	-0.014990486601826496	0.030953188630542864	-0.02903326856872937	0.026066722299615493	-0.020192444157953876	0.02135632666241815
-0.07386632598211543	0.1569082037328324	-0.881219321750304	0.1695741340965758	-0.09949973723433875	0.06433744480525143	-0.17580524662632419	0.9999999999999994	-0.2228691257355143	0.09951482290087449	-0.05773372431029783	0.05833380903755819	-0.2521829155335179	0.1521496836748914	-0.07979084587604807	0.056145630818261086	-0.05052654306385322	0.10709224077780911	-0.08686255197063306	0.10164080669369696	-0.037295940675554876	0.04150777676295886	-0.051452663913817864	0.04049629538999962	-0.03445212465295549	0.030519967802777145	-0.028135037915794275	0.039443056048434476	-0.042192511364413626	0.024086688240605357	-0.03380901498609278	0.03192722550387033	-0.03739657973884966	0.030791059084769843	-0.03296572466626316
0.029497801505629064	-0.054711702481394474	0.18131434410296063	-0.8590509552657101	0.2441257731895074	-0.02620233541484288	0.05611412414668505	-0.2228691257355143	0.9999999999999998	-0.2793397758206114	0.030406060830861937	-0.031080351829723164	0.1491932132528454	-0.1644707711204839	0.13441930221117757	-0.0437872862441167	0.03950245220535985	-0.08958320789290199	0.08707826046564038	-0.1706554450536179	0.03133398660725843	-0.034713683293505715	0.0515103334799007	-0.04043531430594242	0.039494055583875774	-0.025793452279615377	0.024054089473386487	-0.039005535068499464	0.04289467230487312	-0.0274192306352718	0.02990382655328941	-0.02794457466492814	0.037615918008266164	-0.03199289822886288	0.03508381613124194
-0.023689625308052333	0.03828503239077966	-0.11245237398357445	0.223781292282918	-0.7849812765330644	0.020846309650439213	-0.04060304729244487	0.09951482290087449	-0.2793397758206114	0.9999999999999989	-0.02833565400017211	0.02869623285597466	-0.15970459831437733	0.15287668364306578	-0.40928274871802023	0.04569696342062441	-0.041603011467558126	0.09228815429083718	-0.09594305397193581	0.2720976389061651	-0.03474639709254462	0.03807471610985186	-0.06254176865524787	0.047611346780371946	-0.05425841223950339	0.02857102447737231	-0.02687894569897447	0.04715009322594687	-0.05258365799716002	0.03685009457004969	-0.0343140332668791	0.031655479282274746	-0.04663215926417016	0.0401828914080293	-0.045433534165644905
0.18537487762772448	-0.156394878323318	0.05967373035272222	-0.028399531516025173	0.02873055767270797	-0.25002352103191094	0.16092999878378722	-0.05773372431029783	0.030406060830861937	-0.02833565400017211	1.0000000000000004	-0.8920356006943186	0.08128210888398073	-0.06313742094161504	0.031634873744286085	-0.19156549757513472	0.16912809846526822	-0.09962603503105619	0.07184227709800194	-0.03924526297116638	0.08808282775619065	-0.0978553654556571	0.05281298449315564	-0.03841670276217244	0.028676920956719164	-0.06746752064668401	0.061161603181388496	-0.043397362530928456	0.040594435086979797	-0.020452999841347002	0.0635575486479377	-0.06024964480816127	0.040946982627372244	-0.029797973202913865	0.030454769074767796
-0.2051200260961716	0.14916801148565487	-0.06192547389147903	0.028711996630382406	-0.029369292237337943	0.18840845634493636	-0.19680503599102217	0.05833380903755819	-0.031080351829723164	0.02869623285597466	-0.8920356006943186	1.000000000000001	-0.08775691440332872	0.06442126156081533	-0.03232159214786321	0.16907834664633914	-0.21357794487346313	0.09970548354251452	-0.07615943145453034	0.039600328823356616	-0.09011008926522743	0.09587409643450716	-0.05459646338383284	0.03946011549514612	-0.029328504842565332	0.06587588419189286	-0.062221201582419706	0.04367474386609927	-0.04182362884831325	0.020862970188931886	-0.06523449428610026	0.05928107417691424	-0.04168362238507073	0.03037470288754994	-0.03117617930817322
0.053557495755140565	-0.08095962282455292	0.19468013908697124	-0.14048375387781925	0.14641579356638462	-0.0487414460695222	0.08267640427065102	-0.2521829155335179	0.1491932132528454	-0.15970459831437733	0.08128210888398073	-0.08775691440332872	1.0000000000000027	-0.6784226997983271	0.20374935621105345	-0.1672085434388769	0.14653085465060664	-0.40511679685812374	0.28973612938200727	-0.2649371195589455	0.10697123534123938	-0.1222647194379517	0.15193860417603414	-0.12596374139823194	0.09585417000737798	-0.08902078337834739	0.0816649460015894	-0.11660680396143794	0.12468745054911434	-0.06792855850692289	0.0964840743261377	-0.09287535892326773	0.10788869339345698	-0.08982387346958104	0.09381159281504914
-0.04261895115963555	0.061914827589257454	-0.16777893126635512	0.12976151697234403	-0.15357460526360317	0.037774759482829864	-0.06650964795658329	0.1521496836748914	-0.1644707711204839	0.15287668364306578	-0.06313742094161504	0.06442126156081533	-0.6784226997983271	1.0000000000000002	-0.2838883177672612	0.11793571007473459	-0.11278018727719932	0.2825180334833187	-0.4900485126126064	0.22716157150317784	-0.08392748095177154	0.09221306117555039	-0.15218077230004956	0.13102957561150935	-0.0858093479272117	0.06765486335490281	-0.06368517628140162	0.10034116921597891	-0.12546075862473305	0.06036281796614007	-0.07764187854911235	0.07178176936337918	-0.09468695547051563	0.08168480360005316	-0.08498438191987547
0.02278056052266742	-0.03381437218929906	0.0883407161152082	-0.11847522483895805	0.2562829579868105	-0.020205530942834983	0.03591482495549161	-0.07979084587604807	0.13441930221117757	-0.40928274871802023	0.031634873744286085	-0.03232159214786321	0.20374935621105345	-0.2838883177672612	1.0000000000000007	-0.0584798915303306	0.05341661503813737	-0.12674305715361242	0.13783923397045672	-0.7962247058316956	0.04364181716139311	-0.04819773315612681	0.07944027531295628	-0.06354266616316398	0.07723200882119625	-0.035931288702082696	0.03386069822365025	-0.06068508820145003	0.06755394661593146	-0.05403480829432961	0.04271161116616116	-0.03968753458204132	0.058728472430967384	-0.05309430908852446	0.058906152486471325
-0.06660489089004205	0.05725002588687014	-0.063452201476866	0.03840585231582584	-0.04862600661891609	0.06067690906691527	-0.06488438662233234	0.056145630818261086	-0.0437872862441167	0.04569696342062441	-0.19156549757513472	0.16907834664633914	-0.1672085434388769	0.11793571007473459	-0.0584798915303306	1.0000000000000004	-0.7658188325478112	0.21810299178889206	-0.19007840414692503	0.06748890734305484	-0.37796406082750794	0.25400478883821115	-0.12901193413519976	0.09171328388383819	-0.0637519968271564	0.195269705173207	-0.18456910895516376	0.10078068236914318	-0.09664797898402125	0.045685415580744036	-0.1861360110031525	0.15410923457835005	-0.09759938764719138	0.06891783458605089	-0.06964451322263648
0.060134844327501026	-0.054474491495886866	0.056192469983446965	-0.03487200617857487	0.04366201091810784	-0.05620569725839887	0.060971143683534915	-0.05052654306385322	0.03950245220535985	-0.041603011467558126	0.16912809846526822	-0.21357794487346313	0.14653085465060664	-0.11278018727719932	0.05341661503813737	-0.7658188325478112	1.0000000000000009	-0.3164484233789976	0.17775106458549042	-0.06237222056509618	0.23898791829836025	-0.34858420271813345	0.1165983886809532	-0.08574571758635698	0.05661061929584957	-0.17984526730363312	0.17292822225844015	-0.09303687901669792	0.08667763992354637	-0.04096732064570242	0.1548950355001935	-0.14851888806358787	0.08735966350171151	-0.062375053107473974	0.06192748057682653
-0.05032042749658745	0.05911754800038513	-0.12161668566414377	0.07714469084375752	-0.09772507516950894	0.044979024181575115	-0.06476501691432243	0.10709224077780911	-0.08958320789290199	0.09228815429083718	-0.09962603503105619	0.09970548354251452	-0.40511679685812374	0.2825180334833187	-0.12674305715361242	0.21810299178889206	-0.3164484233789976	1.0000000000000004	-0.6973342919250513	0.13840369575861594	-0.1486060958319549	0.15667203126329637	-0.21779779478254213	0.17890307053155274	-0.09829211795161569	0.1108033102591995	-0.10745711496040282	0.13179764045939135	-0.16862014579234857	0.07039148980855725	-0.12347116339672537	0.1098380051307085	-0.12482948043984843	0.10461178064736133	-0.10552770027665953
0.037759269361864585	-0.046258782731473366	0.09404339659055334	-0.0770305973473852	0.0942454439663064	-0.03422012974250984	0.04952768580296622	-0.08686255197063306	0.08707826046564038	-0.09594305397193581	0.07184227709800194	-0.07615943145453034	0.28973612938200727	-0.4900485126126064	0.13783923397045672	-0.19007840414692503	0.17775106458549042	-0.6973342919250513	0.999999999999999	-0.15985509685818033	0.11395373507925417	-0.1322106928813783	0.19563329968996085	-0.24522027869125732	0.08989416224899081	-0.09260742110594239	0.086573327445214	-0.1281850323595443	0.16350498170793853	-0.06668054126021362	0.09829248957796363	-0.09388470760349764	0.11260303339363871	-0.10246811814797942	0.09639398396642987
-0.029375263515667348	0.04383044925270886	-0.11818544674018712	0.14019144506310516	-0.3447920218051782	0.02584963647977136	-0.04706917406271283	0.10164080669369696	-0.1706554450536179	0.2720976389061651	-0.03924526297116638	0.039600328823356616	-0.2649371195589455	0.22716157150317784	-0.7962247058316956	0.06748890734305484	-0.06237222056509618	0.13840369575861594	-0.15985509685818033	0.9999999999999997	-0.0529479897114099	0.05764939558311089	-0.10144185761961454	0.07761211684723265	-0.1115887343669584	0.04337878955575534	-0.04112820103962898	0.07619083829138734	-0.08665958964485243	0.07136931498204979	-0.053004088271528825	0.04858206484454751	-0.07605110978082023	0.06844399807700544	-0.07914894147377127
0.03650110936914765	-0.0347623824290085	0.04183155588385672	-0.02771872342403141	0.03666689309680182	-0.03362623378276559	0.03794291917092055	-0.037295940675554876	0.03133398660725843	-0.03474639709254462	0.08808282775619065	-0.09011008926522743	0.10697123534123938	-0.08392748095177154	0.04364181716139311	-0.37796406082750794	0.23898791829836025	-0.1486060958319549	0.11395373507925417	-0.0529479897114099	0.9999999999999988	-0.48412960237935115	0.12709164527868064	-0.08687857540788321	0.06474386637639619	-0.6430886804125586	0.29858681611981747	-0.1271744720164655	0.094060077185862	-0.04754453254344294	0.2634465386329552	-0.28179310153138815	0.11610890312498064	-0.07478423582880807	0.07245307566342937
-0.04010599351451423	0.03739266354177529	-0.04691743466490289	0.03054863324717653	-0.040509305757937146	0.036317497374404074	-0.04151120521714666	0.04150777676295886	-0.034713683293505715	0.03807471610985186	-0.0978553654556571	0.09587409643450716	-0.1222647194379517	0.09221306117555039	-0.04819773315612681	0.25400478883821115	-0.34858420271813345	0.15667203126329637	-0.1322106928813783	0.05764939558311089	-0.48412960237935115	0.999999999999999	-0.1734627345906152	0.10500586320321849	-0.07361809687782549	0.30730767243604745	-0.6048798214537533	0.13885069271242126	-0.11180671358090012	0.053805923707850395	-0.3311841258419892	0.2707923797830004	-0.13521458761286562	0.08523192438371228	-0.08322215733903554
0.027763404266987653	-0.03207939323145616	0.05738390262537419	-0.04576625693359143	0.06492896959591325	-0.02514842369517884	0.034318622536299366	-0.051452663913817864	0.0515103334799007	-0.06254176865524787	0.05281298449315564	-0.05459646338383284	0.15193860417603414	-0.15218077230004956	0.07944027531295628	-0.12901193413519976	0.1165983886809532	-0.21779779478254213	0.19563329968996085	-0.10144185761961454	0.12709164527868064	-0.1734627345906152	0.9999999999999981	-0.6427684839212243	0.16168172372240294	-0.11013602677865074	0.11482434881458442	-0.369233745045989	0.3132956613538466	-0.13303577527072458	0.13363015857414828	-0.13199983930686174	0.23789896556894227	-0.23539398015994115	0.18716608974132748
-0.020370406175923894	0.02394031776615526	-0.045158390269772086	0.0355950090095262	-0.049555213470019316	0.018388418169692788	-0.025686349126267268	0.04049629538999962	-0.04043531430594242	0.047611346780371946	-0.03841670276217244	0.03946011549514612	-0.12596374139823194	0.13102957561150935	-0.06354266616316398	0.09171328388383819	-0.08574571758635698	0.17890307053155274	-0.24522027869125732	0.07761211684723265	-0.08687857540788321	0.10500586320321849	-0.6427684839212243	0.9999999999999942	-0.1388433654824103	0.0728164856794191	-0.07580852888193712	0.22431967571564124	-0.606659604129524	0.10934848208440741	-0.09106900410936167	0.08691486043880234	-0.1851960517356409	0.2053534145612721	-0.17224875088782063
0.016419488578472228	-0.019998491241916962	0.03901261172123613	-0.03451826846207985	0.05914813803232104	-0.014764751518223672	0.02135779194404624	-0.03445212465295549	0.039494055583875774	-0.05425841223950339	0.028676920956719164	-0.029328504842565332	0.09585417000737798	-0.0858093479272117	0.07723200882119625	-0.0637519968271564	0.05661061929584957	-0.09829211795161569	0.08989416224899081	-0.1115887343669584	0.06474386637639619	-0.07361809687782549	0.16168172372240294	-0.1388433654824103	0.9999999999999978	-0.05728590967340062	0.05712932941090624	-0.19485328717445077	0.17513846642549094	-0.785580921198545	0.07744409911331022	-0.0756440949857696	0.17690104605831392	-0.2611626533835237	0.28659598854008805
-0.02866130288830558	0.027137442904490487	-0.034488323070551774	0.022732620389457774	-0.0303891798336441	0.026005258220823387	-0.029861575212468672	0.030519967802777145	-0.025793452279615377	0.02857102447737231	-0.06746752064668401	0.06587588419189286	-0.08902078337834739	0.06765486335490281	-0.035931288702082696	0.195269705173207	-0.17984526730363312	0.1108033102591995	-0.09260742110594239	0.04337878955575534	-0.6430886804125586	0.30730767243604745	-0.11013602677865074	0.0728164856794191	-0.05728590967340062	0.9999999999999978	-0.508263208052241	0.11383974273146485	-0.08297171139583008	0.041875345334475886	-0.43267558765413455	0.2846435816749655	-0.11119941654019325	0.06654865835783966	-0.06487747382339076
0.025966440466108836	-0.02491878156071754	0.03170121793288143	-0.021224738566304892	0.028524259254428332	-0.023697513085558543	0.027321907423338385	-0.028135037915794275	0.024054089473386487	-0.02687894569897447	0.061161603181388496	-0.062221201582419706	0.0816649460015894	-0.06368517628140162	0.03386069822365025	-0.18456910895516376	0.17292822225844015	-0.10745711496040282	0.086573327445214	-0.04112820103962898	0.29858681611981747	-0.6048798214537533	0.11482434881458442	-0.07580852888193712	0.05712932941090624	-0.508263208052241	0.999999999999999	-0.13408685396451955	0.0850119879646955	-0.04237283763918299	0.30314207776084756	-0.481609659849173	0.12124312512645136	-0.0696526485878182	0.0657389684987256
-0.022628905919586835	0.025433959612989027	-0.044687102879494386	0.03425864475326814	-0.05072672073088778	0.020372564942654083	-0.027420099987929485	0.039443056048434476	-0.039005535068499464	0.04715009322594687	-0.043397362530928456	0.04367474386609927	-0.11660680396143794	0.10034116921597891	-0.06068508820145003	0.10078068236914318	-0.09303687901669792	0.13179764045939135	-0.1281850323595443	0.07619083829138734	-0.1271744720164655	0.13885069271242126	-0.369233745045989	0.22431967571564124	-0.19485328717445077	0.11383974273146485	-0.13408685396451955	0.9999999999999983	-0.36831647678493595	0.1467149433256362	-0.16969381000900602	0.15829095641030302	-0.7182819941223194	0.270683651372187	-0.24998678951278958
0.021844386939120837	-0.02563055945250525	0.04714956425107056	-0.038009910271848996	0.054925252819958637	-0.01974238893606459	0.02740788507668326	-0.042192511364413626	0.04289467230487312	-0.05258365799716002	0.040594435086979797	-0.04182362884831325	0.12468745054911434	-0.12546075862473305	0.06755394661593146	-0.09664797898402125	0.08667763992354637	-0.16862014579234857	0.16350498170793853	-0.08665958964485243	0.094060077185862	-0.11180671358090012	0.3132956613538466	-0.606659604129524	0.17513846642549094	-0.08297171139583008	0.0850119879646955	-0.36831647678493595	0.9999999999999978	-0.16090538416019298	0.10705258801810652	-0.10593309246157692	0.25495530848528697	-0.43812010850704575	0.23644840714157533
-0.01157877172521533	0.014008525193412157	-0.027316304856310765	0.023862021458395038	-0.04095436607915108	0.010407362831476695	-0.014990486601826496	0.024086688240605357	-0.0274192306352718	0.03685009457004969	-0.020452999841347002	0.020862970188931886	-0.06792855850692289	0.06036281796614007	-0.05403480829432961	0.045685415580744036	-0.04096732064570242	0.07039148980855725	-0.06668054126021362	0.07136931498204979	-0.04754453254344294	0.053805923707850395	-0.13303577527072458	0.10934848208440741	-0.785580921198545	0.041875345334475886	-0.04237283763918299	0.1467149433256362	-0.16090538416019298	0.9999999999999983	-0.05774123530857759	0.056078759542453074	-0.1570140961700724	0.22399263210435785	-0.48756617603335695
0.028671004467694543	-0.028582610306909555	0.0380190973850037	-0.02647796955121394	0.036316685333494775	-0.026240888336260662	0.030953188630542864	-0.03380901498609278	0.02990382655328941	-0.0343140332668791	0.0635575486479377	-0.06523449428610026	0.0964840743261377	-0.07764187854911235	0.04271161116616116	-0.1861360110031525	0.1548950355001935	-0.12347116339672537	0.09829248957796363	-0.053004088271528825	0.2634465386329552	-0.3311841258419892	0.13363015857414828	-0.09106900410936167	0.07744409911331022	-0.43267558765413455	0.30314207776084756	-0.16969381000900602	0.10705258801810652	-0.05774123530857759	0.9999999999999991	-0.7375756617432992	0.16027088307451118	-0.09419729426581266	0.08826601037405961
-0.02707149402593466	0.0265433462124267	-0.03616085167245185	0.024626126280052646	-0.033796070090317834	0.02449802513829661	-0.02903326856872937	0.03192722550387033	-0.02794457466492814	0.031655479282274746	-0.06024964480816127	0.05928107417691424	-0.09287535892326773	0.07178176936337918	-0.03968753458204132	0.15410923457835005	-0.14851888806358787	0.1098380051307085	-0.09388470760349764	0.04858206484454751	-0.28179310153138815	0.2707923797830004	-0.13199983930686174	0.08691486043880234	-0.0756440949857696	0.2846435816749655	-0.481609659849173	0.15829095641030302	-0.10593309246157692	0.056078759542453074	-0.7375756617432992	0.9999999999999987	-0.19382903438420632	0.09417921755966002	-0.08858283741730894
0.02146911656843865	-0.02428463619630789	0.04220891482818856	-0.033201362402227555	0.04966503489829015	-0.019397332525210247	0.026066722299615493	-0.03739657973884966	0.037615918008266164	-0.04663215926417016	0.040946982627372244	-0.04168362238507073	0.10788869339345698	-0.09468695547051563	0.058728472430967384	-0.09759938764719138	0.08735966350171151	-0.12482948043984843	0.11260303339363871	-0.07605110978082023	0.11610890312498064	-0.13521458761286562	0.23789896556894227	-0.1851960517356409	0.17690104605831392	-0.11119941654019325	0.12124312512645136	-0.7182819941223194	0.25495530848528697	-0.1570140961700724	0.16027088307451118	-0.19382903438420632	0.9999999999999991	-0.4191896931219867	0.2383501703563045
-0.01612671463193106	0.018834143837388222	-0.03473510653163944	0.028122052766745946	-0.04316562774941096	0.014534393029712768	-0.020192444157953876	0.030791059084769843	-0.03199289822886288	0.0401828914080293	-0.029797973202913865	0.03037470288754994	-0.08982387346958104	0.08168480360005316	-0.05309430908852446	0.06891783458605089	-0.062375053107473974	0.10461178064736133	-0.10246811814797942	0.06844399807700544	-0.07478423582880807	0.08523192438371228	-0.23539398015994115	0.2053534145612721	-0.2611626533835237	0.06654865835783966	-0.0696526485878182	0.270683651372187	-0.43812010850704575	0.22399263210435785	-0.09419729426581266	0.09417921755966002	-0.4191896931219867	0.9999999999999992	-0.6348722034048909
0.01686774673474557	-0.019981983083061487	0.03718616977318921	-0.03091841798643872	0.04857319431174283	-0.015206923057990616	0.02135632666241815	-0.03296572466626316	0.03508381613124194	-0.045433534165644905	0.030454769074767796	-0.03117617930817322	0.09381159281504914	-0.08498438191987547	0.058906152486471325	-0.06964451322263648	0.06192748057682653	-0.10552770027665953	0.09639398396642987	-0.07914894147377127	0.07245307566342937	-0.08322215733903554	0.18716608974132748	-0.17224875088782063	0.28659598854008805	-0.06487747382339076	0.0657389684987256	-0.24998678951278958	0.23644840714157533	-0.48756617603335695	0.08826601037405961	-0.08858283741730894	0.2383501703563045	-0.6348722034048909	0.9999999999999992
