1.0	-0.7731320036878178	0.08605047906423371	-0.05856834610765263	0.07369803594661427	-0.47848954609444055	0.316475661232138	-0.09500144828238409	0.06231590729824869	-0.048330459642358284	0.1884475415969785	-0.23553757380112317	0.07615260183111983	-0.05486239783458791	0.04523120812573486	-0.12057234156906564	0.10335975915487346	-0.07769772505298697	0.04350407235170301	-0.038404747793096605	0.10013687417054129	-0.09288283417294518	0.05818379254537494	-0.03823489429234868	0.04136894397309357	-0.05776333193291845	0.047198779606741105	-0.0700160237052902	0.04579482272818176	-0.04842479167467357
-0.7731320036878178	0.9999999999999998	-0.0983647428555895	0.05969094246393499	-0.07325490893622146	0.2948451688633068	-0.5244154386388785	0.09635786578762798	-0.06246668837530942	0.04657141983837189	-0.16343461167310155	0.1826482194178647	-0.07190094543746862	0.05184309388265033	-0.04326851052206325	0.09891734131318657	-0.09195447834943259	0.07002934070280627	-0.040257987774745374	0.03533746346596335	-0.08951733703661294	0.07897551131094502	-0.052209604986267956	0.034497057302642825	-0.037761989867366605	0.04963238429506936	-0.04106104906016611	0.061405638288790865	-0.04151399413520675	0.04376285805850612
0.08605047906423371	-0.0983647428555895	0.9999999999999997	-0.5198433095014299	0.2625024206499915	-0.08403182244950318	0.09606460975589026	-0.7085308247683217	0.2640817438767053	-0.18570157147799637	0.07843526311124156	-0.10225701993804781	0.21413596908643218	-0.18808606498108726	0.1457867390447496	-0.0987504021140414	0.12897446143197044	-0.1988847893039154	0.11490383265417205	-0.10499744173860777	0.0927062203171999	-0.12795600079349126	0.11490591735348782	-0.08433518540206915	0.09753889858048712	-0.10298148133158683	0.07955252695782544	-0.14910962351415338	0.0981681508026952	-0.11997694636213416
-0.05856834610765263	0.05969094246393499	-0.5198433095014299	0.9999999999999998	-0.49877368247754356	0.0577013051694631	-0.06405277541544248	0.28659026740307014	-0.5812723005208951	0.24216171261344605	-0.059752732842726315	0.07688228854648928	-0.17000135779609807	0.20951819754361142	-0.1790630650910018	0.07890129436312569	-0.10653417566195446	0.15218098052975323	-0.11616718793575155	0.10536736255682161	-0.07653433897034606	0.1054241323369269	-0.10397650405214916	0.07905027652008358	-0.09474017911851328	0.08915575694725876	-0.06903850760287486	0.13342653846092695	-0.0923534257567486	0.11462082785019598
0.07369803594661427	-0.07325490893622146	0.2625024206499915	-0.49877368247754356	1.0000000000000004	-0.08083076100420668	0.08425547932038421	-0.3356610913548786	0.3240102274658829	-0.49774223264042855	0.08942295242923624	-0.11751074766655878	0.22336287264291554	-0.3170000411370489	0.2604090871898481	-0.12731971372279194	0.1642715878699397	-0.23786166010070153	0.177719336793722	-0.1746920945220726	0.12171518824759998	-0.1765185504208732	0.17107608292237655	-0.1317873265305332	0.15541216285562132	-0.1618505887921108	0.12118755526408143	-0.24567487184015366	0.15292129539928795	-0.20548601502007688
-0.47848954609444055	0.2948451688633068	-0.08403182244950318	0.0577013051694631	-0.08083076100420668	1.0000000000000009	-0.6593178976091872	0.09518913544441387	-0.06696024184564203	0.051151239982530634	-0.4234452507217172	0.28141241658507715	-0.08756078347702201	0.058993607307515544	-0.04952024628922661	0.1591893274478951	-0.13287082726501442	0.08672795072041313	-0.04806980649890835	0.04176785664607229	-0.14110615243625213	0.1084385853043338	-0.06567648231328997	0.04234495898092372	-0.045593287703070424	0.0629525629248171	-0.05324007471900126	0.07488246548177681	-0.050877765527685276	0.05199437862335036
0.316475661232138	-0.5244154386388785	0.09606460975589026	-0.06405277541544248	0.08425547932038421	-0.6593178976091872	1.0000000000000013	-0.12035851124011612	0.07135252404094235	-0.05431415352569892	0.2527213567910599	-0.3656335110461954	0.09179683332495563	-0.06258112496662752	0.05170318411692998	-0.14716626660635554	0.12701599641786038	-0.09126006696514528	0.049616673796734206	-0.043453200085960576	0.12200107689314911	-0.10884266016177789	0.06616057174491534	-0.04321740818195058	0.04664408618329058	-0.064777108582377	0.05360607740833277	-0.07767913676970575	0.051571700300413255	-0.053916557677732097
-0.09500144828238409	0.09635786578762798	-0.7085308247683217	0.28659026740307014	-0.3356610913548786	0.09518913544441387	-0.12035851124011612	1.0000000000000009	-0.3225789967365492	0.1935198549437456	-0.09139413395193485	0.11501320107246141	-0.3740999895203162	0.2063641088777514	-0.1747927658554142	0.10910796025729497	-0.1569296525642915	0.22322208421359588	-0.13479678051551316	0.11596033822969935	-0.10688400195106647	0.13847088074586575	-0.13259478435496563	0.09494721835033436	-0.11149752710652969	0.10639519990990154	-0.08538644409576551	0.15410803144378965	-0.11261784231871191	0.12787866047817767
0.06231590729824869	-0.06246668837530942	0.2640817438767053	-0.5812723005208951	0.3240102274658829	-0.06696024184564203	0.07135252404094235	-0.3225789967365492	1.0	-0.4485996655098572	0.07286016908680235	-0.09521294656620415	0.2105764983482672	-0.4022995362235693	0.26323103613231447	-0.10088115458814528	0.13471400175159823	-0.20389499135699152	0.1653648653360855	-0.15658709429666884	0.09669871153081946	-0.13741702182023646	0.13528585622636355	-0.10711682208507986	0.12861211871653586	-0.11783764097349357	0.09034576286686458	-0.17865525169144425	0.12178570722452109	-0.15945478201054614
-0.048330459642358284	0.04657141983837189	-0.18570157147799637	0.24216171261344605	-0.49774223264042855	0.051151239982530634	-0.05431415352569892	0.1935198549437456	-0.4485996655098572	1.0000000000000007	-0.05831148370536916	0.07488591919847429	-0.18206988255314596	0.3007582156079152	-0.6234405331260348	0.0808905249861214	-0.11302722044826477	0.16045785712924734	-0.16245145561560612	0.14615108082885353	-0.08003558761779483	0.11085831184934311	-0.11927621132469964	0.0955993522200729	-0.12200430998377194	0.09469893301695272	-0.07403356761868059	0.1457954866952663	-0.11043522217816631	0.1362736478279267
0.1884475415969785	-0.16343461167310155	0.07843526311124156	-0.059752732842726315	0.08942295242923624	-0.4234452507217172	0.2527213567910599	-0.09139413395193485	0.07286016908680235	-0.05831148370536916	0.9999999999999966	-0.726579891063028	0.11175238192657497	-0.07081581908135649	0.05842263472711991	-0.37737172687768383	0.2029344688257733	-0.11894648104396703	0.05991657827256348	-0.051970455612131435	0.2166911830104475	-0.16675116344339655	0.0862607865701357	-0.05452167381432517	0.05718475921125034	-0.0868241485122807	0.07355276185309552	-0.09793870188826373	0.06445287363770927	-0.06499742375186558
-0.23553757380112317	0.1826482194178647	-0.10225701993804781	0.07688228854648928	-0.11751074766655878	0.28141241658507715	-0.3656335110461954	0.11501320107246141	-0.09521294656620415	0.07488591919847429	-0.726579891063028	0.9999999999999968	-0.15538318674755655	0.09087493922422547	-0.07615981267412873	0.25827341629718426	-0.2900008004904439	0.14883830859036598	-0.07651855102657572	0.06540322843986562	-0.25677682293074044	0.18606883786292394	-0.10668746384955191	0.06738967780654252	-0.07179885392932409	0.09962553893022656	-0.08690842988513173	0.1160697536819186	-0.08058377097799549	0.08016365139760592
0.07615260183111983	-0.07190094543746862	0.21413596908643218	-0.17000135779609807	0.22336287264291554	-0.08756078347702201	0.09179683332495563	-0.3740999895203162	0.2105764983482672	-0.18206988255314596	0.11175238192657497	-0.15538318674755655	0.9999999999999972	-0.35625802093490266	0.1970916267309882	-0.16023426719475	0.23653010909458955	-0.6911826718852792	0.18380485123881837	-0.15863384644151687	0.14283187125754424	-0.21243737845054333	0.17087655456430154	-0.12235161466215826	0.1351211335411858	-0.1419644659910168	0.11267920096633542	-0.19932784192004305	0.13357594184423904	-0.15688218233059398
-0.05486239783458791	0.05184309388265033	-0.18808606498108726	0.20951819754361142	-0.3170000411370489	0.058993607307515544	-0.06258112496662752	0.2063641088777514	-0.4022995362235693	0.3007582156079152	-0.07081581908135649	0.09087493922422547	-0.35625802093490266	0.9999999999999963	-0.6138774992307428	0.09840474980302476	-0.14636669349099235	0.2281368335339745	-0.31927498453508263	0.21267611334748673	-0.09717930636381387	0.1344890645183998	-0.14770830928596715	0.12410246148232047	-0.15933422174772563	0.1080640827251155	-0.08612554488617553	0.16743390082826404	-0.13660855158885932	0.16671874990071933
0.04523120812573486	-0.04326851052206325	0.1457867390447496	-0.1790630650910018	0.2604090871898481	-0.04952024628922661	0.05170318411692998	-0.1747927658554142	0.26323103613231447	-0.6234405331260348	0.05842263472711991	-0.07615981267412873	0.1970916267309882	-0.6138774992307428	0.9999999999999956	-0.0836792916029905	0.11608036466000202	-0.18560185209855626	0.19783383860795453	-0.20875639816978245	0.08099312976527887	-0.11596723867383062	0.12216419969282269	-0.10525187201058589	0.13377647289589592	-0.09785340832441808	0.07594754325229716	-0.15272331443902526	0.11425775654872133	-0.15297300667807254
-0.12057234156906564	0.09891734131318657	-0.0987504021140414	0.07890129436312569	-0.12731971372279194	0.1591893274478951	-0.14716626660635554	0.10910796025729497	-0.10088115458814528	0.0808905249861214	-0.37737172687768383	0.25827341629718426	-0.16023426719475	0.09840474980302476	-0.0836792916029905	0.9999999999999993	-0.4282725732790559	0.17310047230102465	-0.08854786783539656	0.0753627860005607	-0.6978938701817878	0.2848891472478672	-0.13663235355748257	0.08284634574838327	-0.08557062982959503	0.13239889341685596	-0.11954314334517996	0.14386047939515273	-0.09812106431964235	0.09441393757012545
0.10335975915487346	-0.09195447834943259	0.12897446143197044	-0.10653417566195446	0.1642715878699397	-0.13287082726501442	0.12701599641786038	-0.1569296525642915	0.13471400175159823	-0.11302722044826477	0.2029344688257733	-0.2900008004904439	0.23653010909458955	-0.14636669349099235	0.11608036466000202	-0.4282725732790559	0.9999999999999972	-0.4264275624165844	0.1313304321526133	-0.11428744202374656	0.2951043135044463	-0.5732745182214397	0.1942837767551414	-0.12097728591841411	0.12076077665735431	-0.20715544143596012	0.17442573950557672	-0.2189452725184528	0.13504658397683486	-0.13780842245978028
-0.07769772505298697	0.07002934070280627	-0.1988847893039154	0.15218098052975323	-0.23786166010070153	0.08672795072041313	-0.09126006696514528	0.22322208421359588	-0.20389499135699152	0.16045785712924734	-0.11894648104396703	0.14883830859036598	-0.6911826718852792	0.2281368335339745	-0.18560185209855626	0.17310047230102465	-0.4264275624165844	0.9999999999999988	-0.22817894149750378	0.16307160388943837	-0.16732919611051356	0.22679258099571656	-0.2192656957625582	0.13644181981751138	-0.15027950175074772	0.13996200461086508	-0.11950291886992034	0.19864429657810945	-0.15014854063280703	0.15885646355787816
0.04350407235170301	-0.040257987774745374	0.11490383265417205	-0.11616718793575155	0.177719336793722	-0.04806980649890835	0.049616673796734206	-0.13479678051551316	0.1653648653360855	-0.16245145561560612	0.05991657827256348	-0.07651855102657572	0.18380485123881837	-0.31927498453508263	0.19783383860795453	-0.08854786783539656	0.1313304321526133	-0.22817894149750378	0.9999999999999977	-0.7678154913214631	0.08967695404489467	-0.13015356205229134	0.17974889468811375	-0.230312169886112	0.2707807316180263	-0.11312566074924446	0.09011258741152457	-0.20145083630784455	0.1915579438469166	-0.2887503071498835
-0.038404747793096605	0.03533746346596335	-0.10499744173860777	0.10536736255682161	-0.1746920945220726	0.04176785664607229	-0.043453200085960576	0.11596033822969935	-0.15658709429666884	0.14615108082885353	-0.051970455612131435	0.06540322843986562	-0.15863384644151687	0.21267611334748673	-0.20875639816978245	0.0753627860005607	-0.11428744202374656	0.16307160388943837	-0.7678154913214631	0.9999999999999978	-0.07873229642509658	0.11086693933029121	-0.17365343907725678	0.2005423281513793	-0.4434021364426171	0.09609193034814852	-0.07788885343052084	0.1713333884458463	-0.19335707635568203	0.24669959423322899
0.10013687417054129	-0.08951733703661294	0.0927062203171999	-0.07653433897034606	0.12171518824759998	-0.14110615243625213	0.12200107689314911	-0.10688400195106647	0.09669871153081946	-0.08003558761779483	0.2166911830104475	-0.25677682293074044	0.14283187125754424	-0.09717930636381387	0.08099312976527887	-0.6978938701817878	0.2951043135044463	-0.16732919611051356	0.08967695404489467	-0.07873229642509658	0.9999999999999971	-0.5125423675683186	0.15704185341582075	-0.09460054863100567	0.09238341130597008	-0.18741473951347154	0.15700676181961198	-0.18124944275046234	0.10826670220094156	-0.1054582379942506
-0.09288283417294518	0.07897551131094502	-0.12795600079349126	0.1054241323369269	-0.1765185504208732	0.1084385853043338	-0.10884266016177789	0.13847088074586575	-0.13741702182023646	0.11085831184934311	-0.16675116344339655	0.18606883786292394	-0.21243737845054333	0.1344890645183998	-0.11596723867383062	0.2848891472478672	-0.5732745182214397	0.22679258099571656	-0.13015356205229134	0.11086693933029121	-0.5125423675683186	0.9999999999999964	-0.2895649455069725	0.1435535025861398	-0.13677607021726426	0.23556618114934644	-0.30158792702734893	0.23792219690190916	-0.16481217150748534	0.14516854232905618
0.05818379254537494	-0.052209604986267956	0.11490591735348782	-0.10397650405214916	0.17107608292237655	-0.06567648231328997	0.06616057174491534	-0.13259478435496563	0.13528585622636355	-0.11927621132469964	0.0862607865701357	-0.10668746384955191	0.17087655456430154	-0.14770830928596715	0.12216419969282269	-0.13663235355748257	0.1942837767551414	-0.2192656957625582	0.17974889468811375	-0.17365343907725678	0.15704185341582075	-0.2895649455069725	0.9999999999999961	-0.5120072891669322	0.24466017918119978	-0.23316703985744258	0.19568037958350953	-0.6163034339107847	0.298462322398364	-0.2860676093040493
-0.03823489429234868	0.034497057302642825	-0.08433518540206915	0.07905027652008358	-0.1317873265305332	0.04234495898092372	-0.04321740818195058	0.09494721835033436	-0.10711682208507986	0.0955993522200729	-0.05452167381432517	0.06738967780654252	-0.12235161466215826	0.12410246148232047	-0.10525187201058589	0.08284634574838327	-0.12097728591841411	0.13644181981751138	-0.230312169886112	0.2005423281513793	-0.09460054863100567	0.1435535025861398	-0.5120072891669322	0.999999999999996	-0.45204486416781126	0.13027272827072758	-0.10888555284827792	0.2781794546024098	-0.6113204851607306	0.30719781141915353
0.04136894397309357	-0.037761989867366605	0.09753889858048712	-0.09474017911851328	0.15541216285562132	-0.045593287703070424	0.04664408618329058	-0.11149752710652969	0.12861211871653586	-0.12200430998377194	0.05718475921125034	-0.07179885392932409	0.1351211335411858	-0.15933422174772563	0.13377647289589592	-0.08557062982959503	0.12076077665735431	-0.15027950175074772	0.2707807316180263	-0.4434021364426171	0.09238341130597008	-0.13677607021726426	0.24466017918119978	-0.45204486416781126	0.9999999999999952	-0.13316510695811065	0.10631105439233028	-0.26627722788284786	0.3009847660834559	-0.6212935878779875
-0.05776333193291845	0.04963238429506936	-0.10298148133158683	0.08915575694725876	-0.1618505887921108	0.0629525629248171	-0.064777108582377	0.10639519990990154	-0.11783764097349357	0.09469893301695272	-0.0868241485122807	0.09962553893022656	-0.1419644659910168	0.1080640827251155	-0.09785340832441808	0.13239889341685596	-0.20715544143596012	0.13996200461086508	-0.11312566074924446	0.09609193034814852	-0.18741473951347154	0.23556618114934644	-0.23316703985744258	0.13027272827072758	-0.13316510695811065	0.999999999999996	-0.8457058242201714	0.25412479716423897	-0.18026721040155802	0.13291220816830246
0.047198779606741105	-0.04106104906016611	0.07955252695782544	-0.06903850760287486	0.12118755526408143	-0.05324007471900126	0.05360607740833277	-0.08538644409576551	0.09034576286686458	-0.07403356761868059	0.07355276185309552	-0.08690842988513173	0.11267920096633542	-0.08612554488617553	0.07594754325229716	-0.11954314334517996	0.17442573950557672	-0.11950291886992034	0.09011258741152457	-0.07788885343052084	0.15700676181961198	-0.30158792702734893	0.19568037958350953	-0.10888555284827792	0.10631105439233028	-0.8457058242201714	0.9999999999999966	-0.33974110273362856	0.14139829271129573	-0.11035608281868733
-0.0700160237052902	0.061405638288790865	-0.14910962351415338	0.13342653846092695	-0.24567487184015366	0.07488246548177681	-0.07767913676970575	0.15410803144378965	-0.17865525169144425	0.1457954866952663	-0.09793870188826373	0.1160697536819186	-0.19932784192004305	0.16743390082826404	-0.15272331443902526	0.14386047939515273	-0.2189452725184528	0.19864429657810945	-0.20145083630784455	0.1713333884458463	-0.18124944275046234	0.23792219690190916	-0.6163034339107847	0.2781794546024098	-0.26627722788284786	0.25412479716423897	-0.33974110273362856	0.9999999999999962	-0.3912533516083476	0.24915900956660586
0.04579482272818176	-0.04151399413520675	0.0981681508026952	-0.0923534257567486	0.15292129539928795	-0.050877765527685276	0.051571700300413255	-0.11261784231871191	0.12178570722452109	-0.11043522217816631	0.06445287363770927	-0.08058377097799549	0.13357594184423904	-0.13660855158885932	0.11425775654872133	-0.09812106431964235	0.13504658397683486	-0.15014854063280703	0.1915579438469166	-0.19335707635568203	0.10826670220094156	-0.16481217150748534	0.298462322398364	-0.6113204851607306	0.3009847660834559	-0.18026721040155802	0.14139829271129573	-0.3912533516083476	0.9999999999999966	-0.543974385393011
-0.04842479167467357	0.04376285805850612	-0.11997694636213416	0.11462082785019598	-0.20548601502007688	0.05199437862335036	-0.053916557677732097	0.12787866047817767	-0.15945478201054614	0.1362736478279267	-0.06499742375186558	0.08016365139760592	-0.15688218233059398	0.16671874990071933	-0.15297300667807254	0.09441393757012545	-0.13780842245978028	0.15885646355787816	-0.2887503071498835	0.24669959423322899	-0.1054582379942506	0.14516854232905618	-0.2860676093040493	0.30719781141915353	-0.6212935878779875	0.13291220816830246	-0.11035608281868733	0.24915900956660586	-0.543974385393011	0.9999999999999964
