1.0	-0.5244823820022686	0.26732029771468685	-0.15144928765831123	0.1555541862408032	-0.6204804195206575	0.26983846064896677	-0.25639100115288416	0.1431502365808583	-0.10984807746370451	0.2698131517356353	-0.2310368339824683	0.19158232581901066	-0.15251254666800948	0.11367093064951105	-0.259050889396882	0.19645168830028822	-0.1747123428323533	0.10621772535755176	-0.1220420879987032	0.14400511947025693	-0.16559738729893453	0.12525150205623498	-0.11530072585019496	0.10010543528065723	-0.19035166304973755	0.12938517166666183	-0.13128581463376102	0.10231592124638704	-0.09079735797951738	0.07817491348468471	-0.11545317573868684	0.11624517421914989	-0.09472572194955133	0.09527381449834367	-0.07337568620018066	0.07319256961305853	-0.07993256189567587	0.07071565659683153	-0.09023926042091043	0.064018427866174	-0.08375728817348783	0.06767975384437666	-0.07263282793293027	0.0946658681934599
-0.5244823820022686	1.0	-0.6286910187352897	0.19656161388825574	-0.21205445126682498	0.2571451009685296	-0.3752840731679261	0.2416957264724911	-0.15205257811588146	0.11419135811312033	-0.20480088702923757	0.20666879229699084	-0.18283066271418272	0.14649807095560952	-0.117724899837493	0.17718458376208035	-0.17534314580356952	0.149163883207893	-0.09894956315197997	0.11222799357170152	-0.10899794765348687	0.13706148377243832	-0.10753575563792726	0.10049109123611767	-0.08835382236132375	0.13792317934943188	-0.10801683450665425	0.1099081083373959	-0.0887746306536021	0.07818356539469673	-0.06554268831847651	0.09569255484323924	-0.09871496323501512	0.08072975791063153	-0.08245227545383169	0.06099780295389233	-0.061241725051398584	0.06677147735274674	-0.05992897368437336	0.0761284601547908	-0.053958947238091914	0.06974078277912625	-0.05690539132520908	0.06129955091007929	-0.08112622628975258
0.26732029771468685	-0.6286910187352897	0.9999999999999998	-0.40800090445363857	0.2622072299114032	-0.24244710753875806	0.2577085949327614	-0.3420637256069555	0.20159150438125475	-0.15792875026576153	0.19135565219898676	-0.21382398745998335	0.2131759119172777	-0.20135124195749649	0.150419717228505	-0.2072091317440746	0.18933405174529908	-0.189602910446019	0.1296042853651664	-0.15230065755741698	0.12839676704731165	-0.17097555651371252	0.13451272129258957	-0.13079333527280182	0.1124982655634086	-0.17369739568634016	0.133697218459676	-0.14092223762151126	0.11288262097721954	-0.10131479093182738	0.08366337331494761	-0.12299011431486646	0.12433760449020537	-0.1041755154205144	0.10494766832768371	-0.07907469247064579	0.07890800898443133	-0.08678029618762696	0.077314087446079	-0.09931303039217464	0.0700789406638468	-0.0911069060560865	0.0735058660168329	-0.07946771604028424	0.1030657099123297
-0.15144928765831123	0.19656161388825574	-0.40800090445363857	0.9999999999999999	-0.7799948532163112	0.12530827666524896	-0.1541101357807221	0.20817356204202553	-0.30528420706631043	0.19709237303752808	-0.11577715169421565	0.12722167830748005	-0.1572924544561687	0.1973765165816231	-0.18015465112681905	0.11981807553005445	-0.12297716374340334	0.12720770120722305	-0.11638814635791457	0.13375200679044835	-0.07844601375856924	0.11014038635408534	-0.09232076598079932	0.0972956519786248	-0.08497894593893066	0.10321934471827987	-0.08833400997782408	0.0940238303320515	-0.08135430026984292	0.07246607130444555	-0.05602409428352861	0.0810105843490435	-0.08456720930817373	0.07251104130121815	-0.07499142592359638	0.05240221292917439	-0.052761609120401363	0.058005623528730996	-0.05299976042628297	0.06771934722768404	-0.04711636413788926	0.060572187350384527	-0.04957254453325611	0.05403037567077448	-0.07150070469700684
0.1555541862408032	-0.21205445126682498	0.2622072299114032	-0.7799948532163112	0.9999999999999996	-0.14569108210803547	0.16854530751337665	-0.2541076616940715	0.2506751644072884	-0.2880516370084446	0.13341540930217635	-0.15069656052277153	0.1812787450857498	-0.2370253999230162	0.2027648851354889	-0.1487954382604688	0.14623947042934227	-0.15966004757843166	0.13871938067608283	-0.17075249428090605	0.09721455661490225	-0.13855117370986308	0.11445164478437357	-0.12156064734360081	0.10389114931435683	-0.1316256166392082	0.10998765169314682	-0.11875415859879322	0.10042207253492226	-0.09077523176856121	0.0704795744131986	-0.1026663878793755	0.10530865315292184	-0.09103446505213776	0.09275519982062784	-0.06659915163123609	0.06672005504845736	-0.07368176532483461	0.06667730170601888	-0.08584690224937791	0.05970752540627416	-0.07723922662552105	0.06263090783587955	-0.0682757910106564	0.08889200227796332
-0.6204804195206575	0.2571451009685296	-0.24244710753875806	0.12530827666524896	-0.14569108210803547	0.9999999999999992	-0.35332916911683976	0.2167851419408769	-0.12905981646401568	0.09591822439338707	-0.5448070760469662	0.2400382062475502	-0.18888228776686727	0.13249135153714334	-0.10344254291336001	0.24716086309068802	-0.20738150482148834	0.1546957779151503	-0.09395905664468514	0.10465173774069558	-0.1436965028945431	0.14834363593830263	-0.11330720183278396	0.10091036028851942	-0.08970282274233146	0.16329406455902593	-0.11804262088797665	0.11497582546319575	-0.0914532667993442	0.07949278878463703	-0.06910775061818199	0.10072666011719884	-0.10439640972678821	0.08302196379736484	-0.08502881700895978	0.06359113084620857	-0.06397454143153943	0.06916603566672139	-0.061932335090016374	0.07802400350214712	-0.0557337166136566	0.07202656103534312	-0.0590808438832448	0.06322793001698412	-0.08454542448537214
0.26983846064896677	-0.3752840731679261	0.2577085949327614	-0.1541101357807221	0.16854530751337665	-0.35332916911683976	0.9999999999999992	-0.469917195020857	0.1837328398013554	-0.12994509362151424	0.2623947767480592	-0.5544748908849898	0.27305250610325893	-0.19250349611233925	0.13630082905372742	-0.24398289300510884	0.26530842082910355	-0.21928999415237138	0.12806354142765622	-0.14407617590076405	0.14486369178056324	-0.2008002096745776	0.15155707207262134	-0.13500053279693966	0.11738594299157441	-0.18362199440277954	0.149358144936252	-0.1529043314731116	0.11839347224302707	-0.10397296449905756	0.08784644991128117	-0.1309344552735127	0.1343274265306993	-0.10785051094086813	0.10932316687464169	-0.08180477237061602	0.08215799539338832	-0.08930314565912639	0.07956313697345047	-0.10073827029813977	0.07018364228022317	-0.09300322110413331	0.07574122222708207	-0.08113758946829376	0.10688237738372705
-0.25639100115288416	0.2416957264724911	-0.3420637256069555	0.20817356204202553	-0.2541076616940715	0.2167851419408769	-0.469917195020857	0.9999999999999993	-0.3824610136346719	0.1956856926358077	-0.2294123243991547	0.2780095749883385	-0.49151404613680155	0.2726594776587602	-0.21855804367604478	0.2067815136175262	-0.26426501026768195	0.24029433899377461	-0.17466180472985146	0.18528427667401473	-0.1394238232443754	0.19812071420559466	-0.17414584150423001	0.16109080628261974	-0.14684432906978298	0.16979301010087977	-0.16233697971759412	0.1663706433643719	-0.14362990901436773	0.12335858686946988	-0.09919756761760173	0.14131722658880996	-0.15457818635814885	0.12557870181421044	-0.13284571777960832	0.09036668284550144	-0.09202044010126519	0.09975010547864903	-0.09232540978109983	0.1156528655290507	-0.08195524557874681	0.10328809399994104	-0.08630832519516497	0.09351349097567051	-0.12861049925326531
0.1431502365808583	-0.15205257811588146	0.20159150438125475	-0.30528420706631043	0.2506751644072884	-0.12905981646401568	0.1837328398013554	-0.3824610136346719	0.9999999999999999	-0.4235740473318776	0.1330038844646034	-0.16232967729437836	0.2509922562330091	-0.6249895414448018	0.275089378846521	-0.13839594161383187	0.1587578689089299	-0.181136147119281	0.21397800127347905	-0.24677827763821863	0.09428276758484692	-0.14455509606662295	0.1298388977786155	-0.14974047818969785	0.12681193721107092	-0.12175882422806711	0.11661590733902652	-0.12747140243563074	0.11562509691209871	-0.10312242657164855	0.07375560868207749	-0.10656115948926147	0.11429797653337398	-0.09999312544702989	0.10480877586562569	-0.06851039991531248	0.0695493035545546	-0.0764487388742739	0.07125546898282356	-0.09067737365535422	0.060887865962679436	-0.07925628497181772	0.06556705718876454	-0.07187722833201322	0.09602516857926416
-0.10984807746370451	0.11419135811312033	-0.15792875026576153	0.19709237303752808	-0.2880516370084446	0.09591822439338707	-0.12994509362151424	0.1956856926358077	-0.4235740473318776	0.9999999999999991	-0.09966310457915961	0.114221956163118	-0.16991342955793112	0.2500593984842371	-0.7688318621838328	0.10349611229056861	-0.11870197462341472	0.1320663465565685	-0.18268609544472575	0.21214786634612576	-0.07148025350774656	0.10882421863768987	-0.09927536152388773	0.11881476546150381	-0.10693195913034853	0.09207909336528043	-0.08969579593860398	0.09746251299218828	-0.0947118422810951	0.08350065797324636	-0.05774551591430066	0.08222078295080397	-0.08935211086186057	0.07992564943406037	-0.08585842577944597	0.05337870454237295	-0.05443568039011472	0.059902267124510244	-0.056797302920170656	0.07206803374406015	-0.04814710985692511	0.061978604729788986	-0.05170285173546685	0.05704181172838471	-0.07723895159830847
0.2698131517356353	-0.20480088702923757	0.19135565219898676	-0.11577715169421565	0.13341540930217635	-0.5448070760469662	0.2623947767480592	-0.2294123243991547	0.1330038844646034	-0.09966310457915961	0.999999999999997	-0.37573314603675195	0.21095340444027497	-0.1453077682724229	0.10804640448727788	-0.5506279451249725	0.25984272303737094	-0.19035318189467626	0.10545966513915662	-0.11761434350446456	0.2112539676120925	-0.1910611050864078	0.13787938086490026	-0.11905421925577626	0.10458880080658338	-0.2523808801327694	0.14811278531394304	-0.14178674350580797	0.10776723344592899	-0.09380126710605198	0.08379648204695112	-0.12469950365371257	0.12626230241796305	-0.09884751792301338	0.09993494944626578	-0.07741272517457776	0.0774993943677782	-0.08355997499106173	0.07372219441361122	-0.09281180411942674	0.06550404848172067	-0.0869786283481058	0.07084177027675931	-0.07525329398360475	0.09943356544273851
-0.2310368339824683	0.20666879229699084	-0.21382398745998335	0.12722167830748005	-0.15069656052277153	0.2400382062475502	-0.5544748908849898	0.2780095749883385	-0.16232967729437836	0.114221956163118	-0.37573314603675195	0.9999999999999977	-0.3880920233455698	0.17710958750077183	-0.12655723463434088	0.25524779727463665	-0.5059645836893001	0.23292455957182212	-0.12349829932009337	0.13268744760332457	-0.15372228028499837	0.21542810944405888	-0.163519805820673	0.1328620341617649	-0.11772585015242086	0.1781005865223966	-0.1606165222647609	0.15462794930584522	-0.11876683731062758	0.10192509669361083	-0.08779454805473202	0.1308566470351456	-0.13817025397020893	0.10629548857730321	-0.10890387383004081	0.08019464201926121	-0.08126131779040185	0.0872017828699067	-0.07809592964895075	0.09755900019315356	-0.06761752587150321	0.09013230940691228	-0.07429354272640831	0.07901412202219198	-0.1058577224279821
0.19158232581901066	-0.18283066271418272	0.2131759119172777	-0.1572924544561687	0.1812787450857498	-0.18888228776686727	0.27305250610325893	-0.49151404613680155	0.2509922562330091	-0.16991342955793112	0.21095340444027497	-0.3880920233455698	0.9999999999999981	-0.3927371334309623	0.18255761333367873	-0.22496987796257567	0.2769882628437809	-0.45160203405221605	0.1976987538210898	-0.21234525718224923	0.1489691551982165	-0.25119456896099285	0.22941977021854293	-0.196021128538493	0.16327210179135557	-0.19158879173021162	0.1887983496963961	-0.21637317216221835	0.15982299089335308	-0.14087197376555893	0.11128511625703104	-0.16857441788912417	0.17836805305678738	-0.1432217400406271	0.14457510863374853	-0.1038325710250287	0.1048484167675608	-0.11428479421949699	0.10264506319414961	-0.12984553071646485	0.08651575142625156	-0.11820506960630858	0.0965643897111691	-0.10369531297272136	0.13601876497880377
-0.15251254666800948	0.14649807095560952	-0.20135124195749649	0.1973765165816231	-0.2370253999230162	0.13249135153714334	-0.19250349611233925	0.2726594776587602	-0.6249895414448018	0.2500593984842371	-0.1453077682724229	0.17710958750077183	-0.3927371334309623	1.000000000000003	-0.31084215749642663	0.14525344259639011	-0.18119669069426475	0.20703046958633076	-0.3824429954347376	0.26490746173280694	-0.10149886670624299	0.15858903585724032	-0.15384462089561313	0.18150336688442723	-0.1608721700821747	0.12723323783877927	-0.1315733360508476	0.1428122959104226	-0.13986054355045452	0.12089346083337393	-0.08277691578792788	0.11790199699175004	-0.13143959829371105	0.1152949092812874	-0.12477742885296655	0.07572598485845063	-0.07766272717140978	0.08496775081216944	-0.08113917476576712	0.10205167535894351	-0.0675733742817903	0.08741010147244845	-0.07355265156336296	0.08091605684670135	-0.11079050050489961
0.11367093064951105	-0.117724899837493	0.150419717228505	-0.18015465112681905	0.2027648851354889	-0.10344254291336001	0.13630082905372742	-0.21855804367604478	0.275089378846521	-0.7688318621838328	0.10804640448727788	-0.12655723463434088	0.18255761333367873	-0.31084215749642663	0.9999999999999931	-0.11711151043927756	0.1315162719100732	-0.156215883335083	0.21407919595580838	-0.35241001701547914	0.08109144054585826	-0.1269255059143174	0.11521101635955693	-0.1438776435569606	0.12248187979547565	-0.1063700050363611	0.10314503886659594	-0.11446480873110812	0.10841385428962427	-0.0981146922234046	0.06665904865308592	-0.09595949278315345	0.10274442399820168	-0.09308199496935911	0.09798820668413559	-0.06221010647077473	0.06319357283486698	-0.06985171559302635	0.06568933144173882	-0.08407094859246314	0.055493835565070884	-0.0724363977702023	0.05990638064529269	-0.06614863407746074	0.08792018324819478
-0.259050889396882	0.17718458376208035	-0.2072091317440746	0.11981807553005445	-0.1487954382604688	0.24716086309068802	-0.24398289300510884	0.2067815136175262	-0.13839594161383187	0.10349611229056861	-0.5506279451249725	0.25524779727463665	-0.22496987796257567	0.14525344259639011	-0.11711151043927756	0.9999999999999983	-0.3995391430882787	0.19879607614445094	-0.11184485328019599	0.12058944885886323	-0.47573449575138255	0.2157391938951185	-0.15594592277799105	0.1278732025314101	-0.11708133516841297	0.28953929042202886	-0.17964296820059147	0.15418173326172058	-0.12153758542669904	0.10244086795396229	-0.09547293097677247	0.13754848049319437	-0.14524664636827123	0.10883727717432141	-0.11295331020868543	0.085053646096675	-0.08626607009454386	0.09123754995806205	-0.08180361046183454	0.10096810378043944	-0.07310281370569552	0.09419782407806224	-0.07855933760956547	0.08291459490333411	-0.11391790138453174
0.19645168830028822	-0.17534314580356952	0.18933405174529908	-0.12297716374340334	0.14623947042934227	-0.20738150482148834	0.26530842082910355	-0.26426501026768195	0.1587578689089299	-0.11870197462341472	0.25984272303737094	-0.5059645836893001	0.2769882628437809	-0.18119669069426475	0.1315162719100732	-0.3995391430882787	0.9999999999999953	-0.3832674671679879	0.14331857583353977	-0.15514502562385965	0.20433660763984926	-0.4377132015795448	0.23763526123436218	-0.17410085320517066	0.14887165103401706	-0.24617413963807935	0.23266506619711955	-0.22436681935900546	0.15254532126410228	-0.1308762765383687	0.1167889860529117	-0.18634935457058163	0.18709640342803943	-0.138714805682637	0.1383221298547422	-0.10774607724243646	0.10880105947029217	-0.11607063946636965	0.10102715745145398	-0.12570825527765953	0.08439526098151028	-0.11952042119077985	0.09727347916034866	-0.10189267379955011	0.13360258361454724
-0.1747123428323533	0.149163883207893	-0.189602910446019	0.12720770120722305	-0.15966004757843166	0.1546957779151503	-0.21928999415237138	0.24029433899377461	-0.181136147119281	0.1320663465565685	-0.19035318189467626	0.23292455957182212	-0.45160203405221605	0.20703046958633076	-0.156215883335083	0.19879607614445094	-0.3832674671679879	0.9999999999999963	-0.2117122521131408	0.18690768292062657	-0.1487856819262998	0.2826863012526263	-0.5657994290489354	0.23029507057553947	-0.20813384233993593	0.17382081557855192	-0.24178582167543183	0.2696173862482616	-0.19882600386672147	0.1599420887116058	-0.1268304677627664	0.18925985360568465	-0.2407273865985332	0.16456369682029165	-0.1721824161461515	0.11239287795549131	-0.11697224459331941	0.12392238683406677	-0.1147974769652607	0.13988890221068243	-0.0912073199268247	0.12519813350713765	-0.10643348189775145	0.11281333527704912	-0.15482136432200883
0.10621772535755176	-0.09894956315197997	0.1296042853651664	-0.11638814635791457	0.13871938067608283	-0.09395905664468514	0.12806354142765622	-0.17466180472985146	0.21397800127347905	-0.18268609544472575	0.10545966513915662	-0.12349829932009337	0.1976987538210898	-0.3824429954347376	0.21407919595580838	-0.11184485328019599	0.14331857583353977	-0.2117122521131408	0.999999999999998	-0.7468121782062178	0.08170914020804339	-0.14405747105338404	0.1616655321382403	-0.3490546741874991	0.20713325461539364	-0.1030098552905152	0.1199148444254371	-0.14087719507977664	0.15686236062977096	-0.14182519759048773	0.07567156197358636	-0.10887735423556187	0.12490014438032453	-0.12182656321467152	0.1315988040025163	-0.0693054260388351	0.07193992150137926	-0.07946307300240768	0.0790895713482013	-0.10002130649950285	0.0593147356118535	-0.08062347754384759	0.06864755962559448	-0.07699401621027847	0.10425177322069656
-0.1220420879987032	0.11222799357170152	-0.15230065755741698	0.13375200679044835	-0.17075249428090605	0.10465173774069558	-0.14407617590076405	0.18528427667401473	-0.24677827763821863	0.21214786634612576	-0.11761434350446456	0.13268744760332457	-0.21234525718224923	0.26490746173280694	-0.35241001701547914	0.12058944885886323	-0.15514502562385965	0.18690768292062657	-0.7468121782062178	0.9999999999999983	-0.08843773934984198	0.1467833029897422	-0.1581219321386123	0.23918355662959961	-0.2340901144801534	0.11006071589957263	-0.12737363470526508	0.14160541775327426	-0.17241641450527262	0.14752327160289164	-0.08270904512664531	0.11532915167862094	-0.13446746891905756	0.12960957257229488	-0.14898869792482816	0.07488245095050232	-0.07811326736876441	0.08598905071195456	-0.08706890642558868	0.10885228751558845	-0.06647964564234113	0.08729583902175578	-0.07528052114266345	0.08460583828360758	-0.11828190916378208
0.14400511947025693	-0.10899794765348687	0.12839676704731165	-0.07844601375856924	0.09721455661490225	-0.1436965028945431	0.14486369178056324	-0.1394238232443754	0.09428276758484692	-0.07148025350774656	0.2112539676120925	-0.15372228028499837	0.1489691551982165	-0.10149886670624299	0.08109144054585826	-0.47573449575138255	0.20433660763984926	-0.1487856819262998	0.08170914020804339	-0.08843773934984198	0.9999999999999983	-0.2168499555428684	0.12721526906053363	-0.100581387626479	0.0908894744126717	-0.7795382469068916	0.17669118847374446	-0.13513348761525484	0.09668002736528246	-0.08118941552301516	0.08330790318316524	-0.12682364598694934	0.12309216741418663	-0.08836567389378189	0.08950791629600957	-0.07450017375888184	0.07408481799771781	-0.07732938254643797	0.06668764052252263	-0.08175130838464463	0.05796334927903742	-0.07961500346709932	0.0653702935992238	-0.06750100912864147	0.090742050937129
-0.16559738729893453	0.13706148377243832	-0.17097555651371252	0.11014038635408534	-0.13855117370986308	0.14834363593830263	-0.2008002096745776	0.19812071420559466	-0.14455509606662295	0.10882421863768987	-0.1910611050864078	0.21542810944405888	-0.25119456896099285	0.15858903585724032	-0.1269255059143174	0.2157391938951185	-0.4377132015795448	0.2826863012526263	-0.14405747105338404	0.1467833029897422	-0.2168499555428684	0.9999999999999966	-0.41708957331767677	0.1980160724838149	-0.18264121254542556	0.21869931539264487	-0.5552432088420878	0.2863040140660611	-0.18980694843547977	0.15077247970624671	-0.15349007217483907	0.24934107519773765	-0.2672278501832694	0.16528429325990399	-0.16836710777346775	0.13102218384525446	-0.1384212250891503	0.13814758527628718	-0.12028097274865626	0.14315222101645408	-0.09504885483911038	0.13880298498893578	-0.11715039816678283	0.11828730885156492	-0.16073880229405374
0.12525150205623498	-0.10753575563792726	0.13451272129258957	-0.09232076598079932	0.11445164478437357	-0.11330720183278396	0.15155707207262134	-0.17414584150423001	0.1298388977786155	-0.09927536152388773	0.13787938086490026	-0.163519805820673	0.22941977021854293	-0.15384462089561313	0.11521101635955693	-0.15594592277799105	0.23763526123436218	-0.5657994290489354	0.1616655321382403	-0.1581219321386123	0.12721526906053363	-0.41708957331767677	0.9999999999999938	-0.3298741266896784	0.20437804360846773	-0.1538630375644737	0.2565471759958522	-0.5040301412142921	0.19353350595281713	-0.159507946206886	0.11929646337352436	-0.20138242398449513	0.24376349332139954	-0.16357107540106466	0.158702162660134	-0.1083493544788633	0.11244385479480185	-0.11954336605542358	0.10703322510055607	-0.1307050565919799	0.07860452536099292	-0.11921271746009743	0.09931404411080916	-0.10415375229950052	0.1367699654451929
-0.11530072585019496	0.10049109123611767	-0.13079333527280182	0.0972956519786248	-0.12156064734360081	0.10091036028851942	-0.13500053279693966	0.16109080628261974	-0.14974047818969785	0.11881476546150381	-0.11905421925577626	0.1328620341617649	-0.196021128538493	0.18150336688442723	-0.1438776435569606	0.1278732025314101	-0.17410085320517066	0.23029507057553947	-0.3490546741874991	0.23918355662959961	-0.100581387626479	0.1980160724838149	-0.3298741266896784	0.9999999999999974	-0.6404738047479679	0.12411757840748777	-0.17449703058156002	0.21431476497623808	-0.35875132789954056	0.27587507068137984	-0.10990700546853244	0.1567515225582664	-0.19402199149968447	0.21493399244787356	-0.2453417325610612	0.09927808485250843	-0.10571252918668766	0.11748260623392759	-0.1267111917220123	0.15788802307940666	-0.08135919141272369	0.11643218913045499	-0.10230910961159204	0.11752428339153473	-0.1608003187221951
0.10010543528065723	-0.08835382236132375	0.1124982655634086	-0.08497894593893066	0.10389114931435683	-0.08970282274233146	0.11738594299157441	-0.14684432906978298	0.12681193721107092	-0.10693195913034853	0.10458880080658338	-0.11772585015242086	0.16327210179135557	-0.1608721700821747	0.12248187979547565	-0.11708133516841297	0.14887165103401706	-0.20813384233993593	0.20713325461539364	-0.2340901144801534	0.0908894744126717	-0.18264121254542556	0.20437804360846773	-0.6404738047479679	0.9999999999999932	-0.11641460842927291	0.15233390788978338	-0.19580083912265214	0.2705605773258303	-0.5428273994320592	0.10274876637551332	-0.14937236808764104	0.17024822763869524	-0.2209671535444443	0.24713251742700473	-0.09614392561272228	0.10141858917602045	-0.11614318818101976	0.12533135010420188	-0.17010230162360873	0.07697079893754448	-0.11530751805584936	0.09931439307790313	-0.11751494102768592	0.15009159093188254
-0.19035166304973755	0.13792317934943188	-0.17369739568634016	0.10321934471827987	-0.1316256166392082	0.16329406455902593	-0.18362199440277954	0.16979301010087977	-0.12175882422806711	0.09207909336528043	-0.2523808801327694	0.1781005865223966	-0.19158879173021162	0.12723323783877927	-0.1063700050363611	0.28953929042202886	-0.24617413963807935	0.17382081557855192	-0.1030098552905152	0.11006071589957263	-0.7795382469068916	0.21869931539264487	-0.1538630375644737	0.12411757840748777	-0.11641460842927291	0.9999999999999952	-0.2566616121272953	0.16324002155441497	-0.12477858719988692	0.10268860494643477	-0.11027187607337781	0.1566637206489225	-0.15991710280743823	0.11206180600746282	-0.11639524189427947	0.09416840617878817	-0.09487854139175705	0.09730008304972962	-0.08565501223669836	0.10372446663954998	-0.0762960178787726	0.09976604503099827	-0.08381191819465847	0.08643938471769096	-0.1201919397091433
0.12938517166666183	-0.10801683450665425	0.133697218459676	-0.08833400997782408	0.10998765169314682	-0.11804262088797665	0.149358144936252	-0.16233697971759412	0.11661590733902652	-0.08969579593860398	0.14811278531394304	-0.1606165222647609	0.1887983496963961	-0.1315733360508476	0.10314503886659594	-0.17964296820059147	0.23266506619711955	-0.24178582167543183	0.1199148444254371	-0.12737363470526508	0.17669118847374446	-0.5552432088420878	0.2565471759958522	-0.17449703058156002	0.15233390788978338	-0.2566616121272953	0.999999999999993	-0.42333624550496535	0.17589962273078885	-0.14181420338614015	0.1800574542958561	-0.5013132773210814	0.29153950308651605	-0.1698289853444551	0.1567620650836829	-0.16627421584237673	0.17121253641843298	-0.16763821026157463	0.12576721763366083	-0.148228939140469	0.09390751347548491	-0.16726155258073083	0.13096562195974562	-0.12466498019997918	0.1564324696994933
-0.13128581463376102	0.1099081083373959	-0.14092223762151126	0.0940238303320515	-0.11875415859879322	0.11497582546319575	-0.1529043314731116	0.1663706433643719	-0.12747140243563074	0.09746251299218828	-0.14178674350580797	0.15462794930584522	-0.21637317216221835	0.1428122959104226	-0.11446480873110812	0.15418173326172058	-0.22436681935900546	0.2696173862482616	-0.14087719507977664	0.14160541775327426	-0.13513348761525484	0.2863040140660611	-0.5040301412142921	0.21431476497623808	-0.19580083912265214	0.16324002155441497	-0.42333624550496535	0.9999999999999912	-0.2575549323619681	0.17145030172963585	-0.15759528390445315	0.2752876624814936	-0.5390454918239868	0.2096487411654279	-0.19005560567638505	0.13766617574822362	-0.14742966962484075	0.15204975940107426	-0.13315773161761407	0.15558412750525533	-0.09358291025124195	0.14736228836324802	-0.12550818890083837	0.12683461373152444	-0.1670708819937518
0.10231592124638704	-0.0887746306536021	0.11288262097721954	-0.08135430026984292	0.10042207253492226	-0.0914532667993442	0.11839347224302707	-0.14362990901436773	0.11562509691209871	-0.0947118422810951	0.10776723344592899	-0.11876683731062758	0.15982299089335308	-0.13986054355045452	0.10841385428962427	-0.12153758542669904	0.15254532126410228	-0.19882600386672147	0.15686236062977096	-0.17241641450527262	0.09668002736528246	-0.18980694843547977	0.19353350595281713	-0.35875132789954056	0.2705605773258303	-0.12477858719988692	0.17589962273078885	-0.2575549323619681	0.9999999999999899	-0.47121832369067906	0.12793518970251527	-0.189240958238184	0.23090282993169797	-0.6138761439449442	0.3100003408370862	-0.12092251472039248	0.13068133185876968	-0.15537977828247163	0.18669016467596397	-0.23154256206411544	0.0915793003612286	-0.1485955216456339	0.13082938473848213	-0.16463592734246518	0.1924139784616793
-0.09079735797951738	0.07818356539469673	-0.10131479093182738	0.07246607130444555	-0.09077523176856121	0.07949278878463703	-0.10397296449905756	0.12335858686946988	-0.10312242657164855	0.08350065797324636	-0.09380126710605198	0.10192509669361083	-0.14087197376555893	0.12089346083337393	-0.0981146922234046	0.10244086795396229	-0.1308762765383687	0.1599420887116058	-0.14182519759048773	0.14752327160289164	-0.08118941552301516	0.15077247970624671	-0.159507946206886	0.27587507068137984	-0.5428273994320592	0.10268860494643477	-0.14181420338614015	0.17145030172963585	-0.47121832369067906	0.9999999999999907	-0.10759809834614165	0.14479473745435067	-0.17842226860572455	0.2826655104043487	-0.5440084833701797	0.0982415211535037	-0.10805156876117529	0.12538155892059485	-0.15815081492447874	0.2069718069219409	-0.08102013476220213	0.12118854038151	-0.11117821026559063	0.13655287211565972	-0.18727034665207215
0.07817491348468471	-0.06554268831847651	0.08366337331494761	-0.05602409428352861	0.0704795744131986	-0.06910775061818199	0.08784644991128117	-0.09919756761760173	0.07375560868207749	-0.05774551591430066	0.08379648204695112	-0.08779454805473202	0.11128511625703104	-0.08277691578792788	0.06665904865308592	-0.09547293097677247	0.1167889860529117	-0.1268304677627664	0.07567156197358636	-0.08270904512664531	0.08330790318316524	-0.15349007217483907	0.11929646337352436	-0.10990700546853244	0.10274876637551332	-0.11027187607337781	0.1800574542958561	-0.15759528390445315	0.12793518970251527	-0.10759809834614165	0.9999999999999911	-0.3559978082113658	0.203302013635269	-0.13904608549042283	0.13068380739357946	-0.783737520645663	0.2805842684204238	-0.2547186195313096	0.14385457277515024	-0.16044725440306373	0.12652993568955087	-0.2596789983385276	0.18135293657596832	-0.147454583303303	0.16709397927545366
-0.11545317573868684	0.09569255484323924	-0.12299011431486646	0.0810105843490435	-0.1026663878793755	0.10072666011719884	-0.1309344552735127	0.14131722658880996	-0.10656115948926147	0.08222078295080397	-0.12469950365371257	0.1308566470351456	-0.16857441788912417	0.11790199699175004	-0.09595949278315345	0.13754848049319437	-0.18634935457058163	0.18925985360568465	-0.10887735423556187	0.11532915167862094	-0.12682364598694934	0.24934107519773765	-0.20138242398449513	0.1567515225582664	-0.14937236808764104	0.1566637206489225	-0.5013132773210814	0.2752876624814936	-0.189240958238184	0.14479473745435067	-0.3559978082113658	0.9999999999999919	-0.5380046770036464	0.1926384877010368	-0.17886351469873052	0.24182563736069554	-0.3274632597092879	0.22124966964861276	-0.1568929352089712	0.16950610112727627	-0.11304124122777605	0.21194919322866482	-0.17750181370836024	0.15013155641631162	-0.1923022149558555
0.11624517421914989	-0.09871496323501512	0.12433760449020537	-0.08456720930817373	0.10530865315292184	-0.10439640972678821	0.1343274265306993	-0.15457818635814885	0.11429797653337398	-0.08935211086186057	0.12626230241796305	-0.13817025397020893	0.17836805305678738	-0.13143959829371105	0.10274442399820168	-0.14524664636827123	0.18709640342803943	-0.2407273865985332	0.12490014438032453	-0.13446746891905756	0.12309216741418663	-0.2672278501832694	0.24376349332139954	-0.19402199149968447	0.17024822763869524	-0.15991710280743823	0.29153950308651605	-0.5390454918239868	0.23090282993169797	-0.17842226860572455	0.203302013635269	-0.5380046770036464	0.999999999999991	-0.31938146743508017	0.20633742013193096	-0.19724983191930548	0.20543947008296176	-0.22979947059428443	0.16815141810887682	-0.19471843069657555	0.10710790125334385	-0.20743030975836071	0.16503539572170103	-0.1605997238996155	0.18935841484546317
-0.09472572194955133	0.08072975791063153	-0.1041755154205144	0.07251104130121815	-0.09103446505213776	0.08302196379736484	-0.10785051094086813	0.12557870181421044	-0.09999312544702989	0.07992564943406037	-0.09884751792301338	0.10629548857730321	-0.1432217400406271	0.1152949092812874	-0.09308199496935911	0.10883727717432141	-0.138714805682637	0.16456369682029165	-0.12182656321467152	0.12960957257229488	-0.08836567389378189	0.16528429325990399	-0.16357107540106466	0.21493399244787356	-0.2209671535444443	0.11206180600746282	-0.1698289853444551	0.2096487411654279	-0.6138761439449442	0.2826655104043487	-0.13904608549042283	0.1926384877010368	-0.31938146743508017	0.999999999999989	-0.5119359737959545	0.12566284669215563	-0.14505134195395133	0.17174369240492013	-0.289337509362625	0.2575902403168534	-0.09539066357863005	0.15606097464386032	-0.1505661806475651	0.18959545520324877	-0.2385767356489537
0.09527381449834367	-0.08245227545383169	0.10494766832768371	-0.07499142592359638	0.09275519982062784	-0.08502881700895978	0.10932316687464169	-0.13284571777960832	0.10480877586562569	-0.08585842577944597	0.09993494944626578	-0.10890387383004081	0.14457510863374853	-0.12477742885296655	0.09798820668413559	-0.11295331020868543	0.1383221298547422	-0.1721824161461515	0.1315988040025163	-0.14898869792482816	0.08950791629600957	-0.16836710777346775	0.158702162660134	-0.2453417325610612	0.24713251742700473	-0.11639524189427947	0.1567620650836829	-0.19005560567638505	0.3100003408370862	-0.5440084833701797	0.13068380739357946	-0.17886351469873052	0.20633742013193096	-0.5119359737959545	0.9999999999999886	-0.12461235751329446	0.13831497401640241	-0.17110313917125042	0.22975765225596395	-0.4221191700032528	0.09686734896982975	-0.16045143829608996	0.1460027568647488	-0.19481048831390954	0.22841632896683559
-0.07337568620018066	0.06099780295389233	-0.07907469247064579	0.05240221292917439	-0.06659915163123609	0.06359113084620857	-0.08180477237061602	0.09036668284550144	-0.06851039991531248	0.05337870454237295	-0.07741272517457776	0.08019464201926121	-0.1038325710250287	0.07572598485845063	-0.06221010647077473	0.085053646096675	-0.10774607724243646	0.11239287795549131	-0.0693054260388351	0.07488245095050232	-0.07450017375888184	0.13102218384525446	-0.1083493544788633	0.09927808485250843	-0.09614392561272228	0.09416840617878817	-0.16627421584237673	0.13766617574822362	-0.12092251472039248	0.0982415211535037	-0.783737520645663	0.24182563736069554	-0.19724983191930548	0.12566284669215563	-0.12461235751329446	0.9999999999999879	-0.4342551796150112	0.22854199129383762	-0.13962755019067896	0.14246500868004705	-0.13858222481467203	0.2232427973489305	-0.18598403702637104	0.13644444375952378	-0.16939143785789643
0.07319256961305853	-0.061241725051398584	0.07890800898443133	-0.052761609120401363	0.06672005504845736	-0.06397454143153943	0.08215799539338832	-0.09202044010126519	0.0695493035545546	-0.05443568039011472	0.0774993943677782	-0.08126131779040185	0.1048484167675608	-0.07766272717140978	0.06319357283486698	-0.08626607009454386	0.10880105947029217	-0.11697224459331941	0.07193992150137926	-0.07811326736876441	0.07408481799771781	-0.1384212250891503	0.11244385479480185	-0.10571252918668766	0.10141858917602045	-0.09487854139175705	0.17121253641843298	-0.14742966962484075	0.13068133185876968	-0.10805156876117529	0.2805842684204238	-0.3274632597092879	0.20543947008296176	-0.14505134195395133	0.13831497401640241	-0.4342551796150112	0.9999999999999883	-0.5711421116969161	0.19175956515189305	-0.1851455758433646	0.11212217903490584	-0.4808011301490303	0.28543000268968544	-0.18728628950895615	0.19762806889023585
-0.07993256189567587	0.06677147735274674	-0.08678029618762696	0.058005623528730996	-0.07368176532483461	0.06916603566672139	-0.08930314565912639	0.09975010547864903	-0.0764487388742739	0.059902267124510244	-0.08355997499106173	0.0872017828699067	-0.11428479421949699	0.08496775081216944	-0.06985171559302635	0.09123754995806205	-0.11607063946636965	0.12392238683406677	-0.07946307300240768	0.08598905071195456	-0.07732938254643797	0.13814758527628718	-0.11954336605542358	0.11748260623392759	-0.11614318818101976	0.09730008304972962	-0.16763821026157463	0.15204975940107426	-0.15537977828247163	0.12538155892059485	-0.2547186195313096	0.22124966964861276	-0.22979947059428443	0.17174369240492013	-0.17110313917125042	0.22854199129383762	-0.5711421116969161	0.9999999999999885	-0.3552431449521233	0.2298351984253109	-0.11800248043841416	0.3187273722420451	-0.5152907738306686	0.2496417677426752	-0.26660393227879137
0.07071565659683153	-0.05992897368437336	0.077314087446079	-0.05299976042628297	0.06667730170601888	-0.061932335090016374	0.07956313697345047	-0.09232540978109983	0.07125546898282356	-0.056797302920170656	0.07372219441361122	-0.07809592964895075	0.10264506319414961	-0.08113917476576712	0.06568933144173882	-0.08180361046183454	0.10102715745145398	-0.1147974769652607	0.0790895713482013	-0.08706890642558868	0.06668764052252263	-0.12028097274865626	0.10703322510055607	-0.1267111917220123	0.12533135010420188	-0.08565501223669836	0.12576721763366083	-0.13315773161761407	0.18669016467596397	-0.15815081492447874	0.14385457277515024	-0.1568929352089712	0.16815141810887682	-0.289337509362625	0.22975765225596395	-0.13962755019067896	0.19175956515189305	-0.3552431449521233	0.9999999999999885	-0.5973245666895045	0.09568151545348408	-0.21335881543784452	0.23748860434872238	-0.542460703045416	0.31475547967384393
-0.09023926042091043	0.0761284601547908	-0.09931303039217464	0.06771934722768404	-0.08584690224937791	0.07802400350214712	-0.10073827029813977	0.1156528655290507	-0.09067737365535422	0.07206803374406015	-0.09281180411942674	0.09755900019315356	-0.12984553071646485	0.10205167535894351	-0.08407094859246314	0.10096810378043944	-0.12570825527765953	0.13988890221068243	-0.10002130649950285	0.10885228751558845	-0.08175130838464463	0.14315222101645408	-0.1307050565919799	0.15788802307940666	-0.17010230162360873	0.10372446663954998	-0.148228939140469	0.15558412750525533	-0.23154256206411544	0.2069718069219409	-0.16044725440306373	0.16950610112727627	-0.19471843069657555	0.2575902403168534	-0.4221191700032528	0.14246500868004705	-0.1851455758433646	0.2298351984253109	-0.5973245666895045	0.9999999999999883	-0.12068713689135024	0.19879846113577238	-0.22328122219043253	0.2994344945712647	-0.474459592965162
0.064018427866174	-0.053958947238091914	0.0700789406638468	-0.04711636413788926	0.05970752540627416	-0.0557337166136566	0.07018364228022317	-0.08195524557874681	0.060887865962679436	-0.04814710985692511	0.06550404848172067	-0.06761752587150321	0.08651575142625156	-0.0675733742817903	0.055493835565070884	-0.07310281370569552	0.08439526098151028	-0.0912073199268247	0.0593147356118535	-0.06647964564234113	0.05796334927903742	-0.09504885483911038	0.07860452536099292	-0.08135919141272369	0.07697079893754448	-0.0762960178787726	0.09390751347548491	-0.09358291025124195	0.0915793003612286	-0.08102013476220213	0.12652993568955087	-0.11304124122777605	0.10710790125334385	-0.09539066357863005	0.09686734896982975	-0.13858222481467203	0.11212217903490584	-0.11800248043841416	0.09568151545348408	-0.12068713689135024	0.9999999999999887	-0.15939071740713423	0.11379616211883191	-0.11088816941100017	0.14789650188047646
-0.08375728817348783	0.06974078277912625	-0.0911069060560865	0.060572187350384527	-0.07723922662552105	0.07202656103534312	-0.09300322110413331	0.10328809399994104	-0.07925628497181772	0.061978604729788986	-0.0869786283481058	0.09013230940691228	-0.11820506960630858	0.08741010147244845	-0.0724363977702023	0.09419782407806224	-0.11952042119077985	0.12519813350713765	-0.08062347754384759	0.08729583902175578	-0.07961500346709932	0.13880298498893578	-0.11921271746009743	0.11643218913045499	-0.11530751805584936	0.09976604503099827	-0.16726155258073083	0.14736228836324802	-0.1485955216456339	0.12118854038151	-0.2596789983385276	0.21194919322866482	-0.20743030975836071	0.15606097464386032	-0.16045143829608996	0.2232427973489305	-0.4808011301490303	0.3187273722420451	-0.21335881543784452	0.19879846113577238	-0.15939071740713423	0.9999999999999882	-0.6524890907186628	0.23863351603977745	-0.2937728365623201
0.06767975384437666	-0.05690539132520908	0.0735058660168329	-0.04957254453325611	0.06263090783587955	-0.0590808438832448	0.07574122222708207	-0.08630832519516497	0.06556705718876454	-0.05170285173546685	0.07084177027675931	-0.07429354272640831	0.0965643897111691	-0.07355265156336296	0.05990638064529269	-0.07855933760956547	0.09727347916034866	-0.10643348189775145	0.06864755962559448	-0.07528052114266345	0.0653702935992238	-0.11715039816678283	0.09931404411080916	-0.10230910961159204	0.09931439307790313	-0.08381191819465847	0.13096562195974562	-0.12550818890083837	0.13082938473848213	-0.11117821026559063	0.18135293657596832	-0.17750181370836024	0.16503539572170103	-0.1505661806475651	0.1460027568647488	-0.18598403702637104	0.28543000268968544	-0.5152907738306686	0.23748860434872238	-0.22328122219043253	0.11379616211883191	-0.6524890907186628	0.9999999999999881	-0.3799714862596121	0.2561797996839543
-0.07263282793293027	0.06129955091007929	-0.07946771604028424	0.05403037567077448	-0.0682757910106564	0.06322793001698412	-0.08113758946829376	0.09351349097567051	-0.07187722833201322	0.05704181172838471	-0.07525329398360475	0.07901412202219198	-0.10369531297272136	0.08091605684670135	-0.06614863407746074	0.08291459490333411	-0.10189267379955011	0.11281333527704912	-0.07699401621027847	0.08460583828360758	-0.06750100912864147	0.11828730885156492	-0.10415375229950052	0.11752428339153473	-0.11751494102768592	0.08643938471769096	-0.12466498019997918	0.12683461373152444	-0.16463592734246518	0.13655287211565972	-0.147454583303303	0.15013155641631162	-0.1605997238996155	0.18959545520324877	-0.19481048831390954	0.13644444375952378	-0.18728628950895615	0.2496417677426752	-0.542460703045416	0.2994344945712647	-0.11088816941100017	0.23863351603977745	-0.3799714862596121	0.9999999999999882	-0.6288871935399312
