0.9999999999999998	-0.45254207529551455	0.21417232347755438	-0.09364891412593887	0.1183175822824734	-0.7519748688651582	0.22305765999257232	-0.1998630988065724	0.09969326604631377	-0.08541036778391103	0.23825914976932208	-0.1659825021152316	0.1724047919450451	-0.12213275629969716	0.07911168493495252	-0.18492717143690546	0.1474041369192104	-0.11147645771417826	0.05390102081519693	-0.05073420271466221	0.14896558408169266	-0.1228803659773816	0.10008640208493408	-0.05021667454829935	0.05171742120006982
-0.45254207529551455	1.0000000000000002	-0.6018975403466957	0.16527516035651113	-0.1753354383117469	0.26186370599188596	-0.4080076334903829	0.29869336719408446	-0.1809586991817475	0.11483270127207912	-0.22222410483120822	0.20488435997696303	-0.243797117728606	0.15708822101487427	-0.10855625858642735	0.1593509404668103	-0.1642172733680802	0.12300042939664199	-0.06274147662707073	0.05644112353619485	-0.1717241342136832	0.13021710121419022	-0.11628744701034079	0.057445285005777905	-0.05883146524320196
0.21417232347755438	-0.6018975403466957	1.0000000000000004	-0.2828119825564585	0.17803361893603714	-0.2092975395030622	0.28349488055412975	-0.5677653547017398	0.21142646889166392	-0.12857667548869248	0.16777746370881264	-0.17943834087108687	0.21295754457421587	-0.1745447719855497	0.11217605460094059	-0.1350884267821845	0.1343424808306265	-0.11129364605273602	0.057724583322735855	-0.05392731173268529	0.14153373238921413	-0.11270760859652684	0.10100975942759025	-0.053039274629879486	0.05476550988487429
-0.09364891412593887	0.16527516035651113	-0.2828119825564585	1.0000000000000007	-0.34742098408895283	0.08924466664762773	-0.12877874529276118	0.17059183419881563	-0.834909261392075	0.18221628612724608	-0.08932508567867485	0.09089482470138278	-0.11924926505660866	0.20884268119463917	-0.1473841608046332	0.07079440903930079	-0.07486851941414019	0.06415894267293237	-0.04146411412830463	0.03816686654546769	-0.08494821245384639	0.06343161718662393	-0.060837558276176026	0.03689700296120219	-0.03809951841300732
0.1183175822824734	-0.1753354383117469	0.17803361893603714	-0.34742098408895283	1.0000000000000004	-0.11757485225384702	0.15612529612169462	-0.17365566659198597	0.2562289331715861	-0.6199041726727811	0.1321532006672364	-0.13045621070179106	0.17232919192909968	-0.4412480767050121	0.2946630489209673	-0.10703800579328798	0.11544331633043492	-0.10461455593525712	0.07589179654635873	-0.07367710576128528	0.13990259840413025	-0.10137294397566673	0.10007731480933946	-0.06769941528985682	0.07131894161151323
-0.7519748688651582	0.26186370599188596	-0.2092975395030622	0.08924466664762773	-0.11757485225384702	1.000000000000001	-0.27291658950984726	0.187697816033109	-0.0990505807057872	0.08173626495591274	-0.4096746851787208	0.1877837495091713	-0.19761153258100964	0.11779080720342297	-0.07847580505686859	0.20456388191379582	-0.17717890246532986	0.11747011496633193	-0.05623293840329216	0.05044852011696421	-0.1729408143507382	0.13381529263716935	-0.10962427430758856	0.05210002993940797	-0.052525352271221626
0.22305765999257232	-0.4080076334903829	0.28349488055412975	-0.12877874529276118	0.15612529612169462	-0.27291658950984726	1.0000000000000022	-0.5691762323340703	0.1372709346412263	-0.11575947000134217	0.23230071781988304	-0.4726654269284952	0.30351899800735876	-0.175640552732688	0.10945941681391963	-0.19910595851730112	0.19851307860519624	-0.15541970835420488	0.07116301809694842	-0.06539485753623085	0.18075145214447555	-0.16189747634842833	0.1338822720313018	-0.06641755219965748	0.06657492925100941
-0.1998630988065724	0.29869336719408446	-0.5677653547017398	0.17059183419881563	-0.17365566659198597	0.187697816033109	-0.5691762323340703	1.0000000000000022	-0.1965825520025062	0.11793453338355644	-0.20000753090377904	0.25558082683922445	-0.37482814230154493	0.1696281203278181	-0.11435220157816699	0.15468646743139047	-0.16803844526155348	0.13354615080677448	-0.06513759834257872	0.05756885195782963	-0.16414570052286623	0.13215103784846838	-0.12297542430102752	0.059673603434800854	-0.05983769936276356
0.09969326604631377	-0.1809586991817475	0.21142646889166392	-0.834909261392075	0.2562289331715861	-0.0990505807057872	0.1372709346412263	-0.1965825520025062	1.0000000000000024	-0.22276936536334369	0.09797757692383219	-0.10183058987668626	0.13221541751020702	-0.30201540427171364	0.1672645777775821	-0.07901234360039276	0.08293154507071412	-0.07272344815435783	0.04839876999804907	-0.04440499708057486	0.09409252704628249	-0.0710512789614536	0.06826877937289876	-0.04309821154574876	0.04376410285192238
-0.08541036778391103	0.11483270127207912	-0.12857667548869248	0.18221628612724608	-0.6199041726727811	0.08173626495591274	-0.11575947000134217	0.11793453338355644	-0.22276936536334369	0.9999999999999999	-0.09879605203655593	0.09530028982541573	-0.13408755650464568	0.30971760676542637	-0.6386727588995109	0.07742521532664355	-0.08597048203955926	0.07540822316835276	-0.056339060051029476	0.05233612691540505	-0.10482521650593181	0.07364514402351136	-0.07456759160215454	0.04902205659569383	-0.05248558207680065
0.23825914976932208	-0.22222410483120822	0.16777746370881264	-0.08932508567867485	0.1321532006672364	-0.4096746851787208	0.23230071781988304	-0.20000753090377904	0.09797757692383219	-0.09879605203655593	1.0000000000000016	-0.34552683263851575	0.24334452969005713	-0.1505313335208605	0.09385102401604714	-0.6219042898205107	0.2815501634313231	-0.18219260472665363	0.07676859363567075	-0.0703343160278723	0.23090334343696578	-0.22149084460038224	0.15366444359347495	-0.07288300510037277	0.07145553668563101
-0.1659825021152316	0.20488435997696303	-0.17943834087108687	0.09089482470138278	-0.13045621070179106	0.1877837495091713	-0.4726654269284952	0.25558082683922445	-0.10183058987668626	0.09530028982541573	-0.34552683263851575	1.0000000000000007	-0.653628118437653	0.15822919334572344	-0.10071941678131142	0.23611352023503676	-0.33064004640201344	0.1755568444089268	-0.07244201292156228	0.06152725725750069	-0.19661837830589465	0.184987965661038	-0.15266513738687149	0.06748972977830761	-0.0639432565190248
0.1724047919450451	-0.243797117728606	0.21295754457421587	-0.11924926505660866	0.17232919192909968	-0.19761153258100964	0.30351899800735876	-0.37482814230154493	0.13221541751020702	-0.13408755650464568	0.24334452969005713	-0.653628118437653	1.0000000000000018	-0.26454330885567057	0.1407665194300482	-0.22560039099492293	0.23504338354907614	-0.25058348141314923	0.0913282104807078	-0.0797760627461326	0.20208373241949032	-0.19690343548349104	0.1808202913820423	-0.0857842913878466	0.08105345453422719
-0.12213275629969716	0.15708822101487427	-0.1745447719855497	0.20884268119463917	-0.4412480767050121	0.11779080720342297	-0.175640552732688	0.1696281203278181	-0.30201540427171364	0.30971760676542637	-0.1505313335208605	0.15822919334572344	-0.26454330885567057	1.000000000000003	-0.6503325840720925	0.11762955466836322	-0.1330790062003402	0.1197850188913709	-0.1072842650404264	0.0826315475688137	-0.154276265803164	0.11160436908383169	-0.11819228156085013	0.08617967440977897	-0.08240237602357471
0.07911168493495252	-0.10855625858642735	0.11217605460094059	-0.1473841608046332	0.2946630489209673	-0.07847580505686859	0.10945941681391963	-0.11435220157816699	0.1672645777775821	-0.6386727588995109	0.09385102401604714	-0.10071941678131142	0.1407665194300482	-0.6503325840720925	1.0000000000000016	-0.07626371565490045	0.08342027294563399	-0.07837959904328547	0.065303866134041	-0.058988124211875416	0.09742454244457736	-0.07252231957747826	0.074386671806006	-0.0568920995855409	0.0557192275886311
-0.18492717143690546	0.1593509404668103	-0.1350884267821845	0.07079440903930079	-0.10703800579328798	0.20456388191379582	-0.19910595851730112	0.15468646743139047	-0.07901234360039276	0.07742521532664355	-0.6219042898205107	0.23611352023503676	-0.22560039099492293	0.11762955466836322	-0.07626371565490045	1.0000000000000027	-0.5639601705616475	0.18299682003162437	-0.07598183890463646	0.06330525173379568	-0.32971001938649686	0.2551810632592356	-0.17210584275413315	0.07152419081383135	-0.06673031293148138
0.1474041369192104	-0.1642172733680802	0.1343424808306265	-0.07486851941414019	0.11544331633043492	-0.17717890246532986	0.19851307860519624	-0.16803844526155348	0.08293154507071412	-0.08597048203955926	0.2815501634313231	-0.33064004640201344	0.23504338354907614	-0.1330790062003402	0.08342027294563399	-0.5639601705616475	1.0000000000000024	-0.29956683113074156	0.09218481650709232	-0.07607466016917239	0.2984312658269375	-0.5139987382029209	0.2215459222022183	-0.08952243699380558	0.0789795483870295
-0.11147645771417826	0.12300042939664199	-0.11129364605273602	0.06415894267293237	-0.10461455593525712	0.11747011496633193	-0.15541970835420488	0.13354615080677448	-0.07272344815435783	0.07540822316835276	-0.18219260472665363	0.1755568444089268	-0.25058348141314923	0.1197850188913709	-0.07837959904328547	0.18299682003162437	-0.29956683113074156	1.0000000000000022	-0.22258328494349233	0.1288634216790539	-0.2471647289795594	0.2401351018202067	-0.7924954606853432	0.19775428713156948	-0.15033893188123926
0.05390102081519693	-0.06274147662707073	0.057724583322735855	-0.04146411412830463	0.07589179654635873	-0.05623293840329216	0.07116301809694842	-0.06513759834257872	0.04839876999804907	-0.056339060051029476	0.07676859363567075	-0.07244201292156228	0.0913282104807078	-0.1072842650404264	0.065303866134041	-0.07598183890463646	0.09218481650709232	-0.22258328494349233	1.0000000000000024	-0.4077474798887205	0.10170591413661748	-0.10012236310327477	0.20496866502729816	-0.8116994479212638	0.2795079205393145
-0.05073420271466221	0.05644112353619485	-0.05392731173268529	0.03816686654546769	-0.07367710576128528	0.05044852011696421	-0.06539485753623085	0.05756885195782963	-0.04440499708057486	0.05233612691540505	-0.0703343160278723	0.06152725725750069	-0.0797760627461326	0.0826315475688137	-0.058988124211875416	0.06330525173379568	-0.07607466016917239	0.1288634216790539	-0.4077474798887205	1.0000000000000024	-0.0949554930398882	0.07719180046660967	-0.14090071044828859	0.2723764023531294	-0.8516471344898429
0.14896558408169266	-0.1717241342136832	0.14153373238921413	-0.08494821245384639	0.13990259840413025	-0.1729408143507382	0.18075145214447555	-0.16414570052286623	0.09409252704628249	-0.10482521650593181	0.23090334343696578	-0.19661837830589465	0.20208373241949032	-0.154276265803164	0.09742454244457736	-0.32971001938649686	0.2984312658269375	-0.2471647289795594	0.10170591413661748	-0.0949554930398882	1.0000000000000029	-0.6835333036131984	0.220243695400256	-0.10163527084298278	0.09466957513863175
-0.1228803659773816	0.13021710121419022	-0.11270760859652684	0.06343161718662393	-0.10137294397566673	0.13381529263716935	-0.16189747634842833	0.13215103784846838	-0.0710512789614536	0.07364514402351136	-0.22149084460038224	0.184987965661038	-0.19690343548349104	0.11160436908383169	-0.07252231957747826	0.2551810632592356	-0.5139987382029209	0.2401351018202067	-0.10012236310327477	0.07719180046660967	-0.6835333036131984	1.0000000000000024	-0.31163202406489987	0.0986471617336312	-0.08245658869590697
0.10008640208493408	-0.11628744701034079	0.10100975942759025	-0.060837558276176026	0.10007731480933946	-0.10962427430758856	0.1338822720313018	-0.12297542430102752	0.06826877937289876	-0.07456759160215454	0.15366444359347495	-0.15266513738687149	0.1808202913820423	-0.11819228156085013	0.074386671806006	-0.17210584275413315	0.2215459222022183	-0.7924954606853432	0.20496866502729816	-0.14090071044828859	0.220243695400256	-0.31163202406489987	1.0000000000000022	-0.28665793903613734	0.14628892880190764
-0.05021667454829935	0.057445285005777905	-0.053039274629879486	0.03689700296120219	-0.06769941528985682	0.05210002993940797	-0.06641755219965748	0.059673603434800854	-0.04309821154574876	0.04902205659569383	-0.07288300510037277	0.06748972977830761	-0.0857842913878466	0.08617967440977897	-0.0568920995855409	0.07152419081383135	-0.08952243699380558	0.19775428713156948	-0.8116994479212638	0.2723764023531294	-0.10163527084298278	0.0986471617336312	-0.28665793903613734	1.0000000000000027	-0.38710780262796973
0.05171742120006982	-0.05883146524320196	0.05476550988487429	-0.03809951841300732	0.07131894161151323	-0.052525352271221626	0.06657492925100941	-0.05983769936276356	0.04376410285192238	-0.05248558207680065	0.07145553668563101	-0.0639432565190248	0.08105345453422719	-0.08240237602357471	0.0557192275886311	-0.06673031293148138	0.0789795483870295	-0.15033893188123926	0.2795079205393145	-0.8516471344898429	0.09466957513863175	-0.08245658869590697	0.14628892880190764	-0.38710780262796973	1.0000000000000027
