1.0	-0.38714330625060867	0.14962025878271606	-0.07832110602038314	0.09931440078191936	-0.8049469359658976	0.22782871493735662	-0.15280664179263934	0.12538394495497682	-0.07853052085543598	0.26166308735389937	-0.2576804082849046	0.13980782306207892	-0.12801875664359275	0.09279318622075751	-0.14062650255659973	0.11660908481640805	-0.11897261197328034	0.1045337552058976	-0.0848955233649867	0.09301942313536388	-0.12114142762889964	0.10078872406219251	-0.10831914070903677	0.07423673975720961	-0.09277471828852424	0.07125382484811826	-0.10298195697534623	0.051923958510672115	-0.05161736911943032
-0.38714330625060867	0.9999999999999998	-0.3004587992090839	0.13295202672071166	-0.17156900972038036	0.24315625806835375	-0.7109968991009445	0.24836118381623118	-0.19120172915631634	0.11151679095802156	-0.29000795791029793	0.27253764712251716	-0.19668225646462284	0.16500664155315992	-0.13154917551134282	0.15039726034939327	-0.14294903771632758	0.14553712564209081	-0.13409476086089878	0.10559893981130519	-0.10822757366822908	0.1400464346162172	-0.12493296146376676	0.13109201183592126	-0.0939484933035888	0.10438513352636329	-0.08308301236720314	0.11741616424869887	-0.0633037817514923	0.06214513618611786
0.14962025878271606	-0.3004587992090839	0.9999999999999994	-0.43975957033974405	0.2845172410281698	-0.147624391320484	0.23128151068800104	-0.5985479527725446	0.25346016700656	-0.17061582858538374	0.18227223313264634	-0.21602109746184603	0.24966201377224967	-0.25015900753196735	0.17346157358243677	-0.18676044896101543	0.16735122423712578	-0.20865903759382198	0.18268248620983601	-0.16009662544626488	0.14528030876243614	-0.21575278612977766	0.17182662972006005	-0.200730839200782	0.13281276307894288	-0.15929903235603593	0.12334310365276674	-0.19130064195787783	0.09382100354216244	-0.09560645832947944
-0.07832110602038314	0.13295202672071166	-0.43975957033974405	0.9999999999999998	-0.8205847999146805	0.0757364863712238	-0.11377554473589122	0.21402420259801735	-0.21927012959788625	0.13072301556850544	-0.09766161930146092	0.11013263799137409	-0.1342811718954316	0.14459746507077786	-0.12175300928347371	0.10225011835679113	-0.09339896454097008	0.11271149787986101	-0.10524131631806326	0.09433360942607037	-0.08176664943366553	0.1213886265510218	-0.09789595734918793	0.11456057469370727	-0.07833671224913781	0.08943656631557119	-0.06992350805954295	0.10824529456979176	-0.05429397431126634	0.055171911237362176
0.09931440078191936	-0.17156900972038036	0.2845172410281698	-0.8205847999146805	1.0	-0.0994047774285701	0.1378653036664263	-0.2575704509042568	0.21254846287368473	-0.16747790092399237	0.12510697141532173	-0.14343790409467203	0.16309540434034714	-0.18568824224928662	0.14690225573428145	-0.1410867690507893	0.12481165066332435	-0.15062858299494566	0.13826830686203626	-0.12880235759182945	0.11385140276337764	-0.1722225971484368	0.13280431929795064	-0.15860880155410073	0.10540697573128535	-0.12796656954005695	0.09907099716302119	-0.1565118598235464	0.07525732809913288	-0.07726039748073579
-0.8049469359658976	0.24315625806835375	-0.147624391320484	0.0757364863712238	-0.0994047774285701	0.9999999999999998	-0.23486400291026582	0.14097264518331398	-0.12331163996430303	0.07465308707468578	-0.4203557456209529	0.23341482982215933	-0.13563331505944232	0.11786315476299264	-0.0899687555449482	0.13779223867738827	-0.11943259698016107	0.1109269077256576	-0.09933297026466746	0.07796411594148492	-0.0901712511772581	0.10974661117673012	-0.09528272164263926	0.09868371406901844	-0.06956145793147363	0.08414464182543487	-0.0657003212361411	0.0914095272647715	-0.04780559642038857	0.046932261504377945
0.22782871493735662	-0.7109968991009445	0.23128151068800104	-0.11377554473589122	0.1378653036664263	-0.23486400291026582	1.0000000000000002	-0.3460331841936186	0.1736966969815966	-0.10597459886445691	0.2544769920144498	-0.4437200975552737	0.20533627746993316	-0.17082703786219794	0.1210879628624772	-0.14680609196478756	0.13341988887799336	-0.14800744000873003	0.1294328816216188	-0.10230149299319821	0.10238377941526207	-0.13676644896809428	0.11890322595581752	-0.1284472210515738	0.08893549269337225	-0.10154512626249435	0.07944903517869137	-0.11456111593248951	0.060396138703385865	-0.05986759866236523
-0.15280664179263934	0.24836118381623118	-0.5985479527725446	0.21402420259801735	-0.2575704509042568	0.14097264518331398	-0.3460331841936186	1.0	-0.36244364934976775	0.17953337990654616	-0.1989939846785799	0.22795699690051888	-0.43603145552569356	0.2594720258400149	-0.19812288234073103	0.16791352147243252	-0.16933346580553196	0.2102858668951283	-0.19025850624402582	0.14547853568612637	-0.12823017286101548	0.1802671869418223	-0.16483177978343294	0.1780212985120472	-0.12582606091604362	0.12975033297891708	-0.1033772579151268	0.15114303625639064	-0.08286013862388206	0.08208737071938267
0.12538394495497682	-0.19120172915631634	0.25346016700656	-0.21927012959788625	0.21254846287368473	-0.12331163996430303	0.1736966969815966	-0.36244364934976775	1.0000000000000004	-0.5552539396490007	0.16880267479239694	-0.1939086432183378	0.25679722430250174	-0.41024425781272633	0.3132007715965192	-0.19489326426570372	0.17937101103618067	-0.2261952178277472	0.22534004957979764	-0.21421561497150438	0.15823119477757716	-0.2414565603997452	0.1954432740242509	-0.24439984300619202	0.16752010107057375	-0.1741695146635875	0.1367839472946952	-0.2128465642432345	0.11181446328615728	-0.114583415451416
-0.07853052085543598	0.11151679095802156	-0.17061582858538374	0.13072301556850544	-0.16747790092399237	0.07465308707468578	-0.10597459886445691	0.17953337990654616	-0.5552539396490007	0.9999999999999994	-0.10691149816187542	0.11646728000043174	-0.17277388210658948	0.24635817447473293	-0.7278914209036996	0.1166066089433807	-0.11401513518843723	0.1410353714393974	-0.15670647644566593	0.1586505776291745	-0.09549209877580953	0.14074284732896533	-0.1250169022141368	0.1506383122002485	-0.13070920379574755	0.10052649191707155	-0.08150084306812747	0.12215940183876631	-0.0753751898153566	0.07463410007378496
0.26166308735389937	-0.29000795791029793	0.18227223313264634	-0.09766161930146092	0.12510697141532173	-0.4203557456209529	0.2544769920144498	-0.1989939846785799	0.16880267479239694	-0.10691149816187542	1.0000000000000002	-0.6612401343964114	0.2173959654400418	-0.18924696143716047	0.1284448975651294	-0.3111992108592219	0.200422163828942	-0.18672845173664582	0.15410029996720156	-0.11976917460846989	0.1498352077920582	-0.1781314201730958	0.14791184421970358	-0.15491809207122897	0.10509160655774352	-0.140296930777737	0.10405744683958115	-0.1449942606000503	0.0731704081735923	-0.07229635675952281
-0.2576804082849046	0.27253764712251716	-0.21602109746184603	0.11013263799137409	-0.14343790409467203	0.23341482982215933	-0.4437200975552737	0.22795699690051888	-0.1939086432183378	0.11646728000043174	-0.6612401343964114	0.9999999999999994	-0.33389118043054666	0.20169170239910664	-0.14390854322622854	0.20205955388573496	-0.19116209422848998	0.18593807742006835	-0.16248865760043366	0.11846152132485564	-0.13145157047176773	0.16035035032528638	-0.14704361416823472	0.1495873994690987	-0.10592253210100949	0.11992821017146936	-0.094369675758955	0.12944434340384872	-0.07065634246118853	0.06893194522182391
0.13980782306207892	-0.19668225646462284	0.24966201377224967	-0.1342811718954316	0.16309540434034714	-0.13563331505944232	0.20533627746993316	-0.43603145552569356	0.25679722430250174	-0.17277388210658948	0.2173959654400418	-0.33389118043054666	0.9999999999999984	-0.5434065542991392	0.20787382644178357	-0.21591317257849219	0.21880281020107453	-0.43977408852186145	0.26419137689596484	-0.17656393963277886	0.14983551556989355	-0.21610549819882333	0.20601511631728675	-0.22701760812589833	0.14834482327381643	-0.1489021331620755	0.11694173169597995	-0.16811305236260624	0.09534401505022808	-0.09435461546918095
-0.12801875664359275	0.16500664155315992	-0.25015900753196735	0.14459746507077786	-0.18568824224928662	0.11786315476299264	-0.17082703786219794	0.2594720258400149	-0.41024425781272633	0.24635817447473293	-0.18924696143716047	0.20169170239910664	-0.5434065542991392	0.9999999999999983	-0.40282979713880374	0.1857680245316256	-0.2039021690101432	0.2743449563645161	-0.40936201437395064	0.20642441778770376	-0.14555243100458373	0.20547749268767598	-0.213865154248763	0.2406125781356376	-0.18032346892554335	0.14149027234879907	-0.1165380019471857	0.16441915911232796	-0.10629297692437423	0.10273076634035064
0.09279318622075751	-0.13154917551134282	0.17346157358243677	-0.12175300928347371	0.14690225573428145	-0.0899687555449482	0.1210879628624772	-0.19812288234073103	0.3132007715965192	-0.7278914209036996	0.1284448975651294	-0.14390854322622854	0.20787382644178357	-0.40282979713880374	1.0000000000000002	-0.15048705416353772	0.14314838543880617	-0.18433197970136747	0.2022320475333742	-0.24839276942780417	0.1230632215343386	-0.18639304136485954	0.15957892114675004	-0.20456850174159438	0.1688171870592016	-0.1324995290797168	0.10634590421345405	-0.1625565188863732	0.09804126826441338	-0.09973843087924528
-0.14062650255659973	0.15039726034939327	-0.18676044896101543	0.10225011835679113	-0.1410867690507893	0.13779223867738827	-0.14680609196478756	0.16791352147243252	-0.19489326426570372	0.1166066089433807	-0.3111992108592219	0.20205955388573496	-0.21591317257849219	0.1857680245316256	-0.15048705416353772	1.000000000000001	-0.6798068600186646	0.2579785996925503	-0.2142363336001949	0.1434763702394348	-0.40444091625616835	0.2543199680577709	-0.2222922981168608	0.19076258468831125	-0.1363702032841912	0.22117174080817587	-0.1643236098744312	0.18396359537725993	-0.09497559388001536	0.08975814435042671
0.11660908481640805	-0.14294903771632758	0.16735122423712578	-0.09339896454097008	0.12481165066332435	-0.11943259698016107	0.13341988887799336	-0.16933346580553196	0.17937101103618067	-0.11401513518843723	0.200422163828942	-0.19116209422848998	0.21880281020107453	-0.2039021690101432	0.14314838543880617	-0.6798068600186646	1.0000000000000002	-0.4689705441219416	0.2302447167175463	-0.15916024476621704	0.24050635307863721	-0.3122434415242904	0.23179996091754698	-0.2229941830670224	0.14056043702522167	-0.209543115436156	0.14738702559177952	-0.1900828370053094	0.09691763205721128	-0.09435765507813804
-0.11897261197328034	0.14553712564209081	-0.20865903759382198	0.11271149787986101	-0.15062858299494566	0.1109269077256576	-0.14800744000873003	0.2102858668951283	-0.2261952178277472	0.1410353714393974	-0.18672845173664582	0.18593807742006835	-0.43977408852186145	0.2743449563645161	-0.18433197970136747	0.2579785996925503	-0.4689705441219416	0.9999999999999982	-0.5028966768191078	0.19823730449491492	-0.18067276899375112	0.25354882824667363	-0.3640412909833253	0.27585315577094266	-0.18000313228981693	0.15776427642862523	-0.12905650528553317	0.1698397447736566	-0.1084834998153514	0.1034201158931452
0.1045337552058976	-0.13409476086089878	0.18268248620983601	-0.10524131631806326	0.13826830686203626	-0.09933297026466746	0.1294328816216188	-0.19025850624402582	0.22534004957979764	-0.15670647644566593	0.15410029996720156	-0.16248865760043366	0.26419137689596484	-0.40936201437395064	0.2022320475333742	-0.2142363336001949	0.2302447167175463	-0.5028966768191078	1.0000000000000002	-0.3729816121721838	0.16082559702228988	-0.24953871261753552	0.27226339080822376	-0.5104130873713781	0.2483125116441405	-0.1550907385562518	0.12860254533562474	-0.18010419104601763	0.13593570488714304	-0.13421961600032253
-0.0848955233649867	0.10559893981130519	-0.16009662544626488	0.09433360942607037	-0.12880235759182945	0.07796411594148492	-0.10230149299319821	0.14547853568612637	-0.21421561497150438	0.1586505776291745	-0.11976917460846989	0.11846152132485564	-0.17656393963277886	0.20642441778770376	-0.24839276942780417	0.1434763702394348	-0.15916024476621704	0.19823730449491492	-0.3729816121721838	0.9999999999999993	-0.1289773318074321	0.18030880336977706	-0.20462371163705892	0.27321121957018923	-0.7525008873620466	0.12434788789012	-0.11798976058339064	0.16212850594873818	-0.21545897649834067	0.19810821374361373
0.09301942313536388	-0.10822757366822908	0.14528030876243614	-0.08176664943366553	0.11385140276337764	-0.0901712511772581	0.10238377941526207	-0.12823017286101548	0.15823119477757716	-0.09549209877580953	0.1498352077920582	-0.13145157047176773	0.14983551556989355	-0.14555243100458373	0.1230632215343386	-0.40444091625616835	0.24050635307863721	-0.18067276899375112	0.16082559702228988	-0.1289773318074321	0.9999999999999989	-0.4349553493671449	0.22198299223271167	-0.18107766351241444	0.1258571934702964	-0.6459867105228855	0.2580032497410103	-0.2902415536852924	0.10607224815660826	-0.10150364591444305
-0.12114142762889964	0.1400464346162172	-0.21575278612977766	0.1213886265510218	-0.1722225971484368	0.10974661117673012	-0.13676644896809428	0.1802671869418223	-0.2414565603997452	0.14074284732896533	-0.1781314201730958	0.16035035032528638	-0.21610549819882333	0.20547749268767598	-0.18639304136485954	0.2543199680577709	-0.3122434415242904	0.25354882824667363	-0.24953871261753552	0.18030880336977706	-0.4349553493671449	0.9999999999999984	-0.5960997887741093	0.2736662415814209	-0.1897085233716109	0.2536691432041188	-0.2471096176163241	0.2362506546568971	-0.13212892871574416	0.11997095325411669
0.10078872406219251	-0.12493296146376676	0.17182662972006005	-0.09789595734918793	0.13280431929795064	-0.09528272164263926	0.11890322595581752	-0.16483177978343294	0.1954432740242509	-0.1250169022141368	0.14791184421970358	-0.14704361416823472	0.20601511631728675	-0.213865154248763	0.15957892114675004	-0.2222922981168608	0.23179996091754698	-0.3640412909833253	0.27226339080822376	-0.20462371163705892	0.22198299223271167	-0.5960997887741093	0.9999999999999991	-0.5351213096301757	0.19682961596724796	-0.20565284896235225	0.1710169339492697	-0.23487979124277997	0.1337681970977549	-0.1293530154999447
-0.10831914070903677	0.13109201183592126	-0.200730839200782	0.11456057469370727	-0.15860880155410073	0.09868371406901844	-0.1284472210515738	0.1780212985120472	-0.24439984300619202	0.1506383122002485	-0.15491809207122897	0.1495873994690987	-0.22701760812589833	0.2406125781356376	-0.20456850174159438	0.19076258468831125	-0.2229941830670224	0.27585315577094266	-0.5104130873713781	0.27321121957018923	-0.18107766351241444	0.2736662415814209	-0.5351213096301757	0.9999999999999987	-0.3729855971374972	0.1609478340645279	-0.14840767839575597	0.1925998256360086	-0.20460805192660114	0.1723808682741766
0.07423673975720961	-0.0939484933035888	0.13281276307894288	-0.07833671224913781	0.10540697573128535	-0.06956145793147363	0.08893549269337225	-0.12582606091604362	0.16752010107057375	-0.13070920379574755	0.10509160655774352	-0.10592253210100949	0.14834482327381643	-0.18032346892554335	0.1688171870592016	-0.1363702032841912	0.14056043702522167	-0.18000313228981693	0.2483125116441405	-0.7525008873620466	0.1258571934702964	-0.1897085233716109	0.19682961596724796	-0.3729855971374972	0.9999999999999984	-0.12851181015382718	0.11989215619744356	-0.17941505620804996	0.225610103714004	-0.32410456821091665
-0.09277471828852424	0.10438513352636329	-0.15929903235603593	0.08943656631557119	-0.12796656954005695	0.08414464182543487	-0.10154512626249435	0.12975033297891708	-0.1741695146635875	0.10052649191707155	-0.140296930777737	0.11992821017146936	-0.1489021331620755	0.14149027234879907	-0.1324995290797168	0.22117174080817587	-0.209543115436156	0.15776427642862523	-0.1550907385562518	0.12434788789012	-0.6459867105228855	0.2536691432041188	-0.20565284896235225	0.1609478340645279	-0.12851181015382718	0.9999999999999983	-0.5381190576337256	0.2849052937073088	-0.11214844112962317	0.10003845133854566
0.07125382484811826	-0.08308301236720314	0.12334310365276674	-0.06992350805954295	0.09907099716302119	-0.0657003212361411	0.07944903517869137	-0.1033772579151268	0.1367839472946952	-0.08150084306812747	0.10405744683958115	-0.094369675758955	0.11694173169597995	-0.1165380019471857	0.10634590421345405	-0.1643236098744312	0.14738702559177952	-0.12905650528553317	0.12860254533562474	-0.11798976058339064	0.2580032497410103	-0.2471096176163241	0.1710169339492697	-0.14840767839575597	0.11989215619744356	-0.5381190576337256	0.9999999999999989	-0.7100823587623087	0.14126993344405753	-0.13383662664174106
-0.10298195697534623	0.11741616424869887	-0.19130064195787783	0.10824529456979176	-0.1565118598235464	0.0914095272647715	-0.11456111593248951	0.15114303625639064	-0.2128465642432345	0.12215940183876631	-0.1449942606000503	0.12944434340384872	-0.16811305236260624	0.16441915911232796	-0.1625565188863732	0.18396359537725993	-0.1900828370053094	0.1698397447736566	-0.18010419104601763	0.16212850594873818	-0.2902415536852924	0.2362506546568971	-0.23487979124277997	0.1925998256360086	-0.17941505620804996	0.2849052937073088	-0.7100823587623087	0.9999999999999982	-0.25629661506787127	0.18104382700469357
0.051923958510672115	-0.0633037817514923	0.09382100354216244	-0.05429397431126634	0.07525732809913288	-0.04780559642038857	0.060396138703385865	-0.08286013862388206	0.11181446328615728	-0.0753751898153566	0.0731704081735923	-0.07065634246118853	0.09534401505022808	-0.10629297692437423	0.09804126826441338	-0.09497559388001536	0.09691763205721128	-0.1084834998153514	0.13593570488714304	-0.21545897649834067	0.10607224815660826	-0.13212892871574416	0.1337681970977549	-0.20460805192660114	0.225610103714004	-0.11214844112962317	0.14126993344405753	-0.25629661506787127	0.9999999999999984	-0.8746542956450296
-0.05161736911943032	0.06214513618611786	-0.09560645832947944	0.055171911237362176	-0.07726039748073579	0.046932261504377945	-0.05986759866236523	0.08208737071938267	-0.114583415451416	0.07463410007378496	-0.07229635675952281	0.06893194522182391	-0.09435461546918095	0.10273076634035064	-0.09973843087924528	0.08975814435042671	-0.09435765507813804	0.1034201158931452	-0.13421961600032253	0.19810821374361373	-0.10150364591444305	0.11997095325411669	-0.1293530154999447	0.1723808682741766	-0.32410456821091665	0.10003845133854566	-0.13383662664174106	0.18104382700469357	-0.8746542956450296	0.9999999999999984
