1.0	-0.5662008207093645	0.2770767940257203	-0.2677116991485708	0.13108689613596564	-0.6298498283710541	0.3183215675173376	-0.2724905772891763	0.13294338012255166	-0.10692604808217963	0.1988729633819607	-0.18853211967541955	0.20218846947121893	-0.17849268967417167	0.09803073989408026	-0.13280597466962119	0.14847379604727717	-0.09821010683494166	0.09081888180931476	-0.10777391653657861	0.10181062725789913	-0.11550728477099223	0.09887709549785552	-0.07141604431560834	0.08342571629161541	-0.08827389636443442	0.07572193067460287	-0.08646607872859471	0.06602312428946867	-0.04930860224517155	0.05197325169840298	-0.058133199030015174	0.07048064291594582	-0.07802670125983102	0.06500151663573692	-0.047981876349999765	0.054894318436721726	-0.09306064156533914	0.0542623896576125	-0.0831159882140765
-0.5662008207093645	0.9999999999999998	-0.5329528370828394	0.21746093089051344	-0.11582073291800382	0.3039290488716193	-0.5095316365844326	0.26736853339231237	-0.1176758981895257	0.09037157450282567	-0.17237424949204605	0.17247448903965346	-0.19745256205066775	0.14551569174526066	-0.08136821717207786	0.1084868826639239	-0.13376447384609016	0.08100269396666442	-0.0758985546165919	0.08669883442424495	-0.08510956959121604	0.09463064967251736	-0.08072086741847713	0.05766900880928359	-0.06790841875365132	0.07062370242834178	-0.0615819404622409	0.06883883151385284	-0.05304134405992507	0.03953449317850965	-0.041815482412084624	0.04647560037705838	-0.05612426871354424	0.06172890335149619	-0.05235779188160365	0.038182896227672194	-0.04399224602891806	0.07260542215577229	-0.04246226849169121	0.06455600003759192
0.2770767940257203	-0.5329528370828394	0.9999999999999996	-0.4357864288230153	0.18029600617978145	-0.2758005877370796	0.2903141064797247	-0.5298694249192015	0.17885839337990345	-0.1434270225736092	0.18774331136451122	-0.1942237654533971	0.25849360474499633	-0.22169826790951763	0.11956727243976518	-0.1291766029786345	0.15454165052121663	-0.11347323289278625	0.10563682811604096	-0.12911518969716407	0.10414871348225119	-0.11846353622466495	0.10842098325391335	-0.07980052901135225	0.09388477199334783	-0.09180255564687562	0.07974124050541259	-0.09384378827870778	0.07308933406761454	-0.05466595773599393	0.05510863829643647	-0.06171512806061243	0.07677358976433717	-0.08544109833948127	0.07211327185460728	-0.05096329474612761	0.05857966852694718	-0.10087402573783749	0.058979002679365976	-0.090273899729608
-0.2677116991485708	0.21746093089051344	-0.4357864288230153	0.9999999999999999	-0.5238192199471625	0.20696458860785152	-0.23841663812063427	0.2678008085119763	-0.3545987413438965	0.2617893420390306	-0.23881266978445295	0.19783539018159152	-0.31215045938511093	0.27370421293719127	-0.18235029292877794	0.1489164652181321	-0.19348495399160456	0.1398083855093331	-0.14160567986856112	0.17037934785608472	-0.12999722432497815	0.1396392436792622	-0.1419241237217538	0.10488020730506768	-0.13051330521442914	0.10895588061263825	-0.09917817705011384	0.11480664493516055	-0.09716742390638815	0.07264524228680161	-0.06841978470098826	0.07522740411476078	-0.09630195194935198	0.10645747232729075	-0.09888200756722214	0.06179948196500167	-0.07267848355247548	0.11934405084155944	-0.0708954973158604	0.10627967040641008
0.13108689613596564	-0.11582073291800382	0.18029600617978145	-0.5238192199471625	1.0000000000000004	-0.122060033915652	0.12901819962101882	-0.18122280168443267	0.3069266376390428	-0.6608675391672943	0.13488260648648015	-0.12193994712731501	0.18534761648821058	-0.31870369332953014	0.18589951887906075	-0.09455372717462635	0.11786667658709016	-0.12310473335860375	0.11913561817372048	-0.196576016741332	0.08299463720179973	-0.09403705390951884	0.10343311677778008	-0.08236368166629131	0.0980069348800235	-0.07633791273082274	0.06796130881456375	-0.08801543838942166	0.07167427017092859	-0.05398438126217366	0.047822802610679595	-0.05387032485841425	0.07216173688836633	-0.08177744590112178	0.07024479970694976	-0.044547599995864565	0.051712994384197124	-0.09374283424854557	0.05514525712444068	-0.08427250930269437
-0.6298498283710541	0.3039290488716193	-0.2758005877370796	0.20696458860785152	-0.122060033915652	1.0000000000000007	-0.5599983865786946	0.24977527305576983	-0.12678528421467836	0.09582547351086375	-0.3065214707808316	0.22244190848523968	-0.23183006582319596	0.16052474989615603	-0.09234611561555359	0.15437792966846156	-0.18107145089612506	0.09640129748410352	-0.09070301087711571	0.09793683377922228	-0.11744146915495085	0.1253361389565934	-0.10072762174912443	0.06997763112159994	-0.08242835515684761	0.09140184302165924	-0.07990431974496393	0.0848612790794496	-0.06467985579207985	0.04805081590414351	-0.05345111878999427	0.05890471491495165	-0.0690130428110167	0.07501151981119529	-0.06387066518095084	0.04818583377784727	-0.05565487306508447	0.08797729568931632	-0.051460942344127264	0.07771432961439137
0.3183215675173376	-0.5095316365844326	0.2903141064797247	-0.23841663812063427	0.12901819962101882	-0.5599983865786946	1.0000000000000007	-0.4164408203800875	0.13827793523339474	-0.10632594404138335	0.22944223669358613	-0.31166536729008865	0.24893820070331166	-0.18092228695354812	0.09848077160169096	-0.14971771407098164	0.18003998133304716	-0.10284224255236338	0.09469527199003719	-0.10643620025933133	0.1118228475109601	-0.1272988772153433	0.10183253814417881	-0.0720281166269795	0.08391092251386245	-0.09205159664481427	0.07940318633600042	-0.0874267298308515	0.06597126652149246	-0.04911773249838902	0.05346875417072955	-0.059549601877973465	0.07065322164287897	-0.0774408612520763	0.06473863421909108	-0.04881249764549152	0.05600447801143085	-0.09154489238685805	0.05339690598929326	-0.0811628749722618
-0.2724905772891763	0.26736853339231237	-0.5298694249192015	0.2678008085119763	-0.18122280168443267	0.24977527305576983	-0.4164408203800875	1.0000000000000002	-0.23028096767509468	0.1464850118766651	-0.23389074545987706	0.241578995649634	-0.5388364787643913	0.2344455766918345	-0.12694190607453068	0.1467683632100946	-0.191105848425075	0.12409342866787507	-0.11817482636347997	0.12931624498657518	-0.11809985878312086	0.1304967755561192	-0.11557381404147091	0.0826946849220948	-0.09786609201870757	0.0967791742886116	-0.08548119360572967	0.09632463776203798	-0.074993864454899	0.0558207911481359	-0.057853348853104294	0.06416500418781705	-0.07841736813447445	0.08606443242275603	-0.07391605025298545	0.05257476939791486	-0.06090206388241113	0.09982243447494674	-0.05853880151079931	0.08852191912373839
0.13294338012255166	-0.1176758981895257	0.17885839337990345	-0.3545987413438965	0.3069266376390428	-0.12678528421467836	0.13827793523339474	-0.23028096767509468	1.0000000000000013	-0.6031004110110642	0.14284001756162723	-0.1338387644959885	0.21676946222576912	-0.5521593744016571	0.20558578211144013	-0.09993042768055335	0.125878157111181	-0.1368137935373799	0.13668400902742298	-0.20087825857939837	0.08690059710212332	-0.09865754288932199	0.10831228904868948	-0.08560933474129769	0.10167123962121387	-0.07876007131865108	0.07023322426712056	-0.09073892693530478	0.07355640967504691	-0.055242137054229964	0.04906777749662826	-0.05522492753332744	0.0738979304182576	-0.08335562078388264	0.0717314066948159	-0.045524279424519976	0.052917100216887954	-0.09479221930626593	0.05579597144614998	-0.08488073106055952
-0.10692604808217963	0.09037157450282567	-0.1434270225736092	0.2617893420390306	-0.6608675391672943	0.09582547351086375	-0.10632594404138335	0.1464850118766651	-0.6031004110110642	1.0000000000000007	-0.11334766256974879	0.10078242473203285	-0.16328531800901833	0.2639217203145894	-0.22382773701842118	0.07712145189084554	-0.09864710618474098	0.10038255174259084	-0.10338131797267855	0.17246567132940227	-0.06796220576723482	0.0760754380804603	-0.08483751097448004	0.06759726270321173	-0.0823749971397757	0.06075092066602264	-0.054675805496551384	0.06993005844974703	-0.058152528821998666	0.04368302172808784	-0.03815299716533044	0.0427619561840612	-0.05748059872941403	0.06481703973009821	-0.05704030992195758	0.03520865620749628	-0.04111778310279253	0.07281693513451334	-0.04302782403194783	0.06517216300444695
0.1988729633819607	-0.17237424949204605	0.18774331136451122	-0.23881266978445295	0.13488260648648015	-0.3065214707808316	0.22944223669358613	-0.23389074545987706	0.14284001756162723	-0.11334766256974879	1.0000000000000009	-0.548797713318263	0.26328187169590994	-0.21783615407162138	0.12177220008816092	-0.5090069739976105	0.31525878717322475	-0.1465417164188712	0.13079559411725306	-0.13613364105246398	0.2394237820507062	-0.2665644670730941	0.1631763508324267	-0.10860039867981969	0.12280423134031718	-0.1805159821601521	0.14541992170888415	-0.14359522465899346	0.09988220714032518	-0.07391948779234682	0.09448096666814197	-0.10500090081443711	0.11260221082943105	-0.1205772431857942	0.096631642189346	-0.08536147005306556	0.0960951166902415	-0.1452611664595964	0.08389408507178754	-0.12664075635390154
-0.18853211967541955	0.17247448903965346	-0.1942237654533971	0.19783539018159152	-0.12193994712731501	0.22244190848523968	-0.31166536729008865	0.241578995649634	-0.1338387644959885	0.10078242473203285	-0.548797713318263	0.9999999999999983	-0.4572695530466947	0.195632647826974	-0.10975629397660856	0.26614985240461503	-0.5022989524194951	0.13783613926767166	-0.12569120806738968	0.11726912196598542	-0.1899098619356281	0.20813907418128547	-0.1384417304873559	0.0904386165293011	-0.10383495188975798	0.13199531584220933	-0.1162749779151549	0.11359046840510484	-0.08174393320656295	0.06026097035444105	-0.073918267253396	0.08134006817172351	-0.0898697478486943	0.09553355525270886	-0.07925572731352369	0.06549849799777935	-0.07567187622314131	0.11193970828273705	-0.06517231755322811	0.09736983973792415
0.20218846947121893	-0.19745256205066775	0.25849360474499633	-0.31215045938511093	0.18534761648821058	-0.23183006582319596	0.24893820070331166	-0.5388364787643913	0.21676946222576912	-0.16328531800901833	0.26328187169590994	-0.4572695530466947	1.0000000000000016	-0.39963196988048594	0.16632665175760716	-0.19426144917245566	0.23724766722976257	-0.1923100422216879	0.16436176328233484	-0.1811484827067872	0.14848821532342507	-0.17575666441932553	0.1514063326960178	-0.11007694486885658	0.1263074113609898	-0.12854403574579	0.11068173779304077	-0.13006761936950278	0.09772117060277451	-0.07286200026802157	0.07526619549294382	-0.08467195305255354	0.10393380341349084	-0.1149410323815352	0.09481026334246623	-0.06947106674100895	0.07958334255254564	-0.13525642349863348	0.07881436933200009	-0.12014401950545535
-0.17849268967417167	0.14551569174526066	-0.22169826790951763	0.27370421293719127	-0.31870369332953014	0.16052474989615603	-0.18092228695354812	0.2344455766918345	-0.5521593744016571	0.2639217203145894	-0.21783615407162138	0.195632647826974	-0.39963196988048594	0.9999999999999998	-0.35838070932282373	0.14366373567463384	-0.1919306641181541	0.19607417124926682	-0.2444376449435302	0.249175003492858	-0.12636632217582666	0.13980879984351532	-0.15831870068150353	0.12107293302116372	-0.14903595785656196	0.10844452768294516	-0.0988167834259915	0.12404060270837458	-0.10392067222669539	0.07726106610753565	-0.06800869702604355	0.07575093095599829	-0.10174592729673972	0.11293006967097405	-0.10186739321182585	0.06199728526987238	-0.07286448048518683	0.12450974152633912	-0.07387987806748295	0.1105448081101515
0.09803073989408026	-0.08136821717207786	0.11956727243976518	-0.18235029292877794	0.18589951887906075	-0.09234611561555359	0.09848077160169096	-0.12694190607453068	0.20558578211144013	-0.22382773701842118	0.12177220008816092	-0.10975629397660856	0.16632665175760716	-0.35838070932282373	0.9999999999999979	-0.09195141403752954	0.11671313597455694	-0.19250727453772365	0.19667281122025243	-0.8199033772929912	0.08439470074348897	-0.09879499116558148	0.1286403796927943	-0.12355227381517368	0.14745882125281115	-0.08130935174228811	0.0732184153172185	-0.10759087063073196	0.0908034865801438	-0.06962005952348475	0.05179811832629749	-0.05935144235794809	0.0860828471936787	-0.10097446952614558	0.08435846510226092	-0.0488039291386924	0.05695232538421728	-0.10971014196489635	0.06478030062509942	-0.09849587528185372
-0.13280597466962119	0.1084868826639239	-0.1291766029786345	0.1489164652181321	-0.09455372717462635	0.15437792966846156	-0.14971771407098164	0.1467683632100946	-0.09993042768055335	0.07712145189084554	-0.5090069739976105	0.26614985240461503	-0.19426144917245566	0.14366373567463384	-0.09195141403752954	0.9999999999999998	-0.5216090093453533	0.1272670596884269	-0.11721005532030979	0.09929840569553568	-0.5408400342058425	0.295330892769767	-0.16134382453651824	0.09558398110776618	-0.108988180688216	0.1900875426800552	-0.16580248913910633	0.12843914426463351	-0.08766865765129774	0.06387634107422875	-0.09974509648122182	0.1045894428612139	-0.10077210137028249	0.10230932853680505	-0.0846518446885728	0.08286493996563599	-0.09695680969995749	0.11996266267971681	-0.0697050426761621	0.10160301153821064
0.14847379604727717	-0.13376447384609016	0.15454165052121663	-0.19348495399160456	0.11786667658709016	-0.18107145089612506	0.18003998133304716	-0.191105848425075	0.125878157111181	-0.09864710618474098	0.31525878717322475	-0.5022989524194951	0.23724766722976257	-0.1919306641181541	0.11671313597455694	-0.5216090093453533	1.0000000000000007	-0.19830370590366586	0.1552838604658059	-0.13038702259591725	0.28251262972954483	-0.4389949956536992	0.18796481509525406	-0.11638256278195844	0.12774500658184945	-0.19764034545427334	0.16856077455768315	-0.15642096170392056	0.10307665501231182	-0.07560005037470985	0.1022281896058173	-0.11491886838436159	0.118196689047386	-0.12348281940409374	0.09818149845238548	-0.0905845871827196	0.10300977804039345	-0.14559894607135362	0.08403657415940326	-0.12458899066341353
-0.09821010683494166	0.08100269396666442	-0.11347323289278625	0.1398083855093331	-0.12310473335860375	0.09640129748410352	-0.10284224255236338	0.12409342866787507	-0.1368137935373799	0.10038255174259084	-0.1465417164188712	0.13783613926767166	-0.1923100422216879	0.19607417124926682	-0.19250727453772365	0.1272670596884269	-0.19830370590366586	0.9999999999999996	-0.8386109115748319	0.19833757550039163	-0.11766393148273945	0.14469720935240174	-0.2766897897897854	0.1585107655556201	-0.16623878483902096	0.10446542668912606	-0.09749749923409107	0.15803609512345326	-0.11397084905211374	0.08106355466598139	-0.06524551195166253	0.07485245846475544	-0.11494531242540693	0.12141876458525977	-0.1006792194049348	0.05999580261699683	-0.07091200730441916	0.12775818252273954	-0.07541593912250874	0.10997504459107382
0.09081888180931476	-0.0758985546165919	0.10563682811604096	-0.14160567986856112	0.11913561817372048	-0.09070301087711571	0.09469527199003719	-0.11817482636347997	0.13668400902742298	-0.10338131797267855	0.13079559411725306	-0.12569120806738968	0.16436176328233484	-0.2444376449435302	0.19667281122025243	-0.11721005532030979	0.1552838604658059	-0.8386109115748319	0.9999999999999976	-0.27941358880448175	0.10572834135041523	-0.13371540912332958	0.2022723966767244	-0.1771246262969024	0.16038238499050717	-0.10080762130632666	0.09141586714052931	-0.1550676617972501	0.11118438507483455	-0.08048965998500973	0.06254082664437922	-0.07258545535509024	0.1097181864391236	-0.12242121463620008	0.09673572944135303	-0.05860389228623332	0.06849246952942663	-0.13000024547140349	0.07606708810116278	-0.11267972685748805
-0.10777391653657861	0.08669883442424495	-0.12911518969716407	0.17037934785608472	-0.196576016741332	0.09793683377922228	-0.10643620025933133	0.12931624498657518	-0.20087825857939837	0.17246567132940227	-0.13613364105246398	0.11726912196598542	-0.1811484827067872	0.249175003492858	-0.8199033772929912	0.09929840569553568	-0.13038702259591725	0.19833757550039163	-0.27941358880448175	0.9999999999999992	-0.09274380410095727	0.10645669506567347	-0.1470970443368571	0.14017678203952288	-0.19923663194561275	0.08610347424462594	-0.07909735384069745	0.1138990629496122	-0.10320250553751835	0.07824186846782186	-0.05544683244707422	0.06297261752117596	-0.09293524477174231	0.10791260067341632	-0.09630883603145196	0.05150929713408833	-0.06072134114819917	0.11292822946797036	-0.0674579047590762	0.10093552962306018
0.10181062725789913	-0.08510956959121604	0.10414871348225119	-0.12999722432497815	0.08299463720179973	-0.11744146915495085	0.1118228475109601	-0.11809985878312086	0.08690059710212332	-0.06796220576723482	0.2394237820507062	-0.1899098619356281	0.14848821532342507	-0.12636632217582666	0.08439470074348897	-0.5408400342058425	0.28251262972954483	-0.11766393148273945	0.10572834135041523	-0.09274380410095727	0.9999999999999984	-0.6225365805283992	0.19098966371040146	-0.10742237817732711	0.1171711695551018	-0.3583465903611863	0.23149368832310468	-0.1611250206184544	0.09793128244918244	-0.07099611320903321	0.133447833952848	-0.14224942282775233	0.11951525897457338	-0.11856963738166336	0.09314452217463379	-0.11094779583536274	0.12423058425496623	-0.1418267276050848	0.081187492890194	-0.1171820375000791
-0.11550728477099223	0.09463064967251736	-0.11846353622466495	0.1396392436792622	-0.09403705390951884	0.1253361389565934	-0.1272988772153433	0.1304967755561192	-0.09865754288932199	0.0760754380804603	-0.2665644670730941	0.20813907418128547	-0.17575666441932553	0.13980879984351532	-0.09879499116558148	0.295330892769767	-0.4389949956536992	0.14469720935240174	-0.13371540912332958	0.10645669506567347	-0.6225365805283992	0.9999999999999977	-0.31796929567804294	0.1347895410618312	-0.14859540528291437	0.2617792105485854	-0.32468684494743594	0.1935050032023016	-0.11920736754455172	0.0850353827422442	-0.1445022639672121	0.15924915961751263	-0.14472274714762087	0.13758671828087776	-0.11208809424555255	0.11708112346120121	-0.1432927737826405	0.15784129481126083	-0.09161689130350956	0.12953073964549439
0.09887709549785552	-0.08072086741847713	0.10842098325391335	-0.1419241237217538	0.10343311677778008	-0.10072762174912443	0.10183253814417881	-0.11557381404147091	0.10831228904868948	-0.08483751097448004	0.1631763508324267	-0.1384417304873559	0.1514063326960178	-0.15831870068150353	0.1286403796927943	-0.16134382453651824	0.18796481509525406	-0.2766897897897854	0.2022723966767244	-0.1470970443368571	0.19098966371040146	-0.31796929567804294	0.9999999999999983	-0.35682025489165803	0.2576976771370161	-0.200572811338283	0.19157511732774024	-0.5958822949523027	0.21216452536963296	-0.1505426166628528	0.12460034601859732	-0.15224649377168883	0.2716024818982396	-0.2689012682862222	0.17820685547528245	-0.11797683164347106	0.13949273844855342	-0.2850164775724801	0.16054850627392586	-0.22961083427871581
-0.07141604431560834	0.05766900880928359	-0.07980052901135225	0.10488020730506768	-0.08236368166629131	0.06997763112159994	-0.0720281166269795	0.0826946849220948	-0.08560933474129769	0.06759726270321173	-0.10860039867981969	0.0904386165293011	-0.11007694486885658	0.12107293302116372	-0.12355227381517368	0.09558398110776618	-0.11638256278195844	0.1585107655556201	-0.1771246262969024	0.14017678203952288	-0.10742237817732711	0.1347895410618312	-0.35682025489165803	1.0000000000000018	-0.7458516854292861	0.11387172621680205	-0.10888894365069117	0.2098403719973934	-0.3931072728603784	0.2048006748198817	-0.07775668446638005	0.09217559088618613	-0.17689417219639897	0.2353995598159561	-0.2113631625610711	0.07407802811922261	-0.0890766198930522	0.18950426522827823	-0.11901645307971978	0.17009051162586297
0.08342571629161541	-0.06790841875365132	0.09388477199334783	-0.13051330521442914	0.0980069348800235	-0.08242835515684761	0.08391092251386245	-0.09786609201870757	0.10167123962121387	-0.0823749971397757	0.12280423134031718	-0.10383495188975798	0.1263074113609898	-0.14903595785656196	0.14745882125281115	-0.108988180688216	0.12774500658184945	-0.16623878483902096	0.16038238499050717	-0.19923663194561275	0.1171711695551018	-0.14859540528291437	0.2576976771370161	-0.7458516854292861	0.9999999999999991	-0.13735924920870202	0.12489113400437199	-0.23739606487490708	0.2726331095012612	-0.253861102073694	0.09310023695393047	-0.112083537787343	0.19358205500407	-0.27822670405404987	0.21491093085721738	-0.09211504944331064	0.10814196133780575	-0.2527071571561963	0.15226510465292345	-0.2333691859102141
-0.08827389636443442	0.07062370242834178	-0.09180255564687562	0.10895588061263825	-0.07633791273082274	0.09140184302165924	-0.09205159664481427	0.0967791742886116	-0.07876007131865108	0.06075092066602264	-0.1805159821601521	0.13199531584220933	-0.12854403574579	0.10844452768294516	-0.08130935174228811	0.1900875426800552	-0.19764034545427334	0.10446542668912606	-0.10080762130632666	0.08610347424462594	-0.3583465903611863	0.2617792105485854	-0.200572811338283	0.11387172621680205	-0.13735924920870202	0.9999999999999968	-0.6810326719676093	0.17944182791144672	-0.11769020767058315	0.0835129978468303	-0.3666827683060406	0.27752277146400034	-0.1537935424399493	0.1344927603768752	-0.11655149070023092	0.21651342189163345	-0.26542850660055783	0.16530719711739347	-0.09579863217419005	0.12725012333737007
0.07572193067460287	-0.0615819404622409	0.07974124050541259	-0.09917817705011384	0.06796130881456375	-0.07990431974496393	0.07940318633600042	-0.08548119360572967	0.07023322426712056	-0.054675805496551384	0.14541992170888415	-0.1162749779151549	0.11068173779304077	-0.0988167834259915	0.0732184153172185	-0.16580248913910633	0.16856077455768315	-0.09749749923409107	0.09141586714052931	-0.07909735384069745	0.23149368832310468	-0.32468684494743594	0.19157511732774024	-0.10888894365069117	0.12489113400437199	-0.6810326719676093	0.9999999999999987	-0.22485285079563314	0.1117511048266657	-0.0791101811975374	0.25118119840966385	-0.46109083153439506	0.16131352321284584	-0.13869519944984093	0.10724741269902827	-0.21576724090499827	0.24088247166361246	-0.17558971428279715	0.09784894758612923	-0.13251718459760867
-0.08646607872859471	0.06883883151385284	-0.09384378827870778	0.11480664493516055	-0.08801543838942166	0.0848612790794496	-0.0874267298308515	0.09632463776203798	-0.09073892693530478	0.06993005844974703	-0.14359522465899346	0.11359046840510484	-0.13006761936950278	0.12404060270837458	-0.10759087063073196	0.12843914426463351	-0.15642096170392056	0.15803609512345326	-0.1550676617972501	0.1138990629496122	-0.1611250206184544	0.1935050032023016	-0.5958822949523027	0.2098403719973934	-0.23739606487490708	0.17944182791144672	-0.22485285079563314	0.9999999999999968	-0.2188588252565102	0.14143083876194332	-0.12654486277576954	0.1546956720932519	-0.5692654045174121	0.25734938299507343	-0.19008248890007157	0.1117508540457209	-0.14461052583731066	0.2531289119109382	-0.15332677209098555	0.1872687279514184
0.06602312428946867	-0.05304134405992507	0.07308933406761454	-0.09716742390638815	0.07167427017092859	-0.06467985579207985	0.06597126652149246	-0.074993864454899	0.07355640967504691	-0.058152528821998666	0.09988220714032518	-0.08174393320656295	0.09772117060277451	-0.10392067222669539	0.0908034865801438	-0.08766865765129774	0.10307665501231182	-0.11397084905211374	0.11118438507483455	-0.10320250553751835	0.09793128244918244	-0.11920736754455172	0.21216452536963296	-0.3931072728603784	0.2726331095012612	-0.11769020767058315	0.1117511048266657	-0.2188588252565102	0.9999999999999996	-0.5066475254369516	0.08601880239329532	-0.10495038107133835	0.23092312759615938	-0.5630734351964622	0.3023227728431333	-0.08457461790975174	0.10295994357575135	-0.25370002570701944	0.17207692579920564	-0.24141260797905417
-0.04930860224517155	0.03953449317850965	-0.05466595773599393	0.07264524228680161	-0.05398438126217366	0.04805081590414351	-0.04911773249838902	0.0558207911481359	-0.055242137054229964	0.04368302172808784	-0.07391948779234682	0.06026097035444105	-0.07286200026802157	0.07726106610753565	-0.06962005952348475	0.06387634107422875	-0.07560005037470985	0.08106355466598139	-0.08048965998500973	0.07824186846782186	-0.07099611320903321	0.0850353827422442	-0.1505426166628528	0.2048006748198817	-0.253861102073694	0.0835129978468303	-0.0791101811975374	0.14143083876194332	-0.5066475254369516	0.9999999999999986	-0.060917190973508055	0.07279518556791102	-0.1498330948488973	0.24852192464848813	-0.7561454880997442	0.05945065427617137	-0.072160951325901	0.1692416221804301	-0.11479471695460186	0.16459160502253728
0.05197325169840298	-0.041815482412084624	0.05510863829643647	-0.06841978470098826	0.047822802610679595	-0.05345111878999427	0.05346875417072955	-0.057853348853104294	0.04906777749662826	-0.03815299716533044	0.09448096666814197	-0.073918267253396	0.07526619549294382	-0.06800869702604355	0.05179811832629749	-0.09974509648122182	0.1022281896058173	-0.06524551195166253	0.06254082664437922	-0.05544683244707422	0.133447833952848	-0.1445022639672121	0.12460034601859732	-0.07775668446638005	0.09310023695393047	-0.3666827683060406	0.25118119840966385	-0.12654486277576954	0.08601880239329532	-0.060917190973508055	0.9999999999999968	-0.4834840963366583	0.1230867296777554	-0.10644727188029665	0.08491356624476754	-0.6943665938221271	0.31988537335083084	-0.15192721761619038	0.0828080532815407	-0.10811157311309078
-0.058133199030015174	0.04647560037705838	-0.06171512806061243	0.07522740411476078	-0.05387032485841425	0.05890471491495165	-0.059549601877973465	0.06416500418781705	-0.05522492753332744	0.0427619561840612	-0.10500090081443711	0.08134006817172351	-0.08467195305255354	0.07575093095599829	-0.05935144235794809	0.1045894428612139	-0.11491886838436159	0.07485245846475544	-0.07258545535509024	0.06297261752117596	-0.14224942282775233	0.15924915961751263	-0.15224649377168883	0.09217559088618613	-0.112083537787343	0.27752277146400034	-0.46109083153439506	0.1546956720932519	-0.10495038107133835	0.07279518556791102	-0.4834840963366583	0.9999999999999962	-0.1771195410691057	0.12740079701789733	-0.10306814164878396	0.30317783624523686	-0.6114129719169624	0.17777274700077858	-0.09912199852271351	0.12001926383273821
0.07048064291594582	-0.05612426871354424	0.07677358976433717	-0.09630195194935198	0.07216173688836633	-0.0690130428110167	0.07065322164287897	-0.07841736813447445	0.0738979304182576	-0.05748059872941403	0.11260221082943105	-0.0898697478486943	0.10393380341349084	-0.10174592729673972	0.0860828471936787	-0.10077210137028249	0.118196689047386	-0.11494531242540693	0.1097181864391236	-0.09293524477174231	0.11951525897457338	-0.14472274714762087	0.2716024818982396	-0.17689417219639897	0.19358205500407	-0.1537935424399493	0.16131352321284584	-0.5692654045174121	0.23092312759615938	-0.1498330948488973	0.1230867296777554	-0.1771195410691057	0.9999999999999971	-0.4967211743619173	0.19328947492152412	-0.11726788887107109	0.15386510773974563	-0.46027689565126756	0.21231050925082645	-0.2504891000962242
-0.07802670125983102	0.06172890335149619	-0.08544109833948127	0.10645747232729075	-0.08177744590112178	0.07501151981119529	-0.0774408612520763	0.08606443242275603	-0.08335562078388264	0.06481703973009821	-0.1205772431857942	0.09553355525270886	-0.1149410323815352	0.11293006967097405	-0.10097446952614558	0.10230932853680505	-0.12348281940409374	0.12141876458525977	-0.12242121463620008	0.10791260067341632	-0.11856963738166336	0.13758671828087776	-0.2689012682862222	0.2353995598159561	-0.27822670405404987	0.1344927603768752	-0.13869519944984093	0.25734938299507343	-0.5630734351964622	0.24852192464848813	-0.10644727188029665	0.12740079701789733	-0.4967211743619173	0.9999999999999974	-0.3473671910174859	0.09827151228887851	-0.12842410682917513	0.2780514679477765	-0.25824459063231264	0.24185128083953256
0.06500151663573692	-0.05235779188160365	0.07211327185460728	-0.09888200756722214	0.07024479970694976	-0.06387066518095084	0.06473863421909108	-0.07391605025298545	0.0717314066948159	-0.05704030992195758	0.096631642189346	-0.07925572731352369	0.09481026334246623	-0.10186739321182585	0.08435846510226092	-0.0846518446885728	0.09818149845238548	-0.1006792194049348	0.09673572944135303	-0.09630883603145196	0.09314452217463379	-0.11208809424555255	0.17820685547528245	-0.2113631625610711	0.21491093085721738	-0.11655149070023092	0.10724741269902827	-0.19008248890007157	0.3023227728431333	-0.7561454880997442	0.08491356624476754	-0.10306814164878396	0.19328947492152412	-0.3473671910174859	0.999999999999998	-0.08562350109980015	0.10207204564678476	-0.26129823022769705	0.1695400968384807	-0.2677772701318272
-0.047981876349999765	0.038182896227672194	-0.05096329474612761	0.06179948196500167	-0.044547599995864565	0.04818583377784727	-0.04881249764549152	0.05257476939791486	-0.045524279424519976	0.03520865620749628	-0.08536147005306556	0.06549849799777935	-0.06947106674100895	0.06199728526987238	-0.0488039291386924	0.08286493996563599	-0.0905845871827196	0.05999580261699683	-0.05860389228623332	0.05150929713408833	-0.11094779583536274	0.11708112346120121	-0.11797683164347106	0.07407802811922261	-0.09211504944331064	0.21651342189163345	-0.21576724090499827	0.1117508540457209	-0.08457461790975174	0.05945065427617137	-0.6943665938221271	0.30317783624523686	-0.11726788887107109	0.09827151228887851	-0.08562350109980015	0.9999999999999976	-0.5930593784542455	0.1480289600436906	-0.08291925452315092	0.09910279779985479
0.054894318436721726	-0.04399224602891806	0.05857966852694718	-0.07267848355247548	0.051712994384197124	-0.05565487306508447	0.05600447801143085	-0.06090206388241113	0.052917100216887954	-0.04111778310279253	0.0960951166902415	-0.07567187622314131	0.07958334255254564	-0.07286448048518683	0.05695232538421728	-0.09695680969995749	0.10300977804039345	-0.07091200730441916	0.06849246952942663	-0.06072134114819917	0.12423058425496623	-0.1432927737826405	0.13949273844855342	-0.0890766198930522	0.10814196133780575	-0.26542850660055783	0.24088247166361246	-0.14461052583731066	0.10295994357575135	-0.072160951325901	0.31988537335083084	-0.6114129719169624	0.15386510773974563	-0.12842410682917513	0.10207204564678476	-0.5930593784542455	0.9999999999999974	-0.24678934352884033	0.11541483004349587	-0.13945950369048432
-0.09306064156533914	0.07260542215577229	-0.10087402573783749	0.11934405084155944	-0.09374283424854557	0.08797729568931632	-0.09154489238685805	0.09982243447494674	-0.09479221930626593	0.07281693513451334	-0.1452611664595964	0.11193970828273705	-0.13525642349863348	0.12450974152633912	-0.10971014196489635	0.11996266267971681	-0.14559894607135362	0.12775818252273954	-0.13000024547140349	0.11292822946797036	-0.1418267276050848	0.15784129481126083	-0.2850164775724801	0.18950426522827823	-0.2527071571561963	0.16530719711739347	-0.17558971428279715	0.2531289119109382	-0.25370002570701944	0.1692416221804301	-0.15192721761619038	0.17777274700077858	-0.46027689565126756	0.2780514679477765	-0.26129823022769705	0.1480289600436906	-0.24678934352884033	0.9999999999999976	-0.5298458953428208	0.3102780984965384
0.0542623896576125	-0.04246226849169121	0.058979002679365976	-0.0708954973158604	0.05514525712444068	-0.051460942344127264	0.05339690598929326	-0.05853880151079931	0.05579597144614998	-0.04302782403194783	0.08389408507178754	-0.06517231755322811	0.07881436933200009	-0.07387987806748295	0.06478030062509942	-0.0697050426761621	0.08403657415940326	-0.07541593912250874	0.07606708810116278	-0.0674579047590762	0.081187492890194	-0.09161689130350956	0.16054850627392586	-0.11901645307971978	0.15226510465292345	-0.09579863217419005	0.09784894758612923	-0.15332677209098555	0.17207692579920564	-0.11479471695460186	0.0828080532815407	-0.09912199852271351	0.21231050925082645	-0.25824459063231264	0.1695400968384807	-0.08291925452315092	0.11541483004349587	-0.5298458953428208	0.9999999999999978	-0.7464707894128269
-0.0831159882140765	0.06455600003759192	-0.090273899729608	0.10627967040641008	-0.08427250930269437	0.07771432961439137	-0.0811628749722618	0.08852191912373839	-0.08488073106055952	0.06517216300444695	-0.12664075635390154	0.09736983973792415	-0.12014401950545535	0.1105448081101515	-0.09849587528185372	0.10160301153821064	-0.12458899066341353	0.10997504459107382	-0.11267972685748805	0.10093552962306018	-0.1171820375000791	0.12953073964549439	-0.22961083427871581	0.17009051162586297	-0.2333691859102141	0.12725012333737007	-0.13251718459760867	0.1872687279514184	-0.24141260797905417	0.16459160502253728	-0.10811157311309078	0.12001926383273821	-0.2504891000962242	0.24185128083953256	-0.2677772701318272	0.09910279779985479	-0.13945950369048432	0.3102780984965384	-0.7464707894128269	0.9999999999999978
