1.0	-0.08754620382779674	0.057479611978929736	-0.03905920373475769	0.03638061521213849	-0.9909165693435539	0.07138929101052789	-0.051080910332013986	0.029360754610825476	-0.026106285757518242	0.03820529094200341	-0.036735449464804795	0.038715724338638895	-0.03227255475091683	0.025926857692829257	-0.034152900937373276	0.03428570023480451	-0.033421463694590633	0.025555097649863853	-0.02266145061272013	0.012722558249683144	-0.016398046373842082	0.016613554607692278	-0.017840956785038276	0.020114364303306525	-0.00978185770358385	0.01544338767466991	-0.012314840370698696	0.015639833819272236	-0.012871800196598374	0.010983546701437029	-0.02132931502309102	0.010951077561854266	-0.011317418710551298	0.014083701891319515	-0.008701109365421303	0.011005182738908225	-0.00933018974013806	0.010986898852269878	-0.010539121272127116	0.010519423317603383	-0.007562331095664879	0.010781450872557236	-0.010946866923744282	0.009486018284545997
-0.08754620382779674	0.9999999999999998	-0.6129417218727238	0.231386449826398	-0.2111345361031729	0.0807536421159671	-0.6169956278511564	0.2992571859907034	-0.17452682256053156	0.1417642919805606	-0.1971673123529896	0.197597055038441	-0.2194438795433829	0.1672969050352904	-0.13681720255444113	0.15805722794890337	-0.177682436758511	0.1668176635027882	-0.13141553353485638	0.11395975676038302	-0.05961744588978008	0.07853008916538488	-0.08009251852437642	0.08521661723032709	-0.09761752567312248	0.04587219673629158	-0.0733583503159932	0.05785571172875323	-0.0739855216363853	0.061518929761001206	-0.05119333287046447	0.09914580822316922	-0.05142818507247565	0.05326543074393686	-0.0668351043519562	0.04057365031798043	-0.05134157497371398	0.04359346730201779	-0.051435827145818645	0.04927686109030734	-0.04893390010515582	0.035225416078538324	-0.05019779537969264	0.051151609999423114	-0.04435956106705066
0.057479611978929736	-0.6129417218727238	0.9999999999999998	-0.4573156196806869	0.22563547158549616	-0.05919085321588673	0.30165677446415207	-0.4535682716374801	0.21048670510736556	-0.1737983169262705	0.1689327363687669	-0.1793964130901352	0.22659629456321165	-0.20587083971291925	0.15224084028228618	-0.16155985917454385	0.16215095051125022	-0.19169469400087064	0.14226902093607663	-0.12990514810912593	0.0627132971027103	-0.0826955180604149	0.08492970537460717	-0.09268510093367935	0.10461728832049265	-0.04851049744818268	0.07696872921199359	-0.06239571660333441	0.07880284941450885	-0.06645594246156171	0.054260813147263845	-0.10836387424233425	0.05511432989691765	-0.05723045557628187	0.07128120519202662	-0.04316425217427329	0.05472021287875237	-0.04664100774692892	0.055000657339992216	-0.053283504265718144	0.05204107968794033	-0.037580894297604965	0.05350109832253368	-0.05501066958347217	0.047548973169368625
-0.03905920373475769	0.231386449826398	-0.4573156196806869	0.9999999999999996	-0.5170442771907562	0.039097695340567604	-0.21445162222500694	0.23274356909693514	-0.5306203479477823	0.29309377353059934	-0.1739776772068348	0.15549556174445084	-0.21769572801876466	0.2592080672109495	-0.22309091053404653	0.1565431418340235	-0.16752296207973197	0.1864776222504643	-0.17622191202100124	0.15909428448860066	-0.07084860475042853	0.089774792007942	-0.09487318161480501	0.10429375591800401	-0.12633872859828033	0.054421471181613626	-0.08573605253844986	0.07157848274763508	-0.09240234946076895	0.078213842280703	-0.06197690549848432	0.11910774494072113	-0.0635281937634826	0.06627378214639143	-0.08411211204093344	0.04923792678435897	-0.06296204360052601	0.05359250528408879	-0.06360776617861638	0.06122414595286816	-0.05977704480321472	0.04309980385475744	-0.0615751985095509	0.06320184403902492	-0.05499492579484869
0.03638061521213849	-0.2111345361031729	0.22563547158549616	-0.5170442771907562	1.0000000000000004	-0.0376599713814052	0.17596303637681274	-0.22219217990786683	0.319545940739748	-0.6187733065562907	0.16451000563939416	-0.15376667161461707	0.20076252462655828	-0.306481978417247	0.24695339398668947	-0.18121987611088883	0.16835614518309377	-0.22076424288080615	0.18606680448622628	-0.2011582197611144	0.08388373105558644	-0.10647781679115989	0.11031450514728376	-0.1270704535548003	0.14535553293173262	-0.06500779095479367	0.10110899156752666	-0.08723079761140493	0.10862570083410304	-0.09352752997935783	0.07418439531647827	-0.15179586601578424	0.07649582583301015	-0.07990329140253237	0.09861769284742714	-0.059253414334454385	0.07569131206599038	-0.06478048737909244	0.07647054898827468	-0.07534859312370208	0.07187073702007506	-0.0520518337644821	0.07416502935418162	-0.07708747735347218	0.06647502918819634
-0.9909165693435539	0.0807536421159671	-0.05919085321588673	0.039097695340567604	-0.0376599713814052	1.0000000000000007	-0.07617118587648455	0.05102470168268366	-0.03000600017675428	0.0265300363978192	-0.039760185934561404	0.0374396510957433	-0.039683778312512165	0.03253716520594096	-0.026464637593597642	0.03444521199256995	-0.035316336979001925	0.03365607423298148	-0.026060063167321835	0.02294825703228094	-0.01293411116936681	0.016643915212938953	-0.016889772092740257	0.018074297012021033	-0.020482906030376315	0.009933746998428137	-0.015700469925500525	0.012490113633423628	-0.015909108934879918	0.013076584511130498	-0.011160481286487273	0.02153767005001324	-0.011118517010944854	0.011490102706311955	-0.014328576367229015	0.00883614227809384	-0.011178692599643996	0.009472048848139115	-0.011159117248363435	0.010684028667007156	-0.010686661827237284	0.007678829897772606	-0.010951048034975723	0.011105462981882974	-0.009631048099705499
0.07138929101052789	-0.6169956278511564	0.30165677446415207	-0.21445162222500694	0.17596303637681274	-0.07617118587648455	1.0000000000000007	-0.5438949068751648	0.1586525593110773	-0.13900163283425562	0.2172557708614796	-0.33066468964221307	0.26043035777450646	-0.18941640351638825	0.14058640050607035	-0.19716090932251665	0.20092920021088725	-0.2089699630897357	0.14303440967662162	-0.1272323127361775	0.06639238568436394	-0.09042749245934872	0.09022716360150149	-0.09677182035687674	0.10623112663444095	-0.05146926504822731	0.08240681321539195	-0.06446737273624174	0.081094269948419	-0.06784530750518532	0.056702622285817385	-0.11382432408962609	0.05699596620902155	-0.0589564433698502	0.0730925433342222	-0.04506239310464725	0.05674179648257986	-0.048313149533627656	0.056789365983991064	-0.05482689334929042	0.05405202782633704	-0.03901247120876215	0.05543828811605356	-0.05679968695594225	0.04899729126274418
-0.051080910332013986	0.2992571859907034	-0.4535682716374801	0.23274356909693514	-0.22219217990786683	0.05102470168268366	-0.5438949068751648	1.0000000000000002	-0.21275363667841293	0.163918582200532	-0.2313407548059144	0.24553279416932858	-0.506893921630203	0.2175478346650557	-0.17091070331410313	0.1883748963126032	-0.2141799117956429	0.2312307046093366	-0.17443549793199675	0.14355059062108927	-0.07118759371921987	0.09544738829693802	-0.09925432512899154	0.10440953740305176	-0.11959917856322073	0.0548925782805629	-0.08849948919461975	0.06953599247024908	-0.08900718005578274	0.07467532152166759	-0.06094980001482794	0.11890599319993994	-0.0616827268046475	0.06398609727217719	-0.08056022917705226	0.04836332657248112	-0.06120870535775946	0.0520745773837171	-0.06149595029902823	0.059007589210814754	-0.058197495939076874	0.041965290200268124	-0.059758449962260735	0.06116580514639681	-0.053008896734347374
0.029360754610825476	-0.17452682256053156	0.21048670510736556	-0.5306203479477823	0.319545940739748	-0.03000600017675428	0.1586525593110773	-0.21275363667841293	1.0000000000000002	-0.568624078947268	0.14099523770288097	-0.1334559551795678	0.19483329231656038	-0.463809193267078	0.25260724941260504	-0.13781236009388032	0.140824817778891	-0.18148154791273077	0.17267771873059068	-0.1734336086654038	0.06265271094826895	-0.08112692174210442	0.08608916990020114	-0.09747488421338293	0.11785100210746786	-0.0484422070897934	0.07654234434807666	-0.06511809310560945	0.08313647060697703	-0.0727833477372328	0.05487601868265858	-0.10901644787823148	0.05727522662238117	-0.06011825737873998	0.07605145360568846	-0.04380218464032134	0.056080890245304715	-0.04803825695174691	0.05703715158645285	-0.05565771336822974	0.05298927934016313	-0.03840465111543183	0.05475189506405467	-0.05702782094904578	0.049405684467640286
-0.026106285757518242	0.1417642919805606	-0.1737983169262705	0.29309377353059934	-0.6187733065562907	0.0265300363978192	-0.13900163283425562	0.163918582200532	-0.568624078947268	0.9999999999999997	-0.13629757348626226	0.12223999488304482	-0.17443902430446098	0.2830137633485547	-0.3723578372858104	0.13306198048386003	-0.13764648389052855	0.17366137060422734	-0.18416791128502838	0.1901053697373486	-0.06459934194490952	0.08246051167148957	-0.0886854821560895	0.10110036474632021	-0.12856541055071194	0.04985671563493918	-0.07854532243299076	0.06798474612847845	-0.08777293258972202	0.07733983014445274	-0.056866976333412894	0.11174195949369635	-0.05988237174594287	0.06306162667082908	-0.0807373454617881	0.04541171349544566	-0.05839891906333539	0.05005223132765421	-0.05964193417804149	0.058096713300330616	-0.05506556365525274	0.039921515008946175	-0.05698974891164935	0.0594660329982037	-0.05165411733673527
0.03820529094200341	-0.1971673123529896	0.1689327363687669	-0.1739776772068348	0.16451000563939416	-0.039760185934561404	0.2172557708614796	-0.2313407548059144	0.14099523770288097	-0.13629757348626226	0.9999999999999999	-0.6097215245195223	0.25663270239613495	-0.2047077352245199	0.15361322417122575	-0.5784618728517987	0.32295745021336697	-0.25447153216020074	0.16673724064838427	-0.15046433242056517	0.1002899952490494	-0.13348409201565817	0.1251022445996742	-0.13309625181018797	0.13898197809899485	-0.07750791940691677	0.12055226724903147	-0.09034682019776517	0.11197258943129329	-0.09118389917705522	0.08314976168806149	-0.16581022282416014	0.08021573877456102	-0.08217487666433905	0.09997214171555643	-0.0658728330710824	0.08144815462023264	-0.06897462932787793	0.08024352821733706	-0.07696898778882888	0.07833859018097912	-0.056320937435236425	0.07973681974842844	-0.08045383909577139	0.0690696693701038
-0.036735449464804795	0.197597055038441	-0.1793964130901352	0.15549556174445084	-0.15376667161461707	0.0374396510957433	-0.33066468964221307	0.24553279416932858	-0.1334559551795678	0.12223999488304482	-0.6097215245195223	0.9999999999999998	-0.41472405262297074	0.18532708748202123	-0.14354529417456482	0.30660014982550254	-0.4798895456026087	0.23527535703814306	-0.1586611154344093	0.13275321780183108	-0.08131580137812147	0.11982465669637235	-0.11146146808275131	0.11237267487589703	-0.12011958602132877	0.06292696718220146	-0.10513228952591068	0.07378494866497183	-0.09308880476220949	0.07653222177274456	-0.06704983504205514	0.13215127585610578	-0.06560811868790166	0.0673547868085741	-0.08341979268630682	0.053002609779497376	-0.0657863403171029	0.055786405834370625	-0.06523103914723614	0.062160437004600916	-0.06292126764560861	0.04528591343451252	-0.06415610205396738	0.06499702189744394	-0.055972350596279266
0.038715724338638895	-0.2194438795433829	0.22659629456321165	-0.21769572801876466	0.20076252462655828	-0.039683778312512165	0.26043035777450646	-0.506893921630203	0.19483329231656038	-0.17443902430446098	0.25663270239613495	-0.41472405262297074	1.0000000000000013	-0.3577862034088019	0.21013138220083494	-0.24357627397884174	0.25400916318493544	-0.47509695898338433	0.23429514833582252	-0.19724601066115352	0.08655352740930974	-0.1223838266607396	0.12805650118417763	-0.13556320410198552	0.14755756018439115	-0.06740054136838769	0.10935289521759782	-0.08599485259514333	0.10823142251156911	-0.09291525827656487	0.07379784154558187	-0.1502195383908066	0.0755667390574286	-0.07855217743105933	0.09795154844227612	-0.058813224874643646	0.0742222633410562	-0.06349425513066687	0.07481463019306414	-0.0726004588223352	0.07031763617239957	-0.050945907037234464	0.07231751423530716	-0.07489609646422331	0.0645157640039773
-0.03227255475091683	0.1672969050352904	-0.20587083971291925	0.2592080672109495	-0.306481978417247	0.03253716520594096	-0.18941640351638825	0.2175478346650557	-0.463809193267078	0.2830137633485547	-0.2047077352245199	0.18532708748202123	-0.3577862034088019	0.9999999999999971	-0.5458591805654963	0.18088827147910191	-0.20343653331300762	0.2576361994347597	-0.32286818671513334	0.2659517794269599	-0.08551284900765935	0.11164200151816371	-0.12222370143468803	0.13647639656164195	-0.17784861945280397	0.06596249038936124	-0.1055138085472249	0.08969031313178392	-0.11747994418302846	0.1042684220675828	-0.07458407850250011	0.14452491759756783	-0.07914133584329822	0.08350874042161012	-0.10848981323979813	0.05954385075687299	-0.07659357542880121	0.06570265005664239	-0.07853286472173497	0.0760357980154663	-0.07197019767070699	0.05222227203731604	-0.07453410607130953	0.07791684625375661	-0.06784688736469184
0.025926857692829257	-0.13681720255444113	0.15224084028228618	-0.22309091053404653	0.24695339398668947	-0.026464637593597642	0.14058640050607035	-0.17091070331410313	0.25260724941260504	-0.3723578372858104	0.15361322417122575	-0.14354529417456482	0.21013138220083494	-0.5458591805654963	1.0	-0.16097170604045982	0.16293594558143967	-0.2618773829796102	0.2800472389674276	-0.5608588759611188	0.08198779392019341	-0.11018347538730666	0.11991356842645039	-0.14866787088317568	0.19107376177347812	-0.06405025667654488	0.10209258817730689	-0.0921593154487315	0.1167152018494753	-0.11573220774326257	0.07220185337452627	-0.149119096812328	0.07942037103097757	-0.08539353523499346	0.10880545320670462	-0.05821728435557689	0.07515331544985965	-0.0653905652451974	0.07813473669996512	-0.07834826436455822	0.07000480280726122	-0.05135458381533829	0.07298986891789863	-0.07883515654197235	0.06784702489166372
-0.034152900937373276	0.15805722794890337	-0.16155985917454385	0.1565431418340235	-0.18121987611088883	0.03444521199256995	-0.19716090932251665	0.1883748963126032	-0.13781236009388032	0.13306198048386003	-0.5784618728517987	0.30660014982550254	-0.24357627397884174	0.18088827147910191	-0.16097170604045982	0.9999999999999978	-0.6271673911448544	0.2311936858582626	-0.17958011869659044	0.14912426039273283	-0.13740068755696236	0.16650962623724821	-0.15502912680563807	0.15008176648919727	-0.16498444690636163	0.1004125460890037	-0.1575522135100617	0.10562887338153103	-0.13636755584397095	0.10644945216839749	-0.10670842292328565	0.18127068776260344	-0.09603037504052027	0.09757707050472406	-0.12097780864597765	0.08273148419787842	-0.10085751698295961	0.08390206985270607	-0.0973370378545354	0.0895056801890431	-0.09844001112449956	0.06967541857927682	-0.09891913150483235	0.09576097926929229	-0.08291200395841655
0.03428570023480451	-0.177682436758511	0.16215095051125022	-0.16752296207973197	0.16835614518309377	-0.035316336979001925	0.20092920021088725	-0.2141799117956429	0.140824817778891	-0.13764648389052855	0.32295745021336697	-0.4798895456026087	0.25400916318493544	-0.20343653331300762	0.16293594558143967	-0.6271673911448544	0.9999999999999974	-0.32918296322694207	0.1906294970293184	-0.16542294367707383	0.12289611754052766	-0.23069989520354647	0.1675500762143889	-0.16730120824863123	0.16191777723477108	-0.09711956795564577	0.16569173722863356	-0.10560146177076866	0.13042179248285352	-0.10557803488484155	0.09815367769527891	-0.20247684735653526	0.09379610349227147	-0.09527083994641881	0.11572406391608656	-0.07767897558496772	0.09441310747451034	-0.08004348799669296	0.0926190592468789	-0.0878494080758294	0.09057170651904135	-0.06526755414510084	0.09183421290255418	-0.09260001215006014	0.07906884493051204
-0.033421463694590633	0.1668176635027882	-0.19169469400087064	0.1864776222504643	-0.22076424288080615	0.03365607423298148	-0.2089699630897357	0.2312307046093366	-0.18148154791273077	0.17366137060422734	-0.25447153216020074	0.23527535703814306	-0.47509695898338433	0.2576361994347597	-0.2618773829796102	0.2311936858582626	-0.32918296322694207	0.9999999999999983	-0.5679731413256919	0.2624797702604894	-0.10599498145308582	0.1546625223206559	-0.20243062548189808	0.17862886738589084	-0.20363297029624822	0.08208161467721468	-0.13937724107421479	0.10624565034279945	-0.13864866659477137	0.11970285089990948	-0.08955829639200921	0.1744612023080281	-0.09372031387651261	0.09771648841140149	-0.12626456092530147	0.07119884819821305	-0.09045387460272673	0.07744190456579152	-0.09207246992912839	0.08803176908598434	-0.0850487330896553	0.061649358982603084	-0.08767945257685973	0.09102631647604362	-0.07897789378808223
0.025555097649863853	-0.13141553353485638	0.14226902093607663	-0.17622191202100124	0.18606680448622628	-0.026060063167321835	0.14303440967662162	-0.17443549793199675	0.17267771873059068	-0.18416791128502838	0.16673724064838427	-0.1586611154344093	0.23429514833582252	-0.32286818671513334	0.2800472389674276	-0.17958011869659044	0.1906294970293184	-0.5679731413256919	1.0000000000000002	-0.592934247121746	0.09012968809371481	-0.1282043087548918	0.1464998647984304	-0.17855893472257622	0.20724117520193902	-0.07070901607197794	0.11526106070139944	-0.10053595279835845	0.12711521390361946	-0.12558244663736548	0.0783993432089558	-0.16317429549692664	0.08636942290551142	-0.09264549198653343	0.11783594681233096	-0.06321208862416215	0.08126170254827371	-0.07078551043829276	0.08447361818168914	-0.08444554151266963	0.07555604978616812	-0.055493653308515675	0.0787266024118992	-0.0851579179835609	0.07312627678533531
-0.02266145061272013	0.11395975676038302	-0.12990514810912593	0.15909428448860066	-0.2011582197611144	0.02294825703228094	-0.1272323127361775	0.14355059062108927	-0.1734336086654038	0.1901053697373486	-0.15046433242056517	0.13275321780183108	-0.19724601066115352	0.2659517794269599	-0.5608588759611188	0.14912426039273283	-0.16542294367707383	0.2624797702604894	-0.592934247121746	1.0000000000000018	-0.08542934579441017	0.11577566681035333	-0.13549332611058246	0.17007384036057582	-0.3290658628594224	0.06667817953076527	-0.10803258091671783	0.1010761861160745	-0.1359745292140165	0.1443337052248675	-0.07530889573490256	0.15144876164805676	-0.08732505527509074	0.09574240074957406	-0.13174214501994863	0.06098681189698938	-0.07980132400972315	0.06999990850512915	-0.08503833043114378	0.08460450969924764	-0.07323006749356961	0.054046446326958736	-0.07696245455571095	0.0846536144210657	-0.07340721967033287
0.012722558249683144	-0.05961744588978008	0.0627132971027103	-0.07084860475042853	0.08388373105558644	-0.01293411116936681	0.06639238568436394	-0.07118759371921987	0.06265271094826895	-0.06459934194490952	0.1002899952490494	-0.08131580137812147	0.08655352740930974	-0.08551284900765935	0.08198779392019341	-0.13740068755696236	0.12289611754052766	-0.10599498145308582	0.09012968809371481	-0.08542934579441017	1.0000000000000009	-0.23197082727400736	0.15388239202442106	-0.16215448464962465	0.14074319045298483	-0.7767892919164564	0.23748142828731486	-0.13459934751582625	0.14427809539513758	-0.1063324406500536	0.26325490059725454	-0.28676181342426893	0.12126413295123331	-0.12006532749552551	0.1257465554596744	-0.2288494898593834	0.1545250925503546	-0.13236622341296725	0.12685560588569209	-0.11644325467697113	0.16421577280312377	-0.12603277852341385	0.14419247856520012	-0.13893844460276758	0.1026660512091149
-0.016398046373842082	0.07853008916538488	-0.0826955180604149	0.089774792007942	-0.10647781679115989	0.016643915212938953	-0.09042749245934872	0.09544738829693802	-0.08112692174210442	0.08246051167148957	-0.13348409201565817	0.11982465669637235	-0.1223838266607396	0.11164200151816371	-0.11018347538730666	0.16650962623724821	-0.23069989520354647	0.1546625223206559	-0.1282043087548918	0.11577566681035333	-0.23197082727400736	1.0000000000000036	-0.5376443834542969	0.26308793950960535	-0.20494067392621318	0.1808367315965593	-0.6292565272687753	0.13568193342187312	-0.1690137761717735	0.12830916861556318	-0.1439278122008181	0.2823554608434753	-0.12296826562774905	0.11876909041806606	-0.14432155643069225	0.10888962015082908	-0.12147577555532615	0.10203207450682325	-0.1151685113904153	0.10261139272580841	-0.11649426109410427	0.08369244021366627	-0.11472566278502971	0.11286738673589586	-0.09434315130131715
0.016613554607692278	-0.08009251852437642	0.08492970537460717	-0.09487318161480501	0.11031450514728376	-0.016889772092740257	0.09022716360150149	-0.09925432512899154	0.08608916990020114	-0.0886854821560895	0.1251022445996742	-0.11146146808275131	0.12805650118417763	-0.12222370143468803	0.11991356842645039	-0.15502912680563807	0.1675500762143889	-0.20243062548189808	0.1464998647984304	-0.13549332611058246	0.15388239202442106	-0.5376443834542969	1.0000000000000009	-0.6455060994461485	0.23784372303051463	-0.12960090818293807	0.26193053765917335	-0.16101931463249464	0.18265860929286812	-0.15172687631379678	0.11835587184237938	-0.28561438079169105	0.1295453870974085	-0.12829353290587614	0.15308646218211874	-0.09504684525478531	0.11547480286829352	-0.10084364951840158	0.11648523543859243	-0.10950940510564386	0.10633752561530989	-0.0784841372359117	0.10909446105361582	-0.1158633163000719	0.096590329198295
-0.017840956785038276	0.08521661723032709	-0.09268510093367935	0.10429375591800401	-0.1270704535548003	0.018074297012021033	-0.09677182035687674	0.10440953740305176	-0.09747488421338293	0.10110036474632021	-0.13309625181018797	0.11237267487589703	-0.13556320410198552	0.13647639656164195	-0.14866787088317568	0.15008176648919727	-0.16730120824863123	0.17862886738589084	-0.17855893472257622	0.17007384036057582	-0.16215448464962465	0.26308793950960535	-0.6455060994461485	1.0000000000000027	-0.47249829105678476	0.12574175635673793	-0.2549319569248649	0.17443119531120424	-0.26723492989311715	0.2139401233751611	-0.1299927475010021	0.24394633373596827	-0.15114977090136794	0.15890598797466818	-0.21705553270001277	0.10349130028639358	-0.13309192523358773	0.11593938617560312	-0.14060587618012374	0.13002068215872242	-0.1206423965491055	0.088731459231179	-0.12570553321846878	0.13544024442476582	-0.11710329186552339
0.020114364303306525	-0.09761752567312248	0.10461728832049265	-0.12633872859828033	0.14535553293173262	-0.020482906030376315	0.10623112663444095	-0.11959917856322073	0.11785100210746786	-0.12856541055071194	0.13898197809899485	-0.12011958602132877	0.14755756018439115	-0.17784861945280397	0.19107376177347812	-0.16498444690636163	0.16191777723477108	-0.20363297029624822	0.20724117520193902	-0.3290658628594224	0.14074319045298483	-0.20494067392621318	0.23784372303051463	-0.47249829105678476	1.000000000000002	-0.11284262475046536	0.18236482107037655	-0.20811612954589995	0.2667418101162069	-0.5130188121223864	0.1275785814868909	-0.2820246432256813	0.16867293339025033	-0.20137839613766456	0.2694467929986188	-0.10635182471872691	0.1423292921283281	-0.13048845162613973	0.1602478992941115	-0.17337611683589552	0.12620724227205007	-0.09625443220242733	0.13597817586515326	-0.1647162558244661	0.1393800255977458
-0.00978185770358385	0.04587219673629158	-0.04851049744818268	0.054421471181613626	-0.06500779095479367	0.009933746998428137	-0.05146926504822731	0.0548925782805629	-0.0484422070897934	0.04985671563493918	-0.07750791940691677	0.06292696718220146	-0.06740054136838769	0.06596249038936124	-0.06405025667654488	0.1004125460890037	-0.09711956795564577	0.08208161467721468	-0.07070901607197794	0.06667817953076527	-0.7767892919164564	0.1808367315965593	-0.12960090818293807	0.12574175635673793	-0.11284262475046536	0.9999999999999996	-0.28606234133326225	0.10655786335819593	-0.11613563618308619	0.08452920317594212	-0.4183421511628818	0.21823488886040943	-0.09874112923922541	0.09640325327646826	-0.10098094756025314	0.21043196912598913	-0.14165393517256297	0.11253001535233112	-0.10503425012525355	0.09059473265081114	-0.15994520070379553	0.10981619083311325	-0.12863849323304993	0.11189821475092494	-0.0816860484053716
0.01544338767466991	-0.0733583503159932	0.07696872921199359	-0.08573605253844986	0.10110899156752666	-0.015700469925500525	0.08240681321539195	-0.08849948919461975	0.07654234434807666	-0.07854532243299076	0.12055226724903147	-0.10513228952591068	0.10935289521759782	-0.1055138085472249	0.10209258817730689	-0.1575522135100617	0.16569173722863356	-0.13937724107421479	0.11526106070139944	-0.10803258091671783	0.23748142828731486	-0.6292565272687753	0.26193053765917335	-0.2549319569248649	0.18236482107037655	-0.28606234133326225	1.0000000000000038	-0.15106081713470051	0.1681754289399428	-0.1270845494253778	0.16769366858523493	-0.5422630895860227	0.1373701520313907	-0.1281854632025358	0.1436723037450098	-0.13021939323065443	0.1352367812592173	-0.11475573929127529	0.12473618087922499	-0.11129465860450531	0.12983914543418396	-0.09457048564547986	0.12651349795731112	-0.12466751533533141	0.10096980473795474
-0.012314840370698696	0.05785571172875323	-0.06239571660333441	0.07157848274763508	-0.08723079761140493	0.012490113633423628	-0.06446737273624174	0.06953599247024908	-0.06511809310560945	0.06798474612847845	-0.09034682019776517	0.07378494866497183	-0.08599485259514333	0.08969031313178392	-0.0921593154487315	0.10562887338153103	-0.10560146177076866	0.10624565034279945	-0.10053595279835845	0.1010761861160745	-0.13459934751582625	0.13568193342187312	-0.16101931463249464	0.17443119531120424	-0.20811612954589995	0.10655786335819593	-0.15106081713470051	1.000000000000003	-0.5093468373430996	0.21541132521212267	-0.14311753504984404	0.2248783210223639	-0.6625218804670887	0.29727019971013885	-0.2724469425324333	0.12747607962965352	-0.22718812036359048	0.2136844057805085	-0.24172160777849208	0.16418661079628222	-0.15239639831538018	0.12008116773940178	-0.1782966054228607	0.19851526396546473	-0.15425664988641868
0.015639833819272236	-0.0739855216363853	0.07880284941450885	-0.09240234946076895	0.10862570083410304	-0.015909108934879918	0.081094269948419	-0.08900718005578274	0.08313647060697703	-0.08777293258972202	0.11197258943129329	-0.09308880476220949	0.10823142251156911	-0.11747994418302846	0.1167152018494753	-0.13636755584397095	0.13042179248285352	-0.13864866659477137	0.12711521390361946	-0.1359745292140165	0.14427809539513758	-0.1690137761717735	0.18265860929286812	-0.26723492989311715	0.2667418101162069	-0.11613563618308619	0.1681754289399428	-0.5093468373430996	1.0000000000000016	-0.4526581496964361	0.1440455213657715	-0.2834478443818036	0.28812643971137736	-0.4028991181640334	0.30601738429693626	-0.12706835976813435	0.18723032923012142	-0.18800631408326696	0.23479783264160725	-0.21305512979608854	0.15091506982224356	-0.12161097468858878	0.17229187366289755	-0.23768169363905994	0.17297795875137056
-0.012871800196598374	0.061518929761001206	-0.06645594246156171	0.078213842280703	-0.09352752997935783	0.013076584511130498	-0.06784530750518532	0.07467532152166759	-0.0727833477372328	0.07733983014445274	-0.09118389917705522	0.07653222177274456	-0.09291525827656487	0.1042684220675828	-0.11573220774326257	0.10644945216839749	-0.10557803488484155	0.11970285089990948	-0.12558244663736548	0.1443337052248675	-0.1063324406500536	0.12830916861556318	-0.15172687631379678	0.2139401233751611	-0.5130188121223864	0.08452920317594212	-0.1270845494253778	0.21541132521212267	-0.4526581496964361	0.9999999999999984	-0.1036345836257482	0.19478129937286873	-0.18529901444650831	0.23987187402762505	-0.6103923723115411	0.08932887809765838	-0.13117784369400048	0.12470494411956033	-0.16974830827348686	0.16919371541299436	-0.10759320568912159	0.0844201828614162	-0.12164490427447329	0.15806648704439874	-0.14186581486473793
0.010983546701437029	-0.05119333287046447	0.054260813147263845	-0.06197690549848432	0.07418439531647827	-0.011160481286487273	0.056702622285817385	-0.06094980001482794	0.05487601868265858	-0.056866976333412894	0.08314976168806149	-0.06704983504205514	0.07379784154558187	-0.07458407850250011	0.07220185337452627	-0.10670842292328565	0.09815367769527891	-0.08955829639200921	0.0783993432089558	-0.07530889573490256	0.26325490059725454	-0.1439278122008181	0.11835587184237938	-0.1299927475010021	0.1275785814868909	-0.4183421511628818	0.16769366858523493	-0.14311753504984404	0.1440455213657715	-0.1036345836257482	1.0	-0.24182883761014112	0.130871488679568	-0.13096956345213837	0.12663331808791167	-0.6798151491457627	0.21774293506015707	-0.18418034591317442	0.14663135876673955	-0.12802465055759918	0.2512374914038547	-0.19407711774917638	0.1849614492803155	-0.1684243616701405	0.1122653867570231
-0.02132931502309102	0.09914580822316922	-0.10836387424233425	0.11910774494072113	-0.15179586601578424	0.02153767005001324	-0.11382432408962609	0.11890599319993994	-0.10901644787823148	0.11174195949369635	-0.16581022282416014	0.13215127585610578	-0.1502195383908066	0.14452491759756783	-0.149119096812328	0.18127068776260344	-0.20247684735653526	0.1744612023080281	-0.16317429549692664	0.15144876164805676	-0.28676181342426893	0.2823554608434753	-0.28561438079169105	0.24394633373596827	-0.2820246432256813	0.21823488886040943	-0.5422630895860227	0.2248783210223639	-0.2834478443818036	0.19478129937286873	-0.24182883761014112	0.9999999999999971	-0.25664224950722564	0.20829637718997898	-0.2415573803279166	0.18136081104670088	-0.23613202957723214	0.18882619979929555	-0.21378519334034962	0.17152441395500273	-0.21710037730568083	0.15132336739567673	-0.2178215154253326	0.19739296895180522	-0.16786592819752583
0.010951077561854266	-0.05142818507247565	0.05511432989691765	-0.0635281937634826	0.07649582583301015	-0.011118517010944854	0.05699596620902155	-0.0616827268046475	0.05727522662238117	-0.05988237174594287	0.08021573877456102	-0.06560811868790166	0.0755667390574286	-0.07914133584329822	0.07942037103097757	-0.09603037504052027	0.09379610349227147	-0.09372031387651261	0.08636942290551142	-0.08732505527509074	0.12126413295123331	-0.12296826562774905	0.1295453870974085	-0.15114977090136794	0.16867293339025033	-0.09874112923922541	0.1373701520313907	-0.6625218804670887	0.28812643971137736	-0.18529901444650831	0.130871488679568	-0.25664224950722564	0.9999999999999986	-0.49973272793069484	0.231344911287404	-0.12391995748195296	0.2190298494539782	-0.3062315676352354	0.24716197208503887	-0.16137578415105633	0.14093434996888668	-0.11945134627261461	0.17169960883546317	-0.21661930497822618	0.14240210697775482
-0.011317418710551298	0.05326543074393686	-0.05723045557628187	0.06627378214639143	-0.07990329140253237	0.011490102706311955	-0.0589564433698502	0.06398609727217719	-0.06011825737873998	0.06306162667082908	-0.08217487666433905	0.0673547868085741	-0.07855217743105933	0.08350874042161012	-0.08539353523499346	0.09757707050472406	-0.09527083994641881	0.09771648841140149	-0.09264549198653343	0.09574240074957406	-0.12006532749552551	0.11876909041806606	-0.12829353290587614	0.15890598797466818	-0.20137839613766456	0.09640325327646826	-0.1281854632025358	0.29727019971013885	-0.4028991181640334	0.23987187402762505	-0.13096956345213837	0.20829637718997898	-0.49973272793069484	1.0000000000000013	-0.44834435134242845	0.12024628257479036	-0.20899797618508453	0.2189566325126604	-0.4757189986744118	0.1894561506195378	-0.14459646470881488	0.11922385885156525	-0.17864571089581374	0.2519654878496542	-0.17633228128569772
0.014083701891319515	-0.0668351043519562	0.07128120519202662	-0.08411211204093344	0.09861769284742714	-0.014328576367229015	0.0730925433342222	-0.08056022917705226	0.07605145360568846	-0.0807373454617881	0.09997214171555643	-0.08341979268630682	0.09795154844227612	-0.10848981323979813	0.10880545320670462	-0.12097780864597765	0.11572406391608656	-0.12626456092530147	0.11783594681233096	-0.13174214501994863	0.1257465554596744	-0.14432155643069225	0.15308646218211874	-0.21705553270001277	0.2694467929986188	-0.10098094756025314	0.1436723037450098	-0.2724469425324333	0.30601738429693626	-0.6103923723115411	0.12663331808791167	-0.2415573803279166	0.231344911287404	-0.44834435134242845	0.9999999999999997	-0.11182093668877753	0.16445498684232804	-0.16480689709767524	0.22719360835720606	-0.29343680746253054	0.13440201700518636	-0.10882023127441001	0.1554446271350448	-0.22820090976867832	0.19839010800346973
-0.008701109365421303	0.04057365031798043	-0.04316425217427329	0.04923792678435897	-0.059253414334454385	0.00883614227809384	-0.04506239310464725	0.04836332657248112	-0.04380218464032134	0.04541171349544566	-0.0658728330710824	0.053002609779497376	-0.058813224874643646	0.05954385075687299	-0.05821728435557689	0.08273148419787842	-0.07767897558496772	0.07119884819821305	-0.06321208862416215	0.06098681189698938	-0.2288494898593834	0.10888962015082908	-0.09504684525478531	0.10349130028639358	-0.10635182471872691	0.21043196912598913	-0.13021939323065443	0.12747607962965352	-0.12706835976813435	0.08932887809765838	-0.6798151491457627	0.18136081104670088	-0.12391995748195296	0.12024628257479036	-0.11182093668877753	0.9999999999999998	-0.3365712039042991	0.20156082584538823	-0.14681349303971317	0.1117829700852747	-0.45971467459334964	0.21844556872744203	-0.2212870844465683	0.15933865261393348	-0.10154420839557185
0.011005182738908225	-0.05134157497371398	0.05472021287875237	-0.06296204360052601	0.07569131206599038	-0.011178692599643996	0.05674179648257986	-0.06120870535775946	0.056080890245304715	-0.05839891906333539	0.08144815462023264	-0.0657863403171029	0.0742222633410562	-0.07659357542880121	0.07515331544985965	-0.10085751698295961	0.09441310747451034	-0.09045387460272673	0.08126170254827371	-0.07980132400972315	0.1545250925503546	-0.12147577555532615	0.11547480286829352	-0.13309192523358773	0.1423292921283281	-0.14165393517256297	0.1352367812592173	-0.22718812036359048	0.18723032923012142	-0.13117784369400048	0.21774293506015707	-0.23613202957723214	0.2190298494539782	-0.20899797618508453	0.16445498684232804	-0.3365712039042991	0.9999999999999991	-0.7155819186447521	0.24631822000532752	-0.16907544085471657	0.22311476773447614	-0.2188084164485955	0.2519806488388315	-0.2586933743012075	0.1474750402707725
-0.00933018974013806	0.04359346730201779	-0.04664100774692892	0.05359250528408879	-0.06478048737909244	0.009472048848139115	-0.048313149533627656	0.0520745773837171	-0.04803825695174691	0.05005223132765421	-0.06897462932787793	0.055786405834370625	-0.06349425513066687	0.06570265005664239	-0.0653905652451974	0.08390206985270607	-0.08004348799669296	0.07744190456579152	-0.07078551043829276	0.06999990850512915	-0.13236622341296725	0.10203207450682325	-0.10084364951840158	0.11593938617560312	-0.13048845162613973	0.11253001535233112	-0.11475573929127529	0.2136844057805085	-0.18800631408326696	0.12470494411956033	-0.18418034591317442	0.18882619979929555	-0.3062315676352354	0.2189566325126604	-0.16480689709767524	0.20156082584538823	-0.7155819186447521	0.9999999999999997	-0.3674814930266566	0.1504519743753971	-0.21138575584806674	0.19344625875681143	-0.34111176979399505	0.24613718734616807	-0.1411223137331537
0.010986898852269878	-0.051435827145818645	0.055000657339992216	-0.06360776617861638	0.07647054898827468	-0.011159117248363435	0.056789365983991064	-0.06149595029902823	0.05703715158645285	-0.05964193417804149	0.08024352821733706	-0.06523103914723614	0.07481463019306414	-0.07853286472173497	0.07813473669996512	-0.0973370378545354	0.0926190592468789	-0.09207246992912839	0.08447361818168914	-0.08503833043114378	0.12685560588569209	-0.1151685113904153	0.11648523543859243	-0.14060587618012374	0.1602478992941115	-0.10503425012525355	0.12473618087922499	-0.24172160777849208	0.23479783264160725	-0.16974830827348686	0.14663135876673955	-0.21378519334034962	0.24716197208503887	-0.4757189986744118	0.22719360835720606	-0.14681349303971317	0.24631822000532752	-0.3674814930266566	0.9999999999999983	-0.24143108515110492	0.17168142615513698	-0.16006402558918564	0.23316271771762703	-0.6087477932425316	0.21676501690698508
-0.010539121272127116	0.04927686109030734	-0.053283504265718144	0.06122414595286816	-0.07534859312370208	0.010684028667007156	-0.05482689334929042	0.059007589210814754	-0.05565771336822974	0.058096713300330616	-0.07696898778882888	0.062160437004600916	-0.0726004588223352	0.0760357980154663	-0.07834826436455822	0.0895056801890431	-0.0878494080758294	0.08803176908598434	-0.08444554151266963	0.08460450969924764	-0.11644325467697113	0.10261139272580841	-0.10950940510564386	0.13002068215872242	-0.17337611683589552	0.09059473265081114	-0.11129465860450531	0.16418661079628222	-0.21305512979608854	0.16919371541299436	-0.12802465055759918	0.17152441395500273	-0.16137578415105633	0.1894561506195378	-0.29343680746253054	0.1117829700852747	-0.16907544085471657	0.1504519743753971	-0.24143108515110492	0.9999999999999978	-0.14828574150523746	0.11589020146346646	-0.17874207188088115	0.2631141405056543	-0.8134716567119038
0.010519423317603383	-0.04893390010515582	0.05204107968794033	-0.05977704480321472	0.07187073702007506	-0.010686661827237284	0.05405202782633704	-0.058197495939076874	0.05298927934016313	-0.05506556365525274	0.07833859018097912	-0.06292126764560861	0.07031763617239957	-0.07197019767070699	0.07000480280726122	-0.09844001112449956	0.09057170651904135	-0.0850487330896553	0.07555604978616812	-0.07323006749356961	0.16421577280312377	-0.11649426109410427	0.10633752561530989	-0.1206423965491055	0.12620724227205007	-0.15994520070379553	0.12983914543418396	-0.15239639831538018	0.15091506982224356	-0.10759320568912159	0.2512374914038547	-0.21710037730568083	0.14093434996888668	-0.14459646470881488	0.13440201700518636	-0.45971467459334964	0.22311476773447614	-0.21138575584806674	0.17168142615513698	-0.14828574150523746	0.9999999999999984	-0.6302614160935858	0.29791333560490585	-0.22428501788794242	0.13084448446228625
-0.007562331095664879	0.035225416078538324	-0.037580894297604965	0.04309980385475744	-0.0520518337644821	0.007678829897772606	-0.03901247120876215	0.041965290200268124	-0.03840465111543183	0.039921515008946175	-0.056320937435236425	0.04528591343451252	-0.050945907037234464	0.05222227203731604	-0.05135458381533829	0.06967541857927682	-0.06526755414510084	0.061649358982603084	-0.055493653308515675	0.054046446326958736	-0.12603277852341385	0.08369244021366627	-0.0784841372359117	0.088731459231179	-0.09625443220242733	0.10981619083311325	-0.09457048564547986	0.12008116773940178	-0.12161097468858878	0.0844201828614162	-0.19407711774917638	0.15132336739567673	-0.11945134627261461	0.11922385885156525	-0.10882023127441001	0.21844556872744203	-0.2188084164485955	0.19344625875681143	-0.16006402558918564	0.11589020146346646	-0.6302614160935858	0.9999999999999982	-0.6345684512256586	0.19545697797871567	-0.11255748493312698
0.010781450872557236	-0.05019779537969264	0.05350109832253368	-0.0615751985095509	0.07416502935418162	-0.010951048034975723	0.05543828811605356	-0.059758449962260735	0.05475189506405467	-0.05698974891164935	0.07973681974842844	-0.06415610205396738	0.07231751423530716	-0.07453410607130953	0.07298986891789863	-0.09891913150483235	0.09183421290255418	-0.08767945257685973	0.0787266024118992	-0.07696245455571095	0.14419247856520012	-0.11472566278502971	0.10909446105361582	-0.12570553321846878	0.13597817586515326	-0.12863849323304993	0.12651349795731112	-0.1782966054228607	0.17229187366289755	-0.12164490427447329	0.1849614492803155	-0.2178215154253326	0.17169960883546317	-0.17864571089581374	0.1554446271350448	-0.2212870844465683	0.2519806488388315	-0.34111176979399505	0.23316271771762703	-0.17874207188088115	0.29791333560490585	-0.6345684512256586	0.9999999999999982	-0.3794827580450142	0.16605686820807608
