1.0	-0.582748207580503	0.17347541673361166	-0.12946269820678966	0.07898007725817895	-0.6866817671875917	0.3308079813831975	-0.15149506460991463	0.10437109086102185	-0.08089307417628804	0.11212590983833419	-0.14275124233027525	0.10606252234049737	-0.07408422600485158	0.06122168097362087	-0.09810174869089822	0.09517853496574201	-0.09888730430402304	0.06687402913778047	-0.07804031606370354	0.057256931038898284	-0.07920263063680093	0.07127539853518135	-0.04616773232858566	0.04538728233109146	-0.0573629198577798	0.06568124452831094	-0.0434438389250441	0.037787474965094145	-0.034257727224361684	0.043405050175839094	-0.039181146744912874	0.039033572183185275	-0.03405485342953372	0.04149233949226393	-0.03148102827695941	0.030065504042324748	-0.029631645692413826	0.029038489848518843	-0.01429705799858434	0.048811301889054734	-0.044604522670056525	0.027360690962359102	-0.03964046358591883	0.013954252140620502
-0.582748207580503	1.0	-0.33975976588050505	0.1589100070227856	-0.10110682879632828	0.31017991000841016	-0.6097220500145063	0.1877240111545864	-0.13894759809926355	0.09606002948296412	-0.11588469805026698	0.16132661575169716	-0.1349818918299834	0.08682348964840551	-0.07345882434783362	0.09499616017546283	-0.11389018108650233	0.11406272027650487	-0.0799441888058564	0.08982234493863409	-0.06323539138020212	0.08934323792912624	-0.08525394703970096	0.05391219386101442	-0.054018801224457895	0.06171048880499915	-0.0775696292174594	0.05062447244058179	-0.04461967019324002	0.04024184848493643	-0.04960690294209914	0.044211169148850406	-0.04582947731777641	0.03975563046229346	-0.04922526771647086	0.035781864873420624	-0.03444263266780613	0.03402631369275783	-0.033513240732037874	0.016376130189960432	-0.05676547841237778	0.05043365179966591	-0.03125201243569206	0.04496916825031115	-0.016050037323461976
0.17347541673361166	-0.33975976588050505	1.0000000000000002	-0.4991215755620579	0.20469694960729215	-0.1240376841977283	0.18896611903869687	-0.6137654423625187	0.3096110984543044	-0.20915791597706396	0.10706610643924876	-0.19882796442743386	0.2023877559905317	-0.15873861941271467	0.13572727557192926	-0.0971832831008312	0.13446153505354513	-0.17934442503055698	0.13436273007303215	-0.16710374168057116	0.07139736864688245	-0.10952953461685785	0.10198870259760459	-0.06969372444782379	0.06922857987185775	-0.07104975361663299	0.0909520817834104	-0.06243384417010072	0.05573238907187697	-0.05135097777037542	0.057748592598034415	-0.05218078619571389	0.055560992589297704	-0.04900985841496212	0.05995329481037164	-0.042587937794244676	0.040896079339752874	-0.04138573161177466	0.04063357413796959	-0.01992416239620959	0.06742489599370627	-0.0617236235923601	0.03805673869248063	-0.05504037626885168	0.019460973512004032
-0.12946269820678966	0.1589100070227856	-0.4991215755620579	1.0000000000000002	-0.4338308450289256	0.08606193299365263	-0.13861372673868955	0.2992962178482176	-0.6168099868321342	0.25628572100647556	-0.08403010831967589	0.1365101041315256	-0.15347345183212618	0.15696805203748998	-0.15570040240415872	0.07352150846827978	-0.10432665996959543	0.12982604539321296	-0.13356666375130194	0.16237216172628885	-0.05673871688836817	0.08574316098787908	-0.08460053708808736	0.059219997644813414	-0.0606261750536796	0.055868945959748596	-0.0765169355735483	0.05208019947209843	-0.0475524234948904	0.04404014548252319	-0.04731945417087066	0.04248433907337521	-0.046695139860291585	0.041230641189117755	-0.05115436160643142	0.03488205112891436	-0.03368315601919781	0.03418150702990379	-0.03370594361826853	0.01642679171391771	-0.05625943021225117	0.05031293489305511	-0.031290313473516976	0.044999315696358705	-0.01610104170876332
0.07898007725817895	-0.10110682879632828	0.20469694960729215	-0.4338308450289256	1.0000000000000009	-0.05647810449729159	0.08621615049765971	-0.19048983190029337	0.25531947090659307	-0.7417388469014983	0.07273854210938817	-0.11917306772231578	0.12674720097710254	-0.22235263312445042	0.2504771855392817	-0.06548742287889214	0.09438955215526676	-0.12283868872182731	0.1667856525736784	-0.2857672222853904	0.052808065980187724	-0.08209628531145033	0.08099134778195272	-0.06404370413787727	0.0664825601749132	-0.052763757018569134	0.07282823772441885	-0.05258024005891448	0.049393852133553684	-0.047676704825046594	0.04501885807848041	-0.04088003723709067	0.04643957045789514	-0.04199337676749179	0.05155094356407693	-0.03374773219945948	0.03254234500869599	-0.03386016739403755	0.03330600000299471	-0.016225049128566767	0.05420879628873899	-0.0498347573796446	0.03094100678828645	-0.0446392750168546	0.015858831151372748
-0.6866817671875917	0.31017991000841016	-0.1240376841977283	0.08606193299365263	-0.05647810449729159	1.0000000000000013	-0.6285207594853833	0.10489345177902512	-0.07557871655647008	0.05615807849644478	-0.12747833486599977	0.12690730869006367	-0.09015973165733715	0.055310720685443966	-0.045032054852119606	0.09522726857072672	-0.0866379603883154	0.08048544278285313	-0.0516216189514173	0.05679033543858265	-0.050662970546101624	0.06683693555825945	-0.0603669729011193	0.037487257077243784	-0.036919580557644015	0.04955624991671941	-0.05379304133601012	0.03556819308712452	-0.030914290251587283	0.02778204729268678	-0.03643739615474633	0.03256963447779896	-0.032045046790356586	0.027714030564121993	-0.033938706667510005	0.025808176269955952	-0.024675876640581396	0.02400768801911866	-0.02354094130740384	0.011493176534046424	-0.03950177470968028	0.03573697394726096	-0.022050533068489905	0.03179859135078589	-0.011235258322391228
0.3308079813831975	-0.6097220500145063	0.18896611903869687	-0.13861372673868955	0.08621615049765971	-0.6285207594853833	1.0000000000000009	-0.17357307157201574	0.11657299566637874	-0.08755959394824506	0.1250519319228722	-0.20798380776001368	0.13200987511562018	-0.08314724980104748	0.06786076337287038	-0.10767623423231502	0.11874250805931119	-0.11699107443005823	0.07606752523527152	-0.08594350980366139	0.06471228068668726	-0.09167231709278602	0.08285330769177922	-0.052328437143319854	0.05151109242541327	-0.06387067846227244	0.07374809548692361	-0.04914423216101006	0.042892342502525986	-0.03870401586535167	0.04872175894629231	-0.04371696070300092	0.04413524866116016	-0.038342007277485345	0.04694142479287283	-0.035033087026935965	0.03354167813962163	-0.03306548953511577	0.03243821915905296	-0.015879213671404532	0.054324179812918184	-0.049339742902256706	0.03041093857309516	-0.0439185021436521	0.015517372968917273
-0.15149506460991463	0.1877240111545864	-0.6137654423625187	0.2992962178482176	-0.19048983190029337	0.10489345177902512	-0.17357307157201574	0.9999999999999998	-0.5630743168651751	0.1766740176771294	-0.10770801125418553	0.19306067613258868	-0.3193596791696305	0.1537737241323065	-0.1294716458686678	0.0942545963051227	-0.14188305497431958	0.187006517144472	-0.13868205937892336	0.1446882227518854	-0.06956796145023986	0.10574941877086386	-0.10233956093602042	0.0666137890699394	-0.06683785396578516	0.06750829856471302	-0.08763350792939129	0.05989183001135904	-0.053878803733860545	0.04901454030435993	-0.055489277232149525	0.04954403494855051	-0.05357882280771034	0.046781945764052285	-0.05798373608206729	0.04020365129560868	-0.03879739174027012	0.03900976666362675	-0.03842510686313233	0.018643288911497392	-0.0638669751841488	0.0571890485412766	-0.03562168284559857	0.051144809785574855	-0.018272704613382984
0.10437109086102185	-0.13894759809926355	0.3096110984543044	-0.6168099868321342	0.25531947090659307	-0.07557871655647008	0.11657299566637874	-0.5630743168651751	0.999999999999998	-0.30837711448856553	0.08776107522140918	-0.159956485475351	0.1820108418558817	-0.20707954301581188	0.1679914750424492	-0.07930784533158275	0.11547106220174208	-0.15893205357822587	0.15283384959250274	-0.1868541252971479	0.060074004942783144	-0.09308772418518668	0.0889877847945614	-0.06301237389723163	0.06350682202205585	-0.05935402116191905	0.0778700695192222	-0.05459158900658033	0.04978583694584588	-0.04632080741391673	0.0490491244467933	-0.044217143639039024	0.048455665769382254	-0.042940591461847026	0.05282898143165967	-0.036112736990387355	0.03478561823260611	-0.035475141387255424	0.03488528107203881	-0.01698751413902239	0.05742646912778653	-0.052281691087065194	0.03244551142458778	-0.04675092499557171	0.016616520856438447
-0.08089307417628804	0.09606002948296412	-0.20915791597706396	0.25628572100647556	-0.7417388469014983	0.05615807849644478	-0.08755959394824506	0.1766740176771294	-0.30837711448856553	0.9999999999999991	-0.07135192367421536	0.11102096508959647	-0.12595585395363487	0.2087741342109095	-0.4246904623972928	0.0627305071404201	-0.09220446742762055	0.11618265226085149	-0.17575147552823794	0.24774515437055236	-0.050834252250220355	0.07790498754104852	-0.0793616820210109	0.06087647777558444	-0.06464730324222533	0.050163808343860326	-0.0709411977596222	0.05039608870509176	-0.04777769459111343	0.04545710508810351	-0.043423174027145704	0.03914023985850735	-0.04492475438390131	0.0402737769835302	-0.05017540247585598	0.03227124851405579	-0.031231487959433736	0.032296178719242966	-0.03187846415337178	0.015434099056105616	-0.052261438095695605	0.04700676106959783	-0.029400449912198735	0.042185164621314455	-0.015133281976722885
0.11212590983833419	-0.11588469805026698	0.10706610643924876	-0.08403010831967589	0.07273854210938817	-0.12747833486599977	0.1250519319228722	-0.10770801125418553	0.08776107522140918	-0.07135192367421536	1.0000000000000004	-0.3396147754495004	0.17838722193582515	-0.10061347382832418	0.0733859401138724	-0.8094265693208469	0.2599162224067804	-0.2072810700442211	0.10077383580305856	-0.09746274217203972	0.20666187952029783	-0.2121219524070644	0.16005115944859066	-0.09454268226297102	0.08892023529393034	-0.20805500118512235	0.136803360060681	-0.09318623180733543	0.07762609198342353	-0.06884807613656502	0.11369427315949916	-0.10287853719866473	0.08322866074241812	-0.07104174585635574	0.08442270756297174	-0.07537323253691926	0.07041347506109501	-0.06376227453661114	0.06168800402301596	-0.02978949044621097	0.10129789983705295	-0.09502510491374899	0.058233619343483076	-0.08406316518680933	0.028960091057642634
-0.14275124233027525	0.16132661575169716	-0.19882796442743386	0.1365101041315256	-0.11917306772231578	0.12690730869006367	-0.20798380776001368	0.19306067613258868	-0.159956485475351	0.11102096508959647	-0.3396147754495004	1.0	-0.5391707490919495	0.15577614956766855	-0.11601199311371926	0.24180923785811986	-0.5295406092845638	0.31295974119259334	-0.16405537739815323	0.14159852547084653	-0.1591857971661104	0.2335250449779874	-0.22593606282775971	0.12008411286140686	-0.11986543480920744	0.14159817308790623	-0.16619670103306078	0.11361459226458685	-0.1007028058447777	0.08793018854310075	-0.11131548826495721	0.09603206132515311	-0.1025945585406823	0.08644541715408918	-0.10886566252100222	0.07529305705121202	-0.07311848782467635	0.07147257941495236	-0.07055926405644311	0.0333624379389418	-0.11591036178666833	0.10132930463272062	-0.06426965584138607	0.09100179751396899	-0.03283994285708474
0.10606252234049737	-0.1349818918299834	0.2023877559905317	-0.15347345183212618	0.12674720097710254	-0.09015973165733715	0.13200987511562018	-0.3193596791696305	0.1820108418558817	-0.12595585395363487	0.17838722193582515	-0.5391707490919495	1.000000000000001	-0.22705095481056106	0.13654726330925573	-0.16820756542210097	0.2869025468569693	-0.6174202554074968	0.2027672837471774	-0.17419887561724912	0.11163955841896181	-0.18317254179410614	0.1614860536136987	-0.09679783501907513	0.09262555702195982	-0.10646816389770854	0.11976163665469836	-0.0871037827259884	0.07684850413906799	-0.06866682481772679	0.0806039531560601	-0.0717347175506381	0.07619837940023615	-0.06577071650261276	0.08073397733286455	-0.05659753834133131	0.054445852898683776	-0.05438538330479805	0.053312090415990845	-0.02550923887094672	0.08607903799803478	-0.07857938523927488	0.04917724283462761	-0.07037877408196445	0.024963661463055203
-0.07408422600485158	0.08682348964840551	-0.15873861941271467	0.15696805203748998	-0.22235263312445042	0.055310720685443966	-0.08314724980104748	0.1537737241323065	-0.20707954301581188	0.2087741342109095	-0.10061347382832418	0.15577614956766855	-0.22705095481056106	0.9999999999999993	-0.4931017095914794	0.08799877426345012	-0.1498414437373628	0.2079346545809663	-0.6935278086476667	0.32166116264210415	-0.0697339752235167	0.10936021696422107	-0.11400312065462118	0.08870220886343823	-0.08979478800022236	0.06699655327931696	-0.0902282218312374	0.06799239281921439	-0.0672589691705624	0.06172879458028809	-0.056812715700123466	0.050795221160570926	-0.060039861569602504	0.05325937436208083	-0.06684682637802353	0.04118312833904201	-0.039979081895921684	0.04152113932105696	-0.04099223678284546	0.019468540677884102	-0.06533871256174997	0.05887966715053358	-0.037304033872302966	0.053092697942147264	-0.019116998637475527
0.06122168097362087	-0.07345882434783362	0.13572727557192926	-0.15570040240415872	0.2504771855392817	-0.045032054852119606	0.06786076337287038	-0.1294716458686678	0.1679914750424492	-0.4246904623972928	0.0733859401138724	-0.11601199311371926	0.13654726330925573	-0.4931017095914794	1.0000000000000004	-0.06562291258887315	0.10222746514832441	-0.1407339985999859	0.2912889146765971	-0.654089135814007	0.05353286489380303	-0.08476861363381753	0.08663333804521384	-0.07496208715005603	0.08086469681275942	-0.052775651941674	0.07230949871816769	-0.056106645113639934	0.05551552747720611	-0.05558078026993731	0.04517064835519491	-0.040929252395459866	0.04893992458833794	-0.04478396537479803	0.0552783845916743	-0.033491200508081374	0.032423491105494875	-0.03429103815500171	0.03375594796823018	-0.01613987383076253	0.05326062781248958	-0.049048352504472564	0.030885965369265522	-0.04421551659039914	0.015800958321272436
-0.09810174869089822	0.09499616017546283	-0.0971832831008312	0.07352150846827978	-0.06548742287889214	0.09522726857072672	-0.10767623423231502	0.0942545963051227	-0.07930784533158275	0.0627305071404201	-0.8094265693208469	0.24180923785811986	-0.16820756542210097	0.08799877426345012	-0.06562291258887315	1.0000000000000009	-0.3545869352552896	0.18345370301614933	-0.0924790347568045	0.08500226055521128	-0.28214755041534284	0.20292991855762563	-0.16438285914262776	0.08979702170634171	-0.08641746984085409	0.19159863348911477	-0.13369420155590614	0.08861337654824517	-0.07504300426812859	0.06572236505896314	-0.11291881983504075	0.09505762281586645	-0.08008266137519265	0.06733224520329606	-0.0816929336631956	0.06939719620303801	-0.06615258465039599	0.059172776083520257	-0.057631618795035026	0.027408571235396296	-0.09557922600196164	0.08600609179895684	-0.05355437563921032	0.07643910593982302	-0.026791218575729
0.09517853496574201	-0.11389018108650233	0.13446153505354513	-0.10432665996959543	0.09438955215526676	-0.0866379603883154	0.11874250805931119	-0.14188305497431958	0.11547106220174208	-0.09220446742762055	0.2599162224067804	-0.5295406092845638	0.2869025468569693	-0.1498414437373628	0.10222746514832441	-0.3545869352552896	1.0000000000000016	-0.510949044147005	0.15808146839890905	-0.1374079956044716	0.17887730980956498	-0.4074509903973795	0.22671454776218566	-0.11968908026033652	0.1111228840493848	-0.16083341854707425	0.15155916976342543	-0.11172545693351571	0.09562894041752312	-0.08351529978162742	0.10845938791547624	-0.09525268583923724	0.09668256098546411	-0.08194396711858824	0.10001608762672484	-0.07273606898844366	0.06979466960484501	-0.06809670711858119	0.06652452042636256	-0.03146786731316902	0.10620873882508094	-0.09726023155507153	0.06112752211146309	-0.08712279823710868	0.030786027792882878
-0.09888730430402304	0.11406272027650487	-0.17934442503055698	0.12982604539321296	-0.12283868872182731	0.08048544278285313	-0.11699107443005823	0.187006517144472	-0.15893205357822587	0.11618265226085149	-0.2072810700442211	0.31295974119259334	-0.6174202554074968	0.2079346545809663	-0.1407339985999859	0.18345370301614933	-0.510949044147005	0.999999999999998	-0.30656124967555504	0.17796576714376341	-0.13125995896916942	0.21408347723643464	-0.21852998075799446	0.11385878683791471	-0.11029884666360026	0.11812289537678668	-0.13888513197021674	0.10247804799325164	-0.09165833137149082	0.08018520008099854	-0.09265131693465074	0.0809930205152877	-0.09002809860029215	0.07634972138206142	-0.09531859864934167	0.06365328776703927	-0.06174124812792383	0.061827381312832524	-0.06087050301183349	0.02866659631672428	-0.09743567758242819	0.08720198420893005	-0.055355489061236905	0.07846734887004252	-0.028160631884334136
0.06687402913778047	-0.0799441888058564	0.13436273007303215	-0.13356666375130194	0.1667856525736784	-0.0516216189514173	0.07606752523527152	-0.13868205937892336	0.15283384959250274	-0.17575147552823794	0.10077383580305856	-0.16405537739815323	0.2027672837471774	-0.6935278086476667	0.2912889146765971	-0.0924790347568045	0.15808146839890905	-0.30656124967555504	0.9999999999999974	-0.5185983776959758	0.07209990789238073	-0.11829815590014225	0.11818647156453496	-0.10445712751624799	0.09779050117582824	-0.06998059723494035	0.09035715606951332	-0.07208984618851846	0.07251046873078042	-0.06768248257205721	0.0578914394657133	-0.052190888886799	0.06225959509738978	-0.05595295982838075	0.06918094308424423	-0.042125500072627005	0.04078514214919174	-0.04289250593884611	0.042177890451606984	-0.019983798561305274	0.06583589887089646	-0.06068882433652592	0.03840640433192806	-0.05477212968761719	0.019573437381239574
-0.07804031606370354	0.08982234493863409	-0.16710374168057116	0.16237216172628885	-0.2857672222853904	0.05679033543858265	-0.08594350980366139	0.1446882227518854	-0.1868541252971479	0.24774515437055236	-0.09746274217203972	0.14159852547084653	-0.17419887561724912	0.32166116264210415	-0.654089135814007	0.08500226055521128	-0.1374079956044716	0.17796576714376341	-0.5185983776959758	0.9999999999999956	-0.070850851735795	0.11082913821556903	-0.11914023076979974	0.10343982321932958	-0.12436104657265444	0.06905037386990465	-0.09763776603609833	0.07631239987639286	-0.07799193238112613	0.07790903328916904	-0.06041130838182062	0.05446114893012482	-0.06710876150321897	0.06121571256414821	-0.0771072996323259	0.04455448800469592	-0.04331284286926956	0.04597225585197842	-0.04542934793919956	0.021513679662271537	-0.07133588361300866	0.06473408623077528	-0.04115740983766057	0.058552504813949094	-0.0211228281223425
0.057256931038898284	-0.06323539138020212	0.07139736864688245	-0.05673871688836817	0.052808065980187724	-0.050662970546101624	0.06471228068668726	-0.06956796145023986	0.060074004942783144	-0.050834252250220355	0.20666187952029783	-0.1591857971661104	0.11163955841896181	-0.0697339752235167	0.05353286489380303	-0.28214755041534284	0.17887730980956498	-0.13125995896916942	0.07209990789238073	-0.070850851735795	0.9999999999999986	-0.3699252980979952	0.20666834013892274	-0.11387349167075074	0.1049002369039802	-0.7715545646756957	0.18092784214315186	-0.1197809153013156	0.09518881803171665	-0.08327093687030859	0.21253071593906217	-0.18577436084445706	0.10881187338421378	-0.09028408893481846	0.10427484985806526	-0.11804068636282679	0.10805068530770358	-0.08497540700499213	0.08097184715269577	-0.03815844847628263	0.13308628728206714	-0.1244946221931273	0.07644941849818088	-0.10938409052418938	0.03702232113457715
-0.07920263063680093	0.08934323792912624	-0.10952953461685785	0.08574316098787908	-0.08209628531145033	0.06683693555825945	-0.09167231709278602	0.10574941877086386	-0.09308772418518668	0.07790498754104852	-0.2121219524070644	0.2335250449779874	-0.18317254179410614	0.10936021696422107	-0.08476861363381753	0.20292991855762563	-0.4074509903973795	0.21408347723643464	-0.11829815590014225	0.11082913821556903	-0.3699252980979952	0.9999999999999982	-0.6052513457887244	0.20398084809100067	-0.191745468136833	0.2394605033322764	-0.26414803553249555	0.19582088936437578	-0.16957238175590172	0.14030169491476002	-0.1798883467223383	0.14974810775487496	-0.17006963932079233	0.13701481063970297	-0.17191980211333802	0.11292440423032209	-0.11066583249895154	0.10948334820668165	-0.10765578201552724	0.04911600132147805	-0.16597289230577086	0.14880861544457952	-0.09619816783865279	0.13459043804022278	-0.04831797678055298
0.07127539853518135	-0.08525394703970096	0.10198870259760459	-0.08460053708808736	0.08099134778195272	-0.0603669729011193	0.08285330769177922	-0.10233956093602042	0.0889877847945614	-0.0793616820210109	0.16005115944859066	-0.22593606282775971	0.1614860536136987	-0.11400312065462118	0.08663333804521384	-0.16438285914262776	0.22671454776218566	-0.21852998075799446	0.11818647156453496	-0.11914023076979974	0.20666834013892274	-0.6052513457887244	0.9999999999999959	-0.3984089322264695	0.2310262675740252	-0.21980806164636954	0.23158570609678925	-0.34197958463401346	0.22920573215302273	-0.19099756521751143	0.16061646021894108	-0.15448784597732854	0.20664553866957713	-0.1768540059692284	0.19527875146210516	-0.12032805615547956	0.11515916034811637	-0.13255906937686593	0.12544472036319537	-0.057686322281855634	0.17174084277954327	-0.1797265105852568	0.11398213817887189	-0.16315444483413488	0.05577113859651346
-0.04616773232858566	0.05391219386101442	-0.06969372444782379	0.059219997644813414	-0.06404370413787727	0.037487257077243784	-0.052328437143319854	0.0666137890699394	-0.06301237389723163	0.06087647777558444	-0.09454268226297102	0.12008411286140686	-0.09679783501907513	0.08870220886343823	-0.07496208715005603	0.08979702170634171	-0.11968908026033652	0.11385878683791471	-0.10445712751624799	0.10343982321932958	-0.11387349167075074	0.20398084809100067	-0.3984089322264695	0.9999999999999962	-0.5972283487875777	0.11598000005865346	-0.1839833234846263	0.257160764236185	-0.5246901135966688	0.3065445876865329	-0.11515895164090494	0.10936335751868347	-0.20751639015183923	0.18642064369585057	-0.24373958796501324	0.08851222411409303	-0.08790124527312011	0.11155609364572838	-0.11041556057227715	0.04701232721215199	-0.13528554801990483	0.13503607480248359	-0.09262066198743912	0.12679174350535333	-0.046261765041631535
0.04538728233109146	-0.054018801224457895	0.06922857987185775	-0.0606261750536796	0.0664825601749132	-0.036919580557644015	0.05151109242541327	-0.06683785396578516	0.06350682202205585	-0.06464730324222533	0.08892023529393034	-0.11986543480920744	0.09262555702195982	-0.08979478800022236	0.08086469681275942	-0.08641746984085409	0.1111228840493848	-0.11029884666360026	0.09779050117582824	-0.12436104657265444	0.1049002369039802	-0.191745468136833	0.2310262675740252	-0.5972283487875777	0.9999999999999968	-0.1138860003073052	0.16938589917920222	-0.2450174297853296	0.31346455111553845	-0.6039395286729389	0.1087621447606118	-0.10741583388832937	0.18402911371378025	-0.21058810931549604	0.23978884941015935	-0.08875884973001226	0.08642770405194776	-0.11309718151370886	0.10896627415423818	-0.04893009758919502	0.13305166822063508	-0.14597433095640971	0.09530745935616577	-0.13605267317516478	0.04722146410486974
-0.0573629198577798	0.06171048880499915	-0.07104975361663299	0.055868945959748596	-0.052763757018569134	0.04955624991671941	-0.06387067846227244	0.06750829856471302	-0.05935402116191905	0.050163808343860326	-0.20805500118512235	0.14159817308790623	-0.10646816389770854	0.06699655327931696	-0.052775651941674	0.19159863348911477	-0.16083341854707425	0.11812289537678668	-0.06998059723494035	0.06905037386990465	-0.7715545646756957	0.2394605033322764	-0.21980806164636954	0.11598000005865346	-0.1138860003073052	0.9999999999999948	-0.22171843450032636	0.12492064371256294	-0.10202259714455074	0.08845730551439968	-0.36324401568449954	0.2051055784443503	-0.11996780819587206	0.09679237849571701	-0.11507777889252874	0.128004192903843	-0.1255670248704699	0.09096150137787729	-0.08769941067006962	0.04045774243116534	-0.151331560704513	0.1293328615505627	-0.08121469999902489	0.11408080741075274	-0.03957619887443241
0.06568124452831094	-0.0775696292174594	0.0909520817834104	-0.0765169355735483	0.07282823772441885	-0.05379304133601012	0.07374809548692361	-0.08763350792939129	0.0778700695192222	-0.0709411977596222	0.136803360060681	-0.16619670103306078	0.11976163665469836	-0.0902282218312374	0.07230949871816769	-0.13369420155590614	0.15155916976342543	-0.13888513197021674	0.09035715606951332	-0.09763776603609833	0.18092784214315186	-0.26414803553249555	0.23158570609678925	-0.1839833234846263	0.16938589917920222	-0.22171843450032636	0.9999999999999968	-0.24986220928467473	0.1651639456992018	-0.1491313794369607	0.22677794441001686	-0.270389368052672	0.20174753718185276	-0.1758931776973867	0.1906657564717554	-0.1990262212948433	0.18498602659266405	-0.189178332588388	0.17800248835069082	-0.09486440442047601	0.29786271345364757	-0.32826990660792127	0.18446685757963022	-0.283078358403941	0.0898151302218804
-0.0434438389250441	0.05062447244058179	-0.06243384417010072	0.05208019947209843	-0.05258024005891448	0.03556819308712452	-0.04914423216101006	0.05989183001135904	-0.05459158900658033	0.05039608870509176	-0.09318623180733543	0.11361459226458685	-0.0871037827259884	0.06799239281921439	-0.056106645113639934	0.08861337654824517	-0.11172545693351571	0.10247804799325164	-0.07208984618851846	0.07631239987639286	-0.1197809153013156	0.19582088936437578	-0.34197958463401346	0.257160764236185	-0.2450174297853296	0.12492064371256294	-0.24986220928467473	0.9999999999999983	-0.4639971422146985	0.24315605239138252	-0.1486333255558204	0.14821395116908165	-0.5948355613622315	0.2702164478602299	-0.31646189726649243	0.11357233120139452	-0.11804797686984846	0.17548897997516041	-0.17069263752597663	0.06115521668831633	-0.16710255194833695	0.16956594111878662	-0.13133809202116348	0.16491589106337523	-0.06079292101725759
0.037787474965094145	-0.04461967019324002	0.05573238907187697	-0.0475524234948904	0.049393852133553684	-0.030914290251587283	0.042892342502525986	-0.053878803733860545	0.04978583694584588	-0.04777769459111343	0.07762609198342353	-0.1007028058447777	0.07684850413906799	-0.0672589691705624	0.05551552747720611	-0.07504300426812859	0.09562894041752312	-0.09165833137149082	0.07251046873078042	-0.07799193238112613	0.09518881803171665	-0.16957238175590172	0.22920573215302273	-0.5246901135966688	0.31346455111553845	-0.10202259714455074	0.1651639456992018	-0.4639971422146985	0.9999999999999937	-0.5573338406319034	0.10517349356213945	-0.10532200343893337	0.23276912770110125	-0.23898441777206975	0.25022260306412303	-0.08468081374349361	0.0840778862196987	-0.11838842235046025	0.11277837496904405	-0.046514072103253264	0.1251550878718722	-0.1345789564460429	0.09336361885565353	-0.12801520154190713	0.04529880978498109
-0.034257727224361684	0.04024184848493643	-0.05135097777037542	0.04404014548252319	-0.047676704825046594	0.02778204729268678	-0.03870401586535167	0.04901454030435993	-0.04632080741391673	0.04545710508810351	-0.06884807613656502	0.08793018854310075	-0.06866682481772679	0.06172879458028809	-0.05558078026993731	0.06572236505896314	-0.08351529978162742	0.08018520008099854	-0.06768248257205721	0.07790903328916904	-0.08327093687030859	0.14030169491476002	-0.19099756521751143	0.3065445876865329	-0.6039395286729389	0.08845730551439968	-0.1491313794369607	0.24315605239138252	-0.5573338406319034	0.9999999999999969	-0.0947458225470949	0.0931510409694422	-0.20696095725895278	0.2246501948861481	-0.4030654453129904	0.07600331824390844	-0.0759307034237256	0.10524524840907219	-0.10437343150877976	0.042892171270554794	-0.11466680636841814	0.12072607812348139	-0.08472063442429933	0.11551729452217878	-0.04199481490859003
0.043405050175839094	-0.04960690294209914	0.057748592598034415	-0.04731945417087066	0.04501885807848041	-0.03643739615474633	0.04872175894629231	-0.055489277232149525	0.0490491244467933	-0.043423174027145704	0.11369427315949916	-0.11131548826495721	0.0806039531560601	-0.056812715700123466	0.04517064835519491	-0.11291881983504075	0.10845938791547624	-0.09265131693465074	0.0578914394657133	-0.06041130838182062	0.21253071593906217	-0.1798883467223383	0.16061646021894108	-0.11515895164090494	0.1087621447606118	-0.36324401568449954	0.22677794441001686	-0.1486333255558204	0.10517349356213945	-0.0947458225470949	0.999999999999996	-0.7302273675369172	0.15589937329129408	-0.12383925274318809	0.12624605227886526	-0.29499942864053363	0.25295465706111075	-0.1376289556254994	0.12477166147268079	-0.056212768121313664	0.20974836811320513	-0.19527836691377148	0.11929237955067327	-0.1673384240585508	0.05421932624844032
-0.039181146744912874	0.044211169148850406	-0.05218078619571389	0.04248433907337521	-0.04088003723709067	0.03256963447779896	-0.04371696070300092	0.04954403494855051	-0.044217143639039024	0.03914023985850735	-0.10287853719866473	0.09603206132515311	-0.0717347175506381	0.050795221160570926	-0.040929252395459866	0.09505762281586645	-0.09525268583923724	0.0809930205152877	-0.052190888886799	0.05446114893012482	-0.18577436084445706	0.14974810775487496	-0.15448784597732854	0.10936335751868347	-0.10741583388832937	0.2051055784443503	-0.270389368052672	0.14821395116908165	-0.10532200343893337	0.0931510409694422	-0.7302273675369172	0.9999999999999984	-0.19048879226247536	0.12609595445926727	-0.13087023901699454	0.2613934803699318	-0.42681412229407845	0.1413772674405916	-0.1307834385992811	0.0534306878028252	-0.2260506340987417	0.17718484774386548	-0.11750196979320407	0.1541068807788111	-0.0523977332351111
0.039033572183185275	-0.04582947731777641	0.055560992589297704	-0.046695139860291585	0.04643957045789514	-0.032045046790356586	0.04413524866116016	-0.05357882280771034	0.048455665769382254	-0.04492475438390131	0.08322866074241812	-0.1025945585406823	0.07619837940023615	-0.060039861569602504	0.04893992458833794	-0.08008266137519265	0.09668256098546411	-0.09002809860029215	0.06225959509738978	-0.06710876150321897	0.10881187338421378	-0.17006963932079233	0.20664553866957713	-0.20751639015183923	0.18402911371378025	-0.11996780819587206	0.20174753718185276	-0.5948355613622315	0.23276912770110125	-0.20696095725895278	0.15589937329129408	-0.19048879226247536	0.9999999999999949	-0.5286368608191652	0.28640727612069267	-0.12791885676640574	0.1336877800612548	-0.29134489823866544	0.20607241653499636	-0.06888868652631251	0.16958892086252447	-0.1973094367916984	0.1573380470903681	-0.1967725853365121	0.06701695017797096
-0.03405485342953372	0.03975563046229346	-0.04900985841496212	0.041230641189117755	-0.04199337676749179	0.027714030564121993	-0.038342007277485345	0.046781945764052285	-0.042940591461847026	0.0402737769835302	-0.07104174585635574	0.08644541715408918	-0.06577071650261276	0.05325937436208083	-0.04478396537479803	0.06733224520329606	-0.08194396711858824	0.07634972138206142	-0.05595295982838075	0.06121571256414821	-0.09028408893481846	0.13701481063970297	-0.1768540059692284	0.18642064369585057	-0.21058810931549604	0.09679237849571701	-0.1758931776973867	0.2702164478602299	-0.23898441777206975	0.2246501948861481	-0.12383925274318809	0.12609595445926727	-0.5286368608191652	0.9999999999999963	-0.6889521787489956	0.10036688336111822	-0.10510187227848256	0.1779764197539032	-0.19787637059052798	0.06100897623315869	-0.14674586866098338	0.1570280217529961	-0.12698578593651877	0.16187769503025345	-0.06034005837199836
0.04149233949226393	-0.04922526771647086	0.05995329481037164	-0.05115436160643142	0.05155094356407693	-0.033938706667510005	0.04694142479287283	-0.05798373608206729	0.05282898143165967	-0.05017540247585598	0.08442270756297174	-0.10886566252100222	0.08073397733286455	-0.06684682637802353	0.0552783845916743	-0.0816929336631956	0.10001608762672484	-0.09531859864934167	0.06918094308424423	-0.0771072996323259	0.10427484985806526	-0.17191980211333802	0.19527875146210516	-0.24373958796501324	0.23978884941015935	-0.11507777889252874	0.1906657564717554	-0.31646189726649243	0.25022260306412303	-0.4030654453129904	0.12624605227886526	-0.13087023901699454	0.28640727612069267	-0.6889521787489956	0.9999999999999967	-0.10885875870376274	0.10738825139196584	-0.16591213954741682	0.15980668990849076	-0.06708881683482774	0.15909239596327748	-0.18717033438514638	0.12869664531607145	-0.18320889492707326	0.0639056124026531
-0.03148102827695941	0.035781864873420624	-0.042587937794244676	0.03488205112891436	-0.03374773219945948	0.025808176269955952	-0.035033087026935965	0.04020365129560868	-0.036112736990387355	0.03227124851405579	-0.07537323253691926	0.07529305705121202	-0.05659753834133131	0.04118312833904201	-0.033491200508081374	0.06939719620303801	-0.07273606898844366	0.06365328776703927	-0.042125500072627005	0.04455448800469592	-0.11804068636282679	0.11292440423032209	-0.12032805615547956	0.08851222411409303	-0.08875884973001226	0.128004192903843	-0.1990262212948433	0.11357233120139452	-0.08468081374349361	0.07600331824390844	-0.29499942864053363	0.2613934803699318	-0.12791885676640574	0.10036688336111822	-0.10885875870376274	0.9999999999999956	-0.758958753306775	0.1591537735298758	-0.14922967328610712	0.057228270887383116	-0.4288017473262702	0.1978308488503216	-0.13379524193919445	0.1667028767200912	-0.056608224503730174
0.030065504042324748	-0.03444263266780613	0.040896079339752874	-0.03368315601919781	0.03254234500869599	-0.024675876640581396	0.03354167813962163	-0.03879739174027012	0.03478561823260611	-0.031231487959433736	0.07041347506109501	-0.07311848782467635	0.054445852898683776	-0.039979081895921684	0.032423491105494875	-0.06615258465039599	0.06979466960484501	-0.06174124812792383	0.04078514214919174	-0.04331284286926956	0.10805068530770358	-0.11066583249895154	0.11515916034811637	-0.08790124527312011	0.08642770405194776	-0.1255670248704699	0.18498602659266405	-0.11804797686984846	0.0840778862196987	-0.0759307034237256	0.25295465706111075	-0.42681412229407845	0.1336877800612548	-0.10510187227848256	0.10738825139196584	-0.758958753306775	0.9999999999999937	-0.20585274088303732	0.15539569839250822	-0.05877791437113256	0.25673557466926744	-0.22458304124077305	0.14346280744342763	-0.17929117503774522	0.05726089505224482
-0.029631645692413826	0.03402631369275783	-0.04138573161177466	0.03418150702990379	-0.03386016739403755	0.02400768801911866	-0.03306548953511577	0.03900976666362675	-0.035475141387255424	0.032296178719242966	-0.06376227453661114	0.07147257941495236	-0.05438538330479805	0.04152113932105696	-0.03429103815500171	0.059172776083520257	-0.06809670711858119	0.061827381312832524	-0.04289250593884611	0.04597225585197842	-0.08497540700499213	0.10948334820668165	-0.13255906937686593	0.11155609364572838	-0.11309718151370886	0.09096150137787729	-0.189178332588388	0.17548897997516041	-0.11838842235046025	0.10524524840907219	-0.1376289556254994	0.1413772674405916	-0.29134489823866544	0.1779764197539032	-0.16591213954741682	0.1591537735298758	-0.20585274088303732	0.999999999999994	-0.7095054545122311	0.10695692764245258	-0.21667706697325165	0.26071240222857095	-0.4363289030639595	0.30732205294615234	-0.10979517459155133
0.029038489848518843	-0.033513240732037874	0.04063357413796959	-0.03370594361826853	0.03330600000299471	-0.02354094130740384	0.03243821915905296	-0.03842510686313233	0.03488528107203881	-0.03187846415337178	0.06168800402301596	-0.07055926405644311	0.053312090415990845	-0.04099223678284546	0.03375594796823018	-0.057631618795035026	0.06652452042636256	-0.06087050301183349	0.042177890451606984	-0.04542934793919956	0.08097184715269577	-0.10765578201552724	0.12544472036319537	-0.11041556057227715	0.10896627415423818	-0.08769941067006962	0.17800248835069082	-0.17069263752597663	0.11277837496904405	-0.10437343150877976	0.12477166147268079	-0.1307834385992811	0.20607241653499636	-0.19787637059052798	0.15980668990849076	-0.14922967328610712	0.15539569839250822	-0.7095054545122311	0.9999999999999939	-0.15712641119120374	0.19893235376826746	-0.2835986221058589	0.2889938482425837	-0.4996330783347263	0.13616119255634304
-0.01429705799858434	0.016376130189960432	-0.01992416239620959	0.01642679171391771	-0.016225049128566767	0.011493176534046424	-0.015879213671404532	0.018643288911497392	-0.01698751413902239	0.015434099056105616	-0.02978949044621097	0.0333624379389418	-0.02550923887094672	0.019468540677884102	-0.01613987383076253	0.027408571235396296	-0.03146786731316902	0.02866659631672428	-0.019983798561305274	0.021513679662271537	-0.03815844847628263	0.04911600132147805	-0.057686322281855634	0.04701232721215199	-0.04893009758919502	0.04045774243116534	-0.09486440442047601	0.06115521668831633	-0.046514072103253264	0.042892171270554794	-0.056212768121313664	0.0534306878028252	-0.06888868652631251	0.06100897623315869	-0.06708881683482774	0.057228270887383116	-0.05877791437113256	0.10695692764245258	-0.15712641119120374	0.9999999999999936	-0.10517165062550277	0.1084962902060171	-0.0930411857882984	0.14209975894059584	-0.9622142355469272
0.048811301889054734	-0.05676547841237778	0.06742489599370627	-0.05625943021225117	0.05420879628873899	-0.03950177470968028	0.054324179812918184	-0.0638669751841488	0.05742646912778653	-0.052261438095695605	0.10129789983705295	-0.11591036178666833	0.08607903799803478	-0.06533871256174997	0.05326062781248958	-0.09557922600196164	0.10620873882508094	-0.09743567758242819	0.06583589887089646	-0.07133588361300866	0.13308628728206714	-0.16597289230577086	0.17174084277954327	-0.13528554801990483	0.13305166822063508	-0.151331560704513	0.29786271345364757	-0.16710255194833695	0.1251550878718722	-0.11466680636841814	0.20974836811320513	-0.2260506340987417	0.16958892086252447	-0.14674586866098338	0.15909239596327748	-0.4288017473262702	0.25673557466926744	-0.21667706697325165	0.19893235376826746	-0.10517165062550277	0.999999999999994	-0.43310849920681577	0.22356875893740125	-0.3428743562291781	0.0988975475741056
-0.044604522670056525	0.05043365179966591	-0.0617236235923601	0.05031293489305511	-0.0498347573796446	0.03573697394726096	-0.049339742902256706	0.0571890485412766	-0.052281691087065194	0.04700676106959783	-0.09502510491374899	0.10132930463272062	-0.07857938523927488	0.05887966715053358	-0.049048352504472564	0.08600609179895684	-0.09726023155507153	0.08720198420893005	-0.06068882433652592	0.06473408623077528	-0.1244946221931273	0.14880861544457952	-0.1797265105852568	0.13503607480248359	-0.14597433095640971	0.1293328615505627	-0.32826990660792127	0.16956594111878662	-0.1345789564460429	0.12072607812348139	-0.19527836691377148	0.17718484774386548	-0.1973094367916984	0.1570280217529961	-0.18717033438514638	0.1978308488503216	-0.22458304124077305	0.26071240222857095	-0.2835986221058589	0.1084962902060171	-0.43310849920681577	0.9999999999999942	-0.6098088738399373	0.3149363890809807	-0.11845680412970577
0.027360690962359102	-0.03125201243569206	0.03805673869248063	-0.031290313473516976	0.03094100678828645	-0.022050533068489905	0.03041093857309516	-0.03562168284559857	0.03244551142458778	-0.029400449912198735	0.058233619343483076	-0.06426965584138607	0.04917724283462761	-0.037304033872302966	0.030885965369265522	-0.05355437563921032	0.06112752211146309	-0.055355489061236905	0.03840640433192806	-0.04115740983766057	0.07644941849818088	-0.09619816783865279	0.11398213817887189	-0.09262066198743912	0.09530745935616577	-0.08121469999902489	0.18446685757963022	-0.13133809202116348	0.09336361885565353	-0.08472063442429933	0.11929237955067327	-0.11750196979320407	0.1573380470903681	-0.12698578593651877	0.12869664531607145	-0.13379524193919445	0.14346280744342763	-0.4363289030639595	0.2889938482425837	-0.0930411857882984	0.22356875893740125	-0.6098088738399373	0.9999999999999942	-0.5627192961726715	0.09554963783025866
