1.0	-0.5197828024961697	0.2489707849251232	-0.18096391175024598	0.145664677355505	-0.6390432208534537	0.2889606063391563	-0.199586760611324	0.17658989033803565	-0.1404327744458566	0.28301257273644975	-0.23810153249865387	0.1995086209553188	-0.2535889275873861	0.19077764194625965	-0.18047262260201843	0.1547640785939734	-0.15417680507683088	0.13610390923870203	-0.10565319751125103	0.13414100915994434	-0.13752562730072104	0.09440815812749305	-0.08541455031185434	0.0824629702071637	-0.10628912939881087	0.10003031226675571	-0.09809229650916133	0.0777053716993064	-0.0680766895537713	0.07167456513223547	-0.12194235444347255	0.0830601955761901	-0.0816695616157441	0.0567322621367053	-0.0719398636440366	0.0897909773823847	-0.08651324287865796	0.06109792450540369	-0.07431487299732459	0.10680614455012889	-0.06847060495673862	0.09726958560442826	-0.07451437108406875	0.0855204942475927
-0.5197828024961697	0.9999999999999998	-0.4773882210052418	0.20344651268579775	-0.15313655702546852	0.2850766986584706	-0.5493570369390558	0.21597509927175293	-0.19961878235748748	0.13621362584715074	-0.2521537997083682	0.2465170273434593	-0.2172544959369177	0.2068440279784924	-0.16843527706854206	0.15152809974793177	-0.14356002848471555	0.13004450102712012	-0.1175669012023697	0.08350782233619067	-0.11134905937655531	0.11213237046116468	-0.07710494509434239	0.06882498858807211	-0.06638366894241379	0.08486246874221542	-0.08150224526026882	0.07714369639729754	-0.0616778973082024	0.05340298833869423	-0.05738281272750297	0.09572969444066486	-0.06559110483711136	0.06403520148749822	-0.04472051178390731	0.057064102987224447	-0.07152641028587874	0.06788149134159771	-0.04788697878304291	0.05790786187929962	-0.08551128544903647	0.05432763420607517	-0.07710067625260791	0.058233179042906744	-0.06740948661866868
0.2489707849251232	-0.4773882210052418	0.9999999999999999	-0.5182895960364948	0.22723127774046192	-0.24124683997012805	0.25729123670035625	-0.40482703926392294	0.2978498775592133	-0.22120299125563914	0.2238065832738367	-0.23226013735399736	0.24756160063981913	-0.27539515648852747	0.21224148297817635	-0.1655195076826892	0.14682336354908554	-0.15758728463147145	0.1397417404788185	-0.10187661724113575	0.12498486976770427	-0.1284147508993902	0.09143792947182966	-0.08264447040645961	0.0796791443061512	-0.0986437852239313	0.09348337243202941	-0.09282608704604874	0.07386077941211824	-0.06438979505087407	0.06690027839211271	-0.11363525124633606	0.07820668676599339	-0.07703719180060828	0.05369638649157925	-0.06705161871940543	0.0845080284457368	-0.08131703551077464	0.05754342235758598	-0.0699008768203348	0.1003235929110475	-0.06432043152966202	0.09167564945855994	-0.07013263059080793	0.08072267287598572
-0.18096391175024598	0.20344651268579775	-0.5182895960364948	0.9999999999999996	-0.45081170929917624	0.1580615235202579	-0.18212817072263204	0.26631277622269955	-0.5827088712551587	0.2625516634071312	-0.17203747429317381	0.15895724367290667	-0.2046380383774015	0.20613505899608084	-0.2118363515851181	0.11830798020393737	-0.10784439196862247	0.11614844411617935	-0.10706400119689163	0.07670189388599484	-0.09373929126437279	0.0940191475040822	-0.06885765090857401	0.06191067549089483	-0.060424547404553386	0.07313871431088631	-0.06944726441357647	0.06931479488068154	-0.055422956475464406	0.048200604666386176	-0.05011761184208882	0.08417642979752597	-0.05853193384869861	0.05761562354018413	-0.040282087167522046	0.05011200167617061	-0.06394932683887555	0.060949814382660165	-0.04319220577648174	0.052411946440764696	-0.0759653774591687	0.048524934280001764	-0.06923040912005243	0.05273925579620589	-0.06106342341766009
0.145664677355505	-0.15313655702546852	0.22723127774046192	-0.45081170929917624	0.9999999999999997	-0.1427922351346521	0.14087895797260516	-0.19464187732894725	0.26454307682537787	-0.7261480542735396	0.15651179715685767	-0.13694694838287086	0.1601267894990272	-0.21595655485144336	0.27139348716526	-0.11716436451312927	0.10294252400646288	-0.11698315308789761	0.10655648469823135	-0.08627589158405279	0.09840499383865975	-0.0994339160030315	0.07363800777795834	-0.0670963680442126	0.06636123661166976	-0.07952006093288905	0.07435340837827129	-0.07753403363497431	0.06146624000974831	-0.054268480593144146	0.054947068256573535	-0.09366382767272927	0.06533760622805956	-0.06487550425230057	0.045133027776672385	-0.055439868202303955	0.07148637050141456	-0.06879856684145755	0.04893374203048882	-0.05984816067261431	0.0843652256469353	-0.054330310416539795	0.07769464626863462	-0.060231432740888255	0.06938615590124098
-0.6390432208534537	0.2850766986584706	-0.24124683997012805	0.1580615235202579	-0.1427922351346521	0.9999999999999994	-0.38577088973865226	0.1862997271659342	-0.17653486044333117	0.1293275585094623	-0.5141988787631175	0.25528935614206444	-0.213688189163087	0.22158470377349426	-0.18980716043380824	0.18121474033530555	-0.16551802007538655	0.14491049283846472	-0.13231521648068054	0.09708918294968952	-0.1362670890938859	0.132460490465891	-0.0900363801224161	0.0800658609722196	-0.07776572683187366	0.10197522051954033	-0.09747479967327405	0.0909767214943108	-0.07283325021315713	0.0630571492787894	-0.0693489676976526	0.11383973787164965	-0.0780127975301262	0.07579725906771133	-0.052942653131060724	0.06874514306649442	-0.08646555532413629	0.08091211012598463	-0.05698614638933707	0.06881032276339119	-0.10388682526525721	0.06551671257541351	-0.09263910724043359	0.06942800215985218	-0.08083534648576474
0.2889606063391563	-0.5493570369390558	0.25729123670035625	-0.18212817072263204	0.14087895797260516	-0.38577088973865226	0.9999999999999999	-0.25710610511099097	0.18798047114606073	-0.1353011095278428	0.2852560071813735	-0.5368395543993824	0.25258594842073734	-0.2471698521410396	0.1755145479529668	-0.20697084829647372	0.191306669011088	-0.1618290693775869	0.14022734599010428	-0.0976386984416061	0.133432378917906	-0.1408372143366527	0.09130731801913444	-0.08156256779988068	0.07745607797829779	-0.10176303328767727	0.09846776751990084	-0.09053292038497157	0.07223230902890218	-0.062361503046534324	0.06766591815616127	-0.11379479644857618	0.07690051784749241	-0.07484810345898671	0.052195361753931975	-0.06721356459608181	0.0828189992238908	-0.07910516818634322	0.05565080278357078	-0.067183428152455	0.09915624697588536	-0.06305852155131988	0.08932427239263363	-0.06738494236390075	0.07771559863428139
-0.199586760611324	0.21597509927175293	-0.40482703926392294	0.26631277622269955	-0.19464187732894725	0.1862997271659342	-0.25710610511099097	0.999999999999999	-0.5295616021168208	0.18133099678218556	-0.22446929411106004	0.24044878544736237	-0.5765060195274637	0.25866964450414026	-0.19953612938395093	0.15036946393355788	-0.14568473657066727	0.15412886295321893	-0.14342800572133768	0.08910979073534607	-0.11340514852382627	0.11370311983118532	-0.08400406435226186	0.07448219230186452	-0.07160533217796222	0.08605818302578308	-0.08313005044512338	0.08045598260119843	-0.06488107346754038	0.055622575108245684	-0.05863512713400737	0.097455012571325	-0.06786390075169055	0.06640970405372308	-0.04666266715199284	0.05819742609157276	-0.07386675217699316	0.06996706321791395	-0.04949025550810176	0.05966488346035589	-0.08807412362862838	0.05596187777163306	-0.07982281787129317	0.06002681751816169	-0.06979774882064554
0.17658989033803565	-0.19961878235748748	0.2978498775592133	-0.5827088712551587	0.26454307682537787	-0.17653486044333117	0.18798047114606073	-0.5295616021168208	1.0	-0.3211629347798101	0.19123357122751689	-0.19414306806350784	0.2552638355663238	-0.2885270228586074	0.22187817419987194	-0.14390374728095637	0.12925528764960117	-0.1491246071782468	0.13468767852483388	-0.09308853655763043	0.11122895469667064	-0.11334759147942251	0.08373377442339075	-0.07564492783503025	0.073001299967832	-0.08741362509033537	0.08304192608407111	-0.08351705585614011	0.06673990945128067	-0.057941042099522666	0.059640064800532105	-0.10088613263630002	0.07011942616388886	-0.06916488927258484	0.048363784659144114	-0.05969660369272463	0.07590732578473411	-0.07283542673510512	0.05162523530837979	-0.06262675128708502	0.0900091257195294	-0.057669432262855834	0.08240015786218985	-0.06288563183369991	0.07261457473946537
-0.1404327744458566	0.13621362584715074	-0.22120299125563914	0.2625516634071312	-0.7261480542735396	0.1293275585094623	-0.1353011095278428	0.18133099678218556	-0.3211629347798101	1.0000000000000002	-0.15011468253356045	0.127155965879763	-0.15905485251488585	0.19640382762263908	-0.4669381432627518	0.10618774409338762	-0.09521163122951252	0.10652951483094109	-0.09944232019859414	0.07852220476691911	-0.08986309508905878	0.08951950123483794	-0.06722125492895746	0.060861906519998406	-0.06100148680393118	0.07149829468684948	-0.06718517128827117	0.0694974369015657	-0.055431656115578966	0.04866757456049452	-0.04957232151053222	0.08363620917740629	-0.058670690214354004	0.05810193219880021	-0.04058959764249214	0.04982408189294412	-0.0645265408464923	0.061617379545124334	-0.04382416765211068	0.05343689073048507	-0.07629700287432767	0.04893416354301471	-0.07000284317861237	0.053859094615213196	-0.06234789794202414
0.28301257273644975	-0.2521537997083682	0.2238065832738367	-0.17203747429317381	0.15651179715685767	-0.5141988787631175	0.2852560071813735	-0.22446929411106004	0.19123357122751689	-0.15011468253356045	0.9999999999999986	-0.45654329626197593	0.25801903966479983	-0.33533306678094127	0.2269853999293419	-0.3297940640294885	0.2445601526192321	-0.21864058106657064	0.1868444305745531	-0.1418043697854655	0.19175290032855918	-0.20155716551435354	0.12917301006405105	-0.11663732413739716	0.11080563378081648	-0.15045165788230344	0.1418463316663937	-0.13288642404195034	0.10506000925624127	-0.09164522938609423	0.09886431819360339	-0.1688650089815675	0.1127271633073562	-0.11018763449070543	0.0763874898452353	-0.09904918675735655	0.12014906165134151	-0.11645932038888178	0.08186030208994348	-0.09929503179722715	0.14352359577330082	-0.09195667380132364	0.13002523490760237	-0.09924313042670063	0.11336519880317934
-0.23810153249865387	0.2465170273434593	-0.23226013735399736	0.15895724367290667	-0.13694694838287086	0.25528935614206444	-0.5368395543993824	0.24044878544736237	-0.19414306806350784	0.127155965879763	-0.45654329626197593	0.999999999999998	-0.45882237577355905	0.2530507142565104	-0.1795643162389046	0.24531414021751205	-0.3400403302946052	0.18525796261095864	-0.16514771141465587	0.10236768323956492	-0.15411256000886223	0.15975299882310964	-0.1009641278404943	0.08816384343977315	-0.08312860454576525	0.11085121513029793	-0.1120213025641362	0.09545621402731085	-0.0769245065550876	0.0654716060157521	-0.07353690412072932	0.1208281580258408	-0.08173365262528386	0.07864354503420813	-0.05511417024293093	0.07207814220727718	-0.08844417879185486	0.08320193818205031	-0.058381855361961006	0.06998036559318088	-0.10668352805492129	0.0671297418121658	-0.09480608924363318	0.07035063407193962	-0.08170912185568446
0.1995086209553188	-0.2172544959369177	0.24756160063981913	-0.2046380383774015	0.1601267894990272	-0.213688189163087	0.25258594842073734	-0.5765060195274637	0.2552638355663238	-0.15905485251488585	0.25801903966479983	-0.45882237577355905	0.9999999999999974	-0.43642880204332823	0.20418299114189067	-0.20380075567145864	0.19502238045325565	-0.23975477633906406	0.19762789299654104	-0.11150438432826264	0.1396838017619391	-0.14567702653912712	0.10747341160255144	-0.0957506688423837	0.0893507153128966	-0.1060793304651107	0.10335562898330052	-0.09954199336982303	0.08030924207135554	-0.06829853862849004	0.07142462387766668	-0.11973402736479426	0.08310726572414814	-0.08137101402064965	0.05724094078059463	-0.07079509236575786	0.08893384762667712	-0.08497213380836885	0.06003921815302559	-0.07216232142524918	0.10595609443846352	-0.06748093451609591	0.09639904323768148	-0.07233768327108413	0.08385847092431857
-0.2535889275873861	0.2068440279784924	-0.27539515648852747	0.20613505899608084	-0.21595655485144336	0.22158470377349426	-0.2471698521410396	0.25866964450414026	-0.2885270228586074	0.19640382762263908	-0.33533306678094127	0.2530507142565104	-0.43642880204332823	0.9999999999999979	-0.37831194688791026	0.21323185894182758	-0.21544184131697472	0.2786894649969433	-0.44090429116477975	0.1564233920980661	-0.1866031866446449	0.17450307835506954	-0.15579918333808523	0.13640580400487357	-0.13363236545407262	0.13639153830605877	-0.13303704935490737	0.13457517576748998	-0.11257523561052897	0.09338366091471784	-0.09624122450022382	0.15388120590435694	-0.11295723079439794	0.11037563457648097	-0.07928820517078942	0.09452526028814234	-0.12571061342522225	0.11547320761620973	-0.08220453113849648	0.09784501086230561	-0.14974909070675466	0.09408101570920399	-0.135650316120742	0.09919631752108239	-0.11827590458597981
0.19077764194625965	-0.16843527706854206	0.21224148297817635	-0.2118363515851181	0.27139348716526	-0.18980716043380824	0.1755145479529668	-0.19953612938395093	0.22187817419987194	-0.4669381432627518	0.2269853999293419	-0.1795643162389046	0.20418299114189067	-0.37831194688791026	0.9999999999999986	-0.17721307737562683	0.1537413092945602	-0.18441005080553016	0.17093608923935064	-0.15689353984797644	0.16147415146786953	-0.16228704223109622	0.12442600455241934	-0.11454962805456317	0.11696970724487687	-0.1337065691068203	0.12369884905735858	-0.13489554564724537	0.10659744617538887	-0.09521706980731907	0.09371318449860992	-0.1607714368639195	0.11347137890764436	-0.11358071801981429	0.07894822577189699	-0.0951281994298529	0.12493051087851438	-0.12066484451835906	0.08623661536938153	-0.10609804864111941	0.1465408446267587	-0.0948897067192867	0.13618868920857471	-0.10695974324324807	0.12313040696048552
-0.18047262260201843	0.15152809974793177	-0.1655195076826892	0.11830798020393737	-0.11716436451312927	0.18121474033530555	-0.20697084829647372	0.15036946393355788	-0.14390374728095637	0.10618774409338762	-0.3297940640294885	0.24531414021751205	-0.20380075567145864	0.21323185894182758	-0.17721307737562683	0.9999999999999972	-0.7211181719615178	0.22591870772966108	-0.21728808042874148	0.12551598651124013	-0.3504803167217695	0.2511467576486691	-0.13654891609895742	0.11439830838933053	-0.10670928405828055	0.18055081983783114	-0.18480722971261634	0.12449103729990246	-0.10154544184449191	0.08459260512401293	-0.11442938621060945	0.16966348736406636	-0.11137622005819649	0.10287984338322513	-0.07222062217098497	0.10769743344114771	-0.12419328150424477	0.110947537688096	-0.07663199743604417	0.09040091726596138	-0.155688861948606	0.09408027289056592	-0.12884116524974631	0.0915018311143895	-0.10743024178080146
0.1547640785939734	-0.14356002848471555	0.14682336354908554	-0.10784439196862247	0.10294252400646288	-0.16551802007538655	0.191306669011088	-0.14568473657066727	0.12925528764960117	-0.09521163122951252	0.2445601526192321	-0.3400403302946052	0.19502238045325565	-0.21544184131697472	0.1537413092945602	-0.7211181719615178	0.9999999999999971	-0.32326497439193125	0.21108545941455684	-0.1185259014066391	0.2322163250008094	-0.3294990062248412	0.13159288233416072	-0.11174591540627002	0.09836959029777205	-0.15721280271447552	0.17268660382263396	-0.11576561904855083	0.09325028038551669	-0.0774263013526073	0.09709195612396222	-0.16011795590572528	0.10111958371399721	-0.0939498431688078	0.06563007306728921	-0.09298557584189324	0.10622378138432798	-0.099382098815733	0.0685244385028639	-0.08083806727825946	0.13067037659452968	-0.08093840530906617	0.11246652691455968	-0.08097781842853623	0.0939121941859582
-0.15417680507683088	0.13004450102712012	-0.15758728463147145	0.11614844411617935	-0.11698315308789761	0.14491049283846472	-0.1618290693775869	0.15412886295321893	-0.1491246071782468	0.10652951483094109	-0.21864058106657064	0.18525796261095864	-0.23975477633906406	0.2786894649969433	-0.18441005080553016	0.22591870772966108	-0.32326497439193125	0.9999999999999977	-0.7617946401644409	0.16231521273240507	-0.1689131394414068	0.17087485303121067	-0.23192270638486503	0.17254446030416787	-0.14403828865057006	0.11895885173323686	-0.12478451809228823	0.13375282181545955	-0.11434109845635229	0.08800659113826102	-0.08200212065097648	0.13406414697776833	-0.10356404972230514	0.10206901695300159	-0.07468609600447093	0.07941686628080502	-0.1044328826051933	0.10028390433770629	-0.07176446567087802	0.08359691609809661	-0.12280725292669453	0.07827838521352981	-0.11552816098345829	0.08323977323157462	-0.09835214578681728
0.13610390923870203	-0.1175669012023697	0.1397417404788185	-0.10706400119689163	0.10655648469823135	-0.13231521648068054	0.14022734599010428	-0.14342800572133768	0.13468767852483388	-0.09944232019859414	0.1868444305745531	-0.16514771141465587	0.19762789299654104	-0.44090429116477975	0.17093608923935064	-0.21728808042874148	0.21108545941455684	-0.7617946401644409	0.9999999999999986	-0.19012684199977145	0.14866176523810667	-0.15915942624833473	0.18615592497682237	-0.19084105085928785	0.14552501035198204	-0.11071395049693597	0.11258262357844047	-0.13041859612203827	0.11047267835078528	-0.08691026903046792	0.07548841687089286	-0.12776040337006864	0.09838747884345762	-0.0996403239601159	0.07257534828227138	-0.07388919993641013	0.09667587827887665	-0.09571758436692226	0.06867446864678381	-0.08036781123668596	0.11261051427464251	-0.07282581580374027	0.1081130509068577	-0.0792165887305609	0.09245120028020078
-0.10565319751125103	0.08350782233619067	-0.10187661724113575	0.07670189388599484	-0.08627589158405279	0.09708918294968952	-0.0976386984416061	0.08910979073534607	-0.09308853655763043	0.07852220476691911	-0.1418043697854655	0.10236768323956492	-0.11150438432826264	0.1564233920980661	-0.15689353984797644	0.12551598651124013	-0.1185259014066391	0.16231521273240507	-0.19012684199977145	0.9999999999999969	-0.15600682144379624	0.1486465285344173	-0.3050822341752336	0.2652233453266502	-0.8062936999987512	0.11983108937362559	-0.123709355354326	0.18794268843864959	-0.1887859937591284	0.16305489168354248	-0.09225936089054343	0.1520964565302231	-0.14790459365710448	0.15493393653152154	-0.14301410909068973	0.08997385239148768	-0.1415959459393146	0.13872490230530063	-0.10527785371143931	0.11831593667883304	-0.1550309793380088	0.10357251660799072	-0.16890476049505285	0.1175189102560124	-0.14616041171336713
0.13414100915994434	-0.11134905937655531	0.12498486976770427	-0.09373929126437279	0.09840499383865975	-0.1362670890938859	0.133432378917906	-0.11340514852382627	0.11122895469667064	-0.08986309508905878	0.19175290032855918	-0.15411256000886223	0.1396838017619391	-0.1866031866446449	0.16147415146786953	-0.3504803167217695	0.2322163250008094	-0.1689131394414068	0.14866176523810667	-0.15600682144379624	0.9999999999999968	-0.47979376815459307	0.15738946794137623	-0.13974418355676085	0.12477668041243604	-0.5678495824287931	0.2914457245482704	-0.18014308387072434	0.138149636550436	-0.12068012127458426	0.2256181336915979	-0.3059515452714596	0.16647797835552205	-0.15126537734018528	0.10134836024784138	-0.22749710457649755	0.17329423572380548	-0.16600091871689504	0.11049140547014107	-0.13191476937116986	0.22859458074577615	-0.14136994957199586	0.17788051412326822	-0.13058008617310451	0.14397872246095844
-0.13752562730072104	0.11213237046116468	-0.1284147508993902	0.0940191475040822	-0.0994339160030315	0.132460490465891	-0.1408372143366527	0.11370311983118532	-0.11334759147942251	0.08951950123483794	-0.20155716551435354	0.15975299882310964	-0.14567702653912712	0.17450307835506954	-0.16228704223109622	0.2511467576486691	-0.3294990062248412	0.17087485303121067	-0.15915942624833473	0.1486465285344173	-0.47979376815459307	0.9999999999999978	-0.20955525343560058	0.1524340003667148	-0.131041103647598	0.277190100895471	-0.5969128835263008	0.17196832040920346	-0.14043282422580106	0.11319008244753219	-0.1776760532516414	0.28439077819086855	-0.17072147602223542	0.1421221211644969	-0.09879746954571741	0.15700773182157568	-0.17957721888078934	0.157023014765964	-0.1056008593197854	0.12140180925343173	-0.2275783926062641	0.13455402174801445	-0.18327990761851704	0.12337723702193158	-0.1457863463856873
0.09440815812749305	-0.07710494509434239	0.09143792947182966	-0.06885765090857401	0.07363800777795834	-0.0900363801224161	0.09130731801913444	-0.08400406435226186	0.08373377442339075	-0.06722125492895746	0.12917301006405105	-0.1009641278404943	0.10747341160255144	-0.15579918333808523	0.12442600455241934	-0.13654891609895742	0.13159288233416072	-0.23192270638486503	0.18615592497682237	-0.3050822341752336	0.15738946794137623	-0.20955525343560058	0.999999999999997	-0.7458895495018149	0.25436832602992726	-0.12438441851343277	0.1423793270797832	-0.34794040914671015	0.24330350089662495	-0.16112508340178744	0.08987716834577891	-0.1695976519583471	0.17105834213724802	-0.18340770749311144	0.13058441589430633	-0.08737824262638123	0.12837606540846375	-0.14849065072997283	0.10834950756643362	-0.12156145691504776	0.13831263699143445	-0.09602690329627628	0.15633482863161477	-0.11403741317336781	0.13016557502640194
-0.08541455031185434	0.06882498858807211	-0.08264447040645961	0.06191067549089483	-0.0670963680442126	0.0800658609722196	-0.08156256779988068	0.07448219230186452	-0.07564492783503025	0.060861906519998406	-0.11663732413739716	0.08816384343977315	-0.0957506688423837	0.13640580400487357	-0.11454962805456317	0.11439830838933053	-0.11174591540627002	0.17254446030416787	-0.19084105085928785	0.2652233453266502	-0.13974418355676085	0.1524340003667148	-0.7458895495018149	0.9999999999999966	-0.4040450208810598	0.10734061601502513	-0.12135543716818309	0.24320387506863725	-0.31141343546793654	0.15546040064514768	-0.08026899089997447	0.14284850408643437	-0.1541715246738479	0.17078457062301786	-0.13117554797716421	0.07768148302058772	-0.11939660874018472	0.13096262983098658	-0.10055437132745051	0.10963767701710724	-0.1279689488685012	0.08818864980979425	-0.14641334863739505	0.10392071297738022	-0.12236081395013225
0.0824629702071637	-0.06638366894241379	0.0796791443061512	-0.060424547404553386	0.06636123661166976	-0.07776572683187366	0.07745607797829779	-0.07160533217796222	0.073001299967832	-0.06100148680393118	0.11080563378081648	-0.08312860454576525	0.0893507153128966	-0.13363236545407262	0.11696970724487687	-0.10670928405828055	0.09836959029777205	-0.14403828865057006	0.14552501035198204	-0.8062936999987512	0.12477668041243604	-0.131041103647598	0.25436832602992726	-0.4040450208810598	0.9999999999999952	-0.10048578058789649	0.10491841585594887	-0.18764421265895095	0.1795501802361626	-0.1920855558500841	0.07500334046951522	-0.13566762190593107	0.13176276245921456	-0.15369791322317886	0.13799167860774875	-0.07382386674815816	0.1122588044399399	-0.1229764757423214	0.0940364813902475	-0.10745814713689103	0.12092488213195701	-0.08361424421881442	0.13654178871632858	-0.10124398281910596	0.1180289467472493
-0.10628912939881087	0.08486246874221542	-0.0986437852239313	0.07313871431088631	-0.07952006093288905	0.10197522051954033	-0.10176303328767727	0.08605818302578308	-0.08741362509033537	0.07149829468684948	-0.15045165788230344	0.11085121513029793	-0.1060793304651107	0.13639153830605877	-0.1337065691068203	0.18055081983783114	-0.15721280271447552	0.11895885173323686	-0.11071395049693597	0.11983108937362559	-0.5678495824287931	0.277190100895471	-0.12438441851343277	0.10734061601502513	-0.10048578058789649	1.0000000000000004	-0.4052177388252149	0.14879150666391205	-0.11757045221384199	0.10073750072669986	-0.4737614834510044	0.2680569217533262	-0.153035267404831	0.1288730928184236	-0.08716182250500391	0.26483856403361	-0.19829796300329464	0.15176957157990187	-0.09907702773166578	0.11573836042195068	-0.3115160736101005	0.1564481882017112	-0.17849655540497192	0.11865463910985327	-0.13611965511918273
0.10003031226675571	-0.08150224526026882	0.09348337243202941	-0.06944726441357647	0.07435340837827129	-0.09747479967327405	0.09846776751990084	-0.08313005044512338	0.08304192608407111	-0.06718517128827117	0.1418463316663937	-0.1120213025641362	0.10335562898330052	-0.13303704935490737	0.12369884905735858	-0.18480722971261634	0.17268660382263396	-0.12478451809228823	0.11258262357844047	-0.123709355354326	0.2914457245482704	-0.5969128835263008	0.1423793270797832	-0.12135543716818309	0.10491841585594887	-0.4052177388252149	0.9999999999999939	-0.17038152820716518	0.12953273068608867	-0.108164671985183	0.19083506464631914	-0.5512332061390269	0.18611266403237028	-0.14392835833771547	0.09397977400238967	-0.16827066124424958	0.1621774196433865	-0.1626490884168891	0.1016394357201572	-0.11595675425802264	0.20421763721747466	-0.12518628687865824	0.16799462361757037	-0.11493649769832563	0.13015315891612544
-0.09809229650916133	0.07714369639729754	-0.09282608704604874	0.06931479488068154	-0.07753403363497431	0.0909767214943108	-0.09053292038497157	0.08045598260119843	-0.08351705585614011	0.0694974369015657	-0.13288642404195034	0.09545621402731085	-0.09954199336982303	0.13457517576748998	-0.13489554564724537	0.12449103729990246	-0.11576561904855083	0.13375282181545955	-0.13041859612203827	0.18794268843864959	-0.18014308387072434	0.17196832040920346	-0.34794040914671015	0.24320387506863725	-0.18764421265895095	0.14879150666391205	-0.17038152820716518	0.9999999999999927	-0.5996650265038341	0.22488638490519722	-0.12113379348029925	0.22836342985005365	-0.4393655114620311	0.2906033973131175	-0.21400179767966032	0.1165329330134531	-0.20696259675235662	0.24749036279992617	-0.17795491495826454	0.18003631154124472	-0.20278171368236528	0.1492610621877974	-0.27592852953871305	0.17429751537622826	-0.2099253048104948
0.0777053716993064	-0.0616778973082024	0.07386077941211824	-0.055422956475464406	0.06146624000974831	-0.07283325021315713	0.07223230902890218	-0.06488107346754038	0.06673990945128067	-0.055431656115578966	0.10506000925624127	-0.0769245065550876	0.08030924207135554	-0.11257523561052897	0.10659744617538887	-0.10154544184449191	0.09325028038551669	-0.11434109845635229	0.11047267835078528	-0.1887859937591284	0.138149636550436	-0.14043282422580106	0.24330350089662495	-0.31141343546793654	0.1795501802361626	-0.11757045221384199	0.12953273068608867	-0.5996650265038341	0.9999999999999928	-0.37904313481579566	0.09236149588462883	-0.18884368821921654	0.2620328362202929	-0.4843236628895756	0.25835285071711217	-0.09046232244415829	0.1524620200438893	-0.20795007875030222	0.17410309150745878	-0.18430015946841574	0.1506445987233625	-0.1134449290629928	0.2021365654228739	-0.15680879465489225	0.17021771973136948
-0.0680766895537713	0.05340298833869423	-0.06438979505087407	0.048200604666386176	-0.054268480593144146	0.0630571492787894	-0.062361503046534324	0.055622575108245684	-0.057941042099522666	0.04866757456049452	-0.09164522938609423	0.0654716060157521	-0.06829853862849004	0.09338366091471784	-0.09521706980731907	0.08459260512401293	-0.0774263013526073	0.08800659113826102	-0.08691026903046792	0.16305489168354248	-0.12068012127458426	0.11319008244753219	-0.16112508340178744	0.15546040064514768	-0.1920855558500841	0.10073750072669986	-0.108164671985183	0.22488638490519722	-0.37904313481579566	0.9999999999999872	-0.08176003258005542	0.1497897215017255	-0.20743489402481818	0.29444116719501584	-0.7820435149184011	0.07985274283364181	-0.14177354696177163	0.1649546477316438	-0.1544217269829294	0.15649650276691393	-0.13997213062112993	0.10329383714378346	-0.19006015988451005	0.13667646371191167	-0.1649129798713471
0.07167456513223547	-0.05738281272750297	0.06690027839211271	-0.05011761184208882	0.054947068256573535	-0.0693489676976526	0.06766591815616127	-0.05863512713400737	0.059640064800532105	-0.04957232151053222	0.09886431819360339	-0.07353690412072932	0.07142462387766668	-0.09624122450022382	0.09371318449860992	-0.11442938621060945	0.09709195612396222	-0.08200212065097648	0.07548841687089286	-0.09225936089054343	0.2256181336915979	-0.1776760532516414	0.08987716834577891	-0.08026899089997447	0.07500334046951522	-0.4737614834510044	0.19083506464631914	-0.12113379348029925	0.09236149588462883	-0.08176003258005542	0.9999999999999948	-0.2566442856599076	0.12383768839118674	-0.10589447941069043	0.06955635298006749	-0.7381472504349527	0.15254238993702127	-0.12567050889186063	0.07988487959531247	-0.09483717168985199	0.26682502799033464	-0.1444683591192999	0.13740868670604947	-0.09563720962841338	0.10312681747794489
-0.12194235444347255	0.09572969444066486	-0.11363525124633606	0.08417642979752597	-0.09366382767272927	0.11383973787164965	-0.11379479644857618	0.097455012571325	-0.10088613263630002	0.08363620917740629	-0.1688650089815675	0.1208281580258408	-0.11973402736479426	0.15388120590435694	-0.1607714368639195	0.16966348736406636	-0.16011795590572528	0.13406414697776833	-0.12776040337006864	0.1520964565302231	-0.3059515452714596	0.28439077819086855	-0.1695976519583471	0.14284850408643437	-0.13566762190593107	0.2680569217533262	-0.5512332061390269	0.22836342985005365	-0.18884368821921654	0.1497897215017255	-0.2566442856599076	0.9999999999999895	-0.4063106035966764	0.2080835122907097	-0.1400380963563818	0.19891349324374843	-0.2654168038075986	0.24508946452585653	-0.1538350389742269	0.16619061030940763	-0.31026533878012935	0.1894848439738459	-0.2737173936442712	0.16925013275180742	-0.2009305841403158
0.0830601955761901	-0.06559110483711136	0.07820668676599339	-0.05853193384869861	0.06533760622805956	-0.0780127975301262	0.07690051784749241	-0.06786390075169055	0.07011942616388886	-0.058670690214354004	0.1127271633073562	-0.08173365262528386	0.08310726572414814	-0.11295723079439794	0.11347137890764436	-0.11137622005819649	0.10111958371399721	-0.10356404972230514	0.09838747884345762	-0.14790459365710448	0.16647797835552205	-0.17072147602223542	0.17105834213724802	-0.1541715246738479	0.13176276245921456	-0.153035267404831	0.18611266403237028	-0.4393655114620311	0.2620328362202929	-0.20743489402481818	0.12383768839118674	-0.4063106035966764	0.9999999999999865	-0.426332151975502	0.191407471609885	-0.11916284656353318	0.20516306261379758	-0.5381590858401113	0.20298549530340199	-0.20518757858601744	0.18875170963756982	-0.15474517404069726	0.27650587945680066	-0.18626367489888224	0.1942300802567989
-0.0816695616157441	0.06403520148749822	-0.07703719180060828	0.05761562354018413	-0.06487550425230057	0.07579725906771133	-0.07484810345898671	0.06640970405372308	-0.06916488927258484	0.05810193219880021	-0.11018763449070543	0.07864354503420813	-0.08137101402064965	0.11037563457648097	-0.11358071801981429	0.10287984338322513	-0.0939498431688078	0.10206901695300159	-0.0996403239601159	0.15493393653152154	-0.15126537734018528	0.1421221211644969	-0.18340770749311144	0.17078457062301786	-0.15369791322317886	0.1288730928184236	-0.14392835833771547	0.2906033973131175	-0.4843236628895756	0.29444116719501584	-0.10589447941069043	0.2080835122907097	-0.426332151975502	0.9999999999999851	-0.47081549700085507	0.10282544531747698	-0.18796614850845247	0.24973817308218973	-0.3182223627368996	0.2326545943476035	-0.17880084330449425	0.1368833627335957	-0.26175350321313057	0.19696136103288678	-0.2224273300672135
0.0567322621367053	-0.04472051178390731	0.05369638649157925	-0.040282087167522046	0.045133027776672385	-0.052942653131060724	0.052195361753931975	-0.04666266715199284	0.048363784659144114	-0.04058959764249214	0.0763874898452353	-0.05511417024293093	0.05724094078059463	-0.07928820517078942	0.07894822577189699	-0.07222062217098497	0.06563007306728921	-0.07468609600447093	0.07257534828227138	-0.14301410909068973	0.10134836024784138	-0.09879746954571741	0.13058441589430633	-0.13117554797716421	0.13799167860774875	-0.08716182250500391	0.09397977400238967	-0.21400179767966032	0.25835285071711217	-0.7820435149184011	0.06955635298006749	-0.1400380963563818	0.191407471609885	-0.47081549700085507	0.9999999999999867	-0.06843675205763891	0.1188001617481221	-0.16026012774075468	0.15830009189425867	-0.17484120923767418	0.11591490711334793	-0.08828869225327644	0.1607279479177029	-0.1318080101753821	0.1443804373416639
-0.0719398636440366	0.057064102987224447	-0.06705161871940543	0.05011200167617061	-0.055439868202303955	0.06874514306649442	-0.06721356459608181	0.05819742609157276	-0.05969660369272463	0.04982408189294412	-0.09904918675735655	0.07207814220727718	-0.07079509236575786	0.09452526028814234	-0.0951281994298529	0.10769743344114771	-0.09298557584189324	0.07941686628080502	-0.07388919993641013	0.08997385239148768	-0.22749710457649755	0.15700773182157568	-0.08737824262638123	0.07768148302058772	-0.07382386674815816	0.26483856403361	-0.16827066124424958	0.1165329330134531	-0.09046232244415829	0.07985274283364181	-0.7381472504349527	0.19891349324374843	-0.11916284656353318	0.10282544531747698	-0.06843675205763891	0.9999999999999841	-0.19342913614311788	0.12784892774013468	-0.08102684675618956	0.09583993862309764	-0.48606373321041474	0.17538803023013266	-0.15211424747437288	0.0989132500878717	-0.10827268332962978
0.0897909773823847	-0.07152641028587874	0.0845080284457368	-0.06394932683887555	0.07148637050141456	-0.08646555532413629	0.0828189992238908	-0.07386675217699316	0.07590732578473411	-0.0645265408464923	0.12014906165134151	-0.08844417879185486	0.08893384762667712	-0.12571061342522225	0.12493051087851438	-0.12419328150424477	0.10622378138432798	-0.1044328826051933	0.09667587827887665	-0.1415959459393146	0.17329423572380548	-0.17957721888078934	0.12837606540846375	-0.11939660874018472	0.1122588044399399	-0.19829796300329464	0.1621774196433865	-0.20696259675235662	0.1524620200438893	-0.14177354696177163	0.15254238993702127	-0.2654168038075986	0.20516306261379758	-0.18796614850845247	0.1188001617481221	-0.19342913614311788	0.9999999999999837	-0.33474197429918234	0.1571224136068629	-0.1887432849619824	0.2916678094416632	-0.7229105551633259	0.28426785348316463	-0.19066976112117145	0.17830881591014308
-0.08651324287865796	0.06788149134159771	-0.08131703551077464	0.060949814382660165	-0.06879856684145755	0.08091211012598463	-0.07910516818634322	0.06996706321791395	-0.07283542673510512	0.061617379545124334	-0.11645932038888178	0.08320193818205031	-0.08497213380836885	0.11547320761620973	-0.12066484451835906	0.110947537688096	-0.099382098815733	0.10028390433770629	-0.09571758436692226	0.13872490230530063	-0.16600091871689504	0.157023014765964	-0.14849065072997283	0.13096262983098658	-0.1229764757423214	0.15176957157990187	-0.1626490884168891	0.24749036279992617	-0.20795007875030222	0.1649546477316438	-0.12567050889186063	0.24508946452585653	-0.5381590858401113	0.24973817308218973	-0.16026012774075468	0.12784892774013468	-0.33474197429918234	0.999999999999983	-0.30074176373771355	0.2372687101908832	-0.22337549987244026	0.22241726720955826	-0.5594595077047321	0.23767457304802003	-0.2548704186670772
0.06109792450540369	-0.04788697878304291	0.05754342235758598	-0.04319220577648174	0.04893374203048882	-0.05698614638933707	0.05565080278357078	-0.04949025550810176	0.05162523530837979	-0.04382416765211068	0.08186030208994348	-0.058381855361961006	0.06003921815302559	-0.08220453113849648	0.08623661536938153	-0.07663199743604417	0.0685244385028639	-0.07176446567087802	0.06867446864678381	-0.10527785371143931	0.11049140547014107	-0.1056008593197854	0.10834950756643362	-0.10055437132745051	0.0940364813902475	-0.09907702773166578	0.1016394357201572	-0.17795491495826454	0.17410309150745878	-0.1544217269829294	0.07988487959531247	-0.1538350389742269	0.20298549530340199	-0.3182223627368996	0.15830009189425867	-0.08102684675618956	0.1571224136068629	-0.30074176373771355	0.9999999999999825	-0.7271953467770395	0.13945872386602579	-0.12019742261046289	0.2467054509646045	-0.43041568933840685	0.2974800229482186
-0.07431487299732459	0.05790786187929962	-0.0699008768203348	0.052411946440764696	-0.05984816067261431	0.06881032276339119	-0.067183428152455	0.05966488346035589	-0.06262675128708502	0.05343689073048507	-0.09929503179722715	0.06998036559318088	-0.07216232142524918	0.09784501086230561	-0.10609804864111941	0.09040091726596138	-0.08083806727825946	0.08359691609809661	-0.08036781123668596	0.11831593667883304	-0.13191476937116986	0.12140180925343173	-0.12156145691504776	0.10963767701710724	-0.10745814713689103	0.11573836042195068	-0.11595675425802264	0.18003631154124472	-0.18430015946841574	0.15649650276691393	-0.09483717168985199	0.16619061030940763	-0.20518757858601744	0.2326545943476035	-0.17484120923767418	0.09583993862309764	-0.1887432849619824	0.2372687101908832	-0.7271953467770395	0.9999999999999832	-0.171537549216845	0.139380882775957	-0.2887531630153126	0.3035235497802454	-0.45358771229621897
0.10680614455012889	-0.08551128544903647	0.1003235929110475	-0.0759653774591687	0.0843652256469353	-0.10388682526525721	0.09915624697588536	-0.08807412362862838	0.0900091257195294	-0.07629700287432767	0.14352359577330082	-0.10668352805492129	0.10595609443846352	-0.14974909070675466	0.1465408446267587	-0.155688861948606	0.13067037659452968	-0.12280725292669453	0.11261051427464251	-0.1550309793380088	0.22859458074577615	-0.2275783926062641	0.13831263699143445	-0.1279689488685012	0.12092488213195701	-0.3115160736101005	0.20421763721747466	-0.20278171368236528	0.1506445987233625	-0.13997213062112993	0.26682502799033464	-0.31026533878012935	0.18875170963756982	-0.17880084330449425	0.11591490711334793	-0.48606373321041474	0.2916678094416632	-0.22337549987244026	0.13945872386602579	-0.171537549216845	0.9999999999999836	-0.48300563952756004	0.2414264560348143	-0.17431511044520903	0.17155867172135497
-0.06847060495673862	0.05432763420607517	-0.06432043152966202	0.048524934280001764	-0.054330310416539795	0.06551671257541351	-0.06305852155131988	0.05596187777163306	-0.057669432262855834	0.04893416354301471	-0.09195667380132364	0.0671297418121658	-0.06748093451609591	0.09408101570920399	-0.0948897067192867	0.09408027289056592	-0.08093840530906617	0.07827838521352981	-0.07282581580374027	0.10357251660799072	-0.14136994957199586	0.13455402174801445	-0.09602690329627628	0.08818864980979425	-0.08361424421881442	0.1564481882017112	-0.12518628687865824	0.1492610621877974	-0.1134449290629928	0.10329383714378346	-0.1444683591192999	0.1894848439738459	-0.15474517404069726	0.1368833627335957	-0.08828869225327644	0.17538803023013266	-0.7229105551633259	0.22241726720955826	-0.12019742261046289	0.139380882775957	-0.48300563952756004	0.9999999999999847	-0.3551437723393529	0.15290898595307198	-0.14781873185036096
0.09726958560442826	-0.07710067625260791	0.09167564945855994	-0.06923040912005243	0.07769464626863462	-0.09263910724043359	0.08932427239263363	-0.07982281787129317	0.08240015786218985	-0.07000284317861237	0.13002523490760237	-0.09480608924363318	0.09639904323768148	-0.135650316120742	0.13618868920857471	-0.12884116524974631	0.11246652691455968	-0.11552816098345829	0.1081130509068577	-0.16890476049505285	0.17788051412326822	-0.18327990761851704	0.15633482863161477	-0.14641334863739505	0.13654178871632858	-0.17849655540497192	0.16799462361757037	-0.27592852953871305	0.2021365654228739	-0.19006015988451005	0.13740868670604947	-0.2737173936442712	0.27650587945680066	-0.26175350321313057	0.1607279479177029	-0.15211424747437288	0.28426785348316463	-0.5594595077047321	0.2467054509646045	-0.2887531630153126	0.2414264560348143	-0.3551437723393529	0.9999999999999848	-0.3962968931590583	0.2721131140172262
