1.0	-0.7923415072473936	0.20655320598498828	-0.15960647329364833	0.146283110294546	-0.4155526311856185	0.2901195436967553	-0.17088217859409127	0.12111976384881278	-0.06133490356142945	0.18241543823481346	-0.2106942173073559	0.16003012933605407	-0.1251510670254787	0.05307534150464449	-0.09875465694984767	0.09042563451831455	-0.1337330407586888	0.07607568931524417	-0.09452318910124514	0.09866394887526013	-0.10037834153827706	0.09063367544840575	-0.11059817126086226	0.06958909282592239	-0.0796260982204801	0.07410311866784826	-0.10536568406275498	0.06639627060289913	-0.06402699864527268	0.02308644758700076	-0.022850446352178654	0.017957104274425754	-0.02009787768419245	0.013055904388232549	-0.019100677997254	0.017564551739116564	-0.013347533701596548	0.013471419844771546	-0.012653692920003493
-0.7923415072473936	1.0000000000000004	-0.2789791493530618	0.1553303660700724	-0.15029217572634915	0.27845556051493886	-0.41826609104916646	0.18212840352285964	-0.12650465018899162	0.05811651854394339	-0.1650881975384873	0.17076110110240433	-0.1681108892328296	0.12051601366547154	-0.05115507122071938	0.08342522644415436	-0.07742316355451619	0.1202935316626642	-0.06898403321394624	0.08403929247562172	-0.08812218902191511	0.08348693486407227	-0.08137829178424588	0.09710943820976371	-0.06193500710335529	0.06740278505535104	-0.06431654778499524	0.09197696980621738	-0.0586776419926042	0.05621379375234817	-0.01982637211121861	0.019588835610420845	-0.015627936735366606	0.01749581636372296	-0.01140370896163402	0.016369910141440482	-0.015134540092267232	0.011586801992175665	-0.011745474718809306	0.011015339120581405
0.20655320598498828	-0.2789791493530618	0.9999999999999998	-0.5594329148952231	0.2958796651340406	-0.20904621730797823	0.22343969192520632	-0.4864900428910363	0.2389846386316511	-0.11988031428256815	0.15856171957113968	-0.20090917800851857	0.28304236563645185	-0.25611424045074344	0.10188258163858321	-0.09421107639148836	0.10057249869863248	-0.24569076614466198	0.13759592115731228	-0.1733816315351342	0.102315602665288	-0.11223909599397604	0.1551976233423794	-0.19549995476131368	0.11903751057171026	-0.10209588340778462	0.09599323049178553	-0.18299591200190307	0.1136987999678658	-0.1112367717364428	0.0313144329842909	-0.03126529556925979	0.027736719625169493	-0.032077059882523046	0.021055430476529944	-0.026399509864563426	0.024481504800229655	-0.020551499683793696	0.021226064302887412	-0.020072688582057425
-0.15960647329364833	0.1553303660700724	-0.5594329148952231	1.0	-0.6817638493167262	0.14186197208233503	-0.16219209089085934	0.23176990522583918	-0.23078416022197137	0.11322582047641644	-0.1278304320108186	0.14983307665225312	-0.2458398080655594	0.19775049599031658	-0.10170419508683023	0.07418783593746203	-0.07864295059202121	0.17958073446533804	-0.10719052415752976	0.13101654504513782	-0.08339690433201291	0.08672165580017817	-0.12059332822382883	0.14786890135916056	-0.09406408066540065	0.08115614018980576	-0.07749221176915573	0.1393957683321663	-0.08860456812621954	0.08602689757489462	-0.025377425229687063	0.025275289553132754	-0.022445176964073263	0.025802751626697054	-0.01691218743809681	0.02143982971958345	-0.01996044717817295	0.016592515810397494	-0.01716683339124086	0.016164059292750884
0.146283110294546	-0.15029217572634915	0.2958796651340406	-0.6817638493167262	1.0000000000000004	-0.15794893958463735	0.1624183852918946	-0.2239619346146987	0.20920490015663581	-0.17571546878513022	0.15325338090973153	-0.20149781180776968	0.2420634519979879	-0.24747585185857873	0.13594037776820309	-0.09792022598845981	0.10942316934183884	-0.2823801753690617	0.16381574952869918	-0.21493327065629286	0.10875407778742653	-0.12471233210599057	0.18634604756816733	-0.2489423553103478	0.1503897879939361	-0.12752449540831773	0.11670246074583646	-0.23845956332647014	0.14496537537233053	-0.14500974591199095	0.04013266992913835	-0.04028304250669165	0.036874109491334274	-0.0431688646016841	0.028126328537956994	-0.034465209723904475	0.031852277774941894	-0.02741200876908084	0.028384513169712557	-0.026942509838995418
-0.4155526311856185	0.27845556051493886	-0.20904621730797823	0.14186197208233503	-0.15794893958463735	1.0000000000000007	-0.6843543909810411	0.2044403899185412	-0.14332766360859686	0.061941545913047596	-0.40142419095853565	0.252680750499464	-0.1999251416880496	0.13024706545757186	-0.05531451081862936	0.14225492569878656	-0.11190330590882183	0.131800275128874	-0.07547501819048197	0.0901789399040297	-0.14494176626997082	0.11727916194828125	-0.09199607474436952	0.10586963225852454	-0.06899415279504927	0.08868144255292891	-0.08527563343182568	0.1009609495348624	-0.0652803415762701	0.06160025572431898	-0.025232400552730794	0.02474168630573749	-0.018321993734041142	0.020042084560143357	-0.01300336858309085	0.020480010785695092	-0.01889289823355744	0.013599707829178763	-0.013580535732467144	0.012674820036539223
0.2901195436967553	-0.41826609104916646	0.22343969192520632	-0.16219209089085934	0.1624183852918946	-0.6843543909810411	0.9999999999999998	-0.329862068611593	0.1617359762767029	-0.07131378309262629	0.239059447657087	-0.2908445807421644	0.2136503678683161	-0.15746877482546318	0.062491080184052375	-0.12298153032058946	0.11229049117952185	-0.15123061086113607	0.08530913291207359	-0.10327364065528599	0.1211756205689266	-0.12098079913682093	0.10162511465409682	-0.11939712938928872	0.07604751820093818	-0.08990974531706517	0.08509127648193539	-0.11292720607344593	0.07218381919206675	-0.06870505172461468	0.025783487380776043	-0.02543635132979517	0.019492063290877142	-0.0216025547192847	0.014054477501806037	-0.021135609698096202	0.019464220415412667	-0.01447145338038457	0.0145494863492902	-0.013627734656833231
-0.17088217859409127	0.18212840352285964	-0.4864900428910363	0.23176990522583918	-0.2239619346146987	0.2044403899185412	-0.329862068611593	1.0000000000000004	-0.42710904209859163	0.10698797034685575	-0.14997227705285351	0.17530520461308577	-0.5638737928073412	0.26818346782578434	-0.09700576871829769	0.08206784313485366	-0.08660916564993829	0.2072175405516639	-0.11733146300714277	0.13481619967249342	-0.09007190588634308	0.09312558935408312	-0.13184398126727812	0.14734096551728118	-0.09391118680234126	0.0791615001525719	-0.07710346670038515	0.13528298024871085	-0.0879405298381836	0.08330040774193148	-0.02420859017193923	0.024041188831930158	-0.020987416080974215	0.023972538173621508	-0.01583404888021408	0.020159630591099424	-0.01881106976434713	0.015473326005399468	-0.016002444449251065	0.015037322011559877
0.12111976384881278	-0.12650465018899162	0.2389846386316511	-0.23078416022197137	0.20920490015663581	-0.14332766360859686	0.1617359762767029	-0.42710904209859163	0.9999999999999989	-0.19699393043864236	0.1154738755256641	-0.14052663601626844	0.2666659509223896	-0.7556826091720011	0.1699183477502038	-0.06707064448353775	0.07241039170452807	-0.18350798003144123	0.1388358156682724	-0.15743527129316454	0.0744064229459422	-0.07930456628269789	0.11823802111422724	-0.14149765675881276	0.09085863470283699	-0.07023290495183254	0.06825531873266141	-0.12681211331079603	0.0833127289761048	-0.0799864894255707	0.021798134550233488	-0.021694422651576603	0.01949097555730875	-0.02244569303830846	0.014873470559225	-0.018250370129049936	0.017064393436733508	-0.014358831907126682	0.0149433607646706	-0.014065482205336485
-0.06133490356142945	0.05811651854394339	-0.11988031428256815	0.11322582047641644	-0.17571546878513022	0.061941545913047596	-0.07131378309262629	0.10698797034685575	-0.19699393043864236	1.0000000000000009	-0.05962971623260326	0.06845476700408104	-0.12967812646162805	0.20752569284628272	-0.9258474884261737	0.03459953739653113	-0.0372479972560246	0.08887861362604424	-0.07041392072285678	0.07877801952761737	-0.039605941246320595	0.04058605924591315	-0.06115027355345717	0.0725216606828756	-0.04892876947925291	0.03757125001547799	-0.03691313684665936	0.06605922161680954	-0.04423442145375429	0.042284545485706364	-0.011919061724097952	0.011844695894242354	-0.010727871534167781	0.012310179710959428	-0.008143711857380284	0.010022498100969312	-0.00940693324518512	0.007887713990571836	-0.008229527234654479	0.007718988636035193
0.18241543823481346	-0.1650881975384873	0.15856171957113968	-0.1278304320108186	0.15325338090973153	-0.40142419095853565	0.239059447657087	-0.14997227705285351	0.1154738755256641	-0.05962971623260326	0.9999999999999991	-0.6359377911991368	0.17381333441255784	-0.11902177728040271	0.05255564911443314	-0.422409912637411	0.21869991636215552	-0.1515935553300789	0.08448594924632986	-0.10242983818892468	0.26927713383171353	-0.2398935016817479	0.11317517268311098	-0.12884589544379982	0.0842351533211517	-0.1583318432786099	0.1427121092289975	-0.12655129359176323	0.08103870970210485	-0.07561522735248831	0.04142713379746009	-0.04047413811241039	0.025909068826242537	-0.027241621167356966	0.01738355261920323	-0.03309429105751943	0.029998145326963394	-0.019399586829221167	0.01867335133052129	-0.01736315030655884
-0.2106942173073559	0.17076110110240433	-0.20090917800851857	0.14983307665225312	-0.20149781180776968	0.252680750499464	-0.2908445807421644	0.17530520461308577	-0.14052663601626844	0.06845476700408104	-0.6359377911991368	1.0	-0.2412375631555092	0.13542783897606175	-0.06184490709589217	0.2541966234567014	-0.3776932555790043	0.1663125067814723	-0.09379685483638737	0.10955579143163155	-0.312225957012691	0.2553930255899848	-0.12834270596260544	0.1370455160230544	-0.09437901920229498	0.15941529678323738	-0.17373192910392632	0.13452181913403016	-0.08945998485965999	0.08154819931861562	-0.045048988625450904	0.04359734343056335	-0.02850258433114183	0.029660052529814757	-0.019049483469468546	0.03544152890257258	-0.03299089470523472	0.02115824400730633	-0.02053251618175612	0.018938176146661868
0.16003012933605407	-0.1681108892328296	0.28304236563645185	-0.2458398080655594	0.2420634519979879	-0.1999251416880496	0.2136503678683161	-0.5638737928073412	0.2666659509223896	-0.12967812646162805	0.17381333441255784	-0.2412375631555092	0.9999999999999991	-0.33199094140419655	0.11313997623254998	-0.10298402812190012	0.11933081654142727	-0.4360644249491856	0.18198897779383955	-0.21575543843169945	0.11437663066912239	-0.12961547145747693	0.21649709817034732	-0.24505113055232616	0.14635686429759495	-0.1104335467230097	0.10776047787373912	-0.22099173743840622	0.1395167429463183	-0.13239376189018368	0.033954568188015566	-0.0338688899324094	0.030803283842347505	-0.035651537069423846	0.02370621084115827	-0.02832143220664358	0.02647458062932926	-0.022701835439915448	0.023623501880170542	-0.022305828658011083
-0.1251510670254787	0.12051601366547154	-0.25611424045074344	0.19775049599031658	-0.24747585185857873	0.13024706545757186	-0.15746877482546318	0.26818346782578434	-0.7556826091720011	0.20752569284628272	-0.11902177728040271	0.13542783897606175	-0.33199094140419655	0.9999999999999983	-0.2733978964605262	0.06755458859609124	-0.07299337049052723	0.1805041480970791	-0.17529259942703498	0.1618310829516809	-0.07700418118064355	0.07857298891989455	-0.12301644333581534	0.13967930395143666	-0.09488596718383528	0.07002837613280997	-0.0696709894794097	0.1238847227056904	-0.0848558676300949	0.08001856387083081	-0.022064036659091756	0.021899314334803657	-0.019819936776607018	0.02270529632662363	-0.015099299471960724	0.01843543989597969	-0.017339962354282576	0.014542240866949895	-0.01520490934408663	0.014244081793431868
0.05307534150464449	-0.05115507122071938	0.10188258163858321	-0.10170419508683023	0.13594037776820309	-0.05531451081862936	0.062491080184052375	-0.09700576871829769	0.1699183477502038	-0.9258474884261737	0.05255564911443314	-0.06184490709589217	0.11313997623254998	-0.2733978964605262	0.9999999999999984	-0.0309108692128236	0.03366174700239673	-0.08414687991522254	0.06912652670997484	-0.07991455153076692	0.03517186219502514	-0.03688689855593915	0.05688680115003832	-0.06870723842984963	0.04552860981913322	-0.034215975987989554	0.03339988750945742	-0.06198328608906319	0.04121361313184986	-0.039656782528918445	0.010819260714479039	-0.010768669769017499	0.009817598333423586	-0.011318431889101107	0.007494201965206202	-0.009106185746063375	0.008535514883699125	-0.007225246104916177	0.0075435172591012695	-0.007091638439742016
-0.09875465694984767	0.08342522644415436	-0.09421107639148836	0.07418783593746203	-0.09792022598845981	0.14225492569878656	-0.12298153032058946	0.08206784313485366	-0.06707064448353775	0.03459953739653113	-0.422409912637411	0.2541966234567014	-0.10298402812190012	0.06755458859609124	-0.0309108692128236	0.9999999999999969	-0.24791956140574115	0.09449527460422444	-0.05241303531014947	0.06198003421586621	-0.8024938344120578	0.21364126246217613	-0.07667966907297716	0.08170271804385425	-0.05603230411711983	0.15225819436227253	-0.14856224338194574	0.08330832092870731	-0.054451194540522344	0.04894155564131403	-0.03809320119917333	0.03579092910159481	-0.01994652521205149	0.01978976483213693	-0.012486672940540552	0.02836989664298436	-0.02607631560021196	0.014947776544914118	-0.01386962588966408	0.012754821470376373
0.09042563451831455	-0.07742316355451619	0.10057249869863248	-0.07864295059202121	0.10942316934183884	-0.11190330590882183	0.11229049117952185	-0.08660916564993829	0.07241039170452807	-0.0372479972560246	0.21869991636215552	-0.3776932555790043	0.11933081654142727	-0.07299337049052723	0.03366174700239673	-0.24791956140574115	0.9999999999999954	-0.13610322047504705	0.06668890191902707	-0.07521743429634199	0.22404967534463435	-0.8251923671564095	0.11842602154452175	-0.10864983019005647	0.07081354258959857	-0.16122394499435994	0.1616092546636973	-0.10607699796727166	0.06926464883351927	-0.06070800434945681	0.03949857391539665	-0.039104626683569954	0.022183072813176663	-0.022462165738758096	0.014307903272201368	-0.030596377315443863	0.02757333781004985	-0.016640883827853753	0.015592441755876946	-0.014413413076529233
-0.1337330407586888	0.1202935316626642	-0.24569076614466198	0.17958073446533804	-0.2823801753690617	0.131800275128874	-0.15123061086113607	0.2072175405516639	-0.18350798003144123	0.08887861362604424	-0.1515935553300789	0.1663125067814723	-0.4360644249491856	0.1805041480970791	-0.08414687991522254	0.09449527460422444	-0.13610322047504705	0.9999999999999938	-0.3356753592542294	0.24390153517404936	-0.11289943441428756	0.13658278274491523	-0.5843859071797217	0.29007648654089546	-0.20591372648490103	0.10817249102857733	-0.11811270605990105	0.24665363998331685	-0.18911504364860393	0.15415578782318048	-0.035145830629585297	0.03489481097807495	-0.03450818592635129	0.039670063817851126	-0.02713790260894299	0.02894676587608266	-0.027770454776049436	0.024906233213092658	-0.026733164947206175	0.02480515144557821
0.07607568931524417	-0.06898403321394624	0.13759592115731228	-0.10719052415752976	0.16381574952869918	-0.07547501819048197	0.08530913291207359	-0.11733146300714277	0.1388358156682724	-0.07041392072285678	0.08448594924632986	-0.09379685483638737	0.18198897779383955	-0.17529259942703498	0.06912652670997484	-0.05241303531014947	0.06668890191902707	-0.3356753592542294	0.9999999999999929	-0.8469988092406118	0.06217240067697736	-0.07163956302111105	0.19582320069006515	-0.2608826732961497	0.16201221752609818	-0.06316741595939038	0.0670074479044868	-0.1564056346134424	0.12668185363634313	-0.1204139404734002	0.02076953158914695	-0.02070753952236552	0.021537095702675552	-0.02567747278359485	0.017861281128431064	-0.01720034270039647	0.01652909329332257	-0.01561290268489441	0.017024217016075725	-0.01606189917827648
-0.09452318910124514	0.08403929247562172	-0.1733816315351342	0.13101654504513782	-0.21493327065629286	0.0901789399040297	-0.10327364065528599	0.13481619967249342	-0.15743527129316454	0.07877801952761737	-0.10242983818892468	0.10955579143163155	-0.21575543843169945	0.1618310829516809	-0.07991455153076692	0.06198003421586621	-0.07521743429634199	0.24390153517404936	-0.8469988092406118	0.9999999999999959	-0.07439440876291052	0.07953622077916166	-0.19800041080918468	0.2165736610494687	-0.20501468825205313	0.07297951843596855	-0.07857107619495887	0.16103854920742824	-0.1397871008300624	0.13206628983695973	-0.024424189808947647	0.024256539765820095	-0.02504350937463502	0.029589926098026804	-0.020586494681030017	0.02025965000206384	-0.019543128590418648	0.018089649186211594	-0.019811484843706175	0.018552125684482522
0.09866394887526013	-0.08812218902191511	0.102315602665288	-0.08339690433201291	0.10875407778742653	-0.14494176626997082	0.1211756205689266	-0.09007190588634308	0.0744064229459422	-0.039605941246320595	0.26927713383171353	-0.312225957012691	0.11437663066912239	-0.07700418118064355	0.03517186219502514	-0.8024938344120578	0.22404967534463435	-0.11289943441428756	0.06217240067697736	-0.07439440876291052	0.9999999999999957	-0.2914480551842255	0.09176823551160139	-0.09954995040480563	0.0669696980788848	-0.22984583895103808	0.17539891391871035	-0.10193937177019256	0.06553548818752397	-0.0593166409684443	0.048837540503481165	-0.046172048709054135	0.02471742798835488	-0.024444622039734496	0.01533843909098542	-0.03655625085933031	0.03281831972813795	-0.018640756436282286	0.01709473161881985	-0.01577210740898525
-0.10037834153827706	0.08348693486407227	-0.11223909599397604	0.08672165580017817	-0.12471233210599057	0.11727916194828125	-0.12098079913682093	0.09312558935408312	-0.07930456628269789	0.04058605924591315	-0.2398935016817479	0.2553930255899848	-0.12961547145747693	0.07857298891989455	-0.03688689855593915	0.21364126246217613	-0.8251923671564095	0.13658278274491523	-0.07163956302111105	0.07953622077916166	-0.2914480551842255	0.999999999999996	-0.14548898814221736	0.11702776295387832	-0.07935659667993866	0.1762583936733598	-0.2292732128553434	0.11592046232063917	-0.07770541543271563	0.06653197311416205	-0.0448871821462911	0.04418686219672421	-0.024891928933751677	0.024938476036134704	-0.015918968789657203	0.03412877347931429	-0.03131058151307675	0.018594389219671673	-0.017415413163604655	0.016026508174553346
0.09063367544840575	-0.08137829178424588	0.1551976233423794	-0.12059332822382883	0.18634604756816733	-0.09199607474436952	0.10162511465409682	-0.13184398126727812	0.11823802111422724	-0.06115027355345717	0.11317517268311098	-0.12834270596260544	0.21649709817034732	-0.12301644333581534	0.05688680115003832	-0.07667966907297716	0.11842602154452175	-0.5843859071797217	0.19582320069006515	-0.19800041080918468	0.09176823551160139	-0.14548898814221736	0.999999999999995	-0.5531635665882295	0.22404729235896362	-0.10043516616800306	0.10885647561409917	-0.42642065264828943	0.23524622615604424	-0.18730847431423378	0.03170103796817839	-0.03186069230434796	0.03387499261359289	-0.03974653181352054	0.02756543977068899	-0.025893597455469756	0.024828523169516406	-0.024529727756262668	0.02612037136686822	-0.024622883887414283
-0.11059817126086226	0.09710943820976371	-0.19549995476131368	0.14786890135916056	-0.2489423553103478	0.10586963225852454	-0.11939712938928872	0.14734096551728118	-0.14149765675881276	0.0725216606828756	-0.12884589544379982	0.1370455160230544	-0.24505113055232616	0.13967930395143666	-0.06870723842984963	0.08170271804385425	-0.10864983019005647	0.29007648654089546	-0.2608826732961497	0.2165736610494687	-0.09954995040480563	0.11702776295387832	-0.5531635665882295	0.9999999999999947	-0.44721244764040163	0.10545327427044522	-0.11684312810161854	0.30648708735337127	-0.3818132370458412	0.2604821981739901	-0.0358212971646473	0.03579174329789429	-0.04087089650101262	0.05053377055319824	-0.036155353011305444	0.02948801620025558	-0.02875252674289603	0.029282497336902972	-0.03317210539803356	0.03109191468137107
0.06958909282592239	-0.06193500710335529	0.11903751057171026	-0.09406408066540065	0.1503897879939361	-0.06899415279504927	0.07604751820093818	-0.09391118680234126	0.09085863470283699	-0.04892876947925291	0.0842351533211517	-0.09437901920229498	0.14635686429759495	-0.09488596718383528	0.04552860981913322	-0.05603230411711983	0.07081354258959857	-0.20591372648490103	0.16201221752609818	-0.20501468825205313	0.0669696980788848	-0.07935659667993866	0.22404729235896362	-0.44721244764040163	0.9999999999999948	-0.08928826888934142	0.09296624688877496	-0.3494852433255095	0.3072308614259318	-0.7120644532077275	0.030692891951301066	-0.031185000322770582	0.04043315572183279	-0.05647755924744683	0.044383144710314605	-0.025483456716434642	0.024915794257340487	-0.029871861470479582	0.034751104264508455	-0.03677532267798461
-0.0796260982204801	0.06740278505535104	-0.10209588340778462	0.08115614018980576	-0.12752449540831773	0.08868144255292891	-0.08990974531706517	0.0791615001525719	-0.07023290495183254	0.03757125001547799	-0.1583318432786099	0.15941529678323738	-0.1104335467230097	0.07002837613280997	-0.034215975987989554	0.15225819436227253	-0.16122394499435994	0.10817249102857733	-0.06316741595939038	0.07297951843596855	-0.22984583895103808	0.1762583936733598	-0.10043516616800306	0.10545327427044522	-0.08928826888934142	0.999999999999994	-0.864563222648515	0.13923987771418572	-0.09374741403897903	0.07421888091241856	-0.196135168195335	0.15077248401938548	-0.05991743815858546	0.04998687878123795	-0.030187691580770695	0.11081782794721501	-0.10392214712862612	0.04512731109809181	-0.03725072872133476	0.03335302257700407
0.07410311866784826	-0.06431654778499524	0.09599323049178553	-0.07749221176915573	0.11670246074583646	-0.08527563343182568	0.08509127648193539	-0.07710346670038515	0.06825531873266141	-0.03691313684665936	0.1427121092289975	-0.17373192910392632	0.10776047787373912	-0.0696709894794097	0.03339988750945742	-0.14856224338194574	0.1616092546636973	-0.11811270605990105	0.0670074479044868	-0.07857107619495887	0.17539891391871035	-0.2292732128553434	0.10885647561409917	-0.11684312810161854	0.09296624688877496	-0.864563222648515	0.9999999999999939	-0.1765133301655558	0.10099021475956019	-0.08212160362806539	0.15542682747491393	-0.16714597524889915	0.060289629917780974	-0.05260779050816747	0.03129985570553167	-0.11380207430649886	0.09835584031179373	-0.046733162993738475	0.03794738793128239	-0.03481252605098381
-0.10536568406275498	0.09197696980621738	-0.18299591200190307	0.1393957683321663	-0.23845956332647014	0.1009609495348624	-0.11292720607344593	0.13528298024871085	-0.12681211331079603	0.06605922161680954	-0.12655129359176323	0.13452181913403016	-0.22099173743840622	0.1238847227056904	-0.06198328608906319	0.08330832092870731	-0.10607699796727166	0.24665363998331685	-0.1564056346134424	0.16103854920742824	-0.10193937177019256	0.11592046232063917	-0.42642065264828943	0.30648708735337127	-0.3494852433255095	0.13923987771418572	-0.1765133301655558	0.9999999999999947	-0.624614725065196	0.27320661203988494	-0.04607405630909641	0.04660142485379689	-0.05766697111916228	0.06425500194034557	-0.04487351408270195	0.03720601995616546	-0.03642633171980865	0.04023836644285045	-0.04277063357831459	0.03911647098670719
0.06639627060289913	-0.0586776419926042	0.1136987999678658	-0.08860456812621954	0.14496537537233053	-0.0652803415762701	0.07218381919206675	-0.0879405298381836	0.0833127289761048	-0.04423442145375429	0.08103870970210485	-0.08945998485965999	0.1395167429463183	-0.0848558676300949	0.04121361313184986	-0.054451194540522344	0.06926464883351927	-0.18911504364860393	0.12668185363634313	-0.1397871008300624	0.06553548818752397	-0.07770541543271563	0.23524622615604424	-0.3818132370458412	0.3072308614259318	-0.09374741403897903	0.10099021475956019	-0.624614725065196	0.9999999999999946	-0.5612578855164778	0.032127674359393475	-0.03281171538695561	0.04575457551825831	-0.06567796089484794	0.046519220498883844	-0.02632501071077778	0.02599653210624261	-0.03281517903527272	0.038712295021481116	-0.03721040360508109
-0.06402699864527268	0.05621379375234817	-0.1112367717364428	0.08602689757489462	-0.14500974591199095	0.06160025572431898	-0.06870505172461468	0.08330040774193148	-0.0799864894255707	0.042284545485706364	-0.07561522735248831	0.08154819931861562	-0.13239376189018368	0.08001856387083081	-0.039656782528918445	0.04894155564131403	-0.06070800434945681	0.15415578782318048	-0.1204139404734002	0.13206628983695973	-0.0593166409684443	0.06653197311416205	-0.18730847431423378	0.2604821981739901	-0.7120644532077275	0.07421888091241856	-0.08212160362806539	0.27320661203988494	-0.5612578855164778	0.9999999999999951	-0.02723692726503591	0.027571924771739198	-0.03924015714679677	0.057688579848563216	-0.05072279607413983	0.02251855551029371	-0.02250508896416476	0.02861561115243448	-0.035559972370990046	0.03809615123972758
0.02308644758700076	-0.01982637211121861	0.0313144329842909	-0.025377425229687063	0.04013266992913835	-0.025232400552730794	0.025783487380776043	-0.02420859017193923	0.021798134550233488	-0.011919061724097952	0.04142713379746009	-0.045048988625450904	0.033954568188015566	-0.022064036659091756	0.010819260714479039	-0.03809320119917333	0.03949857391539665	-0.035145830629585297	0.02076953158914695	-0.024424189808947647	0.048837540503481165	-0.0448871821462911	0.03170103796817839	-0.0358212971646473	0.030692891951301066	-0.196135168195335	0.15542682747491393	-0.04607405630909641	0.032127674359393475	-0.02723692726503591	0.9999999999999956	-0.7670985005279565	0.138860752132646	-0.09800285650985685	0.05317332791098792	-0.4892347137939271	0.3046257692307535	-0.11436167220587792	0.07450536413295349	-0.06834294676709604
-0.022850446352178654	0.019588835610420845	-0.03126529556925979	0.025275289553132754	-0.04028304250669165	0.02474168630573749	-0.02543635132979517	0.024041188831930158	-0.021694422651576603	0.011844695894242354	-0.04047413811241039	0.04359734343056335	-0.0338688899324094	0.021899314334803657	-0.010768669769017499	0.03579092910159481	-0.039104626683569954	0.03489481097807495	-0.02070753952236552	0.024256539765820095	-0.046172048709054135	0.04418686219672421	-0.03186069230434796	0.03579174329789429	-0.031185000322770582	0.15077248401938548	-0.16714597524889915	0.04660142485379689	-0.03281171538695561	0.027571924771739198	-0.7670985005279565	0.9999999999999956	-0.20078827813642317	0.10330754334596091	-0.058219929686644016	0.3047794789187587	-0.4756681945355286	0.13108808901925864	-0.08607650049417093	0.07345008247082777
0.017957104274425754	-0.015627936735366606	0.027736719625169493	-0.022445176964073263	0.036874109491334274	-0.018321993734041142	0.019492063290877142	-0.020987416080974215	0.01949097555730875	-0.010727871534167781	0.025909068826242537	-0.02850258433114183	0.030803283842347505	-0.019819936776607018	0.009817598333423586	-0.01994652521205149	0.022183072813176663	-0.03450818592635129	0.021537095702675552	-0.02504350937463502	0.02471742798835488	-0.024891928933751677	0.03387499261359289	-0.04087089650101262	0.04043315572183279	-0.05991743815858546	0.060289629917780974	-0.05766697111916228	0.04575457551825831	-0.03924015714679677	0.138860752132646	-0.20078827813642317	0.9999999999999944	-0.42101740688655	0.2057022550552349	-0.1263864121896917	0.1438816274752849	-0.7491152858088117	0.30012160119943676	-0.28961118741682057
-0.02009787768419245	0.01749581636372296	-0.032077059882523046	0.025802751626697054	-0.0431688646016841	0.020042084560143357	-0.0216025547192847	0.023972538173621508	-0.02244569303830846	0.012310179710959428	-0.027241621167356966	0.029660052529814757	-0.035651537069423846	0.02270529632662363	-0.011318431889101107	0.01978976483213693	-0.022462165738758096	0.039670063817851126	-0.02567747278359485	0.029589926098026804	-0.024444622039734496	0.024938476036134704	-0.03974653181352054	0.05053377055319824	-0.05647755924744683	0.04998687878123795	-0.05260779050816747	0.06425500194034557	-0.06567796089484794	0.057688579848563216	-0.09800285650985685	0.10330754334596091	-0.42101740688655	0.9999999999999943	-0.647152770412108	0.07954205321543438	-0.10073478054037041	0.25644266873521604	-0.48304890444826454	0.3229210285416843
0.013055904388232549	-0.01140370896163402	0.021055430476529944	-0.01691218743809681	0.028126328537956994	-0.01300336858309085	0.014054477501806037	-0.01583404888021408	0.014873470559225	-0.008143711857380284	0.01738355261920323	-0.019049483469468546	0.02370621084115827	-0.015099299471960724	0.007494201965206202	-0.012486672940540552	0.014307903272201368	-0.02713790260894299	0.017861281128431064	-0.020586494681030017	0.01533843909098542	-0.015918968789657203	0.02756543977068899	-0.036155353011305444	0.044383144710314605	-0.030187691580770695	0.03129985570553167	-0.04487351408270195	0.046519220498883844	-0.05072279607413983	0.05317332791098792	-0.058219929686644016	0.2057022550552349	-0.647152770412108	0.9999999999999937	-0.04719402686841494	0.05688547516544404	-0.18204676449419804	0.2860450809749515	-0.666702296848309
-0.019100677997254	0.016369910141440482	-0.026399509864563426	0.02143982971958345	-0.034465209723904475	0.020480010785695092	-0.021135609698096202	0.020159630591099424	-0.018250370129049936	0.010022498100969312	-0.03309429105751943	0.03544152890257258	-0.02832143220664358	0.01843543989597969	-0.009106185746063375	0.02836989664298436	-0.030596377315443863	0.02894676587608266	-0.01720034270039647	0.02025965000206384	-0.03655625085933031	0.03412877347931429	-0.025893597455469756	0.02948801620025558	-0.025483456716434642	0.11081782794721501	-0.11380207430649886	0.03720601995616546	-0.02632501071077778	0.02251855551029371	-0.4892347137939271	0.3047794789187587	-0.1263864121896917	0.07954205321543438	-0.04719402686841494	0.9999999999999949	-0.798906752802965	0.10322988422595987	-0.07195235691825422	0.05776889782576579
0.017564551739116564	-0.015134540092267232	0.024481504800229655	-0.01996044717817295	0.031852277774941894	-0.01889289823355744	0.019464220415412667	-0.01881106976434713	0.017064393436733508	-0.00940693324518512	0.029998145326963394	-0.03299089470523472	0.02647458062932926	-0.017339962354282576	0.008535514883699125	-0.02607631560021196	0.02757333781004985	-0.027770454776049436	0.01652909329332257	-0.019543128590418648	0.03281831972813795	-0.03131058151307675	0.024828523169516406	-0.02875252674289603	0.024915794257340487	-0.10392214712862612	0.09835584031179373	-0.03642633171980865	0.02599653210624261	-0.02250508896416476	0.3046257692307535	-0.4756681945355286	0.1438816274752849	-0.10073478054037041	0.05688547516544404	-0.798906752802965	0.9999999999999938	-0.14013803463518235	0.08538621470430412	-0.07294062582603819
-0.013347533701596548	0.011586801992175665	-0.020551499683793696	0.016592515810397494	-0.02741200876908084	0.013599707829178763	-0.01447145338038457	0.015473326005399468	-0.014358831907126682	0.007887713990571836	-0.019399586829221167	0.02115824400730633	-0.022701835439915448	0.014542240866949895	-0.007225246104916177	0.014947776544914118	-0.016640883827853753	0.024906233213092658	-0.01561290268489441	0.018089649186211594	-0.018640756436282286	0.018594389219671673	-0.024529727756262668	0.029282497336902972	-0.029871861470479582	0.04512731109809181	-0.046733162993738475	0.04023836644285045	-0.03281517903527272	0.02861561115243448	-0.11436167220587792	0.13108808901925864	-0.7491152858088117	0.25644266873521604	-0.18204676449419804	0.10322988422595987	-0.14013803463518235	0.9999999999999936	-0.5273405296929845	0.2259117396720393
0.013471419844771546	-0.011745474718809306	0.021226064302887412	-0.01716683339124086	0.028384513169712557	-0.013580535732467144	0.0145494863492902	-0.016002444449251065	0.0149433607646706	-0.008229527234654479	0.01867335133052129	-0.02053251618175612	0.023623501880170542	-0.01520490934408663	0.0075435172591012695	-0.01386962588966408	0.015592441755876946	-0.026733164947206175	0.017024217016075725	-0.019811484843706175	0.01709473161881985	-0.017415413163604655	0.02612037136686822	-0.03317210539803356	0.034751104264508455	-0.03725072872133476	0.03794738793128239	-0.04277063357831459	0.038712295021481116	-0.035559972370990046	0.07450536413295349	-0.08607650049417093	0.30012160119943676	-0.48304890444826454	0.2860450809749515	-0.07195235691825422	0.08538621470430412	-0.5273405296929845	0.9999999999999933	-0.5782523532061781
-0.012653692920003493	0.011015339120581405	-0.020072688582057425	0.016164059292750884	-0.026942509838995418	0.012674820036539223	-0.013627734656833231	0.015037322011559877	-0.014065482205336485	0.007718988636035193	-0.01736315030655884	0.018938176146661868	-0.022305828658011083	0.014244081793431868	-0.007091638439742016	0.012754821470376373	-0.014413413076529233	0.02480515144557821	-0.01606189917827648	0.018552125684482522	-0.01577210740898525	0.016026508174553346	-0.024622883887414283	0.03109191468137107	-0.03677532267798461	0.03335302257700407	-0.03481252605098381	0.03911647098670719	-0.03721040360508109	0.03809615123972758	-0.06834294676709604	0.07345008247082777	-0.28961118741682057	0.3229210285416843	-0.666702296848309	0.05776889782576579	-0.07294062582603819	0.2259117396720393	-0.5782523532061781	0.9999999999999931
