1.0	-0.2539703403183168	0.20859454197303262	-0.13469301486697377	0.1663503592604143	-0.6328596573353825	0.2878475947601791	-0.2337707866088292	0.134072745509084	-0.15567493296995974	0.30039501356532944	-0.24682055355271637	0.1719759165061367	-0.18349302069122905	0.1509386876856167	-0.18372837384371732	0.22222272750817837	-0.20138464367825953	0.12548710182213707	-0.13720421706173758	0.16568132693657742	-0.15347144784244535	0.1370489844347985	-0.10824402411640549	0.09630981389203483	-0.14927673007291725	0.1407119627860624	-0.11946184771605949	0.10192151876207423	-0.10027492248039234	0.10062428780616335	-0.08143021589689454	0.10973657162914527	-0.06145828975152441	0.059378847856165574	-0.020354754464708247	0.0484494572430917	-0.052303352928250904	0.0685459322325975	-0.07715217519867931	0.02157266314325365	-0.011858358293122815	0.011476172477647258	-0.03654065953302785	0.03306209622119488
-0.2539703403183168	0.9999999999999996	-0.7947052196063026	0.13537905392804994	-0.16228895177747016	0.19775990512992345	-0.39973800398303083	0.21373226717989247	-0.1311013630303283	0.12742474279012678	-0.20493270255256854	0.19882704782685054	-0.1456273523043007	0.13861553610526517	-0.12617346040551924	0.11994152298842028	-0.18748402753147292	0.14613394589842324	-0.09287372717532878	0.0969944435427596	-0.11649542003840611	0.10392717477076337	-0.09821164617647993	0.07593334764853374	-0.06871036241698926	0.0964453728282332	-0.09574858954620341	0.0784752918777232	-0.06783179711314985	0.06514232646667588	-0.06661609321299675	0.05301084118432682	-0.07313386000342606	0.039986021681481354	-0.038295508317168284	0.01322676722298697	-0.031380740692743866	0.03355003780864373	-0.045000724709387034	0.048701928508030505	-0.014054642390110339	0.007525172120534746	-0.007292696219706384	0.022593189230626698	-0.02061994309736464
0.20859454197303262	-0.7947052196063026	0.9999999999999991	-0.18731110981140076	0.18334122550563894	-0.18305419536419787	0.2550631546583552	-0.3147023835033303	0.16184676049190008	-0.15957106912698013	0.19182347815602954	-0.19862819240196347	0.16772588633186963	-0.16799784243534727	0.14668117801482428	-0.12460781494556436	0.18000446050479066	-0.17104252329197253	0.10800080044749083	-0.11540582890166055	0.12094338349896439	-0.11940374378987319	0.11097636493018462	-0.0894397715540383	0.08008850849718488	-0.1074972873011047	0.10627412968571613	-0.08944148763426987	0.07765818824145075	-0.07567939218192248	0.07436418030205647	-0.059782318876263035	0.08221915338557494	-0.04544347247025776	0.04437573723103106	-0.014884639019908517	0.035467403525841	-0.038065964407742126	0.05093204060339072	-0.05671297352208812	0.01580236527139339	-0.008584064623303576	0.008314728257196886	-0.026263487854088535	0.023897968723080792
-0.13469301486697377	0.13537905392804994	-0.18731110981140076	0.9999999999999984	-0.6728985109780555	0.09880876707537439	-0.13359901313175077	0.25975050258720317	-0.5983582140252861	0.2691679146423042	-0.13282790364442235	0.11518762398900811	-0.15861040206940732	0.17112156916624452	-0.20577289735723542	0.08737653933479535	-0.13303013859310164	0.13547787404834782	-0.10515705888900552	0.11267777633019857	-0.09228692891716518	0.09195943958599534	-0.09151067853070254	0.08247794532414042	-0.07700297228676238	0.08096813427038185	-0.08523032329950489	0.07154570750402243	-0.06594250120493311	0.0633062541119152	-0.05969367480353364	0.04725480291432756	-0.06733955706235387	0.03699749521346246	-0.03694685262522601	0.011887822087403414	-0.028309199244605867	0.030040904894719632	-0.04196589020909337	0.045995648686905935	-0.012669343108339401	0.006797238071120289	-0.006596353651799749	0.020946999422244584	-0.01924478222246699
0.1663503592604143	-0.16228895177747016	0.18334122550563894	-0.6728985109780555	0.999999999999998	-0.12418059297781951	0.1601515951471168	-0.34524830192521583	0.31881595627660114	-0.40966637970702247	0.16603364795220574	-0.1477766864016988	0.19801292900558537	-0.2507093510777068	0.24139753734767005	-0.11399144387488529	0.16651671721595052	-0.18769412397063834	0.14280249897190317	-0.16266281153776668	0.11869199293718684	-0.12735851476628565	0.12216129947033486	-0.11740151922246315	0.10561736501605669	-0.10972972985058142	0.11323686113619062	-0.09803425494487775	0.09000956987922949	-0.08889589269431901	0.07981859831874799	-0.06405610276271721	0.09022499422976418	-0.05033755660368747	0.05160138724336565	-0.01602644637116788	0.03836864283439093	-0.0410076419320237	0.05660581354602135	-0.06508995757227222	0.017047167133470945	-0.009341002717934395	0.009055014379337943	-0.02953571997850693	0.02695628732551736
-0.6328596573353825	0.19775990512992345	-0.18305419536419787	0.09880876707537439	-0.12418059297781951	0.999999999999999	-0.48373327820963696	0.1764194983978308	-0.10169372545561679	0.11332469570654766	-0.48106514247386617	0.2524710334300341	-0.13945317966393195	0.13732602482492656	-0.11374921775310264	0.16915082732724515	-0.21334753700956674	0.1570076866674854	-0.09410499766898474	0.09971889725936675	-0.14964886457564242	0.11769159900675605	-0.10702671457770574	0.07935984828460148	-0.07073874058883121	0.11569459939769927	-0.1091598402123942	0.08825147119592332	-0.07393767032826468	0.07155616447493515	-0.07582286748418282	0.06056019681710688	-0.08158339860733543	0.04461084744438806	-0.042105448745242614	0.015002947230665422	-0.03551641177261512	0.03818638821171772	-0.049870718888790674	0.05418096735318017	-0.01590381116543497	0.008522375297300905	-0.0082505317570859	0.025292551138632303	-0.022975436754224164
0.2878475947601791	-0.39973800398303083	0.2550631546583552	-0.13359901313175077	0.1601515951471168	-0.48373327820963696	0.999999999999999	-0.2697996280654018	0.1383679403714883	-0.15090922766385267	0.297865568730911	-0.5212645752533763	0.19134698645716186	-0.18508739030852614	0.14855517929288534	-0.18114979832838757	0.26724679552362984	-0.21006214147381172	0.12096603270769646	-0.12788807172664535	0.15806230156707515	-0.14652432316978278	0.1333416974966084	-0.10118616992356251	0.08947252625032878	-0.13514424532521924	0.12859614964415278	-0.10640329674696648	0.08967255647964727	-0.08732817772196377	0.08898710496540033	-0.07175374253461575	0.09697538197293992	-0.05325459679840821	0.05112380466901761	-0.0176942506907888	0.04208042564554533	-0.04532851630696616	0.05941141682254004	-0.0656244727431536	0.018748643959081622	-0.010129836334543148	0.009805169906954608	-0.030369032237849383	0.027583690497257087
-0.2337707866088292	0.21373226717989247	-0.3147023835033303	0.25975050258720317	-0.34524830192521583	0.1764194983978308	-0.2697996280654018	0.9999999999999983	-0.4688325023888743	0.26909922473253606	-0.2376399396848833	0.21427478147540915	-0.45150675144743896	0.2751028407664664	-0.2937859827432482	0.15322483284129215	-0.2503447802281757	0.2484986090996004	-0.17405035760471366	0.16875090768185197	-0.16286219968303678	0.15704210354145431	-0.1671936036916331	0.12977152151670412	-0.12166880434211368	0.13639113521780638	-0.14682458148543168	0.11884969775221683	-0.1072082918496994	0.1003782655376438	-0.1001012704972277	0.07855314363643306	-0.11277303752235295	0.06069280754382762	-0.05870969793227706	0.019714637036654305	-0.04675694839958257	0.049402192639508555	-0.0691169729771998	0.07252995296088732	-0.021026467255519557	0.011063275749769983	-0.010742363214082961	0.033051437629839045	-0.030489715522830103
0.134072745509084	-0.1311013630303283	0.16184676049190008	-0.5983582140252861	0.31881595627660114	-0.10169372545561679	0.1383679403714883	-0.4688325023888743	0.999999999999998	-0.4905640790120918	0.13598086965728257	-0.1235802291798187	0.19229781229075577	-0.21538482673205422	0.24171120685751965	-0.09153283161878621	0.14047083391967663	-0.1554292642345406	0.11898581309916946	-0.1294367120261986	0.09619379171921633	-0.09994780833286329	0.10025341728305655	-0.09278442518279051	0.0856939905693502	-0.08530851527922774	0.09008520462962205	-0.07596454694922235	0.07015152981232393	-0.06779342594622267	0.062479753560028606	-0.04961436404316346	0.07078384574810866	-0.03884394243431782	0.03925248968411249	-0.012410457104068592	0.029603731669005064	-0.0314421027008989	0.04396423853952311	-0.048692302542002706	0.013219775401243477	-0.007100698301055629	0.006889849100093253	-0.021925595856806736	0.020143940680863993
-0.15567493296995974	0.12742474279012678	-0.15957106912698013	0.2691679146423042	-0.40966637970702247	0.11332469570654766	-0.15090922766385267	0.26909922473253606	-0.4905640790120918	0.9999999999999977	-0.15959387389803475	0.13670219444354922	-0.2133411290326065	0.25489342660170183	-0.6110888764583646	0.10646347864222629	-0.16528480828453088	0.17216570403262824	-0.15837805549507594	0.17232263136814047	-0.114791670884878	0.11491594908009334	-0.11817632312782357	0.11695350269508521	-0.11656540205348359	0.10017564471489633	-0.10800510510402372	0.09068787071334544	-0.08733277498090108	0.08330276073265105	-0.07545123547999577	0.05938197894891836	-0.08607275398209453	0.04713087609091636	-0.048197888856863894	0.014943595156672514	-0.03560008997662663	0.03758577286714681	-0.05373622887861267	0.05863829211234063	-0.015947772919325913	0.008494353256831054	-0.008250648178235573	0.026231241478085244	-0.024252047673372266
0.30039501356532944	-0.20493270255256854	0.19182347815602954	-0.13282790364442235	0.16603364795220574	-0.48106514247386617	0.297865568730911	-0.2376399396848833	0.13598086965728257	-0.15959387389803475	0.999999999999995	-0.4356571851863098	0.1961633499853435	-0.20133063811365562	0.15886037486958896	-0.3776171340352013	0.2934356808134379	-0.23784653105278414	0.13745550119261293	-0.14780834007943117	0.24065951432898772	-0.18550636208434665	0.1611572438926609	-0.11831611879792427	0.10434904141932992	-0.19240322467166376	0.16838753183680744	-0.13612268742109546	0.11130561821047542	-0.10872059270209333	0.11692707960000555	-0.09453355188477058	0.12380267695222993	-0.06788752866127375	0.06374206979529745	-0.023102960087417856	0.054699463483946775	-0.05925922799747231	0.07526137050935304	-0.08258944025652938	0.024406545285468817	-0.013122323788192124	0.012688218125332908	-0.03843279988576581	0.034787892472949
-0.24682055355271637	0.19882704782685054	-0.19862819240196347	0.11518762398900811	-0.1477766864016988	0.2524710334300341	-0.5212645752533763	0.21427478147540915	-0.1235802291798187	0.13670219444354922	-0.4356571851863098	0.9999999999999944	-0.24796349305901216	0.18545960198997968	-0.1464290944794184	0.21720605887019184	-0.577692456093331	0.2303935437365969	-0.12436407037573338	0.12411037577344824	-0.18853779016250855	0.15160839872248033	-0.14537039994687467	0.1000832211773177	-0.0888433811116118	0.13997734876342	-0.13512898050918024	0.10697313982656637	-0.08882740250958825	0.08482052930685992	-0.09098255385454326	0.07232806144748748	-0.09830657366891832	0.05279865901352534	-0.049501624238951145	0.017758032087540256	-0.042007165862313275	0.045022151149041525	-0.05909820528650286	0.06294047938016431	-0.01882969995986474	0.009943652788289854	-0.009630038151193236	0.028874943264355205	-0.026332949048473813
0.1719759165061367	-0.1456273523043007	0.16772588633186963	-0.15861040206940732	0.19801292900558537	-0.13945317966393195	0.19134698645716186	-0.45150675144743896	0.19229781229075577	-0.2133411290326065	0.1961633499853435	-0.24796349305901216	0.9999999999999953	-0.5646999950605878	0.24718474634516432	-0.1423299245296328	0.23923807706407987	-0.4971816654029669	0.19966993425884486	-0.1807191451593577	0.14560048211968757	-0.18329566473201964	0.19579029812009047	-0.14525111634976656	0.12440816557816504	-0.13063922087854996	0.14111165203074136	-0.11773830163140828	0.10165443836781538	-0.09698147733471583	0.09195343387892167	-0.07357250675847937	0.10508245444655488	-0.05616307618556415	0.05542625623998223	-0.017989975657731593	0.04298398071288809	-0.04573710649163089	0.06315049504170879	-0.06838351258565836	0.019128480808878155	-0.010143888850831752	0.00983832453632873	-0.030247461761822254	0.027817168642308394
-0.18349302069122905	0.13861553610526517	-0.16799784243534727	0.17112156916624452	-0.2507093510777068	0.13732602482492656	-0.18508739030852614	0.2751028407664664	-0.21538482673205422	0.25489342660170183	-0.20133063811365562	0.18545960198997968	-0.5646999950605878	0.9999999999999976	-0.5111569337106139	0.13762777489597527	-0.227815062281688	0.2681353495766086	-0.3180475058380247	0.22873346524432164	-0.1488954327818718	0.15706410351710487	-0.17584658827509456	0.1772712969434217	-0.16313228344714598	0.12924233850526198	-0.14326775046047174	0.118560504824361	-0.11416482117744126	0.10796747579066021	-0.0968434047401498	0.07616396727976465	-0.11148552217305945	0.06023383597774925	-0.06188737170150009	0.018996639698264584	-0.045297664248799864	0.04774108918724166	-0.06864521755743358	0.07425641999227343	-0.020271037481724177	0.010710896539140298	-0.010405869624979672	0.032707770508631884	-0.030332259532328883
0.1509386876856167	-0.12617346040551924	0.14668117801482428	-0.20577289735723542	0.24139753734767005	-0.11374921775310264	0.14855517929288534	-0.2937859827432482	0.24171120685751965	-0.6110888764583646	0.15886037486958896	-0.1464290944794184	0.24718474634516432	-0.5111569337106139	0.9999999999999958	-0.1122884820772917	0.1707043399590508	-0.21489489765049183	0.21468818480031146	-0.30007531826134576	0.11872496369189312	-0.13428600679427802	0.13486023090903604	-0.16438129301976845	0.1567432946942704	-0.10987249083632018	0.11724723295203869	-0.10269021196098273	0.10167224062863506	-0.10160007403318982	0.08166208136997975	-0.0652404371367451	0.09428386430999083	-0.05239018198331499	0.05702135358474865	-0.01619391130532428	0.03888367561944967	-0.04129009598907619	0.05916259655252381	-0.06913360540984331	0.017248507407402528	-0.009360079204781675	0.00908382436128322	-0.029827858787566424	0.027488747339824093
-0.18372837384371732	0.11994152298842028	-0.12460781494556436	0.08737653933479535	-0.11399144387488529	0.16915082732724515	-0.18114979832838757	0.15322483284129215	-0.09153283161878621	0.10646347864222629	-0.3776171340352013	0.21720605887019184	-0.1423299245296328	0.13762777489597527	-0.1122884820772917	0.9999999999999963	-0.3759937648337577	0.18818894947391476	-0.10417641855873293	0.10717843426313035	-0.7358967042107468	0.1780466141657086	-0.15840152580384678	0.08945034223158915	-0.07996801164407011	0.2218110027897734	-0.19753662699517222	0.12745068268576515	-0.09619511426133834	0.08869747280839184	-0.127133318194244	0.09402701280666477	-0.12276201696803214	0.061846490994079226	-0.05177782196581787	0.022887628415523196	-0.052354340284392314	0.05552009920383782	-0.0693138615593287	0.06618150493777844	-0.024256706280278005	0.011809993262761546	-0.011437397289661585	0.030357843759296496	-0.027705124598358603
0.22222272750817837	-0.18748402753147292	0.18000446050479066	-0.13303013859310164	0.16651671721595052	-0.21334753700956674	0.26724679552362984	-0.2503447802281757	0.14047083391967663	-0.16528480828453088	0.2934356808134379	-0.577692456093331	0.23923807706407987	-0.227815062281688	0.1707043399590508	-0.3759937648337577	0.9999999999999942	-0.39733246889739554	0.16027340358343015	-0.16398739719326216	0.243191883404445	-0.2261813672511363	0.20129802765475385	-0.13387157269115577	0.11513105745769543	-0.19689966649010865	0.17954573990431366	-0.14455400114060354	0.11568883606885585	-0.11208292657546282	0.1192622539695111	-0.09668565872732125	0.12811262498259246	-0.06893265399381969	0.0648032269851745	-0.02326097354300815	0.05525576530121624	-0.059765773186620116	0.07632185445366928	-0.08300359045153759	0.024572636989213602	-0.013083379922784275	0.012652712509992073	-0.037630350631869376	0.03417492792067797
-0.20138464367825953	0.14613394589842324	-0.17104252329197253	0.13547787404834782	-0.18769412397063834	0.1570076866674854	-0.21006214147381172	0.2484986090996004	-0.1554292642345406	0.17216570403262824	-0.23784653105278414	0.2303935437365969	-0.4971816654029669	0.2681353495766086	-0.21489489765049183	0.18818894947391476	-0.39733246889739554	0.9999999999999937	-0.275560417123364	0.19682486692091314	-0.20580541470560476	0.26494534681897436	-0.46111094577607503	0.17270551327253333	-0.14983832126365787	0.17647776748025637	-0.20984220428024933	0.16365004413324638	-0.1337792744809843	0.12094352627041004	-0.12554650086245256	0.09924076763059549	-0.14664612205227603	0.07457124107143383	-0.0695517571985507	0.02407484647197499	-0.05736399263955742	0.06056702962506916	-0.08420365608495076	0.08511339295488017	-0.025632379278344608	0.013237484130636874	-0.012849692159598448	0.0377380642075236	-0.034847638538725835
0.12548710182213707	-0.09287372717532878	0.10800080044749083	-0.10515705888900552	0.14280249897190317	-0.09410499766898474	0.12096603270769646	-0.17405035760471366	0.11898581309916946	-0.15837805549507594	0.13745550119261293	-0.12436407037573338	0.19966993425884486	-0.3180475058380247	0.21468818480031146	-0.10417641855873293	0.16027340358343015	-0.275560417123364	0.9999999999999943	-0.59732960716969	0.11261567591872076	-0.1458488351277661	0.15896088589036214	-0.5668374295436953	0.3095474834236592	-0.10962924721051481	0.12213834984043004	-0.11450149345220792	0.13276017745460733	-0.14017925865427405	0.08543839125707194	-0.06841403495924572	0.10311064022385029	-0.05835582840423328	0.07374391287277113	-0.01679171193114342	0.04076952447748875	-0.04302697650166622	0.06589135989787405	-0.08396903436568137	0.017908869533440702	-0.009829925513994175	0.009551763072864174	-0.03330868262175481	0.031032667898047962
-0.13720421706173758	0.0969944435427596	-0.11540582890166055	0.11267777633019857	-0.16266281153776668	0.09971889725936675	-0.12788807172664535	0.16875090768185197	-0.1294367120261986	0.17232263136814047	-0.14780834007943117	0.12411037577344824	-0.1807191451593577	0.22873346524432164	-0.30007531826134576	0.10717843426313035	-0.16398739719326216	0.19682486692091314	-0.59732960716969	0.9999999999999941	-0.11928308769912774	0.13371604822034297	-0.1470663631330959	0.3224002237399421	-0.5604669683648622	0.11446405001986355	-0.13015948089731816	0.1241523448820228	-0.16894390179160038	0.16722279909804527	-0.0964048219313253	0.07580044274758996	-0.1184494369057195	0.0676340238460944	-0.09088393684372348	0.018924801937118436	-0.04596310362489933	0.047924983868343804	-0.07791916897735963	0.09567076779119309	-0.02026447227101299	0.011038930996369179	-0.010751433345975238	0.038043056422656485	-0.03606697184627795
0.16568132693657742	-0.11649542003840611	0.12094338349896439	-0.09228692891716518	0.11869199293718684	-0.14964886457564242	0.15806230156707515	-0.16286219968303678	0.09619379171921633	-0.114791670884878	0.24065951432898772	-0.18853779016250855	0.14560048211968757	-0.1488954327818718	0.11872496369189312	-0.7358967042107468	0.243191883404445	-0.20580541470560476	0.11261567591872076	-0.11928308769912774	0.9999999999999907	-0.24289546885317842	0.17570230237988493	-0.09998110304191699	0.08831342636293964	-0.3873064159113015	0.2279617782002265	-0.15101868515555256	0.10844183636386223	-0.10230704514661969	0.14886177904998835	-0.11571905550032983	0.13740172119327673	-0.07046455291875024	0.05915979273938014	-0.02672185502168705	0.06126196524399785	-0.06642794718793771	0.0772618536527286	-0.0765948146152606	0.02796849519289131	-0.013873215103920384	0.013389886713650292	-0.03482284462892818	0.03157030554075207
-0.15347144784244535	0.10392717477076337	-0.11940374378987319	0.09195943958599534	-0.12735851476628565	0.11769159900675605	-0.14652432316978278	0.15704210354145431	-0.09994780833286329	0.11491594908009334	-0.18550636208434665	0.15160839872248033	-0.18329566473201964	0.15706410351710487	-0.13428600679427802	0.1780466141657086	-0.2261813672511363	0.26494534681897436	-0.1458488351277661	0.13371604822034297	-0.24289546885317842	0.999999999999991	-0.7213638013797637	0.12831308860741672	-0.11433600720016573	0.23353570319689468	-0.41404845380601696	0.20841772108767587	-0.14049186477902137	0.11979531945198328	-0.1488264812926833	0.11766572085555496	-0.17347895792663282	0.08192741976520047	-0.06835842149851111	0.027245443680070706	-0.06478659855776657	0.06856987412435303	-0.09120084530409099	0.08509714552222984	-0.028897221643775853	0.014432236776507179	-0.013991393891972051	0.03737166624476371	-0.03436719657966925
0.1370489844347985	-0.09821164617647993	0.11097636493018462	-0.09151067853070254	0.12216129947033486	-0.10702671457770574	0.1333416974966084	-0.1671936036916331	0.10025341728305655	-0.11817632312782357	0.1611572438926609	-0.14537039994687467	0.19579029812009047	-0.17584658827509456	0.13486023090903604	-0.15840152580384678	0.20129802765475385	-0.46111094577607503	0.15896088589036214	-0.1470663631330959	0.17570230237988493	-0.7213638013797637	0.9999999999999938	-0.15726407234046405	0.12232790590066947	-0.2035941043773242	0.2422648373718731	-0.23922944698773932	0.13586441471339003	-0.12194677946157977	0.12890122572196797	-0.10850571745015389	0.15877743043547196	-0.0769692846157081	0.06740143201147626	-0.024256530539756082	0.058983823050550645	-0.06347998795960018	0.08354975713104229	-0.0846598329773206	0.025613626562988823	-0.013371950044533834	0.01293806211798023	-0.0361187473686166	0.03300793562553929
-0.10824402411640549	0.07593334764853374	-0.0894397715540383	0.08247794532414042	-0.11740151922246315	0.07935984828460148	-0.10118616992356251	0.12977152151670412	-0.09278442518279051	0.11695350269508521	-0.11831611879792427	0.1000832211773177	-0.14525111634976656	0.1772712969434217	-0.16438129301976845	0.08945034223158915	-0.13387157269115577	0.17270551327253333	-0.5668374295436953	0.3224002237399421	-0.09998110304191699	0.12831308860741672	-0.15726407234046405	0.9999999999999922	-0.6808842049765761	0.10053298444080712	-0.11662370610396433	0.11552851966027461	-0.16849106246168336	0.16876108988286811	-0.08500530727179925	0.06742492310632887	-0.10685200716981288	0.061483681458427225	-0.08846807353298562	0.01660622289818622	-0.04064462843246597	0.04242382487802222	-0.07027963106028473	0.09071741098330884	-0.017766990445630376	0.009775921095609846	-0.009519847255779644	0.03458226330989004	-0.03280033767441767
0.09630981389203483	-0.06871036241698926	0.08008850849718488	-0.07700297228676238	0.10561736501605669	-0.07073874058883121	0.08947252625032878	-0.12166880434211368	0.0856939905693502	-0.11656540205348359	0.10434904141932992	-0.0888433811116118	0.12440816557816504	-0.16313228344714598	0.1567432946942704	-0.07996801164407011	0.11513105745769543	-0.14983832126365787	0.3095474834236592	-0.5604669683648622	0.08831342636293964	-0.11433600720016573	0.12232790590066947	-0.6808842049765761	0.9999999999999938	-0.09325724968381563	0.10568300247204862	-0.11451941971953439	0.1751020605165597	-0.255535073707429	0.08019408699027328	-0.0645077961761079	0.10243675074364335	-0.061545922996995794	0.10305292400186342	-0.015788444525041877	0.03902528968313079	-0.04091903368273587	0.06931953387709648	-0.10710261324599361	0.016875157691157546	-0.009610426529415	0.009352328962574371	-0.03701246437476197	0.03488826171116328
-0.14927673007291725	0.0964453728282332	-0.1074972873011047	0.08096813427038185	-0.10972972985058142	0.11569459939769927	-0.13514424532521924	0.13639113521780638	-0.08530851527922774	0.10017564471489633	-0.19240322467166376	0.13997734876342	-0.13063922087854996	0.12924233850526198	-0.10987249083632018	0.2218110027897734	-0.19689966649010865	0.17647776748025637	-0.10962924721051481	0.11446405001986355	-0.3873064159113015	0.23353570319689468	-0.2035941043773242	0.10053298444080712	-0.09325724968381563	0.9999999999999931	-0.6407156180375831	0.24004247344279378	-0.1548588072854219	0.1329272315621432	-0.38431065784533125	0.21504519427393864	-0.25060717569587365	0.11092837457020517	-0.07690715857286982	0.05040947946451907	-0.10714311047786435	0.11065735008563232	-0.1239522045778553	0.09830133244336496	-0.05315274247162981	0.02197713509868123	-0.0212704872355403	0.04455108013989259	-0.040801147295291815
0.1407119627860624	-0.09574858954620341	0.10627412968571613	-0.08523032329950489	0.11323686113619062	-0.1091598402123942	0.12859614964415278	-0.14682458148543168	0.09008520462962205	-0.10800510510402372	0.16838753183680744	-0.13512898050918024	0.14111165203074136	-0.14326775046047174	0.11724723295203869	-0.19753662699517222	0.17954573990431366	-0.20984220428024933	0.12213834984043004	-0.13015948089731816	0.2279617782002265	-0.41404845380601696	0.2422648373718731	-0.11662370610396433	0.10568300247204862	-0.6407156180375831	0.9999999999999939	-0.3821773814368684	0.176850909133316	-0.16178762197928245	0.22412997953859762	-0.19565113771642437	0.23098513853555133	-0.11163426274997384	0.08842639351515366	-0.03977115018048957	0.09559816690810743	-0.10619112491291435	0.11706700459563978	-0.11607287056691014	0.04124381415426302	-0.021117142835322317	0.020308725471631702	-0.049338759113346425	0.04449504515648044
-0.11946184771605949	0.0784752918777232	-0.08944148763426987	0.07154570750402243	-0.09803425494487775	0.08825147119592332	-0.10640329674696648	0.11884969775221683	-0.07596454694922235	0.09068787071334544	-0.13612268742109546	0.10697313982656637	-0.11773830163140828	0.118560504824361	-0.10269021196098273	0.12745068268576515	-0.14455400114060354	0.16365004413324638	-0.11450149345220792	0.1241523448820228	-0.15101868515555256	0.20841772108767587	-0.23922944698773932	0.11552851966027461	-0.11451941971953439	0.24004247344279378	-0.3821773814368684	0.999999999999996	-0.42132217080632434	0.2290658538059512	-0.2676014175272332	0.2270215009064104	-0.6051164643356123	0.18016406458658488	-0.12469472381011787	0.04635518533152294	-0.118748197873549	0.12073665628393937	-0.19489161894477466	0.15034701572304998	-0.04943362090010629	0.02443989393796988	-0.02379782975136379	0.061695197741455085	-0.05695532937761155
0.10192151876207423	-0.06783179711314985	0.07765818824145075	-0.06594250120493311	0.09000956987922949	-0.07393767032826468	0.08967255647964727	-0.1072082918496994	0.07015152981232393	-0.08733277498090108	0.11130561821047542	-0.08882740250958825	0.10165443836781538	-0.11416482117744126	0.10167224062863506	-0.09619511426133834	0.11568883606885585	-0.1337792744809843	0.13276017745460733	-0.16894390179160038	0.10844183636386223	-0.14049186477902137	0.13586441471339003	-0.16849106246168336	0.1751020605165597	-0.1548588072854219	0.176850909133316	-0.42132217080632434	0.9999999999999947	-0.6973316453072765	0.14883856438642856	-0.1328956297616318	0.22790115927857207	-0.1776642158924034	0.23611507867192186	-0.02971664537846666	0.07831076521571238	-0.08390847751735338	0.16220392399468164	-0.3079996315601632	0.03152614800364574	-0.020235683203388373	0.01962732929129712	-0.09416324933185403	0.08375816876439426
-0.10027492248039234	0.06514232646667588	-0.07567939218192248	0.0633062541119152	-0.08889589269431901	0.07155616447493515	-0.08732817772196377	0.1003782655376438	-0.06779342594622267	0.08330276073265105	-0.10872059270209333	0.08482052930685992	-0.09698147733471583	0.10796747579066021	-0.10160007403318982	0.08869747280839184	-0.11208292657546282	0.12094352627041004	-0.14017925865427405	0.16722279909804527	-0.10230704514661969	0.11979531945198328	-0.12194677946157977	0.16876108988286811	-0.255535073707429	0.1329272315621432	-0.16178762197928245	0.2290658538059512	-0.6973316453072765	0.9999999999999951	-0.14663490185930877	0.11708190953026583	-0.2138156184636809	0.13724846227206092	-0.4243953362961104	0.02846885706052774	-0.07286732902363495	0.07466788986677103	-0.15705427222491883	0.27227927492685294	-0.030616047576919242	0.018252632763067746	-0.017838714191837867	0.08280533863985721	-0.08150783228359423
0.10062428780616335	-0.06661609321299675	0.07436418030205647	-0.05969367480353364	0.07981859831874799	-0.07582286748418282	0.08898710496540033	-0.1001012704972277	0.062479753560028606	-0.07545123547999577	0.11692707960000555	-0.09098255385454326	0.09195343387892167	-0.0968434047401498	0.08166208136997975	-0.127133318194244	0.1192622539695111	-0.12554650086245256	0.08543839125707194	-0.0964048219313253	0.14886177904998835	-0.1488264812926833	0.12890122572196797	-0.08500530727179925	0.08019408699027328	-0.38431065784533125	0.22412997953859762	-0.2676014175272332	0.14883856438642856	-0.14663490185930877	0.9999999999999957	-0.7256892495743853	0.27458503528965184	-0.134896452887716	0.08214033912758656	-0.10551835722969286	0.19256721398025006	-0.22251836152099014	0.13126587966804204	-0.11179001077637037	0.09579933108543849	-0.037552035802396064	0.03551359600638036	-0.05027737787451555	0.044717906503911845
-0.08143021589689454	0.05301084118432682	-0.059782318876263035	0.04725480291432756	-0.06405610276271721	0.06056019681710688	-0.07175374253461575	0.07855314363643306	-0.04961436404316346	0.05938197894891836	-0.09453355188477058	0.07232806144748748	-0.07357250675847937	0.07616396727976465	-0.0652404371367451	0.09402701280666477	-0.09668565872732125	0.09924076763059549	-0.06841403495924572	0.07580044274758996	-0.11571905550032983	0.11766572085555496	-0.10850571745015389	0.06742492310632887	-0.0645077961761079	0.21504519427393864	-0.19565113771642437	0.2270215009064104	-0.1328956297616318	0.11708190953026583	-0.7256892495743853	0.9999999999999962	-0.4551933733765326	0.13743071005350022	-0.0673704572054167	0.08048330655541382	-0.2858901467056986	0.21473780754775657	-0.14280674415148834	0.08841746160918813	-0.08357098683927949	0.03673253801526558	-0.035417837836435456	0.04136105836233228	-0.037538307556888036
0.10973657162914527	-0.07313386000342606	0.08221915338557494	-0.06733955706235387	0.09022499422976418	-0.08158339860733543	0.09697538197293992	-0.11277303752235295	0.07078384574810866	-0.08607275398209453	0.12380267695222993	-0.09830657366891832	0.10508245444655488	-0.11148552217305945	0.09428386430999083	-0.12276201696803214	0.12811262498259246	-0.14664612205227603	0.10311064022385029	-0.1184494369057195	0.13740172119327673	-0.17347895792663282	0.15877743043547196	-0.10685200716981288	0.10243675074364335	-0.25060717569587365	0.23098513853555133	-0.6051164643356123	0.22790115927857207	-0.2138156184636809	0.27458503528965184	-0.4551933733765326	0.999999999999998	-0.2968349659636074	0.11529854829300441	-0.05273771190287649	0.15668614957767568	-0.17671307455882304	0.21924348389377843	-0.15529725524720392	0.0541773995877557	-0.031490762366176275	0.030246910819184732	-0.06625217267223812	0.05898728116625894
-0.06145828975152441	0.039986021681481354	-0.04544347247025776	0.03699749521346246	-0.05033755660368747	0.04461084744438806	-0.05325459679840821	0.06069280754382762	-0.03884394243431782	0.04713087609091636	-0.06788752866127375	0.05279865901352534	-0.05616307618556415	0.06023383597774925	-0.05239018198331499	0.061846490994079226	-0.06893265399381969	0.07457124107143383	-0.05835582840423328	0.0676340238460944	-0.07046455291875024	0.08192741976520047	-0.0769692846157081	0.061483681458427225	-0.061545922996995794	0.11092837457020517	-0.11163426274997384	0.18016406458658488	-0.1776642158924034	0.13724846227206092	-0.134896452887716	0.13743071005350022	-0.2968349659636074	0.9999999999999988	-0.0981448839504292	0.031866608178864206	-0.12095998063464114	0.12724431539868034	-0.890807740503924	0.11782349939188222	-0.03396366204522916	0.023581511070765282	-0.023488465319316726	0.06493347210020227	-0.06121602609254582
0.059378847856165574	-0.038295508317168284	0.04437573723103106	-0.03694685262522601	0.05160138724336565	-0.042105448745242614	0.05112380466901761	-0.05870969793227706	0.03925248968411249	-0.048197888856863894	0.06374206979529745	-0.049501624238951145	0.05542625623998223	-0.06188737170150009	0.05702135358474865	-0.05177782196581787	0.0648032269851745	-0.0695517571985507	0.07374391287277113	-0.09088393684372348	0.05915979273938014	-0.06835842149851111	0.06740143201147626	-0.08846807353298562	0.10305292400186342	-0.07690715857286982	0.08842639351515366	-0.12469472381011787	0.23611507867192186	-0.4243953362961104	0.08214033912758656	-0.0673704572054167	0.11529854829300441	-0.0981448839504292	0.9999999999999973	-0.016768273346556825	0.04422544595469355	-0.046256896640987415	0.1053788094614384	-0.8330342980418228	0.017980993773284704	-0.015257950236670158	0.014825262562874841	-0.1228341447548308	0.1141558071155784
-0.020354754464708247	0.01322676722298697	-0.014884639019908517	0.011887822087403414	-0.01602644637116788	0.015002947230665422	-0.0176942506907888	0.019714637036654305	-0.012410457104068592	0.014943595156672514	-0.023102960087417856	0.017758032087540256	-0.017989975657731593	0.018996639698264584	-0.01619391130532428	0.022887628415523196	-0.02326097354300815	0.02407484647197499	-0.01679171193114342	0.018924801937118436	-0.02672185502168705	0.027245443680070706	-0.024256530539756082	0.01660622289818622	-0.015788444525041877	0.05040947946451907	-0.03977115018048957	0.04635518533152294	-0.02971664537846666	0.02846885706052774	-0.10551835722969286	0.08048330655541382	-0.05273771190287649	0.031866608178864206	-0.016768273346556825	0.9999999999999968	-0.11102974458057063	0.10048519118609865	-0.033133850657512204	0.022516607160571255	-0.980396030195867	0.026462423192775163	-0.025676091423321213	0.012135674444466794	-0.011023008954478069
0.0484494572430917	-0.031380740692743866	0.035467403525841	-0.028309199244605867	0.03836864283439093	-0.03551641177261512	0.04208042564554533	-0.04675694839958257	0.029603731669005064	-0.03560008997662663	0.054699463483946775	-0.042007165862313275	0.04298398071288809	-0.045297664248799864	0.03888367561944967	-0.052354340284392314	0.05525576530121624	-0.05736399263955742	0.04076952447748875	-0.04596310362489933	0.06126196524399785	-0.06478659855776657	0.058983823050550645	-0.04064462843246597	0.03902528968313079	-0.10714311047786435	0.09559816690810743	-0.118748197873549	0.07831076521571238	-0.07286732902363495	0.19256721398025006	-0.2858901467056986	0.15668614957767568	-0.12095998063464114	0.04422544595469355	-0.11102974458057063	0.9999999999999957	-0.8959352513935341	0.12599654643774427	-0.05871690099416805	0.10170228775308143	-0.1012263907099039	0.09211421953992575	-0.034344633082800786	0.031295528164786604
-0.052303352928250904	0.03355003780864373	-0.038065964407742126	0.030040904894719632	-0.0410076419320237	0.03818638821171772	-0.04532851630696616	0.049402192639508555	-0.0314421027008989	0.03758577286714681	-0.05925922799747231	0.045022151149041525	-0.04573710649163089	0.04774108918724166	-0.04129009598907619	0.05552009920383782	-0.059765773186620116	0.06056702962506916	-0.04302697650166622	0.047924983868343804	-0.06642794718793771	0.06856987412435303	-0.06347998795960018	0.04242382487802222	-0.04091903368273587	0.11065735008563232	-0.10619112491291435	0.12073665628393937	-0.08390847751735338	0.07466788986677103	-0.22251836152099014	0.21473780754775657	-0.17671307455882304	0.12724431539868034	-0.046256896640987415	0.10048519118609865	-0.8959352513935341	0.9999999999999942	-0.16183778678245384	0.0602089023707284	-0.11042473633345631	0.0973505485992921	-0.1075122283357344	0.03622025242569213	-0.03363347398836136
0.0685459322325975	-0.045000724709387034	0.05093204060339072	-0.04196589020909337	0.05660581354602135	-0.049870718888790674	0.05941141682254004	-0.0691169729771998	0.04396423853952311	-0.05373622887861267	0.07526137050935304	-0.05909820528650286	0.06315049504170879	-0.06864521755743358	0.05916259655252381	-0.0693138615593287	0.07632185445366928	-0.08420365608495076	0.06589135989787405	-0.07791916897735963	0.0772618536527286	-0.09120084530409099	0.08354975713104229	-0.07027963106028473	0.06931953387709648	-0.1239522045778553	0.11706700459563978	-0.19489161894477466	0.16220392399468164	-0.15705427222491883	0.13126587966804204	-0.14280674415148834	0.21924348389377843	-0.890807740503924	0.1053788094614384	-0.033133850657512204	0.12599654643774427	-0.16183778678245384	0.9999999999999947	-0.14345288656935015	0.03484492946807929	-0.026904779376359454	0.026479979011961988	-0.08039047854359921	0.06987870989324331
-0.07715217519867931	0.048701928508030505	-0.05671297352208812	0.045995648686905935	-0.06508995757227222	0.05418096735318017	-0.0656244727431536	0.07252995296088732	-0.048692302542002706	0.05863829211234063	-0.08258944025652938	0.06294047938016431	-0.06838351258565836	0.07425641999227343	-0.06913360540984331	0.06618150493777844	-0.08300359045153759	0.08511339295488017	-0.08396903436568137	0.09567076779119309	-0.0765948146152606	0.08509714552222984	-0.0846598329773206	0.09071741098330884	-0.10710261324599361	0.09830133244336496	-0.11607287056691014	0.15034701572304998	-0.3079996315601632	0.27227927492685294	-0.11179001077637037	0.08841746160918813	-0.15529725524720392	0.11782349939188222	-0.8330342980418228	0.022516607160571255	-0.05871690099416805	0.0602089023707284	-0.14345288656935015	0.9999999999999946	-0.024276129501122595	0.018926141622979103	-0.01850284319601157	0.14120453014998613	-0.16988629299772168
0.02157266314325365	-0.014054642390110339	0.01580236527139339	-0.012669343108339401	0.017047167133470945	-0.01590381116543497	0.018748643959081622	-0.021026467255519557	0.013219775401243477	-0.015947772919325913	0.024406545285468817	-0.01882969995986474	0.019128480808878155	-0.020271037481724177	0.017248507407402528	-0.024256706280278005	0.024572636989213602	-0.025632379278344608	0.017908869533440702	-0.02026447227101299	0.02796849519289131	-0.028897221643775853	0.025613626562988823	-0.017766990445630376	0.016875157691157546	-0.05315274247162981	0.04124381415426302	-0.04943362090010629	0.03152614800364574	-0.030616047576919242	0.09579933108543849	-0.08357098683927949	0.0541773995877557	-0.03396366204522916	0.017980993773284704	-0.980396030195867	0.10170228775308143	-0.11042473633345631	0.03484492946807929	-0.024276129501122595	0.9999999999999942	-0.028312498944651706	0.026624818946301927	-0.013008522007419802	0.011758936265313439
-0.011858358293122815	0.007525172120534746	-0.008584064623303576	0.006797238071120289	-0.009341002717934395	0.008522375297300905	-0.010129836334543148	0.011063275749769983	-0.007100698301055629	0.008494353256831054	-0.013122323788192124	0.009943652788289854	-0.010143888850831752	0.010710896539140298	-0.009360079204781675	0.011809993262761546	-0.013083379922784275	0.013237484130636874	-0.009829925513994175	0.011038930996369179	-0.013873215103920384	0.014432236776507179	-0.013371950044533834	0.009775921095609846	-0.009610426529415	0.02197713509868123	-0.021117142835322317	0.02443989393796988	-0.020235683203388373	0.018252632763067746	-0.037552035802396064	0.03673253801526558	-0.031490762366176275	0.023581511070765282	-0.015257950236670158	0.026462423192775163	-0.1012263907099039	0.0973505485992921	-0.026904779376359454	0.018926141622979103	-0.028312498944651706	0.999999999999994	-0.9863745065003601	0.0504985274407689	-0.05053932806634963
0.011476172477647258	-0.007292696219706384	0.008314728257196886	-0.006596353651799749	0.009055014379337943	-0.0082505317570859	0.009805169906954608	-0.010742363214082961	0.006889849100093253	-0.008250648178235573	0.012688218125332908	-0.009630038151193236	0.00983832453632873	-0.010405869624979672	0.00908382436128322	-0.011437397289661585	0.012652712509992073	-0.012849692159598448	0.009551763072864174	-0.010751433345975238	0.013389886713650292	-0.013991393891972051	0.01293806211798023	-0.009519847255779644	0.009352328962574371	-0.0212704872355403	0.020308725471631702	-0.02379782975136379	0.01962732929129712	-0.017838714191837867	0.03551359600638036	-0.035417837836435456	0.030246910819184732	-0.023488465319316726	0.014825262562874841	-0.025676091423321213	0.09211421953992575	-0.1075122283357344	0.026479979011961988	-0.01850284319601157	0.026624818946301927	-0.9863745065003601	0.9999999999999936	-0.05339114569818382	0.048631526870741695
