1.0	-0.5197812050513022	0.24896766972428874	-0.18096103105115025	0.14565987725167553	-0.6390412366934509	0.2889579933174997	-0.1995839155132293	0.17658624707017237	-0.14042870579803693	0.283008726476306	-0.23809864300290567	0.19950531292944085	-0.2535838577133827	0.19076611214414074	-0.1804681422510941	0.1547602908898329	-0.15417262951738173	0.1360998271041159	-0.10564873887612543	0.13413009248518415	-0.1375199036759774	0.09440396819937631	-0.08541037132455888	0.08245788018637609	-0.10628084008142018	0.10002446196225026	-0.09808379688173971	0.07769866778610433	-0.06806998672184346	0.07166567366366823	-0.12193376662649606	0.08305242478376668	-0.08166283186460437	0.05672337729535373	-0.0719310902657971	0.08978526837910465	-0.08650332410479575	0.06110006781410467	-0.07432475308720547	0.10679469381896879	-0.06845833662718426	0.09724639541826703	-0.07454375728027138	0.08556028335535044
-0.5197812050513022	0.9999999999999998	-0.4773866583018545	0.20344465707475282	-0.1531332557996518	0.28507473973937814	-0.5493557456610115	0.21597319640596632	-0.19961632310727428	0.13621076446874394	-0.2521505516318631	0.24651514448682596	-0.21725225419888566	0.2068402430425321	-0.16842707189236536	0.151524910510758	-0.14355719083660998	0.13004136298915642	-0.11756385213244687	0.0834988496149124	-0.11134344042191655	0.11212838612842967	-0.07710247567020055	0.06882300067063032	-0.06637829149284362	0.08486024751126801	-0.08150064914943962	0.07713783121432473	-0.0616739364997296	0.053398492349575846	-0.057378603250714456	0.09572812519910087	-0.06558596814792224	0.06402941163955646	-0.044715801302461146	0.05705989114560711	-0.07151849389454135	0.06787193090008299	-0.04788371151848254	0.05790464339135251	-0.08550355459277834	0.05431666033729012	-0.07708404570626688	0.05824043783509792	-0.06741571925348692
0.24896766972428874	-0.4773866583018545	0.9999999999999999	-0.5182879883553075	0.2272277121665669	-0.24124380660384734	0.25728862002040587	-0.40482499484762086	0.29784693903675835	-0.2211998948323691	0.2238016763656112	-0.23225715114067916	0.2475585892245808	-0.2753901258730508	0.2122323792202721	-0.1655153479573493	0.14681960069805297	-0.15758255758216155	0.13973660694394263	-0.10186852460491638	0.12497659914240096	-0.12840898239365833	0.09143278304849187	-0.0826401594657221	0.07967363682252306	-0.09863760889368439	0.09347943699062507	-0.09281761391050004	0.07385415099107322	-0.0643823924481198	0.06689406233369172	-0.1136279180994729	0.07819858763952883	-0.07702929590877003	0.0536886932999099	-0.06704598904144853	0.08449834446929404	-0.08130571651452842	0.05753866391154595	-0.06989695809049007	0.10031119877371455	-0.0643077744561034	0.09165604845992897	-0.07013993357649088	0.08073037084853454
-0.18096103105115025	0.20344465707475282	-0.5182879883553075	0.9999999999999996	-0.45080996338110313	0.15805877932057064	-0.18212577304703662	0.26631101823818737	-0.5827074530383423	0.2625498188756749	-0.17203338358458886	0.15895469985211041	-0.20463563440029997	0.20613102664438915	-0.21183055999859637	0.11830461742074867	-0.10784153947892013	0.11614485578822326	-0.10706056709159288	0.07669880082043326	-0.09373293982708453	0.09401354078121327	-0.06885337831752159	0.06190671052990259	-0.06042299581279717	0.07313280565676974	-0.0694415549012939	0.06930815816096215	-0.055418396294445914	0.04819679360083673	-0.05011177645953276	0.08416812700609892	-0.05852560449244664	0.05760988745443119	-0.040278082135886656	0.050106105838018354	-0.0639394255076264	0.060941049518375694	-0.04318804448895409	0.052408023287893755	-0.07595586207273554	0.04851444972552302	-0.06921961607169361	0.052741249311161	-0.061055472121600854
0.14565987725167553	-0.1531332557996518	0.2272277121665669	-0.45080996338110313	0.9999999999999997	-0.14278777439188553	0.14087491444620123	-0.19463871720480258	0.26453997797758705	-0.7261467793376205	0.1565052163340669	-0.13694270900140343	0.1601225296126836	-0.21595038793314658	0.27138932724182535	-0.11715873259043542	0.10293741819291292	-0.1169778872338606	0.1065522080801871	-0.08626833879448405	0.09839980323653118	-0.09942527963220414	0.07363128986512453	-0.06709020175673515	0.06635889658439813	-0.0795121173449241	0.0743453969184024	-0.07752481999477925	0.06146033225757796	-0.05426204614368069	0.0549423784656019	-0.0936526790931169	0.06532866466861192	-0.06486543302295103	0.0451276344468156	-0.05543313069593275	0.07146680464625135	-0.06878484953421024	0.048921492963267754	-0.05983175746614957	0.08434988384632397	-0.0543163008021843	0.07768466660694873	-0.060211117017842236	0.06933630522210538
-0.6390412366934509	0.28507473973937814	-0.24124380660384734	0.15805877932057064	-0.14278777439188553	0.9999999999999994	-0.38576885392754695	0.1862971596227856	-0.17653162011110748	0.1293237605599345	-0.514196165248429	0.25528699396576926	-0.21368543778394208	0.2215804442136668	-0.18979640455527422	0.1812111503999974	-0.16551497539193286	0.1449072918722282	-0.13231223142145143	0.0970913284327044	-0.1362599320363568	0.13245514408697667	-0.09003342638231182	0.0800627592542054	-0.07776447684601712	0.10196796723497677	-0.09746843777469569	0.09096868805777131	-0.07282959874451063	0.06306052092079902	-0.06933964136001845	0.11382932152039706	-0.0780099027106464	0.07579551011747074	-0.05294314119047889	0.06873059493266159	-0.08645767063547144	0.0809061105246199	-0.05699390783394882	0.06882677462346766	-0.10387879373101391	0.06550426111412226	-0.09262777447239745	0.06946182410388729	-0.08086065024761643
0.2889579933174997	-0.5493557456610115	0.25728862002040587	-0.18212577304703662	0.14087491444620123	-0.38576885392754695	0.9999999999999999	-0.2571039701680151	0.18797750339459982	-0.13529768196304554	0.2852524482469036	-0.5368379791110176	0.2525834852809695	-0.2471657885955998	0.17550484165756033	-0.20696750794093513	0.1913038436068574	-0.16182618055221648	0.1402245449846241	-0.09763407621049076	0.1334270861460776	-0.14083181320301608	0.09130362609533683	-0.08155951151170557	0.07745234945264609	-0.10175988697126136	0.09846352220866295	-0.09052665318438338	0.07222895803913107	-0.06235930435257708	0.06766395491048989	-0.11379058545134622	0.07689691465481517	-0.07484420186696893	0.0521937447148266	-0.06720934268581108	0.08281090924515758	-0.07909742009370697	0.05564845510249865	-0.06717960427017171	0.09914834797203664	-0.06304819366671192	0.08930742220158554	-0.06738978166990928	0.07771592118312877
-0.1995839155132293	0.21597319640596632	-0.40482499484762086	0.26631101823818737	-0.19463871720480258	0.1862971596227856	-0.2571039701680151	0.999999999999999	-0.5295600167497986	0.1813282961855147	-0.2244655528309493	0.24044662205735734	-0.576504575079104	0.25866618441811706	-0.1995282597252816	0.150366025860581	-0.14568194875059493	0.1541259337461996	-0.14342526141368553	0.08910515345949326	-0.1133986082406266	0.11369870819719295	-0.08399991808132266	0.07447937926195182	-0.07160189841158257	0.0860523530853296	-0.08312694699973484	0.08045018739167534	-0.06487704255395137	0.055618083504413794	-0.05863011474293753	0.09745124454745555	-0.06785836883507819	0.06640448160460127	-0.04665863236365259	0.058193898280528414	-0.07385858960334263	0.06995834041561966	-0.049485779932061554	0.059658875005199216	-0.08806586157938824	0.05595095441428521	-0.07980887149929272	0.060029842913854575	-0.06979705618571576
0.17658624707017237	-0.19961632310727428	0.29784693903675835	-0.5827074530383423	0.26453997797758705	-0.17653162011110748	0.18797750339459982	-0.5295600167497986	1.0	-0.32116063497397207	0.19122866925519744	-0.19414009788957962	0.2552613225077598	-0.2885226834516291	0.22187085214087157	-0.14389919878081217	0.12925160715423004	-0.14912090260626867	0.1346841979400847	-0.09308231143747428	0.11121943115333352	-0.11334168998634056	0.0837292738344359	-0.07564140105174455	0.07299652654583481	-0.0874070942321129	0.08303724180538094	-0.08350988699063855	0.06673398235533233	-0.057935617615416296	0.05963420600799494	-0.10087838991803408	0.0701123996485198	-0.06915858291186797	0.04835832115362836	-0.05969141472525514	0.07589861019147907	-0.07282611707682246	0.05162004178013139	-0.06262098860420438	0.08999958639500916	-0.05765867660865431	0.08238721707640258	-0.06288750370608423	0.07261061522040352
-0.14042870579803693	0.13621076446874394	-0.2211998948323691	0.2625498188756749	-0.7261467793376205	0.1293237605599345	-0.13529768196304554	0.1813282961855147	-0.32116063497397207	1.0000000000000002	-0.15010910668796107	0.12715237657722492	-0.15905132162139787	0.19639859293794462	-0.4669349364664128	0.10618276209795309	-0.09520733429719416	0.10652508012488844	-0.09943829199968136	0.07851470182334386	-0.08985591097968078	0.08951272334888769	-0.06721585360242247	0.060857065924354733	-0.06099839455392415	0.07149141143840033	-0.06717994696604952	0.06949060992476544	-0.05542644772928361	0.04866313020719788	-0.04956610165028941	0.08362853415347826	-0.05866330073195296	0.05809428046497172	-0.040585571790935526	0.04981797273570119	-0.06451340979079037	0.0616070885605776	-0.043815382040189386	0.053425456694838405	-0.07628822953414778	0.04892363679621648	-0.06999798147344033	0.05384664120152553	-0.06231126689455008
0.283008726476306	-0.2521505516318631	0.2238016763656112	-0.17203338358458886	0.1565052163340669	-0.514196165248429	0.2852524482469036	-0.2244655528309493	0.19122866925519744	-0.15010910668796107	0.9999999999999986	-0.4565404606663639	0.2580150260932253	-0.3353268694614315	0.226969767804977	-0.3297896076864854	0.2445559663099344	-0.21863596433187504	0.18683985654332966	-0.1417988755534644	0.19174465835219137	-0.2015501928419022	0.12916740179005962	-0.11663210619863203	0.11080069569007175	-0.1504439140938819	0.14183956873768436	-0.132878343540143	0.10505420227080706	-0.09164261232905424	0.09885697248023664	-0.1688547954297446	0.11272182365655081	-0.11018300153619219	0.07638526698939739	-0.09904068992052027	0.12014022008072178	-0.11644828850530949	0.08186017849264082	-0.09929415619404842	0.14350870003853952	-0.09194190192599719	0.12999233547570738	-0.09925875067042186	0.11338639285886536
-0.23809864300290567	0.24651514448682596	-0.23225715114067916	0.15895469985211041	-0.13694270900140343	0.25528699396576926	-0.5368379791110176	0.24044662205735734	-0.19414009788957962	0.12715237657722492	-0.4565404606663639	0.999999999999998	-0.4588205857557367	0.2530468788218947	-0.17955416572286997	0.2453112241953853	-0.3400383067603325	0.1852552091721745	-0.1651449935619224	0.10236363510698014	-0.15410751565305425	0.1597486771128348	-0.10096070506084948	0.08816067907830731	-0.08312519930027094	0.11084690145406688	-0.11201733711505188	0.09545118852783098	-0.07692107646387583	0.06546882699446371	-0.07353334624864111	0.12082198659116604	-0.08172965858467995	0.07864029620074282	-0.0551121574923643	0.07207462303276022	-0.08843683172709275	0.08319538885859415	-0.058379254002223095	0.06997583199016497	-0.10667605151859474	0.06712017321550653	-0.09479096923459446	0.0703539181303832	-0.08170922514466318
0.19950531292944085	-0.21725225419888566	0.2475585892245808	-0.20463563440029997	0.1601225296126836	-0.21368543778394208	0.2525834852809695	-0.576504575079104	0.2552613225077598	-0.15905132162139787	0.2580150260932253	-0.4588205857557367	0.9999999999999974	-0.43642554813337314	0.2041729264288916	-0.20379725823026124	0.19501941680399773	-0.23975198387159666	0.19762504755620025	-0.1114998506557394	0.13967779924883092	-0.14567209917347473	0.10746939328096104	-0.09574699415843747	0.08934718823567386	-0.10607336025845761	0.10335146746381545	-0.09953574223491896	0.08030448775110349	-0.06829515583674563	0.071419236468816	-0.1197286573150658	0.08310273183358827	-0.0813673730457673	0.05723888235181435	-0.07079028871045424	0.08892581103470594	-0.08496500726620322	0.060035877333465854	-0.07215663014644327	0.10594553878911925	-0.0674697247577401	0.09638335989994873	-0.07234138821604746	0.08385909664331372
-0.2535838577133827	0.2068402430425321	-0.2753901258730508	0.20613102664438915	-0.21595038793314658	0.2215804442136668	-0.2471657885955998	0.25866618441811706	-0.2885226834516291	0.19639859293794462	-0.3353268694614315	0.2530468788218947	-0.43642554813337314	0.9999999999999979	-0.37829804441821474	0.21322703681234084	-0.2154378447887125	0.278686268565876	-0.44090177353134585	0.1564177704652639	-0.1865960172132853	0.17449663370967372	-0.1557945867122146	0.13640152207104334	-0.1336278970843245	0.13638522365877115	-0.13303155853278614	0.13456808641268095	-0.1125696071534481	0.093378257459809	-0.09623691724216038	0.15387310538830046	-0.11295017445858131	0.11037048243458111	-0.07928426263081226	0.09452008738189138	-0.12569415334694578	0.11546121176496801	-0.08220216488970879	0.09784192267686795	-0.1497321187728602	0.0940572983583985	-0.1356349035167989	0.09921709133353204	-0.11828445793289993
0.19076611214414074	-0.16842707189236536	0.2122323792202721	-0.21183055999859637	0.27138932724182535	-0.18979640455527422	0.17550484165756033	-0.1995282597252816	0.22187085214087157	-0.4669349364664128	0.226969767804977	-0.17955416572286997	0.2041729264288916	-0.37829804441821474	0.9999999999999986	-0.17719940899061418	0.15372943176953693	-0.18439788169526952	0.17092497448037652	-0.15687561977831482	0.16145434294454333	-0.16226771188354913	0.12441028108935633	-0.11453481560057109	0.11695598533717076	-0.13368814895965148	0.12368180581570162	-0.1348699852228977	0.10657868573859178	-0.09520226414477741	0.0936933556419053	-0.16074509733043463	0.1134477726916604	-0.11355525204311163	0.07893656588917186	-0.09510790659533273	0.12489407853726743	-0.12063773335777107	0.08620294592277576	-0.1060504453383462	0.1465203033586664	-0.09486883924584882	0.13619697677788772	-0.10688579626178481	0.12297129500706934
-0.1804681422510941	0.151524910510758	-0.1655153479573493	0.11830461742074867	-0.11715873259043542	0.1812111503999974	-0.20696750794093513	0.150366025860581	-0.14389919878081217	0.10618276209795309	-0.3297896076864854	0.2453112241953853	-0.20379725823026124	0.21322703681234084	-0.17719940899061418	0.9999999999999972	-0.7211164722930575	0.2259158704193662	-0.21728522330217995	0.12551199361510848	-0.3504767395960016	0.25114299440415133	-0.13654569728256713	0.11439535835916398	-0.10670613713020898	0.18054723048754834	-0.1848039354080656	0.12448656636182709	-0.10154183102118443	0.0845886586714591	-0.11442649566470565	0.1696584323002317	-0.11137233071734216	0.1028752610949336	-0.0722175347791624	0.10769452039414056	-0.12418711792170493	0.11094402096586876	-0.07662913418556133	0.09039659484636405	-0.15568334077757937	0.09407544945585133	-0.12883359062308578	0.09149980419194709	-0.1074235486405254
0.1547602908898329	-0.14355719083660998	0.14681960069805297	-0.10784153947892013	0.10293741819291292	-0.16551497539193286	0.1913038436068574	-0.14568194875059493	0.12925160715423004	-0.09520733429719416	0.2445559663099344	-0.3400383067603325	0.19501941680399773	-0.2154378447887125	0.15372943176953693	-0.7211164722930575	0.9999999999999971	-0.32326305061344474	0.2110831671315055	-0.11852239825076577	0.23221260499232185	-0.3294962679275574	0.13159008668271202	-0.11174337465580957	0.09836680066777649	-0.1572094257449867	0.17268371541727118	-0.11576206520037062	0.09324760518847879	-0.07742283464573121	0.09708946006016324	-0.16011344113110143	0.10111554507975248	-0.09394548097985182	0.06562696971343969	-0.09298286343220173	0.10621822526323008	-0.09937811203252982	0.0685217433203316	-0.08083457166286455	0.13066490580929685	-0.0809345821170796	0.11246162164056739	-0.0809757330729052	0.09390502135619153
-0.15417262951738173	0.13004136298915642	-0.15758255758216155	0.11614485578822326	-0.1169778872338606	0.1449072918722282	-0.16182618055221648	0.1541259337461996	-0.14912090260626867	0.10652508012488844	-0.21863596433187504	0.1852552091721745	-0.23975198387159666	0.278686268565876	-0.18439788169526952	0.2259158704193662	-0.32326305061344474	0.9999999999999977	-0.7617932194300507	0.16231180247493274	-0.16890880925596988	0.17087109009342907	-0.231920281234124	0.17254203381680783	-0.14403562319065594	0.11895497740763787	-0.12478115370858772	0.13374879343814966	-0.11433807216213612	0.08800343602160644	-0.0819989135735687	0.13405900016494904	-0.10355980411607774	0.10206533426260105	-0.07468344606266555	0.07941387910643923	-0.10442812276482895	0.10027933390329291	-0.07176139459547834	0.08359191084971512	-0.12280081690815037	0.0782728895831788	-0.11551875789377455	0.08323952708188834	-0.09834748795615876
0.1360998271041159	-0.11756385213244687	0.13973660694394263	-0.10706056709159288	0.1065522080801871	-0.13231223142145143	0.1402245449846241	-0.14342526141368553	0.1346841979400847	-0.09943829199968136	0.18683985654332966	-0.1651449935619224	0.19762504755620025	-0.44090177353134585	0.17092497448037652	-0.21728522330217995	0.2110831671315055	-0.7617932194300507	0.9999999999999986	-0.1901238436780209	0.14865745001320832	-0.1591557667417949	0.18615332176866523	-0.19083880781168794	0.145522483174913	-0.11071012721115682	0.11257934000807143	-0.13041468701085676	0.11046964451415026	-0.08690763678701972	0.07548525816559241	-0.12775542750073132	0.09838347961911846	-0.09963681363975124	0.07257354133028643	-0.07388587110516176	0.09667122325563127	-0.09571327197002084	0.06867191074109778	-0.0803639732812237	0.11260370643513563	-0.07282003708874059	0.10810468267274778	-0.07921684500943316	0.09244655483698043
-0.10564873887612543	0.0834988496149124	-0.10186852460491638	0.07669880082043326	-0.08626833879448405	0.0970913284327044	-0.09763407621049076	0.08910515345949326	-0.09308231143747428	0.07851470182334386	-0.1417988755534644	0.10236363510698014	-0.1114998506557394	0.1564177704652639	-0.15687561977831482	0.12551199361510848	-0.11852239825076577	0.16231180247493274	-0.1901238436780209	0.9999999999999969	-0.15600204656749808	0.1486425081799675	-0.3050797631950656	0.26522147168548765	-0.8062922663890012	0.1198270853545707	-0.12370593116016218	0.18793929455068634	-0.1887834269778393	0.16305256250566932	-0.09225614485615068	0.15209190733119743	-0.1479012220656106	0.15493083306891037	-0.14301202955212633	0.08997058841323467	-0.14159179371187358	0.13872090341824375	-0.10527506742524738	0.11831084712466816	-0.15502541418518825	0.10356971802229006	-0.16889912248063702	0.11751946582757744	-0.14615431291255607
0.13413009248518415	-0.11134344042191655	0.12497659914240096	-0.09373293982708453	0.09839980323653118	-0.1362599320363568	0.1334270861460776	-0.1133986082406266	0.11121943115333352	-0.08985591097968078	0.19174465835219137	-0.15410751565305425	0.13967779924883092	-0.1865960172132853	0.16145434294454333	-0.3504767395960016	0.23221260499232185	-0.16890880925596988	0.14865745001320832	-0.15600204656749808	0.9999999999999968	-0.47979025239714207	0.1573855832700548	-0.13974063287709756	0.12477287659008841	-0.5678469431411447	0.29144242630100403	-0.18013816353907275	0.1381456955878443	-0.12067648099143567	0.22561547086465494	-0.3059467347353744	0.16647365965860594	-0.15126092842929326	0.10134531075739044	-0.22749423850743986	0.17328823854573336	-0.16599592233048047	0.11048732163933177	-0.13190966430855094	0.2285889722375106	-0.1413653485058763	0.17787439824253956	-0.13057558046435203	0.14396966935903058
-0.1375199036759774	0.11212838612842967	-0.12840898239365833	0.09401354078121327	-0.09942527963220414	0.13245514408697667	-0.14083181320301608	0.11369870819719295	-0.11334168998634056	0.08951272334888769	-0.2015501928419022	0.1597486771128348	-0.14567209917347473	0.17449663370967372	-0.16226771188354913	0.25114299440415133	-0.3294962679275574	0.17087109009342907	-0.1591557667417949	0.1486425081799675	-0.47979025239714207	0.9999999999999978	-0.20955243099911847	0.15243116778053886	-0.13103799004341782	0.2771868146655724	-0.5969110154241921	0.17196419799081122	-0.1404295679345407	0.11318697548628504	-0.1776732926443444	0.28438720672212986	-0.17071788324500556	0.1421183069155657	-0.0987948211631455	0.15700468823760413	-0.17957318033710057	0.15701846829588398	-0.10559736818435324	0.12139709016721643	-0.2275727564633388	0.1345520025738168	-0.1832743886726764	0.1233719144701799	-0.14577636732185995
0.09440396819937631	-0.07710247567020055	0.09143278304849187	-0.06885337831752159	0.07363128986512453	-0.09003342638231182	0.09130362609533683	-0.08399991808132266	0.0837292738344359	-0.06721585360242247	0.12916740179005962	-0.10096070506084948	0.10746939328096104	-0.1557945867122146	0.12441028108935633	-0.13654569728256713	0.13159008668271202	-0.231920281234124	0.18615332176866523	-0.3050797631950656	0.1573855832700548	-0.20955243099911847	0.999999999999997	-0.7458884365573728	0.2543666348293898	-0.12438119346705959	0.14237666504683022	-0.34793818681186156	0.24330156796143138	-0.16112315855671788	0.08987457445224731	-0.16959406200880583	0.17105568393113876	-0.18340526829886714	0.1305827342349558	-0.08737564266707357	0.12837167144277364	-0.14848740086447665	0.10834711186953332	-0.12155806738837656	0.1383076428268805	-0.09602338980411086	0.15633055810192586	-0.11403517239369229	0.13015931530775932
-0.08541037132455888	0.06882300067063032	-0.0826401594657221	0.06190671052990259	-0.06709020175673515	0.0800627592542054	-0.08155951151170557	0.07447937926195182	-0.07564140105174455	0.060857065924354733	-0.11663210619863203	0.08816067907830731	-0.09574699415843747	0.13640152207104334	-0.11453481560057109	0.11439535835916398	-0.11174337465580957	0.17254203381680783	-0.19083880781168794	0.26522147168548765	-0.13974063287709756	0.15243116778053886	-0.7458884365573728	0.9999999999999966	-0.40404393350698514	0.10733764917408385	-0.12135297534769789	0.24320163015865653	-0.3114119845583927	0.15545872029295835	-0.08026661365371039	0.14284521432732616	-0.15416913282731262	0.1707824695360311	-0.13117407724394672	0.07767904032436654	-0.1193928242132384	0.13095967040006593	-0.10055240028526773	0.10963461254721987	-0.12796443878640745	0.08818550682280654	-0.14640863709943647	0.10391856605004504	-0.12235536078040532
0.08245788018637609	-0.06637829149284362	0.07967363682252306	-0.06042299581279717	0.06635889658439813	-0.07776447684601712	0.07745234945264609	-0.07160189841158257	0.07299652654583481	-0.06099839455392415	0.11080069569007175	-0.08312519930027094	0.08934718823567386	-0.1336278970843245	0.11695598533717076	-0.10670613713020898	0.09836680066777649	-0.14403562319065594	0.145522483174913	-0.8062922663890012	0.12477287659008841	-0.13103799004341782	0.2543666348293898	-0.40404393350698514	0.9999999999999952	-0.10048261843709522	0.10491573292503596	-0.18764169416186102	0.179548240711219	-0.19208397034124094	0.07500078971106891	-0.13566407353455384	0.13176011642136579	-0.15369556757256242	0.1379901498912157	-0.07382129494417893	0.11225508602242301	-0.12297331959928522	0.09403414163697164	-0.1074541064576105	0.12092051829940356	-0.0836118161262597	0.13653739877941884	-0.10124310275344031	0.11802360898117784
-0.10628084008142018	0.08486024751126801	-0.09863760889368439	0.07313280565676974	-0.0795121173449241	0.10196796723497677	-0.10175988697126136	0.0860523530853296	-0.0874070942321129	0.07149141143840033	-0.1504439140938819	0.11084690145406688	-0.10607336025845761	0.13638522365877115	-0.13368814895965148	0.18054723048754834	-0.1572094257449867	0.11895497740763787	-0.11071012721115682	0.1198270853545707	-0.5678469431411447	0.2771868146655724	-0.12438119346705959	0.10733764917408385	-0.10048261843709522	1.0000000000000004	-0.40521569688917924	0.1487875425887493	-0.11756728728977657	0.1007345698337184	-0.47376021988758005	0.2680532082361009	-0.15303189744892962	0.12886953442486296	-0.08715936162399762	0.26483701159514034	-0.19829389332548436	0.15176552935598991	-0.09907376583156283	0.115734402171628	-0.311511928120295	0.1564451156317214	-0.17849110416031383	0.11864972881030329	-0.1361114916014669
0.10002446196225026	-0.08150064914943962	0.09347943699062507	-0.0694415549012939	0.0743453969184024	-0.09746843777469569	0.09846352220866295	-0.08312694699973484	0.08303724180538094	-0.06717994696604952	0.14183956873768436	-0.11201733711505188	0.10335146746381545	-0.13303155853278614	0.12368180581570162	-0.1848039354080656	0.17268371541727118	-0.12478115370858772	0.11257934000807143	-0.12370593116016218	0.29144242630100403	-0.5969110154241921	0.14237666504683022	-0.12135297534769789	0.10491573292503596	-0.40521569688917924	0.9999999999999939	-0.1703782591599613	0.12953009744820973	-0.10816220971255185	0.19083301954820078	-0.5512310971582718	0.1861100359317144	-0.14392540513385563	0.09397771978258503	-0.1682684734439317	0.1621737888943197	-0.162645632295667	0.10163654128555827	-0.11595307203457952	0.20421319749831862	-0.12518349540331666	0.16798994565896502	-0.11493257095645595	0.13014579045055186
-0.09808379688173971	0.07713783121432473	-0.09281761391050004	0.06930815816096215	-0.07752481999477925	0.09096868805777131	-0.09052665318438338	0.08045018739167534	-0.08350988699063855	0.06949060992476544	-0.132878343540143	0.09545118852783098	-0.09953574223491896	0.13456808641268095	-0.1348699852228977	0.12448656636182709	-0.11576206520037062	0.13374879343814966	-0.13041468701085676	0.18793929455068634	-0.18013816353907275	0.17196419799081122	-0.34793818681186156	0.24320163015865653	-0.18764169416186102	0.1487875425887493	-0.1703782591599613	0.9999999999999927	-0.5996634984757238	0.22488452882680718	-0.12113071246567804	0.22835938503140782	-0.4393633866152869	0.2906011460879588	-0.21400016254684529	0.11652981199764616	-0.20695812323122817	0.24748700291610617	-0.17795227359023466	0.18003288292283526	-0.20277613054760218	0.14925776071077484	-0.27592379548636253	0.17429308089600587	-0.20991699261551566
0.07769866778610433	-0.0616739364997296	0.07385415099107322	-0.055418396294445914	0.06146033225757796	-0.07282959874451063	0.07222895803913107	-0.06487704255395137	0.06673398235533233	-0.05542644772928361	0.10505420227080706	-0.07692107646387583	0.08030448775110349	-0.1125696071534481	0.10657868573859178	-0.10154183102118443	0.09324760518847879	-0.11433807216213612	0.11046964451415026	-0.1887834269778393	0.1381456955878443	-0.1404295679345407	0.24330156796143138	-0.3114119845583927	0.179548240711219	-0.11756728728977657	0.12953009744820973	-0.5996634984757238	0.9999999999999928	-0.3790419941843771	0.09235900882293195	-0.18884044803053973	0.26203082317510257	-0.48432227329574734	0.2583517211873371	-0.09045979550374258	0.1524583835747852	-0.20794735739400286	0.17410110843664328	-0.18429744354796637	0.1506400826177545	-0.11344200143134574	0.2021321801708068	-0.15680587816675115	0.17021188638215837
-0.06806998672184346	0.053398492349575846	-0.0643823924481198	0.04819679360083673	-0.05426204614368069	0.06306052092079902	-0.06235930435257708	0.055618083504413794	-0.057935617615416296	0.04866313020719788	-0.09164261232905424	0.06546882699446371	-0.06829515583674563	0.093378257459809	-0.09520226414477741	0.0845886586714591	-0.07742283464573121	0.08800343602160644	-0.08690763678701972	0.16305256250566932	-0.12067648099143567	0.11318697548628504	-0.16112315855671788	0.15545872029295835	-0.19208397034124094	0.1007345698337184	-0.10816220971255185	0.22488452882680718	-0.3790419941843771	0.9999999999999872	-0.08175774990353436	0.14978667412030505	-0.20743299712967606	0.29443999318838165	-0.7820428845639101	0.07985043580136666	-0.1417702904092152	0.16495212989160382	-0.15441994851655605	0.15649403562050257	-0.13996812597191244	0.10329135080023352	-0.19005635851450053	0.13667378659845314	-0.16490747407254547
0.07166567366366823	-0.057378603250714456	0.06689406233369172	-0.05011177645953276	0.0549423784656019	-0.06933964136001845	0.06766395491048989	-0.05863011474293753	0.05963420600799494	-0.04956610165028941	0.09885697248023664	-0.07353334624864111	0.071419236468816	-0.09623691724216038	0.0936933556419053	-0.11442649566470565	0.09708946006016324	-0.0819989135735687	0.07548525816559241	-0.09225614485615068	0.22561547086465494	-0.1776732926443444	0.08987457445224731	-0.08026661365371039	0.07500078971106891	-0.47376021988758005	0.19083301954820078	-0.12113071246567804	0.09235900882293195	-0.08175774990353436	0.9999999999999948	-0.25664159397063835	0.12383510740555119	-0.10589171906882838	0.06955442791190306	-0.7381465376262759	0.15253972768167343	-0.12566750143797004	0.07988239934390878	-0.0948339999078582	0.26682299806364085	-0.1444664239510917	0.13740480206083197	-0.09563371170976138	0.10312095978918917
-0.12193376662649606	0.09572812519910087	-0.1136279180994729	0.08416812700609892	-0.0936526790931169	0.11382932152039706	-0.11379058545134622	0.09745124454745555	-0.10087838991803408	0.08362853415347826	-0.1688547954297446	0.12082198659116604	-0.1197286573150658	0.15387310538830046	-0.16074509733043463	0.1696584323002317	-0.16011344113110143	0.13405900016494904	-0.12775542750073132	0.15209190733119743	-0.3059467347353744	0.28438720672212986	-0.16959406200880583	0.14284521432732616	-0.13566407353455384	0.2680532082361009	-0.5512310971582718	0.22835938503140782	-0.18884044803053973	0.14978667412030505	-0.25664159397063835	0.9999999999999895	-0.40630806147723164	0.20807992980673387	-0.1400355789057687	0.19891046974438564	-0.2654122520585451	0.24508535962184472	-0.15383140098636616	0.1661857470760751	-0.3102594236379853	0.18948140800969474	-0.273711478686081	0.16924442489580935	-0.20092053098910562
0.08305242478376668	-0.06558596814792224	0.07819858763952883	-0.05852560449244664	0.06532866466861192	-0.0780099027106464	0.07689691465481517	-0.06785836883507819	0.0701123996485198	-0.05866330073195296	0.11272182365655081	-0.08172965858467995	0.08310273183358827	-0.11295017445858131	0.1134477726916604	-0.11137233071734216	0.10111554507975248	-0.10355980411607774	0.09838347961911846	-0.1479012220656106	0.16647365965860594	-0.17071788324500556	0.17105568393113876	-0.15416913282731262	0.13176011642136579	-0.15303189744892962	0.1861100359317144	-0.4393633866152869	0.26203082317510257	-0.20743299712967606	0.12383510740555119	-0.40630806147723164	0.9999999999999865	-0.42633036911241184	0.19140593905078776	-0.1191601860945353	0.20515943257149893	-0.5381571724694557	0.20298328897665469	-0.20518454757823046	0.1887469572377739	-0.15474242285864717	0.27650213565233417	-0.18626012045983753	0.1942232323985678
-0.08166283186460437	0.06402941163955646	-0.07702929590877003	0.05760988745443119	-0.06486543302295103	0.07579551011747074	-0.07484420186696893	0.06640448160460127	-0.06915858291186797	0.05809428046497172	-0.11018300153619219	0.07864029620074282	-0.0813673730457673	0.11037048243458111	-0.11355525204311163	0.1028752610949336	-0.09394548097985182	0.10206533426260105	-0.09963681363975124	0.15493083306891037	-0.15126092842929326	0.1421183069155657	-0.18340526829886714	0.1707824695360311	-0.15369556757256242	0.12886953442486296	-0.14392540513385563	0.2906011460879588	-0.48432227329574734	0.29443999318838165	-0.10589171906882838	0.20807992980673387	-0.42633036911241184	0.9999999999999851	-0.4708146573362608	0.10282263836118913	-0.18796225691667492	0.24973535217303672	-0.3182206517159275	0.23265186457818246	-0.17879595992582298	0.13688038457922316	-0.2617493523861047	0.1969579514971812	-0.22242058378069401
0.05672337729535373	-0.044715801302461146	0.0536886932999099	-0.040278082135886656	0.0451276344468156	-0.05294314119047889	0.0521937447148266	-0.04665863236365259	0.04835832115362836	-0.040585571790935526	0.07638526698939739	-0.0551121574923643	0.05723888235181435	-0.07928426263081226	0.07893656588917186	-0.0722175347791624	0.06562696971343969	-0.07468344606266555	0.07257354133028643	-0.14301202955212633	0.10134531075739044	-0.0987948211631455	0.1305827342349558	-0.13117407724394672	0.1379901498912157	-0.08715936162399762	0.09397771978258503	-0.21400016254684529	0.2583517211873371	-0.7820428845639101	0.06955442791190306	-0.1400355789057687	0.19140593905078776	-0.4708146573362608	0.9999999999999867	-0.06843481022159326	0.11879737954538613	-0.1602580957203541	0.1582986418850559	-0.1748392126790643	0.11591149595896497	-0.08828661151427354	0.16072490997345504	-0.13180576368661184	0.14437575198666913
-0.0719310902657971	0.05705989114560711	-0.06704598904144853	0.050106105838018354	-0.05543313069593275	0.06873059493266159	-0.06720934268581108	0.058193898280528414	-0.05969141472525514	0.04981797273570119	-0.09904068992052027	0.07207462303276022	-0.07079028871045424	0.09452008738189138	-0.09510790659533273	0.10769452039414056	-0.09298286343220173	0.07941387910643923	-0.07388587110516176	0.08997058841323467	-0.22749423850743986	0.15700468823760413	-0.08737564266707357	0.07767904032436654	-0.07382129494417893	0.26483701159514034	-0.1682684734439317	0.11652981199764616	-0.09045979550374258	0.07985043580136666	-0.7381465376262759	0.19891046974438564	-0.1191601860945353	0.10282263836118913	-0.06843481022159326	0.9999999999999841	-0.19342644646772983	0.12784587991290458	-0.08102432091768368	0.09583672162430341	-0.4860619056779134	0.17538614942064643	-0.15211036363143618	0.09890965725701259	-0.10826665981401666
0.08978526837910465	-0.07151849389454135	0.08449834446929404	-0.0639394255076264	0.07146680464625135	-0.08645767063547144	0.08281090924515758	-0.07385858960334263	0.07589861019147907	-0.06451340979079037	0.12014022008072178	-0.08843683172709275	0.08892581103470594	-0.12569415334694578	0.12489407853726743	-0.12418711792170493	0.10621822526323008	-0.10442812276482895	0.09667122325563127	-0.14159179371187358	0.17328823854573336	-0.17957318033710057	0.12837167144277364	-0.1193928242132384	0.11225508602242301	-0.19829389332548436	0.1621737888943197	-0.20695812323122817	0.1524583835747852	-0.1417702904092152	0.15253972768167343	-0.2654122520585451	0.20515943257149893	-0.18796225691667492	0.11879737954538613	-0.19342644646772983	0.9999999999999837	-0.33473847486291236	0.15711901577923654	-0.18873896454354655	0.29166425409370733	-0.7229089259536262	0.2842630243272562	-0.19066507965129367	0.1783008481929182
-0.08650332410479575	0.06787193090008299	-0.08130571651452842	0.060941049518375694	-0.06878484953421024	0.0809061105246199	-0.07909742009370697	0.06995834041561966	-0.07282611707682246	0.0616070885605776	-0.11644828850530949	0.08319538885859415	-0.08496500726620322	0.11546121176496801	-0.12063773335777107	0.11094402096586876	-0.09937811203252982	0.10027933390329291	-0.09571327197002084	0.13872090341824375	-0.16599592233048047	0.15701846829588398	-0.14848740086447665	0.13095967040006593	-0.12297331959928522	0.15176552935598991	-0.162645632295667	0.24748700291610617	-0.20794735739400286	0.16495212989160382	-0.12566750143797004	0.24508535962184472	-0.5381571724694557	0.24973535217303672	-0.1602580957203541	0.12784587991290458	-0.33473847486291236	0.999999999999983	-0.30073960247497133	0.23726537883430918	-0.2233704258339968	0.2224144526204188	-0.5594561341578156	0.23767069267363017	-0.25486291737540545
0.06110006781410467	-0.04788371151848254	0.05753866391154595	-0.04318804448895409	0.048921492963267754	-0.05699390783394882	0.05564845510249865	-0.049485779932061554	0.05162004178013139	-0.043815382040189386	0.08186017849264082	-0.058379254002223095	0.060035877333465854	-0.08220216488970879	0.08620294592277576	-0.07662913418556133	0.0685217433203316	-0.07176139459547834	0.06867191074109778	-0.10527506742524738	0.11048732163933177	-0.10559736818435324	0.10834711186953332	-0.10055240028526773	0.09403414163697164	-0.09907376583156283	0.10163654128555827	-0.17795227359023466	0.17410110843664328	-0.15441994851655605	0.07988239934390878	-0.15383140098636616	0.20298328897665469	-0.3182206517159275	0.1582986418850559	-0.08102432091768368	0.15711901577923654	-0.30073960247497133	0.9999999999999825	-0.7271938289733882	0.13945448772294644	-0.12019486958491128	0.24670220046581842	-0.4304137516672122	0.29747493909218975
-0.07432475308720547	0.05790464339135251	-0.06989695809049007	0.052408023287893755	-0.05983175746614957	0.06882677462346766	-0.06717960427017171	0.059658875005199216	-0.06262098860420438	0.053425456694838405	-0.09929415619404842	0.06997583199016497	-0.07215663014644327	0.09784192267686795	-0.1060504453383462	0.09039659484636405	-0.08083457166286455	0.08359191084971512	-0.0803639732812237	0.11831084712466816	-0.13190966430855094	0.12139709016721643	-0.12155806738837656	0.10963461254721987	-0.1074541064576105	0.115734402171628	-0.11595307203457952	0.18003288292283526	-0.18429744354796637	0.15649403562050257	-0.0948339999078582	0.1661857470760751	-0.20518454757823046	0.23265186457818246	-0.1748392126790643	0.09583672162430341	-0.18873896454354655	0.23726537883430918	-0.7271938289733882	0.9999999999999832	-0.17153217742194984	0.13937762683726862	-0.28874894128905276	0.30352033174091375	-0.4535810932477491
0.10679469381896879	-0.08550355459277834	0.10031119877371455	-0.07595586207273554	0.08434988384632397	-0.10387879373101391	0.09914834797203664	-0.08806586157938824	0.08999958639500916	-0.07628822953414778	0.14350870003853952	-0.10667605151859474	0.10594553878911925	-0.1497321187728602	0.1465203033586664	-0.15568334077757937	0.13066490580929685	-0.12280081690815037	0.11260370643513563	-0.15502541418518825	0.2285889722375106	-0.2275727564633388	0.1383076428268805	-0.12796443878640745	0.12092051829940356	-0.311511928120295	0.20421319749831862	-0.20277613054760218	0.1506400826177545	-0.13996812597191244	0.26682299806364085	-0.3102594236379853	0.1887469572377739	-0.17879595992582298	0.11591149595896497	-0.4860619056779134	0.29166425409370733	-0.2233704258339968	0.13945448772294644	-0.17153217742194984	0.9999999999999836	-0.4830036330511067	0.24142044654464373	-0.1743093341896898	0.17154915128509862
-0.06845833662718426	0.05431666033729012	-0.0643077744561034	0.04851444972552302	-0.0543163008021843	0.06550426111412226	-0.06304819366671192	0.05595095441428521	-0.05765867660865431	0.04892363679621648	-0.09194190192599719	0.06712017321550653	-0.0674697247577401	0.0940572983583985	-0.09486883924584882	0.09407544945585133	-0.0809345821170796	0.0782728895831788	-0.07282003708874059	0.10356971802229006	-0.1413653485058763	0.1345520025738168	-0.09602338980411086	0.08818550682280654	-0.0836118161262597	0.1564451156317214	-0.12518349540331666	0.14925776071077484	-0.11344200143134574	0.10329135080023352	-0.1444664239510917	0.18948140800969474	-0.15474242285864717	0.13688038457922316	-0.08828661151427354	0.17538614942064643	-0.7229089259536262	0.2224144526204188	-0.12019486958491128	0.13937762683726862	-0.4830036330511067	0.9999999999999847	-0.3551409820121505	0.15290560933854952	-0.14781279337429848
0.09724639541826703	-0.07708404570626688	0.09165604845992897	-0.06921961607169361	0.07768466660694873	-0.09262777447239745	0.08930742220158554	-0.07980887149929272	0.08238721707640258	-0.06999798147344033	0.12999233547570738	-0.09479096923459446	0.09638335989994873	-0.1356349035167989	0.13619697677788772	-0.12883359062308578	0.11246162164056739	-0.11551875789377455	0.10810468267274778	-0.16889912248063702	0.17787439824253956	-0.1832743886726764	0.15633055810192586	-0.14640863709943647	0.13653739877941884	-0.17849110416031383	0.16798994565896502	-0.27592379548636253	0.2021321801708068	-0.19005635851450053	0.13740480206083197	-0.273711478686081	0.27650213565233417	-0.2617493523861047	0.16072490997345504	-0.15211036363143618	0.2842630243272562	-0.5594561341578156	0.24670220046581842	-0.28874894128905276	0.24142044654464373	-0.3551409820121505	0.9999999999999848	-0.3962932686055384	0.27210556163583455
