0.9999999999999999	-0.6288461416617286	0.1772091746661863	-0.14400949464765206	0.18567155112218975	-0.582062540710043	0.22516021436236447	-0.22123603590177243	0.1541826273296	-0.12712639444643967	0.26380635283206794	-0.19806653785421313	0.15043563622171613	-0.14331093591169058	0.1444331227449136	-0.24950345784212316	0.16604615779768886	-0.14145234787560276	0.1370160778006243	-0.10928533052375795	0.10631296969911616	-0.11382825539972866	0.15811739976215072	-0.1099763523905827	0.08048059611635229	-0.10039658344579964	0.09052130385397636	-0.10689487877810591	0.09578876902881732	-0.10216803997938728	0.13590882325040746	-0.053560664025211265	0.062133210100637756	-0.02305889050015915	0.022997826921238654
-0.6288461416617286	1.0000000000000002	-0.3752219727778094	0.22029045397779543	-0.31321514537424366	0.27813328674622145	-0.24464938266311242	0.2141593812615265	-0.19997611670396623	0.16546841390234693	-0.28201001784979496	0.19799502332775298	-0.17483183635121818	0.17316285992232883	-0.19728046218269182	0.22174877588997835	-0.19683726796018966	0.16041015846861503	-0.17753787674050936	0.13324735330233467	-0.12009171808390831	0.1268176655320207	-0.2123731872906663	0.13832999550256428	-0.10079620559412117	0.11562621843739472	-0.10806754894487068	0.12791011386639606	-0.12002415706218586	0.12458437192485228	-0.17715474235335177	0.06759711824760321	-0.08014541617712928	0.02880386135698998	-0.02888689005407409
0.1772091746661863	-0.3752219727778094	1.0000000000000004	-0.7730617305434846	0.29424118851211295	-0.14309720037131163	0.12958677003642644	-0.15889187222169912	0.1634537120252559	-0.15278645845192057	0.13585699090107964	-0.1331314716623208	0.11767622790428509	-0.13773729520229266	0.1490433595116768	-0.15027913306321813	0.12450562111016522	-0.11247794406351211	0.12465799950562535	-0.1069202844027981	0.08158452318170231	-0.09132175037902329	0.14310156395199877	-0.10175686608158065	0.07657264315856623	-0.08265241931597732	0.07690993467439032	-0.095930266100921	0.08826588575717133	-0.09767208141990681	0.12079056863379906	-0.048047534019125315	0.05618619693445101	-0.021734129512978068	0.021633281229046508
-0.14400949464765206	0.22029045397779543	-0.7730617305434846	1.000000000000001	-0.4944664073209569	0.11182124395161304	-0.10982706723584647	0.1352574087423539	-0.18280931836073436	0.1542641627115284	-0.11359539805589355	0.11228787998628934	-0.1042268574326331	0.12796927719213547	-0.14863840810069015	0.1206489080443599	-0.10748468895736153	0.09688925571413187	-0.11184519400576634	0.09053732683019107	-0.06799881859338279	0.0758627105223859	-0.12492672773429998	0.08864746223911511	-0.06551141367614223	0.06884013697668384	-0.06465915990938098	0.08058596796331619	-0.07549326812763463	0.0825429644985319	-0.10238806954859556	0.04048017850773792	-0.04751625275371392	0.01841488796522768	-0.01835468983945461
0.18567155112218975	-0.31321514537424366	0.29424118851211295	-0.4944664073209569	1.0000000000000013	-0.17413601275303012	0.16845824309618906	-0.2199783910780824	0.2326048235029956	-0.32041324363618184	0.17271164733863942	-0.18547748683817608	0.1671304400145161	-0.20562721178588939	0.24315938593466577	-0.20977720821083196	0.17525022606795498	-0.16284488147603565	0.18424537098838892	-0.1674391512694421	0.11892854089168162	-0.13552310986657953	0.2118793915083602	-0.15358049566907353	0.1178244794716611	-0.12332984296820028	0.11506024397318983	-0.14638415624462345	0.1342187154807506	-0.15179997024765635	0.1809574017254296	-0.07273789062981201	0.08493389593634909	-0.03347298400617696	0.03325032963747743
-0.582062540710043	0.27813328674622145	-0.14309720037131163	0.11182124395161304	-0.17413601275303012	1.0000000000000013	-0.3841783851771858	0.23030954655838126	-0.16358587979984304	0.12512180447630666	-0.5402891285868656	0.2186376572503392	-0.1678069272521051	0.14632101225450284	-0.1485180721624251	0.25622441517763955	-0.18689638187622398	0.14776467926097195	-0.14285887715184245	0.10653034390109031	-0.11202668458111724	0.11396667322810684	-0.1643939805605922	0.11128925336476347	-0.08001457456340107	0.10075858927917807	-0.09185299023210351	0.10564774771039306	-0.09620146524425656	0.10006564578184377	-0.13999919255361176	0.05401173983689311	-0.0630760835116117	0.022856836857411925	-0.02285953017299984
0.22516021436236447	-0.24464938266311242	0.12958677003642644	-0.10982706723584647	0.16845824309618906	-0.3841783851771858	1.0000000000000009	-0.6147785439162531	0.22242536118329118	-0.16025381329636798	0.22938993402646876	-0.5125150270795839	0.25043839443486127	-0.19996104579836865	0.1751107594163285	-0.20972984890962396	0.22060089451415546	-0.19407017492932627	0.1633518931887273	-0.11722415001309178	0.10157838895918492	-0.11186261192224545	0.17272379867410076	-0.12502127947472363	0.08649982867033051	-0.09622616681960378	0.09023054367351144	-0.10832945690309345	0.10128877462658072	-0.1075875482026353	0.13289424488814916	-0.05261619564304257	0.06119937809712651	-0.02388872679085681	0.023818715215666933
-0.22123603590177243	0.2141593812615265	-0.15889187222169912	0.1352574087423539	-0.2199783910780824	0.23030954655838126	-0.6147785439162531	1.0000000000000009	-0.43327612277952476	0.2189207911483179	-0.22821903447912983	0.2994788856564258	-0.33958096805283133	0.25443961419916916	-0.2526629004487708	0.20557001701966424	-0.25319916047732965	0.21713669339868943	-0.21334953248234179	0.14082528105830486	-0.11391038965416288	0.1250496915541945	-0.2207837343464858	0.15453692878390335	-0.10595220785959461	0.10972512448412003	-0.10527311278845335	0.12726859571910187	-0.12360067302123547	0.128843975528579	-0.1601042704988783	0.06271498504442144	-0.07366359402624205	0.028853449532725256	-0.028852853334345077
0.1541826273296	-0.19997611670396623	0.1634537120252559	-0.18280931836073436	0.2326048235029956	-0.16358587979984304	0.22242536118329118	-0.43327612277952476	0.9999999999999993	-0.5382224067290927	0.16148152484684294	-0.23889900346088286	0.2374853869851924	-0.49769395252396126	0.3166507791323115	-0.18404731407957237	0.1926674126214451	-0.197457439557946	0.22631524334307881	-0.15843071181700105	0.10355055388800087	-0.11881410960232174	0.20171206265373223	-0.17103174398308235	0.11262776871701967	-0.10436146232442368	0.10035537093071577	-0.12897885896297218	0.12626306477485988	-0.13949139977964636	0.14713732743435748	-0.05965101551759128	0.0693285906134763	-0.02980152182549862	0.02958442072273633
-0.12712639444643967	0.16546841390234693	-0.15278645845192057	0.1542641627115284	-0.32041324363618184	0.12512180447630666	-0.16025381329636798	0.2189207911483179	-0.5382224067290927	1.0	-0.13099123465203472	0.16837810592936206	-0.178519377156718	0.2755313262945774	-0.6785445864187782	0.14776924389859775	-0.15571212636634088	0.14984671607279226	-0.18836306593644145	0.12973142605269938	-0.08662714095302405	0.0986082044570362	-0.17633740439377293	0.13665336770420597	-0.09423262978847893	0.08795170699818078	-0.08472504698540194	0.10801717797171406	-0.10644523504385121	0.11557857736555571	-0.128083344856538	0.05140080047579894	-0.060118893180358	0.02516683319555224	-0.02506039123629325
0.26380635283206794	-0.28201001784979496	0.13585699090107964	-0.11359539805589355	0.17271164733863942	-0.5402891285868656	0.22938993402646876	-0.22821903447912983	0.16148152484684294	-0.13099123465203472	1.0000000000000013	-0.254389105687981	0.17741212165412446	-0.15923552311689085	0.152906716872779	-0.6150457520244604	0.2222898519427668	-0.1793125351128507	0.15622710636167608	-0.12624408278485064	0.16582730004498325	-0.16607012174623834	0.18120931519731312	-0.12739990576995805	0.09338552821600302	-0.1431988844303615	0.12145780549672844	-0.135029649058312	0.11451767964446165	-0.1205197657948816	0.16893112203951066	-0.06679754172584332	0.076155167093881	-0.027290934540416797	0.027183574088138138
-0.19806653785421313	0.19799502332775298	-0.1331314716623208	0.11228787998628934	-0.18547748683817608	0.2186376572503392	-0.5125150270795839	0.2994788856564258	-0.23889900346088286	0.16837810592936206	-0.254389105687981	1.0000000000000013	-0.529893824112179	0.24054911702380727	-0.2129753075080431	0.22704891826183654	-0.41943412679524705	0.2840020530965758	-0.2130724245605787	0.13886838715795405	-0.12173271331204394	0.13513309547728616	-0.22147360881054154	0.1546079148570435	-0.10447481888230867	0.11323258172411046	-0.10920709455037873	0.1287975294913197	-0.12298644426814659	0.12774620678565007	-0.15857803151550204	0.06243189594790752	-0.07286635172653597	0.028509497591962113	-0.028479901490576068
0.15043563622171613	-0.17483183635121818	0.11767622790428509	-0.1042268574326331	0.1671304400145161	-0.1678069272521051	0.25043839443486127	-0.33958096805283133	0.2374853869851924	-0.178519377156718	0.17741212165412446	-0.529893824112179	1.0000000000000004	-0.4186135572336221	0.21122040677916923	-0.20416513731728778	0.2994612583025475	-0.5284058779457476	0.232425666404939	-0.1471896607828586	0.1097629980867116	-0.12687931439023262	0.215997455223558	-0.16984556743016951	0.10744814424918045	-0.10607209973560047	0.10252371823409247	-0.12732873844856726	0.12324821211219435	-0.13205833454857982	0.14456314290432012	-0.05841812123425258	0.06766621912886692	-0.028471000242773898	0.02830308863104755
-0.14331093591169058	0.17316285992232883	-0.13773729520229266	0.12796927719213547	-0.20562721178588939	0.14632101225450284	-0.19996104579836865	0.25443961419916916	-0.49769395252396126	0.2755313262945774	-0.15923552311689085	0.24054911702380727	-0.4186135572336221	0.9999999999999981	-0.4363297563278902	0.18005813593232942	-0.22789631289379597	0.24110683284663198	-0.44295885252954603	0.17535458450832583	-0.10839250005753062	0.12426808843696141	-0.2518230849610297	0.21637331508872093	-0.13209888513054668	0.10906833325580584	-0.10801866676482214	0.13927130705211196	-0.1483685158319803	0.15342336321205893	-0.1565660366457305	0.06321541785540892	-0.073920822823938	0.03295969264873859	-0.03288087152538734
0.1444331227449136	-0.19728046218269182	0.1490433595116768	-0.14863840810069015	0.24315938593466577	-0.1485180721624251	0.1751107594163285	-0.2526629004487708	0.3166507791323115	-0.6785445864187782	0.152906716872779	-0.2129753075080431	0.21122040677916923	-0.4363297563278902	0.9999999999999987	-0.18512003347314654	0.18315677112533268	-0.18956918879757118	0.22271150842024257	-0.17445536262140326	0.10728447685865848	-0.12459287526058153	0.20674241715667172	-0.17696303266973432	0.12118393143781682	-0.1104066462821894	0.10594764730491268	-0.13862077472801662	0.13416554139421125	-0.15251031655905983	0.1558228319559028	-0.06376620779842916	0.07394123551779033	-0.03229088187288345	0.031980802117146406
-0.24950345784212316	0.22174877588997835	-0.15027913306321813	0.1206489080443599	-0.20977720821083196	0.25622441517763955	-0.20972984890962396	0.20557001701966424	-0.18404731407957237	0.14776924389859775	-0.6150457520244604	0.22704891826183654	-0.20416513731728778	0.18005813593232942	-0.18512003347314654	1.0	-0.3729084054027316	0.21808074416176612	-0.20090587814990343	0.15308951744380536	-0.32055474162337394	0.2227452012766981	-0.24621745278185264	0.16066913093948013	-0.11765446192314317	0.199068913111679	-0.17366730180726125	0.1739801269304731	-0.14990614918251186	0.14918766832900104	-0.254880589328359	0.09338866295093085	-0.10844132791947939	0.03515952094484112	-0.035250522638749754
0.16604615779768886	-0.19683726796018966	0.12450562111016522	-0.10748468895736153	0.17525022606795498	-0.18689638187622398	0.22060089451415546	-0.25319916047732965	0.1926674126214451	-0.15571212636634088	0.2222898519427668	-0.41943412679524705	0.2994612583025475	-0.22789631289379597	0.18315677112533268	-0.3729084054027316	0.9999999999999993	-0.6344459040533392	0.2217484368917788	-0.16567707795432876	0.16650634981434145	-0.2147641160244609	0.23821223996131408	-0.18043150402802136	0.12029336528259016	-0.1488109141162473	0.1425284108023793	-0.1635040392742379	0.1434118724224628	-0.15364005137976372	0.18247492327968373	-0.0742599981730038	0.08468300352805333	-0.03345398718723276	0.03319904892025678
-0.14145234787560276	0.16041015846861503	-0.11247794406351211	0.09688925571413187	-0.16284488147603565	0.14776467926097195	-0.19407017492932627	0.21713669339868943	-0.197457439557946	0.14984671607279226	-0.1793125351128507	0.2840020530965758	-0.5284058779457476	0.24110683284663198	-0.18956918879757118	0.21808074416176612	-0.6344459040533392	1.0	-0.2978425245849779	0.15671892400897458	-0.1262128045008665	0.14614094697808006	-0.30290685205766454	0.1931365568859347	-0.11814622429463464	0.11728272206095297	-0.1170147602819974	0.14056799404600392	-0.13802057116901573	0.1426322977004004	-0.15943152303031152	0.06400598059349344	-0.07428045922064745	0.031009686045966864	-0.03089422189637263
0.1370160778006243	-0.17753787674050936	0.12465799950562535	-0.11184519400576634	0.18424537098838892	-0.14285887715184245	0.1633518931887273	-0.21334953248234179	0.22631524334307881	-0.18836306593644145	0.15622710636167608	-0.2130724245605787	0.232425666404939	-0.44295885252954603	0.22271150842024257	-0.20090587814990343	0.2217484368917788	-0.2978425245849779	0.9999999999999997	-0.3259680981525096	0.12983692715290387	-0.15589011620606136	0.31062027567095296	-0.5734136835997684	0.21905187108056756	-0.13719102482879608	0.14029362660634698	-0.20091670206425158	0.23067768054358676	-0.2519148903218567	0.18851035947929123	-0.07945067444179077	0.0919238374906281	-0.04904720033073551	0.04832985539532762
-0.10928533052375795	0.13324735330233467	-0.1069202844027981	0.09053732683019107	-0.1674391512694421	0.10653034390109031	-0.11722415001309178	0.14082528105830486	-0.15843071181700105	0.12973142605269938	-0.12624408278485064	0.13886838715795405	-0.1471896607828586	0.17535458450832583	-0.17445536262140326	0.15308951744380536	-0.16567707795432876	0.15671892400897458	-0.3259680981525096	1.0000000000000007	-0.12663717411991754	0.14181259891919787	-0.3223152115065806	0.26543479231256967	-0.7244589180419625	0.13691409142493083	-0.14974589314871561	0.1923405414203428	-0.28224981058425497	0.29727018771957747	-0.23160842353986927	0.09059200304150852	-0.11060707583534737	0.05864215293810578	-0.06141690506533257
0.10631296969911616	-0.12009171808390831	0.08158452318170231	-0.06799881859338279	0.11892854089168162	-0.11202668458111724	0.10157838895918492	-0.11391038965416288	0.10355055388800087	-0.08662714095302405	0.16582730004498325	-0.12173271331204394	0.1097629980867116	-0.10839250005753062	0.10728447685865848	-0.32055474162337394	0.16650634981434145	-0.1262128045008665	0.12983692715290387	-0.12663717411991754	0.9999999999999976	-0.6391696841718352	0.167933468795628	-0.12134164789785531	0.09700772823136332	-0.5624154322261933	0.28424771780978686	-0.22803768232761362	0.14421444985167609	-0.1380592754424732	0.26831953456543706	-0.1071043893716835	0.11217273713470033	-0.03254147475546799	0.03230383235963413
-0.11382825539972866	0.1268176655320207	-0.09132175037902329	0.0758627105223859	-0.13552310986657953	0.11396667322810684	-0.11186261192224545	0.1250496915541945	-0.11881410960232174	0.0986082044570362	-0.16607012174623834	0.13513309547728616	-0.12687931439023262	0.12426808843696141	-0.12459287526058153	0.2227452012766981	-0.2147641160244609	0.14614094697808006	-0.15589011620606136	0.14181259891919787	-0.6391696841718352	0.9999999999999954	-0.21445219099685414	0.14440632361379818	-0.11421442879970839	0.3168414705760627	-0.5091262499622854	0.2564670052875066	-0.18354501148533994	0.1554983789450732	-0.3236796219355904	0.1250175039267007	-0.14116931512940153	0.03874700874915964	-0.038962702289681225
0.15811739976215072	-0.2123731872906663	0.14310156395199877	-0.12492672773429998	0.2118793915083602	-0.1643939805605922	0.17272379867410076	-0.2207837343464858	0.20171206265373223	-0.17633740439377293	0.18120931519731312	-0.22147360881054154	0.215997455223558	-0.2518230849610297	0.20674241715667172	-0.24621745278185264	0.23821223996131408	-0.30290685205766454	0.31062027567095296	-0.3223152115065806	0.167933468795628	-0.21445219099685414	1.0	-0.5418538422465395	0.23076937143586215	-0.181976036200455	0.18558456396817324	-0.28687743904149693	0.26558013383530965	-0.3037896637187587	0.23507241741203422	-0.10282511064174629	0.11682430240855333	-0.0601792945275545	0.058792390585263615
-0.1099763523905827	0.13832999550256428	-0.10175686608158065	0.08864746223911511	-0.15358049566907353	0.11128925336476347	-0.12502127947472363	0.15453692878390335	-0.17103174398308235	0.13665336770420597	-0.12739990576995805	0.1546079148570435	-0.16984556743016951	0.21637331508872093	-0.17696303266973432	0.16066913093948013	-0.18043150402802136	0.1931365568859347	-0.5734136835997684	0.26543479231256967	-0.12134164789785531	0.14440632361379818	-0.5418538422465395	0.9999999999999983	-0.2953829579534949	0.13044741087289627	-0.14625995018619772	0.21284196739996578	-0.3922635873847467	0.2667107841003951	-0.18571994897114416	0.07826045685475108	-0.09200823903006983	0.054829429454035475	-0.054970625280117966
0.08048059611635229	-0.10079620559412117	0.07657264315856623	-0.06551141367614223	0.1178244794716611	-0.08001457456340107	0.08649982867033051	-0.10595220785959461	0.11262776871701967	-0.09423262978847893	0.09338552821600302	-0.10447481888230867	0.10744814424918045	-0.13209888513054668	0.12118393143781682	-0.11765446192314317	0.12029336528259016	-0.11814622429463464	0.21905187108056756	-0.7244589180419625	0.09700772823136332	-0.11421442879970839	0.23076937143586215	-0.2953829579534949	0.9999999999999984	-0.10745757093695155	0.11888611138619226	-0.17353119195742975	0.2506649205551786	-0.5173494449995862	0.16289746497786214	-0.06759672603995402	0.08041589405814784	-0.05552904142891635	0.05620047355841184
-0.10039658344579964	0.11562621843739472	-0.08265241931597732	0.06884013697668384	-0.12332984296820028	0.10075858927917807	-0.09622616681960378	0.10972512448412003	-0.10436146232442368	0.08795170699818078	-0.1431988844303615	0.11323258172411046	-0.10607209973560047	0.10906833325580584	-0.1104066462821894	0.199068913111679	-0.1488109141162473	0.11728272206095297	-0.13719102482879608	0.13691409142493083	-0.5624154322261933	0.3168414705760627	-0.181976036200455	0.13044741087289627	-0.10745757093695155	0.9999999999999982	-0.4707339450809544	0.2541584211934211	-0.17099952901565701	0.15167556325136045	-0.528990342624446	0.14604561689440648	-0.15696454460074744	0.03793296796496878	-0.03790896093701979
0.09052130385397636	-0.10806754894487068	0.07690993467439032	-0.06465915990938098	0.11506024397318983	-0.09185299023210351	0.09023054367351144	-0.10527311278845335	0.10035537093071577	-0.08472504698540194	0.12145780549672844	-0.10920709455037873	0.10252371823409247	-0.10801866676482214	0.10594764730491268	-0.17366730180726125	0.1425284108023793	-0.1170147602819974	0.14029362660634698	-0.14974589314871561	0.28424771780978686	-0.5091262499622854	0.18558456396817324	-0.14625995018619772	0.11888611138619226	-0.4707339450809544	0.9999999999999972	-0.5729708884239324	0.21172205619262624	-0.18495011302683997	0.27970476165174224	-0.15295731817279531	0.14940379061825496	-0.04249946996983708	0.04191741715954388
-0.10689487877810591	0.12791011386639606	-0.095930266100921	0.08058596796331619	-0.14638415624462345	0.10564774771039306	-0.10832945690309345	0.12726859571910187	-0.12897885896297218	0.10801717797171406	-0.135029649058312	0.1287975294913197	-0.12732873844856726	0.13927130705211196	-0.13862077472801662	0.1739801269304731	-0.1635040392742379	0.14056799404600392	-0.20091670206425158	0.1923405414203428	-0.22803768232761362	0.2564670052875066	-0.28687743904149693	0.21284196739996578	-0.17353119195742975	0.2541584211934211	-0.5729708884239324	0.9999999999999978	-0.48547757102973926	0.24874927473463468	-0.35325637005356514	0.15761342794291533	-0.19790281635906673	0.06322086982794899	-0.06403744586518177
0.09578876902881732	-0.12002415706218586	0.08826588575717133	-0.07549326812763463	0.1342187154807506	-0.09620146524425656	0.10128877462658072	-0.12360067302123547	0.12626306477485988	-0.10644523504385121	0.11451767964446165	-0.12298644426814659	0.12324821211219435	-0.1483685158319803	0.13416554139421125	-0.14990614918251186	0.1434118724224628	-0.13802057116901573	0.23067768054358676	-0.28224981058425497	0.14421444985167609	-0.18354501148533994	0.26558013383530965	-0.3922635873847467	0.2506649205551786	-0.17099952901565701	0.21172205619262624	-0.48547757102973926	0.999999999999997	-0.6008130559715583	0.21663686946291835	-0.09976509024990474	0.11495927585988265	-0.10359573258602509	0.09488325449224908
-0.10216803997938728	0.12458437192485228	-0.09767208141990681	0.0825429644985319	-0.15179997024765635	0.10006564578184377	-0.1075875482026353	0.128843975528579	-0.13949139977964636	0.11557857736555571	-0.1205197657948816	0.12774620678565007	-0.13205833454857982	0.15342336321205893	-0.15251031655905983	0.14918766832900104	-0.15364005137976372	0.1426322977004004	-0.2519148903218567	0.29727018771957747	-0.1380592754424732	0.1554983789450732	-0.3037896637187587	0.2667107841003951	-0.5173494449995862	0.15167556325136045	-0.18495011302683997	0.24874927473463468	-0.6008130559715583	0.9999999999999973	-0.2482575629706699	0.1003386357778676	-0.12279111134208275	0.09547198829412984	-0.10519170275608147
0.13590882325040746	-0.17715474235335177	0.12079056863379906	-0.10238806954859556	0.1809574017254296	-0.13999919255361176	0.13289424488814916	-0.1601042704988783	0.14713732743435748	-0.128083344856538	0.16893112203951066	-0.15857803151550204	0.14456314290432012	-0.1565660366457305	0.1558228319559028	-0.254880589328359	0.18247492327968373	-0.15943152303031152	0.18851035947929123	-0.23160842353986927	0.26831953456543706	-0.3236796219355904	0.23507241741203422	-0.18571994897114416	0.16289746497786214	-0.528990342624446	0.27970476165174224	-0.35325637005356514	0.21663686946291835	-0.2482575629706699	0.9999999999999967	-0.31196754977883034	0.23151438755486445	-0.05736220134161649	0.05576099383075281
-0.053560664025211265	0.06759711824760321	-0.048047534019125315	0.04048017850773792	-0.07273789062981201	0.05401173983689311	-0.05261619564304257	0.06271498504442144	-0.05965101551759128	0.05140080047579894	-0.06679754172584332	0.06243189594790752	-0.05841812123425258	0.06321541785540892	-0.06376620779842916	0.09338866295093085	-0.0742599981730038	0.06400598059349344	-0.07945067444179077	0.09059200304150852	-0.1071043893716835	0.1250175039267007	-0.10282511064174629	0.07826045685475108	-0.06759672603995402	0.14604561689440648	-0.15295731817279531	0.15761342794291533	-0.09976509024990474	0.1003386357778676	-0.31196754977883034	0.9999999999999971	-0.906081792259598	0.044418910693124446	-0.04437824571464754
0.062133210100637756	-0.08014541617712928	0.05618619693445101	-0.04751625275371392	0.08493389593634909	-0.0630760835116117	0.06119937809712651	-0.07366359402624205	0.0693285906134763	-0.060118893180358	0.076155167093881	-0.07286635172653597	0.06766621912886692	-0.073920822823938	0.07394123551779033	-0.10844132791947939	0.08468300352805333	-0.07428045922064745	0.0919238374906281	-0.11060707583534737	0.11217273713470033	-0.14116931512940153	0.11682430240855333	-0.09200823903006983	0.08041589405814784	-0.15696454460074744	0.14940379061825496	-0.19790281635906673	0.11495927585988265	-0.12279111134208275	0.23151438755486445	-0.906081792259598	0.9999999999999971	-0.05345056673868946	0.05026293834544261
-0.02305889050015915	0.02880386135698998	-0.021734129512978068	0.01841488796522768	-0.03347298400617696	0.022856836857411925	-0.02388872679085681	0.028853449532725256	-0.02980152182549862	0.02516683319555224	-0.027290934540416797	0.028509497591962113	-0.028471000242773898	0.03295969264873859	-0.03229088187288345	0.03515952094484112	-0.03345398718723276	0.031009686045966864	-0.04904720033073551	0.05864215293810578	-0.03254147475546799	0.03874700874915964	-0.0601792945275545	0.054829429454035475	-0.05552904142891635	0.03793296796496878	-0.04249946996983708	0.06322086982794899	-0.10359573258602509	0.09547198829412984	-0.05736220134161649	0.044418910693124446	-0.05345056673868946	0.9999999999999971	-0.9843637637646985
0.022997826921238654	-0.02888689005407409	0.021633281229046508	-0.01835468983945461	0.03325032963747743	-0.02285953017299984	0.023818715215666933	-0.028852853334345077	0.02958442072273633	-0.02506039123629325	0.027183574088138138	-0.028479901490576068	0.02830308863104755	-0.03288087152538734	0.031980802117146406	-0.035250522638749754	0.03319904892025678	-0.03089422189637263	0.04832985539532762	-0.06141690506533257	0.03230383235963413	-0.038962702289681225	0.058792390585263615	-0.054970625280117966	0.05620047355841184	-0.03790896093701979	0.04191741715954388	-0.06403744586518177	0.09488325449224908	-0.10519170275608147	0.05576099383075281	-0.04437824571464754	0.05026293834544261	-0.9843637637646985	0.9999999999999971
