1.0	-0.7327137307178381	0.2654059438479768	-0.2235501288070692	0.18548504516517764	-0.17836192985286575	0.2740800780561304	-0.2256028957658674	0.17213106635668385	-0.19185190541030298	0.13895907149354925	-0.33320106105422215	0.1576731158226318	-0.19346249864390275	0.11972795390627004	-0.14494561684972757	0.1531982194898195	-0.22728718097087997	0.16495549379584767	-0.09076445521104289	0.11120989709861526	-0.11012758013260678	0.15047678679541998	-0.11543396534545489	0.11443291444651311	-0.10034398878231114	0.1086154612614415	-0.09055781206968264	0.09135197708080987	-0.0984536659887639	0.11498026126225491	-0.08436935055252984	0.06588186025960896	-0.043464559915706524	0.04077427819273437
-0.7327137307178381	0.9999999999999999	-0.37611698929377013	0.18579383071079442	-0.15006250790387982	0.13436148106381232	-0.4255974688837941	0.16905497209027734	-0.14210497198253766	0.13879038920600625	-0.1139497767662535	0.25633595630486167	-0.11981942635405018	0.14049624730999546	-0.088856814625953	0.10682805097923956	-0.12078899198837159	0.15712032745940924	-0.12320237887804551	0.06646071897799974	-0.083405465932785	0.08154148195765148	-0.1120991658908449	0.08361351621154672	-0.08440633504940952	0.07312100064258176	-0.08058573798836928	0.06547944796550212	-0.06682942954509626	0.07107961740680827	-0.08514128898773751	0.061330851779005394	-0.04806718918785867	0.031352233419932665	-0.029530295417188414
0.2654059438479768	-0.37611698929377013	1.0	-0.6108961837085441	0.25837747761106006	-0.1043061350440829	0.1726432312856803	-0.4035217629240701	0.29499913500760916	-0.26218724983643543	0.08791977862367253	-0.17919582312737056	0.21885270152028735	-0.27407571428634653	0.1478579540316581	-0.10603107121278363	0.11958705050283379	-0.2686830593256991	0.19973146659838042	-0.11015329679418212	0.09644023177330224	-0.097029298655373	0.15106538008411788	-0.12705949081186976	0.13313104659983668	-0.08721381640071822	0.10094136705858299	-0.08559205759392444	0.10108389487634085	-0.10997296873548697	0.10809192058684688	-0.07804407420309231	0.06312086972298869	-0.04580446133359552	0.043032743028326784
-0.2235501288070692	0.18579383071079442	-0.6108961837085441	1.0000000000000004	-0.3851404897839398	0.0756122304999844	-0.12515872344874782	0.2734735994058861	-0.5547567573755829	0.2557230204202893	-0.06587285498314888	0.12215722795655073	-0.18951212418638766	0.24000383078233092	-0.14328187773589157	0.08299965550341423	-0.09598891943293833	0.20764547995318605	-0.1886623015727465	0.10270226724797188	-0.08064543302869022	0.0811172206938957	-0.13184596357422534	0.11246100172738727	-0.12479031154228477	0.07262424341889002	-0.08615528128614514	0.07289230948722641	-0.09133292619357176	0.09838084950893397	-0.09268882522341751	0.0661602628486544	-0.05419773817438639	0.04024526988918066	-0.037974684061930386
0.18548504516517764	-0.15006250790387982	0.25837747761106006	-0.3851404897839398	0.9999999999999997	-0.09022868441647275	0.12071407877359579	-0.28545135635556196	0.28010691455655534	-0.6468399422197154	0.07835160656649053	-0.1330864837156864	0.2051738179055697	-0.28040526251465775	0.22382793605418916	-0.11135280093807742	0.12702148774681404	-0.3077316469456675	0.24510601766547355	-0.16850592948836438	0.1143454403985686	-0.11626385840917289	0.1922658045743817	-0.17136245108344778	0.19026236851694647	-0.10538217641849477	0.12582861880767748	-0.10999410870120571	0.13759385693133244	-0.1582889312778324	0.13654448467264668	-0.09868915993629777	0.08131966111046222	-0.06395786550171015	0.05966424254631891
-0.17836192985286575	0.13436148106381232	-0.1043061350440829	0.0756122304999844	-0.09022868441647275	1.0	-0.2807588740263022	0.08691547872469182	-0.07224957603924882	0.08125258828394391	-0.8613076227979315	0.23945296863968007	-0.07500122958186177	0.08363721165086607	-0.06279716825084657	0.21358193342637605	-0.22556502110047688	0.11076852952006919	-0.09177297521818892	0.047840546687281674	-0.135884400025953	0.11245134980895549	-0.12312307795743214	0.07195133032363657	-0.06517208512062567	0.09977411333676312	-0.1030985095653876	0.0738091867273278	-0.05729191674421913	0.0581536239586898	-0.10747014701981268	0.07322299103677107	-0.054683974854933516	0.029029143810308685	-0.027511544091388482
0.2740800780561304	-0.4255974688837941	0.1726432312856803	-0.12515872344874782	0.12071407877359579	-0.2807588740263022	0.9999999999999998	-0.1386212937192425	0.1077933915140212	-0.11437499597534569	0.20944161618392293	-0.751870087061362	0.11393403459113781	-0.12328501708796749	0.07993118348807948	-0.16974287630466145	0.1822206873479602	-0.15108010925896287	0.11440033518738735	-0.060541793869358526	0.1079341255735879	-0.10516836194873479	0.1218024166093326	-0.0833189373769984	0.0789693047244578	-0.09234984665620302	0.09498366217498296	-0.07493967536012348	0.06586455663488905	-0.06904692006944183	0.09782560466652972	-0.07184552653780865	0.05432633476571992	-0.03222336665453566	0.03032824563012202
-0.2256028957658674	0.16905497209027734	-0.4035217629240701	0.2734735994058861	-0.28545135635556196	0.08691547872469182	-0.1386212937192425	0.9999999999999989	-0.4765027774320337	0.23990562583896188	-0.07815961308516924	0.1400416057811176	-0.5656554055315893	0.31605501585420115	-0.17815847866772402	0.10296559068251301	-0.12367241470312115	0.2925122161783246	-0.2675275805571296	0.12693775101726926	-0.10420405961846245	0.10468907649802345	-0.1766129083414767	0.1449034148459528	-0.16009628578919619	0.09254744519603694	-0.11193922898980728	0.09281292217146896	-0.11895232662483314	0.12309026583573139	-0.12040334983699048	0.08450266309255297	-0.06961092619312087	0.050515810420475336	-0.04802078612814466
0.17213106635668385	-0.14210497198253766	0.29499913500760916	-0.5547567573755829	0.28010691455655534	-0.07224957603924882	0.1077933915140212	-0.4765027774320337	0.999999999999999	-0.3635075617146095	0.06351238521426246	-0.11412334133931158	0.26030655763379223	-0.45123137532743124	0.17107328993657694	-0.08558791750022011	0.09980121105564449	-0.25761344632022914	0.22334036073575203	-0.12240092217659276	0.08545384343236746	-0.08672364555910447	0.14394780531381507	-0.1292474547143636	0.14218147642510612	-0.07715970322605686	0.09243908155743655	-0.07902579086008447	0.1033344596899672	-0.11205035555254671	0.09916786157714155	-0.07118243513072611	0.05873768740911768	-0.044940455949314534	0.04235870081356033
-0.19185190541030298	0.13879038920600625	-0.26218724983643543	0.2557230204202893	-0.6468399422197154	0.08125258828394391	-0.11437499597534569	0.23990562583896188	-0.3635075617146095	0.9999999999999988	-0.07202382020456247	0.1196300786868597	-0.19062820206798917	0.25165282490048385	-0.3842698602453392	0.10233364124911891	-0.11947743108216034	0.2455078007849515	-0.2781311104448255	0.21185061314415837	-0.11028145928308278	0.11183823427144586	-0.19278391484093854	0.17404257884775545	-0.25435599802259784	0.10007569801316592	-0.12292325960495132	0.10621252620982621	-0.15271285537065615	0.16853710463275498	-0.13321034668474804	0.09480324591767966	-0.07988684183090902	0.06501749913227059	-0.06187264878820585
0.13895907149354925	-0.1139497767662535	0.08791977862367253	-0.06587285498314888	0.07835160656649053	-0.8613076227979315	0.20944161618392293	-0.07815961308516924	0.06351238521426246	-0.07202382020456247	0.9999999999999986	-0.29462193890003235	0.06845596425416804	-0.0755225381971057	0.05549393697317775	-0.2917812426645421	0.20493699555824246	-0.10219085985628974	0.08118105259928877	-0.04247534011754806	0.12746240637558592	-0.10672006036442239	0.10833886584532423	-0.06479759762876519	0.057675346010655805	-0.0968332903157728	0.09253472803571837	-0.0678955988688534	0.05109786693697387	-0.05225101758714113	0.09540338064343835	-0.06735216829898978	0.04953556361099287	-0.02622157254583237	0.024754992014142024
-0.33320106105422215	0.25633595630486167	-0.17919582312737056	0.12215722795655073	-0.1330864837156864	0.23945296863968007	-0.751870087061362	0.1400416057811176	-0.11412334133931158	0.1196300786868597	-0.29462193890003235	0.9999999999999953	-0.13350527139643087	0.12971661431784903	-0.08802988703103967	0.19580141887215147	-0.28097584796639075	0.1599486086451178	-0.12796507055216003	0.0663579659747747	-0.13039249452851603	0.12508875787307247	-0.14428206806019453	0.09275939980208767	-0.08788974922279714	0.10594699742982973	-0.11319001694980683	0.08520864268062855	-0.07387708744946715	0.07621845924306737	-0.11490841451506255	0.0824353903838338	-0.06248591295277311	0.03599998137825628	-0.03402475220302116
0.1576731158226318	-0.11981942635405018	0.21885270152028735	-0.18951212418638766	0.2051738179055697	-0.07500122958186177	0.11393403459113781	-0.5656554055315893	0.26030655763379223	-0.19062820206798917	0.06845596425416804	-0.13350527139643087	1.0000000000000016	-0.5354728448280841	0.1543815506881121	-0.09403575128518182	0.11401689394338278	-0.5194124986490656	0.2499919167620348	-0.11355163993455046	0.09122399153735097	-0.0930623597747318	0.15467054149399773	-0.13221472995907557	0.13619090469853876	-0.08101448392283749	0.09711585966915903	-0.08126668860229248	0.10438270586372922	-0.10874798439082843	0.10323642203514466	-0.07367805471480349	0.0604816237859194	-0.044280032386097595	0.041920999886027474
-0.19346249864390275	0.14049624730999546	-0.27407571428634653	0.24000383078233092	-0.28040526251465775	0.08363721165086607	-0.12328501708796749	0.31605501585420115	-0.45123137532743124	0.25165282490048385	-0.0755225381971057	0.12971661431784903	-0.5354728448280841	0.9999999999999982	-0.2528567192288264	0.10536164798580966	-0.12619607748442144	0.3110047443813421	-0.4343765716855666	0.16974519733944093	-0.1101881714984912	0.11223264769088559	-0.19401171605162612	0.18332885245453728	-0.19720141558376	0.09864649014346145	-0.12064712053230107	0.1028378111013749	-0.14621506365883233	0.15094550280959504	-0.12885798009081567	0.09206343008258416	-0.07684718676532697	0.05940917996851845	-0.056355050303489376
0.11972795390627004	-0.088856814625953	0.1478579540316581	-0.14328187773589157	0.22382793605418916	-0.06279716825084657	0.07993118348807948	-0.17815847866772402	0.17107328993657694	-0.3842698602453392	0.05549393697317775	-0.08802988703103967	0.1543815506881121	-0.2528567192288264	1.0000000000000009	-0.08515059600437266	0.0975261514541152	-0.23204402631097937	0.247578847215531	-0.7051234542825924	0.09260370457882039	-0.09730565317054915	0.16503080349698754	-0.2011641762085187	0.2957460750990778	-0.0867888963110983	0.10649174981771145	-0.1024546657065008	0.16182297543756105	-0.23951035207623814	0.11237634693849277	-0.0873474878375854	0.07522437067592884	-0.08027699650928732	0.07321193032758043
-0.14494561684972757	0.10682805097923956	-0.10603107121278363	0.08299965550341423	-0.11135280093807742	0.21358193342637605	-0.16974287630466145	0.10296559068251301	-0.08558791750022011	0.10233364124911891	-0.2917812426645421	0.19580141887215147	-0.09403575128518182	0.10536164798580966	-0.08515059600437266	0.9999999999999981	-0.7268249127717581	0.1582229770707884	-0.12775125821879946	0.0660884707782526	-0.4161489066362677	0.24937128665269004	-0.2147243917218458	0.1119168994412945	-0.09239285155628257	0.2134204784196108	-0.20046885697165823	0.13260800135582979	-0.08732795269955898	0.08732139663416337	-0.20131844168297475	0.13602582142039144	-0.09761958532036862	0.046761246674327385	-0.04422906414324537
0.1531982194898195	-0.12078899198837159	0.11958705050283379	-0.09598891943293833	0.12702148774681404	-0.22556502110047688	0.1822206873479602	-0.12367241470312115	0.09980121105564449	-0.11947743108216034	0.20493699555824246	-0.28097584796639075	0.11401689394338278	-0.12619607748442144	0.0975261514541152	-0.7268249127717581	0.9999999999999981	-0.21328248884117934	0.14635503530622573	-0.07607739449737352	0.27124055375007694	-0.3462273294435471	0.2217826083476979	-0.1296131636171892	0.10496239806174877	-0.22216151145308222	0.2043654164721798	-0.1511331055826421	0.09862193809725255	-0.10101839841206083	0.18862644513927604	-0.15126032021413066	0.10583249399272555	-0.05294276102484509	0.04958170876191076
-0.22728718097087997	0.15712032745940924	-0.2686830593256991	0.20764547995318605	-0.3077316469456675	0.11076852952006919	-0.15108010925896287	0.2925122161783246	-0.25761344632022914	0.2455078007849515	-0.10219085985628974	0.1599486086451178	-0.5194124986490656	0.3110047443813421	-0.23204402631097937	0.1582229770707884	-0.21328248884117934	0.9999999999999964	-0.45433126050010675	0.17142878112823226	-0.1638721891520882	0.1662183989658372	-0.2967193597074935	0.217320138803304	-0.22492139607590492	0.14197048017830308	-0.17489751921198052	0.1408261146595848	-0.1775736057720355	0.17490337942257858	-0.1857575301331541	0.12890484721907836	-0.10611893626308817	0.07313542478051867	-0.06995466050046614
0.16495549379584767	-0.12320237887804551	0.19973146659838042	-0.1886623015727465	0.24510601766547355	-0.09177297521818892	0.11440033518738735	-0.2675275805571296	0.22334036073575203	-0.2781311104448255	0.08118105259928877	-0.12796507055216003	0.2499919167620348	-0.4343765716855666	0.247578847215531	-0.12775125821879946	0.14635503530622573	-0.45433126050010675	0.9999999999999937	-0.2694373528042436	0.13530840892222876	-0.1456659622348735	0.2500630698821735	-0.4466694226377855	0.25110156083508517	-0.12630004624090632	0.15331809853142922	-0.14548744201353064	0.2369644231776457	-0.2601977011142832	0.15941593758179795	-0.12394018490222407	0.10491339268644925	-0.09464110788008276	0.08719597433217632
-0.09076445521104289	0.06646071897799974	-0.11015329679418212	0.10270226724797188	-0.16850592948836438	0.047840546687281674	-0.060541793869358526	0.12693775101726926	-0.12240092217659276	0.21185061314415837	-0.04247534011754806	0.0663579659747747	-0.11355163993455046	0.16974519733944093	-0.7051234542825924	0.0660884707782526	-0.07607739449737352	0.17142878112823226	-0.2694373528042436	0.9999999999999992	-0.07351545521712596	0.07761727667960384	-0.13517721473062794	0.17161275594960287	-0.5474351461472379	0.06858740445764777	-0.0855524423533734	0.08279329255034583	-0.15579950875635645	0.21467113713581154	-0.08962148262411958	0.06976332639760743	-0.061546644168574964	0.06766094104607956	-0.0642773794362577
0.11120989709861526	-0.083405465932785	0.09644023177330224	-0.08064543302869022	0.1143454403985686	-0.135884400025953	0.1079341255735879	-0.10420405961846245	0.08545384343236746	-0.11028145928308278	0.12746240637558592	-0.13039249452851603	0.09122399153735097	-0.1101881714984912	0.09260370457882039	-0.4161489066362677	0.27124055375007694	-0.1638721891520882	0.13530840892222876	-0.07351545521712596	0.9999999999999944	-0.49236081500651735	0.2496406011233945	-0.1380914260556645	0.10406755688367332	-0.5781345157519545	0.26434898035407667	-0.19033022070097524	0.10397831589052503	-0.10613038568011554	0.27336694562856084	-0.20200610757455748	0.1332351431041066	-0.06034131477677675	0.05630755381467546
-0.11012758013260678	0.08154148195765148	-0.097029298655373	0.0811172206938957	-0.11626385840917289	0.11245134980895549	-0.10516836194873479	0.10468907649802345	-0.08672364555910447	0.11183823427144586	-0.10672006036442239	0.12508875787307247	-0.0930623597747318	0.11223264769088559	-0.09730565317054915	0.24937128665269004	-0.3462273294435471	0.1662183989658372	-0.1456659622348735	0.07761727667960384	-0.49236081500651735	0.9999999999999968	-0.4836738319065266	0.15983847451013752	-0.11182855842896239	0.2671112724273985	-0.5071141272347774	0.20983521303841687	-0.11902963440436751	0.11420943133148402	-0.25587941229333944	0.2171450604296993	-0.1528646605936395	0.06503427508977946	-0.061512134302614575
0.15047678679541998	-0.1120991658908449	0.15106538008411788	-0.13184596357422534	0.1922658045743817	-0.12312307795743214	0.1218024166093326	-0.1766129083414767	0.14394780531381507	-0.19278391484093854	0.10833886584532423	-0.14428206806019453	0.15467054149399773	-0.19401171605162612	0.16503080349698754	-0.2147243917218458	0.2217826083476979	-0.2967193597074935	0.2500630698821735	-0.13517721473062794	0.2496406011233945	-0.4836738319065266	0.9999999999999934	-0.38213392426545467	0.19161623587825324	-0.24708012672926571	0.2806049439411195	-0.29337960348433006	0.21440602041125917	-0.21298938902053285	0.24657877189784327	-0.23533640314263027	0.18010467676218483	-0.10063835349880998	0.0931237862424037
-0.11543396534545489	0.08361351621154672	-0.12705949081186976	0.11246100172738727	-0.17136245108344778	0.07195133032363657	-0.0833189373769984	0.1449034148459528	-0.1292474547143636	0.17404257884775545	-0.06479759762876519	0.09275939980208767	-0.13221472995907557	0.18332885245453728	-0.2011641762085187	0.1119168994412945	-0.1296131636171892	0.217320138803304	-0.4466694226377855	0.17161275594960287	-0.1380914260556645	0.15983847451013752	-0.38213392426545467	0.9999999999999941	-0.2810612735696289	0.12503836039891908	-0.1656001063511629	0.16023715153226292	-0.6247467610530688	0.2848115494695824	-0.15961080766723817	0.12761058748450166	-0.11700346695798514	0.09782774766845474	-0.09733922080595235
0.11443291444651311	-0.08440633504940952	0.13313104659983668	-0.12479031154228477	0.19026236851694647	-0.06517208512062567	0.0789693047244578	-0.16009628578919619	0.14218147642510612	-0.25435599802259784	0.057675346010655805	-0.08788974922279714	0.13619090469853876	-0.19720141558376	0.2957460750990778	-0.09239285155628257	0.10496239806174877	-0.22492139607590492	0.25110156083508517	-0.5474351461472379	0.10406755688367332	-0.11182855842896239	0.19161623587825324	-0.2810612735696289	0.9999999999999966	-0.09903769718828433	0.12384141784715934	-0.12851117423936487	0.2472974758752439	-0.5278665345410793	0.12816887141337985	-0.10535094164776089	0.09464179937764729	-0.1284139701450126	0.11765633660808615
-0.10034398878231114	0.07312100064258176	-0.08721381640071822	0.07262424341889002	-0.10538217641849477	0.09977411333676312	-0.09234984665620302	0.09254744519603694	-0.07715970322605686	0.10007569801316592	-0.0968332903157728	0.10594699742982973	-0.08101448392283749	0.09864649014346145	-0.0867888963110983	0.2134204784196108	-0.22216151145308222	0.14197048017830308	-0.12630004624090632	0.06858740445764777	-0.5781345157519545	0.2671112724273985	-0.24708012672926571	0.12503836039891908	-0.09903769718828433	0.9999999999999963	-0.33937788029373395	0.19528511844129723	-0.10000677485952214	0.09925053635435704	-0.6058865172325262	0.23090800182369156	-0.1557961743453051	0.06198944683179089	-0.05889066253225051
0.1086154612614415	-0.08058573798836928	0.10094136705858299	-0.08615528128614514	0.12582861880767748	-0.1030985095653876	0.09498366217498296	-0.11193922898980728	0.09243908155743655	-0.12292325960495132	0.09253472803571837	-0.11319001694980683	0.09711585966915903	-0.12064712053230107	0.10649174981771145	-0.20046885697165823	0.2043654164721798	-0.17489751921198052	0.15331809853142922	-0.0855524423533734	0.26434898035407667	-0.5071141272347774	0.2806049439411195	-0.1656001063511629	0.12384141784715934	-0.33937788029373395	0.9999999999999957	-0.4085991704277458	0.13277285518466367	-0.1328345235355115	0.2904988176900019	-0.4923086494537442	0.25717197715688256	-0.09126485053215823	0.08484289009902693
-0.09055781206968264	0.06547944796550212	-0.08559205759392444	0.07289230948722641	-0.10999410870120571	0.0738091867273278	-0.07493967536012348	0.09281292217146896	-0.07902579086008447	0.10621252620982621	-0.0678955988688534	0.08520864268062855	-0.08126668860229248	0.1028378111013749	-0.1024546657065008	0.13260800135582979	-0.1511331055826421	0.1408261146595848	-0.14548744201353064	0.08279329255034583	-0.19033022070097524	0.20983521303841687	-0.29337960348433006	0.16023715153226292	-0.12851117423936487	0.19528511844129723	-0.4085991704277458	0.999999999999994	-0.17383076707334333	0.14202800449945435	-0.3057763099158382	0.31996592933509943	-0.6946061344767229	0.1324630030030727	-0.1360016012996192
0.09135197708080987	-0.06682942954509626	0.10108389487634085	-0.09133292619357176	0.13759385693133244	-0.05729191674421913	0.06586455663488905	-0.11895232662483314	0.1033344596899672	-0.15271285537065615	0.05109786693697387	-0.07387708744946715	0.10438270586372922	-0.14621506365883233	0.16182297543756105	-0.08732795269955898	0.09862193809725255	-0.1775736057720355	0.2369644231776457	-0.15579950875635645	0.10397831589052503	-0.11902963440436751	0.21440602041125917	-0.6247467610530688	0.2472974758752439	-0.10000677485952214	0.13277285518466367	-0.17383076707334333	0.9999999999999941	-0.6043870898079606	0.12872610215767777	-0.11441523802646296	0.11418858396878473	-0.13161591237392845	0.12392494977891874
-0.0984536659887639	0.07107961740680827	-0.10997296873548697	0.09838084950893397	-0.1582889312778324	0.0581536239586898	-0.06904692006944183	0.12309026583573139	-0.11205035555254671	0.16853710463275498	-0.05225101758714113	0.07621845924306737	-0.10874798439082843	0.15094550280959504	-0.23951035207623814	0.08732139663416337	-0.10101839841206083	0.17490337942257858	-0.2601977011142832	0.21467113713581154	-0.10613038568011554	0.11420943133148402	-0.21298938902053285	0.2848115494695824	-0.5278665345410793	0.09925053635435704	-0.1328345235355115	0.14202800449945435	-0.6043870898079606	0.9999999999999936	-0.1341914507746762	0.11066536077083111	-0.11222638920364067	0.17183530499931565	-0.21804370799400463
0.11498026126225491	-0.08514128898773751	0.10809192058684688	-0.09268882522341751	0.13654448467264668	-0.10747014701981268	0.09782560466652972	-0.12040334983699048	0.09916786157714155	-0.13321034668474804	0.09540338064343835	-0.11490841451506255	0.10323642203514466	-0.12885798009081567	0.11237634693849277	-0.20131844168297475	0.18862644513927604	-0.1857575301331541	0.15941593758179795	-0.08962148262411958	0.27336694562856084	-0.25587941229333944	0.24657877189784327	-0.15961080766723817	0.12816887141337985	-0.6058865172325262	0.2904988176900019	-0.3057763099158382	0.12872610215767777	-0.1341914507746762	0.9999999999999936	-0.4513531647929392	0.22341488246467728	-0.08866382636465904	0.08149911724479689
-0.08436935055252984	0.061330851779005394	-0.07804407420309231	0.0661602628486544	-0.09868915993629777	0.07322299103677107	-0.07184552653780865	0.08450266309255297	-0.07118243513072611	0.09480324591767966	-0.06735216829898978	0.0824353903838338	-0.07367805471480349	0.09206343008258416	-0.0873474878375854	0.13602582142039144	-0.15126032021413066	0.12890484721907836	-0.12394018490222407	0.06976332639760743	-0.20200610757455748	0.2171450604296993	-0.23533640314263027	0.12761058748450166	-0.10535094164776089	0.23090800182369156	-0.4923086494537442	0.31996592933509943	-0.11441523802646296	0.11066536077083111	-0.4513531647929392	0.9999999999999929	-0.5840078002049528	0.10756406940061496	-0.1062734066804866
0.06588186025960896	-0.04806718918785867	0.06312086972298869	-0.05419773817438639	0.08131966111046222	-0.054683974854933516	0.05432633476571992	-0.06961092619312087	0.05873768740911768	-0.07988684183090902	0.04953556361099287	-0.06248591295277311	0.0604816237859194	-0.07684718676532697	0.07522437067592884	-0.09761958532036862	0.10583249399272555	-0.10611893626308817	0.10491339268644925	-0.061546644168574964	0.1332351431041066	-0.1528646605936395	0.18010467676218483	-0.11700346695798514	0.09464179937764729	-0.1557961743453051	0.25717197715688256	-0.6946061344767229	0.11418858396878473	-0.11222638920364067	0.22341488246467728	-0.5840078002049528	0.9999999999999921	-0.16599474635764333	0.13412591850465266
-0.043464559915706524	0.031352233419932665	-0.04580446133359552	0.04024526988918066	-0.06395786550171015	0.029029143810308685	-0.03222336665453566	0.050515810420475336	-0.044940455949314534	0.06501749913227059	-0.02622157254583237	0.03599998137825628	-0.044280032386097595	0.05940917996851845	-0.08027699650928732	0.046761246674327385	-0.05294276102484509	0.07313542478051867	-0.09464110788008276	0.06766094104607956	-0.06034131477677675	0.06503427508977946	-0.10063835349880998	0.09782774766845474	-0.1284139701450126	0.06198944683179089	-0.09126485053215823	0.1324630030030727	-0.13161591237392845	0.17183530499931565	-0.08866382636465904	0.10756406940061496	-0.16599474635764333	0.999999999999992	-0.9374290894541523
0.04077427819273437	-0.029530295417188414	0.043032743028326784	-0.037974684061930386	0.05966424254631891	-0.027511544091388482	0.03032824563012202	-0.04802078612814466	0.04235870081356033	-0.06187264878820585	0.024754992014142024	-0.03402475220302116	0.041920999886027474	-0.056355050303489376	0.07321193032758043	-0.04422906414324537	0.04958170876191076	-0.06995466050046614	0.08719597433217632	-0.0642773794362577	0.05630755381467546	-0.061512134302614575	0.0931237862424037	-0.09733922080595235	0.11765633660808615	-0.05889066253225051	0.08484289009902693	-0.1360016012996192	0.12392494977891874	-0.21804370799400463	0.08149911724479689	-0.1062734066804866	0.13412591850465266	-0.9374290894541523	0.9999999999999921
