1.0	-0.17559427498560537	0.08336368092137775	-0.06097144744483722	0.07167333147886848	-0.9454950781185059	0.1537309030550173	-0.08020264539991018	0.05448391262995016	-0.05444749806311438	0.16072536603320092	-0.12373214466567364	0.08748727730333791	-0.058119293714089776	0.055453508467446386	-0.09660678527922596	0.08615558420772637	-0.06652988234353793	0.05836059763863767	-0.047751850803930414	0.07173134958679747	-0.0871126294697744	0.05341292068882881	-0.05431649756988122	0.056672895905235304
-0.17559427498560537	0.9999999999999999	-0.4020030783086205	0.20240423529839047	-0.2357106864496729	0.1481594801229059	-0.7153109413403589	0.209210279016101	-0.1517403097503893	0.145151841281473	-0.2562654599619321	0.2540421823002303	-0.23418610444774965	0.14826659583856208	-0.14789712764039178	0.14111620774258749	-0.1914270530291919	0.14117112572800564	-0.13299262807193324	0.1083550475714611	-0.13223997711012855	0.1507556463833425	-0.10914029261770322	0.10600762484062701	-0.13085309311569396
0.08336368092137775	-0.4020030783086205	1.0	-0.620740694146248	0.30097663691550003	-0.07776512328658694	0.2270348378319417	-0.39022339672109596	0.21971883345674656	-0.20954574083522454	0.16455400999734454	-0.1710806011328132	0.24299065094793354	-0.20941906016475376	0.17827285617616567	-0.10713071008774469	0.13734327488114606	-0.13182675787942771	0.1254487980477673	-0.11390157914038311	0.09738467074076983	-0.12122404496320359	0.09713387470234787	-0.09925490376144679	0.12920343578065271
-0.06097144744483722	0.20240423529839047	-0.620740694146248	1.0	-0.6173162823975544	0.05575496434848952	-0.1655617046780602	0.23073413758482297	-0.27521311939899984	0.21629288166078256	-0.1278475070455142	0.12520646581590458	-0.19495272122200846	0.1987377104938512	-0.1902918104591901	0.08163054839943859	-0.1074799318370107	0.10613342858568449	-0.10692992710122227	0.09995773373397064	-0.07568514742536983	0.09310590625490946	-0.07863943080015084	0.07983286224979474	-0.11349777365618999
0.07167333147886848	-0.2357106864496729	0.30097663691550003	-0.6173162823975544	0.9999999999999998	-0.06697955499176174	0.17604902444058176	-0.27024580382518215	0.24115122424414132	-0.41984029413279517	0.15574570050235387	-0.15386441578370086	0.2177247900627986	-0.2451781238456117	0.24873377709877154	-0.10529389408623795	0.13410872703294763	-0.13958445399261749	0.13686300407358076	-0.1368030049785114	0.09610210869501166	-0.12165178667938968	0.10382644190978355	-0.10788051409439837	0.14916614841051518
-0.9454950781185059	0.1481594801229059	-0.07776512328658694	0.05575496434848952	-0.06697955499176174	1.0000000000000007	-0.17205148617514254	0.07413561794734436	-0.0506987679521909	0.05020263294087917	-0.19441035500112966	0.12092797530020939	-0.08423774638654935	0.05380572111902027	-0.0516517575625198	0.09225672029514455	-0.08447986740437415	0.06252752586949478	-0.05532957582336303	0.04454574458515878	-0.07100405471774127	0.0815901922450758	-0.05039528208283014	0.0504036338989852	-0.05327855958304268
0.1537309030550173	-0.7153109413403589	0.2270348378319417	-0.1655617046780602	0.17604902444058176	-0.17205148617514254	1.0000000000000004	-0.20933325923613594	0.13483132226216382	-0.1331076353477166	0.24652904399565123	-0.43774542422802226	0.2153389075533818	-0.14239528153688083	0.13131670294709924	-0.15781319042503117	0.2041197927930166	-0.15510739154060352	0.13269184866749745	-0.108399054200596	0.1351112552914271	-0.17414201383486466	0.11259512264024972	-0.11361392213346735	0.12652900463699676
-0.08020264539991018	0.209210279016101	-0.39022339672109596	0.23073413758482297	-0.27024580382518215	0.07413561794734436	-0.20933325923613594	1.0000000000000013	-0.3986345547573834	0.20853234204819	-0.19979042103006758	0.2083526416050324	-0.6636488362925831	0.2675822261171995	-0.21522861730008858	0.1219932137523205	-0.16948267323255808	0.16132063798344146	-0.1590858163313418	0.13145398019022872	-0.11415488567251156	0.13841683794761162	-0.11368110954761093	0.11235786839515957	-0.15442377147184158
0.05448391262995016	-0.1517403097503893	0.21971883345674656	-0.27521311939899984	0.24115122424414132	-0.0506987679521909	0.13483132226216382	-0.3986345547573834	1.0000000000000022	-0.3661905127089564	0.13020597144992763	-0.1332183925814944	0.2563432202048069	-0.7135851030018753	0.27361744485219397	-0.0881858594678321	0.11968979506959421	-0.14161010093106968	0.1498333446952615	-0.134852841956588	0.08121690143197238	-0.10467905405486999	0.09282592342389795	-0.09716740978674498	0.1408248687411191
-0.05444749806311438	0.145151841281473	-0.20954574083522454	0.21629288166078256	-0.41984029413279517	0.05020263294087917	-0.1331076353477166	0.20853234204819	-0.3661905127089564	1.0000000000000013	-0.12927926992116157	0.12387577972377901	-0.20450252691544932	0.2805352364254537	-0.7085108550839381	0.08734696917847293	-0.11939872666733514	0.13705935435008273	-0.15444057145020687	0.18154682748761644	-0.08190404230047116	0.1046166548961562	-0.10256113800981817	0.10547537802554786	-0.19861758189958822
0.16072536603320092	-0.2562654599619321	0.16455400999734454	-0.1278475070455142	0.15574570050235387	-0.19441035500112966	0.24652904399565123	-0.19979042103006758	0.13020597144992763	-0.12927926992116157	1.0000000000000042	-0.53415804402206	0.2257090535252642	-0.14487480289787075	0.1335969322401861	-0.49434755036807215	0.27518897057806874	-0.1967308094344389	0.16276420300870376	-0.12857267178297954	0.2627532991218083	-0.31192325310612806	0.15837910387160237	-0.1624682080281905	0.15053141792440472
-0.12373214466567364	0.2540421823002303	-0.1710806011328132	0.12520646581590458	-0.15386441578370086	0.12092797530020939	-0.43774542422802226	0.2083526416050324	-0.1332183925814944	0.12387577972377901	-0.53415804402206	1.0000000000000018	-0.34568040388960325	0.14517317938365368	-0.13101114264018243	0.22626593992078683	-0.4686514828379133	0.20287056879059062	-0.17323848861997054	0.12277444965218204	-0.2057537809264818	0.2436823493737408	-0.14337221692005447	0.13660902286652016	-0.1462259673779285
0.08748727730333791	-0.23418610444774965	0.24299065094793354	-0.19495272122200846	0.2177247900627986	-0.08423774638654935	0.2153389075533818	-0.6636488362925831	0.2563432202048069	-0.20450252691544932	0.2257090535252642	-0.34568040388960325	1.0000000000000018	-0.3220364930829164	0.2005861341068514	-0.15426751441875625	0.2063965066089821	-0.22140256457384805	0.18033475163936044	-0.14791254822141375	0.13531575965770165	-0.17836956691696756	0.13287330023781024	-0.1364527779171431	0.16474926740182141
-0.058119293714089776	0.14826659583856208	-0.20941906016475376	0.1987377104938512	-0.2451781238456117	0.05380572111902027	-0.14239528153688083	0.2675822261171995	-0.7135851030018753	0.2805352364254537	-0.14487480289787075	0.14517317938365368	-0.3220364930829164	1.000000000000003	-0.4207744425659324	0.09662627947856514	-0.13698236397989016	0.16382645097097273	-0.20966196787790692	0.16357135886813176	-0.09050368398899548	0.11574007911147156	-0.10780749402614563	0.11096535926142946	-0.17485520040023564
0.055453508467446386	-0.14789712764039178	0.17827285617616567	-0.1902918104591901	0.24873377709877154	-0.0516517575625198	0.13131670294709924	-0.21522861730008858	0.27361744485219397	-0.7085108550839381	0.1335969322401861	-0.13101114264018243	0.2005861341068514	-0.4207744425659324	1.0000000000000013	-0.0952026286300097	0.12854422862126613	-0.1640841423462178	0.17819580782893102	-0.2864255751260819	0.08772729730943292	-0.11645909015793834	0.11292202609484886	-0.12269022906672036	0.21331276631047075
-0.09660678527922596	0.14111620774258749	-0.10713071008774469	0.08163054839943859	-0.10529389408623795	0.09225672029514455	-0.15781319042503117	0.1219932137523205	-0.0881858594678321	0.08734696917847293	-0.49434755036807215	0.22626593992078683	-0.15426751441875625	0.09662627947856514	-0.0952026286300097	1.0000000000000009	-0.286243114976766	0.15608557172998996	-0.14298741664395284	0.10121237802894567	-0.7087587448168156	0.28782940049686545	-0.15084071467131893	0.1308347269336805	-0.1272017225959488
0.08615558420772637	-0.1914270530291919	0.13734327488114606	-0.1074799318370107	0.13410872703294763	-0.08447986740437415	0.2041197927930166	-0.16948267323255808	0.11968979506959421	-0.11939872666733514	0.27518897057806874	-0.4686514828379133	0.2063965066089821	-0.13698236397989016	0.12854422862126613	-0.286243114976766	1.0000000000000007	-0.42300321023712706	0.2324432717807078	-0.15681467275868347	0.24544792981246966	-0.5499387679234479	0.19857829536650093	-0.19534258447402936	0.17380383398401034
-0.06652988234353793	0.14117112572800564	-0.13182675787942771	0.10613342858568449	-0.13958445399261749	0.06252752586949478	-0.15510739154060352	0.16132063798344146	-0.14161010093106968	0.13705935435008273	-0.1967308094344389	0.20287056879059062	-0.22140256457384805	0.16382645097097273	-0.1640841423462178	0.15608557172998996	-0.42300321023712706	1.0000000000000007	-0.694640338181519	0.24516326865086685	-0.154078840638627	0.2246535766901847	-0.2548444263815469	0.21645595145728252	-0.29187479632855284
0.05836059763863767	-0.13299262807193324	0.1254487980477673	-0.10692992710122227	0.13686300407358076	-0.05532957582336303	0.13269184866749745	-0.1590858163313418	0.1498333446952615	-0.15444057145020687	0.16276420300870376	-0.17323848861997054	0.18033475163936044	-0.20966196787790692	0.17819580782893102	-0.14298741664395284	0.2324432717807078	-0.694640338181519	1.0000000000000018	-0.4436233601706031	0.12936327045944934	-0.20449693069948854	0.20715362238746693	-0.2624292433562061	0.2800820238265985
-0.047751850803930414	0.1083550475714611	-0.11390157914038311	0.09995773373397064	-0.1368030049785114	0.04454574458515878	-0.108399054200596	0.13145398019022872	-0.134852841956588	0.18154682748761644	-0.12857267178297954	0.12277444965218204	-0.14791254822141375	0.16357135886813176	-0.2864255751260819	0.10121237802894567	-0.15681467275868347	0.24516326865086685	-0.4436233601706031	1.0000000000000018	-0.09631110297103104	0.13697914765175534	-0.17740308103433416	0.19353274320626493	-0.7532024499015584
0.07173134958679747	-0.13223997711012855	0.09738467074076983	-0.07568514742536983	0.09610210869501166	-0.07100405471774127	0.1351112552914271	-0.11415488567251156	0.08121690143197238	-0.08190404230047116	0.2627532991218083	-0.2057537809264818	0.13531575965770165	-0.09050368398899548	0.08772729730943292	-0.7087587448168156	0.24544792981246966	-0.154078840638627	0.12936327045944934	-0.09631110297103104	1.0000000000000022	-0.5408219553415178	0.15604741725640953	-0.1472590594632986	0.11597821700944766
-0.0871126294697744	0.1507556463833425	-0.12122404496320359	0.09310590625490946	-0.12165178667938968	0.0815901922450758	-0.17414201383486466	0.13841683794761162	-0.10467905405486999	0.1046166548961562	-0.31192325310612806	0.2436823493737408	-0.17836956691696756	0.11574007911147156	-0.11645909015793834	0.28782940049686545	-0.5499387679234479	0.2246535766901847	-0.20449693069948854	0.13697914765175534	-0.5408219553415178	1.0000000000000022	-0.3143612955907766	0.2128567071156399	-0.1741896450475189
0.05341292068882881	-0.10914029261770322	0.09713387470234787	-0.07863943080015084	0.10382644190978355	-0.05039528208283014	0.11259512264024972	-0.11368110954761093	0.09282592342389795	-0.10256113800981817	0.15837910387160237	-0.14337221692005447	0.13287330023781024	-0.10780749402614563	0.11292202609484886	-0.15084071467131893	0.19857829536650093	-0.2548444263815469	0.20715362238746693	-0.17740308103433416	0.15604741725640953	-0.3143612955907766	1.0000000000000022	-0.8311441103080491	0.20753364735691773
-0.05431649756988122	0.10600762484062701	-0.09925490376144679	0.07983286224979474	-0.10788051409439837	0.0504036338989852	-0.11361392213346735	0.11235786839515957	-0.09716740978674498	0.10547537802554786	-0.1624682080281905	0.13660902286652016	-0.1364527779171431	0.11096535926142946	-0.12269022906672036	0.1308347269336805	-0.19534258447402936	0.21645595145728252	-0.2624292433562061	0.19353274320626493	-0.1472590594632986	0.2128567071156399	-0.8311441103080491	1.0000000000000022	-0.30507952460789
0.056672895905235304	-0.13085309311569396	0.12920343578065271	-0.11349777365618999	0.14916614841051518	-0.05327855958304268	0.12652900463699676	-0.15442377147184158	0.1408248687411191	-0.19861758189958822	0.15053141792440472	-0.1462259673779285	0.16474926740182141	-0.17485520040023564	0.21331276631047075	-0.1272017225959488	0.17380383398401034	-0.29187479632855284	0.2800820238265985	-0.7532024499015584	0.11597821700944766	-0.1741896450475189	0.20753364735691773	-0.30507952460789	1.0000000000000022
