1.0	-0.42192836025640024	0.1378397610178434	-0.09238576395797476	0.05853317654598326	-0.8361721592195588	0.19415375622322809	-0.12670703778591227	0.108435029710629	-0.058449457857431025	0.16904469377011183	-0.17641836730020818	0.13710458241856585	-0.0874933962726898	0.09652811772850868	-0.12424726621125927	0.09927904471989418	-0.09413317491117917	0.10339260135873449	-0.08012539413467702	0.10602803805705925	-0.07777092190502113	0.06340966456675429	-0.05754298486966859	0.05359957728129975	-0.09508165208025737	0.0678446504314522	-0.05328285684960886	0.0486201444399888	-0.062074044890368496
-0.42192836025640024	1.0000000000000002	-0.36416059719646626	0.1976677488397441	-0.1229254160857839	0.2724211460950864	-0.5600421556521993	0.2708896242721667	-0.24161582249722316	0.11868426526053981	-0.22392438340819903	0.287083993111789	-0.27981348059026095	0.17449625159461146	-0.19448656507368578	0.15737661399286643	-0.16848062613286052	0.15652919619847108	-0.20137109378719115	0.15152309680377246	-0.16970657972791495	0.1239631557295083	-0.10968643779208659	0.10031734495243638	-0.09697442920301287	0.14222674385326764	-0.11194535480421651	0.09019130148954096	-0.08553236828823535	0.10922319346901278
0.1378397610178434	-0.36416059719646626	1.0000000000000002	-0.5708785542012279	0.16587555223777475	-0.16226346610480585	0.24991315148161594	-0.571837710093057	0.3183392111555814	-0.17954296023250632	0.1327066632274289	-0.23044022679929582	0.22262443793752554	-0.1725403941549327	0.16011478836405907	-0.1100185371423755	0.11604071576454794	-0.12541371202547233	0.15223750464796423	-0.13581962815389204	0.10995120373350648	-0.09427512650886179	0.08296601167384002	-0.07994513360637535	0.07877812256946402	-0.1103586616992366	0.08079221631428112	-0.07083026305245996	0.06518953611264444	-0.09504390267747861
-0.09238576395797476	0.1976677488397441	-0.5708785542012279	1.0000000000000002	-0.2845944858815856	0.1059362430337414	-0.17821795688224495	0.2942140992167912	-0.6458002031370865	0.21415273835827334	-0.10202630409489076	0.16467423344677584	-0.2076972771264883	0.18141709637928277	-0.1723643159916587	0.08506827810711881	-0.09601268583123458	0.10435521582090096	-0.1495698897001915	0.1281765580487025	-0.08831265750349498	0.07682964562118547	-0.070913384390062	0.0693410783640225	-0.07002614049221721	0.08782003408921689	-0.06644209426220621	0.059804483002459274	-0.056512223127987295	0.08229648575683689
0.05853317654598326	-0.1229254160857839	0.16587555223777475	-0.2845944858815856	1.0000000000000004	-0.07191457239817602	0.10037320721255766	-0.14315041582873764	0.19384086625154096	-0.9038496823120455	0.0707525019166278	-0.11422889983156263	0.13170064301004739	-0.12694265839290195	0.15125002983570254	-0.06228661242997991	0.06980194908927322	-0.07846269813375206	0.11076249174392001	-0.11745045420358584	0.06468413015077458	-0.05902854301599754	0.0545599387491504	-0.05470670584580547	0.058668759158108076	-0.06819434650221529	0.05049204302338309	-0.04676211051608694	0.04410002974518019	-0.07089771353729785
-0.8361721592195588	0.2724211460950864	-0.16226346610480585	0.1059362430337414	-0.07191457239817602	1.0000000000000002	-0.2300289357784349	0.14306452022759636	-0.13292599992571597	0.07014554669460331	-0.2550247029995504	0.19063726536853742	-0.17570395968255662	0.10936018454494986	-0.12417264377628477	0.15097511796062865	-0.12707301462268814	0.11523288975973618	-0.13359482200247746	0.10000496954603574	-0.139268745980914	0.09545792372256581	-0.07952087211851852	0.0714915347455292	-0.06708460369791194	0.11433492517897957	-0.0851157302672962	0.06586380930823622	-0.0611088726850729	0.07604702989291688
0.19415375622322809	-0.5600421556521993	0.24991315148161594	-0.17821795688224495	0.10037320721255766	-0.2300289357784349	1.0000000000000002	-0.42058916765498106	0.21028250313597982	-0.10377910998200472	0.19886409633494584	-0.5651398796094593	0.2374749309230606	-0.1532175346432599	0.15439191045458542	-0.1507148691974676	0.14803605485756605	-0.14448607236589778	0.1593166090657522	-0.12952633719421702	0.14083897269731785	-0.11065376110832723	0.09379173299307879	-0.08649364757608996	0.0818143309702855	-0.12953311609677776	0.09586952684170853	-0.07879379307224836	0.0721257542007794	-0.0960302006772336
-0.12670703778591227	0.2708896242721667	-0.571837710093057	0.2942140992167912	-0.14315041582873764	0.14306452022759636	-0.42058916765498106	1.0000000000000004	-0.49047005627463114	0.14307515411709618	-0.1434891876500975	0.24770371603443195	-0.34021267673592004	0.20491551360937155	-0.1874192362270724	0.11495772082062218	-0.12903103205198263	0.13720952763042948	-0.17522803884673632	0.1470224858578557	-0.11755999314759591	0.09925018696555574	-0.08980088425366439	0.0858002112879682	-0.08419717837284499	0.11346711199531448	-0.08598031843615667	0.07539386399518891	-0.07035152356309844	0.09906072279787838
0.108435029710629	-0.24161582249722316	0.3183392111555814	-0.6458002031370865	0.19384086625154096	-0.13292599992571597	0.21028250313597982	-0.49047005627463114	1.0000000000000007	-0.22668268164003563	0.12274004203543264	-0.21471485934888945	0.24318850173595344	-0.29725959771433136	0.2001535369175673	-0.10549161325697107	0.11590876358707303	-0.13086090986463864	0.17641753573882707	-0.16308341804450827	0.10647975078552295	-0.09549684131696161	0.08670022982691433	-0.08596212297238424	0.08618636619844257	-0.1102767198203135	0.08129068052055727	-0.07418963424717571	0.06894375096837199	-0.10407628432231929
-0.058449457857431025	0.11868426526053981	-0.17954296023250632	0.21415273835827334	-0.9038496823120455	0.07014554669460331	-0.10377910998200472	0.14307515411709618	-0.22668268164003563	0.9999999999999997	-0.07280393178835584	0.1132661473946438	-0.14823924923600484	0.13709366937142572	-0.19438170737093585	0.06309496166941032	-0.07321281908506215	0.08098586387589529	-0.1236401669998745	0.12216634754579274	-0.06685313033738408	0.06024114309589495	-0.05710047586679048	0.057032515657945995	-0.06152683973188571	0.06846251963206663	-0.05211131546751242	0.04829278651073475	-0.04635432573749074	0.0718341961586627
0.16904469377011183	-0.22392438340819903	0.1327066632274289	-0.10202630409489076	0.0707525019166278	-0.2550247029995504	0.19886409633494584	-0.1434891876500975	0.12274004203543264	-0.07280393178835584	0.9999999999999992	-0.4092614948825434	0.19652199520882144	-0.12514957931621298	0.13597077060787097	-0.6970852383404937	0.23036174209502094	-0.2176804537147755	0.1590441812409603	-0.12699642187979873	0.26526663211392487	-0.18704362233449362	0.12847299175168786	-0.1124680537044701	0.0936917192562219	-0.2519911048695993	0.15185334755846971	-0.11123346118945128	0.09354909481016789	-0.11266253095795459
-0.17641836730020818	0.287083993111789	-0.23044022679929582	0.16467423344677584	-0.11422889983156263	0.19063726536853742	-0.5651398796094593	0.24770371603443195	-0.21471485934888945	0.1132661473946438	-0.4092614948825434	0.9999999999999989	-0.3805375789332441	0.20174338335255768	-0.22128973855242087	0.23345667798028094	-0.25681510272266467	0.2109626895593402	-0.23606968867291128	0.17577552131455307	-0.2301738884964684	0.16277949018841584	-0.13902522082720212	0.12363322707022054	-0.11498698490871663	0.1848266276485337	-0.14529065064417784	0.1134633225786837	-0.10549706397942425	0.12988335703255083
0.13710458241856585	-0.27981348059026095	0.22262443793752554	-0.2076972771264883	0.13170064301004739	-0.17570395968255662	0.2374749309230606	-0.34021267673592004	0.24318850173595344	-0.14823924923600484	0.19652199520882144	-0.3805375789332441	1.0000000000000018	-0.5416958819088503	0.28706894917074677	-0.18529426110167777	0.21749931478858714	-0.30802820117554813	0.27720507830943997	-0.2792421266312313	0.17960648522768222	-0.17680995935217983	0.15981656915301776	-0.1567361765728763	0.14848790988899768	-0.20073799351494662	0.14512477943484858	-0.13822692458060565	0.12235456005796534	-0.1868029818312435
-0.0874933962726898	0.17449625159461146	-0.1725403941549327	0.18141709637928277	-0.12694265839290195	0.10936018454494986	-0.1532175346432599	0.20491551360937155	-0.29725959771433136	0.13709366937142572	-0.12514957931621298	0.20174338335255768	-0.5416958819088503	0.9999999999999996	-0.590304010877367	0.1143183001780849	-0.14451602934293792	0.17662451462072185	-0.39809937398470335	0.2855214308577765	-0.11858727476261266	0.11576122302620047	-0.11764191253159582	0.12354885703915855	-0.1258359706729261	0.1265334236128524	-0.09828823480378926	0.09829403938136501	-0.09623587108357322	0.14417983464712603
0.09652811772850868	-0.19448656507368578	0.16011478836405907	-0.1723643159916587	0.15125002983570254	-0.12417264377628477	0.15439191045458542	-0.1874192362270724	0.2001535369175673	-0.19438170737093585	0.13597077060787097	-0.22128973855242087	0.28706894917074677	-0.590304010877367	0.9999999999999994	-0.1284368452477618	0.15098346406469393	-0.186679263591768	0.310436769275185	-0.5629984970693154	0.13258124123031004	-0.1324231356589599	0.13010025284882049	-0.14060110891709043	0.16669812797671452	-0.14856092803038198	0.11120651244424544	-0.1125015380330876	0.10811772440400594	-0.19898265031833973
-0.12424726621125927	0.15737661399286643	-0.1100185371423755	0.08506827810711881	-0.06228661242997991	0.15097511796062865	-0.1507148691974676	0.11495772082062218	-0.10549161325697107	0.06309496166941032	-0.6970852383404937	0.23345667798028094	-0.18529426110167777	0.1143183001780849	-0.1284368452477618	0.9999999999999996	-0.33728929563581966	0.21407155421242585	-0.1557582718372714	0.11667783755784512	-0.46630976882537317	0.18860756261414624	-0.12953865908598033	0.10691070828774707	-0.08790814005537054	0.2384413619416035	-0.16042160640148553	0.10666739681356788	-0.09155830074542579	0.10173520176500789
0.09927904471989418	-0.16848062613286052	0.11604071576454794	-0.09601268583123458	0.06980194908927322	-0.12707301462268814	0.14803605485756605	-0.12903103205198263	0.11590876358707303	-0.07321281908506215	0.23036174209502094	-0.25681510272266467	0.21749931478858714	-0.14451602934293792	0.15098346406469393	-0.33728929563581966	1.0000000000000016	-0.7235155128234243	0.20410636021863793	-0.16077655666852134	0.22936973626949939	-0.3288421537111932	0.21562781465276648	-0.1688505969165604	0.12148750389117485	-0.2287579732401137	0.2060017511233901	-0.17205414287210125	0.13560451191665115	-0.14488117715430335
-0.09413317491117917	0.15652919619847108	-0.12541371202547233	0.10435521582090096	-0.07846269813375206	0.11523288975973618	-0.14448607236589778	0.13720952763042948	-0.13086090986463864	0.08098586387589529	-0.2176804537147755	0.2109626895593402	-0.30802820117554813	0.17662451462072185	-0.186679263591768	0.21407155421242585	-0.7235155128234243	1.0000000000000016	-0.2940697305548334	0.18556424760682524	-0.21618111704318874	0.23274846896777732	-0.31583559660259797	0.18797666835256072	-0.13877698474811032	0.19278475273058127	-0.19823626068411393	0.18360655255355557	-0.15900474783345056	0.15271230592290141
0.10339260135873449	-0.20137109378719115	0.15223750464796423	-0.1495698897001915	0.11076249174392001	-0.13359482200247746	0.1593166090657522	-0.17522803884673632	0.17641753573882707	-0.1236401669998745	0.1590441812409603	-0.23606968867291128	0.27720507830943997	-0.39809937398470335	0.310436769275185	-0.1557582718372714	0.20410636021863793	-0.2940697305548334	0.9999999999999988	-0.623865843337047	0.1638169065294626	-0.17750385247160028	0.19429394394714886	-0.2609285782443935	0.21398378379070665	-0.18507284193814602	0.14696287118020138	-0.1685727083945227	0.1666981214084435	-0.25532984333721753
-0.08012539413467702	0.15152309680377246	-0.13581962815389204	0.1281765580487025	-0.11745045420358584	0.10000496954603574	-0.12952633719421702	0.1470224858578557	-0.16308341804450827	0.12216634754579274	-0.12699642187979873	0.17577552131455307	-0.2792421266312313	0.2855214308577765	-0.5629984970693154	0.11667783755784512	-0.16077655666852134	0.18556424760682524	-0.623865843337047	1.000000000000002	-0.1308042654780015	0.13152877757231188	-0.1566250806671426	0.17632614444081054	-0.28640032707058183	0.13490144222384923	-0.11611258007685156	0.12629763170159738	-0.13911390526230744	0.22745436104037906
0.10602803805705925	-0.16970657972791495	0.10995120373350648	-0.08831265750349498	0.06468413015077458	-0.139268745980914	0.14083897269731785	-0.11755999314759591	0.10647975078552295	-0.06685313033738408	0.26526663211392487	-0.2301738884964684	0.17960648522768222	-0.11858727476261266	0.13258124123031004	-0.46630976882537317	0.22936973626949939	-0.21618111704318874	0.1638169065294626	-0.1308042654780015	0.9999999999999992	-0.3573705589783874	0.16923177583382112	-0.1427722271668145	0.10931982554421002	-0.6397189854176383	0.26960480148630883	-0.1522814884271829	0.12140233057388448	-0.13228115239568639
-0.07777092190502113	0.1239631557295083	-0.09427512650886179	0.07682964562118547	-0.05902854301599754	0.09545792372256581	-0.11065376110832723	0.09925018696555574	-0.09549684131696161	0.06024114309589495	-0.18704362233449362	0.16277949018841584	-0.17680995935217983	0.11576122302620047	-0.1324231356589599	0.18860756261414624	-0.3288421537111932	0.23274846896777732	-0.17750385247160028	0.13152877757231188	-0.3573705589783874	1.0000000000000002	-0.33507218571235636	0.18693551588382037	-0.12475322667854033	0.29786783689883795	-0.6927380974429396	0.21702637915336806	-0.17607155753055626	0.1368562282119809
0.06340966456675429	-0.10968643779208659	0.08296601167384002	-0.070913384390062	0.0545599387491504	-0.07952087211851852	0.09379173299307879	-0.08980088425366439	0.08670022982691433	-0.05710047586679048	0.12847299175168786	-0.13902522082720212	0.15981656915301776	-0.11764191253159582	0.13010025284882049	-0.12953865908598033	0.21562781465276648	-0.31583559660259797	0.19429394394714886	-0.1566250806671426	0.16923177583382112	-0.33507218571235636	0.9999999999999994	-0.5248797082288704	0.18433831977830464	-0.18352690038993597	0.2249843586478733	-0.5772284496349062	0.31180823803086094	-0.2137060628390728
-0.05754298486966859	0.10031734495243638	-0.07994513360637535	0.0693410783640225	-0.05470670584580547	0.0714915347455292	-0.08649364757608996	0.0858002112879682	-0.08596212297238424	0.057032515657945995	-0.1124680537044701	0.12363322707022054	-0.1567361765728763	0.12354885703915855	-0.14060110891709043	0.10691070828774707	-0.1688505969165604	0.18797666835256072	-0.2609285782443935	0.17632614444081054	-0.1427722271668145	0.18693551588382037	-0.5248797082288704	0.9999999999999998	-0.3233179789965587	0.14400960995763396	-0.17642311235061375	0.31492295352442184	-0.6154603985509304	0.2388421784753887
0.05359957728129975	-0.09697442920301287	0.07877812256946402	-0.07002614049221721	0.058668759158108076	-0.06708460369791194	0.0818143309702855	-0.08419717837284499	0.08618636619844257	-0.06152683973188571	0.0936917192562219	-0.11498698490871663	0.14848790988899768	-0.1258359706729261	0.16669812797671452	-0.08790814005537054	0.12148750389117485	-0.13877698474811032	0.21398378379070665	-0.28640032707058183	0.10931982554421002	-0.12475322667854033	0.18433831977830464	-0.3233179789965587	0.9999999999999997	-0.11454617088909379	0.11078947583889416	-0.15601812164794673	0.18443148752474808	-0.8399221980695933
-0.09508165208025737	0.14222674385326764	-0.1103586616992366	0.08782003408921689	-0.06819434650221529	0.11433492517897957	-0.12953311609677776	0.11346711199531448	-0.1102767198203135	0.06846251963206663	-0.2519911048695993	0.1848266276485337	-0.20073799351494662	0.1265334236128524	-0.14856092803038198	0.2384413619416035	-0.2287579732401137	0.19278475273058127	-0.18507284193814602	0.13490144222384923	-0.6397189854176383	0.29786783689883795	-0.18352690038993597	0.14400960995763396	-0.11454617088909379	1.0000000000000007	-0.5283110267420834	0.16108419278205371	-0.13880744308318205	0.12671527659199555
0.0678446504314522	-0.11194535480421651	0.08079221631428112	-0.06644209426220621	0.05049204302338309	-0.0851157302672962	0.09586952684170853	-0.08598031843615667	0.08129068052055727	-0.05211131546751242	0.15185334755846971	-0.14529065064417784	0.14512477943484858	-0.09828823480378926	0.11120651244424544	-0.16042160640148553	0.2060017511233901	-0.19823626068411393	0.14696287118020138	-0.11611258007685156	0.26960480148630883	-0.6927380974429396	0.2249843586478733	-0.17642311235061375	0.11078947583889416	-0.5283110267420834	1.0000000000000009	-0.2575955443179036	0.1628782288889463	-0.13068332456536358
-0.05328285684960886	0.09019130148954096	-0.07083026305245996	0.059804483002459274	-0.04676211051608694	0.06586380930823622	-0.07879379307224836	0.07539386399518891	-0.07418963424717571	0.04829278651073475	-0.11123346118945128	0.1134633225786837	-0.13822692458060565	0.09829403938136501	-0.1125015380330876	0.10666739681356788	-0.17205414287210125	0.18360655255355557	-0.1685727083945227	0.12629763170159738	-0.1522814884271829	0.21702637915336806	-0.5772284496349062	0.31492295352442184	-0.15601812164794673	0.16108419278205371	-0.2575955443179036	1.000000000000001	-0.6510431381604582	0.15970547318450812
0.0486201444399888	-0.08553236828823535	0.06518953611264444	-0.056512223127987295	0.04410002974518019	-0.0611088726850729	0.0721257542007794	-0.07035152356309844	0.06894375096837199	-0.04635432573749074	0.09354909481016789	-0.10549706397942425	0.12235456005796534	-0.09623587108357322	0.10811772440400594	-0.09155830074542579	0.13560451191665115	-0.15900474783345056	0.1666981214084435	-0.13911390526230744	0.12140233057388448	-0.17607155753055626	0.31180823803086094	-0.6154603985509304	0.18443148752474808	-0.13880744308318205	0.1628782288889463	-0.6510431381604582	1.0000000000000009	-0.21317176110232475
-0.062074044890368496	0.10922319346901278	-0.09504390267747861	0.08229648575683689	-0.07089771353729785	0.07604702989291688	-0.0960302006772336	0.09906072279787838	-0.10407628432231929	0.0718341961586627	-0.11266253095795459	0.12988335703255083	-0.1868029818312435	0.14417983464712603	-0.19898265031833973	0.10173520176500789	-0.14488117715430335	0.15271230592290141	-0.25532984333721753	0.22745436104037906	-0.13228115239568639	0.1368562282119809	-0.2137060628390728	0.2388421784753887	-0.8399221980695933	0.12671527659199555	-0.13068332456536358	0.15970547318450812	-0.21317176110232475	1.0000000000000009
