1.0	-0.9506977258079166	0.04875581424163655	-0.03809145145388451	0.040804088121339066	-0.13984476386813305	0.17552109419879625	-0.11690882321970805	0.09198000070036863	-0.044568949970874176	0.11248700371151592	-0.14151411237857814	0.09949995371230641	-0.06367423083052712	0.047951447855932854	-0.08302561247825471	0.07472336418359145	-0.07336126203344216	0.061314968052864294	-0.050861820911223196	0.07402137816691447	-0.059128387625453305	0.05177152815758207	-0.04905678213140989	0.04712992546831194	-0.028302845614978336	0.02825092067495294	-0.03652191337881518	0.037843152140347835	-0.035789286166592084	0.02107834055582805	-0.020861144288483457	0.038831999752231984	-0.05939442028411157	0.03778791359206893	-0.005823224032566486	0.005664185650695857	-0.06498734515190542	0.0357315403434732	-0.06873451765390162
-0.9506977258079166	0.9999999999999993	-0.048018089658386255	0.03640904487594437	-0.038822473284352385	0.12550076233822105	-0.21464788649097308	0.10696856363761988	-0.08891350564690727	0.041749418822477014	-0.11313018750270408	0.12907734910388072	-0.09682140760660182	0.05873063496987591	-0.04448777644362933	0.07442853053178158	-0.06997738239400113	0.06625300485322996	-0.05717220640811498	0.046318353784734694	-0.06911653237901462	0.05358869062713844	-0.04769310469813528	0.043812225501993124	-0.04232189891492007	0.025442039607936815	-0.025515455865474997	0.0323808656323471	-0.03380384348629042	0.03171614347944569	-0.0188895028236957	0.018630773650271104	-0.03454538215180014	0.052120026266579446	-0.033409875692145104	0.005082220881140496	-0.004946784717541942	0.056218754755935275	-0.03097023093559751	0.059473849587649986
0.04875581424163655	-0.048018089658386255	0.9999999999999991	-0.8431736790183324	0.2693151954094564	-0.057864592786160705	0.0799325153047576	-0.14122979222028853	0.19720726387267115	-0.3220040919150761	0.06479046929617933	-0.08026104605772245	0.1069542420871363	-0.11973741617746053	0.1285353149454262	-0.08168908243626637	0.07098237377562619	-0.08705579245843652	0.10917951982738545	-0.14173414164716408	0.08681310846925269	-0.06544901346725936	0.061702590110567467	-0.09256491324700777	0.0919080797180638	-0.04308091549859942	0.04293215620144519	-0.06784277258679193	0.07087601452432164	-0.0703344031047672	0.03536811683022421	-0.035274123754736604	0.07161081099868954	-0.1166900012436738	0.07345982420968042	-0.011163525916739019	0.010833346913965827	-0.12970360215133203	0.07112350824225125	-0.13740926963253583
-0.03809145145388451	0.03640904487594437	-0.8431736790183324	0.9999999999999996	-0.40968709356409283	0.04452414249648547	-0.06302328750713794	0.10683686254617873	-0.19295386862650465	0.25138567522408867	-0.05049481810146793	0.061954818193495194	-0.08578227974836862	0.09436957563189813	-0.10386066815157322	0.06044548832132839	-0.05365559984300528	0.06500998078142613	-0.08591571928959249	0.10543385343515128	-0.06486977590279853	0.04867619414114177	-0.04638855677041566	0.06760015329443778	-0.0674798273573514	0.031247917497495302	-0.03125328157281578	0.048745862598205694	-0.05156231924132432	0.05061183804200886	-0.025570652927591194	0.025428999077059224	-0.05158772571967995	0.08283012682251492	-0.05265032083738549	0.007832707801757925	-0.007606484455489303	0.09022991366910382	-0.049601283981855815	0.09563553962094645
0.040804088121339066	-0.038822473284352385	0.2693151954094564	-0.40968709356409283	0.999999999999999	-0.05462258116987472	0.07449337277468292	-0.12202511931583084	0.2132114787155246	-0.7921664751958319	0.061915339495316905	-0.07643709498784658	0.10153710922989852	-0.1341563087140593	0.17529990816920796	-0.08069257786530222	0.07051315778303216	-0.08763167802476624	0.12054192425778963	-0.18364049818177172	0.08708950795723008	-0.06543567866543915	0.06232606936800668	-0.09695645553063052	0.09795689050508645	-0.04346190673475549	0.043437989341927614	-0.06936162282205513	0.07356540662063045	-0.07318299078335942	0.035889861671324616	-0.0357398665867299	0.07318371593329163	-0.11873041136829293	0.07542086130568808	-0.01108606521885791	0.010764700708930298	-0.1280508286419591	0.07044306572956599	-0.1358219164421211
-0.13984476386813305	0.12550076233822105	-0.057864592786160705	0.04452414249648547	-0.05462258116987472	0.999999999999999	-0.5157755875081282	0.19018384064283753	-0.1424724383055851	0.05891182773978513	-0.759037912209773	0.2831264524676799	-0.19068528067622606	0.09753861280462796	-0.06918330222361621	0.15299978015234952	-0.14115812722507598	0.11681005106878282	-0.09366825333252571	0.07109826825110789	-0.1325783269273952	0.09706899724210469	-0.08573507071833658	0.06773120019121667	-0.06444839957750598	0.04215017656335922	-0.04247031516482418	0.049553369719672495	-0.05189895076635174	0.047686132442755234	-0.03010896895098575	0.02953787713907836	-0.05285749290114278	0.07739191686527544	-0.04996980106134849	0.007535401127676849	-0.00734567143705394	0.08130818935387368	-0.04493270846397047	0.08600154666711865
0.17552109419879625	-0.21464788649097308	0.0799325153047576	-0.06302328750713794	0.07449337277468292	-0.5157755875081282	0.9999999999999986	-0.38822558846068683	0.19400640767658572	-0.08298251170724501	0.3087221562654841	-0.5760472181059775	0.2728548050104399	-0.1402734425374332	0.09481551491012441	-0.183685569195841	0.17736042428486679	-0.16162193736099095	0.12712972638577325	-0.09965760732381256	0.15104551704007482	-0.12963046996384447	0.11114442652390323	-0.09439002787519743	0.08855566027742279	-0.0551238558822891	0.055146816011686965	-0.0685640088104927	0.07166649768658312	-0.06654960800843007	0.04006697966963871	-0.03962807108452338	0.07259201344375488	-0.10915350749395901	0.06973085165947447	-0.010588779312486231	0.010308848347316726	-0.11649882274288229	0.06421474849096849	-0.12324058858999724
-0.11690882321970805	0.10696856363761988	-0.14122979222028853	0.10683686254617873	-0.12202511931583084	0.19018384064283753	-0.38822558846068683	0.9999999999999976	-0.4536548036829276	0.1341435265786932	-0.22270622299160714	0.28302220068231365	-0.6555962467697278	0.21357389325768247	-0.14040945736819022	0.15860640585056843	-0.16397507219766105	0.1723818107052141	-0.1894528775088778	0.13844820853081016	-0.16115876924666106	0.12564964164340195	-0.12331111532526774	0.11927257818372222	-0.1128129628459821	0.061564143938476666	-0.062209939693668954	0.08334311469913754	-0.08992624758344892	0.08263014622530178	-0.04692004796033853	0.046228377405775886	-0.0886453187072027	0.13287786417241212	-0.08598962967228523	0.012562917859010758	-0.012233344581268582	0.13880731877766309	-0.07673073923337417	0.14702070324818342
0.09198000070036863	-0.08891350564690727	0.19720726387267115	-0.19295386862650465	0.2132114787155246	-0.1424724383055851	0.19400640767658572	-0.4536548036829276	0.9999999999999961	-0.30955632972857616	0.15441061525012117	-0.20261171318006496	0.26981122538078056	-0.38277502011758974	0.22217061440061148	-0.19354386285881583	0.16771870262920183	-0.21181124348355915	0.26135254429410465	-0.24456265218520276	0.1972417436685373	-0.15451494781530958	0.14466790353478487	-0.21197813510653057	0.1955028198842279	-0.09707577550494229	0.09644797065876473	-0.15173793654678927	0.15791461989421107	-0.15269241596504504	0.0785886867244416	-0.07860042706971147	0.15841592011177807	-0.2571636794964259	0.1602305984678268	-0.024707940231866912	0.02397388723714587	-0.28694536883537036	0.15715744130123624	-0.3037383800151936
-0.044568949970874176	0.041749418822477014	-0.3220040919150761	0.25138567522408867	-0.7921664751958319	0.05891182773978513	-0.08298251170724501	0.1341435265786932	-0.30955632972857616	0.999999999999996	-0.06785175591495114	0.08293480272187302	-0.11620870138009251	0.15072040716676025	-0.25677047292170346	0.08212936013767487	-0.07419347899584555	0.09058612180402596	-0.1373843573217998	0.19020399973855504	-0.09032828233758261	0.06721325485038113	-0.06522804778483378	0.09742796944261284	-0.10045804137036407	0.0430620665353623	-0.04332110195094274	0.06785356335266447	-0.07368630049790884	0.07202661064230076	-0.03546979850987185	0.035132683562955944	-0.07205425530806492	0.11380568222727808	-0.07378802400735229	0.010400235952065053	-0.010112263249809274	0.11826137742041319	-0.0653839022548416	0.12556855840360368
0.11248700371151592	-0.11313018750270408	0.06479046929617933	-0.05049481810146793	0.061915339495316905	-0.759037912209773	0.3087221562654841	-0.22270622299160714	0.15441061525012117	-0.06785175591495114	0.9999999999999937	-0.43780368324507873	0.20627509395683813	-0.11549245649175938	0.08049424103933481	-0.22343688348544422	0.1718051586206055	-0.14711608526469339	0.10842930654059955	-0.08493199387257104	0.15641549684490444	-0.12250562931299845	0.10373957908072717	-0.08278695637354236	0.07797049750254709	-0.051705253857960036	0.05168953542289053	-0.060993827111247415	0.0632522155292484	-0.05857256450690435	0.03673212892296591	-0.036218019532640214	0.06469851615104451	-0.09610164989941072	0.06147591366317067	-0.009407394015867217	0.00916389568908095	-0.10237464399827743	0.05645384906616338	-0.108253074359829
-0.14151411237857814	0.12907734910388072	-0.08026104605772245	0.061954818193495194	-0.07643709498784658	0.2831264524676799	-0.5760472181059775	0.28302220068231365	-0.20261171318006496	0.08293480272187302	-0.43780368324507873	0.9999999999999934	-0.4769668727037887	0.15415828265181222	-0.10227064735230058	0.20128049299578438	-0.2833263354063645	0.1842399734230369	-0.1449017694747742	0.10312913089461494	-0.175376474314742	0.15056261807676774	-0.13299636882649654	0.09647548122255468	-0.0907898917433177	0.05863108503181246	-0.05935010637506697	0.0690665004754703	-0.07329641268252154	0.06649058761914274	-0.04173309952518151	0.041006458682657995	-0.07359505374458655	0.1068571490178187	-0.06933610071063082	0.010299244753534033	-0.010043896464815717	0.11056626443673884	-0.061210115248727236	0.11698912007759531
0.09949995371230641	-0.09682140760660182	0.1069542420871363	-0.08578227974836862	0.10153710922989852	-0.19068528067622606	0.2728548050104399	-0.6555962467697278	0.26981122538078056	-0.11620870138009251	0.20627509395683813	-0.4769668727037887	0.9999999999999951	-0.2929067567969337	0.14346810306616983	-0.1806789057041815	0.18592090995924787	-0.22838149023764348	0.20171630937279408	-0.1482639910483111	0.16899498970066526	-0.14666783753517523	0.14000686975143153	-0.1309553997784981	0.11963269701936559	-0.06688952325634606	0.06721389125290357	-0.09040860768707695	0.09684841863208979	-0.08901586955996253	0.0503863198036955	-0.04990410265319261	0.09519316427784229	-0.1442746585455401	0.09239475431254941	-0.01363364453653549	0.013270024104648927	-0.15126180024444044	0.08350366496605288	-0.16017916912820618
-0.06367423083052712	0.05873063496987591	-0.11973741617746053	0.09436957563189813	-0.1341563087140593	0.09753861280462796	-0.1402734425374332	0.21357389325768247	-0.38277502011758974	0.15072040716676025	-0.11549245649175938	0.15415828265181222	-0.2929067567969337	0.9999999999999939	-0.36520188410415505	0.13310251070269155	-0.1364114363084066	0.17812510267148077	-0.7010373242253424	0.26639660929502723	-0.1504465561326143	0.1174380898072227	-0.12662488825333285	0.18922766321011833	-0.16960968128577195	0.06768432132485785	-0.06956977592761789	0.10904597245641458	-0.13586627224060538	0.11249067948543502	-0.055763745561297706	0.05464629231511755	-0.11661989913029452	0.1647922589852381	-0.11258332479856946	0.013967651519515144	-0.013640189038788858	0.15075391938077837	-0.08480279422854824	0.16043092526455943
0.047951447855932854	-0.04448777644362933	0.1285353149454262	-0.10386066815157322	0.17529990816920796	-0.06918330222361621	0.09481551491012441	-0.14040945736819022	0.22217061440061148	-0.25677047292170346	0.08049424103933481	-0.10227064735230058	0.14346810306616983	-0.36520188410415505	0.9999999999999957	-0.10543407628944088	0.09832591492918807	-0.12790833477989144	0.2604793181259083	-0.7960334745292712	0.11971408766548204	-0.09064631689002611	0.09127338120830072	-0.1617372335861392	0.1765183909973504	-0.059574609219982255	0.06053050832344488	-0.1003477165316742	0.11577014080865156	-0.11763443713067308	0.05000627726167571	-0.04939458223698643	0.10515584538963911	-0.1670793763551727	0.11122567473501732	-0.013382872591984375	0.013048363432550107	-0.14820733031215116	0.08339053767818894	-0.15860901592363685
-0.08302561247825471	0.07442853053178158	-0.08168908243626637	0.06044548832132839	-0.08069257786530222	0.15299978015234952	-0.183685569195841	0.15860640585056843	-0.19354386285881583	0.08212936013767487	-0.22343688348544422	0.20128049299578438	-0.1806789057041815	0.13310251070269155	-0.10543407628944088	0.9999999999999916	-0.5746004840909449	0.2644086017079028	-0.15058073059647117	0.10766264908432024	-0.6345903349659635	0.2710178853258634	-0.23258088748155892	0.11732636144096417	-0.11339082258935142	0.11225847261050748	-0.11406431182015783	0.0923843846560393	-0.09293303943050206	0.08177111876118057	-0.06997643291462959	0.06650595077408282	-0.10014606003417988	0.12999794752778962	-0.0858709582718371	0.013471189589576438	-0.013211324511173059	0.1298047648860366	-0.07233047155951638	0.13686053352339572
0.07472336418359145	-0.06997738239400113	0.07098237377562619	-0.05365559984300528	0.07051315778303216	-0.14115812722507598	0.17736042428486679	-0.16397507219766105	0.16771870262920183	-0.07419347899584555	0.1718051586206055	-0.2833263354063645	0.18592090995924787	-0.1364114363084066	0.09832591492918807	-0.5746004840909449	0.9999999999999926	-0.4717013620171886	0.15008736088630573	-0.10462850578215901	0.31063380660554113	-0.4683387957264423	0.28030052794129323	-0.11448822662658233	0.10417025747432747	-0.09592205624932083	0.0967280918622366	-0.08491535088221064	0.0870015136370824	-0.07604752244670551	0.05869005027682675	-0.05810161970912617	0.08991097700697073	-0.12122129279452658	0.07907912600231685	-0.012120434548631952	0.01186028291864187	-0.12073865671610802	0.06716244681901694	-0.12745270763560307
-0.07336126203344216	0.06625300485322996	-0.08705579245843652	0.06500998078142613	-0.08763167802476624	0.11681005106878282	-0.16162193736099095	0.1723818107052141	-0.21181124348355915	0.09058612180402596	-0.14711608526469339	0.1842399734230369	-0.22838149023764348	0.17812510267148077	-0.12790833477989144	0.2644086017079028	-0.4717013620171886	0.9999999999999918	-0.25054051745870554	0.13226605339250913	-0.34739884933957726	0.32042847773545535	-0.6204209547307079	0.14541638336833543	-0.13067129784967557	0.09899466923268825	-0.10387146660604624	0.09876746529706368	-0.10892758850966969	0.09075756267061515	-0.06583055087022854	0.06379031310531987	-0.10637791971321693	0.1388223958417394	-0.0935547420055502	0.013338006306677704	-0.013075315422476703	0.13152878485653946	-0.07376193612271323	0.13909556546714652
0.061314968052864294	-0.05717220640811498	0.10917951982738545	-0.08591571928959249	0.12054192425778963	-0.09366825333252571	0.12712972638577325	-0.1894528775088778	0.26135254429410465	-0.1373843573217998	0.10842930654059955	-0.1449017694747742	0.20171630937279408	-0.7010373242253424	0.2604793181259083	-0.15058073059647117	0.15008736088630573	-0.25054051745870554	0.9999999999999917	-0.3484391523447701	0.16708212492007365	-0.13877580015997062	0.14905052689769727	-0.30897299771276204	0.20058150446607356	-0.08091087046917655	0.08264598212680396	-0.1400111532586724	0.17234391282110006	-0.14026796637714758	0.06646562803178332	-0.06578199316558284	0.14148555146954317	-0.20764957987864438	0.13658410864349743	-0.016818121508393735	0.01641411855095616	-0.18279056229792862	0.10278458080846481	-0.19459706369025187
-0.050861820911223196	0.046318353784734694	-0.14173414164716408	0.10543385343515128	-0.18364049818177172	0.07109826825110789	-0.09965760732381256	0.13844820853081016	-0.24456265218520276	0.19020399973855504	-0.08493199387257104	0.10312913089461494	-0.1482639910483111	0.26639660929502723	-0.7960334745292712	0.10766264908432024	-0.10462850578215901	0.13226605339250913	-0.3484391523447701	0.9999999999999911	-0.12973843486881653	0.0944269422095999	-0.09903380984481602	0.17227811320613215	-0.2406933275184184	0.06186645023207429	-0.06382887422305472	0.1042719586591385	-0.12753229377092978	0.12845390900735035	-0.052818795588754804	0.05153730780391239	-0.11222787838131791	0.16740595724950072	-0.12185495965789224	0.012961953889416573	-0.012674829820996047	0.1389882078650585	-0.07945739682246863	0.14946651179471732
0.07402137816691447	-0.06911653237901462	0.08681310846925269	-0.06486977590279853	0.08708950795723008	-0.1325783269273952	0.15104551704007482	-0.16115876924666106	0.1972417436685373	-0.09032828233758261	0.15641549684490444	-0.175376474314742	0.16899498970066526	-0.1504465561326143	0.11971408766548204	-0.6345903349659635	0.31063380660554113	-0.34739884933957726	0.16708212492007365	-0.12973843486881653	0.9999999999999916	-0.42586719893412056	0.2521056678837384	-0.15598164518159555	0.1457896931455844	-0.18882571774688733	0.1573812271052071	-0.12946857907842285	0.1233983665227022	-0.11209986150024043	0.09729598091580516	-0.096036573216396	0.1358249798507308	-0.18699518438461826	0.11851037099241853	-0.019984947971281947	0.01952235336581394	-0.19854879651665028	0.10948650606446036	-0.20895606593974542
-0.059128387625453305	0.05358869062713844	-0.06544901346725936	0.04867619414114177	-0.06543567866543915	0.09706899724210469	-0.12963046996384447	0.12564964164340195	-0.15451494781530958	0.06721325485038113	-0.12250562931299845	0.15056261807676774	-0.14666783753517523	0.1174380898072227	-0.09064631689002611	0.2710178853258634	-0.4683387957264423	0.32042847773545535	-0.13877580015997062	0.0944269422095999	-0.42586719893412056	0.9999999999999932	-0.6546761033763051	0.11757414533992958	-0.10538337650851634	0.12262797944298087	-0.14164133586274166	0.0895616976595685	-0.09109924669384065	0.07494991558421193	-0.06888551307027595	0.06820880520260554	-0.09514714194757415	0.11651595641705333	-0.07767669865931112	0.012099499596672239	-0.011888161751582596	0.11103672027794062	-0.062223755345499704	0.11693589813165338
0.05177152815758207	-0.04769310469813528	0.061702590110567467	-0.04638855677041566	0.06232606936800668	-0.08573507071833658	0.11114442652390323	-0.12331111532526774	0.14466790353478487	-0.06522804778483378	0.10373957908072717	-0.13299636882649654	0.14000686975143153	-0.12662488825333285	0.09127338120830072	-0.23258088748155892	0.28030052794129323	-0.6204209547307079	0.14905052689769727	-0.09903380984481602	0.2521056678837384	-0.6546761033763051	0.9999999999999916	-0.13784913429911194	0.10733571971719799	-0.09688512779796665	0.09915257471315149	-0.08733634450199691	0.09465219834229135	-0.07668508977048498	0.05794355643552388	-0.058170777639300335	0.09077799944250203	-0.11826235572298827	0.078206356278997	-0.011403386073850448	0.011173759670086707	-0.1109859311075621	0.06216103603072297	-0.1172252163650278
-0.04905678213140989	0.043812225501993124	-0.09256491324700777	0.06760015329443778	-0.09695645553063052	0.06773120019121667	-0.09439002787519743	0.11927257818372222	-0.21197813510653057	0.09742796944261284	-0.08278695637354236	0.09647548122255468	-0.1309553997784981	0.18922766321011833	-0.1617372335861392	0.11732636144096417	-0.11448822662658233	0.14541638336833543	-0.30897299771276204	0.17227811320613215	-0.15598164518159555	0.11757414533992958	-0.13784913429911194	0.9999999999999931	-0.48266198459160775	0.10445488508419169	-0.1162024101451343	0.25061001927118337	-0.6215956729496781	0.2500958898682527	-0.10181966571570039	0.09764896059071763	-0.2750692254112501	0.282442258770064	-0.23302452679008326	0.018171072572827927	-0.017982530223859636	0.16943421536668865	-0.10323362796461705	0.1823079753150027
0.04712992546831194	-0.04232189891492007	0.0919080797180638	-0.0674798273573514	0.09795689050508645	-0.06444839957750598	0.08855566027742279	-0.1128129628459821	0.1955028198842279	-0.10045804137036407	0.07797049750254709	-0.0907898917433177	0.11963269701936559	-0.16960968128577195	0.1765183909973504	-0.11339082258935142	0.10417025747432747	-0.13067129784967557	0.20058150446607356	-0.2406933275184184	0.1457896931455844	-0.10538337650851634	0.10733571971719799	-0.48266198459160775	0.9999999999999938	-0.09891471613787708	0.10233111287429984	-0.221026511179998	0.28597392372087493	-0.5463021196852317	0.08988601877102266	-0.08938606416292465	0.21466830173678839	-0.419483133369509	0.2991387623818699	-0.021146691117487584	0.020744745399628423	-0.2274332015907745	0.13708208924333953	-0.2584631409067921
-0.028302845614978336	0.025442039607936815	-0.04308091549859942	0.031247917497495302	-0.04346190673475549	0.04215017656335922	-0.0551238558822891	0.061564143938476666	-0.09707577550494229	0.0430620665353623	-0.051705253857960036	0.05863108503181246	-0.06688952325634606	0.06768432132485785	-0.059574609219982255	0.11225847261050748	-0.09592205624932083	0.09899466923268825	-0.08091087046917655	0.06186645023207429	-0.18882571774688733	0.12262797944298087	-0.09688512779796665	0.10445488508419169	-0.09891471613787708	0.9999999999999922	-0.8557168990388762	0.1661134752063674	-0.10878156767830993	0.07525462827697664	-0.33161909102096054	0.23862608121209028	-0.1808849556151125	0.1184625706711662	-0.0785077534584225	0.024234414835223223	-0.02441405580303893	0.09410101489871964	-0.05449345634124754	0.09431456072477072
0.02825092067495294	-0.025515455865474997	0.04293215620144519	-0.03125328157281578	0.043437989341927614	-0.04247031516482418	0.055146816011686965	-0.062209939693668954	0.09644797065876473	-0.04332110195094274	0.05168953542289053	-0.05935010637506697	0.06721389125290357	-0.06956977592761789	0.06053050832344488	-0.11406431182015783	0.0967280918622366	-0.10387146660604624	0.08264598212680396	-0.06382887422305472	0.1573812271052071	-0.14164133586274166	0.09915257471315149	-0.1162024101451343	0.10233111287429984	-0.8557168990388762	0.9999999999999912	-0.2203582055093687	0.11780072064996318	-0.0813284172949438	0.23974694616961276	-0.3011598991740366	0.18167727643183482	-0.12999907557314275	0.08279716420998404	-0.02228471365022093	0.022178268097663774	-0.10071713497869923	0.05785707136949982	-0.10108350307143288
-0.03652191337881518	0.0323808656323471	-0.06784277258679193	0.048745862598205694	-0.06936162282205513	0.049553369719672495	-0.0685640088104927	0.08334311469913754	-0.15173793654678927	0.06785356335266447	-0.060993827111247415	0.0690665004754703	-0.09040860768707695	0.10904597245641458	-0.1003477165316742	0.0923843846560393	-0.08491535088221064	0.09876746529706368	-0.1400111532586724	0.1042719586591385	-0.12946857907842285	0.0895616976595685	-0.08733634450199691	0.25061001927118337	-0.221026511179998	0.1661134752063674	-0.2203582055093687	0.9999999999999918	-0.47812104177975157	0.17525296487292208	-0.16393713326354548	0.16258149474166453	-0.7165539390816316	0.2494515746629233	-0.1774608355971899	0.020931564059292952	-0.02094828998284496	0.16017444155391442	-0.09734296445156729	0.15316846446816038
0.037843152140347835	-0.03380384348629042	0.07087601452432164	-0.05156231924132432	0.07356540662063045	-0.05189895076635174	0.07166649768658312	-0.08992624758344892	0.15791461989421107	-0.07368630049790884	0.0632522155292484	-0.07329641268252154	0.09684841863208979	-0.13586627224060538	0.11577014080865156	-0.09293303943050206	0.0870015136370824	-0.10892758850966969	0.17234391282110006	-0.12753229377092978	0.1233983665227022	-0.09109924669384065	0.09465219834229135	-0.6215956729496781	0.28597392372087493	-0.10878156767830993	0.11780072064996318	-0.47812104177975157	0.9999999999999901	-0.3204759625355443	0.09832814251705523	-0.09952297613784741	0.27716496267763996	-0.38358445304352545	0.23169965555627536	-0.017135676506111884	0.016949198180552204	-0.15978161129474194	0.0976730513208457	-0.17119063495355163
-0.035789286166592084	0.03171614347944569	-0.0703344031047672	0.05061183804200886	-0.07318299078335942	0.047686132442755234	-0.06654960800843007	0.08263014622530178	-0.15269241596504504	0.07202661064230076	-0.05857256450690435	0.06649058761914274	-0.08901586955996253	0.11249067948543502	-0.11763443713067308	0.08177111876118057	-0.07604752244670551	0.09075756267061515	-0.14026796637714758	0.12845390900735035	-0.11209986150024043	0.07494991558421193	-0.07668508977048498	0.2500958898682527	-0.5463021196852317	0.07525462827697664	-0.0813284172949438	0.17525296487292208	-0.3204759625355443	0.9999999999999909	-0.0735707501708727	0.07094532175935767	-0.18951967943303263	0.30346493674831077	-0.668972199848023	0.015069588907776856	-0.014915698149248195	0.15196030483049078	-0.1061485003577905	0.1884770635711716
0.02107834055582805	-0.0188895028236957	0.03536811683022421	-0.025570652927591194	0.035889861671324616	-0.03010896895098575	0.04006697966963871	-0.04692004796033853	0.0785886867244416	-0.03546979850987185	0.03673212892296591	-0.04173309952518151	0.0503863198036955	-0.055763745561297706	0.05000627726167571	-0.06997643291462959	0.05869005027682675	-0.06583055087022854	0.06646562803178332	-0.052818795588754804	0.09729598091580516	-0.06888551307027595	0.05794355643552388	-0.10181966571570039	0.08988601877102266	-0.33161909102096054	0.23974694616961276	-0.16393713326354548	0.09832814251705523	-0.0735707501708727	0.9999999999999918	-0.872296782568502	0.18625025189560876	-0.1256697789638661	0.07536903964389227	-0.05386293128203643	0.05080808652067864	-0.09571103199485076	0.05461226413620613	-0.09305840307061625
-0.020861144288483457	0.018630773650271104	-0.035274123754736604	0.025428999077059224	-0.0357398665867299	0.02953787713907836	-0.03962807108452338	0.046228377405775886	-0.07860042706971147	0.035132683562955944	-0.036218019532640214	0.041006458682657995	-0.04990410265319261	0.05464629231511755	-0.04939458223698643	0.06650595077408282	-0.05810161970912617	0.06379031310531987	-0.06578199316558284	0.05153730780391239	-0.096036573216396	0.06820880520260554	-0.058170777639300335	0.09764896059071763	-0.08938606416292465	0.23862608121209028	-0.3011598991740366	0.16258149474166453	-0.09952297613784741	0.07094532175935767	-0.872296782568502	0.9999999999999921	-0.25078960217086255	0.11803277962489295	-0.07371900225057691	0.04681398300035501	-0.04833481546259063	0.0897040953210054	-0.052088049008299574	0.08600193690413858
0.038831999752231984	-0.03454538215180014	0.07161081099868954	-0.05158772571967995	0.07318371593329163	-0.05285749290114278	0.07259201344375488	-0.0886453187072027	0.15841592011177807	-0.07205425530806492	0.06469851615104451	-0.07359505374458655	0.09519316427784229	-0.11661989913029452	0.10515584538963911	-0.10014606003417988	0.08991097700697073	-0.10637791971321693	0.14148555146954317	-0.11222787838131791	0.1358249798507308	-0.09514714194757415	0.09077799944250203	-0.2750692254112501	0.21466830173678839	-0.1808849556151125	0.18167727643183482	-0.7165539390816316	0.27716496267763996	-0.18951967943303263	0.18625025189560876	-0.25078960217086255	0.999999999999992	-0.3533337314374071	0.18802992070297386	-0.02681677988258685	0.02659487302877525	-0.24022095688350484	0.13003418603421324	-0.2051082686813937
-0.05939442028411157	0.052120026266579446	-0.1166900012436738	0.08283012682251492	-0.11873041136829293	0.07739191686527544	-0.10915350749395901	0.13287786417241212	-0.2571636794964259	0.11380568222727808	-0.09610164989941072	0.1068571490178187	-0.1442746585455401	0.1647922589852381	-0.1670793763551727	0.12999794752778962	-0.12122129279452658	0.1388223958417394	-0.20764957987864438	0.16740595724950072	-0.18699518438461826	0.11651595641705333	-0.11826235572298827	0.282442258770064	-0.419483133369509	0.1184625706711662	-0.12999907557314275	0.2494515746629233	-0.38358445304352545	0.30346493674831077	-0.1256697789638661	0.11803277962489295	-0.3533337314374071	0.9999999999999918	-0.5354384838314031	0.02229422507765559	-0.022180362565255796	0.2050704372263779	-0.14235453010981586	0.23212360218670847
0.03778791359206893	-0.033409875692145104	0.07345982420968042	-0.05265032083738549	0.07542086130568808	-0.04996980106134849	0.06973085165947447	-0.08598962967228523	0.1602305984678268	-0.07378802400735229	0.06147591366317067	-0.06933610071063082	0.09239475431254941	-0.11258332479856946	0.11122567473501732	-0.0858709582718371	0.07907912600231685	-0.0935547420055502	0.13658410864349743	-0.12185495965789224	0.11851037099241853	-0.07767669865931112	0.078206356278997	-0.23302452679008326	0.2991387623818699	-0.0785077534584225	0.08279716420998404	-0.1774608355971899	0.23169965555627536	-0.668972199848023	0.07536903964389227	-0.07371900225057691	0.18802992070297386	-0.5354384838314031	0.9999999999999915	-0.017718319790288817	0.01749286829365808	-0.19648016343924574	0.14070562606747386	-0.29133367033928326
-0.005823224032566486	0.005082220881140496	-0.011163525916739019	0.007832707801757925	-0.01108606521885791	0.007535401127676849	-0.010588779312486231	0.012562917859010758	-0.024707940231866912	0.010400235952065053	-0.009407394015867217	0.010299244753534033	-0.01363364453653549	0.013967651519515144	-0.013382872591984375	0.013471189589576438	-0.012120434548631952	0.013338006306677704	-0.016818121508393735	0.012961953889416573	-0.019984947971281947	0.012099499596672239	-0.011403386073850448	0.018171072572827927	-0.021146691117487584	0.024234414835223223	-0.02228471365022093	0.020931564059292952	-0.017135676506111884	0.015069588907776856	-0.05386293128203643	0.04681398300035501	-0.02681677988258685	0.02229422507765559	-0.017718319790288817	0.9999999999999913	-0.994853522168798	0.047890376516813465	-0.029581550017207994	0.02856426612681949
0.005664185650695857	-0.004946784717541942	0.010833346913965827	-0.007606484455489303	0.010764700708930298	-0.00734567143705394	0.010308848347316726	-0.012233344581268582	0.02397388723714587	-0.010112263249809274	0.00916389568908095	-0.010043896464815717	0.013270024104648927	-0.013640189038788858	0.013048363432550107	-0.013211324511173059	0.01186028291864187	-0.013075315422476703	0.01641411855095616	-0.012674829820996047	0.01952235336581394	-0.011888161751582596	0.011173759670086707	-0.017982530223859636	0.020744745399628423	-0.02441405580303893	0.022178268097663774	-0.02094828998284496	0.016949198180552204	-0.014915698149248195	0.05080808652067864	-0.04833481546259063	0.02659487302877525	-0.022180362565255796	0.01749286829365808	-0.994853522168798	0.9999999999999922	-0.050843374613083685	0.02948542436904564	-0.02900031606011114
-0.06498734515190542	0.056218754755935275	-0.12970360215133203	0.09022991366910382	-0.1280508286419591	0.08130818935387368	-0.11649882274288229	0.13880731877766309	-0.28694536883537036	0.11826137742041319	-0.10237464399827743	0.11056626443673884	-0.15126180024444044	0.15075391938077837	-0.14820733031215116	0.1298047648860366	-0.12073865671610802	0.13152878485653946	-0.18279056229792862	0.1389882078650585	-0.19854879651665028	0.11103672027794062	-0.1109859311075621	0.16943421536668865	-0.2274332015907745	0.09410101489871964	-0.10071713497869923	0.16017444155391442	-0.15978161129474194	0.15196030483049078	-0.09571103199485076	0.0897040953210054	-0.24022095688350484	0.2050704372263779	-0.19648016343924574	0.047890376516813465	-0.050843374613083685	0.9999999999999929	-0.6914954324460194	0.3279374945634013
0.0357315403434732	-0.03097023093559751	0.07112350824225125	-0.049601283981855815	0.07044306572956599	-0.04493270846397047	0.06421474849096849	-0.07673073923337417	0.15715744130123624	-0.0653839022548416	0.05645384906616338	-0.061210115248727236	0.08350366496605288	-0.08480279422854824	0.08339053767818894	-0.07233047155951638	0.06716244681901694	-0.07376193612271323	0.10278458080846481	-0.07945739682246863	0.10948650606446036	-0.062223755345499704	0.06216103603072297	-0.10323362796461705	0.13708208924333953	-0.05449345634124754	0.05785707136949982	-0.09734296445156729	0.0976730513208457	-0.1061485003577905	0.05461226413620613	-0.052088049008299574	0.13003418603421324	-0.14235453010981586	0.14070562606747386	-0.029581550017207994	0.02948542436904564	-0.6914954324460194	0.9999999999999925	-0.6329191931875038
-0.06873451765390162	0.059473849587649986	-0.13740926963253583	0.09563553962094645	-0.1358219164421211	0.08600154666711865	-0.12324058858999724	0.14702070324818342	-0.3037383800151936	0.12556855840360368	-0.108253074359829	0.11698912007759531	-0.16017916912820618	0.16043092526455943	-0.15860901592363685	0.13686053352339572	-0.12745270763560307	0.13909556546714652	-0.19459706369025187	0.14946651179471732	-0.20895606593974542	0.11693589813165338	-0.1172252163650278	0.1823079753150027	-0.2584631409067921	0.09431456072477072	-0.10108350307143288	0.15316846446816038	-0.17119063495355163	0.1884770635711716	-0.09305840307061625	0.08600193690413858	-0.2051082686813937	0.23212360218670847	-0.29133367033928326	0.02856426612681949	-0.02900031606011114	0.3279374945634013	-0.6329191931875038	0.9999999999999923
