1.0	-0.758683150380213	0.30287194002392415	-0.37451092156455157	0.1305696857953496	-0.26348378397961614	0.1708532889923646	-0.19311771152383797	0.14889102232967646	-0.1677133401805513	0.1165335213012951	-0.12199885876990438	0.10864209272914203	-0.053555885995951305	0.05870860154609878	-0.0874222101430546	0.12244202683171748	-0.09784450223535444	0.06237273910075354	-0.05316406305189435	0.06935956787308681	-0.06702604129090729	0.07368116244656496	-0.05497283345562442	0.042637848740488614	-0.057913059383110366	0.05264881467655004	-0.0797700621093879	0.042303433964159795	-0.04844056649061211	0.042663240642446316	-0.044280751422227774	0.054410349497417805	-0.04783565515197761	0.031865481780132376	-0.04196374762149328	0.04695037000224716	-0.055752929038025235	0.04537733591295723	-0.032708856868919674	0.05903876444309593	-0.03744558611552298	0.04934424729522366	-0.02438576844882172	0.028423986736604727
-0.758683150380213	0.9999999999999994	-0.5284686022199128	0.2511811734990018	-0.09354296220414533	0.1588695717206757	-0.14707144698460514	0.15049713519782493	-0.12278713999222049	0.11314452823773355	-0.09148318955026777	0.09312704030107687	-0.0852652135617828	0.039871532683802335	-0.04368483883163156	0.06590487047980634	-0.09766058337795926	0.0735416390065773	-0.045942661981412204	0.03802834135270196	-0.05223233192761377	0.049625456488700447	-0.054702717228115524	0.03960525397228876	-0.030782805811555965	0.041767265696966475	-0.03831416191173651	0.05778443474283564	-0.03047821382340891	0.0346559485491779	-0.03082066990007108	0.032030021772444656	-0.039362438938693005	0.03428686166049439	-0.02286601950014427	0.030192309092420738	-0.033864343453257756	0.040040304587896175	-0.03263296160289678	0.02342071661803803	-0.042353419752309135	0.026904245347022515	-0.03542698792364208	0.017484121290787125	-0.02038549821690919
0.30287194002392415	-0.5284686022199128	0.9999999999999996	-0.5931796275030684	0.1888114113680911	-0.13917681769299814	0.11592197807822929	-0.35451102356686925	0.2375519548278915	-0.23458848655702452	0.09598039793651741	-0.09962303822329811	0.11245073817294271	-0.0703217218747279	0.07528138855946277	-0.07537062528629994	0.10626428896241275	-0.10061344831478371	0.07460582587105438	-0.062125783856102464	0.06483041955372491	-0.06315828712937795	0.07354175719654286	-0.06297105450058624	0.04925353403506378	-0.057477228688514743	0.05266881809679693	-0.07959916041863666	0.04682708997410047	-0.05379874310357496	0.04307705714927343	-0.04459643925504651	0.05553624910899822	-0.050608820158710904	0.03407557811961419	-0.04248326541167313	0.04782490137643873	-0.05688722582727504	0.04784342179588524	-0.03474050879053845	0.06090283376730474	-0.0384212064115264	0.05095533911130716	-0.025370110529601947	0.02961434636310183
-0.37451092156455157	0.2511811734990018	-0.5931796275030684	0.9999999999999996	-0.4028538976308008	0.1417265321525058	-0.13526073737354757	0.2595528933054013	-0.3492685204082844	0.27048958760561115	-0.11548820020945068	0.10960501226584501	-0.12708256323122472	0.0875007014616823	-0.09789301756332243	0.08612288970203513	-0.1290576601016929	0.10594101219010554	-0.09389599291075945	0.07223170371494897	-0.07610565176930066	0.0716016724639528	-0.08452028332496493	0.07367774932892536	-0.05893280038692482	0.06482719959870216	-0.06098528024293166	0.08720701525781278	-0.054792787027387976	0.06183908181336608	-0.04973126223917693	0.05107176601083014	-0.06369387998364595	0.057732741990617856	-0.039407686949479825	0.04866502490147724	-0.05539764114479175	0.06418320805022003	-0.05544558628385941	0.0398144887094963	-0.07160282748080674	0.0446510924202311	-0.059736036374674006	0.029499728068349926	-0.034627399216525606
0.1305696857953496	-0.09354296220414533	0.1888114113680911	-0.4028538976308008	0.9999999999999989	-0.05737167107611254	0.05364579409503303	-0.17748983843267335	0.19558375667258684	-0.8562775626499775	0.0489673247418817	-0.04795660653144048	0.061314260701960575	-0.06056572974545013	0.06703924018167907	-0.03790078749242894	0.055448365285708706	-0.05283462796094477	0.05378129777876886	-0.04467774350776482	0.0342618333665522	-0.032929007309605206	0.03998401419027538	-0.04323767088833401	0.03404783176585798	-0.030321287548272603	0.028379586166346903	-0.04212561901913211	0.030003986400354985	-0.03462843393691318	0.02318585921148096	-0.024053669881913053	0.030533671093152796	-0.029612368395342287	0.02031463959870557	-0.022814502129924297	0.025972212988134607	-0.030998533180086323	0.027753767396698034	-0.020403225355291574	0.033087584271821485	-0.0208991059819024	0.027860778913852587	-0.014140013623712646	0.01650812058395587
-0.26348378397961614	0.1588695717206757	-0.13917681769299814	0.1417265321525058	-0.05737167107611254	0.9999999999999992	-0.7747780124936784	0.09609633632658772	-0.08112656792972016	0.07051317330658763	-0.31931757761906165	0.2868234137234725	-0.1916259047890201	0.04043007935685983	-0.045741513646270715	0.18458067748323131	-0.28869879753303485	0.15650721970226186	-0.057136773297611576	0.047453017801249116	-0.1237301480647503	0.1126291567930825	-0.11049754112019554	0.053631109143242706	-0.04031144959021652	0.07874083804043408	-0.07191201713276384	0.1118536225364668	-0.04469973157175908	0.04960017181991528	-0.055290456566300876	0.058564265336621776	-0.06999802638698578	0.05522016294172374	-0.035682246271510856	0.05338379044594236	-0.059109418725310635	0.07027508864960993	-0.052766008370056926	0.037020087955371976	-0.06916075739743924	0.04534656414795944	-0.0581609863941045	0.02840533459947637	-0.03284897364899683
0.1708532889923646	-0.14707144698460514	0.11592197807822929	-0.13526073737354757	0.05364579409503303	-0.7747780124936784	0.9999999999999988	-0.09080919238834315	0.07418433173727426	-0.06694710854789344	0.23063828889683724	-0.47077648099730307	0.1719033096228395	-0.03748005769849945	0.042134437388658554	-0.17042286826294947	0.23594400491384054	-0.1554466179362245	0.05270088220351954	-0.04452585584062192	0.10774006929016391	-0.104947447177318	0.10061714926608983	-0.05021277231161946	0.037582848738205846	-0.07385211443346075	0.06592891047461216	-0.10734511974089737	0.04182466186830709	-0.04666688326946643	0.05106856697862388	-0.05444466747381843	0.06512808945794644	-0.05195780442690303	0.0333613120631484	-0.04974133519220459	0.05465434671771278	-0.0662764946939728	0.04921179161881801	-0.03473371158053223	0.06368732792792313	-0.04199671953966279	0.05366077255158984	-0.02636330403922988	0.03040243938725161
-0.19311771152383797	0.15049713519782493	-0.35451102356686925	0.2595528933054013	-0.17748983843267335	0.09609633632658772	-0.09080919238834315	0.9999999999999989	-0.8178273132271614	0.18941139661471235	-0.08414064449712345	0.09125829078226437	-0.16478505725452477	0.10748665175523743	-0.10922734464981386	0.06700710588908732	-0.09949449192827864	0.11905454533057265	-0.09361777045865974	0.06670794837132586	-0.05875832935111572	0.05768619679268786	-0.07183960122733729	0.06776617537257307	-0.053680052873789665	0.04990503587559152	-0.04648477559241421	0.07428654014418992	-0.04774439312429709	0.05390552137670926	-0.03743704737640136	0.03939944839039366	-0.05022066593124792	0.047355815074406594	-0.03214017886763291	0.03681580139530019	-0.041719690703227306	0.050788149333864385	-0.04429840852675542	0.03231533286453576	-0.05165151085384245	0.03314483849790965	-0.04373212581579343	0.02226468186285803	-0.02588556909536181
0.14889102232967646	-0.12278713999222049	0.2375519548278915	-0.3492685204082844	0.19558375667258684	-0.08112656792972016	0.07418433173727426	-0.8178273132271614	0.999999999999999	-0.2812212618433313	0.07156880985136882	-0.07766730111468695	0.12089373219401099	-0.13582150201912008	0.11444909848462993	-0.0582565123680202	0.08398174703628143	-0.10558385455319413	0.09487291858576054	-0.06962637686167812	0.05187700736520177	-0.05150728716737156	0.06413458387485972	-0.06964780885680344	0.05436668626929706	-0.04574050215335211	0.04244570082941546	-0.06821827444102113	0.04732430783711847	-0.0541062527011322	0.03438389417375559	-0.03624610912094834	0.04652393497695977	-0.04561446974415633	0.031072447376470587	-0.03393988720231221	0.03847694688952075	-0.047359025064136806	0.04219571142300743	-0.03116471428296393	0.04765548465777085	-0.030656853177675632	0.04047693725566148	-0.020867760769269474	0.024220959030923087
-0.1677133401805513	0.11314452823773355	-0.23458848655702452	0.27048958760561115	-0.8562775626499775	0.07051317330658763	-0.06694710854789344	0.18941139661471235	-0.2812212618433313	0.9999999999999986	-0.06037428910487753	0.05823714375780951	-0.07364100643823346	0.07299210586665833	-0.08581369072206603	0.04612461238886174	-0.06824934151582009	0.06191946654823939	-0.06579340501934755	0.052728083778536716	-0.0416859006232372	0.039734726662292705	-0.048151834498852665	0.051332417442435226	-0.04081210441253572	0.03648783676985885	-0.034307021810511956	0.0501759364352393	-0.03586301229987694	0.04108233489774399	-0.028011413820284763	0.028987248871732336	-0.03673370218202665	0.0353719838203198	-0.024321005448297073	0.02751094618931495	-0.031374589484466704	0.03715836668346657	-0.03333491269448161	0.024389207431223466	-0.04013206283569565	0.025264877971003026	-0.03374376317112855	0.0170542904118837	-0.019941992367888867
0.1165335213012951	-0.09148318955026777	0.09598039793651741	-0.11548820020945068	0.0489673247418817	-0.31931757761906165	0.23063828889683724	-0.08414064449712345	0.07156880985136882	-0.06037428910487753	0.9999999999999981	-0.44391081790071485	0.20221049739520525	-0.04852868968742355	0.05581665204533121	-0.6511516092138642	0.31346622464535046	-0.20976151610650398	0.07520640798264362	-0.0653371223901818	0.2388769288654689	-0.23940875848727514	0.17387890139692233	-0.07640161413586345	0.05649005012733135	-0.1410532499037153	0.12127684120801907	-0.19611223976044342	0.0667432968860137	-0.07390587565567243	0.09140767488524136	-0.0991964839506768	0.1135903425265786	-0.08749376690363274	0.05495168064938139	-0.0887616738955075	0.09550693947823306	-0.11683752147725528	0.08232383859299389	-0.05777059627187613	0.10630020677370539	-0.07190573136911024	0.08985206661452894	-0.04410735707753092	0.050462413602019
-0.12199885876990438	0.09312704030107687	-0.09962303822329811	0.10960501226584501	-0.04795660653144048	0.2868234137234725	-0.47077648099730307	0.09125829078226437	-0.07766730111468695	0.05823714375780951	-0.44391081790071485	0.999999999999999	-0.3628145493741505	0.04394527690000593	-0.04941859372831391	0.2583700785274561	-0.5536714858608406	0.2493781668316928	-0.06488212549397517	0.05347185242850376	-0.15807333370462875	0.14742523150234813	-0.14331079468321387	0.06222930188282525	-0.04586656617398966	0.09594159865572757	-0.08678730699499584	0.14401264202397468	-0.0523831174830391	0.05779446186604186	-0.06584735688083926	0.0708529596273408	-0.08470723145702792	0.06565207333020318	-0.04186411495939971	0.06365959225650406	-0.07004131716346956	0.08510568406084591	-0.06222235994200997	0.04360211597264434	-0.07968460011968456	0.05313915158689831	-0.06738664105812649	0.033073508100940785	-0.03804679000280817
0.10864209272914203	-0.0852652135617828	0.11245073817294271	-0.12708256323122472	0.061314260701960575	-0.1916259047890201	0.1719033096228395	-0.16478505725452477	0.12089373219401099	-0.07364100643823346	0.20221049739520525	-0.3628145493741505	0.9999999999999981	-0.0662584442817176	0.07023097434859214	-0.1858919388637703	0.27645824979883254	-0.7792876625844699	0.09332128614863971	-0.07441913053026741	0.14448091421685896	-0.15775822205519752	0.20508965934430434	-0.08822098397028726	0.06290674077523971	-0.11173140289797216	0.10081662992023858	-0.21248907633541964	0.07132651845833486	-0.0788457046504151	0.07791439481366035	-0.086018009858937	0.1093490886062997	-0.08643971045009122	0.05467786430725945	-0.07681550616693227	0.08500843187210236	-0.11034099337153487	0.08033428153434852	-0.05688807445302068	0.09617503114371527	-0.06486522248418014	0.08227902856722887	-0.041180554543589945	0.04717293083553245
-0.053555885995951305	0.039871532683802335	-0.0703217218747279	0.0875007014616823	-0.06056572974545013	0.04043007935685983	-0.03748005769849945	0.10748665175523743	-0.13582150201912008	0.07299210586665833	-0.04852868968742355	0.04394527690000593	-0.0662584442817176	0.9999999999999986	-0.7866054112636109	0.04101569732754916	-0.05509543335220993	0.0619521776537813	-0.4799816062514761	0.21818613798461414	-0.04648032598463869	0.04645683502287175	-0.06601593001638595	0.21387015218958452	-0.16894504027909255	0.05008303806547419	-0.04820159072856249	0.07194181796796704	-0.12139916497908525	0.13639213557080532	-0.03993621791354713	0.043054351310510705	-0.06095828903113043	0.08519173890894716	-0.061451827653149584	0.039943323706476484	-0.04684922517910518	0.06239107884315751	-0.07435796032240818	0.058517747313000655	-0.05679984989296222	0.0377972682999536	-0.050586745183083766	0.029989137059873577	-0.034474704958151206
0.05870860154609878	-0.04368483883163156	0.07528138855946277	-0.09789301756332243	0.06703924018167907	-0.045741513646270715	0.042134437388658554	-0.10922734464981386	0.11444909848462993	-0.08581369072206603	0.05581665204533121	-0.04941859372831391	0.07023097434859214	-0.7866054112636109	0.9999999999999993	-0.04751022498466769	0.062367120299727324	-0.0673213445518337	0.2911234222587857	-0.3673305817688269	0.05492693027761718	-0.055219829028364295	0.07794825318370908	-0.2663881591496758	0.20356457813833653	-0.061428192070844025	0.058650357048084814	-0.08743154054819077	0.14375788262185568	-0.18049697513973653	0.04889595583013898	-0.0527315413263115	0.0745103943764044	-0.10720192098698827	0.07715874054949844	-0.0491208685409605	0.057441095638359425	-0.07725085752961722	0.09103537802016916	-0.07464269013966919	0.06979111875459058	-0.046545159433500904	0.062223983167637206	-0.03738304466549554	0.042781628580901954
-0.0874222101430546	0.06590487047980634	-0.07537062528629994	0.08612288970203513	-0.03790078749242894	0.18458067748323131	-0.17042286826294947	0.06700710588908732	-0.0582565123680202	0.04612461238886174	-0.6511516092138642	0.2583700785274561	-0.1858919388637703	0.04101569732754916	-0.04751022498466769	0.9999999999999999	-0.4627015190899617	0.18309490338384696	-0.06508371072011845	0.05501616547709185	-0.43562041224109194	0.2406962903127752	-0.17721685813315416	0.06566964801645826	-0.048348127833305145	0.12756084377400026	-0.11730723430976726	0.16853431095832871	-0.05761018094358026	0.06283896877631122	-0.08444106877796104	0.0904937007223828	-0.10202752181568131	0.07516430500845253	-0.04750902767486948	0.07900416187328992	-0.08652820780926729	0.10097989928960853	-0.07179116411383828	0.04966155421525128	-0.09451855931430936	0.06390713819401825	-0.07973570407671403	0.0386465899943107	-0.044324296438250026
0.12244202683171748	-0.09766058337795926	0.10626428896241275	-0.1290576601016929	0.055448365285708706	-0.28869879753303485	0.23594400491384054	-0.09949449192827864	0.08398174703628143	-0.06824934151582009	0.31346622464535046	-0.5536714858608406	0.27645824979883254	-0.05509543335220993	0.062367120299727324	-0.4627015190899617	0.9999999999999984	-0.3893263277749582	0.08463248573268327	-0.07169197461113624	0.21641937446298617	-0.22802066272386884	0.19427642709093224	-0.08419444590949379	0.06154514420021855	-0.13838088160712517	0.12147720274405192	-0.20960835257840352	0.07179830130895998	-0.07950247589955414	0.09208564374845211	-0.1003264498297396	0.11839542695574196	-0.09193011500388583	0.05795511335492795	-0.08981776970638086	0.09756589498305301	-0.12093043097240577	0.08631962287870243	-0.060723375254866443	0.10958424085045708	-0.07385745304591824	0.09286187888974454	-0.045783037842863444	0.052444981780576314
-0.09784450223535444	0.0735416390065773	-0.10061344831478371	0.10594101219010554	-0.05283462796094477	0.15650721970226186	-0.1554466179362245	0.11905454533057265	-0.10558385455319413	0.06191946654823939	-0.20976151610650398	0.2493781668316928	-0.7792876625844699	0.0619521776537813	-0.0673213445518337	0.18309490338384696	-0.3893263277749582	0.9999999999999972	-0.09744551076113545	0.07030077185774666	-0.15716532683935253	0.16226370889657601	-0.2903082947740426	0.08641381016311703	-0.06064749223638993	0.10576835953248478	-0.10027791641073766	0.20012678715997764	-0.06910243468292845	0.07465060464977943	-0.07525968477433993	0.08317012011357278	-0.1072290996971353	0.08145618627567411	-0.05206481171022195	0.07304539552097163	-0.08209943026647233	0.1032784955344124	-0.07687060753998765	0.05367790046743968	-0.0922900629082673	0.06205195516511	-0.07898920789212224	0.03922448602606307	-0.04509584707110391
0.06237273910075354	-0.045942661981412204	0.07460582587105438	-0.09389599291075945	0.05378129777876886	-0.057136773297611576	0.05270088220351954	-0.09361777045865974	0.09487291858576054	-0.06579340501934755	0.07520640798264362	-0.06488212549397517	0.09332128614863971	-0.4799816062514761	0.2911234222587857	-0.06508371072011845	0.08463248573268327	-0.09744551076113545	0.9999999999999988	-0.3618112323272362	0.07789295827483748	-0.07963883122483216	0.11645126543511149	-0.6019778176645867	0.2531510744139419	-0.08813059551194603	0.08432499174189621	-0.1299151995618418	0.23710158614796273	-0.2824432305260526	0.07010489368391265	-0.07642204664109561	0.10964893348557661	-0.16748705840985195	0.11681031319791421	-0.07058335650282023	0.08271711862601891	-0.11362040212739113	0.13626073765217406	-0.11311662075984648	0.09907461724767294	-0.06681521258351907	0.08903929125457241	-0.0546109514378596	0.06222136122150932
-0.05316406305189435	0.03802834135270196	-0.062125783856102464	0.07223170371494897	-0.04467774350776482	0.047453017801249116	-0.04452585584062192	0.06670794837132586	-0.06962637686167812	0.052728083778536716	-0.0653371223901818	0.05347185242850376	-0.07441913053026741	0.21818613798461414	-0.3673305817688269	0.05501616547709185	-0.07169197461113624	0.07030077185774666	-0.3618112323272362	0.9999999999999962	-0.06815676636369856	0.06644801687537136	-0.09649024167513535	0.26884623693121684	-0.7383974948858718	0.07679977767043475	-0.07638327963155798	0.10394760337044733	-0.2192062539593513	0.24206651140485244	-0.06369835936485341	0.06826769588926192	-0.0993461407463567	0.14002879285468106	-0.11155559363287672	0.06340131061209796	-0.07597071559162381	0.09966384805433988	-0.13387028786136204	0.09902855003620045	-0.09302199371486519	0.06157652921852752	-0.08375559222137956	0.050163740574455384	-0.05848990468738369
0.06935956787308681	-0.05223233192761377	0.06483041955372491	-0.07610565176930066	0.0342618333665522	-0.1237301480647503	0.10774006929016391	-0.05875832935111572	0.05187700736520177	-0.0416859006232372	0.2388769288654689	-0.15807333370462875	0.14448091421685896	-0.04648032598463869	0.05492693027761718	-0.43562041224109194	0.21641937446298617	-0.15716532683935253	0.07789295827483748	-0.06815676636369856	0.9999999999999964	-0.7144485175743066	0.2505894950361758	-0.08435104336069164	0.061072301149953524	-0.22342938663950554	0.1846725688515952	-0.2617565486400715	0.07646978221748481	-0.08281765284204845	0.12714110173999776	-0.14154111700042132	0.1453270624159922	-0.10394264286812174	0.06416863523990105	-0.11731666562312759	0.12471422986970207	-0.14587870304261227	0.09806064548863538	-0.06762896412205878	0.12821351114260654	-0.08971949681735564	0.10840754159102442	-0.05260061533468761	0.05971462749372619
-0.06702604129090729	0.049625456488700447	-0.06315828712937795	0.0716016724639528	-0.032929007309605206	0.1126291567930825	-0.104947447177318	0.05768619679268786	-0.05150728716737156	0.039734726662292705	-0.23940875848727514	0.14742523150234813	-0.15775822205519752	0.04645683502287175	-0.055219829028364295	0.2406962903127752	-0.22802066272386884	0.16226370889657601	-0.07963883122483216	0.06644801687537136	-0.7144485175743066	0.9999999999999978	-0.4408201292053825	0.08529730168329132	-0.061000124004423784	0.18849508608722115	-0.2456977807083625	0.2527389945366574	-0.07668246709500867	0.08063599633797429	-0.12570085021222513	0.15040152611315025	-0.15375389123639957	0.10118008646610516	-0.06335871754132952	0.11421012795053369	-0.1292062631366483	0.14139420184486812	-0.0977394029808563	0.06594112366753915	-0.12830167265023504	0.09002534999720666	-0.10926896681806963	0.05218586242304604	-0.05955095641515911
0.07368116244656496	-0.054702717228115524	0.07354175719654286	-0.08452028332496493	0.03998401419027538	-0.11049754112019554	0.10061714926608983	-0.07183960122733729	0.06413458387485972	-0.048151834498852665	0.17387890139692233	-0.14331079468321387	0.20508965934430434	-0.06601593001638595	0.07794825318370908	-0.17721685813315416	0.19427642709093224	-0.2903082947740426	0.11645126543511149	-0.09649024167513535	0.2505894950361758	-0.4408201292053825	0.9999999999999941	-0.14273329208807428	0.09041341475401465	-0.18077630646635218	0.17665055253664888	-0.683522918846645	0.11937300530726777	-0.12188257689317512	0.12650233517275336	-0.15452859870318844	0.21422367566619635	-0.1456014170585118	0.088150820882336	-0.1243735701919252	0.14099781506532372	-0.19987261949521384	0.13357465610865063	-0.09159228437088762	0.14634355361403567	-0.10365803577115648	0.12851254481445837	-0.0645792546752068	0.07326777068363423
-0.05497283345562442	0.03960525397228876	-0.06297105450058624	0.07367774932892536	-0.04323767088833401	0.053631109143242706	-0.05021277231161946	0.06776617537257307	-0.06964780885680344	0.051332417442435226	-0.07640161413586345	0.06222930188282525	-0.08822098397028726	0.21387015218958452	-0.2663881591496758	0.06566964801645826	-0.08419444590949379	0.08641381016311703	-0.6019778176645867	0.26884623693121684	-0.08435104336069164	0.08529730168329132	-0.14273329208807428	0.9999999999999991	-0.38543006331448315	0.09058588890282399	-0.09069759055516027	0.13913528710044407	-0.4847610847268517	0.29250431987726483	-0.07404276471932643	0.08164643141550156	-0.12372254660154496	0.18873984872727445	-0.13557157213214366	0.07368945494546539	-0.08851319939278932	0.12106291871797081	-0.16667543690471928	0.12044880292691322	-0.10374169298753196	0.0704534911118334	-0.09464425743352549	0.05808834195568112	-0.06710884974972761
0.042637848740488614	-0.030782805811555965	0.04925353403506378	-0.05893280038692482	0.03404783176585798	-0.04031144959021652	0.037582848738205846	-0.053680052873789665	0.05436668626929706	-0.04081210441253572	0.05649005012733135	-0.04586656617398966	0.06290674077523971	-0.16894504027909255	0.20356457813833653	-0.048348127833305145	0.06154514420021855	-0.06064749223638993	0.2531510744139419	-0.7383974948858718	0.061072301149953524	-0.061000124004423784	0.09041341475401465	-0.38543006331448315	0.9999999999999991	-0.07062340547103914	0.06954389704587122	-0.10099572833659347	0.24190474603902276	-0.4053001320806261	0.05779628824458278	-0.06333179574371048	0.09418523469962767	-0.1512625196430594	0.12080257210701034	-0.05800532819761714	0.06932194438684973	-0.0960582860133694	0.1301138742220541	-0.11038232506475414	0.0821956565873135	-0.055976414342360406	0.07529178300916473	-0.048251619080833516	0.05525422474098078
-0.057913059383110366	0.041767265696966475	-0.057477228688514743	0.06482719959870216	-0.030321287548272603	0.07874083804043408	-0.07385211443346075	0.04990503587559152	-0.04574050215335211	0.03648783676985885	-0.1410532499037153	0.09594159865572757	-0.11173140289797216	0.05008303806547419	-0.061428192070844025	0.12756084377400026	-0.13838088160712517	0.10576835953248478	-0.08813059551194603	0.07679977767043475	-0.22342938663950554	0.18849508608722115	-0.18077630646635218	0.09058588890282399	-0.07062340547103914	0.9999999999999949	-0.5217173656753654	0.18946511024120152	-0.09018850325022532	0.09756054082068358	-0.5680932671664076	0.2892767714463309	-0.23182048095901486	0.14035108500352453	-0.0912891947584812	0.2912751779580497	-0.30873167962074916	0.215405514534129	-0.1471353608214778	0.09575574663127977	-0.2928574606804097	0.1921424590740903	-0.22327343810494174	0.09610781127297893	-0.11019555719845947
0.05264881467655004	-0.03831416191173651	0.05266881809679693	-0.06098528024293166	0.028379586166346903	-0.07191201713276384	0.06592891047461216	-0.04648477559241421	0.04244570082941546	-0.034307021810511956	0.12127684120801907	-0.08678730699499584	0.10081662992023858	-0.04820159072856249	0.058650357048084814	-0.11730723430976726	0.12147720274405192	-0.10027791641073766	0.08432499174189621	-0.07638327963155798	0.1846725688515952	-0.2456977807083625	0.17665055253664888	-0.09069759055516027	0.06954389704587122	-0.5217173656753654	0.9999999999999976	-0.2124528488445681	0.09093377011726717	-0.09959011368836737	0.26374624569056043	-0.6267363866172491	0.24586084280505288	-0.15067316078019802	0.08981534252929164	-0.25692328625955363	0.2694939328485552	-0.24696297876986825	0.14440860965894572	-0.09639251681419189	0.2142843077728731	-0.1739476117636873	0.18094879214857615	-0.08441821336753766	0.0931163783729746
-0.0797700621093879	0.05778443474283564	-0.07959916041863666	0.08720701525781278	-0.04212561901913211	0.1118536225364668	-0.10734511974089737	0.07428654014418992	-0.06821827444102113	0.0501759364352393	-0.19611223976044342	0.14401264202397468	-0.21248907633541964	0.07194181796796704	-0.08743154054819077	0.16853431095832871	-0.20960835257840352	0.20012678715997764	-0.1299151995618418	0.10394760337044733	-0.2617565486400715	0.2527389945366574	-0.683522918846645	0.13913528710044407	-0.10099572833659347	0.18946511024120152	-0.2124528488445681	0.9999999999999941	-0.14964029527038256	0.13633305672711482	-0.15115560134315736	0.18457299712086067	-0.3862478392899754	0.17072592047978677	-0.10711519525036084	0.14344484131442442	-0.17652898387437838	0.23131407665619746	-0.16931285157336307	0.10731465042230653	-0.18099246536743202	0.1259018402246414	-0.16129392653153588	0.07852722701500357	-0.09058190430889715
0.042303433964159795	-0.03047821382340891	0.04682708997410047	-0.054792787027387976	0.030003986400354985	-0.04469973157175908	0.04182466186830709	-0.04774439312429709	0.04732430783711847	-0.03586301229987694	0.0667432968860137	-0.0523831174830391	0.07132651845833486	-0.12139916497908525	0.14375788262185568	-0.05761018094358026	0.07179830130895998	-0.06910243468292845	0.23710158614796273	-0.2192062539593513	0.07646978221748481	-0.07668246709500867	0.11937300530726777	-0.4847610847268517	0.24190474603902276	-0.09018850325022532	0.09093377011726717	-0.14964029527038256	0.9999999999999983	-0.6781487659232683	0.07441850458714727	-0.08564647078545277	0.13958958994481024	-0.35599051219813843	0.19063764970415162	-0.07489246424603523	0.0912355731809626	-0.13729374213811177	0.20877124607010003	-0.16891671124514376	0.1016934749905419	-0.0722051131538703	0.09622632502764299	-0.06574007939641051	0.07450169033045108
-0.04844056649061211	0.0346559485491779	-0.05379874310357496	0.06183908181336608	-0.03462843393691318	0.04960017181991528	-0.04666688326946643	0.05390552137670926	-0.0541062527011322	0.04108233489774399	-0.07390587565567243	0.05779446186604186	-0.0788457046504151	0.13639213557080532	-0.18049697513973653	0.06283896877631122	-0.07950247589955414	0.07465060464977943	-0.2824432305260526	0.24206651140485244	-0.08281765284204845	0.08063599633797429	-0.12188257689317512	0.29250431987726483	-0.4053001320806261	0.09756054082068358	-0.09959011368836737	0.13633305672711482	-0.6781487659232683	1.0000000000000004	-0.08220313427014833	0.0914810648301941	-0.14560698299004465	0.2494148211704274	-0.2760788052216309	0.08213243919131431	-0.10090807095256983	0.14265710967550266	-0.23537222548600484	0.18893226356857634	-0.1159795382009196	0.08077662212799325	-0.10983522431740082	0.0744731054756542	-0.08684544856709986
0.042663240642446316	-0.03082066990007108	0.04307705714927343	-0.04973126223917693	0.02318585921148096	-0.055290456566300876	0.05106856697862388	-0.03743704737640136	0.03438389417375559	-0.028011413820284763	0.09140767488524136	-0.06584735688083926	0.07791439481366035	-0.03993621791354713	0.04889595583013898	-0.08444106877796104	0.09208564374845211	-0.07525968477433993	0.07010489368391265	-0.06369835936485341	0.12714110173999776	-0.12570085021222513	0.12650233517275336	-0.07404276471932643	0.05779628824458278	-0.5680932671664076	0.26374624569056043	-0.15115560134315736	0.07441850458714727	-0.08220313427014833	0.9999999999999974	-0.3106117769289077	0.18683826165859047	-0.12185490657260367	0.07596981124972405	-0.6384526920929914	0.2749305346160864	-0.2006886921733036	0.12198597443333328	-0.08172974805174575	0.24154126655120048	-0.17629986113398874	0.17797668557331925	-0.07988189598201788	0.08802398444005884
-0.044280751422227774	0.032030021772444656	-0.04459643925504651	0.05107176601083014	-0.024053669881913053	0.058564265336621776	-0.05444466747381843	0.03939944839039366	-0.03624610912094834	0.028987248871732336	-0.0991964839506768	0.0708529596273408	-0.086018009858937	0.043054351310510705	-0.0527315413263115	0.0904937007223828	-0.1003264498297396	0.08317012011357278	-0.07642204664109561	0.06826769588926192	-0.14154111700042132	0.15040152611315025	-0.15452859870318844	0.08164643141550156	-0.06333179574371048	0.2892767714463309	-0.6267363866172491	0.18457299712086067	-0.08564647078545277	0.0914810648301941	-0.3106117769289077	0.9999999999999986	-0.3933580733409319	0.14794362301752093	-0.0883931008489503	0.25021729421651423	-0.4635494848032109	0.25423912840582097	-0.14809241587888697	0.09314559495188618	-0.22082939852773234	0.1898567445295138	-0.19720827980556813	0.08489660309792488	-0.0941543362522814
0.054410349497417805	-0.039362438938693005	0.05553624910899822	-0.06369387998364595	0.030533671093152796	-0.06999802638698578	0.06512808945794644	-0.05022066593124792	0.04652393497695977	-0.03673370218202665	0.1135903425265786	-0.08470723145702792	0.1093490886062997	-0.06095828903113043	0.0745103943764044	-0.10202752181568131	0.11839542695574196	-0.1072290996971353	0.10964893348557661	-0.0993461407463567	0.1453270624159922	-0.15375389123639957	0.21422367566619635	-0.12372254660154496	0.09418523469962767	-0.23182048095901486	0.24586084280505288	-0.3862478392899754	0.13958958994481024	-0.14560698299004465	0.18683826165859047	-0.3933580733409319	0.9999999999999979	-0.3094643212854532	0.1434431400505104	-0.19488820216712702	0.24685126702976345	-0.6218656976835125	0.24791335122258054	-0.15216732449707351	0.20165076650123057	-0.1668762237573588	0.19540157130068436	-0.09916436446634172	0.10876642912634962
-0.04783565515197761	0.03428686166049439	-0.050608820158710904	0.057732741990617856	-0.029612368395342287	0.05522016294172374	-0.05195780442690303	0.047355815074406594	-0.04561446974415633	0.0353719838203198	-0.08749376690363274	0.06565207333020318	-0.08643971045009122	0.08519173890894716	-0.10720192098698827	0.07516430500845253	-0.09193011500388583	0.08145618627567411	-0.16748705840985195	0.14002879285468106	-0.10394264286812174	0.10118008646610516	-0.1456014170585118	0.18873984872727445	-0.1512625196430594	0.14035108500352453	-0.15067316078019802	0.17072592047978677	-0.35599051219813843	0.2494148211704274	-0.12185490657260367	0.14794362301752093	-0.3094643212854532	1.0000000000000018	-0.4085505723230672	0.12193575377193523	-0.1572668368572663	0.2568335675797347	-0.6328370777205832	0.28000613101272176	-0.16066533868781208	0.11916382400835875	-0.15972235576458613	0.11192502526950666	-0.1286199397569806
0.031865481780132376	-0.02286601950014427	0.03407557811961419	-0.039407686949479825	0.02031463959870557	-0.035682246271510856	0.0333613120631484	-0.03214017886763291	0.031072447376470587	-0.024321005448297073	0.05495168064938139	-0.04186411495939971	0.05467786430725945	-0.061451827653149584	0.07715874054949844	-0.04750902767486948	0.05795511335492795	-0.05206481171022195	0.11681031319791421	-0.11155559363287672	0.06416863523990105	-0.06335871754132952	0.088150820882336	-0.13557157213214366	0.12080257210701034	-0.0912891947584812	0.08981534252929164	-0.10711519525036084	0.19063764970415162	-0.2760788052216309	0.07596981124972405	-0.0883931008489503	0.1434431400505104	-0.4085505723230672	0.9999999999999957	-0.07915299685491732	0.09691897997067385	-0.16120930693889507	0.28279191841395945	-0.7895563046715873	0.10555313871374304	-0.08264267861376044	0.11080707900219562	-0.12072154063790261	0.1306536718170344
-0.04196374762149328	0.030192309092420738	-0.04248326541167313	0.04866502490147724	-0.022814502129924297	0.05338379044594236	-0.04974133519220459	0.03681580139530019	-0.03393988720231221	0.02751094618931495	-0.0887616738955075	0.06365959225650406	-0.07681550616693227	0.039943323706476484	-0.0491208685409605	0.07900416187328992	-0.08981776970638086	0.07304539552097163	-0.07058335650282023	0.06340131061209796	-0.11731666562312759	0.11421012795053369	-0.1243735701919252	0.07368945494546539	-0.05800532819761714	0.2912751779580497	-0.25692328625955363	0.14344484131442442	-0.07489246424603523	0.08213243919131431	-0.6384526920929914	0.25021729421651423	-0.19488820216712702	0.12193575377193523	-0.07915299685491732	0.9999999999999982	-0.48902520925203	0.2033722633037558	-0.12921669451990606	0.08458293577183998	-0.39205811671354396	0.23039948005947058	-0.22890619967018858	0.09332711295270588	-0.10336747598168576
0.04695037000224716	-0.033864343453257756	0.04782490137643873	-0.05539764114479175	0.025972212988134607	-0.059109418725310635	0.05465434671771278	-0.041719690703227306	0.03847694688952075	-0.031374589484466704	0.09550693947823306	-0.07004131716346956	0.08500843187210236	-0.04684922517910518	0.057441095638359425	-0.08652820780926729	0.09756589498305301	-0.08209943026647233	0.08271711862601891	-0.07597071559162381	0.12471422986970207	-0.1292062631366483	0.14099781506532372	-0.08851319939278932	0.06932194438684973	-0.30873167962074916	0.2694939328485552	-0.17652898387437838	0.0912355731809626	-0.10090807095256983	0.2749305346160864	-0.4635494848032109	0.24685126702976345	-0.1572668368572663	0.09691897997067385	-0.48902520925203	0.9999999999999978	-0.3386695067992467	0.16189753126728362	-0.1062076231759007	0.2903947515188902	-0.42771909935558283	0.2641873976365689	-0.11316375043204592	0.11775948738064149
-0.055752929038025235	0.040040304587896175	-0.05688722582727504	0.06418320805022003	-0.030998533180086323	0.07027508864960993	-0.0662764946939728	0.050788149333864385	-0.047359025064136806	0.03715836668346657	-0.11683752147725528	0.08510568406084591	-0.11034099337153487	0.06239107884315751	-0.07725085752961722	0.10097989928960853	-0.12093043097240577	0.1032784955344124	-0.11362040212739113	0.09966384805433988	-0.14587870304261227	0.14139420184486812	-0.19987261949521384	0.12106291871797081	-0.0960582860133694	0.215405514534129	-0.24696297876986825	0.23131407665619746	-0.13729374213811177	0.14265710967550266	-0.2006886921733036	0.25423912840582097	-0.6218656976835125	0.2568335675797347	-0.16120930693889507	0.2033722633037558	-0.3386695067992467	0.9999999999999963	-0.41263737321608607	0.16965718358656168	-0.24694811685376294	0.2025222999866521	-0.2835072736100573	0.1239181261575433	-0.13920474127351398
0.04537733591295723	-0.03263296160289678	0.04784342179588524	-0.05544558628385941	0.027753767396698034	-0.052766008370056926	0.04921179161881801	-0.04429840852675542	0.04219571142300743	-0.03333491269448161	0.08232383859299389	-0.06222235994200997	0.08033428153434852	-0.07435796032240818	0.09103537802016916	-0.07179116411383828	0.08631962287870243	-0.07687060753998765	0.13626073765217406	-0.13387028786136204	0.09806064548863538	-0.0977394029808563	0.13357465610865063	-0.16667543690471928	0.1301138742220541	-0.1471353608214778	0.14440860965894572	-0.16931285157336307	0.20877124607010003	-0.23537222548600484	0.12198597443333328	-0.14809241587888697	0.24791335122258054	-0.6328370777205832	0.28279191841395945	-0.12921669451990606	0.16189753126728362	-0.41263737321608607	0.9999999999999962	-0.42962395708052836	0.16057931240072265	-0.12760953109929618	0.1656315938478637	-0.14093861555553622	0.14305289895942636
-0.032708856868919674	0.02342071661803803	-0.03474050879053845	0.0398144887094963	-0.020403225355291574	0.037020087955371976	-0.03473371158053223	0.03231533286453576	-0.03116471428296393	0.024389207431223466	-0.05777059627187613	0.04360211597264434	-0.05688807445302068	0.058517747313000655	-0.07464269013966919	0.04966155421525128	-0.060723375254866443	0.05367790046743968	-0.11311662075984648	0.09902855003620045	-0.06762896412205878	0.06594112366753915	-0.09159228437088762	0.12044880292691322	-0.11038232506475414	0.09575574663127977	-0.09639251681419189	0.10731465042230653	-0.16891671124514376	0.18893226356857634	-0.08172974805174575	0.09314559495188618	-0.15216732449707351	0.28000613101272176	-0.7895563046715873	0.08458293577183998	-0.1062076231759007	0.16965718358656168	-0.42962395708052836	0.9999999999999961	-0.11622826650403886	0.09092708357093451	-0.12683583938699913	0.1384990380644406	-0.18488210925593163
0.05903876444309593	-0.042353419752309135	0.06090283376730474	-0.07160282748080674	0.033087584271821485	-0.06916075739743924	0.06368732792792313	-0.05165151085384245	0.04765548465777085	-0.04013206283569565	0.10630020677370539	-0.07968460011968456	0.09617503114371527	-0.05679984989296222	0.06979111875459058	-0.09451855931430936	0.10958424085045708	-0.0922900629082673	0.09907461724767294	-0.09302199371486519	0.12821351114260654	-0.12830167265023504	0.14634355361403567	-0.10374169298753196	0.0821956565873135	-0.2928574606804097	0.2142843077728731	-0.18099246536743202	0.1016934749905419	-0.1159795382009196	0.24154126655120048	-0.22082939852773234	0.20165076650123057	-0.16066533868781208	0.10555313871374304	-0.39205811671354396	0.2903947515188902	-0.24694811685376294	0.16057931240072265	-0.11622826650403886	0.9999999999999962	-0.5107616918749645	0.30272515006646006	-0.14307091688885318	0.14388205641099205
-0.03744558611552298	0.026904245347022515	-0.0384212064115264	0.0446510924202311	-0.0208991059819024	0.04534656414795944	-0.04199671953966279	0.03314483849790965	-0.030656853177675632	0.025264877971003026	-0.07190573136911024	0.05313915158689831	-0.06486522248418014	0.0377972682999536	-0.046545159433500904	0.06390713819401825	-0.07385745304591824	0.06205195516511	-0.06681521258351907	0.06157652921852752	-0.08971949681735564	0.09002534999720666	-0.10365803577115648	0.0704534911118334	-0.055976414342360406	0.1921424590740903	-0.1739476117636873	0.1259018402246414	-0.0722051131538703	0.08077662212799325	-0.17629986113398874	0.1898567445295138	-0.1668762237573588	0.11916382400835875	-0.08264267861376044	0.23039948005947058	-0.42771909935558283	0.2025222999866521	-0.12760953109929618	0.09092708357093451	-0.5107616918749645	0.9999999999999963	-0.6419654267550381	0.15514510728674402	-0.16275870910770254
0.04934424729522366	-0.03542698792364208	0.05095533911130716	-0.059736036374674006	0.027860778913852587	-0.0581609863941045	0.05366077255158984	-0.04373212581579343	0.04047693725566148	-0.03374376317112855	0.08985206661452894	-0.06738664105812649	0.08227902856722887	-0.050586745183083766	0.062223983167637206	-0.07973570407671403	0.09286187888974454	-0.07898920789212224	0.08903929125457241	-0.08375559222137956	0.10840754159102442	-0.10926896681806963	0.12851254481445837	-0.09464425743352549	0.07529178300916473	-0.22327343810494174	0.18094879214857615	-0.16129392653153588	0.09622632502764299	-0.10983522431740082	0.17797668557331925	-0.19720827980556813	0.19540157130068436	-0.15972235576458613	0.11080707900219562	-0.22890619967018858	0.2641873976365689	-0.2835072736100573	0.1656315938478637	-0.12683583938699913	0.30272515006646006	-0.6419654267550381	0.9999999999999962	-0.313578704600711	0.2230154614742938
