1.0000000000000002	-0.3447388147255328	0.18662955321442937	-0.12349740556899193	0.10458112027504221	-0.7808126013949083	0.2439082176857837	-0.152530142295965	0.10098202689146175	-0.1082652947842598	0.26566173707230395	-0.19014704773477498	0.16024266993211553	-0.09925229979236558	0.0869986444731743	-0.24772307454666181	0.17932565301440784	-0.09705134013484748	0.10599590434836376	-0.11139205967251897	0.13681817950095468	-0.13852369326699968	0.13419279725723496	-0.19434171682401177	0.09272620591655623	-0.1638884168412299	0.11982007655734693	-0.12326219489639716	0.09864578887985026	-0.11801533811137606	0.0729238727636903	-0.09447304265509723	0.08536620050416117	-0.08056184439705906	0.0754374170909753	-0.08280321133844003	0.06591302800671908	-0.05858329355562808	0.060434170197088515	-0.066740424127918
-0.3447388147255328	1.0000000000000002	-0.4322366593559569	0.15572991432855213	-0.12224282956994675	0.2263223824037551	-0.7222416561114989	0.22453282694692303	-0.13109110606110336	0.12087490420147595	-0.18170298949032176	0.23792688484138086	-0.22611606842525564	0.10752841367045841	-0.09490029903035786	0.1537964034176802	-0.1867978756927477	0.09554433400312688	-0.1040888104678622	0.10088938842690516	-0.10194197358463827	0.12249315718962289	-0.1242959578581601	0.1637943991382683	-0.08480570472858949	0.11529962713831338	-0.10021072470436354	0.1016959583294537	-0.08365222341287963	0.09986977026520655	-0.05654256971746331	0.0770764151514673	-0.07103291345137237	0.06733220047494168	-0.06378290559091906	0.06316084837147737	-0.054516746070219085	0.04820374265845116	-0.05055179380672299	0.05541905364223724
0.18662955321442937	-0.4322366593559569	1.0	-0.36306166774629484	0.2067538882631914	-0.17047278340753025	0.2734988330011244	-0.5786530022095299	0.25127827041167394	-0.22240321262336882	0.17466476183666904	-0.2697231757976612	0.28191821499132763	-0.19199938892350427	0.16072408845675143	-0.16886277984369302	0.2054351414524057	-0.12518857470196093	0.1346476369365959	-0.16032908071426322	0.12179136351231769	-0.15642365357660862	0.15770447444932933	-0.24671981799732873	0.13110606782970582	-0.14335720235050478	0.13430320079325164	-0.14289873814197576	0.12215827755611734	-0.1489679233714918	0.07529758562788937	-0.10701235522883894	0.09955745435714519	-0.09740461560268769	0.09241300464770612	-0.08495272981583088	0.07629242707459448	-0.06792942020242698	0.0722923261512433	-0.07986978423945836
-0.12349740556899193	0.15572991432855213	-0.36306166774629484	1.0	-0.464949617880974	0.10222708737219394	-0.16860548229172528	0.26044034487811335	-0.6583734524027741	0.2989326147334132	-0.12716208259428005	0.15931885221803851	-0.21685411589689987	0.2410081427958238	-0.24055192154187427	0.11277470371946646	-0.15776059018860825	0.09446920185075183	-0.11073583884468949	0.1445350682305799	-0.08743068911233401	0.11153839109730147	-0.12608305052147706	0.16858581222828067	-0.12814876785601573	0.09759958817144626	-0.10186960989611679	0.10333163374523929	-0.09288462416339657	0.11182779422061756	-0.054334087070896375	0.07786971666219136	-0.07527208233683431	0.07244396231894325	-0.07147725904156772	0.05958762458385372	-0.057810178089876846	0.050481693846766706	-0.05497411402451841	0.05913448713189834
0.10458112027504221	-0.12224282956994675	0.2067538882631914	-0.464949617880974	0.9999999999999996	-0.08945064433549832	0.12870406086696667	-0.19826169768828422	0.2885525502842636	-0.7424586415650811	0.11436110369612856	-0.1371249168616474	0.16521086972804827	-0.25836817459122124	0.22678121537076257	-0.10639534017873055	0.14177156436432745	-0.0900888656255645	0.1053902684135297	-0.1671433910827671	0.08548933989095059	-0.10913976690278912	0.12188953961696362	-0.19759464351378586	0.13339515221481005	-0.09831450271822523	0.10552225226649081	-0.11247561811692436	0.10246151784477119	-0.1270424778001837	0.05704214515940783	-0.08371264263568957	0.08071382472569683	-0.08014036743459736	0.07800982531342428	-0.06336222876881077	0.06193213831678483	-0.05471537165054687	0.05981969524762529	-0.06540033118225642
-0.7808126013949083	0.2263223824037551	-0.17047278340753025	0.10222708737219394	-0.08945064433549832	1.0000000000000004	-0.2710582377890216	0.13213215276080997	-0.08635739538077644	0.0892582323101457	-0.4293440949888179	0.17751294137452148	-0.15334100076002424	0.08156826277098604	-0.07247929149519798	0.22083105421968705	-0.17351171845179233	0.08594725561856141	-0.09481403958654964	0.08854908267513269	-0.1256755738387483	0.12105933454833369	-0.12020930663336853	0.15260126533963764	-0.07489010054579219	0.13557911177646575	-0.10167451183886733	0.10029633501434468	-0.07953129574649259	0.09388968363290132	-0.0604427284412803	0.07728068484825441	-0.07017748128579264	0.06493946032685834	-0.061125168427292924	0.06717100103244102	-0.05413357790171677	0.04771384864657841	-0.049146775958672534	0.053769152626526165
0.2439082176857837	-0.7222416561114989	0.2734988330011244	-0.16860548229172528	0.12870406086696667	-0.2710582377890216	1.0000000000000004	-0.26137808047866534	0.13867299918926937	-0.13521317457373927	0.19579696514527756	-0.3951792631598264	0.2382245141235069	-0.12135910227660723	0.10451014813644523	-0.18111006744985766	0.20967118335903429	-0.10941486098281812	0.11575995996750581	-0.1180043603973095	0.11703913339174922	-0.144839194240695	0.13954922969818115	-0.1960340790694262	0.09793173150853499	-0.1358101109648651	0.1159322471585321	-0.11980039228821977	0.09839990749075392	-0.11815062401427423	0.06602592616221158	-0.09051421659777419	0.08293455056460743	-0.07927277908892826	0.0747206714901775	-0.07435162426301775	0.0636092439963884	-0.056504502423362725	0.059179313291824	-0.06522701956006678
-0.152530142295965	0.22453282694692303	-0.5786530022095299	0.26044034487811335	-0.19826169768828422	0.13213215276080997	-0.26137808047866534	1.0000000000000007	-0.3674241974039075	0.19486177549649658	-0.1572166264078952	0.2547064398292834	-0.545936011725372	0.1780185968718651	-0.15696773971506828	0.14094859299858584	-0.20034880891922863	0.11911183694601765	-0.12911184995626424	0.12767782420027926	-0.10229116131957346	0.13336795095318324	-0.14114138022405368	0.18450871940285435	-0.10861686914152915	0.11525127008019843	-0.11005419352970625	0.11234212314792053	-0.09557305649468963	0.11458884311340164	-0.05999594862851639	0.08450935730863444	-0.07919778229907128	0.07583349463415369	-0.07277942692733595	0.06665276600893627	-0.06064946411687727	0.05347884861661562	-0.056944521572423724	0.06210819559623275
0.10098202689146175	-0.13109110606110336	0.25127827041167394	-0.6583734524027741	0.2885525502842636	-0.08635739538077644	0.13867299918926937	-0.3674241974039075	1.0000000000000013	-0.3994801693261385	0.10714315697276512	-0.1465378809997947	0.19923057267126887	-0.3874840356746947	0.24344185715383002	-0.09750768526989766	0.13411856755613427	-0.0836632560136218	0.09603390985525158	-0.14092826915451467	0.07527192235368424	-0.09715274476840502	0.10763652684128139	-0.15186825245825852	0.11729017794524496	-0.0850173757208825	0.08861040590957397	-0.091295347346583	0.0828352381456786	-0.10115045402526777	0.0473318887506208	-0.06839263221772532	0.06604054316165972	-0.06431260900739216	0.06335765100463854	-0.05213338811706936	0.05062127266586345	-0.04437718842698422	0.048448639659404484	-0.05235073695189218
-0.1082652947842598	0.12087490420147595	-0.22240321262336882	0.2989326147334132	-0.7424586415650811	0.0892582323101457	-0.13521317457373927	0.19486177549649658	-0.3994801693261385	1.0000000000000009	-0.11705246059262271	0.13598989627844582	-0.17922426921079296	0.2533547979087792	-0.3330484142804981	0.10372185219600638	-0.14656176028965923	0.08939992717005692	-0.1072295321441145	0.1607465928970594	-0.08318766415562545	0.10587253484663195	-0.12289630569534402	0.16771594478603435	-0.14088802763369399	0.0925468388120526	-0.10090446019477191	0.10250013164711792	-0.09445533089892144	0.11434822968922662	-0.05329127211777459	0.07717171430825248	-0.07555578212452954	0.07309892688089212	-0.07287861621215158	0.058156762639102785	-0.05807147260144771	0.050561369322378924	-0.05560524214286008	0.05955805601273497
0.26566173707230395	-0.18170298949032176	0.17466476183666904	-0.12716208259428005	0.11436110369612856	-0.4293440949888179	0.19579696514527756	-0.1572166264078952	0.10714315697276512	-0.11705246059262271	0.9999999999999978	-0.28948344291589817	0.1934979437012865	-0.11039273687302976	0.09751583325959222	-0.6516739606227928	0.260938337012159	-0.12789665174514733	0.13647064288789795	-0.13059126589934394	0.232538407798312	-0.19854910388711627	0.18009838773644207	-0.233137637090766	0.11022553649083718	-0.2644435464860968	0.16204603010374835	-0.15965656712231416	0.12254564762667648	-0.1443594232455061	0.10143761381848791	-0.1240613841522685	0.11016673078111933	-0.1009391173590141	0.09421004180584111	-0.11402774981936586	0.08518077675987765	-0.07533071560073802	0.0762931445915035	-0.0837712338656664
-0.19014704773477498	0.23792688484138086	-0.2697231757976612	0.15931885221803851	-0.1371249168616474	0.17751294137452148	-0.3951792631598264	0.2547064398292834	-0.1465378809997947	0.13598989627844582	-0.28948344291589817	1.0000000000000007	-0.5799140014086638	0.12863591386407155	-0.11372552328349843	0.22359645888928953	-0.47489124145659956	0.15749454495851103	-0.16248673075460204	0.12572277136137475	-0.14695249615744277	0.19800467577721767	-0.19108807876170714	0.21191917434134103	-0.10679434450814433	0.15783718748298742	-0.1398731456084584	0.13670431658751736	-0.10946256539642468	0.1287286850923719	-0.075424354404929	0.10330773230040388	-0.09447271728648005	0.08799107387502554	-0.08313900143036829	0.08348003228530629	-0.07206934525675024	0.06354701391388738	-0.06615017562292774	0.07221485611399397
0.16024266993211553	-0.22611606842525564	0.28191821499132763	-0.21685411589689987	0.16521086972804827	-0.15334100076002424	0.2382245141235069	-0.545936011725372	0.19923057267126887	-0.17922426921079296	0.1934979437012865	-0.5799140014086638	0.9999999999999982	-0.17778816782047147	0.1434774393255834	-0.189528658276941	0.2569944727247416	-0.1823221683863697	0.16489293580181366	-0.15135352437809554	0.1318489564395235	-0.1828205132413159	0.17696261258886048	-0.2454219560231419	0.12464754946283896	-0.1528376664756317	0.13963710097355092	-0.1459828112969858	0.12158036327721763	-0.14637683155111877	0.0771390512045977	-0.10916017517018717	0.10051023240141617	-0.09700931266628032	0.0916431276344523	-0.08676616228850913	0.0767550429900504	-0.06827510277699564	0.07204102060074687	-0.07942616779241427
-0.09925229979236558	0.10752841367045841	-0.19199938892350427	0.2410081427958238	-0.25836817459122124	0.08156826277098604	-0.12135910227660723	0.1780185968718651	-0.3874840356746947	0.2533547979087792	-0.11039273687302976	0.12863591386407155	-0.17778816782047147	0.999999999999997	-0.7659423157259376	0.09750755551883851	-0.14202337619000543	0.09248305859881417	-0.11558714390960481	0.2166574985840179	-0.07990612485583001	0.1031359308909025	-0.1228044262181323	0.1636261381638374	-0.19727481771146718	0.08801557066754982	-0.1019279619731822	0.10248088113712797	-0.10116913399675811	0.12307602591590784	-0.052004421125774546	0.07677646496483578	-0.07728346389101948	0.07545830573894412	-0.0779115803197185	0.05607524026625001	-0.05916839475803662	0.051104581434305255	-0.057585394315422006	0.06072108060329934
0.0869986444731743	-0.09490029903035786	0.16072408845675143	-0.24055192154187427	0.22678121537076257	-0.07247929149519798	0.10451014813644523	-0.15696773971506828	0.24344185715383002	-0.3330484142804981	0.09751583325959222	-0.11372552328349843	0.1434774393255834	-0.7659423157259376	0.999999999999996	-0.08810957003178167	0.1245900394958664	-0.08307540504945493	0.10086819074001513	-0.34778446096880417	0.07310368237251613	-0.0944597013725379	0.11077564198886168	-0.16956897576414626	0.20152846602654242	-0.08172820310323764	0.09643447883371975	-0.10063136316840983	0.10138659915343909	-0.13084359874951768	0.049208834456887104	-0.07408820400104787	0.07464102088388483	-0.07519889085976146	0.07700271410528553	-0.05335524976983834	0.05689929246602161	-0.04958679107440667	0.05624821650593423	-0.06009048439811085
-0.24772307454666181	0.1537964034176802	-0.16886277984369302	0.11277470371946646	-0.10639534017873055	0.22083105421968705	-0.18111006744985766	0.14094859299858584	-0.09750768526989766	0.10372185219600638	-0.6516739606227928	0.22359645888928953	-0.189528658276941	0.09750755551883851	-0.08810957003178167	0.9999999999999952	-0.3871443132973236	0.13736080909170834	-0.1505140976540492	0.1136779173038183	-0.42581965810073275	0.22054322450469221	-0.20829477494298881	0.20189387268915363	-0.09905870350859577	0.26439057444479713	-0.1724831171783939	0.1507788381238878	-0.11293818796791479	0.1286247754565781	-0.1030903421977372	0.11918349763472745	-0.10693882442240829	0.09316744461023785	-0.08776935820650676	0.10782259173161667	-0.08245786779032302	0.0714284534841178	-0.07186279740876932	0.07723455969106229
0.17932565301440784	-0.1867978756927477	0.2054351414524057	-0.15776059018860825	0.14177156436432745	-0.17351171845179233	0.20967118335903429	-0.20034880891922863	0.13411856755613427	-0.14656176028965923	0.260938337012159	-0.47489124145659956	0.2569944727247416	-0.14202337619000543	0.1245900394958664	-0.3871443132973236	0.9999999999999974	-0.2670760562369839	0.2203853477279187	-0.17105570748621102	0.22509141601706198	-0.4517758980888577	0.28345144711502873	-0.3183564675402545	0.14395935365244064	-0.2464967573910235	0.21253775797591445	-0.20961340564288602	0.16081905274292585	-0.18854695648044353	0.11164277458314233	-0.15695773403492586	0.13952662442841704	-0.1297907033602283	0.1209050897059334	-0.12462075835168457	0.10561352010761471	-0.09385710886807423	0.09652095680754766	-0.10611105296593983
-0.09705134013484748	0.09554433400312688	-0.12518857470196093	0.09446920185075183	-0.0900888656255645	0.08594725561856141	-0.10941486098281812	0.11911183694601765	-0.0836632560136218	0.08939992717005692	-0.12789665174514733	0.15749454495851103	-0.1823221683863697	0.09248305859881417	-0.08307540504945493	0.13736080909170834	-0.2670760562369839	0.9999999999999952	-0.8173731241732559	0.11120778133625074	-0.11826734476408075	0.217920355512032	-0.3834696041612844	0.22334121521978034	-0.09834393747667887	0.1302381087265098	-0.13528727043679709	0.13655345851498837	-0.10944034341208715	0.12116191000802742	-0.06659257501025388	0.09776630019122641	-0.09042725356389336	0.08390242363631657	-0.0793855178850417	0.07344480796795581	-0.06773752143009461	0.059682185029918323	-0.06260559783089063	0.06767775307800429
0.10599590434836376	-0.1040888104678622	0.1346476369365959	-0.11073583884468949	0.1053902684135297	-0.09481403958654964	0.11575995996750581	-0.12911184995626424	0.09603390985525158	-0.1072295321441145	0.13647064288789795	-0.16248673075460204	0.16489293580181366	-0.11558714390960481	0.10086819074001513	-0.1505140976540492	0.2203853477279187	-0.8173731241732559	0.9999999999999949	-0.1459880319596457	0.12791770937558125	-0.22784867849556747	0.26149379930275163	-0.32727952401174787	0.12521521825720244	-0.14991075358986208	0.15293728351743077	-0.16532679942307785	0.13854321923948903	-0.15583855819547318	0.07877997933146251	-0.1174884062267625	0.1088687832208721	-0.10505911419022332	0.0987270459752902	-0.08815893601839946	0.08177867575102438	-0.07274187253924688	0.07708657432074653	-0.08421123748486835
-0.11139205967251897	0.10088938842690516	-0.16032908071426322	0.1445350682305799	-0.1671433910827671	0.08854908267513269	-0.1180043603973095	0.12767782420027926	-0.14092826915451467	0.1607465928970594	-0.13059126589934394	0.12572277136137475	-0.15135352437809554	0.2166574985840179	-0.34778446096880417	0.1136779173038183	-0.17105570748621102	0.11120778133625074	-0.1459880319596457	0.9999999999999931	-0.10242222239628396	0.13080209271233517	-0.16679484935701355	0.23465161525740139	-0.7646263711335961	0.11059704715088804	-0.15442208006773495	0.15390288445134373	-0.18664757828022033	0.23346168722722282	-0.07317636480551756	0.11392695124608639	-0.12335983253090468	0.12519942313305604	-0.1410694674611943	0.07666539587294513	-0.09337741129493057	0.07949064350539764	-0.09540706183391719	0.09751173003553795
0.13681817950095468	-0.10194197358463827	0.12179136351231769	-0.08743068911233401	0.08548933989095059	-0.1256755738387483	0.11703913339174922	-0.10229116131957346	0.07527192235368424	-0.08318766415562545	0.232538407798312	-0.14695249615744277	0.1318489564395235	-0.07990612485583001	0.07310368237251613	-0.42581965810073275	0.22509141601706198	-0.11826734476408075	0.12791770937558125	-0.10242222239628396	0.9999999999999888	-0.3150996062285195	0.21105376153905395	-0.18632133517977298	0.09163061113778694	-0.7451649576821737	0.20981255969937565	-0.17339119075007103	0.11548323820627689	-0.128260053442263	0.14540507729642677	-0.14275176023721303	0.11929892033347672	-0.09808612821694919	0.0909503046898211	-0.15472171501541476	0.09283243108403327	-0.08031304110339488	0.07641210296548563	-0.08178441700161496
-0.13852369326699968	0.12249315718962289	-0.15642365357660862	0.11153839109730147	-0.10913976690278912	0.12105933454833369	-0.144839194240695	0.13336795095318324	-0.09715274476840502	0.10587253484663195	-0.19854910388711627	0.19800467577721767	-0.1828205132413159	0.1031359308909025	-0.0944597013725379	0.22054322450469221	-0.4517758980888577	0.217920355512032	-0.22784867849556747	0.13080209271233517	-0.3150996062285195	0.9999999999999897	-0.6462493528264804	0.24546126192380233	-0.11774745006021814	0.24497610745477721	-0.3310711314708272	0.2198941058216237	-0.14845192960375472	0.16028196884183343	-0.11168878658457464	0.16440133120861686	-0.14442038813267855	0.11943519318362905	-0.11180876862451536	0.11753614803436699	-0.1056163406742833	0.09129201368136383	-0.0911043467346637	0.09677526895188918
0.13419279725723496	-0.1242959578581601	0.15770447444932933	-0.12608305052147706	0.12188953961696362	-0.12020930663336853	0.13954922969818115	-0.14114138022405368	0.10763652684128139	-0.12289630569534402	0.18009838773644207	-0.19108807876170714	0.17696261258886048	-0.1228044262181323	0.11077564198886168	-0.20829477494298881	0.28345144711502873	-0.3834696041612844	0.26149379930275163	-0.16679484935701355	0.21105376153905395	-0.6462493528264804	0.9999999999999899	-0.34614618101565764	0.14590075931275065	-0.24369209523232155	0.24590643414922894	-0.26857837001785884	0.18008318120861777	-0.2018460164308694	0.1164196848226069	-0.17765128186461235	0.15681183239955454	-0.14240644422164261	0.1314107861975989	-0.1302882749941085	0.11547550827877362	-0.10311401435000866	0.10493620222688124	-0.11470283381620452
-0.19434171682401177	0.1637943991382683	-0.24671981799732873	0.16858581222828067	-0.19759464351378586	0.15260126533963764	-0.1960340790694262	0.18450871940285435	-0.15186825245825852	0.16771594478603435	-0.233137637090766	0.21191917434134103	-0.2454219560231419	0.1636261381638374	-0.16956897576414626	0.20189387268915363	-0.3183564675402545	0.22334121521978034	-0.32727952401174787	0.23465161525740139	-0.18632133517977298	0.24546126192380233	-0.34614618101565764	0.9999999999999881	-0.31131461572074404	0.1965143312754279	-0.28198600312286287	0.27024218776934955	-0.4166081235040503	0.28795248668090934	-0.12883878452783137	0.1970987088059442	-0.21580654183060818	0.2067726535865991	-0.21466775840934885	0.13303505812425764	-0.16063542993123928	0.13480589881457816	-0.15820494779830419	0.15633205925707083
0.09272620591655623	-0.08480570472858949	0.13110606782970582	-0.12814876785601573	0.13339515221481005	-0.07489010054579219	0.09793173150853499	-0.10861686914152915	0.11729017794524496	-0.14088802763369399	0.11022553649083718	-0.10679434450814433	0.12464754946283896	-0.19727481771146718	0.20152846602654242	-0.09905870350859577	0.14395935365244064	-0.09834393747667887	0.12521521825720244	-0.7646263711335961	0.09163061113778694	-0.11774745006021814	0.14590075931275065	-0.31131461572074404	0.9999999999999895	-0.10153690497467091	0.1477642273791622	-0.1666408455826925	0.20823408578692934	-0.3894598750533352	0.069437777352888	-0.11407037369513835	0.12277091213693961	-0.13890520921725713	0.149214749244931	-0.07368307231433908	0.09135055187204151	-0.0801347551269852	0.09733968581726299	-0.10472806904260479
-0.1638884168412299	0.11529962713831338	-0.14335720235050478	0.09759958817144626	-0.09831450271822523	0.13557911177646575	-0.1358101109648651	0.11525127008019843	-0.0850173757208825	0.0925468388120526	-0.2644435464860968	0.15783718748298742	-0.1528376664756317	0.08801557066754982	-0.08172820310323764	0.26439057444479713	-0.2464967573910235	0.1302381087265098	-0.14991075358986208	0.11059704715088804	-0.7451649576821737	0.24497610745477721	-0.24369209523232155	0.1965143312754279	-0.10153690497467091	0.9999999999999915	-0.3096380188029968	0.19319408185754558	-0.13077265442333105	0.139867842997064	-0.22336812227944686	0.16820595793420806	-0.1449224303026902	0.11147059202422624	-0.10501877873731931	0.17941355667352027	-0.11280745366019512	0.09415056579347911	-0.08942849955628221	0.09300649437401562
0.11982007655734693	-0.10021072470436354	0.13430320079325164	-0.10186960989611679	0.10552225226649081	-0.10167451183886733	0.1159322471585321	-0.11005419352970625	0.08861040590957397	-0.10090446019477191	0.16204603010374835	-0.1398731456084584	0.13963710097355092	-0.1019279619731822	0.09643447883371975	-0.1724831171783939	0.21253775797591445	-0.13528727043679709	0.15293728351743077	-0.15442208006773495	0.20981255969937565	-0.3310711314708272	0.24590643414922894	-0.28198600312286287	0.1477642273791622	-0.3096380188029968	0.9999999999999889	-0.5936999280303241	0.24289083717688742	-0.24965980604726534	0.16330281593055984	-0.4369352823357053	0.27096226222429665	-0.20156822832909393	0.17732814862231122	-0.1733225396391604	0.18107883166245947	-0.16123759700301438	0.1467514858186895	-0.15575281550135223
-0.12326219489639716	0.1016959583294537	-0.14289873814197576	0.10333163374523929	-0.11247561811692436	0.10029633501434468	-0.11980039228821977	0.11234212314792053	-0.091295347346583	0.10250013164711792	-0.15965656712231416	0.13670431658751736	-0.1459828112969858	0.10248088113712797	-0.10063136316840983	0.1507788381238878	-0.20961340564288602	0.13655345851498837	-0.16532679942307785	0.15390288445134373	-0.17339119075007103	0.2198941058216237	-0.26857837001785884	0.27024218776934955	-0.1666408455826925	0.19319408185754558	-0.5936999280303241	0.9999999999999885	-0.4619321279747775	0.26539691989478686	-0.13903170939191947	0.27095071215398603	-0.36344150687152954	0.22602861560153661	-0.21618801898137424	0.13997304761139917	-0.18975425022170805	0.1621398070778009	-0.16593816833208158	0.1611333185899509
0.09864578887985026	-0.08365222341287963	0.12215827755611734	-0.09288462416339657	0.10246151784477119	-0.07953129574649259	0.09839990749075392	-0.09557305649468963	0.0828352381456786	-0.09445533089892144	0.12254564762667648	-0.10946256539642468	0.12158036327721763	-0.10116913399675811	0.10138659915343909	-0.11293818796791479	0.16081905274292585	-0.10944034341208715	0.13854321923948903	-0.18664757828022033	0.11548323820627689	-0.14845192960375472	0.18008318120861777	-0.4166081235040503	0.20823408578692934	-0.13077265442333105	0.24289083717688742	-0.4619321279747775	0.9999999999999895	-0.6081393269665203	0.09807444008980858	-0.18607164764715958	0.21435399672765026	-0.3451987036295121	0.2521028004717914	-0.10304072161508561	0.1414758664848811	-0.12912331201518565	0.1618988184053464	-0.16887997749411804
-0.11801533811137606	0.09986977026520655	-0.1489679233714918	0.11182779422061756	-0.1270424778001837	0.09388968363290132	-0.11815062401427423	0.11458884311340164	-0.10115045402526777	0.11434822968922662	-0.1443594232455061	0.1287286850923719	-0.14637683155111877	0.12307602591590784	-0.13084359874951768	0.1286247754565781	-0.18854695648044353	0.12116191000802742	-0.15583855819547318	0.23346168722722282	-0.128260053442263	0.16028196884183343	-0.2018460164308694	0.28795248668090934	-0.3894598750533352	0.139867842997064	-0.24965980604726534	0.26539691989478686	-0.6081393269665203	0.9999999999999889	-0.10557373104487952	0.18292758505222792	-0.21854445632249858	0.2627581201500139	-0.3783361036774385	0.10884229216168913	-0.15640694917116227	0.13503832717654674	-0.18125456858100225	0.18413013850267362
0.0729238727636903	-0.05654256971746331	0.07529758562788937	-0.054334087070896375	0.05704214515940783	-0.0604427284412803	0.06602592616221158	-0.05999594862851639	0.0473318887506208	-0.05329127211777459	0.10143761381848791	-0.075424354404929	0.0771390512045977	-0.052004421125774546	0.049208834456887104	-0.1030903421977372	0.11164277458314233	-0.06659257501025388	0.07877997933146251	-0.07317636480551756	0.14540507729642677	-0.11168878658457464	0.1164196848226069	-0.12883878452783137	0.069437777352888	-0.22336812227944686	0.16330281593055984	-0.13903170939191947	0.09807444008980858	-0.10557373104487952	0.9999999999999891	-0.2660762967245689	0.1685104263476911	-0.10828209693047576	0.09860348533249727	-0.8874392779905316	0.16705723738071993	-0.13538117163173222	0.09869676064472652	-0.10176272830459626
-0.09447304265509723	0.0770764151514673	-0.10701235522883894	0.07786971666219136	-0.08371264263568957	0.07728068484825441	-0.09051421659777419	0.08450935730863444	-0.06839263221772532	0.07717171430825248	-0.1240613841522685	0.10330773230040388	-0.10916017517018717	0.07677646496483578	-0.07408820400104787	0.11918349763472745	-0.15695773403492586	0.09776630019122641	-0.1174884062267625	0.11392695124608639	-0.14275176023721303	0.16440133120861686	-0.17765128186461235	0.1970987088059442	-0.11407037369513835	0.16820595793420806	-0.4369352823357053	0.27095071215398603	-0.18607164764715958	0.18292758505222792	-0.2660762967245689	0.9999999999999885	-0.6362215600583835	0.2232448989629916	-0.20596916531765838	0.21140858479116612	-0.36366528556369593	0.24708275440291255	-0.19337443721533262	0.17845852516039692
0.08536620050416117	-0.07103291345137237	0.09955745435714519	-0.07527208233683431	0.08071382472569683	-0.07017748128579264	0.08293455056460743	-0.07919778229907128	0.06604054316165972	-0.07555578212452954	0.11016673078111933	-0.09447271728648005	0.10051023240141617	-0.07728346389101948	0.07464102088388483	-0.10693882442240829	0.13952662442841704	-0.09042725356389336	0.1088687832208721	-0.12335983253090468	0.11929892033347672	-0.14442038813267855	0.15681183239955454	-0.21580654183060818	0.12277091213693961	-0.1449224303026902	0.27096226222429665	-0.36344150687152954	0.21435399672765026	-0.21854445632249858	0.1685104263476911	-0.6362215600583835	0.9999999999999861	-0.3778313871064828	0.23376940583841307	-0.18488335676923467	0.271164157590384	-0.35106584054468243	0.2160727140391255	-0.2211849913920672
-0.08056184439705906	0.06733220047494168	-0.09740461560268769	0.07244396231894325	-0.08014036743459736	0.06493946032685834	-0.07927277908892826	0.07583349463415369	-0.06431260900739216	0.07309892688089212	-0.1009391173590141	0.08799107387502554	-0.09700931266628032	0.07545830573894412	-0.07519889085976146	0.09316744461023785	-0.1297907033602283	0.08390242363631657	-0.10505911419022332	0.12519942313305604	-0.09808612821694919	0.11943519318362905	-0.14240644422164261	0.2067726535865991	-0.13890520921725713	0.11147059202422624	-0.20156822832909393	0.22602861560153661	-0.3451987036295121	0.2627581201500139	-0.10828209693047576	0.2232448989629916	-0.3778313871064828	0.9999999999999869	-0.6652601927345204	0.11267947676045678	-0.20574453027595907	0.1956179398190213	-0.36680585641500574	0.28240393781380546
0.0754374170909753	-0.06378290559091906	0.09241300464770612	-0.07147725904156772	0.07800982531342428	-0.061125168427292924	0.0747206714901775	-0.07277942692733595	0.06335765100463854	-0.07287861621215158	0.09421004180584111	-0.08313900143036829	0.0916431276344523	-0.0779115803197185	0.07700271410528553	-0.08776935820650676	0.1209050897059334	-0.0793855178850417	0.0987270459752902	-0.1410694674611943	0.0909503046898211	-0.11180876862451536	0.1314107861975989	-0.21466775840934885	0.149214749244931	-0.10501877873731931	0.17732814862231122	-0.21618801898137424	0.2521028004717914	-0.3783361036774385	0.09860348533249727	-0.20596916531765838	0.23376940583841307	-0.6652601927345204	0.9999999999999857	-0.10709352349755638	0.174597255820301	-0.17640373556568587	0.27682713366552525	-0.45916629878397675
-0.08280321133844003	0.06316084837147737	-0.08495272981583088	0.05958762458385372	-0.06336222876881077	0.06717100103244102	-0.07435162426301775	0.06665276600893627	-0.05213338811706936	0.058156762639102785	-0.11402774981936586	0.08348003228530629	-0.08676616228850913	0.05607524026625001	-0.05335524976983834	0.10782259173161667	-0.12462075835168457	0.07344480796795581	-0.08815893601839946	0.07666539587294513	-0.15472171501541476	0.11753614803436699	-0.1302882749941085	0.13303505812425764	-0.07368307231433908	0.17941355667352027	-0.1733225396391604	0.13997304761139917	-0.10304072161508561	0.10884229216168913	-0.8874392779905316	0.21140858479116612	-0.18488335676923467	0.11267947676045678	-0.10709352349755638	0.9999999999999853	-0.21507028920594223	0.1426259962695598	-0.10922445079288887	0.10556803819684356
0.06591302800671908	-0.054516746070219085	0.07629242707459448	-0.057810178089876846	0.06193213831678483	-0.05413357790171677	0.0636092439963884	-0.06064946411687727	0.05062127266586345	-0.05807147260144771	0.08518077675987765	-0.07206934525675024	0.0767550429900504	-0.05916839475803662	0.05689929246602161	-0.08245786779032302	0.10561352010761471	-0.06773752143009461	0.08177867575102438	-0.09337741129493057	0.09283243108403327	-0.1056163406742833	0.11547550827877362	-0.16063542993123928	0.09135055187204151	-0.11280745366019512	0.18107883166245947	-0.18975425022170805	0.1414758664848811	-0.15640694917116227	0.16705723738071993	-0.36366528556369593	0.271164157590384	-0.20574453027595907	0.174597255820301	-0.21507028920594223	0.9999999999999853	-0.7689198989945634	0.24860637612385422	-0.2696212189270133
-0.05858329355562808	0.04820374265845116	-0.06792942020242698	0.050481693846766706	-0.05471537165054687	0.04771384864657841	-0.056504502423362725	0.05347884861661562	-0.04437718842698422	0.050561369322378924	-0.07533071560073802	0.06354701391388738	-0.06827510277699564	0.051104581434305255	-0.04958679107440667	0.0714284534841178	-0.09385710886807423	0.059682185029918323	-0.07274187253924688	0.07949064350539764	-0.08031304110339488	0.09129201368136383	-0.10311401435000866	0.13480589881457816	-0.0801347551269852	0.09415056579347911	-0.16123759700301438	0.1621398070778009	-0.12912331201518565	0.13503832717654674	-0.13538117163173222	0.24708275440291255	-0.35106584054468243	0.1956179398190213	-0.17640373556568587	0.1426259962695598	-0.7689198989945634	0.9999999999999853	-0.3891063211826888	0.2382553822323062
0.060434170197088515	-0.05055179380672299	0.0722923261512433	-0.05497411402451841	0.05981969524762529	-0.049146775958672534	0.059179313291824	-0.056944521572423724	0.048448639659404484	-0.05560524214286008	0.0762931445915035	-0.06615017562292774	0.07204102060074687	-0.057585394315422006	0.05624821650593423	-0.07186279740876932	0.09652095680754766	-0.06260559783089063	0.07708657432074653	-0.09540706183391719	0.07641210296548563	-0.0911043467346637	0.10493620222688124	-0.15820494779830419	0.09733968581726299	-0.08942849955628221	0.1467514858186895	-0.16593816833208158	0.1618988184053464	-0.18125456858100225	0.09869676064472652	-0.19337443721533262	0.2160727140391255	-0.36680585641500574	0.27682713366552525	-0.10922445079288887	0.24860637612385422	-0.3891063211826888	0.9999999999999858	-0.7406302526303277
-0.066740424127918	0.05541905364223724	-0.07986978423945836	0.05913448713189834	-0.06540033118225642	0.053769152626526165	-0.06522701956006678	0.06210819559623275	-0.05235073695189218	0.05955805601273497	-0.0837712338656664	0.07221485611399397	-0.07942616779241427	0.06072108060329934	-0.06009048439811085	0.07723455969106229	-0.10611105296593983	0.06767775307800429	-0.08421123748486835	0.09751173003553795	-0.08178441700161496	0.09677526895188918	-0.11470283381620452	0.15633205925707083	-0.10472806904260479	0.09300649437401562	-0.15575281550135223	0.1611333185899509	-0.16887997749411804	0.18413013850267362	-0.10176272830459626	0.17845852516039692	-0.2211849913920672	0.28240393781380546	-0.45916629878397675	0.10556803819684356	-0.2696212189270133	0.2382553822323062	-0.7406302526303277	0.9999999999999857
