1.0	-0.22251199176066913	0.17393044665531257	-0.3914477552073796	0.18613975632835061	-0.3282753508408867	0.24428060937265592	-0.26262143596437115	0.23473718769469146	-0.18195403218983666	0.26476862998414813	-0.2805199679602758	0.23614531458696533	-0.32703422441392554	0.2166792549189828	-0.3405533197846158	0.22957757333346906	-0.22705030953980393	0.2503469475556688	-0.24181770231068636	0.18982210395941518	-0.23841390801841644	0.20463937395881518	-0.24433138265590354	0.21582777609686518	-0.16398406145434735	0.1928303190871575	-0.22665344202384127	0.19889779332761084	-0.26846947969628165	0.16910389348639504	-0.17731554706789382	0.16107855800335827	-0.1638572353785004	0.12932349763155873	-0.16536709776328254	0.12358856531458953	-0.16047208289822906	0.15238623164916057	-0.161453506016026
-0.22251199176066913	0.9999999999999999	-0.926721451472977	0.19341484474711762	-0.10948746514851909	0.08610736231114192	-0.10839724048941012	0.12575645967372065	-0.12899324210217625	0.08364302297313327	-0.09368945384155844	0.09227064048306191	-0.12089265535873742	0.11023176778774739	-0.0831539848586895	0.08813922966984501	-0.07026958995162459	0.06959405724815572	-0.08569032723139175	0.07390161581860864	-0.0577325768208825	0.0664052593633439	-0.06446408220121372	0.06970386515328486	-0.06783589413097389	0.04617953447279263	-0.055690227784474626	0.06157031129183533	-0.057128646979382615	0.07049769950993319	-0.04858333606131182	0.048075467729867934	-0.04485676416592158	0.044181566265887456	-0.03466323336451562	0.04319112014965823	-0.03342766377683799	0.04217586910707693	-0.042168473746046486	0.041318607491101084
0.17393044665531257	-0.926721451472977	0.9999999999999991	-0.2499371294527278	0.1034472358874777	-0.07837487661979077	0.09558306885611262	-0.13617298188972488	0.12475437145739875	-0.08251143470114797	0.08376763901128821	-0.08708594555989414	0.11435244553985977	-0.1096837011476536	0.07862281093115442	-0.08354380783609426	0.06559679610055408	-0.06619436886080515	0.08023507296403604	-0.07117344173240177	0.053816173803820075	-0.06283600948689999	0.060581716440966	-0.06619720396678506	0.06391784662396907	-0.04341538698555296	0.052375693769027454	-0.05839487085466096	0.05395555770829277	-0.06737418032485168	0.04555195970242166	-0.045376344681197174	0.04228831149712741	-0.04181093843376021	0.03291813353488958	-0.04084665920135647	0.03153514996791688	-0.03992050349132284	0.039753526384823316	-0.03941272013684291
-0.3914477552073796	0.19341484474711762	-0.2499371294527278	0.9999999999999996	-0.4572251210823514	0.1412403252666365	-0.16244629020669016	0.20768087059918372	-0.5465641866970659	0.2870290071253671	-0.17465027228931282	0.15507107164217973	-0.22414353976026224	0.2855915256143429	-0.23535743997916703	0.1626015694399013	-0.13521160706741675	0.14706077919922103	-0.20666795316435893	0.18193456409782885	-0.12695407578141346	0.13589634169916423	-0.13946196522025564	0.1555335319485951	-0.16484400266283203	0.09848356663547878	-0.11867565883770448	0.13095600913383215	-0.12679720395080593	0.15433280009555503	-0.1057006731228061	0.10201513580366486	-0.0972406930869882	0.09491939453689566	-0.07613622189557151	0.09083510321475594	-0.07137517581140243	0.08941506017164941	-0.09185077191892907	0.08867623622407202
0.18613975632835061	-0.10948746514851909	0.1034472358874777	-0.4572251210823514	0.9999999999999989	-0.07995570362493847	0.09373716239410791	-0.14286631194009233	0.29449731894207065	-0.7750466441660658	0.0965465077615692	-0.09565899100161232	0.13756032416783423	-0.25059283897829665	0.1931967161516986	-0.10466794027482582	0.08420108864364234	-0.0992872414514806	0.13391906856344465	-0.16630663749593547	0.07923520517602352	-0.08987594049860817	0.09041498672442341	-0.11090314905724802	0.11692606089116224	-0.0637504790332416	0.07746437101637633	-0.08973067707360305	0.08670184557183372	-0.11633562116950522	0.06787493186560573	-0.0675233108412993	0.06467266425783771	-0.0645658193441177	0.054308402759029414	-0.06052833160212032	0.047222836872218434	-0.06030815242204667	0.0612468509004921	-0.06469695866928785
-0.3282753508408867	0.08610736231114192	-0.07837487661979077	0.1412403252666365	-0.07995570362493847	0.9999999999999993	-0.5708974574312299	0.1856718687518739	-0.10752548682656743	0.0759306101987392	-0.66794392555267	0.2939741774664038	-0.1751109078970943	0.1333834200939408	-0.09319058978370534	0.2092074190598601	-0.17086947052821586	0.11291458165010346	-0.12020995604795721	0.09590900648243358	-0.09480620809683209	0.12136580207756638	-0.1052941071339705	0.10424874742033158	-0.09139376593029098	0.07679462850090901	-0.09510434192349908	0.09913475267720193	-0.08745835337299877	0.1041544609560575	-0.07800186218658979	0.07811886010024832	-0.07073050255486214	0.06924454061082627	-0.051578674304914224	0.06921090010461206	-0.05334392814915931	0.0666865247985135	-0.06543732354147601	0.06220480382025157
0.24428060937265592	-0.10839724048941012	0.09558306885611262	-0.16244629020669016	0.09373716239410791	-0.5708974574312299	0.9999999999999989	-0.336681349946566	0.1313488421864857	-0.0902624387566888	0.31810928790809506	-0.5798163849959459	0.2310169319861565	-0.15815320450888956	0.1082876438043098	-0.25822984544675825	0.21506248779432022	-0.13737228885417294	0.1402687677072265	-0.10952054843127587	0.10932239253640445	-0.14800695349589824	0.12529077926119025	-0.11986222358117944	0.10439770097039894	-0.08888214741887909	0.11130649273201763	-0.11450051318508493	0.10035484469016104	-0.11697557694751823	0.08936121661968251	-0.08954579260571882	0.08079918023265949	-0.07872408149893982	0.05795868959515239	-0.07829661999687396	0.060660700955116185	-0.07540688582103819	0.07428766238548681	-0.06945661836898151
-0.26262143596437115	0.12575645967372065	-0.13617298188972488	0.20768087059918372	-0.14286631194009233	0.1856718687518739	-0.336681349946566	0.9999999999999993	-0.2661872610791324	0.1367941563203754	-0.20658711365932303	0.22600870532756345	-0.7780565567382582	0.22988761269198765	-0.15106099325416492	0.17597635618127838	-0.15520760272670792	0.16882124657911576	-0.1765730226842944	0.13343265961714754	-0.11086732400227214	0.13470386856214214	-0.14753960438471114	0.1331976911277147	-0.12286978969651727	0.08778126319984515	-0.1100519964224121	0.11754554461296862	-0.10843749690644992	0.12542421389220604	-0.09124126068421394	0.08960679722501867	-0.08372574855035902	0.08137402282435752	-0.06182470062180404	0.07842280296154579	-0.06152063154348332	0.07661716962065637	-0.07740928491909481	0.07279915784525262
0.23473718769469146	-0.12899324210217625	0.12475437145739875	-0.5465641866970659	0.29449731894207065	-0.10752548682656743	0.1313488421864857	-0.2661872610791324	0.9999999999999972	-0.45844922191453885	0.12707550794557546	-0.12892906604175983	0.2165597632986603	-0.5198521972433879	0.22793630926632272	-0.13204550454391625	0.10823957034091503	-0.1290388917589848	0.17495020687517193	-0.1828822042888366	0.0980474513025009	-0.1120533753354672	0.11534320890900432	-0.13502657504383353	0.13926973727572373	-0.07829065926180588	0.09580458073529685	-0.10927505448451467	0.1052909460098908	-0.13453239175089218	0.0831199230767533	-0.08215343108156112	0.07856356240781048	-0.07782038959679868	0.06383205721150065	-0.07308452248166589	0.057242622272724246	-0.0725776266931517	0.0739745514489632	-0.07530643043140445
-0.18195403218983666	0.08364302297313327	-0.08251143470114797	0.2870290071253671	-0.7750466441660658	0.0759306101987392	-0.0902624387566888	0.1367941563203754	-0.45844922191453885	0.9999999999999983	-0.0928108518083218	0.08941336079505945	-0.13917311232865978	0.2359394601717231	-0.247489428392777	0.09583619117448074	-0.07901105088332588	0.09335363064523744	-0.1323986892857651	0.15877719959105502	-0.07482365930262672	0.08326426642899981	-0.08608240377848293	0.1035775092782033	-0.11555444418506966	0.059346522723198264	-0.07245492368486205	0.08279950419359	-0.08137038229912077	0.10621665225834125	-0.06350478874485119	0.06244694506029743	-0.060182647022745735	0.059623151779887855	-0.05010639684654045	0.055629392540141966	-0.04369938994462189	0.055459952335266585	-0.05697003157058401	0.05877543621353799
0.26476862998414813	-0.09368945384155844	0.08376763901128821	-0.17465027228931282	0.0965465077615692	-0.66794392555267	0.31810928790809506	-0.20658711365932303	0.12707550794557546	-0.0928108518083218	0.9999999999999961	-0.468040910274155	0.18543702817322438	-0.1658614723814321	0.11571402828026262	-0.34854079373737595	0.2317894492121858	-0.14689229975953022	0.15230444976580954	-0.12190437004765509	0.12424398317713076	-0.16529423556496933	0.13614939722984973	-0.1354361387013256	0.11679527491614909	-0.10194797591013187	0.12559887534509773	-0.13081001762874478	0.1137457540017954	-0.1352000443998664	0.10218778075026576	-0.10320278902330733	0.09257588873875376	-0.0907484669350713	0.0669264377634792	-0.09117676672015848	0.07007508948809589	-0.08757098616689707	0.08541057661349159	-0.08091270166445641
-0.2805199679602758	0.09227064048306191	-0.08708594555989414	0.15507107164217973	-0.09565899100161232	0.2939741774664038	-0.5798163849959459	0.22600870532756345	-0.12892906604175983	0.08941336079505945	-0.468040910274155	0.9999999999999984	-0.26275996919989575	0.158382306757958	-0.11589185574769466	0.28825983780789993	-0.4361900611742076	0.16053319542710418	-0.16569731173984611	0.11584492642432977	-0.13646608389629236	0.18510573979082812	-0.15696056563544028	0.13474049461234172	-0.11643479972815698	0.10646206694712068	-0.14116805103517763	0.132125801834815	-0.11645982485813663	0.1267665252158158	-0.10721885128612821	0.10446400813517445	-0.09424661303186521	0.0897534741593548	-0.06405173786393971	0.08924847255914979	-0.07031515351828696	0.08556432529012147	-0.08563990047016527	0.07556291434259821
0.23614531458696533	-0.12089265535873742	0.11435244553985977	-0.22414353976026224	0.13756032416783423	-0.1751109078970943	0.2310169319861565	-0.7780565567382582	0.2165597632986603	-0.13917311232865978	0.18543702817322438	-0.26275996919989575	0.999999999999998	-0.3084054608651058	0.16278071643157976	-0.19882545985678865	0.16553375779344034	-0.23236804363816946	0.19229575962909976	-0.1529916032333876	0.11868165849156942	-0.15435689917133266	0.16537508709339732	-0.15195272666272244	0.13456279742173133	-0.09662676514964418	0.12137007327441499	-0.13354769671140665	0.12052841322399034	-0.14227059938367376	0.09915370388825319	-0.09943156684678957	0.09243688168340158	-0.09074631795640777	0.06898412851953556	-0.08698323226382368	0.06787969555065292	-0.08519589027139407	0.08518624865147928	-0.08200172611168899
-0.32703422441392554	0.11023176778774739	-0.1096837011476536	0.2855915256143429	-0.25059283897829665	0.1333834200939408	-0.15815320450888956	0.22988761269198765	-0.5198521972433879	0.2359394601717231	-0.1658614723814321	0.158382306757958	-0.3084054608651058	0.9999999999999947	-0.4807508624767047	0.16854276963544537	-0.14361662086804752	0.18205643634009655	-0.30989896670480827	0.26157861017504436	-0.13745526550006015	0.15181226050070656	-0.1660757465888381	0.19424157666345743	-0.21663546687815444	0.10758767462973502	-0.13302256860971673	0.15024609634574598	-0.15066446594642455	0.1837659197813292	-0.11554455459404885	0.1123546505550478	-0.10927447775176664	0.107196983069143	-0.08844755473243082	0.09905141650686575	-0.07852522097590872	0.09887023237867884	-0.10290200754380918	0.10167615901041063
0.2166792549189828	-0.0831539848586895	0.07862281093115442	-0.23535743997916703	0.1931967161516986	-0.09319058978370534	0.1082876438043098	-0.15106099325416492	0.22793630926632272	-0.247489428392777	0.11571402828026262	-0.11589185574769466	0.16278071643157976	-0.4807508624767047	0.999999999999993	-0.1364030252534888	0.11209201779082739	-0.15058938103244926	0.2233788259333989	-0.6805541792499499	0.1144074560015636	-0.13075734163436026	0.1358178533726886	-0.19867733177449737	0.24699465140798535	-0.09310395077459123	0.11569761983780096	-0.14094226212939237	0.1451786425284428	-0.2234286254559888	0.10012133567515676	-0.10071250150895142	0.099813344815311	-0.10157841298834555	0.0948291634658342	-0.08968604587715995	0.07078010726756942	-0.09187384301634718	0.09531838032115153	-0.11244482301360793
-0.3405533197846158	0.08813922966984501	-0.08354380783609426	0.1626015694399013	-0.10466794027482582	0.2092074190598601	-0.25822984544675825	0.17597635618127838	-0.13204550454391625	0.09583619117448074	-0.34854079373737595	0.28825983780789993	-0.19882545985678865	0.16854276963544537	-0.1364030252534888	0.9999999999999942	-0.6818288393278368	0.20427554066543405	-0.22512326837249738	0.13803899133395411	-0.22199536670693837	0.256223399214545	-0.21858765828954202	0.17522657939754116	-0.15013976461791376	0.1577464946911105	-0.2107372035241574	0.17885351585480072	-0.1597851738305221	0.15930201596656032	-0.1583651224728032	0.146657517055671	-0.1319057364614566	0.12188971182993075	-0.08313326102137446	0.12254762077819349	-0.09844008261470216	0.11616676328096864	-0.11872775190159193	0.09608740283778325
0.22957757333346906	-0.07026958995162459	0.06559679610055408	-0.13521160706741675	0.08420108864364234	-0.17086947052821586	0.21506248779432022	-0.15520760272670792	0.10823957034091503	-0.07901105088332588	0.2317894492121858	-0.4361900611742076	0.16553375779344034	-0.14361662086804752	0.11209201779082739	-0.6818288393278368	0.9999999999999912	-0.2342661532245708	0.18852367187746535	-0.11778359057495308	0.17211198366487804	-0.38557856703515997	0.21056440774153035	-0.15810203667200345	0.1262182485602597	-0.14013448002318826	0.1970686651586899	-0.17061646514026174	0.13938458373141402	-0.13967469222967846	0.13155697746666017	-0.132031780729671	0.11397864086582654	-0.10682296366658668	0.07124039186260668	-0.10657732986356214	0.08486706885274693	-0.10109991659326865	0.1005257843379457	-0.08324034684908568
-0.22705030953980393	0.06959405724815572	-0.06619436886080515	0.14706077919922103	-0.0992872414514806	0.11291458165010346	-0.13737228885417294	0.16882124657911576	-0.1290388917589848	0.09335363064523744	-0.14689229975953022	0.16053319542710418	-0.23236804363816946	0.18205643634009655	-0.15058938103244926	0.20427554066543405	-0.2342661532245708	0.9999999999999916	-0.5057138545552726	0.16195273395988102	-0.17605546386163243	0.2561309756817892	-0.6719874814149962	0.24694480302433158	-0.17546512314744722	0.13857501150607196	-0.20131955476868668	0.20883687148053187	-0.1911711682698635	0.17431184620945522	-0.1415134814777341	0.13884821627846938	-0.13419217691684057	0.12622608143971276	-0.08679792805901926	0.11447899068698818	-0.0929103405273914	0.11335149360864902	-0.11723844603750391	0.09915750552601339
0.2503469475556688	-0.08569032723139175	0.08023507296403604	-0.20666795316435893	0.13391906856344465	-0.12020995604795721	0.1402687677072265	-0.1765730226842944	0.17495020687517193	-0.1323986892857651	0.15230444976580954	-0.16569731173984611	0.19229575962909976	-0.30989896670480827	0.2233788259333989	-0.22512326837249738	0.18852367187746535	-0.5057138545552726	0.9999999999999916	-0.30140646183496794	0.1807882017921402	-0.2491468951542201	0.2881576694388004	-0.4982784043793116	0.25557856623715475	-0.15357873793175744	0.20046599958095151	-0.2590602248181301	0.24833763450537807	-0.2620550349412439	0.15817223849998294	-0.16410281589129277	0.16095818131353967	-0.16416375444954692	0.12042328770075086	-0.14127106416396673	0.1115822396172308	-0.1435106417207188	0.14520750506403002	-0.1413469095499216
-0.24181770231068636	0.07390161581860864	-0.07117344173240177	0.18193456409782885	-0.16630663749593547	0.09590900648243358	-0.10952054843127587	0.13343265961714754	-0.1828822042888366	0.15877719959105502	-0.12190437004765509	0.11584492642432977	-0.1529916032333876	0.26157861017504436	-0.6805541792499499	0.13803899133395411	-0.11778359057495308	0.16195273395988102	-0.30140646183496794	0.9999999999999908	-0.12627271695923079	0.13773159265981508	-0.15283320550823587	0.22311984529807408	-0.4701268426107371	0.09989695123804497	-0.12607288769714106	0.1499288014131894	-0.16664906122985265	0.2360759550512223	-0.10910584006995577	0.1071117225360159	-0.10883889730234912	0.10875535160246717	-0.10463850887772111	0.09417192889378724	-0.0756266042632148	0.09692796354825398	-0.10400875212594418	0.11542363610328747
0.18982210395941518	-0.0577325768208825	0.053816173803820075	-0.12695407578141346	0.07923520517602352	-0.09480620809683209	0.10932239253640445	-0.11086732400227214	0.0980474513025009	-0.07482365930262672	0.12424398317713076	-0.13646608389629236	0.11868165849156942	-0.13745526550006015	0.1144074560015636	-0.22199536670693837	0.17211198366487804	-0.17605546386163243	0.1807882017921402	-0.12627271695923079	0.9999999999999872	-0.30567556681347985	0.1854213607516802	-0.19196832347675974	0.1473168927101865	-0.7433419543231761	0.27664381651056547	-0.2447717315821595	0.18053723142609046	-0.18191310667151736	0.27469254483768407	-0.268270973098015	0.18154862011210465	-0.17370337658281607	0.09801823525766194	-0.23309797307742477	0.16120757859561555	-0.18290237283607003	0.15977220505133455	-0.11656097576875904
-0.23841390801841644	0.0664052593633439	-0.06283600948689999	0.13589634169916423	-0.08987594049860817	0.12136580207756638	-0.14800695349589824	0.13470386856214214	-0.1120533753354672	0.08326426642899981	-0.16529423556496933	0.18510573979082812	-0.15435689917133266	0.15181226050070656	-0.13075734163436026	0.256223399214545	-0.38557856703515997	0.2561309756817892	-0.2491468951542201	0.13773159265981508	-0.30567556681347985	0.9999999999999873	-0.44865435328584596	0.21262410058259806	-0.16452112382723538	0.22905106084194296	-0.5518250380580324	0.2667920635040294	-0.21367852343707122	0.17709928840539546	-0.21145675177100492	0.2055891534397439	-0.17494230924821283	0.1530722805944314	-0.09374117950365982	0.15203737726506958	-0.12790205423066067	0.14284817070119765	-0.14531076905540063	0.10627479331263937
0.20463937395881518	-0.06446408220121372	0.060581716440966	-0.13946196522025564	0.09041498672442341	-0.1052941071339705	0.12529077926119025	-0.14753960438471114	0.11534320890900432	-0.08608240377848293	0.13614939722984973	-0.15696056563544028	0.16537508709339732	-0.1660757465888381	0.1358178533726886	-0.21858765828954202	0.21056440774153035	-0.6719874814149962	0.2881576694388004	-0.15283320550823587	0.1854213607516802	-0.44865435328584596	0.9999999999999887	-0.3003195255674206	0.1746202733533119	-0.15982502904895168	0.23866047624051104	-0.29376503651000185	0.20975735333726866	-0.1894450144327984	0.15298188952595962	-0.16032995603090283	0.14969424416045166	-0.14268670582926	0.0925500054245454	-0.1277147821258335	0.10290270904483292	-0.12669252408475476	0.12683800037663528	-0.10704104531439174
-0.24433138265590354	0.06970386515328486	-0.06619720396678506	0.1555335319485951	-0.11090314905724802	0.10424874742033158	-0.11986222358117944	0.1331976911277147	-0.13502657504383353	0.1035775092782033	-0.1354361387013256	0.13474049461234172	-0.15195272666272244	0.19424157666345743	-0.19867733177449737	0.17522657939754116	-0.15810203667200345	0.24694480302433158	-0.4982784043793116	0.22311984529807408	-0.19196832347675974	0.21262410058259806	-0.3003195255674206	0.9999999999999873	-0.42903598094182116	0.15193626161239362	-0.21639426483666863	0.27032074415462276	-0.5137648661353359	0.28642758946785946	-0.16755308943605182	0.16463801543868448	-0.18558366463177203	0.18407121972160026	-0.13393601344352124	0.137720715629247	-0.11502765307967872	0.14603255250291747	-0.16563964294062086	0.14368435395067192
0.21582777609686518	-0.06783589413097389	0.06391784662396907	-0.16484400266283203	0.11692606089116224	-0.09139376593029098	0.10439770097039894	-0.12286978969651727	0.13926973727572373	-0.11555444418506966	0.11679527491614909	-0.11643479972815698	0.13456279742173133	-0.21663546687815444	0.24699465140798535	-0.15013976461791376	0.1262182485602597	-0.17546512314744722	0.25557856623715475	-0.4701268426107371	0.1473168927101865	-0.16452112382723538	0.1746202733533119	-0.42903598094182116	0.9999999999999845	-0.12126003007495771	0.15676593114423001	-0.20882342623732733	0.25325991695477224	-0.5881904101675574	0.13343444595403547	-0.13608484995172707	0.14440737877502793	-0.15285079952630373	0.17644307951548352	-0.11981843828047062	0.09673316542039517	-0.1290927940177041	0.14035309115114103	-0.20284508876676927
-0.16398406145434735	0.04617953447279263	-0.04341538698555296	0.09848356663547878	-0.0637504790332416	0.07679462850090901	-0.08888214741887909	0.08778126319984515	-0.07829065926180588	0.059346522723198264	-0.10194797591013187	0.10646206694712068	-0.09662676514964418	0.10758767462973502	-0.09310395077459123	0.1577464946911105	-0.14013448002318826	0.13857501150607196	-0.15357873793175744	0.09989695123804497	-0.7433419543231761	0.22905106084194296	-0.15982502904895168	0.15193626161239362	-0.12126003007495771	0.9999999999999863	-0.3717678962622983	0.20722420767701955	-0.15924299443633438	0.14128340957730776	-0.41750249300594633	0.24148802911435197	-0.16559698098128117	0.14436113022708164	-0.07942525562594319	0.1925212165851951	-0.14581258860643867	0.14940317520252935	-0.13991178449690025	0.09127944542324748
0.1928303190871575	-0.055690227784474626	0.052375693769027454	-0.11867565883770448	0.07746437101637633	-0.09510434192349908	0.11130649273201763	-0.1100519964224121	0.09580458073529685	-0.07245492368486205	0.12559887534509773	-0.14116805103517763	0.12137007327441499	-0.13302256860971673	0.11569761983780096	-0.2107372035241574	0.1970686651586899	-0.20131955476868668	0.20046599958095151	-0.12607288769714106	0.27664381651056547	-0.5518250380580324	0.23866047624051104	-0.21639426483666863	0.15676593114423001	-0.3717678962622983	0.9999999999999888	-0.4897418892750373	0.23425303279957949	-0.18849160176912974	0.24562370178300386	-0.3349898647674759	0.20835016699543563	-0.1817931045589776	0.09848701049399403	-0.1832953986779555	0.154771059464342	-0.16905794997946352	0.16085815601515197	-0.11274161951076145
-0.22665344202384127	0.06157031129183533	-0.05839487085466096	0.13095600913383215	-0.08973067707360305	0.09913475267720193	-0.11450051318508493	0.11754554461296862	-0.10927505448451467	0.08279950419359	-0.13081001762874478	0.132125801834815	-0.13354769671140665	0.15024609634574598	-0.14094226212939237	0.17885351585480072	-0.17061646514026174	0.20883687148053187	-0.2590602248181301	0.1499288014131894	-0.2447717315821595	0.2667920635040294	-0.29376503651000185	0.27032074415462276	-0.20882342623732733	0.20722420767701955	-0.4897418892750373	0.9999999999999845	-0.5525930795506928	0.2332065774359949	-0.22097742714525365	0.22832516877155806	-0.3215206040780965	0.23283383536414487	-0.12376201272143168	0.1689599177067493	-0.14829033819016388	0.18232396588900193	-0.19660787457017428	0.13240095456835949
0.19889779332761084	-0.057128646979382615	0.05395555770829277	-0.12679720395080593	0.08670184557183372	-0.08745835337299877	0.10035484469016104	-0.10843749690644992	0.1052909460098908	-0.08137038229912077	0.1137457540017954	-0.11645982485813663	0.12052841322399034	-0.15066446594642455	0.1451786425284428	-0.1597851738305221	0.13938458373141402	-0.1911711682698635	0.24833763450537807	-0.16664906122985265	0.18053723142609046	-0.21367852343707122	0.20975735333726866	-0.5137648661353359	0.25325991695477224	-0.15924299443633438	0.23425303279957949	-0.5525930795506928	0.999999999999984	-0.4021925322289258	0.1714496705500097	-0.18616282189593686	0.22882743398873528	-0.2989503361692543	0.14876723716841056	-0.1498065284819137	0.12566638088718482	-0.17016701363761183	0.189443498463451	-0.16185729725766054
-0.26846947969628165	0.07049769950993319	-0.06737418032485168	0.15433280009555503	-0.11633562116950522	0.1041544609560575	-0.11697557694751823	0.12542421389220604	-0.13453239175089218	0.10621665225834125	-0.1352000443998664	0.1267665252158158	-0.14227059938367376	0.1837659197813292	-0.2234286254559888	0.15930201596656032	-0.13967469222967846	0.17431184620945522	-0.2620550349412439	0.2360759550512223	-0.18191310667151736	0.17709928840539546	-0.1894450144327984	0.28642758946785946	-0.5881904101675574	0.14128340957730776	-0.18849160176912974	0.2332065774359949	-0.4021925322289258	0.9999999999999827	-0.16323150011325255	0.15802952924525793	-0.18165294950485164	0.1840948677163146	-0.3552228726784298	0.13696373239297505	-0.11544495681141317	0.15102258718893252	-0.1833277992835951	0.2464533195944698
0.16910389348639504	-0.04858333606131182	0.04555195970242166	-0.1057006731228061	0.06787493186560573	-0.07800186218658979	0.08936121661968251	-0.09124126068421394	0.0831199230767533	-0.06350478874485119	0.10218778075026576	-0.10721885128612821	0.09915370388825319	-0.11554455459404885	0.10012133567515676	-0.1583651224728032	0.13155697746666017	-0.1415134814777341	0.15817223849998294	-0.10910584006995577	0.27469254483768407	-0.21145675177100492	0.15298188952595962	-0.16755308943605182	0.13343444595403547	-0.41750249300594633	0.24562370178300386	-0.22097742714525365	0.1714496705500097	-0.16323150011325255	0.9999999999999835	-0.5948098838700207	0.23956385799571306	-0.21598995130371318	0.09905710312794291	-0.4611302572972812	0.2717571366312479	-0.25319240174473473	0.2051698605475059	-0.1153106455965599
-0.17731554706789382	0.048075467729867934	-0.045376344681197174	0.10201513580366486	-0.0675233108412993	0.07811886010024832	-0.08954579260571882	0.08960679722501867	-0.08215343108156112	0.06244694506029743	-0.10320278902330733	0.10446400813517445	-0.09943156684678957	0.1123546505550478	-0.10071250150895142	0.146657517055671	-0.132031780729671	0.13884821627846938	-0.16410281589129277	0.1071117225360159	-0.268270973098015	0.2055891534397439	-0.16032995603090283	0.16463801543868448	-0.13608484995172707	0.24148802911435197	-0.3349898647674759	0.22832516877155806	-0.18616282189593686	0.15802952924525793	-0.5948098838700207	0.9999999999999823	-0.40096212762683053	0.23554517678404258	-0.10337494529056909	0.29869124797800173	-0.4008466106151253	0.25643200280824463	-0.24621554678481067	0.11500581614974997
0.16107855800335827	-0.04485676416592158	0.04228831149712741	-0.0972406930869882	0.06467266425783771	-0.07073050255486214	0.08079918023265949	-0.08372574855035902	0.07856356240781048	-0.060182647022745735	0.09257588873875376	-0.09424661303186521	0.09243688168340158	-0.10927447775176664	0.099813344815311	-0.1319057364614566	0.11397864086582654	-0.13419217691684057	0.16095818131353967	-0.10883889730234912	0.18154862011210465	-0.17494230924821283	0.14969424416045166	-0.18558366463177203	0.14440737877502793	-0.16559698098128117	0.20835016699543563	-0.3215206040780965	0.22882743398873528	-0.18165294950485164	0.23956385799571306	-0.40096212762683053	0.9999999999999815	-0.6445586234795555	0.1257195989538607	-0.24334211318626983	0.22060423700096077	-0.3914246640921954	0.3009615380678592	-0.14206399619153443
-0.1638572353785004	0.044181566265887456	-0.04181093843376021	0.09491939453689566	-0.0645658193441177	0.06924454061082627	-0.07872408149893982	0.08137402282435752	-0.07782038959679868	0.059623151779887855	-0.0907484669350713	0.0897534741593548	-0.09074631795640777	0.107196983069143	-0.10157841298834555	0.12188971182993075	-0.10682296366658668	0.12622608143971276	-0.16416375444954692	0.10875535160246717	-0.17370337658281607	0.1530722805944314	-0.14268670582926	0.18407121972160026	-0.15285079952630373	0.14436113022708164	-0.1817931045589776	0.23283383536414487	-0.2989503361692543	0.1840948677163146	-0.21598995130371318	0.23554517678404258	-0.6445586234795555	0.9999999999999808	-0.1616114839353436	0.1921319450068577	-0.1857290087339556	0.282988639066107	-0.5344199269363742	0.1608683247046005
0.12932349763155873	-0.03466323336451562	0.03291813353488958	-0.07613622189557151	0.054308402759029414	-0.051578674304914224	0.05795868959515239	-0.06182470062180404	0.06383205721150065	-0.05010639684654045	0.0669264377634792	-0.06405173786393971	0.06898412851953556	-0.08844755473243082	0.0948291634658342	-0.08313326102137446	0.07124039186260668	-0.08679792805901926	0.12042328770075086	-0.10463850887772111	0.09801823525766194	-0.09374117950365982	0.0925500054245454	-0.13393601344352124	0.17644307951548352	-0.07942525562594319	0.09848701049399403	-0.12376201272143168	0.14876723716841056	-0.3552228726784298	0.09905710312794291	-0.10337494529056909	0.1257195989538607	-0.1616114839353436	0.9999999999999805	-0.09800588370903884	0.08250137330991722	-0.12933184191236852	0.16602571543948963	-0.8685238423274857
-0.16536709776328254	0.04319112014965823	-0.04084665920135647	0.09083510321475594	-0.06052833160212032	0.06921090010461206	-0.07829661999687396	0.07842280296154579	-0.07308452248166589	0.055629392540141966	-0.09117676672015848	0.08924847255914979	-0.08698323226382368	0.09905141650686575	-0.08968604587715995	0.12254762077819349	-0.10657732986356214	0.11447899068698818	-0.14127106416396673	0.09417192889378724	-0.23309797307742477	0.15203737726506958	-0.1277147821258335	0.137720715629247	-0.11981843828047062	0.1925212165851951	-0.1832953986779555	0.1689599177067493	-0.1498065284819137	0.13696373239297505	-0.4611302572972812	0.29869124797800173	-0.24334211318626983	0.1921319450068577	-0.09800588370903884	0.9999999999999811	-0.6930259995210869	0.27970938052753647	-0.28036687433960084	0.10789863714352863
0.12358856531458953	-0.03342766377683799	0.03153514996791688	-0.07137517581140243	0.047222836872218434	-0.05334392814915931	0.060660700955116185	-0.06152063154348332	0.057242622272724246	-0.04369938994462189	0.07007508948809589	-0.07031515351828696	0.06787969555065292	-0.07852522097590872	0.07078010726756942	-0.09844008261470216	0.08486706885274693	-0.0929103405273914	0.1115822396172308	-0.0756266042632148	0.16120757859561555	-0.12790205423066067	0.10290270904483292	-0.11502765307967872	0.09673316542039517	-0.14581258860643867	0.154771059464342	-0.14829033819016388	0.12566638088718482	-0.11544495681141317	0.2717571366312479	-0.4008466106151253	0.22060423700096077	-0.1857290087339556	0.08250137330991722	-0.6930259995210869	0.9999999999999809	-0.4787191934998985	0.24243824151507187	-0.09403336361497733
-0.16047208289822906	0.04217586910707693	-0.03992050349132284	0.08941506017164941	-0.06030815242204667	0.0666865247985135	-0.07540688582103819	0.07661716962065637	-0.0725776266931517	0.055459952335266585	-0.08757098616689707	0.08556432529012147	-0.08519589027139407	0.09887023237867884	-0.09187384301634718	0.11616676328096864	-0.10109991659326865	0.11335149360864902	-0.1435106417207188	0.09692796354825398	-0.18290237283607003	0.14284817070119765	-0.12669252408475476	0.14603255250291747	-0.1290927940177041	0.14940317520252935	-0.16905794997946352	0.18232396588900193	-0.17016701363761183	0.15102258718893252	-0.25319240174473473	0.25643200280824463	-0.3914246640921954	0.282988639066107	-0.12933184191236852	0.27970938052753647	-0.4787191934998985	0.9999999999999818	-0.6250931581138682	0.1416146149867966
0.15238623164916057	-0.042168473746046486	0.039753526384823316	-0.09185077191892907	0.0612468509004921	-0.06543732354147601	0.07428766238548681	-0.07740928491909481	0.0739745514489632	-0.05697003157058401	0.08541057661349159	-0.08563990047016527	0.08518624865147928	-0.10290200754380918	0.09531838032115153	-0.11872775190159193	0.1005257843379457	-0.11723844603750391	0.14520750506403002	-0.10400875212594418	0.15977220505133455	-0.14531076905540063	0.12683800037663528	-0.16563964294062086	0.14035309115114103	-0.13991178449690025	0.16085815601515197	-0.19660787457017428	0.189443498463451	-0.1833277992835951	0.2051698605475059	-0.24621554678481067	0.3009615380678592	-0.5344199269363742	0.16602571543948963	-0.28036687433960084	0.24243824151507187	-0.6250931581138682	0.999999999999982	-0.22591150408815405
-0.161453506016026	0.041318607491101084	-0.03941272013684291	0.08867623622407202	-0.06469695866928785	0.06220480382025157	-0.06945661836898151	0.07279915784525262	-0.07530643043140445	0.05877543621353799	-0.08091270166445641	0.07556291434259821	-0.08200172611168899	0.10167615901041063	-0.11244482301360793	0.09608740283778325	-0.08324034684908568	0.09915750552601339	-0.1413469095499216	0.11542363610328747	-0.11656097576875904	0.10627479331263937	-0.10704104531439174	0.14368435395067192	-0.20284508876676927	0.09127944542324748	-0.11274161951076145	0.13240095456835949	-0.16185729725766054	0.2464533195944698	-0.1153106455965599	0.11500581614974997	-0.14206399619153443	0.1608683247046005	-0.8685238423274857	0.10789863714352863	-0.09403336361497733	0.1416146149867966	-0.22591150408815405	0.999999999999982
