1.0000000000000002	-0.6439265861813444	0.2920426858032554	-0.1373336830656623	0.09502539742496635	-0.382175035151527	0.21212588290045364	-0.18033390214262476	0.1100356480635359	-0.082039992067585	0.2501579529851167	-0.0920042010564538	0.06849657528162827	-0.06300627045196937	0.06445075072175573	-0.4151224157228762	0.08205582185840453	-0.0620643970385336	0.05886113923710604	-0.08335434561832056	0.1616753926041562	-0.20136207294984118	0.04667286212546194	-0.04317828345213339	0.04459888358602865	-0.1812093294678431	0.12693873914536852	-0.047760612860022277	0.03687054439711486	-0.03513714232981513
-0.6439265861813444	0.9999999999999998	-0.5729304405421831	0.139690562298181	-0.08897770789153747	0.186134965494149	-0.33364983924632263	0.2283424638138577	-0.12117473507010756	0.07730439865792153	-0.18123018076528694	0.06294285189012287	-0.055682743067317526	0.05259385930350965	-0.055665745084824095	0.24140270629385632	-0.056912301322315284	0.047699385818655876	-0.04677476520627042	0.06863546216671532	-0.09603838009728279	0.11967491645452161	-0.03155253146375489	0.03037706975429559	-0.031054773073728493	0.10689944435063604	-0.0763694938452025	0.03139703333247012	-0.025021858585320925	0.023866963013221776
0.2920426858032554	-0.5729304405421831	1.0	-0.2502859129396685	0.13584879950521203	-0.18502789790337743	0.3008479830134581	-0.4327751843883415	0.1882090441146043	-0.1234829717667348	0.16819525743761557	-0.09586260196811057	0.0861321032368003	-0.08296711568108052	0.08732876374157501	-0.3978208751464489	0.0856724080341438	-0.07487383611573618	0.07303241775514077	-0.10989737072118694	0.15721847932930774	-0.19885459704737105	0.05067824817671957	-0.04857408172897236	0.04955251543959987	-0.17758353173714936	0.12527109210713255	-0.050848204673821784	0.04017737412988712	-0.038422545235169726
-0.1373336830656623	0.139690562298181	-0.2502859129396685	0.9999999999999994	-0.3768148401337141	0.07936762130109486	-0.26027546573388843	0.2344942763550727	-0.773652559695721	0.2645686416379378	-0.08333340631810003	0.06455569508011282	-0.1357906671337699	0.1395770087835229	-0.16307212220193038	0.14183330842880187	-0.0607519257760428	0.09560465513150414	-0.109310719424003	0.16467273184238268	-0.060587536206674564	0.07847995539907753	-0.04370627774670307	0.04884728370277944	-0.04795002358525318	0.0672942290008258	-0.05270818340454469	0.038269938993027	-0.03505380662224583	0.03337122559545924
0.09502539742496635	-0.08897770789153747	0.13584879950521203	-0.3768148401337141	0.9999999999999997	-0.057822706798740256	0.1317113325451942	-0.13417395685787342	0.2678019554492341	-0.7540395890118667	0.06263517919029184	-0.06983993093445526	0.1495850036123111	-0.17487967554262715	0.2616708329411146	-0.13174979954759514	0.06442020830631066	-0.12400697787433884	0.1322717307843806	-0.36178374224339827	0.05786340089479208	-0.07666234788910382	0.05139614616009832	-0.06006009033623683	0.057448690955718355	-0.06457945854452436	0.05209004635744054	-0.04531973751872752	0.04162184475414536	-0.0406800036621189
-0.382175035151527	0.186134965494149	-0.18502789790337743	0.07936762130109486	-0.057822706798740256	0.9999999999999992	-0.16585289458781924	0.11512010856813965	-0.0683140615272166	0.04854601055298791	-0.8436461187264858	0.06179999447475806	-0.042106938041920894	0.037508174797336265	-0.03810378585665066	0.2268412586394549	-0.056753048688745526	0.037330154348152914	-0.03547751670789907	0.04765334756411414	-0.09130763609872251	0.10383733870146351	-0.02624478775630904	0.02446904583257557	-0.025405909076802492	0.09397762477476113	-0.06950395834607036	0.02632009834095702	-0.020727593859166227	0.01956414872453328
0.21212588290045364	-0.33364983924632263	0.3008479830134581	-0.26027546573388843	0.1317113325451942	-0.16585289458781924	0.9999999999999989	-0.7647816830454971	0.21620864382885022	-0.1302676443862223	0.14098141260500635	-0.0848754090840238	0.07996615399405174	-0.07936355219516884	0.08404038866757495	-0.25992930526640795	0.07411989148250016	-0.06705024528067616	0.06636275832373466	-0.1025617288992076	0.10435405727699548	-0.13233749391192104	0.039027255727197833	-0.03905457799218886	0.039269497374589	-0.11684329934873786	0.08445800719863324	-0.037978963377444365	0.031033234956991958	-0.02968439302433922
-0.18033390214262476	0.2283424638138577	-0.4327751843883415	0.2344942763550727	-0.13417395685787342	0.11512010856813965	-0.7647816830454971	0.9999999999999982	-0.3184120197150598	0.12781202470378186	-0.11067365003399292	0.06281011586510563	-0.07483384556901529	0.07497220010860799	-0.08075447685993281	0.1816783995138365	-0.057261852323183086	0.05867127722302368	-0.06049477988397544	0.09162106369453629	-0.07387340252877284	0.09369005156934362	-0.031466943011883186	0.03244340806617485	-0.032374851144249976	0.08237519434058188	-0.060500561635279636	0.029815773386418432	-0.025063359533104335	0.02392811231578474
0.1100356480635359	-0.12117473507010756	0.1882090441146043	-0.773652559695721	0.2678019554492341	-0.0683140615272166	0.21620864382885022	-0.3184120197150598	0.9999999999999972	-0.37599137575952385	0.06956614651807803	-0.05978844916420506	0.12493226045042906	-0.15874018591656563	0.16080730470180432	-0.13105491623857193	0.055318679440631964	-0.09263550743071962	0.1035909044109879	-0.17052767382164058	0.055735315861614815	-0.07248874391077567	0.03991512677937282	-0.04541100383316566	0.04356642452876121	-0.06211383043073745	0.048343029575599106	-0.03511727075682308	0.0319699545974517	-0.030578100970637928
-0.082039992067585	0.07730439865792153	-0.1234829717667348	0.2645686416379378	-0.7540395890118667	0.04854601055298791	-0.1302676443862223	0.12781202470378186	-0.37599137575952385	0.9999999999999958	-0.05266912991535585	0.05905080841638502	-0.1509203299309138	0.1688420840251334	-0.3832362486065103	0.09951069190860086	-0.05567609595920016	0.10915081014344917	-0.12673312788074256	0.2632444435968618	-0.044522401529678096	0.059110393236834056	-0.04492018547818968	0.05259677923163096	-0.050499085764230005	0.0493863198700019	-0.04085802616650164	0.03824471952873461	-0.036132296783683106	0.03462038030996306
0.2501579529851167	-0.18123018076528694	0.16819525743761557	-0.08333340631810003	0.06263517919029184	-0.8436461187264858	0.14098141260500635	-0.11067365003399292	0.06956614651807803	-0.05266912991535585	0.999999999999995	-0.08196451233123109	0.04934972526677412	-0.04346874577143187	0.043127898031001914	-0.34754794761197705	0.07204170420468106	-0.04508381296469076	0.04200042545281239	-0.0550153095411219	0.12621996012769274	-0.14429249770945954	0.033408125288497785	-0.0305520918943243	0.03174225760637525	-0.1319028955504566	0.09440503476701304	-0.03399114455267324	0.026281105809942782	-0.024740735335017642
-0.0920042010564538	0.06294285189012287	-0.09586260196811057	0.06455569508011282	-0.06983993093445526	0.06179999447475806	-0.0848754090840238	0.06281011586510563	-0.05978844916420506	0.05905080841638502	-0.08196451233123109	0.9999999999999949	-0.19403394477036714	0.11400443129155415	-0.07831866982570546	0.11997478785635891	-0.926530948733887	0.17230474335499243	-0.13760617867428201	0.09327767583108701	-0.08768785673611701	0.1299081208249525	-0.0546816720851631	0.057797829648288786	-0.05659662918525532	0.0782309677346458	-0.10015707134394404	0.047371343269652595	-0.04263522247650182	0.03855393699921396
0.06849657528162827	-0.055682743067317526	0.0861321032368003	-0.1357906671337699	0.1495850036123111	-0.042106938041920894	0.07996615399405174	-0.07483384556901529	0.12493226045042906	-0.1509203299309138	0.04934972526677412	-0.19403394477036714	0.9999999999999941	-0.6242967135870282	0.23721349058720909	-0.09435673648531456	0.15972498464151974	-0.5690539463886853	0.31930125381210245	-0.31486850974058844	0.0514477481482183	-0.07445676189857624	0.08660810177534484	-0.11177058047930663	0.09608612980300123	-0.05466841333983032	0.054843873353337874	-0.07032731461788146	0.06841952407320968	-0.06493947830111076
-0.06300627045196937	0.05259385930350965	-0.08296711568108052	0.1395770087835229	-0.17487967554262715	0.037508174797336265	-0.07936355219516884	0.07497220010860799	-0.15874018591656563	0.1688420840251334	-0.04346874577143187	0.11400443129155415	-0.6242967135870282	0.9999999999999937	-0.4171242364227458	0.08104377270880647	-0.1110445420170688	0.3016374767393935	-0.5011134943527987	0.2835217925765655	-0.04363542428359772	0.062202036538715026	-0.09601791708805961	0.12207880182868369	-0.10741897100601219	0.04716957751865794	-0.04715085693731556	0.07195418500838831	-0.07433513178385184	0.06745743695139617
0.06445075072175573	-0.055665745084824095	0.08732876374157501	-0.16307212220193038	0.2616708329411146	-0.03810378585665066	0.08404038866757495	-0.08075447685993281	0.16080730470180432	-0.3832362486065103	0.043127898031001914	-0.07831866982570546	0.23721349058720909	-0.4171242364227458	0.9999999999999947	-0.08274876362416797	0.07356811436939584	-0.18420994462196005	0.21439566492958917	-0.7306049615806447	0.04068839741006773	-0.05627177356473631	0.0641035718961434	-0.08046901552500503	0.07354224458291024	-0.04469965180081253	0.040918736438191584	-0.05262877121491399	0.05139074409737474	-0.04933873280619983
-0.4151224157228762	0.24140270629385632	-0.3978208751464489	0.14183330842880187	-0.13174979954759514	0.2268412586394549	-0.25992930526640795	0.1816783995138365	-0.13105491623857193	0.09951069190860086	-0.34754794761197705	0.11997478785635891	-0.09435673648531456	0.08104377270880647	-0.08274876362416797	0.9999999999999919	-0.12842060750343365	0.08237530194494092	-0.0807209512191039	0.0997534176473542	-0.4748693177160313	0.25624025794714533	-0.07159615196112297	0.06222565939906824	-0.06799146518434843	0.2552983685884674	-0.23035418036943905	0.07130088146360573	-0.05629341759005712	0.05109804560493812
0.08205582185840453	-0.056912301322315284	0.0856724080341438	-0.0607519257760428	0.06442020830631066	-0.056753048688745526	0.07411989148250016	-0.057261852323183086	0.055318679440631964	-0.05567609595920016	0.07204170420468106	-0.926530948733887	0.15972498464151974	-0.1110445420170688	0.07356811436939584	-0.12842060750343365	0.9999999999999915	-0.20891296727539194	0.12880332490423016	-0.09235061330464453	0.08813981130721683	-0.15374942440832878	0.051566990626201376	-0.055327071373234046	0.052615171812600586	-0.08004978966567451	0.09778387253720029	-0.0455625940599562	0.040091250780566454	-0.036618448332698283
-0.0620643970385336	0.047699385818655876	-0.07487383611573618	0.09560465513150414	-0.12400697787433884	0.037330154348152914	-0.06705024528067616	0.05867127722302368	-0.09263550743071962	0.10915081014344917	-0.04508381296469076	0.17230474335499243	-0.5690539463886853	0.3016374767393935	-0.18420994462196005	0.08237530194494092	-0.20891296727539194	0.9999999999999916	-0.6729599115859335	0.20535675580437596	-0.04946082514056061	0.07293709806408406	-0.12321164552492112	0.15333530027576675	-0.1365361625862904	0.05180581261204288	-0.0566250313633358	0.08909074481446475	-0.09406620495555129	0.0834519054869162
0.05886113923710604	-0.04677476520627042	0.07303241775514077	-0.109310719424003	0.1322717307843806	-0.03547751670789907	0.06636275832373466	-0.06049477988397544	0.1035909044109879	-0.12673312788074256	0.04200042545281239	-0.13760617867428201	0.31930125381210245	-0.5011134943527987	0.21439566492958917	-0.0807209512191039	0.12880332490423016	-0.6729599115859335	0.99999999999999	-0.2980701887504076	0.04647289055185862	-0.06883665092511695	0.13586953434062343	-0.2370465688204054	0.14738183011511194	-0.050606833800729965	0.05332239133701107	-0.10323720264786346	0.10387421005211897	-0.09655158466861344
-0.08335434561832056	0.06863546216671532	-0.10989737072118694	0.16467273184238268	-0.36178374224339827	0.04765334756411414	-0.1025617288992076	0.09162106369453629	-0.17052767382164058	0.2632444435968618	-0.0550153095411219	0.09327767583108701	-0.31486850974058844	0.2835217925765655	-0.7306049615806447	0.0997534176473542	-0.09235061330464453	0.20535675580437596	-0.2980701887504076	0.999999999999989	-0.05006917739877971	0.06908881950553315	-0.08745908484572272	0.10452472718394412	-0.10317948607266858	0.05481173717753779	-0.051397754303628196	0.06932499996007836	-0.07012948872967742	0.06578246576942877
0.1616753926041562	-0.09603838009728279	0.15721847932930774	-0.060587536206674564	0.05786340089479208	-0.09130763609872251	0.10435405727699548	-0.07387340252877284	0.055735315861614815	-0.044522401529678096	0.12621996012769274	-0.08768785673611701	0.0514477481482183	-0.04363542428359772	0.04068839741006773	-0.4748693177160313	0.08813981130721683	-0.04946082514056061	0.04647289055185862	-0.05006917739877971	0.9999999999999886	-0.4918528623422976	0.062266277186529724	-0.047685377566565726	0.051099847920781226	-0.6352408075963347	0.3040224202568663	-0.06686914380816887	0.046912563704546745	-0.04041640176178958
-0.20136207294984118	0.11967491645452161	-0.19885459704737105	0.07847995539907753	-0.07666234788910382	0.10383733870146351	-0.13233749391192104	0.09369005156934362	-0.07248874391077567	0.059110393236834056	-0.14429249770945954	0.1299081208249525	-0.07445676189857624	0.062202036538715026	-0.05627177356473631	0.25624025794714533	-0.15374942440832878	0.07293709806408406	-0.06883665092511695	0.06908881950553315	-0.4918528623422976	0.9999999999999868	-0.11040062219033692	0.0770180461425001	-0.08341077633183619	0.32449350704351554	-0.6795387209776707	0.11184201696428228	-0.07883347317353534	0.06482627480879134
0.04667286212546194	-0.03155253146375489	0.05067824817671957	-0.04370627774670307	0.05139614616009832	-0.02624478775630904	0.039027255727197833	-0.031466943011883186	0.03991512677937282	-0.04492018547818968	0.033408125288497785	-0.0546816720851631	0.08660810177534484	-0.09601791708805961	0.0641035718961434	-0.07159615196112297	0.051566990626201376	-0.12321164552492112	0.13586953434062343	-0.08745908484572272	0.062266277186529724	-0.11040062219033692	0.9999999999999866	-0.5783526402915229	0.27642867147949335	-0.07895982586238745	0.10404657609648092	-0.6625220407782922	0.28417866995277064	-0.2850738285786223
-0.04317828345213339	0.03037706975429559	-0.04857408172897236	0.04884728370277944	-0.06006009033623683	0.02446904583257557	-0.03905457799218886	0.03244340806617485	-0.04541100383316566	0.05259677923163096	-0.0305520918943243	0.057797829648288786	-0.11177058047930663	0.12207880182868369	-0.08046901552500503	0.06222565939906824	-0.055327071373234046	0.15333530027576675	-0.2370465688204054	0.10452472718394412	-0.047685377566565726	0.0770180461425001	-0.5783526402915229	0.9999999999999861	-0.5810775684040946	0.05716272351740513	-0.07288094071609277	0.29566870407734774	-0.3679327853728983	0.2808272997542667
0.04459888358602865	-0.031054773073728493	0.04955251543959987	-0.04795002358525318	0.057448690955718355	-0.025405909076802492	0.039269497374589	-0.032374851144249976	0.04356642452876121	-0.050499085764230005	0.03174225760637525	-0.05659662918525532	0.09608612980300123	-0.10741897100601219	0.07354224458291024	-0.06799146518434843	0.052615171812600586	-0.1365361625862904	0.14738183011511194	-0.10317948607266858	0.051099847920781226	-0.08341077633183619	0.27642867147949335	-0.5810775684040946	0.9999999999999856	-0.06382343430351858	0.07786616697467813	-0.33657902215056673	0.3055017279165	-0.6228019030699811
-0.1812093294678431	0.10689944435063604	-0.17758353173714936	0.0672942290008258	-0.06457945854452436	0.09397762477476113	-0.11684329934873786	0.08237519434058188	-0.06211383043073745	0.0493863198700019	-0.1319028955504566	0.0782309677346458	-0.05466841333983032	0.04716957751865794	-0.04469965180081253	0.2552983685884674	-0.08004978966567451	0.05180581261204288	-0.050606833800729965	0.05481173717753779	-0.6352408075963347	0.32449350704351554	-0.07895982586238745	0.05716272351740513	-0.06382343430351858	0.9999999999999858	-0.6022654529102477	0.08724189740592486	-0.061274765830498464	0.04967393126630153
0.12693873914536852	-0.0763694938452025	0.12527109210713255	-0.05270818340454469	0.05209004635744054	-0.06950395834607036	0.08445800719863324	-0.060500561635279636	0.048343029575599106	-0.04085802616650164	0.09440503476701304	-0.10015707134394404	0.054843873353337874	-0.04715085693731556	0.040918736438191584	-0.23035418036943905	0.09778387253720029	-0.0566250313633358	0.05332239133701107	-0.051397754303628196	0.3040224202568663	-0.6795387209776707	0.10404657609648092	-0.07288094071609277	0.07786616697467813	-0.6022654529102477	0.9999999999999863	-0.1395306451254884	0.08040438240985795	-0.06487347635278673
-0.047760612860022277	0.03139703333247012	-0.050848204673821784	0.038269938993027	-0.04531973751872752	0.02632009834095702	-0.037978963377444365	0.029815773386418432	-0.03511727075682308	0.03824471952873461	-0.03399114455267324	0.047371343269652595	-0.07032731461788146	0.07195418500838831	-0.05262877121491399	0.07130088146360573	-0.0455625940599562	0.08909074481446475	-0.10323720264786346	0.06932499996007836	-0.06686914380816887	0.11184201696428228	-0.6625220407782922	0.29566870407734774	-0.33657902215056673	0.08724189740592486	-0.1395306451254884	0.9999999999999863	-0.5518160142872475	0.27224635553228427
0.03687054439711486	-0.025021858585320925	0.04017737412988712	-0.03505380662224583	0.04162184475414536	-0.020727593859166227	0.031033234956991958	-0.025063359533104335	0.0319699545974517	-0.036132296783683106	0.026281105809942782	-0.04263522247650182	0.06841952407320968	-0.07433513178385184	0.05139074409737474	-0.05629341759005712	0.040091250780566454	-0.09406620495555129	0.10387421005211897	-0.07012948872967742	0.046912563704546745	-0.07883347317353534	0.28417866995277064	-0.3679327853728983	0.3055017279165	-0.061274765830498464	0.08040438240985795	-0.5518160142872475	0.9999999999999868	-0.6494117066438637
-0.03513714232981513	0.023866963013221776	-0.038422545235169726	0.03337122559545924	-0.0406800036621189	0.01956414872453328	-0.02968439302433922	0.02392811231578474	-0.030578100970637928	0.03462038030996306	-0.024740735335017642	0.03855393699921396	-0.06493947830111076	0.06745743695139617	-0.04933873280619983	0.05109804560493812	-0.036618448332698283	0.0834519054869162	-0.09655158466861344	0.06578246576942877	-0.04041640176178958	0.06482627480879134	-0.2850738285786223	0.2808272997542667	-0.6228019030699811	0.04967393126630153	-0.06487347635278673	0.27224635553228427	-0.6494117066438637	0.9999999999999868
