1.0	-0.625122565056061	0.20547918601624304	-0.20711637072477412	0.1722658078462124	-0.6427927516821954	0.2545960295261192	-0.19253363549862143	0.15665070664824804	-0.14948259258802987	0.23718788709182428	-0.19091100122646013	0.15812152210171648	-0.15071021028024925	0.15436215028299427	-0.1305999455696375	0.15652163548525302	-0.12181570721027783	0.12579812747732827	-0.05585646407137689	0.14008019641990382	-0.11640513365167192	0.1354878984439931	-0.10584987615422513	0.06467370877793314	-0.08615201673427599	0.0851458875772708	-0.12275100883936725	0.09828868192827947	-0.13643336050672183	0.0849418149057221	-0.08336495908484022	0.07564709612750593	-0.08482439143168133	0.09279596107485905	-0.09684453662977856	0.07149804316117524	-0.08378035544296347	0.07320654784198939	-0.07123317283756903	0.07589958170579034	-0.05364745431998944	0.08608138085109343	-0.06717668398013346	0.0548078508319921
-0.625122565056061	0.9999999999999996	-0.38794365606703557	0.25652865878105147	-0.2420336703866362	0.31377015257044794	-0.38378264655012345	0.249001674477447	-0.21402723341793245	0.18984439649919727	-0.2941864749805649	0.22895527539974553	-0.21124669380600383	0.19057645420505834	-0.21091464892988554	0.15802583801847842	-0.20628992668419133	0.15550727854737903	-0.16460085410410638	0.07393091181449872	-0.18038058526584838	0.13867997091025347	-0.1777999298010754	0.13303938983586558	-0.08687304989411966	0.10491448198265613	-0.10341421933400116	0.14647264094776366	-0.12378442315389192	0.16250252978860172	-0.10617820324731897	0.10033757565335877	-0.09184408583922668	0.10423787878479963	-0.11532463024612223	0.1162508167201394	-0.0869330501527531	0.10085569600949758	-0.0901735028327114	0.08665579292984286	-0.09411099688463917	0.066023352840466	-0.10710795218223462	0.0816405424455669	-0.06736475967904212
0.20547918601624304	-0.38794365606703557	1.0	-0.6796363929930078	0.22657315840977985	-0.20955029198075895	0.25537981517707237	-0.45768195297513575	0.25789011005306467	-0.20930577543341464	0.19802637309748836	-0.2081610565708049	0.2080754869804023	-0.20962692598455338	0.19251269332847637	-0.12196048232959995	0.1618294997622464	-0.13884505975496225	0.14791459366868048	-0.06720808003980665	0.13843559770609323	-0.11765697051179343	0.14986611624499463	-0.12057858140078022	0.07697323243033294	-0.08594648166423641	0.08709636898606923	-0.12665285311768243	0.10794087254915767	-0.14576009175947346	0.08618134801522652	-0.08550221597352149	0.07857135474910765	-0.09157059900505082	0.0994297849926705	-0.09903112107738458	0.07373214244194666	-0.08678249683987314	0.07801430768497973	-0.07567809183874259	0.07883991275246112	-0.055623810869708794	0.08968992500674793	-0.07121984828481935	0.05822485048195838
-0.20711637072477412	0.25652865878105147	-0.6796363929930078	1.0000000000000002	-0.3605426439095677	0.197479701740457	-0.25959826776170897	0.2908067289639646	-0.3706522876652739	0.24368650615668364	-0.23569167703396268	0.211166009906039	-0.23281417756264416	0.23037728446383232	-0.25094845778199243	0.14141156761138007	-0.1916537424109961	0.15862477945393946	-0.17794687341858523	0.08403370703197341	-0.16617185873478	0.13518546849943489	-0.18024139300603428	0.1396300016742611	-0.09811312836639896	0.10029538792965088	-0.10127223912455154	0.1454445759986433	-0.12787196782043153	0.16691087123466125	-0.10208791499353044	0.09908089315130211	-0.09140196467509402	0.1065868537722788	-0.11740817341065536	0.11487979596817538	-0.08601901610313516	0.10049379012741284	-0.09149400595522189	0.08801745756212255	-0.09327385699655905	0.06547835704017435	-0.10632670708551467	0.08279395747576176	-0.068259334810133
0.1722658078462124	-0.2420336703866362	0.22657315840977985	-0.3605426439095677	1.0000000000000002	-0.2027054679442725	0.2096411527318502	-0.226245362125175	0.2496586535836944	-0.4735521430723398	0.23747061977315972	-0.21145986359251565	0.20336712449966182	-0.23052018840252086	0.29925701207687866	-0.15472620587799907	0.20006885736543947	-0.17045512584862613	0.18858354642293876	-0.1105741654758785	0.19156735387953058	-0.18214674573590253	0.19885984731422351	-0.16577586529256486	0.12383380006341463	-0.13023244758957903	0.13552398527074444	-0.20162315845629442	0.16134867338306333	-0.2492165866509048	0.1323641588334167	-0.13828504019676677	0.12587517935567583	-0.1432328125676817	0.16078550697904415	-0.16523519101664225	0.11985959088502751	-0.14164460986729324	0.12517239430006988	-0.12443938796235067	0.13085780347274575	-0.09216634894512293	0.14893291451822882	-0.11734725083303583	0.09543177622009645
-0.6427927516821954	0.31377015257044794	-0.20955029198075895	0.197479701740457	-0.2027054679442725	1.0	-0.4134677540715158	0.21736781696468271	-0.1853944352191071	0.16867141852351827	-0.4250080036414143	0.23435183634061796	-0.19765035264193365	0.1757345768150287	-0.1855588348941176	0.17817277807867787	-0.2106703490313455	0.15118636846419758	-0.15461912815473214	0.0662923450784603	-0.18794353227396773	0.13950815184291684	-0.16967576417254265	0.12683358361732588	-0.0774392848359539	0.10622274205708074	-0.10264632873709557	0.14479346956922734	-0.11760622962649059	0.15701630327019708	-0.10524779681782352	0.09893216829431602	-0.08981615403688231	0.10005653984198526	-0.10973938268509068	0.11433423767965807	-0.08508137223900245	0.0987737204465557	-0.08651625897092219	0.08342218820189258	-0.09073796699629588	0.06391747354872036	-0.10295765281064181	0.07868403436739671	-0.06455510296177515
0.2545960295261192	-0.38378264655012345	0.25537981517707237	-0.25959826776170897	0.2096411527318502	-0.4134677540715158	0.9999999999999997	-0.5104146966349576	0.24769714563295503	-0.21155269947704122	0.26103197216652885	-0.48102999063905616	0.2743897457030472	-0.24310777854942012	0.2022192424568423	-0.162657810508082	0.21568694788367804	-0.17492148265332869	0.1734268429654833	-0.07225744880590576	0.1695489269236872	-0.1428358102768749	0.17910736878924327	-0.14275297432347792	0.08241358232608456	-0.10434994825115042	0.10433853498283713	-0.1515792349271596	0.12571034199058342	-0.16978374441949132	0.10252094487288088	-0.10162443871661941	0.0929329879276137	-0.10714992629427704	0.1149574864233587	-0.11700830357784628	0.08702928696394195	-0.10259758803665747	0.09088555661361665	-0.08821433283314242	0.09171169365018057	-0.06495225060624016	0.10409069120793865	-0.08307031631299189	0.06761505991240316
-0.19253363549862143	0.249001674477447	-0.45768195297513575	0.2908067289639646	-0.226245362125175	0.21736781696468271	-0.5104146966349576	0.9999999999999993	-0.4676184731419233	0.23034913303644083	-0.22376136313984227	0.27240051635893264	-0.3732581530753745	0.2694563516781164	-0.22509341477224606	0.13927554223014954	-0.1945854888115377	0.17090250953203492	-0.18138160234405665	0.0752524415687684	-0.1546427857989683	0.12802227435433852	-0.17823703875122282	0.1392473237623946	-0.08629695834293823	0.09364403379199147	-0.09486627086842737	0.1373895176597757	-0.12120612518018124	0.1563431575519138	-0.09366919030726854	0.09217401298819719	-0.08515470585445789	0.10055951533047591	-0.10802680818116987	0.10590432777570666	-0.07944483795451569	0.09352286100251225	-0.08490263203753413	0.08174890007681225	-0.08452282404805622	0.05966242546983714	-0.09618798485922636	0.07685859325940914	-0.06291776944646207
0.15665070664824804	-0.21402723341793245	0.25789011005306467	-0.3706522876652739	0.2496586535836944	-0.1853944352191071	0.24769714563295503	-0.4676184731419233	0.9999999999999991	-0.45509520248976787	0.20205408783645368	-0.24165525680740646	0.2729347690525402	-0.5204785027786909	0.27082770058582367	-0.13321698698000342	0.1816520761609942	-0.17426225597159636	0.20264223841438012	-0.0886090419163768	0.15024815031276792	-0.13233030750316965	0.17777692458849167	-0.15828826173815472	0.0983257307565136	-0.09503246718181688	0.09799208956964602	-0.14431867195481365	0.1301949302598208	-0.17062248467342653	0.09507972217529542	-0.09623716199815903	0.08928992835965154	-0.10879593514997184	0.1149250240021853	-0.11064055049144836	0.08287794091715471	-0.09847142663865209	0.09039122836452831	-0.08757961212683855	0.08787717502314107	-0.062179469717771246	0.10006285727974196	-0.08225778107607104	0.06696200881602
-0.14948259258802987	0.18984439649919727	-0.20930577543341464	0.24368650615668364	-0.4735521430723398	0.16867141852351827	-0.21155269947704122	0.23034913303644083	-0.45509520248976787	1.0000000000000004	-0.2109642905628553	0.19823913329768728	-0.22052860985385012	0.26194469429011086	-0.5955091190034033	0.13518287670001816	-0.1837710229551341	0.15990326385676826	-0.18904951699479491	0.14396458117254524	-0.16199817220153195	0.14042584856298737	-0.18222133439134333	0.14957422114991717	-0.16576240644304885	0.10213911009426041	-0.10515953307928619	0.15348233599978126	-0.1365117742629376	0.18339771366877824	-0.10394805409396826	0.10419113840825002	-0.09636117290887139	0.11430047155978354	-0.12569854581389084	0.1213422873606564	-0.09040906990991447	0.10652452480477702	-0.09774294285908479	0.09472193950255829	-0.09780302262086145	0.06882681670332723	-0.11152824561666147	0.08901974771249206	-0.073083831146755
0.23718788709182428	-0.2941864749805649	0.19802637309748836	-0.23569167703396268	0.23747061977315972	-0.4250080036414143	0.26103197216652885	-0.22376136313984227	0.20205408783645368	-0.2109642905628553	0.9999999999999994	-0.35485442316867805	0.23379628658918153	-0.22602966510706743	0.21877768304519365	-0.4603795021145127	0.296284433973823	-0.2172553256319385	0.202850631231442	-0.08355324005658306	0.28545150398751035	-0.24264067948940604	0.2268513914284935	-0.18133888448327892	0.09584611993905125	-0.1824028404077119	0.16857434199359922	-0.24190265730421198	0.16989073040025715	-0.2497169238137415	0.16422713674055284	-0.1636002035542658	0.14443909815650427	-0.15212355026219204	0.16371191556915843	-0.18955933686354476	0.1372003103431493	-0.16117126785480082	0.13208893422103218	-0.1298336835749344	0.1399409189873032	-0.10012551479478733	0.15728266350180437	-0.12289381572374719	0.09879689504407542
-0.19091100122646013	0.22895527539974553	-0.2081610565708049	0.211166009906039	-0.21145986359251565	0.23435183634061796	-0.48102999063905616	0.27240051635893264	-0.24165525680740646	0.19823913329768728	-0.35485442316867805	0.9999999999999989	-0.5525594829593937	0.2662868390696465	-0.22004512595648726	0.21453158105186704	-0.3810469531548345	0.23251155918544233	-0.21702494374841103	0.07761379463284897	-0.21314323428537457	0.16185780710073266	-0.23082867250948064	0.1663012345819475	-0.08922523466524415	0.12031812304533761	-0.11847549621127589	0.16919776233124062	-0.1443751251199895	0.18360443350766	-0.11768703732843092	0.11303002852421787	-0.10373760344026843	0.11953787216124481	-0.127425014807829	0.12883017400009544	-0.09677481284451991	0.11346921169181662	-0.1009960030032899	0.0969009650820951	-0.10149050765861675	0.07182910933025397	-0.11517931576875214	0.09120549958089302	-0.07450952702810736
0.15812152210171648	-0.21124669380600383	0.2080754869804023	-0.23281417756264416	0.20336712449966182	-0.19765035264193365	0.2743897457030472	-0.3732581530753745	0.2729347690525402	-0.22052860985385012	0.23379628658918153	-0.5525594829593937	0.9999999999999976	-0.5211909062164177	0.22063411649651038	-0.16788658799369513	0.24280748281159067	-0.31099533579481714	0.2371976016658078	-0.0793728623948273	0.17272177651701226	-0.1521188488297842	0.22684529127812694	-0.18420894446149275	0.08828095225813601	-0.10790495717818395	0.11111038892281114	-0.16429998384100725	0.1452566154546693	-0.18587840736182415	0.1059133912427843	-0.10735771578479616	0.09966839288265943	-0.1208247288351822	0.12497165133459265	-0.12179128595366855	0.09177207984032165	-0.10937155545659576	0.09923485450112196	-0.0958340559594133	0.09561045718963143	-0.06792823375252591	0.10868029904187465	-0.09003168491128011	0.07298660363571438
-0.15071021028024925	0.19057645420505834	-0.20962692598455338	0.23037728446383232	-0.23052018840252086	0.1757345768150287	-0.24310777854942012	0.2694563516781164	-0.5204785027786909	0.26194469429011086	-0.22602966510706743	0.2662868390696465	-0.5211909062164177	0.9999999999999964	-0.3323531308182107	0.15233182052088953	-0.223026515570981	0.2306811535000809	-0.37288258298703686	0.09840460397710564	-0.17053353653147638	0.1464766433030964	-0.23081777387920202	0.2045178749460566	-0.10930603925394428	0.10506591636905485	-0.10933038025258679	0.16044852808435162	-0.16235211286936174	0.18877622779490724	-0.10539585172873321	0.10601572694147524	-0.09978426112055268	0.12638677149729907	-0.13118473673399741	0.12044564965752588	-0.09148782590377	0.10889964653875618	-0.1032541107202205	0.09824238338605665	-0.09654141757025105	0.06831528223935851	-0.11011776352143572	0.09202272136698421	-0.07527295858149285
0.15436215028299427	-0.21091464892988554	0.19251269332847637	-0.25094845778199243	0.29925701207687866	-0.1855588348941176	0.2022192424568423	-0.22509341477224606	0.27082770058582367	-0.5955091190034033	0.21877768304519365	-0.22004512595648726	0.22063411649651038	-0.3323531308182107	0.999999999999998	-0.1470591546378039	0.19292174431133793	-0.17675973649151952	0.2016595549651293	-0.28835761797995946	0.17647221156225928	-0.16928780540864669	0.19579169474704736	-0.17647735831152914	0.2183176193400582	-0.11949189533318523	0.12532995441039121	-0.18785623815528812	0.15818339929313566	-0.23555185212096977	0.12030625454498216	-0.12653010965865188	0.11633970907749555	-0.13836894807482958	0.15028162335855685	-0.1485319746738794	0.1090707496686434	-0.13027592734979881	0.1175405934278022	-0.11650047820813964	0.11656409071220736	-0.08256172311791139	0.13263631844616364	-0.10957481642822173	0.08862439711020094
-0.1305999455696375	0.15802583801847842	-0.12196048232959995	0.14141156761138007	-0.15472620587799907	0.17817277807867787	-0.162657810508082	0.13927554223014954	-0.13321698698000342	0.13518287670001816	-0.4603795021145127	0.21453158105186704	-0.16788658799369513	0.15233182052088953	-0.1470591546378039	0.9999999999999923	-0.5442591666360607	0.20113095469656447	-0.16454720959626987	0.05669856123737313	-0.5847702761891392	0.19842110079922928	-0.20033742128688217	0.13864856917724266	-0.06530440605926618	0.17056536902348937	-0.13977449353210486	0.17981591568342103	-0.12566357422127603	0.16950419593578175	-0.15309723422937183	0.12411088476047402	-0.10849881722638546	0.10960798033576258	-0.11654973800423056	0.13988802898746958	-0.10411444484895405	0.11808426414479448	-0.09508865576820953	0.09142795326208765	-0.10511453497845623	0.07474981729538065	-0.11776503141607388	0.08671024153683445	-0.07019208958185218
0.15652163548525302	-0.20628992668419133	0.1618294997622464	-0.1916537424109961	0.20006885736543947	-0.2106703490313455	0.21568694788367804	-0.1945854888115377	0.1816520761609942	-0.1837710229551341	0.296284433973823	-0.3810469531548345	0.24280748281159067	-0.223026515570981	0.19292174431133793	-0.5442591666360607	0.9999999999999997	-0.42894744479642766	0.2326830332352466	-0.07577726061711303	0.2854865018251406	-0.2310531377698327	0.26950178244118084	-0.20176781696387341	0.08607208093133367	-0.170284446283539	0.15909281318709428	-0.22982846752060698	0.1679683362798572	-0.22896053698388305	0.15181236527057115	-0.15003040746042187	0.13441687962280455	-0.14647989149491997	0.1518834038087829	-0.16899343091810726	0.12535159185969835	-0.14806433952608927	0.12326418423314414	-0.11979231201584342	0.12616352389615262	-0.09040567815041874	0.1420520369102177	-0.11315771523650744	0.09090769624313581
-0.12181570721027783	0.15550727854737903	-0.13884505975496225	0.15862477945393946	-0.17045512584862613	0.15118636846419758	-0.17492148265332869	0.17090250953203492	-0.17426225597159636	0.15990326385676826	-0.2172553256319385	0.23251155918544233	-0.31099533579481714	0.2306811535000809	-0.17675973649151952	0.20113095469656447	-0.42894744479642766	0.9999999999999932	-0.4599646164090509	0.07164462466220017	-0.20123262229634903	0.17728902174508196	-0.6133143757839641	0.2604263815970756	-0.08114301419387242	0.1198008163852076	-0.13079566952185265	0.1932322384260709	-0.18536745685401254	0.20308281033240616	-0.11755668689831736	0.11962889319819263	-0.11454318512767969	0.14204762166333357	-0.1406700442826486	0.1310098141858526	-0.1021028174205156	0.12194204782803869	-0.11298059051480884	0.10647391349680319	-0.10409128449941296	0.07413577529155262	-0.11854623027732754	0.0997830046231224	-0.0810155782852262
0.12579812747732827	-0.16460085410410638	0.14791459366868048	-0.17794687341858523	0.18858354642293876	-0.15461912815473214	0.1734268429654833	-0.18138160234405665	0.20264223841438012	-0.18904951699479491	0.202850631231442	-0.21702494374841103	0.2371976016658078	-0.37288258298703686	0.2016595549651293	-0.16454720959626987	0.2326830332352466	-0.4599646164090509	0.9999999999999976	-0.09320564349929789	0.1782737719574501	-0.17689270855121905	0.3056800864153043	-0.5858630701495219	0.10056331851694517	-0.11963986422012172	0.13207608214827776	-0.20504241851734367	0.2542442408317397	-0.27023829481140504	0.11904094402476603	-0.12891142991458424	0.12597878861966502	-0.19737807887100084	0.1751629215893792	-0.14193257878071533	0.11056376690295648	-0.1369759421402285	0.14034754190022644	-0.13364830093136085	0.11293748057751186	-0.08082943876818313	0.1293102446873282	-0.12441581000661081	0.09935065773089832
-0.05585646407137689	0.07393091181449872	-0.06720808003980665	0.08403370703197341	-0.1105741654758785	0.0662923450784603	-0.07225744880590576	0.0752524415687684	-0.0886090419163768	0.14396458117254524	-0.08355324005658306	0.07761379463284897	-0.0793728623948273	0.09840460397710564	-0.28835761797995946	0.05669856123737313	-0.07577726061711303	0.07164462466220017	-0.09320564349929789	0.999999999999995	-0.06906797206623409	0.0652969142243252	-0.0833512363505142	0.08447091466532351	-0.9241420014226852	0.046207828662221784	-0.04896461968137889	0.07319935255465095	-0.07114622348335099	0.09525539363189794	-0.046944584167780364	0.04919258071334287	-0.046008807728742	0.05801422009376308	-0.06285531677791575	0.05717052341360739	-0.04262962187948484	0.05104800941697211	-0.04843063688955521	0.04710884089164298	-0.04565412619625049	0.03228890921901789	-0.05212902083812834	0.044098764965209314	-0.03605670880029739
0.14008019641990382	-0.18038058526584838	0.13843559770609323	-0.16617185873478	0.19156735387953058	-0.18794353227396773	0.1695489269236872	-0.1546427857989683	0.15024815031276792	-0.16199817220153195	0.28545150398751035	-0.21314323428537457	0.17272177651701226	-0.17053353653147638	0.17647221156225928	-0.5847702761891392	0.2854865018251406	-0.20123262229634903	0.1782737719574501	-0.06906797206623409	0.9999999999999956	-0.3683769136148693	0.2148116929156889	-0.16446698472519472	0.07982926304255424	-0.35574885871157347	0.22465384612562636	-0.275284195236524	0.16032914970884013	-0.2281496876486851	0.23718378118593253	-0.19419493897983822	0.16176708568256798	-0.14666470914778032	0.15664220258446773	-0.21697482234475676	0.15786731681823782	-0.17671732955102692	0.13074268243490808	-0.1259349494788831	0.15368142928408926	-0.11037253387448502	0.17037218079741387	-0.12014230770938175	0.0965616397826059
-0.11640513365167192	0.13867997091025347	-0.11765697051179343	0.13518546849943489	-0.18214674573590253	0.13950815184291684	-0.1428358102768749	0.12802227435433852	-0.13233030750316965	0.14042584856298737	-0.24264067948940604	0.16185780710073266	-0.1521188488297842	0.1464766433030964	-0.16928780540864669	0.19842110079922928	-0.2310531377698327	0.17728902174508196	-0.17689270855121905	0.0652969142243252	-0.3683769136148693	0.999999999999993	-0.2664491264889058	0.15980939810620864	-0.07741143690881507	0.23038496393039443	-0.6719392399829388	0.3010564285202618	-0.16947092680056974	0.1983985816845415	-0.2467754557824548	0.24144794690314786	-0.2064072103714322	0.14871893647605705	-0.16561988353864932	0.21286650280265618	-0.20764757262960315	0.19292729707191766	-0.14017203390050895	0.1249541034448712	-0.19328041092056292	0.13514716849447053	-0.21948668294848386	0.12015255521833382	-0.10124919390185522
0.1354878984439931	-0.1777999298010754	0.14986611624499463	-0.18024139300603428	0.19885984731422351	-0.16967576417254265	0.17910736878924327	-0.17823703875122282	0.17777692458849167	-0.18222133439134333	0.2268513914284935	-0.23082867250948064	0.22684529127812694	-0.23081777387920202	0.19579169474704736	-0.20033742128688217	0.26950178244118084	-0.6133143757839641	0.3056800864153043	-0.0833512363505142	0.2148116929156889	-0.2664491264889058	0.9999999999999942	-0.3971996362900233	0.09394218155163153	-0.15089456357812767	0.1834636143178819	-0.30487261399519777	0.23337146119100707	-0.279944007098043	0.1479114305021362	-0.16462733242042507	0.15941740536052018	-0.19459596467320087	0.18437366046650516	-0.17391047835539894	0.1381020232565765	-0.1692336368073739	0.1502302359901001	-0.14372763064960145	0.13679352797462185	-0.0983050289535387	0.15582166147922716	-0.13485866853345135	0.10789390877253312
-0.10584987615422513	0.13303938983586558	-0.12057858140078022	0.1396300016742611	-0.16577586529256486	0.12683358361732588	-0.14275297432347792	0.1392473237623946	-0.15828826173815472	0.14957422114991717	-0.18133888448327892	0.1663012345819475	-0.18420894446149275	0.2045178749460566	-0.17647735831152914	0.13864856917724266	-0.20176781696387341	0.2604263815970756	-0.5858630701495219	0.08447091466532351	-0.16446698472519472	0.15980939810620864	-0.3971996362900233	0.9999999999999855	-0.0998948937385865	0.10887296769589724	-0.12577960982986439	0.1926502811894907	-0.5343168113029512	0.2528688741306828	-0.11183690260821884	0.12118633687378273	-0.12602741240373835	0.2225617704422736	-0.19941877650168618	0.13087634958071764	-0.10605690684750464	0.13192866413525414	-0.15942884968323412	0.13631229357095082	-0.10903666299928622	0.0776461528702166	-0.12595310378131272	0.12527900228430974	-0.1040207219225565
0.06467370877793314	-0.08687304989411966	0.07697323243033294	-0.09811312836639896	0.12383380006341463	-0.0774392848359539	0.08241358232608456	-0.08629695834293823	0.0983257307565136	-0.16576240644304885	0.09584611993905125	-0.08922523466524415	0.08828095225813601	-0.10930603925394428	0.2183176193400582	-0.06530440605926618	0.08607208093133367	-0.08114301419387242	0.10056331851694517	-0.9241420014226852	0.07982926304255424	-0.07741143690881507	0.09394218155163153	-0.0998948937385865	0.9999999999999891	-0.054408026632140276	0.05781877428438057	-0.08706524254083349	0.08175542298444653	-0.11569404473031776	0.0551291403940192	-0.05845020504366638	0.0544482015458094	-0.06841370082876048	0.07373323800962753	-0.06817923544159994	0.05054254273247441	-0.06071456573235897	0.056965399487047985	-0.05596565313175921	0.053995288823296565	-0.03824892608247035	0.0615940106250832	-0.05243102146996126	0.04260618824963723
-0.08615201673427599	0.10491448198265613	-0.08594648166423641	0.10029538792965088	-0.13023244758957903	0.10622274205708074	-0.10434994825115042	0.09364403379199147	-0.09503246718181688	0.10213911009426041	-0.1824028404077119	0.12031812304533761	-0.10790495717818395	0.10506591636905485	-0.11949189533318523	0.17056536902348937	-0.170284446283539	0.1198008163852076	-0.11963986422012172	0.046207828662221784	-0.35574885871157347	0.23038496393039443	-0.15089456357812767	0.10887296769589724	-0.054408026632140276	0.9999999999999916	-0.2720646838565409	0.2108985603706911	-0.11559931822606138	0.14955538781724723	-0.7961045342423451	0.19080378646505056	-0.14660521524678843	0.10704340868749637	-0.11702366273135878	0.2168672643579917	-0.16268935023449524	0.14945574005661116	-0.10121113810761906	0.09263189659346842	-0.1626403140198967	0.11083839910849441	-0.17432907174334855	0.08991850841993948	-0.07391106905686115
0.0851458875772708	-0.10341421933400116	0.08709636898606923	-0.10127223912455154	0.13552398527074444	-0.10264632873709557	0.10433853498283713	-0.09486627086842737	0.09799208956964602	-0.10515953307928619	0.16857434199359922	-0.11847549621127589	0.11111038892281114	-0.10933038025258679	0.12532995441039121	-0.13977449353210486	0.15909281318709428	-0.13079566952185265	0.13207608214827776	-0.04896461968137889	0.22465384612562636	-0.6719392399829388	0.1834636143178819	-0.12577960982986439	0.05781877428438057	-0.2720646838565409	0.9999999999999909	-0.4794520411681863	0.13975667604046008	-0.1634344492054077	0.2208612768955007	-0.358980507245339	0.22055807125065133	-0.12904692822423786	0.13533116144505666	-0.2051855500242889	0.20987024881423902	-0.20430127502962106	0.12134001121344039	-0.10689551140271598	0.16452469586328475	-0.12175205630003344	0.18421654395466056	-0.10327588839481429	0.08495321779312826
-0.12275100883936725	0.14647264094776366	-0.12665285311768243	0.1454445759986433	-0.20162315845629442	0.14479346956922734	-0.1515792349271596	0.1373895176597757	-0.14431867195481365	0.15348233599978126	-0.24190265730421198	0.16919776233124062	-0.16429998384100725	0.16044852808435162	-0.18785623815528812	0.17981591568342103	-0.22982846752060698	0.1932322384260709	-0.20504241851734367	0.07319935255465095	-0.275284195236524	0.3010564285202618	-0.30487261399519777	0.1926502811894907	-0.08706524254083349	0.2108985603706911	-0.4794520411681863	0.9999999999999887	-0.24349398254572518	0.23548003072149035	-0.23927540447955378	0.2762738594648514	-0.4460750917446709	0.19829699661890485	-0.21204305642715848	0.2397106513633822	-0.24548190417641025	0.27565493270811964	-0.18762720443520114	0.15731592996086918	-0.2286917423478893	0.16064736264759158	-0.26561536204639447	0.15071187392749025	-0.12821556270233692
0.09828868192827947	-0.12378442315389192	0.10794087254915767	-0.12787196782043153	0.16134867338306333	-0.11760622962649059	0.12571034199058342	-0.12120612518018124	0.1301949302598208	-0.1365117742629376	0.16989073040025715	-0.1443751251199895	0.1452566154546693	-0.16235211286936174	0.15818339929313566	-0.12566357422127603	0.1679683362798572	-0.18536745685401254	0.2542442408317397	-0.07114622348335099	0.16032914970884013	-0.16947092680056974	0.23337146119100707	-0.5343168113029512	0.08175542298444653	-0.11559931822606138	0.13975667604046008	-0.24349398254572518	0.9999999999999883	-0.4383645764818532	0.12054393506196284	-0.1433152243590143	0.15910547243478548	-0.5185733454267275	0.27465246053931863	-0.14972661336840903	0.1251283905928889	-0.16814118455376964	0.2262320894573473	-0.19870624396234512	0.12500772651981976	-0.09023205004846482	0.14564669171184286	-0.18142039149103592	0.1425305358864475
-0.13643336050672183	0.16250252978860172	-0.14576009175947346	0.16691087123466125	-0.2492165866509048	0.15701630327019708	-0.16978374441949132	0.1563431575519138	-0.17062248467342653	0.18339771366877824	-0.2497169238137415	0.18360443350766	-0.18587840736182415	0.18877622779490724	-0.23555185212096977	0.16950419593578175	-0.22896053698388305	0.20308281033240616	-0.27023829481140504	0.09525539363189794	-0.2281496876486851	0.1983985816845415	-0.279944007098043	0.2528688741306828	-0.11569404473031776	0.14955538781724723	-0.1634344492054077	0.23548003072149035	-0.4383645764818532	0.9999999999999871	-0.16272646512526923	0.16827435649589306	-0.17415489017012123	0.2928119961000586	-0.5516564183926381	0.1904537960737486	-0.15433229489836556	0.18582577113077145	-0.250121743441246	0.23326492321018244	-0.1776302998967166	0.12285421741211756	-0.20857758436286652	0.1992113056455364	-0.19044286402304017
0.0849418149057221	-0.10617820324731897	0.08618134801522652	-0.10208791499353044	0.1323641588334167	-0.10524779681782352	0.10252094487288088	-0.09366919030726854	0.09507972217529542	-0.10394805409396826	0.16422713674055284	-0.11768703732843092	0.1059133912427843	-0.10539585172873321	0.12030625454498216	-0.15309723422937183	0.15181236527057115	-0.11755668689831736	0.11904094402476603	-0.046944584167780364	0.23718378118593253	-0.2467754557824548	0.1479114305021362	-0.11183690260821884	0.0551291403940192	-0.7961045342423451	0.2208612768955007	-0.23927540447955378	0.12054393506196284	-0.16272646512526923	0.999999999999988	-0.2450672499272697	0.1617132271034368	-0.11534095684812173	0.12351611585870179	-0.32038529712813857	0.18662079466290782	-0.17448112820771872	0.10914615066369843	-0.10101605791387934	0.17273624436372143	-0.12234356859726353	0.17986842880731896	-0.09822285716214206	0.0792804101355081
-0.08336495908484022	0.10033757565335877	-0.08550221597352149	0.09908089315130211	-0.13828504019676677	0.09893216829431602	-0.10162443871661941	0.09217401298819719	-0.09623716199815903	0.10419113840825002	-0.1636002035542658	0.11303002852421787	-0.10735771578479616	0.10601572694147524	-0.12653010965865188	0.12411088476047402	-0.15003040746042187	0.11962889319819263	-0.12891142991458424	0.04919258071334287	-0.19419493897983822	0.24144794690314786	-0.16462733242042507	0.12118633687378273	-0.05845020504366638	0.19080378646505056	-0.358980507245339	0.2762738594648514	-0.1433152243590143	0.16827435649589306	-0.2450672499272697	0.9999999999999903	-0.42780590019814063	0.14601536166664797	-0.15193875508649965	0.2787612733111433	-0.6233238822528945	0.2983255328153176	-0.14826798410172773	0.12252269419368865	-0.2511456807627279	0.1963632108214866	-0.27795598111230696	0.12057899771974433	-0.09932918377282166
0.07564709612750593	-0.09184408583922668	0.07857135474910765	-0.09140196467509402	0.12587517935567583	-0.08981615403688231	0.0929329879276137	-0.08515470585445789	0.08928992835965154	-0.09636117290887139	0.14443909815650427	-0.10373760344026843	0.09966839288265943	-0.09978426112055268	0.11633970907749555	-0.10849881722638546	0.13441687962280455	-0.11454318512767969	0.12597878861966502	-0.046008807728742	0.16176708568256798	-0.2064072103714322	0.15941740536052018	-0.12602741240373835	0.0544482015458094	-0.14660521524678843	0.22055807125065133	-0.4460750917446709	0.15910547243478548	-0.17415489017012123	0.1617132271034368	-0.42780590019814063	0.99999999999999	-0.20467728924580578	0.16561854223341077	-0.22233541804896487	0.2747181817091165	-0.6704924629911031	0.18257530178834402	-0.14292304283578125	0.1797240242480076	-0.14292284463797922	0.20899637772228752	-0.13814592527951539	0.10884690050302037
-0.08482439143168133	0.10423787878479963	-0.09157059900505082	0.1065868537722788	-0.1432328125676817	0.10005653984198526	-0.10714992629427704	0.10055951533047591	-0.10879593514997184	0.11430047155978354	-0.15212355026219204	0.11953787216124481	-0.1208247288351822	0.12638677149729907	-0.13836894807482958	0.10960798033576258	-0.14647989149491997	0.14204762166333357	-0.19737807887100084	0.05801422009376308	-0.14666470914778032	0.14871893647605705	-0.19459596467320087	0.2225617704422736	-0.06841370082876048	0.10704340868749637	-0.12904692822423786	0.19829699661890485	-0.5185733454267275	0.2928119961000586	-0.11534095684812173	0.14601536166664797	-0.20467728924580578	0.9999999999999872	-0.5026653297328696	0.14652640611381532	-0.13336370617380688	0.19111449235579517	-0.4929351173064931	0.2578060695257903	-0.12826091503992462	0.09330417400927371	-0.15241299189144017	0.22715193547255938	-0.19471269296487997
0.09279596107485905	-0.11532463024612223	0.0994297849926705	-0.11740817341065536	0.16078550697904415	-0.10973938268509068	0.1149574864233587	-0.10802680818116987	0.1149250240021853	-0.12569854581389084	0.16371191556915843	-0.127425014807829	0.12497165133459265	-0.13118473673399741	0.15028162335855685	-0.11654973800423056	0.1518834038087829	-0.1406700442826486	0.1751629215893792	-0.06285531677791575	0.15664220258446773	-0.16561988353864932	0.18437366046650516	-0.19941877650168618	0.07373323800962753	-0.11702366273135878	0.13533116144505666	-0.21204305642715848	0.27465246053931863	-0.5516564183926381	0.12351611585870179	-0.15193875508649965	0.16561854223341077	-0.5026653297328696	0.9999999999999872	-0.16464892182286286	0.13513235557214495	-0.1871808489914458	0.29032299980457	-0.4383800191523433	0.1366534110192014	-0.09969973337264294	0.16111054992761642	-0.2772606612314048	0.2275621634984941
-0.09684453662977856	0.1162508167201394	-0.09903112107738458	0.11487979596817538	-0.16523519101664225	0.11433423767965807	-0.11700830357784628	0.10590432777570666	-0.11064055049144836	0.1213422873606564	-0.18955933686354476	0.12883017400009544	-0.12179128595366855	0.12044564965752588	-0.1485319746738794	0.13988802898746958	-0.16899343091810726	0.1310098141858526	-0.14193257878071533	0.05717052341360739	-0.21697482234475676	0.21286650280265618	-0.17391047835539894	0.13087634958071764	-0.06817923544159994	0.2168672643579917	-0.2051855500242889	0.2397106513633822	-0.14972661336840903	0.1904537960737486	-0.32038529712813857	0.2787612733111433	-0.22233541804896487	0.14652640611381532	-0.16464892182286286	0.9999999999999872	-0.4641254305639009	0.24596481666037107	-0.15183489938287367	0.1332109348275836	-0.5185220390273095	0.28320274409251445	-0.42820525925651803	0.13491273046659194	-0.11173575706696924
0.07149804316117524	-0.0869330501527531	0.07373214244194666	-0.08601901610313516	0.11985959088502751	-0.08508137223900245	0.08702928696394195	-0.07944483795451569	0.08287794091715471	-0.09040906990991447	0.1372003103431493	-0.09677481284451991	0.09177207984032165	-0.09148782590377	0.1090707496686434	-0.10411444484895405	0.12535159185969835	-0.1021028174205156	0.11056376690295648	-0.04262962187948484	0.15786731681823782	-0.20764757262960315	0.1381020232565765	-0.10605690684750464	0.05054254273247441	-0.16268935023449524	0.20987024881423902	-0.24548190417641025	0.1251283905928889	-0.15433229489836556	0.18662079466290782	-0.6233238822528945	0.2747181817091165	-0.13336370617380688	0.13513235557214495	-0.4641254305639009	0.9999999999999841	-0.42162220806189527	0.1410209759013453	-0.11782071546831303	0.26023702579126057	-0.2861769486354371	0.26760973661663023	-0.11745327094317184	0.0929567716706679
-0.08378035544296347	0.10085569600949758	-0.08678249683987314	0.10049379012741284	-0.14164460986729324	0.0987737204465557	-0.10259758803665747	0.09352286100251225	-0.09847142663865209	0.10652452480477702	-0.16117126785480082	0.11346921169181662	-0.10937155545659576	0.10889964653875618	-0.13027592734979881	0.11808426414479448	-0.14806433952608927	0.12194204782803869	-0.1369759421402285	0.05104800941697211	-0.17671732955102692	0.19292729707191766	-0.1692336368073739	0.13192866413525414	-0.06071456573235897	0.14945574005661116	-0.20430127502962106	0.27565493270811964	-0.16814118455376964	0.18582577113077145	-0.17448112820771872	0.2983255328153176	-0.6704924629911031	0.19111449235579517	-0.1871808489914458	0.24596481666037107	-0.42162220806189527	0.9999999999999852	-0.2623207500507833	0.16285194615186288	-0.23243144191587786	0.1813107442088717	-0.2911871291365292	0.15952877999825232	-0.13030898007612585
0.07320654784198939	-0.0901735028327114	0.07801430768497973	-0.09149400595522189	0.12517239430006988	-0.08651625897092219	0.09088555661361665	-0.08490263203753413	0.09039122836452831	-0.09774294285908479	0.13208893422103218	-0.1009960030032899	0.09923485450112196	-0.1032541107202205	0.1175405934278022	-0.09508865576820953	0.12326418423314414	-0.11298059051480884	0.14034754190022644	-0.04843063688955521	0.13074268243490808	-0.14017203390050895	0.1502302359901001	-0.15942884968323412	0.056965399487047985	-0.10121113810761906	0.12134001121344039	-0.18762720443520114	0.2262320894573473	-0.250121743441246	0.10914615066369843	-0.14826798410172773	0.18257530178834402	-0.4929351173064931	0.29032299980457	-0.15183489938287367	0.1410209759013453	-0.2623207500507833	0.9999999999999851	-0.5042688299057847	0.1291886361627877	-0.09794537803618167	0.15768384553326578	-0.5028064445969941	0.2894726084650887
-0.07123317283756903	0.08665579292984286	-0.07567809183874259	0.08801745756212255	-0.12443938796235067	0.08342218820189258	-0.08821433283314242	0.08174890007681225	-0.08757961212683855	0.09472193950255829	-0.1298336835749344	0.0969009650820951	-0.0958340559594133	0.09824238338605665	-0.11650047820813964	0.09142795326208765	-0.11979231201584342	0.10647391349680319	-0.13364830093136085	0.04710884089164298	-0.1259349494788831	0.1249541034448712	-0.14372763064960145	0.13631229357095082	-0.05596565313175921	0.09263189659346842	-0.10689551140271598	0.15731592996086918	-0.19870624396234512	0.23326492321018244	-0.10101605791387934	0.12252269419368865	-0.14292304283578125	0.2578060695257903	-0.4383800191523433	0.1332109348275836	-0.11782071546831303	0.16285194615186288	-0.5042688299057847	0.9999999999999833	-0.12190622321766663	0.08852891160504493	-0.14889385165225671	0.32345891206129845	-0.5959616856720855
0.07589958170579034	-0.09411099688463917	0.07883991275246112	-0.09327385699655905	0.13085780347274575	-0.09073796699629588	0.09171169365018057	-0.08452282404805622	0.08787717502314107	-0.09780302262086145	0.1399409189873032	-0.10149050765861675	0.09561045718963143	-0.09654141757025105	0.11656409071220736	-0.10511453497845623	0.12616352389615262	-0.10409128449941296	0.11293748057751186	-0.04565412619625049	0.15368142928408926	-0.19328041092056292	0.13679352797462185	-0.10903666299928622	0.053995288823296565	-0.1626403140198967	0.16452469586328475	-0.2286917423478893	0.12500772651981976	-0.1776302998967166	0.17273624436372143	-0.2511456807627279	0.1797240242480076	-0.12826091503992462	0.1366534110192014	-0.5185220390273095	0.26023702579126057	-0.23243144191587786	0.1291886361627877	-0.12190622321766663	0.9999999999999825	-0.6489851761325385	0.32746990695921074	-0.12627196084660716	0.09637550695945976
-0.05364745431998944	0.066023352840466	-0.055623810869708794	0.06547835704017435	-0.09216634894512293	0.06391747354872036	-0.06495225060624016	0.05966242546983714	-0.062179469717771246	0.06882681670332723	-0.10012551479478733	0.07182910933025397	-0.06792823375252591	0.06831528223935851	-0.08256172311791139	0.07474981729538065	-0.09040567815041874	0.07413577529155262	-0.08082943876818313	0.03228890921901789	-0.11037253387448502	0.13514716849447053	-0.0983050289535387	0.0776461528702166	-0.03824892608247035	0.11083839910849441	-0.12175205630003344	0.16064736264759158	-0.09023205004846482	0.12285421741211756	-0.12234356859726353	0.1963632108214866	-0.14292284463797922	0.09330417400927371	-0.09969973337264294	0.28320274409251445	-0.2861769486354371	0.1813107442088717	-0.09794537803618167	0.08852891160504493	-0.6489851761325385	0.999999999999982	-0.6314920871221013	0.09574887284949803	-0.07373442498082508
0.08608138085109343	-0.10710795218223462	0.08968992500674793	-0.10632670708551467	0.14893291451822882	-0.10295765281064181	0.10409069120793865	-0.09618798485922636	0.10006285727974196	-0.11152824561666147	0.15728266350180437	-0.11517931576875214	0.10868029904187465	-0.11011776352143572	0.13263631844616364	-0.11776503141607388	0.1420520369102177	-0.11854623027732754	0.1293102446873282	-0.05212902083812834	0.17037218079741387	-0.21948668294848386	0.15582166147922716	-0.12595310378131272	0.0615940106250832	-0.17432907174334855	0.18421654395466056	-0.26561536204639447	0.14564669171184286	-0.20857758436286652	0.17986842880731896	-0.27795598111230696	0.20899637772228752	-0.15241299189144017	0.16111054992761642	-0.42820525925651803	0.26760973661663023	-0.2911871291365292	0.15768384553326578	-0.14889385165225671	0.32746990695921074	-0.6314920871221013	0.999999999999982	-0.1700615951199489	0.12204963749923894
-0.06717668398013346	0.0816405424455669	-0.07121984828481935	0.08279395747576176	-0.11734725083303583	0.07868403436739671	-0.08307031631299189	0.07685859325940914	-0.08225778107607104	0.08901974771249206	-0.12289381572374719	0.09120549958089302	-0.09003168491128011	0.09202272136698421	-0.10957481642822173	0.08671024153683445	-0.11315771523650744	0.0997830046231224	-0.12441581000661081	0.044098764965209314	-0.12014230770938175	0.12015255521833382	-0.13485866853345135	0.12527900228430974	-0.05243102146996126	0.08991850841993948	-0.10327588839481429	0.15071187392749025	-0.18142039149103592	0.1992113056455364	-0.09822285716214206	0.12057899771974433	-0.13814592527951539	0.22715193547255938	-0.2772606612314048	0.13491273046659194	-0.11745327094317184	0.15952877999825232	-0.5028064445969941	0.32345891206129845	-0.12627196084660716	0.09574887284949803	-0.1700615951199489	0.9999999999999823	-0.696481986433499
