0.9999999999999999	-0.2498922483682908	0.13888619167957872	-0.09641654656594849	0.08900700784583085	-0.8722874081133377	0.15487642936902132	-0.14118196825292306	0.09802640497813779	-0.07598573733318809	0.22083171389771597	-0.13818437584166038	0.12090165226114281	-0.09490581465946842	0.09817009944576374	-0.2051721949405701	0.15364781255778912	-0.13149559092864957	0.10807182371216574	-0.07801330201145057	0.06843906548944037	-0.07011516460217748	0.0740552996710743	-0.08711524059323972	0.07493564083987309	-0.05074930384937046	0.04199312086855847	-0.05293545613046012	0.056701752336839883	-0.05841210809237546	0.04571897438187755	-0.03298007136277212	0.05905332239445927	-0.056787214163341704	0.06404420746546073
-0.2498922483682908	0.9999999999999999	-0.6848339514233894	0.20327594901671092	-0.20365569857320748	0.17617090824618814	-0.35087238415429917	0.30017366432716214	-0.21250217236960778	0.15229969743586202	-0.1656801635775191	0.22627682963776907	-0.27312750364829685	0.18097360823635053	-0.19827055300617957	0.13355677479721828	-0.21134774235266657	0.17895789734366588	-0.1988398717645027	0.13300339868831665	-0.08501877886345437	0.08606834978096087	-0.10721194169950793	0.12359840231238106	-0.1275023413246355	0.06264329375512835	-0.05530083551852759	0.0767177159909048	-0.08570786340294859	0.09157011038727565	-0.06158767542816293	0.0431779817205758	-0.08852312132263232	0.08314085700337104	-0.10314736036324647
0.13888619167957872	-0.6848339514233894	0.9999999999999997	-0.25844147239764703	0.18531973829271484	-0.12375145865232746	0.1983486539121277	-0.5568408213756513	0.19167515208652972	-0.1387157356114813	0.11373152642241775	-0.1774563055278437	0.22955900533764834	-0.1619420168117191	0.15976928306218216	-0.09734746383672353	0.15222024855357796	-0.14693218528065868	0.15782675933878396	-0.10975718699207512	0.06450557222925302	-0.06627785304680289	0.08506262377211969	-0.10017993552904783	0.10120116915181036	-0.04834642885902933	0.04244338412318387	-0.06101324967424874	0.06782861675783691	-0.07384116663758464	0.04723197832209025	-0.03333068770490907	0.06962372131623859	-0.06657162839313054	0.08134331344062772
-0.09641654656594849	0.20327594901671092	-0.25844147239764703	0.9999999999999993	-0.7456464910385164	0.08375592763690666	-0.14884867710417188	0.2244785280939472	-0.4135998232453232	0.2845530861567465	-0.11004375877492456	0.1367647910158809	-0.20593604374432117	0.20238301623870514	-0.2775434697497857	0.09220038264834642	-0.1592917324962497	0.16184787841551732	-0.20252777174174294	0.15737515258674456	-0.07308483284141776	0.07477118844851481	-0.1012259913215536	0.12111064074742843	-0.1405815378413557	0.05537429956636142	-0.04916633921805999	0.07445296964856102	-0.08540777573029265	0.09836497128811625	-0.0552053450304903	0.03877361713962532	-0.08605735840372428	0.08367990725908131	-0.10794323389789497
0.08900700784583085	-0.20365569857320748	0.18531973829271484	-0.7456464910385164	1.0000000000000004	-0.08045558484080097	0.1340352643195859	-0.22103921773559237	0.28985286634400126	-0.4417246393671654	0.10200351608736832	-0.13152437318202495	0.180370661994147	-0.1910608981784155	0.2562616950331417	-0.0879728584851281	0.14744685008337866	-0.16020458477769087	0.18001455754554457	-0.16641894104542362	0.07079377454298502	-0.07344171844452307	0.09919774284449212	-0.12238750618034273	0.1361133925214507	-0.05495384559746772	0.04825020924603583	-0.07463684425426362	0.08540910946537238	-0.10181455618389498	0.05421303217631002	-0.038344758224266515	0.08515734691345767	-0.08590858892773236	0.10679608598872531
-0.8722874081133377	0.17617090824618814	-0.12375145865232746	0.08375592763690666	-0.08045558484080097	0.9999999999999996	-0.16833738394390838	0.1180841580983131	-0.08865761904974032	0.06797372211057133	-0.3194615369688038	0.1296225561156657	-0.11203028366809926	0.08543357464679463	-0.08943942772880864	0.18948769796542153	-0.1556505304850467	0.11708986797586192	-0.09946661198417252	0.06976471576400652	-0.06419050444550435	0.06429389483289195	-0.06700058642053652	0.07737988173547355	-0.06761396445994144	0.04594710297529819	-0.038487054280713695	0.04733594530842745	-0.05072651379932468	0.051843688447373665	-0.04183073751619905	0.029971436193633273	-0.05313207564799266	0.05028726763999872	-0.057277231436769487
0.15487642936902132	-0.35087238415429917	0.1983486539121277	-0.14884867710417188	0.1340352643195859	-0.16833738394390838	0.9999999999999989	-0.2506949345117725	0.1568432489704573	-0.12018284822966784	0.14534885971849282	-0.785665968641454	0.2408798057939329	-0.17150304972299873	0.15045947233497553	-0.13947931983655945	0.22423084600426765	-0.19404177599017003	0.1701428227785199	-0.1184749992204708	0.0829101941883059	-0.08787650772589364	0.10482605430558822	-0.12368444037456201	0.11042317526091595	-0.06253069325835704	0.0538692060768929	-0.07443300371791864	0.0803099295668786	-0.08460692633230357	0.059209975985906924	-0.04234746320264764	0.08315206021344268	-0.0800312077425471	0.09206971845990317
-0.14118196825292306	0.30017366432716214	-0.5568408213756513	0.2244785280939472	-0.22103921773559237	0.1180841580983131	-0.2506949345117725	0.9999999999999988	-0.3244824403847768	0.1936891877686694	-0.14757716144779418	0.2130103575059467	-0.508307270884895	0.2544494866427108	-0.24092829837847	0.12203029499810512	-0.2140098655440682	0.20620016052514772	-0.24882636373292416	0.1575017533966633	-0.08940774056239068	0.09109997298295901	-0.12106607952117288	0.14006839862563822	-0.1468825940959206	0.06617782191953234	-0.05886719940894323	0.08547951809238176	-0.0954936928910622	0.10356555706820388	-0.06561856192258056	0.04604022878404142	-0.09833554348428926	0.09242898508747582	-0.11539445550109458
0.09802640497813779	-0.21250217236960778	0.19167515208652972	-0.4135998232453232	0.28985286634400126	-0.08865761904974032	0.1568432489704573	-0.3244824403847768	0.9999999999999982	-0.5540569779561616	0.11601980676567518	-0.16119049150150946	0.257949453281839	-0.4329969641653071	0.300509356910917	-0.10155273424310449	0.1735644359051989	-0.20740563094758593	0.25010855043762903	-0.20177677283859063	0.08263068228388079	-0.08644038605728804	0.12055120166872006	-0.15042219390396877	0.15904310243874928	-0.06344019403783657	0.05579672223046093	-0.08771710376509081	0.09831716715469095	-0.11653764131816387	0.062232565308344236	-0.044223283023880997	0.0986475013336926	-0.0983948437648029	0.12056607794495254
-0.07598573733318809	0.15229969743586202	-0.1387157356114813	0.2845530861567465	-0.4417246393671654	0.06797372211057133	-0.12018284822966784	0.1936891877686694	-0.5540569779561616	0.9999999999999986	-0.09284971768584721	0.11874953032040074	-0.18988690443064526	0.2260983813649119	-0.5846251496884867	0.07999719570769342	-0.1391001333006842	0.15675495518996543	-0.2041742020259892	0.19474894201201878	-0.06724236982373256	0.06968418603729837	-0.09852519182565435	0.12142384529492886	-0.1578868493705488	0.051335516919780035	-0.04547970831687071	0.07240817093680559	-0.08352483866113815	0.10293876394994625	-0.05084970241126032	0.036015174570886814	-0.08268540682818917	0.08250106925331985	-0.10846073597253045
0.22083171389771597	-0.1656801635775191	0.11373152642241775	-0.11004375877492456	0.10200351608736832	-0.3194615369688038	0.14534885971849282	-0.14757716144779418	0.11601980676567518	-0.09284971768584721	0.9999999999999997	-0.15658196957315526	0.13918266511882812	-0.11996515471859025	0.12218300190969976	-0.7756089601032768	0.27341828927919914	-0.21733368147255602	0.14579289858817163	-0.10699345043495535	0.12770708504042433	-0.12980958798443015	0.11658577486400958	-0.1364032373760264	0.10371245264127428	-0.09019877149068689	0.07115251756593108	-0.08122102029711734	0.0837105195475412	-0.0833389335406199	0.07537601651340406	-0.055586332947472235	0.08830698619231303	-0.08455747159435992	0.09008240735344844
-0.13818437584166038	0.22627682963776907	-0.1774563055278437	0.1367647910158809	-0.13152437318202495	0.1296225561156657	-0.785665968641454	0.2130103575059467	-0.16119049150150946	0.11874953032040074	-0.15658196957315526	0.999999999999999	-0.343786666693583	0.18072746244040658	-0.15506396313361145	0.14324414829568685	-0.3157813831419632	0.19819262505941662	-0.18699206150643968	0.11804776422988701	-0.08749669306277563	0.09134822888898504	-0.10784255088253403	0.12284036058610319	-0.11155518898476277	0.0630495559087737	-0.055324960271494486	0.07416241818835119	-0.07972900943560829	0.08265978591245783	-0.06035304993327583	0.042880710970344446	-0.08339404803949768	0.0780509451758418	-0.09088311915724451
0.12090165226114281	-0.27312750364829685	0.22955900533764834	-0.20593604374432117	0.180370661994147	-0.11203028366809926	0.2408798057939329	-0.508307270884895	0.257949453281839	-0.18988690443064526	0.13918266511882812	-0.343786666693583	0.9999999999999954	-0.5381945627349394	0.2203897555871538	-0.12615755526765896	0.22088534785011663	-0.2981139725341493	0.28133683118015695	-0.17421614434007285	0.09453113016062556	-0.09979281522516581	0.14029641500854936	-0.16738283733512754	0.15049721779562192	-0.07073624372460978	0.06225118462925478	-0.09547549452949364	0.1021490828326228	-0.11070992887087625	0.06858731077571972	-0.04892908674631708	0.1054911005856767	-0.10066305092119504	0.11771019809946476
-0.09490581465946842	0.18097360823635053	-0.1619420168117191	0.20238301623870514	-0.1910608981784155	0.08543357464679463	-0.17150304972299873	0.2544494866427108	-0.4329969641653071	0.2260983813649119	-0.11996515471859025	0.18072746244040658	-0.5381945627349394	0.9999999999999974	-0.300157192928063	0.1052777516975516	-0.19323444810476373	0.24354771090258143	-0.544498489009329	0.19555584166689036	-0.08669229370279316	0.09027383403402404	-0.13457376366870236	0.16135805580666526	-0.1632305907807738	0.06410497288108241	-0.05714667671492152	0.09004001291344402	-0.09837099536128373	0.11008129011556102	-0.06306271120995033	0.04479745772661051	-0.10093101205722046	0.09548160047044633	-0.1167269880432891
0.09817009944576374	-0.19827055300617957	0.15976928306218216	-0.2775434697497857	0.2562616950331417	-0.08943942772880864	0.15045947233497553	-0.24092829837847	0.300509356910917	-0.5846251496884867	0.12218300190969976	-0.15506396313361145	0.2203897555871538	-0.300157192928063	0.9999999999999974	-0.10730366419078455	0.18254059383490753	-0.21848427221656755	0.25006203220987266	-0.41328543406455814	0.09319838183705018	-0.09787869926512002	0.13898412875407284	-0.17931139413931346	0.2347248065296501	-0.07264253485347069	0.06382771809870602	-0.10496462405773546	0.12149683083862226	-0.16304304432204578	0.07140328830959244	-0.05090973697279055	0.11815648783204225	-0.12303679580806115	0.1580598634021155
-0.2051721949405701	0.13355677479721828	-0.09734746383672353	0.09220038264834642	-0.0879728584851281	0.18948769796542153	-0.13947931983655945	0.12203029499810512	-0.10155273424310449	0.07999719570769342	-0.7756089601032768	0.14324414829568685	-0.12615755526765896	0.1052777516975516	-0.10730366419078455	0.999999999999998	-0.4557676683871023	0.19519752757159206	-0.13552968829563025	0.09301335832814206	-0.15638388011706647	0.13580474309035873	-0.11061471137688464	0.12092979892702688	-0.09198196222024835	0.08910994977969854	-0.07218342101154249	0.07312703207119448	-0.07445323988694874	0.07169933834738222	-0.07501790772380883	0.05450968752935885	-0.08024480744098547	0.07340296362532711	-0.0783306290954527
0.15364781255778912	-0.21134774235266657	0.15222024855357796	-0.1592917324962497	0.14744685008337866	-0.1556505304850467	0.22423084600426765	-0.2140098655440682	0.1735644359051989	-0.1391001333006842	0.27341828927919914	-0.3157813831419632	0.22088534785011663	-0.19323444810476373	0.18254059383490753	-0.4557676683871023	0.999999999999997	-0.5095757507348818	0.24276006351682985	-0.16708399168183063	0.1768332479486908	-0.21825893948128922	0.20165002874119645	-0.22649174831692662	0.16041714608954152	-0.12530522440145025	0.10628067664184761	-0.13132208200949935	0.13014425622108927	-0.12717731543260483	0.11082870766089822	-0.08207593939691674	0.1388166982088303	-0.1298693780877685	0.13585914742984506
-0.13149559092864957	0.17895789734366588	-0.14693218528065868	0.16184787841551732	-0.16020458477769087	0.11708986797586192	-0.19404177599017003	0.20620016052514772	-0.20740563094758593	0.15675495518996543	-0.21733368147255602	0.19819262505941662	-0.2981139725341493	0.24354771090258143	-0.21848427221656755	0.19519752757159206	-0.5095757507348818	0.9999999999999929	-0.48016576143818906	0.20148296717644318	-0.16996177290803713	0.17635521534974552	-0.37929725518488416	0.2725570827470791	-0.20618404646186136	0.1128395838298468	-0.10438606350441675	0.1665470603351255	-0.16231561010921314	0.14326106774318884	-0.11097421941600352	0.07912187134806066	-0.18317925670025054	0.146767823900377	-0.1582421796220479
0.10807182371216574	-0.1988398717645027	0.15782675933878396	-0.20252777174174294	0.18001455754554457	-0.09946661198417252	0.1701428227785199	-0.24882636373292416	0.25010855043762903	-0.2041742020259892	0.14579289858817163	-0.18699206150643968	0.28133683118015695	-0.544498489009329	0.25006203220987266	-0.13552968829563025	0.24276006351682985	-0.48016576143818906	0.9999999999999938	-0.32626061015827423	0.11918186414966866	-0.12838087374075924	0.20802902619313077	-0.28206092372552255	0.22268096817495547	-0.08823977208046499	0.07839324022687662	-0.1326431312913273	0.137682045479735	-0.1536152072058445	0.08551063873993986	-0.061607388087641546	0.14190367753373612	-0.1345323668234112	0.15508794653555963
-0.07801330201145057	0.13300339868831665	-0.10975718699207512	0.15737515258674456	-0.16641894104542362	0.06976471576400652	-0.1184749992204708	0.1575017533966633	-0.20177677283859063	0.19474894201201878	-0.10699345043495535	0.11804776422988701	-0.17421614434007285	0.19555584166689036	-0.41328543406455814	0.09301335832814206	-0.16708399168183063	0.20148296717644318	-0.32626061015827423	0.9999999999999959	-0.0946252604557726	0.09748640670248176	-0.1618745427841526	0.20386782607753157	-0.6994839601297168	0.07014441915191963	-0.06380432193785797	0.11661986921389564	-0.14744551935330724	0.22393014757718935	-0.0707768869235244	0.050485733336267324	-0.13565773597728564	0.13795130018695664	-0.23730594277491696
0.06843906548944037	-0.08501877886345437	0.06450557222925302	-0.07308483284141776	0.07079377454298502	-0.06419050444550435	0.0829101941883059	-0.08940774056239068	0.08263068228388079	-0.06724236982373256	0.12770708504042433	-0.08749669306277563	0.09453113016062556	-0.08669229370279316	0.09319838183705018	-0.15638388011706647	0.1768332479486908	-0.16996177290803713	0.11918186414966866	-0.0946252604557726	0.9999999999999938	-0.7729835900112937	0.19139691125910105	-0.20187485878008898	0.09878870130447097	-0.42711900440551054	0.23511722692445652	-0.11416597754356522	0.09752655172537532	-0.07996752612207776	0.2131926639611851	-0.17149612977192003	0.11358558955978604	-0.09629392470760464	0.08407884410801701
-0.07011516460217748	0.08606834978096087	-0.06627785304680289	0.07477118844851481	-0.07344171844452307	0.06429389483289195	-0.08787650772589364	0.09109997298295901	-0.08644038605728804	0.06968418603729837	-0.12980958798443015	0.09134822888898504	-0.09979281522516581	0.09027383403402404	-0.09787869926512002	0.13580474309035873	-0.21825893948128922	0.17635521534974552	-0.12838087374075924	0.09748640670248176	-0.7729835900112937	0.9999999999999952	-0.2801748333999426	0.20154200898022684	-0.1052738211627587	0.2686105143275787	-0.3185774205942785	0.12460583328410395	-0.10732094949881875	0.08290385088034201	-0.2421790913831104	0.1779807081167043	-0.12919818063387123	0.1006168025721173	-0.0888002258787469
0.0740552996710743	-0.10721194169950793	0.08506262377211969	-0.1012259913215536	0.09919774284449212	-0.06700058642053652	0.10482605430558822	-0.12106607952117288	0.12055120166872006	-0.09852519182565435	0.11658577486400958	-0.10784255088253403	0.14029641500854936	-0.13457376366870236	0.13898412875407284	-0.11061471137688464	0.20165002874119645	-0.37929725518488416	0.20802902619313077	-0.1618745427841526	0.19139691125910105	-0.2801748333999426	0.9999999999999927	-0.7081049849319814	0.1793853038818942	-0.12009045632404092	0.11403151575099313	-0.3454829879184592	0.1940143386415125	-0.1350249436437657	0.1124536218731883	-0.08582431912404272	0.23104338272163438	-0.1705604155661372	0.13571177031827616
-0.08711524059323972	0.12359840231238106	-0.10017993552904783	0.12111064074742843	-0.12238750618034273	0.07737988173547355	-0.12368444037456201	0.14006839862563822	-0.15042219390396877	0.12142384529492886	-0.1364032373760264	0.12284036058610319	-0.16738283733512754	0.16135805580666526	-0.17931139413931346	0.12092979892702688	-0.22649174831692662	0.2725570827470791	-0.28206092372552255	0.20386782607753157	-0.20187485878008898	0.20154200898022684	-0.7081049849319814	0.9999999999999949	-0.2933503603742493	0.12314207051919591	-0.12103761529232973	0.23742337029318966	-0.23757782362652224	0.16596591402391425	-0.1263244918694284	0.09008782385361716	-0.26290677974688337	0.18495929456338994	-0.1740944759128389
0.07493564083987309	-0.1275023413246355	0.10120116915181036	-0.1405815378413557	0.1361133925214507	-0.06761396445994144	0.11042317526091595	-0.1468825940959206	0.15904310243874928	-0.1578868493705488	0.10371245264127428	-0.11155518898476277	0.15049721779562192	-0.1632305907807738	0.2347248065296501	-0.09198196222024835	0.16041714608954152	-0.20618404646186136	0.22268096817495547	-0.6994839601297168	0.09878870130447097	-0.1052738211627587	0.1793853038818942	-0.2933503603742493	0.9999999999999925	-0.07453356709907098	0.067072644593858	-0.13279760160830428	0.16436181850904907	-0.40216620057340574	0.07386796621789264	-0.05348757544559457	0.1449163506156108	-0.16155870403855094	0.24941419083747415
-0.05074930384937046	0.06264329375512835	-0.04834642885902933	0.05537429956636142	-0.05495384559746772	0.04594710297529819	-0.06253069325835704	0.06617782191953234	-0.06344019403783657	0.051335516919780035	-0.09019877149068689	0.0630495559087737	-0.07073624372460978	0.06410497288108241	-0.07264253485347069	0.08910994977969854	-0.12530522440145025	0.1128395838298468	-0.08823977208046499	0.07014441915191963	-0.42711900440551054	0.2686105143275787	-0.12009045632404092	0.12314207051919591	-0.07453356709907098	0.9999999999999925	-0.5539566245747308	0.08737154294504582	-0.07883104823268468	0.06242104957034381	-0.592368053842136	0.30522664915727765	-0.09997562626002968	0.07957007544077728	-0.0679621008835985
0.04199312086855847	-0.05530083551852759	0.04244338412318387	-0.04916633921805999	0.04825020924603583	-0.038487054280713695	0.0538692060768929	-0.05886719940894323	0.05579672223046093	-0.04547970831687071	0.07115251756593108	-0.055324960271494486	0.06225118462925478	-0.05714667671492152	0.06382771809870602	-0.07218342101154249	0.10628067664184761	-0.10438606350441675	0.07839324022687662	-0.06380432193785797	0.23511722692445652	-0.3185774205942785	0.11403151575099313	-0.12103761529232973	0.067072644593858	-0.5539566245747308	0.9999999999999926	-0.08975065946366557	0.07387294479606911	-0.05756636482745539	0.32996686401091835	-0.6605945006411064	0.09868756261178141	-0.07770745714082242	0.06129192749317497
-0.05293545613046012	0.0767177159909048	-0.06101324967424874	0.07445296964856102	-0.07463684425426362	0.04733594530842745	-0.07443300371791864	0.08547951809238176	-0.08771710376509081	0.07240817093680559	-0.08122102029711734	0.07416241818835119	-0.09547549452949364	0.09004001291344402	-0.10496462405773546	0.07312703207119448	-0.13132208200949935	0.1665470603351255	-0.1326431312913273	0.11661986921389564	-0.11416597754356522	0.12460583328410395	-0.3454829879184592	0.23742337029318966	-0.13279760160830428	0.08737154294504582	-0.08975065946366557	0.9999999999999919	-0.46401603489483295	0.14806479285792773	-0.09324183754913284	0.07891498003193431	-0.7229991414881078	0.2881967717603353	-0.1546690535114506
0.056701752336839883	-0.08570786340294859	0.06782861675783691	-0.08540777573029265	0.08540910946537238	-0.05072651379932468	0.0803099295668786	-0.0954936928910622	0.09831716715469095	-0.08352483866113815	0.0837105195475412	-0.07972900943560829	0.1021490828326228	-0.09837099536128373	0.12149683083862226	-0.07445323988694874	0.13014425622108927	-0.16231561010921314	0.137682045479735	-0.14744551935330724	0.09752655172537532	-0.10732094949881875	0.1940143386415125	-0.23757782362652224	0.16436181850904907	-0.07883104823268468	0.07387294479606911	-0.46401603489483295	0.9999999999999921	-0.2898409223720407	0.08036187048653778	-0.06357210920468888	0.3095006813188477	-0.705333574350923	0.242996183169081
-0.05841210809237546	0.09157011038727565	-0.07384116663758464	0.09836497128811625	-0.10181455618389498	0.051843688447373665	-0.08460692633230357	0.10356555706820388	-0.11653764131816387	0.10293876394994625	-0.0833389335406199	0.08265978591245783	-0.11070992887087625	0.11008129011556102	-0.16304304432204578	0.07169933834738222	-0.12717731543260483	0.14326106774318884	-0.1536152072058445	0.22393014757718935	-0.07996752612207776	0.08290385088034201	-0.1350249436437657	0.16596591402391425	-0.40216620057340574	0.06242104957034381	-0.05756636482745539	0.14806479285792773	-0.2898409223720407	0.9999999999999921	-0.0644425039638143	0.047365372836245284	-0.17506026426948562	0.23841324185556173	-0.768912732320075
0.04571897438187755	-0.06158767542816293	0.04723197832209025	-0.0552053450304903	0.05421303217631002	-0.04183073751619905	0.059209975985906924	-0.06561856192258056	0.062232565308344236	-0.05084970241126032	0.07537601651340406	-0.06035304993327583	0.06858731077571972	-0.06306271120995033	0.07140328830959244	-0.07501790772380883	0.11082870766089822	-0.11097421941600352	0.08551063873993986	-0.0707768869235244	0.2131926639611851	-0.2421790913831104	0.1124536218731883	-0.1263244918694284	0.07386796621789264	-0.592368053842136	0.32996686401091835	-0.09324183754913284	0.08036187048653778	-0.0644425039638143	0.999999999999992	-0.655073739825621	0.10536708361735983	-0.08719054879297089	0.06876987260308161
-0.03298007136277212	0.0431779817205758	-0.03333068770490907	0.03877361713962532	-0.038344758224266515	0.029971436193633273	-0.04234746320264764	0.04604022878404142	-0.044223283023880997	0.036015174570886814	-0.055586332947472235	0.042880710970344446	-0.04892908674631708	0.04479745772661051	-0.05090973697279055	0.05450968752935885	-0.08207593939691674	0.07912187134806066	-0.061607388087641546	0.050485733336267324	-0.17149612977192003	0.1779807081167043	-0.08582431912404272	0.09008782385361716	-0.05348757544559457	0.30522664915727765	-0.6605945006411064	0.07891498003193431	-0.06357210920468888	0.047365372836245284	-0.655073739825621	0.9999999999999922	-0.10118716779581091	0.06890585069087887	-0.05087062407201776
0.05905332239445927	-0.08852312132263232	0.06962372131623859	-0.08605735840372428	0.08515734691345767	-0.05313207564799266	0.08315206021344268	-0.09833554348428926	0.0986475013336926	-0.08268540682818917	0.08830698619231303	-0.08339404803949768	0.1054911005856767	-0.10093101205722046	0.11815648783204225	-0.08024480744098547	0.1388166982088303	-0.18317925670025054	0.14190367753373612	-0.13565773597728564	0.11358558955978604	-0.12919818063387123	0.23104338272163438	-0.26290677974688337	0.1449163506156108	-0.09997562626002968	0.09868756261178141	-0.7229991414881078	0.3095006813188477	-0.17506026426948562	0.10536708361735983	-0.10118716779581091	0.9999999999999925	-0.46447563512850587	0.1777069114898861
-0.056787214163341704	0.08314085700337104	-0.06657162839313054	0.08367990725908131	-0.08590858892773236	0.05028726763999872	-0.0800312077425471	0.09242898508747582	-0.0983948437648029	0.08250106925331985	-0.08455747159435992	0.0780509451758418	-0.10066305092119504	0.09548160047044633	-0.12303679580806115	0.07340296362532711	-0.1298693780877685	0.146767823900377	-0.1345323668234112	0.13795130018695664	-0.09629392470760464	0.1006168025721173	-0.1705604155661372	0.18495929456338994	-0.16155870403855094	0.07957007544077728	-0.07770745714082242	0.2881967717603353	-0.705333574350923	0.23841324185556173	-0.08719054879297089	0.06890585069087887	-0.46447563512850587	0.9999999999999927	-0.358241574844064
0.06404420746546073	-0.10314736036324647	0.08134331344062772	-0.10794323389789497	0.10679608598872531	-0.057277231436769487	0.09206971845990317	-0.11539445550109458	0.12056607794495254	-0.10846073597253045	0.09008240735344844	-0.09088311915724451	0.11771019809946476	-0.1167269880432891	0.1580598634021155	-0.0783306290954527	0.13585914742984506	-0.1582421796220479	0.15508794653555963	-0.23730594277491696	0.08407884410801701	-0.0888002258787469	0.13571177031827616	-0.1740944759128389	0.24941419083747415	-0.0679621008835985	0.06129192749317497	-0.1546690535114506	0.242996183169081	-0.768912732320075	0.06876987260308161	-0.05087062407201776	0.1777069114898861	-0.358241574844064	0.9999999999999927
