1.0	-0.9633441421575477	0.13274747105563373	-0.07754861689361946	0.07017350116274819	-0.12902327093540397	0.12623156507043	-0.10751503342954485	0.07594828822462256	-0.08791715280894867	0.08773354990919859	-0.0986130784719996	0.06809197251526045	-0.0522236537634579	0.033855471852749036	-0.06258631606805058	0.05694717143911344	-0.06647638503762845	0.04562361736948369	-0.03904172801339255	0.027648278510704862	-0.03453122342120002	0.0364500062084082	-0.045129964570131346	0.02299989972790303	-0.023159113216093884	0.026304153266845216	-0.03171956583756437	0.02903590849072156	-0.0209616101792391
-0.9633441421575477	1.0000000000000002	-0.15548832399177304	0.07471055502236826	-0.07027269059061818	0.11288595203478345	-0.13631948485447848	0.10372670395028141	-0.07418936655929911	0.08099276520373637	-0.0854689535067868	0.0910730227159399	-0.06511155553839569	0.048749124650415324	-0.03151224142062018	0.057837495209091976	-0.05399570206657535	0.06159012003033859	-0.042982711006672614	0.036023486555374136	-0.025861958628755843	0.032044495527219656	-0.03388622878034027	0.041550533142654646	-0.021391510360441224	0.021514785545494367	-0.024587072400819927	0.02934554129306817	-0.027032118783668457	0.01939947976602606
0.13274747105563373	-0.15548832399177304	1.0000000000000004	-0.42916346028466545	0.26831318348996275	-0.16519687355442553	0.2050135979606195	-0.6615222130593214	0.29084203194414127	-0.33350237007395495	0.1494214893127393	-0.2211767793691704	0.21276369717249619	-0.17136483669916122	0.1160941977124481	-0.1341368231842504	0.12967546133456512	-0.20428642803987793	0.1446111616580274	-0.1348317578522988	0.0644717319417431	-0.0828676982129997	0.10545706705065011	-0.1310620172317067	0.06696212166711131	-0.057101248867326336	0.06520540896946157	-0.08917270307927133	0.08083526954157616	-0.06154035731097376
-0.07754861689361946	0.07471055502236826	-0.42916346028466545	1.0000000000000004	-0.7858402709454104	0.09794732137321659	-0.13287646909243803	0.23556388395541666	-0.3053177311691769	0.2556860390556137	-0.10082801498217243	0.13556667060188424	-0.13569558038793947	0.12112050445319424	-0.09193721633810732	0.08780988147574058	-0.0884236103826729	0.12457468435786982	-0.10844560174080724	0.10209602275693444	-0.04418462197930956	0.056276413899987915	-0.07000217262149837	0.0854297388932737	-0.0486643143867449	0.039140066582609045	-0.045263365358442206	0.06045695043246485	-0.056318889628666234	0.044131203331098
0.07017350116274819	-0.07027269059061818	0.26831318348996275	-0.7858402709454104	0.9999999999999996	-0.11345340199151216	0.1426496355828109	-0.24364364992574972	0.2571783495147603	-0.39251821070765663	0.11595902869228791	-0.16677054445536182	0.15126649462250047	-0.14551552376655008	0.12554895130207408	-0.10997888311206339	0.10663206857409142	-0.15359581797368563	0.12595469780803176	-0.1476418136627039	0.05543031926404249	-0.07192759190239956	0.08740332531852821	-0.11040579961467183	0.06401788603698112	-0.05012825635183264	0.05713890225195984	-0.0783575301081072	0.07173787081839106	-0.05935422933084776
-0.12902327093540397	0.11288595203478345	-0.16519687355442553	0.09794732137321659	-0.11345340199151216	1.0	-0.6803364980997271	0.16684969274965505	-0.12956606144652794	0.12306816020136789	-0.5951984041146989	0.2789247175263688	-0.15273246841710933	0.09814156988037398	-0.055000781664154896	0.19342020774486157	-0.17692218076078448	0.13796564881090043	-0.08948808244067735	0.06112375214803607	-0.07793532370850172	0.08996330071438362	-0.07685185883169711	0.09127488930905119	-0.04622913191674628	0.05871078764880162	-0.06763594679941028	0.06707568527445361	-0.06285839348827545	0.041076992753397726
0.12623156507043	-0.13631948485447848	0.2050135979606195	-0.13287646909243803	0.1426496355828109	-0.6803364980997271	1.0000000000000004	-0.2865822479569169	0.17308396781768257	-0.17839067171263095	0.31173491652792495	-0.4503972410413057	0.20628518276211633	-0.14024566109373135	0.07642116256157049	-0.22575646007321382	0.190591210848501	-0.19829448267563346	0.12249062615984976	-0.0864264835420434	0.0897107778336944	-0.11123942590687907	0.1057917515364143	-0.12985064456611267	0.061821641716735765	-0.0725864673232854	0.08138643901602198	-0.09110170928454031	0.08307739926726085	-0.05588592743869683
-0.10751503342954485	0.10372670395028141	-0.6615222130593214	0.23556388395541666	-0.24364364992574972	0.16684969274965505	-0.2865822479569169	1.0000000000000007	-0.4753462016135624	0.26845509312553534	-0.1561494294532076	0.21215480419128888	-0.30313214625820883	0.16932941206462734	-0.1023064278815247	0.12415433193878252	-0.12737033725177682	0.19770803804625564	-0.14969596902915297	0.11157664947617633	-0.05997130969874285	0.075445943094091	-0.10094680491418431	0.11785795751427612	-0.06003995156455646	0.05190962497149238	-0.06034127861321183	0.08048640775262925	-0.07454736180455224	0.05389181962369998
0.07594828822462256	-0.07418936655929911	0.29084203194414127	-0.3053177311691769	0.2571783495147603	-0.12956606144652794	0.17308396781768257	-0.4753462016135624	1.0000000000000018	-0.655637886444804	0.13100968353676917	-0.18387546004048028	0.19868164422192078	-0.26384565819576294	0.17118030707234272	-0.11470867656808904	0.11769910363819021	-0.18552723817091207	0.19198968940997757	-0.1915833940991507	0.058119734553381534	-0.07404860649082698	0.09951705465774854	-0.12080541554248203	0.07192741325211532	-0.05192309559450843	0.060280508574476505	-0.08439389999506888	0.07865772899466528	-0.06534681348214941
-0.08791715280894867	0.08099276520373637	-0.33350237007395495	0.2556860390556137	-0.39251821070765663	0.12306816020136789	-0.17839067171263095	0.26845509312553534	-0.655637886444804	1.0	-0.13903882813029927	0.1705170263026486	-0.1880315867044486	0.19417355131848654	-0.31607362568170855	0.11454189182701756	-0.12397047183878555	0.16617729533497813	-0.1966354490177164	0.22485103246134	-0.06095539795969242	0.0760908925704432	-0.09840566276946833	0.11585371897119195	-0.08338877937555297	0.053959730585053496	-0.06398908224329825	0.0859505593858563	-0.08401737015055667	0.07215478927625613
0.08773354990919859	-0.0854689535067868	0.1494214893127393	-0.10082801498217243	0.11595902869228791	-0.5951984041146989	0.31173491652792495	-0.1561494294532076	0.13100968353676917	-0.13903882813029927	0.9999999999999993	-0.5152207881243485	0.19912717216358702	-0.12802778219374053	0.06556252627305359	-0.401707039958575	0.25249474179004333	-0.19643873250089847	0.11412925323563669	-0.0737985646552245	0.11789207857558279	-0.1378280379083268	0.10632777934678642	-0.12900171736435997	0.06150430977754253	-0.08843348758415628	0.09715631749301569	-0.09392292698482985	0.0861404607532172	-0.05513059992575886
-0.0986130784719996	0.0910730227159399	-0.2211767793691704	0.13556667060188424	-0.16677054445536182	0.2789247175263688	-0.4503972410413057	0.21215480419128888	-0.18387546004048028	0.1705170263026486	-0.5152207881243485	0.9999999999999999	-0.4326884591794927	0.1692172761951604	-0.08538228091264201	0.2603796743631164	-0.35518150158395567	0.2525475516591923	-0.1631488752514112	0.09285301737292585	-0.12165099312517846	0.14266001408225554	-0.139328428833496	0.15233756551498076	-0.07754404508380593	0.09229404346422863	-0.1110910584598292	0.11210328357622107	-0.10798540241693177	0.06742626878320197
0.06809197251526045	-0.06511155553839569	0.21276369717249619	-0.13569558038793947	0.15126649462250047	-0.15273246841710933	0.20628518276211633	-0.30313214625820883	0.19868164422192078	-0.1880315867044486	0.19912717216358702	-0.4326884591794927	0.9999999999999988	-0.3189150157776329	0.09947332619515094	-0.17678131483329443	0.2002191727880318	-0.644187562998538	0.24304672623974213	-0.11100688493524466	0.08762017938434287	-0.1122316318060276	0.20393872001992622	-0.2338637958437085	0.08610470793697064	-0.07772122329065526	0.09112992098914463	-0.1416026965506245	0.12341190373775943	-0.07745889822763422
-0.0522236537634579	0.048749124650415324	-0.17136483669916122	0.12112050445319424	-0.14551552376655008	0.09814156988037398	-0.14024566109373135	0.16932941206462734	-0.26384565819576294	0.19417355131848654	-0.12802778219374053	0.1692172761951604	-0.3189150157776329	1.000000000000001	-0.15973627351312594	0.10866998821992967	-0.12968937052171792	0.2501347755654244	-0.8198181830714368	0.1620302435893714	-0.058548045060170084	0.07322335574391572	-0.13124113195922513	0.14235063111973434	-0.0730186930237726	0.05204024836942659	-0.06262603299509006	0.09208242496638087	-0.08952714121774356	0.06307989671587899
0.033855471852749036	-0.03151224142062018	0.1160941977124481	-0.09193721633810732	0.12554895130207408	-0.055000781664154896	0.07642116256157049	-0.1023064278815247	0.17118030707234272	-0.31607362568170855	0.06556252627305359	-0.08538228091264201	0.09947332619515094	-0.15973627351312594	1.0000000000000004	-0.05953127741830175	0.0646786889355872	-0.10436018930354876	0.15924786032238494	-0.8903208758333392	0.03445259063865847	-0.04446425461303458	0.065453605060821	-0.08141317293532276	0.09920586782657785	-0.03348895529036087	0.03910388051214989	-0.0655576574836123	0.0632310202787225	-0.09242422625489044
-0.06258631606805058	0.057837495209091976	-0.1341368231842504	0.08780988147574058	-0.10997888311206339	0.19342020774486157	-0.22575646007321382	0.12415433193878252	-0.11470867656808904	0.11454189182701756	-0.401707039958575	0.2603796743631164	-0.17678131483329443	0.10866998821992967	-0.05953127741830175	0.9999999999999972	-0.7292763750178577	0.17932496097247227	-0.10726733707784801	0.06522189897495831	-0.291539817568906	0.24279028581978543	-0.10958797732387662	0.12103612999756284	-0.06986246797828992	0.15384119537865565	-0.1783544358875007	0.10766513287448248	-0.10546519816677397	0.059847325440439726
0.05694717143911344	-0.05399570206657535	0.12967546133456512	-0.0884236103826729	0.10663206857409142	-0.17692218076078448	0.190591210848501	-0.12737033725177682	0.11769910363819021	-0.12397047183878555	0.25249474179004333	-0.35518150158395567	0.2002191727880318	-0.12968937052171792	0.0646786889355872	-0.7292763750178577	1.0000000000000013	-0.25973148750587327	0.12279479954320989	-0.07232242390728467	0.2208275230037176	-0.33750267047124755	0.13003889974001787	-0.14992160703654933	0.07396888482135996	-0.15288102162775952	0.1655934538785483	-0.12062036913263902	0.1109286249599814	-0.06528067618947705
-0.06647638503762845	0.06159012003033859	-0.20428642803987793	0.12457468435786982	-0.15359581797368563	0.13796564881090043	-0.19829448267563346	0.19770803804625564	-0.18552723817091207	0.16617729533497813	-0.19643873250089847	0.2525475516591923	-0.644187562998538	0.2501347755654244	-0.10436018930354876	0.17932496097247227	-0.25973148750587327	0.9999999999999967	-0.34552078392277286	0.1122805774292248	-0.0963934066855825	0.12076663184541603	-0.37510058254951445	0.2506501910012844	-0.10048805805866105	0.08468646106917567	-0.10443896178815046	0.16327933144516316	-0.15339010036192702	0.08654395000551358
0.04562361736948369	-0.042982711006672614	0.1446111616580274	-0.10844560174080724	0.12595469780803176	-0.08948808244067735	0.12249062615984976	-0.14969596902915297	0.19198968940997757	-0.1966354490177164	0.11412925323563669	-0.1631488752514112	0.24304672623974213	-0.8198181830714368	0.15924786032238494	-0.10726733707784801	0.12279479954320989	-0.34552078392277286	0.9999999999999998	-0.21326932947710306	0.057509581957133814	-0.07370347471608653	0.1445838964981056	-0.17344919404671644	0.07642310088549122	-0.05273897517716501	0.06257921359430225	-0.10085944718097185	0.0937924455067782	-0.06775325703161988
-0.03904172801339255	0.036023486555374136	-0.1348317578522988	0.10209602275693444	-0.1476418136627039	0.06112375214803607	-0.0864264835420434	0.11157664947617633	-0.1915833940991507	0.22485103246134	-0.0737985646552245	0.09285301737292585	-0.11100688493524466	0.1620302435893714	-0.8903208758333392	0.06522189897495831	-0.07232242390728467	0.1122805774292248	-0.21326932947710306	1.0000000000000002	-0.03787300609540058	0.048345980714492	-0.07181764038194413	0.08677234322023869	-0.12442534953043329	0.036330306258186965	-0.04291095501535634	0.0700444797201098	-0.06987392246349025	0.09759433878704468
0.027648278510704862	-0.025861958628755843	0.0644717319417431	-0.04418462197930956	0.05543031926404249	-0.07793532370850172	0.0897107778336944	-0.05997130969874285	0.058119734553381534	-0.06095539795969242	0.11789207857558279	-0.12165099312517846	0.08762017938434287	-0.058548045060170084	0.03445259063865847	-0.291539817568906	0.2208275230037176	-0.0963934066855825	0.057509581957133814	-0.03787300609540058	1.0000000000000002	-0.7046897615671631	0.08318693814850767	-0.09068238763764468	0.06170344178200106	-0.5301522897000718	0.3035728301661113	-0.11529113605619493	0.10629753438974562	-0.052714084678054336
-0.03453122342120002	0.032044495527219656	-0.0828676982129997	0.056276413899987915	-0.07192759190239956	0.08996330071438362	-0.11123942590687907	0.075445943094091	-0.07404860649082698	0.0760908925704432	-0.1378280379083268	0.14266001408225554	-0.1122316318060276	0.07322335574391572	-0.04446425461303458	0.24279028581978543	-0.33750267047124755	0.12076663184541603	-0.07370347471608653	0.048345980714492	-0.7046897615671631	0.9999999999999988	-0.11194810852429435	0.11496322986954952	-0.08626393626806114	0.30269269056927467	-0.46056925816548355	0.1485143278136352	-0.15110708972208198	0.07114520743166737
0.0364500062084082	-0.03388622878034027	0.10545706705065011	-0.07000217262149837	0.08740332531852821	-0.07685185883169711	0.1057917515364143	-0.10094680491418431	0.09951705465774854	-0.09840566276946833	0.10632777934678642	-0.139328428833496	0.20393872001992622	-0.13124113195922513	0.065453605060821	-0.10958797732387662	0.13003889974001787	-0.37510058254951445	0.1445838964981056	-0.07181764038194413	0.08318693814850767	-0.11194810852429435	1.0000000000000009	-0.7554541277346171	0.13919446522980525	-0.09457744820400801	0.11743295855280995	-0.38491117209834186	0.254425518027167	-0.12514263986919325
-0.045129964570131346	0.041550533142654646	-0.1310620172317067	0.0854297388932737	-0.11040579961467183	0.09127488930905119	-0.12985064456611267	0.11785795751427612	-0.12080541554248203	0.11585371897119195	-0.12900171736435997	0.15233756551498076	-0.2338637958437085	0.14235063111973434	-0.08141317293532276	0.12103612999756284	-0.14992160703654933	0.2506501910012844	-0.17344919404671644	0.08677234322023869	-0.09068238763764468	0.11496322986954952	-0.7554541277346171	0.9999999999999998	-0.20980845601839862	0.09640182674917186	-0.1250008827912216	0.27671838708154517	-0.36822712795220036	0.1608791685013337
0.02299989972790303	-0.021391510360441224	0.06696212166711131	-0.0486643143867449	0.06401788603698112	-0.04622913191674628	0.061821641716735765	-0.06003995156455646	0.07192741325211532	-0.08338877937555297	0.06150430977754253	-0.07754404508380593	0.08610470793697064	-0.0730186930237726	0.09920586782657785	-0.06986246797828992	0.07396888482135996	-0.10048805805866105	0.07642310088549122	-0.12442534953043329	0.06170344178200106	-0.08626393626806114	0.13919446522980525	-0.20980845601839862	1.0	-0.07997401177945529	0.09013085243227781	-0.2392857070240884	0.23713736775383748	-0.892717548477705
-0.023159113216093884	0.021514785545494367	-0.057101248867326336	0.039140066582609045	-0.05012825635183264	0.05871078764880162	-0.0725864673232854	0.05190962497149238	-0.05192309559450843	0.053959730585053496	-0.08843348758415628	0.09229404346422863	-0.07772122329065526	0.05204024836942659	-0.03348895529036087	0.15384119537865565	-0.15288102162775952	0.08468646106917567	-0.05273897517716501	0.036330306258186965	-0.5301522897000718	0.30269269056927467	-0.09457744820400801	0.09640182674917186	-0.07997401177945529	1.0000000000000002	-0.748030197686174	0.15828870251309388	-0.15495131840543783	0.06603664039362471
0.026304153266845216	-0.024587072400819927	0.06520540896946157	-0.045263365358442206	0.05713890225195984	-0.06763594679941028	0.08138643901602198	-0.06034127861321183	0.060280508574476505	-0.06398908224329825	0.09715631749301569	-0.1110910584598292	0.09112992098914463	-0.06262603299509006	0.03910388051214989	-0.1783544358875007	0.1655934538785483	-0.10443896178815046	0.06257921359430225	-0.04291095501535634	0.3035728301661113	-0.46056925816548355	0.11743295855280995	-0.1250008827912216	0.09013085243227781	-0.748030197686174	0.9999999999999997	-0.2580071224289218	0.1751667756949259	-0.07933596475913904
-0.03171956583756437	0.02934554129306817	-0.08917270307927133	0.06045695043246485	-0.0783575301081072	0.06707568527445361	-0.09110170928454031	0.08048640775262925	-0.08439389999506888	0.0859505593858563	-0.09392292698482985	0.11210328357622107	-0.1416026965506245	0.09208242496638087	-0.0655576574836123	0.10766513287448248	-0.12062036913263902	0.16327933144516316	-0.10085944718097185	0.0700444797201098	-0.11529113605619493	0.1485143278136352	-0.38491117209834186	0.27671838708154517	-0.2392857070240884	0.15828870251309388	-0.2580071224289218	0.9999999999999996	-0.756810858441484	0.19960328755716003
0.02903590849072156	-0.027032118783668457	0.08083526954157616	-0.056318889628666234	0.07173787081839106	-0.06285839348827545	0.08307739926726085	-0.07454736180455224	0.07865772899466528	-0.08401737015055667	0.0861404607532172	-0.10798540241693177	0.12341190373775943	-0.08952714121774356	0.0632310202787225	-0.10546519816677397	0.1109286249599814	-0.15339010036192702	0.0937924455067782	-0.06987392246349025	0.10629753438974562	-0.15110708972208198	0.254425518027167	-0.36822712795220036	0.23713736775383748	-0.15495131840543783	0.1751667756949259	-0.756810858441484	0.9999999999999996	-0.33176353521096225
-0.0209616101792391	0.01939947976602606	-0.06154035731097376	0.044131203331098	-0.05935422933084776	0.041076992753397726	-0.05588592743869683	0.05389181962369998	-0.06534681348214941	0.07215478927625613	-0.05513059992575886	0.06742626878320197	-0.07745889822763422	0.06307989671587899	-0.09242422625489044	0.059847325440439726	-0.06528067618947705	0.08654395000551358	-0.06775325703161988	0.09759433878704468	-0.052714084678054336	0.07114520743166737	-0.12514263986919325	0.1608791685013337	-0.892717548477705	0.06603664039362471	-0.07933596475913904	0.19960328755716003	-0.33176353521096225	0.9999999999999993
