1.0000000000000002	-0.2597992706235131	0.13257991708259148	-0.09830163762354005	0.11383417695312509	-0.23968860099707961	0.15720482783679818	-0.1499121103246721	0.13735508959903778	-0.08995922712203329	0.1985888609161028	-0.16387635886680338	0.1319078383475637	-0.1030057634170925	0.10990261857292033	-0.11299513617230826	0.11350780246567947	-0.14831916904090767	0.0955179820357412	-0.08866644562075687	0.08826977794602843	-0.1090475166382654	0.1254166746813871	-0.09389654514017143	0.09368830332837645	-0.0928788527464296	0.09374900428836412	-0.09821461120477801	0.07487739558656795	-0.0529897590545141	0.1057865918838572	-0.08510906894922948	0.12643335699836877	-0.10388450260033602	0.06693311225339205
-0.2597992706235131	1.0000000000000002	-0.355116394307348	0.2210275485868407	-0.2560484711236746	0.22294382157479178	-0.5235137217358105	0.2882564177762477	-0.32686566170940573	0.18575793731905385	-0.2728567321332633	0.2875014128611463	-0.2875074343924957	0.20057273537145645	-0.22875129955400905	0.16163586459173146	-0.19292114965571944	0.2223320967615135	-0.17210719105161504	0.15343820835484367	-0.1361703739323311	0.16661549530361178	-0.208479274160791	0.14747668661152757	-0.1570915085833322	0.1335455012652841	-0.14574460898672434	0.1424380142882161	-0.11302898157730674	0.0846309350084405	-0.16374095266780606	0.12660299076582748	-0.19380715689275968	0.14608694964756966	-0.10928873780547055
0.13257991708259148	-0.355116394307348	1.0	-0.7472020521651483	0.2038871429943302	-0.12007359139894694	0.19024807889683376	-0.2956725108851944	0.29372647287552256	-0.2024102181534665	0.12445915434330057	-0.20580632626062317	0.19242951555503024	-0.18053846995000133	0.15819716346218032	-0.11094626884239	0.12228280371220275	-0.17358569343616687	0.12178060290981296	-0.11619671538131424	0.0858617862871096	-0.11362270147591003	0.1312491910352803	-0.10262573993060711	0.1010517568440246	-0.08873464392695189	0.09079583870066901	-0.0978772020003438	0.07561447456093993	-0.05563102924405863	0.0974143264937596	-0.08139058283128253	0.11507515909756533	-0.1013434940214446	0.06842123286427282
-0.09830163762354005	0.2210275485868407	-0.7472020521651483	1.0	-0.2680650927866542	0.0861978961284751	-0.13847003882757955	0.19741090865182287	-0.4908369356760521	0.212747546068821	-0.09254214512346594	0.14560972364058203	-0.15345178064734571	0.17174648496717673	-0.1618800653180778	0.08200137358644387	-0.09209203446453476	0.13113112295018486	-0.10901570815645258	0.10061577382685875	-0.06481792285573323	0.08507787845119612	-0.10339012055173792	0.08256255284420096	-0.08396538265127261	0.06645271577980066	-0.06929125506900151	0.07554506151734215	-0.05943987125135931	0.04512935469700684	-0.07470208820529589	0.06176302157857308	-0.09001236964561651	0.07800290281578734	-0.05582276451897083
0.11383417695312509	-0.2560484711236746	0.2038871429943302	-0.2680650927866542	1.0	-0.0917496278585975	0.1360212327997679	-0.17714308617632696	0.2777895167262178	-0.8306262086278077	0.09604555808708944	-0.1544047783592168	0.1390401411485353	-0.16532613937179544	0.15221615399757862	-0.09252757609388566	0.10000274067747372	-0.14766609433093694	0.10955812599911002	-0.10699570198523237	0.07187347483831502	-0.09502863119997496	0.11198858316253647	-0.0910149486381088	0.08954447025664214	-0.07532822532409247	0.07685289807288587	-0.08590252183424434	0.06644699353344269	-0.0493598202978634	0.08259809399586224	-0.06946183233359038	0.09950007298028085	-0.08960114214996776	0.060334024816975536
-0.23968860099707961	0.22294382157479178	-0.12007359139894694	0.0861978961284751	-0.0917496278585975	0.9999999999999999	-0.33875804278602745	0.1738843593934991	-0.12378044164271125	0.073335845947816	-0.8496568100006123	0.2013826680177352	-0.15793533574167484	0.08859528583052345	-0.09329805551843791	0.11115580660000562	-0.11364174462352308	0.11784372427335343	-0.07740158351064799	0.06989159033352842	-0.08407738953653486	0.09495022165202623	-0.10174772724060484	0.07016522621192767	-0.07112310566143233	0.0763399500676487	-0.07782224164832838	0.07027026263054882	-0.054367715619309885	0.038791574933830376	-0.08586754254650647	0.06687560273544943	-0.09019621823015261	0.07150501411393495	-0.049226135448706465
0.15720482783679818	-0.5235137217358105	0.19024807889683376	-0.13847003882757955	0.1360212327997679	-0.33875804278602745	1.0	-0.46539828836872227	0.1953527188567766	-0.11193891879925368	0.24942175198668742	-0.5213844088339149	0.2931087335630892	-0.13819735882231154	0.1395887097173676	-0.1339674953393798	0.16531811995818946	-0.17157995284017202	0.11230467703687773	-0.10094822227226151	0.10139774474640977	-0.13477426991842878	0.14103470901276613	-0.09696334477280844	0.09856890422174078	-0.09730496431787909	0.10193991914284717	-0.09449647682234126	0.07354018232098293	-0.053184655506249935	0.10857279146599971	-0.08778390881204828	0.11946394673424655	-0.0952882192446862	0.06733844300055286
-0.1499121103246721	0.2882564177762477	-0.2956725108851944	0.19741090865182287	-0.17714308617632696	0.1738843593934991	-0.46539828836872227	1.0000000000000007	-0.32623763257316796	0.1502268830245256	-0.19436313811006645	0.3136164110176017	-0.6300967567413533	0.18855618611060201	-0.18437141498052154	0.12784730291711668	-0.1596806439850027	0.19371391930301488	-0.1383989008070172	0.12270842827029126	-0.10191424573487519	0.13252205524569746	-0.15723082258260257	0.11030612167289447	-0.113510037116803	0.09900521797390979	-0.10583176244689324	0.10386369213224277	-0.08182820761330349	0.06051664012381377	-0.11343289090076143	0.09139921320496522	-0.12997814773874086	0.10497106003522978	-0.07636627751720018
0.13735508959903778	-0.32686566170940573	0.29372647287552256	-0.4908369356760521	0.2777895167262178	-0.12378044164271125	0.1953527188567766	-0.32623763257316796	1.0000000000000004	-0.4139214392576393	0.12853505729026962	-0.21902204907871617	0.21645056032309792	-0.3883103243504049	0.24233099951617082	-0.12095974590370571	0.13453229745494724	-0.20137162061875535	0.16680031710103094	-0.16053100697757286	0.0941030702367556	-0.12549626768472927	0.15006818406017844	-0.12438638255931168	0.12301402164068333	-0.09717834058543352	0.10026667656568837	-0.11195185277160806	0.0876782084757401	-0.06655126452946236	0.10703300349932574	-0.0898441931962392	0.12903488000374366	-0.11566779962138407	0.08092309498081933
-0.08995922712203329	0.18575793731905385	-0.2024102181534665	0.212747546068821	-0.8306262086278077	0.073335845947816	-0.11193891879925368	0.1502268830245256	-0.4139214392576393	0.9999999999999996	-0.07870236991062647	0.12323504632873762	-0.12427706416574882	0.1642214383940351	-0.1704325354995628	0.07409648220641427	-0.08209000784860257	0.12039791688042062	-0.10455086083447479	0.0988596778954897	-0.058688672564285616	0.07713101246243861	-0.09518272813215371	0.07825377890128143	-0.07994264300400672	0.06073908397217613	-0.06326096491909418	0.07075417296527114	-0.05584592912737715	0.042858188228584504	-0.06826443714204225	0.05669340234571653	-0.08348778249622238	0.07338165704898879	-0.052832237011332855
0.1985888609161028	-0.2728567321332633	0.12445915434330057	-0.09254214512346594	0.09604555808708944	-0.8496568100006123	0.24942175198668742	-0.19436313811006645	0.12853505729026962	-0.07870236991062647	0.9999999999999981	-0.24367382872997245	0.1634278157667704	-0.09611583536949254	0.09892871192829084	-0.14018547140962784	0.1273101666675788	-0.13480909041382766	0.0843460970501936	-0.0768674206024069	0.09587303273171416	-0.10963547345630832	0.11200052382491454	-0.07786651009795081	0.07768956981612525	-0.08857728075922751	0.08714588584189953	-0.07871644501643894	0.060386932153083835	-0.04264582337724046	0.09537910724376016	-0.07557076452491918	0.09895714746654713	-0.0800858118334076	0.05378716648391818
-0.16387635886680338	0.2875014128611463	-0.20580632626062317	0.14560972364058203	-0.1544047783592168	0.2013826680177352	-0.5213844088339149	0.3136164110176017	-0.21902204907871617	0.12323504632873762	-0.24367382872997245	0.9999999999999956	-0.5664198697920664	0.168851451399602	-0.17600677076736895	0.1773738409404307	-0.31032808192619843	0.22125230774595273	-0.14335345712673175	0.1257118421772967	-0.13872348632954687	0.18595437813058907	-0.19053524184564538	0.12270310593631709	-0.12534702011392004	0.1265377170312347	-0.1379761819908453	0.11959793489740819	-0.09339572919229769	0.06685965178461376	-0.14250778428109304	0.11452718912573007	-0.1521282587230146	0.11896848138404638	-0.08502114549078561
0.1319078383475637	-0.2875074343924957	0.19242951555503024	-0.15345178064734571	0.1390401411485353	-0.15793533574167484	0.2931087335630892	-0.6300967567413533	0.21645056032309792	-0.12427706416574882	0.1634278157667704	-0.5664198697920664	0.9999999999999989	-0.22207700171482908	0.17777604207890302	-0.14623125622656274	0.1860806466512651	-0.256856069480001	0.1438611348816676	-0.1286303692295891	0.11020108840625069	-0.1538423413126222	0.16790195899490615	-0.11499726573911685	0.1147680298451723	-0.10686178097486498	0.11221308979292648	-0.10831435621238478	0.08439966252578773	-0.06120908702647392	0.11675074950740308	-0.0968765013739692	0.13019378643105914	-0.1078951202581514	0.07638593087088894
-0.1030057634170925	0.20057273537145645	-0.18053846995000133	0.17174648496717673	-0.16532613937179544	0.08859528583052345	-0.13819735882231154	0.18855618611060201	-0.3883103243504049	0.1642214383940351	-0.09611583536949254	0.168851451399602	-0.22207700171482908	0.9999999999999997	-0.7306225376192476	0.10417640234694758	-0.1224495995016166	0.1986332432788278	-0.3382358969336589	0.2608214256671918	-0.08463753619389197	0.1136558147546652	-0.15818273957053813	0.14979393881534595	-0.16100835343610825	0.08598946558148975	-0.09301511991444758	0.11241960722588279	-0.09420159912129446	0.0790078711870907	-0.09862237721094971	0.08235835958935916	-0.1273861136287848	0.11493554101947395	-0.09564618821396986
0.10990261857292033	-0.22875129955400905	0.15819716346218032	-0.1618800653180778	0.15221615399757862	-0.09329805551843791	0.1395887097173676	-0.18437141498052154	0.24233099951617082	-0.1704325354995628	0.09892871192829084	-0.17600677076736895	0.17777604207890302	-0.7306225376192476	0.9999999999999977	-0.1130806407653704	0.12778269057544628	-0.22211274341734344	0.2767539656945074	-0.42583741797956903	0.08973653781247348	-0.12250130451189083	0.1635241831667725	-0.16865272583116378	0.17277375863862088	-0.0929220101437377	0.098467850962413	-0.12497341417740704	0.10262530829029018	-0.08816213655926895	0.10356670087952086	-0.08838261415080106	0.13409973189705782	-0.12919373220915756	0.10074111520231199
-0.11299513617230826	0.16163586459173146	-0.11094626884239	0.08200137358644387	-0.09252757609388566	0.11115580660000562	-0.1339674953393798	0.12784730291711668	-0.12095974590370571	0.07409648220641427	-0.14018547140962784	0.1773738409404307	-0.14623125622656274	0.10417640234694758	-0.1130806407653704	0.9999999999999963	-0.5075697175729641	0.22240612044110306	-0.12072897514323876	0.10598220208433215	-0.6373852533075286	0.28855612076026466	-0.2246388049635396	0.12798654944457788	-0.12398271775220387	0.2799582255760254	-0.2537903294864987	0.14123120749099824	-0.10609248444332105	0.06741981654034203	-0.2962865264048297	0.19089324499634044	-0.1856356031151083	0.1372599863330652	-0.08568207934248072
0.11350780246567947	-0.19292114965571944	0.12228280371220275	-0.09209203446453476	0.10000274067747372	-0.11364174462352308	0.16531811995818946	-0.1596806439850027	0.13453229745494724	-0.08209000784860257	0.1273101666675788	-0.31032808192619843	0.1860806466512651	-0.1224495995016166	0.12778269057544628	-0.5075697175729641	0.9999999999999989	-0.3719262476398898	0.14465735454787204	-0.12674826352272364	0.26409509334099596	-0.5745126239215155	0.258819797774644	-0.1462805557429538	0.13496694128956926	-0.2263517709106224	0.23145188860481183	-0.15452391038757318	0.11390134780252734	-0.07286321708185639	0.20849911215411931	-0.18710572923843727	0.1788645644932332	-0.14540565476858563	0.090890409424825
-0.14831916904090767	0.2223320967615135	-0.17358569343616687	0.13113112295018486	-0.14766609433093694	0.11784372427335343	-0.17157995284017202	0.19371391930301488	-0.20137162061875535	0.12039791688042062	-0.13480909041382766	0.22125230774595273	-0.256856069480001	0.1986332432788278	-0.22211274341734344	0.22240612044110306	-0.3719262476398898	0.9999999999999953	-0.3689602906225601	0.23543959589022057	-0.1969362338729352	0.269886582374128	-0.5521995196480047	0.2462733103529797	-0.25326580265586845	0.18132084935958528	-0.21297057875441086	0.2236224458898897	-0.18102458638142221	0.12626696643294014	-0.21867298891751147	0.175823862987925	-0.2667028398671584	0.20636269168195698	-0.16252016166798572
0.0955179820357412	-0.17210719105161504	0.12178060290981296	-0.10901570815645258	0.10955812599911002	-0.07740158351064799	0.11230467703687773	-0.1383989008070172	0.16680031710103094	-0.10455086083447479	0.0843460970501936	-0.14335345712673175	0.1438611348816676	-0.3382358969336589	0.2767539656945074	-0.12072897514323876	0.14465735454787204	-0.3689602906225601	0.9999999999999966	-0.7159163586061067	0.09854049636847459	-0.13941820302859884	0.21708506076186673	-0.30373363644695306	0.247210212985957	-0.10056141507646209	0.11118003479037346	-0.15978678895208556	0.14050606698779453	-0.11755885529803059	0.11444686349229866	-0.09871738660679787	0.1582313686938932	-0.1598027878301528	0.1313669824781621
-0.08866644562075687	0.15343820835484367	-0.11619671538131424	0.10061577382685875	-0.10699570198523237	0.06989159033352842	-0.10094822227226151	0.12270842827029126	-0.16053100697757286	0.0988596778954897	-0.0768674206024069	0.1257118421772967	-0.1286303692295891	0.2608214256671918	-0.42583741797956903	0.10598220208433215	-0.12674826352272364	0.23543959589022057	-0.7159163586061067	0.9999999999999991	-0.08924586115426977	0.12253656173876253	-0.20062329528324158	0.2366032226221772	-0.35139800421457035	0.0909463067440174	-0.1022481896268201	0.14244676634002434	-0.12916432984348863	0.13028575701875272	-0.10677084200923079	0.09057342202158843	-0.15145888464643711	0.14577805586392764	-0.15102494777789663
0.08826977794602843	-0.1361703739323311	0.0858617862871096	-0.06481792285573323	0.07187347483831502	-0.08407738953653486	0.10139774474640977	-0.10191424573487519	0.0941030702367556	-0.058688672564285616	0.09587303273171416	-0.13872348632954687	0.11020108840625069	-0.08463753619389197	0.08973653781247348	-0.6373852533075286	0.26409509334099596	-0.1969362338729352	0.09854049636847459	-0.08924586115426977	0.9999999999999967	-0.3359376927510471	0.1843427088540845	-0.11081675163342058	0.10167956157848695	-0.5622709435685745	0.23261843893594136	-0.12740526851770348	0.09219357566703465	-0.05646899687602395	0.2603607218414062	-0.19403997551407431	0.15514326709844925	-0.12358732701000492	0.07035568008811749
-0.1090475166382654	0.16661549530361178	-0.11362270147591003	0.08507787845119612	-0.09502863119997496	0.09495022165202623	-0.13477426991842878	0.13252205524569746	-0.12549626768472927	0.07713101246243861	-0.10963547345630832	0.18595437813058907	-0.1538423413126222	0.1136558147546652	-0.12250130451189083	0.28855612076026466	-0.5745126239215155	0.269886582374128	-0.13941820302859884	0.12253656173876253	-0.3359376927510471	0.999999999999999	-0.40451407162533165	0.16347238563688885	-0.14908128281100286	0.2463816347668332	-0.43924174995145915	0.18064571510864844	-0.13272623164753805	0.07964803779273634	-0.2632714770408505	0.23463979861585801	-0.21360826266815489	0.1629367975833279	-0.10019478691190195
0.1254166746813871	-0.208479274160791	0.1312491910352803	-0.10339012055173792	0.11198858316253647	-0.10174772724060484	0.14103470901276613	-0.15723082258260257	0.15006818406017844	-0.09518272813215371	0.11200052382491454	-0.19053524184564538	0.16790195899490615	-0.15818273957053813	0.1635241831667725	-0.2246388049635396	0.258819797774644	-0.5521995196480047	0.21708506076186673	-0.20062329528324158	0.1843427088540845	-0.40451407162533165	0.9999999999999951	-0.3768213477644632	0.23773554272262387	-0.1903769021874659	0.2156398706302964	-0.3760578993738497	0.2301782314222031	-0.1278053265759719	0.1977659853496749	-0.1893254389202243	0.2574724135331291	-0.2572444903056987	0.15076799533860025
-0.09389654514017143	0.14747668661152757	-0.10262573993060711	0.08256255284420096	-0.0910149486381088	0.07016522621192767	-0.09696334477280844	0.11030612167289447	-0.12438638255931168	0.07825377890128143	-0.07786651009795081	0.12270310593631709	-0.11499726573911685	0.14979393881534595	-0.16865272583116378	0.12798654944457788	-0.1462805557429538	0.2462733103529797	-0.30373363644695306	0.2366032226221772	-0.11081675163342058	0.16347238563688885	-0.3768213477644632	1.0000000000000007	-0.628958028116063	0.11657379568261116	-0.13934014074695986	0.2628455504507256	-0.3889741821184443	0.20756201886407358	-0.13864068703845694	0.12426848588325559	-0.24039564365659627	0.253366616142201	-0.257769888245645
0.09368830332837645	-0.1570915085833322	0.1010517568440246	-0.08396538265127261	0.08954447025664214	-0.07112310566143233	0.09856890422174078	-0.113510037116803	0.12301402164068333	-0.07994264300400672	0.07768956981612525	-0.12534702011392004	0.1147680298451723	-0.16100835343610825	0.17277375863862088	-0.12398271775220387	0.13496694128956926	-0.25326580265586845	0.247210212985957	-0.35139800421457035	0.10167956157848695	-0.14908128281100286	0.23773554272262387	-0.628958028116063	1.0000000000000007	-0.1098360366367195	0.12283603998546398	-0.23857188781579688	0.22083722008014553	-0.402814365554441	0.12369494508728224	-0.11361025173297401	0.20024993529896404	-0.2584737448770604	0.2684374812105353
-0.0928788527464296	0.1335455012652841	-0.08873464392695189	0.06645271577980066	-0.07532822532409247	0.0763399500676487	-0.09730496431787909	0.09900521797390979	-0.09717834058543352	0.06073908397217613	-0.08857728075922751	0.1265377170312347	-0.10686178097486498	0.08598946558148975	-0.0929220101437377	0.2799582255760254	-0.2263517709106224	0.18132084935958528	-0.10056141507646209	0.0909463067440174	-0.5622709435685745	0.2463816347668332	-0.1903769021874659	0.11657379568261116	-0.1098360366367195	0.9999999999999973	-0.3986084877331885	0.14297769658359472	-0.10393461644823944	0.0615133572721412	-0.5740426201841123	0.27259068030102923	-0.19549692279606523	0.14118351085713154	-0.07743626560709328
0.09374900428836412	-0.14574460898672434	0.09079583870066901	-0.06929125506900151	0.07685289807288587	-0.07782224164832838	0.10193991914284717	-0.10583176244689324	0.10026667656568837	-0.06326096491909418	0.08714588584189953	-0.1379761819908453	0.11221308979292648	-0.09301511991444758	0.098467850962413	-0.2537903294864987	0.23145188860481183	-0.21297057875441086	0.11118003479037346	-0.1022481896268201	0.23261843893594136	-0.43924174995145915	0.2156398706302964	-0.13934014074695986	0.12283603998546398	-0.3986084877331885	0.9999999999999953	-0.20351674315911678	0.13184104769600213	-0.07051059247039367	0.3125659760512888	-0.6377971011345567	0.23047944541830118	-0.1833692540273738	0.08672525168338407
-0.09821461120477801	0.1424380142882161	-0.0978772020003438	0.07554506151734215	-0.08590252183424434	0.07027026263054882	-0.09449647682234126	0.10386369213224277	-0.11195185277160806	0.07075417296527114	-0.07871644501643894	0.11959793489740819	-0.10831435621238478	0.11241960722588279	-0.12497341417740704	0.14123120749099824	-0.15452391038757318	0.2236224458898897	-0.15978678895208556	0.14244676634002434	-0.12740526851770348	0.18064571510864844	-0.3760578993738497	0.2628455504507256	-0.23857188781579688	0.14297769658359472	-0.20351674315911678	0.9999999999999969	-0.6415914459591082	0.12605862958475983	-0.1814858321286881	0.1755145303638839	-0.4691310558053497	0.3205128134329464	-0.16298465777084964
0.07487739558656795	-0.11302898157730674	0.07561447456093993	-0.05943987125135931	0.06644699353344269	-0.054367715619309885	0.07354018232098293	-0.08182820761330349	0.0876782084757401	-0.05584592912737715	0.060386932153083835	-0.09339572919229769	0.08439966252578773	-0.09420159912129446	0.10262530829029018	-0.10609248444332105	0.11390134780252734	-0.18102458638142221	0.14050606698779453	-0.12916432984348863	0.09219357566703465	-0.13272623164753805	0.2301782314222031	-0.3889741821184443	0.22083722008014553	-0.10393461644823944	0.13184104769600213	-0.6415914459591082	0.9999999999999968	-0.1258029657431987	0.1262631441924905	-0.12359997214691801	0.28945072952849227	-0.5541599192957708	0.15015335726231843
-0.0529897590545141	0.0846309350084405	-0.05563102924405863	0.04512935469700684	-0.0493598202978634	0.038791574933830376	-0.053184655506249935	0.06051664012381377	-0.06655126452946236	0.042858188228584504	-0.04264582337724046	0.06685965178461376	-0.06120908702647392	0.0790078711870907	-0.08816213655926895	0.06741981654034203	-0.07286321708185639	0.12626696643294014	-0.11755885529803059	0.13028575701875272	-0.05646899687602395	0.07964803779273634	-0.1278053265759719	0.20756201886407358	-0.402814365554441	0.0615133572721412	-0.07051059247039367	0.12605862958475983	-0.1258029657431987	0.9999999999999969	-0.07230613263665132	0.06575965106561339	-0.13115542925446172	0.16040681638994322	-0.8552650043403736
0.1057865918838572	-0.16374095266780606	0.0974143264937596	-0.07470208820529589	0.08259809399586224	-0.08586754254650647	0.10857279146599971	-0.11343289090076143	0.10703300349932574	-0.06826443714204225	0.09537910724376016	-0.14250778428109304	0.11675074950740308	-0.09862237721094971	0.10356670087952086	-0.2962865264048297	0.20849911215411931	-0.21867298891751147	0.11444686349229866	-0.10677084200923079	0.2603607218414062	-0.2632714770408505	0.1977659853496749	-0.13864068703845694	0.12369494508728224	-0.5740426201841123	0.3125659760512888	-0.1814858321286881	0.1262631441924905	-0.07230613263665132	0.9999999999999968	-0.5667335170833321	0.22746973784724045	-0.19118431348323292	0.08840485131675142
-0.08510906894922948	0.12660299076582748	-0.08139058283128253	0.06176302157857308	-0.06946183233359038	0.06687560273544943	-0.08778390881204828	0.09139921320496522	-0.0898441931962392	0.05669340234571653	-0.07557076452491918	0.11452718912573007	-0.0968765013739692	0.08235835958935916	-0.08838261415080106	0.19089324499634044	-0.18710572923843727	0.175823862987925	-0.09871738660679787	0.09057342202158843	-0.19403997551407431	0.23463979861585801	-0.1893254389202243	0.12426848588325559	-0.11361025173297401	0.27259068030102923	-0.6377971011345567	0.1755145303638839	-0.12359997214691801	0.06575965106561339	-0.5667335170833321	0.9999999999999959	-0.33646837566854965	0.1811367207226271	-0.0818687832880344
0.12643335699836877	-0.19380715689275968	0.11507515909756533	-0.09001236964561651	0.09950007298028085	-0.09019621823015261	0.11946394673424655	-0.12997814773874086	0.12903488000374366	-0.08348778249622238	0.09895714746654713	-0.1521282587230146	0.13019378643105914	-0.1273861136287848	0.13409973189705782	-0.1856356031151083	0.1788645644932332	-0.2667028398671584	0.1582313686938932	-0.15145888464643711	0.15514326709844925	-0.21360826266815489	0.2574724135331291	-0.24039564365659627	0.20024993529896404	-0.19549692279606523	0.23047944541830118	-0.4691310558053497	0.28945072952849227	-0.13115542925446172	0.22746973784724045	-0.33646837566854965	0.9999999999999957	-0.5994309468138137	0.15580975992756715
-0.10388450260033602	0.14608694964756966	-0.1013434940214446	0.07800290281578734	-0.08960114214996776	0.07150501411393495	-0.0952882192446862	0.10497106003522978	-0.11566779962138407	0.07338165704898879	-0.0800858118334076	0.11896848138404638	-0.1078951202581514	0.11493554101947395	-0.12919373220915756	0.1372599863330652	-0.14540565476858563	0.20636269168195698	-0.1598027878301528	0.14577805586392764	-0.12358732701000492	0.1629367975833279	-0.2572444903056987	0.253366616142201	-0.2584737448770604	0.14118351085713154	-0.1833692540273738	0.3205128134329464	-0.5541599192957708	0.16040681638994322	-0.19118431348323292	0.1811367207226271	-0.5994309468138137	0.9999999999999957	-0.23166683400666083
0.06693311225339205	-0.10928873780547055	0.06842123286427282	-0.05582276451897083	0.060334024816975536	-0.049226135448706465	0.06733844300055286	-0.07636627751720018	0.08092309498081933	-0.052832237011332855	0.05378716648391818	-0.08502114549078561	0.07638593087088894	-0.09564618821396986	0.10074111520231199	-0.08568207934248072	0.090890409424825	-0.16252016166798572	0.1313669824781621	-0.15102494777789663	0.07035568008811749	-0.10019478691190195	0.15076799533860025	-0.257769888245645	0.2684374812105353	-0.07743626560709328	0.08672525168338407	-0.16298465777084964	0.15015335726231843	-0.8552650043403736	0.08840485131675142	-0.0818687832880344	0.15580975992756715	-0.23166683400666083	0.9999999999999958
