1.0	-0.8130478062788102	0.2864393794577835	-0.41444483774384056	0.01443250337300125	-0.21994331343797976	0.17749017129148748	-0.1737610132942856	0.1557883009752269	-0.014077117701115381	0.06848017913155394	-0.09443588939491361	0.10715990286647002	-0.09226188429488179	0.05956666324441483	-0.06965142848316491	0.06975398250754306	-0.08332614984663055	0.10205173484863263	-0.04816604982676863	0.06992066620179857	-0.0753081668225201	0.06425237907935832	-0.07401027934890102	0.05629402497993128	-0.04400370463781265	0.06887803682628563	-0.057186135170026534	0.05567800279688456	-0.047969465410401396	0.07497281849014323	-0.05948969721928747	0.056040101363373986	-0.05072701221259299	0.058727690284829076
-0.8130478062788102	0.9999999999999999	-0.4427289670847841	0.28979747608540307	-0.012495577204278435	0.16359389068038113	-0.18795291080356458	0.15838953843192008	-0.14789429683936758	0.012120444092428167	-0.05932624081711894	0.08257891280351146	-0.09876385867887943	0.08285109670822594	-0.0532172866896623	0.05924539772949005	-0.06088154048253434	0.07173509490550611	-0.09274249378284975	0.042682379169739985	-0.059905236320765234	0.06452887935593692	-0.05571725802049662	0.06418888806088277	-0.04948448189695322	0.037657271113923516	-0.05965684218541261	0.049259066663927695	-0.04842908280470294	0.04175456287292216	-0.06407828670231498	0.05062361723201538	-0.04831993592190607	0.04383544875102918	-0.05140431749480261
0.2864393794577835	-0.4427289670847841	0.9999999999999998	-0.809159974644479	0.013684101294461955	-0.1352281235118321	0.1554457905744132	-0.2237862756296099	0.15281088990855174	-0.013366593465124824	0.05443113261918294	-0.07939344863171426	0.10159272597368524	-0.08362575310752764	0.048987271620194874	-0.05457086707033674	0.056951675484799055	-0.06750081520748226	0.08690940783378362	-0.03964129958511684	0.052126583232681434	-0.059473736413987295	0.051293123860958106	-0.05906387254381414	0.04496136792715704	-0.03291337050190207	0.053458605926536965	-0.04458927961597902	0.04369491846175017	-0.0379517343900987	0.055209498065452944	-0.04532935987423192	0.043111853390236966	-0.039573671202295276	0.046114493028166344
-0.41444483774384056	0.28979747608540307	-0.809159974644479	0.9999999999999998	-0.017924541255656894	0.157292703365693	-0.18217459904042338	0.19382182051917327	-0.2034918407855796	0.01730126792472822	-0.06606803955457831	0.09317475699022593	-0.12000680449019749	0.10203708144955267	-0.062000953448666844	0.0656488395211934	-0.06888193338406191	0.08121025106406791	-0.11028253503366654	0.0497227140284871	-0.0653140654485167	0.07229022142751317	-0.06295037588116484	0.0731110203498772	-0.056446213350567605	0.041143888723140024	-0.06659215763937043	0.05515594335775985	-0.054545738169598665	0.04737572015443968	-0.06948584078305617	0.05612898804383137	-0.053792365988803076	0.049258601939021984	-0.05798720863529101
0.01443250337300125	-0.012495577204278435	0.013684101294461955	-0.017924541255656894	1.0	-0.032103199221660814	0.02226553140771602	-0.026811650661461975	0.03993021387818	-0.99486332085929	0.015220069058079731	-0.022098958628885595	0.02380432309618164	-0.030002659824627402	0.059278049705768866	-0.016413143897518957	0.01747514271395313	-0.02274843763198044	0.031061778011292715	-0.049427299476490556	0.01574058644395085	-0.021112848032647475	0.018709095531664728	-0.02934839354981667	0.02699171235868512	-0.010233120579335895	0.01886203817362571	-0.017180971152234416	0.01813898108721148	-0.02308912978178404	0.0164857339045628	-0.017729198533691988	0.016192401949879864	-0.01814115121690981	0.020798271376666018
-0.21994331343797976	0.16359389068038113	-0.1352281235118321	0.157292703365693	-0.032103199221660814	1.0000000000000002	-0.6117152215680927	0.3065696457455181	-0.4188516202689257	0.03079687504572597	-0.20971676515007742	0.23048060227777786	-0.26890494642155666	0.23154569376591624	-0.1709066702493753	0.18329772522011548	-0.18274504156734578	0.20503735128256537	-0.29237003044529297	0.13303757070739952	-0.21039761581115443	0.19116273464492722	-0.17001853442746198	0.19522245957065137	-0.15907054633464182	0.13000742052371864	-0.19466586595363036	0.15417189396974088	-0.15572627868915193	0.1317341017979072	-0.228883063055634	0.1573247200594796	-0.15693540743430712	0.13845728991959813	-0.1697605447115725
0.17749017129148748	-0.18795291080356458	0.1554457905744132	-0.18217459904042338	0.02226553140771602	-0.6117152215680927	0.9999999999999996	-0.5944571959246182	0.288961971666307	-0.021642286828873005	0.15569779280802118	-0.25523524154380955	0.2440308754205132	-0.19254805927093838	0.11577784302821065	-0.15806764791133965	0.15841800579989002	-0.18431646645021	0.20084052578435155	-0.09470262786540701	0.13480507452871443	-0.16185191997903114	0.1347637728110175	-0.1488104855110311	0.11063600806017695	-0.08537347983042591	0.13732246880440754	-0.11542797736171662	0.1103739921480192	-0.09452311977003576	0.14150720819833468	-0.11694009883998373	0.10996248925724997	-0.10026624428224754	0.11473913994759358
-0.1737610132942856	0.15838953843192008	-0.2237862756296099	0.19382182051917327	-0.026811650661461975	0.3065696457455181	-0.5944571959246182	0.9999999999999979	-0.504584795291454	0.026029162244143603	-0.1482543264243302	0.22831456384820586	-0.3983867330259381	0.2419827546370786	-0.12836524255597254	0.14383574616062084	-0.15786424305185973	0.18158059598416282	-0.24035244426955477	0.10371954573383196	-0.12659155308183528	0.15455296867705437	-0.13497746974416527	0.15178199499337294	-0.1151561384499415	0.08011900410476798	-0.13494156315463812	0.11300577269178447	-0.11074109055534466	0.09625221426281785	-0.1316804945437825	0.11186055428839607	-0.10723954450809325	0.09950971858672612	-0.11615923652322362
0.1557883009752269	-0.14789429683936758	0.15281088990855174	-0.2034918407855796	0.03993021387818	-0.4188516202689257	0.288961971666307	-0.504584795291454	0.9999999999999992	-0.040716788924605514	0.16558589832600631	-0.2565697518837792	0.292010114754813	-0.4882372585044472	0.16127843815070997	-0.17767170844740962	0.18121938368066695	-0.23068508297557414	0.28854501250456055	-0.1401094805440655	0.15539402300344204	-0.19952138463462155	0.1678387174315977	-0.2086244017392698	0.14624275075465953	-0.09962967800921961	0.1669980480794201	-0.14599157734340437	0.1404587805546331	-0.12767440401471786	0.16279866020715222	-0.14977394455634224	0.13632760356860327	-0.13052739866087693	0.1447947862644145
-0.014077117701115381	0.012120444092428167	-0.013366593465124824	0.01730126792472822	-0.99486332085929	0.03079687504572597	-0.021642286828873005	0.026029162244143603	-0.040716788924605514	0.9999999999999979	-0.014709952245368274	0.021351532127746518	-0.023241576574908652	0.02937694032230406	-0.06315165316932286	0.01581866756793862	-0.016885670311588954	0.021934229217394113	-0.030549697428892623	0.04768664365478344	-0.015183983154499647	0.020325956848732087	-0.018066001712622987	0.028253280612250405	-0.02638571407015099	0.009867502889938477	-0.0182194044538781	0.01655951751607536	-0.017538004668219483	0.022226888171229607	-0.015898579216012808	0.01704121206129048	-0.015628391975663482	0.017470224472624307	-0.02019965393685718
0.06848017913155394	-0.05932624081711894	0.05443113261918294	-0.06606803955457831	0.015220069058079731	-0.20971676515007742	0.15569779280802118	-0.1482543264243302	0.16558589832600631	-0.014709952245368274	0.9999999999999983	-0.4040358468470107	0.20996028070528908	-0.14416345766176006	0.09500023960161043	-0.8034837545541433	0.25720517436710116	-0.22662212641742516	0.16495976179447072	-0.0780003184992378	0.14835695133044668	-0.1984344153091906	0.1521594247651878	-0.13542442654301687	0.09712204283802267	-0.0952672316999875	0.13662507844627064	-0.1150722930040349	0.10259162405249338	-0.08248028568930661	0.12817581910331782	-0.10782186097776109	0.1014913772157725	-0.09110392719854105	0.10095581786323468
-0.09443588939491361	0.08257891280351146	-0.07939344863171426	0.09317475699022593	-0.022098958628885595	0.23048060227777786	-0.25523524154380955	0.22831456384820586	-0.2565697518837792	0.021351532127746518	-0.4040358468470107	0.9999999999999963	-0.5511928796401249	0.23247995062783797	-0.13978220998791221	0.275075775678179	-0.4725641303541611	0.27895228866927113	-0.2640694605623824	0.11250352593661436	-0.1587728393464301	0.23735305077458135	-0.20388389177610947	0.1785840701503816	-0.13389676298829759	0.09964213030428812	-0.17869715081119644	0.14579333198945546	-0.13621787178341058	0.11045885810423221	-0.15183817905855154	0.13315619803892653	-0.13096000550375142	0.11846657524734672	-0.13644233612971782
0.10715990286647002	-0.09876385867887943	0.10159272597368524	-0.12000680449019749	0.02380432309618164	-0.26890494642155666	0.2440308754205132	-0.3983867330259381	0.292010114754813	-0.023241576574908652	0.20996028070528908	-0.5511928796401249	0.9999999999999944	-0.4582311024124339	0.14687713149891396	-0.21936373126286188	0.24997762101547158	-0.32265092639643256	0.27865175669101094	-0.12481016283246359	0.14235578615843522	-0.22776156108229778	0.18894330975321383	-0.19230892696359878	0.13473115537600888	-0.09178399195524026	0.1635213928922013	-0.14356854896191232	0.13257835344727667	-0.11437315706444573	0.14108581797739397	-0.1340705727631505	0.12602917887025827	-0.11930010126904225	0.13276015338299035
-0.09226188429488179	0.08285109670822594	-0.08362575310752764	0.10203708144955267	-0.030002659824627402	0.23154569376591624	-0.19254805927093838	0.2419827546370786	-0.4882372585044472	0.02937694032230406	-0.14416345766176006	0.23247995062783797	-0.4582311024124339	0.9999999999999952	-0.2242509979382506	0.1452968048752043	-0.1678677140025136	0.2081816359127717	-0.6109417469317573	0.17282576549806963	-0.12049875847084877	0.1691684015344173	-0.1542022495925986	0.20315178796033792	-0.1525843571209273	0.07764885180832588	-0.14342941583793634	0.1257711430698987	-0.12916630300385967	0.1218500942497623	-0.12297244995057822	0.12067689931405709	-0.11490856752621892	0.1159118302878337	-0.13570944643807256
0.05956666324441483	-0.0532172866896623	0.048987271620194874	-0.062000953448666844	0.059278049705768866	-0.1709066702493753	0.11577784302821065	-0.12836524255597254	0.16127843815070997	-0.06315165316932286	0.09500023960161043	-0.13978220998791221	0.14687713149891396	-0.2242509979382506	0.999999999999993	-0.10379283257924975	0.1148806022836561	-0.1545196450538996	0.23002709670957255	-0.8298221685246471	0.09908800812850364	-0.14575988285239752	0.13317111597551884	-0.24653871721815224	0.25281623114498614	-0.06533648948865167	0.1296416648694163	-0.12305183118643494	0.13608503992386953	-0.21632491289515346	0.10262978856731414	-0.12378451628476048	0.11304951422954679	-0.14163493354328088	0.16242935988473725
-0.06965142848316491	0.05924539772949005	-0.05457086707033674	0.0656488395211934	-0.016413143897518957	0.18329772522011548	-0.15806764791133965	0.14383574616062084	-0.17767170844740962	0.01581866756793862	-0.8034837545541433	0.275075775678179	-0.21936373126286188	0.1452968048752043	-0.10379283257924975	0.9999999999999948	-0.35836811052997275	0.21948304376791103	-0.1817963063793865	0.08362698645607108	-0.19004271964057345	0.1987010346577096	-0.16498704201651618	0.1409245626825211	-0.10532655371102684	0.10923917179694945	-0.1520223666129567	0.12192514713874418	-0.11131813893009149	0.0879668275382834	-0.14927466053363384	0.11379539317329825	-0.1102973817718585	0.09711014317431334	-0.11038353032248263
0.06975398250754306	-0.06088154048253434	0.056951675484799055	-0.06888193338406191	0.01747514271395313	-0.18274504156734578	0.15841800579989002	-0.15786424305185973	0.18121938368066695	-0.016885670311588954	0.25720517436710116	-0.4725641303541611	0.24997762101547158	-0.1678677140025136	0.1148806022836561	-0.35836811052997275	0.9999999999999937	-0.5599646489510732	0.2028138529541026	-0.0952539064702443	0.15125737383652932	-0.45814595242162226	0.2696469317436014	-0.18168021511668458	0.12429254429207046	-0.09746722429462328	0.18829407093388376	-0.16324725402817103	0.13580902429611458	-0.10354186942304937	0.13617084604322505	-0.13333496761395283	0.12953467542493324	-0.11670862317934771	0.1269866929548163
-0.08332614984663055	0.07173509490550611	-0.06750081520748226	0.08121025106406791	-0.02274843763198044	0.20503735128256537	-0.18431646645021	0.18158059598416282	-0.23068508297557414	0.021934229217394113	-0.22662212641742516	0.27895228866927113	-0.32265092639643256	0.2081816359127717	-0.1545196450538996	0.21948304376791103	-0.5599646489510732	0.9999999999999954	-0.30199677168391664	0.12680736292721045	-0.17375077289570107	0.3195593982863825	-0.49422384355208043	0.23565665485076553	-0.16877851797318347	0.11146305829163444	-0.2437327351818012	0.20959528571938874	-0.1835403231362608	0.135445635695206	-0.16603705547309383	0.1648716538686889	-0.17074238476157685	0.15112740799024793	-0.17023993797085216
0.10205173484863263	-0.09274249378284975	0.08690940783378362	-0.11028253503366654	0.031061778011292715	-0.29237003044529297	0.20084052578435155	-0.24035244426955477	0.28854501250456055	-0.030549697428892623	0.16495976179447072	-0.2640694605623824	0.27865175669101094	-0.6109417469317573	0.23002709670957255	-0.1817963063793865	0.2028138529541026	-0.30199677168391664	0.9999999999999933	-0.26206450787278496	0.15206262561552905	-0.230515428331746	0.20938758264320598	-0.36255892285697283	0.20710777339330788	-0.09925357507093384	0.18657253923440734	-0.17292300690452173	0.176459512303126	-0.1718998881499196	0.15544661180073557	-0.164393143006428	0.15205307574714821	-0.16159524424137192	0.17845441264372047
-0.04816604982676863	0.042682379169739985	-0.03964129958511684	0.0497227140284871	-0.049427299476490556	0.13303757070739952	-0.09470262786540701	0.10371954573383196	-0.1401094805440655	0.04768664365478344	-0.0780003184992378	0.11250352593661436	-0.12481016283246359	0.17282576549806963	-0.8298221685246471	0.08362698645607108	-0.0952539064702443	0.12680736292721045	-0.26206450787278496	0.9999999999999925	-0.08183334543446161	0.11880033662420571	-0.11436375938346506	0.2108430794519288	-0.37222835660623865	0.05394228553773087	-0.11098988038830952	0.10356804281975908	-0.12160831399500988	0.1916479014044939	-0.08456787296804572	0.10101916758744042	-0.09650554589707225	0.12017825097009643	-0.15924553687277132
0.06992066620179857	-0.059905236320765234	0.052126583232681434	-0.0653140654485167	0.01574058644395085	-0.21039761581115443	0.13480507452871443	-0.12659155308183528	0.15539402300344204	-0.015183983154499647	0.14835695133044668	-0.1587728393464301	0.14235578615843522	-0.12049875847084877	0.09908800812850364	-0.19004271964057345	0.15125737383652932	-0.17375077289570107	0.15206262561552905	-0.08183334543446161	0.9999999999999906	-0.22899305142066476	0.15672040946044177	-0.1559194082989895	0.10982143005250815	-0.6893325095670106	0.19869088777731378	-0.1584026535117569	0.12738661297714077	-0.09872850948828488	0.3283989121532151	-0.17846827027956833	0.14334777303714902	-0.11903846571881435	0.12114103338563036
-0.0753081668225201	0.06452887935593692	-0.059473736413987295	0.07229022142751317	-0.021112848032647475	0.19116273464492722	-0.16185191997903114	0.15455296867705437	-0.19952138463462155	0.020325956848732087	-0.1984344153091906	0.23735305077458135	-0.22776156108229778	0.1691684015344173	-0.14575988285239752	0.1987010346577096	-0.45814595242162226	0.3195593982863825	-0.230515428331746	0.11880033662420571	-0.22899305142066476	0.9999999999999882	-0.5971361510040577	0.24465512106335438	-0.17424907351175217	0.1393397339024034	-0.35124111037350053	0.25113300099384933	-0.20350680250070605	0.14058621256059334	-0.18706557773828564	0.18959574443945637	-0.19345804649080736	0.16540510084088994	-0.1802633098935155
0.06425237907935832	-0.05571725802049662	0.051293123860958106	-0.06295037588116484	0.018709095531664728	-0.17001853442746198	0.1347637728110175	-0.13497746974416527	0.1678387174315977	-0.018066001712622987	0.1521594247651878	-0.20388389177610947	0.18894330975321383	-0.1542022495925986	0.13317111597551884	-0.16498704201651618	0.2696469317436014	-0.49422384355208043	0.20938758264320598	-0.11436375938346506	0.15672040946044177	-0.5971361510040577	0.9999999999999866	-0.3683540764614263	0.1758564104445109	-0.10646345115954753	0.26504302533400953	-0.3625604194805027	0.21029450234205885	-0.14394371793530736	0.14511143727338038	-0.18180262348102538	0.18182530367395805	-0.1714380989459024	0.17022967070941175
-0.07401027934890102	0.06418888806088277	-0.05906387254381414	0.0731110203498772	-0.02934839354981667	0.19522245957065137	-0.1488104855110311	0.15178199499337294	-0.2086244017392698	0.028253280612250405	-0.13542442654301687	0.1785840701503816	-0.19230892696359878	0.20315178796033792	-0.24653871721815224	0.1409245626825211	-0.18168021511668458	0.23565665485076553	-0.36255892285697283	0.2108430794519288	-0.1559194082989895	0.24465512106335438	-0.3683540764614263	0.9999999999999882	-0.49648658183497263	0.10392545159428315	-0.2555603786172323	0.24042209874235979	-0.38772644107660065	0.26562069379643377	-0.15776100346019375	0.19483158879954046	-0.20780135470154373	0.251164975310154	-0.32355763060000214
0.05629402497993128	-0.04948448189695322	0.04496136792715704	-0.056446213350567605	0.02699171235868512	-0.15907054633464182	0.11063600806017695	-0.1151561384499415	0.14624275075465953	-0.02638571407015099	0.09712204283802267	-0.13389676298829759	0.13473115537600888	-0.1525843571209273	0.25281623114498614	-0.10532655371102684	0.12429254429207046	-0.16877851797318347	0.20710777339330788	-0.37222835660623865	0.10982143005250815	-0.17424907351175217	0.1758564104445109	-0.49648658183497263	0.9999999999999853	-0.07363723088295185	0.16408468788928332	-0.16339458013428473	0.20562394689410238	-0.6036554162680261	0.11299301748626878	-0.15417117512902825	0.14690443427347435	-0.21832127833519455	0.27997487954418654
-0.04400370463781265	0.037657271113923516	-0.03291337050190207	0.041143888723140024	-0.010233120579335895	0.13000742052371864	-0.08537347983042591	0.08011900410476798	-0.09962967800921961	0.009867502889938477	-0.0952672316999875	0.09964213030428812	-0.09178399195524026	0.07764885180832588	-0.06533648948865167	0.10923917179694945	-0.09746722429462328	0.11146305829163444	-0.09925357507093384	0.05394228553773087	-0.6893325095670106	0.1393397339024034	-0.10646345115954753	0.10392545159428315	-0.07363723088295185	0.9999999999999887	-0.1869422795089175	0.12063539021329973	-0.09057209419063451	0.06666149253081556	-0.6209630597006898	0.1303405987721259	-0.10448393484885073	0.0835756630604807	-0.0824491892953817
0.06887803682628563	-0.05965684218541261	0.053458605926536965	-0.06659215763937043	0.01886203817362571	-0.19466586595363036	0.13732246880440754	-0.13494156315463812	0.1669980480794201	-0.0182194044538781	0.13662507844627064	-0.17869715081119644	0.1635213928922013	-0.14342941583793634	0.1296416648694163	-0.1520223666129567	0.18829407093388376	-0.2437327351818012	0.18657253923440734	-0.11098988038830952	0.19869088777731378	-0.35124111037350053	0.26504302533400953	-0.2555603786172323	0.16408468788928332	-0.1869422795089175	0.9999999999999871	-0.6245042997468545	0.25856242351486475	-0.16096952467754724	0.19925015792628903	-0.42092989051931673	0.28717536300480573	-0.2459072331906031	0.19101883515566478
-0.057186135170026534	0.049259066663927695	-0.04458927961597902	0.05515594335775985	-0.017180971152234416	0.15417189396974088	-0.11542797736171662	0.11300577269178447	-0.14599157734340437	0.01655951751607536	-0.1150722930040349	0.14579333198945546	-0.14356854896191232	0.1257711430698987	-0.12305183118643494	0.12192514713874418	-0.16324725402817103	0.20959528571938874	-0.17292300690452173	0.10356804281975908	-0.1584026535117569	0.25113300099384933	-0.3625604194805027	0.24042209874235979	-0.16339458013428473	0.12063539021329973	-0.6245042997468545	0.9999999999999865	-0.4381823151580816	0.1525278961606724	-0.1590036889498837	0.275196761505063	-0.3747755103498706	0.2513228141953311	-0.19964189398035925
0.05567800279688456	-0.04842908280470294	0.04369491846175017	-0.054545738169598665	0.01813898108721148	-0.15572627868915193	0.1103739921480192	-0.11074109055534466	0.1404587805546331	-0.017538004668219483	0.10259162405249338	-0.13621787178341058	0.13257835344727667	-0.12916630300385967	0.13608503992386953	-0.11131813893009149	0.13580902429611458	-0.1835403231362608	0.176459512303126	-0.12160831399500988	0.12738661297714077	-0.20350680250070605	0.21029450234205885	-0.38772644107660065	0.20562394689410238	-0.09057209419063451	0.25856242351486475	-0.4381823151580816	0.9999999999999867	-0.23401305128380498	0.1311745840343299	-0.23932918680446896	0.24412735036738076	-0.6497370245884183	0.26916459333205717
-0.047969465410401396	0.04175456287292216	-0.0379517343900987	0.04737572015443968	-0.02308912978178404	0.1317341017979072	-0.09452311977003576	0.09625221426281785	-0.12767440401471786	0.022226888171229607	-0.08248028568930661	0.11045885810423221	-0.11437315706444573	0.1218500942497623	-0.21632491289515346	0.0879668275382834	-0.10354186942304937	0.135445635695206	-0.1718998881499196	0.1916479014044939	-0.09872850948828488	0.14058621256059334	-0.14394371793530736	0.26562069379643377	-0.6036554162680261	0.06666149253081556	-0.16096952467754724	0.1525278961606724	-0.23401305128380498	0.9999999999999863	-0.10253037305605253	0.14356084967097404	-0.15159421399118123	0.23468891171344172	-0.6218232756056521
0.07497281849014323	-0.06407828670231498	0.055209498065452944	-0.06948584078305617	0.0164857339045628	-0.228883063055634	0.14150720819833468	-0.1316804945437825	0.16279866020715222	-0.015898579216012808	0.12817581910331782	-0.15183817905855154	0.14108581797739397	-0.12297244995057822	0.10262978856731414	-0.14927466053363384	0.13617084604322505	-0.16603705547309383	0.15544661180073557	-0.08456787296804572	0.3283989121532151	-0.18706557773828564	0.14511143727338038	-0.15776100346019375	0.11299301748626878	-0.6209630597006898	0.19925015792628903	-0.1590036889498837	0.1311745840343299	-0.10253037305605253	0.9999999999999853	-0.20807852276530273	0.15725959949469553	-0.12453423182720198	0.12641792558483783
-0.05948969721928747	0.05062361723201538	-0.04532935987423192	0.05612898804383137	-0.017729198533691988	0.1573247200594796	-0.11694009883998373	0.11186055428839607	-0.14977394455634224	0.01704121206129048	-0.10782186097776109	0.13315619803892653	-0.1340705727631505	0.12067689931405709	-0.12378451628476048	0.11379539317329825	-0.13333496761395283	0.1648716538686889	-0.164393143006428	0.10101916758744042	-0.17846827027956833	0.18959574443945637	-0.18180262348102538	0.19483158879954046	-0.15417117512902825	0.1303405987721259	-0.42092989051931673	0.275196761505063	-0.23932918680446896	0.14356084967097404	-0.20807852276530273	0.999999999999986	-0.758207868344025	0.22791935900386284	-0.2056213060468785
0.056040101363373986	-0.04831993592190607	0.043111853390236966	-0.053792365988803076	0.016192401949879864	-0.15693540743430712	0.10996248925724997	-0.10723954450809325	0.13632760356860327	-0.015628391975663482	0.1014913772157725	-0.13096000550375142	0.12602917887025827	-0.11490856752621892	0.11304951422954679	-0.1102973817718585	0.12953467542493324	-0.17074238476157685	0.15205307574714821	-0.09650554589707225	0.14334777303714902	-0.19345804649080736	0.18182530367395805	-0.20780135470154373	0.14690443427347435	-0.10448393484885073	0.28717536300480573	-0.3747755103498706	0.24412735036738076	-0.15159421399118123	0.15725959949469553	-0.758207868344025	0.9999999999999869	-0.3315909017198221	0.19585133943659638
-0.05072701221259299	0.04383544875102918	-0.039573671202295276	0.049258601939021984	-0.01814115121690981	0.13845728991959813	-0.10026624428224754	0.09950971858672612	-0.13052739866087693	0.017470224472624307	-0.09110392719854105	0.11846657524734672	-0.11930010126904225	0.1159118302878337	-0.14163493354328088	0.09711014317431334	-0.11670862317934771	0.15112740799024793	-0.16159524424137192	0.12017825097009643	-0.11903846571881435	0.16540510084088994	-0.1714380989459024	0.251164975310154	-0.21832127833519455	0.0835756630604807	-0.2459072331906031	0.2513228141953311	-0.6497370245884183	0.23468891171344172	-0.12453423182720198	0.22791935900386284	-0.3315909017198221	0.9999999999999872	-0.5010378236027777
0.058727690284829076	-0.05140431749480261	0.046114493028166344	-0.05798720863529101	0.020798271376666018	-0.1697605447115725	0.11473913994759358	-0.11615923652322362	0.1447947862644145	-0.02019965393685718	0.10095581786323468	-0.13644233612971782	0.13276015338299035	-0.13570944643807256	0.16242935988473725	-0.11038353032248263	0.1269866929548163	-0.17023993797085216	0.17845441264372047	-0.15924553687277132	0.12114103338563036	-0.1802633098935155	0.17022967070941175	-0.32355763060000214	0.27997487954418654	-0.0824491892953817	0.19101883515566478	-0.19964189398035925	0.26916459333205717	-0.6218232756056521	0.12641792558483783	-0.2056213060468785	0.19585133943659638	-0.5010378236027777	0.9999999999999873
