0.9999999999999999	-0.6420327287631469	0.14066996219827627	-0.05540498476418714	0.04234012517709655	-0.6544002606328528	0.32996560828466726	-0.15514303084231665	0.04386860824048451	-0.03418518896335703	0.1254629133632332	-0.1255720819634209	0.08658770555951817	-0.061747791416002326	0.04146588123057381	-0.074371815245092	0.06957066439870577	-0.07427259995955338	0.06461900642217798	-0.04139119146411179	0.06533542490532004	-0.0655661105955111	0.04915565132141098	-0.05649819695419931	0.0386793420239323	-0.06916868998364042	0.03456630683980577	-0.034197924844607604	0.033801934240675256	-0.03920234248047793	0.028148179672241907	-0.03411643418080382	0.030435522167500322	-0.03010843220977917	0.024741921181140013	-0.03629971628744364	0.031640637505153925	-0.02771955486864473	0.05681819793302927	-0.026474513234304182
-0.6420327287631469	1.0	-0.22346150593653602	0.060820698606706615	-0.04599172229192572	0.3223651563435755	-0.6356043626679746	0.17752593920322504	-0.04890334565286431	0.0362312157293982	-0.1113402797385068	0.11546406410881598	-0.08476805346875083	0.057039406470418205	-0.038655037443613836	0.06336948168934825	-0.06274317153137655	0.06475646135345496	-0.06010959097981084	0.03787938682548412	-0.058284798343366785	0.057106153445864116	-0.043607693659004305	0.05001357687610705	-0.03486869186796238	0.05958285598577604	-0.030371178493112817	0.030138246246190367	-0.02996614116398032	0.034944889734208964	-0.02452402590645794	0.02984863301208109	-0.026936426792206005	0.0265926530024561	-0.02209689215879682	0.03150096982216456	-0.02805864970100449	0.024522354348987373	-0.05094379277077138	0.023565948505203726
0.14066996219827627	-0.22346150593653602	0.9999999999999998	-0.19874774577138576	0.11502728395653125	-0.11896585526441521	0.1560909629977822	-0.9131678467069299	0.1414751246580442	-0.09270561968436121	0.06561966838678114	-0.07461715119978826	0.09349907642273397	-0.06679934132767398	0.046021387496158486	-0.04689258853168967	0.05025394923881285	-0.06007832869623777	0.06024346291469795	-0.04507006426169651	0.04479274997597287	-0.05047731196211859	0.04024926181073583	-0.049197608831340195	0.03594187398052812	-0.0542336290330296	0.02786517819584995	-0.028210682011661384	0.028204959438677735	-0.03645262512779499	0.02256575754191575	-0.027722486742698962	0.025084909052847344	-0.025202247190246305	0.021628478861208045	-0.029429825445505632	0.025809860448795498	-0.02278436252856147	0.04649887531610809	-0.023325953825559798
-0.05540498476418714	0.060820698606706615	-0.19874774577138576	1.0000000000000002	-0.5656304985838742	0.05057402028368191	-0.06256724122677734	0.16824744645633335	-0.7131257880491803	0.3208820475624704	-0.049112437724132804	0.05149958863435045	-0.07642845490623741	0.07129718573627622	-0.07390057987668582	0.0394446892242067	-0.0464473723468853	0.056224296481582635	-0.06941414281779502	0.06669636710047434	-0.04069917328580739	0.04834452386242081	-0.040911315040163605	0.05090798217085026	-0.04548555170008132	0.054275921397921846	-0.028885043066054637	0.029591182840379985	-0.030232616197460673	0.044838408438735315	-0.02322987801002691	0.028868846721333094	-0.026742973546466372	0.02704469650679852	-0.025384553457147137	0.030498546734403584	-0.027727167798304645	0.02450246447012139	-0.05185264110407167	0.027371248402983786
0.04234012517709655	-0.04599172229192572	0.11502728395653125	-0.5656304985838742	1.0000000000000002	-0.04264977158609092	0.04864207122560295	-0.1310877676486354	0.32664595514287564	-0.7303455725182084	0.04784843947284574	-0.0507670781187985	0.07357456717866566	-0.07313596511032285	0.09744544193787086	-0.04125332201580307	0.04891055449521017	-0.06157716327626171	0.07138257826034024	-0.09368692858007908	0.04286335351644622	-0.05291726774455622	0.044651133514209344	-0.05648736589881303	0.05467053847264798	-0.06107368514219098	0.032037267590287015	-0.03297097754391228	0.03369063592763288	-0.05560917388085169	0.026021062895496643	-0.03229313784323439	0.029683021023462063	-0.03039643523359908	0.029605498746042076	-0.03446289123125451	0.030504143265000304	-0.027182940787451274	0.056353575583259624	-0.03237758036803744
-0.6544002606328528	0.3223651563435755	-0.11896585526441521	0.05057402028368191	-0.04264977158609092	1.0000000000000007	-0.620005517554206	0.11879451582213041	-0.041737841088057205	0.033862305266799564	-0.21064760339543034	0.1672023805496995	-0.11303499816954198	0.0761767664722209	-0.05112185529821003	0.09990314378388487	-0.09330988386567579	0.09184205650086201	-0.0828926647047753	0.05019537079498883	-0.08969292481292014	0.08257432920099671	-0.06209049398485882	0.0698125247434394	-0.04804390930150192	0.08496186015170977	-0.04326669773395403	0.04266483873978724	-0.04236326539886805	0.047979239698801364	-0.034854752271002785	0.04230170163243081	-0.03819474485575262	0.03749796087830947	-0.030901710747654743	0.044477811531773936	-0.03992819200444895	0.034776462525688584	-0.07270105330554912	0.032841552679547574
0.32996560828466726	-0.6356043626679746	0.1560909629977822	-0.06256724122677734	0.04864207122560295	-0.620005517554206	1.0000000000000007	-0.17961885454988205	0.05025026617226191	-0.03949269255086795	0.1613182842838897	-0.19881531293657845	0.11420011463357946	-0.07909575646597221	0.05174103151876831	-0.09276048987674994	0.08811373289429368	-0.09228902659814438	0.08140116719713159	-0.051514612490763174	0.08204210721266735	-0.08126476710579587	0.061085946973201785	-0.07010594040576834	0.04784078389775707	-0.08472769337565528	0.042586265467086146	-0.04219329630382649	0.04174728488286519	-0.048348719899800066	0.03454932389878429	-0.0419331770990772	0.03754289435975151	-0.037116465387287655	0.030495002543803197	-0.04444945325310502	0.03898243758424535	-0.03413056505323709	0.07004007625303493	-0.03260141575009241
-0.15514303084231665	0.17752593920322504	-0.9131678467069299	0.16824744645633335	-0.1310877676486354	0.11879451582213041	-0.17961885454988205	1.0000000000000002	-0.16925005366828685	0.098619762894266	-0.07145839052106179	0.07940349102916854	-0.11181940717948279	0.07184950478931892	-0.05001638096229899	0.04961353083932046	-0.053813379622407675	0.06287932878132046	-0.06614902542875399	0.04793146306018794	-0.047886959676484264	0.05307055125795791	-0.04269261108386562	0.05193401463544245	-0.03836980311698224	0.05662801406088053	-0.02941099279398474	0.029794466208447758	-0.029898839821601644	0.038490370708412075	-0.023691589166377744	0.029168206849050863	-0.026578272530863638	0.026636158434395842	-0.022981970394593532	0.03080350319171304	-0.027410493034729692	0.024143622396684262	-0.04978743226023538	0.024699213233131276
0.04386860824048451	-0.04890334565286431	0.1414751246580442	-0.7131257880491803	0.32664595514287564	-0.041737841088057205	0.05025026617226191	-0.16925005366828685	0.9999999999999996	-0.5809371328505416	0.04283670285308475	-0.04609831202981918	0.07022727804258867	-0.07501380524137292	0.07759407322589783	-0.03498171837284093	0.040983446833712384	-0.050720216947513684	0.0643740227571982	-0.07124289559397849	0.03587345126606267	-0.043408576201039745	0.036892908888668134	-0.0468714920437628	0.04260190834345502	-0.048255920009139884	0.02565472246757112	-0.026497331199054303	0.027092209045738346	-0.04245045264741736	0.020603002810552995	-0.02566578253992189	0.023789860122098057	-0.024251912610044526	0.02304898662029851	-0.027085138261071284	0.024372643942880093	-0.021646761615179727	0.04497473955149454	-0.02501543216713057
-0.03418518896335703	0.0362312157293982	-0.09270561968436121	0.3208820475624704	-0.7303455725182084	0.033862305266799564	-0.03949269255086795	0.098619762894266	-0.5809371328505416	1.0000000000000004	-0.04092106455476892	0.0433128205510785	-0.06732190140474636	0.07062834594972374	-0.11168451740570022	0.034495865328635134	-0.041153052234127366	0.05109869818235866	-0.06602000575211774	0.08977492914370637	-0.035944156665799754	0.044096978878551615	-0.03800652634719119	0.0485397435876266	-0.049226347088424105	0.04962510987354437	-0.026602724721852163	0.027623836394466653	-0.028479350685614035	0.0482544515229577	-0.021315988397848908	0.026655233784404365	-0.02490021273914238	0.025522089025538125	-0.025358438123537292	0.02808052654315659	-0.025474046960106543	0.022677206357086505	-0.04745640444727389	0.0275497787645039
0.1254629133632332	-0.1113402797385068	0.06561966838678114	-0.049112437724132804	0.04784843947284574	-0.21064760339543034	0.1613182842838897	-0.07145839052106179	0.04283670285308475	-0.04092106455476892	0.9999999999999994	-0.7108464091842095	0.24691035464113906	-0.18189773533380232	0.10745745540957105	-0.4297615739324805	0.22948646094548564	-0.22671938643918238	0.17539353171451874	-0.11000094484384587	0.2371131761739816	-0.2112071010739152	0.14611948328804403	-0.16349719999814494	0.10460884062180388	-0.20756238858711018	0.09980692098758787	-0.09791543011204981	0.0955977949613256	-0.10641560423639718	0.0809210243754403	-0.09729953050752731	0.08595283569742643	-0.08463820411877598	0.0672366876317813	-0.10263373470900156	0.08841729297477716	-0.07733491601038263	0.15496659342253133	-0.07186452432694244
-0.1255720819634209	0.11546406410881598	-0.07461715119978826	0.05149958863435045	-0.0507670781187985	0.1672023805496995	-0.19881531293657845	0.07940349102916854	-0.04609831202981918	0.0433128205510785	-0.7108464091842095	0.9999999999999999	-0.44481597742254614	0.20343589954458619	-0.12027182594364275	0.2413467871145556	-0.2478355391994976	0.2057350903700667	-0.20656530897635422	0.11382779652216589	-0.22071878164843406	0.18433105550242454	-0.1401441651786951	0.15550899210001268	-0.10493219290527883	0.1753216077362777	-0.09212138798756654	0.09157283829199332	-0.09141803481767463	0.10270935248950264	-0.07254465842601773	0.08865808001272454	-0.08166027197914193	0.07989063345507207	-0.06554064647368464	0.09108028531942111	-0.08443530660172277	0.07331404561038214	-0.1532043976363498	0.0693100333286562
0.08658770555951817	-0.08476805346875083	0.09349907642273397	-0.07642845490623741	0.07357456717866566	-0.11303499816954198	0.11420011463357946	-0.11181940717948279	0.07022727804258867	-0.06732190140474636	0.24691035464113906	-0.44481597742254614	0.9999999999999978	-0.6092134973106644	0.20314566957080116	-0.1983708996404781	0.21125820839426399	-0.2955421619118826	0.2911642793806849	-0.212081044999132	0.18082373809567925	-0.2233992857703544	0.18186148542644676	-0.2393425531437513	0.15380214033288728	-0.2264330038712163	0.11723164655958838	-0.12201781426723965	0.12132970959427093	-0.15957303239049123	0.09381073691049431	-0.11663686130447723	0.10599654218225678	-0.10830353625075533	0.09006125027437697	-0.1225394849127909	0.10567812492528139	-0.09426037018950417	0.18280161213705368	-0.09806189840471687
-0.061747791416002326	0.057039406470418205	-0.06679934132767398	0.07129718573627622	-0.07313596511032285	0.0761767664722209	-0.07909575646597221	0.07184950478931892	-0.07501380524137292	0.07062834594972374	-0.18189773533380232	0.20343589954458619	-0.6092134973106644	0.9999999999999999	-0.3527101095114014	0.13590234859130879	-0.1613253228504971	0.20007878598073753	-0.5571478341792216	0.23515964674583414	-0.1387523340326337	0.16846714399603052	-0.1577040124082772	0.21415548168074933	-0.15332313538994677	0.16496946035320076	-0.0933114116181885	0.09999223297969288	-0.1037458092858337	0.14236252755027703	-0.07153979392502274	0.09122203068019544	-0.08803378778787069	0.08961714644351394	-0.07894604836843991	0.09234133440714004	-0.08683620799939178	0.07700601598784286	-0.15552902188532064	0.08410745842017994
0.04146588123057381	-0.038655037443613836	0.046021387496158486	-0.07390057987668582	0.09744544193787086	-0.05112185529821003	0.05174103151876831	-0.05001638096229899	0.07759407322589783	-0.11168451740570022	0.10745745540957105	-0.12027182594364275	0.20314566957080116	-0.3527101095114014	1.0000000000000004	-0.09671150896926692	0.11680627361778188	-0.15188479584288647	0.22587404599348396	-0.8176899163224721	0.10141651769364216	-0.13242603607610506	0.11980638890906106	-0.1668125979585809	0.2174867564563479	-0.14335451393344226	0.07973601829715861	-0.0864096769629782	0.09122265726893294	-0.21540129394564975	0.06239926235251703	-0.07980342310131767	0.07703776210382565	-0.08176880107774906	0.09302435143800329	-0.08213970612885009	0.07557728825963383	-0.06847531847756971	0.13880652263032153	-0.10282688789111519
-0.074371815245092	0.06336948168934825	-0.04689258853168967	0.0394446892242067	-0.04125332201580307	0.09990314378388487	-0.09276048987674994	0.04961353083932046	-0.03498171837284093	0.034495865328635134	-0.4297615739324805	0.2413467871145556	-0.1983708996404781	0.13590234859130879	-0.09671150896926692	0.9999999999999993	-0.43122895795878524	0.24272887458304226	-0.17705783219099536	0.09390775033737633	-0.6615329458801299	0.262915914100009	-0.17298002537206025	0.16180839654177864	-0.10557151888100831	0.22742443949959834	-0.11496772247835535	0.1078133619314951	-0.10575895476954798	0.10207419301898478	-0.09037905355063784	0.10630380909148794	-0.09653455669779169	0.0911831119085886	-0.07156495828232667	0.1071581744623237	-0.1016342639807797	0.08652706686586564	-0.18414348746907883	0.07453725690907136
0.06957066439870577	-0.06274317153137655	0.05025394923881285	-0.0464473723468853	0.04891055449521017	-0.09330988386567579	0.08811373289429368	-0.053813379622407675	0.040983446833712384	-0.041153052234127366	0.22948646094548564	-0.2478355391994976	0.21125820839426399	-0.1613253228504971	0.11680627361778188	-0.43122895795878524	0.9999999999999968	-0.6132355489297209	0.21561496276110484	-0.11683799929553466	0.28699037248499054	-0.45108757289516355	0.2575448524624826	-0.23459172834342829	0.13597703328937416	-0.2681221036948778	0.14667783112366545	-0.14758465257436126	0.13996568334732115	-0.1339558171731069	0.11020775434684224	-0.13953601111722916	0.1261172272277744	-0.12161085117483268	0.08999892713258274	-0.13853262272401964	0.12657680245252295	-0.11043114699471532	0.21708448115669465	-0.09475648230090691
-0.07427259995955338	0.06475646135345496	-0.06007832869623777	0.056224296481582635	-0.06157716327626171	0.09184205650086201	-0.09228902659814438	0.06287932878132046	-0.050720216947513684	0.05109869818235866	-0.22671938643918238	0.2057350903700667	-0.2955421619118826	0.20007878598073753	-0.15188479584288647	0.24272887458304226	-0.6132355489297209	0.999999999999998	-0.31767981063508205	0.1432200975147973	-0.2665357611828893	0.30996655281020224	-0.40957018006535184	0.2696542828067965	-0.1739648472777496	0.2478566715049353	-0.1634851088461772	0.17399240716227846	-0.17488171438022554	0.15869997445726527	-0.11454521643137375	0.14957166652755857	-0.155991927304983	0.1443108677391153	-0.11325138476249309	0.14121431598556022	-0.15647990978543025	0.13309515539768105	-0.2902895766149007	0.11606908427369785
0.06461900642217798	-0.06010959097981084	0.06024346291469795	-0.06941414281779502	0.07138257826034024	-0.0828926647047753	0.08140116719713159	-0.06614902542875399	0.0643740227571982	-0.06602000575211774	0.17539353171451874	-0.20656530897635422	0.2911642793806849	-0.5571478341792216	0.22587404599348396	-0.17705783219099536	0.21561496276110484	-0.31767981063508205	0.999999999999998	-0.26104564089536736	0.181715978516262	-0.2700704613491998	0.24981256714360117	-0.4790826994584532	0.1986854896496442	-0.2452795307920798	0.13964880256711668	-0.15642402004830244	0.15899873023974892	-0.19939267346874517	0.10658310070295698	-0.1382389607472915	0.1318148630519536	-0.13920366827085698	0.10910917490563714	-0.13915540375769372	0.12533820560037442	-0.11321139341955508	0.21075480124277945	-0.11838810066046222
-0.04139119146411179	0.03787938682548412	-0.04507006426169651	0.06669636710047434	-0.09368692858007908	0.05019537079498883	-0.051514612490763174	0.04793146306018794	-0.07124289559397849	0.08977492914370637	-0.11000094484384587	0.11382779652216589	-0.212081044999132	0.23515964674583414	-0.8176899163224721	0.09390775033737633	-0.11683799929553466	0.1432200975147973	-0.26104564089536736	0.9999999999999958	-0.10107182081250157	0.12740039973046144	-0.12240911198405692	0.1657924209773063	-0.33210329773065067	0.13478019395020496	-0.0786381859949021	0.08548561694401785	-0.09256469133140328	0.20700110659077608	-0.05998722073082067	0.07751193049566259	-0.07744661044465988	0.08091215870850375	-0.09569083389617007	0.07802210954627474	-0.07651278363659243	0.06851170807414407	-0.1462872838621989	0.09926262763404717
0.06533542490532004	-0.058284798343366785	0.04479274997597287	-0.04069917328580739	0.04286335351644622	-0.08969292481292014	0.08204210721266735	-0.047886959676484264	0.03587345126606267	-0.035944156665799754	0.2371131761739816	-0.22071878164843406	0.18082373809567925	-0.1387523340326337	0.10141651769364216	-0.6615329458801299	0.28699037248499054	-0.2665357611828893	0.181715978516262	-0.10107182081250157	0.9999999999999941	-0.4400682717515829	0.20651330264194562	-0.19476995299499583	0.11878648910476365	-0.38257155399029874	0.14650462665258748	-0.1327113425685775	0.12569840561449483	-0.11699614739855548	0.11980458634018243	-0.13647639472178955	0.11553614548087433	-0.10927034898275856	0.08203841393480114	-0.14155283908812077	0.12093189091016543	-0.10347289195501988	0.21003672180426086	-0.08580805111367404
-0.0655661105955111	0.057106153445864116	-0.05047731196211859	0.04834452386242081	-0.05291726774455622	0.08257432920099671	-0.08126476710579587	0.05307055125795791	-0.043408576201039745	0.044096978878551615	-0.2112071010739152	0.18433105550242454	-0.2233992857703544	0.16846714399603052	-0.13242603607610506	0.262915914100009	-0.45108757289516355	0.30996655281020224	-0.2700704613491998	0.12740039973046144	-0.4400682717515829	0.9999999999999957	-0.5179720362023658	0.2771719598486671	-0.16613512370017136	0.262469381423071	-0.20898966971457644	0.191827105571229	-0.18432548049725767	0.15097349074945463	-0.12392188074431919	0.16765857264260825	-0.1650839186366057	0.14909300940211087	-0.1083238700299923	0.1466362251695908	-0.1603107394570721	0.1357043451464532	-0.27361637035878644	0.11076416134708973
0.04915565132141098	-0.043607693659004305	0.04024926181073583	-0.040911315040163605	0.044651133514209344	-0.06209049398485882	0.061085946973201785	-0.04269261108386562	0.036892908888668134	-0.03800652634719119	0.14611948328804403	-0.1401441651786951	0.18186148542644676	-0.1577040124082772	0.11980638890906106	-0.17298002537206025	0.2575448524624826	-0.40957018006535184	0.24981256714360117	-0.12240911198405692	0.20651330264194562	-0.5179720362023658	0.999999999999995	-0.590182731289939	0.16842910815708345	-0.21730248552477002	0.1709599913119212	-0.27011673922843377	0.199328069975721	-0.15862626551260525	0.10464283304535126	-0.1530307041171496	0.16805629297232763	-0.16124614219738834	0.09905483325759969	-0.12920540546020495	0.13899741026466236	-0.12539313859945414	0.21344190818329656	-0.10341164550613774
-0.05649819695419931	0.05001357687610705	-0.049197608831340195	0.05090798217085026	-0.05648736589881303	0.0698125247434394	-0.07010594040576834	0.05193401463544245	-0.0468714920437628	0.0485397435876266	-0.16349719999814494	0.15550899210001268	-0.2393425531437513	0.21415548168074933	-0.1668125979585809	0.16180839654177864	-0.23459172834342829	0.2696542828067965	-0.4790826994584532	0.1657924209773063	-0.19476995299499583	0.2771719598486671	-0.590182731289939	0.999999999999997	-0.2865944107822813	0.21917853574466442	-0.16480673990041655	0.20547658039958713	-0.2562243026239332	0.20577109127813314	-0.10665878943516387	0.14864227771319274	-0.17279757920927435	0.17357413193747515	-0.12321580769354551	0.13226255484013877	-0.14887622377981305	0.13092399399260546	-0.24938292171669085	0.12486830234666221
0.0386793420239323	-0.03486869186796238	0.03594187398052812	-0.04548555170008132	0.05467053847264798	-0.04804390930150192	0.04784078389775707	-0.03836980311698224	0.04260190834345502	-0.049226347088424105	0.10460884062180388	-0.10493219290527883	0.15380214033288728	-0.15332313538994677	0.2174867564563479	-0.10557151888100831	0.13597703328937416	-0.1739648472777496	0.1986854896496442	-0.33210329773065067	0.11878648910476365	-0.16613512370017136	0.16842910815708345	-0.2865944107822813	0.9999999999999962	-0.18325567637662377	0.11029188083979878	-0.12850931069166222	0.14594034544268167	-0.7619504595002617	0.08314055761520137	-0.1104389527816081	0.11508445400591076	-0.13079983311276575	0.20515562176999513	-0.10960171762462073	0.10723528879677223	-0.09970418060411303	0.20423173607211523	-0.22571122601577348
-0.06916868998364042	0.05958285598577604	-0.0542336290330296	0.054275921397921846	-0.06107368514219098	0.08496186015170977	-0.08472769337565528	0.05662801406088053	-0.048255920009139884	0.04962510987354437	-0.20756238858711018	0.1753216077362777	-0.2264330038712163	0.16496946035320076	-0.14335451393344226	0.22742443949959834	-0.2681221036948778	0.2478566715049353	-0.2452795307920798	0.13478019395020496	-0.38257155399029874	0.262469381423071	-0.21730248552477002	0.21917853574466442	-0.18325567637662377	0.9999999999999939	-0.3311016288749895	0.2147178049403202	-0.2146432077902879	0.17324444522041527	-0.3324005755802428	0.25742345369976866	-0.21089145981577764	0.1835760137550783	-0.15303153375339903	0.26347905403387306	-0.2563673241492251	0.20246507723082713	-0.49638627300583954	0.15418297938219772
0.03456630683980577	-0.030371178493112817	0.02786517819584995	-0.028885043066054637	0.032037267590287015	-0.04326669773395403	0.042586265467086146	-0.02941099279398474	0.02565472246757112	-0.026602724721852163	0.09980692098758787	-0.09212138798756654	0.11723164655958838	-0.0933114116181885	0.07973601829715861	-0.11496772247835535	0.14667783112366545	-0.1634851088461772	0.13964880256711668	-0.0786381859949021	0.14650462665258748	-0.20898966971457644	0.1709599913119212	-0.16480673990041655	0.11029188083979878	-0.3311016288749895	0.9999999999999923	-0.43041110616165923	0.22284700991092965	-0.11304955501310536	0.22697137226060682	-0.6946568552626042	0.23084699497453107	-0.19880623591717658	0.09090103124036959	-0.25688241087181507	0.21971847380271975	-0.19910810341523288	0.22833574563505793	-0.09431532624392522
-0.034197924844607604	0.030138246246190367	-0.028210682011661384	0.029591182840379985	-0.03297097754391228	0.04266483873978724	-0.04219329630382649	0.029794466208447758	-0.026497331199054303	0.027623836394466653	-0.09791543011204981	0.09157283829199332	-0.12201781426723965	0.09999223297969288	-0.0864096769629782	0.1078133619314951	-0.14758465257436126	0.17399240716227846	-0.15642402004830244	0.08548561694401785	-0.1327113425685775	0.191827105571229	-0.27011673922843377	0.20547658039958713	-0.12850931069166222	0.2147178049403202	-0.43041110616165923	0.9999999999999917	-0.5378845718102071	0.13079304046493076	-0.1383532338527481	0.25149891287733184	-0.5146103494457032	0.30485302825117083	-0.1055892533449443	0.15774164244432545	-0.23142202505454812	0.2094129463356762	-0.2268697997166328	0.10590945153204644
0.033801934240675256	-0.02996614116398032	0.028204959438677735	-0.030232616197460673	0.03369063592763288	-0.04236326539886805	0.04174728488286519	-0.029898839821601644	0.027092209045738346	-0.028479350685614035	0.0955977949613256	-0.09141803481767463	0.12132970959427093	-0.1037458092858337	0.09122265726893294	-0.10575895476954798	0.13996568334732115	-0.17488171438022554	0.15899873023974892	-0.09256469133140328	0.12569840561449483	-0.18432548049725767	0.199328069975721	-0.2562243026239332	0.14594034544268167	-0.2146432077902879	0.22284700991092965	-0.5378845718102071	0.9999999999999892	-0.1701879267999231	0.1244118465782188	-0.2200080002178705	0.3129484800821068	-0.6435764264190346	0.12841230269870402	-0.1550822414448691	0.18556044671682337	-0.1892158799109624	0.21302100134056526	-0.1293620497223491
-0.03920234248047793	0.034944889734208964	-0.03645262512779499	0.044838408438735315	-0.05560917388085169	0.047979239698801364	-0.048348719899800066	0.038490370708412075	-0.04245045264741736	0.0482544515229577	-0.10641560423639718	0.10270935248950264	-0.15957303239049123	0.14236252755027703	-0.21540129394564975	0.10207419301898478	-0.1339558171731069	0.15869997445726527	-0.19939267346874517	0.20700110659077608	-0.11699614739855548	0.15097349074945463	-0.15862626551260525	0.20577109127813314	-0.7619504595002617	0.17324444522041527	-0.11304955501310536	0.13079304046493076	-0.1701879267999231	0.9999999999999928	-0.08184819067474543	0.11045277074572755	-0.1252385549775876	0.13946710844748378	-0.3481919877621365	0.1059065138574903	-0.11783337509987866	0.1070894627197669	-0.2538083911169519	0.2334801549171367
0.028148179672241907	-0.02452402590645794	0.02256575754191575	-0.02322987801002691	0.026021062895496643	-0.034854752271002785	0.03454932389878429	-0.023691589166377744	0.020603002810552995	-0.021315988397848908	0.0809210243754403	-0.07254465842601773	0.09381073691049431	-0.07153979392502274	0.06239926235251703	-0.09037905355063784	0.11020775434684224	-0.11454521643137375	0.10658310070295698	-0.05998722073082067	0.11980458634018243	-0.12392188074431919	0.10464283304535126	-0.10665878943516387	0.08314055761520137	-0.3324005755802428	0.22697137226060682	-0.1383532338527481	0.1244118465782188	-0.08184819067474543	0.9999999999999911	-0.37994925112091804	0.1308516470280226	-0.10937796320304614	0.07015499359574927	-0.8092052392284337	0.16210853963600594	-0.12640125306575417	0.20861069032070562	-0.07177771818396286
-0.03411643418080382	0.02984863301208109	-0.027722486742698962	0.028868846721333094	-0.03229313784323439	0.04230170163243081	-0.0419331770990772	0.029168206849050863	-0.02566578253992189	0.026655233784404365	-0.09729953050752731	0.08865808001272454	-0.11663686130447723	0.09122203068019544	-0.07980342310131767	0.10630380909148794	-0.13953601111722916	0.14957166652755857	-0.1382389607472915	0.07751193049566259	-0.13647639472178955	0.16765857264260825	-0.1530307041171496	0.14864227771319274	-0.1104389527816081	0.25742345369976866	-0.6946568552626042	0.25149891287733184	-0.2200080002178705	0.11045277074572755	-0.37994925112091804	0.9999999999999901	-0.2497531168303281	0.1814708863036402	-0.09392194998614324	0.2600163911073772	-0.3263679405224305	0.2123462975063459	-0.2578482417276541	0.0960775133792351
0.030435522167500322	-0.026936426792206005	0.025084909052847344	-0.026742973546466372	0.029683021023462063	-0.03819474485575262	0.03754289435975151	-0.026578272530863638	0.023789860122098057	-0.02490021273914238	0.08595283569742643	-0.08166027197914193	0.10599654218225678	-0.08803378778787069	0.07703776210382565	-0.09653455669779169	0.1261172272277744	-0.155991927304983	0.1318148630519536	-0.07744661044465988	0.11553614548087433	-0.1650839186366057	0.16805629297232763	-0.17279757920927435	0.11508445400591076	-0.21089145981577764	0.23084699497453107	-0.5146103494457032	0.3129484800821068	-0.1252385549775876	0.1308516470280226	-0.2497531168303281	0.9999999999999898	-0.586241973333764	0.11425511243640045	-0.1614190625563756	0.25666556762571796	-0.392355450153124	0.22131288898640816	-0.11760176897685837
-0.03010843220977917	0.0265926530024561	-0.025202247190246305	0.02704469650679852	-0.03039643523359908	0.03749796087830947	-0.037116465387287655	0.026636158434395842	-0.024251912610044526	0.025522089025538125	-0.08463820411877598	0.07989063345507207	-0.10830353625075533	0.08961714644351394	-0.08176880107774906	0.0911831119085886	-0.12161085117483268	0.1443108677391153	-0.13920366827085698	0.08091215870850375	-0.10927034898275856	0.14909300940211087	-0.16124614219738834	0.17357413193747515	-0.13079983311276575	0.1835760137550783	-0.19880623591717658	0.30485302825117083	-0.6435764264190346	0.13946710844748378	-0.10937796320304614	0.1814708863036402	-0.586241973333764	0.9999999999999898	-0.16029589150608867	0.13205554640633638	-0.2264683360602782	0.2114055942287515	-0.23323400826063082	0.13721492044248956
0.024741921181140013	-0.02209689215879682	0.021628478861208045	-0.025384553457147137	0.029605498746042076	-0.030901710747654743	0.030495002543803197	-0.022981970394593532	0.02304898662029851	-0.025358438123537292	0.0672366876317813	-0.06554064647368464	0.09006125027437697	-0.07894604836843991	0.09302435143800329	-0.07156495828232667	0.08999892713258274	-0.11325138476249309	0.10910917490563714	-0.09569083389617007	0.08203841393480114	-0.1083238700299923	0.09905483325759969	-0.12321580769354551	0.20515562176999513	-0.15303153375339903	0.09090103124036959	-0.1055892533449443	0.12841230269870402	-0.3481919877621365	0.07015499359574927	-0.09392194998614324	0.11425511243640045	-0.16029589150608867	0.9999999999999895	-0.09443186481072592	0.09800816718283306	-0.09813851753925407	0.2204061969688152	-0.8504788372297429
-0.03629971628744364	0.03150096982216456	-0.029429825445505632	0.030498546734403584	-0.03446289123125451	0.044477811531773936	-0.04444945325310502	0.03080350319171304	-0.027085138261071284	0.02808052654315659	-0.10263373470900156	0.09108028531942111	-0.1225394849127909	0.09234133440714004	-0.08213970612885009	0.1071581744623237	-0.13853262272401964	0.14121431598556022	-0.13915540375769372	0.07802210954627474	-0.14155283908812077	0.1466362251695908	-0.12920540546020495	0.13226255484013877	-0.10960171762462073	0.26347905403387306	-0.25688241087181507	0.15774164244432545	-0.1550822414448691	0.1059065138574903	-0.8092052392284337	0.2600163911073772	-0.1614190625563756	0.13205554640633638	-0.09443186481072592	0.9999999999999897	-0.2098188582929449	0.15300904174757246	-0.2979258574456121	0.09556892702635658
0.031640637505153925	-0.02805864970100449	0.025809860448795498	-0.027727167798304645	0.030504143265000304	-0.03992819200444895	0.03898243758424535	-0.027410493034729692	0.024372643942880093	-0.025474046960106543	0.08841729297477716	-0.08443530660172277	0.10567812492528139	-0.08683620799939178	0.07557728825963383	-0.1016342639807797	0.12657680245252295	-0.15647990978543025	0.12533820560037442	-0.07651278363659243	0.12093189091016543	-0.1603107394570721	0.13899741026466236	-0.14887622377981305	0.10723528879677223	-0.2563673241492251	0.21971847380271975	-0.23142202505454812	0.18556044671682337	-0.11783337509987866	0.16210853963600594	-0.3263679405224305	0.25666556762571796	-0.2264683360602782	0.09800816718283306	-0.2098188582929449	0.9999999999999893	-0.775686267643712	0.25408454504198774	-0.10855965421577654
-0.02771955486864473	0.024522354348987373	-0.02278436252856147	0.02450246447012139	-0.027182940787451274	0.034776462525688584	-0.03413056505323709	0.024143622396684262	-0.021646761615179727	0.022677206357086505	-0.07733491601038263	0.07331404561038214	-0.09426037018950417	0.07700601598784286	-0.06847531847756971	0.08652706686586564	-0.11043114699471532	0.13309515539768105	-0.11321139341955508	0.06851170807414407	-0.10347289195501988	0.1357043451464532	-0.12539313859945414	0.13092399399260546	-0.09970418060411303	0.20246507723082713	-0.19910810341523288	0.2094129463356762	-0.1892158799109624	0.1070894627197669	-0.12640125306575417	0.2123462975063459	-0.392355450153124	0.2114055942287515	-0.09813851753925407	0.15300904174757246	-0.775686267643712	0.9999999999999896	-0.3307161279759743	0.10593628153953452
0.05681819793302927	-0.05094379277077138	0.04649887531610809	-0.05185264110407167	0.056353575583259624	-0.07270105330554912	0.07004007625303493	-0.04978743226023538	0.04497473955149454	-0.04745640444727389	0.15496659342253133	-0.1532043976363498	0.18280161213705368	-0.15552902188532064	0.13880652263032153	-0.18414348746907883	0.21708448115669465	-0.2902895766149007	0.21075480124277945	-0.1462872838621989	0.21003672180426086	-0.27361637035878644	0.21344190818329656	-0.24938292171669085	0.20423173607211523	-0.49638627300583954	0.22833574563505793	-0.2268697997166328	0.21302100134056526	-0.2538083911169519	0.20861069032070562	-0.2578482417276541	0.22131288898640816	-0.23323400826063082	0.2204061969688152	-0.2979258574456121	0.25408454504198774	-0.3307161279759743	0.9999999999999897	-0.33059782526160386
-0.026474513234304182	0.023565948505203726	-0.023325953825559798	0.027371248402983786	-0.03237758036803744	0.032841552679547574	-0.03260141575009241	0.024699213233131276	-0.02501543216713057	0.0275497787645039	-0.07186452432694244	0.0693100333286562	-0.09806189840471687	0.08410745842017994	-0.10282688789111519	0.07453725690907136	-0.09475648230090691	0.11606908427369785	-0.11838810066046222	0.09926262763404717	-0.08580805111367404	0.11076416134708973	-0.10341164550613774	0.12486830234666221	-0.22571122601577348	0.15418297938219772	-0.09431532624392522	0.10590945153204644	-0.1293620497223491	0.2334801549171367	-0.07177771818396286	0.0960775133792351	-0.11760176897685837	0.13721492044248956	-0.8504788372297429	0.09556892702635658	-0.10855965421577654	0.10593628153953452	-0.33059782526160386	0.9999999999999896
