1.0000000000000004	-0.5661546610239206	0.24278934882016412	-0.08043247131203304	0.06670647002360773	-0.7030774222553742	0.302283637398932	-0.24013895416121261	0.06855030175504877	-0.059957952687651146	0.10809884950199768	-0.15292298980641605	0.13669185652498106	-0.07726823376207347	0.057992221411455006	-0.08816872408473717	0.12218249333800196	-0.10352121933589833	0.07127269836474205	-0.06027799169636815	0.06560010601087816	-0.07854579870219087	0.08431194903806294	-0.07573341235576138	0.054630841233707074	-0.0860751896752047	0.06897815726703284	-0.05130824656175631	0.051573558428630206	-0.07807920896077158
-0.5661546610239206	1.0000000000000004	-0.5387100186157618	0.08927136299149296	-0.07595426762002513	0.3069619218916823	-0.48122675354302696	0.2824735512646235	-0.0793876322035127	0.06617958628572676	-0.10612098636452977	0.1749789816639274	-0.17023217424515102	0.08777490825788527	-0.06584574481128033	0.08377844318734778	-0.14591385928080852	0.1168008508915575	-0.08153186587098629	0.06728853164629865	-0.06749875994801606	0.0854208349738573	-0.0956794443901063	0.08205246310315581	-0.05969130912429385	0.0849281927118213	-0.07599173617457629	0.05538817271376007	-0.056413352529332376	0.08305477778290715
0.24278934882016412	-0.5387100186157618	1.0000000000000004	-0.13379553562284677	0.10173706843474417	-0.26676383189694897	0.2953273121058683	-0.6651273970230694	0.11297478880311845	-0.09238248725440688	0.11775746762876516	-0.21760232608099583	0.22116694558619066	-0.12511850566624869	0.0888600804641568	-0.0995981367063799	0.16779681999262025	-0.1620001978284085	0.11042969787513286	-0.09342465163542377	0.08350638021626296	-0.11181141621392515	0.12442487856608717	-0.11349783013394041	0.08109191427074236	-0.10876450689915135	0.09716580274073974	-0.07471657378350856	0.07475346043909356	-0.11646853711964897
-0.08043247131203304	0.08927136299149296	-0.13379553562284677	1.0000000000000004	-0.475515663310022	0.08253419831215042	-0.11273971812761201	0.13626454699836163	-0.6643513389074376	0.2494702563678059	-0.11331857228535468	0.14216775008155028	-0.1801209805712286	0.28943264628465615	-0.26031629586652477	0.08918983177375973	-0.17309296964712192	0.16301785387005405	-0.277982520417676	0.20816826759965384	-0.08623182111986137	0.11864715829959342	-0.15100985029978026	0.13859682488907552	-0.11055479232589482	0.1036463890665169	-0.11905675228920402	0.08628275656087578	-0.09442965326021505	0.13625910395137933
0.06670647002360773	-0.07595426762002513	0.10173706843474417	-0.475515663310022	1.0000000000000004	-0.07221065717821641	0.09299413024543128	-0.11270719551366658	0.23775647496275504	-0.6933415011080293	0.10263741694767943	-0.1278876774732557	0.14535991645905683	-0.24536853812263368	0.2768870478481115	-0.08520701864844935	0.14622204008169376	-0.15017226572801384	0.21152865279588173	-0.2643083818511703	0.0840344046858933	-0.11643898997305992	0.1380328552492922	-0.14756830411835267	0.11784688292071839	-0.10884821076819352	0.11317829744378866	-0.09101241903325435	0.09545802944911677	-0.16383858576456115
-0.7030774222553742	0.3069619218916823	-0.26676383189694897	0.08253419831215042	-0.07221065717821641	1.0000000000000004	-0.5443519616383813	0.22567882227830058	-0.0731883928104151	0.06289888662917603	-0.14390518324105134	0.17303919122007339	-0.15792623060659863	0.08202958885977038	-0.06261073891166707	0.1023355178124926	-0.14705650151405827	0.11172881094837765	-0.07735784478996341	0.06392976735621626	-0.07444063069934971	0.085978190322644	-0.09336227365052965	0.079829430355918	-0.058162665477738025	0.09400641560636602	-0.07652536619259945	0.0548114921658371	-0.05580006216038967	0.08097754195217105
0.302283637398932	-0.48122675354302696	0.2953273121058683	-0.11273971812761201	0.09299413024543128	-0.5443519616383813	1.0000000000000009	-0.4465435121398736	0.09960004544739444	-0.083566154747812	0.13503578935898455	-0.3353468060688735	0.22721873780268145	-0.11478878885475353	0.08245127232077287	-0.11197517838703827	0.1932033764942696	-0.15914897375254405	0.10405844357843048	-0.08636725649588088	0.08729139766521092	-0.11324908883725157	0.12332499580110023	-0.10759344308659671	0.07698853791731536	-0.1117476953817004	0.09724911739731637	-0.0721868130507287	0.07251759757374236	-0.10871223371362453
-0.24013895416121261	0.2824735512646235	-0.6651273970230694	0.13626454699836163	-0.11270719551366658	0.22567882227830058	-0.4465435121398736	1.0000000000000007	-0.14035072548050564	0.09730096563388961	-0.12863260364805598	0.24423174630352984	-0.3867362834064374	0.14390107780935896	-0.09986772569319527	0.10366352925834567	-0.20470513463309312	0.18251158316439955	-0.1284691746239121	0.10164455113697143	-0.08845729999558975	0.11977601501707429	-0.14472937359393698	0.11764590264544554	-0.08563900732507346	0.1091804066607264	-0.1063973272279644	0.07761408145054335	-0.0795706601201672	0.11618560846569627
0.06855030175504877	-0.0793876322035127	0.11297478880311845	-0.6643513389074376	0.23775647496275504	-0.0731883928104151	0.09960004544739444	-0.14035072548050564	1.0000000000000004	-0.21520726770320478	0.09049975609212361	-0.13727827158072206	0.17068779318108038	-0.5788848855904413	0.19708835248970275	-0.07450429851011697	0.14283119845080613	-0.15366115470534877	0.24930799352781272	-0.21235346218360376	0.0708989847244438	-0.10169779352882787	0.12732073084417472	-0.12461459786771326	0.09498253507673794	-0.08770449981021906	0.09641260380983566	-0.07366326101408854	0.07851006218603387	-0.12057402825412683
-0.059957952687651146	0.06617958628572676	-0.09238248725440688	0.2494702563678059	-0.6933415011080293	0.06289888662917603	-0.083566154747812	0.09730096563388961	-0.21520726770320478	0.9999999999999993	-0.0941363139908913	0.11154590553071322	-0.13306733938172077	0.19938319576938854	-0.5368759548617453	0.07484128053954896	-0.1384176606157807	0.13474619438133395	-0.23068136663773425	0.25263211529513635	-0.07383495142981053	0.1017509240242156	-0.1280448707062003	0.12498889848277284	-0.10452930123301672	0.09025681596320972	-0.10296893005195676	0.07683688762522556	-0.08408917410964978	0.12826932221450063
0.10809884950199768	-0.10612098636452977	0.11775746762876516	-0.11331857228535468	0.10263741694767943	-0.14390518324105134	0.13503578935898455	-0.12863260364805598	0.09049975609212361	-0.0941363139908913	0.9999999999999944	-0.21378867418758815	0.15929572466038638	-0.10798586704913612	0.08881602081172676	-0.7704636809617131	0.22335232617710615	-0.167875518778108	0.10786128700461846	-0.09405424399259851	0.2901270157298815	-0.1966549855329826	0.15694020025231578	-0.1461034787162982	0.10452270700709851	-0.4105762735731387	0.16581339087620897	-0.11232412393906094	0.10982451561317468	-0.15464194914240043
-0.15292298980641605	0.1749789816639274	-0.21760232608099583	0.14216775008155028	-0.1278876774732557	0.17303919122007339	-0.3353468060688735	0.24423174630352984	-0.13727827158072206	0.11154590553071322	-0.21378867418758815	0.9999999999999969	-0.5917470915227266	0.1705467694126533	-0.11915757561096582	0.16526751594908728	-0.5541044203329398	0.27132656495670415	-0.16188706605812836	0.1233344907201635	-0.13106474422406256	0.18268367913871542	-0.20673546861623654	0.1559009081936449	-0.1114829294850245	0.15300267387729966	-0.15408706277703196	0.10585853377001447	-0.10803301411555248	0.1492414205229362
0.13669185652498106	-0.17023217424515102	0.22116694558619066	-0.1801209805712286	0.14535991645905683	-0.15792623060659863	0.22721873780268145	-0.3867362834064374	0.17068779318108038	-0.13306733938172077	0.15929572466038638	-0.5917470915227266	0.9999999999999992	-0.2769727876783417	0.1402445291481032	-0.13938788573082173	0.30196372363778373	-0.44047531007696034	0.20072754595255551	-0.15441571784245045	0.12017997114975254	-0.1859052176581806	0.22649315294414027	-0.18554578714545555	0.1263957409887457	-0.14977747821331566	0.15057859160485837	-0.11565563166113335	0.11523033159319884	-0.17426863283491362
-0.07726823376207347	0.08777490825788527	-0.12511850566624869	0.28943264628465615	-0.24536853812263368	0.08202958885977038	-0.11478878885475353	0.14390107780935896	-0.5788848855904413	0.19938319576938854	-0.10798586704913612	0.1705467694126533	-0.2769727876783417	0.9999999999999966	-0.2829327060024636	0.08798772218937838	-0.18571495557447312	0.20135257140698098	-0.5454443725178935	0.25669495339457454	-0.08370610159961737	0.12235274491452483	-0.16533287544309952	0.15039017803369692	-0.11568659657877108	0.10070156998565805	-0.11631627021462196	0.0864146956808827	-0.09404464520791503	0.13660351772834972
0.057992221411455006	-0.06584574481128033	0.0888600804641568	-0.26031629586652477	0.2768870478481115	-0.06261073891166707	0.08245127232077287	-0.09986772569319527	0.19708835248970275	-0.5368759548617453	0.08881602081172676	-0.11915757561096582	0.1402445291481032	-0.2829327060024636	1.0000000000000016	-0.07362009948297493	0.13696337016305402	-0.1536337529732342	0.276287503818782	-0.6366470233194345	0.07229999000243174	-0.10545982890820976	0.13274530535538365	-0.14399134855083373	0.11996933741863945	-0.09031803771691425	0.10170027287773407	-0.0810253540733337	0.08706725263946036	-0.14707036981038224
-0.08816872408473717	0.08377844318734778	-0.0995981367063799	0.08918983177375973	-0.08520701864844935	0.1023355178124926	-0.11197517838703827	0.10366352925834567	-0.07450429851011697	0.07484128053954896	-0.7704636809617131	0.16526751594908728	-0.13938788573082173	0.08798772218937838	-0.07362009948297493	0.9999999999999962	-0.2552058084363987	0.14511675283782724	-0.0908727199861407	0.07655402067230622	-0.46328776940431016	0.18031542362141323	-0.14396827186212427	0.11808654966524938	-0.08598627968424588	0.29227007051921244	-0.1558430984517769	0.09426778926797194	-0.09536485538462156	0.11977938652821159
0.12218249333800196	-0.14591385928080852	0.16779681999262025	-0.17309296964712192	0.14622204008169376	-0.14705650151405827	0.1932033764942696	-0.20470513463309312	0.14283119845080613	-0.1384176606157807	0.22335232617710615	-0.5541044203329398	0.30196372363778373	-0.18571495557447312	0.13696337016305402	-0.2552058084363987	0.9999999999999977	-0.4685940817190018	0.18639317603783553	-0.15496403140935747	0.18451538959451855	-0.33701633169023426	0.2715650700732054	-0.23073383649339177	0.15507922624741896	-0.2209720808990726	0.2157260745667156	-0.1591250048455303	0.1517375884021347	-0.22391518505183403
-0.10352121933589833	0.1168008508915575	-0.1620001978284085	0.16301785387005405	-0.15017226572801384	0.11172881094837765	-0.15914897375254405	0.18251158316439955	-0.15366115470534877	0.13474619438133395	-0.167875518778108	0.27132656495670415	-0.44047531007696034	0.20135257140698098	-0.1536337529732342	0.14511675283782724	-0.4685940817190018	0.999999999999997	-0.2899485735491854	0.17227985827712383	-0.13966332810906346	0.23785256096396223	-0.5615714026423516	0.23122824775825876	-0.1612378870958963	0.15759469260581027	-0.19770163359614354	0.13722401627852135	-0.14445097836394413	0.19087572521321355
0.07127269836474205	-0.08153186587098629	0.11042969787513286	-0.277982520417676	0.21152865279588173	-0.07735784478996341	0.10405844357843048	-0.1284691746239121	0.24930799352781272	-0.23068136663773425	0.10786128700461846	-0.16188706605812836	0.20072754595255551	-0.5454443725178935	0.276287503818782	-0.0908727199861407	0.18639317603783553	-0.2899485735491854	0.9999999999999961	-0.5710576541068423	0.08837308065724081	-0.13702483852322	0.19019869037980938	-0.21101266787121173	0.14507679903348117	-0.1078351405996284	0.12678447295755524	-0.0999409782055813	0.10872349393509831	-0.16597675157564368
-0.06027799169636815	0.06728853164629865	-0.09342465163542377	0.20816826759965384	-0.2643083818511703	0.06392976735621626	-0.08636725649588088	0.10164455113697143	-0.21235346218360376	0.25263211529513635	-0.09405424399259851	0.1233344907201635	-0.15441571784245045	0.25669495339457454	-0.6366470233194345	0.07655402067230622	-0.15496403140935747	0.17227985827712383	-0.5710576541068423	0.9999999999999948	-0.07568929307258933	0.11178596488927438	-0.15481023744225764	0.15731838417508817	-0.15214061919910493	0.09100098686366731	-0.11050648993026434	0.08433811392479384	-0.09476446784997442	0.14881152187284796
0.06560010601087816	-0.06749875994801606	0.08350638021626296	-0.08623182111986137	0.0840344046858933	-0.07444063069934971	0.08729139766521092	-0.08845729999558975	0.0708989847244438	-0.07383495142981053	0.2901270157298815	-0.13106474422406256	0.12017997114975254	-0.08370610159961737	0.07229999000243174	-0.46328776940431016	0.18451538959451855	-0.13966332810906346	0.08837308065724081	-0.07568929307258933	0.9999999999999947	-0.3185139205626036	0.16174189370139716	-0.13226200182667164	0.09476922587942666	-0.7435069633557603	0.21032151942788124	-0.11807831709844122	0.11510589796269166	-0.1325293578083741
-0.07854579870219087	0.0854208349738573	-0.11181141621392515	0.11864715829959342	-0.11643898997305992	0.085978190322644	-0.11324908883725157	0.11977601501707429	-0.10169779352882787	0.1017509240242156	-0.1966549855329826	0.18268367913871542	-0.1859052176581806	0.12235274491452483	-0.10545982890820976	0.18031542362141323	-0.33701633169023426	0.23785256096396223	-0.13702483852322	0.11178596488927438	-0.3185139205626036	0.999999999999994	-0.43009779669887044	0.22530613819242246	-0.16068771099963772	0.25195520486031026	-0.6313510840183746	0.22412678730218222	-0.22816251037889793	0.20466568797844648
0.08431194903806294	-0.0956794443901063	0.12442487856608717	-0.15100985029978026	0.1380328552492922	-0.09336227365052965	0.12332499580110023	-0.14472937359393698	0.12732073084417472	-0.1280448707062003	0.15694020025231578	-0.20673546861623654	0.22649315294414027	-0.16533287544309952	0.13274530535538365	-0.14396827186212427	0.2715650700732054	-0.5615714026423516	0.19019869037980938	-0.15481023744225764	0.16174189370139716	-0.43009779669887044	0.9999999999999948	-0.4553624600610079	0.219806036396678	-0.190883499001214	0.2508353750600749	-0.2019975924886306	0.19590017401790003	-0.28005588869279335
-0.07573341235576138	0.08205246310315581	-0.11349783013394041	0.13859682488907552	-0.14756830411835267	0.079829430355918	-0.10759344308659671	0.11764590264544554	-0.12461459786771326	0.12498889848277284	-0.1461034787162982	0.1559009081936449	-0.18554578714545555	0.15039017803369692	-0.14399134855083373	0.11808654966524938	-0.23073383649339177	0.23122824775825876	-0.21101266787121173	0.15731838417508817	-0.13226200182667164	0.22530613819242246	-0.4553624600610079	0.9999999999999944	-0.5920772405703222	0.1497779788574064	-0.26352425536512925	0.2165299535264649	-0.33881887616212036	0.3207876884119509
0.054630841233707074	-0.05969130912429385	0.08109191427074236	-0.11055479232589482	0.11784688292071839	-0.058162665477738025	0.07698853791731536	-0.08563900732507346	0.09498253507673794	-0.10452930123301672	0.10452270700709851	-0.1114829294850245	0.1263957409887457	-0.11568659657877108	0.11996933741863945	-0.08598627968424588	0.15507922624741896	-0.1612378870958963	0.14507679903348117	-0.15214061919910493	0.09476922587942666	-0.16068771099963772	0.219806036396678	-0.5920772405703222	0.9999999999999936	-0.11331416067331906	0.17518932769618803	-0.1703434572725453	0.21234977260969526	-0.6971649276385334
-0.0860751896752047	0.0849281927118213	-0.10876450689915135	0.1036463890665169	-0.10884821076819352	0.09400641560636602	-0.1117476953817004	0.1091804066607264	-0.08770449981021906	0.09025681596320972	-0.4105762735731387	0.15300267387729966	-0.14977747821331566	0.10070156998565805	-0.09031803771691425	0.29227007051921244	-0.2209720808990726	0.15759469260581027	-0.1078351405996284	0.09100098686366731	-0.7435069633557603	0.25195520486031026	-0.190883499001214	0.1497779788574064	-0.11331416067331906	0.9999999999999947	-0.28949889034419485	0.14022274124792544	-0.14845372841555626	0.14973222306470316
0.06897815726703284	-0.07599173617457629	0.09716580274073974	-0.11905675228920402	0.11317829744378866	-0.07652536619259945	0.09724911739731637	-0.1063973272279644	0.09641260380983566	-0.10296893005195676	0.16581339087620897	-0.15408706277703196	0.15057859160485837	-0.11631627021462196	0.10170027287773407	-0.1558430984517769	0.2157260745667156	-0.19770163359614354	0.12678447295755524	-0.11050648993026434	0.21032151942788124	-0.6313510840183746	0.2508353750600749	-0.26352425536512925	0.17518932769618803	-0.28949889034419485	0.9999999999999952	-0.4659575185173667	0.2681545980521353	-0.27236118712027824
-0.05130824656175631	0.05538817271376007	-0.07471657378350856	0.08628275656087578	-0.09101241903325435	0.0548114921658371	-0.0721868130507287	0.07761408145054335	-0.07366326101408854	0.07683688762522556	-0.11232412393906094	0.10585853377001447	-0.11565563166113335	0.0864146956808827	-0.0810253540733337	0.09426778926797194	-0.1591250048455303	0.13722401627852135	-0.0999409782055813	0.08433811392479384	-0.11807831709844122	0.22412678730218222	-0.2019975924886306	0.2165299535264649	-0.1703434572725453	0.14022274124792544	-0.4659575185173667	0.9999999999999951	-0.7687522027818599	0.2161714766729057
0.051573558428630206	-0.056413352529332376	0.07475346043909356	-0.09442965326021505	0.09545802944911677	-0.05580006216038967	0.07251759757374236	-0.0795706601201672	0.07851006218603387	-0.08408917410964978	0.10982451561317468	-0.10803301411555248	0.11523033159319884	-0.09404464520791503	0.08706725263946036	-0.09536485538462156	0.1517375884021347	-0.14445097836394413	0.10872349393509831	-0.09476446784997442	0.11510589796269166	-0.22816251037889793	0.19590017401790003	-0.33881887616212036	0.21234977260969526	-0.14845372841555626	0.2681545980521353	-0.7687522027818599	0.9999999999999951	-0.34575815129518905
-0.07807920896077158	0.08305477778290715	-0.11646853711964897	0.13625910395137933	-0.16383858576456115	0.08097754195217105	-0.10871223371362453	0.11618560846569627	-0.12057402825412683	0.12826932221450063	-0.15464194914240043	0.1492414205229362	-0.17426863283491362	0.13660351772834972	-0.14707036981038224	0.11977938652821159	-0.22391518505183403	0.19087572521321355	-0.16597675157564368	0.14881152187284796	-0.1325293578083741	0.20466568797844648	-0.28005588869279335	0.3207876884119509	-0.6971649276385334	0.14973222306470316	-0.27236118712027824	0.2161714766729057	-0.34575815129518905	0.9999999999999952
