0.9999999999999999	-0.30650243868934773	0.09728597325738697	-0.07673903793962485	0.14709868049856697	-0.5977577594965556	0.22999752531636722	-0.1165080824457807	0.10600435910965675	-0.09202857029697516	0.3127370478028519	-0.2658930674039736	0.11510734973365118	-0.10813705621016056	0.1388887227450919	-0.31899526977505943	0.20072222090767997	-0.17378645145215396	0.11770265501213399	-0.12455901245211298	0.21026311221431895	-0.3507893956328073	0.17262083039828227	-0.11294953608455166	0.08920199183455196	-0.15890072466285257	0.14907761971902078	-0.18312122432427438	0.10602937181031023	-0.11376639062896615	0.13723643166917038	-0.1302400433253295	0.13031696240676505	-0.15176362578385982	0.04496267144294387	-0.1663587541312664	0.10834854569756201	-0.15711942432245662	0.13475788561218377	-0.0424440913206809
-0.30650243868934773	1.0	-0.060443627053641695	0.04737288218826066	-0.07255197532172114	0.1736020638693604	-0.911444139385094	0.08877922514545974	-0.06890705118945528	0.04879898013929428	-0.14115321910803857	0.12263960244992714	-0.07916486506978876	0.06277889213676931	-0.07099343906397143	0.11027492853755178	-0.09747958352194461	0.07574639785392649	-0.05341787748624493	0.05215461712435857	-0.07905542618204421	0.11775694672963473	-0.07515371282868885	0.04839642987684817	-0.03754190450252876	0.05717684562451054	-0.05486705123878218	0.06887457674430914	-0.04293066547505149	0.04580276314030953	-0.05115413372988525	0.047842525741907886	-0.048866188103148946	0.056821394529726635	-0.017128761813535887	0.061148616463111635	-0.04013435222120977	0.05815549963087907	-0.05135733378394197	0.01612456068664997
0.09728597325738697	-0.060443627053641695	0.9999999999999996	-0.8439219725767015	0.20320667153152636	-0.06194272816022447	0.06326672553168675	-0.237471097122506	0.2584162645869616	-0.16988997975752834	0.07865016304412996	-0.10827781869444235	0.16815314384501326	-0.22823838741184452	0.18099781102026835	-0.09460511342526227	0.08941829736229837	-0.15687343693205508	0.11880876255836995	-0.12432950808611752	0.08190948533607702	-0.12954803076506025	0.13501460888180986	-0.10953083095276198	0.08422782329187227	-0.0795945894940408	0.0799204804553794	-0.13748875896043483	0.09075573442927516	-0.1020027284386896	0.08063864147842187	-0.08013895099207945	0.09170623715736745	-0.11270771453426098	0.03269697870422433	-0.12155952526001637	0.07596275760526405	-0.11550371431785744	0.09417784045670967	-0.03114583881643026
-0.07673903793962485	0.04737288218826066	-0.8439219725767015	0.9999999999999998	-0.23553307388645084	0.048286917610400576	-0.05102233579720995	0.19334419215656376	-0.37291559135623337	0.1649421767196666	-0.061622040801620453	0.08449191135295951	-0.1562337085953854	0.1988363561255264	-0.17856241982053603	0.0722155879453171	-0.07066793190919114	0.12148114396310769	-0.09781741662272361	0.09608059872515838	-0.062444717584930025	0.09732473803585479	-0.1076244518646951	0.08598296083819933	-0.06598263788605895	0.059644339476949124	-0.06002377108557318	0.10225218305692078	-0.06994448416376246	0.07767595837067742	-0.06045471410754679	0.0597498268283453	-0.06839212803900586	0.08364248967360582	-0.024509325818176858	0.0895355535006522	-0.056287569065115055	0.08530218999619281	-0.07075896382455973	0.023296256206117368
0.14709868049856697	-0.07255197532172114	0.20320667153152636	-0.23553307388645084	0.9999999999999996	-0.09315671376442339	0.07839036593343068	-0.21317917928768576	0.2374929918898376	-0.6516816895007569	0.1208199563803103	-0.16141720836890977	0.18169393853322957	-0.2401509827226441	0.31892242721544883	-0.15137438432359276	0.13397891637320555	-0.2384191900312344	0.17163481986912826	-0.20754219701665758	0.1335200953050676	-0.21565855375865076	0.20873651014435915	-0.1694996224929109	0.1365193519036708	-0.1354103307423394	0.13582355536572274	-0.23962454156798854	0.14942108158828535	-0.1708637297401851	0.13808439741858575	-0.13862744320229062	0.15923613909764134	-0.19763726280068344	0.056426828226531556	-0.21587045907414848	0.133418761731678	-0.204162399750007	0.16187881367865656	-0.053943260152103344
-0.5977577594965556	0.1736020638693604	-0.06194272816022447	0.048286917610400576	-0.09315671376442339	0.9999999999999993	-0.20880084507665123	0.07382030770439829	-0.06761620225667582	0.0578379923166378	-0.6823757852202992	0.1721566833215359	-0.07443245392840135	0.06754906506224886	-0.08783097127345275	0.21744510768591244	-0.1427565154582223	0.10287499330858733	-0.07078664767598546	0.07129152195716211	-0.15003565786231451	0.1928137296159256	-0.10611431481030706	0.06595936696842285	-0.05171132039308925	0.0949819976943069	-0.08977420908234035	0.10198930573753924	-0.060895333188760045	0.06441447008106979	-0.08213089318921704	0.07495023956501422	-0.07375080835007816	0.08411270902987629	-0.02551987829419457	0.09087718557588023	-0.060538402918829004	0.08637840057867709	-0.07737401131021109	0.023959400763701177
0.22999752531636722	-0.911444139385094	0.06326672553168675	-0.05102233579720995	0.07839036593343068	-0.20880084507665123	0.9999999999999984	-0.10704645395849395	0.07461104329947209	-0.053249140026676155	0.14578275920902428	-0.15180707411610825	0.08652028167547701	-0.06968407813162646	0.0768975431847803	-0.1277862169674966	0.1087709979359383	-0.08570049734657469	0.059482708390701085	-0.058656012921067605	0.08915915320799792	-0.1374300802472417	0.08321338374880799	-0.05430290933143772	0.042101824412631515	-0.06534839624206104	0.06238989312518295	-0.07827867426933309	0.048317531082266996	-0.05168152296843826	0.057964652636937015	-0.05446343064922463	0.055459071950746244	-0.06451574472444324	0.019363859312248013	-0.06966574087473637	0.04563124852024656	-0.06618058714651509	0.0579855784272176	-0.018242260635997588
-0.1165080824457807	0.08877922514545974	-0.237471097122506	0.19334419215656376	-0.21317917928768576	0.07382030770439829	-0.10704645395849395	0.9999999999999981	-0.5068241261291851	0.18288174802842702	-0.09380531406599468	0.14262671118135298	-0.7013242536181947	0.31447604199617657	-0.24363472187128643	0.1001573506815016	-0.12103014298984786	0.1729979440774049	-0.14165720310185986	0.11727646132087201	-0.08428939267347417	0.12334833319850445	-0.1538042090107674	0.1128090399634096	-0.08371041641580064	0.0726637373693847	-0.07325739693226409	0.11694248481014509	-0.0868189787391274	0.09343368022082404	-0.07253223053804043	0.070009747304766	-0.07912475290192161	0.09477798756178397	-0.028620377622359083	0.09923095737769483	-0.0638357348840595	0.09534878606860042	-0.08346865697020073	0.027017963824526207
0.10600435910965675	-0.06890705118945528	0.2584162645869616	-0.37291559135623337	0.2374929918898376	-0.06761620225667582	0.07461104329947209	-0.5068241261291851	0.9999999999999991	-0.30391921515577475	0.08624203315578242	-0.1267874827946268	0.2999351109274687	-0.5657141565528204	0.2678278101154573	-0.1003754000976133	0.10433303866306695	-0.18443471188492055	0.15486399749146978	-0.13858932460355755	0.08597100592373098	-0.1322410685766546	0.15318842121969278	-0.1310003358265849	0.09531001384873185	-0.08041650171177417	0.0810629187414091	-0.1372843428938876	0.09870204212482636	-0.10922386556927528	0.08124623030073078	-0.07992996711369647	0.0915772746177882	-0.1112123363793391	0.032887988753225725	-0.11782986024359468	0.07460973951136922	-0.11273872815408575	0.09487695002366314	-0.031198923524453557
-0.09202857029697516	0.04879898013929428	-0.16988997975752834	0.1649421767196666	-0.6516816895007569	0.0578379923166378	-0.053249140026676155	0.18288174802842702	-0.30391921515577475	0.999999999999998	-0.0750575217654896	0.10264535555118394	-0.16940989065325948	0.2325520490464419	-0.602808542830932	0.09040562057940466	-0.08593321035784045	0.15162758417755662	-0.12132936456488472	0.13241036446693513	-0.07905478543342012	0.12458321018282122	-0.1349952881493968	0.11011098627374387	-0.08901533957175733	0.07750963495663227	-0.07806118676853668	0.13547493731756463	-0.09183552471589156	0.10284586552864385	-0.07897075928530065	0.07849418777116514	-0.09028762827800667	0.11087739996413463	-0.03229012222146448	0.11916168670683505	-0.0745447832731663	0.11337269851039206	-0.09290633469126039	0.0307363489021387
0.3127370478028519	-0.14115321910803857	0.07865016304412996	-0.061622040801620453	0.1208199563803103	-0.6823757852202992	0.14578275920902428	-0.09380531406599468	0.08624203315578242	-0.0750575217654896	0.9999999999999941	-0.2865421262775302	0.09668650590603545	-0.08875548019579173	0.11407597484243062	-0.4184519676407328	0.2098155649812321	-0.14291394024723625	0.09595542728108697	-0.09678209996187861	0.21518553208967092	-0.2949662208761209	0.14258345931593241	-0.0897081143752733	0.07020839690614208	-0.13924906630910214	0.12761272496186768	-0.14172630937803188	0.08325535934192413	-0.0880688203908042	0.11472317634212399	-0.10568604523904221	0.1022180115881945	-0.11580665042244633	0.03487911084004333	-0.12596264720141565	0.08393013589131934	-0.1195802972576785	0.10561776119567447	-0.032765435033812226
-0.2658930674039736	0.12263960244992714	-0.10827781869444235	0.08449191135295951	-0.16141720836890977	0.1721566833215359	-0.15180707411610825	0.14262671118135298	-0.1267874827946268	0.10264535555118394	-0.2865421262775302	0.9999999999999974	-0.18895591793833355	0.1338533734937647	-0.15770741556598986	0.2578260340848332	-0.7821749470198691	0.19785000841089254	-0.13428881215955604	0.11099263071102693	-0.2061489418218113	0.23780399114412293	-0.19575116418673164	0.11006669350735986	-0.08301301953428739	0.12112166560564927	-0.1209299155072984	0.13525316966248913	-0.09249659009597413	0.095426467689973	-0.11043181504352807	0.09760928573913258	-0.09818714631247087	0.11027362443374651	-0.03483875552018081	0.11462395198881073	-0.07840082817459834	0.1106393236156594	-0.10631881931545478	0.03246839509883311
0.11510734973365118	-0.07916486506978876	0.16815314384501326	-0.1562337085953854	0.18169393853322957	-0.07443245392840135	0.08652028167547701	-0.7013242536181947	0.2999351109274687	-0.16940989065325948	0.09668650590603545	-0.18895591793833355	0.9999999999999919	-0.5239692985714893	0.22255868312968696	-0.10836516778863658	0.1365678429489257	-0.22207463510169392	0.15876280031126302	-0.12880242974481454	0.08997069837672084	-0.13250858150684008	0.16212526384756845	-0.12766220502033737	0.090797250675007	-0.07745941148534093	0.07801948148668278	-0.12526221218430536	0.09367904636889679	-0.10177033967158078	0.07700233899488845	-0.07448145913630962	0.084232222454997	-0.10077966733669026	0.030340892099290317	-0.1054187299907757	0.06779974431550147	-0.10139595574702749	0.08817828774975522	-0.028659669140916007
-0.10813705621016056	0.06277889213676931	-0.22823838741184452	0.1988363561255264	-0.2401509827226441	0.06754906506224886	-0.06968407813162646	0.31447604199617657	-0.5657141565528204	0.2325520490464419	-0.08875548019579173	0.1338533734937647	-0.5239692985714893	0.9999999999999934	-0.41789662138524436	0.10032060624707859	-0.11374692979508415	0.19898356276601392	-0.2256209146392196	0.14714085733661955	-0.08619462185047091	0.12893248408114977	-0.1697322099883724	0.1493544264480789	-0.1053325039926024	0.07856222991618078	-0.07969541876049112	0.1336296350259443	-0.10549026428780596	0.1131405424527841	-0.07963775579869932	0.0776166750214919	-0.0893575592824629	0.10728994167268299	-0.032380142508018225	0.11174795483000562	-0.07164373398202492	0.10761555547028018	-0.09358613755330977	0.03058397309824079
0.1388887227450919	-0.07099343906397143	0.18099781102026835	-0.17856241982053603	0.31892242721544883	-0.08783097127345275	0.0768975431847803	-0.24363472187128643	0.2678278101154573	-0.602808542830932	0.11407597484243062	-0.15770741556598986	0.22255868312968696	-0.41789662138524436	0.9999999999999943	-0.1404494726495766	0.13034531228523455	-0.23835002845911718	0.1848807957540094	-0.22500819955129128	0.1230685638972457	-0.19584106578722538	0.20541477197520183	-0.17508379934910337	0.1425631686000559	-0.12247342551375422	0.1232793112228996	-0.21654997678120064	0.1454667046803964	-0.16562544080126115	0.1248526030357046	-0.1246061119751088	0.14362123288230602	-0.17677293631628982	0.0512021619239372	-0.19037843219579276	0.11874488973337408	-0.18104508361062796	0.14681043475157313	-0.04880071519858631
-0.31899526977505943	0.11027492853755178	-0.09460511342526227	0.0722155879453171	-0.15137438432359276	0.21744510768591244	-0.1277862169674966	0.1001573506815016	-0.1003754000976133	0.09040562057940466	-0.4184519676407328	0.2578260340848332	-0.10836516778863658	0.10032060624707859	-0.1404494726495766	0.9999999999999939	-0.3780792988578547	0.15905319604746113	-0.11119134000725713	0.10425824241791533	-0.6070735705171768	0.31125103343588184	-0.17565783136605	0.09988079648114971	-0.07792950516553847	0.1964572376127481	-0.18306669609028903	0.15426831572896513	-0.09305405426210285	0.09488516359455708	-0.15904760487581143	0.13023026162581752	-0.11760861227513901	0.1243103930244634	-0.039332332766024686	0.1322368181949407	-0.09400622147754413	0.12705879453774577	-0.12258146412379631	0.03649605252866784
0.20072222090767997	-0.09747958352194461	0.08941829736229837	-0.07066793190919114	0.13397891637320555	-0.1427565154582223	0.1087709979359383	-0.12103014298984786	0.10433303866306695	-0.08593321035784045	0.2098155649812321	-0.7821749470198691	0.1365678429489257	-0.11374692979508415	0.13034531228523455	-0.3780792988578547	0.9999999999999961	-0.2381553477447384	0.12665413764576897	-0.10286497656743117	0.21395449448179268	-0.3032005430683071	0.17744252580516306	-0.10403097090098835	0.07669809106650287	-0.12436330882832274	0.12047507379084212	-0.12706981749274562	0.08572772337008472	-0.08858428730363531	0.10576811026519382	-0.0943134710380913	0.09192425924301482	-0.10159235975449107	0.03184173538392451	-0.10625951625141701	0.07312076922482147	-0.10259213146713853	0.0970144134823596	-0.02967823853006973
-0.17378645145215396	0.07574639785392649	-0.15687343693205508	0.12148114396310769	-0.2384191900312344	0.10287499330858733	-0.08570049734657469	0.1729979440774049	-0.18443471188492055	0.15162758417755662	-0.14291394024723625	0.19785000841089254	-0.22207463510169392	0.19898356276601392	-0.23835002845911718	0.15905319604746113	-0.2381553477447384	0.9999999999999902	-0.5254269792971513	0.23102936499194365	-0.13829267812831506	0.1915838108490092	-0.5963284161572583	0.2781802823989863	-0.18912627604931928	0.11710482726094316	-0.12159439901337495	0.1975605964436333	-0.18958218767612756	0.18532732025286247	-0.12062909254776621	0.11372409119448645	-0.1333338228197208	0.15356452620424083	-0.04983161747794491	0.14928910013618021	-0.10077515389323216	0.14784681751117978	-0.14653931978566112	0.04634261757739413
0.11770265501213399	-0.05341787748624493	0.11880876255836995	-0.09781741662272361	0.17163481986912826	-0.07078664767598546	0.059482708390701085	-0.14165720310185986	0.15486399749146978	-0.12132936456488472	0.09595542728108697	-0.13428881215955604	0.15876280031126302	-0.2256209146392196	0.1848807957540094	-0.11119134000725713	0.12665413764576897	-0.5254269792971513	0.9999999999999899	-0.3483025157516938	0.09778084043968677	-0.14146581640118705	0.30120350733973583	-0.6209690707304203	0.24709527293727318	-0.09255967464472883	0.09748174246091311	-0.1817210351025299	0.2191010091901615	-0.23323680964062796	0.09728054008401728	-0.09374949360281226	0.11520944398548313	-0.131752338038768	0.04302483334403919	-0.12250374273293801	0.08336827321263067	-0.12367991388637092	0.12123746435462049	-0.04005205885159037
-0.12455901245211298	0.05215461712435857	-0.12432950808611752	0.09608059872515838	-0.20754219701665758	0.07129152195716211	-0.058656012921067605	0.11727646132087201	-0.13858932460355755	0.13241036446693513	-0.09678209996187861	0.11099263071102693	-0.12880242974481454	0.14714085733661955	-0.22500819955129128	0.10425824241791533	-0.10286497656743117	0.23102936499194365	-0.3483025157516938	0.999999999999988	-0.09653399857067929	0.13656849111391556	-0.3223380565242816	0.29497173543186667	-0.7137047844905002	0.09494300955551736	-0.10299347231422307	0.1846615987350659	-0.27818708971500794	0.2684493124114617	-0.10512798723112408	0.09886887733737984	-0.12601104376224984	0.13970862198177883	-0.04985683894022722	0.12562797077284968	-0.08825878424558545	0.12820536842736519	-0.14173303076493973	0.04554173415947358
0.21026311221431895	-0.07905542618204421	0.08190948533607702	-0.062444717584930025	0.1335200953050676	-0.15003565786231451	0.08915915320799792	-0.08428939267347417	0.08597100592373098	-0.07905478543342012	0.21518553208967092	-0.2061489418218113	0.08997069837672084	-0.08619462185047091	0.1230685638972457	-0.6070735705171768	0.21395449448179268	-0.13829267812831506	0.09778084043968677	-0.09653399857067929	0.9999999999999901	-0.5619415673067234	0.15560537631104257	-0.09173180988933063	0.07257356644479115	-0.3680127194395773	0.23307260583726125	-0.16900527812311855	0.09134779018692211	-0.09220339407981569	0.18664942638282409	-0.15987333485433453	0.12835616878337724	-0.12904341345036327	0.0398600377683221	-0.14175248226550652	0.10221323224757166	-0.13553104036095487	0.12470802372647657	-0.036950393229461934
-0.3507893956328073	0.11775694672963473	-0.12954803076506025	0.09732473803585479	-0.21565855375865076	0.1928137296159256	-0.1374300802472417	0.12334833319850445	-0.1322410685766546	0.12458321018282122	-0.2949662208761209	0.23780399114412293	-0.13250858150684008	0.12893248408114977	-0.19584106578722538	0.31125103343588184	-0.3032005430683071	0.1915838108490092	-0.14146581640118705	0.13656849111391556	-0.5619415673067234	0.9999999999999906	-0.24204171294164784	0.13058833915210327	-0.10310663365299452	0.2583981559435554	-0.3241678531751944	0.2115574585650463	-0.12597301330096564	0.1259722422897203	-0.22757330519069588	0.1887098649245929	-0.1668533001735044	0.16978463888251955	-0.05539402329704913	0.17747956127776093	-0.13118542352126886	0.17228426494481242	-0.1759053664304506	0.051050298309333476
0.17262083039828227	-0.07515371282868885	0.13501460888180986	-0.1076244518646951	0.20873651014435915	-0.10611431481030706	0.08321338374880799	-0.1538042090107674	0.15318842121969278	-0.1349952881493968	0.14258345931593241	-0.19575116418673164	0.16212526384756845	-0.1697322099883724	0.20541477197520183	-0.17565783136605	0.17744252580516306	-0.5963284161572583	0.30120350733973583	-0.3223380565242816	0.15560537631104257	-0.24204171294164784	0.9999999999999908	-0.3870524452490279	0.22394027098101155	-0.1530730510106463	0.15745669013789704	-0.301230711137829	0.22918688645932248	-0.2581611843223679	0.15698584019818593	-0.1552970709690688	0.18506876357469268	-0.21816099897711008	0.06570395069318159	-0.21600324205871846	0.14128161067440975	-0.21395433857096074	0.18772224320699799	-0.062020480556186024
-0.11294953608455166	0.04839642987684817	-0.10953083095276198	0.08598296083819933	-0.1694996224929109	0.06595936696842285	-0.05430290933143772	0.1128090399634096	-0.1310003358265849	0.11011098627374387	-0.0897081143752733	0.11006669350735986	-0.12766220502033737	0.1493544264480789	-0.17508379934910337	0.09988079648114971	-0.10403097090098835	0.2781802823989863	-0.6209690707304203	0.29497173543186667	-0.09173180988933063	0.13058833915210327	-0.3870524452490279	0.999999999999989	-0.42018323390179263	0.09054895494213458	-0.09843128720228066	0.18885920726778604	-0.3760793007906437	0.2697049382558793	-0.09866205657524856	0.09409225772614464	-0.12168902050392236	0.13281327197018067	-0.04527845962168981	0.11871627760345713	-0.08316315309856602	0.12177451244870678	-0.1274560809323717	0.041653773276400616
0.08920199183455196	-0.03754190450252876	0.08422782329187227	-0.06598263788605895	0.1365193519036708	-0.05171132039308925	0.042101824412631515	-0.08371041641580064	0.09531001384873185	-0.08901533957175733	0.07020839690614208	-0.08301301953428739	0.090797250675007	-0.1053325039926024	0.1425631686000559	-0.07792950516553847	0.07669809106650287	-0.18912627604931928	0.24709527293727318	-0.7137047844905002	0.07257356644479115	-0.10310663365299452	0.22394027098101155	-0.42018323390179263	0.9999999999999856	-0.07414007979307169	0.08092548608009577	-0.1610692711371866	0.26297097876005165	-0.4339527394600974	0.08166461846355297	-0.0781369290617497	0.10185459454676654	-0.1122010140455265	0.040414178053079015	-0.09767885557036904	0.06898292225744763	-0.1012852619964593	0.10794855978761972	-0.03717663970324574
-0.15890072466285257	0.05717684562451054	-0.0795945894940408	0.059644339476949124	-0.1354103307423394	0.0949819976943069	-0.06534839624206104	0.0726637373693847	-0.08041650171177417	0.07750963495663227	-0.13924906630910214	0.12112166560564927	-0.07745941148534093	0.07856222991618078	-0.12247342551375422	0.1964572376127481	-0.12436330882832274	0.11710482726094316	-0.09255967464472883	0.09494300955551736	-0.3680127194395773	0.2583981559435554	-0.1530730510106463	0.09054895494213458	-0.07414007979307169	0.9999999999999896	-0.6794575173149497	0.2154190624094247	-0.10452267328805868	0.0981383990620836	-0.46503304733138406	0.280650151988746	-0.18595137722275668	0.15295531624254435	-0.04808220930549237	0.17469660375460383	-0.14232450534917307	0.1666989234326492	-0.1552612126307126	0.043962761830306
0.14907761971902078	-0.05486705123878218	0.0799204804553794	-0.06002377108557318	0.13582355536572274	-0.08977420908234035	0.06238989312518295	-0.07325739693226409	0.0810629187414091	-0.07806118676853668	0.12761272496186768	-0.1209299155072984	0.07801948148668278	-0.07969541876049112	0.1232793112228996	-0.18306669609028903	0.12047507379084212	-0.12159439901337495	0.09748174246091311	-0.10299347231422307	0.23307260583726125	-0.3241678531751944	0.15745669013789704	-0.09843128720228066	0.08092548608009577	-0.6794575173149497	0.9999999999999856	-0.32040150227022746	0.1202198934637896	-0.11331326054073844	0.30798709376759736	-0.43461236294927025	0.2181848455298798	-0.17577485163328738	0.05214903832568489	-0.19641700868846762	0.1589555200264942	-0.19535834437863747	0.1659652636154248	-0.04786176137598523
-0.18312122432427438	0.06887457674430914	-0.13748875896043483	0.10225218305692078	-0.23962454156798854	0.10198930573753924	-0.07827867426933309	0.11694248481014509	-0.1372843428938876	0.13547493731756463	-0.14172630937803188	0.13525316966248913	-0.12526221218430536	0.1336296350259443	-0.21654997678120064	0.15426831572896513	-0.12706981749274562	0.1975605964436333	-0.1817210351025299	0.1846615987350659	-0.16900527812311855	0.2115574585650463	-0.301230711137829	0.18885920726778604	-0.1610692711371866	0.2154190624094247	-0.32040150227022746	0.9999999999999853	-0.35290919407337085	0.22675843606582366	-0.2674288787302447	0.25252154234106067	-0.542511974040168	0.27187716862350847	-0.09202377362977386	0.2242976308282137	-0.19759093484699966	0.26565383030296363	-0.2976509794440981	0.08209831876439677
0.10602937181031023	-0.04293066547505149	0.09075573442927516	-0.06994448416376246	0.14942108158828535	-0.060895333188760045	0.048317531082266996	-0.0868189787391274	0.09870204212482636	-0.09183552471589156	0.08325535934192413	-0.09249659009597413	0.09367904636889679	-0.10549026428780596	0.1454667046803964	-0.09305405426210285	0.08572772337008472	-0.18958218767612756	0.2191010091901615	-0.27818708971500794	0.09134779018692211	-0.12597301330096564	0.22918688645932248	-0.3760793007906437	0.26297097876005165	-0.10452267328805868	0.1202198934637896	-0.35290919407337085	0.999999999999982	-0.7316141242489573	0.11730309366758826	-0.11525754203474847	0.16678369292520498	-0.1747778820519816	0.05846551548697164	-0.12920271027666316	0.096766718490374	-0.1429880141632215	0.1545623148180696	-0.053502878714870486
-0.11376639062896615	0.04580276314030953	-0.1020027284386896	0.07767595837067742	-0.1708637297401851	0.06441447008106979	-0.05168152296843826	0.09343368022082404	-0.10922386556927528	0.10284586552864385	-0.0880688203908042	0.095426467689973	-0.10177033967158078	0.1131405424527841	-0.16562544080126115	0.09488516359455708	-0.08858428730363531	0.18532732025286247	-0.23323680964062796	0.2684493124114617	-0.09220339407981569	0.1259722422897203	-0.2581611843223679	0.2697049382558793	-0.4339527394600974	0.0981383990620836	-0.11331326054073844	0.22675843606582366	-0.7316141242489573	0.9999999999999825	-0.11413065153700806	0.10669577439675407	-0.15148319026366172	0.1522901253264056	-0.0633785513928395	0.12346685337876195	-0.09252593626212509	0.13192036913994726	-0.15690095321624672	0.05613926516007407
0.13723643166917038	-0.05115413372988525	0.08063864147842187	-0.06045471410754679	0.13808439741858575	-0.08213089318921704	0.057964652636937015	-0.07253223053804043	0.08124623030073078	-0.07897075928530065	0.11472317634212399	-0.11043181504352807	0.07700233899488845	-0.07963775579869932	0.1248526030357046	-0.15904760487581143	0.10576811026519382	-0.12062909254776621	0.09728054008401728	-0.10512798723112408	0.18664942638282409	-0.22757330519069588	0.15698584019818593	-0.09866205657524856	0.08166461846355297	-0.46503304733138406	0.30798709376759736	-0.2674288787302447	0.11730309366758826	-0.11413065153700806	0.9999999999999815	-0.6648813535296485	0.2509340872350022	-0.21191240179414988	0.059761865911929356	-0.30663716003712765	0.2181435873114953	-0.25329367870766073	0.19064291035142425	-0.05520015755900834
-0.1302400433253295	0.047842525741907886	-0.08013895099207945	0.0597498268283453	-0.13862744320229062	0.07495023956501422	-0.05446343064922463	0.070009747304766	-0.07992996711369647	0.07849418777116514	-0.10568604523904221	0.09760928573913258	-0.07448145913630962	0.0776166750214919	-0.1246061119751088	0.13023026162581752	-0.0943134710380913	0.11372409119448645	-0.09374949360281226	0.09886887733737984	-0.15987333485433453	0.1887098649245929	-0.1552970709690688	0.09409225772614464	-0.0781369290617497	0.280650151988746	-0.43461236294927025	0.25252154234106067	-0.11525754203474847	0.10669577439675407	-0.6648813535296485	0.9999999999999809	-0.39069364727535755	0.20208896657242345	-0.06084938669000403	0.2415884161225454	-0.2783632283042711	0.24421443074136423	-0.20062074039807337	0.05516492910051045
0.13031696240676505	-0.048866188103148946	0.09170623715736745	-0.06839212803900586	0.15923613909764134	-0.07375080835007816	0.055459071950746244	-0.07912475290192161	0.0915772746177882	-0.09028762827800667	0.1022180115881945	-0.09818714631247087	0.084232222454997	-0.0893575592824629	0.14362123288230602	-0.11760861227513901	0.09192425924301482	-0.1333338228197208	0.11520944398548313	-0.12601104376224984	0.12835616878337724	-0.1668533001735044	0.18506876357469268	-0.12168902050392236	0.10185459454676654	-0.18595137722275668	0.2181848455298798	-0.542511974040168	0.16678369292520498	-0.15148319026366172	0.2509340872350022	-0.39069364727535755	0.9999999999999816	-0.43612942681602834	0.08902998349222374	-0.2514780048674974	0.2281895405251188	-0.462615213417253	0.28127035748720863	-0.08084808725828654
-0.15176362578385982	0.056821394529726635	-0.11270771453426098	0.08364248967360582	-0.19763726280068344	0.08411270902987629	-0.06451574472444324	0.09477798756178397	-0.1112123363793391	0.11087739996413463	-0.11580665042244633	0.11027362443374651	-0.10077966733669026	0.10728994167268299	-0.17677293631628982	0.1243103930244634	-0.10159235975449107	0.15356452620424083	-0.131752338038768	0.13970862198177883	-0.12904341345036327	0.16978463888251955	-0.21816099897711008	0.13281327197018067	-0.1122010140455265	0.15295531624254435	-0.17577485163328738	0.27187716862350847	-0.1747778820519816	0.1522901253264056	-0.21191240179414988	0.20208896657242345	-0.43612942681602834	0.9999999999999809	-0.21504371643341527	0.22047016859014557	-0.1838125652553389	0.2682839506078417	-0.6872588605464467	0.1727131337543158
0.04496267144294387	-0.017128761813535887	0.03269697870422433	-0.024509325818176858	0.056426828226531556	-0.02551987829419457	0.019363859312248013	-0.028620377622359083	0.032887988753225725	-0.03229012222146448	0.03487911084004333	-0.03483875552018081	0.030340892099290317	-0.032380142508018225	0.0512021619239372	-0.039332332766024686	0.03184173538392451	-0.04983161747794491	0.04302483334403919	-0.04985683894022722	0.0398600377683221	-0.05539402329704913	0.06570395069318159	-0.04527845962168981	0.040414178053079015	-0.04808220930549237	0.05214903832568489	-0.09202377362977386	0.05846551548697164	-0.0633785513928395	0.059761865911929356	-0.06084938669000403	0.08902998349222374	-0.21504371643341527	0.9999999999999806	-0.08361823725121573	0.059895406320125535	-0.09700381280068082	0.1968998494007383	-0.9448265751043099
-0.1663587541312664	0.061148616463111635	-0.12155952526001637	0.0895355535006522	-0.21587045907414848	0.09087718557588023	-0.06966574087473637	0.09923095737769483	-0.11782986024359468	0.11916168670683505	-0.12596264720141565	0.11462395198881073	-0.1054187299907757	0.11174795483000562	-0.19037843219579276	0.1322368181949407	-0.10625951625141701	0.14928910013618021	-0.12250374273293801	0.12562797077284968	-0.14175248226550652	0.17747956127776093	-0.21600324205871846	0.11871627760345713	-0.09767885557036904	0.17469660375460383	-0.19641700868846762	0.2242976308282137	-0.12920271027666316	0.12346685337876195	-0.30663716003712765	0.2415884161225454	-0.2514780048674974	0.22047016859014557	-0.08361823725121573	0.9999999999999809	-0.6946042173669789	0.31377669743579917	-0.3041574955500646	0.07538489714084917
0.10834854569756201	-0.04013435222120977	0.07596275760526405	-0.056287569065115055	0.133418761731678	-0.060538402918829004	0.04563124852024656	-0.0638357348840595	0.07460973951136922	-0.0745447832731663	0.08393013589131934	-0.07840082817459834	0.06779974431550147	-0.07164373398202492	0.11874488973337408	-0.09400622147754413	0.07312076922482147	-0.10077515389323216	0.08336827321263067	-0.08825878424558545	0.10221323224757166	-0.13118542352126886	0.14128161067440975	-0.08316315309856602	0.06898292225744763	-0.14232450534917307	0.1589555200264942	-0.19759093484699966	0.096766718490374	-0.09252593626212509	0.2181435873114953	-0.2783632283042711	0.2281895405251188	-0.1838125652553389	0.059895406320125535	-0.6946042173669789	0.9999999999999805	-0.5635260352393847	0.21126443040914372	-0.055106312493826456
-0.15711942432245662	0.05815549963087907	-0.11550371431785744	0.08530218999619281	-0.204162399750007	0.08637840057867709	-0.06618058714651509	0.09534878606860042	-0.11273872815408575	0.11337269851039206	-0.1195802972576785	0.1106393236156594	-0.10139595574702749	0.10761555547028018	-0.18104508361062796	0.12705879453774577	-0.10259213146713853	0.14784681751117978	-0.12367991388637092	0.12820536842736519	-0.13553104036095487	0.17228426494481242	-0.21395433857096074	0.12177451244870678	-0.1012852619964593	0.1666989234326492	-0.19535834437863747	0.26565383030296363	-0.1429880141632215	0.13192036913994726	-0.25329367870766073	0.24421443074136423	-0.462615213417253	0.2682839506078417	-0.09700381280068082	0.31377669743579917	-0.5635260352393847	0.999999999999981	-0.383174568512318	0.08819820114832777
0.13475788561218377	-0.05135733378394197	0.09417784045670967	-0.07075896382455973	0.16187881367865656	-0.07737401131021109	0.0579855784272176	-0.08346865697020073	0.09487695002366314	-0.09290633469126039	0.10561776119567447	-0.10631881931545478	0.08817828774975522	-0.09358613755330977	0.14681043475157313	-0.12258146412379631	0.0970144134823596	-0.14653931978566112	0.12123746435462049	-0.14173303076493973	0.12470802372647657	-0.1759053664304506	0.18772224320699799	-0.1274560809323717	0.10794855978761972	-0.1552612126307126	0.1659652636154248	-0.2976509794440981	0.1545623148180696	-0.15690095321624672	0.19064291035142425	-0.20062074039807337	0.28127035748720863	-0.6872588605464467	0.1968998494007383	-0.3041574955500646	0.21126443040914372	-0.383174568512318	0.9999999999999813	-0.24850908908615332
-0.0424440913206809	0.01612456068664997	-0.03114583881643026	0.023296256206117368	-0.053943260152103344	0.023959400763701177	-0.018242260635997588	0.027017963824526207	-0.031198923524453557	0.0307363489021387	-0.032765435033812226	0.03246839509883311	-0.028659669140916007	0.03058397309824079	-0.04880071519858631	0.03649605252866784	-0.02967823853006973	0.04634261757739413	-0.04005205885159037	0.04554173415947358	-0.036950393229461934	0.051050298309333476	-0.062020480556186024	0.041653773276400616	-0.03717663970324574	0.043962761830306	-0.04786176137598523	0.08209831876439677	-0.053502878714870486	0.05613926516007407	-0.05520015755900834	0.05516492910051045	-0.08084808725828654	0.1727131337543158	-0.9448265751043099	0.07538489714084917	-0.055106312493826456	0.08819820114832777	-0.24850908908615332	0.9999999999999812
