1.0	-0.15042921031892917	0.05824383885555608	-0.047785786853635034	0.05811449187837069	-0.9426510152865181	0.1284794722029773	-0.1047472917302627	0.056075526385533994	-0.05036586448435407	0.16515928383656608	-0.1291627084325979	0.08533230713028964	-0.06128732347763179	0.07844203384691176	-0.1262182582543396	0.09265483995122015	-0.08737034650164201	0.05216226226389334	-0.045230849832488734	0.10329925531981284	-0.09731297630771366	0.06535731013103317	-0.04885008286313431	0.049183340228138674	-0.06166624299087078	0.05355366278798633	-0.0470668636429289	0.039726051057476224	-0.06026469217003351	0.04146921399329021	-0.0576939678823182	0.038315867991812136	-0.037162506737508066	0.03708306622387512	-0.040561992049219786	0.047771323817484015	-0.02956907557153926	0.029564866304284978	-0.05459094910682183
-0.15042921031892917	0.9999999999999997	-0.13536723358547775	0.0911452767949574	-0.10263274763083025	0.12768221284530976	-0.9345080293596204	0.18477048436825505	-0.09176013824060848	0.07869115492567236	-0.0930680969047418	0.10319509590477881	-0.11448862961297705	0.08495736733807403	-0.11488069371571934	0.07037898929946067	-0.08298304365172637	0.08643618046530002	-0.06515448825751363	0.054836050474733306	-0.089383243667605	0.07998111962613724	-0.06948846097753085	0.05243391924375717	-0.055110074323909235	0.049419549842921434	-0.04751628604759964	0.04638572152395146	-0.04016629771260122	0.05985269960670766	-0.0359429562755319	0.04870141005944013	-0.03819779019036171	0.03652231678409749	-0.037285216931914646	0.035086502254315706	-0.04466952330141048	0.028579389124833498	-0.029051991026252808	0.0530287224795847
0.05824383885555608	-0.13536723358547775	0.9999999999999999	-0.7631122217486181	0.2644677787103102	-0.054832716789122105	0.11617565334924615	-0.42687974173685916	0.22551591791166722	-0.24052201888345548	0.10782036603156417	-0.14396130960234274	0.18484335955810705	-0.21137445061836432	0.2019375377010411	-0.09268808567970926	0.12087093478910478	-0.15444633698222157	0.11743720374311119	-0.10468278407339901	0.12304795453512447	-0.1367345283326042	0.11789299986902918	-0.09584595510344047	0.09822909409850475	-0.07974021858154431	0.07857074801375517	-0.08466095291448208	0.07281282585909363	-0.11721396539112551	0.05774676090832092	-0.08319910495987413	0.06776795250272075	-0.0672275910852102	0.07109532497861246	-0.05810292577757939	0.0718747326745767	-0.05167894573863526	0.05177016529610192	-0.10585005225414525
-0.047785786853635034	0.0911452767949574	-0.7631122217486181	0.9999999999999996	-0.4331404560287881	0.044203690364322694	-0.08506836732349814	0.2563646314998216	-0.29964075017975805	0.24511322800289723	-0.09268714776706734	0.11821684440206758	-0.1587226970649605	0.19758546674600022	-0.2070092396873465	0.07851621349970599	-0.10265313722253021	0.12731648597187617	-0.1102290249197682	0.0960613765057713	-0.10754869787640559	0.11432072399424587	-0.10246738996047447	0.08382096699713387	-0.08744162080645904	0.06757489709521743	-0.06679114825928668	0.07202093755593893	-0.06238555149942559	0.09905617857154773	-0.049294710705548445	0.07009741756465289	-0.05805369181878833	0.057153040983413075	-0.060356972858287006	0.04939717549317907	-0.06185474948230953	0.0439035867224153	-0.04418862924189257	0.08856386293638487
0.05811449187837069	-0.10263274763083025	0.2644677787103102	-0.4331404560287881	0.9999999999999989	-0.0549269449339778	0.0904136748124372	-0.3223504171207813	0.279344569456089	-0.6847073549353443	0.11816361489280436	-0.1591785133536416	0.18922340123308154	-0.2576299985763369	0.26002591776761724	-0.10419521963302468	0.13557275369132796	-0.175066594585606	0.14187695506645204	-0.1318332666141776	0.1383208484764872	-0.1636584664632371	0.1377899995713588	-0.1161380290839151	0.11903734127152608	-0.09490007454907248	0.09339856601757095	-0.10331261863490225	0.08889230217910479	-0.14772404040882467	0.06839135922095975	-0.10037708314752206	0.08215954427238814	-0.08271857161607202	0.08890099804469356	-0.06957871612189027	0.08494878685974977	-0.06345114236225517	0.06320559728828633	-0.13472823391924418
-0.9426510152865181	0.12768221284530976	-0.054832716789122105	0.044203690364322694	-0.0549269449339778	1.0	-0.13878629079446564	0.09463380111962602	-0.05258812750777454	0.046797691600153485	-0.20400388499273633	0.11780979172398262	-0.08050723517493218	0.05663409683170217	-0.07411745069427962	0.11890520514783413	-0.08825414226860588	0.07962464491500923	-0.04849720271658013	0.04172497231460907	-0.1035241599816685	0.08713798834759406	-0.06025112607460839	0.04464530491106752	-0.04525889617139134	0.056161288748430564	-0.048916944767919475	0.04265495427514316	-0.036125614280802465	0.0541655529152359	-0.03820460566466121	0.05193588953257246	-0.03490964525840508	0.03363909554271618	-0.03347798576459952	0.03693740200861859	-0.04420773568939354	0.026841559290802595	-0.02694272345252135	0.048849315746297445
0.1284794722029773	-0.9345080293596204	0.11617565334924615	-0.08506836732349814	0.0904136748124372	-0.13878629079446564	0.9999999999999997	-0.2296061139192601	0.08371780617393415	-0.07220299004118184	0.08739950634651472	-0.10623124352280185	0.10964259710789187	-0.07989798521528288	0.10215715053829402	-0.06713514934777619	0.0787266033838289	-0.0837139972344033	0.059335681599786416	-0.050284986065651176	0.08159427217276538	-0.07595793344280356	0.0645441916100557	-0.0487325158353566	0.05069885333478551	-0.04616143000512805	0.04437277027179507	-0.04334002800361212	0.037342531399668435	-0.055989541756875774	0.03335805382022084	-0.045703410466003146	0.035477174362902895	-0.03405444066742413	0.034717963618760006	-0.03263944645528638	0.04117627779204673	-0.026589028267235276	0.026954577704497974	-0.04968187512776885
-0.1047472917302627	0.18477048436825505	-0.42687974173685916	0.2563646314998216	-0.3223504171207813	0.09463380111962602	-0.2296061139192601	0.9999999999999992	-0.3210295655241487	0.23913378409613645	-0.20324355831609744	0.24031184592152158	-0.4754171818038148	0.26878503549395444	-0.35377550771567345	0.16115181623447625	-0.21615015509010582	0.24965646904251218	-0.19517494952011816	0.16171199618217696	-0.22941932528306763	0.20779814816752928	-0.20157843230547956	0.15022202822829048	-0.1593135248583166	0.12708504344361649	-0.12591169238974692	0.12862687065496714	-0.11210716437995821	0.1654569211396191	-0.09418683283713843	0.1275548909542286	-0.10599705813006774	0.10078347615712303	-0.10328439356442648	0.09219118498710055	-0.11944674615872793	0.07808252974955536	-0.07972610600802058	0.14502481534687817
0.056075526385533994	-0.09176013824060848	0.22551591791166722	-0.29964075017975805	0.279344569456089	-0.05258812750777454	0.08371780617393415	-0.3210295655241487	0.9999999999999994	-0.4727390354044397	0.11977275527368976	-0.16763707515455403	0.22962539008863242	-0.6597966177051527	0.28311316990494534	-0.10363644552605553	0.1385430025349781	-0.18420004122431594	0.16481508509321033	-0.1472318404485225	0.13599749290210203	-0.15470216501039913	0.13859951799053882	-0.1195479564558814	0.12117018724739048	-0.08864275290733527	0.08843952312614364	-0.09807733159517791	0.08444979985856506	-0.13637834791346773	0.06434050405214034	-0.09324115421677907	0.07787093897686166	-0.07740458222336963	0.08180259564552503	-0.06472543768763678	0.08015365307361251	-0.0587735087206603	0.058921613113931695	-0.1205161655995663
-0.05036586448435407	0.07869115492567236	-0.24052201888345548	0.24511322800289723	-0.6847073549353443	0.046797691600153485	-0.07220299004118184	0.23913378409613645	-0.4727390354044397	0.9999999999999993	-0.10623239068091862	0.13720003361652597	-0.17887533717299686	0.2659980956457091	-0.38033890819784694	0.09145740818855622	-0.12028455332428624	0.15141518060645806	-0.15123856056861967	0.13579388687953828	-0.12519410242222614	0.1386013518149334	-0.12569224483476849	0.10772598099850753	-0.11406873811759609	0.08128643815197242	-0.0807512572912463	0.0896643097395639	-0.07796696227422363	0.1260017536546279	-0.05924216843811997	0.08522472663741502	-0.07190581531857046	0.07135614051209595	-0.07620567445395394	0.05975109668732715	-0.07442872915918752	0.054429951455903486	-0.05468580194349969	0.11200630473229839
0.16515928383656608	-0.0930680969047418	0.10782036603156417	-0.09268714776706734	0.11816361489280436	-0.20400388499273633	0.08739950634651472	-0.20324355831609744	0.11977275527368976	-0.10623239068091862	0.9999999999999991	-0.5022958272263853	0.21646052618314135	-0.14005014510894265	0.17186081454150023	-0.6491142454731977	0.28015103383681217	-0.2340641775217632	0.12048970751586811	-0.10448265472663726	0.28778186131704775	-0.2564045993361575	0.160958552617076	-0.11742844169421607	0.11602354779669564	-0.1637180628232998	0.13628351846316922	-0.11386590700643502	0.09509350919473517	-0.14191961882541038	0.10627805580842602	-0.14579785182003882	0.0922718051532335	-0.08900219223441853	0.0870002465829491	-0.10241495467108465	0.11854048224986077	-0.07106322295542224	0.07091953487528453	-0.1275717326429175
-0.1291627084325979	0.10319509590477881	-0.14396130960234274	0.11821684440206758	-0.1591785133536416	0.11780979172398262	-0.10623124352280185	0.24031184592152158	-0.16763707515455403	0.13720003361652597	-0.5022958272263853	0.9999999999999993	-0.4594451735527507	0.18901049977229223	-0.23569640717982626	0.2804730424696667	-0.5066860940977668	0.2903708676176521	-0.1547427819184154	0.12869489899506503	-0.30137238559274826	0.2559961049869434	-0.20038666909588015	0.13776217163433108	-0.139949212070953	0.14673859773256764	-0.14648802450832993	0.12486750812281201	-0.1060412322045276	0.1504877767170535	-0.10620544494386686	0.14157845092447172	-0.10239009111165642	0.09604589520768987	-0.09366944244589542	0.09981029925218053	-0.12713309663812933	0.07565054745814813	-0.07698756017245764	0.131440032614097
0.08533230713028964	-0.11448862961297705	0.18484335955810705	-0.1587226970649605	0.18922340123308154	-0.08050723517493218	0.10964259710789187	-0.4754171818038148	0.22962539008863242	-0.17887533717299686	0.21646052618314135	-0.4594451735527507	0.9999999999999986	-0.3676310537719617	0.25973007492030165	-0.1836251206631243	0.27090689715733746	-0.4959500611183542	0.1736915797121181	-0.14864515520370294	0.20854910699059112	-0.2326798991010708	0.2143819488099865	-0.15570345565745655	0.1494617472045632	-0.12474449600163212	0.12696426431119912	-0.13285584465959432	0.11056045720156714	-0.16472970557064567	0.0902620757183912	-0.12906199296590432	0.10377321208555805	-0.10008943732479113	0.09939813365755436	-0.08831457139094023	0.11026806493101066	-0.07565532847629507	0.07626390055156594	-0.14219666146965726
-0.06128732347763179	0.08495736733807403	-0.21137445061836432	0.19758546674600022	-0.2576299985763369	0.05663409683170217	-0.07989798521528288	0.26878503549395444	-0.6597966177051527	0.2659980956457091	-0.14005014510894265	0.18901049977229223	-0.3676310537719617	0.9999999999999966	-0.4419808575166996	0.1173149033090074	-0.16227163011951476	0.20901133050770815	-0.24777950385634379	0.18558659806778444	-0.15664426099883463	0.16907338809083228	-0.16458458446577062	0.14220452771707495	-0.14714542390476623	0.09748403627604237	-0.09831450725827681	0.10945608587307733	-0.09508023257300903	0.14931161440853286	-0.07135069930380433	0.10185708135403936	-0.08743524007461202	0.08573801320697683	-0.08996410188127969	0.071186641062936	-0.08943416959305657	0.06468226792803436	-0.0652930619622239	0.1290688083995065
0.07844203384691176	-0.11488069371571934	0.2019375377010411	-0.2070092396873465	0.26002591776761724	-0.07411745069427962	0.10215715053829402	-0.35377550771567345	0.28311316990494534	-0.38033890819784694	0.17186081454150023	-0.23569640717982626	0.25973007492030165	-0.4419808575166996	0.9999999999999982	-0.15578891687518612	0.20412218347042393	-0.2724144173139472	0.2681984808822381	-0.3569549575847874	0.20576633960842527	-0.2636962586013195	0.2252973863166044	-0.2128100131772805	0.22157421005339545	-0.15059827900186182	0.1495275429700533	-0.17697578362074423	0.15291078732637747	-0.26848989695523773	0.1083092717925677	-0.16252177900936748	0.13840088278539953	-0.14251417877130046	0.1566346396258037	-0.11154909987757416	0.13461947095760549	-0.10756427954920653	0.10653958510052694	-0.2394905474908335
-0.1262182582543396	0.07037898929946067	-0.09268808567970926	0.07851621349970599	-0.10419521963302468	0.11890520514783413	-0.06713514934777619	0.16115181623447625	-0.10363644552605553	0.09145740818855622	-0.6491142454731977	0.2804730424696667	-0.1836251206631243	0.1173149033090074	-0.15578891687518612	1.0	-0.37197895953883203	0.20628085993936648	-0.10875419465530563	0.0926464894495871	-0.5384007099779875	0.2301640828380024	-0.1488984150300486	0.10441122235133429	-0.10467816914467254	0.16335211086814155	-0.13149327882634768	0.10142375822988825	-0.08521817524052978	0.12256571311632448	-0.10914751214590339	0.13385710792086963	-0.08371189377993801	0.07917844628556375	-0.07612016267786774	0.09808605150822847	-0.11837307699106121	0.0645472670383446	-0.06499471077760079	0.10946001794830393
0.09265483995122015	-0.08298304365172637	0.12087093478910478	-0.10265313722253021	0.13557275369132796	-0.08825414226860588	0.0787266033838289	-0.21615015509010582	0.1385430025349781	-0.12028455332428624	0.28015103383681217	-0.5066860940977668	0.27090689715733746	-0.16227163011951476	0.20412218347042393	-0.37197895953883203	0.9999999999999971	-0.5037456666766044	0.15051129353626774	-0.12782065920405666	0.270827658762478	-0.4488570480808095	0.2305138463591131	-0.15320128821243664	0.1453550450826897	-0.15819415743583795	0.1744532233418779	-0.1401568702605603	0.11458492952744782	-0.16024054073817548	0.11245226807973337	-0.16881676331762177	0.11089659332575197	-0.10412914968750142	0.09798191056856066	-0.10561516445917948	0.1299197270869803	-0.08012575948839011	0.08093044527932397	-0.13781040691191476
-0.08737034650164201	0.08643618046530002	-0.15444633698222157	0.12731648597187617	-0.175066594585606	0.07962464491500923	-0.0837139972344033	0.24965646904251218	-0.18420004122431594	0.15141518060645806	-0.2340641775217632	0.2903708676176521	-0.4959500611183542	0.20901133050770815	-0.2724144173139472	0.20628085993936648	-0.5037456666766044	0.9999999999999987	-0.21656400656624586	0.16963877081817222	-0.2553126979716189	0.275761153711821	-0.4297112575688588	0.20785507166268868	-0.2004133408706597	0.141826134374886	-0.15628194529773065	0.17055617731167505	-0.14193689771593812	0.18659250945803227	-0.10565117342516346	0.1487986737921616	-0.133740881853006	0.12172563262645734	-0.11490767683175261	0.10140678355752417	-0.13098751046171217	0.0895315590062194	-0.09179316610895466	0.15446771625794098
0.05216226226389334	-0.06515448825751363	0.11743720374311119	-0.1102290249197682	0.14187695506645204	-0.04849720271658013	0.059335681599786416	-0.19517494952011816	0.16481508509321033	-0.15123856056861967	0.12048970751586811	-0.1547427819184154	0.1736915797121181	-0.24777950385634379	0.2681984808822381	-0.10875419465530563	0.15051129353626774	-0.21656400656624586	0.9999999999999942	-0.7414651898170919	0.1493234729478795	-0.19571650513885303	0.22550344440372777	-0.3666409426446527	0.2922221634870135	-0.10514466390322412	0.1118530433050019	-0.1554163249287358	0.1372202937174	-0.23138175574819456	0.07779944717554906	-0.11694348165190564	0.11708033355961424	-0.12007416749853204	0.12784986469780552	-0.0792881076922097	0.09902713018290069	-0.08397430726989293	0.08446166371391964	-0.17667894543210405
-0.045230849832488734	0.054836050474733306	-0.10468278407339901	0.0960613765057713	-0.1318332666141776	0.04172497231460907	-0.050284986065651176	0.16171199618217696	-0.1472318404485225	0.13579388687953828	-0.10448265472663726	0.12869489899506503	-0.14864515520370294	0.18558659806778444	-0.3569549575847874	0.0926464894495871	-0.12782065920405666	0.16963877081817222	-0.7414651898170919	0.999999999999996	-0.1314333930280201	0.15988694413747112	-0.20606123327874462	0.2634548027856843	-0.4387066688813233	0.08916648993872596	-0.09534360507448972	0.1310240015034234	-0.12163953306195285	0.20000276639821515	-0.06666768421528477	0.09786660294005602	-0.10264342939063899	0.10216853871243053	-0.11564011503670685	0.06768050734186	-0.08627897605165565	0.07166839823886667	-0.07334978920755458	0.14678268169906067
0.10329925531981284	-0.089383243667605	0.12304795453512447	-0.10754869787640559	0.1383208484764872	-0.1035241599816685	0.08159427217276538	-0.22941932528306763	0.13599749290210203	-0.12519410242222614	0.28778186131704775	-0.30137238559274826	0.20854910699059112	-0.15664426099883463	0.20576633960842527	-0.5384007099779875	0.270827658762478	-0.2553126979716189	0.1493234729478795	-0.1314333930280201	0.9999999999999997	-0.37988483645407756	0.2035747731265031	-0.1519130545526712	0.15064346782886892	-0.3890687288241025	0.2149641366524208	-0.159178752887999	0.13237986116105352	-0.19862260179805893	0.20231400820080503	-0.24526853944322763	0.13152426895881164	-0.12721388966719452	0.12237244037518302	-0.18752337539129035	0.19886411745153043	-0.10640908828661266	0.10503865688187217	-0.18286814254300648
-0.09731297630771366	0.07998111962613724	-0.1367345283326042	0.11432072399424587	-0.1636584664632371	0.08713798834759406	-0.07595793344280356	0.20779814816752928	-0.15470216501039913	0.1386013518149334	-0.2564045993361575	0.2559961049869434	-0.2326798991010708	0.16907338809083228	-0.2636962586013195	0.2301640828380024	-0.4488570480808095	0.275761153711821	-0.19571650513885303	0.15988694413747112	-0.37988483645407756	0.9999999999999979	-0.3590327899188248	0.19578619046189658	-0.20091038857974433	0.21748655376083784	-0.44249892940885577	0.19109576870493522	-0.1604393748834423	0.19758940066659855	-0.17727524498780378	0.26441337857828057	-0.1618626525517671	0.14136006261181694	-0.12683000151550616	0.15479090835327924	-0.21058685119015114	0.11204337757269422	-0.11615127787366843	0.16790609430151912
0.06535731013103317	-0.06948846097753085	0.11789299986902918	-0.10246738996047447	0.1377899995713588	-0.06025112607460839	0.0645441916100557	-0.20157843230547956	0.13859951799053882	-0.12569224483476849	0.160958552617076	-0.20038666909588015	0.2143819488099865	-0.16458458446577062	0.2252973863166044	-0.1488984150300486	0.2305138463591131	-0.4297112575688588	0.22550344440372777	-0.20606123327874462	0.2035747731265031	-0.3590327899188248	0.999999999999995	-0.5246694941136315	0.27478410763974453	-0.14190326254697197	0.17294812296783327	-0.35433689923533296	0.21636322831073718	-0.2793347048057406	0.1074070328793992	-0.1695553272216909	0.1932522565505769	-0.18399997428623538	0.1534813259619364	-0.10650861278100857	0.13474788884896466	-0.1194607260498399	0.11925189419794871	-0.20872821790756374
-0.04885008286313431	0.05243391924375717	-0.09584595510344047	0.08382096699713387	-0.1161380290839151	0.04464530491106752	-0.0487325158353566	0.15022202822829048	-0.1195479564558814	0.10772598099850753	-0.11742844169421607	0.13776217163433108	-0.15570345565745655	0.14220452771707495	-0.2128100131772805	0.10441122235133429	-0.15320128821243664	0.20785507166268868	-0.3666409426446527	0.2634548027856843	-0.1519130545526712	0.19578619046189658	-0.5246694941136315	0.9999999999999948	-0.6329150432936583	0.10154752745652165	-0.11817690576719499	0.1932632533618239	-0.19265371275612636	0.23928908176684568	-0.07766929924544261	0.11527311345539128	-0.14481767684410443	0.13934257920260515	-0.13652033989709597	0.07786628344646135	-0.10142486603527892	0.08912871567972078	-0.09260815031792595	0.16223448845819255
0.049183340228138674	-0.055110074323909235	0.09822909409850475	-0.08744162080645904	0.11903734127152608	-0.04525889617139134	0.05069885333478551	-0.1593135248583166	0.12117018724739048	-0.11406873811759609	0.11602354779669564	-0.139949212070953	0.1494617472045632	-0.14714542390476623	0.22157421005339545	-0.10467816914467254	0.1453550450826897	-0.2004133408706597	0.2922221634870135	-0.4387066688813233	0.15064346782886892	-0.20091038857974433	0.27478410763974453	-0.6329150432936583	1.0000000000000013	-0.10633549101259826	0.11808446172626087	-0.19308144101204824	0.1806446862615221	-0.3976817134096925	0.08036993010904006	-0.12092020538861178	0.14121270437664657	-0.14871928881396518	0.1722559728216663	-0.08227482261069569	0.10515275260873863	-0.09731448916533542	0.09911410463739018	-0.21297916364177183
-0.06166624299087078	0.049419549842921434	-0.07974021858154431	0.06757489709521743	-0.09490007454907248	0.056161288748430564	-0.04616143000512805	0.12708504344361649	-0.08864275290733527	0.08128643815197242	-0.1637180628232998	0.14673859773256764	-0.12474449600163212	0.09748403627604237	-0.15059827900186182	0.16335211086814155	-0.15819415743583795	0.141826134374886	-0.10514466390322412	0.08916648993872596	-0.3890687288241025	0.21748655376083784	-0.14190326254697197	0.10154752745652165	-0.10633549101259826	0.9999999999999939	-0.3047127079425699	0.12287598760757013	-0.10418667859439075	0.12854339845823726	-0.6624009884071793	0.269607690631756	-0.11645229104980999	0.10198075691830359	-0.08553354808901324	0.2822628869836338	-0.37512252744405716	0.10801309090671822	-0.11116254006718318	0.11797667672145422
0.05355366278798633	-0.04751628604759964	0.07857074801375517	-0.06679114825928668	0.09339856601757095	-0.048916944767919475	0.04437277027179507	-0.12591169238974692	0.08843952312614364	-0.0807512572912463	0.13628351846316922	-0.14648802450832993	0.12696426431119912	-0.09831450725827681	0.1495275429700533	-0.13149327882634768	0.1744532233418779	-0.15628194529773065	0.1118530433050019	-0.09534360507448972	0.2149641366524208	-0.44249892940885577	0.17294812296783327	-0.11817690576719499	0.11808446172626087	-0.3047127079425699	0.9999999999999932	-0.1874141792747147	0.13035708568775678	-0.14303363716921244	0.22784729198326228	-0.737137527384545	0.14738943263453164	-0.12548833371840465	0.09040505240485866	-0.18017039646485822	0.19980377499886995	-0.09792657268320779	0.09740754115698685	-0.1222558704692758
-0.0470668636429289	0.04638572152395146	-0.08466095291448208	0.07202093755593893	-0.10331261863490225	0.04265495427514316	-0.04334002800361212	0.12862687065496714	-0.09807733159517791	0.0896643097395639	-0.11386590700643502	0.12486750812281201	-0.13285584465959432	0.10945608587307733	-0.17697578362074423	0.10142375822988825	-0.1401568702605603	0.17055617731167505	-0.1554163249287358	0.1310240015034234	-0.159178752887999	0.19109576870493522	-0.35433689923533296	0.1932632533618239	-0.19308144101204824	0.12287598760757013	-0.1874141792747147	0.9999999999999972	-0.5811774970738551	0.23997485845344746	-0.09907481131626057	0.1625527735722678	-0.5425440421380707	0.314527076425806	-0.1528994811312293	0.0998148185506722	-0.13358761057936505	0.1691077368528349	-0.17997546140571297	0.16910612657847127
0.039726051057476224	-0.04016629771260122	0.07281282585909363	-0.06238555149942559	0.08889230217910479	-0.036125614280802465	0.037342531399668435	-0.11210716437995821	0.08444979985856506	-0.07796696227422363	0.09509350919473517	-0.1060412322045276	0.11056045720156714	-0.09508023257300903	0.15291078732637747	-0.08521817524052978	0.11458492952744782	-0.14193689771593812	0.1372202937174	-0.12163953306195285	0.13237986116105352	-0.1604393748834423	0.21636322831073718	-0.19265371275612636	0.1806446862615221	-0.10418667859439075	0.13035708568775678	-0.5811774970738551	0.9999999999999982	-0.3798314938724053	0.08210109954879086	-0.13207757273691004	0.3128754366021188	-0.5731446308307088	0.17148746025368533	-0.08652946899149636	0.11307724157696952	-0.1618714339576693	0.16553425609896416	-0.18783428948029524
-0.06026469217003351	0.05985269960670766	-0.11721396539112551	0.09905617857154773	-0.14772404040882467	0.0541655529152359	-0.055989541756875774	0.1654569211396191	-0.13637834791346773	0.1260017536546279	-0.14191961882541038	0.1504877767170535	-0.16472970557064567	0.14931161440853286	-0.26848989695523773	0.12256571311632448	-0.16024054073817548	0.18659250945803227	-0.23138175574819456	0.20000276639821515	-0.19862260179805893	0.19758940066659855	-0.2793347048057406	0.23928908176684568	-0.3976817134096925	0.12854339845823726	-0.14303363716921244	0.23997485845344746	-0.3798314938724053	0.9999999999999938	-0.1016466046025584	0.13986954466302084	-0.21457616871076687	0.21511526049143379	-0.5186248812077077	0.1045161705807185	-0.14568606033835207	0.13587808181057337	-0.1525539704641799	0.30165468070818713
0.04146921399329021	-0.0359429562755319	0.05774676090832092	-0.049294710705548445	0.06839135922095975	-0.03820460566466121	0.03335805382022084	-0.09418683283713843	0.06434050405214034	-0.05924216843811997	0.10627805580842602	-0.10620544494386686	0.0902620757183912	-0.07135069930380433	0.1083092717925677	-0.10914751214590339	0.11245226807973337	-0.10565117342516346	0.07779944717554906	-0.06666768421528477	0.20231400820080503	-0.17727524498780378	0.1074070328793992	-0.07766929924544261	0.08036993010904006	-0.6624009884071793	0.22784729198326228	-0.09907481131626057	0.08210109954879086	-0.1016466046025584	0.9999999999999921	-0.3650491225198616	0.09484807470045488	-0.08332534876194127	0.06691393889170125	-0.5213191764748193	0.2968962064078767	-0.08853303749195984	0.08694874951507701	-0.0938658940652645
-0.0576939678823182	0.04870141005944013	-0.08319910495987413	0.07009741756465289	-0.10037708314752206	0.05193588953257246	-0.045703410466003146	0.1275548909542286	-0.09324115421677907	0.08522472663741502	-0.14579785182003882	0.14157845092447172	-0.12906199296590432	0.10185708135403936	-0.16252177900936748	0.13385710792086963	-0.16881676331762177	0.1487986737921616	-0.11694348165190564	0.09786660294005602	-0.24526853944322763	0.26441337857828057	-0.1695553272216909	0.11527311345539128	-0.12092020538861178	0.269607690631756	-0.737137527384545	0.1625527735722678	-0.13207757273691004	0.13986954466302084	-0.3650491225198616	0.9999999999999949	-0.1727237591365005	0.12921115526128113	-0.09254724701620867	0.21126215677797483	-0.2810504144324161	0.109612774820436	-0.11169487448082807	0.12210635604034831
0.038315867991812136	-0.03819779019036171	0.06776795250272075	-0.05805369181878833	0.08215954427238814	-0.03490964525840508	0.035477174362902895	-0.10599705813006774	0.07787093897686166	-0.07190581531857046	0.0922718051532335	-0.10239009111165642	0.10377321208555805	-0.08743524007461202	0.13840088278539953	-0.08371189377993801	0.11089659332575197	-0.133740881853006	0.11708033355961424	-0.10264342939063899	0.13152426895881164	-0.1618626525517671	0.1932522565505769	-0.14481767684410443	0.14121270437664657	-0.11645229104980999	0.14738943263453164	-0.5425440421380707	0.3128754366021188	-0.21457616871076687	0.09484807470045488	-0.1727237591365005	0.9999999999999948	-0.638854273149202	0.136155211884427	-0.1030728372506495	0.13271672630897569	-0.3037875037437545	0.23197957922753484	-0.16829122860184503
-0.037162506737508066	0.03652231678409749	-0.0672275910852102	0.057153040983413075	-0.08271857161607202	0.03363909554271618	-0.03405444066742413	0.10078347615712303	-0.07740458222336963	0.07135614051209595	-0.08900219223441853	0.09604589520768987	-0.10008943732479113	0.08573801320697683	-0.14251417877130046	0.07917844628556375	-0.10412914968750142	0.12172563262645734	-0.12007416749853204	0.10216853871243053	-0.12721388966719452	0.14136006261181694	-0.18399997428623538	0.13934257920260515	-0.14871928881396518	0.10198075691830359	-0.12548833371840465	0.314527076425806	-0.5731446308307088	0.21511526049143379	-0.08332534876194127	0.12921115526128113	-0.638854273149202	0.9999999999999944	-0.15338606747247166	0.09047930683107051	-0.12342305543158874	0.21765936623314347	-0.28217260041400893	0.16011814877360345
0.03708306622387512	-0.037285216931914646	0.07109532497861246	-0.060356972858287006	0.08890099804469356	-0.03347798576459952	0.034717963618760006	-0.10328439356442648	0.08180259564552503	-0.07620567445395394	0.0870002465829491	-0.09366944244589542	0.09939813365755436	-0.08996410188127969	0.1566346396258037	-0.07612016267786774	0.09798191056856066	-0.11490767683175261	0.12784986469780552	-0.11564011503670685	0.12237244037518302	-0.12683000151550616	0.1534813259619364	-0.13652033989709597	0.1722559728216663	-0.08553354808901324	0.09040505240485866	-0.1528994811312293	0.17148746025368533	-0.5186248812077077	0.06691393889170125	-0.09254724701620867	0.136155211884427	-0.15338606747247166	0.9999999999999936	-0.07262489100778684	0.09838304643320611	-0.12233156353436553	0.131977719504596	-0.7636871327038076
-0.040561992049219786	0.035086502254315706	-0.05810292577757939	0.04939717549317907	-0.06957871612189027	0.03693740200861859	-0.03263944645528638	0.09219118498710055	-0.06472543768763678	0.05975109668732715	-0.10241495467108465	0.09981029925218053	-0.08831457139094023	0.071186641062936	-0.11154909987757416	0.09808605150822847	-0.10561516445917948	0.10140678355752417	-0.0792881076922097	0.06768050734186	-0.18752337539129035	0.15479090835327924	-0.10650861278100857	0.07786628344646135	-0.08227482261069569	0.2822628869836338	-0.18017039646485822	0.0998148185506722	-0.08652946899149636	0.1045161705807185	-0.5213191764748193	0.21126215677797483	-0.1030728372506495	0.09047930683107051	-0.07262489100778684	0.9999999999999942	-0.7394400251461659	0.12770724829210653	-0.12829814156514022	0.10031877030794853
0.047771323817484015	-0.04466952330141048	0.0718747326745767	-0.06185474948230953	0.08494878685974977	-0.04420773568939354	0.04117627779204673	-0.11944674615872793	0.08015365307361251	-0.07442872915918752	0.11854048224986077	-0.12713309663812933	0.11026806493101066	-0.08943416959305657	0.13461947095760549	-0.11837307699106121	0.1299197270869803	-0.13098751046171217	0.09902713018290069	-0.08627897605165565	0.19886411745153043	-0.21058685119015114	0.13474788884896466	-0.10142486603527892	0.10515275260873863	-0.37512252744405716	0.19980377499886995	-0.13358761057936505	0.11307724157696952	-0.14568606033835207	0.2968962064078767	-0.2810504144324161	0.13271672630897569	-0.12342305543158874	0.09838304643320611	-0.7394400251461659	0.9999999999999951	-0.209116676164474	0.16198563709158192	-0.14367462299739284
-0.02956907557153926	0.028579389124833498	-0.05167894573863526	0.0439035867224153	-0.06345114236225517	0.026841559290802595	-0.026589028267235276	0.07808252974955536	-0.0587735087206603	0.054429951455903486	-0.07106322295542224	0.07565054745814813	-0.07565532847629507	0.06468226792803436	-0.10756427954920653	0.0645472670383446	-0.08012575948839011	0.0895315590062194	-0.08397430726989293	0.07166839823886667	-0.10640908828661266	0.11204337757269422	-0.1194607260498399	0.08912871567972078	-0.09731448916533542	0.10801309090671822	-0.09792657268320779	0.1691077368528349	-0.1618714339576693	0.13587808181057337	-0.08853303749195984	0.109612774820436	-0.3037875037437545	0.21765936623314347	-0.12233156353436553	0.12770724829210653	-0.209116676164474	0.9999999999999943	-0.8660988890678393	0.15422714808302262
0.029564866304284978	-0.029051991026252808	0.05177016529610192	-0.04418862924189257	0.06320559728828633	-0.02694272345252135	0.026954577704497974	-0.07972610600802058	0.058921613113931695	-0.05468580194349969	0.07091953487528453	-0.07698756017245764	0.07626390055156594	-0.0652930619622239	0.10653958510052694	-0.06499471077760079	0.08093044527932397	-0.09179316610895466	0.08446166371391964	-0.07334978920755458	0.10503865688187217	-0.11615127787366843	0.11925189419794871	-0.09260815031792595	0.09911410463739018	-0.11116254006718318	0.09740754115698685	-0.17997546140571297	0.16553425609896416	-0.1525539704641799	0.08694874951507701	-0.11169487448082807	0.23197957922753484	-0.28217260041400893	0.131977719504596	-0.12829814156514022	0.16198563709158192	-0.8660988890678393	0.9999999999999947	-0.2010406239371929
-0.05459094910682183	0.0530287224795847	-0.10585005225414525	0.08856386293638487	-0.13472823391924418	0.048849315746297445	-0.04968187512776885	0.14502481534687817	-0.1205161655995663	0.11200630473229839	-0.1275717326429175	0.131440032614097	-0.14219666146965726	0.1290688083995065	-0.2394905474908335	0.10946001794830393	-0.13781040691191476	0.15446771625794098	-0.17667894543210405	0.14678268169906067	-0.18286814254300648	0.16790609430151912	-0.20872821790756374	0.16223448845819255	-0.21297916364177183	0.11797667672145422	-0.1222558704692758	0.16910612657847127	-0.18783428948029524	0.30165468070818713	-0.0938658940652645	0.12210635604034831	-0.16829122860184503	0.16011814877360345	-0.7636871327038076	0.10031877030794853	-0.14367462299739284	0.15422714808302262	-0.2010406239371929	0.9999999999999942
