1.0	-0.6348437908047927	0.27437795482465616	-0.2267970747852768	0.09453707873811804	-0.5760754564859687	0.311275709324214	-0.2799824179070847	0.16636236150798991	-0.08332629732889144	0.18088977136929243	-0.15247915344745233	0.11582619725096781	-0.0755073820859932	0.08665556400488163	-0.13053389725117823	0.10452542408949113	-0.12452465816030948	0.07457272197138475	-0.055547032266910365	0.10631459286420628	-0.12325266411915892	0.08231011757424285	-0.07625760530734577	0.07548235046553174	-0.09493259077150305	0.06905667551432432	-0.08565529740335082	0.059782640120412615	-0.08225383966113271
-0.6348437908047927	0.9999999999999996	-0.5040921030995462	0.2160571660636217	-0.09971254007466557	0.3019758919246986	-0.453217536568301	0.26298865182174885	-0.1790178819529263	0.08357034807424664	-0.141446733409838	0.11877656453173312	-0.09587493540254098	0.0635408762212133	-0.07328545590245142	0.09449869811166926	-0.08177458657402227	0.09541540114265956	-0.061796428673715216	0.04570748910252544	-0.08249833654241158	0.09143911341198072	-0.06443249875684698	0.05901357588608773	-0.06163204500133275	0.07090442948192063	-0.05253260814104559	0.06495987416711346	-0.046207008263484686	0.06351641061171423
0.27437795482465616	-0.5040921030995462	0.9999999999999994	-0.5369476369922079	0.14282958224977882	-0.2827297124294075	0.27647956108137584	-0.47892616262318105	0.27761819634989165	-0.13004344998415876	0.14523416341719764	-0.13145095709946356	0.11375356762250807	-0.08420504565034309	0.09397706723349143	-0.10861983013046478	0.09325897244223227	-0.11846888691889274	0.07894575068821846	-0.05865551129471315	0.09512893090376091	-0.10969047086953305	0.07968082017981003	-0.075065510383271	0.07752347626436953	-0.08858550363146286	0.06475805012112806	-0.0826072093917286	0.058601898612123074	-0.08208000003775198
-0.2267970747852768	0.2160571660636217	-0.5369476369922079	0.9999999999999993	-0.26322907997264006	0.1812525265753712	-0.21949542840299957	0.3039190257695224	-0.6547685946569182	0.20449317740206224	-0.11576848919486436	0.09984380652991538	-0.09554572161424414	0.0906812835309151	-0.10065360663200278	0.08226052760483339	-0.0734109818549915	0.093744615028878	-0.08048426549658527	0.058322431782310905	-0.07675941194981066	0.08421027024867442	-0.06776684614978153	0.0641470986696174	-0.07410440687784287	0.07062010998194992	-0.052551913539851995	0.06799226566763619	-0.04990844279095426	0.07064759683940443
0.09453707873811804	-0.09971254007466557	0.14282958224977882	-0.26322907997264006	0.9999999999999978	-0.103726245099713	0.10528807043841355	-0.20351396266930438	0.2458897353573655	-0.8994457289825881	0.0683119074908905	-0.0632255629643131	0.06125070987043673	-0.07078308987229047	0.08330585964888197	-0.05327203941605527	0.04746162748955558	-0.064448874007951	0.057071036282882626	-0.04696535862921113	0.04952117424398291	-0.05688721467353305	0.04762638233849094	-0.04818630866291494	0.05358504666650737	-0.05128536929065424	0.037424625937029624	-0.051153858268517004	0.03743229005786031	-0.055699892506068285
-0.5760754564859687	0.3019758919246986	-0.2827297124294075	0.1812525265753712	-0.103726245099713	0.9999999999999973	-0.6013193533852838	0.2569277203506625	-0.17827804062082817	0.08495831526246665	-0.29912825238322005	0.17532143402664402	-0.1313375158732527	0.07903904656920635	-0.09267513913279644	0.14681854030637692	-0.11868170415586678	0.12924022472488658	-0.07914251939400893	0.05838747005665443	-0.1224447280740194	0.12912365514753327	-0.08639315187815871	0.07736568833932951	-0.07998461111460847	0.09623167672066454	-0.07175711115370445	0.08581734488244036	-0.06078459248133665	0.08199859988302802
0.311275709324214	-0.453217536568301	0.27647956108137584	-0.21949542840299957	0.10528807043841355	-0.6013193533852838	0.9999999999999978	-0.4913526733837267	0.2010279166895735	-0.09294631806697017	0.18403811419600583	-0.18233059872451987	0.12371165631041127	-0.07507564525231246	0.08477766429719594	-0.12227527252568764	0.10777905253594477	-0.12116278735712004	0.07265416139673161	-0.05341307544616423	0.10202489593468977	-0.11653139054649578	0.07717923153139301	-0.07004091856078141	0.07169382455533002	-0.0853969590204427	0.06357368356249174	-0.07720688901584054	0.05467435650971023	-0.07441305054697843
-0.2799824179070847	0.26298865182174885	-0.47892616262318105	0.3039190257695224	-0.20351396266930438	0.2569277203506625	-0.4913526733837267	0.9999999999999988	-0.5205342032164221	0.16698267477895024	-0.15376466173179051	0.13462392262595477	-0.1345470146325578	0.09289131006111731	-0.10322315520577534	0.10345684027707935	-0.09473884406834968	0.11915708144130643	-0.08531309245092875	0.06182582850153325	-0.09482119237272064	0.10394547905000251	-0.07897102954099408	0.07278991492711977	-0.08036951575496101	0.08264449647046818	-0.06190603059060476	0.0778677295588899	-0.056575023219525455	0.07851830537558079
0.16636236150798991	-0.1790178819529263	0.27761819634989165	-0.6547685946569182	0.2458897353573655	-0.17827804062082817	0.2010279166895735	-0.5205342032164221	0.9999999999999988	-0.33649005350265504	0.10420685364192725	-0.09532986412502607	0.09200335250129127	-0.10334460491238952	0.09812164068368186	-0.07681003065773008	0.06876585137837912	-0.09151331293766927	0.07974342524914532	-0.05713672444667539	0.07003047079629371	-0.07946739763930662	0.06317020272342655	-0.06110411251788128	0.06881663324387158	-0.06649056175237053	0.04917743381654682	-0.06439433270209642	0.04714689973738487	-0.06740125753549916
-0.08332629732889144	0.08357034807424664	-0.13004344998415876	0.20449317740206224	-0.8994457289825881	0.08495831526246665	-0.09294631806697017	0.16698267477895024	-0.33649005350265504	0.9999999999999978	-0.05845629893099966	0.053395348166568976	-0.0532363585339824	0.0653571980094451	-0.08323459728119333	0.04475998683242856	-0.04030598612293434	0.05473287662531666	-0.05235143927939776	0.04300472624948854	-0.04216795263922225	0.04782740879040373	-0.041024165913519046	0.04146920980174473	-0.048251390492297916	0.04330363255496175	-0.03178579182927945	0.04349371925245506	-0.03217850175519952	0.047895709917806596
0.18088977136929243	-0.141446733409838	0.14523416341719764	-0.11576848919486436	0.0683119074908905	-0.29912825238322005	0.18403811419600583	-0.15376466173179051	0.10420685364192725	-0.05845629893099966	0.9999999999999963	-0.5324657802234886	0.253891622006088	-0.1305550404558502	0.14992191977320082	-0.5257368028665595	0.2841741738600559	-0.29017137524670056	0.13657375770507466	-0.10061939423452647	0.2805903562608055	-0.3242374987491731	0.1710906201353556	-0.15236190232134014	0.13975917176365346	-0.21486672430212334	0.15503090149559626	-0.1769735876779355	0.11981557748007524	-0.15697636582072733
-0.15247915344745233	0.11877656453173312	-0.13145095709946356	0.09984380652991538	-0.0632255629643131	0.17532143402664402	-0.18233059872451987	0.13462392262595477	-0.09532986412502607	0.053395348166568976	-0.5324657802234886	0.9999999999999976	-0.4934924147359782	0.14082232328993902	-0.16078696476458562	0.2661873174623318	-0.4885746631612101	0.29840417693158183	-0.1461992137334513	0.10286105183351175	-0.2558256172377095	0.2798974653113987	-0.16967035222432614	0.13736530299382355	-0.14187196043770253	0.16693038597906543	-0.13732554624495572	0.14764174410261016	-0.10703740608453793	0.13599521456053476
0.11582619725096781	-0.09587493540254098	0.11375356762250807	-0.09554572161424414	0.06125070987043673	-0.1313375158732527	0.12371165631041127	-0.1345470146325578	0.09200335250129127	-0.0532363585339824	0.253891622006088	-0.4934924147359782	0.9999999999999981	-0.23850438758536055	0.19270261631240085	-0.2151628741203212	0.26841682243426984	-0.6911696587341574	0.19285238925999196	-0.13092777488698817	0.19673652998030916	-0.26099445196048515	0.1909573472557461	-0.17026149993540174	0.15856889590384343	-0.17347747323671533	0.134199895280105	-0.1686853140830068	0.12233063237360883	-0.1639848359599583
-0.0755073820859932	0.0635408762212133	-0.08420504565034309	0.0906812835309151	-0.07078308987229047	0.07903904656920635	-0.07507564525231246	0.09289131006111731	-0.10334460491238952	0.0653571980094451	-0.1305550404558502	0.14082232328993902	-0.23850438758536055	0.9999999999999978	-0.6301258135136434	0.11147277592523262	-0.11748085846209542	0.2024307840844125	-0.6187734636422544	0.28021883270704306	-0.11662815090362828	0.13463137436673897	-0.16017109020815132	0.17468415238150128	-0.2644848551083457	0.13669151801553744	-0.10369473308289198	0.15345539539220768	-0.12721970173753705	0.1906369958343198
0.08665556400488163	-0.07328545590245142	0.09397706723349143	-0.10065360663200278	0.08330585964888197	-0.09267513913279644	0.08477766429719594	-0.10322315520577534	0.09812164068368186	-0.08323459728119333	0.14992191977320082	-0.16078696476458562	0.19270261631240085	-0.6301258135136434	0.9999999999999962	-0.1422499704285558	0.13737086981651567	-0.22271761648439578	0.3282531445000479	-0.44677639366533517	0.14799228567773068	-0.17642745999395185	0.1954102410104566	-0.23573360651622272	0.2846080668927103	-0.20620035319038468	0.1486811278233341	-0.23424283500993642	0.18012612684240997	-0.3035712220405481
-0.13053389725117823	0.09449869811166926	-0.10861983013046478	0.08226052760483339	-0.05327203941605527	0.14681854030637692	-0.12227527252568764	0.10345684027707935	-0.07681003065773008	0.04475998683242856	-0.5257368028665595	0.2661873174623318	-0.2151628741203212	0.11147277592523262	-0.1422499704285558	0.9999999999999957	-0.3644756193116455	0.21592136126248376	-0.124989203884895	0.0919771420845039	-0.6419309372998802	0.2904326510020034	-0.16313254131809923	0.13136772450502585	-0.13519298076590902	0.20883827068874805	-0.1626255925697806	0.15499467223334235	-0.10883473424532673	0.1328558221290202
0.10452542408949113	-0.08177458657402227	0.09325897244223227	-0.0734109818549915	0.04746162748955558	-0.11868170415586678	0.10777905253594477	-0.09473884406834968	0.06876585137837912	-0.04030598612293434	0.2841741738600559	-0.4885746631612101	0.26841682243426984	-0.11748085846209542	0.13737086981651567	-0.3644756193116455	0.9999999999999952	-0.37441781199538793	0.12920477999012486	-0.09161686925221901	0.2714095139063406	-0.6259367431356879	0.1701557782484552	-0.13567295733154836	0.12771054694392864	-0.1802141935330377	0.15351716540429305	-0.15209804874284008	0.10499664711393901	-0.129347354573996
-0.12452465816030948	0.09541540114265956	-0.11846888691889274	0.093744615028878	-0.064448874007951	0.12924022472488658	-0.12116278735712004	0.11915708144130643	-0.09151331293766927	0.05473287662531666	-0.29017137524670056	0.29840417693158183	-0.6911696587341574	0.2024307840844125	-0.22271761648439578	0.21592136126248376	-0.37441781199538793	0.999999999999994	-0.25050284459878785	0.15038269054390788	-0.23256381435307605	0.25656641882553494	-0.27409586569536465	0.19095392205066564	-0.19568985558706045	0.1776931363294278	-0.14753411428051816	0.17762916237292914	-0.1367270756545681	0.17343670388211524
0.07457272197138475	-0.061796428673715216	0.07894575068821846	-0.08048426549658527	0.057071036282882626	-0.07914251939400893	0.07265416139673161	-0.08531309245092875	0.07974342524914532	-0.05235143927939776	0.13657375770507466	-0.1461992137334513	0.19285238925999196	-0.6187734636422544	0.3282531445000479	-0.124989203884895	0.12920477999012486	-0.25050284459878785	0.9999999999999952	-0.5096403897620327	0.13160084784109397	-0.15633647825878286	0.19410263331635702	-0.26146659481044915	0.28469430370874754	-0.17016754146215196	0.12745993942323985	-0.19796452914033694	0.16515743758009122	-0.257758320240833
-0.055547032266910365	0.04570748910252544	-0.05865551129471315	0.058322431782310905	-0.04696535862921113	0.05838747005665443	-0.05341307544616423	0.06182582850153325	-0.05713672444667539	0.04300472624948854	-0.10061939423452647	0.10286105183351175	-0.13092777488698817	0.28021883270704306	-0.44677639366533517	0.0919771420845039	-0.09161686925221901	0.15038269054390788	-0.5096403897620327	0.9999999999999953	-0.09876308931361069	0.11393703764147826	-0.14567622428620552	0.17167401562979387	-0.6521614459678516	0.13110477769077675	-0.09896490829369033	0.1541303445099403	-0.13490309644626744	0.21823345330372848
0.10631459286420628	-0.08249833654241158	0.09512893090376091	-0.07675941194981066	0.04952117424398291	-0.1224447280740194	0.10202489593468977	-0.09482119237272064	0.07003047079629371	-0.04216795263922225	0.2805903562608055	-0.2558256172377095	0.19673652998030916	-0.11662815090362828	0.14799228567773068	-0.6419309372998802	0.2714095139063406	-0.23256381435307605	0.13160084784109397	-0.09876308931361069	0.9999999999999968	-0.45411669093349094	0.18529618217056168	-0.15825886500607717	0.14574431789141384	-0.3839685597323821	0.21974227577991062	-0.21155686825312495	0.1342482295008094	-0.16407638570130556
-0.12325266411915892	0.09143911341198072	-0.10969047086953305	0.08421027024867442	-0.05688721467353305	0.12912365514753327	-0.11653139054649578	0.10394547905000251	-0.07946739763930662	0.04782740879040373	-0.3242374987491731	0.2798974653113987	-0.26099445196048515	0.13463137436673897	-0.17642745999395185	0.2904326510020034	-0.6259367431356879	0.25656641882553494	-0.15633647825878286	0.11393703764147826	-0.45411669093349094	0.9999999999999943	-0.24875352255369412	0.17248345710920576	-0.17016414811927202	0.239232006690022	-0.2621809949502161	0.19990137940691366	-0.14093401831790764	0.16228343084914096
0.08231011757424285	-0.06443249875684698	0.07968082017981003	-0.06776684614978153	0.04762638233849094	-0.08639315187815871	0.07717923153139301	-0.07897102954099408	0.06317020272342655	-0.041024165913519046	0.1710906201353556	-0.16967035222432614	0.1909573472557461	-0.16017109020815132	0.1954102410104566	-0.16313254131809923	0.1701557782484552	-0.27409586569536465	0.19410263331635702	-0.14567622428620552	0.18529618217056168	-0.24875352255369412	0.9999999999999931	-0.697343080979157	0.21002094281607092	-0.25757181704981824	0.20873767126031206	-0.39148855263348276	0.2814717382299943	-0.3107191662617699
-0.07625760530734577	0.05901357588608773	-0.075065510383271	0.0641470986696174	-0.04818630866291494	0.07736568833932951	-0.07004091856078141	0.07278991492711977	-0.06110411251788128	0.04146920980174473	-0.15236190232134014	0.13736530299382355	-0.17026149993540174	0.17468415238150128	-0.23573360651622272	0.13136772450502585	-0.13567295733154836	0.19095392205066564	-0.26146659481044915	0.17167401562979387	-0.15825886500607717	0.17248345710920576	-0.697343080979157	0.9999999999999946	-0.26801237774251535	0.18790839836797613	-0.174814452821218	0.27197632052281595	-0.4526531585942809	0.2840341734583171
0.07548235046553174	-0.06163204500133275	0.07752347626436953	-0.07410440687784287	0.05358504666650737	-0.07998461111460847	0.07169382455533002	-0.08036951575496101	0.06881663324387158	-0.048251390492297916	0.13975917176365346	-0.14187196043770253	0.15856889590384343	-0.2644848551083457	0.2846080668927103	-0.13519298076590902	0.12771054694392864	-0.19568985558706045	0.28469430370874754	-0.6521614459678516	0.14574431789141384	-0.17016414811927202	0.21002094281607092	-0.26801237774251535	0.9999999999999942	-0.2152835303267094	0.15863989741978773	-0.2597216213211422	0.2198483682333948	-0.42977109464070684
-0.09493259077150305	0.07090442948192063	-0.08858550363146286	0.07062010998194992	-0.05128536929065424	0.09623167672066454	-0.0853969590204427	0.08264449647046818	-0.06649056175237053	0.04330363255496175	-0.21486672430212334	0.16693038597906543	-0.17347747323671533	0.13669151801553744	-0.20620035319038468	0.20883827068874805	-0.1802141935330377	0.1776931363294278	-0.17016754146215196	0.13110477769077675	-0.3839685597323821	0.239232006690022	-0.25757181704981824	0.18790839836797613	-0.2152835303267094	0.9999999999999941	-0.7035706334347452	0.2893947209840228	-0.20332562721926925	0.19383988023600682
0.06905667551432432	-0.05253260814104559	0.06475805012112806	-0.052551913539851995	0.037424625937029624	-0.07175711115370445	0.06357368356249174	-0.06190603059060476	0.04917743381654682	-0.03178579182927945	0.15503090149559626	-0.13732554624495572	0.134199895280105	-0.10369473308289198	0.1486811278233341	-0.1626255925697806	0.15351716540429305	-0.14753411428051816	0.12745993942323985	-0.09896490829369033	0.21974227577991062	-0.2621809949502161	0.20873767126031206	-0.174814452821218	0.15863989741978773	-0.7035706334347452	0.9999999999999942	-0.5300334715220482	0.19824199461834968	-0.196963433762396
-0.08565529740335082	0.06495987416711346	-0.0826072093917286	0.06799226566763619	-0.051153858268517004	0.08581734488244036	-0.07720688901584054	0.0778677295588899	-0.06439433270209642	0.04349371925245506	-0.1769735876779355	0.14764174410261016	-0.1686853140830068	0.15345539539220768	-0.23424283500993642	0.15499467223334235	-0.15209804874284008	0.17762916237292914	-0.19796452914033694	0.1541303445099403	-0.21155686825312495	0.19990137940691366	-0.39148855263348276	0.27197632052281595	-0.2597216213211422	0.2893947209840228	-0.5300334715220482	0.9999999999999947	-0.4865913151905646	0.2811190594486541
0.059782640120412615	-0.046207008263484686	0.058601898612123074	-0.04990844279095426	0.03743229005786031	-0.06078459248133665	0.05467435650971023	-0.056575023219525455	0.04714689973738487	-0.03217850175519952	0.11981557748007524	-0.10703740608453793	0.12233063237360883	-0.12721970173753705	0.18012612684240997	-0.10883473424532673	0.10499664711393901	-0.1367270756545681	0.16515743758009122	-0.13490309644626744	0.1342482295008094	-0.14093401831790764	0.2814717382299943	-0.4526531585942809	0.2198483682333948	-0.20332562721926925	0.19824199461834968	-0.4865913151905646	0.9999999999999951	-0.6399951337169201
-0.08225383966113271	0.06351641061171423	-0.08208000003775198	0.07064759683940443	-0.055699892506068285	0.08199859988302802	-0.07441305054697843	0.07851830537558079	-0.06740125753549916	0.047895709917806596	-0.15697636582072733	0.13599521456053476	-0.1639848359599583	0.1906369958343198	-0.3035712220405481	0.1328558221290202	-0.129347354573996	0.17343670388211524	-0.257758320240833	0.21823345330372848	-0.16407638570130556	0.16228343084914096	-0.3107191662617699	0.2840341734583171	-0.42977109464070684	0.19383988023600682	-0.196963433762396	0.2811190594486541	-0.6399951337169201	0.9999999999999947
