1.0	-0.6303119123162271	0.1122008231092303	-0.09927553129392122	0.0833932677574051	-0.6022099411170985	0.288331760495633	-0.1247470961495557	0.09033381314539692	-0.060089389583210806	0.28200590320532354	-0.29902695464458173	0.11152457507544757	-0.08189365575192822	0.07051310626346255	-0.1526350594905084	0.1276683099142685	-0.1029341844033891	0.07998827151416882	-0.06847818364157118	0.0952381510826001	-0.0835492129760918	0.10986429512018983	-0.057520349671696766	0.050754696618264934	-0.0611979136337091	0.06922463930944198	-0.06444781402576105	0.07587942233759999	-0.033269203048971546	0.037113939116691384	-0.051255203972533046	0.04156959820216827	-0.04867437007523964	0.033040024947350734	-0.029990105594227944	0.03278077610091088	-0.019601067411724973	0.015912753856782678	-0.022486983078228055	0.02682641635557316	-0.039962715070312946	0.028132166835562793	-0.02490570921293534	0.017146925632207058
-0.6303119123162271	0.9999999999999998	-0.16442923885764854	0.12232186153393658	-0.09938718385399532	0.28733426594484884	-0.583521529347066	0.15346101391602804	-0.11046962022292103	0.0710565396545001	-0.30723402192186716	0.2731913600683861	-0.14232188264478784	0.09424925868859936	-0.0825010860622355	0.14494206326618522	-0.13547141984685587	0.11425208953521954	-0.09254189269809951	0.0779499316323585	-0.1046455853040487	0.0886813735768942	-0.12732298822362859	0.06505060082294763	-0.05789984369210561	0.06555502099489874	-0.07578141868602789	0.07020993042565576	-0.08458502342618955	0.03674763208615244	-0.039985174161385056	0.05513815369606755	-0.045403550392213644	0.052904647324648134	-0.03656283730466433	0.03224690852052364	-0.03536364560108856	0.021148454595515877	-0.01719943812444101	0.02434250678055433	-0.028926539039612034	0.04294151277206548	-0.03044100722878336	0.02686684493475322	-0.018603331796224407
0.1122008231092303	-0.16442923885764854	1.0	-0.8364466974215945	0.2141101303929136	-0.090919494603212	0.12952248370258865	-0.21923843139545124	0.2350478203123393	-0.16003357043450897	0.10263214170419027	-0.11795908739235708	0.1626096828173331	-0.19765090704206525	0.1593602738691663	-0.12371793974347894	0.1078986364798135	-0.13820984942744488	0.15337956985755363	-0.15144205522227822	0.11727717871817211	-0.10009192707906368	0.15016059540154625	-0.11534700514005079	0.10136686329444003	-0.10474141702419208	0.09938153436489375	-0.09956542463878988	0.1313435423574259	-0.05912150883479683	0.06205287657607842	-0.08514392444138622	0.06719362188304435	-0.08097672108585846	0.05791090190849089	-0.051152203263334875	0.05496989845758604	-0.03452262209335863	0.02791684327509429	-0.04022986214593387	0.04535671323425115	-0.06830138993541571	0.049271527621100694	-0.04417163400225144	0.030481977199854737
-0.09927553129392122	0.12232186153393658	-0.8364466974215945	1.0	-0.28069163730672547	0.07719563967026058	-0.11371522645223395	0.17646550712799308	-0.3225244868223501	0.1770294947710484	-0.09123311963296772	0.10031933203110459	-0.1549229978146786	0.1866333351266312	-0.17204062494428574	0.10638970633342604	-0.09604295032097773	0.12358447169828737	-0.1525964622533839	0.14459325765446715	-0.10451566648622325	0.08792986296948313	-0.1402545318886622	0.10741628984259617	-0.09723778858026011	0.08777641102918633	-0.0872304280476963	0.0867106865902132	-0.11687388110594084	0.052303896630602816	-0.05248234321805913	0.07206342105921804	-0.05831982337755553	0.06979128701872434	-0.05131847517329182	0.04306161381507179	-0.046564314400527	0.029045801627383464	-0.023558974450346368	0.0339803132198398	-0.03833888314556747	0.057471178289373974	-0.04161306345124786	0.037116670091024886	-0.025845823383052302
0.0833932677574051	-0.09938718385399532	0.2141101303929136	-0.28069163730672547	1.0	-0.07510411449997967	0.10329629955519141	-0.1861390832554465	0.29487184084512447	-0.6198971746924917	0.09062981652415901	-0.10793413954018102	0.16023508455865115	-0.2815461358248808	0.3030975367326737	-0.1433152381326742	0.12339119391819395	-0.16386088802143658	0.21919354807173447	-0.29304680099483005	0.15077411557241574	-0.12746081010011154	0.18474529703322437	-0.18700294120165742	0.16418797046857675	-0.1510313708515928	0.13427550718405035	-0.13731293122963376	0.18877987043877706	-0.08773779442906561	0.08870315814759304	-0.12148934205845473	0.09457010800907376	-0.11547049166343311	0.08484004368056985	-0.07360787000849145	0.07863245846368458	-0.050262058091357836	0.040581974976531064	-0.058978913555101854	0.06503882104183771	-0.09839496994402036	0.07154700586465579	-0.06447981244192626	0.04455877541198841
-0.6022099411170985	0.28733426594484884	-0.090919494603212	0.07719563967026058	-0.07510411449997967	1.0	-0.3423989109772321	0.11560655181336611	-0.08225515988936151	0.05376339055259168	-0.6210882651793502	0.2788532202765568	-0.10961380523293789	0.07314507134733546	-0.06387248973655882	0.14530610836774138	-0.12913229866089837	0.09707638817063341	-0.07399388472510193	0.061389528057801485	-0.09250803027946564	0.07857062832184887	-0.10671887477846415	0.052090410057141955	-0.046201016700191166	0.05464795452699647	-0.06471149447614634	0.05912892319022409	-0.06944663840919378	0.03015335703214989	-0.03341166144030787	0.046132565188150745	-0.03795374137734582	0.044072937628330006	-0.03004140093851356	0.026862617630114584	-0.029518267620487728	0.017508894862638295	-0.014240777920608419	0.020080567728646425	-0.024113470407945984	0.03576494333392581	-0.0252058159278269	0.02221955577961218	-0.01535142617544423
0.288331760495633	-0.583521529347066	0.12952248370258865	-0.11371522645223395	0.10329629955519141	-0.3423989109772321	1.0000000000000004	-0.23987732779983825	0.12062686287385727	-0.07672753873384225	0.2851914171807334	-0.5729763392799108	0.17454440133623275	-0.10580186937253841	0.08841655478724991	-0.1855385918532208	0.17060893073812516	-0.14042147800735516	0.10280426711870103	-0.08591441036087256	0.11733335459675018	-0.10492426632555646	0.14318086179933334	-0.07224457986112937	0.06353899593295367	-0.07366851898177006	0.08532835279958997	-0.07939069338814453	0.09268246835352753	-0.04067017386272525	0.044843810934765756	-0.062027824999063265	0.05083192960229536	-0.059329555033470587	0.040368474658724375	-0.036150469936290994	0.039628403824769065	-0.02360175651353542	0.01917804986147563	-0.02708678224783748	0.032377884102596885	-0.04817990389989564	0.033902730343554885	-0.029965763274082336	0.020676413210946078
-0.1247470961495557	0.15346101391602804	-0.21923843139545124	0.17646550712799308	-0.1861390832554465	0.11560655181336611	-0.23987732779983825	1.0000000000000009	-0.32434200513706307	0.15093240407663086	-0.13619501740063375	0.17524756428403418	-0.7595948911626131	0.20334376066134222	-0.1609197827816248	0.16573504393917007	-0.16867274523601325	0.24979914432550676	-0.19013372023774258	0.14860826243690625	-0.14980061705307982	0.12992946036161124	-0.26047732476486557	0.12213076590135565	-0.10794119865608419	0.10237991190165154	-0.11722758115137889	0.11390671655287733	-0.13872767565393043	0.061038668820254584	-0.0624844436346196	0.08638813405613353	-0.07311981904806865	0.0851540919667001	-0.06034679690843316	0.05048771491427226	-0.055431208187979246	0.03340801521884762	-0.027197574769374896	0.038734074597751016	-0.04527294587598347	0.06733724923645948	-0.04804556513487713	0.04245147605935857	-0.02961064059959745
0.09033381314539692	-0.11046962022292103	0.2350478203123393	-0.3225244868223501	0.29487184084512447	-0.08225515988936151	0.12062686287385727	-0.32434200513706307	1.0000000000000007	-0.44430403672774904	0.09773861024982354	-0.1199404187634734	0.21799641899792443	-0.5413725592572702	0.2722603033094474	-0.1478483672185873	0.13112446148112275	-0.18886056298530376	0.26489130478932355	-0.2536006097130228	0.14331751930324993	-0.12367329259917414	0.19547409674516378	-0.1831324542377846	0.15731712044561127	-0.12819358586886714	0.12327567769455226	-0.12578123393020166	0.16878996116082323	-0.07817008973092754	0.07619878221134382	-0.10487849950501354	0.08452587572552588	-0.10228741576066722	0.07570680882801184	-0.06270242823148492	0.0675950531541702	-0.04239175205157508	0.03434196593808891	-0.04973001831836154	0.055641590562197855	-0.08382303375787124	0.060497283366939214	-0.05420112779421853	0.037730523975789326
-0.060089389583210806	0.0710565396545001	-0.16003357043450897	0.1770294947710484	-0.6198971746924917	0.05376339055259168	-0.07672753873384225	0.15093240407663086	-0.44430403672774904	1.0000000000000002	-0.06522099456835947	0.07767191732911038	-0.1327773474996852	0.2392232464800463	-0.5362616557751219	0.10020747033254371	-0.08930336040910297	0.12298898371634959	-0.1884931749318727	0.23992738917455342	-0.10371597113846112	0.08790244704584432	-0.13837633072675365	0.14331736633469	-0.13644626297631554	0.09548675581082014	-0.09053724528433883	0.09249485430233453	-0.12960008502711232	0.060739310559327235	-0.05672860438958816	0.07796045592637148	-0.06302372421543603	0.07643627375751035	-0.05872321207621347	0.046755485272152224	-0.05037821826456354	0.03183190469796137	-0.025807284060394377	0.03758689470609879	-0.041501130938474864	0.0625102197630484	-0.04548127398606974	0.04074777569378407	-0.02854042063638397
0.28200590320532354	-0.30723402192186716	0.10263214170419027	-0.09123311963296772	0.09062981652415901	-0.6210882651793502	0.2851914171807334	-0.13619501740063375	0.09773861024982354	-0.06522099456835947	1.0000000000000004	-0.5693384210529223	0.12777111845224484	-0.0908129177837856	0.07808401983344436	-0.24578272558543277	0.1877354534025047	-0.12946094130159513	0.09222240821228386	-0.07673966048810302	0.1221374161239366	-0.10794020783142441	0.1344757772804697	-0.06561550984504508	0.05773316879058587	-0.07151538625308347	0.0845506760513008	-0.0771844237255243	0.0881332077739649	-0.038566229902292935	0.04360059444225171	-0.06034515184884557	0.04919391988398781	-0.05724543962098183	0.03836768671616215	-0.03504881618014009	0.038472649442451844	-0.022734942907937122	0.018470936196286005	-0.02598526970769343	0.03140763943653975	-0.046693533717488356	0.032662145225375395	-0.028840101871087803	0.01983862893826322
-0.29902695464458173	0.2731913600683861	-0.11795908739235708	0.10031933203110459	-0.10793413954018102	0.2788532202765568	-0.5729763392799108	0.17524756428403418	-0.1199404187634734	0.07767191732911038	-0.5693384210529223	1.0000000000000002	-0.18310610403873456	0.10771677665159805	-0.09316912587093835	0.22920711279606593	-0.29706029838008896	0.16250970938507406	-0.11315287596083294	0.0903109100908503	-0.1469649759584299	0.12847202908070174	-0.17223818328161175	0.0777139444133326	-0.06875514194544793	0.08114248889954738	-0.10146685359650101	0.09044213380501172	-0.10375389037063569	0.044933018943593	-0.04996908526941499	0.06912473662842408	-0.057439419364267844	0.06617664244647187	-0.04482884421593785	0.039953924663271544	-0.044139345947965265	0.02590659354531211	-0.02109508077909293	0.02964654336350956	-0.03595375525055494	0.05318217297663104	-0.03735159285069953	0.03282692910905306	-0.02269916701550094
0.11152457507544757	-0.14232188264478784	0.1626096828173331	-0.1549229978146786	0.16023508455865115	-0.10961380523293789	0.17454440133623275	-0.7595948911626131	0.21799641899792443	-0.1327773474996852	0.12777111845224484	-0.18310610403873456	1.0000000000000016	-0.21038088435623983	0.14497709936284905	-0.18943034373987497	0.18068134367555544	-0.40962103532755334	0.18570226454891992	-0.14859666495176588	0.14831984669542844	-0.137254420375975	0.24665476342490197	-0.1245961528288633	0.10577633542979344	-0.10736241184491273	0.1183803075103162	-0.11843510886797162	0.1375527747506213	-0.06185688064924695	0.06495475830704919	-0.09012054269002895	0.07494933962634033	-0.08836782144329106	0.060762479563801625	-0.052671039164997935	0.05754147897598509	-0.03473725460836458	0.028206989569635743	-0.04011044420172251	0.04701435290835724	-0.0703587713168829	0.049702735629878	-0.044142338632606845	0.030552587392875308
-0.08189365575192822	0.09424925868859936	-0.19765090704206525	0.1866333351266312	-0.2815461358248808	0.07314507134733546	-0.10580186937253841	0.20334376066134222	-0.5413725592572702	0.2392232464800463	-0.0908129177837856	0.10771677665159805	-0.21038088435623983	1.0	-0.3180372639716687	0.14212082813711166	-0.1354265502347331	0.20400664850931974	-0.5939908743455999	0.25743760482452255	-0.14446211766383202	0.12298521110281786	-0.22146343048479336	0.21280696907978294	-0.1980006415548934	0.11620590754352089	-0.1219490253586274	0.1233571546103629	-0.17573049905571703	0.08019884590392773	-0.070287787539732	0.09699434037036248	-0.0823770046003687	0.09835738739970315	-0.07811871878093307	0.0573137467783723	-0.06255588539783283	0.03875705654484205	-0.031595803732826	0.045954486026834405	-0.05124226728537119	0.0765898898875349	-0.055716393025612154	0.049437828570208384	-0.03514780966928213
0.07051310626346255	-0.0825010860622355	0.1593602738691663	-0.17204062494428574	0.3030975367326737	-0.06387248973655882	0.08841655478724991	-0.1609197827816248	0.2722603033094474	-0.5362616557751219	0.07808401983344436	-0.09316912587093835	0.14497709936284905	-0.3180372639716687	0.9999999999999984	-0.12700142783428225	0.11161104343079846	-0.15442525438859434	0.2519354853202744	-0.5567358284539209	0.13372373731065948	-0.11373703312780546	0.17331399398079786	-0.2333137540734364	0.21593309668585453	-0.1291684519512001	0.11947946703480598	-0.12423999322740154	0.17733513767006126	-0.08685062964273167	0.07652363106473359	-0.1052766579979205	0.08527676005822808	-0.10452951528479439	0.08241522499882539	-0.06318604669756386	0.06799164027665908	-0.043224288069520375	0.035044409559880536	-0.05137127467292043	0.0559982839240024	-0.08458082569158472	0.06163746537311515	-0.05537053958894486	0.038957121898889335
-0.1526350594905084	0.14494206326618522	-0.12371793974347894	0.10638970633342604	-0.1433152381326742	0.14530610836774138	-0.1855385918532208	0.16573504393917007	-0.1478483672185873	0.10020747033254371	-0.24578272558543277	0.22920711279606593	-0.18943034373987497	0.14212082813711166	-0.12700142783428225	1.000000000000002	-0.728138182394843	0.2596191635891969	-0.1685669916185565	0.1253419191297483	-0.360527050388382	0.24913880745394804	-0.3068914673877949	0.11306274243093327	-0.10039495745757956	0.12885207557740588	-0.18291754373213195	0.15090428474351184	-0.1641699463211117	0.06979991049964165	-0.0807923167385335	0.11164734719103617	-0.09411163302620484	0.10594717810764677	-0.070234885655069	0.06341816558134963	-0.07099277708938836	0.040315100977032066	-0.03292537200611601	0.04570983972262642	-0.05751648799856325	0.08417882353778795	-0.058455547366280336	0.050870183839571176	-0.035164119824169796
0.1276683099142685	-0.13547141984685587	0.1078986364798135	-0.09604295032097773	0.12339119391819395	-0.12913229866089837	0.17060893073812516	-0.16867274523601325	0.13112446148112275	-0.08930336040910297	0.1877354534025047	-0.29706029838008896	0.18068134367555544	-0.1354265502347331	0.11161104343079846	-0.728138182394843	1.000000000000002	-0.3921621554219283	0.15492310219658748	-0.11637432454677751	0.24679760708516782	-0.29658706554488623	0.26178375047451574	-0.10488618616356638	0.08996719043264241	-0.11781204583010335	0.16321414417241306	-0.14018366420283787	0.14148903660657883	-0.06227445622400122	0.07295116891924099	-0.10251188468396219	0.08465949842120463	-0.09679260005057692	0.06203264592335185	-0.05767379078293341	0.06425738926849511	-0.036534156134347275	0.029731201105477882	-0.04126770628249619	0.05187203174735866	-0.07696835549039652	0.05251852818400404	-0.04609070180242114	0.0315843515952941
-0.1029341844033891	0.11425208953521954	-0.13820984942744488	0.12358447169828737	-0.16386088802143658	0.09707638817063341	-0.14042147800735516	0.24979914432550676	-0.18886056298530376	0.12298898371634959	-0.12946094130159513	0.16250970938507406	-0.40962103532755334	0.20400664850931974	-0.15442525438859434	0.2596191635891969	-0.3921621554219283	0.9999999999999963	-0.3139218948856161	0.16733342883256444	-0.21219124232743408	0.20059629647248264	-0.6282338649872793	0.15484150956278017	-0.13060111474770908	0.12558093964493447	-0.16308193337004706	0.15870105972536688	-0.17026129551389238	0.0747501774711408	-0.07785716026583042	0.10872506165234852	-0.09633707989271005	0.10892364231615544	-0.07406306440035025	0.06206197865593744	-0.0690714107234754	0.040386081052108086	-0.03295119065054644	0.04641137310074332	-0.05587815458713188	0.08285055594707419	-0.05809126571681427	0.05105137058954193	-0.03556666674302761
0.07998827151416882	-0.09254189269809951	0.15337956985755363	-0.1525964622533839	0.21919354807173447	-0.07399388472510193	0.10280426711870103	-0.19013372023774258	0.26489130478932355	-0.1884931749318727	0.09222240821228386	-0.11315287596083294	0.18570226454891992	-0.5939908743455999	0.2519354853202744	-0.1685669916185565	0.15492310219658748	-0.3139218948856161	0.9999999999999992	-0.4039164273814533	0.15466491996410314	-0.13875816325063484	0.23675853522678408	-0.39328564015619416	0.25343931344165826	-0.13215034126473432	0.1338776416357371	-0.14102611861152842	0.1936607754979467	-0.09417553118887928	0.07934687926076497	-0.11005380203766572	0.09296660732021166	-0.11304402386360655	0.08898533772436386	-0.06484787286135024	0.07054192760163881	-0.04378693227172682	0.035627547021203035	-0.05199686440020626	0.05770573893166288	-0.08688171806000292	0.06252805407457805	-0.05584229344990733	0.039590935377325776
-0.06847818364157118	0.0779499316323585	-0.15144205522227822	0.14459325765446715	-0.29304680099483005	0.061389528057801485	-0.08591441036087256	0.14860826243690625	-0.2536006097130228	0.23992738917455342	-0.07673966048810302	0.0903109100908503	-0.14859666495176588	0.25743760482452255	-0.5567358284539209	0.1253419191297483	-0.11637432454677751	0.16733342883256444	-0.4039164273814533	0.9999999999999988	-0.1361590660581805	0.11488728964654445	-0.19708854771421966	0.29028037814226976	-0.4860724649611345	0.11736955046448053	-0.12051434717667141	0.12561001174669936	-0.20025941157494592	0.1019436690747666	-0.07114358545314459	0.09833048259552116	-0.0864199100391147	0.10449758494102254	-0.09831535225765602	0.05805320068204613	-0.06353952277478599	0.03990183752465634	-0.032695691762294934	0.04872050746634375	-0.05193814318940711	0.07775496830572058	-0.05752541610475604	0.050999324899218934	-0.03747642956585642
0.0952381510826001	-0.1046455853040487	0.11727717871817211	-0.10451566648622325	0.15077411557241574	-0.09250803027946564	0.11733335459675018	-0.14980061705307982	0.14331751930324993	-0.10371597113846112	0.1221374161239366	-0.1469649759584299	0.14831984669542844	-0.14446211766383202	0.13372373731065948	-0.360527050388382	0.24679760708516782	-0.21219124232743408	0.15466491996410314	-0.1361590660581805	1.0000000000000002	-0.6824698065130951	0.2524902353322775	-0.12470603837771442	0.10937199010190461	-0.25444558792733096	0.2847546711055105	-0.25646115758305604	0.22013206983911635	-0.10152634629955834	0.14792032047238807	-0.20764391945581287	0.15161797089344123	-0.17758929940075457	0.10091352949229374	-0.11620574078422793	0.12629287054568505	-0.06958575411073332	0.056045636639599244	-0.07618070244378973	0.10265931153812474	-0.15504978750350792	0.09866123263893942	-0.08768016584140048	0.05773455152361093
-0.0835492129760918	0.0886813735768942	-0.10009192707906368	0.08792986296948313	-0.12746081010011154	0.07857062832184887	-0.10492426632555646	0.12992946036161124	-0.12367329259917414	0.08790244704584432	-0.10794020783142441	0.12847202908070174	-0.137254420375975	0.12298521110281786	-0.11373703312780546	0.24913880745394804	-0.29658706554488623	0.20059629647248264	-0.13875816325063484	0.11488728964654445	-0.6824698065130951	1.0000000000000007	-0.31239721043328583	0.1080823699548033	-0.09522808833825781	0.1766905576463638	-0.47358088493186945	0.2328231273869512	-0.20003588524170576	0.08525972167836039	-0.11649774888171147	0.16622221691777175	-0.13612515544748915	0.14548986219837862	-0.08657846532419525	0.08722810085764202	-0.10219326151920681	0.0525163162779304	-0.04291591337934191	0.05770166501011085	-0.07984305892537269	0.11604603485685826	-0.0761662680883404	0.06557976953059728	-0.04445544641819786
0.10986429512018983	-0.12732298822362859	0.15016059540154625	-0.1402545318886622	0.18474529703322437	-0.10671887477846415	0.14318086179933334	-0.26047732476486557	0.19547409674516378	-0.13837633072675365	0.1344757772804697	-0.17223818328161175	0.24665476342490197	-0.22146343048479336	0.17331399398079786	-0.3068914673877949	0.26178375047451574	-0.6282338649872793	0.23675853522678408	-0.19708854771421966	0.2524902353322775	-0.31239721043328583	0.999999999999999	-0.19190394368412994	0.1509123626038328	-0.181674411359145	0.22170064544022844	-0.2665731379118955	0.2220833511889167	-0.10164858922232085	0.11127752967485058	-0.15780231006249468	0.14074335919585276	-0.16246385218009365	0.09979158756466913	-0.08916373657883254	0.09871403781341423	-0.057621673741869835	0.0468475193655402	-0.06545189605060639	0.07963730192124226	-0.11960739960327257	0.08194987220626448	-0.0726175207970659	0.04986796157878973
-0.057520349671696766	0.06505060082294763	-0.11534700514005079	0.10741628984259617	-0.18700294120165742	0.052090410057141955	-0.07224457986112937	0.12213076590135565	-0.1831324542377846	0.14331736633469	-0.06561550984504508	0.0777139444133326	-0.1245961528288633	0.21280696907978294	-0.2333137540734364	0.11306274243093327	-0.10488618616356638	0.15484150956278017	-0.39328564015619416	0.29028037814226976	-0.12470603837771442	0.1080823699548033	-0.19190394368412994	0.9999999999999972	-0.7540318777511112	0.11390795528898345	-0.11753159773192344	0.13191607103297678	-0.2658706670992428	0.12287435650169382	-0.06937337297694986	0.09679557345580359	-0.09006467311544127	0.11107364735283518	-0.11422084872142058	0.056431648445370124	-0.06216551439888774	0.039059562378487914	-0.032147542495007286	0.048843356025850056	-0.050465979423898834	0.075903917864452	-0.056120124842472	0.0498558091631764	-0.03761400834072602
0.050754696618264934	-0.05789984369210561	0.10136686329444003	-0.09723778858026011	0.16418797046857675	-0.046201016700191166	0.06353899593295367	-0.10794119865608419	0.15731712044561127	-0.13644626297631554	0.05773316879058587	-0.06875514194544793	0.10577633542979344	-0.1980006415548934	0.21593309668585453	-0.10039495745757956	0.08996719043264241	-0.13060111474770908	0.25343931344165826	-0.4860724649611345	0.10937199010190461	-0.09522808833825781	0.1509123626038328	-0.7540318777511112	0.9999999999999988	-0.10712742214365446	0.10408720061154834	-0.11792180737093211	0.19249701716034087	-0.1401385647982443	0.06465703963715216	-0.09024988055747947	0.0824839690276393	-0.10435128683054197	0.11365034183348349	-0.052876650139572934	0.05792478877961174	-0.03690385882190089	0.030347741161952338	-0.04688791627414453	0.04709906769867101	-0.07124073245810864	0.05283232236299529	-0.04723799066801511	0.03590172475891286
-0.0611979136337091	0.06555502099489874	-0.10474141702419208	0.08777641102918633	-0.1510313708515928	0.05464795452699647	-0.07366851898177006	0.10237991190165154	-0.12819358586886714	0.09548675581082014	-0.07151538625308347	0.08114248889954738	-0.10736241184491273	0.11620590754352089	-0.1291684519512001	0.12885207557740588	-0.11781204583010335	0.12558093964493447	-0.13215034126473432	0.11736955046448053	-0.25444558792733096	0.1766905576463638	-0.181674411359145	0.11390795528898345	-0.10712742214365446	0.9999999999999971	-0.27772459783716513	0.20089174646253544	-0.3054364774083914	0.11112474929242028	-0.6832691263122839	0.2950114635010285	-0.16998707168205854	0.1656829961248965	-0.12107661832530185	0.2253696354050158	-0.21915633585957342	0.08420161087077288	-0.07146615484646879	0.0875179419246882	-0.24527749771658922	0.2046391014101118	-0.14603384581853165	0.10528237034603216	-0.07221325973112158
0.06922463930944198	-0.07578141868602789	0.09938153436489375	-0.0872304280476963	0.13427550718405035	-0.06471149447614634	0.08532835279958997	-0.11722758115137889	0.12327567769455226	-0.09053724528433883	0.0845506760513008	-0.10146685359650101	0.1183803075103162	-0.1219490253586274	0.11947946703480598	-0.18291754373213195	0.16321414417241306	-0.16308193337004706	0.1338776416357371	-0.12051434717667141	0.2847546711055105	-0.47358088493186945	0.22170064544022844	-0.11753159773192344	0.10408720061154834	-0.27772459783716513	0.9999999999999968	-0.5711407587517677	0.2671348534994488	-0.12259768934336053	0.18479535245320364	-0.3304176195195209	0.2313828605041916	-0.2513075076941454	0.12310977502320669	-0.13671373276853674	0.1661464976186896	-0.07812050730503277	0.06359245355293838	-0.08272669199353104	0.12296170112537308	-0.188998506526767	0.11130286327500034	-0.0960174669195408	0.06357807161672105
-0.06444781402576105	0.07020993042565576	-0.09956542463878988	0.0867106865902132	-0.13731293122963376	0.05912892319022409	-0.07939069338814453	0.11390671655287733	-0.12578123393020166	0.09249485430233453	-0.0771844237255243	0.09044213380501172	-0.11843510886797162	0.1233571546103629	-0.12423999322740154	0.15090428474351184	-0.14018366420283787	0.15870105972536688	-0.14102611861152842	0.12561001174669936	-0.25646115758305604	0.2328231273869512	-0.2665731379118955	0.13191607103297678	-0.11792180737093211	0.20089174646253544	-0.5711407587517677	0.9999999999999972	-0.4369617950744654	0.148596021637245	-0.1470290238759406	0.21809001349025356	-0.4568228635414702	0.28311019777490315	-0.15940732212837755	0.10694502642523739	-0.1352691102555642	0.06894037016504327	-0.0581608978071508	0.07684102619486567	-0.10073793652365012	0.1432394026379394	-0.09985818984447126	0.08357100666054129	-0.06063895533495742
0.07587942233759999	-0.08458502342618955	0.1313435423574259	-0.11687388110594084	0.18877987043877706	-0.06944663840919378	0.09268246835352753	-0.13872767565393043	0.16878996116082323	-0.12960008502711232	0.0881332077739649	-0.10375389037063569	0.1375527747506213	-0.17573049905571703	0.17733513767006126	-0.1641699463211117	0.14148903660657883	-0.17026129551389238	0.1936607754979467	-0.20025941157494592	0.22013206983911635	-0.20003588524170576	0.2220833511889167	-0.2658706670992428	0.19249701716034087	-0.3054364774083914	0.2671348534994488	-0.4369617950744654	0.9999999999999976	-0.32301398238324824	0.1814412025089067	-0.26063589089014366	0.2480385423519766	-0.3466610010084584	0.23321673492490927	-0.14895090882422715	0.16234131293502005	-0.1022485589439171	0.0832157583246046	-0.1242530972000227	0.13076220985324838	-0.2028732953671113	0.14083320972482458	-0.12917492401230776	0.09248059811359965
-0.033269203048971546	0.03674763208615244	-0.05912150883479683	0.052303896630602816	-0.08773779442906561	0.03015335703214989	-0.04067017386272525	0.061038668820254584	-0.07817008973092754	0.060739310559327235	-0.038566229902292935	0.044933018943593	-0.06185688064924695	0.08019884590392773	-0.08685062964273167	0.06979991049964165	-0.06227445622400122	0.0747501774711408	-0.09417553118887928	0.1019436690747666	-0.10152634629955834	0.08525972167836039	-0.10164858922232085	0.12287435650169382	-0.1401385647982443	0.11112474929242028	-0.12259768934336053	0.148596021637245	-0.32301398238324824	0.9999999999999969	-0.0742485235417866	0.10563557959303849	-0.15970196453127708	0.19860771460220686	-0.8772821941297814	0.058678337371098566	-0.0700417178471865	0.04968707624416755	-0.04472114129835788	0.09308267742672661	-0.05445699459480642	0.08066218486827875	-0.07672909951312241	0.06553819009729808	-0.07762561790121694
0.037113939116691384	-0.039985174161385056	0.06205287657607842	-0.05248234321805913	0.08870315814759304	-0.03341166144030787	0.044843810934765756	-0.0624844436346196	0.07619878221134382	-0.05672860438958816	0.04360059444225171	-0.04996908526941499	0.06495475830704919	-0.070287787539732	0.07652363106473359	-0.0807923167385335	0.07295116891924099	-0.07785716026583042	0.07934687926076497	-0.07114358545314459	0.14792032047238807	-0.11649774888171147	0.11127752967485058	-0.06937337297694986	0.06465703963715216	-0.6832691263122839	0.18479535245320364	-0.1470290238759406	0.1814412025089067	-0.0742485235417866	0.9999999999999967	-0.5047447741701933	0.13573433115443823	-0.13468139138012483	0.0791692052888141	-0.3372232439899034	0.2194413919562988	-0.0683102364366603	0.056176494327102804	-0.0649030916966921	0.23055396000639589	-0.22256773762581042	0.10934550002105874	-0.08320619937776225	0.05225212457501871
-0.051255203972533046	0.05513815369606755	-0.08514392444138622	0.07206342105921804	-0.12148934205845473	0.046132565188150745	-0.062027824999063265	0.08638813405613353	-0.10487849950501354	0.07796045592637148	-0.06034515184884557	0.06912473662842408	-0.09012054269002895	0.09699434037036248	-0.1052766579979205	0.11164734719103617	-0.10251188468396219	0.10872506165234852	-0.11005380203766572	0.09833048259552116	-0.20764391945581287	0.16622221691777175	-0.15780231006249468	0.09679557345580359	-0.09024988055747947	0.2950114635010285	-0.3304176195195209	0.21809001349025356	-0.26063589089014366	0.10563557959303849	-0.5047447741701933	0.9999999999999966	-0.2559025259559793	0.1968383504887685	-0.11502520292715136	0.20926055295064244	-0.5038275494365321	0.09336267720312871	-0.07855029720974666	0.08646496851061058	-0.2180817125896065	0.2783760964300432	-0.1514840716832462	0.10960811893529906	-0.07066413418270598
0.04156959820216827	-0.045403550392213644	0.06719362188304435	-0.05831982337755553	0.09457010800907376	-0.03795374137734582	0.05083192960229536	-0.07311981904806865	0.08452587572552588	-0.06302372421543603	0.04919391988398781	-0.057439419364267844	0.07494933962634033	-0.0823770046003687	0.08527676005822808	-0.09411163302620484	0.08465949842120463	-0.09633707989271005	0.09296660732021166	-0.0864199100391147	0.15161797089344123	-0.13612515544748915	0.14074335919585276	-0.09006467311544127	0.0824839690276393	-0.16998707168205854	0.2313828605041916	-0.4568228635414702	0.2480385423519766	-0.15970196453127708	0.13573433115443823	-0.2559025259559793	0.9999999999999941	-0.758382866711038	0.165336681371432	-0.09444465787602649	0.1285488384854634	-0.06539464128506807	0.056406354542810684	-0.06670661998482123	0.08909001270549888	-0.13032421597208108	0.08623703399856048	-0.07215334977202642	0.05278663993518541
-0.04867437007523964	0.052904647324648134	-0.08097672108585846	0.06979128701872434	-0.11547049166343311	0.044072937628330006	-0.059329555033470587	0.0851540919667001	-0.10228741576066722	0.07643627375751035	-0.05724543962098183	0.06617664244647187	-0.08836782144329106	0.09835738739970315	-0.10452951528479439	0.10594717810764677	-0.09679260005057692	0.10892364231615544	-0.11304402386360655	0.10449758494102254	-0.17758929940075457	0.14548986219837862	-0.16246385218009365	0.11107364735283518	-0.10435128683054197	0.1656829961248965	-0.2513075076941454	0.28311019777490315	-0.3466610010084584	0.19860771460220686	-0.13468139138012483	0.1968383504887685	-0.758382866711038	0.9999999999999939	-0.2798150617611164	0.09470174312689852	-0.12805155818157052	0.07275812173756088	-0.06691816546768523	0.07854317647718474	-0.09241018558771139	0.126433589836594	-0.0980664117775315	0.08063172124481782	-0.0638480880978235
0.033040024947350734	-0.03656283730466433	0.05791090190849089	-0.05131847517329182	0.08484004368056985	-0.03004140093851356	0.040368474658724375	-0.06034679690843316	0.07570680882801184	-0.05872321207621347	0.03836768671616215	-0.04482884421593785	0.060762479563801625	-0.07811871878093307	0.08241522499882539	-0.070234885655069	0.06203264592335185	-0.07406306440035025	0.08898533772436386	-0.09831535225765602	0.10091352949229374	-0.08657846532419525	0.09979158756466913	-0.11422084872142058	0.11365034183348349	-0.12107661832530185	0.12310977502320669	-0.15940732212837755	0.23321673492490927	-0.8772821941297814	0.0791692052888141	-0.11502520292715136	0.165336681371432	-0.2798150617611164	0.9999999999999922	-0.06306407114517916	0.07457704462267882	-0.05429392549087604	0.04852368730549332	-0.11335728117486209	0.05780048370023082	-0.08746617428910955	0.08106517403860493	-0.07150248512579419	0.08297435400878089
-0.029990105594227944	0.03224690852052364	-0.051152203263334875	0.04306161381507179	-0.07360787000849145	0.026862617630114584	-0.036150469936290994	0.05048771491427226	-0.06270242823148492	0.046755485272152224	-0.03504881618014009	0.039953924663271544	-0.052671039164997935	0.0573137467783723	-0.06318604669756386	0.06341816558134963	-0.05767379078293341	0.06206197865593744	-0.06484787286135024	0.05805320068204613	-0.11620574078422793	0.08722810085764202	-0.08916373657883254	0.056431648445370124	-0.052876650139572934	0.2253696354050158	-0.13671373276853674	0.10694502642523739	-0.14895090882422715	0.058678337371098566	-0.3372232439899034	0.20926055295064244	-0.09444465787602649	0.09470174312689852	-0.06306407114517916	0.9999999999999947	-0.24223946104336236	0.06490119702252542	-0.05411255481423496	0.059721999787138935	-0.8348520755043132	0.23895216439975317	-0.11192494841176945	0.07977272547379623	-0.04859857375282113
0.03278077610091088	-0.03536364560108856	0.05496989845758604	-0.046564314400527	0.07863245846368458	-0.029518267620487728	0.039628403824769065	-0.055431208187979246	0.0675950531541702	-0.05037821826456354	0.038472649442451844	-0.044139345947965265	0.05754147897598509	-0.06255588539783283	0.06799164027665908	-0.07099277708938836	0.06425738926849511	-0.0690714107234754	0.07054192760163881	-0.06353952277478599	0.12629287054568505	-0.10219326151920681	0.09871403781341423	-0.06216551439888774	0.05792478877961174	-0.21915633585957342	0.1661464976186896	-0.1352691102555642	0.16234131293502005	-0.0700417178471865	0.2194413919562988	-0.5038275494365321	0.1285488384854634	-0.12805155818157052	0.07457704462267882	-0.24223946104336236	0.9999999999999938	-0.122355724713305	0.09281755339796377	-0.08843752439042486	0.21949457040803766	-0.7186952803104208	0.16716926255612413	-0.1297739295309831	0.07027878170067864
-0.019601067411724973	0.021148454595515877	-0.03452262209335863	0.029045801627383464	-0.050262058091357836	0.017508894862638295	-0.02360175651353542	0.03340801521884762	-0.04239175205157508	0.03183190469796137	-0.022734942907937122	0.02590659354531211	-0.03473725460836458	0.03875705654484205	-0.043224288069520375	0.040315100977032066	-0.036534156134347275	0.040386081052108086	-0.04378693227172682	0.03990183752465634	-0.06958575411073332	0.0525163162779304	-0.057621673741869835	0.039059562378487914	-0.03690385882190089	0.08420161087077288	-0.07812050730503277	0.06894037016504327	-0.1022485589439171	0.04968707624416755	-0.0683102364366603	0.09336267720312871	-0.06539464128506807	0.07275812173756088	-0.05429392549087604	0.06490119702252542	-0.122355724713305	0.9999999999999939	-0.8647381297361836	0.159626527801762	-0.06796636320135234	0.1215040308215735	-0.355235043250165	0.26074863348565	-0.15835152996058244
0.015912753856782678	-0.01719943812444101	0.02791684327509429	-0.023558974450346368	0.040581974976531064	-0.014240777920608419	0.01917804986147563	-0.027197574769374896	0.03434196593808891	-0.025807284060394377	0.018470936196286005	-0.02109508077909293	0.028206989569635743	-0.031595803732826	0.035044409559880536	-0.03292537200611601	0.029731201105477882	-0.03295119065054644	0.035627547021203035	-0.032695691762294934	0.056045636639599244	-0.04291591337934191	0.0468475193655402	-0.032147542495007286	0.030347741161952338	-0.07146615484646879	0.06359245355293838	-0.0581608978071508	0.0832157583246046	-0.04472114129835788	0.056176494327102804	-0.07855029720974666	0.056406354542810684	-0.06691816546768523	0.04852368730549332	-0.05411255481423496	0.09281755339796377	-0.8647381297361836	0.9999999999999936	-0.19159010264428947	0.05502959862119756	-0.10160414347731396	0.25701607803050647	-0.3699433640776007	0.1606978879246434
-0.022486983078228055	0.02434250678055433	-0.04022986214593387	0.0339803132198398	-0.058978913555101854	0.020080567728646425	-0.02708678224783748	0.038734074597751016	-0.04973001831836154	0.03758689470609879	-0.02598526970769343	0.02964654336350956	-0.04011044420172251	0.045954486026834405	-0.05137127467292043	0.04570983972262642	-0.04126770628249619	0.04641137310074332	-0.05199686440020626	0.04872050746634375	-0.07618070244378973	0.05770166501011085	-0.06545189605060639	0.048843356025850056	-0.04688791627414453	0.0875179419246882	-0.08272669199353104	0.07684102619486567	-0.1242530972000227	0.09308267742672661	-0.0649030916966921	0.08646496851061058	-0.06670661998482123	0.07854317647718474	-0.11335728117486209	0.059721999787138935	-0.08843752439042486	0.159626527801762	-0.19159010264428947	0.999999999999993	-0.06200104162622208	0.10354408210000648	-0.32683061320871154	0.27127374727356585	-0.8563493072688182
0.02682641635557316	-0.028926539039612034	0.04535671323425115	-0.03833888314556747	0.06503882104183771	-0.024113470407945984	0.032377884102596885	-0.04527294587598347	0.055641590562197855	-0.041501130938474864	0.03140763943653975	-0.03595375525055494	0.04701435290835724	-0.05124226728537119	0.0559982839240024	-0.05751648799856325	0.05187203174735866	-0.05587815458713188	0.05770573893166288	-0.05193814318940711	0.10265931153812474	-0.07984305892537269	0.07963730192124226	-0.050465979423898834	0.04709906769867101	-0.24527749771658922	0.12296170112537308	-0.10073793652365012	0.13076220985324838	-0.05445699459480642	0.23055396000639589	-0.2180817125896065	0.08909001270549888	-0.09241018558771139	0.05780048370023082	-0.8348520755043132	0.21949457040803766	-0.06796636320135234	0.05502959862119756	-0.06200104162622208	0.9999999999999922	-0.3562716786507541	0.11328454665090357	-0.08619831406503778	0.0492473071514932
-0.039962715070312946	0.04294151277206548	-0.06830138993541571	0.057471178289373974	-0.09839496994402036	0.03576494333392581	-0.04817990389989564	0.06733724923645948	-0.08382303375787124	0.0625102197630484	-0.046693533717488356	0.05318217297663104	-0.0703587713168829	0.0765898898875349	-0.08458082569158472	0.08417882353778795	-0.07696835549039652	0.08285055594707419	-0.08688171806000292	0.07775496830572058	-0.15504978750350792	0.11604603485685826	-0.11960739960327257	0.075903917864452	-0.07124073245810864	0.2046391014101118	-0.188998506526767	0.1432394026379394	-0.2028732953671113	0.08066218486827875	-0.22256773762581042	0.2783760964300432	-0.13032421597208108	0.126433589836594	-0.08746617428910955	0.23895216439975317	-0.7186952803104208	0.1215040308215735	-0.10160414347731396	0.10354408210000648	-0.3562716786507541	0.9999999999999925	-0.26635113783002806	0.1542346197142438	-0.08524794124134344
0.028132166835562793	-0.03044100722878336	0.049271527621100694	-0.04161306345124786	0.07154700586465579	-0.0252058159278269	0.033902730343554885	-0.04804556513487713	0.060497283366939214	-0.04548127398606974	0.032662145225375395	-0.03735159285069953	0.049702735629878	-0.055716393025612154	0.06163746537311515	-0.058455547366280336	0.05251852818400404	-0.05809126571681427	0.06252805407457805	-0.05752541610475604	0.09866123263893942	-0.0761662680883404	0.08194987220626448	-0.056120124842472	0.05283232236299529	-0.14603384581853165	0.11130286327500034	-0.09985818984447126	0.14083320972482458	-0.07672909951312241	0.10934550002105874	-0.1514840716832462	0.08623703399856048	-0.0980664117775315	0.08106517403860493	-0.11192494841176945	0.16716926255612413	-0.355235043250165	0.25701607803050647	-0.32683061320871154	0.11328454665090357	-0.26635113783002806	0.9999999999999918	-0.7223684950524738	0.2449045799323116
