1.0	-0.34802282380470617	0.20428945860201894	-0.1714607986199008	0.0844297627038206	-0.7973080469453454	0.27012677156521253	-0.19223541089433294	0.12622869063747583	-0.11946947948301732	0.2563180871466394	-0.24961816456084893	0.17595362459900132	-0.1306130226619153	0.11739446402611235	-0.12084490933837518	0.09320530356516536	-0.10956544870630647	0.08672672610801091	-0.09793358492537263	0.0768505703915123	-0.09926055638664753	0.09100331939366064	-0.0915767658082311	0.07344224801858713	-0.06354935426972137	0.0767404426876193	-0.08903483957293394	0.06834677672908743	-0.06507848964548872	0.041884524973865876	-0.05163212964711646	0.06626904324084139	-0.06577096140161438	0.057715355011896584	-0.04308842090104052	0.052326303755481626	-0.07535997818959403	0.060253983663563465	-0.09808226742871347
-0.34802282380470617	1.0	-0.5639974179281313	0.19693388764989386	-0.09991077536690049	0.2415818051717585	-0.6008847030730096	0.24771438130344997	-0.15650301776817457	0.1303523774056596	-0.2717258387131611	0.2450791716270601	-0.22944907319625446	0.14401061849027563	-0.1333366803451566	0.11238692631758584	-0.09336287744299622	0.10977262778705127	-0.09156628260081885	0.10026521093946235	-0.07529742095984635	0.09566278415804895	-0.09096067189190069	0.08684641793742018	-0.0710553249281134	0.06079784411530415	-0.07492941260961894	0.08473360539020923	-0.06539884579764678	0.06156351617659619	-0.0400529568419632	0.04911629450416779	-0.0633216843127696	0.06203078332429036	-0.054582610645969296	0.040848303091664886	-0.05001750294207376	0.07061400617284669	-0.05704734772927872	0.09111270975086971
0.20428945860201894	-0.5639974179281313	1.0000000000000002	-0.40654491474443766	0.17445119952375232	-0.1768143346932784	0.2821587348950875	-0.44057921558806	0.24175608003409998	-0.23581505827473848	0.21309437246490295	-0.2192068830478895	0.27519841596197886	-0.22536550791280613	0.19344272518498196	-0.15644970904092212	0.13053495452496366	-0.16151589469152888	0.13388689943943266	-0.1512188827463848	0.10425469270748974	-0.14056087521616803	0.131820428951304	-0.1316744699201907	0.10585092357967882	-0.08762846286784279	0.10707929038177567	-0.12688475168445834	0.0978938982003594	-0.09306680446833515	0.05938529072941745	-0.07326996036787771	0.09449487222744878	-0.0938018320544382	0.08245173334180271	-0.06112095389057674	0.0744425577646825	-0.10724306815284497	0.08597128318198771	-0.13969881039189866
-0.1714607986199008	0.19693388764989386	-0.40654491474443766	1.0000000000000004	-0.5220278613283833	0.12878160918261897	-0.20521076545379555	0.25668216368815444	-0.4549020845539932	0.31402307946014024	-0.19692806120914763	0.16094482131261556	-0.28111417710134506	0.251046961778238	-0.2699241392758819	0.12545335828889048	-0.11957761647860543	0.14271399459549244	-0.14575406721579484	0.15062225663219758	-0.09121226725977354	0.11744934881743176	-0.12048853777119688	0.10609394848863413	-0.09114335113526778	0.0728144171150148	-0.09303663337403514	0.10281373729278899	-0.08104492580789201	0.07466325700918228	-0.04909679637899258	0.05963631698895012	-0.07788705118349426	0.07452314832711103	-0.06613474309224845	0.049309736463268916	-0.061544787596149994	0.08357145603664048	-0.06918279949891988	0.10613888453545518
0.0844297627038206	-0.09991077536690049	0.17445119952375232	-0.5220278613283833	1.0000000000000002	-0.06482438250730303	0.10167493407096476	-0.14406180191031284	0.2247370259367364	-0.7832322128311779	0.09837084914402526	-0.0827757723170035	0.14466167097134477	-0.15449752818363396	0.1424450854511266	-0.06868481929340489	0.06457194291885585	-0.07910247620182516	0.07890349009380869	-0.08477354285616383	0.04924864893132494	-0.06467835668447276	0.06537474492719772	-0.05879331913244152	0.04971469686685598	-0.039791552069510704	0.05046901325343378	-0.05676341815757616	0.04453209682897517	-0.04120801148005849	0.026889930953284354	-0.0327742099641341	0.04274302685435645	-0.04115938047429679	0.0364559439370278	-0.027125734275781868	0.033707347518570296	-0.04627563320627061	0.038089531503394836	-0.05901015345388885
-0.7973080469453454	0.2415818051717585	-0.1768143346932784	0.12878160918261897	-0.06482438250730303	1.0000000000000009	-0.3547982676333215	0.15991173154682964	-0.10226294292106894	0.08990977522621268	-0.3781397055168192	0.23894830440678785	-0.15904058959690734	0.10275668610069155	-0.09374557778995656	0.09656867921167873	-0.0747415572209582	0.08521517664519528	-0.0681808800145073	0.07560045052176313	-0.06195320044075557	0.07647528902169196	-0.07093534428356978	0.06897927709326311	-0.05592941921476933	0.049497575599127215	-0.06024219285498341	0.06762255430975522	-0.05189874303543874	0.04903592065213548	-0.031989400024603695	0.03926487960512655	-0.050398215075997684	0.049531534139666634	-0.043492183851708596	0.032686284202205	-0.039847958861852134	0.056558595670280126	-0.04547315365009964	0.07308997061104869
0.27012677156521253	-0.6008847030730096	0.2821587348950875	-0.20521076545379555	0.10167493407096476	-0.3547982676333215	1.0000000000000013	-0.3298930543349106	0.16491187325731216	-0.14143395539116782	0.2899440366671251	-0.4649618624426316	0.24419388533494843	-0.15962282084582421	0.1390205371482792	-0.12754641133257108	0.10264881587250663	-0.12276431515405645	0.09915480121342171	-0.11054761688540823	0.08284000957796558	-0.10715965614023462	0.10011129858691345	-0.09763276335398026	0.07884713951596668	-0.06785233847166744	0.08269247032325605	-0.09511209853295115	0.07307856789698738	-0.06914207083557274	0.04468034450446988	-0.05497143729123756	0.07073756346380149	-0.06974653674689815	0.06126389988107809	-0.04577862099800391	0.05579572975733975	-0.07963044955648341	0.06396971289537931	-0.1031613786630706
-0.19223541089433294	0.24771438130344997	-0.44057921558806	0.25668216368815444	-0.14406180191031284	0.15991173154682964	-0.3298930543349106	1.000000000000001	-0.4110154132684874	0.18506295112727295	-0.23357998486800727	0.22733836893154744	-0.6097173555106548	0.2540802555452798	-0.21636689756064073	0.13616196690751145	-0.12422555713340183	0.15879797609841062	-0.13863971541451967	0.1466720534544609	-0.09370405807278434	0.12490274825984934	-0.12452453886709043	0.11123561818163663	-0.09171593692330696	0.07623460738182425	-0.09516970507971141	0.1085927090371769	-0.08389886537951692	0.07805924336480656	-0.05072975296513898	0.06214429036661625	-0.08071321762068265	0.078284024590212	-0.06900601323908287	0.05148351534010323	-0.06340067801322004	0.08849393695027599	-0.07204096367290706	0.11336559677834192
0.12622869063747583	-0.15650301776817457	0.24175608003409998	-0.4549020845539932	0.2247370259367364	-0.10226294292106894	0.16491187325731216	-0.4110154132684874	1.000000000000001	-0.34482577358741195	0.1528204659454832	-0.14031477770553655	0.271480292862028	-0.5894309462712449	0.26060254863984655	-0.12177137193588612	0.11360579619077442	-0.15111821365403855	0.15144718773052834	-0.16945873436652373	0.08468085414218254	-0.11634941825322062	0.11578501912018577	-0.10535836600510291	0.08624697244994552	-0.06972354672294039	0.08729133780182108	-0.10125498605936771	0.07848151571635875	-0.0727906491792438	0.046884321235546034	-0.05750778407182037	0.07491862024994354	-0.0726716449933855	0.06410801965054053	-0.04757805028445777	0.05866965303291071	-0.08186440755391877	0.0667835891087796	-0.10473773079681711
-0.11946947948301732	0.1303523774056596	-0.23581505827473848	0.31402307946014024	-0.7832322128311779	0.08990977522621268	-0.14143395539116782	0.18506295112727295	-0.34482577358741195	1.0000000000000007	-0.13954526173473097	0.1137458086160402	-0.20414717870002494	0.19538841909338098	-0.20841865922717076	0.0920488214321507	-0.08834171848196481	0.10614188882324678	-0.10953055731591928	0.11438246353898225	-0.06709694608913525	0.08675932976999316	-0.08922073545720076	0.07836122950592307	-0.06732795788412123	0.053599555289039626	-0.06855807701336249	0.07585060512236574	-0.05981462306712056	0.05504814755831577	-0.03618080891742526	0.043944300768556696	-0.05743151065027439	0.054908815236951874	-0.04873870829918869	0.03632171412192701	-0.045359429882627735	0.06152721171732928	-0.05097504829333714	0.07808720875124148
0.2563180871466394	-0.2717258387131611	0.21309437246490295	-0.19692806120914763	0.09837084914402526	-0.3781397055168192	0.2899440366671251	-0.23357998486800727	0.1528204659454832	-0.13954526173473097	1.000000000000001	-0.7093691978466103	0.2459202029077377	-0.16552397852828657	0.14802756079245274	-0.19522188385176872	0.13217494772521549	-0.14628386157217968	0.11270048395545526	-0.12602275770053886	0.11166551351811933	-0.13344389741201146	0.12077469804269354	-0.11759158433042653	0.09467834103524919	-0.08803880705710837	0.10518036430546791	-0.11634294240647663	0.08854831670689164	-0.08365728137901794	0.054959286758480295	-0.06746921162995294	0.08619434686097968	-0.08464841005086944	0.07414742724020962	-0.05614163359293952	0.06816600441145587	-0.09678399779559547	0.077566000478051	-0.12479300435230381
-0.24961816456084893	0.2450791716270601	-0.2192068830478895	0.16094482131261556	-0.0827757723170035	0.23894830440678785	-0.4649618624426316	0.22733836893154744	-0.14031477770553655	0.1137458086160402	-0.7093691978466103	1.0000000000000009	-0.3436681558958067	0.1442494834970535	-0.1297516823482421	0.1331915930669921	-0.10644021219978059	0.11948920415049798	-0.09465258643698539	0.10258614739778035	-0.08622743708606072	0.10333538405207435	-0.0973382179762615	0.08998518120715437	-0.07355696747703827	0.06679108462243258	-0.08192710463112375	0.0892138770113906	-0.06823730195832327	0.063848379265159	-0.04222081367693776	0.051629635285553255	-0.06630813407604526	0.06443819041733385	-0.05658296535637707	0.042834163971026656	-0.05240307118594341	0.07327074359471059	-0.059232584153826616	0.09387435402845958
0.17595362459900132	-0.22944907319625446	0.27519841596197886	-0.28111417710134506	0.14466167097134477	-0.15904058959690734	0.24419388533494843	-0.6097173555106548	0.271480292862028	-0.20414717870002494	0.2459202029077377	-0.3436681558958067	1.0000000000000009	-0.3423885590851994	0.2370953824874712	-0.1925167099608296	0.1690858998125249	-0.2543676498548197	0.17917320393021488	-0.19984875576466937	0.12635890896978674	-0.17887704966215576	0.1712842703441863	-0.15811369980068707	0.12586369609072875	-0.10615809947006065	0.1297957046882594	-0.1548388509685605	0.11745932357145779	-0.11031326602937833	0.07058624265751202	-0.08720908657991687	0.11285062514829543	-0.11087800398391515	0.0972184888869787	-0.0723515220200148	0.08814618298999152	-0.12603318038141306	0.10124965007544212	-0.16254470580366612
-0.1306130226619153	0.14401061849027563	-0.22536550791280613	0.251046961778238	-0.15449752818363396	0.10275668610069155	-0.15962282084582421	0.2540802555452798	-0.5894309462712449	0.19538841909338098	-0.16552397852828657	0.1442494834970535	-0.3423885590851994	1.0000000000000016	-0.5486384384572641	0.13532185886235673	-0.1368740550124027	0.18231031069564316	-0.24145596305688166	0.2317939112897541	-0.09673652899348029	0.13310425017360392	-0.1401062572102363	0.11848404806673182	-0.09894830802607854	0.07841497503913225	-0.09978866751482547	0.11368288370591623	-0.08892848408379653	0.0810878862892424	-0.05254127850555614	0.06416020658137281	-0.0842288009798038	0.08046748740643439	-0.0712442598861773	0.05283067678006351	-0.06568994048000415	0.08981665044502901	-0.07415537640215847	0.1137711569545747
0.11739446402611235	-0.1333366803451566	0.19344272518498196	-0.2699241392758819	0.1424450854511266	-0.09374557778995656	0.1390205371482792	-0.21636689756064073	0.26060254863984655	-0.20841865922717076	0.14802756079245274	-0.1297516823482421	0.2370953824874712	-0.5486384384572641	1.000000000000001	-0.1833325395577222	0.17445327360714064	-0.25812886089056836	0.2751195194656947	-0.5246828084649933	0.12502338366186866	-0.1840559937627241	0.1811158832908376	-0.16783200686927102	0.13229101264803853	-0.1055860211932783	0.13099513688689532	-0.1583653303575238	0.12156188422206371	-0.11260073638413494	0.0710291185026919	-0.08775029750557488	0.11454597867465827	-0.11175391554249159	0.09825532620481175	-0.07241715200188163	0.0887591600445011	-0.1255648480011627	0.1018171794883089	-0.16074256854723296
-0.12084490933837518	0.11238692631758584	-0.15644970904092212	0.12545335828889048	-0.06868481929340489	0.09656867921167873	-0.12754641133257108	0.13616196690751145	-0.12177137193588612	0.0920488214321507	-0.19522188385176872	0.1331915930669921	-0.1925167099608296	0.13532185886235673	-0.1833325395577222	1.0000000000000004	-0.5305905987213484	0.23131595266166388	-0.17087284901150362	0.15238851628761363	-0.560408106548745	0.2746847598718428	-0.23940339723420742	0.1664184682434622	-0.15177002293124486	0.2542435604759875	-0.31173862236282746	0.19883735458721577	-0.1452244183048318	0.12435785102452203	-0.1073199825589556	0.12313734162236048	-0.15006632029160938	0.1281755578412581	-0.11134375126591847	0.09944288018013954	-0.12369527953141712	0.14241023286725124	-0.12045130033622271	0.16270732709285649
0.09320530356516536	-0.09336287744299622	0.13053495452496366	-0.11957761647860543	0.06457194291885585	-0.0747415572209582	0.10264881587250663	-0.12422555713340183	0.11360579619077442	-0.08834171848196481	0.13217494772521549	-0.10644021219978059	0.1690858998125249	-0.1368740550124027	0.17445327360714064	-0.5305905987213484	1.0000000000000029	-0.44741357892748324	0.20255777053437368	-0.1929728653145771	0.23432229425399803	-0.5496236476102503	0.28936321383189834	-0.17298920053004732	0.1432246155121106	-0.1823283436209686	0.21404436930568768	-0.20032289074711718	0.13975013399436426	-0.12142064272235017	0.08930174144255032	-0.10787454104198319	0.13753618106880355	-0.12282465549281044	0.1062344057951778	-0.0870662939509229	0.10636058836972516	-0.13581078588962708	0.11214213014369606	-0.16031673695569904
-0.10956544870630647	0.10977262778705127	-0.16151589469152888	0.14271399459549244	-0.07910247620182516	0.08521517664519528	-0.12276431515405645	0.15879797609841062	-0.15111821365403855	0.10614188882324678	-0.14628386157217968	0.11948920415049798	-0.2543676498548197	0.18231031069564316	-0.25812886089056836	0.23131595266166388	-0.44741357892748324	1.0000000000000027	-0.509523314818288	0.2658484529605892	-0.17176782390763892	0.28553335124127355	-0.47618637859249785	0.1781494958025538	-0.15215855644060775	0.1324100965506998	-0.1781655584533944	0.19957414364862947	-0.14579775657720487	0.12114839553664528	-0.08282083259354926	0.10043818005658187	-0.13786102311266277	0.11999627962930418	-0.10584505255326339	0.08014936429072367	-0.10169308288623799	0.1292834676327746	-0.11025512139505303	0.1540464457359426
0.08672672610801091	-0.09156628260081885	0.13388689943943266	-0.14575406721579484	0.07890349009380869	-0.0681808800145073	0.09915480121342171	-0.13863971541451967	0.15144718773052834	-0.10953055731591928	0.11270048395545526	-0.09465258643698539	0.17917320393021488	-0.24145596305688166	0.2751195194656947	-0.17087284901150362	0.20255777053437368	-0.509523314818288	1.000000000000003	-0.6868014225739739	0.11831382343496173	-0.19133635446096384	0.21303731560841926	-0.16882091887803544	0.1264509520805472	-0.09690972940398275	0.12418000234135633	-0.14897920868385103	0.11520292978002108	-0.09979838075756314	0.06286420440437292	-0.07725741493355213	0.10326472912793917	-0.09657777774891335	0.08540458126813798	-0.06252607177293784	0.07795493964482815	-0.10493050553611045	0.08767833732232198	-0.12990789310266937
-0.09793358492537263	0.10026521093946235	-0.1512188827463848	0.15062225663219758	-0.08477354285616383	0.07560045052176313	-0.11054761688540823	0.1466720534544609	-0.16945873436652373	0.11438246353898225	-0.12602275770053886	0.10258614739778035	-0.19984875576466937	0.2317939112897541	-0.5246828084649933	0.15238851628761363	-0.1929728653145771	0.2658484529605892	-0.6868014225739739	1.0000000000000027	-0.11511266668106886	0.16557073893162863	-0.2019397627318648	0.14260831338257907	-0.1236505452529331	0.09102043543009063	-0.12001103894701937	0.13420430258353802	-0.10756239604439283	0.09370521062668674	-0.06050351565347943	0.07337265989490874	-0.09865291109940229	0.09095001797705407	-0.08131122904197324	0.059584060686956215	-0.07537391722610495	0.09882987112070077	-0.08396192624906859	0.12233581071660034
0.0768505703915123	-0.07529742095984635	0.10425469270748974	-0.09121226725977354	0.04924864893132494	-0.06195320044075557	0.08284000957796558	-0.09370405807278434	0.08468085414218254	-0.06709694608913525	0.11166551351811933	-0.08622743708606072	0.12635890896978674	-0.09673652899348029	0.12502338366186866	-0.560408106548745	0.23432229425399803	-0.17176782390763892	0.11831382343496173	-0.11511266668106886	1.0000000000000036	-0.2596040757571167	0.1874675580185562	-0.1628238733981295	0.13586872232245123	-0.6186290543821351	0.3001671001253624	-0.2121487908627412	0.13845139432283007	-0.12333046093476376	0.11616814679896938	-0.13298917359347084	0.1467085253682751	-0.12979860606497975	0.10891246258910227	-0.11149604140193137	0.12179569275124971	-0.1489182463870511	0.11784007337294683	-0.16768359360133767
-0.09926055638664753	0.09566278415804895	-0.14056087521616803	0.11744934881743176	-0.06467835668447276	0.07647528902169196	-0.10715965614023462	0.12490274825984934	-0.11634941825322062	0.08675932976999316	-0.13344389741201146	0.10333538405207435	-0.17887704966215576	0.13310425017360392	-0.1840559937627241	0.2746847598718428	-0.5496236476102503	0.28553335124127355	-0.19133635446096384	0.16557073893162863	-0.2596040757571167	1.0000000000000024	-0.57374405980107	0.19063921905793063	-0.17165357143149157	0.19568232943190325	-0.32292383952640097	0.24195999850443656	-0.17022634295273376	0.1379925426748499	-0.10613891522094639	0.12717594760064999	-0.16919299244642444	0.1395334337745105	-0.12200487540221862	0.09937840473888498	-0.12689433288702207	0.1501136144161584	-0.12938597306665714	0.1711613128933947
0.09100331939366064	-0.09096067189190069	0.131820428951304	-0.12048853777119688	0.06537474492719772	-0.07093534428356978	0.10011129858691345	-0.12452453886709043	0.11578501912018577	-0.08922073545720076	0.12077469804269354	-0.0973382179762615	0.1712842703441863	-0.1401062572102363	0.1811158832908376	-0.23940339723420742	0.28936321383189834	-0.47618637859249785	0.21303731560841926	-0.2019397627318648	0.1874675580185562	-0.57374405980107	1.0000000000000029	-0.26243607038770544	0.19072652702852486	-0.16543416672416467	0.2269814457888659	-0.40123851245471714	0.20493074656748292	-0.16696174729102806	0.10709088065401311	-0.1366914963309519	0.19154970886873135	-0.1650091644969184	0.14018118948212813	-0.10507948251710397	0.13089984126524326	-0.17445464713911568	0.14433715650621504	-0.20168205404372394
-0.0915767658082311	0.08684641793742018	-0.1316744699201907	0.10609394848863413	-0.05879331913244152	0.06897927709326311	-0.09763276335398026	0.11123561818163663	-0.10535836600510291	0.07836122950592307	-0.11759158433042653	0.08998518120715437	-0.15811369980068707	0.11848404806673182	-0.16783200686927102	0.1664184682434622	-0.17298920053004732	0.1781494958025538	-0.16882091887803544	0.14260831338257907	-0.1628238733981295	0.19063921905793063	-0.26243607038770544	1.000000000000004	-0.6408978472169178	0.13400793170441375	-0.19877410837117268	0.26189240200537406	-0.5047235233266517	0.29134289341473935	-0.11567330820704322	0.1397007676102259	-0.21119482204918105	0.2141295786110887	-0.21949944773879781	0.10985028436834396	-0.14964325957020755	0.18787971834811668	-0.1911015810430084	0.2505461459406305
0.07344224801858713	-0.0710553249281134	0.10585092357967882	-0.09114335113526778	0.04971469686685598	-0.05592941921476933	0.07884713951596668	-0.09171593692330696	0.08624697244994552	-0.06732795788412123	0.09467834103524919	-0.07355696747703827	0.12586369609072875	-0.09894830802607854	0.13229101264803853	-0.15177002293124486	0.1432246155121106	-0.15215855644060775	0.1264509520805472	-0.1236505452529331	0.13586872232245123	-0.17165357143149157	0.19072652702852486	-0.6408978472169178	1.0000000000000024	-0.12020560528952924	0.1658241998832413	-0.2488850043362821	0.3105132597819927	-0.4980552683849447	0.11094163704453261	-0.13979337964498584	0.20029338905645708	-0.24887012758081598	0.25856934943980614	-0.11165443464898527	0.14479386049861787	-0.2121694398737789	0.20149922300222836	-0.36619969501849775
-0.06354935426972137	0.06079784411530415	-0.08762846286784279	0.0728144171150148	-0.039791552069510704	0.049497575599127215	-0.06785233847166744	0.07623460738182425	-0.06972354672294039	0.053599555289039626	-0.08803880705710837	0.06679108462243258	-0.10615809947006065	0.07841497503913225	-0.1055860211932783	0.2542435604759875	-0.1823283436209686	0.1324100965506998	-0.09690972940398275	0.09102043543009063	-0.6186290543821351	0.19568232943190325	-0.16543416672416467	0.13400793170441375	-0.12020560528952924	1.0000000000000013	-0.6468392408572599	0.19805474014321475	-0.1290084633279876	0.10617583216296303	-0.14415403558332449	0.141244050062023	-0.14621802044590662	0.11473579125191599	-0.09574613856585429	0.11431905132554435	-0.12619169519719192	0.12961843898314257	-0.10602908570285428	0.13635944579053536
0.0767404426876193	-0.07492941260961894	0.10707929038177567	-0.09303663337403514	0.05046901325343378	-0.06024219285498341	0.08269247032325605	-0.09516970507971141	0.08729133780182108	-0.06855807701336249	0.10518036430546791	-0.08192710463112375	0.1297957046882594	-0.09978866751482547	0.13099513688689532	-0.31173862236282746	0.21404436930568768	-0.1781655584533944	0.12418000234135633	-0.12001103894701937	0.3001671001253624	-0.32292383952640097	0.2269814457888659	-0.19877410837117268	0.1658241998832413	-0.6468392408572599	1.000000000000002	-0.3745918733534722	0.18614487355470258	-0.15733148667472543	0.15405191942666635	-0.21035565901803138	0.20510447631815393	-0.1677915303169772	0.1368991710459207	-0.1438011959341179	0.16265781478346455	-0.18828742563635276	0.1485644531653651	-0.20060021120144664
-0.08903483957293394	0.08473360539020923	-0.12688475168445834	0.10281373729278899	-0.05676341815757616	0.06762255430975522	-0.09511209853295115	0.1085927090371769	-0.10125498605936771	0.07585060512236574	-0.11634294240647663	0.0892138770113906	-0.1548388509685605	0.11368288370591623	-0.1583653303575238	0.19883735458721577	-0.20032289074711718	0.19957414364862947	-0.14897920868385103	0.13420430258353802	-0.2121487908627412	0.24195999850443656	-0.40123851245471714	0.26189240200537406	-0.2488850043362821	0.19805474014321475	-0.3745918733534722	1.0000000000000018	-0.4600657904372766	0.23351146810059903	-0.1614336944613194	0.20609978438281792	-0.4529607809130334	0.24145967243325142	-0.2054173551436222	0.1440418143272357	-0.19492038634244366	0.23000118043496176	-0.2091081089216767	0.23652278267939097
0.06834677672908743	-0.06539884579764678	0.0978938982003594	-0.08104492580789201	0.04453209682897517	-0.05189874303543874	0.07307856789698738	-0.08389886537951692	0.07848151571635875	-0.05981462306712056	0.08854831670689164	-0.06823730195832327	0.11745932357145779	-0.08892848408379653	0.12156188422206371	-0.1452244183048318	0.13975013399436426	-0.14579775657720487	0.11520292978002108	-0.10756239604439283	0.13845139432283007	-0.17022634295273376	0.20493074656748292	-0.5047235233266517	0.3105132597819927	-0.1290084633279876	0.18614487355470258	-0.4600657904372766	1.0000000000000022	-0.5252775328691582	0.11477968175644833	-0.1487337468891071	0.23515665303970126	-0.308293708523756	0.25804928225019175	-0.1110763232127242	0.1467572701561686	-0.20441608713725698	0.2023699062401924	-0.2823806314680454
-0.06507848964548872	0.06156351617659619	-0.09306680446833515	0.07466325700918228	-0.04120801148005849	0.04903592065213548	-0.06914207083557274	0.07805924336480656	-0.0727906491792438	0.05504814755831577	-0.08365728137901794	0.063848379265159	-0.11031326602937833	0.0810878862892424	-0.11260073638413494	0.12435785102452203	-0.12142064272235017	0.12114839553664528	-0.09979838075756314	0.09370521062668674	-0.12333046093476376	0.1379925426748499	-0.16696174729102806	0.29134289341473935	-0.4980552683849447	0.10617583216296303	-0.15733148667472543	0.23351146810059903	-0.5252775328691582	1.0000000000000016	-0.10501186223712797	0.12915426224644594	-0.21002489213122677	0.26044226138035237	-0.5283128052966954	0.09944772395284983	-0.1379708886684173	0.18196923489268385	-0.20976553639434609	0.28856478848035094
0.041884524973865876	-0.0400529568419632	0.05938529072941745	-0.04909679637899258	0.026889930953284354	-0.031989400024603695	0.04468034450446988	-0.05072975296513898	0.046884321235546034	-0.03618080891742526	0.054959286758480295	-0.04222081367693776	0.07058624265751202	-0.05254127850555614	0.0710291185026919	-0.1073199825589556	0.08930174144255032	-0.08282083259354926	0.06286420440437292	-0.06050351565347943	0.11616814679896938	-0.10613891522094639	0.10709088065401311	-0.11567330820704322	0.11094163704453261	-0.14415403558332449	0.15405191942666635	-0.1614336944613194	0.11477968175644833	-0.10501186223712797	1.0000000000000016	-0.5702583488019899	0.21920358655171485	-0.15270805846835542	0.10622630983589125	-0.6885402498407989	0.3153883848937911	-0.207946234481701	0.14222584098498842	-0.14922054802003726
-0.05163212964711646	0.04911629450416779	-0.07326996036787771	0.05963631698895012	-0.0327742099641341	0.03926487960512655	-0.05497143729123756	0.06214429036661625	-0.05750778407182037	0.043944300768556696	-0.06746921162995294	0.051629635285553255	-0.08720908657991687	0.06416020658137281	-0.08775029750557488	0.12313734162236048	-0.10787454104198319	0.10043818005658187	-0.07725741493355213	0.07337265989490874	-0.13298917359347084	0.12717594760064999	-0.1366914963309519	0.1397007676102259	-0.13979337964498584	0.141244050062023	-0.21035565901803138	0.20609978438281792	-0.1487337468891071	0.12915426224644594	-0.5702583488019899	1.0000000000000007	-0.45373635401857815	0.19307726469750006	-0.1361127379622624	0.3085824704890985	-0.5172530871146334	0.24442682913093272	-0.18707738899149062	0.17441196428075667
0.06626904324084139	-0.0633216843127696	0.09449487222744878	-0.07788705118349426	0.04274302685435645	-0.050398215075997684	0.07073756346380149	-0.08071321762068265	0.07491862024994354	-0.05743151065027439	0.08619434686097968	-0.06630813407604526	0.11285062514829543	-0.0842288009798038	0.11454597867465827	-0.15006632029160938	0.13753618106880355	-0.13786102311266277	0.10326472912793917	-0.09865291109940229	0.1467085253682751	-0.16919299244642444	0.19154970886873135	-0.21119482204918105	0.20029338905645708	-0.14621802044590662	0.20510447631815393	-0.4529607809130334	0.23515665303970126	-0.21002489213122677	0.21920358655171485	-0.45373635401857815	1.0000000000000027	-0.43840480297321427	0.21911407749002235	-0.21144465399006923	0.26115323002734353	-0.419948114854247	0.2715619278920614	-0.27340625870225693
-0.06577096140161438	0.06203078332429036	-0.0938018320544382	0.07452314832711103	-0.04115938047429679	0.049531534139666634	-0.06974653674689815	0.078284024590212	-0.0726716449933855	0.054908815236951874	-0.08464841005086944	0.06443819041733385	-0.11087800398391515	0.08046748740643439	-0.11175391554249159	0.1281755578412581	-0.12282465549281044	0.11999627962930418	-0.09657777774891335	0.09095001797705407	-0.12979860606497975	0.1395334337745105	-0.1650091644969184	0.2141295786110887	-0.24887012758081598	0.11473579125191599	-0.1677915303169772	0.24145967243325142	-0.308293708523756	0.26044226138035237	-0.15270805846835542	0.19307726469750006	-0.43840480297321427	1.0000000000000029	-0.5005175525936779	0.13896006321419824	-0.20514083873087444	0.28609434906836456	-0.5168145099663848	0.31144376597046397
0.057715355011896584	-0.054582610645969296	0.08245173334180271	-0.06613474309224845	0.0364559439370278	-0.043492183851708596	0.06126389988107809	-0.06900601323908287	0.06410801965054053	-0.04873870829918869	0.07414742724020962	-0.05658296535637707	0.0972184888869787	-0.0712442598861773	0.09825532620481175	-0.11134375126591847	0.1062344057951778	-0.10584505255326339	0.08540458126813798	-0.08131122904197324	0.10891246258910227	-0.12200487540221862	0.14018118948212813	-0.21949944773879781	0.25856934943980614	-0.09574613856585429	0.1368991710459207	-0.2054173551436222	0.25804928225019175	-0.5283128052966954	0.10622630983589125	-0.1361127379622624	0.21911407749002235	-0.5005175525936779	1.000000000000003	-0.10292916211721057	0.14238165752198148	-0.21030369565039614	0.2554292574471491	-0.5598926510502537
-0.04308842090104052	0.040848303091664886	-0.06112095389057674	0.049309736463268916	-0.027125734275781868	0.032686284202205	-0.04577862099800391	0.05148351534010323	-0.04757805028445777	0.03632171412192701	-0.05614163359293952	0.042834163971026656	-0.0723515220200148	0.05283067678006351	-0.07241715200188163	0.09944288018013954	-0.0870662939509229	0.08014936429072367	-0.06252607177293784	0.059584060686956215	-0.11149604140193137	0.09937840473888498	-0.10507948251710397	0.10985028436834396	-0.11165443464898527	0.11431905132554435	-0.1438011959341179	0.1440418143272357	-0.1110763232127242	0.09944772395284983	-0.6885402498407989	0.3085824704890985	-0.21144465399006923	0.13896006321419824	-0.10292916211721057	1.000000000000003	-0.5897116825100814	0.20373864890502635	-0.15211370949387026	0.1392322298249967
0.052326303755481626	-0.05001750294207376	0.0744425577646825	-0.061544787596149994	0.033707347518570296	-0.039847958861852134	0.05579572975733975	-0.06340067801322004	0.05866965303291071	-0.045359429882627735	0.06816600441145587	-0.05240307118594341	0.08814618298999152	-0.06568994048000415	0.0887591600445011	-0.12369527953141712	0.10636058836972516	-0.10169308288623799	0.07795493964482815	-0.07537391722610495	0.12179569275124971	-0.12689433288702207	0.13089984126524326	-0.14964325957020755	0.14479386049861787	-0.12619169519719192	0.16265781478346455	-0.19492038634244366	0.1467572701561686	-0.1379708886684173	0.3153883848937911	-0.5172530871146334	0.26115323002734353	-0.20514083873087444	0.14238165752198148	-0.5897116825100814	1.0000000000000033	-0.4063624870978957	0.21161102036544582	-0.20865293223168752
-0.07535997818959403	0.07061400617284669	-0.10724306815284497	0.08357145603664048	-0.04627563320627061	0.056558595670280126	-0.07963044955648341	0.08849393695027599	-0.08186440755391877	0.06152721171732928	-0.09678399779559547	0.07327074359471059	-0.12603318038141306	0.08981665044502901	-0.1255648480011627	0.14241023286725124	-0.13581078588962708	0.1292834676327746	-0.10493050553611045	0.09882987112070077	-0.1489182463870511	0.1501136144161584	-0.17445464713911568	0.18787971834811668	-0.2121694398737789	0.12961843898314257	-0.18828742563635276	0.23000118043496176	-0.20441608713725698	0.18196923489268385	-0.207946234481701	0.24442682913093272	-0.419948114854247	0.28609434906836456	-0.21030369565039614	0.20373864890502635	-0.4063624870978957	1.0000000000000033	-0.6193228104606737	0.26340785829641655
0.060253983663563465	-0.05704734772927872	0.08597128318198771	-0.06918279949891988	0.038089531503394836	-0.04547315365009964	0.06396971289537931	-0.07204096367290706	0.0667835891087796	-0.05097504829333714	0.077566000478051	-0.059232584153826616	0.10124965007544212	-0.07415537640215847	0.1018171794883089	-0.12045130033622271	0.11214213014369606	-0.11025512139505303	0.08767833732232198	-0.08396192624906859	0.11784007337294683	-0.12938597306665714	0.14433715650621504	-0.1911015810430084	0.20149922300222836	-0.10602908570285428	0.1485644531653651	-0.2091081089216767	0.2023699062401924	-0.20976553639434609	0.14222584098498842	-0.18707738899149062	0.2715619278920614	-0.5168145099663848	0.2554292574471491	-0.15211370949387026	0.21161102036544582	-0.6193228104606737	1.0000000000000036	-0.4274659314072265
-0.09808226742871347	0.09111270975086971	-0.13969881039189866	0.10613888453545518	-0.05901015345388885	0.07308997061104869	-0.1031613786630706	0.11336559677834192	-0.10473773079681711	0.07808720875124148	-0.12479300435230381	0.09387435402845958	-0.16254470580366612	0.1137711569545747	-0.16074256854723296	0.16270732709285649	-0.16031673695569904	0.1540464457359426	-0.12990789310266937	0.12233581071660034	-0.16768359360133767	0.1711613128933947	-0.20168205404372394	0.2505461459406305	-0.36619969501849775	0.13635944579053536	-0.20060021120144664	0.23652278267939097	-0.2823806314680454	0.28856478848035094	-0.14922054802003726	0.17441196428075667	-0.27340625870225693	0.31144376597046397	-0.5598926510502537	0.1392322298249967	-0.20865293223168752	0.26340785829641655	-0.4274659314072265	1.0000000000000033
