1.0	-0.618517250691259	0.31243851368374087	-0.14872660088784084	0.1462407544566763	-0.19791267810161678	0.16985875462071262	-0.23219505222256295	0.2155084933211298	-0.1674750857013215	0.1696649851777151	-0.15600120950003857	0.19137113701224673	-0.2645301716511982	0.14835250001748096	-0.42834681664409924	0.1791671363866158	-0.1908289195124513	0.1664073146907672	-0.1868697080174521	0.18620578970683846	-0.1746653704643899	0.17999719173321238	-0.13275773797227874	0.11601772244863692	-0.1981858130686389	0.1450394763709269	-0.18966602735928634	0.10408139138958024	-0.14367271922184643
-0.618517250691259	1.0000000000000004	-0.6686211951778305	0.1528770082249215	-0.16277889181489755	0.1328396142711739	-0.14727811248446387	0.17612786737540087	-0.149472630412235	0.10472231144448214	-0.1082927285619447	0.09960247529875599	-0.1476827713124874	0.1521589366828326	-0.09275695770330686	0.2155357394877805	-0.11025621435258488	0.11659464003360845	-0.09764099538229072	0.1051459103208454	-0.10369511125246161	0.09983216441680677	-0.10632594545537155	0.0758139540521719	-0.06656616724545289	0.10576220470295901	-0.08007488921818559	0.10286381844965874	-0.056462858149115405	0.07654607445248986
0.31243851368374087	-0.6686211951778305	1.0000000000000007	-0.2880340131793023	0.21251797993700908	-0.134858135299979	0.13101953756873475	-0.316942075962379	0.2071338871243586	-0.15419753324904203	0.13243479779173586	-0.12328173232726064	0.20312518831550117	-0.22358715716930233	0.13187137088655546	-0.3135212221636307	0.14842048386010945	-0.16661913976024884	0.13889720106590892	-0.15245673007514304	0.14565161316095562	-0.1399105079981274	0.14863951109869955	-0.10887624643591835	0.09516010820758242	-0.15229008759190332	0.1137882992431001	-0.14820852779767002	0.08118393633817901	-0.11087812409443461
-0.14872660088784084	0.1528770082249215	-0.2880340131793023	1.0	-0.9012366659583815	0.05648875297735303	-0.05626189213210656	0.12117355140353463	-0.18134811915717852	0.13416755130682553	-0.06234851403221285	0.056471145379818635	-0.09816489498486444	0.13739818397848388	-0.10919509055533129	0.14083387115761967	-0.07192566062483204	0.07966455039107223	-0.07697225389094504	0.08458404415890565	-0.06987560138427523	0.06693936281263085	-0.07342556146349044	0.05826394700674768	-0.052206435001626555	0.07150705720847284	-0.054615661956576536	0.07032463328105434	-0.039154478926224284	0.05279778484774794
0.1462407544566763	-0.16277889181489755	0.21251797993700908	-0.9012366659583815	1.0000000000000004	-0.06361021844603626	0.06218925152472348	-0.13126486629380968	0.1712183969445815	-0.17254829572030259	0.07190799870605805	-0.06542891354733492	0.10522345754923648	-0.1626596181910551	0.12309650509847672	-0.17280099995643766	0.08319983720560384	-0.0921704266044892	0.08987205280137318	-0.10089902901444285	0.08300493041925343	-0.07905452915235091	0.08564107633833618	-0.0689322518604615	0.061470099065649694	-0.08617463600147168	0.06507101129839171	-0.08433850320564608	0.04691784029080456	-0.06367334586905686
-0.19791267810161678	0.1328396142711739	-0.134858135299979	0.05648875297735303	-0.06361021844603626	0.9999999999999997	-0.8646319552899249	0.12070412560105341	-0.10584325900637934	0.06681682081508514	-0.3460773260315984	0.24415974772075352	-0.11634706433263936	0.10365908620305624	-0.06425817628600083	0.1734373687847594	-0.14978694978322468	0.11820175838749346	-0.0819682901460813	0.08060368259286152	-0.10254857425502689	0.10757424908746387	-0.10357039900174098	0.06277611960843234	-0.05475870702984671	0.09002858698028601	-0.07296452782213564	0.08765322798012633	-0.047216907379210214	0.06141002720154305
0.16985875462071262	-0.14727811248446387	0.13101953756873475	-0.05626189213210656	0.06218925152472348	-0.8646319552899249	0.9999999999999998	-0.13589113173728637	0.10659672759309165	-0.06893931022443744	0.2560477632581374	-0.3287994988952258	0.11878252847846195	-0.10854756279897493	0.0656615938358801	-0.18490261371510877	0.15411609597503687	-0.1282559660409259	0.08474633416484575	-0.08476413971491549	0.10489932128980453	-0.11586302902180753	0.10711788720779049	-0.06582359903844595	0.05687284230176393	-0.09541735767477444	0.07601162272215115	-0.09306005802832752	0.049647917312924214	-0.06513195105733488
-0.23219505222256295	0.17612786737540087	-0.316942075962379	0.12117355140353463	-0.13126486629380968	0.12070412560105341	-0.13589113173728637	0.9999999999999998	-0.3933429612740092	0.16109876592882497	-0.14599776495420203	0.1322550772038632	-0.7206979064655262	0.2363115279080219	-0.144543913435785	0.22752746518653	-0.1976208673021379	0.23813053375397977	-0.1641029534708303	0.15365896698093845	-0.1471948683265173	0.15260586308010907	-0.19014999512555994	0.11807124937177559	-0.10320781954912184	0.13614366814655232	-0.11374130083694658	0.14120121896481655	-0.07697695439452928	0.09886055044580222
0.2155084933211298	-0.149472630412235	0.2071338871243586	-0.18134811915717852	0.1712183969445815	-0.10584325900637934	0.10659672759309165	-0.3933429612740092	0.999999999999999	-0.44670784957410437	0.1360591037307511	-0.12328075071310543	0.25018141146521056	-0.5684707660184339	0.284825407879653	-0.2844634206775869	0.17035325539143273	-0.20205993613769488	0.22566411505413192	-0.24768672043983953	0.15997630167028665	-0.15761199679213658	0.18002077266057243	-0.1664113374687152	0.14620382457894504	-0.16067001494251787	0.12672136856500624	-0.16298485326158355	0.09237395262775427	-0.12248240273138428
-0.1674750857013215	0.10472231144448214	-0.15419753324904203	0.13416755130682553	-0.17254829572030259	0.06681682081508514	-0.06893931022443744	0.16109876592882497	-0.44670784957410437	0.9999999999999992	-0.08843662967904549	0.0773172314682498	-0.15336402104931385	0.2816712522231682	-0.7813468150593287	0.16488986603667138	-0.10992600464234789	0.12169473373706531	-0.16406268739159197	0.18419436309872766	-0.10160718116798528	0.09797547286482067	-0.11731146112230323	0.11251542964982363	-0.1143628813395113	0.09687166921468554	-0.07947799069601816	0.09899566469343837	-0.05792170495389502	0.07475431908868291
0.1696649851777151	-0.1082927285619447	0.13243479779173586	-0.06234851403221285	0.07190799870605805	-0.3460773260315984	0.2560477632581374	-0.14599776495420203	0.1360591037307511	-0.08843662967904549	0.9999999999999976	-0.7523409841030021	0.1499957477767572	-0.1437147621533903	0.08765871208383853	-0.33378954350472967	0.2595122024756833	-0.21054733510618165	0.12344890702342098	-0.12138802371995042	0.16825040366283772	-0.1993009324624347	0.16655744478413873	-0.09728814264302629	0.08295592993874543	-0.14759034492377127	0.117862061818371	-0.14275593245214616	0.0746375129516409	-0.09712460685219558
-0.15600120950003857	0.09960247529875599	-0.12328173232726064	0.056471145379818635	-0.06542891354733492	0.24415974772075352	-0.3287994988952258	0.1322550772038632	-0.12328075071310543	0.0773172314682498	-0.7523409841030021	0.9999999999999967	-0.1497913894605104	0.12387165388829253	-0.07739916832133645	0.228068997959802	-0.41077720690457914	0.19808035768353857	-0.11412091498517037	0.10512957025516917	-0.1573068294634055	0.18292519132387877	-0.16167128011025722	0.0865236855701082	-0.07431839115408861	0.12572725014638195	-0.10621472248473121	0.12312401205495956	-0.06474662373744772	0.08222321975392238
0.19137113701224673	-0.1476827713124874	0.20312518831550117	-0.09816489498486444	0.10522345754923648	-0.11634706433263936	0.11878252847846195	-0.7206979064655262	0.25018141146521056	-0.15336402104931385	0.1499957477767572	-0.1497913894605104	0.9999999999999967	-0.2603017043109841	0.13822489131200927	-0.2602104697825032	0.2181626183171972	-0.4216679140513298	0.18017791141978814	-0.1729622972302604	0.16167724505516623	-0.1812646187780016	0.21174055637358144	-0.13545284292531945	0.11346949039085437	-0.15744433182305767	0.12790965401468457	-0.16779150609193777	0.08799507387501901	-0.11489317875697194
-0.2645301716511982	0.1521589366828326	-0.22358715716930233	0.13739818397848388	-0.1626596181910551	0.10365908620305624	-0.10854756279897493	0.2363115279080219	-0.5684707660184339	0.2816712522231682	-0.1437147621533903	0.12387165388829253	-0.2603017043109841	0.9999999999999986	-0.4208556587674346	0.2379835981967332	-0.18465580436436926	0.20558434736134887	-0.4070821528209726	0.2606862918348815	-0.1634710123587094	0.15812426095725451	-0.1983372663140639	0.19674019918661387	-0.187521862021164	0.14868450648777143	-0.1267105107832089	0.15417443843234002	-0.09145191683171938	0.11484964321418384
0.14835250001748096	-0.09275695770330686	0.13187137088655546	-0.10919509055533129	0.12309650509847672	-0.06425817628600083	0.0656615938358801	-0.144543913435785	0.284825407879653	-0.7813468150593287	0.08765871208383853	-0.07739916832133645	0.13822489131200927	-0.4208556587674346	0.999999999999998	-0.17285883944362057	0.11084911404775612	-0.12569910389381522	0.19212193849312206	-0.2726405510960128	0.10483701413089579	-0.10215867750462919	0.12214956286932481	-0.13860708532389093	0.13654234625758818	-0.10252279260616641	0.08327650867214718	-0.10576286395682247	0.06265661807695835	-0.08151838970820528
-0.42834681664409924	0.2155357394877805	-0.3135212221636307	0.14083387115761967	-0.17280099995643766	0.1734373687847594	-0.18490261371510877	0.22752746518653	-0.2844634206775869	0.16488986603667138	-0.33378954350472967	0.228068997959802	-0.2602104697825032	0.2379835981967332	-0.17285883944362057	0.9999999999999953	-0.3273270990346131	0.24702522231032337	-0.2035657802913727	0.18714174234940412	-0.42288437170226734	0.2645143113470554	-0.2689295977017716	0.150366576286558	-0.13720833821719877	0.23968689461992396	-0.20666424066064454	0.21325004882983226	-0.11940847127142701	0.1466201222140187
0.1791671363866158	-0.11025621435258488	0.14842048386010945	-0.07192566062483204	0.08319983720560384	-0.14978694978322468	0.15411609597503687	-0.1976208673021379	0.17035325539143273	-0.10992600464234789	0.2595122024756833	-0.41077720690457914	0.2181626183171972	-0.18465580436436926	0.11084911404775612	-0.3273270990346131	0.9999999999999936	-0.5408315433126856	0.1833451554309386	-0.168243006923997	0.2472546486680238	-0.46746423540733595	0.2840904652636871	-0.14449907654845634	0.11810657189869878	-0.20890362137112672	0.1746860519315018	-0.21047937196444047	0.10440216894672255	-0.13296914326227216
-0.1908289195124513	0.11659464003360845	-0.16661913976024884	0.07966455039107223	-0.0921704266044892	0.11820175838749346	-0.1282559660409259	0.23813053375397977	-0.20205993613769488	0.12169473373706531	-0.21054733510618165	0.19808035768353857	-0.4216679140513298	0.20558434736134887	-0.12569910389381522	0.24702522231032337	-0.5408315433126856	0.9999999999999949	-0.2936769850984214	0.19360097624768716	-0.21887496248696306	0.2702936266215305	-0.47464951948118245	0.17748216042420853	-0.14536393132463285	0.18247691159652613	-0.168888081769124	0.20928943741893632	-0.10749732670449948	0.12951183531732768
0.1664073146907672	-0.09764099538229072	0.13889720106590892	-0.07697225389094504	0.08987205280137318	-0.0819682901460813	0.08474633416484575	-0.1641029534708303	0.22566411505413192	-0.16406268739159197	0.12344890702342098	-0.11412091498517037	0.18017791141978814	-0.4070821528209726	0.19212193849312206	-0.2035657802913727	0.1833451554309386	-0.2936769850984214	0.9999999999999948	-0.5632929406677283	0.15162499555161882	-0.1679109602934217	0.21978023993475806	-0.5130665526169191	0.30128182931038644	-0.14501121209015122	0.12463310787357598	-0.16430410247601773	0.10076677578445309	-0.1259890969771716
-0.1868697080174521	0.1051459103208454	-0.15245673007514304	0.08458404415890565	-0.10089902901444285	0.08060368259286152	-0.08476413971491549	0.15365896698093845	-0.24768672043983953	0.18419436309872766	-0.12138802371995042	0.10512957025516917	-0.1729622972302604	0.2606862918348815	-0.2726405510960128	0.18714174234940412	-0.168243006923997	0.19360097624768716	-0.5632929406677283	0.9999999999999959	-0.1471853034360883	0.14761549398228446	-0.2050061562716568	0.3182789059817641	-0.5756063739468988	0.1317105540958128	-0.118413698788559	0.14555742858366066	-0.09754721276773543	0.11705396162774136
0.18620578970683846	-0.10369511125246161	0.14565161316095562	-0.06987560138427523	0.08300493041925343	-0.10254857425502689	0.10489932128980453	-0.1471948683265173	0.15997630167028665	-0.10160718116798528	0.16825040366283772	-0.1573068294634055	0.16167724505516623	-0.1634710123587094	0.10483701413089579	-0.42288437170226734	0.2472546486680238	-0.21887496248696306	0.15162499555161882	-0.1471853034360883	0.9999999999999959	-0.5556551150336583	0.2684527288098297	-0.12843141774677957	0.10990723520277694	-0.5255094032722012	0.2717307682444273	-0.28039023378775185	0.13346105824800408	-0.17230406814662413
-0.1746653704643899	0.09983216441680677	-0.1399105079981274	0.06693936281263085	-0.07905452915235091	0.10757424908746387	-0.11586302902180753	0.15260586308010907	-0.15761199679213658	0.09797547286482067	-0.1993009324624347	0.18292519132387877	-0.1812646187780016	0.15812426095725451	-0.10215867750462919	0.2645143113470554	-0.46746423540733595	0.2702936266215305	-0.1679109602934217	0.14761549398228446	-0.5556551150336583	0.9999999999999951	-0.4804651282391236	0.1412753613157408	-0.12025662103581934	0.26689431462691116	-0.2832199992709531	0.2459034490308179	-0.11966129854228053	0.14198989852916957
0.17999719173321238	-0.10632594545537155	0.14863951109869955	-0.07342556146349044	0.08564107633833618	-0.10357039900174098	0.10711788720779049	-0.19014999512555994	0.18002077266057243	-0.11731146112230323	0.16655744478413873	-0.16167128011025722	0.21174055637358144	-0.1983372663140639	0.12214956286932481	-0.2689295977017716	0.2840904652636871	-0.47464951948118245	0.21978023993475806	-0.2050061562716568	0.2684527288098297	-0.4804651282391236	0.9999999999999943	-0.25103342718685406	0.17057015450315763	-0.271361113433365	0.2457198971298129	-0.4497262643769362	0.1680918733700488	-0.20660624679326597
-0.13275773797227874	0.0758139540521719	-0.10887624643591835	0.05826394700674768	-0.0689322518604615	0.06277611960843234	-0.06582359903844595	0.11807124937177559	-0.1664113374687152	0.11251542964982363	-0.09728814264302629	0.0865236855701082	-0.13545284292531945	0.19674019918661387	-0.13860708532389093	0.150366576286558	-0.14449907654845634	0.17748216042420853	-0.5130665526169191	0.3182789059817641	-0.12843141774677957	0.1412753613157408	-0.25103342718685406	0.9999999999999943	-0.7115629979548133	0.11765456604730005	-0.10874376012943046	0.14328742327686245	-0.1059262168565064	0.11836311492971352
0.11601772244863692	-0.06656616724545289	0.09516010820758242	-0.052206435001626555	0.061470099065649694	-0.05475870702984671	0.05687284230176393	-0.10320781954912184	0.14620382457894504	-0.1143628813395113	0.08295592993874543	-0.07431839115408861	0.11346949039085437	-0.187521862021164	0.13654234625758818	-0.13720833821719877	0.11810657189869878	-0.14536393132463285	0.30128182931038644	-0.5756063739468988	0.10990723520277694	-0.12025662103581934	0.17057015450315763	-0.7115629979548133	0.9999999999999951	-0.1061185305333874	0.09466206915398702	-0.12848504872986796	0.09475006766660157	-0.12042618584193807
-0.1981858130686389	0.10576220470295901	-0.15229008759190332	0.07150705720847284	-0.08617463600147168	0.09002858698028601	-0.09541735767477444	0.13614366814655232	-0.16067001494251787	0.09687166921468554	-0.14759034492377127	0.12572725014638195	-0.15744433182305767	0.14868450648777143	-0.10252279260616641	0.23968689461992396	-0.20890362137112672	0.18247691159652613	-0.14501121209015122	0.1317105540958128	-0.5255094032722012	0.26689431462691116	-0.271361113433365	0.11765456604730005	-0.1061185305333874	0.9999999999999949	-0.6491099678336021	0.2815000035947941	-0.1447830685938855	0.1564441082916454
0.1450394763709269	-0.08007488921818559	0.1137882992431001	-0.054615661956576536	0.06507101129839171	-0.07296452782213564	0.07601162272215115	-0.11374130083694658	0.12672136856500624	-0.07947799069601816	0.117862061818371	-0.10621472248473121	0.12790965401468457	-0.1267105107832089	0.08327650867214718	-0.20666424066064454	0.1746860519315018	-0.168888081769124	0.12463310787357598	-0.118413698788559	0.2717307682444273	-0.2832199992709531	0.2457198971298129	-0.10874376012943046	0.09466206915398702	-0.6491099678336021	0.9999999999999947	-0.5638557208046798	0.18065989201764082	-0.21507671600092415
-0.18966602735928634	0.10286381844965874	-0.14820852779767002	0.07032463328105434	-0.08433850320564608	0.08765322798012633	-0.09306005802832752	0.14120121896481655	-0.16298485326158355	0.09899566469343837	-0.14275593245214616	0.12312401205495956	-0.16779150609193777	0.15417443843234002	-0.10576286395682247	0.21325004882983226	-0.21047937196444047	0.20928943741893632	-0.16430410247601773	0.14555742858366066	-0.28039023378775185	0.2459034490308179	-0.4497262643769362	0.14328742327686245	-0.12848504872986796	0.2815000035947941	-0.5638557208046798	0.9999999999999953	-0.3897541727428357	0.26443838244465817
0.10408139138958024	-0.056462858149115405	0.08118393633817901	-0.039154478926224284	0.04691784029080456	-0.047216907379210214	0.049647917312924214	-0.07697695439452928	0.09237395262775427	-0.05792170495389502	0.0746375129516409	-0.06474662373744772	0.08799507387501901	-0.09145191683171938	0.06265661807695835	-0.11940847127142701	0.10440216894672255	-0.10749732670449948	0.10076677578445309	-0.09754721276773543	0.13346105824800408	-0.11966129854228053	0.1680918733700488	-0.1059262168565064	0.09475006766660157	-0.1447830685938855	0.18065989201764082	-0.3897541727428357	0.9999999999999954	-0.863116867045016
-0.14367271922184643	0.07654607445248986	-0.11087812409443461	0.05279778484774794	-0.06367334586905686	0.06141002720154305	-0.06513195105733488	0.09886055044580222	-0.12248240273138428	0.07475431908868291	-0.09712460685219558	0.08222321975392238	-0.11489317875697194	0.11484964321418384	-0.08151838970820528	0.1466201222140187	-0.13296914326227216	0.12951183531732768	-0.1259890969771716	0.11705396162774136	-0.17230406814662413	0.14198989852916957	-0.20660624679326597	0.11836311492971352	-0.12042618584193807	0.1564441082916454	-0.21507671600092415	0.26443838244465817	-0.863116867045016	0.9999999999999954
