1.0	-0.5108010373420317	0.3011287538433033	-0.13958915604854222	0.11989025125684619	-0.4167279590464947	0.23345168192293397	-0.21624177918761367	0.22097967567594576	-0.13746570706470732	0.24485245384513193	-0.23186386856753596	0.19105445818722355	-0.20682649652103627	0.17384274493699836	-0.2594630055654819	0.1925865411518583	-0.23865446228462125	0.15956133370343345	-0.19582622626334786	0.13642669538687763	-0.13804784577118573	0.107560497213875	-0.11921176436877866	0.17450468473354583	-0.11419911499115587	0.11183411879565906	-0.10777277121841031	0.11715973706977618	-0.12091621128723284	0.086559594183736	-0.0863847223411221	0.1197597395021415	-0.08364208094652738	0.10043392346361013
-0.5108010373420317	0.9999999999999999	-0.7653759657618598	0.13513626834648768	-0.12343001899582501	0.1763681178136007	-0.1943667606379864	0.15826948055329693	-0.14676783274610947	0.09737014373608811	-0.13771583524206027	0.129843571944435	-0.12217654720821423	0.12227192755103737	-0.11770031934992659	0.1341234337457987	-0.1085681950259226	0.13278498475370148	-0.0931624745421043	0.11228014594544208	-0.07449870749645801	0.07498913211198541	-0.059369970847534106	0.06517396331705903	-0.09982317866089253	0.06163913159808844	-0.06135657686802962	0.059160623443890406	-0.06524962449212358	0.06702512016754447	-0.04748179687163194	0.04701741181542249	-0.06629873119311464	0.04609629377101537	-0.055743109047812184
0.3011287538433033	-0.7653759657618598	0.9999999999999998	-0.2223200974047409	0.15829859176451944	-0.19731857320872187	0.1934338005099581	-0.2080429674920586	0.18516143443090605	-0.13013119267159864	0.1522905178224803	-0.16308468459730688	0.15120032533026834	-0.161750236702493	0.1511415647880659	-0.1740045121545757	0.1364391172177558	-0.1796580627393333	0.12264987737158836	-0.15157102521005664	0.09613986821712248	-0.09794656425564675	0.0782434741585821	-0.08667167862762881	0.13183956796778457	-0.08086180307292601	0.08001611609633792	-0.07817539456831438	0.08632536542694444	-0.08949431665178809	0.062183985459551935	-0.061932909292120024	0.08720512023028601	-0.061265576868390556	0.07384343482222198
-0.13958915604854222	0.13513626834648768	-0.2223200974047409	0.9999999999999998	-0.871520067603363	0.09087899916403426	-0.10159113795531968	0.10070246161509616	-0.2345473122686736	0.2372815097821565	-0.08154371602428467	0.09048911543871632	-0.09429852286776419	0.11424957536816321	-0.24423682190934407	0.09273338759710319	-0.07985504326028108	0.11457120371278699	-0.08814271142744047	0.11820275321637409	-0.05632425303051067	0.057403115377787334	-0.04901635067232699	0.05386714191659021	-0.09716316790075608	0.04728055900545063	-0.048142888863304936	0.04860023334704664	-0.05679343155991373	0.0592980209608012	-0.037779896221006165	0.03723399795039456	-0.05505783624667396	0.039038359315282024	-0.047784806248479
0.11989025125684619	-0.12343001899582501	0.15829859176451944	-0.871520067603363	1.0	-0.08499044077243605	0.09169859802770941	-0.09361021038395571	0.1991397721299195	-0.33926127455189686	0.0755199915537968	-0.08613257008903265	0.08750986450725907	-0.11011615650122789	0.21044700029170163	-0.08928674107195765	0.0755442530543344	-0.11223503034928718	0.08389094135347644	-0.11615590022724356	0.05362940518955745	-0.05495098874350652	0.04674295076271852	-0.05169856288824397	0.09065106184078976	-0.04527279963259564	0.04586781147204039	-0.046386957535819166	0.05378984842019206	-0.05673146917976358	0.03595709107988364	-0.03557939112953418	0.052219950474915136	-0.03718905785650451	0.04525643691428399
-0.4167279590464947	0.1763681178136007	-0.19731857320872187	0.09087899916403426	-0.08499044077243605	0.9999999999999999	-0.38262779098969096	0.22594226250440266	-0.192947323464681	0.10757030984538311	-0.6810954715891796	0.2513955373064893	-0.20810209583955291	0.17258515430754476	-0.1425993350018687	0.23971729480411547	-0.2087098288782151	0.17920569097314143	-0.13293817099324867	0.14624211309629354	-0.12953782199829414	0.12170796509913058	-0.08999747739605378	0.09533787024155868	-0.14000624118623173	0.09826855083036719	-0.09919902433547025	0.08887589754181473	-0.09502454202952185	0.09416172512623552	-0.07483245090268885	0.07247956521315467	-0.1006103814029558	0.06661286138297552	-0.08089053113774841
0.23345168192293397	-0.1943667606379864	0.1934338005099581	-0.10159113795531968	0.09169859802770941	-0.38262779098969096	0.9999999999999997	-0.708207383791529	0.22124691069642718	-0.12856459136086779	0.24022918300784718	-0.2925193690365156	0.2754646250757466	-0.24117100723084822	0.15751536047754064	-0.22424809498375903	0.1950064165446199	-0.2251657392708498	0.16186302590356574	-0.17390181233979848	0.11974920973327931	-0.12232336444640673	0.09241240360475798	-0.10031345825570286	0.1496670306451755	-0.09738524959977947	0.09722071432481418	-0.09068379282526436	0.09794262227247032	-0.10012261035897761	0.07345160214824104	-0.07266711268998459	0.10065626442381626	-0.06849440279861845	0.0823336707594689
-0.21624177918761367	0.15826948055329693	-0.2080429674920586	0.10070246161509616	-0.09361021038395571	0.22594226250440266	-0.708207383791529	1.0	-0.28322391092123644	0.13574509570989296	-0.21028017417702483	0.2405450496460217	-0.4642620012486583	0.2373677237022002	-0.16789069327759035	0.1820515762398155	-0.1824727871469099	0.20120484500041352	-0.16479849666311586	0.16171320852183885	-0.10624652321878951	0.10713827955125	-0.08383780246818832	0.08963966264769505	-0.14342704286473792	0.08514060235106005	-0.08726784856790076	0.08177656324229761	-0.09057949911210635	0.09165649009568427	-0.0661268325986234	0.06462940311079216	-0.0922576993517952	0.06263852478929831	-0.07627666851929549
0.22097967567594576	-0.14676783274610947	0.18516143443090605	-0.2345473122686736	0.1991397721299195	-0.192947323464681	0.22124691069642718	-0.28322391092123644	0.9999999999999986	-0.5203710549786404	0.17664349728089315	-0.22049899477382953	0.2290540425365416	-0.329195275448922	0.31785055793087263	-0.21972135630985853	0.18708197206244595	-0.30294296387711733	0.2183444139278575	-0.29366629680798034	0.1309882294308779	-0.13594544232195532	0.11493136328403723	-0.12832876339323915	0.21234926975606597	-0.11124233680581648	0.11226481825555673	-0.1136166758589935	0.1297709699459376	-0.13967314026343652	0.08749719664021462	-0.08710196332204298	0.1262998915753249	-0.09037206151845154	0.10874816576905592
-0.13746570706470732	0.09737014373608811	-0.13013119267159864	0.2372815097821565	-0.33926127455189686	0.10757030984538311	-0.12856459136086779	0.13574509570989296	-0.5203710549786404	0.999999999999999	-0.10131643755350879	0.12095667080603696	-0.13474076265315668	0.18107626668762908	-0.6845428429202796	0.11994740412040786	-0.10675799293618314	0.1653092312030799	-0.1355598536545906	0.18942020746766727	-0.07469887930912379	0.07676369546989072	-0.06704837694171163	0.07388301787990864	-0.1417390380563491	0.06294290514163287	-0.06456783638344435	0.06607632541572789	-0.07856513306943731	0.08332512852715028	-0.05061707608296538	0.04990669271847192	-0.0746391829705786	0.0532858277165832	-0.06516042350019119
0.24485245384513193	-0.13771583524206027	0.1522905178224803	-0.08154371602428467	0.0755199915537968	-0.6810954715891796	0.24022918300784718	-0.21028017417702483	0.17664349728089315	-0.10131643755350879	0.9999999999999987	-0.4194373753686427	0.21054673398173746	-0.1848496211766032	0.13452535699610288	-0.39487719878972877	0.2518718875459755	-0.19473283589152468	0.13785820102477617	-0.1504440228156152	0.15312399485906425	-0.1463120907985536	0.09855776732344948	-0.10532051333950972	0.1408568129934807	-0.11680167970083012	0.11288056022533874	-0.09747995879136984	0.09942031973282585	-0.09889758315968292	0.08305937263701872	-0.08174053787180705	0.10737640787574051	-0.0701272770178306	0.08351900587822096
-0.23186386856753596	0.129843571944435	-0.16308468459730688	0.09048911543871632	-0.08613257008903265	0.2513955373064893	-0.2925193690365156	0.2405450496460217	-0.22049899477382953	0.12095667080603696	-0.4194373753686427	0.9999999999999969	-0.47151214298981725	0.24207258101286844	-0.16732215164261371	0.28932928227377164	-0.5446742280587724	0.2310848622198533	-0.18481542457876374	0.17440270599908533	-0.16920899313419083	0.17553242438383224	-0.11719455633730445	0.11968892405531525	-0.16919524870480687	0.12645825404889485	-0.13572059819098406	0.11229955108803788	-0.11619057435697555	0.11310335501852697	-0.09474785768522409	0.09147825371156384	-0.1254484452527501	0.08040252135890953	-0.09703331424773005
0.19105445818722355	-0.12217654720821423	0.15120032533026834	-0.09429852286776419	0.08750986450725907	-0.20810209583955291	0.2754646250757466	-0.4642620012486583	0.2290540425365416	-0.13474076265315668	0.21054673398173746	-0.47151214298981725	0.9999999999999969	-0.5420597927493984	0.17888845566036032	-0.21707810089392565	0.23220757437222728	-0.29648745499952156	0.23557609431171994	-0.2013764978574622	0.1232066945886998	-0.12925074438535125	0.09863922258675442	-0.10504478134958868	0.1664369734049981	-0.09908320936049733	0.10177323635526216	-0.09438961998897916	0.10347077808377969	-0.10502440819552622	0.07569948842667745	-0.07433649473059176	0.10514587602471856	-0.07092259607101989	0.08586754717192564
-0.20682649652103627	0.12227192755103737	-0.161750236702493	0.11424957536816321	-0.11011615650122789	0.17258515430754476	-0.24117100723084822	0.2373677237022002	-0.329195275448922	0.18107626668762908	-0.1848496211766032	0.24207258101286844	-0.5420597927493984	0.9999999999999977	-0.2861755629199881	0.18993465689701294	-0.2133664010063505	0.30453390542342645	-0.5222653974903726	0.25452767953034733	-0.12354238552034069	0.1253038362613916	-0.10817143663898927	0.11376538372797686	-0.21781906295325196	0.0995973062845071	-0.10535285348612211	0.10274337930385506	-0.12092686884330035	0.12227613870248713	-0.0806826423784867	0.0780967355811737	-0.11782426111324351	0.0807733833704905	-0.10013429596721682
0.17384274493699836	-0.11770031934992659	0.1511415647880659	-0.24423682190934407	0.21044700029170163	-0.1425993350018687	0.15751536047754064	-0.16789069327759035	0.31785055793087263	-0.6845428429202796	0.13452535699610288	-0.16732215164261371	0.17888845566036032	-0.2861755629199881	0.999999999999997	-0.16700313918281862	0.14659874927615268	-0.24673355927791674	0.19766678675263175	-0.3374556616001296	0.10352094031734646	-0.1073683640291391	0.09423862767709532	-0.10496398682385077	0.1980624954751394	-0.08791743289971632	0.08989054974323736	-0.09280269947385014	0.10997137409939214	-0.11987227668012926	0.07036176350310974	-0.06971461770186473	0.10377789046563364	-0.07475448479978875	0.0905898053709699
-0.2594630055654819	0.1341234337457987	-0.1740045121545757	0.09273338759710319	-0.08928674107195765	0.23971729480411547	-0.22424809498375903	0.1820515762398155	-0.21972135630985853	0.11994740412040786	-0.39487719878972877	0.28932928227377164	-0.21707810089392565	0.18993465689701294	-0.16700313918281862	0.9999999999999976	-0.5673759961105466	0.22339195524805483	-0.16316506948568943	0.18004750739313202	-0.402149522677378	0.2539848783812339	-0.1585144636606524	0.15791962620624983	-0.19431570301901546	0.21039057954751758	-0.20889215532838382	0.1565997122152818	-0.1512528777758397	0.1414871681934042	-0.14953368672350226	0.1376676215227548	-0.17799917251285	0.10668813976104174	-0.12795333405418763
0.1925865411518583	-0.1085681950259226	0.1364391172177558	-0.07985504326028108	0.0755442530543344	-0.2087098288782151	0.1950064165446199	-0.1824727871469099	0.18708197206244595	-0.10675799293618314	0.2518718875459755	-0.5446742280587724	0.23220757437222728	-0.2133664010063505	0.14659874927615268	-0.5673759961105466	0.999999999999998	-0.2901853567088645	0.17454603700648194	-0.1768519334527962	0.23636780837713187	-0.3311751672589937	0.15013762638511052	-0.15570563372120994	0.17125088448022882	-0.18233432482386003	0.1867352438125407	-0.14360039507674321	0.13201743241359562	-0.12812311221942646	0.12124030422725393	-0.12127646456162279	0.1496505712748764	-0.09259358294585733	0.10732419447032063
-0.23865446228462125	0.13278498475370148	-0.1796580627393333	0.11457120371278699	-0.11223503034928718	0.17920569097314143	-0.2251657392708498	0.20120484500041352	-0.30294296387711733	0.1653092312030799	-0.19473283589152468	0.2310848622198533	-0.29648745499952156	0.30453390542342645	-0.24673355927791674	0.22339195524805483	-0.2901853567088645	0.9999999999999963	-0.6214486367533641	0.2940597854277265	-0.160742766460716	0.16380496833887054	-0.1693456197036803	0.16074058437612238	-0.30916430871238565	0.1289771184771272	-0.14111217434921253	0.14160531071945245	-0.17040206900535865	0.16500599845215755	-0.10840084201882526	0.1036309367452466	-0.16462862678977472	0.11103651113836865	-0.14016637345539534
0.15956133370343345	-0.0931624745421043	0.12264987737158836	-0.08814271142744047	0.08389094135347644	-0.13293817099324867	0.16186302590356574	-0.16479849666311586	0.2183444139278575	-0.1355598536545906	0.13785820102477617	-0.18481542457876374	0.23557609431171994	-0.5222653974903726	0.19766678675263175	-0.16316506948568943	0.17454603700648194	-0.6214486367533641	0.9999999999999984	-0.44448689286762827	0.10862639002044584	-0.11332907959412224	0.1086010258562953	-0.11543556236304221	0.23287900507387715	-0.08959258977167416	0.09526140784384195	-0.09783413120652214	0.11833473277762727	-0.12412267092472569	0.0732738800241718	-0.07135687850224177	0.11041029306403558	-0.0769304484430511	0.09491801578129176
-0.19582622626334786	0.11228014594544208	-0.15157102521005664	0.11820275321637409	-0.11615590022724356	0.14624211309629354	-0.17390181233979848	0.16171320852183885	-0.29366629680798034	0.18942020746766727	-0.1504440228156152	0.17440270599908533	-0.2013764978574622	0.25452767953034733	-0.3374556616001296	0.18004750739313202	-0.1768519334527962	0.2940597854277265	-0.44448689286762827	0.9999999999999954	-0.13602036684696858	0.1389101828067475	-0.14571098524834036	0.1573235008659721	-0.599359259035909	0.11542982753351033	-0.1254795602119349	0.14097315637240437	-0.20007934799684496	0.21269673721765364	-0.10111762538201982	0.09762904940338198	-0.1649648259838141	0.12035033980078397	-0.1533999552633268
0.13642669538687763	-0.07449870749645801	0.09613986821712248	-0.05632425303051067	0.05362940518955745	-0.12953782199829414	0.11974920973327931	-0.10624652321878951	0.1309882294308779	-0.07469887930912379	0.15312399485906425	-0.16920899313419083	0.1232066945886998	-0.12354238552034069	0.10352094031734646	-0.402149522677378	0.23636780837713187	-0.160742766460716	0.10862639002044584	-0.13602036684696858	0.9999999999999961	-0.5265099709337594	0.1883451247436641	-0.20028037607104163	0.14694805194662858	-0.5805024083161795	0.30503888881059005	-0.19860606828042293	0.14859807109066633	-0.14037923739107988	0.2084304295245896	-0.21361096027486293	0.19255338342454725	-0.10835971195992708	0.11660459243378052
-0.13804784577118573	0.07498913211198541	-0.09794656425564675	0.057403115377787334	-0.05495098874350652	0.12170796509913058	-0.12232336444640673	0.10713827955125	-0.13594544232195532	0.07676369546989072	-0.1463120907985536	0.17553242438383224	-0.12925074438535125	0.1253038362613916	-0.1073683640291391	0.2539848783812339	-0.3311751672589937	0.16380496833887054	-0.11332907959412224	0.1389101828067475	-0.5265099709337594	0.999999999999995	-0.32067324539024683	0.22871042221784946	-0.16108820561821047	0.3007136102623769	-0.5548685032586925	0.23327920166908997	-0.17505847850306241	0.14984633677887665	-0.1991993496645497	0.1883492380421941	-0.23178348907837093	0.11881779917685384	-0.1318478769747414
0.107560497213875	-0.059369970847534106	0.0782434741585821	-0.04901635067232699	0.04674295076271852	-0.08999747739605378	0.09241240360475798	-0.08383780246818832	0.11493136328403723	-0.06704837694171163	0.09855776732344948	-0.11719455633730445	0.09863922258675442	-0.10817143663898927	0.09423862767709532	-0.1585144636606524	0.15013762638511052	-0.1693456197036803	0.1086010258562953	-0.14571098524834036	0.1883451247436641	-0.32067324539024683	0.9999999999999956	-0.7926541710724959	0.17643039489130777	-0.1683518174003526	0.21006921325550118	-0.3411445540860693	0.21712495234488147	-0.18813553536806188	0.13102405846048942	-0.13516788118595044	0.22749574875839884	-0.1320163827714309	0.13612761595184678
-0.11921176436877866	0.06517396331705903	-0.08667167862762881	0.05386714191659021	-0.05169856288824397	0.09533787024155868	-0.10031345825570286	0.08963966264769505	-0.12832876339323915	0.07388301787990864	-0.10532051333950972	0.11968892405531525	-0.10504478134958868	0.11376538372797686	-0.10496398682385077	0.15791962620624983	-0.15570563372120994	0.16074058437612238	-0.11543556236304221	0.1573235008659721	-0.20028037607104163	0.22871042221784946	-0.7926541710724959	0.9999999999999962	-0.23339054026320957	0.16289292313043008	-0.2111925187972333	0.25557957585429036	-0.3010339077681999	0.20644057141900146	-0.14453301127708068	0.13836005116970407	-0.2637678956815864	0.14712185244305018	-0.1647589882588008
0.17450468473354583	-0.09982317866089253	0.13183956796778457	-0.09716316790075608	0.09065106184078976	-0.14000624118623173	0.1496670306451755	-0.14342704286473792	0.21234926975606597	-0.1417390380563491	0.1408568129934807	-0.16919524870480687	0.1664369734049981	-0.21781906295325196	0.1980624954751394	-0.19431570301901546	0.17125088448022882	-0.30916430871238565	0.23287900507387715	-0.599359259035909	0.14694805194662858	-0.16108820561821047	0.17643039489130777	-0.23339054026320957	0.9999999999999954	-0.1329057398699561	0.1421449239008421	-0.17874347922427675	0.25277022058677034	-0.46065910478571226	0.11149751467108407	-0.11291616825742241	0.18369858352606974	-0.151669535565651	0.1715916501029742
-0.11419911499115587	0.06163913159808844	-0.08086180307292601	0.04728055900545063	-0.04527279963259564	0.09826855083036719	-0.09738524959977947	0.08514060235106005	-0.11124233680581648	0.06294290514163287	-0.11680167970083012	0.12645825404889485	-0.09908320936049733	0.0995973062845071	-0.08791743289971632	0.21039057954751758	-0.18233432482386003	0.1289771184771272	-0.08959258977167416	0.11542982753351033	-0.5805024083161795	0.3007136102623769	-0.1683518174003526	0.16289292313043008	-0.1329057398699561	0.999999999999994	-0.5442114264072072	0.21399252676443328	-0.15099834033693588	0.13192259201958734	-0.3951791346257865	0.2577042287914865	-0.23403621907715372	0.11129163791406216	-0.1217403823089999
0.11183411879565906	-0.06135657686802962	0.08001611609633792	-0.048142888863304936	0.04586781147204039	-0.09919902433547025	0.09722071432481418	-0.08726784856790076	0.11226481825555673	-0.06456783638344435	0.11288056022533874	-0.13572059819098406	0.10177323635526216	-0.10535285348612211	0.08989054974323736	-0.20889215532838382	0.1867352438125407	-0.14111217434921253	0.09526140784384195	-0.1254795602119349	0.30503888881059005	-0.5548685032586925	0.21006921325550118	-0.2111925187972333	0.1421449239008421	-0.5442114264072072	0.9999999999999944	-0.37632618991655453	0.17595666457019318	-0.15667967224401194	0.23988387456999805	-0.29359384357123625	0.2506978992605206	-0.1252888799573277	0.12876593135539177
-0.10777277121841031	0.059160623443890406	-0.07817539456831438	0.04860023334704664	-0.046386957535819166	0.08887589754181473	-0.09068379282526436	0.08177656324229761	-0.1136166758589935	0.06607632541572789	-0.09747995879136984	0.11229955108803788	-0.09438961998897916	0.10274337930385506	-0.09280269947385014	0.1565997122152818	-0.14360039507674321	0.14160531071945245	-0.09783413120652214	0.14097315637240437	-0.19860606828042293	0.23327920166908997	-0.3411445540860693	0.25557957585429036	-0.17874347922427675	0.21399252676443328	-0.37632618991655453	0.999999999999994	-0.3825084750681564	0.23167033907262766	-0.20262497646978594	0.20855316811959498	-0.6490548723319571	0.20070400014699077	-0.20463361438063105
0.11715973706977618	-0.06524962449212358	0.08632536542694444	-0.05679343155991373	0.05378984842019206	-0.09502454202952185	0.09794262227247032	-0.09057949911210635	0.1297709699459376	-0.07856513306943731	0.09942031973282585	-0.11619057435697555	0.10347077808377969	-0.12092686884330035	0.10997137409939214	-0.1512528777758397	0.13201743241359562	-0.17040206900535865	0.11833473277762727	-0.20007934799684496	0.14859807109066633	-0.17505847850306241	0.21712495234488147	-0.3010339077681999	0.25277022058677034	-0.15099834033693588	0.17595666457019318	-0.3825084750681564	0.9999999999999942	-0.6910864506735278	0.1301936628402201	-0.13802407126630098	0.26071701054774865	-0.297851545490701	0.24033852540068426
-0.12091621128723284	0.06702512016754447	-0.08949431665178809	0.0592980209608012	-0.05673146917976358	0.09416172512623552	-0.10012261035897761	0.09165649009568427	-0.13967314026343652	0.08332512852715028	-0.09889758315968292	0.11310335501852697	-0.10502440819552622	0.12227613870248713	-0.11987227668012926	0.1414871681934042	-0.12812311221942646	0.16500599845215755	-0.12412267092472569	0.21269673721765364	-0.14037923739107988	0.14984633677887665	-0.18813553536806188	0.20644057141900146	-0.46065910478571226	0.13192259201958734	-0.15667967224401194	0.23167033907262766	-0.6910864506735278	0.9999999999999931	-0.12681646783971232	0.12462918539535695	-0.2585971852565071	0.22183033406306085	-0.2933484916802662
0.086559594183736	-0.04748179687163194	0.062183985459551935	-0.037779896221006165	0.03595709107988364	-0.07483245090268885	0.07345160214824104	-0.0661268325986234	0.08749719664021462	-0.05061707608296538	0.08305937263701872	-0.09474785768522409	0.07569948842667745	-0.0806826423784867	0.07036176350310974	-0.14953368672350226	0.12124030422725393	-0.10840084201882526	0.0732738800241718	-0.10111762538201982	0.2084304295245896	-0.1991993496645497	0.13102405846048942	-0.14453301127708068	0.11149751467108407	-0.3951791346257865	0.23988387456999805	-0.20262497646978594	0.1301936628402201	-0.12681646783971232	0.9999999999999934	-0.8117793325521137	0.22660900391362385	-0.1114949943571542	0.1081352574951413
-0.0863847223411221	0.04701741181542249	-0.061932909292120024	0.03723399795039456	-0.03557939112953418	0.07247956521315467	-0.07266711268998459	0.06462940311079216	-0.08710196332204298	0.04990669271847192	-0.08174053787180705	0.09147825371156384	-0.07433649473059176	0.0780967355811737	-0.06971461770186473	0.1376676215227548	-0.12127646456162279	0.1036309367452466	-0.07135687850224177	0.09762904940338198	-0.21361096027486293	0.1883492380421941	-0.13516788118595044	0.13836005116970407	-0.11291616825742241	0.2577042287914865	-0.29359384357123625	0.20855316811959498	-0.13802407126630098	0.12462918539535695	-0.8117793325521137	0.9999999999999936	-0.3432000763428189	0.11936954480747555	-0.12193699133852817
0.1197597395021415	-0.06629873119311464	0.08720512023028601	-0.05505783624667396	0.052219950474915136	-0.1006103814029558	0.10065626442381626	-0.0922576993517952	0.1262998915753249	-0.0746391829705786	0.10737640787574051	-0.1254484452527501	0.10514587602471856	-0.11782426111324351	0.10377789046563364	-0.17799917251285	0.1496505712748764	-0.16462862678977472	0.11041029306403558	-0.1649648259838141	0.19255338342454725	-0.23178348907837093	0.22749574875839884	-0.2637678956815864	0.18369858352606974	-0.23403621907715372	0.2506978992605206	-0.6490548723319571	0.26071701054774865	-0.2585971852565071	0.22660900391362385	-0.3432000763428189	0.9999999999999933	-0.3251532448167889	0.23118300823675225
-0.08364208094652738	0.04609629377101537	-0.061265576868390556	0.039038359315282024	-0.03718905785650451	0.06661286138297552	-0.06849440279861845	0.06263852478929831	-0.09037206151845154	0.0532858277165832	-0.0701272770178306	0.08040252135890953	-0.07092259607101989	0.0807733833704905	-0.07475448479978875	0.10668813976104174	-0.09259358294585733	0.11103651113836865	-0.0769304484430511	0.12035033980078397	-0.10835971195992708	0.11881779917685384	-0.1320163827714309	0.14712185244305018	-0.151669535565651	0.11129163791406216	-0.1252888799573277	0.20070400014699077	-0.297851545490701	0.22183033406306085	-0.1114949943571542	0.11936954480747555	-0.3251532448167889	0.9999999999999933	-0.8429435808774233
0.10043392346361013	-0.055743109047812184	0.07384343482222198	-0.047784806248479	0.04525643691428399	-0.08089053113774841	0.0823336707594689	-0.07627666851929549	0.10874816576905592	-0.06516042350019119	0.08351900587822096	-0.09703331424773005	0.08586754717192564	-0.10013429596721682	0.0905898053709699	-0.12795333405418763	0.10732419447032063	-0.14016637345539534	0.09491801578129176	-0.1533999552633268	0.11660459243378052	-0.1318478769747414	0.13612761595184678	-0.1647589882588008	0.1715916501029742	-0.1217403823089999	0.12876593135539177	-0.20463361438063105	0.24033852540068426	-0.2933484916802662	0.1081352574951413	-0.12193699133852817	0.23118300823675225	-0.8429435808774233	0.9999999999999933
