1.0000000000000002	-0.7013765216306351	0.1804520622376592	-0.15254543131033518	0.15935426916992407	-0.5561404323961913	0.3202211980500275	-0.2177570208696169	0.14898838562627167	-0.12130598432472631	0.17361330384901297	-0.1547116145376885	0.14112430454059469	-0.1343372523006668	0.0984820683075583	-0.11348776515697824	0.10375888631140012	-0.13266779852244895	0.1023691952706764	-0.10659670727559858	0.09378538088357974	-0.10537203821743674	0.08830710064105389	-0.09354249715878482	0.11655181922659709	-0.0890566503959533	0.07958082278387657	-0.08409747872315249	0.06582280225354507	-0.06854150397868075	0.07212639686104436	-0.06695202541010023	0.06169167534902056	-0.06547301897868454	0.07456428546300203	-0.07208850455474172	0.0755582891527008	-0.059106680711333036	0.05355421382453766	-0.11474953334832752
-0.7013765216306351	1.0000000000000004	-0.2623732531201482	0.16742234794119215	-0.175695268088645	0.31737665580629404	-0.5282763216459412	0.2133128764463899	-0.16410854540346753	0.12005352356883543	-0.16178176844211903	0.1401192100049686	-0.14360480314560087	0.13123633045582142	-0.09886600073847157	0.09999159341612102	-0.09695433322161105	0.12247115338023463	-0.09957458913281611	0.10249608858156299	-0.08723280832325724	0.09514330524063733	-0.08396269376884886	0.08830971592402738	-0.11439930964703393	0.08119728821869847	-0.07410134122247262	0.07802091051296907	-0.062377297959120726	0.06460525386953653	-0.06742106543620087	0.061998142058558386	-0.05765710133321426	0.061134158395795266	-0.07044575511962911	0.06639635440757712	-0.07107579738775474	0.05489070937180948	-0.049997313466888835	0.10510627063284528
0.1804520622376592	-0.2623732531201482	1.0000000000000009	-0.7753966400008399	0.27596040381353043	-0.16716497605649297	0.17348922317549004	-0.30687477929433526	0.256790848055456	-0.21290400508167207	0.15143840122398472	-0.1539058246797158	0.1743161690668397	-0.2085049524493769	0.15316481633433449	-0.11832903338904255	0.11995909399770804	-0.18558224433514844	0.14780233906514037	-0.16481714543288353	0.10699698572988225	-0.12615264770721749	0.12150445653481952	-0.1338393547422347	0.1613510125303828	-0.11305354812379001	0.1023440965866542	-0.11460689573046685	0.09128501697958753	-0.09654441238913902	0.09571386041074438	-0.09124362720176536	0.08366343098899233	-0.09257587238023476	0.10417194276817407	-0.09910872015776498	0.10381509676614338	-0.08405079748163828	0.07593540953057203	-0.17312593604218846
-0.15254543131033518	0.16742234794119215	-0.7753966400008399	1.0000000000000009	-0.40123448140244733	0.1304023765421469	-0.14297744893096279	0.24264077272703172	-0.35218879767050526	0.19601294383914517	-0.13107240077243776	0.12957910029327582	-0.159550459420269	0.1896194275459861	-0.1454900149147748	0.09838745055703611	-0.10152639795841334	0.1537347136912516	-0.1319828138998053	0.14270490175578823	-0.09019234315428679	0.10423009194031081	-0.10369072405920039	0.11320284759369134	-0.14217204739312378	0.09322200004151664	-0.08557306421898749	0.09511445750408883	-0.07713870793005205	0.08100947406721164	-0.07965241979938341	0.07532227761338106	-0.06967216654303907	0.07643757667006387	-0.08690711339958983	0.08114059225827318	-0.08628126383264068	0.06886419180183352	-0.0625094254585592	0.13870661768642684
0.15935426916992407	-0.175695268088645	0.27596040381353043	-0.40123448140244733	1.0000000000000013	-0.17139163674747307	0.16494088971206652	-0.32596529905261323	0.2764757736314929	-0.47212629411279294	0.20731441802939052	-0.21478179372713482	0.23432542650714777	-0.2829812120843449	0.26312974430039965	-0.1800397917971872	0.18368948367010718	-0.3056827663105525	0.23378136207239553	-0.289715625265651	0.165350815309599	-0.20066214353228604	0.1974202818679899	-0.22057870306959518	0.2613097455119031	-0.18582163934135365	0.16661311294510098	-0.19161487051290357	0.1517869478855206	-0.16273818896907538	0.1588709344818644	-0.15378668539646417	0.13964954958570983	-0.15881342636934345	0.17643165049861403	-0.16930736710077232	0.17516328512494747	-0.1456772627631823	0.13096117522306672	-0.3139148136969567
-0.5561404323961913	0.31737665580629404	-0.16716497605649297	0.1304023765421469	-0.17139163674747307	1.0000000000000016	-0.6604201358789324	0.2250251981808293	-0.16801929520255152	0.12127193648009629	-0.27801266676546155	0.18052255691391136	-0.1672792322019676	0.14057247011893703	-0.10367186134405451	0.130642145829505	-0.11779292065616323	0.13399203917553845	-0.10747300920460356	0.10781630790210353	-0.10802045553719425	0.11228740782683334	-0.09207233893061367	0.09532959688731521	-0.12394155010418163	0.09320044683807663	-0.0844218210902297	0.08600806842473768	-0.06793334029968291	0.06986692387796994	-0.07523324057659293	0.06824620957540424	-0.06360274669058744	0.06592960259641727	-0.07621164988681399	0.07271100712798716	-0.07761604854932203	0.05906713042983045	-0.053845933463825185	0.10999721104900034
0.3202211980500275	-0.5282763216459412	0.17348922317549004	-0.14297744893096279	0.16494088971206652	-0.6604201358789324	1.0000000000000007	-0.3476654446979812	0.1799831689694524	-0.12512550711296733	0.1914920968820639	-0.18608996097280975	0.16471705910056916	-0.1467508301523072	0.10395653986331087	-0.11582178855080046	0.10846179558707213	-0.13159254819416472	0.10606822449152574	-0.10774897262282097	0.09595698409053559	-0.10553054096121653	0.08873097654528776	-0.09331103911210942	0.11873434625625875	-0.08750900325500968	0.07920652665108749	-0.08246640407982116	0.06523110703630874	-0.06743210481548148	0.07094592280751055	-0.06523180518954146	0.06060199229635262	-0.06343796525263866	0.07288771151979594	-0.06954133030758938	0.07381157130351806	-0.05684480091320925	0.05172700334060554	-0.10739038503253479
-0.2177570208696169	0.2133128764463899	-0.30687477929433526	0.24264077272703172	-0.32596529905261323	0.2250251981808293	-0.3476654446979812	1.0	-0.5981632003618114	0.23566902998214428	-0.2439650100993723	0.2236949326531486	-0.36432161717877243	0.2869729009758849	-0.20713516105632437	0.1530936979381081	-0.1614257214625738	0.21191196959469802	-0.19616339430659183	0.19090037574148058	-0.14199691562016065	0.15260069983203647	-0.1505192552445647	0.15778380266108094	-0.21389158587964877	0.13179905931519503	-0.12425642377097267	0.13163756158774118	-0.1092341363642797	0.11208538009010419	-0.11301962625755786	0.10331553701882554	-0.09759728339015465	0.10289343895818016	-0.12047299581295542	0.1089763310719383	-0.1201118167531128	0.09108497399260512	-0.08367518687426298	0.1688133355802377
0.14898838562627167	-0.16410854540346753	0.256790848055456	-0.35218879767050526	0.2764757736314929	-0.16801929520255152	0.1799831689694524	-0.5981632003618114	0.9999999999999994	-0.34116223338273344	0.18045534807750763	-0.19189111534318837	0.26124029204965726	-0.48355746731440913	0.22948724328574382	-0.12945792096608574	0.13671356367434637	-0.20910673455343756	0.2008235457437971	-0.20791786575705806	0.11802461592561435	-0.13513086384565273	0.13953126477948485	-0.1562612154815871	0.19067672698853227	-0.11714945440381594	0.10951453538022124	-0.12075521667942071	0.09945049511548966	-0.10343827501305923	0.09920994839358589	-0.09346155648847457	0.08755492288241738	-0.09338546769962337	0.10703578641103129	-0.09820972681146622	0.10573679318857357	-0.08255078533376672	0.0753893874651842	-0.15716690793174512
-0.12130598432472631	0.12005352356883543	-0.21290400508167207	0.19601294383914517	-0.47212629411279294	0.12127193648009629	-0.12512550711296733	0.23566902998214428	-0.34116223338273344	0.9999999999999988	-0.16862305653120135	0.16286304092002654	-0.22074353199766017	0.26690397589380066	-0.6493463096078739	0.12668662863349447	-0.13718724445940936	0.21363623433683498	-0.23250669558757275	0.27853729375721614	-0.12052066438072105	0.13640224830468853	-0.15771290969314314	0.17134146598353786	-0.2617616228306244	0.12387566650224106	-0.11845128642264134	0.1327708358514209	-0.11655349524283944	0.12110209655532082	-0.10892798142249331	0.10253637941126148	-0.0972230258555807	0.10546613375301372	-0.12282100255580336	0.10723389271881847	-0.11837262990639079	0.09203018319451059	-0.08471540594000715	0.1736973767624469
0.17361330384901297	-0.16178176844211903	0.15143840122398472	-0.13107240077243776	0.20731441802939052	-0.27801266676546155	0.1914920968820639	-0.2439650100993723	0.18045534807750763	-0.16862305653120135	0.9999999999999998	-0.5962344287935046	0.2716278649633911	-0.22573373788755519	0.14876752142142047	-0.46376596124213537	0.26172566770724975	-0.2496940252841453	0.17307382979097186	-0.16932997715913975	0.24393919089053998	-0.2583293779256785	0.1588385324735429	-0.16225524766325658	0.1927497820911045	-0.19758166650342573	0.16450764363150003	-0.1585525985070368	0.11554378426342041	-0.11854938050944334	0.1377354559116274	-0.12506104083997785	0.1143483449530733	-0.11250689084117647	0.12681194907476787	-0.13294380272546202	0.13286772573735087	-0.10134857219426842	0.09129006538873273	-0.18279931567385826
-0.1547116145376885	0.1401192100049686	-0.1539058246797158	0.12957910029327582	-0.21478179372713482	0.18052255691391136	-0.18608996097280975	0.2236949326531486	-0.19189111534318837	0.16286304092002654	-0.5962344287935046	0.9999999999999992	-0.5547561905655211	0.23781604459450703	-0.15512461851680096	0.24306396292455196	-0.3166830837224577	0.22404192822762378	-0.17592967931504244	0.16156941655847087	-0.20536694528110977	0.2173230978306045	-0.14968121459482725	0.14914131145458	-0.189484231687929	0.1554557209188863	-0.1446656222036047	0.13703145951627135	-0.10559595862120807	0.10673210970166347	-0.12052712915691574	0.10727261908452913	-0.10091001769658946	0.09920621231388975	-0.11493087208306954	0.11167252678922382	-0.11894044186203699	0.08821366741396852	-0.08061599615263076	0.15550782139968167
0.14112430454059469	-0.14360480314560087	0.1743161690668397	-0.159550459420269	0.23432542650714777	-0.1672792322019676	0.16471705910056916	-0.36432161717877243	0.26124029204965726	-0.22074353199766017	0.2716278649633911	-0.5547561905655211	0.9999999999999987	-0.5202376966071972	0.20347506009315386	-0.19012777472043263	0.2030684833211079	-0.2910730989098779	0.22351796315146352	-0.213447275892728	0.15986769250655275	-0.19136700810708127	0.1672770716136832	-0.18199113242253945	0.20705312427095662	-0.14954332081836233	0.1373672009593474	-0.1461210024389749	0.11477797518683831	-0.1184646506358471	0.11940903862739022	-0.11218982253536146	0.10458530529181864	-0.10743535825130984	0.12215444189344876	-0.11677077283216947	0.12280957627658888	-0.09499752847180902	0.08641225482776206	-0.17510402709482953
-0.1343372523006668	0.13123633045582142	-0.2085049524493769	0.1896194275459861	-0.2829812120843449	0.14057247011893703	-0.1467508301523072	0.2869729009758849	-0.48355746731440913	0.26690397589380066	-0.22573373788755519	0.23781604459450703	-0.5202376966071972	1.0000000000000016	-0.35815698799919904	0.15103708137376423	-0.16863087622068107	0.2520498807860538	-0.3682157473306444	0.25784496013326924	-0.14049108666957077	0.15626143654426394	-0.1778045808510673	0.1962139431862823	-0.2378296422642294	0.13397066754182674	-0.12883779821801147	0.14073753319234694	-0.11910626089616307	0.1212901994128639	-0.11400279427664854	0.10670363947548529	-0.10175202868908152	0.1058455832053832	-0.12267014029414688	0.10975576203997672	-0.12027890911519919	0.0920766378834315	-0.08473429042728464	0.16770581768790205
0.0984820683075583	-0.09886600073847157	0.15316481633433449	-0.1454900149147748	0.26312974430039965	-0.10367186134405451	0.10395653986331087	-0.20713516105632437	0.22948724328574382	-0.6493463096078739	0.14876752142142047	-0.15512461851680096	0.20347506009315386	-0.35815698799919904	0.9999999999999977	-0.11688102923386037	0.12750717373929535	-0.22221246182527044	0.2474258008467179	-0.5198212870437003	0.10956540135682483	-0.1278548455663481	0.15113381838364864	-0.1772889279419364	0.2343850925787439	-0.11475754954345169	0.1092173906764171	-0.1254748685610539	0.10824160316031842	-0.11512313050346783	0.09859697253672997	-0.09494684947676692	0.08950448347360639	-0.09676605541252173	0.11016190083688931	-0.09803965374897256	0.10602878823706474	-0.08385697820268462	0.0767964561311824	-0.15821328432582366
-0.11348776515697824	0.09999159341612102	-0.11832903338904255	0.09838745055703611	-0.1800397917971872	0.130642145829505	-0.11582178855080046	0.1530936979381081	-0.12945792096608574	0.12668662863349447	-0.46376596124213537	0.24306396292455196	-0.19012777472043263	0.15103708137376423	-0.11688102923386037	0.9999999999999957	-0.44449882370103366	0.2095649594220014	-0.1460312911164901	0.13443194862361488	-0.6153226165272283	0.2984512466499471	-0.1515528081716664	0.14002032159108843	-0.17967736337997842	0.23231607916239597	-0.20133842068904975	0.15578815174395313	-0.1101692879534734	0.10842251130548443	-0.15439306526057509	0.12416345941203688	-0.11696446408669113	0.10395716911292854	-0.12021033265267075	0.12911926674639818	-0.1326860932089164	0.09361256870204554	-0.08526345073159451	0.15326883939141972
0.10375888631140012	-0.09695433322161105	0.11995909399770804	-0.10152639795841334	0.18368948367010718	-0.11779292065616323	0.10846179558707213	-0.1614257214625738	0.13671356367434637	-0.13718724445940936	0.26172566770724975	-0.3166830837224577	0.2030684833211079	-0.16863087622068107	0.12750717373929535	-0.44449882370103366	1.0000000000000038	-0.34964330821413997	0.17502742865696358	-0.1533332157739503	0.2878122658421259	-0.6601268186391887	0.1748147263420978	-0.16220974574438424	0.1902083270840808	-0.2137123198765328	0.20161563097248203	-0.17145029407428586	0.1171512202239794	-0.11680063280179495	0.14282781264736116	-0.13014317505698064	0.12047141459039108	-0.10855681863125788	0.12344542076147053	-0.1290411529011686	0.13115911999546104	-0.09633629714407953	0.08744745907374804	-0.16081179393833578
-0.13266779852244895	0.12247115338023463	-0.18558224433514844	0.1537347136912516	-0.3056827663105525	0.13399203917553845	-0.13159254819416472	0.21191196959469802	-0.20910673455343756	0.21363623433683498	-0.2496940252841453	0.22404192822762378	-0.2910730989098779	0.2520498807860538	-0.22221246182527044	0.2095649594220014	-0.34964330821413997	0.9999999999999966	-0.4889864158675967	0.26919669130726104	-0.20707321884107613	0.24133938959124462	-0.4238230142394207	0.2988683859140883	-0.34498487097432634	0.19500339836899028	-0.20713613694932054	0.22612034432128394	-0.182467610333357	0.176371264149341	-0.17119539097386866	0.15983485963583147	-0.16075196069161848	0.15234403314340267	-0.18079017088576868	0.15527841694318636	-0.1773223491965253	0.13000258254354058	-0.12134819851477895	0.2173720790844387
0.1023691952706764	-0.09957458913281611	0.14780233906514037	-0.1319828138998053	0.23378136207239553	-0.10747300920460356	0.10606822449152574	-0.19616339430659183	0.2008235457437971	-0.23250669558757275	0.17307382979097186	-0.17592967931504244	0.22351796315146352	-0.3682157473306444	0.2474258008467179	-0.1460312911164901	0.17502742865696358	-0.4889864158675967	0.9999999999999971	-0.5206538063247049	0.1386783080053323	-0.16770785213492173	0.2642295618309927	-0.4433766045180246	0.28365933885342853	-0.14584036604253536	0.14617270090106071	-0.17711968813351858	0.1527637337291558	-0.15479076574350056	0.1243604203220524	-0.12302460615381565	0.11920117069770053	-0.12191555303200796	0.13768077264288572	-0.11948987106727765	0.1308210767861192	-0.10197318631756556	0.09422144274819248	-0.178922280377536
-0.10659670727559858	0.10249608858156299	-0.16481714543288353	0.14270490175578823	-0.289715625265651	0.10781630790210353	-0.10774897262282097	0.19090037574148058	-0.20791786575705806	0.27853729375721614	-0.16932997715913975	0.16156941655847087	-0.213447275892728	0.25784496013326924	-0.5198212870437003	0.13443194862361488	-0.1533332157739503	0.26919669130726104	-0.5206538063247049	0.9999999999999969	-0.1308516268358471	0.14942725901380632	-0.21194035718653015	0.24179492151828227	-0.4486359548853412	0.1379259119630102	-0.13689529215519647	0.15923854777474908	-0.15103925984231795	0.15844224446645805	-0.12193812855892253	0.1174454950532759	-0.11355703133953911	0.12212840235576874	-0.14179662503739865	0.11810953431756722	-0.13175210181236097	0.10263287148457263	-0.09530351281154836	0.18444859670498565
0.09378538088357974	-0.08723280832325724	0.10699698572988225	-0.09019234315428679	0.165350815309599	-0.10802045553719425	0.09595698409053559	-0.14199691562016065	0.11802461592561435	-0.12052066438072105	0.24393919089053998	-0.20536694528110977	0.15986769250655275	-0.14049108666957077	0.10956540135682483	-0.6153226165272283	0.2878122658421259	-0.20707321884107613	0.1386783080053323	-0.1308516268358471	0.9999999999999954	-0.4563879157119956	0.15417152071169674	-0.143836850698677	0.17471943644622384	-0.4494741447236657	0.24367303416229774	-0.1845333203753163	0.11666500783147302	-0.11562574139057728	0.17861771070129318	-0.1459994091711005	0.13133318540629077	-0.11194204826657904	0.1250709324903076	-0.15584659345713964	0.14131038046831224	-0.1018403281003171	0.0909755672134438	-0.1639593829060986
-0.10537203821743674	0.09514330524063733	-0.12615264770721749	0.10423009194031081	-0.20066214353228604	0.11228740782683334	-0.10553054096121653	0.15260069983203647	-0.13513086384565273	0.13640224830468853	-0.2583293779256785	0.2173230978306045	-0.19136700810708127	0.15626143654426394	-0.1278548455663481	0.2984512466499471	-0.6601268186391887	0.24133938959124462	-0.16770785213492173	0.14942725901380632	-0.4563879157119956	0.9999999999999952	-0.18741462980073156	0.16316150522308767	-0.21187549759095428	0.25252760837061256	-0.3183751806384355	0.1958170785453446	-0.13289289269522297	0.1278253597223256	-0.17512064106919153	0.15034612392462157	-0.1444208596767548	0.12108319265066843	-0.14095792288620318	0.1456345879985482	-0.15405577327020792	0.10768803301663293	-0.09879980580657677	0.170985583557092
0.08830710064105389	-0.08396269376884886	0.12150445653481952	-0.10369072405920039	0.1974202818679899	-0.09207233893061367	0.08873097654528776	-0.1505192552445647	0.13953126477948485	-0.15771290969314314	0.1588385324735429	-0.14968121459482725	0.1672770716136832	-0.1778045808510673	0.15113381838364864	-0.1515528081716664	0.1748147263420978	-0.4238230142394207	0.2642295618309927	-0.21194035718653015	0.15417152071169674	-0.18741462980073156	0.9999999999999903	-0.6505436083897201	0.26409261451478777	-0.19620744800757636	0.21322545927112582	-0.4179883218624411	0.20541313725618002	-0.1978303827925641	0.15695819026949068	-0.1834768872547977	0.1820537459938768	-0.15386586824494375	0.1638889025049045	-0.14849110493008222	0.15708315805289502	-0.1247539023679896	0.11420968999285348	-0.19955215918967584
-0.09354249715878482	0.08830971592402738	-0.1338393547422347	0.11320284759369134	-0.22057870306959518	0.09532959688731521	-0.09331103911210942	0.15778380266108094	-0.1562612154815871	0.17134146598353786	-0.16225524766325658	0.14914131145458	-0.18199113242253945	0.1962139431862823	-0.1772889279419364	0.14002032159108843	-0.16220974574438424	0.2988683859140883	-0.4433766045180246	0.24179492151828227	-0.143836850698677	0.16316150522308767	-0.6505436083897201	0.999999999999992	-0.37243605249600226	0.16512881398918614	-0.18654287898417565	0.2447922157160717	-0.2580725661617191	0.20606333541133748	-0.14769187909194395	0.15111544356208603	-0.1587269350469848	0.1506908796249217	-0.17107039623880804	0.13583158129984876	-0.1546779643443738	0.11913628858390155	-0.11309341653219825	0.1934206397146525
0.11655181922659709	-0.11439930964703393	0.1613510125303828	-0.14217204739312378	0.2613097455119031	-0.12394155010418163	0.11873434625625875	-0.21389158587964877	0.19067672698853227	-0.2617616228306244	0.1927497820911045	-0.189484231687929	0.20705312427095662	-0.2378296422642294	0.2343850925787439	-0.17967736337997842	0.1902083270840808	-0.34498487097432634	0.28365933885342853	-0.4486359548853412	0.17471943644622384	-0.21187549759095428	0.26409261451478777	-0.37243605249600226	0.9999999999999911	-0.2136203999508519	0.2007551060846494	-0.26094903751083115	0.2565172958262934	-0.3823137791611464	0.1829638374764932	-0.19093572179415674	0.17582322380380533	-0.2120139346022975	0.22534019676804742	-0.1918490541747113	0.2012228396773153	-0.17285192836565155	0.1570575800268214	-0.3295478613233957
-0.0890566503959533	0.08119728821869847	-0.11305354812379001	0.09322200004151664	-0.18582163934135365	0.09320044683807663	-0.08750900325500968	0.13179905931519503	-0.11714945440381594	0.12387566650224106	-0.19758166650342573	0.1554557209188863	-0.14954332081836233	0.13397066754182674	-0.11475754954345169	0.23231607916239597	-0.2137123198765328	0.19500339836899028	-0.14584036604253536	0.1379259119630102	-0.4494741447236657	0.25252760837061256	-0.19620744800757636	0.16512881398918614	-0.2136203999508519	0.9999999999999926	-0.6027367166746259	0.257383865878879	-0.15618431552504772	0.14423010474327644	-0.3780111856867487	0.21047664353163206	-0.20009273759502558	0.14357429585388326	-0.16314992628683425	0.22079639104379606	-0.20220169329926088	0.13206954343220267	-0.11921515188559818	0.19076573222516469
0.07958082278387657	-0.07410134122247262	0.1023440965866542	-0.08557306421898749	0.16661311294510098	-0.0844218210902297	0.07920652665108749	-0.12425642377097267	0.10951453538022124	-0.11845128642264134	0.16450764363150003	-0.1446656222036047	0.1373672009593474	-0.12883779821801147	0.1092173906764171	-0.20133842068904975	0.20161563097248203	-0.20713613694932054	0.14617270090106071	-0.13689529215519647	0.24367303416229774	-0.3183751806384355	0.21322545927112582	-0.18654287898417565	0.2007551060846494	-0.6027367166746259	0.9999999999999913	-0.508379487100766	0.17513907535711462	-0.16772563244146407	0.22930778462585524	-0.2904972231935014	0.23395746066981496	-0.15126231510123644	0.15917653361228756	-0.19439978825573426	0.17726751670052368	-0.1308292802122031	0.11659458215583106	-0.1888105045846082
-0.08409747872315249	0.07802091051296907	-0.11460689573046685	0.09511445750408883	-0.19161487051290357	0.08600806842473768	-0.08246640407982116	0.13163756158774118	-0.12075521667942071	0.1327708358514209	-0.1585525985070368	0.13703145951627135	-0.1461210024389749	0.14073753319234694	-0.1254748685610539	0.15578815174395313	-0.17145029407428586	0.22612034432128394	-0.17711968813351858	0.15923854777474908	-0.1845333203753163	0.1958170785453446	-0.4179883218624411	0.2447922157160717	-0.26094903751083115	0.257383865878879	-0.508379487100766	0.9999999999999909	-0.323447826335203	0.22312415550771877	-0.22032905894918647	0.2725470749662565	-0.4254339377662467	0.1863564501072364	-0.20192607411450977	0.17822460775808494	-0.20049482712743055	0.14907513814403325	-0.14076069530733387	0.2067134468367195
0.06582280225354507	-0.062377297959120726	0.09128501697958753	-0.07713870793005205	0.1517869478855206	-0.06793334029968291	0.06523110703630874	-0.1092341363642797	0.09945049511548966	-0.11655349524283944	0.11554378426342041	-0.10559595862120807	0.11477797518683831	-0.11910626089616307	0.10824160316031842	-0.1101692879534734	0.1171512202239794	-0.182467610333357	0.1527637337291558	-0.15103925984231795	0.11666500783147302	-0.13289289269522297	0.20541313725618002	-0.2580725661617191	0.2565172958262934	-0.15618431552504772	0.17513907535711462	-0.323447826335203	0.9999999999999892	-0.7766537124122467	0.13819888193626653	-0.15981371815675618	0.16605127405364659	-0.2877916989623035	0.23693245414254327	-0.13317061338067376	0.15714699527381104	-0.14439701557730888	0.14732163887729613	-0.20740073173980123
-0.06854150397868075	0.06460525386953653	-0.09654441238913902	0.08100947406721164	-0.16273818896907538	0.06986692387796994	-0.06743210481548148	0.11208538009010419	-0.10343827501305923	0.12110209655532082	-0.11854938050944334	0.10673210970166347	-0.1184646506358471	0.1212901994128639	-0.11512313050346783	0.10842251130548443	-0.11680063280179495	0.176371264149341	-0.15479076574350056	0.15844224446645805	-0.11562574139057728	0.1278253597223256	-0.1978303827925641	0.20606333541133748	-0.3823137791611464	0.14423010474327644	-0.16772563244146407	0.22312415550771877	-0.7766537124122467	0.9999999999999885	-0.13789970477437516	0.14480892571857015	-0.15621800983780934	0.2241987876367658	-0.30289777347126196	0.12940383438199687	-0.16002906471284242	0.13680906569801932	-0.14353052716212536	0.20675634719994396
0.07212639686104436	-0.06742106543620087	0.09571386041074438	-0.07965241979938341	0.1588709344818644	-0.07523324057659293	0.07094592280751055	-0.11301962625755786	0.09920994839358589	-0.10892798142249331	0.1377354559116274	-0.12052712915691574	0.11940903862739022	-0.11400279427664854	0.09859697253672997	-0.15439306526057509	0.14282781264736116	-0.17119539097386866	0.1243604203220524	-0.12193812855892253	0.17861771070129318	-0.17512064106919153	0.15695819026949068	-0.14769187909194395	0.1829638374764932	-0.3780111856867487	0.22930778462585524	-0.22032905894918647	0.13819888193626653	-0.13789970477437516	0.9999999999999877	-0.33115761258002985	0.21619457310699286	-0.16778340972232217	0.17128399037495595	-0.7013732262597763	0.2721306430587277	-0.18064516083271806	0.1438226474194172	-0.24295230128393985
-0.06695202541010023	0.061998142058558386	-0.09124362720176536	0.07532227761338106	-0.15378668539646417	0.06824620957540424	-0.06523180518954146	0.10331553701882554	-0.09346155648847457	0.10253637941126148	-0.12506104083997785	0.10727261908452913	-0.11218982253536146	0.10670363947548529	-0.09494684947676692	0.12416345941203688	-0.13014317505698064	0.15983485963583147	-0.12302460615381565	0.1174454950532759	-0.1459994091711005	0.15034612392462157	-0.1834768872547977	0.15111544356208603	-0.19093572179415674	0.21047664353163206	-0.2904972231935014	0.2725470749662565	-0.15981371815675618	0.14480892571857015	-0.33115761258002985	0.9999999999999873	-0.7630982463847533	0.18234470314422657	-0.1902159603601579	0.21579322196722733	-0.25553582876156333	0.1660538038172688	-0.149271314880526	0.19571855731612392
0.06169167534902056	-0.05765710133321426	0.08366343098899233	-0.06967216654303907	0.13964954958570983	-0.06360274669058744	0.06060199229635262	-0.09759728339015465	0.08755492288241738	-0.0972230258555807	0.1143483449530733	-0.10091001769658946	0.10458530529181864	-0.10175202868908152	0.08950448347360639	-0.11696446408669113	0.12047141459039108	-0.16075196069161848	0.11920117069770053	-0.11355703133953911	0.13133318540629077	-0.1444208596767548	0.1820537459938768	-0.1587269350469848	0.17582322380380533	-0.20009273759502558	0.23395746066981496	-0.4254339377662467	0.16605127405364659	-0.15621800983780934	0.21619457310699286	-0.7630982463847533	0.9999999999999869	-0.22281354433706027	0.1837804074022495	-0.19309787474308887	0.2004846749258992	-0.18128036204143413	0.1502146879641697	-0.19629518969056226
-0.06547301897868454	0.061134158395795266	-0.09257587238023476	0.07643757667006387	-0.15881342636934345	0.06592960259641727	-0.06343796525263866	0.10289343895818016	-0.09338546769962337	0.10546613375301372	-0.11250689084117647	0.09920621231388975	-0.10743535825130984	0.1058455832053832	-0.09676605541252173	0.10395716911292854	-0.10855681863125788	0.15234403314340267	-0.12191555303200796	0.12212840235576874	-0.11194204826657904	0.12108319265066843	-0.15386586824494375	0.1506908796249217	-0.2120139346022975	0.14357429585388326	-0.15126231510123644	0.1863564501072364	-0.2877916989623035	0.2241987876367658	-0.16778340972232217	0.18234470314422657	-0.22281354433706027	0.9999999999999868	-0.6503308240972597	0.16507271403525253	-0.2659782159484162	0.26958308714853707	-0.4883520224233318	0.29475388784822165
0.07456428546300203	-0.07044575511962911	0.10417194276817407	-0.08690711339958983	0.17643165049861403	-0.07621164988681399	0.07288771151979594	-0.12047299581295542	0.10703578641103129	-0.12282100255580336	0.12681194907476787	-0.11493087208306954	0.12215444189344876	-0.12267014029414688	0.11016190083688931	-0.12021033265267075	0.12344542076147053	-0.18079017088576868	0.13768077264288572	-0.14179662503739865	0.1250709324903076	-0.14095792288620318	0.1638889025049045	-0.17107039623880804	0.22534019676804742	-0.16314992628683425	0.15917653361228756	-0.20192607411450977	0.23693245414254327	-0.30289777347126196	0.17128399037495595	-0.1902159603601579	0.1837804074022495	-0.6503308240972597	0.999999999999986	-0.18430454991738837	0.24140930223497473	-0.28427679089840363	0.2754962390437969	-0.49133794444545664
-0.07208850455474172	0.06639635440757712	-0.09910872015776498	0.08114059225827318	-0.16930736710077232	0.07271100712798716	-0.06954133030758938	0.1089763310719383	-0.09820972681146622	0.10723389271881847	-0.13294380272546202	0.11167252678922382	-0.11677077283216947	0.10975576203997672	-0.09803965374897256	0.12911926674639818	-0.1290411529011686	0.15527841694318636	-0.11948987106727765	0.11810953431756722	-0.15584659345713964	0.1456345879985482	-0.14849110493008222	0.13583158129984876	-0.1918490541747113	0.22079639104379606	-0.19439978825573426	0.17822460775808494	-0.13317061338067376	0.12940383438199687	-0.7013732262597763	0.21579322196722733	-0.19309787474308887	0.16507271403525253	-0.18430454991738837	0.9999999999999862	-0.5039664546007957	0.19736046213032257	-0.1648454730716885	0.22737454996246279
0.0755582891527008	-0.07107579738775474	0.10381509676614338	-0.08628126383264068	0.17516328512494747	-0.07761604854932203	0.07381157130351806	-0.1201118167531128	0.10573679318857357	-0.11837262990639079	0.13286772573735087	-0.11894044186203699	0.12280957627658888	-0.12027890911519919	0.10602878823706474	-0.1326860932089164	0.13115911999546104	-0.1773223491965253	0.1308210767861192	-0.13175210181236097	0.14131038046831224	-0.15405577327020792	0.15708315805289502	-0.1546779643443738	0.2012228396773153	-0.20220169329926088	0.17726751670052368	-0.20049482712743055	0.15714699527381104	-0.16002906471284242	0.2721306430587277	-0.25553582876156333	0.2004846749258992	-0.2659782159484162	0.24140930223497473	-0.5039664546007957	0.9999999999999867	-0.5073366802131072	0.26842633745029676	-0.41553921650895376
-0.059106680711333036	0.05489070937180948	-0.08405079748163828	0.06886419180183352	-0.1456772627631823	0.05906713042983045	-0.05684480091320925	0.09108497399260512	-0.08255078533376672	0.09203018319451059	-0.10134857219426842	0.08821366741396852	-0.09499752847180902	0.0920766378834315	-0.08385697820268462	0.09361256870204554	-0.09633629714407953	0.13000258254354058	-0.10197318631756556	0.10263287148457263	-0.1018403281003171	0.10768803301663293	-0.1247539023679896	0.11913628858390155	-0.17285192836565155	0.13206954343220267	-0.1308292802122031	0.14907513814403325	-0.14439701557730888	0.13680906569801932	-0.18064516083271806	0.1660538038172688	-0.18128036204143413	0.26958308714853707	-0.28427679089840363	0.19736046213032257	-0.5073366802131072	0.9999999999999871	-0.6898770879639928	0.27458048731760787
0.05355421382453766	-0.049997313466888835	0.07593540953057203	-0.0625094254585592	0.13096117522306672	-0.053845933463825185	0.05172700334060554	-0.08367518687426298	0.0753893874651842	-0.08471540594000715	0.09129006538873273	-0.08061599615263076	0.08641225482776206	-0.08473429042728464	0.0767964561311824	-0.08526345073159451	0.08744745907374804	-0.12134819851477895	0.09422144274819248	-0.09530351281154836	0.0909755672134438	-0.09879980580657677	0.11420968999285348	-0.11309341653219825	0.1570575800268214	-0.11921515188559818	0.11659458215583106	-0.14076069530733387	0.14732163887729613	-0.14353052716212536	0.1438226474194172	-0.149271314880526	0.1502146879641697	-0.4883520224233318	0.2754962390437969	-0.1648454730716885	0.26842633745029676	-0.6898770879639928	0.9999999999999872	-0.3780996288227453
-0.11474953334832752	0.10510627063284528	-0.17312593604218846	0.13870661768642684	-0.3139148136969567	0.10999721104900034	-0.10739038503253479	0.1688133355802377	-0.15716690793174512	0.1736973767624469	-0.18279931567385826	0.15550782139968167	-0.17510402709482953	0.16770581768790205	-0.15821328432582366	0.15326883939141972	-0.16081179393833578	0.2173720790844387	-0.178922280377536	0.18444859670498565	-0.1639593829060986	0.170985583557092	-0.19955215918967584	0.1934206397146525	-0.3295478613233957	0.19076573222516469	-0.1888105045846082	0.2067134468367195	-0.20740073173980123	0.20675634719994396	-0.24295230128393985	0.19571855731612392	-0.19629518969056226	0.29475388784822165	-0.49133794444545664	0.22737454996246279	-0.41553921650895376	0.27458048731760787	-0.3780996288227453	0.9999999999999873
