1.0	-0.6794747965730576	0.263114197817933	-0.17227124119653697	0.14827923866098994	-0.5282774308639646	0.22523171572637712	-0.26445861284728367	0.18389834226329638	-0.20008355315535636	0.22556862024596452	-0.1858121623205228	0.11685156163517631	-0.08752448440836266	0.0769985603431949	-0.07828941713491734	0.07939986339701484	-0.089079693218014	0.07406805704353346	-0.06966326782460724	0.045245586746192085	-0.05495263490770527	0.06923392906564844	-0.0678908984996672	0.0977278754536461	-0.037679036124625365	0.0453042871114985	-0.05348277643457249	0.055281264713963135	-0.043442781248960886	0.03413468362483001	-0.02613192679007201	0.0236765301719753	-0.02191239207211016	0.044935665295648276
-0.6794747965730576	1.0000000000000004	-0.5244631150080635	0.20049620757569359	-0.18299279033293422	0.26590349906879873	-0.22998084335208543	0.24119391909641874	-0.2119236790867531	0.18940026246314226	-0.22542828968788736	0.1643231691610983	-0.11379150773475859	0.08518021058185195	-0.07585971768024748	0.07393299575508351	-0.07855365549360147	0.08401198327564521	-0.07210825157359713	0.06724201654717699	-0.044181229021631414	0.05274433808338239	-0.06701544444309676	0.06501376547681444	-0.0954571416021297	0.03629993832704762	-0.04440061312919499	0.051028319185284124	-0.053497204732991924	0.041324846881642445	-0.033423264441655734	0.025407247910074687	-0.022850045246866298	0.02109378222784106	-0.04304769505819032
0.263114197817933	-0.5244631150080635	1.0000000000000004	-0.4905776952044787	0.2575791587303848	-0.24334686378543607	0.20154917364519015	-0.44128805381442515	0.28597917571474624	-0.31016532296677113	0.18951859760793957	-0.16946038876281558	0.13895866735963144	-0.11097121873366098	0.09706466171278967	-0.07122899634458191	0.0739924938511962	-0.10588806481277287	0.09116452056836367	-0.08623569442087445	0.045430812276980245	-0.05580541297361396	0.08288849685171633	-0.0820597078479671	0.12024528223795025	-0.03843373589653981	0.0467577017139332	-0.06387990567509295	0.06675369687655841	-0.052863932562972	0.03572438381118697	-0.027411329134612982	0.02816878310951229	-0.026025784585351167	0.05482373468839463
-0.17227124119653697	0.20049620757569359	-0.4905776952044787	1.0000000000000004	-0.6162290319911207	0.1473416651806002	-0.13924055658491688	0.2538960802115391	-0.47643757891574373	0.311054696014037	-0.14120572673872803	0.1180125859716834	-0.11195040548774067	0.1021515065795326	-0.08920831133782796	0.05323501474895428	-0.0562529396311038	0.085216137762634	-0.08025357319807641	0.07547686064875252	-0.03565057699967947	0.0436963486500033	-0.06977004244163938	0.06944298473935591	-0.10498395635677048	0.030200160137661896	-0.037186558204280025	0.053206376995279275	-0.05684839039358854	0.04484936232682629	-0.02859490210937404	0.021898986236262172	-0.02382063919438325	0.02194726823804341	-0.04684861735078536
0.14827923866098994	-0.18299279033293422	0.2575791587303848	-0.6162290319911207	1.0	-0.14849105571062454	0.13481995016965007	-0.24640836499645033	0.2949844697340513	-0.6444535464959168	0.14149355732339153	-0.1211441914942611	0.117488372917684	-0.10702862050462834	0.09895892855780906	-0.055821774824828044	0.058621149308955664	-0.09168315622148666	0.08637650159566915	-0.08477405381651465	0.03860804283078891	-0.047661615949981716	0.07655601778170693	-0.07663575358350912	0.12153111247512477	-0.033137166963618674	0.040740923558150025	-0.05890885627730499	0.06308883546366009	-0.05240479747306779	0.03157055692785091	-0.02422269062975805	0.027109387439826247	-0.024947779000049953	0.05527345188980838
-0.5282774308639646	0.26590349906879873	-0.24334686378543607	0.1473416651806002	-0.14849105571062454	1.0	-0.47769488783386915	0.25342838243583243	-0.2041509953742977	0.17710301741570805	-0.5042706120948544	0.28238237999196014	-0.15008930052759586	0.10216250187023934	-0.08998043994752307	0.12769942356298244	-0.1341133166067475	0.10852945044133834	-0.08848183769956963	0.08127731925540349	-0.06779845947292162	0.07920046927687613	-0.08458214558389886	0.0809158558052417	-0.11394561516654925	0.05400786057374123	-0.06553203046478812	0.06422027110249995	-0.06638675740199976	0.0497291793592754	-0.04844250639020065	0.036703189511560624	-0.028599525075061704	0.02646190469814296	-0.05146759497993474
0.22523171572637712	-0.22998084335208543	0.20154917364519015	-0.13924055658491688	0.13481995016965007	-0.47769488783386915	0.9999999999999992	-0.41947323161414746	0.20350826187175944	-0.18003444369517313	0.3115239345493787	-0.6303905854353807	0.18355074345405925	-0.11718938634955955	0.0972942923902371	-0.11463269445959898	0.11689859014530898	-0.1344059117480768	0.09920235300968148	-0.09010748719862842	0.06083643194762311	-0.07466544913403823	0.0934921414353981	-0.09088995911005328	0.1187294480453729	-0.0499283781813292	0.05949141486221048	-0.07191239113012723	0.07239942284357093	-0.052823394252383846	0.04426866434086153	-0.0340044021454946	0.02986411326504881	-0.02774875267771752	0.053712402007213125
-0.26445861284728367	0.24119391909641874	-0.44128805381442515	0.2538960802115391	-0.24640836499645033	0.25342838243583243	-0.41947323161414746	0.9999999999999989	-0.5176815416195345	0.2667035047014256	-0.2881097034184348	0.24883708764936105	-0.25981130444179396	0.16319852681323177	-0.1427800555857614	0.10243669070272107	-0.11067832810245473	0.16264101020545332	-0.13871184480962953	0.12391961541149571	-0.06575798645127726	0.07953194580324266	-0.12690731612917405	0.12021017943906087	-0.17206056733666156	0.05447241679884052	-0.06746995235586664	0.09361768292802537	-0.09938236954921524	0.0717087715189307	-0.0512529658416866	0.03907258062524892	-0.04026354510789542	0.037092769299029875	-0.07449769278827607
0.18389834226329638	-0.2119236790867531	0.28597917571474624	-0.47643757891574373	0.2949844697340513	-0.2041509953742977	0.20350826187175944	-0.5176815416195345	0.9999999999999978	-0.48669055093871416	0.19462691505628457	-0.1847467615980756	0.18774296227295006	-0.21101417827435626	0.15506843044000113	-0.07841724417423399	0.08191238023884213	-0.15015845569280958	0.14187542841952758	-0.1340199078493425	0.05426908882765737	-0.06775762911283352	0.11875789744821104	-0.12255781203378015	0.1734838932898343	-0.046598386762901685	0.05712160751257483	-0.09218645450763854	0.0970749441948965	-0.07666220496406015	0.04419359359189467	-0.03409846047165081	0.03988748013944779	-0.03690771615690614	0.07854488269715934
-0.20008355315535636	0.18940026246314226	-0.31016532296677113	0.311054696014037	-0.6444535464959168	0.17710301741570805	-0.18003444369517313	0.2667035047014256	-0.48669055093871416	0.9999999999999979	-0.20947064511864247	0.1574628407225199	-0.17126357394822433	0.15453880446972731	-0.16025879816825575	0.07994978728000955	-0.08628413754352333	0.1287836645615703	-0.1301251562436331	0.127475738269193	-0.057236924066023154	0.06943931386482381	-0.1144196180341955	0.11180705957239934	-0.19548168684488268	0.048588308190441694	-0.06103803258006428	0.08561139743449048	-0.09504254312660759	0.07780961756339878	-0.04745187587902014	0.03606907139132076	-0.041069527652997005	0.03750230986774837	-0.0846372316311158
0.22556862024596452	-0.22542828968788736	0.18951859760793957	-0.14120572673872803	0.14149355732339153	-0.5042706120948544	0.3115239345493787	-0.2881097034184348	0.19462691505628457	-0.20947064511864247	0.9999999999999977	-0.5696124145516531	0.19220338753446414	-0.1330208648701607	0.11168004597669211	-0.2783004421758048	0.20361289637153399	-0.15232181176919374	0.11376446892651434	-0.1055463613538125	0.10127275393725997	-0.12262666149979463	0.11023255909873272	-0.10793684015079019	0.14100969914917924	-0.08242826647046744	0.0927887571854159	-0.08654987519319464	0.08590727857788032	-0.06538084306619087	0.06783248594773125	-0.05254450250155403	0.03744822043837439	-0.03493241108377852	0.06627442542947098
-0.1858121623205228	0.1643231691610983	-0.16946038876281558	0.1180125859716834	-0.1211441914942611	0.28238237999196014	-0.6303905854353807	0.24883708764936105	-0.1847467615980756	0.1574628407225199	-0.5696124145516531	0.9999999999999961	-0.2735351936869014	0.12847711075175577	-0.10692243067516337	0.15904104131363472	-0.18193625485502585	0.1565158011331468	-0.11270510965045527	0.09841715299103146	-0.07908942418837231	0.0943032262117096	-0.10847259095818557	0.10140136473541993	-0.12858050070518554	0.0622364649460565	-0.07502603794942243	0.08064460165664551	-0.08139241964587746	0.05608626299906849	-0.054792494736955834	0.04177541169260811	-0.03322886096183097	0.030864533169465774	-0.05689553958919914
0.11685156163517631	-0.11379150773475859	0.13895866735963144	-0.11195040548774067	0.117488372917684	-0.15008930052759586	0.18355074345405925	-0.25981130444179396	0.18774296227295006	-0.17126357394822433	0.19220338753446414	-0.2735351936869014	0.999999999999995	-0.36808582893308356	0.2196562824393288	-0.08580122432893827	0.08994935523220006	-0.6651246274449175	0.27294417722067965	-0.22424564662307986	0.06361712809314243	-0.08412896171063736	0.2424936509593405	-0.242186014342104	0.2172508624633355	-0.05412173006451644	0.06713566260973008	-0.18908283317204283	0.17036423765376074	-0.10012254313660297	0.051468101261065574	-0.04044567055954736	0.05785753108417804	-0.05469441714523742	0.09427147333395766
-0.08752448440836266	0.08518021058185195	-0.11097121873366098	0.1021515065795326	-0.10702862050462834	0.10216250187023934	-0.11718938634955955	0.16319852681323177	-0.21101417827435626	0.15453880446972731	-0.1330208648701607	0.12847711075175577	-0.36808582893308356	0.9999999999999954	-0.605442228575571	0.05953337127191619	-0.06374846011337448	0.25838472928083395	-0.5056812752331262	0.30481578996097874	-0.05009328436351595	0.06502375504337066	-0.21422583791443	0.23018017276919245	-0.27323060690333206	0.04255200126675547	-0.05436617181328313	0.149666837720566	-0.17599305896658607	0.09772744698594024	-0.04241589862989234	0.033267816423465775	-0.05648536546377615	0.052321956618350485	-0.09296102852730695
0.0769985603431949	-0.07585971768024748	0.09706466171278967	-0.08920831133782796	0.09895892855780906	-0.08998043994752307	0.0972942923902371	-0.1427800555857614	0.15506843044000113	-0.16025879816825575	0.11168004597669211	-0.10692243067516337	0.2196562824393288	-0.605442228575571	0.9999999999999959	-0.05211040025409112	0.05502253249374895	-0.21175232275312594	0.2906155672366295	-0.6088613181462167	0.04432936026778703	-0.058131848356581285	0.16610518643962732	-0.2042136158296623	0.2724251508947265	-0.03865010241926995	0.048573703046059596	-0.12991655505357222	0.13992963637170303	-0.11223936213813751	0.03836099218317991	-0.030248520610696994	0.05054088362580113	-0.047486109438591315	0.09890472813412506
-0.07828941713491734	0.07393299575508351	-0.07122899634458191	0.05323501474895428	-0.055821774824828044	0.12769942356298244	-0.11463269445959898	0.10243669070272107	-0.07841724417423399	0.07994978728000955	-0.2783004421758048	0.15904104131363472	-0.08580122432893827	0.05953337127191619	-0.05211040025409112	0.9999999999999937	-0.858747698287997	0.07030078002134232	-0.05500829677019926	0.04928122780957645	-0.24672970913683273	0.2266613232904753	-0.06486757348198857	0.05688558461432427	-0.06822243379947608	0.14792456279080266	-0.16953906940619967	0.048661709598025245	-0.04710274971794878	0.032959994347842414	-0.11320868714290275	0.08475171508802254	-0.026567185657215785	0.024893281399789066	-0.03371484101827039
0.07939986339701484	-0.07855365549360147	0.0739924938511962	-0.0562529396311038	0.058621149308955664	-0.1341133166067475	0.11689859014530898	-0.11067832810245473	0.08191238023884213	-0.08628413754352333	0.20361289637153399	-0.18193625485502585	0.08994935523220006	-0.06374846011337448	0.05502253249374895	-0.858747698287997	0.9999999999999939	-0.07697289479573324	0.05855859121308618	-0.052539560501666444	0.1985706279991561	-0.31679077101794634	0.06986693307468497	-0.06148047072639378	0.07151101260092006	-0.14846705771371854	0.15753739270105238	-0.05274336244791019	0.04996347421200988	-0.03479152845156547	0.10327692460831332	-0.08249329826909582	0.027051831816184247	-0.02547077922851157	0.03535055665380446
-0.089079693218014	0.08401198327564521	-0.10588806481277287	0.085216137762634	-0.09168315622148666	0.10852945044133834	-0.1344059117480768	0.16264101020545332	-0.15015845569280958	0.1287836645615703	-0.15232181176919374	0.1565158011331468	-0.6651246274449175	0.25838472928083395	-0.21175232275312594	0.07030078002134232	-0.07697289479573324	0.9999999999999957	-0.4217067470644205	0.20693500688115654	-0.05912644285329758	0.0786763744007377	-0.416078488215823	0.2586778336801859	-0.21700388073333374	0.04860621802744912	-0.06285668586143829	0.20231462164172026	-0.20255407809852716	0.08698334588113535	-0.0475619731927701	0.03729479445228473	-0.05995609249387633	0.05580039748187926	-0.08398448076869275
0.07406805704353346	-0.07210825157359713	0.09116452056836367	-0.08025357319807641	0.08637650159566915	-0.08848183769956963	0.09920235300968148	-0.13871184480962953	0.14187542841952758	-0.1301251562436331	0.11376446892651434	-0.11270510965045527	0.27294417722067965	-0.5056812752331262	0.2906155672366295	-0.05500829677019926	0.05855859121308618	-0.4217067470644205	0.9999999999999938	-0.4437133827778363	0.04890041565155616	-0.06550803473156835	0.25192502568961034	-0.4518671357697859	0.25192909970128124	-0.04169688100185151	0.05332174016211703	-0.18801898069621198	0.20598125643846713	-0.09983372390164744	0.04157415598243924	-0.03296084598739189	0.060194898184156104	-0.057154683590250145	0.09116297225760464
-0.06966326782460724	0.06724201654717699	-0.08623569442087445	0.07547686064875252	-0.08477405381651465	0.08127731925540349	-0.09010748719862842	0.12391961541149571	-0.1340199078493425	0.127475738269193	-0.1055463613538125	0.09841715299103146	-0.22424564662307986	0.30481578996097874	-0.6088613181462167	0.04928122780957645	-0.052539560501666444	0.20693500688115654	-0.4437133827778363	0.9999999999999948	-0.04323131489045169	0.05650482671037415	-0.18275162556269597	0.21377989255544122	-0.5050694441960949	0.037290111815074675	-0.047534028212715976	0.13299425391522512	-0.15567029032233975	0.11686189309857271	-0.03755885399615382	0.02962567536894612	-0.05339170586646608	0.04968905364343976	-0.10567176885652424
0.045245586746192085	-0.044181229021631414	0.045430812276980245	-0.03565057699967947	0.03860804283078891	-0.06779845947292162	0.06083643194762311	-0.06575798645127726	0.05426908882765737	-0.057236924066023154	0.10127275393725997	-0.07908942418837231	0.06361712809314243	-0.05009328436351595	0.04432936026778703	-0.24672970913683273	0.1985706279991561	-0.05912644285329758	0.04890041565155616	-0.04323131489045169	0.9999999999999939	-0.5885957744260425	0.07366207229707758	-0.06009169133771313	0.060182129908864394	-0.6665041746931624	0.29229295021375656	-0.05561760139358168	0.049657459108070824	-0.03254309719596184	0.20343926691323114	-0.17323551511441634	0.0359689717402432	-0.034427737712864954	0.033016457645781816
-0.05495263490770527	0.05274433808338239	-0.05580541297361396	0.0436963486500033	-0.047661615949981716	0.07920046927687613	-0.07466544913403823	0.07953194580324266	-0.06775762911283352	0.06943931386482381	-0.12262666149979463	0.0943032262117096	-0.08412896171063736	0.06502375504337066	-0.058131848356581285	0.2266613232904753	-0.31679077101794634	0.0786763744007377	-0.06550803473156835	0.05650482671037415	-0.5885957744260425	0.999999999999996	-0.11532546260766385	0.08159318075087373	-0.07910072546113145	0.31412570388499134	-0.5528970263590469	0.07641497577689584	-0.06867253872715676	0.04174096920100851	-0.2844064571554741	0.21346093821432172	-0.04686413172383877	0.043993285859557356	-0.04263451060277758
0.06923392906564844	-0.06701544444309676	0.08288849685171633	-0.06977004244163938	0.07655601778170693	-0.08458214558389886	0.0934921414353981	-0.12690731612917405	0.11875789744821104	-0.1144196180341955	0.11023255909873272	-0.10847259095818557	0.2424936509593405	-0.21422583791443	0.16610518643962732	-0.06486757348198857	0.06986693307468497	-0.416078488215823	0.25192502568961034	-0.18275162556269597	0.07366207229707758	-0.11532546260766385	0.9999999999999933	-0.5289582068994405	0.1953028006824588	-0.05935207430432362	0.07900714872013181	-0.5627390302253109	0.31023117240285214	-0.0949259103505999	0.05781123762647409	-0.0461908828072582	0.08011951971732609	-0.07744921116348123	0.08898226334030587
-0.0678908984996672	0.06501376547681444	-0.0820597078479671	0.06944298473935591	-0.07663575358350912	0.0809158558052417	-0.09088995911005328	0.12021017943906087	-0.12255781203378015	0.11180705957239934	-0.10793684015079019	0.10140136473541993	-0.242186014342104	0.23018017276919245	-0.2042136158296623	0.05688558461432427	-0.06148047072639378	0.2586778336801859	-0.4518671357697859	0.21377989255544122	-0.06009169133771313	0.08159318075087373	-0.5289582068994405	0.9999999999999946	-0.263988271883922	0.04965916354241125	-0.06640851975015491	0.3007619148156402	-0.5192147396426934	0.10298229473381235	-0.051650208323701916	0.04134850725287329	-0.09795219371581221	0.0913598130771792	-0.09872988635337347
0.0977278754536461	-0.0954571416021297	0.12024528223795025	-0.10498395635677048	0.12153111247512477	-0.11394561516654925	0.1187294480453729	-0.17206056733666156	0.1734838932898343	-0.19548168684488268	0.14100969914917924	-0.12858050070518554	0.2172508624633355	-0.27323060690333206	0.2724251508947265	-0.06822243379947608	0.07151101260092006	-0.21700388073333374	0.25192909970128124	-0.5050694441960949	0.060182129908864394	-0.07910072546113145	0.1953028006824588	-0.263988271883922	0.9999999999999943	-0.05404854014873963	0.06726599539871103	-0.16395561713386397	0.17384905883700796	-0.2857162648762763	0.0543998758373593	-0.04320688477649306	0.07717093775302059	-0.07295649151378408	0.20892424399506151
-0.037679036124625365	0.03629993832704762	-0.03843373589653981	0.030200160137661896	-0.033137166963618674	0.05400786057374123	-0.0499283781813292	0.05447241679884052	-0.046598386762901685	0.048588308190441694	-0.08242826647046744	0.0622364649460565	-0.05412173006451644	0.04255200126675547	-0.03865010241926995	0.14792456279080266	-0.14846705771371854	0.04860621802744912	-0.04169688100185151	0.037290111815074675	-0.6665041746931624	0.31412570388499134	-0.05935207430432362	0.04965916354241125	-0.05404854014873963	0.9999999999999938	-0.5140907438843678	0.04613327093193979	-0.043576737198357036	0.03094142682775789	-0.38113933600002264	0.24263470342250298	-0.04180912711930314	0.03953951486697421	-0.03182405946706791
0.0453042871114985	-0.04440061312919499	0.0467577017139332	-0.037186558204280025	0.040740923558150025	-0.06553203046478812	0.05949141486221048	-0.06746995235586664	0.05712160751257483	-0.06103803258006428	0.0927887571854159	-0.07502603794942243	0.06713566260973008	-0.05436617181328313	0.048573703046059596	-0.16953906940619967	0.15753739270105238	-0.06285668586143829	0.05332174016211703	-0.047534028212715976	0.29229295021375656	-0.5528970263590469	0.07900714872013181	-0.06640851975015491	0.06726599539871103	-0.5140907438843678	0.999999999999994	-0.06300256592728662	0.05713063482523866	-0.039960868546341226	0.3028322792320409	-0.48552305439399873	0.05847653956131038	-0.05691143481064169	0.040424227501424236
-0.05348277643457249	0.051028319185284124	-0.06387990567509295	0.053206376995279275	-0.05890885627730499	0.06422027110249995	-0.07191239113012723	0.09361768292802537	-0.09218645450763854	0.08561139743449048	-0.08654987519319464	0.08064460165664551	-0.18908283317204283	0.149666837720566	-0.12991655505357222	0.048661709598025245	-0.05274336244791019	0.20231462164172026	-0.18801898069621198	0.13299425391522512	-0.05561760139358168	0.07641497577689584	-0.5627390302253109	0.3007619148156402	-0.16395561713386397	0.04613327093193979	-0.06300256592728662	0.9999999999999936	-0.7033345105963429	0.08720757508946149	-0.049504950227580904	0.040516497525022295	-0.120263397274962	0.10971279277156668	-0.08626078857534042
0.055281264713963135	-0.053497204732991924	0.06675369687655841	-0.05684839039358854	0.06308883546366009	-0.06638675740199976	0.07239942284357093	-0.09938236954921524	0.0970749441948965	-0.09504254312660759	0.08590727857788032	-0.08139241964587746	0.17036423765376074	-0.17599305896658607	0.13992963637170303	-0.04710274971794878	0.04996347421200988	-0.20255407809852716	0.20598125643846713	-0.15567029032233975	0.049657459108070824	-0.06867253872715676	0.31023117240285214	-0.5192147396426934	0.17384905883700796	-0.043576737198357036	0.05713063482523866	-0.7033345105963429	0.9999999999999938	-0.10767756938050276	0.0474481291816166	-0.039979773401857814	0.13525455098750283	-0.15740462735326793	0.0986274553831738
-0.043442781248960886	0.041324846881642445	-0.052863932562972	0.04484936232682629	-0.05240479747306779	0.0497291793592754	-0.052823394252383846	0.0717087715189307	-0.07666220496406015	0.07780961756339878	-0.06538084306619087	0.05608626299906849	-0.10012254313660297	0.09772744698594024	-0.11223936213813751	0.032959994347842414	-0.03479152845156547	0.08698334588113535	-0.09983372390164744	0.11686189309857271	-0.03254309719596184	0.04174096920100851	-0.0949259103505999	0.10298229473381235	-0.2857162648762763	0.03094142682775789	-0.039960868546341226	0.08720757508946149	-0.10767756938050276	0.9999999999999932	-0.03764037152767569	0.03202015758297074	-0.12897872092434018	0.11761240919760571	-0.8969666953109473
0.03413468362483001	-0.033423264441655734	0.03572438381118697	-0.02859490210937404	0.03157055692785091	-0.04844250639020065	0.04426866434086153	-0.0512529658416866	0.04419359359189467	-0.04745187587902014	0.06783248594773125	-0.054792494736955834	0.051468101261065574	-0.04241589862989234	0.03836099218317991	-0.11320868714290275	0.10327692460831332	-0.0475619731927701	0.04157415598243924	-0.03755885399615382	0.20343926691323114	-0.2844064571554741	0.05781123762647409	-0.051650208323701916	0.0543998758373593	-0.38113933600002264	0.3028322792320409	-0.049504950227580904	0.0474481291816166	-0.03764037152767569	0.9999999999999933	-0.8034013145248826	0.0752513025508796	-0.07518040854832259	0.037968702710724486
-0.02613192679007201	0.025407247910074687	-0.027411329134612982	0.021898986236262172	-0.02422269062975805	0.036703189511560624	-0.0340044021454946	0.03907258062524892	-0.03409846047165081	0.03606907139132076	-0.05254450250155403	0.04177541169260811	-0.04044567055954736	0.033267816423465775	-0.030248520610696994	0.08475171508802254	-0.08249329826909582	0.03729479445228473	-0.03296084598739189	0.02962567536894612	-0.17323551511441634	0.21346093821432172	-0.0461908828072582	0.04134850725287329	-0.04320688477649306	0.24263470342250298	-0.48552305439399873	0.040516497525022295	-0.039979773401857814	0.03202015758297074	-0.8034013145248826	0.9999999999999931	-0.08659084429350727	0.07554911793884589	-0.032731643185314324
0.0236765301719753	-0.022850045246866298	0.02816878310951229	-0.02382063919438325	0.027109387439826247	-0.028599525075061704	0.02986411326504881	-0.04026354510789542	0.03988748013944779	-0.041069527652997005	0.03744822043837439	-0.03322886096183097	0.05785753108417804	-0.05648536546377615	0.05054088362580113	-0.026567185657215785	0.027051831816184247	-0.05995609249387633	0.060194898184156104	-0.05339170586646608	0.0359689717402432	-0.04686413172383877	0.08011951971732609	-0.09795219371581221	0.07717093775302059	-0.04180912711930314	0.05847653956131038	-0.120263397274962	0.13525455098750283	-0.12897872092434018	0.0752513025508796	-0.08659084429350727	0.9999999999999938	-0.9543908390049198	0.1259638261613514
-0.02191239207211016	0.02109378222784106	-0.026025784585351167	0.02194726823804341	-0.024947779000049953	0.02646190469814296	-0.02774875267771752	0.037092769299029875	-0.03690771615690614	0.03750230986774837	-0.03493241108377852	0.030864533169465774	-0.05469441714523742	0.052321956618350485	-0.047486109438591315	0.024893281399789066	-0.02547077922851157	0.05580039748187926	-0.057154683590250145	0.04968905364343976	-0.034427737712864954	0.043993285859557356	-0.07744921116348123	0.0913598130771792	-0.07295649151378408	0.03953951486697421	-0.05691143481064169	0.10971279277156668	-0.15740462735326793	0.11761240919760571	-0.07518040854832259	0.07554911793884589	-0.9543908390049198	0.9999999999999937	-0.1442603937832254
0.044935665295648276	-0.04304769505819032	0.05482373468839463	-0.04684861735078536	0.05527345188980838	-0.05146759497993474	0.053712402007213125	-0.07449769278827607	0.07854488269715934	-0.0846372316311158	0.06627442542947098	-0.05689553958919914	0.09427147333395766	-0.09296102852730695	0.09890472813412506	-0.03371484101827039	0.03535055665380446	-0.08398448076869275	0.09116297225760464	-0.10567176885652424	0.033016457645781816	-0.04263451060277758	0.08898226334030587	-0.09872988635337347	0.20892424399506151	-0.03182405946706791	0.040424227501424236	-0.08626078857534042	0.0986274553831738	-0.8969666953109473	0.037968702710724486	-0.032731643185314324	0.1259638261613514	-0.1442603937832254	0.9999999999999939
