1.0	-0.2145045195572283	0.12995560547021148	-0.048299118640812266	0.0408815909221176	-0.9265830943541625	0.14468644703655048	-0.11193553693700603	0.05354484527575436	-0.040956448210971566	0.17474873750791978	-0.1250936898709228	0.042450357731390435	-0.04687602413872858	0.03347719062826224	-0.08778572116854055	0.07897207353271711	-0.03955770662173284	0.037396869824713144	-0.034546091204376045	0.0686711765843391	-0.07333918200261258	0.050640945846006744	-0.039887901368775326	0.04964855030399649	-0.07741892297053661	0.06654017665903877	-0.047117436519033114	0.045009664121835206	-0.04693745239161503	0.040727401661720807	-0.0452859119282374	0.041581516790793	-0.039406999166837015	0.040127815773087216	-0.03729305342658192	0.03535286747869655	-0.040346149503645234	0.027621140823950494	-0.022240196991776675	0.04320825733391405	-0.03257122151602833	0.03643569257613549	-0.029107974625877157	0.029461651165684374
-0.2145045195572283	0.9999999999999998	-0.5678366023261971	0.12674523878187674	-0.09590999169963463	0.16598736323484414	-0.6849511797141391	0.3143172012199072	-0.13693819100287816	0.09032846347268274	-0.14959286988406925	0.1568950973982595	-0.06756350581080629	0.07262074074083885	-0.05890061356482107	0.07383323768605533	-0.10795090081723661	0.059180716229126885	-0.057436129866508576	0.059803592735816626	-0.07040165648878577	0.07685193366322925	-0.05987259316106383	0.04874848562327719	-0.06419115559125309	0.07190933336923623	-0.07444925142546195	0.05267900421514404	-0.05420145495743706	0.05793869738400266	-0.040895427547076466	0.04419688532760025	-0.046205476248542286	0.043354083025801626	-0.044624755209258786	0.03767590019325301	-0.03671196769154592	0.042916440088390864	-0.03013577796752576	0.0244273320199896	-0.045623418638488976	0.033805169846804935	-0.0390409640918375	0.031357837299940496	-0.03238154681331715
0.12995560547021148	-0.5678366023261971	1.0	-0.2562947538600643	0.14805198248253895	-0.13631642025954635	0.3187787065578055	-0.651836709376921	0.21143925719877055	-0.15116163681364167	0.1318443061064375	-0.14458954324495962	0.0867424210662227	-0.09939542219842169	0.08508795062024738	-0.07027336244489814	0.09455666953733406	-0.0790054098889414	0.07620031547030705	-0.0891238572258207	0.06643342498104722	-0.07488365644546122	0.06632652296580996	-0.057352533493166706	0.07801858911954068	-0.07391936054716412	0.07304074790326223	-0.058925590531026154	0.06268056058761788	-0.07162693832340651	0.04293576486614362	-0.046901947435641314	0.05110313934098569	-0.04908159716824299	0.050116367379829704	-0.04055381643024691	0.0396574121832941	-0.04746099497257388	0.033651325806511666	-0.02739105557222177	0.04926563693128305	-0.03682817917847502	0.04275040330598651	-0.035032194595656846	0.03616339401866301
-0.048299118640812266	0.12674523878187674	-0.2562947538600643	0.9999999999999991	-0.5426248639729527	0.04736216551341101	-0.12989278739600643	0.20173454436499824	-0.7076117696901888	0.29511435583156	-0.07793340460577639	0.0782047386690892	-0.08959293637150031	0.11273210907132272	-0.132595076553807	0.04176778668931764	-0.056463197169325526	0.08257650409698558	-0.09034535551233885	0.12681413729847213	-0.04133361489560453	0.04693606747951612	-0.05531048074594292	0.05304951378781157	-0.07831265893446245	0.047920965708810805	-0.048055884023003675	0.04793903931994759	-0.055784596266095	0.06948625313296872	-0.029796786782407183	0.03264577861426913	-0.040417583268050505	0.039901731145632724	-0.04018135410810691	0.02925365607469749	-0.02916166225652813	0.03668215512500346	-0.026596787697306556	0.02180004901010501	-0.03624396266548589	0.027409105931025697	-0.03249111549526092	0.02754437059707677	-0.02854877073362657
0.0408815909221176	-0.09590999169963463	0.14805198248253895	-0.5426248639729527	0.9999999999999997	-0.04051030805148147	0.09526751919864385	-0.15360795949218217	0.3115405982799514	-0.6985618027787809	0.07750283937515332	-0.07747663289271664	0.09208522771155281	-0.12510525911331227	0.20305444433210088	-0.043290117895794504	0.05649727237748001	-0.10619292777812521	0.11021478247254583	-0.21731742280267288	0.043118257061340586	-0.05008153133800615	0.06648765759203694	-0.0673064253352683	0.10326496686252608	-0.05310948833433547	0.05200870067864841	-0.0588231316198911	0.06943652876209397	-0.09577921022831404	0.03391778728245212	-0.03750479393203425	0.0485448688063189	-0.049187845826826636	0.04878285667995516	-0.03409434545377592	0.034146303962903364	-0.044180088935073046	0.03220030197898094	-0.026479060119425392	0.04224022256963923	-0.032376417015525544	0.038516868269807165	-0.03342495067527254	0.034426889544553016
-0.9265830943541625	0.16598736323484414	-0.13631642025954635	0.04736216551341101	-0.04051030805148147	0.9999999999999999	-0.1519841632381726	0.10615411905387871	-0.053256108191789574	0.03976652082074761	-0.22779636035924214	0.1170066620086534	-0.040625964598815234	0.04442712630690172	-0.0323319560378778	0.08638869593588068	-0.07765806926928767	0.037533833501702724	-0.035750028636471066	0.033138241569936264	-0.06958348373722131	0.06990665251993404	-0.04830569349795023	0.037865311425395884	-0.04731788091195835	0.07220747706518153	-0.0640816794012253	0.04449243502528413	-0.042759637485349625	0.04430310363860074	-0.03828713662562921	0.04226749105082751	-0.03931278831734512	0.037051341553977046	-0.0378491979805905	0.034914162734091196	-0.033217795906836725	0.037891098515388494	-0.025999924186053562	0.020941913621666697	-0.04071263339418765	0.030554369882418275	-0.0343201215886713	0.027343121505377828	-0.027763684458808537
0.14468644703655048	-0.6849511797141391	0.3187787065578055	-0.12989278739600643	0.09526751919864385	-0.1519841632381726	1.0000000000000007	-0.5529560416650351	0.14242754514834666	-0.10030482337238618	0.1546949592348702	-0.23781577263755588	0.08048939306564933	-0.08575980142361338	0.06500469190911602	-0.08266285580104685	0.12756319867521212	-0.06975079785892097	0.06556917404323073	-0.06740127581667119	0.07841138892028524	-0.09017502620383211	0.06720195951692044	-0.054875451804578125	0.07131823757374375	-0.08145065258300306	0.08409012390374408	-0.059232089666312486	0.060550057251120705	-0.0649918250673427	0.04584734018436645	-0.04965435579271983	0.05154638802355291	-0.0484049175578079	0.04955593494373493	-0.04213405277693899	0.04099425429859033	-0.04797890999229582	0.03355801723372167	-0.027166244047352586	0.05075349042295785	-0.037741405903907246	0.04347214078076874	-0.03495617629042042	0.035960734405453346
-0.11193553693700603	0.3143172012199072	-0.651836709376921	0.20173454436499824	-0.15360795949218217	0.10615411905387871	-0.5529560416650351	1.0000000000000004	-0.29043012279944463	0.14737555211992287	-0.15378694815324376	0.16084922488160625	-0.10473126682560036	0.1078719382001215	-0.09020858659195048	0.0775803191821658	-0.1149884479811629	0.0853939496311063	-0.08385667252191259	0.08974188309589223	-0.07631012976510942	0.08370590113670692	-0.07351944098571514	0.06224443554275475	-0.08493053875660124	0.07951817136380025	-0.08348253517820577	0.0638946163210463	-0.06853344209402856	0.07519011924474792	-0.046807247414712705	0.05048997129314503	-0.05588779503550995	0.05287015645386068	-0.05452574272579497	0.04382354002266473	-0.04310895334514754	0.05126426653932609	-0.03648259270937711	0.02969996202437521	-0.05386441230367109	0.03986488637949004	-0.046590117295465736	0.03781830557743106	-0.03933516426518256
0.05354484527575436	-0.13693819100287816	0.21143925719877055	-0.7076117696901888	0.3115405982799514	-0.053256108191789574	0.14242754514834666	-0.29043012279944463	0.9999999999999994	-0.4580115336389717	0.09131264434524236	-0.09437195422941257	0.11559347219760396	-0.16822286431677863	0.16675738367461856	-0.05000258059877941	0.06721405145177323	-0.1109802580319956	0.11765556049827078	-0.17674077788499934	0.049470433421340436	-0.05687558000617035	0.06910567893054151	-0.06774955017210996	0.09891448134955678	-0.0585799545405404	0.058178551631512664	-0.060363911782827254	0.07037381366287604	-0.09060964301652336	0.03660312155854385	-0.040257953340145654	0.050385503101796666	-0.05020838950228254	0.05016693472520095	-0.03618399866956206	0.03609235229754223	-0.04583887524884803	0.03323055487149595	-0.027247819083757986	0.044731953543868684	-0.03402250991241222	0.0403237846494878	-0.03446364330123075	0.03557781442891695
-0.040956448210971566	0.09032846347268274	-0.15116163681364167	0.29511435583156	-0.6985618027787809	0.03976652082074761	-0.10030482337238618	0.14737555211992287	-0.4580115336389717	1.000000000000001	-0.08090496482303068	0.07847746420806181	-0.10016275298925502	0.12767104869445056	-0.35841582308121334	0.044375368190570044	-0.058643393022558936	0.10728169080022167	-0.1225909961478276	0.22396090088251372	-0.04455438922796547	0.051330087172619665	-0.06975648191972895	0.07025032591158761	-0.1135712111847446	0.053803342931354935	-0.05356952592279533	0.06007588878933909	-0.07259545458012226	0.0955226043031175	-0.03451298920192055	0.03798846179100281	-0.049860014529608164	0.04999952478450773	-0.049955413449899275	0.03459233388947059	-0.034770856375104395	0.04486921356684245	-0.03284534206545341	0.027015495605140084	-0.043106727038311046	0.032897939572014645	-0.03932586760226642	0.0339600901486771	-0.03520824008200936
0.17474873750791978	-0.14959286988406925	0.1318443061064375	-0.07793340460577639	0.07750283937515332	-0.22779636035924214	0.1546949592348702	-0.15378694815324376	0.09131264434524236	-0.08090496482303068	0.9999999999999992	-0.46617875166120065	0.12166361936742871	-0.13410549909713623	0.08513105638496302	-0.46203867140712584	0.27153336213558954	-0.11599536202590785	0.10718261147340655	-0.08855614542198868	0.2738105048314589	-0.28204629144574683	0.17113926913389993	-0.13187804756937704	0.15676455941095177	-0.2982435774754632	0.23787479078683751	-0.16303139135859832	0.14858935028578993	-0.15193835437108288	0.14892919189661516	-0.16708199073573202	0.14284004981077922	-0.13529950047008568	0.13629804616267893	-0.13446837269586062	0.12574468119723547	-0.14150337671384147	0.09508477116651755	-0.07611431402348853	0.151708725078595	-0.11554498989389614	0.126950604402847	-0.10085164736182713	0.1006545677561074
-0.1250936898709228	0.1568950973982595	-0.14458954324495962	0.0782047386690892	-0.07747663289271664	0.1170066620086534	-0.23781577263755588	0.16084922488160625	-0.09437195422941257	0.07847746420806181	-0.46617875166120065	1.0000000000000007	-0.17705313970014458	0.14496165151257284	-0.0831535319717867	0.23104194060776817	-0.6407981714560556	0.12535006790953807	-0.11368666113180938	0.08431022871353723	-0.24070119717320926	0.27385525221593304	-0.1622108391626632	0.11744910459932786	-0.13931398959986085	0.20508061605158096	-0.25569667850852185	0.136248999333097	-0.1315329368201122	0.12406929515798264	-0.1134460522574009	0.11901848904844034	-0.11878756298797964	0.10586803110668531	-0.1091376035667963	0.09884931163234527	-0.09638548884441381	0.10897687663479037	-0.07477575792531886	0.059963647377288175	-0.11919056316557244	0.08714803438596164	-0.10008390219674573	0.07762620320023617	-0.07978078041166642
0.042450357731390435	-0.06756350581080629	0.0867424210662227	-0.08959293637150031	0.09208522771155281	-0.040625964598815234	0.08048939306564933	-0.10473126682560036	0.11559347219760396	-0.10016275298925502	0.12166361936742871	-0.17705313970014458	0.9999999999999984	-0.717414736753437	0.12791210451143795	-0.06886351186432414	0.10923830645331371	-0.5617297665925628	0.3052158722792434	-0.13676515417140744	0.06958512116340973	-0.08308014220955336	0.10390166329965496	-0.10568224228456317	0.11696945444781319	-0.07747442743027629	0.08157261363867285	-0.08292482347187961	0.10076508074516465	-0.10165877668561943	0.04775431192578395	-0.05208733096019204	0.06711659988463305	-0.06489707261255036	0.06371838332948157	-0.04643223120945817	0.0465995681680425	-0.05944179941068918	0.042650445734800424	-0.03461229084390926	0.05725072216761716	-0.04365404867666589	0.05193636498984567	-0.0439383442537346	0.04518435895766714
-0.04687602413872858	0.07262074074083885	-0.09939542219842169	0.11273210907132272	-0.12510525911331227	0.04442712630690172	-0.08575980142361338	0.1078719382001215	-0.16822286431677863	0.12767104869445056	-0.13410549909713623	0.14496165151257284	-0.717414736753437	1.0000000000000009	-0.18332295099332052	0.0732310829215681	-0.11026433577941928	0.32223250787479707	-0.497930608675585	0.17396429998441187	-0.07550174817670186	0.08762787748117926	-0.1284571732454868	0.13221070025201448	-0.1504268818480848	0.08480119308256237	-0.09010869533139164	0.09781064616252738	-0.12822683586344166	0.12229007143728961	-0.053977885503278936	0.058707651295993264	-0.07990902519825266	0.07697126671018287	-0.07614086265752179	0.05313733746552349	-0.0538354888735749	0.06934474147600815	-0.050494187499568265	0.04108025247372629	-0.06642029764223743	0.050522709024600265	-0.06082994100611188	0.051675682111732894	-0.05369417102429712
0.03347719062826224	-0.05890061356482107	0.08508795062024738	-0.132595076553807	0.20305444433210088	-0.0323319560378778	0.06500469190911602	-0.09020858659195048	0.16675738367461856	-0.35841582308121334	0.08513105638496302	-0.0831535319717867	0.12791210451143795	-0.18332295099332052	0.9999999999999997	-0.04961474183006393	0.06377241724739657	-0.18714707559761673	0.2018637317660125	-0.8122765890665676	0.05041274987987771	-0.06032963199569908	0.0966725375519141	-0.10913815858562703	0.17724572799789975	-0.0653644955850603	0.0636652336581298	-0.08503058258545675	0.10498436211667513	-0.1592354916030665	0.04323103143793986	-0.048178328398890496	0.06722935478405354	-0.06981482204305431	0.0675311117618234	-0.044511622105696654	0.045047690302680216	-0.06064571982981014	0.04441961892934832	-0.036598757213156564	0.05512999090107882	-0.04308081003176866	0.051632545882028126	-0.04608527992783239	0.04705299411753016
-0.08778572116854055	0.07383323768605533	-0.07027336244489814	0.04176778668931764	-0.043290117895794504	0.08638869593588068	-0.08266285580104685	0.0775803191821658	-0.05000258059877941	0.044375368190570044	-0.46203867140712584	0.23104194060776817	-0.06886351186432414	0.0732310829215681	-0.04961474183006393	1.000000000000001	-0.29566225403151075	0.06577440591869436	-0.0630223879254462	0.05104348833743195	-0.7473776182946213	0.2618250800034266	-0.12447342811006763	0.08724562549776238	-0.09789968167665103	0.20435513516476486	-0.21606345341460717	0.10792320288006328	-0.09667470393359569	0.09133161894110242	-0.10318527920331169	0.10514774549647461	-0.09266869959700114	0.08230033204272212	-0.0831730394895334	0.08411364538445464	-0.08024599713804664	0.08780585051324334	-0.058340146720947735	0.04628236848068104	-0.09739166018851897	0.07174267176075982	-0.08004120533543507	0.06116464206189015	-0.06134225528498878
0.07897207353271711	-0.10795090081723661	0.09455666953733406	-0.056463197169325526	0.05649727237748001	-0.07765806926928767	0.12756319867521212	-0.1149884479811629	0.06721405145177323	-0.058643393022558936	0.27153336213558954	-0.6407981714560556	0.10923830645331371	-0.11026433577941928	0.06377241724739657	-0.29566225403151075	0.9999999999999988	-0.09892932370360133	0.08753630574358129	-0.06620717415876504	0.24660129615929313	-0.5442602703217922	0.15227809467368628	-0.11025534653915503	0.11528830618463493	-0.23292230744266318	0.2471505785241217	-0.1328274520949403	0.11420133159008633	-0.10958488390711432	0.11120413820412167	-0.12083166270694538	0.10632551258069524	-0.09524086083567056	0.09362683100053228	-0.09438613116783669	0.08965174944803031	-0.10111831049738147	0.06613243382137932	-0.052296798236839435	0.10633184086117087	-0.08079507273331121	0.08938754920865297	-0.06954366729340578	0.06878610983867513
-0.03955770662173284	0.059180716229126885	-0.0790054098889414	0.08257650409698558	-0.10619292777812521	0.037533833501702724	-0.06975079785892097	0.0853939496311063	-0.1109802580319956	0.10728169080022167	-0.11599536202590785	0.12535006790953807	-0.5617297665925628	0.32223250787479707	-0.18714707559761673	0.06577440591869436	-0.09892932370360133	0.9999999999999996	-0.6864466347646049	0.18337102272805808	-0.0680132456903098	0.08133885011377237	-0.13789051661952373	0.14532858192777265	-0.15265082265781874	0.07859965451994215	-0.08289127517016412	0.09919594999531715	-0.13435342779625106	0.12306744216450131	-0.05056212083120939	0.05528208530208936	-0.07866441293331772	0.0758512795772867	-0.07367325087771977	0.05030947221083002	-0.051257369055419395	0.06744823836512055	-0.04901445158926686	0.03975915052849885	-0.06272667551211458	0.04825942186778501	-0.05832454168968168	0.05007257142140299	-0.05171876566495025
0.037396869824713144	-0.057436129866508576	0.07620031547030705	-0.09034535551233885	0.11021478247254583	-0.035750028636471066	0.06556917404323073	-0.08385667252191259	0.11765556049827078	-0.1225909961478276	0.10718261147340655	-0.11368666113180938	0.3052158722792434	-0.497930608675585	0.2018637317660125	-0.0630223879254462	0.08753630574358129	-0.6864466347646049	0.9999999999999982	-0.2971534171602379	0.06474094590594182	-0.0794593640006679	0.1447649847157313	-0.2037545676208392	0.16450326765187104	-0.07936141199041089	0.08084560607030215	-0.1093675450301964	0.14632016658414582	-0.14264101386199546	0.05158326519924897	-0.05701751862388513	0.08293067581971142	-0.08234528830047169	0.0776034204645029	-0.05219577546905907	0.05321335781827085	-0.07189888562189252	0.051942288019157325	-0.04208509086817177	0.06458863871734609	-0.05046734945746861	0.06084868482773758	-0.053297497732114556	0.05429355893258468
-0.034546091204376045	0.059803592735816626	-0.0891238572258207	0.12681413729847213	-0.21731742280267288	0.033138241569936264	-0.06740127581667119	0.08974188309589223	-0.17674077788499934	0.22396090088251372	-0.08855614542198868	0.08431022871353723	-0.13676515417140744	0.17396429998441187	-0.8122765890665676	0.05104348833743195	-0.06620717415876504	0.18337102272805808	-0.2971534171602379	0.9999999999999983	-0.052262987489520164	0.06239815248376058	-0.10653029498828193	0.12058677155543045	-0.24770285232867695	0.06658007660299926	-0.06598924203769925	0.08839596204859453	-0.11519858506699385	0.16034974922386394	-0.0442601572937727	0.04909264221421361	-0.07021385597088402	0.07182442169217526	-0.07007396227132606	0.04544624884631054	-0.046235685304917326	0.06216012148967303	-0.045830098821376765	0.03775303771235193	-0.056638971564431054	0.044100548824531294	-0.053213246228356686	0.04724924020662649	-0.04867829544999658
0.0686711765843391	-0.07040165648878577	0.06643342498104722	-0.04133361489560453	0.043118257061340586	-0.06958348373722131	0.07841138892028524	-0.07631012976510942	0.049470433421340436	-0.04455438922796547	0.2738105048314589	-0.24070119717320926	0.06958512116340973	-0.07550174817670186	0.05041274987987771	-0.7473776182946213	0.24660129615929313	-0.0680132456903098	0.06474094590594182	-0.052262987489520164	1.0000000000000033	-0.4259735650670229	0.13317091283634439	-0.09514034810879825	0.10088726225433231	-0.2816890229981763	0.23450957708565418	-0.11941339439599431	0.10116623958254706	-0.09696253234036985	0.11758702887066433	-0.12240306233313904	0.09829840487295445	-0.08787703459871457	0.08670730273736463	-0.09404614356566345	0.08786662818291177	-0.09543764617645847	0.06178932039713346	-0.04867180764012259	0.10378678657318179	-0.0783166131214717	0.08526537971010974	-0.0652584118393201	0.06411749431981055
-0.07333918200261258	0.07685193366322925	-0.07488365644546122	0.04693606747951612	-0.05008153133800615	0.06990665251993404	-0.09017502620383211	0.08370590113670692	-0.05687558000617035	0.051330087172619665	-0.28204629144574683	0.27385525221593304	-0.08308014220955336	0.08762787748117926	-0.06032963199569908	0.2618250800034266	-0.5442602703217922	0.08133885011377237	-0.0794593640006679	0.06239815248376058	-0.4259735650670229	1.0000000000000009	-0.22926273902476166	0.13150776513148432	-0.1264144426399417	0.2641055294448554	-0.5099555057319679	0.16020380087336528	-0.13299372452545205	0.11839671189086244	-0.12942767028911387	0.13442806796098172	-0.1239060064546078	0.10517581699717034	-0.10276655144772094	0.10402104033282743	-0.1006507361661818	0.11280867105806193	-0.07300078252085884	0.05733650064020914	-0.118663679539905	0.08920929966512922	-0.09973137768497344	0.07624953343195989	-0.07539621903089253
0.050640945846006744	-0.05987259316106383	0.06632652296580996	-0.05531048074594292	0.06648765759203694	-0.04830569349795023	0.06720195951692044	-0.07351944098571514	0.06910567893054151	-0.06975648191972895	0.17113926913389993	-0.1622108391626632	0.10390166329965496	-0.1284571732454868	0.0966725375519141	-0.12447342811006763	0.15227809467368628	-0.13789051661952373	0.1447649847157313	-0.10653029498828193	0.13317091283634439	-0.22926273902476166	0.9999999999999998	-0.5849684562585626	0.24452809604000905	-0.1782100677963551	0.18385404582249731	-0.5235039480517487	0.3042716849489707	-0.2618996092232892	0.1156279343981328	-0.13147828495654715	0.23626084516711496	-0.20284433477358838	0.16643258444512016	-0.12032671069810083	0.1253290977453381	-0.1965991114298939	0.12075875760145159	-0.09368395786255637	0.1425492065101013	-0.11975260033323193	0.14376882142986924	-0.12536232099570238	0.11809719634810714
-0.039887901368775326	0.04874848562327719	-0.057352533493166706	0.05304951378781157	-0.0673064253352683	0.037865311425395884	-0.054875451804578125	0.06224443554275475	-0.06774955017210996	0.07025032591158761	-0.13187804756937704	0.11744910459932786	-0.10568224228456317	0.13221070025201448	-0.10913815858562703	0.08724562549776238	-0.11025534653915503	0.14532858192777265	-0.2037545676208392	0.12058677155543045	-0.09514034810879825	0.13150776513148432	-0.5849684562585626	0.999999999999997	-0.37480207947137717	0.12424675367810478	-0.13087687551358618	0.26014015515960415	-0.5853622532581338	0.2767696666829767	-0.08499669657326638	0.09499627194417508	-0.17596193659967557	0.16936582849112347	-0.14640598798212778	0.08887587276695763	-0.09367044666001077	0.13778372028844693	-0.09966722905432118	0.0786311290131306	-0.10950923007370356	0.08932365484431716	-0.11050048455252917	0.09944309452622575	-0.09962178886969303
0.04964855030399649	-0.06419115559125309	0.07801858911954068	-0.07831265893446245	0.10326496686252608	-0.04731788091195835	0.07131823757374375	-0.08493053875660124	0.09891448134955678	-0.1135712111847446	0.15676455941095177	-0.13931398959986085	0.11696945444781319	-0.1504268818480848	0.17724572799789975	-0.09789968167665103	0.11528830618463493	-0.15265082265781874	0.16450326765187104	-0.24770285232867695	0.10088726225433231	-0.1264144426399417	0.24452809604000905	-0.37480207947137717	0.9999999999999964	-0.14522357733997007	0.13660079603110167	-0.23323004352089943	0.2992986543737188	-0.6971548083531638	0.10047912050091981	-0.11391031201771548	0.17176490003649822	-0.19044916279445284	0.17903486209486819	-0.1073341632662901	0.10968384740932363	-0.1562815983824107	0.11557051017340852	-0.09648001176488877	0.13185082536862067	-0.10644995372666112	0.12801492088941036	-0.12039260000373656	0.12091315017642856
-0.07741892297053661	0.07190933336923623	-0.07391936054716412	0.047920965708810805	-0.05310948833433547	0.07220747706518153	-0.08145065258300306	0.07951817136380025	-0.0585799545405404	0.053803342931354935	-0.2982435774754632	0.20508061605158096	-0.07747442743027629	0.08480119308256237	-0.0653644955850603	0.20435513516476486	-0.23292230744266318	0.07859965451994215	-0.07936141199041089	0.06658007660299926	-0.2816890229981763	0.2641055294448554	-0.1782100677963551	0.12424675367810478	-0.14522357733997007	0.9999999999999962	-0.6294215839921191	0.17321129650529699	-0.14780814100282452	0.13285526082762697	-0.4163583460893882	0.25497244672665886	-0.16433953268040374	0.13512519197109787	-0.13973225377283324	0.19443528278206537	-0.18151124522490186	0.1611454724550924	-0.10217196207136763	0.07886899470004027	-0.2195335168822591	0.14700529114100644	-0.15827367418787974	0.10714340274637678	-0.10535555357267587
0.06654017665903877	-0.07444925142546195	0.07304074790326223	-0.048055884023003675	0.05200870067864841	-0.0640816794012253	0.08409012390374408	-0.08348253517820577	0.058178551631512664	-0.05356952592279533	0.23787479078683751	-0.25569667850852185	0.08157261363867285	-0.09010869533139164	0.0636652336581298	-0.21606345341460717	0.2471505785241217	-0.08289127517016412	0.08084560607030215	-0.06598924203769925	0.23450957708565418	-0.5099555057319679	0.18385404582249731	-0.13087687551358618	0.13660079603110167	-0.6294215839921191	0.9999999999999993	-0.2089640067410712	0.1434209367447624	-0.13311295019615663	0.21606302119983511	-0.2430443650511856	0.15381721069943075	-0.12878450461625718	0.12394692832283083	-0.16085755648399958	0.1482585177135766	-0.15202974222576912	0.09171384445814985	-0.07067507363168139	0.16431755482832877	-0.12799675370419253	0.13288181049945597	-0.09751597374205258	0.09256321322354435
-0.047117436519033114	0.05267900421514404	-0.058925590531026154	0.04793903931994759	-0.0588231316198911	0.04449243502528413	-0.059232089666312486	0.0638946163210463	-0.060363911782827254	0.06007588878933909	-0.16303139135859832	0.136248999333097	-0.08292482347187961	0.09781064616252738	-0.08503058258545675	0.10792320288006328	-0.1328274520949403	0.09919594999531715	-0.1093675450301964	0.08839596204859453	-0.11941339439599431	0.16020380087336528	-0.5235039480517487	0.26014015515960415	-0.23323004352089943	0.17321129650529699	-0.2089640067410712	0.9999999999999961	-0.3636983311177212	0.21762959894416345	-0.12877809805354115	0.14161380315179012	-0.562440525807524	0.22356562549754005	-0.19766943380004148	0.13594806254307248	-0.15657273248484269	0.24717119656083195	-0.14621033395648222	0.10890721823386353	-0.1726190463345763	0.14293306649563478	-0.1910049834000213	0.14337906595691347	-0.1402713221221771
0.045009664121835206	-0.05420145495743706	0.06268056058761788	-0.055784596266095	0.06943652876209397	-0.042759637485349625	0.060550057251120705	-0.06853344209402856	0.07037381366287604	-0.07259545458012226	0.14858935028578993	-0.1315329368201122	0.10076508074516465	-0.12822683586344166	0.10498436211667513	-0.09667470393359569	0.11420133159008633	-0.13435342779625106	0.14632016658414582	-0.11519858506699385	0.10116623958254706	-0.13299372452545205	0.3042716849489707	-0.5853622532581338	0.2992986543737188	-0.14780814100282452	0.1434209367447624	-0.3636983311177212	0.9999999999999966	-0.4843684463678719	0.10402663091145187	-0.11850965001940363	0.21449914298297373	-0.2839294320308461	0.19876885406982803	-0.11227845893877292	0.11789743547528951	-0.18202937046347617	0.137431231974929	-0.10796124721834155	0.136361994249972	-0.11459553833052669	0.1403748227706442	-0.13780655694750307	0.1329226818784265
-0.04693745239161503	0.05793869738400266	-0.07162693832340651	0.06948625313296872	-0.09577921022831404	0.04430310363860074	-0.0649918250673427	0.07519011924474792	-0.09060964301652336	0.0955226043031175	-0.15193835437108288	0.12406929515798264	-0.10165877668561943	0.12229007143728961	-0.1592354916030665	0.09133161894110242	-0.10958488390711432	0.12306744216450131	-0.14264101386199546	0.16034974922386394	-0.09696253234036985	0.11839671189086244	-0.2618996092232892	0.2767696666829767	-0.6971548083531638	0.13285526082762697	-0.13311295019615663	0.21762959894416345	-0.4843684463678719	0.9999999999999973	-0.09708726740960744	0.10726234509339459	-0.18304266252330884	0.20140492755478273	-0.2316936047686555	0.10361687543251435	-0.10930811335743187	0.15144302365128967	-0.12706732754391056	0.11124897005655035	-0.13368799087382416	0.10511165273244188	-0.13255394457369812	0.12598282691991644	-0.14163914780373377
0.040727401661720807	-0.040895427547076466	0.04293576486614362	-0.029796786782407183	0.03391778728245212	-0.03828713662562921	0.04584734018436645	-0.046807247414712705	0.03660312155854385	-0.03451298920192055	0.14892919189661516	-0.1134460522574009	0.04775431192578395	-0.053977885503278936	0.04323103143793986	-0.10318527920331169	0.11120413820412167	-0.05056212083120939	0.05158326519924897	-0.0442601572937727	0.11758702887066433	-0.12942767028911387	0.1156279343981328	-0.08499669657326638	0.10047912050091981	-0.4163583460893882	0.21606302119983511	-0.12877809805354115	0.10402663091145187	-0.09708726740960744	0.9999999999999958	-0.7037258644071938	0.13764244633004588	-0.11455641617907643	0.11136607562897236	-0.4002457563274187	0.26085141997574735	-0.17651855314447643	0.09186063284337485	-0.06685611430469623	0.24917499487307612	-0.1935194084711324	0.16415757490497043	-0.10127802316967208	0.0875766097400891
-0.0452859119282374	0.04419688532760025	-0.046901947435641314	0.03264577861426913	-0.03750479393203425	0.04226749105082751	-0.04965435579271983	0.05048997129314503	-0.040257953340145654	0.03798846179100281	-0.16708199073573202	0.11901848904844034	-0.05208733096019204	0.058707651295993264	-0.048178328398890496	0.10514774549647461	-0.12083166270694538	0.05528208530208936	-0.05701751862388513	0.04909264221421361	-0.12240306233313904	0.13442806796098172	-0.13147828495654715	0.09499627194417508	-0.11391031201771548	0.25497244672665886	-0.2430443650511856	0.14161380315179012	-0.11850965001940363	0.10726234509339459	-0.7037258644071938	0.9999999999999939	-0.16658838598266487	0.12890698443943294	-0.13032726868882794	0.28441531544122217	-0.4391980951332492	0.19808680132075476	-0.10760522544418988	0.07754236412598486	-0.29371662136969623	0.21906646901186702	-0.20726362194505007	0.11527706119802827	-0.10300652128374929
0.041581516790793	-0.046205476248542286	0.05110313934098569	-0.040417583268050505	0.0485448688063189	-0.03931278831734512	0.05154638802355291	-0.05588779503550995	0.050385503101796666	-0.049860014529608164	0.14284004981077922	-0.11878756298797964	0.06711659988463305	-0.07990902519825266	0.06722935478405354	-0.09266869959700114	0.10632551258069524	-0.07866441293331772	0.08293067581971142	-0.07021385597088402	0.09829840487295445	-0.1239060064546078	0.23626084516711496	-0.17596193659967557	0.17176490003649822	-0.16433953268040374	0.15381721069943075	-0.562440525807524	0.21449914298297373	-0.18304266252330884	0.13764244633004588	-0.16658838598266487	0.9999999999999927	-0.3428710367826663	0.21418503263949532	-0.16313260521907808	0.19212587720226745	-0.5505013620093618	0.18166693856070507	-0.12685379165469512	0.18550939579024212	-0.18401207453600493	0.22957120113602925	-0.18354445660985647	0.154487913995912
-0.039406999166837015	0.043354083025801626	-0.04908159716824299	0.039901731145632724	-0.049187845826826636	0.037051341553977046	-0.0484049175578079	0.05287015645386068	-0.05020838950228254	0.04999952478450773	-0.13529950047008568	0.10586803110668531	-0.06489707261255036	0.07697126671018287	-0.06981482204305431	0.08230033204272212	-0.09524086083567056	0.0758512795772867	-0.08234528830047169	0.07182442169217526	-0.08787703459871457	0.10517581699717034	-0.20284433477358838	0.16936582849112347	-0.19044916279445284	0.13512519197109787	-0.12878450461625718	0.22356562549754005	-0.2839294320308461	0.20140492755478273	-0.11455641617907643	0.12890698443943294	-0.3428710367826663	0.999999999999991	-0.6079571393424035	0.13146857872329956	-0.14945900449356303	0.23101762401088122	-0.4192864287918444	0.2580554517153996	-0.17016636753270967	0.14967945859323667	-0.2068655893158602	0.2715179658144077	-0.3119212854012608
0.040127815773087216	-0.044624755209258786	0.050116367379829704	-0.04018135410810691	0.04878285667995516	-0.0378491979805905	0.04955593494373493	-0.05452574272579497	0.05016693472520095	-0.049955413449899275	0.13629804616267893	-0.1091376035667963	0.06371838332948157	-0.07614086265752179	0.0675311117618234	-0.0831730394895334	0.09362683100053228	-0.07367325087771977	0.0776034204645029	-0.07007396227132606	0.08670730273736463	-0.10276655144772094	0.16643258444512016	-0.14640598798212778	0.17903486209486819	-0.13973225377283324	0.12394692832283083	-0.19766943380004148	0.19876885406982803	-0.2316936047686555	0.11136607562897236	-0.13032726868882794	0.21418503263949532	-0.6079571393424035	0.9999999999999922	-0.12972448249778926	0.1372809175755157	-0.2136088987747876	0.27405326328275303	-0.4714667618191043	0.1563884183003585	-0.14597043036446625	0.18044163380891268	-0.2979201899620202	0.29587998691216044
-0.03729305342658192	0.03767590019325301	-0.04055381643024691	0.02925365607469749	-0.03409434545377592	0.034914162734091196	-0.04213405277693899	0.04382354002266473	-0.03618399866956206	0.03459233388947059	-0.13446837269586062	0.09884931163234527	-0.04643223120945817	0.05313733746552349	-0.044511622105696654	0.08411364538445464	-0.09438613116783669	0.05030947221083002	-0.05219577546905907	0.04544624884631054	-0.09404614356566345	0.10402104033282743	-0.12032671069810083	0.08887587276695763	-0.1073341632662901	0.19443528278206537	-0.16085755648399958	0.13594806254307248	-0.11227845893877292	0.10361687543251435	-0.4002457563274187	0.28441531544122217	-0.16313260521907808	0.13146857872329956	-0.12972448249778926	0.9999999999999928	-0.47867012806853043	0.21389185520654563	-0.11255091361941741	0.07936775690312851	-0.6640191589633254	0.2662696264837462	-0.22966644264177208	0.12349408343288526	-0.10465117095119068
0.03535286747869655	-0.03671196769154592	0.0396574121832941	-0.02916166225652813	0.034146303962903364	-0.033217795906836725	0.04099425429859033	-0.04310895334514754	0.03609235229754223	-0.034770856375104395	0.12574468119723547	-0.09638548884441381	0.0465995681680425	-0.0538354888735749	0.045047690302680216	-0.08024599713804664	0.08965174944803031	-0.051257369055419395	0.05321335781827085	-0.046235685304917326	0.08786662818291177	-0.1006507361661818	0.1253290977453381	-0.09367044666001077	0.10968384740932363	-0.18151124522490186	0.1482585177135766	-0.15657273248484269	0.11789743547528951	-0.10930811335743187	0.26085141997574735	-0.4391980951332492	0.19212587720226745	-0.14945900449356303	0.1372809175755157	-0.47867012806853043	0.9999999999999921	-0.3708704351319558	0.13031637178706978	-0.08779571080652873	0.30775193482209295	-0.525145199340384	0.28107479238467015	-0.14847928274658156	0.11278864490059573
-0.040346149503645234	0.042916440088390864	-0.04746099497257388	0.03668215512500346	-0.044180088935073046	0.037891098515388494	-0.04797890999229582	0.05126426653932609	-0.04583887524884803	0.04486921356684245	-0.14150337671384147	0.10897687663479037	-0.05944179941068918	0.06934474147600815	-0.06064571982981014	0.08780585051324334	-0.10111831049738147	0.06744823836512055	-0.07189888562189252	0.06216012148967303	-0.09543764617645847	0.11280867105806193	-0.1965991114298939	0.13778372028844693	-0.1562815983824107	0.1611454724550924	-0.15202974222576912	0.24717119656083195	-0.18202937046347617	0.15144302365128967	-0.17651855314447643	0.19808680132075476	-0.5505013620093618	0.23101762401088122	-0.2136088987747876	0.21389185520654563	-0.3708704351319558	0.9999999999999909	-0.23967618943211744	0.1366234159992529	-0.271921621979449	0.27178266642938936	-0.48551786133163105	0.21471116488545022	-0.17436928762764997
0.027621140823950494	-0.03013577796752576	0.033651325806511666	-0.026596787697306556	0.03220030197898094	-0.025999924186053562	0.03355801723372167	-0.03648259270937711	0.03323055487149595	-0.03284534206545341	0.09508477116651755	-0.07477575792531886	0.042650445734800424	-0.050494187499568265	0.04441961892934832	-0.058340146720947735	0.06613243382137932	-0.04901445158926686	0.051942288019157325	-0.045830098821376765	0.06178932039713346	-0.07300078252085884	0.12075875760145159	-0.09966722905432118	0.11557051017340852	-0.10217196207136763	0.09171384445814985	-0.14621033395648222	0.137431231974929	-0.12706732754391056	0.09186063284337485	-0.10760522544418988	0.18166693856070507	-0.4192864287918444	0.27405326328275303	-0.11255091361941741	0.13031637178706978	-0.23967618943211744	0.9999999999999903	-0.36852778152027393	0.13686054287602048	-0.15079505861795112	0.20771278311823912	-0.7163721758642715	0.286592428875318
-0.022240196991776675	0.0244273320199896	-0.02739105557222177	0.02180004901010501	-0.026479060119425392	0.020941913621666697	-0.027166244047352586	0.02969996202437521	-0.027247819083757986	0.027015495605140084	-0.07611431402348853	0.059963647377288175	-0.03461229084390926	0.04108025247372629	-0.036598757213156564	0.04628236848068104	-0.052296798236839435	0.03975915052849885	-0.04208509086817177	0.03775303771235193	-0.04867180764012259	0.05733650064020914	-0.09368395786255637	0.0786311290131306	-0.09648001176488877	0.07886899470004027	-0.07067507363168139	0.10890721823386353	-0.10796124721834155	0.11124897005655035	-0.06685611430469623	0.07754236412598486	-0.12685379165469512	0.2580554517153996	-0.4714667618191043	0.07936775690312851	-0.08779571080652873	0.1366234159992529	-0.36852778152027393	0.9999999999999902	-0.09799907081620751	0.09609265938622491	-0.1290332072038933	0.26789497755231556	-0.7389513490972467
0.04320825733391405	-0.045623418638488976	0.04926563693128305	-0.03624396266548589	0.04224022256963923	-0.04071263339418765	0.05075349042295785	-0.05386441230367109	0.044731953543868684	-0.043106727038311046	0.151708725078595	-0.11919056316557244	0.05725072216761716	-0.06642029764223743	0.05512999090107882	-0.09739166018851897	0.10633184086117087	-0.06272667551211458	0.06458863871734609	-0.056638971564431054	0.10378678657318179	-0.118663679539905	0.1425492065101013	-0.10950923007370356	0.13185082536862067	-0.2195335168822591	0.16431755482832877	-0.1726190463345763	0.136361994249972	-0.13368799087382416	0.24917499487307612	-0.29371662136969623	0.18550939579024212	-0.17016636753270967	0.1563884183003585	-0.6640191589633254	0.30775193482209295	-0.271921621979449	0.13686054287602048	-0.09799907081620751	0.9999999999999898	-0.4130243285782156	0.25307045168070885	-0.16123172749150594	0.12583716582643611
-0.03257122151602833	0.033805169846804935	-0.03682817917847502	0.027409105931025697	-0.032376417015525544	0.030554369882418275	-0.037741405903907246	0.03986488637949004	-0.03402250991241222	0.032897939572014645	-0.11554498989389614	0.08714803438596164	-0.04365404867666589	0.050522709024600265	-0.04308081003176866	0.07174267176075982	-0.08079507273331121	0.04825942186778501	-0.05046734945746861	0.044100548824531294	-0.0783166131214717	0.08920929966512922	-0.11975260033323193	0.08932365484431716	-0.10644995372666112	0.14700529114100644	-0.12799675370419253	0.14293306649563478	-0.11459553833052669	0.10511165273244188	-0.1935194084711324	0.21906646901186702	-0.18401207453600493	0.14967945859323667	-0.14597043036446625	0.2662696264837462	-0.525145199340384	0.27178266642938936	-0.15079505861795112	0.09609265938622491	-0.4130243285782156	0.9999999999999898	-0.618450165152273	0.17272270358675176	-0.12781781062777478
0.03643569257613549	-0.0390409640918375	0.04275040330598651	-0.03249111549526092	0.038516868269807165	-0.0343201215886713	0.04347214078076874	-0.046590117295465736	0.0403237846494878	-0.03932586760226642	0.126950604402847	-0.10008390219674573	0.05193636498984567	-0.06082994100611188	0.051632545882028126	-0.08004120533543507	0.08938754920865297	-0.05832454168968168	0.06084868482773758	-0.053213246228356686	0.08526537971010974	-0.09973137768497344	0.14376882142986924	-0.11050048455252917	0.12801492088941036	-0.15827367418787974	0.13288181049945597	-0.1910049834000213	0.1403748227706442	-0.13255394457369812	0.16415757490497043	-0.20726362194505007	0.22957120113602925	-0.2068655893158602	0.18044163380891268	-0.22966644264177208	0.28107479238467015	-0.48551786133163105	0.20771278311823912	-0.1290332072038933	0.25307045168070885	-0.618450165152273	0.99999999999999	-0.32047860798641553	0.1632006919436888
