1.0	-0.9112456145281032	0.19162840683446278	-0.15932381425352518	0.09344649406113675	-0.1992922827332189	0.17292426338095557	-0.15509859182381208	0.1308266499840096	-0.059287367080590174	0.12840811595145568	-0.1326222533152911	0.11191603762599985	-0.12424486544107834	0.07625318762481191	-0.1341934986773708	0.09777469075916867	-0.09846242643684286	0.08452765088854453	-0.09982873389121696	0.049708240919398225	-0.049174005656212626	0.0783537318525559	-0.07014687048343106	0.06833118813108871	-0.025219629719173145	0.024658769297133752	-0.06292820324490628	0.06526560728126098	-0.05426331243909934	0.02250312867609975	-0.020070068982267188	0.03150173061187025	-0.02876348430309573	0.0833155063083483
-0.9112456145281032	0.9999999999999998	-0.2469082817477063	0.15079151674173596	-0.08752961158994124	0.1555642126197713	-0.20052471630544907	0.14671540416312706	-0.13095383486539247	0.05483708719011143	-0.11797988343357187	0.11948940755086618	-0.10469355773576469	0.1120697286834139	-0.07059639280956927	0.11572445148057936	-0.08918171717525727	0.08868443302925395	-0.07721741666007476	0.0888788714260197	-0.045319541043423284	0.04431595115619608	-0.07180421524777514	0.06350342872788978	-0.06255296720704441	0.022786535443046665	-0.022347554621562935	0.05698396064904696	-0.05985108577519459	0.049519822634900214	-0.020421663428411285	0.01815356820552249	-0.028826244935861646	0.026226040936940954	-0.07672527202015006
0.19162840683446278	-0.2469082817477063	1.0	-0.7395475624176163	0.1854139619007069	-0.2046046233959612	0.20825176054666023	-0.28198191412973805	0.29800032228692697	-0.12250455762174443	0.15128535234642904	-0.19061706836961442	0.18563742738200867	-0.25200210255474204	0.1443138307727668	-0.20955770205905203	0.14919764410320777	-0.1649875346552113	0.15569526638111655	-0.1895571943641856	0.0780021708316947	-0.07797096651072274	0.13122891334325823	-0.12380803635128802	0.11810040488406123	-0.04068760826751977	0.039547623831858315	-0.10734482119079564	0.11012654264559364	-0.09297088129398984	0.03635016274750873	-0.03259681042139123	0.0530384657751051	-0.04870104086904187	0.14047804098720248
-0.15932381425352518	0.15079151674173596	-0.7395475624176163	0.9999999999999998	-0.20021148955019943	0.1493692870336331	-0.18713455102548823	0.22322198625965037	-0.5122770763238171	0.11816080268628097	-0.11929920973356144	0.14835118562709038	-0.16134997715494484	0.2122563892485193	-0.13455186836711547	0.1546231503938918	-0.11913320388032124	0.1316059841584039	-0.1352650078190999	0.15060197298772288	-0.06248516869595442	0.06137535653352601	-0.10865133586817781	0.10085544797634433	-0.09837300412000337	0.03214433566409051	-0.03142612585285933	0.08655693175177448	-0.09107991517507576	0.07628642133333872	-0.0289638192431856	0.02584608495774779	-0.043504008302124114	0.039685475284868606	-0.11692710311393237
0.09344649406113675	-0.08752961158994124	0.1854139619007069	-0.20021148955019943	0.9999999999999989	-0.16191003820285302	0.1500062983340827	-0.16104698668415554	0.19343546073969403	-0.5856320984904788	0.12864883928516943	-0.15805445779820718	0.1649639094678514	-0.2166422398932801	0.32099072088784203	-0.2046660627482531	0.14235235203360389	-0.16769607927918614	0.1778955291062822	-0.26901657376115545	0.08165168753890405	-0.08075898807115794	0.14549100920728772	-0.14619941966291292	0.14420028105063804	-0.04453157631051935	0.042911450721878304	-0.1252349949997611	0.1320754508504749	-0.11472234039986999	0.04057806581414357	-0.036374172565873344	0.06508339597417073	-0.05972680212675807	0.17812609316323352
-0.1992922827332189	0.1555642126197713	-0.2046046233959612	0.1493692870336331	-0.16191003820285302	0.9999999999999988	-0.34964900191007214	0.21801958382175138	-0.21145382315557015	0.09661246016350562	-0.7415034647484717	0.28079711657818035	-0.23453742050800191	0.19196771436607712	-0.13417731514181225	0.25998901543673264	-0.22294454993564988	0.18650884019986375	-0.14968142437958315	0.15849332081566064	-0.10963658831726393	0.10190941818855011	-0.16031616937337564	0.12947355395801458	-0.13445705127118474	0.05197721530986474	-0.05175726025188889	0.12095360284565611	-0.133491983642991	0.10720819297986316	-0.04712035155315337	0.041183718013945506	-0.06431209221874679	0.05756061529072541	-0.17367414895109737
0.17292426338095557	-0.20052471630544907	0.20825176054666023	-0.18713455102548823	0.1500062983340827	-0.34964900191007214	0.999999999999999	-0.6678162966199532	0.25926532695836424	-0.09873898331913737	0.23824471035259887	-0.41057298807624676	0.2546650776108402	-0.24201316705702552	0.12896621284038073	-0.25700289760329037	0.20942126618953366	-0.20318073270364334	0.15627455253542927	-0.17475083617458476	0.09561195966576404	-0.0963831272129934	0.14914421195510988	-0.12831453519649852	0.12326357778052839	-0.04723262341608927	0.04660379662078698	-0.11635739304161118	0.1185780493325672	-0.09743274970109016	0.0417340493566946	-0.03727996952862787	0.056517567508875585	-0.051607952053500813	0.14768331586144187
-0.15509859182381208	0.14671540416312706	-0.28198191412973805	0.22322198625965037	-0.16104698668415554	0.21801958382175138	-0.6678162966199532	0.9999999999999986	-0.47412829747461904	0.10678010636616468	-0.18918446080281198	0.25107100925736736	-0.3099197996726636	0.24774527983276784	-0.13740233048720304	0.2037118227469692	-0.18214715653024918	0.18864685740365783	-0.16164472985282144	0.1683868947328719	-0.08709647128815609	0.08475787411266193	-0.1482689216302032	0.12543940079481777	-0.123386231170234	0.042915068342574025	-0.042489711478421954	0.11197360237180093	-0.11793992680200005	0.09620091677590999	-0.038518817199410874	0.03420363960392685	-0.05569614369535052	0.05049720498475729	-0.1483530408030856
0.1308266499840096	-0.13095383486539247	0.29800032228692697	-0.5122770763238171	0.19343546073969403	-0.21145382315557015	0.25926532695836424	-0.47412829747461904	0.9999999999999983	-0.15628528914874623	0.16409108700551941	-0.2242930064674518	0.24435984569509162	-0.4564047520677039	0.17012855610142621	-0.22042343703458714	0.16897001821608593	-0.194942660420463	0.20084080348787528	-0.22246496067518948	0.08553666204237823	-0.08532650447749568	0.1516239709201566	-0.14459397190729156	0.13510879229996334	-0.043891350903971206	0.04297002075590128	-0.12046195120346909	0.12365944843676238	-0.10399170329448874	0.03926498485785877	-0.035180881762666046	0.058486011000352	-0.0536248920095697	0.1552862231668301
-0.059287367080590174	0.05483708719011143	-0.12250455762174443	0.11816080268628097	-0.5856320984904788	0.09661246016350562	-0.09873898331913737	0.10678010636616468	-0.15628528914874623	0.9999999999999996	-0.07894844781288302	0.09837001835053377	-0.11004974961421896	0.14926095061591338	-0.7208231575763657	0.11873592495741497	-0.08774982811155939	0.10403149717634724	-0.1291560228842513	0.18320483503867926	-0.04942586501613262	0.04849005002671005	-0.09211518378519667	0.09311499526810545	-0.09368054284771818	0.026453169998342546	-0.025681246387326183	0.07662987438531127	-0.0822300971518225	0.07126340351985146	-0.02416688271159402	0.02162441978353352	-0.03968594709788362	0.036279628314054624	-0.1103213377094181
0.12840811595145568	-0.11797988343357187	0.15128535234642904	-0.11929920973356144	0.12864883928516943	-0.7415034647484717	0.23824471035259887	-0.18918446080281198	0.16409108700551941	-0.07894844781288302	0.9999999999999982	-0.425173458785116	0.21496097259048558	-0.1776754964853318	0.10904604642717938	-0.3730590764064269	0.2329254628894785	-0.18667969407854215	0.13104704372164078	-0.14152358378736443	0.1015046033613093	-0.09993879128604705	0.14071042196276856	-0.11397311068615812	0.11310986387792435	-0.04796732969000343	0.04779558318894849	-0.10733341484394239	0.11206281274949156	-0.09039829223678941	0.042409190728493876	-0.037497915201487056	0.05377001991056425	-0.04866346198984553	0.14081024110773654
-0.1326222533152911	0.11948940755086618	-0.19061706836961442	0.14835118562709038	-0.15805445779820718	0.28079711657818035	-0.41057298807624676	0.25107100925736736	-0.2242930064674518	0.09837001835053377	-0.425173458785116	0.9999999999999963	-0.4781790067720658	0.24129439162985647	-0.13668885579083764	0.30065864354132593	-0.4602621219015278	0.26833451629039856	-0.17689233583069353	0.17696049574306533	-0.13625289821179207	0.1332393235297019	-0.19305045217431566	0.14676039687706752	-0.14475117422361433	0.06126620424635451	-0.06242956182014041	0.13799266746634054	-0.14321587107896305	0.11398680920550872	-0.053874774396352784	0.04757406353234003	-0.06745617906535033	0.06097619495321872	-0.17554462340043822
0.11191603762599985	-0.10469355773576469	0.18563742738200867	-0.16134997715494484	0.1649639094678514	-0.23453742050800191	0.2546650776108402	-0.3099197996726636	0.24435984569509162	-0.11004974961421896	0.21496097259048558	-0.4781790067720658	0.9999999999999941	-0.48959569136015546	0.15128142110479784	-0.2807095272510115	0.26831455150071126	-0.48046296242029385	0.2301978605019134	-0.2286629687455183	0.11371794209088124	-0.11659655765273641	0.22510722880763767	-0.18166751445507537	0.16245232152358827	-0.05579912037706021	0.05562083566264426	-0.16685720165600693	0.15654559619892908	-0.12712299483361225	0.049242534693798835	-0.04426203072912998	0.071574195548258	-0.06581468723536571	0.1826701896980879
-0.12424486544107834	0.1120697286834139	-0.25200210255474204	0.2122563892485193	-0.2166422398932801	0.19196771436607712	-0.24201316705702552	0.24774527983276784	-0.4564047520677039	0.14926095061591338	-0.1776754964853318	0.24129439162985647	-0.48959569136015546	0.9999999999999962	-0.22257494268817496	0.22445101120477373	-0.20566773654278522	0.2551866114603947	-0.4527162182721743	0.2794482786896719	-0.10295108070593718	0.09967910227659756	-0.21564180526191948	0.2031777502093095	-0.19451267562664193	0.05167270927995168	-0.05126635660687077	0.1566872532904367	-0.16901821617015356	0.13977777252721688	-0.04698840851217616	0.041869780540721824	-0.07692256029137175	0.06978227745421767	-0.20991316879184393
0.07625318762481191	-0.07059639280956927	0.1443138307727668	-0.13455186836711547	0.32099072088784203	-0.13417731514181225	0.12896621284038073	-0.13740233048720304	0.17012855610142621	-0.7208231575763657	0.10904604642717938	-0.13668885579083764	0.15128142110479784	-0.22257494268817496	0.9999999999999971	-0.16990107341613594	0.12310760194825901	-0.1494226029220789	0.1865128443669145	-0.3243005448117861	0.06955864688664365	-0.06866071375402287	0.13033668221519404	-0.13596149164744015	0.13329376904235438	-0.03754785466732938	0.0363670353617464	-0.11003702978296176	0.1164035271973514	-0.10189903823415622	0.034252448816847525	-0.030712650906323184	0.05626357231440288	-0.05166977670373339	0.15516402393609946
-0.1341934986773708	0.11572445148057936	-0.20955770205905203	0.1546231503938918	-0.2046660627482531	0.25998901543673264	-0.25700289760329037	0.2037118227469692	-0.22042343703458714	0.11873592495741497	-0.3730590764064269	0.30065864354132593	-0.2807095272510115	0.22445101120477373	-0.16990107341613594	0.9999999999999967	-0.6038250134380457	0.2797326337516792	-0.19794286452738138	0.2016860878565408	-0.21155944056793188	0.1860028283162176	-0.2472929664592414	0.18075263647114348	-0.19143959381685136	0.08997580684440012	-0.09219680401465297	0.175059378248443	-0.19668751311697072	0.15356705334931273	-0.08087478787822676	0.06948995242395072	-0.09474806737498863	0.0841650892294657	-0.2517040804422691
0.09777469075916867	-0.08918171717525727	0.14919764410320777	-0.11913320388032124	0.14235235203360389	-0.22294454993564988	0.20942126618953366	-0.18214715653024918	0.16897001821608593	-0.08774982811155939	0.2329254628894785	-0.4602621219015278	0.26831455150071126	-0.20566773654278522	0.12310760194825901	-0.6038250134380457	0.9999999999999952	-0.4479402724157968	0.1679880306059341	-0.17360538551259921	0.1907037728980375	-0.250685232733066	0.2135250559041712	-0.1545076604534956	0.14477911727759288	-0.08373053643444697	0.0866847054713128	-0.15478550628036836	0.14730281853453636	-0.11647063883435518	0.06946713648806908	-0.0630199842452236	0.06991016594536352	-0.06388758104632264	0.17248764294635427
-0.09846242643684286	0.08868443302925395	-0.1649875346552113	0.1316059841584039	-0.16769607927918614	0.18650884019986375	-0.20318073270364334	0.18864685740365783	-0.194942660420463	0.10403149717634724	-0.18667969407854215	0.26833451629039856	-0.48046296242029385	0.2551866114603947	-0.1494226029220789	0.2797326337516792	-0.4479402724157968	0.9999999999999944	-0.2701475058809535	0.2213332403732728	-0.14134488724452537	0.1401811271133167	-0.49467624389249154	0.22393054473698953	-0.20845933900892583	0.06593732424739797	-0.06754575562247087	0.22613675621437643	-0.21914636276662333	0.16092923817872978	-0.05871871857730192	0.052569504220681726	-0.09324189795186275	0.08418827103817492	-0.23337114293859718
0.08452765088854453	-0.07721741666007476	0.15569526638111655	-0.1352650078190999	0.1778955291062822	-0.14968142437958315	0.15627455253542927	-0.16164472985282144	0.20084080348787528	-0.1291560228842513	0.13104704372164078	-0.17689233583069353	0.2301978605019134	-0.4527162182721743	0.1865128443669145	-0.19794286452738138	0.1679880306059341	-0.2701475058809535	0.9999999999999951	-0.6643312861802683	0.08700955362016113	-0.08665568891471435	0.21562337984282176	-0.37126592971804706	0.23638549471509476	-0.04534543590354579	0.04483030895026211	-0.16570548054381176	0.16944008464411875	-0.154890913737801	0.041240411415661864	-0.037230177886177156	0.07406493668994257	-0.06894038262662532	0.2042101114318417
-0.09982873389121696	0.0888788714260197	-0.1895571943641856	0.15060197298772288	-0.26901657376115545	0.15849332081566064	-0.17475083617458476	0.1683868947328719	-0.22246496067518948	0.18320483503867926	-0.14152358378736443	0.17696049574306533	-0.2286629687455183	0.2794482786896719	-0.3243005448117861	0.2016860878565408	-0.17360538551259921	0.2213332403732728	-0.6643312861802683	0.9999999999999952	-0.09779730731572589	0.09362495877672532	-0.22637982932601733	0.2575675991303213	-0.2918595981504792	0.05114236564355289	-0.05055965888454517	0.174246649241693	-0.20081030068365494	0.17977783771808917	-0.04761896825633971	0.042539182365979755	-0.09048594502269483	0.08215144607601774	-0.2728493260767075
0.049708240919398225	-0.045319541043423284	0.0780021708316947	-0.06248516869595442	0.08165168753890405	-0.10963658831726393	0.09561195966576404	-0.08709647128815609	0.08553666204237823	-0.04942586501613262	0.1015046033613093	-0.13625289821179207	0.11371794209088124	-0.10295108070593718	0.06955864688664365	-0.21155944056793188	0.1907037728980375	-0.14134488724452537	0.08700955362016113	-0.09779730731572589	0.9999999999999946	-0.8352511276036724	0.11471653472947231	-0.08693417995516335	0.08218300171654778	-0.3353486158993062	0.23675798473950194	-0.09189589612270603	0.08639224148214367	-0.06837202240272239	0.1729233453047708	-0.1740741132871898	0.05489432675857546	-0.05155216932960116	0.09975712218539037
-0.049174005656212626	0.04431595115619608	-0.07797096651072274	0.06137535653352601	-0.08075898807115794	0.10190941818855011	-0.0963831272129934	0.08475787411266193	-0.08532650447749568	0.04849005002671005	-0.09993879128604705	0.1332393235297019	-0.11659655765273641	0.09967910227659756	-0.06866071375402287	0.1860028283162176	-0.250685232733066	0.1401811271133167	-0.08665568891471435	0.09362495877672532	-0.8352511276036724	0.9999999999999942	-0.12521904099102113	0.08628429513392527	-0.08345682849919035	0.23781320083378713	-0.3118243056164286	0.09135792333471678	-0.08855028860783046	0.06864640216786333	-0.18272329626298248	0.16258705910618626	-0.054822251835772585	0.05039265114726069	-0.10201512687559736
0.0783537318525559	-0.07180421524777514	0.13122891334325823	-0.10865133586817781	0.14549100920728772	-0.16031616937337564	0.14914421195510988	-0.1482689216302032	0.1516239709201566	-0.09211518378519667	0.14071042196276856	-0.19305045217431566	0.22510722880763767	-0.21564180526191948	0.13033668221519404	-0.2472929664592414	0.2135250559041712	-0.49467624389249154	0.21562337984282176	-0.22637982932601733	0.11471653472947231	-0.12521904099102113	0.9999999999999936	-0.40680385216283504	0.24678977030468016	-0.060594951183564644	0.06139565891677653	-0.5435647618341957	0.27384083419625194	-0.20634280754733203	0.05373245570644164	-0.05006043478267248	0.10775059874287525	-0.10355254518868931	0.23115612743632002
-0.07014687048343106	0.06350342872788978	-0.12380803635128802	0.10085544797634433	-0.14619941966291292	0.12947355395801458	-0.12831453519649852	0.12543940079481777	-0.14459397190729156	0.09311499526810545	-0.11397311068615812	0.14676039687706752	-0.18166751445507537	0.2031777502093095	-0.13596149164744015	0.18075263647114348	-0.1545076604534956	0.22393054473698953	-0.37126592971804706	0.2575675991303213	-0.08693417995516335	0.08628429513392527	-0.40680385216283504	0.9999999999999966	-0.6625265800872385	0.04669400495122431	-0.046750114985907046	0.23650454379238917	-0.27263797272646156	0.2562923547748594	-0.0433003789111447	0.03965318633963119	-0.09843274179711262	0.09307375927801034	-0.29517433751578215
0.06833118813108871	-0.06255296720704441	0.11810040488406123	-0.09837300412000337	0.14420028105063804	-0.13445705127118474	0.12326357778052839	-0.123386231170234	0.13510879229996334	-0.09368054284771818	0.11310986387792435	-0.14475117422361433	0.16245232152358827	-0.19451267562664193	0.13329376904235438	-0.19143959381685136	0.14477911727759288	-0.20845933900892583	0.23638549471509476	-0.2918595981504792	0.08218300171654778	-0.08345682849919035	0.24678977030468016	-0.6625265800872385	0.9999999999999949	-0.04622520841371826	0.045579348824630724	-0.24455919114432242	0.2481345983098584	-0.4756723230652589	0.042532503750516	-0.03938249901434207	0.09540590188504496	-0.09597656242300266	0.2861380651849185
-0.025219629719173145	0.022786535443046665	-0.04068760826751977	0.03214433566409051	-0.04453157631051935	0.05197721530986474	-0.04723262341608927	0.042915068342574025	-0.043891350903971206	0.026453169998342546	-0.04796732969000343	0.06126620424635451	-0.05579912037706021	0.05167270927995168	-0.03754785466732938	0.08997580684440012	-0.08373053643444697	0.06593732424739797	-0.04534543590354579	0.05114236564355289	-0.3353486158993062	0.23781320083378713	-0.060594951183564644	0.04669400495122431	-0.04622520841371826	0.9999999999999959	-0.677547863537584	0.05480214143258509	-0.0533870497624931	0.04006789698567352	-0.5453870757429142	0.3162517948702851	-0.05313295461322219	0.04912719783320743	-0.0590987563495265
0.024658769297133752	-0.022347554621562935	0.039547623831858315	-0.03142612585285933	0.042911450721878304	-0.05175726025188889	0.04660379662078698	-0.042489711478421954	0.04297002075590128	-0.025681246387326183	0.04779558318894849	-0.06242956182014041	0.05562083566264426	-0.05126635660687077	0.0363670353617464	-0.09219680401465297	0.0866847054713128	-0.06754575562247087	0.04483030895026211	-0.05055965888454517	0.23675798473950194	-0.3118243056164286	0.06139565891677653	-0.046750114985907046	0.045579348824630724	-0.677547863537584	0.9999999999999956	-0.05810199479073072	0.05397423827271082	-0.039978159810350127	0.3206787766461434	-0.5548089681323842	0.058596119796516945	-0.055639910496875146	0.05760210423229159
-0.06292820324490628	0.05698396064904696	-0.10734482119079564	0.08655693175177448	-0.1252349949997611	0.12095360284565611	-0.11635739304161118	0.11197360237180093	-0.12046195120346909	0.07662987438531127	-0.10733341484394239	0.13799266746634054	-0.16685720165600693	0.1566872532904367	-0.11003702978296176	0.175059378248443	-0.15478550628036836	0.22613675621437643	-0.16570548054381176	0.174246649241693	-0.09189589612270603	0.09135792333471678	-0.5435647618341957	0.23650454379238917	-0.24455919114432242	0.05480214143258509	-0.05810199479073072	0.9999999999999944	-0.6443456510368206	0.24639880171820217	-0.05179285390975248	0.049432633261898895	-0.17342058487435955	0.1511309291064899	-0.29015659026137786
0.06526560728126098	-0.05985108577519459	0.11012654264559364	-0.09107991517507576	0.1320754508504749	-0.133491983642991	0.1185780493325672	-0.11793992680200005	0.12365944843676238	-0.0822300971518225	0.11206281274949156	-0.14321587107896305	0.15654559619892908	-0.16901821617015356	0.1164035271973514	-0.19668751311697072	0.14730281853453636	-0.21914636276662333	0.16944008464411875	-0.20081030068365494	0.08639224148214367	-0.08855028860783046	0.27384083419625194	-0.27263797272646156	0.2481345983098584	-0.0533870497624931	0.05397423827271082	-0.6443456510368206	0.9999999999999942	-0.4678966837809331	0.05085239390192251	-0.0490062156497939	0.17292957277186077	-0.21063617708239485	0.28688661544038147
-0.05426331243909934	0.049519822634900214	-0.09297088129398984	0.07628642133333872	-0.11472234039986999	0.10720819297986316	-0.09743274970109016	0.09620091677590999	-0.10399170329448874	0.07126340351985146	-0.09039829223678941	0.11398680920550872	-0.12712299483361225	0.13977777252721688	-0.10189903823415622	0.15356705334931273	-0.11647063883435518	0.16092923817872978	-0.154890913737801	0.17977783771808917	-0.06837202240272239	0.06864640216786333	-0.20634280754733203	0.2562923547748594	-0.4756723230652589	0.04006789698567352	-0.039978159810350127	0.24639880171820217	-0.4678966837809331	0.9999999999999939	-0.03822102192938259	0.03582812345573749	-0.11414482712530111	0.11568987956882844	-0.6379757940086741
0.02250312867609975	-0.020421663428411285	0.03635016274750873	-0.0289638192431856	0.04057806581414357	-0.04712035155315337	0.0417340493566946	-0.038518817199410874	0.03926498485785877	-0.02416688271159402	0.042409190728493876	-0.053874774396352784	0.049242534693798835	-0.04698840851217616	0.034252448816847525	-0.08087478787822676	0.06946713648806908	-0.05871871857730192	0.041240411415661864	-0.04761896825633971	0.1729233453047708	-0.18272329626298248	0.05373245570644164	-0.0433003789111447	0.042532503750516	-0.5453870757429142	0.3206787766461434	-0.05179285390975248	0.05085239390192251	-0.03822102192938259	0.9999999999999939	-0.7460683405711548	0.07268050441726169	-0.07118536798564137	0.05503939937619482
-0.020070068982267188	0.01815356820552249	-0.03259681042139123	0.02584608495774779	-0.036374172565873344	0.041183718013945506	-0.03727996952862787	0.03420363960392685	-0.035180881762666046	0.02162441978353352	-0.037497915201487056	0.04757406353234003	-0.04426203072912998	0.041869780540721824	-0.030712650906323184	0.06948995242395072	-0.0630199842452236	0.052569504220681726	-0.037230177886177156	0.042539182365979755	-0.1740741132871898	0.16258705910618626	-0.05006043478267248	0.03965318633963119	-0.03938249901434207	0.3162517948702851	-0.5548089681323842	0.049432633261898895	-0.0490062156497939	0.03582812345573749	-0.7460683405711548	0.999999999999994	-0.0854580764028014	0.0736563241618713	-0.05161872237292603
0.03150173061187025	-0.028826244935861646	0.0530384657751051	-0.043504008302124114	0.06508339597417073	-0.06431209221874679	0.056517567508875585	-0.05569614369535052	0.058486011000352	-0.03968594709788362	0.05377001991056425	-0.06745617906535033	0.071574195548258	-0.07692256029137175	0.05626357231440288	-0.09474806737498863	0.06991016594536352	-0.09324189795186275	0.07406493668994257	-0.09048594502269483	0.05489432675857546	-0.054822251835772585	0.10775059874287525	-0.09843274179711262	0.09540590188504496	-0.05313295461322219	0.058596119796516945	-0.17342058487435955	0.17292957277186077	-0.11414482712530111	0.07268050441726169	-0.0854580764028014	0.9999999999999938	-0.9407786569831496	0.13719968273981453
-0.02876348430309573	0.026226040936940954	-0.04870104086904187	0.039685475284868606	-0.05972680212675807	0.05756061529072541	-0.051607952053500813	0.05049720498475729	-0.0536248920095697	0.036279628314054624	-0.04866346198984553	0.06097619495321872	-0.06581468723536571	0.06978227745421767	-0.05166977670373339	0.0841650892294657	-0.06388758104632264	0.08418827103817492	-0.06894038262662532	0.08215144607601774	-0.05155216932960116	0.05039265114726069	-0.10355254518868931	0.09307375927801034	-0.09597656242300266	0.04912719783320743	-0.055639910496875146	0.1511309291064899	-0.21063617708239485	0.11568987956882844	-0.07118536798564137	0.0736563241618713	-0.9407786569831496	0.9999999999999938	-0.15444527030750477
0.0833155063083483	-0.07672527202015006	0.14047804098720248	-0.11692710311393237	0.17812609316323352	-0.17367414895109737	0.14768331586144187	-0.1483530408030856	0.1552862231668301	-0.1103213377094181	0.14081024110773654	-0.17554462340043822	0.1826701896980879	-0.20991316879184393	0.15516402393609946	-0.2517040804422691	0.17248764294635427	-0.23337114293859718	0.2042101114318417	-0.2728493260767075	0.09975712218539037	-0.10201512687559736	0.23115612743632002	-0.29517433751578215	0.2861380651849185	-0.0590987563495265	0.05760210423229159	-0.29015659026137786	0.28688661544038147	-0.6379757940086741	0.05503939937619482	-0.05161872237292603	0.13719968273981453	-0.15444527030750477	0.9999999999999937
