1.0	-0.28403159920447385	0.19736078462988943	-0.11246539201507252	0.09019664509649383	-0.7294350334029566	0.1861013389337261	-0.14744074999434909	0.13152615645743995	-0.09191604595466014	0.29589711301053195	-0.2468688049829183	0.18200777396751577	-0.11224817518160071	0.10788800894346566	-0.2595037709500413	0.18729476583400873	-0.15886877011767125	0.12294104643467337	-0.07250286728609986	0.17967793594770856	-0.17336484391346857	0.12128128589414594	-0.1384396066423267	0.0694345116069566	-0.18563373326768104	0.15464437634279654	-0.14991853109369122	0.1184977067879469	-0.062450160700593164	0.08710736586188297	-0.08423445984280521	0.0946023553542126	-0.08953904342655546	0.0672721919222237	-0.07690240153857615	0.06740727630924624	-0.07220897724870733	0.07524056671571892	-0.033913408326528324	0.09857094421799786	-0.09588876114845166	0.06707454244558139	-0.06685236683281867	0.03694119928847028
-0.28403159920447385	0.9999999999999999	-0.8575249536386184	0.18312433375519635	-0.1534611033721221	0.16203929122115587	-0.2015442550192278	0.1419857897759706	-0.1526991249409053	0.11575026348508974	-0.14633189509773903	0.12284872473827899	-0.15825241588428746	0.11431112847831776	-0.13604828639968244	0.11958620036268987	-0.11013273429905675	0.11894654989595889	-0.10261358681512825	0.05632607665188061	-0.10778036617534675	0.11500001200481227	-0.08605784009603604	0.10524359644767653	-0.054046041659400024	0.10696372401574623	-0.10357769602079911	0.1033818730139902	-0.08673783743687617	0.04573486101975941	-0.05660256852503222	0.05475649571610322	-0.06562016231877126	0.06293006508066412	-0.04938680864320289	0.05052721446281199	-0.044803999702398664	0.04958129713585676	-0.052748257431409755	0.024272946952216226	-0.06631393255845808	0.0634255210226167	-0.046451384944270535	0.046093461897862016	-0.02654991485992425
0.19736078462988943	-0.8575249536386184	1.0000000000000004	-0.2624306425079308	0.15899626292865118	-0.153580571161217	0.16925291968931302	-0.14503987308564006	0.15374869732266933	-0.1292484878093813	0.1328349962581606	-0.1257055669840283	0.15424857209057863	-0.12023720267935264	0.1362605858941235	-0.12439146459800933	0.11113631629146781	-0.1266632692598297	0.10713034452557132	-0.06052360913172857	0.10966730669270783	-0.12478745233253627	0.0919941460051585	-0.11369240413293501	0.05741492218486612	-0.11623273997674326	0.11027961509147283	-0.11238884701327821	0.09253724194057328	-0.04909554139487263	0.06108322077274647	-0.05940799575931404	0.07067205255084495	-0.06813834918111444	0.052732019204578116	-0.05525570509620372	0.04879156006617227	-0.05375260505714685	0.056859435127411484	-0.026146917834905394	0.07254149911217389	-0.0700378264797332	0.05026767493166369	-0.05013793378818863	0.028516120086339386
-0.11246539201507252	0.18312433375519635	-0.2624306425079308	0.9999999999999997	-0.7343898924087718	0.08474011940831436	-0.15856898744432504	0.14176830856979877	-0.36912115909632814	0.2900931479853997	-0.09601383531982949	0.0981474115175869	-0.1724312781965634	0.21246003665172333	-0.32322471395523206	0.09016995470453074	-0.09528593097204568	0.13785340384222608	-0.14272576166746523	0.06919550244145531	-0.09029944798616414	0.11732684024301242	-0.09426077109998379	0.12877254268289642	-0.0657543814191235	0.09468980201681015	-0.10231179687514501	0.10941160041328593	-0.09735446018434166	0.05124784490538449	-0.05487970904012272	0.05348017885821783	-0.06822580137167678	0.06718167835460057	-0.055045231495058036	0.04962924739065853	-0.04444352905716552	0.05118335853733849	-0.055589750481481966	0.026218410661803714	-0.06528248349252384	0.06233217109483713	-0.048071183383324556	0.047739050756139385	-0.028732168691278828
0.09019664509649383	-0.1534611033721221	0.15899626292865118	-0.7343898924087718	1.0000000000000004	-0.06981179469726145	0.12046143547098655	-0.11199598789942557	0.23225229381231255	-0.523413718438277	0.07924701199243113	-0.0831176820898926	0.13738418817426157	-0.1899362286769765	0.26437974505605993	-0.07706483536645126	0.08057519520666896	-0.12134703146468402	0.1204480474143577	-0.06087014793640317	0.07688185791896986	-0.10407614842175074	0.0825231388617436	-0.11548891594038341	0.05658836286237654	-0.0827970741167134	0.08853090054113225	-0.09700102226049226	0.08437041558960287	-0.04467774252298408	0.04781087387404684	-0.046781368059420826	0.05938297383371403	-0.058989744303074694	0.04758630916126042	-0.043591028720366874	0.03892985279363719	-0.04480534566810405	0.048423496876291494	-0.022832662611098693	0.057132388585687546	-0.055046698387118634	0.04194089738504925	-0.04189177943933366	0.024935355572719434
-0.7294350334029566	0.16203929122115587	-0.153580571161217	0.08474011940831436	-0.06981179469726145	1.0000000000000009	-0.19374938184178025	0.12951155512434157	-0.1060405371183326	0.0707223688169011	-0.5308924817793579	0.20606139729916456	-0.15355563915892312	0.08854720222170005	-0.08433443129958906	0.20901674869777648	-0.16820430264535147	0.12260188633994994	-0.09556792779919886	0.05454095485644506	-0.156200135237284	0.1298978260625536	-0.09268993849426053	0.10425697616100026	-0.0525873227597499	0.13539561498696895	-0.11792254285816604	0.1112084314631176	-0.08958593936164586	0.04683407171270492	-0.06483147447486742	0.0621393408150892	-0.07057233874286055	0.06647398182132849	-0.05066173695279215	0.05618659947025727	-0.049546949316230306	0.053418048877719476	-0.05604708425323721	0.02527715250402733	-0.07208064652320054	0.06929763225705028	-0.04970039898629135	0.04926256073504048	-0.02761207328185808
0.1861013389337261	-0.2015442550192278	0.16925291968931302	-0.15856898744432504	0.12046143547098655	-0.19374938184178025	1.0	-0.7488502043695692	0.2288265218398424	-0.1425868534841561	0.17557072806385374	-0.2133076390359931	0.2998296307904158	-0.19261958992320852	0.15302339570108411	-0.16295159076618798	0.1719430324603321	-0.224906325857998	0.16963598921319006	-0.09449228555740467	0.1496533797382038	-0.20259874257702126	0.149513245488699	-0.1848318953064622	0.08796377315991931	-0.16076823436389076	0.16313321308892326	-0.17737645713173406	0.14279246231326345	-0.07548816057426201	0.08868338282992165	-0.08687218762868977	0.10609107289010779	-0.10405713215871179	0.08028751870628602	-0.08107483389019723	0.07182960026434554	-0.08069126362636844	0.08569560034271395	-0.039639384156073015	0.10594062091005846	-0.10320201815421443	0.07520128258536535	-0.07543219580830729	0.04311251290782289
-0.14744074999434909	0.1419857897759706	-0.14503987308564006	0.14176830856979877	-0.11199598789942557	0.12951155512434157	-0.7488502043695692	1.0000000000000002	-0.31067640140930775	0.13073013460630617	-0.1383507528983471	0.15804683985119997	-0.46712789563534507	0.1915126462035916	-0.14705250321494834	0.12330829803986436	-0.139578264911055	0.19258477776867902	-0.15599610486801432	0.07764557204912491	-0.11699028209736782	0.15690325171313244	-0.12321322431719188	0.15144059567614798	-0.07323361142261652	0.1220191628399378	-0.128747609592663	0.13926725675172616	-0.11670415215445314	0.06085403791926226	-0.06876622705182207	0.06716203662277831	-0.08384166399645011	0.0821365495630175	-0.06511003115544305	0.06222512537675328	-0.05547080909208052	0.06315476849261384	-0.06785082335979979	0.031539932767965156	-0.08125249259082287	0.07839811257017118	-0.058994135667636234	0.058821355352229945	-0.0344427722833157
0.13152615645743995	-0.1526991249409053	0.15374869732266933	-0.36912115909632814	0.23225229381231255	-0.1060405371183326	0.2288265218398424	-0.31067640140930775	1.000000000000002	-0.33514744602235186	0.12699165370857574	-0.14354961585437345	0.2579690155321079	-0.6158853553921735	0.29232320471858764	-0.12654214346212256	0.13895918777794794	-0.2415212181066492	0.24593991065830084	-0.1129287124437304	0.12735564638079752	-0.18852863154898708	0.15342085481957962	-0.23047468457600231	0.10208729896354794	-0.13939250399042044	0.1528887758842899	-0.17575853278904616	0.15279049684520515	-0.08020590290631333	0.08182361862007528	-0.08044204146203365	0.10375783642005654	-0.1049432806261898	0.08446526928187376	-0.07477672098255915	0.06693775941367258	-0.07827005879661536	0.08493464419467303	-0.040209602358539605	0.09706959834798376	-0.09411161289874297	0.07290768570919393	-0.07315215563835792	0.04380661372187458
-0.09191604595466014	0.11575026348508974	-0.1292484878093813	0.2900931479853997	-0.523413718438277	0.0707223688169011	-0.1425868534841561	0.13073013460630617	-0.33514744602235186	0.9999999999999992	-0.0846956810732659	0.09005139132418231	-0.16740014387056878	0.24896825441843393	-0.6719246497312817	0.08145226572663315	-0.08902155197732042	0.13878394281744472	-0.15301834932869843	0.07115474675723767	-0.08322372351324968	0.11372428924538715	-0.09321430241964451	0.13157404258322986	-0.06714463404925135	0.08832519869200472	-0.09775530035301434	0.10684424901072988	-0.09647755417083555	0.050762462737851524	-0.052184715447636865	0.0509715238348357	-0.06601940444987531	0.0655933946853998	-0.05436234284058312	0.04730202655521216	-0.04246155613644548	0.04945311817834066	-0.05399109242464652	0.025646536935972564	-0.06204911839620895	0.05933548628612716	-0.04641954300461971	0.046148418548421534	-0.02810720266755025
0.29589711301053195	-0.14633189509773903	0.1328349962581606	-0.09601383531982949	0.07924701199243113	-0.5308924817793579	0.17557072806385374	-0.1383507528983471	0.12699165370857574	-0.0846956810732659	1.0000000000000009	-0.45755682998557506	0.1954113649230229	-0.11091262304233467	0.10250740177052524	-0.46554138053401684	0.2734012907132929	-0.17188201845855278	0.1288343383719087	-0.07452065308972904	0.2351212671108514	-0.1920880427950726	0.13248970279880945	-0.14405713930315536	0.07193061926644817	-0.21134576749347547	0.17006565396669865	-0.15902059809661218	0.12516544401377946	-0.06522091683531837	0.09455135293085189	-0.09064232583930139	0.10004879121806241	-0.0937711603546223	0.0704940386302576	-0.08109116111715538	0.07120200979943633	-0.07591475280523814	0.07907405104014112	-0.035368950087011145	0.10224405614944385	-0.09899801475860126	0.07026507982488259	-0.06972306405226202	0.038591342914107624
-0.2468688049829183	0.12284872473827899	-0.1257055669840283	0.0981474115175869	-0.0831176820898926	0.20606139729916456	-0.2133076390359931	0.15804683985119997	-0.14354961585437345	0.09005139132418231	-0.45755682998557506	0.9999999999999987	-0.28404405986929787	0.12530657068151066	-0.1124769397122606	0.27631165723470086	-0.6938526311200192	0.2019875853276866	-0.1494062211924764	0.07887889736650935	-0.21881686179530432	0.21223735973422816	-0.15442006518637266	0.1531452862743767	-0.0774780625884174	0.17682797388429583	-0.17590276415756806	0.16246280619789658	-0.13424728821620985	0.06832371935649463	-0.09008923929605023	0.08599855784117631	-0.10155614455453567	0.09490891643225235	-0.07458422694069225	0.07664548199671432	-0.06843344646881658	0.0754405883180573	-0.08047636013674903	0.036338903838374056	-0.09846232671868366	0.09303290592229974	-0.0703887670756598	0.06905736027473046	-0.039927041780336736
0.18200777396751577	-0.15825241588428746	0.15424857209057863	-0.1724312781965634	0.13738418817426157	-0.15355563915892312	0.2998296307904158	-0.46712789563534507	0.2579690155321079	-0.16740014387056878	0.1954113649230229	-0.28404405986929787	0.9999999999999954	-0.28588985827972785	0.19370353455501674	-0.19786887946721637	0.22891019707994986	-0.43508187847282576	0.25344810775241977	-0.13224398534765283	0.18971989752760665	-0.29285845352373785	0.22654210169626515	-0.26520720043438456	0.12269071038883816	-0.20741746095452906	0.2211188488194157	-0.2522273929967986	0.20000833439903837	-0.10443997268645716	0.1177838796179761	-0.11577711415259494	0.14449694007331476	-0.1424657182644582	0.11085134367721051	-0.10762832239356564	0.09575806827072277	-0.1092687370369594	0.11675990592970048	-0.05414162167352872	0.13998945422539422	-0.13637440063827383	0.1016167557513872	-0.10188388931919484	0.0589172443720547
-0.11224817518160071	0.11431112847831776	-0.12023720267935264	0.21246003665172333	-0.1899362286769765	0.08854720222170005	-0.19261958992320852	0.1915126462035916	-0.6158853553921735	0.24896825441843393	-0.11091262304233467	0.12530657068151066	-0.28588985827972785	0.9999999999999983	-0.46499063017772563	0.10907064986964397	-0.12648833336829773	0.23257403924898248	-0.4200974261292292	0.11205413085275032	-0.11234475715871242	0.16554740451477895	-0.14673792623720144	0.2216416628452217	-0.10512641330051818	0.12033625958335839	-0.13843209019240896	0.15698499969817536	-0.1497915910623638	0.07615728564492064	-0.07277343129971593	0.07129120548351132	-0.09500221549767801	0.09589867888576409	-0.0811687952647656	0.06575070727717043	-0.05934937282019887	0.07066712738114246	-0.078186004401488	0.03735893384893655	-0.08533791897095888	0.08174840776641032	-0.06612829899223856	0.06572972741951826	-0.04097944955646465
0.10788800894346566	-0.13604828639968244	0.1362605858941235	-0.32322471395523206	0.26437974505605993	-0.08433443129958906	0.15302339570108411	-0.14705250321494834	0.29232320471858764	-0.6719246497312817	0.10250740177052524	-0.1124769397122606	0.19370353455501674	-0.46499063017772563	0.999999999999998	-0.10237706046369088	0.11133312446568071	-0.19006555308458722	0.2003059231445859	-0.09720507513587058	0.1043631369963033	-0.15208820500203601	0.12369492243365628	-0.1854163580232619	0.08748633323372104	-0.11415222926227414	0.12544046125901018	-0.14284349565292243	0.12546121663698623	-0.06651877358128107	0.06732163280196553	-0.0661268687380307	0.08545813593665623	-0.08629248761325634	0.07022160955969589	-0.06156609001031935	0.05513049215201906	-0.06444560073423759	0.07002263534149965	-0.033322950543967035	0.08018068405091185	-0.07756085184830044	0.060159836076484924	-0.06029518368635764	0.03634253270161479
-0.2595037709500413	0.11958620036268987	-0.12439146459800933	0.09016995470453074	-0.07706483536645126	0.20901674869777648	-0.16295159076618798	0.12330829803986436	-0.12654214346212256	0.08145226572663315	-0.46554138053401684	0.27631165723470086	-0.19786887946721637	0.10907064986964397	-0.10237706046369088	0.9999999999999989	-0.4175978796426846	0.17254665065418287	-0.13314599041711328	0.07506023437165608	-0.5967348199219848	0.1947090063920433	-0.13912324402869997	0.14390174074954687	-0.07402761407124922	0.25004092687663765	-0.2059070373244388	0.1626472116886103	-0.1322549150391717	0.06781172264340175	-0.11011709680605115	0.1009151654328832	-0.10795367990034563	0.09796679308018827	-0.07425806508765793	0.0869028820697584	-0.07708781662703686	0.08057446690526235	-0.08407735149264765	0.03698828828506755	-0.10861861598689099	0.10199633228573055	-0.07459547932198224	0.07287612078820652	-0.04058504973847872
0.18729476583400873	-0.11013273429905675	0.11113631629146781	-0.09528593097204568	0.08057519520666896	-0.16820430264535147	0.1719430324603321	-0.139578264911055	0.13895918777794794	-0.08902155197732042	0.2734012907132929	-0.6938526311200192	0.22891019707994986	-0.12648833336829773	0.11133312446568071	-0.4175978796426846	0.9999999999999962	-0.26596840426347557	0.16370994544818215	-0.08631515363165214	0.23152833201276704	-0.31519052353751037	0.18764688431334056	-0.17587256519370792	0.08388175359657317	-0.2072383415679792	0.19430177797635895	-0.19180781992851123	0.14884919991387222	-0.07520775747157935	0.09988703526834351	-0.09623993715257065	0.11197576098866424	-0.10539895758510075	0.08141651127482612	-0.08502107742419808	0.075609998510538	-0.08346655327803212	0.08846653603887923	-0.039751803369501744	0.10679101301822905	-0.10238613474067851	0.0771553253671667	-0.07613412243495934	0.04353394723887541
-0.15886877011767125	0.11894654989595889	-0.1266632692598297	0.13785340384222608	-0.12134703146468402	0.12260188633994994	-0.224906325857998	0.19258477776867902	-0.2415212181066492	0.13878394281744472	-0.17188201845855278	0.2019875853276866	-0.43508187847282576	0.23257403924898248	-0.19006555308458722	0.17254665065418287	-0.26596840426347557	0.9999999999999957	-0.5148698349766577	0.1464090538686661	-0.18278077473077217	0.2907410451698163	-0.4441266612923284	0.2962070608471779	-0.14816107889079375	0.18388995639323866	-0.24143794293289236	0.26486337465820115	-0.24577851120025232	0.1162905365762282	-0.11562974626901196	0.1122315682529097	-0.1549766773961858	0.1480545405801148	-0.12795139844449951	0.10053764582439079	-0.09212391577009935	0.11098958084988293	-0.12470354664206816	0.057853589363560366	-0.13021931688651517	0.12139092618575156	-0.10424555933143219	0.1011353173133028	-0.06418549881339433
0.12294104643467337	-0.10261358681512825	0.10713034452557132	-0.14272576166746523	0.1204480474143577	-0.09556792779919886	0.16963598921319006	-0.15599610486801432	0.24593991065830084	-0.15301834932869843	0.1288343383719087	-0.1494062211924764	0.25344810775241977	-0.4200974261292292	0.2003059231445859	-0.13314599041711328	0.16370994544818215	-0.5148698349766577	0.999999999999997	-0.21491133722383068	0.14040144669355237	-0.24320571584879738	0.24005759800993565	-0.5425959872231882	0.17225238704723236	-0.15361062746883655	0.18773200570962123	-0.23724497754116392	0.233279841079349	-0.1170519383037729	0.09667214835416542	-0.09545837278243381	0.13313319933191542	-0.14135312545555384	0.12078005424505556	-0.08718020261376065	0.07937091628648674	-0.09859900418685426	0.11083597051071258	-0.05386729644856519	0.11073114733246797	-0.10664151669606878	0.09131513001373133	-0.09139056134963552	0.05886989204637699
-0.07250286728609986	0.05632607665188061	-0.06052360913172857	0.06919550244145531	-0.06087014793640317	0.05454095485644506	-0.09449228555740467	0.07764557204912491	-0.1129287124437304	0.07115474675723767	-0.07452065308972904	0.07887889736650935	-0.13224398534765283	0.11205413085275032	-0.09720507513587058	0.07506023437165608	-0.08631515363165214	0.1464090538686661	-0.21491133722383068	0.999999999999996	-0.08477133309145046	0.12171990264206109	-0.10918791791803759	0.17311508015964014	-0.9038914323813158	0.09330103878777539	-0.11454037870554587	0.1316334766362584	-0.1582798156804191	0.17729386832087302	-0.0641976141253261	0.06315576976390085	-0.09468876227423745	0.10353224417591696	-0.18906607464710706	0.05911023030365843	-0.0544669343693783	0.07079682101361834	-0.08317783672453297	0.06564652412307141	-0.07646433663896167	0.07271494810199716	-0.06953980144660597	0.06964955391745489	-0.07422035466050161
0.17967793594770856	-0.10778036617534675	0.10966730669270783	-0.09029944798616414	0.07688185791896986	-0.156200135237284	0.1496533797382038	-0.11699028209736782	0.12735564638079752	-0.08322372351324968	0.2351212671108514	-0.21881686179530432	0.18971989752760665	-0.11234475715871242	0.1043631369963033	-0.5967348199219848	0.23152833201276704	-0.18278077473077217	0.14040144669355237	-0.08477133309145046	0.9999999999999926	-0.22525805645041608	0.15280234607971183	-0.16454555433710855	0.0825505205357915	-0.5551076964790804	0.2534436334526772	-0.20054878684358338	0.15184244953830547	-0.07897964216056964	0.1565525036531257	-0.1451591973498896	0.13359875306552954	-0.12049151347964898	0.08556150911958314	-0.12009525338414652	0.1034038192240383	-0.10229890890317518	0.10267646018004649	-0.044049301908814065	0.13734515242999723	-0.1348358675657206	0.09233047136738906	-0.09140816930976926	0.0479251320618993
-0.17336484391346857	0.11500001200481227	-0.12478745233253627	0.11732684024301242	-0.10407614842175074	0.1298978260625536	-0.20259874257702126	0.15690325171313244	-0.18852863154898708	0.11372428924538715	-0.1920880427950726	0.21223735973422816	-0.29285845352373785	0.16554740451477895	-0.15208820500203601	0.1947090063920433	-0.31519052353751037	0.2907410451698163	-0.24320571584879738	0.12171990264206109	-0.22525805645041608	0.9999999999999932	-0.6162720894997248	0.2563683140497209	-0.12613594319155141	0.22373424624162438	-0.3855801362714596	0.3061409649490095	-0.25457328377159066	0.1173314471055683	-0.14113830097436672	0.13694334985753617	-0.17696660577995801	0.15898131950222494	-0.13119838944310194	0.11636581162309113	-0.10740939403526167	0.12455666861342829	-0.1373922904452348	0.06093587347210863	-0.14886581917268818	0.13644441565865637	-0.11636765791492226	0.11131031498967078	-0.06778978996407073
0.12128128589414594	-0.08605784009603604	0.0919941460051585	-0.09426077109998379	0.0825231388617436	-0.09268993849426053	0.149513245488699	-0.12321322431719188	0.15342085481957962	-0.09321430241964451	0.13248970279880945	-0.15442006518637266	0.22654210169626515	-0.14673792623720144	0.12369492243365628	-0.13912324402869997	0.18764688431334056	-0.4441266612923284	0.24005759800993565	-0.10918791791803759	0.15280234607971183	-0.6162720894997248	0.9999999999999957	-0.33713305576488556	0.1093128482321809	-0.16725496680512075	0.24804577348697704	-0.47944955248841326	0.23723589658933375	-0.10449746464660307	0.1063200350595351	-0.10568546636458308	0.14871563338070212	-0.14075131393108456	0.11196506358526499	-0.0914640639608034	0.08425206133311047	-0.1048028976803391	0.11492443030272505	-0.05112545619498106	0.11377820669191054	-0.10769443435621717	0.0947343832059199	-0.0925838140069995	0.0562975067648626
-0.1384396066423267	0.10524359644767653	-0.11369240413293501	0.12877254268289642	-0.11548891594038341	0.10425697616100026	-0.1848318953064622	0.15144059567614798	-0.23047468457600231	0.13157404258322986	-0.14405713930315536	0.1531452862743767	-0.26520720043438456	0.2216416628452217	-0.1854163580232619	0.14390174074954687	-0.17587256519370792	0.2962070608471779	-0.5425959872231882	0.17311508015964014	-0.16454555433710855	0.2563683140497209	-0.33713305576488556	0.9999999999999941	-0.18833139395320336	0.17587944348367995	-0.23726703717000155	0.28008560491145235	-0.4955959733222612	0.16564613585086643	-0.12183116117759991	0.11926739390498055	-0.18521878752617274	0.19793575599859387	-0.1776537357160389	0.10793746295610275	-0.10055241890624173	0.13170564378799637	-0.15973352604205027	0.07369751426470762	-0.13753680642507168	0.12892808682101545	-0.123511486811486	0.12014762387589094	-0.08177013638728318
0.0694345116069566	-0.054046041659400024	0.05741492218486612	-0.0657543814191235	0.05658836286237654	-0.0525873227597499	0.08796377315991931	-0.07323361142261652	0.10208729896354794	-0.06714463404925135	0.07193061926644817	-0.0774780625884174	0.12269071038883816	-0.10512641330051818	0.08748633323372104	-0.07402761407124922	0.08388175359657317	-0.14816107889079375	0.17225238704723236	-0.9038914323813158	0.0825505205357915	-0.12613594319155141	0.1093128482321809	-0.18833139395320336	0.9999999999999909	-0.09383983005566299	0.11186666832938863	-0.13692613435664902	0.15395332582755877	-0.22715939130245255	0.06318672353886541	-0.06281112041427661	0.09207873150804281	-0.10520549992357102	0.17364599062542926	-0.05910461930879393	0.05402454146365681	-0.07025863696181212	0.08103457980409891	-0.0638871005378394	0.07504739553793838	-0.07329394323307876	0.06767765711843943	-0.06953611678936648	0.06857926439986947
-0.18563373326768104	0.10696372401574623	-0.11623273997674326	0.09468980201681015	-0.0827970741167134	0.13539561498696895	-0.16076823436389076	0.1220191628399378	-0.13939250399042044	0.08832519869200472	-0.21134576749347547	0.17682797388429583	-0.20741746095452906	0.12033625958335839	-0.11415222926227414	0.25004092687663765	-0.2072383415679792	0.18388995639323866	-0.15361062746883655	0.09330103878777539	-0.5551076964790804	0.22373424624162438	-0.16725496680512075	0.17587944348367995	-0.09383983005566299	0.9999999999999916	-0.5276313277048511	0.23180033726674443	-0.1859470008760103	0.09420392760659649	-0.3186957585940095	0.22043685987478867	-0.18351306527547506	0.1494169874540199	-0.10458577557828816	0.16427154117653625	-0.148083011680928	0.13395420649452733	-0.13324657199970502	0.05391328325780883	-0.18501139675112255	0.1661170092472009	-0.12030211002279742	0.11448451789234437	-0.05920958913697788
0.15464437634279654	-0.10357769602079911	0.11027961509147283	-0.10231179687514501	0.08853090054113225	-0.11792254285816604	0.16313321308892326	-0.128747609592663	0.1528887758842899	-0.09775530035301434	0.17006565396669865	-0.17590276415756806	0.2211188488194157	-0.13843209019240896	0.12544046125901018	-0.2059070373244388	0.19430177797635895	-0.24143794293289236	0.18773200570962123	-0.11454037870554587	0.2534436334526772	-0.3855801362714596	0.24804577348697704	-0.23726703717000155	0.11186666832938863	-0.5276313277048511	0.9999999999999937	-0.454987730305815	0.2337809899215532	-0.11699109647381327	0.22877997221737234	-0.27787103986811545	0.20643574125754535	-0.18577482091286202	0.12429819379687301	-0.18026987999657793	0.1593679182699445	-0.15803864088102065	0.1536090891049465	-0.06406430738512281	0.1880492802356561	-0.19469509975009294	0.135766519355849	-0.136238269758787	0.06918649484127268
-0.14991853109369122	0.1033818730139902	-0.11238884701327821	0.10941160041328593	-0.09700102226049226	0.1112084314631176	-0.17737645713173406	0.13926725675172616	-0.17575853278904616	0.10684424901072988	-0.15902059809661218	0.16246280619789658	-0.2522273929967986	0.15698499969817536	-0.14284349565292243	0.1626472116886103	-0.19180781992851123	0.26486337465820115	-0.23724497754116392	0.1316334766362584	-0.20054878684358338	0.3061409649490095	-0.47944955248841326	0.28008560491145235	-0.13692613435664902	0.23180033726674443	-0.454987730305815	0.9999999999999907	-0.44905224938578925	0.15867632437983906	-0.1636848659482084	0.16343830823339395	-0.2731377263916254	0.2212413411097478	-0.17549213164564648	0.13691388187580317	-0.12936069628594468	0.16905359538133927	-0.1867770382974023	0.07787330782202814	-0.1667804756239476	0.15636138899817695	-0.15002628756616218	0.1428824160328165	-0.08644977528578715
0.1184977067879469	-0.08673783743687617	0.09253724194057328	-0.09735446018434166	0.08437041558960287	-0.08958593936164586	0.14279246231326345	-0.11670415215445314	0.15279049684520515	-0.09647755417083555	0.12516544401377946	-0.13424728821620985	0.20000833439903837	-0.1497915910623638	0.12546121663698623	-0.1322549150391717	0.14884919991387222	-0.24577851120025232	0.233279841079349	-0.1582798156804191	0.15184244953830547	-0.25457328377159066	0.23723589658933375	-0.4955959733222612	0.15395332582755877	-0.1859470008760103	0.2337809899215532	-0.44905224938578925	0.9999999999999889	-0.3258925646962325	0.13380555553863813	-0.13789009750508863	0.22744952412730762	-0.4105178317493501	0.2352450987495586	-0.1269648484396635	0.11783247931749367	-0.17602923636254053	0.21307521985563907	-0.09844471607209589	0.1484201102069236	-0.15068396315458	0.15172960933188687	-0.1626346863218465	0.10261095257401946
-0.062450160700593164	0.04573486101975941	-0.04909554139487263	0.05124784490538449	-0.04467774252298408	0.04683407171270492	-0.07548816057426201	0.06085403791926226	-0.08020590290631333	0.050762462737851524	-0.06522091683531837	0.06832371935649463	-0.10443997268645716	0.07615728564492064	-0.06651877358128107	0.06781172264340175	-0.07520775747157935	0.1162905365762282	-0.1170519383037729	0.17729386832087302	-0.07897964216056964	0.1173314471055683	-0.10449746464660307	0.16564613585086643	-0.22715939130245255	0.09420392760659649	-0.11699109647381327	0.15867632437983906	-0.3258925646962325	0.9999999999999906	-0.07240324793468554	0.0730259325742097	-0.12692032632371042	0.17152965298878292	-0.8392969973995739	0.0688827467045959	-0.06491412900024575	0.09660261201646714	-0.12430990497952846	0.15743341669638514	-0.08383543470160668	0.08286252237648598	-0.09640294037556033	0.10034727980988029	-0.1761844451019109
0.08710736586188297	-0.05660256852503222	0.06108322077274647	-0.05487970904012272	0.04781087387404684	-0.06483147447486742	0.08868338282992165	-0.06876622705182207	0.08182361862007528	-0.052184715447636865	0.09455135293085189	-0.09008923929605023	0.1177838796179761	-0.07277343129971593	0.06732163280196553	-0.11011709680605115	0.09988703526834351	-0.11562974626901196	0.09667214835416542	-0.0641976141253261	0.1565525036531257	-0.14113830097436672	0.1063200350595351	-0.12183116117759991	0.06318672353886541	-0.3186957585940095	0.22877997221737234	-0.1636848659482084	0.13380555553863813	-0.07240324793468554	0.9999999999999897	-0.7566435891114596	0.21203656883057564	-0.1576584770992935	0.07820996678315774	-0.3780349225353693	0.2648304875435662	-0.17525313189614708	0.1378110541094245	-0.046625375390347994	0.2004226795548234	-0.21749790634977667	0.12785751855305583	-0.12617251674298552	0.04960007559746302
-0.08423445984280521	0.05475649571610322	-0.05940799575931404	0.05348017885821783	-0.046781368059420826	0.0621393408150892	-0.08687218762868977	0.06716203662277831	-0.08044204146203365	0.0509715238348357	-0.09064232583930139	0.08599855784117631	-0.11577711415259494	0.07129120548351132	-0.0661268687380307	0.1009151654328832	-0.09623993715257065	0.1122315682529097	-0.09545837278243381	0.06315576976390085	-0.1451591973498896	0.13694334985753617	-0.10568546636458308	0.11926739390498055	-0.06281112041427661	0.22043685987478867	-0.27787103986811545	0.16343830823339395	-0.13789009750508863	0.0730259325742097	-0.7566435891114596	0.9999999999999928	-0.29811971242666196	0.16137504527825441	-0.07996149206929731	0.27325126819219014	-0.36602170927987976	0.18774156613620732	-0.14956967931588652	0.04716309411238422	-0.2080827188379235	0.20198499793350216	-0.13674317046808257	0.12732032733337098	-0.05057529222433149
0.0946023553542126	-0.06562016231877126	0.07067205255084495	-0.06822580137167678	0.05938297383371403	-0.07057233874286055	0.10609107289010779	-0.08384166399645011	0.10375783642005654	-0.06601940444987531	0.10004879121806241	-0.10155614455453567	0.14449694007331476	-0.09500221549767801	0.08545813593665623	-0.10795367990034563	0.11197576098866424	-0.1549766773961858	0.13313319933191542	-0.09468876227423745	0.13359875306552954	-0.17696660577995801	0.14871563338070212	-0.18521878752617274	0.09207873150804281	-0.18351306527547506	0.20643574125754535	-0.2731377263916254	0.22744952412730762	-0.12692032632371042	0.21203656883057564	-0.29811971242666196	0.9999999999999886	-0.46782465138672763	0.13322711417178437	-0.21961199673387743	0.21343601940291002	-0.5934436466150876	0.30527032334792814	-0.08418063044543868	0.19090697442439855	-0.2160772047567988	0.24474643797356027	-0.2645262121830488	0.08694829157406156
-0.08953904342655546	0.06293006508066412	-0.06813834918111444	0.06718167835460057	-0.058989744303074694	0.06647398182132849	-0.10405713215871179	0.0821365495630175	-0.1049432806261898	0.0655933946853998	-0.0937711603546223	0.09490891643225235	-0.1424657182644582	0.09589867888576409	-0.08629248761325634	0.09796679308018827	-0.10539895758510075	0.1480545405801148	-0.14135312545555384	0.10353224417591696	-0.12049151347964898	0.15898131950222494	-0.14075131393108456	0.19793575599859387	-0.10520549992357102	0.1494169874540199	-0.18577482091286202	0.2212413411097478	-0.4105178317493501	0.17152965298878292	-0.1576584770992935	0.16137504527825441	-0.46782465138672763	0.9999999999999888	-0.20765328536543215	0.14804792378112264	-0.15138494574491665	0.28767528925112706	-0.600830924604554	0.09712467427333261	-0.16471145796963724	0.1619225351705392	-0.2414367079992718	0.23304432581944398	-0.10408780552091967
0.0672721919222237	-0.04938680864320289	0.052732019204578116	-0.055045231495058036	0.04758630916126042	-0.05066173695279215	0.08028751870628602	-0.06511003115544305	0.08446526928187376	-0.05436234284058312	0.0704940386302576	-0.07458422694069225	0.11085134367721051	-0.0811687952647656	0.07022160955969589	-0.07425806508765793	0.08141651127482612	-0.12795139844449951	0.12078005424505556	-0.18906607464710706	0.08556150911958314	-0.13119838944310194	0.11196506358526499	-0.1776537357160389	0.17364599062542926	-0.10458577557828816	0.12429819379687301	-0.17549213164564648	0.2352450987495586	-0.8392969973995739	0.07820996678315774	-0.07996149206929731	0.13322711417178437	-0.20765328536543215	0.9999999999999853	-0.07618473725822694	0.07090351564687654	-0.10623326381136063	0.13156213784528764	-0.22865929694264495	0.0908574783036977	-0.09260591281606007	0.10265194315621164	-0.11297714000812274	0.17908309696682387
-0.07690240153857615	0.05052721446281199	-0.05525570509620372	0.04962924739065853	-0.043591028720366874	0.05618659947025727	-0.08107483389019723	0.06222512537675328	-0.07477672098255915	0.04730202655521216	-0.08109116111715538	0.07664548199671432	-0.10762832239356564	0.06575070727717043	-0.06156609001031935	0.0869028820697584	-0.08502107742419808	0.10053764582439079	-0.08718020261376065	0.05911023030365843	-0.12009525338414652	0.11636581162309113	-0.0914640639608034	0.10793746295610275	-0.05910461930879393	0.16427154117653625	-0.18026987999657793	0.13691388187580317	-0.1269648484396635	0.0688827467045959	-0.3780349225353693	0.27325126819219014	-0.21961199673387743	0.14804792378112264	-0.07618473725822694	0.9999999999999857	-0.721840913592485	0.19852573195363923	-0.16055736954480854	0.04758853630861722	-0.4001409434320389	0.28667788103987174	-0.15657888543740012	0.13571780449608337	-0.051222233748051724
0.06740727630924624	-0.044803999702398664	0.04879156006617227	-0.04444352905716552	0.03892985279363719	-0.049546949316230306	0.07182960026434554	-0.05547080909208052	0.06693775941367258	-0.04246155613644548	0.07120200979943633	-0.06843344646881658	0.09575806827072277	-0.05934937282019887	0.05513049215201906	-0.07708781662703686	0.075609998510538	-0.09212391577009935	0.07937091628648674	-0.0544669343693783	0.1034038192240383	-0.10740939403526167	0.08425206133311047	-0.10055241890624173	0.05402454146365681	-0.148083011680928	0.1593679182699445	-0.12936069628594468	0.11783247931749367	-0.06491412900024575	0.2648304875435662	-0.36602170927987976	0.21343601940291002	-0.15138494574491665	0.07090351564687654	-0.721840913592485	0.9999999999999862	-0.27296453245364427	0.16038605400723155	-0.04608162238423814	0.27711426458339816	-0.4021155957531916	0.15736633278255746	-0.14195814505721002	0.048967079248542066
-0.07220897724870733	0.04958129713585676	-0.05375260505714685	0.05118335853733849	-0.04480534566810405	0.053418048877719476	-0.08069126362636844	0.06315476849261384	-0.07827005879661536	0.04945311817834066	-0.07591475280523814	0.0754405883180573	-0.1092687370369594	0.07066712738114246	-0.06444560073423759	0.08057446690526235	-0.08346655327803212	0.11098958084988293	-0.09859900418685426	0.07079682101361834	-0.10229890890317518	0.12455666861342829	-0.1048028976803391	0.13170564378799637	-0.07025863696181212	0.13395420649452733	-0.15803864088102065	0.16905359538133927	-0.17602923636254053	0.09660261201646714	-0.17525313189614708	0.18774156613620732	-0.5934436466150876	0.28767528925112706	-0.10623326381136063	0.19852573195363923	-0.27296453245364427	0.9999999999999855	-0.5038532834051708	0.07676938592477	-0.1796425937362478	0.1908538493506477	-0.4162237692570804	0.27862680349609764	-0.08132394182846671
0.07524056671571892	-0.052748257431409755	0.056859435127411484	-0.055589750481481966	0.048423496876291494	-0.05604708425323721	0.08569560034271395	-0.06785082335979979	0.08493464419467303	-0.05399109242464652	0.07907405104014112	-0.08047636013674903	0.11675990592970048	-0.078186004401488	0.07002263534149965	-0.08407735149264765	0.08846653603887923	-0.12470354664206816	0.11083597051071258	-0.08317783672453297	0.10267646018004649	-0.1373922904452348	0.11492443030272505	-0.15973352604205027	0.08103457980409891	-0.13324657199970502	0.1536090891049465	-0.1867770382974023	0.21307521985563907	-0.12430990497952846	0.1378110541094245	-0.14956967931588652	0.30527032334792814	-0.600830924604554	0.13156213784528764	-0.16055736954480854	0.16038605400723155	-0.5038532834051708	0.9999999999999861	-0.10398135944099225	0.15567940221798193	-0.1719712625690828	0.2795789080958988	-0.422417234926906	0.10325707320187852
-0.033913408326528324	0.024272946952216226	-0.026146917834905394	0.026218410661803714	-0.022832662611098693	0.02527715250402733	-0.039639384156073015	0.031539932767965156	-0.040209602358539605	0.025646536935972564	-0.035368950087011145	0.036338903838374056	-0.05414162167352872	0.03735893384893655	-0.033322950543967035	0.03698828828506755	-0.039751803369501744	0.057853589363560366	-0.05386729644856519	0.06564652412307141	-0.044049301908814065	0.06093587347210863	-0.05112545619498106	0.07369751426470762	-0.0638871005378394	0.05391328325780883	-0.06406430738512281	0.07787330782202814	-0.09844471607209589	0.15743341669638514	-0.046625375390347994	0.04716309411238422	-0.08418063044543868	0.09712467427333261	-0.22865929694264495	0.04758853630861722	-0.04608162238423814	0.07676938592477	-0.10398135944099225	0.9999999999999863	-0.0590769678228035	0.059129052142335964	-0.11029502772734084	0.12422200044080411	-0.9368645937105613
0.09857094421799786	-0.06631393255845808	0.07254149911217389	-0.06528248349252384	0.057132388585687546	-0.07208064652320054	0.10594062091005846	-0.08125249259082287	0.09706959834798376	-0.06204911839620895	0.10224405614944385	-0.09846232671868366	0.13998945422539422	-0.08533791897095888	0.08018068405091185	-0.10861861598689099	0.10679101301822905	-0.13021931688651517	0.11073114733246797	-0.07646433663896167	0.13734515242999723	-0.14886581917268818	0.11377820669191054	-0.13753680642507168	0.07504739553793838	-0.18501139675112255	0.1880492802356561	-0.1667804756239476	0.1484201102069236	-0.08383543470160668	0.2004226795548234	-0.2080827188379235	0.19090697442439855	-0.16471145796963724	0.0908574783036977	-0.4001409434320389	0.27711426458339816	-0.1796425937362478	0.15567940221798193	-0.0590769678228035	0.9999999999999861	-0.7591585434652863	0.1751307000352374	-0.17378020843690672	0.062391771139025415
-0.09588876114845166	0.0634255210226167	-0.0700378264797332	0.06233217109483713	-0.055046698387118634	0.06929763225705028	-0.10320201815421443	0.07839811257017118	-0.09411161289874297	0.05933548628612716	-0.09899801475860126	0.09303290592229974	-0.13637440063827383	0.08174840776641032	-0.07756085184830044	0.10199633228573055	-0.10238613474067851	0.12139092618575156	-0.10664151669606878	0.07271494810199716	-0.1348358675657206	0.13644441565865637	-0.10769443435621717	0.12892808682101545	-0.07329394323307876	0.1661170092472009	-0.19469509975009294	0.15636138899817695	-0.15068396315458	0.08286252237648598	-0.21749790634977667	0.20198499793350216	-0.2160772047567988	0.1619225351705392	-0.09260591281606007	0.28667788103987174	-0.4021155957531916	0.1908538493506477	-0.1719712625690828	0.059129052142335964	-0.7591585434652863	0.9999999999999861	-0.2253523278688972	0.1733262409261391	-0.06417356821799365
0.06707454244558139	-0.046451384944270535	0.05026767493166369	-0.048071183383324556	0.04194089738504925	-0.04970039898629135	0.07520128258536535	-0.058994135667636234	0.07290768570919393	-0.04641954300461971	0.07026507982488259	-0.0703887670756598	0.1016167557513872	-0.06612829899223856	0.060159836076484924	-0.07459547932198224	0.0771553253671667	-0.10424555933143219	0.09131513001373133	-0.06953980144660597	0.09233047136738906	-0.11636765791492226	0.0947343832059199	-0.123511486811486	0.06767765711843943	-0.12030211002279742	0.135766519355849	-0.15002628756616218	0.15172960933188687	-0.09640294037556033	0.12785751855305583	-0.13674317046808257	0.24474643797356027	-0.2414367079992718	0.10265194315621164	-0.15657888543740012	0.15736633278255746	-0.4162237692570804	0.2795789080958988	-0.11029502772734084	0.1751307000352374	-0.2253523278688972	0.9999999999999862	-0.7728012618517022	0.11166189846782118
