1.0	-0.917130852246297	0.22187586786528335	-0.1041690129082467	0.07119549586534656	-0.04269073151819228	0.0586750795575426	-0.05706810617420703	0.10212601853850728	-0.07996993356001193	0.03734904486985062	-0.052725622162868906	0.05745963440064236	-0.07701106868881975	0.04380170749142779	-0.052154672418451724	0.05958125772277423	-0.062479707066214606	0.058064393223648016	-0.055238814288212895	0.036174258561909284	-0.04989301680181941	0.04762425404648479	-0.048557501890514415	0.056091670267924026	-0.04245377784540785	0.03540781019515693	-0.0351254452878197	0.032415958541033754	-0.029563232062112667	0.04938529352888865	-0.029477348776409618	0.03474434460826756	-0.023243880939894074	0.029566037304282665
-0.917130852246297	1.0000000000000002	-0.2996088611662493	0.10305483786517368	-0.0713220399664618	0.036885391343062575	-0.057606030537336296	0.05290950133912816	-0.10212975980573967	0.07411578521667943	-0.03302314117965049	0.048352277730182164	-0.05303388611601377	0.06498160500089832	-0.037481748292341015	0.04336863780261397	-0.05123975342972741	0.05231510621414405	-0.049276689052877305	0.045888252895403187	-0.030023460617225353	0.04143406757173321	-0.03973572230219381	0.04037419605722304	-0.046935647594586065	0.03470159579782509	-0.0293146790899647	0.0291093298102232	-0.026951406039799286	0.02455597935694058	-0.04037962878510469	0.024339311997620686	-0.02877760844935996	0.01928209523980605	-0.02458812461915874
0.22187586786528335	-0.2996088611662493	0.9999999999999997	-0.46293160599604555	0.21982562720461718	-0.0662232251092794	0.09284664494785205	-0.13135947022893146	0.2854559779138228	-0.25582688324867353	0.05942242469948248	-0.0866497317950508	0.12484591123042747	-0.20404025597711495	0.11371345258568707	-0.11038916970814974	0.12320944779683585	-0.13832731804273843	0.1432687607261451	-0.14179830614257793	0.07818730537690037	-0.10824794819628177	0.10722579437091888	-0.11786578307246509	0.13493501630439045	-0.09386295266893945	0.07924971765613166	-0.07934390503147382	0.07643417848897327	-0.07025021725766166	0.10976831132046326	-0.06611026118239506	0.07842733677300598	-0.05465394278908617	0.07011163203528004
-0.1041690129082467	0.10305483786517368	-0.46293160599604555	0.9999999999999987	-0.5205557012381158	0.03429894209503277	-0.0526047770348205	0.07697032015277706	-0.6047251924915931	0.31152697259779477	-0.03127799385128965	0.04732034408651432	-0.07677372418537445	0.15129274582633184	-0.09129911803323755	0.05737305173654604	-0.06742032511000678	0.07607779592171018	-0.10416127052127108	0.09443032221323829	-0.04136999697207352	0.05762843599676488	-0.06109279816742808	0.07466067009169955	-0.08873970314856423	0.048571426062822685	-0.04384156640541623	0.04461277133736784	-0.04735608898774341	0.043713214532984955	-0.05739378968809758	0.0363116046844877	-0.044077379870408814	0.03330264933586979	-0.04394767984119193
0.07119549586534656	-0.0713220399664618	0.21982562720461718	-0.5205557012381158	0.9999999999999987	-0.02723247553609358	0.04010526505499854	-0.0565839399692323	0.3013689012682168	-0.761703649711587	0.024797322938215943	-0.03685898112305856	0.05716874096417805	-0.12515759307842894	0.08422182383330891	-0.04689237492128625	0.05442447885599688	-0.06209657377337552	0.08396671319370742	-0.0879532270127986	0.03384938295010464	-0.04718379572693727	0.04992418871083377	-0.06185079240211694	0.07267526705009549	-0.039940379335338595	0.03591525904094173	-0.0365810712464129	0.038799129532050704	-0.035942866598910946	0.0471546845075807	-0.029792211097708764	0.03610479437809978	-0.027341431712022104	0.036004287992517786
-0.04269073151819228	0.036885391343062575	-0.0662232251092794	0.03429894209503277	-0.02723247553609358	0.9999999999999987	-0.23991866189097794	0.12562830065890584	-0.04792346448550767	0.03006709472552317	-0.9167665886610797	0.21682622929137246	-0.15732166168367634	0.04758977604907244	-0.028033466509504865	0.123051903665364	-0.16201574853211145	0.10582529441999962	-0.04851400261766137	0.03640406840430085	-0.07910665936536138	0.09234403443548489	-0.07719661527883886	0.045568474230429507	-0.05047980621569138	0.0713664057984209	-0.05761691508762168	0.05323651024566029	-0.03477707075338567	0.029900016672367517	-0.08499342834600451	0.046351673062312984	-0.05370070269835613	0.02565260936379879	-0.029784527847168514
0.0586750795575426	-0.057606030537336296	0.09284664494785205	-0.0526047770348205	0.04010526505499854	-0.23991866189097794	0.9999999999999987	-0.4163749810997256	0.07261455375296527	-0.046369518157130044	0.19634525656356266	-0.7635804628636119	0.27090336072099364	-0.06990100446072156	0.040365794674789214	-0.16337505175394787	0.22539234929730811	-0.17720666896435336	0.06873204684934625	-0.05275696319102088	0.09759566103537588	-0.1395885555284807	0.10744443878126266	-0.06440401088769966	0.06814341484447599	-0.09372548916305708	0.07710697760274739	-0.0745715973826214	0.04691836394095268	-0.04077083993835956	0.09886504246625352	-0.06318051027661693	0.07098558416005771	-0.034872705540554876	0.039967049064241346
-0.05706810617420703	0.05290950133912816	-0.13135947022893146	0.07697032015277706	-0.0565839399692323	0.12562830065890584	-0.4163749810997256	0.9999999999999989	-0.11447784474030216	0.06642071140992697	-0.11779076914905542	0.2505655500786934	-0.8193232027849472	0.07895129380429836	-0.04581172967256481	0.1200731325288101	-0.18554308870921693	0.16649686173757777	-0.07436478871762368	0.05743585879515762	-0.07980402648006384	0.11070321623720707	-0.10758620419270568	0.06635041688301023	-0.07217967343054953	0.0800246146762192	-0.07170396806850332	0.07003989136181588	-0.047602033694420606	0.04150165517682477	-0.09096966766870954	0.05786692695930595	-0.06872074196392838	0.03490126532333221	-0.04111040709495948
0.10212601853850728	-0.10212975980573967	0.2854559779138228	-0.6047251924915931	0.3013689012682168	-0.04792346448550767	0.07261455375296527	-0.11447784474030216	0.9999999999999977	-0.48926355307777886	0.04355021996537171	-0.06636221998923672	0.10576011958550727	-0.29050435376769224	0.1397877962492769	-0.0824512327125691	0.09571827015342428	-0.11098719777419556	0.1544478026322656	-0.14950541636586706	0.059421379032370866	-0.083115896004092	0.08828722889529814	-0.1126045207381172	0.12783286162270158	-0.06992829537523129	0.06303677987301883	-0.06448274577421989	0.06810716869878178	-0.06337313470344476	0.082112470893693	-0.052326904695357446	0.06333368344354402	-0.04809605291034047	0.0631305673843136
-0.07996993356001193	0.07411578521667943	-0.25582688324867353	0.31152697259779477	-0.761703649711587	0.03006709472552317	-0.046369518157130044	0.06642071140992697	-0.48926355307777886	0.9999999999999981	-0.027611461981531783	0.041781128951117484	-0.06836420051579116	0.14681857963365078	-0.1119182275636903	0.05137581511183981	-0.061368709318938855	0.06951191625606831	-0.10425636319858024	0.1025842961617664	-0.03743312787873957	0.052242381702636245	-0.05701076087248119	0.07261783024505712	-0.08813975551039695	0.04365746917059436	-0.04056275229895832	0.04153323651582424	-0.04601581696397175	0.04256073889776574	-0.05195912146978809	0.03350336613123627	-0.04108637001284847	0.03215308925428643	-0.04291879464918863
0.03734904486985062	-0.03302314117965049	0.05942242469948248	-0.03127799385128965	0.024797322938215943	-0.9167665886610797	0.19634525656356266	-0.11779076914905542	0.04355021996537171	-0.027611461981531783	0.999999999999996	-0.27746251496576707	0.1312646438897571	-0.044918041953555615	0.026306339490537914	-0.1357349996333602	0.1486090342129919	-0.10385395803408963	0.04548312109355619	-0.03442454079475948	0.07828826868224682	-0.09298726910302085	0.07290050118171343	-0.04306707061670705	0.046990635979751866	-0.07015928532987868	0.05490888191843331	-0.05096206796826097	0.03260568885107767	-0.028091711381745228	0.07918524908978034	-0.044448190130031505	0.05055533788787121	-0.02415566056403569	0.02782879700343525
-0.052725622162868906	0.048352277730182164	-0.0866497317950508	0.04732034408651432	-0.03685898112305856	0.21682622929137246	-0.7635804628636119	0.2505655500786934	-0.06636221998923672	0.041781128951117484	-0.27746251496576707	0.9999999999999983	-0.31669393037926874	0.06573665475179902	-0.0382980477033253	0.16009391587203883	-0.348625963234271	0.17179551697832882	-0.06687994060664423	0.04997736066029874	-0.09916730887190643	0.13634175022023623	-0.10919157314679934	0.0626714617589204	-0.06689172506552797	0.09160213197050429	-0.07739772412862739	0.07380658399828191	-0.046323704065659665	0.03999231011201741	-0.10021920450413432	0.06250034319898667	-0.07147488127040945	0.034336210030828485	-0.03938204547901509
0.05745963440064236	-0.05303388611601377	0.12484591123042747	-0.07677372418537445	0.05716874096417805	-0.15732166168367634	0.27090336072099364	-0.8193232027849472	0.10576011958550727	-0.06836420051579116	0.1312646438897571	-0.31669393037926874	0.9999999999999977	-0.0912730809777017	0.0524050639271374	-0.15181097617493167	0.19902421497068173	-0.2418926070210467	0.08723558784383775	-0.06753337098714732	0.09756175890351795	-0.14013834060302582	0.13015830308037069	-0.07962188076699835	0.08408299427242664	-0.09883764260168708	0.08644521026344468	-0.08631821083804153	0.05631803002858095	-0.049229715979709925	0.10742348950230121	-0.07070543160573023	0.08204624081150749	-0.04159909835117355	0.04833002289646103
-0.07701106868881975	0.06498160500089832	-0.20404025597711495	0.15129274582633184	-0.12515759307842894	0.04758977604907244	-0.06990100446072156	0.07895129380429836	-0.29050435376769224	0.14681857963365078	-0.044918041953555615	0.06573665475179902	-0.0912730809777017	0.9999999999999956	-0.5211608296331288	0.10404359022109462	-0.12879316034851818	0.16218814732991077	-0.5361163583562834	0.31117985879822213	-0.0805910209098069	0.11466648522748228	-0.14870093009798974	0.24797980523244983	-0.3060900457844163	0.09236537434389147	-0.09913136491885356	0.10602467854888081	-0.14316851539207884	0.13393053673101266	-0.11233783399386368	0.08108127520225608	-0.10408629390162157	0.09726377803165588	-0.13597691566376102
0.04380170749142779	-0.037481748292341015	0.11371345258568707	-0.09129911803323755	0.08422182383330891	-0.028033466509504865	0.040365794674789214	-0.04581172967256481	0.1397877962492769	-0.1119182275636903	0.026306339490537914	-0.0382980477033253	0.0524050639271374	-0.5211608296331288	0.9999999999999963	-0.0620209928573014	0.07429508846626456	-0.09725475787808319	0.24101951361045404	-0.7746745905332463	0.04746358934008554	-0.06825871314304992	0.08586230569963516	-0.15534578537714958	0.1770091793703069	-0.05467067069080246	0.057357694221112365	-0.06203526001386113	0.08080944712988328	-0.07975789185851474	0.06512285819391092	-0.04736706816813349	0.05982678363533721	-0.05632146282561641	0.07658648643145405
-0.052154672418451724	0.04336863780261397	-0.11038916970814974	0.05737305173654604	-0.04689237492128625	0.123051903665364	-0.16337505175394787	0.1200731325288101	-0.0824512327125691	0.05137581511183981	-0.1357349996333602	0.16009391587203883	-0.15181097617493167	0.10404359022109462	-0.0620209928573014	0.9999999999999956	-0.49327385258632284	0.24221669824703457	-0.1160119989048535	0.08201224578338652	-0.6148324772467787	0.31179508778741377	-0.23714508100274378	0.11619639182590227	-0.12986887425587307	0.2709318995818738	-0.19746308389490966	0.1622672718281796	-0.09660507166465163	0.08047203948155292	-0.35031458990266817	0.15000797663392823	-0.17377383069192495	0.07160442589591146	-0.08077262389830533
0.05958125772277423	-0.05123975342972741	0.12320944779683585	-0.06742032511000678	0.05442447885599688	-0.16201574853211145	0.22539234929730811	-0.18554308870921693	0.09571827015342428	-0.061368709318938855	0.1486090342129919	-0.348625963234271	0.19902421497068173	-0.12879316034851818	0.07429508846626456	-0.49327385258632284	0.9999999999999943	-0.48349615822207176	0.13830486189539365	-0.10039137307456353	0.256127353690276	-0.40254861570445244	0.2529804131403278	-0.1352869972976637	0.13716628699428535	-0.22483938205618254	0.18288948117631354	-0.1755539496955819	0.0996206877320949	-0.0856396346046092	0.22414854572942977	-0.14898152023075334	0.16218061916353563	-0.07490716458627529	0.08304801765294836
-0.062479707066214606	0.05231510621414405	-0.13832731804273843	0.07607779592171018	-0.06209657377337552	0.10582529441999962	-0.17720666896435336	0.16649686173757777	-0.11098719777419556	0.06951191625606831	-0.10385395803408963	0.17179551697832882	-0.2418926070210467	0.16218814732991077	-0.09725475787808319	0.24221669824703457	-0.48349615822207176	0.9999999999999936	-0.2354458576394944	0.12728878836476326	-0.1972376936879804	0.2732228508395959	-0.5739879905080086	0.19805099521715913	-0.20148890332148886	0.1931042283713848	-0.23404445038474023	0.24165719025506882	-0.14172109621120918	0.1183644404274306	-0.24136227243298974	0.1767055021110694	-0.2399785502658538	0.10299718475750169	-0.11725070115715033
0.058064393223648016	-0.049276689052877305	0.1432687607261451	-0.10416127052127108	0.08396671319370742	-0.04851400261766137	0.06873204684934625	-0.07436478871762368	0.1544478026322656	-0.10425636319858024	0.04548312109355619	-0.06687994060664423	0.08723558784383775	-0.5361163583562834	0.24101951361045404	-0.1160119989048535	0.13830486189539365	-0.2354458576394944	0.9999999999999938	-0.36164000279903136	0.08861524029368655	-0.13244898867655147	0.1803161408591821	-0.5801249802134313	0.2853928567284823	-0.09992842721093811	0.10623330459653846	-0.12115567096456051	0.13603115798441065	-0.13843708139725924	0.11409460439331737	-0.0883141799741819	0.10946680361854454	-0.09777511727746359	0.1239019218830612
-0.055238814288212895	0.045888252895403187	-0.14179830614257793	0.09443032221323829	-0.0879532270127986	0.03640406840430085	-0.05275696319102088	0.05743585879515762	-0.14950541636586706	0.1025842961617664	-0.03442454079475948	0.04997736066029874	-0.06753337098714732	0.31117985879822213	-0.7746745905332463	0.08201224578338652	-0.10039137307456353	0.12728878836476326	-0.36164000279903136	0.9999999999999937	-0.06369744254652246	0.09103374525223035	-0.11774809493081682	0.20205696683563784	-0.2834254285218651	0.07318869721306974	-0.07925223224643183	0.0854825708644251	-0.12008604486658786	0.11657094617291484	-0.08874441183640916	0.0650372879805539	-0.08352619145949494	0.08196084715233368	-0.11506107217831651
0.036174258561909284	-0.030023460617225353	0.07818730537690037	-0.04136999697207352	0.03384938295010464	-0.07910665936536138	0.09759566103537588	-0.07980402648006384	0.059421379032370866	-0.03743312787873957	0.07828826868224682	-0.09916730887190643	0.09756175890351795	-0.0805910209098069	0.04746358934008554	-0.6148324772467787	0.256127353690276	-0.1972376936879804	0.08861524029368655	-0.06369744254652246	0.9999999999999919	-0.5453721645526084	0.1956933176795145	-0.09248664081803643	0.09811506268512066	-0.43464818866962174	0.18557633783576297	-0.14654948958865321	0.07668809614069647	-0.06382530471532481	0.28159752407317995	-0.14046769757987754	0.1435036625961127	-0.0578588584217732	0.06266822719633075
-0.04989301680181941	0.04143406757173321	-0.10824794819628177	0.05762843599676488	-0.04718379572693727	0.09234403443548489	-0.1395885555284807	0.11070321623720707	-0.083115896004092	0.052242381702636245	-0.09298726910302085	0.13634175022023623	-0.14013834060302582	0.11466648522748228	-0.06825871314304992	0.31179508778741377	-0.40254861570445244	0.2732228508395959	-0.13244898867655147	0.09103374525223035	-0.5453721645526084	0.9999999999999937	-0.3952703757508129	0.14080407812854392	-0.15053483736823087	0.26864643813609734	-0.3432707948440609	0.2323031401906773	-0.11927649573965553	0.0970596553023265	-0.31578577574813876	0.20644875857452663	-0.23465011598858976	0.08861946466930555	-0.09618843778237292
0.04762425404648479	-0.03973572230219381	0.10722579437091888	-0.06109279816742808	0.04992418871083377	-0.07719661527883886	0.10744443878126266	-0.10758620419270568	0.08828722889529814	-0.05701076087248119	0.07290050118171343	-0.10919157314679934	0.13015830308037069	-0.14870093009798974	0.08586230569963516	-0.23714508100274378	0.2529804131403278	-0.5739879905080086	0.1803161408591821	-0.11774809493081682	0.1956933176795145	-0.3952703757508129	0.9999999999999908	-0.25195713753663906	0.18695079675787896	-0.19829537304653322	0.2515941112243427	-0.48335618021851706	0.1505194450196525	-0.12668972408495635	0.20217001004573845	-0.21169583932269598	0.24686991591356722	-0.11462859643622281	0.11516744141167627
-0.048557501890514415	0.04037419605722304	-0.11786578307246509	0.07466067009169955	-0.06185079240211694	0.045568474230429507	-0.06440401088769966	0.06635041688301023	-0.1126045207381172	0.07261783024505712	-0.04306707061670705	0.0626714617589204	-0.07962188076699835	0.24797980523244983	-0.15534578537714958	0.11619639182590227	-0.1352869972976637	0.19805099521715913	-0.5801249802134313	0.20205696683563784	-0.09248664081803643	0.14080407812854392	-0.25195713753663906	0.9999999999999912	-0.6118463443590891	0.10286794696357966	-0.12254815756025171	0.1464518438572702	-0.21202855632472695	0.20647820885288676	-0.11759576025680674	0.10055520203618552	-0.12979679005725048	0.13907203574960508	-0.19020410129108226
0.056091670267924026	-0.046935647594586065	0.13493501630439045	-0.08873970314856423	0.07267526705009549	-0.05047980621569138	0.06814341484447599	-0.07217967343054953	0.12783286162270158	-0.08813975551039695	0.046990635979751866	-0.06689172506552797	0.08408299427242664	-0.3060900457844163	0.1770091793703069	-0.12986887425587307	0.13716628699428535	-0.20148890332148886	0.2853928567284823	-0.2834254285218651	0.09811506268512066	-0.15053483736823087	0.18695079675787896	-0.6118463443590891	0.9999999999999916	-0.114395936656393	0.12282384079305843	-0.14963545179296156	0.2275937744860904	-0.42716278413983144	0.12418370603628777	-0.10639249475737297	0.12906202184528892	-0.18075579786386203	0.2221320294113043
-0.04245377784540785	0.03470159579782509	-0.09386295266893945	0.048571426062822685	-0.039940379335338595	0.0713664057984209	-0.09372548916305708	0.0800246146762192	-0.06992829537523129	0.04365746917059436	-0.07015928532987868	0.09160213197050429	-0.09883764260168708	0.09236537434389147	-0.05467067069080246	0.2709318995818738	-0.22483938205618254	0.1931042283713848	-0.09992842721093811	0.07318869721306974	-0.43464818866962174	0.26864643813609734	-0.19829537304653322	0.10286794696357966	-0.114395936656393	0.99999999999999	-0.27134630792748793	0.17278278437643013	-0.09223903360688455	0.07570182198003501	-0.7537830921955533	0.1901700425124334	-0.18709950121062935	0.06965641077363045	-0.07524154560322803
0.03540781019515693	-0.0293146790899647	0.07924971765613166	-0.04384156640541623	0.03591525904094173	-0.05761691508762168	0.07710697760274739	-0.07170396806850332	0.06303677987301883	-0.04056275229895832	0.05490888191843331	-0.07739772412862739	0.08644521026344468	-0.09913136491885356	0.057357694221112365	-0.19746308389490966	0.18288948117631354	-0.23404445038474023	0.10623330459653846	-0.07925223224643183	0.18557633783576297	-0.3432707948440609	0.2515941112243427	-0.12254815756025171	0.12282384079305843	-0.27134630792748793	0.9999999999999903	-0.4954198236188018	0.13192911482762593	-0.10386621413490203	0.2295447854225067	-0.6246520121814648	0.3242649770748102	-0.10602106441599074	0.0953998107568127
-0.0351254452878197	0.0291093298102232	-0.07934390503147382	0.04461277133736784	-0.0365810712464129	0.05323651024566029	-0.0745715973826214	0.07003989136181588	-0.06448274577421989	0.04153323651582424	-0.05096206796826097	0.07380658399828191	-0.08631821083804153	0.10602467854888081	-0.06203526001386113	0.1622672718281796	-0.1755539496955819	0.24165719025506882	-0.12115567096456051	0.0854825708644251	-0.14654948958865321	0.2323031401906773	-0.48335618021851706	0.1464518438572702	-0.14963545179296156	0.17278278437643013	-0.4954198236188018	0.9999999999999901	-0.22172511275293197	0.1350794341527934	-0.18991044318880024	0.29824452130932616	-0.5561047999519113	0.14320505972895278	-0.12596566081485927
0.032415958541033754	-0.026951406039799286	0.07643417848897327	-0.04735608898774341	0.038799129532050704	-0.03477707075338567	0.04691836394095268	-0.047602033694420606	0.06810716869878178	-0.04601581696397175	0.03260568885107767	-0.046323704065659665	0.05631803002858095	-0.14316851539207884	0.08080944712988328	-0.09660507166465163	0.0996206877320949	-0.14172109621120918	0.13603115798441065	-0.12008604486658786	0.07668809614069647	-0.11927649573965553	0.1505194450196525	-0.21202855632472695	0.2275937744860904	-0.09223903360688455	0.13192911482762593	-0.22172511275293197	0.99999999999999	-0.5407927018355709	0.09881094858454882	-0.11818155083159793	0.15622546186386332	-0.6553480471389421	0.32767219228960054
-0.029563232062112667	0.02455597935694058	-0.07025021725766166	0.043713214532984955	-0.035942866598910946	0.029900016672367517	-0.04077083993835956	0.04150165517682477	-0.06337313470344476	0.04256073889776574	-0.028091711381745228	0.03999231011201741	-0.049229715979709925	0.13393053673101266	-0.07975789185851474	0.08047203948155292	-0.0856396346046092	0.1183644404274306	-0.13843708139725924	0.11657094617291484	-0.06382530471532481	0.0970596553023265	-0.12668972408495635	0.20647820885288676	-0.42716278413983144	0.07570182198003501	-0.10386621413490203	0.1350794341527934	-0.5407927018355709	0.9999999999999889	-0.0838835643898977	0.08860876927646219	-0.12109675498084164	0.3077936437020498	-0.606869752952319
0.04938529352888865	-0.04037962878510469	0.10976831132046326	-0.05739378968809758	0.0471546845075807	-0.08499342834600451	0.09886504246625352	-0.09096966766870954	0.082112470893693	-0.05195912146978809	0.07918524908978034	-0.10021920450413432	0.10742348950230121	-0.11233783399386368	0.06512285819391092	-0.35031458990266817	0.22414854572942977	-0.24136227243298974	0.11409460439331737	-0.08874441183640916	0.28159752407317995	-0.31578577574813876	0.20217001004573845	-0.11759576025680674	0.12418370603628777	-0.7537830921955533	0.2295447854225067	-0.18991044318880024	0.09881094858454882	-0.0838835643898977	0.9999999999999893	-0.24102777421570667	0.18903277020284245	-0.0766510394319215	0.08102406436768486
-0.029477348776409618	0.024339311997620686	-0.06611026118239506	0.0363116046844877	-0.029792211097708764	0.046351673062312984	-0.06318051027661693	0.05786692695930595	-0.052326904695357446	0.03350336613123627	-0.044448190130031505	0.06250034319898667	-0.07070543160573023	0.08108127520225608	-0.04736706816813349	0.15000797663392823	-0.14898152023075334	0.1767055021110694	-0.0883141799741819	0.0650372879805539	-0.14046769757987754	0.20644875857452663	-0.21169583932269598	0.10055520203618552	-0.10639249475737297	0.1901700425124334	-0.6246520121814648	0.29824452130932616	-0.11818155083159793	0.08860876927646219	-0.24102777421570667	0.9999999999999892	-0.642520045250947	0.09713391470496044	-0.08944681674406468
0.03474434460826756	-0.02877760844935996	0.07842733677300598	-0.044077379870408814	0.03610479437809978	-0.05370070269835613	0.07098558416005771	-0.06872074196392838	0.06333368344354402	-0.04108637001284847	0.05055533788787121	-0.07147488127040945	0.08204624081150749	-0.10408629390162157	0.05982678363533721	-0.17377383069192495	0.16218061916353563	-0.2399785502658538	0.10946680361854454	-0.08352619145949494	0.1435036625961127	-0.23465011598858976	0.24686991591356722	-0.12979679005725048	0.12906202184528892	-0.18709950121062935	0.3242649770748102	-0.5561047999519113	0.15622546186386332	-0.12109675498084164	0.18903277020284245	-0.642520045250947	0.9999999999999893	-0.14797069049810752	0.1159732215017143
-0.023243880939894074	0.01928209523980605	-0.05465394278908617	0.03330264933586979	-0.027341431712022104	0.02565260936379879	-0.034872705540554876	0.03490126532333221	-0.04809605291034047	0.03215308925428643	-0.02415566056403569	0.034336210030828485	-0.04159909835117355	0.09726377803165588	-0.05632146282561641	0.07160442589591146	-0.07490716458627529	0.10299718475750169	-0.09777511727746359	0.08196084715233368	-0.0578588584217732	0.08861946466930555	-0.11462859643622281	0.13907203574960508	-0.18075579786386203	0.06965641077363045	-0.10602106441599074	0.14320505972895278	-0.6553480471389421	0.3077936437020498	-0.0766510394319215	0.09713391470496044	-0.14797069049810752	0.9999999999999895	-0.6451688822011353
0.029566037304282665	-0.02458812461915874	0.07011163203528004	-0.04394767984119193	0.036004287992517786	-0.029784527847168514	0.039967049064241346	-0.04111040709495948	0.0631305673843136	-0.04291879464918863	0.02782879700343525	-0.03938204547901509	0.04833002289646103	-0.13597691566376102	0.07658648643145405	-0.08077262389830533	0.08304801765294836	-0.11725070115715033	0.1239019218830612	-0.11506107217831651	0.06266822719633075	-0.09618843778237292	0.11516744141167627	-0.19020410129108226	0.2221320294113043	-0.07524154560322803	0.0953998107568127	-0.12596566081485927	0.32767219228960054	-0.606869752952319	0.08102406436768486	-0.08944681674406468	0.1159732215017143	-0.6451688822011353	0.9999999999999896
