1.0000000000000002	-0.7212969896852082	0.20950988422606	-0.22617677408086562	0.08059541673650596	-0.49924513657900854	0.3082423321879739	-0.17380883218502705	0.1610826830143093	-0.09658273314776852	0.23013764780142318	-0.16306688641331232	0.141628269594244	-0.07612281995786145	0.07850232518498305	-0.046076698446734225	0.04192243606408098	-0.11894385556175614	0.07614950908594381	-0.10513998289386853	0.016309254502404308	-0.1268076927518341	0.09107926514962915	-0.0915825346532295	0.06749719213277704	-0.016309322126952682	0.08403003565694595	-0.04235635028883161	0.04978822792584458	-0.1329578666178448
-0.7212969896852082	1.0000000000000004	-0.32125171890477655	0.21795165813444517	-0.08150311969144272	0.2962796310514071	-0.4680640482988084	0.19246537455892554	-0.18684073106463522	0.09248717498954599	-0.2242647806615969	0.15827599746900395	-0.15085174278946553	0.07569347961679655	-0.08006153048560967	0.038643495524143014	-0.03580090956690941	0.10058483506446912	-0.0658115017425379	0.08846678222655789	-0.013518112817447428	0.10309622552178363	-0.07755143535760219	0.07485759434337151	-0.05552555915770769	0.013490335775511817	-0.07051436976345413	0.03497097491164629	-0.041355390587497876	0.10694838074956778
0.20950988422606	-0.32125171890477655	1.0000000000000002	-0.7348057471112512	0.17302418703730857	-0.16959822777261993	0.20905196973798132	-0.4139637937834522	0.2688536572635572	-0.2021324053746726	0.1720714084874361	-0.14978487006341118	0.1493213217396147	-0.10634137429690252	0.10915686227025939	-0.0360599513015868	0.033802131302420005	-0.10118116936948154	0.06967617214652859	-0.09217116994601733	0.013182614698797245	-0.09986745589255804	0.0774776565064248	-0.0735456390160527	0.05488625278751362	-0.013135232820195023	0.07015632664417767	-0.034337153318499264	0.04083966423338711	-0.10283419696056108
-0.22617677408086562	0.21795165813444517	-0.7348057471112512	1.0	-0.304741535598764	0.16420541218863735	-0.21420658280747135	0.2680674812189628	-0.3453498035502067	0.2238055980276271	-0.20498116864885174	0.14541763699239707	-0.15933320639348847	0.12158446321721089	-0.138768903685028	0.0378976917662643	-0.036039103088951294	0.10307286545820814	-0.07430486957566573	0.09580564426770857	-0.013690071982250522	0.10103587823805425	-0.0810901494612226	0.07491856711495279	-0.05637833835933304	0.013612198192431665	-0.07401248362077438	0.0355952949752113	-0.04262756685453423	0.10353591708533581
0.08059541673650596	-0.08150311969144272	0.17302418703730857	-0.304741535598764	1.0000000000000007	-0.06720420726036418	0.0829302461323816	-0.11704656459357307	0.14542218026232465	-0.9131652440152107	0.0875758426975983	-0.0654386244009861	0.0684126002406975	-0.08352425682535101	0.0901177017554781	-0.018276494294222283	0.01737260947272132	-0.0520579302813474	0.03985353273557533	-0.051961398435219665	0.006785206670661413	-0.05036653667152929	0.0406103049465473	-0.03803843619014067	0.028681933811872794	-0.0067455313231059065	0.03691188037825059	-0.017757389757618404	0.021289005005039507	-0.05175537793866577
-0.49924513657900854	0.2962796310514071	-0.16959822777261993	0.16420541218863735	-0.06720420726036418	1.0000000000000013	-0.6279897141344015	0.18133289972885838	-0.1814494999289521	0.07815466731724141	-0.44895609582048973	0.19017674246156402	-0.1719459940419127	0.07824485602838846	-0.08216651358504337	0.051457830240045854	-0.04706844672506639	0.1247148429931474	-0.07953080937000527	0.10871228875011218	-0.01712282800773983	0.13123618809261095	-0.09581256649111008	0.09467355443011928	-0.06988293139835298	0.017109616272915778	-0.08759987744790396	0.04397029632999873	-0.05175008709977891	0.13705410972669196
0.3082423321879739	-0.4680640482988084	0.20905196973798132	-0.21420658280747135	0.0829302461323816	-0.6279897141344015	1.0000000000000004	-0.29823121186035284	0.21524917591760798	-0.09829767264674728	0.2725123757292294	-0.29071442659904	0.20905678385736323	-0.0949451598972824	0.0963619812233704	-0.05481872545047874	0.050019726019081626	-0.14603128162019932	0.09249779331359818	-0.12649699348075674	0.01936667121257777	-0.15040557496976364	0.11036823096925104	-0.10866359657624296	0.08017915937722139	-0.01935663190075103	0.09997700300598139	-0.05019924606868453	0.059082219717387745	-0.15647479820668908
-0.17380883218502705	0.19246537455892554	-0.4139637937834522	0.2680674812189628	-0.11704656459357307	0.18133289972885838	-0.29823121186035284	1.0000000000000018	-0.7283142602460618	0.13090054110946941	-0.19165611710735558	0.1997151822952485	-0.25433949137942513	0.1521942997174008	-0.16027317208977376	0.04019612068945774	-0.03792983982306911	0.11934344465615	-0.08448410976399337	0.10781561010911071	-0.014656178014575855	0.11062572976245867	-0.08985615984088176	0.08225584426884233	-0.06172151771640786	0.014586074948631692	-0.07844010147670177	0.0381122057104695	-0.045472945749510274	0.11258348825064984
0.1610826830143093	-0.18684073106463522	0.2688536572635572	-0.3453498035502067	0.14542218026232465	-0.1814494999289521	0.21524917591760798	-0.7283142602460618	1.0000000000000007	-0.18981266733271732	0.19556783336301214	-0.20634605844669843	0.1973526730580127	-0.26228272097139116	0.1970238831843001	-0.04878746063630303	0.045639777761681086	-0.14817646853858685	0.10738684688481881	-0.14117395312863196	0.018309923681197316	-0.1406970414307057	0.11013663049284467	-0.1053553378670656	0.07862601037601888	-0.01824567441802207	0.0975392238518582	-0.047912568353825374	0.05696907513710248	-0.1444153225832348
-0.09658273314776852	0.09248717498954599	-0.2021324053746726	0.2238055980276271	-0.9131652440152107	0.07815466731724141	-0.09829767264674728	0.13090054110946941	-0.18981266733271732	1.0000000000000018	-0.1055791768505534	0.07493107910886783	-0.08055847137868695	0.09632084528980993	-0.11615013241999277	0.020990652761599126	-0.02004980975679059	0.05902232018874676	-0.045879312758627805	0.058971858235217854	-0.007745963913895998	0.05688960721200532	-0.04650652938996326	0.04301539327292109	-0.03255988499825341	0.007694604133117596	-0.04238338302221427	0.020250189091661472	-0.024341514669546004	0.05831037264485096
0.23013764780142318	-0.2242647806615969	0.1720714084874361	-0.20498116864885174	0.0875758426975983	-0.44895609582048973	0.2725123757292294	-0.19165611710735558	0.19556783336301214	-0.1055791768505534	1.0000000000000002	-0.3190493834492759	0.23913925582887025	-0.12573456139753833	0.12733594666337325	-0.13611754615693314	0.11692590685096692	-0.29867570793542875	0.18360241862052387	-0.2631252330852151	0.04336093376259673	-0.3400691013236944	0.22791686171018086	-0.2429388425580859	0.17743352856054115	-0.04349561478696127	0.2151505789183128	-0.11117404773130488	0.1294507387178847	-0.362363889824602
-0.16306688641331232	0.15827599746900395	-0.14978487006341118	0.14541763699239707	-0.0654386244009861	0.19017674246156402	-0.29071442659904	0.1997151822952485	-0.20634605844669843	0.07493107910886783	-0.3190493834492759	1.0000000000000013	-0.8224684932439342	0.09061268939479003	-0.09708946408331363	0.0560336876292721	-0.05450516701600127	0.17403063987179354	-0.10424239846979508	0.12606483275592267	-0.01951231045256543	0.1423159643926145	-0.13296611578604492	0.10292885602480216	-0.07768599319901935	0.01934628762766705	-0.10541763681787905	0.04976259048741761	-0.059832472762255354	0.1385081188167393
0.141628269594244	-0.15085174278946553	0.1493213217396147	-0.15933320639348847	0.0684126002406975	-0.1719459940419127	0.20905678385736323	-0.25433949137942513	0.1973526730580127	-0.08055847137868695	0.23913925582887025	-0.8224684932439342	1.000000000000002	-0.09933186374274104	0.10070059362048815	-0.062257774717579546	0.05925085064664989	-0.2466957592955368	0.12490675373873097	-0.15653166060280108	0.022361116383353665	-0.1714381637872407	0.15210837815757616	-0.1229514567197532	0.09159566953836036	-0.02223810288063663	0.11831803704011702	-0.05702454434927518	0.06799906671891547	-0.16418464034453092
-0.07612281995786145	0.07569347961679655	-0.10634137429690252	0.12158446321721089	-0.08352425682535101	0.07824485602838846	-0.0949451598972824	0.1521942997174008	-0.26228272097139116	0.09632084528980993	-0.12573456139753833	0.09061268939479003	-0.09933186374274104	1.000000000000001	-0.9048401784934917	0.03308560085718183	-0.032894467676094115	0.11855399611527817	-0.16619793927284224	0.16493737685349555	-0.013023941646459822	0.0908426371576969	-0.09318790013062433	0.08116159173740387	-0.0649133973098354	0.012836835259520202	-0.0760023063095321	0.03463443814950383	-0.04283874325535299	0.09147852575605683
0.07850232518498305	-0.08006153048560967	0.10915686227025939	-0.138768903685028	0.0901177017554781	-0.08216651358504337	0.0963619812233704	-0.16027317208977376	0.1970238831843001	-0.11615013241999277	0.12733594666337325	-0.09708946408331363	0.10070059362048815	-0.9048401784934917	1.0000000000000016	-0.03593436477298917	0.035222200193566054	-0.1311316866739311	0.15360881673993115	-0.205458877585223	0.014144247948159569	-0.10143173869370158	0.09837832804564184	-0.09046578819823066	0.07110281318109463	-0.01397402056353057	0.08109811081336467	-0.037626075607322805	0.04620012915355444	-0.10358148715608012
-0.046076698446734225	0.038643495524143014	-0.0360599513015868	0.0378976917662643	-0.018276494294222283	0.051457830240045854	-0.05481872545047874	0.04019612068945774	-0.04878746063630303	0.020990652761599126	-0.13611754615693314	0.0560336876292721	-0.062257774717579546	0.03308560085718183	-0.03593436477298917	1.0000000000000022	-0.9663796775642544	0.11845035870044014	-0.06579375128507697	0.07453878573161753	-0.06027565896422084	0.10326510295329513	-0.09685507061470684	0.062079639113249506	-0.04773196536860273	0.055919067290431404	-0.08896892116402691	0.03720935248976411	-0.04504270756334974	0.07960938708892307
0.04192243606408098	-0.03580090956690941	0.033802131302420005	-0.036039103088951294	0.01737260947272132	-0.04706844672506639	0.050019726019081626	-0.03792983982306911	0.045639777761681086	-0.02004980975679059	0.11692590685096692	-0.05450516701600127	0.05925085064664989	-0.032894467676094115	0.035222200193566054	-0.9663796775642544	1.0000000000000018	-0.1381612016322757	0.06864233557154016	-0.08026038741872166	0.055354128314385305	-0.11126275168285076	0.09710278761981248	-0.06415406856184262	0.04877811281021792	-0.056355950147759584	0.08494442145011834	-0.036449617473250366	0.043689137435983474	-0.08135515819598031
-0.11894385556175614	0.10058483506446912	-0.10118116936948154	0.10307286545820814	-0.0520579302813474	0.1247148429931474	-0.14603128162019932	0.11934344465615	-0.14817646853858685	0.05902232018874676	-0.29867570793542875	0.17403063987179354	-0.2466957592955368	0.11855399611527817	-0.1311316866739311	0.11845035870044014	-0.1381612016322757	1.0000000000000018	-0.47368603727159875	0.290594296263504	-0.04099313600685062	0.27005011203850554	-0.6020127376402831	0.20693831879034544	-0.16692181952788523	0.039836793546138116	-0.24005954294950632	0.10126065362437481	-0.12684682974862882	0.20512169162069735
0.07614950908594381	-0.0658115017425379	0.06967617214652859	-0.07430486957566573	0.03985353273557533	-0.07953080937000527	0.09249779331359818	-0.08448410976399337	0.10738684688481881	-0.045879312758627805	0.18360241862052387	-0.10424239846979508	0.12490675373873097	-0.16619793927284224	0.15360881673993115	-0.06579375128507697	0.06864233557154016	-0.47368603727159875	1.0000000000000029	-0.765223129641754	0.025353613770360987	-0.1699850690262029	0.23399213535370988	-0.2307737474018573	0.16711207839508566	-0.024779567807320813	0.1541778651493194	-0.06739568905213572	0.08589634942698124	-0.1647682826077006
-0.10513998289386853	0.08846678222655789	-0.09217116994601733	0.09580564426770857	-0.051961398435219665	0.10871228875011218	-0.12649699348075674	0.10781561010911071	-0.14117395312863196	0.058971858235217854	-0.2631252330852151	0.12606483275592267	-0.15653166060280108	0.16493737685349555	-0.205458877585223	0.07453878573161753	-0.08026038741872166	0.290594296263504	-0.765223129641754	1.0000000000000022	-0.03194919187278344	0.19485250058707648	-0.2810313625578455	0.21478455289037243	-0.21802049373463595	0.031061051991443038	-0.206708980329602	0.0873741834304897	-0.11309630740785889	0.19436936483972977
0.016309254502404308	-0.013518112817447428	0.013182614698797245	-0.013690071982250522	0.006785206670661413	-0.01712282800773983	0.01936667121257777	-0.014656178014575855	0.018309923681197316	-0.007745963913895998	0.04336093376259673	-0.01951231045256543	0.022361116383353665	-0.013023941646459822	0.014144247948159569	-0.06027565896422084	0.055354128314385305	-0.04099313600685062	0.025353613770360987	-0.03194919187278344	1.0000000000000027	-0.09897943001123112	0.04945464680821867	-0.03633858148014666	0.027382596076807923	-0.9845445491146498	0.09824574378441277	-0.03988434980407599	0.03708346893583737	-0.0544598540101218
-0.1268076927518341	0.10309622552178363	-0.09986745589255804	0.10103587823805425	-0.05036653667152929	0.13123618809261095	-0.15040557496976364	0.11062572976245867	-0.1406970414307057	0.05688960721200532	-0.3400691013236944	0.1423159643926145	-0.1714381637872407	0.0908426371576969	-0.10143173869370158	0.10326510295329513	-0.11126275168285076	0.27005011203850554	-0.1699850690262029	0.19485250058707648	-0.09897943001123112	1.0000000000000016	-0.553046856729374	0.20551583991899627	-0.1632390174997238	0.08940801201144696	-0.537357497881751	0.18104018319806936	-0.22376160947395046	0.25854156667635925
0.09107926514962915	-0.07755143535760219	0.0774776565064248	-0.0810901494612226	0.0406103049465473	-0.09581256649111008	0.11036823096925104	-0.08985615984088176	0.11013663049284467	-0.04650652938996326	0.22791686171018086	-0.13296611578604492	0.15210837815757616	-0.09318790013062433	0.09837832804564184	-0.09685507061470684	0.09710278761981248	-0.6020127376402831	0.23399213535370988	-0.2810313625578455	0.04945464680821867	-0.553046856729374	1.0000000000000004	-0.2982137927005257	0.18753069625085902	-0.04870720382877436	0.2492224660039251	-0.11608084357467209	0.13486191415970622	-0.24732157175776226
-0.0915825346532295	0.07485759434337151	-0.0735456390160527	0.07491856711495279	-0.03803843619014067	0.09467355443011928	-0.10866359657624296	0.08225584426884233	-0.1053553378670656	0.04301539327292109	-0.2429388425580859	0.10292885602480216	-0.1229514567197532	0.08116159173740387	-0.09046578819823066	0.062079639113249506	-0.06415406856184262	0.20693831879034544	-0.2307737474018573	0.21478455289037243	-0.03633858148014666	0.20551583991899627	-0.2982137927005257	1.0000000000000004	-0.7628546206198648	0.03519633786046833	-0.2668850142661233	0.11690570615382093	-0.1627093132964637	0.3002389800842147
0.06749719213277704	-0.05552555915770769	0.05488625278751362	-0.05637833835933304	0.028681933811872794	-0.06988293139835298	0.08017915937722139	-0.06172151771640786	0.07862601037601888	-0.03255988499825341	0.17743352856054115	-0.07768599319901935	0.09159566953836036	-0.0649133973098354	0.07110281318109463	-0.04773196536860273	0.04877811281021792	-0.16692181952788523	0.16711207839508566	-0.21802049373463595	0.027382596076807923	-0.1632390174997238	0.18753069625085902	-0.7628546206198648	1.0000000000000007	-0.0266575253934979	0.1966957859022489	-0.0973199313712686	0.1314794479699926	-0.5075682775925802
-0.016309322126952682	0.013490335775511817	-0.013135232820195023	0.013612198192431665	-0.0067455313231059065	0.017109616272915778	-0.01935663190075103	0.014586074948631692	-0.01824567441802207	0.007694604133117596	-0.04349561478696127	0.01934628762766705	-0.02223810288063663	0.012836835259520202	-0.01397402056353057	0.055919067290431404	-0.056355950147759584	0.039836793546138116	-0.024779567807320813	0.031061051991443038	-0.9845445491146498	0.08940801201144696	-0.04870720382877436	0.03519633786046833	-0.0266575253934979	1.0	-0.11032287864125909	0.03991886849440403	-0.037836175923615836	0.052687906949834634
0.08403003565694595	-0.07051436976345413	0.07015632664417767	-0.07401248362077438	0.03691188037825059	-0.08759987744790396	0.09997700300598139	-0.07844010147670177	0.0975392238518582	-0.04238338302221427	0.2151505789183128	-0.10541763681787905	0.11831803704011702	-0.0760023063095321	0.08109811081336467	-0.08896892116402691	0.08494442145011834	-0.24005954294950632	0.1541778651493194	-0.206708980329602	0.09824574378441277	-0.537357497881751	0.2492224660039251	-0.2668850142661233	0.1966957859022489	-0.11032287864125909	1.0000000000000002	-0.4425228447132313	0.2837162610058886	-0.4429878947436618
-0.04235635028883161	0.03497097491164629	-0.034337153318499264	0.0355952949752113	-0.017757389757618404	0.04397029632999873	-0.05019924606868453	0.0381122057104695	-0.047912568353825374	0.020250189091661472	-0.11117404773130488	0.04976259048741761	-0.05702454434927518	0.03463443814950383	-0.037626075607322805	0.03720935248976411	-0.036449617473250366	0.10126065362437481	-0.06739568905213572	0.0873741834304897	-0.03988434980407599	0.18104018319806936	-0.11608084357467209	0.11690570615382093	-0.0973199313712686	0.03991886849440403	-0.4425228447132313	0.9999999999999998	-0.8359190672462641	0.21295478648427213
0.04978822792584458	-0.041355390587497876	0.04083966423338711	-0.04262756685453423	0.021289005005039507	-0.05175008709977891	0.059082219717387745	-0.045472945749510274	0.05696907513710248	-0.024341514669546004	0.1294507387178847	-0.059832472762255354	0.06799906671891547	-0.04283874325535299	0.04620012915355444	-0.04504270756334974	0.043689137435983474	-0.12684682974862882	0.08589634942698124	-0.11309630740785889	0.03708346893583737	-0.22376160947395046	0.13486191415970622	-0.1627093132964637	0.1314794479699926	-0.037836175923615836	0.2837162610058886	-0.8359190672462641	1.0000000000000002	-0.33491396889963676
-0.1329578666178448	0.10694838074956778	-0.10283419696056108	0.10353591708533581	-0.05175537793866577	0.13705410972669196	-0.15647479820668908	0.11258348825064984	-0.1444153225832348	0.05831037264485096	-0.362363889824602	0.1385081188167393	-0.16418464034453092	0.09147852575605683	-0.10358148715608012	0.07960938708892307	-0.08135515819598031	0.20512169162069735	-0.1647682826077006	0.19436936483972977	-0.0544598540101218	0.25854156667635925	-0.24732157175776226	0.3002389800842147	-0.5075682775925802	0.052687906949834634	-0.4429878947436618	0.21295478648427213	-0.33491396889963676	1.0
