1.0000000000000002	-0.9385048310006071	0.18161227466682184	-0.12854032748292954	0.09329089480581965	-0.1159179444002835	0.1346345404956859	-0.1317240095732679	0.0893516914957263	-0.09793114403678761	0.1056455657367338	-0.1274109662359377	0.1002051824914451	-0.08634319412982353	0.0712769436995523	-0.07467822768761621	0.06355887953261218	-0.06911095235366553	0.08839325502811911	-0.0652140917489461	0.06067308595181423	-0.0910526847951882	0.07091460601923866	-0.09969894666590803	0.057144958603195795	-0.06093450674049348	0.05220645567427184	-0.061738098851853274	0.055993591780647875	-0.05089577663393171	0.04465609112983781	-0.06694634220905937	0.05235249962825674	-0.04654562567061555	0.04704572446324442	-0.06079465075473469	0.045758964098711385	-0.03776826795944292	0.03656525024938408	-0.03952986662002726
-0.9385048310006071	1.0000000000000004	-0.22488699128182388	0.11796435624301009	-0.09014142578453888	0.1036418933468641	-0.14634449536738428	0.12315884270101486	-0.08373378192523284	0.08788945057432022	-0.10290444038612521	0.11625014929318177	-0.09551666108038047	0.07849467333745114	-0.06529489143581459	0.06480926937640251	-0.056319434851312286	0.060564603365699035	-0.08094101567264379	0.05840564422515373	-0.05256010988601306	0.07743477676164069	-0.062190539298903134	0.08471073046876366	-0.04962909331496628	0.05191755360104208	-0.044707677823878585	0.05278630659440148	-0.04825746535691798	0.043749649013353605	-0.038040125269824546	0.056818604377354795	-0.044905264432146874	0.039880547533497825	-0.040521360470137754	0.05148704005803582	-0.039272789704090746	0.032295074299655335	-0.031388231240019604	0.03380146041191788
0.18161227466682184	-0.22488699128182388	1.0000000000000004	-0.5928474870068158	0.2840624920171454	-0.14312851954292838	0.19172852937511667	-0.4378552554231194	0.23673606310984885	-0.28574490382970197	0.160629615070326	-0.21845985917813932	0.23743205785401256	-0.21807659967975238	0.17385540486908452	-0.15598990590014203	0.13352386299432176	-0.1527610954469697	0.20498460766886623	-0.1591378380922925	0.12972413163458735	-0.19895708864961895	0.154712488080732	-0.2257060609467373	0.12887174948689395	-0.1337074982836938	0.11457021313455291	-0.13656768860933374	0.12398438967864016	-0.11472953806199108	0.0983782988220264	-0.14831924907953065	0.11550306057092571	-0.10341189239118628	0.10441883849428599	-0.13469596622232333	0.10083655265628816	-0.08359551632520833	0.08091898613278434	-0.08790466236595251
-0.12854032748292954	0.11796435624301009	-0.5928474870068158	1.0000000000000002	-0.645207475683734	0.09464541017571455	-0.13373937444336523	0.21757975784575534	-0.2468572167950437	0.2652850320898188	-0.11614115337023209	0.1426972214173264	-0.17494817251252254	0.1717690700992301	-0.15427827230449728	0.10106289883823123	-0.09028830925864469	0.1017770701123002	-0.17424976159666392	0.12628260206136266	-0.08480876756641714	0.12610019011411477	-0.10512068190404658	0.14613054862182073	-0.09004997191739444	0.0855387405341418	-0.07435095383169715	0.08866422075023582	-0.08293609089957786	0.07718251974905725	-0.06316827299184828	0.09471003334958104	-0.07586045801657969	0.06813378422752145	-0.06998656232109475	0.08550644647025715	-0.0663814162910085	0.05458783870942473	-0.05350189469229147	0.05764487947749982
0.09329089480581965	-0.09014142578453888	0.2840624920171454	-0.645207475683734	0.9999999999999996	-0.09561809261221785	0.12779302550327004	-0.2177955737123519	0.25292328921046425	-0.5510154416707067	0.11430443867121372	-0.14999518487929403	0.16927979801866955	-0.2001795788325417	0.17695002045101363	-0.11844957588686013	0.10209524780835974	-0.11686884530152948	0.18485572635052938	-0.15477159312574945	0.09989865620020719	-0.1529951307329253	0.12049976726171496	-0.17969694202337755	0.10630081402754767	-0.1035921876467042	0.08918827271167444	-0.10675975427117104	0.0984006139449942	-0.0930654542617925	0.0765065736652121	-0.11550349973791625	0.09067925750350918	-0.08182563649399756	0.08317114711844267	-0.10466507044042916	0.07919329672183155	-0.06566465905178212	0.06389843356913853	-0.06948064341113847
-0.1159179444002835	0.1036418933468641	-0.14312851954292838	0.09464541017571455	-0.09561809261221785	0.9999999999999996	-0.5392204542578918	0.185149354590349	-0.11681102845498213	0.10029938607334354	-0.7483895768930963	0.2771665452799477	-0.16996799576708113	0.11511225215715508	-0.09297422173269768	0.12863761663661513	-0.10861528879696812	0.10014748348070487	-0.12044487036506402	0.08120118041184925	-0.0926033291773154	0.11663162786324263	-0.10184093899912787	0.11454223198924933	-0.07082241034175986	0.0776782015370162	-0.06728566306305572	0.07699374659245325	-0.07068998265863309	0.06140670973139291	-0.05548880258532948	0.08019331096651201	-0.06570011067049464	0.05706832178447271	-0.05859499621224518	0.07221190031855934	-0.057434548319651904	0.04634322585527116	-0.04538476844106116	0.04786314450116992
0.1346345404956859	-0.14634449536738428	0.19172852937511667	-0.13373937444336523	0.12779302550327004	-0.5392204542578918	1.0	-0.3683193282637743	0.16524794833640483	-0.14279697612674316	0.3119723245108065	-0.5996246538199185	0.25792967778303844	-0.17059598432984213	0.12552632325285856	-0.14454397319289997	0.12942218793624868	-0.13174490310471748	0.15707684064525643	-0.11113875027209483	0.10724266424409704	-0.14991637732168225	0.12678947511483676	-0.15365565254523436	0.09211531484015222	-0.09871699438791784	0.08508066816392283	-0.09939897498288311	0.09040569077780981	-0.08053638924689738	0.07104959893657203	-0.10446738990866002	0.08399841734802453	-0.07382741248590935	0.07528363150732019	-0.09430601721709571	0.0732465328143168	-0.05976184665413985	0.058259925105515156	-0.06214736876220193
-0.1317240095732679	0.12315884270101486	-0.4378552554231194	0.21757975784575534	-0.2177955737123519	0.185149354590349	-0.3683193282637743	1.0	-0.35912785355057675	0.2264833811853264	-0.22458742222256545	0.2884355643213413	-0.5770625708643272	0.264681610740605	-0.18992359330490632	0.1405475285764581	-0.13638106470222802	0.15354885295483467	-0.22563262319030927	0.15566169827016874	-0.11358110856063673	0.16023708686901986	-0.14955054273950216	0.17772260772389786	-0.11123424512184622	0.1075671396950406	-0.09431887771177817	0.11178761490889219	-0.10403991306608242	0.0947701494947693	-0.07863034064898376	0.11633042489596489	-0.09505526982819584	0.08441671295773634	-0.0869922642468824	0.10452433512642442	-0.08288881644558184	0.06763027514307714	-0.06649593245756788	0.07096366763381037
0.0893516914957263	-0.08373378192523284	0.23673606310984885	-0.2468572167950437	0.25292328921046425	-0.11681102845498213	0.16524794833640483	-0.35912785355057675	0.9999999999999989	-0.5743823939540622	0.13915795439043158	-0.1998335509056686	0.2587811371389746	-0.5386301782053607	0.24520246965844994	-0.13058836878579347	0.117218307119568	-0.13730070811031891	0.24951154102591536	-0.2086506366145724	0.10837368592267187	-0.1619666589523667	0.13602860444572087	-0.19439035454774062	0.12007052079797606	-0.10963272437309193	0.09519752718601837	-0.1143295410774893	0.10681290565128942	-0.1027911783660993	0.08070947134282928	-0.12123740785705248	0.09703521596108758	-0.08795922788314212	0.09021948207731185	-0.10927907974885934	0.08457852476222467	-0.06990624099425477	0.06856012844568043	-0.0743083369768859
-0.09793114403678761	0.08788945057432022	-0.28574490382970197	0.2652850320898188	-0.5510154416707067	0.10029938607334354	-0.14279697612674316	0.2264833811853264	-0.5743823939540622	0.9999999999999988	-0.12621032990318445	0.15889459660970756	-0.2093222724442218	0.26807900303001664	-0.3102555692884003	0.11377540010135521	-0.10400629125477184	0.11872370380860402	-0.259316218556607	0.19963416393312966	-0.09599050688841475	0.14113243540844989	-0.12240679845896872	0.1706324029370604	-0.11358101815017203	0.09649448457241061	-0.08460126257947014	0.10155422681843837	-0.09737349065225526	0.09361472852921723	-0.07142102663025272	0.107040720668334	-0.08727635306396989	0.07930510097466924	-0.08253500436886012	0.09616926128840486	-0.07630944384186258	0.06269298279370063	-0.06205829559851571	0.06683427990161885
0.1056455657367338	-0.10290444038612521	0.160629615070326	-0.11614115337023209	0.11430443867121372	-0.7483895768930963	0.3119723245108065	-0.22458742222256545	0.13915795439043158	-0.12621032990318445	1.0000000000000004	-0.4174086742511817	0.20059228595820702	-0.14680375676675408	0.11566096173562568	-0.2046758347827221	0.14668277027101312	-0.13866041557501296	0.15002692201139017	-0.10459525687746789	0.12919837558076253	-0.16883891393833927	0.1368115715912566	-0.16083380321470886	0.09595730631052014	-0.11097560587057677	0.09433014687078406	-0.10799042551428718	0.0971905668271753	-0.08463061790975	0.07831902710112663	-0.11364512342210031	0.09117753950440782	-0.07921512738583977	0.08053214647538272	-0.10280552823064745	0.07951822048216463	-0.0645691649851576	0.06273971601175184	-0.0665662836113291
-0.1274109662359377	0.11625014929318177	-0.21845985917813932	0.1426972214173264	-0.14999518487929403	0.2771665452799477	-0.5996246538199185	0.2884355643213413	-0.1998335509056686	0.15889459660970756	-0.4174086742511817	1.0000000000000018	-0.47729016790821	0.20716809782028447	-0.15938357091994793	0.1624744330403364	-0.1768691108161737	0.1596521887103152	-0.2023824832895339	0.1326114431141509	-0.12286853819445287	0.16185321002170447	-0.1540365035117571	0.16526257244328446	-0.10479148097478926	0.10723718036332358	-0.09418404222691185	0.10953820351457952	-0.10157235276386822	0.08929555978110329	-0.07732427344047647	0.1123658850198324	-0.09328522594979297	0.08153280012903966	-0.08426147654066356	0.10073064998531683	-0.08139703804397574	0.06569790024604803	-0.06471117669032851	0.0682261294301994
0.1002051824914451	-0.09551666108038047	0.23743205785401256	-0.17494817251252254	0.16927979801866955	-0.16996799576708113	0.25792967778303844	-0.5770625708643272	0.2587811371389746	-0.2093222724442218	0.20059228595820702	-0.47729016790821	1.0000000000000018	-0.43238361334528597	0.19729386080841724	-0.15779328838449797	0.15684179687319957	-0.21167060065453508	0.22967617878768332	-0.17235779931771272	0.1235869029170844	-0.17711557165599187	0.16753827686397804	-0.19522683862661924	0.1182657906696779	-0.11726504978634746	0.10234853735509886	-0.12232250609903529	0.11147982661082324	-0.10211228566067308	0.08504451002610505	-0.1259693576542681	0.10218666556913505	-0.09077679070719055	0.09283679854702558	-0.11314355049709707	0.08864303434258823	-0.07265749958723196	0.07112703063846726	-0.07618675670040131
-0.08634319412982353	0.07849467333745114	-0.21807659967975238	0.1717690700992301	-0.2001795788325417	0.11511225215715508	-0.17059598432984213	0.264681610740605	-0.5386301782053607	0.26807900303001664	-0.14680375676675408	0.20716809782028447	-0.43238361334528597	0.9999999999999992	-0.42512208915622207	0.12935380441505173	-0.12385162686528128	0.14694798092692574	-0.42553894217388366	0.260657915181422	-0.1074265002178639	0.15585589853477613	-0.1433351298457537	0.19235620397852035	-0.12912091863282799	0.10611310850411132	-0.09338787319096373	0.11254481470173151	-0.10782892553309878	0.10539607827622831	-0.07816755897903162	0.11681261595651381	-0.09595648149202624	0.08746971134229051	-0.09113651403785272	0.10462107369784822	-0.08353543009011262	0.06869318698526944	-0.06814822548500127	0.07344202130384486
0.0712769436995523	-0.06529489143581459	0.17385540486908452	-0.15427827230449728	0.17695002045101363	-0.09297422173269768	0.12552632325285856	-0.18992359330490632	0.24520246965844994	-0.3102555692884003	0.11566096173562568	-0.15938357091994793	0.19729386080841724	-0.42512208915622207	1.000000000000002	-0.1288572294318196	0.11455726740046725	-0.1364207821509486	0.31457204092245744	-0.7042575628678284	0.10964592383587599	-0.1648833757459992	0.13907520747092886	-0.22289154838646028	0.1649071297360224	-0.11437753754701004	0.10021062221437764	-0.12289792769162076	0.12020661730160728	-0.13453036691394574	0.08485311818281323	-0.12856954442975846	0.10474292488793654	-0.09913198337062845	0.10331137170889079	-0.11501014295407563	0.09086701024812836	-0.07592124597324793	0.07563106353699656	-0.08336482631567387
-0.07467822768761621	0.06480926937640251	-0.15598990590014203	0.10106289883823123	-0.11844957588686013	0.12863761663661513	-0.14454397319289997	0.1405475285764581	-0.13058836878579347	0.11377540010135521	-0.2046758347827221	0.1624744330403364	-0.15779328838449797	0.12935380441505173	-0.1288572294318196	1.0000000000000024	-0.6058121665943119	0.2702785113854353	-0.19471991013867032	0.11525765120127608	-0.5272518036262244	0.2981125417924541	-0.29838471845947706	0.19633146330842718	-0.1385078352831748	0.2097615660339134	-0.1798817374078622	0.17482681024480107	-0.15911773594482193	0.11827737894045212	-0.13549532347573215	0.16886240323284468	-0.1507723341282146	0.12068164381949834	-0.12586794883630267	0.150100948275272	-0.13111642790000816	0.10010761957661204	-0.09898460851958685	0.09822946557130169
0.06355887953261218	-0.056319434851312286	0.13352386299432176	-0.09028830925864469	0.10209524780835974	-0.10861528879696812	0.12942218793624868	-0.13638106470222802	0.117218307119568	-0.10400629125477184	0.14668277027101312	-0.1768691108161737	0.15684179687319957	-0.12385162686528128	0.11455726740046725	-0.6058121665943119	1.0000000000000013	-0.580670871290345	0.1731854536617028	-0.10733505236780344	0.25352169040424455	-0.3235373417521112	0.28485081157862935	-0.20079104824859198	0.12465370357555934	-0.17586004207250225	0.14880382291958724	-0.16614149670343265	0.13922574657558204	-0.1087933134720178	0.11350488263250912	-0.1543077337773156	0.13135664616356107	-0.10846073498105874	0.11031668790335546	-0.13702450403274175	0.11212206531340534	-0.08862963738196146	0.08639763034895336	-0.08814439179330828
-0.06911095235366553	0.060564603365699035	-0.1527610954469697	0.1017770701123002	-0.11686884530152948	0.10014748348070487	-0.13174490310471748	0.15354885295483467	-0.13730070811031891	0.11872370380860402	-0.13866041557501296	0.1596521887103152	-0.21167060065453508	0.14694798092692574	-0.1364207821509486	0.2702785113854353	-0.580670871290345	1.0000000000000029	-0.23058592117153298	0.12778406769940287	-0.20926176873474325	0.2494719049154241	-0.6155190756743608	0.22188717786897316	-0.14098899228371495	0.15630593674425589	-0.14924563343681177	0.18166217060620202	-0.15458165835380036	0.11855774810016416	-0.10940022408249782	0.15274061621306467	-0.14067555565189455	0.11579598395773087	-0.11936092906191396	0.1320826277433214	-0.1168097388566523	0.09243385594966894	-0.09165168102003081	0.09292786777296413
0.08839325502811911	-0.08094101567264379	0.20498460766886623	-0.17424976159666392	0.18485572635052938	-0.12044487036506402	0.15707684064525643	-0.22563262319030927	0.24951154102591536	-0.259316218556607	0.15002692201139017	-0.2023824832895339	0.22967617878768332	-0.42553894217388366	0.31457204092245744	-0.19471991013867032	0.1731854536617028	-0.23058592117153298	1.0000000000000027	-0.5457146233933879	0.16289364080553162	-0.24806138491721455	0.21104057541138596	-0.35405502749747814	0.2070996708006145	-0.1690103750597491	0.1472119960701103	-0.1799251097070376	0.17063315488117625	-0.17507419510254138	0.12462081786184558	-0.18842730065126098	0.15158580795761517	-0.14051236126397107	0.14458849856256684	-0.16910397300898594	0.1315301567298653	-0.10958930617424383	0.10812899598109624	-0.11833047823295136
-0.0652140917489461	0.05840564422515373	-0.1591378380922925	0.12628260206136266	-0.15477159312574945	0.08120118041184925	-0.11113875027209483	0.15566169827016874	-0.2086506366145724	0.19963416393312966	-0.10459525687746789	0.1326114431141509	-0.17235779931771272	0.260657915181422	-0.7042575628678284	0.11525765120127608	-0.10733505236780344	0.12778406769940287	-0.5457146233933879	1.0000000000000009	-0.09970840308504665	0.14566925833480093	-0.13347366115923148	0.21027714623213548	-0.2206663283259257	0.10314113551060315	-0.09232939086648002	0.11438872096104104	-0.12014242893382376	0.14087504803659917	-0.0770889657549441	0.11656236558364777	-0.09913777601415097	0.09605331474099131	-0.10441969787543919	0.10319387458172279	-0.08584017958535883	0.071384710031708	-0.07292310534849882	0.07986120151558673
0.06067308595181423	-0.05256010988601306	0.12972413163458735	-0.08480876756641714	0.09989865620020719	-0.0926033291773154	0.10724266424409704	-0.11358110856063673	0.10837368592267187	-0.09599050688841475	0.12919837558076253	-0.12286853819445287	0.1235869029170844	-0.1074265002178639	0.10964592383587599	-0.5272518036262244	0.25352169040424455	-0.20926176873474325	0.16289364080553162	-0.09970840308504665	1.0000000000000022	-0.581630088708018	0.23137823354682474	-0.18786793416407896	0.1347728797754603	-0.42789346903075876	0.23596594414234137	-0.20467316186748213	0.1671101232537012	-0.12035996869372137	0.18000116775073227	-0.21154703417105622	0.16779234816003671	-0.13006090659735514	0.13113962418613787	-0.19739102365194172	0.14499113939877437	-0.11117673545049575	0.10590024280484493	-0.10514930224369681
-0.0910526847951882	0.07743477676164069	-0.19895708864961895	0.12610019011411477	-0.1529951307329253	0.11663162786324263	-0.14991637732168225	0.16023708686901986	-0.1619666589523667	0.14113243540844989	-0.16883891393833927	0.16185321002170447	-0.17711557165599187	0.15585589853477613	-0.1648833757459992	0.2981125417924541	-0.3235373417521112	0.2494719049154241	-0.24806138491721455	0.14566925833480093	-0.581630088708018	1.0000000000000022	-0.38291439948610373	0.24768753122816048	-0.191700355618014	0.2714494481711638	-0.29398675091724813	0.24094426355435278	-0.22991581388989607	0.1622269786729437	-0.18507166501755581	0.23159362470997968	-0.21792768303643545	0.17002296946891335	-0.180933128125329	0.19912447499435149	-0.19147716023590497	0.1421412987740651	-0.14278233479612334	0.13797438810250973
0.07091460601923866	-0.062190539298903134	0.154712488080732	-0.10512068190404658	0.12049976726171496	-0.10184093899912787	0.12678947511483676	-0.14955054273950216	0.13602860444572087	-0.12240679845896872	0.1368115715912566	-0.1540365035117571	0.16753827686397804	-0.1433351298457537	0.13907520747092886	-0.29838471845947706	0.28485081157862935	-0.6155190756743608	0.21104057541138596	-0.13347366115923148	0.23137823354682474	-0.38291439948610373	1.0000000000000029	-0.379384564024725	0.18605933252230045	-0.2117499202851164	0.20277432491865494	-0.31940828695454754	0.208205519590714	-0.16237481352295538	0.14494035451813272	-0.21191064200378157	0.1892291882720047	-0.15902650422188155	0.15742905663865156	-0.17918038379939788	0.15183790127492314	-0.12434357443190372	0.12084392988140218	-0.12480754622049373
-0.09969894666590803	0.08471073046876366	-0.2257060609467373	0.14613054862182073	-0.17969694202337755	0.11454223198924933	-0.15365565254523436	0.17772260772389786	-0.19439035454774062	0.1706324029370604	-0.16083380321470886	0.16526257244328446	-0.19522683862661924	0.19235620397852035	-0.22289154838646028	0.19633146330842718	-0.20079104824859198	0.22188717786897316	-0.35405502749747814	0.21027714623213548	-0.18786793416407896	0.24768753122816048	-0.379384564024725	1.0000000000000002	-0.5077947966814459	0.189388926106291	-0.18854429386148572	0.2384897361168764	-0.32520844336074983	0.2765217594265382	-0.14773433089709348	0.21829408712321619	-0.22425052049551197	0.2164223638213804	-0.2615008830021814	0.18602321476995395	-0.1987840552545258	0.15544001688030246	-0.17290846376936306	0.1728037871691651
0.057144958603195795	-0.04962909331496628	0.12887174948689395	-0.09004997191739444	0.10630081402754767	-0.07082241034175986	0.09211531484015222	-0.11123424512184622	0.12007052079797606	-0.11358101815017203	0.09595730631052014	-0.10479148097478926	0.1182657906696779	-0.12912091863282799	0.1649071297360224	-0.1385078352831748	0.12465370357555934	-0.14098899228371495	0.2070996708006145	-0.2206663283259257	0.1347728797754603	-0.191700355618014	0.18605933252230045	-0.5077947966814459	1.0000000000000007	-0.15830888866549395	0.14924078089142148	-0.20694671670949347	0.2604871197648093	-0.6736924234465262	0.12229872825285584	-0.19233009870708898	0.17962853421299604	-0.21584276404813085	0.24216885588883735	-0.1625503187954379	0.1508355922291535	-0.13287827891957535	0.14475323723690647	-0.1741950836851231
-0.06093450674049348	0.05191755360104208	-0.1337074982836938	0.0855387405341418	-0.1035921876467042	0.0776782015370162	-0.09871699438791784	0.1075671396950406	-0.10963272437309193	0.09649448457241061	-0.11097560587057677	0.10723718036332358	-0.11726504978634746	0.10611310850411132	-0.11437753754701004	0.2097615660339134	-0.17586004207250225	0.15630593674425589	-0.1690103750597491	0.10314113551060315	-0.42789346903075876	0.2714494481711638	-0.2117499202851164	0.189388926106291	-0.15830888866549395	0.9999999999999987	-0.5869566159236246	0.2650912039599167	-0.22460208955971642	0.14256976896784082	-0.4128370412427215	0.28563867580956703	-0.23575470820594585	0.1651040180356175	-0.16738675194160937	0.26164598001111916	-0.20160734831212462	0.1456525676486758	-0.13817508625574637	0.1310488053848975
0.05220645567427184	-0.044707677823878585	0.11457021313455291	-0.07435095383169715	0.08918827271167444	-0.06728566306305572	0.08508066816392283	-0.09431887771177817	0.09519752718601837	-0.08460126257947014	0.09433014687078406	-0.09418404222691185	0.10234853735509886	-0.09338787319096373	0.10021062221437764	-0.1798817374078622	0.14880382291958724	-0.14924563343681177	0.1472119960701103	-0.09232939086648002	0.23596594414234137	-0.29398675091724813	0.20277432491865494	-0.18854429386148572	0.14924078089142148	-0.5869566159236246	1.000000000000001	-0.5151271382567812	0.2316484234286528	-0.14580853408512973	0.24189540755212485	-0.4193457854288661	0.251380562396297	-0.17769785489633763	0.16236380497391267	-0.2412229624060036	0.18322799794929806	-0.14675186779869454	0.13317487511956252	-0.13108546795958578
-0.061738098851853274	0.05278630659440148	-0.13656768860933374	0.08866422075023582	-0.10675975427117104	0.07699374659245325	-0.09939897498288311	0.11178761490889219	-0.1143295410774893	0.10155422681843837	-0.10799042551428718	0.10953820351457952	-0.12232250609903529	0.11254481470173151	-0.12289792769162076	0.17482681024480107	-0.16614149670343265	0.18166217060620202	-0.1799251097070376	0.11438872096104104	-0.20467316186748213	0.24094426355435278	-0.31940828695454754	0.2384897361168764	-0.20694671670949347	0.2650912039599167	-0.5151271382567812	1.0000000000000002	-0.477915579134035	0.20463369547724503	-0.19379740498745152	0.28840044265592857	-0.420140142759823	0.25178153237783996	-0.22514450058159335	0.20848483267419982	-0.21889805507850285	0.18419382874010748	-0.1748287720324003	0.1681849106210154
0.055993591780647875	-0.04825746535691798	0.12398438967864016	-0.08293609089957786	0.0984006139449942	-0.07068998265863309	0.09040569077780981	-0.10403991306608242	0.10681290565128942	-0.09737349065225526	0.0971905668271753	-0.10157235276386822	0.11147982661082324	-0.10782892553309878	0.12020661730160728	-0.15911773594482193	0.13922574657558204	-0.15458165835380036	0.17063315488117625	-0.12014242893382376	0.1671101232537012	-0.22991581388989607	0.208205519590714	-0.32520844336074983	0.2604871197648093	-0.22460208955971642	0.2316484234286528	-0.477915579134035	1.0000000000000002	-0.42482940014651277	0.16634114084380308	-0.2737634079968516	0.2813658460714423	-0.500252724371324	0.28986283778186533	-0.21083713256857578	0.19860251702035275	-0.1843313545333899	0.1948439616546699	-0.21460460371582565
-0.05089577663393171	0.043749649013353605	-0.11472953806199108	0.07718251974905725	-0.0930654542617925	0.06140670973139291	-0.08053638924689738	0.0947701494947693	-0.1027911783660993	0.09361472852921723	-0.08463061790975	0.08929555978110329	-0.10211228566067308	0.10539607827622831	-0.13453036691394574	0.11827737894045212	-0.1087933134720178	0.11855774810016416	-0.17507419510254138	0.14087504803659917	-0.12035996869372137	0.1622269786729437	-0.16237481352295538	0.2765217594265382	-0.6736924234465262	0.14256976896784082	-0.14580853408512973	0.20463369547724503	-0.42482940014651277	0.9999999999999978	-0.11364217773477309	0.17811253161719534	-0.19456090265659232	0.2510241742841743	-0.4201460632282556	0.14583254373117652	-0.1583314061050833	0.1366062730468643	-0.1666106741857157	0.18686218455859122
0.04465609112983781	-0.038040125269824546	0.0983782988220264	-0.06316827299184828	0.0765065736652121	-0.05548880258532948	0.07104959893657203	-0.07863034064898376	0.08070947134282928	-0.07142102663025272	0.07831902710112663	-0.07732427344047647	0.08504451002610505	-0.07816755897903162	0.08485311818281323	-0.13549532347573215	0.11350488263250912	-0.10940022408249782	0.12462081786184558	-0.0770889657549441	0.18000116775073227	-0.18507166501755581	0.14494035451813272	-0.14773433089709348	0.12229872825285584	-0.4128370412427215	0.24189540755212485	-0.19379740498745152	0.16634114084380308	-0.11364217773477309	1.0000000000000002	-0.4399213997988396	0.2144196087201124	-0.14238978541033312	0.13986966610858306	-0.7113271271050536	0.2092390730555536	-0.1502318948121799	0.1250963356147523	-0.12056613125260537
-0.06694634220905937	0.056818604377354795	-0.14831924907953065	0.09471003334958104	-0.11550349973791625	0.08019331096651201	-0.10446738990866002	0.11633042489596489	-0.12123740785705248	0.107040720668334	-0.11364512342210031	0.1123658850198324	-0.1259693576542681	0.11681261595651381	-0.12856954442975846	0.16886240323284468	-0.1543077337773156	0.15274061621306467	-0.18842730065126098	0.11656236558364777	-0.21154703417105622	0.23159362470997968	-0.21191064200378157	0.21829408712321619	-0.19233009870708898	0.28563867580956703	-0.4193457854288661	0.28840044265592857	-0.2737634079968516	0.17811253161719534	-0.4399213997988396	0.9999999999999993	-0.49720600070808924	0.23586024640232683	-0.23346507285600412	0.2941807064128993	-0.31313301096897256	0.2236277368842144	-0.20110766141516503	0.1829780309026632
0.05235249962825674	-0.044905264432146874	0.11550306057092571	-0.07586045801657969	0.09067925750350918	-0.06570011067049464	0.08399841734802453	-0.09505526982819584	0.09703521596108758	-0.08727635306396989	0.09117753950440782	-0.09328522594979297	0.10218666556913505	-0.09595648149202624	0.10474292488793654	-0.1507723341282146	0.13135664616356107	-0.14067555565189455	0.15158580795761517	-0.09913777601415097	0.16779234816003671	-0.21792768303643545	0.1892291882720047	-0.22425052049551197	0.17962853421299604	-0.23575470820594585	0.251380562396297	-0.420140142759823	0.2813658460714423	-0.19456090265659232	0.2144196087201124	-0.49720600070808924	0.9999999999999987	-0.4381384132276938	0.2529185461593009	-0.266115492156585	0.2786471769898029	-0.3906493500007997	0.2317473071335195	-0.23437911071502904
-0.04654562567061555	0.039880547533497825	-0.10341189239118628	0.06813378422752145	-0.08182563649399756	0.05706832178447271	-0.07382741248590935	0.08441671295773634	-0.08795922788314212	0.07930510097466924	-0.07921512738583977	0.08153280012903966	-0.09077679070719055	0.08746971134229051	-0.09913198337062845	0.12068164381949834	-0.10846073498105874	0.11579598395773087	-0.14051236126397107	0.09605331474099131	-0.13006090659735514	0.17002296946891335	-0.15902650422188155	0.2164223638213804	-0.21584276404813085	0.1651040180356175	-0.17769785489633763	0.25178153237783996	-0.500252724371324	0.2510241742841743	-0.14238978541033312	0.23586024640232683	-0.4381384132276938	0.9999999999999993	-0.5658558993370066	0.1769490067295238	-0.2249102644054491	0.21358074173942385	-0.3058818098999678	0.2606407447223733
0.04704572446324442	-0.040521360470137754	0.10441883849428599	-0.06998656232109475	0.08317114711844267	-0.05859499621224518	0.07528363150732019	-0.0869922642468824	0.09021948207731185	-0.08253500436886012	0.08053214647538272	-0.08426147654066356	0.09283679854702558	-0.09113651403785272	0.10331137170889079	-0.12586794883630267	0.11031668790335546	-0.11936092906191396	0.14458849856256684	-0.10441969787543919	0.13113962418613787	-0.180933128125329	0.15742905663865156	-0.2615008830021814	0.24216885588883735	-0.16738675194160937	0.16236380497391267	-0.22514450058159335	0.28986283778186533	-0.4201460632282556	0.13986966610858306	-0.23346507285600412	0.2529185461593009	-0.5658558993370066	0.9999999999999973	-0.18776358772711454	0.20424751760753235	-0.205129727209661	0.2663767994142774	-0.4670986676367771
-0.06079465075473469	0.05148704005803582	-0.13469596622232333	0.08550644647025715	-0.10466507044042916	0.07221190031855934	-0.09430601721709571	0.10452433512642442	-0.10927907974885934	0.09616926128840486	-0.10280552823064745	0.10073064998531683	-0.11314355049709707	0.10462107369784822	-0.11501014295407563	0.150100948275272	-0.13702450403274175	0.1320826277433214	-0.16910397300898594	0.10319387458172279	-0.19739102365194172	0.19912447499435149	-0.17918038379939788	0.18602321476995395	-0.1625503187954379	0.26164598001111916	-0.2412229624060036	0.20848483267419982	-0.21083713256857578	0.14583254373117652	-0.7113271271050536	0.2941807064128993	-0.266115492156585	0.1769490067295238	-0.18776358772711454	0.9999999999999977	-0.360445255510916	0.20079107693109283	-0.17341265884509607	0.15741443187363646
0.045758964098711385	-0.039272789704090746	0.10083655265628816	-0.0663814162910085	0.07919329672183155	-0.057434548319651904	0.0732465328143168	-0.08288881644558184	0.08457852476222467	-0.07630944384186258	0.07951822048216463	-0.08139703804397574	0.08864303434258823	-0.08353543009011262	0.09086701024812836	-0.13111642790000816	0.11212206531340534	-0.1168097388566523	0.1315301567298653	-0.08584017958535883	0.14499113939877437	-0.19147716023590497	0.15183790127492314	-0.1987840552545258	0.1508355922291535	-0.20160734831212462	0.18322799794929806	-0.21889805507850285	0.19860251702035275	-0.1583314061050833	0.2092390730555536	-0.31313301096897256	0.2786471769898029	-0.2249102644054491	0.20424751760753235	-0.360445255510916	0.9999999999999976	-0.6943208194139452	0.26645980120982016	-0.29148987054100706
-0.03776826795944292	0.032295074299655335	-0.08359551632520833	0.05458783870942473	-0.06566465905178212	0.04634322585527116	-0.05976184665413985	0.06763027514307714	-0.06990624099425477	0.06269298279370063	-0.0645691649851576	0.06569790024604803	-0.07265749958723196	0.06869318698526944	-0.07592124597324793	0.10010761957661204	-0.08862963738196146	0.09243385594966894	-0.10958930617424383	0.071384710031708	-0.11117673545049575	0.1421412987740651	-0.12434357443190372	0.15544001688030246	-0.13287827891957535	0.1456525676486758	-0.14675186779869454	0.18419382874010748	-0.1843313545333899	0.1366062730468643	-0.1502318948121799	0.2236277368842144	-0.3906493500007997	0.21358074173942385	-0.205129727209661	0.20079107693109283	-0.6943208194139452	0.9999999999999976	-0.4540647449400777	0.2580415223622142
0.03656525024938408	-0.031388231240019604	0.08091898613278434	-0.05350189469229147	0.06389843356913853	-0.04538476844106116	0.058259925105515156	-0.06649593245756788	0.06856012844568043	-0.06205829559851571	0.06273971601175184	-0.06471117669032851	0.07112703063846726	-0.06814822548500127	0.07563106353699656	-0.09898460851958685	0.08639763034895336	-0.09165168102003081	0.10812899598109624	-0.07292310534849882	0.10590024280484493	-0.14278233479612334	0.12084392988140218	-0.17290846376936306	0.14475323723690647	-0.13817508625574637	0.13317487511956252	-0.1748287720324003	0.1948439616546699	-0.1666106741857157	0.1250963356147523	-0.20110766141516503	0.2317473071335195	-0.3058818098999678	0.2663767994142774	-0.17341265884509607	0.26645980120982016	-0.4540647449400777	0.999999999999998	-0.7164035244569645
-0.03952986662002726	0.03380146041191788	-0.08790466236595251	0.05764487947749982	-0.06948064341113847	0.04786314450116992	-0.06214736876220193	0.07096366763381037	-0.0743083369768859	0.06683427990161885	-0.0665662836113291	0.0682261294301994	-0.07618675670040131	0.07344202130384486	-0.08336482631567387	0.09822946557130169	-0.08814439179330828	0.09292786777296413	-0.11833047823295136	0.07986120151558673	-0.10514930224369681	0.13797438810250973	-0.12480754622049373	0.1728037871691651	-0.1741950836851231	0.1310488053848975	-0.13108546795958578	0.1681849106210154	-0.21460460371582565	0.18686218455859122	-0.12056613125260537	0.1829780309026632	-0.23437911071502904	0.2606407447223733	-0.4670986676367771	0.15741443187363646	-0.29148987054100706	0.2580415223622142	-0.7164035244569645	0.9999999999999979
