1.0	-0.3126270799205555	0.2101282047747401	-0.14526522880707315	0.13096245268775902	-0.781176415308465	0.2504567547691727	-0.2500849134736903	0.1333219906969402	-0.10327409190529584	0.24571999166345032	-0.20867326943313355	0.1808163955184962	-0.12662796144589347	0.12410018447067167	-0.1896681641900744	0.15532097325647817	-0.18120518900485438	0.1402735153684379	-0.1282166383150669	0.12135117897412173	-0.15706143745813939	0.12639789564670542	-0.12853476875138217	0.10833133818911418	-0.13069603335925706	0.11038348529251069	-0.10912849578518459	0.12974690024539812	-0.21507157439593086
-0.3126270799205555	0.9999999999999998	-0.7983351180817257	0.21732297369963302	-0.19073427939448426	0.2102277878438975	-0.3145736640404614	0.22367913417137472	-0.19097548872310005	0.1255012106314169	-0.149615249870261	0.147912995535226	-0.1492222402485354	0.11435634640670304	-0.11991090466697273	0.11011557545464472	-0.10697150770688728	0.12562837533829802	-0.1215309494394897	0.10562005875476303	-0.07756846498308008	0.10497376696306128	-0.08955239758366695	0.09423014265613619	-0.08338494913252392	0.07909980264350586	-0.0745763908232637	0.07182542875125685	-0.09199805187011167	0.14108313763520236
0.2101282047747401	-0.7983351180817257	0.9999999999999996	-0.34751305452350095	0.18882694766091496	-0.20031246766227798	0.22590418893882444	-0.2558287161672912	0.1938704664008809	-0.13602719526368998	0.14351537888363666	-0.15250949151534088	0.14972164002155497	-0.12179863482033124	0.12360405735911566	-0.11509857280487279	0.11017577136725482	-0.13476742570811626	0.12444158289369718	-0.11442155348707651	0.08044819081369595	-0.1129690920482653	0.0946586536121732	-0.10170274773620855	0.08884638887567664	-0.08417022652186426	0.07837801926793243	-0.07685826194479067	0.09743600659886359	-0.1576429391836094
-0.14526522880707315	0.21732297369963302	-0.34751305452350095	0.9999999999999998	-0.568001087997294	0.12422546817171921	-0.15459222854320231	0.16284335319293006	-0.6083331123595095	0.2982553490930085	-0.12704504139806247	0.1265301820812175	-0.1396388115758893	0.18118903424149715	-0.20785439410269357	0.10112127832705531	-0.10393765886117036	0.1305389056735831	-0.17238730184865741	0.1562278621072432	-0.07598684908831899	0.10985667912645068	-0.09761039670876233	0.11729646785921714	-0.1094010499700086	0.0773663790927216	-0.07919518062387054	0.07693720594892302	-0.1050503312363815	0.16210058902919483
0.13096245268775902	-0.19073427939448426	0.18882694766091496	-0.568001087997294	0.9999999999999994	-0.12234358056109831	0.1386450668970986	-0.1589452490653729	0.3291728931092447	-0.617383827268718	0.13266754727047422	-0.13645838712060532	0.14351354572580888	-0.2094490154180984	0.24622507847324374	-0.1133970650063177	0.11550540212000535	-0.1501258207544878	0.180118735017217	-0.21740931109629133	0.08589345451689678	-0.1311377494761375	0.11447821534060026	-0.15077155891138413	0.13665298838368864	-0.08952500696833637	0.09231234558834735	-0.09201604033708946	0.12610847958868998	-0.21338517300427534
-0.781176415308465	0.2102277878438975	-0.20031246766227798	0.12422546817171921	-0.12234358056109831	1.0	-0.3412349786371451	0.2247401119559593	-0.12413995226637513	0.092870324119228	-0.35481000739990876	0.19923904706258375	-0.18050684754215895	0.11314339174516193	-0.11254944279349192	0.1748420055435523	-0.14732057564188397	0.15712354075661514	-0.12854064753181335	0.10942944320935052	-0.11408120435814985	0.13438324744237365	-0.11184420406121177	0.10912682657654547	-0.09343984293792167	0.11278188735142608	-0.09826900598482756	0.09301949830167337	-0.11307056432394137	0.16848715693058847
0.2504567547691727	-0.3145736640404614	0.22590418893882444	-0.15459222854320231	0.1386450668970986	-0.3412349786371451	1.0000000000000009	-0.7230547329095259	0.15295192888490317	-0.1134513360921418	0.2162998387114644	-0.31927110190427027	0.2650970990903567	-0.141763056546787	0.1313387112722625	-0.16267792023106153	0.1663722980868874	-0.19496956864110784	0.15022309423601568	-0.12701857083805534	0.10823812361589645	-0.15426833348168748	0.12805223088166204	-0.1229151815362589	0.1048005441121827	-0.1102674021670822	0.10015632382659181	-0.09683141421900966	0.11972745803416003	-0.1813741715696773
-0.2500849134736903	0.22367913417137472	-0.2558287161672912	0.16284335319293006	-0.1589452490653729	0.2247401119559593	-0.7230547329095259	1.0000000000000018	-0.19308257150263652	0.12777015883296686	-0.21994718817272638	0.2610188173501416	-0.4266450505024548	0.15838706046059492	-0.148931713571961	0.1543558127503882	-0.16910862387101763	0.19610356314392574	-0.1705879917790325	0.13206519775787165	-0.10848424892172852	0.14944269264503326	-0.13242767730212351	0.12439402165280689	-0.1090852990024671	0.10631886464001293	-0.10162718100011348	0.09594255345826014	-0.12266669412924289	0.17344650935911757
0.1333219906969402	-0.19097548872310005	0.1938704664008809	-0.6083331123595095	0.3291728931092447	-0.12413995226637513	0.15295192888490317	-0.19308257150263652	1.0000000000000002	-0.553922128984089	0.1339089053267719	-0.14178177814036994	0.15598014781153519	-0.2801964327990864	0.24908324883992422	-0.11242147497011003	0.11640034614308069	-0.1525865161668457	0.199194151937678	-0.20263122387143004	0.08418917679385608	-0.1278386967133135	0.11266632319568852	-0.14277265974831943	0.1304497979545004	-0.08695478181640987	0.08909185845817974	-0.08818871843677349	0.12024002691956355	-0.19469572597438017
-0.10327409190529584	0.1255012106314169	-0.13602719526368998	0.2982553490930085	-0.617383827268718	0.092870324119228	-0.1134513360921418	0.12777015883296686	-0.553922128984089	0.9999999999999998	-0.10985559007002828	0.11220982989021597	-0.12697670526565566	0.21551811350820738	-0.41640867495980977	0.09152166570788486	-0.09669725231940328	0.12601281428105707	-0.18401808037170478	0.19858703042165887	-0.07039079404192539	0.10691977165321538	-0.09699093666018861	0.12737297665635172	-0.12610371897047876	0.07191470312781603	-0.07635251144050224	0.07510857181043024	-0.10585228053403309	0.16414260441420364
0.24571999166345032	-0.149615249870261	0.14351537888363666	-0.12704504139806247	0.13266754727047422	-0.35481000739990876	0.2162998387114644	-0.21994718817272638	0.1339089053267719	-0.10985559007002828	0.9999999999999993	-0.45692412512136293	0.2625062845793454	-0.16295118529089836	0.15342623143893624	-0.5371542015142347	0.28637496986838296	-0.28549039014288813	0.1874046332594168	-0.1637243316352167	0.2297039429853464	-0.25124484987028706	0.19379279618548167	-0.17843210565132772	0.14580463809200847	-0.2435143654404035	0.17337816245192675	-0.16905990103486818	0.18397113332239826	-0.27870592142656525
-0.20867326943313355	0.147912995535226	-0.15250949151534088	0.1265301820812175	-0.13645838712060532	0.19923904706258375	-0.31927110190427027	0.2610188173501416	-0.14178177814036994	0.11220982989021597	-0.45692412512136293	0.9999999999999992	-0.605336008197445	0.18104782236434053	-0.16168207804054321	0.2533672932689336	-0.3944465605390111	0.2782074210820132	-0.2072206767625069	0.1501647352682369	-0.16249584362965794	0.21913906308750272	-0.19188073142652234	0.1550415582413371	-0.13270562435074618	0.14985842805987032	-0.13686835324783228	0.1262526953523145	-0.1557368929196433	0.2040010337050602
0.1808163955184962	-0.1492222402485354	0.14972164002155497	-0.1396388115758893	0.14351354572580888	-0.18050684754215895	0.2650970990903567	-0.4266450505024548	0.15598014781153519	-0.12697670526565566	0.2625062845793454	-0.605336008197445	0.999999999999999	-0.274082764019517	0.18186219039988635	-0.22161855861868002	0.2597390922153391	-0.40611945450969966	0.2321906188994218	-0.17356421930249863	0.1434673526409939	-0.23231097647503862	0.19866741490091194	-0.17155212707025932	0.14318850077420764	-0.1444898544446095	0.1327513393576775	-0.12917665216647806	0.1581822788475017	-0.22644363084412156
-0.12662796144589347	0.11435634640670304	-0.12179863482033124	0.18118903424149715	-0.2094490154180984	0.11314339174516193	-0.141763056546787	0.15838706046059492	-0.2801964327990864	0.21551811350820738	-0.16295118529089836	0.18104782236434053	-0.274082764019517	0.9999999999999988	-0.5076208244367485	0.13462447091199636	-0.15682210705361832	0.2178999434399116	-0.6627883446326999	0.25858346435283297	-0.10200076484248441	0.15878015186421293	-0.1521446717234274	0.18113377016649612	-0.17659011385027765	0.10155954912339324	-0.10831792079785538	0.10542586487151932	-0.14806206145304762	0.20956687567390575
0.12410018447067167	-0.11991090466697273	0.12360405735911566	-0.20785439410269357	0.24622507847324374	-0.11254944279349192	0.1313387112722625	-0.148931713571961	0.24908324883992422	-0.41640867495980977	0.15342623143893624	-0.16168207804054321	0.18186219039988635	-0.5076208244367485	0.9999999999999983	-0.133688989462538	0.14468378869320808	-0.19775285106226734	0.2934323183743107	-0.520996351316516	0.104424730126872	-0.16979144135747987	0.1555994430697145	-0.233572062396754	0.230820877709946	-0.10732195622685951	0.11737356869836295	-0.11796323438820172	0.16944150191917823	-0.26937101206279523
-0.1896681641900744	0.11011557545464472	-0.11509857280487279	0.10112127832705531	-0.1133970650063177	0.1748420055435523	-0.16267792023106153	0.1543558127503882	-0.11242147497011003	0.09152166570788486	-0.5371542015142347	0.2533672932689336	-0.22161855861868002	0.13462447091199636	-0.133688989462538	1.0000000000000002	-0.48938168891927963	0.24685569569833127	-0.17157076743011712	0.13480282315880726	-0.4662220210312961	0.22875163507823962	-0.1915681528585696	0.1530315807512268	-0.12758122470263963	0.2542080728633147	-0.1928101304709599	0.15709127292377564	-0.1770450846764523	0.20721483444905475
0.15532097325647817	-0.10697150770688728	0.11017577136725482	-0.10393765886117036	0.11550540212000535	-0.14732057564188397	0.1663722980868874	-0.16910862387101763	0.11640034614308069	-0.09669725231940328	0.28637496986838296	-0.3944465605390111	0.2597390922153391	-0.15682210705361832	0.14468378869320808	-0.48938168891927963	0.9999999999999969	-0.49867282812491415	0.196407802694328	-0.15171036989438869	0.20505496523148622	-0.45288669787556746	0.2684516872596005	-0.18073894280733208	0.14297474501367685	-0.18980939019024573	0.1585576739898947	-0.14811276364150208	0.17058072418966425	-0.20998327268306377
-0.18120518900485438	0.12562837533829802	-0.13476742570811626	0.1305389056735831	-0.1501258207544878	0.15712354075661514	-0.19496956864110784	0.19610356314392574	-0.1525865161668457	0.12601281428105707	-0.28549039014288813	0.2782074210820132	-0.40611945450969966	0.2178999434399116	-0.19775285106226734	0.24685569569833127	-0.49867282812491415	0.9999999999999972	-0.3518734516414084	0.19301525255657578	-0.18056311108862472	0.3088853728789662	-0.4574688604038202	0.22309494582389547	-0.18760794054386923	0.16101831248800547	-0.1720316343593064	0.15995588167976066	-0.20624210160423273	0.23313711891551325
0.1402735153684379	-0.1215309494394897	0.12444158289369718	-0.17238730184865741	0.180118735017217	-0.12854064753181335	0.15022309423601568	-0.1705879917790325	0.199194151937678	-0.18401808037170478	0.1874046332594168	-0.2072206767625069	0.2321906188994218	-0.6627883446326999	0.2934323183743107	-0.17157076743011712	0.196407802694328	-0.3518734516414084	0.999999999999995	-0.361902714084769	0.12755532546714207	-0.21795213860613763	0.20160924607293865	-0.26704560704708596	0.21832704618525178	-0.1307310560907724	0.13742872009102491	-0.1387212973201982	0.18971462646790144	-0.2914503923783921
-0.1282166383150669	0.10562005875476303	-0.11442155348707651	0.1562278621072432	-0.21740931109629133	0.10942944320935052	-0.12701857083805534	0.13206519775787165	-0.20263122387143004	0.19858703042165887	-0.1637243316352167	0.1501647352682369	-0.17356421930249863	0.25858346435283297	-0.520996351316516	0.13480282315880726	-0.15171036989438869	0.19301525255657578	-0.361902714084769	0.9999999999999974	-0.11413516109594055	0.17255145568978	-0.18407799104798347	0.277221297783608	-0.573245363901694	0.11237331201141909	-0.13736955689562858	0.13208785613959137	-0.2167716382632875	0.25446520583410626
0.12135117897412173	-0.07756846498308008	0.08044819081369595	-0.07598684908831899	0.08589345451689678	-0.11408120435814985	0.10823812361589645	-0.10848424892172852	0.08418917679385608	-0.07039079404192539	0.2297039429853464	-0.16249584362965794	0.1434673526409939	-0.10200076484248441	0.104424730126872	-0.4662220210312961	0.20505496523148622	-0.18056311108862472	0.12755532546714207	-0.11413516109594055	0.9999999999999973	-0.18874375268670868	0.14730470320288683	-0.13909730402604967	0.11006021757299161	-0.730326380948979	0.23908963446719958	-0.2128098207521991	0.17227065086120508	-0.21614592577544745
-0.15706143745813939	0.10497376696306128	-0.1129690920482653	0.10985667912645068	-0.1311377494761375	0.13438324744237365	-0.15426833348168748	0.14944269264503326	-0.1278386967133135	0.10691977165321538	-0.25124484987028706	0.21913906308750272	-0.23231097647503862	0.15878015186421293	-0.16979144135747987	0.22875163507823962	-0.45288669787556746	0.3088853728789662	-0.21795213860613763	0.17255145568978	-0.18874375268670868	0.9999999999999972	-0.6723690996087234	0.24077037207494947	-0.19860527101967104	0.16480418915355244	-0.20693952098514712	0.18033216738734476	-0.22836053451397667	0.2228890271316024
0.12639789564670542	-0.08955239758366695	0.0946586536121732	-0.09761039670876233	0.11447821534060026	-0.11184420406121177	0.12805223088166204	-0.13242767730212351	0.11266632319568852	-0.09699093666018861	0.19379279618548167	-0.19188073142652234	0.19866741490091194	-0.1521446717234274	0.1555994430697145	-0.1915681528585696	0.2684516872596005	-0.4574688604038202	0.20160924607293865	-0.18407799104798347	0.14730470320288683	-0.6723690996087234	0.9999999999999974	-0.3865054492437382	0.20551231666231426	-0.1454183609295707	0.17467012124371858	-0.2020839854020972	0.21540536097716584	-0.22532349329115492
-0.12853476875138217	0.09423014265613619	-0.10170274773620855	0.11729646785921714	-0.15077155891138413	0.10912682657654547	-0.1229151815362589	0.12439402165280689	-0.14277265974831943	0.12737297665635172	-0.17843210565132772	0.1550415582413371	-0.17155212707025932	0.18113377016649612	-0.233572062396754	0.1530315807512268	-0.18073894280733208	0.22309494582389547	-0.26704560704708596	0.277221297783608	-0.13909730402604967	0.24077037207494947	-0.3865054492437382	0.9999999999999976	-0.618925627350743	0.13727599101401278	-0.18825595152606633	0.1933054246150882	-0.40935970755462203	0.2868864254858621
0.10833133818911418	-0.08338494913252392	0.08884638887567664	-0.1094010499700086	0.13665298838368864	-0.09343984293792167	0.1048005441121827	-0.1090852990024671	0.1304497979545004	-0.12610371897047876	0.14580463809200847	-0.13270562435074618	0.14318850077420764	-0.17659011385027765	0.230820877709946	-0.12758122470263963	0.14297474501367685	-0.18760794054386923	0.21832704618525178	-0.573245363901694	0.11006021757299161	-0.19860527101967104	0.20551231666231426	-0.618925627350743	0.9999999999999971	-0.11151497565090059	0.1393724556077617	-0.1461201383712642	0.23608573909030833	-0.3469164544684211
-0.13069603335925706	0.07909980264350586	-0.08417022652186426	0.0773663790927216	-0.08952500696833637	0.11278188735142608	-0.1102674021670822	0.10631886464001293	-0.08695478181640987	0.07191470312781603	-0.2435143654404035	0.14985842805987032	-0.1444898544446095	0.10155954912339324	-0.10732195622685951	0.2542080728633147	-0.18980939019024573	0.16101831248800547	-0.1307310560907724	0.11237331201141909	-0.730326380948979	0.16480418915355244	-0.1454183609295707	0.13727599101401278	-0.11151497565090059	0.9999999999999984	-0.4448031610870968	0.22848538957391845	-0.20723766337846486	0.19971573407789145
0.11038348529251069	-0.0745763908232637	0.07837801926793243	-0.07919518062387054	0.09231234558834735	-0.09826900598482756	0.10015632382659181	-0.10162718100011348	0.08909185845817974	-0.07635251144050224	0.17337816245192675	-0.13686835324783228	0.1327513393576775	-0.10831792079785538	0.11737356869836295	-0.1928101304709599	0.1585576739898947	-0.1720316343593064	0.13742872009102491	-0.13736955689562858	0.23908963446719958	-0.20693952098514712	0.17467012124371858	-0.18825595152606633	0.1393724556077617	-0.4448031610870968	0.9999999999999991	-0.6988629151151401	0.2782996599360351	-0.3049639539195547
-0.10912849578518459	0.07182542875125685	-0.07685826194479067	0.07693720594892302	-0.09201604033708946	0.09301949830167337	-0.09683141421900966	0.09594255345826014	-0.08818871843677349	0.07510857181043024	-0.16905990103486818	0.1262526953523145	-0.12917665216647806	0.10542586487151932	-0.11796323438820172	0.15709127292377564	-0.14811276364150208	0.15995588167976066	-0.1387212973201982	0.13208785613959137	-0.2128098207521991	0.18033216738734476	-0.2020839854020972	0.1933054246150882	-0.1461201383712642	0.22848538957391845	-0.6988629151151401	0.9999999999999993	-0.5269652503878705	0.25712907848881256
0.12974690024539812	-0.09199805187011167	0.09743600659886359	-0.1050503312363815	0.12610847958868998	-0.11307056432394137	0.11972745803416003	-0.12266669412924289	0.12024002691956355	-0.10585228053403309	0.18397113332239826	-0.1557368929196433	0.1581822788475017	-0.14806206145304762	0.16944150191917823	-0.1770450846764523	0.17058072418966425	-0.20624210160423273	0.18971462646790144	-0.2167716382632875	0.17227065086120508	-0.22836053451397667	0.21540536097716584	-0.40935970755462203	0.23608573909030833	-0.20723766337846486	0.2782996599360351	-0.5269652503878705	0.9999999999999993	-0.5527916901527254
-0.21507157439593086	0.14108313763520236	-0.1576429391836094	0.16210058902919483	-0.21338517300427534	0.16848715693058847	-0.1813741715696773	0.17344650935911757	-0.19469572597438017	0.16414260441420364	-0.27870592142656525	0.2040010337050602	-0.22644363084412156	0.20956687567390575	-0.26937101206279523	0.20721483444905475	-0.20998327268306377	0.23313711891551325	-0.2914503923783921	0.25446520583410626	-0.21614592577544745	0.2228890271316024	-0.22532349329115492	0.2868864254858621	-0.3469164544684211	0.19971573407789145	-0.3049639539195547	0.25712907848881256	-0.5527916901527254	0.9999999999999991
