1.0	-0.6577441897839974	0.2919044943892671	-0.1289152244103219	0.10824541635401902	-0.41849836163089243	0.24827417580710856	-0.28396244805022214	0.19511661110362954	-0.15923067421539588	0.234095522123702	-0.2523982558392251	0.17404169686156903	-0.16471110551615586	0.12829268584868989	-0.186632546942579	0.16781250195661765	-0.17733905452602752	0.13364230826504217	-0.1263896343341233	0.15025216644255068	-0.13008192200758242	0.1304431050000458	-0.13254467668667683	0.12328546318790524	-0.0941471940610995	0.11858681344742376	-0.12907073249649145	0.10352174136778197	-0.12553551251868206	0.11804496809862194	-0.09149003517255784	0.09953149303455824	-0.10279358875383511	0.1102963207353785	-0.04124127436322416	0.035937279924033394	-0.06192962571111426	0.057278136150904005	-0.06009016198873779	0.03884976544564554	-0.030298308042935984	0.049411113027813244	-0.04767627558905099	0.04769704533474936
-0.6577441897839974	1.0000000000000002	-0.5882801757808057	0.10826140986297234	-0.09371611539003488	0.21632155219523921	-0.25903807463652284	0.25917535828330207	-0.1825068725011965	0.12375920282230642	-0.1783835929946901	0.1915501635188814	-0.14211372402121802	0.12166030567310837	-0.10154910589368667	0.12847240049182496	-0.1291754434457923	0.13157625052492897	-0.10150235071836558	0.09442127755967984	-0.11347825551811909	0.096071630770825	-0.09772200128385856	0.09767963244448889	-0.09373847183068319	0.06976586361003963	-0.08849908589462065	0.0943736095332377	-0.0761769561128993	0.0907312296094265	-0.08822275890720851	0.06709141722941231	-0.07371479707102946	0.07347469157068402	-0.08038245101191933	0.02997551812858066	-0.02620794282982936	0.044758551812066	-0.04127891383911295	0.043075321360371364	-0.0282871540878332	0.022009373260125954	-0.035887664328172614	0.03429906440006494	-0.03448209567864918
0.2919044943892671	-0.5882801757808057	0.9999999999999998	-0.16760221409802123	0.1288147830286236	-0.21162295609401247	0.25109639714904236	-0.5711545183782505	0.23952001847315388	-0.17838253997809075	0.16506968578619638	-0.22999240810623708	0.17347608716337182	-0.16018634648738903	0.13198542573371758	-0.14323182506238002	0.13887398704025677	-0.16887282346865426	0.12837251809119019	-0.1261812846613005	0.1337763478603967	-0.11482543973931732	0.12001802506152179	-0.12517893536691094	0.11899562812189299	-0.08423227760666849	0.10653148146563901	-0.11800322941088638	0.09614997168775337	-0.11654711016020437	0.10639743893469371	-0.0823354294478368	0.09010134979949905	-0.09354831842837472	0.1009381037796618	-0.03716797732616067	0.032432660427357866	-0.05604156818061375	0.05204975990987085	-0.05456301461963975	0.035102980764251134	-0.027371147330869247	0.04475749328290719	-0.04320872504536925	0.04326833851751076
-0.1289152244103219	0.10826140986297234	-0.16760221409802123	0.9999999999999998	-0.795727676916619	0.09179199389273636	-0.12201452375892477	0.1697051943429026	-0.43525675160667676	0.27617401634422595	-0.08627297591607039	0.10913439729343495	-0.10612709768315197	0.12310568745361344	-0.18641194985198528	0.07873526364877453	-0.08373684338092409	0.10216041193495308	-0.10378885119678853	0.1311097791130731	-0.09700230440183273	0.07921488245995188	-0.08829934006846944	0.10179941033146164	-0.11678460102827357	0.06086831219779904	-0.07735689885709227	0.08586607382164041	-0.07556809262480946	0.0905875659258864	-0.07920031357924492	0.059590768361322516	-0.06678234684962613	0.06918786147675027	-0.07767687169613384	0.027167878280248723	-0.023860511949545554	0.04112848857445121	-0.038655798329319174	0.040281202068316396	-0.025920320518745252	0.020138328479603153	-0.03310745339303406	0.03180773865853576	-0.032085582104424526
0.10824541635401902	-0.09371611539003488	0.1288147830286236	-0.795727676916619	0.9999999999999992	-0.08262597358664679	0.10413637843912461	-0.1447523375239737	0.27249782119716165	-0.44855696785467475	0.07733125010972572	-0.10006281180390182	0.09824139837363037	-0.12498618492596697	0.19218936857495184	-0.07419299142733707	0.0781498049929945	-0.09875592980172268	0.10169583643295302	-0.1498298082452513	0.09367534787923298	-0.07756780966347313	0.08713390933162202	-0.10573597961866321	0.11745297003655902	-0.05959300107276063	0.07575092308025536	-0.08644526092110712	0.07676328815068209	-0.094369105934705	0.07702568610848744	-0.05906288653020109	0.06577805922746946	-0.07065148312967413	0.07772495059432502	-0.027008513747163437	0.023666989757098196	-0.0413017054722722	0.03903590132238246	-0.04086941710990916	0.025743100835314506	-0.020058723922484506	0.033088276351901695	-0.03209888553200044	0.03222650564303427
-0.41849836163089243	0.21632155219523921	-0.21162295609401247	0.09179199389273636	-0.08262597358664679	0.9999999999999998	-0.3711405570476969	0.20194051451666095	-0.16049057221111995	0.11466503644028153	-0.6877440488021332	0.27231190673558675	-0.17313483983328876	0.13381857055936713	-0.1030072623000077	0.23629867399392498	-0.23531484571354488	0.15900629709046166	-0.11601348816808811	0.09811681107785027	-0.15220824366058416	0.13085457321368393	-0.12145752269207603	0.11129610970890039	-0.10359785411242452	0.08888138419047088	-0.11430029261576678	0.11413408063750116	-0.08854214362405721	0.10291180237557321	-0.10952122996199092	0.08293072018760263	-0.09032838987708063	0.08370606642996554	-0.09193432383209908	0.03564443860100644	-0.03117070598913753	0.05247198561684816	-0.047586928574831135	0.049354293531240614	-0.03337006675202153	0.025955376683402552	-0.042147861527257	0.039673065415520126	-0.040000085145391245
0.24827417580710856	-0.25903807463652284	0.25109639714904236	-0.12201452375892477	0.10413637843912461	-0.3711405570476969	0.9999999999999992	-0.4469741061201997	0.2127681419818608	-0.1499484256789601	0.2569447004039929	-0.6385351045747614	0.23207719628515924	-0.17296803558288096	0.12424881989265663	-0.19577707942547112	0.1908983656808321	-0.21225789024247074	0.1406905628746263	-0.1192018032495301	0.14918889775812844	-0.13293402957705566	0.13453882919376198	-0.1304371753723705	0.12037327921846702	-0.09200217103624014	0.11784163925606086	-0.12808647732739384	0.1007345777483145	-0.11880458062159589	0.11379486352133689	-0.08863500393377136	0.09634453430788233	-0.09450604585085932	0.10276934496259146	-0.038592098718569216	0.03369851897059526	-0.05776085446552746	0.05303465830946319	-0.055273943785215905	0.03626101986074943	-0.02827684756971853	0.04619382814253066	-0.044059720791805354	0.04424750162024471
-0.28396244805022214	0.25917535828330207	-0.5711545183782505	0.1697051943429026	-0.1447523375239737	0.20194051451666095	-0.4469741061201997	0.9999999999999992	-0.45284634971689686	0.19070362377584257	-0.18077502157496814	0.2528782137524834	-0.2346235896173184	0.16745550146099036	-0.14723437345957233	0.14331697947158586	-0.15048013515978337	0.18164337784993392	-0.13910731864525874	0.12959942451135106	-0.13955962894686835	0.11826219206125198	-0.12636086250346049	0.12812140012479747	-0.12605327885277168	0.0862001588869424	-0.11013508683032554	0.1197938712011468	-0.09805982660113072	0.11588348963211322	-0.10947130801460084	0.08335111299512153	-0.0920855575344444	0.09156387909969221	-0.10105770890443225	0.03706967613395664	-0.032465691526506926	0.05557305158894213	-0.051424819411364	0.053559162570442964	-0.035063404465677565	0.027277187997583843	-0.044617820744319	0.042591667111920445	-0.04288816563928717
0.19511661110362954	-0.1825068725011965	0.23952001847315388	-0.43525675160667676	0.27249782119716165	-0.16049057221111995	0.2127681419818608	-0.45284634971689686	0.9999999999999998	-0.47039123087985474	0.14464729848173555	-0.2049482486063578	0.18513912840617278	-0.24020513703007243	0.23810530019143786	-0.13706438698579804	0.14129448045177156	-0.1844391992849351	0.17723088443077764	-0.21616544078024164	0.15949194007808115	-0.13450267566096424	0.14853678949174956	-0.1748475597451974	0.17645148992005077	-0.10174822827151091	0.12914454968992597	-0.1477549357590099	0.12783726798077355	-0.1577474714114991	0.1302379578513816	-0.10095453080357304	0.11151211059086988	-0.1203701343833936	0.1303496118531652	-0.046076605896565585	0.04028293901824323	-0.07043444321635992	0.0663475919542115	-0.06964746125229669	0.043776635398968325	-0.03415706965237217	0.056255717087779544	-0.05472414852951751	0.0547796306330693
-0.15923067421539588	0.12375920282230642	-0.17838253997809075	0.27617401634422595	-0.44855696785467475	0.11466503644028153	-0.1499484256789601	0.19070362377584257	-0.47039123087985474	0.9999999999999986	-0.1110222885654706	0.13706569453275166	-0.1432863757646136	0.17676449385967868	-0.558153689475262	0.10442984546206195	-0.1132025057982472	0.1397157607016693	-0.15671754330140816	0.24317945735398586	-0.13900507768690898	0.11274210372549628	-0.1301190773303372	0.1573426139268239	-0.20977063032119303	0.08715107427583219	-0.11156257080971872	0.12490058293659181	-0.11431723126759794	0.13500417605390885	-0.11394002774688759	0.08548354125178759	-0.09654106595871796	0.09934869402372759	-0.11379921730735712	0.03874673228075832	-0.03411568893512142	0.058855087235694464	-0.05559388328873787	0.057710131458585945	-0.037088434123582155	0.028793461746227912	-0.047510814454403485	0.04550936559283977	-0.04606023154996727
0.234095522123702	-0.1783835929946901	0.16506968578619638	-0.08627297591607039	0.07733125010972572	-0.6877440488021332	0.2569447004039929	-0.18077502157496814	0.14464729848173555	-0.1110222885654706	0.999999999999998	-0.3735929037127734	0.17819192633165182	-0.14032776681083067	0.10060924381176069	-0.43141016623657974	0.2529224341884381	-0.1762796227946258	0.11901616023169256	-0.09877189469805395	0.153798475940422	-0.14216926354190523	0.1262467731695907	-0.11546571644648228	0.10420594235959606	-0.09174379516344436	0.11740473567219707	-0.12016906882107302	0.0913755623451633	-0.10701954301637139	0.10979653990220899	-0.08611679457122826	0.09202795508004877	-0.08661253550973802	0.09360023820602247	-0.036481177994220154	0.03178405837416487	-0.05399440632164217	0.048912075106935946	-0.050877953661543435	0.03398913304305015	-0.026526077195689057	0.043127258350889215	-0.04082139393313196	0.040983353730129665
-0.2523982558392251	0.1915501635188814	-0.22999240810623708	0.10913439729343495	-0.10006281180390182	0.27231190673558675	-0.6385351045747614	0.2528782137524834	-0.2049482486063578	0.13706569453275166	-0.3735929037127734	0.9999999999999987	-0.39173098065804696	0.18171728699531908	-0.12770310808820232	0.2241005045487325	-0.2771205038905161	0.23990729709824027	-0.1590986427605203	0.11989063360661992	-0.17434610296245032	0.15430482568161902	-0.15518323050475324	0.13939238076112576	-0.12935655692503986	0.10378147477301533	-0.13540275046984052	0.14015594304931206	-0.10909939427361472	0.12458836576554996	-0.12841439969604804	0.09812201884157593	-0.10755318468200428	0.099080006807161	-0.10994894231971575	0.041836786238136796	-0.03665548811332804	0.06194729270991926	-0.0563455986562987	0.05829194528523791	-0.03928252364432092	0.0305551850518049	-0.049821201527998626	0.04681150087698589	-0.04728657931087589
0.17404169686156903	-0.14211372402121802	0.17347608716337182	-0.10612709768315197	0.09824139837363037	-0.17313483983328876	0.23207719628515924	-0.2346235896173184	0.18513912840617278	-0.1432863757646136	0.17819192633165182	-0.39173098065804696	0.9999999999999973	-0.34866108206963536	0.14434584402948689	-0.18283947543604118	0.19738318296281107	-0.6979068513498201	0.24979597336627643	-0.14507068813804697	0.17941411705346874	-0.17206370568914522	0.21183711601135172	-0.19058365672419847	0.1586927709755232	-0.1138718517977457	0.1506675066233795	-0.1873924298103127	0.13897535982806292	-0.15703390956310234	0.13782092950156252	-0.11269336142121299	0.1219447420723527	-0.11636232084786283	0.12701959352296424	-0.046719239137246855	0.04084750150106961	-0.07092096238027591	0.06506551955520518	-0.06743093498763622	0.0438381555833522	-0.03430574760658109	0.05657365102933813	-0.053703226637298554	0.05398306667873684
-0.16471110551615586	0.12166030567310837	-0.16018634648738903	0.12310568745361344	-0.12498618492596697	0.13381857055936713	-0.17296803558288096	0.16745550146099036	-0.24020513703007243	0.17676449385967868	-0.14032776681083067	0.18171728699531908	-0.34866108206963536	0.9999999999999993	-0.234741668468853	0.13979355826618822	-0.1601202313967014	0.27156415204919127	-0.7335708417904151	0.2011853796963347	-0.19481957299401753	0.16159856657045582	-0.2077414784193695	0.25072455443954833	-0.23644829537274178	0.12041235414662162	-0.15847676699980182	0.18097362312808232	-0.17078565099611245	0.17827699331033106	-0.15553888020508808	0.11763891556547494	-0.13373655575185836	0.1280602839403446	-0.15022183245561757	0.05107600886933825	-0.04512543416777162	0.07731686914639806	-0.07251385764074739	0.07437189304591736	-0.04881441260593947	0.037877092579418556	-0.0626894731043368	0.05903831823812082	-0.06015484732388385
0.12829268584868989	-0.10154910589368667	0.13198542573371758	-0.18641194985198528	0.19218936857495184	-0.1030072623000077	0.12424881989265663	-0.14723437345957233	0.23810530019143786	-0.558153689475262	0.10060924381176069	-0.12770310808820232	0.14434584402948689	-0.234741668468853	0.9999999999999991	-0.1043366164154398	0.11209707596713006	-0.15261661204686344	0.18630778431977962	-0.5981729608202613	0.14523750052220902	-0.12417490284029081	0.1483974513788725	-0.21362942211689057	0.2621167822683488	-0.09401549296848367	0.12158804252348883	-0.1484565194133139	0.139950475087921	-0.17597186660981204	0.11964740266816792	-0.0950949011267231	0.10552708586899713	-0.11670969079845327	0.12749357933224098	-0.04244705039978265	0.0372050996820914	-0.06628052530981048	0.06344768117369594	-0.06639624571347649	0.040481595692456615	-0.0316831336012908	0.05288854551782016	-0.051669925673438775	0.05176187414952474
-0.186632546942579	0.12847240049182496	-0.14323182506238002	0.07873526364877453	-0.07419299142733707	0.23629867399392498	-0.19577707942547112	0.14331697947158586	-0.13706438698579804	0.10442984546206195	-0.43141016623657974	0.2241005045487325	-0.18283947543604118	0.13979355826618822	-0.1043366164154398	0.9999999999999938	-0.7430288121675083	0.1850270540612164	-0.13011102917874337	0.10234430382614611	-0.24301898866954647	0.21766221881154052	-0.16562050849769894	0.1307627923616215	-0.1164957703199256	0.12567042359977915	-0.16822047298150816	0.14759806900090675	-0.10701887970334009	0.1200642988028613	-0.14458499460542126	0.11086649753243252	-0.1178343144523871	0.09760878629240292	-0.10663242690308343	0.044159726649774154	-0.0385442973718885	0.06381655881470882	-0.056288287377970286	0.05789858760130347	-0.0406534689093238	0.03168797413822818	-0.05121244270500143	0.04718914893625782	-0.04765009283215148
0.16781250195661765	-0.1291754434457923	0.13887398704025677	-0.08373684338092409	0.0781498049929945	-0.23531484571354488	0.1908983656808321	-0.15048013515978337	0.14129448045177156	-0.1132025057982472	0.2529224341884381	-0.2771205038905161	0.19738318296281107	-0.1601202313967014	0.11209707596713006	-0.7430288121675083	0.9999999999999966	-0.24833681889717826	0.1449171679083829	-0.11391853821777358	0.23093175338051258	-0.3406891800196598	0.18914860923049867	-0.15133013532375583	0.1275698730048087	-0.13750857213861686	0.18449461197160533	-0.17468619310428357	0.12081744265836795	-0.1378989553540515	0.14918841643992917	-0.12668102850482518	0.1276410155339351	-0.110016348782289	0.11712370598212825	-0.048274548531874927	0.041870725930948996	-0.07090021226427301	0.06253939962079166	-0.064684058947803	0.044156751844479786	-0.034651059970981855	0.05624076743805456	-0.052456703003972024	0.05256237233332249
-0.17733905452602752	0.13157625052492897	-0.16887282346865426	0.10216041193495308	-0.09875592980172268	0.15900629709046166	-0.21225789024247074	0.18164337784993392	-0.1844391992849351	0.1397157607016693	-0.1762796227946258	0.23990729709824027	-0.6979068513498201	0.27156415204919127	-0.15261661204686344	0.1850270540612164	-0.24833681889717826	0.9999999999999983	-0.3482446882005901	0.1518613697823621	-0.21236383524700844	0.19819850787237694	-0.33098244997961707	0.2143693442760037	-0.18135044700766254	0.1290734963691804	-0.1779788220349669	0.20993486770117328	-0.15950156708203464	0.16684949672675603	-0.15836820936273766	0.12581274341916251	-0.14017030680480794	0.12310103973598295	-0.13909019785187304	0.05105390256993445	-0.044923416530273895	0.07690356802012986	-0.07006106689033745	0.07182306126281679	-0.04806166168269154	0.037477048211410076	-0.06190648478696037	0.05764599490110414	-0.05845812560185684
0.13364230826504217	-0.10150235071836558	0.12837251809119019	-0.10378885119678853	0.10169583643295302	-0.11601348816808811	0.1406905628746263	-0.13910731864525874	0.17723088443077764	-0.15671754330140816	0.11901616023169256	-0.1590986427605203	0.24979597336627643	-0.7335708417904151	0.18630778431977962	-0.13011102917874337	0.1449171679083829	-0.3482446882005901	0.9999999999999996	-0.224746508452657	0.17327238940328257	-0.15899578119884727	0.21195553821529334	-0.38197490760868713	0.2274051773952292	-0.1114524167810113	0.148824743147511	-0.19287213418396523	0.18021853542277905	-0.1975088473241906	0.13778252409084668	-0.11254401111550194	0.12421345635378635	-0.1267517194854815	0.14037875237921968	-0.04722164328094266	0.04148210555608709	-0.07344534422244763	0.06948135817011694	-0.07176151618001639	0.044809887739264434	-0.035091621232611635	0.05871361820470958	-0.05629216316096677	0.05671873694970088
-0.1263896343341233	0.09442127755967984	-0.1261812846613005	0.1311097791130731	-0.1498298082452513	0.09811681107785027	-0.1192018032495301	0.12959942451135106	-0.21616544078024164	0.24317945735398586	-0.09877189469805395	0.11989063360661992	-0.14507068813804697	0.2011853796963347	-0.5981729608202613	0.10234430382614611	-0.11391853821777358	0.1518613697823621	-0.224746508452657	0.9999999999999968	-0.1550175025922354	0.12929407929643633	-0.16801639145759065	0.24318588572427102	-0.5941380986621729	0.09799738342199311	-0.1294058673450914	0.15430962747476515	-0.1603223271759022	0.1804681802304972	-0.12652219727006214	0.09790037793534379	-0.11131453766560553	0.11510853498064287	-0.13525273781828304	0.042887898403811325	-0.0378566540543147	0.06653273282958962	-0.0638465667300941	0.06583229216562067	-0.041159089753514636	0.03206477598937797	-0.053683974979806724	0.05147713512925348	-0.05221936442541078
0.15025216644255068	-0.11347825551811909	0.1337763478603967	-0.09700230440183273	0.09367534787923298	-0.15220824366058416	0.14918889775812844	-0.13955962894686835	0.15949194007808115	-0.13900507768690898	0.153798475940422	-0.17434610296245032	0.17941411705346874	-0.19481957299401753	0.14523750052220902	-0.24301898866954647	0.23093175338051258	-0.21236383524700844	0.17327238940328257	-0.1550175025922354	0.9999999999999977	-0.5460178835273397	0.2584940291235223	-0.21749482350548996	0.17518502897229554	-0.42971260428827407	0.30160471357227364	-0.2777254512628305	0.18115198853253453	-0.21552908620877062	0.28664541729020604	-0.22383436105160046	0.2041795411215991	-0.1848090715314866	0.1841080592003874	-0.08948962689417589	0.07452621652274728	-0.12103898716223219	0.10396213377505291	-0.10890850397912334	0.0765449432007528	-0.06053446414740536	0.09392884495843726	-0.08893922370106933	0.08738087565264804
-0.13008192200758242	0.096071630770825	-0.11482543973931732	0.07921488245995188	-0.07756780966347313	0.13085457321368393	-0.13293402957705566	0.11826219206125198	-0.13450267566096424	0.11274210372549628	-0.14216926354190523	0.15430482568161902	-0.17206370568914522	0.16159856657045582	-0.12417490284029081	0.21766221881154052	-0.3406891800196598	0.19819850787237694	-0.15899578119884727	0.12929407929643633	-0.5460178835273397	1.0000000000000009	-0.42581004157255936	0.2019651745300138	-0.16244209626966	0.2392885706962539	-0.4839534919315906	0.27596069782589755	-0.17127357148632325	0.17839569535014804	-0.23802664456711067	0.2066655466411019	-0.20670308672212426	0.14104754895261384	-0.15016828135991334	0.06744897760398483	-0.058789706231937834	0.0975106610654014	-0.08233409277798358	0.08370186494069554	-0.060484930948522544	0.04763582309186657	-0.07759523417898223	0.06939026169984011	-0.06990459176044718
0.1304431050000458	-0.09772200128385856	0.12001802506152179	-0.08829934006846944	0.08713390933162202	-0.12145752269207603	0.13453882919376198	-0.12636086250346049	0.14853678949174956	-0.1301190773303372	0.1262467731695907	-0.15518323050475324	0.21183711601135172	-0.2077414784193695	0.1483974513788725	-0.16562050849769894	0.18914860923049867	-0.33098244997961707	0.21195553821529334	-0.16801639145759065	0.2584940291235223	-0.42581004157255936	0.9999999999999983	-0.4125371000618943	0.21762116067810514	-0.1746705296017326	0.2646762873300435	-0.5781355447771593	0.24682274829296913	-0.24532518035117218	0.18655354068051613	-0.18247633293919263	0.18917907182320826	-0.1558765103507227	0.16679258097538652	-0.06210679928356024	0.05432937699825469	-0.0973564314301912	0.08670226999988391	-0.08847816865993846	0.057404153860313	-0.045483054857434126	0.07649237054789955	-0.071020019170456	0.07128368504414
-0.13254467668667683	0.09767963244448889	-0.12517893536691094	0.10179941033146164	-0.10573597961866321	0.11129610970890039	-0.1304371753723705	0.12812140012479747	-0.1748475597451974	0.1573426139268239	-0.11546571644648228	0.13939238076112576	-0.19058365672419847	0.25072455443954833	-0.21362942211689057	0.1307627923616215	-0.15133013532375583	0.2143693442760037	-0.38197490760868713	0.24318588572427102	-0.21749482350548996	0.2019651745300138	-0.4125371000618943	0.9999999999999958	-0.5225483954345628	0.13708248418433208	-0.1966567928089727	0.2682556135738757	-0.41294111725639776	0.27751309936632923	-0.16891268143797966	0.13991754489373268	-0.1594914068139377	0.15703719045558526	-0.18395995956949648	0.05619515168813067	-0.0497177170267289	0.08908175425241639	-0.08638522197738968	0.0872628371396533	-0.053673488193428404	0.04207966833024071	-0.07167298636194518	0.0680402474311325	-0.06922884851423516
0.12328546318790524	-0.09373847183068319	0.11899562812189299	-0.11678460102827357	0.11745297003655902	-0.10359785411242452	0.12037327921846702	-0.12605327885277168	0.17645148992005077	-0.20977063032119303	0.10420594235959606	-0.12935655692503986	0.1586927709755232	-0.23644829537274178	0.2621167822683488	-0.1164957703199256	0.1275698730048087	-0.18135044700766254	0.2274051773952292	-0.5941380986621729	0.17518502897229554	-0.16244209626966	0.21762116067810514	-0.5225483954345628	1.0000000000000002	-0.11584508237683373	0.15586796345704512	-0.2156525007996258	0.23036505390293793	-0.3030631101653998	0.1424444904861674	-0.12026975157993276	0.13262289625026477	-0.14909768360884992	0.16382525913419357	-0.050660491211735006	0.04447997278800465	-0.08134135195207771	0.07926157567226148	-0.08234573779875257	0.04829141377136387	-0.03802605651368324	0.06462869730989171	-0.06330756903039964	0.06342887102278386
-0.0941471940610995	0.06976586361003963	-0.08423227760666849	0.06086831219779904	-0.05959300107276063	0.08888138419047088	-0.09200217103624014	0.0862001588869424	-0.10174822827151091	0.08715107427583219	-0.09174379516344436	0.10378147477301533	-0.1138718517977457	0.12041235414662162	-0.09401549296848367	0.12567042359977915	-0.13750857213861686	0.1290734963691804	-0.1114524167810113	0.09799738342199311	-0.42971260428827407	0.2392885706962539	-0.1746705296017326	0.13708248418433208	-0.11584508237683373	1.0000000000000007	-0.40481578833284954	0.19692698605590558	-0.1254454280762926	0.14094229227658633	-0.729571032046714	0.1979351239124726	-0.181392170353808	0.1250242932995984	-0.1276297283988527	0.08805025919045849	-0.07402114301395493	0.09162399572016483	-0.07420123564892253	0.07597917577902456	-0.06920036240640026	0.0528866495659904	-0.07308015615252648	0.06449814631851734	-0.06411789055241986
0.11858681344742376	-0.08849908589462065	0.10653148146563901	-0.07735689885709227	0.07575092308025536	-0.11430029261576678	0.11784163925606086	-0.11013508683032554	0.12914454968992597	-0.11156257080971872	0.11740473567219707	-0.13540275046984052	0.1506675066233795	-0.15847676699980182	0.12158804252348883	-0.16822047298150816	0.18449461197160533	-0.1779788220349669	0.148824743147511	-0.1294058673450914	0.30160471357227364	-0.4839534919315906	0.2646762873300435	-0.1966567928089727	0.15586796345704512	-0.40481578833284954	0.9999999999999984	-0.4115804733607292	0.1865120429542283	-0.20462068223499827	0.27328134316749075	-0.43776216813469276	0.2695541408569558	-0.16604178963074107	0.16615626726951802	-0.08258406706235709	0.07169548953641454	-0.12175092994717143	0.0967326229925363	-0.09830902737610295	0.07142119212390612	-0.05754267959648961	0.09355954022056633	-0.08284438397982137	0.08228242868123894
-0.12907073249649145	0.0943736095332377	-0.11800322941088638	0.08586607382164041	-0.08644526092110712	0.11413408063750116	-0.12808647732739384	0.1197938712011468	-0.1477549357590099	0.12490058293659181	-0.12016906882107302	0.14015594304931206	-0.1873924298103127	0.18097362312808232	-0.1484565194133139	0.14759806900090675	-0.17468619310428357	0.20993486770117328	-0.19287213418396523	0.15430962747476515	-0.2777254512628305	0.27596069782589755	-0.5781355447771593	0.2682556135738757	-0.2156525007996258	0.19692698605590558	-0.4115804733607292	0.9999999999999992	-0.405184376766707	0.26278923196786846	-0.22619144769919228	0.22526068578819367	-0.2884458626855448	0.17223169341647673	-0.19643501880496247	0.07092436550066458	-0.06327028269275008	0.11507258267516049	-0.10007346393624056	0.09917480502202469	-0.0668229754527912	0.05286568264682874	-0.09194845245543247	0.08110030762786931	-0.08290333927901058
0.10352174136778197	-0.0761769561128993	0.09614997168775337	-0.07556809262480946	0.07676328815068209	-0.08854214362405721	0.1007345777483145	-0.09805982660113072	0.12783726798077355	-0.11431723126759794	0.0913755623451633	-0.10909939427361472	0.13897535982806292	-0.17078565099611245	0.139950475087921	-0.10701887970334009	0.12081744265836795	-0.15950156708203464	0.18021853542277905	-0.1603223271759022	0.18115198853253453	-0.17127357148632325	0.24682274829296913	-0.41294111725639776	0.23036505390293793	-0.1254454280762926	0.1865120429542283	-0.405184376766707	0.9999999999999973	-0.7032048079479429	0.14993134587532983	-0.13957547614081106	0.15789471246730014	-0.21331524651078246	0.21728416607698695	-0.054185400754801875	0.048083586198637764	-0.0942642216920661	0.10088429242274959	-0.10045683195924161	0.052486871934423675	-0.041766786229118814	0.07460656377787617	-0.07415701768048197	0.07476962138429069
-0.12553551251868206	0.0907312296094265	-0.11654711016020437	0.0905875659258864	-0.094369105934705	0.10291180237557321	-0.11880458062159589	0.11588348963211322	-0.1577474714114991	0.13500417605390885	-0.10701954301637139	0.12458836576554996	-0.15703390956310234	0.17827699331033106	-0.17597186660981204	0.1200642988028613	-0.1378989553540515	0.16684949672675603	-0.1975088473241906	0.1804681802304972	-0.21552908620877062	0.17839569535014804	-0.24532518035117218	0.27751309936632923	-0.3030631101653998	0.14094229227658633	-0.20462068223499827	0.26278923196786846	-0.7032048079479429	0.9999999999999976	-0.1817598603246573	0.14992875924855797	-0.18058699087412788	0.2192085573046695	-0.35165567803461784	0.06373140087786566	-0.05696459094295074	0.1086432068687836	-0.1170192950016746	0.11840680649272707	-0.06275188147865374	0.049438039615065155	-0.08811278208977368	0.086931984118591	-0.0894054282337717
0.11804496809862194	-0.08822275890720851	0.10639743893469371	-0.07920031357924492	0.07702568610848744	-0.10952122996199092	0.11379486352133689	-0.10947130801460084	0.1302379578513816	-0.11394002774688759	0.10979653990220899	-0.12841439969604804	0.13782092950156252	-0.15553888020508808	0.11964740266816792	-0.14458499460542126	0.14918841643992917	-0.15836820936273766	0.13778252409084668	-0.12652219727006214	0.28664541729020604	-0.23802664456711067	0.18655354068051613	-0.16891268143797966	0.1424444904861674	-0.729571032046714	0.27328134316749075	-0.22619144769919228	0.14993134587532983	-0.1817598603246573	0.9999999999999969	-0.24740772415816814	0.19866168243615553	-0.17061864213767272	0.1657647732276232	-0.13880080399848732	0.10213215213098065	-0.12111216347072422	0.09848860300653817	-0.10311400370486105	0.09383494681881703	-0.07284968629433382	0.09438843011996874	-0.08680738387580138	0.08440929519337789
-0.09149003517255784	0.06709141722941231	-0.0823354294478368	0.059590768361322516	-0.05906288653020109	0.08293072018760263	-0.08863500393377136	0.08335111299512153	-0.10095453080357304	0.08548354125178759	-0.08611679457122826	0.09812201884157593	-0.11269336142121299	0.11763891556547494	-0.0950949011267231	0.11086649753243252	-0.12668102850482518	0.12581274341916251	-0.11254401111550194	0.09790037793534379	-0.22383436105160046	0.2066655466411019	-0.18247633293919263	0.13991754489373268	-0.12026975157993276	0.1979351239124726	-0.43776216813469276	0.22526068578819367	-0.13957547614081106	0.14992875924855797	-0.24740772415816814	0.9999999999999976	-0.7576746125369452	0.15961048033287073	-0.16318595827083154	0.09320005379649067	-0.09203978943488733	0.1632585625280527	-0.11019474076983127	0.10318496584054619	-0.08613266280182377	0.07154687137168941	-0.1320454751580506	0.09596690581524286	-0.10000460245033695
0.09953149303455824	-0.07371479707102946	0.09010134979949905	-0.06678234684962613	0.06577805922746946	-0.09032838987708063	0.09634453430788233	-0.0920855575344444	0.11151211059086988	-0.09654106595871796	0.09202795508004877	-0.10755318468200428	0.1219447420723527	-0.13373655575185836	0.10552708586899713	-0.1178343144523871	0.1276410155339351	-0.14017030680480794	0.12421345635378635	-0.11131453766560553	0.2041795411215991	-0.20670308672212426	0.18917907182320826	-0.1594914068139377	0.13262289625026477	-0.181392170353808	0.2695541408569558	-0.2884458626855448	0.15789471246730014	-0.18058699087412788	0.19866168243615553	-0.7576746125369452	0.9999999999999976	-0.21776945907022213	0.1869452164828535	-0.09871600804120907	0.09071594189418221	-0.25727739795397847	0.13659029022469138	-0.13049134815563787	0.09278076277016747	-0.07961362679386827	0.15728214335042867	-0.12168611824117737	0.11877948290097703
-0.10279358875383511	0.07347469157068402	-0.09354831842837472	0.06918786147675027	-0.07065148312967413	0.08370606642996554	-0.09450604585085932	0.09156387909969221	-0.1203701343833936	0.09934869402372759	-0.08661253550973802	0.099080006807161	-0.11636232084786283	0.1280602839403446	-0.11670969079845327	0.09760878629240292	-0.110016348782289	0.12310103973598295	-0.1267517194854815	0.11510853498064287	-0.1848090715314866	0.14104754895261384	-0.1558765103507227	0.15703719045558526	-0.14909768360884992	0.1250242932995984	-0.16604178963074107	0.17223169341647673	-0.21331524651078246	0.2192085573046695	-0.17061864213767272	0.15961048033287073	-0.21776945907022213	0.9999999999999987	-0.672688470599722	0.08651545493962327	-0.08058828990782227	0.19709504339589642	-0.47132904519831487	0.27152516427537243	-0.09700279652416377	0.07814257724528349	-0.16829085304919947	0.17908362518709267	-0.20033375294950292
0.1102963207353785	-0.08038245101191933	0.1009381037796618	-0.07767687169613384	0.07772495059432502	-0.09193432383209908	0.10276934496259146	-0.10105770890443225	0.1303496118531652	-0.11379921730735712	0.09360023820602247	-0.10994894231971575	0.12701959352296424	-0.15022183245561757	0.12749357933224098	-0.10663242690308343	0.11712370598212825	-0.13909019785187304	0.14037875237921968	-0.13525273781828304	0.1841080592003874	-0.15016828135991334	0.16679258097538652	-0.18395995956949648	0.16382525913419357	-0.1276297283988527	0.16615626726951802	-0.19643501880496247	0.21728416607698695	-0.35165567803461784	0.1657647732276232	-0.16318595827083154	0.1869452164828535	-0.672688470599722	0.9999999999999971	-0.08923953849817683	0.07923415140576547	-0.20562401500821456	0.26677445346746437	-0.3324997090193479	0.09175738979965264	-0.07652195399964731	0.1551523527727961	-0.1938626179452779	0.18358858672210085
-0.04124127436322416	0.02997551812858066	-0.03716797732616067	0.027167878280248723	-0.027008513747163437	0.03564443860100644	-0.038592098718569216	0.03706967613395664	-0.046076605896565585	0.03874673228075832	-0.036481177994220154	0.041836786238136796	-0.046719239137246855	0.05107600886933825	-0.04244705039978265	0.044159726649774154	-0.048274548531874927	0.05105390256993445	-0.04722164328094266	0.042887898403811325	-0.08948962689417589	0.06744897760398483	-0.06210679928356024	0.05619515168813067	-0.050660491211735006	0.08805025919045849	-0.08258406706235709	0.07092436550066458	-0.054185400754801875	0.06373140087786566	-0.13880080399848732	0.09320005379649067	-0.09871600804120907	0.08651545493962327	-0.08923953849817683	0.9999999999999979	-0.8047674895739078	0.13946636830042874	-0.07786800179109667	0.07675162116502472	-0.45656805585919724	0.2956596100279942	-0.1397568583920205	0.08966180728343363	-0.08434869759087861
0.035937279924033394	-0.02620794282982936	0.032432660427357866	-0.023860511949545554	0.023666989757098196	-0.03117070598913753	0.03369851897059526	-0.032465691526506926	0.04028293901824323	-0.03411568893512142	0.03178405837416487	-0.03665548811332804	0.04084750150106961	-0.04512543416777162	0.0372050996820914	-0.0385442973718885	0.041870725930948996	-0.044923416530273895	0.04148210555608709	-0.0378566540543147	0.07452621652274728	-0.058789706231937834	0.05432937699825469	-0.0497177170267289	0.04447997278800465	-0.07402114301395493	0.07169548953641454	-0.06327028269275008	0.048083586198637764	-0.05696459094295074	0.10213215213098065	-0.09203978943488733	0.09071594189418221	-0.08058828990782227	0.07923415140576547	-0.8047674895739078	0.9999999999999966	-0.15657392684982122	0.07391597037413998	-0.0739155583039163	0.30128461517819394	-0.46426411055451744	0.14054779043394905	-0.09054274513592647	0.07881036098098801
-0.06192962571111426	0.044758551812066	-0.05604156818061375	0.04112848857445121	-0.0413017054722722	0.05247198561684816	-0.05776085446552746	0.05557305158894213	-0.07043444321635992	0.058855087235694464	-0.05399440632164217	0.06194729270991926	-0.07092096238027591	0.07731686914639806	-0.06628052530981048	0.06381655881470882	-0.07090021226427301	0.07690356802012986	-0.07344534422244763	0.06653273282958962	-0.12103898716223219	0.0975106610654014	-0.0973564314301912	0.08908175425241639	-0.08134135195207771	0.09162399572016483	-0.12175092994717143	0.11507258267516049	-0.0942642216920661	0.1086432068687836	-0.12111216347072422	0.1632585625280527	-0.25727739795397847	0.19709504339589642	-0.20562401500821456	0.13946636830042874	-0.15657392684982122	0.9999999999999966	-0.31622471211811976	0.22291622819277432	-0.20040270826073728	0.17522543307923025	-0.7283382711625742	0.27440381828943483	-0.29943356846347224
0.057278136150904005	-0.04127891383911295	0.05204975990987085	-0.038655798329319174	0.03903590132238246	-0.047586928574831135	0.05303465830946319	-0.051424819411364	0.0663475919542115	-0.05559388328873787	0.048912075106935946	-0.0563455986562987	0.06506551955520518	-0.07251385764074739	0.06344768117369594	-0.056288287377970286	0.06253939962079166	-0.07006106689033745	0.06948135817011694	-0.0638465667300941	0.10396213377505291	-0.08233409277798358	0.08670226999988391	-0.08638522197738968	0.07926157567226148	-0.07420123564892253	0.0967326229925363	-0.10007346393624056	0.10088429242274959	-0.1170192950016746	0.09848860300653817	-0.11019474076983127	0.13659029022469138	-0.47132904519831487	0.26677445346746437	-0.07786800179109667	0.07391597037413998	-0.31622471211811976	0.9999999999999968	-0.6812677346065895	0.0918624723789051	-0.08091655860490485	0.21011978467281872	-0.302392425780216	0.2685829326921797
-0.06009016198873779	0.043075321360371364	-0.05456301461963975	0.040281202068316396	-0.04086941710990916	0.049354293531240614	-0.055273943785215905	0.053559162570442964	-0.06964746125229669	0.057710131458585945	-0.050877953661543435	0.05829194528523791	-0.06743093498763622	0.07437189304591736	-0.06639624571347649	0.05789858760130347	-0.064684058947803	0.07182306126281679	-0.07176151618001639	0.06583229216562067	-0.10890850397912334	0.08370186494069554	-0.08847816865993846	0.0872628371396533	-0.08234573779875257	0.07597917577902456	-0.09830902737610295	0.09917480502202469	-0.10045683195924161	0.11840680649272707	-0.10311400370486105	0.10318496584054619	-0.13049134815563787	0.27152516427537243	-0.3324997090193479	0.07675162116502472	-0.0739155583039163	0.22291622819277432	-0.6812677346065895	0.9999999999999972	-0.09601422451889466	0.0809762168875473	-0.21303348272518172	0.2677099684407068	-0.4874051509170711
0.03884976544564554	-0.0282871540878332	0.035102980764251134	-0.025920320518745252	0.025743100835314506	-0.03337006675202153	0.03626101986074943	-0.035063404465677565	0.043776635398968325	-0.037088434123582155	0.03398913304305015	-0.03928252364432092	0.0438381555833522	-0.04881441260593947	0.040481595692456615	-0.0406534689093238	0.044156751844479786	-0.04806166168269154	0.044809887739264434	-0.041159089753514636	0.0765449432007528	-0.060484930948522544	0.057404153860313	-0.053673488193428404	0.04829141377136387	-0.06920036240640026	0.07142119212390612	-0.0668229754527912	0.052486871934423675	-0.06275188147865374	0.09383494681881703	-0.08613266280182377	0.09278076277016747	-0.09700279652416377	0.09175738979965264	-0.45656805585919724	0.30128461517819394	-0.20040270826073728	0.0918624723789051	-0.09601422451889466	0.9999999999999968	-0.7854261706577661	0.18624350530526382	-0.12464723035942668	0.09925595872910106
-0.030298308042935984	0.022009373260125954	-0.027371147330869247	0.020138328479603153	-0.020058723922484506	0.025955376683402552	-0.02827684756971853	0.027277187997583843	-0.03415706965237217	0.028793461746227912	-0.026526077195689057	0.0305551850518049	-0.03430574760658109	0.037877092579418556	-0.0316831336012908	0.03168797413822818	-0.034651059970981855	0.037477048211410076	-0.035091621232611635	0.03206477598937797	-0.06053446414740536	0.04763582309186657	-0.045483054857434126	0.04207966833024071	-0.03802605651368324	0.0528866495659904	-0.05754267959648961	0.05286568264682874	-0.041766786229118814	0.049438039615065155	-0.07284968629433382	0.07154687137168941	-0.07961362679386827	0.07814257724528349	-0.07652195399964731	0.2956596100279942	-0.46426411055451744	0.17522543307923025	-0.08091655860490485	0.0809762168875473	-0.7854261706577661	0.999999999999997	-0.2383428823251736	0.11337169070264762	-0.09367822402572182
0.049411113027813244	-0.035887664328172614	0.04475749328290719	-0.03310745339303406	0.033088276351901695	-0.042147861527257	0.04619382814253066	-0.044617820744319	0.056255717087779544	-0.047510814454403485	0.043127258350889215	-0.049821201527998626	0.05657365102933813	-0.0626894731043368	0.05288854551782016	-0.05121244270500143	0.05624076743805456	-0.06190648478696037	0.05871361820470958	-0.053683974979806724	0.09392884495843726	-0.07759523417898223	0.07649237054789955	-0.07167298636194518	0.06462869730989171	-0.07308015615252648	0.09355954022056633	-0.09194845245543247	0.07460656377787617	-0.08811278208977368	0.09438843011996874	-0.1320454751580506	0.15728214335042867	-0.16829085304919947	0.1551523527727961	-0.1397568583920205	0.14054779043394905	-0.7283382711625742	0.21011978467281872	-0.21303348272518172	0.18624350530526382	-0.2383428823251736	0.9999999999999974	-0.4638184509473085	0.2530895619659718
