1.0000000000000002	-0.6901028816430778	0.23879265287626633	-0.16189523027046177	0.06345376669178243	-0.6074537711962797	0.17528960323879497	-0.15704975981364122	0.1974813330364549	-0.05997914243603132	0.10388621365021217	-0.12148487308000583	0.10586049637297631	-0.09911455663925625	0.10504669983372265	-0.07858681770289158	0.07664186501578273	-0.0739765258616966	0.08987190017292172	-0.05262495367102613	0.08173275679698536	-0.05500641994261655	0.06793123823738473	-0.08216973673709668	0.0422642997964301	-0.025665320579852727	0.014311290026292547	-0.022250202676417905	0.030400544479698036	-0.02706516690576968	0.030409145107962807	-0.014555916068456541	0.018764537445063224	-0.029303386013915998	0.02598173213898546
-0.6901028816430778	1.0	-0.47149537151544296	0.2184375357188325	-0.08571428761711752	0.3119457178356748	-0.23493132489462618	0.1873726944918565	-0.2936351770720979	0.07867334805134579	-0.10602615300215618	0.13838953040130433	-0.12806611281523653	0.11620231788648366	-0.12319302020286664	0.07856005454331907	-0.08708542848792347	0.08283238165667388	-0.10592762547931293	0.05795133936457661	-0.09080810404115652	0.0600824579537164	-0.07652718526457324	0.09050494921386933	-0.04711303893635799	0.028469599011696215	-0.015777532610255506	0.02453828668096658	-0.03369431350013259	0.029920570308876245	-0.0340601952153578	0.015980938549970285	-0.020785769395771484	0.0322588422547133	-0.028889117880364926
0.23879265287626633	-0.47149537151544296	1.0000000000000004	-0.6242103575987787	0.11520960576454042	-0.34270483244361544	0.2053690853900187	-0.28440458591478723	0.31564713964904406	-0.11490703541370068	0.10576153161427664	-0.15684234453233498	0.1481019179804984	-0.14070799868080983	0.1341584436747876	-0.08340362107815831	0.09355371650541278	-0.09338295189705985	0.11599565795587669	-0.06680675772590844	0.09265447376594649	-0.06418988067213421	0.08021440882209378	-0.10360655803359592	0.05319798530157848	-0.029317012468763285	0.016728703655001495	-0.027739498242007592	0.038060747777852066	-0.03398196095198492	0.03477889102535969	-0.017035707914270976	0.02334028840185063	-0.03676500284956967	0.03248274786336236
-0.16189523027046177	0.2184375357188325	-0.6242103575987787	1.0000000000000002	-0.17405794218896362	0.21133781808913032	-0.1506313977234798	0.17801350972141078	-0.6589048714719085	0.14703907447286044	-0.0788183666890866	0.11548870949276707	-0.11626844805639698	0.11853276832006016	-0.1137779063804269	0.06167307013230183	-0.07259804466916005	0.07185722724159584	-0.09660300887021611	0.05149630038739781	-0.07122710209431085	0.04898814480855876	-0.06224486424073437	0.07970365690408031	-0.041364432913390835	0.02249969092237333	-0.012798203341940508	0.021267449931946136	-0.029338285709877197	0.026136989858197644	-0.026797490026331118	0.013005029608812646	-0.01794763766798268	0.02817126586707172	-0.02507471077428695
0.06345376669178243	-0.08571428761711752	0.11520960576454042	-0.17405794218896362	1.0000000000000002	-0.10675904127182173	0.071517448570037	-0.08279844670881263	0.16833141106593275	-0.9463714242674236	0.04620551774385924	-0.06497687743447904	0.060535864456412326	-0.06858929526537422	0.1368028548045615	-0.03662105241081309	0.04227364533136122	-0.04263551034963001	0.05613106726776057	-0.03901319820583448	0.04485968866700211	-0.03126285119561911	0.040172871847431464	-0.05365626217119836	0.03014694099249509	-0.014313468240955356	0.008255912178613793	-0.014756571225052726	0.020270760155446894	-0.01850101455236599	0.017093084597308336	-0.00839496047818905	0.012438727143208539	-0.019658199646430556	0.017722054159805056
-0.6074537711962797	0.3119457178356748	-0.34270483244361544	0.21133781808913032	-0.10675904127182173	0.9999999999999999	-0.32345143244052244	0.2315264203736507	-0.3627082003579199	0.09698254103258952	-0.21801936234435984	0.1976115518901276	-0.1809711913127717	0.16612998310239974	-0.19348480276866564	0.143603183904742	-0.13825960037507815	0.1276135208947591	-0.161005191810377	0.09089107413280394	-0.15888859403087807	0.1015670796488844	-0.12832967202276496	0.14257985659843667	-0.07437578084639297	0.04924503885600781	-0.026680893339553237	0.03908939931555273	-0.05341760080561868	0.04734739781122913	-0.058919934224950544	0.026982934626135373	-0.03318258326874324	0.05106843587864604	-0.0458951056041606
0.17528960323879497	-0.23493132489462618	0.2053690853900187	-0.1506313977234798	0.071517448570037	-0.32345143244052244	1.0000000000000004	-0.6621117299687387	0.21226769893916267	-0.06864264333996958	0.15780735006592087	-0.4825752420136992	0.2875534399424059	-0.21928275438645925	0.167901239180359	-0.12804879804942554	0.1758166491490063	-0.17454732823816604	0.18624982890206185	-0.09448169458020975	0.13545178053538373	-0.09497499920500399	0.11737724894338886	-0.1516028430684062	0.07620067776072216	-0.04267407894978865	0.024387812041283298	-0.03969254700533961	0.054842457656135865	-0.04853006814615158	0.050360094842098795	-0.024836400855566813	0.033424909295867285	-0.05258503624723223	0.046387965196660205
-0.15704975981364122	0.1873726944918565	-0.28440458591478723	0.17801350972141078	-0.08279844670881263	0.2315264203736507	-0.6621117299687387	0.9999999999999999	-0.2861745435033564	0.07801530177408685	-0.14818591827228939	0.29708235792595716	-0.46695657377292993	0.2303079665003471	-0.176571463474373	0.11501179366813583	-0.16289797119643296	0.15295023016108109	-0.20591137665071255	0.08900218370709256	-0.13461648515179814	0.09111607293898454	-0.11765834430802781	0.1438289812971243	-0.07398018724087053	0.0421312666616518	-0.023656310912470557	0.03772972587775767	-0.05269924439163904	0.0462532624426708	-0.05034386057334123	0.023935116152357393	-0.03206236039372982	0.04974144720092371	-0.044761581847355576
0.1974813330364549	-0.2936351770720979	0.31564713964904406	-0.6589048714719085	0.16833141106593275	-0.3627082003579199	0.21226769893916267	-0.2861745435033564	0.9999999999999991	-0.19599312481719083	0.12410445022728271	-0.18642037135890305	0.17613907479966492	-0.2120414549926403	0.17225621906585623	-0.09940191997652902	0.1145858946280414	-0.11698650618142059	0.15185980348287145	-0.08512833124743159	0.11207166825964013	-0.07874355858433893	0.09874766310166691	-0.1322267081400629	0.06752277602964554	-0.03555347038339718	0.02049839779687908	-0.034992668590857146	0.04815358613048996	-0.043014315134570075	0.042154930462444895	-0.020893010956767245	0.02940303197496119	-0.04652936588162109	0.04100573142740773
-0.05997914243603132	0.07867334805134579	-0.11490703541370068	0.14703907447286044	-0.9463714242674236	0.09698254103258952	-0.06864264333996958	0.07801530177408685	-0.19599312481719083	1.0000000000000004	-0.04374899630992747	0.061484293016118886	-0.058750672867739995	0.06683895809368828	-0.15891212469585486	0.034566296981938825	-0.04045764910546015	0.0406207855590377	-0.05469758382791013	0.037092372823164674	-0.042602272828252234	0.0295952912049138	-0.03819300936876482	0.050698694240310496	-0.028832051448302153	0.01357287197549742	-0.007810796447330639	0.01391426263478775	-0.019169073461552714	0.01748428726307811	-0.016222595891363132	0.007936193805384843	-0.011745899019324699	0.018530830211248853	-0.01678000550355195
0.10388621365021217	-0.10602615300215618	0.10576153161427664	-0.0788183666890866	0.04620551774385924	-0.21801936234435984	0.15780735006592087	-0.14818591827228939	0.12410445022728271	-0.04374899630992747	0.9999999999999996	-0.2522151991125702	0.15708996981569706	-0.1694353704303085	0.14382832693742142	-0.7916231077483105	0.216874695456293	-0.21196933234124363	0.1693543919451102	-0.12837079602220802	0.2562537522253352	-0.1927465448396185	0.16701069640577007	-0.21544083489676955	0.09810135596699808	-0.0796567643159819	0.043857469593831244	-0.055276711962703784	0.07363926914119881	-0.0650737056800527	0.08281016634229635	-0.046175156968539695	0.04530990528114767	-0.07272676024767649	0.06015569165559898
-0.12148487308000583	0.13838953040130433	-0.15684234453233498	0.11548870949276707	-0.06497687743447904	0.1976115518901276	-0.4825752420136992	0.29708235792595716	-0.18642037135890305	0.061484293016118886	-0.2522151991125702	0.9999999999999992	-0.5481426179333553	0.269937894375261	-0.19131556236665645	0.18322675549802186	-0.3724096896717016	0.24709789860161582	-0.2863022729343434	0.11014983492324223	-0.1911454658778373	0.1275600219640411	-0.16006995463198928	0.1848303418925154	-0.09307057298859774	0.05830808742301208	-0.0322528414584951	0.04764947943627537	-0.06680540711373706	0.057937338287700056	-0.06918413194451246	0.03259023528144759	-0.04054956760968302	0.06247216727322186	-0.05612758076723333
0.10586049637297631	-0.12806611281523653	0.1481019179804984	-0.11626844805639698	0.060535864456412326	-0.1809711913127717	0.2875534399424059	-0.46695657377292993	0.17613907479966492	-0.058750672867739995	0.15708996981569706	-0.5481426179333553	0.9999999999999993	-0.5262629797422156	0.17434455446191818	-0.12975976639574213	0.2046173828861786	-0.22045955139877216	0.263083066692202	-0.10212199809664045	0.14029677877728822	-0.1001827281194129	0.12627836299743403	-0.1742195171389042	0.08399182311076271	-0.043832083882829644	0.02529604921015355	-0.042339561048763304	0.05987733891145529	-0.05216280638115582	0.05177398880037261	-0.025718577979631667	0.03571040116423543	-0.0564250284241167	0.04974819949466605
-0.09911455663925625	0.11620231788648366	-0.14070799868080983	0.11853276832006016	-0.06858929526537422	0.16612998310239974	-0.21928275438645925	0.2303079665003471	-0.2120414549926403	0.06683895809368828	-0.1694353704303085	0.269937894375261	-0.5262629797422156	0.9999999999999981	-0.25456645623277135	0.1345882188952883	-0.22754138638492433	0.2260170134885208	-0.6208905965464	0.12061242324283711	-0.16738242763047903	0.11637188924902686	-0.1595046179781209	0.21309186896964	-0.10652672188289958	0.05170017563727334	-0.029512458959993756	0.05008226582541679	-0.07376763350426706	0.06243443009632175	-0.06188899035294011	0.029748434463425226	-0.04286752837278773	0.06657134015834294	-0.060547543493482084
0.10504669983372265	-0.12319302020286664	0.1341584436747876	-0.1137779063804269	0.1368028548045615	-0.19348480276866564	0.167901239180359	-0.176571463474373	0.17225621906585623	-0.15891212469585486	0.14382832693742142	-0.19131556236665645	0.17434455446191818	-0.25456645623277135	0.9999999999999989	-0.11454751320765548	0.13463938471639506	-0.138557002172593	0.18905620668135398	-0.1796590240855983	0.1568807526546402	-0.11050935295125128	0.14592501739322467	-0.20539940755250197	0.12948044891644014	-0.05055024413778801	0.029439754501778798	-0.05763166858729708	0.07947089524353114	-0.07488944244160617	0.060725447139167193	-0.02988681140860958	0.048627227053938016	-0.07741302681602184	0.07161420187706219
-0.07858681770289158	0.07856005454331907	-0.08340362107815831	0.06167307013230183	-0.03662105241081309	0.143603183904742	-0.12804879804942554	0.11501179366813583	-0.09940191997652902	0.034566296981938825	-0.7916231077483105	0.18322675549802186	-0.12975976639574213	0.1345882188952883	-0.11454751320765548	1.0000000000000002	-0.27316385342317107	0.1880872327584254	-0.1489992748173286	0.09948058576584548	-0.396297529582792	0.1835427271531531	-0.16965677192912848	0.17207225136974014	-0.0786884079918012	0.08708526619671757	-0.041787113079417765	0.04434055687479797	-0.059114330405255745	0.05145745926914386	-0.09414639592399894	0.04290150030905734	-0.0367165395469406	0.057312272535899836	-0.048112377150914
0.07664186501578273	-0.08708542848792347	0.09355371650541278	-0.07259804466916005	0.04227364533136122	-0.13825960037507815	0.1758166491490063	-0.16289797119643296	0.1145858946280414	-0.04045764910546015	0.216874695456293	-0.3724096896717016	0.2046173828861786	-0.22754138638492433	0.13463938471639506	-0.27316385342317107	0.9999999999999994	-0.7696791869609022	0.25358762780454375	-0.10142028306425023	0.17338725421718248	-0.13856423639957202	0.14168118768867433	-0.18088624520381757	0.0828661426089161	-0.052197106903329446	0.030553082996208354	-0.04309256040709329	0.06026424624181583	-0.05207587524893402	0.05905507929450675	-0.03125118534398724	0.03606184677827088	-0.056987392914836045	0.049151983353981646
-0.0739765258616966	0.08283238165667388	-0.09338295189705985	0.07185722724159584	-0.04263551034963001	0.1276135208947591	-0.17454732823816604	0.15295023016108109	-0.11698650618142059	0.0406207855590377	-0.21196933234124363	0.24709789860161582	-0.22045955139877216	0.2260170134885208	-0.138557002172593	0.1880872327584254	-0.7696791869609022	1.0000000000000007	-0.4216685786822776	0.09923615100603606	-0.17382221517644297	0.12391052176178188	-0.14947289529432725	0.18033470787163064	-0.08555905998842404	0.0515866395638583	-0.029458687480482002	0.04265799121128707	-0.061212827958580296	0.05191681553632893	-0.060140945795276804	0.029780375820647832	-0.036165661991893534	0.05620191367273987	-0.04978296193307437
0.08987190017292172	-0.10592762547931293	0.11599565795587669	-0.09660300887021611	0.05613106726776057	-0.161005191810377	0.18624982890206185	-0.20591137665071255	0.15185980348287145	-0.05469758382791013	0.1693543919451102	-0.2863022729343434	0.263083066692202	-0.6208905965464	0.18905620668135398	-0.1489992748173286	0.25358762780454375	-0.4216685786822776	1.0000000000000007	-0.16310813478019506	0.1760311339751849	-0.13700091334853098	0.1821885067797171	-0.3766683601076939	0.13778266781793388	-0.05475868522691463	0.033098669036429273	-0.06381531184162717	0.09669507515019563	-0.08060645772648246	0.06454777383169608	-0.033672692570099666	0.053494864592501704	-0.08732037725098162	0.07508214921322204
-0.05262495367102613	0.05795133936457661	-0.06680675772590844	0.05149630038739781	-0.03901319820583448	0.09089107413280394	-0.09448169458020975	0.08900218370709256	-0.08512833124743159	0.037092372823164674	-0.12837079602220802	0.11014983492324223	-0.10212199809664045	0.12061242324283711	-0.1796590240855983	0.09948058576584548	-0.10142028306425023	0.09923615100603606	-0.16310813478019506	1.0000000000000002	-0.18017168225798597	0.12255259863773053	-0.19716749965407332	0.25796628403056665	-0.8557517774584065	0.05553646569266438	-0.03212117199359385	0.08036171749935046	-0.13732139711316568	0.15990694577029496	-0.06810188968223663	0.03195977416480361	-0.07346567438515722	0.11417344684844644	-0.1654897031104431
0.08173275679698536	-0.09080810404115652	0.09265447376594649	-0.07122710209431085	0.04485968866700211	-0.15888859403087807	0.13545178053538373	-0.13461648515179814	0.11207166825964013	-0.042602272828252234	0.2562537522253352	-0.1911454658778373	0.14029677877728822	-0.16738242763047903	0.1568807526546402	-0.396297529582792	0.17338725421718248	-0.17382221517644297	0.1760311339751849	-0.18017168225798597	1.0000000000000007	-0.5872987822185267	0.29299305654996144	-0.32643837528931835	0.1364765141698057	-0.2364440711592442	0.09267737726772358	-0.08086425543935831	0.10519855932031748	-0.09173349435783196	0.18712518823771165	-0.09819592466963468	0.06541780861878421	-0.10421814699154808	0.08356319494173767
-0.05500641994261655	0.0600824579537164	-0.06418988067213421	0.04898814480855876	-0.03126285119561911	0.1015670796488844	-0.09497499920500399	0.09111607293898454	-0.07874355858433893	0.0295952912049138	-0.1927465448396185	0.1275600219640411	-0.1001827281194129	0.11637188924902686	-0.11050935295125128	0.1835427271531531	-0.13856423639957202	0.12391052176178188	-0.13700091334853098	0.12255259863773053	-0.5872987822185267	1.0000000000000013	-0.6649186752133631	0.24613742972778804	-0.10478817395497379	0.12264673529962689	-0.11685727825216073	0.06392662185177894	-0.08180965301152861	0.06721185205776549	-0.1361849962316488	0.10460271276288553	-0.05342143009101611	0.07584294496583109	-0.0633519570622072
0.06793123823738473	-0.07652718526457324	0.08021440882209378	-0.06224486424073437	0.040172871847431464	-0.12832967202276496	0.11737724894338886	-0.11765834430802781	0.09874766310166691	-0.03819300936876482	0.16701069640577007	-0.16006995463198928	0.12627836299743403	-0.1595046179781209	0.14592501739322467	-0.16965677192912848	0.14168118768867433	-0.14947289529432725	0.1821885067797171	-0.19716749965407332	0.29299305654996144	-0.6649186752133631	1.0000000000000004	-0.5005127130869461	0.1610396395772949	-0.09466352061396323	0.0827940081636381	-0.10183943015854627	0.12813118388320183	-0.10511555905296249	0.10043467446681248	-0.08710590017336385	0.08061769797695047	-0.12059772440095051	0.09555786597948782
-0.08216973673709668	0.09050494921386933	-0.10360655803359592	0.07970365690408031	-0.05365626217119836	0.14257985659843667	-0.1516028430684062	0.1438289812971243	-0.1322267081400629	0.050698694240310496	-0.21544083489676955	0.1848303418925154	-0.1742195171389042	0.21309186896964	-0.20539940755250197	0.17207225136974014	-0.18088624520381757	0.18033470787163064	-0.3766683601076939	0.25796628403056665	-0.32643837528931835	0.24613742972778804	-0.5005127130869461	1.0000000000000007	-0.36114840455581	0.09681543803143518	-0.05842415237803342	0.12553187523348758	-0.25430524627028783	0.16189709498303528	-0.1174632303034486	0.05790036420899981	-0.11016256955586316	0.17106429160740083	-0.15669889116737581
0.0422642997964301	-0.04711303893635799	0.05319798530157848	-0.041364432913390835	0.03014694099249509	-0.07437578084639297	0.07620067776072216	-0.07398018724087053	0.06752277602964554	-0.028832051448302153	0.09810135596699808	-0.09307057298859774	0.08399182311076271	-0.10652672188289958	0.12948044891644014	-0.0786884079918012	0.0828661426089161	-0.08555905998842404	0.13778266781793388	-0.8557517774584065	0.1364765141698057	-0.10478817395497379	0.1610396395772949	-0.36114840455581	1.000000000000001	-0.04255096255628764	0.02631621217680099	-0.07939183693872633	0.1371595597553277	-0.19751742509184564	0.051323038206211424	-0.026479378617476984	0.0696688599739051	-0.11682270296610493	0.15194699820187654
-0.025665320579852727	0.028469599011696215	-0.029317012468763285	0.02249969092237333	-0.014313468240955356	0.04924503885600781	-0.04267407894978865	0.0421312666616518	-0.03555347038339718	0.01357287197549742	-0.0796567643159819	0.05830808742301208	-0.043832083882829644	0.05170017563727334	-0.05055024413778801	0.08708526619671757	-0.052197106903329446	0.0515866395638583	-0.05475868522691463	0.05553646569266438	-0.2364440711592442	0.12264673529962689	-0.09466352061396323	0.09681543803143518	-0.04255096255628764	1.0000000000000013	-0.1091959185339296	0.026872315523316086	-0.03341532256250434	0.0289460108134003	-0.9398918806188091	0.10110970633220172	-0.022186057842298632	0.033021205272445966	-0.02676947166537825
0.014311290026292547	-0.015777532610255506	0.016728703655001495	-0.012798203341940508	0.008255912178613793	-0.026680893339553237	0.024387812041283298	-0.023656310912470557	0.02049839779687908	-0.007810796447330639	0.043857469593831244	-0.0322528414584951	0.02529604921015355	-0.029512458959993756	0.029439754501778798	-0.041787113079417765	0.030553082996208354	-0.029458687480482002	0.033098669036429273	-0.03212117199359385	0.09267737726772358	-0.11685727825216073	0.0827940081636381	-0.05842415237803342	0.02631621217680099	-0.1091959185339296	1.0000000000000004	-0.031167159488596684	0.02607673511210694	-0.02029624753982627	0.10277266207145598	-0.9764389544218743	0.02718063386996556	-0.025386448413649877	0.020002002828552388
-0.022250202676417905	0.02453828668096658	-0.027739498242007592	0.021267449931946136	-0.014756571225052726	0.03908939931555273	-0.03969254700533961	0.03772972587775767	-0.034992668590857146	0.01391426263478775	-0.055276711962703784	0.04764947943627537	-0.042339561048763304	0.05008226582541679	-0.05763166858729708	0.04434055687479797	-0.04309256040709329	0.04265799121128707	-0.06381531184162717	0.08036171749935046	-0.08086425543935831	0.06392662185177894	-0.10183943015854627	0.12553187523348758	-0.07939183693872633	0.026872315523316086	-0.031167159488596684	1.000000000000002	-0.37779005510931524	0.17042866231148102	-0.032066108280086165	0.03068974214309314	-0.8458006007691955	0.2842203609483049	-0.20814407066603963
0.030400544479698036	-0.03369431350013259	0.038060747777852066	-0.029338285709877197	0.020270760155446894	-0.05341760080561868	0.054842457656135865	-0.05269924439163904	0.04815358613048996	-0.019169073461552714	0.07363926914119881	-0.06680540711373706	0.05987733891145529	-0.07376763350426706	0.07947089524353114	-0.059114330405255745	0.06026424624181583	-0.061212827958580296	0.09669507515019563	-0.13732139711316568	0.10519855932031748	-0.08180965301152861	0.12813118388320183	-0.25430524627028783	0.1371595597553277	-0.03341532256250434	0.02607673511210694	-0.37779005510931524	1.000000000000001	-0.4662144969755878	0.04013806362933302	-0.026270230594348843	0.261328740205077	-0.6592603555373291	0.30230230138416564
-0.02706516690576968	0.029920570308876245	-0.03398196095198492	0.026136989858197644	-0.01850101455236599	0.04734739781122913	-0.04853006814615158	0.0462532624426708	-0.043014315134570075	0.01748428726307811	-0.0650737056800527	0.057937338287700056	-0.05216280638115582	0.06243443009632175	-0.07488944244160617	0.05145745926914386	-0.05207587524893402	0.05191681553632893	-0.08060645772648246	0.15990694577029496	-0.09173349435783196	0.06721185205776549	-0.10511555905296249	0.16189709498303528	-0.19751742509184564	0.0289460108134003	-0.02029624753982627	0.17042866231148102	-0.4662144969755878	1.000000000000001	-0.03505743077349134	0.02036379866545125	-0.1636902825177805	0.28878039923672516	-0.7833537730113316
0.030409145107962807	-0.0340601952153578	0.03477889102535969	-0.026797490026331118	0.017093084597308336	-0.058919934224950544	0.050360094842098795	-0.05034386057334123	0.042154930462444895	-0.016222595891363132	0.08281016634229635	-0.06918413194451246	0.05177398880037261	-0.06188899035294011	0.060725447139167193	-0.09414639592399894	0.05905507929450675	-0.060140945795276804	0.06454777383169608	-0.06810188968223663	0.18712518823771165	-0.1361849962316488	0.10043467446681248	-0.1174632303034486	0.051323038206211424	-0.9398918806188091	0.10277266207145598	-0.032066108280086165	0.04013806362933302	-0.03505743077349134	1.0000000000000018	-0.1146109538489073	0.026273221188697383	-0.0400247411890131	0.032196958695722866
-0.014555916068456541	0.015980938549970285	-0.017035707914270976	0.013005029608812646	-0.00839496047818905	0.026982934626135373	-0.024836400855566813	0.023935116152357393	-0.020893010956767245	0.007936193805384843	-0.046175156968539695	0.03259023528144759	-0.025718577979631667	0.029748434463425226	-0.02988681140860958	0.04290150030905734	-0.03125118534398724	0.029780375820647832	-0.033672692570099666	0.03195977416480361	-0.09819592466963468	0.10460271276288553	-0.08710590017336385	0.05790036420899981	-0.026479378617476984	0.10110970633220172	-0.9764389544218743	0.03068974214309314	-0.026270230594348843	0.02036379866545125	-0.1146109538489073	1.0000000000000016	-0.027792072451260922	0.025407465353889328	-0.020215865338654222
0.018764537445063224	-0.020785769395771484	0.02334028840185063	-0.01794763766798268	0.012438727143208539	-0.03318258326874324	0.033424909295867285	-0.03206236039372982	0.02940303197496119	-0.011745899019324699	0.04530990528114767	-0.04054956760968302	0.03571040116423543	-0.04286752837278773	0.048627227053938016	-0.0367165395469406	0.03606184677827088	-0.036165661991893534	0.053494864592501704	-0.07346567438515722	0.06541780861878421	-0.05342143009101611	0.08061769797695047	-0.11016256955586316	0.0696688599739051	-0.022186057842298632	0.02718063386996556	-0.8458006007691955	0.261328740205077	-0.1636902825177805	0.026273221188697383	-0.027792072451260922	1.0000000000000024	-0.42581772200788703	0.17523272396252798
-0.029303386013915998	0.0322588422547133	-0.03676500284956967	0.02817126586707172	-0.019658199646430556	0.05106843587864604	-0.05258503624723223	0.04974144720092371	-0.04652936588162109	0.018530830211248853	-0.07272676024767649	0.06247216727322186	-0.0564250284241167	0.06657134015834294	-0.07741302681602184	0.057312272535899836	-0.056987392914836045	0.05620191367273987	-0.08732037725098162	0.11417344684844644	-0.10421814699154808	0.07584294496583109	-0.12059772440095051	0.17106429160740083	-0.11682270296610493	0.033021205272445966	-0.025386448413649877	0.2842203609483049	-0.6592603555373291	0.28878039923672516	-0.0400247411890131	0.025407465353889328	-0.42581772200788703	1.0000000000000024	-0.4593357121368507
0.02598173213898546	-0.028889117880364926	0.03248274786336236	-0.02507471077428695	0.017722054159805056	-0.0458951056041606	0.046387965196660205	-0.044761581847355576	0.04100573142740773	-0.01678000550355195	0.06015569165559898	-0.05612758076723333	0.04974819949466605	-0.060547543493482084	0.07161420187706219	-0.048112377150914	0.049151983353981646	-0.04978296193307437	0.07508214921322204	-0.1654897031104431	0.08356319494173767	-0.0633519570622072	0.09555786597948782	-0.15669889116737581	0.15194699820187654	-0.02676947166537825	0.020002002828552388	-0.20814407066603963	0.30230230138416564	-0.7833537730113316	0.032196958695722866	-0.020215865338654222	0.17523272396252798	-0.4593357121368507	1.0000000000000024
