1.0	-0.5827162147482661	0.2685055644113602	-0.18229247896331163	0.14567050202681875	-0.6346213589769762	0.29970303956861977	-0.26923949953645865	0.13141432118540308	-0.11898507684655935	0.17602878070859515	-0.1560454014412139	0.16502032989816812	-0.115848975529893	0.11503847567297587	-0.08734652811400655	0.14778105263950833	-0.15583610872716236	0.11100390840197603	-0.13533003535548996	0.07604495009226	-0.12481004438434773	0.09845603653916972	-0.09621153622972595	0.0909759839445522	-0.03176295389942791	0.047706573036031395	-0.09116674039268921	0.09154206421682998	-0.06623867753316189	0.034420179373222115	-0.044039690305097454	0.057941888728302304	-0.0845067462721525	0.08747595518931309
-0.5827162147482661	1.0000000000000002	-0.5867911684358902	0.1947894611827753	-0.17509545502701396	0.29060021292986515	-0.39191970141900717	0.2753752318065901	-0.14273841771199086	0.12086393349115533	-0.15846973626345606	0.13992362708937844	-0.1662357148991649	0.10926557161229232	-0.11140333959179721	0.07554468765371507	-0.13847101355389313	0.13972013509674497	-0.10189828305288678	0.11880472260123481	-0.06759964586777835	0.10785831390955355	-0.08792721445187038	0.08529628147395267	-0.08096839223664665	0.027912327231236378	-0.04187157522529229	0.07902830771450454	-0.0817375908056466	0.05827684182368652	-0.030478596974119282	0.0383978603914609	-0.05072204091882788	0.07340284269339942	-0.07735721400951828
0.2685055644113602	-0.5867911684358902	1.0000000000000007	-0.3682552526498592	0.2220371648228679	-0.26733275134524764	0.2813675257331654	-0.51620679784969	0.18404381211552562	-0.16586996009609387	0.16498757621591695	-0.15751599620191586	0.2037620702078401	-0.13972759924596556	0.13652313264245824	-0.08744949827158233	0.15631583634289636	-0.18157289713039074	0.1258959878000581	-0.149854859053392	0.07814990319669897	-0.13156022548928561	0.10754587660561538	-0.10569513195923597	0.0986266195135794	-0.03284108548394826	0.051035934780296964	-0.09743462618713959	0.09970175468128605	-0.07146086002042419	0.035718187292771125	-0.046962647066263394	0.06213923709311194	-0.09038325503667205	0.09397460162819214
-0.18229247896331163	0.1947894611827753	-0.3682552526498592	1.0000000000000004	-0.7551901407187922	0.1576299002270889	-0.18342319786164504	0.21912479753278885	-0.32706521719829595	0.2615706316166939	-0.15246799104819916	0.12869232922950422	-0.17094557849369924	0.15129873451726766	-0.1671731744714803	0.0801837512362568	-0.15204591936888442	0.1498767320953432	-0.12680301946773334	0.14721178322723008	-0.07451416542681845	0.1207932770573681	-0.10171718485017502	0.10146684880421086	-0.1010517783321951	0.031351887820809	-0.04939286357676767	0.09206556836263337	-0.09897015788256386	0.07139519983351258	-0.03449971281686928	0.04505547659156403	-0.05988122423228376	0.08657014218264347	-0.09539559722914216
0.14567050202681875	-0.17509545502701396	0.2220371648228679	-0.7551901407187922	1.000000000000001	-0.14936195408621133	0.15631204210026617	-0.20931865807321484	0.2755067897519844	-0.4363725126796762	0.13966441749827999	-0.12314740372091355	0.15744434148846104	-0.15656887062464228	0.16285321687657206	-0.08007290977445283	0.14381746653844013	-0.1544707374603335	0.12760005805904653	-0.160851101360871	0.07349389208274905	-0.12656687469167752	0.10375920393394873	-0.1056629389365985	0.10391168435835976	-0.03152646719427303	0.05128951522563492	-0.09764734372973956	0.10109186282661589	-0.07480202677398273	0.03441010551276437	-0.04724988717351967	0.06261353755851012	-0.0917329657158275	0.0983055035871015
-0.6346213589769762	0.29060021292986515	-0.26733275134524764	0.1576299002270889	-0.14936195408621133	1.0000000000000007	-0.5794622714680466	0.2584832911884755	-0.13582961804604363	0.11389600243312517	-0.24967135019790024	0.17989146878069312	-0.17996363226800718	0.11463371700739686	-0.11681437031254832	0.09342302464250477	-0.1638664366769883	0.1516200454835912	-0.11045039478674963	0.1285267009669852	-0.08166948761903335	0.12311286878170001	-0.09799469814876036	0.09398135274054314	-0.08882986695546252	0.03286653410075693	-0.046800923759521364	0.0880587995419137	-0.09027655974677028	0.06410292031993027	-0.03586359195915892	0.04294293726958335	-0.05646184112288587	0.08157472429192869	-0.08534968887419869
0.29970303956861977	-0.39191970141900717	0.2813675257331654	-0.18342319786164504	0.15631204210026617	-0.5794622714680466	1.0000000000000009	-0.5355627476322691	0.1600057649713227	-0.14116444602946043	0.20602802814236476	-0.22784972389777544	0.2178115970497068	-0.1375345368398271	0.132639996073412	-0.09814508583214417	0.17578018884301577	-0.1886276183143191	0.12740780635966673	-0.14972702833875076	0.08548587818641545	-0.13893388752687555	0.11149950995303533	-0.10813820363741998	0.09949214930637379	-0.03525328430178071	0.05253910205770867	-0.1001697574599808	0.101773226602289	-0.07228374165778129	0.03826130232252911	-0.04835427692442831	0.06377924912495286	-0.09254697210884949	0.09520698346553226
-0.26923949953645865	0.2753752318065901	-0.51620679784969	0.21912479753278885	-0.20931865807321484	0.2584832911884755	-0.5355627476322691	1.000000000000001	-0.2686813209023485	0.18456901537917636	-0.20282269285273719	0.19663621963589137	-0.38410871309003286	0.16892138798416476	-0.1651109860200712	0.09860353525524349	-0.18976888525946506	0.2151998427724463	-0.1491204539876389	0.16265595188388832	-0.08902347656626013	0.14454118918550696	-0.12370863686799885	0.11868580520481348	-0.10829620137761023	0.03664897233236662	-0.056168759974496565	0.10597009682162488	-0.11195755717107787	0.07771594591463504	-0.040076323369054936	0.05129756567144363	-0.0682169047979547	0.09813074995424548	-0.10253965257504151
0.13141432118540308	-0.14273841771199086	0.18404381211552562	-0.32706521719829595	0.2755067897519844	-0.13582961804604363	0.1600057649713227	-0.2686813209023485	1.000000000000001	-0.7811259318191052	0.1358927967168716	-0.12464389651117663	0.17480260069482112	-0.2637024759009081	0.21772840492120268	-0.077235145106345	0.1410166940060542	-0.16243250786515145	0.1467436157325893	-0.17138550895775956	0.07118777119133628	-0.12358607932844194	0.10535591468209883	-0.11144661721453092	0.10268974597130275	-0.030325180904143618	0.050146966378904416	-0.09537742728813955	0.1026256057355002	-0.07343818712516736	0.03313835519190626	-0.04601383512098807	0.06147174611579953	-0.08976491722400129	0.09481899633864524
-0.11898507684655935	0.12086393349115533	-0.16586996009609387	0.2615706316166939	-0.4363725126796762	0.11389600243312517	-0.14116444602946043	0.18456901537917636	-0.7811259318191052	1.000000000000001	-0.12213693371861252	0.10762766121738038	-0.15308989174377838	0.1972888244123792	-0.24814080367016395	0.0675064879041866	-0.1264800023500911	0.13637362463893488	-0.13019905327846196	0.14876560624663915	-0.06281943134458537	0.1063096566071916	-0.09201103178832924	0.09616503906680156	-0.09167914338936033	0.026627368099015915	-0.043802627483471725	0.08232374523113571	-0.0907693594893559	0.06458698839322152	-0.029218487346613458	0.03999542968848356	-0.0535449182258773	0.07775057625836486	-0.08408481020984185
0.17602878070859515	-0.15846973626345606	0.16498757621591695	-0.15246799104819916	0.13966441749827999	-0.24967135019790024	0.20602802814236476	-0.20282269285273719	0.1358927967168716	-0.12213693371861252	1.0000000000000004	-0.6565394121738372	0.2648439000555368	-0.17899647875616834	0.17384892670316646	-0.29352064270455724	0.31765278458462326	-0.27294910545022116	0.1898583277597687	-0.23508225299197033	0.1981913505514673	-0.2759636753003095	0.1899600028799855	-0.17982160278902598	0.1638434808821661	-0.0768456927589277	0.09353098211541634	-0.17903352258239064	0.16961999950799989	-0.12141528523570506	0.08125494948682874	-0.08715612428570477	0.11219552653441411	-0.16377728367182603	0.16125653729478567
-0.1560454014412139	0.13992362708937844	-0.15751599620191586	0.12869232922950422	-0.12314740372091355	0.17989146878069312	-0.22784972389777544	0.19663621963589137	-0.12464389651117663	0.10762766121738038	-0.6565394121738372	1.0000000000000009	-0.3994993506554613	0.1632936948864474	-0.16052420144544507	0.18255734944888308	-0.498195531686475	0.2523763794522955	-0.1679530673996345	0.18541020830899266	-0.15318002269415665	0.20871827469763066	-0.15895336778562386	0.14510716113316174	-0.1294245620775129	0.05732185815131233	-0.0726542625790469	0.13610054917888212	-0.1373135647143001	0.09423090798846315	-0.0624260075206339	0.06661849280574615	-0.08689459092166983	0.12439884170774733	-0.1254517405919973
0.16502032989816812	-0.1662357148991649	0.2037620702078401	-0.17094557849369924	0.15744434148846104	-0.17996363226800718	0.2178115970497068	-0.38410871309003286	0.17480260069482112	-0.15308989174377838	0.2648439000555368	-0.3994993506554613	1.0000000000000004	-0.32521908017329093	0.23373523255230816	-0.14499742999888474	0.27648125526844014	-0.5794416939174176	0.24777726752288254	-0.2565249647283782	0.12884710863757282	-0.22962406973688432	0.20453342253087742	-0.1952380885466082	0.15735438632058946	-0.05328608352866524	0.08496076006153387	-0.16482518922286093	0.17100395134942112	-0.11467168993984853	0.057821121398149836	-0.07775331911605288	0.10421500361232666	-0.14965835429434388	0.1480474765514362
-0.115848975529893	0.10926557161229232	-0.13972759924596556	0.15129873451726766	-0.15656887062464228	0.11463371700739686	-0.1375345368398271	0.16892138798416476	-0.2637024759009081	0.1972888244123792	-0.17899647875616834	0.1632936948864474	-0.32521908017329093	1.0000000000000009	-0.7259004117502725	0.1023470814298771	-0.19748304384677692	0.24429375867642736	-0.39523733041216835	0.27782040547005044	-0.09732544997737407	0.17073615427631011	-0.16596729569450966	0.19055280450733547	-0.15571952845951734	0.04113168822348017	-0.0722817458054401	0.13551747880469445	-0.16795481064372458	0.10757406089154795	-0.04526760571157915	0.06541080902190272	-0.08963044724551705	0.12934324758373586	-0.13634480881879785
0.11503847567297587	-0.11140333959179721	0.13652313264245824	-0.1671731744714803	0.16285321687657206	-0.11681437031254832	0.132639996073412	-0.1651109860200712	0.21772840492120268	-0.24814080367016395	0.17384892670316646	-0.16052420144544507	0.23373523255230816	-0.7259004117502725	1.0000000000000018	-0.10861213139070133	0.19539057126630005	-0.247844187322543	0.27570944329604263	-0.42031700971743224	0.10195358501324742	-0.18888221003900832	0.16699934557977253	-0.1959763454580009	0.17638366152514653	-0.04409600098241382	0.07854419946281917	-0.15105410227509872	0.1688002779253971	-0.12489401091103548	0.04816025275625729	-0.0722034509957761	0.0975863218227134	-0.14420183907973988	0.1513748880828637
-0.08734652811400655	0.07554468765371507	-0.08744949827158233	0.0801837512362568	-0.08007290977445283	0.09342302464250477	-0.09814508583214417	0.09860353525524349	-0.077235145106345	0.0675064879041866	-0.29352064270455724	0.18255734944888308	-0.14499742999888474	0.1023470814298771	-0.10861213139070133	1.0000000000000007	-0.30983532837266214	0.1553383583046943	-0.12479206872247031	0.1369929132905467	-0.8120698445965188	0.24162399259404624	-0.16220269772444035	0.12377986959638118	-0.11022161847456356	0.1570886565072968	-0.0783749158431886	0.12318853939726583	-0.12461674654123112	0.07998311426276779	-0.18051424864785195	0.07048084582447021	-0.08286265725994515	0.10982447521906978	-0.11089694314239049
0.14778105263950833	-0.13847101355389313	0.15631583634289636	-0.15204591936888442	0.14381746653844013	-0.1638664366769883	0.17578018884301577	-0.18976888525946506	0.1410166940060542	-0.1264800023500911	0.31765278458462326	-0.498195531686475	0.27648125526844014	-0.19748304384677692	0.19539057126630005	-0.30983532837266214	0.9999999999999991	-0.3713832697412001	0.22795566369717365	-0.27403347915870224	0.22080523055447684	-0.3905541441609102	0.2428685569437376	-0.2227413209009423	0.19371373829027475	-0.0876737002909286	0.11437346360977664	-0.22064507483370946	0.20634785504696362	-0.1443232843609714	0.09240023088479757	-0.10639767978093384	0.13727538460935787	-0.19950806816656608	0.19182613931926545
-0.15583610872716236	0.13972013509674497	-0.18157289713039074	0.1498767320953432	-0.1544707374603335	0.1516200454835912	-0.1886276183143191	0.2151998427724463	-0.16243250786515145	0.13637362463893488	-0.27294910545022116	0.2523763794522955	-0.5794416939174176	0.24429375867642736	-0.247844187322543	0.1553383583046943	-0.3713832697412001	0.9999999999999998	-0.4191019935949322	0.26419682988252696	-0.14961603979542254	0.25808758408828597	-0.3447512183364353	0.24683919394911116	-0.18299864591350207	0.06024846765878029	-0.10160856361039905	0.18959345129667537	-0.2210282401518508	0.12952865078658582	-0.06658559525289921	0.09000923422774842	-0.12475657780777916	0.16976479727273758	-0.1713346356214545
0.11100390840197603	-0.10189828305288678	0.1258959878000581	-0.12680301946773334	0.12760005805904653	-0.11045039478674963	0.12740780635966673	-0.1491204539876389	0.1467436157325893	-0.13019905327846196	0.1898583277597687	-0.1679530673996345	0.24777726752288254	-0.39523733041216835	0.27570944329604263	-0.12479206872247031	0.22795566369717365	-0.4191019935949322	0.9999999999999999	-0.5047802086983783	0.12094910578275231	-0.2424081876834829	0.25180940732691504	-0.4813003048155942	0.20481405215349574	-0.05178060999321332	0.10012042495999429	-0.196864018076927	0.2505677192893611	-0.14764421697651403	0.05672872319511485	-0.09144396401559846	0.12765650342027918	-0.19032915493505126	0.1764693824564626
-0.13533003535548996	0.11880472260123481	-0.149854859053392	0.14721178322723008	-0.160851101360871	0.1285267009669852	-0.14972702833875076	0.16265595188388832	-0.17138550895775956	0.14876560624663915	-0.23508225299197033	0.18541020830899266	-0.2565249647283782	0.27782040547005044	-0.42031700971743224	0.1369929132905467	-0.27403347915870224	0.26419682988252696	-0.5047802086983783	0.9999999999999991	-0.136075620963856	0.224951494737273	-0.2265135696025476	0.2532311853251471	-0.4228181019156099	0.05852417081779943	-0.10821653216372844	0.19218378585523618	-0.26583141751108535	0.2156148870407794	-0.06536967776208019	0.09632312489486661	-0.13369527375566295	0.1919434535792909	-0.26880999797004235
0.07604495009226	-0.06759964586777835	0.07814990319669897	-0.07451416542681845	0.07349389208274905	-0.08166948761903335	0.08548587818641545	-0.08902347656626013	0.07118777119133628	-0.06281943134458537	0.1981913505514673	-0.15318002269415665	0.12884710863757282	-0.09732544997737407	0.10195358501324742	-0.8120698445965188	0.22080523055447684	-0.14961603979542254	0.12094910578275231	-0.136075620963856	0.9999999999999981	-0.35136636595933635	0.16839677976882922	-0.12967247784586328	0.10669118806195131	-0.22350671765120947	0.07981774706530628	-0.130833972124963	0.1241462097957006	-0.07899104156563345	0.17889229311478702	-0.07346880223073839	0.08506516538975069	-0.1143480769822497	0.10784625811588441
-0.12481004438434773	0.10785831390955355	-0.13156022548928561	0.1207932770573681	-0.12656687469167752	0.12311286878170001	-0.13893388752687555	0.14454118918550696	-0.12358607932844194	0.1063096566071916	-0.2759636753003095	0.20871827469763066	-0.22962406973688432	0.17073615427631011	-0.18888221003900832	0.24162399259404624	-0.3905541441609102	0.25808758408828597	-0.2424081876834829	0.224951494737273	-0.35136636595933635	0.9999999999999993	-0.5921525772248122	0.2611541320289941	-0.2005717290134841	0.10270018219497214	-0.14958193348293408	0.23443057374311307	-0.26618147501259126	0.14338200908811616	-0.11518284222837848	0.12237612422294042	-0.16234166643913495	0.1975553831802542	-0.20332357216104374
0.09845603653916972	-0.08792721445187038	0.10754587660561538	-0.10171718485017502	0.10375920393394873	-0.09799469814876036	0.11149950995303533	-0.12370863686799885	0.10535591468209883	-0.09201103178832924	0.1899600028799855	-0.15895336778562386	0.20453342253087742	-0.16596729569450966	0.16699934557977253	-0.16220269772444035	0.2428685569437376	-0.3447512183364353	0.25180940732691504	-0.2265135696025476	0.16839677976882922	-0.5921525772248122	0.9999999999999996	-0.48412898032142276	0.1704777848881197	-0.06673969640966482	0.13876251245797136	-0.3532630752755756	0.27025047412487047	-0.13190520498024425	0.07207347753450274	-0.12243873709027202	0.1781797498315147	-0.223552485343209	0.172380197707704
-0.09621153622972595	0.08529628147395267	-0.10569513195923597	0.10146684880421086	-0.1056629389365985	0.09398135274054314	-0.10813820363741998	0.11868580520481348	-0.11144661721453092	0.09616503906680156	-0.17982160278902598	0.14510716113316174	-0.1952380885466082	0.19055280450733547	-0.1959763454580009	0.12377986959638118	-0.2227413209009423	0.24683919394911116	-0.4813003048155942	0.2532311853251471	-0.12967247784586328	0.2611541320289941	-0.48412898032142276	0.9999999999999984	-0.20051216065741684	0.0548550087187694	-0.12162894592412711	0.23047404401578506	-0.5499818005760141	0.15138126464995816	-0.060869023769234476	0.10693002639248442	-0.1621372094574206	0.22897410354124792	-0.18753379121297759
0.0909759839445522	-0.08096839223664665	0.0986266195135794	-0.1010517783321951	0.10391168435835976	-0.08882986695546252	0.09949214930637379	-0.10829620137761023	0.10268974597130275	-0.09167914338936033	0.1638434808821661	-0.1294245620775129	0.15735438632058946	-0.15571952845951734	0.17638366152514653	-0.11022161847456356	0.19371373829027475	-0.18299864591350207	0.20481405215349574	-0.4228181019156099	0.10669118806195131	-0.2005717290134841	0.1704777848881197	-0.20051216065741684	0.9999999999999991	-0.04894458790418739	0.09955831134723918	-0.19233540239999705	0.21281944852569418	-0.6353732830322434	0.053579946376289656	-0.09372808308145701	0.1273987309774417	-0.20284967029274983	0.3192897045429581
-0.03176295389942791	0.027912327231236378	-0.03284108548394826	0.031351887820809	-0.03152646719427303	0.03286653410075693	-0.03525328430178071	0.03664897233236662	-0.030325180904143618	0.026627368099015915	-0.0768456927589277	0.05732185815131233	-0.05328608352866524	0.04113168822348017	-0.04409600098241382	0.1570886565072968	-0.0876737002909286	0.06024846765878029	-0.05178060999321332	0.05852417081779943	-0.22350671765120947	0.10270018219497214	-0.06673969640966482	0.0548550087187694	-0.04894458790418739	0.9999999999999983	-0.08306753696629272	0.07002832315285305	-0.05978794030831501	0.03691240230092635	-0.9477280061665376	0.08034770469366492	-0.05654972326959719	0.06147696000866648	-0.05177787637080833
0.047706573036031395	-0.04187157522529229	0.051035934780296964	-0.04939286357676767	0.05128951522563492	-0.046800923759521364	0.05253910205770867	-0.056168759974496565	0.050146966378904416	-0.043802627483471725	0.09353098211541634	-0.0726542625790469	0.08496076006153387	-0.0722817458054401	0.07854419946281917	-0.0783749158431886	0.11437346360977664	-0.10160856361039905	0.10012042495999429	-0.10821653216372844	0.07981774706530628	-0.14958193348293408	0.13876251245797136	-0.12162894592412711	0.09955831134723918	-0.08306753696629272	0.9999999999999952	-0.359774067198815	0.1628634523610564	-0.08435793589383041	0.08523881069944611	-0.841908939507106	0.2753249286780085	-0.2487718642548573	0.11985395114993658
-0.09116674039268921	0.07902830771450454	-0.09743462618713959	0.09206556836263337	-0.09764734372973956	0.0880587995419137	-0.1001697574599808	0.10597009682162488	-0.09537742728813955	0.08232374523113571	-0.17903352258239064	0.13610054917888212	-0.16482518922286093	0.13551747880469445	-0.15105410227509872	0.12318853939726583	-0.22064507483370946	0.18959345129667537	-0.196864018076927	0.19218378585523618	-0.130833972124963	0.23443057374311307	-0.3532630752755756	0.23047404401578506	-0.19233540239999705	0.07002832315285305	-0.359774067198815	0.9999999999999943	-0.3636801535734708	0.15280280280748637	-0.07854383259070224	0.2555039031964732	-0.5840358598223665	0.3134869090113503	-0.2312836746267775
0.09154206421682998	-0.0817375908056466	0.09970175468128605	-0.09897015788256386	0.10109186282661589	-0.09027655974677028	0.101773226602289	-0.11195755717107787	0.1026256057355002	-0.0907693594893559	0.16961999950799989	-0.1373135647143001	0.17100395134942112	-0.16795481064372458	0.1688002779253971	-0.12461674654123112	0.20634785504696362	-0.2210282401518508	0.2505677192893611	-0.26583141751108535	0.1241462097957006	-0.26618147501259126	0.27025047412487047	-0.5499818005760141	0.21281944852569418	-0.05978794030831501	0.1628634523610564	-0.3636801535734708	0.9999999999999951	-0.22566507054355162	0.06507176757516334	-0.15865294220283724	0.24160909926813048	-0.5073109897422978	0.23139383022575177
-0.06623867753316189	0.05827684182368652	-0.07146086002042419	0.07139519983351258	-0.07480202677398273	0.06410292031993027	-0.07228374165778129	0.07771594591463504	-0.07343818712516736	0.06458698839322152	-0.12141528523570506	0.09423090798846315	-0.11467168993984853	0.10757406089154795	-0.12489401091103548	0.07998311426276779	-0.1443232843609714	0.12952865078658582	-0.14764421697651403	0.2156148870407794	-0.07899104156563345	0.14338200908811616	-0.13190520498024425	0.15138126464995816	-0.6353732830322434	0.03691240230092635	-0.08435793589383041	0.15280280280748637	-0.22566507054355162	0.9999999999999941	-0.04070920943289616	0.07773602763980028	-0.11231431820826604	0.1807442218461746	-0.6496735994288336
0.034420179373222115	-0.030478596974119282	0.035718187292771125	-0.03449971281686928	0.03441010551276437	-0.03586359195915892	0.03826130232252911	-0.040076323369054936	0.03313835519190626	-0.029218487346613458	0.08125494948682874	-0.0624260075206339	0.057821121398149836	-0.04526760571157915	0.04816025275625729	-0.18051424864785195	0.09240023088479757	-0.06658559525289921	0.05672872319511485	-0.06536967776208019	0.17889229311478702	-0.11518284222837848	0.07207347753450274	-0.060869023769234476	0.053579946376289656	-0.9477280061665376	0.08523881069944611	-0.07854383259070224	0.06507176757516334	-0.04070920943289616	0.9999999999999947	-0.09406620430422011	0.061618244447081263	-0.06916473314634926	0.056529539479886745
-0.044039690305097454	0.0383978603914609	-0.046962647066263394	0.04505547659156403	-0.04724988717351967	0.04294293726958335	-0.04835427692442831	0.05129756567144363	-0.04601383512098807	0.03999542968848356	-0.08715612428570477	0.06661849280574615	-0.07775331911605288	0.06541080902190272	-0.0722034509957761	0.07048084582447021	-0.10639767978093384	0.09000923422774842	-0.09144396401559846	0.09632312489486661	-0.07346880223073839	0.12237612422294042	-0.12243873709027202	0.10693002639248442	-0.09372808308145701	0.08034770469366492	-0.841908939507106	0.2555039031964732	-0.15865294220283724	0.07773602763980028	-0.09406620430422011	0.9999999999999947	-0.4042760938934865	0.21271831841473396	-0.11618138567259113
0.057941888728302304	-0.05072204091882788	0.06213923709311194	-0.05988122423228376	0.06261353755851012	-0.05646184112288587	0.06377924912495286	-0.0682169047979547	0.06147174611579953	-0.0535449182258773	0.11219552653441411	-0.08689459092166983	0.10421500361232666	-0.08963044724551705	0.0975863218227134	-0.08286265725994515	0.13727538460935787	-0.12475657780777916	0.12765650342027918	-0.13369527375566295	0.08506516538975069	-0.16234166643913495	0.1781797498315147	-0.1621372094574206	0.1273987309774417	-0.05654972326959719	0.2753249286780085	-0.5840358598223665	0.24160909926813048	-0.11231431820826604	0.061618244447081263	-0.4042760938934865	0.9999999999999947	-0.5822171562461879	0.16346056746706566
-0.0845067462721525	0.07340284269339942	-0.09038325503667205	0.08657014218264347	-0.0917329657158275	0.08157472429192869	-0.09254697210884949	0.09813074995424548	-0.08976491722400129	0.07775057625836486	-0.16377728367182603	0.12439884170774733	-0.14965835429434388	0.12934324758373586	-0.14420183907973988	0.10982447521906978	-0.19950806816656608	0.16976479727273758	-0.19032915493505126	0.1919434535792909	-0.1143480769822497	0.1975553831802542	-0.223552485343209	0.22897410354124792	-0.20284967029274983	0.06147696000866648	-0.2487718642548573	0.3134869090113503	-0.5073109897422978	0.1807442218461746	-0.06916473314634926	0.21271831841473396	-0.5822171562461879	0.999999999999995	-0.3058922788995349
0.08747595518931309	-0.07735721400951828	0.09397460162819214	-0.09539559722914216	0.0983055035871015	-0.08534968887419869	0.09520698346553226	-0.10253965257504151	0.09481899633864524	-0.08408481020984185	0.16125653729478567	-0.1254517405919973	0.1480474765514362	-0.13634480881879785	0.1513748880828637	-0.11089694314239049	0.19182613931926545	-0.1713346356214545	0.1764693824564626	-0.26880999797004235	0.10784625811588441	-0.20332357216104374	0.172380197707704	-0.18753379121297759	0.3192897045429581	-0.05177787637080833	0.11985395114993658	-0.2312836746267775	0.23139383022575177	-0.6496735994288336	0.056529539479886745	-0.11618138567259113	0.16346056746706566	-0.3058922788995349	0.9999999999999951
