1.0	-0.4936405482562719	0.11623532467144256	-0.11895497001492421	0.12047020307419387	-0.6428882218434323	0.30107579374970683	-0.14134837507084302	0.13547404767901478	-0.08971617854654591	0.3104451865108718	-0.30625120435687675	0.19189858972197807	-0.21382350440100337	0.13862863505247203	-0.16209434568233305	0.1382468092563897	-0.17918612830704572	0.1280989048133337	-0.15876129847945747	0.13505905808872173	-0.10091177260130915	0.09558608179712172	-0.09852319923869443	0.08359595073341537	-0.08123348885422482	0.08123669958098355	-0.05916555666172572	0.08764398124767424	-0.06624564483174113	0.025381058365243417	-0.031101622089648076	0.057938901848609954	-0.084453519293513	0.08281605207255827
-0.4936405482562719	1.0000000000000002	-0.17136343703695683	0.14055888220286444	-0.11940816628893493	0.2823995975826616	-0.7081781851072245	0.17116082697872634	-0.17894588278991155	0.08566214559746187	-0.3034809935176847	0.2589557121014764	-0.19354449667538484	0.17211069276148083	-0.1279248926893403	0.12260025039081851	-0.1214003303118071	0.1378613597174929	-0.10485225857678186	0.12379144907601743	-0.10976848308229079	0.07917732386919087	-0.0772017131156982	0.07788169059682386	-0.06779806157395452	0.06184111302688704	-0.06376491785767255	0.04672835415368749	-0.0708666873380848	0.052600180096451725	-0.019418676740502433	0.023720003211445684	-0.04630351616726915	0.06635610587291148	-0.06726819761603252
0.11623532467144256	-0.17136343703695683	1.0000000000000004	-0.9006293773451117	0.16157352016270599	-0.08465176334372318	0.13035358140734038	-0.24375745373500798	0.1949555400548282	-0.12238745646104181	0.10831239400228045	-0.11635406388305418	0.11502019145093222	-0.13548618167218252	0.11773040708606461	-0.06123217025748935	0.059257421377794384	-0.10129441374899503	0.07901480052055981	-0.11013679551038177	0.07757584601398919	-0.0560986245491404	0.054777501599061085	-0.0591210710160646	0.05350190766227576	-0.04685416003133054	0.04740021603798204	-0.03551610363359522	0.05299024122836869	-0.04236324689561779	0.014682341626160375	-0.01798700139052053	0.03487562277677744	-0.05177652358760135	0.05138732382926255
-0.11895497001492421	0.14055888220286444	-0.9006293773451117	1.0000000000000004	-0.2140230246773378	0.08295681690389228	-0.12665509415078652	0.19203324002085806	-0.2246713326180902	0.1282537922157654	-0.11088246671588663	0.1104771186116308	-0.11462909666045126	0.13106557736385743	-0.12888919277089145	0.05948775918413348	-0.058316473110953664	0.09694585435449117	-0.07745284945712969	0.10629260233457477	-0.07621934451562588	0.05436615461505054	-0.05350621028654507	0.057398345977640125	-0.052618153138003665	0.04513293808365956	-0.046117633451179314	0.03453788783858644	-0.05191471303170846	0.041230152635068046	-0.014167215650393018	0.01733667654198454	-0.03406956234520451	0.05022822656659266	-0.05054602720777275
0.12047020307419387	-0.11940816628893493	0.16157352016270599	-0.2140230246773378	1.0000000000000004	-0.08882798034520936	0.11054164216562197	-0.1367861575383106	0.1432930061355776	-0.7455162648298488	0.13372305711895766	-0.1510676173202478	0.1656045875045149	-0.26247875631830164	0.3116763252267356	-0.09479441791635634	0.09140908235963377	-0.2048748311096124	0.16431089213877523	-0.2840047640995494	0.15276711310746136	-0.11281688936868288	0.10955717882572229	-0.12491464006044962	0.11838375727962873	-0.09807130806554802	0.09723436076760285	-0.07505880910088521	0.11017098614672449	-0.09598205530495652	0.03064233515934544	-0.0376549176643266	0.07295213452315458	-0.11259885251807662	0.10915691150104148
-0.6428882218434323	0.2823995975826616	-0.08465176334372318	0.08295681690389228	-0.08882798034520936	1.0	-0.37260957552045304	0.11388036009012209	-0.11220702677206637	0.0653982609687759	-0.5811288144644883	0.24492022094397906	-0.15502141466149802	0.15268664846147328	-0.10186842776223061	0.13455484830274536	-0.12125947779071321	0.12698572771975586	-0.09241179918260439	0.11018887081486234	-0.09678601346788336	0.07253650782276556	-0.0692068278656899	0.06974930797872021	-0.059219423149903645	0.056100699200421766	-0.056837752789295454	0.04164749594003498	-0.06254680521151765	0.046486842425033335	-0.01755582692721519	0.02148489186416532	-0.0409776871528869	0.059174237969806295	-0.05879305866764567
0.30107579374970683	-0.7081781851072245	0.13035358140734038	-0.12665509415078652	0.11054164216562197	-0.37260957552045304	1.0000000000000004	-0.22328638258130906	0.1781009217029618	-0.08263887490191227	0.2702073900407252	-0.40574908931708925	0.2036869725122233	-0.19011626416900232	0.12333705398623881	-0.1319233669485993	0.12498161942885996	-0.14601269146498938	0.10730622695848743	-0.126140251099959	0.10679530651313755	-0.0799234002037601	0.07720463699849885	-0.07877756918077394	0.06729102109042445	-0.06155515704710621	0.06282198345146041	-0.04661119050502824	0.07067647701023029	-0.05257696205828079	0.019288136791334214	-0.023594927633766614	0.045950442883563904	-0.06641468526814537	0.06644422408975631
-0.14134837507084302	0.17116082697872634	-0.24375745373500798	0.19203324002085806	-0.1367861575383106	0.11388036009012209	-0.22328638258130906	0.9999999999999999	-0.8637813208155226	0.1098712646961363	-0.14613941472992856	0.16952070970364647	-0.22659270662763115	0.19814787610644488	-0.1360785059216034	0.07828461995293365	-0.07765817366254298	0.12440096571248346	-0.09867781321963781	0.11523077366203549	-0.08776950769119234	0.06434803180242228	-0.06417477593148609	0.06804897388313555	-0.05976372588881718	0.050666271182622374	-0.05230330603143092	0.0397686195475226	-0.06136688591116634	0.04628377011625711	-0.01591754445663959	0.01946280769184874	-0.039354237345324596	0.05722386302129156	-0.0580454703269029
0.13547404767901478	-0.17894588278991155	0.1949555400548282	-0.2246713326180902	0.1432930061355776	-0.11220702677206637	0.1781009217029618	-0.8637813208155226	1.0000000000000009	-0.13127765433771352	0.14057841491688203	-0.17597972027029768	0.19620808536602624	-0.25242777266913685	0.14582800189160172	-0.08268798094395834	0.08019025546764269	-0.13816578002200222	0.10795678169604503	-0.13031796623744146	0.0947233924447746	-0.07046586265517751	0.06968478361616161	-0.07515938706930521	0.0654718860175447	-0.055915021129310225	0.05717108025140696	-0.043698011939078525	0.06693035501026809	-0.051167413358998756	0.017538029026901877	-0.021469967285516582	0.04303045336952568	-0.06318365591408404	0.06327444817440403
-0.08971617854654591	0.08566214559746187	-0.12238745646104181	0.1282537922157654	-0.7455162648298488	0.0653982609687759	-0.08263887490191227	0.1098712646961363	-0.13127765433771352	1.0000000000000007	-0.09978307073850519	0.10838438206721719	-0.1299485267997213	0.19592282804395336	-0.5510249644390868	0.06609919259299404	-0.06489231424856662	0.13878803187689628	-0.12032085729301631	0.1985836346348127	-0.10498590795719127	0.07649882128436868	-0.07600525234090098	0.08619708838412973	-0.08603951942633653	0.06466521972207608	-0.06560099226238097	0.05132175616846374	-0.07754058314198196	0.06661381040644113	-0.020276694562341095	0.0248619258924428	-0.05047270961356688	0.07676561314392204	-0.0777344565361195
0.3104451865108718	-0.3034809935176847	0.10831239400228045	-0.11088246671588663	0.13372305711895766	-0.5811288144644883	0.2702073900407252	-0.14613941472992856	0.14057841491688203	-0.09978307073850519	0.9999999999999987	-0.46459799642620003	0.23720595249473256	-0.2563887083274475	0.1588333145526637	-0.2751586832161257	0.20534420589507293	-0.2167010387272226	0.1523794766350244	-0.18344560362333387	0.15760167827851418	-0.1219141365605258	0.11441305240111793	-0.11590662019195792	0.09691802815377397	-0.0933674890329448	0.09354526254169662	-0.0688089499821574	0.1027568794793567	-0.0766480108957725	0.029154379276658565	-0.035725547573280066	0.06737116347560185	-0.09794468127729618	0.09605875143639325
-0.30625120435687675	0.2589557121014764	-0.11635406388305418	0.1104771186116308	-0.1510676173202478	0.24492022094397906	-0.40574908931708925	0.16952070970364647	-0.17597972027029768	0.10838438206721719	-0.46459799642620003	1.0000000000000022	-0.5412365872879631	0.26826728452053605	-0.1815435913865785	0.20888595826733233	-0.26295732417925843	0.2113133042067442	-0.16089033430068825	0.1698605204418528	-0.15390018535705594	0.11564690442251022	-0.11435027376556589	0.1117738317863945	-0.09532662951760588	0.08349371843325769	-0.08731110705317105	0.06539402321885414	-0.1020041653562633	0.07304965693938983	-0.026248834218050306	0.03203015020879006	-0.0650740001786736	0.09226297000784717	-0.09463111571353085
0.19189858972197807	-0.19354449667538484	0.11502019145093222	-0.11462909666045126	0.1656045875045149	-0.15502141466149802	0.2036869725122233	-0.22659270662763115	0.19620808536602624	-0.1299485267997213	0.23720595249473256	-0.5412365872879631	1.000000000000002	-0.5896348776098158	0.21762915974753239	-0.15801847771884017	0.15924883596291745	-0.3404096171058352	0.21574107575148233	-0.21775701696109837	0.15842019498308865	-0.12611347966053113	0.12761927108137902	-0.1361624355163635	0.11111377149680553	-0.09113661377289338	0.09425292012871299	-0.07480360627905522	0.11870834434626626	-0.08599817180202661	0.02859482466057558	-0.034992876004367665	0.07367457665753063	-0.1073207720008038	0.10765153146617029
-0.21382350440100337	0.17211069276148083	-0.13548618167218252	0.13106557736385743	-0.26247875631830164	0.15268664846147328	-0.19011626416900232	0.19814787610644488	-0.25242777266913685	0.19592282804395336	-0.2563887083274475	0.26826728452053605	-0.5896348776098158	1.000000000000001	-0.42647779679574666	0.13948986074953046	-0.1468605231576281	0.269761880217241	-0.3024821029587089	0.2553830517477757	-0.18575143255732	0.13521603807818325	-0.1424555966744931	0.15754532517869352	-0.13704677012561092	0.1030932143197537	-0.10973515302343305	0.08724931133356369	-0.1440152475823294	0.10252915164816348	-0.03254303204410013	0.039700374754045226	-0.08745999746723701	0.1252321882213657	-0.1317172456786205
0.13862863505247203	-0.1279248926893403	0.11773040708606461	-0.12888919277089145	0.3116763252267356	-0.10186842776223061	0.12333705398623881	-0.1360785059216034	0.14582800189160172	-0.5510249644390868	0.1588333145526637	-0.1815435913865785	0.21762915974753239	-0.42647779679574666	1.0000000000000004	-0.11193272029832399	0.10951226844174651	-0.2545584227789858	0.220709943625526	-0.43943852105766307	0.17757794525436593	-0.1339573366151427	0.13260617407756584	-0.1550259265858608	0.15407216890107556	-0.11170222952081846	0.11234759758481576	-0.09020587339426199	0.13647426723467468	-0.12187258015489376	0.03494539453370359	-0.04290783302248843	0.08810688313522111	-0.13658847796387497	0.1357613151622974
-0.16209434568233305	0.12260025039081851	-0.06123217025748935	0.05948775918413348	-0.09479441791635634	0.13455484830274536	-0.1319233669485993	0.07828461995293365	-0.08268798094395834	0.06609919259299404	-0.2751586832161257	0.20888595826733233	-0.15801847771884017	0.13948986074953046	-0.11193272029832399	1.0000000000000013	-0.8817432492530599	0.1710219633133495	-0.12687675323308528	0.12117857402899591	-0.15760281285827282	0.13293909423376135	-0.12187084906412343	0.09535938860718662	-0.07484789958821192	0.07133188085470817	-0.07493503899274846	0.055373006602037866	-0.08779091125804382	0.057015897441144554	-0.022270737517889203	0.0271271258740389	-0.05517206447458467	0.07492758290950671	-0.07666913643306122
0.1382468092563897	-0.1214003303118071	0.059257421377794384	-0.058316473110953664	0.09140908235963377	-0.12125947779071321	0.12498161942885996	-0.07765817366254298	0.08019025546764269	-0.06489231424856662	0.20534420589507293	-0.26295732417925843	0.15924883596291745	-0.1468605231576281	0.10951226844174651	-0.8817432492530599	1.0000000000000009	-0.20943665896157204	0.1304770114303265	-0.12592902755115293	0.14331071636531625	-0.1555691040518192	0.12400038056926246	-0.09870745101646505	0.07444767824118188	-0.07092668563055429	0.07339096436857095	-0.055607871351916645	0.08755402825815514	-0.05727848828846841	0.02206419264820016	-0.02695813403336516	0.0547797087267068	-0.07558027096919238	0.07566792530249057
-0.17918612830704572	0.1378613597174929	-0.10129441374899503	0.09694585435449117	-0.2048748311096124	0.12698572771975586	-0.14601269146498938	0.12440096571248346	-0.13816578002200222	0.13878803187689628	-0.2167010387272226	0.2113133042067442	-0.3404096171058352	0.269761880217241	-0.2545584227789858	0.1710219633133495	-0.20943665896157204	1.000000000000001	-0.6424279730965048	0.29083556184814113	-0.25130264682863424	0.20301058910675765	-0.2696132841944743	0.2422418611558215	-0.18155203536819534	0.12758718125026047	-0.141332333703861	0.12053861578560944	-0.22029949051417805	0.13111573537591684	-0.04039763801911056	0.049152102084098745	-0.12196694212293324	0.16651335055342897	-0.17802485337221274
0.1280989048133337	-0.10485225857678186	0.07901480052055981	-0.07745284945712969	0.16431089213877523	-0.09241179918260439	0.10730622695848743	-0.09867781321963781	0.10795678169604503	-0.12032085729301631	0.1523794766350244	-0.16089033430068825	0.21574107575148233	-0.3024821029587089	0.220709943625526	-0.12687675323308528	0.1304770114303265	-0.6424279730965048	1.0000000000000004	-0.48440166853752115	0.18923356352156592	-0.17651253587127835	0.19844103820436512	-0.3594390626298742	0.1809223875775874	-0.1094937682829109	0.11694906744075975	-0.1163938270295314	0.21615463427363682	-0.1364854908259985	0.03437023433771352	-0.04211826990692098	0.11219951473921641	-0.1699218537695685	0.1644369177847775
-0.15876129847945747	0.12379144907601743	-0.11013679551038177	0.10629260233457477	-0.2840047640995494	0.11018887081486234	-0.126140251099959	0.11523077366203549	-0.13031796623744146	0.1985836346348127	-0.18344560362333387	0.1698605204418528	-0.21775701696109837	0.2553830517477757	-0.43943852105766307	0.12117857402899591	-0.12592902755115293	0.29083556184814113	-0.48440166853752115	0.9999999999999992	-0.236554013959413	0.16923783170134127	-0.1873789693328856	0.22730955656438345	-0.375238927295387	0.13191571195241367	-0.14519850352055594	0.1287790639336849	-0.22236268334536835	0.209999948540478	-0.04185864319377704	0.051019255068431205	-0.13256408682242837	0.19975956385298238	-0.24790950452429922
0.13505905808872173	-0.10976848308229079	0.07757584601398919	-0.07621934451562588	0.15276711310746136	-0.09678601346788336	0.10679530651313755	-0.08776950769119234	0.0947233924447746	-0.10498590795719127	0.15760167827851418	-0.15390018535705594	0.15842019498308865	-0.18575143255732	0.17757794525436593	-0.15760281285827282	0.14331071636531625	-0.25130264682863424	0.18923356352156592	-0.236554013959413	0.9999999999999997	-0.43387037124860695	0.25838923566502797	-0.2199568685725159	0.1547568675632781	-0.30168356614121855	0.23885943042994132	-0.14098977056115067	0.18588383065097272	-0.12488170291347396	0.08670888656228044	-0.10531413863901194	0.13382935986611097	-0.18312732179471503	0.1667083834898779
-0.10091177260130915	0.07917732386919087	-0.0560986245491404	0.05436615461505054	-0.11281688936868288	0.07253650782276556	-0.0799234002037601	0.06434803180242228	-0.07046586265517751	0.07649882128436868	-0.1219141365605258	0.11564690442251022	-0.12611347966053113	0.13521603807818325	-0.1339573366151427	0.13293909423376135	-0.1555691040518192	0.20301058910675765	-0.17651253587127835	0.16923783170134127	-0.43387037124860695	0.999999999999999	-0.7533088333715081	0.2365967801452965	-0.13651435621740224	0.15455861659037284	-0.17720437191307106	0.1300236405877266	-0.2180959420702491	0.10387640849715375	-0.04761507162402178	0.05822310846054038	-0.12830186305772792	0.15267214833942405	-0.15145562478472568
0.09558608179712172	-0.0772017131156982	0.054777501599061085	-0.05350621028654507	0.10955717882572229	-0.0692068278656899	0.07720463699849885	-0.06417477593148609	0.06968478361616161	-0.07600525234090098	0.11441305240111793	-0.11435027376556589	0.12761927108137902	-0.1424555966744931	0.13260617407756584	-0.12187084906412343	0.12400038056926246	-0.2696132841944743	0.19844103820436512	-0.1873789693328856	0.25838923566502797	-0.7533088333715081	1.0000000000000004	-0.392206662113215	0.13729937054607053	-0.14475171181254234	0.14757213094569563	-0.1506860639949833	0.22490149315705346	-0.1091105530114765	0.044193288880001215	-0.054598167816809685	0.13198001803613185	-0.17092614779101187	0.14902569265778862
-0.09852319923869443	0.07788169059682386	-0.0591210710160646	0.057398345977640125	-0.12491464006044962	0.06974930797872021	-0.07877756918077394	0.06804897388313555	-0.07515938706930521	0.08619708838412973	-0.11590662019195792	0.1117738317863945	-0.1361624355163635	0.15754532517869352	-0.1550259265858608	0.09535938860718662	-0.09870745101646505	0.2422418611558215	-0.3594390626298742	0.22730955656438345	-0.2199568685725159	0.2365967801452965	-0.392206662113215	1.0000000000000002	-0.22281067906124838	0.12862352082693895	-0.1445564724810483	0.18432556045945994	-0.6604774220039465	0.1611272552106446	-0.0403852174821497	0.04960385649830881	-0.18325390779270784	0.24556238917645257	-0.23338178382537228
0.08359595073341537	-0.06779806157395452	0.05350190766227576	-0.052618153138003665	0.11838375727962873	-0.059219423149903645	0.06729102109042445	-0.05976372588881718	0.0654718860175447	-0.08603951942633653	0.09691802815377397	-0.09532662951760588	0.11111377149680553	-0.13704677012561092	0.15407216890107556	-0.07484789958821192	0.07444767824118188	-0.18155203536819534	0.1809223875775874	-0.375238927295387	0.1547568675632781	-0.13651435621740224	0.13729937054607053	-0.22281067906124838	0.9999999999999984	-0.11243219238516623	0.1133709284039282	-0.13473035270926884	0.1916771783588737	-0.7431374999458079	0.03494017513188056	-0.0432835801917628	0.1277700419578724	-0.28215639718578495	0.2906778795026703
-0.08123348885422482	0.06184111302688704	-0.04685416003133054	0.04513293808365956	-0.09807130806554802	0.056100699200421766	-0.06155515704710621	0.050666271182622374	-0.055915021129310225	0.06466521972207608	-0.0933674890329448	0.08349371843325769	-0.09113661377289338	0.1030932143197537	-0.11170222952081846	0.07133188085470817	-0.07092668563055429	0.12758718125026047	-0.1094937682829109	0.13191571195241367	-0.30168356614121855	0.15455861659037284	-0.14475171181254234	0.12862352082693895	-0.11243219238516623	0.9999999999999976	-0.7851252858045263	0.15930038003574773	-0.13843147604900313	0.08683558961815467	-0.3256419403240289	0.2401479259439241	-0.1635352114427509	0.1350362996052627	-0.13314721021106732
0.08123669958098355	-0.06376491785767255	0.04740021603798204	-0.046117633451179314	0.09723436076760285	-0.056837752789295454	0.06282198345146041	-0.05230330603143092	0.05717108025140696	-0.06560099226238097	0.09354526254169662	-0.08731110705317105	0.09425292012871299	-0.10973515302343305	0.11234759758481576	-0.07493503899274846	0.07339096436857095	-0.141332333703861	0.11694906744075975	-0.14519850352055594	0.23885943042994132	-0.17720437191307106	0.14757213094569563	-0.1445564724810483	0.1133709284039282	-0.7851252858045263	0.9999999999999972	-0.22494808760735557	0.14684849408017558	-0.09195429048858955	0.21622588590574793	-0.29084794363505473	0.171640970872851	-0.15521950404364232	0.13339764387339398
-0.05916555666172572	0.04672835415368749	-0.03551610363359522	0.03453788783858644	-0.07505880910088521	0.04164749594003498	-0.04661119050502824	0.0397686195475226	-0.043698011939078525	0.05132175616846374	-0.0688089499821574	0.06539402321885414	-0.07480360627905522	0.08724931133356369	-0.09020587339426199	0.055373006602037866	-0.055607871351916645	0.12053861578560944	-0.1163938270295314	0.1287790639336849	-0.14098977056115067	0.1300236405877266	-0.1506860639949833	0.18432556045945994	-0.13473035270926884	0.15930038003574773	-0.22494808760735557	0.9999999999999973	-0.3109081251454134	0.11175517469307085	-0.050072269187005414	0.06287478827124693	-0.8423055729598731	0.24707040023659926	-0.1923596657533024
0.08764398124767424	-0.0708666873380848	0.05299024122836869	-0.05191471303170846	0.11017098614672449	-0.06254680521151765	0.07067647701023029	-0.06136688591116634	0.06693035501026809	-0.07754058314198196	0.1027568794793567	-0.1020041653562633	0.11870834434626626	-0.1440152475823294	0.13647426723467468	-0.08779091125804382	0.08755402825815514	-0.22029949051417805	0.21615463427363682	-0.22236268334536835	0.18588383065097272	-0.2180959420702491	0.22490149315705346	-0.6604774220039465	0.1916771783588737	-0.13843147604900313	0.14684849408017558	-0.3109081251454134	0.9999999999999969	-0.18003536876364892	0.04290987434415163	-0.053346576162608905	0.23060946893631598	-0.4466092795427877	0.23974455677975576
-0.06624564483174113	0.052600180096451725	-0.04236324689561779	0.041230152635068046	-0.09598205530495652	0.046486842425033335	-0.05257696205828079	0.04628377011625711	-0.051167413358998756	0.06661381040644113	-0.0766480108957725	0.07304965693938983	-0.08599817180202661	0.10252915164816348	-0.12187258015489376	0.057015897441144554	-0.05727848828846841	0.13111573537591684	-0.1364854908259985	0.209999948540478	-0.12488170291347396	0.10387640849715375	-0.1091105530114765	0.1611272552106446	-0.7431374999458079	0.08683558961815467	-0.09195429048858955	0.11175517469307085	-0.18003536876364892	0.9999999999999978	-0.027215311065857256	0.033583729401460996	-0.11559516343757925	0.23934930232686508	-0.525671158312127
0.025381058365243417	-0.019418676740502433	0.014682341626160375	-0.014167215650393018	0.03064233515934544	-0.01755582692721519	0.019288136791334214	-0.01591754445663959	0.017538029026901877	-0.020276694562341095	0.029154379276658565	-0.026248834218050306	0.02859482466057558	-0.03254303204410013	0.03494539453370359	-0.022270737517889203	0.02206419264820016	-0.04039763801911056	0.03437023433771352	-0.04185864319377704	0.08670888656228044	-0.04761507162402178	0.044193288880001215	-0.0403852174821497	0.03494017513188056	-0.3256419403240289	0.21622588590574793	-0.050072269187005414	0.04290987434415163	-0.027215311065857256	0.9999999999999974	-0.9136892238295312	0.050484779402611486	-0.04275775182884516	0.04124531486923825
-0.031101622089648076	0.023720003211445684	-0.01798700139052053	0.01733667654198454	-0.0376549176643266	0.02148489186416532	-0.023594927633766614	0.01946280769184874	-0.021469967285516582	0.0248619258924428	-0.035725547573280066	0.03203015020879006	-0.034992876004367665	0.039700374754045226	-0.04290783302248843	0.0271271258740389	-0.02695813403336516	0.049152102084098745	-0.04211826990692098	0.051019255068431205	-0.10531413863901194	0.05822310846054038	-0.054598167816809685	0.04960385649830881	-0.0432835801917628	0.2401479259439241	-0.29084794363505473	0.06287478827124693	-0.053346576162608905	0.033583729401460996	-0.9136892238295312	0.9999999999999971	-0.06435241921480274	0.052764162138702254	-0.05134286248793575
0.057938901848609954	-0.04630351616726915	0.03487562277677744	-0.03406956234520451	0.07295213452315458	-0.0409776871528869	0.045950442883563904	-0.039354237345324596	0.04303045336952568	-0.05047270961356688	0.06737116347560185	-0.0650740001786736	0.07367457665753063	-0.08745999746723701	0.08810688313522111	-0.05517206447458467	0.0547797087267068	-0.12196694212293324	0.11219951473921641	-0.13256408682242837	0.13382935986611097	-0.12830186305772792	0.13198001803613185	-0.18325390779270784	0.1277700419578724	-0.1635352114427509	0.171640970872851	-0.8423055729598731	0.23060946893631598	-0.11559516343757925	0.050484779402611486	-0.06435241921480274	0.9999999999999969	-0.3595514842101419	0.18582789231005517
-0.084453519293513	0.06635610587291148	-0.05177652358760135	0.05022822656659266	-0.11259885251807662	0.059174237969806295	-0.06641468526814537	0.05722386302129156	-0.06318365591408404	0.07676561314392204	-0.09794468127729618	0.09226297000784717	-0.1073207720008038	0.1252321882213657	-0.13658847796387497	0.07492758290950671	-0.07558027096919238	0.16651335055342897	-0.1699218537695685	0.19975956385298238	-0.18312732179471503	0.15267214833942405	-0.17092614779101187	0.24556238917645257	-0.28215639718578495	0.1350362996052627	-0.15521950404364232	0.24707040023659926	-0.4466092795427877	0.23934930232686508	-0.04275775182884516	0.052764162138702254	-0.3595514842101419	0.9999999999999969	-0.6198242986822209
0.08281605207255827	-0.06726819761603252	0.05138732382926255	-0.05054602720777275	0.10915691150104148	-0.05879305866764567	0.06644422408975631	-0.0580454703269029	0.06327444817440403	-0.0777344565361195	0.09605875143639325	-0.09463111571353085	0.10765153146617029	-0.1317172456786205	0.1357613151622974	-0.07666913643306122	0.07566792530249057	-0.17802485337221274	0.1644369177847775	-0.24790950452429922	0.1667083834898779	-0.15145562478472568	0.14902569265778862	-0.23338178382537228	0.2906778795026703	-0.13314721021106732	0.13339764387339398	-0.1923596657533024	0.23974455677975576	-0.525671158312127	0.04124531486923825	-0.05134286248793575	0.18582789231005517	-0.6198242986822209	0.9999999999999969
