1.0000000000000002	-0.14568471550873763	0.13895032724404743	-0.123066448144801	0.08867235434106624	-0.3494944991201448	0.24560132792112718	-0.20011128405556503	0.15404823739317303	-0.11701036313962282	0.24773319509924974	-0.1866745265391042	0.14921247815688143	-0.116964757358109	0.14833141727291144	-0.1957956235988676	0.19774803149741893	-0.14587370419586715	0.10326206477996074	-0.11506248538037682	0.15852739788768924	-0.1562479141245311	0.141403285958216	-0.1781115914973153	0.1197432798266436	-0.34876009856882384	0.12278829130646848	-0.12105947506924433	0.11142155743212202	-0.10717369863378906	0.10707670920956187	-0.12823068126503318	0.11435320016211632	-0.09677792549704003	0.08233055286572474	-0.08994809213833535	0.18544326708455874	-0.09993158870186594	0.09315809997561285	-0.08970387110553193	0.12805934243321473	-0.09300446778998063	0.08982688187850443	-0.06802197910274493	0.0818269607416881
-0.14568471550873763	1.0000000000000002	-0.7981590751944548	0.13775642858564563	-0.10516726303681628	0.12895033448706086	-0.44137983071081216	0.2441298064918635	-0.16744852768393562	0.10380097733521594	-0.1250047907313489	0.15383842289415584	-0.14869203899816122	0.11067624325144484	-0.12931380503734113	0.09368067930012264	-0.14079200123623395	0.08229856632496166	-0.0606094627440907	0.06976640086904526	-0.07640369168038645	0.08145090836241452	-0.07440665439362862	0.0934833125808806	-0.07208940274160235	0.14248983879165267	-0.06291503044589129	0.0610650326353897	-0.05623570894908539	0.053887220280293524	-0.04940399906560079	0.06319942270332586	-0.057134681681166886	0.04796331252024087	-0.04126430629310601	0.04136692039015556	-0.08618202561387472	0.04728648098898884	-0.045955147156068916	0.043963982180864315	-0.05924613530058272	0.04331523657412434	-0.042502424668476986	0.03297899738044076	-0.03982799806024575
0.13895032724404743	-0.7981590751944548	1.0	-0.18813326995873347	0.12049966619982425	-0.12276049664730503	0.2679142888105253	-0.3906571412164059	0.17934296779268483	-0.1193379982872565	0.11569179116737077	-0.15081421640490314	0.15417948918577212	-0.12158891480981615	0.138100215038234	-0.09863207889090778	0.1342817281212773	-0.08908533487626728	0.06513776416927868	-0.07571714986409642	0.07961277056284422	-0.08651148800113781	0.07936988371571456	-0.10198701442184765	0.07723517649504998	-0.15603202829151164	0.06632666425049813	-0.06556089831152065	0.060129846682466646	-0.05803413216681928	0.05259885491516382	-0.06758203973217818	0.060908085026413435	-0.05138134666322791	0.044196419866884384	-0.044149608260322756	0.09122412482787844	-0.05051321356950343	0.04908447739277973	-0.04722745675787608	0.0628264935062885	-0.0460617112126765	0.04524677666840677	-0.0352398374008773	0.04248928781499832
-0.123066448144801	0.13775642858564563	-0.18813326995873347	0.9999999999999999	-0.7758308704482588	0.08379695544687663	-0.168412721176502	0.181247897636019	-0.21970289455565747	0.3038125818807064	-0.09107472857049967	0.1098873324428701	-0.14349590741150736	0.12887685559267337	-0.38678097125234434	0.0805570162585875	-0.11935656286899807	0.10760559160408338	-0.0896555145343869	0.1203803768969518	-0.06864945247232218	0.08506267400727105	-0.09362405624542648	0.12126718258876962	-0.12475190733138765	0.12856417119815453	-0.06883352752588395	0.07316490777116119	-0.07122239515793469	0.0691481083747733	-0.056088861724281	0.07161592445335717	-0.06823229109635165	0.05861106614024319	-0.05283047939944292	0.04674193594634831	-0.10173007682504934	0.055628555839002974	-0.05713425937422449	0.0541591525723254	-0.06983988479714309	0.05080534336507728	-0.05063872922085239	0.04029036078465749	-0.049305011144520204
0.08867235434106624	-0.10516726303681628	0.12049966619982425	-0.7758308704482588	1.0000000000000004	-0.06128924146047331	0.11638546157513326	-0.14866602791934647	0.16355436538307028	-0.513320264880452	0.06567153944184789	-0.08148304901325085	0.10519215129838749	-0.1035869393285931	0.27104304249188976	-0.06084984564648001	0.08598886702279042	-0.0830222590479839	0.06697738675787027	-0.09201027336235627	0.051335329909836316	-0.06370950433042642	0.06907576305212076	-0.09321993097300062	0.08917277704330208	-0.0991407275520988	0.05082763165014655	-0.05461025918184439	0.05228803814796178	-0.0514384718548137	0.041025865867286654	-0.053219369557776175	0.05024230821358677	-0.04330804862607058	0.038799299384309795	-0.03431933518756574	0.07357608850062787	-0.0409121801450298	0.04186011685508643	-0.04014365865031217	0.05061492378276524	-0.03703168163119201	0.03696767750843404	-0.029566425154348663	0.036020014059819944
-0.3494944991201448	0.12895033448706086	-0.12276049664730503	0.08379695544687663	-0.06128924146047331	1.0000000000000002	-0.34129785374974253	0.15255919014899405	-0.11619056511341141	0.07868011544021047	-0.8010286990259852	0.2105164659012708	-0.12675860760343982	0.09409323558688264	-0.09877823331576303	0.16026607231862855	-0.1953009107292359	0.09232890137002102	-0.06573577123306613	0.0714806359138355	-0.13110237143067216	0.10410676979822338	-0.08820683025684027	0.10598232072748254	-0.07454197746908373	0.19336836564174656	-0.0803988968968803	0.07332788392010321	-0.06669863711371415	0.06306481851867038	-0.06256665915177055	0.07818799088265173	-0.06962275181803544	0.05756383049549963	-0.04870722523826437	0.05218353133491572	-0.10791567474659419	0.05817054570456388	-0.05510298288568346	0.05245470706997443	-0.07410196414831127	0.053936104340831056	-0.0523628072999933	0.039862751394035056	-0.04800569993249909
0.24560132792112718	-0.44137983071081216	0.2679142888105253	-0.168412721176502	0.11638546157513326	-0.34129785374974253	1.000000000000001	-0.3528560467824475	0.20820872266832285	-0.14706619663433942	0.25317353223728334	-0.4035883853194402	0.21219620097955916	-0.17116577142729872	0.17172951359036112	-0.20200427584374597	0.264851310205122	-0.15634672394044447	0.1095187599784721	-0.12195066334474551	0.15698266548258102	-0.16431690754682793	0.1401529805330054	-0.17963549582071006	0.12375255538363558	-0.30837917679422333	0.1222270314531095	-0.11777613999872463	0.10576693399574971	-0.1020514044288681	0.09522225903577132	-0.12350017001995785	0.10908871680433221	-0.09145736148137684	0.07752791124555625	-0.08016826945188882	0.16197893819478643	-0.09053794179752088	0.08663485442095775	-0.08382144927736057	0.11173843868257713	-0.0822839536156748	0.08055436351096809	-0.06248507614116886	0.07494303604184256
-0.20011128405556503	0.2441298064918635	-0.3906571412164059	0.181247897636019	-0.14866602791934647	0.15255919014899405	-0.3528560467824475	1.0000000000000007	-0.5485020894411186	0.18839805807178014	-0.1678341477934686	0.21611837605653597	-0.4211171261655918	0.2762656564716178	-0.2331607943033366	0.13120286859513217	-0.21816872957343753	0.1305518066938053	-0.09926651821009684	0.11419925691095463	-0.11012856377897909	0.12207651893526979	-0.11706595503621618	0.14466122824720656	-0.11917456985906803	0.19664831870857544	-0.09658774221644734	0.09427374641832689	-0.0882839525607662	0.08400660467586747	-0.07605938380671412	0.09660921393234406	-0.08880840587304868	0.07454859822182032	-0.06475189995645035	0.06340995555103025	-0.1353949931732644	0.07322978357456957	-0.07199925085112058	0.06825810054751114	-0.09279126656245941	0.06747717549520872	-0.06633314246776467	0.05147126832543167	-0.0624753002964052
0.15404823739317303	-0.16744852768393562	0.17934296779268483	-0.21970289455565747	0.16355436538307028	-0.11619056511341141	0.20820872266832285	-0.5485020894411186	0.9999999999999993	-0.29169673189621914	0.12365122790131902	-0.18287716867523493	0.31027637223203774	-0.5756293446495655	0.22895338583615074	-0.11659940014536531	0.1676235624746509	-0.1284960442074877	0.09656729113425065	-0.11405480574794415	0.09558613035857212	-0.1103911760905083	0.10681974627352912	-0.1419773830501981	0.11180915448076606	-0.18662068663002984	0.085216992050311	-0.08691602541606758	0.08011401396615152	-0.07806140054950679	0.06708354859202868	-0.08753955280047133	0.07991067092847522	-0.06788061956637578	0.058977158649046	-0.05632552201463737	0.11732979997715534	-0.0655749135732091	0.06482561745729126	-0.06256693492554076	0.08079627175780532	-0.05936238743701924	0.05872294555503685	-0.04628258566833864	0.05589440515487512
-0.11701036313962282	0.10380097733521594	-0.1193379982872565	0.3038125818807064	-0.513320264880452	0.07868011544021047	-0.14706619663433942	0.18839805807178014	-0.29169673189621914	1.0000000000000009	-0.0863440667658655	0.10809608167343017	-0.15403071991980363	0.1546180865606021	-0.6759858823952493	0.08005793246717015	-0.11726778878221941	0.12035338974720226	-0.1046187811571827	0.15033817290613738	-0.06823135418999418	0.08735804276539456	-0.0995442713149881	0.13345739169626092	-0.146953503082352	0.1291141772233563	-0.07056315848831472	0.07689633133460946	-0.07502069777137639	0.07388197230742463	-0.056951739697486244	0.07389671603854264	-0.07090242835112298	0.06130578307720428	-0.0558180939417711	0.047526661045862104	-0.10309674103748381	0.057148523327283506	-0.059573986963493315	0.05678034180041504	-0.07084909727728145	0.05173927650622352	-0.05188849271938169	0.04179787624356215	-0.05115459904718907
0.24773319509924974	-0.1250047907313489	0.11569179116737077	-0.09107472857049967	0.06567153944184789	-0.8010286990259852	0.25317353223728334	-0.1678341477934686	0.12365122790131902	-0.0863440667658655	0.9999999999999981	-0.29343258360556107	0.13744728253067318	-0.10605883756830924	0.10688549403397239	-0.2243600449222447	0.21175814393841874	-0.10599827694783034	0.0745000983728614	-0.08093375408660548	0.15448823546694598	-0.12176210010975407	0.10024584933495775	-0.12178808863342759	0.08380350308110589	-0.23908599875030506	0.09176366359062885	-0.08397395131225364	0.07573374612924214	-0.07190349966428598	0.07157550143353662	-0.08988108708929836	0.07929398271944428	-0.06561390628629406	0.05532125869370288	-0.05986125744273441	0.12163396369154351	-0.06623241525708855	0.06252172391124179	-0.05977664861052925	0.08371551247982545	-0.0611533292325198	0.059353370837561134	-0.04526973554877381	0.05438589245817911
-0.1866745265391042	0.15383842289415584	-0.15081421640490314	0.1098873324428701	-0.08148304901325085	0.2105164659012708	-0.4035883853194402	0.21611837605653597	-0.18287716867523493	0.10809608167343017	-0.29343258360556107	0.9999999999999978	-0.319366676371177	0.18108542608684458	-0.13430068373645881	0.18815871920362942	-0.7011593975821472	0.13523938000649346	-0.09620695693264848	0.09716322189251313	-0.1524597710881623	0.15559161523992437	-0.1217960075715851	0.13872421521078038	-0.10141785515127727	0.21769494697141745	-0.11751604764302455	0.09727814471850915	-0.08696045119005999	0.08101610335438643	-0.0774379104564061	0.10390142017930404	-0.0925340823836277	0.07455094988129662	-0.0626983602865383	0.06450888386167505	-0.13403656758153845	0.07318631352152004	-0.07074526810656569	0.0667950713797087	-0.09137198313227882	0.0669974765539177	-0.06572084885294757	0.05061204961196613	-0.060955712992839806
0.14921247815688143	-0.14869203899816122	0.15417948918577212	-0.14349590741150736	0.10519215129838749	-0.12675860760343982	0.21219620097955916	-0.4211171261655918	0.31027637223203774	-0.15403071991980363	0.13744728253067318	-0.319366676371177	0.9999999999999979	-0.7027056028321198	0.16690600964822463	-0.12488908896712136	0.21034007533763602	-0.13021778026399652	0.09388524441052992	-0.10118605278600501	0.10027530999431207	-0.11348173962940976	0.10378662528768516	-0.1334815032619064	0.1004426853638131	-0.18483579581366905	0.0859144752030925	-0.08406383430784155	0.07637837681161729	-0.07357259776478234	0.06506310252598553	-0.08582802900737312	0.07755035510685566	-0.06503126074331961	0.055867637117448646	-0.05459648380863794	0.11310641607994586	-0.06309043931721958	0.061856482087413345	-0.05948383059454077	0.07775580804251958	-0.0571727295313414	0.05643121948369629	-0.044224531073430676	0.05330789290717474
-0.116964757358109	0.11067624325144484	-0.12158891480981615	0.12887685559267337	-0.1035869393285931	0.09409323558688264	-0.17116577142729872	0.2762656564716178	-0.5756293446495655	0.1546180865606021	-0.10605883756830924	0.18108542608684458	-0.7027056028321198	0.9999999999999976	-0.18091845036080542	0.09163090144976312	-0.16796693814175032	0.10186784819029174	-0.08132079345456805	0.0867187734037652	-0.075783362392736	0.08601023642669796	-0.08269702405871622	0.10538255461474343	-0.08634620966268206	0.13513308149166603	-0.06688259077497752	0.06573677399001474	-0.06073849394391275	0.05833131539937457	-0.05078648511594322	0.06644449889419748	-0.060993990933164766	0.05120149564742577	-0.044465494008309424	0.042480898850840165	-0.08941958122305234	0.049421783743337534	-0.049027750992728464	0.046832269127113454	-0.06136324405204687	0.04495294546553028	-0.04446381426116143	0.03491229607194871	-0.042262855952814496
0.14833141727291144	-0.12931380503734113	0.138100215038234	-0.38678097125234434	0.27104304249188976	-0.09877823331576303	0.17172951359036112	-0.2331607943033366	0.22895338583615074	-0.6759858823952493	0.10688549403397239	-0.13430068373645881	0.16690600964822463	-0.18091845036080542	0.9999999999999967	-0.10767312481641761	0.14435509927515208	-0.19139555875026112	0.15607069231770165	-0.28369476976352437	0.09100617238785183	-0.12094594956828987	0.13879677549798802	-0.20675968956431473	0.19857895252162344	-0.18074464814384902	0.09573515259503373	-0.10886128786559554	0.10332501773813468	-0.10556037335229936	0.07589840542327837	-0.10214668646647226	0.09717870861278925	-0.08506014147904166	0.07707595821857324	-0.06376795337718912	0.13535366231824922	-0.07773974062181245	0.0813342158693059	-0.07948307625309642	0.09336301770802949	-0.06896572728036562	0.069647454446427	-0.05706418276469392	0.0693179056372235
-0.1957956235988676	0.09368067930012264	-0.09863207889090778	0.0805570162585875	-0.06084984564648001	0.16026607231862855	-0.20200427584374597	0.13120286859513217	-0.11659940014536531	0.08005793246717015	-0.2243600449222447	0.18815871920362942	-0.12488908896712136	0.09163090144976312	-0.10767312481641761	0.9999999999999951	-0.3078119777909319	0.11029321537041369	-0.07965414340435896	0.08356750205737301	-0.7962578059391572	0.16992708694043346	-0.12478231889932673	0.12666941487774316	-0.09084701666974847	0.28962020616931117	-0.13438571883940253	0.10078437291059877	-0.09159054209801501	0.0822822296877548	-0.09667371182753373	0.11363197707989094	-0.10088577446972305	0.0790801215495166	-0.06573240973052406	0.07785147347527556	-0.16433339457211307	0.08250651511853413	-0.07642271802840771	0.0700756593869184	-0.1118393462287874	0.07967614410599652	-0.0758561521477109	0.05545595091817051	-0.06706884349316361
0.19774803149741893	-0.14079200123623395	0.1342817281212773	-0.11935656286899807	0.08598886702279042	-0.1953009107292359	0.264851310205122	-0.21816872957343753	0.1676235624746509	-0.11726778878221941	0.21175814393841874	-0.7011593975821472	0.21034007533763602	-0.16796693814175032	0.14435509927515208	-0.3078119777909319	0.9999999999999982	-0.19439751449362958	0.12443908416489477	-0.12347896886231004	0.20139916822404824	-0.24736463755244933	0.1585441132575865	-0.18306311325167732	0.12623082621080567	-0.302034814333163	0.15626500871876692	-0.12855727893310243	0.1112250184614244	-0.10410306891415622	0.09900121769454313	-0.13960793556141535	0.12013077197782274	-0.0963586767573757	0.07994317170064655	-0.0829659805359375	0.16771534526531934	-0.09372181197818293	0.09008868043465633	-0.08567766519311104	0.11454994578072687	-0.08475893942195803	0.08329232787171206	-0.06447590928601005	0.07720410439350303
-0.14587370419586715	0.08229856632496166	-0.08908533487626728	0.10760559160408338	-0.0830222590479839	0.09232890137002102	-0.15634672394044447	0.1305518066938053	-0.1284960442074877	0.12035338974720226	-0.10599827694783034	0.13523938000649346	-0.13021778026399652	0.10186784819029174	-0.19139555875026112	0.11029321537041369	-0.19439751449362958	0.9999999999999952	-0.7146428351467685	0.27775656861677706	-0.09844620246526815	0.16507407700609894	-0.32844446443326947	0.29602631567924204	-0.3191406559819412	0.1693081987645985	-0.14012261868231868	0.1766776514378488	-0.1615628115759462	0.14334447485311475	-0.10606628861129232	0.14477116571738483	-0.15439151694523812	0.12498212478545322	-0.11192679902616534	0.08758734568875362	-0.19812276255393502	0.10956515665804634	-0.12012016965374583	0.10956548694865154	-0.13474229323241632	0.09820705695769383	-0.10084228349483731	0.08211660777973033	-0.10124354831250182
0.10326206477996074	-0.0606094627440907	0.06513776416927868	-0.0896555145343869	0.06697738675787027	-0.06573577123306613	0.1095187599784721	-0.09926651821009684	0.09656729113425065	-0.1046187811571827	0.0745000983728614	-0.09620695693264848	0.09388524441052992	-0.08132079345456805	0.15607069231770165	-0.07965414340435896	0.12443908416489477	-0.7146428351467685	0.9999999999999962	-0.47642464968796705	0.07016380385234683	-0.12084460323521597	0.20771501617320867	-0.3814423988639952	0.2827204513408297	-0.12471572401839201	0.09925770433853831	-0.13088028901694465	0.11907895792446424	-0.11419760824695467	0.07407017471632911	-0.10516123238585379	0.1094465885421953	-0.09248989596068224	0.08431879688077712	-0.06166157934543105	0.1365895637488635	-0.07857145368218836	0.08754829897014894	-0.08250463636038041	0.09338357625730678	-0.06886753367943751	0.07131777118517194	-0.05970412593182855	0.07319841123860589
-0.11506248538037682	0.06976640086904526	-0.07571714986409642	0.1203803768969518	-0.09201027336235627	0.0714806359138355	-0.12195066334474551	0.11419925691095463	-0.11405480574794415	0.15033817290613738	-0.08093375408660548	0.09716322189251313	-0.10118605278600501	0.0867187734037652	-0.28369476976352437	0.08356750205737301	-0.12347896886231004	0.27775656861677706	-0.47642464968796705	0.9999999999999947	-0.07424530694510645	0.12106760874791041	-0.19122980869195766	0.28070081103000055	-0.7008201241050165	0.13480698678745603	-0.10259247344960432	0.12834874979855632	-0.136468539005794	0.14292734846836896	-0.08033235023856052	0.10959267730813745	-0.11506717413099761	0.10275544385566118	-0.10423728631090079	0.06675947641387657	-0.14925367738152343	0.08550195899404288	-0.10047670670487814	0.09505466091050652	-0.10246062743314899	0.07530177427333781	-0.07839639771012419	0.06752867451531813	-0.08399564397042891
0.15852739788768924	-0.07640369168038645	0.07961277056284422	-0.06864945247232218	0.051335329909836316	-0.13110237143067216	0.15698266548258102	-0.11012856377897909	0.09558613035857212	-0.06823135418999418	0.15448823546694598	-0.1524597710881623	0.10027530999431207	-0.075783362392736	0.09100617238785183	-0.7962578059391572	0.20139916822404824	-0.09844620246526815	0.07016380385234683	-0.07424530694510645	0.9999999999999949	-0.19397316737252882	0.11455446161877783	-0.11597567877236771	0.08011277275201288	-0.4610465786721689	0.13018980819441076	-0.09411323851880354	0.08305395272933333	-0.07489189593129897	0.09152820427907742	-0.10899857425787274	0.09325201989754078	-0.07251159916132405	0.0594492508284526	-0.07446667793003951	0.14589569396785396	-0.07518115741441526	0.06907201088905851	-0.06372661666248947	0.09981378553679376	-0.07192159533811326	0.06828946229679388	-0.05013276029900539	0.06025383019876643
-0.1562479141245311	0.08145090836241452	-0.08651148800113781	0.08506267400727105	-0.06370950433042642	0.10410676979822338	-0.16431690754682793	0.12207651893526979	-0.1103911760905083	0.08735804276539456	-0.12176210010975407	0.15559161523992437	-0.11348173962940976	0.08601023642669796	-0.12094594956828987	0.16992708694043346	-0.24736463755244933	0.16507407700609894	-0.12084460323521597	0.12106760874791041	-0.19397316737252882	0.9999999999999941	-0.3521535720823635	0.21038259366344744	-0.13781373980840106	0.22286930838856123	-0.6979415191903379	0.22856882309524598	-0.1796546294702053	0.14611859492510332	-0.1528976296676731	0.28533343245870324	-0.2440481574327754	0.15631564430534145	-0.11939582774138423	0.12416808669909803	-0.268233163170851	0.14421843620170188	-0.14219699986084128	0.12484822484385553	-0.170825701396583	0.1288016723085365	-0.12906666248570195	0.09812320533860105	-0.11723317169740158
0.141403285958216	-0.07440665439362862	0.07936988371571456	-0.09362405624542648	0.06907576305212076	-0.08820683025684027	0.1401529805330054	-0.11706595503621618	0.10681974627352912	-0.0995442713149881	0.10024584933495775	-0.1217960075715851	0.10378662528768516	-0.08269702405871622	0.13879677549798802	-0.12478231889932673	0.1585441132575865	-0.32844446443326947	0.20771501617320867	-0.19122980869195766	0.11455446161877783	-0.3521535720823635	0.9999999999999934	-0.4771788255622052	0.2092448854754611	-0.19767744788971253	0.22780550669971844	-0.5553227266267191	0.22815252932127264	-0.19322735701648625	0.1273206357160998	-0.25195428156303795	0.25821365027052223	-0.1923213781955367	0.14179282976031882	-0.10902777117494383	0.22121789905838485	-0.14996794780317146	0.15710471455494554	-0.14973137477644388	0.15095442068742201	-0.11791882086602218	0.12664873319669862	-0.10731833922618361	0.12543915365016045
-0.1781115914973153	0.0934833125808806	-0.10198701442184765	0.12126718258876962	-0.09321993097300062	0.10598232072748254	-0.17963549582071006	0.14466122824720656	-0.1419773830501981	0.13345739169626092	-0.12178808863342759	0.13872421521078038	-0.1334815032619064	0.10538255461474343	-0.20675968956431473	0.12666941487774316	-0.18306311325167732	0.29602631567924204	-0.3814423988639952	0.28070081103000055	-0.11597567877236771	0.21038259366344744	-0.4771788255622052	0.9999999999999929	-0.4685834865136465	0.203568196082254	-0.18428113588408512	0.23914351604417047	-0.23439979045774148	0.19432223110105326	-0.14084139667337484	0.1915761493789057	-0.2112547879873941	0.17166555204209813	-0.15232992907356108	0.11595980876171798	-0.2657198451437125	0.1465468929697373	-0.164027729160175	0.14789042642123218	-0.18037260293621857	0.13125163166192344	-0.13561004238071064	0.11112544650077001	-0.13717537636791038
0.1197432798266436	-0.07208940274160235	0.07723517649504998	-0.12475190733138765	0.08917277704330208	-0.07454197746908373	0.12375255538363558	-0.11917456985906803	0.11180915448076606	-0.146953503082352	0.08380350308110589	-0.10141785515127727	0.1004426853638131	-0.08634620966268206	0.19857895252162344	-0.09084701666974847	0.12623082621080567	-0.3191406559819412	0.2827204513408297	-0.7008201241050165	0.08011277275201288	-0.13781373980840106	0.2092448854754611	-0.4685834865136465	0.9999999999999909	-0.1492330978676261	0.11316775257834831	-0.15129754341795762	0.1603329373734338	-0.21310868593893204	0.08542280700107754	-0.12413818352070757	0.12865230699879687	-0.12162889636455533	0.12701779231797494	-0.07175047609014079	0.15598153909286114	-0.09514608928302784	0.11554484296408674	-0.11681122461808732	0.10782978336798654	-0.08077748147935368	0.08554724805113824	-0.07733476289008062	0.09513820628463987
-0.34876009856882384	0.14248983879165267	-0.15603202829151164	0.12856417119815453	-0.0991407275520988	0.19336836564174656	-0.30837917679422333	0.19664831870857544	-0.18662068663002984	0.1291141772233563	-0.23908599875030506	0.21769494697141745	-0.18483579581366905	0.13513308149166603	-0.18074464814384902	0.28962020616931117	-0.302034814333163	0.1693081987645985	-0.12471572401839201	0.13480698678745603	-0.4610465786721689	0.22286930838856123	-0.19767744788971253	0.203568196082254	-0.1492330978676261	0.9999999999999888	-0.2012553851230516	0.16581004472869665	-0.15739406336634804	0.1407914939185756	-0.21966858655674443	0.1910463960819916	-0.170695866698207	0.13625623764713904	-0.11442910070810887	0.16299064380725067	-0.32915208392704215	0.15350095002844033	-0.13517936738818748	0.1224017630650289	-0.22791336230713533	0.15727268352499843	-0.14422731039338574	0.10025697117245144	-0.12169308683197397
0.12278829130646848	-0.06291503044589129	0.06632666425049813	-0.06883352752588395	0.05082763165014655	-0.0803988968968803	0.1222270314531095	-0.09658774221644734	0.085216992050311	-0.07056315848831472	0.09176366359062885	-0.11751604764302455	0.0859144752030925	-0.06688259077497752	0.09573515259503373	-0.13438571883940253	0.15626500871876692	-0.14012261868231868	0.09925770433853831	-0.10259247344960432	0.13018980819441076	-0.6979415191903379	0.22780550669971844	-0.18428113588408512	0.11316775257834831	-0.2012553851230516	0.9999999999999927	-0.24196143383719812	0.1589621817267892	-0.13537927152195461	0.13917375840349652	-0.526422431491804	0.2385342288083039	-0.15330195411282888	0.10648661786516046	-0.12003470871910564	0.21903944980865345	-0.1347162068245152	0.12579817151211212	-0.1149588517948107	0.14014184373492017	-0.11285538682691225	0.11269001677371467	-0.08773697736695583	0.10140616019480764
-0.12105947506924433	0.0610650326353897	-0.06556089831152065	0.07316490777116119	-0.05461025918184439	0.07332788392010321	-0.11777613999872463	0.09427374641832689	-0.08691602541606758	0.07689633133460946	-0.08397395131225364	0.09727814471850915	-0.08406383430784155	0.06573677399001474	-0.10886128786559554	0.10078437291059877	-0.12855727893310243	0.1766776514378488	-0.13088028901694465	0.12834874979855632	-0.09411323851880354	0.22856882309524598	-0.5553227266267191	0.23914351604417047	-0.15129754341795762	0.16581004472869665	-0.24196143383719812	0.9999999999999892	-0.3849218145734553	0.20857679644259078	-0.13217744278591473	0.2623178210547746	-0.5361906001258252	0.2451117836789696	-0.1653236606213268	0.11024525291434768	-0.2329885959497335	0.16438775375113193	-0.1929512470841138	0.16436211735652262	-0.1579897080026556	0.12340367323895096	-0.14385117901610853	0.12194935456432732	-0.14344398350971066
0.11142155743212202	-0.05623570894908539	0.060129846682466646	-0.07122239515793469	0.05228803814796178	-0.06669863711371415	0.10576693399574971	-0.0882839525607662	0.08011401396615152	-0.07502069777137639	0.07573374612924214	-0.08696045119005999	0.07637837681161729	-0.06073849394391275	0.10332501773813468	-0.09159054209801501	0.1112250184614244	-0.1615628115759462	0.11907895792446424	-0.136468539005794	0.08305395272933333	-0.1796546294702053	0.22815252932127264	-0.23439979045774148	0.1603329373734338	-0.15739406336634804	0.1589621817267892	-0.3849218145734553	0.9999999999999896	-0.5400339647192842	0.10931787991678116	-0.20793390631509998	0.2580991524297047	-0.5298178676970643	0.2721391072500239	-0.094881089316036	0.19239562167534888	-0.16140601595532858	0.2643936216799309	-0.2844873476397233	0.13799709780915104	-0.11276768544603709	0.13640614115743016	-0.16700409477907074	0.18171808543299578
-0.10717369863378906	0.053887220280293524	-0.05803413216681928	0.0691481083747733	-0.0514384718548137	0.06306481851867038	-0.1020514044288681	0.08400660467586747	-0.07806140054950679	0.07388197230742463	-0.07190349966428598	0.08101610335438643	-0.07357259776478234	0.05833131539937457	-0.10556037335229936	0.0822822296877548	-0.10410306891415622	0.14334447485311475	-0.11419760824695467	0.14292734846836896	-0.07489189593129897	0.14611859492510332	-0.19322735701648625	0.19432223110105326	-0.21310868593893204	0.1407914939185756	-0.13537927152195461	0.20857679644259078	-0.5400339647192842	0.9999999999999877	-0.10351444508790371	0.161899482283025	-0.20160001055419816	0.27993534795286096	-0.6015409730732907	0.08814501061844987	-0.19016181594985548	0.14402612130215223	-0.28809444125569417	0.2900587701953542	-0.13784371780668866	0.10862516119535462	-0.13327304673214085	0.16537401993584872	-0.2195893789483236
0.10707670920956187	-0.04940399906560079	0.05259885491516382	-0.056088861724281	0.041025865867286654	-0.06256665915177055	0.09522225903577132	-0.07605938380671412	0.06708354859202868	-0.056951739697486244	0.07157550143353662	-0.0774379104564061	0.06506310252598553	-0.05078648511594322	0.07589840542327837	-0.09667371182753373	0.09900121769454313	-0.10606628861129232	0.07407017471632911	-0.08033235023856052	0.09152820427907742	-0.1528976296676731	0.1273206357160998	-0.14084139667337484	0.08542280700107754	-0.21966858655674443	0.13917375840349652	-0.13217744278591473	0.10931787991678116	-0.10351444508790371	0.9999999999999889	-0.2366414048700988	0.14319675996803527	-0.10665856787867858	0.08038607669464695	-0.8512966868625204	0.23799598448262574	-0.15153693045861957	0.0962727391397594	-0.09209740065200718	0.22094324714435867	-0.1800590632325361	0.12255368913818146	-0.07706369797631264	0.08531212080032605
-0.12823068126503318	0.06319942270332586	-0.06758203973217818	0.07161592445335717	-0.053219369557776175	0.07818799088265173	-0.12350017001995785	0.09660921393234406	-0.08753955280047133	0.07389671603854264	-0.08988108708929836	0.10390142017930404	-0.08582802900737312	0.06644449889419748	-0.10214668646647226	0.11363197707989094	-0.13960793556141535	0.14477116571738483	-0.10516123238585379	0.10959267730813745	-0.10899857425787274	0.28533343245870324	-0.25195428156303795	0.1915761493789057	-0.12413818352070757	0.1910463960819916	-0.526422431491804	0.2623178210547746	-0.20793390631509998	0.161899482283025	-0.2366414048700988	0.9999999999999848	-0.5367558969482643	0.20357010562466699	-0.13686984042997938	0.1738590950101403	-0.3625168320034258	0.18085471657846103	-0.17194357732436474	0.14283522750516595	-0.1950788628352752	0.15762617437879906	-0.1564500091976665	0.11470370604214032	-0.13351973383800855
0.11435320016211632	-0.057134681681166886	0.060908085026413435	-0.06823229109635165	0.05024230821358677	-0.06962275181803544	0.10908871680433221	-0.08880840587304868	0.07991067092847522	-0.07090242835112298	0.07929398271944428	-0.0925340823836277	0.07755035510685566	-0.060993990933164766	0.09717870861278925	-0.10088577446972305	0.12013077197782274	-0.15439151694523812	0.1094465885421953	-0.11506717413099761	0.09325201989754078	-0.2440481574327754	0.25821365027052223	-0.2112547879873941	0.12865230699879687	-0.170695866698207	0.2385342288083039	-0.5361906001258252	0.2580991524297047	-0.20160001055419816	0.14319675996803527	-0.5367558969482643	0.9999999999999859	-0.38002177334422144	0.16409071660259822	-0.1249700831506391	0.23398701838884184	-0.23298510895778612	0.20594334884650162	-0.17550554532906504	0.1597563639734244	-0.13455145635943927	0.1647275844435626	-0.134173839737987	0.1472632682442733
-0.09677792549704003	0.04796331252024087	-0.05138134666322791	0.05861106614024319	-0.04330804862607058	0.05756383049549963	-0.09145736148137684	0.07454859822182032	-0.06788061956637578	0.06130578307720428	-0.06561390628629406	0.07455094988129662	-0.06503126074331961	0.05120149564742577	-0.08506014147904166	0.0790801215495166	-0.0963586767573757	0.12498212478545322	-0.09248989596068224	0.10275544385566118	-0.07251159916132405	0.15631564430534145	-0.1923213781955367	0.17166555204209813	-0.12162889636455533	0.13625623764713904	-0.15330195411282888	0.2451117836789696	-0.5298178676970643	0.27993534795286096	-0.10665856787867858	0.20357010562466699	-0.38002177334422144	0.9999999999999886	-0.3246348092929098	0.09133466054179346	-0.1896087192187319	0.16448820838084613	-0.5397794580906111	0.2720305601783897	-0.13682602125582347	0.11278825429876842	-0.1480773324738859	0.20322654926882244	-0.2293927539890222
0.08233055286572474	-0.04126430629310601	0.044196419866884384	-0.05283047939944292	0.038799299384309795	-0.04870722523826437	0.07752791124555625	-0.06475189995645035	0.058977158649046	-0.0558180939417711	0.05532125869370288	-0.0626983602865383	0.055867637117448646	-0.044465494008309424	0.07707595821857324	-0.06573240973052406	0.07994317170064655	-0.11192679902616534	0.08431879688077712	-0.10423728631090079	0.0594492508284526	-0.11939582774138423	0.14179282976031882	-0.15232992907356108	0.12701779231797494	-0.11442910070810887	0.10648661786516046	-0.1653236606213268	0.2721391072500239	-0.6015409730732907	0.08038607669464695	-0.13686984042997938	0.16409071660259822	-0.3246348092929098	0.9999999999999859	-0.06988708177709571	0.14462871523408416	-0.1271995672710783	0.2620119804262494	-0.6173182670138578	0.1068600518405623	-0.08828111112795205	0.11242121490354826	-0.1663017934718823	0.19934799533204034
-0.08994809213833535	0.04136692039015556	-0.044149608260322756	0.04674193594634831	-0.03431933518756574	0.05218353133491572	-0.08016826945188882	0.06340995555103025	-0.05632552201463737	0.047526661045862104	-0.05986125744273441	0.06450888386167505	-0.05459648380863794	0.042480898850840165	-0.06376795337718912	0.07785147347527556	-0.0829659805359375	0.08758734568875362	-0.06166157934543105	0.06675947641387657	-0.07446667793003951	0.12416808669909803	-0.10902777117494383	0.11595980876171798	-0.07175047609014079	0.16299064380725067	-0.12003470871910564	0.11024525291434768	-0.094881089316036	0.08814501061844987	-0.8512966868625204	0.1738590950101403	-0.1249700831506391	0.09133466054179346	-0.06988708177709571	0.9999999999999835	-0.2970527183054019	0.14115760739098432	-0.08569671075771199	0.07980940059723726	-0.3151716096477298	0.1869540912932609	-0.12309803529047263	0.07034732656376562	-0.0780769846285069
0.18544326708455874	-0.08618202561387472	0.09122412482787844	-0.10173007682504934	0.07357608850062787	-0.10791567474659419	0.16197893819478643	-0.1353949931732644	0.11732979997715534	-0.10309674103748381	0.12163396369154351	-0.13403656758153845	0.11310641607994586	-0.08941958122305234	0.13535366231824922	-0.16433339457211307	0.16771534526531934	-0.19812276255393502	0.1365895637488635	-0.14925367738152343	0.14589569396785396	-0.268233163170851	0.22121789905838485	-0.2657198451437125	0.15598153909286114	-0.32915208392704215	0.21903944980865345	-0.2329885959497335	0.19239562167534888	-0.19016181594985548	0.23799598448262574	-0.3625168320034258	0.23398701838884184	-0.1896087192187319	0.14462871523408416	-0.2970527183054019	0.9999999999999841	-0.33007813595886876	0.1724086412439713	-0.16980417922973395	0.30311091499685194	-0.42957114222505366	0.24285977754559615	-0.14476038909988925	0.15602114716675658
-0.09993158870186594	0.04728648098898884	-0.05051321356950343	0.055628555839002974	-0.0409121801450298	0.05817054570456388	-0.09053794179752088	0.07322978357456957	-0.0655749135732091	0.057148523327283506	-0.06623241525708855	0.07318631352152004	-0.06309043931721958	0.049421783743337534	-0.07773974062181245	0.08250651511853413	-0.09372181197818293	0.10956515665804634	-0.07857145368218836	0.08550195899404288	-0.07518115741441526	0.14421843620170188	-0.14996794780317146	0.1465468929697373	-0.09514608928302784	0.15350095002844033	-0.1347162068245152	0.16438775375113193	-0.16140601595532858	0.14402612130215223	-0.15153693045861957	0.18085471657846103	-0.23298510895778612	0.16448820838084613	-0.1271995672710783	0.14115760739098432	-0.33007813595886876	0.9999999999999829	-0.19741813451977824	0.15357263516536898	-0.31397432621211546	0.2741757025631509	-0.7604763431588228	0.20314476119470934	-0.22532686301993352
0.09315809997561285	-0.045955147156068916	0.04908447739277973	-0.05713425937422449	0.04186011685508643	-0.05510298288568346	0.08663485442095775	-0.07199925085112058	0.06482561745729126	-0.059573986963493315	0.06252172391124179	-0.07074526810656569	0.061856482087413345	-0.049027750992728464	0.0813342158693059	-0.07642271802840771	0.09008868043465633	-0.12012016965374583	0.08754829897014894	-0.10047670670487814	0.06907201088905851	-0.14219699986084128	0.15710471455494554	-0.164027729160175	0.11554484296408674	-0.13517936738818748	0.12579817151211212	-0.1929512470841138	0.2643936216799309	-0.28809444125569417	0.0962727391397594	-0.17194357732436474	0.20594334884650162	-0.5397794580906111	0.2620119804262494	-0.08569671075771199	0.1724086412439713	-0.19741813451977824	0.999999999999984	-0.48171183850284954	0.1333106679829598	-0.11965875156369443	0.17064618544383345	-0.4476168518369321	0.2918486878401645
-0.08970387110553193	0.043963982180864315	-0.04722745675787608	0.0541591525723254	-0.04014365865031217	0.05245470706997443	-0.08382144927736057	0.06825810054751114	-0.06256693492554076	0.05678034180041504	-0.05977664861052925	0.0667950713797087	-0.05948383059454077	0.046832269127113454	-0.07948307625309642	0.0700756593869184	-0.08567766519311104	0.10956548694865154	-0.08250463636038041	0.09505466091050652	-0.06372661666248947	0.12484822484385553	-0.14973137477644388	0.14789042642123218	-0.11681122461808732	0.1224017630650289	-0.1149588517948107	0.16436211735652262	-0.2844873476397233	0.2900587701953542	-0.09209740065200718	0.14283522750516595	-0.17550554532906504	0.2720305601783897	-0.6173182670138578	0.07980940059723726	-0.16980417922973395	0.15357263516536898	-0.48171183850284954	0.9999999999999828	-0.12911519704610808	0.10690943637583412	-0.14660560627429475	0.2451412749775851	-0.3832333226812292
0.12805934243321473	-0.05924613530058272	0.0628264935062885	-0.06983988479714309	0.05061492378276524	-0.07410196414831127	0.11173843868257713	-0.09279126656245941	0.08079627175780532	-0.07084909727728145	0.08371551247982545	-0.09137198313227882	0.07775580804251958	-0.06136324405204687	0.09336301770802949	-0.1118393462287874	0.11454994578072687	-0.13474229323241632	0.09338357625730678	-0.10246062743314899	0.09981378553679376	-0.170825701396583	0.15095442068742201	-0.18037260293621857	0.10782978336798654	-0.22791336230713533	0.14014184373492017	-0.1579897080026556	0.13799709780915104	-0.13784371780668866	0.22094324714435867	-0.1950788628352752	0.1597563639734244	-0.13682602125582347	0.1068600518405623	-0.3151716096477298	0.30311091499685194	-0.31397432621211546	0.1333106679829598	-0.12911519704610808	0.9999999999999826	-0.7112121003636833	0.25476232452567876	-0.1268157764017144	0.12954824117691646
-0.09300446778998063	0.04331523657412434	-0.0460617112126765	0.05080534336507728	-0.03703168163119201	0.053936104340831056	-0.0822839536156748	0.06747717549520872	-0.05936238743701924	0.05173927650622352	-0.0611533292325198	0.0669974765539177	-0.0571727295313414	0.04495294546553028	-0.06896572728036562	0.07967614410599652	-0.08475893942195803	0.09820705695769383	-0.06886753367943751	0.07530177427333781	-0.07192159533811326	0.1288016723085365	-0.11791882086602218	0.13125163166192344	-0.08077748147935368	0.15727268352499843	-0.11285538682691225	0.12340367323895096	-0.11276768544603709	0.10862516119535462	-0.1800590632325361	0.15762617437879906	-0.13455145635943927	0.11278825429876842	-0.08828111112795205	0.1869540912932609	-0.42957114222505366	0.2741757025631509	-0.11965875156369443	0.10690943637583412	-0.7112121003636833	0.9999999999999822	-0.4171278630730732	0.12445548376334589	-0.12838369575182504
0.08982688187850443	-0.042502424668476986	0.04524677666840677	-0.05063872922085239	0.03696767750843404	-0.0523628072999933	0.08055436351096809	-0.06633314246776467	0.05872294555503685	-0.05188849271938169	0.059353370837561134	-0.06572084885294757	0.05643121948369629	-0.04446381426116143	0.069647454446427	-0.0758561521477109	0.08329232787171206	-0.10084228349483731	0.07131777118517194	-0.07839639771012419	0.06828946229679388	-0.12906666248570195	0.12664873319669862	-0.13561004238071064	0.08554724805113824	-0.14422731039338574	0.11269001677371467	-0.14385117901610853	0.13640614115743016	-0.13327304673214085	0.12255368913818146	-0.1564500091976665	0.1647275844435626	-0.1480773324738859	0.11242121490354826	-0.12309803529047263	0.24285977754559615	-0.7604763431588228	0.17064618544383345	-0.14660560627429475	0.25476232452567876	-0.4171278630730732	0.999999999999982	-0.26889580668162505	0.19966557322659506
