1.0	-0.8897399172540122	0.06184186462393647	-0.06016902742933414	0.13914060416767562	-0.1840906328596161	0.2494159604248316	-0.2462819921481444	0.10538143648772705	-0.05969591800894098	0.11896151978674756	-0.18274430805369973	0.13673737290669793	-0.12688970143550626	0.05474619665948815	-0.10799251999451585	0.11214012820966666	-0.099130508163378	0.05593094289764551	-0.06138169640805498	0.08075924632891665	-0.08919728122223168	0.09065074286028318	-0.05194946342909946	0.04610074077146066	-0.08081460620769353	0.0707027608628975	-0.08693381668283315	0.050535031024553624	-0.04603315871468398
-0.8897399172540122	1.0000000000000002	-0.05408364099383263	0.050758773709054614	-0.12802554060607418	0.14253572169425036	-0.34769641729051787	0.19970551184712143	-0.09201013673885719	0.050514048900023714	-0.10523721965720953	0.15583609163673595	-0.12468916203101117	0.10233147508997291	-0.04716390565565285	0.09064878348427448	-0.10063921939152069	0.08527949782114037	-0.04856476252181848	0.05244103658306005	-0.07017840182500719	0.07640523280550734	-0.08001675565894303	0.04455194898298949	-0.039802787796498706	0.06843165431159112	-0.06120774341156458	0.07390881911817357	-0.0436809766437365	0.03938799149320882
0.06184186462393647	-0.05408364099383263	1.0000000000000002	-0.9288645845107424	0.114644395721936	-0.07996558350616256	0.10763034057219047	-0.1767668273444891	0.20778424616987337	-0.07987058147516887	0.06002541919868518	-0.09444629253989488	0.10414049969860843	-0.2250485169363269	0.07009340298379531	-0.06352239735860536	0.06853321473776904	-0.07190708755855263	0.04648668762462886	-0.0543957387589417	0.051370339292408564	-0.058212808179565444	0.0647029351555364	-0.042436445289130036	0.03946163108241465	-0.055075544563069075	0.048580191219969544	-0.06381666974477501	0.04023848929487598	-0.03712093861715763
-0.06016902742933414	0.050758773709054614	-0.9288645845107424	1.0000000000000009	-0.11684135320434205	0.0727396408164737	-0.1041644148833815	0.14846833977986582	-0.2645798253828414	0.07430048466152686	-0.055931138878889036	0.08578853882197542	-0.09935878804062756	0.18983185835686767	-0.06807236984502159	0.05842396171272974	-0.06422866247744569	0.06635818040501629	-0.043733831954333405	0.050589151164265704	-0.047914599388117055	0.053899799235773496	-0.06105720058172226	0.03951374528330242	-0.03711310521355789	0.050860971889374294	-0.045324257587437446	0.0590090331227223	-0.03775558973269568	0.03456627015166369
0.13914060416767562	-0.12802554060607418	0.114644395721936	-0.11684135320434205	1.0000000000000009	-0.38566108431621193	0.21527194960498652	-0.27495988746257466	0.18219250952218233	-0.23158848872615082	0.24301347524253217	-0.29613015519024255	0.26219149187607566	-0.24003447079284157	0.18184192983225955	-0.3098395125643188	0.2608811393937085	-0.2835740712055075	0.2018658860800835	-0.2787651459185617	0.23841609379878645	-0.27015350643493335	0.25891856246632555	-0.21454121938119983	0.18712844227039552	-0.3160643647143626	0.24262626875292947	-0.37550875594971667	0.20293959522811045	-0.20938478748969652
-0.1840906328596161	0.14253572169425036	-0.07996558350616256	0.0727396408164737	-0.38566108431621193	1.0000000000000007	-0.2679578073778271	0.20414725790335012	-0.1291589340244818	0.09728389570150826	-0.711616276540169	0.25565473461671917	-0.23646836391118267	0.1434619948464287	-0.09366439721530592	0.28475148883649753	-0.26756800505786776	0.18199442989504078	-0.11180641394445899	0.11811292970561653	-0.21878637327321837	0.19298441294614752	-0.19329717643573727	0.10192376366120254	-0.09318909028705324	0.1781053905594543	-0.16392858078938966	0.17687479963836675	-0.10641929813637965	0.09300755685544262
0.2494159604248316	-0.34769641729051787	0.10763034057219047	-0.1041644148833815	0.21527194960498652	-0.2679578073778271	1.000000000000001	-0.6526606081882643	0.1930275556596163	-0.09533519556097911	0.18402290432759225	-0.4389503203003779	0.25337441988026416	-0.2177112660673336	0.0878130665927102	-0.168862269816477	0.19332317990113815	-0.16649027704460556	0.08846975348257344	-0.09475515353966923	0.1267556560201773	-0.14410558676150084	0.1484067447740972	-0.0808599658677794	0.07153448661994195	-0.12383837543535672	0.11062950259896794	-0.1339438386234152	0.07820429803222342	-0.07054832173296854
-0.2462819921481444	0.19970551184712143	-0.1767668273444891	0.14846833977986582	-0.27495988746257466	0.20414725790335012	-0.6526606081882643	1.0000000000000016	-0.36511990863372656	0.1191135239765088	-0.17024395094118	0.2762893572864567	-0.35544615085172426	0.25838598228980947	-0.11439279843231404	0.1588961980371659	-0.19439103940007238	0.18450535764060716	-0.10382861118557597	0.10915273219485028	-0.1315281591453304	0.14624201514936577	-0.1725974587679347	0.09210047573409816	-0.08341969339134542	0.12854007908408427	-0.11915399978177138	0.14513012561833846	-0.08954069446244085	0.07965482359615114
0.10538143648772705	-0.09201013673885719	0.20778424616987337	-0.2645798253828414	0.18219250952218233	-0.1291589340244818	0.1930275556596163	-0.36511990863372656	1.0000000000000018	-0.2034784934547078	0.09986185373219368	-0.16716746302034236	0.1985913649538361	-0.7893435453233641	0.16247366311163644	-0.10398326796948847	0.11673273814095139	-0.12722533946281409	0.08314165654953579	-0.09714194233704761	0.08500882776352366	-0.09710877155147396	0.11116308034918436	-0.07332980616053378	0.07023790072908065	-0.08877287512313452	0.08021443939323651	-0.10376234993991008	0.0688979265278654	-0.06252653996881781
-0.05969591800894098	0.050514048900023714	-0.07987058147516887	0.07430048466152686	-0.23158848872615082	0.09728389570150826	-0.09533519556097911	0.1191135239765088	-0.2034784934547078	1.0000000000000027	-0.07437858655916628	0.10201411993405327	-0.118932383457887	0.1796374111292319	-0.8899894874570917	0.08482448115100606	-0.09063047965982532	0.10284994391969626	-0.14544397849537233	0.19744624038504174	-0.07398940587174108	0.08296367673771998	-0.09893837927376574	0.11352208275647122	-0.14230127035641904	0.08326191601787292	-0.07781475020486542	0.10772752003663486	-0.10868792217150362	0.09561597542523656
0.11896151978674756	-0.10523721965720953	0.06002541919868518	-0.055931138878889036	0.24301347524253217	-0.711616276540169	0.18402290432759225	-0.17024395094118	0.09986185373219368	-0.07437858655916628	1.0000000000000002	-0.2972104704091054	0.1942211594541801	-0.1170166056061256	0.0703927257064124	-0.503248870925155	0.24591046680310416	-0.16346107528586407	0.08959855743987845	-0.09549563268737346	0.20716484724502154	-0.1893414654544704	0.16217550146429946	-0.08373181101808169	0.0741830962666942	-0.17838183558691184	0.14443007292803234	-0.1579895462852604	0.08624350185199511	-0.07692061561066232
-0.18274430805369973	0.15583609163673595	-0.09444629253989488	0.08578853882197542	-0.29613015519024255	0.25565473461671917	-0.4389503203003779	0.2762893572864567	-0.16716746302034236	0.10201411993405327	-0.2972104704091054	1.000000000000002	-0.5301041049287828	0.18430519407953946	-0.09811975714847586	0.24786505218548116	-0.4454215787192312	0.2552553978447348	-0.124344714050868	0.12404727175603757	-0.19495497486330568	0.2239222390719462	-0.23908271824513447	0.11043167323536918	-0.09618220369294819	0.17483249061881714	-0.16579746249598892	0.18721349815080612	-0.10803073293501385	0.09523159735652659
0.13673737290669793	-0.12468916203101117	0.10414049969860843	-0.09935878804062756	0.26219149187607566	-0.23646836391118267	0.25337441988026416	-0.35544615085172426	0.1985913649538361	-0.118932383457887	0.1942211594541801	-0.5301041049287828	1.0000000000000022	-0.2857942785324227	0.11148919467334309	-0.21951575993894487	0.2635669268801934	-0.5131843299360435	0.15317127446038759	-0.15263622253804926	0.17569384107971361	-0.22424033122653259	0.263697477553629	-0.13987876694593673	0.11203011578293108	-0.18289919260551424	0.16529561692629002	-0.2210067206615555	0.12133684769251345	-0.11138304821066307
-0.12688970143550626	0.10233147508997291	-0.2250485169363269	0.18983185835686767	-0.24003447079284157	0.1434619948464287	-0.2177112660673336	0.25838598228980947	-0.7893435453233641	0.1796374111292319	-0.1170166056061256	0.18430519407953946	-0.2857942785324227	0.9999999999999992	-0.1986233457269864	0.12026263214871771	-0.14051096059166582	0.1525663816400538	-0.10180324939309134	0.11352950230507079	-0.10173566012188211	0.11482117435876274	-0.13940242057498306	0.08746367679542723	-0.08450050403643108	0.10439791567398439	-0.09642586752150827	0.12275708865253679	-0.08324764932206088	0.07433575461567504
0.05474619665948815	-0.04716390565565285	0.07009340298379531	-0.06807236984502159	0.18184192983225955	-0.09366439721530592	0.0878130665927102	-0.11439279843231404	0.16247366311163644	-0.8899894874570917	0.0703927257064124	-0.09811975714847586	0.11148919467334309	-0.1986233457269864	0.9999999999999989	-0.08157402883975558	0.08556918192882555	-0.10037698593481635	0.1388385392998513	-0.26982996468281584	0.0703377382341727	-0.07970993672409497	0.0934719317628131	-0.11634109979287446	0.13785448145947238	-0.08071416068462016	0.0741773438945998	-0.10576665219279399	0.10236072490852595	-0.09712123071575371
-0.10799251999451585	0.09064878348427448	-0.06352239735860536	0.05842396171272974	-0.3098395125643188	0.28475148883649753	-0.168862269816477	0.1588961980371659	-0.10398326796948847	0.08482448115100606	-0.503248870925155	0.24786505218548116	-0.21951575993894487	0.12026263214871771	-0.08157402883975558	0.9999999999999983	-0.49762781843791776	0.20151356434050322	-0.11109615838966094	0.11398568252366717	-0.47129654649042374	0.27823589753722433	-0.2221933622027764	0.10161219232433367	-0.09125303792168196	0.24264849716342868	-0.2132318055966606	0.1968543000399989	-0.10919325027635102	0.09390787523834437
0.11214012820966666	-0.10063921939152069	0.06853321473776904	-0.06422866247744569	0.2608811393937085	-0.26756800505786776	0.19332317990113815	-0.19439103940007238	0.11673273814095139	-0.09063047965982532	0.24591046680310416	-0.4454215787192312	0.2635669268801934	-0.14051096059166582	0.08556918192882555	-0.49762781843791776	0.9999999999999966	-0.32698773119338276	0.1276519666173379	-0.12941391643743194	0.27801414153804016	-0.49128167910148945	0.2637137553072422	-0.1188057516132107	0.0997625432384555	-0.24650737512754678	0.2177328736766142	-0.23215821089942337	0.11733243032448756	-0.10469225858867742
-0.099130508163378	0.08527949782114037	-0.07190708755855263	0.06635818040501629	-0.2835740712055075	0.18199442989504078	-0.16649027704460556	0.18450535764060716	-0.12722533946281409	0.10284994391969626	-0.16346107528586407	0.2552553978447348	-0.5131843299360435	0.1525663816400538	-0.10037698593481635	0.20151356434050322	-0.32698773119338276	1.0000000000000004	-0.24932204782444092	0.16922735935249628	-0.19112562439911493	0.24780171921638658	-0.6078479410647687	0.17071818551948795	-0.13100350438020053	0.1825391320179731	-0.18874215148488488	0.23976056282983904	-0.14105986162250614	0.12106882411883317
0.05593094289764551	-0.04856476252181848	0.04648668762462886	-0.043733831954333405	0.2018658860800835	-0.11180641394445899	0.08846975348257344	-0.10382861118557597	0.08314165654953579	-0.14544397849537233	0.08959855743987845	-0.124344714050868	0.15317127446038759	-0.10180324939309134	0.1388385392998513	-0.11109615838966094	0.1276519666173379	-0.24932204782444092	0.9999999999999982	-0.5264095658842515	0.10241285523033544	-0.12248055768602628	0.17150739343701926	-0.6964326572113609	0.2932050814863171	-0.11546054155577518	0.11422306068416621	-0.16939556961544028	0.20296730710478855	-0.19934830268213505
-0.06138169640805498	0.05244103658306005	-0.0543957387589417	0.050589151164265704	-0.2787651459185617	0.11811292970561653	-0.09475515353966923	0.10915273219485028	-0.09714194233704761	0.19744624038504174	-0.09549563268737346	0.12404727175603757	-0.15263622253804926	0.11352950230507079	-0.26982996468281584	0.11398568252366717	-0.12941391643743194	0.16922735935249628	-0.5264095658842515	0.9999999999999969	-0.10869974482990938	0.12245457663691366	-0.1658897638261167	0.3149796749868913	-0.5846400691432457	0.12085301453601759	-0.1263340582770278	0.1772862204522902	-0.27945628555637725	0.24113950824266006
0.08075924632891665	-0.07017840182500719	0.051370339292408564	-0.047914599388117055	0.23841609379878645	-0.21878637327321837	0.1267556560201773	-0.1315281591453304	0.08500882776352366	-0.07398940587174108	0.20716484724502154	-0.19495497486330568	0.17569384107971361	-0.10173566012188211	0.0703377382341727	-0.47129654649042374	0.27801414153804016	-0.19112562439911493	0.10241285523033544	-0.10869974482990938	0.9999999999999997	-0.5078744369522473	0.22646599316975827	-0.09857740951578235	0.08749169479056165	-0.5646371333219956	0.27908821467653455	-0.24201098746840458	0.11181309865136578	-0.09748313035274939
-0.08919728122223168	0.07640523280550734	-0.058212808179565444	0.053899799235773496	-0.27015350643493335	0.19298441294614752	-0.14410558676150084	0.14624201514936577	-0.09710877155147396	0.08296367673771998	-0.1893414654544704	0.2239222390719462	-0.22424033122653259	0.11482117435876274	-0.07970993672409497	0.27823589753722433	-0.49128167910148945	0.24780171921638658	-0.12248055768602628	0.12245457663691366	-0.5078744369522473	0.9999999999999992	-0.4227046818261272	0.11333451556216578	-0.09987506805200039	0.29367972188015273	-0.39433163573997554	0.26431009744218725	-0.12778117319421806	0.10734384152661325
0.09065074286028318	-0.08001675565894303	0.0647029351555364	-0.06105720058172226	0.25891856246632555	-0.19329717643573727	0.1484067447740972	-0.1725974587679347	0.11116308034918436	-0.09893837927376574	0.16217550146429946	-0.23908271824513447	0.263697477553629	-0.13940242057498306	0.0934719317628131	-0.2221933622027764	0.2637137553072422	-0.6078479410647687	0.17150739343701926	-0.1658897638261167	0.22646599316975827	-0.4227046818261272	0.9999999999999987	-0.16596970196094113	0.12962562412040118	-0.24494382763229466	0.24589169782790393	-0.43444849652831585	0.16165797521437433	-0.14365953088297506
-0.05194946342909946	0.04455194898298949	-0.042436445289130036	0.03951374528330242	-0.21454121938119983	0.10192376366120254	-0.0808599658677794	0.09210047573409816	-0.07332980616053378	0.11352208275647122	-0.08373181101808169	0.11043167323536918	-0.13987876694593673	0.08746367679542723	-0.11634109979287446	0.10161219232433367	-0.1188057516132107	0.17071818551948795	-0.6964326572113609	0.3149796749868913	-0.09857740951578235	0.11333451556216578	-0.16596970196094113	0.9999999999999986	-0.49798558965861883	0.10891676213682094	-0.11629800404070977	0.16731955322388423	-0.305527040984687	0.2362764826674683
0.04610074077146066	-0.039802787796498706	0.03946163108241465	-0.03711310521355789	0.18712844227039552	-0.09318909028705324	0.07153448661994195	-0.08341969339134542	0.07023790072908065	-0.14230127035641904	0.0741830962666942	-0.09618220369294819	0.11203011578293108	-0.08450050403643108	0.13785448145947238	-0.09125303792168196	0.0997625432384555	-0.13100350438020053	0.2932050814863171	-0.5846400691432457	0.08749169479056165	-0.09987506805200039	0.12962562412040118	-0.49798558965861883	0.9999999999999991	-0.10273821407241984	0.10664799663734698	-0.1686053475982492	0.2799839889007779	-0.4826383385556139
-0.08081460620769353	0.06843165431159112	-0.055075544563069075	0.050860971889374294	-0.3160643647143626	0.1781053905594543	-0.12383837543535672	0.12854007908408427	-0.08877287512313452	0.08326191601787292	-0.17838183558691184	0.17483249061881714	-0.18289919260551424	0.10439791567398439	-0.08071416068462016	0.24264849716342868	-0.24650737512754678	0.1825391320179731	-0.11546054155577518	0.12085301453601759	-0.5646371333219956	0.29367972188015273	-0.24494382763229466	0.10891676213682094	-0.10273821407241984	0.9999999999999993	-0.6021953768859444	0.2742084974448772	-0.13986085286366942	0.11162823304618799
0.0707027608628975	-0.06120774341156458	0.048580191219969544	-0.045324257587437446	0.24262626875292947	-0.16392858078938966	0.11062950259896794	-0.11915399978177138	0.08021443939323651	-0.07781475020486542	0.14443007292803234	-0.16579746249598892	0.16529561692629002	-0.09642586752150827	0.0741773438945998	-0.2132318055966606	0.2177328736766142	-0.18874215148488488	0.11422306068416621	-0.1263340582770278	0.27908821467653455	-0.39433163573997554	0.24589169782790393	-0.11629800404070977	0.10664799663734698	-0.6021953768859444	0.9999999999999986	-0.553358643615821	0.15987030988495043	-0.13596601253061857
-0.08693381668283315	0.07390881911817357	-0.06381666974477501	0.0590090331227223	-0.37550875594971667	0.17687479963836675	-0.1339438386234152	0.14513012561833846	-0.10376234993991008	0.10772752003663486	-0.1579895462852604	0.18721349815080612	-0.2210067206615555	0.12275708865253679	-0.10576665219279399	0.1968543000399989	-0.23215821089942337	0.23976056282983904	-0.16939556961544028	0.1772862204522902	-0.24201098746840458	0.26431009744218725	-0.43444849652831585	0.16731955322388423	-0.1686053475982492	0.2742084974448772	-0.553358643615821	0.9999999999999992	-0.34972809351175543	0.2060735835471153
0.050535031024553624	-0.0436809766437365	0.04023848929487598	-0.03775558973269568	0.20293959522811045	-0.10641929813637965	0.07820429803222342	-0.08954069446244085	0.0688979265278654	-0.10868792217150362	0.08624350185199511	-0.10803073293501385	0.12133684769251345	-0.08324764932206088	0.10236072490852595	-0.10919325027635102	0.11733243032448756	-0.14105986162250614	0.20296730710478855	-0.27945628555637725	0.11181309865136578	-0.12778117319421806	0.16165797521437433	-0.305527040984687	0.2799839889007779	-0.13986085286366942	0.15987030988495043	-0.34972809351175543	0.9999999999999988	-0.7544121032279808
-0.04603315871468398	0.03938799149320882	-0.03712093861715763	0.03456627015166369	-0.20938478748969652	0.09300755685544262	-0.07054832173296854	0.07965482359615114	-0.06252653996881781	0.09561597542523656	-0.07692061561066232	0.09523159735652659	-0.11138304821066307	0.07433575461567504	-0.09712123071575371	0.09390787523834437	-0.10469225858867742	0.12106882411883317	-0.19934830268213505	0.24113950824266006	-0.09748313035274939	0.10734384152661325	-0.14365953088297506	0.2362764826674683	-0.4826383385556139	0.11162823304618799	-0.13596601253061857	0.2060735835471153	-0.7544121032279808	0.9999999999999989
