1.0	-0.683532139893722	0.2783915075591262	-0.10502470315770379	0.08922813100535917	-0.1829976758668665	0.293514554590727	-0.37571032346041483	0.12687050543302808	-0.1098620247478495	0.1533328318675737	-0.36997082599736775	0.17276818006771202	-0.14601037730341349	0.13549550145982872	-0.10227191484977685	0.12509372936409283	-0.1509646195400276	0.12920854171853194	-0.11776322162040254	0.08621309380620948	-0.13309505589017404	0.1687562806126628	-0.1418436034463403	0.1007371689936366	-0.11601060998946139	0.09538595934981903	-0.09588214406415153	0.07497942009404207	-0.102414922424442	0.053069052857178146	-0.0575567424625138	0.06881421390374881	-0.07106092383632169	0.06837536122364736	-0.05367478965232105	0.04920429781360661	-0.06685870839115073	0.07397400454971684	-0.062111169527656156	0.0467826006967096	-0.0374456177855483	0.06374167479917212	-0.053456844701119284	0.09942223579331878
-0.683532139893722	1.0	-0.42305778135194744	0.08681203839730679	-0.07601328068640809	0.12150026103842176	-0.4638227035277861	0.27956635198603474	-0.09605428406964647	0.0807520804065623	-0.12090544606521973	0.27093615347174754	-0.1316123002424872	0.10392774715674324	-0.10067554549590037	0.06803220947606467	-0.08908500211745392	0.10482055277632168	-0.0919900599958772	0.07950633402322665	-0.058644196194717994	0.09011688541351325	-0.11765225924103519	0.09516262538087761	-0.06957909825241225	0.07498378955767065	-0.0633902108282121	0.062356227902765536	-0.04917897017100676	0.06631397084444672	-0.0347099147779843	0.03745241495267894	-0.04503007642702323	0.04632276970217955	-0.044865592444401824	0.034829457736653406	-0.03210094834984893	0.04345658228132721	-0.04856465493060308	0.04056823365099195	-0.03068428541604479	0.024495950007376033	-0.0418296337330844	0.03496460625771426	-0.06535754630494629
0.2783915075591262	-0.42305778135194744	1.0	-0.16774196353732318	0.12605307014715209	-0.08720373447052845	0.21305708493927578	-0.7913000049446428	0.12366832062654964	-0.1109273466788332	0.086450497414696	-0.2152230678324836	0.15807739351782962	-0.13120050139954734	0.1261781401047564	-0.06978650508535977	0.08861290956980702	-0.12240880846662192	0.10576049557390674	-0.09580376754875995	0.05997060086805822	-0.0920819615166454	0.12772040938338225	-0.1109199681434483	0.08192919870345851	-0.08030301089227071	0.06745881479129151	-0.06806991481496018	0.054411922522943856	-0.07384168718570504	0.03746642872469263	-0.04053275858217498	0.049145091943642735	-0.05088815059688287	0.0491890959289144	-0.03795254751966137	0.03494281644084364	-0.047502932191732454	0.05309857620677574	-0.04445795449564403	0.0334563121662556	-0.02672717863630556	0.04566109775154449	-0.0382342137244137	0.07143446178929921
-0.10502470315770379	0.08681203839730679	-0.16774196353732318	1.0	-0.8664773554076187	0.03685773837114009	-0.08325715175292057	0.14020255316486835	-0.2672572143610205	0.2559994240402712	-0.03905460490811907	0.09258841040435006	-0.135404766958215	0.14898186414239753	-0.24219501160678544	0.0490354973624651	-0.06240496635855843	0.1010657102513259	-0.10001367655539486	0.11306938622714262	-0.042809059069505835	0.06462203114862301	-0.10271086987782227	0.10386976531630465	-0.09403458820723698	0.0594696188710205	-0.05099506269644698	0.05319673101860637	-0.044950633205585316	0.061174533242703596	-0.02854465601994615	0.03088429841606676	-0.0384874970522716	0.04036791757181662	-0.039020243869038754	0.029189419009841826	-0.026982825260043423	0.03693405982820526	-0.04163160411622962	0.03486828845947464	-0.025982346094830737	0.02074871801014138	-0.03559804394436705	0.029843129605380648	-0.05568690118595636
0.08922813100535917	-0.07601328068640809	0.12605307014715209	-0.8664773554076187	0.9999999999999996	-0.032714757921207996	0.07233554025675852	-0.13087113640416487	0.21121802448172755	-0.3658053056956746	0.03437421666704809	-0.08374868070503136	0.11598348742952684	-0.14109393987837232	0.20427999755670462	-0.045495602639718545	0.05681204803912712	-0.09315176510832376	0.08838424341192576	-0.1091275260926334	0.039398499289817465	-0.05964823958998496	0.0925301149990528	-0.09801375125130166	0.08419252505556661	-0.055661724629470125	0.04722111256887682	-0.0497133943555286	0.04181331327659033	-0.05740443701519637	0.026548789378538586	-0.02879335941022687	0.03576553897786381	-0.03759395613083312	0.0361497853239242	-0.027221381120279702	0.025094858116118796	-0.034423587887031655	0.03853775527293954	-0.03237144181975535	0.024066689635355916	-0.019249671358881747	0.03296268477533387	-0.027684438319039873	0.0514405129905912
-0.1829976758668665	0.12150026103842176	-0.08720373447052845	0.03685773837114009	-0.032714757921207996	0.9999999999999991	-0.17934539835016206	0.09811245249293479	-0.051191441530434395	0.042139137055777966	-0.9462521020245017	0.16233834475107606	-0.07158480788184247	0.05679557388705332	-0.055413474438512425	0.0669968723405597	-0.05984923257069896	0.06144903678135764	-0.054154052603320575	0.0458211877823185	-0.05797404207612577	0.06000510168834147	-0.0746697664597806	0.056293553319327935	-0.040908020313625025	0.05374794269681022	-0.04504109663996962	0.041510241758384664	-0.03207508554192617	0.0425252970335665	-0.024175545239638396	0.025664500720767286	-0.030227097518583657	0.03057364744645185	-0.029781533670082853	0.023441919818528976	-0.021706266633156605	0.02897244700995673	-0.0324443332137848	0.026891730444595783	-0.020652895632073925	0.016444909534224818	-0.02806142508017069	0.02331950099376595	-0.04357872176574941
0.293514554590727	-0.4638227035277861	0.21305708493927578	-0.08325715175292057	0.07233554025675852	-0.17934539835016206	0.9999999999999996	-0.24958658985913298	0.11271120098776129	-0.09306700037072646	0.15619747597190298	-0.7304448867027925	0.17870465698704024	-0.13914908912659624	0.11429894813589249	-0.09191548512803183	0.1330420954978164	-0.14303388272004353	0.11654485191585992	-0.09559685971380036	0.07730070219543833	-0.13400892901281997	0.1407514785004368	-0.11856297411941197	0.0835642290868524	-0.09509673080881695	0.08085014000526965	-0.07722588251783331	0.06018277102880523	-0.08078771332087725	0.04300786772452512	-0.04641509475947568	0.054972902705738166	-0.056222939761517106	0.054121582656218636	-0.04252566272258423	0.03916433055114953	-0.05289335286943202	0.058440371015002435	-0.048812482796972076	0.03703005795914782	-0.029608832492271572	0.05040700252823616	-0.04212918038526854	0.07801151326830438
-0.37571032346041483	0.27956635198603474	-0.7913000049446428	0.14020255316486835	-0.13087113640416487	0.09811245249293479	-0.24958658985913298	0.9999999999999986	-0.14592516423328167	0.11896775876430848	-0.1039681881216852	0.20950057481029685	-0.21141898322504019	0.14604321640272586	-0.14834431343184035	0.07592092044738626	-0.09864372139515899	0.13714366165653152	-0.12449628397096404	0.10450299597132458	-0.06664921618546535	0.09953879417682664	-0.15045849628417438	0.12174464011509409	-0.09292020850661456	0.08689510950817109	-0.07449863930930561	0.07438475627316819	-0.059922725534716774	0.0803826322040162	-0.04121671922291373	0.04439529355427359	-0.05428802658351808	0.056070575339901556	-0.05467844975354069	0.04165188945038416	-0.03854117127192715	0.052231540049764526	-0.05915924571595269	0.04929175631293405	-0.03722709003630413	0.029649526544890864	-0.050846517438243734	0.042441843285138135	-0.07997840483787465
0.12687050543302808	-0.09605428406964647	0.12366832062654964	-0.2672572143610205	0.21121802448172755	-0.051191441530434395	0.11271120098776129	-0.14592516423328167	1.0000000000000024	-0.5550386834125158	0.05441741963856255	-0.14570960834980531	0.2565663502427223	-0.5722155681225339	0.2816500858276857	-0.08388984371847122	0.10784380217114976	-0.2037130077989524	0.17295392551766042	-0.192807894513242	0.07179649407775532	-0.11353424544227197	0.16354540841220463	-0.19174965852337109	0.1437411090157562	-0.10129783988711799	0.08555181092108616	-0.09001726614347848	0.07547301654238411	-0.10373809710574541	0.04773441363843104	-0.051865538116699555	0.06405645958369544	-0.0673815253001427	0.0643106225529814	-0.04880270194566106	0.04489242295900417	-0.0616825620412952	0.06838628123255909	-0.05758092112535426	0.042743166044814394	-0.03425400400281462	0.05851608747457632	-0.04922215158322632	0.09077674871258387
-0.1098620247478495	0.0807520804065623	-0.1109273466788332	0.2559994240402712	-0.3658053056956746	0.042139137055777966	-0.09306700037072646	0.11896775876430848	-0.5550386834125158	0.9999999999999998	-0.045264463574915245	0.11048714948082242	-0.19666543215460366	0.2361615666055788	-0.5950099886742158	0.06634170242966038	-0.08464573822719754	0.14486229837333142	-0.14423019345221316	0.18761383781112287	-0.05777914484502132	0.08786679050966446	-0.1397139609769988	0.15381117711949116	-0.14754434075325545	0.08139710874346966	-0.06987926148287199	0.07373870722104317	-0.06335752515077837	0.086638197149819	-0.039124480808524674	0.042381599978118425	-0.053104435277781095	0.05596584058897908	-0.053891704353010765	0.04008585933502371	-0.03704710957484684	0.05087461166310479	-0.057188652410704685	0.047979316609418336	-0.03559319700531205	0.028453571288653372	-0.04881645121732868	0.04098303395101814	-0.07613399353234321
0.1533328318675737	-0.12090544606521973	0.086450497414696	-0.03905460490811907	0.03437421666704809	-0.9462521020245017	0.15619747597190298	-0.1039681881216852	0.05441741963856255	-0.045264463574915245	0.9999999999999996	-0.19137662076237305	0.0768080542356624	-0.06204371786095821	0.058715047961743524	-0.07678053393983612	0.06528837579598488	-0.0673926303237316	0.058287850628525775	-0.04990866932965147	0.06178507931146031	-0.06660592053332563	0.07938339434861112	-0.06151058125404558	0.04414796580301518	-0.05931865170984013	0.048888594476103414	-0.04542273011436569	0.03494691592379543	-0.04657624475915245	0.02631469983919576	-0.028031948262888583	0.03284725065746227	-0.03327047059658786	0.032256326312989914	-0.025566190602449048	0.023602648969994228	-0.03156539147393725	0.03508635609761451	-0.02915797529132781	0.02234728206682234	-0.017824975684177586	0.03035218255116101	-0.025268168811400343	0.04699965335092507
-0.36997082599736775	0.27093615347174754	-0.2152230678324836	0.09258841040435006	-0.08374868070503136	0.16233834475107606	-0.7304448867027925	0.20950057481029685	-0.14570960834980531	0.11048714948082242	-0.19137662076237305	1.0000000000000018	-0.2835471087503696	0.1676013730372533	-0.14313534326118565	0.10860976814419333	-0.1960690806495714	0.17490771549109296	-0.15009647712976695	0.11124590800511562	-0.09540214597335238	0.15948244308834278	-0.17824555889818777	0.13909138961930345	-0.10082786678950544	0.10969378532979954	-0.09721276518234012	0.08982512066998856	-0.070490078428738	0.09308779677178701	-0.05052267123558785	0.05414404503955827	-0.06452322708332123	0.06560271087088539	-0.06367530147444997	0.04946812344759324	-0.04585007883779762	0.06160662660862931	-0.0688704428043514	0.0571784209440531	-0.0436203328099212	0.03476868222251454	-0.05939923008775293	0.04944648094078111	-0.09214006737973834
0.17276818006771202	-0.1316123002424872	0.15807739351782962	-0.135404766958215	0.11598348742952684	-0.07158480788184247	0.17870465698704024	-0.21141898322504019	0.2565663502427223	-0.19666543215460366	0.0768080542356624	-0.2835471087503696	1.0000000000000007	-0.6097115670152614	0.2015036836139933	-0.10911224051478016	0.1659684034799413	-0.4842102497676219	0.2512726870205385	-0.1693701985751126	0.09230854203793266	-0.1652344079965683	0.19721290743299127	-0.22405405500200581	0.14470418656741313	-0.11960620908341116	0.10313349385861537	-0.10282299396518718	0.0844699813482481	-0.11324253409508822	0.055231073878305455	-0.05979050325571922	0.072604098229016	-0.07541452158045991	0.07204057176271467	-0.055271541042844465	0.05096760610980718	-0.06951893978212846	0.07681262792096843	-0.06436610000821526	0.04823728932250108	-0.03862403816199768	0.06590577992556343	-0.05525052176377388	0.10166205726279345
-0.14601037730341349	0.10392774715674324	-0.13120050139954734	0.14898186414239753	-0.14109393987837232	0.05679557388705332	-0.13914908912659624	0.14604321640272586	-0.5722155681225339	0.2361615666055788	-0.06204371786095821	0.1676013730372533	-0.6097115670152614	1.0000000000000009	-0.2658585059474429	0.08431508207220943	-0.12289173696886264	0.24034395521757626	-0.23805332705704565	0.15658065089587314	-0.07374596145578748	0.11944520919660534	-0.17346367018983377	0.181451035325635	-0.14078493318008822	0.09671888732120902	-0.08454318730354882	0.08528967343600856	-0.07175196693170253	0.0958180001969037	-0.04587750279016075	0.04951321219808896	-0.061168062503777924	0.06373614796273498	-0.06145580219568532	0.046222753818461214	-0.042799685269522054	0.05838595684804375	-0.06548616965642995	0.05471819809311718	-0.04095193417017984	0.03270730568026956	-0.05605637589444083	0.04692086171117071	-0.08710117174246164
0.13549550145982872	-0.10067554549590037	0.1261781401047564	-0.24219501160678544	0.20427999755670462	-0.055413474438512425	0.11429894813589249	-0.14834431343184035	0.2816500858276857	-0.5950099886742158	0.058715047961743524	-0.14313534326118565	0.2015036836139933	-0.2658585059474429	1.000000000000001	-0.1009510302302729	0.11962628571430885	-0.2015895677740003	0.18930072498656006	-0.4322406668563802	0.08668038874412155	-0.129362180850903	0.2048843777018436	-0.2590844581691239	0.23452226631011672	-0.1291707866232466	0.10840630265818867	-0.11847329724564197	0.10207629409092513	-0.1436127500802084	0.06173916093510862	-0.06725251367034162	0.08435673521049904	-0.08975402279896416	0.08538052267008077	-0.06392560903037997	0.05876460694230067	-0.08128363783082268	0.09021961564134423	-0.07624595438105684	0.056085938706642816	-0.044992191114973094	0.07695200082541098	-0.06491004094456855	0.11949801781159458
-0.10227191484977685	0.06803220947606467	-0.06978650508535977	0.0490354973624651	-0.045495602639718545	0.0669968723405597	-0.09191548512803183	0.07592092044738626	-0.08388984371847122	0.06634170242966038	-0.07678053393983612	0.10860976814419333	-0.10911224051478016	0.08431508207220943	-0.1009510302302729	1.0000000000000009	-0.29997339296757763	0.13125892181056717	-0.1199396217735987	0.08546590427046448	-0.8319056165514818	0.22262589261895532	-0.2030033449344894	0.11438308104326268	-0.08562373011677225	0.24448909599448426	-0.2070560355618144	0.13686554822402988	-0.09903956511085714	0.11778584037602814	-0.0981191702340493	0.0955680289671232	-0.10291242533878579	0.09544571318359965	-0.0952796102669903	0.07924290309558285	-0.07554267480655243	0.093781365315515	-0.10591603614920256	0.08417957408012976	-0.069729623806467	0.05481738321842946	-0.09332975778701072	0.07521898333298915	-0.13903839031683268
0.12509372936409283	-0.08908500211745392	0.08861290956980702	-0.06240496635855843	0.05681204803912712	-0.05984923257069896	0.1330420954978164	-0.09864372139515899	0.10784380217114976	-0.08464573822719754	0.06528837579598488	-0.1960690806495714	0.1659684034799413	-0.12289173696886264	0.11962628571430885	-0.29997339296757763	1.0000000000000027	-0.30426147096791945	0.1822710236926308	-0.10637139324907209	0.20610654689063024	-0.7925137312978472	0.22136954169099612	-0.1562446239565735	0.10371264702445333	-0.18866687207045404	0.17812432068046175	-0.13429202065117088	0.09335542195380736	-0.1179636907081073	0.0759888911603305	-0.08166811694168552	0.08825015189936562	-0.08522227556720556	0.08093418969105097	-0.06755231579063276	0.06269617096309117	-0.08240933576274512	0.08725484427079157	-0.07171215278065332	0.056450846511767266	-0.045211133557113745	0.0761401556985242	-0.06291685887621043	0.11263985145436459
-0.1509646195400276	0.10482055277632168	-0.12240880846662192	0.1010657102513259	-0.09315176510832376	0.06144903678135764	-0.14303388272004353	0.13714366165653152	-0.2037130077989524	0.14486229837333142	-0.0673926303237316	0.17490771549109296	-0.4842102497676219	0.24034395521757626	-0.2015895677740003	0.13125892181056717	-0.30426147096791945	1.0000000000000018	-0.6172544617714758	0.16677277347266778	-0.11531876823746774	0.21568409246667888	-0.27137146780819643	0.2658509715379708	-0.17459734251529888	0.1336698313916487	-0.12273194853364226	0.11493045355763204	-0.09563450551673534	0.12290656801817704	-0.06221798226380538	0.06678360254677562	-0.08120666527712124	0.08332423778004508	-0.08024105096370751	0.060855569861951966	-0.05660546614966534	0.07661339392123946	-0.08540136609131613	0.07092205204258507	-0.053619423250627705	0.042798464089395624	-0.07327002611579467	0.06108017061629882	-0.11258258300203866
0.12920854171853194	-0.0919900599958772	0.10576049557390674	-0.10001367655539486	0.08838424341192576	-0.054154052603320575	0.11654485191585992	-0.12449628397096404	0.17295392551766042	-0.14423019345221316	0.058287850628525775	-0.15009647712976695	0.2512726870205385	-0.23805332705704565	0.18930072498656006	-0.1199396217735987	0.1822710236926308	-0.6172544617714758	1.0000000000000002	-0.2219362449162962	0.10126580756718401	-0.18987752238966918	0.23775280561815573	-0.5630302118913462	0.21397650219577175	-0.1334696510744065	0.11770277138979242	-0.12120617494227728	0.10837445047869161	-0.13936855611127003	0.062464529452733286	-0.06766827869881469	0.08424046958234378	-0.0891294549687455	0.08391829263649073	-0.06250125145815003	0.05789489201653928	-0.07960480468837079	0.08798815092379346	-0.07373365835843913	0.05469087434588071	-0.04382814362578144	0.0750270038606884	-0.06298053695295905	0.1148195241273035
-0.11776322162040254	0.07950633402322665	-0.09580376754875995	0.11306938622714262	-0.1091275260926334	0.0458211877823185	-0.09559685971380036	0.10450299597132458	-0.192807894513242	0.18761383781112287	-0.04990866932965147	0.11124590800511562	-0.1693701985751126	0.15658065089587314	-0.4322406668563802	0.08546590427046448	-0.10637139324907209	0.16677277347266778	-0.2219362449162962	0.999999999999999	-0.07662221483706642	0.11090919679304537	-0.22139016545680767	0.27383312041511865	-0.7323980342071694	0.11101040390161948	-0.10153280759567354	0.11056022055795046	-0.11150512761283275	0.14943782704499423	-0.05699596284197066	0.061307764400611406	-0.08189674411075333	0.08777282855387665	-0.08646569929583922	0.05876416225409316	-0.05523017750434955	0.07622289045235851	-0.08925946531874988	0.0740842967546986	-0.054235792360163224	0.04311302728203257	-0.07510612064157299	0.06280484315286651	-0.11797932314366445
0.08621309380620948	-0.058644196194717994	0.05997060086805822	-0.042809059069505835	0.039398499289817465	-0.05797404207612577	0.07730070219543833	-0.06664921618546535	0.07179649407775532	-0.05777914484502132	0.06178507931146031	-0.09540214597335238	0.09230854203793266	-0.07374596145578748	0.08668038874412155	-0.8319056165514818	0.20610654689063024	-0.11531876823746774	0.10126580756718401	-0.07662221483706642	0.9999999999999973	-0.23488297406560246	0.17033188497716018	-0.10286301630774028	0.07559327557054855	-0.3730218802923344	0.19625168146816666	-0.13649318013807124	0.09326197074111553	-0.11371946424611792	0.09894618754295528	-0.09887675240795454	0.09636511416250658	-0.08903411953082006	0.0860930222857268	-0.07787757595403104	0.07204682774245971	-0.08925130232896457	0.09471174340372514	-0.07617177333899851	0.06313599418059744	-0.05027483290734801	0.08383626392387353	-0.0681704284784691	0.1215518545031596
-0.13309505589017404	0.09011688541351325	-0.0920819615166454	0.06462203114862301	-0.05964823958998496	0.06000510168834147	-0.13400892901281997	0.09953879417682664	-0.11353424544227197	0.08786679050966446	-0.06660592053332563	0.15948244308834278	-0.1652344079965683	0.11944520919660534	-0.129362180850903	0.22262589261895532	-0.7925137312978472	0.21568409246667888	-0.18987752238966918	0.11090919679304537	-0.23488297406560246	0.9999999999999967	-0.30672859455281365	0.15799757702030773	-0.11118867069289344	0.20007609502240972	-0.25387082342286593	0.1522781458092612	-0.10574571241121286	0.12893934001103832	-0.08687350821577092	0.09210446396006365	-0.10104717112403798	0.09561456767359702	-0.09172300809345472	0.075530850646129	-0.07099343716666724	0.09248380807244103	-0.09910291008352254	0.08075833590118203	-0.06414912336461692	0.05116808991923871	-0.08656908438237061	0.07109475268729377	-0.12791770112742085
0.1687562806126628	-0.11765225924103519	0.12772040938338225	-0.10271086987782227	0.0925301149990528	-0.0746697664597806	0.1407514785004368	-0.15045849628417438	0.16354540841220463	-0.1397139609769988	0.07938339434861112	-0.17824555889818777	0.19721290743299127	-0.17346367018983377	0.2048843777018436	-0.2030033449344894	0.22136954169099612	-0.27137146780819643	0.23775280561815573	-0.22139016545680767	0.17033188497716018	-0.30672859455281365	0.9999999999999993	-0.3663379597603537	0.20382208311946562	-0.2726230799490412	0.2182554302196988	-0.25740855158851006	0.18406691237860626	-0.256101460296893	0.12420328113911899	-0.13718047381276074	0.1665433494465201	-0.17261510795917706	0.16047260680564332	-0.1293302038592851	0.11700283091338297	-0.1635633662568094	0.17191609008541298	-0.14667636854016539	0.108654690703754	-0.0878975175005894	0.14828580050817758	-0.12574083607269357	0.22664996288769132
-0.1418436034463403	0.09516262538087761	-0.1109199681434483	0.10386976531630465	-0.09801375125130166	0.056293553319327935	-0.11856297411941197	0.12174464011509409	-0.19174965852337109	0.15381117711949116	-0.06151058125404558	0.13909138961930345	-0.22405405500200581	0.181451035325635	-0.2590844581691239	0.11438308104326268	-0.1562446239565735	0.2658509715379708	-0.5630302118913462	0.27383312041511865	-0.10286301630774028	0.15799757702030773	-0.3663379597603537	0.9999999999999999	-0.4867559658323722	0.1435873415631296	-0.13304171741810222	0.14493717453767	-0.1582407033618668	0.17767782964708528	-0.07248499268343796	0.07802873979929179	-0.10394633376733012	0.11177913157280964	-0.10706994526090287	0.0738577934520609	-0.06933191685670077	0.09591022056142283	-0.11015845518383861	0.09145236871299554	-0.06706755643021556	0.05346763948619513	-0.09280187156818469	0.07765656152559994	-0.1435169978673042
0.1007371689936366	-0.06957909825241225	0.08192919870345851	-0.09403458820723698	0.08419252505556661	-0.040908020313625025	0.0835642290868524	-0.09292020850661456	0.1437411090157562	-0.14754434075325545	0.04414796580301518	-0.10082786678950544	0.14470418656741313	-0.14078493318008822	0.23452226631011672	-0.08562373011677225	0.10371264702445333	-0.17459734251529888	0.21397650219577175	-0.7323980342071694	0.07559327557054855	-0.11118867069289344	0.20382208311946562	-0.4867559658323722	1.0000000000000016	-0.11418221506117511	0.10400945112311444	-0.12012125740381475	0.12759782151516952	-0.1961464463888397	0.058082376878314926	-0.06291601833429496	0.08508968759281058	-0.09381289255216214	0.08898276953450988	-0.060077085280417525	0.05624063918059152	-0.07882497003932742	0.08992640344757179	-0.07550317590168526	0.05422589955956121	-0.043380635798894424	0.07529495593074491	-0.06344945266631419	0.1161154188236734
-0.11601060998946139	0.07498378955767065	-0.08030301089227071	0.0594696188710205	-0.055661724629470125	0.05374794269681022	-0.09509673080881695	0.08689510950817109	-0.10129783988711799	0.08139710874346966	-0.05931865170984013	0.10969378532979954	-0.11960620908341116	0.09671888732120902	-0.1291707866232466	0.24448909599448426	-0.18866687207045404	0.1336698313916487	-0.1334696510744065	0.11101040390161948	-0.3730218802923344	0.20007609502240972	-0.2726230799490412	0.1435873415631296	-0.11418221506117511	1.0000000000000007	-0.6207945164969131	0.267586669506465	-0.18607721940949662	0.20022201469765502	-0.27374273493835927	0.2197305518791044	-0.20552200590427983	0.17529321836220688	-0.175750255012421	0.161121174187525	-0.15575132241537695	0.17790568319075925	-0.19620605616407072	0.1520837804573439	-0.13382121343239275	0.10483643864076682	-0.1758158367555135	0.13890601115363344	-0.25010910984171864
0.09538595934981903	-0.0633902108282121	0.06745881479129151	-0.05099506269644698	0.04722111256887682	-0.04504109663996962	0.08085014000526965	-0.07449863930930561	0.08555181092108616	-0.06987926148287199	0.048888594476103414	-0.09721276518234012	0.10313349385861537	-0.08454318730354882	0.10840630265818867	-0.2070560355618144	0.17812432068046175	-0.12273194853364226	0.11770277138979242	-0.10153280759567354	0.19625168146816666	-0.25387082342286593	0.2182554302196988	-0.13304171741810222	0.10400945112311444	-0.6207945164969131	1.0000000000000004	-0.5123141205458657	0.2120317227909871	-0.2425430352496359	0.19918216788016493	-0.24963644311920655	0.20894511364057655	-0.17991001201247098	0.15740355281964727	-0.15147883208839752	0.1410762859233791	-0.18486266293596765	0.16573797249165062	-0.13458251178250644	0.1110238848522433	-0.09070331720960656	0.1478736742216463	-0.12128274879266843	0.19630824026112303
-0.09588214406415153	0.062356227902765536	-0.06806991481496018	0.05319673101860637	-0.0497133943555286	0.041510241758384664	-0.07722588251783331	0.07438475627316819	-0.09001726614347848	0.07373870722104317	-0.04542273011436569	0.08982512066998856	-0.10282299396518718	0.08528967343600856	-0.11847329724564197	0.13686554822402988	-0.13429202065117088	0.11493045355763204	-0.12120617494227728	0.11056022055795046	-0.13649318013807124	0.1522781458092612	-0.25740855158851006	0.14493717453767	-0.12012125740381475	0.267586669506465	-0.5123141205458657	1.000000000000001	-0.47893474556792537	0.29186028144081005	-0.16486622473695456	0.17668742162477016	-0.3927809970698021	0.25130523567429164	-0.22644937799887985	0.15434612880786552	-0.1569647390433264	0.23318229739954577	-0.22724151704081452	0.1769876397734415	-0.13848874320591004	0.1109685422783065	-0.19797752752719258	0.15772545363556856	-0.26130634472898395
0.07497942009404207	-0.04917897017100676	0.054411922522943856	-0.044950633205585316	0.04181331327659033	-0.03207508554192617	0.06018277102880523	-0.059922725534716774	0.07547301654238411	-0.06335752515077837	0.03494691592379543	-0.070490078428738	0.0844699813482481	-0.07175196693170253	0.10207629409092513	-0.09903956511085714	0.09335542195380736	-0.09563450551673534	0.10837445047869161	-0.11150512761283275	0.09326197074111553	-0.10574571241121286	0.18406691237860626	-0.1582407033618668	0.12759782151516952	-0.18607721940949662	0.2120317227909871	-0.47893474556792537	1.0000000000000002	-0.6989355689468484	0.10939125616092765	-0.1211622532323836	0.21778454073426723	-0.3620986844083825	0.21824388327783545	-0.11451322139051269	0.11090687253013219	-0.17526201184823154	0.18827098030029701	-0.16158058888504873	0.10136140152132532	-0.082782486986713	0.14705475886072858	-0.1279391889851637	0.20514905158581498
-0.102414922424442	0.06631397084444672	-0.07384168718570504	0.061174533242703596	-0.05740443701519637	0.0425252970335665	-0.08078771332087725	0.0803826322040162	-0.10373809710574541	0.086638197149819	-0.04657624475915245	0.09308779677178701	-0.11324253409508822	0.0958180001969037	-0.1436127500802084	0.11778584037602814	-0.1179636907081073	0.12290656801817704	-0.13936855611127003	0.14943782704499423	-0.11371946424611792	0.12893934001103832	-0.256101460296893	0.17767782964708528	-0.1961464463888397	0.20022201469765502	-0.2425430352496359	0.29186028144081005	-0.6989355689468484	1.0000000000000004	-0.12858796030317945	0.13585204938054557	-0.23233092351322182	0.265828029496574	-0.27867884658292436	0.1331679080810398	-0.13220271776916218	0.18787247063784215	-0.24265284327457223	0.19644507648987822	-0.13281771744627013	0.1049720348626566	-0.1911372120096316	0.15945827398624046	-0.29505621788846326
0.053069052857178146	-0.0347099147779843	0.03746642872469263	-0.02854465601994615	0.026548789378538586	-0.024175545239638396	0.04300786772452512	-0.04121671922291373	0.04773441363843104	-0.039124480808524674	0.02631469983919576	-0.05052267123558785	0.055231073878305455	-0.04587750279016075	0.06173916093510862	-0.0981191702340493	0.0759888911603305	-0.06221798226380538	0.062464529452733286	-0.05699596284197066	0.09894618754295528	-0.08687350821577092	0.12420328113911899	-0.07248499268343796	0.058082376878314926	-0.27374273493835927	0.19918216788016493	-0.16486622473695456	0.10939125616092765	-0.12858796030317945	0.9999999999999996	-0.8173586752568681	0.18297749876634378	-0.12910551967847764	0.11274175703172953	-0.3614194271029068	0.23754599156387549	-0.18327852852447937	0.1288992426673821	-0.09986065637802453	0.1211450039346744	-0.10320358096458322	0.1301163299753662	-0.10255808176812344	0.13955225016991094
-0.0575567424625138	0.03745241495267894	-0.04053275858217498	0.03088429841606676	-0.02879335941022687	0.025664500720767286	-0.04641509475947568	0.04439529355427359	-0.051865538116699555	0.042381599978118425	-0.028031948262888583	0.05414404503955827	-0.05979050325571922	0.04951321219808896	-0.06725251367034162	0.0955680289671232	-0.08166811694168552	0.06678360254677562	-0.06766827869881469	0.061307764400611406	-0.09887675240795454	0.09210446396006365	-0.13718047381276074	0.07802873979929179	-0.06291601833429496	0.2197305518791044	-0.24963644311920655	0.17668742162477016	-0.1211622532323836	0.13585204938054557	-0.8173586752568681	0.9999999999999962	-0.24383916553750354	0.14274644743272652	-0.12926379707053565	0.2551827513387613	-0.2938176605990988	0.19488891966910007	-0.14742265676283933	0.11112043617408081	-0.13683087758471654	0.11241797504216951	-0.14841502379317248	0.11346977292361576	-0.15918824074997134
0.06881421390374881	-0.04503007642702323	0.049145091943642735	-0.0384874970522716	0.03576553897786381	-0.030227097518583657	0.054972902705738166	-0.05428802658351808	0.06405645958369544	-0.053104435277781095	0.03284725065746227	-0.06452322708332123	0.072604098229016	-0.061168062503777924	0.08435673521049904	-0.10291242533878579	0.08825015189936562	-0.08120666527712124	0.08424046958234378	-0.08189674411075333	0.09636511416250658	-0.10104717112403798	0.1665433494465201	-0.10394633376733012	0.08508968759281058	-0.20552200590427983	0.20894511364057655	-0.3927809970698021	0.21778454073426723	-0.23233092351322182	0.18297749876634378	-0.24383916553750354	0.9999999999999977	-0.40708741535061316	0.22705444732549981	-0.2197435569419018	0.21513945878069304	-0.6387962497211571	0.22794845878389064	-0.18731057100727047	0.14641176497795994	-0.13026987750553556	0.22079820143250886	-0.18422135861561797	0.21718483506376696
-0.07106092383632169	0.04632276970217955	-0.05088815059688287	0.04036791757181662	-0.03759395613083312	0.03057364744645185	-0.056222939761517106	0.056070575339901556	-0.0673815253001427	0.05596584058897908	-0.03327047059658786	0.06560271087088539	-0.07541452158045991	0.06373614796273498	-0.08975402279896416	0.09544571318359965	-0.08522227556720556	0.08332423778004508	-0.0891294549687455	0.08777282855387665	-0.08903411953082006	0.09561456767359702	-0.17261510795917706	0.11177913157280964	-0.09381289255216214	0.17529321836220688	-0.17991001201247098	0.25130523567429164	-0.3620986844083825	0.265828029496574	-0.12910551967847764	0.14274644743272652	-0.40708741535061316	0.9999999999999948	-0.5990413025255689	0.1469956292664823	-0.14668757000847374	0.24502186988108368	-0.3666329396570708	0.27781985999887976	-0.1369737032636153	0.11369883822493748	-0.21540213665951263	0.1991694936028376	-0.29252134641484207
0.06837536122364736	-0.044865592444401824	0.0491890959289144	-0.039020243869038754	0.0361497853239242	-0.029781533670082853	0.054121582656218636	-0.05467844975354069	0.0643106225529814	-0.053891704353010765	0.032256326312989914	-0.06367530147444997	0.07204057176271467	-0.06145580219568532	0.08538052267008077	-0.0952796102669903	0.08093418969105097	-0.08024105096370751	0.08391829263649073	-0.08646569929583922	0.0860930222857268	-0.09172300809345472	0.16047260680564332	-0.10706994526090287	0.08898276953450988	-0.175750255012421	0.15740355281964727	-0.22644937799887985	0.21824388327783545	-0.27867884658292436	0.11274175703172953	-0.12926379707053565	0.22705444732549981	-0.5990413025255689	0.9999999999999954	-0.13809215705329564	0.12671553208041228	-0.21793309760611887	0.26819881162709874	-0.5768637105361232	0.11598833676874487	-0.09966148423600736	0.17688750642639567	-0.1838023455025417	0.2864564094743899
-0.05367478965232105	0.034829457736653406	-0.03795254751966137	0.029189419009841826	-0.027221381120279702	0.023441919818528976	-0.04252566272258423	0.04165188945038416	-0.04880270194566106	0.04008585933502371	-0.025566190602449048	0.04946812344759324	-0.055271541042844465	0.046222753818461214	-0.06392560903037997	0.07924290309558285	-0.06755231579063276	0.060855569861951966	-0.06250125145815003	0.05876416225409316	-0.07787757595403104	0.075530850646129	-0.1293302038592851	0.0738577934520609	-0.060077085280417525	0.161121174187525	-0.15147883208839752	0.15434612880786552	-0.11451322139051269	0.1331679080810398	-0.3614194271029068	0.2551827513387613	-0.2197435569419018	0.1469956292664823	-0.13809215705329564	0.9999999999999946	-0.766981996130023	0.2464627136016663	-0.17629743227155356	0.12387227425506424	-0.25734982826602865	0.1978366830606214	-0.20332309836319357	0.1442271236198968	-0.17456377591049504
0.04920429781360661	-0.03210094834984893	0.03494281644084364	-0.026982825260043423	0.025094858116118796	-0.021706266633156605	0.03916433055114953	-0.03854117127192715	0.04489242295900417	-0.03704710957484684	0.023602648969994228	-0.04585007883779762	0.05096760610980718	-0.042799685269522054	0.05876460694230067	-0.07554267480655243	0.06269617096309117	-0.05660546614966534	0.05789489201653928	-0.05523017750434955	0.07204682774245971	-0.07099343716666724	0.11700283091338297	-0.06933191685670077	0.05624063918059152	-0.15575132241537695	0.1410762859233791	-0.1569647390433264	0.11090687253013219	-0.13220271776916218	0.23754599156387549	-0.2938176605990988	0.21513945878069304	-0.14668757000847374	0.12671553208041228	-0.766981996130023	0.999999999999995	-0.37625474468848685	0.15875173833128683	-0.11648717742993954	0.21242743419521753	-0.24457447600365484	0.1913827066890461	-0.1428777108431259	0.1534393318696179
-0.06685870839115073	0.04345658228132721	-0.047502932191732454	0.03693405982820526	-0.034423587887031655	0.02897244700995673	-0.05289335286943202	0.052231540049764526	-0.0616825620412952	0.05087461166310479	-0.03156539147393725	0.06160662660862931	-0.06951893978212846	0.05838595684804375	-0.08128363783082268	0.093781365315515	-0.08240933576274512	0.07661339392123946	-0.07960480468837079	0.07622289045235851	-0.08925130232896457	0.09248380807244103	-0.1635633662568094	0.09591022056142283	-0.07882497003932742	0.17790568319075925	-0.18486266293596765	0.23318229739954577	-0.17526201184823154	0.18787247063784215	-0.18327852852447937	0.19488891966910007	-0.6387962497211571	0.24502186988108368	-0.21793309760611887	0.2464627136016663	-0.37625474468848685	0.9999999999999959	-0.28395906017608363	0.1831663529377178	-0.20176638944906414	0.1751863701733609	-0.3729396379327419	0.22117243326731154	-0.2389076771638129
0.07397400454971684	-0.04856465493060308	0.05309857620677574	-0.04163160411622962	0.03853775527293954	-0.0324443332137848	0.058440371015002435	-0.05915924571595269	0.06838628123255909	-0.057188652410704685	0.03508635609761451	-0.0688704428043514	0.07681262792096843	-0.06548616965642995	0.09021961564134423	-0.10591603614920256	0.08725484427079157	-0.08540136609131613	0.08798815092379346	-0.08925946531874988	0.09471174340372514	-0.09910291008352254	0.17191609008541298	-0.11015845518383861	0.08992640344757179	-0.19620605616407072	0.16573797249165062	-0.22724151704081452	0.18827098030029701	-0.24265284327457223	0.1288992426673821	-0.14742265676283933	0.22794845878389064	-0.3666329396570708	0.26819881162709874	-0.17629743227155356	0.15875173833128683	-0.28395906017608363	0.9999999999999949	-0.4273583124607235	0.1609591137105283	-0.1529149574884363	0.28871753239669035	-0.5754194684813017	0.2971703462508665
-0.062111169527656156	0.04056823365099195	-0.04445795449564403	0.03486828845947464	-0.03237144181975535	0.026891730444595783	-0.048812482796972076	0.04929175631293405	-0.05758092112535426	0.047979316609418336	-0.02915797529132781	0.0571784209440531	-0.06436610000821526	0.05471819809311718	-0.07624595438105684	0.08417957408012976	-0.07171215278065332	0.07092205204258507	-0.07373365835843913	0.0740842967546986	-0.07617177333899851	0.08075833590118203	-0.14667636854016539	0.09145236871299554	-0.07550317590168526	0.1520837804573439	-0.13458251178250644	0.1769876397734415	-0.16158058888504873	0.19644507648987822	-0.09986065637802453	0.11112043617408081	-0.18731057100727047	0.27781985999887976	-0.5768637105361232	0.12387227425506424	-0.11648717742993954	0.1831663529377178	-0.4273583124607235	0.9999999999999953	-0.12372258104752575	0.10444000462698541	-0.20376937875456408	0.22034059003580353	-0.5731943311687318
0.0467826006967096	-0.03068428541604479	0.0334563121662556	-0.025982346094830737	0.024066689635355916	-0.020652895632073925	0.03703005795914782	-0.03722709003630413	0.042743166044814394	-0.03559319700531205	0.02234728206682234	-0.0436203328099212	0.04823728932250108	-0.04095193417017984	0.056085938706642816	-0.069729623806467	0.056450846511767266	-0.053619423250627705	0.05469087434588071	-0.054235792360163224	0.06313599418059744	-0.06414912336461692	0.108654690703754	-0.06706755643021556	0.05422589955956121	-0.13382121343239275	0.1110238848522433	-0.13848874320591004	0.10136140152132532	-0.13281771744627013	0.1211450039346744	-0.13683087758471654	0.14641176497795994	-0.1369737032636153	0.11598833676874487	-0.25734982826602865	0.21242743419521753	-0.20176638944906414	0.1609591137105283	-0.12372258104752575	0.9999999999999953	-0.8456714414884149	0.2512662878847627	-0.21181842137932633	0.1485308765423049
-0.0374456177855483	0.024495950007376033	-0.02672717863630556	0.02074871801014138	-0.019249671358881747	0.016444909534224818	-0.029608832492271572	0.029649526544890864	-0.03425400400281462	0.028453571288653372	-0.017824975684177586	0.03476868222251454	-0.03862403816199768	0.03270730568026956	-0.044992191114973094	0.05481738321842946	-0.045211133557113745	0.042798464089395624	-0.04382814362578144	0.04311302728203257	-0.05027483290734801	0.05116808991923871	-0.0878975175005894	0.05346763948619513	-0.043380635798894424	0.10483643864076682	-0.09070331720960656	0.1109685422783065	-0.082782486986713	0.1049720348626566	-0.10320358096458322	0.11241797504216951	-0.13026987750553556	0.11369883822493748	-0.09966148423600736	0.1978366830606214	-0.24457447600365484	0.1751863701733609	-0.1529149574884363	0.10444000462698541	-0.8456714414884149	0.9999999999999954	-0.3609001778348669	0.18641191300120172	-0.13181294896780282
0.06374167479917212	-0.0418296337330844	0.04566109775154449	-0.03559804394436705	0.03296268477533387	-0.02806142508017069	0.05040700252823616	-0.050846517438243734	0.05851608747457632	-0.04881645121732868	0.03035218255116101	-0.05939923008775293	0.06590577992556343	-0.05605637589444083	0.07695200082541098	-0.09332975778701072	0.0761401556985242	-0.07327002611579467	0.0750270038606884	-0.07510612064157299	0.08383626392387353	-0.08656908438237061	0.14828580050817758	-0.09280187156818469	0.07529495593074491	-0.1758158367555135	0.1478736742216463	-0.19797752752719258	0.14705475886072858	-0.1911372120096316	0.1301163299753662	-0.14841502379317248	0.22079820143250886	-0.21540213665951263	0.17688750642639567	-0.20332309836319357	0.1913827066890461	-0.3729396379327419	0.28871753239669035	-0.20376937875456408	0.2512662878847627	-0.3609001778348669	0.9999999999999958	-0.6405131909407066	0.2296617756359785
