1.0000000000000002	-0.26214311894072917	0.21893330132099123	-0.16162032265157697	0.14152267949558084	-0.5020504973566225	0.23863491646447296	-0.265984087142563	0.15040424298360433	-0.16030406130819239	0.29499915430528983	-0.36798007292366225	0.22893709371892637	-0.18491215292130153	0.168253057317964	-0.2792077340500886	0.2093160464868915	-0.23299062809758586	0.19085569655148596	-0.1601987729419767	0.1278778377274445	-0.12669098015956065	0.13944119908147057	-0.17868560293373534	0.15632305838553903	-0.09385242266856755	0.11607101177110128	-0.12379102656817996	0.15147710643639692	-0.1345785415614608	0.10358278464258125	-0.1313386663296355	0.14791551496275077	-0.20892270030418383	0.11021223815198157	-0.11544263165491574	0.0978816852541423	-0.10316518109373908	0.11273519739459213	-0.13754918704449137	0.08728313503036605	-0.07777123169782973	0.1151344394124955	-0.14806588444737584	0.17527452376050384
-0.26214311894072917	1.0	-0.46155835972785036	0.17164573609867717	-0.13999297292476182	0.15580449194875826	-0.7722329675544636	0.22803133452212387	-0.12414527744240197	0.12802509159274397	-0.14948926365152396	0.1987353004512515	-0.14298884252313776	0.10177925835671246	-0.09780462540016586	0.11700537351961532	-0.10698925001349234	0.11807052941946423	-0.10342594779980054	0.08067388348277152	-0.05726182224203682	0.05757401886599048	-0.0646079836042294	0.08266100122961076	-0.07987149035099395	0.04102249355175482	-0.05268673171079007	0.05502651661212314	-0.07028610324001461	0.058164763012809574	-0.045180024942588395	0.05542215977023262	-0.06444327348652354	0.08779781171561102	-0.04839977176242744	0.048191753892126925	-0.04156780714257194	0.043725239475617114	-0.0478601365856361	0.056719552069018665	-0.03702240799195881	0.0327908919316716	-0.04883945980782762	0.06006351004168159	-0.07195570538621285
0.21893330132099123	-0.46155835972785036	1.0	-0.47880200699027997	0.26345126390293266	-0.14279617569005784	0.28063629687442704	-0.4933965900983114	0.22554860016071646	-0.2584542232391743	0.13988245943291527	-0.21472388039943785	0.18156584672089482	-0.15787617395619427	0.1486242812264023	-0.1432953791789826	0.12362665900675275	-0.16209890635689428	0.14453678351740643	-0.11880089272079654	0.07544690641085472	-0.07604458992177214	0.08650839565270366	-0.11847540805327474	0.11400430697630784	-0.0545761978467822	0.0698143583811986	-0.07452114297656648	0.09934566961681103	-0.08362864209187848	0.060436605846084235	-0.0748921429861952	0.08761048587847146	-0.12641392868219797	0.06901166479924424	-0.06551548501149	0.05642366793293136	-0.05974007092333917	0.06789436621275366	-0.08111018545802522	0.050287339969064176	-0.04462449164444915	0.0665862527536374	-0.08280510032761705	0.09826792397572384
-0.16162032265157697	0.17164573609867717	-0.47880200699027997	0.9999999999999999	-0.7369579502157411	0.09110357759636516	-0.18464644751670276	0.24800946218815312	-0.24752656631018466	0.25177281960731107	-0.09486352966380183	0.1297292076547864	-0.12113641087262288	0.12238676293758524	-0.12699063754518108	0.09016866591318265	-0.08094426281764416	0.1063118276960949	-0.10642832461105055	0.0878021957540562	-0.05140210089176726	0.051250033153378546	-0.05955951467127208	0.08246476304533042	-0.08561711930261255	0.036832584285566426	-0.0475691299011936	0.05057148708698877	-0.06978097669771866	0.05672799605341868	-0.04109996374299767	0.050227194010286996	-0.0602433590412976	0.08436955737353494	-0.047346179319908324	0.043994406122202484	-0.03827067071678142	0.04052366873028444	-0.04591759237961248	0.05396564212819615	-0.03418437136472313	0.030217742332868967	-0.045430516844146465	0.05540422379332736	-0.06697426264011125
0.14152267949558084	-0.13999297292476182	0.26345126390293266	-0.7369579502157411	0.9999999999999989	-0.08347017213262141	0.14145182381200755	-0.2965176868743715	0.2510733408393155	-0.4600728591677752	0.08693003909047504	-0.12716319692215083	0.12256585136301008	-0.13711455187794697	0.1352316732900166	-0.09053453686131811	0.07979270914503762	-0.11189774484053892	0.11013869206404568	-0.09519427496320866	0.05146063108672471	-0.052021380551354746	0.06034886276753271	-0.08732477759005358	0.08832653081692299	-0.03715203035606648	0.047971798835412166	-0.051617738609123776	0.07235312931418977	-0.05997911111841241	0.04128791474269281	-0.050936102343229525	0.06055200664292399	-0.08956770118341989	0.04949240283555091	-0.0446071863897025	0.03860700562011834	-0.0410414609475277	0.04784438382655182	-0.056815904222356564	0.03441667322056946	-0.030518707296844593	0.045719711680603	-0.05646669625826296	0.06695503155895563
-0.5020504973566225	0.15580449194875826	-0.14279617569005784	0.09110357759636516	-0.08347017213262141	0.9999999999999994	-0.2116154650428007	0.1474394684990939	-0.086302509316723	0.08798877514570616	-0.7565413856201796	0.2529699321478636	-0.16109788721172186	0.10081308912348466	-0.09587502682981706	0.16666070873127267	-0.14655193210644815	0.13355035646810973	-0.11235854453431753	0.08537247359094108	-0.06982584301336578	0.06995736602928679	-0.07662145147092456	0.09150693759173721	-0.08590902089636004	0.049671308910116965	-0.0635609451032234	0.06509278046627401	-0.07834148391375376	0.06507325326259411	-0.05412172984713124	0.06619258767277646	-0.07535889338047516	0.09886889351290189	-0.05421991947389829	0.05715985478172383	-0.04908662315745847	0.051292759443336104	-0.05425792019951871	0.06438772940747699	-0.043626414393822935	0.03865620810144781	-0.05720386616205053	0.07038322126491546	-0.08410801008081734
0.23863491646447296	-0.7722329675544636	0.28063629687442704	-0.18464644751670276	0.14145182381200755	-0.2116154650428007	1.0000000000000002	-0.2998849832413129	0.14271899643919564	-0.15237740140147138	0.17820713145447703	-0.3080716905562045	0.17447922644104077	-0.12327123443306273	0.11509614050537437	-0.15016770928012305	0.13305101270110803	-0.14872835317677394	0.1238930692337427	-0.09716447514669659	0.06845299557099185	-0.06986558405030001	0.07743030111857395	-0.0997991666156328	0.09477604739560723	-0.04927318422854833	0.0632118792524821	-0.06618535334305287	0.08400531596848554	-0.07007349117928831	0.05384292111464075	-0.06640783148807844	0.0763273347230972	-0.10602858203116383	0.05802594746849251	-0.057561694764526626	0.04945395474240831	-0.05203010459495201	0.05733947233621115	-0.06825539467238179	0.043963621459089115	-0.039009816271380934	0.05786514404346381	-0.0715602488354887	0.08477577150778448
-0.265984087142563	0.22803133452212387	-0.4933965900983114	0.24800946218815312	-0.2965176868743715	0.1474394684990939	-0.2998849832413129	0.9999999999999999	-0.5065309406589442	0.28286601146574963	-0.1612285030829987	0.2219178922761292	-0.3011553943640293	0.19567718709279172	-0.19760841000152168	0.1476233204281194	-0.1399695853702226	0.19760456641132507	-0.19059980460135792	0.14061341162090232	-0.08423414202322392	0.08414768312348678	-0.09841633807336385	0.13340067317215434	-0.14062650684357192	0.059871063551564775	-0.07811824943606463	0.08224626103552239	-0.1138478205263335	0.0895875110801205	-0.06674390899742992	0.08066478934680602	-0.09763915364372996	0.13210446887730282	-0.07548235215131606	0.07042180216093566	-0.06159789532716	0.06508416311073982	-0.07270241769928112	0.08436758783167529	-0.055024588425751246	0.04852524709281647	-0.0731197163020645	0.08783787468850093	-0.10723995073281573
0.15040424298360433	-0.12414527744240197	0.22554860016071646	-0.24752656631018466	0.2510733408393155	-0.086302509316723	0.14271899643919564	-0.5065309406589442	0.999999999999999	-0.7093461479427414	0.09297777945174619	-0.13647482775098546	0.1530989494887782	-0.23948504220612557	0.19248751647334333	-0.09586404371953895	0.08758642066828581	-0.13655097955899786	0.14580295780803335	-0.1205952702751244	0.055342204829482045	-0.0568760910705628	0.06692312174260809	-0.10218576855941527	0.1086721816795366	-0.03980854649229157	0.052197498787019424	-0.056344245095589225	0.0828468219972403	-0.06647415203449106	0.04405346360784749	-0.05396654273502525	0.0648336322062654	-0.09756178825641768	0.054926494886673616	-0.04706628946766775	0.04092247277698007	-0.04361313517202524	0.05184636702729142	-0.06090796497801222	0.03642744440338365	-0.03228430293877217	0.04844661410272268	-0.059185768467339236	0.06997189235873978
-0.16030406130819239	0.12802509159274397	-0.2584542232391743	0.25177281960731107	-0.4600728591677752	0.08798877514570616	-0.15237740140147138	0.28286601146574963	-0.7093461479427414	0.999999999999998	-0.0950176652655956	0.13076165356029193	-0.14134436752841428	0.19138996195722385	-0.2349659341268549	0.09354007600515145	-0.0860591485536872	0.12433624521276213	-0.14137487620039801	0.1222786483023382	-0.05602128268712304	0.05676979826069204	-0.0673180788311728	0.1009285692607817	-0.11338458457306913	0.040108336891080856	-0.05256243176745431	0.05643469053812402	-0.08347925128797662	0.06608084517241596	-0.04465811870757845	0.05438138643952637	-0.06607870375485278	0.09643163757521032	-0.055076634975105544	0.04754411873400549	-0.041520910533360225	0.0441930686575809	-0.05193132050850644	0.06054915750894709	-0.037035967885590736	0.03274929576678817	-0.04935275151962415	0.05981210412664971	-0.07175092091069846
0.29499915430528983	-0.14948926365152396	0.13988245943291527	-0.09486352966380183	0.08693003909047504	-0.7565413856201796	0.17820713145447703	-0.1612285030829987	0.09297777945174619	-0.0950176652655956	0.9999999999999989	-0.42503645900844517	0.18725408677911834	-0.11608398900413949	0.10638880714607032	-0.23643851862793253	0.18227508166072487	-0.16539107826798535	0.1274798569611866	-0.09775635020411419	0.07927079222181159	-0.08177744187902547	0.08724661244570268	-0.10489273755943677	0.09602343983695558	-0.05684469109811783	0.07256285136507101	-0.07442092000119194	0.08812067531017051	-0.07400374269327697	0.060755958760864835	-0.0750039061051631	0.08337128809710598	-0.11276604036836198	0.061172252022235654	-0.0642789872398707	0.05478922048541525	-0.05722073169640896	0.06105001849074217	-0.07292718843671066	0.048503248266127355	-0.04312074508646372	0.06327413317120648	-0.07855727179129382	0.09192991684888782
-0.36798007292366225	0.1987353004512515	-0.21472388039943785	0.1297292076547864	-0.12716319692215083	0.2529699321478636	-0.3080716905562045	0.2219178922761292	-0.13647482775098546	0.13076165356029193	-0.42503645900844517	0.9999999999999991	-0.499916387326114	0.16819085107744713	-0.16211899562348306	0.26107026382197696	-0.36235160184033843	0.2606165262009325	-0.20944002403997594	0.13877361699641652	-0.10879682810541905	0.1160714219115479	-0.12504589734687732	0.14271882754349663	-0.14141286901361996	0.07598783415582774	-0.10252369211956364	0.10122661266047485	-0.121554125111896	0.09455634199897732	-0.0813366816230161	0.09703193686334516	-0.11110686494390146	0.14048444611713756	-0.07972132354866747	0.082367732232961	-0.07135642741610852	0.074273142451478	-0.077565283879594	0.08986838779322955	-0.06310303565220339	0.05576729182802904	-0.08230731541668962	0.09794663303871581	-0.11657689238802921
0.22893709371892637	-0.14298884252313776	0.18156584672089482	-0.12113641087262288	0.12256585136301008	-0.16109788721172186	0.17447922644104077	-0.3011553943640293	0.1530989494887782	-0.14134436752841428	0.18725408677911834	-0.499916387326114	0.9999999999999984	-0.23891361467348377	0.18487528035614356	-0.21069652194657545	0.20834219703617496	-0.6280802671320287	0.2641022343136343	-0.17390964155502758	0.09238825139786506	-0.10263078815122098	0.1153749720013006	-0.16756283052355048	0.15506060181873502	-0.06654748202890408	0.08919467338823757	-0.09536859621697527	0.12924540621199176	-0.10291269918903874	0.07092910677826446	-0.08700952210925043	0.10016520055231554	-0.15256120112423316	0.08408197504772191	-0.0742141531871618	0.06391579258003492	-0.06783197647737035	0.07927488236730933	-0.09353598375101983	0.05636247463447705	-0.05017022338680382	0.07402927499445698	-0.09042640407858507	0.10324724779606163
-0.18491215292130153	0.10177925835671246	-0.15787617395619427	0.12238676293758524	-0.13711455187794697	0.10081308912348466	-0.12327123443306273	0.19567718709279172	-0.23948504220612557	0.19138996195722385	-0.11608398900413949	0.16819085107744713	-0.23891361467348377	1.0000000000000007	-0.6927446926463185	0.12683102863695384	-0.1238728004746255	0.23115061616865562	-0.4732070541096783	0.2667839906414763	-0.07980375360279454	0.08586881082574906	-0.10632566060155824	0.19286364725988445	-0.24073895766535808	0.05735916202463124	-0.07806595308161612	0.08602626184878259	-0.14993248338862994	0.10961563195033654	-0.06286121354838518	0.07653442508511014	-0.0940126645498322	0.15371269407705634	-0.09099391849541813	0.0662884421966231	-0.05799221633656459	0.06252085299866698	-0.08041453127889392	0.09235668272924685	-0.051369750627269575	0.045624018321083364	-0.06864207031249399	0.08297455829602647	-0.09568672526027425
0.168253057317964	-0.09780462540016586	0.1486242812264023	-0.12699063754518108	0.1352316732900166	-0.09587502682981706	0.11509614050537437	-0.19760841000152168	0.19248751647334333	-0.2349659341268549	0.10638880714607032	-0.16211899562348306	0.18487528035614356	-0.6927446926463185	0.9999999999999976	-0.12689524428213564	0.11554308112962475	-0.21103614914660837	0.2850877953321663	-0.45169473934874466	0.08137335589583915	-0.08961447579584349	0.10884407352182807	-0.21868931022503607	0.24986430469191262	-0.059540764559589114	0.08038239311552721	-0.09139719225972602	0.15655817480379222	-0.1287018207424489	0.06495026593459287	-0.08075616165414039	0.09782188972510038	-0.18327535707592013	0.10192774357042259	-0.07013958613880455	0.06079805996959947	-0.06624615924206291	0.09066862335566561	-0.10785881406121026	0.053719061476029215	-0.048005040488318634	0.0718735217190295	-0.08937503165842767	0.09941957599354566
-0.2792077340500886	0.11700537351961532	-0.1432953791789826	0.09016866591318265	-0.09053453686131811	0.16666070873127267	-0.15016770928012305	0.1476233204281194	-0.09586404371953895	0.09354007600515145	-0.23643851862793253	0.26107026382197696	-0.21069652194657545	0.12683102863695384	-0.12689524428213564	0.999999999999999	-0.8118105581609514	0.19516865127828625	-0.16432948375448422	0.1115392048489601	-0.16224671854831096	0.1632416144841267	-0.15661253023376295	0.12408265671046889	-0.11876391967401749	0.10287328869544182	-0.13880148395940434	0.12044153318153776	-0.10748623935729017	0.0812795962757441	-0.10041216769345572	0.11422058053430809	-0.11590791402411553	0.12107993015789512	-0.069466778097578	0.0914067880789991	-0.0778275177835783	0.07765312483142095	-0.06879614034802527	0.0783806897159262	-0.06747088149385992	0.05964322052564618	-0.08397642146252515	0.09636476847663261	-0.10949080049644686
0.2093160464868915	-0.10698925001349234	0.12362665900675275	-0.08094426281764416	0.07979270914503762	-0.14655193210644815	0.13305101270110803	-0.1399695853702226	0.08758642066828581	-0.0860591485536872	0.18227508166072487	-0.36235160184033843	0.20834219703617496	-0.1238728004746255	0.11554308112962475	-0.8118105581609514	0.9999999999999992	-0.2444854363573802	0.1558134720555466	-0.10707496537037399	0.13182082660657246	-0.19231008850679804	0.145426992191596	-0.11903273658839986	0.10809736285259272	-0.09264399438971202	0.12917638336870407	-0.11607094319270345	0.09825909474321079	-0.07588376000178813	0.08675040394692082	-0.10418223128539962	0.10121075005003886	-0.11365814834091943	0.06373653654413038	-0.08221634022555183	0.06884200470764165	-0.0692442858110739	0.06265618335843147	-0.07235216316139984	0.05923361812871729	-0.052877905351662535	0.07332504436857712	-0.08616022299448761	0.09398212948430022
-0.23299062809758586	0.11807052941946423	-0.16209890635689428	0.1063118276960949	-0.11189774484053892	0.13355035646810973	-0.14872835317677394	0.19760456641132507	-0.13655097955899786	0.12433624521276213	-0.16539107826798535	0.2606165262009325	-0.6280802671320287	0.23115061616865562	-0.21103614914660837	0.19516865127828625	-0.2444854363573802	0.9999999999999969	-0.5335757065232996	0.19299129399785292	-0.09573101285391253	0.1073390694243195	-0.13004856925088734	0.18260439120801536	-0.1864600690758977	0.06789243282873332	-0.09411692205403875	0.09972811520944232	-0.14601393266419577	0.1035568872782562	-0.0725982289241941	0.08733662732475715	-0.10352235408715167	0.1490805865656049	-0.08686085720974132	0.07431718408433687	-0.06473942006156067	0.068731024497124	-0.07962569215140776	0.09106469722975627	-0.0570956868341916	0.05064085829276917	-0.07524860968340964	0.0895980827046467	-0.1038798303729542
0.19085569655148596	-0.10342594779980054	0.14453678351740643	-0.10642832461105055	0.11013869206404568	-0.11235854453431753	0.1238930692337427	-0.19059980460135792	0.14580295780803335	-0.14137487620039801	0.1274798569611866	-0.20944002403997594	0.2641022343136343	-0.4732070541096783	0.2850877953321663	-0.16432948375448422	0.1558134720555466	-0.5335757065232996	0.9999999999999964	-0.3801921837326694	0.09400326709928014	-0.1085552398943034	0.13300122245940432	-0.32524159085496646	0.2557942494531507	-0.06861821503962091	0.09462168632344237	-0.10804654845014774	0.19209650019473307	-0.14105911981763444	0.07355863004437532	-0.09093888468275028	0.1093228100410843	-0.20246202194978277	0.11232437500704243	-0.07809112906389105	0.06771244694757096	-0.0736540373046822	0.0990101653534801	-0.11591633205247748	0.05959884137987129	-0.05327362147979372	0.07939824019690103	-0.09759234282642235	0.1082667348469656
-0.1601987729419767	0.08067388348277152	-0.11880089272079654	0.0878021957540562	-0.09519427496320866	0.08537247359094108	-0.09716447514669659	0.14061341162090232	-0.1205952702751244	0.1222786483023382	-0.09775635020411419	0.13877361699641652	-0.17390964155502758	0.2667839906414763	-0.45169473934874466	0.1115392048489601	-0.10707496537037399	0.19299129399785292	-0.3801921837326694	0.9999999999999957	-0.07913226441032914	0.0882735594692377	-0.11502912169730314	0.2519871731727885	-0.6820727658691129	0.05722143458173776	-0.07982149898637993	0.09065021654820037	-0.18857113740323142	0.13463372949119945	-0.06245947614125902	0.07623420789280201	-0.0959078638836599	0.17242321632650157	-0.11139829794883924	0.06600709125400833	-0.05800365995414956	0.06336511913187286	-0.08917620257319456	0.1006675526378691	-0.05123559473209953	0.04562828954420804	-0.06899523185886851	0.0833705063025423	-0.0943596096132113
0.1278778377274445	-0.05726182224203682	0.07544690641085472	-0.05140210089176726	0.05146063108672471	-0.06982584301336578	0.06845299557099185	-0.08423414202322392	0.055342204829482045	-0.05602128268712304	0.07927079222181159	-0.10879682810541905	0.09238825139786506	-0.07980375360279454	0.08137335589583915	-0.16224671854831096	0.13182082660657246	-0.09573101285391253	0.09400326709928014	-0.07913226441032914	0.9999999999999968	-0.3470580370808437	0.21389475270996403	-0.11278592304910802	0.08956736625950999	-0.6831910955896825	0.24535039665887692	-0.2159000996563049	0.09758240490728605	-0.07635040559682751	0.30151601573825904	-0.37216895615736784	0.1758723721152312	-0.11948904095796464	0.06574433239655249	-0.24555841647335688	0.17385525631375423	-0.13797705104834254	0.07262680643017361	-0.08193739378932123	0.13977387820280698	-0.12823622878990687	0.1377074335838237	-0.15428523943739986	0.13399535240267532
-0.12669098015956065	0.05757401886599048	-0.07604458992177214	0.051250033153378546	-0.052021380551354746	0.06995736602928679	-0.06986558405030001	0.08414768312348678	-0.0568760910705628	0.05676979826069204	-0.08177744187902547	0.1160714219115479	-0.10263078815122098	0.08586881082574906	-0.08961447579584349	0.1632416144841267	-0.19231008850679804	0.1073390694243195	-0.1085552398943034	0.0882735594692377	-0.3470580370808437	0.9999999999999961	-0.5944639325246557	0.14420872317120528	-0.1072206471744704	0.20637282103526247	-0.5818469665355446	0.3145420991684384	-0.11869427714166773	0.07876425542756071	-0.16926886129072427	0.18937392174402662	-0.16671960203728892	0.11882854799814117	-0.06795405626976886	0.1342258718047583	-0.11214745932706169	0.11152520145752713	-0.0684009324208371	0.07575989335547786	-0.09143600426150987	0.08272164663715272	-0.10626376824537884	0.11776385204871552	-0.10755184742962683
0.13944119908147057	-0.0646079836042294	0.08650839565270366	-0.05955951467127208	0.06034886276753271	-0.07662145147092456	0.07743030111857395	-0.09841633807336385	0.06692312174260809	-0.0673180788311728	0.08724661244570268	-0.12504589734687732	0.1153749720013006	-0.10632566060155824	0.10884407352182807	-0.15661253023376295	0.145426992191596	-0.13004856925088734	0.13300122245940432	-0.11502912169730314	0.21389475270996403	-0.5944639325246557	0.9999999999999939	-0.24434850867691557	0.13780410656279204	-0.17440195452512333	0.3211367490870896	-0.5807107430130212	0.15826763561576895	-0.1051033771285844	0.15016472144319393	-0.19448498527085398	0.19768776659145415	-0.15940470633781403	0.0882849194943659	-0.1467249169031208	0.1214305771337952	-0.13806634453789	0.08707173527760267	-0.09753166709665248	0.09988219047090464	-0.09267045220559524	0.12332638377480656	-0.14572832356841767	0.12699686034780117
-0.17868560293373534	0.08266100122961076	-0.11847540805327474	0.08246476304533042	-0.08732477759005358	0.09150693759173721	-0.0997991666156328	0.13340067317215434	-0.10218576855941527	0.1009285692607817	-0.10489273755943677	0.14271882754349663	-0.16756283052355048	0.19286364725988445	-0.21868931022503607	0.12408265671046889	-0.11903273658839986	0.18260439120801536	-0.32524159085496646	0.2519871731727885	-0.11278592304910802	0.14420872317120528	-0.24434850867691557	0.9999999999999942	-0.46588926728264085	0.0820937463714107	-0.1256083647109553	0.1521467834250786	-0.6082206184568658	0.19955726130230578	-0.08707903542231385	0.10580245264292613	-0.13783110948011826	0.26485600520711594	-0.1709443367170552	0.09015138364578502	-0.07980935544814508	0.08889408629469356	-0.13373647820013018	0.1399433122009204	-0.06977336240469881	0.062437586845546095	-0.09450673650943424	0.11194804620637652	-0.12287923343233553
0.15632305838553903	-0.07987149035099395	0.11400430697630784	-0.08561711930261255	0.08832653081692299	-0.08590902089636004	0.09477604739560723	-0.14062650684357192	0.1086721816795366	-0.11338458457306913	0.09602343983695558	-0.14141286901361996	0.15506060181873502	-0.24073895766535808	0.24986430469191262	-0.11876391967401749	0.10809736285259272	-0.1864600690758977	0.2557942494531507	-0.6820727658691129	0.08956736625950999	-0.1072206471744704	0.13780410656279204	-0.46588926728264085	0.999999999999994	-0.0663023664797333	0.09335484477766973	-0.11236529212459737	0.2370654959934443	-0.20241273944268692	0.07131372074415177	-0.08905022224550155	0.11055415662661328	-0.24360255513265686	0.1469202871115662	-0.07693435691282668	0.06698861290921078	-0.0744786089292258	0.11471608725728334	-0.13434510874660394	0.0588564522508517	-0.052846231671006286	0.07940298885759137	-0.09879774606405534	0.10644684376059141
-0.09385242266856755	0.04102249355175482	-0.0545761978467822	0.036832584285566426	-0.03715203035606648	0.049671308910116965	-0.04927318422854833	0.059871063551564775	-0.03980854649229157	0.040108336891080856	-0.05684469109811783	0.07598783415582774	-0.06654748202890408	0.05735916202463124	-0.059540764559589114	0.10287328869544182	-0.09264399438971202	0.06789243282873332	-0.06861821503962091	0.05722143458173776	-0.6831910955896825	0.20637282103526247	-0.17440195452512333	0.0820937463714107	-0.0663023664797333	0.9999999999999885	-0.25857349770367083	0.16922221279094735	-0.07248218786470513	0.05480733770226578	-0.5671268429493028	0.27329357378814784	-0.14202234081738938	0.08540846416809222	-0.04773810714585191	0.1854453902964559	-0.1421352857099445	0.10605590318141989	-0.052642242024882394	0.05849412722502129	-0.11461796570838736	0.09883662576590807	-0.10758792515526834	0.1112479193474839	-0.0993730665032938
0.11607101177110128	-0.05268673171079007	0.0698143583811986	-0.0475691299011936	0.047971798835412166	-0.0635609451032234	0.0632118792524821	-0.07811824943606463	0.052197498787019424	-0.05256243176745431	0.07256285136507101	-0.10252369211956364	0.08919467338823757	-0.07806595308161612	0.08038239311552721	-0.13880148395940434	0.12917638336870407	-0.09411692205403875	0.09462168632344237	-0.07982149898637993	0.24535039665887692	-0.5818469665355446	0.3211367490870896	-0.1256083647109553	0.09335484477766973	-0.25857349770367083	0.9999999999999889	-0.6163334912846966	0.10672672984800094	-0.07642058761211815	0.18377496696493928	-0.2434749544116053	0.19316759585045426	-0.1188003185389642	0.0656428953286743	-0.15380933256128915	0.1292773292480101	-0.13570614218756702	0.06915211442520756	-0.07719372178834331	0.10262472414761897	-0.09497515509895213	0.11943521512392738	-0.1349751832121242	0.1144720237741721
-0.12379102656817996	0.05502651661212314	-0.07452114297656648	0.05057148708698877	-0.051617738609123776	0.06509278046627401	-0.06618535334305287	0.08224626103552239	-0.056344245095589225	0.05643469053812402	-0.07442092000119194	0.10122661266047485	-0.09536859621697527	0.08602626184878259	-0.09139719225972602	0.12044153318153776	-0.11607094319270345	0.09972811520944232	-0.10804654845014774	0.09065021654820037	-0.2159000996563049	0.3145420991684384	-0.5807107430130212	0.1521467834250786	-0.11236529212459737	0.16922221279094735	-0.6163334912846966	0.9999999999999937	-0.13638719260922735	0.08668773006934298	-0.15905479253205393	0.1867695489055996	-0.30667179651514354	0.13335293943554713	-0.07566453481409476	0.14193850373142222	-0.12828703092682472	0.15653989758093995	-0.07740139017101305	0.08443307526313332	-0.10296137386541022	0.09528043272508904	-0.1348781121672178	0.14259122430734242	-0.12275157987615892
0.15147710643639692	-0.07028610324001461	0.09934566961681103	-0.06978097669771866	0.07235312931418977	-0.07834148391375376	0.08400531596848554	-0.1138478205263335	0.0828468219972403	-0.08347925128797662	0.08812067531017051	-0.121554125111896	0.12924540621199176	-0.14993248338862994	0.15655817480379222	-0.10748623935729017	0.09825909474321079	-0.14601393266419577	0.19209650019473307	-0.18857113740323142	0.09758240490728605	-0.11869427714166773	0.15826763561576895	-0.6082206184568658	0.2370654959934443	-0.07248218786470513	0.10672672984800094	-0.13638719260922735	0.9999999999999944	-0.3623868308256408	0.07843384944899402	-0.09771936290872058	0.13322189938623735	-0.5276868205943537	0.2416058845447992	-0.08515852487151039	0.07564572878788488	-0.08757805131944335	0.1785704683603023	-0.19674140803543183	0.06632418451825425	-0.059796167329598415	0.09199208899966001	-0.11449085205030632	0.12038816005199066
-0.1345785415614608	0.058164763012809574	-0.08362864209187848	0.05672799605341868	-0.05997911111841241	0.06507325326259411	-0.07007349117928831	0.0895875110801205	-0.06647415203449106	0.06608084517241596	-0.07400374269327697	0.09455634199897732	-0.10291269918903874	0.10961563195033654	-0.1287018207424489	0.0812795962757441	-0.07588376000178813	0.1035568872782562	-0.14105911981763444	0.13463372949119945	-0.07635040559682751	0.07876425542756071	-0.1051033771285844	0.19955726130230578	-0.20241273944268692	0.05480733770226578	-0.07642058761211815	0.08668773006934298	-0.3623868308256408	0.9999999999999873	-0.06251442366756181	0.07563050660492503	-0.11029682441974463	0.28208837754226335	-0.8012281617357664	0.06804479177795555	-0.062197047753300296	0.0708573531518225	-0.19938407387161708	0.20200681317854186	-0.055615474074059715	0.04945045648018959	-0.07941427528879581	0.09788282933141464	-0.11095772493462097
0.10358278464258125	-0.045180024942588395	0.060436605846084235	-0.04109996374299767	0.04128791474269281	-0.05412172984713124	0.05384292111464075	-0.06674390899742992	0.04405346360784749	-0.04465811870757845	0.060755958760864835	-0.0813366816230161	0.07092910677826446	-0.06286121354838518	0.06495026593459287	-0.10041216769345572	0.08675040394692082	-0.0725982289241941	0.07355863004437532	-0.06245947614125902	0.30151601573825904	-0.16926886129072427	0.15016472144319393	-0.08707903542231385	0.07131372074415177	-0.5671268429493028	0.18377496696493928	-0.15905479253205393	0.07843384944899402	-0.06251442366756181	0.9999999999999918	-0.5984500795936575	0.17536363864984178	-0.09906136995334328	0.054611787326947436	-0.3531454709442834	0.22381288029829377	-0.14535902313710494	0.06306234504481505	-0.07019224700773675	0.1739242121422221	-0.1538965820781849	0.14632537243824886	-0.1489247760857374	0.1262880979637855
-0.1313386663296355	0.05542215977023262	-0.0748921429861952	0.050227194010286996	-0.050936102343229525	0.06619258767277646	-0.06640783148807844	0.08066478934680602	-0.05396654273502525	0.05438138643952637	-0.0750039061051631	0.09703193686334516	-0.08700952210925043	0.07653442508511014	-0.08075616165414039	0.11422058053430809	-0.10418223128539962	0.08733662732475715	-0.09093888468275028	0.07623420789280201	-0.37216895615736784	0.18937392174402662	-0.19448498527085398	0.10580245264292613	-0.08905022224550155	0.27329357378814784	-0.2434749544116053	0.1867695489055996	-0.09771936290872058	0.07563050660492503	-0.5984500795936575	0.999999999999991	-0.2700711441401155	0.11985356914241417	-0.06727084136360813	0.2924876833770331	-0.4213132849726608	0.20226945931392024	-0.07823410250812318	0.08501757489376568	-0.2404660039191388	0.20502258050299588	-0.20930789800917698	0.1832342804303852	-0.16509026999302356
0.14791551496275077	-0.06444327348652354	0.08761048587847146	-0.0602433590412976	0.06055200664292399	-0.07535889338047516	0.0763273347230972	-0.09763915364372996	0.0648336322062654	-0.06607870375485278	0.08337128809710598	-0.11110686494390146	0.10016520055231554	-0.0940126645498322	0.09782188972510038	-0.11590791402411553	0.10121075005003886	-0.10352235408715167	0.1093228100410843	-0.0959078638836599	0.1758723721152312	-0.16671960203728892	0.19768776659145415	-0.13783110948011826	0.11055415662661328	-0.14202234081738938	0.19316759585045426	-0.30667179651514354	0.13322189938623735	-0.11029682441974463	0.17536363864984178	-0.2700711441401155	0.9999999999999892	-0.20379433810233727	0.09948806687238457	-0.25754902666292884	0.24236179518801154	-0.6241803519019915	0.12215314492962709	-0.13312567822619234	0.18604114916174866	-0.19554512177028263	0.2936499967462204	-0.3441684506209899	0.2198401803788519
-0.20892270030418383	0.08779781171561102	-0.12641392868219797	0.08436955737353494	-0.08956770118341989	0.09886889351290189	-0.10602858203116383	0.13210446887730282	-0.09756178825641768	0.09643163757521032	-0.11276604036836198	0.14048444611713756	-0.15256120112423316	0.15371269407705634	-0.18327535707592013	0.12107993015789512	-0.11365814834091943	0.1490805865656049	-0.20246202194978277	0.17242321632650157	-0.11948904095796464	0.11882854799814117	-0.15940470633781403	0.26485600520711594	-0.24360255513265686	0.08540846416809222	-0.1188003185389642	0.13335293943554713	-0.5276868205943537	0.28208837754226335	-0.09906136995334328	0.11985356914241417	-0.20379433810233727	0.9999999999999868	-0.40102104253787685	0.10917727906397322	-0.10171676046728173	0.12097406636313511	-0.3954433936722248	0.2712536044070199	-0.09037260617023499	0.08071737159770612	-0.13215155242238172	0.15773951454271104	-0.17493095027151068
0.11021223815198157	-0.04839977176242744	0.06901166479924424	-0.047346179319908324	0.04949240283555091	-0.05421991947389829	0.05802594746849251	-0.07548235215131606	0.054926494886673616	-0.055076634975105544	0.061172252022235654	-0.07972132354866747	0.08408197504772191	-0.09099391849541813	0.10192774357042259	-0.069466778097578	0.06373653654413038	-0.08686085720974132	0.11232437500704243	-0.11139829794883924	0.06574433239655249	-0.06795405626976886	0.0882849194943659	-0.1709443367170552	0.1469202871115662	-0.04773810714585191	0.0656428953286743	-0.07566453481409476	0.2416058845447992	-0.8012281617357664	0.054611787326947436	-0.06727084136360813	0.09948806687238457	-0.40102104253787685	0.9999999999999859	-0.06108538414051432	0.055661430543248396	-0.06527745255235927	0.21235209793337856	-0.2958092362535209	0.0496622012773952	-0.04454565123005283	0.07186695780632006	-0.09282851279543647	0.09910378448129728
-0.11544263165491574	0.048191753892126925	-0.06551548501149	0.043994406122202484	-0.0446071863897025	0.05715985478172383	-0.057561694764526626	0.07042180216093566	-0.04706628946766775	0.04754411873400549	-0.0642789872398707	0.082367732232961	-0.0742141531871618	0.0662884421966231	-0.07013958613880455	0.0914067880789991	-0.08221634022555183	0.07431718408433687	-0.07809112906389105	0.06600709125400833	-0.24555841647335688	0.1342258718047583	-0.1467249169031208	0.09015138364578502	-0.07693435691282668	0.1854453902964559	-0.15380933256128915	0.14193850373142222	-0.08515852487151039	0.06804479177795555	-0.3531454709442834	0.2924876833770331	-0.25754902666292884	0.10917727906397322	-0.06108538414051432	0.9999999999999897	-0.539395200532014	0.226089733994565	-0.07518966507190457	0.08083475865930526	-0.5396383042543049	0.3030910997785958	-0.2549445808043609	0.2003128607410949	-0.17251361657959247
0.0978816852541423	-0.04156780714257194	0.05642366793293136	-0.03827067071678142	0.03860700562011834	-0.04908662315745847	0.04945395474240831	-0.06159789532716	0.04092247277698007	-0.041520910533360225	0.05478922048541525	-0.07135642741610852	0.06391579258003492	-0.05799221633656459	0.06079805996959947	-0.0778275177835783	0.06884200470764165	-0.06473942006156067	0.06771244694757096	-0.05800365995414956	0.17385525631375423	-0.11214745932706169	0.1214305771337952	-0.07980935544814508	0.06698861290921078	-0.1421352857099445	0.1292773292480101	-0.12828703092682472	0.07564572878788488	-0.062197047753300296	0.22381288029829377	-0.4213132849726608	0.24236179518801154	-0.10171676046728173	0.055661430543248396	-0.539395200532014	0.9999999999999881	-0.35809405898504953	0.07085442362785851	-0.07669615980455181	0.30883581186719195	-0.5035386836736707	0.2586084280628016	-0.21455599641669854	0.15254459225457412
-0.10316518109373908	0.043725239475617114	-0.05974007092333917	0.04052366873028444	-0.0410414609475277	0.051292759443336104	-0.05203010459495201	0.06508416311073982	-0.04361313517202524	0.0441930686575809	-0.05722073169640896	0.074273142451478	-0.06783197647737035	0.06252085299866698	-0.06624615924206291	0.07765312483142095	-0.0692442858110739	0.068731024497124	-0.0736540373046822	0.06336511913187286	-0.13797705104834254	0.11152520145752713	-0.13806634453789	0.08889408629469356	-0.0744786089292258	0.10605590318141989	-0.13570614218756702	0.15653989758093995	-0.08757805131944335	0.0708573531518225	-0.14535902313710494	0.20226945931392024	-0.6241803519019915	0.12097406636313511	-0.06527745255235927	0.226089733994565	-0.35809405898504953	0.9999999999999879	-0.08770987316753881	0.09000597214000823	-0.20542438342181327	0.22022913215840184	-0.5578364078739229	0.25832617622801296	-0.1819082221231807
0.11273519739459213	-0.0478601365856361	0.06789436621275366	-0.04591759237961248	0.04784438382655182	-0.05425792019951871	0.05733947233621115	-0.07270241769928112	0.05184636702729142	-0.05193132050850644	0.06105001849074217	-0.077565283879594	0.07927488236730933	-0.08041453127889392	0.09066862335566561	-0.06879614034802527	0.06265618335843147	-0.07962569215140776	0.0990101653534801	-0.08917620257319456	0.07262680643017361	-0.0684009324208371	0.08707173527760267	-0.13373647820013018	0.11471608725728334	-0.052642242024882394	0.06915211442520756	-0.07740139017101305	0.1785704683603023	-0.19938407387161708	0.06306234504481505	-0.07823410250812318	0.12215314492962709	-0.3954433936722248	0.21235209793337856	-0.07518966507190457	0.07085442362785851	-0.08770987316753881	0.9999999999999865	-0.8351660078658528	0.06462431350801455	-0.058692786393931495	0.10403496788408562	-0.1728344392754636	0.143035791890399
-0.13754918704449137	0.056719552069018665	-0.08111018545802522	0.05396564212819615	-0.056815904222356564	0.06438772940747699	-0.06825539467238179	0.08436758783167529	-0.06090796497801222	0.06054915750894709	-0.07292718843671066	0.08986838779322955	-0.09353598375101983	0.09235668272924685	-0.10785881406121026	0.0783806897159262	-0.07235216316139984	0.09106469722975627	-0.11591633205247748	0.1006675526378691	-0.08193739378932123	0.07575989335547786	-0.09753166709665248	0.1399433122009204	-0.13434510874660394	0.05849412722502129	-0.07719372178834331	0.08443307526313332	-0.19674140803543183	0.20200681317854186	-0.07019224700773675	0.08501757489376568	-0.13312567822619234	0.2712536044070199	-0.2958092362535209	0.08083475865930526	-0.07669615980455181	0.09000597214000823	-0.8351660078658528	0.9999999999999868	-0.0704187769238716	0.06264934818573199	-0.1100873999106376	0.15274817707599614	-0.16958220917049555
0.08728313503036605	-0.03702240799195881	0.050287339969064176	-0.03418437136472313	0.03441667322056946	-0.043626414393822935	0.043963621459089115	-0.055024588425751246	0.03642744440338365	-0.037035967885590736	0.048503248266127355	-0.06310303565220339	0.05636247463447705	-0.051369750627269575	0.053719061476029215	-0.06747088149385992	0.05923361812871729	-0.0570956868341916	0.05959884137987129	-0.05123559473209953	0.13977387820280698	-0.09143600426150987	0.09988219047090464	-0.06977336240469881	0.0588564522508517	-0.11461796570838736	0.10262472414761897	-0.10296137386541022	0.06632418451825425	-0.055615474074059715	0.1739242121422221	-0.2404660039191388	0.18604114916174866	-0.09037260617023499	0.0496622012773952	-0.5396383042543049	0.30883581186719195	-0.20542438342181327	0.06462431350801455	-0.0704187769238716	0.9999999999999867	-0.6928680766441208	0.23494521489278125	-0.2162307066872137	0.14261795243246156
-0.07777123169782973	0.0327908919316716	-0.04462449164444915	0.030217742332868967	-0.030518707296844593	0.03865620810144781	-0.039009816271380934	0.04852524709281647	-0.03228430293877217	0.03274929576678817	-0.04312074508646372	0.05576729182802904	-0.05017022338680382	0.045624018321083364	-0.048005040488318634	0.05964322052564618	-0.052877905351662535	0.05064085829276917	-0.05327362147979372	0.04562828954420804	-0.12823622878990687	0.08272164663715272	-0.09267045220559524	0.062437586845546095	-0.052846231671006286	0.09883662576590807	-0.09497515509895213	0.09528043272508904	-0.059796167329598415	0.04945045648018959	-0.1538965820781849	0.20502258050299588	-0.19554512177028263	0.08071737159770612	-0.04454565123005283	0.3030910997785958	-0.5035386836736707	0.22022913215840184	-0.058692786393931495	0.06264934818573199	-0.6928680766441208	0.9999999999999867	-0.35687702129387044	0.19500069358103245	-0.13403595484646474
0.1151344394124955	-0.04883945980782762	0.0665862527536374	-0.045430516844146465	0.045719711680603	-0.05720386616205053	0.05786514404346381	-0.0731197163020645	0.04844661410272268	-0.04935275151962415	0.06327413317120648	-0.08230731541668962	0.07402927499445698	-0.06864207031249399	0.0718735217190295	-0.08397642146252515	0.07332504436857712	-0.07524860968340964	0.07939824019690103	-0.06899523185886851	0.1377074335838237	-0.10626376824537884	0.12332638377480656	-0.09450673650943424	0.07940298885759137	-0.10758792515526834	0.11943521512392738	-0.1348781121672178	0.09199208899966001	-0.07941427528879581	0.14632537243824886	-0.20930789800917698	0.2936499967462204	-0.13215155242238172	0.07186695780632006	-0.2549445808043609	0.2586084280628016	-0.5578364078739229	0.10403496788408562	-0.1100873999106376	0.23494521489278125	-0.35687702129387044	0.9999999999999862	-0.538704985937958	0.23159254575601929
